SubmitTime,StartTime,EndTime,QueuedTime,RunTime,NodesRequested,walltime,bslowdown
1862,1871,5617,9,3746,2,18000,1.00240256273
2045,2054,5892,9,3838,2,18000,1.00234497134
2060,2066,5588,6,3522,2,18000,1.00170357751
2078,2085,5918,7,3833,2,18000,1.00182624576
2291,2301,5978,10,3677,2,18000,1.00271960838
2324,2334,5841,10,3507,2,18000,1.00285143998
2381,2390,6019,9,3629,2,18000,1.00248002204
2396,2406,6159,10,3753,2,18000,1.00266453504
2419,2425,12386,6,9961,1,432000,1.00060234916
2423,2431,6092,8,3661,2,18000,1.0021851953
2438,2444,6140,6,3696,2,18000,1.00162337662
2449,2455,11585,6,9130,1,432000,1.00065717415
2464,2475,5858,11,3383,2,18000,1.00325155188
2479,2493,6267,14,3774,2,18000,1.00370959194
2481,2487,11800,6,9313,1,432000,1.00064426071
2494,2500,6280,6,3780,2,18000,1.00158730159
2495,2506,6367,11,3861,2,18000,1.00284900285
2496,2511,12362,15,9851,1,432000,1.00152268805
2507,2517,11549,10,9032,1,432000,1.00110717449
2513,2523,6170,10,3647,2,18000,1.00274197971
2524,2530,11955,6,9425,1,432000,1.00063660477
2537,2551,6244,14,3693,2,18000,1.00379095586
2539,2545,2546,6,1,3,432000,1.0
2573,2581,6223,8,3642,2,18000,1.00219659528
2574,2587,6244,13,3657,2,18000,1.00355482636
2589,2597,6403,8,3806,2,18000,1.0021019443
2618,2624,83571,6,80947,4,432000,1.00007412257
2640,2648,6426,8,3778,2,18000,1.0021175225
2673,2681,6462,8,3781,2,18000,1.00211584237
2733,2748,6309,15,3561,2,18000,1.00421229992
2734,2742,6368,8,3626,2,18000,1.00220628792
2752,2763,6155,11,3392,2,18000,1.00324292453
2779,2788,6358,9,3570,2,18000,1.0025210084
2794,2800,6572,6,3772,2,18000,1.00159066808
2812,2821,6568,9,3747,2,18000,1.00240192154
2826,2832,6409,6,3577,2,18000,1.00167738328
2841,2847,6658,6,3811,2,18000,1.00157438992
2861,2870,6571,9,3701,2,18000,1.0024317752
2910,2918,6384,8,3466,2,18000,1.00230813618
2911,2924,6775,13,3851,2,18000,1.00337574656
2926,2933,6803,7,3870,2,18000,1.00180878553
2928,2938,6520,10,3582,2,18000,1.00279173646
3081,3092,6750,11,3658,2,18000,1.00300710771
3096,3102,6604,6,3502,2,18000,1.00171330668
3097,3108,6817,11,3709,2,18000,1.00296575896
3099,3113,6631,14,3518,2,18000,1.00397953383
3195,3204,6802,9,3598,2,18000,1.00250138966
3352,3363,6984,11,3621,2,18000,1.00303783485
5589,5599,9234,10,3635,2,18000,1.00275103164
5620,5628,9188,8,3560,2,18000,1.00224719101
5842,5852,9690,10,3838,2,18000,1.00260552371
5860,5869,9473,9,3604,2,18000,1.00249722531
5893,5903,9464,10,3561,2,18000,1.00280819994
5920,5930,9584,10,3654,2,18000,1.00273672687
5980,5989,9739,9,3750,2,18000,1.0024
6022,6030,9595,8,3565,2,18000,1.00224403927
6094,6104,9952,10,3848,2,18000,1.0025987526
6142,6151,9889,9,3738,2,18000,1.00240770465
6157,6166,9625,9,3459,2,18000,1.00260190807
6171,6178,9912,7,3734,2,18000,1.00187466524
6173,6184,9562,11,3378,2,18000,1.00325636471
6224,6234,9952,10,3718,2,18000,1.00268961807
6248,6255,10125,7,3870,2,18000,1.00180878553
6249,6260,10098,11,3838,2,18000,1.00286607608
6270,6279,9654,9,3375,2,18000,1.00266666667
6284,6291,9997,7,3706,2,18000,1.00188882893
6311,6320,10014,9,3694,2,18000,1.00243638332
6359,6369,10050,10,3681,2,18000,1.00271665308
6375,6380,10093,5,3713,2,18000,1.00134661998
6376,6386,9828,10,3442,2,18000,1.00290528762
6391,6397,10040,6,3643,2,18000,1.00164699424
6406,6415,9870,9,3455,2,18000,1.00260492041
6420,6426,10278,6,3852,2,18000,1.0015576324
6435,6441,9806,6,3365,2,18000,1.00178306092
6465,6474,10006,9,3532,2,18000,1.00254813137
6522,6531,10304,9,3773,2,18000,1.00238536973
6570,6579,10196,9,3617,2,18000,1.00248824993
6585,6591,10181,6,3590,2,18000,1.00167130919
6586,6597,10133,11,3536,2,18000,1.00311085973
6604,6615,10376,11,3761,2,18000,1.00292475405
6634,6643,10487,9,3844,2,18000,1.00234131113
6658,6669,10322,11,3653,2,18000,1.00301122365
6751,6761,10228,10,3467,2,18000,1.00288433804
6778,6786,10339,8,3553,2,18000,1.00225161835
6805,6814,10196,9,3382,2,18000,1.00266114725
6806,6819,10581,13,3762,2,18000,1.00345560872
6821,6828,10352,7,3524,2,18000,1.00198637911
6987,6995,10422,8,3427,2,18000,1.00233440327
9190,9200,12867,10,3667,2,18000,1.00272702482
9235,9245,12757,10,3512,2,18000,1.00284738041
9466,9475,13173,9,3698,2,18000,1.00243374797
9481,9487,12906,6,3419,2,18000,1.00175489909
9565,9574,13175,9,3601,2,18000,1.00249930575
9586,9595,13303,9,3708,2,18000,1.00242718447
9601,9606,13496,5,3890,2,18000,1.00128534704
9627,9636,13478,9,3842,2,18000,1.00234252993
9657,9666,13410,9,3744,2,18000,1.00240384615
9693,9702,13131,9,3429,2,18000,1.00262467192
9741,9750,13402,9,3652,2,18000,1.00246440307
9807,9817,13285,10,3468,2,18000,1.00288350634
9828,9839,13580,11,3741,2,18000,1.00294039027
9870,9881,13602,11,3721,2,18000,1.00295619457
9891,9900,13725,9,3825,2,18000,1.00235294118
9915,9924,13773,9,3849,2,18000,1.00233826968
9954,9963,13505,9,3542,2,18000,1.00254093732
9955,9968,13721,13,3753,2,18000,1.00346389555
9997,10008,13643,11,3635,2,18000,1.0030261348
10012,10018,13435,6,3417,2,18000,1.00175592625
10027,10033,13888,6,3855,2,18000,1.00155642023
10041,10051,13851,10,3800,2,18000,1.00263157895
10056,10062,13599,6,3537,2,18000,1.00169635284
10095,10104,13629,9,3525,2,18000,1.00255319149
10110,10116,13659,6,3543,2,18000,1.0016934801
10128,10136,13821,8,3685,2,18000,1.00217096336
10142,10148,13882,6,3734,2,18000,1.00160685592
10184,10193,14101,9,3908,2,18000,1.00230296827
10199,10236,14008,37,3772,2,18000,1.00980911983
10200,10241,13851,41,3610,2,18000,1.01135734072
10230,10247,13919,17,3672,2,18000,1.00462962963
10279,10289,13876,10,3587,2,18000,1.002787845
10305,10315,14072,10,3757,2,18000,1.00266169816
10324,10333,14240,9,3907,2,18000,1.00230355772
10341,10351,14025,10,3674,2,18000,1.00272182907
10356,10364,14050,8,3686,2,18000,1.00217037439
10377,10387,13954,10,3567,2,18000,1.00280347631
10425,10433,13899,8,3466,2,18000,1.00230813618
10488,10498,14123,10,3625,2,18000,1.00275862069
10582,10593,13976,11,3383,2,18000,1.00325155188
12758,12768,16627,10,3859,2,18000,1.00259134491
12870,12878,16573,8,3695,2,18000,1.00216508796
12908,12917,16408,9,3491,2,18000,1.00257805786
13131,13142,16786,11,3644,2,18000,1.00301866081
13177,13184,16633,7,3449,2,18000,1.00202957379
13178,13190,16966,12,3776,2,18000,1.0031779661
13286,13296,16847,10,3551,2,18000,1.00281610814
13304,13314,16772,10,3458,2,18000,1.002891845
13404,13414,17090,10,3676,2,18000,1.0027203482
13425,13432,17189,7,3757,2,18000,1.00186318871
13440,13446,17013,6,3567,2,18000,1.00168208579
13479,13489,17022,10,3533,2,18000,1.0028304557
13497,13507,17008,10,3501,2,18000,1.00285632676
13512,13517,17227,5,3710,2,18000,1.00134770889
13580,13591,17149,11,3558,2,18000,1.00309162451
13601,13610,17080,9,3470,2,18000,1.00259365994
13616,13623,17434,7,3811,2,18000,1.00183678824
13631,13640,17347,9,3707,2,18000,1.00242783922
13646,13654,17385,8,3731,2,18000,1.00214419727
13660,13670,17388,10,3718,2,18000,1.00268961807
13724,13733,17214,9,3481,2,18000,1.00258546395
13738,13744,17480,6,3736,2,18000,1.00160599572
13774,13784,17366,10,3582,2,18000,1.00279173646
13822,13832,17437,10,3605,2,18000,1.0027739251
13852,13862,17640,10,3778,2,18000,1.00264690312
13853,13867,17576,14,3709,2,18000,1.00377460232
13878,13888,17263,10,3375,2,18000,1.00296296296
13893,13899,17830,6,3931,2,18000,1.00152632918
13894,13905,17630,11,3725,2,18000,1.00295302013
13909,13915,17544,6,3629,2,18000,1.00165334803
13924,13929,17745,5,3816,2,18000,1.00131027254
13957,13966,17713,9,3747,2,18000,1.00240192154
13977,13987,17834,10,3847,2,18000,1.00259942813
14010,14019,17775,9,3756,2,18000,1.00239616613
14025,14036,17798,11,3762,2,18000,1.00292397661
14052,14062,17902,10,3840,2,18000,1.00260416667
14073,14084,17777,11,3693,2,18000,1.00297860818
14103,14112,18043,9,3931,2,18000,1.00228949377
14124,14134,17875,10,3741,2,18000,1.00267308206
14242,14252,17861,10,3609,2,18000,1.00277085065
16409,16419,20035,10,3616,2,18000,1.00276548673
16574,16584,20157,10,3573,2,18000,1.00279876854
16628,16638,20259,10,3621,2,18000,1.00276166805
16643,16649,20454,6,3805,2,18000,1.00157687254
16772,16783,20545,11,3762,2,18000,1.00292397661
16787,16797,20595,10,3798,2,18000,1.00263296472
16850,16858,20583,8,3725,2,18000,1.00214765101
16967,16977,20376,10,3399,2,18000,1.00294204178
17009,17019,20735,10,3716,2,18000,1.00269106566
17024,17030,20696,6,3666,2,18000,1.00163666121
17025,17036,20621,11,3585,2,18000,1.00306834031
17082,17091,20858,9,3767,2,18000,1.0023891691
17097,17103,20748,6,3645,2,18000,1.00164609053
17151,17160,20895,9,3735,2,18000,1.00240963855
17190,17200,20792,10,3592,2,18000,1.00278396437
17217,17226,20866,9,3640,2,18000,1.00247252747
17232,17238,21002,6,3764,2,18000,1.00159404888
17265,17274,20654,9,3380,2,18000,1.00266272189
17349,17358,20774,9,3416,2,18000,1.00263466042
17367,17377,21312,10,3935,2,18000,1.00254129606
17388,17402,21317,14,3915,2,18000,1.00357598978
17389,17396,20873,7,3477,2,18000,1.0020132298
17435,17445,21328,10,3883,2,18000,1.00257532835
17450,17456,21173,6,3717,2,18000,1.001614205
17483,17491,21205,8,3714,2,18000,1.00215401185
17546,17555,21231,9,3676,2,18000,1.00244831338
17579,17587,20915,8,3328,2,18000,1.00240384615
17633,17641,21090,8,3449,2,18000,1.0023195129
17648,17654,21509,6,3855,2,18000,1.00155642023
17714,17724,21290,10,3566,2,18000,1.00280426248
17747,17756,21627,9,3871,2,18000,1.00232498063
17777,17786,21666,9,3880,2,18000,1.00231958763
17778,17792,21481,14,3689,2,18000,1.00379506641
17799,17809,21649,10,3840,2,18000,1.00260416667
17833,17842,21412,9,3570,2,18000,1.0025210084
17847,17853,21505,6,3652,2,18000,1.00164293538
17862,17872,21413,10,3541,2,18000,1.002824061
17877,17886,21627,9,3741,2,18000,1.00240577386
17904,17913,21683,9,3770,2,18000,1.0023872679
18045,18054,21582,9,3528,2,18000,1.00255102041
20039,20046,23664,7,3618,2,18000,1.00193477059
20159,20168,23900,9,3732,2,18000,1.00241157556
20261,20270,23854,9,3584,2,18000,1.00251116071
20378,20387,23899,9,3512,2,18000,1.00256264237
20456,20466,24115,10,3649,2,18000,1.00274047684
20546,20556,24417,10,3861,2,18000,1.00259000259
20586,20595,24160,9,3565,2,18000,1.00252454418
20600,20606,24325,6,3719,2,18000,1.00161333692
20618,20632,24402,14,3770,2,18000,1.00371352785
20657,20665,24370,8,3705,2,18000,1.00215924426
20699,20707,24456,8,3749,2,18000,1.00213390237
20735,20746,24343,11,3597,2,18000,1.00305810398
20750,20759,24588,9,3829,2,18000,1.00235048315
20777,20785,24556,8,3771,2,18000,1.0021214532
20795,20803,24436,8,3633,2,18000,1.00220203688
20861,20869,24552,8,3683,2,18000,1.00217214228
20876,20882,24495,6,3613,2,18000,1.0016606698
20877,20888,24320,11,3432,2,18000,1.00320512821
20898,20906,24602,8,3696,2,18000,1.00216450216
20916,20926,24688,10,3762,2,18000,1.00265816055
21003,21013,24662,10,3649,2,18000,1.00274047684
21093,21101,24542,8,3441,2,18000,1.00232490555
21174,21185,24757,11,3572,2,18000,1.00307950728
21207,21216,24777,9,3561,2,18000,1.00252737995
21231,21242,24719,11,3477,2,18000,1.00316364682
21292,21302,25145,10,3843,2,18000,1.00260213375
21312,21323,25184,11,3861,2,18000,1.00284900285
21327,21333,24472,6,3139,2,18000,1.00191143676
21342,21348,25159,6,3811,2,18000,1.00157438992
21414,21423,25353,9,3930,2,18000,1.00229007634
21415,21429,25042,14,3613,2,18000,1.00387489621
21482,21493,25264,11,3771,2,18000,1.00291699814
21506,21516,24914,10,3398,2,18000,1.00294290759
21520,21527,25068,7,3541,2,18000,1.0019768427
21583,21593,25442,10,3849,2,18000,1.00259807742
21629,21639,25336,10,3697,2,18000,1.00270489586
21630,21644,25311,14,3667,2,18000,1.00381783474
21651,21660,25607,9,3947,2,18000,1.00228021282
21669,21678,25470,9,3792,2,18000,1.00237341772
21684,21694,25456,10,3762,2,18000,1.00265816055
23665,23675,27339,10,3664,2,18000,1.00272925764
23857,23866,27480,9,3614,2,18000,1.00249031544
23903,23910,27774,7,3864,2,18000,1.0018115942
23904,23916,27363,12,3447,2,18000,1.00348128808
24118,24127,27579,9,3452,2,18000,1.00260718424
24163,24171,27983,8,3812,2,18000,1.00209863589
24322,24331,27821,9,3490,2,18000,1.00257879656
24337,24343,28059,6,3716,2,18000,1.0016146394
24352,24358,27924,6,3566,2,18000,1.00168255749
24373,24381,28053,8,3672,2,18000,1.00217864924
24403,24413,27859,10,3446,2,18000,1.00290191526
24417,24428,28023,11,3595,2,18000,1.00305980529
24438,24448,28084,10,3636,2,18000,1.00275027503
24459,24467,28276,8,3809,2,18000,1.00210028879
24474,24483,28294,9,3811,2,18000,1.00236158489
24495,24506,28263,11,3757,2,18000,1.00292786798
24543,24553,28369,10,3816,2,18000,1.00262054507
24558,24564,28278,6,3714,2,18000,1.00161550889
24559,24570,28174,11,3604,2,18000,1.00305216426
24589,24599,28137,10,3538,2,18000,1.00282645562
24604,24613,27961,9,3348,2,18000,1.00268817204
24664,24673,28172,9,3499,2,18000,1.00257216348
24688,24699,28504,11,3805,2,18000,1.00289093298
24721,24730,28190,9,3460,2,18000,1.00260115607
24760,24769,28615,9,3846,2,18000,1.0023400936
24778,24788,28513,10,3725,2,18000,1.00268456376
24917,24925,28488,8,3563,2,18000,1.00224529891
25043,25053,28806,10,3753,2,18000,1.00266453504
25070,25079,28413,9,3334,2,18000,1.00269946011
25148,25157,29004,9,3847,2,18000,1.00233948531
25163,25170,28848,7,3678,2,18000,1.00190320827
25184,25195,28975,11,3780,2,18000,1.00291005291
25265,25275,29101,10,3826,2,18000,1.00261369577
25313,25322,28612,9,3290,2,18000,1.00273556231
25337,25347,29097,10,3750,2,18000,1.00266666667
25355,25364,28805,9,3441,2,18000,1.00261551874
25446,25454,28990,8,3536,2,18000,1.00226244344
25460,25467,29242,7,3775,2,18000,1.00185430464
25475,25481,29184,6,3703,2,18000,1.00162030786
25609,25618,29304,9,3686,2,18000,1.00244167119
27341,27350,31042,9,3692,2,18000,1.00243770314
27365,27374,30985,9,3611,2,18000,1.00249238438
27482,27491,31118,9,3627,2,18000,1.00248138958
27581,27590,31153,9,3563,2,18000,1.00252596127
27777,27785,31694,8,3909,2,18000,1.00204655922
27822,27832,31512,10,3680,2,18000,1.0027173913
27861,27871,31733,10,3862,2,18000,1.00258933195
27927,27935,31181,8,3246,2,18000,1.00246457178
27963,27972,31733,9,3761,2,18000,1.00239298059
27984,27994,31623,10,3629,2,18000,1.00275558005
28025,28034,31772,9,3738,2,18000,1.00240770465
28055,28064,31945,9,3881,2,18000,1.00231898995
28070,28076,31686,6,3610,2,18000,1.00166204986
28085,28095,31712,10,3617,2,18000,1.00276472215
28139,28149,31874,10,3725,2,18000,1.00268456376
28175,28184,32000,9,3816,2,18000,1.00235849057
28176,28190,31752,14,3562,2,18000,1.00393037619
28191,28201,31898,10,3697,2,18000,1.00270489586
28266,28274,31962,8,3688,2,18000,1.0021691974
28281,28287,32121,6,3834,2,18000,1.00156494523
28282,28293,32091,11,3798,2,18000,1.00289626119
28297,28305,32060,8,3755,2,18000,1.00213049268
28372,28381,32120,9,3739,2,18000,1.00240706071
28414,28424,32383,10,3959,2,18000,1.00252589038
28489,28499,32324,10,3825,2,18000,1.00261437908
28507,28515,31904,8,3389,2,18000,1.00236057834
28521,28527,32294,6,3767,2,18000,1.0015927794
28612,28623,32228,11,3605,2,18000,1.00305131761
28626,28633,32381,7,3748,2,18000,1.00186766275
28807,28816,32709,9,3893,2,18000,1.00231184177
28809,28822,32665,13,3843,2,18000,1.00338277387
28851,28860,32678,9,3818,2,18000,1.00235725511
28978,28986,32481,8,3495,2,18000,1.00228898426
28993,29001,32701,8,3700,2,18000,1.00216216216
29008,29015,32679,7,3664,2,18000,1.00191048035
29098,29109,32743,11,3634,2,18000,1.00302696753
29113,29119,32880,6,3761,2,18000,1.00159532039
29185,29196,32950,11,3754,2,18000,1.00293020778
29246,29253,32707,7,3454,2,18000,1.00202663578
29306,29315,32994,9,3679,2,18000,1.00244631693
30987,30996,34868,9,3872,2,18000,1.00232438017
31044,31054,34895,10,3841,2,18000,1.00260348867
31119,31130,35003,11,3873,2,18000,1.00284017557
31155,31164,34788,9,3624,2,18000,1.00248344371
31182,31193,34955,11,3762,2,18000,1.00292397661
31513,31523,34831,10,3308,2,18000,1.00302297461
31625,31634,35292,9,3658,2,18000,1.00246036085
31688,31697,35235,9,3538,2,18000,1.00254381006
31703,31709,35420,6,3711,2,18000,1.00161681487
31718,31724,35549,6,3825,2,18000,1.00156862745
31736,31744,35255,8,3511,2,18000,1.00227855312
31737,31749,35314,12,3565,2,18000,1.00336605891
31752,31763,35440,11,3677,2,18000,1.00299156921
31773,31783,35371,10,3588,2,18000,1.002787068
31876,31885,35569,9,3684,2,18000,1.00244299674
31900,31909,35602,9,3693,2,18000,1.00243704305
31914,31920,35665,6,3745,2,18000,1.00160213618
31947,31957,35670,10,3713,2,18000,1.00269323997
31965,31974,35754,9,3780,2,18000,1.00238095238
32001,32012,35563,11,3551,2,18000,1.00309771895
32062,32072,35812,10,3740,2,18000,1.00267379679
32092,32102,35622,10,3520,2,18000,1.00284090909
32122,32137,35777,15,3640,2,18000,1.00412087912
32123,32131,35694,8,3563,2,18000,1.00224529891
32229,32239,35756,10,3517,2,18000,1.00284333239
32295,32306,36095,11,3789,2,18000,1.00290314067
32325,32335,36029,10,3694,2,18000,1.00270709258
32383,32392,35765,9,3373,2,18000,1.00266824785
32397,32404,35884,7,3480,2,18000,1.00201149425
32482,32492,36059,10,3567,2,18000,1.00280347631
32666,32677,36085,11,3408,2,18000,1.00322769953
32681,32689,36372,8,3683,2,18000,1.00217214228
32682,32695,36225,13,3530,2,18000,1.00368271955
32703,32713,36362,10,3649,2,18000,1.00274047684
32718,32724,36379,6,3655,2,18000,1.00164158687
32719,32730,36328,11,3598,2,18000,1.00305725403
32746,32754,36473,8,3719,2,18000,1.00215111589
32882,32891,36667,9,3776,2,18000,1.00238347458
32952,32962,36783,10,3821,2,18000,1.00261711594
32997,33005,36768,8,3763,2,18000,1.00212596333
33383,33389,33423,6,34,166,600,1.17647058824
33551,33556,33616,5,60,128,600,1.08333333333
33654,33660,33690,6,30,166,600,1.2
33819,33825,33850,6,25,166,600,1.24
34086,34093,34118,7,25,166,600,1.28
34791,34800,38477,9,3677,2,18000,1.00244764754
34833,34842,38566,9,3724,2,18000,1.00241675618
34869,34879,38443,10,3564,2,18000,1.00280583614
34895,34906,38461,11,3555,2,18000,1.00309423347
34955,34966,38906,11,3940,2,18000,1.00279187817
35006,35014,38434,8,3420,2,18000,1.00233918129
35238,35246,39251,8,4005,2,18000,1.00199750312
35255,35266,38719,11,3453,2,18000,1.00318563568
35294,35304,38757,10,3453,2,18000,1.00289603244
35315,35325,38895,10,3570,2,18000,1.00280112045
35372,35383,39188,11,3805,2,18000,1.00289093298
35423,35431,39067,8,3636,2,18000,1.00220022002
35440,35451,39102,11,3651,2,18000,1.00301287319
35551,35561,39367,10,3806,2,18000,1.00262743037
35566,35574,39135,8,3561,2,18000,1.00224655996
35580,35586,39290,6,3704,2,18000,1.00161987041
35604,35613,39311,9,3698,2,18000,1.00243374797
35625,35633,39026,8,3393,2,18000,1.00235779546
35666,35676,39254,10,3578,2,18000,1.00279485746
35681,35687,39264,6,3577,2,18000,1.00167738328
35696,35705,39465,9,3760,2,18000,1.00239361702
35756,35765,39510,9,3745,2,18000,1.00240320427
35771,35776,39311,5,3535,2,18000,1.00141442716
35772,35782,39343,10,3561,2,18000,1.00280819994
35786,35792,39468,6,3676,2,18000,1.00163220892
35813,35823,39264,10,3441,2,18000,1.00290613194
35885,35896,39505,11,3609,2,18000,1.00304793572
36032,36040,39842,8,3802,2,18000,1.00210415571
36062,36070,39673,8,3603,2,18000,1.00222037191
36086,36096,39698,10,3602,2,18000,1.00277623542
36101,36107,39771,6,3664,2,18000,1.00163755459
36227,36236,39693,9,3457,2,18000,1.00260341336
36329,36339,40024,10,3685,2,18000,1.00271370421
36362,36373,39813,11,3440,2,18000,1.00319767442
36367,36378,36380,11,2,1,18000,1.3
36377,36384,40174,7,3790,2,18000,1.0018469657
36392,36398,40222,6,3824,2,18000,1.00156903766
36476,36484,40262,8,3778,2,18000,1.0021175225
36668,36678,40297,10,3619,2,18000,1.00276319425
36771,36779,40381,8,3602,2,18000,1.00222098834
36785,36794,40632,9,3838,2,18000,1.00234497134
37048,37054,50223,6,13169,1,18000,1.00045561546
37355,37361,50217,6,12856,1,18000,1.00046670815
38436,38445,42261,9,3816,2,18000,1.00235849057
38451,38457,42323,6,3866,2,18000,1.00155199172
38465,38471,42040,6,3569,2,18000,1.00168114318
38480,38488,42256,8,3768,2,18000,1.00212314225
38567,38577,42023,10,3446,2,18000,1.00290191526
38720,38730,42259,10,3529,2,18000,1.00283366393
38759,38768,42330,9,3562,2,18000,1.00252667041
38897,38906,42343,9,3437,2,18000,1.0026185627
38912,38918,42418,6,3500,2,18000,1.00171428571
39026,39037,42686,11,3649,2,18000,1.00301452453
39068,39078,42928,10,3850,2,18000,1.0025974026
39104,39113,42505,9,3392,2,18000,1.00265330189
39137,39146,42553,9,3407,2,18000,1.00264162019
39191,39199,43092,8,3893,2,18000,1.00205497046
39254,39262,42755,8,3493,2,18000,1.00229029488
39269,39275,42784,6,3509,2,18000,1.00170988886
39271,39281,42854,10,3573,2,18000,1.00279876854
39272,39286,42841,14,3555,2,18000,1.00393811533
39292,39301,42882,9,3581,2,18000,1.00251326445
39313,39322,42882,9,3560,2,18000,1.00252808989
39315,39327,43102,12,3775,2,18000,1.00317880795
39341,39354,42953,13,3599,2,18000,1.00361211448
39368,39378,43063,10,3685,2,18000,1.00271370421
39436,39442,39547,6,105,164,600,1.05714285714
39468,39477,43287,9,3810,2,18000,1.00236220472
39482,39489,43267,7,3778,2,18000,1.00185283219
39506,39516,43411,10,3895,2,18000,1.00256739409
39521,39527,43418,6,3891,2,18000,1.00154202005
39674,39684,43388,10,3704,2,18000,1.00269978402
39695,39704,43251,9,3547,2,18000,1.00253735551
39710,39716,43390,6,3674,2,18000,1.00163309744
39772,39782,43618,10,3836,2,18000,1.00260688217
39803,39809,39969,6,160,164,600,1.0375
39817,39824,43412,7,3588,2,18000,1.0019509476
39843,39853,43444,10,3591,2,18000,1.00278473963
40027,40036,43412,9,3376,2,18000,1.00266587678
40128,40134,40180,6,46,164,600,1.13043478261
40177,40186,43849,9,3663,2,18000,1.00245700246
40225,40233,43855,8,3622,2,18000,1.00220872446
40264,40273,43766,9,3493,2,18000,1.00257658173
40269,40279,40329,10,50,164,600,1.2
40300,40308,43737,8,3429,2,18000,1.0023330417
40365,40371,40403,6,32,164,600,1.1875
40384,40393,44257,9,3864,2,18000,1.00232919255
40454,40460,40505,6,45,164,600,1.13333333333
40634,40643,44183,9,3540,2,18000,1.00254237288
41225,41231,41274,6,43,164,600,1.13953488372
41354,41360,41382,6,22,164,600,1.27272727273
41542,41549,41595,7,46,164,600,1.15217391304
41715,41721,41770,6,49,164,600,1.12244897959
41814,41820,41862,6,42,164,600,1.14285714286
41882,41888,54732,6,12844,6,172800,1.00046714419
42025,42035,45795,10,3760,2,18000,1.00265957447
42043,42051,45748,8,3697,2,18000,1.00216391669
42256,42267,46055,11,3788,2,18000,1.00290390707
42271,42278,45843,7,3565,2,18000,1.00196353436
42273,42283,45958,10,3675,2,18000,1.00272108844
42323,42334,46260,11,3926,2,18000,1.00280183393
42338,42344,46094,6,3750,2,18000,1.0016
42353,42359,46085,6,3726,2,18000,1.00161030596
42419,42429,46201,10,3772,2,18000,1.00265111347
42506,42516,46106,10,3590,2,18000,1.00278551532
42554,42564,46222,10,3658,2,18000,1.00273373428
42689,42698,46482,9,3784,2,18000,1.00237843552
42758,42767,46598,9,3831,2,18000,1.00234925607
42784,42795,46445,11,3650,2,18000,1.00301369863
42844,42852,46541,8,3689,2,18000,1.00216860938
42859,42865,46712,6,3847,2,18000,1.00155965688
42883,42893,46639,10,3746,2,18000,1.00266951415
42884,42898,46571,14,3673,2,18000,1.00381159815
42929,42939,46640,10,3701,2,18000,1.00270197244
42956,42964,46756,8,3792,2,18000,1.00210970464
43067,43075,46948,8,3873,2,18000,1.00206558224
43093,43103,46365,10,3262,2,18000,1.00306560392
43108,43114,46881,6,3767,2,18000,1.0015927794
43253,43262,47088,9,3826,2,18000,1.00235232619
43267,43278,46610,11,3332,2,18000,1.00330132053
43288,43299,46853,11,3554,2,18000,1.00309510411
43390,43400,46991,10,3591,2,18000,1.00278473963
43392,43405,47116,13,3711,2,18000,1.0035030989
43412,43423,47120,11,3697,2,18000,1.00297538545
43414,43428,47030,14,3602,2,18000,1.00388672959
43415,43433,47058,18,3625,2,18000,1.00496551724
43430,43439,47146,9,3707,2,18000,1.00242783922
43444,43456,46928,12,3472,2,18000,1.0034562212
43619,43629,47400,10,3771,2,18000,1.00265181649
43739,43748,47398,9,3650,2,18000,1.00246575342
43769,43777,47503,8,3726,2,18000,1.00214707461
43850,43860,47665,10,3805,2,18000,1.00262812089
43865,43871,47700,6,3829,2,18000,1.00156698877
44184,44194,47814,10,3620,2,18000,1.00276243094
44259,44268,48063,9,3795,2,18000,1.0023715415
45624,45631,45720,7,89,158,600,1.07865168539
45750,45758,49438,8,3680,2,18000,1.00217391304
45798,45806,49608,8,3802,2,18000,1.00210415571
45840,45854,49790,14,3936,2,18000,1.00355691057
45960,45970,49716,10,3746,2,18000,1.00266951415
46056,46066,49740,10,3674,2,18000,1.00272182907
46086,46096,49868,10,3772,2,18000,1.00265111347
46101,46107,49729,6,3622,2,18000,1.00165654335
46116,46122,49905,6,3783,2,18000,1.00158604282
46203,46212,49890,9,3678,2,18000,1.00244698206
46223,46233,49859,10,3626,2,18000,1.0027578599
46262,46272,49881,10,3609,2,18000,1.00277085065
46367,46376,50202,9,3826,2,18000,1.00235232619
46449,46456,49854,7,3398,2,18000,1.00206003531
46484,46493,50104,9,3611,2,18000,1.00249238438
46544,46552,50037,8,3485,2,18000,1.00229555237
46571,46582,50263,11,3681,2,18000,1.00298831839
46601,46609,50374,8,3765,2,18000,1.002124834
46616,46621,50436,5,3815,2,18000,1.00131061599
46643,46651,50271,8,3620,2,18000,1.00220994475
46644,46656,50426,12,3770,2,18000,1.00318302387
46713,46724,50426,11,3702,2,18000,1.00297136683
46758,46768,50590,10,3822,2,18000,1.00261643119
46854,46864,50134,10,3270,2,18000,1.00305810398
46883,46892,50581,9,3689,2,18000,1.00243968555
46928,46939,50784,11,3845,2,18000,1.00286085826
46949,46959,50754,10,3795,2,18000,1.00263504611
46994,47002,50813,8,3811,2,18000,1.00209918657
47009,47015,210889,6,163874,12,345600,1.0000366135
47033,47041,50667,8,3626,2,18000,1.00220628792
47059,47069,51020,10,3951,2,18000,1.00253100481
47089,47099,50808,10,3709,2,18000,1.00269614451
47119,47127,50545,8,3418,2,18000,1.00234055003
47134,47140,50700,6,3560,2,18000,1.00168539326
47149,47157,50806,8,3649,2,18000,1.00219238147
47399,47409,50832,10,3423,2,18000,1.00292141396
47413,47419,50959,6,3540,2,18000,1.00169491525
47503,47514,51445,11,3931,2,18000,1.00279827016
47666,47676,51489,10,3813,2,18000,1.00262260687
47702,47711,51552,9,3841,2,18000,1.00234313981
47771,47777,47819,6,42,146,300,1.14285714286
47816,47826,51373,10,3547,2,18000,1.0028192839
48063,48074,51638,11,3564,2,18000,1.00308641975
48526,48532,48562,6,30,146,300,1.2
48749,48755,48785,6,30,146,300,1.2
48847,48853,48877,6,24,146,300,1.25
49077,49083,49111,6,28,146,300,1.21428571429
49441,49449,52913,8,3464,2,18000,1.00230946882
49509,49515,49543,6,28,146,300,1.21428571429
49576,49582,49601,6,19,146,300,1.31578947368
49609,49619,53413,10,3794,2,18000,1.00263574064
49717,49727,53270,10,3543,2,18000,1.00282246684
49732,49740,53544,8,3804,2,18000,1.00210304942
49747,49753,53423,6,3670,2,18000,1.00163487738
49791,49801,53387,10,3586,2,18000,1.00278862242
49854,49865,53753,11,3888,2,18000,1.00282921811
49869,49876,53577,7,3701,2,18000,1.00189138071
49871,49882,53839,11,3957,2,18000,1.00277988375
49885,49892,53643,7,3751,2,18000,1.00186616902
49900,49906,53492,6,3586,2,18000,1.00167317345
49915,49921,53582,6,3661,2,18000,1.00163889648
50038,50049,53416,11,3367,2,18000,1.00326700327
50107,50116,53647,9,3531,2,18000,1.00254885302
50137,50145,53834,8,3689,2,18000,1.00216860938
50203,50213,53668,10,3455,2,18000,1.00289435601
50224,50230,50252,6,22,146,300,1.27272727273
50266,50275,54020,9,3745,2,18000,1.00240320427
50280,50287,53797,7,3510,2,18000,1.00199430199
50368,50375,50399,7,24,146,300,1.29166666667
50377,50385,54001,8,3616,2,18000,1.00221238938
50428,50437,54152,9,3715,2,18000,1.00242261104
50429,50442,54264,13,3822,2,18000,1.00340136054
50444,50450,54214,6,3764,2,18000,1.00159404888
50478,50484,50525,6,41,146,300,1.14634146341
50546,50556,54274,10,3718,2,18000,1.00268961807
50582,50592,54210,10,3618,2,18000,1.00276395799
50597,50603,54203,6,3600,2,18000,1.00166666667
50669,50678,54406,9,3728,2,18000,1.00241416309
50701,50711,54473,10,3762,2,18000,1.00265816055
50755,50765,54401,10,3636,2,18000,1.00275027503
50785,50796,54576,11,3780,2,18000,1.00291005291
50809,50817,54418,8,3601,2,18000,1.00222160511
50810,50823,54596,13,3773,2,18000,1.00344553406
50825,50831,54588,6,3757,2,18000,1.0015970189
50840,50846,54321,6,3475,2,18000,1.00172661871
50961,50970,54562,9,3592,2,18000,1.00250556793
51021,51031,54758,10,3727,2,18000,1.00268312316
51373,51384,55054,11,3670,2,18000,1.0029972752
51448,51457,55279,9,3822,2,18000,1.00235478807
51490,51500,55189,10,3689,2,18000,1.00271076172
51553,51564,54949,11,3385,2,18000,1.00324963072
51640,51650,55404,10,3754,2,18000,1.00266382525
52216,52222,120677,6,68455,4,360000,1.00008764882
52345,52351,120717,6,68366,8,360000,1.00008776292
52916,52924,56755,8,3831,2,18000,1.00208822762
53062,53084,53259,22,175,2,3600,1.12571428571
53062,53078,53246,16,168,2,3600,1.09523809524
53062,53067,53241,5,174,2,3600,1.02873563218
53062,53072,53237,10,165,2,3600,1.06060606061
53062,53089,53266,27,177,2,3600,1.15254237288
53063,53120,53295,57,175,2,3600,1.32571428571
53063,53115,53284,52,169,2,3600,1.30769230769
53063,53109,53279,46,170,2,3600,1.27058823529
53063,53099,53276,36,177,2,3600,1.20338983051
53063,53104,53275,41,171,2,3600,1.23976608187
53063,53125,53299,62,174,2,3600,1.35632183908
53063,53094,53273,31,179,2,3600,1.17318435754
53064,53156,53344,92,188,2,3600,1.48936170213
53064,53146,53316,82,170,2,3600,1.48235294118
53064,53140,53317,76,177,2,3600,1.42937853107
53064,53151,53323,87,172,2,3600,1.50581395349
53064,53135,53303,71,168,2,3600,1.42261904762
53064,53130,53298,66,168,2,3600,1.39285714286
53065,53171,53338,106,167,2,3600,1.63473053892
53065,53161,53334,96,173,2,3600,1.5549132948
53065,53187,53365,122,178,2,3600,1.68539325843
53065,53166,53334,101,168,2,3600,1.60119047619
53065,53192,53373,127,181,2,3600,1.70165745856
53065,53181,53383,116,202,2,3600,1.57425742574
53065,53176,53343,111,167,2,3600,1.66467065868
53066,66510,66688,13444,178,2,3600,76.5280898876
53066,66687,66882,13621,195,2,3600,70.8512820513
53066,53197,53375,131,178,2,3600,1.73595505618
53066,53207,53385,141,178,2,3600,1.79213483146
53066,53202,53380,136,178,2,3600,1.76404494382
53092,65913,66010,12821,97,4,3600,133.175257732
53092,65801,65902,12709,101,4,3600,126.831683168
53093,66312,66406,13219,94,4,3600,141.627659574
53093,66022,66121,12929,99,4,3600,131.595959596
53093,66132,66229,13039,97,4,3600,135.422680412
53093,66247,66345,13154,98,4,3600,135.224489796
53093,66301,66396,13208,95,4,3600,140.031578947
53093,66306,66404,13213,98,4,3600,135.826530612
53094,66330,66432,13236,102,4,3600,130.764705882
53094,66352,66449,13258,97,4,3600,137.680412371
53094,66346,66448,13252,102,4,3600,130.921568627
53094,66341,66435,13247,94,4,3600,141.925531915
53094,66357,66454,13263,97,4,3600,137.731958763
53094,66335,66431,13241,96,4,3600,138.927083333
53094,66317,66420,13223,103,4,3600,129.378640777
53095,66363,66458,13268,95,4,3600,140.663157895
53095,66396,66494,13301,98,4,3600,136.724489796
53095,66386,66483,13291,97,4,3600,138.020618557
53095,66373,66479,13278,106,4,3600,126.264150943
53095,66368,66464,13273,96,4,3600,139.260416667
53095,66391,66497,13296,106,4,3600,126.433962264
53096,66415,66512,13319,97,4,3600,138.309278351
53096,66421,66520,13325,99,4,3600,135.595959596
53096,66442,66538,13346,96,4,3600,140.020833333
53096,66431,66526,13335,95,4,3600,141.368421053
53096,66408,66505,13312,97,4,3600,138.237113402
53096,66491,66597,13395,106,4,3600,127.367924528
53096,66401,66503,13305,102,4,3600,131.441176471
53097,66453,66557,13356,104,4,3600,129.423076923
53097,66448,66545,13351,97,4,3600,138.639175258
53115,53218,53270,103,52,8,3600,2.98076923077
53115,53223,53276,108,53,8,3600,3.03773584906
53115,53228,53278,113,50,8,3600,3.26
53115,53213,53266,98,53,8,3600,2.84905660377
53116,53244,53295,128,51,8,3600,3.50980392157
53116,53239,53292,123,53,8,3600,3.32075471698
53116,53249,53301,133,52,8,3600,3.55769230769
53116,53233,53284,117,51,8,3600,3.29411764706
53116,53254,53310,138,56,8,3600,3.46428571429
53116,53259,53310,143,51,8,3600,3.80392156863
53116,53264,53319,148,55,8,3600,3.69090909091
53117,63927,63981,10810,54,8,3600,201.185185185
53117,64116,64166,10999,50,8,3600,220.98
53117,64177,64236,11060,59,8,3600,188.457627119
53117,64247,64298,11130,51,8,3600,219.235294118
53117,64309,64359,11192,50,8,3600,224.84
53117,64495,64544,11378,49,8,3600,233.204081633
53118,64676,64726,11558,50,8,3600,232.16
53118,64617,64665,11499,48,8,3600,240.5625
53118,65403,65457,12285,54,8,3600,228.5
53118,64737,64786,11619,49,8,3600,238.12244898
53118,65370,65421,12252,51,8,3600,241.235294118
53118,64556,64605,11438,49,8,3600,234.428571429
53118,65337,65392,12219,55,8,3600,223.163636364
53119,63992,64043,10873,51,8,3600,214.196078431
53119,64054,64105,10935,51,8,3600,215.411764706
53119,64370,64423,11251,53,8,3600,213.283018868
53119,64435,64484,11316,49,8,3600,231.93877551
53119,64797,64851,11678,54,8,3600,217.259259259
53119,65433,65483,12314,50,8,3600,247.28
53178,66459,66653,13281,194,4,3600,69.4587628866
53178,66464,66662,13286,198,4,3600,68.101010101
53178,66470,66671,13292,201,4,3600,67.1293532338
53179,66497,66689,13318,192,4,3600,70.3645833333
53179,66516,66720,13337,204,4,3600,66.3774509804
53179,66505,66700,13326,195,4,3600,69.3384615385
53179,66481,66671,13302,190,4,3600,71.0105263158
53179,66475,66670,13296,195,4,3600,69.1846153846
53179,66521,66713,13342,192,4,3600,70.4895833333
53180,66568,66766,13388,198,4,3600,68.6161616162
53180,66556,66751,13376,195,4,3600,69.5948717949
53180,66550,66744,13370,194,4,3600,69.9175257732
53180,66544,66739,13364,195,4,3600,69.5333333333
53180,66538,66733,13358,195,4,3600,69.5025641026
53180,66533,66729,13353,196,4,3600,69.1275510204
53180,66526,66718,13346,192,4,3600,70.5104166667
53181,66608,66802,13427,194,4,3600,70.2113402062
53181,66623,66814,13442,191,4,3600,71.3769633508
53181,66629,66822,13448,193,4,3600,70.6787564767
53181,66634,66826,13453,192,4,3600,71.0677083333
53181,66639,66832,13458,193,4,3600,70.7305699482
53181,66617,66809,13436,192,4,3600,70.9791666667
53182,66651,66847,13469,196,4,3600,69.7193877551
53182,66672,66869,13490,197,4,3600,69.4771573604
53182,66667,66862,13485,195,4,3600,70.1538461538
53182,66656,66858,13474,202,4,3600,67.702970297
53182,66661,66855,13479,194,4,3600,70.4793814433
53182,66677,66873,13495,196,4,3600,69.8520408163
53182,66645,66847,13463,202,4,3600,67.6485148515
53183,66682,66878,13499,196,4,3600,69.8724489796
53232,53277,53335,45,58,16,3600,1.77586206897
53233,53303,53363,70,60,16,3600,2.16666666667
53233,53294,53351,61,57,16,3600,2.0701754386
53233,53289,53346,56,57,16,3600,1.98245614035
53233,53309,53368,76,59,16,3600,2.28813559322
53234,53321,53379,87,58,16,3600,2.5
53234,53327,53386,93,59,16,3600,2.57627118644
53234,53347,53404,113,57,16,3600,2.98245614035
53234,53353,53412,119,59,16,3600,3.01694915254
53234,53359,53417,125,58,16,3600,3.15517241379
53235,53396,53456,161,60,16,3600,3.68333333333
53235,53390,53449,155,59,16,3600,3.62711864407
53235,53380,53439,145,59,16,3600,3.45762711864
53235,53374,53432,139,58,16,3600,3.39655172414
53235,53365,53424,130,59,16,3600,3.20338983051
53235,53401,53459,166,58,16,3600,3.86206896552
53236,63190,63254,9954,64,16,3600,156.53125
53236,61963,62019,8727,56,16,3600,156.839285714
53236,61896,61952,8660,56,16,3600,155.642857143
53236,61759,61814,8523,55,16,3600,155.963636364
53236,61484,61543,8248,59,16,3600,140.796610169
53236,61555,61611,8319,56,16,3600,149.553571429
53237,63242,63305,10005,63,16,3600,159.80952381
53237,61623,61678,8386,55,16,3600,153.472727273
53237,63207,63264,9970,57,16,3600,175.912280702
53237,63272,63328,10035,56,16,3600,180.196428571
53237,63278,63335,10041,57,16,3600,177.157894737
53237,63202,63261,9965,59,16,3600,169.898305085
53238,61689,61748,8451,59,16,3600,144.237288136
53238,61825,61882,8587,57,16,3600,151.649122807
53273,53283,57075,10,3792,2,18000,1.0026371308
53299,64867,65075,11568,208,8,3600,56.6153846154
53300,65091,65300,11791,209,8,3600,57.4162679426
53300,65308,65510,12008,202,8,3600,60.4455445545
53300,65356,65555,12056,199,8,3600,61.5829145729
53300,65351,65549,12051,198,8,3600,61.8636363636
53300,65332,65531,12032,199,8,3600,61.4623115578
53300,65319,65525,12019,206,8,3600,59.3446601942
53300,65313,65517,12013,204,8,3600,59.887254902
53301,65443,65646,12142,203,8,3600,60.8128078818
53301,65468,65669,12167,201,8,3600,61.5323383085
53301,65479,65683,12178,204,8,3600,60.6960784314
53301,65474,65683,12173,209,8,3600,59.2440191388
53301,65494,65697,12193,203,8,3600,61.0640394089
53301,65365,65568,12064,203,8,3600,60.4285714286
53301,65438,65639,12137,201,8,3600,61.3830845771
53302,65566,65767,12264,201,8,3600,62.0149253731
53302,65522,65726,12220,204,8,3600,60.9019607843
53302,65528,65732,12226,204,8,3600,60.931372549
53302,65536,65737,12234,201,8,3600,61.8656716418
53302,65543,65752,12241,209,8,3600,59.5693779904
53302,65560,65758,12258,198,8,3600,62.9090909091
53303,65579,65786,12276,207,8,3600,60.3043478261
53303,65651,65855,12348,204,8,3600,61.5294117647
53303,65658,65860,12355,202,8,3600,62.1633663366
53303,65694,65894,12391,200,8,3600,62.955
53303,65699,65903,12396,204,8,3600,61.7647058824
53303,65680,65878,12377,198,8,3600,63.5101010101
53303,65708,65917,12405,209,8,3600,60.3540669856
53304,65731,65933,12427,202,8,3600,62.5198019802
53304,65736,65942,12432,206,8,3600,61.3495145631
53390,53407,57044,17,3637,2,18000,1.00467418202
53397,53452,53515,55,63,32,3600,1.87301587302
53397,53423,53490,26,67,32,3600,1.38805970149
53397,53446,53508,49,62,32,3600,1.79032258065
53398,53519,53581,121,62,32,3600,2.95161290323
53398,53539,53598,141,59,32,3600,3.38983050847
53398,53468,53528,70,60,32,3600,2.16666666667
53398,59914,59973,6516,59,32,3600,111.440677966
53398,53527,53593,129,66,32,3600,2.95454545455
53398,53500,53559,102,59,32,3600,2.72881355932
53399,59919,59980,6520,61,32,3600,107.885245902
53399,59925,59990,6526,65,32,3600,101.4
53399,60056,60116,6657,60,32,3600,111.95
53399,60848,60907,7449,59,32,3600,127.254237288
53399,60190,60251,6791,61,32,3600,112.327868852
53399,60077,60136,6678,59,32,3600,114.186440678
53399,60148,60211,6749,63,32,3600,108.126984127
53400,60917,60976,7517,59,32,3600,128.406779661
53400,60253,60312,6853,59,32,3600,117.152542373
53400,60221,60281,6821,60,32,3600,114.683333333
53400,60205,60264,6805,59,32,3600,116.338983051
53400,59984,60045,6584,61,32,3600,108.93442623
53400,59930,59993,6530,63,32,3600,104.650793651
53401,60994,61053,7593,59,32,3600,129.694915254
53401,60935,61001,7534,66,32,3600,115.151515152
53401,60929,60989,7528,60,32,3600,126.466666667
53401,60922,60983,7521,61,32,3600,124.295081967
53401,59992,60050,6591,58,32,3600,114.637931034
53401,60001,60059,6600,58,32,3600,114.793103448
53401,60987,61056,7586,69,32,3600,110.942028986
53402,60007,60066,6605,59,32,3600,112.949152542
53414,53430,57193,16,3763,2,18000,1.00425192665
53428,53436,57206,8,3770,2,18000,1.00212201592
53430,53441,56783,11,3342,2,18000,1.00329144225
53455,65742,66166,12287,424,8,3600,29.9787735849
53455,65769,66194,12314,425,8,3600,29.9741176471
53455,65763,66191,12308,428,8,3600,29.7570093458
53455,65748,66173,12293,425,8,3600,29.9247058824
53455,65753,66172,12298,419,8,3600,30.3508353222
53456,65796,66219,12340,423,8,3600,30.1725768322
53456,65812,66230,12356,418,8,3600,30.5598086124
53456,65779,66202,12323,423,8,3600,30.1323877069
53456,65774,66201,12318,427,8,3600,29.8477751756
53456,65790,66212,12334,422,8,3600,30.2274881517
53456,65785,66205,12329,420,8,3600,30.3547619048
53457,65944,66372,12487,428,8,3600,30.1752336449
53457,65928,66350,12471,422,8,3600,30.5521327014
53457,65919,66339,12462,420,8,3600,30.6714285714
53457,65905,66322,12448,417,8,3600,30.8513189448
53457,65866,66290,12409,424,8,3600,30.266509434
53457,65890,66318,12433,428,8,3600,30.0490654206
53457,65872,66293,12415,421,8,3600,30.4893111639
53458,66214,66636,12756,422,8,3600,31.2274881517
53458,66208,66632,12750,424,8,3600,31.070754717
53458,66202,66621,12744,419,8,3600,31.415274463
53458,66178,66607,12720,429,8,3600,30.6503496503
53458,66189,66609,12731,420,8,3600,31.3119047619
53458,65954,66376,12496,422,8,3600,30.6113744076
53458,66184,66606,12726,422,8,3600,31.1563981043
53459,66219,66640,12760,421,8,3600,31.3087885986
53459,66236,66657,12777,421,8,3600,31.3491686461
53459,66230,66658,12771,428,8,3600,30.8387850467
53459,66242,66660,12783,418,8,3600,31.5813397129
53459,66225,66651,12766,426,8,3600,30.9671361502
53490,63115,63346,9625,231,16,3600,42.6666666667
53490,62997,63230,9507,233,16,3600,41.8025751073
53490,62753,62985,9263,232,16,3600,40.9267241379
53490,62513,62742,9023,229,16,3600,40.4017467249
53490,62272,62502,8782,230,16,3600,39.1826086957
53490,62030,62261,8540,231,16,3600,37.9696969697
53491,63185,63421,9694,236,16,3600,42.0762711864
53491,63139,63376,9648,237,16,3600,41.7088607595
53491,63144,63379,9653,235,16,3600,42.0765957447
53491,63266,63496,9775,230,16,3600,43.5
53491,63316,63547,9825,231,16,3600,43.5324675325
53491,63339,63571,9848,232,16,3600,43.4482758621
53491,63120,63354,9629,234,16,3600,42.1495726496
53492,63387,63626,9895,239,16,3600,42.4016736402
53492,63432,63666,9940,234,16,3600,43.4786324786
53492,63358,63588,9866,230,16,3600,43.8956521739
53492,63366,63598,9874,232,16,3600,43.5603448276
53492,63393,63630,9901,237,16,3600,42.776371308
53492,63346,63580,9854,234,16,3600,43.1111111111
53493,63677,63911,10184,234,16,3600,44.5213675214
53493,63507,63739,10014,232,16,3600,44.1637931034
53493,63750,63982,10257,232,16,3600,45.2112068966
53493,63558,63788,10065,230,16,3600,44.7608695652
53493,63582,63814,10089,232,16,3600,44.4870689655
53493,63592,63830,10099,238,16,3600,43.4327731092
53493,63799,64030,10306,231,16,3600,45.6147186147
53494,63643,63880,10149,237,16,3600,43.8227848101
53494,63599,63836,10105,237,16,3600,43.6371308017
53494,63637,63871,10143,234,16,3600,44.3461538462
53494,63609,63842,10115,233,16,3600,44.4120171674
53496,53506,56945,10,3439,2,18000,1.00290782204
53514,61199,61320,7685,121,32,3600,64.5123966942
53514,60262,60382,6748,120,32,3600,57.2333333333
53515,60275,60391,6760,116,32,3600,59.275862069
53515,60292,60410,6777,118,32,3600,58.4322033898
53515,60323,60441,6808,118,32,3600,58.6949152542
53515,60127,60242,6612,115,32,3600,58.4956521739
53515,60071,60194,6556,123,32,3600,54.3008130081
53515,60062,60179,6547,117,32,3600,56.9572649573
53516,60453,60578,6937,125,32,3600,56.496
53516,60550,60667,7034,117,32,3600,61.1196581197
53516,60530,60647,7014,117,32,3600,60.9487179487
53516,60522,60646,7006,124,32,3600,57.5
53516,60421,60539,6905,118,32,3600,59.5169491525
53516,60402,60519,6886,117,32,3600,59.8547008547
53516,60394,60510,6878,116,32,3600,60.2931034483
53517,60657,60779,7140,122,32,3600,59.5245901639
53517,60678,60795,7161,117,32,3600,62.2051282051
53517,60720,60837,7203,117,32,3600,62.5641025641
53517,60590,60708,7073,118,32,3600,60.9406779661
53517,60790,60907,7273,117,32,3600,63.1623931624
53517,60795,60910,7278,115,32,3600,64.2869565217
53517,60662,60779,7145,117,32,3600,62.0683760684
53518,61331,61454,7813,123,32,3600,64.5203252033
53518,61064,61182,7546,118,32,3600,64.9491525424
53518,61257,61376,7739,119,32,3600,66.0336134454
53518,61000,61116,7482,116,32,3600,65.5
53518,61012,61129,7494,117,32,3600,65.0512820513
53518,60806,60922,7288,116,32,3600,63.8275862069
53519,61070,61186,7551,116,32,3600,66.0948275862
53519,61127,61245,7608,118,32,3600,65.4745762712
53536,53594,53661,58,67,64,3600,1.86567164179
53536,53609,53678,73,69,64,3600,2.05797101449
53536,56548,56617,3012,69,64,3600,44.652173913
53536,56553,56624,3017,71,64,3600,43.4929577465
53536,56629,56705,3093,76,64,3600,41.6973684211
53537,57507,57577,3970,70,64,3600,57.7142857143
53537,58766,58833,5229,67,64,3600,79.0447761194
53537,59351,59420,5814,69,64,3600,85.2608695652
53537,58830,58901,5293,71,64,3600,75.5492957746
53537,56717,56785,3180,68,64,3600,47.7647058824
53537,56722,56790,3185,68,64,3600,47.8382352941
53537,59286,59362,5749,76,64,3600,76.6447368421
53538,59667,59744,6129,77,64,3600,80.5974025974
53538,59590,59658,6052,68,64,3600,90.0
53538,59431,59498,5893,67,64,3600,88.9552238806
53538,56806,56877,3268,71,64,3600,47.0281690141
53538,56800,56872,3262,72,64,3600,46.3055555556
53538,59510,59579,5972,69,64,3600,87.5507246377
53539,59673,59744,6134,71,64,3600,87.3943661972
53539,59760,59832,6221,72,64,3600,87.4027777778
53539,56883,56956,3344,73,64,3600,46.8082191781
53539,57567,57635,4028,68,64,3600,60.2352941176
53539,56967,57041,3428,74,64,3600,47.3243243243
53539,56889,56958,3350,69,64,3600,49.5507246377
53539,59833,59902,6294,69,64,3600,92.2173913043
53540,59843,59911,6303,68,64,3600,93.6911764706
53540,59755,59822,6215,67,64,3600,93.7611940299
53540,56973,57045,3433,72,64,3600,48.6805555556
53540,57052,57120,3512,68,64,3600,52.6470588235
53540,56635,56705,3095,70,64,3600,45.2142857143
53546,53555,57119,9,3564,2,18000,1.00252525253
53579,53588,57314,9,3726,2,18000,1.00241545894
53593,63825,64289,10232,464,16,3600,23.0517241379
53593,63842,64310,10249,468,16,3600,22.8995726496
53593,63854,64329,10261,475,16,3600,22.6021052632
53593,63882,64349,10289,467,16,3600,23.0321199143
53593,63848,64320,10255,472,16,3600,22.7266949153
53594,53600,57355,6,3755,2,18000,1.00159786951
53594,63891,64366,10297,475,16,3600,22.6778947368
53594,63922,64392,10328,470,16,3600,22.9744680851
53594,63998,64467,10404,469,16,3600,23.1833688699
53594,64321,64792,10727,471,16,3600,23.7749469214
53594,64041,64504,10447,463,16,3600,23.5637149028
53594,64301,64768,10707,467,16,3600,23.9271948608
53595,64340,64814,10745,474,16,3600,23.6687763713
53595,64517,64984,10922,467,16,3600,24.3875802998
53595,64478,64944,10883,466,16,3600,24.3540772532
53595,64404,64873,10809,469,16,3600,24.0469083156
53595,64377,64851,10782,474,16,3600,23.746835443
53595,64360,64831,10765,471,16,3600,23.855626327
53595,64332,64796,10737,464,16,3600,24.1400862069
53596,64884,65354,11288,470,16,3600,25.0170212766
53596,64825,65294,11229,469,16,3600,24.9424307036
53596,64810,65276,11214,466,16,3600,25.0643776824
53596,64804,65275,11208,471,16,3600,24.7961783439
53596,64779,65245,11183,466,16,3600,24.9978540773
53596,64847,65321,11251,474,16,3600,24.7362869198
53596,64862,65338,11266,476,16,3600,24.6680672269
53597,65256,65720,11659,464,16,3600,26.1271551724
53597,64995,65458,11398,463,16,3600,25.6177105832
53597,65296,65760,11699,464,16,3600,26.213362069
53597,64955,65422,11358,467,16,3600,25.3211991435
53597,65291,65758,11694,467,16,3600,26.0406852248
53620,61145,61386,7525,241,32,3600,32.22406639
53620,61397,61631,7777,234,32,3600,34.235042735
53620,61193,61431,7573,238,32,3600,32.8193277311
53620,61447,61686,7827,239,32,3600,33.7489539749
53620,61388,61622,7768,234,32,3600,34.1965811966
53621,61890,62128,8269,238,32,3600,35.743697479
53621,61950,62182,8329,232,32,3600,36.900862069
53621,61720,61956,8099,236,32,3600,35.3177966102
53621,61465,61700,7844,235,32,3600,34.3787234043
53621,61635,61870,8014,235,32,3600,35.1021276596
53621,61642,61879,8021,237,32,3600,34.8438818565
53621,61697,61938,8076,241,32,3600,34.510373444
53622,61881,62119,8259,238,32,3600,35.7016806723
53622,61969,62202,8347,233,32,3600,36.8240343348
53622,62193,62428,8571,235,32,3600,37.4723404255
53622,62140,62374,8518,234,32,3600,37.4017094017
53622,62213,62451,8591,238,32,3600,37.0966386555
53622,62130,62363,8508,233,32,3600,37.5150214592
53622,62374,62608,8752,234,32,3600,38.4017094017
53623,62462,62699,8839,237,32,3600,38.2953586498
53623,62439,62674,8816,235,32,3600,38.514893617
53623,62619,62858,8996,239,32,3600,38.640167364
53623,62711,62948,9088,237,32,3600,39.3459915612
53623,62869,63103,9246,234,32,3600,40.5128205128
53623,62390,62627,8767,237,32,3600,37.9915611814
53624,62885,63127,9261,242,32,3600,39.2685950413
53624,62959,63191,9335,232,32,3600,41.2370689655
53624,62940,63174,9316,234,32,3600,40.811965812
53624,62685,62929,9061,244,32,3600,38.1352459016
53624,62638,62874,9014,236,32,3600,39.1949152542
53645,57063,57199,3418,136,64,3600,26.1323529412
53645,53654,57313,9,3659,2,18000,1.00245968844
53646,57211,57345,3565,134,64,3600,27.6044776119
53646,57589,57723,3943,134,64,3600,30.4253731343
53646,57423,57556,3777,133,64,3600,29.3984962406
53646,57280,57412,3634,132,64,3600,28.5303030303
53646,57646,57778,4000,132,64,3600,31.303030303
53646,57356,57495,3710,139,64,3600,27.690647482
53646,57136,57269,3490,133,64,3600,27.2406015038
53647,57934,58074,4287,140,64,3600,31.6214285714
53647,57789,57923,4142,134,64,3600,31.9104477612
53647,57734,57868,4087,134,64,3600,31.5
53647,58085,58219,4438,134,64,3600,34.1194029851
53647,57879,58017,4232,138,64,3600,31.6666666667
53647,58033,58168,4386,135,64,3600,33.4888888889
53648,58322,58461,4674,139,64,3600,34.6258992806
53648,58233,58371,4585,138,64,3600,34.2246376812
53648,58531,58665,4883,134,64,3600,37.4402985075
53648,58179,58310,4531,131,64,3600,35.5877862595
53648,58616,58755,4968,139,64,3600,36.7410071942
53648,58382,58520,4734,138,64,3600,35.3043478261
53648,58472,58605,4824,133,64,3600,37.2706766917
53649,58677,58819,5028,142,64,3600,36.4084507042
53649,58844,58980,5195,136,64,3600,39.1985294118
53649,58913,59045,5264,132,64,3600,40.8787878788
53649,58992,59128,5343,136,64,3600,40.2867647059
53649,59056,59193,5407,137,64,3600,40.4671532847
53649,59140,59275,5491,135,64,3600,41.6740740741
53650,59204,59339,5554,135,64,3600,42.1407407407
53650,59373,59506,5723,133,64,3600,44.030075188
53650,59517,59655,5867,138,64,3600,43.5144927536
53659,53666,57534,7,3868,2,18000,1.00180972079
53666,53689,53774,23,85,128,3600,1.27058823529
53666,53785,53871,119,86,128,3600,2.38372093023
53666,53883,53970,217,87,128,3600,3.49425287356
53666,53982,54062,316,80,128,3600,4.95
53667,54171,54259,504,88,128,3600,6.72727272727
53667,54456,54535,789,79,128,3600,10.9873417722
53667,54073,54159,406,86,128,3600,5.72093023256
53667,54546,54624,879,78,128,3600,12.2692307692
53667,54270,54356,603,86,128,3600,8.01162790698
53667,54367,54445,700,78,128,3600,9.97435897436
53668,54812,54959,1144,147,128,3600,8.78231292517
53668,54970,55048,1302,78,128,3600,17.6923076923
53668,55059,55153,1391,94,128,3600,15.7978723404
53668,54635,54714,967,79,128,3600,13.2405063291
53668,55164,55249,1496,85,128,3600,18.6
53668,55260,55345,1592,85,128,3600,19.7294117647
53668,54725,54801,1057,76,128,3600,14.9078947368
53669,56367,56445,2698,78,128,3600,35.5897435897
53669,56177,56262,2508,85,128,3600,30.5058823529
53669,56274,56356,2605,82,128,3600,32.7682926829
53669,55624,55701,1955,77,128,3600,26.3896103896
53669,55446,55524,1777,78,128,3600,23.7820512821
53669,55356,55435,1687,79,128,3600,22.3544303797
53669,55535,55613,1866,78,128,3600,24.9230769231
53670,55807,55884,2137,77,128,3600,28.7532467532
53670,55895,55979,2225,84,128,3600,27.4880952381
53670,55990,56070,2320,80,128,3600,30.0
53670,56081,56165,2411,84,128,3600,29.7023809524
53670,56456,56537,2786,81,128,3600,35.3950617284
53670,55712,55795,2042,83,128,3600,25.6024096386
53674,53680,57475,6,3795,2,18000,1.00158102767
53755,53765,57451,10,3686,2,18000,1.00271296799
53800,53808,57766,8,3958,2,18000,1.00202122284
53836,53846,57613,10,3767,2,18000,1.00265463233
53850,53857,57285,7,3428,2,18000,1.002042007
54004,54012,57603,8,3591,2,18000,1.0022277917
54021,54031,57673,10,3642,2,18000,1.0027457441
54153,54163,57560,10,3397,2,18000,1.00294377392
54204,54214,57611,10,3397,2,18000,1.00294377392
54219,54225,57823,6,3598,2,18000,1.00166759311
54220,54231,58017,11,3786,2,18000,1.0029054411
54265,54276,57957,11,3681,2,18000,1.00298831839
54280,54286,57681,6,3395,2,18000,1.00176730486
54322,54332,57712,10,3380,2,18000,1.00295857988
54403,54412,58058,9,3646,2,18000,1.00246845858
54418,54424,58114,6,3690,2,18000,1.00162601626
54419,54430,58216,11,3786,2,18000,1.0029054411
54473,54484,58097,11,3613,2,18000,1.00304456131
54564,54573,58417,9,3844,2,18000,1.00234131113
54578,54587,58390,9,3803,2,18000,1.00236655272
54593,54599,58338,6,3739,2,18000,1.00160470714
54608,54614,58362,6,3748,2,18000,1.00160085379
54761,54769,58688,8,3919,2,18000,1.00204133708
54857,54863,204481,6,149618,3,172800,1.00004010213
54954,54960,58551,6,3591,2,18000,1.00167084378
55056,55065,58412,9,3347,2,18000,1.0026889752
55192,55200,59013,8,3813,2,18000,1.0020980855
55282,55291,59018,9,3727,2,18000,1.00241481084
55405,55416,59221,11,3805,2,18000,1.00289093298
56756,56766,60289,10,3523,2,18000,1.00283848992
56786,56794,60213,8,3419,2,18000,1.00233986546
56946,56956,60719,10,3763,2,18000,1.00265745416
57045,57058,60676,13,3618,2,18000,1.00359314538
57078,57086,60691,8,3605,2,18000,1.00221914008
57117,57130,60863,13,3733,2,18000,1.00348245379
57195,57205,60682,10,3477,2,18000,1.00287604257
57210,57217,60944,7,3727,2,18000,1.00187818621
57288,57296,61016,8,3720,2,18000,1.00215053763
57315,57324,61154,9,3830,2,18000,1.00234986945
57316,57330,61276,14,3946,2,18000,1.0035478966
57358,57366,61027,8,3661,2,18000,1.0021851953
57454,57462,61118,8,3656,2,18000,1.00218818381
57478,57487,61272,9,3785,2,18000,1.00237780713
57537,57546,61432,9,3886,2,18000,1.00231600618
57561,57573,61086,12,3513,2,18000,1.00341588386
57600,57614,61089,14,3475,2,18000,1.00402877698
57615,57624,61127,9,3503,2,18000,1.00256922638
57616,57630,61239,14,3609,2,18000,1.00387919091
57676,57684,61371,8,3687,2,18000,1.00216978573
57691,57697,61438,6,3741,2,18000,1.00160384924
57714,57723,61477,9,3754,2,18000,1.00239744273
57768,57778,61589,10,3811,2,18000,1.00262398321
57825,57834,61189,9,3355,2,18000,1.00268256334
57960,57968,61697,8,3729,2,18000,1.00214534728
58017,58028,61704,11,3676,2,18000,1.00299238303
58059,58069,61609,10,3540,2,18000,1.00282485876
58098,58108,61606,10,3498,2,18000,1.00285877644
58116,58125,61942,9,3817,2,18000,1.00235787267
58218,58227,61776,9,3549,2,18000,1.00253592561
58341,58350,61933,9,3583,2,18000,1.00251186157
58365,58373,62234,8,3861,2,18000,1.00207200207
58392,58402,61699,10,3297,2,18000,1.00303306036
58415,58423,62265,8,3842,2,18000,1.00208224883
58430,58436,62169,6,3733,2,18000,1.00160728636
58553,58562,62224,9,3662,2,18000,1.0024576734
58689,58699,62477,10,3778,2,18000,1.00264690312
59015,59025,62374,10,3349,2,18000,1.00298596596
59029,59035,62821,6,3786,2,18000,1.00158478605
59222,59232,62776,10,3544,2,18000,1.00282167043
60216,60228,64057,12,3829,2,18000,1.00313397754
60291,60301,63916,10,3615,2,18000,1.00276625173
60679,60687,64489,8,3802,2,18000,1.00210415571
60694,60700,64334,6,3634,2,18000,1.0016510732
60695,60706,64255,11,3549,2,18000,1.00309946464
60722,60730,64431,8,3701,2,18000,1.00216157795
60866,60874,64506,8,3632,2,18000,1.00220264317
60947,60956,64496,9,3540,2,18000,1.00254237288
61019,61027,64728,8,3701,2,18000,1.00216157795
61034,61039,64697,5,3658,2,18000,1.00136686714
61087,61097,64917,10,3820,2,18000,1.00261780105
61102,61108,64751,6,3643,2,18000,1.00164699424
61120,61133,64539,13,3406,2,18000,1.00381679389
61135,61140,64549,5,3409,2,18000,1.00146670578
61156,61165,64830,9,3665,2,18000,1.00245566166
61191,61205,64731,14,3526,2,18000,1.00397050482
61242,61250,64856,8,3606,2,18000,1.00221852468
61272,61283,64877,11,3594,2,18000,1.00306065665
61287,61293,64834,6,3541,2,18000,1.0016944366
61374,61382,65091,8,3709,2,18000,1.00215691561
61434,61442,64914,8,3472,2,18000,1.00230414747
61448,61454,65075,6,3621,2,18000,1.00165700083
61478,61490,65274,12,3784,2,18000,1.00317124736
61589,61600,65114,11,3514,2,18000,1.0031303358
61607,61617,65334,10,3717,2,18000,1.00269034167
61621,61629,65083,8,3454,2,18000,1.00231615518
61700,61709,65413,9,3704,2,18000,1.00242980562
61701,61715,65357,14,3642,2,18000,1.00384404174
61717,61726,65487,9,3761,2,18000,1.00239298059
61777,61787,65500,10,3713,2,18000,1.00269323997
61936,61944,65613,8,3669,2,18000,1.00218043064
61950,61956,65286,6,3330,2,18000,1.0018018018
62170,62181,65779,11,3598,2,18000,1.00305725403
62227,62235,65820,8,3585,2,18000,1.00223152022
62242,62248,65803,6,3555,2,18000,1.00168776371
62266,62278,65834,12,3556,2,18000,1.00337457818
62377,62385,65979,8,3594,2,18000,1.00222593211
62479,62488,65949,9,3461,2,18000,1.00260040451
62777,62788,66357,11,3569,2,18000,1.00308209583
62822,62833,66546,11,3713,2,18000,1.00296256396
63917,63933,67511,16,3578,2,18000,1.00447177194
64059,64068,67656,9,3588,2,18000,1.0025083612
64258,64266,67971,8,3705,2,18000,1.00215924426
64336,64346,67754,10,3408,2,18000,1.0029342723
64432,64443,68313,11,3870,2,18000,1.00284237726
64489,64501,67935,12,3434,2,18000,1.00349446709
64504,64510,68232,6,3722,2,18000,1.00161203654
64518,64524,68298,6,3774,2,18000,1.00158982512
64542,64550,68125,8,3575,2,18000,1.00223776224
64557,64563,68196,6,3633,2,18000,1.00165152766
64698,64708,68587,10,3879,2,18000,1.00257798402
64731,64743,68202,12,3459,2,18000,1.00346921075
64732,64748,68645,16,3897,2,18000,1.00410572235
64753,64762,68477,9,3715,2,18000,1.00242261104
64831,64841,68808,10,3967,2,18000,1.00252079657
64846,64853,68711,7,3858,2,18000,1.00181441161
64860,64873,68363,13,3490,2,18000,1.00372492837
64878,64890,68233,12,3343,2,18000,1.00358959019
64917,64926,68530,9,3604,2,18000,1.00249722531
64932,64938,68357,6,3419,2,18000,1.00175489909
65076,65086,68461,10,3375,2,18000,1.00296296296
65091,65097,68945,6,3848,2,18000,1.00155925156
65105,65112,68874,7,3762,2,18000,1.00186071239
65120,65126,68811,6,3685,2,18000,1.00162822252
65276,65285,69164,9,3879,2,18000,1.00232018561
65291,65302,69140,11,3838,2,18000,1.00286607608
65336,65345,68848,9,3503,2,18000,1.00256922638
65360,65376,69289,16,3913,2,18000,1.00408893432
65417,65425,68748,8,3323,2,18000,1.00240746314
65489,65500,69231,11,3731,2,18000,1.00294827124
65503,65511,69111,8,3600,2,18000,1.00222222222
65615,65624,69286,9,3662,2,18000,1.0024576734
65777,65807,69586,30,3779,2,18000,1.0079386081
65804,65818,69723,14,3905,2,18000,1.00358514725
65822,65831,69567,9,3736,2,18000,1.00240899358
65837,65846,69529,9,3683,2,18000,1.00244366006
65951,65960,69683,9,3723,2,18000,1.00241740532
65981,65990,69606,9,3616,2,18000,1.00248893805
66360,66380,69969,20,3589,2,18000,1.00557258289
66547,66562,70224,15,3662,2,18000,1.00409612234
67512,67522,71177,10,3655,2,18000,1.00273597811
67659,67668,71280,9,3612,2,18000,1.00249169435
67755,67766,71571,11,3805,2,18000,1.00289093298
67935,67946,71651,11,3705,2,18000,1.00296896086
67971,67982,71655,11,3673,2,18000,1.00299482712
68128,68137,71897,9,3760,2,18000,1.00239361702
68198,68207,72086,9,3879,2,18000,1.00232018561
68213,68219,71958,6,3739,2,18000,1.00160470714
68234,68249,72120,15,3871,2,18000,1.00387496771
68235,68243,71941,8,3698,2,18000,1.00216333153
68408,68414,68416,6,2,2,18000,1.0
68490,68497,68501,7,4,2,18000,1.1
68554,68560,68563,6,3,2,18000,1.0
68598,68604,68607,6,3,2,18000,1.0
69323,69329,69610,6,281,2,18000,1.02135231317
69491,69497,73200,6,3703,2,18000,1.00162030786
69493,69503,73173,10,3670,2,18000,1.00272479564
69494,69508,73181,14,3673,2,18000,1.00381159815
69495,69513,73448,18,3935,2,18000,1.00457433291
69496,69518,73003,22,3485,2,18000,1.00631276901
69498,69524,73110,26,3586,2,18000,1.00725041829
69499,69530,73297,31,3767,2,18000,1.00822936023
69500,69535,73114,35,3579,2,18000,1.00977926795
69501,69540,73135,39,3595,2,18000,1.01084840056
69503,69545,73124,42,3579,2,18000,1.01173512154
69504,69551,73317,47,3766,2,18000,1.01248008497
69505,69556,73331,51,3775,2,18000,1.01350993377
69506,69561,73000,55,3439,2,18000,1.01599302123
69508,69566,73158,58,3592,2,18000,1.01614699332
69509,69571,73390,62,3819,2,18000,1.01623461639
69510,69576,73500,66,3924,2,18000,1.01681957187
69511,69581,73290,70,3709,2,18000,1.01887301159
69513,69587,73026,74,3439,2,18000,1.02151788311
69514,69592,73387,78,3795,2,18000,1.02055335968
69515,69597,73264,82,3667,2,18000,1.02236160349
69517,69602,73374,85,3772,2,18000,1.02253446448
69531,69608,73445,77,3837,2,18000,1.02006776127
69571,69613,73504,42,3891,2,18000,1.01079414032
69604,69619,73176,15,3557,2,18000,1.00421703683
69605,69624,73371,19,3747,2,18000,1.00507072325
69620,69630,73190,10,3560,2,18000,1.00280898876
69686,69694,73566,8,3872,2,18000,1.0020661157
69725,69734,73198,9,3464,2,18000,1.00259815242
69972,69980,73633,8,3653,2,18000,1.00218998084
70227,70236,73962,9,3726,2,18000,1.00241545894
71177,71188,75002,11,3814,2,18000,1.00288411117
71282,71291,74987,9,3696,2,18000,1.00243506494
71574,71582,74994,8,3412,2,18000,1.00234466589
71652,71662,75538,10,3876,2,18000,1.00257997936
71667,71673,75026,6,3353,2,18000,1.00178944229
71898,71908,75589,10,3681,2,18000,1.00271665308
71943,71952,75651,9,3699,2,18000,1.00243309002
71961,71970,75573,9,3603,2,18000,1.0024979184
72087,72098,75799,11,3701,2,18000,1.00297216968
72095,72104,72105,9,1,2,300,1.0
72120,72131,75950,11,3819,2,18000,1.00288033517
72298,72304,72305,6,1,2,300,1.0
73003,73011,76893,8,3882,2,18000,1.00206079341
73017,73024,76581,7,3557,2,18000,1.00196795052
73032,73038,76765,6,3727,2,18000,1.00160987389
73110,73121,76543,11,3422,2,18000,1.00321449445
73125,73131,76820,6,3689,2,18000,1.00162645703
73127,73137,76974,10,3837,2,18000,1.00260620276
73141,73147,76968,6,3821,2,18000,1.00157026956
73159,73170,76544,11,3374,2,18000,1.00326022525
73174,73184,76934,10,3750,2,18000,1.00266666667
73189,73196,77022,7,3826,2,18000,1.00182958704
73191,73202,76910,11,3708,2,18000,1.00296655879
73192,73207,76883,15,3676,2,18000,1.00408052231
73207,73213,76958,6,3745,2,18000,1.00160213618
73208,73219,77021,11,3802,2,18000,1.0028932141
73265,73276,77123,11,3847,2,18000,1.00285937094
73292,73301,77091,9,3790,2,18000,1.00237467018
73307,73313,76992,6,3679,2,18000,1.00163087796
73321,73328,77221,7,3893,2,18000,1.00179809915
73336,73341,76985,5,3644,2,18000,1.00137211855
73372,73382,77121,10,3739,2,18000,1.0026745119
73386,73393,77055,7,3662,2,18000,1.00191152376
73401,73407,77201,6,3794,2,18000,1.00158144439
73403,73413,77093,10,3680,2,18000,1.0027173913
73448,73456,77249,8,3793,2,18000,1.00210914843
73462,73468,77218,6,3750,2,18000,1.0016
73501,73511,76999,10,3488,2,18000,1.00286697248
73516,73522,77159,6,3637,2,18000,1.0016497113
73567,73577,77347,10,3770,2,18000,1.00265251989
73636,73644,77482,8,3838,2,18000,1.00208441897
73964,73973,77892,9,3919,2,18000,1.00229650421
74652,74658,74662,6,4,2,300,1.0
74653,74663,74692,10,29,2,300,1.34482758621
74670,74676,74704,6,28,2,300,1.21428571429
74699,74705,74746,6,41,2,300,1.14634146341
74753,74759,75005,6,246,2,300,1.0243902439
74839,74845,75084,6,239,2,300,1.02510460251
74990,74998,78776,8,3778,2,18000,1.0021175225
75005,75011,78495,6,3484,2,18000,1.00172215844
75006,75017,78778,11,3761,2,18000,1.00292475405
75014,75023,75040,9,17,2,300,1.52941176471
75030,75038,78736,8,3698,2,18000,1.00216333153
75049,75055,75087,6,32,2,300,1.1875
75092,75098,75112,6,14,2,300,1.42857142857
75095,75104,75133,9,29,2,300,1.31034482759
75120,75126,75144,6,18,2,300,1.33333333333
75139,75146,75457,7,311,2,300,1.02250803859
75151,75158,75186,7,28,2,300,1.25
75193,75199,75541,6,342,2,360,1.01754385965
75471,75477,75832,6,355,2,360,1.01690140845
75539,75550,79207,11,3657,2,18000,1.00300793
75555,75561,75941,6,380,2,360,1.01578947368
75575,75584,79270,9,3686,2,18000,1.00244167119
75590,75600,79343,10,3743,2,18000,1.00267165375
75653,75662,79298,9,3636,2,18000,1.00247524752
75801,75810,79217,9,3407,2,18000,1.00264162019
75952,75961,79626,9,3665,2,18000,1.00245566166
75993,75999,76032,6,33,2,360,1.18181818182
76545,76554,79935,9,3381,2,18000,1.00266193434
76547,76560,80435,13,3875,2,18000,1.00335483871
76582,76592,79924,10,3332,2,18000,1.00300120048
76766,76776,80491,10,3715,2,18000,1.00269179004
76823,76832,80315,9,3483,2,18000,1.00258397933
76886,76894,80398,8,3504,2,18000,1.00228310502
76901,76907,80671,6,3764,2,18000,1.00159404888
76916,76921,80643,5,3722,2,18000,1.00134336378
76936,76945,80764,9,3819,2,18000,1.00235663786
76960,76969,80612,9,3643,2,18000,1.00247049135
76975,76981,80718,6,3737,2,18000,1.00160556596
76976,76987,80778,11,3791,2,18000,1.00290160907
76991,76997,80682,6,3685,2,18000,1.00162822252
77006,77012,80438,6,3426,2,18000,1.00175131349
77007,77018,80719,11,3701,2,18000,1.00297216968
77022,77032,80926,10,3894,2,18000,1.00256805342
77036,77043,80516,7,3473,2,18000,1.00201554852
77057,77066,80720,9,3654,2,18000,1.00246305419
77093,77108,80939,15,3831,2,18000,1.00391542678
77095,77102,80566,7,3464,2,18000,1.00202078522
77125,77134,80826,9,3692,2,18000,1.00243770314
77126,77139,80697,13,3558,2,18000,1.00365373806
77162,77170,81007,8,3837,2,18000,1.00208496221
77204,77212,80858,8,3646,2,18000,1.00219418541
77219,77229,80777,10,3548,2,18000,1.00281848929
77233,77239,81091,6,3852,2,18000,1.0015576324
77251,77260,81231,9,3971,2,18000,1.00226643163
77347,77358,80944,11,3586,2,18000,1.00306748466
77485,77494,81247,9,3753,2,18000,1.00239808153
77895,77904,81328,9,3424,2,18000,1.00262850467
78498,78506,81980,8,3474,2,18000,1.00230282096
78553,78559,78621,6,62,2,3540,1.09677419355
78736,78747,82552,11,3805,2,18000,1.00289093298
78778,78787,82550,9,3763,2,18000,1.00239170874
78779,78793,82531,14,3738,2,18000,1.00374531835
79210,79218,82966,8,3748,2,18000,1.00213447172
79225,79231,83213,6,3982,2,18000,1.00150678051
79273,79282,83082,9,3800,2,18000,1.00236842105
79300,79309,83210,9,3901,2,18000,1.00230710074
79345,79354,82850,9,3496,2,18000,1.00257437071
79627,79637,83228,10,3591,2,18000,1.00278473963
79925,79935,83689,10,3754,2,18000,1.00266382525
79940,79946,83506,6,3560,2,18000,1.00168539326
79957,79963,91480,6,11517,12,360000,1.000520969
80316,80326,84093,10,3767,2,18000,1.00265463233
80400,80409,84085,9,3676,2,18000,1.00244831338
80436,80446,84170,10,3724,2,18000,1.00268528464
80451,80457,83836,6,3379,2,18000,1.00177567328
80493,80502,84112,9,3610,2,18000,1.00249307479
80517,80527,84080,10,3553,2,18000,1.00281452294
80567,80577,84334,10,3757,2,18000,1.00266169816
80615,80624,84348,9,3724,2,18000,1.00241675618
80645,80654,84286,9,3632,2,18000,1.00247797357
80672,80682,84317,10,3635,2,18000,1.00275103164
80687,80693,84276,6,3583,2,18000,1.00167457438
80701,80708,84325,7,3617,2,18000,1.0019353055
80719,80729,84619,10,3890,2,18000,1.00257069409
80734,80740,84568,6,3828,2,18000,1.00156739812
80735,80746,84274,11,3528,2,18000,1.00311791383
80765,80775,84299,10,3524,2,18000,1.00283768445
80780,80788,84521,8,3733,2,18000,1.00214304849
80781,80794,84354,13,3560,2,18000,1.00365168539
80829,80837,84790,8,3953,2,18000,1.00202377941
80859,80869,84487,10,3618,2,18000,1.00276395799
80928,80937,84784,9,3847,2,18000,1.00233948531
80943,80949,84554,6,3605,2,18000,1.00166435506
80958,80964,84720,6,3756,2,18000,1.00159744409
81009,81018,84736,9,3718,2,18000,1.00242065627
81093,81102,84703,9,3601,2,18000,1.00249930575
81234,81243,84985,9,3742,2,18000,1.00240513095
81249,81258,84689,9,3431,2,18000,1.00262314194
81330,81339,85002,9,3663,2,18000,1.00245700246
81981,81991,85672,10,3681,2,18000,1.00271665308
82533,82542,86108,9,3566,2,18000,1.00252383623
82550,82561,86097,11,3536,2,18000,1.00311085973
82565,82571,86307,6,3736,2,18000,1.00160599572
82851,82861,86700,10,3839,2,18000,1.00260484501
82968,82977,86681,9,3704,2,18000,1.00242980562
83082,83093,86794,11,3701,2,18000,1.00297216968
83212,83221,87114,9,3893,2,18000,1.00231184177
83226,83233,86911,7,3678,2,18000,1.00190320827
83228,83239,87021,11,3782,2,18000,1.00290851401
83508,83518,87348,10,3830,2,18000,1.00261096606
83691,83700,87198,9,3498,2,18000,1.0025728988
83839,83847,87501,8,3654,2,18000,1.0021893815
84082,84091,87681,9,3590,2,18000,1.00250696379
84097,84103,87736,6,3633,2,18000,1.00165152766
84098,84109,87896,11,3787,2,18000,1.00290467388
84113,84123,87864,10,3741,2,18000,1.00267308206
84173,84182,88045,9,3863,2,18000,1.0023297955
84275,84286,87668,11,3382,2,18000,1.00325251331
84290,84296,87948,6,3652,2,18000,1.00164293538
84291,84302,88202,11,3900,2,18000,1.00282051282
84306,84312,87883,6,3571,2,18000,1.00168020162
84321,84328,87955,7,3627,2,18000,1.00192996967
84336,84342,88106,6,3764,2,18000,1.00159404888
84337,84348,88123,11,3775,2,18000,1.00291390728
84352,84359,88261,7,3902,2,18000,1.00179395182
84366,84372,88076,6,3704,2,18000,1.00161987041
84490,84498,88267,8,3769,2,18000,1.00212257893
84523,84532,88276,9,3744,2,18000,1.00240384615
84556,84565,88362,9,3797,2,18000,1.00237029234
84570,84580,88190,10,3610,2,18000,1.0027700831
84621,84630,88264,9,3634,2,18000,1.0024766098
84690,84701,88540,11,3839,2,18000,1.00286532951
84705,84714,88307,9,3593,2,18000,1.00250487058
84723,84731,88146,8,3415,2,18000,1.00234260615
84738,84747,88555,9,3808,2,18000,1.00236344538
84786,84795,88484,9,3689,2,18000,1.00243968555
84800,84806,88805,6,3999,2,18000,1.00150037509
84987,84996,88454,9,3458,2,18000,1.0026026605
85004,85013,88840,9,3827,2,18000,1.00235171152
85673,85683,89098,10,3415,2,18000,1.00292825769
86098,86108,89712,10,3604,2,18000,1.00277469478
86113,86119,89860,6,3741,2,18000,1.00160384924
86308,86318,89935,10,3617,2,18000,1.00276472215
86682,86692,90318,10,3626,2,18000,1.0027578599
86703,86711,90394,8,3683,2,18000,1.00217214228
86796,86805,90400,9,3595,2,18000,1.00250347705
86913,86922,90482,9,3560,2,18000,1.00252808989
87021,87032,90805,11,3773,2,18000,1.0029154519
87117,87125,90515,8,3390,2,18000,1.00235988201
87201,87209,90790,8,3581,2,18000,1.00223401285
87349,87359,90962,10,3603,2,18000,1.00277546489
87502,87512,91375,10,3863,2,18000,1.00258866166
87671,87679,91375,8,3696,2,18000,1.00216450216
87685,87692,91163,7,3471,2,18000,1.00201670988
87740,87748,91294,8,3546,2,18000,1.00225606317
87867,87876,91289,9,3413,2,18000,1.00263697627
87885,87894,91714,9,3820,2,18000,1.00235602094
87900,87908,91440,8,3532,2,18000,1.00226500566
87952,87960,91837,8,3877,2,18000,1.00206345112
87966,87972,91470,6,3498,2,18000,1.00171526587
88047,88057,91759,10,3702,2,18000,1.00270124257
88077,88087,91686,10,3599,2,18000,1.0027785496
88107,88117,91786,10,3669,2,18000,1.00272553829
88125,88134,91579,9,3445,2,18000,1.00261248186
88148,88157,91981,9,3824,2,18000,1.00235355649
88193,88202,92101,9,3899,2,18000,1.00230828418
88208,88214,91669,6,3455,2,18000,1.0017366136
88262,88272,92080,10,3808,2,18000,1.00262605042
88277,88283,91877,6,3594,2,18000,1.00166944908
88278,88289,92170,11,3881,2,18000,1.00283432105
88279,88294,91820,15,3526,2,18000,1.00425411231
88307,88319,92076,12,3757,2,18000,1.0031940378
88364,88373,91953,9,3580,2,18000,1.00251396648
88457,88465,92086,8,3621,2,18000,1.00220933444
88486,88495,92334,9,3839,2,18000,1.00234436051
88543,88551,92120,8,3569,2,18000,1.00224152424
88558,88566,92285,8,3719,2,18000,1.00215111589
88805,88816,92494,11,3678,2,18000,1.00299075585
88841,88851,92578,10,3727,2,18000,1.00268312316
89100,89109,92871,9,3762,2,18000,1.0023923445
89712,89723,93452,11,3729,2,18000,1.00294985251
89863,89871,93463,8,3592,2,18000,1.00222717149
89938,89946,93531,8,3585,2,18000,1.00223152022
90321,90329,94088,8,3759,2,18000,1.00212822559
90396,90405,94296,9,3891,2,18000,1.00231303007
90410,90417,93971,7,3554,2,18000,1.00196961171
90482,90493,94306,11,3813,2,18000,1.00288486756
90518,90527,94165,9,3638,2,18000,1.00247388675
90786,90801,94271,15,3470,2,18000,1.00432276657
90807,90816,94559,9,3743,2,18000,1.00240448838
90963,90973,94434,10,3461,2,18000,1.00288933834
91165,91174,94753,9,3579,2,18000,1.0025146689
91291,91300,95020,9,3720,2,18000,1.00241935484
91306,91312,95123,6,3811,2,18000,1.00157438992
91378,91386,94807,8,3421,2,18000,1.00233849752
91379,91391,94921,12,3530,2,18000,1.00339943343
91442,91451,95226,9,3775,2,18000,1.00238410596
91472,91481,95137,9,3656,2,18000,1.00246170678
91580,91590,95150,10,3560,2,18000,1.00280898876
91671,91680,95343,9,3663,2,18000,1.00245700246
91688,91698,95420,10,3722,2,18000,1.00268672757
91715,91726,95511,11,3785,2,18000,1.00290620872
91760,91771,95499,11,3728,2,18000,1.00295064378
91787,91797,95236,10,3439,2,18000,1.00290782204
91823,91831,95435,8,3604,2,18000,1.00221975583
91838,91848,95028,10,3180,2,18000,1.00314465409
91880,91888,95452,8,3564,2,18000,1.00224466891
91952,91964,95553,12,3589,2,18000,1.00334354974
91982,91992,95797,10,3805,2,18000,1.00262812089
92078,92087,95463,9,3376,2,18000,1.00266587678
92093,92099,95936,6,3837,2,18000,1.00156372166
92094,92105,95766,11,3661,2,18000,1.00300464354
92109,92116,95723,7,3607,2,18000,1.00194067092
92124,92131,96057,7,3926,2,18000,1.00178298523
92172,92181,95762,9,3581,2,18000,1.00251326445
92286,92296,96061,10,3765,2,18000,1.0026560425
92338,92346,96119,8,3773,2,18000,1.00212032865
92498,92506,95949,8,3443,2,18000,1.00232355504
92579,92589,96042,10,3453,2,18000,1.00289603244
92871,92882,96689,11,3807,2,18000,1.00288941424
93454,93463,97174,9,3711,2,18000,1.00242522231
93469,93475,96851,6,3376,2,18000,1.00177725118
93532,93543,97431,11,3888,2,18000,1.00282921811
93945,93951,93959,6,8,1,1200,1.4
93970,93976,95297,6,1321,4,1200,1.00454201363
93972,93982,97654,10,3672,2,18000,1.00272331155
94089,94099,97873,10,3774,2,18000,1.00264970853
94167,94176,97969,9,3793,2,18000,1.00237279199
94273,94282,97760,9,3478,2,18000,1.00258769408
94294,94307,98016,13,3709,2,18000,1.00350498787
94308,94317,97804,9,3487,2,18000,1.0025810152
94435,94445,98415,10,3970,2,18000,1.00251889169
94561,94571,98358,10,3787,2,18000,1.00264061262
94754,94764,98556,10,3792,2,18000,1.0026371308
94808,94818,98740,10,3922,2,18000,1.00254971953
94922,94932,98516,10,3584,2,18000,1.00279017857
95021,95032,98763,11,3731,2,18000,1.00294827124
95036,95042,98614,6,3572,2,18000,1.00167973124
95126,95135,98836,9,3701,2,18000,1.0024317752
95141,95148,98943,7,3795,2,18000,1.00184453228
95156,95162,98712,6,3550,2,18000,1.00169014085
95228,95237,99038,9,3801,2,18000,1.00236779795
95243,95249,98710,6,3461,2,18000,1.001733603
95345,95354,98739,9,3385,2,18000,1.00265878877
95420,95431,98925,11,3494,2,18000,1.00314825415
95439,95446,99073,7,3627,2,18000,1.00192996967
95453,95463,99250,10,3787,2,18000,1.00264061262
95468,95473,99077,5,3604,2,18000,1.00138734739
95501,95510,99017,9,3507,2,18000,1.00256629598
95516,95521,99006,5,3485,2,18000,1.00143472023
95555,95565,99470,10,3905,2,18000,1.00256081946
95723,95734,99389,11,3655,2,18000,1.00300957592
95765,95773,99311,8,3538,2,18000,1.0022611645
95780,95786,99592,6,3806,2,18000,1.00157645822
95798,95808,99480,10,3672,2,18000,1.00272331155
95874,95880,97446,6,1566,8,86400,1.00383141762
95937,95947,99605,10,3658,2,18000,1.00273373428
95952,95960,99395,8,3435,2,18000,1.00232896652
96045,96053,99689,8,3636,2,18000,1.00220022002
96059,96068,99875,9,3807,2,18000,1.00236406619
96074,96080,99928,6,3848,2,18000,1.00155925156
96119,96130,99783,11,3653,2,18000,1.00301122365
96692,96700,100570,8,3870,2,18000,1.00206718346
96854,96863,100488,9,3625,2,18000,1.00248275862
97177,97185,100649,8,3464,2,18000,1.00230946882
97433,97442,101264,9,3822,2,18000,1.00235478807
97656,97665,101012,9,3347,2,18000,1.0026889752
97761,97772,101296,11,3524,2,18000,1.00312145289
97806,97815,101554,9,3739,2,18000,1.00240706071
97875,97884,101564,9,3680,2,18000,1.00244565217
97971,97980,101755,9,3775,2,18000,1.00238410596
98019,98027,101709,8,3682,2,18000,1.00217273221
98359,98370,102188,11,3818,2,18000,1.00288108958
98416,98426,102128,10,3702,2,18000,1.00270124257
98516,98527,101960,11,3433,2,18000,1.00320419458
98558,98567,102355,9,3788,2,18000,1.00237592397
98615,98625,102320,10,3695,2,18000,1.00270635995
98711,98721,102339,10,3618,2,18000,1.00276395799
98726,98732,102290,6,3558,2,18000,1.00168634064
98741,98750,102206,9,3456,2,18000,1.00260416667
98742,98755,102615,13,3860,2,18000,1.00336787565
98766,98774,102416,8,3642,2,18000,1.00219659528
98838,98848,102683,10,3835,2,18000,1.00260756193
98928,98937,102814,9,3877,2,18000,1.00232138251
98943,98954,102399,11,3445,2,18000,1.00319303338
99009,99017,102826,8,3809,2,18000,1.00210028879
99024,99030,102838,6,3808,2,18000,1.00157563025
99039,99049,102835,10,3786,2,18000,1.00264131009
99075,99084,102881,9,3797,2,18000,1.00237029234
99090,99096,102641,6,3545,2,18000,1.00169252468
99252,99261,102963,9,3702,2,18000,1.00243111831
99313,99323,102891,10,3568,2,18000,1.00280269058
99391,99401,103188,10,3787,2,18000,1.00264061262
99405,99411,103012,6,3601,2,18000,1.00166620383
99471,99481,103248,10,3767,2,18000,1.00265463233
99486,99492,102978,6,3486,2,18000,1.0017211704
99494,99501,100234,7,733,8,86400,1.00954979536
99595,99603,103441,8,3838,2,18000,1.00208441897
99610,99616,103389,6,3773,2,18000,1.00159024649
99693,99701,103253,8,3552,2,18000,1.00225225225
99786,99794,103384,8,3590,2,18000,1.00222841226
99876,99886,103737,10,3851,2,18000,1.00259672812
99930,99939,103453,9,3514,2,18000,1.00256118384
100490,100500,104217,10,3717,2,18000,1.00269034167
100571,100581,103968,10,3387,2,18000,1.00295246531
100650,100660,104335,10,3675,2,18000,1.00272108844
101014,101024,104838,10,3814,2,18000,1.00262191924
101266,101275,104784,9,3509,2,18000,1.00256483329
101299,101307,105102,8,3795,2,18000,1.00210803689
101556,101566,105370,10,3804,2,18000,1.00262881178
101571,101577,105168,6,3591,2,18000,1.00167084378
101710,101720,105143,10,3423,2,18000,1.00292141396
101756,101766,105598,10,3832,2,18000,1.00260960334
101964,101971,105717,7,3746,2,18000,1.0018686599
102130,102139,105907,9,3768,2,18000,1.00238853503
102190,102199,105924,9,3725,2,18000,1.00241610738
102208,102217,105917,9,3700,2,18000,1.00243243243
102292,102302,105843,10,3541,2,18000,1.002824061
102322,102331,105979,9,3648,2,18000,1.00246710526
102340,102351,106074,11,3723,2,18000,1.0029546065
102358,102367,105814,9,3447,2,18000,1.00261096606
102400,102410,106078,10,3668,2,18000,1.00272628135
102417,102427,105958,10,3531,2,18000,1.00283205891
102617,102627,106225,10,3598,2,18000,1.00277932185
102644,102652,106312,8,3660,2,18000,1.00218579235
102686,102694,106125,8,3431,2,18000,1.00233168173
102815,102825,106594,10,3769,2,18000,1.00265322367
102830,102837,106638,7,3801,2,18000,1.00184162063
102845,102851,106680,6,3829,2,18000,1.00156698877
102846,102857,106321,11,3464,2,18000,1.00317551963
102882,102892,106465,10,3573,2,18000,1.00279876854
102897,102903,106522,6,3619,2,18000,1.00165791655
102966,102975,106626,9,3651,2,18000,1.00246507806
102981,102989,106847,8,3858,2,18000,1.00207361327
103015,103023,106847,8,3824,2,18000,1.00209205021
103189,103199,106733,10,3534,2,18000,1.00282965478
103249,103259,106896,10,3637,2,18000,1.00274951883
103264,103270,106797,6,3527,2,18000,1.00170116246
103384,103395,107126,11,3731,2,18000,1.00294827124
103399,103405,107117,6,3712,2,18000,1.00161637931
103441,103452,107100,11,3648,2,18000,1.00301535088
103456,103464,106886,8,3422,2,18000,1.00233781414
103739,103748,107365,9,3617,2,18000,1.00248824993
103969,103980,107643,11,3663,2,18000,1.003003003
104219,104228,107678,9,3450,2,18000,1.00260869565
104336,104346,107946,10,3600,2,18000,1.00277777778
104786,104795,108269,9,3474,2,18000,1.00259067358
104839,104849,108267,10,3418,2,18000,1.00292568754
105102,105113,108709,11,3596,2,18000,1.00305895439
105144,105154,108953,10,3799,2,18000,1.00263227165
105171,105179,108997,8,3818,2,18000,1.00209533787
105372,105381,109018,9,3637,2,18000,1.00247456695
105601,105609,109291,8,3682,2,18000,1.00217273221
105718,105728,109564,10,3836,2,18000,1.00260688217
105815,105825,109337,10,3512,2,18000,1.00284738041
105845,105854,109491,9,3637,2,18000,1.00247456695
105908,105918,109681,10,3763,2,18000,1.00265745416
105923,105929,109437,6,3508,2,18000,1.00171037628
105937,105943,109678,6,3735,2,18000,1.0016064257
105958,105969,109708,11,3739,2,18000,1.00294196309
105982,105990,109614,8,3624,2,18000,1.00220750552
106075,106085,109872,10,3787,2,18000,1.00264061262
106090,106096,109681,6,3585,2,18000,1.00167364017
106128,106137,109832,9,3695,2,18000,1.00243572395
106228,106236,109913,8,3677,2,18000,1.0021756867
106315,106323,109885,8,3562,2,18000,1.00224592925
106330,106336,109912,6,3576,2,18000,1.00167785235
106468,106477,110224,9,3747,2,18000,1.00240192154
106525,106534,110257,9,3723,2,18000,1.00241740532
106594,106605,110016,11,3411,2,18000,1.00322486074
106627,106637,110496,10,3859,2,18000,1.00259134491
106642,106650,110062,8,3412,2,18000,1.00234466589
106681,106692,110518,11,3826,2,18000,1.00287506534
106735,106744,110499,9,3755,2,18000,1.00239680426
106798,106808,110457,10,3649,2,18000,1.00274047684
106849,106858,110458,9,3600,2,18000,1.0025
106850,106863,110297,13,3434,2,18000,1.00378567268
106890,106898,110415,8,3517,2,18000,1.00227466591
106904,106910,110624,6,3714,2,18000,1.00161550889
107101,107112,110555,11,3443,2,18000,1.00319488818
107119,107128,110705,9,3577,2,18000,1.00251607492
107133,107140,110742,7,3602,2,18000,1.0019433648
107365,107376,110781,11,3405,2,18000,1.00323054332
107646,107654,111309,8,3655,2,18000,1.00218878249
107681,107689,111206,8,3517,2,18000,1.00227466591
107948,107957,111839,9,3882,2,18000,1.00231839258
108268,108278,111900,10,3622,2,18000,1.00276090558
108282,108288,111849,6,3561,2,18000,1.00168491997
108710,108721,112376,11,3655,2,18000,1.00300957592
108954,108964,112651,10,3687,2,18000,1.00271223217
108999,109008,112855,9,3847,2,18000,1.00233948531
109020,109029,112836,9,3807,2,18000,1.00236406619
109291,109302,112664,11,3362,2,18000,1.00327186199
109339,109348,113070,9,3722,2,18000,1.00241805481
109439,109448,113277,9,3829,2,18000,1.00235048315
109493,109502,113225,9,3723,2,18000,1.00241740532
109568,109576,113050,8,3474,2,18000,1.00230282096
109616,109625,113247,9,3622,2,18000,1.00248481502
109679,109689,113257,10,3568,2,18000,1.00280269058
109694,109700,113596,6,3896,2,18000,1.00154004107
109695,109706,113043,11,3337,2,18000,1.00329637399
109710,109719,113566,9,3847,2,18000,1.00233948531
109833,109844,113513,11,3669,2,18000,1.00299809212
109875,109883,113294,8,3411,2,18000,1.00234535327
109890,109896,113317,6,3421,2,18000,1.00175387314
109914,109924,113589,10,3665,2,18000,1.00272851296
109915,109929,113603,14,3674,2,18000,1.0038105607
110017,110027,113648,10,3621,2,18000,1.00276166805
110065,110074,113691,9,3617,2,18000,1.00248824993
110228,110238,113733,10,3495,2,18000,1.00286123033
110259,110269,113651,10,3382,2,18000,1.00295683028
110298,110309,113810,11,3501,2,18000,1.00314195944
110417,110427,114053,10,3626,2,18000,1.0027578599
110459,110468,114175,9,3707,2,18000,1.00242783922
110460,110474,113830,14,3356,2,18000,1.0041716329
110497,110507,113911,10,3404,2,18000,1.00293772033
110498,110513,113961,15,3448,2,18000,1.00435034803
110519,110529,113968,10,3439,2,18000,1.00290782204
110557,110567,113752,10,3185,2,18000,1.00313971743
110627,110636,114295,9,3659,2,18000,1.00245968844
110708,110716,114152,8,3436,2,18000,1.00232828871
110744,110753,114542,9,3789,2,18000,1.00237529691
110783,110792,114511,9,3719,2,18000,1.00242000538
111208,111217,114729,9,3512,2,18000,1.00256264237
111310,111321,114833,11,3512,2,18000,1.00313211845
111841,111850,115435,9,3585,2,18000,1.00251046025
111856,111862,115697,6,3835,2,18000,1.00156453716
111901,111911,115594,10,3683,2,18000,1.00271517784
112378,112388,116062,10,3674,2,18000,1.00272182907
112653,112662,116430,9,3768,2,18000,1.00238853503
112667,112675,116330,8,3655,2,18000,1.00218878249
112839,112847,116549,8,3702,2,18000,1.00216099406
112856,112866,116629,10,3763,2,18000,1.00265745416
113043,113054,116578,11,3524,2,18000,1.00312145289
113058,113064,116876,6,3812,2,18000,1.00157397692
113073,113081,116712,8,3631,2,18000,1.00220324979
113226,113236,116938,10,3702,2,18000,1.00270124257
113250,113258,116843,8,3585,2,18000,1.00223152022
113264,113271,116673,7,3402,2,18000,1.00205761317
113279,113288,116918,9,3630,2,18000,1.00247933884
113297,113305,116787,8,3482,2,18000,1.00229753016
113318,113328,117141,10,3813,2,18000,1.00262260687
113517,113524,116957,7,3433,2,18000,1.00203903292
113568,113577,117020,9,3443,2,18000,1.00261399942
113591,113600,116952,9,3352,2,18000,1.0026849642
113606,113613,117181,7,3568,2,18000,1.00196188341
113608,113619,116874,11,3255,2,18000,1.00337941628
113650,113659,117384,9,3725,2,18000,1.00241610738
113664,113670,117216,6,3546,2,18000,1.00169204738
113691,113702,117107,11,3405,2,18000,1.00323054332
113736,113744,117397,8,3653,2,18000,1.00218998084
113754,113764,117415,10,3651,2,18000,1.00273897562
113811,113821,117414,10,3593,2,18000,1.00278318954
113832,113841,117428,9,3587,2,18000,1.0025090605
113913,113922,117579,9,3657,2,18000,1.00246103363
113964,113972,117840,8,3868,2,18000,1.00206825233
113978,113984,117575,6,3591,2,18000,1.00167084378
114053,114064,117453,11,3389,2,18000,1.00324579522
114153,114164,117511,11,3347,2,18000,1.00328652525
114177,114186,117962,9,3776,2,18000,1.00238347458
114297,114306,117665,9,3359,2,18000,1.00267936886
114512,114522,117840,10,3318,2,18000,1.00301386377
114544,114554,118109,10,3555,2,18000,1.00281293952
114731,114741,118216,10,3475,2,18000,1.00287769784
114834,114844,118450,10,3606,2,18000,1.00277315585
115436,115446,119079,10,3633,2,18000,1.00275254611
115596,115605,119091,9,3486,2,18000,1.00258175559
115699,115708,119350,9,3642,2,18000,1.00247116969
115722,115728,115830,6,102,1,7200,1.05882352941
116005,116011,116202,6,191,1,7200,1.03141361257
116078,116084,119790,6,3706,2,18000,1.00161899622
116331,116341,120207,10,3866,2,18000,1.00258665287
116352,116358,117326,6,968,8,7200,1.00619834711
116433,116442,119918,9,3476,2,18000,1.00258918297
116551,116560,120235,9,3675,2,18000,1.00244897959
116581,116589,120323,8,3734,2,18000,1.00214247456
116632,116640,120260,8,3620,2,18000,1.00220994475
116674,116684,120338,10,3654,2,18000,1.00273672687
116713,116723,120483,10,3760,2,18000,1.00265957447
116789,116798,120533,9,3735,2,18000,1.00240963855
116844,116854,120518,10,3664,2,18000,1.00272925764
116878,116885,120574,7,3689,2,18000,1.00189753321
116879,116891,120397,12,3506,2,18000,1.00342270394
116921,116929,120342,8,3413,2,18000,1.0023439789
116939,116949,120830,10,3881,2,18000,1.0025766555
116954,116963,120579,9,3616,2,18000,1.00248893805
116970,116977,120337,7,3360,2,18000,1.00208333333
117023,117031,120833,8,3802,2,18000,1.00210415571
117108,117118,120853,10,3735,2,18000,1.00267737617
117144,117152,121029,8,3877,2,18000,1.00206345112
117183,117192,120583,9,3391,2,18000,1.00265408434
117219,117227,120953,8,3726,2,18000,1.00214707461
117386,117395,120949,9,3554,2,18000,1.00253235791
117401,117408,120822,7,3414,2,18000,1.00205038079
117417,117431,121260,14,3829,2,18000,1.00365630713
117418,117425,121007,7,3582,2,18000,1.00195421552
117433,117439,121256,6,3817,2,18000,1.00157191512
117454,117465,121106,11,3641,2,18000,1.00302114804
117514,117523,120975,9,3452,2,18000,1.00260718424
117577,117587,120996,10,3409,2,18000,1.00293341156
117592,117598,121187,6,3589,2,18000,1.00167177487
117668,117676,121296,8,3620,2,18000,1.00220994475
117842,117851,121704,9,3853,2,18000,1.0023358422
117844,117856,121328,12,3472,2,18000,1.0034562212
117963,117973,121611,10,3638,2,18000,1.00274876306
118111,118120,122039,9,3919,2,18000,1.00229650421
118147,118153,118744,6,591,8,7200,1.01015228426
118216,118227,121922,11,3695,2,18000,1.00297699594
118452,118462,121962,10,3500,2,18000,1.00285714286
119065,119071,202810,6,83739,12,360000,1.0000716512
119092,119098,122399,6,3301,2,18000,1.00181763102
119093,119104,122623,11,3519,2,18000,1.00312588804
119101,119110,121943,9,2833,2,43200,1.00317684433
119350,119361,122681,11,3320,2,18000,1.00331325301
119791,119801,123216,10,3415,2,18000,1.00292825769
119921,119929,123381,8,3452,2,18000,1.0023174971
120208,120218,123878,10,3660,2,18000,1.00273224044
120238,120246,123880,8,3634,2,18000,1.00220143093
120247,120253,125176,6,4923,2,36000,1.00121876904
120261,120271,123636,10,3365,2,18000,1.0029717682
120325,120334,123755,9,3421,2,18000,1.0026308097
120340,120348,123956,8,3608,2,18000,1.0022172949
120341,120353,123543,12,3190,2,18000,1.00376175549
120356,120362,124243,6,3881,2,18000,1.0015459933
120395,120408,123864,13,3456,2,18000,1.00376157407
120485,120494,124090,9,3596,2,18000,1.00250278087
120521,120529,124174,8,3645,2,18000,1.00219478738
120530,120536,126180,6,5644,2,36000,1.00106307583
120536,120544,124043,8,3499,2,18000,1.00228636753
120575,120585,124325,10,3740,2,18000,1.00267379679
120590,120596,124488,6,3892,2,18000,1.00154162384
120591,120602,124240,11,3638,2,18000,1.00302363936
120824,120833,124288,9,3455,2,18000,1.00260492041
120839,120845,124195,6,3350,2,18000,1.00179104478
120841,120851,124368,10,3517,2,18000,1.00284333239
120855,120864,124601,9,3737,2,18000,1.00240834894
120915,120921,121163,6,242,10,600,1.02479338843
120938,120945,126510,7,5565,2,36000,1.00125786164
120953,120960,124651,7,3691,2,18000,1.00189650501
120954,120966,124520,12,3554,2,18000,1.00337647721
120978,120986,124472,8,3486,2,18000,1.00229489386
120996,121007,124853,11,3846,2,18000,1.0028601144
121011,121019,124748,8,3729,2,18000,1.00214534728
121032,121040,124431,8,3391,2,18000,1.00235918608
121044,121050,207541,6,86491,8,360000,1.00006937138
121107,121117,124554,10,3437,2,18000,1.00290951411
121188,121198,124834,10,3636,2,18000,1.00275027503
121201,121207,126696,6,5489,2,36000,1.00109309528
121258,121267,124849,9,3582,2,18000,1.00251256281
121272,121278,125032,6,3754,2,18000,1.00159829515
121296,121307,124869,11,3562,2,18000,1.00308815272
121329,121340,125118,11,3778,2,18000,1.00291159344
121613,121623,125156,10,3533,2,18000,1.0028304557
121708,121716,125400,8,3684,2,18000,1.00217155266
121925,121934,125488,9,3554,2,18000,1.00253235791
121964,121974,125243,10,3269,2,18000,1.00305903946
122042,122050,125627,8,3577,2,18000,1.00223651104
122155,122161,122370,6,209,9,600,1.02870813397
122402,122414,125927,12,3513,2,18000,1.00341588386
122402,122408,122409,6,1,1,600,1.0
122626,122634,126148,8,3514,2,18000,1.00227660785
122655,122661,122662,6,1,1,600,1.0
122683,122693,126266,10,3573,2,18000,1.00279876854
123050,123057,209472,7,86415,60,86400,1.00008100446
123218,123227,126898,9,3671,2,18000,1.00245164805
123384,123392,127026,8,3634,2,18000,1.00220143093
123547,123555,127071,8,3516,2,18000,1.00227531286
123638,123647,126964,9,3317,2,18000,1.00271329515
123648,123654,127382,6,3728,1,3600,1.00160944206
123758,123766,127446,8,3680,2,18000,1.00217391304
123805,123811,124044,6,233,9,600,1.02575107296
123867,123875,127617,8,3742,2,18000,1.00213789417
123882,123889,127561,7,3672,2,18000,1.00190631808
123884,123895,127351,11,3456,2,18000,1.00318287037
123959,123967,127500,8,3533,2,18000,1.00226436456
124046,124054,127758,8,3704,2,18000,1.00215982721
124091,124101,127779,10,3678,2,18000,1.00271886895
124175,124185,127968,10,3783,2,18000,1.00264340471
124196,124207,127873,11,3666,2,18000,1.00300054555
124241,124251,127675,10,3424,2,18000,1.00292056075
124256,124262,127875,6,3613,2,18000,1.0016606698
124289,124300,128129,11,3829,2,18000,1.00287281274
124328,124337,128019,9,3682,2,18000,1.00244432374
124370,124379,127864,9,3485,2,18000,1.00258249641
124433,124442,128065,9,3623,2,18000,1.00248412917
124472,124483,128038,11,3555,2,18000,1.00309423347
124490,124500,128199,10,3699,2,18000,1.00270343336
124520,124531,128278,11,3747,2,18000,1.00293568188
124556,124565,128269,9,3704,2,18000,1.00242980562
124604,124612,128080,8,3468,2,18000,1.00230680507
124652,124662,128497,10,3835,2,18000,1.00260756193
124748,124759,128509,11,3750,2,18000,1.00293333333
124835,124845,128672,10,3827,2,18000,1.0026130128
124850,124860,128625,10,3765,2,18000,1.0026560425
124865,124871,128431,6,3560,2,18000,1.00168539326
124880,124886,128512,6,3626,2,18000,1.00165471594
125034,125043,128759,9,3716,2,18000,1.0024219591
125046,125052,125053,6,1,1,600,1.0
125101,125107,125112,6,5,1,600,1.1
125118,125129,128588,11,3459,2,18000,1.00318010986
125157,125167,128700,10,3533,2,18000,1.0028304557
125244,125254,128643,10,3389,2,18000,1.00295072293
125402,125412,129073,10,3661,2,18000,1.00273149413
125489,125500,129116,11,3616,2,18000,1.0030420354
125628,125639,129518,11,3879,2,18000,1.00283578242
125930,125938,129454,8,3516,2,18000,1.00227531286
126151,126159,129765,8,3606,2,18000,1.00221852468
126269,126277,129847,8,3570,2,18000,1.00224089636
126898,126909,130401,11,3492,2,18000,1.00315005727
126965,126975,130422,10,3447,2,18000,1.0029010734
127028,127037,130356,9,3319,2,18000,1.00271166014
127073,127082,130723,9,3641,2,18000,1.00247184839
127179,127185,127228,6,43,94,300,1.13953488372
127283,127289,127327,6,38,94,300,1.15789473684
127355,127362,130819,7,3457,2,18000,1.00202487706
127448,127458,131188,10,3730,2,18000,1.00268096515
127473,127479,127517,6,38,94,300,1.15789473684
127502,127512,131197,10,3685,2,18000,1.00271370421
127562,127572,131043,10,3471,2,18000,1.00288101412
127612,127618,130931,6,3313,1,7200,1.00181104739
127620,127628,130972,8,3344,2,18000,1.0023923445
127677,127686,131468,9,3782,2,18000,1.00237969328
127680,127691,127715,11,24,2,10800,1.45833333333
127761,127769,131431,8,3662,2,18000,1.00218459858
127782,127790,131391,8,3601,2,18000,1.00222160511
127866,127875,131468,9,3593,2,18000,1.00250487058
127881,127887,131285,6,3398,2,18000,1.00176574456
127882,127893,131470,11,3577,2,18000,1.00307520268
127969,127979,131573,10,3594,2,18000,1.00278241514
128020,128030,131860,10,3830,2,18000,1.00261096606
128038,128049,131558,11,3509,2,18000,1.00313479624
128068,128076,131616,8,3540,2,18000,1.00225988701
128084,128091,131342,7,3251,2,18000,1.00215318364
128134,128140,131549,6,3409,2,18000,1.00176004693
128200,128210,131851,10,3641,2,18000,1.00274649821
128274,128280,131774,6,3494,2,18000,1.00171722954
128289,128295,131850,6,3555,2,18000,1.00168776371
128435,128442,132231,7,3789,2,18000,1.00184745315
128498,128508,132025,10,3517,2,18000,1.00284333239
128513,128519,132186,6,3667,2,18000,1.00163621489
128515,128526,132275,11,3749,2,18000,1.00293411576
128590,128599,132354,9,3755,2,18000,1.00239680426
128626,128636,132027,10,3391,2,18000,1.0029489826
128644,128654,132384,10,3730,2,18000,1.00268096515
128674,128683,132131,9,3448,2,18000,1.00261020882
128701,128711,132316,10,3605,2,18000,1.0027739251
128762,128770,132165,8,3395,2,18000,1.00235640648
129075,129085,132389,10,3304,2,18000,1.00302663438
129118,129127,132641,9,3514,2,18000,1.00256118384
129456,129466,132944,10,3478,2,18000,1.00287521564
129520,129529,133200,9,3671,2,18000,1.00245164805
129768,129776,133346,8,3570,2,18000,1.00224089636
129849,129858,133505,9,3647,2,18000,1.00246778174
130357,130368,133789,11,3421,2,18000,1.00321543408
130402,130412,134251,10,3839,2,18000,1.00260484501
130423,130433,134009,10,3576,2,18000,1.00279642058
130724,130734,134499,10,3765,2,18000,1.0026560425
130821,130830,134782,9,3952,2,18000,1.00227732794
130972,130983,134437,11,3454,2,18000,1.00318471338
131045,131054,134921,9,3867,2,18000,1.00232738557
131189,131199,134825,10,3626,2,18000,1.0027578599
131204,131210,134699,6,3489,2,18000,1.00171969046
131288,131297,134784,9,3487,2,18000,1.0025810152
131345,131353,135137,8,3784,2,18000,1.0021141649
131393,131403,135065,10,3662,2,18000,1.00273074823
131432,131442,134899,10,3457,2,18000,1.00289268152
131469,131481,135026,12,3545,2,18000,1.00338504937
131470,131486,135152,16,3666,2,18000,1.0043644299
131471,131491,135062,20,3571,2,18000,1.00560067208
131550,131560,135406,10,3846,2,18000,1.002600104
131565,131571,135204,6,3633,2,18000,1.00165152766
131579,131586,135380,7,3794,2,18000,1.00184501845
131618,131627,135265,9,3638,2,18000,1.00247388675
131775,131785,135158,10,3373,2,18000,1.00296471983
131851,131861,135673,10,3812,2,18000,1.00262329486
131866,131871,135683,5,3812,2,18000,1.00131164743
131867,131877,135480,10,3603,2,18000,1.00277546489
132027,132042,135842,15,3800,2,18000,1.00394736842
132028,132036,135728,8,3692,2,18000,1.00216684724
132134,132142,135684,8,3542,2,18000,1.00225861095
132167,132176,135804,9,3628,2,18000,1.00248070562
132188,132197,135617,9,3420,2,18000,1.00263157895
132195,132203,138834,8,6631,1,10800,1.00120645453
132232,132242,135885,10,3643,2,18000,1.00274499039
132278,132286,135895,8,3609,2,18000,1.00221668052
132317,132327,135818,10,3491,2,18000,1.00286450874
132356,132365,135727,9,3362,2,18000,1.00267697799
132386,132396,136092,10,3696,2,18000,1.00270562771
132401,132407,136060,6,3653,2,18000,1.00164248563
132644,132652,136479,8,3827,2,18000,1.00209041024
132946,132955,136855,9,3900,2,18000,1.00230769231
133200,133211,136722,11,3511,2,18000,1.00313301054
133349,133357,137104,8,3747,2,18000,1.00213504137
133506,133516,136748,10,3232,2,18000,1.00309405941
133792,133801,137622,9,3821,2,18000,1.00235540434
134010,134020,137764,10,3744,2,18000,1.00267094017
134219,134225,134472,6,247,4,57600,1.02429149798
134252,134262,137716,10,3454,2,18000,1.00289519398
134439,134448,138214,9,3766,2,18000,1.00238980351
134502,134511,138305,9,3794,2,18000,1.00237216658
134530,134536,135579,6,1043,2,72000,1.00575263663
134533,134542,152446,9,17904,4,230400,1.00050268097
134701,134711,138025,10,3314,2,18000,1.00301750151
134786,134795,138376,9,3581,2,18000,1.00251326445
134787,134800,138470,13,3670,2,18000,1.00354223433
134826,134836,138550,10,3714,2,18000,1.00269251481
134844,134850,138490,6,3640,2,3600,1.00164835165
134901,134910,138360,9,3450,2,18000,1.00260869565
134922,134932,138644,10,3712,2,18000,1.00269396552
134985,134991,135000,6,9,2,3600,1.5
135028,135037,138527,9,3490,2,18000,1.00257879656
135064,135073,138802,9,3729,2,18000,1.00241351569
135079,135085,138814,6,3729,2,18000,1.00160901046
135139,135148,138802,9,3654,2,18000,1.00246305419
135154,135163,138879,9,3716,2,18000,1.0024219591
135169,135174,138927,5,3753,2,18000,1.00133226752
135205,135215,138638,10,3423,2,18000,1.00292141396
135268,135277,138879,9,3602,2,18000,1.00249861188
135308,135314,135353,6,39,2,10800,1.15384615385
135355,135360,135379,5,19,2,3600,1.26315789474
135382,135391,138896,9,3505,2,18000,1.00256776034
135409,135418,138843,9,3425,2,18000,1.00262773723
135481,135492,139105,11,3613,2,18000,1.00304456131
135620,135628,139438,8,3810,2,18000,1.00209973753
135674,135684,139304,10,3620,2,18000,1.00276243094
135690,135696,139553,6,3857,2,18000,1.00155561317
135691,135702,139286,11,3584,2,18000,1.00306919643
135730,135738,139434,8,3696,2,18000,1.00216450216
135732,135744,139181,12,3437,2,18000,1.00349141693
135807,135816,139552,9,3736,2,18000,1.00240899358
135822,135829,139217,7,3388,2,18000,1.0020661157
135844,135853,139691,9,3838,2,18000,1.00234497134
135886,135896,139365,10,3469,2,18000,1.00288267512
135900,135906,139693,6,3787,2,18000,1.00158436757
136063,136072,139514,9,3442,2,18000,1.00261475886
136093,136103,139712,10,3609,2,18000,1.00277085065
136480,136491,140046,11,3555,2,18000,1.00309423347
136681,136687,137321,6,634,2,72000,1.0094637224
136727,136733,140421,6,3688,2,18000,1.00162689805
136751,136759,140238,8,3479,2,18000,1.00229951135
136857,136866,140454,9,3588,2,18000,1.0025083612
137106,137115,140687,9,3572,2,18000,1.00251959686
137624,137633,140997,9,3364,2,18000,1.00267538644
137718,137727,141202,9,3475,2,18000,1.00258992806
137766,137776,141498,10,3722,2,18000,1.00268672757
138027,138036,141525,9,3489,2,18000,1.00257953568
138214,138225,141790,11,3565,2,18000,1.003085554
138306,138316,141995,10,3679,2,18000,1.00271812993
138363,138371,142139,8,3768,2,18000,1.00212314225
138378,138387,141823,9,3436,2,18000,1.0026193248
138471,138481,141820,10,3339,2,18000,1.00299490866
138528,138538,142015,10,3477,2,18000,1.00287604257
138552,138561,142299,9,3738,2,18000,1.00240770465
138640,138652,142019,12,3367,2,18000,1.00356400356
138641,138646,138750,5,104,1,1800,1.04807692308
138654,138661,142325,7,3664,2,18000,1.00191048035
138803,138813,142281,10,3468,2,18000,1.00288350634
138805,138818,142342,13,3524,2,18000,1.00368898978
138820,138826,142438,6,3612,2,18000,1.00166112957
138844,138855,142721,11,3866,2,18000,1.00284531816
138882,138905,142725,23,3820,2,18000,1.00602094241
138884,138910,142514,26,3604,2,18000,1.00721420644
138899,138916,142782,17,3866,2,18000,1.00439730988
138929,138938,142464,9,3526,2,18000,1.00255246739
139053,139059,139170,6,111,1,1800,1.05405405405
139107,139116,142668,9,3552,2,18000,1.00253378378
139183,139192,142728,9,3536,2,18000,1.00254524887
139219,139228,142814,9,3586,2,18000,1.00250976018
139289,139297,142872,8,3575,2,18000,1.00223776224
139307,139315,143161,8,3846,2,18000,1.0020800832
139369,139377,142770,8,3393,2,18000,1.00235779546
139436,139445,143065,9,3620,2,18000,1.00248618785
139451,139457,142931,6,3474,2,18000,1.00172711572
139517,139525,143086,8,3561,2,18000,1.00224655996
139554,139569,143051,15,3482,2,18000,1.00430786904
139555,139563,143050,8,3487,2,18000,1.00229423573
139694,139702,143496,8,3794,2,18000,1.00210859251
139695,139708,143284,13,3576,2,18000,1.00363534676
139714,139723,143274,9,3551,2,18000,1.00253449732
139811,139817,140331,6,514,1,1800,1.01167315175
140050,140057,143773,7,3716,2,18000,1.00188374596
140217,140223,205231,6,65008,2,604800,1.00009229633
140242,140249,143625,7,3376,2,18000,1.00207345972
140424,140432,144238,8,3806,2,18000,1.0021019443
140457,140465,143901,8,3436,2,18000,1.00232828871
140607,140614,140619,7,5,1,600,1.2
140689,140699,144238,10,3539,2,18000,1.00282565697
140998,141008,144238,10,3230,2,18000,1.00309597523
141204,141213,144238,9,3025,2,18000,1.00297520661
141501,141509,144238,8,2729,2,18000,1.00293147673
141528,141536,144238,8,2702,2,18000,1.0029607698
141790,141801,144238,11,2437,2,18000,1.00451374641
141821,141831,144238,10,2407,2,18000,1.00415454923
141836,141842,144238,6,2396,2,18000,1.00250417362
141967,141973,142196,6,223,1,1200,1.0269058296
141996,142006,144238,10,2232,2,18000,1.00448028674
142016,142024,142067,8,43,1,1800,1.18604651163
142016,142031,144238,15,2207,2,18000,1.00679655641
142031,142037,144238,6,2201,2,18000,1.00272603362
142050,142056,142094,6,38,1,1800,1.15789473684
142140,142150,144238,10,2088,2,18000,1.00478927203
142281,142296,144238,15,1942,2,18000,1.00772399588
142284,142290,142292,6,2,1,600,1.0
142302,142311,144238,9,1927,2,18000,1.00467047224
142326,142336,144238,10,1902,2,18000,1.00525762355
142344,142353,144238,9,1885,2,18000,1.00477453581
142380,142386,142462,6,76,1,1800,1.07894736842
142382,142392,142469,10,77,1,1800,1.12987012987
142440,142449,144238,9,1789,2,18000,1.00503074343
142456,142462,142529,6,67,1,600,1.08955223881
142467,142493,144238,26,1745,2,18000,1.01489971347
142515,142525,144238,10,1713,2,18000,1.00583771162
142670,142679,144238,9,1559,2,18000,1.00577293137
142725,142733,144238,8,1505,2,18000,1.00531561462
142740,142746,144238,6,1492,2,18000,1.00402144772
142742,142752,144238,10,1486,2,18000,1.0067294751
142757,142763,142769,6,6,1,600,1.2
142772,142782,144238,10,1456,2,18000,1.00686813187
142787,142793,144238,6,1445,2,18000,1.00415224913
142817,142826,144238,9,1412,2,18000,1.00637393768
142875,142883,144238,8,1355,2,18000,1.00590405904
142908,142914,142985,6,71,1,600,1.08450704225
142935,142943,144238,8,1295,2,18000,1.00617760618
142980,142986,143217,6,231,1,1800,1.02597402597
143053,143061,144238,8,1177,2,18000,1.00679694138
143054,143066,144238,12,1172,2,18000,1.01023890785
143069,143077,144238,8,1161,2,18000,1.00689061154
143087,143097,144238,10,1141,2,18000,1.00876424189
143163,143172,144238,9,1066,2,18000,1.00844277674
143277,143285,144238,8,953,2,18000,1.00839454355
143292,143298,144238,6,940,2,18000,1.00638297872
143316,143322,143583,6,261,1,1800,1.02298850575
143497,143508,144238,11,730,2,18000,1.01506849315
143579,143585,151405,6,7820,2,36000,1.00076726343
143627,143637,144238,10,601,2,18000,1.01663893511
143775,143784,144238,9,454,2,18000,1.01982378855
143903,143912,144238,9,326,2,18000,1.02760736196
144123,144130,150022,7,5892,2,36000,1.0011880516
144297,144303,149394,6,5091,2,18000,1.00117855038
144298,144309,149791,11,5482,2,18000,1.00200656695
144300,144314,149711,14,5397,2,18000,1.00259403372
144301,144319,149616,18,5297,2,18000,1.0033981499
144302,144324,149574,22,5250,2,18000,1.00419047619
144303,144329,149728,26,5399,2,18000,1.00481570661
144305,144335,149604,30,5269,2,18000,1.00569368002
144306,144340,149740,34,5400,2,18000,1.0062962963
144307,144345,149796,38,5451,2,18000,1.00697119795
144309,144350,149935,41,5585,2,18000,1.00734109221
144310,144355,149308,45,4953,2,18000,1.00908540279
144311,144360,149629,49,5269,2,18000,1.00929967736
144312,144366,149725,54,5359,2,18000,1.01007650681
144314,144371,149474,57,5103,2,18000,1.01116990006
144315,144376,149791,61,5415,2,18000,1.01126500462
144316,144381,149615,65,5234,2,18000,1.01241880015
144318,144386,149606,68,5220,2,18000,1.01302681992
144319,144392,149472,73,5080,2,18000,1.01437007874
144320,144397,149779,77,5382,2,18000,1.01430694909
144322,144402,149637,80,5235,2,18000,1.0152817574
144323,144407,149462,84,5055,2,18000,1.01661721068
144324,144413,149880,89,5467,2,18000,1.01627949515
144326,144418,149357,92,4939,2,18000,1.01862725248
144327,144423,149604,96,5181,2,18000,1.01852924146
144328,144428,149817,100,5389,2,18000,1.01855631843
144330,144433,149576,103,5143,2,18000,1.02002722147
144331,144439,149903,108,5464,2,18000,1.01976573939
144332,144444,149832,112,5388,2,18000,1.02078693393
144333,144449,149916,116,5467,2,18000,1.0212182184
144335,144454,149911,119,5457,2,18000,1.02180685358
144336,144459,149897,123,5438,2,18000,1.02261860978
144337,144465,150046,128,5581,2,18000,1.02293495789
144338,144470,149675,132,5205,2,18000,1.02536023055
144340,144475,149973,135,5498,2,18000,1.02455438341
144341,144480,149524,139,5044,2,18000,1.02755749405
144342,144485,149778,143,5293,2,18000,1.02701681466
144343,144490,149473,147,4983,2,18000,1.02950030102
144345,144495,149833,150,5338,2,18000,1.02810041214
144346,144501,149841,155,5340,2,18000,1.02902621723
144347,144506,150031,159,5525,2,18000,1.02877828054
144532,144538,144539,6,1,1,600,1.0
144535,144544,144574,9,30,1,1800,1.3
144637,159384,161374,14747,1990,2,72000,8.41055276382
144746,144752,145450,6,698,1,600,1.00859598854
144885,144891,144950,6,59,1,1800,1.10169491525
145432,145438,145467,6,29,1,600,1.20689655172
145664,145670,145798,6,128,1,1800,1.046875
145895,145901,145981,6,80,1,600,1.075
146174,146180,148091,6,1911,1,7200,1.00313971743
146358,146364,148077,6,1713,1,7200,1.00350262697
146392,146399,146400,7,1,1,600,1.0
147527,147533,147617,6,84,1,600,1.07142857143
147655,147661,147663,6,2,1,600,1.0
147735,147741,147817,6,76,1,600,1.07894736842
147887,147893,147965,6,72,1,600,1.08333333333
148083,148089,151059,6,2970,1,7200,1.00202020202
148103,148109,150453,6,2344,1,7200,1.00255972696
148732,159389,267415,10657,108026,2,108000,1.09865217633
149310,149319,154706,9,5387,2,18000,1.0016706887
149358,149368,154811,10,5443,2,18000,1.00183722212
149396,149406,154649,10,5243,2,18000,1.00190730498
149465,149473,155122,8,5649,2,18000,1.00141617985
149480,149485,154941,5,5456,2,18000,1.00091642229
149481,149491,155032,10,5541,2,18000,1.00180472839
149482,149496,154619,14,5123,2,18000,1.00273277377
149527,149536,154842,9,5306,2,18000,1.00169619299
149575,149585,154920,10,5335,2,18000,1.00187441425
149590,149596,155070,6,5474,2,18000,1.00109609061
149605,149614,154923,9,5309,2,18000,1.00169523451
149606,149619,154895,13,5276,2,18000,1.00246398787
149621,149627,155062,6,5435,2,18000,1.00110395584
149622,149633,154456,11,4823,2,18000,1.00228073813
149623,149638,154817,15,5179,2,18000,1.00289631203
149638,149644,154845,6,5201,2,18000,1.0011536243
149639,149650,154942,11,5292,2,18000,1.00207860922
149677,149686,154992,9,5306,2,18000,1.00169619299
149713,149722,155123,9,5401,2,18000,1.00166635808
149728,149736,155165,8,5429,2,18000,1.00147356788
149743,149749,154630,6,4881,2,18000,1.0012292563
149744,149755,155067,11,5312,2,18000,1.00207078313
149780,149789,154573,9,4784,2,18000,1.0018812709
149781,149795,155106,14,5311,2,18000,1.00263603841
149796,149802,155348,6,5546,2,18000,1.0010818608
149797,149808,155013,11,5205,2,18000,1.00211335255
149812,149818,155244,6,5426,2,18000,1.00110578695
149828,149834,154985,6,5151,2,18000,1.00116482236
149844,149850,154879,6,5029,2,18000,1.00119308014
149845,149856,155434,11,5578,2,18000,1.00197203299
149847,149861,155082,14,5221,2,18000,1.00268147864
149884,149891,155211,7,5320,2,18000,1.00131578947
149899,149908,155255,9,5347,2,18000,1.00168318683
149915,149921,155264,6,5343,2,18000,1.00112296463
149916,149927,155141,11,5214,2,18000,1.00210970464
149932,149938,155284,6,5346,2,18000,1.00112233446
149947,149953,155054,6,5101,2,18000,1.00117623995
149976,149984,154958,8,4974,2,18000,1.00160836349
150034,150043,155165,9,5122,2,18000,1.00175712612
150048,150058,155084,10,5026,2,18000,1.0019896538
150437,152457,159373,2020,6916,4,72000,1.29207634471
151285,151291,222823,6,71532,1,360000,1.00008387854
154458,154467,159394,9,4927,2,18000,1.00182666937
154575,154584,159391,9,4807,2,18000,1.00187226961
154619,154630,159616,11,4986,2,18000,1.0022061773
154634,154642,160025,8,5383,2,18000,1.00148616013
154652,154660,160059,8,5399,2,18000,1.00148175588
154709,154717,159863,8,5146,2,18000,1.00155460552
154814,154822,160194,8,5372,2,18000,1.00148920328
154828,154834,159767,6,4933,2,18000,1.0012162984
154843,154853,160042,10,5189,2,18000,1.00192715359
154858,154864,160535,6,5671,2,18000,1.00105801446
154881,154890,160162,9,5272,2,18000,1.00170713202
154896,154906,160277,10,5371,2,18000,1.00186185068
154923,154931,160389,8,5458,2,18000,1.00146573837
154937,154943,159993,6,5050,2,18000,1.00118811881
154952,154958,160433,6,5475,2,18000,1.00109589041
154953,154964,159973,11,5009,2,18000,1.00219604712
154969,154975,160429,6,5454,2,18000,1.00110011001
154986,154996,160382,10,5386,2,18000,1.00185666543
155001,155007,160296,6,5289,2,18000,1.00113442995
155015,155024,160414,9,5390,2,18000,1.00166975881
155033,155043,160379,10,5336,2,18000,1.00187406297
155057,155065,160343,8,5278,2,18000,1.00151572565
155073,155078,160119,5,5041,2,18000,1.00099186669
155074,155084,160427,10,5343,2,18000,1.00187160771
155075,155089,160383,14,5294,2,18000,1.00264450321
155090,155096,160575,6,5479,2,18000,1.00109509034
155091,155102,160498,11,5396,2,18000,1.00203854707
155106,155117,159974,11,4857,2,18000,1.00226477249
155124,155133,160171,9,5038,2,18000,1.00178642318
155125,155139,160554,14,5415,2,18000,1.0025854109
155143,155152,160255,9,5103,2,18000,1.00176366843
155167,155176,160576,9,5400,2,18000,1.00166666667
155168,155181,160388,13,5207,2,18000,1.00249663914
155213,155222,160551,9,5329,2,18000,1.00168887221
155247,155255,160668,8,5413,2,18000,1.00147792352
155261,155268,160569,7,5301,2,18000,1.00132050556
155276,155282,160624,6,5342,2,18000,1.00112317484
155291,155297,160720,6,5423,2,18000,1.00110639867
155351,155359,160603,8,5244,2,18000,1.00152555301
155434,155445,160724,11,5279,2,18000,1.00208372798
158557,158563,158564,6,1,2,300,1.0
158592,158599,158600,7,1,2,300,1.0
158942,203638,203662,44696,24,4,172800,1863.33333333
159394,159405,164386,11,4981,2,18000,1.00220839189
159396,159410,164372,14,4962,2,18000,1.00282144297
159619,159628,164992,9,5364,2,18000,1.00167785235
159769,159779,165034,10,5255,2,18000,1.00190294957
159865,159874,165277,9,5403,2,18000,1.00166574125
159976,159983,165325,7,5342,2,18000,1.00131037065
159977,159990,165185,13,5195,2,18000,1.00250240616
159995,160004,165235,9,5231,2,18000,1.00172051233
160028,160037,165330,9,5293,2,18000,1.00170035896
160045,160053,165185,8,5132,2,18000,1.00155884645
160060,160071,165278,11,5207,2,18000,1.00211254081
160120,160130,165432,10,5302,2,18000,1.00188608072
160164,160173,165521,9,5348,2,18000,1.0016828721
160179,160185,165436,6,5251,2,18000,1.0011426395
160197,160205,165406,8,5201,2,18000,1.00153816574
160257,160266,165125,9,4859,2,18000,1.00185223297
160280,160289,165158,9,4869,2,18000,1.00184842884
160298,160308,165648,10,5340,2,18000,1.00187265918
160345,160355,165709,10,5354,2,18000,1.00186776242
160381,160390,165915,9,5525,2,18000,1.00162895928
160396,160403,165866,7,5463,2,18000,1.00128134725
160398,160409,165898,11,5489,2,18000,1.00200400802
160399,160414,165649,15,5235,2,18000,1.00286532951
160400,160419,165598,19,5179,2,18000,1.0036686619
160415,160425,165746,10,5321,2,18000,1.00187934599
160430,160438,165645,8,5207,2,18000,1.00153639332
160431,160444,165730,13,5286,2,18000,1.00245932652
160446,160452,165821,6,5369,2,18000,1.00111752654
160500,160509,165626,9,5117,2,18000,1.00175884307
160535,160546,165867,11,5321,2,18000,1.00206728059
160553,160562,165618,9,5056,2,18000,1.00178006329
160568,160574,166191,6,5617,2,18000,1.00106818586
160583,160589,165909,6,5320,2,18000,1.00112781955
160584,160595,166151,11,5556,2,18000,1.00197984161
160586,160600,165614,14,5014,2,18000,1.00279218189
160606,160615,165484,9,4869,2,18000,1.00184842884
160627,160635,165511,8,4876,2,18000,1.00164068909
160669,160679,165811,10,5132,2,18000,1.00194855807
160723,160732,165564,9,4832,2,18000,1.00186258278
160737,160743,166073,6,5330,2,18000,1.00112570356
163302,163309,163335,7,26,2,300,1.26923076923
163346,163352,163404,6,52,2,300,1.11538461538
163412,163418,163677,6,259,2,300,1.02316602317
163686,163692,163708,6,16,2,300,1.375
163715,163721,163741,6,20,2,300,1.3
163747,163754,163779,7,25,2,360,1.28
163788,163794,164010,6,216,2,300,1.02777777778
163897,163903,163928,6,25,2,300,1.24
163936,163942,163994,6,52,2,300,1.11538461538
164002,164008,164236,6,228,2,300,1.02631578947
164244,164250,164267,6,17,2,300,1.35294117647
164275,164281,164304,6,23,2,300,1.26086956522
164312,164319,164351,7,32,2,360,1.21875
164360,164366,164677,6,311,2,300,1.0192926045
164374,164383,169556,9,5173,2,18000,1.00173980282
164388,164397,169625,9,5228,2,18000,1.00172149962
164691,164697,164873,6,176,2,360,1.03409090909
164993,165003,169963,10,4960,2,18000,1.00201612903
165034,165045,170344,11,5299,2,18000,1.00207586337
165127,165136,170692,9,5556,2,18000,1.00161987041
165160,165169,170564,9,5395,2,18000,1.00166821131
165187,165196,170531,9,5335,2,18000,1.00168697282
165188,165201,170456,13,5255,2,18000,1.00247383444
165236,165246,170417,10,5171,2,18000,1.00193386192
165278,165288,170552,10,5264,2,18000,1.00189969605
165293,165299,170734,6,5435,2,18000,1.00110395584
165326,165336,170739,10,5403,2,18000,1.00185082362
165340,165346,170465,6,5119,2,18000,1.00117210393
165410,165417,170833,7,5416,2,18000,1.00129246677
165434,165443,170807,9,5364,2,18000,1.00167785235
165448,165454,170509,6,5055,2,18000,1.00118694362
165487,165495,171030,8,5535,2,18000,1.00144534779
165514,165522,170882,8,5360,2,18000,1.00149253731
165528,165535,170883,7,5348,2,18000,1.00130890052
165564,165575,170323,11,4748,2,18000,1.00231676495
165600,165609,170765,9,5156,2,18000,1.00174553918
165615,165625,171029,10,5404,2,18000,1.00185048113
165630,165636,170797,6,5161,2,18000,1.00116256539
165631,165642,170738,11,5096,2,18000,1.00215855573
165646,165656,170771,10,5115,2,18000,1.00195503421
165661,165667,171191,6,5524,2,18000,1.00108616944
165662,165673,171130,11,5457,2,18000,1.00201575957
165710,165720,171233,10,5513,2,18000,1.00181389443
165733,165741,171261,8,5520,2,18000,1.00144927536
165748,165757,171123,9,5366,2,18000,1.00167722698
165814,165822,171170,8,5348,2,18000,1.00149588631
165829,165835,171068,6,5233,2,18000,1.00114656985
165868,165883,170904,15,5021,2,18000,1.0029874527
165869,165877,171179,8,5302,2,18000,1.00150886458
165899,165909,171442,10,5533,2,18000,1.00180733779
165914,165919,171175,5,5256,2,18000,1.00095129376
165928,165935,171013,7,5078,2,18000,1.00137849547
166075,166084,171400,9,5316,2,18000,1.00169300226
166153,166162,171408,9,5246,2,18000,1.00171559283
166192,166202,171554,10,5352,2,18000,1.00186846039
167237,167243,167305,6,62,2,3540,1.09677419355
169557,169567,174956,10,5389,2,18000,1.00185563184
169626,169636,174774,10,5138,2,18000,1.0019462826
169966,169975,175277,9,5302,2,18000,1.00169747265
170323,170334,175512,11,5178,2,18000,1.00212437234
170344,170355,175676,11,5321,2,18000,1.00206728059
170419,170428,175755,9,5327,2,18000,1.00168950629
170458,170467,175970,9,5503,2,18000,1.00163547156
170472,170479,175745,7,5266,2,18000,1.00132928219
170511,170520,176298,9,5778,2,18000,1.0015576324
170532,170542,175957,10,5415,2,18000,1.00184672207
170553,170564,175767,11,5203,2,18000,1.0021141649
170567,170575,175997,8,5422,2,18000,1.00147547031
170694,170703,176082,9,5379,2,18000,1.00167317345
170736,170745,175973,9,5228,2,18000,1.00172149962
170750,170756,175626,6,4870,2,18000,1.00123203285
170752,170762,176276,10,5514,2,18000,1.00181356547
170766,170776,175749,10,4973,2,18000,1.00201085864
170781,170787,175888,6,5101,2,18000,1.00117623995
170799,170808,175975,9,5167,2,18000,1.00174182311
170813,170819,176312,6,5493,2,18000,1.00109229929
170834,170844,176218,10,5374,2,18000,1.00186081131
170885,170894,176275,9,5381,2,18000,1.00167255157
170887,170900,176003,13,5103,2,18000,1.00254752107
170907,170916,176625,9,5709,2,18000,1.00157645822
171015,171024,176370,9,5346,2,18000,1.00168350168
171030,171046,176503,16,5457,2,18000,1.00293201393
171031,171040,176191,9,5151,2,18000,1.00174723355
171070,171079,176046,9,4967,2,18000,1.00181195893
171113,171119,171122,6,3,1,300,1.0
171124,171134,176598,10,5464,2,18000,1.00183016105
171139,171145,176564,6,5419,2,18000,1.00110721535
171172,171181,175954,9,4773,2,18000,1.00188560654
171187,171193,176501,6,5308,2,18000,1.00113036925
171188,171199,176630,11,5431,2,18000,1.00202540969
171202,171208,176506,6,5298,2,18000,1.00113250283
171235,171244,176449,9,5205,2,18000,1.00172910663
171262,171272,176196,10,4924,2,18000,1.00203086921
171282,171288,171336,6,48,1,300,1.125
171403,171411,176712,8,5301,2,18000,1.00150914922
171417,171423,176559,6,5136,2,18000,1.0011682243
171444,171453,176738,9,5285,2,18000,1.00170293283
171544,202824,240688,31280,37864,4,72000,1.82611451511
171555,171565,177035,10,5470,2,18000,1.00182815356
174038,202829,742846,28791,540017,10,540000,1.05331498823
174774,174785,179976,11,5191,2,18000,1.00211905221
174957,174967,180325,10,5358,2,18000,1.00186636805
175279,175288,180322,9,5034,2,18000,1.00178784267
175513,175523,181079,10,5556,2,18000,1.00179985601
175627,175637,180575,10,4938,2,18000,1.00202511138
175678,175688,181151,10,5463,2,18000,1.00183049606
175747,175756,181326,9,5570,2,18000,1.00161579892
175762,175768,181075,6,5307,2,18000,1.00113058225
175763,175774,181365,11,5591,2,18000,1.00196744768
175778,175784,180962,6,5178,2,18000,1.00115874855
175889,175899,181148,10,5249,2,18000,1.00190512479
175955,175965,181222,10,5257,2,18000,1.0019022256
175969,175975,181018,6,5043,2,18000,1.001189768
175984,175990,181111,6,5121,2,18000,1.00117164616
175985,175996,181417,11,5421,2,18000,1.00202914591
175987,176001,181403,14,5402,2,18000,1.00259163273
176001,176007,181271,6,5264,2,18000,1.00113981763
176016,176022,181331,6,5309,2,18000,1.00113015634
176049,176057,181454,8,5397,2,18000,1.00148230498
176079,176093,181627,14,5534,2,18000,1.00252981568
176193,176202,181205,9,5003,2,18000,1.00179892065
176208,176214,181411,6,5197,2,18000,1.00115451222
176222,176229,181658,7,5429,2,18000,1.00128937189
176273,176286,181666,13,5380,2,18000,1.00241635688
176288,176294,181584,6,5290,2,18000,1.0011342155
176302,176309,181485,7,5176,2,18000,1.00135239567
176317,176323,181656,6,5333,2,18000,1.00112507032
176371,176381,181535,10,5154,2,18000,1.00194024059
176452,176460,181935,8,5475,2,18000,1.00146118721
176503,176512,181705,9,5193,2,18000,1.00173310225
176517,176523,181841,6,5318,2,18000,1.0011282437
176518,176529,181994,11,5465,2,18000,1.00201280878
176560,176570,181781,10,5211,2,18000,1.00191901746
176575,176581,181967,6,5386,2,18000,1.00111399926
176598,176609,181759,11,5150,2,18000,1.00213592233
176625,176636,181964,11,5328,2,18000,1.00206456456
176640,176646,181998,6,5352,2,18000,1.00112107623
176715,176723,182208,8,5485,2,18000,1.00145852325
176741,176749,182252,8,5503,2,18000,1.0014537525
177036,177046,182222,10,5176,2,18000,1.00193199382
179979,179987,185295,8,5308,2,18000,1.00150715901
180325,180333,185677,8,5344,2,18000,1.00149700599
180339,180346,185861,7,5515,2,18000,1.00126926564
180577,180586,186085,9,5499,2,18000,1.00163666121
180966,180972,186171,6,5199,2,18000,1.00115406809
181020,181030,186121,10,5091,2,18000,1.00196425064
181077,181086,186649,9,5563,2,18000,1.0016178321
181092,181098,186574,6,5476,2,18000,1.00109569028
181113,181122,186222,9,5100,2,18000,1.00176470588
181149,181159,186533,10,5374,2,18000,1.00186081131
181164,181170,186679,6,5509,2,18000,1.00108912688
181205,181216,186765,11,5549,2,18000,1.00198233916
181223,181234,186637,11,5403,2,18000,1.00203590598
181274,181283,186429,9,5146,2,18000,1.00174893121
181328,181338,186342,10,5004,2,18000,1.00199840128
181342,181349,186741,7,5392,2,18000,1.00129821958
181366,181376,186536,10,5160,2,18000,1.0019379845
181405,181414,186925,9,5511,2,18000,1.00163309744
181420,181426,186584,6,5158,2,18000,1.00116324157
181421,181432,186879,11,5447,2,18000,1.00201946025
181454,181465,186859,11,5394,2,18000,1.00203930293
181487,181496,186860,9,5364,2,18000,1.00167785235
181536,181546,186883,10,5337,2,18000,1.00187371182
181586,181595,186748,9,5153,2,18000,1.0017465554
181628,181639,187042,11,5403,2,18000,1.00203590598
181658,181667,186863,9,5196,2,18000,1.00173210162
181659,181673,186711,14,5038,2,18000,1.00277888051
181674,181680,187032,6,5352,2,18000,1.00112107623
181707,181717,186666,10,4949,2,18000,1.00202061022
181761,181770,187169,9,5399,2,18000,1.00166697537
181785,181793,187166,8,5373,2,18000,1.00148892611
181842,181852,187119,10,5267,2,18000,1.00189861401
181939,181946,187088,7,5142,2,18000,1.001361338
181966,181976,187084,10,5108,2,18000,1.00195771339
181981,181987,186902,6,4915,2,18000,1.0012207528
181995,182005,187206,10,5201,2,18000,1.00192270717
182010,182016,187554,6,5538,2,18000,1.00108342362
182211,182220,187715,9,5495,2,18000,1.00163785259
182226,182234,187451,8,5217,2,18000,1.00153344834
182253,182263,187351,10,5088,2,18000,1.00196540881
185299,185307,190709,8,5402,2,18000,1.00148093299
185678,185689,191214,11,5525,2,18000,1.00199095023
185861,185872,190891,11,5019,2,18000,1.00219167165
186087,186096,191191,9,5095,2,18000,1.00176643768
186123,186132,191345,9,5213,2,18000,1.0017264531
186174,186182,191534,8,5352,2,18000,1.00149476831
186225,186233,191130,8,4897,2,18000,1.00163365326
186345,186354,191598,9,5244,2,18000,1.00171624714
186433,186441,191742,8,5301,2,18000,1.00150914922
186535,186544,191919,9,5375,2,18000,1.0016744186
186550,186556,191645,6,5089,2,18000,1.00117901356
186577,186585,192074,8,5489,2,18000,1.00145746038
186591,186597,192123,6,5526,2,18000,1.00108577633
186639,186648,192023,9,5375,2,18000,1.0016744186
186654,186660,191730,6,5070,2,18000,1.00118343195
186669,186678,192037,9,5359,2,18000,1.0016794178
186683,186689,191943,6,5254,2,18000,1.00114198706
186713,186722,192252,9,5530,2,18000,1.00162748644
186740,186752,192087,12,5335,2,18000,1.00224929709
186755,186761,192195,6,5434,2,18000,1.001104159
186769,186776,192281,7,5505,2,18000,1.0012715713
186860,186870,192347,10,5477,2,18000,1.00182581705
186862,186876,192233,14,5357,2,18000,1.00261340302
186877,186883,192022,6,5139,2,18000,1.00116754232
186892,186898,192304,6,5406,2,18000,1.00110987791
186893,186904,192553,11,5649,2,18000,1.0019472473
186909,186914,192168,5,5254,2,18000,1.00095165588
186927,186936,192489,9,5553,2,18000,1.00162074554
187035,187043,192226,8,5183,2,18000,1.00154350762
187050,187056,192136,6,5080,2,18000,1.00118110236
187085,187095,192233,10,5138,2,18000,1.0019462826
187100,187106,192629,6,5523,2,18000,1.00108636611
187121,187131,192476,10,5345,2,18000,1.00187090739
187169,187183,192519,14,5336,2,18000,1.00262368816
187170,187177,192216,7,5039,2,18000,1.00138916452
187209,187218,192277,9,5059,2,18000,1.00177900771
187353,187362,192456,9,5094,2,18000,1.00176678445
187452,187463,192686,11,5223,2,18000,1.00210606931
187554,187565,192822,11,5257,2,18000,1.00209244816
187717,187727,193014,10,5287,2,18000,1.00189143181
187811,187817,188528,6,711,8,3600,1.00843881857
188614,188620,189640,6,1020,1,900,1.00588235294
189400,189406,189499,6,93,1,1800,1.06451612903
189816,189822,189942,6,120,1,1800,1.05
189890,189896,189959,6,63,8,3600,1.09523809524
190080,190087,193734,7,3647,8,3600,1.0019193858
190558,190564,191026,6,462,1,1800,1.01298701299
190710,190720,196091,10,5371,2,18000,1.00186185068
190894,190902,196103,8,5201,2,18000,1.00153816574
191132,191141,196463,9,5322,2,18000,1.00169109357
191195,191203,196551,8,5348,2,18000,1.00149588631
191215,191225,196439,10,5214,2,18000,1.00191791331
191347,191356,196680,9,5324,2,18000,1.0016904583
191538,191545,197109,7,5564,2,18000,1.00125808771
191598,191609,197029,11,5420,2,18000,1.0020295203
191646,191656,197001,10,5345,2,18000,1.00187090739
191730,191741,197101,11,5360,2,18000,1.00205223881
191745,191753,197068,8,5315,2,18000,1.00150517404
191916,191930,197401,14,5471,2,18000,1.00255894718
191943,191954,196988,11,5034,2,18000,1.00218514104
192024,192033,197448,9,5415,2,18000,1.00166204986
192026,192039,197535,13,5496,2,18000,1.00236535662
192041,192048,197504,7,5456,2,18000,1.0012829912
192077,192085,197733,8,5648,2,18000,1.00141643059
192092,192098,197562,6,5464,2,18000,1.00109809663
192125,192135,197282,10,5147,2,18000,1.00194287935
192139,192148,197533,9,5385,2,18000,1.00167130919
192169,192180,197339,11,5159,2,18000,1.00213219616
192196,192206,197255,10,5049,2,18000,1.00198059022
192217,192227,197404,10,5177,2,18000,1.00193162063
192232,192238,197449,6,5211,2,18000,1.00115141048
192247,192253,197405,6,5152,2,18000,1.00116459627
192248,192259,197681,11,5422,2,18000,1.00202877167
192263,192269,197613,6,5344,2,18000,1.00112275449
192277,192288,197607,11,5319,2,18000,1.00206805791
192292,192298,197572,6,5274,2,18000,1.00113765643
192307,192316,197518,9,5202,2,18000,1.00173010381
192349,192358,197566,9,5208,2,18000,1.0017281106
192457,192467,197692,10,5225,2,18000,1.0019138756
192478,192487,197481,9,4994,2,18000,1.0018021626
192493,192500,197676,7,5176,2,18000,1.00135239567
192520,192530,197693,10,5163,2,18000,1.00193685842
192555,192564,198180,9,5616,2,18000,1.0016025641
192631,192640,197663,9,5023,2,18000,1.00179175791
192687,192697,198058,10,5361,2,18000,1.00186532363
192752,192759,192800,7,41,1,1800,1.17073170732
192756,192765,192808,9,43,1,1800,1.20930232558
192823,192833,198185,10,5352,2,18000,1.00186846039
193015,193026,198208,11,5182,2,18000,1.00212273254
193090,193096,193169,6,73,1,1800,1.08219178082
193129,193135,193206,6,71,1,1800,1.08450704225
193694,193700,193928,6,228,1,1800,1.02631578947
194078,194084,194362,6,278,1,1800,1.02158273381
194125,194131,194665,6,534,1,600,1.01123595506
195314,195321,195352,7,31,1,1800,1.22580645161
195661,195667,195729,6,62,1,1800,1.09677419355
196092,196102,201594,10,5492,2,18000,1.0018208303
196107,196114,201210,7,5096,2,18000,1.00137362637
196441,196450,201905,9,5455,2,18000,1.00164986251
196465,196474,201731,9,5257,2,18000,1.00171200304
196468,196479,196601,11,122,1,1800,1.09016393443
196552,196562,202062,10,5500,2,18000,1.00181818182
196681,196691,201860,10,5169,2,18000,1.00193461018
196991,196999,202477,8,5478,2,18000,1.001460387
197006,197011,202568,5,5557,2,18000,1.00089976606
197029,197040,202272,11,5232,2,18000,1.00210244648
197068,197079,202454,11,5375,2,18000,1.00204651163
197104,197112,201882,8,4770,2,18000,1.00167714885
197119,197125,202569,6,5444,2,18000,1.00110213079
197257,197267,202381,10,5114,2,18000,1.0019554165
197284,197293,202617,9,5324,2,18000,1.0016904583
197341,197350,202749,9,5399,2,18000,1.00166697537
197401,197412,202684,11,5272,2,18000,1.00208649469
197416,197422,202657,6,5235,2,18000,1.00114613181
197418,197428,202697,10,5269,2,18000,1.00189789334
197451,197459,202456,8,4997,2,18000,1.00160096058
197452,197465,202631,13,5166,2,18000,1.00251645374
197482,197492,202996,10,5504,2,18000,1.00181686047
197506,197515,202733,9,5218,2,18000,1.00172479877
197520,197529,202404,9,4875,2,18000,1.00184615385
197536,197544,203003,8,5459,2,18000,1.00146546987
197537,197550,203006,13,5456,2,18000,1.00238269795
197564,197573,202806,9,5233,2,18000,1.00171985477
197579,197585,202932,6,5347,2,18000,1.00112212456
197580,197591,202944,11,5353,2,18000,1.00205492247
197610,197618,203110,8,5492,2,18000,1.00145666424
197625,197631,202521,6,4890,2,18000,1.00122699387
197664,197674,202933,10,5259,2,18000,1.00190150219
197679,197687,202966,8,5279,2,18000,1.00151543853
197694,197700,203106,6,5406,2,18000,1.00110987791
197695,197706,202911,11,5205,2,18000,1.00211335255
197696,197711,202980,15,5269,2,18000,1.00284684001
197735,197744,203181,9,5437,2,18000,1.00165532463
198061,198069,203503,8,5434,2,18000,1.001472212
198183,198191,203404,8,5213,2,18000,1.00153462498
198197,198203,203631,6,5428,2,18000,1.00110537951
198212,198220,203071,8,4851,2,18000,1.00164914451
201213,201221,206154,8,4933,2,18000,1.0016217312
201598,201605,206949,7,5344,2,18000,1.00130988024
201733,201743,207276,10,5533,2,18000,1.00180733779
201863,201871,207255,8,5384,2,18000,1.0014858841
201885,201894,207190,9,5296,2,18000,1.00169939577
201906,201916,206759,10,4843,2,18000,1.00206483585
202063,202073,207163,10,5090,2,18000,1.00196463654
202273,202283,207744,10,5461,2,18000,1.00183116645
202384,202392,207781,8,5389,2,18000,1.00148450547
202405,202416,207821,11,5405,2,18000,1.00203515264
202456,202465,207603,9,5138,2,18000,1.00175165434
202471,202477,207859,6,5382,2,18000,1.0011148272
202485,202491,207815,6,5324,2,18000,1.0011269722
202525,202533,207846,8,5313,2,18000,1.00150574064
202570,202579,208078,9,5499,2,18000,1.00163666121
202571,202585,207532,14,4947,2,18000,1.00282999798
202619,202628,208075,9,5447,2,18000,1.00165228566
202634,202642,208152,8,5510,2,18000,1.00145190563
202658,202668,207955,10,5287,2,18000,1.00189143181
202684,202695,208152,11,5457,2,18000,1.00201575957
202700,202708,208036,8,5328,2,18000,1.0015015015
202736,202745,208199,9,5454,2,18000,1.00165016502
202751,202760,208178,9,5418,2,18000,1.00166112957
202808,202818,208024,10,5206,2,18000,1.00192086055
202921,202927,208261,6,5334,2,18000,1.00112485939
202943,202950,208316,7,5366,2,18000,1.00130450988
202945,202956,207991,11,5035,2,18000,1.00218470705
202962,202969,208110,7,5141,2,18000,1.0013616028
202981,202988,208206,7,5218,2,18000,1.00134151016
202983,202994,208564,11,5570,2,18000,1.00197486535
203002,203009,208470,7,5461,2,18000,1.00128181652
203023,203029,208344,6,5315,2,18000,1.00112888053
203024,203035,208388,11,5353,2,18000,1.00205492247
203078,203085,208383,7,5298,2,18000,1.0013212533
203115,203121,208266,6,5145,2,18000,1.00116618076
203116,203127,208374,11,5247,2,18000,1.00209643606
203201,203207,208389,6,5182,2,18000,1.00115785411
203231,203643,247365,412,43722,8,86400,1.00942317369
203409,203415,208816,6,5401,2,18000,1.00111090539
203506,203515,208501,9,4986,2,18000,1.00180505415
203641,203649,209101,8,5452,2,18000,1.00146735143
204278,204284,211490,6,7206,2,36000,1.00083263947
204423,204429,340056,6,135627,4,144000,1.00004423898
206014,206020,206877,6,857,2,36000,1.00700116686
206157,206165,211342,8,5177,2,18000,1.0015452965
206760,206770,211832,10,5062,2,18000,1.00197550375
206869,206875,209538,6,2663,2,36000,1.00225309801
206949,206960,212269,11,5309,2,18000,1.00207195329
207055,207062,209686,7,2624,2,36000,1.00266768293
207165,207174,212335,9,5161,2,18000,1.00174384809
207192,207202,212707,10,5505,2,18000,1.00181653043
207252,207266,212714,14,5448,2,18000,1.00256975037
207276,207287,212576,11,5289,2,18000,1.00207978824
207533,207543,213002,10,5459,2,18000,1.00183183733
207605,207614,212786,9,5172,2,18000,1.00174013921
207746,207755,213164,9,5409,2,18000,1.00166389351
207782,207792,213072,10,5280,2,18000,1.00189393939
207819,207826,213131,7,5305,2,18000,1.0013195099
207833,207839,213382,6,5543,2,18000,1.00108244633
207848,207857,213319,9,5462,2,18000,1.00164774808
207863,207870,213169,7,5299,2,18000,1.00132100396
207956,207966,213013,10,5047,2,18000,1.00198137507
207992,208003,213252,11,5249,2,18000,1.00209563726
208025,208035,213452,10,5417,2,18000,1.00184604024
208040,208047,213621,7,5574,2,18000,1.00125583064
208077,208086,213557,9,5471,2,18000,1.00164503747
208091,208098,213765,7,5667,2,18000,1.00123522146
208112,208122,213428,10,5306,2,18000,1.00188465888
208154,208185,213627,31,5442,2,18000,1.00569643513
208155,208190,213471,35,5281,2,18000,1.00662753266
208179,208196,213647,17,5451,2,18000,1.00311869382
208200,208210,213161,10,4951,2,18000,1.00201979398
208215,208221,213433,6,5212,2,18000,1.00115118956
208262,208273,213203,11,4930,2,18000,1.00223123732
208277,208283,213460,6,5177,2,18000,1.00115897238
208319,208327,213639,8,5312,2,18000,1.0015060241
208345,208355,213828,10,5473,2,18000,1.00182715147
208375,208385,213850,10,5465,2,18000,1.00182982617
208391,208397,213879,6,5482,2,18000,1.00109449106
208392,208403,213892,11,5489,2,18000,1.00200400802
208394,208408,213711,14,5303,2,18000,1.00264001509
208472,208482,213908,10,5426,2,18000,1.00184297825
208501,208512,213791,11,5279,2,18000,1.00208372798
208567,208576,213913,9,5337,2,18000,1.00168634064
208817,208827,214011,10,5184,2,18000,1.00192901235
209103,209113,214267,10,5154,2,18000,1.00194024059
211343,211354,216745,11,5391,2,18000,1.00204043777
211833,211843,217298,10,5455,2,18000,1.00183318057
212269,212280,217566,11,5286,2,18000,1.0020809686
212327,212334,216367,7,4033,2,36000,1.00173568063
212336,212346,217840,10,5494,2,18000,1.00182016746
212579,212587,217734,8,5147,2,18000,1.00155430348
212708,212718,218150,10,5432,2,18000,1.00184094256
212723,212729,218289,6,5560,2,18000,1.00107913669
212725,212735,212944,10,209,9,600,1.04784688995
212789,212797,218314,8,5517,2,18000,1.00145006344
213002,213013,218367,11,5354,2,18000,1.00205453866
213017,213025,218618,8,5593,2,18000,1.00143035938
213074,213083,218430,9,5347,2,18000,1.00168318683
213134,213142,218528,8,5386,2,18000,1.00148533234
213165,213175,218508,10,5333,2,18000,1.00187511719
213166,213180,218589,14,5409,2,18000,1.00258827879
213180,213186,218657,6,5471,2,18000,1.00109669165
213204,213214,218544,10,5330,2,18000,1.00187617261
213255,213264,218501,9,5237,2,18000,1.00171854115
213293,213299,378565,6,165266,12,345600,1.00003630511
213321,213330,218845,9,5515,2,18000,1.00163191296
213384,213393,218718,9,5325,2,18000,1.00169014085
213429,213439,218547,10,5108,2,18000,1.00195771339
213443,213449,218794,6,5345,2,18000,1.00112254443
213458,213464,218506,6,5042,2,18000,1.00119000397
213473,213479,218748,6,5269,2,18000,1.001138736
213474,213485,218728,11,5243,2,18000,1.00209803548
213558,213568,218722,10,5154,2,18000,1.00194024059
213621,213632,219115,11,5483,2,18000,1.00200620098
213636,213642,218979,6,5337,2,18000,1.00112422709
213650,213657,219316,7,5659,2,18000,1.00123696766
213652,213663,219054,11,5391,2,18000,1.00204043777
213711,213722,218796,11,5074,2,18000,1.00216791486
213765,213776,219144,11,5368,2,18000,1.00204918033
213792,213802,219115,10,5313,2,18000,1.0018821758
213831,213839,219187,8,5348,2,18000,1.00149588631
213852,213861,219100,9,5239,2,18000,1.00171788509
213883,213890,219402,7,5512,2,18000,1.00126995646
213890,213896,214100,6,204,9,600,1.02941176471
213897,213903,219187,6,5284,2,18000,1.00113550341
213912,213919,219291,7,5372,2,18000,1.00130305287
213927,213933,219658,6,5725,2,18000,1.00104803493
214014,214022,219147,8,5125,2,18000,1.00156097561
214270,214278,219663,8,5385,2,18000,1.00148560817
214439,214446,214668,7,222,9,600,1.03153153153
216748,216757,220732,9,3975,2,18000,1.00226415094
217007,217014,231917,7,14903,4,432000,1.00046970409
217298,217309,220732,11,3423,2,18000,1.00321355536
217364,217370,232019,6,14649,4,432000,1.00040958427
217569,217577,220732,8,3155,2,18000,1.00253565769
217737,217745,220732,8,2987,2,18000,1.00267827251
217842,217851,220732,9,2881,2,18000,1.00312391531
218045,218051,218059,6,8,9,600,1.4
218080,218086,218717,6,631,9,600,1.00950871632
218152,218161,220732,9,2571,2,18000,1.00350058343
218290,218300,220732,10,2432,2,18000,1.00411184211
218317,218326,220732,9,2406,2,18000,1.00374064838
218368,218378,220732,10,2354,2,18000,1.00424808836
218431,218441,220732,10,2291,2,18000,1.00436490615
218497,218512,220732,15,2220,2,18000,1.00675675676
218512,218518,220732,6,2214,2,18000,1.0027100271
218513,218524,220732,11,2208,2,18000,1.00498188406
218528,218539,220732,11,2193,2,18000,1.00501595987
218546,218555,220732,9,2177,2,18000,1.00413412954
218561,218567,220732,6,2165,2,18000,1.00277136259
218591,218600,220732,9,2132,2,18000,1.00422138837
218620,218630,220732,10,2102,2,18000,1.00475737393
218659,218669,220732,10,2063,2,18000,1.00484730974
218719,218729,220732,10,2003,2,18000,1.00499251123
218734,218740,220732,6,1992,2,18000,1.00301204819
218735,218746,220732,11,1986,2,18000,1.0055387714
218750,218759,220732,9,1973,2,18000,1.00456158135
218795,218805,220732,10,1927,2,18000,1.0051894136
218810,218816,220732,6,1916,2,18000,1.00313152401
218845,218856,220732,11,1876,2,18000,1.00586353945
218981,218990,220732,9,1742,2,18000,1.00516647532
219056,219065,220732,9,1667,2,18000,1.00539892022
219101,219111,220732,10,1621,2,18000,1.00616903146
219115,219126,220732,11,1606,2,18000,1.00684931507
219117,219131,220732,14,1601,2,18000,1.00874453467
219140,219155,220732,15,1577,2,18000,1.00951173114
219155,219161,220732,6,1571,2,18000,1.00381922342
219188,219198,220732,10,1534,2,18000,1.00651890482
219190,219203,220732,13,1529,2,18000,1.00850228908
219291,219302,220732,11,1430,2,18000,1.00769230769
219318,219327,220732,9,1405,2,18000,1.00640569395
219405,219413,220732,8,1319,2,18000,1.00606520091
219661,219669,220732,8,1063,2,18000,1.00752587018
219675,219681,220732,6,1051,2,18000,1.00570884872
220322,220328,220331,6,3,1,259200,1.0
220708,220714,220726,6,12,1,259200,1.5
220912,220918,220931,6,13,2,18000,1.46153846154
220913,220924,220931,11,7,2,18000,1.8
220915,220929,220931,14,2,2,18000,1.6
220916,220934,220935,18,1,2,18000,1.9
220971,220977,224147,6,3170,2,18000,1.00189274448
220972,220982,224569,10,3587,2,18000,1.002787845
220973,220988,224538,15,3550,2,18000,1.00422535211
220974,220993,224461,19,3468,2,18000,1.00547866205
220976,220998,224337,22,3339,2,18000,1.00658879904
220977,221003,224698,26,3695,2,18000,1.00703653586
220978,221009,224638,31,3629,2,18000,1.00854229815
220980,221014,224546,34,3532,2,18000,1.00962627407
220981,221019,224683,38,3664,2,18000,1.01037117904
220983,221024,224543,41,3519,2,18000,1.01165103723
220986,221029,224751,43,3722,2,18000,1.01155292853
220987,221035,224636,48,3601,2,18000,1.01332963066
220989,221040,224669,51,3629,2,18000,1.01405345825
220990,221045,224581,55,3536,2,18000,1.01555429864
220991,221050,224513,59,3463,2,18000,1.01703725094
220993,221056,224613,63,3557,2,18000,1.01771155468
220994,221061,224338,67,3277,2,18000,1.02044552945
220995,221066,224757,71,3691,2,18000,1.01923597941
220997,221071,224550,74,3479,2,18000,1.02127048002
220998,221076,224692,78,3616,2,18000,1.02157079646
220999,221081,224580,82,3499,2,18000,1.02343526722
221001,221087,224666,86,3579,2,18000,1.0240290584
221002,221092,224767,90,3675,2,18000,1.02448979592
221003,221097,224744,94,3647,2,18000,1.02577460927
221004,221103,224756,99,3653,2,18000,1.02710101287
221006,221108,224611,102,3503,2,18000,1.02911789894
221007,221113,224699,106,3586,2,18000,1.02955939766
221008,221119,224741,111,3622,2,18000,1.03064605191
221010,221124,224662,114,3538,2,18000,1.03222159412
221011,221129,224685,118,3556,2,18000,1.03318335208
221012,221134,224855,122,3721,2,18000,1.03278688525
221013,221139,224456,126,3317,2,18000,1.03798613205
221015,221145,224339,130,3194,2,18000,1.04070131497
221016,221150,224872,134,3722,2,18000,1.03600214938
221017,221155,224771,138,3616,2,18000,1.03816371681
221018,221160,224799,142,3639,2,18000,1.03902170926
221020,221165,224877,145,3712,2,18000,1.0390625
221021,221171,224696,150,3525,2,18000,1.04255319149
221022,221176,224552,154,3376,2,18000,1.04561611374
221023,221181,224705,158,3524,2,18000,1.0448354143
221535,221541,264770,6,43229,60,43200,1.00013879572
222908,222915,228208,7,5293,4,28800,1.00132250142
223296,223302,226349,6,3047,2,21600,1.00196914998
223560,223566,225532,6,1966,2,21600,1.00305188199
224149,224158,227828,9,3670,2,18000,1.00245231608
224338,224348,227825,10,3477,2,18000,1.00287604257
224340,224353,228034,13,3681,2,18000,1.00353164901
224354,224360,227873,6,3513,2,18000,1.00170794193
224459,224467,228044,8,3577,2,18000,1.00223651104
224474,224480,228139,6,3659,2,18000,1.00163979229
224515,224525,228132,10,3607,2,18000,1.00277238703
224539,224549,227797,10,3248,2,18000,1.00307881773
224554,224560,227934,6,3374,2,18000,1.00177830468
224555,224566,228034,11,3468,2,18000,1.00317185698
224557,224571,228135,14,3564,2,18000,1.00392817059
224558,224576,228241,18,3665,2,18000,1.00491132333
224573,224583,227995,10,3412,2,18000,1.00293083236
224588,224594,228317,6,3723,2,18000,1.00161160355
224589,224600,228268,11,3668,2,18000,1.00299890949
224613,224622,227955,9,3333,2,18000,1.00270027003
224628,224634,228239,6,3605,2,18000,1.00166435506
224642,224649,228229,7,3580,2,18000,1.00195530726
224644,224654,228032,10,3378,2,18000,1.00296033156
224665,224673,227968,8,3295,2,18000,1.00242792109
224666,224679,228284,13,3605,2,18000,1.00360610264
224681,224687,228434,6,3747,2,18000,1.00160128102
224696,224703,228289,7,3586,2,18000,1.00195203569
224698,224709,228348,11,3639,2,18000,1.00302280846
224699,224714,228307,15,3593,2,18000,1.0041747843
224700,224719,228469,19,3750,2,18000,1.00506666667
224716,224725,228427,9,3702,2,18000,1.00243111831
224717,224730,228450,13,3720,2,18000,1.00349462366
224718,224736,228221,18,3485,2,18000,1.00516499283
224742,224752,228325,10,3573,2,18000,1.00279876854
224757,224763,228317,6,3554,2,18000,1.0016882386
224758,224769,228371,11,3602,2,18000,1.00305385897
224760,224774,228342,14,3568,2,18000,1.00392376682
224761,224780,228055,19,3275,2,18000,1.00580152672
224776,224786,228513,10,3727,2,18000,1.00268312316
224777,224791,228243,14,3452,2,18000,1.00405561993
224801,224810,228428,9,3618,2,18000,1.00248756219
224858,224866,228542,8,3676,2,18000,1.00217627856
224873,224883,228109,10,3226,2,18000,1.00309981401
224887,224894,228324,7,3430,2,18000,1.00204081633
225496,225502,455920,6,230418,4,230400,1.00002603963
225976,225982,334037,6,108055,2,108000,1.00005552728
227118,227124,244470,6,17346,2,21600,1.00034590107
227363,227374,233694,11,6320,2,21600,1.00174050633
227414,227421,242183,7,14762,4,432000,1.00047419049
227798,227808,231553,10,3745,2,18000,1.00267022697
227828,227836,231395,8,3559,2,18000,1.00224782242
227842,227848,231316,6,3468,2,18000,1.00173010381
227875,227884,231614,9,3730,2,18000,1.00241286863
227935,227945,231568,10,3623,2,18000,1.00276014353
227959,227967,231260,8,3293,2,18000,1.00242939569
227973,227981,231123,8,3142,2,18000,1.00254614895
227997,228007,231654,10,3647,2,18000,1.00274197971
228033,228043,231437,10,3394,2,18000,1.00294637596
228048,228054,231567,6,3513,2,18000,1.00170794193
228049,228060,231701,11,3641,2,18000,1.00302114804
228051,228065,231193,14,3128,2,18000,1.00447570332
228061,228076,228096,15,20,10,360000,1.75
228065,228071,231788,6,3717,2,18000,1.001614205
228110,228121,231297,11,3176,2,18000,1.00346347607
228131,228143,231496,12,3353,2,18000,1.00357888458
228146,228152,231866,6,3714,2,18000,1.00161550889
228147,228158,231523,11,3365,2,18000,1.00326894502
228222,228232,231495,10,3263,2,18000,1.00306466442
228237,228243,231633,6,3390,2,18000,1.0017699115
228252,228258,231850,6,3592,2,18000,1.00167037862
228253,228264,231825,11,3561,2,18000,1.00308901994
228255,228269,232008,14,3739,2,18000,1.00374431666
228269,228275,298629,6,70354,10,360000,1.000085283
228270,228281,231846,11,3565,2,18000,1.003085554
228285,228295,231873,10,3578,2,18000,1.00279485746
228300,228306,231394,6,3088,2,18000,1.00194300518
228315,228321,231711,6,3390,2,18000,1.0017699115
228330,228335,231962,5,3627,2,18000,1.00137854977
228331,228341,231651,10,3310,2,18000,1.00302114804
228332,228346,232004,14,3658,2,18000,1.00382722799
228334,228351,231853,17,3502,2,18000,1.00485436893
228349,228357,231596,8,3239,2,18000,1.00246989812
228350,228363,231879,13,3516,2,18000,1.00369738339
228374,228383,231868,9,3485,2,18000,1.00258249641
228427,228438,231929,11,3491,2,18000,1.00315095961
228442,228448,232042,6,3594,2,18000,1.00166944908
228443,228454,232135,11,3681,2,18000,1.00298831839
228458,228464,232046,6,3582,2,18000,1.00167504188
228473,228480,231951,7,3471,2,18000,1.00201670988
228514,228524,231554,10,3030,2,18000,1.00330033003
228544,228554,231967,10,3413,2,18000,1.00292997363
231126,231135,234835,9,3700,2,18000,1.00243243243
231145,231151,231173,6,22,1,900,1.27272727273
231195,231204,234569,9,3365,2,18000,1.00267459138
231261,231271,234679,10,3408,2,18000,1.0029342723
231300,231308,234965,8,3657,2,18000,1.00218758545
231318,231327,234970,9,3643,2,18000,1.00247049135
231396,231405,234582,9,3177,2,18000,1.00283286119
231397,231411,234814,14,3403,2,18000,1.00411401704
231439,231448,235053,9,3605,2,18000,1.00249653259
231495,231506,235040,11,3534,2,18000,1.00311262026
231510,231516,234533,6,3017,2,18000,1.00198873053
231525,231534,234973,9,3439,2,18000,1.00261703984
231555,231564,235262,9,3698,2,18000,1.00243374797
231556,231570,235238,14,3668,2,18000,1.00381679389
231572,231578,235151,6,3573,2,18000,1.00167926113
231573,231584,235279,11,3695,2,18000,1.00297699594
231597,231607,235085,10,3478,2,18000,1.00287521564
231618,231626,235071,8,3445,2,18000,1.0023222061
231635,231645,235321,10,3676,2,18000,1.0027203482
231654,231662,235324,8,3662,2,18000,1.00218459858
231668,231675,235369,7,3694,2,18000,1.00189496481
231704,231713,235438,9,3725,2,18000,1.00241610738
231719,231725,235367,6,3642,2,18000,1.00164744646
231791,231800,235217,9,3417,2,18000,1.00263388938
231824,231837,235583,13,3746,2,18000,1.00347036839
231849,231857,235405,8,3548,2,18000,1.00225479143
231864,231870,235220,6,3350,2,18000,1.00179104478
231866,231876,235360,10,3484,2,18000,1.00287026406
231881,231888,235415,7,3527,2,18000,1.00198468954
231883,231894,235557,11,3663,2,18000,1.003003003
231884,231899,235505,15,3606,2,18000,1.00415973378
231885,231904,235174,19,3270,2,18000,1.00581039755
231931,231940,235261,9,3321,2,18000,1.0027100271
231955,231963,235314,8,3351,2,18000,1.00238734706
231970,231976,235237,6,3261,2,18000,1.0018399264
231971,231982,235523,11,3541,2,18000,1.0031064671
232005,232015,235530,10,3515,2,18000,1.00284495021
232019,232026,235362,7,3336,2,18000,1.00209832134
232043,232053,235705,10,3652,2,18000,1.00273822563
232058,232064,235440,6,3376,2,18000,1.00177725118
232136,232147,235584,11,3437,2,18000,1.00320046552
234244,234251,240285,7,6034,2,21600,1.00116009281
234535,234544,238049,9,3505,2,18000,1.00256776034
234572,234580,238005,8,3425,2,18000,1.00233576642
234586,234593,237922,7,3329,2,18000,1.00210273355
234680,234690,238406,10,3716,2,18000,1.00269106566
234815,234826,238427,11,3601,2,18000,1.00305470703
234836,234846,238546,10,3700,2,18000,1.0027027027
234965,234976,238563,11,3587,2,18000,1.0030666295
234980,234986,238356,6,3370,2,18000,1.00178041543
234981,234992,238533,11,3541,2,18000,1.0031064671
235042,235051,238585,9,3534,2,18000,1.0025466893
235047,235057,343068,10,108011,2,108000,1.00009258316
235057,235064,238414,7,3350,2,18000,1.00208955224
235072,235082,238605,10,3523,2,18000,1.00283848992
235086,235096,238754,10,3658,2,18000,1.00273373428
235153,235162,238876,9,3714,2,18000,1.00242326333
235176,235185,238599,9,3414,2,18000,1.00263620387
235219,235229,238827,10,3598,2,18000,1.00277932185
235233,235240,238734,7,3494,2,18000,1.00200343446
235249,235255,238694,6,3439,2,18000,1.00174469322
235250,235261,238701,11,3440,2,18000,1.00319767442
235265,235273,238663,8,3390,2,18000,1.00235988201
235266,235278,238841,12,3563,2,18000,1.00336794836
235281,235291,238389,10,3098,2,18000,1.00322788896
235317,235326,238921,9,3595,2,18000,1.00250347705
235331,235338,238550,7,3212,2,18000,1.00217932752
235333,235343,238607,10,3264,2,18000,1.00306372549
235363,235371,238900,8,3529,2,18000,1.00226693114
235364,235377,238629,13,3252,2,18000,1.00399753998
235383,235390,239097,7,3707,2,18000,1.0018883194
235385,235395,238969,10,3574,2,18000,1.00279798545
235406,235416,238996,10,3580,2,18000,1.00279329609
235420,235426,238875,6,3449,2,18000,1.00173963468
235438,235449,239136,11,3687,2,18000,1.00298345538
235453,235459,238983,6,3524,2,18000,1.00170261067
235507,235517,239233,10,3716,2,18000,1.00269106566
235525,235534,239266,9,3732,2,18000,1.00241157556
235539,235545,239146,6,3601,2,18000,1.00166620383
235560,235569,239145,9,3576,2,18000,1.00251677852
235584,235594,239093,10,3499,2,18000,1.00285795942
235585,235600,239172,15,3572,2,18000,1.00419932811
235706,235716,239224,10,3508,2,18000,1.00285062714
236827,236834,241124,7,4290,2,108000,1.00163170163
237925,237933,241622,8,3689,2,18000,1.00216860938
238006,238016,241538,10,3522,2,18000,1.00283929585
238051,238060,241387,9,3327,2,18000,1.00270513977
238357,238367,241928,10,3561,2,18000,1.00280819994
238390,238401,241714,11,3313,2,18000,1.00332025355
238408,238418,242050,10,3632,2,18000,1.00275330396
238423,238429,241599,6,3170,2,18000,1.00189274448
238437,238444,242002,7,3558,2,18000,1.00196739741
238534,238544,241823,10,3279,2,18000,1.00304971028
238549,238557,242263,8,3706,2,18000,1.00215866163
238564,238570,242019,6,3449,2,18000,1.00173963468
238565,238576,242183,11,3607,2,18000,1.00304962573
238586,238596,242268,10,3672,2,18000,1.00272331155
238600,238610,242220,10,3610,2,18000,1.0027700831
238615,238622,241736,7,3114,2,18000,1.00224791265
238617,238628,242174,11,3546,2,18000,1.00310208686
238631,238640,242319,9,3679,2,18000,1.00244631693
238664,238674,241897,10,3223,2,18000,1.00310269935
238694,238705,242085,11,3380,2,18000,1.00325443787
238709,238715,242318,6,3603,2,18000,1.00166527893
238736,238745,242116,9,3371,2,18000,1.00266983091
238757,238766,242294,9,3528,2,18000,1.00255102041
238826,238839,242567,13,3728,2,18000,1.00348712446
238841,238852,242415,11,3563,2,18000,1.00308728599
238877,238886,242455,9,3569,2,18000,1.00252171477
238878,238892,242551,14,3659,2,18000,1.00382618202
238902,238911,242405,9,3494,2,18000,1.0025758443
238923,238932,242300,9,3368,2,18000,1.00267220903
238971,238980,242617,9,3637,2,18000,1.00247456695
238986,238995,242357,9,3362,2,18000,1.00267697799
239000,239006,242412,6,3406,2,18000,1.00176159718
239094,239105,242414,11,3309,2,18000,1.00332426715
239108,239115,242730,7,3615,2,18000,1.00193637621
239139,239147,242763,8,3616,2,18000,1.00221238938
239153,239159,242761,6,3602,2,18000,1.00166574125
239155,239165,242345,10,3180,2,18000,1.00314465409
239173,239183,242817,10,3634,2,18000,1.00275178866
239227,239236,242751,9,3515,2,18000,1.00256045519
239242,239248,242289,6,3041,2,18000,1.00197303519
239268,239277,242791,9,3514,2,18000,1.00256118384
241390,241399,244945,9,3546,2,18000,1.00253807107
241541,241550,245179,9,3629,2,18000,1.00248002204
241601,241611,245167,10,3556,2,18000,1.00281214848
241625,241634,244790,9,3156,2,18000,1.00285171103
241715,241725,245230,10,3505,2,18000,1.00285306705
241739,241747,245103,8,3356,2,18000,1.00238379023
241826,241834,245516,8,3682,2,18000,1.00217273221
241893,241908,245285,15,3377,2,18000,1.00444181226
241929,241939,245557,10,3618,2,18000,1.00276395799
242004,242013,245567,9,3554,2,18000,1.00253235791
242021,242030,245747,9,3717,2,18000,1.00242130751
242051,242061,245367,10,3306,2,18000,1.00302480339
242087,242096,245453,9,3357,2,18000,1.00268096515
242117,242127,245850,10,3723,2,18000,1.00268600591
242177,242185,245606,8,3421,2,18000,1.00233849752
242192,242198,245771,6,3573,2,18000,1.00167926113
242221,242231,245693,10,3462,2,18000,1.00288850376
242267,242275,245578,8,3303,2,18000,1.00242204057
242282,242288,245678,6,3390,2,18000,1.0017699115
242297,242303,245890,6,3587,2,18000,1.001672707
242298,242309,245984,11,3675,2,18000,1.00299319728
242313,242319,245718,6,3399,2,18000,1.00176522507
242327,242333,246040,6,3707,2,18000,1.00161855948
242329,242339,245637,10,3298,2,18000,1.00303214069
242346,242356,245894,10,3538,2,18000,1.00282645562
242361,242368,246068,7,3700,2,18000,1.00189189189
242406,242417,246214,11,3797,2,18000,1.00289702397
242421,242427,246049,6,3622,2,18000,1.00165654335
242423,242433,245996,10,3563,2,18000,1.00280662363
242425,242438,245970,13,3532,2,18000,1.0036806342
242458,242466,246019,8,3553,2,18000,1.00225161835
242551,242562,246027,11,3465,2,18000,1.00317460317
242569,242578,245992,9,3414,2,18000,1.00263620387
242620,242628,245905,8,3277,2,18000,1.00244125725
242731,242742,246340,11,3598,2,18000,1.00305725403
242752,242762,246026,10,3264,2,18000,1.00306372549
242767,242773,246410,6,3637,2,18000,1.0016497113
242768,242779,246398,11,3619,2,18000,1.00303951368
242789,242802,246274,13,3472,2,18000,1.00374423963
242819,242829,246337,10,3508,2,18000,1.00285062714
244792,244801,248384,9,3583,2,18000,1.00251186157
244917,244923,244924,6,1,2,300,1.0
244945,244956,248584,11,3628,2,18000,1.00303197354
245104,245114,248475,10,3361,2,18000,1.00297530497
245168,245178,248889,10,3711,2,18000,1.00269469146
245182,245190,248484,8,3294,2,18000,1.00242865817
245233,245241,248531,8,3290,2,18000,1.00243161094
245287,245296,248672,9,3376,2,18000,1.00266587678
245368,245378,249054,10,3676,2,18000,1.0027203482
245455,245464,248941,9,3477,2,18000,1.00258843831
245511,245517,245518,6,1,2,300,1.0
245519,245527,249236,8,3709,2,18000,1.00215691561
245558,245568,249013,10,3445,2,18000,1.00290275762
245573,245579,249096,6,3517,2,18000,1.00170599943
245588,245594,248996,6,3402,2,18000,1.00176366843
245609,245617,248837,8,3220,2,18000,1.00248447205
245638,245648,249116,10,3468,2,18000,1.00288350634
245680,245689,249429,9,3740,2,18000,1.00240641711
245695,245705,249048,10,3343,2,18000,1.00299132516
245719,245729,249355,10,3626,2,18000,1.0027578599
245749,245758,249379,9,3621,2,18000,1.00248550124
245772,245782,249543,10,3761,2,18000,1.00265886732
245854,245862,249233,8,3371,2,18000,1.00237318303
245894,245901,249520,7,3619,2,18000,1.00193423598
245908,245914,249661,6,3747,2,18000,1.00160128102
245910,245920,249658,10,3738,2,18000,1.00267522739
245973,245981,249544,8,3563,2,18000,1.00224529891
245987,245995,249700,8,3705,2,18000,1.00215924426
246002,246008,249428,6,3420,2,18000,1.00175438596
246003,246014,249627,11,3613,2,18000,1.00304456131
246021,246030,249394,9,3364,2,18000,1.00267538644
246036,246042,249441,6,3399,2,18000,1.00176522507
246037,246048,249658,11,3610,2,18000,1.00304709141
246052,246059,249535,7,3476,2,18000,1.00201380898
246054,246065,249590,11,3525,2,18000,1.00312056738
246068,246079,249777,11,3698,2,18000,1.00297458085
246216,246226,249470,10,3244,2,18000,1.00308261406
246276,246285,249605,9,3320,2,18000,1.00271084337
246336,246348,250050,12,3702,2,18000,1.00324149109
246351,246357,250104,6,3747,2,18000,1.00160128102
246399,246410,249908,11,3498,2,18000,1.00314465409
246414,246422,249587,8,3165,2,18000,1.00252764613
246881,246887,252187,6,5300,4,28800,1.00113207547
248382,248395,251588,13,3193,2,18000,1.0040714062
248478,248487,252094,9,3607,2,18000,1.00249514832
248494,248500,252154,6,3654,2,18000,1.00164203612
248533,248542,251755,9,3213,2,18000,1.00280112045
248587,248595,252231,8,3636,2,18000,1.00220022002
248674,248683,252209,9,3526,2,18000,1.00255246739
248839,248849,252430,10,3581,2,18000,1.00279251606
248874,248880,248941,6,61,2,300,1.09836065574
248891,248900,252474,9,3574,2,18000,1.00251818691
248942,248952,252586,10,3634,2,18000,1.00275178866
248951,248958,249216,7,258,2,300,1.02713178295
248996,249007,252474,11,3467,2,18000,1.00317277185
249014,249024,252519,10,3495,2,18000,1.00286123033
249050,249060,252539,10,3479,2,18000,1.00287438919
249065,249071,252713,6,3642,2,18000,1.00164744646
249099,249108,252447,9,3339,2,18000,1.00269541779
249117,249127,252394,10,3267,2,18000,1.00306091215
249234,249240,249255,6,15,2,300,1.4
249234,249246,252793,12,3547,2,18000,1.00338314068
249249,249255,252807,6,3552,2,18000,1.00168918919
249263,249269,249299,6,30,2,300,1.2
249307,249313,249347,6,34,2,300,1.17647058824
249357,249370,252976,13,3606,2,18000,1.00360510261
249358,249364,249510,6,146,2,360,1.04109589041
249382,249390,252967,8,3577,2,18000,1.00223651104
249397,249405,253036,8,3631,2,18000,1.00220324979
249430,249439,252890,9,3451,2,18000,1.00260793973
249431,249445,252920,14,3475,2,18000,1.00402877698
249446,249452,253108,6,3656,2,18000,1.00164113786
249470,249481,253227,11,3746,2,18000,1.00293646556
249521,249536,252946,15,3410,2,18000,1.00439882698
249524,249530,249580,6,50,2,360,1.12
249536,249546,252965,10,3419,2,18000,1.00292483182
249551,249557,253016,6,3459,2,18000,1.00173460538
249552,249563,253093,11,3530,2,18000,1.00311614731
249587,249593,249822,6,229,2,360,1.02620087336
249589,249599,252908,10,3309,2,18000,1.00302206105
249604,249610,253073,6,3463,2,18000,1.00173260179
249618,249625,253182,7,3557,2,18000,1.00196795052
249633,249639,253366,6,3727,2,18000,1.00160987389
249661,249672,253020,11,3348,2,18000,1.00328554361
249662,249677,253197,15,3520,2,18000,1.00426136364
249677,249683,253440,6,3757,2,18000,1.0015970189
249701,249711,253291,10,3580,2,18000,1.00279329609
249779,249788,253277,9,3489,2,18000,1.00257953568
249832,249838,249851,6,13,2,300,1.46153846154
249858,249865,249898,7,33,2,300,1.21212121212
249905,249911,249950,6,39,2,300,1.15384615385
249911,249919,253434,8,3515,2,18000,1.00227596017
249958,249965,250281,7,316,2,300,1.02215189873
250053,250061,253407,8,3346,2,18000,1.00239091452
250104,250115,253567,11,3452,2,18000,1.00318655852
251590,251599,254917,9,3318,2,18000,1.0027124774
251755,251766,255110,11,3344,2,18000,1.00328947368
252095,252105,255188,10,3083,2,18000,1.0032435939
252155,252165,255574,10,3409,2,18000,1.00293341156
252209,252224,255948,15,3724,2,18000,1.00402792696
252212,252218,252280,6,62,2,3540,1.09677419355
252233,252242,255834,9,3592,2,18000,1.00250556793
252396,252405,255930,9,3525,2,18000,1.00255319149
252431,252441,255995,10,3554,2,18000,1.00281373101
252449,252458,255792,9,3334,2,18000,1.00269946011
252477,252485,255675,8,3190,2,18000,1.00250783699
252478,252490,256020,12,3530,2,18000,1.00339943343
252520,252530,256034,10,3504,2,18000,1.00285388128
252541,252550,255998,9,3448,2,18000,1.00261020882
252589,252597,256111,8,3514,2,18000,1.00227660785
252642,252648,252716,6,68,4,3540,1.08823529412
252644,252654,252716,10,62,2,3540,1.16129032258
252715,252724,256485,9,3761,2,18000,1.00239298059
252794,252805,256369,11,3564,2,18000,1.00308641975
252809,252818,256455,9,3637,2,18000,1.00247456695
252893,252901,256413,8,3512,2,18000,1.00227790433
252911,252919,256537,8,3618,2,18000,1.00221116639
252926,252932,256277,6,3345,2,18000,1.00179372197
252949,252958,256656,9,3698,2,18000,1.00243374797
252968,252976,256288,8,3312,2,18000,1.00241545894
252969,252982,256296,13,3314,2,18000,1.00392275196
252984,252990,256021,6,3031,2,18000,1.0019795447
253017,253027,256635,10,3608,2,18000,1.00277161863
253032,253038,256800,6,3762,2,18000,1.00159489633
253046,253052,256625,6,3573,2,18000,1.00167926113
253073,253084,256799,11,3715,2,18000,1.00296096904
253094,253105,256786,11,3681,2,18000,1.00298831839
253108,253119,256506,11,3387,2,18000,1.00324771184
253183,253193,256802,10,3609,2,18000,1.00277085065
253198,253209,256522,11,3313,2,18000,1.00332025355
253229,253239,256475,10,3236,2,18000,1.00309023486
253280,253288,256838,8,3550,2,18000,1.00225352113
253295,253302,256979,7,3677,2,18000,1.00190372586
253367,253377,256971,10,3594,2,18000,1.00278241514
253409,253418,256694,9,3276,2,18000,1.00274725275
253436,253445,257074,9,3629,2,18000,1.00248002204
253451,253457,256574,6,3117,2,18000,1.00192492782
253569,253578,257153,9,3575,2,18000,1.00251748252
254918,254928,258373,10,3445,2,18000,1.00290275762
255111,255122,258729,11,3607,2,18000,1.00304962573
255189,255199,258808,10,3609,2,18000,1.00277085065
255576,255586,259253,10,3667,2,18000,1.00272702482
255677,255687,259324,10,3637,2,18000,1.00274951883
255792,255803,259419,11,3616,2,18000,1.0030420354
255834,255845,259455,11,3610,2,18000,1.00304709141
255931,255941,259191,10,3250,2,18000,1.00307692308
255949,255959,259598,10,3639,2,18000,1.00274800769
255997,256006,259692,9,3686,2,18000,1.00244167119
256011,256018,259714,7,3696,2,18000,1.00189393939
256026,256032,259724,6,3692,2,18000,1.00162513543
256028,256038,259566,10,3528,2,18000,1.00283446712
256042,256048,259736,6,3688,2,18000,1.00162689805
256111,256122,259548,11,3426,2,18000,1.00321074139
256277,256288,259786,11,3498,2,18000,1.00314465409
256292,256299,260031,7,3732,2,18000,1.00187566988
256307,256313,259668,6,3355,2,18000,1.00178837556
256370,256380,259863,10,3483,2,18000,1.00287108814
256415,256424,259942,9,3518,2,18000,1.00255827175
256457,256467,259983,10,3516,2,18000,1.00284414107
256477,256486,260220,9,3734,2,18000,1.00241028388
256492,256498,259756,6,3258,2,18000,1.00184162063
256507,256518,260214,11,3696,2,18000,1.00297619048
256525,256533,259682,8,3149,2,18000,1.00254048904
256539,256548,260118,9,3570,2,18000,1.0025210084
256575,256585,260290,10,3705,2,18000,1.00269905533
256626,256636,260364,10,3728,2,18000,1.00268240343
256641,256647,259872,6,3225,2,18000,1.00186046512
256656,256667,260079,11,3412,2,18000,1.00322391559
256695,256705,260401,10,3696,2,18000,1.00270562771
256788,256797,260573,9,3776,2,18000,1.00238347458
256803,256810,260451,7,3641,2,18000,1.00192254875
256805,256816,260400,11,3584,2,18000,1.00306919643
256806,256821,260420,15,3599,2,18000,1.0041678244
256840,256849,260546,9,3697,2,18000,1.00243440628
256972,256982,260588,10,3606,2,18000,1.00277315585
256987,256993,260579,6,3586,2,18000,1.00167317345
257074,257085,260809,11,3724,2,18000,1.0029538131
257156,257164,260640,8,3476,2,18000,1.00230149597
258376,258385,261850,9,3465,2,18000,1.0025974026
258732,258741,262269,9,3528,2,18000,1.00255102041
258810,258819,262241,9,3422,2,18000,1.00263004091
259193,259202,262492,9,3290,2,18000,1.00273556231
259256,259264,262867,8,3603,2,18000,1.00222037191
259325,259335,262631,10,3296,2,18000,1.00303398058
259421,259431,262919,10,3488,2,18000,1.00286697248
259457,259466,263067,9,3601,2,18000,1.00249930575
259551,259559,263129,8,3570,2,18000,1.00224089636
259568,259577,262567,9,2990,2,18000,1.00301003344
259598,259609,263254,11,3645,2,18000,1.00301783265
259671,259679,262780,8,3101,2,18000,1.00257981296
259685,259693,263278,8,3585,2,18000,1.00223152022
259700,259706,263182,6,3476,2,18000,1.00172612198
259715,259725,262928,10,3203,2,18000,1.00312207306
259730,259736,263270,6,3534,2,18000,1.00169779287
259744,259751,263349,7,3598,2,18000,1.00194552529
259759,259767,263175,8,3408,2,18000,1.00234741784
259789,259797,263018,8,3221,2,18000,1.00248370071
259864,259874,263178,10,3304,2,18000,1.00302663438
259879,259885,263518,6,3633,2,18000,1.00165152766
259942,259953,263203,11,3250,2,18000,1.00338461538
259984,259994,263474,10,3480,2,18000,1.00287356322
260032,260043,263658,11,3615,2,18000,1.0030428769
260080,260090,263302,10,3212,2,18000,1.00311332503
260119,260129,263813,10,3684,2,18000,1.00271444083
260216,260226,263786,10,3560,2,18000,1.00280898876
260231,260237,263684,6,3447,2,18000,1.00174064404
260291,260301,263671,10,3370,2,18000,1.00296735905
260367,260375,263959,8,3584,2,18000,1.00223214286
260403,260410,263994,7,3584,2,18000,1.001953125
260405,260417,263872,12,3455,2,18000,1.00347322721
260420,260431,264075,11,3644,2,18000,1.00301866081
260452,260462,263909,10,3447,2,18000,1.0029010734
260549,260557,263835,8,3278,2,18000,1.00244051251
260576,260585,264288,9,3703,2,18000,1.00243046179
260591,260597,263888,6,3291,2,18000,1.00182315406
260592,260603,264306,11,3703,2,18000,1.00297056441
260640,260651,264162,11,3511,2,18000,1.00313301054
260809,260820,264496,11,3676,2,18000,1.00299238303
261851,261861,265119,10,3258,2,18000,1.00306936771
262244,262252,265694,8,3442,2,18000,1.0023242301
262271,262281,265996,10,3715,2,18000,1.00269179004
262493,262503,265912,10,3409,2,18000,1.00293341156
262568,262578,265586,10,3008,2,18000,1.00332446809
262634,262643,265777,9,3134,2,18000,1.00287172942
262782,262792,266493,10,3701,2,18000,1.00270197244
262869,262879,266436,10,3557,2,18000,1.00281135789
262920,262930,266315,10,3385,2,18000,1.00295420975
262934,262945,349377,11,86432,8,86400,1.00012726768
262935,262940,266617,5,3677,2,18000,1.00135980419
262945,262951,264850,6,1899,1,1800,1.00315955766
263019,263029,266464,10,3435,2,18000,1.00291120815
263071,263078,266692,7,3614,2,18000,1.00193691201
263131,263140,266309,9,3169,2,18000,1.00284001262
263176,263187,266701,11,3514,2,18000,1.0031303358
263191,263197,266797,6,3600,2,18000,1.00166666667
263192,263203,266772,11,3569,2,18000,1.00308209583
263207,263215,266589,8,3374,2,18000,1.00237107291
263243,263249,584739,6,321490,1,432000,1.0000186631
263255,263266,266621,11,3355,2,18000,1.00327868852
263273,263282,266693,9,3411,2,18000,1.00263852243
263281,263288,263308,7,20,1,432000,1.35
263288,263294,266768,6,3474,2,18000,1.00172711572
263303,263314,266808,11,3494,2,18000,1.00314825415
263338,263344,604128,6,340784,1,432000,1.00001760646
263351,263360,267039,9,3679,2,18000,1.00244631693
263405,263411,595273,6,331862,1,432000,1.0000180798
263455,263462,599168,7,335706,1,432000,1.00002085158
263475,263485,267064,10,3579,2,18000,1.00279407656
263494,263500,589755,6,326255,1,432000,1.00001839052
263520,263529,266968,9,3439,2,18000,1.00261703984
263529,263535,583519,6,319984,1,432000,1.00001875094
263659,263669,267398,10,3729,2,18000,1.0026816841
263673,263683,267298,10,3615,2,18000,1.00276625173
263688,263695,267089,7,3394,2,18000,1.00206246317
263782,263797,267408,15,3611,2,18000,1.00415397397
263816,263825,267451,9,3626,2,18000,1.00248207391
263837,263847,267298,10,3451,2,18000,1.00289771081
263873,263883,267375,10,3492,2,18000,1.00286368843
263888,263899,267352,11,3453,2,18000,1.00318563568
263912,263920,267527,8,3607,2,18000,1.00221790962
263960,263970,267174,10,3204,2,18000,1.00312109863
263996,264005,267580,9,3575,2,18000,1.00251748252
264077,264086,267254,9,3168,2,18000,1.00284090909
264165,264173,267602,8,3429,2,18000,1.0023330417
264289,264300,268037,11,3737,2,18000,1.0029435376
264307,264318,267965,11,3647,2,18000,1.00301617768
264498,264507,268229,9,3722,2,18000,1.00241805481
265022,265028,270273,6,5245,1,10800,1.00114394662
265121,265130,268870,9,3740,2,18000,1.00240641711
265589,265597,269069,8,3472,2,18000,1.00230414747
265695,265705,269197,10,3492,2,18000,1.00286368843
265779,265789,269375,10,3586,2,18000,1.00278862242
265915,265923,269654,8,3731,2,18000,1.00214419727
265999,266007,269646,8,3639,2,18000,1.00219840616
266310,266320,269801,10,3481,2,18000,1.00287273772
266324,266330,269644,6,3314,2,18000,1.00181050091
266439,266447,269957,8,3510,2,18000,1.00227920228
266466,266475,269833,9,3358,2,18000,1.00268016677
266496,266504,270143,8,3639,2,18000,1.00219840616
266592,266600,270188,8,3588,2,18000,1.0022296544
266619,266628,269812,9,3184,2,18000,1.00282663317
266634,266640,269974,6,3334,2,18000,1.00179964007
266695,266703,269911,8,3208,2,18000,1.00249376559
266697,266709,269914,12,3205,2,18000,1.00374414977
266711,266717,270122,6,3405,2,18000,1.00176211454
266768,266779,270517,11,3738,2,18000,1.00294275013
266783,266789,270235,6,3446,2,18000,1.00174114916
266798,266808,270049,10,3241,2,18000,1.00308546745
266813,266819,270386,6,3567,2,18000,1.00168208579
266969,266979,270494,10,3515,2,18000,1.00284495021
267042,267050,270583,8,3533,2,18000,1.00226436456
267063,267075,270440,12,3365,2,18000,1.00356612184
267089,267100,270849,11,3749,2,18000,1.00293411576
267177,267185,270696,8,3511,2,18000,1.00227855312
267255,267265,270726,10,3461,2,18000,1.00288933834
267300,267360,270910,60,3550,2,18000,1.01690140845
267302,267365,270985,63,3620,2,18000,1.01740331492
267354,267371,271043,17,3672,2,18000,1.00462962963
267378,267386,271070,8,3684,2,18000,1.00217155266
267399,267409,270882,10,3473,2,18000,1.00287935502
267414,267419,271132,5,3713,2,18000,1.00134661998
267453,267462,270944,9,3482,2,18000,1.00258472142
267528,267538,271118,10,3580,2,18000,1.00279329609
267582,267592,271013,10,3421,2,18000,1.00292312189
267603,267614,270702,11,3088,2,18000,1.00356217617
267967,267976,271542,9,3566,2,18000,1.00252383623
268039,268048,271463,9,3415,2,18000,1.00263543192
268229,268240,271716,11,3476,2,18000,1.00316455696
268871,268882,271996,11,3114,2,18000,1.00353243417
269070,269080,272650,10,3570,2,18000,1.00280112045
269200,269208,272659,8,3451,2,18000,1.00231816865
269378,269387,273016,9,3629,2,18000,1.00248002204
269647,269655,273118,8,3463,2,18000,1.00231013572
269648,269661,272763,13,3102,2,18000,1.00419084462
269663,269669,273405,6,3736,2,18000,1.00160599572
269796,269812,273211,16,3399,2,18000,1.00470726684
269814,269823,273199,9,3376,2,18000,1.00266587678
269835,269845,273296,10,3451,2,18000,1.00289771081
269913,269922,273336,9,3414,2,18000,1.00263620387
269928,269934,273376,6,3442,2,18000,1.00174317257
269961,269969,272965,8,2996,2,18000,1.00267022697
269975,269985,273510,10,3525,2,18000,1.00283687943
270051,270060,273546,9,3486,2,18000,1.00258175559
270123,270133,273499,10,3366,2,18000,1.00297088532
270144,270154,273793,10,3639,2,18000,1.00274800769
270189,270199,273651,10,3452,2,18000,1.00289687138
270237,270247,273591,10,3344,2,18000,1.00299043062
270388,270397,273796,9,3399,2,18000,1.0026478376
270442,270451,274015,9,3564,2,18000,1.00252525253
270496,270506,274238,10,3732,2,18000,1.0026795284
270520,270528,273951,8,3423,2,18000,1.00233713117
270586,270594,274055,8,3461,2,18000,1.00231147067
270692,270707,274289,15,3582,2,18000,1.00418760469
270706,270713,274055,7,3342,2,18000,1.00209455416
270727,270737,274074,10,3337,2,18000,1.00299670363
270851,270861,274357,10,3496,2,18000,1.0028604119
270884,270893,274157,9,3264,2,18000,1.00275735294
270911,270921,274310,10,3389,2,18000,1.00295072293
270945,270955,274484,10,3529,2,18000,1.00283366393
270987,270996,274538,9,3542,2,18000,1.00254093732
271014,271024,274659,10,3635,2,18000,1.00275103164
271044,271054,274487,10,3433,2,18000,1.00291290417
271071,271081,274831,10,3750,2,18000,1.00266666667
271119,271129,274437,10,3308,2,18000,1.00302297461
271134,271144,274746,10,3602,2,18000,1.00277623542
271464,271474,274980,10,3506,2,18000,1.00285225328
271542,271553,275127,11,3574,2,18000,1.003077784
271718,271727,275312,9,3585,2,18000,1.00251046025
271997,272007,275518,10,3511,2,18000,1.0028481914
272653,272661,276288,8,3627,2,18000,1.00220567963
272668,272674,275878,6,3204,2,18000,1.00187265918
272765,272774,276446,9,3672,2,18000,1.00245098039
272967,272976,276745,9,3769,2,18000,1.0023879013
273018,273027,276484,9,3457,2,18000,1.00260341336
273120,273129,276787,9,3658,2,18000,1.00246036085
273202,273210,276950,8,3740,2,18000,1.00213903743
273216,273222,276786,6,3564,2,18000,1.00168350168
273298,273307,276766,9,3459,2,18000,1.00260190807
273337,273347,276942,10,3595,2,18000,1.00278164117
273376,273387,276459,11,3072,2,18000,1.00358072917
273406,273416,276921,10,3505,2,18000,1.00285306705
273502,273510,276903,8,3393,2,18000,1.00235779546
273517,273523,277111,6,3588,2,18000,1.0016722408
273547,273557,276986,10,3429,2,18000,1.00291630213
273592,273602,277236,10,3634,2,18000,1.00275178866
273652,273662,277299,10,3637,2,18000,1.00274951883
273795,273804,277507,9,3703,2,18000,1.00243046179
273809,273815,277296,6,3481,2,18000,1.00172364263
273951,273962,277699,11,3737,2,18000,1.0029435376
274017,274026,277270,9,3244,2,18000,1.00277435265
274056,274065,277564,9,3499,2,18000,1.00257216348
274057,274071,277577,14,3506,2,18000,1.00399315459
274075,274085,277453,10,3368,2,18000,1.00296912114
274160,274168,277920,8,3752,2,18000,1.00213219616
274241,274250,277961,9,3711,2,18000,1.00242522231
274286,274300,277618,14,3318,2,18000,1.00421940928
274313,274322,277886,9,3564,2,18000,1.00252525253
274358,274369,277739,11,3370,2,18000,1.00326409496
274439,274448,278159,9,3711,2,18000,1.00242522231
274485,274495,277668,10,3173,2,18000,1.00315159155
274500,274506,277784,6,3278,2,18000,1.00183038438
274539,274550,278122,11,3572,2,18000,1.00307950728
274660,274671,277880,11,3209,2,18000,1.00342785915
274748,274757,278269,9,3512,2,18000,1.00256264237
274832,274842,278114,10,3272,2,18000,1.00305623472
274981,274991,278606,10,3615,2,18000,1.00276625173
275128,275139,278676,11,3537,2,18000,1.00310998021
275313,275323,279067,10,3744,2,18000,1.00267094017
275519,275529,278861,10,3332,2,18000,1.00300120048
275774,275780,275872,6,92,1,1800,1.0652173913
275879,275889,279353,10,3464,2,18000,1.00288683603
276187,276194,276297,7,103,1,1800,1.06796116505
276291,276300,279495,9,3195,2,18000,1.00281690141
276447,276457,280046,10,3589,2,18000,1.00278629145
276462,276470,279847,8,3377,2,18000,1.00236896654
276486,276495,280253,9,3758,2,18000,1.0023948909
276746,276756,279858,10,3102,2,18000,1.00322372663
276767,276777,280392,10,3615,2,18000,1.00276625173
276788,276797,279895,9,3098,2,18000,1.00290510006
276789,276803,280049,14,3246,2,18000,1.00431300062
276896,276902,277391,6,489,1,1800,1.01226993865
276904,276914,280143,10,3229,2,18000,1.00309693404
276922,276932,280539,10,3607,2,18000,1.00277238703
276943,276954,280397,11,3443,2,18000,1.00319488818
276958,276964,280044,6,3080,2,18000,1.00194805195
276988,276997,280652,9,3655,2,18000,1.0024623803
277115,277123,280491,8,3368,2,18000,1.00237529691
277238,277247,280493,9,3246,2,18000,1.00277264325
277271,277282,280989,11,3707,2,18000,1.00296735905
277299,277307,280900,8,3593,2,18000,1.00222655163
277300,277313,280586,13,3273,2,18000,1.00397189123
277454,277464,280965,10,3501,2,18000,1.00285632676
277509,277519,280959,10,3440,2,18000,1.00290697674
277566,277576,281346,10,3770,2,18000,1.00265251989
277581,277589,280777,8,3188,2,18000,1.00250941029
277620,277629,280843,9,3214,2,18000,1.00280024891
277668,277679,280929,11,3250,2,18000,1.00338461538
277702,277710,281232,8,3522,2,18000,1.00227143668
277741,277750,280892,9,3142,2,18000,1.00286441757
277786,277795,281316,9,3521,2,18000,1.00255609202
277883,277892,281466,9,3574,2,18000,1.00251818691
277897,277904,281404,7,3500,2,18000,1.002
277921,277932,281249,11,3317,2,18000,1.00331624962
277964,277972,281479,8,3507,2,18000,1.00228115198
278116,278125,281401,9,3276,2,18000,1.00274725275
278131,278137,281576,6,3439,2,18000,1.00174469322
278161,278170,281800,9,3630,2,18000,1.00247933884
278270,278280,281880,10,3600,2,18000,1.00277777778
278607,278617,282031,10,3414,2,18000,1.00292911541
278679,278688,282116,9,3428,2,18000,1.00262543757
278862,278872,282525,10,3653,2,18000,1.00273747605
279065,279071,279109,6,38,1,1800,1.15789473684
279069,279078,282733,9,3655,2,18000,1.0024623803
279115,279121,279162,6,41,1,1800,1.14634146341
279354,279364,282834,10,3470,2,18000,1.00288184438
279436,279442,279514,6,72,1,1800,1.08333333333
279444,279450,279530,6,80,1,1800,1.075
279497,279507,283098,10,3591,2,18000,1.00278473963
279848,279859,283556,11,3697,2,18000,1.00297538545
279863,279869,283244,6,3375,2,18000,1.00177777778
279896,279906,283367,10,3461,2,18000,1.00288933834
280045,280055,283390,10,3335,2,18000,1.00299850075
280050,280061,280302,11,241,1,1800,1.04564315353
280060,280067,283760,7,3693,2,18000,1.00189547793
280061,280072,283291,11,3219,2,18000,1.00341721031
280146,280154,283775,8,3621,2,18000,1.00220933444
280255,280264,283692,9,3428,2,18000,1.00262543757
280393,280399,280667,6,268,1,1800,1.0223880597
280393,280405,284014,12,3609,2,18000,1.00332502078
280408,280414,284136,6,3722,2,18000,1.00161203654
280494,280502,284224,8,3722,2,18000,1.00214938205
280495,280508,284003,13,3495,2,18000,1.00371959943
280540,280550,283790,10,3240,2,18000,1.00308641975
280589,280597,284214,8,3617,2,18000,1.00221177772
280653,280664,284063,11,3399,2,18000,1.00323624595
280780,280788,284429,8,3641,2,18000,1.00219719857
280843,280854,284414,11,3560,2,18000,1.00308988764
280895,280903,284036,8,3133,2,18000,1.00255346313
280910,280916,284214,6,3298,2,18000,1.00181928441
280931,280940,284289,9,3349,2,18000,1.00268736936
280961,280970,284767,9,3797,2,18000,1.00237029234
280976,280982,284561,6,3579,2,18000,1.00167644593
280991,281000,284294,9,3294,2,18000,1.00273224044
281234,281243,284876,9,3633,2,18000,1.00247729149
281252,281260,284749,8,3489,2,18000,1.00229292061
281318,281327,284781,9,3454,2,18000,1.00260567458
281349,281357,284669,8,3312,2,18000,1.00241545894
281404,281413,285043,9,3630,2,18000,1.00247933884
281418,281424,284672,6,3248,2,18000,1.00184729064
281470,281478,285077,8,3599,2,18000,1.00222283968
281485,281491,284894,6,3403,2,18000,1.00176315016
281579,281587,285280,8,3693,2,18000,1.00216626049
281741,281747,281776,6,29,1,1800,1.20689655172
281801,281811,285201,10,3390,2,18000,1.00294985251
281883,281891,285322,8,3431,2,18000,1.00233168173
282032,282042,285031,10,2989,2,18000,1.00334560054
282075,282081,282143,6,62,1,1800,1.09677419355
282117,282128,285487,11,3359,2,18000,1.00327478416
282526,282536,286225,10,3689,2,18000,1.00271076172
282736,282745,286198,9,3453,2,18000,1.00260642919
282836,282845,286143,9,3298,2,18000,1.00272892662
282895,282901,283028,6,127,1,1800,1.04724409449
283099,283110,286610,11,3500,2,18000,1.00314285714
283232,283238,286962,6,3724,2,3600,1.00161117078
283245,283255,286927,10,3672,2,18000,1.00272331155
283288,283302,286840,14,3538,2,18000,1.00395703787
283370,283378,286835,8,3457,2,18000,1.00231414521
283391,283401,286937,10,3536,2,18000,1.0028280543
283558,283568,286900,10,3332,2,18000,1.00300120048
283696,283703,287276,7,3573,2,18000,1.00195913798
283763,283771,286671,8,2900,2,18000,1.00275862069
283778,283786,287151,8,3365,2,18000,1.00237741456
283793,283802,287241,9,3439,2,18000,1.00261703984
284005,284014,287733,9,3719,2,18000,1.00242000538
284020,284026,287302,6,3276,2,18000,1.00183150183
284038,284047,287397,9,3350,2,18000,1.00268656716
284065,284075,287622,10,3547,2,18000,1.0028192839
284138,284147,287778,9,3631,2,18000,1.00247865602
284218,284225,287905,7,3680,2,18000,1.00190217391
284219,284230,287829,11,3599,2,18000,1.00305640456
284234,284240,287931,6,3691,2,18000,1.00162557572
284293,284300,287894,7,3594,2,18000,1.0019476906
284308,284314,288018,6,3704,2,18000,1.00161987041
284412,284425,287777,13,3352,2,18000,1.00387828162
284431,284440,288148,9,3708,2,18000,1.00242718447
284564,284573,288054,9,3481,2,18000,1.00258546395
284670,284681,288278,11,3597,2,18000,1.00305810398
284685,284691,288443,6,3752,2,18000,1.00159914712
284752,284761,288274,9,3513,2,18000,1.00256191289
284770,284779,288154,9,3375,2,18000,1.00266666667
284785,284792,288022,7,3230,2,18000,1.00216718266
284879,284887,288322,8,3435,2,18000,1.00232896652
284897,284906,288368,9,3462,2,18000,1.00259965338
285032,285043,288434,11,3391,2,18000,1.00324388086
285047,285054,288533,7,3479,2,18000,1.00201207243
285080,285089,288251,9,3162,2,18000,1.00284629981
285203,285212,288933,9,3721,2,18000,1.00241870465
285282,285291,288734,9,3443,2,18000,1.00261399942
285324,285333,288544,9,3211,2,18000,1.00280286515
285488,285499,288936,11,3437,2,18000,1.00320046552
286144,286155,289522,11,3367,2,18000,1.00326700327
286199,286210,289814,11,3604,2,18000,1.00305216426
286227,286236,289865,9,3629,2,18000,1.00248002204
286612,286621,290098,9,3477,2,18000,1.00258843831
286672,286682,289782,10,3100,2,18000,1.00322580645
286836,286846,290417,10,3571,2,18000,1.00280033604
286850,286857,290500,7,3643,2,18000,1.00192149327
286899,286911,290215,12,3304,2,18000,1.00363196126
286929,286938,290025,9,3087,2,18000,1.0029154519
286944,286950,290485,6,3535,2,18000,1.00169731259
287152,287163,290744,11,3581,2,18000,1.00307176766
287243,287252,290836,9,3584,2,18000,1.00251116071
287280,287288,290945,8,3657,2,18000,1.00218758545
287304,287313,290828,9,3515,2,18000,1.00256045519
287398,287408,290788,10,3380,2,18000,1.00295857988
287625,287633,291237,8,3604,2,18000,1.00221975583
287734,287745,291330,11,3585,2,18000,1.00306834031
287780,287788,291509,8,3721,2,18000,1.00214995969
287781,287794,291479,13,3685,2,18000,1.00352781547
287830,287840,291381,10,3541,2,18000,1.002824061
287896,287906,291588,10,3682,2,18000,1.00271591526
287911,287917,291211,6,3294,2,18000,1.00182149362
287932,287943,291538,11,3595,2,18000,1.00305980529
288020,288029,291403,9,3374,2,18000,1.00266745702
288035,288041,291276,6,3235,2,18000,1.00185471406
288056,288066,291177,10,3111,2,18000,1.00321440051
288150,288159,291831,9,3672,2,18000,1.00245098039
288165,288171,291284,6,3113,2,18000,1.00192740122
288257,288263,291924,6,3661,2,18000,1.00163889648
288277,288285,291978,8,3693,2,18000,1.00216626049
288292,288298,291930,6,3632,2,18000,1.00165198238
288323,288333,291788,10,3455,2,18000,1.00289435601
288370,288379,291635,9,3256,2,18000,1.00276412776
288436,288445,291950,9,3505,2,18000,1.00256776034
288451,288457,291857,6,3400,2,18000,1.00176470588
288537,288544,292028,7,3484,2,18000,1.00200918485
288551,288557,292232,6,3675,2,18000,1.00163265306
288737,288745,292157,8,3412,2,18000,1.00234466589
288935,288944,292388,9,3444,2,18000,1.00261324042
288950,288956,292688,6,3732,2,18000,1.00160771704
289526,289533,292965,7,3432,2,18000,1.00203962704
289664,289670,358381,6,68711,2,288000,1.00008732226
289785,289794,293548,9,3754,2,18000,1.00239744273
289816,289825,293263,9,3438,2,18000,1.00261780105
289868,289876,293352,8,3476,2,18000,1.00230149597
290028,290037,293730,9,3693,2,18000,1.00243704305
290099,290109,293466,10,3357,2,18000,1.00297885016
290217,290226,293505,9,3279,2,18000,1.00274473925
290418,290428,293685,10,3257,2,18000,1.0030703101
290487,290496,294043,9,3547,2,18000,1.00253735551
290502,290511,294156,9,3645,2,18000,1.0024691358
290741,290755,294115,14,3360,2,18000,1.00416666667
290790,290799,294263,9,3464,2,18000,1.00259815242
290830,290839,294500,9,3661,2,18000,1.00245834471
290845,290851,294604,6,3753,2,18000,1.00159872102
290948,290957,294281,9,3324,2,18000,1.00270758123
291166,291172,292099,6,927,2,36000,1.00647249191
291178,291188,294474,10,3286,2,18000,1.00304321363
291214,291222,294494,8,3272,2,18000,1.00244498778
291239,291248,294685,9,3437,2,18000,1.0026185627
291278,291287,294748,9,3461,2,18000,1.00260040451
291292,291299,294712,7,3413,2,18000,1.00205098154
291332,291341,294776,9,3435,2,18000,1.00262008734
291384,291392,295011,8,3619,2,18000,1.0022105554
291405,291415,294758,10,3343,2,18000,1.00299132516
291481,291490,295000,9,3510,2,18000,1.00256410256
291511,291520,295032,9,3512,2,18000,1.00256264237
291541,291550,294899,9,3349,2,18000,1.00268736936
291589,291600,294740,11,3140,2,18000,1.00350318471
291638,291646,295120,8,3474,2,18000,1.00230282096
291790,291799,295440,9,3641,2,18000,1.00247184839
291833,291842,294915,9,3073,2,18000,1.00292873414
291860,291868,294917,8,3049,2,18000,1.00262381109
291926,291936,295326,10,3390,2,18000,1.00294985251
291941,291948,295376,7,3428,2,18000,1.002042007
291956,291962,295749,6,3787,2,18000,1.00158436757
291980,291989,295383,9,3394,2,18000,1.00265173836
292029,292039,295770,10,3731,2,18000,1.00268024658
292159,292168,295298,9,3130,2,18000,1.00287539936
292234,292243,295796,9,3553,2,18000,1.00253307064
292389,292399,296046,10,3647,2,18000,1.00274197971
292689,292699,296271,10,3572,2,18000,1.00279955207
292815,292821,299375,6,6554,4,36000,1.00091547147
292967,292977,296250,10,3273,2,18000,1.00305530095
293265,293274,296918,9,3644,2,18000,1.00246981339
293353,293363,296473,10,3110,2,18000,1.00321543408
293468,293477,297003,9,3526,2,18000,1.00255246739
293508,293517,296665,9,3148,2,18000,1.00285895807
293551,293559,297180,8,3621,2,18000,1.00220933444
293687,293697,297417,10,3720,2,18000,1.00268817204
293733,293742,297302,9,3560,2,18000,1.00252808989
293751,293757,298143,6,4386,7,21600,1.00136798906
294046,294054,297456,8,3402,2,18000,1.00235155791
294118,294127,297870,9,3743,2,18000,1.00240448838
294158,294168,297890,10,3722,2,18000,1.00268672757
294266,294275,297470,9,3195,2,18000,1.00281690141
294281,294292,297938,11,3646,2,18000,1.00301700494
294475,294485,297890,10,3405,2,18000,1.00293685756
294496,294505,297816,9,3311,2,18000,1.00271821202
294511,294517,297640,6,3123,2,18000,1.00192122959
294605,294615,298177,10,3562,2,18000,1.00280741157
294687,294696,298234,9,3538,2,18000,1.00254381006
294713,294724,297631,11,2907,2,18000,1.00378396973
294741,294751,298083,10,3332,2,18000,1.00300120048
294755,294762,298296,7,3534,2,18000,1.00198075835
294770,294776,298265,6,3489,2,18000,1.00171969046
294785,294791,298262,6,3471,2,18000,1.00172860847
294900,294910,298346,10,3436,2,18000,1.00291036088
294919,294926,298379,7,3453,2,18000,1.0020272227
294920,294932,298573,12,3641,2,18000,1.00329579786
295002,295011,298617,9,3606,2,18000,1.00249584027
295017,295023,298537,6,3514,2,18000,1.00170745589
295034,295043,298767,9,3724,2,18000,1.00241675618
295122,295131,298633,9,3502,2,18000,1.00256996002
295301,295309,298632,8,3323,2,18000,1.00240746314
295328,295337,298631,9,3294,2,18000,1.00273224044
295339,295345,898487,6,603142,2,604800,1.00000994791
295377,295388,298843,11,3455,2,18000,1.00318379161
295391,295398,298576,7,3178,2,18000,1.00220264317
295443,295451,298977,8,3526,2,18000,1.0022688599
295533,295539,898718,6,603179,4,604800,1.0000099473
295658,295664,900496,6,604832,2,604800,1.00000992011
295752,295760,299401,8,3641,2,18000,1.00219719857
295773,295781,299289,8,3508,2,18000,1.00228050171
295797,295807,299377,10,3570,2,18000,1.00280112045
295950,295956,531331,6,235375,2,604800,1.00002549124
296049,296057,299217,8,3160,2,18000,1.00253164557
296250,296261,299847,11,3586,2,18000,1.00306748466
296274,296282,300044,8,3762,2,18000,1.00212652844
296475,296484,299750,9,3266,2,18000,1.00275566442
296552,296558,339820,6,43262,60,43200,1.00013868984
296574,296580,328461,6,31881,4,360000,1.00018819987
296667,296676,300229,9,3553,2,18000,1.00253307064
296839,296845,370152,6,73307,2,288000,1.00008184757
296921,296930,300373,9,3443,2,18000,1.00261399942
297007,297015,300628,8,3613,2,18000,1.0022142264
297116,297122,552495,6,255373,2,288000,1.00002349504
297183,297192,300396,9,3204,2,18000,1.00280898876
297304,297313,300810,9,3497,2,18000,1.00257363454
297419,297428,300581,9,3153,2,18000,1.00285442436
297459,297467,301074,8,3607,2,18000,1.00221790962
297474,297481,301043,7,3562,2,18000,1.0019651881
297631,297642,301293,11,3651,2,18000,1.00301287319
297646,297652,301399,6,3747,2,18000,1.00160128102
297819,297827,301358,8,3531,2,18000,1.00226564713
297874,297882,301360,8,3478,2,18000,1.00230017251
297892,297900,301129,8,3229,2,18000,1.00247754723
297893,297945,301648,52,3703,2,18000,1.01404266811
297939,297951,301060,12,3109,2,18000,1.00385976198
298084,298094,301700,10,3606,2,18000,1.00277315585
298178,298188,301718,10,3530,2,18000,1.00283286119
298235,298245,301526,10,3281,2,18000,1.00304785126
298266,298273,301923,7,3650,2,18000,1.00191780822
298267,298279,301683,12,3404,2,18000,1.00352526439
298298,298307,301841,9,3534,2,18000,1.0025466893
298349,298357,302080,8,3723,2,18000,1.00214880473
298383,298390,301920,7,3530,2,18000,1.00198300283
298541,298548,301934,7,3386,2,18000,1.00206733609
298574,298584,301688,10,3104,2,18000,1.00322164948
298589,298595,302281,6,3686,2,18000,1.00162778079
298620,298628,302132,8,3504,2,18000,1.00228310502
298635,298642,302021,7,3379,2,18000,1.00207161882
298637,298648,302280,11,3632,2,18000,1.00302863436
298638,298653,301959,15,3306,2,18000,1.00453720508
298712,298718,300038,6,1320,16,1800,1.00454545455
298769,298779,302508,10,3729,2,18000,1.0026816841
298845,298855,302346,10,3491,2,18000,1.00286450874
298978,298989,302364,11,3375,2,18000,1.00325925926
299219,299228,302845,9,3617,2,18000,1.00248824993
299292,299301,302802,9,3501,2,18000,1.00257069409
299381,299388,302987,7,3599,2,18000,1.00194498472
299402,299412,302898,10,3486,2,18000,1.00286861733
299581,299587,308895,6,9308,4,10800,1.00064460679
299751,299761,303407,10,3646,2,18000,1.00274273176
299848,299858,303024,10,3166,2,18000,1.0031585597
300045,300055,303686,10,3631,2,18000,1.00275406224
300232,300241,303624,9,3383,2,18000,1.00266036063
300374,300384,303817,10,3433,2,18000,1.00291290417
300395,300407,303951,12,3544,2,18000,1.00338600451
300584,300592,304182,8,3590,2,18000,1.00222841226
300629,300639,303945,10,3306,2,18000,1.00302480339
300813,300821,304106,8,3285,2,18000,1.00243531202
301043,301054,304592,11,3538,2,18000,1.00310910119
301062,301071,304508,9,3437,2,18000,1.0026185627
301077,301085,304644,8,3559,2,18000,1.00224782242
301132,301140,304462,8,3322,2,18000,1.00240818784
301243,301249,507155,6,205906,2,288000,1.00002913951
301296,301305,305006,9,3701,2,18000,1.0024317752
301360,301370,305011,10,3641,2,18000,1.00274649821
301375,301381,304807,6,3426,2,18000,1.00175131349
301402,301410,304841,8,3431,2,18000,1.00233168173
301507,301514,589527,7,288013,2,288000,1.00002430446
301529,301538,304603,9,3065,2,18000,1.00293637847
301650,301659,304771,9,3112,2,18000,1.00289203085
301684,301694,305389,10,3695,2,18000,1.00270635995
301699,301705,305117,6,3412,2,18000,1.00175849941
301717,301723,305161,6,3438,2,18000,1.0017452007
301732,301738,305074,6,3336,2,18000,1.00179856115
301844,301852,305356,8,3504,2,18000,1.00228310502
301924,301935,305335,11,3400,2,18000,1.00323529412
301925,301940,305602,15,3662,2,18000,1.00409612234
301940,301946,305283,6,3337,2,18000,1.00179802218
301961,301970,305349,9,3379,2,18000,1.00266350991
302022,302032,305263,10,3231,2,18000,1.00309501702
302082,302091,305576,9,3485,2,18000,1.00258249641
302133,302143,305386,10,3243,2,18000,1.0030835646
302282,302297,305920,15,3623,2,18000,1.00414021529
302284,302291,305853,7,3562,2,18000,1.0019651881
302348,302357,305928,9,3571,2,18000,1.00252030244
302366,302375,305845,9,3470,2,18000,1.00259365994
302511,302520,306112,9,3592,2,18000,1.00250556793
302804,302814,306440,10,3626,2,18000,1.0027578599
302847,302856,306006,9,3150,2,18000,1.00285714286
302898,302909,306377,11,3468,2,18000,1.00317185698
302986,302998,306534,12,3536,2,18000,1.00339366516
303026,303035,306601,9,3566,2,18000,1.00252383623
303409,303418,306950,9,3532,2,18000,1.00254813137
303625,303635,307283,10,3648,2,18000,1.00274122807
303689,303697,307119,8,3422,2,18000,1.00233781414
303819,303828,307325,9,3497,2,18000,1.00257363454
303946,303956,307535,10,3579,2,18000,1.00279407656
303961,303967,307483,6,3516,2,18000,1.00170648464
304107,304117,307631,10,3514,2,18000,1.00284575982
304183,304193,307256,10,3063,2,18000,1.0032647731
304464,304473,307685,9,3212,2,18000,1.00280199253
304510,304519,308054,9,3535,2,18000,1.00254596888
304594,304603,307685,9,3082,2,18000,1.0029201817
304609,304615,308164,6,3549,2,18000,1.00169061708
304645,304655,307925,10,3270,2,18000,1.00305810398
304773,304782,307940,9,3158,2,18000,1.002849905
304809,304819,308472,10,3653,2,18000,1.00273747605
304842,304853,308475,11,3622,2,18000,1.00303699613
305009,305017,308142,8,3125,2,18000,1.00256
305024,305030,308128,6,3098,2,18000,1.00193673338
305075,305086,308696,11,3610,2,18000,1.00304709141
305118,305128,308639,10,3511,2,18000,1.0028481914
305163,305172,308498,9,3326,2,18000,1.0027059531
305264,305276,308733,12,3457,2,18000,1.00347121782
305284,305294,308765,10,3471,2,18000,1.00288101412
305336,305346,309034,10,3688,2,18000,1.00271149675
305351,305360,308625,9,3265,2,18000,1.00275650842
305366,305372,308567,6,3195,2,18000,1.00187793427
305387,305398,308962,11,3564,2,18000,1.00308641975
305402,305408,308798,6,3390,2,18000,1.0017699115
305580,305587,309114,7,3527,2,18000,1.00198468954
305604,305613,309383,9,3770,2,18000,1.0023872679
305848,305856,309482,8,3626,2,18000,1.00220628792
305862,305869,309501,7,3632,2,18000,1.00192731278
305923,305931,309473,8,3542,2,18000,1.00225861095
305938,305944,309349,6,3405,2,18000,1.00176211454
306008,306017,309607,9,3590,2,18000,1.00250696379
306114,306124,309799,10,3675,2,18000,1.00272108844
306379,306388,309627,9,3239,2,18000,1.00277863538
306442,306451,310100,9,3649,2,18000,1.00246642916
306536,306545,310024,9,3479,2,18000,1.00258695027
306603,306613,310010,10,3397,2,18000,1.00294377392
306951,306961,310346,10,3385,2,18000,1.00295420975
307121,307130,310566,9,3436,2,18000,1.0026193248
307257,307267,310599,10,3332,2,18000,1.00300120048
307285,307294,310360,9,3066,2,18000,1.00293542074
307327,307336,310798,9,3462,2,18000,1.00259965338
307485,307495,311027,10,3532,2,18000,1.00283125708
307537,307546,311123,9,3577,2,18000,1.00251607492
307634,307642,310728,8,3086,2,18000,1.00259235256
307686,307696,311280,10,3584,2,18000,1.00279017857
307687,307702,311052,15,3350,2,18000,1.00447761194
307926,307936,311342,10,3406,2,18000,1.0029359953
307941,307952,311464,11,3512,2,18000,1.00313211845
308056,308065,311601,9,3536,2,18000,1.00254524887
308129,308140,311461,11,3321,2,18000,1.00331225534
308144,308153,311832,9,3679,2,18000,1.00244631693
308165,308175,311818,10,3643,2,18000,1.00274499039
308436,308442,380451,6,72009,10,72000,1.00008332292
308476,308483,311830,7,3347,2,18000,1.00209142516
308477,308489,311967,12,3478,2,18000,1.00345025877
308498,308509,312196,11,3687,2,18000,1.00298345538
308568,308578,311680,10,3102,2,18000,1.00322372663
308629,308636,311982,7,3346,2,18000,1.00209205021
308643,308650,311757,7,3107,2,18000,1.00225297715
308698,308708,312313,10,3605,2,18000,1.0027739251
308735,308744,312185,9,3441,2,18000,1.00261551874
308768,308776,312254,8,3478,2,18000,1.00230017251
308799,308809,312464,10,3655,2,18000,1.00273597811
308863,308869,311755,6,2886,2,14400,1.00207900208
308965,308973,312384,8,3411,2,18000,1.00234535327
309035,309045,312393,10,3348,2,18000,1.00298685783
309117,309125,312742,8,3617,2,18000,1.00221177772
309184,309190,311503,6,2313,2,14400,1.00259403372
309298,309304,320141,6,10837,4,10800,1.00055365876
309351,309360,312884,9,3524,2,18000,1.002553916
309384,309394,312990,10,3596,2,18000,1.00278086763
309474,309484,312875,10,3391,2,18000,1.0029489826
309489,309495,312691,6,3196,2,18000,1.00187734668
309504,309512,313170,8,3658,2,18000,1.00218698742
309610,309618,313181,8,3563,2,18000,1.00224529891
309628,309638,312838,10,3200,2,18000,1.003125
309802,309810,313578,8,3768,2,18000,1.00212314225
310012,310021,313153,9,3132,2,18000,1.00287356322
310027,310035,313677,8,3642,2,18000,1.00219659528
310102,310111,313315,9,3204,2,18000,1.00280898876
310348,310358,314133,10,3775,2,18000,1.00264900662
310363,310372,313923,9,3551,2,18000,1.00253449732
310566,310577,314068,11,3491,2,18000,1.00315095961
310600,310610,313827,10,3217,2,18000,1.00310848617
310731,310739,313797,8,3058,2,18000,1.00261608895
310801,310809,314078,8,3269,2,18000,1.00244723157
311029,311038,314448,9,3410,2,18000,1.00263929619
311053,311063,314655,10,3592,2,18000,1.00278396437
311123,311134,314749,11,3615,2,18000,1.0030428769
311281,311291,314866,10,3575,2,18000,1.0027972028
311344,311354,314970,10,3616,2,18000,1.00276548673
311464,311472,315042,8,3570,2,18000,1.00224089636
311479,311485,315114,6,3629,2,18000,1.00165334803
311603,311613,315144,10,3531,2,18000,1.00283205891
311682,311691,315271,9,3580,2,18000,1.00251396648
311759,311769,314940,10,3171,2,18000,1.00315357931
311820,311829,315242,9,3413,2,18000,1.00263697627
311836,311842,315453,6,3611,2,18000,1.00166158959
311837,311848,315575,11,3727,2,18000,1.00295143547
311971,311978,315246,7,3268,2,18000,1.00214198286
311986,311993,315304,7,3311,2,18000,1.0021141649
312186,312197,315557,11,3360,2,18000,1.00327380952
312202,312207,315713,5,3506,2,18000,1.00142612664
312258,312266,315805,8,3539,2,18000,1.00226052557
312315,312325,315770,10,3445,2,18000,1.00290275762
312385,312395,316041,10,3646,2,18000,1.00274273176
312400,312406,316038,6,3632,2,18000,1.00165198238
312467,312475,315998,8,3523,2,18000,1.00227079194
312695,312703,316198,8,3495,2,18000,1.00228898426
312743,312753,316334,10,3581,2,18000,1.00279251606
312840,312849,316436,9,3587,2,18000,1.0025090605
312876,312887,316446,11,3559,2,18000,1.00309075583
312891,312898,316364,7,3466,2,18000,1.00201961916
312991,313002,316557,11,3555,2,18000,1.00309423347
313155,313164,316720,9,3556,2,18000,1.00253093363
313170,313181,316779,11,3598,2,18000,1.00305725403
313185,313192,316923,7,3731,2,18000,1.00187617261
313316,313326,316911,10,3585,2,18000,1.00278940028
313446,313452,313455,6,3,1,259200,1.0
313496,313503,313516,7,13,1,259200,1.53846153846
313579,313589,316741,10,3152,2,18000,1.00317258883
313680,313689,316949,9,3260,2,18000,1.0027607362
313798,313810,317270,12,3460,2,18000,1.00346820809
313830,313838,317205,8,3367,2,18000,1.00237600238
313924,313934,317554,10,3620,2,18000,1.00276243094
314071,314080,317259,9,3179,2,18000,1.00283107896
314086,314092,317479,6,3387,2,18000,1.00177147919
314134,314145,317221,11,3076,2,18000,1.00357607282
314450,314459,317445,9,2986,2,18000,1.00301406564
314656,314666,318398,10,3732,2,18000,1.0026795284
314750,314760,317988,10,3228,2,18000,1.00309789343
314868,314877,318581,9,3704,2,18000,1.00242980562
314941,314953,318200,12,3247,2,18000,1.00369571913
314971,314982,318123,11,3141,2,18000,1.0035020694
315041,315053,318433,12,3380,2,18000,1.00355029586
315108,315114,330646,6,15532,4,144000,1.00038629925
315117,315126,318323,9,3197,2,18000,1.00281513919
315145,315155,318774,10,3619,2,18000,1.00276319425
315244,315255,318436,11,3181,2,18000,1.00345803207
315259,315265,318814,6,3549,2,18000,1.00169061708
315274,315282,318918,8,3636,2,18000,1.00220022002
315307,315315,318960,8,3645,2,18000,1.00219478738
315455,315465,318626,10,3161,2,18000,1.00316355584
315558,315568,319062,10,3494,2,18000,1.00286204923
315577,315586,319098,9,3512,2,18000,1.00256264237
315591,315597,315611,6,14,1,259200,1.42857142857
315716,315724,319312,8,3588,2,18000,1.0022296544
315773,315781,319166,8,3385,2,18000,1.0023633678
315806,315816,319490,10,3674,2,18000,1.00272182907
315844,315850,342603,6,26753,1,259200,1.00022427391
316000,316009,319080,9,3071,2,18000,1.00293064148
316023,316029,352073,6,36044,2,36000,1.00016646321
316040,316049,319695,9,3646,2,18000,1.00246845858
316055,316061,319643,6,3582,2,18000,1.00167504188
316200,316209,319558,9,3349,2,18000,1.00268736936
316337,316345,319829,8,3484,2,18000,1.00229621125
316367,316375,319985,8,3610,2,18000,1.00221606648
316437,316447,319894,10,3447,2,18000,1.0029010734
316452,316458,319745,6,3287,2,18000,1.00182537268
316561,316568,319741,7,3173,2,18000,1.00220611409
316721,316732,320006,11,3274,2,18000,1.00335980452
316742,316752,320231,10,3479,2,18000,1.00287438919
316782,316791,319937,9,3146,2,18000,1.00286077559
316912,316922,320505,10,3583,2,18000,1.0027909573
316927,316933,320584,6,3651,2,18000,1.00164338537
316952,316961,320593,9,3632,2,18000,1.00247797357
317207,317217,320325,10,3108,2,18000,1.00321750322
317222,317232,320580,10,3348,2,18000,1.00298685783
317261,317270,320312,9,3042,2,18000,1.00295857988
317276,317283,320428,7,3145,2,18000,1.00222575517
317446,317456,320942,10,3486,2,18000,1.00286861733
317482,317490,320739,8,3249,2,18000,1.00246229609
317558,317566,321169,8,3603,2,18000,1.00222037191
317989,317999,321788,10,3789,2,18000,1.00263921879
318123,318134,321519,11,3385,2,18000,1.00324963072
318202,318212,321915,10,3703,2,18000,1.0027005131
318327,318334,321703,7,3369,2,18000,1.00207776788
318399,318409,321889,10,3480,2,18000,1.00287356322
318436,318451,321893,15,3442,2,18000,1.00435793144
318437,318445,322105,8,3660,2,18000,1.00218579235
318583,318593,321693,10,3100,2,18000,1.00322580645
318628,318638,322078,10,3440,2,18000,1.00290697674
318777,318786,322206,9,3420,2,18000,1.00263157895
318816,318825,322141,9,3316,2,18000,1.00271411339
318919,318929,322516,10,3587,2,18000,1.002787845
318962,318971,322151,9,3180,2,18000,1.00283018868
319063,319073,322430,10,3357,2,18000,1.00297885016
319084,319092,322733,8,3641,2,18000,1.00219719857
319099,319109,322614,10,3505,2,18000,1.00285306705
319168,319177,322602,9,3425,2,18000,1.00262773723
319314,319323,322850,9,3527,2,18000,1.00255174369
319493,319501,323081,8,3580,2,18000,1.00223463687
319560,319569,323348,9,3779,2,18000,1.00238158243
319645,319654,322715,9,3061,2,18000,1.00294021562
319696,319706,323198,10,3492,2,18000,1.00286368843
319742,319752,323238,10,3486,2,18000,1.00286861733
319757,319763,323393,6,3630,2,18000,1.00165289256
319833,319841,323002,8,3161,2,18000,1.00253084467
319896,319905,323522,9,3617,2,18000,1.00248824993
319939,319948,323524,9,3576,2,18000,1.00251677852
319987,319996,323461,9,3465,2,18000,1.0025974026
320010,320017,323651,7,3634,2,18000,1.00192625206
320233,320242,323365,9,3123,2,18000,1.00288184438
320313,320323,323807,10,3484,2,18000,1.00287026406
320328,320336,323920,8,3584,2,18000,1.00223214286
320431,320439,324011,8,3572,2,18000,1.00223964166
320507,320516,324153,9,3637,2,18000,1.00247456695
320583,320591,324019,8,3428,2,18000,1.00233372229
320598,320604,324166,6,3562,2,18000,1.00168444694
320599,320610,323771,11,3161,2,18000,1.00347991142
320742,320751,323846,9,3095,2,18000,1.00290791599
320946,320954,324614,8,3660,2,18000,1.00218579235
321170,321180,324756,10,3576,2,18000,1.00279642058
321206,321213,328466,7,7253,2,21600,1.00096511788
321522,321530,324840,8,3310,2,18000,1.00241691843
321694,321705,325428,11,3723,2,18000,1.0029546065
321710,321716,325075,6,3359,2,18000,1.00178624591
321792,321799,325527,7,3728,2,18000,1.0018776824
321870,321876,329551,6,7675,2,21600,1.00078175896
321892,321901,325451,9,3550,2,18000,1.00253521127
321907,321913,325563,6,3650,2,18000,1.00164383562
321922,321928,325309,6,3381,2,18000,1.00177462289
322079,322089,325220,10,3131,2,18000,1.00319386777
322106,322116,325563,10,3447,2,18000,1.0029010734
322142,322152,325489,10,3337,2,18000,1.00299670363
322157,322163,325597,6,3434,2,18000,1.00174723355
322209,322217,325390,8,3173,2,18000,1.00252127324
322401,322407,330294,6,7887,2,21600,1.00076074553
322433,322441,326180,8,3739,2,18000,1.00213960952
322518,322528,326147,10,3619,2,18000,1.00276319425
322605,322613,325911,8,3298,2,18000,1.00242571255
322620,322626,325984,6,3358,2,18000,1.00178677784
322712,322718,328086,6,5368,2,21600,1.00111773472
322717,322724,342921,7,20197,1,172800,1.00034658613
322718,322730,326158,12,3428,2,18000,1.00350058343
322736,322744,326483,8,3739,2,18000,1.00213960952
322850,322856,397007,6,74151,1,259200,1.00008091597
322851,322862,326221,11,3359,2,18000,1.00327478416
323003,323013,326631,10,3618,2,18000,1.00276395799
323064,323070,333028,6,9958,2,21600,1.00060253063
323082,323092,326610,10,3518,2,18000,1.00284252416
323200,323209,326395,9,3186,2,18000,1.00282485876
323240,323249,326775,9,3526,2,18000,1.00255246739
323349,323359,326680,10,3321,2,18000,1.00301114122
323367,323376,326813,9,3437,2,18000,1.0026185627
323394,323404,326972,10,3568,2,18000,1.00280269058
323464,323472,327077,8,3605,2,18000,1.00221914008
323475,323481,332245,6,8764,2,21600,1.0006846189
323525,323533,327225,8,3692,2,18000,1.00216684724
323526,323539,326915,13,3376,2,18000,1.0038507109
323654,323663,327226,9,3563,2,18000,1.00252596127
323771,323782,327461,11,3679,2,18000,1.00298994292
323808,323818,327428,10,3610,2,18000,1.0027700831
323847,323857,327382,10,3525,2,18000,1.00283687943
323923,323931,327613,8,3682,2,18000,1.00217273221
324012,324022,327632,10,3610,2,18000,1.0027700831
324027,324033,327533,6,3500,2,18000,1.00171428571
324154,324164,327395,10,3231,2,18000,1.00309501702
324169,324177,327400,8,3223,2,18000,1.00248215948
324615,324625,327969,10,3344,2,18000,1.00299043062
324759,324767,328253,8,3486,2,18000,1.00229489386
324841,324851,328501,10,3650,2,18000,1.00273972603
325078,325086,328646,8,3560,2,18000,1.00224719101
325221,325232,328338,11,3106,2,18000,1.00354153252
325312,325321,328961,9,3640,2,18000,1.00247252747
325391,325402,328993,11,3591,2,18000,1.00306321359
325430,325439,328883,9,3444,2,18000,1.00261324042
325452,325462,328795,10,3333,2,18000,1.00300030003
325491,325500,329056,9,3556,2,18000,1.00253093363
325530,325538,328994,8,3456,2,18000,1.00231481481
325564,325573,328982,9,3409,2,18000,1.0026400704
325565,325579,328634,14,3055,2,18000,1.00458265139
325599,325609,329064,10,3455,2,18000,1.00289435601
325914,325922,329189,8,3267,2,18000,1.00244872972
325987,325995,329559,8,3564,2,18000,1.00224466891
326148,326158,329844,10,3686,2,18000,1.00271296799
326163,326169,329592,6,3423,2,18000,1.00175284838
326181,326192,329378,11,3186,2,18000,1.00345260515
326224,326232,329591,8,3359,2,18000,1.00238166121
326396,326407,329839,11,3432,2,18000,1.00320512821
326455,339831,339839,13376,8,70,21600,1338.4
326485,326494,330040,9,3546,2,18000,1.00253807107
326613,326621,330045,8,3424,2,18000,1.0023364486
326634,326643,330119,9,3476,2,18000,1.00258918297
326683,326692,330254,9,3562,2,18000,1.00252667041
326777,326786,330414,9,3628,2,18000,1.00248070562
326816,326825,330279,9,3454,2,18000,1.00260567458
326916,326926,330348,10,3422,2,18000,1.00292226768
326973,326983,330628,10,3645,2,18000,1.00274348422
327079,327089,330504,10,3415,2,18000,1.00292825769
327229,327236,330966,7,3730,2,18000,1.0018766756
327230,327241,330813,11,3572,2,18000,1.00307950728
327385,327394,331037,9,3643,2,18000,1.00247049135
327400,327406,330773,6,3367,2,18000,1.00178200178
327401,327412,330841,11,3429,2,18000,1.00320793234
327429,327439,330688,10,3249,2,18000,1.00307787011
327462,327473,330884,11,3411,2,18000,1.00322486074
327535,327544,330946,9,3402,2,18000,1.00264550265
327614,327624,331059,10,3435,2,18000,1.00291120815
327635,327643,331098,8,3455,2,18000,1.0023154848
327971,327980,331684,9,3704,2,18000,1.00242980562
328255,328265,331616,10,3351,2,18000,1.00298418383
328340,328350,331938,10,3588,2,18000,1.002787068
328506,328512,331715,6,3203,2,18000,1.00187324383
328638,328646,332061,8,3415,2,18000,1.00234260615
328652,328659,332275,7,3616,2,18000,1.00193584071
328798,328807,331864,9,3057,2,18000,1.00294406281
328886,328894,332323,8,3429,2,18000,1.0023330417
328964,328972,332425,8,3453,2,18000,1.00231682595
328982,328993,332393,11,3400,2,18000,1.00323529412
328998,329004,332653,6,3649,2,18000,1.00164428611
328999,329010,332600,11,3590,2,18000,1.00306406685
329060,329068,332183,8,3115,2,18000,1.0025682183
329074,329080,332559,6,3479,2,18000,1.00172463352
329193,329201,332802,8,3601,2,18000,1.00222160511
329380,329390,332809,10,3419,2,18000,1.00292483182
329560,329570,333143,10,3573,2,18000,1.00279876854
329595,329664,333256,69,3592,2,18000,1.01920935412
329596,329669,333132,73,3463,2,18000,1.02107998845
329842,329851,333291,9,3440,2,18000,1.00261627907
329857,329863,333404,6,3541,2,18000,1.0016944366
330041,330052,333560,11,3508,2,18000,1.00313568985
330056,330063,333440,7,3377,2,18000,1.00207284572
330069,330075,344279,6,14204,1,172800,1.00042241622
330120,330131,333837,11,3706,2,18000,1.00296815974
330254,330265,333509,11,3244,2,18000,1.00339087546
330281,330290,333728,9,3438,2,18000,1.00261780105
330351,330360,333878,9,3518,2,18000,1.00255827175
330415,330425,333561,10,3136,2,18000,1.00318877551
330507,330515,334040,8,3525,2,18000,1.00226950355
330631,330640,333931,9,3291,2,18000,1.00273473108
330689,330699,334220,10,3521,2,18000,1.00284010224
330774,330784,334374,10,3590,2,18000,1.00278551532
330813,330824,334200,11,3376,2,18000,1.00325829384
330844,330852,334197,8,3345,2,18000,1.0023916293
330887,330895,334383,8,3488,2,18000,1.00229357798
330891,330901,330904,10,3,5,600,1.3
330911,330917,332257,6,1340,16,1800,1.00447761194
330947,330958,334212,11,3254,2,18000,1.00338045482
330969,330977,334633,8,3656,2,18000,1.00218818381
331039,331048,334795,9,3747,2,18000,1.00240192154
331060,331070,334146,10,3076,2,18000,1.00325097529
331100,331109,334727,9,3618,2,18000,1.00248756219
331324,331330,331332,6,2,2,300,1.0
331433,331439,331440,6,1,2,300,1.0
331619,331627,335039,8,3412,2,18000,1.00234466589
331686,331696,334975,10,3279,2,18000,1.00304971028
331716,331726,335258,10,3532,2,18000,1.00283125708
331865,331875,335144,10,3269,2,18000,1.00305903946
331941,331949,335378,8,3429,2,18000,1.0023330417
332064,332072,335688,8,3616,2,18000,1.00221238938
332186,332194,335822,8,3628,2,18000,1.00220507166
332275,332282,332285,7,3,4,32400,1.0
332277,332288,335887,11,3599,2,18000,1.00305640456
332326,332335,335594,9,3259,2,18000,1.00276158331
332389,332395,343298,6,10903,4,32400,1.00055030725
332393,332404,335753,11,3349,2,18000,1.00328456256
332427,332437,336076,10,3639,2,18000,1.00274800769
332560,332570,336153,10,3583,2,18000,1.0027909573
332602,332611,336205,9,3594,2,18000,1.00250417362
332623,332629,332648,6,19,32,1800,1.31578947368
332654,332665,335789,11,3124,2,18000,1.00352112676
332744,332751,334032,7,1281,32,1800,1.00546448087
332804,332814,336298,10,3484,2,18000,1.00287026406
332819,332825,336264,6,3439,2,18000,1.00174469322
333134,333143,336722,9,3579,2,18000,1.0025146689
333149,333155,336634,6,3479,2,18000,1.00172463352
333259,333268,336842,9,3574,2,18000,1.00251818691
333276,333282,333288,6,6,8,32400,1.2
333294,333302,336904,8,3602,2,18000,1.00222098834
333390,333396,341968,6,8572,8,32400,1.00069995334
333407,333415,337164,8,3749,2,18000,1.00213390237
333444,333452,337148,8,3696,2,18000,1.00216450216
333511,333521,337150,10,3629,2,18000,1.00275558005
333564,333571,337027,7,3456,2,18000,1.00202546296
333565,333577,337297,12,3720,2,18000,1.00322580645
333730,333740,337084,10,3344,2,18000,1.00299043062
333840,333849,337092,9,3243,2,18000,1.00277520814
333879,333889,337485,10,3596,2,18000,1.00278086763
333935,333942,337548,7,3606,2,18000,1.0019412091
334042,334052,337088,10,3036,2,18000,1.00329380764
334148,334158,337869,10,3711,2,18000,1.00269469146
334200,334209,337488,9,3279,2,18000,1.00274473925
334216,334222,337701,6,3479,2,18000,1.00172463352
334217,334228,338004,11,3776,2,18000,1.00291313559
334232,334238,337537,6,3299,2,18000,1.00181873295
334375,334386,337459,11,3073,2,18000,1.00357956394
334390,334396,337919,6,3523,2,18000,1.00170309395
334637,334644,338277,7,3633,2,18000,1.00192678227
334729,334739,338468,10,3729,2,18000,1.0026816841
334799,334807,338257,8,3450,2,18000,1.00231884058
334976,334986,338065,10,3079,2,18000,1.00324780773
335040,335051,338565,11,3514,2,18000,1.0031303358
335147,335155,338563,8,3408,2,18000,1.00234741784
335260,335269,338772,9,3503,2,18000,1.00256922638
335379,335389,338519,10,3130,2,18000,1.00319488818
335436,335442,335446,6,4,2,300,1.0
335454,335460,335486,6,26,2,300,1.23076923077
335496,335502,335560,6,58,2,300,1.10344827586
335597,335605,338717,8,3112,2,18000,1.00257069409
335692,335699,339002,7,3303,2,18000,1.0021192855
335698,335705,335715,7,10,2,300,1.7
335722,335729,335755,7,26,2,300,1.26923076923
335756,335764,339521,8,3757,2,18000,1.00212935853
335766,335772,335808,6,36,2,360,1.16666666667
335793,335800,338848,7,3048,2,18000,1.00229658793
335817,335823,336134,6,311,2,300,1.0192926045
335826,335833,339219,7,3386,2,18000,1.00206733609
335887,335898,339114,11,3216,2,18000,1.00342039801
336080,336087,339675,7,3588,2,18000,1.0019509476
336148,336154,336428,6,274,2,360,1.02189781022
336156,336164,339614,8,3450,2,18000,1.00231884058
336206,336216,339251,10,3035,2,18000,1.00329489292
336267,336275,339657,8,3382,2,18000,1.00236546422
336300,336309,339699,9,3390,2,18000,1.00265486726
336382,336388,336645,6,257,2,300,1.0233463035
336637,336646,340083,9,3437,2,18000,1.0026185627
336725,336733,339961,8,3228,2,18000,1.00247831475
336780,336786,336816,6,30,2,300,1.2
336824,336830,336866,6,36,2,300,1.16666666667
336843,336853,340193,10,3340,2,18000,1.00299401198
336874,336880,337169,6,289,2,300,1.02076124567
336905,336915,340380,10,3465,2,18000,1.00288600289
337031,337039,340160,8,3121,2,18000,1.002563281
337087,337095,340485,8,3390,2,18000,1.00235988201
337102,337109,340397,7,3288,2,18000,1.00212895377
337104,337115,340783,11,3668,2,18000,1.00299890949
337150,337165,340482,15,3317,2,18000,1.00452215858
337151,337159,340747,8,3588,2,18000,1.0022296544
337166,337175,340617,9,3442,2,18000,1.00261475886
337295,337308,340985,13,3677,2,18000,1.00353549089
337460,337470,340965,10,3495,2,18000,1.00286123033
337489,337500,341218,11,3718,2,18000,1.00295857988
337490,337505,341122,15,3617,2,18000,1.00414708322
337539,337548,340770,9,3222,2,18000,1.00279329609
337554,337560,340844,6,3284,2,18000,1.00182704019
337702,337712,340884,10,3172,2,18000,1.00315258512
337872,337880,340997,8,3117,2,18000,1.00256657042
337921,337930,341351,9,3421,2,18000,1.0026308097
337928,337936,339276,8,1340,16,1800,1.00597014925
338006,338015,341418,9,3403,2,18000,1.00264472524
338067,338076,341357,9,3281,2,18000,1.00274306614
338260,338269,341752,9,3483,2,18000,1.00258397933
338281,338288,341808,7,3520,2,18000,1.00198863636
338470,338479,341764,9,3285,2,18000,1.00273972603
338522,338531,341977,9,3446,2,18000,1.00261172374
338565,338581,341808,16,3227,2,18000,1.00495816548
338566,338575,342218,9,3643,2,18000,1.00247049135
338719,338729,342080,10,3351,2,18000,1.00298418383
338774,338783,341888,9,3105,2,18000,1.00289855072
338851,338859,342325,8,3466,2,18000,1.00230813618
338905,338911,338974,6,63,2,3540,1.09523809524
339007,339013,342624,6,3611,2,18000,1.00166158959
339117,339125,342285,8,3160,2,18000,1.00253164557
339221,339231,342669,10,3438,2,18000,1.00290866783
339252,339262,342594,10,3332,2,18000,1.00300120048
339522,339532,342830,10,3298,2,18000,1.00303214069
339615,339621,339688,6,67,4,3540,1.08955223881
339617,339627,342678,10,3051,2,18000,1.0032776139
339659,339669,343132,10,3463,2,18000,1.00288766965
339678,339686,343172,8,3486,2,18000,1.00229489386
339699,339710,343368,11,3658,2,18000,1.00300710771
339962,339972,343621,10,3649,2,18000,1.00274047684
340085,340094,343436,9,3342,2,18000,1.0026929982
340162,340171,343738,9,3567,2,18000,1.00252312868
340196,340204,343708,8,3504,2,18000,1.00228310502
340383,340391,344111,8,3720,2,18000,1.00215053763
340398,340408,343765,10,3357,2,18000,1.00297885016
340484,340493,343905,9,3412,2,18000,1.00263774912
340498,340505,343637,7,3132,2,18000,1.00223499361
340619,340628,344042,9,3414,2,18000,1.00263620387
340750,340758,344310,8,3552,2,18000,1.00225225225
340771,340781,344313,10,3532,2,18000,1.00283125708
340786,340795,344222,9,3427,2,18000,1.00262620368
340847,340855,344185,8,3330,2,18000,1.0024024024
340887,340895,344476,8,3581,2,18000,1.00223401285
340966,340976,344346,10,3370,2,18000,1.00296735905
340987,340997,344385,10,3388,2,18000,1.00295159386
341002,341008,344546,6,3538,2,18000,1.00169587337
341124,341133,344731,9,3598,2,18000,1.00250138966
341220,341229,344918,9,3689,2,18000,1.00243968555
341359,341365,344846,6,3481,2,18000,1.00172364263
341360,341371,344969,11,3598,2,18000,1.00305725403
341422,341429,344761,7,3332,2,18000,1.00210084034
341492,341508,341509,16,1,1,129600,1.7
341492,341514,341515,22,1,1,129600,2.3
341492,341519,341521,27,2,1,129600,2.9
341492,341497,341499,5,2,1,129600,1.0
341492,341503,341504,11,1,1,129600,1.2
341493,341530,341531,37,1,1,129600,3.8
341493,341524,341526,31,2,1,129600,3.3
341493,341540,341542,47,2,1,129600,4.9
341493,341535,341536,42,1,1,129600,4.3
341494,341551,341552,57,1,1,129600,5.8
341494,341556,341562,62,6,1,129600,6.8
341494,341561,341562,67,1,1,129600,6.8
341494,341545,341547,51,2,1,129600,5.3
341721,341726,341728,5,2,1,129600,1.0
341721,341731,341733,10,2,1,129600,1.2
341721,341743,341744,22,1,1,129600,2.3
341721,341748,341750,27,2,1,129600,2.9
341721,341737,341739,16,2,1,129600,1.8
341722,341759,341760,37,1,1,129600,3.8
341722,341764,341765,42,1,1,129600,4.3
341722,341769,341771,47,2,1,129600,4.9
341722,341753,341755,31,2,1,129600,3.3
341723,341780,341782,57,2,1,129600,5.9
341723,341785,341788,62,3,1,129600,6.5
341723,341791,341793,68,2,1,129600,7.0
341723,341796,341798,73,2,1,129600,7.5
341723,341774,341776,51,2,1,129600,5.3
341724,341801,341804,77,3,1,129600,8.0
341724,341807,341810,83,3,1,129600,8.6
341724,341812,341814,88,2,1,129600,9.0
341724,341817,341820,93,3,1,129600,9.6
341725,341822,341826,97,4,1,129600,10.1
341725,341829,341833,104,4,1,129600,10.8
341725,341834,341838,109,4,1,129600,11.3
341725,341839,341840,114,1,1,129600,11.5
341756,341853,345411,97,3558,2,18000,1.02726250703
341773,341858,345200,85,3342,2,18000,1.02543387193
341812,341864,345276,52,3412,2,18000,1.01524032825
341813,341869,344922,56,3053,2,18000,1.01834261382
341890,341915,345361,25,3446,2,18000,1.00725478816
341892,341898,387785,6,45887,1,129600,1.00013075599
341893,341903,387785,10,45882,1,129600,1.00021795039
341893,341909,387785,16,45876,1,129600,1.00034876624
341893,341920,387785,27,45865,1,129600,1.00058868418
341893,341931,387785,38,45854,1,129600,1.00082871723
341893,341925,387785,32,45860,1,129600,1.00069777584
341894,341952,387785,58,45833,1,129600,1.00126546375
341894,341946,387785,52,45839,1,129600,1.0011344052
341894,341941,387785,47,45844,1,129600,1.00102521595
341894,341936,387785,42,45849,1,129600,1.00091605051
341895,341978,387786,83,45808,1,129600,1.00181191058
341895,341973,387786,78,45813,1,129600,1.00170257351
341895,341967,387786,72,45819,1,129600,1.00157140051
341895,341962,387786,67,45824,1,129600,1.00146211592
341895,341957,387785,62,45828,1,129600,1.0013528847
341896,341999,387786,103,45787,1,129600,1.00224954681
341896,341993,387786,97,45793,1,129600,1.00211822768
341896,341988,387786,92,45798,1,129600,1.00200882135
341896,341983,387786,87,45803,1,129600,1.0018994389
341897,342004,387786,107,45782,1,129600,1.00233716308
341897,342020,387786,123,45766,1,129600,1.00268758467
341897,342025,387786,128,45761,1,129600,1.00279714167
341897,342009,387786,112,45777,1,129600,1.00244664351
341897,342014,387786,117,45772,1,129600,1.00255614786
341898,342035,387786,137,45751,1,129600,1.00299447007
341898,342030,387786,132,45756,1,129600,1.00288486756
341898,342041,387786,143,45745,1,129600,1.0031260247
341898,342046,387787,148,45741,1,129600,1.00323560919
341898,342057,387787,159,45730,1,129600,1.00347692981
341899,342078,387787,179,45709,1,129600,1.0039160778
341899,342073,387787,174,45714,1,129600,1.00380627379
341899,342068,387787,169,45719,1,129600,1.0036964938
341899,342063,387787,164,45724,1,129600,1.00358673782
341900,342084,387787,184,45703,1,129600,1.00402599392
341900,342089,387787,189,45698,1,129600,1.0041358484
341900,342094,387787,194,45693,1,129600,1.00424572692
341900,342100,387787,200,45687,1,129600,1.00437761289
341900,342105,387787,205,45682,1,129600,1.00448754433
341901,342121,387787,220,45666,1,129600,1.00481758858
341901,342110,387787,209,45677,1,129600,1.00457560698
341901,342126,387787,225,45661,1,129600,1.00492761876
341901,342116,387787,215,45671,1,129600,1.00470758249
341978,342052,345532,74,3480,2,18000,1.02126436782
342081,342132,345494,51,3362,2,18000,1.01516954194
342222,342229,345705,7,3476,2,18000,1.00201380898
342287,342297,345642,10,3345,2,18000,1.00298953662
342327,342336,345911,9,3575,2,18000,1.00251748252
342597,342606,345715,9,3109,2,18000,1.00289482149
342626,342636,346142,10,3506,2,18000,1.00285225328
342673,342681,346390,8,3709,2,18000,1.00215691561
342690,342696,346338,6,3642,2,18000,1.00164744646
342835,342842,345947,7,3105,2,18000,1.00225442834
343135,343143,346595,8,3452,2,18000,1.0023174971
343173,343183,346705,10,3522,2,18000,1.00283929585
343371,343380,346985,9,3605,2,18000,1.00249653259
343437,343447,347112,10,3665,2,18000,1.00272851296
343623,343632,347316,9,3684,2,18000,1.00244299674
343638,343648,346857,10,3209,2,18000,1.00311623559
343713,343719,347394,6,3675,2,18000,1.00163265306
343740,343749,347327,9,3578,2,18000,1.00251537172
343767,343776,347301,9,3525,2,18000,1.00255319149
343906,343916,347668,10,3752,2,18000,1.0026652452
344043,344054,347435,11,3381,2,18000,1.0032534753
344114,344122,347827,8,3705,2,18000,1.00215924426
344187,344196,347615,9,3419,2,18000,1.00263234864
344224,344233,347677,9,3444,2,18000,1.00261324042
344313,344321,348052,8,3731,2,18000,1.00214419727
344315,344327,347936,12,3609,2,18000,1.00332502078
344348,344358,347669,10,3311,2,18000,1.00302023558
344388,344396,348173,8,3777,2,18000,1.00211808313
344477,344487,348057,10,3570,2,18000,1.00280112045
344550,344557,348149,7,3592,2,18000,1.00194877506
344733,344742,347977,9,3235,2,18000,1.0027820711
344764,344773,348046,9,3273,2,18000,1.00274977085
344852,344858,348361,6,3503,2,18000,1.00171281758
344925,344932,348424,7,3492,2,18000,1.0020045819
344927,344938,347956,11,3018,2,18000,1.00364479788
344976,344982,348044,6,3062,2,18000,1.00195950359
345202,345211,348946,9,3735,2,18000,1.00240963855
345281,345287,348566,6,3279,2,18000,1.00182982617
345364,345372,348882,8,3510,2,18000,1.00227920228
345413,345422,349025,9,3603,2,18000,1.0024979184
345496,345505,349191,9,3686,2,18000,1.00244167119
345535,345544,349222,9,3678,2,18000,1.00244698206
345643,345653,348763,10,3110,2,18000,1.00321543408
345708,345716,349121,8,3405,2,18000,1.00234948605
345723,345729,349136,6,3407,2,18000,1.00176108013
345914,345923,349395,9,3472,2,18000,1.0025921659
345950,345959,349572,9,3613,2,18000,1.00249100471
346147,346153,349775,6,3622,2,18000,1.00165654335
346342,346350,350068,8,3718,2,18000,1.00215169446
346393,346401,349891,8,3490,2,18000,1.00229226361
346595,346606,350208,11,3602,2,18000,1.00305385897
346709,346717,350348,8,3631,2,18000,1.00220324979
346859,346868,350406,9,3538,2,18000,1.00254381006
346987,346996,350050,9,3054,2,18000,1.00294695481
347114,347123,350764,9,3641,2,18000,1.00247184839
347306,347312,350710,6,3398,2,18000,1.00176574456
347323,347330,350618,7,3288,2,18000,1.00212895377
347338,347345,350915,7,3570,2,18000,1.00196078431
347397,347405,350978,8,3573,2,18000,1.00223901483
347437,347446,350518,9,3072,2,18000,1.0029296875
347617,347626,350974,9,3348,2,18000,1.00268817204
347670,347679,351165,9,3486,2,18000,1.00258175559
347671,347685,351090,14,3405,2,18000,1.00411160059
347686,347693,350891,7,3198,2,18000,1.00218886804
347831,347838,351418,7,3580,2,18000,1.00195530726
347938,347947,351442,9,3495,2,18000,1.0025751073
347960,347967,351648,7,3681,2,18000,1.00190165716
347978,347988,351376,10,3388,2,18000,1.00295159386
348046,348055,351747,9,3692,2,18000,1.00243770314
348062,348068,351461,6,3393,2,18000,1.0017683466
348063,348074,351695,11,3621,2,18000,1.00303783485
348064,348079,351574,15,3495,2,18000,1.00429184549
348151,348161,351323,10,3162,2,18000,1.00316255534
348176,348184,351391,8,3207,2,18000,1.00249454319
348362,348372,351841,10,3469,2,18000,1.00288267512
348428,348434,351840,6,3406,2,18000,1.00176159718
348568,348577,352314,9,3737,2,18000,1.00240834894
348766,348774,351842,8,3068,2,18000,1.00260756193
348886,348894,352378,8,3484,2,18000,1.00229621125
348948,348958,352510,10,3552,2,18000,1.00281531532
349027,349036,352618,9,3582,2,18000,1.00251256281
349123,349133,352605,10,3472,2,18000,1.00288018433
349138,349147,352615,9,3468,2,18000,1.00259515571
349194,349202,352670,8,3468,2,18000,1.00230680507
349226,349233,352826,7,3593,2,18000,1.00194823267
349398,349407,352887,9,3480,2,18000,1.0025862069
349573,349583,353017,10,3434,2,18000,1.00291205591
349777,349787,353079,10,3292,2,18000,1.00303766707
349893,349902,353137,9,3235,2,18000,1.0027820711
350052,350061,353689,9,3628,2,18000,1.00248070562
350070,350080,353216,10,3136,2,18000,1.00318877551
350212,350220,353969,8,3749,2,18000,1.00213390237
350351,350359,353528,8,3169,2,18000,1.00252445566
350407,350417,354050,10,3633,2,18000,1.00275254611
350519,350529,354103,10,3574,2,18000,1.00279798545
350620,350630,354109,10,3479,2,18000,1.00287438919
350713,350722,354018,9,3296,2,18000,1.00273058252
350765,350775,354477,10,3702,2,18000,1.00270124257
350893,350902,354551,9,3649,2,18000,1.00246642916
350917,350927,354060,10,3133,2,18000,1.00319182892
350976,350986,354590,10,3604,2,18000,1.00277469478
350991,350997,354650,6,3653,2,18000,1.00164248563
351092,351101,354582,9,3481,2,18000,1.00258546395
351170,351176,354650,6,3474,2,18000,1.00172711572
351326,351335,355045,9,3710,2,18000,1.00242587601
351379,351387,355065,8,3678,2,18000,1.00217509516
351395,351402,355012,7,3610,2,18000,1.00193905817
351419,351429,355017,10,3588,2,18000,1.002787068
351445,351454,354504,9,3050,2,18000,1.00295081967
351463,351472,354982,9,3510,2,18000,1.00256410256
351577,351586,355095,9,3509,2,18000,1.00256483329
351651,351659,355321,8,3662,2,18000,1.00218459858
351697,351707,355145,10,3438,2,18000,1.00290866783
351751,351759,355280,8,3521,2,18000,1.00227208179
351845,351853,355216,8,3363,2,18000,1.00237882843
351846,351859,355430,13,3571,2,18000,1.00364043685
351847,351864,355475,17,3611,2,18000,1.00470783716
352317,352326,356012,9,3686,2,18000,1.00244167119
352379,352389,355906,10,3517,2,18000,1.00284333239
352513,352522,356140,9,3618,2,18000,1.00248756219
352608,352616,356148,8,3532,2,18000,1.00226500566
352624,352630,356377,6,3747,2,18000,1.00160128102
352625,352636,356240,11,3604,2,18000,1.00305216426
352671,352681,356217,10,3536,2,18000,1.0028280543
352827,352837,355930,10,3093,2,18000,1.00323310702
352890,352898,356224,8,3326,2,18000,1.00240529164
353020,353028,356271,8,3243,2,18000,1.00246685168
353082,353091,356191,9,3100,2,18000,1.00290322581
353140,353148,356696,8,3548,2,18000,1.00225479143
353220,353228,356319,8,3091,2,18000,1.00258815917
353530,353539,356924,9,3385,2,18000,1.00265878877
353692,353700,357296,8,3596,2,18000,1.0022246941
353973,353981,357324,8,3343,2,18000,1.00239306013
354021,354029,357655,8,3626,2,18000,1.00220628792
354053,354061,357363,8,3302,2,18000,1.00242277408
354068,354074,357556,6,3482,2,18000,1.00172314762
354106,354114,357685,8,3571,2,18000,1.00224026883
354121,354127,357688,6,3561,2,18000,1.00168491997
354480,354488,357957,8,3469,2,18000,1.0023061401
354505,354515,357934,10,3419,2,18000,1.00292483182
354555,354563,358118,8,3555,2,18000,1.00225035162
354583,354593,358217,10,3624,2,18000,1.0027593819
354599,354605,358226,6,3621,2,18000,1.00165700083
354652,354661,357892,9,3231,2,18000,1.00278551532
354653,354666,358341,13,3675,2,18000,1.00353741497
354985,354994,358752,9,3758,2,18000,1.0023948909
355014,355023,358690,9,3667,2,18000,1.00245432233
355029,355035,358447,6,3412,2,18000,1.00175849941
355047,355056,358313,9,3257,2,18000,1.00276327909
355066,355076,358532,10,3456,2,18000,1.00289351852
355097,355107,358752,10,3645,2,18000,1.00274348422
355148,355157,358627,9,3470,2,18000,1.00259365994
355218,355227,358872,9,3645,2,18000,1.0024691358
355280,355291,358925,11,3634,2,18000,1.00302696753
355325,355333,358834,8,3501,2,18000,1.00228506141
355432,355441,358489,9,3048,2,18000,1.00295275591
355479,355486,359201,7,3715,2,18000,1.00188425303
355907,355918,359564,11,3646,2,18000,1.00301700494
355933,355941,359207,8,3266,2,18000,1.00244947949
356016,356024,359037,8,3013,2,18000,1.00265516097
356144,356151,359797,7,3646,2,18000,1.00191991223
356160,356166,359366,6,3200,2,18000,1.001875
356195,356203,359634,8,3431,2,18000,1.00233168173
356218,356228,359665,10,3437,2,18000,1.00290951411
356233,356239,359714,6,3475,2,18000,1.00172661871
356250,356256,359857,6,3601,2,18000,1.00166620383
356271,356282,359552,11,3270,2,18000,1.00336391437
356321,356331,360033,10,3702,2,18000,1.00270124257
356383,356388,359553,5,3165,2,18000,1.00157977883
356699,356707,360311,8,3604,2,18000,1.00221975583
356927,356935,360613,8,3678,2,18000,1.00217509516
357306,357312,360922,6,3610,2,18000,1.00166204986
357333,357339,361065,6,3726,2,18000,1.00161030596
357370,357376,360855,6,3479,2,18000,1.00172463352
357563,357569,360864,6,3295,2,18000,1.00182094082
357664,357670,360951,6,3281,2,18000,1.00182871076
357689,357696,361300,7,3604,2,18000,1.00194228635
357690,357702,361014,12,3312,2,18000,1.00362318841
357897,357903,361427,6,3524,2,18000,1.00170261067
357942,357948,361384,6,3436,2,18000,1.00174621653
357961,357968,361213,7,3245,2,18000,1.00215716487
358127,358133,361231,6,3098,2,18000,1.00193673338
358224,358230,361654,6,3424,2,18000,1.00175233645
358239,358245,361359,6,3114,2,18000,1.00192678227
358323,358329,361915,6,3586,2,18000,1.00167317345
358348,358354,361854,6,3500,2,18000,1.00171428571
358452,358458,362049,6,3591,2,18000,1.00167084378
358497,358504,362199,7,3695,2,18000,1.00189445196
358539,358545,361875,6,3330,2,18000,1.0018018018
358633,358638,362316,5,3678,2,18000,1.00135943448
358699,358705,362234,6,3529,2,18000,1.00170019836
358761,358767,362245,6,3478,2,18000,1.00172512938
358762,358773,362427,11,3654,2,18000,1.00301039956
358841,358847,362301,6,3454,2,18000,1.00173711639
358873,358883,362049,10,3166,2,18000,1.0031585597
358928,358936,362410,8,3474,2,18000,1.00230282096
359040,359049,362265,9,3216,2,18000,1.00279850746
359101,359107,445540,6,86433,8,86400,1.00006941793
359121,359127,360809,6,1682,1,10800,1.00356718193
359202,359212,362615,10,3403,2,18000,1.0029385836
359217,359223,362877,6,3654,2,18000,1.00164203612
359369,359377,362877,8,3500,2,18000,1.00228571429
359556,359563,363054,7,3491,2,18000,1.00200515612
359558,359568,363175,10,3607,2,18000,1.00277238703
359573,359579,363178,6,3599,2,18000,1.00166712976
359636,359645,363158,9,3513,2,18000,1.00256191289
359667,359677,362918,10,3241,2,18000,1.00308546745
359719,359725,363299,6,3574,2,18000,1.00167879127
359797,359809,363233,12,3424,2,18000,1.0035046729
359860,359868,363253,8,3385,2,18000,1.0023633678
360036,360045,363295,9,3250,2,18000,1.00276923077
360315,360322,363725,7,3403,2,18000,1.00205700852
360617,360624,364275,7,3651,2,18000,1.00191728294
360859,360866,364274,7,3408,2,18000,1.00205399061
360874,360880,364016,6,3136,2,18000,1.00191326531
360924,360933,364493,9,3560,2,18000,1.00252808989
360952,360962,364550,10,3588,2,18000,1.002787068
361018,361025,364358,7,3333,2,18000,1.00210021002
361069,361076,364261,7,3185,2,18000,1.0021978022
361216,361224,364876,8,3652,2,18000,1.0021905805
361232,361242,364670,10,3428,2,18000,1.00291715286
361304,361311,364890,7,3579,2,18000,1.00195585359
361363,361370,364703,7,3333,2,18000,1.00210021002
361385,361395,364598,10,3203,2,18000,1.00312207306
361429,361438,364976,9,3538,2,18000,1.00254381006
361656,361665,365087,9,3422,2,18000,1.00263004091
361858,361866,365521,8,3655,2,18000,1.00218878249
361877,361886,365170,9,3284,2,18000,1.00274056029
361917,361927,365577,10,3650,2,18000,1.00273972603
362054,362060,365516,6,3456,2,18000,1.00173611111
362055,362066,365197,11,3131,2,18000,1.00351325455
362201,362210,365393,9,3183,2,18000,1.00282752121
362236,362246,365865,10,3619,2,18000,1.00276319425
362251,362257,365476,6,3219,2,18000,1.0018639329
362267,362276,365745,9,3469,2,18000,1.00259440761
362271,362282,362390,11,108,1,1800,1.10185185185
362301,362312,365902,11,3590,2,18000,1.00306406685
362317,362327,365898,10,3571,2,18000,1.00280033604
362415,362422,365654,7,3232,2,18000,1.00216584158
362430,362439,365760,9,3321,2,18000,1.0027100271
362618,362626,366178,8,3552,2,18000,1.00225225225
362694,362700,362771,6,71,16,43200,1.08450704225
362711,362717,362837,6,120,1,1800,1.05
362774,362780,406013,6,43233,16,43200,1.00013878287
362842,362848,406072,6,43224,16,43200,1.00013881177
362878,362888,366076,10,3188,2,18000,1.00313676286
362879,362893,366408,14,3515,2,18000,1.0039829303
362920,362929,366548,9,3619,2,18000,1.00248687483
363058,363065,366441,7,3376,2,18000,1.00207345972
363161,363169,366517,8,3348,2,18000,1.00238948626
363177,363186,366887,9,3701,2,18000,1.0024317752
363192,363198,366530,6,3332,2,18000,1.00180072029
363236,363245,366727,9,3482,2,18000,1.00258472142
363255,363265,366325,10,3060,2,18000,1.00326797386
363297,363306,366723,9,3417,2,18000,1.00263388938
363312,363319,366915,7,3596,2,18000,1.00194660734
363463,363469,363964,6,495,1,1800,1.01212121212
363728,363736,367381,8,3645,2,18000,1.00219478738
364019,364028,367131,9,3103,2,18000,1.00290041895
364264,364272,368044,8,3772,2,18000,1.00212089077
364281,364287,367262,6,2975,2,18000,1.00201680672
364282,364293,367717,11,3424,2,18000,1.00321261682
364361,364369,367997,8,3628,2,18000,1.00220507166
364494,364505,368254,11,3749,2,18000,1.00293411576
364554,364561,368239,7,3678,2,18000,1.00190320827
364601,364609,368014,8,3405,2,18000,1.00234948605
364672,364682,367992,10,3310,2,18000,1.00302114804
364706,364714,368423,8,3709,2,18000,1.00215691561
364879,364887,368594,8,3707,2,18000,1.00215807931
364894,364901,368299,7,3398,2,18000,1.00206003531
364977,364987,368637,10,3650,2,18000,1.00273972603
365089,365098,368543,9,3445,2,18000,1.00261248186
365171,365181,368954,10,3773,2,18000,1.00265041081
365200,365208,368945,8,3737,2,18000,1.00214075462
365396,365404,369045,8,3641,2,18000,1.00219719857
365477,365487,369301,10,3814,2,18000,1.00262191924
365518,365527,368969,9,3442,2,18000,1.00261475886
365534,365540,369315,6,3775,2,18000,1.00158940397
365553,365559,365607,6,48,1,1800,1.125
365582,365589,368769,7,3180,2,18000,1.00220125786
365657,365665,369029,8,3364,2,18000,1.00237812128
365748,365756,369404,8,3648,2,18000,1.00219298246
365760,365767,365809,7,42,1,1800,1.16666666667
365763,365773,369028,10,3255,2,18000,1.00307219662
365866,365877,369408,11,3531,2,18000,1.0031152648
365902,365909,369379,7,3470,2,18000,1.00201729107
365903,365915,369468,12,3553,2,18000,1.00337742753
365910,365920,366003,10,83,1,1800,1.12048192771
366079,366087,369489,8,3402,2,18000,1.00235155791
366148,366153,366242,5,89,1,1800,1.05617977528
366182,366190,369498,8,3308,2,18000,1.00241837969
366330,366336,369405,6,3069,2,18000,1.00195503421
366411,366419,369859,8,3440,2,18000,1.0023255814
366442,366452,370098,10,3646,2,18000,1.00274273176
366519,366528,369983,9,3455,2,18000,1.00260492041
366534,366541,370044,7,3503,2,18000,1.00199828718
366541,366547,366802,6,255,1,1800,1.02352941176
366550,366559,370163,9,3604,2,18000,1.00249722531
366724,366734,369916,10,3182,2,18000,1.00314267756
366740,366746,370285,6,3539,2,18000,1.00169539418
366890,366899,370089,9,3190,2,18000,1.00282131661
366918,366926,370380,8,3454,2,18000,1.00231615518
367134,367142,370371,8,3229,2,18000,1.00247754723
367144,367150,367436,6,286,1,1800,1.02097902098
367265,367273,370749,8,3476,2,18000,1.00230149597
367385,367392,370973,7,3581,2,18000,1.00195476124
367720,367728,371019,8,3291,2,18000,1.00243087208
367994,368003,371370,9,3367,2,18000,1.00267300267
368009,368015,371538,6,3523,2,18000,1.00170309395
368025,368031,371423,6,3392,2,18000,1.00176886792
368047,368056,371529,9,3473,2,18000,1.00259141952
368244,368250,371537,6,3287,2,18000,1.00182537268
368246,368256,368289,10,33,1,1800,1.30303030303
368261,368266,371720,5,3454,2,18000,1.00144759699
368302,368310,371904,8,3594,2,18000,1.00222593211
368424,368434,371896,10,3462,2,18000,1.00288850376
368545,368554,372189,9,3635,2,18000,1.00247592847
368597,368603,368672,6,69,1,1800,1.08695652174
368598,368609,372261,11,3652,2,18000,1.00301204819
368640,368648,372314,8,3666,2,18000,1.00218221495
368772,368781,372104,9,3323,2,18000,1.00270839603
368948,368956,372650,8,3694,2,18000,1.00216567407
368963,368969,372128,6,3159,2,18000,1.00189933523
368979,368985,372395,6,3410,2,18000,1.00175953079
369035,369041,372466,6,3425,2,18000,1.00175182482
369036,369047,372430,11,3383,2,18000,1.00325155188
369051,369057,372406,6,3349,2,18000,1.00179157958
369304,369312,372885,8,3573,2,18000,1.00223901483
369320,369326,372531,6,3205,2,18000,1.00187207488
369382,369390,373039,8,3649,2,18000,1.00219238147
369408,369415,373081,7,3666,2,18000,1.00190943808
369410,369421,373075,11,3654,2,18000,1.00301039956
369411,369426,373069,15,3643,2,18000,1.00411748559
369418,369432,369558,14,126,1,1800,1.11111111111
369473,369478,372351,5,2873,2,18000,1.00174034111
369493,369500,372772,7,3272,2,18000,1.0021393643
369509,369515,372694,6,3179,2,18000,1.00188738597
369862,369871,373374,9,3503,2,18000,1.00256922638
369919,369928,373614,9,3686,2,18000,1.00244167119
369984,369995,373718,11,3723,2,18000,1.0029546065
370047,370055,373397,8,3342,2,18000,1.00239377618
370092,370100,373715,8,3615,2,18000,1.00221300138
370108,370114,373579,6,3465,2,18000,1.00173160173
370164,370174,373461,10,3287,2,18000,1.0030422878
370288,370297,373399,9,3102,2,18000,1.00290135397
370373,370383,373493,10,3110,2,18000,1.00321543408
370388,370394,373381,6,2987,2,18000,1.00200870439
370752,370760,374188,8,3428,2,18000,1.00233372229
370976,370984,374281,8,3297,2,18000,1.00242644829
371022,371030,374710,8,3680,2,18000,1.00217391304
371373,371382,374819,9,3437,2,18000,1.0026185627
371426,371434,375141,8,3707,2,18000,1.00215807931
371533,371541,375179,8,3638,2,18000,1.00219901045
371548,371554,375135,6,3581,2,18000,1.00167550963
371550,371560,375248,10,3688,2,18000,1.00271149675
371721,371732,375210,11,3478,2,18000,1.00316273721
371897,371907,375454,10,3547,2,18000,1.0028192839
371912,371918,375552,6,3634,2,18000,1.0016510732
372105,372115,375482,10,3367,2,18000,1.00297000297
372130,372140,375349,10,3209,2,18000,1.00311623559
372192,372201,375517,9,3316,2,18000,1.00271411339
372264,372272,375918,8,3646,2,18000,1.00219418541
372316,372326,375914,10,3588,2,18000,1.002787068
372352,372362,375710,10,3348,2,18000,1.00298685783
372393,372406,375549,13,3143,2,18000,1.00413617563
372409,372417,375828,8,3411,2,18000,1.00234535327
372434,372441,375632,7,3191,2,18000,1.0021936697
372470,372477,375919,7,3442,2,18000,1.00203370134
372533,372542,375933,9,3391,2,18000,1.00265408434
372652,372661,376419,9,3758,2,18000,1.0023948909
372696,372705,376346,9,3641,2,18000,1.00247184839
372774,372783,376119,9,3336,2,18000,1.00269784173
372888,372896,376350,8,3454,2,18000,1.00231615518
373043,373050,376698,7,3648,2,18000,1.00191885965
373072,373080,376476,8,3396,2,18000,1.0023557126
373088,373093,376800,5,3707,2,18000,1.00134879957
373089,373099,376407,10,3308,2,18000,1.00302297461
373375,373385,376980,10,3595,2,18000,1.00278164117
373390,373396,376516,6,3120,2,18000,1.00192307692
373406,373412,376735,6,3323,2,18000,1.00180559735
373407,373418,376750,11,3332,2,18000,1.00330132053
373463,373472,376967,9,3495,2,18000,1.0025751073
373494,373504,377089,10,3585,2,18000,1.00278940028
373582,373590,376858,8,3268,2,18000,1.00244798042
373617,373625,376716,8,3091,2,18000,1.00258815917
373719,373726,377041,7,3315,2,18000,1.00211161388
373721,373732,376997,11,3265,2,18000,1.00336906585
374192,374200,377704,8,3504,2,18000,1.00228310502
374285,374292,377800,7,3508,2,18000,1.001995439
374715,374721,378318,6,3597,2,18000,1.00166805671
374820,374831,377950,11,3119,2,18000,1.0035267714
375139,375147,378049,8,2902,2,18000,1.0027567195
375154,375160,378353,6,3193,2,18000,1.00187911055
375182,375190,378171,8,2981,2,18000,1.0026836632
375211,375221,378909,10,3688,2,18000,1.00271149675
375252,375259,378815,7,3556,2,18000,1.00196850394
375352,375360,378948,8,3588,2,18000,1.0022296544
375455,375466,379067,11,3601,2,18000,1.00305470703
375483,375494,378961,11,3467,2,18000,1.00317277185
375518,375528,378934,10,3406,2,18000,1.0029359953
375553,375560,378884,7,3324,2,18000,1.00210589651
375554,375566,378846,12,3280,2,18000,1.00365853659
375635,375643,379265,8,3622,2,18000,1.00220872446
375712,375722,378914,10,3192,2,18000,1.00313283208
375831,375839,379574,8,3735,2,18000,1.00214190094
375920,375927,379220,7,3293,2,18000,1.00212572123
375922,375933,379545,11,3612,2,18000,1.00304540421
375923,375938,379274,15,3336,2,18000,1.00449640288
375939,375944,379562,5,3618,2,18000,1.00138197899
376122,376130,379638,8,3508,2,18000,1.00228050171
376349,376357,379554,8,3197,2,18000,1.00250234595
376364,376370,379909,6,3539,2,18000,1.00169539418
376408,376418,379706,10,3288,2,18000,1.00304136253
376423,376430,379732,7,3302,2,18000,1.00211992732
376479,376488,379899,9,3411,2,18000,1.00263852243
376519,376528,379960,9,3432,2,18000,1.00262237762
376701,376709,380156,8,3447,2,18000,1.00232085872
376719,376727,380231,8,3504,2,18000,1.00228310502
376738,376746,380521,8,3775,2,18000,1.0021192053
376753,376761,380354,8,3593,2,18000,1.00222655163
376778,376785,376791,7,6,4,36000,1.3
376803,376811,380394,8,3583,2,18000,1.00223276584
376862,376869,380089,7,3220,2,18000,1.00217391304
376971,376978,380092,7,3114,2,18000,1.00224791265
376987,376993,380671,6,3678,2,18000,1.00163132137
377004,377010,380642,6,3632,2,18000,1.00165198238
377043,377052,380238,9,3186,2,18000,1.00282485876
377093,377100,380850,7,3750,2,18000,1.00186666667
377708,377716,381354,8,3638,2,18000,1.00219901045
377801,377811,381429,10,3618,2,18000,1.00276395799
377953,377961,381062,8,3101,2,18000,1.00257981296
378052,378060,381524,8,3464,2,18000,1.00230946882
378174,378182,381436,8,3254,2,18000,1.0024585126
378320,378329,381937,9,3608,2,18000,1.00249445676
378356,378364,381876,8,3512,2,18000,1.00227790433
378818,378826,382323,8,3497,2,18000,1.00228767515
378849,378857,382558,8,3701,2,18000,1.00216157795
378886,378896,382040,10,3144,2,18000,1.00318066158
378911,378920,382341,9,3421,2,18000,1.0026308097
378927,378933,382455,6,3522,2,18000,1.00170357751
378942,378948,382579,6,3631,2,18000,1.00165243735
378957,378963,382395,6,3432,2,18000,1.00174825175
378972,378978,382415,6,3437,2,18000,1.00174570847
379071,379078,382766,7,3688,2,18000,1.00189804772
379221,379232,382919,11,3687,2,18000,1.00298345538
379268,379276,382656,8,3380,2,18000,1.00236686391
379283,379289,382643,6,3354,2,18000,1.00178890877
379545,379556,383080,11,3524,2,18000,1.00312145289
379561,379567,383292,6,3725,2,18000,1.00161073826
379577,379583,383323,6,3740,2,18000,1.00160427807
379578,379589,383239,11,3650,2,18000,1.00301369863
379644,379650,383330,6,3680,2,18000,1.00163043478
379711,379718,382841,7,3123,2,18000,1.00224143452
379736,379743,383351,7,3608,2,18000,1.00194013304
379904,379910,383356,6,3446,2,18000,1.00174114916
379919,379925,383285,6,3360,2,18000,1.00178571429
379965,379971,382989,6,3018,2,18000,1.00198807157
380093,380100,383780,7,3680,2,18000,1.00190217391
380095,380106,383604,11,3498,2,18000,1.00314465409
380157,380167,383791,10,3624,2,18000,1.0027593819
380234,380242,383964,8,3722,2,18000,1.00214938205
380249,380255,383588,6,3333,2,18000,1.00180018002
380356,380366,383866,10,3500,2,18000,1.00285714286
380396,380405,383458,9,3053,2,18000,1.00294792008
380523,380533,384144,10,3611,2,18000,1.00276931598
380643,380654,384348,11,3694,2,18000,1.00297780184
380672,380682,384466,10,3784,2,18000,1.00264270613
380853,380861,384229,8,3368,2,18000,1.00237529691
381065,381074,384568,9,3494,2,18000,1.0025758443
381355,381365,384665,10,3300,2,18000,1.00303030303
381433,381440,385055,7,3615,2,18000,1.00193637621
381448,381454,385043,6,3589,2,18000,1.00167177487
381528,381535,385230,7,3695,2,18000,1.00189445196
381878,381887,385195,9,3308,2,18000,1.00272067715
381940,381948,385647,8,3699,2,18000,1.00216274669
382041,382052,385282,11,3230,2,18000,1.00340557276
382177,382183,382187,6,4,7,18000,1.0
382267,382274,391098,7,8824,7,18000,1.00079329102
382325,382334,385833,9,3499,2,18000,1.00257216348
382343,382352,386071,9,3719,2,18000,1.00242000538
382397,382406,385837,9,3431,2,18000,1.00262314194
382399,382411,382418,12,7,4,36000,1.9
382419,382427,385849,8,3422,2,18000,1.00233781414
382457,382466,386110,9,3644,2,18000,1.00246981339
382559,382569,386011,10,3442,2,18000,1.00290528762
382583,382590,386278,7,3688,2,18000,1.00189804772
382648,382654,386458,6,3804,2,18000,1.00157728707
382665,382671,386078,6,3407,2,18000,1.00176108013
382770,382777,386480,7,3703,2,18000,1.00189035917
382844,382852,385949,8,3097,2,18000,1.00258314498
382922,382931,386469,9,3538,2,18000,1.00254381006
382992,383001,386527,9,3526,2,18000,1.00255246739
383081,383091,386478,10,3387,2,18000,1.00295246531
383241,383251,386886,10,3635,2,18000,1.00275103164
383288,383296,386421,8,3125,2,18000,1.00256
383303,383309,386406,6,3097,2,18000,1.00193735873
383325,383334,386971,9,3637,2,18000,1.00247456695
383340,383346,386546,6,3200,2,18000,1.001875
383355,383362,386795,7,3433,2,18000,1.00203903292
383370,383376,387007,6,3631,2,18000,1.00165243735
383438,383444,383449,6,5,4,36000,1.1
383461,383469,386926,8,3457,2,18000,1.00231414521
383502,383508,387626,6,4118,4,36000,1.00145701797
383590,383600,387321,10,3721,2,18000,1.00268744961
383605,383615,387000,10,3385,2,18000,1.00295420975
383783,383791,387250,8,3459,2,18000,1.00231280717
383799,383805,387493,6,3688,2,18000,1.00162689805
383867,383877,387365,10,3488,2,18000,1.00286697248
383965,383975,387442,10,3467,2,18000,1.00288433804
384145,384155,387791,10,3636,2,18000,1.00275027503
384232,384240,387621,8,3381,2,18000,1.00236616386
384349,384359,387585,10,3226,2,18000,1.00309981401
384467,384477,387958,10,3481,2,18000,1.00287273772
384571,384580,388144,9,3564,2,18000,1.00252525253
384669,384677,388162,8,3485,2,18000,1.00229555237
385046,385054,388565,8,3511,2,18000,1.00227855312
385063,385069,388342,6,3273,2,18000,1.00183318057
385195,385206,388642,11,3436,2,18000,1.00320139697
385234,385241,388512,7,3271,2,18000,1.00214001834
385285,385293,388622,8,3329,2,18000,1.00240312406
385650,385658,389267,8,3609,2,18000,1.00221668052
385835,385845,389120,10,3275,2,18000,1.00305343511
385850,385856,389447,6,3591,2,18000,1.00167084378
385851,385862,389085,11,3223,2,18000,1.00341296928
385951,385960,389438,9,3478,2,18000,1.00258769408
386013,386022,389571,9,3549,2,18000,1.00253592561
386072,386082,389848,10,3766,2,18000,1.00265533723
386088,386094,389626,6,3532,2,18000,1.00169875425
386112,386121,389530,9,3409,2,18000,1.0026400704
386282,386289,389334,7,3045,2,18000,1.00229885057
386303,386310,386317,7,7,4,324000,1.4
386411,386417,390016,6,3599,2,18000,1.00166712976
386416,386423,386427,7,4,4,324000,1.1
386429,386435,389731,6,3296,2,18000,1.00182038835
386461,386470,389560,9,3090,2,18000,1.00291262136
386479,386485,389607,6,3122,2,18000,1.00192184497
386480,386491,389986,11,3495,2,18000,1.00314735336
386496,386502,390025,6,3523,2,18000,1.00170309395
386531,386538,389920,7,3382,2,18000,1.00206978119
386549,386557,389960,8,3403,2,18000,1.00235086688
386598,386604,476649,6,90045,4,324000,1.00006663335
386798,386806,390532,8,3726,2,18000,1.00214707461
386889,386897,390314,8,3417,2,18000,1.002341235
386927,386937,390419,10,3482,2,18000,1.00287191269
386974,386982,390120,8,3138,2,18000,1.00254939452
387002,387011,390775,9,3764,2,18000,1.00239107333
387009,387017,387247,8,230,1,900,1.0347826087
387017,387023,390572,6,3549,2,18000,1.00169061708
387252,387262,390940,10,3678,2,18000,1.00271886895
387323,387332,390785,9,3453,2,18000,1.00260642919
387366,387377,390870,11,3493,2,18000,1.00314915545
387386,387392,387542,6,150,1,900,1.04
387443,387453,391232,10,3779,2,18000,1.0026462027
387496,387504,390991,8,3487,2,18000,1.00229423573
387572,387578,387751,6,173,1,3600,1.03468208092
387588,387596,391037,8,3441,2,18000,1.00232490555
387622,387632,391374,10,3742,2,18000,1.00267236772
387796,387802,391456,6,3654,2,18000,1.00164203612
387894,387900,388043,6,143,1,129600,1.04195804196
387895,387905,388043,10,138,1,129600,1.07246376812
387895,387911,388043,16,132,1,129600,1.12121212121
387895,387916,388043,21,127,1,129600,1.16535433071
387895,387921,388043,26,122,1,129600,1.2131147541
387895,387927,388043,32,116,1,129600,1.27586206897
387896,387932,388043,36,111,1,129600,1.32432432432
387896,387937,388043,41,106,1,129600,1.38679245283
387896,387943,388043,47,100,1,129600,1.47
387896,387948,388043,52,95,1,129600,1.54736842105
387896,387953,388043,57,90,1,129600,1.63333333333
387897,387958,388043,61,85,1,129600,1.71764705882
387897,387964,388043,67,79,1,129600,1.84810126582
387897,387969,388043,72,74,1,129600,1.97297297297
387897,387974,388042,77,68,1,129600,2.13235294118
387898,387995,388042,97,47,1,129600,3.06382978723
387898,387984,388042,86,58,1,129600,2.48275862069
387898,387990,388042,92,52,1,129600,2.76923076923
387898,387979,388042,81,63,1,129600,2.28571428571
387899,388000,388042,101,42,1,129600,3.40476190476
387899,388005,388042,106,37,1,129600,3.86486486486
387899,388010,388042,111,32,1,129600,4.46875
387900,388016,388042,116,26,1,129600,5.46153846154
387900,388021,388042,121,21,1,129600,6.7619047619
387900,388026,388042,126,16,1,129600,8.875
387901,388036,388037,135,1,1,129600,13.6
387901,388031,388042,130,11,1,129600,12.8181818182
387960,388043,391371,83,3328,2,18000,1.02493990385
388070,388076,388607,6,531,1,3600,1.01129943503
388083,388094,388335,11,241,1,129600,1.04564315353
388083,388099,388335,16,236,1,129600,1.06779661017
388083,388089,388335,6,246,1,129600,1.0243902439
388084,388110,388335,26,225,1,129600,1.11555555556
388084,388115,388335,31,220,1,129600,1.14090909091
388084,388105,388335,21,230,1,129600,1.09130434783
388085,388120,388335,35,215,1,129600,1.16279069767
388086,388125,388335,39,210,1,129600,1.18571428571
388086,388141,388335,55,194,1,129600,1.28350515464
388086,388135,388335,49,200,1,129600,1.245
388086,388130,388335,44,205,1,129600,1.21463414634
388087,388151,388334,64,183,1,129600,1.34972677596
388087,388146,388334,59,188,1,129600,1.31382978723
388088,388156,388334,68,178,1,129600,1.38202247191
388088,388161,388268,73,107,1,129600,1.68224299065
388089,388172,388334,83,162,1,129600,1.51234567901
388089,388177,388220,88,43,1,129600,3.04651162791
388089,388166,388180,77,14,1,129600,6.5
388090,388187,388212,97,25,1,129600,4.88
388090,388182,388185,92,3,1,129600,9.5
388091,388192,388237,101,45,1,129600,3.24444444444
388091,388197,388208,106,11,1,129600,10.6363636364
388092,388213,388260,121,47,1,129600,3.57446808511
388092,388208,388231,116,23,1,129600,6.04347826087
388092,388203,388216,111,13,1,129600,9.53846153846
388093,388240,388244,147,4,1,129600,15.1
388093,388223,388238,130,15,1,129600,9.66666666667
388093,388218,388238,125,20,1,129600,7.25
388094,388255,388268,161,13,1,129600,13.3846153846
388094,388250,388296,156,46,1,129600,4.39130434783
388094,388245,388298,151,53,1,129600,3.84905660377
388095,388261,388287,166,26,1,129600,7.38461538462
388095,388266,388291,171,25,1,129600,7.84
388095,388271,388274,176,3,1,129600,17.9
388096,388287,388290,191,3,1,129600,19.4
388096,388282,388292,186,10,1,129600,19.6
388096,388277,388282,181,5,1,129600,18.6
388097,388292,388295,195,3,1,129600,19.8
388097,388298,388300,201,2,1,129600,20.3
388097,388308,388311,211,3,1,129600,21.4
388097,388303,388308,206,5,1,129600,21.1
388098,388313,388316,215,3,1,129600,21.8
388146,388229,391757,83,3528,2,18000,1.0235260771
388165,388234,391714,69,3480,2,18000,1.01982758621
388229,388320,397784,91,9464,2,21600,1.00961538462
388342,388363,518013,21,129650,1,129600,1.00016197455
388342,388352,517985,10,129633,1,129600,1.00007714085
388342,388358,517985,16,129627,1,129600,1.00012343108
388342,388347,517980,5,129633,1,129600,1.00003857043
388343,388373,518015,30,129642,1,129600,1.00023140649
388343,388378,518015,35,129637,1,129600,1.00026998465
388343,388383,518000,40,129617,1,129600,1.0003086015
388343,388368,517985,25,129617,1,129600,1.00019287593
388344,388388,518013,44,129625,1,129600,1.00033944069
388344,388399,518040,55,129641,1,129600,1.0004242485
388344,388404,518054,60,129650,1,129600,1.00046278442
388344,388394,518030,50,129636,1,129600,1.00038569533
388345,388467,392126,122,3659,2,18000,1.03334244329
388345,388419,518057,74,129638,1,129600,1.00057082028
388345,388409,518053,64,129644,1,129600,1.00049365956
388345,388414,518058,69,129644,1,129600,1.00053222671
388346,388430,518080,84,129650,1,129600,1.00064789819
388346,388440,518079,94,129639,1,129600,1.00072509044
388346,388435,518080,89,129645,1,129600,1.00068649003
388346,388425,518057,79,129632,1,129600,1.00060941743
388347,388451,518066,104,129615,1,129600,1.00080237627
388347,388446,518072,99,129626,1,129600,1.00076373567
388347,388456,518083,109,129627,1,129600,1.0008408742
388347,388472,518122,125,129650,1,129600,1.00096413421
388347,388461,518095,114,129634,1,129600,1.00087939892
388348,388477,518098,129,129621,1,129600,1.00099520911
388348,388483,518120,135,129637,1,129600,1.00104136936
388348,388493,518131,145,129638,1,129600,1.00111849921
388348,388488,518132,140,129644,1,129600,1.00107988029
388349,388498,518116,149,129618,1,129600,1.0011495317
388349,388514,518144,165,129630,1,129600,1.00127285351
388349,388508,518138,159,129630,1,129600,1.00122656792
388349,388503,518111,154,129608,1,129600,1.00118819826
388350,388519,518162,169,129643,1,129600,1.00130357983
388350,388524,518133,174,129609,1,129600,1.00134249936
388350,388529,518157,179,129628,1,129600,1.0013808745
388350,388535,465176,185,76641,1,129600,1.00241385159
388351,388545,518162,194,129617,1,129600,1.00149671725
388351,388550,518178,199,129628,1,129600,1.00153516216
388351,388555,454964,204,66409,1,129600,1.00307187279
388351,388540,518171,189,129631,1,129600,1.00145798459
388352,388566,399301,214,10735,1,129600,1.01993479273
388352,388560,452558,208,63998,1,129600,1.00325010157
388414,388571,550526,157,161955,12,345600,1.00096940508
388515,388577,391875,62,3298,2,18000,1.01879927229
388567,388582,391883,15,3301,2,18000,1.00454407755
388615,388621,396754,6,8133,2,21600,1.00073773515
388623,388633,392285,10,3652,2,18000,1.00273822563
388638,388644,388662,6,18,8,86400,1.33333333333
388644,388653,392412,9,3759,2,18000,1.00239425379
388731,388737,475168,6,86431,8,86400,1.00006941954
388819,388826,388977,7,151,1,1200,1.04635761589
389086,389096,392786,10,3690,2,18000,1.0027100271
389126,389132,392751,6,3619,2,18000,1.00165791655
389270,389276,397899,6,8623,2,21600,1.00069581352
389272,389282,392685,10,3403,2,18000,1.0029385836
389336,389346,392338,10,2992,2,18000,1.00334224599
389442,389449,393067,7,3618,2,18000,1.00193477059
389457,389463,393145,6,3682,2,18000,1.00162954916
389534,389541,392836,7,3295,2,18000,1.00212443096
389561,389572,392844,11,3272,2,18000,1.00336185819
389577,389583,393229,6,3646,2,18000,1.00164563906
389610,389618,393309,8,3691,2,18000,1.0021674343
389628,389638,393316,10,3678,2,18000,1.00271886895
389734,389742,393323,8,3581,2,18000,1.00223401285
389826,389832,409880,6,20048,4,172800,1.00029928172
389852,389859,393362,7,3503,2,18000,1.00199828718
389922,389931,393692,9,3761,2,18000,1.00239298059
389962,389971,393492,9,3521,2,18000,1.00255609202
389987,389997,393277,10,3280,2,18000,1.00304878049
390017,390027,393821,10,3794,2,18000,1.00263574064
390032,390038,393632,6,3594,2,18000,1.00166944908
390121,390131,393705,10,3574,2,18000,1.00279798545
390315,390325,393429,10,3104,2,18000,1.00322164948
390420,390430,393662,10,3232,2,18000,1.00309405941
390475,390481,394586,6,4105,4,10800,1.00146163216
390535,390543,393763,8,3220,2,18000,1.00248447205
390573,390583,394235,10,3652,2,18000,1.00273822563
390776,390786,394237,10,3451,2,18000,1.00289771081
390793,390800,394390,7,3590,2,18000,1.00194986072
390872,390881,394193,9,3312,2,18000,1.0027173913
390942,390951,394205,9,3254,2,18000,1.00276582667
390992,391002,394414,10,3412,2,18000,1.00293083236
391038,391049,394449,11,3400,2,18000,1.00323529412
391233,391243,394505,10,3262,2,18000,1.00306560392
391372,391382,394971,10,3589,2,18000,1.00278629145
391387,391393,394960,6,3567,2,18000,1.00168208579
391458,391467,394960,9,3493,2,18000,1.00257658173
391715,391725,394846,10,3121,2,18000,1.00320410125
391740,391747,400585,7,8838,7,18000,1.0007920344
391763,391769,395352,6,3583,2,18000,1.00167457438
391879,391887,394953,8,3066,2,18000,1.00260926288
391895,391901,395400,6,3499,2,18000,1.00171477565
391990,391996,392000,6,4,4,28800,1.0
392127,392138,395919,11,3781,2,18000,1.00290928326
392145,392151,403107,6,10956,4,28800,1.00054764513
392287,392297,395434,10,3137,2,18000,1.00318775901
392339,392349,396024,10,3675,2,18000,1.00272108844
392415,392423,395410,8,2987,2,18000,1.00267827251
392687,392696,396137,9,3441,2,18000,1.00261551874
392737,392743,395241,6,2498,2,21600,1.00240192154
392752,392762,396343,10,3581,2,18000,1.00279251606
392790,392797,396385,7,3588,2,18000,1.0019509476
392837,392847,396404,10,3557,2,18000,1.00281135789
392852,392858,396349,6,3491,2,18000,1.00171870524
393070,393078,396289,8,3211,2,18000,1.00249143569
393148,393157,396672,9,3515,2,18000,1.00256045519
393231,393241,396909,10,3668,2,18000,1.00272628135
393280,393288,396860,8,3572,2,18000,1.00223964166
393285,393294,398978,9,5684,2,21600,1.00158339198
393311,393320,396437,9,3117,2,18000,1.00288739172
393329,393335,396444,6,3109,2,18000,1.00192988099
393330,393341,396747,11,3406,2,18000,1.00322959483
393366,393374,396953,8,3579,2,18000,1.00223526125
393432,393441,397101,9,3660,2,18000,1.00245901639
393496,393503,396873,7,3370,2,18000,1.00207715134
393562,393569,393831,7,262,1,172800,1.02671755725
393633,393643,396927,10,3284,2,18000,1.00304506699
393665,393673,397173,8,3500,2,18000,1.00228571429
393694,393703,397315,9,3612,2,18000,1.00249169435
393709,393716,397425,7,3709,2,18000,1.00188730116
393764,393774,397510,10,3736,2,18000,1.00267665953
393796,393802,395762,6,1960,1,172800,1.00306122449
393823,393832,397043,9,3211,2,18000,1.00280286515
393830,393838,400693,8,6855,1,172800,1.00116703136
393865,393871,399964,6,6093,2,21600,1.00098473658
394196,394204,397499,8,3295,2,18000,1.00242792109
394212,394218,397421,6,3203,2,18000,1.00187324383
394239,394246,397959,7,3713,2,18000,1.00188526798
394240,394252,397939,12,3687,2,18000,1.0032546786
394395,394401,397961,6,3560,2,18000,1.00168539326
394418,394426,397910,8,3484,2,18000,1.00229621125
394452,394460,398060,8,3600,2,18000,1.00222222222
394508,394516,397923,8,3407,2,18000,1.00234810684
394847,394857,398269,10,3412,2,18000,1.00293083236
394957,394964,398333,7,3369,2,18000,1.00207776788
394974,394980,398506,6,3526,2,18000,1.00170164492
394975,394986,398547,11,3561,2,18000,1.00308901994
394976,394991,398413,15,3422,2,18000,1.00438340152
395183,395189,395461,6,272,1,21600,1.02205882353
395288,395294,395779,6,485,1,21600,1.01237113402
395354,395363,398842,9,3479,2,18000,1.00258695027
395384,395390,395748,6,358,1,21600,1.01675977654
395403,395412,399011,9,3599,2,18000,1.00250069464
395418,395424,398852,6,3428,2,18000,1.00175029172
395437,395445,398906,8,3461,2,18000,1.00231147067
395457,395463,395994,6,531,1,21600,1.01129943503
395526,395532,396131,6,599,1,21600,1.01001669449
395924,395930,399529,6,3599,2,18000,1.00166712976
395993,395999,396292,6,293,1,21600,1.0204778157
396026,396035,399429,9,3394,2,18000,1.00265173836
396131,396137,404359,6,8222,2,21600,1.00072974945
396138,396148,399631,10,3483,2,18000,1.00287108814
396295,396300,399830,5,3530,2,18000,1.00141643059
396344,396354,399912,10,3558,2,18000,1.00281056773
396359,396366,400020,7,3654,2,18000,1.00191570881
396388,396396,399865,8,3469,2,18000,1.0023061401
396408,396416,399807,8,3391,2,18000,1.00235918608
396414,396422,400068,8,3646,2,3600,1.00219418541
396420,396428,396950,8,522,1,21600,1.0153256705
396440,396449,399841,9,3392,2,18000,1.00265330189
396455,396461,400118,6,3657,2,18000,1.00164068909
396643,396649,397048,6,399,1,21600,1.01503759398
396674,396684,400433,10,3749,2,18000,1.00266737797
396730,396736,397320,6,584,1,21600,1.0102739726
396750,396759,400035,9,3276,2,18000,1.00274725275
396779,396785,403936,6,7151,2,21600,1.00083904349
396813,396819,397480,6,661,1,21600,1.00907715582
396861,396871,400034,10,3163,2,18000,1.00316155549
396877,396885,400108,8,3223,2,18000,1.00248215948
396912,396920,400570,8,3650,2,18000,1.00219178082
396930,396938,400554,8,3616,2,18000,1.00221238938
396954,396964,400257,10,3293,2,18000,1.00303674461
396998,397004,397661,6,657,1,21600,1.00913242009
397040,397046,397070,6,24,1,172800,1.25
397046,397054,400470,8,3416,2,18000,1.00234192037
397090,397096,423841,6,26745,1,259200,1.000224341
397105,397112,400534,7,3422,2,18000,1.00204558738
397146,397153,432088,7,34935,1,259200,1.00020037212
397164,397170,397790,6,620,1,21600,1.00967741935
397177,397184,400378,7,3194,2,18000,1.00219160927
397199,397205,406076,6,8871,2,21600,1.00067636118
397294,397300,397602,6,302,1,172800,1.01986754967
397318,397326,400689,8,3363,2,18000,1.00237882843
397424,397432,400997,8,3565,2,18000,1.00224403927
397428,397438,398121,10,683,1,21600,1.01464128843
397440,397446,400989,6,3543,2,18000,1.0016934801
397504,397510,400932,6,3422,2,18000,1.00175336061
397519,397525,401157,6,3632,2,18000,1.00165198238
397636,397642,404672,6,7030,2,21600,1.00085348506
397747,397753,398283,6,530,1,21600,1.01132075472
397849,397855,398430,6,575,1,21600,1.01043478261
397907,397913,398507,6,594,1,21600,1.0101010101
397914,397921,401187,7,3266,2,18000,1.00214329455
397930,397936,401699,6,3763,2,18000,1.0015944725
397945,397951,401428,6,3477,2,18000,1.00172562554
397961,397970,401376,9,3406,2,18000,1.00264239577
397971,397977,399147,6,1170,1,21600,1.00512820513
397977,397983,401197,6,3214,2,18000,1.00186683261
398061,398071,401373,10,3302,2,18000,1.0030284676
398089,398095,407114,6,9019,2,21600,1.00066526222
398107,398113,400156,6,2043,1,21600,1.00293685756
398181,398187,400247,6,2060,1,43200,1.00291262136
398256,398263,400616,7,2353,1,43200,1.00297492563
398271,398280,401891,9,3611,2,18000,1.00249238438
398336,398344,401839,8,3495,2,18000,1.00228898426
398338,398349,401459,11,3110,1,43200,1.00353697749
398416,398424,401822,8,3398,2,18000,1.00235432607
398435,398441,406963,6,8522,2,21600,1.00070406008
398465,398471,399675,6,1204,1,43200,1.0049833887
398508,398517,401637,9,3120,2,18000,1.00288461538
398551,398558,402164,7,3606,2,18000,1.0019412091
398844,398853,402295,9,3442,2,18000,1.00261475886
398856,398862,399646,6,784,1,43200,1.00765306122
398859,398868,402250,9,3382,2,18000,1.00266114725
398910,398917,402533,7,3616,2,18000,1.00193584071
398920,398926,399978,6,1052,1,43200,1.00570342205
399012,399023,402744,11,3721,2,18000,1.00295619457
399195,399201,399877,6,676,1,43200,1.00887573964
399305,399311,400443,6,1132,1,43200,1.00530035336
399431,399441,403142,10,3701,2,18000,1.00270197244
399530,399540,403276,10,3736,2,18000,1.00267665953
399569,399575,400402,6,827,1,43200,1.00725513906
399632,399642,403302,10,3660,2,18000,1.00273224044
399693,399700,400172,7,472,1,43200,1.01483050847
399784,399790,400198,6,408,1,43200,1.01470588235
399810,399818,403453,8,3635,2,18000,1.00220082531
399832,399841,403552,9,3711,2,18000,1.00242522231
399848,399854,403449,6,3595,2,18000,1.0016689847
399867,399877,403312,10,3435,2,18000,1.00291120815
399914,399923,403627,9,3704,2,18000,1.00242980562
399930,399936,400421,6,485,1,43200,1.01237113402
400005,400012,400564,7,552,1,43200,1.01268115942
400021,400027,688085,6,288058,2,288000,1.00002082914
400024,400033,403656,9,3623,2,18000,1.00248412917
400041,400047,403652,6,3605,2,18000,1.00166435506
400042,400053,403512,11,3459,2,18000,1.00318010986
400076,400082,400644,6,562,1,43200,1.01067615658
400109,400119,403707,10,3588,2,18000,1.002787068
400124,400130,403663,6,3533,2,18000,1.00169827342
400172,400178,400732,6,554,1,43200,1.01083032491
400260,400268,403373,8,3105,2,18000,1.00257648953
400269,400276,400719,7,443,1,43200,1.0158013544
400382,400389,403757,7,3368,2,18000,1.0020783848
400436,400444,404050,8,3606,2,18000,1.00221852468
400471,400481,403877,10,3396,2,18000,1.00294464075
400538,400546,404103,8,3557,2,18000,1.00224908631
400557,400566,404169,9,3603,2,18000,1.0024979184
400573,400581,404170,8,3589,2,18000,1.00222903316
400692,400700,404224,8,3524,2,18000,1.00227014756
400803,400809,539012,6,138203,2,288000,1.0000434144
400925,400932,401541,7,609,1,43200,1.01149425287
400935,400944,403940,9,2996,2,18000,1.00300400534
400989,400995,402497,6,1502,1,43200,1.00399467377
400991,401001,404563,10,3562,2,18000,1.00280741157
401007,401013,404591,6,3578,2,18000,1.00167691448
401080,401087,401534,7,447,1,43200,1.01565995526
401135,401141,403191,6,2050,1,43200,1.00292682927
401159,401169,404587,10,3418,2,18000,1.00292568754
401190,401199,404760,9,3561,2,18000,1.00252737995
401206,401212,404264,6,3052,2,18000,1.00196592398
401307,401313,402187,6,874,1,43200,1.00686498856
401374,401384,404503,10,3119,2,18000,1.00320615582
401389,401396,404785,7,3389,2,18000,1.00206550605
401429,401439,405074,10,3635,2,18000,1.00275103164
401460,401466,402643,6,1177,1,43200,1.00509770603
401533,401539,402464,6,925,1,43200,1.00648648649
401638,401648,405051,10,3403,2,18000,1.0029385836
401659,401666,403736,7,2070,1,43200,1.00338164251
401700,401710,405236,10,3526,2,18000,1.00283607487
401823,401833,405201,10,3368,2,18000,1.00296912114
401837,401848,401854,11,6,4,129600,1.7
401837,401843,401847,6,4,4,129600,1.0
401837,401859,402040,22,181,4,129600,1.12154696133
401838,401875,401880,37,5,4,129600,4.2
401838,401870,401875,32,5,4,129600,3.7
401838,401880,401884,42,4,4,129600,4.6
401838,401864,402040,26,176,4,129600,1.14772727273
401839,401913,402040,74,127,4,129600,1.58267716535
401839,401892,402040,53,148,4,129600,1.35810810811
401839,401897,401900,58,3,4,129600,6.1
401839,401908,401912,69,4,4,129600,7.3
401839,401886,402040,47,154,4,129600,1.30519480519
401840,401919,401922,79,3,4,129600,8.2
401840,401925,401928,85,3,4,129600,8.8
401842,401854,405584,12,3730,2,18000,1.00321715818
401894,401903,405383,9,3480,2,18000,1.0025862069
402016,402022,402867,6,845,1,43200,1.00710059172
402053,402059,402063,6,4,4,129600,1.0
402053,402064,402070,11,6,4,129600,1.7
402053,402074,402078,21,4,4,129600,2.5
402054,402081,402085,27,4,4,129600,3.1
402054,402104,402112,50,8,4,129600,5.8
402054,402096,402128,42,32,4,129600,2.3125
402054,402089,402092,35,3,4,129600,3.8
402055,402123,402129,68,6,4,129600,7.4
402077,402139,403236,62,1097,1,43200,1.05651777575
402167,402175,405702,8,3527,2,18000,1.00226821661
402171,402181,403016,10,835,1,43200,1.0119760479
402256,402262,405739,6,3477,2,18000,1.00172562554
402268,402274,403098,6,824,1,43200,1.0072815534
402298,402306,405824,8,3518,2,18000,1.00227401933
402347,402353,403254,6,901,1,43200,1.00665926748
402416,402422,404238,6,1816,1,43200,1.00330396476
402505,402511,403298,6,787,1,43200,1.00762388818
402531,402537,404659,6,2122,4,7200,1.00282752121
402534,402545,406075,11,3530,2,18000,1.00311614731
402606,402957,402961,351,4,4,129600,35.5
402606,402962,402967,356,5,4,129600,36.1
402606,402952,406601,346,3649,4,129600,1.09482049877
402607,402979,406602,372,3623,4,129600,1.10267733922
402607,402974,406601,367,3627,4,129600,1.1011855528
402607,402968,406601,361,3633,4,129600,1.0993669144
402608,403000,406602,392,3602,4,129600,1.10882842865
402608,402985,402989,377,4,4,129600,38.1
402608,403109,403114,501,5,4,129600,50.6
402609,403118,406602,509,3484,4,129600,1.14609644087
402609,403125,403131,516,6,4,129600,52.2
402609,403146,406602,537,3456,4,129600,1.15538194444
402609,403310,403315,701,5,4,129600,70.6
402610,403326,403330,716,4,4,129600,72.0
402746,402756,406138,10,3382,2,18000,1.00295683028
402911,402917,402922,6,5,1,172800,1.1
402986,402992,403761,6,769,1,172800,1.0078023407
403146,403153,406626,7,3473,2,18000,1.00201554852
403282,403288,406717,6,3429,2,18000,1.00174978128
403306,403316,406765,10,3449,2,18000,1.00289939113
403322,403332,406914,10,3582,2,18000,1.00279173646
403378,403384,406519,6,3135,2,18000,1.0019138756
403453,403461,406472,8,3011,2,18000,1.00265692461
403454,403467,406753,13,3286,2,18000,1.00395617772
403513,403523,407136,10,3613,2,18000,1.00276778301
403553,403563,406629,10,3066,2,18000,1.0032615786
403630,403638,407247,8,3609,2,18000,1.00221668052
403655,403663,407247,8,3584,2,18000,1.00223214286
403670,403676,407189,6,3513,2,18000,1.00170794193
403671,403682,407156,11,3474,2,18000,1.00316637881
403706,403718,407253,12,3535,2,18000,1.00339462518
403758,403768,407243,10,3475,2,18000,1.00287769784
403878,403888,407641,10,3753,2,18000,1.00266453504
403942,403954,407519,12,3565,2,18000,1.00336605891
403942,403948,407694,6,3746,2,108000,1.00160170849
404052,404061,407712,9,3651,2,18000,1.00246507806
404105,404114,407833,9,3719,2,18000,1.00242000538
404172,404180,407759,8,3579,2,18000,1.00223526125
404174,404186,407853,12,3667,2,18000,1.00327242978
404226,404236,407848,10,3612,2,18000,1.00276854928
404265,404275,407488,10,3213,2,18000,1.00311235605
404505,404514,407923,9,3409,2,18000,1.0026400704
404564,404574,408284,10,3710,2,18000,1.00269541779
404589,404598,408244,9,3646,2,18000,1.00246845858
404604,404610,407922,6,3312,2,18000,1.0018115942
404664,404670,408580,6,3910,4,7200,1.00153452685
404762,404771,408446,9,3675,2,18000,1.00244897959
404786,404799,408551,13,3752,2,18000,1.00346481876
404787,404793,411270,6,6477,2,108000,1.00092635479
405060,405066,408615,6,3549,2,18000,1.00169061708
405076,405085,408746,9,3661,2,18000,1.00245834471
405204,405212,408794,8,3582,2,18000,1.00223338917
405240,405247,408656,7,3409,2,18000,1.00205338809
405386,405395,408822,9,3427,2,18000,1.00262620368
405520,405526,411221,6,5695,2,108000,1.00105355575
405586,405595,409026,9,3431,2,18000,1.00262314194
405704,405714,409211,10,3497,2,18000,1.00285959394
405741,405750,409156,9,3406,2,18000,1.00264239577
405826,405835,409557,9,3722,2,18000,1.00241805481
406077,406087,409200,10,3113,2,18000,1.00321233537
406140,406147,406153,7,6,4,129600,1.3
406141,406153,409714,12,3561,2,18000,1.00336983993
406253,406259,412389,6,6130,2,108000,1.00097879282
406305,406311,406317,6,6,4,129600,1.2
406371,406377,406381,6,4,4,129600,1.0
406405,406411,406421,6,10,4,129600,1.6
406476,406484,410048,8,3564,2,18000,1.00224466891
406521,406531,410018,10,3487,2,18000,1.00286779467
406608,406613,406734,5,121,1,43200,1.04132231405
406613,406624,406625,11,1,1,129600,1.2
406613,406619,406620,6,1,1,129600,1.0
406614,406641,406642,27,1,1,129600,2.8
406614,406629,406631,15,2,1,129600,1.7
406614,406636,406637,22,1,1,129600,2.3
406615,406662,406663,47,1,1,129600,4.8
406615,406652,406653,37,1,1,129600,3.8
406615,406646,406648,31,2,1,129600,3.3
406615,406657,406659,42,2,1,129600,4.4
406616,406667,406669,51,2,1,129600,5.3
406616,406678,406679,62,1,1,129600,6.3
406616,406673,406674,57,1,1,129600,5.8
406616,406683,406685,67,2,1,129600,6.9
406617,406689,406690,72,1,1,129600,7.3
406629,406696,409869,67,3173,2,18000,1.02111566341
406631,406701,410270,70,3569,2,18000,1.01961333707
406709,406715,438891,6,32176,1,129600,1.00018647439
406709,406720,441968,11,35248,1,129600,1.00031207444
406709,406736,440095,27,33359,1,129600,1.00080937678
406709,406725,439224,16,32499,1,129600,1.00049232284
406710,406741,445571,31,38830,1,129600,1.00079835179
406710,406752,473129,42,66377,1,129600,1.0006327493
406710,406746,450783,36,44037,1,129600,1.00081749438
406711,406757,433208,46,26451,1,129600,1.00173906469
406711,406762,433703,51,26941,1,129600,1.0018930255
406712,406777,439148,65,32371,1,129600,1.0020079701
406712,406772,435695,60,28923,1,129600,1.0020744736
406712,406767,434252,55,27485,1,129600,1.0020010915
406713,406783,446633,70,39850,1,129600,1.0017565872
406713,406788,471042,75,64254,1,129600,1.00116724251
406720,406731,410518,11,3787,2,18000,1.00290467388
406754,406794,410263,40,3469,2,18000,1.01153070049
406770,406799,410510,29,3711,2,18000,1.00781460523
406915,406925,410370,10,3445,2,18000,1.00290275762
407139,407147,410313,8,3166,2,18000,1.00252684776
407158,407172,410697,14,3525,2,18000,1.00397163121
407159,407166,414047,7,6881,2,108000,1.001017294
407190,407200,410668,10,3468,2,18000,1.00288350634
407246,407255,410996,9,3741,2,18000,1.00240577386
407263,407269,410837,6,3568,2,18000,1.00168161435
407264,407275,410719,11,3444,2,18000,1.00319396051
407265,407280,410979,15,3699,2,18000,1.00405515004
407491,407499,410999,8,3500,2,18000,1.00228571429
407519,407530,410870,11,3340,2,18000,1.00329341317
407645,407653,410937,8,3284,2,18000,1.00243605359
407716,407723,411218,7,3495,2,18000,1.00200286123
407762,407770,411224,8,3454,2,18000,1.00231615518
407836,407845,411515,9,3670,2,18000,1.00245231608
407851,407859,411503,8,3644,2,18000,1.00219538968
407866,407873,411464,7,3591,2,18000,1.00194931774
407904,407910,413698,6,5788,2,108000,1.00103662751
407923,407933,411120,10,3187,2,18000,1.0031377471
407938,407945,411405,7,3460,2,18000,1.00202312139
408275,408282,411911,7,3629,2,18000,1.00192890603
408296,408302,411770,6,3468,2,18000,1.00173010381
408453,408459,412028,6,3569,2,18000,1.00168114318
408558,408564,412282,6,3718,2,18000,1.00161377084
408621,408627,412182,6,3555,2,18000,1.00168776371
408668,408674,412172,6,3498,2,18000,1.00171526587
408777,408784,412414,7,3630,2,18000,1.00192837466
408805,408811,412267,6,3456,2,18000,1.00173611111
408829,408834,411325,5,2491,2,108000,1.00200722601
408835,408841,412094,6,3253,2,18000,1.00184445128
409030,409038,412388,8,3350,2,18000,1.0023880597
409160,409168,412349,8,3181,2,18000,1.00251493241
409181,409187,411308,6,2121,2,108000,1.00282885431
409201,409211,412908,10,3697,2,18000,1.00270489586
409216,409223,412665,7,3442,2,18000,1.00203370134
409563,409569,412934,6,3365,2,18000,1.00178306092
409717,409726,413220,9,3494,2,18000,1.0025758443
409872,409881,413487,9,3606,2,18000,1.00249584027
410022,410029,413318,7,3289,2,18000,1.00212830648
410049,410059,413551,10,3492,2,18000,1.00286368843
410266,410274,413396,8,3122,2,18000,1.00256245996
410280,410287,413550,7,3263,2,18000,1.00214526509
410314,410325,413781,11,3456,2,18000,1.00318287037
410375,410381,413833,6,3452,2,18000,1.00173812283
410512,410521,413961,9,3440,2,18000,1.00261627907
410528,410534,414265,6,3731,2,18000,1.00160814795
410669,410679,414104,10,3425,2,18000,1.00291970803
410700,410709,414218,9,3509,2,18000,1.00256483329
410722,410730,413897,8,3167,2,18000,1.00252604989
410839,410848,414300,9,3452,2,18000,1.00260718424
410873,410881,414475,8,3594,2,18000,1.00222593211
410938,410948,414714,10,3766,2,18000,1.00265533723
410981,410990,414651,9,3661,2,18000,1.00245834471
411001,411007,414659,6,3652,2,18000,1.00164293538
411002,411013,414339,11,3326,2,18000,1.00330727601
411121,411132,414711,11,3579,2,18000,1.00307348421
411220,411230,414565,10,3335,2,18000,1.00299850075
411235,411241,414511,6,3270,2,18000,1.00183486239
411406,411416,414996,10,3580,2,18000,1.00279329609
411465,411475,415117,10,3642,2,18000,1.0027457441
411505,411514,414626,9,3112,2,18000,1.00289203085
411521,411527,414857,6,3330,2,18000,1.0018018018
411771,411781,415013,10,3232,2,18000,1.00309405941
411912,411922,415050,10,3128,2,18000,1.00319693095
412030,412039,415687,9,3648,2,18000,1.00246710526
412097,412105,415609,8,3504,2,18000,1.00228310502
412176,412184,415353,8,3169,2,18000,1.00252445566
412191,412197,415945,6,3748,2,18000,1.00160085379
412268,412278,415816,10,3538,2,18000,1.00282645562
412283,412296,415581,13,3285,2,18000,1.00395738204
412351,412360,415970,9,3610,2,18000,1.00249307479
412391,412399,415873,8,3474,2,18000,1.00230282096
412415,412425,416004,10,3579,2,18000,1.00279407656
412668,412676,415867,8,3191,2,18000,1.00250705108
412911,412920,416306,9,3386,2,18000,1.00265800354
412935,412945,416356,10,3411,2,18000,1.00293169159
413223,413231,416509,8,3278,2,18000,1.00244051251
413322,413330,417041,8,3711,2,18000,1.00215575317
413397,413407,416887,10,3480,2,18000,1.00287356322
413489,413499,416986,10,3487,2,18000,1.00286779467
413552,413567,416838,15,3271,2,18000,1.00458575359
413553,413561,417105,8,3544,2,18000,1.00225733634
413664,413670,413676,6,6,4,144000,1.2
413783,413792,417272,9,3480,2,18000,1.0025862069
413787,413798,413803,11,5,4,144000,1.6
413827,413833,419393,6,5560,4,144000,1.00107913669
413835,413844,417366,9,3522,2,18000,1.00255536627
413900,413908,417541,8,3633,2,18000,1.00220203688
413963,413972,417537,9,3565,2,18000,1.00252454418
414105,414115,417510,10,3395,2,18000,1.0029455081
414221,414230,417567,9,3337,2,18000,1.00269703326
414268,414276,417747,8,3471,2,18000,1.00230481129
414302,414311,417839,9,3528,2,18000,1.00255102041
414340,414351,417736,11,3385,2,18000,1.00324963072
414476,414486,417971,10,3485,2,18000,1.00286944046
414514,414522,418210,8,3688,2,18000,1.0021691974
414568,414576,418350,8,3774,2,18000,1.00211976683
414627,414637,418143,10,3506,2,18000,1.00285225328
414654,414663,418209,9,3546,2,18000,1.00253807107
414669,414675,418409,6,3734,2,18000,1.00160685592
414712,414723,418295,11,3572,2,18000,1.00307950728
414727,414733,418409,6,3676,2,18000,1.00163220892
414859,414868,418549,9,3681,2,18000,1.00244498778
414998,415007,418689,9,3682,2,18000,1.00244432374
415016,415024,418465,8,3441,2,18000,1.00232490555
415053,415062,418695,9,3633,2,18000,1.00247729149
415121,415129,418195,8,3066,2,18000,1.00260926288
415356,415365,418747,9,3382,2,18000,1.00266114725
415584,415592,419224,8,3632,2,18000,1.00220264317
415610,415620,419395,10,3775,2,18000,1.00264900662
415685,415698,418898,13,3200,2,18000,1.0040625
415820,415827,419399,7,3572,2,18000,1.00195968645
415870,415879,419342,9,3463,2,18000,1.00259890269
415885,415891,419686,6,3795,2,18000,1.00158102767
415947,415956,419696,9,3740,2,18000,1.00240641711
415971,415982,419694,11,3712,2,18000,1.00296336207
416005,416015,419400,10,3385,2,18000,1.00295420975
416309,416317,420020,8,3703,2,18000,1.00216041048
416358,416367,419607,9,3240,2,18000,1.00277777778
416512,416521,419808,9,3287,2,18000,1.00273805902
416839,416849,420364,10,3515,2,18000,1.00284495021
416888,416898,420620,10,3722,2,18000,1.00268672757
416987,416997,420417,10,3420,2,18000,1.00292397661
417043,417053,420643,10,3590,2,18000,1.00278551532
417109,417116,420406,7,3290,2,18000,1.00212765957
417274,417283,420687,9,3404,2,18000,1.0026439483
417369,417378,420991,9,3613,2,18000,1.00249100471
417513,417521,420816,8,3295,2,18000,1.00242792109
417542,417548,420877,6,3329,2,18000,1.00180234305
417543,417554,420708,11,3154,2,18000,1.00348763475
417569,417578,421051,9,3473,2,18000,1.00259141952
417738,417747,421060,9,3313,2,18000,1.00271657108
417754,417759,420961,5,3202,2,18000,1.00156152405
417770,417776,417778,6,2,2,300,1.0
417842,417850,421463,8,3613,2,18000,1.0022142264
417968,417974,417975,6,1,2,300,1.0
417973,417982,421271,9,3289,2,18000,1.00273639404
418145,418154,421818,9,3664,2,18000,1.00245633188
418198,418207,421509,9,3302,2,18000,1.00272562084
418213,418220,421383,7,3163,2,18000,1.00221308884
418215,418226,421857,11,3631,2,18000,1.00302946847
418293,418306,421870,13,3564,2,18000,1.00364758698
418353,418362,421762,9,3400,2,18000,1.00264705882
418414,418420,421829,6,3409,2,18000,1.00176004693
418415,418426,422068,11,3642,2,18000,1.00302031851
418469,418477,422061,8,3584,2,18000,1.00223214286
418552,418560,422146,8,3586,2,18000,1.00223089794
418691,418700,422409,9,3709,2,18000,1.00242653006
418706,418712,422098,6,3386,2,18000,1.00177200236
418750,418758,422472,8,3714,2,18000,1.00215401185
418898,418909,422650,11,3741,2,18000,1.00294039027
419227,419235,422657,8,3422,2,18000,1.00233781414
419344,419354,422677,10,3323,2,18000,1.00300932892
419397,419406,422841,9,3435,2,18000,1.00262008734
419398,419412,422693,14,3281,2,18000,1.00426699177
419414,419420,422823,6,3403,2,18000,1.00176315016
419607,419618,423172,11,3554,2,18000,1.00309510411
419693,419699,423053,6,3354,2,18000,1.00178890877
419708,419714,423225,6,3511,2,18000,1.00170891484
419709,419720,423235,11,3515,2,18000,1.00312944523
419811,419819,423267,8,3448,2,18000,1.00232018561
420021,420032,423459,11,3427,2,18000,1.00320980449
420282,420288,420292,6,4,2,300,1.0
420300,420307,420336,7,29,2,300,1.24137931034
420344,420350,420411,6,61,2,300,1.09836065574
420368,420375,423809,7,3434,2,18000,1.00203843914
420408,420417,424190,9,3773,2,18000,1.00238536973
420421,420428,420672,7,244,2,300,1.02868852459
420423,420434,423867,11,3433,2,18000,1.00320419458
420621,420631,424032,10,3401,2,18000,1.00294031167
420645,420654,424312,9,3658,2,18000,1.00246036085
420680,420687,420697,7,10,2,300,1.7
420689,420699,423923,10,3224,2,18000,1.00310173697
420708,420714,420739,6,25,2,300,1.24
420710,420720,424442,10,3722,2,18000,1.00268672757
420748,420754,420796,6,42,2,300,1.14285714286
420792,420798,429815,6,9017,7,21600,1.00066540978
420805,420811,421120,6,309,2,300,1.01941747573
420818,420827,424368,9,3541,2,18000,1.0025416549
420878,420888,424368,10,3480,2,18000,1.00287356322
420963,420972,424627,9,3655,2,18000,1.0024623803
420994,421002,424576,8,3574,2,18000,1.00223838836
421054,421062,424313,8,3251,2,18000,1.0024607813
421069,421076,424781,7,3705,2,18000,1.00188933873
421124,421130,421482,6,352,2,360,1.01704545455
421273,421283,424886,10,3603,2,18000,1.00277546489
421384,421394,424962,10,3568,2,18000,1.00280269058
421465,421474,424871,9,3397,2,18000,1.00264939653
421496,421502,421632,6,130,2,360,1.04615384615
421511,421521,425137,10,3616,2,18000,1.00276548673
421644,421650,421664,6,14,2,300,1.42857142857
421673,421679,421734,6,55,2,300,1.10909090909
421742,421748,421995,6,247,2,360,1.02429149798
421765,421773,425266,8,3493,2,18000,1.00229029488
421822,421829,424969,7,3140,2,18000,1.00222929936
421837,421843,425366,6,3523,2,18000,1.00170309395
421858,421868,425196,10,3328,2,18000,1.00300480769
421875,421881,425194,6,3313,2,18000,1.00181104739
422005,422011,422022,6,11,2,300,1.54545454545
422036,422042,422073,6,31,2,300,1.1935483871
422065,422072,425302,7,3230,2,18000,1.00216718266
422081,422087,425532,6,3445,2,18000,1.00174165457
422081,422092,422126,11,34,2,300,1.32352941176
422100,422109,425600,9,3491,2,18000,1.00257805786
422133,422140,422408,7,268,2,300,1.02611940299
422147,422157,425678,10,3521,2,18000,1.00284010224
422411,422420,425964,9,3544,2,18000,1.00253950339
422476,422483,425502,7,3019,2,18000,1.00231864856
422651,422661,425751,10,3090,2,18000,1.00323624595
422666,422672,426254,6,3582,2,18000,1.00167504188
422683,422688,426201,5,3513,2,18000,1.00142328494
422699,422705,426421,6,3716,2,18000,1.0016146394
422825,422835,426421,10,3586,2,18000,1.00278862242
422845,422853,426541,8,3688,2,18000,1.0021691974
423056,423064,426527,8,3463,2,18000,1.00231013572
423176,423183,426738,7,3555,2,18000,1.00196905767
423227,423236,426691,9,3455,2,18000,1.00260492041
423243,423249,426762,6,3513,2,18000,1.00170794193
423272,423278,426895,6,3617,2,18000,1.00165883329
423463,423470,426570,7,3100,2,18000,1.00225806452
423812,423821,427533,9,3712,2,18000,1.00242456897
423872,423878,426959,6,3081,2,18000,1.00194741967
423927,423934,427293,7,3359,2,18000,1.00208395356
424015,424021,424084,6,63,4,3540,1.09523809524
424037,424043,427117,6,3074,2,18000,1.00195185426
424194,424201,427289,7,3088,2,18000,1.00226683938
424316,424323,427476,7,3153,2,18000,1.00222010783
424318,424329,427678,11,3349,2,18000,1.00328456256
424372,424379,428075,7,3696,2,18000,1.00189393939
424373,424384,427796,11,3412,2,18000,1.00322391559
424445,424453,428011,8,3558,2,18000,1.00224845419
424579,424587,427853,8,3266,2,18000,1.00244947949
424632,424638,427842,6,3204,2,18000,1.00187265918
424783,424792,427891,9,3099,2,18000,1.00290416263
424860,424866,424929,6,63,4,3540,1.09523809524
424876,424883,428589,7,3706,2,18000,1.00188882893
424894,424900,428609,6,3709,2,18000,1.00161768671
424964,424974,428322,10,3348,2,18000,1.00298685783
424979,424985,428375,6,3390,2,18000,1.0017699115
425142,425148,428656,6,3508,2,18000,1.00171037628
425197,425205,428842,8,3637,2,18000,1.00219961507
425198,425211,428845,13,3634,2,18000,1.00357732526
425270,425277,428914,7,3637,2,18000,1.00192466318
425307,425313,428762,6,3449,2,18000,1.00173963468
425370,425377,428971,7,3594,2,18000,1.0019476906
425506,425513,428991,7,3478,2,18000,1.00201265095
425534,425543,429281,9,3738,2,18000,1.00240770465
425601,425611,429248,10,3637,2,18000,1.00274951883
425682,425690,429083,8,3393,2,18000,1.00235779546
425754,425762,429473,8,3711,2,18000,1.00215575317
425965,425975,429472,10,3497,2,18000,1.00285959394
426204,426213,429842,9,3629,2,18000,1.00248002204
426258,426265,429884,7,3619,2,18000,1.00193423598
426423,426432,430188,9,3756,2,18000,1.00239616613
426425,426437,429496,12,3059,2,18000,1.0039228506
426529,426539,430203,10,3664,2,18000,1.00272925764
426545,426553,429884,8,3331,2,18000,1.00240168118
426573,426581,429997,8,3416,2,18000,1.00234192037
426695,426702,430325,7,3623,2,18000,1.00193210047
426741,426749,430246,8,3497,2,18000,1.00228767515
426762,426773,429923,11,3150,2,18000,1.00349206349
426898,426906,430204,8,3298,2,18000,1.00242571255
426960,426970,430518,10,3548,2,18000,1.00281848929
427121,427129,430376,8,3247,2,18000,1.00246381275
427290,427300,430643,10,3343,2,18000,1.00299132516
427305,427311,430383,6,3072,2,18000,1.001953125
427479,427487,430511,8,3024,2,18000,1.00264550265
427535,427545,430907,10,3362,2,18000,1.00297441999
427679,427689,430956,10,3267,2,18000,1.00306091215
427797,427807,431453,10,3646,2,18000,1.00274273176
427844,427854,431305,10,3451,2,18000,1.00289771081
427861,427867,431310,6,3443,2,18000,1.00174266628
427893,427903,430956,10,3053,2,18000,1.00327546675
428014,428023,431438,9,3415,2,18000,1.00263543192
428077,428086,431408,9,3322,2,18000,1.00270921132
428325,428333,431787,8,3454,2,18000,1.00231615518
428378,428387,431675,9,3288,2,18000,1.00273722628
428594,428600,432087,6,3487,2,18000,1.0017206768
428612,428621,432097,9,3476,2,18000,1.00258918297
428660,428667,431974,7,3307,2,18000,1.0021167221
428766,428773,432045,7,3272,2,18000,1.0021393643
428843,428858,432219,15,3361,2,18000,1.00446295745
428860,428866,432455,6,3589,2,18000,1.00167177487
428916,428925,432144,9,3219,2,18000,1.00279589935
428972,428982,432327,10,3345,2,18000,1.00298953662
428994,429002,432248,8,3246,2,18000,1.00246457178
429087,429094,432502,7,3408,2,18000,1.00205399061
429249,429259,432835,10,3576,2,18000,1.00279642058
429284,429292,432973,8,3681,2,18000,1.00217332247
429475,429483,432941,8,3458,2,18000,1.002313476
429477,429489,433157,12,3668,2,18000,1.00327153762
429499,429508,433170,9,3662,2,18000,1.0024576734
429846,429853,433421,7,3568,2,18000,1.00196188341
429891,429897,433186,6,3289,2,18000,1.00182426269
429892,429903,433194,11,3291,2,18000,1.0033424491
429924,429934,433399,10,3465,2,18000,1.00288600289
429998,430008,433772,10,3764,2,18000,1.00265674814
430191,430199,433819,8,3620,2,18000,1.00220994475
430207,430214,433789,7,3575,2,18000,1.00195804196
430209,430220,433901,11,3681,2,18000,1.00298831839
430251,430256,433671,5,3415,2,18000,1.00146412884
430328,430336,433907,8,3571,2,18000,1.00224026883
430379,430387,434041,8,3654,2,18000,1.0021893815
430395,430402,433892,7,3490,2,18000,1.00200573066
430514,430523,433867,9,3344,2,18000,1.00269138756
430530,430536,434028,6,3492,2,18000,1.00171821306
430647,430654,434265,7,3611,2,18000,1.00193852119
430908,430918,434506,10,3588,2,18000,1.002787068
430960,430967,434673,7,3706,2,18000,1.00188882893
430962,430973,434454,11,3481,2,18000,1.00316001149
431310,431316,435024,6,3708,2,18000,1.00161812298
431311,431322,435008,11,3686,2,18000,1.00298426479
431411,431419,435007,8,3588,2,18000,1.0022296544
431439,431449,435172,10,3723,2,18000,1.00268600591
431454,431464,434659,10,3195,2,18000,1.00312989045
431679,431686,434838,7,3152,2,18000,1.00222081218
431789,431798,434967,9,3169,2,18000,1.00284001262
431977,431985,435555,8,3570,2,18000,1.00224089636
432050,432056,435258,6,3202,2,18000,1.00187382886
432091,432099,435281,8,3182,2,18000,1.00251414205
432106,432112,435553,6,3441,2,18000,1.00174367916
432148,432156,435714,8,3558,2,18000,1.00224845419
432227,432233,435477,6,3244,2,18000,1.00184956843
432252,432259,435860,7,3601,2,18000,1.00194390447
432330,432338,435868,8,3530,2,18000,1.00226628895
432454,432467,436217,13,3750,2,18000,1.00346666667
432504,432513,436146,9,3633,2,18000,1.00247729149
432832,432846,436386,14,3540,2,18000,1.00395480226
432944,432952,436465,8,3513,2,18000,1.00227725591
432977,432985,436488,8,3503,2,18000,1.00228375678
433160,433168,436777,8,3609,2,18000,1.00221668052
433177,433183,436948,6,3765,2,18000,1.0015936255
433193,433199,436740,6,3541,2,18000,1.0016944366
433210,433216,436725,6,3509,2,18000,1.00170988886
433402,433410,437128,8,3718,2,18000,1.00215169446
433423,433432,436594,9,3162,2,18000,1.00284629981
433675,433683,437438,8,3755,2,18000,1.00213049268
433775,433784,437382,9,3598,2,18000,1.00250138966
433791,433800,437447,9,3647,2,18000,1.00246778174
433824,433830,437403,6,3573,2,18000,1.00167926113
433871,433878,437461,7,3583,2,18000,1.00195367011
433897,433903,437201,6,3298,2,18000,1.00181928441
433914,433920,437004,6,3084,2,18000,1.00194552529
433915,433926,437553,11,3627,2,18000,1.00303280948
434032,434039,437241,7,3202,2,18000,1.00218613367
434047,434053,437747,6,3694,2,18000,1.00162425555
434269,434276,437547,7,3271,2,18000,1.00214001834
434456,434466,438081,10,3615,2,18000,1.00276625173
434509,434518,437801,9,3283,2,18000,1.00274139507
434663,434670,438108,7,3438,2,18000,1.00203606748
434678,434684,438353,6,3669,2,18000,1.00163532298
434839,434849,438385,10,3536,2,18000,1.0028280543
434970,434978,438642,8,3664,2,18000,1.00218340611
435009,435018,438667,9,3649,2,18000,1.00246642916
435010,435024,438511,14,3487,2,18000,1.00401491253
435027,435035,438392,8,3357,2,18000,1.00238308013
435175,435183,438637,8,3454,2,18000,1.00231615518
435261,435270,438811,9,3541,2,18000,1.0025416549
435283,435292,439018,9,3726,2,18000,1.00241545894
435480,435488,438874,8,3386,2,18000,1.00236266982
435554,435564,439004,10,3440,2,18000,1.00290697674
435570,435576,439343,6,3767,2,18000,1.0015927794
435715,435725,439500,10,3775,2,18000,1.00264900662
435864,435872,439427,8,3555,2,18000,1.00225035162
435880,435886,439210,6,3324,2,18000,1.00180505415
436150,436157,439751,7,3594,2,18000,1.0019476906
436222,436228,439746,6,3518,2,18000,1.0017055145
436388,436397,439990,9,3593,2,18000,1.00250487058
436466,436476,439873,10,3397,2,18000,1.00294377392
436497,436504,440118,7,3614,2,18000,1.00193691201
436596,436605,440161,9,3556,2,18000,1.00253093363
436728,436736,440235,8,3499,2,18000,1.00228636753
436743,436751,440405,8,3654,2,18000,1.0021893815
436779,436788,440116,9,3328,2,18000,1.00270432692
436951,436960,440362,9,3402,2,18000,1.00264550265
437006,437015,440194,9,3179,2,18000,1.00283107896
437131,437139,440760,8,3621,2,18000,1.00220933444
437202,437213,440528,11,3315,2,18000,1.00331825038
437242,437252,440762,10,3510,2,18000,1.00284900285
437385,437393,440502,8,3109,2,18000,1.00257317465
437407,437414,440833,7,3419,2,18000,1.00204738228
437440,437449,441185,9,3736,2,18000,1.00240899358
437455,437462,440894,7,3432,2,18000,1.00203962704
437471,437477,440937,6,3460,2,18000,1.00173410405
437550,437558,441304,8,3746,2,18000,1.00213561132
437565,437571,440896,6,3325,2,18000,1.00180451128
437751,437758,440973,7,3215,2,18000,1.00217729393
437806,437812,441222,6,3410,2,18000,1.00175953079
438084,438092,441659,8,3567,2,18000,1.00224278105
438110,438119,441819,9,3700,2,18000,1.00243243243
438358,438364,441660,6,3296,2,18000,1.00182038835
438389,438396,442008,7,3612,2,18000,1.0019379845
438407,438414,441983,7,3569,2,18000,1.00196133371
438516,438521,441877,5,3356,2,18000,1.00148986889
438638,438649,442149,11,3500,2,18000,1.00314285714
438657,438663,442268,6,3605,2,18000,1.00166435506
438673,438678,442087,5,3409,2,18000,1.00146670578
438812,438823,442132,11,3309,2,18000,1.00332426715
438877,438885,442612,8,3727,2,18000,1.00214649852
439006,439016,442259,10,3243,2,18000,1.0030835646
439022,439029,442533,7,3504,2,18000,1.00199771689
439212,439221,442950,9,3729,2,18000,1.00241351569
439298,439309,496945,11,57636,16,57600,1.00019085294
439347,439355,442787,8,3432,2,18000,1.00233100233
439429,439438,442715,9,3277,2,18000,1.0027464144
439502,439511,443155,9,3644,2,18000,1.00246981339
439751,439757,442987,6,3230,2,18000,1.00185758514
439766,439772,443165,6,3393,2,18000,1.0017683466
439875,439885,443344,10,3459,2,18000,1.00289100896
439986,440001,443430,15,3429,2,18000,1.00437445319
440121,440127,443633,6,3506,2,18000,1.00171135197
440123,440133,443416,10,3283,2,18000,1.00304599452
440166,440172,443816,6,3644,2,18000,1.00164654226
440194,440205,443596,11,3391,2,18000,1.00324388086
440239,440246,443452,7,3206,2,18000,1.00218340611
440365,440373,443846,8,3473,2,18000,1.00230348402
440410,440417,444009,7,3592,2,18000,1.00194877506
440504,440513,444235,9,3722,2,18000,1.00241805481
440530,440539,443793,9,3254,2,18000,1.00276582667
440764,440771,444159,7,3388,2,18000,1.0020661157
440765,440777,444157,12,3380,2,18000,1.00355029586
440837,440844,444558,7,3714,2,18000,1.00188476037
440898,440908,444091,10,3183,2,18000,1.00314169023
440899,440913,443977,14,3064,2,18000,1.0045691906
440941,440948,444160,7,3212,2,18000,1.00217932752
440975,440984,444295,9,3311,2,18000,1.00271821202
441188,441196,444937,8,3741,2,18000,1.00213846565
441226,441233,444590,7,3357,2,18000,1.00208519511
441307,441315,444540,8,3225,2,18000,1.00248062016
441660,441670,445050,10,3380,2,18000,1.00295857988
441675,441681,445331,6,3650,2,18000,1.00164383562
441823,441831,444943,8,3112,2,18000,1.00257069409
441880,441888,445309,8,3421,2,18000,1.00233849752
441987,441994,445643,7,3649,2,18000,1.00191833379
442008,442019,445477,11,3458,2,18000,1.0031810295
442090,442098,445748,8,3650,2,18000,1.00219178082
442134,442143,445695,9,3552,2,18000,1.00253378378
442150,442160,445712,10,3552,2,18000,1.00281531532
442263,442270,445836,7,3566,2,18000,1.00196298374
442278,442284,445964,6,3680,2,18000,1.00163043478
442537,442544,446031,7,3487,2,18000,1.00200745627
442613,442623,445994,10,3371,2,18000,1.00296647879
442717,442726,446117,9,3391,2,18000,1.00265408434
442790,442799,446124,9,3325,2,18000,1.00270676692
442952,442962,446088,10,3126,2,18000,1.00319897633
442991,442998,446408,7,3410,2,18000,1.00205278592
443157,443166,446305,9,3139,2,18000,1.00286715514
443173,443180,446326,7,3146,2,18000,1.00222504768
443347,443355,447026,8,3671,2,18000,1.00217924271
443419,443427,447027,8,3600,2,18000,1.00222222222
443434,443441,446392,7,2951,2,18000,1.00237207726
443455,443464,446628,9,3164,2,18000,1.00284450063
443599,443607,447219,8,3612,2,18000,1.00221483942
443636,443644,447180,8,3536,2,18000,1.00226244344
443798,443804,446913,6,3109,2,18000,1.00192988099
443817,443827,447347,10,3520,2,18000,1.00284090909
443848,443857,447251,9,3394,2,18000,1.00265173836
443981,443989,447695,8,3706,2,18000,1.00215866163
444012,444020,447461,8,3441,2,18000,1.00232490555
444093,444102,447397,9,3295,2,18000,1.00273141123
444158,444168,447686,10,3518,2,18000,1.00284252416
444175,444181,447680,6,3499,2,18000,1.00171477565
444176,444187,447722,11,3535,2,18000,1.00311173975
444236,444246,447655,10,3409,2,18000,1.00293341156
444299,444306,448001,7,3695,2,18000,1.00189445196
444544,444551,447746,7,3195,2,18000,1.00219092332
444559,444569,448232,10,3663,2,18000,1.00273000273
444594,444602,448122,8,3520,2,18000,1.00227272727
444939,444948,448204,9,3256,2,18000,1.00276412776
444955,444961,448112,6,3151,2,18000,1.00190415741
445052,445061,448083,9,3022,2,18000,1.00297816016
445312,445320,448901,8,3581,2,18000,1.00223401285
445334,445343,448464,9,3121,2,18000,1.00288369112
445480,445489,449041,9,3552,2,18000,1.00253378378
445647,445655,449276,8,3621,2,18000,1.00220933444
445698,445706,449255,8,3549,2,18000,1.0022541561
445714,445724,449179,10,3455,2,18000,1.00289435601
445751,445760,449045,9,3285,2,18000,1.00273972603
445839,445848,449361,9,3513,2,18000,1.00256191289
445970,445976,449220,6,3244,2,18000,1.00184956843
445995,446005,449536,10,3531,2,18000,1.00283205891
446032,446042,449571,10,3529,2,18000,1.00283366393
446091,446099,449183,8,3084,2,18000,1.00259403372
446119,446129,449735,10,3606,2,18000,1.00277315585
446135,446141,449741,6,3600,2,18000,1.00166666667
446307,446317,449837,10,3520,2,18000,1.00284090909
446330,446337,449750,7,3413,2,18000,1.00205098154
446396,446404,449451,8,3047,2,18000,1.00262553331
446412,446419,450185,7,3766,2,18000,1.00185873606
446631,446640,449929,9,3289,2,18000,1.00273639404
446721,446728,447148,7,420,1,1200,1.01666666667
446917,446925,450560,8,3635,2,18000,1.00220082531
447032,447038,450195,6,3157,2,18000,1.00190053849
447033,447044,450425,11,3381,2,18000,1.0032534753
447183,447191,450541,8,3350,2,18000,1.0023880597
447221,447231,450715,10,3484,2,18000,1.00287026406
447253,447262,450873,9,3611,2,18000,1.00249238438
447351,447358,450610,7,3252,2,18000,1.00215252153
447397,447408,450863,11,3455,2,18000,1.00318379161
447463,447473,451046,10,3573,2,18000,1.00279876854
447658,447667,450972,9,3305,2,18000,1.00272314675
447681,447691,451245,10,3554,2,18000,1.00281373101
447699,447705,451208,6,3503,2,18000,1.00171281758
447700,447711,451048,11,3337,2,18000,1.00329637399
447727,447733,451364,6,3631,2,18000,1.00165243735
447751,447757,451210,6,3453,2,18000,1.00173761946
448004,448012,451258,8,3246,2,18000,1.00246457178
448085,448095,451662,10,3567,2,18000,1.00280347631
448114,448123,451428,9,3305,2,18000,1.00272314675
448129,448136,451343,7,3207,2,18000,1.00218272529
448208,448216,451726,8,3510,2,18000,1.00227920228
448233,448243,451791,10,3548,2,18000,1.00281848929
448467,448475,451774,8,3299,2,18000,1.00242497727
448665,448671,448783,6,112,1,1800,1.05357142857
448900,448912,452251,12,3339,2,18000,1.00359389039
449042,449052,452703,10,3651,2,18000,1.00273897562
449057,449064,452565,7,3501,2,18000,1.00199942873
449114,449120,449229,6,109,1,1800,1.05504587156
449182,449190,452859,8,3669,2,18000,1.00218043064
449198,449204,452608,6,3404,2,18000,1.0017626322
449224,449231,452683,7,3452,2,18000,1.00202780997
449259,449267,453050,8,3783,2,18000,1.00211472376
449277,449287,452883,10,3596,2,18000,1.00278086763
449363,449372,452522,9,3150,2,18000,1.00285714286
449454,449462,453167,8,3705,2,18000,1.00215924426
449538,449548,453118,10,3570,2,18000,1.00280112045
449573,449582,453011,9,3429,2,18000,1.00262467192
449736,449746,453121,10,3375,2,18000,1.00296296296
449752,449758,453231,6,3473,2,18000,1.00172761301
449753,449764,452953,11,3189,2,18000,1.00344935717
449840,449848,453399,8,3551,2,18000,1.00225288651
449858,449864,450348,6,484,1,1800,1.01239669421
449933,449941,453075,8,3134,2,18000,1.00255264837
450187,450196,453099,9,2903,2,18000,1.00310024113
450203,450209,453542,6,3333,2,18000,1.00180018002
450424,450436,454134,12,3698,2,18000,1.0032449973
450542,450552,453805,10,3253,2,18000,1.00307408546
450561,450571,453902,10,3331,2,18000,1.00300210147
450610,450621,454038,11,3417,2,18000,1.00321919813
450719,450727,454011,8,3284,2,18000,1.00243605359
450867,450874,454540,7,3666,2,18000,1.00190943808
450882,450888,454233,6,3345,2,18000,1.00179372197
450974,450984,454737,10,3753,2,18000,1.00266453504
451049,451057,454397,8,3340,2,18000,1.00239520958
451050,451063,454636,13,3573,2,18000,1.0036383991
451213,451219,454434,6,3215,2,18000,1.00186625194
451214,451225,454766,11,3541,2,18000,1.0031064671
451249,451257,454857,8,3600,2,18000,1.00222222222
451265,451271,454832,6,3561,2,18000,1.00168491997
451344,451354,454408,10,3054,2,18000,1.00327439424
451366,451375,455134,9,3759,2,18000,1.00239425379
451429,451439,454869,10,3430,2,18000,1.0029154519
451664,451673,454939,9,3266,2,18000,1.00275566442
451727,451737,455079,10,3342,2,18000,1.00299222023
451779,451785,454803,6,3018,2,18000,1.00198807157
451795,451802,455599,7,3797,2,18000,1.00184356071
451986,451992,452038,6,46,1,1800,1.13043478261
452254,452263,455300,9,3037,2,18000,1.00296345077
452326,452332,452410,6,78,1,1800,1.07692307692
452524,452533,456277,9,3744,2,18000,1.00240384615
452568,452576,455595,8,3019,2,18000,1.00264988407
452608,452619,455894,11,3275,2,18000,1.00335877863
452687,452694,456158,7,3464,2,18000,1.00202078522
452705,452714,455987,9,3273,2,18000,1.00274977085
452863,452870,455953,7,3083,2,18000,1.00227051573
452886,452894,456355,8,3461,2,18000,1.00231147067
452924,452930,453162,6,232,1,1800,1.02586206897
452956,452964,456615,8,3651,2,18000,1.0021911805
453013,453022,456686,9,3664,2,18000,1.00245633188
453054,453062,456510,8,3448,2,18000,1.00232018561
453077,453086,456592,9,3506,2,18000,1.00256702795
453102,453110,456457,8,3347,2,18000,1.00239020018
453121,453129,456616,8,3487,2,18000,1.00229423573
453137,453143,456633,6,3490,2,18000,1.00171919771
453168,453179,456724,11,3545,2,18000,1.00310296192
453234,453242,456792,8,3550,2,18000,1.00225352113
453396,453410,456617,14,3207,2,18000,1.00436545058
453544,453553,457038,9,3485,2,18000,1.00258249641
453807,453817,457189,10,3372,2,18000,1.00296559905
453904,453913,457408,9,3495,2,18000,1.0025751073
454012,454022,457615,10,3593,2,18000,1.00278318954
454039,454050,457736,11,3686,2,18000,1.00298426479
454138,454145,457780,7,3635,2,18000,1.00192572215
454234,454244,457921,10,3677,2,18000,1.00271960838
454402,454408,457539,6,3131,2,18000,1.00191632066
454417,454423,457908,6,3485,2,18000,1.00172166428
454435,454445,458162,10,3717,2,18000,1.00269034167
454499,454505,454529,6,24,1,1800,1.25
454541,454551,457803,10,3252,2,18000,1.00307503075
454636,454647,457849,11,3202,2,18000,1.0034353529
454740,454749,458272,9,3523,2,18000,1.00255464093
454768,454777,458210,9,3433,2,18000,1.00262161375
454807,454814,458490,7,3676,2,18000,1.00190424374
454835,454843,458163,8,3320,2,18000,1.00240963855
454839,454849,454907,10,58,1,1800,1.1724137931
454859,454868,458478,9,3610,2,18000,1.00249307479
454876,454882,458212,6,3330,2,18000,1.0018018018
454944,454950,458409,6,3459,2,18000,1.00173460538
455081,455091,458707,10,3616,2,18000,1.00276548673
455136,455146,458473,10,3327,2,18000,1.00300571085
455301,455311,458910,10,3599,2,18000,1.0027785496
455598,455606,459108,8,3502,2,18000,1.00228440891
455613,455619,459286,6,3667,2,18000,1.00163621489
455667,455673,455806,6,133,1,1800,1.04511278195
455897,455906,459085,9,3179,2,18000,1.00283107896
455957,455964,459734,7,3770,2,18000,1.00185676393
455989,455998,459308,9,3310,2,18000,1.00271903323
456160,456169,459345,9,3176,2,18000,1.00283375315
456280,456288,459632,8,3344,2,18000,1.0023923445
456358,456367,459729,9,3362,2,18000,1.00267697799
456459,456469,460087,10,3618,2,18000,1.00276395799
456513,456521,459598,8,3077,2,18000,1.002599935
456594,456603,460263,9,3660,2,18000,1.00245901639
456616,456626,460209,10,3583,2,18000,1.0027909573
456618,456632,460227,14,3595,2,18000,1.00389429764
456635,456641,460333,6,3692,2,18000,1.00162513543
456636,456647,459899,11,3252,2,18000,1.00338253383
456690,456697,460199,7,3502,2,18000,1.0019988578
456727,456735,460275,8,3540,2,18000,1.00225988701
456795,456803,460371,8,3568,2,18000,1.00224215247
457040,457050,460253,10,3203,2,18000,1.00312207306
457192,457200,460647,8,3447,2,18000,1.00232085872
457410,457419,460786,9,3367,2,18000,1.00267300267
457540,457550,461111,10,3561,2,18000,1.00280819994
457620,457627,461178,7,3551,2,18000,1.0019712757
457738,457748,461303,10,3555,2,18000,1.00281293952
457786,457791,461086,5,3295,2,18000,1.00151745068
457804,457814,461405,10,3591,2,18000,1.00278473963
457854,457860,461555,6,3695,2,18000,1.00162381597
457913,457919,461609,6,3690,2,18000,1.00162601626
457930,457937,461424,7,3487,2,18000,1.00200745627
458165,458173,461902,8,3729,2,18000,1.00214534728
458166,458179,461405,13,3226,2,18000,1.00402975821
458217,458223,461725,6,3502,2,18000,1.00171330668
458218,458229,461921,11,3692,2,18000,1.00297941495
458275,458284,461735,9,3451,2,18000,1.00260793973
458412,458420,461426,8,3006,2,18000,1.00266134398
458477,458484,462126,7,3642,2,18000,1.00192202087
458493,458499,462034,6,3535,2,18000,1.00169731259
458494,458505,462054,11,3549,2,18000,1.00309946464
458709,458718,462369,9,3651,2,18000,1.00246507806
458910,458921,462471,11,3550,2,18000,1.00309859155
459089,459096,462626,7,3530,2,18000,1.00198300283
459112,459119,462541,7,3422,2,18000,1.00204558738
459288,459297,462826,9,3529,2,18000,1.00255029753
459310,459319,462928,9,3609,2,18000,1.00249376559
459348,459356,462984,8,3628,2,18000,1.00220507166
459602,459610,463033,8,3423,2,18000,1.00233713117
459636,459644,463148,8,3504,2,18000,1.00228310502
459736,459741,463430,5,3689,2,18000,1.00135538086
459737,459747,462913,10,3166,2,18000,1.0031585597
459903,459910,463442,7,3532,2,18000,1.00198187995
460090,460098,463706,8,3608,2,18000,1.0022172949
460201,460210,463883,9,3673,2,18000,1.0024503131
460217,460223,463983,6,3760,2,18000,1.00159574468
460234,460240,463760,6,3520,2,18000,1.00170454545
460256,460264,463865,8,3601,2,18000,1.00222160511
460271,460277,463375,6,3098,2,18000,1.00193673338
460286,460292,463734,6,3442,2,18000,1.00174317257
460333,460344,463662,11,3318,2,18000,1.00331525015
460387,460393,463916,6,3523,2,18000,1.00170309395
460648,460658,464178,10,3520,2,18000,1.00284090909
460788,460797,464403,9,3606,2,18000,1.00249584027
461087,461097,464254,10,3157,2,18000,1.00316756414
461112,461122,464664,10,3542,2,18000,1.00282326369
461179,461189,464621,10,3432,2,18000,1.00291375291
461305,461314,464706,9,3392,2,18000,1.00265330189
461409,461417,464990,8,3573,2,18000,1.00223901483
461410,461422,465051,12,3629,2,18000,1.00330669606
461426,461435,464769,9,3334,2,18000,1.00269946011
461441,461447,464684,6,3237,2,18000,1.00185356812
461558,461566,464853,8,3287,2,18000,1.00243383024
461613,461620,465164,7,3544,2,18000,1.0019751693
461728,461736,464802,8,3066,2,18000,1.00260926288
461744,461751,464836,7,3085,2,18000,1.00226904376
461903,461913,465459,10,3546,2,18000,1.00282007896
461922,461932,465518,10,3586,2,18000,1.00278862242
462037,462045,465435,8,3390,2,18000,1.00235988201
462056,462066,465842,10,3776,2,18000,1.00264830508
462129,462137,465368,8,3231,2,18000,1.00247601362
462372,462381,465979,9,3598,2,18000,1.00250138966
462474,462482,465951,8,3469,2,18000,1.0023061401
462545,462552,466134,7,3582,2,18000,1.00195421552
462627,462637,466037,10,3400,2,18000,1.00294117647
462831,462837,466371,6,3534,2,18000,1.00169779287
462918,462924,466041,6,3117,2,18000,1.00192492782
462934,462939,466637,5,3698,2,18000,1.00135208221
462988,462996,466358,8,3362,2,18000,1.00237953599
463036,463044,466571,8,3527,2,18000,1.00226821661
463152,463159,466811,7,3652,2,18000,1.00191675794
463377,463386,466812,9,3426,2,18000,1.00262697023
463435,463441,466539,6,3098,2,18000,1.00193673338
463450,463457,467191,7,3734,2,18000,1.00187466524
463664,463673,467196,9,3523,2,18000,1.00255464093
463708,463717,466843,9,3126,2,18000,1.00287907869
463738,463745,467491,7,3746,2,18000,1.0018686599
463763,463771,467101,8,3330,2,18000,1.0024024024
463869,463876,467186,7,3310,2,18000,1.00211480363
463870,463881,465651,11,1770,1,43200,1.00621468927
463885,463894,467359,9,3465,2,18000,1.0025974026
463920,463928,467525,8,3597,2,18000,1.00222407562
463932,463938,465836,6,1898,1,43200,1.00316122234
463986,463994,467446,8,3452,2,18000,1.0023174971
464183,464189,467532,6,3343,2,18000,1.00179479509
464255,464265,467863,10,3598,2,18000,1.00277932185
464334,464340,468114,6,3774,4,7200,1.00158982512
464407,464414,468063,7,3649,2,18000,1.00191833379
464625,464632,467931,7,3299,2,18000,1.00212185511
464667,464675,468045,8,3370,2,18000,1.00237388724
464685,464695,468354,10,3659,2,18000,1.00273298715
464707,464717,468323,10,3606,2,18000,1.00277315585
464771,464780,468180,9,3400,2,18000,1.00264705882
464805,464813,468148,8,3335,2,18000,1.0023988006
464840,464847,468351,7,3504,2,18000,1.00199771689
464855,464864,468440,9,3576,2,18000,1.00251677852
464993,465001,468588,8,3587,2,18000,1.002230276
465053,465062,468641,9,3579,2,18000,1.0025146689
465153,465159,465160,6,1,1,432000,1.0
465166,465175,468534,9,3359,2,18000,1.00267936886
465194,465200,607571,6,142371,1,432000,1.00004214341
465369,465380,468992,11,3612,2,18000,1.00304540421
465438,465447,468950,9,3503,2,18000,1.00256922638
465460,465470,468855,10,3385,2,18000,1.00295420975
465521,465530,468996,9,3466,2,18000,1.0025966532
465845,465853,469100,8,3247,2,18000,1.00246381275
465953,465962,469027,9,3065,2,18000,1.00293637847
465981,465990,469503,9,3513,2,18000,1.00256191289
466040,466049,469570,9,3521,2,18000,1.00255609202
466055,466061,469429,6,3368,2,18000,1.00178147268
466136,466145,469618,9,3473,2,18000,1.00259141952
466360,466369,469948,9,3579,2,18000,1.0025146689
466375,466382,469591,7,3209,2,18000,1.00218136491
466543,466550,469987,7,3437,2,18000,1.00203665988
466575,466583,470183,8,3600,2,18000,1.00222222222
466619,466625,467874,6,1249,1,43200,1.00480384307
466639,466648,469709,9,3061,2,18000,1.00294021562
466673,466679,468327,6,1648,1,43200,1.0036407767
466716,466722,468564,6,1842,2,108000,1.00325732899
466815,466822,470450,7,3628,2,18000,1.00192943771
466817,466828,470097,11,3269,2,18000,1.00336494341
466845,466854,470419,9,3565,2,18000,1.00252454418
466896,466902,466933,6,31,1,600,1.1935483871
467103,467112,470407,9,3295,2,18000,1.00273141123
467191,467198,470631,7,3433,2,18000,1.00203903292
467192,467204,470475,12,3271,2,18000,1.00366860287
467208,467215,470500,7,3285,2,18000,1.00213089802
467362,467370,470744,8,3374,2,18000,1.00237107291
467413,467419,467447,6,28,1,600,1.21428571429
467448,467457,470877,9,3420,2,18000,1.00263157895
467467,467473,467501,6,28,1,4200,1.21428571429
467494,467503,471012,9,3509,2,18000,1.00256483329
467526,467536,471067,10,3531,2,18000,1.00283205891
467541,467547,471196,6,3649,2,18000,1.00164428611
467865,467875,471293,10,3418,2,18000,1.00292568754
467937,467943,471481,6,3538,2,18000,1.00169587337
468049,468056,471669,7,3613,2,18000,1.0019374481
468065,468074,471208,9,3134,2,18000,1.00287172942
468152,468159,471311,7,3152,2,18000,1.00222081218
468183,468191,471689,8,3498,2,18000,1.00228702115
468325,468334,471754,9,3420,2,18000,1.00263157895
468355,468362,471968,7,3606,2,18000,1.0019412091
468356,468368,471874,12,3506,2,18000,1.00342270394
468438,468451,471906,13,3455,2,18000,1.00376266281
468538,468545,472185,7,3640,2,18000,1.00192307692
468592,468599,471991,7,3392,2,18000,1.00206367925
468643,468653,472066,10,3413,2,18000,1.00292997363
468857,468866,472168,9,3302,2,18000,1.00272562084
468947,468954,469775,7,821,2,36000,1.00852618758
468953,468961,472695,8,3734,2,18000,1.00214247456
468994,469003,472190,9,3187,2,18000,1.00282397239
469010,469016,472415,6,3399,2,18000,1.00176522507
469029,469038,472372,9,3334,2,18000,1.00269946011
469040,469046,469109,6,63,3,432000,1.09523809524
469101,469111,472354,10,3243,2,18000,1.0030835646
469129,469135,469137,6,2,3,432000,1.0
469231,469237,522150,6,52913,3,432000,1.00011339368
469432,469440,472574,8,3134,2,18000,1.00255264837
469505,469514,473221,9,3707,2,18000,1.00242783922
469566,469572,667227,6,197655,2,252000,1.00003035592
469572,469581,473066,9,3485,2,18000,1.00258249641
469596,469602,473109,6,3507,2,18000,1.00171086399
469620,469629,473229,9,3600,2,18000,1.0025
469710,469721,472999,11,3278,2,18000,1.0033557047
469954,469960,473069,6,3109,2,18000,1.00192988099
469990,469999,473488,9,3489,2,18000,1.00257953568
470101,470108,473542,7,3434,2,18000,1.00203843914
470176,470182,470199,6,17,4,600,1.35294117647
470185,470199,473705,14,3506,2,18000,1.00399315459
470187,470193,648349,6,178156,2,288000,1.00003367835
470409,470418,474063,9,3645,2,18000,1.0024691358
470425,470430,473880,5,3450,2,18000,1.00144927536
470425,470436,709769,11,239333,2,288000,1.00004596107
470454,470461,473583,7,3122,2,18000,1.00224215247
470477,470486,474046,9,3560,2,18000,1.00252808989
470495,470511,474153,16,3642,2,18000,1.00439319055
470634,470642,474421,8,3779,2,18000,1.00211696216
470747,470755,474342,8,3587,2,18000,1.002230276
470880,470890,474320,10,3430,2,18000,1.0029154519
471014,471023,474740,9,3717,2,18000,1.00242130751
471071,471078,474411,7,3333,2,18000,1.00210021002
471199,471208,474845,9,3637,2,18000,1.00247456695
471215,471221,474821,6,3600,2,18000,1.00166666667
471296,471305,474950,9,3645,2,18000,1.0024691358
471313,471322,474442,9,3120,2,18000,1.00288461538
471484,471492,475164,8,3672,2,18000,1.00217864924
471613,471618,471712,5,94,4,600,1.05319148936
471673,471680,475323,7,3643,2,18000,1.00192149327
471694,471700,475082,6,3382,2,18000,1.00177409817
471755,471766,475403,11,3637,2,18000,1.00302447072
471877,471886,475674,9,3788,2,18000,1.00237592397
471912,471918,475481,6,3563,2,18000,1.00168397418
471970,471979,475457,9,3478,2,18000,1.00258769408
471997,472002,475418,5,3416,2,18000,1.00146370023
472068,472078,475743,10,3665,2,18000,1.00272851296
472171,472179,475392,8,3213,2,18000,1.00248988484
472187,472197,475859,10,3662,2,18000,1.00273074823
472203,472209,475554,6,3345,2,18000,1.00179372197
472288,472294,474211,6,1917,2,43200,1.00312989045
472355,472365,475404,10,3039,2,18000,1.0032905561
472375,472383,476007,8,3624,2,18000,1.00220750552
472406,472412,479545,6,7133,2,43200,1.0008411608
472416,472426,475792,10,3366,2,18000,1.00297088532
472492,472498,568238,6,95740,1,259200,1.00006266973
472495,472504,509878,9,37374,1,259200,1.00024080912
472532,472538,474976,6,2438,2,43200,1.00246103363
472577,472586,476137,9,3551,2,18000,1.00253449732
472698,472707,476265,9,3558,2,18000,1.00252951096
472730,472737,473521,7,784,2,21600,1.00892857143
473001,473011,476686,10,3675,2,18000,1.00272108844
473069,473077,476756,8,3679,2,18000,1.00217450394
473086,473092,476340,6,3248,2,18000,1.00184729064
473111,473120,476657,9,3537,2,18000,1.00254452926
473225,473231,476770,6,3539,2,18000,1.00169539418
473240,473247,476659,7,3412,2,18000,1.00205158265
473290,473296,475665,6,2369,2,21600,1.00253271423
473414,473420,476315,6,2895,2,43200,1.00207253886
473493,473499,477009,6,3510,2,18000,1.00170940171
473521,473527,477546,6,4019,2,43200,1.00149290868
473543,473553,477157,10,3604,2,18000,1.00277469478
473585,473594,476800,9,3206,2,18000,1.00280723643
473620,473627,476013,7,2386,2,43200,1.00293378039
473706,473716,477199,10,3483,2,18000,1.00287108814
473853,473859,476108,6,2249,2,43200,1.00266785238
473884,473890,477604,6,3714,2,18000,1.00161550889
473925,473931,474003,6,72,2,43200,1.08333333333
474010,474016,478244,6,4228,2,43200,1.00141911069
474048,474054,477025,6,2971,2,43200,1.00201952205
474049,474061,477494,12,3433,2,18000,1.003495485
474064,474074,477515,10,3441,2,18000,1.00290613194
474156,474164,477768,8,3604,2,18000,1.00221975583
474324,474331,477728,7,3397,2,18000,1.00206064174
474343,474353,477962,10,3609,2,18000,1.00277085065
474415,474422,477852,7,3430,2,18000,1.00204081633
474431,474438,477801,7,3363,2,18000,1.00208147487
474447,474454,477642,7,3188,2,18000,1.002195734
474492,474498,482826,6,8328,2,21600,1.0007204611
474524,474530,483975,6,9445,4,72000,1.00063525675
474560,474566,476646,6,2080,2,43200,1.00288461538
474635,474642,478782,7,4140,2,43200,1.00169082126
474743,474751,477968,8,3217,2,18000,1.00248678893
474754,474761,477352,7,2591,2,43200,1.00270165959
474825,474832,478307,7,3475,2,18000,1.00201438849
474837,474843,476886,6,2043,2,43200,1.00293685756
474847,474856,478122,9,3266,2,18000,1.00275566442
474907,474913,480430,6,5517,2,43200,1.00108754758
474952,474961,478353,9,3392,2,18000,1.00265330189
475086,475093,478739,7,3646,2,18000,1.00191991223
475136,475142,480037,6,4895,2,21600,1.00122574055
475168,475176,478657,8,3481,2,18000,1.00229819018
475264,475270,513582,6,38312,1,129600,1.0001566089
475265,475276,517603,11,42327,1,129600,1.0002598814
475265,475281,512959,16,37678,1,129600,1.00042465099
475265,475287,512683,22,37396,1,129600,1.00058829821
475266,475297,523313,31,48016,1,129600,1.00064561813
475266,475303,546125,37,70822,1,129600,1.00052243653
475266,475292,516329,26,41037,1,129600,1.00063357458
475266,475308,511609,42,36301,1,129600,1.00115699292
475267,475324,513101,57,37777,1,129600,1.00150885459
475267,475313,509272,46,33959,1,129600,1.00135457463
475267,475329,516417,62,41088,1,129600,1.00150895639
475267,475318,512866,51,37548,1,129600,1.00135826143
475268,475334,525919,66,50585,1,129600,1.00130473461
475269,475340,545304,71,69964,1,129600,1.00101480762
475270,475350,508446,80,33096,1,129600,1.00241721054
475270,475356,509726,86,34370,1,129600,1.00250218214
475270,475345,509854,75,34509,1,129600,1.00217334608
475270,475361,511031,91,35670,1,129600,1.00255116344
475271,475366,513024,95,37658,1,129600,1.00252270434
475271,475377,542144,106,66767,1,129600,1.00158761065
475271,475371,521350,100,45979,1,129600,1.00217490594
475325,475383,479033,58,3650,2,18000,1.01589041096
475395,475403,478686,8,3283,2,18000,1.00243679561
475412,475418,478530,6,3112,2,18000,1.00192802057
475413,475424,478920,11,3496,2,18000,1.00314645309
475428,475435,478761,7,3326,2,18000,1.00210463019
475461,475468,478843,7,3375,2,18000,1.00207407407
475484,475492,478874,8,3382,2,18000,1.00236546422
475557,475565,478687,8,3122,2,18000,1.00256245996
475677,475686,479179,9,3493,2,18000,1.00257658173
475747,475754,479264,7,3510,2,18000,1.00199430199
475794,475803,478920,9,3117,2,18000,1.00288739172
475861,475870,479271,9,3401,2,18000,1.00264628051
476012,476017,479159,5,3142,2,18000,1.00159134309
476012,476024,605651,12,129627,1,129600,1.00009257331
476140,476148,479757,8,3609,2,18000,1.00221668052
476270,476327,480011,57,3684,2,18000,1.0154723127
476342,476351,479839,9,3488,2,18000,1.00258027523
476660,476668,480096,8,3428,2,18000,1.00233372229
476661,476674,480292,13,3618,2,18000,1.00359314538
476692,476697,480092,5,3395,2,18000,1.00147275405
476759,476767,480192,8,3425,2,18000,1.00233576642
476775,476781,480410,6,3629,2,18000,1.00165334803
476801,476811,480174,10,3363,2,18000,1.00297353553
477010,477020,480365,10,3345,2,18000,1.00298953662
477161,477168,480546,7,3378,2,18000,1.00207223209
477202,477211,481026,9,3815,2,18000,1.00235910878
477497,477505,481059,8,3554,2,18000,1.00225098481
477520,477526,481074,6,3548,2,18000,1.00169109357
477607,477615,480839,8,3224,2,18000,1.00248138958
477645,477653,481375,8,3722,2,18000,1.00214938205
477732,477740,481061,8,3321,2,18000,1.00240891298
477769,477779,481324,10,3545,2,18000,1.00282087447
477805,477812,481064,7,3252,2,18000,1.00215252153
477854,477863,481317,9,3454,2,18000,1.00260567458
477964,477973,481379,9,3406,2,18000,1.00264239577
477980,477986,481168,6,3182,2,18000,1.00188560654
478126,478133,481322,7,3189,2,18000,1.00219504547
478309,478318,481740,9,3422,2,18000,1.00263004091
478357,478365,481743,8,3378,2,18000,1.00236826525
478534,478541,481801,7,3260,2,18000,1.00214723926
478661,478668,481748,7,3080,2,18000,1.00227272727
478688,478698,482156,10,3458,2,18000,1.002891845
478689,478703,482149,14,3446,2,18000,1.00406268137
478742,478750,482122,8,3372,2,18000,1.00237247924
478765,478773,482164,8,3391,2,18000,1.00235918608
478848,478854,482452,6,3598,2,18000,1.00166759311
478877,478887,482428,10,3541,2,18000,1.002824061
478921,478930,482653,9,3723,2,18000,1.00241740532
478922,478936,482361,14,3425,2,18000,1.00408759124
479035,479044,482536,9,3492,2,18000,1.00257731959
479163,479170,482762,7,3592,2,18000,1.00194877506
479184,479190,482507,6,3317,2,18000,1.00180886343
479266,479275,482951,9,3676,2,18000,1.00244831338
479282,479288,482604,6,3316,2,18000,1.00180940893
479760,479768,482909,8,3141,2,18000,1.00254695957
479843,479851,483487,8,3636,2,18000,1.00220022002
480013,480023,483472,10,3449,2,18000,1.00289939113
480094,480103,483419,9,3316,2,18000,1.00271411339
480110,480116,483239,6,3123,2,18000,1.00192122959
480177,480186,483650,9,3464,2,18000,1.00259815242
480193,480203,483336,10,3133,2,18000,1.00319182892
480208,480214,482361,6,2147,2,43200,1.00279459711
480295,480303,483951,8,3648,2,18000,1.00219298246
480318,480324,483266,6,2942,2,43200,1.00203942896
480368,480376,483732,8,3356,2,18000,1.00238379023
480413,480421,483923,8,3502,2,18000,1.00228440891
480453,480459,485441,6,4982,2,43200,1.00120433561
480468,480474,483077,6,2603,2,43200,1.00230503265
480549,480558,484216,9,3658,2,18000,1.00246036085
480694,480700,484354,6,3654,2,43200,1.00164203612
480713,480719,486887,6,6168,2,43200,1.00097276265
480735,480741,483807,6,3066,2,43200,1.00195694716
480833,480839,489208,6,8369,2,21600,1.00071693153
480842,480851,484064,9,3213,2,18000,1.00280112045
481031,481037,484640,6,3603,2,18000,1.00166527893
481062,481070,484297,8,3227,2,18000,1.00247908274
481063,481076,484420,13,3344,2,18000,1.00388755981
481079,481085,484670,6,3585,2,18000,1.00167364017
481080,481091,484627,11,3536,2,18000,1.00311085973
481172,481180,484820,8,3640,2,18000,1.0021978022
481320,481328,484785,8,3457,2,18000,1.00231414521
481335,481341,484807,6,3466,2,18000,1.00173110214
481337,481347,485008,10,3661,2,18000,1.00273149413
481378,481386,484579,8,3193,2,18000,1.00250548074
481394,481401,485004,7,3603,2,18000,1.00194282542
481742,481751,485099,9,3348,2,18000,1.00268817204
481758,481764,485490,6,3726,2,18000,1.00161030596
481759,481770,485352,11,3582,2,18000,1.00307091011
481808,481814,485470,6,3656,2,18000,1.00164113786
482126,482133,485644,7,3511,2,18000,1.00199373398
482151,482160,485938,9,3778,2,18000,1.00238221281
482166,482172,485587,6,3415,2,18000,1.00175695461
482167,482178,485565,11,3387,2,18000,1.00324771184
482363,482372,485767,9,3395,2,18000,1.00265095729
482431,482439,485784,8,3345,2,18000,1.0023916293
482454,482463,486027,9,3564,2,18000,1.00252525253
482510,482518,485857,8,3339,2,18000,1.00239592692
482539,482548,486079,9,3531,2,18000,1.00254885302
482607,482615,485950,8,3335,2,18000,1.0023988006
482657,482665,486322,8,3657,2,18000,1.00218758545
482759,482773,486123,14,3350,2,18000,1.00417910448
482912,482920,486293,8,3373,2,18000,1.00237177587
482953,482962,486525,9,3563,2,18000,1.00252596127
483212,483218,485809,6,2591,2,21600,1.00231570822
483242,483250,486567,8,3317,2,18000,1.00241181791
483337,483347,486974,10,3627,2,18000,1.00275709953
483420,483430,486686,10,3256,2,18000,1.00307125307
483473,483484,487011,11,3527,2,18000,1.00311879785
483490,483499,486990,9,3491,2,18000,1.00257805786
483507,483523,483526,16,3,1,129600,1.9
483507,483518,483520,11,2,1,129600,1.3
483507,483513,483515,6,2,1,129600,1.0
483508,483539,483541,31,2,1,129600,3.3
483508,483545,483546,37,1,1,129600,3.8
483508,483529,483530,21,1,1,129600,2.2
483508,483534,483537,26,3,1,129600,2.9
483509,483550,483552,41,2,1,129600,4.3
483509,483555,483557,46,2,1,129600,4.8
483509,483560,483563,51,3,1,129600,5.4
483509,483565,483581,56,16,1,129600,4.5
483509,483571,483581,62,10,1,129600,7.2
483579,483585,613208,6,129623,1,129600,1.00004628808
483580,483596,613208,16,129612,1,129600,1.00012344536
483580,483591,613241,11,129650,1,129600,1.00008484381
483581,483601,613223,20,129622,1,129600,1.0001542948
483581,483607,613234,26,129627,1,129600,1.0002005755
483582,483612,613246,30,129634,1,129600,1.00023142077
483582,483622,613258,40,129636,1,129600,1.00030855627
483582,483617,613247,35,129630,1,129600,1.00026999923
483583,483643,613293,60,129650,1,129600,1.00046278442
483583,483632,613264,49,129632,1,129600,1.00037799309
483583,483627,613257,44,129630,1,129600,1.0003394276
483583,483638,613247,55,129609,1,129600,1.00042435325
483595,483649,483687,54,38,1,7200,2.42105263158
483652,483661,487067,9,3406,2,18000,1.00264239577
483733,483743,486987,10,3244,2,18000,1.00308261406
483923,483934,487104,11,3170,2,18000,1.00347003155
483953,483962,487274,9,3312,2,18000,1.0027173913
484067,484076,487715,9,3639,2,18000,1.00247320692
484218,484228,487703,10,3475,2,18000,1.00287769784
484299,484308,487832,9,3524,2,18000,1.002553916
484423,484432,487551,9,3119,2,18000,1.00288554024
484544,484550,492485,6,7935,2,21600,1.00075614367
484581,484591,487794,10,3203,2,18000,1.00312207306
484631,484638,488229,7,3591,2,18000,1.00194931774
484647,484653,487874,6,3221,2,18000,1.00186277554
484672,484682,488410,10,3728,2,18000,1.00268240343
484787,484797,488331,10,3534,2,18000,1.00282965478
484810,484818,487997,8,3179,2,18000,1.00251651463
484826,484832,488503,6,3671,2,18000,1.00163443203
485006,485016,488699,10,3683,2,18000,1.00271517784
485021,485028,488333,7,3305,2,18000,1.00211800303
485102,485110,488679,8,3569,2,18000,1.00224152424
485356,485363,488898,7,3535,2,18000,1.00198019802
485473,485481,488923,8,3442,2,18000,1.0023242301
485492,485502,488724,10,3222,2,18000,1.00310366232
485569,485577,488899,8,3322,2,18000,1.00240818784
485592,485598,488834,6,3236,2,18000,1.00185414091
485645,485655,488822,10,3167,2,18000,1.00315756236
485770,485778,489181,8,3403,2,18000,1.00235086688
485786,485795,489517,9,3722,2,18000,1.00241805481
485846,485852,485865,6,13,1,7200,1.46153846154
485861,485868,489227,7,3359,2,18000,1.00208395356
485940,485950,489374,10,3424,2,18000,1.00292056075
485956,485961,489246,5,3285,2,18000,1.00152207002
485999,486005,486054,6,49,1,7200,1.12244897959
486028,486038,489465,10,3427,2,18000,1.00291800409
486080,486090,489643,10,3553,2,18000,1.00281452294
486124,486134,489265,10,3131,2,18000,1.00319386777
486297,486305,489951,8,3646,2,18000,1.00219418541
486323,486333,489621,10,3288,2,18000,1.00304136253
486527,486536,489713,9,3177,2,18000,1.00283286119
486573,486579,490252,6,3673,2,18000,1.00163354206
486687,486697,490174,10,3477,2,18000,1.00287604257
486978,486985,490423,7,3438,2,18000,1.00203606748
486995,487001,490672,6,3671,2,18000,1.00163443203
486997,487007,490401,10,3394,2,18000,1.00294637596
487012,487022,490621,10,3599,2,18000,1.0027785496
487024,487031,490669,7,3638,1,259200,1.00192413414
487071,487078,490788,7,3710,2,18000,1.00188679245
487102,487108,490512,6,3404,1,7200,1.0017626322
487107,487115,490551,8,3436,2,18000,1.00232828871
487283,487293,490799,10,3506,2,18000,1.00285225328
487644,487650,487654,6,4,2,36000,1.0
487805,487816,487820,11,4,2,36000,1.5
487805,487811,487814,6,3,2,36000,1.0
487806,487822,487826,16,4,2,36000,2.0
487806,487827,487831,21,4,2,36000,2.5
487951,487957,494953,6,6996,2,21600,1.00085763293
487967,487973,490277,6,2304,2,36000,1.00260416667
487967,487978,490278,11,2300,2,36000,1.0047826087
487968,487994,490300,26,2306,2,36000,1.01127493495
487968,487999,490305,31,2306,2,36000,1.01344319167
487968,487989,490298,21,2309,2,36000,1.00909484625
487968,487983,490292,15,2309,2,36000,1.00649631875
489192,489198,492535,6,3337,2,18000,1.00179802218
489229,489236,492387,7,3151,2,18000,1.00222151698
489248,489255,492898,7,3643,2,18000,1.00192149327
489267,489273,493020,6,3747,2,18000,1.00160128102
489376,489383,492499,7,3116,2,18000,1.00224646983
489468,489474,492590,6,3116,2,18000,1.00192554557
489519,489525,492594,6,3069,2,18000,1.00195503421
489624,489630,493134,6,3504,2,18000,1.00171232877
489646,489652,493259,6,3607,2,18000,1.00166343222
489717,489723,493191,6,3468,2,18000,1.00173010381
489958,489964,493058,6,3094,2,18000,1.00193923723
490139,490155,491679,16,1524,2,36000,1.01049868766
490139,490150,491650,11,1500,2,36000,1.00733333333
490139,490145,491647,6,1502,2,36000,1.00399467377
490140,490176,491679,36,1503,2,36000,1.02395209581
490140,490166,491668,26,1502,2,36000,1.017310253
490140,490171,491687,31,1516,2,36000,1.02044854881
490140,490161,491665,21,1504,2,36000,1.01396276596
490141,490187,491686,46,1499,2,36000,1.03068712475
490141,490202,491706,61,1504,2,36000,1.04055851064
490141,490197,491700,56,1503,2,36000,1.0372588157
490141,490192,491695,51,1503,2,36000,1.03393213573
490141,490181,491683,40,1502,2,36000,1.02663115846
490142,490212,491718,70,1506,2,36000,1.04648074369
490142,490207,491713,65,1506,2,36000,1.04316069057
490177,490219,493896,42,3677,2,18000,1.01142235518
490254,490263,493765,9,3502,2,18000,1.00256996002
490405,490411,493610,6,3199,2,18000,1.00187558612
490424,490430,493956,6,3526,2,18000,1.00170164492
490554,490560,494161,6,3601,2,18000,1.00166620383
490622,490629,494405,7,3776,2,18000,1.00185381356
490672,490678,494416,6,3738,2,18000,1.00160513644
490791,490797,494443,6,3646,2,18000,1.00164563906
490806,490812,494472,6,3660,2,18000,1.00163934426
491211,491222,492155,11,933,1,180000,1.01178992497
491211,491227,492423,16,1196,1,180000,1.01337792642
491211,491217,491731,6,514,1,180000,1.01167315175
491212,491238,492081,26,843,1,180000,1.03084223013
491212,491233,491649,21,416,1,180000,1.05048076923
491212,491243,492345,31,1102,1,180000,1.02813067151
491212,491254,491300,42,46,1,180000,1.91304347826
491212,491249,491367,37,118,1,180000,1.31355932203
491213,491264,491343,51,79,1,180000,1.64556962025
491213,491259,491274,46,15,1,180000,4.06666666667
491213,491275,491327,62,52,1,180000,2.19230769231
491213,491269,491534,56,265,1,180000,1.21132075472
491213,491281,491420,68,139,1,180000,1.48920863309
491214,491297,491864,83,567,1,180000,1.14638447972
491214,491307,492025,93,718,1,180000,1.1295264624
491214,491313,492357,99,1044,1,180000,1.09482758621
491214,491292,492131,78,839,1,180000,1.09296781883
491214,491302,492622,88,1320,1,180000,1.06666666667
491214,491286,491627,72,341,1,180000,1.21114369501
491215,491333,493065,118,1732,1,180000,1.06812933025
491215,491318,498373,103,7055,1,180000,1.01459957477
491215,491323,496537,108,5214,1,180000,1.02071346375
491215,491328,506603,113,15275,1,180000,1.00739770867
491215,491339,496169,124,4830,1,180000,1.02567287785
491216,491349,491381,133,32,1,180000,5.15625
491216,491344,496783,128,5439,1,180000,1.02353373782
491216,491354,491377,138,23,1,180000,7.0
491216,491360,491383,144,23,1,180000,7.26086956522
491216,491366,491426,150,60,1,180000,3.5
491217,491371,500786,154,9415,1,180000,1.01635687732
491217,491382,507935,165,16553,1,180000,1.00996798163
491217,491387,492910,170,1523,1,180000,1.11162179908
491217,491392,491480,175,88,1,180000,2.98863636364
491217,491377,497277,160,5900,1,180000,1.02711864407
491218,491413,499773,195,8360,1,180000,1.02332535885
491218,491408,495448,190,4040,1,180000,1.04702970297
491218,491397,491530,179,133,1,180000,2.34586466165
491218,491403,491519,185,116,1,180000,2.59482758621
491523,491529,498147,6,6618,2,21600,1.00090661831
491657,491663,493172,6,1509,2,36000,1.00397614314
491658,491685,493181,27,1496,2,36000,1.01804812834
491658,491678,493184,20,1506,2,36000,1.01328021248
491658,491690,493191,32,1501,2,36000,1.02131912059
491658,491668,493165,10,1497,2,36000,1.00668002672
491659,491696,493196,37,1500,2,36000,1.02466666667
491661,491701,493203,40,1502,2,36000,1.02663115846
491661,491706,493205,45,1499,2,36000,1.03002001334
491672,491711,493207,39,1496,2,36000,1.02606951872
491677,491716,493212,39,1496,2,36000,1.02606951872
491688,491728,493224,40,1496,2,36000,1.02673796791
491688,491723,493217,35,1494,2,36000,1.0234270415
491693,491733,493231,40,1498,2,36000,1.02670226969
491694,491743,493247,49,1504,2,36000,1.03257978723
491694,491738,493239,44,1501,2,36000,1.02931379081
491704,491748,493244,44,1496,2,36000,1.02941176471
491710,491754,493254,44,1500,2,36000,1.02933333333
491715,491759,493257,44,1498,2,36000,1.02937249666
491721,491765,493240,44,1475,2,36000,1.02983050847
491726,491770,493223,44,1453,2,36000,1.03028217481
492396,492402,493899,6,1497,2,36000,1.00400801603
492399,492510,495994,111,3484,2,18000,1.03185993111
492502,492546,495855,44,3309,2,18000,1.0132970686
492538,492601,496259,63,3658,2,18000,1.01722252597
492580,492586,498768,6,6182,2,21600,1.00097055969
492593,492607,496292,14,3685,2,18000,1.00379918589
492609,492910,496518,301,3608,2,18000,1.08342572062
492901,493031,496586,130,3555,2,18000,1.03656821378
493024,493069,496660,45,3591,2,18000,1.01253132832
493037,493043,501834,6,8791,2,21600,1.00068251621
493063,493145,496808,82,3663,2,18000,1.02238602239
493137,493176,496463,39,3287,2,18000,1.01186492242
493188,493194,494666,6,1472,2,36000,1.00407608696
493189,493200,494698,11,1498,2,36000,1.00734312417
493192,493205,496632,13,3427,2,18000,1.00379340531
493199,493210,494714,11,1504,2,36000,1.00731382979
493200,493216,494715,16,1499,2,36000,1.01067378252
493205,493222,494737,17,1515,2,36000,1.01122112211
493210,493228,494724,18,1496,2,36000,1.01203208556
493211,493233,494737,22,1504,2,36000,1.01462765957
493216,493238,494741,22,1503,2,36000,1.01463739188
493221,493244,494751,23,1507,2,36000,1.01526211015
493228,493249,494751,21,1502,2,36000,1.01398135819
493233,493255,494755,22,1500,2,36000,1.01466666667
493234,493260,494760,26,1500,2,36000,1.01733333333
493239,493266,494765,27,1499,2,36000,1.01801200801
493245,493271,494770,26,1499,2,36000,1.0173448966
493250,493277,494782,27,1505,2,36000,1.01794019934
493250,493282,494781,32,1499,2,36000,1.02134756504
493256,493287,494783,31,1496,2,36000,1.02072192513
493260,493292,496570,32,3278,2,18000,1.00976205003
493266,493303,494804,37,1501,2,36000,1.02465023318
493266,493298,494797,32,1499,2,36000,1.02134756504
493614,493621,496946,7,3325,2,18000,1.00210526316
493767,493776,496946,9,3170,2,18000,1.00283911672
493799,493805,515726,6,21921,1,86400,1.00027371014
493894,493907,496946,13,3039,2,18000,1.00427772294
493905,493913,495411,8,1498,2,36000,1.00534045394
493914,493920,503239,6,9319,2,108000,1.00064384591
493960,493968,496946,8,2978,2,18000,1.00268636669
494101,494107,494118,6,11,1,259200,1.54545454545
494162,494172,496946,10,2774,2,18000,1.00360490267
494416,494422,496946,6,2524,2,18000,1.00237717908
494433,494439,496946,6,2507,2,18000,1.00239329876
494448,494454,496946,6,2492,2,18000,1.00240770465
494473,494483,496946,10,2463,2,18000,1.00406008932
494675,494681,495674,6,993,2,36000,1.00604229607
494696,494702,503892,6,9190,2,108000,1.00065288357
494708,494714,495674,6,960,2,36000,1.00625
494723,494729,495674,6,945,2,36000,1.00634920635
494724,494734,495674,10,940,2,36000,1.01063829787
494768,494774,495674,6,900,2,36000,1.00666666667
494769,494779,495674,10,895,2,36000,1.01117318436
494769,494791,495674,22,883,2,36000,1.02491506229
494769,494796,495674,27,878,2,36000,1.03075170843
494769,494785,495674,16,889,2,36000,1.01799775028
494770,494801,495674,31,873,2,36000,1.03550973654
494772,494807,495674,35,867,2,36000,1.04036908881
494772,494812,495674,40,862,2,36000,1.0464037123
494773,494817,495674,44,857,2,36000,1.05134189032
494778,494822,495674,44,852,2,36000,1.05164319249
494788,494828,495674,40,846,2,36000,1.04728132388
494789,494833,495674,44,841,2,36000,1.05231866825
494789,494839,495674,50,835,2,36000,1.05988023952
494805,494844,495674,39,830,2,36000,1.04698795181
494810,494849,495674,39,825,2,36000,1.04727272727
495321,495327,504043,6,8716,2,108000,1.00068838917
495422,495428,495674,6,246,2,36000,1.0243902439
495734,495740,496946,6,1206,2,36000,1.00497512438
495734,495745,496946,11,1201,2,36000,1.00915903414
495735,495766,496946,31,1180,2,36000,1.02627118644
495735,495761,496946,26,1185,2,36000,1.02194092827
495735,495756,496946,21,1190,2,36000,1.01764705882
495735,495751,496946,16,1195,2,36000,1.01338912134
495736,495777,496946,41,1169,2,36000,1.03507271172
495736,495782,496946,46,1164,2,36000,1.03951890034
495736,495787,496946,51,1159,2,36000,1.04400345125
495736,495771,496946,35,1175,2,36000,1.02978723404
495736,495792,496946,56,1154,2,36000,1.04852686308
495737,495797,496946,60,1149,2,36000,1.05221932115
495737,495802,496946,65,1144,2,36000,1.05681818182
495737,495812,496946,75,1134,2,36000,1.06613756614
495737,495818,496946,81,1128,2,36000,1.07180851064
495737,495807,496946,70,1139,2,36000,1.06145741879
495738,495833,496946,95,1113,2,36000,1.08535489668
495738,495828,496946,90,1118,2,36000,1.08050089445
495738,495823,496946,85,1123,2,36000,1.07569011576
495738,495838,496946,100,1108,2,36000,1.09025270758
495858,495866,496946,8,1080,2,18000,1.00740740741
495996,496005,496946,9,941,2,18000,1.0095642933
496098,496104,496878,6,774,1,360000,1.00775193798
496099,496126,497515,27,1389,1,360000,1.01943844492
496099,496110,496784,11,674,1,360000,1.01632047478
496099,496115,501974,16,5859,1,360000,1.00273084144
496099,496121,497365,22,1244,1,360000,1.01768488746
496100,496137,496771,37,634,1,360000,1.05835962145
496100,496142,496780,42,638,1,360000,1.065830721
496100,496131,497235,31,1104,1,360000,1.02807971014
496263,496271,496946,8,675,2,18000,1.01185185185
496294,496303,496946,9,643,2,18000,1.01399688958
496347,496354,515014,7,18660,2,72000,1.00037513398
496466,496474,496946,8,472,2,18000,1.01694915254
496518,496529,496946,11,417,2,18000,1.02637889688
496571,496581,496946,10,365,2,18000,1.02739726027
496590,496597,496946,7,349,2,18000,1.02005730659
496633,496643,496946,10,303,2,18000,1.03300330033
496661,496671,496946,10,275,2,18000,1.03636363636
496811,496819,496946,8,127,2,18000,1.06299212598
497271,497287,499746,16,2459,2,36000,1.00650671004
497271,497277,499812,6,2535,2,36000,1.00236686391
497271,497293,499824,22,2531,2,36000,1.00869221652
497271,497282,499848,11,2566,2,36000,1.00428682775
497272,497308,499777,36,2469,2,36000,1.01458080194
497272,497303,499791,31,2488,2,36000,1.01245980707
497272,497319,499874,47,2555,2,36000,1.01839530333
497272,497298,499853,26,2555,2,36000,1.01017612524
497272,497314,499858,42,2544,2,36000,1.01650943396
497273,497345,499876,72,2531,2,36000,1.02844725405
497273,497329,499861,56,2532,2,36000,1.02211690363
497273,497339,499846,66,2507,2,36000,1.0263262864
497273,497324,499782,51,2458,2,36000,1.02074857608
497273,497334,499901,61,2567,2,36000,1.02376314764
497274,497355,499913,81,2558,2,36000,1.03166536357
497274,497350,499919,76,2569,2,36000,1.02958349552
497274,497370,499927,96,2557,2,36000,1.03754399687
497274,497365,499896,91,2531,2,36000,1.03595416831
497274,497360,499892,86,2532,2,36000,1.03396524487
497275,497375,499910,100,2535,2,36000,1.03944773176
497275,497386,499923,111,2537,2,36000,1.04375246354
497275,497391,499924,116,2533,2,36000,1.04579549941
497275,497396,499856,121,2460,2,36000,1.04918699187
497275,497381,499900,106,2519,2,36000,1.04208019055
497276,497417,499979,141,2562,2,36000,1.05503512881
497276,497411,499934,135,2523,2,36000,1.05350772889
497276,497401,499934,125,2533,2,36000,1.0493485985
497276,497406,499963,130,2557,2,36000,1.0508408291
497276,497423,499978,147,2555,2,36000,1.05753424658
497277,497438,499979,161,2541,2,36000,1.06336088154
497277,497428,499940,151,2512,2,36000,1.06011146497
497277,497433,499973,156,2540,2,36000,1.06141732283
497277,497443,500004,166,2561,2,36000,1.0648184303
497278,497459,500025,181,2566,2,36000,1.07053780203
497278,497454,500008,176,2554,2,36000,1.06891151135
497278,497464,500018,186,2554,2,36000,1.07282693814
497278,497469,500024,191,2555,2,36000,1.0747553816
497278,497449,499956,171,2507,2,36000,1.06820901476
497279,497479,499986,200,2507,2,36000,1.07977662545
497279,497474,500003,195,2529,2,36000,1.07710557533
497487,499757,502944,2270,3187,2,18000,1.71226859115
497488,499788,503076,2300,3288,2,18000,1.699513382
497490,499794,502956,2304,3162,2,18000,1.72865275142
497491,499802,503212,2311,3410,2,18000,1.67771260997
497492,499823,503161,2331,3338,2,18000,1.69832234871
497494,499835,503187,2341,3352,2,18000,1.69838902148
497496,499857,503352,2361,3495,2,18000,1.67553648069
497497,499863,503612,2366,3749,2,18000,1.6311016271
497499,499869,503269,2370,3400,2,18000,1.69705882353
497500,499874,503206,2374,3332,2,18000,1.712484994
497502,499879,503620,2377,3741,2,18000,1.63539160652
497503,499885,503002,2382,3117,2,18000,1.76419634264
497505,499890,503499,2385,3609,2,18000,1.6608478803
497507,499896,503611,2389,3715,2,18000,1.64306864065
497508,499903,503451,2395,3548,2,18000,1.67502818489
497510,499909,503436,2399,3527,2,18000,1.68018145733
497511,499915,503609,2404,3694,2,18000,1.65078505685
497512,499920,503613,2408,3693,2,18000,1.65204440834
497514,499926,503241,2412,3315,2,18000,1.72760180995
497515,499931,503480,2416,3549,2,18000,1.68075514229
499928,499937,502437,9,2500,2,36000,1.0036
499933,499943,502424,10,2481,2,36000,1.00403063281
499934,499948,502383,14,2435,2,36000,1.00574948665
499934,499953,502461,19,2508,2,36000,1.00757575758
499940,499959,502323,19,2364,2,36000,1.00803722504
499940,499964,502404,24,2440,2,36000,1.00983606557
499945,499969,502354,24,2385,2,36000,1.01006289308
499989,499995,502548,6,2553,2,36000,1.00235017626
499990,500016,502512,26,2496,2,36000,1.01041666667
499990,500021,502572,31,2551,2,36000,1.01215209722
499990,500006,502561,16,2555,2,36000,1.00626223092
499990,500000,502549,10,2549,2,36000,1.0039231071
499990,500011,502570,21,2559,2,36000,1.0082063306
499998,500027,502571,29,2544,2,36000,1.01139937107
500009,500038,502585,29,2547,2,36000,1.01138594425
500009,500033,502573,24,2540,2,36000,1.0094488189
500015,500043,502417,28,2374,2,36000,1.01179443976
500028,500050,502182,22,2132,2,36000,1.01031894934
500034,500060,501988,26,1928,2,36000,1.01348547718
500034,500055,502411,21,2356,2,36000,1.00891341256
501202,501208,502112,6,904,1,172800,1.00663716814
501469,501475,501484,6,9,1,172800,1.5
501499,501505,503353,6,1848,1,172800,1.00324675325
501996,502002,504571,6,2569,2,36000,1.00233553912
502187,502193,504567,6,2374,2,36000,1.00252737995
502330,502336,504170,6,1834,2,36000,1.00327153762
502361,502368,504414,7,2046,2,36000,1.00342130987
502392,502398,504685,6,2287,2,36000,1.00262352427
502413,502420,504735,7,2315,2,36000,1.0030237581
502419,502426,504768,7,2342,2,36000,1.00298889838
502424,502432,504735,8,2303,2,36000,1.00347372992
502430,502438,504743,8,2305,2,36000,1.00347071584
502445,502452,504719,7,2267,2,36000,1.00308778121
502494,502500,505042,6,2542,2,36000,1.00236034618
502520,502526,505049,6,2523,2,36000,1.00237812128
502558,502569,504953,11,2384,2,36000,1.00461409396
502558,502564,504873,6,2309,2,36000,1.0025985275
502569,502575,504997,6,2422,2,36000,1.00247729149
502580,502596,505103,16,2507,2,36000,1.00638213004
502580,502586,505051,6,2465,2,36000,1.00243407708
502580,502591,505025,11,2434,2,36000,1.00451930978
502581,502602,505106,21,2504,2,36000,1.00838658147
502591,502607,504875,16,2268,2,36000,1.00705467372
502948,502955,506635,7,3680,2,18000,1.00190217391
502963,502969,506031,6,3062,2,18000,1.00195950359
503007,503012,506355,5,3343,2,18000,1.00149566258
503077,503087,506648,10,3561,2,18000,1.00280819994
503164,503173,506331,9,3158,2,18000,1.002849905
503191,503198,506576,7,3378,2,18000,1.00207223209
503196,503204,600254,8,97050,10,468000,1.00008243174
503209,503217,506680,8,3463,2,18000,1.00231013572
503220,503226,505579,6,2353,2,36000,1.00254993625
503224,503252,506788,28,3536,2,18000,1.00791855204
503244,503280,506775,36,3495,2,18000,1.01030042918
503276,503363,506455,87,3092,2,18000,1.02813712807
503353,503447,506985,94,3538,2,18000,1.02656868287
503402,503409,510265,7,6856,1,172800,1.0010210035
503443,503462,507012,19,3550,2,18000,1.00535211268
503459,503491,506523,32,3032,2,18000,1.01055408971
503481,503527,506911,46,3384,2,18000,1.01359338061
503601,503620,507163,19,3543,2,18000,1.00536268699
503620,503636,506096,16,2460,2,36000,1.00650406504
503620,503626,506060,6,2434,2,36000,1.00246507806
503620,503631,506004,11,2373,2,36000,1.00463548251
503626,503642,506072,16,2430,2,36000,1.00658436214
503650,504181,507564,531,3383,2,18000,1.15696127697
503652,504426,507781,774,3355,2,18000,1.23070044709
503653,504578,507781,925,3203,2,18000,1.28879175773
503655,504584,508035,929,3451,2,18000,1.26919733411
503656,504696,508158,1040,3462,2,18000,1.30040439053
503994,504000,870678,6,366678,10,468000,1.00001636313
504730,504736,506722,6,1986,2,36000,1.00302114804
504741,504748,507053,7,2305,2,36000,1.00303687636
504742,504753,506866,11,2113,2,36000,1.00520586843
504753,504759,506968,6,2209,2,36000,1.00271616116
504774,504780,507057,6,2277,2,36000,1.00263504611
504882,504888,507442,6,2554,2,36000,1.00234925607
504882,504893,507444,11,2551,2,36000,1.0043120345
504960,504966,507515,6,2549,2,36000,1.00235386426
505007,505013,507562,6,2549,2,36000,1.00235386426
505033,505040,507605,7,2565,2,36000,1.00272904483
505051,505057,507392,6,2335,2,36000,1.00256959315
505056,505063,507420,7,2357,2,36000,1.00296987696
505057,505068,507361,11,2293,2,36000,1.0047972089
505109,505114,507382,5,2268,2,36000,1.00220458554
505114,505120,507548,6,2428,2,36000,1.00247116969
505585,505591,508110,6,2519,2,36000,1.00238189758
506012,506018,508400,6,2382,2,36000,1.00251889169
506033,506042,509101,9,3059,2,18000,1.00294213795
506066,506071,508561,5,2490,2,36000,1.00200803213
506081,506088,508419,7,2331,2,36000,1.003003003
506102,506109,508169,7,2060,2,36000,1.00339805825
506332,506342,510020,10,3678,2,18000,1.00271886895
506358,506366,509970,8,3604,2,18000,1.00221975583
506458,506466,509730,8,3264,2,18000,1.00245098039
506526,506534,509650,8,3116,2,18000,1.00256739409
506577,506588,509515,11,2927,2,18000,1.00375811411
506640,506646,510147,6,3501,2,18000,1.00171379606
506655,506661,510241,6,3580,2,18000,1.00167597765
506683,506691,510039,8,3348,2,18000,1.00238948626
506728,506734,509183,6,2449,2,36000,1.00244997958
506777,506786,510089,9,3303,2,18000,1.00272479564
506792,506799,510224,7,3425,2,18000,1.00204379562
506877,506883,509429,6,2546,2,36000,1.00235663786
506914,506922,510579,8,3657,2,18000,1.00218758545
506979,506985,509412,6,2427,2,36000,1.00247218789
506987,506996,510118,9,3122,2,18000,1.00288276746
507015,507023,510045,8,3022,2,18000,1.00264725347
507063,507074,509621,11,2547,2,36000,1.00431880644
507063,507068,509378,5,2310,2,36000,1.00216450216
507163,507174,510915,11,3741,2,18000,1.00294039027
507368,507374,509931,6,2557,2,36000,1.0023464998
507388,507395,509924,7,2529,2,36000,1.00276789245
507399,507405,509930,6,2525,2,36000,1.00237623762
507425,507431,509930,6,2499,2,36000,1.00240096038
507451,507457,509950,6,2493,2,36000,1.00240673887
507452,507462,509874,10,2412,2,36000,1.00414593698
507523,507529,509980,6,2451,2,36000,1.00244798042
507554,507560,510056,6,2496,2,36000,1.00240384615
507565,507574,510828,9,3254,2,18000,1.00276582667
507570,507580,510139,10,2559,2,36000,1.00390777648
507611,507616,510044,5,2428,2,36000,1.00205930807
507783,507791,511285,8,3494,2,18000,1.00228963938
507784,507796,510915,12,3119,2,18000,1.00384738698
508037,508047,511161,10,3114,2,18000,1.00321130379
508120,508126,510227,6,2101,2,36000,1.00285578296
508160,508169,511627,9,3458,2,18000,1.0026026605
508208,508214,510762,6,2548,2,36000,1.00235478807
508411,508417,510981,6,2564,2,36000,1.0023400936
508426,508433,510859,7,2426,2,36000,1.00288540808
508569,508575,511007,6,2432,2,36000,1.00246710526
508579,508585,508614,6,29,2,300,1.20689655172
508699,508705,508750,6,45,2,360,1.13333333333
508758,508764,509003,6,239,2,300,1.02510460251
508881,508887,508902,6,15,2,300,1.4
508909,508915,508956,6,41,2,300,1.14634146341
508964,508971,509011,7,40,2,360,1.175
509010,509017,509034,7,17,2,300,1.41176470588
509019,509025,509336,6,311,2,300,1.0192926045
509042,509048,509073,6,25,2,300,1.24
509082,509088,509117,6,29,2,360,1.20689655172
509104,509112,512540,8,3428,2,18000,1.00233372229
509125,509131,509472,6,341,2,360,1.01759530792
509190,509196,511738,6,2542,2,36000,1.00236034618
509350,509356,509605,6,249,2,360,1.02409638554
509388,509394,511712,6,2318,2,36000,1.00258843831
509419,509425,511784,6,2359,2,36000,1.00254345061
509434,509440,511966,6,2526,2,36000,1.00237529691
509486,509492,509731,6,239,2,360,1.02510460251
509517,509527,513258,10,3731,2,18000,1.00268024658
509630,509636,511935,6,2299,2,36000,1.00260983036
509653,509661,512997,8,3336,2,18000,1.00239808153
509733,509741,512860,8,3119,2,18000,1.00256492466
509882,509888,512008,6,2120,2,36000,1.00283018868
509934,509940,512016,6,2076,2,36000,1.00289017341
509940,509947,512189,7,2242,2,36000,1.00312221231
509940,509952,512230,12,2278,2,36000,1.00526777875
509941,509958,511974,17,2016,2,36000,1.00843253968
509957,509964,511995,7,2031,2,36000,1.00344657804
509972,509981,513434,9,3453,2,18000,1.00260642919
509987,509993,512134,6,2141,2,36000,1.00280242877
510022,510031,513016,9,2985,2,18000,1.00301507538
510041,510050,513222,9,3172,2,18000,1.00283732661
510049,510056,512609,7,2553,2,36000,1.00274187231
510055,510062,512612,7,2550,2,36000,1.00274509804
510056,510068,513394,12,3326,2,18000,1.00360793746
510091,510100,513528,9,3428,2,18000,1.00262543757
510122,510129,513718,7,3589,2,18000,1.00195040401
510147,510153,512656,6,2503,2,36000,1.00239712345
510151,510159,513522,8,3363,2,18000,1.00237882843
510225,510235,513306,10,3071,2,18000,1.00325626832
510234,510241,512569,7,2328,2,36000,1.00300687285
510240,510253,513960,13,3707,2,18000,1.00350687888
510581,510590,514014,9,3424,2,18000,1.00262850467
510770,510776,513297,6,2521,2,36000,1.00238000793
510831,510840,514423,9,3583,2,18000,1.00251186157
510867,510873,513382,6,2509,2,36000,1.00239139099
510918,510926,514123,8,3197,2,18000,1.00250234595
510920,510932,514186,12,3254,2,18000,1.0036877689
510989,510995,512909,6,1914,2,36000,1.00313479624
511016,511022,513127,6,2105,2,36000,1.00285035629
511164,511172,514763,8,3591,2,18000,1.0022277917
511288,511297,514831,9,3534,2,18000,1.0025466893
511629,511639,514769,10,3130,2,18000,1.00319488818
511719,511725,514017,6,2292,2,36000,1.00261780105
511745,511751,514085,6,2334,2,36000,1.00257069409
511793,511799,514103,6,2304,2,36000,1.00260416667
511812,511819,511887,7,68,4,3540,1.10294117647
511814,511825,511887,11,62,2,3540,1.17741935484
511913,511919,511987,6,68,2,3540,1.08823529412
511914,511925,511987,11,62,2,3540,1.17741935484
511942,511948,514452,6,2504,2,36000,1.00239616613
511973,511983,514384,10,2401,2,36000,1.00416493128
511984,511989,514478,5,2489,2,36000,1.00200883889
512005,512011,513863,6,1852,2,36000,1.00323974082
512016,512022,514015,6,1993,2,36000,1.00301053688
512021,512028,514147,7,2119,2,36000,1.00330344502
512144,512150,514160,6,2010,2,36000,1.00298507463
512196,512202,514133,6,1931,2,36000,1.00310719834
512271,512277,514798,6,2521,2,36000,1.00238000793
512543,512552,516019,9,3467,2,18000,1.00259590424
512577,512584,514919,7,2335,2,36000,1.00299785867
512619,512630,515135,11,2505,2,36000,1.00439121756
512619,512625,515170,6,2545,2,36000,1.00235756385
512666,512672,515060,6,2388,2,36000,1.00251256281
512862,512871,515942,9,3071,2,18000,1.00293064148
512917,512923,515387,6,2464,2,36000,1.00243506494
512999,513008,516523,9,3515,2,18000,1.00256045519
513017,513027,516607,10,3580,2,18000,1.00279329609
513137,513143,515612,6,2469,2,36000,1.00243013366
513259,513265,515730,6,2465,2,36000,1.00243407708
513261,513271,516880,10,3609,2,18000,1.00277085065
513263,513308,516842,45,3534,2,18000,1.01273344652
513310,513317,516612,7,3295,2,18000,1.00212443096
513392,513398,515507,6,2109,2,36000,1.00284495021
513392,513405,517057,13,3652,2,18000,1.00355969332
513435,513445,516652,10,3207,2,18000,1.00311817898
513523,513533,516737,10,3204,2,18000,1.00312109863
513537,513543,515584,6,2041,2,36000,1.00293973542
513538,513729,517197,191,3468,2,18000,1.05507497116
513721,513874,517244,153,3370,2,18000,1.04540059347
513963,513972,517423,9,3451,2,18000,1.00260793973
514015,514026,517594,11,3568,2,18000,1.00308295964
514022,514032,516434,10,2402,2,36000,1.00416319734
514023,514037,516369,14,2332,2,36000,1.00600343053
514090,514096,516505,6,2409,2,36000,1.00249066002
514111,514117,516453,6,2336,2,36000,1.00256849315
514126,514134,517428,8,3294,2,18000,1.00242865817
514142,514148,516647,6,2499,2,36000,1.00240096038
514153,514160,516588,7,2428,2,36000,1.0028830313
514169,514175,516621,6,2446,2,36000,1.00245298446
514187,514198,517665,11,3467,2,18000,1.00317277185
514390,514396,516919,6,2523,2,36000,1.00237812128
514422,514434,517888,12,3454,2,18000,1.00347423277
514462,514468,516891,6,2423,2,36000,1.00247626909
514488,514494,516857,6,2363,2,36000,1.00253914515
514766,514774,518082,8,3308,2,18000,1.00241837969
514780,514786,517122,6,2336,2,36000,1.00256849315
514782,514809,518192,27,3383,2,18000,1.00798108188
514835,514842,518384,7,3542,2,18000,1.00197628458
514927,514934,517002,7,2068,2,36000,1.00338491296
515068,515074,517009,6,1935,2,36000,1.00310077519
515177,515182,517736,5,2554,2,36000,1.00195771339
515177,515188,517666,11,2478,2,36000,1.00443906376
515396,515403,517807,7,2404,2,36000,1.00291181364
515516,515523,517920,7,2397,2,36000,1.00292031706
515593,515599,518119,6,2520,2,36000,1.00238095238
515619,515625,517723,6,2098,2,36000,1.00285986654
515737,515742,518108,5,2366,2,36000,1.00211327134
515944,515953,519031,9,3078,2,18000,1.00292397661
516021,516030,519626,9,3596,2,18000,1.00250278087
516379,516386,518844,7,2458,2,36000,1.00284784378
516441,516447,518650,6,2203,2,36000,1.00272355878
516462,516468,518769,6,2301,2,36000,1.00260756193
516514,516520,518470,6,1950,2,36000,1.00307692308
516525,516534,520034,9,3500,2,18000,1.00257142857
516594,516600,518583,6,1983,2,36000,1.00302571861
516608,516618,520088,10,3470,2,18000,1.00288184438
516620,516626,518713,6,2087,2,36000,1.00287494011
516623,516632,520342,9,3710,2,18000,1.00242587601
516653,516659,520220,6,3561,2,18000,1.00168491997
516662,516668,518767,6,2099,2,36000,1.00285850405
516738,516748,520254,10,3506,2,18000,1.00285225328
516844,516853,520430,9,3577,2,18000,1.00251607492
516867,516874,519423,7,2549,2,36000,1.00274617497
516881,516891,520670,10,3779,2,18000,1.0026462027
516899,516905,519467,6,2562,2,36000,1.00234192037
516925,516931,519419,6,2488,2,36000,1.00241157556
517012,517018,519493,6,2475,2,36000,1.00242424242
517018,517024,519260,6,2236,2,36000,1.00268336315
517057,517068,520481,11,3413,2,18000,1.00322297099
517132,517139,519445,7,2306,2,36000,1.00303555941
517200,517209,520347,9,3138,2,18000,1.00286806883
517246,517255,520639,9,3384,2,18000,1.00265957447
517425,517434,520770,9,3336,2,18000,1.00269784173
517437,517443,519937,6,2494,2,36000,1.00240577386
517440,517605,521254,165,3649,2,18000,1.04521786791
517591,517677,521185,86,3508,2,18000,1.02451539339
517669,517682,521033,13,3351,2,18000,1.00387943897
517729,517735,520184,6,2449,2,36000,1.00244997958
517745,517751,520012,6,2261,2,36000,1.00265369306
517814,517820,520307,6,2487,2,36000,1.00241254524
517890,517899,521117,9,3218,2,18000,1.00279676818
517925,517931,519891,6,1960,2,36000,1.00306122449
518083,518093,521797,10,3704,2,18000,1.00269978402
518113,518119,520189,6,2070,2,36000,1.00289855072
518125,518131,519984,6,1853,2,36000,1.00323799244
518189,518203,521817,14,3614,2,18000,1.00387382402
518387,518395,521911,8,3516,2,18000,1.00227531286
518475,518481,520842,6,2361,2,36000,1.00254129606
518593,518599,521108,6,2509,2,36000,1.00239139099
518659,518665,521221,6,2556,2,36000,1.00234741784
518721,518727,521154,6,2427,2,36000,1.00247218789
518772,518778,521265,6,2487,2,36000,1.00241254524
518778,518784,521225,6,2441,2,36000,1.00245800901
518852,518858,521169,6,2311,2,36000,1.00259627867
519034,519043,522310,9,3267,2,18000,1.00275482094
519270,519276,521758,6,2482,2,36000,1.00241740532
519428,519434,521885,6,2451,2,36000,1.00244798042
519433,519440,521774,7,2334,2,36000,1.0029991431
519454,519460,521732,6,2272,2,36000,1.00264084507
519476,519482,521883,6,2401,2,36000,1.00249895877
519499,519505,522005,6,2500,2,36000,1.0024
519630,519638,523173,8,3535,2,18000,1.00226308345
519898,519904,522127,6,2223,2,36000,1.00269905533
519945,519951,522126,6,2175,2,36000,1.00275862069
519992,519998,522091,6,2093,2,36000,1.00286669852
520018,520024,521931,6,1907,2,36000,1.00314630309
520035,520045,523596,10,3551,2,18000,1.00281610814
520092,520099,523844,7,3745,2,18000,1.00186915888
520223,520229,523633,6,3404,2,18000,1.0017626322
520232,520238,522692,6,2454,2,36000,1.00244498778
520232,520243,522657,11,2414,2,36000,1.00455675228
520257,520265,523713,8,3448,2,18000,1.00232018561
520314,520320,522837,6,2517,2,36000,1.00238379023
520343,520354,523505,11,3151,2,18000,1.00349095525
520355,520361,522894,6,2533,2,36000,1.00236873273
520358,520441,523798,83,3357,2,18000,1.02472445636
520431,520681,524012,250,3331,2,18000,1.07505253678
520483,520493,523589,10,3096,2,18000,1.00322997416
520640,520651,524205,11,3554,2,18000,1.00309510411
520671,520782,524290,111,3508,2,18000,1.03164196123
520772,520853,524401,81,3548,2,18000,1.02282976325
521035,521044,524147,9,3103,2,18000,1.00290041895
521117,521123,523504,6,2381,2,36000,1.0025199496
521119,521129,524737,10,3608,2,18000,1.00277161863
521164,521170,523549,6,2379,2,36000,1.0025220681
521175,521180,523670,5,2490,2,36000,1.00200803213
521188,521196,524756,8,3560,2,18000,1.00224719101
521228,521234,523607,6,2373,2,36000,1.00252844501
521234,521240,523660,6,2420,2,36000,1.00247933884
521257,521266,524721,9,3455,2,18000,1.00260492041
521275,521282,523293,7,2011,2,36000,1.0034808553
521739,521746,523799,7,2053,2,36000,1.00340964442
521766,521772,523440,6,1668,2,36000,1.0035971223
521782,521788,523849,6,2061,2,36000,1.00291120815
521800,521808,525119,8,3311,2,18000,1.00241618846
521819,521828,524936,9,3108,2,18000,1.0028957529
521890,521895,523542,5,1647,2,36000,1.00303582271
521895,521902,524078,7,2176,2,36000,1.00321691176
521912,521923,525327,11,3404,2,18000,1.00323149236
521937,521943,523953,6,2010,2,36000,1.00298507463
522014,522021,523624,7,1603,2,36000,1.00436681223
522096,522102,524143,6,2041,2,36000,1.00293973542
522133,522139,523786,6,1647,2,36000,1.00364298725
522133,522144,523845,11,1701,2,36000,1.00646678424
522313,522322,525877,9,3555,2,18000,1.00253164557
522565,522571,522583,6,12,4,432000,1.5
522603,522609,954641,6,432032,4,432000,1.00001388786
522663,522669,525075,6,2406,2,36000,1.00249376559
522699,522706,525250,7,2544,2,36000,1.00275157233
522845,522851,525181,6,2330,2,36000,1.0025751073
522903,522909,525455,6,2546,2,36000,1.00235663786
523175,523185,526365,10,3180,2,18000,1.00314465409
523301,523307,525598,6,2291,2,36000,1.00261894369
523447,523453,525855,6,2402,2,36000,1.0024979184
523507,523516,527161,9,3645,2,18000,1.0024691358
523515,523522,525667,7,2145,2,36000,1.00326340326
523552,523558,525545,6,1987,2,36000,1.00301962758
523558,523564,525806,6,2242,2,36000,1.00267618198
523590,523600,526958,10,3358,2,18000,1.00297796307
523604,523610,526041,6,2431,2,36000,1.00246812012
523606,523618,527157,12,3539,2,18000,1.00339078836
523631,523638,525808,7,2170,2,36000,1.00322580645
523633,523644,527222,11,3578,2,18000,1.00307434321
523669,523675,525984,6,2309,2,36000,1.0025985275
523680,523686,525943,6,2257,2,36000,1.0026583961
523714,523725,526786,11,3061,2,18000,1.00359359686
523793,523800,525812,7,2012,2,36000,1.00347912525
523800,523809,527444,9,3635,2,18000,1.00247592847
523807,523815,526314,8,2499,2,36000,1.00320128051
523847,523856,527331,9,3475,2,18000,1.00258992806
523854,523862,526210,8,2348,2,36000,1.00340715503
523855,523867,526375,12,2508,2,36000,1.004784689
523962,523968,526413,6,2445,2,36000,1.00245398773
524014,524024,527754,10,3730,2,18000,1.00268096515
524084,524090,525845,6,1755,2,36000,1.00341880342
524148,524154,527634,6,3480,2,18000,1.00172413793
524156,524162,526434,6,2272,2,36000,1.00264084507
524208,524216,527775,8,3559,2,18000,1.00224782242
524292,524302,527866,10,3564,2,18000,1.00280583614
524402,524412,528005,10,3593,2,18000,1.00278318954
524726,524732,527878,6,3146,2,18000,1.00190718373
524741,524747,527989,6,3242,2,18000,1.00185070944
524757,524767,528363,10,3596,2,18000,1.00278086763
524941,524947,528239,6,3292,2,18000,1.00182260024
525083,525090,527593,7,2503,2,36000,1.00279664403
525122,525131,528687,9,3556,2,18000,1.00253093363
525187,525192,527622,5,2430,2,36000,1.00205761317
525258,525264,527637,6,2373,2,36000,1.00252844501
525331,525338,528527,7,3189,2,18000,1.00219504547
525461,525468,527393,7,1925,2,36000,1.00363636364
525554,525560,527978,6,2418,2,36000,1.00248138958
525608,525614,527728,6,2114,2,36000,1.00283822138
525675,525681,528060,6,2379,2,36000,1.0025220681
525816,525822,528060,6,2238,2,36000,1.00268096515
525816,525827,528161,11,2334,2,36000,1.00471293916
525822,525833,528151,11,2318,2,36000,1.00474547023
525855,525862,528060,7,2198,2,36000,1.00318471338
525861,525868,528179,7,2311,2,36000,1.00302899178
525878,525888,529103,10,3215,2,18000,1.00311041991
525951,525957,528432,6,2475,2,36000,1.00242424242
525994,526001,528368,7,2367,2,36000,1.00295732995
526047,526054,528524,7,2470,2,36000,1.0028340081
526217,526224,528216,7,1992,2,36000,1.00351405622
526323,526329,528694,6,2365,2,36000,1.00253699789
526367,526376,529711,9,3335,2,18000,1.00269865067
526385,526392,528799,7,2407,2,36000,1.00290818446
526422,526428,528927,6,2499,2,36000,1.00240096038
526443,526449,528898,6,2449,2,36000,1.00244997958
526789,526797,530322,8,3525,2,18000,1.00226950355
526960,526969,530641,9,3672,2,18000,1.00245098039
527161,527168,530524,7,3356,2,18000,1.00208581645
527170,527177,529174,7,1997,2,36000,1.00350525789
527176,527233,530822,57,3589,2,18000,1.01588186124
527219,527404,530360,185,2956,2,18000,1.06258457375
527335,527343,530609,8,3266,2,18000,1.00244947949
527445,527455,530770,10,3315,2,18000,1.00301659125
527602,527608,530158,6,2550,2,36000,1.00235294118
527629,527635,529964,6,2329,2,36000,1.00257621297
527637,527645,530940,8,3295,2,18000,1.00242792109
527645,527651,529980,6,2329,2,36000,1.00257621297
527737,527743,530185,6,2442,2,36000,1.00245700246
527757,527766,531214,9,3448,2,18000,1.00261020882
527779,527786,531131,7,3345,2,18000,1.00209267564
527869,527877,531461,8,3584,2,18000,1.00223214286
527884,527890,531550,6,3660,2,18000,1.00163934426
527986,527992,529955,6,1963,2,36000,1.0030565461
527991,528000,531223,9,3223,2,18000,1.00279242941
528006,528016,531515,10,3499,2,18000,1.00285795942
528070,528076,530524,6,2448,2,36000,1.00245098039
528070,528081,530099,11,2018,2,36000,1.00545094153
528071,528087,530414,16,2327,2,36000,1.00687580576
528158,528165,530196,7,2031,2,36000,1.00344657804
528169,528175,530695,6,2520,2,36000,1.00238095238
528185,528191,530658,6,2467,2,36000,1.00243210377
528222,528228,530684,6,2456,2,36000,1.00244299674
528239,528250,531891,11,3641,2,18000,1.00302114804
528367,528375,532072,8,3697,2,18000,1.00216391669
528377,528383,530579,6,2196,2,36000,1.00273224044
528439,528446,530889,7,2443,2,36000,1.00286532951
528529,528536,531734,7,3198,2,18000,1.00218886804
528534,528542,530885,8,2343,2,36000,1.00341442595
528689,528698,532417,9,3719,2,18000,1.00242000538
528704,528710,531018,6,2308,2,36000,1.00259965338
528806,528813,531176,7,2363,2,36000,1.00296233601
528906,528913,531352,7,2439,2,36000,1.0028700287
528933,528939,531419,6,2480,2,36000,1.00241935484
529109,529114,532760,5,3646,2,18000,1.00137136588
529184,529190,531009,6,1819,2,36000,1.00329851567
529711,529722,533309,11,3587,2,18000,1.0030666295
529966,529973,531742,7,1769,2,36000,1.00395703787
529972,529979,531984,7,2005,2,36000,1.00349127182
529988,529994,531879,6,1885,2,36000,1.00318302387
530109,530115,532664,6,2549,2,36000,1.00235386426
530165,530171,532471,6,2300,2,36000,1.00260869565
530194,530200,532506,6,2306,2,36000,1.00260190807
530208,530214,532596,6,2382,2,36000,1.00251889169
530322,530333,534048,11,3715,2,18000,1.00296096904
530362,530372,534109,10,3737,2,18000,1.00267594327
530424,530430,532923,6,2493,2,36000,1.00240673887
530527,530535,534125,8,3590,2,18000,1.00222841226
530530,530541,532639,11,2098,2,36000,1.00524308866
530588,530594,533141,6,2547,2,36000,1.0023557126
530613,530620,534003,7,3383,2,18000,1.00206916938
530644,530652,534229,8,3577,2,18000,1.00223651104
530666,530672,533196,6,2524,2,36000,1.00237717908
530693,530699,533029,6,2330,2,36000,1.0025751073
530704,530710,533053,6,2343,2,36000,1.00256081946
530773,530781,534028,8,3247,2,18000,1.00246381275
530825,530834,533969,9,3135,2,18000,1.0028708134
530895,530901,533279,6,2378,2,36000,1.00252312868
530895,530907,533170,12,2263,2,36000,1.00530269554
530941,530952,534400,11,3448,2,18000,1.00319025522
531014,531020,533240,6,2220,2,36000,1.0027027027
531026,531032,533260,6,2228,2,36000,1.0026929982
531133,531143,534693,10,3550,2,18000,1.00281690141
531184,531190,533408,6,2218,2,36000,1.00270513977
531216,531226,534484,10,3258,2,18000,1.00306936771
531231,531237,533519,6,2282,2,36000,1.00262927257
531232,531363,534606,131,3243,2,18000,1.04039469627
531426,531432,533507,6,2075,2,36000,1.00289156627
531462,531472,535063,10,3591,2,18000,1.00278473963
531519,531527,534601,8,3074,2,18000,1.00260247235
531552,531562,534897,10,3335,2,18000,1.00299850075
531735,531746,535029,11,3283,2,18000,1.00335059397
531749,531755,533761,6,2006,2,36000,1.00299102692
531888,531895,533841,7,1946,2,36000,1.0035971223
531891,531901,535486,10,3585,2,18000,1.00278940028
531991,531997,533470,6,1473,2,36000,1.00407331976
532075,532083,535632,8,3549,2,18000,1.0022541561
532419,532428,536112,9,3684,2,18000,1.00244299674
532479,532485,534331,6,1846,2,36000,1.00325027086
532516,532522,534741,6,2219,2,36000,1.00270392068
532647,532653,535186,6,2533,2,36000,1.00236873273
532648,532659,535204,11,2545,2,36000,1.00432220039
532670,532676,535024,6,2348,2,36000,1.00255536627
532761,532772,536077,11,3305,2,18000,1.00332829047
532929,532934,535196,5,2262,2,36000,1.00221043324
533037,533043,535516,6,2473,2,36000,1.00242620299
533064,533070,535421,6,2351,2,36000,1.00255210549
533148,533154,535637,6,2483,2,36000,1.00241643174
533180,533186,535591,6,2405,2,36000,1.00249480249
533202,533208,535589,6,2381,2,36000,1.0025199496
533246,533252,535675,6,2423,2,36000,1.00247626909
533269,533275,535696,6,2421,2,36000,1.00247831475
533286,533291,535453,5,2162,2,36000,1.00231267345
533310,533320,537037,10,3717,2,18000,1.00269034167
533415,533421,535903,6,2482,2,36000,1.00241740532
533478,533484,535981,6,2497,2,36000,1.00240288346
533515,533521,535787,6,2266,2,36000,1.0026478376
533526,533532,535959,6,2427,2,36000,1.00247218789
533767,533773,536221,6,2448,2,36000,1.00245098039
533849,533856,536299,7,2443,2,36000,1.00286532951
533971,533980,537404,9,3424,2,18000,1.00262850467
534005,534015,537468,10,3453,2,18000,1.00289603244
534030,534039,537172,9,3133,2,18000,1.00287264603
534048,534059,537336,11,3277,2,18000,1.00335672872
534109,534120,537506,11,3386,2,18000,1.003248671
534127,534137,537716,10,3579,2,18000,1.00279407656
534232,534240,537803,8,3563,2,18000,1.00224529891
534341,534347,536777,6,2430,2,36000,1.0024691358
534401,534411,537397,10,2986,2,18000,1.00334896182
534487,534495,537678,8,3183,2,18000,1.00251335218
534605,534612,537932,7,3320,2,18000,1.00210843373
534612,534618,536535,6,1917,2,36000,1.00312989045
534620,534704,538234,84,3530,2,18000,1.02379603399
534694,534753,538442,59,3689,2,18000,1.01599349417
534898,534908,538464,10,3556,2,18000,1.00281214848
535031,535038,538246,7,3208,2,18000,1.00218204489
535035,535044,535153,9,109,1,1800,1.08256880734
535039,535050,537044,11,1994,2,36000,1.00551654965
535066,535074,538538,8,3464,2,18000,1.00230946882
535196,535202,537087,6,1885,2,36000,1.00318302387
535207,535213,537295,6,2082,2,36000,1.00288184438
535212,535219,537297,7,2078,2,36000,1.00336862368
535428,535434,537582,6,2148,2,36000,1.00279329609
535459,535466,537437,7,1971,2,36000,1.0035514967
535481,535487,535592,6,105,1,1800,1.05714285714
535489,535497,538663,8,3166,2,18000,1.00252684776
535522,535529,537487,7,1958,2,36000,1.00357507661
535633,535639,538922,6,3283,2,18000,1.00182759671
535655,535661,538204,6,2543,2,36000,1.00235941801
535656,535667,538212,11,2545,2,36000,1.00432220039
535657,535672,538199,15,2527,2,36000,1.00593589236
535684,535690,538223,6,2533,2,36000,1.00236873273
535706,535712,538065,6,2353,2,36000,1.00254993625
535793,535798,537886,5,2088,2,36000,1.00239463602
535911,535917,538192,6,2275,2,36000,1.00263736264
535968,535975,538403,7,2428,2,36000,1.0028830313
535990,535996,538425,6,2429,2,36000,1.00247015233
536078,536088,539740,10,3652,2,18000,1.00273822563
536113,536123,539715,10,3592,2,18000,1.00278396437
536200,536206,536667,6,461,1,1800,1.01301518438
536228,536234,538517,6,2283,2,36000,1.00262812089
536306,536312,538862,6,2550,2,36000,1.00235294118
536541,536547,539042,6,2495,2,36000,1.00240480962
536787,536793,539336,6,2543,2,36000,1.00235941801
537038,537049,540593,11,3544,2,18000,1.00310383747
537050,537056,539555,6,2499,2,36000,1.00240096038
537097,537103,539258,6,2155,2,36000,1.00278422274
537174,537184,540675,10,3491,2,18000,1.00286450874
537303,537309,539635,6,2326,2,36000,1.00257953568
537304,537314,539490,10,2176,2,36000,1.00459558824
537339,537347,540677,8,3330,2,18000,1.0024024024
537398,537408,540568,10,3160,2,18000,1.00316455696
537411,537418,539811,7,2393,2,36000,1.0029251985
537414,537448,540669,34,3221,2,18000,1.01055572803
537471,537479,541125,8,3646,2,18000,1.00219418541
537496,537502,539820,6,2318,2,36000,1.00258843831
537508,537518,541094,10,3576,2,18000,1.00279642058
537589,537595,540065,6,2470,2,36000,1.0024291498
537681,537689,541250,8,3561,2,18000,1.00224655996
537719,537728,541465,9,3737,2,18000,1.00240834894
537805,537815,540907,10,3092,2,18000,1.00323415265
537892,537899,540322,7,2423,2,36000,1.0028889806
537932,537943,541281,11,3338,2,18000,1.00329538646
538073,538079,540450,6,2371,2,36000,1.00253057782
538198,538203,539703,5,1500,2,36000,1.00333333333
538209,538215,539656,6,1441,2,36000,1.00416377516
538214,538221,540065,7,1844,2,36000,1.00379609544
538220,538227,539739,7,1512,2,36000,1.00462962963
538231,538237,539703,6,1466,2,36000,1.00409276944
538237,538245,541770,8,3525,2,18000,1.00226950355
538252,538257,541259,5,3002,2,18000,1.0016655563
538351,538357,538400,6,43,1,1800,1.13953488372
538413,538419,540455,6,2036,2,36000,1.00294695481
538435,538441,540723,6,2282,2,36000,1.00262927257
538444,538454,541663,10,3209,2,18000,1.00311623559
538466,538476,541662,10,3186,2,18000,1.00313873195
538527,538533,540497,6,1964,2,36000,1.00305498982
538539,538549,541821,10,3272,2,18000,1.00305623472
538664,538675,542347,11,3672,2,18000,1.0029956427
538689,538695,538771,6,76,1,1800,1.07894736842
538868,538874,540664,6,1790,2,36000,1.00335195531
538924,538933,542533,9,3600,2,18000,1.0025
539052,539058,540871,6,1813,2,36000,1.00330943188
539268,539274,541664,6,2390,2,36000,1.00251046025
539281,539288,539512,7,224,1,1800,1.03125
539346,539353,541570,7,2217,2,36000,1.00315741994
539496,539502,541671,6,2169,2,36000,1.00276625173
539563,539569,541990,6,2421,2,36000,1.00247831475
539641,539647,542195,6,2548,2,36000,1.00235478807
539663,539669,542108,6,2439,2,36000,1.0024600246
539710,539716,541880,6,2164,2,36000,1.00277264325
539710,539721,541859,11,2138,2,36000,1.00514499532
539717,539727,543363,10,3636,2,18000,1.00275027503
539742,539750,543399,8,3649,2,18000,1.00219238147
539748,539756,542072,8,2316,2,36000,1.00345423143
539820,539827,542309,7,2482,2,36000,1.0028203062
539826,539833,542264,7,2431,2,36000,1.00287947347
539854,539860,583091,6,43231,16,43200,1.00013878929
540072,540078,542550,6,2472,2,36000,1.00242718447
540073,540083,542340,10,2257,2,36000,1.00443066017
540329,540335,542568,6,2233,2,36000,1.0026869682
540459,540465,542413,6,1948,2,36000,1.00308008214
540465,540471,542722,6,2251,2,36000,1.00266548201
540507,540513,542552,6,2039,2,36000,1.00294261893
540570,540579,544163,9,3584,2,18000,1.00251116071
540594,540604,544055,10,3451,2,18000,1.00289771081
540670,540676,544408,6,3732,2,18000,1.00160771704
540678,540684,542858,6,2174,2,36000,1.0027598896
540684,540690,542844,6,2154,2,36000,1.00278551532
540685,540696,542981,11,2285,2,36000,1.00481400438
540686,540734,544229,48,3495,2,18000,1.01373390558
540687,540882,544221,195,3339,2,18000,1.05840071878
540897,540903,540934,6,31,1,1800,1.1935483871
540911,540918,544188,7,3270,2,18000,1.00214067278
541096,541105,544667,9,3562,2,18000,1.00252667041
541127,541136,544838,9,3702,2,18000,1.00243111831
541232,541238,541299,6,61,1,1800,1.09836065574
541253,541262,544806,9,3544,2,18000,1.00253950339
541268,541274,544900,6,3626,2,18000,1.00165471594
541283,541292,544668,9,3376,2,18000,1.00266587678
541468,541476,544875,8,3399,2,18000,1.00235363342
541577,541584,543483,7,1899,2,36000,1.00368615061
541666,541673,545246,7,3573,2,18000,1.00195913798
541668,541679,545096,11,3417,2,18000,1.00321919813
541671,541684,543583,13,1899,2,36000,1.00684570827
541677,541690,543704,13,2014,2,36000,1.00645481629
541773,541781,545324,8,3543,2,18000,1.00225797347
541824,541832,545595,8,3763,2,18000,1.00212596333
541868,541874,543662,6,1788,2,36000,1.0033557047
541887,541894,543816,7,1922,2,36000,1.00364203954
541996,542002,543590,6,1588,2,36000,1.00377833753
542028,542034,542160,6,126,1,1800,1.04761904762
542079,542085,544016,6,1931,2,36000,1.00310719834
542116,542122,544180,6,2058,2,36000,1.0029154519
542205,542211,544159,6,1948,2,36000,1.00308008214
542274,542280,543968,6,1688,2,36000,1.00355450237
542315,542321,544361,6,2040,2,36000,1.00294117647
542347,542353,544141,6,1788,2,36000,1.0033557047
542350,542359,545790,9,3431,2,18000,1.00262314194
542420,542426,544034,6,1608,2,36000,1.00373134328
542536,542545,546189,9,3644,2,18000,1.00246981339
542559,542570,544185,11,1615,2,36000,1.00681114551
542559,542564,544164,5,1600,2,36000,1.003125
542575,542582,544471,7,1889,2,36000,1.00370566437
542732,542738,545239,6,2501,2,36000,1.00239904038
542850,542855,545372,5,2517,2,36000,1.00198649186
542866,542872,545299,6,2427,2,36000,1.00247218789
542989,542996,544913,7,1917,2,36000,1.00365153886
543364,543374,547112,10,3738,2,18000,1.00267522739
543402,543411,546821,9,3410,2,18000,1.00263929619
543492,543499,545829,7,2330,2,36000,1.00300429185
543592,543598,546003,6,2405,2,36000,1.00249480249
543598,543604,546004,6,2400,2,36000,1.0025
543670,543676,546009,6,2333,2,36000,1.00257179597
543712,543718,546045,6,2327,2,36000,1.00257842716
543825,543831,546100,6,2269,2,36000,1.00264433671
543978,543985,546157,7,2172,2,36000,1.0032228361
544025,544031,546314,6,2283,2,36000,1.00262812089
544042,544048,546395,6,2347,2,36000,1.00255645505
544056,544066,547642,10,3576,2,18000,1.00279642058
544151,544157,546668,6,2511,2,36000,1.00238948626
544163,544170,547564,7,3394,2,18000,1.00206246317
544173,544179,546668,6,2489,2,36000,1.00241060667
544173,544184,546580,11,2396,2,36000,1.00459098497
544191,544196,546689,5,2493,2,36000,1.00200561572
544191,544207,547689,16,3482,2,18000,1.00459506031
544191,544202,546341,11,2139,2,36000,1.00514259
544223,544232,547689,9,3457,2,18000,1.00260341336
544238,544244,547929,6,3685,2,18000,1.00162822252
544366,544372,546655,6,2283,2,36000,1.00262812089
544411,544419,547982,8,3563,2,18000,1.00224529891
544480,544486,546938,6,2452,2,36000,1.00244698206
544670,544679,548025,9,3346,2,18000,1.00268977884
544672,544684,547775,12,3091,2,18000,1.00388223876
544809,544817,548319,8,3502,2,18000,1.00228440891
544841,544849,547969,8,3120,2,18000,1.00256410256
544879,544886,548274,7,3388,2,18000,1.0020661157
544904,544912,548452,8,3540,2,18000,1.00225988701
544920,544926,547053,6,2127,2,36000,1.00282087447
545097,545108,548783,11,3675,2,18000,1.00299319728
545248,545254,548543,6,3289,2,18000,1.00182426269
545255,545260,547672,5,2412,2,36000,1.00207296849
545309,545315,547203,6,1888,2,36000,1.0031779661
545325,545335,548719,10,3384,2,18000,1.00295508274
545381,545387,547187,6,1800,2,36000,1.00333333333
545596,545607,549165,11,3558,2,18000,1.00309162451
545793,545801,548907,8,3106,2,18000,1.00257566001
545838,545844,547834,6,1990,2,36000,1.00301507538
546009,546015,547737,6,1722,2,36000,1.00348432056
546010,546021,548125,11,2104,2,36000,1.00522813688
546015,546026,548043,11,2017,2,36000,1.00545364403
546053,546059,547771,6,1712,2,36000,1.0035046729
546110,546117,547704,7,1587,2,36000,1.00441083806
546163,546168,548182,5,2014,2,36000,1.00248262165
546192,546201,549861,9,3660,2,18000,1.00245901639
546350,546356,548859,6,2503,2,36000,1.00239712345
546351,546362,548859,11,2497,2,36000,1.00440528634
546407,546413,548864,6,2451,2,36000,1.00244798042
546586,546592,549000,6,2408,2,36000,1.00249169435
546664,546671,549177,7,2506,2,36000,1.00279329609
546676,546687,548452,11,1765,2,36000,1.00623229462
546676,546682,548467,6,1785,2,36000,1.00336134454
546698,546704,549157,6,2453,2,36000,1.00244598451
546823,546832,550420,9,3588,2,18000,1.0025083612
546944,546950,549028,6,2078,2,36000,1.00288739172
547061,547067,549385,6,2318,2,36000,1.00258843831
547116,547124,550573,8,3449,2,18000,1.0023195129
547192,547198,549484,6,2286,2,36000,1.00262467192
547209,547215,549404,6,2189,2,36000,1.00274097762
547565,547575,551186,10,3611,2,18000,1.00276931598
547645,547653,551069,8,3416,2,18000,1.00234192037
547681,547687,550048,6,2361,2,36000,1.00254129606
547693,547701,551160,8,3459,2,18000,1.00231280717
547694,547706,551032,12,3326,2,18000,1.00360793746
547714,547720,550219,6,2499,2,36000,1.00240096038
547747,547753,550226,6,2473,2,36000,1.00242620299
547777,547783,551438,6,3655,2,18000,1.00164158687
547781,547789,549943,8,2154,2,36000,1.00371402043
547844,547850,550270,6,2420,2,36000,1.00247933884
547935,547940,551433,5,3493,2,18000,1.0014314343
547972,547981,551098,9,3117,2,18000,1.00288739172
547988,547994,551161,6,3167,2,18000,1.00189453742
547988,548036,550484,48,2448,2,36000,1.01960784314
548028,548054,551353,26,3299,2,18000,1.00788117611
548134,548141,550597,7,2456,2,36000,1.00285016287
548192,548198,550444,6,2246,2,36000,1.00267141585
548275,548285,551880,10,3595,2,18000,1.00278164117
548323,548331,551660,8,3329,2,18000,1.00240312406
548454,548467,552047,13,3580,2,18000,1.00363128492
548455,548461,620479,6,72018,1,72000,1.00008331251
548460,548472,550510,12,2038,2,36000,1.00588812561
548477,548483,550842,6,2359,2,36000,1.00254345061
548546,548554,552155,8,3601,2,18000,1.00222160511
548720,548730,552142,10,3412,2,18000,1.00293083236
548785,548794,552021,9,3227,2,18000,1.00278896808
548869,548881,551176,12,2295,2,36000,1.00522875817
548869,548875,551361,6,2486,2,36000,1.00241351569
548870,548886,551250,16,2364,2,36000,1.00676818951
548908,548919,552366,11,3447,2,18000,1.00319118074
549006,549011,551485,5,2474,2,36000,1.00202101859
549034,549040,550959,6,1919,2,36000,1.00312662845
549164,549170,550826,6,1656,2,36000,1.00362318841
549166,549176,552371,10,3195,2,18000,1.00312989045
549187,549194,551169,7,1975,2,36000,1.0035443038
549391,549397,551204,6,1807,2,36000,1.00332042059
549413,549419,551353,6,1934,2,36000,1.00310237849
549491,549497,551056,6,1559,2,36000,1.00384862091
549864,549872,553340,8,3468,2,18000,1.00230680507
549949,549955,552126,6,2171,2,36000,1.00276370336
550058,550064,552025,6,1961,2,36000,1.00305966344
550228,550234,552042,6,1808,2,36000,1.00331858407
550293,550299,552844,6,2545,2,36000,1.00235756385
550294,550305,552851,11,2546,2,36000,1.00432050275
550421,550431,554080,10,3649,2,18000,1.00274047684
550453,550459,552600,6,2141,2,36000,1.00280242877
550494,550501,552916,7,2415,2,36000,1.00289855072
550516,550523,552776,7,2253,2,36000,1.00310696849
550573,550584,554086,11,3502,2,18000,1.00314106225
550605,550612,552763,7,2151,2,36000,1.00325430033
550833,550839,553098,6,2259,2,36000,1.0026560425
550850,550856,553393,6,2537,2,36000,1.00236499803
550965,550971,553070,6,2099,2,36000,1.00285850405
551035,551043,554412,8,3369,2,18000,1.00237459187
551064,551070,553312,6,2242,2,36000,1.00267618198
551072,551081,554565,9,3484,2,18000,1.00258323766
551101,551109,554482,8,3373,2,18000,1.00237177587
551162,551171,554688,9,3517,2,18000,1.00255899915
551163,551177,554501,14,3324,2,18000,1.00421179302
551178,551185,553037,7,1852,2,36000,1.00377969762
551185,551191,553507,6,2316,2,36000,1.00259067358
551189,551197,554924,8,3727,2,18000,1.00214649852
551213,551219,553433,6,2214,2,36000,1.0027100271
551256,551262,553442,6,2180,2,36000,1.00275229358
551357,551364,554751,7,3387,2,18000,1.00206672572
551364,551370,553679,6,2309,2,36000,1.0025985275
551369,551376,553706,7,2330,2,36000,1.00300429185
551434,551444,554492,10,3048,2,18000,1.0032808399
551447,551453,553690,6,2237,2,36000,1.00268216361
551449,551496,555029,47,3533,2,18000,1.01330314181
551660,551671,554916,11,3245,2,18000,1.00338983051
551881,551891,555262,10,3371,2,18000,1.00296647879
552024,552032,555639,8,3607,2,18000,1.00221790962
552031,552038,554394,7,2356,2,36000,1.00297113752
552045,552053,555576,8,3523,2,18000,1.00227079194
552057,552063,554415,6,2352,2,36000,1.00255102041
552136,552142,554464,6,2322,2,36000,1.00258397933
552145,552154,555864,9,3710,2,18000,1.00242587601
552160,552166,555461,6,3295,2,18000,1.00182094082
552368,552377,555662,9,3285,2,18000,1.00273972603
552380,552386,554632,6,2246,2,36000,1.00267141585
552384,552611,556186,227,3575,2,18000,1.0634965035
552770,552777,555136,7,2359,2,36000,1.00296735905
552786,552793,555033,7,2240,2,36000,1.003125
552854,552860,554900,6,2040,2,36000,1.00294117647
552860,552866,554862,6,1996,2,36000,1.00300601202
552926,552932,555193,6,2261,2,36000,1.00265369306
553044,553050,555308,6,2258,2,36000,1.00265721878
553080,553086,555285,6,2199,2,36000,1.00272851296
553106,553112,555409,6,2297,2,36000,1.00261210274
553318,553324,555763,6,2439,2,36000,1.0024600246
553342,553352,556648,10,3296,2,18000,1.00303398058
553400,553406,555759,6,2353,2,36000,1.00254993625
553442,553448,555502,6,2054,2,36000,1.0029211295
553452,553458,555530,6,2072,2,36000,1.0028957529
553514,553520,555848,6,2328,2,36000,1.00257731959
553688,553694,555524,6,1830,2,36000,1.00327868852
553699,553705,555332,6,1627,2,36000,1.0036877689
553714,553720,555257,6,1537,2,36000,1.00390370852
554083,554092,557743,9,3651,2,18000,1.00246507806
554093,554100,556179,7,2079,2,36000,1.00336700337
554098,554405,557745,307,3340,2,18000,1.09191616766
554414,554424,558155,10,3731,2,18000,1.00268024658
554426,554432,556154,6,1722,2,36000,1.00348432056
554473,554479,556667,6,2188,2,36000,1.00274223035
554485,554493,558069,8,3576,2,18000,1.00223713647
554500,554506,556516,6,2010,2,36000,1.00298507463
554502,554512,558027,10,3515,2,18000,1.00284495021
554504,554576,557805,72,3229,2,18000,1.02229792505
554568,554644,558132,76,3488,2,18000,1.02178899083
554691,554699,558176,8,3477,2,18000,1.00230083405
554753,554763,558212,10,3449,2,18000,1.00289939113
554899,554905,557331,6,2426,2,36000,1.00247320692
554911,554917,557274,6,2357,2,36000,1.00254560882
554919,554927,558635,8,3708,2,18000,1.0021574973
554933,554939,557383,6,2444,2,36000,1.00245499182
554934,555040,558223,106,3183,2,18000,1.03330191643
555031,555046,558499,15,3453,2,18000,1.00434404865
555144,555150,557139,6,1989,2,36000,1.00301659125
555202,555209,557232,7,2023,2,36000,1.00346020761
555264,555270,557320,6,2050,2,36000,1.00292682927
555265,555276,558703,11,3427,2,18000,1.00320980449
555295,555301,557652,6,2351,2,36000,1.00255210549
555316,555322,557496,6,2174,2,36000,1.0027598896
555342,555348,557558,6,2210,2,36000,1.00271493213
555418,555425,557491,7,2066,2,36000,1.00338818974
555461,555472,558992,11,3520,2,18000,1.003125
555511,555517,557437,6,1920,2,36000,1.003125
555532,555538,557547,6,2009,2,36000,1.00298656048
555537,555544,557479,7,1935,2,36000,1.00361757106
555577,555587,558614,10,3027,2,18000,1.00330360093
555641,555650,559179,9,3529,2,18000,1.00255029753
555666,555674,559220,8,3546,2,18000,1.00225606317
555766,555773,558309,7,2536,2,36000,1.00276025237
555772,555779,557988,7,2209,2,36000,1.00316885469
555854,555860,558366,6,2506,2,36000,1.00239425379
555865,555875,558953,10,3078,2,18000,1.0032488629
556159,556165,558404,6,2239,2,36000,1.00267976775
556186,556192,558297,6,2105,2,36000,1.00285035629
556187,556198,559969,11,3771,2,18000,1.00291699814
556525,556531,558999,6,2468,2,36000,1.00243111831
556651,556659,560007,8,3348,2,18000,1.00238948626
556673,556680,559176,7,2496,2,36000,1.00280448718
557145,557151,559526,6,2375,2,36000,1.00252631579
557243,557249,559070,6,1821,2,36000,1.00329489292
557282,557288,559692,6,2404,2,36000,1.00249584027
557326,557331,559660,5,2329,2,36000,1.00214684414
557337,557342,559696,5,2354,2,36000,1.00212404418
557388,557394,559817,6,2423,2,36000,1.00247626909
557446,557452,559806,6,2354,2,36000,1.00254885302
557487,557494,559827,7,2333,2,36000,1.00300042863
557498,557504,559926,6,2422,2,36000,1.00247729149
557503,557510,559586,7,2076,2,36000,1.00337186898
557555,557561,559830,6,2269,2,36000,1.00264433671
557566,557572,559978,6,2406,2,36000,1.00249376559
557658,557664,559981,6,2317,2,36000,1.00258955546
557745,557754,561254,9,3500,2,18000,1.00257142857
557746,557760,560997,14,3237,2,18000,1.00432499228
557808,557816,561345,8,3529,2,18000,1.00226693114
557995,558001,560080,6,2079,2,36000,1.00288600289
558029,558038,561380,9,3342,2,18000,1.0026929982
558068,558080,561540,12,3460,2,18000,1.00346820809
558135,558144,561804,9,3660,2,18000,1.00245901639
558157,558166,561895,9,3729,2,18000,1.00241351569
558178,558187,561631,9,3444,2,18000,1.00261324042
558215,558223,561937,8,3714,2,18000,1.00215401185
558230,558236,561941,6,3705,2,18000,1.0016194332
558303,558309,560649,6,2340,2,36000,1.00256410256
558319,558325,560731,6,2406,2,36000,1.00249376559
558371,558377,560449,6,2072,2,36000,1.0028957529
558413,558419,560278,6,1859,2,36000,1.00322754169
558499,558510,561863,11,3353,2,18000,1.0032806442
558617,558625,562354,8,3729,2,18000,1.00214534728
558638,558646,562072,8,3426,2,18000,1.00233508465
558706,558714,562201,8,3487,2,18000,1.00229423573
558955,558965,562135,10,3170,2,18000,1.00315457413
558994,559003,562211,9,3208,2,18000,1.00280548628
559005,559011,560867,6,1856,2,36000,1.00323275862
559077,559083,561305,6,2222,2,36000,1.00270027003
559181,559187,562393,6,3206,2,18000,1.00187149095
559185,559193,561217,8,2024,2,36000,1.00395256917
559221,559231,562566,10,3335,2,18000,1.00299850075
559533,559539,561262,6,1723,2,36000,1.00348229832
559592,559598,561225,6,1627,2,36000,1.0036877689
559706,559712,562251,6,2539,2,36000,1.00236313509
559707,559717,562177,10,2460,2,36000,1.00406504065
559707,559722,562214,15,2492,2,36000,1.00601926164
559815,559821,562260,6,2439,2,36000,1.0024600246
559827,559833,562148,6,2315,2,36000,1.00259179266
559833,559839,562088,6,2249,2,36000,1.00266785238
559838,559845,562261,7,2416,2,36000,1.00289735099
559934,559940,562269,6,2329,2,36000,1.00257621297
559972,559980,563617,8,3637,2,18000,1.00219961507
559987,559998,562417,11,2419,2,36000,1.00454733361
559987,559993,562246,6,2253,2,36000,1.00266311585
560009,560019,563598,10,3579,2,18000,1.00279407656
560087,560093,562077,6,1984,2,36000,1.00302419355
560289,560295,562723,6,2428,2,36000,1.00247116969
560456,560467,562539,11,2072,2,36000,1.00530888031
560655,560662,562827,7,2165,2,36000,1.00323325635
560738,560743,562799,5,2056,2,36000,1.00243190661
560876,560882,562918,6,2036,2,36000,1.00294695481
560998,561009,564529,11,3520,2,18000,1.003125
561222,561228,563743,6,2515,2,36000,1.00238568588
561234,561240,563588,6,2348,2,36000,1.00255536627
561256,561265,564454,9,3189,2,18000,1.00282220132
561270,561276,563493,6,2217,2,36000,1.00270635995
561314,561320,563588,6,2268,2,36000,1.00264550265
561347,561356,565033,9,3677,2,18000,1.00244764754
561381,561392,564734,11,3342,2,18000,1.00329144225
561541,561552,564970,11,3418,2,18000,1.00321825629
561632,561642,565145,10,3503,2,18000,1.00285469597
561804,561815,565238,11,3423,2,18000,1.00321355536
561865,561874,565312,9,3438,2,18000,1.00261780105
561898,561906,565253,8,3347,2,18000,1.00239020018
561938,561948,564999,10,3051,2,18000,1.0032776139
561952,562089,565760,137,3671,2,18000,1.03731953146
561952,561958,564326,6,2368,2,36000,1.00253378378
562074,562083,565433,9,3350,2,18000,1.00268656716
562098,562104,564237,6,2133,2,36000,1.00281293952
562138,562147,565441,9,3294,2,18000,1.00273224044
562158,562164,564465,6,2301,2,36000,1.00260756193
562183,562189,564629,6,2440,2,36000,1.00245901639
562204,562212,565831,8,3619,2,18000,1.0022105554
562217,562223,564340,6,2117,2,36000,1.00283419934
562219,562229,565818,10,3589,2,18000,1.00278629145
562253,562259,564566,6,2307,2,36000,1.00260078023
562260,562266,564695,6,2429,2,36000,1.00247015233
562266,562272,564559,6,2287,2,36000,1.00262352427
562267,562278,564671,11,2393,2,36000,1.00459674049
562277,562284,564569,7,2285,2,36000,1.00306345733
562358,562366,565718,8,3352,2,18000,1.00238663484
562396,562405,565819,9,3414,2,18000,1.00263620387
562426,562432,564634,6,2202,2,36000,1.00272479564
562547,562553,564340,6,1787,2,36000,1.00335758254
562569,562577,566002,8,3425,2,18000,1.00233576642
562729,562735,564947,6,2212,2,36000,1.0027124774
562806,562812,565211,6,2399,2,36000,1.0025010421
562837,562843,565025,6,2182,2,36000,1.00274977085
562924,562930,565114,6,2184,2,36000,1.00274725275
563501,563507,565461,6,1954,2,36000,1.00307062436
563595,563601,565383,6,1782,2,36000,1.00336700337
563595,563606,565707,11,2101,2,36000,1.00523560209
563598,563612,566978,14,3366,2,18000,1.00415923945
563620,563628,566838,8,3210,2,18000,1.00249221184
563751,563757,565471,6,1714,2,36000,1.00350058343
564247,564253,565791,6,1538,2,36000,1.00390117035
564335,564341,566005,6,1664,2,36000,1.00360576923
564345,564351,566238,6,1887,2,36000,1.00317965024
564346,564357,566147,11,1790,2,36000,1.0061452514
564455,564465,567724,10,3259,2,18000,1.0030684259
564474,564480,566165,6,1685,2,36000,1.00356083086
564530,564541,567979,11,3438,2,18000,1.00319953461
564567,564573,565970,6,1397,2,36000,1.00429491768
564572,564579,566159,7,1580,2,36000,1.00443037975
564642,564648,567170,6,2522,2,36000,1.00237906423
564642,564653,567122,11,2469,2,36000,1.00445524504
564643,564659,567140,16,2481,2,36000,1.00644901249
564680,564686,566901,6,2215,2,36000,1.00270880361
564701,564706,566982,5,2276,2,36000,1.00219683656
564736,564745,568233,9,3488,2,18000,1.00258027523
564956,564962,567174,6,2212,2,36000,1.0027124774
564971,564981,568345,10,3364,2,18000,1.00297265161
564996,565010,568717,14,3707,2,18000,1.00377663879
565035,565042,567438,7,2396,2,36000,1.00292153589
565036,565048,568650,12,3602,2,18000,1.00333148251
565119,565125,567040,6,1915,2,36000,1.00313315927
565147,565156,568238,9,3082,2,18000,1.0029201817
565220,565226,567254,6,2028,2,36000,1.00295857988
565239,565249,568997,10,3748,2,18000,1.00266808965
565256,565264,568672,8,3408,2,18000,1.00234741784
565315,565323,568867,8,3544,2,18000,1.00225733634
565392,565398,567199,6,1801,2,36000,1.00333148251
565435,565445,568921,10,3476,2,18000,1.00287686997
565449,565455,567132,6,1677,2,36000,1.00357781753
565450,565472,568893,22,3421,2,18000,1.00643086817
565482,565488,567499,6,2011,2,36000,1.00298359025
565715,565721,568234,6,2513,2,36000,1.00238758456
565720,565729,569433,9,3704,2,18000,1.00242980562
565760,565771,568875,11,3104,2,18000,1.00354381443
565798,565805,568044,7,2239,2,36000,1.00312639571
565822,565829,568957,7,3128,2,18000,1.00223785166
565824,565835,569246,11,3411,2,18000,1.00322486074
565838,565845,569537,7,3692,2,18000,1.00189599133
565978,565984,568184,6,2200,2,36000,1.00272727273
566002,566013,569626,11,3613,2,18000,1.00304456131
566014,566021,568015,7,1994,2,36000,1.00351053159
566153,566160,568033,7,1873,2,36000,1.00373731981
566169,566176,568332,7,2156,2,36000,1.00324675325
566175,566182,568333,7,2151,2,36000,1.00325430033
566247,566253,568427,6,2174,2,36000,1.0027598896
566840,566850,570291,10,3441,2,18000,1.00290613194
566909,566915,569412,6,2497,2,36000,1.00240288346
566979,566989,570566,10,3577,2,18000,1.0027956388
566992,566998,569399,6,2401,2,36000,1.00249895877
567049,567055,569367,6,2312,2,36000,1.00259515571
567127,567133,569463,6,2330,2,36000,1.0025751073
567138,567144,569547,6,2403,2,36000,1.0024968789
567148,567155,569506,7,2351,2,36000,1.0029774564
567176,567182,569515,6,2333,2,36000,1.00257179597
567181,567188,569282,7,2094,2,36000,1.00334288443
567204,567210,569453,6,2243,2,36000,1.00267498885
567264,567270,569461,6,2191,2,36000,1.00273847558
567446,567452,569750,6,2298,2,36000,1.00261096606
567509,567515,569863,6,2348,2,36000,1.00255536627
567728,567735,570821,7,3086,2,18000,1.00226830849
567981,567991,571458,10,3467,2,18000,1.00288433804
568024,568030,570119,6,2089,2,36000,1.00287218765
568043,568049,570115,6,2066,2,36000,1.00290416263
568050,568055,570001,5,1946,2,36000,1.00256937307
568191,568198,570117,7,1919,2,36000,1.00364773319
568234,568244,571707,10,3463,2,18000,1.00288766965
568245,568251,570608,6,2357,2,36000,1.00254560882
568246,568256,570631,10,2375,2,36000,1.00421052632
568251,568344,571688,93,3344,2,18000,1.02781100478
568341,568350,570562,9,2212,2,36000,1.00406871609
568348,568356,571677,8,3321,2,18000,1.00240891298
568434,568441,570893,7,2452,2,36000,1.0028548124
568650,568661,572243,11,3582,2,18000,1.00307091011
568675,568683,572205,8,3522,2,18000,1.00227143668
568718,568728,572248,10,3520,2,18000,1.00284090909
568870,568878,572235,8,3357,2,18000,1.00238308013
568883,568890,570710,7,1820,2,36000,1.00384615385
568884,568904,572515,20,3611,2,18000,1.00553863196
568900,568968,572107,68,3139,2,18000,1.02166294998
568924,568932,572071,8,3139,2,18000,1.00254858235
568960,569008,572686,48,3678,2,18000,1.01305057096
568999,569294,572892,295,3598,2,18000,1.08198999444
569247,569257,572708,10,3451,2,18000,1.00289771081
569377,569383,571729,6,2346,2,36000,1.00255754476
569408,569414,571655,6,2241,2,36000,1.00267737617
569418,569425,571445,7,2020,2,36000,1.00346534653
569435,569444,572768,9,3324,2,18000,1.00270758123
569460,569466,571587,6,2121,2,36000,1.00282885431
569470,569476,571635,6,2159,2,36000,1.00277906438
569471,569481,571656,10,2175,2,36000,1.00459770115
569512,569518,571755,6,2237,2,36000,1.00268216361
569523,569529,571589,6,2060,2,36000,1.00291262136
569538,569548,572729,10,3181,2,18000,1.00314366551
569554,569560,571460,6,1900,2,36000,1.00315789474
569629,569637,573057,8,3420,2,18000,1.00233918129
569759,569765,571913,6,2148,2,36000,1.00279329609
569871,569877,571737,6,1860,2,36000,1.00322580645
570009,570016,571585,7,1569,2,36000,1.00446144041
570125,570130,572620,5,2490,2,36000,1.00200803213
570133,570138,572601,5,2463,2,36000,1.00203004466
570133,570143,572451,10,2308,2,36000,1.00433275563
570298,570304,573984,6,3680,2,18000,1.00163043478
570569,570575,573921,6,3346,2,18000,1.00179318589
570580,570587,573033,7,2446,2,36000,1.00286181521
570615,570621,573034,6,2413,2,36000,1.00248653129
570637,570643,572849,6,2206,2,36000,1.00271985494
570719,570725,572663,6,1938,2,36000,1.00309597523
570823,570833,574353,10,3520,2,18000,1.00284090909
570900,570906,573072,6,2166,2,36000,1.0027700831
571454,571460,573997,6,2537,2,36000,1.00236499803
571460,571470,574819,10,3349,2,18000,1.00298596596
571465,571476,573987,11,2511,2,36000,1.00438072481
571591,571598,573695,7,2097,2,36000,1.00333810205
571597,571604,573856,7,2252,2,36000,1.00310834813
571597,571609,573819,12,2210,2,36000,1.00542986425
571644,571650,574066,6,2416,2,36000,1.00248344371
571665,571676,574104,11,2428,2,36000,1.00453047776
571665,571671,573966,6,2295,2,36000,1.00261437908
571680,571689,575251,9,3562,2,18000,1.00252667041
571695,571701,575366,6,3665,2,18000,1.00163710778
571710,571718,575468,8,3750,2,18000,1.00213333333
571737,571743,573592,6,1849,2,36000,1.0032449973
571743,571749,573577,6,1828,2,36000,1.00328227571
571764,571770,573603,6,1833,2,36000,1.00327332242
571922,571928,574085,6,2157,2,36000,1.00278164117
572073,572082,575547,9,3465,2,18000,1.0025974026
572110,572118,575319,8,3201,2,18000,1.00249921899
572206,572216,575535,10,3319,2,18000,1.00301295571
572236,572247,575359,11,3112,2,18000,1.00353470437
572251,572258,575699,7,3441,2,18000,1.00203429236
572253,572264,575675,11,3411,2,18000,1.00322486074
572458,572464,575008,6,2544,2,36000,1.00235849057
572518,572527,575639,9,3112,2,18000,1.00289203085
572608,572614,575104,6,2490,2,36000,1.00240963855
572629,572635,574990,6,2355,2,36000,1.0025477707
572670,572676,574634,6,1958,2,36000,1.00306435138
572688,572697,576102,9,3405,2,18000,1.00264317181
572711,572720,576116,9,3396,2,18000,1.00265017668
572729,572740,576006,11,3266,2,18000,1.00336803429
572769,572779,575892,10,3113,2,18000,1.00321233537
572859,572865,575266,6,2401,2,36000,1.00249895877
572895,572904,576247,9,3343,2,18000,1.00269219264
573042,573053,575152,11,2099,2,36000,1.00524059076
573042,573048,575174,6,2126,2,36000,1.00282220132
573059,573069,576603,10,3534,2,18000,1.00282965478
573079,573086,575121,7,2035,2,36000,1.00343980344
573585,573591,576156,6,2565,2,36000,1.00233918129
573601,573607,576056,6,2449,2,36000,1.00244997958
573611,573617,576088,6,2471,2,36000,1.00242816673
573703,573709,576228,6,2519,2,36000,1.00238189758
573825,573832,576085,7,2253,2,36000,1.00310696849
573862,573868,576260,6,2392,2,36000,1.0025083612
573922,573932,577198,10,3266,2,18000,1.00306184936
573974,573981,576270,7,2289,2,36000,1.00305810398
573986,573996,577066,10,3070,2,18000,1.00325732899
573995,574002,576396,7,2394,2,36000,1.00292397661
574006,574012,576462,6,2450,2,36000,1.00244897959
574073,574079,576163,6,2084,2,36000,1.00287907869
574094,574100,576424,6,2324,2,36000,1.00258175559
574109,574115,576421,6,2306,2,36000,1.00260190807
574355,574364,577478,9,3114,2,18000,1.00289017341
574643,574650,576979,7,2329,2,36000,1.00300558179
574820,574830,578308,10,3478,2,18000,1.00287521564
574996,575001,577271,5,2270,2,36000,1.00220264317
575016,575022,577421,6,2399,2,36000,1.0025010421
575110,575116,577369,6,2253,2,36000,1.00266311585
575131,575137,577248,6,2111,2,36000,1.00284225486
575162,575168,577469,6,2301,2,36000,1.00260756193
575183,575189,577573,6,2384,2,36000,1.00251677852
575254,575263,578367,9,3104,2,18000,1.00289948454
575275,575281,577345,6,2064,2,36000,1.00290697674
575321,575331,578679,10,3348,2,18000,1.00298685783
575361,575370,579073,9,3703,2,18000,1.00243046179
575372,575378,577901,6,2523,2,36000,1.00237812128
575376,575479,579192,103,3713,2,18000,1.02774037167
575469,575558,578869,89,3311,2,18000,1.02688009665
575536,575546,578682,10,3136,2,18000,1.00318877551
575551,575651,578965,100,3314,2,18000,1.03017501509
575643,575710,578983,67,3273,2,18000,1.02047051635
575677,575686,578768,9,3082,2,18000,1.0029201817
575702,575903,579255,201,3352,2,18000,1.05996420048
575894,576017,579791,123,3774,2,18000,1.03259141494
576006,576068,579613,62,3545,2,18000,1.01748942172
576093,576099,578265,6,2166,2,36000,1.0027700831
576094,576105,578298,11,2193,2,36000,1.00501595987
576107,576113,579729,6,3616,2,18000,1.00165929204
576122,576127,579276,5,3149,2,18000,1.00158780565
576165,576171,578387,6,2216,2,36000,1.00270758123
576170,576177,578473,7,2296,2,36000,1.00304878049
576234,576240,578286,6,2046,2,36000,1.00293255132
576251,576258,579634,7,3376,2,18000,1.00207345972
576267,576273,578366,6,2093,2,36000,1.00286669852
576280,576286,578491,6,2205,2,36000,1.00272108844
576402,576408,578911,6,2503,2,36000,1.00239712345
576430,576435,578749,5,2314,2,36000,1.00216076059
576431,576441,578898,10,2457,2,36000,1.00407000407
576468,576474,578437,6,1963,2,36000,1.0030565461
576604,576615,579753,11,3138,2,18000,1.00350541746
576986,576992,579364,6,2372,2,36000,1.00252951096
577070,577078,580782,8,3704,2,18000,1.00215982721
577200,577209,580669,9,3460,2,18000,1.00260115607
577257,577263,579638,6,2375,2,36000,1.00252631579
577278,577284,579756,6,2472,2,36000,1.00242718447
577356,577362,579738,6,2376,2,36000,1.00252525253
577378,577385,579160,7,1775,2,36000,1.00394366197
577431,577437,579198,6,1761,2,36000,1.00340715503
577477,577484,579712,7,2228,2,36000,1.00314183124
577480,577490,580860,10,3370,2,18000,1.00296735905
577580,577586,579292,6,1706,2,36000,1.00351699883
577911,577917,579387,6,1470,2,36000,1.00408163265
578272,578278,580317,6,2039,2,36000,1.00294261893
578295,578302,580539,7,2237,2,36000,1.00312919088
578308,578314,580184,6,1870,2,36000,1.00320855615
578310,578320,581539,10,3219,2,18000,1.00310655483
578368,578377,581527,9,3150,2,18000,1.00285714286
578378,578383,580647,5,2264,2,36000,1.00220848057
578394,578400,580342,6,1942,2,36000,1.00308959835
578447,578453,580599,6,2146,2,36000,1.00279589935
578481,578487,580661,6,2174,2,36000,1.0027598896
578500,578506,580522,6,2016,2,36000,1.00297619048
578679,578690,582325,11,3635,2,18000,1.0030261348
578689,578696,580578,7,1882,2,36000,1.0037194474
578694,578760,582167,66,3407,2,18000,1.01937188142
578771,578780,582268,9,3488,2,18000,1.00258027523
578871,578880,582388,9,3508,2,18000,1.00256556442
578905,578911,580932,6,2021,2,36000,1.00296882731
578921,578927,580595,6,1668,2,36000,1.0035971223
578968,578977,582257,9,3280,2,18000,1.00274390244
578986,578994,582242,8,3248,2,18000,1.00246305419
579073,579084,582754,11,3670,2,18000,1.0029972752
579165,579171,580589,6,1418,2,36000,1.00423131171
579194,579203,582468,9,3265,2,18000,1.00275650842
579207,579213,580862,6,1649,2,36000,1.00363856883
579258,579266,582546,8,3280,2,18000,1.00243902439
579279,579287,582672,8,3385,2,18000,1.0023633678
579329,579335,581613,6,2278,2,36000,1.00263388938
579370,579376,581626,6,2250,2,36000,1.00266666667
579396,579402,581701,6,2299,2,36000,1.00260983036
579614,579624,583314,10,3690,2,18000,1.0027100271
579635,579645,582891,10,3246,2,18000,1.00308071473
579648,579654,582044,6,2390,2,36000,1.00251046025
579718,579724,582168,6,2444,2,36000,1.00245499182
579732,579740,583084,8,3344,2,18000,1.0023923445
579744,579750,582099,6,2349,2,36000,1.00255427842
579756,579764,582867,8,3103,2,18000,1.00257815018
579765,579771,582251,6,2480,2,36000,1.00241935484
579792,579802,583392,10,3590,2,18000,1.00278551532
580194,580200,582616,6,2416,2,36000,1.00248344371
580327,580333,582783,6,2450,2,36000,1.00244897959
580348,580353,582572,5,2219,2,36000,1.00225326724
580532,580538,582790,6,2252,2,36000,1.0026642984
580548,580554,582842,6,2288,2,36000,1.00262237762
580585,580591,583048,6,2457,2,36000,1.00244200244
580596,580602,583139,6,2537,2,36000,1.00236499803
580602,580608,583096,6,2488,2,36000,1.00241157556
580607,580614,583132,7,2518,2,36000,1.00277998411
580653,580659,583123,6,2464,2,36000,1.00243506494
580669,580675,583141,6,2466,2,36000,1.00243309002
580669,580681,584466,12,3785,2,18000,1.00317040951
580785,580794,584009,9,3215,2,18000,1.00279937792
580861,580872,584478,11,3606,2,18000,1.00305047144
580869,580878,583274,9,2396,2,36000,1.00375626043
580942,580948,583363,6,2415,2,36000,1.00248447205
581528,581538,585100,10,3562,2,18000,1.00280741157
581543,581551,585061,8,3510,2,18000,1.00227920228
581623,581629,583622,6,1993,2,36000,1.00301053688
581634,581640,583586,6,1946,2,36000,1.00308324769
581710,581716,583591,6,1875,2,36000,1.0032
582053,582059,584546,6,2487,2,36000,1.00241254524
582105,582110,584120,5,2010,2,36000,1.00248756219
582168,582178,585758,10,3580,2,18000,1.00279329609
582177,582184,584331,7,2147,2,36000,1.0032603633
582244,582254,585737,10,3483,2,18000,1.00287108814
582258,582265,585449,7,3184,2,18000,1.00219849246
582264,582271,584091,7,1820,2,36000,1.00384615385
582273,582279,585738,6,3459,2,18000,1.00173460538
582327,582337,585985,10,3648,2,18000,1.00274122807
582391,582399,585580,8,3181,2,18000,1.00251493241
582469,582479,585611,10,3132,2,18000,1.00319284802
582548,582557,585719,9,3162,2,18000,1.00284629981
582581,582587,584528,6,1941,2,36000,1.00309119011
582622,582627,584810,5,2183,2,36000,1.00229042602
582675,582683,586104,8,3421,2,18000,1.00233849752
582756,582765,586406,9,3641,2,18000,1.00247184839
582789,582795,584736,6,1941,2,36000,1.00309119011
582800,582806,584994,6,2188,2,36000,1.00274223035
582851,582857,585230,6,2373,2,36000,1.00252844501
582868,582878,586050,10,3172,2,18000,1.00315258512
582892,582903,586488,11,3585,2,18000,1.00306834031
583057,583063,585546,6,2483,2,36000,1.00241643174
583086,583095,586723,9,3628,2,18000,1.00248070562
583104,583110,585663,6,2553,2,36000,1.00235017626
583130,583136,585674,6,2538,2,36000,1.00236406619
583140,583146,585663,6,2517,2,36000,1.00238379023
583146,583152,585697,6,2545,2,36000,1.00235756385
583151,583158,585622,7,2464,2,36000,1.00284090909
583284,583290,585341,6,2051,2,36000,1.00292540224
583316,583325,586609,9,3284,2,18000,1.00274056029
583371,583377,585578,6,2201,2,36000,1.00272603362
583395,583404,587079,9,3675,2,18000,1.00244897959
583593,583599,585265,6,1666,2,36000,1.00360144058
583600,583606,585344,6,1738,2,36000,1.00345224396
583631,583637,586160,6,2523,2,36000,1.00237812128
584012,584020,587578,8,3558,2,18000,1.00224845419
584100,584106,586206,6,2100,2,36000,1.00285714286
584126,584131,586425,5,2294,2,36000,1.00217959895
584340,584346,586466,6,2120,2,36000,1.00283018868
584469,584478,588072,9,3594,2,18000,1.00250417362
584484,584490,587667,6,3177,2,18000,1.00188857413
584537,584543,586899,6,2356,2,36000,1.0025466893
584553,584559,586523,6,1964,2,36000,1.00305498982
584742,584748,587124,6,2376,2,36000,1.00252525253
584820,584826,587287,6,2461,2,36000,1.00243803332
585004,585010,587224,6,2214,2,36000,1.0027100271
585064,585072,588181,8,3109,2,18000,1.00257317465
585101,585111,588237,10,3126,2,18000,1.00319897633
585240,585246,587380,6,2134,2,36000,1.00281162137
585271,585278,587239,7,1961,2,36000,1.00356960734
585349,585355,587620,6,2265,2,36000,1.00264900662
585354,585361,587324,7,1963,2,36000,1.00356597045
585451,585461,588813,10,3352,2,18000,1.00298329356
585556,585562,587690,6,2128,2,36000,1.00281954887
585583,585589,588858,6,3269,2,18000,1.00183542368
585588,585595,587934,7,2339,2,36000,1.00299273194
585613,585622,588995,9,3373,2,18000,1.00266824785
585629,585635,588105,6,2470,2,36000,1.0024291498
585671,585676,587902,5,2226,2,36000,1.00224618149
585671,585682,587810,11,2128,2,36000,1.00516917293
585681,585688,587879,7,2191,2,36000,1.00319488818
585702,585708,587934,6,2226,2,36000,1.00269541779
585722,585730,589408,8,3678,2,18000,1.00217509516
585741,585748,589322,7,3574,2,18000,1.00195858982
585742,585754,589293,12,3539,2,18000,1.00339078836
585760,585769,589309,9,3540,2,18000,1.00254237288
585988,585996,589034,8,3038,2,18000,1.00263331139
586052,586061,589635,9,3574,2,18000,1.00251818691
586107,586115,589596,8,3481,2,18000,1.00229819018
586167,586174,588143,7,1969,2,36000,1.00355510411
586216,586222,588385,6,2163,2,36000,1.0027739251
586409,586417,589494,8,3077,2,18000,1.002599935
586432,586438,588742,6,2304,2,36000,1.00260416667
586475,586482,588894,7,2412,2,36000,1.00290215589
586492,586500,589644,8,3144,2,18000,1.00254452926
586533,586540,588997,7,2457,2,36000,1.00284900285
586610,586620,590109,10,3489,2,18000,1.00286615076
586727,586734,590099,7,3365,2,18000,1.00208023774
586907,586913,589378,6,2465,2,36000,1.00243407708
587083,587090,590248,7,3158,2,18000,1.00221659278
587134,587140,588727,6,1587,2,36000,1.00378071834
587231,587238,588727,7,1489,2,36000,1.00470114171
587247,587253,588684,6,1431,2,36000,1.00419287212
587294,587300,588717,6,1417,2,36000,1.00423429781
587330,587335,588677,5,1342,2,36000,1.00372578241
587388,587394,589362,6,1968,2,36000,1.00304878049
587581,587590,591044,9,3454,2,18000,1.00260567458
587626,587632,589153,6,1521,2,36000,1.00394477318
587669,587678,591285,9,3607,2,18000,1.00249514832
587698,587704,589889,6,2185,2,36000,1.00274599542
587818,587824,589855,6,2031,2,36000,1.00295420975
587885,587891,590218,6,2327,2,36000,1.00257842716
587911,587917,589980,6,2063,2,36000,1.00290838585
587943,587954,590008,11,2054,2,36000,1.00535540409
587943,587948,589888,5,1940,2,36000,1.00257731959
588073,588083,591682,10,3599,2,18000,1.0027785496
588114,588120,590049,6,1929,2,36000,1.00311041991
588150,588156,589766,6,1610,2,36000,1.00372670807
588183,588192,591215,9,3023,2,18000,1.00297717499
588240,588249,591838,9,3589,2,18000,1.0025076623
588395,588401,590176,6,1775,2,36000,1.00338028169
588686,588692,590988,6,2296,2,36000,1.00261324042
588693,588699,591181,6,2482,2,36000,1.00241740532
588725,588731,590604,6,1873,2,36000,1.00320341698
588736,588743,590914,7,2171,2,36000,1.00322432059
588737,588748,590979,11,2231,2,36000,1.00493052443
588756,588762,591236,6,2474,2,36000,1.00242522231
588814,588824,592546,10,3722,2,18000,1.00268672757
588861,588870,592252,9,3382,2,18000,1.00266114725
588901,588907,591172,6,2265,2,36000,1.00264900662
588998,589006,592642,8,3636,2,18000,1.00220022002
589005,589012,591075,7,2063,2,36000,1.00339311682
589036,589045,592734,9,3689,2,18000,1.00243968555
589161,589167,591589,6,2422,2,36000,1.00247729149
589294,589305,592263,11,2958,2,18000,1.00371872887
589311,589320,592962,9,3642,2,18000,1.00247116969
589327,589333,592404,6,3071,2,18000,1.00195376099
589369,589375,591911,6,2536,2,36000,1.0023659306
589386,589392,591937,6,2545,2,36000,1.00235756385
589411,589420,593129,9,3709,2,18000,1.00242653006
589499,589506,592934,7,3428,2,18000,1.002042007
589601,589606,592764,5,3158,2,18000,1.00158328056
589636,589646,593204,10,3558,2,18000,1.00281056773
589651,589657,592996,6,3339,2,18000,1.00179694519
589776,589782,591968,6,2186,2,36000,1.00274473925
589863,589869,592134,6,2265,2,36000,1.00264900662
589895,589906,592203,11,2297,2,36000,1.00478885503
589895,589900,592273,5,2373,2,36000,1.00210703751
589989,589996,592226,7,2230,2,36000,1.00313901345
590016,590022,592421,6,2399,2,36000,1.0025010421
590057,590063,592255,6,2192,2,36000,1.00273722628
590102,590110,593661,8,3551,2,18000,1.00225288651
590117,590123,593718,6,3595,2,18000,1.0016689847
590185,590191,592737,6,2546,2,36000,1.00235663786
590226,590233,592201,7,1968,2,36000,1.00355691057
590251,590259,593413,8,3154,2,18000,1.00253646164
590613,590619,592799,6,2180,2,36000,1.00275229358
590837,590843,590844,6,1,2,300,1.0
590924,590930,593366,6,2436,2,36000,1.00246305419
590939,590945,590946,6,1,2,300,1.0
590987,590993,593456,6,2463,2,36000,1.00243605359
590998,591004,593424,6,2420,2,36000,1.00247933884
591046,591055,594793,9,3738,2,18000,1.00240770465
591085,591091,593590,6,2499,2,36000,1.00240096038
591182,591188,593467,6,2279,2,36000,1.00263273366
591188,591194,593409,6,2215,2,36000,1.00270880361
591218,591226,594740,8,3514,2,18000,1.00227660785
591245,591251,593431,6,2180,2,36000,1.00275229358
591288,591296,594850,8,3554,2,18000,1.00225098481
591596,591602,593526,6,1924,2,36000,1.00311850312
591685,591693,595273,8,3580,2,18000,1.00223463687
591840,591849,595290,9,3441,2,18000,1.00261551874
591918,591924,593910,6,1986,2,36000,1.00302114804
591945,591951,593646,6,1695,2,36000,1.00353982301
591977,591984,594157,7,2173,2,36000,1.00322135297
592142,592148,594126,6,1978,2,36000,1.00303336704
592211,592216,594205,5,1989,2,36000,1.00251382604
592211,592222,594504,11,2282,2,36000,1.00482033304
592232,592239,594506,7,2267,2,36000,1.00308778121
592255,592263,595352,8,3089,2,18000,1.0025898349
592265,592271,594783,6,2512,2,36000,1.00238853503
592270,592277,595921,7,3644,2,18000,1.00192096597
592281,592287,594812,6,2525,2,36000,1.00237623762
592406,592415,596021,9,3606,2,18000,1.00249584027
592428,592434,594976,6,2542,2,36000,1.00236034618
592547,592558,596193,11,3635,2,18000,1.0030261348
592645,592653,596140,8,3487,2,18000,1.00229423573
592735,592745,596238,10,3493,2,18000,1.00286286859
592742,592751,594838,9,2087,2,36000,1.00431241016
592765,592776,596413,11,3637,2,18000,1.00302447072
592804,592810,594729,6,1919,2,36000,1.00312662845
592934,592945,596374,11,3429,2,18000,1.00320793234
592965,592973,596712,8,3739,2,18000,1.00213960952
592998,593008,596115,10,3107,2,18000,1.00321853878
593131,593140,596642,9,3502,2,18000,1.00256996002
593207,593215,596934,8,3719,2,18000,1.00215111589
593376,593382,595561,6,2179,2,36000,1.00275355668
593416,593422,597007,6,3585,2,18000,1.00167364017
593418,593428,595458,10,2030,2,36000,1.00492610837
593435,593441,595678,6,2237,2,36000,1.00268216361
593440,593447,595974,7,2527,2,36000,1.0027700831
593461,593467,595872,6,2405,2,36000,1.00249480249
593477,593484,595997,7,2513,2,36000,1.00278551532
593536,593542,596036,6,2494,2,36000,1.00240577386
593598,593604,596069,6,2465,2,36000,1.00243407708
593655,593661,596148,6,2487,2,36000,1.00241254524
593662,593672,597078,10,3406,2,18000,1.0029359953
593719,593729,597447,10,3718,2,18000,1.00268961807
593915,593921,596220,6,2299,2,36000,1.00260983036
594136,594142,596543,6,2401,2,36000,1.00249895877
594167,594173,596640,6,2467,2,36000,1.00243210377
594213,594220,596672,7,2452,2,36000,1.0028548124
594513,594518,596716,5,2198,2,36000,1.00227479527
594513,594523,596674,10,2151,2,36000,1.00464900046
594738,594744,596987,6,2243,2,36000,1.00267498885
594741,594751,597899,10,3148,2,18000,1.00317662008
594790,594796,597121,6,2325,2,36000,1.00258064516
594796,594804,598456,8,3652,2,18000,1.0021905805
594823,594829,597382,6,2553,2,36000,1.00235017626
594844,594851,597336,7,2485,2,36000,1.00281690141
594853,594861,598379,8,3518,2,18000,1.00227401933
594984,594990,597018,6,2028,2,36000,1.00295857988
595274,595284,598946,10,3662,2,18000,1.00273074823
595293,595302,598885,9,3583,2,18000,1.00251186157
595353,595364,598718,11,3354,2,18000,1.00327966607
595466,595472,597821,6,2349,2,36000,1.00255427842
595569,595575,597750,6,2175,2,36000,1.00275862069
595687,595693,597412,6,1719,2,36000,1.0034904014
595883,595889,597850,6,1961,2,36000,1.00305966344
595923,595932,599036,9,3104,2,18000,1.00289948454
595981,595987,598095,6,2108,2,36000,1.00284629981
596007,596013,597977,6,1964,2,36000,1.00305498982
596022,596033,599324,11,3291,2,18000,1.0033424491
596043,596049,598346,6,2297,2,36000,1.00261210274
596075,596081,598450,6,2369,2,36000,1.00253271423
596116,596126,599790,10,3664,2,18000,1.00272925764
596140,596151,599709,11,3558,2,18000,1.00309162451
596158,596164,598450,6,2286,2,36000,1.00262467192
596195,596204,599825,9,3621,2,18000,1.00248550124
596230,596236,598525,6,2289,2,36000,1.00262123198
596240,596249,599744,9,3495,2,18000,1.0025751073
596376,596386,599513,10,3127,2,18000,1.00319795331
596415,596424,599918,9,3494,2,18000,1.0025758443
596553,596559,598478,6,1919,2,36000,1.00312662845
596645,596651,600119,6,3468,2,18000,1.00173010381
596650,596657,598784,7,2127,2,36000,1.00329102022
596681,596688,598566,7,1878,2,36000,1.00372736954
596682,596693,598794,11,2101,2,36000,1.00523560209
596715,596723,600110,8,3387,2,18000,1.00236197225
596726,596732,599170,6,2438,2,36000,1.00246103363
596936,596945,600539,9,3594,2,18000,1.00250417362
596993,596998,598905,5,1907,2,36000,1.00262191924
597009,597018,600420,9,3402,2,18000,1.00264550265
597024,597030,598813,6,1783,2,36000,1.00336511497
597081,597090,600440,9,3350,2,18000,1.00268656716
597129,597135,599125,6,1990,2,36000,1.00301507538
597343,597349,599014,6,1665,2,36000,1.0036036036
597387,597393,598772,6,1379,2,36000,1.00435097897
597424,597430,599525,6,2095,2,36000,1.00286396181
597447,597458,600986,11,3528,2,18000,1.00311791383
597756,597762,599475,6,1713,2,36000,1.00350262697
597831,597838,599822,7,1984,2,36000,1.00352822581
597861,597867,599947,6,2080,2,36000,1.00288461538
597899,597910,601485,11,3575,2,18000,1.00307692308
597983,597989,599579,6,1590,2,36000,1.00377358491
598103,598110,599629,7,1519,2,36000,1.00460829493
598330,598337,598365,7,28,2,300,1.25
598358,598364,600249,6,1885,2,36000,1.00318302387
598376,598382,598437,6,55,2,360,1.10909090909
598383,598390,602005,7,3615,2,18000,1.00193637621
598445,598451,598686,6,235,2,360,1.02553191489
598447,598457,598510,10,53,2,300,1.18867924528
598457,598468,600500,11,2032,2,36000,1.00541338583
598457,598462,600611,5,2149,2,36000,1.00232666356
598459,598474,601573,15,3099,2,18000,1.00484027106
598489,598495,600616,6,2121,2,36000,1.00282885431
598518,598524,598772,6,248,2,300,1.02419354839
598530,598536,600438,6,1902,2,36000,1.00315457413
598571,598577,600742,6,2165,2,36000,1.00277136259
598694,598700,598719,6,19,2,300,1.31578947368
598719,598730,602043,11,3313,2,18000,1.00332025355
598727,598736,598761,9,25,2,300,1.36
598769,598776,598806,7,30,2,360,1.23333333333
598780,598786,598802,6,16,2,300,1.375
598782,598792,600952,10,2160,2,36000,1.00462962963
598792,598798,600758,6,1960,2,36000,1.00306122449
598803,598810,600892,7,2082,2,36000,1.00336215178
598809,598816,598848,7,32,2,300,1.21875
598814,598822,599131,8,309,2,300,1.02588996764
598819,598828,600407,9,1579,2,36000,1.00569981001
598856,598862,598892,6,30,2,300,1.2
598887,598896,602124,9,3228,2,18000,1.00278810409
598900,598906,599217,6,311,2,300,1.0192926045
598912,598919,600593,7,1674,2,36000,1.00418160096
598949,598957,602005,8,3048,2,18000,1.00262467192
599021,599027,600743,6,1716,2,36000,1.0034965035
599037,599047,602419,10,3372,2,18000,1.00296559905
599134,599141,600628,7,1487,2,36000,1.00470746469
599145,599151,599347,6,196,2,360,1.0306122449
599210,599217,601694,7,2477,2,36000,1.00282599919
599328,599336,602887,8,3551,2,18000,1.00225288651
599485,599491,601620,6,2129,2,36000,1.00281822452
599515,599524,602898,9,3374,2,18000,1.00266745702
599532,599538,601581,6,2043,2,36000,1.00293685756
599589,599596,602113,7,2517,2,36000,1.0027810886
599637,599643,602046,6,2403,2,36000,1.0024968789
599709,599720,603375,11,3655,2,18000,1.00300957592
599749,599754,603280,5,3526,2,18000,1.00141803744
599794,599802,603367,8,3565,2,18000,1.00224403927
599828,599834,603049,6,3215,2,18000,1.00186625194
599834,599840,601725,6,1885,2,36000,1.00318302387
599919,599929,603059,10,3130,2,18000,1.00319488818
599954,599960,601827,6,1867,2,36000,1.00321371184
600115,600121,603618,6,3497,2,18000,1.00171575636
600125,600131,601937,6,1806,2,36000,1.00332225914
600130,600260,603712,130,3452,2,18000,1.03765932793
600319,600325,600326,6,1,1,900,1.0
600321,600362,600363,41,1,1,900,4.2
600327,600383,600384,56,1,1,900,5.7
600345,600389,600391,44,2,1,129600,4.6
600346,600410,600411,64,1,1,129600,6.5
600346,600405,600406,59,1,1,129600,6.0
600346,600400,600401,54,1,1,129600,5.5
600346,600395,600396,49,1,1,129600,5.0
600347,600436,600438,89,2,1,129600,9.1
600347,600431,600432,84,1,1,129600,8.5
600347,600426,600427,79,1,1,129600,8.0
600347,600420,600422,73,2,1,129600,7.5
600347,600415,600416,68,1,1,129600,6.9
600348,600441,600443,93,2,1,129600,9.5
600348,600452,600453,104,1,1,129600,10.5
600348,600457,600458,109,1,1,129600,11.0
600348,600462,600463,114,1,1,129600,11.5
600348,600447,600448,99,1,1,129600,10.0
600349,600468,600469,119,1,1,129600,12.0
600349,600473,600474,124,1,1,129600,12.5
600349,600478,600480,129,2,1,129600,13.1
600349,600483,600485,134,2,1,129600,13.6
600350,600510,600511,160,1,1,129600,16.1
600350,600499,600500,149,1,1,129600,15.0
600350,600504,600506,154,2,1,129600,15.6
600350,600494,600495,144,1,1,129600,14.5
600350,600489,600490,139,1,1,129600,14.0
600351,600515,600516,164,1,1,129600,16.5
600351,600548,600549,197,1,1,129600,19.8
600351,600553,600554,202,1,1,129600,20.3
600351,600558,600559,207,1,1,129600,20.8
600352,600569,600570,217,1,1,129600,21.8
600352,600574,600575,222,1,1,129600,22.3
600352,600579,600580,227,1,1,129600,22.8
600352,600584,600585,232,1,1,129600,23.3
600353,600595,600596,242,1,1,129600,24.3
600414,600522,603078,108,2556,2,36000,1.04225352113
600421,600528,604134,107,3606,2,18000,1.02967276761
600443,600533,603557,90,3024,2,18000,1.02976190476
600445,600538,603039,93,2501,2,36000,1.03718512595
600510,600543,603030,33,2487,2,36000,1.01326899879
600540,600602,604069,62,3467,2,18000,1.01788289588
600599,600608,603054,9,2446,2,36000,1.0036794767
600620,600626,602973,6,2347,2,36000,1.00255645505
600626,600633,603070,7,2437,2,36000,1.00287238408
600637,600643,602716,6,2073,2,36000,1.00289435601
600750,600756,603062,6,2306,2,36000,1.00260190807
600750,600761,602996,11,2235,2,36000,1.00492170022
600766,600772,602908,6,2136,2,36000,1.00280898876
600899,600905,603201,6,2296,2,36000,1.00261324042
600961,600968,603093,7,2125,2,36000,1.00329411765
600988,600997,604568,9,3571,2,18000,1.00252030244
601482,601496,604629,14,3133,2,18000,1.00446856049
601573,601584,605184,11,3600,2,18000,1.00305555556
601591,601597,603809,6,2212,2,36000,1.0027124774
601627,601634,603987,7,2353,2,36000,1.00297492563
601701,601707,603810,6,2103,2,36000,1.00285306705
601732,601738,603972,6,2234,2,36000,1.00268576544
601736,601744,601811,8,67,4,3540,1.11940298507
601738,601749,601811,11,62,2,3540,1.17741935484
601837,601843,604334,6,2491,2,36000,1.00240867122
601943,601949,604417,6,2468,2,36000,1.00243111831
602008,602016,605286,8,3270,2,18000,1.00244648318
602010,602022,605231,12,3209,2,18000,1.0037394827
602044,602054,605765,10,3711,2,18000,1.00269469146
602056,602062,604482,6,2420,2,36000,1.00247933884
602123,602129,604396,6,2267,2,36000,1.00264666961
602125,602134,605255,9,3121,2,18000,1.00288369112
602159,602175,602176,16,1,1,129600,1.7
602159,602186,602187,27,1,1,129600,2.8
602159,602170,602171,11,1,1,129600,1.2
602159,602164,731781,5,129617,1,129600,1.00003857519
602159,602181,602182,22,1,1,129600,2.3
602160,602197,602198,37,1,1,129600,3.8
602160,602207,602208,47,1,1,129600,4.8
602160,602202,731815,42,129613,1,129600,1.00032404157
602160,602191,602192,31,1,1,129600,3.2
602161,602217,602219,56,2,1,129600,5.8
602161,602212,602214,51,2,1,129600,5.3
602161,602228,602229,67,1,1,129600,6.8
602161,602233,602234,72,1,1,129600,7.3
602162,602243,731853,81,129610,1,129600,1.00062495178
602162,602248,602250,86,2,1,129600,8.8
602162,602238,602239,76,1,1,129600,7.7
602162,602254,602255,92,1,1,129600,9.3
602163,602262,602264,99,2,1,129600,10.1
602163,602270,602271,107,1,1,129600,10.8
602163,602276,602277,113,1,1,129600,11.4
602163,602281,602282,118,1,1,129600,11.9
602163,602286,602287,123,1,1,129600,12.4
602164,602307,602308,143,1,1,129600,14.4
602164,602302,602303,138,1,1,129600,13.9
602164,602297,602298,133,1,1,129600,13.4
602164,602291,602293,127,2,1,129600,12.9
602165,602325,602326,160,1,1,129600,16.1
602165,602317,602320,152,3,1,129600,15.5
602165,602312,602314,147,2,1,129600,14.9
602165,602330,602332,165,2,1,129600,16.7
602166,602341,602342,175,1,1,129600,17.6
602166,602346,602347,180,1,1,129600,18.1
602166,602351,602352,185,1,1,129600,18.6
602166,602336,602337,170,1,1,129600,17.1
602167,602356,602357,189,1,1,129600,19.0
602423,602431,605777,8,3346,2,18000,1.00239091452
602722,602727,604744,5,2017,2,36000,1.0024789291
602890,602898,606536,8,3638,2,18000,1.00219901045
602904,602910,604804,6,1894,2,36000,1.00316789863
602905,602919,606229,14,3310,2,18000,1.00422960725
602983,602989,605034,6,2045,2,36000,1.00293398533
603005,603011,604904,6,1893,2,36000,1.00316957211
603042,603048,605258,6,2210,2,36000,1.00271493213
603049,603056,605016,7,1960,2,36000,1.00357142857
603052,603062,606616,10,3554,2,18000,1.00281373101
603062,603068,605240,6,2172,2,36000,1.00276243094
603067,603074,606631,7,3557,2,18000,1.00196795052
603067,603079,604900,12,1821,2,36000,1.00658978583
603080,603087,604900,7,1813,2,36000,1.00386100386
603088,603094,605592,6,2498,2,36000,1.00240192154
603103,603109,604877,6,1768,2,36000,1.00339366516
603208,603214,605365,6,2151,2,36000,1.00278940028
603282,603291,606726,9,3435,2,18000,1.00262008734
603370,603378,607146,8,3768,2,18000,1.00212314225
603381,603387,605808,6,2421,2,36000,1.00247831475
603385,603568,606724,183,3156,2,18000,1.05798479087
603558,603629,607169,71,3540,2,18000,1.02005649718
603619,603723,607253,104,3530,2,18000,1.02946175637
603713,603820,607542,107,3722,2,18000,1.02874798495
603818,603826,606029,8,2203,2,36000,1.00363141171
603980,603986,605640,6,1654,2,36000,1.00362756953
603996,604002,605807,6,1805,2,36000,1.00332409972
604071,604080,607679,9,3599,2,18000,1.00250069464
604134,604145,607318,11,3173,2,18000,1.00346675071
604341,604347,606408,6,2061,2,36000,1.00291120815
604403,604409,606671,6,2262,2,36000,1.00265251989
604424,604430,606662,6,2232,2,36000,1.00268817204
604491,604498,606400,7,1902,2,36000,1.00368033649
604568,604579,607817,11,3238,2,18000,1.00339715874
604632,604641,607886,9,3245,2,18000,1.00277349769
604754,604760,606960,6,2200,2,36000,1.00272727273
