SubmitTime,StartTime,EndTime,QueuedTime,RunTime,NodesRequested,walltime,bslowdown
351,359,3041,8,2682,2,18000,1.00298284862
485,494,3290,9,2796,2,18000,1.00321888412
567,576,3377,9,2801,2,18000,1.00321313816
568,582,3340,14,2758,2,18000,1.00507614213
595,603,3270,8,2667,2,18000,1.00299962505
674,680,3510,6,2830,2,18000,1.00212014134
711,720,3543,9,2823,2,18000,1.00318809777
781,791,3588,10,2797,2,18000,1.00357525921
798,804,3640,6,2836,2,18000,1.00211565585
799,810,3609,11,2799,2,18000,1.00392997499
815,825,3663,10,2838,2,18000,1.00352360817
875,881,3221,6,2340,27,8940,1.00256410256
903,909,3707,6,2798,2,18000,1.00214438885
929,939,3760,10,2821,2,18000,1.00354484225
946,954,3786,8,2832,2,18000,1.00282485876
980,987,3793,7,2806,2,18000,1.00249465431
982,993,3719,11,2726,2,18000,1.00403521643
1000,1007,3691,7,2684,2,18000,1.00260804769
1100,1106,3821,6,2715,2,18000,1.00220994475
1116,1123,3846,7,2723,2,18000,1.00257069409
1251,1259,4029,8,2770,2,18000,1.00288808664
1273,1283,4034,10,2751,2,18000,1.0036350418
1302,1312,4027,10,2715,2,18000,1.00368324125
1359,1369,4165,10,2796,2,18000,1.00357653791
1411,1419,4141,8,2722,2,18000,1.00293901543
1445,1453,4235,8,2782,2,18000,1.00287562904
1461,1467,4022,6,2555,2,18000,1.00234833659
1476,1483,4243,7,2760,2,18000,1.00253623188
1531,1539,4360,8,2821,2,18000,1.0028358738
1634,1644,4449,10,2805,2,18000,1.00356506239
1659,1667,4465,8,2798,2,18000,1.00285918513
1709,1716,4303,7,2587,2,18000,1.00270583688
1737,1747,4449,10,2702,2,18000,1.00370096225
1765,1775,4561,10,2786,2,18000,1.00358937545
1846,1854,4593,8,2739,2,18000,1.00292077401
1915,1922,4707,7,2785,2,18000,1.00251346499
1950,1957,4803,7,2846,2,18000,1.00245959241
2087,2094,4862,7,2768,2,18000,1.00252890173
2103,2109,5005,6,2896,2,18000,1.0020718232
2232,2240,4989,8,2749,2,18000,1.00291014915
2258,2266,5086,8,2820,2,18000,1.00283687943
3044,3053,5698,9,2645,2,18000,1.0034026465
3218,3224,3230,6,6,1,900,1.2
3229,3235,5555,6,2320,27,8940,1.0025862069
3272,3282,6137,10,2855,2,18000,1.00350262697
3294,3301,6179,7,2878,2,18000,1.00243224461
3344,3351,6130,7,2779,2,18000,1.00251889169
3381,3389,6276,8,2887,2,18000,1.0027710426
3514,3522,6182,8,2660,2,18000,1.0030075188
3547,3554,6192,7,2638,2,18000,1.0026535254
3590,3600,6308,10,2708,2,18000,1.00369276219
3612,3621,6500,9,2879,2,18000,1.00312608545
3643,3651,6389,8,2738,2,18000,1.00292184076
3664,3674,6465,10,2791,2,18000,1.00358294518
3692,3702,6470,10,2768,2,18000,1.00361271676
3708,3718,6522,10,2804,2,18000,1.00356633381
3723,3731,6323,8,2592,2,18000,1.00308641975
3764,3772,6500,8,2728,2,18000,1.00293255132
3788,3797,6680,9,2883,2,18000,1.00312174818
3804,3810,6688,6,2878,2,18000,1.0020847811
3822,3832,6593,10,2761,2,18000,1.00362187613
3847,3857,6636,10,2779,2,18000,1.0035984167
4025,4033,6861,8,2828,2,18000,1.00282885431
4041,4047,6889,6,2842,2,18000,1.0021111893
4042,4053,6870,11,2817,2,18000,1.00390486333
4044,4058,6837,14,2779,2,18000,1.00503778338
4146,4152,6849,6,2697,2,18000,1.0022246941
4167,4176,6944,9,2768,2,18000,1.00325144509
4238,4247,7082,9,2835,2,18000,1.00317460317
4253,4260,7009,7,2749,2,18000,1.0025463805
4306,4314,7059,8,2745,2,18000,1.0029143898
4361,4371,7124,10,2753,2,18000,1.00363240102
4450,4460,7242,10,2782,2,18000,1.0035945363
4451,4465,7206,14,2741,2,18000,1.00510762495
4467,4476,7329,9,2853,2,18000,1.00315457413
4563,4573,7365,10,2792,2,18000,1.00358166189
4597,4605,7331,8,2726,2,18000,1.00293470286
4711,4719,7280,8,2561,2,18000,1.00312377977
4807,4814,7467,7,2653,2,18000,1.00263852243
4866,4874,7619,8,2745,2,18000,1.0029143898
4992,5000,7812,8,2812,2,18000,1.00284495021
5008,5016,7664,8,2648,2,18000,1.00302114804
5089,5098,7909,9,2811,2,18000,1.00320170758
5552,5558,5564,6,6,1,900,1.2
5564,5570,7899,6,2329,27,8940,1.00257621297
5699,5710,8561,11,2851,2,18000,1.00385829533
6133,6141,8861,8,2720,2,18000,1.00294117647
6148,6155,8910,7,2755,2,18000,1.00254083485
6180,6190,9037,10,2847,2,18000,1.00351246927
6200,6206,8881,6,2675,2,18000,1.00224299065
6201,6212,8950,11,2738,2,18000,1.00401753104
6278,6287,8809,9,2522,2,18000,1.00356859635
6309,6319,9108,10,2789,2,18000,1.00358551452
6325,6334,9001,9,2667,2,18000,1.00337457818
6393,6401,9203,8,2802,2,18000,1.0028551035
6466,6477,9293,11,2816,2,18000,1.00390625
6482,6488,9296,6,2808,2,18000,1.00213675214
6504,6511,9302,7,2791,2,18000,1.00250806163
6505,6516,9378,11,2862,2,18000,1.00384346611
6524,6533,9189,9,2656,2,18000,1.00338855422
6595,6605,9378,10,2773,2,18000,1.00360620267
6638,6647,9379,9,2732,2,18000,1.0032942899
6682,6691,9535,9,2844,2,18000,1.00316455696
6697,6703,9590,6,2887,2,18000,1.00207828195
6838,6848,9497,10,2649,2,18000,1.00377500944
6853,6860,9709,7,2849,2,18000,1.00245700246
6869,6875,9588,6,2713,2,18000,1.0022115739
6884,6890,9552,6,2662,2,18000,1.0022539444
6899,6905,9705,6,2800,2,18000,1.00214285714
6945,6955,9687,10,2732,2,18000,1.00366032211
7013,7020,9947,7,2927,2,18000,1.00239152716
7062,7070,10011,8,2941,2,18000,1.00272016321
7084,7093,9838,9,2745,2,18000,1.00327868852
7127,7135,9830,8,2695,2,18000,1.00296846011
7210,7217,10019,7,2802,2,18000,1.00249821556
7244,7253,10077,9,2824,2,18000,1.00318696884
7282,7292,10099,10,2807,2,18000,1.00356252227
7332,7340,10165,8,2825,2,18000,1.00283185841
7333,7346,10234,13,2888,2,18000,1.00450138504
7367,7376,10250,9,2874,2,18000,1.00313152401
7469,7478,10367,9,2889,2,18000,1.0031152648
7623,7630,10478,7,2848,2,18000,1.00245786517
7667,7675,10423,8,2748,2,18000,1.00291120815
7815,7823,10530,8,2707,2,18000,1.00295530107
7896,7902,7907,6,5,1,900,1.1
7908,7914,10250,6,2336,27,8940,1.00256849315
7913,7920,10706,7,2786,2,18000,1.00251256281
8355,8361,8406,6,45,16,36000,1.13333333333
8564,8572,11347,8,2775,2,18000,1.00288288288
8812,8820,11613,8,2793,2,18000,1.00286430362
8865,8872,11765,7,2893,2,18000,1.0024196336
8884,8892,11727,8,2835,2,18000,1.00282186949
8912,8921,11695,9,2774,2,18000,1.0032444124
8953,8961,11887,8,2926,2,18000,1.002734108
9003,9012,11916,9,2904,2,18000,1.00309917355
9041,9049,11864,8,2815,2,18000,1.00284191829
9112,9119,11815,7,2696,2,18000,1.00259643917
9192,9200,11912,8,2712,2,18000,1.00294985251
9208,9214,11854,6,2640,2,18000,1.00227272727
9297,9304,12062,7,2758,2,18000,1.00253807107
9298,9310,12074,12,2764,2,18000,1.00434153401
9313,9319,12132,6,2813,2,18000,1.00213295414
9382,9388,12162,6,2774,2,18000,1.0021629416
9384,9394,12245,10,2851,2,18000,1.00350754121
9385,9399,12104,14,2705,2,18000,1.00517560074
9501,9508,12220,7,2712,2,18000,1.00258112094
9537,9547,12303,10,2756,2,18000,1.00362844702
9553,9563,12164,10,2601,2,18000,1.00384467512
9591,9600,12480,9,2880,2,18000,1.003125
9606,9612,12466,6,2854,2,18000,1.00210231254
9690,9698,12461,8,2763,2,18000,1.00289540355
9708,9716,12357,8,2641,2,18000,1.00302915562
9724,9730,12434,6,2704,2,18000,1.00221893491
9831,9841,12737,10,2896,2,18000,1.00345303867
9846,9852,12694,6,2842,2,18000,1.0021111893
9951,9959,12788,8,2829,2,18000,1.00282785437
10013,10022,12773,9,2751,2,18000,1.00327153762
10028,10034,12867,6,2833,2,18000,1.00211789622
10080,10088,12803,8,2715,2,18000,1.002946593
10102,10111,12694,9,2583,2,18000,1.00348432056
10169,10177,12949,8,2772,2,18000,1.00288600289
10238,10245,13096,7,2851,2,18000,1.00245527885
10247,10253,10259,6,6,1,900,1.2
10254,10265,13079,11,2814,2,18000,1.0039090263
10259,10270,12602,11,2332,27,8940,1.00471698113
10370,10379,13114,9,2735,2,18000,1.00329067642
10426,10434,13170,8,2736,2,18000,1.00292397661
10479,10489,13346,10,2857,2,18000,1.00350017501
10532,10541,13259,9,2718,2,18000,1.00331125828
10708,10718,13647,10,2929,2,18000,1.00341413452
11348,11358,14192,10,2834,2,18000,1.00352858151
11614,11625,14274,11,2649,2,18000,1.00415251038
11698,11706,14413,8,2707,2,18000,1.00295530107
11729,11738,14516,9,2778,2,18000,1.00323974082
11766,11776,14516,10,2740,2,18000,1.00364963504
11820,11826,14673,6,2847,2,18000,1.00210748156
11857,11865,14700,8,2835,2,18000,1.00282186949
11872,11878,14573,6,2695,2,18000,1.00222634508
11888,11898,14597,10,2699,2,18000,1.00370507595
11916,11923,14598,7,2675,2,18000,1.00261682243
11932,11938,14805,6,2867,2,18000,1.00209277991
12065,12074,14743,9,2669,2,18000,1.00337204946
12080,12086,14803,6,2717,2,18000,1.002208318
12101,12115,14935,14,2820,2,18000,1.00496453901
12136,12143,15021,7,2878,2,18000,1.00243224461
12164,12173,14965,9,2792,2,18000,1.0032234957
12179,12185,14823,6,2638,2,18000,1.00227445034
12222,12231,14908,9,2677,2,18000,1.00336197236
12247,12256,15101,9,2845,2,18000,1.00316344464
12305,12315,15124,10,2809,2,18000,1.00355998576
12361,12368,15220,7,2852,2,18000,1.00245441795
12438,12446,15114,8,2668,2,18000,1.00299850075
12462,12472,15295,10,2823,2,18000,1.00354233085
12477,12484,15278,7,2794,2,18000,1.00250536865
12492,12499,15162,7,2663,2,18000,1.00262861434
12599,12605,12611,6,6,1,900,1.2
12611,12617,16609,6,3992,27,8940,1.00150300601
12699,12705,15385,6,2680,2,18000,1.00223880597
12700,12711,15361,11,2650,2,18000,1.0041509434
12740,12749,15521,9,2772,2,18000,1.00324675325
12774,12784,15515,10,2731,2,18000,1.00366166239
12792,12799,15592,7,2793,2,18000,1.00250626566
12808,12814,15707,6,2893,2,18000,1.00207397166
12870,12878,15691,8,2813,2,18000,1.00284393886
12951,12960,15822,9,2862,2,18000,1.00314465409
13081,13091,15738,10,2647,2,18000,1.00377786173
13099,13107,15815,8,2708,2,18000,1.00295420975
13119,13125,16001,6,2876,2,18000,1.00208623088
13172,13181,16057,9,2876,2,18000,1.00312934631
13272,13278,16042,6,2764,2,18000,1.002170767
13350,13358,16145,8,2787,2,18000,1.00287047004
13651,13658,16397,7,2739,2,18000,1.00255567725
14196,14204,16706,8,2502,2,18000,1.00319744205
14277,14286,17071,9,2785,2,18000,1.00323159785
14415,14425,17222,10,2797,2,18000,1.00357525921
14518,14528,17326,10,2798,2,18000,1.00357398142
14519,14533,17386,14,2853,2,18000,1.00490711532
14574,14585,17323,11,2738,2,18000,1.00401753104
14599,14608,17371,9,2763,2,18000,1.00325732899
14601,14614,17356,13,2742,2,18000,1.00474106492
14675,14685,17503,10,2818,2,18000,1.00354861604
14703,14711,17556,8,2845,2,18000,1.00281195079
14747,14754,17595,7,2841,2,18000,1.00246392115
14805,14820,17660,15,2840,2,18000,1.00528169014
14806,14814,17583,8,2769,2,18000,1.00288912965
14825,14834,17750,9,2916,2,18000,1.00308641975
14909,14919,17500,10,2581,2,18000,1.00387446726
14937,14946,17562,9,2616,2,18000,1.00344036697
14968,14976,17667,8,2691,2,18000,1.00297287254
15023,15032,17864,9,2832,2,18000,1.0031779661
15105,15112,17890,7,2778,2,18000,1.00251979842
15120,15126,17892,6,2766,2,18000,1.0021691974
15136,15142,17879,6,2737,2,18000,1.00219218122
15165,15174,18003,9,2829,2,18000,1.00318133616
15224,15231,17998,7,2767,2,18000,1.00252981568
15280,15289,18158,9,2869,2,18000,1.00313698153
15296,15306,17907,10,2601,2,18000,1.00384467512
15366,15373,18162,7,2789,2,18000,1.00250986016
15388,15396,17971,8,2575,2,18000,1.00310679612
15518,15526,18374,8,2848,2,18000,1.00280898876
15533,15539,18395,6,2856,2,18000,1.00210084034
15595,15603,18394,8,2791,2,18000,1.00286635614
15694,15702,18501,8,2799,2,18000,1.00285816363
15709,15718,18392,9,2674,2,18000,1.0033657442
15741,15749,18439,8,2690,2,18000,1.0029739777
15817,15826,18544,9,2718,2,18000,1.00331125828
15833,15839,18535,6,2696,2,18000,1.00222551929
16003,16012,18872,9,2860,2,18000,1.00314685315
16043,16053,18832,10,2779,2,18000,1.0035984167
16059,16068,18674,9,2606,2,18000,1.00345356869
16153,16159,18939,6,2780,2,18000,1.00215827338
16401,16408,19240,7,2832,2,18000,1.00247175141
16606,16612,16619,6,7,1,900,1.3
16621,16627,20410,6,3783,27,8940,1.00158604282
16709,16717,19495,8,2778,2,18000,1.00287976962
17086,17092,19742,6,2650,2,18000,1.00226415094
17226,17233,19970,7,2737,2,18000,1.00255754476
17324,17334,20123,10,2789,2,18000,1.00358551452
17339,17345,20036,6,2691,2,18000,1.0022296544
17358,17367,20191,9,2824,2,18000,1.00318696884
17373,17382,20107,9,2725,2,18000,1.00330275229
17389,17397,20062,8,2665,2,18000,1.00300187617
17503,17513,20120,10,2607,2,18000,1.00383582662
17505,17519,20286,14,2767,2,18000,1.00505963137
17560,17568,20403,8,2835,2,18000,1.00282186949
17575,17582,20205,7,2623,2,18000,1.00266869996
17591,17597,20274,6,2677,2,18000,1.0022413149
17609,17615,20473,6,2858,2,18000,1.00209937019
17662,17672,20362,10,2690,2,18000,1.00371747212
17677,17683,20263,6,2580,2,18000,1.0023255814
17751,17761,20450,10,2689,2,18000,1.00371885459
17868,17875,20631,7,2756,2,18000,1.00253991292
17884,17890,20657,6,2767,2,18000,1.00216841344
17900,17906,20805,6,2899,2,18000,1.0020696792
17901,17912,20699,11,2787,2,18000,1.0039468963
17916,17922,20723,6,2801,2,18000,1.00214209211
17975,17983,20692,8,2709,2,18000,1.00295311923
17999,18009,20820,10,2811,2,18000,1.00355745286
18015,18021,20729,6,2708,2,18000,1.00221565731
18161,18170,20890,9,2720,2,18000,1.00330882353
18176,18182,21009,6,2827,2,18000,1.00212239123
18376,18385,21133,9,2748,2,18000,1.00327510917
18395,18403,21194,8,2791,2,18000,1.00286635614
18397,18409,21183,12,2774,2,18000,1.0043258832
18398,18414,21110,16,2696,2,18000,1.0059347181
18441,18451,21198,10,2747,2,18000,1.00364033491
18503,18512,21374,9,2862,2,18000,1.00314465409
18537,18546,21386,9,2840,2,18000,1.00316901408
18553,18559,21486,6,2927,2,18000,1.00204988042
18676,18685,21510,9,2825,2,18000,1.00318584071
18841,18847,21684,6,2837,2,18000,1.00211491012
18876,18884,21750,8,2866,2,18000,1.00279134682
18941,18950,21705,9,2755,2,18000,1.00326678766
19242,19251,22081,9,2830,2,18000,1.00318021201
19498,19506,22363,8,2857,2,18000,1.00280014001
19746,19754,22495,8,2741,2,18000,1.00291864283
19974,19981,22660,7,2679,2,18000,1.00261291527
20039,20048,22853,9,2805,2,18000,1.00320855615
20064,20073,22737,9,2664,2,18000,1.00337837838
20111,20118,22837,7,2719,2,18000,1.00257447591
20127,20133,22850,6,2717,2,18000,1.002208318
20128,20139,22731,11,2592,2,18000,1.00424382716
20194,20202,23144,8,2942,2,18000,1.00271923861
20210,20216,22875,6,2659,2,18000,1.0022564874
20266,20274,23049,8,2775,2,18000,1.00288288288
20282,20288,23015,6,2727,2,18000,1.00220022002
20297,20303,22988,6,2685,2,18000,1.00223463687
20366,20374,23127,8,2753,2,18000,1.00290592081
20406,20419,23060,13,2641,2,18000,1.00492237789
20407,20413,20422,6,9,1,900,1.5
20419,20425,22172,6,1747,27,8940,1.00343445907
20465,20471,23408,6,2937,2,18000,1.00204290092
20492,20498,23085,6,2587,2,18000,1.00231928875
20633,20642,23308,9,2666,2,18000,1.00337584396
20658,20668,23359,10,2691,2,18000,1.00371609067
20695,20703,23503,8,2800,2,18000,1.00285714286
20710,20717,23431,7,2714,2,18000,1.00257921887
20726,20734,23426,8,2692,2,18000,1.0029717682
20742,20748,23603,6,2855,2,18000,1.00210157618
20808,20816,23519,8,2703,2,18000,1.00295967444
20824,20831,23529,7,2698,2,18000,1.00259451446
20892,20901,23662,9,2761,2,18000,1.00325968852
21013,21020,23781,7,2761,2,18000,1.00253531329
21112,21122,23918,10,2796,2,18000,1.00357653791
21134,21144,23807,10,2663,2,18000,1.00375516335
21185,21194,24058,9,2864,2,18000,1.0031424581
21201,21207,23923,6,2716,2,18000,1.00220913108
21202,21213,23939,11,2726,2,18000,1.00403521643
21377,21385,24243,8,2858,2,18000,1.00279916025
21392,21398,24216,6,2818,2,18000,1.00212916962
21488,21497,24377,9,2880,2,18000,1.003125
21513,21522,24490,9,2968,2,18000,1.00303234501
21605,21611,21709,6,98,1,1800,1.0612244898
21688,21695,24566,7,2871,2,18000,1.00243817485
21707,21716,24611,9,2895,2,18000,1.00310880829
21755,21761,24453,6,2692,2,18000,1.00222882615
21999,22005,22107,6,102,1,1800,1.05882352941
22083,22092,24850,9,2758,2,18000,1.00326323423
22171,22177,22178,6,1,1,900,1.0
22366,22375,25000,9,2625,2,18000,1.00342857143
22499,22506,25194,7,2688,2,18000,1.00260416667
22665,22672,25285,7,2613,2,18000,1.00267891313
22693,22700,23174,7,474,1,1800,1.01476793249
22734,22742,25269,8,2527,2,18000,1.00316580926
22749,22755,25497,6,2742,2,18000,1.00218818381
22839,22849,25563,10,2714,2,18000,1.00368459838
22856,22861,25526,5,2665,2,18000,1.00187617261
22857,22867,25745,10,2878,2,18000,1.00347463516
22879,22886,25591,7,2705,2,18000,1.00258780037
22991,22999,25822,8,2823,2,18000,1.00283386468
23016,23026,25840,10,2814,2,18000,1.00355366027
23051,23060,25788,9,2728,2,18000,1.00329912023
23066,23072,25852,6,2780,2,18000,1.00215827338
23088,23096,25857,8,2761,2,18000,1.00289750091
23129,23138,25911,9,2773,2,18000,1.0032455824
23148,23156,25874,8,2718,2,18000,1.00294334069
23328,23334,26218,6,2884,2,18000,1.00208044383
23364,23370,26229,6,2859,2,18000,1.00209863589
23411,23419,26365,8,2946,2,18000,1.0027155465
23430,23437,26244,7,2807,2,18000,1.00249376559
23446,23452,26319,6,2867,2,18000,1.00209277991
23506,23514,26124,8,2610,2,18000,1.0030651341
23521,23531,26210,10,2679,2,18000,1.0037327361
23537,23543,26216,6,2673,2,18000,1.00224466891
23606,23614,26424,8,2810,2,18000,1.00284697509
23669,23675,26358,6,2683,2,18000,1.00223630265
23782,23792,26605,10,2813,2,18000,1.00355492357
23808,23818,26744,10,2926,2,18000,1.003417635
23920,23929,26718,9,2789,2,18000,1.00322696307
23939,23945,26726,6,2781,2,18000,1.0021574973
23940,23951,26837,11,2886,2,18000,1.00381150381
24081,24087,26728,6,2641,2,18000,1.00227186672
24219,24227,26966,8,2739,2,18000,1.00292077401
24247,24255,27019,8,2764,2,18000,1.00289435601
24379,24389,27123,10,2734,2,18000,1.00365764448
24456,24464,27215,8,2751,2,18000,1.00290803344
24494,24501,27191,7,2690,2,18000,1.00260223048
24567,24577,27467,10,2890,2,18000,1.00346020761
24613,24622,27334,9,2712,2,18000,1.00331858407
24788,24794,24836,6,42,1,1800,1.14285714286
24861,24867,27718,6,2851,2,18000,1.00210452473
25008,25014,27746,6,2732,2,18000,1.00219619327
25152,25158,25227,6,69,1,1800,1.08695652174
25198,25205,28052,7,2847,2,18000,1.00245872849
25275,25281,27996,6,2715,2,18000,1.00220994475
25290,25296,28150,6,2854,2,18000,1.00210231254
25506,25513,28182,7,2669,2,18000,1.00262270513
25528,25538,28394,10,2856,2,18000,1.00350140056
25565,25574,28339,9,2765,2,18000,1.00325497288
25593,25602,28342,9,2740,2,18000,1.00328467153
25747,25756,28448,9,2692,2,18000,1.00334323923
25790,25799,28515,9,2716,2,18000,1.00331369661
25824,25834,28613,10,2779,2,18000,1.0035984167
25843,25851,28740,8,2889,2,18000,1.00276912426
25858,25864,28695,6,2831,2,18000,1.00211939244
25859,25870,28645,11,2775,2,18000,1.00396396396
25875,25885,28519,10,2634,2,18000,1.00379650721
25913,25922,28705,9,2783,2,18000,1.00323392023
26080,26086,26347,6,261,1,1800,1.02298850575
26127,26135,28898,8,2763,2,18000,1.00289540355
26211,26221,28929,10,2708,2,18000,1.00369276219
26226,26232,29057,6,2825,2,18000,1.00212389381
26227,26238,29006,11,2768,2,18000,1.00397398844
26243,26249,28979,6,2730,2,18000,1.0021978022
26259,26265,29084,6,2819,2,18000,1.00212841433
26321,26330,29122,9,2792,2,18000,1.0032234957
26373,26379,29203,6,2824,2,18000,1.00212464589
26374,26385,29150,11,2765,2,18000,1.00397830018
26427,26435,29210,8,2775,2,18000,1.00288288288
26608,26616,29282,8,2666,2,18000,1.00300075019
26720,26730,29557,10,2827,2,18000,1.00353731871
26735,26742,29267,7,2525,2,18000,1.00277227723
26737,26748,29540,11,2792,2,18000,1.00393982808
26752,26758,29523,6,2765,2,18000,1.00216998192
26839,26848,29542,9,2694,2,18000,1.00334075724
26970,26977,29694,7,2717,2,18000,1.002576371
27023,27030,29729,7,2699,2,18000,1.00259355317
27125,27134,29766,9,2632,2,18000,1.00341945289
27193,27206,29953,13,2747,2,18000,1.00473243538
27218,27227,30031,9,2804,2,18000,1.00320970043
27336,27345,30028,9,2683,2,18000,1.00335445397
27471,27478,30338,7,2860,2,18000,1.00244755245
27722,27729,30560,7,2831,2,18000,1.00247262451
27750,27757,30571,7,2814,2,18000,1.00248756219
27999,28008,30788,9,2780,2,18000,1.00323741007
28056,28064,30778,8,2714,2,18000,1.0029476787
28152,28161,30983,9,2822,2,18000,1.0031892275
28183,28194,30965,11,2771,2,18000,1.00396968603
28342,28350,30941,8,2591,2,18000,1.00308761096
28357,28363,31155,6,2792,2,18000,1.00214899713
28397,28405,31001,8,2596,2,18000,1.0030816641
28450,28459,31221,9,2762,2,18000,1.00325850833
28518,28527,31181,9,2654,2,18000,1.00339110776
28534,28540,31431,6,2891,2,18000,1.00207540643
28617,28625,31464,8,2839,2,18000,1.00281789362
28648,28656,31440,8,2784,2,18000,1.00287356322
28698,28706,31442,8,2736,2,18000,1.00292397661
28713,28719,31486,6,2767,2,18000,1.00216841344
28741,28751,31388,10,2637,2,18000,1.00379218809
28902,28909,31718,7,2809,2,18000,1.00249199003
28933,28940,31782,7,2842,2,18000,1.00246305419
28982,28990,31783,8,2793,2,18000,1.00286430362
29007,29017,31801,10,2784,2,18000,1.00359195402
29060,29069,31877,9,2808,2,18000,1.00320512821
29088,29095,31876,7,2781,2,18000,1.00251708019
29125,29134,31910,9,2776,2,18000,1.00324207493
29153,29161,31932,8,2771,2,18000,1.00288704439
29206,29214,32037,8,2823,2,18000,1.00283386468
29221,29228,32010,7,2782,2,18000,1.00251617541
29271,29278,32083,7,2805,2,18000,1.00249554367
29287,29293,32144,6,2851,2,18000,1.00210452473
29527,29534,32341,7,2807,2,18000,1.00249376559
29542,29557,32403,15,2846,2,18000,1.00527055517
29544,29551,32443,7,2892,2,18000,1.00242047026
29559,29568,32287,9,2719,2,18000,1.00331004046
29696,29705,32508,9,2803,2,18000,1.00321084552
29734,29740,32603,6,2863,2,18000,1.00209570381
29769,29777,32540,8,2763,2,18000,1.00289540355
29957,29964,32499,7,2535,2,18000,1.00276134122
30032,30039,32856,7,2817,2,18000,1.00248491303
30033,30045,32805,12,2760,2,18000,1.00434782609
30340,30349,33121,9,2772,2,18000,1.00324675325
30562,30571,33223,9,2652,2,18000,1.00339366516
30577,30583,33388,6,2805,2,18000,1.00213903743
30781,30789,33509,8,2720,2,18000,1.00294117647
30797,30803,33488,6,2685,2,18000,1.00223463687
30944,30952,33793,8,2841,2,18000,1.00281590989
30969,30976,33813,7,2837,2,18000,1.00246739514
30984,30994,33883,10,2889,2,18000,1.00346140533
31003,31013,33802,10,2789,2,18000,1.00358551452
31159,31166,33895,7,2729,2,18000,1.00256504214
31184,31192,33882,8,2690,2,18000,1.0029739777
31224,31232,34031,8,2799,2,18000,1.00285816363
31391,31399,34265,8,2866,2,18000,1.00279134682
31432,31442,34225,10,2783,2,18000,1.0035932447
31448,31453,34159,5,2706,2,18000,1.00184774575
31449,31459,34289,10,2830,2,18000,1.0035335689
31467,31475,34251,8,2776,2,18000,1.00288184438
31489,31497,34276,8,2779,2,18000,1.00287873336
31722,31729,34496,7,2767,2,18000,1.00252981568
31785,31793,34421,8,2628,2,18000,1.00304414003
31786,31798,34585,12,2787,2,18000,1.00430570506
31805,31812,34541,7,2729,2,18000,1.00256504214
31881,31887,34679,6,2792,2,18000,1.00214899713
31882,31893,34604,11,2711,2,18000,1.00405754334
31913,31921,34755,8,2834,2,18000,1.00282286521
31935,31943,34732,8,2789,2,18000,1.00286841162
32013,32022,34666,9,2644,2,18000,1.00340393343
32038,32048,34610,10,2562,2,18000,1.00390320062
32085,32094,34932,9,2838,2,18000,1.00317124736
32147,32155,35044,8,2889,2,18000,1.00276912426
32201,32207,32246,6,39,1,1800,1.15384615385
32290,32299,35115,9,2816,2,18000,1.00319602273
32343,32352,35241,9,2889,2,18000,1.0031152648
32407,32414,35289,7,2875,2,18000,1.00243478261
32447,32454,35177,7,2723,2,18000,1.00257069409
32504,32510,35161,6,2651,2,18000,1.00226329687
32519,32530,32598,11,68,1,1800,1.16176470588
32519,32525,35148,6,2623,2,18000,1.00228745711
32541,32551,35050,10,2499,2,18000,1.00400160064
32607,32614,35313,7,2699,2,18000,1.00259355317
32808,32817,35698,9,2881,2,18000,1.00312391531
32858,32867,35556,9,2689,2,18000,1.00334696913
33093,33099,33320,6,221,1,1800,1.02714932127
33125,33132,35942,7,2810,2,18000,1.0024911032
33225,33235,36016,10,2781,2,18000,1.00359582884
33398,33404,36201,6,2797,2,18000,1.00214515552
33491,33499,36365,8,2866,2,18000,1.00279134682
33513,33520,36262,7,2742,2,18000,1.00255288111
33795,33804,36606,9,2802,2,18000,1.00321199143
33810,33816,36540,6,2724,2,18000,1.00220264317
33825,33832,36607,7,2775,2,18000,1.00252252252
33884,33893,36638,9,2745,2,18000,1.00327868852
33886,33899,36684,13,2785,2,18000,1.00466786355
33901,33907,36580,6,2673,2,18000,1.00224466891
34033,34042,36684,9,2642,2,18000,1.00340651022
34162,34171,36901,9,2730,2,18000,1.0032967033
34228,34237,37127,9,2890,2,18000,1.00311418685
34253,34262,36981,9,2719,2,18000,1.00331004046
34268,34276,37109,8,2833,2,18000,1.00282386163
34283,34289,37017,6,2728,2,18000,1.00219941349
34299,34305,36977,6,2672,2,18000,1.00224550898
34423,34433,37213,10,2780,2,18000,1.0035971223
34498,34507,37311,9,2804,2,18000,1.00320970043
34545,34553,37168,8,2615,2,18000,1.00305927342
34572,34578,34602,6,24,1,1800,1.25
34586,34596,37493,10,2897,2,18000,1.00345184674
34605,34615,37304,10,2689,2,18000,1.00371885459
34621,34627,37451,6,2824,2,18000,1.00212464589
34668,34677,37428,9,2751,2,18000,1.00327153762
34683,34690,37387,7,2697,2,18000,1.00259547646
34737,34743,37620,6,2877,2,18000,1.00208550574
34759,34766,37540,7,2774,2,18000,1.00252343187
34901,34907,34961,6,54,1,1800,1.11111111111
34935,34943,37596,8,2653,2,18000,1.0030154542
35048,35055,37751,7,2696,2,18000,1.00259643917
35063,35070,38013,7,2943,2,18000,1.00237852531
35117,35127,37804,10,2677,2,18000,1.00373552484
35152,35159,37958,7,2799,2,18000,1.00250089318
35167,35173,37777,6,2604,2,18000,1.00230414747
35183,35189,38028,6,2839,2,18000,1.00211342022
35243,35253,37958,10,2705,2,18000,1.00369685767
35290,35300,38092,10,2792,2,18000,1.00358166189
35312,35324,38019,12,2695,2,18000,1.00445269017
35559,35568,38290,9,2722,2,18000,1.00330639236
35636,35642,35765,6,123,1,1800,1.0487804878
35701,35709,38503,8,2794,2,18000,1.00286327845
35946,35953,38725,7,2772,2,18000,1.00252525253
36018,36027,38744,9,2717,2,18000,1.003312477
36203,36212,39082,9,2870,2,18000,1.0031358885
36267,36273,38939,6,2666,2,18000,1.00225056264
36367,36376,39156,9,2780,2,18000,1.00323741007
36542,36551,39165,9,2614,2,18000,1.00344299923
36582,36591,39265,9,2674,2,18000,1.0033657442
36611,36617,39452,6,2835,2,18000,1.00211640212
36613,36623,39427,10,2804,2,18000,1.00356633381
36641,36649,39331,8,2682,2,18000,1.00298284862
36688,36695,39368,7,2673,2,18000,1.0026187804
36690,36701,39553,11,2852,2,18000,1.0038569425
36903,36913,39788,10,2875,2,18000,1.00347826087
36980,36988,39694,8,2706,2,18000,1.0029563932
36996,37002,39814,6,2812,2,18000,1.00213371266
37021,37029,39760,8,2731,2,18000,1.00292932992
37111,37120,39724,9,2604,2,18000,1.0034562212
37129,37138,40008,9,2870,2,18000,1.0031358885
37169,37179,39844,10,2665,2,18000,1.00375234522
37215,37224,40034,9,2810,2,18000,1.00320284698
37307,37316,40055,9,2739,2,18000,1.00328587076
37322,37328,40197,6,2869,2,18000,1.00209132102
37390,37398,40181,8,2783,2,18000,1.00287459576
37431,37439,40202,8,2763,2,18000,1.00289540355
37453,37462,40254,9,2792,2,18000,1.0032234957
37497,37505,40252,8,2747,2,18000,1.00291226793
37543,37551,40374,8,2823,2,18000,1.00283386468
37599,37607,40436,8,2829,2,18000,1.00282785437
37623,37631,40496,8,2865,2,18000,1.00279232112
37752,37762,40517,10,2755,2,18000,1.00362976407
37781,37789,40459,8,2670,2,18000,1.00299625468
37809,37815,40594,6,2779,2,18000,1.00215905002
37960,37968,40831,8,2863,2,18000,1.00279427174
37961,37974,40815,13,2841,2,18000,1.00457585357
38017,38024,40664,7,2640,2,18000,1.00265151515
38033,38039,40770,6,2731,2,18000,1.00219699744
38034,38045,40864,11,2819,2,18000,1.00390209294
38094,38103,40829,9,2726,2,18000,1.00330154072
38292,38301,41148,9,2847,2,18000,1.00316122234
38506,38515,41127,9,2612,2,18000,1.00344563553
38728,38736,41607,8,2871,2,18000,1.00278648555
38746,38755,41526,9,2771,2,18000,1.00324792494
38939,38950,41758,11,2808,2,18000,1.00391737892
39084,39094,41886,10,2792,2,18000,1.00358166189
39159,39167,41736,8,2569,2,18000,1.00311405216
39175,39181,41820,6,2639,2,18000,1.00227358848
39268,39276,42031,8,2755,2,18000,1.00290381125
39282,39288,39868,6,580,8,7200,1.01034482759
39333,39342,42006,9,2664,2,18000,1.00337837838
39371,39379,42193,8,2814,2,18000,1.00284292822
39430,39438,42137,8,2699,2,18000,1.00296406076
39455,39463,42214,8,2751,2,18000,1.00290803344
39555,39564,42352,9,2788,2,18000,1.00322812052
39698,39705,42379,7,2674,2,18000,1.00261780105
39726,39735,42515,9,2780,2,18000,1.00323741007
39764,39770,42473,6,2703,2,18000,1.00221975583
39790,39799,42584,9,2785,2,18000,1.00323159785
39818,39825,42651,7,2826,2,18000,1.00247699929
39846,39855,42660,9,2805,2,18000,1.00320855615
40009,40019,42858,10,2839,2,18000,1.00352236703
40037,40045,42795,8,2750,2,18000,1.00290909091
40057,40066,42703,9,2637,2,18000,1.00341296928
40184,40193,42931,9,2738,2,18000,1.00328707085
40199,40209,42970,10,2761,2,18000,1.00362187613
40215,40221,42947,6,2726,2,18000,1.00220102715
40257,40262,43022,5,2760,2,18000,1.0018115942
40258,40268,43066,10,2798,2,18000,1.00357398142
40377,40386,43279,9,2893,2,18000,1.00311095748
40439,40448,43285,9,2837,2,18000,1.00317236517
40461,40471,43329,10,2858,2,18000,1.00349895031
40498,40507,43239,9,2732,2,18000,1.0032942899
40520,40528,43273,8,2745,2,18000,1.0029143898
40595,40605,43538,10,2933,2,18000,1.00340947835
40667,40675,43538,8,2863,2,18000,1.00279427174
40773,40781,43648,8,2867,2,18000,1.00279037321
40818,40827,43621,9,2794,2,18000,1.00322118826
40835,40841,43517,6,2676,2,18000,1.00224215247
40836,40847,43618,11,2771,2,18000,1.00396968603
40867,40875,43568,8,2693,2,18000,1.00297066469
41131,41138,43815,7,2677,2,18000,1.00261486739
41149,41159,43885,10,2726,2,18000,1.00366837858
41359,41365,41368,6,3,16,7200,1.0
41405,41412,42031,7,619,16,7200,1.0113085622
41527,41537,44170,10,2633,2,18000,1.00379794911
41610,41619,44513,9,2894,2,18000,1.00310988252
41739,41748,44414,9,2666,2,18000,1.00337584396
41762,41769,44628,7,2859,2,18000,1.00244840853
41822,41831,44672,9,2841,2,18000,1.00316789863
41888,41897,44689,9,2792,2,18000,1.0032234957
41915,41921,44269,6,2348,14,8940,1.00255536627
42010,42017,44843,7,2826,2,18000,1.00247699929
42032,42042,44731,10,2689,2,18000,1.00371885459
42059,42065,43110,6,1045,16,7200,1.00574162679
42139,42149,44789,10,2640,2,18000,1.00378787879
42196,42204,44941,8,2737,2,18000,1.00292290829
42218,42226,45033,8,2807,2,18000,1.00285001781
42355,42363,45199,8,2836,2,18000,1.00282087447
42381,42391,45105,10,2714,2,18000,1.00368459838
42475,42484,45190,9,2706,2,18000,1.00332594235
42519,42526,45409,7,2883,2,18000,1.00242802636
42587,42595,45335,8,2740,2,18000,1.00291970803
42653,42662,45374,9,2712,2,18000,1.00331858407
42669,42675,45481,6,2806,2,18000,1.00213827512
42704,42714,45488,10,2774,2,18000,1.00360490267
42798,42806,45445,8,2639,2,18000,1.00303145131
42860,42869,45599,9,2730,2,18000,1.0032967033
42932,42942,45793,10,2851,2,18000,1.00350754121
42951,42958,45791,7,2833,2,18000,1.00247087893
42974,42982,45837,8,2855,2,18000,1.00280210158
43027,43033,45745,6,2712,2,18000,1.00221238938
43069,43078,45884,9,2806,2,18000,1.00320741269
43241,43251,45957,10,2706,2,18000,1.0036954915
43276,43284,46110,8,2826,2,18000,1.00283085633
43292,43298,46104,6,2806,2,18000,1.00213827512
43294,43304,46184,10,2880,2,18000,1.00347222222
43331,43340,46109,9,2769,2,18000,1.00325027086
43520,43529,46228,9,2699,2,18000,1.00333456836
43539,43549,46212,10,2663,2,18000,1.00375516335
43540,43554,46340,14,2786,2,18000,1.00502512563
43569,43579,46309,10,2730,2,18000,1.00366300366
43619,43629,46300,10,2671,2,18000,1.00374391614
43635,43641,46397,6,2756,2,18000,1.00217706821
43651,43659,46454,8,2795,2,18000,1.00286225403
43815,43826,46516,11,2690,2,18000,1.00408921933
43888,43896,46615,8,2719,2,18000,1.00294225818
44162,44168,80273,6,36105,16,36000,1.00016618197
44174,44182,46898,8,2716,2,18000,1.0029455081
44266,44272,44277,6,5,1,900,1.1
44280,44286,46557,6,2271,14,8940,1.00264200793
44416,44426,47237,10,2811,2,18000,1.00355745286
44519,44526,47384,7,2858,2,18000,1.00244926522
44631,44639,47309,8,2670,2,18000,1.00299625468
44676,44683,47297,7,2614,2,18000,1.00267788829
44693,44700,47490,7,2790,2,18000,1.00250896057
44734,44742,47399,8,2657,2,18000,1.00301091457
44791,44800,47595,9,2795,2,18000,1.00322003578
44845,44854,47693,9,2839,2,18000,1.00317013033
44950,44956,47622,6,2666,2,18000,1.00225056264
45036,45044,47778,8,2734,2,18000,1.00292611558
45109,45116,47890,7,2774,2,18000,1.00252343187
45192,45202,48026,10,2824,2,18000,1.00354107649
45207,45213,48150,6,2937,2,18000,1.00204290092
45338,45347,48087,9,2740,2,18000,1.00328467153
45379,45385,48132,6,2747,2,18000,1.00218420095
45411,45420,48164,9,2744,2,18000,1.00327988338
45449,45456,48319,7,2863,2,18000,1.00244498778
45484,45492,48026,8,2534,2,18000,1.00315706393
45500,45506,48274,6,2768,2,18000,1.00216763006
45601,45610,48355,9,2745,2,18000,1.00327868852
45747,45757,48729,10,2972,2,18000,1.00336473755
45795,45804,48619,9,2815,2,18000,1.00319715808
45796,45809,48622,13,2813,2,18000,1.00462140064
45841,45849,48656,8,2807,2,18000,1.00285001781
45885,45895,48674,10,2779,2,18000,1.0035984167
45959,45968,48832,9,2864,2,18000,1.0031424581
46106,46115,48611,9,2496,2,18000,1.00360576923
46123,46129,48902,6,2773,2,18000,1.0021637216
46125,46135,48782,10,2647,2,18000,1.00377786173
46187,46195,49015,8,2820,2,18000,1.00283687943
46216,46224,48899,8,2675,2,18000,1.00299065421
46232,46239,49005,7,2766,2,18000,1.0025307303
46303,46312,48990,9,2678,2,18000,1.00336071695
46319,46325,49070,6,2745,2,18000,1.00218579235
46344,46351,49185,7,2834,2,18000,1.00247000706
46400,46409,49193,9,2784,2,18000,1.00323275862
46456,46465,49247,9,2782,2,18000,1.00323508267
46518,46527,49309,9,2782,2,18000,1.00323508267
46555,46561,46566,6,5,1,900,1.1
46567,46573,48839,6,2266,14,8940,1.0026478376
46619,46627,49556,8,2929,2,18000,1.00273130761
46901,46909,49782,8,2873,2,18000,1.00278454577
47119,47125,47295,6,170,16,7200,1.03529411765
47238,47248,49964,10,2716,2,18000,1.00368188513
47298,47308,50053,10,2745,2,18000,1.00364298725
47314,47320,50054,6,2734,2,18000,1.00219458669
47385,47395,50168,10,2773,2,18000,1.00360620267
47401,47411,50227,10,2816,2,18000,1.00355113636
47492,47501,50238,9,2737,2,18000,1.00328827183
47597,47607,50487,10,2880,2,18000,1.00347222222
47625,47633,50368,8,2735,2,18000,1.0029250457
47697,47704,50370,7,2666,2,18000,1.00262565641
47782,47789,50649,7,2860,2,18000,1.00244755245
47891,47901,50763,10,2862,2,18000,1.0034940601
48029,48037,50926,8,2889,2,18000,1.00276912426
48030,48042,50730,12,2688,2,18000,1.00446428571
48090,48098,50926,8,2828,2,18000,1.00282885431
48133,48143,50918,10,2775,2,18000,1.0036036036
48152,48161,50965,9,2804,2,18000,1.00320970043
48168,48176,50821,8,2645,2,18000,1.00302457467
48277,48285,51089,8,2804,2,18000,1.00285306705
48322,48330,50998,8,2668,2,18000,1.00299850075
48360,48366,51127,6,2761,2,18000,1.00217312568
48614,48622,51507,8,2885,2,18000,1.0027729636
48629,48636,51445,7,2809,2,18000,1.00249199003
48631,48641,51408,10,2767,2,18000,1.00361402241
48659,48667,51360,8,2693,2,18000,1.00297066469
48678,48685,51380,7,2695,2,18000,1.0025974026
48731,48740,51511,9,2771,2,18000,1.00324792494
48784,48793,51486,9,2693,2,18000,1.00334199777
48834,48848,51584,14,2736,2,18000,1.00511695906
48836,48842,48848,6,6,1,900,1.2
48849,48854,51119,5,2265,14,8940,1.00220750552
48901,48910,51711,9,2801,2,18000,1.00321313816
48916,48922,51757,6,2835,2,18000,1.00211640212
48992,49001,51817,9,2816,2,18000,1.00319602273
49008,49016,51832,8,2816,2,18000,1.00284090909
49023,49030,51819,7,2789,2,18000,1.00250986016
49074,49081,51769,7,2688,2,18000,1.00260416667
49189,49196,51992,7,2796,2,18000,1.00250357654
49205,49211,52017,6,2806,2,18000,1.00213827512
49248,49259,51887,11,2628,2,18000,1.00418569254
49311,49320,52151,9,2831,2,18000,1.00317908866
49560,49568,52437,8,2869,2,18000,1.00278842802
49783,49793,52501,10,2708,2,18000,1.00369276219
49967,49975,52580,8,2605,2,18000,1.00307101727
49988,49994,211866,6,161872,12,345600,1.00003706632
50056,50063,52930,7,2867,2,18000,1.00244157656
50058,50069,52819,11,2750,2,18000,1.004
50171,50179,52971,8,2792,2,18000,1.00286532951
50231,50238,53032,7,2794,2,18000,1.00250536865
50246,50253,53100,7,2847,2,18000,1.00245872849
50372,50381,53205,9,2824,2,18000,1.00318696884
50373,50386,53236,13,2850,2,18000,1.00456140351
50490,50498,53229,8,2731,2,18000,1.00292932992
50651,50660,53495,9,2835,2,18000,1.00317460317
50732,50741,53571,9,2830,2,18000,1.00318021201
50766,50774,53523,8,2749,2,18000,1.00291014915
50827,50833,53672,6,2839,2,18000,1.00211342022
50920,50929,53668,9,2739,2,18000,1.00328587076
50935,50942,53623,7,2681,2,18000,1.00261096606
50937,50948,53826,11,2878,2,18000,1.00382209868
50968,50976,53619,8,2643,2,18000,1.00302686341
51002,51010,53663,8,2653,2,18000,1.0030154542
51092,51100,53927,8,2827,2,18000,1.00282985497
51116,51123,51130,7,7,1,900,1.4
51129,51140,53926,11,2786,2,18000,1.00394831299
51129,51135,53468,6,2333,14,8940,1.00257179597
51365,51371,54247,6,2876,2,18000,1.00208623088
51384,51391,54285,7,2894,2,18000,1.00241879751
51412,51419,54245,7,2826,2,18000,1.00247699929
51447,51456,54120,9,2664,2,18000,1.00337837838
51487,51497,54274,10,2777,2,18000,1.00360100828
51510,51519,54272,9,2753,2,18000,1.00326916092
51525,51532,54271,7,2739,2,18000,1.00255567725
51587,51595,54487,8,2892,2,18000,1.00276625173
51713,51722,54323,9,2601,2,18000,1.00346020761
51761,51768,54559,7,2791,2,18000,1.00250806163
51777,51783,54391,6,2608,2,18000,1.0023006135
51818,51828,54740,10,2912,2,18000,1.00343406593
51834,51841,54436,7,2595,2,18000,1.00269749518
51836,51847,54546,11,2699,2,18000,1.00407558355
51888,51898,54602,10,2704,2,18000,1.00369822485
51995,52004,54771,9,2767,2,18000,1.00325262017
52027,52033,54835,6,2802,2,18000,1.00214132762
52156,52162,54834,6,2672,2,18000,1.00224550898
52438,52448,55274,10,2826,2,18000,1.00353857042
52505,52513,55246,8,2733,2,18000,1.00292718624
52584,52591,55307,7,2716,2,18000,1.00257731959
52824,52829,55676,5,2847,2,18000,1.00175623463
52933,52941,55653,8,2712,2,18000,1.00294985251
52974,52982,55936,8,2954,2,18000,1.00270819228
53033,53043,55928,10,2885,2,18000,1.00346620451
53102,53111,55985,9,2874,2,18000,1.00313152401
53209,53217,56051,8,2834,2,18000,1.00282286521
53231,53240,55951,9,2711,2,18000,1.00331980819
53247,53253,56136,6,2883,2,18000,1.00208116545
53465,53471,53477,6,6,1,900,1.2
53478,53484,55812,6,2328,14,8940,1.00257731959
53497,53506,56274,9,2768,2,18000,1.00325144509
53526,53534,56269,8,2735,2,18000,1.0029250457
53574,53582,56388,8,2806,2,18000,1.0028510335
53621,53631,56268,10,2637,2,18000,1.00379218809
53637,53643,56377,6,2734,2,18000,1.00219458669
53665,53674,56376,9,2702,2,18000,1.00333086603
53681,53687,56510,6,2823,2,18000,1.00212539851
53682,53693,56420,11,2727,2,18000,1.00403373671
53828,53838,56648,10,2810,2,18000,1.00355871886
53928,53943,56713,15,2770,2,18000,1.00541516245
53929,53937,56678,8,2741,2,18000,1.00291864283
54124,54131,56865,7,2734,2,18000,1.00256035113
54247,54257,56977,10,2720,2,18000,1.00367647059
54249,54263,57055,14,2792,2,18000,1.00501432665
54275,54283,57024,8,2741,2,18000,1.00291864283
54276,54288,57088,12,2800,2,18000,1.00428571429
54277,54294,56995,17,2701,2,18000,1.0062939652
54293,54300,56943,7,2643,2,18000,1.00264850549
54325,54334,56995,9,2661,2,18000,1.00338218715
54395,54403,57133,8,2730,2,18000,1.00293040293
54438,54447,57169,9,2722,2,18000,1.00330639236
54488,54498,57371,10,2873,2,18000,1.00348068221
54547,54557,57204,10,2647,2,18000,1.00377786173
54563,54570,57421,7,2851,2,18000,1.00245527885
54603,54613,57391,10,2778,2,18000,1.00359971202
54754,54760,57370,6,2610,2,18000,1.00229885057
54773,54782,57590,9,2808,2,18000,1.00320512821
54852,54858,57576,6,2718,2,18000,1.00220750552
54854,54864,57642,10,2778,2,18000,1.00359971202
55251,55257,58042,6,2785,2,18000,1.00215439856
55276,55285,58091,9,2806,2,18000,1.00320741269
55307,55319,58181,12,2862,2,18000,1.00419287212
55656,55664,58358,8,2694,2,18000,1.00296956199
55678,55688,58525,10,2837,2,18000,1.00352485019
55809,55815,55821,6,6,1,900,1.2
55822,55828,58096,6,2268,14,8940,1.00264550265
55930,55939,58835,9,2896,2,18000,1.00310773481
55945,55951,58672,6,2721,2,18000,1.00220507166
55960,55966,58785,6,2819,2,18000,1.00212841433
55988,55996,58832,8,2836,2,18000,1.00282087447
56054,56063,58761,9,2698,2,18000,1.0033358043
56140,56147,59033,7,2886,2,18000,1.00242550243
56271,56279,59086,8,2807,2,18000,1.00285001781
56273,56285,59003,12,2718,2,18000,1.00441501104
56289,56295,59075,6,2780,2,18000,1.00215827338
56378,56387,59290,9,2903,2,18000,1.00310024113
56379,56393,59202,14,2809,2,18000,1.00498398006
56396,56402,59204,6,2802,2,18000,1.00214132762
56421,56431,59136,10,2705,2,18000,1.00369685767
56514,56522,59274,8,2752,2,18000,1.00290697674
56651,56659,59519,8,2860,2,18000,1.0027972028
56682,56690,59460,8,2770,2,18000,1.00288808664
56717,56725,59501,8,2776,2,18000,1.00288184438
56868,56877,59544,9,2667,2,18000,1.00337457818
56948,56953,59744,5,2791,2,18000,1.00179147259
56960,56966,57010,6,44,16,7200,1.13636363636
56979,56988,59739,9,2751,2,18000,1.00327153762
56995,57006,59644,11,2638,2,18000,1.00416982563
56996,57011,59769,15,2758,2,18000,1.00543872371
57029,57035,59716,6,2681,2,18000,1.00223797091
57059,57067,59605,8,2538,2,18000,1.00315208826
57090,57099,59862,9,2763,2,18000,1.00325732899
57136,57144,60081,8,2937,2,18000,1.00272386789
57171,57181,59984,10,2803,2,18000,1.00356760614
57206,57215,60001,9,2786,2,18000,1.0032304379
57371,57381,60241,10,2860,2,18000,1.0034965035
57373,57387,60117,14,2730,2,18000,1.00512820513
57399,57405,60111,6,2706,2,18000,1.0022172949
57424,57432,60172,8,2740,2,18000,1.00291970803
57581,57587,60284,6,2697,2,18000,1.0022246941
57596,57602,60282,6,2680,2,18000,1.00223880597
57643,57653,60554,10,2901,2,18000,1.00344708721
58045,58053,60959,8,2906,2,18000,1.00275292498
58092,58105,60832,13,2727,2,18000,1.00476714338
58093,58099,58106,6,7,1,900,1.3
58111,58117,61521,6,3404,14,8940,1.0017626322
58183,58192,60688,9,2496,2,18000,1.00360576923
58362,58369,61069,7,2700,2,18000,1.00259259259
58530,58536,61325,6,2789,2,18000,1.00215130871
58674,58683,61112,9,2429,2,18000,1.00370522849
58764,58773,61495,9,2722,2,18000,1.00330639236
58787,58796,61579,9,2783,2,18000,1.00323392023
58834,58843,61626,9,2783,2,18000,1.00323392023
58850,58856,61576,6,2720,2,18000,1.00220588235
59005,59014,61838,9,2824,2,18000,1.00318696884
59036,59044,61776,8,2732,2,18000,1.00292825769
59077,59087,61853,10,2766,2,18000,1.00361532899
59093,59099,61722,6,2623,2,18000,1.00228745711
59137,59147,61959,10,2812,2,18000,1.00355618777
59207,59213,61876,6,2663,2,18000,1.00225309801
59208,59219,61910,11,2691,2,18000,1.00408769974
59276,59285,62081,9,2796,2,18000,1.00321888412
59292,59301,62097,9,2796,2,18000,1.00321888412
59463,59471,62301,8,2830,2,18000,1.00282685512
59504,59512,62163,8,2651,2,18000,1.00301772916
59524,59530,62317,6,2787,2,18000,1.00215285253
59546,59555,62373,9,2818,2,18000,1.00319375444
59606,59616,62490,10,2874,2,18000,1.00347947112
59649,59655,62505,6,2850,2,18000,1.00210526316
59718,59727,62432,9,2705,2,18000,1.0033271719
59740,59750,62624,10,2874,2,18000,1.00347947112
59756,59762,62570,6,2808,2,18000,1.00213675214
59772,59780,62452,8,2672,2,18000,1.00299401198
59866,59874,62628,8,2754,2,18000,1.00290486565
59988,59995,62720,7,2725,2,18000,1.00256880734
60003,60012,62661,9,2649,2,18000,1.00339750849
60083,60093,62815,10,2722,2,18000,1.00367376929
60115,60123,62813,8,2690,2,18000,1.0029739777
60130,60137,62938,7,2801,2,18000,1.00249910746
60175,60183,63050,8,2867,2,18000,1.00279037321
60243,60252,63086,9,2834,2,18000,1.00317572336
60284,60299,62961,15,2662,2,18000,1.00563486101
60285,60293,63200,8,2907,2,18000,1.00275197798
60559,60565,63347,6,2782,2,18000,1.00215672178
60691,60700,63517,9,2817,2,18000,1.00319488818
60835,60843,63650,8,2807,2,18000,1.00285001781
60960,60970,63806,10,2836,2,18000,1.00352609309
61072,61080,63865,8,2785,2,18000,1.00287253142
61116,61123,63918,7,2795,2,18000,1.00250447227
61327,61336,64182,9,2846,2,18000,1.0031623331
61499,61506,64401,7,2895,2,18000,1.002417962
61519,61525,61532,6,7,1,900,1.3
61539,61545,64516,6,2971,14,8940,1.00201952205
61580,61587,64338,7,2751,2,18000,1.00254452926
61581,61593,64371,12,2778,2,18000,1.00431965443
61628,61637,64502,9,2865,2,18000,1.00314136126
61724,61734,64383,10,2649,2,18000,1.00377500944
61780,61787,64587,7,2800,2,18000,1.0025
61840,61849,64514,9,2665,2,18000,1.00337711069
61856,61864,64639,8,2775,2,18000,1.00288288288
61878,61887,64718,9,2831,2,18000,1.00317908866
61912,61921,64613,9,2692,2,18000,1.00334323923
61962,61970,64805,8,2835,2,18000,1.00282186949
62084,62092,64932,8,2840,2,18000,1.00281690141
62100,62108,64805,8,2697,2,18000,1.00296625881
62166,62174,64980,8,2806,2,18000,1.0028510335
62304,62313,65133,9,2820,2,18000,1.00319148936
62320,62329,65034,9,2705,2,18000,1.0033271719
62376,62384,65104,8,2720,2,18000,1.00294117647
62435,62443,65108,8,2665,2,18000,1.00300187617
62454,62464,65288,10,2824,2,18000,1.00354107649
62492,62502,65281,10,2779,2,18000,1.0035984167
62508,62516,65333,8,2817,2,18000,1.0028399006
62574,62581,65356,7,2775,2,18000,1.00252252252
62625,62635,65401,10,2766,2,18000,1.00361532899
62642,62648,65512,6,2864,2,18000,1.00209497207
62665,62671,65455,6,2784,2,18000,1.00215517241
62724,62731,65507,7,2776,2,18000,1.00252161383
62817,62824,65465,7,2641,2,18000,1.00265051117
62819,62830,65469,11,2639,2,18000,1.00416824555
62942,62949,65727,7,2778,2,18000,1.00251979842
62964,62972,65630,8,2658,2,18000,1.00300978179
63052,63061,65793,9,2732,2,18000,1.0032942899
63090,63097,65890,7,2793,2,18000,1.00250626566
63203,63211,66057,8,2846,2,18000,1.00281096275
63350,63358,66153,8,2795,2,18000,1.00286225403
63519,63528,66260,9,2732,2,18000,1.0032942899
63654,63661,66485,7,2824,2,18000,1.00247875354
63810,63817,66573,7,2756,2,18000,1.00253991292
63869,63877,66724,8,2847,2,18000,1.00280997541
63919,63929,66602,10,2673,2,18000,1.00374111485
64186,64193,66853,7,2660,2,18000,1.00263157895
64340,64349,66996,9,2647,2,18000,1.00340007556
64375,64381,67260,6,2879,2,18000,1.00208405696
64391,64397,67066,6,2669,2,18000,1.00224803297
64407,64413,67250,6,2837,2,18000,1.00211491012
64504,64513,67347,9,2834,2,18000,1.00317572336
64513,64519,64526,6,7,1,900,1.3
64520,64526,67288,6,2762,2,18000,1.00217233888
64525,64532,67910,7,3378,14,8940,1.00207223209
64591,64598,67472,7,2874,2,18000,1.00243562978
64617,64624,67426,7,2802,2,18000,1.00249821556
64641,64651,67311,10,2660,2,18000,1.0037593985
64722,64729,67526,7,2797,2,18000,1.00250268144
64807,64816,67542,9,2726,2,18000,1.00330154072
64808,64821,67771,13,2950,2,18000,1.00440677966
64935,64944,67668,9,2724,2,18000,1.00330396476
64983,64991,67860,8,2869,2,18000,1.00278842802
65036,65045,67763,9,2718,2,18000,1.00331125828
65109,65115,67891,6,2776,2,18000,1.00216138329
65110,65121,67933,11,2812,2,18000,1.00391180654
65136,65144,67900,8,2756,2,18000,1.00290275762
65283,65293,68043,10,2750,2,18000,1.00363636364
65299,65305,68152,6,2847,2,18000,1.00210748156
65336,65345,68131,9,2786,2,18000,1.0032304379
65358,65368,68127,10,2759,2,18000,1.00362450163
65402,65412,68184,10,2772,2,18000,1.00360750361
65459,65466,68271,7,2805,2,18000,1.00249554367
65475,65481,68213,6,2732,2,18000,1.00219619327
65476,65487,68330,11,2843,2,18000,1.0038691523
65512,65518,68256,6,2738,2,18000,1.00219138057
65513,65524,68300,11,2776,2,18000,1.00396253602
65633,65641,68427,8,2786,2,18000,1.00287150036
65730,65738,68521,8,2783,2,18000,1.00287459576
65796,65804,68545,8,2741,2,18000,1.00291864283
65892,65901,68742,9,2841,2,18000,1.00316789863
66059,66068,68882,9,2814,2,18000,1.00319829424
66155,66164,68954,9,2790,2,18000,1.00322580645
66262,66271,69028,9,2757,2,18000,1.00326441785
66489,66496,69247,7,2751,2,18000,1.00254452926
66576,66584,69397,8,2813,2,18000,1.00284393886
66606,66614,69325,8,2711,2,18000,1.00295094061
66727,66736,69450,9,2714,2,18000,1.00331613854
66856,66864,69712,8,2848,2,18000,1.00280898876
66999,67007,69949,8,2942,2,18000,1.00271923861
67068,67077,69752,9,2675,2,18000,1.00336448598
67252,67261,69977,9,2716,2,18000,1.00331369661
67268,67275,70023,7,2748,2,18000,1.00254730713
67291,67299,69988,8,2689,2,18000,1.00297508367
67314,67323,70135,9,2812,2,18000,1.00320056899
67350,67358,70259,8,2901,2,18000,1.00275766977
67428,67437,70104,9,2667,2,18000,1.00337457818
67473,67483,70068,10,2585,2,18000,1.00386847195
67529,67537,70356,8,2819,2,18000,1.00283788578
67545,67553,70403,8,2850,2,18000,1.00280701754
67670,67679,70436,9,2757,2,18000,1.00326441785
67764,67774,70579,10,2805,2,18000,1.00356506239
67781,67787,70674,6,2887,2,18000,1.00207828195
67862,67871,70714,9,2843,2,18000,1.00316567007
67896,67902,70712,6,2810,2,18000,1.00213523132
67897,67916,70472,19,2556,2,18000,1.00743348983
67903,67910,67917,7,7,1,900,1.4
67916,67922,71459,6,3537,14,8940,1.00169635284
67936,67945,70820,9,2875,2,18000,1.00313043478
68045,68054,70881,9,2827,2,18000,1.00318358684
68131,68138,70849,7,2711,2,18000,1.00258207304
68147,68153,70902,6,2749,2,18000,1.00218261186
68163,68169,71064,6,2895,2,18000,1.00207253886
68186,68195,70991,9,2796,2,18000,1.00321888412
68217,68224,70789,7,2565,2,18000,1.00272904483
68259,68267,71142,8,2875,2,18000,1.0027826087
68275,68282,71005,7,2723,2,18000,1.00257069409
68302,68312,71052,10,2740,2,18000,1.00364963504
68332,68341,71154,9,2813,2,18000,1.00319943121
68431,68438,71007,7,2569,2,18000,1.00272479564
68524,68533,71279,9,2746,2,18000,1.00327749454
68547,68556,71242,9,2686,2,18000,1.00335070737
68745,68754,71624,9,2870,2,18000,1.0031358885
68884,68893,71777,9,2884,2,18000,1.00312066574
68957,68965,71610,8,2645,2,18000,1.00302457467
69030,69039,71742,9,2703,2,18000,1.00332963374
69250,69258,72051,8,2793,2,18000,1.00286430362
69329,69336,72098,7,2762,2,18000,1.00253439537
69400,69408,72175,8,2767,2,18000,1.00289121793
69452,69461,72168,9,2707,2,18000,1.00332471371
69717,69723,72571,6,2848,2,18000,1.00210674157
69756,69763,72510,7,2747,2,18000,1.00254823444
69951,69961,72829,10,2868,2,18000,1.00348675035
69981,69988,72710,7,2722,2,18000,1.0025716385
69997,70003,72912,6,2909,2,18000,1.00206256446
70027,70034,72835,7,2801,2,18000,1.00249910746
70071,70079,72940,8,2861,2,18000,1.0027962251
70105,70115,72960,10,2845,2,18000,1.00351493849
70138,70147,72967,9,2820,2,18000,1.00319148936
70262,70270,73077,8,2807,2,18000,1.00285001781
70358,70367,73091,9,2724,2,18000,1.00330396476
70407,70415,73109,8,2694,2,18000,1.00296956199
70440,70448,73228,8,2780,2,18000,1.00287769784
70475,70483,73242,8,2759,2,18000,1.0028996013
70582,70590,73175,8,2585,2,18000,1.00309477756
70677,70685,73533,8,2848,2,18000,1.00280898876
70717,70723,73473,6,2750,2,18000,1.00218181818
70719,70729,73522,10,2793,2,18000,1.00358037952
70793,70801,73664,8,2863,2,18000,1.00279427174
70823,70831,73568,8,2737,2,18000,1.00292290829
70852,70861,73666,9,2805,2,18000,1.00320855615
70885,70893,73421,8,2528,2,18000,1.00316455696
70904,70913,73740,9,2827,2,18000,1.00318358684
70995,71002,73576,7,2574,2,18000,1.00271950272
71011,71017,73756,6,2739,2,18000,1.0021905805
71012,71023,73951,11,2928,2,18000,1.0037568306
71055,71063,73881,8,2818,2,18000,1.00283889283
71072,71078,73925,6,2847,2,18000,1.00210748156
71145,71153,74045,8,2892,2,18000,1.00276625173
71161,71166,73891,5,2725,2,18000,1.00183486239
71244,71253,74114,9,2861,2,18000,1.00314575323
71283,71291,74131,8,2840,2,18000,1.00281690141
71456,71463,71470,7,7,1,900,1.4
71472,71479,74949,7,3470,14,8940,1.00201729107
71613,71621,74165,8,2544,2,18000,1.00314465409
71629,71636,74576,7,2940,2,18000,1.00238095238
71746,71753,74552,7,2799,2,18000,1.00250089318
71778,71788,74598,10,2810,2,18000,1.00355871886
72056,72062,74753,6,2691,2,18000,1.0022296544
72101,72109,74934,8,2825,2,18000,1.00283185841
72170,72179,74904,9,2725,2,18000,1.00330275229
72187,72193,74826,6,2633,2,18000,1.00227876946
72513,72522,75394,9,2872,2,18000,1.00313370474
72574,72582,75486,8,2904,2,18000,1.00275482094
72712,72721,75399,9,2678,2,18000,1.00336071695
72834,72839,75596,5,2757,2,18000,1.00181356547
72850,72856,75684,6,2828,2,18000,1.00212164074
72917,72923,75751,6,2828,2,18000,1.00212164074
72942,72951,75778,9,2827,2,18000,1.00318358684
72962,72971,75684,9,2713,2,18000,1.00331736086
72978,72984,75771,6,2787,2,18000,1.00215285253
73080,73088,75873,8,2785,2,18000,1.00287253142
73097,73103,75830,6,2727,2,18000,1.00220022002
73113,73119,75879,6,2760,2,18000,1.00217391304
73179,73186,75971,7,2785,2,18000,1.00251346499
73230,73239,75981,9,2742,2,18000,1.00328227571
73247,73253,76007,6,2754,2,18000,1.00217864924
73426,73432,76135,6,2703,2,18000,1.00221975583
73475,73485,76258,10,2773,2,18000,1.00360620267
73525,73533,76241,8,2708,2,18000,1.00295420975
73541,73547,76354,6,2807,2,18000,1.00213751336
73570,73579,76336,9,2757,2,18000,1.00326441785
73586,73592,76261,6,2669,2,18000,1.00224803297
73667,73675,76521,8,2846,2,18000,1.00281096275
73668,73681,76509,13,2828,2,18000,1.00459688826
73744,73751,76521,7,2770,2,18000,1.00252707581
73760,73767,76524,7,2757,2,18000,1.00253899166
73886,73892,76495,6,2603,2,18000,1.00230503265
73901,73908,76735,7,2827,2,18000,1.0024761231
73927,73936,76720,9,2784,2,18000,1.00323275862
73956,73962,76735,6,2773,2,18000,1.0021637216
74050,74056,76823,6,2767,2,18000,1.00216841344
74118,74126,76883,8,2757,2,18000,1.00290170475
74134,74143,76982,9,2839,2,18000,1.00317013033
74169,74176,76953,7,2777,2,18000,1.0025207058
74556,74563,77299,7,2736,2,18000,1.00255847953
74579,74587,77338,8,2751,2,18000,1.00290803344
74601,74609,77460,8,2851,2,18000,1.00280603297
74757,74764,77457,7,2693,2,18000,1.0025993316
74829,74838,77722,9,2884,2,18000,1.00312066574
74907,74915,77691,8,2776,2,18000,1.00288184438
74939,74945,77655,6,2710,2,18000,1.00221402214
74946,74952,74958,6,6,1,900,1.2
74960,74966,78472,6,3506,14,8940,1.00171135197
75397,75405,78045,8,2640,2,18000,1.00303030303
75412,75419,78109,7,2690,2,18000,1.00260223048
75487,75497,78337,10,2840,2,18000,1.00352112676
75600,75608,78392,8,2784,2,18000,1.00287356322
75687,75694,78463,7,2769,2,18000,1.00252798844
75689,75700,78401,11,2701,2,18000,1.00407256572
75753,75759,75760,6,1,2,300,1.0
75754,75765,78532,11,2767,2,18000,1.00397542465
75774,75783,78465,9,2682,2,18000,1.0033557047
75789,75795,78607,6,2812,2,18000,1.00213371266
75833,75841,78709,8,2868,2,18000,1.00278940028
75877,75883,78479,6,2596,2,18000,1.00231124807
75893,75900,78620,7,2720,2,18000,1.00257352941
75975,75982,78864,7,2882,2,18000,1.00242886884
75990,75997,78880,7,2883,2,18000,1.00242802636
76009,76018,78533,9,2515,2,18000,1.00357852883
76139,76147,78898,8,2751,2,18000,1.00290803344
76245,76252,78943,7,2691,2,18000,1.00260126347
76261,76269,79066,8,2797,2,18000,1.00286020737
76276,76283,78993,7,2710,2,18000,1.00258302583
76339,76347,79136,8,2789,2,18000,1.00286841162
76358,76365,79243,7,2878,2,18000,1.00243224461
76498,76506,79166,8,2660,2,18000,1.0030075188
76514,76519,79379,5,2860,2,18000,1.00174825175
76530,76536,79327,6,2791,2,18000,1.00214976711
76531,76542,79349,11,2807,2,18000,1.00391877449
76532,76547,79336,15,2789,2,18000,1.00537827178
76725,76731,79579,6,2848,2,18000,1.00210674157
76741,76747,79560,6,2813,2,18000,1.00213295414
76742,76753,79567,11,2814,2,18000,1.0039090263
76827,76834,79555,7,2721,2,18000,1.00257258361
76887,76894,79747,7,2853,2,18000,1.00245355766
76956,76964,79669,8,2705,2,18000,1.00295748614
76984,76993,79807,9,2814,2,18000,1.00319829424
77303,77310,80142,7,2832,2,18000,1.00247175141
77342,77349,80154,7,2805,2,18000,1.00249554367
77458,77468,80118,10,2650,2,18000,1.00377358491
77474,77480,80303,6,2823,2,18000,1.00212539851
77658,77667,80483,9,2816,2,18000,1.00319602273
77693,77702,80325,9,2623,2,18000,1.00343118567
77724,77734,80536,10,2802,2,18000,1.00356887937
78050,78055,80898,5,2843,2,18000,1.00175870559
78114,78120,80859,6,2739,2,18000,1.0021905805
78342,78348,81079,6,2731,2,18000,1.00219699744
78395,78403,81066,8,2663,2,18000,1.00300413068
78411,78417,81016,6,2599,2,18000,1.00230858022
78465,78475,81077,10,2602,2,18000,1.00384319754
78467,78486,81350,19,2864,2,18000,1.00663407821
78470,78480,78486,10,6,1,900,1.6
78483,78492,81366,9,2874,2,18000,1.00313152401
78492,78498,82032,6,3534,14,8940,1.00169779287
78536,78543,81405,7,2862,2,18000,1.00244584207
78537,78548,81403,11,2855,2,18000,1.00385288967
78610,78618,81473,8,2855,2,18000,1.00280210158
78626,78632,81386,6,2754,2,18000,1.00217864924
78713,78720,81488,7,2768,2,18000,1.00252890173
78866,78875,81717,9,2842,2,18000,1.00316678395
78882,78891,81629,9,2738,2,18000,1.00328707085
78901,78909,81724,8,2815,2,18000,1.00284191829
78945,78954,81687,9,2733,2,18000,1.00329308452
78995,79004,81677,9,2673,2,18000,1.00336700337
79070,79078,81930,8,2852,2,18000,1.00280504909
79139,79147,81905,8,2758,2,18000,1.00290065265
79168,79177,82007,9,2830,2,18000,1.00318021201
79246,79254,82125,8,2871,2,18000,1.00278648555
79330,79338,82127,8,2789,2,18000,1.00286841162
79345,79352,82026,7,2674,2,18000,1.00261780105
79361,79367,81988,6,2621,2,18000,1.00228920259
79384,79390,82190,6,2800,2,18000,1.00214285714
79473,79479,79483,6,4,2,300,1.0
79491,79497,79521,6,24,2,300,1.25
79558,79566,82326,8,2760,2,18000,1.00289855072
79574,79580,82294,6,2714,2,18000,1.00221075903
79575,79586,82321,11,2735,2,18000,1.00402193784
79591,79597,82412,6,2815,2,18000,1.00213143872
79657,79663,79803,6,140,2,360,1.04285714286
79673,79681,82500,8,2819,2,18000,1.00283788578
79751,79758,82577,7,2819,2,18000,1.00248315005
79810,79823,82552,13,2729,2,18000,1.00476364969
79811,79817,79826,6,9,2,300,1.5
79834,79840,79856,6,16,2,300,1.375
79863,79869,79887,6,18,2,300,1.33333333333
79895,79901,80243,6,342,2,360,1.01754385965
80122,80129,82712,7,2583,2,18000,1.0027100271
80144,80153,82931,9,2778,2,18000,1.00323974082
80160,80167,82998,7,2831,2,18000,1.00247262451
80258,80264,80350,6,86,2,360,1.06976744186
80308,80313,83207,5,2894,2,18000,1.00172771251
80326,80336,83101,10,2765,2,18000,1.00361663653
80488,80494,83271,6,2777,2,18000,1.00216060497
80541,80547,83405,6,2858,2,18000,1.00209937019
80861,80870,83661,9,2791,2,18000,1.00322465066
80902,80910,83774,8,2864,2,18000,1.00279329609
81018,81027,83767,9,2740,2,18000,1.00328467153
81067,81077,83929,10,2852,2,18000,1.00350631136
81084,81089,83834,5,2745,2,18000,1.00182149362
81085,81096,83869,11,2773,2,18000,1.00396682294
81354,81362,84149,8,2787,2,18000,1.00287047004
81369,81377,84108,8,2731,2,18000,1.00292932992
81388,81397,84307,9,2910,2,18000,1.00309278351
81407,81414,84199,7,2785,2,18000,1.00251346499
81408,81420,84327,12,2907,2,18000,1.00412796698
81477,81484,84228,7,2744,2,18000,1.00255102041
81493,81499,84158,6,2659,2,18000,1.0022564874
81632,81640,84423,8,2783,2,18000,1.00287459576
81679,81688,84417,9,2729,2,18000,1.00329791132
81694,81701,84439,7,2738,2,18000,1.00255661066
81719,81728,84541,9,2813,2,18000,1.00319943121
81735,81741,84521,6,2780,2,18000,1.00215827338
81909,81916,84787,7,2871,2,18000,1.00243817485
81931,81941,84656,10,2715,2,18000,1.00368324125
81991,82000,84761,9,2761,2,18000,1.00325968852
82010,82018,84891,8,2873,2,18000,1.00278454577
82029,82041,84872,12,2831,2,18000,1.00423878488
82029,82035,82042,6,7,1,900,1.3
82057,82063,85593,6,3530,14,8940,1.00169971671
82128,82138,84877,10,2739,2,18000,1.00365096751
82130,82143,84984,13,2841,2,18000,1.00457585357
82194,82201,85072,7,2871,2,18000,1.00243817485
82297,82305,84936,8,2631,2,18000,1.00304066895
82322,82332,85165,10,2833,2,18000,1.00352982704
82338,82344,85110,6,2766,2,18000,1.0021691974
82416,82423,85141,7,2718,2,18000,1.00257542311
82505,82511,85303,6,2792,2,18000,1.00214899713
82555,82563,85230,8,2667,2,18000,1.00299962505
82580,82588,85311,8,2723,2,18000,1.0029379361
82715,82723,85572,8,2849,2,18000,1.00280800281
82935,82943,85617,8,2674,2,18000,1.00299177263
83002,83009,85840,7,2831,2,18000,1.00247262451
83095,83101,83164,6,63,2,3540,1.09523809524
83103,83112,85905,9,2793,2,18000,1.00322234157
83210,83218,86050,8,2832,2,18000,1.00282485876
83273,83282,86103,9,2821,2,18000,1.00319035803
83409,83416,86109,7,2693,2,18000,1.0025993316
83665,83672,86466,7,2794,2,18000,1.00250536865
83770,83778,86406,8,2628,2,18000,1.00304414003
83786,83792,86540,6,2748,2,18000,1.00218340611
83840,83845,86580,5,2735,2,18000,1.00182815356
83871,83880,86719,9,2839,2,18000,1.00317013033
83931,83940,86454,9,2514,2,18000,1.00357995227
84107,84119,86910,12,2791,2,18000,1.00429953422
84151,84161,86977,10,2816,2,18000,1.00355113636
84167,84173,86866,6,2693,2,18000,1.00222799851
84202,84210,86973,8,2763,2,18000,1.00289540355
84231,84239,87035,8,2796,2,18000,1.00286123033
84309,84318,87123,9,2805,2,18000,1.00320855615
84331,84338,87096,7,2758,2,18000,1.00253807107
84419,84428,87247,9,2819,2,18000,1.0031926215
84436,84442,87102,6,2660,2,18000,1.0022556391
84452,84458,87192,6,2734,2,18000,1.00219458669
84524,84532,87403,8,2871,2,18000,1.00278648555
84543,84553,87472,10,2919,2,18000,1.00342583076
84659,84667,87544,8,2877,2,18000,1.00278067431
84763,84772,87459,9,2687,2,18000,1.00334946036
84789,84798,87642,9,2844,2,18000,1.00316455696
84875,84883,87692,8,2809,2,18000,1.00284798861
84892,84898,87611,6,2713,2,18000,1.0022115739
84893,84904,87712,11,2808,2,18000,1.00391737892
84941,84946,87678,5,2732,2,18000,1.00183016105
84986,84995,87803,9,2808,2,18000,1.00320512821
85074,85084,87824,10,2740,2,18000,1.00364963504
85113,85122,87941,9,2819,2,18000,1.0031926215
85144,85152,87874,8,2722,2,18000,1.00293901543
85167,85176,87918,9,2742,2,18000,1.00328227571
85233,85241,88028,8,2787,2,18000,1.00287047004
85306,85315,88024,9,2709,2,18000,1.00332225914
85323,85329,88091,6,2762,2,18000,1.00217233888
85574,85584,88360,10,2776,2,18000,1.00360230548
85591,85597,85603,6,6,1,900,1.2
85605,85611,89124,6,3513,14,8940,1.00170794193
85619,85628,88471,9,2843,2,18000,1.00316567007
85842,85851,88801,9,2950,2,18000,1.00305084746
85907,85916,88623,9,2707,2,18000,1.00332471371
86052,86062,88803,10,2741,2,18000,1.00364830354
86106,86114,89016,8,2902,2,18000,1.0027567195
86122,86129,89017,7,2888,2,18000,1.00242382271
86408,86417,89185,9,2768,2,18000,1.00325144509
86455,86465,89185,10,2720,2,18000,1.00367647059
86471,86477,89286,6,2809,2,18000,1.00213599146
86543,86551,89220,8,2669,2,18000,1.00299737729
86585,86590,89301,5,2711,2,18000,1.00184433788
86723,86730,89585,7,2855,2,18000,1.00245183888
86869,86878,89533,9,2655,2,18000,1.00338983051
86913,86921,89588,8,2667,2,18000,1.00299962505
86977,86984,89733,7,2749,2,18000,1.0025463805
86979,86990,89808,11,2818,2,18000,1.00390347764
87037,87046,89686,9,2640,2,18000,1.00340909091
87101,87107,89953,6,2846,2,18000,1.00210822207
87102,87113,89841,11,2728,2,18000,1.00403225806
87127,87134,89854,7,2720,2,18000,1.00257352941
87197,87204,90074,7,2870,2,18000,1.00243902439
87249,87258,90055,9,2797,2,18000,1.00321773329
87416,87423,90230,7,2807,2,18000,1.00249376559
87464,87470,90244,6,2774,2,18000,1.0021629416
87481,87487,90209,6,2722,2,18000,1.00220426157
87547,87555,90256,8,2701,2,18000,1.00296186598
87614,87622,90432,8,2810,2,18000,1.00284697509
87645,87653,90371,8,2718,2,18000,1.00294334069
87680,87690,90568,10,2878,2,18000,1.00347463516
87697,87702,90570,5,2868,2,18000,1.00174337517
87716,87723,90508,7,2785,2,18000,1.00251346499
87807,87815,90664,8,2849,2,18000,1.00280800281
87827,87836,90639,9,2803,2,18000,1.00321084552
87877,87885,90736,8,2851,2,18000,1.00280603297
87921,87929,90623,8,2694,2,18000,1.00296956199
87943,87952,90712,9,2760,2,18000,1.00326086957
88029,88035,90749,6,2714,2,18000,1.00221075903
88031,88041,90710,10,2669,2,18000,1.00374672162
88095,88101,90859,6,2758,2,18000,1.00217548949
88362,88371,91245,9,2874,2,18000,1.00313152401
88472,88482,91270,10,2788,2,18000,1.00358680057
88626,88634,91371,8,2737,2,18000,1.00292290829
88803,88812,91549,9,2737,2,18000,1.00328827183
88804,88818,91715,14,2897,2,18000,1.00483258543
89020,89027,91715,7,2688,2,18000,1.00260416667
89021,89032,91823,11,2791,2,18000,1.0039412397
89121,89127,89132,6,5,1,900,1.1
89135,89141,92586,6,3445,14,8940,1.00174165457
89190,89196,92040,6,2844,2,18000,1.00210970464
89192,89202,91966,10,2764,2,18000,1.00361794501
89217,89231,91898,14,2667,2,18000,1.00524934383
89290,89297,92155,7,2858,2,18000,1.00244926522
89306,89311,91999,5,2688,2,18000,1.00186011905
89537,89544,92390,7,2846,2,18000,1.00245959241
89589,89596,92382,7,2786,2,18000,1.00251256281
89590,89602,92348,12,2746,2,18000,1.00436999272
89689,89698,92399,9,2701,2,18000,1.00333209922
89736,89744,92405,8,2661,2,18000,1.00300638858
89812,89818,92414,6,2596,2,18000,1.00231124807
89843,89852,92594,9,2742,2,18000,1.00328227571
89859,89865,92696,6,2831,2,18000,1.00211939244
89957,89964,92779,7,2815,2,18000,1.00248667851
90058,90066,92894,8,2828,2,18000,1.00282885431
90077,90085,92739,8,2654,2,18000,1.00301431801
90213,90221,92816,8,2595,2,18000,1.00308285164
90231,90241,92909,10,2668,2,18000,1.00374812594
90247,90255,93089,8,2834,2,18000,1.00282286521
90263,90269,92987,6,2718,2,18000,1.00220750552
90375,90383,93269,8,2886,2,18000,1.00277200277
90435,90443,93103,8,2660,2,18000,1.0030075188
90510,90519,93370,9,2851,2,18000,1.00315678709
90570,90579,93412,9,2833,2,18000,1.00317684433
90585,90592,93381,7,2789,2,18000,1.00250986016
90626,90634,93453,8,2819,2,18000,1.00283788578
90641,90650,93258,9,2608,2,18000,1.00345092025
90666,90675,93604,9,2929,2,18000,1.00307272107
90713,90720,93417,7,2697,2,18000,1.00259547646
90715,90727,93557,12,2830,2,18000,1.00424028269
90740,90747,93572,7,2825,2,18000,1.00247787611
90755,90761,93612,6,2851,2,18000,1.00210452473
90862,90870,93575,8,2705,2,18000,1.00295748614
91248,91256,94046,8,2790,2,18000,1.00286738351
91273,91281,94097,8,2816,2,18000,1.00284090909
91373,91382,94250,9,2868,2,18000,1.00313807531
91550,91560,94380,10,2820,2,18000,1.00354609929
91717,91726,94433,9,2707,2,18000,1.00332471371
91718,91731,94403,13,2672,2,18000,1.00486526946
91826,91834,94655,8,2821,2,18000,1.0028358738
91901,91909,94689,8,2780,2,18000,1.00287769784
91970,91977,94758,7,2781,2,18000,1.00251708019
92002,92010,94800,8,2790,2,18000,1.00286738351
92043,92051,94779,8,2728,2,18000,1.00293255132
92158,92166,94779,8,2613,2,18000,1.003061615
92349,92359,95079,10,2720,2,18000,1.00367647059
92385,92394,95009,9,2615,2,18000,1.0034416826
92401,92407,95280,6,2873,2,18000,1.00208840933
92402,92413,95258,11,2845,2,18000,1.00386643234
92403,92419,95165,16,2746,2,18000,1.00582665696
92420,92426,95272,6,2846,2,18000,1.00210822207
92584,92590,92595,6,5,1,900,1.1
92596,92602,97208,6,4606,14,8940,1.00130264872
92596,92608,95375,12,2767,2,18000,1.00433682689
92698,92707,95425,9,2718,2,18000,1.00331125828
92742,92750,95571,8,2821,2,18000,1.0028358738
92782,92790,95590,8,2800,2,18000,1.00285714286
92820,92827,95674,7,2847,2,18000,1.00245872849
92898,92905,95702,7,2797,2,18000,1.00250268144
92913,92921,95679,8,2758,2,18000,1.00290065265
92991,92998,95746,7,2748,2,18000,1.00254730713
93093,93100,95890,7,2790,2,18000,1.00250896057
93109,93115,95741,6,2626,2,18000,1.00228484387
93261,93269,96126,8,2857,2,18000,1.00280014001
93277,93283,96001,6,2718,2,18000,1.00220750552
93374,93382,96189,8,2807,2,18000,1.00285001781
93389,93395,96115,6,2720,2,18000,1.00220588235
93416,93423,96111,7,2688,2,18000,1.00260416667
93432,93438,96297,6,2859,2,18000,1.00209863589
93456,93464,96140,8,2676,2,18000,1.00298953662
93560,93568,96369,8,2801,2,18000,1.00285612281
93577,93583,96367,6,2784,2,18000,1.00215517241
93578,93589,96299,11,2710,2,18000,1.00405904059
93606,93615,96345,9,2730,2,18000,1.0032967033
93622,93628,96412,6,2784,2,18000,1.00215517241
94048,94057,96855,9,2798,2,18000,1.00321658327
94098,94108,96979,10,2871,2,18000,1.00348310693
94253,94261,96976,8,2715,2,18000,1.002946593
94383,94392,97090,9,2698,2,18000,1.0033358043
94404,94414,97209,10,2795,2,18000,1.00357781753
94436,94444,97049,8,2605,2,18000,1.00307101727
94658,94666,97451,8,2785,2,18000,1.00287253142
94690,94700,97495,10,2795,2,18000,1.00357781753
94762,94769,97674,7,2905,2,18000,1.00240963855
94781,94791,97539,10,2748,2,18000,1.00363901019
94783,94796,97650,13,2854,2,18000,1.00455501051
94802,94811,97557,9,2746,2,18000,1.00327749454
95014,95020,97799,6,2779,2,18000,1.00215905002
95082,95091,97931,9,2840,2,18000,1.00316901408
95166,95176,97881,10,2705,2,18000,1.00369685767
95260,95270,98064,10,2794,2,18000,1.00357909807
95276,95283,98121,7,2838,2,18000,1.00246652572
95291,95297,98057,6,2760,2,18000,1.00217391304
95376,95386,98291,10,2905,2,18000,1.00344234079
95427,95436,98300,9,2864,2,18000,1.0031424581
95575,95582,98426,7,2844,2,18000,1.00246132208
95594,95601,98390,7,2789,2,18000,1.00250986016
95679,95685,98509,6,2824,2,18000,1.00212464589
95694,95700,98458,6,2758,2,18000,1.00217548949
95710,95716,98507,6,2791,2,18000,1.00214976711
95745,95752,98561,7,2809,2,18000,1.00249199003
95761,95767,98684,6,2917,2,18000,1.00205690778
95892,95901,98447,9,2546,2,18000,1.00353495679
96006,96012,98805,6,2793,2,18000,1.00214822771
96115,96122,99004,7,2882,2,18000,1.00242886884
96116,96128,98715,12,2587,2,18000,1.0046385775
96132,96138,98901,6,2763,2,18000,1.00217155266
96148,96154,98895,6,2741,2,18000,1.00218898212
96193,96200,99055,7,2855,2,18000,1.00245183888
96299,96308,99074,9,2766,2,18000,1.0032537961
96315,96321,99084,6,2763,2,18000,1.00217155266
96350,96356,98944,6,2588,2,18000,1.00231839258
96370,96384,99207,14,2823,2,18000,1.0049592632
96371,96378,99067,7,2689,2,18000,1.00260319821
96415,96423,99248,8,2825,2,18000,1.00283185841
96856,96866,99601,10,2735,2,18000,1.00365630713
96979,96994,99583,15,2589,2,18000,1.00579374276
96980,96988,99772,8,2784,2,18000,1.00287356322
97052,97060,99753,8,2693,2,18000,1.00297066469
97093,97101,99613,8,2512,2,18000,1.00318471338
97205,97211,97217,6,6,1,900,1.2
97211,97220,100066,9,2846,2,18000,1.0031623331
97218,97226,100767,8,3541,14,8940,1.0022592488
97455,97462,100218,7,2756,2,18000,1.00253991292
97499,97506,100262,7,2756,2,18000,1.00253991292
97543,97551,100237,8,2686,2,18000,1.00297840655
97559,97568,100328,9,2760,2,18000,1.00326086957
97654,97661,100405,7,2744,2,18000,1.00255102041
97676,97685,100546,9,2861,2,18000,1.00314575323
97802,97811,100578,9,2767,2,18000,1.00325262017
97883,97892,100597,9,2705,2,18000,1.0033271719
97934,97942,100695,8,2753,2,18000,1.00290592081
98059,98068,100711,9,2643,2,18000,1.00340522134
98075,98081,100799,6,2718,2,18000,1.00220750552
98125,98132,100873,7,2741,2,18000,1.00255381248
98294,98302,101159,8,2857,2,18000,1.00280014001
98310,98316,101232,6,2916,2,18000,1.00205761317
98394,98401,101194,7,2793,2,18000,1.00250626566
98429,98437,101173,8,2736,2,18000,1.00292397661
98451,98459,101206,8,2747,2,18000,1.00291226793
98466,98472,101123,6,2651,2,18000,1.00226329687
98510,98517,101050,7,2533,2,18000,1.00276352152
98512,98523,101238,11,2715,2,18000,1.00405156538
98565,98572,101382,7,2810,2,18000,1.0024911032
98687,98695,101487,8,2792,2,18000,1.00286532951
98719,98726,101485,7,2759,2,18000,1.00253715114
98808,98817,101652,9,2835,2,18000,1.00317460317
98898,98906,101809,8,2903,2,18000,1.00275576989
98915,98921,101587,6,2666,2,18000,1.00225056264
98948,98955,101780,7,2825,2,18000,1.00247787611
99006,99015,101796,9,2781,2,18000,1.00323624595
99060,99066,101931,6,2865,2,18000,1.00209424084
99076,99082,101847,6,2765,2,18000,1.00216998192
99077,99088,101751,11,2663,2,18000,1.00413067968
99094,99100,101865,6,2765,2,18000,1.00216998192
99211,99219,102042,8,2823,2,18000,1.00283386468
99252,99259,102129,7,2870,2,18000,1.00243902439
99586,99595,102377,9,2782,2,18000,1.00323508267
99603,99612,102383,9,2771,2,18000,1.00324792494
99630,99636,102445,6,2809,2,18000,1.00213599146
99766,99772,102576,6,2804,2,18000,1.00213980029
99782,99788,102672,6,2884,2,18000,1.00208044383
100070,100077,102887,7,2810,2,18000,1.0024911032
100221,100229,103017,8,2788,2,18000,1.00286944046
100240,100248,102898,8,2650,2,18000,1.00301886792
100267,100273,103008,6,2735,2,18000,1.00219378428
100332,100339,103131,7,2792,2,18000,1.00250716332
100407,100416,103167,9,2751,2,18000,1.00327153762
100550,100557,103337,7,2780,2,18000,1.00251798561
100582,100589,103380,7,2791,2,18000,1.00250806163
100598,100608,103336,10,2728,2,18000,1.00366568915
100700,100706,103509,6,2803,2,18000,1.00214056368
100716,100722,103534,6,2812,2,18000,1.00213371266
100765,100771,100777,6,6,1,900,1.2
100778,100784,106013,6,5229,14,8940,1.00114744693
100801,100810,103618,9,2808,2,18000,1.00320512821
100877,100884,103689,7,2805,2,18000,1.00249554367
101051,101061,103787,10,2726,2,18000,1.00366837858
101126,101134,103776,8,2642,2,18000,1.00302800908
101161,101170,103964,9,2794,2,18000,1.00322118826
101176,101184,104069,8,2885,2,18000,1.0027729636
101195,101205,104067,10,2862,2,18000,1.0034940601
101211,101217,103976,6,2759,2,18000,1.00217470098
101236,101243,104001,7,2758,2,18000,1.00253807107
101252,101258,103718,6,2460,2,18000,1.00243902439
101386,101394,104193,8,2799,2,18000,1.00285816363
101490,101496,104358,6,2862,2,18000,1.00209643606
101491,101502,104172,11,2670,2,18000,1.00411985019
101592,101598,104253,6,2655,2,18000,1.00225988701
101656,101663,104389,7,2726,2,18000,1.002567865
101755,101763,104402,8,2639,2,18000,1.00303145131
101784,101791,104673,7,2882,2,18000,1.00242886884
101800,101808,104686,8,2878,2,18000,1.00277970813
101816,101822,104603,6,2781,2,18000,1.0021574973
101848,101858,104676,10,2818,2,18000,1.00354861604
101867,101877,104592,10,2715,2,18000,1.00368324125
101933,101942,104724,9,2782,2,18000,1.00323508267
102044,102053,104690,9,2637,2,18000,1.00341296928
102132,102140,104927,8,2787,2,18000,1.00287047004
102387,102393,105186,6,2793,2,18000,1.00214822771
102389,102399,105230,10,2831,2,18000,1.00353232073
102458,102464,105069,6,2605,2,18000,1.00230326296
102592,102598,105476,6,2878,2,18000,1.0020847811
102675,102683,105402,8,2719,2,18000,1.00294225818
102891,102898,105587,7,2689,2,18000,1.00260319821
102906,102912,105815,6,2903,2,18000,1.00206682742
103011,103019,105577,8,2558,2,18000,1.00312744332
103026,103032,105775,6,2743,2,18000,1.00218738607
103135,103142,105750,7,2608,2,18000,1.00268404908
103170,103178,105843,8,2665,2,18000,1.00300187617
103356,103363,106324,7,2961,2,18000,1.00236406619
103358,103368,106187,10,2819,2,18000,1.00354735722
103383,103391,105999,8,2608,2,18000,1.00306748466
103512,103521,106411,9,2890,2,18000,1.00311418685
103538,103545,106289,7,2744,2,18000,1.00255102041
103620,103629,106293,9,2664,2,18000,1.00337837838
103692,103700,106588,8,2888,2,18000,1.0027700831
103721,103729,106559,8,2830,2,18000,1.00282685512
103778,103788,106531,10,2743,2,18000,1.00364564346
103795,103801,106604,6,2803,2,18000,1.00214056368
103966,103975,106646,9,2671,2,18000,1.00336952452
103982,103988,106694,6,2706,2,18000,1.0022172949
104005,104012,106831,7,2819,2,18000,1.00248315005
104071,104080,106818,9,2738,2,18000,1.00328707085
104072,104085,106657,13,2572,2,18000,1.00505443235
104177,104183,107098,6,2915,2,18000,1.00205831904
104195,104204,107013,9,2809,2,18000,1.00320398718
104255,104264,106767,9,2503,2,18000,1.00359568518
104361,104369,106985,8,2616,2,18000,1.00305810398
104393,104399,107215,6,2816,2,18000,1.00213068182
104409,104415,107097,6,2682,2,18000,1.00223713647
104597,104603,107423,6,2820,2,18000,1.00212765957
104612,104618,107352,6,2734,2,18000,1.00219458669
104676,104684,107432,8,2748,2,18000,1.00291120815
104692,104698,107552,6,2854,2,18000,1.00210231254
104693,104704,107488,11,2784,2,18000,1.00395114943
104695,104709,107509,14,2800,2,18000,1.005
104726,104735,107525,9,2790,2,18000,1.00322580645
104931,104939,107761,8,2822,2,18000,1.00283486889
105071,105081,107667,10,2586,2,18000,1.00386697602
105188,105197,107965,9,2768,2,18000,1.00325144509
105234,105241,108067,7,2826,2,18000,1.00247699929
105404,105414,108136,10,2722,2,18000,1.00367376929
105478,105487,108247,9,2760,2,18000,1.00326086957
105581,105589,108395,8,2806,2,18000,1.0028510335
105597,105603,108287,6,2684,2,18000,1.00223546945
105754,105761,108521,7,2760,2,18000,1.00253623188
105777,105786,108478,9,2692,2,18000,1.00334323923
105818,105826,108664,8,2838,2,18000,1.00281888654
105847,105854,108554,7,2700,2,18000,1.00259259259
106003,106010,108785,7,2775,2,18000,1.00252252252
106010,106016,106021,6,5,1,900,1.1
106022,106028,111532,6,5504,14,8940,1.00109011628
106192,106197,109064,5,2867,2,18000,1.00174398326
106292,106300,108973,8,2673,2,18000,1.00299289188
106307,106313,108927,6,2614,2,18000,1.00229533282
106326,106335,109195,9,2860,2,18000,1.00314685315
106413,106423,109329,10,2906,2,18000,1.00344115623
106535,106543,109304,8,2761,2,18000,1.00289750091
106561,106570,109398,9,2828,2,18000,1.0031824611
106590,106599,109486,9,2887,2,18000,1.00311742293
106606,106615,109409,9,2794,2,18000,1.00322118826
106649,106657,109457,8,2800,2,18000,1.00285714286
106665,106671,109494,6,2823,2,18000,1.00212539851
106697,106705,109351,8,2646,2,18000,1.00302343159
106770,106778,109561,8,2783,2,18000,1.00287459576
106835,106841,109528,6,2687,2,18000,1.00223297358
106836,106847,109593,11,2746,2,18000,1.00400582666
107007,107014,109868,7,2854,2,18000,1.00245269797
107023,107029,109857,6,2828,2,18000,1.00212164074
107100,107108,109902,8,2794,2,18000,1.00286327845
107101,107114,109937,13,2823,2,18000,1.00460503011
107219,107226,109890,7,2664,2,18000,1.00262762763
107355,107363,110150,8,2787,2,18000,1.00287047004
107424,107434,109993,10,2559,2,18000,1.00390777648
107440,107446,110133,6,2687,2,18000,1.00223297358
107490,107499,110275,9,2776,2,18000,1.00324207493
107512,107521,110360,9,2839,2,18000,1.00317013033
107528,107537,110304,9,2767,2,18000,1.00325262017
107554,107563,110493,9,2930,2,18000,1.00307167235
107673,107678,110265,5,2587,2,18000,1.00193274063
107763,107773,110541,10,2768,2,18000,1.00361271676
107969,107976,110846,7,2870,2,18000,1.00243902439
108003,108009,108103,6,94,1,1800,1.06382978723
108070,108078,110847,8,2769,2,18000,1.00288912965
108138,108148,110729,10,2581,2,18000,1.00387446726
108249,108258,111082,9,2824,2,18000,1.00318696884
108290,108298,111064,8,2766,2,18000,1.0028922632
108397,108411,111153,14,2742,2,18000,1.00510576222
108399,108405,108507,6,102,1,1800,1.05882352941
108481,108490,111267,9,2777,2,18000,1.00324090745
108523,108532,111257,9,2725,2,18000,1.00330275229
108558,108565,111360,7,2795,2,18000,1.00250447227
108666,108675,111397,9,2722,2,18000,1.00330639236
108787,108796,111518,9,2722,2,18000,1.00330639236
108932,108938,111764,6,2826,2,18000,1.00212314225
108973,108984,111645,11,2661,2,18000,1.00413378429
109066,109075,111790,9,2715,2,18000,1.00331491713
109104,109110,109617,6,507,1,1800,1.01183431953
109198,109207,112057,9,2850,2,18000,1.00315789474
109305,109315,112153,10,2838,2,18000,1.00352360817
109333,109341,112100,8,2759,2,18000,1.0028996013
109355,109361,112099,6,2738,2,18000,1.00219138057
109403,109409,112226,6,2817,2,18000,1.00212992545
109418,109424,112148,6,2724,2,18000,1.00220264317
109459,109468,112139,9,2671,2,18000,1.00336952452
109491,109497,112263,6,2766,2,18000,1.0021691974
109507,109513,112200,6,2687,2,18000,1.00223297358
109529,109540,112322,11,2782,2,18000,1.00395398994
109564,109572,112343,8,2771,2,18000,1.00288704439
109596,109605,112496,9,2891,2,18000,1.00311310965
109879,109885,112534,6,2649,2,18000,1.00226500566
109880,109891,112709,11,2818,2,18000,1.00390347764
109897,109903,112531,6,2628,2,18000,1.00228310502
109912,109919,112599,7,2680,2,18000,1.0026119403
109941,109948,112742,7,2794,2,18000,1.00250536865
109994,110004,112708,10,2704,2,18000,1.00369822485
110137,110144,112824,7,2680,2,18000,1.0026119403
110153,110161,112949,8,2788,2,18000,1.00286944046
110269,110277,113140,8,2863,2,18000,1.00279427174
110284,110290,113126,6,2836,2,18000,1.00211565585
110306,110315,113131,9,2816,2,18000,1.00319602273
110363,110372,113139,9,2767,2,18000,1.00325262017
110513,110519,113356,6,2837,2,18000,1.00211491012
110546,110551,113340,5,2789,2,18000,1.00179275726
110731,110741,113552,10,2811,2,18000,1.00355745286
110849,110857,113671,8,2814,2,18000,1.00284292822
110850,110863,113640,13,2777,2,18000,1.00468131077
111085,111091,113760,6,2669,2,18000,1.00224803297
111086,111097,113875,11,2778,2,18000,1.00395968323
111155,111164,113780,9,2616,2,18000,1.00344036697
111260,111268,114032,8,2764,2,18000,1.00289435601
111277,111283,114112,6,2829,2,18000,1.00212089077
111294,111300,111336,6,36,1,1800,1.16666666667
111381,111387,114171,6,2784,2,18000,1.00215517241
111400,111409,114143,9,2734,2,18000,1.00329188003
111520,111529,114387,9,2858,2,18000,1.00314905528
111530,111536,111542,6,6,1,900,1.2
111542,111548,115065,6,3517,14,8940,1.00170599943
111647,111656,114426,9,2770,2,18000,1.00324909747
111658,111665,111738,7,73,1,1800,1.09589041096
111768,111775,114519,7,2744,2,18000,1.00255102041
111793,111802,114595,9,2793,2,18000,1.00322234157
112062,112068,114649,6,2581,2,18000,1.00232468036
112103,112110,114851,7,2741,2,18000,1.00255381248
112105,112116,114875,11,2759,2,18000,1.00398695179
112141,112150,114886,9,2736,2,18000,1.00328947368
112158,112164,114878,6,2714,2,18000,1.00221075903
112159,112170,114839,11,2669,2,18000,1.00412139378
112203,112211,114984,8,2773,2,18000,1.00288496213
112228,112237,114914,9,2677,2,18000,1.00336197236
112267,112274,115110,7,2836,2,18000,1.00246826516
112327,112333,114953,6,2620,2,18000,1.00229007634
112346,112354,115123,8,2769,2,18000,1.00288912965
112498,112507,115318,9,2811,2,18000,1.00320170758
112534,112542,115390,8,2848,2,18000,1.00280898876
112549,112556,115196,7,2640,2,18000,1.00265151515
112582,112589,112852,7,263,1,1800,1.02661596958
112603,112611,115518,8,2907,2,18000,1.00275197798
112726,112732,115575,6,2843,2,18000,1.00211044671
112727,112738,115464,11,2726,2,18000,1.00403521643
112747,112753,115506,6,2753,2,18000,1.00217944061
112826,112835,115618,9,2783,2,18000,1.00323392023
112963,112969,115737,6,2768,2,18000,1.00216763006
113128,113138,115849,10,2711,2,18000,1.00368867577
113143,113150,116027,7,2877,2,18000,1.00243309002
113145,113156,115871,11,2715,2,18000,1.00405156538
113146,113161,116050,15,2889,2,18000,1.005192108
113344,113351,115961,7,2610,2,18000,1.00268199234
113360,113367,116047,7,2680,2,18000,1.0026119403
113556,113609,116394,53,2785,2,18000,1.01903052065
113643,113651,116391,8,2740,2,18000,1.00291970803
113676,113682,116263,6,2581,2,18000,1.00232468036
113763,113772,116434,9,2662,2,18000,1.0033809166
113783,113795,116573,12,2778,2,18000,1.00431965443
113812,113819,545861,7,432042,4,432000,1.00001620213
113849,113855,545891,6,432036,4,432000,1.00001388773
113878,113886,116780,8,2894,2,18000,1.00276434001
113896,113902,173496,6,59594,4,360000,1.00010068128
114035,114043,116832,8,2789,2,18000,1.00286841162
114116,114123,116783,7,2660,2,18000,1.00263157895
114144,114154,117079,10,2925,2,18000,1.00341880342
114172,114182,116915,10,2733,2,18000,1.0036589828
114389,114400,117191,11,2791,2,18000,1.0039412397
114447,114453,117210,6,2757,2,18000,1.00217627856
114522,114530,117369,8,2839,2,18000,1.00281789362
114597,114606,117390,9,2784,2,18000,1.00323275862
114653,114660,117499,7,2839,2,18000,1.00246565692
114843,114850,117578,7,2728,2,18000,1.0025659824
114859,114865,117609,6,2744,2,18000,1.00218658892
114879,114889,117709,10,2820,2,18000,1.00354609929
114880,114894,117752,14,2858,2,18000,1.00489853044
114897,114903,117386,6,2483,2,18000,1.00241643174
114913,114925,117721,12,2796,2,18000,1.00429184549
114955,114964,117671,9,2707,2,18000,1.00332471371
114987,114995,117766,8,2771,2,18000,1.00288704439
115063,115069,115076,6,7,1,900,1.3
115081,115086,118581,5,3495,14,8940,1.00143061516
115111,115121,117739,10,2618,2,18000,1.0038197097
115127,115134,118003,7,2869,2,18000,1.00243987452
115200,115207,117893,7,2686,2,18000,1.00260610573
115322,115329,118209,7,2880,2,18000,1.00243055556
115395,115401,118254,6,2853,2,18000,1.00210304942
115467,115475,118211,8,2736,2,18000,1.00292397661
115509,115518,118354,9,2836,2,18000,1.00317348378
115525,115531,118370,6,2839,2,18000,1.00211342022
115579,115586,118391,7,2805,2,18000,1.00249554367
115619,115629,118477,10,2848,2,18000,1.00351123596
115741,115748,118489,7,2741,2,18000,1.00255381248
115851,115860,118599,9,2739,2,18000,1.00328587076
115874,115882,118776,8,2894,2,18000,1.00276434001
115966,115971,118772,5,2801,2,18000,1.00178507676
116029,116038,118761,9,2723,2,18000,1.00330517811
116052,116058,118728,6,2670,2,18000,1.00224719101
116054,116064,118931,10,2867,2,18000,1.00348796652
116268,116274,118926,6,2652,2,18000,1.00226244344
116394,116402,119093,8,2691,2,18000,1.00297287254
116396,116408,119248,12,2840,2,18000,1.00422535211
116436,116445,119206,9,2761,2,18000,1.00325968852
116575,116584,119404,9,2820,2,18000,1.00319148936
116785,116792,119384,7,2592,2,18000,1.00270061728
116787,116798,119625,11,2827,2,18000,1.00389105058
116835,116843,119726,8,2883,2,18000,1.00277488727
116918,116927,119601,9,2674,2,18000,1.0033657442
117083,117090,119841,7,2751,2,18000,1.00254452926
117195,117201,119818,6,2617,2,18000,1.00229270157
117215,117221,119977,6,2756,2,18000,1.00217706821
117373,117380,120140,7,2760,2,18000,1.00253623188
117388,117397,120281,9,2884,2,18000,1.00312066574
117405,117411,120253,6,2842,2,18000,1.0021111893
117500,117510,120457,10,2947,2,18000,1.0033932813
117580,117589,120445,9,2856,2,18000,1.0031512605
117613,117620,120302,7,2682,2,18000,1.00260999254
117674,117682,120362,8,2680,2,18000,1.00298507463
117713,117720,120544,7,2824,2,18000,1.00247875354
117730,117736,120520,6,2784,2,18000,1.00215517241
117747,117753,120544,6,2791,2,18000,1.00214976711
117763,117769,120579,6,2810,2,18000,1.00213523132
117779,117785,120571,6,2786,2,18000,1.00215362527
117895,117905,120815,10,2910,2,18000,1.00343642612
118006,118014,120777,8,2763,2,18000,1.00289540355
118214,118219,121035,5,2816,2,18000,1.00177556818
118215,118225,120860,10,2635,2,18000,1.00379506641
118259,118265,121111,6,2846,2,18000,1.00210822207
118356,118365,121118,9,2753,2,18000,1.00326916092
118372,118381,121116,9,2735,2,18000,1.00329067642
118396,118401,121030,5,2629,2,18000,1.00190186383
118481,118489,121307,8,2818,2,18000,1.00283889283
118497,118503,121320,6,2817,2,18000,1.00212992545
118578,118585,118592,7,7,1,900,1.4
118591,118597,122157,6,3560,14,8940,1.00168539326
118599,118605,118647,6,42,1,1800,1.14285714286
118604,118611,121285,7,2674,2,18000,1.00261780105
118731,118740,121540,9,2800,2,18000,1.00321428571
118764,118773,121410,9,2637,2,18000,1.00341296928
118781,118787,121611,6,2824,2,18000,1.00212464589
118782,118793,121548,11,2755,2,18000,1.00399274047
118923,118929,118998,6,69,1,1800,1.08695652174
118928,118938,121705,10,2767,2,18000,1.00361402241
118943,118950,121776,7,2826,2,18000,1.00247699929
119095,119104,121778,9,2674,2,18000,1.0033657442
119209,119217,121944,8,2727,2,18000,1.0029336267
119251,119260,122033,9,2773,2,18000,1.0032455824
119389,119395,122186,6,2791,2,18000,1.00214976711
119408,119415,122165,7,2750,2,18000,1.00254545455
119505,119511,119697,6,186,1,1800,1.03225806452
119603,119613,122421,10,2808,2,18000,1.00356125356
119629,119636,122451,7,2815,2,18000,1.00248667851
119729,119737,122508,8,2771,2,18000,1.00288704439
119821,119829,122587,8,2758,2,18000,1.00290065265
119844,119853,122513,9,2660,2,18000,1.00338345865
119979,119988,122797,9,2809,2,18000,1.00320398718
120144,120151,122824,7,2673,2,18000,1.0026187804
120256,120264,123203,8,2939,2,18000,1.00272201429
120283,120293,123000,10,2707,2,18000,1.00369412634
120303,120313,122807,10,2494,2,18000,1.0040096231
120365,120373,123185,8,2812,2,18000,1.00284495021
120450,120456,123138,6,2682,2,18000,1.00223713647
120467,120473,123262,6,2789,2,18000,1.00215130871
120524,120531,123259,7,2728,2,18000,1.0025659824
120548,120581,123286,33,2705,2,18000,1.01219963031
120549,120586,123348,37,2762,2,18000,1.01339608979
120575,120592,123456,17,2864,2,18000,1.00593575419
120592,120598,123412,6,2814,2,18000,1.00213219616
120784,120790,123572,6,2782,2,18000,1.00215672178
120817,120826,123552,9,2726,2,18000,1.00330154072
120863,120871,123662,8,2791,2,18000,1.00286635614
120938,120944,120970,6,26,1,1800,1.23076923077
121032,121041,123893,9,2852,2,18000,1.00315568022
121048,121054,123880,6,2826,2,18000,1.00212314225
121112,121122,123775,10,2653,2,18000,1.00376931775
121129,121135,123922,6,2787,2,18000,1.00215285253
121130,121141,123924,11,2783,2,18000,1.00395256917
121273,121279,121333,6,54,1,1800,1.11111111111
121289,121295,123972,6,2677,2,18000,1.0022413149
121309,121318,124133,9,2815,2,18000,1.00319715808
121327,121333,124121,6,2788,2,18000,1.00215208034
121411,121421,124200,10,2779,2,18000,1.0035984167
121545,121551,124236,6,2685,2,18000,1.00223463687
121560,121566,124439,6,2873,2,18000,1.00208840933
121615,121622,124336,7,2714,2,18000,1.00257921887
121708,121716,124473,8,2757,2,18000,1.00290170475
121779,121789,124473,10,2684,2,18000,1.00372578241
121781,121794,124585,13,2791,2,18000,1.00465782874
121948,121956,124796,8,2840,2,18000,1.00281690141
122037,122044,124799,7,2755,2,18000,1.00254083485
122040,122050,122167,10,117,1,1800,1.08547008547
122155,122161,122168,6,7,1,900,1.3
122167,122172,125680,5,3508,14,8940,1.00142531357
122167,122178,124882,11,2704,2,18000,1.00406804734
122190,122197,124827,7,2630,2,18000,1.00266159696
122424,122432,125282,8,2850,2,18000,1.00280701754
122455,122462,125357,7,2895,2,18000,1.002417962
122511,122524,125295,13,2771,2,18000,1.00469144713
122513,122529,125263,16,2734,2,18000,1.00585223116
122589,122598,125450,9,2852,2,18000,1.00315568022
122801,122808,125528,7,2720,2,18000,1.00257352941
122816,122823,125558,7,2735,2,18000,1.00255941499
122832,122838,125544,6,2706,2,18000,1.0022172949
123002,123011,125771,9,2760,2,18000,1.00326086957
123141,123149,126000,8,2851,2,18000,1.00280603297
123188,123196,126089,8,2893,2,18000,1.00276529554
123208,123214,125868,6,2654,2,18000,1.00226073851
123261,123270,126187,9,2917,2,18000,1.00308536167
123278,123284,125855,6,2571,2,18000,1.00233372229
123295,123301,126093,6,2792,2,18000,1.00214899713
123350,123359,126179,9,2820,2,18000,1.00319148936
123416,123423,126143,7,2720,2,18000,1.00257352941
123460,123468,126102,8,2634,2,18000,1.00303720577
123554,123563,126452,9,2889,2,18000,1.0031152648
123574,123583,126474,9,2891,2,18000,1.00311310965
123666,123673,126361,7,2688,2,18000,1.00260416667
123780,123786,126637,6,2851,2,18000,1.00210452473
123790,123797,728633,7,604836,2,604800,1.00001157339
123884,123892,126670,8,2778,2,18000,1.00287976962
123899,123905,126785,6,2880,2,18000,1.00208333333
123925,123934,126714,9,2780,2,18000,1.00323741007
123926,123940,126738,14,2798,2,18000,1.00500357398
123933,123945,123949,12,4,2,604800,1.6
123971,123983,126826,12,2843,2,18000,1.00422089342
124124,124132,127019,8,2887,2,18000,1.0027710426
124140,124146,126985,6,2839,2,18000,1.00211342022
124203,124211,126966,8,2755,2,18000,1.00290381125
124240,124247,127057,7,2810,2,18000,1.0024911032
124339,124348,127042,9,2694,2,18000,1.00334075724
124444,124451,127148,7,2697,2,18000,1.00259547646
124479,124484,127210,5,2726,2,18000,1.00183418929
124480,124490,127223,10,2733,2,18000,1.0036589828
124589,124596,127251,7,2655,2,18000,1.00263653484
124800,124807,127595,7,2788,2,18000,1.0025107604
124801,124813,127592,12,2779,2,18000,1.00431810004
124832,124838,127758,6,2920,2,18000,1.00205479452
124884,124893,127702,9,2809,2,18000,1.00320398718
125266,125274,128103,8,2829,2,18000,1.00282785437
125289,125295,127979,6,2684,2,18000,1.00223546945
125307,125313,128050,6,2737,2,18000,1.00219218122
125361,125368,127946,7,2578,2,18000,1.00271528317
125455,125461,128327,6,2866,2,18000,1.00209351012
125531,125540,128415,9,2875,2,18000,1.00313043478
125549,125555,128409,6,2854,2,18000,1.00210231254
125566,125572,128427,6,2855,2,18000,1.00210157618
125678,125684,125692,6,8,1,900,1.4
125693,125699,129174,6,3475,14,8940,1.00172661871
125774,125782,128427,8,2645,2,18000,1.00302457467
125862,125868,128662,6,2794,2,18000,1.00214745884
125879,125886,128690,7,2804,2,18000,1.00249643367
126004,126011,128634,7,2623,2,18000,1.00266869996
126091,126100,128770,9,2670,2,18000,1.00337078652
126107,126113,129046,6,2933,2,18000,1.00204568701
126109,126119,128942,10,2823,2,18000,1.00354233085
126144,126154,128987,10,2833,2,18000,1.00352982704
126184,126189,128947,5,2758,2,18000,1.0018129079
126200,126206,128929,6,2723,2,18000,1.00220345207
126384,126390,129208,6,2818,2,18000,1.00212916962
126455,126463,129112,8,2649,2,18000,1.00302000755
126478,126485,129209,7,2724,2,18000,1.00256975037
126641,126648,129376,7,2728,2,18000,1.0025659824
126674,126681,129455,7,2774,2,18000,1.00252343187
126716,126725,129335,9,2610,2,18000,1.00344827586
126739,126749,129620,10,2871,2,18000,1.00348310693
126789,126796,129626,7,2830,2,18000,1.00247349823
126830,126838,129617,8,2779,2,18000,1.00287873336
126971,126977,129862,6,2885,2,18000,1.0020797227
126987,126997,129821,10,2824,2,18000,1.00354107649
127024,127030,129744,6,2714,2,18000,1.00221075903
127044,127053,129904,9,2851,2,18000,1.00315678709
127061,127068,129844,7,2776,2,18000,1.00252161383
127149,127159,129940,10,2781,2,18000,1.00359582884
127212,127221,129832,9,2611,2,18000,1.00344695519
127230,127236,129892,6,2656,2,18000,1.00225903614
127253,127262,129925,9,2663,2,18000,1.00337964701
127594,127603,130489,9,2886,2,18000,1.00311850312
127611,127617,130466,6,2849,2,18000,1.00210600211
127705,127714,130533,9,2819,2,18000,1.0031926215
127760,127769,130385,9,2616,2,18000,1.00344036697
127949,127958,130721,9,2763,2,18000,1.00325732899
127981,127990,130712,9,2722,2,18000,1.00330639236
128053,128061,130817,8,2756,2,18000,1.00290275762
128104,128114,130958,10,2844,2,18000,1.0035161744
128332,128339,131094,7,2755,2,18000,1.00254083485
128411,128420,131127,9,2707,2,18000,1.00332471371
128428,128434,131223,6,2789,2,18000,1.00215130871
128429,128440,131384,11,2944,2,18000,1.00373641304
128430,128445,131253,15,2808,2,18000,1.00534188034
128638,128645,131373,7,2728,2,18000,1.0025659824
128664,128673,131476,9,2803,2,18000,1.00321084552
128693,128701,131296,8,2595,2,18000,1.00308285164
128774,128782,131430,8,2648,2,18000,1.00302114804
128789,128795,195409,6,66614,1,72000,1.00009007116
128934,128940,131757,6,2817,2,18000,1.00212992545
128952,128958,131776,6,2818,2,18000,1.00212916962
128953,128964,131742,11,2778,2,18000,1.00395968323
128989,128998,131737,9,2739,2,18000,1.00328587076
129049,129057,131795,8,2738,2,18000,1.00292184076
129114,129124,131955,10,2831,2,18000,1.00353232073
129171,129177,129183,6,6,1,900,1.2
129184,129190,138139,6,8949,14,8940,1.00067046597
129213,129219,131852,6,2633,2,18000,1.00227876946
129214,129225,132053,11,2828,2,18000,1.00388967468
129339,129346,132203,7,2857,2,18000,1.00245012251
129378,129387,131924,9,2537,2,18000,1.00354749704
129459,129466,132288,7,2822,2,18000,1.00248051028
129604,129610,129658,6,48,2,1200,1.125
129619,129628,132495,9,2867,2,18000,1.00313916986
129636,129642,132472,6,2830,2,18000,1.00212014134
129637,129648,132343,11,2695,2,18000,1.00408163265
129746,129755,132581,9,2826,2,18000,1.00318471338
129823,129833,132700,10,2867,2,18000,1.00348796652
129840,129846,132559,6,2713,2,18000,1.0022115739
129855,129862,132606,7,2744,2,18000,1.00255102041
129872,129878,132685,6,2807,2,18000,1.00213751336
129895,129903,132603,8,2700,2,18000,1.00296296296
129912,129918,132627,6,2709,2,18000,1.00221483942
129928,129936,132836,8,2900,2,18000,1.00275862069
129944,129950,132792,6,2842,2,18000,1.0021111893
130388,130396,133334,8,2938,2,18000,1.00272294078
130470,130477,133354,7,2877,2,18000,1.00243309002
130496,130502,133311,6,2809,2,18000,1.00213599146
130557,130563,133494,6,2931,2,18000,1.00204708291
130714,130723,133469,9,2746,2,18000,1.00327749454
130731,130737,133615,6,2878,2,18000,1.0020847811
130770,130776,130859,6,83,2,1200,1.07228915663
130820,130829,133660,9,2831,2,18000,1.00317908866
130960,130969,133827,9,2858,2,18000,1.00314905528
131099,131105,133979,6,2874,2,18000,1.00208768267
131131,131138,133922,7,2784,2,18000,1.00251436782
131227,131235,133921,8,2686,2,18000,1.00297840655
131256,131264,134133,8,2869,2,18000,1.00278842802
131300,131307,134003,7,2696,2,18000,1.00259643917
131375,131384,134179,9,2795,2,18000,1.00322003578
131391,131398,134287,7,2889,2,18000,1.00242298373
131434,131441,134052,7,2611,2,18000,1.00268096515
131479,131488,134273,9,2785,2,18000,1.00323159785
131742,131749,134527,7,2778,2,18000,1.00251979842
131743,131755,134609,12,2854,2,18000,1.00420462509
131760,131768,134597,8,2829,2,18000,1.00282785437
131779,131787,134453,8,2666,2,18000,1.00300075019
131800,131806,134605,6,2799,2,18000,1.00214362272
131856,131863,134682,7,2819,2,18000,1.00248315005
131926,131935,134573,9,2638,2,18000,1.00341167551
131959,131966,134578,7,2612,2,18000,1.00267993874
132056,132064,134855,8,2791,2,18000,1.00286635614
132134,132140,132192,6,52,2,1200,1.11538461538
132205,132214,134996,9,2782,2,18000,1.00323508267
132292,132299,135116,7,2817,2,18000,1.00248491303
132347,132354,134994,7,2640,2,18000,1.00265151515
132475,132483,135304,8,2821,2,18000,1.0028358738
132487,132493,132510,6,17,2,1200,1.35294117647
132498,132506,135106,8,2600,2,18000,1.00307692308
132564,132570,135275,6,2705,2,18000,1.0022181146
132586,132592,135340,6,2748,2,18000,1.00218340611
132606,132615,135481,9,2866,2,18000,1.00314026518
132607,132621,135521,14,2900,2,18000,1.00482758621
132631,132639,135309,8,2670,2,18000,1.00299625468
132689,132696,135446,7,2750,2,18000,1.00254545455
132707,132713,135456,6,2743,2,18000,1.00218738607
132796,132803,135553,7,2750,2,18000,1.00254545455
132800,132809,132844,9,35,2,1200,1.25714285714
132839,132847,135667,8,2820,2,18000,1.00283687943
133040,133046,133365,6,319,1,180000,1.01880877743
133050,133056,133311,6,255,1,180000,1.02352941176
133075,133081,133091,6,10,1,36000,1.6
133109,133115,133555,6,440,1,36000,1.01363636364
133144,133150,133194,6,44,1,36000,1.13636363636
133163,133169,133262,6,93,1,36000,1.06451612903
133179,133185,133355,6,170,1,36000,1.03529411765
133224,133230,133404,6,174,1,36000,1.03448275862
133239,133245,133286,6,41,1,36000,1.14634146341
133315,133322,136117,7,2795,2,18000,1.00250447227
133338,133344,136233,6,2889,2,18000,1.0020768432
133359,133364,136115,5,2751,2,18000,1.0018175209
133474,133480,136370,6,2890,2,18000,1.00207612457
133497,133505,136212,8,2707,2,18000,1.00295530107
133564,133571,133839,7,268,2,1200,1.02611940299
133619,133626,136422,7,2796,2,18000,1.00250357654
133664,133671,136432,7,2761,2,18000,1.00253531329
133830,133838,136744,8,2906,2,18000,1.00275292498
133924,133931,136593,7,2662,2,18000,1.0026296018
133926,133937,136718,11,2781,2,18000,1.00395541172
133985,133991,136846,6,2855,2,18000,1.00210157618
134007,134014,136808,7,2794,2,18000,1.00250536865
134056,134064,136687,8,2623,2,18000,1.00304994281
134137,134144,136933,7,2789,2,18000,1.00250986016
134183,134190,136786,7,2596,2,18000,1.00269645609
134276,134284,137091,8,2807,2,18000,1.00285001781
134292,134298,136963,6,2665,2,18000,1.00225140713
134454,134464,137270,10,2806,2,18000,1.00356379187
134533,134540,137449,7,2909,2,18000,1.0024063252
134577,134584,137268,7,2684,2,18000,1.00260804769
134593,134599,137281,6,2682,2,18000,1.00223713647
134609,134615,137473,6,2858,2,18000,1.00209937019
134611,134621,137423,10,2802,2,18000,1.00356887937
134612,134626,137358,14,2732,2,18000,1.00512445095
134685,134693,137382,8,2689,2,18000,1.00297508367
134856,134866,137743,10,2877,2,18000,1.00347584289
134999,135004,137671,5,2667,2,18000,1.00187476565
135000,135010,137808,10,2798,2,18000,1.00357398142
135109,135118,137745,9,2627,2,18000,1.00342596117
135125,135131,137911,6,2780,2,18000,1.00215827338
135277,135286,138061,9,2775,2,18000,1.00324324324
135307,135315,138119,8,2804,2,18000,1.00285306705
135308,135321,138193,13,2872,2,18000,1.0045264624
135345,135351,138169,6,2818,2,18000,1.00212916962
135449,135458,138391,9,2933,2,18000,1.00306853051
135466,135472,138264,6,2792,2,18000,1.00214899713
135485,135492,138290,7,2798,2,18000,1.00250178699
135524,135533,138232,9,2699,2,18000,1.00333456836
135556,135564,138440,8,2876,2,18000,1.00278164117
135670,135678,138327,8,2649,2,18000,1.00302000755
136121,136126,138999,5,2873,2,18000,1.00174034111
136122,136132,138958,10,2826,2,18000,1.00353857042
136216,136223,138992,7,2769,2,18000,1.00252798844
136236,136244,139055,8,2811,2,18000,1.00284596229
136374,136381,139180,7,2799,2,18000,1.00250089318
136425,136433,139273,8,2840,2,18000,1.00281690141
136441,136447,139103,6,2656,2,18000,1.00225903614
136598,136604,139271,6,2667,2,18000,1.00224971879
136689,136698,139492,9,2794,2,18000,1.00322118826
136722,136728,139535,6,2807,2,18000,1.00213751336
136749,136755,139477,6,2722,2,18000,1.00220426157
136788,136797,139585,9,2788,2,18000,1.00322812052
136811,136819,139745,8,2926,2,18000,1.002734108
136850,136857,139812,7,2955,2,18000,1.00236886633
136934,136944,139618,10,2674,2,18000,1.00373971578
136966,136974,139895,8,2921,2,18000,1.00273878809
137094,137103,139846,9,2743,2,18000,1.00328107911
137231,137237,142303,6,5066,2,10800,1.00118436636
137271,137281,140130,10,2849,2,18000,1.00351000351
137273,137286,140116,13,2830,2,18000,1.00459363958
137289,137295,140132,6,2837,2,18000,1.00211491012
137361,137369,140215,8,2846,2,18000,1.00281096275
137384,137394,140034,10,2640,2,18000,1.00378787879
137431,137438,140254,7,2816,2,18000,1.00248579545
137451,137460,140355,9,2895,2,18000,1.00310880829
137477,137484,140259,7,2775,2,18000,1.00252252252
137627,137633,137968,6,335,2,1200,1.01791044776
137674,137682,140419,8,2737,2,18000,1.00292290829
137746,137756,140522,10,2766,2,18000,1.00361532899
137748,137761,140442,13,2681,2,18000,1.00484893696
137810,137819,140582,9,2763,2,18000,1.00325732899
137915,137922,140761,7,2839,2,18000,1.00246565692
137964,137970,138031,6,61,2,1200,1.09836065574
138064,138072,141035,8,2963,2,18000,1.00269996625
138122,138130,141063,8,2933,2,18000,1.00272758268
138171,138180,140949,9,2769,2,18000,1.00325027086
138197,138204,141005,7,2801,2,18000,1.00249910746
138235,138244,140942,9,2698,2,18000,1.0033358043
138268,138275,141037,7,2762,2,18000,1.00253439537
138294,138302,141150,8,2848,2,18000,1.00280898876
138329,138338,141099,9,2761,2,18000,1.00325968852
138394,138402,141194,8,2792,2,18000,1.00286532951
138442,138451,141236,9,2785,2,18000,1.00323159785
138520,138526,138821,6,295,2,1200,1.02033898305
138826,138832,157098,6,18266,1,432000,1.00032847914
138930,138938,139364,8,426,2,1200,1.01877934272
138963,138969,141740,6,2771,2,18000,1.00216528329
138995,139004,141844,9,2840,2,18000,1.00316901408
139012,139018,141663,6,2645,2,18000,1.002268431
139057,139066,141921,9,2855,2,18000,1.00315236427
139106,139114,141905,8,2791,2,18000,1.00286635614
139185,139192,141948,7,2756,2,18000,1.00253991292
139276,139282,142138,6,2856,2,18000,1.00210084034
139278,139288,142018,10,2730,2,18000,1.00366300366
139290,139296,744100,6,604804,2,604800,1.00000992057
139480,139489,142374,9,2885,2,18000,1.00311958406
139497,139503,142362,6,2859,2,18000,1.00209863589
139533,139539,744377,6,604838,2,604800,1.00000992001
139538,139546,142212,8,2666,2,18000,1.00300075019
139588,139596,142416,8,2820,2,18000,1.00283687943
139621,139629,142488,8,2859,2,18000,1.00279818118
139748,139756,142584,8,2828,2,18000,1.00282885431
139815,139823,142767,8,2944,2,18000,1.0027173913
139850,139858,142609,8,2751,2,18000,1.00290803344
139897,139906,142685,9,2779,2,18000,1.00323857503
140036,140046,142827,10,2781,2,18000,1.00359582884
140120,140127,142997,7,2870,2,18000,1.00243902439
140135,140141,142839,6,2698,2,18000,1.00222386953
140137,140147,142669,10,2522,2,18000,1.00396510706
140219,140226,142980,7,2754,2,18000,1.00254175744
140257,140265,143164,8,2899,2,18000,1.00275957227
140273,140280,142971,7,2691,2,18000,1.00260126347
140325,140331,140334,6,3,2,604800,1.0
140359,140366,143169,7,2803,2,18000,1.0024973243
140421,140430,143222,9,2792,2,18000,1.0032234957
140442,140453,143266,11,2813,2,18000,1.00391041593
140527,140533,143255,6,2722,2,18000,1.00220426157
140586,140594,143420,8,2826,2,18000,1.00283085633
140763,140773,143580,10,2807,2,18000,1.00356252227
140947,140953,143741,6,2788,2,18000,1.00215208034
140963,140969,143715,6,2746,2,18000,1.00218499636
141007,141017,143801,10,2784,2,18000,1.00359195402
141039,141048,143773,9,2725,2,18000,1.00330275229
141040,141053,143749,13,2696,2,18000,1.00482195846
141065,141074,143967,9,2893,2,18000,1.00311095748
141104,141110,143934,6,2824,2,18000,1.00212464589
141152,141161,143953,9,2792,2,18000,1.0032234957
141160,141167,141168,7,1,4,432000,1.0
141197,141205,144001,8,2796,2,18000,1.00286123033
141239,141247,143940,8,2693,2,18000,1.00297066469
141425,141441,141442,16,1,1,3600,1.7
141425,141431,141432,6,1,1,3600,1.0
141426,141457,141458,31,1,1,3600,3.2
141427,141483,141484,56,1,1,3600,5.7
141427,141478,141479,51,1,1,3600,5.2
141427,141462,141463,35,1,1,3600,3.6
141428,141501,141502,73,1,1,3600,7.4
141428,141517,141518,89,1,1,3600,9.0
141428,141496,141497,68,1,1,3600,6.9
141429,141538,141539,109,1,1,3600,11.0
141429,141522,141523,93,1,1,3600,9.4
141429,141533,141534,104,1,1,3600,10.5
141430,141575,141576,145,1,1,3600,14.6
141430,141587,141588,157,1,1,3600,15.8
141430,141559,141560,129,1,1,3600,13.0
141430,141582,141583,152,1,1,3600,15.3
141430,141554,141555,124,1,1,3600,12.5
141665,141675,144512,10,2837,2,18000,1.00352485019
141742,141751,144438,9,2687,2,18000,1.00334946036
141846,141874,144622,28,2748,2,18000,1.01018922853
141847,141858,141996,11,138,1,36000,1.07971014493
141847,141853,142015,6,162,1,36000,1.03703703704
141847,141863,141943,16,80,1,36000,1.2
141847,141868,141968,21,100,1,36000,1.21
141848,141890,142031,42,141,1,36000,1.29787234043
141848,141900,141904,52,4,1,36000,5.6
141848,141879,142017,31,138,1,36000,1.22463768116
141848,141884,141960,36,76,1,36000,1.47368421053
141848,141910,141915,62,5,1,36000,6.7
141848,141905,141909,57,4,1,36000,6.1
141848,141895,141901,47,6,1,36000,5.3
141849,141931,142083,82,152,1,36000,1.53947368421
141849,141941,142087,92,146,1,36000,1.6301369863
141849,141946,142041,97,95,1,36000,2.02105263158
141849,141921,141926,72,5,1,36000,7.7
141849,141915,141929,66,14,1,36000,5.71428571429
141849,141926,141932,77,6,1,36000,8.3
141849,141936,142020,87,84,1,36000,2.03571428571
141850,141957,142045,107,88,1,36000,2.21590909091
141850,141977,141992,127,15,1,36000,9.46666666667
141850,141962,141999,112,37,1,36000,4.02702702703
141850,141951,142013,101,62,1,36000,2.62903225806
141850,141967,141996,117,29,1,36000,5.03448275862
141850,141972,142028,122,56,1,36000,3.17857142857
141851,142036,142351,185,315,1,36000,1.5873015873
141851,142004,142022,153,18,1,36000,9.5
141851,141999,142030,148,31,1,36000,5.77419354839
141851,141988,142010,137,22,1,36000,7.22727272727
141851,142031,142076,180,45,1,36000,5.0
141851,141994,142022,143,28,1,36000,6.10714285714
141851,141983,142015,132,32,1,36000,5.125
141852,142072,142230,220,158,1,36000,2.39240506329
141852,142067,142219,215,152,1,36000,2.41447368421
141852,142042,142452,190,410,1,36000,1.46341463415
141852,142052,142177,200,125,1,36000,2.6
141852,142062,142318,210,256,1,36000,1.8203125
141852,142057,142144,205,87,1,36000,3.35632183908
141852,142047,142084,195,37,1,36000,6.27027027027
141909,142011,144833,102,2822,2,18000,1.03614457831
141922,142026,142027,104,1,4,432000,10.5
141925,142016,144833,91,2817,2,18000,1.03230386936
141950,142021,144758,71,2737,2,18000,1.02594081111
141966,142088,142089,122,1,1,3600,12.3
141966,142099,142100,133,1,1,3600,13.4
141966,142083,142084,117,1,1,3600,11.8
141967,142120,142121,153,1,1,3600,15.4
141967,142136,142137,169,1,1,3600,17.0
141967,142104,142106,137,2,1,3600,13.9
141968,142183,142184,215,1,1,3600,21.6
141968,142178,142179,210,1,1,3600,21.1
141968,142162,142163,194,1,1,3600,19.5
141968,142157,142158,189,1,1,3600,19.0
141969,142228,142229,259,1,1,3600,26.0
141969,142199,142200,230,1,1,3600,23.1
141969,142204,142205,235,1,1,3600,23.6
142022,142213,144865,191,2652,2,18000,1.07202111614
142142,142218,145035,76,2817,2,18000,1.02697905573
142177,142223,142224,46,1,4,432000,4.7
142215,142256,144957,41,2701,2,18000,1.01517956312
142260,142266,142295,6,29,1,36000,1.20689655172
142365,142373,145165,8,2792,2,18000,1.00286532951
142380,142387,145150,7,2763,2,18000,1.0025334781
142418,142427,145193,9,2766,2,18000,1.0032537961
142493,142499,145188,6,2689,2,18000,1.00223131276
142587,142595,145359,8,2764,2,18000,1.00289435601
142613,142620,145395,7,2775,2,18000,1.00252252252
142671,142677,142748,6,71,1,3600,1.08450704225
142671,142698,142774,27,76,1,3600,1.35526315789
142671,142687,142761,16,74,1,3600,1.21621621622
142671,142682,142754,11,72,1,3600,1.15277777778
142672,142703,142783,31,80,1,3600,1.3875
142672,142714,142785,42,71,1,3600,1.59154929577
142672,142709,142781,37,72,1,3600,1.51388888889
142672,142724,142807,52,83,1,3600,1.6265060241
142672,142735,142811,63,76,1,3600,1.82894736842
142672,142719,142794,47,75,1,3600,1.62666666667
142672,142729,142800,57,71,1,3600,1.80281690141
142673,142740,142811,67,71,1,3600,1.94366197183
142673,142745,142815,72,70,1,3600,2.02857142857
142673,142750,142823,77,73,1,3600,2.05479452055
142673,142755,142827,82,72,1,3600,2.13888888889
142673,142761,142832,88,71,1,3600,2.23943661972
142673,142766,142840,93,74,1,3600,2.25675675676
142673,142771,142842,98,71,1,3600,2.38028169014
142673,142776,142849,103,73,1,3600,2.41095890411
142673,142781,142856,108,75,1,3600,2.44
142674,142693,145320,19,2627,2,18000,1.0072325847
142674,142813,142895,139,82,1,3600,2.69512195122
142674,142818,142889,144,71,1,3600,3.02816901408
142674,142807,142886,133,79,1,3600,2.6835443038
142674,142797,142876,123,79,1,3600,2.55696202532
142674,142787,142857,113,70,1,3600,2.61428571429
142674,142792,142863,118,71,1,3600,2.66197183099
142674,142802,142874,128,72,1,3600,2.77777777778
142675,142823,142895,148,72,1,3600,3.05555555556
142675,142845,142919,170,74,1,3600,3.2972972973
142675,142840,142923,165,83,1,3600,2.98795180723
142690,142830,145779,140,2949,2,18000,1.04747371991
142769,142835,145682,66,2847,2,18000,1.02318229715
142830,142851,145699,21,2848,2,18000,1.00737359551
142846,142857,145669,11,2812,2,18000,1.00391180654
142975,142981,153886,6,10905,2,10800,1.00055020633
142976,142987,145678,11,2691,2,18000,1.00408769974
142992,142998,145690,6,2692,2,18000,1.00222882615
143008,143014,145725,6,2711,2,18000,1.00221320546
143053,143059,143060,6,1,4,432000,1.0
143066,143072,143132,6,60,1,36000,1.1
143167,143175,145960,8,2785,2,18000,1.00287253142
143183,143189,146088,6,2899,2,18000,1.0020696792
143224,143233,146095,9,2862,2,18000,1.00314465409
143260,143266,146002,6,2736,2,18000,1.00219298246
143276,143282,146003,6,2721,2,18000,1.00220507166
143424,143431,146275,7,2844,2,18000,1.00246132208
143584,143591,146328,7,2737,2,18000,1.00255754476
143720,143725,146636,5,2911,2,18000,1.00171762281
143745,143752,146659,7,2907,2,18000,1.00240798074
143761,143768,146532,7,2764,2,18000,1.00253256151
143777,143783,146538,6,2755,2,18000,1.00217785844
143803,143812,146567,9,2755,2,18000,1.00326678766
143937,143945,146785,8,2840,2,18000,1.00281690141
143953,143960,146827,7,2867,2,18000,1.00244157656
143955,143966,146692,11,2726,2,18000,1.00403521643
143971,143978,146853,7,2875,2,18000,1.00243478261
144003,144012,146843,9,2831,2,18000,1.00317908866
144262,144268,144475,6,207,1,36000,1.02898550725
144281,144287,144293,6,6,1,36000,1.2
144370,144376,144379,6,3,1,36000,1.0
144382,144388,144544,6,156,1,36000,1.03846153846
144398,144405,144545,7,140,1,36000,1.05
144407,144413,144435,6,22,1,36000,1.27272727273
144419,144425,144565,6,140,1,36000,1.04285714286
144429,144435,144458,6,23,1,36000,1.26086956522
144440,144449,147211,9,2762,2,18000,1.00325850833
144518,144523,147310,5,2787,2,18000,1.00179404377
144571,144577,145204,6,627,1,900,1.00956937799
144625,144633,147305,8,2672,2,18000,1.00299401198
144761,144769,147530,8,2761,2,18000,1.00289750091
144837,144843,147667,6,2824,2,18000,1.00212464589
144839,144849,147622,10,2773,2,18000,1.00360620267
144869,144876,147704,7,2828,2,18000,1.00247524752
144906,144912,145095,6,183,1,36000,1.03278688525
144960,144969,147825,9,2856,2,18000,1.0031512605
145037,145046,147857,9,2811,2,18000,1.00320170758
145153,145161,148023,8,2862,2,18000,1.00279524808
145169,145176,147885,7,2709,2,18000,1.00258397933
145192,145199,148080,7,2881,2,18000,1.00242971191
145208,145214,148063,6,2849,2,18000,1.00210600211
145264,145280,145352,16,72,1,3600,1.22222222222
145264,145270,145354,6,84,1,3600,1.07142857143
145264,145275,145357,11,82,1,3600,1.13414634146
145264,145285,145359,21,74,1,3600,1.28378378378
145264,145291,145363,27,72,1,3600,1.375
145265,145327,145401,62,74,1,3600,1.83783783784
145265,145312,145400,47,88,1,3600,1.53409090909
145265,145317,145402,52,85,1,3600,1.61176470588
145265,145307,145379,42,72,1,3600,1.58333333333
145265,145301,145374,36,73,1,3600,1.49315068493
145265,145296,145370,31,74,1,3600,1.41891891892
145265,145322,145399,57,77,1,3600,1.74025974026
145266,145358,145430,92,72,1,3600,2.27777777778
145266,145332,145405,66,73,1,3600,1.90410958904
145266,145337,145410,71,73,1,3600,1.97260273973
145266,145343,145415,77,72,1,3600,2.06944444444
145266,145348,145421,82,73,1,3600,2.12328767123
145266,145353,145430,87,77,1,3600,2.12987012987
145266,145363,145436,97,73,1,3600,2.32876712329
145267,145384,145456,117,72,1,3600,2.625
145267,145389,145461,122,72,1,3600,2.69444444444
145267,145394,145468,127,74,1,3600,2.71621621622
145267,145373,145447,106,74,1,3600,2.43243243243
145267,145368,145440,101,72,1,3600,2.40277777778
145267,145379,145451,112,72,1,3600,2.55555555556
145267,145399,145472,132,73,1,3600,2.80821917808
145268,145437,145511,169,74,1,3600,3.28378378378
145268,145415,145495,147,80,1,3600,2.8375
145268,145404,145484,136,80,1,3600,2.7
145268,145410,145484,142,74,1,3600,2.91891891892
145324,145422,148204,98,2782,2,18000,1.03522645579
145362,145427,148243,65,2816,2,18000,1.02308238636
145399,145432,148326,33,2894,2,18000,1.01140290256
145671,145680,148322,9,2642,2,18000,1.00340651022
145687,145693,148568,6,2875,2,18000,1.00208695652
145688,145699,148507,11,2808,2,18000,1.00391737892
145705,145711,148590,6,2879,2,18000,1.00208405696
145706,145717,148547,11,2830,2,18000,1.0038869258
145728,145737,148394,9,2657,2,18000,1.00338727889
145782,145790,148474,8,2684,2,18000,1.00298062593
145866,145871,145943,5,72,1,3600,1.06944444444
145866,145882,145953,16,71,1,3600,1.22535211268
145866,145887,145958,21,71,1,3600,1.29577464789
145866,145898,145975,32,77,1,3600,1.41558441558
145866,145908,145983,42,75,1,3600,1.56
145866,145876,145949,10,73,1,3600,1.13698630137
145866,145903,145986,37,83,1,3600,1.44578313253
145867,145944,146019,77,75,1,3600,2.02666666667
145867,145939,146018,72,79,1,3600,1.91139240506
145867,145924,146007,57,83,1,3600,1.68674698795
145867,145934,146006,67,72,1,3600,1.93055555556
145867,145929,146001,62,72,1,3600,1.86111111111
145867,145918,145991,51,73,1,3600,1.69863013699
145867,145913,145985,46,72,1,3600,1.63888888889
145868,145949,146024,81,75,1,3600,2.08
145868,145954,146026,86,72,1,3600,2.19444444444
145868,145960,146036,92,76,1,3600,2.21052631579
145868,145965,146037,97,72,1,3600,2.34722222222
145868,145975,146047,107,72,1,3600,2.48611111111
145868,145970,146053,102,83,1,3600,2.22891566265
145868,145980,146061,112,81,1,3600,2.38271604938
145869,145996,146069,127,73,1,3600,2.7397260274
145869,146011,146092,142,81,1,3600,2.75308641975
145869,146001,146078,132,77,1,3600,2.71428571429
145869,146016,146099,147,83,1,3600,2.77108433735
145869,145990,146077,121,87,1,3600,2.3908045977
145869,146006,146088,137,82,1,3600,2.67073170732
145869,145985,146058,116,73,1,3600,2.58904109589
145870,146044,146131,174,87,1,3600,3.0
145870,146022,146103,152,81,1,3600,2.87654320988
145884,145893,145898,9,5,1,36000,1.4
145894,146034,146090,140,56,1,36000,3.5
145962,146029,148724,67,2695,2,18000,1.02486085343
145983,146039,146122,56,83,1,36000,1.67469879518
146032,146050,148844,18,2794,2,18000,1.00644237652
146034,146055,148808,21,2753,2,18000,1.00762804214
146132,146138,148980,6,2842,2,18000,1.0021111893
146134,146144,148848,10,2704,2,18000,1.00369822485
146302,146308,149150,6,2842,2,18000,1.0021111893
146331,146339,149068,8,2729,2,18000,1.00293147673
146368,146390,146468,22,78,1,3600,1.28205128205
146368,146384,146468,16,84,1,3600,1.19047619048
146368,146374,146455,6,81,1,3600,1.07407407407
146368,146379,146450,11,71,1,3600,1.15492957746
146369,146395,146478,26,83,1,3600,1.31325301205
146369,146400,146475,31,75,1,3600,1.41333333333
146369,146416,146490,47,74,1,3600,1.63513513514
146369,146405,146477,36,72,1,3600,1.5
146369,146410,146483,41,73,1,3600,1.56164383562
146370,146436,146513,66,77,1,3600,1.85714285714
146370,146441,146521,71,80,1,3600,1.8875
146370,146431,146503,61,72,1,3600,1.84722222222
146370,146426,146510,56,84,1,3600,1.66666666667
146370,146421,146503,51,82,1,3600,1.62195121951
146371,146478,146557,107,79,1,3600,2.35443037975
146371,146472,146547,101,75,1,3600,2.34666666667
146371,146467,146538,96,71,1,3600,2.35211267606
146371,146446,146524,75,78,1,3600,1.96153846154
146371,146462,146537,91,75,1,3600,2.21333333333
146371,146452,146534,81,82,1,3600,1.98780487805
146371,146457,146529,86,72,1,3600,2.19444444444
146372,146488,146560,116,72,1,3600,2.61111111111
146372,146483,146559,111,76,1,3600,2.46052631579
146372,146503,146588,131,85,1,3600,2.54117647059
146372,146508,146581,136,73,1,3600,2.86301369863
146372,146514,146586,142,72,1,3600,2.97222222222
146372,146498,146571,126,73,1,3600,2.72602739726
146372,146493,146568,121,75,1,3600,2.61333333333
146373,146521,146603,148,82,1,3600,2.80487804878
146373,146526,146606,153,80,1,3600,2.9125
146536,146542,149473,6,2931,2,18000,1.00204708291
146553,146558,149357,5,2799,2,18000,1.00178635227
146570,146578,149147,8,2569,2,18000,1.00311405216
146646,146652,149318,6,2666,2,18000,1.00225056264
146662,146670,149332,8,2662,2,18000,1.0030052592
146695,146703,149506,8,2803,2,18000,1.00285408491
146815,146821,149425,6,2604,2,18000,1.00230414747
146831,146837,149566,6,2729,2,18000,1.00219860755
146852,146858,149609,6,2751,2,18000,1.00218102508
146868,146874,149658,6,2784,2,18000,1.00215517241
147237,147243,149970,6,2727,2,18000,1.00220022002
147267,147282,153558,15,6276,1,180000,1.00239005736
147267,147277,189773,10,42496,1,180000,1.00023531627
147267,147272,184622,5,37350,1,180000,1.00013386881
147313,147319,149941,6,2622,2,18000,1.00228832952
147314,147325,150080,11,2755,2,18000,1.00399274047
147320,147336,147609,16,273,1,3600,1.05860805861
147320,147347,147609,27,262,1,3600,1.10305343511
147320,147341,147600,21,259,1,3600,1.08108108108
147320,147331,147602,11,271,1,3600,1.0405904059
147321,147357,147627,36,270,1,3600,1.13333333333
147321,147352,147605,31,253,1,3600,1.12252964427
147321,147363,147638,42,275,1,3600,1.15272727273
147321,147368,147639,47,271,1,3600,1.17343173432
147322,147394,147676,72,282,1,3600,1.25531914894
147322,147373,147629,51,256,1,3600,1.19921875
147322,147378,147633,56,255,1,3600,1.21960784314
147322,147383,147644,61,261,1,3600,1.2337164751
147322,147399,147653,77,254,1,3600,1.3031496063
147322,147389,147660,67,271,1,3600,1.24723247232
147322,147404,147658,82,254,1,3600,1.32283464567
147322,147409,147678,87,269,1,3600,1.32342007435
147323,147450,147725,127,275,1,3600,1.46181818182
147323,147429,147701,106,272,1,3600,1.38970588235
147323,147420,147694,97,274,1,3600,1.35401459854
147323,147434,147692,111,258,1,3600,1.43023255814
147323,147440,147684,117,244,1,3600,1.47950819672
147323,147445,147702,122,257,1,3600,1.47470817121
147323,147414,147669,91,255,1,3600,1.3568627451
147324,147526,147783,202,257,1,3600,1.7859922179
147324,147531,147785,207,254,1,3600,1.81496062992
147324,147536,147780,212,244,1,3600,1.86885245902
147324,147460,147732,136,272,1,3600,1.5
147324,147455,147697,131,242,1,3600,1.54132231405
147324,147542,147795,218,253,1,3600,1.86166007905
147324,147547,147809,223,262,1,3600,1.85114503817
147552,147558,150428,6,2870,2,18000,1.00209059233
147635,147642,150239,7,2597,2,18000,1.00269541779
147671,147678,150446,7,2768,2,18000,1.00252890173
147706,147715,150579,9,2864,2,18000,1.0031424581
147849,147855,150739,6,2884,2,18000,1.00208044383
147865,147871,150740,6,2869,2,18000,1.00209132102
147887,147896,150762,9,2866,2,18000,1.00314026518
148046,148052,150787,6,2735,2,18000,1.00219378428
148065,148074,150908,9,2834,2,18000,1.00317572336
148084,148091,150790,7,2699,2,18000,1.00259355317
148222,148228,151083,6,2855,2,18000,1.00210157618
148248,148253,151028,5,2775,2,18000,1.0018018018
148324,148333,151069,9,2736,2,18000,1.00328947368
148340,148346,150975,6,2629,2,18000,1.00228223659
148397,148405,151149,8,2744,2,18000,1.0029154519
148477,148485,151331,8,2846,2,18000,1.00281096275
148510,148518,151256,8,2738,2,18000,1.00292184076
148551,148558,151369,7,2811,2,18000,1.002490217
148571,148580,151535,9,2955,2,18000,1.00304568528
148593,148602,151273,9,2671,2,18000,1.00336952452
148748,148754,151564,6,2810,2,18000,1.00213523132
148813,148819,151492,6,2673,2,18000,1.00224466891
148848,148855,151484,7,2629,2,18000,1.00266260936
148849,148861,151592,12,2731,2,18000,1.00439399487
148983,148991,151767,8,2776,2,18000,1.00288184438
149072,149080,151862,8,2782,2,18000,1.00287562904
149150,149157,151835,7,2678,2,18000,1.00261389096
149151,149163,151936,12,2773,2,18000,1.0043274432
149323,149329,152094,6,2765,2,18000,1.00216998192
149339,149345,152065,6,2720,2,18000,1.00220588235
149361,149368,152250,7,2882,2,18000,1.00242886884
149429,149436,152297,7,2861,2,18000,1.00244669696
149475,149485,152391,10,2906,2,18000,1.00344115623
149508,149517,152358,9,2841,2,18000,1.00316789863
149588,149594,152346,6,2752,2,18000,1.00218023256
149615,149620,152352,5,2732,2,18000,1.00183016105
149662,149670,152431,8,2761,2,18000,1.00289750091
149945,149952,152758,7,2806,2,18000,1.00249465431
149973,149981,152820,8,2839,2,18000,1.00281789362
150082,150092,152836,10,2744,2,18000,1.00364431487
150242,150250,152984,8,2734,2,18000,1.00292611558
150432,150439,153359,7,2920,2,18000,1.00239726027
150448,150457,153145,9,2688,2,18000,1.00334821429
150583,150591,153177,8,2586,2,18000,1.00309358082
150744,150750,153447,6,2697,2,18000,1.0022246941
150745,150756,153602,11,2846,2,18000,1.00386507379
150764,150773,153597,9,2824,2,18000,1.00318696884
150791,150798,153575,7,2777,2,18000,1.0025207058
150792,150804,153582,12,2778,2,18000,1.00431965443
150912,150919,153526,7,2607,2,18000,1.00268507863
150980,151037,153834,57,2797,2,18000,1.02037897748
151031,151043,153878,12,2835,2,18000,1.00423280423
151041,151054,151125,13,71,1,3600,1.18309859155
151041,151048,151128,7,80,1,3600,1.0875
151042,151090,151173,48,83,1,3600,1.57831325301
151042,151074,151156,32,82,1,3600,1.39024390244
151042,151095,151175,53,80,1,3600,1.6625
151042,151079,151152,37,73,1,3600,1.50684931507
151042,151069,151141,27,72,1,3600,1.375
151042,151064,151136,22,72,1,3600,1.30555555556
151042,151059,151132,17,73,1,3600,1.23287671233
151042,151085,151156,43,71,1,3600,1.60563380282
151043,151137,151209,94,72,1,3600,2.30555555556
151043,151105,151194,62,89,1,3600,1.69662921348
151043,151143,151219,100,76,1,3600,2.31578947368
151043,151116,151190,73,74,1,3600,1.98648648649
151043,151111,151186,68,75,1,3600,1.90666666667
151043,151100,151181,57,81,1,3600,1.7037037037
151043,151121,151192,78,71,1,3600,2.0985915493
151044,151148,151224,104,76,1,3600,2.36842105263
151044,151158,151230,114,72,1,3600,2.58333333333
151044,151153,151234,109,81,1,3600,2.34567901235
151044,151169,151241,125,72,1,3600,2.73611111111
151044,151163,151241,119,78,1,3600,2.52564102564
151044,151179,151250,135,71,1,3600,2.9014084507
151044,151174,151260,130,86,1,3600,2.51162790698
151045,151189,151266,144,77,1,3600,2.87012987013
151045,151184,151267,139,83,1,3600,2.67469879518
151045,151195,151267,150,72,1,3600,3.08333333333
151045,151205,151277,160,72,1,3600,3.22222222222
151045,151200,151273,155,73,1,3600,3.12328767123
151045,151210,151283,165,73,1,3600,3.2602739726
151073,151127,153949,54,2822,2,18000,1.01913536499
151091,151132,153999,41,2867,2,18000,1.01430066271
151151,151217,153977,66,2760,2,18000,1.02391304348
151173,151222,151963,49,741,1,259200,1.0661268556
151258,151267,154065,9,2798,2,18000,1.00321658327
151277,151288,154150,11,2862,2,18000,1.00384346611
151337,151343,154160,6,2817,2,18000,1.00212992545
151374,151380,154080,6,2700,2,18000,1.00222222222
151491,151497,154358,6,2861,2,18000,1.00209716882
151508,151514,154331,6,2817,2,18000,1.00212992545
151539,151546,154332,7,2786,2,18000,1.00251256281
151571,151577,154338,6,2761,2,18000,1.00217312568
151595,151603,154395,8,2792,2,18000,1.00286532951
151717,151728,151799,11,71,1,3600,1.15492957746
151717,151723,151801,6,78,1,3600,1.07692307692
151717,151733,151805,16,72,1,3600,1.22222222222
151718,151749,151821,31,72,1,3600,1.43055555556
151718,151754,151828,36,74,1,3600,1.48648648649
151718,151744,151817,26,73,1,3600,1.35616438356
151718,151759,151837,41,78,1,3600,1.52564102564
151718,151764,151855,46,91,1,3600,1.50549450549
151718,151738,151814,20,76,1,3600,1.26315789474
151718,151770,151844,52,74,1,3600,1.7027027027
151719,151811,151883,92,72,1,3600,2.27777777778
151719,151806,151877,87,71,1,3600,2.22535211268
151719,151795,151871,76,76,1,3600,2.0
151719,151785,151870,66,85,1,3600,1.77647058824
151719,151775,151846,56,71,1,3600,1.78873239437
151719,151790,151864,71,74,1,3600,1.95945945946
151719,151780,151854,61,74,1,3600,1.82432432432
151719,151800,151886,81,86,1,3600,1.94186046512
151720,151816,151887,96,71,1,3600,2.35211267606
151720,151821,151893,101,72,1,3600,2.40277777778
151720,151826,151898,106,72,1,3600,2.47222222222
151720,151831,151906,111,75,1,3600,2.48
151720,151842,151914,122,72,1,3600,2.69444444444
151720,151837,151923,117,86,1,3600,2.36046511628
151720,151847,151926,127,79,1,3600,2.60759493671
151721,151890,151961,169,71,1,3600,3.38028169014
151721,151868,151940,147,72,1,3600,3.04166666667
151721,151852,151924,131,72,1,3600,2.81944444444
151721,151857,151928,136,71,1,3600,2.91549295775
151721,151862,151938,141,76,1,3600,2.85526315789
151771,151875,154808,104,2933,2,18000,1.03545857484
151838,151880,154686,42,2806,2,18000,1.01496792587
151866,151885,154709,19,2824,2,18000,1.00672804533
151938,151947,154725,9,2778,2,18000,1.00323974082
152003,152009,159989,6,7980,1,259200,1.0007518797
152027,152034,237480,7,85446,1,259200,1.00008192309
152068,152076,154841,8,2765,2,18000,1.00289330922
152097,152105,154948,8,2843,2,18000,1.00281392895
152198,152204,152285,6,81,1,3600,1.07407407407
152199,152215,152288,16,73,1,3600,1.21917808219
152199,152209,152284,10,75,1,3600,1.13333333333
152199,152231,152303,32,72,1,3600,1.44444444444
152199,152225,152306,26,81,1,3600,1.32098765432
152199,152220,152301,21,81,1,3600,1.25925925926
152200,152246,152319,46,73,1,3600,1.6301369863
152200,152236,152313,36,77,1,3600,1.46753246753
152200,152241,152330,41,89,1,3600,1.4606741573
152200,152251,152324,51,73,1,3600,1.69863013699
152201,152272,152345,71,73,1,3600,1.97260273973
152201,152267,152353,66,86,1,3600,1.76744186047
152201,152256,152334,55,78,1,3600,1.70512820513
152201,152262,152337,61,75,1,3600,1.81333333333
152202,152277,152353,75,76,1,3600,1.98684210526
152202,152288,152361,86,73,1,3600,2.17808219178
152202,152293,152366,91,73,1,3600,2.24657534247
152202,152298,152374,96,76,1,3600,2.26315789474
152202,152303,152378,101,75,1,3600,2.34666666667
152202,152282,152365,80,83,1,3600,1.96385542169
152203,152329,152416,126,87,1,3600,2.44827586207
152203,152339,152423,136,84,1,3600,2.61904761905
152203,152357,152434,154,77,1,3600,3.0
152203,152308,152384,105,76,1,3600,2.38157894737
152203,152319,152393,116,74,1,3600,2.56756756757
152203,152314,152388,111,74,1,3600,2.5
152203,152324,152409,121,85,1,3600,2.42352941176
152203,152334,152407,131,73,1,3600,2.79452054795
152204,152362,152436,158,74,1,3600,3.13513513514
152204,152367,152440,163,73,1,3600,3.23287671233
152252,152347,155092,95,2745,2,18000,1.03460837887
152302,152352,155200,50,2848,2,18000,1.01755617978
152350,152373,155083,23,2710,2,18000,1.00848708487
152366,152378,155239,12,2861,2,18000,1.00419433764
152367,152384,155149,17,2765,2,18000,1.0061482821
152393,152403,155277,10,2874,2,18000,1.00347947112
152433,152442,155313,9,2871,2,18000,1.00313479624
152760,152770,155503,10,2733,2,18000,1.0036589828
152825,152831,155624,6,2793,2,18000,1.00214822771
152842,152849,155665,7,2816,2,18000,1.00248579545
152988,152995,155817,7,2822,2,18000,1.00248051028
153148,153157,156007,9,2850,2,18000,1.00315789474
153159,153165,154990,6,1825,2,1800,1.00328767123
153181,153188,155913,7,2725,2,18000,1.00256880734
153363,153370,156218,7,2848,2,18000,1.00245786517
153449,153459,156106,10,2647,2,18000,1.00377786173
153529,153537,156313,8,2776,2,18000,1.00288184438
153533,153543,153544,10,1,2,1800,1.1
153580,153586,156350,6,2764,2,18000,1.002170767
153598,153604,156515,6,2911,2,18000,1.00206114737
153599,153610,156395,11,2785,2,18000,1.0039497307
153615,153621,156470,6,2849,2,18000,1.00210600211
153838,153846,156516,8,2670,2,18000,1.00299625468
153879,153885,154162,6,277,2,1800,1.02166064982
153881,153891,156675,10,2784,2,18000,1.00359195402
153888,153897,164833,9,10936,2,10800,1.00082297001
153952,153960,156834,8,2874,2,18000,1.0027835769
153981,153988,156909,7,2921,2,18000,1.00239643958
154001,154011,156898,10,2887,2,18000,1.00346380326
154068,154076,156991,8,2915,2,18000,1.00274442539
154084,154090,156864,6,2774,2,18000,1.0021629416
154118,154124,154125,6,1,2,1800,1.0
154155,154161,156875,6,2714,2,18000,1.00221075903
154171,154177,157022,6,2845,2,18000,1.00210896309
154334,154342,157196,8,2854,2,18000,1.00280308339
154336,154348,157222,12,2874,2,18000,1.00417536534
154354,154360,157145,6,2785,2,18000,1.00215439856
154372,154378,157155,6,2777,2,18000,1.00216060497
154400,154406,157205,6,2799,2,18000,1.00214362272
154689,154697,157463,8,2766,2,18000,1.0028922632
154715,154721,157423,6,2702,2,18000,1.00222057735
154732,154738,157516,6,2778,2,18000,1.00215982721
154813,154819,157662,6,2843,2,18000,1.00211044671
154845,154853,157555,8,2702,2,18000,1.0029607698
154910,154916,245047,6,90131,1,259200,1.00006656977
154952,154959,157734,7,2775,2,18000,1.00252252252
155089,155096,157925,7,2829,2,18000,1.00247437257
155108,155114,157919,6,2805,2,18000,1.00213903743
155151,155160,157932,9,2772,2,18000,1.00324675325
155200,155211,158043,11,2832,2,18000,1.00388418079
155243,155250,157950,7,2700,2,18000,1.00259259259
155282,155288,158197,6,2909,2,18000,1.00206256446
155315,155324,158172,9,2848,2,18000,1.00316011236
155511,155517,158160,6,2643,2,18000,1.00227014756
155629,155635,158442,6,2807,2,18000,1.00213751336
155667,155676,158362,9,2686,2,18000,1.00335070737
155821,155828,158617,7,2789,2,18000,1.00250986016
155915,155924,158675,9,2751,2,18000,1.00327153762
156009,156018,158936,9,2918,2,18000,1.00308430432
156111,156116,158915,5,2799,2,18000,1.00178635227
156223,156229,158875,6,2646,2,18000,1.0022675737
156318,156324,159128,6,2804,2,18000,1.00213980029
156354,156361,159134,7,2773,2,18000,1.00252434187
156397,156406,159215,9,2809,2,18000,1.00320398718
156474,156481,159239,7,2758,2,18000,1.00253807107
156519,156527,159315,8,2788,2,18000,1.00286944046
156520,156532,159365,12,2833,2,18000,1.00423579245
156679,156686,159487,7,2801,2,18000,1.00249910746
156838,156845,159736,7,2891,2,18000,1.00242130751
156868,156875,159498,7,2623,2,18000,1.00266869996
156885,156891,159707,6,2816,2,18000,1.00213068182
156901,156909,159797,8,2888,2,18000,1.0027700831
156918,156924,159783,6,2859,2,18000,1.00209863589
156993,157002,159741,9,2739,2,18000,1.00328587076
157026,157033,159709,7,2676,2,18000,1.00261584454
157041,157047,319700,6,162653,1,432000,1.00003688835
157075,157081,589097,6,432016,1,432000,1.00001388837
157135,157141,194324,6,37183,1,432000,1.00016136406
157147,157156,159931,9,2775,2,18000,1.00324324324
157163,157170,160047,7,2877,2,18000,1.00243309002
157199,157207,159920,8,2713,2,18000,1.0029487652
157216,157222,160045,6,2823,2,18000,1.00212539851
157231,157238,160097,7,2859,2,18000,1.00244840853
157427,157434,160277,7,2843,2,18000,1.00246218783
157466,157474,160299,8,2825,2,18000,1.00283185841
157518,157527,160355,9,2828,2,18000,1.0031824611
157557,157566,160425,9,2859,2,18000,1.00314795383
157687,157693,160377,6,2684,2,18000,1.00223546945
157760,157766,160667,6,2901,2,18000,1.00206825233
157927,157934,160757,7,2823,2,18000,1.0024796316
157929,157940,160738,11,2798,2,18000,1.00393137956
157946,157952,160617,6,2665,2,18000,1.00225140713
157962,157968,160703,6,2735,2,18000,1.00219378428
158047,158054,160856,7,2802,2,18000,1.00249821556
158186,158192,160935,6,2743,2,18000,1.00218738607
158187,158198,160967,11,2769,2,18000,1.00397255327
158204,158210,160878,6,2668,2,18000,1.00224887556
158366,158373,161149,7,2776,2,18000,1.00252161383
158445,158454,161044,9,2590,2,18000,1.00347490347
158626,158632,161452,6,2820,2,18000,1.00212765957
158677,158687,161563,10,2876,2,18000,1.00347705146
158878,158887,161635,9,2748,2,18000,1.00327510917
158917,158926,161569,9,2643,2,18000,1.00340522134
158940,158947,161597,7,2650,2,18000,1.00264150943
159135,159141,161805,6,2664,2,18000,1.00225225225
159136,159147,161931,11,2784,2,18000,1.00395114943
159220,159225,161958,5,2733,2,18000,1.0018294914
159242,159250,161790,8,2540,2,18000,1.0031496063
159320,159325,162123,5,2798,2,18000,1.00178699071
159367,159376,162219,9,2843,2,18000,1.00316567007
159490,159499,162369,9,2870,2,18000,1.0031358885
159507,159513,162322,6,2809,2,18000,1.00213599146
159586,159592,192496,6,32904,64,36000,1.00018234865
159733,159739,162544,6,2805,2,18000,1.00213903743
159734,159745,162558,11,2813,2,18000,1.00391041593
159750,159756,162552,6,2796,2,18000,1.00214592275
159751,159762,162374,11,2612,2,18000,1.00421133231
159787,159794,162658,7,2864,2,18000,1.00244413408
159803,159810,162765,7,2955,2,18000,1.00236886633
159923,159931,162715,8,2784,2,18000,1.00287356322
159939,159945,162810,6,2865,2,18000,1.00209424084
160049,160056,162842,7,2786,2,18000,1.00251256281
160051,160062,162792,11,2730,2,18000,1.00402930403
160099,160109,162954,10,2845,2,18000,1.00351493849
160280,160288,163065,8,2777,2,18000,1.00288080663
160304,160310,162995,6,2685,2,18000,1.00223463687
160358,160366,163123,8,2757,2,18000,1.00290170475
160382,160387,163161,5,2774,2,18000,1.00180245133
160427,160436,163316,9,2880,2,18000,1.003125
160622,160628,163514,6,2886,2,18000,1.00207900208
160672,160678,163506,6,2828,2,18000,1.00212164074
160707,160714,163336,7,2622,2,18000,1.00266971777
160742,160750,163404,8,2654,2,18000,1.00301431801
160758,160768,163570,10,2802,2,18000,1.00356887937
160859,160868,163576,9,2708,2,18000,1.00332348597
160882,160890,163864,8,2974,2,18000,1.00268997983
160940,160946,163715,6,2769,2,18000,1.00216684724
160969,160978,163841,9,2863,2,18000,1.00314355571
161049,161056,163726,7,2670,2,18000,1.00262172285
161152,161160,163954,8,2794,2,18000,1.00286327845
161458,161463,164294,5,2831,2,18000,1.00176616037
161565,161575,164342,10,2767,2,18000,1.00361402241
161581,161587,164369,6,2782,2,18000,1.00215672178
161600,161608,164501,8,2893,2,18000,1.00276529554
161640,161646,164486,6,2840,2,18000,1.00211267606
161797,161803,164583,6,2780,2,18000,1.00215827338
161813,161819,164452,6,2633,2,18000,1.00227876946
161934,161943,164709,9,2766,2,18000,1.0032537961
161961,161969,164777,8,2808,2,18000,1.00284900285
162126,162134,164964,8,2830,2,18000,1.00282685512
162221,162231,164864,10,2633,2,18000,1.00379794911
162333,162339,165108,6,2769,2,18000,1.00216684724
162385,162391,164973,6,2582,2,18000,1.00232378002
162386,162397,165231,11,2834,2,18000,1.00388143966
162430,162436,162437,6,1,2,300,1.0
162558,162565,165337,7,2772,2,18000,1.00252525253
162560,162571,165390,11,2819,2,18000,1.00390209294
162580,162586,165409,6,2823,2,18000,1.00212539851
162665,162672,165367,7,2695,2,18000,1.0025974026
162717,162726,165335,9,2609,2,18000,1.00344959755
162769,162776,165596,7,2820,2,18000,1.0024822695
162796,162803,165622,7,2819,2,18000,1.00248315005
162812,162821,165601,9,2780,2,18000,1.00323741007
162845,162854,165515,9,2661,2,18000,1.00338218715
162956,162965,165626,9,2661,2,18000,1.00338218715
162998,163006,165687,8,2681,2,18000,1.00298396121
163068,163076,165822,8,2746,2,18000,1.00291332848
163126,163135,165959,9,2824,2,18000,1.00318696884
163165,163172,166035,7,2863,2,18000,1.00244498778
163318,163328,166165,10,2837,2,18000,1.00352485019
163339,163347,166126,8,2779,2,18000,1.00287873336
163407,163415,166176,8,2761,2,18000,1.00289750091
163510,163517,166223,7,2706,2,18000,1.00258684405
163529,163535,166244,6,2709,2,18000,1.00221483942
163573,163581,166442,8,2861,2,18000,1.0027962251
163590,163596,166272,6,2676,2,18000,1.00224215247
163719,163726,166390,7,2664,2,18000,1.00262762763
163736,163742,166508,6,2766,2,18000,1.0021691974
163844,163852,166639,8,2787,2,18000,1.00287047004
163868,163875,166631,7,2756,2,18000,1.00253991292
163959,163965,166664,6,2699,2,18000,1.00222304557
164295,164305,167022,10,2717,2,18000,1.00368053
164347,164353,167201,6,2848,2,18000,1.00210674157
164373,164380,167145,7,2765,2,18000,1.00253164557
164465,164471,167235,6,2764,2,18000,1.002170767
164489,164497,167242,8,2745,2,18000,1.0029143898
164506,164512,167432,6,2920,2,18000,1.00205479452
164586,164595,167265,9,2670,2,18000,1.00337078652
164711,164720,167489,9,2769,2,18000,1.00325027086
164779,164788,167664,9,2876,2,18000,1.00312934631
164866,164875,167706,9,2831,2,18000,1.00317908866
164966,164975,167704,9,2729,2,18000,1.00329791132
164983,164989,167821,6,2832,2,18000,1.00211864407
165111,165119,167806,8,2687,2,18000,1.0029772981
165235,165242,167847,7,2605,2,18000,1.00268714012
165349,165355,168195,6,2840,2,18000,1.00211267606
165351,165361,168142,10,2781,2,18000,1.00359582884
165371,165378,168220,7,2842,2,18000,1.00246305419
165395,165401,168109,6,2708,2,18000,1.00221565731
165411,165420,168217,9,2797,2,18000,1.00321773329
165518,165526,168091,8,2565,2,18000,1.00311890838
165600,165607,168423,7,2816,2,18000,1.00248579545
165617,165623,168442,6,2819,2,18000,1.00212841433
165634,165640,168522,6,2882,2,18000,1.00208188758
165635,165646,168351,11,2705,2,18000,1.00406654344
165690,165698,168411,8,2713,2,18000,1.0029487652
165827,165833,168532,6,2699,2,18000,1.00222304557
165963,165971,168801,8,2830,2,18000,1.00282685512
166041,166046,168907,5,2861,2,18000,1.00174764069
166128,166137,168958,9,2821,2,18000,1.00319035803
166169,166176,168920,7,2744,2,18000,1.00255102041
166187,166193,169100,6,2907,2,18000,1.00206398349
166228,166234,168974,6,2740,2,18000,1.00218978102
166246,166255,169087,9,2832,2,18000,1.0031779661
166274,166283,168985,9,2702,2,18000,1.00333086603
166394,166402,169244,8,2842,2,18000,1.00281491907
166446,166453,169293,7,2840,2,18000,1.00246478873
166512,166519,169197,7,2678,2,18000,1.00261389096
166526,166532,166536,6,4,2,300,1.0
166547,166553,166576,6,23,2,300,1.26086956522
166583,166589,166620,6,31,2,360,1.1935483871
166627,166634,166870,7,236,2,300,1.02966101695
166636,166642,169355,6,2713,2,18000,1.0022115739
166655,166661,169341,6,2680,2,18000,1.00223880597
166672,166678,169403,6,2725,2,18000,1.00220183486
166880,166887,166896,7,9,2,300,1.6
166903,166909,166925,6,16,2,300,1.375
166932,166938,166957,6,19,2,300,1.31578947368
166964,166971,167282,7,311,2,300,1.02250803859
167027,167033,169906,6,2873,2,18000,1.00208840933
167147,167156,169841,9,2685,2,18000,1.00335195531
167213,167219,170027,6,2808,2,18000,1.00213675214
167240,167246,169927,6,2681,2,18000,1.00223797091
167258,167264,170128,6,2864,2,18000,1.00209497207
167275,167281,170157,6,2876,2,18000,1.00208623088
167296,167302,167657,6,355,2,360,1.01690140845
167437,167443,170201,6,2758,2,18000,1.00217548949
167492,167501,170317,9,2816,2,18000,1.00319602273
167614,167620,178552,6,10932,2,10800,1.00054884742
167669,167674,170417,5,2743,2,18000,1.00182282173
167672,167681,167771,9,90,2,360,1.1
167708,167714,170537,6,2823,2,18000,1.00212539851
167710,167720,170601,10,2881,2,18000,1.00347101701
167810,167817,170632,7,2815,2,18000,1.00248667851
167828,167834,170666,6,2832,2,18000,1.00211864407
167850,167862,170484,12,2622,2,18000,1.00457665904
167850,167855,168181,5,326,14,8940,1.01533742331
168093,168102,170940,9,2838,2,18000,1.00317124736
168112,168120,170926,8,2806,2,18000,1.0028510335
168145,168153,171021,8,2868,2,18000,1.00278940028
168198,168206,170896,8,2690,2,18000,1.0029739777
168221,168228,171172,7,2944,2,18000,1.00237771739
168222,168234,170817,12,2583,2,18000,1.00464576074
168355,168362,171160,7,2798,2,18000,1.00250178699
168416,168421,171213,5,2792,2,18000,1.00179083095
168434,168440,171190,6,2750,2,18000,1.00218181818
168451,168457,171228,6,2771,2,18000,1.00216528329
168526,168533,171281,7,2748,2,18000,1.00254730713
168544,168550,171232,6,2682,2,18000,1.00223713647
168804,168812,171549,8,2737,2,18000,1.00292290829
168912,168918,171749,6,2831,2,18000,1.00211939244
168928,168934,171761,6,2827,2,18000,1.00212239123
168953,168958,168960,5,2,1,3600,1.0
168953,168963,168964,10,1,1,3600,1.1
168953,168969,168970,16,1,1,3600,1.7
168953,168974,168975,21,1,1,3600,2.2
168953,169006,169007,53,1,1,3600,5.4
168953,168985,168986,32,1,1,3600,3.3
168953,168990,168991,37,1,1,3600,3.8
168953,168995,168997,42,2,1,3600,4.4
168953,169000,169002,47,2,1,3600,4.9
168954,169036,169038,82,2,1,3600,8.4
168954,169047,169048,93,1,1,3600,9.4
168954,169052,169054,98,2,1,3600,10.0
168954,169031,169033,77,2,1,3600,7.9
168954,169026,169027,72,1,1,3600,7.3
168954,169042,169043,88,1,1,3600,8.9
168954,169016,169017,62,1,1,3600,6.3
168954,169011,169012,57,1,1,3600,5.8
168954,169021,169022,67,1,1,3600,6.8
168955,169068,169069,113,1,1,3600,11.4
168955,169073,169075,118,2,1,3600,12.0
168955,169078,169080,123,2,1,3600,12.5
168955,169083,169085,128,2,1,3600,13.0
168955,169089,169090,134,1,1,3600,13.5
168955,169094,169095,139,1,1,3600,14.0
168955,169099,169101,144,2,1,3600,14.6
168955,169104,169106,149,2,1,3600,15.1
168955,169057,169059,102,2,1,3600,10.4
168955,169063,169064,108,1,1,3600,10.9
168956,169110,169111,154,1,1,3600,15.5
168956,169138,169139,182,1,1,3600,18.3
168961,168980,171785,19,2805,2,18000,1.00677361854
168977,169118,171862,141,2744,2,18000,1.05138483965
168993,169123,171856,130,2733,2,18000,1.04756677644
169092,169128,172050,36,2922,2,18000,1.01232032854
169109,169133,171935,24,2802,2,18000,1.00856531049
169203,169209,171995,6,2786,2,18000,1.00215362527
169248,169254,172021,6,2767,2,18000,1.00216841344
169297,169305,172001,8,2696,2,18000,1.00296735905
169346,169352,172185,6,2833,2,18000,1.00211789622
169362,169368,172105,6,2737,2,18000,1.00219218122
169409,169415,172196,6,2781,2,18000,1.0021574973
169452,169467,169555,15,88,2,3600,1.17045454545
169452,169462,169552,10,90,2,3600,1.11111111111
169452,169472,169557,20,85,2,3600,1.23529411765
169452,169479,169567,27,88,2,3600,1.30681818182
169452,169499,169588,47,89,2,3600,1.52808988764
169452,169484,169570,32,86,2,3600,1.37209302326
169452,169457,169544,5,87,2,3600,1.05747126437
169452,169489,169577,37,88,2,3600,1.42045454545
169452,169494,169581,42,87,2,3600,1.48275862069
169453,169520,169609,67,89,2,3600,1.75280898876
169453,169510,169596,57,86,2,3600,1.66279069767
169453,169504,169591,51,87,2,3600,1.58620689655
169453,169540,169629,87,89,2,3600,1.97752808989
169453,169535,169622,82,87,2,3600,1.94252873563
169453,169530,169618,77,88,2,3600,1.875
169453,169525,169613,72,88,2,3600,1.81818181818
169453,169545,169643,92,98,2,3600,1.9387755102
169453,169515,169605,62,90,2,3600,1.68888888889
169454,169556,169646,102,90,2,3600,2.13333333333
169454,169561,169649,107,88,2,3600,2.21590909091
169454,169586,169679,132,93,2,3600,2.41935483871
169454,169591,169678,137,87,2,3600,2.57471264368
169454,169581,169669,127,88,2,3600,2.44318181818
169454,169550,169641,96,91,2,3600,2.05494505495
169454,169571,169657,117,86,2,3600,2.36046511628
169454,169576,169663,122,87,2,3600,2.40229885057
169454,169566,169653,112,87,2,3600,2.28735632184
169455,169602,169691,147,89,2,3600,2.65168539326
169455,169597,169693,142,96,2,3600,2.47916666667
169455,169608,169696,153,88,2,3600,2.73863636364
169476,169654,169834,178,180,2,3600,1.98888888889
169476,169649,169826,173,177,2,3600,1.97740112994
169476,169644,169818,168,174,2,3600,1.96551724138
169476,169633,169817,157,184,2,3600,1.85326086957
169476,169639,169814,163,175,2,3600,1.93142857143
169476,169623,169803,147,180,2,3600,1.81666666667
169476,169618,169800,142,182,2,3600,1.78021978022
169476,169613,169797,137,184,2,3600,1.74456521739
169476,169628,169815,152,187,2,3600,1.8128342246
169477,169669,169848,192,179,2,3600,2.07262569832
169477,169685,169864,208,179,2,3600,2.16201117318
169477,169680,169862,203,182,2,3600,2.11538461538
169477,169674,169858,197,184,2,3600,2.07065217391
169477,169664,169844,187,180,2,3600,2.03888888889
169477,169659,169835,182,176,2,3600,2.03409090909
169477,169690,169867,213,177,2,3600,2.20338983051
169477,169695,169876,218,181,2,3600,2.2044198895
169478,169710,169896,232,186,2,3600,2.24731182796
169478,169720,169901,242,181,2,3600,2.33701657459
169478,169726,169903,248,177,2,3600,2.4011299435
169478,169705,169887,227,182,2,3600,2.24725274725
169478,169731,169907,253,176,2,3600,2.4375
169478,169738,169926,260,188,2,3600,2.3829787234
169478,169715,169904,237,189,2,3600,2.25396825397
169478,169700,169876,222,176,2,3600,2.26136363636
169479,169743,169930,264,187,2,3600,2.41176470588
169479,169764,169944,285,180,2,3600,2.58333333333
169479,169754,169933,275,179,2,3600,2.53631284916
169479,169759,169938,280,179,2,3600,2.56424581006
169479,169748,169927,269,179,2,3600,2.50279329609
169507,169779,170135,272,356,2,7200,1.76404494382
169507,169769,170136,262,367,2,7200,1.71389645777
169507,169784,170145,277,361,2,7200,1.76731301939
169507,169789,170151,282,362,2,7200,1.77900552486
169507,169794,170153,287,359,2,7200,1.79944289694
169507,169774,170157,267,383,2,7200,1.69712793734
169507,169799,170161,292,362,2,7200,1.80662983425
169508,169825,170210,317,385,2,7200,1.82337662338
169508,169841,170204,333,363,2,7200,1.9173553719
169508,169835,170197,327,362,2,7200,1.90331491713
169508,169830,170189,322,359,2,7200,1.89693593315
169508,169820,170183,312,363,2,7200,1.85950413223
169508,169815,170176,307,361,2,7200,1.85041551247
169508,169846,170211,338,365,2,7200,1.92602739726
169508,169805,170162,297,357,2,7200,1.83193277311
169508,169810,170176,302,366,2,7200,1.82513661202
169509,169899,170269,390,370,2,7200,2.05405405405
169509,169888,170251,379,363,2,7200,2.04407713499
169509,169873,170249,364,376,2,7200,1.96808510638
169509,169883,170245,374,362,2,7200,2.03314917127
169509,169878,170244,369,366,2,7200,2.00819672131
169509,169856,170231,347,375,2,7200,1.92533333333
169509,169894,170255,385,361,2,7200,2.06648199446
169509,169851,170217,342,366,2,7200,1.93442622951
169509,169861,170218,352,357,2,7200,1.98599439776
169510,169924,170296,414,372,2,7200,2.11290322581
169510,169914,170294,404,380,2,7200,2.06315789474
169510,169904,170276,394,372,2,7200,2.05913978495
169510,169909,170270,399,361,2,7200,2.10526315789
169510,169919,170283,409,364,2,7200,2.12362637363
169600,169929,170675,329,746,2,7200,1.44101876676
169600,169946,170694,346,748,2,7200,1.46256684492
169600,169941,170702,341,761,2,7200,1.44809461235
169600,169951,170708,351,757,2,7200,1.46367239102
169600,169956,170724,356,768,2,7200,1.46354166667
169601,170014,170770,413,756,2,7200,1.5462962963
169601,169992,170754,391,762,2,7200,1.51312335958
169601,169987,170738,386,751,2,7200,1.51398135819
169601,169977,170730,376,753,2,7200,1.49933598938
169601,169982,170729,381,747,2,7200,1.51004016064
169601,170008,170771,407,763,2,7200,1.53342070773
169601,169961,170719,360,758,2,7200,1.47493403694
169601,169971,170714,370,743,2,7200,1.49798115747
169601,169966,170716,365,750,2,7200,1.48666666667
169601,169997,170747,396,750,2,7200,1.528
169602,170158,170911,556,753,2,7200,1.73837981408
169602,170029,170777,427,748,2,7200,1.57085561497
169602,170034,170780,432,746,2,7200,1.57908847185
169602,170019,170781,417,762,2,7200,1.54724409449
169602,170024,170792,422,768,2,7200,1.54947916667
169602,170146,170900,544,754,2,7200,1.72148541114
169602,170152,170907,550,755,2,7200,1.72847682119
169602,170164,170927,562,763,2,7200,1.73656618611
169603,170180,170967,577,787,2,7200,1.7331639136
169603,170202,170966,599,764,2,7200,1.78403141361
169603,170208,170961,605,753,2,7200,1.80345285525
169603,170191,170937,588,746,2,7200,1.78820375335
169603,170185,170932,582,747,2,7200,1.77911646586
169603,170197,170943,594,746,2,7200,1.79624664879
169603,170169,170916,566,747,2,7200,1.75769745649
169615,170224,171736,609,1512,2,7200,1.40277777778
169615,170219,171749,604,1530,2,7200,1.39477124183
169616,170236,171767,620,1531,2,7200,1.40496407577
169616,170247,171759,631,1512,2,7200,1.41732804233
169616,170241,171771,625,1530,2,7200,1.40849673203
169616,170252,171780,636,1528,2,7200,1.41623036649
169616,170258,171783,642,1525,2,7200,1.42098360656
169616,170305,171807,689,1502,2,7200,1.45872170439
169616,170294,171802,678,1508,2,7200,1.44960212202
169616,170231,171784,615,1553,2,7200,1.39600772698
169616,170311,171821,695,1510,2,7200,1.46026490066
169617,170337,171866,720,1529,2,7200,1.47089601046
169617,170749,172279,1132,1530,2,7200,1.73986928105
169617,170781,172319,1164,1538,2,7200,1.75682704811
169617,170787,172320,1170,1533,2,7200,1.76320939335
169617,170793,172326,1176,1533,2,7200,1.76712328767
169617,170798,172334,1181,1536,2,7200,1.76888020833
169617,170919,172437,1302,1518,2,7200,1.85770750988
169617,170765,172287,1148,1522,2,7200,1.75427069645
169617,170758,172281,1141,1523,2,7200,1.74917925148
169617,170940,171109,1323,169,2,7200,8.82840236686
169618,170945,171109,1327,164,2,7200,9.09146341463
169618,170951,172478,1333,1527,2,7200,1.8729535036
169618,170913,172423,1295,1510,2,7200,1.85761589404
169618,170809,172352,1191,1543,2,7200,1.77187297472
169618,170803,172343,1185,1540,2,7200,1.76948051948
169618,170935,171100,1317,165,2,7200,8.98181818182
169618,170930,171104,1312,174,2,7200,8.54022988506
169618,170925,171092,1307,167,2,7200,8.82634730539
169619,170956,172486,1337,1530,2,7200,1.87385620915
169845,169868,172547,23,2679,2,18000,1.00858529302
169909,169936,172662,27,2726,2,18000,1.00990462216
169929,170003,172867,74,2864,2,18000,1.02583798883
170032,170040,172866,8,2826,2,18000,1.00283085633
170131,170140,173014,9,2874,2,18000,1.00313152401
170160,170175,172969,15,2794,2,18000,1.0053686471
170174,170263,170326,89,63,2,3540,2.4126984127
170207,170214,172978,7,2764,2,18000,1.00253256151
170213,170287,170910,74,623,14,8940,1.11878009631
170322,170328,173126,6,2798,2,18000,1.00214438885
170421,170429,173200,8,2771,2,18000,1.00288704439
170456,170719,210325,263,39606,4,39599,1.00664040802
170456,170706,210322,250,39616,4,39599,1.00631058158
170456,170727,210332,271,39605,4,39599,1.00684257038
170457,170735,210360,278,39625,4,39599,1.00701577287
170457,170741,210368,284,39627,4,39599,1.0071668307
170488,170495,173348,7,2853,2,18000,1.00245355766
170539,170548,173202,9,2654,2,18000,1.00339110776
170606,170612,173436,6,2824,2,18000,1.00212464589
170635,170644,173365,9,2721,2,18000,1.0033076075
170672,170677,173548,5,2871,2,18000,1.00174155347
170820,170828,173687,8,2859,2,18000,1.00279818118
170900,170907,173615,7,2708,2,18000,1.00258493353
170931,170962,173787,31,2825,2,18000,1.01097345133
170948,170967,173682,19,2715,2,18000,1.00699815838
171025,171032,173724,7,2692,2,18000,1.00260029718
171163,171171,174007,8,2836,2,18000,1.00282087447
171179,171185,174007,6,2822,2,18000,1.00212615167
171195,171201,173939,6,2738,2,18000,1.00219138057
171216,171224,174055,8,2831,2,18000,1.00282585659
171234,171240,174008,6,2768,2,18000,1.00216763006
171235,171246,174042,11,2796,2,18000,1.0039341917
171284,171292,174037,8,2745,2,18000,1.0029143898
171552,171560,174137,8,2577,2,18000,1.00310438494
171752,171760,174487,8,2727,2,18000,1.0029336267
171768,171775,174611,7,2836,2,18000,1.00246826516
171788,171796,174549,8,2753,2,18000,1.00290592081
171860,171867,174455,7,2588,2,18000,1.00270479134
171876,171882,174628,6,2746,2,18000,1.00218499636
171937,171946,174694,9,2748,2,18000,1.00327510917
171997,172006,174859,9,2853,2,18000,1.00315457413
172013,172020,174718,7,2698,2,18000,1.00259451446
172030,172036,174648,6,2612,2,18000,1.00229709035
172053,172061,174807,8,2746,2,18000,1.00291332848
172111,172117,174744,6,2627,2,18000,1.00228397411
172187,172196,175037,9,2841,2,18000,1.00316789863
172204,172210,175064,6,2854,2,18000,1.00210231254
172552,172558,175098,6,2540,2,18000,1.00236220472
172666,172674,175415,8,2741,2,18000,1.00291864283
172812,172819,172957,7,138,14,1740,1.05072463768
172870,172878,175682,8,2804,2,18000,1.00285306705
172871,172883,175685,12,2802,2,18000,1.00428265525
172955,172962,172967,7,5,1,900,1.2
172966,172972,173069,6,97,14,1740,1.0618556701
172973,172980,175693,7,2713,2,18000,1.00258016955
172990,172996,175851,6,2855,2,18000,1.00210157618
173020,173025,175779,5,2754,2,18000,1.00181554103
173068,173074,173079,6,5,1,900,1.1
173079,173085,173273,6,188,14,1740,1.03191489362
173132,173137,175852,5,2715,2,18000,1.00184162063
173200,173211,176065,11,2854,2,18000,1.00385423966
173217,173223,176001,6,2778,2,18000,1.00215982721
173271,173277,173284,6,7,1,900,1.3
173283,173289,173483,6,194,14,1740,1.03092783505
173352,173359,176069,7,2710,2,18000,1.00258302583
173369,173376,176197,7,2821,2,18000,1.00248138958
173440,173448,176039,8,2591,2,18000,1.00308761096
173477,173483,173490,6,7,1,900,1.3
173490,173496,173714,6,218,14,1740,1.02752293578
173553,173559,176395,6,2836,2,18000,1.00211565585
173618,173627,176243,9,2616,2,18000,1.00344036697
173688,173694,176335,6,2641,2,18000,1.00227186672
173689,173700,176499,11,2799,2,18000,1.00392997499
173712,173718,173725,6,7,1,900,1.3
173724,173730,173956,6,226,14,1740,1.02654867257
173728,173736,176503,8,2767,2,18000,1.00289121793
173791,173798,176651,7,2853,2,18000,1.00245355766
173941,173950,176725,9,2775,2,18000,1.00324324324
173954,173960,173966,6,6,1,900,1.2
173962,173968,174101,6,133,14,1740,1.04511278195
174010,174017,176912,7,2895,2,18000,1.002417962
174011,174023,176768,12,2745,2,18000,1.0043715847
174012,174028,176834,16,2806,2,18000,1.005702067
174039,174048,176806,9,2758,2,18000,1.00326323423
174056,174062,176774,6,2712,2,18000,1.00221238938
174058,174068,176786,10,2718,2,18000,1.00367917586
174142,174148,176785,6,2637,2,18000,1.00227531286
174459,174466,177255,7,2789,2,18000,1.00250986016
174492,174498,177285,6,2787,2,18000,1.00215285253
174553,174560,177260,7,2700,2,18000,1.00259259259
174616,174622,177477,6,2855,2,18000,1.00210157618
174632,174639,177331,7,2692,2,18000,1.00260029718
174652,174659,177526,7,2867,2,18000,1.00244157656
174698,174705,177638,7,2933,2,18000,1.00238663484
174721,174729,177616,8,2887,2,18000,1.0027710426
174748,174755,177601,7,2846,2,18000,1.00245959241
174812,174818,177604,6,2786,2,18000,1.00215362527
174865,174871,177684,6,2813,2,18000,1.00213295414
175040,175048,177889,8,2841,2,18000,1.00281590989
175067,175075,177898,8,2823,2,18000,1.00283386468
175100,175109,178029,9,2920,2,18000,1.00308219178
175420,175426,178209,6,2783,2,18000,1.00215594682
175688,175694,178551,6,2857,2,18000,1.00210010501
175689,175700,178476,11,2776,2,18000,1.00396253602
175706,175713,178523,7,2810,2,18000,1.0024911032
175784,175789,178626,5,2837,2,18000,1.0017624251
175855,175862,178582,7,2720,2,18000,1.00257352941
175857,175868,178607,11,2739,2,18000,1.00401606426
176004,176012,178746,8,2734,2,18000,1.00292611558
176043,176050,178704,7,2654,2,18000,1.00263752826
176068,176076,178946,8,2870,2,18000,1.00278745645
176086,176093,178841,7,2748,2,18000,1.00254730713
176201,176208,178865,7,2657,2,18000,1.00263455024
176247,176254,179024,7,2770,2,18000,1.00252707581
176339,176345,179197,6,2852,2,18000,1.00210378682
176399,176405,179049,6,2644,2,18000,1.00226928896
176504,176509,179308,5,2799,2,18000,1.00178635227
176506,176516,179274,10,2758,2,18000,1.00362581581
176657,176663,179503,6,2840,2,18000,1.00211267606
176736,176742,179582,6,2840,2,18000,1.00211267606
176773,176780,179495,7,2715,2,18000,1.00257826888
176792,176798,179631,6,2833,2,18000,1.00211789622
176794,176804,179473,10,2669,2,18000,1.00374672162
176795,176809,179576,14,2767,2,18000,1.00505963137
176812,176817,179530,5,2713,2,18000,1.00184297825
176834,176840,176970,6,130,14,89940,1.04615384615
176839,176846,179738,7,2892,2,18000,1.00242047026
176916,176923,179722,7,2799,2,18000,1.00250089318
176968,176979,176985,11,6,1,900,1.7
176980,176986,177118,6,132,14,89940,1.04545454545
177115,177121,177133,6,12,1,900,1.5
177135,177142,177335,7,193,14,89940,1.03626943005
177259,177266,180075,7,2809,2,18000,1.00249199003
177281,177287,180160,6,2873,2,18000,1.00208840933
177298,177304,180128,6,2824,2,18000,1.00212464589
177333,177339,177345,6,6,1,900,1.2
177333,177345,180035,12,2690,2,18000,1.00446096654
177347,177353,177545,6,192,14,89940,1.03125
177483,177488,180346,5,2858,2,18000,1.00174947516
177530,177537,180277,7,2740,2,18000,1.00255474453
177543,177549,177555,6,6,1,900,1.2
177555,177562,177753,7,191,14,89940,1.03664921466
177606,177612,180408,6,2796,2,18000,1.00214592275
177608,177618,180326,10,2708,2,18000,1.00369276219
177624,177631,180469,7,2838,2,18000,1.00246652572
177642,177649,180420,7,2771,2,18000,1.00252616384
177688,177694,180264,6,2570,2,18000,1.00233463035
177751,177757,177762,6,5,1,900,1.1
177763,177769,177956,6,187,14,89940,1.0320855615
177894,177899,180726,5,2827,2,18000,1.00176865936
177910,177917,180820,7,2903,2,18000,1.00241129866
177955,177961,177965,6,4,1,900,1.0
177971,177977,178166,6,189,14,89940,1.03174603175
178033,178040,180697,7,2657,2,18000,1.00263455024
178165,178171,178177,6,6,1,900,1.2
178177,178183,178372,6,189,14,89940,1.03174603175
178213,178220,181034,7,2814,2,18000,1.00248756219
178370,178376,178382,6,6,1,900,1.2
178382,178388,178610,6,222,14,89940,1.02702702703
178480,178487,181149,7,2662,2,18000,1.0026296018
178526,178535,181293,9,2758,2,18000,1.00326323423
178555,178562,181400,7,2838,2,18000,1.00246652572
178584,178593,181329,9,2736,2,18000,1.00328947368
178607,178621,181360,14,2739,2,18000,1.00511135451
178609,178615,178621,6,6,1,900,1.2
178621,178626,178817,5,191,14,89940,1.02617801047
178631,178637,181343,6,2706,2,18000,1.0022172949
178708,178715,181538,7,2823,2,18000,1.0024796316
178750,178757,181472,7,2715,2,18000,1.00257826888
178815,178821,178826,6,5,1,900,1.1
178827,178834,179080,7,246,14,89940,1.02845528455
178847,178853,181601,6,2748,2,18000,1.00218340611
178870,178876,181523,6,2647,2,18000,1.00226671704
178950,178957,181830,7,2873,2,18000,1.00243647755
179027,179035,181756,8,2721,2,18000,1.00294009555
179053,179061,181793,8,2732,2,18000,1.00292825769
179078,179084,179091,6,7,1,900,1.3
179090,179096,179411,6,315,14,89940,1.01904761905
179199,179208,182036,9,2828,2,18000,1.0031824611
179276,179285,182035,9,2750,2,18000,1.00327272727
179316,179322,182054,6,2732,2,18000,1.00219619327
179409,179415,179421,6,6,1,900,1.2
179422,179428,179674,6,246,14,89940,1.0243902439
179477,179485,182208,8,2723,2,18000,1.0029379361
179497,179506,182323,9,2817,2,18000,1.00319488818
179513,179519,182213,6,2694,2,18000,1.00222717149
179534,179541,182340,7,2799,2,18000,1.00250089318
179579,179587,182443,8,2856,2,18000,1.00280112045
179595,179601,182465,6,2864,2,18000,1.00209497207
179633,179642,182523,9,2881,2,18000,1.00312391531
179672,179678,179684,6,6,1,900,1.2
179685,179692,179993,7,301,14,89940,1.02325581395
179728,179734,182306,6,2572,2,18000,1.00233281493
179746,179752,182468,6,2716,2,18000,1.00220913108
179991,179997,180003,6,6,1,900,1.2
180019,180025,180303,6,278,14,89940,1.02158273381
180037,180046,182734,9,2688,2,18000,1.00334821429
180080,180086,182941,6,2855,2,18000,1.00210157618
180133,180139,182820,6,2681,2,18000,1.00223797091
180162,180171,183039,9,2868,2,18000,1.00313807531
180268,180276,183066,8,2790,2,18000,1.00286738351
180284,180291,183094,7,2803,2,18000,1.0024973243
180301,180307,180313,6,6,1,900,1.2
180313,180319,180598,6,279,14,89940,1.02150537634
180330,180337,183097,7,2760,2,18000,1.00253623188
180349,180357,183093,8,2736,2,18000,1.00292397661
180411,180420,183277,9,2857,2,18000,1.00315015751
180427,180433,183212,6,2779,2,18000,1.00215905002
180472,180481,183177,9,2696,2,18000,1.00333827893
180596,180602,180608,6,6,1,900,1.2
180609,180615,180911,6,296,14,89940,1.02027027027
180701,180708,183459,7,2751,2,18000,1.00254452926
180732,180737,183526,5,2789,2,18000,1.00179275726
180824,180832,183454,8,2622,2,18000,1.00305110603
180909,180915,180920,6,5,1,900,1.1
180923,180929,181215,6,286,14,89940,1.02097902098
181038,181045,183890,7,2845,2,18000,1.00246045694
181152,181160,183995,8,2835,2,18000,1.00282186949
181214,181220,181227,6,7,1,900,1.3
181226,181233,181517,7,284,14,89940,1.02464788732
181295,181304,183951,9,2647,2,18000,1.00340007556
181331,181340,184184,9,2844,2,18000,1.00316455696
181347,181354,184209,7,2855,2,18000,1.00245183888
181365,181371,184099,6,2728,2,18000,1.00219941349
181403,181412,184159,9,2747,2,18000,1.00327630142
181474,181483,184189,9,2706,2,18000,1.00332594235
181515,181521,181527,6,6,1,900,1.2
181526,181535,184313,9,2778,2,18000,1.00323974082
181533,181541,181818,8,277,14,89940,1.02888086643
181542,181549,184357,7,2808,2,18000,1.00249287749
181604,181613,184364,9,2751,2,18000,1.00327153762
181759,181767,184502,8,2735,2,18000,1.0029250457
181795,181805,184539,10,2734,2,18000,1.00365764448
181817,181823,181829,6,6,1,900,1.2
181829,181835,182146,6,311,14,89940,1.0192926045
181835,181841,184542,6,2701,2,18000,1.00222139948
182037,182046,184832,9,2786,2,18000,1.0032304379
182038,182051,184708,13,2657,2,18000,1.00489273617
182058,182066,184698,8,2632,2,18000,1.00303951368
182144,182150,182155,6,5,1,900,1.1
182157,182163,182291,6,128,14,89940,1.046875
182207,182219,185022,12,2803,2,18000,1.00428112736
182223,182229,185043,6,2814,2,18000,1.00213219616
182289,182295,182300,6,5,1,900,1.1
182303,182309,182405,6,96,14,89940,1.0625
182310,182317,185065,7,2748,2,18000,1.00254730713
182327,182334,185166,7,2832,2,18000,1.00247175141
182343,182351,185087,8,2736,2,18000,1.00292397661
182403,182409,182415,6,6,1,900,1.2
182418,182424,182552,6,128,14,89940,1.046875
182446,182455,185214,9,2759,2,18000,1.00326205147
182471,182477,185241,6,2764,2,18000,1.002170767
182472,182483,185313,11,2830,2,18000,1.0038869258
182526,182534,185362,8,2828,2,18000,1.00282885431
182550,182556,182563,6,7,1,900,1.3
182562,182569,182668,7,99,14,89940,1.07070707071
182662,182668,182672,6,4,1,900,1.0
182676,182682,182786,6,104,14,89940,1.05769230769
182737,182745,185501,8,2756,2,18000,1.00290275762
182784,182790,182795,6,5,1,900,1.1
182796,182802,182959,6,157,14,89940,1.03821656051
182823,182831,185520,8,2689,2,18000,1.00297508367
182945,182953,185660,8,2707,2,18000,1.00295530107
182958,182964,182971,6,7,1,900,1.3
182970,182977,183133,7,156,14,89940,1.04487179487
183045,183050,185886,5,2836,2,18000,1.00176304654
183068,183077,185811,9,2734,2,18000,1.00329188003
183096,183105,185701,9,2596,2,18000,1.00346687211
183097,183110,185931,13,2821,2,18000,1.00460829493
183114,183120,185782,6,2662,2,18000,1.0022539444
183131,183137,183144,6,7,1,900,1.3
183143,183149,183246,6,97,14,89940,1.0618556701
183181,183188,186102,7,2914,2,18000,1.00240219629
183214,183223,186147,9,2924,2,18000,1.00307797538
183244,183250,183256,6,6,1,900,1.2
183256,183262,183389,6,127,14,89940,1.04724409449
183282,183287,185947,5,2660,2,18000,1.00187969925
183388,183394,183400,6,6,1,900,1.2
183402,183409,183537,7,128,14,89940,1.0546875
183460,183465,186317,5,2852,2,18000,1.00175315568
183461,183471,186287,10,2816,2,18000,1.00355113636
183531,183537,186303,6,2766,2,18000,1.0021691974
183535,183543,183549,8,6,1,900,1.4
183548,183554,183691,6,137,14,89940,1.04379562044
183685,183691,183696,6,5,1,900,1.1
183697,183702,183801,5,99,14,89940,1.05050505051
183799,183805,183810,6,5,1,900,1.1
183810,183817,183944,7,127,14,89940,1.05511811024
183894,183901,186596,7,2695,2,18000,1.0025974026
183942,183948,183954,6,6,1,900,1.2
183954,183960,184088,6,128,14,89940,1.046875
183956,183966,186796,10,2830,2,18000,1.0035335689
183998,184007,186728,9,2721,2,18000,1.0033076075
184086,184092,184099,6,7,1,900,1.3
184103,184109,184294,6,185,14,89940,1.03243243243
184107,184115,186882,8,2767,2,18000,1.00289121793
184162,184170,186958,8,2788,2,18000,1.00286944046
184186,184195,186986,9,2791,2,18000,1.00322465066
184203,184209,186899,6,2690,2,18000,1.00223048327
184219,184225,186853,6,2628,2,18000,1.00228310502
184292,184298,184304,6,6,1,900,1.2
184304,184310,184500,6,190,14,89940,1.03157894737
184315,184324,187041,9,2717,2,18000,1.003312477
184361,184368,187100,7,2732,2,18000,1.00256222548
184377,184383,187159,6,2776,2,18000,1.00216138329
184499,184505,184511,6,6,1,900,1.2
184506,184513,187259,7,2746,2,18000,1.00254916242
184511,184519,184705,8,186,14,89940,1.04301075269
184541,184550,187304,9,2754,2,18000,1.00326797386
184558,184564,187424,6,2860,2,18000,1.0020979021
184700,184715,187308,15,2593,2,18000,1.00578480524
184703,184709,184716,6,7,1,900,1.3
184716,184722,185008,6,286,14,89940,1.02097902098
184717,184728,187388,11,2660,2,18000,1.00413533835
184834,184844,187616,10,2772,2,18000,1.00360750361
185006,185012,185018,6,6,1,900,1.2
185021,185027,185327,6,300,14,89940,1.02
185026,185033,187902,7,2869,2,18000,1.00243987452
185046,185055,187741,9,2686,2,18000,1.00335070737
185070,185076,187955,6,2879,2,18000,1.00208405696
185090,185099,187855,9,2756,2,18000,1.00326560232
185171,185177,188104,6,2927,2,18000,1.00204988042
185217,185226,188050,9,2824,2,18000,1.00318696884
185243,185252,187998,9,2746,2,18000,1.00327749454
185318,185324,188094,6,2770,2,18000,1.00216606498
185325,185331,185338,6,7,1,900,1.3
185347,185354,185642,7,288,14,89940,1.02430555556
185367,185373,188169,6,2796,2,18000,1.00214592275
185506,185511,188254,5,2743,2,18000,1.00182282173
185523,185532,188328,9,2796,2,18000,1.00321888412
185640,185647,185654,7,7,1,900,1.4
185654,185660,185790,6,130,14,89940,1.04615384615
185662,185671,188225,9,2554,2,18000,1.0035238841
185706,185711,188448,5,2737,2,18000,1.00182681768
185785,185793,188658,8,2865,2,18000,1.00279232112
185788,185799,185807,11,8,1,900,1.9
185801,185807,185939,6,132,14,89940,1.04545454545
185816,185822,188624,6,2802,2,18000,1.00214132762
185890,185897,188686,7,2789,2,18000,1.00250986016
185936,185941,188793,5,2852,2,18000,1.00175315568
185937,185947,185954,10,7,1,900,1.7
185953,185959,188721,6,2762,2,18000,1.00217233888
185959,185965,186090,6,125,14,89940,1.048
186088,186094,186101,6,7,1,900,1.3
186101,186107,186235,6,128,14,89940,1.046875
186130,186136,188965,6,2829,2,18000,1.00212089077
186150,186158,188833,8,2675,2,18000,1.00299065421
186234,186240,186247,6,7,1,900,1.3
186246,186252,186386,6,134,14,89940,1.0447761194
186289,186298,189111,9,2813,2,18000,1.00319943121
186306,186314,188891,8,2577,2,18000,1.00310438494
186323,186329,189153,6,2824,2,18000,1.00212464589
186381,186387,186394,6,7,1,900,1.3
186394,186401,186497,7,96,14,89940,1.07291666667
186495,186501,186505,6,4,1,900,1.0
186507,186513,186639,6,126,14,89940,1.04761904762
186598,186607,189295,9,2688,2,18000,1.00334821429
186637,186643,186650,6,7,1,900,1.3
186655,186660,186790,5,130,14,89940,1.03846153846
186734,186740,189482,6,2742,2,18000,1.00218818381
186788,186794,186799,6,5,1,900,1.1
186801,186807,186941,6,134,14,89940,1.0447761194
186803,186813,189680,10,2867,2,18000,1.00348796652
186857,186864,189621,7,2757,2,18000,1.00253899166
186887,186893,189699,6,2806,2,18000,1.00213827512
186904,186910,189720,6,2810,2,18000,1.00213523132
186940,186946,186951,6,5,1,900,1.1
186953,186959,187086,6,127,14,89940,1.04724409449
186962,186969,189785,7,2816,2,18000,1.00248579545
186989,186997,189801,8,2804,2,18000,1.00285306705
187044,187053,189902,9,2849,2,18000,1.00315900316
187084,187090,187095,6,5,1,900,1.1
187096,187102,187198,6,96,14,89940,1.0625
187102,187114,189962,12,2848,2,18000,1.00421348315
187161,187170,189948,9,2778,2,18000,1.00323974082
187196,187202,187206,6,4,1,900,1.0
187209,187215,187306,6,91,14,89940,1.06593406593
187263,187270,190098,7,2828,2,18000,1.00247524752
187305,187311,187315,6,4,1,900,1.0
187307,187317,190203,10,2886,2,18000,1.00346500347
187318,187324,187452,6,128,14,89940,1.046875
187324,187330,189947,6,2617,2,18000,1.00229270157
187385,187400,190200,15,2800,2,18000,1.00535714286
187428,187435,190275,7,2840,2,18000,1.00246478873
187451,187457,187463,6,6,1,900,1.2
187464,187470,187562,6,92,14,89940,1.0652173913
187561,187567,187571,6,4,1,900,1.0
187574,187580,187703,6,123,14,89940,1.0487804878
187621,187628,190373,7,2745,2,18000,1.00255009107
187701,187708,187714,7,6,1,900,1.3
187714,187720,187815,6,95,14,89940,1.06315789474
187744,187752,190680,8,2928,2,18000,1.00273224044
187814,187820,187824,6,4,1,900,1.0
187825,187831,187961,6,130,14,89940,1.04615384615
187861,187867,190565,6,2698,2,18000,1.00222386953
187907,187913,190673,6,2760,2,18000,1.00217391304
187959,187971,190527,12,2556,2,18000,1.00469483568
187960,187965,187971,5,6,1,900,1.1
187972,187977,188076,5,99,14,89940,1.05050505051
188002,188009,190789,7,2780,2,18000,1.00251798561
188054,188061,190932,7,2871,2,18000,1.00243817485
188074,188082,188087,8,5,1,900,1.3
188087,188093,188221,6,128,14,89940,1.046875
188098,188105,190959,7,2854,2,18000,1.00245269797
188115,188121,190975,6,2854,2,18000,1.00210231254
188172,188181,190905,9,2724,2,18000,1.00330396476
188219,188225,188231,6,6,1,900,1.2
188230,188236,190969,6,2733,2,18000,1.00219538968
188238,188244,188376,6,132,14,89940,1.04545454545
188257,188265,191057,8,2792,2,18000,1.00286532951
188331,188339,190941,8,2602,2,18000,1.00307455803
188374,188380,188386,6,6,1,900,1.2
188386,188392,188487,6,95,14,89940,1.06315789474
188452,188459,191345,7,2886,2,18000,1.00242550243
188485,188491,188495,6,4,1,900,1.0
188498,188504,188632,6,128,14,89940,1.046875
188628,188636,191329,8,2693,2,18000,1.00297066469
188631,188641,188648,10,7,1,900,1.7
188644,188650,188744,6,94,14,89940,1.06382978723
188660,188669,191571,9,2902,2,18000,1.00310130944
188690,188697,191349,7,2652,2,18000,1.00263951735
188726,188732,191558,6,2826,2,18000,1.00212314225
188743,188749,188753,6,4,1,900,1.0
188755,188762,188890,7,128,14,89940,1.0546875
188809,188815,191516,6,2701,2,18000,1.00222139948
188835,188844,191634,9,2790,2,18000,1.00322580645
188888,188895,188902,7,7,1,900,1.4
188908,188913,191660,5,2747,2,18000,1.00182016746
188911,188919,189014,8,95,14,89940,1.08421052632
188970,188976,191800,6,2824,2,18000,1.00212464589
189013,189019,189024,6,5,1,900,1.1
189024,189030,189137,6,107,14,89940,1.05607476636
189112,189122,191861,10,2739,2,18000,1.00365096751
189135,189141,189147,6,6,1,900,1.2
189153,189158,189288,5,130,14,89940,1.03846153846
189159,189164,191982,5,2818,2,18000,1.00177430802
189286,189292,189299,6,7,1,900,1.3
189297,189306,191933,9,2627,2,18000,1.00342596117
189300,189311,189439,11,128,14,89940,1.0859375
189437,189443,189450,6,7,1,900,1.3
189450,189456,189648,6,192,14,89940,1.03125
189491,189497,192174,6,2677,2,18000,1.0022413149
189646,189652,189660,6,8,1,900,1.4
189649,189658,192457,9,2799,2,18000,1.00321543408
189659,189664,189850,5,186,14,89940,1.02688172043
189705,189711,192534,6,2823,2,18000,1.00212539851
189706,189717,192645,11,2928,2,18000,1.0037568306
189723,189731,192539,8,2808,2,18000,1.00284900285
189788,189796,192608,8,2812,2,18000,1.00284495021
189806,189811,192584,5,2773,2,18000,1.00180310133
189848,189854,189861,6,7,1,900,1.3
189860,189866,190056,6,190,14,89940,1.03157894737
189905,189913,192652,8,2739,2,18000,1.00292077401
189952,189958,192884,6,2926,2,18000,1.002050581
189954,189964,192715,10,2751,2,18000,1.0036350418
189970,189976,192716,6,2740,2,18000,1.00218978102
190054,190060,190067,6,7,1,900,1.3
190066,190072,190322,6,250,14,89940,1.024
190101,190109,192751,8,2642,2,18000,1.00302800908
190205,190211,192865,6,2654,2,18000,1.00226073851
190207,190217,193091,10,2874,2,18000,1.00347947112
190279,190286,193127,7,2841,2,18000,1.00246392115
190319,190326,190332,7,6,1,900,1.3
190332,190338,190613,6,275,14,89940,1.02181818182
190376,190384,193159,8,2775,2,18000,1.00288288288
190530,190538,193287,8,2749,2,18000,1.00291014915
190569,190575,193286,6,2711,2,18000,1.00221320546
190611,190617,190623,6,6,1,900,1.2
190623,190629,190912,6,283,14,89940,1.02120141343
190684,190690,193409,6,2719,2,18000,1.00220669364
190685,190696,193434,11,2738,2,18000,1.00401753104
190793,190800,193480,7,2680,2,18000,1.0026119403
190907,190916,193675,9,2759,2,18000,1.00326205147
190910,190921,190928,11,7,1,900,1.8
190933,190948,193718,15,2770,2,18000,1.00541516245
190935,190942,191222,7,280,14,89940,1.025
190951,190957,193738,6,2781,2,18000,1.0021574973
190968,190974,193743,6,2769,2,18000,1.00216684724
190985,190991,193761,6,2770,2,18000,1.00216606498
190986,190997,193760,11,2763,2,18000,1.00398117988
191058,191068,193948,10,2880,2,18000,1.00347222222
191220,191226,191233,6,7,1,900,1.3
191232,191239,191554,7,315,14,89940,1.02222222222
191328,191340,194173,12,2833,2,18000,1.00423579245
191349,191356,194045,7,2689,2,18000,1.00260319821
191366,191372,194014,6,2642,2,18000,1.00227100681
191522,191527,194355,5,2828,2,18000,1.00176803395
191552,191558,191565,6,7,1,900,1.3
191561,191569,194368,8,2799,2,18000,1.00285816363
191564,191575,191882,11,307,14,89940,1.03583061889
191578,191584,194462,6,2878,2,18000,1.0020847811
191637,191646,194470,9,2824,2,18000,1.00318696884
191664,191671,194444,7,2773,2,18000,1.00252434187
191803,191811,194651,8,2840,2,18000,1.00281690141
191865,191872,194570,7,2698,2,18000,1.00259451446
191880,191886,191893,6,7,1,900,1.3
191893,191899,192215,6,316,14,89940,1.01898734177
191936,191944,194770,8,2826,2,18000,1.00283085633
191985,191993,194646,8,2653,2,18000,1.0030154542
192178,192185,194795,7,2610,2,18000,1.00268199234
192212,192218,192226,6,8,1,900,1.4
192231,192236,192550,5,314,14,89940,1.01592356688
192462,192468,195249,6,2781,2,18000,1.0021574973
192540,192546,195341,6,2795,2,18000,1.00214669052
192542,192552,195488,10,2936,2,18000,1.00340599455
192548,192558,192565,10,7,1,900,1.7
192561,192567,192881,6,314,14,89940,1.01910828025
192588,192595,195496,7,2901,2,18000,1.00241296105
192612,192619,195522,7,2903,2,18000,1.00241129866
192648,192656,195449,8,2793,2,18000,1.00286430362
192664,192671,195317,7,2646,2,18000,1.00264550265
192721,192726,195479,5,2753,2,18000,1.00181620051
192722,192733,195596,11,2863,2,18000,1.00384212365
192756,192762,195455,6,2693,2,18000,1.00222799851
192869,192877,195586,8,2709,2,18000,1.00295311923
192879,192885,192892,6,7,1,900,1.3
192892,192898,192989,6,91,14,89940,1.06593406593
192894,192904,195729,10,2825,2,18000,1.00353982301
192987,192994,193000,7,6,1,900,1.3
193009,193015,193145,6,130,14,89940,1.04615384615
193095,193103,195925,8,2822,2,18000,1.00283486889
193131,193139,196007,8,2868,2,18000,1.00278940028
193143,193150,193157,7,7,1,900,1.4
193156,193162,193288,6,126,14,89940,1.04761904762
193164,193170,195794,6,2624,2,18000,1.00228658537
193286,193292,193299,6,7,1,900,1.3
193298,193304,193432,6,128,14,89940,1.046875
193312,193318,196085,6,2767,2,18000,1.00216841344
193313,193324,196034,11,2710,2,18000,1.00405904059
193413,193420,196243,7,2823,2,18000,1.0024796316
193430,193436,193443,6,7,1,900,1.3
193436,193446,196257,10,2811,2,18000,1.00355745286
193444,193452,193565,8,113,14,89940,1.07079646018
193482,193491,196325,9,2834,2,18000,1.00317572336
193563,193569,193576,6,7,1,900,1.3
193577,193583,193716,6,133,14,89940,1.04511278195
193679,193686,196526,7,2840,2,18000,1.00246478873
193714,193721,193729,7,8,1,900,1.5
193721,193729,196367,8,2638,2,18000,1.00303260045
193727,193735,193864,8,129,14,89940,1.06201550388
193744,193750,196396,6,2646,2,18000,1.0022675737
193746,193756,196536,10,2780,2,18000,1.0035971223
193763,193771,196570,8,2799,2,18000,1.00285816363
193764,193776,196518,12,2742,2,18000,1.00437636761
193862,193868,193876,6,8,1,900,1.4
193875,193882,193977,7,95,14,89940,1.07368421053
193955,193961,196673,6,2712,2,18000,1.00221238938
193975,193981,193987,6,6,1,900,1.2
193987,193993,194182,6,189,14,89940,1.03174603175
194018,194025,196627,7,2602,2,18000,1.00269023828
194048,194056,196876,8,2820,2,18000,1.00283687943
194179,194185,196960,6,2775,2,18000,1.00216216216
194180,194191,194199,11,8,1,900,1.9
194193,194199,194388,6,189,14,89940,1.03174603175
194361,194367,197028,6,2661,2,18000,1.00225479143
194379,194385,197016,6,2631,2,18000,1.00228050171
194385,194392,194400,7,8,1,900,1.5
194398,194404,194679,6,275,14,89940,1.02181818182
194435,194441,194542,6,101,1,1800,1.05940594059
194448,194455,197341,7,2886,2,18000,1.00242550243
194465,194473,197217,8,2744,2,18000,1.0029154519
194484,194490,197226,6,2736,2,18000,1.00219298246
194573,194581,197237,8,2656,2,18000,1.00301204819
194650,194657,197388,7,2731,2,18000,1.00256316368
194667,194673,197364,6,2691,2,18000,1.0022296544
194676,194682,194690,6,8,1,900,1.4
194689,194695,195004,6,309,14,89940,1.01941747573
194774,194782,197570,8,2788,2,18000,1.00286944046
194798,194806,197594,8,2788,2,18000,1.00286944046
194842,194848,194952,6,104,1,1800,1.05769230769
195001,195007,195015,6,8,1,900,1.4
195015,195021,195307,6,286,14,89940,1.02097902098
195267,195273,198130,6,2857,2,18000,1.00210010501
195304,195311,195318,7,7,1,900,1.4
195317,195323,195609,6,286,14,89940,1.02097902098
195320,195329,197982,9,2653,2,18000,1.00339238598
195345,195352,198106,7,2754,2,18000,1.00254175744
195457,195463,198408,6,2945,2,18000,1.00203735144
195458,195469,198376,11,2907,2,18000,1.00378396973
195482,195490,198263,8,2773,2,18000,1.00288496213
195500,195506,198203,6,2697,2,18000,1.0022246941
195502,195512,198319,10,2807,2,18000,1.00356252227
195525,195533,198410,8,2877,2,18000,1.00278067431
195553,195559,196081,6,522,1,1800,1.01149425287
195589,195597,198449,8,2852,2,18000,1.00280504909
195605,195611,198400,6,2789,2,18000,1.00215130871
195606,195617,195625,11,8,1,900,1.9
195619,195626,195876,7,250,14,89940,1.028
195732,195740,198485,8,2745,2,18000,1.0029143898
195798,195804,198461,6,2657,2,18000,1.00225818592
195873,195880,195887,7,7,1,900,1.4
195887,195893,196203,6,310,14,89940,1.01935483871
195929,195936,198745,7,2809,2,18000,1.00249199003
196011,196019,198592,8,2573,2,18000,1.00310921104
196037,196045,198826,8,2781,2,18000,1.00287666307
196093,196099,198974,6,2875,2,18000,1.00208695652
196201,196207,196217,6,10,1,900,1.6
196220,196226,196492,6,266,14,89940,1.02255639098
196268,196274,199119,6,2845,2,18000,1.00210896309
196269,196280,199095,11,2815,2,18000,1.00390763766
196328,196336,199210,8,2874,2,18000,1.0027835769
196371,196378,199139,7,2761,2,18000,1.00253531329
196399,196407,199105,8,2698,2,18000,1.00296515938
196490,196496,196503,6,7,1,900,1.3
196502,196509,196826,7,317,14,89940,1.02208201893
196522,196529,199267,7,2738,2,18000,1.00255661066
196539,196545,199349,6,2804,2,18000,1.00213980029
196540,196551,199421,11,2870,2,18000,1.00383275261
196574,196581,199313,7,2732,2,18000,1.00256222548
196632,196638,199385,6,2747,2,18000,1.00218420095
196675,196684,199344,9,2660,2,18000,1.00338345865
196824,196830,196837,6,7,1,900,1.3
196836,196843,197130,7,287,14,89940,1.0243902439
196904,196910,199663,6,2753,2,18000,1.00217944061
196967,196973,199654,6,2681,2,18000,1.00223797091
197023,197029,199715,6,2686,2,18000,1.00223380491
197040,197046,199841,6,2795,2,18000,1.00214669052
197128,197134,197142,6,8,1,900,1.4
197141,197147,197461,6,314,14,89940,1.01910828025
197225,197231,199950,6,2719,2,18000,1.00220669364
197242,197248,200077,6,2829,2,18000,1.00212089077
197244,197254,199983,10,2729,2,18000,1.00366434591
197346,197351,200153,5,2802,2,18000,1.00178443969
197367,197375,200222,8,2847,2,18000,1.00280997541
197392,197399,200279,7,2880,2,18000,1.00243055556
197459,197464,197473,5,9,1,900,1.4
197473,197479,197574,6,95,14,89940,1.06315789474
197573,197579,197598,6,19,1,900,1.31578947368
197577,197585,200337,8,2752,2,18000,1.00290697674
197586,197593,197722,7,129,14,89940,1.05426356589
197600,197605,200410,5,2805,2,18000,1.00178253119
197704,197710,197762,6,52,1,1800,1.11538461538
197720,197726,197758,6,32,1,900,1.1875
197737,197743,197849,6,106,14,89940,1.05660377358
197848,197855,197863,7,8,1,900,1.5
197869,197875,197970,6,95,14,89940,1.06315789474
197968,197974,197980,6,6,1,900,1.2
197983,197989,198121,6,132,14,89940,1.04545454545
198010,198016,200808,6,2792,2,18000,1.00214899713
198086,198092,198191,6,99,1,1800,1.06060606061
198112,198118,200964,6,2846,2,18000,1.00210822207
198118,198125,198135,7,10,1,900,1.7
198132,198138,198268,6,130,14,89940,1.04615384615
198134,198144,200984,10,2840,2,18000,1.00352112676
198207,198214,200994,7,2780,2,18000,1.00251798561
198266,198273,198282,7,9,1,900,1.6
198284,198290,201047,6,2757,2,18000,1.00217627856
198296,198302,198494,6,192,14,89940,1.03125
198323,198331,201132,8,2801,2,18000,1.00285612281
198378,198387,201160,9,2773,2,18000,1.0032455824
198403,198411,201252,8,2841,2,18000,1.00281590989
198420,198426,201240,6,2814,2,18000,1.00213219616
198421,198432,201272,11,2840,2,18000,1.00387323944
198450,198460,201230,10,2770,2,18000,1.0036101083
198467,198473,201313,6,2840,2,18000,1.00211267606
198490,198500,201333,10,2833,2,18000,1.00352982704
198493,198505,198512,12,7,1,900,1.9
198506,198512,198705,6,193,14,89940,1.0310880829
198597,198602,201302,5,2700,2,18000,1.00185185185
198701,198707,198723,6,16,1,900,1.375
198727,198733,199054,6,321,14,89940,1.01869158879
198747,198756,201506,9,2750,2,18000,1.00327272727
198827,198837,201612,10,2775,2,18000,1.0036036036
198978,198985,201649,7,2664,2,18000,1.00262762763
199045,199051,199320,6,269,1,1800,1.02230483271
199051,199056,199063,5,7,1,900,1.2
199065,199071,199373,6,302,14,89940,1.01986754967
199105,199111,201762,6,2651,2,18000,1.00226329687
199106,199117,201942,11,2825,2,18000,1.00389380531
199131,199137,202000,6,2863,2,18000,1.00209570381
199148,199154,201836,6,2682,2,18000,1.00223713647
199217,199223,201909,6,2686,2,18000,1.00223380491
199272,199278,202044,6,2766,2,18000,1.0021691974
199318,199324,202042,6,2718,2,18000,1.00220750552
199366,199372,202012,6,2640,2,18000,1.00227272727
199367,199378,202121,11,2743,2,18000,1.0040102078
199371,199383,199390,12,7,1,900,1.9
199385,199391,199707,6,316,14,89940,1.01898734177
199388,199397,202215,9,2818,2,18000,1.00319375444
199425,199432,202272,7,2840,2,18000,1.00246478873
199653,199665,202410,12,2745,2,18000,1.0043715847
199670,199676,202591,6,2915,2,18000,1.00205831904
199705,199711,199717,6,6,1,900,1.2
199718,199724,200040,6,316,14,89940,1.01898734177
199720,199730,202480,10,2750,2,18000,1.00363636364
199844,199853,202465,9,2612,2,18000,1.00344563553
199955,199961,202690,6,2729,2,18000,1.00219860755
199985,199994,202779,9,2785,2,18000,1.00323159785
200037,200043,200050,6,7,1,900,1.3
200051,200057,200348,6,291,14,89940,1.0206185567
200082,200088,202928,6,2840,2,18000,1.00211267606
200155,200164,203013,9,2849,2,18000,1.00315900316
200226,200234,203064,8,2830,2,18000,1.00282685512
200281,200290,202994,9,2704,2,18000,1.00332840237
200343,200349,203172,6,2823,2,18000,1.00212539851
200346,200355,200362,9,7,1,900,1.6
200367,200373,200660,6,287,14,89940,1.02090592334
200413,200421,203319,8,2898,2,18000,1.0027605245
200657,200664,200671,7,7,1,900,1.4
200679,200685,200968,6,283,14,89940,1.02120141343
200811,200819,203665,8,2846,2,18000,1.00281096275
200966,200972,200979,6,7,1,900,1.3
200969,200978,203682,9,2704,2,18000,1.00332840237
200984,200990,201313,6,323,14,89940,1.01857585139
200986,200996,203730,10,2734,2,18000,1.00365764448
201003,201009,203869,6,2860,2,18000,1.0020979021
201051,201059,203765,8,2706,2,18000,1.0029563932
201137,201143,203977,6,2834,2,18000,1.00211714891
201164,201171,203965,7,2794,2,18000,1.00250536865
201235,201241,203976,6,2735,2,18000,1.00219378428
201252,201259,204051,7,2792,2,18000,1.00250716332
201254,201265,203869,11,2604,2,18000,1.00422427035
201277,201283,204065,6,2782,2,18000,1.00215672178
201301,201313,204076,12,2763,2,18000,1.00434310532
201310,201319,201325,9,6,1,900,1.5
201318,201325,204124,7,2799,2,18000,1.00250089318
201323,201331,201649,8,318,14,89940,1.0251572327
201335,201344,204104,9,2760,2,18000,1.00326086957
201513,201520,204338,7,2818,2,18000,1.00248403123
201618,201624,204458,6,2834,2,18000,1.00211714891
201647,201653,201661,6,8,1,900,1.4
201652,201666,204401,14,2735,2,18000,1.00511882998
201660,201671,201954,11,283,14,89940,1.03886925795
201769,201775,204436,6,2661,2,18000,1.00225479143
201834,201847,204598,13,2751,2,18000,1.00472555434
201912,201920,204594,8,2674,2,18000,1.00299177263
201946,201953,204477,7,2524,2,18000,1.00277337559
201952,201959,201965,7,6,1,900,1.3
201966,201972,202270,6,298,14,89940,1.02013422819
202005,202011,204717,6,2706,2,18000,1.0022172949
202022,202028,204650,6,2622,2,18000,1.00228832952
202046,202053,204844,7,2791,2,18000,1.00250806163
202047,202059,204755,12,2696,2,18000,1.00445103858
202126,202131,204901,5,2770,2,18000,1.00180505415
202220,202226,204982,6,2756,2,18000,1.00217706821
202265,202272,202278,7,6,1,900,1.3
202274,202283,205006,9,2723,2,18000,1.00330517811
202278,202289,202597,11,308,14,89940,1.03571428571
202411,202421,205260,10,2839,2,18000,1.00352236703
202466,202476,205142,10,2666,2,18000,1.00375093773
202484,202491,205208,7,2717,2,18000,1.002576371
202595,202607,205454,12,2847,2,18000,1.00421496312
202595,202601,202607,6,6,1,900,1.2
202608,202614,202777,6,163,14,89940,1.03680981595
202692,202701,205503,9,2802,2,18000,1.00321199143
202775,202781,202788,6,7,1,900,1.3
202783,202789,205393,6,2604,2,18000,1.00230414747
202789,202796,203047,7,251,14,89940,1.02788844622
202933,202939,205808,6,2869,2,18000,1.00209132102
202998,203005,205842,7,2837,2,18000,1.00246739514
203018,203024,205698,6,2674,2,18000,1.00224382947
203044,203051,203058,7,7,1,900,1.4
203058,203064,203346,6,282,14,89940,1.02127659574
203069,203075,205912,6,2837,2,18000,1.00211491012
203176,203183,205968,7,2785,2,18000,1.00251346499
203324,203330,206138,6,2808,2,18000,1.00213675214
203343,203350,203357,7,7,1,900,1.4
203363,203368,203640,5,272,14,89940,1.01838235294
203638,203644,203651,6,7,1,900,1.3
203652,203658,203938,6,280,14,89940,1.02142857143
203669,203676,206442,7,2766,2,18000,1.0025307303
203687,203693,206462,6,2769,2,18000,1.00216684724
203734,203741,206626,7,2885,2,18000,1.00242634315
203770,203776,206564,6,2788,2,18000,1.00215208034
203874,203880,206635,6,2755,2,18000,1.00217785844
203876,203886,206679,10,2793,2,18000,1.00358037952
203935,203941,203947,6,6,1,900,1.2
203948,203954,204238,6,284,14,89940,1.02112676056
203970,203976,206850,6,2874,2,18000,1.00208768267
203987,203993,206745,6,2752,2,18000,1.00218023256
203988,203999,206857,11,2858,2,18000,1.00384884535
204056,204062,206788,6,2726,2,18000,1.00220102715
204074,204080,206811,6,2731,2,18000,1.00219699744
204103,204110,206901,7,2791,2,18000,1.00250806163
204121,204127,206957,6,2830,2,18000,1.00212014134
204138,204144,206957,6,2813,2,18000,1.00213295414
204236,204242,204248,6,6,1,900,1.2
204250,204256,204576,6,320,14,89940,1.01875
204341,204349,207238,8,2889,2,18000,1.00276912426
204405,204412,207182,7,2770,2,18000,1.00252707581
204439,204448,207219,9,2771,2,18000,1.00324792494
204463,204469,207145,6,2676,2,18000,1.00224215247
204480,204488,207271,8,2783,2,18000,1.00287459576
204574,204580,204587,6,7,1,900,1.3
204595,204601,204954,6,353,14,89940,1.01699716714
204601,204607,207391,6,2784,2,18000,1.00215517241
204602,204613,207483,11,2870,2,18000,1.00383275261
204653,204661,207475,8,2814,2,18000,1.00284292822
204719,204728,207638,9,2910,2,18000,1.00309278351
204759,204766,207450,7,2684,2,18000,1.00260804769
204848,204855,207473,7,2618,2,18000,1.00267379679
204904,204913,207659,9,2746,2,18000,1.00327749454
204951,204958,204965,7,7,1,900,1.4
204985,204993,207712,8,2719,2,18000,1.00294225818
205000,205006,205286,6,280,14,89940,1.02142857143
205004,205012,205053,8,41,1,1800,1.19512195122
205009,205018,207798,9,2780,2,18000,1.00323741007
205145,205154,207981,9,2827,2,18000,1.00318358684
205214,205220,208032,6,2812,2,18000,1.00213371266
205266,205272,207973,6,2701,2,18000,1.00222139948
205283,205289,205296,6,7,1,900,1.3
205298,205304,205597,6,293,14,89940,1.0204778157
205333,205340,205411,7,71,1,1800,1.0985915493
205397,205404,208259,7,2855,2,18000,1.00245183888
205457,205465,208239,8,2774,2,18000,1.00288392213
205507,205514,208367,7,2853,2,18000,1.00245355766
205595,205601,205608,6,7,1,900,1.3
205609,205615,205953,6,338,14,89940,1.01775147929
205702,205709,208569,7,2860,2,18000,1.00244755245
205813,205819,208515,6,2696,2,18000,1.00222551929
205848,205854,208574,6,2720,2,18000,1.00220588235
205915,205924,208745,9,2821,2,18000,1.00319035803
205923,205930,206159,7,229,1,1800,1.03056768559
205951,205957,205965,6,8,1,900,1.4
205965,205971,206247,6,276,14,89940,1.02173913043
205975,205981,208793,6,2812,2,18000,1.00213371266
206140,206149,208824,9,2675,2,18000,1.00336448598
206245,206251,206259,6,8,1,900,1.4
206265,206271,206584,6,313,14,89940,1.01916932907
206464,206470,209182,6,2712,2,18000,1.00221238938
206465,206476,209319,11,2843,2,18000,1.0038691523
206570,206575,209302,5,2727,2,18000,1.00183351669
206582,206588,206595,6,7,1,900,1.3
206595,206602,206891,7,289,14,89940,1.02422145329
206630,206637,209445,7,2808,2,18000,1.00249287749
206648,206654,209371,6,2717,2,18000,1.002208318
206682,206690,209424,8,2734,2,18000,1.00292611558
206748,206756,209479,8,2723,2,18000,1.0029379361
206790,206799,209682,9,2883,2,18000,1.00312174818
206815,206823,209612,8,2789,2,18000,1.00286841162
206852,206861,209601,9,2740,2,18000,1.00328467153
206869,206875,209557,6,2682,2,18000,1.00223713647
206889,206896,206903,7,7,1,900,1.4
206903,206915,209635,12,2720,2,18000,1.00441176471
206904,206909,207192,5,283,14,89940,1.01766784452
206959,206968,209802,9,2834,2,18000,1.00317572336
206960,206973,209773,13,2800,2,18000,1.00464285714
207148,207156,209975,8,2819,2,18000,1.00283788578
207184,207193,209838,9,2645,2,18000,1.0034026465
207190,207199,207205,9,6,1,900,1.5
207219,207225,207538,6,313,14,89940,1.01916932907
207221,207231,209908,10,2677,2,18000,1.00373552484
207242,207249,209990,7,2741,2,18000,1.00255381248
207275,207282,210049,7,2767,2,18000,1.00252981568
207394,207402,210234,8,2832,2,18000,1.00282485876
207456,207462,210278,6,2816,2,18000,1.00213068182
207477,207484,210281,7,2797,2,18000,1.00250268144
207478,207490,210389,12,2899,2,18000,1.0041393584
207480,207495,207527,15,32,1,1800,1.46875
207495,207501,210237,6,2736,2,18000,1.00219298246
207536,207542,207550,6,8,1,900,1.4
207576,207582,207874,6,292,14,89940,1.02054794521
207619,207626,207631,7,5,2,604800,1.2
207651,207657,210296,6,2639,2,18000,1.00227358848
207668,207674,210524,6,2850,2,18000,1.00210526316
207717,207722,812532,5,604810,2,604800,1.00000826706
207717,207728,210545,11,2817,2,18000,1.00390486333
207800,207809,210620,9,2811,2,18000,1.00320170758
207821,207828,207897,7,69,1,1800,1.10144927536
207872,207878,207884,6,6,1,900,1.2
207886,207892,208242,6,350,14,89940,1.01714285714
207920,207926,207927,6,1,2,3600,1.0
207977,207984,210739,7,2755,2,18000,1.00254083485
207995,208001,210782,6,2781,2,18000,1.0021574973
208036,208042,210805,6,2763,2,18000,1.00217155266
208240,208246,208254,6,8,1,900,1.4
208244,208252,210978,8,2726,2,18000,1.00293470286
208254,208260,208539,6,279,14,89940,1.02150537634
208261,208270,211099,9,2829,2,18000,1.00318133616
208369,208378,211091,9,2713,2,18000,1.00331736086
208517,208526,211223,9,2697,2,18000,1.00333704116
208537,208543,208551,6,8,1,900,1.4
208551,208558,208939,7,381,14,89940,1.01837270341
208572,208580,211244,8,2664,2,18000,1.003003003
208589,208596,211357,7,2761,2,18000,1.00253531329
208597,208603,208737,6,134,1,1800,1.0447761194
208752,208758,211450,6,2692,2,18000,1.00222882615
208796,208805,211602,9,2797,2,18000,1.00321773329
208828,208835,211521,7,2686,2,18000,1.00260610573
208936,208942,208949,6,7,1,900,1.3
208951,208957,209273,6,316,14,89940,1.01898734177
208964,208971,209230,7,259,2,3600,1.02702702703
209187,209193,211763,6,2570,2,18000,1.00233463035
209271,209277,209285,6,8,1,900,1.4
209283,209290,209570,7,280,14,89940,1.025
209306,209313,211970,7,2657,2,18000,1.00263455024
209323,209330,212195,7,2865,2,18000,1.00244328098
209338,209344,209992,6,648,2,3600,1.00925925926
209374,209382,212086,8,2704,2,18000,1.00295857988
209429,209434,212108,5,2674,2,18000,1.00186985789
209449,209456,212293,7,2837,2,18000,1.00246739514
209471,209477,210117,6,640,2,3600,1.009375
209482,209491,212148,9,2657,2,18000,1.00338727889
209558,209568,212436,10,2868,2,18000,1.00348675035
209568,209574,209582,6,8,1,900,1.4
209581,209587,209867,6,280,14,89940,1.02142857143
209606,209612,212422,6,2810,2,18000,1.00213523132
209622,209628,212272,6,2644,2,18000,1.00226928896
209640,209645,212446,5,2801,2,18000,1.00178507676
209685,209693,212473,8,2780,2,18000,1.00287769784
209729,209735,209736,6,1,2,3600,1.0
209776,209784,212540,8,2756,2,18000,1.00290275762
209805,209813,212569,8,2756,2,18000,1.00290275762
209841,209849,212599,8,2750,2,18000,1.00290909091
209865,209871,209878,6,7,1,900,1.3
209881,209887,210170,6,283,14,89940,1.02120141343
209911,209919,212703,8,2784,2,18000,1.00287356322
209937,209943,210060,6,117,2,3600,1.05128205128
209955,209961,209962,6,1,4,144000,1.0
209979,209986,212794,7,2808,2,18000,1.00249287749
209996,210002,212783,6,2781,2,18000,1.0021574973
210014,210020,210214,6,194,2,3600,1.03092783505
210052,210060,212718,8,2658,2,18000,1.00300978179
210167,210174,210183,7,9,1,900,1.6
210181,210187,210188,6,1,4,144000,1.0
210182,210193,210485,11,292,14,89940,1.03767123288
210265,210271,213068,6,2797,2,18000,1.00214515552
210266,210277,213090,11,2813,2,18000,1.00391041593
210283,210289,213012,6,2723,2,18000,1.00220345207
210285,210295,213180,10,2885,2,18000,1.00346620451
210302,210307,213052,5,2745,2,18000,1.00182149362
210393,210400,213206,7,2806,2,18000,1.00249465431
210483,210489,210497,6,8,1,900,1.4
210497,210503,210812,6,309,14,89940,1.01941747573
210530,210536,213251,6,2715,2,18000,1.00220994475
210547,210556,213379,9,2823,2,18000,1.00318809777
210624,210631,213323,7,2692,2,18000,1.00260029718
210743,210750,213616,7,2866,2,18000,1.00244242847
210786,210793,213423,7,2630,2,18000,1.00266159696
210810,210816,213589,6,2773,2,18000,1.0021637216
210810,210821,210829,11,8,1,900,1.9
210824,210830,211139,6,309,14,89940,1.01941747573
210984,210990,213704,6,2714,2,18000,1.00221075903
211094,211102,213866,8,2764,2,18000,1.00289435601
211111,211117,213905,6,2788,2,18000,1.00215208034
211137,211143,211152,6,9,1,900,1.5
211150,211156,211543,6,387,14,89940,1.01550387597
211227,211234,213914,7,2680,2,18000,1.0026119403
211247,211255,214019,8,2764,2,18000,1.00289435601
211362,211368,214092,6,2724,2,18000,1.00220264317
211454,211462,214286,8,2824,2,18000,1.00283286119
211525,211532,214278,7,2746,2,18000,1.00254916242
211541,211547,211556,6,9,1,900,1.5
211555,211561,211837,6,276,14,89940,1.02173913043
211605,211613,214473,8,2860,2,18000,1.0027972028
211767,211775,214571,8,2796,2,18000,1.00286123033
211835,211841,211848,6,7,1,900,1.3
211848,211855,212217,7,362,14,89940,1.01933701657
211976,211982,214763,6,2781,2,18000,1.0021574973
212089,212097,214854,8,2757,2,18000,1.00290170475
212114,212121,214837,7,2716,2,18000,1.00257731959
212152,212159,214854,7,2695,2,18000,1.0025974026
212186,212192,212193,6,1,4,3600,1.0
212197,212206,214906,9,2700,2,18000,1.00333333333
212215,212221,212230,6,9,1,900,1.5
212229,212235,212546,6,311,14,89940,1.0192926045
212275,212283,215104,8,2821,2,18000,1.0028358738
212297,212305,214982,8,2677,2,18000,1.00298841987
212426,212447,215244,21,2797,2,18000,1.00750804433
212445,212453,215227,8,2774,2,18000,1.00288392213
212461,212467,215334,6,2867,2,18000,1.00209277991
212478,212484,215364,6,2880,2,18000,1.00208333333
212544,212550,212556,6,6,1,900,1.2
212545,212556,215414,11,2858,2,18000,1.00384884535
212557,212564,212872,7,308,14,89940,1.02272727273
212572,212580,215456,8,2876,2,18000,1.00278164117
212602,212611,215390,9,2779,2,18000,1.00323857503
212709,212715,215387,6,2672,2,18000,1.00224550898
212727,212733,215544,6,2811,2,18000,1.00213447172
212787,212794,215521,7,2727,2,18000,1.00256692336
212804,212811,215655,7,2844,2,18000,1.00246132208
212870,212876,212885,6,9,1,900,1.5
212883,212889,213236,6,347,14,89940,1.01729106628
213017,213023,215844,6,2821,2,18000,1.00212690535
213056,213062,215728,6,2666,2,18000,1.00225056264
213074,213080,215950,6,2870,2,18000,1.00209059233
213094,213101,215775,7,2674,2,18000,1.00261780105
213182,213191,215865,9,2674,2,18000,1.0033657442
213209,213217,215953,8,2736,2,18000,1.00292397661
213234,213240,213249,6,9,1,900,1.5
213247,213253,213560,6,307,14,89940,1.01954397394
213256,213262,216133,6,2871,2,18000,1.00208986416
213329,213334,216096,5,2762,2,18000,1.0018102824
213384,213390,216220,6,2830,2,18000,1.00212014134
213428,213433,216219,5,2786,2,18000,1.00179468772
213559,213565,213574,6,9,1,900,1.5
213578,213584,213970,6,386,14,89940,1.01554404145
213592,213601,216305,9,2704,2,18000,1.00332840237
213619,213627,216459,8,2832,2,18000,1.00282485876
213708,213715,216368,7,2653,2,18000,1.00263852243
213871,213877,216584,6,2707,2,18000,1.0022164758
213909,213917,216799,8,2882,2,18000,1.0027758501
213927,213933,216763,6,2830,2,18000,1.00212014134
213969,213975,213983,6,8,1,900,1.4
213983,213989,214267,6,278,14,89940,1.02158273381
214021,214031,216820,10,2789,2,18000,1.00358551452
214096,214103,216945,7,2842,2,18000,1.00246305419
214265,214271,214280,6,9,1,900,1.5
214280,214286,214560,6,274,14,89940,1.02189781022
214311,214317,217147,6,2830,2,18000,1.00212014134
214312,214323,217155,11,2832,2,18000,1.00388418079
214478,214484,377488,6,163004,12,345600,1.00003680891
214502,214508,217236,6,2728,2,18000,1.00219941349
214558,214565,214571,7,6,1,900,1.3
214572,214578,214896,6,318,14,89940,1.01886792453
214575,214584,217371,9,2787,2,18000,1.00322927879
214894,214901,214909,7,8,1,900,1.5
214912,214918,215235,6,317,14,89940,1.01892744479
214916,214924,217704,8,2780,2,18000,1.00287769784
214918,214929,217663,11,2734,2,18000,1.00402340892
214919,214935,217678,16,2743,2,18000,1.00583302953
214920,214940,217704,20,2764,2,18000,1.00723589001
214922,214945,217661,23,2716,2,18000,1.00846833579
214996,215003,217880,7,2877,2,18000,1.00243309002
215109,215114,217951,5,2837,2,18000,1.0017624251
215231,215238,217998,7,2760,2,18000,1.00253623188
215234,215244,215252,10,8,1,900,1.8
215247,215255,217882,8,2627,2,18000,1.00304529882
215317,215323,215638,6,315,14,89940,1.01904761905
215337,215346,217989,9,2643,2,18000,1.00340522134
215367,215375,218057,8,2682,2,18000,1.00298284862
215393,215399,218257,6,2858,2,18000,1.00209937019
215395,215405,218207,10,2802,2,18000,1.00356887937
215418,215426,218227,8,2801,2,18000,1.00285612281
215459,215468,218245,9,2777,2,18000,1.00324090745
215523,215533,218349,10,2816,2,18000,1.00355113636
215546,215555,218358,9,2803,2,18000,1.00321084552
215636,215642,215651,6,9,1,900,1.5
215658,215666,218428,8,2762,2,18000,1.00289645185
215708,215715,216027,7,312,14,89940,1.02243589744
215738,215744,218594,6,2850,2,18000,1.00210526316
215779,215786,218499,7,2713,2,18000,1.00258016955
215848,215855,218653,7,2798,2,18000,1.00250178699
215868,215876,218631,8,2755,2,18000,1.00290381125
215952,215961,218894,9,2933,2,18000,1.00306853051
215969,215975,218904,6,2929,2,18000,1.00204848071
216025,216031,216039,6,8,1,900,1.4
216044,216049,216351,5,302,14,89940,1.01655629139
216098,216108,218734,10,2626,2,18000,1.00380807312
216137,216143,219008,6,2865,2,18000,1.00209424084
216221,216236,218926,15,2690,2,18000,1.00557620818
216223,216230,219101,7,2871,2,18000,1.00243817485
216244,216250,216252,6,2,4,432000,1.0
216310,216316,219079,6,2763,2,18000,1.00217155266
216349,216355,216363,6,8,1,900,1.4
216361,216367,216708,6,341,14,89940,1.01759530792
216369,216379,219203,10,2824,2,18000,1.00354107649
216463,216470,219244,7,2774,2,18000,1.00252343187
216587,216595,219406,8,2811,2,18000,1.00284596229
216706,216712,216720,6,8,1,900,1.4
216720,216726,217041,6,315,14,89940,1.01904761905
216766,216774,219632,8,2858,2,18000,1.00279916025
216803,216810,219738,7,2928,2,18000,1.00239071038
216823,216831,219623,8,2792,2,18000,1.00286532951
216959,216965,219778,6,2813,2,18000,1.00213295414
217041,217047,217056,6,9,1,900,1.5
217056,217062,217352,6,290,14,89940,1.02068965517
217059,217068,217069,9,1,4,432000,1.0
217160,217166,219931,6,2765,2,18000,1.00216998192
217161,217172,220095,11,2923,2,18000,1.00376325693
217240,217247,220022,7,2775,2,18000,1.00252252252
217352,217358,217366,6,8,1,900,1.4
217368,217374,217645,6,271,14,89940,1.0221402214
217376,217381,220270,5,2889,2,18000,1.00173070267
217596,217602,217606,6,4,4,432000,1.0
217643,217649,217658,6,9,1,900,1.5
217655,217661,217945,6,284,14,89940,1.02112676056
217665,217672,220612,7,2940,2,18000,1.00238095238
217666,217678,220590,12,2912,2,18000,1.00412087912
217668,217683,219214,15,1531,2,7200,1.00979751796
217673,217694,219210,21,1516,2,7200,1.01385224274
217677,217699,219229,22,1530,2,7200,1.01437908497
217679,217705,219238,26,1533,2,7200,1.01696020874
217683,217710,219231,27,1521,2,7200,1.01775147929
217683,217689,220623,6,2934,2,18000,1.00204498978
217706,217716,220590,10,2874,2,18000,1.00347947112
217708,217721,220623,13,2902,2,18000,1.00447966919
217767,217774,217778,7,4,4,432000,1.1
217834,217839,217888,5,49,4,7200,1.10204081633
217834,217844,217894,10,50,4,7200,1.2
217834,217849,217898,15,49,4,7200,1.30612244898
217834,217855,217903,21,48,4,7200,1.4375
217834,217860,217908,26,48,4,7200,1.54166666667
217834,217865,217914,31,49,4,7200,1.63265306122
217834,217870,217917,36,47,4,7200,1.76595744681
217834,217875,217925,41,50,4,7200,1.82
217835,217916,217967,81,51,4,7200,2.58823529412
217835,217891,217939,56,48,4,7200,2.16666666667
217835,217886,217935,51,49,4,7200,2.04081632653
217835,217906,217956,71,50,4,7200,2.42
217835,217896,217946,61,50,4,7200,2.22
217835,217880,217929,45,49,4,7200,1.91836734694
217835,217921,217969,86,48,4,7200,2.79166666667
217835,217911,217960,76,49,4,7200,2.55102040816
217835,217901,217949,66,48,4,7200,2.375
217836,217927,217976,91,49,4,7200,2.85714285714
217836,217937,217985,101,48,4,7200,3.10416666667
217836,217947,217994,111,47,4,7200,3.36170212766
217836,217942,217998,106,56,4,7200,2.89285714286
217836,217962,218010,126,48,4,7200,3.625
217836,217952,218003,116,51,4,7200,3.27450980392
217836,217932,217980,96,48,4,7200,3.0
217836,217957,218006,121,49,4,7200,3.4693877551
217837,217978,218029,141,51,4,7200,3.76470588235
217837,217973,218020,136,47,4,7200,3.89361702128
217837,217968,218023,131,55,4,7200,3.38181818182
217837,217983,218031,146,48,4,7200,4.04166666667
217837,218021,218076,184,55,4,7200,4.34545454545
217843,218041,218134,198,93,4,7200,3.12903225806
217843,218026,218119,183,93,4,7200,2.96774193548
217843,218031,218123,188,92,4,7200,3.04347826087
217843,218036,218127,193,91,4,7200,3.12087912088
217844,218077,218169,233,92,4,7200,3.53260869565
217844,218072,218164,228,92,4,7200,3.47826086957
217844,218067,218160,223,93,4,7200,3.39784946237
217844,218062,218156,218,94,4,7200,3.31914893617
217844,218057,218152,213,95,4,7200,3.24210526316
217844,218052,218146,208,94,4,7200,3.21276595745
217844,218046,218139,202,93,4,7200,3.17204301075
217844,218082,218178,238,96,4,7200,3.47916666667
217845,218108,218204,263,96,4,7200,3.73958333333
217845,218087,218182,242,95,4,7200,3.54736842105
217845,218092,218184,247,92,4,7200,3.6847826087
217845,218098,218189,253,91,4,7200,3.78021978022
217845,218123,218217,278,94,4,7200,3.95744680851
217845,218118,218212,273,94,4,7200,3.90425531915
217845,218103,218195,258,92,4,7200,3.80434782609
217845,218113,218204,268,91,4,7200,3.94505494505
217846,218182,218273,336,91,4,7200,4.69230769231
217846,218177,218271,331,94,4,7200,4.52127659574
217846,218172,218264,326,92,4,7200,4.54347826087
217846,218161,218258,315,97,4,7200,4.24742268041
217846,218166,218257,320,91,4,7200,4.51648351648
217846,218187,218280,341,93,4,7200,4.66666666667
217846,218139,218235,293,96,4,7200,4.05208333333
217846,218128,218224,282,96,4,7200,3.9375
217846,218133,218224,287,91,4,7200,4.15384615385
217847,218192,218286,345,94,4,7200,4.67021276596
217853,218212,218412,359,200,4,7200,2.795
217853,218237,218437,384,200,4,7200,2.92
217853,218222,218416,369,194,4,7200,2.90206185567
217853,218227,218413,374,186,4,7200,3.01075268817
217853,218232,218419,379,187,4,7200,3.02673796791
217853,218202,218392,349,190,4,7200,2.83684210526
217853,218197,218386,344,189,4,7200,2.82010582011
217854,218280,218469,426,189,4,7200,3.25396825397
217854,218242,218432,388,190,4,7200,3.04210526316
217854,218247,218434,393,187,4,7200,3.10160427807
217854,218252,218441,398,189,4,7200,3.10582010582
217854,218290,218482,436,192,4,7200,3.27083333333
217854,218285,218474,431,189,4,7200,3.28042328042
217854,218295,218482,441,187,4,7200,3.35828877005
217855,218326,218512,471,186,4,7200,3.53225806452
217855,218336,218525,481,189,4,7200,3.54497354497
217855,218331,218525,476,194,4,7200,3.45360824742
217855,218320,218505,465,185,4,7200,3.51351351351
217855,218305,218494,450,189,4,7200,3.38095238095
217855,218310,218497,455,187,4,7200,3.43315508021
217855,218300,218489,445,189,4,7200,3.3544973545
217855,218315,218505,460,190,4,7200,3.42105263158
217855,218341,218531,486,190,4,7200,3.55789473684
217856,218447,218646,591,199,4,7200,3.96984924623
217856,218372,218571,516,199,4,7200,3.59296482412
217856,218356,218545,500,189,4,7200,3.6455026455
217856,218351,218539,495,188,4,7200,3.6329787234
217856,218361,218553,505,192,4,7200,3.63020833333
217856,218366,218565,510,199,4,7200,3.56281407035
217856,218346,218535,490,189,4,7200,3.59259259259
217863,218409,218890,546,481,4,7200,2.13513513514
217863,218472,218890,609,418,4,7200,2.45693779904
217863,218404,218890,541,486,4,7200,2.11316872428
217863,218467,218890,604,423,4,7200,2.42789598109
217863,218462,218891,599,429,4,7200,2.39627039627
217863,218457,218892,594,435,4,7200,2.36551724138
217863,218452,218892,589,440,4,7200,2.33863636364
217864,218430,218890,566,460,4,7200,2.23043478261
217864,218420,218890,556,470,4,7200,2.1829787234
217864,218425,218890,561,465,4,7200,2.2064516129
217864,218483,218890,619,407,4,7200,2.52088452088
217864,218435,218890,571,455,4,7200,2.25494505495
217864,218478,218891,614,413,4,7200,2.48668280872
217864,218494,218891,630,397,4,7200,2.58690176322
217864,218488,218891,624,403,4,7200,2.54838709677
217864,218414,218890,550,476,4,7200,2.15546218487
217865,218544,219077,679,533,4,7200,2.27392120075
217865,218534,219075,669,541,4,7200,2.23659889094
217865,218549,219072,684,523,4,7200,2.30783938815
217865,218539,218921,674,382,4,7200,2.76439790576
217865,218521,218909,656,388,4,7200,2.69072164948
217865,218516,218904,651,388,4,7200,2.67783505155
217865,218510,218901,645,391,4,7200,2.64961636829
217865,218505,218895,640,390,4,7200,2.64102564103
217865,218500,218890,635,390,4,7200,2.62820512821
217866,218570,219067,704,497,4,7200,2.41649899396
217866,218554,219073,688,519,4,7200,2.32562620424
217866,218576,219075,710,499,4,7200,2.42284569138
217866,218565,219076,699,511,4,7200,2.36790606654
217866,218560,219079,694,519,4,7200,2.33718689788
217886,217990,220576,104,2586,2,18000,1.04021655066
217888,217995,220766,107,2771,2,18000,1.03861421869
217898,218586,219380,688,794,4,3600,1.86649874055
217898,218581,219374,683,793,4,3600,1.86128625473
217899,218662,219450,763,788,4,3600,1.96827411168
217899,218604,219393,705,789,4,3600,1.89353612167
217899,218594,219388,695,794,4,3600,1.87531486146
217899,218599,219384,700,785,4,3600,1.89171974522
217899,218906,219705,1007,799,4,3600,2.26032540676
217899,218912,219705,1013,793,4,3600,2.27742749054
217899,218917,219715,1018,798,4,3600,2.27568922306
217899,218922,219715,1023,793,4,3600,2.29003783102
217899,218927,219716,1028,789,4,3600,2.30291508238
217900,218985,219775,1085,790,4,3600,2.37341772152
217900,218975,219772,1075,797,4,3600,2.34880803011
217900,218965,219769,1065,804,4,3600,2.32462686567
217900,218980,219789,1080,809,4,3600,2.33498145859
217900,218959,219759,1059,800,4,3600,2.32375
217900,218990,219782,1090,792,4,3600,2.37626262626
217900,218995,219795,1095,800,4,3600,2.36875
217900,218970,219775,1070,805,4,3600,2.32919254658
217900,218932,219746,1032,814,4,3600,2.26781326781
217901,219011,219808,1110,797,4,3600,2.39272271016
217901,219000,219817,1099,817,4,3600,2.34516523868
217901,219021,219816,1120,795,4,3600,2.40880503145
217901,219016,219817,1115,801,4,3600,2.39200998752
217901,219026,219823,1125,797,4,3600,2.41154328733
217901,219031,219843,1130,812,4,3600,2.39162561576
217901,219036,219846,1135,810,4,3600,2.4012345679
217901,219005,219819,1104,814,4,3600,2.35626535627
217901,219084,219886,1183,802,4,3600,2.47506234414
217902,219089,219878,1187,789,4,3600,2.50443599493
217944,218016,218022,72,6,1,900,7.8
217954,218000,220866,46,2866,2,18000,1.01605024424
217958,218005,218283,47,278,14,89940,1.1690647482
217970,218010,218013,40,3,4,432000,4.3
217993,218146,220676,153,2530,2,18000,1.0604743083
218011,218151,220992,140,2841,2,18000,1.04927842309
218059,218156,220935,97,2779,2,18000,1.03490464196
218204,218274,257937,70,39663,1,180000,1.00176486902
218207,218259,221040,52,2781,2,18000,1.01869830996
218230,218264,220927,34,2663,2,18000,1.01276755539
218247,218269,221023,22,2754,2,18000,1.00798838054
218264,218379,221221,115,2842,2,18000,1.04046446165
218281,218399,218408,118,9,1,900,12.7
218304,218394,218895,90,501,14,89940,1.17964071856
218354,218384,221202,30,2818,2,18000,1.01064584812
218371,218389,221054,18,2665,2,18000,1.00675422139
218430,218441,221274,11,2833,2,18000,1.00388280974
218503,218529,221206,26,2677,2,18000,1.00971236459
218598,218610,221445,12,2835,2,18000,1.00423280423
218615,218621,218624,6,3,1,259200,1.0
218635,218643,221490,8,2847,2,18000,1.00280997541
218651,218657,258617,6,39960,1,180000,1.00015015015
218655,218668,221530,13,2862,2,18000,1.00454227813
218735,218745,221669,10,2924,2,18000,1.00341997264
218892,218901,218913,9,12,1,900,1.75
218898,218939,221750,41,2811,2,18000,1.01458555674
218906,218954,219270,48,316,14,89940,1.15189873418
218915,218944,221841,29,2897,2,18000,1.01001035554
218933,218949,221785,16,2836,2,18000,1.00564174894
219019,219043,221809,24,2766,2,18000,1.00867678959
219053,219078,219150,25,72,1,7200,1.34722222222
219083,219095,221777,12,2682,2,18000,1.00447427293
219100,219112,221589,12,2477,2,18000,1.00484457004
219211,219217,222002,6,2785,2,18000,1.00215439856
219248,219255,222101,7,2846,2,18000,1.00245959241
219268,219274,219322,6,48,1,900,1.125
219281,219292,219401,11,109,1,7200,1.10091743119
219284,219298,219628,14,330,14,89940,1.04242424242
219314,219320,225923,6,6603,1,259200,1.00090867787
219409,219417,222206,8,2789,2,18000,1.00286841162
219625,219637,222463,12,2826,2,18000,1.0042462845
219626,219631,219639,5,8,1,900,1.3
219640,219646,219996,6,350,14,89940,1.01714285714
219641,219652,222527,11,2875,2,18000,1.00382608696
219742,219749,222535,7,2786,2,18000,1.00251256281
219781,219789,222509,8,2720,2,18000,1.00294117647
219933,219943,222640,10,2697,2,18000,1.00370782351
219994,220000,220008,6,8,1,900,1.4
220009,220015,220293,6,278,14,89940,1.02158273381
220024,220033,222708,9,2675,2,18000,1.00336448598
220096,220106,222906,10,2800,2,18000,1.00357142857
220272,220281,223022,9,2741,2,18000,1.00328347318
220291,220297,220304,6,7,1,900,1.3
220304,220310,220691,6,381,14,89940,1.0157480315
220581,220587,223424,6,2837,2,18000,1.00211491012
220603,220610,223359,7,2749,2,18000,1.0025463805
220605,220616,223413,11,2797,2,18000,1.00393278513
220621,220627,223444,6,2817,2,18000,1.00212992545
220637,220644,223476,7,2832,2,18000,1.00247175141
220639,220649,223386,10,2737,2,18000,1.00365363537
220680,220688,223522,8,2834,2,18000,1.00282286521
220689,220695,220703,6,8,1,900,1.4
220703,220709,221093,6,384,14,89940,1.015625
220707,220715,220716,8,1,1,3600,1.0
220758,220764,220766,6,2,1,3600,1.0
220770,220838,223552,68,2714,2,18000,1.02505526898
220840,220846,222508,6,1662,1,3600,1.0036101083
220875,220881,223653,6,2772,2,18000,1.00216450216
220929,220938,223767,9,2829,2,18000,1.00318133616
220945,220951,223705,6,2754,2,18000,1.00217864924
220994,221003,223835,9,2832,2,18000,1.0031779661
221027,221034,223932,7,2898,2,18000,1.00241545894
221042,221051,223916,9,2865,2,18000,1.00314136126
221058,221065,223871,7,2806,2,18000,1.00249465431
221088,221095,221102,7,7,1,900,1.4
221102,221108,221386,6,278,14,89940,1.02158273381
221212,221218,223962,6,2744,2,18000,1.00218658892
221213,221224,223910,11,2686,2,18000,1.00409530901
221229,221235,223964,6,2729,2,18000,1.00219860755
221275,221285,224054,10,2769,2,18000,1.00361141206
221384,221390,221397,6,7,1,900,1.3
221405,221411,221756,6,345,14,89940,1.01739130435
221450,221457,224117,7,2660,2,18000,1.00263157895
221494,221502,224313,8,2811,2,18000,1.00284596229
221532,221541,224440,9,2899,2,18000,1.0031045188
221536,221546,221730,10,184,2,10800,1.05434782609
221592,221600,224457,8,2857,2,18000,1.00280014001
221673,221681,224438,8,2757,2,18000,1.00290170475
221752,221760,224539,8,2779,2,18000,1.00287873336
221754,221766,221773,12,7,1,900,1.9
221778,221784,222124,6,340,14,89940,1.01764705882
221781,221790,224606,9,2816,2,18000,1.00319602273
221796,221802,224557,6,2755,2,18000,1.00217785844
221812,221820,224630,8,2810,2,18000,1.00284697509
221843,221852,224697,9,2845,2,18000,1.00316344464
222006,222013,224674,7,2661,2,18000,1.00263059
222103,222113,224858,10,2745,2,18000,1.00364298725
222122,222128,222135,6,7,1,900,1.3
222136,222142,222454,6,312,14,89940,1.01923076923
222209,222217,225061,8,2844,2,18000,1.00281293952
222451,222458,222465,7,7,1,900,1.4
222464,222470,222762,6,292,14,89940,1.02054794521
222466,222476,225092,10,2616,2,18000,1.00382262997
222512,222520,225233,8,2713,2,18000,1.0029487652
222528,222538,225254,10,2716,2,18000,1.00368188513
222544,222550,225365,6,2815,2,18000,1.00213143872
222644,222651,225374,7,2723,2,18000,1.00257069409
222710,222719,225577,9,2858,2,18000,1.00314905528
222761,222767,222774,6,7,1,900,1.3
222778,222784,223074,6,290,14,89940,1.02068965517
222907,222917,225600,10,2683,2,18000,1.00372717108
223025,223033,225716,8,2683,2,18000,1.00298173686
223072,223078,223086,6,8,1,900,1.4
223091,223097,223482,6,385,14,89940,1.01558441558
223360,223370,226033,10,2663,2,18000,1.00375516335
223388,223397,226221,9,2824,2,18000,1.00318696884
223417,223424,226161,7,2737,2,18000,1.00255754476
223432,223439,226159,7,2720,2,18000,1.00257352941
223448,223455,226108,7,2653,2,18000,1.00263852243
223479,223491,226216,12,2725,2,18000,1.00440366972
223480,223485,223493,5,8,1,900,1.3
223493,223499,223808,6,309,14,89940,1.01941747573
223523,223533,226300,10,2767,2,18000,1.00361402241
223555,223563,226359,8,2796,2,18000,1.00286123033
223655,223664,226437,9,2773,2,18000,1.0032455824
223708,223716,226369,8,2653,2,18000,1.0030154542
223730,223736,226126,6,2390,8,7200,1.00251046025
223771,223778,226548,7,2770,2,18000,1.00252707581
223806,223813,223821,7,8,1,900,1.5
223819,223825,224102,6,277,14,89940,1.02166064982
223837,223846,226638,9,2792,2,18000,1.0032234957
223874,223882,226578,8,2696,2,18000,1.00296735905
223912,223922,226724,10,2802,2,18000,1.00356887937
223928,223934,226806,6,2872,2,18000,1.00208913649
223944,223950,226623,6,2673,2,18000,1.00224466891
223964,223973,226785,9,2812,2,18000,1.00320056899
223979,223985,226830,6,2845,2,18000,1.00210896309
224056,224065,226865,9,2800,2,18000,1.00321428571
224100,224106,224113,6,7,1,900,1.3
224114,224120,224436,6,316,14,89940,1.01898734177
224119,224128,227010,9,2882,2,18000,1.00312283137
224317,224325,227179,8,2854,2,18000,1.00280308339
224434,224440,224449,6,9,1,900,1.5
224441,224450,227250,9,2800,2,18000,1.00321428571
224442,224456,227189,14,2733,2,18000,1.00512257592
224447,224461,224837,14,376,14,89940,1.03723404255
224458,224468,227142,10,2674,2,18000,1.00373971578
224541,224550,227395,9,2845,2,18000,1.00316344464
224560,224568,227342,8,2774,2,18000,1.00288392213
224608,224617,227339,9,2722,2,18000,1.00330639236
224633,224641,227493,8,2852,2,18000,1.00280504909
224677,224685,227337,8,2652,2,18000,1.00301659125
224699,224709,227369,10,2660,2,18000,1.0037593985
224819,224825,225221,6,396,2,10800,1.01515151515
224834,224841,224849,7,8,1,900,1.5
224849,224855,225206,6,351,14,89940,1.01709401709
224862,224869,227666,7,2797,2,18000,1.00250268144
225064,225072,227839,8,2767,2,18000,1.00289121793
225080,225086,225355,6,269,2,10800,1.02230483271
225095,225103,227768,8,2665,2,18000,1.00300187617
225204,225210,225218,6,8,1,900,1.4
225222,225228,225541,6,313,14,89940,1.01916932907
225236,225244,228001,8,2757,2,18000,1.00290170475
225255,225265,227898,10,2633,2,18000,1.00379794911
225368,225376,228142,8,2766,2,18000,1.0028922632
225384,225390,228175,6,2785,2,18000,1.00215439856
225444,225450,225785,6,335,2,10800,1.01791044776
225539,225546,225554,7,8,1,900,1.5
225553,225559,225904,6,345,14,89940,1.01739130435
225580,225588,228312,8,2724,2,18000,1.00293685756
225602,225611,228331,9,2720,2,18000,1.00330882353
225718,225727,228591,9,2864,2,18000,1.0031424581
225752,225758,225759,6,1,2,28800,1.0
225790,225795,254599,5,28804,2,28800,1.000173587
225902,225908,225917,6,9,1,900,1.5
225914,225920,226227,6,307,14,89940,1.01954397394
226035,226048,228895,13,2847,2,18000,1.00456621005
226036,226042,226045,6,3,4,432000,1.0
226053,226059,226179,6,120,2,7200,1.05
226109,226119,228937,10,2818,2,18000,1.00354861604
226153,226159,226163,6,4,4,432000,1.0
226161,226170,228986,9,2816,2,18000,1.00319602273
226163,226176,228981,13,2805,2,18000,1.00463458111
226221,226227,229034,6,2807,2,18000,1.00213751336
226227,226233,226241,6,8,1,900,1.4
226237,226244,228973,7,2729,2,18000,1.00256504214
226249,226255,226593,6,338,14,89940,1.01775147929
226303,226311,229086,8,2775,2,18000,1.00288288288
226362,226370,229145,8,2775,2,18000,1.00288288288
226377,226384,229188,7,2804,2,18000,1.00249643367
226439,226448,229194,9,2746,2,18000,1.00327749454
226509,226515,226791,6,276,1,432000,1.02173913043
226552,226558,229278,6,2720,2,18000,1.00220588235
226581,226589,229333,8,2744,2,18000,1.0029154519
226591,226597,226605,6,8,1,900,1.4
226603,226609,226921,6,312,14,89940,1.01923076923
226625,226634,229440,9,2806,2,18000,1.00320741269
226641,226650,229463,9,2813,2,18000,1.00319943121
226728,226735,229491,7,2756,2,18000,1.00253991292
226787,226796,229440,9,2644,2,18000,1.00340393343
226810,226817,229580,7,2763,2,18000,1.0025334781
226832,226842,229569,10,2727,2,18000,1.00366703337
226867,226876,229726,9,2850,2,18000,1.00315789474
226919,226925,226932,6,7,1,900,1.3
226933,226939,227286,6,347,14,89940,1.01729106628
227002,227008,227569,6,561,2,7200,1.01069518717
227015,227021,229788,6,2767,2,18000,1.00216841344
227143,227153,229944,10,2791,2,18000,1.00358294518
227181,227190,229979,9,2789,2,18000,1.00322696307
227197,227204,229906,7,2702,2,18000,1.00259067358
227254,227261,230043,7,2782,2,18000,1.00251617541
227284,227290,227298,6,8,1,900,1.4
227304,227310,227603,6,293,14,89940,1.0204778157
227340,227349,230140,9,2791,2,18000,1.00322465066
227341,227355,230052,14,2697,2,18000,1.00519095291
227357,227363,230238,6,2875,2,18000,1.00208695652
227373,227381,230079,8,2698,2,18000,1.00296515938
227399,227406,230310,7,2904,2,18000,1.00241046832
227496,227505,230335,9,2830,2,18000,1.00318021201
227601,227608,227614,7,6,1,900,1.3
227615,227621,227897,6,276,14,89940,1.02173913043
227668,227678,230494,10,2816,2,18000,1.00355113636
227771,227779,230561,8,2782,2,18000,1.00287562904
227840,227850,230578,10,2728,2,18000,1.00366568915
227895,227902,227909,7,7,1,900,1.4
227900,227909,230716,9,2807,2,18000,1.00320627004
227908,227915,228207,7,292,14,89940,1.02397260274
228004,228012,230756,8,2744,2,18000,1.0029154519
228058,228065,228071,7,6,10,360000,1.3
228093,228099,228244,6,145,2,360000,1.04137931034
228144,228153,230906,9,2753,2,18000,1.00326916092
228179,228187,230899,8,2712,2,18000,1.00294985251
228205,228211,228218,6,7,1,900,1.3
228219,228225,228537,6,312,14,89940,1.01923076923
228313,228323,231181,10,2858,2,18000,1.00349895031
228332,228342,231116,10,2774,2,18000,1.00360490267
228417,228424,228967,7,543,2,10800,1.01289134438
228535,228542,228550,7,8,1,900,1.5
228548,228555,228936,7,381,14,89940,1.01837270341
228592,228602,231478,10,2876,2,18000,1.00347705146
228808,228815,231182,7,2367,8,7200,1.00295732995
228897,228907,231693,10,2786,2,18000,1.00358937545
228934,228940,228949,6,9,1,900,1.5
228941,228949,231727,8,2778,2,18000,1.00287976962
228948,228955,229270,7,315,14,89940,1.02222222222
228976,228984,231838,8,2854,2,18000,1.00280308339
228993,228999,231641,6,2642,2,18000,1.00227100681
228995,229005,231808,10,2803,2,18000,1.00356760614
229036,229045,231950,9,2905,2,18000,1.00309810671
229045,229051,231058,6,2007,2,21600,1.00298953662
229090,229097,231935,7,2838,2,18000,1.00246652572
229141,229147,229727,6,580,2,10800,1.01034482759
229147,229156,231893,9,2737,2,18000,1.00328827183
229192,229199,232060,7,2861,2,18000,1.00244669696
229208,229214,231910,6,2696,2,18000,1.00222551929
229265,229271,229280,6,9,1,900,1.5
229279,229285,229632,6,347,14,89940,1.01729106628
229280,229291,231969,11,2678,2,18000,1.00410754294
229336,229344,232192,8,2848,2,18000,1.00280898876
229442,229452,232107,10,2655,2,18000,1.00376647834
229443,229457,232183,14,2726,2,18000,1.00513573001
229466,229474,232114,8,2640,2,18000,1.00303030303
229494,229502,232381,8,2879,2,18000,1.00277874262
229573,229578,229583,5,5,4,432000,1.0
229573,229584,232382,11,2798,2,18000,1.00393137956
229588,229594,232284,6,2690,2,18000,1.00223048327
229600,229606,232834,6,3228,2,432000,1.00185873606
229629,229636,229644,7,8,1,900,1.5
229643,229649,229995,6,346,14,89940,1.01734104046
229728,229737,232576,9,2839,2,18000,1.00317013033
229791,229799,232561,8,2762,2,18000,1.00289645185
229910,229917,232741,7,2824,2,18000,1.00247875354
229913,229948,229977,35,29,8,3600,2.20689655172
229913,229923,229952,10,29,8,3600,1.34482758621
229913,229928,229956,15,28,8,3600,1.53571428571
229913,229933,229962,20,29,8,3600,1.68965517241
229913,229938,229967,25,29,8,3600,1.86206896552
229913,229943,229971,30,28,8,3600,2.07142857143
229913,229954,229982,41,28,8,3600,2.46428571429
229914,229989,230018,75,29,8,3600,3.58620689655
229914,229995,230024,81,29,8,3600,3.79310344828
229914,229969,230008,55,39,8,3600,2.41025641026
229914,229974,230006,60,32,8,3600,2.875
229914,229964,230000,50,36,8,3600,2.38888888889
229914,229979,230008,65,29,8,3600,3.24137931034
229914,229984,230016,70,32,8,3600,3.1875
229914,229959,229990,45,31,8,3600,2.45161290323
229915,234046,234073,4131,27,8,3600,154.0
229915,234040,234067,4125,27,8,3600,153.777777778
229915,233956,233983,4041,27,8,3600,150.666666667
229915,230005,230034,90,29,8,3600,4.10344827586
229915,230000,230029,85,29,8,3600,3.93103448276
229915,233939,233971,4024,32,8,3600,126.75
229915,233934,233961,4019,27,8,3600,149.851851852
229916,234059,234086,4143,27,8,3600,154.444444444
229916,230022,230053,106,31,8,3600,4.41935483871
229916,230027,230055,111,28,8,3600,4.96428571429
229916,230032,230062,116,30,8,3600,4.86666666667
229916,230037,230065,121,28,8,3600,5.32142857143
229916,230042,230071,126,29,8,3600,5.34482758621
229916,234052,234080,4136,28,8,3600,148.714285714
229916,234064,234094,4148,30,8,3600,139.266666667
229925,230048,230099,123,51,8,3600,3.41176470588
229925,230053,230103,128,50,8,3600,3.56
229925,230058,230110,133,52,8,3600,3.55769230769
229925,230063,230114,138,51,8,3600,3.70588235294
229926,233974,234024,4048,50,8,3600,81.96
229926,233961,234017,4035,56,8,3600,73.0535714286
229926,234070,234122,4144,52,8,3600,80.6923076923
229926,233980,234032,4054,52,8,3600,78.9615384615
229926,230127,230176,201,49,8,3600,5.10204081633
229926,230073,230124,147,51,8,3600,3.88235294118
229926,230068,230120,142,52,8,3600,3.73076923077
229927,234112,234163,4185,51,8,3600,83.0588235294
229927,234106,234159,4179,53,8,3600,79.8490566038
229927,234101,234151,4174,50,8,3600,84.48
229927,234095,234147,4168,52,8,3600,81.1538461538
229927,234090,234146,4163,56,8,3600,75.3392857143
229927,234084,234140,4157,56,8,3600,75.2321428571
229927,234079,234129,4152,50,8,3600,84.04
229928,234122,234178,4194,56,8,3600,75.8928571429
229928,234117,234168,4189,51,8,3600,83.137254902
229928,233997,234048,4069,51,8,3600,80.7843137255
229928,233985,234036,4057,51,8,3600,80.5490196078
229928,234003,234053,4075,50,8,3600,82.5
229928,233991,234049,4063,58,8,3600,71.0517241379
229929,234035,234086,4106,51,8,3600,81.5098039216
229929,234127,234179,4198,52,8,3600,81.7307692308
229929,234029,234081,4100,52,8,3600,79.8461538462
229929,234012,234068,4083,56,8,3600,73.9107142857
229929,234024,234076,4095,52,8,3600,79.75
229930,234133,234187,4203,54,8,3600,78.8333333333
229935,234138,234242,4203,104,8,3600,41.4134615385
229935,234143,234251,4208,108,8,3600,39.962962963
229936,234193,234291,4257,98,8,3600,44.4387755102
229936,234188,234288,4252,100,8,3600,43.52
229936,234177,234276,4241,99,8,3600,43.8383838384
229936,234165,234269,4229,104,8,3600,41.6634615385
229936,234171,234269,4235,98,8,3600,44.2142857143
229936,234149,234246,4213,97,8,3600,44.4329896907
229936,234182,234280,4246,98,8,3600,44.3265306122
229937,234219,234323,4282,104,8,3600,42.1730769231
229937,234198,234299,4261,101,8,3600,43.1881188119
229937,234204,234301,4267,97,8,3600,44.9896907216
229937,234209,234308,4272,99,8,3600,44.1515151515
229937,234214,234311,4277,97,8,3600,45.0927835052
229937,234253,234352,4316,99,8,3600,44.595959596
229937,234259,234356,4322,97,8,3600,45.5567010309
229937,234265,234369,4328,104,8,3600,42.6153846154
229938,234307,234405,4369,98,8,3600,45.5816326531
229938,234302,234401,4364,99,8,3600,45.0808080808
229938,234280,234380,4342,100,8,3600,44.42
229938,234291,234391,4353,100,8,3600,44.53
229938,234285,234384,4347,99,8,3600,44.9090909091
229938,234296,234395,4358,99,8,3600,45.0202020202
229939,234313,234410,4374,97,8,3600,46.0927835052
229939,234318,234415,4379,97,8,3600,46.1443298969
229939,234335,234432,4396,97,8,3600,46.3195876289
229939,234341,234438,4402,97,8,3600,46.381443299
229939,234363,234466,4424,103,8,3600,43.9514563107
229939,234369,234468,4430,99,8,3600,45.7474747475
229939,234330,234432,4391,102,8,3600,44.0490196078
229945,234397,234604,4452,207,8,3600,22.5072463768
229945,234391,234592,4446,201,8,3600,23.1194029851
229945,234380,234589,4435,209,8,3600,22.2200956938
229946,234443,234642,4497,199,8,3600,23.5979899497
229946,234432,234638,4486,206,8,3600,22.7766990291
229946,234426,234628,4480,202,8,3600,23.1782178218
229946,234421,234622,4475,201,8,3600,23.263681592
229946,234415,234618,4469,203,8,3600,23.0147783251
229946,234409,234609,4463,200,8,3600,23.315
229946,234403,234604,4457,201,8,3600,23.1741293532
229947,234672,234875,4725,203,8,3600,24.275862069
229947,234661,234863,4714,202,8,3600,24.3366336634
229947,234600,234809,4653,209,8,3600,23.2631578947
229947,234606,234807,4659,201,8,3600,24.1791044776
229947,234477,234679,4530,202,8,3600,23.4257425743
229947,234483,234690,4536,207,8,3600,22.9130434783
229947,234459,234658,4512,199,8,3600,23.6733668342
229947,234448,234646,4501,198,8,3600,23.7323232323
229948,234645,234847,4697,202,8,3600,24.2524752475
229948,234701,234903,4753,202,8,3600,24.5297029703
229948,234618,234825,4670,207,8,3600,23.5603864734
229948,234623,234828,4675,205,8,3600,23.8048780488
229948,234634,234837,4686,203,8,3600,24.0837438424
229948,234639,234843,4691,204,8,3600,23.9950980392
229948,234650,234852,4702,202,8,3600,24.2772277228
229948,230012,232733,64,2721,2,18000,1.02352076442
229948,234678,234879,4730,201,8,3600,24.5323383085
229949,234818,235019,4869,201,8,3600,25.223880597
229949,234690,234890,4741,200,8,3600,24.705
229949,234829,235041,4880,212,8,3600,24.0188679245
229949,234840,235041,4891,201,8,3600,25.3333333333
229957,234858,235266,4901,408,8,3600,13.012254902
229957,234846,235255,4889,409,8,3600,12.9535452323
229957,234852,235255,4895,403,8,3600,13.1464019851
229958,234890,235310,4932,420,8,3600,12.7428571429
229958,234907,235316,4949,409,8,3600,13.1002444988
229958,234901,235310,4943,409,8,3600,13.0855745721
229958,234896,235309,4938,413,8,3600,12.9564164649
229958,234914,235327,4956,413,8,3600,13.0
229958,234863,235278,4905,415,8,3600,12.8192771084
229958,234885,235296,4927,411,8,3600,12.9878345499
229959,235030,235432,5071,402,8,3600,13.6144278607
229959,235051,235461,5092,410,8,3600,13.4195121951
229959,235056,235474,5097,418,8,3600,13.1937799043
229959,235254,235659,5295,405,8,3600,14.0740740741
229959,235308,235721,5349,413,8,3600,13.9515738499
229959,235259,235678,5300,419,8,3600,13.6491646778
229959,235291,235700,5332,409,8,3600,14.0366748166
229960,235493,235902,5533,409,8,3600,14.5281173594
229960,235462,235871,5502,409,8,3600,14.4523227384
229960,235371,235790,5411,419,8,3600,13.9140811456
229960,235350,235767,5390,417,8,3600,13.9256594724
229960,235345,235765,5385,420,8,3600,13.8214285714
229960,235335,235745,5375,410,8,3600,14.1097560976
229960,235313,235729,5353,416,8,3600,13.8677884615
229960,235340,235750,5380,410,8,3600,14.1219512195
229961,235711,236123,5750,412,8,3600,14.9563106796
229961,235500,235919,5539,419,8,3600,14.2195704057
229961,235690,236103,5729,413,8,3600,14.8716707022
229961,235525,235940,5564,415,8,3600,14.4072289157
229961,235590,235993,5629,403,8,3600,14.9677419355
229981,230017,232688,36,2671,2,18000,1.01347809809
229994,230078,230085,84,7,1,900,9.1
230009,230096,230443,87,347,14,89940,1.2507204611
230012,230117,230137,105,20,16,3600,6.25
230012,230122,230141,110,19,16,3600,6.78947368421
230012,230106,230126,94,20,16,3600,5.7
230012,230101,230120,89,19,16,3600,5.68421052632
230012,230111,230135,99,24,16,3600,5.125
230013,232212,232231,2199,19,16,3600,116.736842105
230013,232236,232257,2223,21,16,3600,106.857142857
230013,232243,232261,2230,18,16,3600,124.888888889
230013,232249,232268,2236,19,16,3600,118.684210526
230013,232254,232273,2241,19,16,3600,118.947368421
230013,232231,232250,2218,19,16,3600,117.736842105
230013,232266,232291,2253,25,16,3600,91.12
230014,232277,232296,2263,19,16,3600,120.105263158
230014,232283,232301,2269,18,16,3600,127.055555556
230014,232290,232308,2276,18,16,3600,127.444444444
230014,232301,232321,2287,20,16,3600,115.35
230014,232306,232326,2292,20,16,3600,115.6
230014,232312,232331,2298,19,16,3600,121.947368421
230014,232272,232291,2258,19,16,3600,119.842105263
230015,232338,232358,2323,20,16,3600,117.15
230015,232371,232394,2356,23,16,3600,103.434782609
230015,232366,232385,2351,19,16,3600,124.736842105
230015,232317,232342,2302,25,16,3600,93.08
230015,232322,232349,2307,27,16,3600,86.4444444444
230015,232350,232369,2335,19,16,3600,123.894736842
230015,232345,232364,2330,19,16,3600,123.631578947
230016,232381,232401,2365,20,16,3600,119.25
230016,232376,232398,2360,22,16,3600,108.272727273
230016,232333,232354,2317,21,16,3600,111.333333333
230016,232328,232355,2312,27,16,3600,86.6296296296
230024,232388,232421,2364,33,16,3600,72.6363636364
230024,232360,232390,2336,30,16,3600,78.8666666667
230024,232355,232386,2331,31,16,3600,76.1935483871
230025,232415,232446,2390,31,16,3600,78.0967741935
230025,232398,232431,2373,33,16,3600,72.9090909091
230025,232393,232423,2368,30,16,3600,79.9333333333
230025,232431,232461,2406,30,16,3600,81.2
230025,232426,232461,2401,35,16,3600,69.6
230025,232442,232473,2417,31,16,3600,78.9677419355
230025,232421,232450,2396,29,16,3600,83.6206896552
230025,232447,232479,2422,32,16,3600,76.6875
230026,232453,232483,2427,30,16,3600,81.9
230026,232469,232502,2443,33,16,3600,75.0303030303
230026,232475,232505,2449,30,16,3600,82.6333333333
230026,232480,232510,2454,30,16,3600,82.8
230026,232485,232515,2459,30,16,3600,82.9666666667
230026,232464,232498,2438,34,16,3600,72.7058823529
230026,232459,232490,2433,31,16,3600,79.4838709677
230027,232491,232522,2464,31,16,3600,80.4838709677
230027,232496,232527,2469,31,16,3600,80.6451612903
230027,232502,232532,2475,30,16,3600,83.5
230027,232507,232538,2480,31,16,3600,81.0
230027,232513,232546,2486,33,16,3600,76.3333333333
230027,232524,232554,2497,30,16,3600,84.2333333333
230027,232518,232551,2491,33,16,3600,76.4848484848
230028,232557,232588,2529,31,16,3600,82.5806451613
230028,232552,232582,2524,30,16,3600,85.1333333333
230028,232529,232559,2501,30,16,3600,84.3666666667
230028,232541,232572,2513,31,16,3600,82.064516129
230028,232562,232598,2534,36,16,3600,71.3888888889
230034,232568,232622,2534,54,16,3600,47.9259259259
230034,232584,232638,2550,54,16,3600,48.2222222222
230034,232611,232666,2577,55,16,3600,47.8545454545
230034,232606,232661,2572,55,16,3600,47.7636363636
230034,232578,232640,2544,62,16,3600,42.0322580645
230034,232573,232639,2539,66,16,3600,39.4696969697
230034,232601,232656,2567,55,16,3600,47.6727272727
230035,232661,232720,2626,59,16,3600,45.5084745763
230035,232667,232726,2632,59,16,3600,45.6101694915
230035,232622,232681,2587,59,16,3600,44.8474576271
230035,232656,232716,2621,60,16,3600,44.6833333333
230035,232639,232693,2604,54,16,3600,49.2222222222
230035,232650,232705,2615,55,16,3600,48.5454545455
230035,232627,232683,2592,56,16,3600,47.2857142857
230036,232673,232728,2637,55,16,3600,48.9454545455
230036,232709,232764,2673,55,16,3600,49.6
230036,232716,232771,2680,55,16,3600,49.7272727273
230036,232727,232788,2691,61,16,3600,45.1147540984
230036,232733,232791,2697,58,16,3600,47.5
230036,232679,232734,2643,55,16,3600,49.0545454545
230036,232692,232747,2656,55,16,3600,49.2909090909
230036,232698,232754,2662,56,16,3600,48.5357142857
230037,232772,232826,2735,54,16,3600,51.6481481481
230037,232788,232843,2751,55,16,3600,51.0181818182
230037,232783,232837,2746,54,16,3600,51.8518518519
230037,232744,232799,2707,55,16,3600,50.2181818182
230037,232749,232804,2712,55,16,3600,50.3090909091
230037,232765,232819,2728,54,16,3600,51.5185185185
230037,232777,232831,2740,54,16,3600,51.7407407407
230038,232800,232859,2762,59,16,3600,47.813559322
230043,232806,232916,2763,110,16,3600,26.1181818182
230043,232823,232928,2780,105,16,3600,27.4761904762
230043,232812,232918,2769,106,16,3600,27.1226415094
230044,232870,232985,2826,115,16,3600,25.5739130435
230044,232854,232959,2810,105,16,3600,27.7619047619
230044,232843,232947,2799,104,16,3600,27.9134615385
230044,232837,232942,2793,105,16,3600,27.6
230044,232831,232939,2787,108,16,3600,26.8055555556
230044,232859,232969,2815,110,16,3600,26.5909090909
230044,232933,233039,2889,106,16,3600,28.2547169811
230044,232927,233035,2883,108,16,3600,27.6944444444
230045,232962,233072,2917,110,16,3600,27.5181818182
230045,232979,233085,2934,106,16,3600,28.679245283
230045,232939,233045,2894,106,16,3600,28.3018867925
230045,232950,233056,2905,106,16,3600,28.4056603774
230045,232956,233063,2911,107,16,3600,28.2056074766
230045,233058,233164,3013,106,16,3600,29.4245283019
230045,232984,233089,2939,105,16,3600,28.9904761905
230045,230086,232865,41,2779,2,18000,1.01475350846
230046,233081,233191,3035,110,16,3600,28.5909090909
230046,233096,233201,3050,105,16,3600,30.0476190476
230046,233087,233190,3041,103,16,3600,30.5242718447
230046,233046,233157,3000,111,16,3600,28.027027027
230046,233075,233178,3029,103,16,3600,30.4077669903
230046,233052,233156,3006,104,16,3600,29.9038461538
230046,232997,233109,2951,112,16,3600,27.3482142857
230047,233167,233272,3120,105,16,3600,30.7142857143
230047,233102,233209,3055,107,16,3600,29.5514018692
230047,233173,233292,3126,119,16,3600,27.268907563
230047,233120,233232,3073,112,16,3600,28.4375
230047,233179,233293,3132,114,16,3600,28.4736842105
230055,233190,233400,3135,210,16,3600,15.9285714286
230055,233220,233434,3165,214,16,3600,15.7897196262
230055,233243,233461,3188,218,16,3600,15.623853211
230056,233201,233412,3145,211,16,3600,15.9052132701
230056,233207,233420,3151,213,16,3600,15.79342723
230056,233213,233426,3157,213,16,3600,15.8215962441
230056,233286,233495,3230,209,16,3600,16.4545454545
230057,233350,233561,3293,211,16,3600,16.6066350711
230057,233309,233522,3252,213,16,3600,16.2676056338
230057,233428,233640,3371,212,16,3600,16.9009433962
230057,233303,233521,3246,218,16,3600,15.8899082569
230057,233434,233654,3377,220,16,3600,16.35
230058,233440,233654,3382,214,16,3600,16.8037383178
230058,233508,233721,3450,213,16,3600,17.1971830986
230058,233472,233691,3414,219,16,3600,16.5890410959
230058,233446,233661,3388,215,16,3600,16.7581395349
230059,233670,233885,3611,215,16,3600,17.7953488372
230059,233676,233891,3617,215,16,3600,17.823255814
230059,233538,233757,3479,219,16,3600,16.8858447489
230059,233665,233875,3606,210,16,3600,18.1714285714
230059,233572,233786,3513,214,16,3600,17.4158878505
230059,233533,233743,3474,210,16,3600,17.5428571429
230059,233651,233869,3592,218,16,3600,17.4770642202
230060,233754,233966,3694,212,16,3600,18.4245283019
230060,233703,233921,3643,218,16,3600,17.7110091743
230060,233768,233987,3708,219,16,3600,17.9315068493
230060,233804,234013,3744,209,16,3600,18.9138755981
230060,233733,233945,3673,212,16,3600,18.3254716981
230060,233880,234086,3820,206,16,3600,19.5436893204
230060,233886,234097,3826,211,16,3600,19.1327014218
230062,230091,232725,29,2634,2,18000,1.01100987092
230083,230144,231016,61,872,2,10800,1.06995412844
230083,230133,232806,50,2673,2,18000,1.01870557426
230084,230155,230171,71,16,32,3600,5.4375
230084,230150,230165,66,15,32,3600,5.4
230084,230138,230153,54,15,32,3600,4.6
230084,230172,230186,88,14,32,3600,7.28571428571
230084,230166,230189,82,23,32,3600,4.5652173913
230084,230178,230192,94,14,32,3600,7.71428571429
230084,230184,230199,100,15,32,3600,7.66666666667
230085,230243,230257,158,14,32,3600,12.2857142857
230085,230237,230250,152,13,32,3600,12.6923076923
230085,230222,230237,137,15,32,3600,10.1333333333
230085,230203,230225,118,22,32,3600,6.36363636364
230085,230208,230228,123,20,32,3600,7.15
230085,230197,230210,112,13,32,3600,9.61538461538
230085,230214,230233,129,19,32,3600,7.78947368421
230086,230272,230286,186,14,32,3600,14.2857142857
230086,230254,230268,168,14,32,3600,13.0
230086,230259,230275,173,16,32,3600,11.8125
230086,230266,230283,180,17,32,3600,11.5882352941
230086,230279,230292,193,13,32,3600,15.8461538462
230086,230287,230301,201,14,32,3600,15.3571428571
230086,230294,230308,208,14,32,3600,15.8571428571
230087,230300,230314,213,14,32,3600,16.2142857143
230087,230306,230321,219,15,32,3600,15.6
230087,230313,230327,226,14,32,3600,17.1428571429
230087,230319,230333,232,14,32,3600,17.5714285714
230087,230330,230344,243,14,32,3600,18.3571428571
230087,230336,230350,249,14,32,3600,18.7857142857
230087,230342,230356,255,14,32,3600,19.2142857143
230088,230359,230373,271,14,32,3600,20.3571428571
230088,230353,230372,265,19,32,3600,14.9473684211
230093,230365,230385,272,20,32,3600,14.6
230093,230371,230392,278,21,32,3600,14.2380952381
230093,230383,230403,290,20,32,3600,15.5
230094,230439,230460,345,21,32,3600,17.4285714286
230094,230389,230410,295,21,32,3600,15.0476190476
230094,230397,230422,303,25,32,3600,13.12
230094,230403,230424,309,21,32,3600,15.7142857143
230094,230414,230434,320,20,32,3600,17.0
230094,230421,230442,327,21,32,3600,16.5714285714
230094,230433,230453,339,20,32,3600,17.95
230095,230502,230522,407,20,32,3600,21.35
230095,230457,230480,362,23,32,3600,16.7391304348
230095,230491,230513,396,22,32,3600,19.0
230095,230471,230492,376,21,32,3600,18.9047619048
230095,230464,230491,369,27,32,3600,14.6666666667
230095,230477,230501,382,24,32,3600,16.9166666667
230095,230445,230465,350,20,32,3600,18.5
230096,230563,230593,467,30,32,3600,16.5666666667
230096,230558,230579,462,21,32,3600,23.0
230096,230546,230567,450,21,32,3600,22.4285714286
230096,230533,230565,437,32,32,3600,14.65625
230096,230526,230547,430,21,32,3600,21.4761904762
230096,230520,230547,424,27,32,3600,16.7037037037
230096,230513,230535,417,22,32,3600,19.9545454545
230097,230595,230616,498,21,32,3600,24.7142857143
230097,230624,230645,527,21,32,3600,26.0952380952
230097,230616,230636,519,20,32,3600,26.95
230097,230578,230605,481,27,32,3600,18.8148148148
230097,230583,230612,486,29,32,3600,17.7586206897
230097,230604,230632,507,28,32,3600,19.1071428571
230108,230690,230725,582,35,32,3600,17.6285714286
230108,230649,230683,541,34,32,3600,16.9117647059
230108,230643,230678,535,35,32,3600,16.2857142857
230108,230630,230664,522,34,32,3600,16.3529411765
230108,230675,230708,567,33,32,3600,18.1818181818
230108,230696,230729,588,33,32,3600,18.8181818182
230108,230656,230691,548,35,32,3600,16.6571428571
230109,230764,230802,655,38,32,3600,18.2368421053
230109,230702,230737,593,35,32,3600,17.9428571429
230109,230748,230783,639,35,32,3600,19.2571428571
230109,230787,230822,678,35,32,3600,20.3714285714
230109,230736,230778,627,42,32,3600,15.9285714286
230109,230742,230775,633,33,32,3600,20.1818181818
230109,230719,230753,610,34,32,3600,18.9411764706
230110,230833,230873,723,40,32,3600,19.075
230110,230814,230856,704,42,32,3600,17.7619047619
230110,230799,230834,689,35,32,3600,20.6857142857
230110,230793,230833,683,40,32,3600,18.075
230110,230844,230884,734,40,32,3600,19.35
230110,230867,230900,757,33,32,3600,23.9393939394
230110,230850,230885,740,35,32,3600,22.1428571429
230111,230884,230917,773,33,32,3600,24.4242424242
230111,230916,230950,805,34,32,3600,24.6764705882
230111,230930,230963,819,33,32,3600,25.8181818182
230111,230940,230975,829,35,32,3600,24.6857142857
230111,230895,230929,784,34,32,3600,24.0588235294
230111,230953,230990,842,37,32,3600,23.7567567568
230111,230901,230942,790,41,32,3600,20.2682926829
230112,230962,231000,850,38,32,3600,23.3684210526
230112,230974,231007,862,33,32,3600,27.1212121212
230117,231001,231065,884,64,32,3600,14.8125
230117,230987,231053,870,66,32,3600,14.1818181818
230117,231018,231077,901,59,32,3600,16.2711864407
230117,231012,231072,895,60,32,3600,15.9166666667
230118,231065,231128,947,63,32,3600,16.0317460317
230118,231076,231140,958,64,32,3600,15.96875
230118,231083,231142,965,59,32,3600,17.3559322034
230118,231089,231149,971,60,32,3600,17.1833333333
230118,231140,231203,1022,63,32,3600,17.2222222222
230118,231151,231213,1033,62,32,3600,17.6612903226
230118,231157,231217,1039,60,32,3600,18.3166666667
230119,231198,231262,1079,64,32,3600,17.859375
230119,231214,231276,1095,62,32,3600,18.6612903226
230119,231230,231295,1111,65,32,3600,18.0923076923
230119,231163,231222,1044,59,32,3600,18.6949152542
230119,231224,231288,1105,64,32,3600,18.265625
230120,231236,231301,1116,65,32,3600,18.1692307692
230120,231273,231332,1153,59,32,3600,20.5423728814
230120,231288,231352,1168,64,32,3600,19.25
230120,231299,231362,1179,63,32,3600,19.7142857143
230120,231306,231366,1186,60,32,3600,20.7666666667
230121,231363,231426,1242,63,32,3600,20.7142857143
230121,231312,231372,1191,60,32,3600,20.85
230121,231343,231406,1222,63,32,3600,20.3968253968
230122,231437,231505,1315,68,32,3600,20.3382352941
230122,231379,231447,1257,68,32,3600,19.4852941176
230122,231385,231455,1263,70,32,3600,19.0428571429
230122,231418,231478,1296,60,32,3600,22.6
230122,231448,231511,1326,63,32,3600,22.0476190476
230122,231373,231436,1251,63,32,3600,20.8571428571
230129,231466,231577,1337,111,32,3600,13.045045045
230129,231522,231639,1393,117,32,3600,12.905982906
230129,231516,231638,1387,122,32,3600,12.368852459
230129,231494,231611,1365,117,32,3600,12.6666666667
230129,231458,231571,1329,113,32,3600,12.7610619469
230130,231710,231827,1580,117,32,3600,14.5042735043
230130,231582,231695,1452,113,32,3600,13.8495575221
230130,231660,231777,1530,117,32,3600,14.0769230769
230130,231649,231772,1519,123,32,3600,13.3495934959
230130,231622,231735,1492,113,32,3600,14.203539823
230130,231588,231706,1458,118,32,3600,13.3559322034
230130,231746,231862,1616,116,32,3600,14.9310344828
230131,231844,231958,1713,114,32,3600,16.0263157895
230131,231838,231949,1707,111,32,3600,16.3783783784
230131,231911,232027,1780,116,32,3600,16.3448275862
230131,231873,231986,1742,113,32,3600,16.4159292035
230131,231918,232037,1787,119,32,3600,16.0168067227
230131,231783,231900,1652,117,32,3600,15.1196581197
230131,231789,231907,1658,118,32,3600,15.0508474576
230131,231717,231829,1586,112,32,3600,15.1607142857
230132,231961,232073,1829,112,32,3600,17.3303571429
230132,232103,232219,1971,116,32,3600,17.9913793103
230132,232084,232196,1952,112,32,3600,18.4285714286
230132,232048,232163,1916,115,32,3600,17.6608695652
230132,231997,232108,1865,111,32,3600,17.8018018018
230132,232038,232155,1906,117,32,3600,17.2905982906
230132,231973,232092,1841,119,32,3600,16.4705882353
230133,232174,232293,2041,119,32,3600,18.1512605042
230133,232124,232237,1991,113,32,3600,18.6194690265
230133,232166,232283,2033,117,32,3600,18.3760683761
230144,230161,233054,17,2893,2,18000,1.00587625302
230241,230249,232957,8,2708,2,18000,1.00295420975
230311,230325,233053,14,2728,2,18000,1.00513196481
230337,230348,233113,11,2765,2,18000,1.00397830018
230394,230408,230422,14,14,1,259200,2.0
230441,230451,230460,10,9,1,900,1.9
230465,232207,232579,1742,372,14,89940,5.68279569892
230499,230508,233269,9,2761,2,18000,1.00325968852
230505,231027,231040,522,13,1,259200,41.1538461538
230566,230572,233454,6,2882,2,18000,1.00208188758
230582,230589,233390,7,2801,2,18000,1.00249910746
230717,230727,233551,10,2824,2,18000,1.00354107649
230758,230770,233412,12,2642,2,18000,1.00454201363
230902,230910,233592,8,2682,2,18000,1.00298284862
230918,230924,233787,6,2863,2,18000,1.00209570381
231053,231059,241870,6,10811,2,21600,1.00055499029
231118,231127,233826,9,2699,2,18000,1.00333456836
231158,232002,232715,844,713,2,10800,2.18373071529
231185,231192,234129,7,2937,2,18000,1.00238338441
231482,231489,234249,7,2760,2,18000,1.00253623188
231645,231655,234429,10,2774,2,18000,1.00360490267
231695,231704,234610,9,2906,2,18000,1.00309704061
231721,232259,232272,538,13,1,7200,42.3846153846
231729,231739,234567,10,2828,2,18000,1.00353606789
231811,231819,234472,8,2653,2,18000,1.0030154542
231840,231850,234597,10,2747,2,18000,1.00364033491
231894,231904,234726,10,2822,2,18000,1.00354358611
231914,231924,234649,10,2725,2,18000,1.00366972477
231939,231946,234711,7,2765,2,18000,1.00253164557
231955,231967,234815,12,2848,2,18000,1.00421348315
231971,231980,234746,9,2766,2,18000,1.0032537961
232062,232071,234771,9,2700,2,18000,1.00333333333
232109,232118,234967,9,2849,2,18000,1.00315900316
232125,232131,234856,6,2725,2,18000,1.00220183486
232188,232194,234811,6,2617,2,18000,1.00229270157
232203,232218,234990,15,2772,2,18000,1.00541125541
232285,232296,234990,11,2694,2,18000,1.00408314774
232342,232546,232551,204,5,8,7200,20.9
232384,232405,235165,21,2760,2,18000,1.00760869565
232385,232410,234996,25,2586,2,18000,1.00966744006
232416,232437,232441,21,4,4,432000,2.5
232526,232535,232539,9,4,4,432000,1.3
232565,232590,235389,25,2799,2,18000,1.00893176134
232577,232633,232639,56,6,1,900,6.2
232580,232595,235379,15,2784,2,18000,1.00538793103
232598,232617,232961,19,344,14,89940,1.05523255814
232662,232684,232688,22,4,2,432000,2.6
232690,232704,235448,14,2744,2,18000,1.00510204082
232728,232739,235421,11,2682,2,18000,1.00410141685
232744,232755,235572,11,2817,2,18000,1.00390486333
232745,232760,235435,15,2675,2,18000,1.00560747664
232808,232818,235589,10,2771,2,18000,1.00360880549
232836,232848,236292,12,3444,2,432000,1.00348432056
232869,232876,235459,7,2583,2,18000,1.0027100271
232959,232973,232980,14,7,1,900,2.1
232959,232968,235712,9,2744,2,18000,1.00327988338
232975,232991,233339,16,348,14,89940,1.04597701149
233056,233064,235858,8,2794,2,18000,1.00286327845
233057,233070,235969,13,2899,2,18000,1.00448430493
233115,233126,235956,11,2830,2,18000,1.0038869258
233273,233280,236048,7,2768,2,18000,1.00252890173
233336,233342,233347,6,5,1,900,1.1
233350,233411,233790,61,379,14,89940,1.16094986807
233392,233401,236142,9,2741,2,18000,1.00328347318
233415,233423,236082,8,2659,2,18000,1.00300864987
233455,233465,236113,10,2648,2,18000,1.00377643505
233495,233502,234297,7,795,2,10800,1.00880503145
233552,233562,236230,10,2668,2,18000,1.00374812594
233593,233603,236375,10,2772,2,18000,1.00360750361
233730,233927,236085,197,2158,8,7200,1.09128822984
233787,233793,233798,6,5,1,900,1.1
233789,233799,236621,10,2822,2,18000,1.00354358611
233803,233810,234123,7,313,14,89940,1.02236421725
233831,233838,236636,7,2798,2,18000,1.00250178699
233845,233896,271868,51,37972,4,180000,1.00134309491
233853,233901,290326,48,56425,4,180000,1.00085068675
233857,233906,304887,49,70981,4,180000,1.00069032558
233861,233911,265734,50,31823,4,180000,1.00157119065
233864,233917,303576,53,69659,4,180000,1.00076084928
233868,233922,310518,54,76596,4,180000,1.00070499765
233961,233968,235456,7,1488,2,10800,1.00470430108
234121,234323,234328,202,5,1,900,20.7
234135,234160,234475,25,315,14,89940,1.07936507937
234140,234155,236982,15,2827,2,18000,1.00530597807
234260,234271,236904,11,2633,2,18000,1.00417774402
234441,234454,237267,13,2813,2,18000,1.00462140064
234473,234488,234494,15,6,1,900,2.1
234478,234494,237294,16,2800,2,18000,1.00571428571
234487,234499,234852,12,353,14,89940,1.03399433428
234549,234555,238173,6,3618,2,3600,1.00165837479
234570,234579,237401,9,2822,2,18000,1.0031892275
234599,234612,237393,13,2781,2,18000,1.00467457749
234615,234629,237381,14,2752,2,18000,1.0050872093
234645,234656,235514,11,858,2,10800,1.01282051282
234648,235360,235361,712,1,1,72000,71.3
234648,235355,235356,707,1,1,72000,70.8
234648,235296,235297,648,1,1,72000,64.9
234648,235323,235324,675,1,1,72000,67.6
234649,235424,235425,775,1,1,72000,77.6
234649,235429,235430,780,1,1,72000,78.1
234650,235445,235446,795,1,1,72000,79.6
234650,235440,235441,790,1,1,72000,79.1
234651,234667,237342,16,2675,2,18000,1.00598130841
234715,234723,237595,8,2872,2,18000,1.00278551532
234731,234737,237610,6,2873,2,18000,1.00208840933
234749,234757,237452,8,2695,2,18000,1.00296846011
234775,234783,237532,8,2749,2,18000,1.00291014915
234813,234824,237695,11,2871,2,18000,1.00383141762
234828,234835,237687,7,2852,2,18000,1.00245441795
234849,234868,234874,19,6,1,900,2.5
234860,234874,237508,14,2634,2,18000,1.0053151101
234863,234879,235242,16,363,14,89940,1.04407713499
234968,234978,237612,10,2634,2,18000,1.00379650721
234985,235264,235277,279,13,1,7200,22.4615384615
234996,235002,237714,6,2712,2,18000,1.00221238938
234998,235008,237678,10,2670,2,18000,1.00374531835
234999,235013,237789,14,2776,2,18000,1.00504322767
235167,235176,237910,9,2734,2,18000,1.00329188003
235240,235246,235253,6,7,1,900,1.3
235254,235286,236697,32,1411,2,10800,1.0226789511
235256,235281,235575,25,294,14,89940,1.08503401361
235381,235393,238107,12,2714,2,18000,1.00442151805
235398,235414,238195,16,2781,2,18000,1.00575332614
235429,235435,238237,6,2802,2,18000,1.00214132762
235447,235457,238311,10,2854,2,18000,1.00350385424
235464,235483,238333,19,2850,2,18000,1.00666666667
235465,235488,238304,23,2816,2,18000,1.00816761364
235573,235595,235601,22,6,1,900,2.8
235574,235584,238275,10,2691,2,18000,1.00371609067
235594,235601,238287,7,2686,2,18000,1.00260610573
235599,235671,235986,72,315,14,89940,1.22857142857
235714,235723,238364,9,2641,2,18000,1.00340780008
235746,235757,239064,11,3307,2,36000,1.00332627759
235746,235752,236949,6,1197,2,10800,1.00501253133
235860,235869,238700,9,2831,2,18000,1.00317908866
235959,235967,238811,8,2844,2,18000,1.00281293952
235976,235982,238743,6,2761,2,18000,1.00217312568
235983,235989,235996,6,7,1,900,1.3
236004,236010,236326,6,316,14,89940,1.01898734177
236051,236059,238901,8,2842,2,18000,1.00281491907
236083,236093,238898,10,2805,2,18000,1.00356506239
236090,236099,236102,9,3,2,360000,1.2
236115,236124,238737,9,2613,2,18000,1.00344431688
236144,236153,238975,9,2822,2,18000,1.0031892275
236171,236177,236194,6,17,1,7200,1.35294117647
236224,236230,236987,6,757,1,3600,1.00792602378
236235,236241,238974,6,2733,2,18000,1.00219538968
236279,236285,237345,6,1060,2,10800,1.00566037736
236322,236328,236335,6,7,1,900,1.3
236326,236334,236346,8,12,1,7200,1.66666666667
236336,236342,236686,6,344,14,89940,1.01744186047
236377,236386,239137,9,2751,2,18000,1.00327153762
236535,236541,236554,6,13,1,7200,1.46153846154
236633,236639,239342,6,2703,2,18000,1.00221975583
236641,236647,236652,6,5,1,7200,1.1
236650,236656,239397,6,2741,2,18000,1.00218898212
236684,236690,236698,6,8,1,900,1.4
236698,236704,237054,6,350,14,89940,1.01714285714
236707,236713,236718,6,5,1,7200,1.1
236774,236780,236916,6,136,1,7200,1.04411764706
236818,236824,236826,6,2,1,72000,1.0
236818,236834,236835,16,1,1,72000,1.7
236818,236839,236841,21,2,1,72000,2.3
236818,236829,236870,11,41,1,72000,1.26829268293
236819,236887,236889,68,2,1,72000,7.0
236819,236845,236971,26,126,1,72000,1.20634920635
236819,236872,237045,53,173,1,72000,1.3063583815
236819,236856,237053,37,197,1,72000,1.18781725888
236819,236861,237139,42,278,1,72000,1.15107913669
236819,236882,237202,63,320,1,72000,1.196875
236819,236877,237022,58,145,1,72000,1.4
236819,236866,236917,47,51,1,72000,1.92156862745
236820,236892,236893,72,1,1,72000,7.3
236820,236908,236909,88,1,1,72000,8.9
236820,236913,236914,93,1,1,72000,9.4
236820,236934,236935,114,1,1,72000,11.5
236820,236928,236930,108,2,1,72000,11.0
236820,236897,236967,77,70,1,72000,2.1
236820,236923,236925,103,2,1,72000,10.5
236820,236918,236989,98,71,1,72000,2.38028169014
236820,236902,237109,82,207,1,72000,1.3961352657
236821,236939,236940,118,1,1,72000,11.9
236821,236944,236945,123,1,1,72000,12.4
236821,236954,236955,133,1,1,72000,13.4
236821,236949,237030,128,81,1,72000,2.58024691358
236842,236851,237569,9,718,2,10800,1.01253481894
236907,236961,239541,54,2580,2,18000,1.02093023256
236984,236994,239771,10,2777,2,18000,1.00360100828
237051,237058,237067,7,9,1,900,1.6
237065,237072,237390,7,318,14,89940,1.02201257862
237270,237278,240045,8,2767,2,18000,1.00289121793
237296,237305,239931,9,2626,2,18000,1.0034272658
237355,237361,240156,6,2795,2,18000,1.00214669052
237385,237397,240145,12,2748,2,18000,1.00436681223
237386,237391,238197,5,806,2,10800,1.00620347395
237388,237402,237413,14,11,1,900,2.27272727273
237401,237408,240241,7,2833,2,18000,1.00247087893
237405,237414,237705,9,291,14,89940,1.03092783505
237418,237424,240175,6,2751,2,18000,1.00218102508
237420,237430,237443,10,13,1,86400,1.76923076923
237455,237463,240050,8,2587,2,18000,1.003092385
237477,237483,260916,6,23433,1,259200,1.00025604916
237510,237519,240240,9,2721,2,18000,1.0033076075
237530,237536,244508,6,6972,1,86400,1.0008605852
237537,237542,240250,5,2708,2,18000,1.00184638109
237600,237606,240368,6,2762,2,18000,1.00217233888
237617,237623,240351,6,2728,2,18000,1.00219941349
237618,237629,240443,11,2814,2,18000,1.0039090263
237683,237689,240453,6,2764,2,18000,1.002170767
237701,237707,240574,6,2867,2,18000,1.00209277991
237702,237713,240388,11,2675,2,18000,1.00411214953
237703,237718,237727,15,9,1,900,2.4
237720,237725,240383,5,2658,2,18000,1.00188111362
237729,237735,238074,6,339,14,89940,1.01769911504
237791,237800,240584,9,2784,2,18000,1.00323275862
237913,237921,240786,8,2865,2,18000,1.00279232112
238071,238077,238085,6,8,1,900,1.4
238086,238092,238441,6,349,14,89940,1.01719197708
238109,238118,240892,9,2774,2,18000,1.0032444124
238198,238206,240867,8,2661,2,18000,1.00300638858
238205,238212,239664,7,1452,4,39599,1.00482093664
238205,238227,239765,22,1538,4,39599,1.01430429129
238205,238222,277835,17,39613,4,39599,1.00042915205
238205,238217,277830,12,39613,4,39599,1.00030293086
238206,238232,277869,26,39637,4,39599,1.00065595277
238240,238248,241004,8,2756,2,18000,1.00290275762
238278,238286,241163,8,2877,2,18000,1.00278067431
238295,238301,240987,6,2686,2,18000,1.00223380491
238312,238318,241074,6,2756,2,18000,1.00217706821
238313,238324,241098,11,2774,2,18000,1.00396539293
238337,238344,241036,7,2692,2,18000,1.00260029718
238367,238375,241188,8,2813,2,18000,1.00284393886
238440,238446,238455,6,9,1,900,1.5
238456,238462,238769,6,307,14,89940,1.01954397394
238704,238712,241435,8,2723,2,18000,1.0029379361
238740,238748,241631,8,2883,2,18000,1.00277488727
238756,238763,241518,7,2755,2,18000,1.00254083485
238767,238773,238782,6,9,1,900,1.5
238781,238787,239138,6,351,14,89940,1.01709401709
238815,238823,241502,8,2679,2,18000,1.00298618888
238898,238909,241591,11,2682,2,18000,1.00410141685
238919,238925,241797,6,2872,2,18000,1.00208913649
238978,238985,241786,7,2801,2,18000,1.00249910746
238979,238991,241765,12,2774,2,18000,1.0043258832
239064,239070,261202,6,22132,1,180000,1.00027110067
239064,239085,419121,21,180036,1,180000,1.00011664334
239064,239075,250756,11,11681,1,180000,1.0009417002
239064,239080,264684,16,25604,1,180000,1.00062490236
239134,239140,239155,6,15,1,900,1.4
239140,239148,241893,8,2745,2,18000,1.0029143898
239143,239154,275199,11,36045,2,36000,1.00030517409
239155,239161,239520,6,359,14,89940,1.01671309192
239344,239354,242125,10,2771,2,18000,1.00360880549
239400,239408,242251,8,2843,2,18000,1.00281392895
239518,239524,239534,6,10,1,900,1.6
239531,239537,239852,6,315,14,89940,1.01904761905
239543,239553,242364,10,2811,2,18000,1.00355745286
239582,239588,239589,6,1,1,72000,1.0
239610,239616,249467,6,9851,12,72000,1.00060907522
239671,239677,239678,6,1,1,72000,1.0
239777,239783,242537,6,2754,2,18000,1.00217864924
239808,239814,239843,6,29,1,72000,1.20689655172
239850,239856,239866,6,10,1,900,1.6
239864,239870,240233,6,363,14,89940,1.01652892562
239936,239942,242590,6,2648,2,18000,1.00226586103
239996,240002,279617,6,39615,4,39599,1.00015145778
239996,240012,279623,16,39611,4,39599,1.0004039282
239996,240007,279630,11,39623,4,39599,1.00027761654
239997,240017,279622,20,39605,4,39599,1.00050498674
240048,240057,242936,9,2879,2,18000,1.00312608545
240066,240072,242836,6,2764,2,18000,1.002170767
240148,240156,243034,8,2878,2,18000,1.00277970813
240165,240172,243032,7,2860,2,18000,1.00244755245
240183,240189,242960,6,2771,2,18000,1.00216528329
240230,240236,240251,6,15,1,900,1.4
240243,240252,243094,9,2842,2,18000,1.00316678395
240245,240257,243114,12,2857,2,18000,1.00420021001
240255,240263,240620,8,357,14,89940,1.02240896359
240263,240269,243005,6,2736,2,18000,1.00219298246
240358,240363,243227,5,2864,2,18000,1.00174581006
240378,240384,243209,6,2825,2,18000,1.00212389381
240395,240401,243169,6,2768,2,18000,1.00216763006
240396,240407,243048,11,2641,2,18000,1.00416508898
240446,240454,243291,8,2837,2,18000,1.00281988016
240462,240468,243211,6,2743,2,18000,1.00218738607
240576,240585,243396,9,2811,2,18000,1.00320170758
240594,240600,243458,6,2858,2,18000,1.00209937019
240618,240624,240636,6,12,1,900,1.5
240632,240638,240983,6,345,14,89940,1.01739130435
240791,240797,243525,6,2728,2,18000,1.00219941349
240863,240874,241240,11,366,1,72000,1.03005464481
240863,240901,241901,38,1000,1,72000,1.038
240863,240884,241022,21,138,1,72000,1.15217391304
240863,240868,240890,5,22,1,72000,1.22727272727
240863,240906,241611,43,705,1,72000,1.0609929078
240863,240895,240942,32,47,1,72000,1.68085106383
240863,240879,240950,16,71,1,72000,1.22535211268
240864,240937,241971,73,1034,1,72000,1.07059961315
240864,240942,241082,78,140,1,72000,1.55714285714
240864,240947,242293,83,1346,1,72000,1.06166419019
240864,240927,288460,63,47533,1,72000,1.00132539499
240864,240916,241391,52,475,1,72000,1.10947368421
240864,240932,241645,68,713,1,72000,1.095371669
240864,240921,275796,57,34875,1,72000,1.0016344086
240864,240911,240965,47,54,1,72000,1.87037037037
240865,240973,241234,108,261,1,72000,1.41379310345
240865,240984,241255,119,271,1,72000,1.43911439114
240865,240968,242128,103,1160,1,72000,1.08879310345
240865,240958,241130,93,172,1,72000,1.54069767442
240865,240989,246368,124,5379,1,72000,1.02305261201
240865,240994,241473,129,479,1,72000,1.26931106472
240865,240963,241473,98,510,1,72000,1.19215686275
240865,240979,241261,114,282,1,72000,1.40425531915
240865,240953,241011,88,58,1,72000,2.51724137931
240866,240999,241175,133,176,1,72000,1.75568181818
240872,240890,243771,18,2881,2,18000,1.00624783061
240893,241005,243772,112,2767,2,18000,1.04047705096
240919,241021,246625,102,5604,2,36000,1.0182012848
240980,241026,241046,46,20,1,900,3.3
240991,241010,243906,19,2896,2,18000,1.00656077348
240996,241016,241299,20,283,14,89940,1.07067137809
241026,241032,243846,6,2814,2,18000,1.00213219616
241043,241049,243926,6,2877,2,18000,1.00208550574
241076,241085,243823,9,2738,2,18000,1.00328707085
241103,241109,243713,6,2604,2,18000,1.00230414747
241173,241179,243966,6,2787,2,18000,1.00215285253
241193,241200,243790,7,2590,2,18000,1.0027027027
241292,241298,241316,6,18,1,900,1.33333333333
241307,241314,241600,7,286,14,89940,1.02447552448
241440,241447,244289,7,2842,2,18000,1.00246305419
241505,241513,244407,8,2894,2,18000,1.00276434001
241522,241529,244386,7,2857,2,18000,1.00245012251
241593,241603,244569,10,2966,2,18000,1.00337154417
241598,241608,241617,10,9,1,900,1.9
241611,241617,241967,6,350,14,89940,1.01714285714
241632,241643,244500,11,2857,2,18000,1.00385019251
241767,241777,244596,10,2819,2,18000,1.00354735722
241790,241798,244453,8,2655,2,18000,1.00301318267
241808,241814,244599,6,2785,2,18000,1.00215439856
241899,241905,244729,6,2824,2,18000,1.00212464589
241965,241971,241983,6,12,1,900,1.5
241981,241987,242372,6,385,14,89940,1.01558441558
242128,242136,244816,8,2680,2,18000,1.00298507463
242253,242263,245130,10,2867,2,18000,1.00348796652
242367,242375,245159,8,2784,2,18000,1.00287356322
242369,242380,242389,11,9,1,900,2.0
242393,242399,242777,6,378,14,89940,1.01587301587
242540,242549,245278,9,2729,2,18000,1.00329791132
242593,242601,245489,8,2888,2,18000,1.0027700831
242774,242780,242788,6,8,1,900,1.4
242791,242797,243110,6,313,14,89940,1.01916932907
242838,242847,245517,9,2670,2,18000,1.00337078652
242940,242948,245766,8,2818,2,18000,1.00283889283
242963,242971,245604,8,2633,2,18000,1.00303835929
243008,243017,245737,9,2720,2,18000,1.00330882353
243036,243043,245893,7,2850,2,18000,1.00245614035
243038,243049,245854,11,2805,2,18000,1.00392156863
243054,243060,245859,6,2799,2,18000,1.00214362272
243096,243106,245830,10,2724,2,18000,1.00367107195
243108,243114,243123,6,9,1,900,1.5
243116,243125,246009,9,2884,2,18000,1.00312066574
243121,243131,243430,10,299,14,89940,1.03344481605
243171,243180,245889,9,2709,2,18000,1.00332225914
243215,243221,245974,6,2753,2,18000,1.00217944061
243217,243228,246055,11,2827,2,18000,1.00389105058
243233,243239,245940,6,2701,2,18000,1.00222139948
243293,243302,245999,9,2697,2,18000,1.00333704116
243399,243407,246099,8,2692,2,18000,1.0029717682
243429,243435,243447,6,12,1,900,1.5
243444,243450,243730,6,280,14,89940,1.02142857143
243462,243469,246359,7,2890,2,18000,1.00242214533
243526,243536,246239,10,2703,2,18000,1.00369959304
243715,243724,246459,9,2735,2,18000,1.00329067642
243728,243734,243749,6,15,1,900,1.4
243743,243749,244066,6,317,14,89940,1.01892744479
243775,243782,246610,7,2828,2,18000,1.00247524752
243777,243788,246508,11,2720,2,18000,1.00404411765
243792,243801,246683,9,2882,2,18000,1.00312283137
243825,243834,246665,9,2831,2,18000,1.00317908866
243847,243857,246594,10,2737,2,18000,1.00365363537
243909,243917,246675,8,2758,2,18000,1.00290065265
243931,243938,246770,7,2832,2,18000,1.00247175141
243970,243977,246724,7,2747,2,18000,1.00254823444
244064,244070,244077,6,7,1,900,1.3
244078,244084,244443,6,359,14,89940,1.01671309192
244290,244300,246946,10,2646,2,18000,1.00377928949
244389,244397,247171,8,2774,2,18000,1.00288392213
244408,244418,247199,10,2781,2,18000,1.00359582884
244441,244447,244457,6,10,1,900,1.6
244455,244464,247256,9,2792,2,18000,1.0032234957
244461,244470,244822,9,352,14,89940,1.02556818182
244493,244499,244521,6,22,1,86400,1.27272727273
244502,244512,247266,10,2754,2,18000,1.00363108206
244573,244580,247444,7,2864,2,18000,1.00244413408
244600,244607,247423,7,2816,2,18000,1.00248579545
244601,244613,247366,12,2753,2,18000,1.00435888122
244734,244741,247592,7,2851,2,18000,1.00245527885
244819,244826,244839,7,13,1,900,1.53846153846
244822,244832,247659,10,2827,2,18000,1.00353731871
244834,244840,245193,6,353,14,89940,1.01699716714
245010,245017,380766,7,135749,1,259200,1.00005156576
245132,245141,247864,9,2723,2,18000,1.00330517811
245163,245175,247916,12,2741,2,18000,1.00437796425
245163,245169,265990,6,20821,1,86400,1.0002881706
245191,245197,245206,6,9,1,900,1.5
245205,245211,245523,6,312,14,89940,1.01923076923
245281,245290,247954,9,2664,2,18000,1.00337837838
245404,245415,245426,11,11,1,86400,2.0
245493,245500,248371,7,2871,2,18000,1.00243817485
245499,245506,245645,7,139,1,86400,1.05035971223
245520,245532,248392,12,2860,2,18000,1.0041958042
245521,245526,245535,5,9,1,900,1.4
245534,245541,245821,7,280,14,89940,1.025
245605,245616,248386,11,2770,2,18000,1.00397111913
245740,245748,248506,8,2758,2,18000,1.00290065265
245768,245777,248485,9,2708,2,18000,1.00332348597
245819,245825,245834,6,9,1,900,1.5
245832,245846,248669,14,2823,2,18000,1.0049592632
245833,245840,246187,7,347,14,89940,1.02017291066
245859,245865,248843,6,2978,2,18000,1.00201477502
245860,245871,248569,11,2698,2,18000,1.00407709414
245890,245900,248484,10,2584,2,18000,1.00386996904
245906,245912,248720,6,2808,2,18000,1.00213675214
245943,245951,248704,8,2753,2,18000,1.00290592081
245976,245986,248794,10,2808,2,18000,1.00356125356
246005,246011,248857,6,2846,2,18000,1.00210822207
246023,246029,248897,6,2868,2,18000,1.00209205021
246064,246070,248909,6,2839,2,18000,1.00211342022
246100,246111,248941,11,2830,2,18000,1.0038869258
246185,246191,246200,6,9,1,900,1.5
246199,246205,246520,6,315,14,89940,1.01904761905
246244,246249,249046,5,2797,2,18000,1.0017876296
246363,246371,249210,8,2839,2,18000,1.00281789362
246462,246470,249227,8,2757,2,18000,1.00290170475
246510,246519,249382,9,2863,2,18000,1.00314355571
246518,246525,246533,7,8,1,900,1.5
246532,246539,246853,7,314,14,89940,1.02229299363
246599,246605,249403,6,2798,2,18000,1.00214438885
246616,246622,249352,6,2730,2,18000,1.0021978022
246670,246676,249528,6,2852,2,18000,1.00210378682
246687,246693,249500,6,2807,2,18000,1.00213751336
246688,246699,249492,11,2793,2,18000,1.00393841747
246727,246735,249401,8,2666,2,18000,1.00300075019
246772,246781,249639,9,2858,2,18000,1.00314905528
246851,246857,246867,6,10,1,900,1.6
246868,246874,247229,6,355,14,89940,1.01690140845
246948,246957,249685,9,2728,2,18000,1.00329912023
247175,247182,250058,7,2876,2,18000,1.00243393602
247202,247210,250079,8,2869,2,18000,1.00278842802
247222,247228,247236,6,8,1,900,1.4
247237,247244,247637,7,393,14,89940,1.01781170483
247260,247268,249978,8,2710,2,18000,1.00295202952
247276,247282,250063,6,2781,2,18000,1.0021574973
247369,247378,250238,9,2860,2,18000,1.00314685315
247427,247434,250156,7,2722,2,18000,1.0025716385
247449,247454,250269,5,2815,2,18000,1.00177619893
247595,247603,250465,8,2862,2,18000,1.00279524808
247634,247640,247648,6,8,1,900,1.4
247648,247654,247937,6,283,14,89940,1.02120141343
247662,247671,250336,9,2665,2,18000,1.00337711069
247868,247875,250628,7,2753,2,18000,1.00254268071
247920,247927,250813,7,2886,2,18000,1.00242550243
247935,247941,247952,6,11,1,900,1.54545454545
247950,247957,248308,7,351,14,89940,1.01994301994
247955,247966,250842,11,2876,2,18000,1.00382475661
248017,248023,252427,6,4404,8,7200,1.00136239782
248125,248132,250448,7,2316,8,7200,1.0030224525
248305,248311,248325,6,14,1,900,1.42857142857
248325,248331,248607,6,276,14,89940,1.02173913043
248375,248383,251117,8,2734,2,18000,1.00292611558
248394,248400,251176,6,2776,2,18000,1.00216138329
248395,248406,251227,11,2821,2,18000,1.00389932648
248488,248495,251271,7,2776,2,18000,1.00252161383
248490,248501,251326,11,2825,2,18000,1.00389380531
248511,248517,251303,6,2786,2,18000,1.00215362527
248524,248530,248531,6,1,2,300,1.0
248572,248581,251251,9,2670,2,18000,1.00337078652
248606,248612,248619,6,7,1,900,1.3
248620,248626,248918,6,292,14,89940,1.02054794521
248671,248681,251445,10,2764,2,18000,1.00361794501
248709,248715,251477,6,2762,2,18000,1.00217233888
248725,248731,251599,6,2868,2,18000,1.00209205021
248801,248808,251665,7,2857,2,18000,1.00245012251
248848,248854,251737,6,2883,2,18000,1.00208116545
248865,248871,251672,6,2801,2,18000,1.00214209211
248900,248908,251756,8,2848,2,18000,1.00280898876
248916,248922,248934,6,12,1,900,1.5
248918,248928,251746,10,2818,2,18000,1.00354861604
248930,248936,249253,6,317,14,89940,1.01892744479
248946,248952,251757,6,2805,2,18000,1.00213903743
249050,249060,251753,10,2693,2,18000,1.00371333086
249212,249221,251974,9,2753,2,18000,1.00326916092
249232,249238,251993,6,2755,2,18000,1.00217785844
249251,249257,249266,6,9,1,900,1.5
249261,249267,249402,6,135,14,89940,1.04444444444
249357,249363,252075,6,2712,2,18000,1.00221238938
249383,249393,252140,10,2747,2,18000,1.00364033491
249408,249414,252128,6,2714,2,18000,1.00221075903
249409,249420,252180,11,2760,2,18000,1.00398550725
249496,249503,252338,7,2835,2,18000,1.0024691358
249514,249520,252271,6,2751,2,18000,1.00218102508
249532,249539,252232,7,2693,2,18000,1.0025993316
249641,249650,252485,9,2835,2,18000,1.00317460317
249687,249696,252551,9,2855,2,18000,1.00315236427
249981,249990,252639,9,2649,2,18000,1.00339750849
250063,250069,252748,6,2679,2,18000,1.00223964166
250065,250075,252736,10,2661,2,18000,1.00375798572
250083,250090,252835,7,2745,2,18000,1.00255009107
250157,250167,252923,10,2756,2,18000,1.00362844702
250252,250258,252943,6,2685,2,18000,1.00223463687
250273,250280,253057,7,2777,2,18000,1.0025207058
250341,250347,253244,6,2897,2,18000,1.00207110804
250468,250476,253257,8,2781,2,18000,1.00287666307
250634,250640,253279,6,2639,2,18000,1.00227358848
250814,250824,253619,10,2795,2,18000,1.00357781753
250843,250853,253581,10,2728,2,18000,1.00366568915
251120,251129,253958,9,2829,2,18000,1.00318133616
251179,251187,253870,8,2683,2,18000,1.00298173686
251232,251237,254069,5,2832,2,18000,1.00176553672
251253,251263,254094,10,2831,2,18000,1.00353232073
251272,251283,254127,11,2844,2,18000,1.00386779184
251305,251314,254031,9,2717,2,18000,1.003312477
251330,251337,254016,7,2679,2,18000,1.00261291527
251447,251456,254052,9,2596,2,18000,1.00346687211
251479,251489,254227,10,2738,2,18000,1.00365230095
251604,251610,254289,6,2679,2,18000,1.00223964166
251666,251676,254348,10,2672,2,18000,1.00374251497
251683,251689,254415,6,2726,2,18000,1.00220102715
251738,251748,254598,10,2850,2,18000,1.00350877193
251760,251766,254505,6,2739,2,18000,1.0021905805
251761,251772,254483,11,2711,2,18000,1.00405754334
251762,251777,254550,15,2773,2,18000,1.005409304
251764,251782,254582,18,2800,2,18000,1.00642857143
251978,251985,254667,7,2682,2,18000,1.00260999254
251998,252004,254870,6,2866,2,18000,1.00209351012
252079,252086,254915,7,2829,2,18000,1.00247437257
252135,252141,254970,6,2829,2,18000,1.00212089077
252151,252157,254865,6,2708,2,18000,1.00221565731
252186,252193,255018,7,2825,2,18000,1.00247787611
252235,252243,254992,8,2749,2,18000,1.00291014915
252274,252282,255216,8,2934,2,18000,1.00272665303
252340,252349,255142,9,2793,2,18000,1.00322234157
252488,252496,255316,8,2820,2,18000,1.00283687943
252553,252562,255459,9,2897,2,18000,1.00310666206
252640,252650,255505,10,2855,2,18000,1.00350262697
252738,252747,255412,9,2665,2,18000,1.00337711069
252755,252761,255524,6,2763,2,18000,1.00217155266
252839,252846,255602,7,2756,2,18000,1.00253991292
252926,252934,255751,8,2817,2,18000,1.0028399006
252943,252955,255651,12,2696,2,18000,1.00445103858
253062,253068,255909,6,2841,2,18000,1.00211193242
253257,253263,256037,6,2774,2,18000,1.0021629416
253258,253269,256070,11,2801,2,18000,1.00392716887
253283,253290,256024,7,2734,2,18000,1.00256035113
253517,253523,257968,6,4445,8,7200,1.00134983127
253584,253592,256457,8,2865,2,18000,1.00279232112
253622,253630,256447,8,2817,2,18000,1.0028399006
253871,253881,256688,10,2807,2,18000,1.00356252227
253961,253970,256675,9,2705,2,18000,1.0033271719
254018,254027,256865,9,2838,2,18000,1.00317124736
254036,254042,256762,6,2720,2,18000,1.00220588235
254058,254063,256737,5,2674,2,18000,1.00186985789
254076,254082,256846,6,2764,2,18000,1.002170767
254097,254106,256958,9,2852,2,18000,1.00315568022
254132,254138,256927,6,2789,2,18000,1.00215130871
254232,254239,256804,7,2565,2,18000,1.00272904483
254291,254300,257182,9,2882,2,18000,1.00312283137
254353,254359,257030,6,2671,2,18000,1.00224634968
254418,254427,257193,9,2766,2,18000,1.0032537961
254488,254494,257254,6,2760,2,18000,1.00217391304
254517,254523,257226,6,2703,2,18000,1.00221975583
254554,254561,257337,7,2776,2,18000,1.00252161383
254561,254567,254573,6,6,2,300,1.2
254584,254593,257309,9,2716,2,18000,1.00331369661
254591,254599,254628,8,29,2,300,1.27586206897
254600,254609,257403,9,2794,2,18000,1.00322118826
254650,254656,254688,6,32,2,360,1.1875
254672,254677,257326,5,2649,2,18000,1.00188750472
254710,254716,254962,6,246,2,300,1.0243902439
254869,254876,257562,7,2686,2,18000,1.00260610573
254886,254892,257514,6,2622,2,18000,1.00228832952
254919,254927,257782,8,2855,2,18000,1.00280210158
254981,254987,255004,6,17,2,300,1.35294117647
254983,254993,257781,10,2788,2,18000,1.00358680057
255000,255006,257680,6,2674,2,18000,1.00224382947
255019,255025,255054,6,29,2,300,1.20689655172
255022,255031,257808,9,2777,2,18000,1.00324090745
255069,255075,255110,6,35,2,300,1.17142857143
255127,255133,255474,6,341,2,360,1.01759530792
255146,255153,257906,7,2753,2,18000,1.00254268071
255220,255227,258006,7,2779,2,18000,1.00251889169
255319,255328,258077,9,2749,2,18000,1.00327391779
255416,255423,258106,7,2683,2,18000,1.00260901975
255465,255471,258277,6,2806,2,18000,1.00213827512
255489,255495,255543,6,48,2,360,1.125
255512,255518,258222,6,2704,2,18000,1.00221893491
255533,255540,258344,7,2804,2,18000,1.00249643367
255609,255615,258363,6,2748,2,18000,1.00218340611
255653,255662,258390,9,2728,2,18000,1.00329912023
255756,255762,258611,6,2849,2,18000,1.00210600211
255911,255920,258616,9,2696,2,18000,1.00333827893
256031,256037,258893,6,2856,2,18000,1.00210084034
256049,256055,258972,6,2917,2,18000,1.00205690778
256072,256081,258901,9,2820,2,18000,1.00319148936
256450,256459,259255,9,2796,2,18000,1.00321888412
256467,256473,259285,6,2812,2,18000,1.00213371266
256680,256686,259534,6,2848,2,18000,1.00210674157
256696,256702,259495,6,2793,2,18000,1.00214822771
256738,256748,259427,10,2679,2,18000,1.0037327361
256764,256773,259478,9,2705,2,18000,1.0033271719
256810,256817,259638,7,2821,2,18000,1.00248138958
256854,256860,259682,6,2822,2,18000,1.00212615167
256871,256878,259692,7,2814,2,18000,1.00248756219
256929,256938,259607,9,2669,2,18000,1.00337204946
256961,256970,259740,9,2770,2,18000,1.00324909747
257036,257042,259672,6,2630,2,18000,1.00228136882
257124,257130,260968,6,3838,1,36000,1.00156331423
257185,257193,259932,8,2739,2,18000,1.00292077401
257201,257207,260036,6,2829,2,18000,1.00212089077
257230,257237,259999,7,2762,2,18000,1.00253439537
257260,257266,260072,6,2806,2,18000,1.00213827512
257326,257333,259984,7,2651,2,18000,1.00264051301
257328,257339,260030,11,2691,2,18000,1.00408769974
257345,257351,260069,6,2718,2,18000,1.00220750552
257405,257414,260399,9,2985,2,18000,1.00301507538
257517,257526,260232,9,2706,2,18000,1.00332594235
257564,257574,260491,10,2917,2,18000,1.00342817964
257682,257691,260564,9,2873,2,18000,1.00313261399
257790,257796,260585,6,2789,2,18000,1.00215130871
257791,257802,260652,11,2850,2,18000,1.00385964912
257815,257821,260436,6,2615,2,18000,1.00229445507
257909,257917,260776,8,2859,2,18000,1.00279818118
258009,258017,260785,8,2768,2,18000,1.00289017341
258083,258089,260859,6,2770,2,18000,1.00216606498
258111,258117,260979,6,2862,2,18000,1.00209643606
258224,258233,260883,9,2650,2,18000,1.00339622642
258279,258288,260956,9,2668,2,18000,1.00337331334
258347,258356,261146,9,2790,2,18000,1.00322580645
258367,258375,261204,8,2829,2,18000,1.00282785437
258394,258401,261110,7,2709,2,18000,1.00258397933
258616,258622,261328,6,2706,2,18000,1.0022172949
258633,258639,261403,6,2764,2,18000,1.002170767
258734,258740,258805,6,65,2,3540,1.09230769231
258896,258904,261554,8,2650,2,18000,1.00301886792
258911,258918,261673,7,2755,2,18000,1.00254083485
258975,258983,261862,8,2879,2,18000,1.00277874262
259259,259266,262139,7,2873,2,18000,1.00243647755
259288,259296,262072,8,2776,2,18000,1.00288184438
259431,259438,262360,7,2922,2,18000,1.00239561944
259481,259489,262374,8,2885,2,18000,1.0027729636
259498,259507,262290,9,2783,2,18000,1.00323392023
259536,259545,262276,9,2731,2,18000,1.00329549616
259604,259618,262451,14,2833,2,18000,1.00494175785
259639,259649,262384,10,2735,2,18000,1.00365630713
259674,259684,262560,10,2876,2,18000,1.00347705146
259692,259698,262338,6,2640,2,18000,1.00227272727
259693,259704,262498,11,2794,2,18000,1.00393700787
259742,259751,262648,9,2897,2,18000,1.00310666206
259938,259944,262655,6,2711,2,18000,1.00221320546
259986,259995,262825,9,2830,2,18000,1.00318021201
260003,260010,262855,7,2845,2,18000,1.00246045694
260034,260042,262687,8,2645,2,18000,1.00302457467
260051,260057,262790,6,2733,2,18000,1.00219538968
260071,260080,262605,9,2525,2,18000,1.00356435644
260087,260094,262810,7,2716,2,18000,1.00257731959
260235,260244,262960,9,2716,2,18000,1.00331369661
260401,260410,263049,9,2639,2,18000,1.00341038272
260438,260447,263200,9,2753,2,18000,1.00326916092
260493,260503,263148,10,2645,2,18000,1.00378071834
260567,260575,263376,8,2801,2,18000,1.00285612281
260588,260596,263436,8,2840,2,18000,1.00281690141
260657,260723,263542,66,2819,2,18000,1.02341255764
260779,260787,263587,8,2800,2,18000,1.00285714286
260796,260802,263708,6,2906,2,18000,1.00206469374
260862,260870,263693,8,2823,2,18000,1.00283386468
260885,260895,263693,10,2798,2,18000,1.00357398142
260960,260967,263861,7,2894,2,18000,1.00241879751
260983,260991,263686,8,2695,2,18000,1.00296846011
261112,261121,263890,9,2769,2,18000,1.00325027086
261151,261157,263940,6,2783,2,18000,1.00215594682
261205,261215,263988,10,2773,2,18000,1.00360620267
261331,261339,264170,8,2831,2,18000,1.00282585659
261408,261414,264160,6,2746,2,18000,1.00218499636
261556,261565,264451,9,2886,2,18000,1.00311850312
261675,261684,264476,9,2792,2,18000,1.0032234957
261873,261879,264694,6,2815,2,18000,1.00213143872
262076,262083,264899,7,2816,2,18000,1.00248579545
262143,262150,264827,7,2677,2,18000,1.00261486739
262280,262287,265089,7,2802,2,18000,1.00249821556
262297,262303,265018,6,2715,2,18000,1.00220994475
262342,262349,264992,7,2643,2,18000,1.00264850549
262367,262373,265027,6,2654,2,18000,1.00226073851
262385,262391,265152,6,2761,2,18000,1.00217312568
262386,262397,265180,11,2783,2,18000,1.00395256917
262455,262463,265282,8,2819,2,18000,1.00283788578
262501,262509,265359,8,2850,2,18000,1.00280701754
262562,262571,265300,9,2729,2,18000,1.00329791132
262609,262616,265357,7,2741,2,18000,1.00255381248
262649,262659,265477,10,2818,2,18000,1.00354861604
262666,262672,265389,6,2717,2,18000,1.002208318
262692,262698,265520,6,2822,2,18000,1.00212615167
262793,262801,265621,8,2820,2,18000,1.00283687943
262813,262821,265639,8,2818,2,18000,1.00283889283
262830,262836,265605,6,2769,2,18000,1.00216684724
262856,262866,265587,10,2721,2,18000,1.00367511944
262962,262971,265684,9,2713,2,18000,1.00331736086
263053,263060,265912,7,2852,2,18000,1.00245441795
263152,263160,266040,8,2880,2,18000,1.00277777778
263201,263211,265937,10,2726,2,18000,1.00366837858
263380,263388,266162,8,2774,2,18000,1.00288392213
263440,263447,266244,7,2797,2,18000,1.00250268144
263546,263553,266229,7,2676,2,18000,1.00261584454
263593,263599,266428,6,2829,2,18000,1.00212089077
263690,263697,266442,7,2745,2,18000,1.00255009107
263707,263713,266510,6,2797,2,18000,1.00214515552
263708,263719,266547,11,2828,2,18000,1.00388967468
263724,263730,266408,6,2678,2,18000,1.00224047797
263863,263872,266690,9,2818,2,18000,1.00319375444
263892,263901,266751,9,2850,2,18000,1.00315789474
263944,263951,266746,7,2795,2,18000,1.00250447227
263992,263999,266888,7,2889,2,18000,1.00242298373
264162,264172,266964,10,2792,2,18000,1.00358166189
264179,264185,266961,6,2776,2,18000,1.00216138329
264452,264462,267086,10,2624,2,18000,1.00381097561
264479,264487,267273,8,2786,2,18000,1.00287150036
264697,264705,267444,8,2739,2,18000,1.00292077401
264831,264838,267715,7,2877,2,18000,1.00243309002
264904,264910,267690,6,2780,2,18000,1.00215827338
264996,265003,267826,7,2823,2,18000,1.0024796316
265022,265030,267742,8,2712,2,18000,1.00294985251
265038,265044,267868,6,2824,2,18000,1.00212464589
265091,265100,267960,9,2860,2,18000,1.00314685315
265156,265163,267858,7,2695,2,18000,1.0025974026
265184,265191,267987,7,2796,2,18000,1.00250357654
265285,265294,268111,9,2817,2,18000,1.00319488818
265304,265311,268225,7,2914,2,18000,1.00240219629
265359,265374,268262,15,2888,2,18000,1.00519390582
265361,265368,268182,7,2814,2,18000,1.00248756219
265393,265401,268117,8,2716,2,18000,1.0029455081
265481,265488,268312,7,2824,2,18000,1.00247875354
265522,265531,268422,9,2891,2,18000,1.00311310965
265590,265598,268478,8,2880,2,18000,1.00277777778
265607,265616,268266,9,2650,2,18000,1.00339622642
265622,265633,268387,11,2754,2,18000,1.00399419027
265642,265650,268400,8,2750,2,18000,1.00290909091
265686,265696,268461,10,2765,2,18000,1.00361663653
265914,265923,268638,9,2715,2,18000,1.00331491713
265941,265948,268764,7,2816,2,18000,1.00248579545
266046,266052,268869,6,2817,2,18000,1.00212992545
266167,266173,268962,6,2789,2,18000,1.00215130871
266234,266240,268970,6,2730,2,18000,1.0021978022
266250,266256,268917,6,2661,2,18000,1.00225479143
266410,266419,269222,9,2803,2,18000,1.00321084552
266433,266440,269052,7,2612,2,18000,1.00267993874
266449,266455,269279,6,2824,2,18000,1.00212464589
266513,266521,269302,8,2781,2,18000,1.00287666307
266551,266559,269249,8,2690,2,18000,1.0029739777
266693,266701,269547,8,2846,2,18000,1.00281096275
266747,266757,269463,10,2706,2,18000,1.0036954915
266764,266770,269510,6,2740,2,18000,1.00218978102
266892,266899,269762,7,2863,2,18000,1.00244498778
266964,266971,269788,7,2817,2,18000,1.00248491303
266966,266978,269658,12,2680,2,18000,1.00447761194
267090,267097,269873,7,2776,2,18000,1.00252161383
267275,267285,270036,10,2751,2,18000,1.0036350418
267365,267371,425968,6,158597,1,432000,1.00003783174
267448,267455,270306,7,2851,2,18000,1.00245527885
267693,267701,270397,8,2696,2,18000,1.00296735905
267718,267726,270532,8,2806,2,18000,1.0028510335
267743,267753,270641,10,2888,2,18000,1.00346260388
267779,267785,268300,6,515,1,432000,1.01165048544
267829,267837,270589,8,2752,2,18000,1.00290697674
267861,267870,270620,9,2750,2,18000,1.00327272727
267877,267883,270731,6,2848,2,18000,1.00210674157
267962,267971,270718,9,2747,2,18000,1.00327630142
267990,267999,270718,9,2719,2,18000,1.00331004046
268114,268122,270825,8,2703,2,18000,1.00295967444
268131,268137,270845,6,2708,2,18000,1.00221565731
268183,268193,270781,10,2588,2,18000,1.00386398764
268227,268236,271095,9,2859,2,18000,1.00314795383
268264,268273,270989,9,2716,2,18000,1.00331369661
268280,268286,271068,6,2782,2,18000,1.00215672178
268314,268323,271059,9,2736,2,18000,1.00328947368
268363,268369,455434,6,187065,1,432000,1.00003207441
268388,268398,271215,10,2817,2,18000,1.00354987575
268405,268411,271204,6,2793,2,18000,1.00214822771
268424,268434,271239,10,2805,2,18000,1.00356506239
268448,268454,451817,6,183363,1,432000,1.00003272198
268465,268473,271291,8,2818,2,18000,1.00283889283
268482,268489,271228,7,2739,2,18000,1.00255567725
268640,268649,271531,9,2882,2,18000,1.00312283137
268767,268776,271528,9,2752,2,18000,1.00327034884
268872,268881,271542,9,2661,2,18000,1.00338218715
268922,268927,271691,5,2764,2,18000,1.0018089725
268967,268973,271854,6,2881,2,18000,1.0020826102
268983,268989,271793,6,2804,2,18000,1.00213980029
269055,269063,271689,8,2626,2,18000,1.00304645849
269224,269233,271877,9,2644,2,18000,1.00340393343
269253,269260,271959,7,2699,2,18000,1.00259355317
269282,269290,272168,8,2878,2,18000,1.00277970813
269305,269313,272045,8,2732,2,18000,1.00292825769
269465,269474,272297,9,2823,2,18000,1.00318809777
269514,269522,272213,8,2691,2,18000,1.00297287254
269551,269558,272430,7,2872,2,18000,1.00243732591
269662,269668,272552,6,2884,2,18000,1.00208044383
269765,269773,272497,8,2724,2,18000,1.00293685756
269791,269799,272458,8,2659,2,18000,1.00300864987
269875,269885,272556,10,2671,2,18000,1.00374391614
270038,270047,272935,9,2888,2,18000,1.00311634349
270309,270317,273164,8,2847,2,18000,1.00280997541
270397,270408,273241,11,2833,2,18000,1.00388280974
270538,270544,273381,6,2837,2,18000,1.00211491012
270591,270600,273292,9,2692,2,18000,1.00334323923
270624,270631,273392,7,2761,2,18000,1.00253531329
270644,270652,273412,8,2760,2,18000,1.00289855072
270721,270730,273597,9,2867,2,18000,1.00313916986
270723,270735,273352,12,2617,2,18000,1.00458540313
270739,270745,273525,6,2780,2,18000,1.00215827338
270784,270793,273468,9,2675,2,18000,1.00336448598
270827,270836,273444,9,2608,2,18000,1.00345092025
270847,270856,273612,9,2756,2,18000,1.00326560232
270993,271000,273725,7,2725,2,18000,1.00256880734
271062,271070,273970,8,2900,2,18000,1.00275862069
271078,271085,273906,7,2821,2,18000,1.00248138958
271100,271106,273923,6,2817,2,18000,1.00212992545
271210,271215,273934,5,2719,2,18000,1.00183891136
271227,271233,273969,6,2736,2,18000,1.00219298246
271244,271250,273992,6,2742,2,18000,1.00218818381
271245,271256,273934,11,2678,2,18000,1.00410754294
271293,271303,274129,10,2826,2,18000,1.00353857042
271531,271539,274375,8,2836,2,18000,1.00282087447
271548,271554,274377,6,2823,2,18000,1.00212539851
271549,271560,274262,11,2702,2,18000,1.00407105848
271692,271699,274394,7,2695,2,18000,1.0025974026
271693,271706,274487,13,2781,2,18000,1.00467457749
271798,271804,274589,6,2785,2,18000,1.00215439856
271859,271866,274714,7,2848,2,18000,1.00245786517
271879,271889,274630,10,2741,2,18000,1.00364830354
271960,271970,274615,10,2645,2,18000,1.00378071834
272048,272056,274886,8,2830,2,18000,1.00282685512
272173,272179,274870,6,2691,2,18000,1.0022296544
272218,272224,275036,6,2812,2,18000,1.00213371266
272300,272308,275169,8,2861,2,18000,1.0027962251
272440,272446,275232,6,2786,2,18000,1.00215362527
272460,272469,275303,9,2834,2,18000,1.00317572336
272504,272510,275384,6,2874,2,18000,1.00208768267
272555,272563,275372,8,2809,2,18000,1.00284798861
272571,272577,275402,6,2825,2,18000,1.00212389381
272937,272947,275820,10,2873,2,18000,1.00348068221
273167,273175,275859,8,2684,2,18000,1.00298062593
273245,273251,275951,6,2700,2,18000,1.00222222222
273296,273303,276051,7,2748,2,18000,1.00254730713
273356,273363,275989,7,2626,2,18000,1.00266565118
273383,273392,276168,9,2776,2,18000,1.00324207493
273400,273406,276298,6,2892,2,18000,1.0020746888
273416,273423,276159,7,2736,2,18000,1.00255847953
273445,273455,276329,10,2874,2,18000,1.00347947112
273470,273479,276200,9,2721,2,18000,1.0033076075
273528,273537,276184,9,2647,2,18000,1.00340007556
273601,273608,276297,7,2689,2,18000,1.00260319821
273616,273623,276372,7,2749,2,18000,1.0025463805
273727,273736,276629,9,2893,2,18000,1.00311095748
273908,273917,276679,9,2762,2,18000,1.00325850833
273925,273934,276836,9,2902,2,18000,1.00310130944
273942,273948,276663,6,2715,2,18000,1.00220994475
273943,273954,276863,11,2909,2,18000,1.00378136817
273974,273980,276758,6,2778,2,18000,1.00215982721
273975,273986,276680,11,2694,2,18000,1.00408314774
273995,274003,276776,8,2773,2,18000,1.00288496213
274133,274140,276922,7,2782,2,18000,1.00251617541
274267,274273,277166,6,2893,2,18000,1.00207397166
274378,274386,277141,8,2755,2,18000,1.00290381125
274380,274392,277197,12,2805,2,18000,1.00427807487
274396,274405,277223,9,2818,2,18000,1.00319375444
274492,274498,277212,6,2714,2,18000,1.00221075903
274591,274600,277429,9,2829,2,18000,1.00318133616
274618,274626,277424,8,2798,2,18000,1.00285918513
274634,274641,277250,7,2609,2,18000,1.00268302031
274716,274725,277616,9,2891,2,18000,1.00311310965
274873,274881,277736,8,2855,2,18000,1.00280210158
274889,274897,277717,8,2820,2,18000,1.00283687943
275039,275047,277751,8,2704,2,18000,1.00295857988
275171,275180,277882,9,2702,2,18000,1.00333086603
275237,275242,278015,5,2773,2,18000,1.00180310133
275311,275317,277982,6,2665,2,18000,1.00225140713
275374,275383,278262,9,2879,2,18000,1.00312608545
275391,275397,278175,6,2778,2,18000,1.00215982721
275407,275413,278272,6,2859,2,18000,1.00209863589
275821,275831,278600,10,2769,2,18000,1.00361141206
275863,275870,278704,7,2834,2,18000,1.00247000706
275953,275962,278714,9,2752,2,18000,1.00327034884
275991,276000,278677,9,2677,2,18000,1.00336197236
276063,276070,278848,7,2778,2,18000,1.00251979842
276168,276174,279007,6,2833,2,18000,1.00211789622
276185,276191,278990,6,2799,2,18000,1.00214362272
276186,276197,279098,11,2901,2,18000,1.00379179593
276203,276212,279000,9,2788,2,18000,1.00322812052
276299,276308,279099,9,2791,2,18000,1.00322465066
276300,276314,279124,14,2810,2,18000,1.00498220641
276334,276340,279092,6,2752,2,18000,1.00218023256
276375,276383,279095,8,2712,2,18000,1.00294985251
276633,276641,279528,8,2887,2,18000,1.0027710426
276664,276674,279479,10,2805,2,18000,1.00356506239
276682,276690,279477,8,2787,2,18000,1.00287047004
276683,276696,279472,13,2776,2,18000,1.00468299712
276762,276769,279434,7,2665,2,18000,1.00262664165
276778,276787,279488,9,2701,2,18000,1.00333209922
276841,276847,279702,6,2855,2,18000,1.00210157618
276867,276874,279564,7,2690,2,18000,1.00260223048
276924,276933,279834,9,2901,2,18000,1.00310237849
277144,277152,279934,8,2782,2,18000,1.00287562904
277170,277177,279961,7,2784,2,18000,1.00251436782
277199,277208,279986,9,2778,2,18000,1.00323974082
277216,277223,280000,7,2777,2,18000,1.0025207058
277231,277238,279873,7,2635,2,18000,1.00265654649
277254,277261,279933,7,2672,2,18000,1.00261976048
277426,277435,280203,9,2768,2,18000,1.00325144509
277443,277449,280211,6,2762,2,18000,1.00217233888
277617,277627,280346,10,2719,2,18000,1.00367782273
277719,277729,280495,10,2766,2,18000,1.00361532899
277738,277747,280442,9,2695,2,18000,1.00333951763
277754,277763,280514,9,2751,2,18000,1.00327153762
277885,277894,280647,9,2753,2,18000,1.00326916092
277987,277993,280815,6,2822,2,18000,1.00212615167
278018,278027,280762,9,2735,2,18000,1.00329067642
278179,278186,281053,7,2867,2,18000,1.00244157656
278265,278273,281015,8,2742,2,18000,1.00291757841
278281,278287,281078,6,2791,2,18000,1.00214976711
278605,278612,281411,7,2799,2,18000,1.00250089318
278681,278688,281385,7,2697,2,18000,1.00259547646
278708,278715,281468,7,2753,2,18000,1.00254268071
278723,278730,281486,7,2756,2,18000,1.00253991292
278852,278860,281762,8,2902,2,18000,1.0027567195
278992,279002,281730,10,2728,2,18000,1.00366568915
279009,279015,281741,6,2726,2,18000,1.00220102715
279010,279021,281707,11,2686,2,18000,1.00409530901
279096,279103,281965,7,2862,2,18000,1.00244584207
279097,279109,281888,12,2779,2,18000,1.00431810004
279115,279122,281901,7,2779,2,18000,1.00251889169
279117,279128,281720,11,2592,2,18000,1.00424382716
279134,279140,282033,6,2893,2,18000,1.00207397166
279439,279446,282283,7,2837,2,18000,1.00246739514
279477,279483,282156,6,2673,2,18000,1.00224466891
279495,279501,282376,6,2875,2,18000,1.00208695652
279496,279507,282256,11,2749,2,18000,1.00400145507
279497,279512,282379,15,2867,2,18000,1.00523194977
279530,279539,282402,9,2863,2,18000,1.00314355571
279566,279575,282449,9,2874,2,18000,1.00313152401
279712,279718,282578,6,2860,2,18000,1.0020979021
279836,279845,282450,9,2605,2,18000,1.00345489443
279875,279884,282590,9,2706,2,18000,1.00332594235
279937,279944,282802,7,2858,2,18000,1.00244926522
279938,279950,282770,12,2820,2,18000,1.00425531915
279965,279973,282871,8,2898,2,18000,1.0027605245
279988,279997,282830,9,2833,2,18000,1.00317684433
280004,280011,282707,7,2696,2,18000,1.00259643917
280207,280214,283039,7,2825,2,18000,1.00247787611
280225,280231,282961,6,2730,2,18000,1.0021978022
280350,280357,283131,7,2774,2,18000,1.00252343187
280446,280453,283334,7,2881,2,18000,1.00242971191
280499,280506,283287,7,2781,2,18000,1.00251708019
280516,280525,283205,9,2680,2,18000,1.00335820896
280650,280659,283426,9,2767,2,18000,1.00325262017
280765,280774,283491,9,2717,2,18000,1.003312477
280818,280826,283566,8,2740,2,18000,1.00291970803
280829,280835,280938,6,103,1,1800,1.05825242718
281018,281026,283738,8,2712,2,18000,1.00294985251
281058,281065,283760,7,2695,2,18000,1.0025974026
281083,281089,283940,6,2851,2,18000,1.00210452473
281234,281240,281341,6,101,1,1800,1.05940594059
281389,281396,284168,7,2772,2,18000,1.00252525253
281415,281422,284173,7,2751,2,18000,1.00254452926
281473,281478,284277,5,2799,2,18000,1.00178635227
281491,281497,284274,6,2777,2,18000,1.00216060497
281711,281718,284519,7,2801,2,18000,1.00249910746
281730,281737,284497,7,2760,2,18000,1.00253623188
281747,281754,284522,7,2768,2,18000,1.00252890173
281749,281760,284512,11,2752,2,18000,1.00399709302
281765,281773,284488,8,2715,2,18000,1.002946593
281891,281899,284764,8,2865,2,18000,1.00279232112
281907,281914,284558,7,2644,2,18000,1.00264750378
281932,281938,282386,6,448,1,1800,1.01339285714
281967,281976,284765,9,2789,2,18000,1.00322696307
282035,282044,284845,9,2801,2,18000,1.00321313816
282160,282167,284934,7,2767,2,18000,1.00252981568
282261,282267,285035,6,2768,2,18000,1.00216763006
282287,282295,285131,8,2836,2,18000,1.00282087447
282379,282387,285165,8,2778,2,18000,1.00287976962
282380,282393,285210,13,2817,2,18000,1.00461483848
282413,282419,285074,6,2655,2,18000,1.00225988701
282451,282460,285190,9,2730,2,18000,1.0032967033
282453,282466,285246,13,2780,2,18000,1.00467625899
282583,282590,285359,7,2769,2,18000,1.00252798844
282601,282607,285510,6,2903,2,18000,1.00206682742
282709,282718,285429,9,2711,2,18000,1.00331980819
282772,282781,285577,9,2796,2,18000,1.00321888412
282805,282813,285530,8,2717,2,18000,1.002944424
282832,282842,285542,10,2700,2,18000,1.0037037037
282875,282882,285592,7,2710,2,18000,1.00258302583
282963,282972,285660,9,2688,2,18000,1.00334821429
283043,283050,285821,7,2771,2,18000,1.00252616384
283134,283142,285951,8,2809,2,18000,1.00284798861
283209,283217,286022,8,2805,2,18000,1.00285204991
283302,283308,286135,6,2827,2,18000,1.00212239123
283336,283345,286145,9,2800,2,18000,1.00321428571
283429,283437,286262,8,2825,2,18000,1.00283185841
283500,283506,286305,6,2799,2,18000,1.00214362272
283570,283577,286422,7,2845,2,18000,1.00246045694
283747,283753,286498,6,2745,2,18000,1.00218579235
283764,283772,286569,8,2797,2,18000,1.00286020737
283944,283951,286762,7,2811,2,18000,1.002490217
284041,284047,284091,6,44,1,1800,1.13636363636
284180,284186,286954,6,2768,2,18000,1.00216763006
284181,284192,286899,11,2707,2,18000,1.00406353897
284280,284287,287074,7,2787,2,18000,1.00251166128
284282,284293,287046,11,2753,2,18000,1.00399564112
284413,284419,284494,6,75,1,1800,1.08
284492,284499,287340,7,2841,2,18000,1.00246392115
284512,284518,287416,6,2898,2,18000,1.00207039337
284530,284536,287357,6,2821,2,18000,1.00212690535
284531,284542,287261,11,2719,2,18000,1.004045605
284532,284547,287394,15,2847,2,18000,1.0052687039
284563,284569,287330,6,2761,2,18000,1.00217312568
284767,284775,287431,8,2656,2,18000,1.00301204819
284768,284781,287660,13,2879,2,18000,1.00451545676
284852,284858,287723,6,2865,2,18000,1.00209424084
284938,284945,287794,7,2849,2,18000,1.00245700246
285036,285046,287812,10,2766,2,18000,1.00361532899
285077,285085,287946,8,2861,2,18000,1.0027962251
285133,285143,287830,10,2687,2,18000,1.00372162263
285168,285177,287956,9,2779,2,18000,1.00323857503
285194,285201,288060,7,2859,2,18000,1.00244840853
285214,285221,287911,7,2690,2,18000,1.00260223048
285251,285257,288024,6,2767,2,18000,1.00216841344
285341,285347,285589,6,242,1,1800,1.02479338843
285362,285371,288217,9,2846,2,18000,1.0031623331
285432,285440,288304,8,2864,2,18000,1.00279329609
285512,285521,288361,9,2840,2,18000,1.00316901408
285532,285542,288359,10,2817,2,18000,1.00354987575
285548,285553,288359,5,2806,2,18000,1.00178189594
285584,285591,288331,7,2740,2,18000,1.00255474453
285603,285609,288404,6,2795,2,18000,1.00214669052
285666,285672,288421,6,2749,2,18000,1.00218261186
285823,285832,288406,9,2574,2,18000,1.0034965035
285954,285962,288844,8,2882,2,18000,1.0027758501
286026,286033,288715,7,2682,2,18000,1.00260999254
286140,286146,288832,6,2686,2,18000,1.00223380491
286157,286163,288753,6,2590,2,18000,1.00231660232
286264,286273,289136,9,2863,2,18000,1.00314355571
286307,286316,288992,9,2676,2,18000,1.0033632287
286427,286432,289356,5,2924,2,18000,1.00170998632
286503,286509,289236,6,2727,2,18000,1.00220022002
286572,286580,289172,8,2592,2,18000,1.00308641975
286765,286774,289505,9,2731,2,18000,1.00329549616
286901,286910,289791,9,2881,2,18000,1.00312391531
286956,286965,289709,9,2744,2,18000,1.00327988338
287049,287057,289926,8,2869,2,18000,1.00278842802
287079,287085,289951,6,2866,2,18000,1.00209351012
287263,287272,289994,9,2722,2,18000,1.00330639236
287335,287341,290228,6,2887,2,18000,1.00207828195
287351,287357,290141,6,2784,2,18000,1.00215517241
287367,287378,290116,11,2738,2,18000,1.00401753104
287396,287405,290028,9,2623,2,18000,1.00343118567
287420,287427,290367,7,2940,2,18000,1.00238095238
287438,287444,290176,6,2732,2,18000,1.00219619327
287662,287672,290434,10,2762,2,18000,1.00362056481
287726,287734,290554,8,2820,2,18000,1.00283687943
287800,287806,290483,6,2677,2,18000,1.0022413149
287818,287824,290664,6,2840,2,18000,1.00211267606
287835,287841,290677,6,2836,2,18000,1.00211565585
287910,287922,290602,12,2680,2,18000,1.00447761194
287949,287957,290790,8,2833,2,18000,1.00282386163
287965,287971,290876,6,2905,2,18000,1.00206540448
288026,288036,290746,10,2710,2,18000,1.0036900369
288062,288071,290876,9,2805,2,18000,1.00320855615
288221,288228,290893,7,2665,2,18000,1.00262664165
288307,288315,291009,8,2694,2,18000,1.00296956199
288333,288343,291113,10,2770,2,18000,1.0036101083
288366,288371,291265,5,2894,2,18000,1.00172771251
288367,288378,291108,11,2730,2,18000,1.00402930403
288368,288383,291221,15,2838,2,18000,1.00528541226
288401,288415,291168,14,2753,2,18000,1.00508536142
288417,288423,291201,6,2778,2,18000,1.00215982721
288433,288440,291100,7,2660,2,18000,1.00263157895
288718,288726,291240,8,2514,2,18000,1.00318217979
288758,288763,291531,5,2768,2,18000,1.00180635838
288832,288843,291711,11,2868,2,18000,1.00383542538
288848,288855,291668,7,2813,2,18000,1.0024884465
288994,289003,291896,9,2893,2,18000,1.00311095748
289140,289147,291893,7,2746,2,18000,1.00254916242
289175,289183,292011,8,2828,2,18000,1.00282885431
289240,289248,292059,8,2811,2,18000,1.00284596229
289358,289367,292187,9,2820,2,18000,1.00319148936
289507,289516,292308,9,2792,2,18000,1.0032234957
289710,289720,292496,10,2776,2,18000,1.00360230548
289795,289803,292584,8,2781,2,18000,1.00287666307
289929,289937,292673,8,2736,2,18000,1.00292397661
289955,289963,292761,8,2798,2,18000,1.00285918513
289997,290006,292792,9,2786,2,18000,1.0032304379
290029,290039,292812,10,2773,2,18000,1.00360620267
290120,290127,292962,7,2835,2,18000,1.0024691358
290145,290152,292836,7,2684,2,18000,1.00260804769
290177,290187,293004,10,2817,2,18000,1.00354987575
290233,290239,293035,6,2796,2,18000,1.00214592275
290370,290378,293264,8,2886,2,18000,1.00277200277
290436,290445,293211,9,2766,2,18000,1.0032537961
290488,290494,293311,6,2817,2,18000,1.00212992545
290558,290566,293278,8,2712,2,18000,1.00294985251
290608,290614,293413,6,2799,2,18000,1.00214362272
290668,290675,293461,7,2786,2,18000,1.00251256281
290685,290691,293421,6,2730,2,18000,1.0021978022
290751,290757,293524,6,2767,2,18000,1.00216841344
290792,290801,293553,9,2752,2,18000,1.00327034884
290878,290888,293525,10,2637,2,18000,1.00379218809
290880,290893,293694,13,2801,2,18000,1.00464119957
290896,290904,293513,8,2609,2,18000,1.00306630893
291013,291019,293770,6,2751,2,18000,1.00218102508
291104,291111,293930,7,2819,2,18000,1.00248315005
291120,291126,293895,6,2769,2,18000,1.00216684724
291122,291132,293956,10,2824,2,18000,1.00354107649
291170,291179,293955,9,2776,2,18000,1.00324207493
291204,291212,293814,8,2602,2,18000,1.00307455803
291224,291232,294015,8,2783,2,18000,1.00287459576
291244,291251,294013,7,2762,2,18000,1.00253439537
291267,291277,293965,10,2688,2,18000,1.0037202381
291414,291420,291458,6,38,1,1800,1.15789473684
291533,291542,294431,9,2889,2,18000,1.0031152648
291671,291679,294488,8,2809,2,18000,1.00284798861
291716,291722,294544,6,2822,2,18000,1.00212615167
291738,291744,291815,6,71,1,1800,1.08450704225
291896,291905,294501,9,2596,2,18000,1.00346687211
291912,291918,294667,6,2749,2,18000,1.00218261186
292013,292022,294638,9,2616,2,18000,1.00344036697
292061,292070,294818,9,2748,2,18000,1.00327510917
292191,292198,294849,7,2651,2,18000,1.00264051301
292311,292320,295103,9,2783,2,18000,1.00323392023
292320,292326,292551,6,225,1,1800,1.02666666667
292498,292507,295216,9,2709,2,18000,1.00332225914
292586,292595,295432,9,2837,2,18000,1.00317236517
292676,292684,295359,8,2675,2,18000,1.00299065421
292766,292772,295552,6,2780,2,18000,1.00215827338
292794,292804,295669,10,2865,2,18000,1.0034904014
292816,292823,295461,7,2638,2,18000,1.0026535254
292839,292847,295661,8,2814,2,18000,1.00284292822
292966,292973,295830,7,2857,2,18000,1.00245012251
293006,293016,295894,10,2878,2,18000,1.00347463516
293041,293047,295874,6,2827,2,18000,1.00212239123
293215,293222,296060,7,2838,2,18000,1.00246652572
293266,293275,296149,9,2874,2,18000,1.00313152401
293285,293291,295984,6,2693,2,18000,1.00222799851
293314,293322,296024,8,2702,2,18000,1.0029607698
293416,293424,296178,8,2754,2,18000,1.00290486565
293433,293439,296119,6,2680,2,18000,1.00223880597
293463,293472,296267,9,2795,2,18000,1.00322003578
293518,293524,296359,6,2835,2,18000,1.00211640212
293534,293540,296248,6,2708,2,18000,1.00221565731
293535,293546,296287,11,2741,2,18000,1.00401313389
293555,293565,296272,10,2707,2,18000,1.00369412634
293698,293705,296503,7,2798,2,18000,1.00250178699
293773,293781,296634,8,2853,2,18000,1.0028040659
293807,293813,293838,6,25,1,1800,1.24
293816,293825,296523,9,2698,2,18000,1.0033358043
293898,293907,296745,9,2838,2,18000,1.00317124736
293932,293941,296748,9,2807,2,18000,1.00320627004
293958,293966,296659,8,2693,2,18000,1.00297066469
293959,293972,296674,13,2702,2,18000,1.00481125093
293976,293982,296745,6,2763,2,18000,1.00217155266
294017,294026,296811,9,2785,2,18000,1.00323159785
294018,294031,296834,13,2803,2,18000,1.00463788798
294136,294142,294195,6,53,1,1800,1.11320754717
294393,294400,297089,7,2689,2,21600,1.00260319821
294435,294442,297312,7,2870,2,18000,1.00243902439
294492,294499,297215,7,2716,2,18000,1.00257731959
294509,294515,297244,6,2729,2,18000,1.00219860755
294545,294555,297177,10,2622,2,18000,1.00381388253
294641,294650,297477,9,2827,2,18000,1.00318358684
294672,294678,297380,6,2702,2,18000,1.00222057735
294823,294829,297494,6,2665,2,18000,1.00225140713
294853,294860,297632,7,2772,2,18000,1.00252525253
294894,294900,295034,6,134,1,1800,1.0447761194
295107,295114,297737,7,2623,2,18000,1.00266869996
295222,295228,298038,6,2810,2,18000,1.00213523132
295363,295370,298214,7,2844,2,18000,1.00246132208
295433,295443,298196,10,2753,2,18000,1.00363240102
295463,295472,298119,9,2647,2,18000,1.00340007556
295556,295563,298367,7,2804,2,18000,1.00249643367
295663,295672,298497,9,2825,2,18000,1.00318584071
295680,295686,298406,6,2720,2,18000,1.00220588235
295832,295842,298708,10,2866,2,18000,1.00348918353
295878,295885,298736,7,2851,2,18000,1.00245527885
295897,295905,298595,8,2690,2,18000,1.0029739777
295987,295995,298758,8,2763,2,18000,1.00289540355
296027,296036,298783,9,2747,2,18000,1.00327630142
296065,296070,298700,5,2630,2,18000,1.00190114068
296124,296130,298834,6,2704,2,18000,1.00221893491
296153,296160,298965,7,2805,2,18000,1.00249554367
296182,296188,298988,6,2800,2,18000,1.00214285714
296253,296259,299153,6,2894,2,18000,1.00207325501
296270,296278,299096,8,2818,2,18000,1.00283889283
296288,296294,299054,6,2760,2,18000,1.00217391304
296289,296300,299222,11,2922,2,18000,1.00376454483
296365,296371,299159,6,2788,2,18000,1.00215208034
296506,296514,299333,8,2819,2,18000,1.00283788578
296527,296535,299334,8,2799,2,18000,1.00285816363
296637,296646,299294,9,2648,2,18000,1.00339879154
296664,296669,299411,5,2742,2,18000,1.00182348651
296680,296686,299422,6,2736,2,18000,1.00219298246
296750,296756,299677,6,2921,2,18000,1.00205409106
296752,296762,299522,10,2760,2,18000,1.00362318841
296753,296767,299580,14,2813,2,18000,1.004976893
296813,296822,299630,9,2808,2,18000,1.00320512821
296837,296846,299739,9,2893,2,18000,1.00311095748
297179,297188,300033,9,2845,2,18000,1.00316344464
297218,297226,300035,8,2809,2,18000,1.00284798861
297247,297256,299872,9,2616,2,18000,1.00344036697
297316,297323,300175,7,2852,2,18000,1.00245441795
297382,297392,300185,10,2793,2,18000,1.00358037952
297481,297489,300122,8,2633,2,18000,1.00303835929
297498,297505,300209,7,2704,2,18000,1.0025887574
297685,297691,300387,6,2696,2,18000,1.00222551929
297729,297735,297804,6,69,12,72000,1.08695652174
297745,297751,300698,6,2947,2,18000,1.00203596878
298040,298049,300913,9,2864,2,18000,1.0031424581
298121,298131,300864,10,2733,2,18000,1.0036589828
298198,298207,300869,9,2662,2,18000,1.0033809166
298217,298225,300897,8,2672,2,18000,1.00299401198
298369,298378,301016,9,2638,2,18000,1.00341167551
298407,298417,301230,10,2813,2,18000,1.00355492357
298508,298514,301146,6,2632,2,18000,1.00227963526
298611,298618,301363,7,2745,2,18000,1.00255009107
298711,298717,301515,6,2798,2,18000,1.00214438885
298712,298723,301542,11,2819,2,18000,1.00390209294
298761,298767,301569,6,2802,2,18000,1.00214132762
298762,298773,301631,11,2858,2,18000,1.00384884535
298791,298797,301449,6,2652,2,18000,1.00226244344
298838,298845,301697,7,2852,2,18000,1.00245441795
298968,298977,301638,9,2661,2,18000,1.00338218715
298992,298999,301784,7,2785,2,18000,1.00251346499
299058,299066,301823,8,2757,2,18000,1.00290170475
299099,299107,301809,8,2702,2,18000,1.0029607698
299155,299165,301865,10,2700,2,18000,1.0037037037
299171,299177,301978,6,2801,2,18000,1.00214209211
299227,299233,301874,6,2641,2,18000,1.00227186672
299298,299305,302099,7,2794,2,18000,1.00250536865
299313,299320,309313,7,9993,12,72000,1.00070049034
299336,299345,302168,9,2823,2,18000,1.00318809777
299337,299350,302092,13,2742,2,18000,1.00474106492
299415,299422,302225,7,2803,2,18000,1.0024973243
299432,299438,302161,6,2723,2,18000,1.00220345207
299525,299533,302195,8,2662,2,18000,1.0030052592
299582,299591,302361,9,2770,2,18000,1.00324909747
299631,299641,302355,10,2714,2,18000,1.00368459838
299678,299688,302525,10,2837,2,18000,1.00352485019
299743,299751,302535,8,2784,2,18000,1.00287356322
299874,299883,302653,9,2770,2,18000,1.00324909747
300036,300044,302830,8,2786,2,18000,1.00287150036
300037,300050,302814,13,2764,2,18000,1.00470332851
300126,300133,302953,7,2820,2,18000,1.0024822695
300178,300186,302938,8,2752,2,18000,1.00290697674
300194,300200,303041,6,2841,2,18000,1.00211193242
300210,300220,302932,10,2712,2,18000,1.00368731563
300317,300324,339965,7,39641,4,39599,1.00017658485
300395,300402,303157,7,2755,2,18000,1.00254083485
300700,300709,303505,9,2796,2,18000,1.00321888412
300872,300878,303688,6,2810,2,18000,1.00213523132
300873,300884,303695,11,2811,2,18000,1.00391319815
300900,300908,303664,8,2756,2,18000,1.00290275762
300917,300924,303705,7,2781,2,18000,1.00251708019
301019,301027,303578,8,2551,2,18000,1.00313602509
301150,301157,303866,7,2709,2,18000,1.00258397933
301232,301241,304141,9,2900,2,18000,1.00310344828
301364,301374,304188,10,2814,2,18000,1.00355366027
301453,301460,304126,7,2666,2,18000,1.00262565641
301498,301504,306287,6,4783,2,21600,1.00125444282
301518,301526,304215,8,2689,2,18000,1.00297508367
301545,301553,304346,8,2793,2,18000,1.00286430362
301572,301580,304266,8,2686,2,18000,1.00297840655
301604,301610,314672,6,13062,1,36000,1.00045934773
301634,301642,304398,8,2756,2,18000,1.00290275762
301636,301649,304517,13,2868,2,18000,1.00453277545
301700,301709,304462,9,2753,2,18000,1.00326916092
301786,301796,304529,10,2733,2,18000,1.0036589828
301813,301820,304573,7,2753,2,18000,1.00254268071
301829,301835,304761,6,2926,2,18000,1.002050581
301870,301876,304753,6,2877,2,18000,1.00208550574
301886,301892,304804,6,2912,2,18000,1.00206043956
301981,301989,304661,8,2672,2,18000,1.00299401198
302096,302103,304685,7,2582,2,18000,1.00271107668
302112,302118,304974,6,2856,2,18000,1.00210084034
302165,302172,304868,7,2696,2,18000,1.00259643917
302182,302188,305042,6,2854,2,18000,1.00210231254
302198,302206,304982,8,2776,2,18000,1.00288184438
302226,302236,304916,10,2680,2,18000,1.00373134328
302356,302366,304996,10,2630,2,18000,1.00380228137
302373,302379,305005,6,2626,2,18000,1.00228484387
302529,302536,305193,7,2657,2,18000,1.00263455024
302548,302554,305366,6,2812,2,18000,1.00213371266
302657,302664,305416,7,2752,2,18000,1.00254360465
302819,302825,305493,6,2668,2,18000,1.00224887556
302836,302842,305597,6,2755,2,18000,1.00217785844
302940,302946,305744,6,2798,2,18000,1.00214438885
302941,302952,305661,11,2709,2,18000,1.00406053894
302958,302964,305553,6,2589,2,18000,1.0023174971
303045,303052,305798,7,2746,2,18000,1.00254916242
303160,303169,305918,9,2749,2,18000,1.00327391779
303508,303516,306412,8,2896,2,18000,1.00276243094
303579,303589,306409,10,2820,2,18000,1.00354609929
303668,303675,306462,7,2787,2,18000,1.00251166128
303691,303699,306508,8,2809,2,18000,1.00284798861
303708,303714,306611,6,2897,2,18000,1.00207110804
303709,303720,306519,11,2799,2,18000,1.00392997499
303871,303877,306658,6,2781,2,18000,1.0021574973
304130,304137,306938,7,2801,2,18000,1.00249910746
304147,304153,306886,6,2733,2,18000,1.00219538968
304190,304199,306841,9,2642,2,18000,1.00340651022
304218,304226,306899,8,2673,2,18000,1.00299289188
304269,304277,307012,8,2735,2,18000,1.0029250457
304351,304356,307235,5,2879,2,18000,1.00173671414
304404,304410,307292,6,2882,2,18000,1.00208188758
304465,304473,307180,8,2707,2,18000,1.00295530107
304532,304538,307328,6,2790,2,18000,1.00215053763
304533,304544,307195,11,2651,2,18000,1.00414937759
304578,304584,307258,6,2674,2,18000,1.00224382947
304663,304672,307469,9,2797,2,18000,1.00321773329
304686,304696,307488,10,2792,2,18000,1.00358166189
304755,304764,307489,9,2725,2,18000,1.00330275229
304771,304777,307450,6,2673,2,18000,1.00224466891
304806,304815,307622,9,2807,2,18000,1.00320627004
304870,304879,307756,9,2877,2,18000,1.0031282586
304922,304927,307706,5,2779,2,18000,1.00179920835
304978,304985,307825,7,2840,2,18000,1.00246478873
304996,305002,307778,6,2776,2,18000,1.00216138329
305013,305019,307834,6,2815,2,18000,1.00213143872
305014,305025,307818,11,2793,2,18000,1.00393841747
305048,305054,307935,6,2881,2,18000,1.0020826102
305167,305174,305224,7,50,1,72000,1.14
305196,305205,307918,9,2713,2,18000,1.00331736086
305369,305378,307918,9,2540,2,18000,1.00354330709
305410,305416,305436,6,20,1,72000,1.3
305418,305427,308174,9,2747,2,18000,1.00327630142
305493,305504,308239,11,2735,2,18000,1.00402193784
305557,305564,308377,7,2813,2,18000,1.0024884465
305611,305618,308354,7,2736,2,18000,1.00255847953
305663,305672,308349,9,2677,2,18000,1.00336197236
305745,305755,308651,10,2896,2,18000,1.00345303867
305803,305810,308627,7,2817,2,18000,1.00248491303
305921,305929,308702,8,2773,2,18000,1.00288496213
306397,306403,306422,6,19,1,72000,1.31578947368
306412,306423,309218,11,2795,2,18000,1.00393559928
306414,306428,309314,14,2886,2,18000,1.00485100485
306435,306441,353882,6,47441,4,432000,1.00012647288
306472,306478,309185,6,2707,2,18000,1.0022164758
306511,306519,309347,8,2828,2,18000,1.00282885431
306526,306532,309201,6,2669,2,18000,1.00224803297
306613,306622,309361,9,2739,2,18000,1.00328587076
306661,306669,309400,8,2731,2,18000,1.00292932992
306680,306686,306731,6,45,1,72000,1.13333333333
306843,306852,309616,9,2764,2,18000,1.00325615051
306890,306898,309771,8,2873,2,18000,1.00278454577
306906,306912,309753,6,2841,2,18000,1.00211193242
306940,306950,309654,10,2704,2,18000,1.00369822485
307015,307024,309815,9,2791,2,18000,1.00322465066
307183,307191,309970,8,2779,2,18000,1.00287873336
307198,307205,310127,7,2922,2,18000,1.00239561944
307237,307246,310100,9,2854,2,18000,1.00315346882
307259,307269,310042,10,2773,2,18000,1.00360620267
307292,307298,371036,6,63738,1,180000,1.00009413537
307294,307304,310028,10,2724,2,18000,1.00367107195
307332,307339,309905,7,2566,2,18000,1.00272798129
307435,307441,371025,6,63584,1,180000,1.00009436336
307448,307461,310293,13,2832,2,18000,1.00459039548
307472,307480,310283,8,2803,2,18000,1.00285408491
307491,307499,310311,8,2812,2,18000,1.00284495021
307492,307505,310241,13,2736,2,18000,1.00475146199
307607,307613,348388,6,40775,4,180000,1.00014714899
307626,307633,310397,7,2764,2,18000,1.00253256151
307709,307717,310552,8,2835,2,18000,1.00282186949
307759,307767,310496,8,2729,2,18000,1.00293147673
307782,307789,310542,7,2753,2,18000,1.00254268071
307821,307830,310587,9,2757,2,18000,1.00326441785
307838,307844,310666,6,2822,2,18000,1.00212615167
307839,307850,310654,11,2804,2,18000,1.00392296719
307920,307929,310686,9,2757,2,18000,1.00326441785
307921,307934,310754,13,2820,2,18000,1.00460992908
307937,307946,310841,9,2895,2,18000,1.00310880829
308176,308185,310875,9,2690,2,18000,1.00334572491
308243,308250,311111,7,2861,2,18000,1.00244669696
308350,308360,311227,10,2867,2,18000,1.00348796652
308366,308372,311197,6,2825,2,18000,1.00212389381
308383,308389,311168,6,2779,2,18000,1.00215905002
308631,308643,311355,12,2712,2,18000,1.00442477876
308631,308637,334138,6,25501,4,180000,1.00023528489
308654,308663,311473,9,2810,2,18000,1.00320284698
308659,308669,362844,10,54175,4,180000,1.00018458699
308703,308715,311592,12,2877,2,18000,1.00417101147
308704,308709,376141,5,67432,4,180000,1.00007414877
309055,309061,310431,6,1370,4,3599,1.00437956204
309190,309196,311827,6,2631,2,18000,1.00228050171
309206,309212,312099,6,2887,2,18000,1.00207828195
309222,309229,312117,7,2888,2,18000,1.00242382271
309318,309356,312068,38,2712,2,18000,1.01401179941
309350,309362,312071,12,2709,2,18000,1.00442967885
309365,309372,312124,7,2752,2,18000,1.00254360465
309403,309412,312090,9,2678,2,18000,1.00336071695
309620,309627,312339,7,2712,2,18000,1.00258112094
309651,309657,312214,6,2557,4,180000,1.0023464998
309655,309665,312298,10,2633,2,18000,1.00379794911
309757,309764,312433,7,2669,2,18000,1.00262270513
309773,309782,312464,9,2682,2,18000,1.0033557047
309820,309826,312718,6,2892,2,18000,1.0020746888
309907,309916,312723,9,2807,2,18000,1.00320627004
309973,309981,312822,8,2841,2,18000,1.00281590989
310031,310039,312871,8,2832,2,18000,1.00282485876
310048,310054,312883,6,2829,2,18000,1.00212089077
310060,310067,312256,7,2189,4,180000,1.00319780722
310104,310111,312850,7,2739,2,18000,1.00255567725
310133,310139,312799,6,2660,2,18000,1.0022556391
310244,310252,313115,8,2863,2,18000,1.00279427174
310286,310294,313152,8,2858,2,18000,1.00279916025
310302,310308,313057,6,2749,2,18000,1.00218261186
310318,310324,313102,6,2778,2,18000,1.00215982721
310398,310408,313336,10,2928,2,18000,1.00341530055
310497,310507,313237,10,2730,2,18000,1.00366300366
310546,310554,313348,8,2794,2,18000,1.00286327845
310561,310567,313393,6,2826,2,18000,1.00212314225
310589,310598,313424,9,2826,2,18000,1.00318471338
310657,310665,313387,8,2722,2,18000,1.00293901543
310673,310679,313381,6,2702,2,18000,1.00222057735
310689,310697,313532,8,2835,2,18000,1.00282186949
310756,310765,313663,9,2898,2,18000,1.00310559006
310780,310787,325773,7,14986,1,180000,1.00046710263
310786,310793,394617,7,83824,1,180000,1.0000835083
310791,310799,325803,8,15004,1,180000,1.00053319115
310845,310852,313650,7,2798,2,18000,1.00250178699
310877,310887,313494,10,2607,2,18000,1.00383582662
311113,311122,313888,9,2766,2,18000,1.0032537961
311172,311179,314030,7,2851,2,18000,1.00245527885
311198,311208,314016,10,2808,2,18000,1.00356125356
311229,311238,314044,9,2806,2,18000,1.00320741269
311357,311366,314145,9,2779,2,18000,1.00323857503
311475,311484,314356,9,2872,2,18000,1.00313370474
311594,311603,314325,9,2722,2,18000,1.00330639236
311830,311839,314725,9,2886,2,18000,1.00311850312
312072,312079,314711,7,2632,2,18000,1.00265957447
312073,312085,314781,12,2696,2,18000,1.00445103858
312093,312101,315010,8,2909,2,18000,1.00275008594
312109,312115,314867,6,2752,2,18000,1.00218023256
312125,312132,315034,7,2902,2,18000,1.00241212957
312127,312138,314841,11,2703,2,18000,1.00406955235
312284,312290,376834,6,64544,4,180000,1.00009295984
312299,312310,327532,11,15222,2,72000,1.00072263829
312299,312305,313908,6,1603,4,180000,1.00374298191
312300,312316,314896,16,2580,2,18000,1.00620155039
312344,312350,315130,6,2780,2,18000,1.00215827338
312435,312445,315211,10,2766,2,18000,1.00361532899
312468,312475,315205,7,2730,2,18000,1.00256410256
312721,312729,315495,8,2766,2,18000,1.0028922632
312738,312744,315443,6,2699,2,18000,1.00222304557
312801,312810,315501,9,2691,2,18000,1.00334448161
312826,312833,315613,7,2780,2,18000,1.00251798561
312854,312861,315618,7,2757,2,18000,1.00253899166
312876,312882,315625,6,2743,2,18000,1.00218738607
312892,312899,315762,7,2863,2,18000,1.00244498778
313060,313068,315838,8,2770,2,18000,1.00288808664
313104,313114,315970,10,2856,2,18000,1.00350140056
313120,313126,315917,6,2791,2,18000,1.00214976711
313157,313163,315970,6,2807,2,18000,1.00213751336
313240,313248,316047,8,2799,2,18000,1.00285816363
313340,313348,316021,8,2673,2,18000,1.00299289188
313357,313363,316208,6,2845,2,18000,1.00210896309
313384,313392,316235,8,2843,2,18000,1.00281392895
313401,313407,316285,6,2878,2,18000,1.0020847811
313402,313413,316206,11,2793,2,18000,1.00393841747
313425,313435,316292,10,2857,2,18000,1.00350017501
313495,313505,316295,10,2790,2,18000,1.00358422939
313536,313544,316122,8,2578,2,18000,1.00310318076
313655,313661,316432,6,2771,2,18000,1.00216528329
313671,313677,316534,6,2857,2,18000,1.00210010501
313870,313876,333260,6,19384,1,180000,1.00030953364
313891,313899,316795,8,2896,2,18000,1.00276243094
313947,313953,369354,6,55401,4,180000,1.00010830129
313976,313982,314249,6,267,4,1200,1.02247191011
314020,314027,316758,7,2731,2,18000,1.00256316368
314037,314043,316865,6,2822,2,18000,1.00212615167
314053,314059,316967,6,2908,2,18000,1.00206327373
314081,314087,314206,6,119,2,28800,1.05042016807
314119,314125,314203,6,78,2,28800,1.07692307692
314146,314156,316772,10,2616,2,18000,1.00382262997
314171,314177,314192,6,15,1,86400,1.4
314257,314263,334802,6,20539,2,21600,1.00029212717
314260,314269,335892,9,21623,2,21600,1.00041622347
314288,314294,314595,6,301,5,1200,1.01993355482
314326,314337,317035,11,2698,2,18000,1.00407709414
314362,314367,317026,5,2659,2,18000,1.00188040617
314605,314611,314794,6,183,5,1200,1.03278688525
314687,314693,327743,6,13050,64,36000,1.00045977011
314717,314723,317534,6,2811,2,18000,1.00213447172
314734,314740,317501,6,2761,2,18000,1.00217312568
314785,314792,317625,7,2833,2,18000,1.00247087893
314844,314852,317463,8,2611,2,18000,1.00306396017
314871,314879,317563,8,2684,2,18000,1.00298062593
314887,314893,314899,6,6,12,600,1.2
314899,314908,317596,9,2688,2,18000,1.00334821429
314934,314941,315181,7,240,10,600,1.02916666667
315002,315013,315019,11,6,8,3600,1.7
315002,315018,315024,16,6,8,3600,2.2
315002,315023,315029,21,6,8,3600,2.7
315002,315008,315014,6,6,8,3600,1.2
315003,315061,315066,58,5,8,3600,6.3
315003,315067,315072,64,5,8,3600,6.9
315003,315072,315078,69,6,8,3600,7.5
315003,315078,315083,75,5,8,3600,8.0
315003,315083,315088,80,5,8,3600,8.5
315003,315056,315062,53,6,8,3600,5.9
315003,315034,315039,31,5,8,3600,3.6
315003,315039,315045,36,6,8,3600,4.2
315003,315044,315052,41,8,8,3600,4.9
315004,315110,315116,106,6,8,3600,11.2
315004,315088,315093,84,5,8,3600,8.9
315004,315093,315099,89,6,8,3600,9.5
315004,315100,315104,96,4,8,3600,10.0
315004,315127,315132,123,5,8,3600,12.8
315004,315122,315128,118,6,8,3600,12.4
315004,315115,315120,111,5,8,3600,11.6
315004,315105,315110,101,5,8,3600,10.6
315005,315180,315184,175,4,8,3600,17.9
315005,315170,315174,165,4,8,3600,16.9
315005,315132,315136,127,4,8,3600,13.1
315005,315137,315142,132,5,8,3600,13.7
315005,315148,315153,143,5,8,3600,14.8
315005,315153,315158,148,5,8,3600,15.3
315005,315158,315162,153,4,8,3600,15.7
315005,315163,315169,158,6,8,3600,16.4
315005,315175,315181,170,6,8,3600,17.6
315014,315029,317697,15,2668,2,18000,1.00562218891
315035,315051,317865,16,2814,2,18000,1.00568585643
315132,315143,317990,11,2847,2,18000,1.00386371619
315207,315216,318042,9,2826,2,18000,1.00318471338
315224,315230,318067,6,2837,2,18000,1.00211491012
315351,315356,315362,5,6,8,3600,1.1
315351,315362,315366,11,4,8,3600,1.5
315351,315367,315372,16,5,8,3600,2.1
315351,315372,315377,21,5,8,3600,2.6
315351,315377,315383,26,6,8,3600,3.2
315352,315896,315901,544,5,8,3600,54.9
315352,315945,315949,593,4,8,3600,59.7
315352,315918,315923,566,5,8,3600,57.1
315352,315425,315430,73,5,8,3600,7.8
315352,315420,315425,68,5,8,3600,7.3
315352,315940,315944,588,4,8,3600,59.2
315352,315415,315419,63,4,8,3600,6.7
315352,315388,315393,36,5,8,3600,4.1
315352,315383,315388,31,5,8,3600,3.6
315352,315923,315929,571,6,8,3600,57.7
315353,316044,316049,691,5,8,3600,69.6
315353,316033,316038,680,5,8,3600,68.5
315353,316028,316033,675,5,8,3600,68.0
315353,316021,316026,668,5,8,3600,67.3
315353,316016,316022,663,6,8,3600,66.9
315353,316011,316016,658,5,8,3600,66.3
315353,316005,316010,652,5,8,3600,65.7
315353,315951,315955,598,4,8,3600,60.2
315353,316038,316043,685,5,8,3600,69.0
315354,316055,316060,701,5,8,3600,70.6
315354,316060,316065,706,5,8,3600,71.1
315354,316071,316076,717,5,8,3600,72.2
315354,315393,315397,39,4,8,3600,4.3
315354,315399,315404,45,5,8,3600,5.0
315354,316065,316070,711,5,8,3600,71.6
315361,315404,315410,43,6,8,3600,4.9
315361,315409,315414,48,5,8,3600,5.3
315361,315430,315434,69,4,8,3600,7.3
315362,315473,315479,111,6,8,3600,11.7
315362,315436,315441,74,5,8,3600,7.9
315362,315441,315446,79,5,8,3600,8.4
315362,315446,315452,84,6,8,3600,9.0
315362,315452,315456,90,4,8,3600,9.4
315362,315490,315495,128,5,8,3600,13.3
315362,315485,315490,123,5,8,3600,12.8
315362,315479,315484,117,5,8,3600,12.2
315362,315468,315475,106,7,8,3600,11.3
315362,315463,315468,101,5,8,3600,10.6
315363,315506,315512,143,6,8,3600,14.9
315363,315560,315565,197,5,8,3600,20.2
315363,315554,315558,191,4,8,3600,19.5
315363,315549,315554,186,5,8,3600,19.1
315363,315544,315550,181,6,8,3600,18.7
315363,315539,315545,176,6,8,3600,18.2
315363,315522,315526,159,4,8,3600,16.3
315363,315516,315522,153,6,8,3600,15.9
315363,315511,315516,148,5,8,3600,15.3
315363,315565,315571,202,6,8,3600,20.8
315363,315495,315500,132,5,8,3600,13.7
315364,315597,315602,233,5,8,3600,23.8
315364,315570,315577,206,7,8,3600,21.3
315364,315576,315581,212,5,8,3600,21.7
315364,315581,315586,217,5,8,3600,22.2
315364,315586,315594,222,8,8,3600,23.0
315364,315591,315597,227,6,8,3600,23.3
315371,315667,315672,296,5,8,3600,30.1
315371,315602,315609,231,7,8,3600,23.8
315371,315607,315613,236,6,8,3600,24.2
315371,315613,315619,242,6,8,3600,24.8
315371,315619,315626,248,7,8,3600,25.5
315371,315624,315631,253,7,8,3600,26.0
315371,315629,315635,258,6,8,3600,26.4
315371,315646,315652,275,6,8,3600,28.1
315371,315651,315657,280,6,8,3600,28.6
315371,315656,315662,285,6,8,3600,29.1
315372,315688,315694,316,6,8,3600,32.2
315372,315672,315678,300,6,8,3600,30.6
315372,315710,315715,338,5,8,3600,34.3
315372,315703,315710,331,7,8,3600,33.8
315372,315698,315704,326,6,8,3600,33.2
315372,315693,315700,321,7,8,3600,32.8
315372,315677,315682,305,5,8,3600,31.0
315372,315715,315720,343,5,8,3600,34.8
315373,315736,315743,363,7,8,3600,37.0
315373,315731,315738,358,7,8,3600,36.5
315373,315726,315731,353,5,8,3600,35.8
315373,315720,315731,347,11,8,3600,32.5454545455
315374,315765,315772,391,7,8,3600,39.8
315374,315759,315765,385,6,8,3600,39.1
315374,315753,315759,379,6,8,3600,38.5
315374,315748,315754,374,6,8,3600,38.0
315374,315742,315749,368,7,8,3600,37.5
315375,315781,315787,406,6,8,3600,41.2
315375,315770,315776,395,6,8,3600,40.1
315375,315775,315782,400,7,8,3600,40.7
315397,315831,315840,434,9,8,3600,44.3
315397,315792,315802,395,10,8,3600,40.5
315397,315797,315808,400,11,8,3600,37.3636363636
315397,315803,315814,406,11,8,3600,37.9090909091
315397,315808,315818,411,10,8,3600,42.1
315397,315814,315823,417,9,8,3600,42.6
315397,315819,315829,422,10,8,3600,43.2
315397,315841,315851,444,10,8,3600,45.4
315397,315825,315834,428,9,8,3600,43.7
315397,315836,315846,439,10,8,3600,44.9
315398,316131,316140,733,9,8,3600,74.2
315398,316126,316136,728,10,8,3600,73.8
315398,315879,315888,481,9,8,3600,49.0
315398,315886,315894,488,8,8,3600,49.6
315398,315847,315856,449,9,8,3600,45.8
315398,315852,315863,454,11,8,3600,42.2727272727
315398,315857,315868,459,11,8,3600,42.7272727273
315398,315868,315878,470,10,8,3600,48.0
315398,315891,315901,493,10,8,3600,50.3
315398,315873,315884,475,11,8,3600,44.1818181818
315399,315907,315917,508,10,8,3600,51.8
315399,316239,316250,840,11,8,3600,77.3636363636
315399,316234,316242,835,8,8,3600,84.3
315399,316136,316147,737,11,8,3600,68.0
315399,316244,316254,845,10,8,3600,85.5
315399,316250,316259,851,9,8,3600,86.0
315399,315912,315923,513,11,8,3600,47.6363636364
315399,315928,315938,529,10,8,3600,53.9
315399,315956,315964,557,8,8,3600,56.5
315399,315902,315912,503,10,8,3600,51.3
315422,315972,315979,550,7,8,3600,55.7
315422,315962,315970,540,8,8,3600,54.8
315422,315967,315974,545,7,8,3600,55.2
315422,315978,315983,556,5,8,3600,56.1
315423,316114,316121,691,7,8,3600,69.8
315423,316109,316117,686,8,8,3600,69.4
315423,316104,316113,681,9,8,3600,69.0
315423,316142,316147,719,5,8,3600,72.4
315423,316093,316099,670,6,8,3600,67.6
315423,316088,316095,665,7,8,3600,67.2
315423,316083,316092,660,9,8,3600,66.9
315423,316098,316105,675,7,8,3600,68.2
315423,316120,316126,697,6,8,3600,70.3
315423,315995,316004,572,9,8,3600,58.1
315423,316000,316006,577,6,8,3600,58.3
315424,316153,316160,729,7,8,3600,73.6
315424,316158,316167,734,9,8,3600,74.3
315424,316164,316170,740,6,8,3600,74.6
315424,316169,316176,745,7,8,3600,75.2
315424,316175,316183,751,8,8,3600,75.9
315424,316185,316192,761,7,8,3600,76.8
315424,316180,316186,756,6,8,3600,76.2
315424,316197,316202,773,5,8,3600,77.8
315424,316202,316208,778,6,8,3600,78.4
315424,316191,316196,767,5,8,3600,77.2
315425,316207,316213,782,6,8,3600,78.8
315425,316212,316218,787,6,8,3600,79.3
315425,316261,316268,836,7,8,3600,84.3
315425,316267,316274,842,7,8,3600,84.9
315425,316217,316225,792,8,8,3600,80.0
315432,316438,316450,1006,12,8,3600,84.8333333333
315432,316475,316481,1043,6,8,3600,104.9
315432,316433,316439,1001,6,8,3600,100.7
315432,316277,316283,845,6,8,3600,85.1
315432,316272,316277,840,5,8,3600,84.5
315433,316299,316305,866,6,8,3600,87.2
315433,316293,316298,860,5,8,3600,86.5
315433,316283,316289,850,6,8,3600,85.6
315433,316480,316487,1047,7,8,3600,105.4
315433,316320,316326,887,6,8,3600,89.3
315433,316325,316333,892,8,8,3600,90.0
315433,316330,316336,897,6,8,3600,90.3
315433,316335,316341,902,6,8,3600,90.8
315433,316288,316294,855,6,8,3600,86.1
315433,316315,316321,882,6,8,3600,88.8
315434,316362,316369,928,7,8,3600,93.5
315434,316378,316383,944,5,8,3600,94.9
315434,316373,316379,939,6,8,3600,94.5
315434,316390,316396,956,6,8,3600,96.2
315434,316368,316374,934,6,8,3600,94.0
315434,316347,316352,913,5,8,3600,91.8
315434,316352,316358,918,6,8,3600,92.4
315434,316395,316405,961,10,8,3600,97.1
315434,316401,316407,967,6,8,3600,97.3
315434,316357,316367,923,10,8,3600,93.3
315434,316384,316389,950,5,8,3600,95.5
315435,316422,316428,987,6,8,3600,99.3
315435,316406,316412,971,6,8,3600,97.7
315435,316411,316417,976,6,8,3600,98.2
315435,316417,316423,982,6,8,3600,98.8
315444,316485,316492,1041,7,8,3600,104.8
315444,316449,316456,1005,7,8,3600,101.2
315444,316464,316471,1020,7,8,3600,102.7
315444,316459,316465,1015,6,8,3600,102.1
315444,316454,316460,1010,6,8,3600,101.6
315444,316469,316476,1025,7,8,3600,103.2
315444,316427,316433,983,6,8,3600,98.9
315445,316540,316546,1095,6,8,3600,110.1
315445,316535,316546,1090,11,8,3600,100.090909091
315445,316530,316541,1085,11,8,3600,99.6363636364
315445,316524,316530,1079,6,8,3600,108.5
315445,316518,316528,1073,10,8,3600,108.3
315445,316513,316519,1068,6,8,3600,107.4
315445,316507,316514,1062,7,8,3600,106.9
315445,316502,316509,1057,7,8,3600,106.4
315445,316497,316503,1052,6,8,3600,105.8
315445,316491,316497,1046,6,8,3600,105.2
315446,316551,316558,1105,7,8,3600,111.2
315446,316556,316563,1110,7,8,3600,111.7
315446,316567,316573,1121,6,8,3600,112.7
315446,316578,316584,1132,6,8,3600,113.8
315446,316583,316589,1137,6,8,3600,114.3
315446,316638,316644,1192,6,8,3600,119.8
315446,316588,316595,1142,7,8,3600,114.9
315446,316595,316602,1149,7,8,3600,115.6
315446,316600,316606,1154,6,8,3600,116.0
315446,316573,316581,1127,8,8,3600,113.5
315446,316562,316568,1116,6,8,3600,112.2
315447,316606,316613,1159,7,8,3600,116.6
315447,316611,316617,1164,6,8,3600,117.0
315450,315458,318241,8,2783,2,18000,1.00287459576
315453,316632,316640,1179,8,8,3600,118.7
315453,316627,316634,1174,7,8,3600,118.1
315453,316616,316629,1163,13,8,3600,90.4615384615
315453,316622,316629,1169,7,8,3600,117.6
315454,316687,316695,1233,8,8,3600,124.1
315454,316644,316652,1190,8,8,3600,119.8
315454,316682,316690,1228,8,8,3600,123.6
315454,316655,316661,1201,6,8,3600,120.7
315454,316660,316667,1206,7,8,3600,121.3
315454,316665,316675,1211,10,8,3600,122.1
315454,316650,316658,1196,8,8,3600,120.4
315454,316671,316678,1217,7,8,3600,122.4
315454,316676,316684,1222,8,8,3600,123.0
315454,316692,316698,1238,6,8,3600,124.4
315455,316714,316720,1259,6,8,3600,126.5
315455,316752,316760,1297,8,8,3600,130.5
315455,316740,316748,1285,8,8,3600,129.3
315455,316735,316743,1280,8,8,3600,128.8
315455,316730,316738,1275,8,8,3600,128.3
315455,316725,316732,1270,7,8,3600,127.7
315455,316708,316716,1253,8,8,3600,126.1
315455,316719,316727,1264,8,8,3600,127.2
315455,316698,316705,1243,7,8,3600,125.0
315455,316746,316752,1291,6,8,3600,129.7
315455,316703,316712,1248,9,8,3600,125.7
315456,316757,316764,1301,7,8,3600,130.8
315456,316773,316780,1317,7,8,3600,132.4
315456,316768,316775,1312,7,8,3600,131.9
315456,316762,316775,1306,13,8,3600,101.461538462
315456,316784,316792,1328,8,8,3600,133.6
315464,316790,316805,1326,15,8,3600,89.4
315464,316795,316806,1331,11,8,3600,122.0
315464,316800,316812,1336,12,8,3600,112.333333333
315464,316805,316815,1341,10,8,3600,135.1
315465,316870,316881,1405,11,8,3600,128.727272727
315465,316864,316875,1399,11,8,3600,128.181818182
315465,316859,316870,1394,11,8,3600,127.727272727
315465,316853,316865,1388,12,8,3600,116.666666667
315465,316848,316858,1383,10,8,3600,139.3
315465,316837,316848,1372,11,8,3600,125.727272727
315465,316832,316842,1367,10,8,3600,137.7
315465,316827,316838,1362,11,8,3600,124.818181818
315465,316843,316854,1378,11,8,3600,126.272727273
315465,316821,316832,1356,11,8,3600,124.272727273
315466,316918,316929,1452,11,8,3600,133.0
315466,316881,316891,1415,10,8,3600,142.5
315466,316886,316896,1420,10,8,3600,143.0
315466,316891,316904,1425,13,8,3600,110.615384615
315466,316903,316914,1437,11,8,3600,131.636363636
315466,316908,316918,1442,10,8,3600,145.2
315466,316913,316923,1447,10,8,3600,145.7
315466,316923,316934,1457,11,8,3600,133.454545455
315466,316929,316939,1463,10,8,3600,147.3
315466,316934,316945,1468,11,8,3600,134.454545455
315466,316875,316887,1409,12,8,3600,118.416666667
315467,316940,316951,1473,11,8,3600,134.909090909
315467,316945,316960,1478,15,8,3600,99.5333333333
315467,316950,316961,1483,11,8,3600,135.818181818
315467,316961,316971,1494,10,8,3600,150.4
315467,316956,316972,1489,16,8,3600,94.0625
315495,315501,315716,6,215,4,600,1.02790697674
315501,315528,318377,27,2849,2,18000,1.00947700948
315503,315533,318296,30,2763,2,18000,1.0108577633
315524,316977,316987,1453,10,8,3600,146.3
315524,316971,316981,1447,10,8,3600,145.7
315524,316966,316976,1442,10,8,3600,145.2
315524,316988,316998,1464,10,8,3600,147.4
315525,316998,317008,1473,10,8,3600,148.3
315525,317008,317018,1483,10,8,3600,149.3
315525,316993,317002,1468,9,8,3600,147.7
315525,317003,317012,1478,9,8,3600,148.7
315526,317014,317024,1488,10,8,3600,149.8
315526,317019,317029,1493,10,8,3600,150.3
315526,317025,317034,1499,9,8,3600,150.8
315526,317030,317038,1504,8,8,3600,151.2
315527,317057,317067,1530,10,8,3600,154.0
315527,317035,317045,1508,10,8,3600,151.8
315527,317052,317060,1525,8,8,3600,153.3
315527,317046,317056,1519,10,8,3600,152.9
315528,317089,317098,1561,9,8,3600,157.0
315528,317084,317093,1556,9,8,3600,156.5
315528,317078,317088,1550,10,8,3600,156.0
315528,317067,317077,1539,10,8,3600,154.9
315528,317062,317070,1534,8,8,3600,154.2
315529,317094,317103,1565,9,8,3600,157.4
315529,317121,317131,1592,10,8,3600,160.2
315529,317110,317120,1581,10,8,3600,159.1
315529,317099,317108,1570,9,8,3600,157.9
315529,317115,317125,1586,10,8,3600,159.6
315529,317105,317115,1576,10,8,3600,158.6
315530,317137,317147,1607,10,8,3600,161.7
315530,317132,317142,1602,10,8,3600,161.2
315530,317126,317135,1596,9,8,3600,160.5
315539,317153,317161,1614,8,8,3600,162.2
315539,317148,317156,1609,8,8,3600,161.7
315539,317142,317152,1603,10,8,3600,161.3
315540,317175,317184,1635,9,8,3600,164.4
315540,317165,317173,1625,8,8,3600,163.3
315540,317160,317168,1620,8,8,3600,162.8
315540,317170,317178,1630,8,8,3600,163.8
315541,317191,317200,1650,9,8,3600,165.9
315541,317196,317206,1655,10,8,3600,166.5
315541,317186,317195,1645,9,8,3600,165.4
315541,317180,317188,1639,8,8,3600,164.7
315542,317224,317232,1682,8,8,3600,169.0
315542,317218,317227,1676,9,8,3600,168.5
315542,317213,317221,1671,8,8,3600,167.9
315542,317207,317215,1665,8,8,3600,167.3
315542,317202,317209,1660,7,8,3600,166.7
315543,317229,317237,1686,8,8,3600,169.4
315543,317234,317242,1691,8,8,3600,169.9
315543,317240,317248,1697,8,8,3600,170.5
315543,317245,317253,1702,8,8,3600,171.0
315544,317283,317292,1739,9,8,3600,174.8
315544,317277,317286,1733,9,8,3600,174.2
315544,317272,317281,1728,9,8,3600,173.7
315544,317261,317269,1717,8,8,3600,172.5
315544,317250,317260,1706,10,8,3600,171.6
315544,317256,317264,1712,8,8,3600,172.0
315545,317288,317296,1743,8,8,3600,175.1
315545,317304,317313,1759,9,8,3600,176.8
315545,317298,317306,1753,8,8,3600,176.1
315545,317293,317301,1748,8,8,3600,175.6
315552,317309,317317,1757,8,8,3600,176.5
315553,317331,317340,1778,9,8,3600,178.7
315553,317319,317328,1766,9,8,3600,177.5
315553,317325,317334,1772,9,8,3600,178.1
315553,317314,317326,1761,12,8,3600,147.75
315554,317341,317351,1787,10,8,3600,179.7
315554,317347,317357,1793,10,8,3600,180.3
315554,317352,317360,1798,8,8,3600,180.6
315554,317336,317345,1782,9,8,3600,179.1
315555,317358,317367,1803,9,8,3600,181.2
315555,317363,317372,1808,9,8,3600,181.7
315555,317379,317387,1824,8,8,3600,183.2
315555,317368,317378,1813,10,8,3600,182.3
315555,317374,317382,1819,8,8,3600,182.7
315556,317400,317411,1844,11,8,3600,168.636363636
315556,317395,317405,1839,10,8,3600,184.9
315556,317390,317399,1834,9,8,3600,184.3
315556,317385,317394,1829,9,8,3600,183.8
315557,317406,317413,1849,7,8,3600,185.6
315557,317413,317422,1856,9,8,3600,186.5
315557,317418,317427,1861,9,8,3600,187.0
315557,317423,317432,1866,9,8,3600,187.5
315558,317429,317440,1871,11,8,3600,171.090909091
315558,317434,317442,1876,8,8,3600,188.4
315558,317440,317449,1882,9,8,3600,189.1
315558,317445,317454,1887,9,8,3600,189.6
315559,317461,317469,1902,8,8,3600,191.0
315559,317467,317481,1908,14,8,3600,137.285714286
315559,317450,317458,1891,8,8,3600,189.9
315559,317456,317464,1897,8,8,3600,190.5
315567,317472,317481,1905,9,8,3600,191.4
315567,317488,317497,1921,9,8,3600,193.0
315567,317477,317487,1910,10,8,3600,192.0
315567,317483,317492,1916,9,8,3600,192.5
315568,317510,317524,1942,14,8,3600,139.714285714
315568,317505,317515,1937,10,8,3600,194.7
315568,317499,317513,1931,14,8,3600,138.928571429
315568,317515,317530,1947,15,8,3600,130.8
315569,317542,317552,1973,10,8,3600,198.3
315569,317536,317546,1967,10,8,3600,197.7
315569,317520,317529,1951,9,8,3600,196.0
315569,317531,317542,1962,11,8,3600,179.363636364
315570,317547,317558,1977,11,8,3600,180.727272727
315570,317552,317561,1982,9,8,3600,199.1
315570,317563,317574,1993,11,8,3600,182.181818182
315570,317569,317578,1999,9,8,3600,200.8
315570,317574,317584,2004,10,8,3600,201.4
315571,317579,317588,2008,9,8,3600,201.7
315571,317584,317595,2013,11,8,3600,184.0
315571,317595,317605,2024,10,8,3600,203.4
315571,317601,317610,2030,9,8,3600,203.9
315572,317611,317621,2039,10,8,3600,204.9
315572,317616,317625,2044,9,8,3600,205.3
315572,317606,317617,2034,11,8,3600,185.909090909
315572,317627,317638,2055,11,8,3600,187.818181818
315573,317632,317643,2059,11,8,3600,188.181818182
315573,317638,317647,2065,9,8,3600,207.4
315573,317643,317652,2070,9,8,3600,207.9
315573,317648,317657,2075,9,8,3600,208.4
315574,317659,317670,2085,11,8,3600,190.545454545
315587,317664,317679,2077,15,8,3600,139.466666667
315588,317686,317699,2098,13,8,3600,162.384615385
315588,317680,317694,2092,14,8,3600,150.428571429
315588,317675,317689,2087,14,8,3600,150.071428571
315588,317670,317685,2082,15,8,3600,139.8
315589,317691,317706,2102,15,8,3600,141.133333333
315589,317696,317710,2107,14,8,3600,151.5
315589,317702,317716,2113,14,8,3600,151.928571429
315589,317713,317726,2124,13,8,3600,164.384615385
315590,317735,317748,2145,13,8,3600,166.0
315590,317728,317743,2138,15,8,3600,143.533333333
315590,317740,317755,2150,15,8,3600,144.333333333
315590,317718,317732,2128,14,8,3600,153.0
315590,317723,317738,2133,15,8,3600,143.2
315591,317762,317776,2171,14,8,3600,156.071428571
315591,317745,317758,2154,13,8,3600,166.692307692
315591,317751,317765,2160,14,8,3600,155.285714286
315591,317757,317771,2166,14,8,3600,155.714285714
315591,317773,317786,2182,13,8,3600,168.846153846
315591,317767,317781,2176,14,8,3600,156.428571429
315592,317800,317815,2208,15,8,3600,148.2
315592,317794,317807,2202,13,8,3600,170.384615385
315592,317789,317803,2197,14,8,3600,157.928571429
315592,317784,317796,2192,12,8,3600,183.666666667
315592,317779,317794,2187,15,8,3600,146.8
315592,317805,317820,2213,15,8,3600,148.533333333
315592,317810,317824,2218,14,8,3600,159.428571429
315593,317827,317842,2234,15,8,3600,149.933333333
315593,317816,317831,2223,15,8,3600,149.2
315593,317822,317836,2229,14,8,3600,160.214285714
315618,315635,318219,17,2584,2,18000,1.00657894737
315620,315640,318429,20,2789,2,18000,1.00717102904
315622,317832,317850,2210,18,8,3600,123.777777778
315622,317838,317853,2216,15,8,3600,148.733333333
315623,317854,317871,2231,17,8,3600,132.235294118
315623,317849,317866,2226,17,8,3600,131.941176471
315623,317860,317874,2237,14,8,3600,160.785714286
315623,317844,317860,2221,16,8,3600,139.8125
315624,317893,317910,2269,17,8,3600,134.470588235
315624,317866,317881,2242,15,8,3600,150.466666667
315624,317876,317893,2252,17,8,3600,133.470588235
315624,317871,317888,2247,17,8,3600,133.176470588
315624,317882,317897,2258,15,8,3600,151.533333333
315625,317898,317916,2273,18,8,3600,127.277777778
315625,317920,317941,2295,21,8,3600,110.285714286
315625,317930,317947,2305,17,8,3600,136.588235294
315625,317915,317933,2290,18,8,3600,128.222222222
315625,317903,317920,2278,17,8,3600,135.0
315625,317909,317926,2284,17,8,3600,135.352941176
315625,317925,317941,2300,16,8,3600,144.75
315626,317942,317959,2316,17,8,3600,137.235294118
315626,317947,317962,2321,15,8,3600,155.733333333
315626,317937,317953,2311,16,8,3600,145.4375
315627,317952,317968,2325,16,8,3600,146.3125
315627,317968,317984,2341,16,8,3600,147.3125
315627,317958,317973,2331,15,8,3600,156.4
315627,317963,317978,2336,15,8,3600,156.733333333
315628,317973,317989,2345,16,8,3600,147.5625
315628,317979,317995,2351,16,8,3600,147.9375
315628,317984,318002,2356,18,8,3600,131.888888889
315629,317989,318006,2360,17,8,3600,139.823529412
315629,317995,318011,2366,16,8,3600,148.875
315636,318016,318030,2380,14,8,3600,171.0
315636,318006,318019,2370,13,8,3600,183.307692308
315636,318011,318024,2375,13,8,3600,183.692307692
315637,318021,318035,2384,14,8,3600,171.285714286
315637,318032,318047,2395,15,8,3600,160.666666667
315637,318037,318052,2400,15,8,3600,161.0
315637,318043,318057,2406,14,8,3600,172.857142857
315637,318027,318041,2390,14,8,3600,171.714285714
315638,318064,318079,2426,15,8,3600,162.733333333
315638,318049,318063,2411,14,8,3600,173.214285714
315638,318054,318069,2416,15,8,3600,162.066666667
315638,318059,318073,2421,14,8,3600,173.928571429
315639,318091,318105,2452,14,8,3600,176.142857143
315639,318086,318101,2447,15,8,3600,164.133333333
315639,318075,318089,2436,14,8,3600,175.0
315639,318081,318095,2442,14,8,3600,175.428571429
315640,318113,318128,2473,15,8,3600,165.866666667
315640,318118,318131,2478,13,8,3600,191.615384615
315640,318102,318117,2462,15,8,3600,165.133333333
315640,318107,318121,2467,14,8,3600,177.214285714
315640,315662,318319,22,2657,2,18000,1.00828001505
315641,318129,318144,2488,15,8,3600,166.866666667
315641,318134,318148,2493,14,8,3600,179.071428571
315641,318139,318154,2498,15,8,3600,167.533333333
315641,318124,318137,2483,13,8,3600,192.0
315642,318156,318170,2514,14,8,3600,180.571428571
315642,318162,318176,2520,14,8,3600,181.0
315642,318146,318160,2504,14,8,3600,179.857142857
315642,318151,318165,2509,14,8,3600,180.214285714
315643,318168,318183,2525,15,8,3600,169.333333333
315643,318173,318188,2530,15,8,3600,169.666666667
315650,318179,318192,2529,13,8,3600,195.538461538
315651,318200,318214,2549,14,8,3600,183.071428571
315651,318184,318197,2533,13,8,3600,195.846153846
315651,318190,318203,2539,13,8,3600,196.307692308
315651,318195,318209,2544,14,8,3600,182.714285714
315652,318205,318218,2553,13,8,3600,197.384615385
315652,318212,318228,2560,16,8,3600,161.0
315652,318217,318233,2565,16,8,3600,161.3125
315652,318222,318236,2570,14,8,3600,184.571428571
315652,318227,318245,2575,18,8,3600,144.055555556
315653,318249,318262,2596,13,8,3600,200.692307692
315653,318238,318252,2585,14,8,3600,185.642857143
315653,318254,318267,2601,13,8,3600,201.076923077
315653,318243,318257,2590,14,8,3600,186.0
315654,318275,318288,2621,13,8,3600,202.615384615
315654,318270,318285,2616,15,8,3600,175.4
315654,318265,318279,2611,14,8,3600,187.5
315654,318281,318294,2627,13,8,3600,203.076923077
315655,318303,318316,2648,13,8,3600,204.692307692
315655,318297,318311,2642,14,8,3600,189.714285714
315655,318287,318300,2632,13,8,3600,203.461538462
315655,318292,318308,2637,16,8,3600,165.8125
315656,318319,318335,2663,16,8,3600,167.4375
315656,318324,318340,2668,16,8,3600,167.75
315656,318314,318328,2658,14,8,3600,190.857142857
315656,318330,318343,2674,13,8,3600,206.692307692
315657,318341,318354,2684,13,8,3600,207.461538462
315657,318346,318360,2689,14,8,3600,193.071428571
315657,318352,318366,2695,14,8,3600,193.5
315657,318357,318370,2700,13,8,3600,208.692307692
315662,315683,675724,21,360041,4,360000,1.00005832669
315665,318390,318410,2725,20,8,3600,137.25
315665,318374,318389,2709,15,8,3600,181.6
315665,318379,318393,2714,14,8,3600,194.857142857
315665,318385,318403,2720,18,8,3600,152.111111111
315665,318395,318410,2730,15,8,3600,183.0
315665,318369,318387,2704,18,8,3600,151.222222222
315665,318364,318378,2699,14,8,3600,193.785714286
315666,318444,318461,2778,17,8,3600,164.411764706
315666,318412,318432,2746,20,8,3600,138.3
315666,318439,318455,2773,16,8,3600,174.3125
315666,318423,318436,2757,13,8,3600,213.076923077
315666,318428,318442,2762,14,8,3600,198.285714286
315666,318434,318450,2768,16,8,3600,174.0
315666,318461,318475,2795,14,8,3600,200.642857143
315666,318449,318467,2783,18,8,3600,155.611111111
315666,318417,318433,2751,16,8,3600,172.9375
315666,318400,318415,2734,15,8,3600,183.266666667
315667,318515,318530,2848,15,8,3600,190.866666667
315667,318510,318525,2843,15,8,3600,190.533333333
315667,318505,318520,2838,15,8,3600,190.2
315667,318466,318482,2799,16,8,3600,175.9375
315667,318498,318513,2831,15,8,3600,189.733333333
315667,318477,318491,2810,14,8,3600,201.714285714
315667,318483,318499,2816,16,8,3600,177.0
315667,318471,318486,2804,15,8,3600,187.933333333
315667,318488,318504,2821,16,8,3600,177.3125
315667,318493,318508,2826,15,8,3600,189.4
315668,318520,318536,2852,16,8,3600,179.25
315668,318527,318541,2859,14,8,3600,205.214285714
315668,318532,318547,2864,15,8,3600,191.933333333
315675,318554,318573,2879,19,8,3600,152.526315789
315675,318559,318579,2884,20,8,3600,145.2
315675,318537,318556,2862,19,8,3600,151.631578947
315675,318542,318563,2867,21,8,3600,137.523809524
315675,318565,318584,2890,19,8,3600,153.105263158
315675,318587,318604,2912,17,8,3600,172.294117647
315675,318581,318600,2906,19,8,3600,153.947368421
315675,318570,318590,2895,20,8,3600,145.75
315676,318597,318617,2921,20,8,3600,147.05
315676,318603,318624,2927,21,8,3600,140.380952381
315676,318608,318628,2932,20,8,3600,147.6
315676,318592,318612,2916,20,8,3600,146.8
315676,318613,318633,2937,20,8,3600,147.85
315676,318625,318645,2949,20,8,3600,148.45
315676,318641,318660,2965,19,8,3600,157.052631579
315676,318619,318638,2943,19,8,3600,155.894736842
315676,318630,318648,2954,18,8,3600,165.111111111
315676,318635,318654,2959,19,8,3600,156.736842105
315677,318678,318697,3001,19,8,3600,158.947368421
315677,318646,318664,2969,18,8,3600,165.944444444
315677,318651,318670,2974,19,8,3600,157.526315789
315677,318683,318702,3006,19,8,3600,159.210526316
315677,318662,318680,2985,18,8,3600,166.833333333
315677,318667,318685,2990,18,8,3600,167.111111111
315677,318673,318694,2996,21,8,3600,143.666666667
315677,318657,318676,2980,19,8,3600,157.842105263
315678,318699,318720,3021,21,8,3600,144.857142857
315678,318694,318718,3016,24,8,3600,126.666666667
315678,318689,318709,3011,20,8,3600,151.55
315678,318705,318726,3027,21,8,3600,145.142857143
315766,315787,318517,21,2730,2,18000,1.00769230769
315839,315863,318539,24,2676,2,18000,1.00896860987
315920,315935,318727,15,2792,2,18000,1.00537249284
315973,315984,318906,11,2922,2,18000,1.00376454483
315975,315989,318807,14,2818,2,18000,1.00496806246
316023,316050,318978,27,2928,2,18000,1.00922131148
316057,316078,318891,21,2813,2,18000,1.0074653395
316126,316148,318955,22,2807,2,18000,1.00783754898
316210,316223,318923,13,2700,2,18000,1.00481481481
316212,316228,319086,16,2858,2,18000,1.0055983205
316239,316256,319066,17,2810,2,18000,1.00604982206
316295,316304,319062,9,2758,2,18000,1.00326323423
316296,316310,319202,14,2892,2,18000,1.00484094053
316297,316341,319016,44,2675,2,18000,1.01644859813
316437,316444,319271,7,2827,2,18000,1.0024761231
316537,316546,319244,9,2698,2,18000,1.0033358043
316760,316779,319593,19,2814,2,18000,1.00675195451
316777,316811,319648,34,2837,2,18000,1.01198449066
316799,316816,319492,17,2676,2,18000,1.00635276532
316868,316897,319664,29,2767,2,18000,1.01048066498
316970,316983,319918,13,2935,2,18000,1.00442930153
317029,317041,319929,12,2888,2,18000,1.00415512465
317046,317073,319893,27,2820,2,18000,1.00957446809
317214,317266,324453,52,7187,1,259200,1.00723528593
317467,317494,320323,27,2829,2,18000,1.00954400848
317504,317526,320215,22,2689,2,18000,1.0081814801
317536,317558,320321,22,2763,2,18000,1.00796235975
317568,317590,320222,22,2632,2,18000,1.00835866261
317600,317622,320332,22,2710,2,18000,1.00811808118
317628,317654,320275,26,2621,2,18000,1.00991987791
317666,318715,325107,1049,6392,2,432000,1.16411138924
317699,317708,320507,9,2799,2,18000,1.00321543408
317838,318710,318715,872,5,1,259200,87.7
317869,317888,320605,19,2717,2,18000,1.00699300699
317994,318001,320850,7,2849,2,18000,1.00245700246
318044,318070,320955,26,2885,2,18000,1.00901213172
318069,318097,320968,28,2871,2,18000,1.00975269941
318223,318233,321017,10,2784,2,18000,1.00359195402
318245,318260,320938,15,2678,2,18000,1.00560119492
318299,318309,321151,10,2842,2,18000,1.00351864884
318321,318336,321172,15,2836,2,18000,1.00528913963
318381,318407,321187,26,2780,2,18000,1.00935251799
318431,318456,321118,25,2662,2,18000,1.00939143501
318519,318549,321250,30,2701,2,18000,1.01110699741
318544,318576,321350,32,2774,2,18000,1.01153568854
318730,318738,321623,8,2885,2,18000,1.0027729636
318750,318756,326452,6,7696,1,259200,1.00077962578
318810,318818,321675,8,2857,2,18000,1.00280014001
318897,318903,321816,6,2913,2,18000,1.00205973223
318914,318921,321729,7,2808,2,18000,1.00249287749
318931,318937,321768,6,2831,2,18000,1.00211939244
318958,318966,321596,8,2630,2,18000,1.0030418251
318968,318974,319003,6,29,8,3600,1.20689655172
318968,318979,319012,11,33,8,3600,1.33333333333
318968,318984,319015,16,31,8,3600,1.51612903226
318968,318999,319028,31,29,8,3600,2.06896551724
318968,318994,319024,26,30,8,3600,1.86666666667
318968,319010,319040,42,30,8,3600,2.4
318968,319016,319045,48,29,8,3600,2.65517241379
318968,318989,319019,21,30,8,3600,1.7
318969,319052,319084,83,32,8,3600,3.59375
318969,319047,319076,78,29,8,3600,3.68965517241
318969,319040,319070,71,30,8,3600,3.36666666667
318969,319081,319111,112,30,8,3600,4.73333333333
318969,319069,319099,100,30,8,3600,4.33333333333
318969,319024,319054,55,30,8,3600,2.83333333333
318969,319063,319093,94,30,8,3600,4.13333333333
318969,319058,319088,89,30,8,3600,3.96666666667
318969,319035,319066,66,31,8,3600,3.12903225806
318969,319086,319115,117,29,8,3600,5.03448275862
318970,319097,319126,127,29,8,3600,5.37931034483
318970,319103,319132,133,29,8,3600,5.58620689655
318970,319153,319186,183,33,8,3600,6.54545454545
318970,319141,319170,171,29,8,3600,6.89655172414
318970,319135,319163,165,28,8,3600,6.89285714286
318970,319159,319189,189,30,8,3600,7.3
318970,319130,319161,160,31,8,3600,6.16129032258
318970,319124,319153,154,29,8,3600,6.31034482759
318970,319119,319147,149,28,8,3600,6.32142857143
318970,319108,319137,138,29,8,3600,5.75862068966
318970,319147,319177,177,30,8,3600,6.9
318971,319165,319194,194,29,8,3600,7.68965517241
318978,319172,319198,194,26,8,3600,8.46153846154
318979,319230,319253,251,23,8,3600,11.9130434783
318979,319209,319236,230,27,8,3600,9.51851851852
318979,319203,319228,224,25,8,3600,9.96
318979,319197,319220,218,23,8,3600,10.4782608696
318979,319190,319214,211,24,8,3600,9.79166666667
318979,319184,319208,205,24,8,3600,9.54166666667
318979,319178,319202,199,24,8,3600,9.29166666667
318979,319214,319238,235,24,8,3600,10.7916666667
318979,319225,319248,246,23,8,3600,11.6956521739
318979,319236,319260,257,24,8,3600,11.7083333333
318980,319280,319305,300,25,8,3600,13.0
318980,319301,319328,321,27,8,3600,12.8888888889
318980,319274,319299,294,25,8,3600,12.76
318980,319269,319296,289,27,8,3600,11.7037037037
318980,319005,321740,25,2735,2,18000,1.00914076782
318980,319263,319287,283,24,8,3600,12.7916666667
318980,319252,319279,272,27,8,3600,11.0740740741
318980,319247,319271,267,24,8,3600,12.125
318980,319241,319266,261,25,8,3600,11.44
318980,319285,319310,305,25,8,3600,13.2
318980,319296,319320,316,24,8,3600,14.1666666667
318981,319359,319384,378,25,8,3600,16.12
318981,319308,319332,327,24,8,3600,14.625
318981,319313,319338,332,25,8,3600,14.28
318981,319320,319344,339,24,8,3600,15.125
318981,319325,319354,344,29,8,3600,12.8620689655
318981,319331,319357,350,26,8,3600,14.4615384615
318981,319336,319360,355,24,8,3600,15.7916666667
318981,319342,319368,361,26,8,3600,14.8846153846
318981,319353,319377,372,24,8,3600,16.5
318989,319477,319501,488,24,8,3600,21.3333333333
318990,319375,319400,385,25,8,3600,16.4
318990,319370,319394,380,24,8,3600,16.8333333333
318990,319386,319409,396,23,8,3600,18.2173913043
318990,319410,319434,420,24,8,3600,18.5
318990,319404,319428,414,24,8,3600,18.25
318990,319398,319421,408,23,8,3600,18.7391304348
318990,319392,319415,402,23,8,3600,18.4782608696
318990,319364,319388,374,24,8,3600,16.5833333333
318990,319381,319408,391,27,8,3600,15.4814814815
318991,319433,319457,442,24,8,3600,19.4166666667
318991,319427,319449,436,22,8,3600,20.8181818182
318991,319422,319448,431,26,8,3600,17.5769230769
318991,319416,319440,425,24,8,3600,18.7083333333
318991,319438,319461,447,23,8,3600,20.4347826087
318992,319444,319469,452,25,8,3600,19.08
318992,319455,319479,463,24,8,3600,20.2916666667
318992,319461,319487,469,26,8,3600,19.0384615385
318992,319466,319490,474,24,8,3600,20.75
318992,319449,319473,457,24,8,3600,20.0416666667
318993,319483,319506,490,23,8,3600,22.3043478261
318993,319494,319517,501,23,8,3600,22.7826086957
318993,319488,319512,495,24,8,3600,21.625
318993,319472,319496,479,24,8,3600,20.9583333333
318994,319512,319535,518,23,8,3600,23.5217391304
318994,319518,319541,524,23,8,3600,23.7826086957
318994,319528,319552,534,24,8,3600,23.25
318994,319523,319548,529,25,8,3600,22.16
318994,319534,319558,540,24,8,3600,23.5
318994,319500,319528,506,28,8,3600,19.0714285714
319002,319539,319563,537,24,8,3600,23.375
319002,319551,319575,549,24,8,3600,23.875
319002,319557,319581,555,24,8,3600,24.125
319002,319563,319587,561,24,8,3600,24.375
319002,319568,319592,566,24,8,3600,24.5833333333
319002,319545,319572,543,27,8,3600,21.1111111111
319003,319585,319612,582,27,8,3600,22.5555555556
319003,319574,319598,571,24,8,3600,24.7916666667
319003,319590,319617,587,27,8,3600,22.7407407407
319003,319596,319625,593,29,8,3600,21.4482758621
319003,319602,319631,599,29,8,3600,21.6551724138
319003,319613,319637,610,24,8,3600,26.4166666667
319003,319619,319642,616,23,8,3600,27.7826086957
319003,319624,319649,621,25,8,3600,25.84
319003,319579,319605,576,26,8,3600,23.1538461538
319003,319630,319656,627,26,8,3600,25.1153846154
319004,319635,319659,631,24,8,3600,27.2916666667
319004,319680,319707,676,27,8,3600,26.037037037
319004,319669,319693,665,24,8,3600,28.7083333333
319004,319691,319717,687,26,8,3600,27.4230769231
319004,319696,319721,692,25,8,3600,28.68
319004,319685,319710,681,25,8,3600,28.24
319004,319658,319682,654,24,8,3600,28.25
319004,319641,319667,637,26,8,3600,25.5
319004,319653,319677,649,24,8,3600,28.0416666667
319004,319647,319671,643,24,8,3600,27.7916666667
319005,319708,319733,703,25,8,3600,29.12
319005,319713,319738,708,25,8,3600,29.32
319005,319719,319746,714,27,8,3600,27.4444444444
319005,319701,319726,696,25,8,3600,28.84
319015,319754,319783,739,29,8,3600,26.4827586207
319015,319737,319766,722,29,8,3600,25.8965517241
319015,319731,319762,716,31,8,3600,24.0967741935
319015,319725,319754,710,29,8,3600,25.4827586207
319015,319760,319792,745,32,8,3600,24.28125
319015,319766,319795,751,29,8,3600,26.8965517241
319015,319773,319802,758,29,8,3600,27.1379310345
319015,319779,319807,764,28,8,3600,28.2857142857
319015,319748,319778,733,30,8,3600,25.4333333333
319015,319742,319772,727,30,8,3600,25.2333333333
319016,319030,321658,14,2628,2,18000,1.00532724505
319016,319815,319846,799,31,8,3600,26.7741935484
319016,319831,319859,815,28,8,3600,30.1071428571
319016,319785,319813,769,28,8,3600,28.4642857143
319016,319791,319819,775,28,8,3600,28.6785714286
319016,319797,319826,781,29,8,3600,27.9310344828
319016,319803,319832,787,29,8,3600,28.1379310345
319016,319809,319838,793,29,8,3600,28.3448275862
319016,319826,319855,810,29,8,3600,28.9310344828
319016,319837,319867,821,30,8,3600,28.3666666667
319016,319842,319871,826,29,8,3600,29.4827586207
319016,319848,319878,832,30,8,3600,28.7333333333
319017,319884,319912,867,28,8,3600,31.9642857143
319017,319878,319907,861,29,8,3600,30.6896551724
319017,319872,319905,855,33,8,3600,26.9090909091
319017,319860,319890,843,30,8,3600,29.1
319017,319866,319895,849,29,8,3600,30.275862069
319017,319890,319920,873,30,8,3600,30.1
319017,319902,319932,885,30,8,3600,30.5
319017,319854,319883,837,29,8,3600,29.8620689655
319017,319896,319925,879,29,8,3600,31.3103448276
319065,319075,321941,10,2866,2,18000,1.00348918353
319082,319092,321866,10,2774,2,18000,1.00360490267
319098,319114,321941,16,2827,2,18000,1.00565970994
319204,319220,321962,16,2742,2,18000,1.00583515682
319248,319258,322047,10,2789,2,18000,1.00358551452
319275,319291,321878,16,2587,2,18000,1.00618477
319339,319348,339266,9,19918,2,72000,1.0004518526
319500,319506,322320,6,2814,2,18000,1.00213219616
319595,319608,322226,13,2618,2,18000,1.00496562261
319652,319664,322285,12,2621,2,18000,1.00457840519
319669,319675,322501,6,2826,2,18000,1.00212314225
319806,319820,330739,14,10919,2,10800,1.0012821687
319900,319908,322614,8,2706,2,18000,1.0029563932
319922,319929,322640,7,2711,2,18000,1.00258207304
319940,319946,322843,6,2897,2,18000,1.00207110804
320063,320069,320089,6,20,2,300,1.3
320223,320229,323043,6,2814,2,18000,1.00213219616
320224,320235,323082,11,2847,2,18000,1.00386371619
320276,320282,320396,6,114,4,30,1.05263157895
320279,320288,323037,9,2749,2,18000,1.00327391779
320326,320332,322971,6,2639,2,18000,1.00227358848
320327,320338,323059,11,2721,2,18000,1.00404263139
320344,320350,323182,6,2832,2,18000,1.00211864407
320373,320394,320450,21,56,8,3600,1.375
320373,320379,320436,6,57,8,3600,1.10526315789
320373,320384,320440,11,56,8,3600,1.19642857143
320373,320389,320448,16,59,8,3600,1.27118644068
320374,320478,320534,104,56,8,3600,2.85714285714
320374,320472,320528,98,56,8,3600,2.75
320374,320466,320523,92,57,8,3600,2.61403508772
320374,320400,320456,26,56,8,3600,1.46428571429
320374,320453,320510,79,57,8,3600,2.38596491228
320374,320410,320467,36,57,8,3600,1.63157894737
320374,320405,320465,31,60,8,3600,1.51666666667
320374,320460,320518,86,58,8,3600,2.48275862069
320374,320483,320539,109,56,8,3600,2.94642857143
320375,320601,320660,226,59,8,3600,4.83050847458
320375,320526,320583,151,57,8,3600,3.64912280702
320375,320532,320590,157,58,8,3600,3.70689655172
320375,320538,320595,163,57,8,3600,3.85964912281
320375,320550,320604,175,54,8,3600,4.24074074074
320375,320544,320607,169,63,8,3600,3.68253968254
320375,320555,320615,180,60,8,3600,4.0
320375,320594,320650,219,56,8,3600,4.91071428571
320375,320607,320664,232,57,8,3600,5.0701754386
320375,320627,320683,252,56,8,3600,5.5
320375,320621,320678,246,57,8,3600,5.31578947368
320376,320632,320690,256,58,8,3600,5.41379310345
320376,320661,320718,285,57,8,3600,6.0
320376,320671,320728,295,57,8,3600,6.17543859649
320376,320677,320734,301,57,8,3600,6.28070175439
320376,320689,320746,313,57,8,3600,6.49122807018
320376,320695,320752,319,57,8,3600,6.59649122807
320383,320701,320748,318,47,8,3600,7.76595744681
320384,320785,320829,401,44,8,3600,10.1136363636
320384,320768,320812,384,44,8,3600,9.72727272727
320384,320763,320808,379,45,8,3600,9.42222222222
320384,320757,320803,373,46,8,3600,9.10869565217
320384,320729,320774,345,45,8,3600,8.66666666667
320384,320899,320945,515,46,8,3600,12.1956521739
320384,320739,320788,355,49,8,3600,8.24489795918
320384,320920,320969,536,49,8,3600,11.9387755102
320384,320745,320791,361,46,8,3600,8.84782608696
320384,320821,320866,437,45,8,3600,10.7111111111
320385,320871,320917,486,46,8,3600,11.5652173913
320385,320877,320921,492,44,8,3600,12.1818181818
320385,320805,320850,420,45,8,3600,10.3333333333
320385,320815,320860,430,45,8,3600,10.5555555556
320385,320827,320871,442,44,8,3600,11.0454545455
320385,320799,320849,414,50,8,3600,9.28
320385,320860,320908,475,48,8,3600,10.8958333333
320385,320882,320926,497,44,8,3600,12.2954545455
320385,320935,320982,550,47,8,3600,12.7021276596
320385,320841,320887,456,46,8,3600,10.9130434783
320386,320941,320985,555,44,8,3600,13.6136363636
320386,320947,320992,561,45,8,3600,13.4666666667
320386,320959,321005,573,46,8,3600,13.4565217391
320386,320980,321028,594,48,8,3600,13.375
320386,320991,321041,605,50,8,3600,13.1
320386,320997,321042,611,45,8,3600,14.5777777778
320386,321002,321049,616,47,8,3600,14.1063829787
320386,320929,320974,543,45,8,3600,13.0666666667
320386,320888,320934,502,46,8,3600,11.9130434783
320394,321102,321151,708,49,8,3600,15.4489795918
320394,321076,321122,682,46,8,3600,15.8260869565
320394,321052,321097,658,45,8,3600,15.6222222222
320394,321064,321109,670,45,8,3600,15.8888888889
320394,321058,321102,664,44,8,3600,16.0909090909
320394,321040,321090,646,50,8,3600,13.92
320394,321008,321055,614,47,8,3600,14.0638297872
320394,321070,321114,676,44,8,3600,16.3636363636
320394,321016,321061,622,45,8,3600,14.8222222222
320395,321108,321153,713,45,8,3600,16.8444444444
320395,321114,321159,719,45,8,3600,16.9777777778
320395,321126,321171,731,45,8,3600,17.2444444444
320395,321178,321225,783,47,8,3600,17.6595744681
320395,321120,321173,725,53,8,3600,14.679245283
320395,321189,321235,794,46,8,3600,18.2608695652
320395,321167,321217,772,50,8,3600,16.44
320395,321137,321184,742,47,8,3600,16.7872340426
320395,321173,321220,778,47,8,3600,17.5531914894
320396,321194,321240,798,46,8,3600,18.347826087
320396,321205,321252,809,47,8,3600,18.2127659574
320396,321229,321278,833,49,8,3600,18.0
320396,321235,321281,839,46,8,3600,19.2391304348
320396,321241,321285,845,44,8,3600,20.2045454545
320396,321247,321292,851,45,8,3600,19.9111111111
320396,321253,321299,857,46,8,3600,19.6304347826
320396,321268,321314,872,46,8,3600,19.9565217391
320396,321289,321339,893,50,8,3600,18.86
320396,321295,321340,899,45,8,3600,20.9777777778
320397,321301,321347,904,46,8,3600,20.652173913
320397,321307,321352,910,45,8,3600,21.2222222222
320404,321313,321356,909,43,8,3600,22.1395348837
320404,321326,321371,922,45,8,3600,21.4888888889
320405,321351,321395,946,44,8,3600,22.5
320405,321356,321406,951,50,8,3600,20.02
320405,321367,321413,962,46,8,3600,21.9130434783
320405,321372,321417,967,45,8,3600,22.4888888889
320405,321378,321421,973,43,8,3600,23.6279069767
320405,321384,321429,979,45,8,3600,22.7555555556
320405,321406,321452,1001,46,8,3600,22.7608695652
320405,321417,321466,1012,49,8,3600,21.6530612245
320405,321424,321470,1019,46,8,3600,23.152173913
320405,321430,321475,1025,45,8,3600,23.7777777778
320406,321501,321545,1095,44,8,3600,25.8863636364
320406,321483,321527,1077,44,8,3600,25.4772727273
320406,321489,321533,1083,44,8,3600,25.6136363636
320406,321495,321540,1089,45,8,3600,25.2
320406,321477,321526,1071,49,8,3600,22.8571428571
320406,321436,321480,1030,44,8,3600,24.4090909091
320406,321463,321506,1057,43,8,3600,25.5813953488
320406,321442,321485,1036,43,8,3600,25.0930232558
320407,321517,321560,1110,43,8,3600,26.8139534884
320407,321537,321585,1130,48,8,3600,24.5416666667
320408,321549,321594,1141,45,8,3600,26.3555555556
320408,321571,321616,1163,45,8,3600,26.8444444444
320408,321561,321606,1153,45,8,3600,26.6222222222
320408,321613,321658,1205,45,8,3600,27.7777777778
320408,321555,321599,1147,44,8,3600,27.0681818182
320408,321602,321646,1194,44,8,3600,28.1363636364
320408,321543,321588,1135,45,8,3600,26.2222222222
320408,321596,321644,1188,48,8,3600,25.75
320416,321624,321674,1208,50,8,3600,25.16
320416,321619,321668,1203,49,8,3600,25.5510204082
320416,321677,321727,1261,50,8,3600,26.22
320416,321630,321679,1214,49,8,3600,25.7755102041
320416,321655,321707,1239,52,8,3600,24.8269230769
320416,321666,321715,1250,49,8,3600,26.5102040816
320417,321767,321821,1350,54,8,3600,26.0
320417,321790,321841,1373,51,8,3600,27.9215686275
320417,321738,321787,1321,49,8,3600,27.9591836735
320417,321726,321775,1309,49,8,3600,27.7142857143
320417,321718,321771,1301,53,8,3600,25.5471698113
320417,321700,321749,1283,49,8,3600,27.1836734694
320417,321694,321745,1277,51,8,3600,26.0392156863
320417,321683,321731,1266,48,8,3600,27.375
320417,321749,321799,1332,50,8,3600,27.64
320417,321756,321806,1339,50,8,3600,27.78
320418,321873,321924,1455,51,8,3600,29.5294117647
320418,321884,321933,1466,49,8,3600,30.9183673469
320418,321796,321845,1378,49,8,3600,29.1224489796
320418,321802,321856,1384,54,8,3600,26.6296296296
320418,321810,321860,1392,50,8,3600,28.84
320418,321817,321865,1399,48,8,3600,30.1458333333
320418,321853,321903,1435,50,8,3600,29.7
320418,321834,321883,1416,49,8,3600,29.8979591837
320418,321867,321917,1449,50,8,3600,29.98
320418,321859,321908,1441,49,8,3600,30.4081632653
320419,321899,321949,1480,50,8,3600,30.6
320419,321929,321977,1510,48,8,3600,32.4583333333
320419,321920,321970,1501,50,8,3600,31.02
320419,321914,321966,1495,52,8,3600,29.75
320424,320447,322293,23,1846,4,1800,1.01245937161
320514,320520,323307,6,2787,2,18000,1.00215285253
320606,320615,323338,9,2723,2,18000,1.00330517811
320858,320866,323755,8,2889,2,18000,1.00276912426
320940,320953,323842,13,2889,2,18000,1.00449982693
320959,320966,323708,7,2742,2,18000,1.00255288111
320975,320986,323811,11,2825,2,18000,1.00389380531
321024,321030,323842,6,2812,2,18000,1.00213371266
321119,321132,323850,13,2718,2,18000,1.00478292862
321154,321162,324009,8,2847,2,18000,1.00280997541
321175,321184,324080,9,2896,2,18000,1.00310773481
321193,321200,323994,7,2794,2,18000,1.00250536865
321257,321263,324030,6,2767,2,18000,1.00216841344
321352,321362,324006,10,2644,2,18000,1.00378214826
321461,321469,322126,8,657,2,72000,1.01217656012
321536,321965,322082,429,117,8,3600,4.66666666667
321536,321944,322060,408,116,8,3600,4.51724137931
321536,321936,322055,400,119,8,3600,4.36134453782
321537,322073,322186,536,113,8,3600,5.74336283186
321537,321991,322107,454,116,8,3600,4.91379310345
321537,321985,322098,448,113,8,3600,4.96460176991
321537,322067,322183,530,116,8,3600,5.56896551724
321537,321979,322098,442,119,8,3600,4.71428571429
321537,322093,322208,556,115,8,3600,5.8347826087
321537,322109,322226,572,117,8,3600,5.88888888889
321537,322114,322228,577,114,8,3600,6.06140350877
321537,322120,322237,583,117,8,3600,5.98290598291
321537,322195,322311,658,116,8,3600,6.6724137931
321538,322254,322368,716,114,8,3600,7.28070175439
321538,322201,322315,663,114,8,3600,6.81578947368
321538,322219,322334,681,115,8,3600,6.92173913043
321538,322248,322365,710,117,8,3600,7.06837606838
321538,322322,322435,784,113,8,3600,7.93805309735
321538,322237,322354,699,117,8,3600,6.97435897436
321538,322328,322443,790,115,8,3600,7.86956521739
321538,322345,322464,807,119,8,3600,7.78151260504
321538,322365,322486,827,121,8,3600,7.8347107438
321539,322376,322492,837,116,8,3600,8.21551724138
321539,322382,322497,843,115,8,3600,8.33043478261
321539,322446,322564,907,118,8,3600,8.68644067797
321539,322582,322697,1043,115,8,3600,10.0695652174
321539,322576,322699,1037,123,8,3600,9.43089430894
321539,322604,322721,1065,117,8,3600,10.1025641026
321539,322610,322723,1071,113,8,3600,10.4778761062
321539,322616,322733,1077,117,8,3600,10.2051282051
321546,322738,322830,1192,92,8,3600,13.9565217391
321546,322509,322601,963,92,8,3600,11.4673913043
321546,322503,322595,957,92,8,3600,11.402173913
321546,322497,322593,951,96,8,3600,10.90625
321546,322658,322756,1112,98,8,3600,12.3469387755
321546,322555,322647,1009,92,8,3600,11.9673913043
321546,322708,322799,1162,91,8,3600,13.7692307692
321546,322454,322544,908,90,8,3600,11.0888888889
321546,322714,322808,1168,94,8,3600,13.4255319149
321546,322475,322571,929,96,8,3600,10.6770833333
321546,322732,322828,1186,96,8,3600,13.3541666667
321547,322952,323044,1405,92,8,3600,16.2717391304
321547,322839,322935,1292,96,8,3600,14.4583333333
321547,322869,322960,1322,91,8,3600,15.5274725275
321547,322851,322943,1304,92,8,3600,15.1739130435
321547,322845,322938,1298,93,8,3600,14.9569892473
321547,322819,322914,1272,95,8,3600,14.3894736842
321547,322810,322901,1263,91,8,3600,14.8791208791
321547,322767,322858,1220,91,8,3600,14.4065934066
321547,322744,322838,1197,94,8,3600,13.7340425532
321547,322913,323005,1366,92,8,3600,15.847826087
321548,323060,323153,1512,93,8,3600,17.2580645161
321548,322972,323064,1424,92,8,3600,16.4782608696
321548,322958,323050,1410,92,8,3600,16.3260869565
321548,323270,323363,1722,93,8,3600,19.5161290323
321548,323055,323150,1507,95,8,3600,16.8631578947
321548,323016,323109,1468,93,8,3600,16.7849462366
321548,323029,323122,1481,93,8,3600,16.9247311828
321548,322946,323041,1398,95,8,3600,15.7157894737
321548,322925,323018,1377,93,8,3600,15.8064516129
321568,323082,323170,1514,88,8,3600,18.2045454545
321568,323071,323161,1503,90,8,3600,17.7
321568,323281,323374,1713,93,8,3600,19.4193548387
321568,323120,323213,1552,93,8,3600,17.688172043
321569,323133,323224,1564,91,8,3600,18.1868131868
321569,323168,323259,1599,91,8,3600,18.5714285714
321569,323162,323260,1593,98,8,3600,17.2551020408
321569,323174,323264,1605,90,8,3600,18.8333333333
321569,323181,323272,1612,91,8,3600,18.7142857143
321569,323224,323317,1655,93,8,3600,18.7956989247
321569,323236,323328,1667,92,8,3600,19.1195652174
321569,323287,323382,1718,95,8,3600,19.0842105263
321569,323276,323372,1707,96,8,3600,18.78125
321569,323328,323424,1759,96,8,3600,19.3229166667
321569,323340,323429,1771,89,8,3600,20.8988764045
321570,323592,323683,2022,91,8,3600,23.2197802198
321570,323503,323599,1933,96,8,3600,21.1354166667
321570,323497,323586,1927,89,8,3600,22.6516853933
321570,323488,323581,1918,93,8,3600,21.623655914
321570,323374,323469,1804,95,8,3600,19.9894736842
321570,323441,323531,1871,90,8,3600,21.7888888889
321570,323435,323528,1865,93,8,3600,21.0537634409
321570,323383,323487,1813,104,8,3600,18.4326923077
321570,323395,323486,1825,91,8,3600,21.0549450549
321570,323389,323477,1819,88,8,3600,21.6704545455
321570,323480,323572,1910,92,8,3600,21.7608695652
321571,323539,323631,1968,92,8,3600,22.3913043478
321571,323545,323637,1974,92,8,3600,22.4565217391
321571,323584,323675,2013,91,8,3600,23.1208791209
321571,323694,323788,2123,94,8,3600,23.585106383
321578,323598,323689,2020,91,8,3600,23.1978021978
321578,323649,323738,2071,89,8,3600,24.2696629213
321578,323643,323733,2065,90,8,3600,23.9444444444
321578,323610,323708,2032,98,8,3600,21.7346938776
321578,323719,323816,2141,97,8,3600,23.0721649485
321578,323700,323790,2122,90,8,3600,24.5777777778
321579,323744,323840,2165,96,8,3600,23.5520833333
321579,323686,323778,2107,92,8,3600,23.902173913
321579,323750,323841,2171,91,8,3600,24.8571428571
321579,324002,324091,2423,89,8,3600,28.2247191011
321579,323789,323880,2210,91,8,3600,25.2857142857
321579,323799,323889,2220,90,8,3600,25.6666666667
321579,323805,323895,2226,90,8,3600,25.7333333333
321579,323829,323926,2250,97,8,3600,24.1958762887
321579,323851,323945,2272,94,8,3600,25.170212766
321579,323867,323958,2288,91,8,3600,26.1428571429
321580,323969,324059,2389,90,8,3600,27.5444444444
321580,324058,324148,2478,90,8,3600,28.5333333333
321580,324047,324143,2467,96,8,3600,26.6979166667
321580,324013,324102,2433,89,8,3600,28.3370786517
321580,323992,324084,2412,92,8,3600,27.2173913043
321580,323956,324047,2376,91,8,3600,27.1098901099
321580,323937,324033,2357,96,8,3600,25.5520833333
321580,323906,323997,2326,91,8,3600,26.5604395604
321580,323900,323991,2320,91,8,3600,26.4945054945
321580,323891,323981,2311,90,8,3600,26.6777777778
321581,324113,324204,2532,91,8,3600,28.8241758242
321581,324103,324192,2522,89,8,3600,29.3370786517
321581,324097,324187,2516,90,8,3600,28.9555555556
321581,324071,324161,2490,90,8,3600,28.6666666667
321588,324154,324253,2566,99,8,3600,26.9191919192
321588,324172,324262,2584,90,8,3600,29.7111111111
321588,324199,324287,2611,88,8,3600,30.6704545455
321588,324160,324250,2572,90,8,3600,29.5777777778
321589,324205,324298,2616,93,8,3600,29.1290322581
321589,324267,324362,2678,95,8,3600,29.1894736842
321589,324261,324353,2672,92,8,3600,30.0434782609
321589,324215,324306,2626,91,8,3600,29.8571428571
321589,324374,324468,2785,94,8,3600,30.6276595745
321589,324273,324364,2684,91,8,3600,30.4945054945
321589,324309,324399,2720,90,8,3600,31.2222222222
321589,324298,324388,2709,90,8,3600,31.1
321589,324364,324453,2775,89,8,3600,32.1797752809
321589,324317,324407,2728,90,8,3600,31.3111111111
321590,324502,324591,2912,89,8,3600,33.7191011236
321590,324380,324470,2790,90,8,3600,32.0
321590,324480,324574,2890,94,8,3600,31.7446808511
321590,324491,324581,2901,90,8,3600,33.2333333333
321590,324399,324491,2809,92,8,3600,31.5326086957
321590,324418,324508,2828,90,8,3600,32.4222222222
321590,324523,324614,2933,91,8,3600,33.2307692308
321590,324511,324605,2921,94,8,3600,32.0744680851
321590,324410,324499,2820,89,8,3600,32.6853932584
321590,324463,324556,2873,93,8,3600,31.8924731183
321591,324626,324718,3035,92,8,3600,33.9891304348
321591,324585,324681,2994,96,8,3600,32.1875
321591,324603,324695,3012,92,8,3600,33.7391304348
321591,324568,324658,2977,90,8,3600,34.0777777778
321591,324616,324707,3025,91,8,3600,34.2417582418
321591,324592,324681,3001,89,8,3600,34.7191011236
321601,321608,324322,7,2714,2,18000,1.00257921887
321625,321636,324425,11,2789,2,18000,1.00394406597
321653,321661,324318,8,2657,2,72000,1.00301091457
321662,321672,324504,10,2832,2,18000,1.00353107345
321679,321689,324428,10,2739,2,18000,1.00365096751
321733,321744,324684,11,2940,2,18000,1.0037414966
321751,321762,324475,11,2713,2,18000,1.00405455216
321761,321773,322177,12,404,1,180000,1.0297029703
321772,321779,324414,7,2635,2,18000,1.00265654649
321773,321784,331080,11,9296,1,180000,1.00118330465
321785,322137,322431,352,294,1,180000,2.19727891156
321820,321828,324638,8,2810,2,18000,1.00284697509
321870,321879,324655,9,2776,2,18000,1.00324207493
321889,321894,324646,5,2752,2,18000,1.00181686047
321948,321954,324854,6,2900,2,18000,1.00206896552
321949,321960,324808,11,2848,2,18000,1.00386235955
321967,321973,324798,6,2825,2,18000,1.00212389381
322050,322058,324974,8,2916,2,18000,1.00274348422
322233,322243,324927,10,2684,2,18000,1.00372578241
322289,322296,324980,7,2684,2,18000,1.00260804769
322303,322309,322354,6,45,4,300,1.13333333333
322324,322334,325197,10,2863,2,18000,1.00349283968
322506,322515,325451,9,2936,2,18000,1.0030653951
322511,322521,323296,10,775,2,72000,1.01290322581
322615,322625,325423,10,2798,2,18000,1.00357398142
322644,322652,325465,8,2813,2,18000,1.00284393886
322848,322857,325620,9,2763,2,18000,1.00325732899
322974,322982,325654,8,2672,2,18000,1.00299401198
323040,323049,325630,9,2581,2,18000,1.00348702053
323059,323066,326006,7,2940,2,18000,1.00238095238
323061,323077,325903,16,2826,2,18000,1.00566171267
323087,323093,325854,6,2761,2,18000,1.00217312568
323187,323193,325913,6,2720,2,18000,1.00220588235
323312,323318,325997,6,2679,2,18000,1.00223964166
323340,323349,326088,9,2739,2,18000,1.00328587076
323455,323461,377471,6,54010,4,53999,1.00011109054
323717,323725,326450,8,2725,2,18000,1.00293577982
323719,323730,340407,11,16677,1,180000,1.00065959105
323722,323736,339476,14,15740,1,180000,1.00088945362
323759,323767,326574,8,2807,2,18000,1.00285001781
323814,323822,326634,8,2812,2,18000,1.00284495021
323845,323857,326488,12,2631,2,18000,1.00456100342
323846,323862,326686,16,2824,2,18000,1.00566572238
323863,323873,326671,10,2798,2,18000,1.00357398142
324000,324008,326818,8,2810,2,18000,1.00284697509
324017,324023,326776,6,2753,2,18000,1.00217944061
324019,324029,326709,10,2680,2,18000,1.00373134328
324035,324040,326689,5,2649,2,18000,1.00188750472
324081,324091,326819,10,2728,2,18000,1.00366568915
324327,324334,327188,7,2854,2,18000,1.00245269797
324416,324425,327197,9,2772,2,18000,1.00324675325
324432,324439,327147,7,2708,2,18000,1.00258493353
324434,324445,327234,11,2789,2,18000,1.00394406597
324478,324486,327185,8,2699,2,18000,1.00296406076
324509,324517,327393,8,2876,2,18000,1.00278164117
324642,324649,327353,7,2704,2,18000,1.0025887574
324660,324666,327616,6,2950,2,18000,1.00203389831
324661,324672,327577,11,2905,2,18000,1.00378657487
324689,324695,327535,6,2840,2,18000,1.00211267606
324805,324811,327574,6,2763,2,18000,1.00217155266
324821,324827,327627,6,2800,2,18000,1.00214285714
324856,324865,327648,9,2783,2,18000,1.00323392023
324929,324938,327618,9,2680,2,18000,1.00335820896
324976,324985,327600,9,2615,2,18000,1.0034416826
324993,324999,327701,6,2702,2,18000,1.00222057735
325026,325032,337407,6,12375,2,72000,1.00048484848
325133,325139,332185,6,7046,2,432000,1.00085154698
325202,325208,327826,6,2618,2,18000,1.00229182582
325264,325274,325321,10,47,2,3600,1.21276595745
325264,325316,325363,52,47,2,3600,2.10638297872
325264,325306,325349,42,43,2,3600,1.97674418605
325264,325301,325347,37,46,2,3600,1.80434782609
325264,325311,325358,47,47,2,3600,2.0
325264,325290,325337,26,47,2,3600,1.55319148936
325264,325285,325329,21,44,2,3600,1.47727272727
325264,325279,325325,15,46,2,3600,1.32608695652
325264,325269,325316,5,47,2,3600,1.10638297872
325264,325296,325342,32,46,2,3600,1.69565217391
325265,325362,325407,97,45,2,3600,3.15555555556
325265,325321,325368,56,47,2,3600,2.1914893617
325265,325327,325371,62,44,2,3600,2.40909090909
325265,325337,325382,72,45,2,3600,2.6
325265,325342,325388,77,46,2,3600,2.67391304348
325265,325347,325393,82,46,2,3600,2.78260869565
325265,325352,325395,87,43,2,3600,3.02325581395
325265,325357,325403,92,46,2,3600,3.0
325265,325368,325412,103,44,2,3600,3.34090909091
325265,325332,325376,67,44,2,3600,2.52272727273
325265,325373,325416,108,43,2,3600,3.51162790698
325266,343761,343808,18495,47,2,3600,394.510638298
325266,325378,325422,112,44,2,3600,3.54545454545
325266,325383,325429,117,46,2,3600,3.54347826087
325266,325388,325434,122,46,2,3600,3.65217391304
325266,343874,343920,18608,46,2,3600,405.52173913
325266,343869,343915,18603,46,2,3600,405.413043478
325266,343864,343911,18598,47,2,3600,396.70212766
325266,343823,343869,18557,46,2,3600,404.413043478
325266,343691,343741,18425,50,2,3600,369.5
325284,343885,343925,18601,40,2,3600,466.025
325284,343879,343921,18595,42,2,3600,443.738095238
325285,343905,343946,18620,41,2,3600,455.146341463
325285,343900,343941,18615,41,2,3600,455.024390244
325285,343895,343936,18610,41,2,3600,454.902439024
325285,343920,343960,18635,40,2,3600,466.875
325285,343890,343931,18605,41,2,3600,454.780487805
325285,343931,343971,18646,40,2,3600,467.15
325285,343910,343951,18625,41,2,3600,455.268292683
325285,343925,343967,18640,42,2,3600,444.80952381
325285,343915,343957,18630,42,2,3600,444.571428571
325286,343943,343984,18657,41,2,3600,456.048780488
325286,343948,343988,18662,40,2,3600,467.55
325286,343953,343994,18667,41,2,3600,456.292682927
325286,344390,344430,19104,40,2,3600,478.6
325286,344395,344439,19109,44,2,3600,435.295454545
325286,343958,343998,18672,40,2,3600,467.8
325286,344362,344405,19076,43,2,3600,444.627906977
325286,344357,344399,19071,42,2,3600,455.071428571
325286,344400,344440,19114,40,2,3600,478.85
325286,343963,344006,18677,43,2,3600,435.348837209
325287,343999,344037,18712,38,2,3600,493.421052632
325287,344004,344046,18717,42,2,3600,446.642857143
325287,343994,344034,18707,40,2,3600,468.675
325287,343989,344030,18702,41,2,3600,457.146341463
325287,344405,344448,19118,43,2,3600,445.604651163
325287,343978,344020,18691,42,2,3600,446.023809524
325287,343973,344016,18686,43,2,3600,435.558139535
325287,343968,344007,18681,39,2,3600,480.0
325287,343984,344024,18697,40,2,3600,468.425
325295,344030,344070,18735,40,2,3600,469.375
325295,344024,344066,18729,42,2,3600,446.928571429
325295,344035,344075,18740,40,2,3600,469.5
325295,344014,344054,18719,40,2,3600,468.975
325295,344009,344050,18714,41,2,3600,457.43902439
325295,344019,344059,18724,40,2,3600,469.1
325296,344103,344145,18807,42,2,3600,448.785714286
325296,344040,344077,18744,37,2,3600,507.594594595
325296,344045,344085,18749,40,2,3600,469.725
325296,344050,344088,18754,38,2,3600,494.526315789
325296,344055,344094,18759,39,2,3600,482.0
325296,344065,344104,18769,39,2,3600,482.256410256
325296,344088,344128,18792,40,2,3600,470.8
325296,344093,344133,18797,40,2,3600,470.925
325296,344098,344137,18802,39,2,3600,483.102564103
325296,344108,344149,18812,41,2,3600,459.829268293
325296,344060,344100,18764,40,2,3600,470.1
325297,344154,344194,18857,40,2,3600,472.425
325297,344149,344189,18852,40,2,3600,472.3
325297,344139,344186,18842,47,2,3600,401.893617021
325297,344144,344186,18847,42,2,3600,449.738095238
325297,344134,344175,18837,41,2,3600,460.43902439
325297,344129,344171,18832,42,2,3600,449.380952381
325297,344124,344163,18827,39,2,3600,483.743589744
325297,344119,344160,18822,41,2,3600,460.073170732
325297,344113,344153,18816,40,2,3600,471.4
325297,344159,344200,18862,41,2,3600,461.048780488
325298,344175,344215,18877,40,2,3600,472.925
325298,344165,344205,18867,40,2,3600,472.675
325298,344170,344210,18872,40,2,3600,472.8
325307,344180,344220,18873,40,2,3600,472.825
325307,344185,344225,18878,40,2,3600,472.95
325307,344190,344230,18883,40,2,3600,473.075
325307,344195,344236,18888,41,2,3600,461.682926829
325307,344200,344241,18893,41,2,3600,461.804878049
325307,344206,344248,18899,42,2,3600,450.976190476
325308,344265,344303,18957,38,2,3600,499.868421053
325308,344280,344321,18972,41,2,3600,463.731707317
325308,344275,344313,18967,38,2,3600,500.131578947
325308,344270,344309,18962,39,2,3600,487.205128205
325308,344259,344300,18951,41,2,3600,463.219512195
325308,344249,344288,18941,39,2,3600,486.666666667
325308,344244,344283,18936,39,2,3600,486.538461538
325308,344239,344279,18931,40,2,3600,474.275
325308,344211,344250,18903,39,2,3600,485.692307692
325308,344254,344294,18946,40,2,3600,474.65
325309,344316,344356,19007,40,2,3600,476.175
325309,344331,344370,19022,39,2,3600,488.743589744
325309,344336,344376,19027,40,2,3600,476.675
325309,344311,344350,19002,39,2,3600,488.230769231
325309,344306,344345,18997,39,2,3600,488.102564103
325309,344300,344340,18991,40,2,3600,475.775
325309,344295,344335,18986,40,2,3600,475.65
325309,344290,344329,18981,39,2,3600,487.692307692
325309,344285,344323,18976,38,2,3600,500.368421053
325309,344326,344367,19017,41,2,3600,464.829268293
325309,344321,344362,19012,41,2,3600,464.707317073
325310,344346,344386,19036,40,2,3600,476.9
325310,344352,344391,19042,39,2,3600,489.256410256
325310,344341,344381,19031,40,2,3600,476.775
325370,325405,325419,35,14,32,3600,3.5
325370,325433,325442,63,9,32,3600,7.2
325370,343056,343064,17686,8,32,3600,1769.4
325371,343126,343135,17755,9,32,3600,1776.4
325371,343066,343077,17695,11,32,3600,1609.63636364
325371,343071,343082,17700,11,32,3600,1610.09090909
325371,343084,343098,17713,14,32,3600,1266.21428571
325371,343078,343100,17707,22,32,3600,805.863636364
325371,343090,343101,17719,11,32,3600,1611.81818182
325371,343096,343110,17725,14,32,3600,1267.07142857
325371,343109,343121,17738,12,32,3600,1479.16666667
325371,343115,343123,17744,8,32,3600,1775.2
325371,343120,343131,17749,11,32,3600,1614.54545455
325371,343061,343073,17690,12,32,3600,1475.16666667
325372,343192,343199,17820,7,32,3600,1782.7
325372,343187,343196,17815,9,32,3600,1782.4
325372,343170,343178,17798,8,32,3600,1780.6
325372,343181,343190,17809,9,32,3600,1781.8
325372,343158,343167,17786,9,32,3600,1779.5
325372,343151,343160,17779,9,32,3600,1778.8
325372,343145,343154,17773,9,32,3600,1778.2
325372,343139,343154,17767,15,32,3600,1185.46666667
325372,343133,343147,17761,14,32,3600,1269.64285714
325372,343165,343174,17793,9,32,3600,1780.2
325373,343227,343238,17854,11,32,3600,1624.09090909
325373,343215,343233,17842,18,32,3600,992.222222222
325373,343221,343229,17848,8,32,3600,1785.6
325373,343204,343213,17831,9,32,3600,1784.0
325373,343198,343207,17825,9,32,3600,1783.4
325373,343210,343220,17837,10,32,3600,1784.7
325385,343233,343244,17848,11,32,3600,1623.54545455
325386,343301,343315,17915,14,32,3600,1280.64285714
325386,343283,343309,17897,26,32,3600,689.346153846
325386,343295,343304,17909,9,32,3600,1791.8
325386,343289,343302,17903,13,32,3600,1378.15384615
325386,343277,343290,17891,13,32,3600,1377.23076923
325386,343259,343268,17873,9,32,3600,1788.2
325386,343265,343273,17879,8,32,3600,1788.7
325386,343253,343262,17867,9,32,3600,1787.6
325386,343247,343256,17861,9,32,3600,1787.0
325386,343241,343252,17855,11,32,3600,1624.18181818
325386,343271,343281,17885,10,32,3600,1789.5
325387,343365,343381,17978,16,32,3600,1124.625
325387,343360,343369,17973,9,32,3600,1798.2
325387,343354,343362,17967,8,32,3600,1797.5
325387,343348,343358,17961,10,32,3600,1797.1
325387,343376,343384,17989,8,32,3600,1799.7
325387,343333,343346,17946,13,32,3600,1381.46153846
325387,343328,343338,17941,10,32,3600,1795.1
325387,343322,343333,17935,11,32,3600,1631.45454545
325387,343317,343331,17930,14,32,3600,1281.71428571
325387,343342,343350,17955,8,32,3600,1796.3
325388,343432,343441,18044,9,32,3600,1805.3
325388,343426,343435,18038,9,32,3600,1804.7
325388,343420,343428,18032,8,32,3600,1804.0
325388,343409,343418,18021,9,32,3600,1803.0
325388,343404,343415,18016,11,32,3600,1638.81818182
325388,343387,343396,17999,9,32,3600,1800.8
325388,343382,343391,17994,9,32,3600,1800.3
325388,343398,343418,18010,20,32,3600,901.5
325394,343437,343446,18043,9,32,3600,1805.2
325394,343444,343461,18050,17,32,3600,1062.76470588
325395,343462,343470,18067,8,32,3600,1807.5
325395,343450,343461,18055,11,32,3600,1642.36363636
325395,343456,343467,18061,11,32,3600,1642.90909091
325395,343473,343484,18078,11,32,3600,1644.45454545
325395,343478,343495,18083,17,32,3600,1064.70588235
325395,343484,343495,18089,11,32,3600,1645.45454545
325395,343489,343498,18094,9,32,3600,1810.3
325395,343495,343506,18100,11,32,3600,1646.45454545
325395,343506,343515,18111,9,32,3600,1812.0
325395,343511,343520,18116,9,32,3600,1812.5
325395,343517,343526,18122,9,32,3600,1813.1
325396,343584,343596,18188,12,32,3600,1516.66666667
325396,343572,343583,18176,11,32,3600,1653.36363636
325396,343567,343583,18171,16,32,3600,1136.6875
325396,343561,343570,18165,9,32,3600,1817.4
325396,343552,343565,18156,13,32,3600,1397.61538462
325396,343534,343551,18138,17,32,3600,1067.94117647
325396,343540,343550,18144,10,32,3600,1815.4
325396,343528,343537,18132,9,32,3600,1814.1
325396,343522,343532,18126,10,32,3600,1813.6
325396,343546,343555,18150,9,32,3600,1815.9
325397,343618,343629,18221,11,32,3600,1657.45454545
325397,343623,343640,18226,17,32,3600,1073.11764706
325397,343612,343629,18215,17,32,3600,1072.47058824
325397,343629,343647,18232,18,32,3600,1013.88888889
325397,343596,343607,18199,11,32,3600,1655.45454545
325397,343590,343599,18193,9,32,3600,1820.2
325397,343601,343610,18204,9,32,3600,1821.3
325404,343640,343653,18236,13,32,3600,1403.76923077
325404,343645,343658,18241,13,32,3600,1404.15384615
325404,343651,343669,18247,18,32,3600,1014.72222222
325404,343658,343671,18254,13,32,3600,1405.15384615
325405,343702,343714,18297,12,32,3600,1525.75
325405,343697,343710,18292,13,32,3600,1408.07692308
325405,343708,343721,18303,13,32,3600,1408.92307692
325405,343675,343687,18270,12,32,3600,1523.5
325405,343669,343682,18264,13,32,3600,1405.92307692
325405,343686,343698,18281,12,32,3600,1524.41666667
325406,343721,343733,18315,12,32,3600,1527.25
325406,343713,343734,18307,21,32,3600,872.761904762
325406,343727,343740,18321,13,32,3600,1410.30769231
325406,343733,343746,18327,13,32,3600,1410.76923077
325406,343744,343757,18338,13,32,3600,1411.61538462
325406,343749,343764,18343,15,32,3600,1223.86666667
325406,343756,343767,18350,11,32,3600,1669.18181818
325407,343817,343829,18410,12,32,3600,1535.16666667
325407,343835,343847,18428,12,32,3600,1536.66666667
325407,343829,343842,18422,13,32,3600,1418.07692308
325407,343811,343829,18404,18,32,3600,1023.44444444
325407,343806,343819,18399,13,32,3600,1416.30769231
325407,343788,343801,18381,13,32,3600,1414.92307692
325407,343783,343795,18376,12,32,3600,1532.33333333
325407,343778,343793,18371,15,32,3600,1225.73333333
325407,343772,343785,18365,13,32,3600,1413.69230769
325407,343800,343814,18393,14,32,3600,1314.78571429
325408,343841,343857,18433,16,32,3600,1153.0625
325408,343846,343858,18438,12,32,3600,1537.5
325408,343853,343865,18445,12,32,3600,1538.08333333
325421,325427,420335,6,94908,4,360000,1.00006321912
325430,325439,328264,9,2825,2,18000,1.00318584071
325443,339412,339443,13969,31,128,3600,451.612903226
325443,339455,339471,14012,16,128,3600,876.75
325443,339482,339505,14039,23,128,3600,611.391304348
325443,339516,339535,14073,19,128,3600,741.684210526
325444,339546,339555,14102,9,128,3600,1411.1
325444,340381,340404,14937,23,128,3600,650.434782609
325444,340271,340291,14827,20,128,3600,742.35
325444,340328,340345,14884,17,128,3600,876.529411765
325444,340302,340316,14858,14,128,3600,1062.28571429
325444,340243,340260,14799,17,128,3600,871.529411765
325444,340218,340232,14774,14,128,3600,1056.28571429
325444,340191,340207,14747,16,128,3600,922.6875
325444,340163,340180,14719,17,128,3600,866.823529412
325444,340356,340370,14912,14,128,3600,1066.14285714
325445,340672,340689,15227,17,128,3600,896.705882353
325445,340645,340661,15200,16,128,3600,951.0
325445,340496,340509,15051,13,128,3600,1158.76923077
325445,340587,340605,15142,18,128,3600,842.222222222
325445,340553,340575,15108,22,128,3600,687.727272727
325445,340520,340537,15075,17,128,3600,887.764705882
325445,340470,340485,15025,15,128,3600,1002.66666667
325445,340446,340458,15001,12,128,3600,1251.08333333
325445,340415,340435,14970,20,128,3600,749.5
325445,340617,340633,15172,16,128,3600,949.25
325446,340700,340711,15254,11,128,3600,1387.72727273
325446,339566,339582,14120,16,128,3600,883.5
325446,339593,339606,14147,13,128,3600,1089.23076923
325446,339617,339633,14171,16,128,3600,886.6875
325446,339644,339653,14198,9,128,3600,1420.7
325446,339664,339688,14218,24,128,3600,593.416666667
325452,339740,339760,14288,20,128,3600,715.4
325452,339771,339789,14319,18,128,3600,796.5
325452,339800,339822,14348,22,128,3600,653.181818182
325452,339700,339724,14248,24,128,3600,594.666666667
325453,325462,328294,9,2832,2,18000,1.0031779661
325453,340105,340127,14652,22,128,3600,667.0
325453,340081,340094,14628,13,128,3600,1126.23076923
325453,340138,340152,14685,14,128,3600,1049.92857143
325453,340055,340070,14602,15,128,3600,974.466666667
325453,340025,340044,14572,19,128,3600,767.947368421
325453,339992,340014,14539,22,128,3600,661.863636364
325453,339963,339981,14510,18,128,3600,807.111111111
325453,339930,339952,14477,22,128,3600,659.045454545
325453,339889,339919,14436,30,128,3600,482.2
325453,339863,339878,14410,15,128,3600,961.666666667
325453,339836,339852,14383,16,128,3600,899.9375
325454,340815,340840,15361,25,128,3600,615.44
325454,340852,340865,15398,13,128,3600,1185.46153846
325454,341131,341143,15677,12,128,3600,1307.41666667
325454,340994,341008,15540,14,128,3600,1111.0
325454,340963,340983,15509,20,128,3600,776.45
325454,340939,340952,15485,13,128,3600,1192.15384615
325454,340910,340928,15456,18,128,3600,859.666666667
325454,340876,340899,15422,23,128,3600,671.52173913
325454,340727,340741,15273,14,128,3600,1091.92857143
325454,340752,340771,15298,19,128,3600,806.157894737
325454,340782,340795,15328,13,128,3600,1180.07692308
325455,341077,341093,15622,16,128,3600,977.375
325455,341048,341066,15593,18,128,3600,867.277777778
325455,341019,341037,15564,18,128,3600,865.666666667
325455,341104,341120,15649,16,128,3600,979.0625
325461,341183,341207,15722,24,128,3600,656.083333333
325461,341223,341243,15762,20,128,3600,789.1
325461,341259,341274,15798,15,128,3600,1054.2
325461,341285,341304,15824,19,128,3600,833.842105263
325461,341347,341364,15886,17,128,3600,935.470588235
325461,341376,341391,15915,15,128,3600,1062.0
325461,341315,341336,15854,21,128,3600,755.952380952
325461,341154,341172,15693,18,128,3600,872.833333333
325462,341708,341725,16246,17,128,3600,956.647058824
325462,341675,341695,16213,20,128,3600,811.65
325462,341643,341664,16181,21,128,3600,771.523809524
325462,341591,341607,16129,16,128,3600,1009.0625
325462,341618,341632,16156,14,128,3600,1155.0
325462,341520,341546,16058,26,128,3600,618.615384615
325462,341488,341509,16026,21,128,3600,764.142857143
325462,341456,341476,15994,20,128,3600,800.7
325462,341431,341445,15969,14,128,3600,1141.64285714
325462,341402,341419,15940,17,128,3600,938.647058824
325462,341559,341580,16097,21,128,3600,767.523809524
325463,341978,341994,16515,16,128,3600,1033.1875
325463,342032,342046,16569,14,128,3600,1184.5
325463,342005,342021,16542,16,128,3600,1034.875
325463,341944,341966,16481,22,128,3600,750.136363636
325463,341768,341788,16305,20,128,3600,816.25
325463,341885,341901,16422,16,128,3600,1027.375
325463,341859,341874,16396,15,128,3600,1094.06666667
325463,341826,341848,16363,22,128,3600,744.772727273
325463,341799,341815,16336,16,128,3600,1022.0
325463,341736,341757,16273,21,128,3600,775.904761905
325463,341912,341932,16449,20,128,3600,823.45
325469,342057,342079,16588,22,128,3600,755.0
325469,342090,342113,16621,23,128,3600,723.652173913
325470,325476,328265,6,2789,2,18000,1.00215130871
325470,342225,342246,16755,21,128,3600,798.857142857
325470,342399,342428,16929,29,128,3600,584.75862069
325470,342187,342212,16717,25,128,3600,669.68
325470,342157,342176,16687,19,128,3600,879.263157895
325470,342124,342145,16654,21,128,3600,794.047619048
325470,342287,342306,16817,19,128,3600,886.105263158
325470,342318,342342,16848,24,128,3600,703.0
325470,342359,342388,16889,29,128,3600,583.379310345
325470,342257,342276,16787,19,128,3600,884.526315789
325470,342475,342499,17005,24,128,3600,709.541666667
325470,342439,342463,16969,24,128,3600,708.041666667
325471,342675,342693,17204,18,128,3600,956.777777778
325471,342637,342664,17166,27,128,3600,636.777777778
325471,342608,342626,17137,18,128,3600,953.055555556
325471,342578,342596,17107,18,128,3600,951.388888889
325471,342544,342567,17073,23,128,3600,743.304347826
325471,342510,342533,17039,23,128,3600,741.826086957
325471,342742,342759,17271,17,128,3600,1016.94117647
325471,342770,342793,17299,23,128,3600,753.130434783
325471,342704,342731,17233,27,128,3600,639.259259259
325471,342804,342824,17333,20,128,3600,867.65
325472,342954,342975,17482,21,128,3600,833.476190476
325472,342986,343013,17514,27,128,3600,649.666666667
325472,342866,342884,17394,18,128,3600,967.333333333
325472,342895,342914,17423,19,128,3600,918.0
325472,342925,342943,17453,18,128,3600,970.611111111
325472,343024,343045,17552,21,128,3600,836.80952381
325472,342835,342855,17363,20,128,3600,869.15
325623,325632,328350,9,2718,2,18000,1.00331125828
325640,325646,328507,6,2861,2,18000,1.00209716882
325656,325665,328545,9,2880,2,18000,1.003125
325743,325785,347230,42,21445,1,180000,1.00195849848
325860,325865,328534,5,2669,2,18000,1.00187336081
325908,325914,328604,6,2690,2,18000,1.00223048327
325924,325930,328859,6,2929,2,18000,1.00204848071
326001,326008,328920,7,2912,2,18000,1.00240384615
326019,326025,328735,6,2710,2,18000,1.00221402214
326092,326099,328813,7,2714,2,18000,1.00257921887
326192,326199,353232,7,27033,1,180000,1.00025894277
326199,330748,414962,4549,84214,1,180000,1.05401714679
326455,326461,329111,6,2650,2,18000,1.00226415094
326493,326499,329363,6,2864,2,18000,1.00209497207
326577,326585,329361,8,2776,2,18000,1.00288184438
326604,331091,387363,4487,56272,1,180000,1.07973770259
326636,326646,329454,10,2808,2,18000,1.00356125356
326674,326683,329592,9,2909,2,18000,1.00309384668
326692,326698,329544,6,2846,2,18000,1.00210822207
326693,326704,329386,11,2682,2,18000,1.00410141685
326714,326720,329453,6,2733,2,18000,1.00219538968
326778,326787,329583,9,2796,2,18000,1.00321888412
326824,326830,329558,6,2728,2,18000,1.00219941349
326825,326836,329503,11,2667,2,18000,1.00412448444
327153,327159,329942,6,2783,2,18000,1.00215594682
327197,327203,329950,6,2747,2,18000,1.00218420095
327198,327209,330126,11,2917,2,18000,1.0037709976
327199,327214,330144,15,2930,2,18000,1.00511945392
327242,327248,330050,6,2802,2,18000,1.00214132762
327355,327365,330096,10,2731,2,18000,1.00366166239
327394,327404,330313,10,2909,2,18000,1.00343760743
327540,327545,330388,5,2843,2,18000,1.00175870559
327581,327587,330401,6,2814,2,18000,1.00213219616
327582,327593,330384,11,2791,2,18000,1.0039412397
327604,327611,330435,7,2824,2,18000,1.00247875354
327621,327627,330365,6,2738,2,18000,1.00219138057
327622,327633,330454,11,2821,2,18000,1.00389932648
327638,327645,330390,7,2745,2,18000,1.00255009107
327655,327661,330503,6,2842,2,18000,1.0021111893
327707,327714,330382,7,2668,2,18000,1.00262368816
327830,327837,330730,7,2893,2,18000,1.0024196336
328268,328275,331133,7,2858,2,18000,1.00244926522
328270,328281,331150,11,2869,2,18000,1.00383408853
328296,328305,331143,9,2838,2,18000,1.00317124736
328352,328361,331113,9,2752,2,18000,1.00327034884
328509,328518,331316,9,2798,2,18000,1.00321658327
328545,328551,331322,6,2771,2,18000,1.00216528329
328546,328557,331440,11,2883,2,18000,1.00381547
328611,328617,331385,6,2768,2,18000,1.00216763006
328739,328746,331565,7,2819,2,18000,1.00248315005
328820,328826,331623,6,2797,2,18000,1.00214515552
328865,328871,331625,6,2754,2,18000,1.00217864924
328923,328931,331634,8,2703,2,18000,1.00295967444
329115,329123,332000,8,2877,2,18000,1.00278067431
329367,329374,332217,7,2843,2,18000,1.00246218783
329369,329380,332110,11,2730,2,18000,1.00402930403
329391,329397,332075,6,2678,2,18000,1.00224047797
329459,329465,332237,6,2772,2,18000,1.00216450216
329461,329471,332312,10,2841,2,18000,1.00351988736
329509,329515,332236,6,2721,2,18000,1.00220507166
329550,329556,332391,6,2835,2,18000,1.00211640212
329567,329573,332241,6,2668,2,18000,1.00224887556
329590,329596,332329,6,2733,2,18000,1.00219538968
329615,329621,332393,6,2772,2,18000,1.00216450216
329944,329953,332735,9,2782,2,18000,1.00323508267
329960,329966,332756,6,2790,2,18000,1.00215053763
330053,330063,332824,10,2761,2,18000,1.00362187613
330100,330108,332908,8,2800,2,18000,1.00285714286
330135,330141,332956,6,2815,2,18000,1.00213143872
330154,330160,332950,6,2790,2,18000,1.00215053763
330315,330324,333137,9,2813,2,18000,1.00319943121
330368,330376,333124,8,2748,2,18000,1.00291120815
330393,330399,333198,6,2799,2,18000,1.00214362272
330394,330405,333249,11,2844,2,18000,1.00386779184
330395,330410,333295,15,2885,2,18000,1.00519930676
330397,330415,333134,18,2719,2,18000,1.00662008091
330415,330421,333106,6,2685,2,18000,1.00223463687
330439,330446,333048,7,2602,2,18000,1.00269023828
330460,330466,333226,6,2760,2,18000,1.00217391304
330510,330516,333265,6,2749,2,18000,1.00218261186
330733,330742,333551,9,2809,2,18000,1.00320398718
331115,331124,333842,9,2718,2,18000,1.00331125828
331137,331144,333886,7,2742,2,18000,1.00255288111
331153,331159,333999,6,2840,2,18000,1.00211267606
331155,331165,334052,10,2887,2,18000,1.00346380326
331317,331327,334072,10,2745,2,18000,1.00364298725
331337,331343,334043,6,2700,2,18000,1.00222222222
331387,331397,334219,10,2822,2,18000,1.00354358611
331444,331451,334252,7,2801,2,18000,1.00249910746
331569,331576,334439,7,2863,2,18000,1.00244498778
331628,331634,334394,6,2760,2,18000,1.00217391304
331629,331640,334231,11,2591,2,18000,1.00424546507
331645,331651,334504,6,2853,2,18000,1.00210304942
332004,332011,334810,7,2799,2,18000,1.00250089318
332077,332086,334772,9,2686,2,18000,1.00335070737
332114,332122,334913,8,2791,2,18000,1.00286635614
332226,332232,335062,6,2830,2,18000,1.00212014134
332245,332251,335153,6,2902,2,18000,1.00206753963
332246,332257,334968,11,2711,2,18000,1.00405754334
332248,332262,335123,14,2861,2,18000,1.00489339392
332314,332323,335000,9,2677,2,18000,1.00336197236
332331,332340,335212,9,2872,2,18000,1.00313370474
332394,332401,335132,7,2731,2,18000,1.00256316368
332395,332408,335212,13,2804,2,18000,1.00463623395
332738,332746,335534,8,2788,2,18000,1.00286944046
332758,332767,335483,9,2716,2,18000,1.00331369661
332831,332836,335590,5,2754,2,18000,1.00181554103
332925,332931,335618,6,2687,2,18000,1.00223297358
332958,332965,335695,7,2730,2,18000,1.00256410256
332960,332971,335660,11,2689,2,18000,1.00409074005
333053,333060,335764,7,2704,2,18000,1.0025887574
333113,333119,335893,6,2774,2,18000,1.0021629416
333129,333135,336050,6,2915,2,18000,1.00205831904
333145,333152,335933,7,2781,2,18000,1.00251708019
333147,333158,335833,11,2675,2,18000,1.00411214953
333201,333209,336021,8,2812,2,18000,1.00284495021
333228,333238,336133,10,2895,2,18000,1.00345423143
333251,333261,335927,10,2666,2,18000,1.00375093773
333268,333276,336032,8,2756,2,18000,1.00290275762
333297,333306,336151,9,2845,2,18000,1.00316344464
333553,333562,336402,9,2840,2,18000,1.00316901408
333849,333856,336546,7,2690,2,18000,1.00260223048
333890,333897,336802,7,2905,2,18000,1.00240963855
334002,334010,336708,8,2698,2,18000,1.00296515938
334045,334055,336799,10,2744,2,18000,1.00364431487
334062,334068,336830,6,2762,2,18000,1.00217233888
334079,334085,336903,6,2818,2,18000,1.00212916962
334241,334247,336977,6,2730,2,18000,1.0021978022
334242,334253,337066,11,2813,2,18000,1.00391041593
334260,334266,337084,6,2818,2,18000,1.00212916962
334395,334405,337252,10,2847,2,18000,1.00351246927
334442,334450,337366,8,2916,2,18000,1.00274348422
334508,334515,337174,7,2659,2,18000,1.00263256863
334774,334784,337574,10,2790,2,18000,1.00358422939
334812,334821,337650,9,2829,2,18000,1.00318133616
334915,334924,337679,9,2755,2,18000,1.00326678766
334921,334930,334932,9,2,2,300,1.1
334970,334979,337650,9,2671,2,18000,1.00336952452
335004,335012,337837,8,2825,2,18000,1.00283185841
335066,335073,337794,7,2721,2,18000,1.00257258361
335127,335134,338037,7,2903,2,18000,1.00241129866
335147,335153,337989,6,2836,2,18000,1.00211565585
335163,335169,337986,6,2817,2,18000,1.00212992545
335215,335222,337998,7,2776,2,18000,1.00252161383
335216,335228,338166,12,2938,2,18000,1.00408441116
335488,335494,338336,6,2842,2,18000,1.0021111893
335536,335545,338446,9,2901,2,18000,1.00310237849
335592,335601,338440,9,2839,2,18000,1.00317013033
335620,335629,338369,9,2740,2,18000,1.00328467153
335662,335671,338457,9,2786,2,18000,1.0032304379
335699,335706,338503,7,2797,2,18000,1.00250268144
335766,335775,338427,9,2652,2,18000,1.00339366516
335833,335844,338586,11,2742,2,18000,1.00401167031
335895,335904,338788,9,2884,2,18000,1.00312066574
335928,335939,338749,11,2810,2,18000,1.00391459075
335945,335951,338724,6,2773,2,18000,1.0021637216
336026,336032,338833,6,2801,2,18000,1.00214209211
336046,336052,338755,6,2703,2,18000,1.00221975583
336064,336070,338675,6,2605,2,18000,1.00230326296
336135,336144,338882,9,2738,2,18000,1.00328707085
336153,336162,338998,9,2836,2,18000,1.00317348378
336404,336413,339231,9,2818,2,18000,1.00319375444
336550,336558,339331,8,2773,2,18000,1.00288496213
336711,336719,339570,8,2851,2,18000,1.00280603297
336804,336810,339617,6,2807,2,18000,1.00213751336
336805,336816,339512,11,2696,2,18000,1.00408011869
336834,336843,339667,9,2824,2,18000,1.00318696884
336908,336914,339660,6,2746,2,18000,1.00218499636
336982,336988,339819,6,2831,2,18000,1.00211939244
337072,337078,339724,6,2646,2,18000,1.0022675737
337091,337097,339907,6,2810,2,18000,1.00213523132
337177,337185,339863,8,2678,2,18000,1.00298730396
337255,337263,340027,8,2764,2,18000,1.00289435601
337371,337377,340130,6,2753,2,18000,1.00217944061
337583,337590,340152,7,2562,2,18000,1.00273224044
337655,337661,340420,6,2759,2,18000,1.00217470098
337656,337667,340526,11,2859,2,18000,1.00384749913
337682,337690,340493,8,2803,2,18000,1.00285408491
337808,337814,340515,6,2701,2,18000,1.00222139948
337838,337848,340595,10,2747,2,18000,1.00364033491
337994,338000,340779,6,2779,2,18000,1.00215905002
337995,338006,340712,11,2706,2,18000,1.00406504065
338013,338019,340790,6,2771,2,18000,1.00216528329
338045,338051,340778,6,2727,2,18000,1.00220022002
338172,338177,340934,5,2757,2,18000,1.00181356547
338254,338260,338265,6,5,2,300,1.1
338272,338278,338306,6,28,2,300,1.21428571429
338318,338324,338359,6,35,2,360,1.17142857143
338338,338347,341107,9,2760,2,18000,1.00326086957
338367,338373,338603,6,230,2,300,1.02608695652
338373,338380,341238,7,2858,2,18000,1.00244926522
338430,338439,341183,9,2744,2,18000,1.00327988338
338447,338453,341392,6,2939,2,18000,1.00204151072
338448,338459,341206,11,2747,2,18000,1.0040043684
338469,338475,341234,6,2759,2,18000,1.00217470098
338504,338514,341165,10,2651,2,18000,1.00377216145
338602,338608,341382,6,2774,2,18000,1.0021629416
338622,338628,338638,6,10,2,300,1.6
338645,338651,338675,6,24,2,300,1.25
338683,338694,338721,11,27,2,300,1.40740740741
338683,338689,341483,6,2794,2,18000,1.00214745884
338727,338735,341623,8,2888,2,18000,1.0027700831
338730,338741,339078,11,337,2,360,1.03264094955
338752,338761,341547,9,2786,2,18000,1.0032304379
338769,338775,341679,6,2904,2,18000,1.0020661157
338791,338799,341539,8,2740,2,18000,1.00291970803
338838,338844,341558,6,2714,2,18000,1.00221075903
338884,338893,341609,9,2716,2,18000,1.00331369661
339010,339016,341668,6,2652,2,18000,1.00226244344
339091,339098,339401,7,303,2,360,1.02310231023
339233,339242,342006,9,2764,2,18000,1.00325615051
339332,339342,342194,10,2852,2,18000,1.00350631136
339515,339524,342339,9,2815,2,18000,1.00319715808
339572,339581,342333,9,2752,2,18000,1.00327034884
339623,339628,342344,5,2716,2,18000,1.00184094256
339662,339671,342392,9,2721,2,18000,1.0033076075
339680,339686,342653,6,2967,2,18000,1.00202224469
339728,339735,342477,7,2742,2,18000,1.00255288111
339821,339830,342638,9,2808,2,18000,1.00320512821
339868,339874,342643,6,2769,2,18000,1.00216684724
339915,339921,342609,6,2688,2,18000,1.00223214286
340033,340039,342699,6,2660,2,18000,1.0022556391
340103,340111,648530,8,308419,1,360000,1.00002593874
340139,340144,342877,5,2733,2,18000,1.0018294914
340159,340169,343019,10,2850,2,18000,1.00350877193
340426,340431,343158,5,2727,2,18000,1.00183351669
340505,340511,343356,6,2845,2,18000,1.00210896309
340522,340529,343381,7,2852,2,18000,1.00245441795
340541,340547,343300,6,2753,2,18000,1.00217944061
340604,340610,343391,6,2781,2,18000,1.0021574973
340713,340722,343559,9,2837,2,18000,1.00317236517
340792,340798,343661,6,2863,2,18000,1.00209570381
340794,340804,343593,10,2789,2,18000,1.00358551452
340795,340809,343650,14,2841,2,18000,1.00492784231
340936,340945,343748,9,2803,2,18000,1.00321084552
341109,341118,343763,9,2645,2,18000,1.0034026465
341170,341176,343904,6,2728,2,18000,1.00219941349
341191,341197,343933,6,2736,2,18000,1.00219298246
341207,341217,343971,10,2754,2,18000,1.00363108206
341242,341248,344157,6,2909,2,18000,1.00206256446
341243,341254,343942,11,2688,2,18000,1.0040922619
341387,341393,344174,6,2781,2,18000,1.0021574973
341403,341409,344075,6,2666,2,18000,1.00225056264
341490,341497,344327,7,2830,2,18000,1.00247349823
341547,341553,344189,6,2636,2,18000,1.00227617602
341555,341565,395596,10,54031,4,53999,1.00018507894
341568,341574,344333,6,2759,2,18000,1.00217470098
341570,341580,344291,10,2711,2,18000,1.00368867577
341614,341624,344406,10,2782,2,18000,1.0035945363
341626,343859,345183,2233,1324,4,53999,2.68655589124
341631,341637,344479,6,2842,2,18000,1.0021111893
341679,341685,344334,6,2649,2,18000,1.00226500566
341696,341702,344392,6,2690,2,18000,1.00223048327
342011,342017,344840,6,2823,2,18000,1.00212539851
342198,342206,344995,8,2789,2,18000,1.00286841162
342213,342219,342283,6,64,2,3540,1.09375
342342,342348,345077,6,2729,2,18000,1.00219860755
342343,342354,345215,11,2861,2,18000,1.00384480951
342360,342366,345152,6,2786,2,18000,1.00215362527
342397,342405,345161,8,2756,2,18000,1.00290275762
342480,342488,345377,8,2889,2,18000,1.00276912426
342612,342621,345396,9,2775,2,18000,1.00324324324
342645,342651,345428,6,2777,2,18000,1.00216060497
342646,342657,345481,11,2824,2,18000,1.00389518414
342670,342681,345408,11,2727,2,18000,1.00403373671
342701,342710,345522,9,2812,2,18000,1.00320056899
342879,342888,345657,9,2769,2,18000,1.00325027086
343021,343030,345691,9,2661,2,18000,1.00338218715
343164,343176,345871,12,2695,2,18000,1.00445269017
343301,343311,346176,10,2865,2,18000,1.0034904014
343364,343371,346080,7,2709,2,18000,1.00258397933
343385,343393,346271,8,2878,2,18000,1.00277970813
343402,343415,346236,13,2821,2,18000,1.00460829493
343564,343579,346306,15,2727,2,18000,1.00550055006
343600,343607,346241,7,2634,2,18000,1.00265755505
343653,343664,346439,11,2775,2,18000,1.00396396396
343671,343681,346485,10,2804,2,18000,1.00356633381
343756,343767,346416,11,2649,2,18000,1.00415251038
343773,343794,346658,21,2864,2,18000,1.00733240223
343907,343937,346838,30,2901,2,18000,1.01034126163
343937,344073,346948,136,2875,2,18000,1.04730434783
343953,344078,346797,125,2719,2,18000,1.04597278411
343975,344083,346948,108,2865,2,18000,1.03769633508
344078,344218,347034,140,2816,2,18000,1.04971590909
344164,344224,346884,60,2660,2,18000,1.02255639098
344184,344229,346958,45,2729,2,18000,1.01648955661
344203,344234,347000,31,2766,2,18000,1.01120751988
344294,344369,347123,75,2754,2,18000,1.02723311547
344334,344375,347206,41,2831,2,18000,1.01448251501
344335,344380,347116,45,2736,2,18000,1.01644736842
344355,344385,347161,30,2776,2,18000,1.01080691643
344397,344411,347231,14,2820,2,18000,1.00496453901
344414,344420,347328,6,2908,2,18000,1.00206327373
344483,344490,347341,7,2851,2,18000,1.00245527885
344548,344554,355466,6,10912,2,10800,1.00054985337
344844,344851,347729,7,2878,2,18000,1.00243224461
345004,345010,347709,6,2699,2,18000,1.00222304557
345080,345088,347748,8,2660,2,18000,1.0030075188
345159,345165,347910,6,2745,2,18000,1.00218579235
345175,345181,348004,6,2823,2,18000,1.00212539851
345219,345226,347975,7,2749,2,18000,1.0025463805
345380,345388,348208,8,2820,2,18000,1.00283687943
345402,345408,348117,6,2709,2,18000,1.00221483942
345420,345427,348284,7,2857,2,18000,1.00245012251
345440,345446,348225,6,2779,2,18000,1.00215905002
345482,345492,348141,10,2649,2,18000,1.00377500944
345525,345533,348326,8,2793,2,18000,1.00286430362
345663,345668,348490,5,2822,2,18000,1.00177179305
345695,345702,348642,7,2940,2,18000,1.00238095238
345875,345883,348744,8,2861,2,18000,1.0027962251
346085,346091,348867,6,2776,2,18000,1.00216138329
346181,346186,348967,5,2781,2,18000,1.00179791442
346238,346247,349064,9,2817,2,18000,1.00319488818
346255,346261,348978,6,2717,2,18000,1.002208318
346279,346285,349155,6,2870,2,18000,1.00209059233
346311,346317,349088,6,2771,2,18000,1.00216528329
346427,346434,349164,7,2730,2,18000,1.00256410256
346446,346452,349272,6,2820,2,18000,1.00212765957
346490,346496,349220,6,2724,2,18000,1.00220264317
346577,346583,386730,6,40147,4,53999,1.00014945077
346670,346676,349464,6,2788,2,18000,1.00215208034
346802,346808,349684,6,2876,2,18000,1.00208623088
346846,346852,349678,6,2826,2,18000,1.00212314225
346882,346895,349551,13,2656,2,18000,1.00489457831
346957,346964,349788,7,2824,2,18000,1.00247875354
346959,346969,349685,10,2716,2,18000,1.00368188513
346976,346982,349701,6,2719,2,18000,1.00220669364
347007,347012,349834,5,2822,2,18000,1.00177179305
347035,347045,349685,10,2640,2,18000,1.00378787879
347123,347129,349738,6,2609,2,18000,1.0022997317
347143,347149,349916,6,2767,2,18000,1.00216841344
347164,347172,349997,8,2825,2,18000,1.00283185841
347211,347217,350080,6,2863,2,18000,1.00209570381
347235,347243,350136,8,2893,2,18000,1.00276529554
347332,347340,350202,8,2862,2,18000,1.00279524808
347350,347357,350138,7,2781,2,18000,1.00251708019
347711,347721,350564,10,2843,2,18000,1.00351741119
347740,347746,350570,6,2824,2,18000,1.00212464589
347757,347763,350580,6,2817,2,18000,1.00212992545
347912,347921,350690,9,2769,2,18000,1.00325027086
347978,347986,350661,8,2675,2,18000,1.00299065421
348005,348015,350683,10,2668,2,18000,1.00374812594
348124,348130,350967,6,2837,2,18000,1.00211491012
348146,348152,350925,6,2773,2,18000,1.0021637216
348215,348221,350967,6,2746,2,18000,1.00218499636
348233,348240,351032,7,2792,2,18000,1.00250716332
348287,348295,351004,8,2709,2,18000,1.00295311923
348329,348337,350959,8,2622,2,18000,1.00305110603
348495,348501,351404,6,2903,2,18000,1.00206682742
348646,348654,351415,8,2761,2,18000,1.00289750091
348750,348755,351436,5,2681,2,18000,1.00186497576
348870,348878,351674,8,2796,2,18000,1.00286123033
348974,348979,351632,5,2653,2,18000,1.00188465888
348991,348997,351823,6,2826,2,18000,1.00212314225
349067,349076,351830,9,2754,2,18000,1.00326797386
349091,349099,352050,8,2951,2,18000,1.00271094544
349165,349171,351865,6,2694,2,18000,1.00222717149
349166,349177,351719,11,2542,2,18000,1.00432730134
349225,349231,351775,6,2544,2,18000,1.00235849057
349276,349283,352070,7,2787,2,18000,1.00251166128
349468,349474,352386,6,2912,2,18000,1.00206043956
349555,349562,352260,7,2698,2,18000,1.00259451446
349680,349689,352502,9,2813,2,18000,1.00319943121
349698,349704,352588,6,2884,2,18000,1.00208044383
349699,349710,352593,11,2883,2,18000,1.00381547
349700,349715,352490,15,2775,2,18000,1.00540540541
349719,349725,352508,6,2783,2,18000,1.00215594682
349741,349749,352501,8,2752,2,18000,1.00290697674
349791,349799,352535,8,2736,2,18000,1.00292397661
349840,349846,352558,6,2712,2,18000,1.00221238938
349920,349927,352772,7,2845,2,18000,1.00246045694
349999,350009,352679,10,2670,2,18000,1.00374531835
350082,350092,352792,10,2700,2,18000,1.0037037037
350140,350149,352996,9,2847,2,18000,1.00316122234
350141,350154,352997,13,2843,2,18000,1.00457263454
350209,350216,352825,7,2609,2,18000,1.00268302031
350571,350577,353506,6,2929,2,18000,1.00204848071
350572,350583,353257,11,2674,2,18000,1.00411368736
350590,350596,353372,6,2776,2,18000,1.00216138329
350662,350672,353507,10,2835,2,18000,1.00352733686
350691,350697,353509,6,2812,2,18000,1.00213371266
350692,350703,353332,11,2629,2,18000,1.00418410042
350931,350937,353775,6,2838,2,18000,1.0021141649
350962,350970,353740,8,2770,2,18000,1.00288808664
350982,350988,353772,6,2784,2,18000,1.00215517241
350983,350994,353865,11,2871,2,18000,1.00383141762
351009,351015,353817,6,2802,2,18000,1.00214132762
351034,351043,353954,9,2911,2,18000,1.00309172106
351406,351415,354252,9,2837,2,18000,1.00317236517
351425,351431,354318,6,2887,2,18000,1.00207828195
351443,351449,354157,6,2708,2,18000,1.00221565731
351636,351643,354531,7,2888,2,18000,1.00242382271
351679,351685,354359,6,2674,2,18000,1.00224382947
351721,351730,354544,9,2814,2,18000,1.00319829424
351782,351788,354471,6,2683,2,18000,1.00223630265
351828,351834,354677,6,2843,2,18000,1.00211044671
351845,351851,354618,6,2767,2,18000,1.00216841344
351869,351876,354688,7,2812,2,18000,1.00248933144
352053,352061,354865,8,2804,2,18000,1.00285306705
352079,352085,354936,6,2851,2,18000,1.00210452473
352265,352271,355096,6,2825,2,18000,1.00212389381
352389,352398,355272,9,2874,2,18000,1.00313152401
352498,352504,355305,6,2801,2,18000,1.00214209211
352516,352522,355235,6,2713,2,18000,1.0022115739
352517,352528,355249,11,2721,2,18000,1.00404263139
352519,352533,355364,14,2831,2,18000,1.00494524903
352539,352546,355387,7,2841,2,18000,1.00246392115
352561,352569,355289,8,2720,2,18000,1.00294117647
352593,352598,355318,5,2720,2,18000,1.00183823529
352610,352616,355394,6,2778,2,18000,1.00215982721
352681,352690,355495,9,2805,2,18000,1.00320855615
352777,352784,355635,7,2851,2,18000,1.00245527885
352797,352803,355484,6,2681,2,18000,1.00223797091
352829,352835,355594,6,2759,2,18000,1.00217470098
353003,353009,355886,6,2877,2,18000,1.00208550574
353004,353015,355926,11,2911,2,18000,1.00377877018
353263,353268,356140,5,2872,2,18000,1.00174094708
353336,353343,356082,7,2739,2,18000,1.00255567725
353376,353383,356289,7,2906,2,18000,1.00240880936
353512,353519,356184,7,2665,2,18000,1.00262664165
353515,353525,356228,10,2703,2,18000,1.00369959304
353516,353530,356252,14,2722,2,18000,1.005143277
353743,353751,356621,8,2870,2,18000,1.00278745645
353777,353783,356671,6,2888,2,18000,1.00207756233
353779,353789,356504,10,2715,2,18000,1.00368324125
353818,353828,356491,10,2663,2,18000,1.00375516335
353870,353876,356645,6,2769,2,18000,1.00216684724
353957,353966,356681,9,2715,2,18000,1.00331491713
354162,354168,356904,6,2736,2,18000,1.00219298246
354256,354263,357046,7,2783,2,18000,1.00251527129
354320,354329,356996,9,2667,2,18000,1.00337457818
354361,354370,357150,9,2780,2,18000,1.00323741007
354472,354482,357304,10,2822,2,18000,1.00354358611
354533,354543,357332,10,2789,2,18000,1.00358551452
354550,354556,357274,6,2718,2,18000,1.00220750552
354620,354629,357478,9,2849,2,18000,1.00315900316
354680,354688,357555,8,2867,2,18000,1.00279037321
354698,354704,357500,6,2796,2,18000,1.00214592275
354869,354877,357573,8,2696,2,18000,1.00296735905
354940,354947,357799,7,2852,2,18000,1.00245441795
355101,355108,357878,7,2770,2,18000,1.00252707581
355241,355246,357938,5,2692,2,18000,1.00185735513
355258,355264,358153,6,2889,2,18000,1.0020768432
355276,355284,357865,8,2581,2,18000,1.00309957381
355293,355300,357992,7,2692,2,18000,1.00260029718
355309,355317,358110,8,2793,2,18000,1.00286430362
355326,355332,358120,6,2788,2,18000,1.00215208034
355365,355379,358129,14,2750,2,18000,1.00509090909
355388,355398,358188,10,2790,2,18000,1.00358422939
355403,355410,358311,7,2901,2,18000,1.00241296105
355483,355495,358269,12,2774,2,18000,1.0043258832
355498,355506,358176,8,2670,2,18000,1.00299625468
355598,355605,358380,7,2775,2,18000,1.00252252252
355636,355646,358265,10,2619,2,18000,1.00381825124
355889,355898,358731,9,2833,2,18000,1.00317684433
355928,355937,358726,9,2789,2,18000,1.00322696307
356085,356093,358749,8,2656,2,18000,1.00301204819
356142,356151,358932,9,2781,2,18000,1.00323624595
356188,356196,358963,8,2767,2,18000,1.00289121793
356230,356239,359060,9,2821,2,18000,1.00319035803
356257,356263,359010,6,2747,2,18000,1.00218420095
356295,356300,358915,5,2615,2,18000,1.00191204589
356495,356502,359241,7,2739,2,18000,1.00255567725
356511,356517,359320,6,2803,2,18000,1.00214056368
356623,356632,359404,9,2772,2,18000,1.00324675325
356646,356656,359362,10,2706,2,18000,1.0036954915
356673,356682,359484,9,2802,2,18000,1.00321199143
356689,356695,359474,6,2779,2,18000,1.00215905002
356907,356916,359773,9,2857,2,18000,1.00315015751
356998,357007,359836,9,2829,2,18000,1.00318133616
357049,357058,359873,9,2815,2,18000,1.00319715808
357154,357161,359926,7,2765,2,18000,1.00253164557
357276,357285,360065,9,2780,2,18000,1.00323741007
357306,357315,359976,9,2661,2,18000,1.00338218715
357336,357343,360133,7,2790,2,18000,1.00250896057
357482,357490,360321,8,2831,2,18000,1.00282585659
357502,357511,360371,9,2860,2,18000,1.00314685315
357556,357566,360371,10,2805,2,18000,1.00356506239
357576,357584,360488,8,2904,2,18000,1.00275482094
357802,357810,360648,8,2838,2,18000,1.00281888654
357868,357876,360634,8,2758,2,18000,1.00290065265
357884,357890,360697,6,2807,2,18000,1.00213751336
357942,357949,360584,7,2635,2,18000,1.00265654649
357997,358003,360860,6,2857,2,18000,1.00210010501
358114,358122,360789,8,2667,2,18000,1.00299962505
358130,358136,360959,6,2823,2,18000,1.00212539851
358131,358142,360869,11,2727,2,18000,1.00403373671
358157,358165,361027,8,2862,2,18000,1.00279524808
358178,358187,360917,9,2730,2,18000,1.0032967033
358194,358201,361021,7,2820,2,18000,1.0024822695
358270,358276,360997,6,2721,2,18000,1.00220507166
358271,358282,361169,11,2887,2,18000,1.00381018358
358313,358322,361152,9,2830,2,18000,1.00318021201
358383,358391,361187,8,2796,2,18000,1.00286123033
358460,358466,790480,6,432014,2,432000,1.00001388844
358731,358737,361360,6,2623,2,18000,1.00228745711
358733,358743,361498,10,2755,2,18000,1.00362976407
358753,358761,361554,8,2793,2,18000,1.00286430362
358921,358927,361794,6,2867,2,18000,1.00209277991
358938,358944,361842,6,2898,2,18000,1.00207039337
358967,358974,361811,7,2837,2,18000,1.00246739514
359015,359020,361810,5,2790,2,18000,1.0017921147
359062,359071,361925,9,2854,2,18000,1.00315346882
359246,359251,362079,5,2828,2,18000,1.00176803395
359338,359344,362114,6,2770,2,18000,1.00216606498
359365,359373,362135,8,2762,2,18000,1.00289645185
359407,359415,362295,8,2880,2,18000,1.00277777778
359476,359485,362092,9,2607,2,18000,1.00345224396
359493,359499,362307,6,2808,2,18000,1.00213675214
359776,359785,362372,9,2587,2,18000,1.00347893313
359840,359847,362372,7,2525,2,18000,1.00277227723
359878,359883,362372,5,2489,2,18000,1.00200883889
359929,359937,362372,8,2435,2,18000,1.00328542094
359983,359989,362372,6,2383,2,18000,1.00251783466
360069,360076,362372,7,2296,2,18000,1.00304878049
360137,360145,362372,8,2227,2,18000,1.00359227661
360323,360332,362372,9,2040,2,18000,1.00441176471
360375,360382,362372,7,1990,2,18000,1.00351758794
360377,360387,362372,10,1985,2,18000,1.00503778338
360493,360499,362372,6,1873,2,18000,1.00320341698
360585,360595,362372,10,1777,2,18000,1.00562746201
360635,360646,362372,11,1726,2,18000,1.00637311703
360651,360659,362372,8,1713,2,18000,1.00467016929
360698,360708,362372,10,1664,2,18000,1.00600961538
360792,360800,362372,8,1572,2,18000,1.00508905852
360865,360871,362372,6,1501,2,18000,1.00399733511
360884,360890,362372,6,1482,2,18000,1.004048583
360918,360928,362372,10,1444,2,18000,1.00692520776
360962,360970,362372,8,1402,2,18000,1.00570613409
361001,361008,362372,7,1364,2,18000,1.00513196481
361023,361032,362372,9,1340,2,18000,1.00671641791
361039,361045,362372,6,1327,2,18000,1.00452147702
361155,361163,362372,8,1209,2,18000,1.00661703888
361171,361180,362372,9,1192,2,18000,1.00755033557
361190,361199,362372,9,1173,2,18000,1.00767263427
361363,361371,362372,8,1001,2,18000,1.00799200799
361500,361510,362372,10,862,2,18000,1.01160092807
361556,361565,362372,9,807,2,18000,1.01115241636
361799,361804,362372,5,568,2,18000,1.0088028169
361817,361822,362372,5,550,2,18000,1.00909090909
361818,361828,362372,10,544,2,18000,1.01838235294
361844,361853,362372,9,519,2,18000,1.01734104046
361929,361936,362372,7,436,2,18000,1.01605504587
362084,362090,362372,6,282,2,18000,1.02127659574
362101,362107,362372,6,265,2,18000,1.02264150943
362116,362126,362372,10,246,2,18000,1.0406504065
362137,362146,362372,9,226,2,18000,1.03982300885
362298,362306,362372,8,66,2,18000,1.12121212121
362316,362322,362372,6,50,2,18000,1.12
362779,362785,365651,6,2866,2,18000,1.00209351012
362780,362791,365674,11,2883,2,18000,1.00381547
362782,362796,365567,14,2771,2,18000,1.00505232768
362783,362801,365348,18,2547,2,18000,1.00706713781
362784,362806,365426,22,2620,2,18000,1.00839694656
362785,362811,365666,26,2855,2,18000,1.00910683012
362787,362817,365596,30,2779,2,18000,1.01079525009
362789,362822,365649,33,2827,2,18000,1.01167315175
362790,362827,365607,37,2780,2,18000,1.01330935252
362791,362832,365556,41,2724,2,18000,1.01505139501
362793,362837,365581,44,2744,2,18000,1.01603498542
362794,362842,365706,48,2864,2,18000,1.01675977654
362795,362847,365674,52,2827,2,18000,1.0183940573
362797,362853,365637,56,2784,2,18000,1.02011494253
362799,362858,365639,59,2781,2,18000,1.02121539015
362800,362863,365671,63,2808,2,18000,1.02243589744
362801,362868,365659,67,2791,2,18000,1.02400573271
362803,362873,365698,70,2825,2,18000,1.02477876106
362804,362878,365678,74,2800,2,18000,1.02642857143
362806,362883,365816,77,2933,2,18000,1.02625298329
362807,362888,365721,81,2833,2,18000,1.02859159901
362808,362893,365740,85,2847,2,18000,1.02985598876
362810,362899,365569,89,2670,2,18000,1.03333333333
362811,362904,365710,93,2806,2,18000,1.03314326443
362812,362910,365696,98,2786,2,18000,1.0351758794
362814,362915,365853,101,2938,2,18000,1.0343771273
362815,362920,365742,105,2822,2,18000,1.03720765415
362816,362925,365606,109,2681,2,18000,1.04065647147
362817,362930,365719,113,2789,2,18000,1.04051631409
362819,362936,365841,117,2905,2,18000,1.04027538726
362820,362941,365785,121,2844,2,18000,1.04254571027
362821,362946,365766,125,2820,2,18000,1.04432624113
362823,362951,365712,128,2761,2,18000,1.04636001449
362824,362956,365802,132,2846,2,18000,1.04638088545
362825,362961,365810,136,2849,2,18000,1.04773604774
362826,362966,365729,140,2763,2,18000,1.05066956207
362828,362971,365675,143,2704,2,18000,1.05288461538
362829,362976,365835,147,2859,2,18000,1.05141657922
362831,362982,365751,151,2769,2,18000,1.05453232214
362832,362987,365565,155,2578,2,18000,1.06012412723
365351,365359,368212,8,2853,2,18000,1.0028040659
365428,365437,368177,9,2740,2,18000,1.00328467153
365557,365567,368349,10,2782,2,18000,1.0035945363
365573,365579,368228,6,2649,2,18000,1.00226500566
365574,365585,368366,11,2781,2,18000,1.00395541172
365575,365590,368490,15,2900,2,18000,1.00517241379
365590,365596,368284,6,2688,2,18000,1.00223214286
365606,365612,368470,6,2858,2,18000,1.00209937019
365607,365618,368254,11,2636,2,18000,1.00417298938
365623,365629,368367,6,2738,2,18000,1.00219138057
365640,365648,368394,8,2746,2,18000,1.00291332848
365641,365654,368454,13,2800,2,18000,1.00464285714
365665,365671,368489,6,2818,2,18000,1.00212916962
365667,365677,368443,10,2766,2,18000,1.00361532899
365668,365682,368381,14,2699,2,18000,1.00518710634
365687,365693,368412,6,2719,2,18000,1.00220669364
365688,365699,368398,11,2699,2,18000,1.00407558355
365690,365704,368538,14,2834,2,18000,1.00494001411
365691,365709,368418,18,2709,2,18000,1.00664451827
365692,365714,368529,22,2815,2,18000,1.00781527531
365693,365719,368542,26,2823,2,18000,1.00921006022
365713,365726,368482,13,2756,2,18000,1.00471698113
365714,365731,368456,17,2725,2,18000,1.00623853211
365716,365736,368480,20,2744,2,18000,1.00728862974
365717,365742,368506,25,2764,2,18000,1.00904486252
365718,365747,368641,29,2894,2,18000,1.01002073255
365736,365753,368461,17,2708,2,18000,1.00627769572
365738,365758,368427,20,2669,2,18000,1.00749344324
365739,365763,368477,24,2714,2,18000,1.00884303611
365756,365769,368605,13,2836,2,18000,1.00458392102
365757,365774,368461,17,2687,2,18000,1.00632675847
365758,365779,368587,21,2808,2,18000,1.00747863248
365774,365785,368401,11,2616,2,18000,1.00420489297
365789,365796,368525,7,2729,2,18000,1.00256504214
365805,365813,368611,8,2798,2,18000,1.00285918513
365822,365827,368630,5,2803,2,18000,1.00178380307
365823,365833,368559,10,2726,2,18000,1.00366837858
365839,365846,368470,7,2624,2,18000,1.00266768293
365855,365861,368627,6,2766,2,18000,1.0021691974
365856,365867,368639,11,2772,2,18000,1.00396825397
367257,367263,367354,6,91,1,1800,1.06593406593
367648,367654,367756,6,102,1,1800,1.05882352941
368181,368188,370882,7,2694,2,18000,1.00259836674
368215,368223,371013,8,2790,2,18000,1.00286738351
368231,368239,371086,8,2847,2,18000,1.00280997541
368255,368265,371113,10,2848,2,18000,1.00351123596
368285,368295,371102,10,2807,2,18000,1.00356252227
368350,368360,371161,10,2801,2,18000,1.00357015352
368355,368366,368815,11,449,1,1800,1.02449888641
368369,368377,371201,8,2824,2,18000,1.00283286119
368370,368383,371097,13,2714,2,18000,1.00478997789
368386,368391,371217,5,2826,2,18000,1.00176928521
368403,368409,371241,6,2832,2,18000,1.00211864407
368404,368415,371215,11,2800,2,18000,1.00392857143
368406,368420,371177,14,2757,2,18000,1.00507798332
368424,368429,371177,5,2748,2,18000,1.00181950509
368425,368435,371249,10,2814,2,18000,1.00355366027
368440,368446,371243,6,2797,2,18000,1.00214515552
368458,368464,371073,6,2609,2,18000,1.0022997317
368459,368470,371254,11,2784,2,18000,1.00395114943
368460,368475,371360,15,2885,2,18000,1.00519930676
368461,368481,371310,20,2829,2,18000,1.00706963591
368483,368488,371269,5,2781,2,18000,1.00179791442
368484,368494,371331,10,2837,2,18000,1.00352485019
368485,368499,371208,14,2709,2,18000,1.00516795866
368487,368504,371328,17,2824,2,18000,1.00601983003
368488,368509,371309,21,2800,2,18000,1.0075
368489,368515,371235,26,2720,2,18000,1.00955882353
368507,368520,371188,13,2668,2,18000,1.00487256372
368509,368526,371238,17,2712,2,18000,1.00626843658
368510,368532,371226,22,2694,2,18000,1.00816629547
368530,368538,371297,8,2759,2,18000,1.0028996013
368531,368544,371307,13,2763,2,18000,1.00470503076
368547,368553,371223,6,2670,2,18000,1.00224719101
368548,368559,371278,11,2719,2,18000,1.004045605
368564,368570,371498,6,2928,2,18000,1.00204918033
368588,368598,371301,10,2703,2,18000,1.00369959304
368606,368616,371401,10,2785,2,18000,1.00359066427
368622,368628,371387,6,2759,2,18000,1.00217470098
368638,368644,371619,6,2975,2,18000,1.00201680672
368639,368650,371300,11,2650,2,18000,1.0041509434
368654,368660,371376,6,2716,2,18000,1.00220913108
368655,368666,371544,11,2878,2,18000,1.00382209868
370458,370465,370509,7,44,1,1800,1.15909090909
370831,370837,370909,6,72,1,1800,1.08333333333
370884,370893,373793,9,2900,2,18000,1.00310344828
371015,371024,373767,9,2743,2,18000,1.00328107911
371074,371084,373861,10,2777,2,18000,1.00360100828
371090,371097,373841,7,2744,2,18000,1.00255102041
371105,371111,373794,6,2683,2,18000,1.00223630265
371106,371117,374023,11,2906,2,18000,1.00378527185
371122,371128,373883,6,2755,2,18000,1.00217785844
371165,371173,373951,8,2778,2,18000,1.00287976962
371180,371188,373980,8,2792,2,18000,1.00286532951
371181,371193,373966,12,2773,2,18000,1.0043274432
371197,371203,374023,6,2820,2,18000,1.00212765957
371214,371219,374015,5,2796,2,18000,1.00178826896
371215,371225,373872,10,2647,2,18000,1.00377786173
371235,371241,374097,6,2856,2,18000,1.00210084034
371236,371247,374137,11,2890,2,18000,1.00380622837
371237,371252,373965,15,2713,2,18000,1.00552893476
371239,371257,374023,18,2766,2,18000,1.00650759219
371240,371262,373880,22,2618,2,18000,1.00840336134
371257,371268,373962,11,2694,2,18000,1.00408314774
371258,371273,374083,15,2810,2,18000,1.00533807829
371260,371278,374186,18,2908,2,18000,1.00618982118
371261,371284,374033,23,2749,2,18000,1.00836667879
371262,371289,374062,27,2773,2,18000,1.00973674721
371279,371296,374058,17,2762,2,18000,1.00615496017
371280,371301,374227,21,2926,2,18000,1.00717703349
371302,371308,373976,6,2668,2,18000,1.00224887556
371303,371314,374058,11,2744,2,18000,1.00400874636
371305,371319,374116,14,2797,2,18000,1.00500536289
371322,371330,374067,8,2737,2,18000,1.00292290829
371324,371335,373982,11,2647,2,18000,1.0041556479
371325,371341,374133,16,2792,2,18000,1.00573065903
371340,371347,374078,7,2731,2,18000,1.00256316368
371341,371352,374098,11,2746,2,18000,1.00400582666
371363,371371,374171,8,2800,2,18000,1.00285714286
371378,371387,374234,9,2847,2,18000,1.00316122234
371393,371399,374265,6,2866,2,18000,1.00209351012
371408,371415,374137,7,2722,2,18000,1.0025716385
371501,371509,374223,8,2714,2,18000,1.0029476787
371546,371555,374283,9,2728,2,18000,1.00329912023
371621,371630,374482,9,2852,2,18000,1.00315568022
371648,371654,731678,6,360024,10,360000,1.00001666556
371841,371848,372106,7,258,1,1800,1.02713178295
373770,373779,376498,9,2719,2,18000,1.00331004046
373795,373804,376639,9,2835,2,18000,1.00317460317
373797,373810,376611,13,2801,2,18000,1.00464119957
373844,373852,376609,8,2757,2,18000,1.00290170475
373862,373872,376744,10,2872,2,18000,1.00348189415
373878,373883,376589,5,2706,2,18000,1.00184774575
373893,373899,376800,6,2901,2,18000,1.00206825233
373894,373905,376527,11,2622,2,18000,1.00419527079
373954,373962,376655,8,2693,2,18000,1.00297066469
373972,373978,376777,6,2799,2,18000,1.00214362272
373973,373984,376840,11,2856,2,18000,1.00385154062
373975,373989,376722,14,2733,2,18000,1.00512257592
373992,373998,376820,6,2822,2,18000,1.00212615167
373993,374004,376681,11,2677,2,18000,1.00410907733
373994,374009,376640,15,2631,2,18000,1.00570125428
374017,374026,376892,9,2866,2,18000,1.00314026518
374034,374040,376896,6,2856,2,18000,1.00210084034
374035,374046,376737,11,2691,2,18000,1.00408769974
374036,374051,376841,15,2790,2,18000,1.00537634409
374037,374056,376710,19,2654,2,18000,1.00715900528
374065,374071,376753,6,2682,2,18000,1.00223713647
374066,374077,376792,11,2715,2,18000,1.00405156538
374068,374082,376790,14,2708,2,18000,1.00516986706
374085,374091,376893,6,2802,2,18000,1.00214132762
374086,374097,376936,11,2839,2,18000,1.00387460373
374087,374102,376819,15,2717,2,18000,1.00552079499
374104,374110,376754,6,2644,2,18000,1.00226928896
374105,374116,376932,11,2816,2,18000,1.00390625
374120,374127,376973,7,2846,2,18000,1.00245959241
374137,374144,376822,7,2678,2,18000,1.00261389096
374153,374159,376946,6,2787,2,18000,1.00215285253
374154,374165,376949,11,2784,2,18000,1.00395114943
374172,374182,376824,10,2642,2,18000,1.00378501136
374188,374197,377064,9,2867,2,18000,1.00313916986
374226,374234,376917,8,2683,2,18000,1.00298173686
374242,374248,377176,6,2928,2,18000,1.00204918033
374243,374254,377162,11,2908,2,18000,1.0037826685
374269,374276,377232,7,2956,2,18000,1.00236806495
374284,374294,377182,10,2888,2,18000,1.00346260388
374484,374493,377193,9,2700,2,18000,1.00333333333
376501,376509,379418,8,2909,2,18000,1.00275008594
376528,376538,379460,10,2922,2,18000,1.00342231348
376591,376600,379360,9,2760,2,18000,1.00326086957
376613,376621,379424,8,2803,2,18000,1.00285408491
376614,376627,379387,13,2760,2,18000,1.00471014493
376642,376650,379504,8,2854,2,18000,1.00280308339
376643,376656,379478,13,2822,2,18000,1.00460666194
376659,376666,379345,7,2679,2,18000,1.00261291527
376683,376693,379563,10,2870,2,18000,1.00348432056
376711,376721,379408,10,2687,2,18000,1.00372162263
376727,376733,379402,6,2669,2,18000,1.00224803297
376745,376752,379706,7,2954,2,18000,1.00236966825
376747,376758,379579,11,2821,2,18000,1.00389932648
376764,376770,379507,6,2737,2,18000,1.00219218122
376765,376776,379521,11,2745,2,18000,1.00400728597
376782,376787,379614,5,2827,2,18000,1.00176865936
376798,376804,379560,6,2756,2,18000,1.00217706821
376799,376810,379451,11,2641,2,18000,1.00416508898
376815,376821,379527,6,2706,2,18000,1.0022172949
376833,376839,379722,6,2883,2,18000,1.00208116545
376834,376845,379557,11,2712,2,18000,1.0040560472
376835,376850,379658,15,2808,2,18000,1.00534188034
376837,376855,379673,18,2818,2,18000,1.00638750887
376853,376861,379632,8,2771,2,18000,1.00288704439
376854,376866,379746,12,2880,2,18000,1.00416666667
376898,376903,379785,5,2882,2,18000,1.00173490632
376899,376909,379658,10,2749,2,18000,1.00363768643
376900,376914,379728,14,2814,2,18000,1.00497512438
376917,376928,379684,11,2756,2,18000,1.00399129173
376938,376943,379672,5,2729,2,18000,1.00183217296
376939,376949,379721,10,2772,2,18000,1.00360750361
376955,376961,379736,6,2775,2,18000,1.00216216216
376956,376967,379756,11,2789,2,18000,1.00394406597
376975,376984,379758,9,2774,2,18000,1.0032444124
377066,377075,379868,9,2793,2,18000,1.00322234157
377166,377173,379997,7,2824,2,18000,1.00247875354
377184,377190,379822,6,2632,2,18000,1.00227963526
377185,377196,380004,11,2808,2,18000,1.00391737892
377200,377207,380012,7,2805,2,18000,1.00249554367
377235,377243,380036,8,2793,2,18000,1.00286430362
377817,377823,377860,6,37,1,1800,1.16216216216
378140,378146,378218,6,72,1,1800,1.08333333333
378738,378744,378972,6,228,1,1800,1.02631578947
379344,379356,382072,12,2716,2,18000,1.00441826215
379364,379371,381972,7,2601,2,18000,1.00269127259
379389,379398,382221,9,2823,2,18000,1.00318809777
379406,379413,382155,7,2742,2,18000,1.00255288111
379424,379429,382257,5,2828,2,18000,1.00176803395
379425,379435,382246,10,2811,2,18000,1.00355745286
379441,379447,382338,6,2891,2,18000,1.00207540643
379457,379463,382282,6,2819,2,18000,1.00212841433
379473,379479,382165,6,2686,2,18000,1.00223380491
379489,379495,382226,6,2731,2,18000,1.00219699744
379508,379515,382403,7,2888,2,18000,1.00242382271
379510,379521,382276,11,2755,2,18000,1.00399274047
379525,379532,382170,7,2638,2,18000,1.0026535254
379540,379546,382358,6,2812,2,18000,1.00213371266
379560,379568,382279,8,2711,2,18000,1.00295094061
379579,379585,382255,6,2670,2,18000,1.00224719101
379580,379591,382353,11,2762,2,18000,1.00398262129
379581,379596,382443,15,2847,2,18000,1.0052687039
379619,379625,382467,6,2842,2,18000,1.0021111893
379635,379644,382439,9,2795,2,18000,1.00322003578
379663,379669,382469,6,2800,2,18000,1.00214285714
379665,379675,382450,10,2775,2,18000,1.0036036036
379682,379688,382472,6,2784,2,18000,1.00215517241
379683,379694,382332,11,2638,2,18000,1.00416982563
379699,379705,382588,6,2883,2,18000,1.00208116545
379716,379722,382377,6,2655,2,18000,1.00225988701
379736,379742,382623,6,2881,2,18000,1.0020826102
379737,379748,382553,11,2805,2,18000,1.00392156863
379738,379753,382487,15,2734,2,18000,1.00548646672
379758,379764,382520,6,2756,2,18000,1.00217706821
379759,379770,382604,11,2834,2,18000,1.00388143966
379760,379775,382580,15,2805,2,18000,1.00534759358
379779,379785,382513,6,2728,2,18000,1.00219941349
379796,379802,382626,6,2824,2,18000,1.00212464589
379825,379833,382591,8,2758,2,18000,1.00290065265
379870,379880,382635,10,2755,2,18000,1.00362976407
380001,380008,382765,7,2757,2,18000,1.00253899166
380017,380023,382686,6,2663,2,18000,1.00225309801
380018,380029,382791,11,2762,2,18000,1.00398262129
380038,380048,382855,10,2807,2,18000,1.00356252227
380338,380344,380368,6,24,1,1800,1.25
380669,380675,380728,6,53,1,1800,1.11320754717
381438,381444,381560,6,116,1,1800,1.05172413793
381590,381597,382481,7,884,2,1800,1.00791855204
381974,381983,384774,9,2791,2,18000,1.00322465066
382075,382083,384837,8,2754,2,18000,1.00290486565
382158,382166,385025,8,2859,2,18000,1.00279818118
382174,382180,384941,6,2761,2,18000,1.00217312568
382175,382186,384897,11,2711,2,18000,1.00405754334
382221,382232,385079,11,2847,2,18000,1.00386371619
382237,382243,384874,6,2631,2,18000,1.00228050171
382252,382258,385214,6,2956,2,18000,1.00202976996
382269,382275,385022,6,2747,2,18000,1.00218420095
382270,382281,385101,11,2820,2,18000,1.00390070922
382286,382292,385052,6,2760,2,18000,1.00217391304
382288,382298,385141,10,2843,2,18000,1.00351741119
382289,382303,385097,14,2794,2,18000,1.00501073729
382335,382343,385190,8,2847,2,18000,1.00280997541
382350,382356,384966,6,2610,2,18000,1.00229885057
382365,382372,385116,7,2744,2,18000,1.00255102041
382367,382378,385162,11,2784,2,18000,1.00395114943
382382,382388,385264,6,2876,2,18000,1.00208623088
382404,382414,385093,10,2679,2,18000,1.0037327361
382442,382450,385100,8,2650,2,18000,1.00301886792
382458,382465,385237,7,2772,2,18000,1.00252525253
382460,382471,385222,11,2751,2,18000,1.00399854598
382476,382482,385234,6,2752,2,18000,1.00218023256
382477,382488,385315,11,2827,2,18000,1.00389105058
382479,382493,385202,14,2709,2,18000,1.00516795866
382495,382501,385297,6,2796,2,18000,1.00214592275
382514,382524,385179,10,2655,2,18000,1.00376647834
382529,382536,385253,7,2717,2,18000,1.002576371
382555,382565,385319,10,2754,2,18000,1.00363108206
382583,382591,385261,8,2670,2,18000,1.00299625468
382600,382606,385354,6,2748,2,18000,1.00218340611
382601,382612,385479,11,2867,2,18000,1.00383676317
382617,382623,385537,6,2914,2,18000,1.00205902539
382634,382641,385389,7,2748,2,18000,1.00254730713
382636,382647,385417,11,2770,2,18000,1.00397111913
382651,382657,385357,6,2700,2,18000,1.00222222222
382690,382698,385294,8,2596,2,18000,1.0030816641
382768,382776,385469,8,2693,2,18000,1.00297066469
382793,382803,385510,10,2707,2,18000,1.00369412634
382841,382847,383045,6,198,2,1800,1.0303030303
382856,382866,385633,10,2767,2,18000,1.00361402241
383127,383133,384324,6,1191,2,1800,1.00503778338
383762,383768,385079,6,1311,2,1800,1.00457665904
384776,384786,387391,10,2605,2,18000,1.00383877159
384838,384848,387597,10,2749,2,18000,1.00363768643
384878,384886,387657,8,2771,2,18000,1.00288704439
384899,384909,387720,10,2811,2,18000,1.00355745286
384942,384952,387679,10,2727,2,18000,1.00366703337
384969,384978,387765,9,2787,2,18000,1.00322927879
385025,385033,387716,8,2683,2,18000,1.00298173686
385026,385039,387881,13,2842,2,18000,1.00457424349
385054,385063,387914,9,2851,2,18000,1.00315678709
385081,385090,387912,9,2822,2,18000,1.0031892275
385097,385104,387982,7,2878,2,18000,1.00243224461
385098,385110,387882,12,2772,2,18000,1.00432900433
385114,385120,387928,6,2808,2,18000,1.00213675214
385115,385126,387898,11,2772,2,18000,1.00396825397
385130,385136,387883,6,2747,2,18000,1.00218420095
385145,385152,387993,7,2841,2,18000,1.00246392115
385164,385174,388101,10,2927,2,18000,1.00341646737
385182,385190,387980,8,2790,2,18000,1.00286738351
385197,385204,387992,7,2788,2,18000,1.0025107604
385215,385221,387970,6,2749,2,18000,1.00218261186
385216,385227,387975,11,2748,2,18000,1.00400291121
385233,385244,385682,11,438,2,1800,1.02511415525
385233,385239,388032,6,2793,2,18000,1.00214822771
385248,385254,388224,6,2970,2,18000,1.00202020202
385249,385260,387987,11,2727,2,18000,1.00403373671
385266,385272,387948,6,2676,2,18000,1.00224215247
385267,385278,388121,11,2843,2,18000,1.0038691523
385268,385283,388073,15,2790,2,18000,1.00537634409
385298,385308,388008,10,2700,2,18000,1.0037037037
385299,385313,387925,14,2612,2,18000,1.00535987749
385319,385326,388073,7,2747,2,18000,1.00254823444
385341,385347,388188,6,2841,2,18000,1.00211193242
385358,385368,388158,10,2790,2,18000,1.00358422939
385359,385373,388141,14,2768,2,18000,1.00505780347
385390,385400,388254,10,2854,2,18000,1.00350385424
385418,385428,388165,10,2737,2,18000,1.00365363537
385471,385480,388283,9,2803,2,18000,1.00321084552
385486,385492,388318,6,2826,2,18000,1.00212314225
385514,385521,388312,7,2791,2,18000,1.00250806163
385539,385549,388374,10,2825,2,18000,1.00353982301
385599,385605,396541,6,10936,2,10800,1.00054864667
385634,385644,388411,10,2767,2,18000,1.00361402241
387035,387041,388886,6,1845,2,1800,1.00325203252
387393,387402,390194,9,2792,2,18000,1.0032234957
387600,387609,390466,9,2857,2,18000,1.00315015751
387659,387668,390420,9,2752,2,18000,1.00327034884
387680,387690,390399,10,2709,2,18000,1.00369139904
387717,387727,390567,10,2840,2,18000,1.00352112676
387732,387738,390514,6,2776,2,18000,1.00216138329
387766,387776,390642,10,2866,2,18000,1.00348918353
387884,387892,390488,8,2596,2,18000,1.0030816641
387886,387898,390687,12,2789,2,18000,1.00430261743
387887,387903,390506,16,2603,2,18000,1.00614675375
387904,387909,390726,5,2817,2,18000,1.00177493788
387919,387925,390677,6,2752,2,18000,1.00218023256
387921,387931,390660,10,2729,2,18000,1.00366434591
387936,387943,390774,7,2831,2,18000,1.00247262451
387938,387948,390731,10,2783,2,18000,1.0035932447
387953,387959,390834,6,2875,2,18000,1.00208695652
387974,387981,390593,7,2612,2,18000,1.00267993874
387994,388000,390742,6,2742,2,18000,1.00218818381
387995,388006,390849,11,2843,2,18000,1.0038691523
387997,388011,390815,14,2804,2,18000,1.00499286733
387998,388016,390887,18,2871,2,18000,1.00626959248
387999,388021,390907,22,2886,2,18000,1.00762300762
388000,388027,390850,27,2823,2,18000,1.0095642933
388019,388033,390826,14,2793,2,18000,1.00501253133
388035,388044,390811,9,2767,2,18000,1.00325262017
388077,388084,390928,7,2844,2,18000,1.00246132208
388078,388089,390840,11,2751,2,18000,1.00399854598
388102,388112,390948,10,2836,2,18000,1.00352609309
388124,388132,391004,8,2872,2,18000,1.00278551532
388143,388153,390991,10,2838,2,18000,1.00352360817
388161,388169,390987,8,2818,2,18000,1.00283889283
388177,388184,391071,7,2887,2,18000,1.00242466228
388193,388199,390872,6,2673,2,18000,1.00224466891
388227,388235,391066,8,2831,2,18000,1.00282585659
388255,388265,390995,10,2730,2,18000,1.00366300366
388285,388294,391079,9,2785,2,18000,1.00323159785
388313,388323,391029,10,2706,2,18000,1.0036954915
388329,388335,390939,6,2604,2,18000,1.00230414747
388377,388385,391204,8,2819,2,18000,1.00283788578
388415,388422,391183,7,2761,2,18000,1.00253531329
388998,389004,389296,6,292,2,1800,1.02054794521
389235,389241,389553,6,312,2,1800,1.01923076923
389511,389517,389522,6,5,60,1200,1.1
389571,389577,390825,6,1248,60,1200,1.00480769231
389738,389744,389879,6,135,2,3600,1.04444444444
390197,390205,392774,8,2569,2,18000,1.00311405216
390217,390223,390239,6,16,12,7199,1.375
390251,390257,391495,6,1238,12,7199,1.00484652666
390403,390410,393181,7,2771,2,18000,1.00252616384
390422,390431,393182,9,2751,2,18000,1.00327153762
390468,390477,393396,9,2919,2,18000,1.00308324769
390490,390499,393395,9,2896,2,18000,1.00310773481
390509,390518,393234,9,2716,2,18000,1.00331369661
390524,390530,393422,6,2892,2,18000,1.0020746888
390570,390579,393396,9,2817,2,18000,1.00319488818
390594,390604,393484,10,2880,2,18000,1.00347222222
390645,390653,393424,8,2771,2,18000,1.00288704439
390663,390672,393531,9,2859,2,18000,1.00314795383
390678,390688,393434,10,2746,2,18000,1.0036416606
390693,390700,393452,7,2752,2,18000,1.00254360465
390731,390737,393539,6,2802,2,18000,1.00214132762
390732,390743,393408,11,2665,2,18000,1.00412757974
390748,390753,393574,5,2821,2,18000,1.00177242113
390770,390776,394417,6,3641,2,3600,1.00164789893
390776,390785,393535,9,2750,2,18000,1.00327272727
390816,390822,393465,6,2643,2,18000,1.00227014756
390817,390828,393611,11,2783,2,18000,1.00395256917
390836,390842,393737,6,2895,2,18000,1.00207253886
390837,390848,393796,11,2948,2,18000,1.00373134328
390854,390860,393469,6,2609,2,18000,1.0022997317
390855,390866,393725,11,2859,2,18000,1.00384749913
390856,390871,393779,15,2908,2,18000,1.00515818432
390873,390883,393554,10,2671,2,18000,1.00374391614
390888,390898,393655,10,2757,2,18000,1.00362713094
390910,390918,393815,8,2897,2,18000,1.00276147739
390930,390939,393734,9,2795,2,18000,1.00322003578
390945,390951,393754,6,2803,2,18000,1.00214056368
390961,390967,393804,6,2837,2,18000,1.00211491012
390991,390998,393785,7,2787,2,18000,1.00251166128
390992,391004,393794,12,2790,2,18000,1.00430107527
391008,391014,393813,6,2799,2,18000,1.00214362272
391009,391020,393815,11,2795,2,18000,1.00393559928
391031,391040,393922,9,2882,2,18000,1.00312283137
391070,391077,393891,7,2814,2,18000,1.00248756219
391085,391091,393858,6,2767,2,18000,1.00216841344
391087,391097,393963,10,2866,2,18000,1.00348918353
391185,391194,394063,9,2869,2,18000,1.00313698153
391207,391215,394017,8,2802,2,18000,1.0028551035
391625,391631,392851,6,1220,60,1200,1.00491803279
391859,391865,394542,6,2677,12,7199,1.0022413149
392057,392063,398798,6,6735,32,43200,1.0008908686
392778,392785,395732,7,2947,2,18000,1.00237529691
393184,393192,395984,8,2792,2,18000,1.00286532951
393186,393198,396012,12,2814,2,18000,1.00426439232
393237,393245,396225,8,2980,2,18000,1.00268456376
393399,393406,396080,7,2674,2,18000,1.00261780105
393401,393412,396139,11,2727,2,18000,1.00403373671
393403,393417,396238,14,2821,2,18000,1.00496277916
393418,393424,396236,6,2812,2,18000,1.00213371266
393435,393441,396344,6,2903,2,18000,1.00206682742
393436,393447,396245,11,2798,2,18000,1.00393137956
393437,393452,396188,15,2736,2,18000,1.00548245614
393445,393458,406354,13,12896,2,21600,1.00100806452
393457,393464,396283,7,2819,2,18000,1.00248315005
393473,393479,396175,6,2696,2,18000,1.00222551929
393474,393485,396293,11,2808,2,18000,1.00391737892
393479,393490,399884,11,6394,4,144000,1.00172036284
393489,393496,396146,7,2650,2,18000,1.00264150943
393533,393542,396175,9,2633,2,18000,1.0034181542
393548,393554,396397,6,2843,2,18000,1.00211044671
393549,393560,396312,11,2752,2,18000,1.00399709302
393565,393571,396390,6,2819,2,18000,1.00212841433
393580,393586,396377,6,2791,2,18000,1.00214976711
393613,393623,396537,10,2914,2,18000,1.00343170899
393656,393666,396457,10,2791,2,18000,1.00358294518
393728,393736,396691,8,2955,2,18000,1.0027072758
393744,393750,396563,6,2813,2,18000,1.00213295414
393745,393756,396519,11,2763,2,18000,1.00398117988
393760,393767,396546,7,2779,2,18000,1.00251889169
393783,393790,396605,7,2815,2,18000,1.00248667851
393799,393805,396585,6,2780,2,18000,1.00215827338
393800,393811,396745,11,2934,2,18000,1.00374914792
393801,393816,396755,15,2939,2,18000,1.00510377679
393818,393824,396705,6,2881,2,18000,1.0020826102
393819,393830,396762,11,2932,2,18000,1.00375170532
393821,393835,396542,14,2707,2,18000,1.00517177687
393822,393840,396637,18,2797,2,18000,1.00643546657
393859,393869,396598,10,2729,2,18000,1.00366434591
393893,393902,396680,9,2778,2,18000,1.00323974082
393923,393933,396758,10,2825,2,18000,1.00353982301
393966,393974,396699,8,2725,2,18000,1.00293577982
394018,394028,396688,10,2660,2,18000,1.0037593985
394065,394074,396894,9,2820,2,18000,1.00319148936
394195,394201,400131,6,5930,2,14400,1.00101180438
394366,394372,399998,6,5626,2,14400,1.00106647707
395735,395744,398478,9,2734,2,18000,1.00329188003
395782,395788,395984,6,196,60,1200,1.0306122449
395987,395995,398788,8,2793,2,18000,1.00286430362
396014,396023,398799,9,2776,2,18000,1.00324207493
396082,396091,398965,9,2874,2,18000,1.00313152401
396141,396150,398834,9,2684,2,18000,1.00335320417
396156,396162,399059,6,2897,2,18000,1.00207110804
396179,396186,399157,7,2971,2,18000,1.00235610905
396181,396192,398921,11,2729,2,18000,1.00403078051
396196,396202,398947,6,2745,2,18000,1.00218579235
396228,396236,399019,8,2783,2,18000,1.00287459576
396244,396251,399047,7,2796,2,18000,1.00250357654
396246,396257,398962,11,2705,2,18000,1.00406654344
396260,396267,398985,7,2718,2,18000,1.00257542311
396283,396294,398958,11,2664,2,18000,1.00412912913
396299,396305,398975,6,2670,2,18000,1.00224719101
396315,396323,399191,8,2868,2,18000,1.00278940028
396347,396355,399016,8,2661,2,18000,1.00300638858
396379,396388,399250,9,2862,2,18000,1.00314465409
396394,396400,399147,6,2747,2,18000,1.00218420095
396409,396416,399180,7,2764,2,18000,1.00253256151
396459,396468,399243,9,2775,2,18000,1.00324324324
396521,396530,399167,9,2637,2,18000,1.00341296928
396539,396548,399286,9,2738,2,18000,1.00328707085
396555,396561,399390,6,2829,2,18000,1.00212089077
396556,396567,399395,11,2828,2,18000,1.00388967468
396571,396577,399308,6,2731,2,18000,1.00219699744
396588,396596,399357,8,2761,2,18000,1.00289750091
396604,396611,399321,7,2710,2,18000,1.00258302583
396619,396626,399461,7,2835,2,18000,1.0024691358
396641,396649,399465,8,2816,2,18000,1.00284090909
396681,396691,399463,10,2772,2,18000,1.00360750361
396698,396704,399451,6,2747,2,18000,1.00218420095
396699,396710,399565,11,2855,2,18000,1.00385288967
396715,396721,399585,6,2864,2,18000,1.00209497207
396716,396727,399311,11,2584,2,18000,1.00425696594
396748,396756,399487,8,2731,2,18000,1.00292932992
396764,396770,399504,6,2734,2,18000,1.00219458669
396765,396776,399656,11,2880,2,18000,1.00381944444
396767,396781,399425,14,2644,2,18000,1.00529500756
396898,396905,399691,7,2786,2,18000,1.00251256281
397392,397398,406347,6,8949,2,21600,1.00067046597
397952,397958,398205,6,247,60,1200,1.02429149798
398188,398194,405381,6,7187,2,10800,1.00083484068
398331,398337,398625,6,288,2,3600,1.02083333333
398482,398490,401257,8,2767,2,18000,1.00289121793
398790,398799,401558,9,2759,2,18000,1.00326205147
398805,398811,401573,6,2762,2,18000,1.00217233888
398837,398845,401705,8,2860,2,18000,1.0027972028
398925,398932,401646,7,2714,2,18000,1.00257921887
398952,398959,401820,7,2861,2,18000,1.00244669696
398969,398975,401744,6,2769,2,18000,1.00216684724
398971,398981,401626,10,2645,2,18000,1.00378071834
398972,398986,401820,14,2834,2,18000,1.00494001411
398988,398995,401764,7,2769,2,18000,1.00252798844
398990,399001,401802,11,2801,2,18000,1.00392716887
399015,399030,401890,15,2860,2,18000,1.00524475524
399018,399024,413456,6,14432,2,14400,1.00041574279
399030,399036,401778,6,2742,2,18000,1.00218818381
399050,399058,401883,8,2825,2,18000,1.00283185841
399066,399072,401754,6,2682,2,18000,1.00223713647
399131,399137,403576,6,4439,32,43200,1.00135165578
399148,399155,400943,7,1788,2,14400,1.00391498881
399151,399161,402125,10,2964,2,18000,1.00337381916
399168,399174,402105,6,2931,2,18000,1.00204708291
399169,399180,401952,11,2772,2,18000,1.00396825397
399185,399192,401908,7,2716,2,18000,1.00257731959
399200,399206,401982,6,2776,2,18000,1.00216138329
399246,399254,402021,8,2767,2,18000,1.00289121793
399261,399267,402053,6,2786,2,18000,1.00215362527
399290,399298,401973,8,2675,2,18000,1.00299065421
399309,399319,402019,10,2700,2,18000,1.0037037037
399324,399330,402066,6,2736,2,18000,1.00219298246
399326,399336,402115,10,2779,2,18000,1.0035984167
399360,399368,402151,8,2783,2,18000,1.00287459576
399392,399406,402170,14,2764,2,18000,1.00506512301
399394,399400,399622,6,222,2,3600,1.02702702703
399408,399415,402305,7,2890,2,18000,1.00242214533
399427,399436,402211,9,2775,2,18000,1.00324324324
399453,399462,402190,9,2728,2,18000,1.00329912023
399470,399475,402275,5,2800,2,18000,1.00178571429
399471,399481,402300,10,2819,2,18000,1.00354735722
399472,399486,402241,14,2755,2,18000,1.00508166969
399489,399498,402310,9,2812,2,18000,1.00320056899
399508,399515,402337,7,2822,2,18000,1.00248051028
399568,399576,402289,8,2713,2,18000,1.0029487652
399587,399596,402310,9,2714,2,18000,1.00331613854
399659,399667,402481,8,2814,2,18000,1.00284292822
399695,399702,402356,7,2654,2,18000,1.00263752826
399828,399834,414845,6,15011,1,36000,1.00039970688
399853,399859,431426,6,31567,4,144000,1.00019007191
399894,399900,433754,6,33854,4,144000,1.00017723164
400559,400565,578231,6,177666,1,180000,1.00003377123
400707,400713,410386,6,9673,2,14400,1.00062028326
400926,400932,421051,6,20119,1,180000,1.00029822556
401064,401070,404221,6,3151,12,7199,1.00190415741
401250,401256,405000,6,3744,2,14400,1.0016025641
401260,401268,404148,8,2880,2,18000,1.00277777778
401560,401569,404407,9,2838,2,18000,1.00317124736
401575,401584,404358,9,2774,2,18000,1.0032444124
401628,401637,404418,9,2781,2,18000,1.00323624595
401649,401657,404305,8,2648,2,18000,1.00302114804
401709,401716,404457,7,2741,2,18000,1.00255381248
401753,401759,404552,6,2793,2,18000,1.00214822771
401769,401775,404438,6,2663,2,18000,1.00225309801
401771,401781,404636,10,2855,2,18000,1.00350262697
401786,401792,404610,6,2818,2,18000,1.00212916962
401802,401813,404502,11,2689,2,18000,1.00409074005
401822,401831,404618,9,2787,2,18000,1.00322927879
401824,401836,404711,12,2875,2,18000,1.00417391304
401885,401894,404746,9,2852,2,18000,1.00315568022
401901,401907,404658,6,2751,2,18000,1.00218102508
401907,401913,417624,6,15711,1,180000,1.00038189803
401917,401923,404618,6,2695,2,18000,1.00222634508
401955,401963,404745,8,2782,2,18000,1.00287562904
401976,401984,404574,8,2590,2,18000,1.00308880309
401992,401998,404867,6,2869,2,18000,1.00209132102
402022,402030,404810,8,2780,2,18000,1.00287769784
402024,402036,404699,12,2663,2,18000,1.00450619602
402040,402046,762087,6,360041,5,360000,1.00001666477
402059,402064,404888,5,2824,2,18000,1.00177053824
402075,402081,404745,6,2664,2,18000,1.00225225225
402108,402116,404875,8,2759,2,18000,1.0028996013
402125,402132,404965,7,2833,2,18000,1.00247087893
402127,402138,404884,11,2746,2,18000,1.00400582666
402165,402171,405010,6,2839,2,18000,1.00211342022
402181,402187,405105,6,2918,2,18000,1.00205620288
402200,402207,404941,7,2734,2,18000,1.00256035113
402217,402223,404898,6,2675,2,18000,1.00224299065
402244,402252,405025,8,2773,2,18000,1.00288496213
402280,402287,405079,7,2792,2,18000,1.00250716332
402297,402303,405091,6,2788,2,18000,1.00215208034
402328,402335,405192,7,2857,2,18000,1.00245012251
402330,402341,405114,11,2773,2,18000,1.00396682294
402331,402346,405011,15,2665,2,18000,1.00562851782
402332,402351,405033,19,2682,2,18000,1.00708426547
402349,402357,405141,8,2784,2,18000,1.00287356322
402364,402370,405168,6,2798,2,18000,1.00214438885
402484,402492,405364,8,2872,2,18000,1.00278551532
402542,402548,404163,6,1615,1,180000,1.00371517028
403244,403251,425770,7,22519,1,72000,1.00031084862
403418,403424,407785,6,4361,8,7200,1.00137583123
403712,403718,403862,6,144,2,32400,1.04166666667
404112,404118,414070,6,9952,2,36000,1.00060289389
404121,404127,432615,6,28488,4,144000,1.000210615
404151,404159,406753,8,2594,2,18000,1.00308404009
404305,404316,406925,11,2609,2,18000,1.00421617478
404360,404370,407138,10,2768,2,18000,1.00361271676
404409,404418,407287,9,2869,2,18000,1.00313698153
404425,404431,407224,6,2793,2,18000,1.00214822771
404441,404449,407227,8,2778,2,18000,1.00287976962
404461,404469,407083,8,2614,2,18000,1.00306044376
404499,404513,407407,14,2894,2,18000,1.00483759502
404556,404564,407351,8,2787,2,18000,1.00287047004
404575,404585,407368,10,2783,2,18000,1.0035932447
404614,404621,407367,7,2746,2,18000,1.00254916242
404630,404636,407353,6,2717,2,18000,1.002208318
404631,404642,407327,11,2685,2,18000,1.00409683426
404647,404653,407560,6,2907,2,18000,1.00206398349
404662,404670,407538,8,2868,2,18000,1.00278940028
404702,404711,407472,9,2761,2,18000,1.00325968852
404718,404724,407613,6,2889,2,18000,1.0020768432
404748,404756,407399,8,2643,2,18000,1.00302686341
404749,404761,407494,12,2733,2,18000,1.00439077936
404750,404767,407435,17,2668,2,18000,1.00637181409
404813,404821,407719,8,2898,2,18000,1.0027605245
404870,404878,407559,8,2681,2,18000,1.00298396121
404887,404893,407531,6,2638,2,18000,1.00227445034
404888,404899,407617,11,2718,2,18000,1.00404709345
404904,404910,407493,6,2583,2,18000,1.00232288037
404905,404916,407679,11,2763,2,18000,1.00398117988
404943,404952,407778,9,2826,2,18000,1.00318471338
404968,404981,407774,13,2793,2,18000,1.00465449338
404969,404975,408396,6,3421,2,14400,1.00175387314
405013,405020,407955,7,2935,2,18000,1.00238500852
405014,405026,407848,12,2822,2,18000,1.00425230333
405030,405036,407786,6,2750,2,18000,1.00218181818
405044,405051,407882,7,2831,2,18000,1.00247262451
405079,405090,407889,11,2799,2,18000,1.00392997499
405095,405102,407827,7,2725,2,18000,1.00256880734
405110,405116,407872,6,2756,2,18000,1.00217706821
405126,405132,407939,6,2807,2,18000,1.00213751336
405145,405152,407888,7,2736,2,18000,1.00255847953
405170,405180,407889,10,2709,2,18000,1.00369139904
405195,405203,408000,8,2797,2,18000,1.00286020737
405367,405376,408201,9,2825,2,18000,1.00318584071
405949,405955,416882,6,10927,2,10800,1.00054909856
406635,406642,409662,7,3020,32,43200,1.00231788079
406780,406787,409415,7,2628,2,18000,1.00266362253
406916,406922,406926,6,4,3,180000,1.0
406927,406936,409726,9,2790,2,18000,1.00322580645
406953,406959,406963,6,4,3,180000,1.0
406993,406999,407003,6,4,3,180000,1.0
407048,407055,407096,7,41,3,180000,1.17073170732
407054,844648,949533,437594,104885,1,432000,5.17213138199
407086,407094,409876,8,2782,2,18000,1.00287562904
407126,407131,407142,5,11,1,72000,1.45454545455
407126,407142,407155,16,13,1,72000,2.23076923077
407126,407153,407176,27,23,1,72000,2.17391304348
407126,407158,407245,32,87,1,72000,1.36781609195
407126,407136,407159,10,23,1,72000,1.4347826087
407126,407163,407498,37,335,1,72000,1.11044776119
407127,407179,407219,52,40,1,72000,2.3
407127,407189,407210,62,21,1,72000,3.95238095238
407127,407174,407189,47,15,1,72000,4.13333333333
407127,407184,407279,57,95,1,72000,1.6
407127,407169,407469,42,300,1,72000,1.14
407127,407195,407327,68,132,1,72000,1.51515151515
407128,407221,407256,93,35,1,72000,3.65714285714
407128,407215,407236,87,21,1,72000,5.14285714286
407128,407200,407229,72,29,1,72000,3.48275862069
407128,407210,407224,82,14,1,72000,6.85714285714
407128,407231,407297,103,66,1,72000,2.56060606061
407128,407205,407541,77,336,1,72000,1.22916666667
407128,407226,407251,98,25,1,72000,4.92
407129,407247,407326,118,79,1,72000,2.49367088608
407129,407236,407311,107,75,1,72000,2.42666666667
407129,407258,407272,129,14,1,72000,10.2142857143
407129,407252,407439,123,187,1,72000,1.6577540107
407129,407242,407309,113,67,1,72000,2.68656716418
407131,407148,587163,17,180015,2,180000,1.00009443657
407136,407263,407434,127,171,1,3600,1.74269005848
407139,407270,410036,131,2766,2,18000,1.04736080983
407228,407275,410036,47,2761,2,18000,1.01702281782
407229,407280,410011,51,2731,2,18000,1.01867447821
407274,407287,407295,13,8,1,72000,2.1
407291,407298,410030,7,2732,2,18000,1.00256222548
407330,407338,410085,8,2747,2,18000,1.00291226793
407353,407368,410114,15,2746,2,18000,1.0054624909
407354,407362,410227,8,2865,2,18000,1.00279232112
407371,407378,410200,7,2822,2,18000,1.00248051028
407372,407384,410225,12,2841,2,18000,1.00422386484
407401,407410,410257,9,2847,2,18000,1.00316122234
407416,407422,410215,6,2793,2,18000,1.00214822771
407439,407446,410221,7,2775,2,18000,1.00252252252
407474,407483,410210,9,2727,2,18000,1.00330033003
407497,407505,410290,8,2785,2,18000,1.00287253142
407498,407510,410317,12,2807,2,18000,1.00427502672
407535,407543,410267,8,2724,2,18000,1.00293685756
407551,407557,410391,6,2834,2,18000,1.00211714891
407566,407572,410323,6,2751,2,18000,1.00218102508
407568,407578,410379,10,2801,2,18000,1.00357015352
407616,407624,410423,8,2799,2,18000,1.00285816363
407634,407640,410429,6,2789,2,18000,1.00215130871
407665,407672,604673,7,197001,10,360000,1.00003553281
407689,407695,410463,6,2768,2,18000,1.00216763006
407722,407730,410353,8,2623,2,18000,1.00304994281
407775,407785,410559,10,2774,2,18000,1.00360490267
407791,407797,410529,6,2732,2,18000,1.00219619327
407792,407803,410646,11,2843,2,18000,1.0038691523
407831,407839,410690,8,2851,2,18000,1.00280603297
407851,407860,410637,9,2777,2,18000,1.00324090745
407878,407883,410684,5,2801,2,18000,1.00178507676
407895,407901,410724,6,2823,2,18000,1.00212539851
407896,407907,410666,11,2759,2,18000,1.00398695179
407898,407912,410572,14,2660,2,18000,1.00526315789
407899,407917,410737,18,2820,2,18000,1.00638297872
407943,407950,410667,7,2717,2,18000,1.002576371
407959,407967,410693,8,2726,2,18000,1.00293470286
408005,408011,410851,6,2840,2,18000,1.00211267606
408157,408163,414246,6,6083,2,21600,1.00098635542
408205,408212,410961,7,2749,2,18000,1.0025463805
408214,408220,408400,6,180,1,72000,1.03333333333
408214,408225,409412,11,1187,1,72000,1.00926705981
408214,408230,415613,16,7383,1,72000,1.00216714073
408215,408246,408258,31,12,1,72000,3.58333333333
408215,408236,408545,21,309,1,72000,1.06796116505
408215,408257,410288,42,2031,1,72000,1.02067946824
408215,408241,408830,26,589,1,72000,1.0441426146
408215,408252,408330,37,78,1,72000,1.47435897436
408215,408262,408275,47,13,1,72000,4.61538461538
408315,408321,411960,6,3639,8,3600,1.00164880462
408693,408699,415665,6,6966,2,21600,1.00086132644
409319,409325,412785,6,3460,2,3600,1.00173410405
409353,409359,427403,6,18044,8,18000,1.00033252051
409419,409426,412085,7,2659,2,18000,1.00263256863
409575,409581,569843,6,160262,12,345600,1.00003743869
409587,409594,412618,7,3024,2,14400,1.00231481481
409660,409667,409679,7,12,10,3600,1.58333333333
409687,409693,411662,6,1969,24,3600,1.0030472321
409690,409699,409969,9,270,8,18000,1.03333333333
409729,409737,412419,8,2682,2,18000,1.00298284862
409814,409821,412870,7,3049,2,21600,1.0022958347
409878,409887,412565,9,2678,2,18000,1.00336071695
410014,410023,412776,9,2753,2,18000,1.00326916092
410034,410041,412769,7,2728,2,18000,1.0025659824
410050,410056,412796,6,2740,2,18000,1.00218978102
410051,410062,412763,11,2701,2,18000,1.00407256572
410088,410096,412794,8,2698,2,18000,1.00296515938
410116,410125,413014,9,2889,2,18000,1.0031152648
410203,410212,412907,9,2695,2,18000,1.00333951763
410214,410220,411482,6,1262,2,21600,1.00475435816
410221,410227,412941,6,2714,2,18000,1.00221075903
410223,410233,413049,10,2816,2,18000,1.00355113636
410223,410238,464269,15,54031,4,53999,1.0002776184
410238,410244,413065,6,2821,2,18000,1.00212690535
410240,410250,412911,10,2661,2,18000,1.00375798572
410241,410255,412935,14,2680,2,18000,1.0052238806
410260,410269,412975,9,2706,2,18000,1.00332594235
410276,410282,413033,6,2751,2,18000,1.00218102508
410291,410301,413057,10,2756,2,18000,1.00362844702
410322,410328,413175,6,2847,2,18000,1.00210748156
410337,410343,413037,6,2694,2,18000,1.00222717149
410356,410364,413193,8,2829,2,18000,1.00282785437
410380,410390,413260,10,2870,2,18000,1.00348432056
410395,410403,413143,8,2740,2,18000,1.00291970803
410426,410434,413215,8,2781,2,18000,1.00287666307
410441,410447,413270,6,2823,2,18000,1.00212539851
410465,410474,413248,9,2774,2,18000,1.0032444124
410531,410541,413304,10,2763,2,18000,1.00361925443
410562,410570,413362,8,2792,2,18000,1.00286532951
410578,410584,413366,6,2782,2,18000,1.00215672178
410640,410648,413437,8,2789,2,18000,1.00286841162
410655,410661,413436,6,2775,2,18000,1.00216216216
410671,410677,413271,6,2594,2,18000,1.00231303007
410672,410683,413438,11,2755,2,18000,1.00399274047
410688,410694,413336,6,2642,2,18000,1.00227100681
410689,410700,417935,11,7235,2,21600,1.00152038701
410698,410706,413409,8,2703,1,72000,1.00295967444
410704,410712,413511,8,2799,2,18000,1.00285816363
410706,410717,413455,11,2738,2,18000,1.00401753104
410727,410735,413658,8,2923,2,18000,1.00273691413
410743,410749,413374,6,2625,2,18000,1.00228571429
410852,410862,413656,10,2794,2,18000,1.00357909807
410963,410972,413747,9,2775,2,18000,1.00324324324
411055,411061,417094,6,6033,2,21600,1.00099453008
411457,411463,419052,6,7589,2,21600,1.000790618
411808,411814,418514,6,6700,2,21600,1.00089552239
412030,412037,415393,7,3356,12,7199,1.00208581645
412086,412096,414887,10,2791,2,18000,1.00358294518
412237,412243,419432,6,7189,2,21600,1.00083460843
412421,412430,415106,9,2676,2,18000,1.0033632287
412567,412576,415432,9,2856,2,18000,1.0031512605
412764,412774,415600,10,2826,2,18000,1.00353857042
412780,412786,415641,6,2855,2,18000,1.00210157618
412781,412792,415587,11,2795,2,18000,1.00393559928
412797,412811,415595,14,2784,2,18000,1.00502873563
412798,412805,415652,7,2847,2,18000,1.00245872849
412910,412918,415805,8,2887,2,18000,1.0027710426
412925,412931,415642,6,2711,2,18000,1.00221320546
412931,412937,420273,6,7336,2,21600,1.00081788441
412941,412947,415798,6,2851,2,18000,1.00210452473
412942,412953,415747,11,2794,2,18000,1.00393700787
412976,412986,415701,10,2715,2,18000,1.00368324125
413015,413025,415785,10,2760,2,18000,1.00362318841
413024,413036,416165,12,3129,1,360000,1.00383509108
413024,413051,420829,27,7778,1,360000,1.00347132939
413024,413041,418899,17,5858,1,360000,1.00290201434
413024,413030,426478,6,13448,1,360000,1.000446163
413024,413057,415266,33,2209,1,360000,1.01493888637
413024,413046,413534,22,488,1,360000,1.04508196721
413025,413115,414699,90,1584,1,360000,1.05681818182
413025,413067,487535,42,74468,1,360000,1.00056400064
413025,413072,431691,47,18619,1,360000,1.00252430313
413025,413062,415384,37,2322,1,360000,1.01593453919
413025,413110,414243,85,1133,1,360000,1.07502206531
413025,413078,414669,53,1591,1,360000,1.03331238215
413037,413084,415839,47,2755,2,18000,1.01705989111
413038,413089,415874,51,2785,2,18000,1.01831238779
413055,413094,415969,39,2875,2,18000,1.01356521739
413072,413100,415812,28,2712,2,18000,1.01032448378
413073,413105,415929,32,2824,2,18000,1.01133144476
413146,413154,415985,8,2831,2,18000,1.00282585659
413177,413187,415954,10,2767,2,18000,1.00361402241
413196,413204,415995,8,2791,2,18000,1.00286635614
413204,413210,418283,6,5073,2,21600,1.00118273211
413217,413226,415967,9,2741,2,18000,1.00328347318
413248,413259,415970,11,2711,2,18000,1.00405754334
413263,413271,415998,8,2727,2,18000,1.0029336267
413279,413286,416121,7,2835,2,18000,1.0024691358
413281,413292,416105,11,2813,2,18000,1.00391041593
413305,413315,416161,10,2846,2,18000,1.00351370344
413339,413347,416211,8,2864,2,18000,1.00279329609
413364,413373,416072,9,2699,2,18000,1.00333456836
413380,413386,416177,6,2791,2,18000,1.00214976711
413381,413392,416030,11,2638,2,18000,1.00416982563
413441,413447,416293,6,2846,2,18000,1.00210822207
413442,413453,416131,11,2678,2,18000,1.00410754294
413443,413458,416296,15,2838,2,18000,1.00528541226
413459,413466,416103,7,2637,2,18000,1.00265453166
413514,413522,416351,8,2829,2,18000,1.00282785437
413587,413594,431932,7,18338,2,43200,1.00038172102
413658,413673,416458,15,2785,2,18000,1.00538599641
413660,413667,416515,7,2848,2,18000,1.00245786517
413749,413758,416550,9,2792,2,18000,1.0032234957
414850,414856,429302,6,14446,2,14400,1.00041533989
414889,414898,417650,9,2752,2,18000,1.00327034884
414930,414937,419864,7,4927,2,14400,1.00142074285
415106,415117,417916,11,2799,2,18000,1.00392997499
415434,415443,418281,9,2838,2,18000,1.00317124736
415590,415598,418357,8,2759,2,18000,1.0028996013
415605,415611,418390,6,2779,2,18000,1.00215905002
415607,415617,418431,10,2814,2,18000,1.00355366027
415644,415652,418517,8,2865,2,18000,1.00279232112
415645,415658,418377,13,2719,2,18000,1.00478116955
415660,415667,418486,7,2819,2,18000,1.00248315005
415703,415712,418494,9,2782,2,18000,1.00323508267
415749,415759,418354,10,2595,2,18000,1.00385356455
415789,415796,418613,7,2817,2,18000,1.00248491303
415805,415812,418527,7,2715,2,18000,1.00257826888
415807,415818,418529,11,2711,2,18000,1.00405754334
415822,415828,418627,6,2799,2,18000,1.00214362272
415840,415850,418665,10,2815,2,18000,1.00355239787
415877,415885,418604,8,2719,2,18000,1.00294225818
415931,415941,418717,10,2776,2,18000,1.00360230548
415957,415965,418720,8,2755,2,18000,1.00290381125
415975,415981,418760,6,2779,2,18000,1.00215905002
415976,415987,418741,11,2754,2,18000,1.00399419027
415978,415992,418653,14,2661,2,18000,1.00526118001
415994,416000,418665,6,2665,2,18000,1.00225140713
416009,416015,418798,6,2783,2,18000,1.00215594682
416011,416021,418782,10,2761,2,18000,1.00362187613
416032,416041,418981,9,2940,2,18000,1.00306122449
416076,416083,418901,7,2818,2,18000,1.00248403123
416104,416114,418870,10,2756,2,18000,1.00362844702
416121,416127,418943,6,2816,2,18000,1.00213068182
416137,416142,418935,5,2793,2,18000,1.00179018976
416138,416148,418898,10,2750,2,18000,1.00363636364
416162,416172,418865,10,2693,2,18000,1.00371333086
416180,416189,419030,9,2841,2,18000,1.00316789863
416215,416222,418786,7,2564,2,18000,1.0027301092
416295,416305,419051,10,2746,2,18000,1.0036416606
416310,416316,419126,6,2810,2,18000,1.00213523132
416353,416362,419136,9,2774,2,18000,1.0032444124
416459,416470,419347,11,2877,2,18000,1.00382342718
416517,416526,419354,9,2828,2,18000,1.0031824611
416553,416562,419346,9,2784,2,18000,1.00323275862
417651,417661,420400,10,2739,2,18000,1.00365096751
417919,417927,420697,8,2770,2,18000,1.00288808664
418283,418293,421079,10,2786,2,18000,1.00358937545
418356,418366,421280,10,2914,2,18000,1.00343170899
418372,418378,421031,6,2653,2,18000,1.00226159065
418386,418393,421102,7,2709,2,18000,1.00258397933
418401,418408,421053,7,2645,2,18000,1.00264650284
418432,418442,421215,10,2773,2,18000,1.00360620267
418487,418497,421303,10,2806,2,18000,1.00356379187
418502,418508,421328,6,2820,2,18000,1.00212765957
418521,418528,421271,7,2743,2,18000,1.00255195042
418536,418542,421334,6,2792,2,18000,1.00214899713
418537,418548,421375,11,2827,2,18000,1.00389105058
418608,418615,421376,7,2761,2,18000,1.00253531329
418624,418630,421355,6,2725,2,18000,1.00220183486
418639,418645,421564,6,2919,2,18000,1.00205549846
418655,418664,421343,9,2679,2,18000,1.00335946249
418671,418677,421294,6,2617,2,18000,1.00229270157
418673,418683,421487,10,2804,2,18000,1.00356633381
418719,418729,421525,10,2796,2,18000,1.00357653791
418735,418741,421520,6,2779,2,18000,1.00215905002
418751,418758,421508,7,2750,2,18000,1.00254545455
418767,418773,421648,6,2875,2,18000,1.00208695652
418782,418793,421491,11,2698,2,18000,1.00407709414
418800,418806,421617,6,2811,2,18000,1.00213447172
418801,418812,421682,11,2870,2,18000,1.00383275261
418867,418876,421608,9,2732,2,18000,1.0032942899
418882,418888,421657,6,2769,2,18000,1.00216684724
418901,418910,421751,9,2841,2,18000,1.00316789863
418902,418916,421708,14,2792,2,18000,1.00501432665
418937,418946,421710,9,2764,2,18000,1.00325615051
418952,418958,421746,6,2788,2,18000,1.00215208034
418983,418992,421853,9,2861,2,18000,1.00314575323
419032,419041,421888,9,2847,2,18000,1.00316122234
419053,419063,421729,10,2666,2,18000,1.00375093773
419130,419137,422015,7,2878,2,18000,1.00243224461
419145,419151,421991,6,2840,2,18000,1.00211267606
419351,419357,422068,6,2711,2,18000,1.00221320546
419352,419363,422298,11,2935,2,18000,1.00374787053
419367,419374,422198,7,2824,2,18000,1.00247875354
420283,420289,744293,6,324004,2,324000,1.00001851829
420356,420363,744389,7,324026,2,324000,1.0000216032
420401,420411,423024,10,2613,2,18000,1.00382701875
420700,420709,423569,9,2860,2,18000,1.00314685315
421034,421043,423941,9,2898,2,18000,1.00310559006
421056,421064,423850,8,2786,2,18000,1.00287150036
421080,421090,423956,10,2866,2,18000,1.00348918353
421104,421113,424019,9,2906,2,18000,1.00309704061
421217,421226,423915,9,2689,2,18000,1.00334696913
421273,421282,424005,9,2723,2,18000,1.00330517811
421289,421295,424168,6,2873,2,18000,1.00208840933
421304,421310,424057,6,2747,2,18000,1.00218420095
421305,421316,424124,11,2808,2,18000,1.00391737892
421331,421339,424287,8,2948,2,18000,1.00271370421
421334,421344,421346,10,2,2,300,1.2
421347,421353,424059,6,2706,2,18000,1.0022172949
421349,421359,424184,10,2825,2,18000,1.00353982301
421365,421371,424078,6,2707,2,18000,1.0022164758
421380,421386,424111,6,2725,2,18000,1.00220183486
421382,421392,424205,10,2813,2,18000,1.00355492357
421491,421499,424204,8,2705,2,18000,1.00295748614
421507,421513,424306,6,2793,2,18000,1.00214822771
421522,421528,424336,6,2808,2,18000,1.00213675214
421524,421534,424257,10,2723,2,18000,1.00367242012
421531,421540,425154,9,3614,12,7199,1.00249031544
421539,421546,424324,7,2778,2,18000,1.00251979842
421566,421575,424247,9,2672,2,18000,1.00336826347
421606,421619,424432,13,2813,2,18000,1.00462140064
421621,421628,424310,7,2682,2,18000,1.00260999254
421650,421659,424433,9,2774,2,18000,1.0032444124
421666,421672,424284,6,2612,2,18000,1.00229709035
421684,421694,424371,10,2677,2,18000,1.00373552484
421709,421719,424519,10,2800,2,18000,1.00357142857
421725,421731,424537,6,2806,2,18000,1.00213827512
421740,421746,424506,6,2760,2,18000,1.00217391304
421756,421762,424569,6,2807,2,18000,1.00213751336
421757,421768,424646,11,2878,2,18000,1.00382209868
421856,421864,424630,8,2766,2,18000,1.0028922632
421890,421899,424737,9,2838,2,18000,1.00317124736
421994,422002,424714,8,2712,2,18000,1.00294985251
422018,422027,424741,9,2714,2,18000,1.00331613854
422068,422079,424959,11,2880,2,18000,1.00381944444
422201,422209,425042,8,2833,2,18000,1.00282386163
422303,422309,425170,6,2861,2,18000,1.00209716882
422893,422899,439518,6,16619,1,36000,1.00036103255
423027,423035,425742,8,2707,2,18000,1.00295530107
423574,423580,426396,6,2816,2,18000,1.00213068182
423847,423853,430084,6,6231,8,10800,1.0009629273
423851,423862,426716,11,2854,2,18000,1.00385423966
423918,423927,426663,9,2736,2,18000,1.00328947368
423945,423952,426758,7,2806,2,18000,1.00249465431
423961,423968,426653,7,2685,2,18000,1.00260707635
424013,424019,426631,6,2612,2,18000,1.00229709035
424029,424035,426713,6,2678,2,18000,1.00224047797
424062,424070,426863,8,2793,2,18000,1.00286430362
424063,424075,426909,12,2834,2,18000,1.00423429781
424079,424089,426791,10,2702,2,18000,1.00370096225
424094,424101,424106,7,5,2,300,1.2
424118,424124,424139,6,15,2,300,1.4
424124,424130,426923,6,2793,2,18000,1.00214822771
424141,424147,427080,6,2933,2,18000,1.00204568701
424149,424155,424203,6,48,2,300,1.125
424174,424180,426870,6,2690,2,18000,1.00223048327
424191,424196,427047,5,2851,2,18000,1.00175377061
424211,424217,427046,6,2829,2,18000,1.00212089077
424211,424222,424428,11,206,2,360,1.05339805825
424213,424228,427003,15,2775,2,18000,1.00540540541
424249,424258,427100,9,2842,2,18000,1.00316678395
424266,424272,427066,6,2794,2,18000,1.00214745884
424289,424295,427158,6,2863,2,18000,1.00209570381
424291,424301,427131,10,2830,2,18000,1.0035335689
424311,424317,427094,6,2777,2,18000,1.00216060497
424312,424323,427168,11,2845,2,18000,1.00386643234
424334,424341,427127,7,2786,2,18000,1.00251256281
424351,424357,426930,6,2573,2,18000,1.00233190828
424374,424383,427040,9,2657,2,18000,1.00338727889
424436,424442,424451,6,9,2,300,1.5
424438,424458,424463,20,5,8,3600,2.5
424438,424448,427266,10,2818,2,18000,1.00354861604
424440,424453,427308,13,2855,2,18000,1.00455341506
424460,424466,424498,6,32,2,300,1.1875
424505,424511,424541,6,30,2,300,1.2
424510,424517,427257,7,2740,2,18000,1.00255474453
424526,424533,427327,7,2794,2,18000,1.00250536865
424544,424550,427394,6,2844,2,18000,1.00210970464
424548,424556,424865,8,309,2,300,1.02588996764
424574,424580,427319,6,2739,2,18000,1.0021905805
424619,424625,425233,6,608,8,3600,1.00986842105
424633,424641,427441,8,2800,2,18000,1.00285714286
424649,424657,427387,8,2730,2,18000,1.00293040293
424719,424725,427350,6,2625,2,18000,1.00228571429
424744,424750,427595,6,2845,2,18000,1.00210896309
424745,424756,427578,11,2822,2,18000,1.00389794472
424879,424885,425241,6,356,2,360,1.01685393258
424963,424969,427712,6,2743,2,18000,1.00218738607
425052,425059,427762,7,2703,2,18000,1.00258971513
425173,425181,427979,8,2798,2,18000,1.00285918513
425255,425261,425361,6,100,2,360,1.06
425330,425336,429500,6,4164,12,7199,1.00144092219
425744,425753,428558,9,2805,2,18000,1.00320855615
426399,426407,429137,8,2730,2,18000,1.00293040293
426633,426642,429324,9,2682,2,18000,1.0033557047
426655,426665,429260,10,2595,2,18000,1.00385356455
426670,426677,429501,7,2824,2,18000,1.00247875354
426717,426724,429593,7,2869,2,18000,1.00243987452
426718,426730,429670,12,2940,2,18000,1.00408163265
426761,426769,429524,8,2755,2,18000,1.00290381125
426792,426802,429406,10,2604,2,18000,1.00384024578
426867,426874,429579,7,2705,2,18000,1.00258780037
426882,426888,429729,6,2841,2,18000,1.00211193242
426913,426921,429550,8,2629,2,18000,1.00304298212
426929,426935,429719,6,2784,2,18000,1.00215517241
426945,426951,429801,6,2850,2,18000,1.00210526316
427004,427014,429704,10,2690,2,18000,1.00371747212
427041,427051,429756,10,2705,2,18000,1.00369685767
427057,427063,429856,6,2793,2,18000,1.00214822771
427058,427069,429913,11,2844,2,18000,1.00386779184
427073,427080,429885,7,2805,2,18000,1.00249554367
427088,427095,429820,7,2725,2,18000,1.00256880734
427104,427110,429936,6,2826,2,18000,1.00212314225
427106,427116,429890,10,2774,2,18000,1.00360490267
427127,427138,430043,11,2905,2,18000,1.00378657487
427142,427148,430043,6,2895,2,18000,1.00207253886
427161,427169,429871,8,2702,2,18000,1.0029607698
427176,427182,429822,6,2640,2,18000,1.00227272727
427259,427268,430063,9,2795,2,18000,1.00322003578
427274,427280,430129,6,2849,2,18000,1.00210600211
427311,427319,430093,8,2774,2,18000,1.00288392213
427328,427334,430075,6,2741,2,18000,1.00218898212
427329,427340,430027,11,2687,2,18000,1.00409378489
427350,427361,430207,11,2846,2,18000,1.00386507379
427391,427398,430117,7,2719,2,18000,1.00257447591
427406,427412,430171,6,2759,2,18000,1.00217470098
427442,427453,430259,11,2806,2,18000,1.00392017106
427580,427589,430393,9,2804,2,18000,1.00320970043
427598,427607,430317,9,2710,2,18000,1.00332103321
427714,427723,430311,9,2588,2,18000,1.00347758887
427763,427774,430618,11,2844,2,18000,1.00386779184
427892,427898,427966,6,68,4,3540,1.08823529412
427893,427904,427966,11,62,2,3540,1.17741935484
427983,427990,430825,7,2835,2,18000,1.0024691358
428562,428570,431375,8,2805,2,18000,1.00285204991
429140,429149,431884,9,2735,2,18000,1.00329067642
429261,429271,432075,10,2804,2,18000,1.00356633381
429328,429335,432194,7,2859,2,18000,1.00244840853
429407,429418,432148,11,2730,2,18000,1.00402930403
429505,429512,432338,7,2826,2,18000,1.00247699929
429526,429535,432219,9,2684,2,18000,1.00335320417
429553,429561,432235,8,2674,2,18000,1.00299177263
429581,429591,432277,10,2686,2,18000,1.00372300819
429596,429604,432377,8,2773,2,18000,1.00288496213
429673,429681,432414,8,2733,2,18000,1.00292718624
429707,429715,432615,8,2900,2,18000,1.00275862069
429722,429730,432496,8,2766,2,18000,1.0028922632
429737,429743,432471,6,2728,2,18000,1.00219941349
429757,429764,433239,7,3475,12,7199,1.00201438849
429758,429770,432578,12,2808,2,18000,1.00427350427
429804,429812,432695,8,2883,2,18000,1.00277488727
429823,429831,432693,8,2862,2,18000,1.00279524808
429824,429837,432691,13,2854,2,18000,1.00455501051
429858,429868,432587,10,2719,2,18000,1.00367782273
429874,429882,432532,8,2650,2,18000,1.00301886792
429890,429895,432688,5,2793,2,18000,1.00179018976
429905,429911,432731,6,2820,2,18000,1.00212765957
429920,429926,432677,6,2751,2,18000,1.00218102508
429939,429947,432816,8,2869,2,18000,1.00278842802
430031,430038,432696,7,2658,2,18000,1.00263355907
430046,430053,432656,7,2603,2,18000,1.00268920476
430048,430059,432950,11,2891,2,18000,1.0038049118
430066,430074,432830,8,2756,2,18000,1.00290275762
430081,430087,433028,6,2941,2,18000,1.00204012241
430096,430104,432768,8,2664,2,18000,1.003003003
430121,430129,432854,8,2725,2,18000,1.00293577982
430136,430142,432891,6,2749,2,18000,1.00218261186
430172,430182,432989,10,2807,2,18000,1.00356252227
430209,430218,432911,9,2693,2,18000,1.00334199777
430261,430271,432979,10,2708,2,18000,1.00369276219
430316,430321,433049,5,2728,2,18000,1.00183284457
430331,430337,432944,6,2607,2,18000,1.00230149597
430395,430405,433176,10,2771,2,18000,1.00360880549
430621,430630,433502,9,2872,2,18000,1.00313370474
430827,430837,433540,10,2703,2,18000,1.00369959304
431376,431386,434188,10,2802,2,18000,1.00356887937
431713,431724,431725,11,1,1,3600,1.2
431713,431729,431730,16,1,1,3600,1.7
431713,431734,431736,21,2,1,3600,2.3
431713,431740,431742,27,2,1,3600,2.9
431713,431718,431720,5,2,1,3600,1.0
431713,431745,431746,32,1,1,3600,3.3
431714,431761,431762,47,1,1,3600,4.8
431714,431756,431758,42,2,1,3600,4.4
431714,431766,431768,52,2,1,3600,5.4
431714,431771,431772,57,1,1,3600,5.8
431714,431776,431778,62,2,1,3600,6.4
431714,431782,431784,68,2,1,3600,7.0
431714,431750,431753,36,3,1,3600,3.9
431715,431813,431815,98,2,1,3600,10.0
431715,431808,431809,93,1,1,3600,9.4
431715,431787,431789,72,2,1,3600,7.4
431715,431792,431794,77,2,1,3600,7.9
431715,431802,431805,87,3,1,3600,9.0
431715,431818,431820,103,2,1,3600,10.5
431715,431797,431799,82,2,1,3600,8.4
431716,431823,431825,107,2,1,3600,10.9
431716,431828,431830,112,2,1,3600,11.4
431716,431839,431840,123,1,1,3600,12.4
431716,431834,431835,118,1,1,3600,11.9
431716,431849,431852,133,3,1,3600,13.6
431716,431855,431856,139,1,1,3600,14.0
431716,431844,431846,128,2,1,3600,13.0
431717,431872,431873,155,1,1,3600,15.6
431717,431865,431867,148,2,1,3600,15.0
431717,431860,431861,143,1,1,3600,14.4
431885,431895,434631,10,2736,2,18000,1.00365497076
432078,432087,434794,9,2707,2,18000,1.00332471371
432151,432159,434806,8,2647,2,18000,1.00302228938
432198,432204,435064,6,2860,2,18000,1.0020979021
432224,432230,435073,6,2843,2,18000,1.00211044671
432240,432246,435100,6,2854,2,18000,1.00210231254
432280,432288,435146,8,2858,2,18000,1.00279916025
432339,432350,435301,11,2951,2,18000,1.00372754998
432379,432388,435071,9,2683,2,18000,1.00335445397
432418,432425,435230,7,2805,2,18000,1.00249554367
432474,432482,435316,8,2834,2,18000,1.00282286521
432499,432508,435347,9,2839,2,18000,1.00317013033
432534,432543,435142,9,2599,2,18000,1.00346287033
432580,432589,435410,9,2821,2,18000,1.00319035803
432595,432601,435399,6,2798,2,18000,1.00214438885
432616,432626,435420,10,2794,2,18000,1.00357909807
432658,432667,435452,9,2785,2,18000,1.00323159785
432685,432691,435537,6,2846,2,18000,1.00210822207
432704,432710,435573,6,2863,2,18000,1.00209570381
432705,432716,435578,11,2862,2,18000,1.00384346611
432707,432721,435520,14,2799,2,18000,1.00500178635
432708,432726,435461,18,2735,2,18000,1.00658135283
432709,432731,435414,22,2683,2,18000,1.00819977637
432734,432743,435591,9,2848,2,18000,1.00316011236
432770,432776,432902,6,126,1,3600,1.04761904762
432770,432802,432937,32,135,1,3600,1.23703703704
432770,432781,432924,11,143,1,3600,1.07692307692
432770,432786,432916,16,130,1,3600,1.12307692308
432770,432791,432914,21,123,1,3600,1.17073170732
432771,432834,432962,63,128,1,3600,1.4921875
432771,432839,432958,68,119,1,3600,1.57142857143
432771,432829,432957,58,128,1,3600,1.453125
432771,432818,432951,47,133,1,3600,1.35338345865
432771,432823,432945,52,122,1,3600,1.4262295082
432771,432797,435659,26,2862,2,18000,1.00908455625
432771,432807,432931,36,124,1,3600,1.29032258065
432771,432813,432944,42,131,1,3600,1.32061068702
432772,432881,433000,109,119,1,3600,1.91596638655
432772,432876,433001,104,125,1,3600,1.832
432772,432860,432982,88,122,1,3600,1.72131147541
432772,432844,432988,72,144,1,3600,1.5
432772,432855,432989,83,134,1,3600,1.61940298507
432772,432865,433004,93,139,1,3600,1.6690647482
432772,432870,432997,98,127,1,3600,1.77165354331
432772,432849,432972,77,123,1,3600,1.62601626016
432773,432891,433025,118,134,1,3600,1.88059701493
432773,432917,433043,144,126,1,3600,2.14285714286
432773,432912,433038,139,126,1,3600,2.10317460317
432773,432907,433031,134,124,1,3600,2.08064516129
432773,432902,433027,129,125,1,3600,2.032
432773,432897,433021,124,124,1,3600,2.0
432773,432886,433005,113,119,1,3600,1.94957983193
432774,432928,433052,154,124,1,3600,2.24193548387
432774,432960,433093,186,133,1,3600,2.3984962406
432774,432923,433053,149,130,1,3600,2.14615384615
432816,432935,435687,119,2752,2,18000,1.04324127907
432832,432940,435737,108,2797,2,18000,1.03861279943
432856,432945,435607,89,2662,2,18000,1.03343350864
432893,432950,435549,57,2599,2,18000,1.02193151212
432915,432955,435780,40,2825,2,18000,1.01415929204
432946,432966,435676,20,2710,2,18000,1.0073800738
432961,432972,435902,11,2930,2,18000,1.00375426621
432980,432990,435759,10,2769,2,18000,1.00361141206
432995,433001,435840,6,2839,2,18000,1.00211342022
433029,433039,435752,10,2713,2,18000,1.00368595651
433050,433060,435778,10,2718,2,18000,1.00367917586
433179,433187,436038,8,2851,2,18000,1.00280603297
433246,433252,433457,6,205,5,360000,1.02926829268
433296,433333,433450,37,117,1,3600,1.31623931624
433296,433323,433451,27,128,1,3600,1.2109375
433296,433339,433453,43,114,1,3600,1.37719298246
433296,433306,433425,10,119,1,3600,1.08403361345
433296,433317,433435,21,118,1,3600,1.17796610169
433296,433301,433435,5,134,1,3600,1.03731343284
433296,433328,433454,32,126,1,3600,1.25396825397
433296,433312,433437,16,125,1,3600,1.128
433297,433370,433482,73,112,1,3600,1.65178571429
433297,433360,433482,63,122,1,3600,1.51639344262
433297,433365,433479,68,114,1,3600,1.59649122807
433297,433349,433466,52,117,1,3600,1.44444444444
433297,433355,433469,58,114,1,3600,1.50877192982
433297,433376,433493,79,117,1,3600,1.67521367521
433297,433344,433472,47,128,1,3600,1.3671875
433298,433412,433527,114,115,1,3600,1.99130434783
433298,433396,433516,98,120,1,3600,1.81666666667
433298,433401,433518,103,117,1,3600,1.88034188034
433298,433406,433518,108,112,1,3600,1.96428571429
433298,433386,433506,88,120,1,3600,1.73333333333
433298,433381,433506,83,125,1,3600,1.664
433298,433391,433513,93,122,1,3600,1.76229508197
433299,433432,433553,133,121,1,3600,2.09917355372
433299,433443,433558,144,115,1,3600,2.25217391304
433299,433427,433542,128,115,1,3600,2.11304347826
433299,433448,433567,149,119,1,3600,2.25210084034
433299,433422,433546,123,124,1,3600,1.99193548387
433299,433437,433553,138,116,1,3600,2.18965517241
433299,433417,433533,118,116,1,3600,2.01724137931
433300,433454,433591,154,137,1,3600,2.12408759124
433503,433514,436290,11,2776,2,18000,1.00396253602
433529,433535,433626,6,91,5,360000,1.06593406593
433541,433551,436310,10,2759,2,18000,1.00362450163
433656,433662,433817,6,155,5,360000,1.03870967742
433667,433672,433729,5,57,1,3600,1.08771929825
433667,433677,433734,10,57,1,3600,1.17543859649
433667,433683,433740,16,57,1,3600,1.28070175439
433667,433688,433745,21,57,1,3600,1.36842105263
433667,433694,433751,27,57,1,3600,1.47368421053
433667,433699,433756,32,57,1,3600,1.56140350877
433667,433705,433761,38,56,1,3600,1.67857142857
433668,433720,433750,52,30,1,3600,2.73333333333
433668,433710,433766,42,56,1,3600,1.75
433668,433715,433771,47,56,1,3600,1.83928571429
433668,433746,433803,78,57,1,3600,2.36842105263
433668,433731,433788,63,57,1,3600,2.10526315789
433668,433751,433807,83,56,1,3600,2.48214285714
433668,433736,433792,68,56,1,3600,2.21428571429
433668,433741,433771,73,30,1,3600,3.43333333333
433668,433725,433782,57,57,1,3600,2.0
433669,433793,433850,124,57,1,3600,3.17543859649
433669,433777,433833,108,56,1,3600,2.92857142857
433669,433767,433824,98,57,1,3600,2.71929824561
433669,433762,433818,93,56,1,3600,2.66071428571
433669,433756,433813,87,57,1,3600,2.52631578947
433669,433772,433803,103,31,1,3600,4.32258064516
433669,433788,433844,119,56,1,3600,3.125
433669,433782,433840,113,58,1,3600,2.94827586207
433670,433813,433870,143,57,1,3600,3.50877192982
433670,433808,433864,138,56,1,3600,3.46428571429
433670,433798,433854,128,56,1,3600,3.28571428571
433670,433819,433875,149,56,1,3600,3.66071428571
433670,433826,433882,156,56,1,3600,3.78571428571
433670,433803,433858,133,55,1,3600,3.41818181818
433825,433832,433964,7,132,1,3600,1.05303030303
433825,433843,433965,18,122,1,3600,1.14754098361
433825,433838,433963,13,125,1,3600,1.104
433826,433848,433965,22,117,1,3600,1.18803418803
433826,433853,433969,27,116,1,3600,1.23275862069
433826,433863,433979,37,116,1,3600,1.31896551724
433826,433858,433981,32,123,1,3600,1.26016260163
433828,433874,433990,46,116,1,3600,1.39655172414
433828,433880,433992,52,112,1,3600,1.46428571429
433828,433885,434001,57,116,1,3600,1.49137931034
433828,433895,434012,67,117,1,3600,1.57264957265
433828,433890,434022,62,132,1,3600,1.4696969697
433829,433926,434053,97,127,1,3600,1.76377952756
433829,433921,434043,92,122,1,3600,1.75409836066
433829,433900,434024,71,124,1,3600,1.57258064516
433829,433911,434027,82,116,1,3600,1.70689655172
433829,433906,434023,77,117,1,3600,1.65811965812
433829,433916,434040,87,124,1,3600,1.70161290323
433862,433869,434078,7,209,5,360000,1.03349282297
434109,434115,599483,6,165368,5,360000,1.00003628271
434193,434199,436914,6,2715,2,18000,1.00220994475
434351,434357,438385,6,4028,5,360000,1.00148957299
434633,434642,437470,9,2828,2,18000,1.0031824611
434795,434805,437646,10,2841,2,18000,1.00351988736
434810,434817,437502,7,2685,2,18000,1.00260707635
435065,435075,437887,10,2812,2,18000,1.00355618777
435080,435087,437900,7,2813,2,18000,1.0024884465
435082,435093,437882,11,2789,2,18000,1.00394406597
435103,435112,437845,9,2733,2,18000,1.00329308452
435143,435153,437954,10,2801,2,18000,1.00357015352
435158,435164,438006,6,2842,2,18000,1.0021111893
435230,435241,437971,11,2730,2,18000,1.00402930403
435294,435300,437143,6,1843,32,43200,1.00325556158
435306,435312,438172,6,2860,2,18000,1.0020979021
435322,435328,438167,6,2839,2,18000,1.00211342022
435348,435358,437979,10,2621,2,18000,1.00381533766
435402,435410,438125,8,2715,2,18000,1.002946593
435418,435424,438203,6,2779,2,18000,1.00215905002
435419,435430,438369,11,2939,2,18000,1.00374276965
435435,435441,438235,6,2794,2,18000,1.00214745884
435454,435464,438227,10,2763,2,18000,1.00361925443
435470,435476,438218,6,2742,2,18000,1.00218818381
435524,435531,438255,7,2724,2,18000,1.00256975037
435539,435548,438191,9,2643,2,18000,1.00340522134
435555,435561,438235,6,2674,2,18000,1.00224382947
435579,435584,438246,5,2662,2,18000,1.001878287
435580,435591,438434,11,2843,2,18000,1.0038691523
435595,435601,438275,6,2674,2,18000,1.00224382947
435610,435618,438325,8,2707,2,18000,1.00295530107
435662,435670,438369,8,2699,2,18000,1.00296406076
435678,435687,438523,9,2836,2,18000,1.00317348378
435693,435698,438419,5,2721,2,18000,1.00183755972
435739,435748,438340,9,2592,2,18000,1.00347222222
435754,435763,438505,9,2742,2,18000,1.00328227571
435770,435776,438530,6,2754,2,18000,1.00217864924
435786,435791,438568,5,2777,2,18000,1.00180050414
435787,435797,438478,10,2681,2,18000,1.00372995151
435842,435852,438685,10,2833,2,18000,1.00352982704
435903,435914,438608,11,2694,2,18000,1.00408314774
436040,436049,438885,9,2836,2,18000,1.00317348378
436292,436301,438995,9,2694,2,18000,1.00334075724
436310,436321,439239,11,2918,2,18000,1.00376970528
436915,436925,439609,10,2684,2,18000,1.00372578241
437409,437415,437528,6,113,32,43200,1.05309734513
437472,437481,440295,9,2814,2,18000,1.00319829424
437506,437514,440284,8,2770,2,18000,1.00288808664
437649,437657,440448,8,2791,2,18000,1.00286635614
437846,437856,440560,10,2704,2,18000,1.00369822485
437883,437893,440653,10,2760,2,18000,1.00362318841
437899,437905,440553,6,2648,2,18000,1.00226586103
437914,437920,440735,6,2815,2,18000,1.00213143872
437956,437965,440727,9,2762,2,18000,1.00325850833
437975,437982,440711,7,2729,2,18000,1.00256504214
437990,437996,440753,6,2757,2,18000,1.00217627856
438008,438017,440830,9,2813,2,18000,1.00319943121
438126,438136,440984,10,2848,2,18000,1.00351123596
438169,438178,441117,9,2939,2,18000,1.00306226608
438185,438191,441040,6,2849,2,18000,1.00210600211
438200,438207,440824,7,2617,2,18000,1.00267481849
438217,438223,440995,6,2772,2,18000,1.00216450216
438234,438240,441025,6,2785,2,18000,1.00215439856
438235,438246,441129,11,2883,2,18000,1.00381547
438252,438258,441053,6,2795,2,18000,1.00214669052
438253,438264,440959,11,2695,2,18000,1.00408163265
438254,438269,441164,15,2895,2,18000,1.00518134715
438274,438280,440925,6,2645,2,18000,1.002268431
438289,438295,441034,6,2739,2,18000,1.0021905805
438327,438336,441118,9,2782,2,18000,1.00323508267
438343,438351,440997,8,2646,2,18000,1.00302343159
438372,438379,441074,7,2695,2,18000,1.0025974026
438374,438386,441110,12,2724,2,18000,1.00440528634
438421,438430,441051,9,2621,2,18000,1.00343380389
438437,438445,441117,8,2672,2,18000,1.00299401198
438477,438483,440524,6,2041,32,43200,1.00293973542
438480,438490,441280,10,2790,2,18000,1.00358422939
438508,438516,441250,8,2734,2,18000,1.00292611558
438525,438534,441389,9,2855,2,18000,1.00315236427
438540,438547,441272,7,2725,2,18000,1.00256880734
438572,438579,441187,7,2608,2,18000,1.00268404908
438611,438619,441231,8,2612,2,18000,1.00306278714
438686,438696,441525,10,2829,2,18000,1.00353481796
438888,438896,441520,8,2624,2,18000,1.00304878049
438999,439006,441753,7,2747,2,18000,1.00254823444
439240,439250,442005,10,2755,2,18000,1.00362976407
439611,439621,442420,10,2799,2,18000,1.00357270454
440286,440296,443038,10,2742,2,18000,1.00364697301
440302,440309,442948,7,2639,2,18000,1.00265251989
440450,440459,443264,9,2805,2,18000,1.00320855615
440559,440565,443249,6,2684,2,18000,1.00223546945
440576,440582,443426,6,2844,2,18000,1.00210970464
440658,440664,443535,6,2871,2,18000,1.00208986416
440714,440723,443383,9,2660,2,18000,1.00338345865
440730,440738,443539,8,2801,2,18000,1.00285612281
440746,440752,443718,6,2966,2,18000,1.0020229265
440763,440769,443436,6,2667,2,18000,1.00224971879
440829,440835,443568,6,2733,2,18000,1.00219538968
440846,440852,443509,6,2657,2,18000,1.00225818592
440927,440936,443794,9,2858,2,18000,1.00314905528
440963,440970,443646,7,2676,2,18000,1.00261584454
440988,440995,443819,7,2824,2,18000,1.00247875354
441005,441011,443836,6,2825,2,18000,1.00212389381
441006,441017,443796,11,2779,2,18000,1.00395825837
441030,441036,443937,6,2901,2,18000,1.00206825233
441051,441057,443859,6,2802,2,18000,1.00214132762
441053,441063,443742,10,2679,2,18000,1.0037327361
441069,441075,443835,6,2760,2,18000,1.00217391304
441070,441081,443927,11,2846,2,18000,1.00386507379
441086,441092,443807,6,2715,2,18000,1.00220994475
441111,441121,443928,10,2807,2,18000,1.00356252227
441131,441137,443956,6,2819,2,18000,1.00212841433
441132,441143,444020,11,2877,2,18000,1.00382342718
441133,441148,444065,15,2917,2,18000,1.00514226945
441135,441153,443947,18,2794,2,18000,1.00644237652
441168,441175,443898,7,2723,2,18000,1.00257069409
441192,441198,444030,6,2832,2,18000,1.00211864407
441236,441242,444067,6,2825,2,18000,1.00212389381
441252,441261,444054,9,2793,2,18000,1.00322234157
441280,441286,444089,6,2803,2,18000,1.00214056368
441296,441302,444068,6,2766,2,18000,1.0021691974
441398,441405,444140,7,2735,2,18000,1.00255941499
441527,441533,444364,6,2831,2,18000,1.00211939244
441528,441539,444299,11,2760,2,18000,1.00398550725
441725,441731,468717,6,26986,32,43200,1.00022233751
441757,441764,444578,7,2814,2,18000,1.00248756219
442009,442017,444788,8,2771,2,18000,1.00288704439
442422,442431,445326,9,2895,2,18000,1.00310880829
442955,442960,445844,5,2884,2,18000,1.00173370319
443039,443049,445764,10,2715,2,18000,1.00368324125
443252,443260,446239,8,2979,2,18000,1.00268546492
443268,443275,445938,7,2663,2,18000,1.00262861434
443384,443395,446159,11,2764,2,18000,1.00397973951
443430,443438,446081,8,2643,2,18000,1.00302686341
443446,443452,446244,6,2792,2,18000,1.00214899713
443516,443522,446211,6,2689,2,18000,1.00223131276
443536,443546,446325,10,2779,2,18000,1.0035984167
443552,443558,446333,6,2775,2,18000,1.00216216216
443572,443579,446292,7,2713,2,18000,1.00258016955
443649,443657,446345,8,2688,2,18000,1.00297619048
443720,443729,446467,9,2738,2,18000,1.00328707085
443746,443753,446522,7,2769,2,18000,1.00252798844
443802,443807,446541,5,2734,2,18000,1.00182882224
443803,443813,446557,10,2744,2,18000,1.00364431487
443821,443827,446573,6,2746,2,18000,1.00218499636
443823,443833,446676,10,2843,2,18000,1.00351741119
443839,443846,446649,7,2803,2,18000,1.0024973243
443841,443852,446631,11,2779,2,18000,1.00395825837
443862,443870,446628,8,2758,2,18000,1.00290065265
443900,443909,446784,9,2875,2,18000,1.00313043478
443931,443938,446902,7,2964,2,18000,1.00236167341
443933,443944,446663,11,2719,2,18000,1.004045605
443949,443955,446689,6,2734,2,18000,1.00219458669
443950,443961,446635,11,2674,2,18000,1.00411368736
443966,443973,446851,7,2878,2,18000,1.00243224461
444022,444031,446842,9,2811,2,18000,1.00320170758
444039,444045,446955,6,2910,2,18000,1.00206185567
444055,444065,446830,10,2765,2,18000,1.00361663653
444072,444078,446847,6,2769,2,18000,1.00216684724
444073,444084,446802,11,2718,2,18000,1.00404709345
444075,444089,446800,14,2711,2,18000,1.00516414607
444095,444101,446842,6,2741,2,18000,1.00218898212
444147,444153,447062,6,2909,2,18000,1.00206256446
444304,444309,447243,5,2934,2,18000,1.00170415815
444366,444375,447176,9,2801,2,18000,1.00321313816
444583,444589,447453,6,2864,2,18000,1.00209497207
444790,444800,447501,10,2701,2,18000,1.00370233247
445302,445308,446267,6,959,10,5400,1.00625651721
445329,445337,448253,8,2916,2,18000,1.00274348422
445769,445776,448537,7,2761,2,18000,1.00253531329
445845,445855,448643,10,2788,2,18000,1.00358680057
445938,445949,448736,11,2787,2,18000,1.0039468963
446085,446093,448890,8,2797,2,18000,1.00286020737
446161,446171,449020,10,2849,2,18000,1.00351000351
446215,446222,449010,7,2788,2,18000,1.0025107604
446247,446253,449092,6,2839,2,18000,1.00211342022
446248,446259,448964,11,2705,2,18000,1.00406654344
446298,446305,448992,7,2687,2,18000,1.00260513584
446328,446336,449027,8,2691,2,18000,1.00297287254
446345,446351,449147,6,2796,2,18000,1.00214592275
446346,446357,449147,11,2790,2,18000,1.00394265233
446471,446478,449266,7,2788,2,18000,1.0025107604
446526,446533,449266,7,2733,2,18000,1.00256128796
446542,446552,449187,10,2635,2,18000,1.00379506641
446558,446568,449410,10,2842,2,18000,1.00351864884
446577,446584,449380,7,2796,2,18000,1.00250357654
446634,446640,449462,6,2822,2,18000,1.00212615167
446636,446651,449359,15,2708,2,18000,1.00553914328
446653,446660,449416,7,2756,2,18000,1.00253991292
446655,446666,449304,11,2638,2,18000,1.00416982563
446671,446677,449439,6,2762,2,18000,1.00217233888
446686,446692,449446,6,2754,2,18000,1.00217864924
446701,446707,449419,6,2712,2,18000,1.00221238938
446787,446795,449525,8,2730,2,18000,1.00293040293
446803,446810,449657,7,2847,2,18000,1.00245872849
446805,446817,449747,12,2930,2,18000,1.00409556314
446834,446842,449521,8,2679,2,18000,1.00298618888
446853,446859,449694,6,2835,2,18000,1.00211640212
446854,446865,449622,11,2757,2,18000,1.00398984403
446856,446870,449707,14,2837,2,18000,1.00493479027
446857,446875,449694,18,2819,2,18000,1.00638524299
446905,446913,449664,8,2751,2,18000,1.00290803344
446957,446966,449653,9,2687,2,18000,1.00334946036
447065,447073,449826,8,2753,2,18000,1.00290592081
447180,447187,449988,7,2801,2,18000,1.00249910746
447247,447255,450162,8,2907,2,18000,1.00275197798
447457,447464,450298,7,2834,2,18000,1.00247000706
447503,447513,450305,10,2792,2,18000,1.00358166189
448255,448264,451122,9,2858,2,18000,1.00314905528
448540,448548,451384,8,2836,2,18000,1.00282087447
448644,448654,451405,10,2751,2,18000,1.0036350418
448739,448747,451407,8,2660,2,18000,1.0030075188
448895,448900,451665,5,2765,2,18000,1.00180831826
448967,448975,451674,8,2699,2,18000,1.00296406076
448994,449003,451871,9,2868,2,18000,1.00313807531
449013,449021,451746,8,2725,2,18000,1.00293577982
449028,449035,451813,7,2778,2,18000,1.00251979842
449030,449041,451854,11,2813,2,18000,1.00391041593
449089,449104,451913,15,2809,2,18000,1.00533997864
449151,449194,451893,43,2699,2,18000,1.0159318266
449152,449199,452059,47,2860,2,18000,1.01643356643
449188,449205,451930,17,2725,2,18000,1.00623853211
449268,449278,452033,10,2755,2,18000,1.00362976407
449269,449283,451921,14,2638,2,18000,1.0053070508
449306,449315,452010,9,2695,2,18000,1.00333951763
449362,449371,452302,9,2931,2,18000,1.00307062436
449383,449391,452142,8,2751,2,18000,1.00290803344
449411,449422,452157,11,2735,2,18000,1.00402193784
449427,449433,452264,6,2831,2,18000,1.00211939244
449429,449439,452070,10,2631,2,18000,1.00380083618
449445,449451,452182,6,2731,2,18000,1.00219699744
449461,449467,452316,6,2849,2,18000,1.00210600211
449475,449482,452096,7,2614,2,18000,1.00267788829
449522,449532,452297,10,2765,2,18000,1.00361663653
449537,449544,452337,7,2793,2,18000,1.00250626566
449626,449633,452448,7,2815,2,18000,1.00248667851
449658,449664,452528,6,2864,2,18000,1.00209497207
449659,449670,452569,11,2899,2,18000,1.00379441187
449674,449680,452519,6,2839,2,18000,1.00211342022
449696,449719,452399,23,2680,2,18000,1.00858208955
449698,449724,452598,26,2874,2,18000,1.00904662491
449713,449729,452544,16,2815,2,18000,1.00568383659
449751,449759,452572,8,2813,2,18000,1.00284393886
449827,449837,452737,10,2900,2,18000,1.00344827586
449989,449999,452821,10,2822,2,18000,1.00354358611
450166,450173,452806,7,2633,2,18000,1.00265856438
450299,450309,453053,10,2744,2,18000,1.00364431487
450314,450321,453124,7,2803,2,18000,1.0024973243
451124,451133,453896,9,2763,2,18000,1.00325732899
451387,451395,454108,8,2713,2,18000,1.0029487652
451409,451416,454209,7,2793,2,18000,1.00250626566
451410,451422,454200,12,2778,2,18000,1.00431965443
451668,451676,454475,8,2799,2,18000,1.00285816363
451683,451689,454467,6,2778,2,18000,1.00215982721
451747,451757,454554,10,2797,2,18000,1.00357525921
451815,451824,454686,9,2862,2,18000,1.00314465409
451857,451865,454692,8,2827,2,18000,1.00282985497
451873,451882,454669,9,2787,2,18000,1.00322927879
451895,451904,454709,9,2805,2,18000,1.00320855615
451914,451924,454576,10,2652,2,18000,1.00377073906
451931,451937,454577,6,2640,2,18000,1.00227272727
451932,451943,454574,11,2631,2,18000,1.0041809198
452013,452021,454844,8,2823,2,18000,1.00283386468
452034,452045,454987,11,2942,2,18000,1.00373895309
452062,452070,454864,8,2794,2,18000,1.00286327845
452078,452084,454917,6,2833,2,18000,1.00211789622
452096,452107,454893,11,2786,2,18000,1.00394831299
452144,452153,454927,9,2774,2,18000,1.0032444124
452160,452168,455076,8,2908,2,18000,1.00275103164
452186,452193,455007,7,2814,2,18000,1.00248756219
452268,452275,454967,7,2692,2,18000,1.00260029718
452299,452308,455130,9,2822,2,18000,1.0031892275
452315,452321,455012,6,2691,2,18000,1.0022296544
452331,452337,455006,6,2669,2,18000,1.00224803297
452346,452352,455176,6,2824,2,18000,1.00212464589
452403,452410,455190,7,2780,2,18000,1.00251798561
452452,452460,455351,8,2891,2,18000,1.00276720858
452525,452530,455250,5,2720,2,18000,1.00183823529
452540,452546,455398,6,2852,2,18000,1.00210378682
452556,452562,455391,6,2829,2,18000,1.00212089077
452572,452580,455428,8,2848,2,18000,1.00280898876
452589,452595,455483,6,2888,2,18000,1.00207756233
452604,452610,455395,6,2785,2,18000,1.00215439856
452740,452748,455524,8,2776,2,18000,1.00288184438
452809,452817,455494,8,2677,2,18000,1.00298841987
452825,452833,455610,8,2777,2,18000,1.00288080663
453054,453064,455780,10,2716,2,18000,1.00368188513
453126,453135,455932,9,2797,2,18000,1.00321773329
453648,453655,453754,7,99,1,1800,1.07070707071
453899,453907,456588,8,2681,2,18000,1.00298396121
454052,454059,454162,7,103,1,1800,1.06796116505
454111,454119,456886,8,2767,2,18000,1.00289121793
454203,454212,457079,9,2867,2,18000,1.00313916986
454218,454225,457001,7,2776,2,18000,1.00252161383
454467,454478,457213,11,2735,2,18000,1.00402193784
454482,454489,457439,7,2950,2,18000,1.00237288136
454556,454565,457275,9,2710,2,18000,1.00332103321
454577,454585,457443,8,2858,2,18000,1.00279916025
454578,454591,457298,13,2707,2,18000,1.00480236424
454594,454601,457339,7,2738,2,18000,1.00255661066
454672,454680,457624,8,2944,2,18000,1.0027173913
454688,454697,457445,9,2748,2,18000,1.00327510917
454703,454709,457477,6,2768,2,18000,1.00216763006
454718,454724,457632,6,2908,2,18000,1.00206327373
454765,454771,455275,6,504,1,1800,1.0119047619
454846,454855,457507,9,2652,2,18000,1.00339366516
454867,454875,457699,8,2824,2,18000,1.00283286119
454894,454904,457678,10,2774,2,18000,1.00360490267
454919,454929,457701,10,2772,2,18000,1.00360750361
454934,454941,457611,7,2670,2,18000,1.00262172285
454969,454978,457807,9,2829,2,18000,1.00318133616
454990,454999,457818,9,2819,2,18000,1.0031926215
455009,455017,457645,8,2628,2,18000,1.00304414003
455011,455023,457866,12,2843,2,18000,1.00422089342
455026,455032,457757,6,2725,2,18000,1.00220183486
455077,455087,457898,10,2811,2,18000,1.00355745286
455133,455141,457975,8,2834,2,18000,1.00282286521
455180,455187,457898,7,2711,2,18000,1.00258207304
455195,455201,457977,6,2776,2,18000,1.00216138329
455251,455261,458041,10,2780,2,18000,1.0035971223
455355,455362,458161,7,2799,2,18000,1.00250089318
455392,455402,458145,10,2743,2,18000,1.00364564346
455408,455414,458195,6,2781,2,18000,1.0021574973
455409,455420,458231,11,2811,2,18000,1.00391319815
455431,455439,458109,8,2670,2,18000,1.00299625468
455484,455494,458325,10,2831,2,18000,1.00353232073
455500,455506,458364,6,2858,2,18000,1.00209937019
455527,455535,458324,8,2789,2,18000,1.00286841162
455612,455622,458290,10,2668,2,18000,1.00374812594
455782,455791,458670,9,2879,2,18000,1.00312608545
455934,455943,458665,9,2722,2,18000,1.00330639236
456593,456598,459383,5,2785,2,18000,1.00179533214
456888,456897,459795,9,2898,2,18000,1.00310559006
456976,456982,457024,6,42,1,1800,1.14285714286
457003,457013,459850,10,2837,2,18000,1.00352485019
457081,457091,459831,10,2740,2,18000,1.00364963504
457216,457224,459881,8,2657,2,18000,1.00301091457
457277,457286,460118,9,2832,2,18000,1.0031779661
457302,457310,460060,8,2750,2,18000,1.00290909091
457341,457347,457417,6,70,1,1800,1.08571428571
457342,457353,460047,11,2694,2,18000,1.00408314774
457443,457451,460170,8,2719,2,18000,1.00294225818
457459,457465,460198,6,2733,2,18000,1.00219538968
457460,457471,460238,11,2767,2,18000,1.00397542465
457478,457488,460208,10,2720,2,18000,1.00367647059
457509,457518,460307,9,2789,2,18000,1.00322696307
457614,457622,460452,8,2830,2,18000,1.00282685512
457631,457637,460585,6,2948,2,18000,1.00203527815
457647,457653,460344,6,2691,2,18000,1.0022296544
457648,457659,460383,11,2724,2,18000,1.00403817915
457679,457690,460437,11,2747,2,18000,1.0040043684
457701,457710,460409,9,2699,2,18000,1.00333456836
457703,457716,460366,13,2650,2,18000,1.00490566038
457758,457768,460466,10,2698,2,18000,1.00370644922
457808,457818,460503,10,2685,2,18000,1.00372439479
457824,457829,460437,5,2608,2,18000,1.00191717791
457870,457877,460602,7,2725,2,18000,1.00256880734
457902,457909,460683,7,2774,2,18000,1.00252343187
457903,457914,460519,11,2605,2,18000,1.00422264875
457978,457986,460629,8,2643,2,18000,1.00302686341
457980,457992,460756,12,2764,2,18000,1.00434153401
458044,458053,460942,9,2889,2,18000,1.0031152648
458113,458120,460924,7,2804,2,18000,1.00249643367
458146,458156,460969,10,2813,2,18000,1.00355492357
458165,458172,461039,7,2867,2,18000,1.00244157656
458196,458206,460913,10,2707,2,18000,1.00369412634
458233,458243,461011,10,2768,2,18000,1.00361271676
458270,458276,458530,6,254,1,1800,1.02362204724
458292,458301,461010,9,2709,2,18000,1.00332225914
458326,458335,461168,9,2833,2,18000,1.00317684433
458328,458341,461193,13,2852,2,18000,1.00455820477
458367,458375,461172,8,2797,2,18000,1.00286020737
458669,458676,461408,7,2732,2,18000,1.00256222548
458684,458691,461630,7,2939,2,18000,1.0023817625
459386,459394,462308,8,2914,2,18000,1.00274536719
459797,459806,462624,9,2818,2,18000,1.00319375444
459834,459843,462655,9,2812,2,18000,1.00320056899
459852,459862,462553,10,2691,2,18000,1.00371609067
459883,459892,462670,9,2778,2,18000,1.00323974082
460048,460058,462706,10,2648,2,18000,1.00377643505
460063,460072,462745,9,2673,2,18000,1.00336700337
460121,460129,462904,8,2775,2,18000,1.00288288288
460173,460181,463008,8,2827,2,18000,1.00282985497
460199,460209,462932,10,2723,2,18000,1.00367242012
460214,460219,463094,5,2875,2,18000,1.00173913043
460242,460249,463107,7,2858,2,18000,1.00244926522
460310,460319,463122,9,2803,2,18000,1.00321084552
460346,460356,463094,10,2738,2,18000,1.00365230095
460368,460377,463141,9,2764,2,18000,1.00325615051
460386,460394,463036,8,2642,2,18000,1.00302800908
460411,460420,463132,9,2712,2,18000,1.00331858407
460439,460448,463141,9,2693,2,18000,1.00334199777
460440,460453,463312,13,2859,2,18000,1.00454704442
460456,460463,463258,7,2795,2,18000,1.00250447227
460472,460477,463227,5,2750,2,18000,1.00181818182
460506,460515,463370,9,2855,2,18000,1.00315236427
460521,460530,463268,9,2738,2,18000,1.00328707085
460586,460596,463382,10,2786,2,18000,1.00358937545
460604,460614,463239,10,2625,2,18000,1.00380952381
460632,460640,463359,8,2719,2,18000,1.00294225818
460685,460694,463623,9,2929,2,18000,1.00307272107
460760,460767,463479,7,2712,2,18000,1.00258112094
460916,460924,463565,8,2641,2,18000,1.00302915562
460932,460938,463725,6,2787,2,18000,1.00215285253
460948,460953,463785,5,2832,2,18000,1.00176553672
460970,460980,463832,10,2852,2,18000,1.00350631136
461015,461021,463748,6,2727,2,18000,1.00220022002
461016,461027,463776,11,2749,2,18000,1.00400145507
461041,461050,463620,9,2570,2,18000,1.00350194553
461170,461180,464029,10,2849,2,18000,1.00351000351
461187,461193,463979,6,2786,2,18000,1.00215362527
461202,461209,463963,7,2754,2,18000,1.00254175744
461410,461419,464283,9,2864,2,18000,1.0031424581
461634,461642,464480,8,2838,2,18000,1.00281888654
462309,462319,465112,10,2793,2,18000,1.00358037952
462552,462564,465327,12,2763,2,18000,1.00434310532
462627,462635,465589,8,2954,2,18000,1.00270819228
462658,462666,465404,8,2738,2,18000,1.00292184076
462674,462682,465477,8,2795,2,18000,1.00286225403
462709,462717,465471,8,2754,2,18000,1.00290486565
462746,462756,465599,10,2843,2,18000,1.00351741119
462906,462915,465662,9,2747,2,18000,1.00327630142
462934,462943,465708,9,2765,2,18000,1.00325497288
463006,463019,465964,13,2945,2,18000,1.00441426146
463037,463047,465908,10,2861,2,18000,1.00349528137
463098,463119,465898,21,2779,2,18000,1.00755667506
463099,463124,465884,25,2760,2,18000,1.00905797101
463114,463130,465743,16,2613,2,18000,1.00612323
463131,463137,465753,6,2616,2,18000,1.00229357798
463148,463154,465877,6,2723,2,18000,1.00220345207
463149,463160,465941,11,2781,2,18000,1.00395541172
463150,463165,465937,15,2772,2,18000,1.00541125541
463230,463238,466010,8,2772,2,18000,1.00288600289
463245,463252,466003,7,2751,2,18000,1.00254452926
463261,463269,465877,8,2608,2,18000,1.00306748466
463277,463283,466071,6,2788,2,18000,1.00215208034
463314,463323,466048,9,2725,2,18000,1.00330275229
463362,463370,466110,8,2740,2,18000,1.00291970803
463378,463384,466136,6,2752,2,18000,1.00218023256
463394,463400,466242,6,2842,2,18000,1.0021111893
463481,463490,466253,9,2763,2,18000,1.00325732899
463568,463576,466352,8,2776,2,18000,1.00288184438
463624,463631,466492,7,2861,2,18000,1.00244669696
463626,463637,466481,11,2844,2,18000,1.00386779184
463727,463736,466476,9,2740,2,18000,1.00328467153
463750,463759,466484,9,2725,2,18000,1.00330275229
463778,463787,466560,9,2773,2,18000,1.0032455824
463793,463800,466519,7,2719,2,18000,1.00257447591
463834,463843,466534,9,2691,2,18000,1.00334448161
463967,463975,466779,8,2804,2,18000,1.00285306705
463982,463990,466646,8,2656,2,18000,1.00301204819
464030,464040,466815,10,2775,2,18000,1.0036036036
464210,464216,464256,6,40,1,1800,1.15
464285,464294,467222,9,2928,2,18000,1.00307377049
464483,464491,467295,8,2804,2,18000,1.00285306705
464533,464540,464610,7,70,1,1800,1.1
465113,465123,467928,10,2805,2,18000,1.00356506239
465128,465134,465355,6,221,1,1800,1.02714932127
465329,465338,468123,9,2785,2,18000,1.00323159785
465407,465415,468275,8,2860,2,18000,1.0027972028
465477,465483,468252,6,2769,2,18000,1.00216684724
465492,465499,468096,7,2597,2,18000,1.00269541779
465592,465601,468548,9,2947,2,18000,1.00305395317
465612,465618,468387,6,2769,2,18000,1.00216684724
465665,465674,468374,9,2700,2,18000,1.00333333333
465711,465719,468464,8,2745,2,18000,1.0029143898
465747,465755,468530,8,2775,2,18000,1.00288288288
465763,465769,468537,6,2768,2,18000,1.00216763006
465879,465888,468759,9,2871,2,18000,1.00313479624
465880,465893,468602,13,2709,2,18000,1.00479881875
465899,465905,468727,6,2822,2,18000,1.00212615167
465900,465911,468749,11,2838,2,18000,1.00387596899
465916,465922,468737,6,2815,2,18000,1.00213143872
465938,465948,468553,10,2605,2,18000,1.00383877159
465954,465960,468667,6,2707,2,18000,1.0022164758
465970,465976,468770,6,2794,2,18000,1.00214745884
466005,466014,468797,9,2783,2,18000,1.00323392023
466022,466028,468792,6,2764,2,18000,1.002170767
466051,466059,468827,8,2768,2,18000,1.00289017341
466077,466083,468814,6,2731,2,18000,1.00219699744
466113,466121,468830,8,2709,2,18000,1.00295311923
466142,466148,468830,6,2682,2,18000,1.00223713647
466245,466254,469114,9,2860,2,18000,1.00314685315
466260,466267,469040,7,2773,2,18000,1.00252434187
466354,466364,469168,10,2804,2,18000,1.00356633381
466477,466488,469183,11,2695,2,18000,1.00408163265
466513,466520,469213,7,2693,2,18000,1.0025993316
466515,466526,469285,11,2759,2,18000,1.00398695179
466516,466531,469201,15,2670,2,18000,1.00561797753
466535,466541,469343,6,2802,2,18000,1.00214132762
466536,466547,469290,11,2743,2,18000,1.0040102078
466563,466571,469434,8,2863,2,18000,1.00279427174
466650,466657,469389,7,2732,2,18000,1.00256222548
466716,466722,466746,6,24,1,1800,1.25
466783,466790,469729,7,2939,2,18000,1.0023817625
466816,466826,469573,10,2747,2,18000,1.00364033491
467052,467058,467111,6,53,1,1800,1.11320754717
467225,467233,469961,8,2728,2,18000,1.00293255132
467299,467307,469898,8,2591,2,18000,1.00308761096
467848,467854,467977,6,123,1,1800,1.0487804878
467930,467940,470752,10,2812,2,18000,1.00355618777
468098,468107,470898,9,2791,2,18000,1.00322465066
468125,468134,470909,9,2775,2,18000,1.00324324324
468254,468264,470988,10,2724,2,18000,1.00367107195
468278,468286,471065,8,2779,2,18000,1.00287873336
468378,468386,471176,8,2790,2,18000,1.00286738351
468393,468399,471177,6,2778,2,18000,1.00215982721
468467,468475,471190,8,2715,2,18000,1.002946593
468533,468541,471358,8,2817,2,18000,1.0028399006
468549,468555,471424,6,2869,2,18000,1.00209132102
468550,468561,471254,11,2693,2,18000,1.00408466394
468566,468572,471167,6,2595,2,18000,1.00231213873
468603,468613,471282,10,2669,2,18000,1.00374672162
468671,468678,471480,7,2802,2,18000,1.00249821556
468708,468714,472326,6,3612,2,21600,1.00166112957
468730,468738,471515,8,2777,2,18000,1.00288080663
468745,468751,471412,6,2661,2,18000,1.00225479143
468762,468768,471456,6,2688,2,18000,1.00223214286
468763,468774,471478,11,2704,2,18000,1.00406804734
468779,468785,471682,6,2897,2,18000,1.00207110804
468794,468803,471491,9,2688,2,18000,1.00334821429
468810,468816,471577,6,2761,2,18000,1.00217312568
468815,468822,474349,7,5527,32,43200,1.00126650986
468826,468832,471549,6,2717,2,18000,1.002208318
468842,468848,471686,6,2838,2,18000,1.0021141649
468843,468854,471674,11,2820,2,18000,1.00390070922
468844,468859,471508,15,2649,2,18000,1.00566251416
469042,469051,471879,9,2828,2,18000,1.0031824611
469115,469125,472017,10,2892,2,18000,1.00345781466
469172,469179,471784,7,2605,2,18000,1.00268714012
469187,469193,471957,6,2764,2,18000,1.002170767
469204,469212,472141,8,2929,2,18000,1.00273130761
469212,469218,470870,6,1652,2,7200,1.00363196126
469220,469226,471910,6,2684,2,18000,1.00223546945
469287,469297,472128,10,2831,2,18000,1.00353232073
469306,469312,472110,6,2798,2,18000,1.00214438885
469346,469354,472083,8,2729,2,18000,1.00293147673
469392,469401,472226,9,2825,2,18000,1.00318584071
469439,469445,472245,6,2800,2,18000,1.00214285714
469577,469584,472385,7,2801,2,18000,1.00249910746
469733,469741,472546,8,2805,2,18000,1.00285204991
469806,469812,473233,6,3421,2,10800,1.00175387314
469900,469909,472663,9,2754,2,18000,1.00326797386
469963,469972,472841,9,2869,2,18000,1.00313698153
470085,470091,479804,6,9713,12,72000,1.00061772882
470101,470108,480284,7,10176,12,72000,1.00068789308
470492,470499,474229,7,3730,12,7199,1.0018766756
470755,470764,473486,9,2722,2,18000,1.00330639236
470901,470909,473725,8,2816,2,18000,1.00284090909
470916,470923,473745,7,2822,2,18000,1.00248051028
470990,471000,473738,10,2738,2,18000,1.00365230095
471070,471077,473777,7,2700,2,18000,1.00259259259
471170,471178,473823,8,2645,2,18000,1.00302457467
471187,471193,473877,6,2684,2,18000,1.00223546945
471189,471199,474024,10,2825,2,18000,1.00353982301
471204,471210,474044,6,2834,2,18000,1.00211714891
471258,471265,474018,7,2753,2,18000,1.00254268071
471283,471293,474232,10,2939,2,18000,1.00340251786
471360,471369,474100,9,2731,2,18000,1.00329549616
471414,471423,474184,9,2761,2,18000,1.00325968852
471430,471436,474273,6,2837,2,18000,1.00211491012
471455,471461,471477,6,16,8,3600,1.375
471457,471467,474177,10,2710,2,18000,1.0036900369
471482,471491,474187,9,2696,2,18000,1.00333827893
471483,471496,474283,13,2787,2,18000,1.00466451381
471499,471505,474344,6,2839,2,18000,1.00211342022
471515,471521,474283,6,2762,2,18000,1.00217233888
471517,471527,474259,10,2732,2,18000,1.00366032211
471551,471560,474319,9,2759,2,18000,1.00326205147
471578,471588,474410,10,2822,2,18000,1.00354358611
471675,471685,474354,10,2669,2,18000,1.00374672162
471691,471697,474487,6,2790,2,18000,1.00215053763
471692,471703,474355,11,2652,2,18000,1.00414781297
471715,471721,473262,6,1541,8,3600,1.0038935756
471785,471795,474499,10,2704,2,18000,1.00369822485
471880,471890,474680,10,2790,2,18000,1.00358422939
471911,471921,474777,10,2856,2,18000,1.00350140056
471958,471969,474780,11,2811,2,18000,1.00391319815
472018,472028,474822,10,2794,2,18000,1.00357909807
472085,472094,474913,9,2819,2,18000,1.0031926215
472113,472122,474889,9,2767,2,18000,1.00325262017
472130,472139,474726,9,2587,2,18000,1.00347893313
472146,472152,474837,6,2685,2,18000,1.00223463687
472230,472237,474944,7,2707,2,18000,1.00258588844
472246,472256,474984,10,2728,2,18000,1.00366568915
472259,472265,472268,6,3,8,21600,1.0
472341,472347,472351,6,4,8,21600,1.0
472387,472396,475298,9,2902,2,18000,1.00310130944
472518,472524,479463,6,6939,8,21600,1.00086467791
472550,472557,475443,7,2886,2,18000,1.00242550243
472664,472674,475288,10,2614,2,18000,1.00382555471
472733,472740,472751,7,11,8,3600,1.63636363636
472780,472787,478008,7,5221,2,21600,1.00134073932
472842,472857,475665,15,2808,2,18000,1.00534188034
472845,472851,474044,6,1193,8,3600,1.0050293378
473311,473317,473325,6,8,2,10800,1.4
473370,473377,473548,7,171,1,72000,1.04093567251
473396,473402,473559,6,157,1,72000,1.03821656051
473490,473497,476291,7,2794,2,18000,1.00250536865
473558,473564,481266,6,7702,1,72000,1.00077901844
473730,473736,476512,6,2776,2,18000,1.00216138329
473746,473752,476336,6,2584,2,18000,1.00232198142
473747,473758,476527,11,2769,2,18000,1.00397255327
473780,473788,476541,8,2753,2,18000,1.00290592081
473826,473834,476578,8,2744,2,18000,1.0029154519
473876,473888,476682,12,2794,2,18000,1.00429491768
473899,473905,473979,6,74,8,3000,1.08108108108
474020,474029,476779,9,2750,2,18000,1.00327272727
474036,474042,476662,6,2620,2,18000,1.00229007634
474051,474057,476691,6,2634,2,18000,1.00227790433
474102,474111,476925,9,2814,2,18000,1.00319829424
474144,474150,477179,6,3029,2,21600,1.00198085177
474178,474188,477014,10,2826,2,18000,1.00353857042
474194,474200,477127,6,2927,2,18000,1.00204988042
474196,474206,476893,10,2687,2,18000,1.00372162263
474234,474243,477059,9,2816,2,18000,1.00319602273
474265,474270,477151,5,2881,2,18000,1.0017355085
474283,474289,477079,6,2790,2,18000,1.00215053763
474299,474305,476975,6,2670,2,18000,1.00224719101
474301,474311,477105,10,2794,2,18000,1.00357909807
474323,474331,477037,8,2706,2,18000,1.0029563932
474348,474354,477903,6,3549,12,7199,1.00169061708
474348,474360,477134,12,2774,2,18000,1.0043258832
474364,474370,477184,6,2814,2,18000,1.00213219616
474365,474376,477049,11,2673,2,18000,1.00411522634
474414,474425,477220,11,2795,2,18000,1.00393559928
474414,474419,565948,5,91529,4,180000,1.0000546275
474489,474498,477295,9,2797,2,18000,1.00321773329
474505,474511,477281,6,2770,2,18000,1.00216606498
474683,474691,477415,8,2724,2,18000,1.00293685756
474728,474737,477350,9,2613,2,18000,1.00344431688
474778,474788,477527,10,2739,2,18000,1.00365096751
474793,474799,477572,6,2773,2,18000,1.0021637216
474826,474834,477640,8,2806,2,18000,1.0028510335
474841,474848,477599,7,2751,2,18000,1.00254452926
474888,474894,486607,6,11713,2,36000,1.00051225134
474891,474900,477709,9,2809,2,18000,1.00320398718
474918,474924,477725,6,2801,2,18000,1.00214209211
474951,474957,477821,6,2864,2,18000,1.00209497207
474987,474995,477846,8,2851,2,18000,1.00280603297
475290,475299,478003,9,2704,2,18000,1.00332840237
475307,475313,478059,6,2746,2,18000,1.00218499636
475450,475456,478103,6,2647,2,18000,1.00226671704
475668,475676,478498,8,2822,2,18000,1.00283486889
475691,475698,482189,7,6491,32,43200,1.00107841627
475781,475787,475823,6,36,1,3600,1.16666666667
475782,475793,475824,11,31,1,3600,1.35483870968
475782,475798,475833,16,35,1,3600,1.45714285714
475782,475803,475835,21,32,1,3600,1.65625
475782,475809,475842,27,33,1,3600,1.81818181818
475782,475814,475847,32,33,1,3600,1.9696969697
475782,475819,475853,37,34,1,3600,2.08823529412
475782,475825,475859,43,34,1,3600,2.26470588235
475783,475862,475897,79,35,1,3600,3.25714285714
475783,475856,475889,73,33,1,3600,3.21212121212
475783,475835,475872,52,37,1,3600,2.40540540541
475783,475846,475878,63,32,1,3600,2.96875
475783,475840,475874,57,34,1,3600,2.67647058824
475783,475830,475867,47,37,1,3600,2.27027027027
475783,475851,475883,68,32,1,3600,3.125
475784,475888,475923,104,35,1,3600,3.97142857143
475784,475893,475926,109,33,1,3600,4.30303030303
475784,475867,475902,83,35,1,3600,3.37142857143
475784,475872,475908,88,36,1,3600,3.44444444444
475784,475877,475912,93,35,1,3600,3.65714285714
475784,475883,475916,99,33,1,3600,4.0
475785,475898,475933,113,35,1,3600,4.22857142857
475785,475904,475937,119,33,1,3600,4.60606060606
475785,475909,475941,124,32,1,3600,4.875
475785,475914,475948,129,34,1,3600,4.79411764706
475785,475919,475953,134,34,1,3600,4.94117647059
475785,475925,475958,140,33,1,3600,5.24242424242
475785,475930,475962,145,32,1,3600,5.53125
475786,475935,475970,149,35,1,3600,5.25714285714
475786,475942,475977,156,35,1,3600,5.45714285714
476129,476135,478221,6,2086,2,10800,1.00287631831
476248,476255,481973,7,5718,2,144000,1.00122420427
476295,476302,479095,7,2793,2,18000,1.00250626566
476340,476347,479065,7,2718,2,18000,1.00257542311
476518,476523,479349,5,2826,2,18000,1.00176928521
476535,476541,479330,6,2789,2,18000,1.00215130871
476551,476557,479373,6,2816,2,18000,1.00213068182
476579,476590,479337,11,2747,2,18000,1.0040043684
476665,476673,479526,8,2853,2,18000,1.0028040659
476684,476694,479342,10,2648,2,18000,1.00377643505
476700,476706,479557,6,2851,2,18000,1.00210452473
476781,476790,479300,9,2510,2,18000,1.00358565737
476894,476904,479787,10,2883,2,18000,1.00346860909
476928,476937,479554,9,2617,2,18000,1.00343905235
476979,476986,479858,7,2872,2,18000,1.00243732591
477016,477025,479803,9,2778,2,18000,1.00323974082
477040,477048,479876,8,2828,2,18000,1.00282885431
477055,477061,479830,6,2769,2,18000,1.00216684724
477070,477077,479794,7,2717,2,18000,1.002576371
477086,477092,479865,6,2773,2,18000,1.0021637216
477108,477116,479913,8,2797,2,18000,1.00286020737
477130,477138,479919,8,2781,2,18000,1.00287666307
477145,477151,479815,6,2664,2,18000,1.00225225225
477162,477168,479853,6,2685,2,18000,1.00223463687
477188,477195,480067,7,2872,2,18000,1.00243732591
477222,477231,480072,9,2841,2,18000,1.00316789863
477282,477292,480128,10,2836,2,18000,1.00352609309
477297,477306,480117,9,2811,2,18000,1.00320170758
477353,477361,480237,8,2876,2,18000,1.00278164117
477418,477426,480139,8,2713,2,18000,1.0029487652
477528,477538,480356,10,2818,2,18000,1.00354861604
477574,477583,480474,9,2891,2,18000,1.00311310965
477600,477610,480316,10,2706,2,18000,1.0036954915
477641,477651,480359,10,2708,2,18000,1.00369276219
477712,477720,480497,8,2777,2,18000,1.00288080663
477729,477737,480564,8,2827,2,18000,1.00282985497
477822,477833,480501,11,2668,2,18000,1.00412293853
477847,477858,480609,11,2751,2,18000,1.00399854598
477938,477944,480806,6,2862,2,10800,1.00209643606
478005,478014,480856,9,2842,2,18000,1.00316678395
478061,478070,480828,9,2758,2,18000,1.00326323423
478075,478081,481663,6,3582,12,7199,1.00167504188
478104,478115,480881,11,2766,2,18000,1.00397686189
478502,478510,481220,8,2710,2,18000,1.00295202952
478982,478988,479010,6,22,1,900,1.27272727273
479011,479020,659028,9,180008,1,180000,1.00004999778
479022,479032,480048,10,1016,1,900,1.00984251969
479058,479064,480098,6,1034,2,10800,1.00580270793
479069,479076,481906,7,2830,2,18000,1.00247349823
479098,479106,481833,8,2727,2,18000,1.0029336267
479173,479195,485265,22,6070,1,180000,1.00362438221
479173,479205,562111,32,82906,1,180000,1.0003859793
479173,479200,492112,27,12912,1,180000,1.00209107807
479173,479189,480273,16,1084,1,180000,1.0147601476
479173,479178,479273,5,95,1,180000,1.05263157895
479173,479183,484405,10,5222,1,180000,1.00191497511
479174,479226,543222,52,63996,1,180000,1.00081255078
479174,479236,573208,62,93972,1,180000,1.000659771
479174,479216,486050,42,6834,1,180000,1.00614574188
479174,479231,483122,57,3891,1,180000,1.01464919044
479174,479211,479608,37,397,1,180000,1.09319899244
479174,479221,491620,47,12399,1,180000,1.00379062828
479174,479241,498077,67,18836,1,180000,1.00355701848
479175,479247,512532,72,33285,1,180000,1.00216313655
479175,479252,501509,77,22257,1,180000,1.00345958575
479176,479257,505457,81,26200,1,180000,1.00309160305
479176,479262,479263,86,1,1,180000,8.7
479177,479273,554039,96,74766,1,180000,1.0012840061
479177,479267,479657,90,390,1,180000,1.23076923077
479178,479278,480782,100,1504,1,180000,1.0664893617
479303,479311,482039,8,2728,2,18000,1.00293255132
479331,479341,481998,10,2657,2,18000,1.00376364321
479348,479354,482108,6,2754,2,18000,1.00217864924
479349,479360,482031,11,2671,2,18000,1.00411830775
479364,479370,482098,6,2728,2,18000,1.00219941349
479379,479385,482077,6,2692,2,18000,1.00222882615
479526,479537,482291,11,2754,2,18000,1.00399419027
479555,479565,482277,10,2712,2,18000,1.00368731563
479570,479576,482210,6,2634,2,18000,1.00227790433
479756,479762,642174,6,162412,1,180000,1.00003694308
479789,479798,482556,9,2758,2,18000,1.00326323423
479806,479812,482542,6,2730,2,18000,1.0021978022
479807,479818,482526,11,2708,2,18000,1.0040620384
479823,479829,482682,6,2853,2,18000,1.00210304942
479838,479844,482430,6,2586,2,18000,1.00232018561
479858,479864,482683,6,2819,2,18000,1.00212841433
479873,479879,482729,6,2850,2,18000,1.00210526316
479874,479885,482671,11,2786,2,18000,1.00394831299
479890,479896,482586,6,2690,2,18000,1.00223048327
479914,479924,482680,10,2756,2,18000,1.00362844702
479929,479935,482764,6,2829,2,18000,1.00212089077
479958,479964,513990,6,34026,1,180000,1.00017633574
480070,480078,482864,8,2786,2,18000,1.00287150036
480084,480095,483733,11,3638,1,3600,1.00302363936
480085,480090,482742,5,2652,2,18000,1.00188536953
480119,480129,482975,10,2846,2,18000,1.00351370344
480134,480141,483006,7,2865,2,18000,1.00244328098
480150,480156,483055,6,2899,2,18000,1.0020696792
480239,480248,483023,9,2775,2,18000,1.00324324324
480317,480327,482998,10,2671,2,18000,1.00374391614
480358,480367,483219,9,2852,2,18000,1.00315568022
480373,480379,483116,6,2737,2,18000,1.00219218122
480475,480485,483257,10,2772,2,18000,1.00360750361
480501,480508,483315,7,2807,2,18000,1.00249376559
480503,480514,483278,11,2764,2,18000,1.00397973951
480568,480575,483229,7,2654,2,18000,1.00263752826
480611,480620,483527,9,2907,2,18000,1.00309597523
480831,480839,483782,8,2943,2,18000,1.00271831464
480859,480867,483614,8,2747,2,18000,1.00291226793
480885,480892,483710,7,2818,2,18000,1.00248403123
481223,481231,483961,8,2730,2,18000,1.00293040293
481838,481844,484663,6,2819,2,18000,1.00212841433
481905,481917,484515,12,2598,2,18000,1.00461893764
481993,481999,482046,6,47,2,36000,1.12765957447
482000,482009,484821,9,2812,2,18000,1.00320056899
482035,482042,484881,7,2839,2,18000,1.00246565692
482050,482056,484868,6,2812,2,18000,1.00213371266
482081,482088,484911,7,2823,2,18000,1.0024796316
482082,482093,482127,11,34,2,36000,1.32352941176
482099,482110,484908,11,2798,2,18000,1.00393137956
482114,482120,484946,6,2826,2,18000,1.00212314225
482138,482144,482189,6,45,2,36000,1.13333333333
482204,482210,489433,6,7223,2,36000,1.00083067977
482213,482221,485066,8,2845,2,18000,1.00281195079
482278,482288,485083,10,2795,2,18000,1.00357781753
482293,482302,485189,9,2887,2,18000,1.00311742293
482386,482393,483959,7,1566,1,3600,1.00446998723
482432,482442,485087,10,2645,2,18000,1.00378071834
482526,482537,485218,11,2681,2,18000,1.00410294666
482545,482554,485340,9,2786,2,18000,1.0032304379
482560,482566,485396,6,2830,2,18000,1.00212014134
482588,482597,485258,9,2661,2,18000,1.00338218715
482674,482682,485476,8,2794,2,18000,1.00286327845
482690,482696,485521,6,2825,2,18000,1.00212389381
482691,482702,485407,11,2705,2,18000,1.00406654344
482692,482707,485415,15,2708,2,18000,1.00553914328
482733,482740,485581,7,2841,2,18000,1.00246392115
482739,482746,486428,7,3682,8,3600,1.00190114068
482748,482754,485674,6,2920,2,18000,1.00205479452
482767,482776,485482,9,2706,2,18000,1.00332594235
482866,482876,485643,10,2767,2,18000,1.00361402241
482977,482986,485755,9,2769,2,18000,1.00325027086
482997,483009,485783,12,2774,2,18000,1.0043258832
483012,483018,485718,6,2700,2,18000,1.00222222222
483027,483034,485681,7,2647,2,18000,1.00264450321
483056,483066,485901,10,2835,2,18000,1.00352733686
483106,483112,486786,6,3674,8,3600,1.00163309744
483118,483127,485908,9,2781,2,18000,1.00323624595
483221,483231,486036,10,2805,2,18000,1.00356506239
483236,483243,485963,7,2720,2,18000,1.00257352941
483259,483269,486141,10,2872,2,18000,1.00348189415
483281,483289,486136,8,2847,2,18000,1.00280997541
483319,483327,485963,8,2636,2,18000,1.00303490137
483528,483539,486366,11,2827,2,18000,1.00389105058
483615,483625,486460,10,2835,2,18000,1.00352733686
483715,483721,486480,6,2759,2,18000,1.00217470098
483786,483793,486484,7,2691,2,18000,1.00260126347
483821,483827,484872,6,1045,1,3600,1.00574162679
483964,483973,486964,9,2991,2,18000,1.00300902708
484257,484264,484306,7,42,1,36000,1.16666666667
484518,484526,487273,8,2747,2,18000,1.00291226793
484564,484570,485895,6,1325,1,36000,1.00452830189
484570,484576,484595,6,19,1,36000,1.31578947368
484666,484674,487497,8,2823,2,18000,1.00283386468
484822,484832,487491,10,2659,2,18000,1.00376081234
484870,484878,487574,8,2696,2,18000,1.00296735905
484885,484892,487707,7,2815,2,18000,1.00248667851
484909,484915,486748,6,1833,1,3600,1.00327332242
484912,484921,487822,9,2901,2,18000,1.00310237849
484913,484927,487751,14,2824,2,18000,1.00495750708
484948,484957,487786,9,2829,2,18000,1.00318133616
485067,485077,487705,10,2628,2,18000,1.00380517504
485077,485083,488607,6,3524,2,21600,1.00170261067
485084,485095,487889,11,2794,2,18000,1.00393700787
485100,485106,487919,6,2813,2,18000,1.00213295414
485143,485149,501734,6,16585,1,180000,1.00036177269
485192,485200,488042,8,2842,2,18000,1.00281491907
485212,485218,514044,6,28826,1,180000,1.00020814542
485221,485230,487845,9,2615,2,18000,1.0034416826
485262,485270,488138,8,2868,2,18000,1.00278940028
485346,485351,488123,5,2772,2,18000,1.0018037518
485398,485407,488270,9,2863,2,18000,1.00314355571
485415,485421,488234,6,2813,2,18000,1.00213295414
485431,485437,488201,6,2764,2,18000,1.002170767
485485,485491,488398,6,2907,2,18000,1.00206398349
485486,485497,488219,11,2722,2,18000,1.00404114622
485525,485532,488147,7,2615,2,18000,1.00267686424
485583,485592,488437,9,2845,2,18000,1.00316344464
485647,485655,488371,8,2716,2,18000,1.0029455081
485677,485685,488473,8,2788,2,18000,1.00286944046
485684,485691,485744,7,53,8,180000,1.1320754717
485693,485699,488476,6,2777,2,18000,1.00216060497
485720,485729,488540,9,2811,2,18000,1.00320170758
485757,485766,488585,9,2819,2,18000,1.0031926215
485783,485794,488498,11,2704,2,18000,1.00406804734
485902,485912,488664,10,2752,2,18000,1.00363372093
485918,485924,488713,6,2789,2,18000,1.00215130871
485967,485975,488791,8,2816,2,18000,1.00284090909
485968,485980,488851,12,2871,2,18000,1.00417972832
486039,486047,488936,8,2889,2,18000,1.00276912426
486140,486147,488854,7,2707,2,18000,1.00258588844
486156,486162,488951,6,2789,2,18000,1.00215130871
486288,486294,495889,6,9595,1,72000,1.00062532569
486332,486338,487173,6,835,1,36000,1.00718562874
486343,486349,666401,6,180052,8,180000,1.00003332371
486367,486377,489051,10,2674,2,18000,1.00373971578
486463,486471,489280,8,2809,2,18000,1.00284798861
486486,486492,489232,6,2740,2,18000,1.00218978102
486487,486498,489336,11,2838,2,18000,1.00387596899
486750,486756,489148,6,2392,1,3600,1.0025083612
486935,486941,487040,6,99,4,144000,1.06060606061
486967,486975,489785,8,2810,2,18000,1.00284697509
487126,487132,487205,6,73,4,144000,1.08219178082
487234,487240,487980,6,740,4,144000,1.00810810811
487274,487285,490088,11,2803,2,18000,1.00392436675
487308,487315,487486,7,171,1,36000,1.04093567251
487366,487372,490792,6,3420,12,7199,1.00175438596
487494,487502,490303,8,2801,2,18000,1.00285612281
487511,487517,490251,6,2734,2,18000,1.00219458669
487530,487537,489029,7,1492,1,36000,1.00469168901
487575,487581,487667,6,86,2,54000,1.06976744186
487580,487587,490352,7,2765,2,18000,1.00253164557
487684,487690,491717,6,4027,2,54000,1.00148994289
487708,487716,490528,8,2812,2,18000,1.00284495021
487709,487722,490459,13,2737,2,18000,1.00474972598
487754,487762,490282,8,2520,2,18000,1.00317460317
487786,487797,490733,11,2936,2,18000,1.00374659401
487825,487833,490550,8,2717,2,18000,1.002944424
487849,487856,490544,7,2688,2,18000,1.00260416667
487893,487900,490672,7,2772,2,18000,1.00252525253
487920,487931,490683,11,2752,2,18000,1.00399709302
488045,488053,490890,8,2837,2,18000,1.00281988016
488086,488093,581812,7,93719,1,180000,1.00007469136
488131,488137,490976,6,2839,2,18000,1.00211342022
488148,488154,491077,6,2923,2,18000,1.0020526856
488149,488160,490911,11,2751,2,18000,1.00399854598
488199,488212,491036,13,2824,2,18000,1.00460339943
488226,488232,491024,6,2792,2,18000,1.00214899713
488246,488252,490894,6,2642,2,18000,1.00227100681
488280,488286,491140,6,2854,2,18000,1.00210231254
488375,488382,491237,7,2855,2,18000,1.00245183888
488399,488409,491222,10,2813,2,18000,1.00355492357
488438,488448,491169,10,2721,2,18000,1.00367511944
488477,488487,491234,10,2747,2,18000,1.00364033491
488478,488492,491290,14,2798,2,18000,1.00500357398
488500,488509,491335,9,2826,2,18000,1.00318471338
488541,488551,491393,10,2842,2,18000,1.00351864884
488588,488597,491321,9,2724,2,18000,1.00330396476
488671,488677,491153,6,2476,2,18000,1.00242326333
488717,488725,491456,8,2731,2,18000,1.00292932992
488792,488802,491596,10,2794,2,18000,1.00357909807
488854,488862,491662,8,2800,2,18000,1.00285714286
488855,488868,491603,13,2735,2,18000,1.00475319927
488944,488950,491704,6,2754,2,18000,1.00217864924
488960,488966,491632,6,2666,2,18000,1.00225056264
489053,489062,491862,9,2800,2,18000,1.00321428571
489159,489165,508070,6,18905,1,36000,1.00031737636
489235,489243,492065,8,2822,2,18000,1.00283486889
489270,489277,493008,7,3731,1,3600,1.00187617261
489283,489291,492157,8,2866,2,18000,1.00279134682
489323,489329,493310,6,3981,2,21600,1.00150715901
489338,489347,492059,9,2712,2,18000,1.00331858407
489361,489368,489587,7,219,5,306000,1.03196347032
489445,489451,490353,6,902,2,144000,1.0066518847
489594,489601,491952,7,2351,5,306000,1.0029774564
489788,489796,492486,8,2690,2,18000,1.0029739777
490092,490100,492709,8,2609,2,18000,1.00306630893
490255,490262,493045,7,2783,2,18000,1.00251527129
490284,490293,493075,9,2782,2,18000,1.00323508267
490307,490314,493121,7,2807,2,18000,1.00249376559
490356,490364,493152,8,2788,2,18000,1.00286944046
490446,490453,494760,7,4307,2,144000,1.0016252612
490461,490470,493314,9,2844,2,18000,1.00316455696
490530,490539,493442,9,2903,2,18000,1.00310024113
490551,490557,493371,6,2814,2,18000,1.00213219616
490568,490574,493366,6,2792,2,18000,1.00214899713
490675,490683,493318,8,2635,2,18000,1.00303605313
490690,490696,493474,6,2778,2,18000,1.00215982721
490735,490745,493542,10,2797,2,18000,1.00357525921
490895,490901,493767,6,2866,2,18000,1.00209351012
490896,490907,493756,11,2849,2,18000,1.00386100386
490915,490924,493711,9,2787,2,18000,1.00322927879
490979,490987,493814,8,2827,2,18000,1.00282985497
491028,491035,493686,7,2651,2,18000,1.00264051301
491046,491052,493744,6,2692,2,18000,1.00222882615
491081,491088,493870,7,2782,2,18000,1.00251617541
491143,491151,493927,8,2776,2,18000,1.00288184438
491159,491165,493918,6,2753,2,18000,1.00217944061
491176,491182,493924,6,2742,2,18000,1.00218818381
491224,491234,494040,10,2806,2,18000,1.00356379187
491241,491247,494098,6,2851,2,18000,1.00210452473
491242,491253,494098,11,2845,2,18000,1.00386643234
491269,491275,502196,6,10921,2,10800,1.00054940024
491294,491301,494001,7,2700,2,18000,1.00259259259
491324,491332,494084,8,2752,2,18000,1.00290697674
491340,491345,494006,5,2661,2,18000,1.00187899286
491395,491405,494170,10,2765,2,18000,1.00361663653
491457,491467,494302,10,2835,2,18000,1.00352733686
491597,491607,494436,10,2829,2,18000,1.00353481796
491619,491625,494493,6,2868,2,18000,1.00209205021
491636,491643,494422,7,2779,2,18000,1.00251889169
491665,491673,494500,8,2827,2,18000,1.00282985497
491706,491716,494465,10,2749,2,18000,1.00363768643
491738,491745,504494,7,12749,1,180000,1.00054906267
491864,491873,494724,9,2851,2,18000,1.00315678709
491964,491970,495517,6,3547,12,7199,1.00169157034
492044,492050,498124,6,6074,2,21600,1.00098781692
492062,492071,494988,9,2917,2,18000,1.00308536167
492077,492083,494884,6,2801,2,18000,1.00214209211
492079,492089,492713,10,624,5,306000,1.01602564103
492158,492169,495002,11,2833,2,18000,1.00388280974
492190,492196,517994,6,25798,1,180000,1.00023257617
492195,492202,509196,7,16994,1,180000,1.00041191009
492197,492208,545088,11,52880,1,180000,1.00020801815
492200,492213,515218,13,23005,1,180000,1.00056509454
492203,492219,519216,16,26997,1,180000,1.00059265844
492206,492224,544578,18,52354,1,180000,1.00034381327
492361,492367,492380,6,13,1,180000,1.46153846154
492412,492418,492646,6,228,2,10800,1.02631578947
492489,492497,495310,8,2813,2,18000,1.00284393886
492712,492720,495532,8,2812,2,18000,1.00284495021
492877,492883,496839,6,3956,5,306000,1.00151668352
493047,493056,495773,9,2717,2,18000,1.003312477
493076,493087,495770,11,2683,2,18000,1.00409988818
493122,493132,495911,10,2779,2,18000,1.0035984167
493153,493163,495891,10,2728,2,18000,1.00366568915
493236,493242,493245,6,3,2,54000,1.0
493264,493270,493398,6,128,64,172800,1.046875
493316,493322,493324,6,2,2,54000,1.0
493317,493328,496279,11,2951,2,18000,1.00372754998
493332,493338,495959,6,2621,2,18000,1.00228920259
493369,493377,496169,8,2792,2,18000,1.00286532951
493384,493390,496142,6,2752,2,18000,1.00218023256
493443,493453,496254,10,2801,2,18000,1.00357015352
493473,493479,493786,6,307,2,54000,1.01954397394
493478,493485,496255,7,2770,2,18000,1.00252707581
493484,494598,494611,1114,13,64,259200,86.6923076923
493497,493503,508629,6,15126,2,54000,1.00039666799
493544,493553,496342,9,2789,2,18000,1.00322696307
493687,493697,496389,10,2692,2,18000,1.00371471025
493713,493722,496480,9,2758,2,18000,1.00326323423
493745,493755,496492,10,2737,2,18000,1.00365363537
493759,844405,952466,350646,108061,1,432000,4.24488946058
493761,493767,496398,6,2631,2,18000,1.00228050171
493777,493783,496575,6,2792,2,18000,1.00214899713
493818,493826,496720,8,2894,2,18000,1.00276434001
493871,493882,496672,11,2790,2,18000,1.00394265233
493920,493930,496765,10,2835,2,18000,1.00352733686
493935,493941,496668,6,2727,2,18000,1.00220022002
493937,493947,496599,10,2652,2,18000,1.00377073906
494003,494013,496796,10,2783,2,18000,1.0035932447
494018,494024,496766,6,2742,2,18000,1.00218818381
494043,494281,497106,238,2825,2,18000,1.08424778761
494074,494608,494610,534,2,2,90000,53.6
494077,494613,494615,536,2,2,90000,53.8
494080,494618,494619,538,1,2,90000,53.9
494086,494629,494630,543,1,2,90000,54.4
494088,494301,497198,213,2897,2,18000,1.07352433552
494089,844516,953112,350427,108596,1,432000,4.22688680983
494089,494635,494636,546,1,2,90000,54.7
494099,494640,494641,541,1,2,90000,54.2
494105,494306,497185,201,2879,2,18000,1.0698159083
494106,494645,494646,539,1,2,90000,54.0
494106,494311,497144,205,2833,2,18000,1.07236145429
494156,868784,952712,374628,83928,1,432000,5.46368315699
494171,494317,497115,146,2798,2,18000,1.05218012866
494214,494771,499050,557,4279,2,21600,1.13017060061
494222,868790,961354,374568,92564,1,432000,5.04658398513
494257,494263,494926,6,663,2,54000,1.00904977376
494275,494286,494289,11,3,3,64800,1.4
494279,868795,956257,374516,87462,1,432000,5.28204248702
494304,494322,497125,18,2803,2,18000,1.00642169105
494333,868800,956462,374467,87662,1,432000,5.27171408364
494393,868806,957177,374413,88371,1,432000,5.23683108712
494425,494433,497069,8,2636,2,18000,1.00303490137
494436,494442,494445,6,3,3,64800,1.0
494441,494448,497258,7,2810,2,18000,1.0024911032
494466,494476,497310,10,2834,2,18000,1.00352858151
494495,494505,497272,10,2767,2,18000,1.00361402241
494511,494517,497379,6,2862,2,18000,1.00209643606
494520,494526,494528,6,2,3,64800,1.0
494592,494603,494607,11,4,3,64800,1.5
494726,494736,497477,10,2741,2,18000,1.00364830354
494739,494746,584759,7,90013,2,90000,1.00007776654
494779,494786,584820,7,90034,2,90000,1.00007774841
494799,494805,551609,6,56804,2,90000,1.00010562636
494808,494814,549955,6,55141,2,90000,1.00010881195
494812,494820,494827,8,7,2,144000,1.5
494826,494832,584854,6,90022,2,90000,1.00006665037
494833,494839,510572,6,15733,4,144000,1.00038136401
494841,494847,557357,6,62510,2,90000,1.00009598464
494855,494861,578738,6,83877,2,90000,1.00007153332
494874,494880,514107,6,19227,2,90000,1.00031206116
494887,494893,495020,6,127,3,3600,1.04724409449
494888,494899,497600,11,2701,2,18000,1.00407256572
494888,494904,551678,16,56774,2,90000,1.00028181914
494901,494910,559796,9,64886,2,90000,1.00013870481
494989,494999,497831,10,2832,2,18000,1.00353107345
495005,495013,497598,8,2585,2,18000,1.00309477756
495023,495030,495067,7,37,1,900,1.18918918919
495096,495102,518908,6,23806,1,64800,1.0002520373
495107,495113,515658,6,20545,1,180000,1.00029204186
495207,868811,956313,373604,87502,1,432000,5.26966240772
495261,868816,956827,373555,88011,1,432000,5.24441263024
495304,868822,959156,373518,90334,1,432000,5.13485509332
495312,495321,498028,9,2707,2,18000,1.00332471371
495345,868827,956516,373482,87689,1,432000,5.25916591591
495393,868832,963068,373439,94236,1,432000,4.96280614627
495412,495418,496545,6,1127,2,10800,1.00532386868
495431,868838,960658,373407,91820,1,432000,5.06672838162
495480,868843,1300873,373363,432030,1,432000,1.86420618938
495535,495544,498254,9,2710,2,18000,1.00332103321
495691,495697,497208,6,1511,2,10800,1.00397088021
495773,495782,498530,9,2748,2,18000,1.00327510917
495788,495794,498650,6,2856,2,18000,1.00210084034
495894,495902,498584,8,2682,2,18000,1.00298284862
495913,495922,498627,9,2705,2,18000,1.0033271719
495960,495970,498865,10,2895,2,18000,1.00345423143
496144,496154,499042,10,2888,2,18000,1.00346260388
496171,496180,498934,9,2754,2,18000,1.00326797386
496256,496271,498971,15,2700,2,18000,1.00555555556
496257,496265,499028,8,2763,2,18000,1.00289540355
496282,496290,498961,8,2671,2,18000,1.00299513291
496343,496353,499188,10,2835,2,18000,1.00352733686
496392,496400,499224,8,2824,2,18000,1.00283286119
496407,496413,499176,6,2763,2,18000,1.00217155266
496482,496491,499217,9,2726,2,18000,1.00330154072
496498,496505,499228,7,2723,2,18000,1.00257069409
496578,496586,499371,8,2785,2,18000,1.00287253142
496600,496610,499331,10,2721,2,18000,1.00367511944
496673,496679,499399,6,2720,2,18000,1.00220588235
496674,496685,499454,11,2769,2,18000,1.00397255327
496722,496731,499446,9,2715,2,18000,1.00331491713
496770,496776,499629,6,2853,2,18000,1.00210304942
496771,496782,499604,11,2822,2,18000,1.00389794472
496801,496806,499510,5,2704,2,18000,1.00184911243
497073,497080,499954,7,2874,2,18000,1.00243562978
497109,497117,499749,8,2632,2,18000,1.00303951368
497125,497132,499985,7,2853,2,18000,1.00245355766
497127,497138,499965,11,2827,2,18000,1.00389105058
497145,497156,499988,11,2832,2,18000,1.00388418079
497189,497196,499847,7,2651,2,18000,1.00264051301
497205,497211,500144,6,2933,2,18000,1.00204568701
497261,497269,500010,8,2741,2,18000,1.00291864283
497277,497285,500039,8,2754,2,18000,1.00290486565
497312,497321,500122,9,2801,2,18000,1.00321313816
497382,497390,500192,8,2802,2,18000,1.0028551035
497479,497488,500146,9,2658,2,18000,1.00338600451
497499,497505,501169,6,3664,12,7199,1.00163755459
497600,497609,500217,9,2608,2,18000,1.00345092025
497618,497625,500397,7,2772,2,18000,1.00252525253
497832,497842,500627,10,2785,2,18000,1.00359066427
498033,498039,500854,6,2815,2,18000,1.00213143872
498258,498266,500946,8,2680,2,18000,1.00298507463
498291,498297,519902,6,21605,4,21600,1.00027771349
498533,498542,501361,9,2819,2,18000,1.0031926215
498588,498595,501388,7,2793,2,18000,1.00250626566
498628,498638,501353,10,2715,2,18000,1.00368324125
498651,498661,501486,10,2825,2,18000,1.00353982301
498870,498876,501637,6,2761,2,18000,1.00217312568
498935,498945,501751,10,2806,2,18000,1.00356379187
498963,498973,501741,10,2768,2,18000,1.00361271676
498978,498984,501772,6,2788,2,18000,1.00215208034
499033,499039,501689,6,2650,2,18000,1.00226415094
499049,499055,501767,6,2712,2,18000,1.00221238938
499164,499170,499328,6,158,1,72000,1.03797468354
499178,499187,501882,9,2695,2,18000,1.00333951763
499194,499200,501997,6,2797,2,18000,1.00214515552
499221,499228,501936,7,2708,2,18000,1.00258493353
499228,499234,520608,6,21374,1,180000,1.00028071489
499236,499243,501712,7,2469,2,18000,1.00283515593
499238,499249,502112,11,2863,2,18000,1.00384212365
499334,499342,502048,8,2706,2,18000,1.0029563932
499373,499382,502201,9,2819,2,18000,1.0031926215
499401,499410,502038,9,2628,2,18000,1.00342465753
499449,499457,502236,8,2779,2,18000,1.00287873336
499464,499470,502214,6,2744,2,18000,1.00218658892
499514,499522,502276,8,2754,2,18000,1.00290486565
499607,499615,502490,8,2875,2,18000,1.0027826087
499632,499640,502482,8,2842,2,18000,1.00281491907
499752,499761,502541,9,2780,2,18000,1.00323741007
499848,499858,502459,10,2601,2,18000,1.00384467512
499957,499965,502792,8,2827,2,18000,1.00282985497
499973,499979,502850,6,2871,2,18000,1.00208986416
499989,499996,502803,7,2807,2,18000,1.00249376559
499991,500002,502802,11,2800,2,18000,1.00392857143
500007,500013,503888,6,3875,2,21600,1.0015483871
500016,500021,502683,5,2662,2,18000,1.001878287
500041,500051,502948,10,2897,2,18000,1.00345184674
500127,500133,502965,6,2832,2,18000,1.00211864407
500146,500155,502826,9,2671,2,18000,1.00336952452
500148,500161,502934,13,2773,2,18000,1.00468806347
500195,500203,502954,8,2751,2,18000,1.00290803344
500221,500229,503088,8,2859,2,18000,1.00279818118
500400,500409,503152,9,2743,2,18000,1.00328107911
500630,500639,503421,9,2782,2,18000,1.00323508267
500858,500865,503713,7,2848,2,18000,1.00245786517
500950,500958,503716,8,2758,2,18000,1.00290065265
501356,501364,504089,8,2725,2,18000,1.00293577982
501371,501377,504219,6,2842,2,18000,1.0021111893
501390,501399,503900,9,2501,2,18000,1.00359856058
501487,501497,504109,10,2612,2,18000,1.00382848392
501641,501648,504564,7,2916,2,18000,1.0024005487
501690,501700,504335,10,2635,2,18000,1.00379506641
501715,501723,504457,8,2734,2,18000,1.00292611558
501724,501730,502998,6,1268,1,3600,1.0047318612
501744,501752,504546,8,2794,2,18000,1.00286327845
501760,501766,504515,6,2749,2,18000,1.00218261186
501775,501781,504555,6,2774,2,18000,1.0021629416
501777,501787,504462,10,2675,2,18000,1.00373831776
501884,501893,504641,9,2748,2,18000,1.00327510917
501937,501947,504967,10,3020,2,18000,1.00331125828
501999,502008,504886,9,2878,2,18000,1.00312717165
502040,502050,504739,10,2689,2,18000,1.00371885459
502055,502062,504860,7,2798,2,18000,1.00250178699
502115,502123,504736,8,2613,2,18000,1.003061615
502205,502212,504994,7,2782,2,18000,1.00251617541
502220,502226,504981,6,2755,2,18000,1.00217785844
502239,502247,504999,8,2752,2,18000,1.00290697674
502280,502287,504930,7,2643,2,18000,1.00264850549
502464,502470,505340,6,2870,2,18000,1.00209059233
502484,502493,505325,9,2832,2,18000,1.0031779661
502499,502505,505333,6,2828,2,18000,1.00212164074
502547,502552,505419,5,2867,2,18000,1.00174398326
502687,502695,505509,8,2814,2,18000,1.00284292822
502793,502803,505563,10,2760,2,18000,1.00362318841
502810,502816,505684,6,2868,2,18000,1.00209205021
502811,502822,505561,11,2739,2,18000,1.00401606426
502828,502837,505663,9,2826,2,18000,1.00318471338
502852,502861,505660,9,2799,2,18000,1.00321543408
502936,502945,505636,9,2691,2,18000,1.00334448161
502954,502959,505761,5,2802,2,18000,1.00178443969
502970,502976,505723,6,2747,2,18000,1.00218420095
502971,502982,505818,11,2836,2,18000,1.0038787024
503090,503099,505729,9,2630,2,18000,1.00342205323
503153,503163,506090,10,2927,2,18000,1.00341646737
503425,503432,506258,7,2826,2,18000,1.00247699929
503722,503728,506411,6,2683,2,18000,1.00223630265
503723,503734,506652,11,2918,2,18000,1.00376970528
503903,503911,506750,8,2839,2,18000,1.00281789362
504092,504101,507013,9,2912,2,18000,1.00309065934
504113,504121,506940,8,2819,2,18000,1.00283788578
504220,504230,507011,10,2781,2,18000,1.00359582884
504336,504346,506962,10,2616,2,18000,1.00382262997
504458,504468,507190,10,2722,2,18000,1.00367376929
504475,504481,507084,6,2603,2,18000,1.00230503265
504518,504527,507360,9,2833,2,18000,1.00317684433
504548,504557,507349,9,2792,2,18000,1.0032234957
504565,504571,507390,6,2819,2,18000,1.00212841433
504566,504577,507395,11,2818,2,18000,1.00390347764
504643,504652,507491,9,2839,2,18000,1.00317013033
504738,504747,507570,9,2823,2,18000,1.00318809777
504740,504753,507439,13,2686,2,18000,1.00483991065
504864,504871,507739,7,2868,2,18000,1.00244072524
504890,504897,507596,7,2699,2,18000,1.00259355317
504936,504942,507842,6,2900,2,18000,1.00206896552
504972,504978,507719,6,2741,2,18000,1.00218898212
504990,504996,507779,6,2783,2,18000,1.00215594682
505007,505013,507913,6,2900,2,18000,1.00206896552
505008,505019,507749,11,2730,2,18000,1.00402930403
505332,505338,508002,6,2664,2,18000,1.00225225225
505350,505356,508099,6,2743,2,18000,1.00218738607
505351,505362,508076,11,2714,2,18000,1.00405305822
505420,505430,508305,10,2875,2,18000,1.00347826087
505513,505520,508284,7,2764,2,18000,1.00253256151
505564,505572,508436,8,2864,2,18000,1.00279329609
505565,505578,508370,13,2792,2,18000,1.00465616046
505637,505647,508393,10,2746,2,18000,1.0036416606
505663,505672,508519,9,2847,2,18000,1.00316122234
505678,505684,508380,6,2696,2,18000,1.00222551929
505693,505699,508443,6,2744,2,18000,1.00218658892
505724,505734,508374,10,2640,2,18000,1.00378787879
505740,505746,508363,6,2617,2,18000,1.00229270157
505765,505773,508628,8,2855,2,18000,1.00280210158
505821,505829,508595,8,2766,2,18000,1.0028922632
506091,506101,508878,10,2777,2,18000,1.00360100828
506261,506269,509023,8,2754,2,18000,1.00290486565
506333,506339,727703,6,221364,4,288000,1.00002710468
506412,506422,509131,10,2709,2,18000,1.00369139904
506474,506480,801710,6,295230,4,295200,1.00002032314
506656,506663,509480,7,2817,2,18000,1.00248491303
506754,506761,509701,7,2940,2,18000,1.00238095238
506942,506951,509804,9,2853,2,18000,1.00315457413
506964,506974,509762,10,2788,2,18000,1.00358680057
507013,507028,509811,15,2783,2,18000,1.00538986705
507015,507022,509818,7,2796,2,18000,1.00250357654
507085,507095,509867,10,2772,2,18000,1.00360750361
507191,507201,510020,10,2819,2,18000,1.00354735722
507236,507242,582716,6,75474,3,244800,1.00007949758
507351,507360,510245,9,2885,2,18000,1.00311958406
507367,507372,510269,5,2897,2,18000,1.00172592337
507391,507401,510320,10,2919,2,18000,1.00342583076
507406,507412,510220,6,2808,2,18000,1.00213675214
507437,507450,510165,13,2715,2,18000,1.00478821363
507446,868890,895296,361444,26406,3,604800,14.6879497084
507493,507502,510247,9,2745,2,18000,1.00327868852
507573,507581,510366,8,2785,2,18000,1.00287253142
507595,507607,510206,12,2599,2,18000,1.00461716045
507704,507710,507711,6,1,2,300,1.0
507722,507730,510522,8,2792,2,18000,1.00286532951
507741,507751,510512,10,2761,2,18000,1.00362187613
507757,507763,510543,6,2780,2,18000,1.00215827338
507781,507790,510637,9,2847,2,18000,1.00316122234
507843,507853,510514,10,2661,2,18000,1.00375798572
507915,507924,510756,9,2832,2,18000,1.0031779661
508004,508013,510762,9,2749,2,18000,1.00327391779
508078,508087,510926,9,2839,2,18000,1.00317013033
508101,508110,510945,9,2835,2,18000,1.00317460317
508286,508296,511108,10,2812,2,18000,1.00355618777
508308,508316,511146,8,2830,2,18000,1.00282685512
508364,508374,511233,10,2859,2,18000,1.00349772648
508380,508387,511086,7,2699,2,18000,1.00259355317
508382,508393,511057,11,2664,2,18000,1.00412912913
508383,508398,511113,15,2715,2,18000,1.00552486188
508399,508405,511118,6,2713,2,18000,1.0022115739
508439,508447,511315,8,2868,2,18000,1.00278940028
508455,508461,511291,6,2830,2,18000,1.00212014134
508520,508530,511306,10,2776,2,18000,1.00360230548
508596,508607,511449,11,2842,2,18000,1.00387051372
508631,508639,511355,8,2716,2,18000,1.0029455081
508696,508702,509473,6,771,64,259200,1.00778210117
508879,508889,511789,10,2900,2,18000,1.00344827586
509027,509035,511942,8,2907,2,18000,1.00275197798
509133,509142,512074,9,2932,2,18000,1.00306957708
509483,509491,512247,8,2756,2,18000,1.00290275762
509657,509663,509729,6,66,64,259200,1.09090909091
509704,509712,512557,8,2845,2,18000,1.00281195079
509763,509773,512468,10,2695,2,18000,1.00371057514
509791,509797,509828,6,31,64,259200,1.1935483871
509806,509816,512625,10,2809,2,18000,1.00355998576
509822,509828,512484,6,2656,2,18000,1.00225903614
509823,509834,512547,11,2713,2,18000,1.00405455216
509869,509879,512530,10,2651,2,18000,1.00377216145
510024,510031,512770,7,2739,2,18000,1.00255567725
510167,510176,512931,9,2755,2,18000,1.00326678766
510208,510217,513006,9,2789,2,18000,1.00322696307
510224,510232,512883,8,2651,2,18000,1.00301772916
510247,510257,513001,10,2744,2,18000,1.00364431487
510249,510263,513034,14,2771,2,18000,1.00505232768
510270,510280,513028,10,2748,2,18000,1.00363901019
510323,510331,513017,8,2686,2,18000,1.00297840655
510335,510341,510380,6,39,64,259200,1.15384615385
510369,510377,513132,8,2755,2,18000,1.00290381125
510447,510453,510495,6,42,64,259200,1.14285714286
510512,510523,513295,11,2772,2,18000,1.00396825397
510528,510534,513262,6,2728,2,18000,1.00219941349
510529,510540,513205,11,2665,2,18000,1.00412757974
510546,510554,513403,8,2849,2,18000,1.00280800281
510641,510649,513307,8,2658,2,18000,1.00300978179
510651,510658,510706,7,48,64,259200,1.14583333333
510758,510767,513582,9,2815,2,18000,1.00319715808
510762,510772,510832,10,60,64,259200,1.16666666667
510773,510779,513533,6,2754,2,18000,1.00217864924
510927,510937,513644,10,2707,2,18000,1.00369412634
510949,510957,513635,8,2678,2,18000,1.00298730396
511058,511068,513807,10,2739,2,18000,1.00365096751
511089,511098,513896,9,2798,2,18000,1.00321658327
511111,511120,513761,9,2641,2,18000,1.00340780008
511114,511125,511170,11,45,64,259200,1.24444444444
511127,511133,513750,6,2617,2,18000,1.00229270157
511128,511139,513872,11,2733,2,18000,1.00402488108
511147,511157,513957,10,2800,2,18000,1.00357142857
511236,511244,514034,8,2790,2,18000,1.00286738351
511294,511303,513931,9,2628,2,18000,1.00342465753
511310,511317,514215,7,2898,2,18000,1.00241545894
511325,511332,513917,7,2585,2,18000,1.00270793037
511357,511366,514188,9,2822,2,18000,1.0031892275
511452,511460,514397,8,2937,2,18000,1.00272386789
511792,511800,514606,8,2806,2,18000,1.0028510335
511837,511843,741691,6,229848,64,259200,1.00002610421
511946,511953,514712,7,2759,2,18000,1.00253715114
512075,512085,514809,10,2724,2,18000,1.00367107195
512250,512258,515057,8,2799,2,18000,1.00285816363
512471,512479,515319,8,2840,2,18000,1.00281690141
512486,512495,515401,9,2906,2,18000,1.00309704061
512532,512543,515295,11,2752,2,18000,1.00399709302
512550,512558,515326,8,2768,2,18000,1.00289017341
512565,512572,515311,7,2739,2,18000,1.00255567725
512627,512636,515487,9,2851,2,18000,1.00315678709
512765,512771,512774,6,3,2,300,1.0
512773,512782,515629,9,2847,2,18000,1.00316122234
512782,512788,512815,6,27,2,300,1.22222222222
512826,512833,512884,7,51,2,300,1.13725490196
512886,512894,515605,8,2711,2,18000,1.00295094061
512891,512900,513145,9,245,2,300,1.03673469388
512932,512942,515782,10,2840,2,18000,1.00352112676
513003,513012,515789,9,2777,2,18000,1.00324090745
513018,513025,515760,7,2735,2,18000,1.00255941499
513020,513031,515866,11,2835,2,18000,1.00388007055
513035,513042,515900,7,2858,2,18000,1.00244926522
513037,513048,515874,11,2826,2,18000,1.00389242746
513134,513143,515858,9,2715,2,18000,1.00331491713
513155,513161,513170,6,9,2,300,1.5
513174,868854,941489,355680,72635,3,324000,5.89681283128
513178,513184,513200,6,16,2,300,1.375
513207,513213,513254,6,41,2,300,1.14634146341
513208,513219,515966,11,2747,2,18000,1.0040043684
513261,513267,513578,6,311,2,300,1.0192926045
513263,513273,516022,10,2749,2,18000,1.00363768643
513297,513307,516071,10,2764,2,18000,1.00361794501
513313,513319,516120,6,2801,2,18000,1.00214209211
513405,513414,516149,9,2735,2,18000,1.00329067642
513535,513544,516382,9,2838,2,18000,1.00317124736
513584,513594,516094,10,2500,2,18000,1.004
513635,513647,516406,12,2759,2,18000,1.00434940196
513650,513656,516548,6,2892,2,18000,1.0020746888
513723,513729,516036,6,2307,14,8940,1.00260078023
513753,513761,516679,8,2918,2,18000,1.00274160384
513768,513774,516589,6,2815,2,18000,1.00213143872
513808,513818,516605,10,2787,2,18000,1.00358808755
513873,513883,516682,10,2799,2,18000,1.00357270454
513898,513908,516560,10,2652,2,18000,1.00377073906
513920,513928,516660,8,2732,2,18000,1.00292825769
513936,513941,516752,5,2811,2,18000,1.00177872643
513960,513968,516576,8,2608,2,18000,1.00306748466
514035,514045,516863,10,2818,2,18000,1.00354861604
514193,514199,516950,6,2751,2,18000,1.00218102508
514218,514227,517135,9,2908,2,18000,1.00309491059
514398,514408,517218,10,2810,2,18000,1.00355871886
514607,514617,517484,10,2867,2,18000,1.00348796652
514714,514723,517627,9,2904,2,18000,1.00309917355
514813,514820,517722,7,2902,2,18000,1.00241212957
515060,515068,517811,8,2743,2,18000,1.00291651476
515298,515306,518128,8,2822,2,18000,1.00283486889
515314,515323,518137,9,2814,2,18000,1.00319829424
515329,515336,518122,7,2786,2,18000,1.00251256281
515331,515342,517925,11,2583,2,18000,1.00425861401
515404,515413,518188,9,2775,2,18000,1.00324324324
515489,515498,518373,9,2875,2,18000,1.00313043478
515605,515616,518321,11,2705,2,18000,1.00406654344
515630,515640,518486,10,2846,2,18000,1.00351370344
515762,515771,518571,9,2800,2,18000,1.00321428571
515783,515793,518652,10,2859,2,18000,1.00349772648
515799,515805,518525,6,2720,2,18000,1.00220588235
515861,515869,518823,8,2954,2,18000,1.00270819228
515877,515883,518659,6,2776,2,18000,1.00216138329
515878,515889,518720,11,2831,2,18000,1.00388555281
515903,515911,518578,8,2667,2,18000,1.00299962505
515968,515977,518829,9,2852,2,18000,1.00315568022
516024,516033,518904,9,2871,2,18000,1.00313479624
516033,516039,516045,6,6,1,900,1.2
516045,516051,518326,6,2275,14,8940,1.00263736264
516072,516082,518826,10,2744,2,18000,1.00364431487
516091,516097,516165,6,68,4,3540,1.08823529412
516092,516103,516165,11,62,2,3540,1.17741935484
516097,516109,518865,12,2756,2,18000,1.00435413643
516121,516131,518944,10,2813,2,18000,1.00355492357
516152,516160,518784,8,2624,2,18000,1.00304878049
516385,516394,519177,9,2783,2,18000,1.00323392023
516407,516417,519160,10,2743,2,18000,1.00364564346
516552,516560,519503,8,2943,2,18000,1.00271831464
516569,516575,519412,6,2837,2,18000,1.00211491012
516584,516590,519204,6,2614,2,18000,1.00229533282
516599,516606,519379,7,2773,2,18000,1.00252434187
516615,516621,519431,6,2810,2,18000,1.00213523132
516664,516672,519381,8,2709,2,18000,1.00295311923
516683,516690,519321,7,2631,2,18000,1.00266058533
516685,516696,519475,11,2779,2,18000,1.00395825837
516753,516763,519529,10,2766,2,18000,1.00361532899
516867,516874,519676,7,2802,2,18000,1.00249821556
516952,516961,519674,9,2713,2,18000,1.00331736086
517136,517147,519963,11,2816,2,18000,1.00390625
517221,517229,520031,8,2802,2,18000,1.0028551035
517485,517495,520250,10,2755,2,18000,1.00362976407
517630,517638,520362,8,2724,2,18000,1.00293685756
517723,517733,520351,10,2618,2,18000,1.0038197097
517813,517822,520591,9,2769,2,18000,1.00325027086
517926,517936,520766,10,2830,2,18000,1.0035335689
518125,518134,520828,9,2694,2,18000,1.00334075724
518140,518146,520870,6,2724,2,18000,1.00220264317
518141,518152,520706,11,2554,2,18000,1.00430696946
518191,518200,520986,9,2786,2,18000,1.0032304379
518322,518336,521135,14,2799,2,18000,1.00500178635
518324,518330,518336,6,6,1,900,1.2
518339,518345,521894,6,3549,14,8940,1.00169061708
518374,518384,521249,10,2865,2,18000,1.0034904014
518490,518497,521402,7,2905,2,18000,1.00240963855
518526,518536,521313,10,2777,2,18000,1.00360100828
518572,518582,521308,10,2726,2,18000,1.00366837858
518587,518594,521342,7,2748,2,18000,1.00254730713
518654,518663,521416,9,2753,2,18000,1.00326916092
518669,518676,521463,7,2787,2,18000,1.00251166128
518722,518731,521458,9,2727,2,18000,1.00330033003
518787,518795,521559,8,2764,2,18000,1.00289435601
518828,518835,521565,7,2730,2,18000,1.00256410256
518830,518841,521705,11,2864,2,18000,1.00384078212
518845,518851,521614,6,2763,2,18000,1.00217155266
518866,518876,521624,10,2748,2,18000,1.00363901019
518907,518915,521558,8,2643,2,18000,1.00302686341
518948,518955,521682,7,2727,2,18000,1.00256692336
519161,519171,521972,10,2801,2,18000,1.00357015352
519179,519188,521857,9,2669,2,18000,1.00337204946
519208,519215,522015,7,2800,2,18000,1.0025
519324,519332,522142,8,2810,2,18000,1.00284697509
519383,519392,522077,9,2685,2,18000,1.00335195531
519384,519397,522245,13,2848,2,18000,1.00456460674
519415,519424,522189,9,2765,2,18000,1.00325497288
519434,519442,522192,8,2750,2,18000,1.00290909091
519477,519487,522256,10,2769,2,18000,1.00361141206
519504,519514,522140,10,2626,2,18000,1.00380807312
519532,519540,522317,8,2777,2,18000,1.00288080663
519677,519692,522411,15,2719,2,18000,1.00551673409
519678,519686,522344,8,2658,2,18000,1.00300978179
519967,519975,522720,8,2745,2,18000,1.0029143898
520032,520042,522742,10,2700,2,18000,1.0037037037
520253,520261,523125,8,2864,2,18000,1.00279329609
520354,520362,523174,8,2812,2,18000,1.00284495021
520370,520376,523182,6,2806,2,18000,1.00213827512
520593,520602,523477,9,2875,2,18000,1.00313043478
520709,520717,523326,8,2609,2,18000,1.00306630893
520768,520777,523552,9,2775,2,18000,1.00324324324
520829,520840,523747,11,2907,2,18000,1.00378396973
520872,520881,523738,9,2857,2,18000,1.00315015751
520989,520997,523857,8,2860,2,18000,1.0027972028
521139,521147,523970,8,2823,2,18000,1.00283386468
521252,521260,523954,8,2694,2,18000,1.00296956199
521311,521320,524008,9,2688,2,18000,1.00334821429
521326,521332,524086,6,2754,2,18000,1.00217864924
521344,521354,524122,10,2768,2,18000,1.00361271676
521406,521413,524201,7,2788,2,18000,1.0025107604
521422,521427,524179,5,2752,2,18000,1.00181686047
521458,521469,524272,11,2803,2,18000,1.00392436675
521473,521479,524241,6,2762,2,18000,1.00217233888
521560,521570,524230,10,2660,2,18000,1.0037593985
521561,521575,524400,14,2825,2,18000,1.00495575221
521577,521583,524356,6,2773,2,18000,1.0021637216
521617,521625,524412,8,2787,2,18000,1.00287047004
521632,521638,524380,6,2742,2,18000,1.00218818381
521684,521694,524383,10,2689,2,18000,1.00371885459
521706,521716,524639,10,2923,2,18000,1.00342114266
521859,521868,524530,9,2662,2,18000,1.0033809166
521891,521897,521902,6,5,1,900,1.1
521904,521910,525364,6,3454,14,8940,1.00173711639
521973,521983,524798,10,2815,2,18000,1.00355239787
522016,522026,524955,10,2929,2,18000,1.00341413452
522081,522089,524830,8,2741,2,18000,1.00291864283
522143,522151,524705,8,2554,2,18000,1.00313234143
522144,522157,525071,13,2914,2,18000,1.00446122169
522187,522200,524982,13,2782,2,18000,1.0046728972
522202,522209,524819,7,2610,2,18000,1.00268199234
522248,522256,525089,8,2833,2,18000,1.00282386163
522264,522270,525045,6,2775,2,18000,1.00216216216
522319,522328,525105,9,2777,2,18000,1.00324090745
522347,522356,525085,9,2729,2,18000,1.00329791132
522412,522422,525228,10,2806,2,18000,1.00356379187
522721,522732,525513,11,2781,2,18000,1.00395541172
522746,522754,525639,8,2885,2,18000,1.0027729636
523126,523136,525982,10,2846,2,18000,1.00351370344
523176,523185,526051,9,2866,2,18000,1.00314026518
523191,523198,526023,7,2825,2,18000,1.00247787611
523330,523338,526097,8,2759,2,18000,1.0028996013
523480,523488,526290,8,2802,2,18000,1.0028551035
523553,523564,526176,11,2612,2,18000,1.00421133231
523738,523744,545783,6,22039,1,64800,1.00027224466
523741,523750,526447,9,2697,2,18000,1.00333704116
523757,523763,526705,6,2942,2,18000,1.00203942896
523861,523869,526540,8,2671,2,18000,1.00299513291
523957,523965,526745,8,2780,2,18000,1.00287769784
523974,523981,526867,7,2886,2,18000,1.00242550243
524010,524020,526780,10,2760,2,18000,1.00362318841
524088,524097,526865,9,2768,2,18000,1.00325144509
524125,524133,527001,8,2868,2,18000,1.00278940028
524183,524190,527018,7,2828,2,18000,1.00247524752
524203,524212,527057,9,2845,2,18000,1.00316344464
524232,524242,527030,10,2788,2,18000,1.00358680057
524250,524256,526908,6,2652,2,18000,1.00226244344
524277,524283,527121,6,2838,2,18000,1.0021141649
524361,524367,527216,6,2849,2,18000,1.00210600211
524384,524394,527254,10,2860,2,18000,1.0034965035
524385,524399,527113,14,2714,2,18000,1.00515843773
524405,524411,527201,6,2790,2,18000,1.00215053763
524422,524428,527064,6,2636,2,18000,1.00227617602
524534,524541,527285,7,2744,2,18000,1.00255102041
524641,524650,527495,9,2845,2,18000,1.00316344464
524706,524716,527352,10,2636,2,18000,1.00379362671
524800,524809,527652,9,2843,2,18000,1.00316567007
524827,524833,527594,6,2761,2,18000,1.00217312568
524843,524849,527750,6,2901,2,18000,1.00206825233
524958,524967,527608,9,2641,2,18000,1.00340780008
524983,524993,527610,10,2617,2,18000,1.00382116928
525047,525056,527883,9,2827,2,18000,1.00318358684
525072,525082,527640,10,2558,2,18000,1.00390930414
525087,525096,527881,9,2785,2,18000,1.00323159785
525103,525109,527717,6,2608,2,18000,1.0023006135
525118,525124,527965,6,2841,2,18000,1.00211193242
525232,525239,528036,7,2797,2,18000,1.00250268144
525362,525368,525373,6,5,1,900,1.1
525369,525375,526782,6,1407,14,8940,1.00426439232
525515,525524,528358,9,2834,2,18000,1.00317572336
525640,525650,528432,10,2782,2,18000,1.0035945363
525985,525993,528754,8,2761,2,18000,1.00289750091
526026,526034,528786,8,2752,2,18000,1.00290697674
526054,526062,528910,8,2848,2,18000,1.00280898876
526098,526108,528721,10,2613,2,18000,1.00382701875
526179,526187,528945,8,2758,2,18000,1.00290065265
526294,526302,528978,8,2676,2,18000,1.00298953662
526448,526459,529242,11,2783,2,18000,1.00395256917
526543,526551,529308,8,2757,2,18000,1.00290170475
526706,526716,529335,10,2619,2,18000,1.00381825124
526747,526756,529475,9,2719,2,18000,1.00331004046
526781,526793,529565,12,2772,2,18000,1.00432900433
526868,526882,529741,14,2859,2,18000,1.00489681707
526869,526876,529525,7,2649,2,18000,1.00264250661
526912,526919,529630,7,2711,2,18000,1.00258207304
527004,527012,529934,8,2922,2,18000,1.00273785079
527019,527030,529717,11,2687,2,18000,1.00409378489
527034,527041,529653,7,2612,2,18000,1.00267993874
527059,527068,529879,9,2811,2,18000,1.00320170758
527074,527080,530045,6,2965,2,18000,1.00202360877
527114,527124,529918,10,2794,2,18000,1.00357909807
527129,527135,529984,6,2849,2,18000,1.00210600211
527203,527212,529918,9,2706,2,18000,1.00332594235
527218,527227,529876,9,2649,2,18000,1.00339750849
527255,527265,530046,10,2781,2,18000,1.00359582884
527286,527296,530098,10,2802,2,18000,1.00356887937
527355,527363,530112,8,2749,2,18000,1.00291014915
527496,527506,530385,10,2879,2,18000,1.00347342827
527597,527606,530252,9,2646,2,18000,1.00340136054
527613,527619,530448,6,2829,2,18000,1.00212089077
527614,527625,530348,11,2723,2,18000,1.00403966214
527642,527652,530500,10,2848,2,18000,1.00351123596
527657,527663,530420,6,2757,2,18000,1.00217627856
527718,527728,530489,10,2761,2,18000,1.00362187613
527752,527762,530633,10,2871,2,18000,1.00348310693
527886,527892,530582,6,2690,2,18000,1.00223048327
527887,527898,530780,11,2882,2,18000,1.00381679389
527968,527976,530675,8,2699,2,18000,1.00296406076
528039,528047,530681,8,2634,2,18000,1.00303720577
528361,528369,530997,8,2628,2,18000,1.00304414003
528434,528443,531188,9,2745,2,18000,1.00327868852
528724,528732,531639,8,2907,2,18000,1.00275197798
528756,528766,531574,10,2808,2,18000,1.00356125356
528787,528797,531546,10,2749,2,18000,1.00363768643
528913,528921,531736,8,2815,2,18000,1.00284191829
528947,528956,531776,9,2820,2,18000,1.00319148936
528981,528990,531897,9,2907,2,18000,1.00309597523
529245,529253,532057,8,2804,2,18000,1.00285306705
529310,529320,532098,10,2778,2,18000,1.00359971202
529337,529346,531996,9,2650,2,18000,1.00339622642
529478,529487,532259,9,2772,2,18000,1.00324675325
529527,529537,532365,10,2828,2,18000,1.00353606789
529567,529576,532416,9,2840,2,18000,1.00316901408
529631,529641,532376,10,2735,2,18000,1.00365630713
529656,529664,532435,8,2771,2,18000,1.00288704439
529720,529728,532566,8,2838,2,18000,1.00281888654
529744,529753,532488,9,2735,2,18000,1.00329067642
529877,529887,532595,10,2708,2,18000,1.00369276219
529892,529898,532690,6,2792,2,18000,1.00214899713
529920,529929,532803,9,2874,2,18000,1.00313152401
529921,529934,532721,13,2787,2,18000,1.00466451381
529936,529946,532720,10,2774,2,18000,1.00360490267
529985,529995,532800,10,2805,2,18000,1.00356506239
530048,530056,532843,8,2787,2,18000,1.00287047004
530049,530105,532922,56,2817,2,18000,1.01987930422
530099,530111,532923,12,2812,2,18000,1.00426742532
530114,530123,532873,9,2750,2,18000,1.00327272727
530254,530263,533045,9,2782,2,18000,1.00323508267
530349,530360,533192,11,2832,2,18000,1.00388418079
530386,530396,533207,10,2811,2,18000,1.00355745286
530425,530431,533394,6,2963,2,18000,1.00202497469
530450,530459,533333,9,2874,2,18000,1.00313152401
530491,530500,533316,9,2816,2,18000,1.00319602273
530506,530511,533298,5,2787,2,18000,1.00179404377
530586,530594,533480,8,2886,2,18000,1.00277200277
530635,530644,533444,9,2800,2,18000,1.00321428571
530675,530686,533500,11,2814,2,18000,1.0039090263
530690,530697,533495,7,2798,2,18000,1.00250178699
530782,530792,533561,10,2769,2,18000,1.00361141206
530998,531008,533635,10,2627,2,18000,1.00380662352
531190,531199,534044,9,2845,2,18000,1.00316344464
531549,531558,534303,9,2745,2,18000,1.00327868852
531577,531585,534457,8,2872,2,18000,1.00278551532
531642,531650,534289,8,2639,2,18000,1.00303145131
531739,531747,534531,8,2784,2,18000,1.00287356322
531777,531788,534570,11,2782,2,18000,1.00395398994
531898,531908,534702,10,2794,2,18000,1.00357909807
532000,532007,534778,7,2771,2,18000,1.00252616384
532061,532068,534868,7,2800,2,18000,1.0025
532098,532109,535019,11,2910,2,18000,1.00378006873
532260,532270,534896,10,2626,2,18000,1.00380807312
532368,532376,535178,8,2802,2,18000,1.0028551035
532383,532389,535140,6,2751,2,18000,1.00218102508
532417,532427,535315,10,2888,2,18000,1.00346260388
532435,532446,535258,11,2812,2,18000,1.00391180654
532490,532500,535101,10,2601,2,18000,1.00384467512
532568,532577,535422,9,2845,2,18000,1.00316344464
532595,532606,535325,11,2719,2,18000,1.004045605
532691,532701,535489,10,2788,2,18000,1.00358680057
532722,532731,535665,9,2934,2,18000,1.00306748466
532723,532737,535428,14,2691,2,18000,1.00520252694
532801,532811,535518,10,2707,2,18000,1.00369412634
532816,532822,535625,6,2803,2,18000,1.00214056368
532844,532855,535602,11,2747,2,18000,1.0040043684
532875,532884,535656,9,2772,2,18000,1.00324675325
532927,532934,535533,7,2599,2,18000,1.00269334359
532928,532939,535718,11,2779,2,18000,1.00395825837
533048,533056,535808,8,2752,2,18000,1.00290697674
533197,533203,535956,6,2753,2,18000,1.00217944061
533213,533218,536169,5,2951,2,18000,1.0016943409
533301,533310,536046,9,2736,2,18000,1.00328947368
533320,533327,535943,7,2616,2,18000,1.00267584098
533335,533344,536188,9,2844,2,18000,1.00316455696
533398,533405,536260,7,2855,2,18000,1.00245183888
533447,533455,536243,8,2788,2,18000,1.00286944046
533482,533492,536314,10,2822,2,18000,1.00354358611
533497,533506,536332,9,2826,2,18000,1.00318471338
533513,533519,536306,6,2787,2,18000,1.00215285253
533563,533572,536249,9,2677,2,18000,1.00336197236
533637,533646,536545,9,2899,2,18000,1.0031045188
534045,534056,536905,11,2849,2,18000,1.00386100386
534291,534300,536999,9,2699,2,18000,1.00333456836
534306,534314,537214,8,2900,2,18000,1.00275862069
534459,534468,537181,9,2713,2,18000,1.00331736086
534535,534542,537343,7,2801,2,18000,1.00249910746
534572,534581,537280,9,2699,2,18000,1.00333456836
534705,534713,537583,8,2870,2,18000,1.00278745645
534781,534789,537640,8,2851,2,18000,1.00280603297
534870,534880,537606,10,2726,2,18000,1.00366837858
534898,534907,537503,9,2596,2,18000,1.00346687211
535022,535030,537865,8,2835,2,18000,1.00282186949
535104,535113,537894,9,2781,2,18000,1.00323624595
535143,535151,537819,8,2668,2,18000,1.00299850075
535182,535190,537919,8,2729,2,18000,1.00293147673
535260,535269,538100,9,2831,2,18000,1.00317908866
535316,535326,538033,10,2707,2,18000,1.00369412634
535332,535338,538190,6,2852,2,18000,1.00210378682
535424,535434,538264,10,2830,2,18000,1.0035335689
535440,535446,538216,6,2770,2,18000,1.00216606498
535492,535501,538268,9,2767,2,18000,1.00325262017
535521,535530,538211,9,2681,2,18000,1.00335695636
535536,535545,538225,9,2680,2,18000,1.00335820896
535604,535613,538357,9,2744,2,18000,1.00327988338
535629,535636,538428,7,2792,2,18000,1.00250716332
535657,535667,538463,10,2796,2,18000,1.00357653791
535672,535678,538370,6,2692,2,18000,1.00222882615
535719,535729,538500,10,2771,2,18000,1.00360880549
535811,535819,538586,8,2767,2,18000,1.00289121793
535944,535954,538796,10,2842,2,18000,1.00351864884
535959,535967,538753,8,2786,2,18000,1.00287150036
536049,536058,538739,9,2681,2,18000,1.00335695636
536170,536180,539069,10,2889,2,18000,1.00346140533
536192,536199,539036,7,2837,2,18000,1.00246739514
536244,536254,539025,10,2771,2,18000,1.00360880549
536261,536267,539049,6,2782,2,18000,1.00215672178
536262,536273,539012,11,2739,2,18000,1.00401606426
536309,536318,539145,9,2827,2,18000,1.00318358684
536324,536330,539176,6,2846,2,18000,1.00210822207
536340,536346,539119,6,2773,2,18000,1.0021637216
536546,536557,539389,11,2832,2,18000,1.00388418079
536908,536916,539818,8,2902,2,18000,1.0027567195
536997,537010,539641,13,2631,2,18000,1.00494108704
537184,537192,539961,8,2769,2,18000,1.00288912965
537215,537226,539904,11,2678,2,18000,1.00410754294
537284,537292,540103,8,2811,2,18000,1.00284596229
537346,537354,540059,8,2705,2,18000,1.00295748614
537506,537515,540302,9,2787,2,18000,1.00322927879
537586,537594,540459,8,2865,2,18000,1.00279232112
537607,537618,540298,11,2680,2,18000,1.00410447761
537641,537651,540256,10,2605,2,18000,1.00383877159
537820,537830,540539,10,2709,2,18000,1.00369139904
537866,537877,540551,11,2674,2,18000,1.00411368736
537897,537905,540753,8,2848,2,18000,1.00280898876
537922,537930,540725,8,2795,2,18000,1.00286225403
538036,538045,540869,9,2824,2,18000,1.00318696884
538101,538111,540784,10,2673,2,18000,1.00374111485
538193,538201,540931,8,2730,2,18000,1.00293040293
538212,538222,540966,10,2744,2,18000,1.00364431487
538227,538233,540973,6,2740,2,18000,1.00218978102
538229,538239,541125,10,2886,2,18000,1.00346500347
538267,538275,540968,8,2693,2,18000,1.00297066469
538283,538289,541028,6,2739,2,18000,1.0021905805
538358,538368,541166,10,2798,2,18000,1.00357398142
538374,538381,541175,7,2794,2,18000,1.00250536865
538429,538439,541209,10,2770,2,18000,1.0036101083
538467,538474,541233,7,2759,2,18000,1.00253715114
538501,538511,541361,10,2850,2,18000,1.00350877193
538587,538598,541285,11,2687,2,18000,1.00409378489
538741,538750,541609,9,2859,2,18000,1.00314795383
538757,538764,541511,7,2747,2,18000,1.00254823444
538798,538807,541439,9,2632,2,18000,1.00341945289
539017,539023,541798,6,2775,2,18000,1.00216216216
539034,539040,541724,6,2684,2,18000,1.00223546945
539050,539056,541809,6,2753,2,18000,1.00217944061
539051,539062,541940,11,2878,2,18000,1.00382209868
539070,539080,541755,10,2675,2,18000,1.00373831776
539120,539130,541948,10,2818,2,18000,1.00354861604
539148,539156,541795,8,2639,2,18000,1.00303145131
539177,539187,541851,10,2664,2,18000,1.00375375375
539390,539400,542103,10,2703,2,18000,1.00369959304
539643,539653,542497,10,2844,2,18000,1.0035161744
539822,539830,542645,8,2815,2,18000,1.00284191829
539906,539915,542584,9,2669,2,18000,1.00337204946
539965,539973,542736,8,2763,2,18000,1.00289540355
540036,540042,540138,6,96,1,1800,1.0625
540060,540070,542940,10,2870,2,18000,1.00348432056
540107,540114,542919,7,2805,2,18000,1.00249554367
540259,540268,543017,9,2749,2,18000,1.00327391779
540299,540309,543005,10,2696,2,18000,1.00370919881
540314,540320,543056,6,2736,2,18000,1.00219298246
540436,540442,540545,6,103,1,1800,1.05825242718
540462,540470,543138,8,2668,2,18000,1.00299850075
540543,540551,543337,8,2786,2,18000,1.00287150036
540558,540564,543413,6,2849,2,18000,1.00210600211
540728,540736,543493,8,2757,2,18000,1.00290170475
540756,540765,543699,9,2934,2,18000,1.00306748466
540784,540795,543571,11,2776,2,18000,1.00396253602
540873,540881,543651,8,2770,2,18000,1.00288808664
540934,540943,543667,9,2724,2,18000,1.00330396476
540969,540977,543755,8,2778,2,18000,1.00287976962
540971,540983,543615,12,2632,2,18000,1.00455927052
540986,540992,543794,6,2802,2,18000,1.00214132762
541029,541039,543873,10,2834,2,18000,1.00352858151
541128,541136,543933,8,2797,2,18000,1.00286020737
541145,541151,541658,6,507,1,1800,1.01183431953
541168,541178,544051,10,2873,2,18000,1.00348068221
541183,541189,543818,6,2629,2,18000,1.00228223659
541211,541221,543956,10,2735,2,18000,1.00365630713
541236,541244,543886,8,2642,2,18000,1.00302800908
541288,541296,544088,8,2792,2,18000,1.00286532951
541363,541372,544162,9,2790,2,18000,1.00322580645
541442,541450,544108,8,2658,2,18000,1.00300978179
541513,541522,544165,9,2643,2,18000,1.00340522134
541613,541620,544365,7,2745,2,18000,1.00255009107
541728,541736,544545,8,2809,2,18000,1.00284798861
541758,541766,544564,8,2798,2,18000,1.00285918513
541798,541806,544608,8,2802,2,18000,1.0028551035
541816,541822,544563,6,2741,2,18000,1.00218898212
541817,541828,544562,11,2734,2,18000,1.00402340892
541853,541862,544514,9,2652,2,18000,1.00339366516
541941,541951,544891,10,2940,2,18000,1.00340136054
541958,541964,544699,6,2735,2,18000,1.00219378428
542106,542114,544900,8,2786,2,18000,1.00287150036
542502,542508,545292,6,2784,2,18000,1.00215517241
542587,542595,545423,8,2828,2,18000,1.00282885431
542647,542657,545428,10,2771,2,18000,1.00360880549
542739,542747,545638,8,2891,2,18000,1.00276720858
542920,542931,545810,11,2879,2,18000,1.0038207711
542944,542952,545717,8,2765,2,18000,1.00289330922
543008,543017,545741,9,2724,2,18000,1.00330396476
543024,543030,545729,6,2699,2,18000,1.00222304557
543059,543067,545934,8,2867,2,18000,1.00279037321
543140,543149,545695,9,2546,2,18000,1.00353495679
543332,543338,543376,6,38,1,1800,1.15789473684
543339,543349,546153,10,2804,2,18000,1.00356633381
543418,543425,546184,7,2759,2,18000,1.00253715114
543496,543505,546331,9,2826,2,18000,1.00318471338
543572,543582,546168,10,2586,2,18000,1.00386697602
543617,543626,546462,9,2836,2,18000,1.00317348378
543655,543662,546477,7,2815,2,18000,1.00248667851
543670,543678,546550,8,2872,2,18000,1.00278551532
543699,543705,543773,6,68,1,1800,1.08823529412
543701,543711,546470,10,2759,2,18000,1.00362450163
543757,543766,546619,9,2853,2,18000,1.00315457413
543798,543806,546633,8,2827,2,18000,1.00282985497
543819,543830,546578,11,2748,2,18000,1.00400291121
543876,543885,546611,9,2726,2,18000,1.00330154072
543892,543898,546724,6,2826,2,18000,1.00212314225
543934,543944,546657,10,2713,2,18000,1.00368595651
543958,543968,546813,10,2845,2,18000,1.00351493849
544053,544062,546897,9,2835,2,18000,1.00317460317
544091,544099,546866,8,2767,2,18000,1.00289121793
544110,544119,546985,9,2866,2,18000,1.00314026518
544165,544173,546967,8,2794,2,18000,1.00286327845
544166,544179,547043,13,2864,2,18000,1.00453910615
544366,544376,547065,10,2689,2,18000,1.00371885459
544515,544525,547276,10,2751,2,18000,1.0036350418
544546,544556,547333,10,2777,2,18000,1.00360100828
544565,544573,547155,8,2582,2,18000,1.00309837335
544567,544579,547399,12,2820,2,18000,1.00425531915
544569,544584,547424,15,2840,2,18000,1.00528169014
544609,544619,547474,10,2855,2,18000,1.00350262697
544630,544636,544889,6,253,1,1800,1.02371541502
544701,544710,547369,9,2659,2,18000,1.0033847311
544895,544902,547657,7,2755,2,18000,1.00254083485
544911,544917,547743,6,2826,2,18000,1.00212314225
545293,545303,548087,10,2784,2,18000,1.00359195402
545429,545435,548143,6,2708,2,18000,1.00221565731
545430,545441,548222,11,2781,2,18000,1.00395541172
545639,545651,548510,12,2859,2,18000,1.00419727177
545699,545706,548506,7,2800,2,18000,1.0025
545718,545728,548628,10,2900,2,18000,1.00344827586
545734,545740,548393,6,2653,2,18000,1.00226159065
545750,545756,548544,6,2788,2,18000,1.00215208034
545812,545821,548601,9,2780,2,18000,1.00323741007
545936,545945,548723,9,2778,2,18000,1.00323974082
546154,546164,548901,10,2737,2,18000,1.00365363537
546170,546179,549067,9,2888,2,18000,1.00311634349
546185,546195,548912,10,2717,2,18000,1.00368053
546334,546342,549005,8,2663,2,18000,1.00300413068
546466,546473,549261,7,2788,2,18000,1.0025107604
546481,546487,549264,6,2777,2,18000,1.00216060497
546483,546493,549278,10,2785,2,18000,1.00359066427
546553,546561,549209,8,2648,2,18000,1.00302114804
546581,546590,549318,9,2728,2,18000,1.00329912023
546613,546622,549291,9,2669,2,18000,1.00337204946
546628,546634,549431,6,2797,2,18000,1.00214515552
546643,546649,549507,6,2858,2,18000,1.00209937019
546659,546668,549497,9,2829,2,18000,1.00318133616
546727,546735,549311,8,2576,2,18000,1.00310559006
546816,546825,549515,9,2690,2,18000,1.00334572491
546869,546877,549531,8,2654,2,18000,1.00301431801
546901,546908,549765,7,2857,2,18000,1.00245012251
546969,546978,549615,9,2637,2,18000,1.00341296928
546987,546996,549760,9,2764,2,18000,1.00325615051
547046,547055,549853,9,2798,2,18000,1.00321658327
547068,547076,549594,8,2518,2,18000,1.0031771247
547158,547166,549877,8,2711,2,18000,1.00295094061
547278,547287,550090,9,2803,2,18000,1.00321084552
547334,547345,550260,11,2915,2,18000,1.00377358491
547370,547380,550129,10,2749,2,18000,1.00363768643
547402,547410,550229,8,2819,2,18000,1.00283788578
547427,547436,550195,9,2759,2,18000,1.00326205147
547476,547486,550209,10,2723,2,18000,1.00367242012
547659,547668,550505,9,2837,2,18000,1.00317236517
547746,547755,550555,9,2800,2,18000,1.00321428571
548088,548098,550864,10,2766,2,18000,1.00361532899
548144,548154,550856,10,2702,2,18000,1.00370096225
548225,548234,550907,9,2673,2,18000,1.00336700337
548394,548405,551190,11,2785,2,18000,1.0039497307
548509,548517,551362,8,2845,2,18000,1.00281195079
548525,548531,551259,6,2728,2,18000,1.00219941349
548547,548556,551389,9,2833,2,18000,1.00317684433
548603,548612,551375,9,2763,2,18000,1.00325732899
548630,548640,551459,10,2819,2,18000,1.00354735722
548726,548734,551589,8,2855,2,18000,1.00280210158
548903,548913,551694,10,2781,2,18000,1.00359582884
548919,548925,551714,6,2789,2,18000,1.00215130871
549005,549016,551755,11,2739,2,18000,1.00401606426
549071,549079,551787,8,2708,2,18000,1.00295420975
549210,549220,552155,10,2935,2,18000,1.00340715503
549263,549273,552069,10,2796,2,18000,1.00357653791
549279,549285,551940,6,2655,2,18000,1.00225988701
549280,549291,552053,11,2762,2,18000,1.00398262129
549296,549301,552054,5,2753,2,18000,1.00181620051
549315,549323,552089,8,2766,2,18000,1.0028922632
549331,549337,552020,6,2683,2,18000,1.00223630265
549433,549442,552210,9,2768,2,18000,1.00325144509
549501,549509,552311,8,2802,2,18000,1.0028551035
549517,549523,552372,6,2849,2,18000,1.00210600211
549518,549529,552193,11,2664,2,18000,1.00412912913
549535,549542,552237,7,2695,2,18000,1.0025974026
549597,549605,552289,8,2684,2,18000,1.00298062593
549617,549626,552392,9,2766,2,18000,1.0032537961
549761,549772,552653,11,2881,2,18000,1.00381811871
549777,549784,552585,7,2801,2,18000,1.00249910746
549855,549864,552765,9,2901,2,18000,1.00310237849
549881,549888,552661,7,2773,2,18000,1.00252434187
550092,550102,552766,10,2664,2,18000,1.00375375375
550132,550140,552979,8,2839,2,18000,1.00281789362
550198,550206,552942,8,2736,2,18000,1.00292397661
550213,550220,552954,7,2734,2,18000,1.00256035113
550231,550240,553075,9,2835,2,18000,1.00317460317
550262,550271,553041,9,2770,2,18000,1.00324909747
550506,550516,553318,10,2802,2,18000,1.00356887937
550556,550566,553343,10,2777,2,18000,1.00360100828
550610,550616,550655,6,39,1,1800,1.15384615385
550860,550866,553719,6,2853,2,18000,1.00210304942
550876,550882,553720,6,2838,2,18000,1.0021141649
550910,550918,553726,8,2808,2,18000,1.00284900285
550929,550936,551005,7,69,1,1800,1.10144927536
551191,551201,554066,10,2865,2,18000,1.0034904014
551261,551270,554116,9,2846,2,18000,1.0031623331
551364,551373,554233,9,2860,2,18000,1.00314685315
551379,551387,554025,8,2638,2,18000,1.00303260045
551394,551400,554284,6,2884,2,18000,1.00208044383
551460,551470,554254,10,2784,2,18000,1.00359195402
551518,551525,551754,7,229,1,1800,1.03056768559
551591,551601,554307,10,2706,2,18000,1.0036954915
551695,551706,554355,11,2649,2,18000,1.00415251038
551717,551725,554592,8,2867,2,18000,1.00279037321
551757,551766,554418,9,2652,2,18000,1.00339366516
551789,551798,554527,9,2729,2,18000,1.00329791132
551942,551951,554633,9,2682,2,18000,1.0033557047
552022,552032,554835,10,2803,2,18000,1.00356760614
552057,552065,554998,8,2933,2,18000,1.00272758268
552059,552070,554822,11,2752,2,18000,1.00399709302
552074,552080,554988,6,2908,2,18000,1.00206327373
552093,552100,554918,7,2818,2,18000,1.00248403123
552157,552166,555061,9,2895,2,18000,1.00310880829
552194,552204,554942,10,2738,2,18000,1.00365230095
552212,552221,555082,9,2861,2,18000,1.00314575323
552240,552248,555140,8,2892,2,18000,1.00276625173
552290,552300,555048,10,2748,2,18000,1.00363901019
552312,552322,555193,10,2871,2,18000,1.00348310693
552374,552383,555213,9,2830,2,18000,1.00318021201
552396,552403,555218,7,2815,2,18000,1.00248667851
552585,552596,555288,11,2692,2,18000,1.00408618128
552656,552664,555544,8,2880,2,18000,1.00277777778
552672,552678,555357,6,2679,2,18000,1.00223964166
552768,552776,555564,8,2788,2,18000,1.00286944046
552769,552782,555619,13,2837,2,18000,1.00458230525
552946,552954,555653,8,2699,2,18000,1.00296406076
552961,552967,555718,6,2751,2,18000,1.00218102508
552982,552991,555723,9,2732,2,18000,1.0032942899
553044,553052,555845,8,2793,2,18000,1.00286430362
553051,553058,553081,7,23,1,1800,1.30434782609
553078,553086,555874,8,2788,2,18000,1.00286944046
553322,553330,556190,8,2860,2,18000,1.0027972028
553344,553354,556269,10,2915,2,18000,1.00343053173
553386,553392,553445,6,53,1,1800,1.11320754717
553721,553730,556543,9,2813,2,18000,1.00319943121
553722,553736,556512,14,2776,2,18000,1.00504322767
553738,553744,556541,6,2797,2,18000,1.00214515552
554027,554036,556967,9,2931,2,18000,1.00307062436
554067,554078,556839,11,2761,2,18000,1.00398406375
554117,554127,556901,10,2774,2,18000,1.00360490267
554165,554171,554290,6,119,1,1800,1.05042016807
554235,554245,557014,10,2769,2,18000,1.00361141206
554257,554265,557045,8,2780,2,18000,1.00287769784
554285,554295,557183,10,2888,2,18000,1.00346260388
554309,554318,557144,9,2826,2,18000,1.00318471338
554359,554366,557024,7,2658,2,18000,1.00263355907
554421,554430,557148,9,2718,2,18000,1.00331125828
554531,554538,557245,7,2707,2,18000,1.00258588844
554591,554603,557399,12,2796,2,18000,1.00429184549
554634,554644,557310,10,2666,2,18000,1.00375093773
554827,554846,557798,19,2952,2,18000,1.00643631436
554842,554852,557459,10,2607,2,18000,1.00383582662
554920,554929,557661,9,2732,2,18000,1.0032942899
554945,554953,557819,8,2866,2,18000,1.00279134682
554991,554999,557801,8,2802,2,18000,1.0028551035
555006,555012,557761,6,2749,2,18000,1.00218261186
555049,555059,557930,10,2871,2,18000,1.00348310693
555064,555072,557887,8,2815,2,18000,1.00284191829
555083,555093,557932,10,2839,2,18000,1.00352236703
555141,555151,557978,10,2827,2,18000,1.00353731871
555198,555204,557833,6,2629,2,18000,1.00228223659
555217,555224,557879,7,2655,2,18000,1.00263653484
555232,555238,557946,6,2708,2,18000,1.00221565731
555290,555299,558144,9,2845,2,18000,1.00316344464
555358,555368,558172,10,2804,2,18000,1.00356633381
555545,555555,558324,10,2769,2,18000,1.00361141206
555566,555575,558420,9,2845,2,18000,1.00316344464
555622,555631,558519,9,2888,2,18000,1.00311634349
555656,555664,558432,8,2768,2,18000,1.00289017341
555720,555729,558482,9,2753,2,18000,1.00326916092
555735,555742,558564,7,2822,2,18000,1.00248051028
555847,555856,558583,9,2727,2,18000,1.00330033003
555875,555885,558696,10,2811,2,18000,1.00355745286
556193,556201,559061,8,2860,2,18000,1.0027972028
556271,556280,559114,9,2834,2,18000,1.00317572336
556515,556524,559415,9,2891,2,18000,1.00311310965
556544,556558,559253,14,2695,2,18000,1.00519480519
556545,556552,559306,7,2754,2,18000,1.00254175744
556840,556850,559713,10,2863,2,18000,1.00349283968
556905,556911,559740,6,2829,2,18000,1.00212089077
556970,556978,559611,8,2633,2,18000,1.00303835929
557017,557026,559755,9,2729,2,18000,1.00329791132
557033,557039,559791,6,2752,2,18000,1.00218023256
557048,557056,559912,8,2856,2,18000,1.00280112045
557146,557155,559928,9,2773,2,18000,1.0032455824
557161,557167,560098,6,2931,2,18000,1.00204708291
557186,557194,559975,8,2781,2,18000,1.00287666307
557248,557256,560096,8,2840,2,18000,1.00281690141
557312,557321,560082,9,2761,2,18000,1.00325968852
557401,557410,560260,9,2850,2,18000,1.00315789474
557460,557471,560311,11,2840,2,18000,1.00387323944
557663,557672,560310,9,2638,2,18000,1.00341167551
557722,557728,558059,6,331,5,252000,1.01812688822
557762,557772,560522,10,2750,2,18000,1.00363636364
557800,557809,560609,9,2800,2,18000,1.00321428571
557816,557822,560583,6,2761,2,18000,1.00217312568
557831,557837,560684,6,2847,2,18000,1.00210748156
557847,557853,560630,6,2777,2,18000,1.00216060497
557882,557890,560716,8,2826,2,18000,1.00283085633
557897,557903,560738,6,2835,2,18000,1.00211640212
557932,557941,560585,9,2644,2,18000,1.00340393343
557933,557947,560644,14,2697,2,18000,1.00519095291
557949,557957,560720,8,2763,2,18000,1.00289540355
557980,557989,560670,9,2681,2,18000,1.00335695636
558078,558085,559059,7,974,5,252000,1.00718685832
558148,558156,560999,8,2843,2,18000,1.00281392895
558176,558184,560968,8,2784,2,18000,1.00287356322
558328,558336,561045,8,2709,2,18000,1.00295311923
558420,558431,561094,11,2663,2,18000,1.00413067968
558436,558444,561269,8,2825,2,18000,1.00283185841
558485,558493,561194,8,2701,2,18000,1.00296186598
558522,558530,561346,8,2816,2,18000,1.00284090909
558566,558576,561450,10,2874,2,18000,1.00347947112
558586,558594,561347,8,2753,2,18000,1.00290592081
558700,558708,561485,8,2777,2,18000,1.00288080663
559063,559072,561703,9,2631,2,18000,1.00342075257
559115,559126,561613,11,2487,2,18000,1.0044229996
559251,559264,562114,13,2850,2,18000,1.00456140351
559310,559318,561921,8,2603,2,18000,1.00307337687
559418,559427,562369,9,2942,2,18000,1.00305914344
559615,559622,562320,7,2698,2,18000,1.00259451446
559714,559724,562502,10,2778,2,18000,1.00359971202
559742,559751,562547,9,2796,2,18000,1.00321888412
559757,559766,562543,9,2777,2,18000,1.00324090745
559794,559802,562739,8,2937,2,18000,1.00272386789
559915,559923,562696,8,2773,2,18000,1.00288496213
559930,559939,562605,9,2666,2,18000,1.00337584396
559976,559987,562708,11,2721,2,18000,1.00404263139
560084,560093,562785,9,2692,2,18000,1.00334323923
560100,560109,562891,9,2782,2,18000,1.00323508267
560101,560114,562790,13,2676,2,18000,1.00485799701
560135,560141,560145,6,4,5,18000,1.0
560261,560271,562887,10,2616,2,18000,1.00382262997
560266,560277,560280,11,3,5,18000,1.4
560311,560327,562958,16,2631,2,18000,1.00608133789
560312,560321,563033,9,2712,2,18000,1.00331858407
560335,560342,567565,7,7223,5,18000,1.0009691264
560527,560532,563174,5,2642,2,18000,1.00189250568
560586,560600,563521,14,2921,2,18000,1.00479287915
560587,560594,563270,7,2676,2,18000,1.00261584454
560612,560620,563390,8,2770,2,18000,1.00288808664
560633,560641,563492,8,2851,2,18000,1.00280603297
560649,560654,563560,5,2906,2,18000,1.00172057811
560674,560682,563484,8,2802,2,18000,1.0028551035
560689,560694,563459,5,2765,2,18000,1.00180831826
560717,560727,563324,10,2597,2,18000,1.00385059684
560733,560739,563413,6,2674,2,18000,1.00224382947
560748,560754,563497,6,2743,2,18000,1.00218738607
560970,560979,563745,9,2766,2,18000,1.0032537961
561002,561010,563653,8,2643,2,18000,1.00302686341
561049,561057,563685,8,2628,2,18000,1.00304414003
561096,561106,563919,10,2813,2,18000,1.00355492357
561195,561205,564042,10,2837,2,18000,1.00352485019
561272,561280,563932,8,2652,2,18000,1.00301659125
561350,561357,564101,7,2744,2,18000,1.00255102041
561352,561362,564061,10,2699,2,18000,1.00370507595
561454,561462,564337,8,2875,2,18000,1.0027826087
561489,561496,564375,7,2879,2,18000,1.00243139979
561618,561685,564439,67,2754,2,18000,1.02432824982
561706,561714,564372,8,2658,2,18000,1.00300978179
561923,561932,564583,9,2651,2,18000,1.0033949453
562116,562125,564891,9,2766,2,18000,1.0032537961
562323,562331,565093,8,2762,2,18000,1.00289645185
562370,562380,565144,10,2764,2,18000,1.00361794501
562505,562513,565218,8,2705,2,18000,1.00295748614
562547,562558,565194,11,2636,2,18000,1.00417298938
562548,562563,565359,15,2796,2,18000,1.00536480687
562604,562616,565361,12,2745,2,18000,1.0043715847
562697,562707,565587,10,2880,2,18000,1.00347222222
562712,562718,565553,6,2835,2,18000,1.00211640212
562741,562750,565441,9,2691,2,18000,1.00334448161
562789,562797,565628,8,2831,2,18000,1.00282585659
562804,562810,565616,6,2806,2,18000,1.00213827512
562890,562898,565547,8,2649,2,18000,1.00302000755
562905,562911,565590,6,2679,2,18000,1.00223964166
562961,562969,565567,8,2598,2,18000,1.00307929176
563037,563044,565734,7,2690,2,18000,1.00260223048
563179,563184,565967,5,2783,2,18000,1.00179662235
563228,563234,563750,6,516,5,216000,1.01162790698
563275,563281,566128,6,2847,2,18000,1.00210748156
563327,563335,566071,8,2736,2,18000,1.00292397661
563393,563401,566317,8,2916,2,18000,1.00274348422
563415,563424,566154,9,2730,2,18000,1.0032967033
563461,563470,566407,9,2937,2,18000,1.00306435138
563486,563496,566248,10,2752,2,18000,1.00363372093
563501,563507,566355,6,2848,2,18000,1.00210674157
563502,563513,566161,11,2648,2,18000,1.00415407855
563524,563532,566423,8,2891,2,18000,1.00276720858
563562,563571,566083,9,2512,2,18000,1.00358280255
563655,563664,566496,9,2832,2,18000,1.0031779661
563688,563696,566476,8,2780,2,18000,1.00287769784
563749,563756,566558,7,2802,2,18000,1.00249821556
563922,563930,566725,8,2795,2,18000,1.00286225403
563938,563944,566665,6,2721,2,18000,1.00220507166
564044,564054,566685,10,2631,2,18000,1.00380083618
564063,564072,566832,9,2760,2,18000,1.00326086957
564105,564112,566881,7,2769,2,18000,1.00252798844
564341,564348,567126,7,2778,2,18000,1.00251979842
564373,564383,567128,10,2745,2,18000,1.00364298725
564389,564395,567077,6,2682,2,18000,1.00223713647
564442,564450,567263,8,2813,2,18000,1.00284393886
564585,564594,567255,9,2661,2,18000,1.00338218715
564896,564902,567608,6,2706,2,18000,1.0022172949
565097,565105,567873,8,2768,2,18000,1.00289017341
565148,565155,567839,7,2684,2,18000,1.00260804769
565198,565205,567821,7,2616,2,18000,1.00267584098
565219,565230,568024,11,2794,2,18000,1.00393700787
565362,565370,568137,8,2767,2,18000,1.00289121793
565364,565376,568132,12,2756,2,18000,1.00435413643
565444,565452,568108,8,2656,2,18000,1.00301204819
565551,565558,568372,7,2814,2,18000,1.00248756219
565567,565573,568457,6,2884,2,18000,1.00208044383
565569,565579,568338,10,2759,2,18000,1.00362450163
565588,565598,568396,10,2798,2,18000,1.00357398142
565603,565609,568380,6,2771,2,18000,1.00216528329
565618,565627,568333,9,2706,2,18000,1.00332594235
565634,565640,568416,6,2776,2,18000,1.00216138329
565734,565745,568490,11,2745,2,18000,1.00400728597
565969,565979,568845,10,2866,2,18000,1.00348918353
566074,566083,568781,9,2698,2,18000,1.0033358043
566090,566096,568706,6,2610,2,18000,1.00229885057
566129,566139,568791,10,2652,2,18000,1.00377073906
566157,566165,569033,8,2868,2,18000,1.00278940028
566173,566179,569028,6,2849,2,18000,1.00210600211
566251,566259,568924,8,2665,2,18000,1.00300187617
566318,566328,569113,10,2785,2,18000,1.00359066427
566356,566366,569233,10,2867,2,18000,1.00348796652
566418,566424,569277,6,2853,2,18000,1.00210304942
566434,566440,569208,6,2768,2,18000,1.00216763006
566477,566487,568993,10,2506,2,18000,1.00399042298
566499,566508,569169,9,2661,2,18000,1.00338218715
566561,566569,569397,8,2828,2,18000,1.00282885431
566668,566676,569456,8,2780,2,18000,1.00287769784
566689,566696,569301,7,2605,2,18000,1.00268714012
566728,566736,569408,8,2672,2,18000,1.00299401198
566837,566843,569541,6,2698,2,18000,1.00222386953
566883,566892,569595,9,2703,2,18000,1.00332963374
567079,567088,569719,9,2631,2,18000,1.00342075257
567128,567138,569788,10,2650,2,18000,1.00377358491
567130,567144,570006,14,2862,2,18000,1.00489168414
567259,567266,570056,7,2790,2,18000,1.00250896057
567274,567280,570181,6,2901,2,18000,1.00206825233
567609,567619,570422,10,2803,2,18000,1.00356760614
567822,567832,570638,10,2806,2,18000,1.00356379187
567839,567850,570605,11,2755,2,18000,1.00399274047
567874,567884,570540,10,2656,2,18000,1.00376506024
568026,568035,570848,9,2813,2,18000,1.00319943121
568112,568120,570832,8,2712,2,18000,1.00294985251
568133,568143,571008,10,2865,2,18000,1.0034904014
568149,568155,570763,6,2608,2,18000,1.0023006135
568335,568344,571236,9,2892,2,18000,1.0031120332
568350,568356,571003,6,2647,2,18000,1.00226671704
568375,568383,571256,8,2873,2,18000,1.00278454577
568391,568397,571143,6,2746,2,18000,1.00218499636
568407,568413,571161,6,2748,2,18000,1.00218340611
568422,568428,571208,6,2780,2,18000,1.00215827338
568459,568468,571240,9,2772,2,18000,1.00324675325
568493,568501,571290,8,2789,2,18000,1.00286841162
568711,568716,571599,5,2883,2,18000,1.00173430454
568783,568793,571625,10,2832,2,18000,1.00353107345
568798,568804,571602,6,2798,2,18000,1.00214438885
568848,568856,571516,8,2660,2,18000,1.0030075188
568928,568935,571816,7,2881,2,18000,1.00242971191
568996,569005,571683,9,2678,2,18000,1.00336071695
569030,569039,571975,9,2936,2,18000,1.0030653951
569045,569051,571888,6,2837,2,18000,1.00211491012
569115,569124,571930,9,2806,2,18000,1.00320741269
569170,569180,571947,10,2767,2,18000,1.00361402241
569210,569219,571885,9,2666,2,18000,1.00337584396
569235,569244,572117,9,2873,2,18000,1.00313261399
569278,569288,572146,10,2858,2,18000,1.00349895031
569303,569312,571949,9,2637,2,18000,1.00341296928
569401,569409,572205,8,2796,2,18000,1.00286123033
569416,569422,572310,6,2888,2,18000,1.00207756233
569459,569467,572301,8,2834,2,18000,1.00282286521
569543,569553,572356,10,2803,2,18000,1.00356760614
569598,569606,572506,8,2900,2,18000,1.00275862069
569720,569731,572564,11,2833,2,18000,1.00388280974
569791,569799,572668,8,2869,2,18000,1.00278842802
570008,570017,572828,9,2811,2,18000,1.00320170758
570057,570067,572925,10,2858,2,18000,1.00349895031
570183,570192,572827,9,2635,2,18000,1.00341555977
570426,570434,573166,8,2732,2,18000,1.00292825769
570542,570551,573395,9,2844,2,18000,1.00316455696
570606,570616,573432,10,2816,2,18000,1.00355113636
570641,570649,573513,8,2864,2,18000,1.00279329609
570766,570774,573559,8,2785,2,18000,1.00287253142
570833,570843,573618,10,2775,2,18000,1.0036036036
570852,570859,573586,7,2727,2,18000,1.00256692336
571005,571015,573801,10,2786,2,18000,1.00358937545
571020,571026,573814,6,2788,2,18000,1.00215208034
571146,571154,573931,8,2777,2,18000,1.00288080663
571162,571172,573976,10,2804,2,18000,1.00356633381
571210,571219,573947,9,2728,2,18000,1.00329912023
571239,571247,574063,8,2816,2,18000,1.00284090909
571255,571262,573855,7,2593,2,18000,1.00269957578
571270,571276,574102,6,2826,2,18000,1.00212314225
571292,571301,574090,9,2789,2,18000,1.00322696307
571518,571527,574245,9,2718,2,18000,1.00331125828
571601,571610,574473,9,2863,2,18000,1.00314355571
571617,571623,574555,6,2932,2,18000,1.00204638472
571632,571639,574274,7,2635,2,18000,1.00265654649
571684,571695,574519,11,2824,2,18000,1.00389518414
571819,571827,574628,8,2801,2,18000,1.00285612281
571871,571877,573613,6,1736,14,8940,1.0034562212
571888,571897,574787,9,2890,2,18000,1.00311418685
571903,571909,574658,6,2749,2,18000,1.00218261186
571931,571941,574784,10,2843,2,18000,1.00351741119
571951,571959,574830,8,2871,2,18000,1.00278648555
571953,571965,574552,12,2587,2,18000,1.0046385775
571977,571986,574763,9,2777,2,18000,1.00324090745
572118,572128,575001,10,2873,2,18000,1.00348068221
572149,572158,574919,9,2761,2,18000,1.00325968852
572207,572216,574858,9,2642,2,18000,1.00340651022
572303,572312,575250,9,2938,2,18000,1.00306330837
572318,572324,575201,6,2877,2,18000,1.00208550574
572358,572367,575045,9,2678,2,18000,1.00336071695
572509,572517,575267,8,2750,2,18000,1.00290909091
572566,572575,575295,9,2720,2,18000,1.00330882353
572671,572679,575487,8,2808,2,18000,1.00284900285
572680,572687,572690,7,3,1,180000,1.0
572817,572822,572978,5,156,1,180000,1.03205128205
572830,572840,575640,10,2800,2,18000,1.00357142857
572832,572845,575650,13,2805,2,18000,1.00463458111
572923,572929,572978,6,49,1,180000,1.12244897959
572926,572936,575696,10,2760,2,18000,1.00362318841
573167,573177,575852,10,2675,2,18000,1.00373831776
573398,573406,576023,8,2617,2,18000,1.00305693542
573435,573443,576193,8,2750,2,18000,1.00290909091
573515,573524,576413,9,2889,2,18000,1.0031152648
573562,573570,576350,8,2780,2,18000,1.00287769784
573586,573597,576348,11,2751,2,18000,1.00399854598
573610,573617,573623,7,6,1,900,1.3
573621,573633,576263,12,2630,2,18000,1.00456273764
573622,573627,575950,5,2323,14,8940,1.00215238915
573805,573813,576595,8,2782,2,18000,1.00287562904
573820,573826,576540,6,2714,2,18000,1.00221075903
573857,573866,576592,9,2726,2,18000,1.00330154072
573934,573942,576711,8,2769,2,18000,1.00288912965
573949,573958,576872,9,2914,2,18000,1.00308853809
573977,573987,576881,10,2894,2,18000,1.00345542502
574065,574074,576916,9,2842,2,18000,1.00316678395
574090,574101,577010,11,2909,2,18000,1.00378136817
574106,574114,576834,8,2720,2,18000,1.00294117647
574247,574256,577110,9,2854,2,18000,1.00315346882
574276,574285,577137,9,2852,2,18000,1.00315568022
574475,574484,577201,9,2717,2,18000,1.003312477
574507,574518,579795,11,5277,1,57600,1.00208451772
574521,574530,577377,9,2847,2,18000,1.00316122234
574556,574567,577402,11,2835,2,18000,1.00388007055
574557,574572,577442,15,2870,2,18000,1.00522648084
574631,574640,577547,9,2907,2,18000,1.00309597523
574659,574669,577353,10,2684,2,18000,1.00372578241
574767,574774,577472,7,2698,2,18000,1.00259451446
574786,574796,577569,10,2773,2,18000,1.00360620267
574802,574808,577523,6,2715,2,18000,1.00220994475
574831,574842,577516,11,2674,2,18000,1.00411368736
574859,574869,577692,10,2823,2,18000,1.00354233085
574920,574930,577737,10,2807,2,18000,1.00356252227
575004,575012,577738,8,2726,2,18000,1.00293470286
575047,575057,577956,10,2899,2,18000,1.00344946533
575203,575213,577819,10,2606,2,18000,1.00383729854
575253,575262,578099,9,2837,2,18000,1.00317236517
575268,575278,577931,10,2653,2,18000,1.00376931775
575296,575306,578102,10,2796,2,18000,1.00357653791
575489,575498,578252,9,2754,2,18000,1.00326797386
575642,575652,578459,10,2807,2,18000,1.00356252227
575657,575664,578494,7,2830,2,18000,1.00247349823
575698,575707,578474,9,2767,2,18000,1.00325262017
575854,575864,578687,10,2823,2,18000,1.00354233085
575948,575954,575960,6,6,1,900,1.2
575961,575967,579496,6,3529,14,8940,1.00170019836
576026,576034,578927,8,2893,2,18000,1.00276529554
576069,576075,576171,6,96,5,36000,1.0625
576175,576181,578682,6,2501,5,36000,1.00239904038
576194,576204,578859,10,2655,2,18000,1.00376647834
576265,576274,579056,9,2782,2,18000,1.00323508267
576352,576362,579005,10,2643,2,18000,1.00378357927
576353,576367,579159,14,2792,2,18000,1.00501432665
576415,576424,579207,9,2783,2,18000,1.00323392023
576541,576551,579333,10,2782,2,18000,1.0035945363
576594,576604,579383,10,2779,2,18000,1.0035984167
576609,576615,579323,6,2708,2,18000,1.00221565731
576712,576722,579576,10,2854,2,18000,1.00350385424
576838,576845,579633,7,2788,2,18000,1.0025107604
576875,576884,579525,9,2641,2,18000,1.00340780008
576890,576896,579675,6,2779,2,18000,1.00215905002
576917,576927,579791,10,2864,2,18000,1.00349162011
577012,577021,579814,9,2793,2,18000,1.00322234157
577112,577122,579934,10,2812,2,18000,1.00355618777
577140,577149,579808,9,2659,2,18000,1.0033847311
577204,577213,580007,9,2794,2,18000,1.00322118826
577354,577364,580165,10,2801,2,18000,1.00357015352
577378,577388,580338,10,2950,2,18000,1.00338983051
577403,577414,580249,11,2835,2,18000,1.00388007055
577444,577453,580251,9,2798,2,18000,1.00321658327
577475,577484,580443,9,2959,2,18000,1.0030415681
577519,577527,580360,8,2833,2,18000,1.00282386163
577534,577541,580237,7,2696,2,18000,1.00259643917
577549,577558,580450,9,2892,2,18000,1.0031120332
577571,577580,580490,9,2910,2,18000,1.00309278351
577693,577703,580433,10,2730,2,18000,1.00366300366
577741,577748,580544,7,2796,2,18000,1.00250357654
577742,577754,580388,12,2634,2,18000,1.00455580866
577823,577830,580588,7,2758,2,18000,1.00253807107
577934,577942,580770,8,2828,2,18000,1.00282885431
577959,577968,580710,9,2742,2,18000,1.00328227571
578100,578110,580810,10,2700,2,18000,1.0037037037
578115,578121,580781,6,2660,2,18000,1.0022556391
578253,578263,580967,10,2704,2,18000,1.00369822485
578461,578470,581340,9,2870,2,18000,1.0031358885
578476,578485,581289,9,2804,2,18000,1.00320970043
578495,578505,581429,10,2924,2,18000,1.00341997264
578689,578698,581543,9,2845,2,18000,1.00316344464
578860,578870,581569,10,2699,2,18000,1.00370507595
578928,578938,581709,10,2771,2,18000,1.00360880549
579008,579017,581737,9,2720,2,18000,1.00330882353
579057,579067,581814,10,2747,2,18000,1.00364033491
579162,579171,581907,9,2736,2,18000,1.00328947368
579208,579218,581935,10,2717,2,18000,1.00368053
579324,579334,582080,10,2746,2,18000,1.0036416606
579339,579345,582107,6,2762,2,18000,1.00217233888
579350,579356,590257,6,10901,2,10800,1.00055040822
579385,579395,582195,10,2800,2,18000,1.00357142857
579493,579500,579507,7,7,1,900,1.4
579507,579513,582963,6,3450,14,8940,1.00173913043
579526,579536,582062,10,2526,2,18000,1.00395882819
579579,579587,582256,8,2669,2,18000,1.00299737729
579635,579645,582312,10,2667,2,18000,1.00374953131
579677,579686,582532,9,2846,2,18000,1.0031623331
579788,579802,582606,14,2804,2,18000,1.00499286733
579810,579819,582541,9,2722,2,18000,1.00330639236
579825,579831,582659,6,2828,2,18000,1.00212164074
579934,579946,582695,12,2749,2,18000,1.00436522372
579946,868869,1031540,288923,162671,12,345600,2.77611866897
580008,580019,582789,11,2770,2,18000,1.00397111913
580168,580176,582805,8,2629,2,18000,1.00304298212
580241,580248,582942,7,2694,2,18000,1.00259836674
580258,580263,583085,5,2822,2,18000,1.00177179305
580259,580270,583127,11,2857,2,18000,1.00385019251
580339,580349,583185,10,2836,2,18000,1.00352609309
580361,580372,583195,11,2823,2,18000,1.00389656394
580389,580399,583160,10,2761,2,18000,1.00362187613
580434,580444,583206,10,2762,2,18000,1.00362056481
580450,580457,583204,7,2747,2,18000,1.00254823444
580452,580463,583220,11,2757,2,18000,1.00398984403
580493,580501,583375,8,2874,2,18000,1.0027835769
580547,580555,583313,8,2758,2,18000,1.00290065265
580591,580599,583380,8,2781,2,18000,1.00287666307
580711,580721,583410,10,2689,2,18000,1.00371885459
580772,580781,583675,9,2894,2,18000,1.00310988252
580787,580793,583429,6,2636,2,18000,1.00227617602
580813,580822,583436,9,2614,2,18000,1.00344299923
580970,580978,583834,8,2856,2,18000,1.00280112045
581292,581300,584126,8,2826,2,18000,1.00283085633
581343,581351,584091,8,2740,2,18000,1.00291970803
581431,581440,584236,9,2796,2,18000,1.00321888412
581544,581554,584233,10,2679,2,18000,1.0037327361
581570,581580,584347,10,2767,2,18000,1.00361402241
581619,581625,631315,6,49690,1,64800,1.00012074864
581711,581721,584552,10,2831,2,18000,1.00353232073
581741,581748,584540,7,2792,2,18000,1.00250716332
581818,581826,584682,8,2856,2,18000,1.00280112045
581902,581908,581923,6,15,1,600,1.4
581909,581918,584744,9,2826,2,18000,1.00318471338
581937,581946,584700,9,2754,2,18000,1.00326797386
582064,582073,584924,9,2851,2,18000,1.00315678709
582083,582091,584827,8,2736,2,18000,1.00292397661
582109,582119,584976,10,2857,2,18000,1.00350017501
582196,582206,585059,10,2853,2,18000,1.00350508237
582261,582267,584876,6,2609,2,18000,1.0022997317
582315,582323,585106,8,2783,2,18000,1.00287459576
582518,582524,582528,6,4,1,600,1.0
582535,582543,585314,8,2771,2,18000,1.00288704439
582551,582557,585199,6,2642,2,18000,1.00227100681
582608,582617,585283,9,2666,2,18000,1.00337584396
582628,582634,582638,6,4,1,600,1.0
582664,582670,585546,6,2876,2,18000,1.00208623088
582687,582693,582697,6,4,1,600,1.0
582696,582706,585544,10,2838,2,18000,1.00352360817
582748,582754,582762,6,8,1,600,1.4
582790,582800,585611,10,2811,2,18000,1.00355745286
582806,582816,585521,10,2705,2,18000,1.00369685767
582825,582831,582834,6,3,1,600,1.0
582891,582897,583014,6,117,1,600,1.05128205128
582944,582954,585633,10,2679,2,18000,1.0037327361
582961,582967,582974,6,7,1,900,1.3
582973,582979,586469,6,3490,14,8940,1.00171919771
583082,583088,583198,6,110,1,600,1.05454545455
583088,583096,585833,8,2737,2,18000,1.00292290829
583130,583139,586009,9,2870,2,18000,1.0031358885
583163,583169,583207,6,38,1,180000,1.15789473684
583164,583175,586012,11,2837,2,18000,1.00387733521
583186,583196,585914,10,2718,2,18000,1.00367917586
583205,583211,585915,6,2704,2,18000,1.00221893491
583206,583217,586089,11,2872,2,18000,1.00383008357
583223,583230,586071,7,2841,2,18000,1.00246392115
583225,583236,586080,11,2844,2,18000,1.00386779184
583315,583324,586019,9,2695,2,18000,1.00333951763
583360,583366,583483,6,117,1,180000,1.05128205128
583377,583387,586123,10,2736,2,18000,1.00365497076
583393,583399,586179,6,2780,2,18000,1.00215827338
583412,583421,586097,9,2676,2,18000,1.0033632287
583431,583440,586142,9,2702,2,18000,1.00333086603
583447,583453,586228,6,2775,2,18000,1.00216216216
583523,583530,583642,7,112,1,180000,1.0625
583672,583678,583796,6,118,1,180000,1.05084745763
583678,583686,586329,8,2643,2,18000,1.00302686341
583838,583845,586682,7,2837,2,18000,1.00246739514
583964,583970,584081,6,111,1,180000,1.05405405405
584093,584102,586824,9,2722,2,18000,1.00330639236
584127,584138,586908,11,2770,2,18000,1.00397111913
584184,584190,584193,6,3,1,180000,1.0
584240,584246,587026,6,2780,2,18000,1.00215827338
584241,584252,586886,11,2634,2,18000,1.00417615793
584349,584358,587169,9,2811,2,18000,1.00320170758
584358,584364,584367,6,3,1,180000,1.0
584406,584412,584415,6,3,1,180000,1.0
584534,584540,584543,6,3,1,180000,1.0
584543,584551,587358,8,2807,2,18000,1.00285001781
584559,584565,587347,6,2782,2,18000,1.00215672178
584611,584617,584621,6,4,1,180000,1.0
584684,584693,587580,9,2887,2,18000,1.00311742293
584704,584711,587452,7,2741,2,18000,1.00255381248
584720,584726,584729,6,3,1,180000,1.0
584748,584755,587536,7,2781,2,18000,1.00251708019
584830,584838,587660,8,2822,2,18000,1.00283486889
584879,584887,587708,8,2821,2,18000,1.0028358738
584926,584933,584936,7,3,1,180000,1.0
584930,584939,587672,9,2733,2,18000,1.00329308452
584978,584987,587792,9,2805,2,18000,1.00320855615
585064,585069,587856,5,2787,2,18000,1.00179404377
585110,585117,587789,7,2672,2,18000,1.00261976048
585201,585210,587945,9,2735,2,18000,1.00329067642
585284,585294,588008,10,2714,2,18000,1.00368459838
585317,585326,588302,9,2976,2,18000,1.00302419355
585384,585390,585394,6,4,1,180000,1.0
585505,585511,585515,6,4,1,180000,1.0
585523,585532,588481,9,2949,2,18000,1.00305188199
585548,585555,588320,7,2765,2,18000,1.00253164557
585550,585561,588354,11,2793,2,18000,1.00393841747
585618,585624,588460,6,2836,2,18000,1.00211565585
585635,585645,588363,10,2718,2,18000,1.00367917586
585839,585845,588562,6,2717,2,18000,1.002208318
585922,585929,588630,7,2701,2,18000,1.00259163273
585924,585935,588663,11,2728,2,18000,1.00403225806
586017,586023,588866,6,2843,2,18000,1.00211044671
586018,586029,588839,11,2810,2,18000,1.00391459075
586034,586040,588808,6,2768,2,18000,1.00216763006
586077,586083,588914,6,2831,2,18000,1.00211939244
586095,586101,588877,6,2776,2,18000,1.00216138329
586096,586107,588944,11,2837,2,18000,1.00387733521
586114,586120,588955,6,2835,2,18000,1.00211640212
586130,586136,589051,6,2915,2,18000,1.00205831904
586148,586153,588816,5,2663,2,18000,1.00187758167
586184,586190,589093,6,2903,2,18000,1.00206682742
586230,586239,589049,9,2810,2,18000,1.00320284698
586330,586340,589015,10,2675,2,18000,1.00373831776
586467,586474,586482,7,8,1,900,1.5
586482,586488,589960,6,3472,14,8940,1.0017281106
586685,586694,589601,9,2907,2,18000,1.00309597523
586826,586835,589637,9,2802,2,18000,1.00321199143
586887,586897,589550,10,2653,2,18000,1.00376931775
586912,586920,589630,8,2710,2,18000,1.00295202952
587033,587038,589780,5,2742,2,18000,1.00182348651
587170,587181,589957,11,2776,2,18000,1.00396253602
587350,587358,590093,8,2735,2,18000,1.0029250457
587365,587371,590046,6,2675,2,18000,1.00224299065
587453,587463,590351,10,2888,2,18000,1.00346260388
587538,587548,590404,10,2856,2,18000,1.00350140056
587582,587591,590339,9,2748,2,18000,1.00327510917
587664,587671,590528,7,2857,2,18000,1.00245012251
587680,587686,590447,6,2761,2,18000,1.00217312568
587709,587719,590443,10,2724,2,18000,1.00367107195
587794,587800,590592,6,2792,2,18000,1.00214899713
587795,587806,590629,11,2823,2,18000,1.00389656394
587862,587869,590721,7,2852,2,18000,1.00245441795
587947,587957,590641,10,2684,2,18000,1.00372578241
588017,588023,590941,6,2918,2,18000,1.00205620288
588243,868895,895491,280652,26596,3,604800,11.5524138968
588303,588313,591190,10,2877,2,18000,1.00347584289
588327,588333,591142,6,2809,2,18000,1.00213599146
588359,588365,591074,6,2709,2,18000,1.00221483942
588377,588383,591119,6,2736,2,18000,1.00219298246
588462,588472,591321,10,2849,2,18000,1.00351000351
588484,588492,591184,8,2692,2,18000,1.0029717682
588563,588573,591397,10,2824,2,18000,1.00354107649
588636,588642,591196,6,2554,2,18000,1.00234925607
588667,588674,591466,7,2792,2,18000,1.00250716332
588810,588820,591583,10,2763,2,18000,1.00361925443
588826,588832,591599,6,2767,2,18000,1.00216841344
588841,588850,591638,9,2788,2,18000,1.00322812052
588870,588877,591676,7,2799,2,18000,1.00250089318
588887,588893,591734,6,2841,2,18000,1.00211193242
588916,588925,591635,9,2710,2,18000,1.00332103321
588945,588955,591742,10,2787,2,18000,1.00358808755
588962,588967,591713,5,2746,2,18000,1.0018208303
589015,589026,591777,11,2751,2,18000,1.00399854598
589052,589060,591782,8,2722,2,18000,1.00293901543
589053,589066,591945,13,2879,2,18000,1.00451545676
589095,589104,591866,9,2762,2,18000,1.00325850833
589555,589561,592280,6,2719,2,18000,1.00220669364
589605,589613,592408,8,2795,2,18000,1.00286225403
589632,589642,592471,10,2829,2,18000,1.00353481796
589649,589655,592270,6,2615,2,18000,1.00229445507
589783,589791,592559,8,2768,2,18000,1.00289017341
589958,589970,592741,12,2771,2,18000,1.00433056658
589958,589963,589971,5,8,1,900,1.3
589972,589978,593494,6,3516,14,8940,1.00170648464
590052,590058,592827,6,2769,2,18000,1.00216684724
590097,590104,592967,7,2863,2,18000,1.00244498778
590343,590350,593152,7,2802,2,18000,1.00249821556
590360,590366,593177,6,2811,2,18000,1.00213447172
590407,590415,593100,8,2685,2,18000,1.00297951583
590447,590458,593338,11,2880,2,18000,1.00381944444
590463,590469,593239,6,2770,2,18000,1.00216606498
590529,590540,593358,11,2818,2,18000,1.00390347764
590591,590603,593537,12,2934,2,18000,1.00408997955
590631,590641,593490,10,2849,2,18000,1.00351000351
590649,590656,593450,7,2794,2,18000,1.00250536865
590722,590732,593569,10,2837,2,18000,1.00352485019
590943,590953,593599,10,2646,2,18000,1.00377928949
591075,591085,593805,10,2720,2,18000,1.00367647059
591122,591131,593823,9,2692,2,18000,1.00334323923
591145,591154,593923,9,2769,2,18000,1.00325027086
591189,591195,593968,6,2773,2,18000,1.0021637216
591205,591211,593990,6,2779,2,18000,1.00215905002
591206,591217,593960,11,2743,2,18000,1.0040102078
591325,591332,594141,7,2809,2,18000,1.00249199003
591399,591408,594032,9,2624,2,18000,1.00342987805
591472,591478,594138,6,2660,2,18000,1.0022556391
591585,591594,594440,9,2846,2,18000,1.0031623331
591602,591611,594414,9,2803,2,18000,1.00321084552
591639,591646,594418,7,2772,2,18000,1.00252525253
591640,591652,594427,12,2775,2,18000,1.00432432432
591679,591687,594448,8,2761,2,18000,1.00289750091
591716,591724,594492,8,2768,2,18000,1.00289017341
591735,591745,594522,10,2777,2,18000,1.00360100828
591751,591757,594512,6,2755,2,18000,1.00217785844
591779,591788,594585,9,2797,2,18000,1.00321773329
591794,591800,594547,6,2747,2,18000,1.00218420095
591868,591877,594696,9,2819,2,18000,1.0031926215
591949,591957,594757,8,2800,2,18000,1.00285714286
592274,592281,594946,7,2665,2,18000,1.00262664165
592293,592300,595028,7,2728,2,18000,1.0025659824
592409,592419,595116,10,2697,2,18000,1.00370782351
592473,592483,595310,10,2827,2,18000,1.00353731871
592564,592570,595280,6,2710,2,18000,1.00221402214
592742,592752,595642,10,2890,2,18000,1.00346020761
592830,592838,595547,8,2709,2,18000,1.00295311923
592969,592978,595689,9,2711,2,18000,1.00331980819
593097,593111,596024,14,2913,2,18000,1.00480604188
593155,593163,595862,8,2699,2,18000,1.00296406076
593180,593188,595937,8,2749,2,18000,1.00291014915
593240,593250,595807,10,2557,2,18000,1.00391083301
593343,593349,596076,6,2727,2,18000,1.00220022002
593364,593369,596136,5,2767,2,18000,1.0018070112
593452,593461,596253,9,2792,2,18000,1.0032234957
593492,593504,596284,12,2780,2,18000,1.00431654676
593492,593498,593505,6,7,1,900,1.3
593510,593516,598115,6,4599,14,8940,1.00130463144
593539,593548,596352,9,2804,2,18000,1.00320970043
593570,593580,596260,10,2680,2,18000,1.00373134328
593601,593611,596472,10,2861,2,18000,1.00349528137
593807,593816,596605,9,2789,2,18000,1.00322696307
593827,593834,596491,7,2657,2,18000,1.00263455024
593926,593935,596748,9,2813,2,18000,1.00319943121
593964,593972,596844,8,2872,2,18000,1.00278551532
593980,593986,596799,6,2813,2,18000,1.00213295414
593997,594002,596888,5,2886,2,18000,1.00173250173
594034,594044,596808,10,2764,2,18000,1.00361794501
594141,594152,596972,11,2820,2,18000,1.00390070922
594143,594157,596921,14,2764,2,18000,1.00506512301
594147,594163,594165,16,2,2,300,1.8
594418,594425,597257,7,2832,2,18000,1.00247175141
594434,594440,597133,6,2693,2,18000,1.00222799851
594435,594446,597187,11,2741,2,18000,1.00401313389
594451,594458,597259,7,2801,2,18000,1.00249910746
594453,594464,597364,11,2900,2,18000,1.00379310345
594496,594503,597243,7,2740,2,18000,1.00255474453
594517,594523,597154,6,2631,2,18000,1.00228050171
594532,594538,597484,6,2946,2,18000,1.00203665988
594549,594558,597374,9,2816,2,18000,1.00319602273
594587,594596,597404,9,2808,2,18000,1.00320512821
594698,594707,597563,9,2856,2,18000,1.0031512605
594759,594768,597510,9,2742,2,18000,1.00328227571
594949,594957,597821,8,2864,2,18000,1.00279329609
595032,595039,597877,7,2838,2,18000,1.00246652572
595118,595128,597890,10,2762,2,18000,1.00362056481
595281,595291,598112,10,2821,2,18000,1.00354484225
595312,595321,597979,9,2658,2,18000,1.00338600451
595548,595558,598249,10,2691,2,18000,1.00371609067
595644,595653,598283,9,2630,2,18000,1.00342205323
595691,595700,598465,9,2765,2,18000,1.00325497288
595810,595818,598718,8,2900,2,18000,1.00275862069
595860,595873,598616,13,2743,2,18000,1.00473933649
595940,595948,598775,8,2827,2,18000,1.00282985497
596026,596036,598737,10,2701,2,18000,1.00370233247
596080,596087,598842,7,2755,2,18000,1.00254083485
596137,596147,598942,10,2795,2,18000,1.00357781753
596256,596264,598932,8,2668,2,18000,1.00299850075
596274,596280,599142,6,2862,2,18000,1.00209643606
596290,596296,599165,6,2869,2,18000,1.00209132102
596354,596363,599110,9,2747,2,18000,1.00327630142
596475,596483,599372,8,2889,2,18000,1.00276912426
596494,596502,599349,8,2847,2,18000,1.00280997541
596606,596616,599482,10,2866,2,18000,1.00348918353
596751,596759,599531,8,2772,2,18000,1.00288600289
596800,596810,599693,10,2883,2,18000,1.00346860909
596818,596824,599453,6,2629,2,18000,1.00228223659
596844,596855,599550,11,2695,2,18000,1.00408163265
596891,596900,599634,9,2734,2,18000,1.00329188003
596922,596932,599685,10,2753,2,18000,1.00363240102
596974,596983,599717,9,2734,2,18000,1.00329188003
597133,597144,599961,11,2817,2,18000,1.00390486333
597155,597165,600014,10,2849,2,18000,1.00351000351
597188,597198,600037,10,2839,2,18000,1.00352236703
597245,597254,600128,9,2874,2,18000,1.00313152401
597260,597271,600077,11,2806,2,18000,1.00392017106
597262,597276,600017,14,2741,2,18000,1.00510762495
597366,597375,600162,9,2787,2,18000,1.00322927879
597382,597388,600175,6,2787,2,18000,1.00215285253
597407,597415,600198,8,2783,2,18000,1.00287459576
597487,597495,600255,8,2760,2,18000,1.00289855072
597512,597522,600246,10,2724,2,18000,1.00367107195
597567,597575,600397,8,2822,2,18000,1.00283486889
597721,597727,597731,6,4,2,300,1.0
597740,597746,597762,6,16,2,300,1.375
597771,597777,597808,6,31,2,360,1.1935483871
597817,597823,598051,6,228,2,300,1.02631578947
597821,597832,600519,11,2687,2,18000,1.00409378489
597881,597888,600703,7,2815,2,18000,1.00248667851
597897,597903,600661,6,2758,2,18000,1.00217548949
597980,597991,600738,11,2747,2,18000,1.0040043684
598059,598065,598077,6,12,2,300,1.5
598084,598090,598106,6,16,2,300,1.375
598113,598118,598125,5,7,1,900,1.2
598113,598124,598151,11,27,2,300,1.40740740741
598113,598130,600906,17,2776,2,18000,1.00612391931
598126,598136,601642,10,3506,14,8940,1.00285225328
598158,598164,598476,6,312,2,300,1.01923076923
598252,598260,601048,8,2788,2,18000,1.00286944046
598286,598294,601144,8,2850,2,18000,1.00280701754
598467,598476,601313,9,2837,2,18000,1.00317236517
598490,598496,598653,6,157,2,360,1.03821656051
598618,598627,601427,9,2800,2,18000,1.00321428571
598720,598729,601482,9,2753,2,18000,1.00326916092
598738,598748,601612,10,2864,2,18000,1.00349162011
598779,598786,601504,7,2718,2,18000,1.00257542311
598845,598853,601461,8,2608,2,18000,1.00306748466
598934,598943,601649,9,2706,2,18000,1.00332594235
598949,598955,601629,6,2674,2,18000,1.00224382947
599112,599122,601903,10,2781,2,18000,1.00359582884
599144,599154,601921,10,2767,2,18000,1.00361402241
599169,599176,601998,7,2822,2,18000,1.00248051028
599251,599257,599315,6,58,5,36000,1.10344827586
599350,599360,601970,10,2610,2,18000,1.00383141762
599376,599383,602084,7,2701,2,18000,1.00259163273
599457,599464,602192,7,2728,2,18000,1.0025659824
599485,599494,602160,9,2666,2,18000,1.00337584396
599523,599529,797539,6,198010,10,198000,1.0000303015
599534,599542,602210,8,2668,2,18000,1.00299850075
599553,599561,602358,8,2797,2,18000,1.00286020737
599602,599608,797627,6,198019,4,198000,1.00003030012
599636,599645,602265,9,2620,2,18000,1.0034351145
599689,599696,602376,7,2680,2,18000,1.0026119403
599704,599710,602497,6,2787,2,18000,1.00215285253
599719,599729,602565,10,2836,2,18000,1.00352609309
599964,599972,602623,8,2651,2,18000,1.00301772916
600018,600028,602869,10,2841,2,18000,1.00351988736
600019,600033,602722,14,2689,2,18000,1.00520639643
600042,600048,602826,6,2778,2,18000,1.00215982721
600079,600088,603028,9,2940,2,18000,1.00306122449
600112,600118,600644,6,526,10,198000,1.01140684411
600131,600139,602663,8,2524,2,18000,1.00316957211
600165,600173,602841,8,2668,2,18000,1.00299850075
600181,600187,602861,6,2674,2,18000,1.00224382947
600200,600209,602885,9,2676,2,18000,1.0033632287
600247,600257,602960,10,2703,2,18000,1.00369959304
600263,600269,602959,6,2690,2,18000,1.00223048327
600401,600408,603266,7,2858,2,18000,1.00244926522
600520,600531,603300,11,2769,2,18000,1.00397255327
600662,600672,603510,10,2838,2,18000,1.00352360817
600705,600715,603592,10,2877,2,18000,1.00347584289
600739,600750,603527,11,2777,2,18000,1.00396110911
600909,600917,603611,8,2694,2,18000,1.00296956199
600957,600964,600971,7,7,1,180000,1.4
600976,600981,602118,5,1137,10,198000,1.00439753738
601011,601017,601091,6,74,4,3540,1.08108108108
601012,601023,601091,11,68,4,3540,1.16176470588
601013,601028,601091,15,63,2,3540,1.2380952381
601050,601059,603841,9,2782,2,18000,1.00323508267
601146,601156,603762,10,2606,2,18000,1.00383729854
601181,601187,601192,6,5,1,180000,1.1
601261,601267,601270,6,3,1,180000,1.0
601272,601279,748996,7,147717,10,198000,1.00004738791
601316,601324,604094,8,2770,2,18000,1.00288808664
601340,601346,601350,6,4,1,180000,1.0
601374,601380,601383,6,3,1,180000,1.0
601430,601438,604189,8,2751,2,18000,1.00290803344
601464,601472,604241,8,2769,2,18000,1.00288912965
601486,601494,604370,8,2876,2,18000,1.00278164117
601508,601515,604312,7,2797,2,18000,1.00250268144
601617,601624,604445,7,2821,2,18000,1.00248138958
601632,601640,604389,8,2749,2,18000,1.00291014915
601640,601646,601652,6,6,1,900,1.2
601644,601652,601657,8,5,1,180000,1.3
601651,601660,604452,9,2792,2,18000,1.0032234957
601655,601666,605164,11,3498,14,8940,1.00314465409
601710,601716,601722,6,6,1,180000,1.2
601775,601781,601784,6,3,1,180000,1.0
601905,601914,604744,9,2830,2,18000,1.00318021201
601924,601932,604694,8,2762,2,18000,1.00289645185
601973,601981,604856,8,2875,2,18000,1.0027826087
602001,602009,604588,8,2579,2,18000,1.00310197751
602087,602096,604693,9,2597,2,18000,1.00346553716
602163,602171,604934,8,2763,2,18000,1.00289540355
602195,602203,604972,8,2769,2,18000,1.00288912965
602211,602221,605003,10,2782,2,18000,1.0035945363
602266,602276,605101,10,2825,2,18000,1.00353982301
602274,602282,602286,8,4,1,180000,1.2
602361,602369,605114,8,2745,2,18000,1.0029143898
602377,602387,605260,10,2873,2,18000,1.00348068221
602499,602508,605314,9,2806,2,18000,1.00320741269
602567,602576,605255,9,2679,2,18000,1.00335946249
602626,602634,605414,8,2780,2,18000,1.00287769784
602666,602674,605314,8,2640,2,18000,1.00303030303
602725,602733,605459,8,2726,2,18000,1.00293470286
602829,602837,605685,8,2848,2,18000,1.00280898876
602845,602853,605460,8,2607,2,18000,1.0030686613
602864,602872,605669,8,2797,2,18000,1.00286020737
602879,602885,605632,6,2747,2,18000,1.00218420095
602894,602900,605602,6,2702,2,18000,1.00222057735
602951,602957,602960,6,3,1,180000,1.0
602962,602969,605765,7,2796,2,18000,1.00250357654
602963,602976,605743,13,2767,2,18000,1.00469822913
602987,602993,603247,6,254,10,198000,1.02362204724
603032,603039,605838,7,2799,2,18000,1.00250089318
603268,603277,606018,9,2741,2,18000,1.00328347318
603303,603311,606203,8,2892,2,18000,1.00276625173
603370,603376,606040,6,2664,10,198000,1.00225225225
603514,603522,606368,8,2846,2,18000,1.00281096275
603529,603538,606187,9,2649,2,18000,1.00339750849
603553,603559,603561,6,2,1,180000,1.0
603594,603603,606375,9,2772,2,18000,1.00324675325
603613,603622,606452,9,2830,2,18000,1.00318021201
603722,603728,604028,6,300,1,180000,1.02
603766,603774,606634,8,2860,2,18000,1.0027972028
603843,603853,606716,10,2863,2,18000,1.00349283968
604045,604051,604124,6,73,16,180000,1.08219178082
604095,604105,606871,10,2766,2,18000,1.00361532899
604157,604163,604262,6,99,16,180000,1.06060606061
604190,604200,606875,10,2675,2,18000,1.00373831776
604242,604252,606876,10,2624,2,18000,1.00381097561
604315,604323,607047,8,2724,2,18000,1.00293685756
604374,604381,607112,7,2731,2,18000,1.00256316368
604392,604400,607268,8,2868,2,18000,1.00278940028
604448,604456,607141,8,2685,2,18000,1.00297951583
604463,604470,607225,7,2755,2,18000,1.00254083485
604592,604599,607391,7,2792,2,18000,1.00250716332
604695,604704,607468,9,2764,2,18000,1.00325615051
604696,604710,607378,14,2668,2,18000,1.00524737631
604746,604755,607535,9,2780,2,18000,1.00323741007
604859,604867,607551,8,2684,2,18000,1.00298062593
604936,604945,607755,9,2810,2,18000,1.00320284698
604974,604983,607708,9,2725,2,18000,1.00330275229
605004,605014,607725,10,2711,2,18000,1.00368867577
605102,605112,608063,10,2951,2,18000,1.0033886818
605117,605126,607889,9,2763,2,18000,1.00325732899
605161,605167,605174,6,7,1,900,1.3
605177,605183,609694,6,4511,14,8940,1.00133008202
605256,605267,607923,11,2656,2,18000,1.00414156627
605271,605277,607906,6,2629,2,18000,1.00228223659
605316,605325,608124,9,2799,2,18000,1.00321543408
605317,605330,608009,13,2679,2,18000,1.00485255692
605416,605425,608265,9,2840,2,18000,1.00316901408
605463,605471,608178,8,2707,2,18000,1.00295530107
605465,605476,608196,11,2720,2,18000,1.00404411765
605604,605614,608444,10,2830,2,18000,1.0035335689
605636,605643,608466,7,2823,2,18000,1.0024796316
605673,605680,608387,7,2707,2,18000,1.00258588844
605688,605697,608444,9,2747,2,18000,1.00327630142
605744,605754,608570,10,2816,2,18000,1.00355113636
605768,605776,608681,8,2905,2,18000,1.00275387263
605839,605850,608598,11,2748,2,18000,1.00400291121
605980,605987,616918,7,10931,2,10800,1.00064038057
606021,606030,608855,9,2825,2,18000,1.00318584071
606071,606077,606521,6,444,10,198000,1.01351351351
606188,606199,609004,11,2805,2,18000,1.00392156863
606204,606214,609063,10,2849,2,18000,1.00351000351
606371,606379,609192,8,2813,2,18000,1.00284393886
606386,606392,609189,6,2797,2,18000,1.00214515552
606454,606464,609233,10,2769,2,18000,1.00361141206
606635,606645,609326,10,2681,2,18000,1.00372995151
606717,606727,609497,10,2770,2,18000,1.0036101083
606876,606882,609710,6,2828,2,18000,1.00212164074
606877,606888,609706,11,2818,2,18000,1.00390347764
606879,606893,609651,14,2758,2,18000,1.00507614213
607048,607058,609806,10,2748,2,18000,1.00363901019
607116,607123,610027,7,2904,2,18000,1.00241046832
607143,607152,609872,9,2720,2,18000,1.00330882353
607226,607237,610057,11,2820,2,18000,1.00390070922
607269,607279,609981,10,2702,2,18000,1.00370096225
607380,607389,610249,9,2860,2,18000,1.00314685315
607396,607402,610219,6,2817,2,18000,1.00212992545
607472,607480,610344,8,2864,2,18000,1.00279329609
607537,607546,610335,9,2789,2,18000,1.00322696307
607552,607563,610377,11,2814,2,18000,1.0039090263
607709,607719,610497,10,2778,2,18000,1.00359971202
607727,607736,610521,9,2785,2,18000,1.00323159785
607759,607766,610622,7,2856,2,18000,1.00245098039
607890,607901,610745,11,2844,2,18000,1.00386779184
607909,607917,610690,8,2773,2,18000,1.00288496213
607925,607934,610718,9,2784,2,18000,1.00323275862
608012,608020,610703,8,2683,2,18000,1.00298173686
608064,608074,610831,10,2757,2,18000,1.00362713094
608126,608135,610790,9,2655,2,18000,1.00338983051
608182,608190,610757,8,2567,2,18000,1.00311647838
608197,608207,611004,10,2797,2,18000,1.00357525921
608268,608276,610973,8,2697,2,18000,1.00296625881
608389,608398,611209,9,2811,2,18000,1.00320170758
