SubmitTime,StartTime,EndTime,QueuedTime,RunTime,NodesRequested,walltime,bslowdown
77,85,3359,8,3274,2,36000,1.0024434942
144,153,3412,9,3259,2,36000,1.00276158331
202,212,3537,10,3325,2,36000,1.0030075188
223,232,3443,9,3211,2,36000,1.00280286515
283,292,3479,9,3187,2,36000,1.00282397239
326,336,4023,10,3687,2,36000,1.00271223217
374,383,3763,9,3380,2,36000,1.00266272189
495,504,3965,9,3461,2,36000,1.00260040451
617,625,3934,8,3309,2,36000,1.00241764884
668,677,4087,9,3410,2,36000,1.00263929619
735,745,4117,10,3372,2,36000,1.00296559905
759,769,4056,10,3287,2,36000,1.0030422878
820,830,4157,10,3327,2,36000,1.00300571085
841,849,4299,8,3450,2,36000,1.00231884058
944,952,4353,8,3401,2,36000,1.00235224934
999,1006,4332,7,3326,2,36000,1.00210463019
1084,1091,4306,7,3215,2,36000,1.00217729393
1165,1174,4585,9,3411,2,36000,1.00263852243
1356,1366,4984,10,3618,2,36000,1.00276395799
1526,1537,4963,11,3426,2,36000,1.00321074139
1541,1547,5076,6,3529,2,36000,1.00170019836
2411,2421,5741,10,3320,2,36000,1.00301204819
2447,2456,5937,9,3481,2,36000,1.00258546395
2547,2557,6069,10,3512,2,36000,1.00284738041
2596,2606,5867,10,3261,2,36000,1.003066544
2915,2925,6282,10,3357,2,36000,1.00297885016
2955,2964,6278,9,3314,2,36000,1.00271575136
2979,2990,6468,11,3478,2,36000,1.00316273721
2994,3000,6352,6,3352,2,36000,1.00178997613
3037,3047,6527,10,3480,2,36000,1.00287356322
3052,3058,6557,6,3499,2,36000,1.00171477565
3091,3100,6489,9,3389,2,36000,1.00265565063
3122,3129,6596,7,3467,2,36000,1.00201903663
3155,3164,6467,9,3303,2,36000,1.00272479564
3170,3176,6518,6,3342,2,36000,1.00179533214
3191,3201,6700,10,3499,2,36000,1.00285795942
3258,3266,6678,8,3412,2,36000,1.00234466589
3279,3289,6683,10,3394,2,36000,1.00294637596
3361,3370,6795,9,3425,2,36000,1.00262773723
3413,3423,7056,10,3633,2,36000,1.00275254611
3428,3434,6717,6,3283,2,36000,1.00182759671
3443,3454,6655,11,3201,2,36000,1.00343642612
3480,3490,7027,10,3537,2,36000,1.00282725474
3537,3545,7162,8,3617,2,36000,1.00221177772
3538,3551,6871,13,3320,2,36000,1.00391566265
3766,3774,7148,8,3374,2,36000,1.00237107291
3936,3946,7157,10,3211,2,36000,1.00311429461
3967,3976,7455,9,3479,2,36000,1.00258695027
4024,4034,7531,10,3497,2,36000,1.00285959394
4058,4067,7290,9,3223,2,36000,1.00279242941
4088,4098,7647,10,3549,2,36000,1.00281769513
4119,4128,7738,9,3610,2,36000,1.00249307479
4158,4168,7671,10,3503,2,36000,1.00285469597
4301,4310,7725,9,3415,2,36000,1.00263543192
4316,4322,7880,6,3558,2,36000,1.00168634064
4334,4343,7826,9,3483,2,36000,1.00258397933
4356,4365,8009,9,3644,2,36000,1.00246981339
4586,4596,8002,10,3406,2,36000,1.0029359953
4965,4974,8559,9,3585,2,36000,1.00251046025
4986,4995,8456,9,3461,2,36000,1.00260040451
5077,5087,8374,10,3287,2,36000,1.0030422878
5744,5752,8916,8,3164,2,36000,1.00252844501
5868,5878,9562,10,3684,2,36000,1.00271444083
5937,5948,9365,11,3417,2,36000,1.00321919813
6071,6081,9670,10,3589,2,36000,1.00278629145
6280,6289,9627,9,3338,2,36000,1.00269622528
6295,6301,9739,6,3438,2,36000,1.0017452007
6353,6363,10031,10,3668,2,36000,1.00272628135
6471,6478,9681,7,3203,2,36000,1.00218545114
6472,6484,9860,12,3376,2,36000,1.00355450237
6490,6500,9938,10,3438,2,36000,1.00290866783
6521,6530,9745,9,3215,2,36000,1.00279937792
6536,6542,9756,6,3214,2,36000,1.00186683261
6560,6568,9884,8,3316,2,36000,1.00241254524
6597,6607,9755,10,3148,2,36000,1.00317662008
6658,6666,9986,8,3320,2,36000,1.00240963855
6679,6689,10317,10,3628,2,36000,1.00275633958
6694,6700,10168,6,3468,2,36000,1.00173010381
6709,6715,10033,6,3318,2,36000,1.00180831826
6724,6730,10054,6,3324,2,36000,1.00180505415
6797,6807,10185,10,3378,2,36000,1.00296033156
6873,6882,10382,9,3500,2,36000,1.00257142857
7029,7038,10394,9,3356,2,36000,1.002681764
7059,7067,10580,8,3513,2,36000,1.00227725591
7150,7160,10533,10,3373,2,36000,1.00296471983
7165,7171,10434,6,3263,2,36000,1.00183879865
7167,7177,10259,10,3082,2,36000,1.00324464633
7291,7301,10862,10,3561,2,36000,1.00280819994
7458,7466,10960,8,3494,2,36000,1.00228963938
7534,7542,11124,8,3582,2,36000,1.00223338917
7649,7658,10915,9,3257,2,36000,1.00276327909
7674,7682,10876,8,3194,2,36000,1.00250469631
7725,7736,11114,11,3378,2,36000,1.00325636471
7741,7750,10965,9,3215,2,36000,1.00279937792
7828,7837,11327,9,3490,2,36000,1.00257879656
7883,7892,11274,9,3382,2,36000,1.00266114725
8005,8013,11450,8,3437,2,36000,1.00232761129
8021,8027,11359,6,3332,2,36000,1.00180072029
8376,8385,11841,9,3456,2,36000,1.00260416667
8458,8467,11809,9,3342,2,36000,1.0026929982
8561,8570,11925,9,3355,2,36000,1.00268256334
8919,8927,12545,8,3618,2,36000,1.00221116639
9366,9376,12687,10,3311,2,36000,1.00302023558
9563,9573,12836,10,3263,2,36000,1.00306466442
9631,9638,13222,7,3584,2,36000,1.001953125
9673,9681,13009,8,3328,2,36000,1.00240384615
9688,9694,13223,6,3529,2,36000,1.00170019836
9743,9750,13009,7,3259,2,36000,1.00214789813
9759,9765,13275,6,3510,2,36000,1.00170940171
9761,9771,13082,10,3311,2,36000,1.00302023558
9762,9776,13070,14,3294,2,36000,1.00425015179
9862,9872,13267,10,3395,2,36000,1.0029455081
9886,9895,13192,9,3297,2,36000,1.00272975432
9941,9949,13476,8,3527,2,36000,1.00226821661
9990,9998,13154,8,3156,2,36000,1.00253485425
10032,10042,13436,10,3394,2,36000,1.00294637596
10047,10053,13359,6,3306,2,36000,1.00181488203
10062,10068,13295,6,3227,2,36000,1.00185931205
10168,10179,13393,11,3214,2,36000,1.00342252645
10186,10196,13597,10,3401,2,36000,1.00294031167
10263,10270,13777,7,3507,2,36000,1.00199600798
10321,10328,13774,7,3446,2,36000,1.00203134068
10385,10393,13951,8,3558,2,36000,1.00224845419
10400,10405,13672,5,3267,2,36000,1.00153045608
10436,10445,13773,9,3328,2,36000,1.00270432692
10536,10545,13821,9,3276,2,36000,1.00274725275
10582,10592,14026,10,3434,2,36000,1.00291205591
10865,10873,14107,8,3234,2,36000,1.00247371676
10881,10887,14176,6,3289,2,36000,1.00182426269
10917,10926,14265,9,3339,2,36000,1.00269541779
10963,10971,14324,8,3353,2,36000,1.00238592305
10978,10984,14333,6,3349,2,36000,1.00179157958
11118,11125,14592,7,3467,2,36000,1.00201903663
11132,11138,14651,6,3513,2,36000,1.00170794193
11276,11286,14676,10,3390,2,36000,1.00294985251
11331,11338,14681,7,3343,2,36000,1.00209392761
11361,11371,14806,10,3435,2,36000,1.00291120815
11452,11462,15045,10,3583,2,36000,1.0027909573
11812,11820,15281,8,3461,2,36000,1.00231147067
11842,11853,15408,11,3555,2,36000,1.00309423347
11928,11936,15436,8,3500,2,36000,1.00228571429
12548,12557,16042,9,3485,2,36000,1.00258249641
12688,12698,16162,10,3464,2,36000,1.00288683603
12838,12848,16129,10,3281,2,36000,1.00304785126
13011,13020,16273,9,3253,2,36000,1.00276667691
13012,13025,16306,13,3281,2,36000,1.00396220664
13074,13081,16538,7,3457,2,36000,1.00202487706
13089,13095,16427,6,3332,2,36000,1.00180072029
13157,13166,16397,9,3231,2,36000,1.00278551532
13195,13203,16721,8,3518,2,36000,1.00227401933
13224,13233,16538,9,3305,2,36000,1.00272314675
13225,13239,16472,14,3233,2,36000,1.00433034333
13271,13279,16627,8,3348,2,36000,1.00238948626
13286,13292,16792,6,3500,2,36000,1.00171428571
13302,13308,16570,6,3262,2,36000,1.00183936235
13362,13371,16723,9,3352,2,36000,1.0026849642
13395,13404,16861,9,3457,2,36000,1.00260341336
13438,13447,16893,9,3446,2,36000,1.00261172374
13478,13488,16878,10,3390,2,36000,1.00294985251
13597,13609,17074,12,3465,2,36000,1.00346320346
13674,13683,17181,9,3498,2,36000,1.0025728988
13774,13784,17232,10,3448,2,36000,1.00290023202
13789,13795,17330,6,3535,2,36000,1.00169731259
13790,13801,17342,11,3541,2,36000,1.0031064671
13824,13833,17421,9,3588,2,36000,1.0025083612
13954,13962,17351,8,3389,2,36000,1.00236057834
14027,14037,17297,10,3260,2,36000,1.00306748466
14108,14118,17275,10,3157,2,36000,1.00316756414
14178,14187,17510,9,3323,2,36000,1.00270839603
14267,14276,17784,9,3508,2,36000,1.00256556442
14325,14335,17746,10,3411,2,36000,1.00293169159
14340,14346,17955,6,3609,2,36000,1.00166251039
14593,14603,17900,10,3297,2,36000,1.00303306036
14654,14663,17960,9,3297,2,36000,1.00272975432
14678,14687,18130,9,3443,2,36000,1.00261399942
14693,14699,18245,6,3546,2,36000,1.00169204738
14808,14817,17961,9,3144,2,36000,1.00286259542
15046,15057,18528,11,3471,2,36000,1.00316911553
15283,15292,18678,9,3386,2,36000,1.00265800354
15412,15420,18984,8,3564,2,36000,1.00224466891
15440,15448,18848,8,3400,2,36000,1.00235294118
16045,16053,19371,8,3318,2,36000,1.00241109102
16130,16140,19531,10,3391,2,36000,1.0029489826
16163,16174,19588,11,3414,2,36000,1.00322202695
16275,16284,19603,9,3319,2,36000,1.00271166014
16309,16317,19719,8,3402,2,36000,1.00235155791
16400,16408,19795,8,3387,2,36000,1.00236197225
16431,16438,19777,7,3339,2,36000,1.00209643606
16473,16483,19789,10,3306,2,36000,1.00302480339
16541,16578,19788,37,3210,2,36000,1.01152647975
16542,16583,19893,41,3310,2,36000,1.01238670695
16572,16589,19927,17,3338,2,36000,1.00509286998
16591,16598,16713,7,115,1,1800,1.06086956522
16630,16638,20099,8,3461,2,36000,1.00231147067
16725,16732,20098,7,3366,2,36000,1.00207961973
16726,16738,19942,12,3204,2,36000,1.00374531835
16793,16803,20290,10,3487,2,36000,1.00286779467
16863,16872,20328,9,3456,2,36000,1.00260416667
16881,16889,20157,8,3268,2,36000,1.00244798042
16896,16904,20253,8,3349,2,36000,1.00238877277
17018,17024,17128,6,104,1,1800,1.05769230769
17075,17085,20570,10,3485,2,36000,1.00286944046
17182,17192,20773,10,3581,2,36000,1.00279251606
17234,17243,20597,9,3354,2,36000,1.00268336315
17276,17286,20748,10,3462,2,36000,1.00288850376
17300,17308,20879,8,3571,2,36000,1.00224026883
17331,17341,20744,10,3403,2,36000,1.0029385836
17346,17354,20595,8,3241,2,36000,1.00246837396
17361,17367,20614,6,3247,2,36000,1.00184785956
17424,17432,20694,8,3262,2,36000,1.00245248314
17513,17522,20918,9,3396,2,36000,1.00265017668
17747,17757,21243,10,3486,2,36000,1.00286861733
17764,17770,18340,6,570,1,1800,1.01052631579
17787,17796,21087,9,3291,2,36000,1.00273473108
17902,17912,21154,10,3242,2,36000,1.00308451573
17957,17967,21099,10,3132,2,36000,1.00319284802
17972,17978,21327,6,3349,2,36000,1.00179157958
17973,17984,21445,11,3461,2,36000,1.00317827218
18132,18141,21535,9,3394,2,36000,1.00265173836
18247,18256,21671,9,3415,2,36000,1.00263543192
18530,18540,21801,10,3261,2,36000,1.003066544
18679,18689,22256,10,3567,2,36000,1.00280347631
18849,18859,22227,10,3368,2,36000,1.00296912114
18986,18995,22288,9,3293,2,36000,1.00273307015
19374,19382,22683,8,3301,2,36000,1.00242350803
19532,19542,22884,10,3342,2,36000,1.00299222023
19590,19599,22978,9,3379,2,36000,1.00266350991
19606,19614,23147,8,3533,2,36000,1.00226436456
19721,19730,22980,9,3250,2,36000,1.00276923077
19779,19788,23309,9,3521,2,36000,1.00255609202
19795,19801,23235,6,3434,2,36000,1.00174723355
19796,19807,23058,11,3251,2,36000,1.00338357428
19812,19818,23097,6,3279,2,36000,1.00182982617
19894,19904,23122,10,3218,2,36000,1.0031075202
19920,19926,19966,6,40,1,1800,1.15
19930,19938,23284,8,3346,2,36000,1.00239091452
19945,19954,23322,9,3368,2,36000,1.00267220903
20100,20115,23482,15,3367,2,36000,1.00445500446
20102,20109,23464,7,3355,2,36000,1.00208643815
20127,20134,20183,7,49,1,1800,1.14285714286
20159,20168,23708,9,3540,2,36000,1.00254237288
20248,20254,20328,6,74,1,1800,1.08108108108
20256,20265,23669,9,3404,2,36000,1.0026439483
20293,20301,23784,8,3483,2,36000,1.00229687051
20329,20339,23668,10,3329,2,36000,1.00300390508
20502,20508,20587,6,79,1,1800,1.07594936709
20572,20581,24132,9,3551,2,36000,1.00253449732
20597,20606,23804,9,3198,2,36000,1.00281425891
20598,20612,23857,14,3245,2,36000,1.00431432974
20616,20625,24071,9,3446,2,36000,1.00261172374
20695,20705,24670,10,3965,2,36000,1.0025220681
20748,20755,23978,7,3223,2,36000,1.00217188954
20763,20769,24027,6,3258,2,36000,1.00184162063
20778,20784,24160,6,3376,2,36000,1.00177725118
20839,20845,21088,6,243,1,1800,1.02469135802
20881,20890,24324,9,3434,2,36000,1.00262085032
20921,20929,24288,8,3359,2,36000,1.00238166121
21088,21098,24704,10,3606,2,36000,1.00277315585
21103,21110,24733,7,3623,2,36000,1.00193210047
21156,21165,24430,9,3265,2,36000,1.00275650842
21244,21254,24551,10,3297,2,36000,1.00303306036
21329,21338,24854,9,3516,2,36000,1.00255972696
21447,21456,24770,9,3314,2,36000,1.00271575136
21485,21491,21774,6,283,1,1800,1.02120141343
21539,21546,25052,7,3506,2,36000,1.0019965773
21672,21682,24958,10,3276,2,36000,1.00305250305
21802,21813,24998,11,3185,2,36000,1.00345368917
22228,22238,25780,10,3542,2,36000,1.00282326369
22258,22267,25662,9,3395,2,36000,1.00265095729
22288,22299,25953,11,3654,2,36000,1.00301039956
22433,22439,22468,6,29,1,1800,1.20689655172
22686,22694,25920,8,3226,2,36000,1.00247985121
22772,22778,22839,6,61,1,1800,1.09836065574
22886,22895,26183,9,3288,2,36000,1.00273722628
22981,22990,26397,9,3407,2,36000,1.00264162019
22982,22996,26472,14,3476,2,36000,1.00402761795
23061,23070,26457,9,3387,2,36000,1.00265721878
23098,23108,26496,10,3388,2,36000,1.00295159386
23123,23133,26615,10,3482,2,36000,1.00287191269
23150,23158,26575,8,3417,2,36000,1.002341235
23238,23246,26547,8,3301,2,36000,1.00242350803
23286,23295,26660,9,3365,2,36000,1.00267459138
23311,23320,26715,9,3395,2,36000,1.00265095729
23326,23333,26926,7,3593,2,36000,1.00194823267
23465,23475,26704,10,3229,2,36000,1.00309693404
23483,23493,26952,10,3459,2,36000,1.00289100896
23580,23587,23707,7,120,1,1800,1.05833333333
23670,23679,27016,9,3337,2,36000,1.00269703326
23671,23685,27069,14,3384,2,36000,1.00413711584
23712,23719,26976,7,3257,2,36000,1.00214921707
23787,23795,27255,8,3460,2,36000,1.00231213873
23806,23815,27256,9,3441,2,36000,1.00261551874
23858,23868,27163,10,3295,2,36000,1.00303490137
23979,23989,27363,10,3374,2,36000,1.00296384114
24031,24039,27358,8,3319,2,36000,1.00241036457
24073,24083,27573,10,3490,2,36000,1.00286532951
24134,24143,27801,9,3658,2,36000,1.00246036085
24161,24171,27568,10,3397,2,36000,1.00294377392
24289,24299,27548,10,3249,2,36000,1.00307787011
24325,24335,27656,10,3321,2,36000,1.00301114122
24431,24441,27836,10,3395,2,36000,1.0029455081
24553,24562,27892,9,3330,2,36000,1.0027027027
24671,24682,27995,11,3313,2,36000,1.00332025355
24705,24715,28290,10,3575,2,36000,1.0027972028
24735,24744,28364,9,3620,2,36000,1.00248618785
24771,24781,28450,10,3669,2,36000,1.00272553829
24856,24865,28106,9,3241,2,36000,1.0027769207
24960,24969,28347,9,3378,2,36000,1.0026642984
24999,25009,28337,10,3328,2,36000,1.00300480769
25054,25063,28393,9,3330,2,36000,1.0027027027
25664,25674,29173,10,3499,2,36000,1.00285795942
25782,25791,29307,9,3516,2,36000,1.00255972696
25921,25931,29517,10,3586,2,36000,1.00278862242
25955,25964,29242,9,3278,2,36000,1.00274557657
26186,26195,29846,9,3651,2,36000,1.00246507806
26399,26408,29796,9,3388,2,36000,1.00265643447
26459,26468,29807,9,3339,2,36000,1.00269541779
26474,26483,30005,9,3522,2,36000,1.00255536627
26499,26508,29593,9,3085,2,36000,1.00291734198
26548,26558,29787,10,3229,2,36000,1.00309693404
26578,26586,29887,8,3301,2,36000,1.00242350803
26618,26626,30106,8,3480,2,36000,1.00229885057
26664,26671,30222,7,3551,2,36000,1.0019712757
26706,26715,30012,9,3297,2,36000,1.00272975432
26721,26727,30038,6,3311,2,36000,1.00181214135
26927,26937,30370,10,3433,2,36000,1.00291290417
26955,26963,30415,8,3452,2,36000,1.0023174971
26979,26988,30491,9,3503,2,36000,1.00256922638
27019,27027,30342,8,3315,2,36000,1.002413273
27070,27081,30339,11,3258,2,36000,1.00337630448
27164,27175,30641,11,3466,2,36000,1.00317368725
27255,27266,30731,11,3465,2,36000,1.00317460317
27270,27276,30736,6,3460,2,36000,1.00173410405
27361,27369,30666,8,3297,2,36000,1.00242644829
27377,27383,30619,6,3236,2,36000,1.00185414091
27550,27560,30813,10,3253,2,36000,1.00307408546
27571,27580,30941,9,3361,2,36000,1.00267777447
27586,27592,30965,6,3373,2,36000,1.0017788319
27659,27667,31161,8,3494,2,36000,1.00228963938
27802,27812,31011,10,3199,2,36000,1.00312597687
27838,27848,31240,10,3392,2,36000,1.00294811321
27893,27903,31415,10,3512,2,36000,1.00284738041
27997,28006,31572,9,3566,2,36000,1.00252383623
28109,28118,31548,9,3430,2,36000,1.00262390671
28288,28301,31717,13,3416,2,36000,1.00380562061
28340,28349,32022,9,3673,2,36000,1.0024503131
28355,28361,31943,6,3582,2,36000,1.00167504188
28370,28376,31710,6,3334,2,36000,1.00179964007
28394,28404,31808,10,3404,2,36000,1.00293772033
28452,28461,32318,9,3857,2,36000,1.00233341976
29175,29184,32572,9,3388,2,36000,1.00265643447
29245,29253,32854,8,3601,2,36000,1.00222160511
29308,29318,32696,10,3378,2,36000,1.00296033156
29518,29528,32865,10,3337,2,36000,1.00299670363
29594,29604,33187,10,3583,2,36000,1.0027909573
29789,29798,33117,9,3319,2,36000,1.00271166014
29805,29811,33234,6,3423,2,36000,1.00175284838
29820,29826,33072,6,3246,2,36000,1.00184842884
29847,29857,33341,10,3484,2,36000,1.00287026406
29890,29898,33092,8,3194,2,36000,1.00250469631
30009,30017,33222,8,3205,2,36000,1.00249609984
30024,30030,33470,6,3440,2,36000,1.00174418605
30039,30049,33470,10,3421,2,36000,1.00292312189
30110,30118,33331,8,3213,2,36000,1.00248988484
30225,30233,33280,8,3047,2,36000,1.00262553331
30340,30350,33648,10,3298,2,36000,1.00303214069
30355,30361,33727,6,3366,2,36000,1.00178253119
30373,30381,33856,8,3475,2,36000,1.00230215827
30416,30426,33710,10,3284,2,36000,1.00304506699
30492,30502,33884,10,3382,2,36000,1.00295683028
30623,30630,33922,7,3292,2,36000,1.00212636695
30644,30652,34022,8,3370,2,36000,1.00237388724
30668,30677,33923,9,3246,2,36000,1.00277264325
30732,30742,34221,10,3479,2,36000,1.00287438919
30747,30754,34085,7,3331,2,36000,1.00210147103
30814,30824,34369,10,3545,2,36000,1.00282087447
30943,30952,34296,9,3344,2,36000,1.00269138756
30967,30976,34539,9,3563,2,36000,1.00252596127
31013,31023,34552,10,3529,2,36000,1.00283366393
31163,31172,34602,9,3430,2,36000,1.00262390671
31242,31251,34642,9,3391,2,36000,1.00265408434
31416,31426,34924,10,3498,2,36000,1.00285877644
31550,31559,34907,9,3348,2,36000,1.00268817204
31574,31584,34901,10,3317,2,36000,1.00301477238
31712,31722,35226,10,3504,2,36000,1.00285388128
31727,31733,35206,6,3473,2,36000,1.00172761301
31809,31819,35301,10,3482,2,36000,1.00287191269
31944,31954,35411,10,3457,2,36000,1.00289268152
32023,32033,35466,10,3433,2,36000,1.00291290417
32319,32330,35712,11,3382,2,36000,1.00325251331
32575,32584,35745,9,3161,2,36000,1.00284720025
32698,32708,35993,10,3285,2,36000,1.00304414003
32857,32865,36361,8,3496,2,36000,1.00228832952
32872,32878,36339,6,3461,2,36000,1.001733603
33072,33083,36287,11,3204,2,36000,1.00343320849
33094,33103,36372,9,3269,2,36000,1.00275313552
33118,33128,36514,10,3386,2,36000,1.00295333727
33188,33198,36682,10,3484,2,36000,1.00287026406
33225,33233,36671,8,3438,2,36000,1.00232693426
33240,33245,36697,5,3452,2,36000,1.00144843569
33283,33292,36754,9,3462,2,36000,1.00259965338
33334,33342,36617,8,3275,2,36000,1.00244274809
33349,33355,37026,6,3671,2,36000,1.00163443203
33472,33481,36762,9,3281,2,36000,1.00274306614
33473,33486,36851,13,3365,2,36000,1.00386329866
33650,33659,36921,9,3262,2,36000,1.00275904353
33711,33722,37145,11,3423,2,36000,1.00321355536
33731,33739,36982,8,3243,2,36000,1.00246685168
33860,33868,37063,8,3195,2,36000,1.00250391236
33890,33897,37491,7,3594,2,36000,1.0019476906
33905,33911,45467,6,11556,15,57600,1.0005192108
33925,33933,37474,8,3541,2,36000,1.0022592488
33926,33939,37300,13,3361,2,36000,1.00386789646
34024,34033,37340,9,3307,2,36000,1.00272149985
34087,34096,37814,9,3718,2,36000,1.00242065627
34222,34232,37577,10,3345,2,36000,1.00298953662
34298,34307,37646,9,3339,2,36000,1.00269541779
34371,34380,37585,9,3205,2,36000,1.00280811232
34542,34550,37872,8,3322,2,36000,1.00240818784
34559,34565,37920,6,3355,2,36000,1.00178837556
34605,34613,37975,8,3362,2,36000,1.00237953599
34645,34654,38022,9,3368,2,36000,1.00267220903
34911,34917,38164,6,3247,2,36000,1.00184785956
34912,34923,38204,11,3281,2,36000,1.00335263639
34928,34935,38146,7,3211,2,36000,1.00218000623
35210,35217,38689,7,3472,2,36000,1.00201612903
35228,35237,38605,9,3368,2,36000,1.00267220903
35304,35313,38786,9,3473,2,36000,1.00259141952
35414,35423,38637,9,3214,2,36000,1.00280024891
35468,35477,38792,9,3315,2,36000,1.00271493213
35716,35723,39079,7,3356,2,36000,1.00208581645
35746,35756,39067,10,3311,2,36000,1.00302023558
35985,35991,63136,6,27145,16,43200,1.00022103518
35996,36005,39422,9,3417,2,36000,1.00263388938
36288,36298,39968,10,3670,2,36000,1.00272479564
36340,36350,39759,10,3409,2,36000,1.00293341156
36364,36373,39719,9,3346,2,36000,1.00268977884
36379,36385,39753,6,3368,2,36000,1.00178147268
36517,36525,40020,8,3495,2,36000,1.00228898426
36618,36628,39946,10,3318,2,36000,1.00301386377
36673,36682,40329,9,3647,2,36000,1.00246778174
36689,36695,40307,6,3612,2,36000,1.00166112957
36704,36710,40185,6,3475,2,36000,1.00172661871
36755,36765,40204,10,3439,2,36000,1.00290782204
36770,36776,40102,6,3326,2,36000,1.00180396873
36853,36862,40167,9,3305,2,36000,1.00272314675
36923,36932,40133,9,3201,2,36000,1.00281162137
36984,36993,40578,9,3585,2,36000,1.00251046025
37027,37037,40412,10,3375,2,36000,1.00296296296
37067,37075,40274,8,3199,2,36000,1.00250078149
37149,37156,40713,7,3557,2,36000,1.00196795052
37301,37311,40737,10,3426,2,36000,1.00291885581
37344,37351,40729,7,3378,2,36000,1.00207223209
37478,37485,41129,7,3644,2,36000,1.00192096597
37493,37502,40841,9,3339,2,36000,1.00269541779
37578,37588,41146,10,3558,2,36000,1.00281056773
37593,37599,40995,6,3396,2,36000,1.00176678445
37648,37658,41043,10,3385,2,36000,1.00295420975
37816,37825,41184,9,3359,2,36000,1.00267936886
37874,37884,41296,10,3412,2,36000,1.00293083236
37922,37931,41303,9,3372,2,36000,1.00266903915
37978,37986,41228,8,3242,2,36000,1.00246761258
38023,38033,41290,10,3257,2,36000,1.0030703101
38148,38157,41446,9,3289,2,36000,1.00273639404
38166,38175,41385,9,3210,2,36000,1.00280373832
38206,38215,41597,9,3382,2,36000,1.00266114725
38607,38617,42095,10,3478,2,36000,1.00287521564
38641,38648,42024,7,3376,2,36000,1.00207345972
38692,38700,42183,8,3483,2,36000,1.00229687051
38789,38797,42122,8,3325,2,36000,1.00240601504
38804,38811,42268,7,3457,2,36000,1.00202487706
39071,39079,42253,8,3174,2,36000,1.00252047889
39086,39092,42401,6,3309,2,36000,1.00181323663
39424,39433,42943,9,3510,2,36000,1.00256410256
39721,39731,43170,10,3439,2,36000,1.00290782204
39755,39764,43210,9,3446,2,36000,1.00261172374
39770,39776,43231,6,3455,2,36000,1.0017366136
39949,39957,43102,8,3145,2,36000,1.00254372019
39971,39979,43432,8,3453,2,36000,1.00231682595
40022,40031,43398,9,3367,2,36000,1.00267300267
40105,40113,43536,8,3423,2,36000,1.00233713117
40135,40145,43604,10,3459,2,36000,1.00289100896
40169,40178,43487,9,3309,2,36000,1.00271985494
40187,40196,43612,9,3416,2,36000,1.00263466042
40205,40215,43896,10,3681,2,36000,1.00271665308
40275,40285,43809,10,3524,2,36000,1.00283768445
40309,40318,43967,9,3649,2,36000,1.00246642916
40330,40340,43652,10,3312,2,36000,1.00301932367
40415,40424,43900,9,3476,2,36000,1.00258918297
40577,40589,44558,12,3969,2,36000,1.00302343159
40714,40724,44202,10,3478,2,36000,1.00287521564
40733,40741,44238,8,3497,2,36000,1.00228767515
40748,40754,44199,6,3445,2,36000,1.00174165457
40842,40852,44036,10,3184,2,36000,1.00314070352
40996,41006,44271,10,3265,2,36000,1.00306278714
41045,41054,44475,9,3421,2,36000,1.0026308097
41133,41141,44621,8,3480,2,36000,1.00229885057
41148,41157,44646,9,3489,2,36000,1.00257953568
41185,41195,44683,10,3488,2,36000,1.00286697248
41231,41239,44533,8,3294,2,36000,1.00242865817
41292,41301,44936,9,3635,2,36000,1.00247592847
41308,41314,44978,6,3664,2,36000,1.00163755459
41309,41320,44913,11,3593,2,36000,1.00306150849
41389,41396,44466,7,3070,2,36000,1.00228013029
41448,41457,44668,9,3211,2,36000,1.00280286515
41605,41611,45096,6,3485,2,36000,1.00172166428
42031,42037,45254,6,3217,2,36000,1.0018650917
42098,42106,45758,8,3652,2,36000,1.0021905805
42123,42133,45625,10,3492,2,36000,1.00286368843
42158,42165,42169,7,4,1,7200,1.1
42183,42194,45435,11,3241,2,36000,1.00339401419
42254,42264,45646,10,3382,2,36000,1.00295683028
42272,42280,45685,8,3405,2,36000,1.00234948605
42403,42413,45783,10,3370,2,36000,1.00296735905
42535,42541,42542,6,1,1,7200,1.0
42565,42571,48022,6,5451,1,7200,1.00110071547
42945,42954,46154,9,3200,2,36000,1.0028125
43106,43113,46596,7,3483,2,36000,1.0020097617
43173,43182,46581,9,3399,2,36000,1.0026478376
43213,43221,46580,8,3359,2,36000,1.00238166121
43234,43242,46459,8,3217,2,36000,1.00248678893
43399,43409,46956,10,3547,2,36000,1.0028192839
43436,43444,46740,8,3296,2,36000,1.00242718447
43488,43498,46893,10,3395,2,36000,1.0029455081
43540,43547,46751,7,3204,2,36000,1.00218476904
43606,43615,47295,9,3680,2,36000,1.00244565217
43621,43628,47226,7,3598,2,36000,1.00194552529
43655,43663,47031,8,3368,2,36000,1.00237529691
43810,43820,47198,10,3378,2,36000,1.00296033156
43898,43907,47198,9,3291,2,36000,1.00273473108
43913,43919,47364,6,3445,2,36000,1.00174165457
43968,43979,47456,11,3477,2,36000,1.00316364682
44038,44047,47483,9,3436,2,36000,1.0026193248
44203,44213,47432,10,3219,2,36000,1.00310655483
44204,44218,47483,14,3265,2,36000,1.00428790199
44241,44250,47773,9,3523,2,36000,1.00255464093
44274,44282,47916,8,3634,2,36000,1.00220143093
44469,44477,47911,8,3434,2,36000,1.00232964473
44484,44490,48092,6,3602,2,36000,1.00166574125
44536,44544,47922,8,3378,2,36000,1.00236826525
44560,44570,47944,10,3374,2,36000,1.00296384114
44624,44632,48095,8,3463,2,36000,1.00231013572
44649,44657,48018,8,3361,2,36000,1.00238024398
44670,44680,48103,10,3423,2,36000,1.00292141396
44685,44694,48238,9,3544,2,36000,1.00253950339
44718,44724,257935,6,213211,8,216000,1.00002814114
44914,44924,48313,10,3389,2,36000,1.00295072293
44938,44947,48597,9,3650,2,36000,1.00246575342
44981,44990,48424,9,3434,2,36000,1.00262085032
45097,45107,48564,10,3457,2,36000,1.00289268152
45255,45265,48652,10,3387,2,36000,1.00295246531
45437,45446,48854,9,3408,2,36000,1.00264084507
45628,45636,49089,8,3453,2,36000,1.00231682595
45649,45657,49039,8,3382,2,36000,1.00236546422
45686,45696,49393,10,3697,2,36000,1.00270489586
45762,45770,49179,8,3409,2,36000,1.00234672925
45782,45788,74020,6,28232,15,57600,1.00021252479
45786,45794,49199,8,3405,2,36000,1.00234948605
46157,46165,49422,8,3257,2,36000,1.00245624808
46463,46470,49757,7,3287,2,36000,1.00212960146
46582,46591,49737,9,3146,2,36000,1.00286077559
46584,46597,50051,13,3454,2,36000,1.00376375217
46599,46607,50035,8,3428,2,36000,1.00233372229
46743,46751,50162,8,3411,2,36000,1.00234535327
46758,46764,50020,6,3256,2,36000,1.00184275184
46893,46904,50167,11,3263,2,36000,1.00337113086
46960,46967,50375,7,3408,2,36000,1.00205399061
47033,47042,50603,9,3561,2,36000,1.00252737995
47201,47235,50405,34,3170,2,36000,1.01072555205
47202,47240,50528,38,3288,2,36000,1.01155717762
47229,47246,50656,17,3410,2,36000,1.00498533724
47296,47306,50703,10,3397,2,36000,1.00294377392
47366,47375,50690,9,3315,2,36000,1.00271493213
47436,47444,50764,8,3320,2,36000,1.00240963855
47457,47468,50817,11,3349,2,36000,1.00328456256
47485,47554,50891,69,3337,2,36000,1.02067725502
47486,47559,50870,73,3311,2,36000,1.02204771972
47776,47784,51087,8,3303,2,36000,1.00242204057
47914,47922,51167,8,3245,2,36000,1.00246533128
47930,47936,51487,6,3551,2,36000,1.00168966488
47931,47942,51236,11,3294,2,36000,1.00333940498
47946,47955,51668,9,3713,2,36000,1.00242391597
48019,48029,51444,10,3415,2,36000,1.00292825769
48095,48103,51442,8,3339,2,36000,1.00239592692
48111,48117,51547,6,3430,2,36000,1.00174927114
48112,48123,51605,11,3482,2,36000,1.00315910396
48239,48249,51676,10,3427,2,36000,1.00291800409
48316,48325,51839,9,3514,2,36000,1.00256118384
48428,48435,51989,7,3554,2,36000,1.00196961171
48566,48575,51857,9,3282,2,36000,1.00274223035
48601,48609,52134,8,3525,2,36000,1.00226950355
48654,48664,52009,10,3345,2,36000,1.00298953662
48857,48865,52187,8,3322,2,36000,1.00240818784
49042,49050,52317,8,3267,2,36000,1.00244872972
49091,49100,52652,9,3552,2,36000,1.00253378378
49179,49190,52370,11,3180,2,36000,1.0034591195
49201,49210,52453,9,3243,2,36000,1.00277520814
49396,49405,52800,9,3395,2,36000,1.00265095729
49423,49433,52968,10,3535,2,36000,1.00282885431
49739,49748,53324,9,3576,2,36000,1.00251677852
49760,49768,53039,8,3271,2,36000,1.00244573525
50022,50032,53381,10,3349,2,36000,1.00298596596
50037,50046,53824,9,3778,2,36000,1.00238221281
50052,50062,53369,10,3307,2,36000,1.00302388872
50165,50173,53531,8,3358,2,36000,1.00238237046
50180,50186,53430,6,3244,2,36000,1.00184956843
50377,50386,53527,9,3141,2,36000,1.00286532951
50407,50416,53707,9,3291,2,36000,1.00273473108
50529,50539,54005,10,3466,2,36000,1.00288517023
50605,50614,54004,9,3390,2,36000,1.00265486726
50659,50667,53959,8,3292,2,36000,1.00243013366
50693,50702,53949,9,3247,2,36000,1.00277178934
50708,50714,54274,6,3560,2,36000,1.00168539326
50766,50775,54026,9,3251,2,36000,1.00276837896
50818,50828,54110,10,3282,2,36000,1.00304692261
50873,50881,54135,8,3254,2,36000,1.0024585126
50894,50902,54430,8,3528,2,36000,1.0022675737
51089,51098,54518,9,3420,2,36000,1.00263157895
51168,51178,54484,10,3306,2,36000,1.00302480339
51239,51247,54509,8,3262,2,36000,1.00245248314
51444,51454,54569,10,3115,2,36000,1.00321027287
51459,51466,54899,7,3433,2,36000,1.00203903292
51490,51498,54869,8,3371,2,36000,1.00237318303
51548,51558,55141,10,3583,2,36000,1.0027909573
51606,51616,55101,10,3485,2,36000,1.00286944046
51670,51679,54963,9,3284,2,36000,1.00274056029
51685,51691,55122,6,3431,2,36000,1.00174876129
51841,51850,55147,9,3297,2,36000,1.00272975432
51860,51869,55201,9,3332,2,36000,1.00270108043
51990,52000,55452,10,3452,2,36000,1.00289687138
52012,52020,55441,8,3421,2,36000,1.00233849752
52136,52145,55335,9,3190,2,36000,1.00282131661
52191,52199,55615,8,3416,2,36000,1.00234192037
52319,52328,55943,9,3615,2,36000,1.00248962656
52371,52381,55863,10,3482,2,36000,1.00287191269
52454,52464,55754,10,3290,2,36000,1.00303951368
52656,52663,55926,7,3263,2,36000,1.00214526509
52802,52811,56220,9,3409,2,36000,1.0026400704
52970,52979,56205,9,3226,2,36000,1.00278983261
53040,53051,56156,11,3105,2,36000,1.00354267311
53326,53336,56554,10,3218,2,36000,1.0031075202
53372,53381,56981,9,3600,2,36000,1.0025
53387,53393,56970,6,3577,2,36000,1.00167738328
53433,53441,56884,8,3443,2,36000,1.00232355504
53531,53538,56782,7,3244,2,36000,1.00215782984
53532,53544,56892,12,3348,2,36000,1.00358422939
53709,53718,57093,9,3375,2,36000,1.00266666667
53825,53835,57360,10,3525,2,36000,1.00283687943
53950,53961,57221,11,3260,2,36000,1.00337423313
53965,53971,57449,6,3478,2,36000,1.00172512938
54008,54015,57420,7,3405,2,36000,1.00205580029
54010,54021,57458,11,3437,2,36000,1.00320046552
54028,54037,57469,9,3432,2,36000,1.00262237762
54113,54121,57553,8,3432,2,36000,1.00233100233
54137,54146,57558,9,3412,2,36000,1.00263774912
54277,54285,57814,8,3529,2,36000,1.00226693114
54432,54441,57896,9,3455,2,36000,1.00260492041
54487,54495,57681,8,3186,2,36000,1.00251098556
54512,54520,57779,8,3259,2,36000,1.00245474072
54527,54534,58027,7,3493,2,36000,1.00200400802
54570,54580,57885,10,3305,2,36000,1.00302571861
54873,54881,58243,8,3362,2,36000,1.00237953599
54902,54910,58325,8,3415,2,36000,1.00234260615
54964,54974,58317,10,3343,2,36000,1.00299132516
55104,55112,58454,8,3342,2,36000,1.00239377618
55126,55133,58786,7,3653,2,36000,1.00191623323
55144,55152,58502,8,3350,2,36000,1.0023880597
55160,55166,58465,6,3299,2,36000,1.00181873295
55206,55212,58634,6,3422,2,36000,1.00175336061
55338,55346,58809,8,3463,2,36000,1.00231013572
55442,55452,58846,10,3394,2,36000,1.00294637596
55457,55462,59070,5,3608,2,36000,1.00138580931
55619,55627,58897,8,3270,2,36000,1.00244648318
55758,55766,59324,8,3558,2,36000,1.00224845419
55865,55875,59137,10,3262,2,36000,1.00306560392
55928,55937,59400,9,3463,2,36000,1.00259890269
55946,55954,59280,8,3326,2,36000,1.00240529164
55977,55983,133556,6,77573,16,115200,1.0000773465
56158,56167,59759,9,3592,2,36000,1.00250556793
56206,56216,59569,10,3353,2,36000,1.00298240382
56221,56231,59732,10,3501,2,36000,1.00285632676
56556,56565,60007,9,3442,2,36000,1.00261475886
56785,56793,60041,8,3248,2,36000,1.00246305419
56886,56895,60400,9,3505,2,36000,1.00256776034
56901,56907,60438,6,3531,2,36000,1.00169923534
56971,56981,60537,10,3556,2,36000,1.00281214848
56986,56992,60199,6,3207,2,36000,1.00187090739
57096,57105,60253,9,3148,2,36000,1.00285895807
57224,57232,60634,8,3402,2,36000,1.00235155791
57364,57371,60437,7,3066,2,36000,1.00228310502
57421,57431,60929,10,3498,2,36000,1.00285877644
57452,57460,60777,8,3317,2,36000,1.00241181791
57467,57474,61079,7,3605,2,36000,1.00194174757
57483,57489,60861,6,3372,2,36000,1.00177935943
57556,57565,60913,9,3348,2,36000,1.00268817204
57571,57577,60799,6,3222,2,36000,1.00186219739
57684,57693,60938,9,3245,2,36000,1.00277349769
57782,57791,60907,9,3116,2,36000,1.00288831836
57815,57825,61218,10,3393,2,36000,1.00294724433
57888,57896,61312,8,3416,2,36000,1.00234192037
57903,57909,61185,6,3276,2,36000,1.00183150183
58028,58039,61562,11,3523,2,36000,1.00312233892
58247,58255,61701,8,3446,2,36000,1.00232153221
58320,58329,61814,9,3485,2,36000,1.00258249641
58335,58341,61882,6,3541,2,36000,1.0016944366
58457,58465,61820,8,3355,2,36000,1.00238450075
58472,58478,61855,6,3377,2,36000,1.0017767249
58505,58513,61981,8,3468,2,36000,1.00230680507
58636,58646,62051,10,3405,2,36000,1.00293685756
58788,58797,62265,9,3468,2,36000,1.00259515571
58813,58820,62111,7,3291,2,36000,1.00212701307
58849,58858,62246,9,3388,2,36000,1.00265643447
58898,58908,62410,10,3502,2,36000,1.00285551114
59072,59081,62410,9,3329,2,36000,1.00270351457
59139,59148,62399,9,3251,2,36000,1.00276837896
59282,59291,62526,9,3235,2,36000,1.0027820711
59327,59335,62989,8,3654,2,36000,1.0021893815
59403,59411,62748,8,3337,2,36000,1.0023973629
59571,59580,63036,9,3456,2,36000,1.00260416667
59733,59743,63230,10,3487,2,36000,1.00286779467
59760,59770,63337,10,3567,2,36000,1.00280347631
60010,60019,63494,9,3475,2,36000,1.00258992806
60043,60052,63341,9,3289,2,36000,1.00273639404
60202,60210,63800,8,3590,2,36000,1.00222841226
60257,60265,63787,8,3522,2,36000,1.00227143668
60401,60411,63780,10,3369,2,36000,1.00296823983
60441,60448,63933,7,3485,2,36000,1.00200860832
60443,60454,63753,11,3299,2,36000,1.00333434374
60537,60548,64128,11,3580,2,36000,1.0030726257
60636,60645,63980,9,3335,2,36000,1.00269865067
60779,60788,64231,9,3443,2,36000,1.00261399942
60800,60810,64212,10,3402,2,36000,1.00293944738
60864,60872,64278,8,3406,2,36000,1.00234879624
60912,60918,64509,6,3591,2,36000,1.00167084378
60927,60933,64285,6,3352,2,36000,1.00178997613
60942,60949,64309,7,3360,2,36000,1.00208333333
60944,60955,64244,11,3289,2,36000,1.00334448161
61081,61090,64271,9,3181,2,36000,1.00282929896
61188,61196,64678,8,3482,2,36000,1.00229753016
61222,61229,64616,7,3387,2,36000,1.00206672572
61313,61323,64773,10,3450,2,36000,1.00289855072
61565,61574,64805,9,3231,2,36000,1.00278551532
61702,61712,64880,10,3168,2,36000,1.00315656566
61815,61825,65141,10,3316,2,36000,1.00301568154
61830,61836,64973,6,3137,2,36000,1.0019126554
61858,61866,65180,8,3314,2,36000,1.00241400121
61885,61893,65094,8,3201,2,36000,1.00249921899
61983,61992,65449,9,3457,2,36000,1.00260341336
62053,62062,65667,9,3605,2,36000,1.00249653259
62113,62122,65499,9,3377,2,36000,1.00266508736
62247,62257,65641,10,3384,2,36000,1.00295508274
62266,62276,65605,10,3329,2,36000,1.00300390508
62403,62410,65962,7,3552,2,36000,1.00197072072
62418,62424,65876,6,3452,2,36000,1.00173812283
62419,62430,65936,11,3506,2,36000,1.00313747861
62528,62537,66010,9,3473,2,36000,1.00259141952
62751,62759,66391,8,3632,2,36000,1.00220264317
62991,63001,66298,10,3297,2,36000,1.00303306036
63039,63047,66454,8,3407,2,36000,1.00234810684
63232,63242,66485,10,3243,2,36000,1.0030835646
63338,63349,66799,11,3450,2,36000,1.0031884058
63353,63359,66587,6,3228,2,36000,1.00185873606
63496,63506,66810,10,3304,2,36000,1.00302663438
63756,63765,67015,9,3250,2,36000,1.00276923077
63783,63791,67348,8,3557,2,36000,1.00224908631
63798,63804,67395,6,3591,2,36000,1.00167084378
63813,63819,67197,6,3378,2,36000,1.00177619893
63935,63945,67521,10,3576,2,36000,1.00279642058
63980,63991,67262,11,3271,2,36000,1.00336288597
64129,64139,67500,10,3361,2,36000,1.00297530497
64214,64224,67449,10,3225,2,36000,1.00310077519
64233,64242,67799,9,3557,2,36000,1.0025302221
64248,64255,67794,7,3539,2,36000,1.00197795988
64272,64282,67669,10,3387,2,36000,1.00295246531
64288,64294,67575,6,3281,2,36000,1.00182871076
64289,64300,67833,11,3533,2,36000,1.00311350127
64310,64320,67748,10,3428,2,36000,1.00291715286
64508,64521,68076,13,3555,2,36000,1.00365682138
64618,64627,67809,9,3182,2,36000,1.00282840981
64679,64689,68002,10,3313,2,36000,1.00301841232
64776,64784,68045,8,3261,2,36000,1.0024532352
64807,64816,68338,9,3522,2,36000,1.00255536627
64883,64891,68524,8,3633,2,36000,1.00220203688
64974,64984,68439,10,3455,2,36000,1.00289435601
65096,65106,68457,10,3351,2,36000,1.00298418383
65144,65152,68648,8,3496,2,36000,1.00228832952
65181,65191,68354,10,3163,2,36000,1.00316155549
65451,65461,68647,10,3186,2,36000,1.00313873195
65503,65511,68677,8,3166,2,36000,1.00252684776
65607,65617,68990,10,3373,2,36000,1.00296471983
65643,65653,69122,10,3469,2,36000,1.00288267512
65670,65678,69032,8,3354,2,36000,1.00238521169
65880,65887,69253,7,3366,2,36000,1.00207961973
65938,65947,69318,9,3371,2,36000,1.00266983091
65965,65973,69375,8,3402,2,36000,1.00235155791
66014,66022,69324,8,3302,2,36000,1.00242277408
66299,66309,69760,10,3451,2,36000,1.00289771081
66393,66402,69993,9,3591,2,36000,1.00250626566
66457,66466,69800,9,3334,2,36000,1.00269946011
66488,66497,69905,9,3408,2,36000,1.00264084507
66588,66598,69732,10,3134,2,36000,1.00319081047
66801,66810,70266,9,3456,2,36000,1.00260416667
66816,66821,70181,5,3360,2,36000,1.00148809524
67018,67026,70560,8,3534,2,36000,1.00226372383
67199,67208,70498,9,3290,2,36000,1.00273556231
67264,67273,70656,9,3383,2,36000,1.00266036063
67350,67359,70832,9,3473,2,36000,1.00259141952
67399,67406,70908,7,3502,2,36000,1.0019988578
67450,67461,71072,11,3611,2,36000,1.00304624758
67502,67512,70724,10,3212,2,36000,1.00311332503
67523,67532,71172,9,3640,2,36000,1.00247252747
67578,67587,70996,9,3409,2,36000,1.0026400704
67672,67680,71094,8,3414,2,36000,1.00234329233
67752,67760,71172,8,3412,2,36000,1.00234466589
67797,67806,71506,9,3700,2,36000,1.00243243243
67813,67819,71098,6,3279,2,36000,1.00182982617
67814,67825,71305,11,3480,2,36000,1.00316091954
67836,67845,71257,9,3412,2,36000,1.00263774912
68003,68013,71536,10,3523,2,36000,1.00283848992
68049,68056,71431,7,3375,2,36000,1.00207407407
68079,68088,71435,9,3347,2,36000,1.0026889752
68341,68350,71746,9,3396,2,36000,1.00265017668
68356,68365,72038,9,3673,2,36000,1.0024503131
68442,68450,71742,8,3292,2,36000,1.00243013366
68460,68468,71866,8,3398,2,36000,1.00235432607
68527,68535,71808,8,3273,2,36000,1.00244424076
68648,68664,72109,16,3445,2,36000,1.00464441219
68650,68658,72145,8,3487,2,36000,1.00229423573
68681,68689,72001,8,3312,2,36000,1.00241545894
68991,69001,72269,10,3268,2,36000,1.00305997552
69033,69043,72347,10,3304,2,36000,1.00302663438
69124,69133,72300,9,3167,2,36000,1.00284180613
69255,69264,72557,9,3293,2,36000,1.00273307015
69319,69329,72605,10,3276,2,36000,1.00305250305
69334,69340,72678,6,3338,2,36000,1.00179748352
69377,69386,72614,9,3228,2,36000,1.00278810409
69735,69744,73005,9,3261,2,36000,1.0027598896
69763,69772,73031,9,3259,2,36000,1.00276158331
69802,69812,73240,10,3428,2,36000,1.00291715286
69908,69916,73075,8,3159,2,36000,1.00253244698
69996,70004,73464,8,3460,2,36000,1.00231213873
70182,70192,73440,10,3248,2,36000,1.00307881773
70267,70277,73793,10,3516,2,36000,1.00284414107
70501,70510,73904,9,3394,2,36000,1.00265173836
70562,70572,74069,10,3497,2,36000,1.00285959394
70659,70667,73952,8,3285,2,36000,1.00243531202
70726,70736,73973,10,3237,2,36000,1.0030892802
70835,70844,74043,9,3199,2,36000,1.00281337918
70911,70919,74313,8,3394,2,36000,1.00235710077
70999,71007,74410,8,3403,2,36000,1.00235086688
71075,71084,74499,9,3415,2,36000,1.00263543192
71097,71105,74666,8,3561,2,36000,1.00224655996
71112,71118,74584,6,3466,2,36000,1.00173110214
71173,71182,74636,9,3454,2,36000,1.00260567458
71174,71187,74722,13,3535,2,36000,1.00367751061
71259,71269,74882,10,3613,2,36000,1.00276778301
71308,71316,74653,8,3337,2,36000,1.0023973629
71433,71442,75036,9,3594,2,36000,1.00250417362
71448,71454,74946,6,3492,2,36000,1.00171821306
71508,71517,74839,9,3322,2,36000,1.00270921132
71539,71547,75000,8,3453,2,36000,1.00231682595
71743,71753,75175,10,3422,2,36000,1.00292226768
71759,71765,75031,6,3266,2,36000,1.00183710961
71810,71820,75083,10,3263,2,36000,1.00306466442
71868,71877,75440,9,3563,2,36000,1.00252596127
72005,72013,75220,8,3207,2,36000,1.00249454319
72042,72049,75634,7,3585,2,36000,1.0019525802
72112,72120,75646,8,3526,2,36000,1.0022688599
72148,72156,75604,8,3448,2,36000,1.00232018561
72270,72280,75566,10,3286,2,36000,1.00304321363
72304,72311,75692,7,3381,2,36000,1.00207039337
72350,72358,75587,8,3229,2,36000,1.00247754723
72560,72569,75993,9,3424,2,36000,1.00262850467
72606,72616,75974,10,3358,2,36000,1.00297796307
72621,72627,75904,6,3277,2,36000,1.00183094294
72682,72689,76456,7,3767,2,36000,1.00185824263
72991,72997,72998,6,1,2,3540,1.0
73008,73016,76371,8,3355,2,36000,1.00238450075
73032,73042,76434,10,3392,2,36000,1.00294811321
73078,73086,76328,8,3242,2,36000,1.00246761258
73242,73251,76785,9,3534,2,36000,1.0025466893
73443,73451,76925,8,3474,2,36000,1.00230282096
73467,73475,76650,8,3175,2,36000,1.00251968504
73796,73804,77005,8,3201,2,36000,1.00249921899
73903,73915,77277,12,3362,2,36000,1.00356930399
73954,73963,77348,9,3385,2,36000,1.00265878877
73976,73984,77481,8,3497,2,36000,1.00228767515
74046,74054,77265,8,3211,2,36000,1.00249143569
74070,74080,77272,10,3192,2,36000,1.00313283208
74316,74325,77586,9,3261,2,36000,1.0027598896
74413,74422,77693,9,3271,2,36000,1.00275145216
74501,74510,77932,9,3422,2,36000,1.00263004091
74587,74596,77957,9,3361,2,36000,1.00267777447
74638,74647,77895,9,3248,2,36000,1.00277093596
74657,74664,78095,7,3431,2,36000,1.00204022151
74672,74678,78066,6,3388,2,36000,1.00177095632
74724,74733,78123,9,3390,2,36000,1.00265486726
74842,74850,78253,8,3403,2,36000,1.00235086688
74885,74893,78321,8,3428,2,36000,1.00233372229
74949,74957,78262,8,3305,2,36000,1.00242057489
75001,75011,78226,10,3215,2,36000,1.00311041991
75031,75042,78595,11,3553,2,36000,1.00309597523
75047,75053,78581,6,3528,2,36000,1.00170068027
75086,75094,78249,8,3155,2,36000,1.00253565769
75178,75186,78513,8,3327,2,36000,1.00240456868
75224,75231,78599,7,3368,2,36000,1.0020783848
75441,75451,79118,10,3667,2,36000,1.00272702482
75569,75578,78953,9,3375,2,36000,1.00266666667
75590,75599,79121,9,3522,2,36000,1.00255536627
75606,75615,79033,9,3418,2,36000,1.00263311878
75637,75645,78883,8,3238,2,36000,1.0024706609
75652,75657,78816,5,3159,2,36000,1.00158277936
75695,75703,79430,8,3727,2,36000,1.00214649852
75905,75915,79330,10,3415,2,36000,1.00292825769
75975,75985,79295,10,3310,2,36000,1.00302114804
75994,76004,79639,10,3635,2,36000,1.00275103164
76329,76340,79628,11,3288,2,36000,1.00334549878
76373,76383,79828,10,3445,2,36000,1.00290275762
76436,76445,79871,9,3426,2,36000,1.00262697023
76458,76467,79924,9,3457,2,36000,1.00260341336
76654,76661,80018,7,3357,2,36000,1.00208519511
76788,76796,79913,8,3117,2,36000,1.00256657042
76926,76936,80219,10,3283,2,36000,1.00304599452
77009,77017,80473,8,3456,2,36000,1.00231481481
77268,77276,80725,8,3449,2,36000,1.0023195129
77283,77289,80628,6,3339,2,36000,1.00179694519
77285,77295,80645,10,3350,2,36000,1.00298507463
77349,77359,80805,10,3446,2,36000,1.00290191526
77483,77492,80826,9,3334,2,36000,1.00269946011
77587,77597,80949,10,3352,2,36000,1.00298329356
77696,77704,81343,8,3639,2,36000,1.00219840616
77898,77907,81049,9,3142,2,36000,1.00286441757
77935,77943,81307,8,3364,2,36000,1.00237812128
77959,77968,81129,9,3161,2,36000,1.00284720025
78069,78077,81422,8,3345,2,36000,1.0023916293
78096,78106,81662,10,3556,2,36000,1.00281214848
78124,78134,81386,10,3252,2,36000,1.00307503075
78227,78237,81741,10,3504,2,36000,1.00285388128
78252,78260,81512,8,3252,2,36000,1.0024600246
78268,78273,81731,5,3458,2,36000,1.0014459225
78269,78280,81675,11,3395,2,36000,1.00324005891
78324,78332,81470,8,3138,2,36000,1.00254939452
78515,78524,81806,9,3282,2,36000,1.00274223035
78582,78592,81920,10,3328,2,36000,1.00300480769
78598,78608,81920,10,3312,2,36000,1.00301932367
78613,78619,81920,6,3301,2,36000,1.00181763102
78819,78827,81920,8,3093,2,36000,1.00258648561
78886,78895,81920,9,3025,2,36000,1.00297520661
78956,78964,81920,8,2956,2,36000,1.00270635995
79034,79044,81920,10,2876,2,36000,1.00347705146
79120,79130,81920,10,2790,2,36000,1.00358422939
79135,79141,81920,6,2779,2,36000,1.00215905002
79299,79306,81920,7,2614,2,36000,1.00267788829
79332,79341,81920,9,2579,2,36000,1.0034897247
79432,79441,81920,9,2479,2,36000,1.00363049617
79629,79639,81920,10,2281,2,36000,1.00438404209
79644,79650,81920,6,2270,2,36000,1.00264317181
79831,79839,81920,8,2081,2,36000,1.00384430562
79873,79882,81920,9,2038,2,36000,1.00441609421
79916,79924,81920,8,1996,2,36000,1.00400801603
79931,79937,81921,6,1984,2,36000,1.00302419355
80022,80030,81921,8,1891,2,36000,1.00423056584
80220,80230,81921,10,1691,2,36000,1.00591366056
80475,80484,81921,9,1437,2,36000,1.00626304802
80631,80640,81921,9,1281,2,36000,1.00702576112
80646,80656,81921,10,1265,2,36000,1.00790513834
80728,80736,81921,8,1185,2,36000,1.00675105485
80807,80816,81921,9,1105,2,36000,1.00814479638
80828,80837,81921,9,1084,2,36000,1.00830258303
80950,80960,81921,10,961,2,36000,1.01040582726
81050,81060,81921,10,861,2,36000,1.01161440186
81132,81141,81921,9,780,2,36000,1.01153846154
81309,81318,81921,9,603,2,36000,1.01492537313
81345,81355,81921,10,566,2,36000,1.01766784452
81388,81397,81921,9,524,2,36000,1.01717557252
81424,81433,81921,9,488,2,36000,1.01844262295
81473,81481,81921,8,440,2,36000,1.01818181818
81515,81523,81921,8,398,2,36000,1.02010050251
81664,81674,81921,10,247,2,36000,1.04048582996
81680,81686,81921,6,235,2,36000,1.02553191489
81734,81742,81921,8,179,2,36000,1.04469273743
81750,81756,81921,6,165,2,36000,1.03636363636
81807,81817,81921,10,104,2,36000,1.09615384615
83826,83833,83834,7,1,2,3540,1.0
83957,83963,84001,6,38,2,36000,1.15789473684
83958,83968,84006,10,38,2,36000,1.26315789474
83959,83974,84011,15,37,2,36000,1.40540540541
83960,83979,84016,19,37,2,36000,1.51351351351
83962,83984,84021,22,37,2,36000,1.59459459459
83963,83989,84026,26,37,2,36000,1.7027027027
83964,83995,84032,31,37,2,36000,1.83783783784
83966,84000,84037,34,37,2,36000,1.91891891892
83967,84005,84042,38,37,2,36000,2.02702702703
83969,84010,84048,41,38,2,36000,2.07894736842
83970,84015,84053,45,38,2,36000,2.18421052632
83971,84020,84058,49,38,2,36000,2.28947368421
83973,84026,84063,53,37,2,36000,2.43243243243
83974,84031,84068,57,37,2,36000,2.54054054054
83975,84036,84068,61,32,2,36000,2.90625
83977,84041,84068,64,27,2,36000,3.37037037037
83978,84046,84068,68,22,2,36000,4.09090909091
83979,84051,84068,72,17,2,36000,5.23529411765
83980,84057,84068,77,11,2,36000,8.0
83982,84062,84068,80,6,2,36000,8.6
83984,84073,84074,89,1,2,36000,9.0
83986,84078,84079,92,1,2,36000,9.3
83987,84083,84084,96,1,2,36000,9.7
83988,84088,84126,100,38,2,36000,3.63157894737
83989,84093,84131,104,38,2,36000,3.73684210526
83991,84103,84136,112,33,2,36000,4.39393939394
83992,84108,84136,116,28,2,36000,5.14285714286
83993,84113,84136,120,23,2,36000,6.21739130435
83995,84118,84136,123,18,2,36000,7.83333333333
83996,84123,84136,127,13,2,36000,10.7692307692
83997,84128,84136,131,8,2,36000,13.9
84176,84182,84220,6,38,2,36000,1.15789473684
84177,84188,84225,11,37,2,36000,1.2972972973
84179,84193,84230,14,37,2,36000,1.37837837838
84180,84198,84234,18,36,2,36000,1.5
84181,84203,84241,22,38,2,36000,1.57894736842
84182,84208,84246,26,38,2,36000,1.68421052632
84184,84214,84251,30,37,2,36000,1.81081081081
84185,84219,84256,34,37,2,36000,1.91891891892
84186,84224,84261,38,37,2,36000,2.02702702703
84188,84229,84267,41,38,2,36000,2.07894736842
84189,84234,84271,45,37,2,36000,2.21621621622
84190,84240,84276,50,36,2,36000,2.38888888889
84191,84245,84281,54,36,2,36000,2.5
84193,84250,84287,57,37,2,36000,2.54054054054
84194,84255,84293,61,38,2,36000,2.60526315789
84195,84260,84297,65,37,2,36000,2.75675675676
84197,84265,84302,68,37,2,36000,2.83783783784
84198,84270,84307,72,37,2,36000,2.94594594595
84199,84276,84313,77,37,2,36000,3.08108108108
84200,84281,84318,81,37,2,36000,3.18918918919
84202,84286,84323,84,37,2,36000,3.27027027027
84203,84291,84329,88,38,2,36000,3.31578947368
84204,84296,84334,92,38,2,36000,3.42105263158
84205,84301,84339,96,38,2,36000,3.52631578947
84207,84307,84344,100,37,2,36000,3.7027027027
84208,84312,84350,104,38,2,36000,3.73684210526
84209,84319,84352,110,33,2,36000,4.33333333333
84211,84324,84352,113,28,2,36000,5.03571428571
84212,84329,84352,117,23,2,36000,6.08695652174
84213,84334,84352,121,18,2,36000,7.72222222222
84382,84388,87693,6,3305,2,36000,1.00181543116
84384,84394,87619,10,3225,2,36000,1.00310077519
84385,84399,87593,14,3194,2,36000,1.00438321853
84386,84404,87573,18,3169,2,36000,1.00568002524
84387,84409,87636,22,3227,2,36000,1.00681747753
84389,84414,87646,25,3232,2,36000,1.00773514851
84390,84420,87624,30,3204,2,36000,1.00936329588
84391,84425,87705,34,3280,2,36000,1.01036585366
84392,84430,87732,38,3302,2,36000,1.01150817686
84394,84435,87580,41,3145,2,36000,1.01303656598
84395,84440,87677,45,3237,2,36000,1.01390176089
84396,84445,87624,49,3179,2,36000,1.01541365209
84398,84451,87723,53,3272,2,36000,1.01619804401
84399,84456,87776,57,3320,2,36000,1.0171686747
84400,84461,87673,61,3212,2,36000,1.01899128269
84401,84466,87693,65,3227,2,36000,1.02014254726
84403,84471,87739,68,3268,2,36000,1.02080783354
84404,84476,87841,72,3365,2,36000,1.02139673105
84405,84482,87652,77,3170,2,36000,1.02429022082
84406,84487,87727,81,3240,2,36000,1.025
84408,84492,87720,84,3228,2,36000,1.02602230483
84409,84497,87762,88,3265,2,36000,1.0269525268
84410,84502,87781,92,3279,2,36000,1.02805733455
84412,84507,87741,95,3234,2,36000,1.02937538652
84413,84514,87819,101,3305,2,36000,1.03055975794
84415,84519,87724,104,3205,2,36000,1.03244929797
84416,84525,87762,109,3237,2,36000,1.03367315416
84417,84530,87776,113,3246,2,36000,1.0348120764
84418,84535,87792,117,3257,2,36000,1.03592262819
84420,84540,87717,120,3177,2,36000,1.03777148253
84421,84545,87807,124,3262,2,36000,1.03801348866
84422,84551,87811,129,3260,2,36000,1.03957055215
84423,84556,87802,133,3246,2,36000,1.04097350585
84425,84561,87729,136,3168,2,36000,1.04292929293
84426,84566,87817,140,3251,2,36000,1.04306367272
84427,84571,87725,144,3154,2,36000,1.04565630945
84429,84576,87822,147,3246,2,36000,1.04528650647
84430,84581,87799,151,3218,2,36000,1.046923555
84431,84587,87868,156,3281,2,36000,1.04754647973
84432,84592,87830,160,3238,2,36000,1.04941321804
85102,85108,91764,6,6656,15,57600,1.00090144231
87575,87584,90847,9,3263,2,36000,1.00275819798
87589,87595,90856,6,3261,2,36000,1.0018399264
87604,87610,90913,6,3303,2,36000,1.00181653043
87621,87630,90865,9,3235,2,36000,1.0027820711
87636,87643,90907,7,3264,2,36000,1.00214460784
87638,87649,90957,11,3308,2,36000,1.00332527207
87639,87654,90908,15,3254,2,36000,1.00460971112
87654,87660,90945,6,3285,2,36000,1.00182648402
87655,87666,90920,11,3254,2,36000,1.00338045482
87676,87685,90979,9,3294,2,36000,1.00273224044
87691,87697,90929,6,3232,2,36000,1.00185643564
87706,87712,90953,6,3241,2,36000,1.00185128047
87708,87718,90921,10,3203,2,36000,1.00312207306
87709,87723,90964,14,3241,2,36000,1.00431965443
87724,87730,90997,6,3267,2,36000,1.00183654729
87725,87736,90963,11,3227,2,36000,1.00340873877
87727,87741,90993,14,3252,2,36000,1.00430504305
87728,87746,91068,18,3322,2,36000,1.00541842264
87745,87752,90981,7,3229,2,36000,1.00216785382
87746,87757,90968,11,3211,2,36000,1.00342572407
87747,87764,90976,17,3212,2,36000,1.00529265255
87748,87769,90901,21,3132,2,36000,1.00670498084
87750,87774,90942,24,3168,2,36000,1.00757575758
87751,87779,90998,28,3219,2,36000,1.00869835353
87766,87785,90964,19,3179,2,36000,1.00597672224
87767,87790,90889,23,3099,2,36000,1.00742174895
87783,87796,90989,13,3193,2,36000,1.0040714062
87784,87801,91025,17,3224,2,36000,1.00527295285
87785,87806,91091,21,3285,2,36000,1.00639269406
87800,87812,90969,12,3157,2,36000,1.00380107697
87802,87817,90966,15,3149,2,36000,1.00476341696
87817,87823,91042,6,3219,2,36000,1.0018639329
87818,87829,91061,11,3232,2,36000,1.00340346535
87820,87834,91085,14,3251,2,36000,1.00430636727
87835,87841,91063,6,3222,2,36000,1.00186219739
87836,87847,91072,11,3225,2,36000,1.00341085271
87838,87852,91060,14,3208,2,36000,1.00436408978
87839,87857,91053,18,3196,2,36000,1.00563204005
87853,87863,91011,10,3148,2,36000,1.00317662008
87871,87879,91102,8,3223,2,36000,1.00248215948
90849,90858,94135,9,3277,2,36000,1.0027464144
90864,90870,94120,6,3250,2,36000,1.00184615385
90879,90885,94128,6,3243,2,36000,1.00185013876
90893,90900,94123,7,3223,2,36000,1.00217188954
90908,90915,94165,7,3250,2,36000,1.00215384615
90910,90921,94149,11,3228,2,36000,1.00340768278
90911,90926,94262,15,3336,2,36000,1.00449640288
90926,90932,94118,6,3186,2,36000,1.00188323917
90928,90938,94193,10,3255,2,36000,1.00307219662
90929,90943,94183,14,3240,2,36000,1.00432098765
90944,90950,94159,6,3209,2,36000,1.00186974135
90945,90956,94212,11,3256,2,36000,1.00337837838
90960,90966,94306,6,3340,2,36000,1.00179640719
90961,90972,94152,11,3180,2,36000,1.0034591195
90963,90977,94106,14,3129,2,36000,1.00447427293
90979,90985,94129,6,3144,2,36000,1.00190839695
90980,90991,94268,11,3277,2,36000,1.00335672872
90982,90996,94306,14,3310,2,36000,1.00422960725
90983,91001,94240,18,3239,2,36000,1.00555727076
90984,91006,94227,22,3221,2,36000,1.00683017696
90985,91011,94207,26,3196,2,36000,1.00813516896
90987,91018,94210,31,3192,2,36000,1.00971177945
90988,91023,94245,35,3222,2,36000,1.01086281813
90989,91029,94242,40,3213,2,36000,1.01244942421
91005,91034,94261,29,3227,2,36000,1.00898667493
91007,91039,94245,32,3206,2,36000,1.00998128509
91008,91044,94259,36,3215,2,36000,1.01119751166
91009,91049,94273,40,3224,2,36000,1.01240694789
91024,91055,94284,31,3229,2,36000,1.00960049551
91039,91060,94339,21,3279,2,36000,1.00640439158
91054,91067,94347,13,3280,2,36000,1.00396341463
91055,91072,94281,17,3209,2,36000,1.0052976005
91071,91078,94193,7,3115,2,36000,1.00224719101
91072,91083,94311,11,3228,2,36000,1.00340768278
91074,91089,94203,15,3114,2,36000,1.00481695568
91075,91094,94356,19,3262,2,36000,1.00582464746
91090,91100,94356,10,3256,2,36000,1.00307125307
91091,91105,94377,14,3272,2,36000,1.00427872861
91106,91112,94312,6,3200,2,36000,1.001875
91107,91118,94310,11,3192,2,36000,1.00344611529
92602,92608,120786,6,28178,15,57600,1.00021293207
94109,94118,97338,9,3220,2,36000,1.00279503106
94124,94130,97395,6,3265,2,36000,1.00183767228
94125,94136,97388,11,3252,2,36000,1.00338253383
94127,94141,97369,14,3228,2,36000,1.00433705081
94142,94148,97360,6,3212,2,36000,1.00186799502
94143,94154,97339,11,3185,2,36000,1.00345368917
94145,94159,97387,14,3228,2,36000,1.00433705081
94160,94165,97370,5,3205,2,36000,1.0015600624
94161,94171,97372,10,3201,2,36000,1.00312402374
94162,94176,97486,14,3310,2,36000,1.00422960725
94177,94183,97411,6,3228,2,36000,1.00185873606
94192,94198,97438,6,3240,2,36000,1.00185185185
94207,94213,97525,6,3312,2,36000,1.0018115942
94209,94219,97406,10,3187,2,36000,1.0031377471
94210,94224,97454,14,3230,2,36000,1.00433436533
94211,94229,97423,18,3194,2,36000,1.00563556669
94226,94235,97479,9,3244,2,36000,1.00277435265
94228,94240,97467,12,3227,2,36000,1.00371862411
94243,94250,97614,7,3364,2,36000,1.00208085612
94245,94256,97484,11,3228,2,36000,1.00340768278
94246,94261,97526,15,3265,2,36000,1.0045941807
94262,94268,97481,6,3213,2,36000,1.00186741363
94263,94274,97629,11,3355,2,36000,1.00327868852
94265,94279,97523,14,3244,2,36000,1.00431565968
94266,94284,97497,18,3213,2,36000,1.0056022409
94282,94290,97495,8,3205,2,36000,1.00249609984
94284,94295,97621,11,3326,2,36000,1.00330727601
94285,94301,97523,16,3222,2,36000,1.00496585971
94286,94306,97514,20,3208,2,36000,1.00623441397
94301,94312,97613,11,3301,2,36000,1.00333232354
94317,94323,97635,6,3312,2,36000,1.0018115942
94318,94329,97544,11,3215,2,36000,1.0034214619
94320,94334,97549,14,3215,2,36000,1.00435458787
94321,94339,97542,18,3203,2,36000,1.0056197315
94322,94344,97603,22,3259,2,36000,1.00675053697
94340,94350,97533,10,3183,2,36000,1.00314169023
94355,94362,97492,7,3130,2,36000,1.00223642173
94370,94376,97622,6,3246,2,36000,1.00184842884
94372,94382,97634,10,3252,2,36000,1.00307503075
94386,94392,97573,6,3181,2,36000,1.00188619931
97342,97350,100593,8,3243,2,36000,1.00246685168
97343,97355,100609,12,3254,2,36000,1.0036877689
97361,97371,100511,10,3140,2,36000,1.00318471338
97377,97383,100619,6,3236,2,36000,1.00185414091
97378,97389,100627,11,3238,2,36000,1.00339715874
97380,97394,100625,14,3231,2,36000,1.00433302383
97395,97401,100648,6,3247,2,36000,1.00184785956
97396,97407,100616,11,3209,2,36000,1.00342785915
97411,97417,100676,6,3259,2,36000,1.00184105554
97413,97423,100664,10,3241,2,36000,1.00308546745
97414,97428,100680,14,3252,2,36000,1.00430504305
97430,97436,100737,6,3301,2,36000,1.00181763102
97445,97451,100713,6,3262,2,36000,1.00183936235
97460,97466,100664,6,3198,2,36000,1.00187617261
97475,97481,100630,6,3149,2,36000,1.00190536678
97490,97496,100747,6,3251,2,36000,1.00184558597
97491,97502,100698,11,3196,2,36000,1.00344180225
97493,97507,100803,14,3296,2,36000,1.00424757282
97494,97512,100771,18,3259,2,36000,1.00552316662
97510,97518,100849,8,3331,2,36000,1.00240168118
97511,97523,100722,12,3199,2,36000,1.00375117224
97512,97528,100816,16,3288,2,36000,1.00486618005
97528,97535,100733,7,3198,2,36000,1.00218886804
97530,97540,100774,10,3234,2,36000,1.00309214595
97531,97546,100860,15,3314,2,36000,1.00452625226
97532,97551,100825,19,3274,2,36000,1.00580329872
97534,97556,100768,22,3212,2,36000,1.00684931507
97549,97562,100734,13,3172,2,36000,1.00409836066
97551,97567,100827,16,3260,2,36000,1.00490797546
97552,97572,100808,20,3236,2,36000,1.00618046972
97553,97578,100825,25,3247,2,36000,1.00769941484
97574,97583,100776,9,3193,2,36000,1.00281866583
97604,97615,100777,11,3162,2,36000,1.00347881088
97620,97626,100806,6,3180,2,36000,1.00188679245
97621,97632,100811,11,3179,2,36000,1.00346020761
97637,97643,100860,6,3217,2,36000,1.0018650917
97638,97649,100830,11,3181,2,36000,1.00345803207
97639,97654,100835,15,3181,2,36000,1.00471549827
97641,97659,100873,18,3214,2,36000,1.00560049782
97642,97665,100869,23,3204,2,36000,1.00717852684
100514,100522,103759,8,3237,2,36000,1.00247142416
100595,100605,103841,10,3236,2,36000,1.00309023486
100610,100620,103883,10,3263,2,36000,1.00306466442
100625,100631,103831,6,3200,2,36000,1.001875
100626,100637,103865,11,3228,2,36000,1.00340768278
100642,100648,103911,6,3263,2,36000,1.00183879865
100643,100654,103906,11,3252,2,36000,1.00338253383
100644,100659,103916,15,3257,2,36000,1.00460546515
100659,100665,103855,6,3190,2,36000,1.00188087774
100674,100680,104012,6,3332,2,36000,1.00180072029
100675,100686,103939,11,3253,2,36000,1.00338149401
100690,100696,103900,6,3204,2,36000,1.00187265918
100692,100702,103866,10,3164,2,36000,1.00316055626
100706,100713,103888,7,3175,2,36000,1.00220472441
100721,100727,103955,6,3228,2,36000,1.00185873606
100737,100743,103969,6,3226,2,36000,1.00185988841
100738,100749,104067,11,3318,2,36000,1.00331525015
100739,100754,104031,15,3277,2,36000,1.00457735734
100754,100760,103987,6,3227,2,36000,1.00185931205
100755,100766,103984,11,3218,2,36000,1.00341827222
100770,100779,103985,9,3206,2,36000,1.00280723643
100786,100792,103965,6,3173,2,36000,1.00189095493
100787,100798,104102,11,3304,2,36000,1.00332929782
100788,100803,104019,15,3216,2,36000,1.0046641791
100790,100808,104052,18,3244,2,36000,1.0055487053
100805,100814,104052,9,3238,2,36000,1.00277949351
100821,100827,104073,6,3246,2,36000,1.00184842884
100822,100833,104065,11,3232,2,36000,1.00340346535
100824,100838,104071,14,3233,2,36000,1.00433034333
100825,100843,104107,18,3264,2,36000,1.00551470588
100841,100849,104106,8,3257,2,36000,1.00245624808
100842,100854,104097,12,3243,2,36000,1.00370027752
100843,100859,104164,16,3305,2,36000,1.00484114977
100845,100866,104094,21,3228,2,36000,1.00650557621
100846,100871,104109,25,3238,2,36000,1.00772081532
100862,100877,104146,15,3269,2,36000,1.00458855919
100863,100882,104092,19,3210,2,36000,1.00591900312
100864,100887,104112,23,3225,2,36000,1.00713178295
100880,100893,104099,13,3206,2,36000,1.00405489707
100881,100898,104227,17,3329,2,36000,1.00510663863
103004,103010,103131,6,121,1,1800,1.04958677686
103440,103446,103552,6,106,1,1800,1.05660377358
103762,103771,106989,9,3218,2,36000,1.00279676818
103834,103842,107066,8,3224,2,36000,1.00248138958
103849,103855,107156,6,3301,2,36000,1.00181763102
103863,103870,107128,7,3258,2,36000,1.0021485574
103878,103885,107041,7,3156,2,36000,1.00221799747
103880,103890,107122,10,3232,2,36000,1.00309405941
103895,103901,107119,6,3218,2,36000,1.00186451212
103896,103907,107127,11,3220,2,36000,1.00341614907
103911,103918,107083,7,3165,2,36000,1.00221169036
103913,103923,107296,10,3373,2,36000,1.00296471983
103914,103929,107196,15,3267,2,36000,1.00459136823
103929,103935,107176,6,3241,2,36000,1.00185128047
103944,103950,107203,6,3253,2,36000,1.00184445128
103959,103966,107174,7,3208,2,36000,1.00218204489
103974,103980,107201,6,3221,2,36000,1.00186277554
103975,103986,107101,11,3115,2,36000,1.00353130016
103991,103997,107228,6,3231,2,36000,1.00185701021
103992,104003,107199,11,3196,2,36000,1.00344180225
103993,104008,107245,15,3237,2,36000,1.0046339203
104014,104024,107338,10,3314,2,36000,1.00301750151
104029,104035,107244,6,3209,2,36000,1.00186974135
104044,104050,107209,6,3159,2,36000,1.00189933523
104059,104065,107251,6,3186,2,36000,1.00188323917
104061,104071,107365,10,3294,2,36000,1.00303582271
104076,104082,107263,6,3181,2,36000,1.00188619931
104078,104088,107356,10,3268,2,36000,1.00305997552
104079,104093,107284,14,3191,2,36000,1.00438733939
104080,104098,107169,18,3071,2,36000,1.00586128297
104096,104104,107395,8,3291,2,36000,1.00243087208
104097,104110,107276,13,3166,2,36000,1.00410612761
104113,104119,107376,6,3257,2,36000,1.00184218606
104115,104125,107355,10,3230,2,36000,1.00309597523
104116,104130,107349,14,3219,2,36000,1.00434917676
104117,104135,107315,18,3180,2,36000,1.00566037736
104118,104141,107430,23,3289,2,36000,1.00699300699
104120,104147,107498,27,3351,2,36000,1.00805729633
104121,104152,107327,31,3175,2,36000,1.00976377953
104148,104158,107346,10,3188,2,36000,1.00313676286
104166,104176,107475,10,3299,2,36000,1.00303122158
104186,104192,104682,6,490,1,1800,1.01224489796
104229,104239,107507,10,3268,2,36000,1.00305997552
106321,106327,106366,6,39,1,1800,1.15384615385
106469,106475,106523,6,48,1,1800,1.125
106644,106650,106723,6,73,1,1800,1.08219178082
106836,106843,106922,7,79,1,1800,1.08860759494
106989,107000,110213,11,3213,2,36000,1.00342359166
107043,107052,110355,9,3303,2,36000,1.00272479564
107067,107078,110292,11,3214,2,36000,1.00342252645
107085,107095,110311,10,3216,2,36000,1.00310945274
107103,107113,110396,10,3283,2,36000,1.00304599452
107121,107130,110345,9,3215,2,36000,1.00279937792
107136,107143,110299,7,3156,2,36000,1.00221799747
107138,107149,110403,11,3254,2,36000,1.00338045482
107139,107154,110349,15,3195,2,36000,1.00469483568
107157,107167,110400,10,3233,2,36000,1.00309310238
107172,107181,110386,9,3205,2,36000,1.00280811232
107188,107194,110528,6,3334,2,36000,1.00179964007
107189,107200,110319,11,3119,2,36000,1.0035267714
107205,107210,110408,5,3198,2,36000,1.00156347717
107206,107216,110444,10,3228,2,36000,1.00309789343
107207,107221,110426,14,3205,2,36000,1.00436817473
107208,107226,110466,18,3240,2,36000,1.00555555556
107223,107232,110418,9,3186,2,36000,1.00282485876
107237,107243,107486,6,243,1,1800,1.02469135802
107238,107249,110470,11,3221,2,36000,1.00341508848
107254,107260,110426,6,3166,2,36000,1.00189513582
107255,107266,110478,11,3212,2,36000,1.00342465753
107256,107271,110498,15,3227,2,36000,1.00464828014
107271,107277,110551,6,3274,2,36000,1.00183262065
107287,107293,110546,6,3253,2,36000,1.00184445128
107288,107299,110572,11,3273,2,36000,1.00336083104
107303,107309,110545,6,3236,2,36000,1.00185414091
107318,107326,110537,8,3211,2,36000,1.00249143569
107332,107338,110547,6,3209,2,36000,1.00186974135
107347,107354,110475,7,3121,2,36000,1.00224287087
107349,107360,110624,11,3264,2,36000,1.00337009804
107365,107371,110630,6,3259,2,36000,1.00184105554
107366,107377,110581,11,3204,2,36000,1.00343320849
107367,107382,110576,15,3194,2,36000,1.00469630557
107382,107388,110666,6,3278,2,36000,1.00183038438
107383,107394,110646,11,3252,2,36000,1.00338253383
107398,107407,110678,9,3271,2,36000,1.00275145216
107431,107441,110636,10,3195,2,36000,1.00312989045
107476,107486,110756,10,3270,2,36000,1.00305810398
107500,107510,110794,10,3284,2,36000,1.00304506699
107515,107521,110759,6,3238,2,36000,1.00185299568
107809,107815,108103,6,288,1,1800,1.02083333333
108909,108915,108943,6,28,1,1800,1.21428571429
109245,109251,109311,6,60,1,1800,1.1
110023,110029,110147,6,118,1,1800,1.05084745763
110214,110224,113460,10,3236,2,36000,1.00309023486
110295,110303,113495,8,3192,2,36000,1.00250626566
110310,110317,113490,7,3173,2,36000,1.00220611409
110325,110331,113564,6,3233,2,36000,1.00185586143
110326,110337,113562,11,3225,2,36000,1.00341085271
110347,110356,113550,9,3194,2,36000,1.00281778334
110363,110369,113607,6,3238,2,36000,1.00185299568
110364,110375,113635,11,3260,2,36000,1.00337423313
110388,110398,113596,10,3198,2,36000,1.00312695435
110403,110409,113668,6,3259,2,36000,1.00184105554
110405,110415,113662,10,3247,2,36000,1.00307976594
110406,110420,113660,14,3240,2,36000,1.00432098765
110421,110427,113726,6,3299,2,36000,1.00181873295
110422,110433,113696,11,3263,2,36000,1.00337113086
110437,110444,113619,7,3175,2,36000,1.00220472441
110439,110450,113640,11,3190,2,36000,1.00344827586
110453,110460,113697,7,3237,2,36000,1.00216249614
110468,110477,113786,9,3309,2,36000,1.00271985494
110484,110490,113705,6,3215,2,36000,1.00186625194
110485,110496,113794,11,3298,2,36000,1.00333535476
110486,110501,113743,15,3242,2,36000,1.0046267736
110501,110509,113723,8,3214,2,36000,1.00248911014
110531,110539,113735,8,3196,2,36000,1.00250312891
110546,110552,113742,6,3190,2,36000,1.00188087774
110548,110558,113748,10,3190,2,36000,1.00313479624
110549,110563,113799,14,3236,2,36000,1.0043263288
110564,110570,113758,6,3188,2,36000,1.00188205772
110565,110576,113824,11,3248,2,36000,1.00338669951
110580,110587,113871,7,3284,2,36000,1.00213154689
110582,110593,113853,11,3260,2,36000,1.00337423313
110597,110603,113881,6,3278,2,36000,1.00183038438
110626,110635,113851,9,3216,2,36000,1.00279850746
110642,110647,113878,5,3231,2,36000,1.00154750851
110643,110653,113908,10,3255,2,36000,1.00307219662
110664,110671,113898,7,3227,2,36000,1.0021691974
110679,110685,114009,6,3324,2,36000,1.00180505415
110680,110691,113994,11,3303,2,36000,1.00333030578
110759,110768,114008,9,3240,2,36000,1.00277777778
110774,110780,113978,6,3198,2,36000,1.00187617261
110795,110805,114116,10,3311,2,36000,1.00302023558
113461,113471,116777,10,3306,2,36000,1.00302480339
113491,113501,116745,10,3244,2,36000,1.00308261406
113506,113512,116793,6,3281,2,36000,1.00182871076
113551,113562,116838,11,3276,2,36000,1.00335775336
113566,113573,116602,7,3029,2,36000,1.00231099373
113567,113579,116888,12,3309,2,36000,1.00362647325
113597,113607,116825,10,3218,2,36000,1.0031075202
113612,113618,116843,6,3225,2,36000,1.00186046512
113627,113633,116855,6,3222,2,36000,1.00186219739
113642,113648,116914,6,3266,2,36000,1.00183710961
113643,113654,116965,11,3311,2,36000,1.00332225914
113661,113671,116794,10,3123,2,36000,1.00320204931
113676,113682,116910,6,3228,2,36000,1.00185873606
113677,113688,116950,11,3262,2,36000,1.00337216432
113698,113713,117025,15,3312,2,36000,1.00452898551
113700,113707,116939,7,3232,2,36000,1.00216584158
113715,113721,116940,6,3219,2,36000,1.0018639329
113730,113736,117046,6,3310,2,36000,1.00181268882
113731,113742,116983,11,3241,2,36000,1.00339401419
113747,113753,117044,6,3291,2,36000,1.00182315406
113748,113759,116865,11,3106,2,36000,1.00354153252
113750,113764,116956,14,3192,2,36000,1.00438596491
113764,113770,117001,6,3231,2,36000,1.00185701021
113766,113776,117037,10,3261,2,36000,1.003066544
113787,113797,117048,10,3251,2,36000,1.00307597662
113802,113808,117106,6,3298,2,36000,1.00181928441
113803,113814,117047,11,3233,2,36000,1.00340241262
113827,113836,117094,9,3258,2,36000,1.00276243094
113855,113865,117042,10,3177,2,36000,1.00314762354
113856,113870,117143,14,3273,2,36000,1.00427742133
113874,113882,117063,8,3181,2,36000,1.00251493241
113889,113896,117095,7,3199,2,36000,1.00218818381
113891,113901,117126,10,3225,2,36000,1.00310077519
113906,113912,117111,6,3199,2,36000,1.00187558612
113920,113926,117136,6,3210,2,36000,1.00186915888
113981,113989,117252,8,3263,2,36000,1.00245173154
113995,114005,117273,10,3268,2,36000,1.00305997552
114010,114025,117282,15,3257,2,36000,1.00460546515
114012,114019,117244,7,3225,2,36000,1.00217054264
114117,114127,117323,10,3196,2,36000,1.00312891114
116603,116613,119937,10,3324,2,36000,1.00300842359
116746,116756,119910,10,3154,2,36000,1.00317057705
116779,116788,119992,9,3204,2,36000,1.00280898876
116797,116804,120053,7,3249,2,36000,1.00215450908
116798,116810,120056,12,3246,2,36000,1.00369685767
116825,116836,120123,11,3287,2,36000,1.00334651658
116840,116849,119978,9,3129,2,36000,1.00287631831
116855,116861,120091,6,3230,2,36000,1.00185758514
116856,116867,120159,11,3292,2,36000,1.00334143378
116871,116877,120112,6,3235,2,36000,1.00185471406
116889,116899,120196,10,3297,2,36000,1.00303306036
116913,116921,120163,8,3242,2,36000,1.00246761258
116928,116934,120059,6,3125,2,36000,1.00192
116943,116950,120197,7,3247,2,36000,1.00215583616
116945,116956,120181,11,3225,2,36000,1.00341085271
116960,116966,120171,6,3205,2,36000,1.00187207488
116962,116972,120200,10,3228,2,36000,1.00309789343
116976,116982,120266,6,3284,2,36000,1.00182704019
116991,116997,120275,6,3278,2,36000,1.00183038438
117006,117012,120263,6,3251,2,36000,1.00184558597
117027,117037,120216,10,3179,2,36000,1.00314564328
117042,117049,120259,7,3210,2,36000,1.00218068536
117058,117064,120346,6,3282,2,36000,1.00182815356
117060,117070,120273,10,3203,2,36000,1.00312207306
117061,117075,120246,14,3171,2,36000,1.00441501104
117062,117080,120324,18,3244,2,36000,1.0055487053
117064,117085,120323,21,3238,2,36000,1.00648548487
117078,117091,120349,13,3258,2,36000,1.00399017802
117097,117105,120316,8,3211,2,36000,1.00249143569
117099,117111,120360,12,3249,2,36000,1.00369344414
117114,117120,120361,6,3241,2,36000,1.00185128047
117115,117126,120336,11,3210,2,36000,1.00342679128
117131,117137,120418,6,3281,2,36000,1.00182871076
117146,117152,120380,6,3228,2,36000,1.00185873606
117147,117158,120398,11,3240,2,36000,1.00339506173
117247,117255,120503,8,3248,2,36000,1.00246305419
117261,117268,120464,7,3196,2,36000,1.0021902378
117276,117284,120507,8,3223,2,36000,1.00248215948
117291,117297,120588,6,3291,2,36000,1.00182315406
117325,117334,120508,9,3174,2,36000,1.00283553875
119914,119921,123149,7,3228,2,36000,1.0021685254
119938,119948,123192,10,3244,2,36000,1.00308261406
119980,119989,123263,9,3274,2,36000,1.00274893097
119995,120003,123251,8,3248,2,36000,1.00246305419
120055,120064,123231,9,3167,2,36000,1.00284180613
120070,120077,123311,7,3234,2,36000,1.00216450216
120072,120082,123266,10,3184,2,36000,1.00314070352
120092,120102,123298,10,3196,2,36000,1.00312891114
120113,120123,123321,10,3198,2,36000,1.00312695435
120128,120134,123327,6,3193,2,36000,1.00187911055
120161,120171,123468,10,3297,2,36000,1.00303306036
120177,120182,123423,5,3241,2,36000,1.00154273372
120178,120188,123430,10,3242,2,36000,1.00308451573
120193,120199,123408,6,3209,2,36000,1.00186974135
120208,120214,123427,6,3213,2,36000,1.00186741363
120209,120220,123384,11,3164,2,36000,1.00347661188
120210,120225,123451,15,3226,2,36000,1.00464972102
120225,120231,123494,6,3263,2,36000,1.00183879865
120249,120257,123505,8,3248,2,36000,1.00246305419
120265,120270,123562,5,3292,2,36000,1.00151883354
120266,120276,123397,10,3121,2,36000,1.00320410125
120281,120287,123464,6,3177,2,36000,1.00188857413
120282,120293,123530,11,3237,2,36000,1.00339820822
120284,120298,123529,14,3231,2,36000,1.00433302383
120317,120327,123586,10,3259,2,36000,1.0030684259
120336,120342,123625,6,3283,2,36000,1.00182759671
120337,120348,123594,11,3246,2,36000,1.0033887862
120353,120359,123571,6,3212,2,36000,1.00186799502
120354,120365,123612,11,3247,2,36000,1.00338774253
120355,120370,123605,15,3235,2,36000,1.00463678516
120370,120376,123583,6,3207,2,36000,1.00187090739
120372,120382,123583,10,3201,2,36000,1.00312402374
120387,120393,123625,6,3232,2,36000,1.00185643564
120401,120409,123675,8,3266,2,36000,1.00244947949
120419,120429,123622,10,3193,2,36000,1.00313185092
120468,120475,123660,7,3185,2,36000,1.0021978022
120504,120514,123795,10,3281,2,36000,1.00304785126
120519,120525,123775,6,3250,2,36000,1.00184615385
120520,120531,123759,11,3228,2,36000,1.00340768278
120589,120600,123848,11,3248,2,36000,1.00338669951
121574,121581,279604,7,158023,1,216000,1.00004429735
121725,121732,121745,7,13,1,216000,1.53846153846
123150,123160,126421,10,3261,2,36000,1.003066544
123195,123203,126425,8,3222,2,36000,1.00248292986
123234,123243,126491,9,3248,2,36000,1.00277093596
123252,123262,126475,10,3213,2,36000,1.00311235605
123267,123274,126535,7,3261,2,36000,1.0021465808
123268,123280,126482,12,3202,2,36000,1.00374765771
123298,123309,126548,11,3239,2,36000,1.00339610991
123313,123322,126529,9,3207,2,36000,1.00280636109
123328,123334,126606,6,3272,2,36000,1.00183374083
123329,123340,126549,11,3209,2,36000,1.00342785915
123386,123395,126617,9,3222,2,36000,1.00279329609
123401,123408,126652,7,3244,2,36000,1.00215782984
123416,123422,126649,6,3227,2,36000,1.00185931205
123432,123438,126721,6,3283,2,36000,1.00182759671
123433,123444,126695,11,3251,2,36000,1.00338357428
123434,123449,126690,15,3241,2,36000,1.00462820117
123452,123462,126686,10,3224,2,36000,1.00310173697
123467,123475,126777,8,3302,2,36000,1.00242277408
123482,123488,126701,6,3213,2,36000,1.00186741363
123497,123505,126668,8,3163,2,36000,1.00252924439
123512,123518,126708,6,3190,2,36000,1.00188087774
123530,123540,126783,10,3243,2,36000,1.0030835646
123531,123546,126839,15,3293,2,36000,1.00455511691
123564,123573,126838,9,3265,2,36000,1.00275650842
123579,123585,126817,6,3232,2,36000,1.00185643564
123594,123601,126805,7,3204,2,36000,1.00218476904
123596,123607,126808,11,3201,2,36000,1.00343642612
123597,123612,126845,15,3233,2,36000,1.00463965357
123598,123617,126860,19,3243,2,36000,1.00585877274
123614,123623,126866,9,3243,2,36000,1.00277520814
123615,123628,126860,13,3232,2,36000,1.00402227723
123631,123638,126814,7,3176,2,36000,1.00220403023
123633,123644,126820,11,3176,2,36000,1.00346347607
123634,123649,126862,15,3213,2,36000,1.00466853408
123661,123671,126892,10,3221,2,36000,1.00310462589
123679,123687,126887,8,3200,2,36000,1.0025
123760,123770,126994,10,3224,2,36000,1.00310173697
123778,123786,127034,8,3248,2,36000,1.00246305419
123796,123806,127048,10,3242,2,36000,1.00308451573
123850,123859,127106,9,3247,2,36000,1.00277178934
126425,126433,129711,8,3278,2,36000,1.00244051251
126439,126445,129702,6,3257,2,36000,1.00184218606
126475,126486,129720,11,3234,2,36000,1.00340136054
126490,126497,129773,7,3276,2,36000,1.00213675214
126505,126511,129661,6,3150,2,36000,1.0019047619
126532,126540,129759,8,3219,2,36000,1.00248524386
126547,126553,129761,6,3208,2,36000,1.00187032419
126562,126568,129800,6,3232,2,36000,1.00185643564
126563,126574,129825,11,3251,2,36000,1.00338357428
126608,126617,129850,9,3233,2,36000,1.00278379214
126623,126629,129935,6,3306,2,36000,1.00181488203
126653,126660,129939,7,3279,2,36000,1.00213479719
126654,126666,129947,12,3281,2,36000,1.00365742152
126669,126679,129924,10,3245,2,36000,1.0030816641
126687,126697,129952,10,3255,2,36000,1.00307219662
126702,126709,129875,7,3166,2,36000,1.00221099179
126704,126715,129931,11,3216,2,36000,1.00342039801
126705,126720,129890,15,3170,2,36000,1.0047318612
126720,126726,129889,6,3163,2,36000,1.00189693329
126734,126741,129946,7,3205,2,36000,1.00218408736
126779,126788,130038,9,3250,2,36000,1.00276923077
126794,126800,130035,6,3235,2,36000,1.00185471406
126810,126816,130056,6,3240,2,36000,1.00185185185
126811,126822,130068,11,3246,2,36000,1.0033887862
126827,126833,130147,6,3314,2,36000,1.00181050091
126828,126839,130034,11,3195,2,36000,1.0034428795
126829,126844,130102,15,3258,2,36000,1.00460405157
126844,126850,130116,6,3266,2,36000,1.00183710961
126846,126856,130107,10,3251,2,36000,1.00307597662
126861,126867,130194,6,3327,2,36000,1.00180342651
126862,126873,130139,11,3266,2,36000,1.00336803429
126863,126879,130114,16,3235,2,36000,1.00494590417
126879,126885,130151,6,3266,2,36000,1.00183710961
126880,126891,130122,11,3231,2,36000,1.00340451872
126896,126902,130203,6,3301,2,36000,1.00181763102
126897,126908,130124,11,3216,2,36000,1.00342039801
126995,127005,130254,10,3249,2,36000,1.00307787011
127037,127045,130325,8,3280,2,36000,1.00243902439
127052,127059,130287,7,3228,2,36000,1.0021685254
127111,127117,130419,6,3302,2,36000,1.00181708056
127176,127182,129601,6,2419,16,57600,1.00248036379
128686,128692,387916,6,259224,2,259200,1.000023146
128961,128967,388183,6,259216,2,259200,1.00002314672
129221,129227,388458,6,259231,2,259200,1.00002314538
129497,129503,388732,6,259229,2,259200,1.00002314556
129665,129672,132855,7,3183,2,36000,1.00219918316
129704,129714,132999,10,3285,2,36000,1.00304414003
129718,129725,132904,7,3179,2,36000,1.0022019503
129733,129739,132895,6,3156,2,36000,1.00190114068
129760,129770,132986,10,3216,2,36000,1.00310945274
129776,129782,133052,6,3270,2,36000,1.00183486239
129777,129788,133052,11,3264,2,36000,1.00337009804
129801,129816,132993,15,3177,2,36000,1.00472143532
129803,129810,389056,7,259246,2,259200,1.00002700138
129828,129836,133113,8,3277,2,36000,1.00244125725
129851,129861,133112,10,3251,2,36000,1.00307597662
129875,129886,133100,11,3214,2,36000,1.00342252645
129891,129900,133165,9,3265,2,36000,1.00275650842
129892,129906,133211,14,3305,2,36000,1.00423600605
129926,129936,133158,10,3222,2,36000,1.00310366232
129941,129947,133126,6,3179,2,36000,1.00188738597
129942,129953,133181,11,3228,2,36000,1.00340768278
129944,129958,133104,14,3146,2,36000,1.00445009536
129959,129965,133149,6,3184,2,36000,1.00188442211
129960,129971,133196,11,3225,2,36000,1.00341085271
129961,129976,133207,15,3231,2,36000,1.00464252553
130037,130045,133322,8,3277,2,36000,1.00244125725
130039,130051,133332,12,3281,2,36000,1.00365742152
130040,130056,389262,16,259206,2,259200,1.00006172697
130053,130062,133317,9,3255,2,36000,1.00276497696
130068,130074,133286,6,3212,2,36000,1.00186799502
130070,130080,133242,10,3162,2,36000,1.00316255534
130103,130113,133379,10,3266,2,36000,1.00306184936
130119,130124,133244,5,3120,2,36000,1.0016025641
130120,130131,133380,11,3249,2,36000,1.00338565713
130121,130136,133336,15,3200,2,36000,1.0046875
130136,130142,133342,6,3200,2,36000,1.001875
130137,130148,133379,11,3231,2,36000,1.00340451872
130153,130159,133369,6,3210,2,36000,1.00186915888
130154,130165,133411,11,3246,2,36000,1.0033887862
130156,130170,133425,14,3255,2,36000,1.00430107527
130195,130205,133426,10,3221,2,36000,1.00310462589
130210,130216,133431,6,3215,2,36000,1.00186625194
130255,130265,133485,10,3220,2,36000,1.00310559006
130265,130271,389476,6,259205,2,259200,1.0000231477
130291,130299,133555,8,3256,2,36000,1.00245700246
130327,130336,133553,9,3217,2,36000,1.00279763755
130420,130430,133648,10,3218,2,36000,1.0031075202
130476,130482,389727,6,259245,2,259200,1.00002314413
130644,130650,130656,6,6,16,43200,1.2
130749,130755,390119,6,259364,2,259200,1.00002313351
131639,131645,390847,6,259202,2,259200,1.00002314797
132076,132082,391307,6,259225,2,259200,1.00002314592
132305,132311,391515,6,259204,2,259200,1.00002314779
132564,132570,132592,6,22,16,43200,1.27272727273
132671,132678,132686,7,8,16,43200,1.5
132712,132719,132755,7,36,16,115200,1.19444444444
132857,132866,136137,9,3271,2,36000,1.00275145216
132896,132906,136152,10,3246,2,36000,1.00308071473
132911,132917,136171,6,3254,2,36000,1.00184388445
132985,132991,133259,6,268,16,115200,1.0223880597
132989,132997,136167,8,3170,2,36000,1.00252365931
133003,133009,136312,6,3303,2,36000,1.00181653043
133005,133015,136264,10,3249,2,36000,1.00307787011
133053,133063,136295,10,3232,2,36000,1.00309405941
133054,133068,136269,14,3201,2,36000,1.00437363324
133102,133112,136330,10,3218,2,36000,1.0031075202
133118,133124,136385,6,3261,2,36000,1.0018399264
133119,133130,136383,11,3253,2,36000,1.00338149401
133120,133135,136467,15,3332,2,36000,1.00450180072
133135,133141,136395,6,3254,2,36000,1.00184388445
133150,133160,136483,10,3323,2,36000,1.00300932892
133165,133171,136514,6,3343,2,36000,1.00179479509
133180,133186,136464,6,3278,2,36000,1.00183038438
133194,133200,136430,6,3230,2,36000,1.00185758514
133210,133216,136403,6,3187,2,36000,1.00188264826
133211,133222,136419,11,3197,2,36000,1.00344072568
133226,133232,136495,6,3263,2,36000,1.00183879865
133244,133253,136482,9,3229,2,36000,1.00278724063
133245,133259,136515,14,3256,2,36000,1.0042997543
133287,133297,136553,10,3256,2,36000,1.00307125307
133317,133328,136518,11,3190,2,36000,1.00344827586
133333,133339,136606,6,3267,2,36000,1.00183654729
133334,133345,136544,11,3199,2,36000,1.00343857455
133349,133355,136701,6,3346,2,36000,1.00179318589
133350,133361,136573,11,3212,2,36000,1.00342465753
133371,133380,136626,9,3246,2,36000,1.00277264325
133386,133393,136672,7,3279,2,36000,1.00213479719
133388,133399,136600,11,3201,2,36000,1.00343642612
133389,133404,136616,15,3212,2,36000,1.00466998755
133413,133422,136637,9,3215,2,36000,1.00279937792
133428,133436,136668,8,3232,2,36000,1.00247524752
133429,133442,136725,13,3283,2,36000,1.00395979287
133444,133450,136677,6,3227,2,36000,1.00185931205
133486,133496,136669,10,3173,2,36000,1.00315159155
133556,133571,136754,15,3183,2,36000,1.00471253534
133557,133565,136771,8,3206,2,36000,1.00249532127
133650,133659,136815,9,3156,2,36000,1.00285171103
135135,135141,141182,6,6041,16,115200,1.00099321304
136138,136148,139327,10,3179,2,36000,1.00314564328
136153,136164,139378,11,3214,2,36000,1.00342252645
136168,136178,139469,10,3291,2,36000,1.00303859009
136183,136189,139445,6,3256,2,36000,1.00184275184
136264,136275,139543,11,3268,2,36000,1.00336597307
136279,136285,139559,6,3274,2,36000,1.00183262065
136297,136306,139513,9,3207,2,36000,1.00280636109
136315,136323,139568,8,3245,2,36000,1.00246533128
136333,136341,139581,8,3240,2,36000,1.0024691358
136384,136394,139661,10,3267,2,36000,1.00306091215
136399,136405,139639,6,3234,2,36000,1.00185528757
136400,136411,139719,11,3308,2,36000,1.00332527207
136415,136421,139622,6,3201,2,36000,1.00187441425
136430,136436,139629,6,3193,2,36000,1.00187911055
136445,136451,139580,6,3129,2,36000,1.00191754554
136466,136475,139693,9,3218,2,36000,1.00279676818
136481,136487,139719,6,3232,2,36000,1.00185643564
136496,136502,139706,6,3204,2,36000,1.00187265918
136497,136508,139694,11,3186,2,36000,1.00345260515
136499,136513,139826,14,3313,2,36000,1.00422577724
136517,136525,139778,8,3253,2,36000,1.00245926837
136518,136531,139816,13,3285,2,36000,1.00395738204
136533,136539,139762,6,3223,2,36000,1.00186161961
136548,136555,139795,7,3240,2,36000,1.00216049383
136563,136569,139782,6,3213,2,36000,1.00186741363
136577,136583,139778,6,3195,2,36000,1.00187793427
136602,136611,139842,9,3231,2,36000,1.00278551532
136603,136617,139849,14,3232,2,36000,1.00433168317
136618,136628,139852,10,3224,2,36000,1.00310173697
136633,136639,139864,6,3225,2,36000,1.00186046512
136648,136654,139863,6,3209,2,36000,1.00186974135
136669,136679,139855,10,3176,2,36000,1.00314861461
136684,136690,139947,6,3257,2,36000,1.00184218606
136686,136696,139910,10,3214,2,36000,1.00311138768
136687,136701,139913,14,3212,2,36000,1.00435865504
136702,136712,139935,10,3223,2,36000,1.00310269935
136726,136736,139970,10,3234,2,36000,1.00309214595
136756,136766,140014,10,3248,2,36000,1.00307881773
136774,136783,140108,9,3325,2,36000,1.00270676692
136816,136826,139940,10,3114,2,36000,1.00321130379
139328,139338,142564,10,3226,2,36000,1.00309981401
139379,139390,142616,11,3226,2,36000,1.00340979541
139445,139456,142659,11,3203,2,36000,1.00343428036
139472,139480,142687,8,3207,2,36000,1.00249454319
139514,139524,142727,10,3203,2,36000,1.00312207306
139544,139554,142753,10,3199,2,36000,1.00312597687
139563,139570,142811,7,3241,2,36000,1.00215982721
139578,139584,142760,6,3176,2,36000,1.00188916877
139579,139591,142800,12,3209,2,36000,1.0037394827
139594,139600,142800,6,3200,2,36000,1.001875
139624,139633,142846,9,3213,2,36000,1.00280112045
139639,139645,142858,6,3213,2,36000,1.00186741363
139653,139659,142905,6,3246,2,36000,1.00184842884
139668,139674,142840,6,3166,2,36000,1.00189513582
139695,139710,142990,15,3280,2,36000,1.00457317073
139697,139704,143000,7,3296,2,36000,1.00212378641
139712,139717,142924,5,3207,2,36000,1.00155908949
139727,139733,142990,6,3257,2,36000,1.00184218606
139728,139739,142929,11,3190,2,36000,1.00344827586
139764,139773,142990,9,3217,2,36000,1.00279763755
139779,139789,143032,10,3243,2,36000,1.0030835646
139780,139794,143023,14,3229,2,36000,1.00433570765
139796,139802,142994,6,3192,2,36000,1.00187969925
139797,139808,143014,11,3206,2,36000,1.00343106675
139818,139828,143075,10,3247,2,36000,1.00307976594
139833,139839,143035,6,3196,2,36000,1.00187734668
139848,139854,143040,6,3186,2,36000,1.00188323917
139864,139870,143137,6,3267,2,36000,1.00183654729
139865,139876,143156,11,3280,2,36000,1.00335365854
139867,139881,143118,14,3237,2,36000,1.00432499228
139868,139886,143101,18,3215,2,36000,1.00559875583
139883,139892,143133,9,3241,2,36000,1.0027769207
139913,139921,143136,8,3215,2,36000,1.00248833593
139928,139934,143154,6,3220,2,36000,1.00186335404
139943,139949,143142,6,3193,2,36000,1.00187911055
139944,139955,143170,11,3215,2,36000,1.0034214619
139959,139965,143168,6,3203,2,36000,1.00187324383
139974,139981,143247,7,3266,2,36000,1.00214329455
140016,140026,143280,10,3254,2,36000,1.00307314075
140109,140119,143405,10,3286,2,36000,1.00304321363
142565,142575,145835,10,3260,2,36000,1.00306748466
142590,142596,246518,6,103922,4,180000,1.00005773561
142619,142627,145910,8,3283,2,36000,1.00243679561
142661,142670,145860,9,3190,2,36000,1.00282131661
142687,142698,145918,11,3220,2,36000,1.00341614907
142729,142738,146010,9,3272,2,36000,1.00275061125
142756,142764,145957,8,3193,2,36000,1.00250548074
142771,142777,146000,6,3223,2,36000,1.00186161961
142801,142811,146057,10,3246,2,36000,1.00308071473
142803,142816,146025,13,3209,2,36000,1.00405110626
142817,142824,146049,7,3225,2,36000,1.00217054264
142841,142852,146033,11,3181,2,36000,1.00345803207
142856,142862,146067,6,3205,2,36000,1.00187207488
142871,142877,146133,6,3256,2,36000,1.00184275184
142907,142916,146130,9,3214,2,36000,1.00280024891
142928,142936,146173,8,3237,2,36000,1.00247142416
142943,142949,146137,6,3188,2,36000,1.00188205772
142991,143002,146218,11,3216,2,36000,1.00342039801
142992,143007,146257,15,3250,2,36000,1.00461538462
142994,143012,146273,18,3261,2,36000,1.00551977921
143009,143018,146228,9,3210,2,36000,1.00280373832
143010,143023,146283,13,3260,2,36000,1.00398773006
143026,143032,146291,6,3259,2,36000,1.00184105554
143027,143038,146241,11,3203,2,36000,1.00343428036
143043,143049,146174,6,3125,2,36000,1.00192
143044,143055,146299,11,3244,2,36000,1.00339087546
143045,143060,146323,15,3263,2,36000,1.00459699663
143078,143086,146298,8,3212,2,36000,1.00249066002
143102,143112,146284,10,3172,2,36000,1.00315258512
143120,143130,146398,10,3268,2,36000,1.00305997552
143135,143144,146338,9,3194,2,36000,1.00281778334
143151,143157,146405,6,3248,2,36000,1.00184729064
143152,143163,146372,11,3209,2,36000,1.00342785915
143153,143168,146417,15,3249,2,36000,1.00461680517
143169,143175,146371,6,3196,2,36000,1.00187734668
143170,143181,146383,11,3202,2,36000,1.0034353529
143171,143186,146408,15,3222,2,36000,1.00465549348
143186,143192,146430,6,3238,2,36000,1.00185299568
143249,143258,146498,9,3240,2,36000,1.00277777778
143283,143291,146617,8,3326,2,36000,1.00240529164
143406,143417,146706,11,3289,2,36000,1.00334448161
145836,145846,149008,10,3162,2,36000,1.00316255534
145863,145871,149093,8,3222,2,36000,1.00248292986
145911,145921,149143,10,3222,2,36000,1.00310366232
145926,145932,149162,6,3230,2,36000,1.00185758514
145959,145969,149166,10,3197,2,36000,1.00312793244
146001,146011,149186,10,3175,2,36000,1.0031496063
146016,146021,149242,5,3221,2,36000,1.00155231295
146030,146036,149216,6,3180,2,36000,1.00188679245
146045,146051,149334,6,3283,2,36000,1.00182759671
146060,146066,149337,6,3271,2,36000,1.00183430144
146062,146072,149380,10,3308,2,36000,1.00302297461
146076,146082,149215,6,3133,2,36000,1.00191509735
146131,146141,149330,10,3189,2,36000,1.00313577924
146146,146152,149376,6,3224,2,36000,1.00186104218
146147,146158,149328,11,3170,2,36000,1.00347003155
146174,146184,149469,10,3285,2,36000,1.00304414003
146175,146190,149443,15,3253,2,36000,1.00461112819
146220,146229,149438,9,3209,2,36000,1.00280461203
146235,146241,149515,6,3274,2,36000,1.00183262065
146250,146256,149512,6,3256,2,36000,1.00184275184
146265,146271,149469,6,3198,2,36000,1.00187617261
146279,146286,149463,7,3177,2,36000,1.00220333648
146295,146301,149489,6,3188,2,36000,1.00188205772
146296,146307,149496,11,3189,2,36000,1.00344935717
146297,146312,149515,15,3203,2,36000,1.00468310958
146312,146318,149530,6,3212,2,36000,1.00186799502
146314,146324,149557,10,3233,2,36000,1.00309310238
146328,146334,149536,6,3202,2,36000,1.00187382886
146343,146350,149528,7,3178,2,36000,1.00220264317
146373,146382,149589,9,3207,2,36000,1.00280636109
146375,146388,149585,13,3197,2,36000,1.00406631217
146390,146396,149592,6,3196,2,36000,1.00187734668
146405,146411,149684,6,3273,2,36000,1.00183318057
146420,146426,149616,6,3190,2,36000,1.00188087774
146421,146432,149657,11,3225,2,36000,1.00341085271
146423,146437,149701,14,3264,2,36000,1.00428921569
146437,146443,149671,6,3228,2,36000,1.00185873606
146501,146509,149743,8,3234,2,36000,1.00247371676
146618,146628,149856,10,3228,2,36000,1.00309789343
146708,146718,149945,10,3227,2,36000,1.00309885342
149009,149019,152226,10,3207,2,36000,1.00311817898
149096,149104,152413,8,3309,2,36000,1.00241764884
149144,149154,152350,10,3196,2,36000,1.00312891114
149159,149165,178120,6,28955,15,57600,1.0002072181
149165,149173,152403,8,3230,2,36000,1.00247678019
149180,149186,152290,6,3104,2,36000,1.00193298969
149195,149201,152448,6,3247,2,36000,1.00184785956
149219,149226,152455,7,3229,2,36000,1.00216785382
149220,149232,152477,12,3245,2,36000,1.00369799692
149244,149253,152449,9,3196,2,36000,1.00281602003
149329,149339,152558,10,3219,2,36000,1.00310655483
149344,149350,152558,6,3208,2,36000,1.00187032419
149345,149356,152565,11,3209,2,36000,1.00342785915
149346,149361,152584,15,3223,2,36000,1.00465404902
149380,149391,152704,11,3313,2,36000,1.00332025355
149381,149396,152702,15,3306,2,36000,1.00453720508
149441,149449,152632,8,3183,2,36000,1.00251335218
149456,149462,152685,6,3223,2,36000,1.00186161961
149472,149478,152631,6,3153,2,36000,1.00190294957
149473,149484,152729,11,3245,2,36000,1.00338983051
149474,149489,152747,15,3258,2,36000,1.00460405157
149492,149501,152768,9,3267,2,36000,1.00275482094
149507,149513,152778,6,3265,2,36000,1.00183767228
149522,149529,152790,7,3261,2,36000,1.0021465808
149524,149534,152672,10,3138,2,36000,1.00318674315
149525,149540,152855,15,3315,2,36000,1.00452488688
149540,149546,152759,6,3213,2,36000,1.00186741363
149541,149552,152711,11,3159,2,36000,1.00348211459
149543,149557,152858,14,3301,2,36000,1.00424113905
149558,149568,152810,10,3242,2,36000,1.00308451573
149588,149596,152877,8,3281,2,36000,1.00243828101
149603,149609,152847,6,3238,2,36000,1.00185299568
149604,149615,152817,11,3202,2,36000,1.0034353529
149619,149627,152898,8,3271,2,36000,1.00244573525
149658,149668,152882,10,3214,2,36000,1.00311138768
149673,149682,152897,9,3215,2,36000,1.00279937792
149688,149695,152952,7,3257,2,36000,1.00214921707
149703,149712,152869,9,3157,2,36000,1.00285080773
149745,149754,152917,9,3163,2,36000,1.00284539994
149860,149868,153089,8,3221,2,36000,1.00248370071
149947,149956,153282,9,3326,2,36000,1.0027059531
151133,151139,309547,6,158408,16,360000,1.00003787687
152227,152237,155464,10,3227,2,36000,1.00309885342
152293,152301,155437,8,3136,2,36000,1.00255102041
152353,152361,155384,8,3023,2,36000,1.00264637777
152404,152414,155685,10,3271,2,36000,1.00305716906
152419,152426,155649,7,3223,2,36000,1.00217188954
152433,152440,190084,7,37644,15,57600,1.00018595261
152450,152459,155673,9,3214,2,36000,1.00280024891
152451,152465,155695,14,3230,2,36000,1.00433436533
152466,152472,155618,6,3146,2,36000,1.00190718373
152481,152488,155680,7,3192,2,36000,1.00219298246
152559,152569,155793,10,3224,2,36000,1.00310173697
152561,152574,155825,13,3251,2,36000,1.00399876961
152575,152582,155819,7,3237,2,36000,1.00216249614
152590,152597,155813,7,3216,2,36000,1.00217661692
152633,152643,155845,10,3202,2,36000,1.00312304809
152634,152648,155866,14,3218,2,36000,1.00435052828
152673,152683,155892,10,3209,2,36000,1.00311623559
152688,152697,155902,9,3205,2,36000,1.00280811232
152703,152713,155973,10,3260,2,36000,1.00306748466
152718,152724,155933,6,3209,2,36000,1.00186974135
152720,152730,155970,10,3240,2,36000,1.00308641975
152735,152741,155982,6,3241,2,36000,1.00185128047
152750,152758,156122,8,3364,2,36000,1.00237812128
152765,152770,156073,5,3303,2,36000,1.00151377536
152780,152786,155941,6,3155,2,36000,1.00190174326
152781,152792,156016,11,3224,2,36000,1.00341191067
152796,152802,156034,6,3232,2,36000,1.00185643564
152811,152821,156001,10,3180,2,36000,1.00314465409
152826,152832,156125,6,3293,2,36000,1.00182204677
152850,152858,156087,8,3229,2,36000,1.00247754723
152865,152871,156150,6,3279,2,36000,1.00182982617
152866,152877,156091,11,3214,2,36000,1.00342252645
152881,152888,156096,7,3208,2,36000,1.00218204489
152883,152894,156107,11,3213,2,36000,1.00342359166
152898,152904,156059,6,3155,2,36000,1.00190174326
152899,152910,156187,11,3277,2,36000,1.00335672872
152901,152915,156092,14,3177,2,36000,1.00440667296
152919,152928,156193,9,3265,2,36000,1.00275650842
152955,152964,156188,9,3224,2,36000,1.00279156328
153090,153100,156333,10,3233,2,36000,1.00309310238
153283,153294,156600,11,3306,2,36000,1.00332728373
153466,153473,218235,7,64762,2,86400,1.00010808808
153614,153620,218237,6,64617,2,86400,1.00009285482
155386,155396,158610,10,3214,2,36000,1.00311138768
155440,155448,158681,8,3233,2,36000,1.00247448191
155467,155475,158669,8,3194,2,36000,1.00250469631
155620,155630,158837,10,3207,2,36000,1.00311817898
155650,155661,158810,11,3149,2,36000,1.00349317244
155674,155684,158920,10,3236,2,36000,1.00309023486
155689,155695,158883,6,3188,2,36000,1.00188205772
155690,155701,158939,11,3238,2,36000,1.00339715874
155705,155711,158917,6,3206,2,36000,1.00187149095
155789,155804,158982,15,3178,2,36000,1.00471994965
155813,155824,159056,11,3232,2,36000,1.00340346535
155828,155835,159057,7,3222,2,36000,1.00217256363
155830,155841,159048,11,3207,2,36000,1.00342999688
155847,155857,159032,10,3175,2,36000,1.0031496063
155868,155877,159161,9,3284,2,36000,1.00274056029
155895,155904,159220,9,3316,2,36000,1.00271411339
155910,155916,159134,6,3218,2,36000,1.00186451212
155934,155945,159197,11,3252,2,36000,1.00338253383
155950,155956,159171,6,3215,2,36000,1.00186625194
155974,155984,159256,10,3272,2,36000,1.00305623472
155975,155989,159239,14,3250,2,36000,1.00430769231
155990,155996,159299,6,3303,2,36000,1.00181653043
156005,156012,159307,7,3295,2,36000,1.00212443096
156020,156027,159269,7,3242,2,36000,1.00215916101
156035,156045,159219,10,3174,2,36000,1.00315059861
156062,156070,159282,8,3212,2,36000,1.00249066002
156077,156084,159236,7,3152,2,36000,1.00222081218
156092,156098,159323,6,3225,2,36000,1.00186046512
156093,156104,159283,11,3179,2,36000,1.00346020761
156095,156109,159372,14,3263,2,36000,1.00429053019
156110,156116,159300,6,3184,2,36000,1.00188442211
156111,156122,159358,11,3236,2,36000,1.00339925834
156126,156133,159274,7,3141,2,36000,1.00222858962
156128,156139,159422,11,3283,2,36000,1.00335059397
156151,156161,159495,10,3334,2,36000,1.00299940012
156188,156198,159434,10,3236,2,36000,1.00309023486
156203,156209,159439,6,3230,2,36000,1.00185758514
156204,156215,159463,11,3248,2,36000,1.00338669951
156334,156344,159627,10,3283,2,36000,1.00304599452
156603,156611,159828,8,3217,2,36000,1.00248678893
156669,156676,163221,7,6545,2,14400,1.00106951872
158612,158621,161845,9,3224,2,36000,1.00279156328
158672,158680,161885,8,3205,2,36000,1.00249609984
158687,158693,161931,6,3238,2,36000,1.00185299568
158810,158821,162027,11,3206,2,36000,1.00343106675
158837,158848,162053,11,3205,2,36000,1.00343213729
158885,158894,162105,9,3211,2,36000,1.00280286515
158918,158928,162152,10,3224,2,36000,1.00310173697
158933,158939,162194,6,3255,2,36000,1.00184331797
158947,158954,162172,7,3218,2,36000,1.00217526414
158983,158993,162177,10,3184,2,36000,1.00314070352
159035,159044,162313,9,3269,2,36000,1.00275313552
159050,159059,162286,9,3227,2,36000,1.00278896808
159065,159071,162203,6,3132,2,36000,1.00191570881
159066,159077,162274,11,3197,2,36000,1.00344072568
159135,159146,162369,11,3223,2,36000,1.00341296928
159162,159172,162427,10,3255,2,36000,1.00307219662
159172,159179,171047,7,11868,2,14400,1.00058982137
159177,159185,162438,8,3253,2,36000,1.00245926837
159198,159208,162453,10,3245,2,36000,1.0030816641
159223,159230,162432,7,3202,2,36000,1.00218613367
159224,159236,162485,12,3249,2,36000,1.00369344414
159239,159247,162469,8,3222,2,36000,1.00248292986
159254,159260,162466,6,3206,2,36000,1.00187149095
159269,159275,162487,6,3212,2,36000,1.00186799502
159284,159290,162499,6,3209,2,36000,1.00186974135
159285,159296,162445,11,3149,2,36000,1.00349317244
159286,159301,162528,15,3227,2,36000,1.00464828014
159288,159306,162498,18,3192,2,36000,1.00563909774
159303,159313,162490,10,3177,2,36000,1.00314762354
159304,159318,162522,14,3204,2,36000,1.00436953808
159315,159324,189827,9,30503,32,115200,1.00029505295
159319,159330,162588,11,3258,2,36000,1.00337630448
159334,159340,162511,6,3171,2,36000,1.00189214759
159345,159351,159352,6,1,2,3540,1.0
159361,159370,162596,9,3226,2,36000,1.00278983261
159376,159383,162593,7,3210,2,36000,1.00218068536
159424,159434,162658,10,3224,2,36000,1.00310173697
159439,159445,162755,6,3310,2,36000,1.00181268882
159454,159460,162723,6,3263,2,36000,1.00183879865
159468,159474,162685,6,3211,2,36000,1.00186857677
159495,159506,162726,11,3220,2,36000,1.00341614907
159628,159638,162821,10,3183,2,36000,1.00314169023
159830,159839,163033,9,3194,2,36000,1.00281778334
161846,161856,165088,10,3232,2,36000,1.00309405941
161888,161896,165139,8,3243,2,36000,1.00246685168
161933,161943,165143,10,3200,2,36000,1.003125
162029,162038,165217,9,3179,2,36000,1.00283107896
162053,162064,165306,11,3242,2,36000,1.0033929673
162107,162117,165274,10,3157,2,36000,1.00316756414
162156,162164,165392,8,3228,2,36000,1.00247831475
162174,162183,165501,9,3318,2,36000,1.0027124774
162188,162194,165408,6,3214,2,36000,1.00186683261
162203,162209,165472,6,3263,2,36000,1.00183879865
162218,162224,165443,6,3219,2,36000,1.0018639329
162275,162285,165481,10,3196,2,36000,1.00312891114
162290,162298,165524,8,3226,2,36000,1.00247985121
162314,162324,165565,10,3241,2,36000,1.00308546745
162371,162380,165600,9,3220,2,36000,1.00279503106
162428,162438,165727,10,3289,2,36000,1.00304043782
162444,162449,165678,5,3229,2,36000,1.00154846702
162445,162455,165782,10,3327,2,36000,1.00300571085
162460,162466,165667,6,3201,2,36000,1.00187441425
162461,162472,165686,11,3214,2,36000,1.00342252645
162476,162483,165700,7,3217,2,36000,1.00217594032
162478,162489,165755,11,3266,2,36000,1.00336803429
162493,162499,165686,6,3187,2,36000,1.00188264826
162495,162505,165699,10,3194,2,36000,1.00313087038
162496,162510,165715,14,3205,2,36000,1.00436817473
162511,162517,165739,6,3222,2,36000,1.00186219739
162512,162523,165711,11,3188,2,36000,1.00345043915
162528,162533,165735,5,3202,2,36000,1.00156152405
162529,162539,165769,10,3230,2,36000,1.00309597523
162544,162550,165753,6,3203,2,36000,1.00187324383
162589,162599,165762,10,3163,2,36000,1.00316155549
162604,162610,165797,6,3187,2,36000,1.00188264826
162605,162616,165874,11,3258,2,36000,1.00337630448
162659,162669,165891,10,3222,2,36000,1.00310366232
162686,162696,165894,10,3198,2,36000,1.00312695435
162726,162734,165978,8,3244,2,36000,1.00246609125
162741,162747,165939,6,3192,2,36000,1.00187969925
162759,162767,166029,8,3262,2,36000,1.00245248314
162822,162832,166077,10,3245,2,36000,1.0030816641
163036,163045,166230,9,3185,2,36000,1.00282574568
165091,165099,168306,8,3207,2,36000,1.00249454319
165142,165150,168385,8,3235,2,36000,1.00247295209
165156,165163,168397,7,3234,2,36000,1.00216450216
165220,165228,168461,8,3233,2,36000,1.00247448191
165277,165285,168502,8,3217,2,36000,1.00248678893
165307,165317,168578,10,3261,2,36000,1.003066544
165394,165404,168644,10,3240,2,36000,1.00308641975
165412,165420,168658,8,3238,2,36000,1.0024706609
165444,165455,168677,11,3222,2,36000,1.00341402855
165474,165483,168709,9,3226,2,36000,1.00278983261
165489,165495,168694,6,3199,2,36000,1.00187558612
165504,165513,168754,9,3241,2,36000,1.0027769207
165525,165536,168818,11,3282,2,36000,1.00335161487
165567,165576,168813,9,3237,2,36000,1.00278035218
165603,165611,168826,8,3215,2,36000,1.00248833593
165670,165678,168900,8,3222,2,36000,1.00248292986
165685,165691,168932,6,3241,2,36000,1.00185128047
165700,165706,168952,6,3246,2,36000,1.00184842884
165701,165712,168925,11,3213,2,36000,1.00342359166
165703,165717,168842,14,3125,2,36000,1.00448
165704,165722,168920,18,3198,2,36000,1.00562851782
165720,165728,168941,8,3213,2,36000,1.00248988484
165721,165733,168979,12,3246,2,36000,1.00369685767
165736,165742,168965,6,3223,2,36000,1.00186161961
165738,165748,169024,10,3276,2,36000,1.00305250305
165753,165759,168975,6,3216,2,36000,1.00186567164
165754,165765,169046,11,3281,2,36000,1.00335263639
165769,165776,169010,7,3234,2,36000,1.00216450216
165771,165782,169106,11,3324,2,36000,1.00330926594
165772,165787,169093,15,3306,2,36000,1.00453720508
165787,165793,169000,6,3207,2,36000,1.00187090739
165802,165808,169056,6,3248,2,36000,1.00184729064
165875,165885,169116,10,3231,2,36000,1.00309501702
165892,165902,169124,10,3222,2,36000,1.00310366232
165907,165913,169107,6,3194,2,36000,1.00187852223
165940,165950,169099,10,3149,2,36000,1.00317561131
165979,165989,169204,10,3215,2,36000,1.00311041991
166030,166040,169267,10,3227,2,36000,1.00309885342
166078,166089,169301,11,3212,2,36000,1.00342465753
166232,166242,169411,10,3169,2,36000,1.00315556958
168308,168317,171547,9,3230,2,36000,1.00278637771
168386,168396,171592,10,3196,2,36000,1.00312891114
168400,168408,171617,8,3209,2,36000,1.00249298847
168464,168473,171718,9,3245,2,36000,1.00277349769
168503,168513,171803,10,3290,2,36000,1.00303951368
168581,168589,171845,8,3256,2,36000,1.00245700246
168644,168655,171870,11,3215,2,36000,1.0034214619
168659,168669,171955,10,3286,2,36000,1.00304321363
168680,168688,171895,8,3207,2,36000,1.00249454319
168695,168705,171941,10,3236,2,36000,1.00309023486
168713,168721,171945,8,3224,2,36000,1.00248138958
168758,168766,172002,8,3236,2,36000,1.00247218789
168815,168825,172025,10,3200,2,36000,1.003125
168830,168836,172159,6,3323,2,36000,1.00180559735
168831,168842,172046,11,3204,2,36000,1.00343320849
168846,168853,172058,7,3205,2,36000,1.00218408736
168903,168911,172166,8,3255,2,36000,1.0024577573
168921,168932,172187,11,3255,2,36000,1.00337941628
168936,168943,172184,7,3241,2,36000,1.00215982721
168938,168949,172204,11,3255,2,36000,1.00337941628
168953,168959,172175,6,3216,2,36000,1.00186567164
168954,168965,172155,11,3190,2,36000,1.00344827586
168969,168976,172259,7,3283,2,36000,1.00213219616
168984,168990,172286,6,3296,2,36000,1.00182038835
168986,168996,172253,10,3257,2,36000,1.0030703101
169001,169011,172309,10,3298,2,36000,1.00303214069
169016,169022,172197,6,3175,2,36000,1.00188976378
169031,169037,172307,6,3270,2,36000,1.00183486239
169049,169057,172348,8,3291,2,36000,1.00243087208
169064,169070,172330,6,3260,2,36000,1.0018404908
169094,169104,172338,10,3234,2,36000,1.00309214595
169110,169116,172334,6,3218,2,36000,1.00186451212
169111,169122,172387,11,3265,2,36000,1.00336906585
169112,169127,172337,15,3210,2,36000,1.0046728972
169127,169133,172367,6,3234,2,36000,1.00185528757
169129,169139,172324,10,3185,2,36000,1.00313971743
169207,169215,172437,8,3222,2,36000,1.00248292986
169270,169279,172551,9,3272,2,36000,1.00275061125
169303,169312,172531,9,3219,2,36000,1.00279589935
169412,169422,172636,10,3214,2,36000,1.00311138768
170235,170242,170243,7,1,2,3540,1.0
171549,171558,174781,9,3223,2,36000,1.00279242941
171594,171603,174790,9,3187,2,36000,1.00282397239
171618,171628,174871,10,3243,2,36000,1.0030835646
171720,171729,174984,9,3255,2,36000,1.00276497696
171805,171814,175028,9,3214,2,36000,1.00280024891
171847,171856,175056,9,3200,2,36000,1.0028125
171870,171881,175134,11,3253,2,36000,1.00338149401
171897,171907,175150,10,3243,2,36000,1.0030835646
171943,171953,175158,10,3205,2,36000,1.0031201248
171958,171964,175196,6,3232,2,36000,1.00185643564
171959,171970,175230,11,3260,2,36000,1.00337423313
172004,172013,175233,9,3220,2,36000,1.00279503106
172028,172036,175345,8,3309,2,36000,1.00241764884
172049,172057,175299,8,3242,2,36000,1.00246761258
172064,172069,175176,5,3107,2,36000,1.00160926939
172070,172075,213510,5,41435,15,57600,1.00012067093
172157,172166,175395,9,3229,2,36000,1.00278724063
172172,172178,175418,6,3240,2,36000,1.00185185185
172173,172184,175413,11,3229,2,36000,1.00340662744
172189,172195,175492,6,3297,2,36000,1.00181983621
172190,172201,175443,11,3242,2,36000,1.0033929673
172191,172206,175442,15,3236,2,36000,1.00463535229
172207,172212,175440,5,3228,2,36000,1.00154894672
172208,172218,175404,10,3186,2,36000,1.00313873195
172256,172265,175479,9,3214,2,36000,1.00280024891
172271,172277,175482,6,3205,2,36000,1.00187207488
172289,172298,175572,9,3274,2,36000,1.00274893097
172310,172324,175574,14,3250,2,36000,1.00430769231
172311,172318,175538,7,3220,2,36000,1.00217391304
172327,172335,175624,8,3289,2,36000,1.00243235026
172342,172348,175544,6,3196,2,36000,1.00187734668
172343,172354,175510,11,3156,2,36000,1.00348542459
172345,172359,175558,14,3199,2,36000,1.00437636761
172346,172364,175596,18,3232,2,36000,1.00556930693
172361,172370,175608,9,3238,2,36000,1.00277949351
172376,172382,175601,6,3219,2,36000,1.0018639329
172391,172398,175692,7,3294,2,36000,1.0021250759
172396,172404,172425,8,21,15,57600,1.38095238095
172439,172448,175686,9,3238,2,36000,1.00277949351
172532,172542,175809,10,3267,2,36000,1.00306091215
172553,172563,175765,10,3202,2,36000,1.00312304809
172638,172648,175888,10,3240,2,36000,1.00308641975
174781,174792,178019,11,3227,2,36000,1.00340873877
174798,174804,178027,6,3223,2,36000,1.00186161961
174873,174882,178091,9,3209,2,36000,1.00280461203
174985,174995,178254,10,3259,2,36000,1.0030684259
175030,175039,178291,9,3252,2,36000,1.00276752768
175057,175067,178285,10,3218,2,36000,1.0031075202
175135,175145,178367,10,3222,2,36000,1.00310366232
175153,175161,178400,8,3239,2,36000,1.00246989812
175168,175174,178452,6,3278,2,36000,1.00183038438
175183,175189,178404,6,3215,2,36000,1.00186625194
175198,175208,178387,10,3179,2,36000,1.00314564328
175231,175241,178413,10,3172,2,36000,1.00315258512
175246,175252,178509,6,3257,2,36000,1.00184218606
175300,175310,178538,10,3228,2,36000,1.00309789343
175348,175356,178617,8,3261,2,36000,1.0024532352
175399,175407,178693,8,3286,2,36000,1.00243457091
175414,175420,178672,6,3252,2,36000,1.00184501845
175416,175426,178643,10,3217,2,36000,1.00310848617
175431,175437,178669,6,3232,2,36000,1.00185643564
175446,175452,178696,6,3244,2,36000,1.00184956843
175447,175458,178648,11,3190,2,36000,1.00344827586
175449,175463,178695,14,3232,2,36000,1.00433168317
175482,175496,178715,14,3219,2,36000,1.00434917676
175483,175490,178690,7,3200,2,36000,1.0021875
175499,175505,178758,6,3253,2,36000,1.00184445128
175513,175521,178678,8,3157,2,36000,1.00253405131
175540,175550,178765,10,3215,2,36000,1.00311041991
175555,175562,178732,7,3170,2,36000,1.00220820189
175570,175576,178803,6,3227,2,36000,1.00185931205
175586,175592,178803,6,3211,2,36000,1.00186857677
175587,175598,178861,11,3263,2,36000,1.00337113086
175602,175609,178857,7,3248,2,36000,1.00215517241
175604,175615,178839,11,3224,2,36000,1.00341191067
175619,175625,178838,6,3213,2,36000,1.00186741363
175633,175639,178897,6,3258,2,36000,1.00184162063
175688,175697,178894,9,3197,2,36000,1.00281513919
175702,175709,178936,7,3227,2,36000,1.0021691974
175765,175776,179093,11,3317,2,36000,1.00331624962
175811,175820,179047,9,3227,2,36000,1.00278896808
175889,175899,179218,10,3319,2,36000,1.00301295571
178021,178030,181248,9,3218,2,36000,1.00279676818
178036,178042,181298,6,3256,2,36000,1.00184275184
178093,178103,181275,10,3172,2,36000,1.00315258512
178256,178266,181486,10,3220,2,36000,1.00310559006
178286,178296,181523,10,3227,2,36000,1.00309885342
178301,178307,181508,6,3201,2,36000,1.00187441425
178370,178378,181598,8,3220,2,36000,1.00248447205
178388,178398,181548,10,3150,2,36000,1.00317460317
178403,178411,181655,8,3244,2,36000,1.00246609125
178418,178424,181645,6,3221,2,36000,1.00186277554
178419,178430,181722,11,3292,2,36000,1.00334143378
178455,178464,181686,9,3222,2,36000,1.00279329609
178509,178520,181683,11,3163,2,36000,1.00347771103
178539,178549,181732,10,3183,2,36000,1.00314169023
178618,178628,181830,10,3202,2,36000,1.00312304809
178644,178654,181893,10,3239,2,36000,1.00308737265
178659,178665,181899,6,3234,2,36000,1.00185528757
178674,178680,181857,6,3177,2,36000,1.00188857413
178676,178686,181978,10,3292,2,36000,1.00303766707
178691,178698,181878,7,3180,2,36000,1.00220125786
178693,178704,181944,11,3240,2,36000,1.00339506173
178709,178715,181972,6,3257,2,36000,1.00184218606
178710,178721,181977,11,3256,2,36000,1.00337837838
178711,178726,181954,15,3228,2,36000,1.00464684015
178726,178732,182074,6,3342,2,36000,1.00179533214
178741,178747,182062,6,3315,2,36000,1.00180995475
178759,178770,181972,11,3202,2,36000,1.0034353529
178774,178780,181958,6,3178,2,36000,1.00188797986
178804,178813,181999,9,3186,2,36000,1.00282485876
178805,178819,182009,14,3190,2,36000,1.00438871473
178839,178849,182066,10,3217,2,36000,1.00310848617
178854,178860,182066,6,3206,2,36000,1.00187149095
178869,178875,182064,6,3189,2,36000,1.00188146754
178870,178881,182112,11,3231,2,36000,1.00340451872
178894,178905,182157,11,3252,2,36000,1.00338253383
178909,178915,182109,6,3194,2,36000,1.00187852223
178936,178947,182241,11,3294,2,36000,1.00333940498
179048,179058,182307,10,3249,2,36000,1.00307787011
179094,179104,182403,10,3299,2,36000,1.00303122158
179220,179229,182403,9,3174,2,36000,1.00283553875
181250,181259,184473,9,3214,2,36000,1.00280024891
181277,181286,184480,9,3194,2,36000,1.00281778334
181301,181310,184496,9,3186,2,36000,1.00282485876
181487,181497,184683,10,3186,2,36000,1.00313873195
181512,181520,184815,8,3295,2,36000,1.00242792109
181526,181534,184761,8,3227,2,36000,1.00247908274
181550,181560,184750,10,3190,2,36000,1.00313479624
181601,181610,184844,9,3234,2,36000,1.00278293135
181646,181656,184950,10,3294,2,36000,1.00303582271
181661,181667,184890,6,3223,2,36000,1.00186161961
181685,181694,184956,9,3262,2,36000,1.00275904353
181700,181706,184857,6,3151,2,36000,1.00190415741
181724,181733,184881,9,3148,2,36000,1.00285895807
181739,181745,184975,6,3230,2,36000,1.00185758514
181833,181842,185051,9,3209,2,36000,1.00280461203
181860,181868,185124,8,3256,2,36000,1.00245700246
181881,181890,185103,9,3213,2,36000,1.00280112045
181896,181905,185094,9,3189,2,36000,1.00282220132
181911,181917,185119,6,3202,2,36000,1.00187382886
181947,181956,185196,9,3240,2,36000,1.00277777778
181962,181969,185204,7,3235,2,36000,1.00216383308
181964,181975,185177,11,3202,2,36000,1.0034353529
181980,181986,185202,6,3216,2,36000,1.00186567164
181981,181992,185184,11,3192,2,36000,1.00344611529
181982,181997,185202,15,3205,2,36000,1.00468018721
181984,182003,185227,19,3224,2,36000,1.00589330025
182002,182010,185214,8,3204,2,36000,1.0024968789
182016,182023,185226,7,3203,2,36000,1.00218545114
182065,182073,185309,8,3236,2,36000,1.00247218789
182067,182079,185320,12,3241,2,36000,1.00370256094
182082,182088,185313,6,3225,2,36000,1.00186046512
182083,182094,185292,11,3198,2,36000,1.00343964978
182084,182099,185298,15,3199,2,36000,1.0046889653
182112,182121,185372,9,3251,2,36000,1.00276837896
182127,182133,185338,6,3205,2,36000,1.00187207488
182160,182168,185410,8,3242,2,36000,1.00246761258
182242,182252,185497,10,3245,2,36000,1.0030816641
182308,182319,185520,11,3201,2,36000,1.00343642612
182405,182414,185593,9,3179,2,36000,1.00283107896
182406,182419,185682,13,3263,2,36000,1.00398406375
184476,184485,187721,9,3236,2,36000,1.00278121137
184491,184497,187690,6,3193,2,36000,1.00187911055
184506,184512,187720,6,3208,2,36000,1.00187032419
184684,184694,187916,10,3222,2,36000,1.00310366232
184753,184762,187985,9,3223,2,36000,1.00279242941
184768,184774,187974,6,3200,2,36000,1.001875
184816,184827,188036,11,3209,2,36000,1.00342785915
184846,184855,188125,9,3270,2,36000,1.00275229358
184861,184868,188100,7,3232,2,36000,1.00216584158
184882,184893,188086,11,3193,2,36000,1.00344503602
184897,184903,188106,6,3203,2,36000,1.00187324383
184951,184962,188183,11,3221,2,36000,1.00341508848
184966,184972,188138,6,3166,2,36000,1.00189513582
184981,184987,188219,6,3232,2,36000,1.00185643564
185054,185063,188284,9,3221,2,36000,1.0027941633
185096,185105,188280,9,3175,2,36000,1.00283464567
185111,185117,188210,6,3093,2,36000,1.00193986421
185126,185132,188365,6,3233,2,36000,1.00185586143
185127,185138,188317,11,3179,2,36000,1.00346020761
185178,185188,188396,10,3208,2,36000,1.00311720698
185193,185200,188426,7,3226,2,36000,1.00216986981
185209,185216,188477,7,3261,2,36000,1.0021465808
185211,185222,188409,11,3187,2,36000,1.00345152181
185212,185227,188430,15,3203,2,36000,1.00468310958
185213,185232,188493,19,3261,2,36000,1.00582643361
185229,185238,188413,9,3175,2,36000,1.00283464567
185230,185243,188483,13,3240,2,36000,1.00401234568
185231,185248,188555,17,3307,2,36000,1.00514061083
185295,185303,188459,8,3156,2,36000,1.00253485425
185310,185316,188549,6,3233,2,36000,1.00185586143
185311,185322,188545,11,3223,2,36000,1.00341296928
185327,185333,188552,6,3219,2,36000,1.0018639329
185328,185339,188556,11,3217,2,36000,1.00341933478
185343,185349,188597,6,3248,2,36000,1.00184729064
185373,185383,188592,10,3209,2,36000,1.00311623559
185413,185421,188622,8,3201,2,36000,1.00249921899
185497,185508,188741,11,3233,2,36000,1.00340241262
185521,185531,188758,10,3227,2,36000,1.00309885342
185594,185604,188811,10,3207,2,36000,1.00311817898
185684,185693,188893,9,3200,2,36000,1.0028125
187477,187484,271605,7,84121,4,169200,1.00008321347
187693,187701,190973,8,3272,2,36000,1.00244498778
187723,187732,190966,9,3234,2,36000,1.00278293135
187725,187737,190941,12,3204,2,36000,1.00374531835
187918,187928,191159,10,3231,2,36000,1.00309501702
187976,187985,191195,9,3210,2,36000,1.00280373832
187991,187997,191232,6,3235,2,36000,1.00185471406
188039,188047,191287,8,3240,2,36000,1.0024691358
188088,188097,191308,9,3211,2,36000,1.00280286515
188103,188112,191362,9,3250,2,36000,1.00276923077
188118,188124,191365,6,3241,2,36000,1.00185128047
188133,188139,191339,6,3200,2,36000,1.001875
188148,188154,191385,6,3231,2,36000,1.00185701021
188184,188194,191430,10,3236,2,36000,1.00309023486
188211,188221,191517,10,3296,2,36000,1.00303398058
188227,188233,191443,6,3210,2,36000,1.00186915888
188282,188291,191515,9,3224,2,36000,1.00279156328
188299,188305,191532,6,3227,2,36000,1.00185931205
188320,188328,191530,8,3202,2,36000,1.00249843848
188366,188377,191620,11,3243,2,36000,1.00339192106
188400,188408,191648,8,3240,2,36000,1.0024691358
188417,188423,191771,6,3348,2,36000,1.0017921147
188418,188429,191680,11,3251,2,36000,1.00338357428
188436,188441,191640,5,3199,2,36000,1.00156298843
188437,188448,191729,11,3281,2,36000,1.00335263639
188463,188469,191741,6,3272,2,36000,1.00183374083
188479,188488,191689,9,3201,2,36000,1.00281162137
188496,188502,191704,6,3202,2,36000,1.00187382886
188497,188508,191812,11,3304,2,36000,1.00332929782
188546,188556,191785,10,3229,2,36000,1.00309693404
188562,188568,191783,6,3215,2,36000,1.00186625194
188563,188574,191774,11,3200,2,36000,1.0034375
188564,188579,191784,15,3205,2,36000,1.00468018721
188566,188584,191813,18,3229,2,36000,1.00557448126
188596,188604,191834,8,3230,2,36000,1.00247678019
188611,188617,191876,6,3259,2,36000,1.00184105554
188626,188633,191900,7,3267,2,36000,1.00214263851
188743,188752,191994,9,3242,2,36000,1.00277606416
188761,188770,191985,9,3215,2,36000,1.00279937792
188814,188822,192117,8,3295,2,36000,1.00242792109
188893,188904,192135,11,3231,2,36000,1.00340451872
189427,189433,189554,6,121,1,1800,1.04958677686
189868,189874,189979,6,105,1,1800,1.05714285714
190606,190612,191163,6,551,1,1800,1.0108892922
190944,190953,194128,9,3175,2,36000,1.00283464567
190968,190977,194185,9,3208,2,36000,1.00280548628
190983,190989,194234,6,3245,2,36000,1.00184899846
191161,191170,194372,9,3202,2,36000,1.00281074329
191197,191206,194433,9,3227,2,36000,1.00278896808
191233,191244,194453,11,3209,2,36000,1.00342785915
191291,191298,194592,7,3294,2,36000,1.0021250759
191311,191319,194568,8,3249,2,36000,1.00246229609
191342,191350,194545,8,3195,2,36000,1.00250391236
191363,191373,194585,10,3212,2,36000,1.00311332503
191378,191384,194625,6,3241,2,36000,1.00185128047
191393,191399,194578,6,3179,2,36000,1.00188738597
191432,191441,194668,9,3227,2,36000,1.00278896808
191447,191454,194656,7,3202,2,36000,1.00218613367
191516,191526,194749,10,3223,2,36000,1.00310269935
191531,191537,194745,6,3208,2,36000,1.00187032419
191532,191543,194738,11,3195,2,36000,1.0034428795
191547,191554,194798,7,3244,2,36000,1.00215782984
191623,191631,194893,8,3262,2,36000,1.00245248314
191644,191652,194844,8,3192,2,36000,1.00250626566
191659,191665,194886,6,3221,2,36000,1.00186277554
191683,191691,194988,8,3297,2,36000,1.00242644829
191698,191704,194918,6,3214,2,36000,1.00186683261
191713,191719,194924,6,3205,2,36000,1.00187207488
191731,191741,195026,10,3285,2,36000,1.00304414003
191746,191752,195037,6,3285,2,36000,1.00182648402
191773,191782,195041,9,3259,2,36000,1.00276158331
191789,191796,195008,7,3212,2,36000,1.00217932752
191791,191802,195005,11,3203,2,36000,1.00343428036
191792,191807,195018,15,3211,2,36000,1.00467144192
191793,191812,195064,19,3252,2,36000,1.00584255843
191815,191823,195072,8,3249,2,36000,1.00246229609
191816,191829,195048,13,3219,2,36000,1.00403852128
191837,191845,195019,8,3174,2,36000,1.00252047889
191879,191887,195144,8,3257,2,36000,1.00245624808
191903,191912,195125,9,3213,2,36000,1.00280112045
191988,191997,195266,9,3269,2,36000,1.00275313552
192003,192009,195275,6,3266,2,36000,1.00183710961
192121,192129,195367,8,3238,2,36000,1.0024706609
192135,192146,195413,11,3267,2,36000,1.00336700337
192727,192734,192772,7,38,1,1800,1.18421052632
192965,192971,193020,6,49,1,1800,1.12244897959
193052,193058,193132,6,74,1,1800,1.08108108108
193339,193345,193422,6,77,1,1800,1.07792207792
193645,193651,193877,6,226,1,1800,1.02654867257
194131,194140,197438,9,3298,2,36000,1.00272892662
194188,194196,197386,8,3190,2,36000,1.00250783699
194236,194245,197433,9,3188,2,36000,1.00282308657
194331,194337,194615,6,278,1,1800,1.02158273381
194375,194383,197623,8,3240,2,36000,1.0024691358
194436,194444,197676,8,3232,2,36000,1.00247524752
194456,194465,197678,9,3213,2,36000,1.00280112045
194547,194556,197813,9,3257,2,36000,1.00276327909
194571,194579,197786,8,3207,2,36000,1.00249454319
194586,194592,197783,6,3191,2,36000,1.00188028831
194588,194598,197912,10,3314,2,36000,1.00301750151
194603,194609,197823,6,3214,2,36000,1.00186683261
194627,194637,197828,10,3191,2,36000,1.00313381385
194657,194667,197888,10,3221,2,36000,1.00310462589
194672,194679,197912,7,3233,2,36000,1.00216517167
194741,194750,197979,9,3229,2,36000,1.00278724063
194756,194762,197959,6,3197,2,36000,1.00187675946
194757,194768,197992,11,3224,2,36000,1.00341191067
194799,194810,198043,11,3233,2,36000,1.00340241262
194848,194856,198066,8,3210,2,36000,1.00249221184
194887,194897,198233,10,3336,2,36000,1.00299760192
194902,194908,198136,6,3228,2,36000,1.00185873606
194920,194929,198153,9,3224,2,36000,1.00279156328
194935,194941,198219,6,3278,2,36000,1.00183038438
194989,194999,198187,10,3188,2,36000,1.00313676286
195007,195016,198222,9,3206,2,36000,1.00280723643
195023,195029,198230,6,3201,2,36000,1.00187441425
195024,195035,198248,11,3213,2,36000,1.00342359166
195025,195040,198253,15,3213,2,36000,1.00466853408
195042,195048,198344,6,3296,2,36000,1.00182038835
195043,195054,198320,11,3266,2,36000,1.00336803429
195058,195064,198269,6,3205,2,36000,1.00187207488
195059,195070,198344,11,3274,2,36000,1.00335980452
195075,195081,198303,6,3222,2,36000,1.00186219739
195076,195087,198303,11,3216,2,36000,1.00342039801
195128,195137,198375,9,3238,2,36000,1.00277949351
195145,195155,198443,10,3288,2,36000,1.00304136253
195266,195277,198496,11,3219,2,36000,1.00341721031
195281,195288,198508,7,3220,2,36000,1.00217391304
195282,195293,195322,11,29,1,1800,1.37931034483
195369,195378,198520,9,3142,2,36000,1.00286441757
195414,195424,198713,10,3289,2,36000,1.00304043782
195623,195629,195688,6,59,1,1800,1.10169491525
196415,196421,196537,6,116,1,1800,1.05172413793
197386,197397,200602,11,3205,2,36000,1.00343213729
197435,197444,200640,9,3196,2,36000,1.00281602003
197450,197456,200656,6,3200,2,36000,1.001875
197625,197634,200834,9,3200,2,36000,1.0028125
197679,197686,200965,7,3279,2,36000,1.00213479719
197680,197692,200905,12,3213,2,36000,1.00373482726
197786,197794,201044,8,3250,2,36000,1.00246153846
197787,197800,201042,13,3242,2,36000,1.00400987045
197815,197824,201049,9,3225,2,36000,1.00279069767
197830,197837,201054,7,3217,2,36000,1.00217594032
197832,197843,201054,11,3211,2,36000,1.00342572407
197889,197899,201150,10,3251,2,36000,1.00307597662
197914,197923,201145,9,3222,2,36000,1.00279329609
197915,197928,201135,13,3207,2,36000,1.00405363268
197960,197971,201189,11,3218,2,36000,1.00341827222
197981,197990,201209,9,3219,2,36000,1.00279589935
197996,198003,201175,7,3172,2,36000,1.00220680958
198044,198054,201215,10,3161,2,36000,1.00316355584
198068,198077,201283,9,3206,2,36000,1.00280723643
198137,198147,201371,10,3224,2,36000,1.00310173697
198155,198165,201232,10,3067,2,36000,1.00326051516
198189,198198,201382,9,3184,2,36000,1.00282663317
198222,198230,201453,8,3223,2,36000,1.00248215948
198238,198244,201410,6,3166,2,36000,1.00189513582
198239,198250,201467,11,3217,2,36000,1.00341933478
198240,198255,201461,15,3206,2,36000,1.00467872739
198256,198262,201528,6,3266,2,36000,1.00183710961
198257,198268,201460,11,3192,2,36000,1.00344611529
198272,198280,201526,8,3246,2,36000,1.00246457178
198306,198314,201538,8,3224,2,36000,1.00248138958
198307,198319,201566,12,3247,2,36000,1.00369571913
198322,198332,201576,10,3244,2,36000,1.00308261406
198347,198384,201624,37,3240,2,36000,1.01141975309
198348,198389,201609,41,3220,2,36000,1.01273291925
198378,198395,201596,17,3201,2,36000,1.00531084036
198445,198454,201671,9,3217,2,36000,1.00279763755
198499,198507,201808,8,3301,2,36000,1.00242350803
198514,198520,201789,6,3269,2,36000,1.00183542368
198529,198535,201765,6,3230,2,36000,1.00185758514
198713,198724,201948,11,3224,2,36000,1.00341191067
200605,200613,203844,8,3231,2,36000,1.00247601362
200641,200651,203847,10,3196,2,36000,1.00312891114
200659,200667,203862,8,3195,2,36000,1.00250391236
200835,200845,204047,10,3202,2,36000,1.00312304809
200907,200917,204072,10,3155,2,36000,1.00316957211
200967,200976,204237,9,3261,2,36000,1.0027598896
201043,201053,204282,10,3229,2,36000,1.00309693404
201059,201066,204276,7,3210,2,36000,1.00218068536
201061,201072,204254,11,3182,2,36000,1.00345694532
201062,201077,204298,15,3221,2,36000,1.00465693884
201063,201082,204289,19,3207,2,36000,1.00592454007
201136,201146,204383,10,3237,2,36000,1.0030892802
201151,201158,204353,7,3195,2,36000,1.00219092332
201153,201164,204363,11,3199,2,36000,1.00343857455
201177,201186,204342,9,3156,2,36000,1.00285171103
201192,201200,204386,8,3186,2,36000,1.00251098556
201210,201220,204420,10,3200,2,36000,1.003125
201225,201231,204462,6,3231,2,36000,1.00185701021
201240,201246,204446,6,3200,2,36000,1.001875
201285,201294,204471,9,3177,2,36000,1.00283286119
201373,201382,204594,9,3212,2,36000,1.00280199253
201388,201393,204625,5,3232,2,36000,1.0015470297
201412,201421,204653,9,3232,2,36000,1.00278465347
201454,201464,204687,10,3223,2,36000,1.00310269935
201470,201476,204720,6,3244,2,36000,1.00184956843
201471,201482,204658,11,3176,2,36000,1.00346347607
201472,201487,204650,15,3163,2,36000,1.00474233323
201527,201537,204791,10,3254,2,36000,1.00307314075
201542,201548,204775,6,3227,2,36000,1.00185931205
201544,201554,204686,10,3132,2,36000,1.00319284802
201568,201578,204899,10,3321,2,36000,1.00301114122
201583,201589,204766,6,3177,2,36000,1.00188857413
201598,201607,204801,9,3194,2,36000,1.00281778334
201613,201620,204837,7,3217,2,36000,1.00217594032
201628,201635,204861,7,3226,2,36000,1.00216986981
201674,201682,204902,8,3220,2,36000,1.00248447205
201768,201777,205018,9,3241,2,36000,1.0027769207
201792,201800,205022,8,3222,2,36000,1.00248292986
201810,201819,205080,9,3261,2,36000,1.0027598896
201952,201960,205112,8,3152,2,36000,1.00253807107
203847,203855,207006,8,3151,2,36000,1.00253887655
203848,203861,207145,13,3284,2,36000,1.00395858709
203864,203874,207096,10,3222,2,36000,1.00310366232
204048,204058,207265,10,3207,2,36000,1.00311817898
204075,204083,207264,8,3181,2,36000,1.00251493241
204238,204248,207330,10,3082,2,36000,1.00324464633
204256,204265,207523,9,3258,2,36000,1.00276243094
204277,204287,207489,10,3202,2,36000,1.00312304809
204293,204299,207486,6,3187,2,36000,1.00188264826
204294,204305,207499,11,3194,2,36000,1.00344395742
204309,204315,207432,6,3117,2,36000,1.00192492782
204345,204353,207507,8,3154,2,36000,1.00253646164
204360,204366,207545,6,3179,2,36000,1.00188738597
204376,204382,207548,6,3166,2,36000,1.00189513582
204391,204397,207585,6,3188,2,36000,1.00188205772
204392,204403,207666,11,3263,2,36000,1.00337113086
204422,204432,207666,10,3234,2,36000,1.00309214595
204449,204457,207544,8,3087,2,36000,1.0025915128
204464,204473,207660,9,3187,2,36000,1.00282397239
204479,204485,207643,6,3158,2,36000,1.00189993667
204597,204605,207760,8,3155,2,36000,1.00253565769
204627,204636,207801,9,3165,2,36000,1.0028436019
204651,204661,207857,10,3196,2,36000,1.00312891114
204667,204673,207870,6,3197,2,36000,1.00187675946
204668,204679,207876,11,3197,2,36000,1.00344072568
204690,204698,207807,8,3109,2,36000,1.00257317465
204691,204703,207976,12,3273,2,36000,1.00366636114
204721,204731,207902,10,3171,2,36000,1.00315357931
204769,204778,207991,9,3213,2,36000,1.00280112045
204784,204790,208022,6,3232,2,36000,1.00185643564
204799,204806,208109,7,3303,2,36000,1.0021192855
204814,204820,208012,6,3192,2,36000,1.00187969925
204838,204848,208138,10,3290,2,36000,1.00303951368
204863,204872,208112,9,3240,2,36000,1.00277777778
204902,204910,208120,8,3210,2,36000,1.00249221184
204917,204923,208206,6,3283,2,36000,1.00182759671
205019,205030,208382,11,3352,2,36000,1.00328162291
205034,205040,208212,6,3172,2,36000,1.00189155107
205082,205092,208238,10,3146,2,36000,1.00317863954
205113,205123,208265,10,3142,2,36000,1.00318268619
206195,206201,253927,6,47726,15,57600,1.00012571764
207008,207017,210205,9,3188,2,36000,1.00282308657
207099,207107,210379,8,3272,2,36000,1.00244498778
207147,207156,210294,9,3138,2,36000,1.00286806883
207267,207275,210339,8,3064,2,36000,1.00261096606
207268,207281,210517,13,3236,2,36000,1.00401730532
207332,207342,210572,10,3230,2,36000,1.00309597523
207435,207444,210609,9,3165,2,36000,1.0028436019
207487,207497,210821,10,3324,2,36000,1.00300842359
207502,207508,210679,6,3171,2,36000,1.00189214759
207503,207514,210678,11,3164,2,36000,1.00347661188
207518,207525,210641,7,3116,2,36000,1.00224646983
207533,207540,210808,7,3268,2,36000,1.00214198286
207549,207555,210764,6,3209,2,36000,1.00186974135
207550,207561,210814,11,3253,2,36000,1.00338149401
207552,207566,210850,14,3284,2,36000,1.00426309379
207588,207596,210745,8,3149,2,36000,1.00254048904
207646,207654,210918,8,3264,2,36000,1.00245098039
207661,207671,210887,10,3216,2,36000,1.00310945274
207676,207682,210902,6,3220,2,36000,1.00186335404
207678,207688,210817,10,3129,2,36000,1.00319590924
207762,207771,210985,9,3214,2,36000,1.00280024891
207803,207812,211075,9,3263,2,36000,1.00275819798
207818,207824,211021,6,3197,2,36000,1.00187675946
207857,207868,211037,11,3169,2,36000,1.00347112654
207873,207881,210928,8,3047,2,36000,1.00262553331
207888,207894,211014,6,3120,2,36000,1.00192307692
207903,207913,211186,10,3273,2,36000,1.00305530095
207979,207988,211225,9,3237,2,36000,1.00278035218
207994,208002,211130,8,3128,2,36000,1.00255754476
208019,208025,211219,6,3194,2,36000,1.00187852223
208034,208040,211320,6,3280,2,36000,1.00182926829
208101,208108,212101,7,3993,15,57600,1.00175306787
208110,208120,211292,10,3172,2,36000,1.00315258512
208126,208132,211410,6,3278,2,36000,1.00183038438
208128,208138,211344,10,3206,2,36000,1.00311915159
208143,208148,211417,5,3269,2,36000,1.00152951973
208207,208217,211393,10,3176,2,36000,1.00314861461
208222,208228,211389,6,3161,2,36000,1.0018981335
208240,208249,211499,9,3250,2,36000,1.00276923077
208267,208276,211280,9,3004,2,36000,1.00299600533
208382,208393,211657,11,3264,2,36000,1.00337009804
210209,210216,213434,7,3218,2,36000,1.00217526414
210296,210305,213454,9,3149,2,36000,1.00285805017
210341,210351,213626,10,3275,2,36000,1.00305343511
210380,210390,213622,10,3232,2,36000,1.00309405941
210384,210395,297395,11,87000,1,216000,1.00012643678
210519,210528,213832,9,3304,2,36000,1.00272397094
210574,210583,213701,9,3118,2,36000,1.00288646568
210610,210620,213695,10,3075,2,36000,1.00325203252
210643,210652,213777,9,3125,2,36000,1.00288
210679,210689,213894,10,3205,2,36000,1.0031201248
210681,210695,213921,14,3226,2,36000,1.00433973962
210747,210756,213978,9,3222,2,36000,1.00279329609
210765,210776,213948,11,3172,2,36000,1.00346784363
210811,210819,214071,8,3252,2,36000,1.0024600246
210826,210832,214080,6,3248,2,36000,1.00184729064
210828,210838,214043,10,3205,2,36000,1.0031201248
210829,210843,213909,14,3066,2,36000,1.00456621005
210853,210861,214034,8,3173,2,36000,1.00252127324
210889,210898,214074,9,3176,2,36000,1.00283375315
210904,210913,214217,9,3304,2,36000,1.00272397094
210919,210929,214222,10,3293,2,36000,1.00303674461
210934,210940,214028,6,3088,2,36000,1.00194300518
210986,210996,214155,10,3159,2,36000,1.00316555872
211016,211025,214247,9,3222,2,36000,1.00279329609
211031,211037,214167,6,3130,2,36000,1.00191693291
211046,211052,214232,6,3180,2,36000,1.00188679245
211076,211086,214333,10,3247,2,36000,1.00307976594
211133,211142,214396,9,3254,2,36000,1.00276582667
211188,211197,214377,9,3180,2,36000,1.00283018868
211221,211230,214408,9,3178,2,36000,1.00283196979
211236,211242,214384,6,3142,2,36000,1.00190961171
211281,211291,214460,10,3169,2,36000,1.00315556958
211296,211303,214579,7,3276,2,36000,1.00213675214
211320,211331,214546,11,3215,2,36000,1.0034214619
211347,211356,214716,9,3360,2,36000,1.00267857143
211393,211400,214669,7,3269,2,36000,1.00214132762
211394,211406,214579,12,3173,2,36000,1.00378190986
211412,211421,214663,9,3242,2,36000,1.00277606416
211427,211433,214706,6,3273,2,36000,1.00183318057
211503,211510,214689,7,3179,2,36000,1.0022019503
211660,211669,214847,9,3178,2,36000,1.00283196979
212118,212124,212157,6,33,15,57600,1.18181818182
213437,213446,216608,9,3162,2,36000,1.00284629981
213455,213465,216653,10,3188,2,36000,1.00313676286
213624,213633,216789,9,3156,2,36000,1.00285171103
213639,213645,216908,6,3263,2,36000,1.00183879865
213696,213706,216818,10,3112,2,36000,1.00321336761
213711,213717,216791,6,3074,2,36000,1.00195185426
213778,213788,217026,10,3238,2,36000,1.00308832613
213835,213843,216983,8,3140,2,36000,1.0025477707
213895,213906,217064,11,3158,2,36000,1.00348321723
213910,213920,217161,10,3241,2,36000,1.00308546745
213926,213931,217066,5,3135,2,36000,1.00159489633
213950,213959,217256,9,3297,2,36000,1.00272975432
213980,213989,217231,9,3242,2,36000,1.00277606416
214031,214039,217250,8,3211,2,36000,1.00249143569
214046,214053,217254,7,3201,2,36000,1.00218681662
214048,214059,217239,11,3180,2,36000,1.0034591195
214075,214082,217343,7,3261,2,36000,1.0021465808
214076,214088,217310,12,3222,2,36000,1.00372439479
214091,214097,217223,6,3126,2,36000,1.0019193858
214121,214127,255666,6,41539,15,57600,1.00014444257
214158,214166,217331,8,3165,2,36000,1.00252764613
214173,214179,217364,6,3185,2,36000,1.00188383046
214218,214228,217501,10,3273,2,36000,1.00305530095
214234,214240,217428,6,3188,2,36000,1.00188205772
214235,214246,217428,11,3182,2,36000,1.00345694532
214250,214258,217469,8,3211,2,36000,1.00249143569
214334,214344,217504,10,3160,2,36000,1.00316455696
214379,214388,217737,9,3349,2,36000,1.00268736936
214395,214401,217648,6,3247,2,36000,1.00184785956
214410,214416,217657,6,3241,2,36000,1.00185128047
214411,214422,217613,11,3191,2,36000,1.00344719524
214463,214471,217661,8,3190,2,36000,1.00250783699
214547,214557,217823,10,3266,2,36000,1.00306184936
214581,214590,217859,9,3269,2,36000,1.00275313552
214582,214595,217753,13,3158,2,36000,1.00411652945
214667,214675,217894,8,3219,2,36000,1.00248524386
214682,214688,218050,6,3362,2,36000,1.00178465199
214697,214703,218047,6,3344,2,36000,1.00179425837
214712,214718,218050,6,3332,2,36000,1.00180072029
214727,214733,217896,6,3163,2,36000,1.00189693329
214847,214858,218053,11,3195,2,36000,1.0034428795
215692,215699,215713,7,14,1,72000,1.5
215902,215908,217477,6,1569,1,72000,1.00382409178
216610,216619,219745,9,3126,2,36000,1.00287907869
216655,216664,219830,9,3166,2,36000,1.00284270373
216791,216801,219828,10,3027,2,36000,1.00330360093
216793,216807,219982,14,3175,2,36000,1.00440944882
216820,216829,220068,9,3239,2,36000,1.00277863538
216911,216919,220094,8,3175,2,36000,1.00251968504
216986,216994,220167,8,3173,2,36000,1.00252127324
217029,217038,220229,9,3191,2,36000,1.00282043247
217068,217075,220188,7,3113,2,36000,1.00224863476
217069,217081,220334,12,3253,2,36000,1.00368890255
217163,217172,220451,9,3279,2,36000,1.00274473925
217223,217234,220490,11,3256,2,36000,1.00337837838
217238,217245,220414,7,3169,2,36000,1.00220889871
217254,217260,220342,6,3082,2,36000,1.0019467878
217255,217266,220561,11,3295,2,36000,1.0033383915
217271,217277,220489,6,3212,2,36000,1.00186799502
217272,217283,220434,11,3151,2,36000,1.00349095525
217311,217321,220655,10,3334,2,36000,1.00299940012
217332,217342,220643,10,3301,2,36000,1.00302938503
217347,217354,220532,7,3178,2,36000,1.00220264317
217365,217375,220535,10,3160,2,36000,1.00316455696
217429,217439,220594,10,3155,2,36000,1.00316957211
217430,217444,220753,14,3309,2,36000,1.00423088546
217470,217480,220716,10,3236,2,36000,1.00309023486
217503,217512,220755,9,3243,2,36000,1.00277520814
217518,217524,220805,6,3281,2,36000,1.00182871076
217615,217625,220818,10,3193,2,36000,1.00313185092
217651,217660,220912,9,3252,2,36000,1.00276752768
217667,217673,220695,6,3022,2,36000,1.00198544011
217668,217679,220740,11,3061,2,36000,1.00359359686
217740,217748,220946,8,3198,2,36000,1.00250156348
217755,217764,220998,9,3234,2,36000,1.00278293135
217824,217834,221011,10,3177,2,36000,1.00314762354
217861,217870,220940,9,3070,2,36000,1.00293159609
217894,217906,221231,12,3325,2,36000,1.00360902256
218040,218046,221335,6,3289,2,36000,1.00182426269
218056,218061,221256,5,3195,2,36000,1.00156494523
218057,218067,221287,10,3220,2,36000,1.00310559006
218058,218072,221286,14,3214,2,36000,1.00435594275
218060,218077,221366,17,3289,2,36000,1.0051687443
218125,218131,232569,6,14438,2,14400,1.00041557002
218164,218171,231426,7,13255,2,14400,1.0005281026
218202,218208,232617,6,14409,2,14400,1.00041640641
219746,219756,222926,10,3170,2,36000,1.00315457413
219831,219845,223141,14,3296,2,36000,1.00424757282
219832,219839,222979,7,3140,2,36000,1.00222929936
219983,219993,223294,10,3301,2,36000,1.00302938503
220070,220080,223310,10,3230,2,36000,1.00309597523
220097,220105,223322,8,3217,2,36000,1.00248678893
220170,220178,223401,8,3223,2,36000,1.00248215948
220191,220199,223481,8,3282,2,36000,1.00243753809
220229,220240,223408,11,3168,2,36000,1.00347222222
220335,220345,223424,10,3079,2,36000,1.00324780773
220350,220356,223616,6,3260,2,36000,1.0018404908
220417,220425,223797,8,3372,2,36000,1.00237247924
220435,220445,223587,10,3142,2,36000,1.00318268619
220453,220462,223692,9,3230,2,36000,1.00278637771
220492,220500,223621,8,3121,2,36000,1.002563281
220493,220506,223655,13,3149,2,36000,1.0041282947
220536,220543,223792,7,3249,2,36000,1.00215450908
220537,220549,223716,12,3167,2,36000,1.00378907483
220564,220572,223738,8,3166,2,36000,1.00252684776
220597,220605,223800,8,3195,2,36000,1.00250391236
220646,220654,223965,8,3311,2,36000,1.00241618846
220661,220667,223862,6,3195,2,36000,1.00187793427
220697,220707,223943,10,3236,2,36000,1.00309023486
220718,220727,223990,9,3263,2,36000,1.00275819798
220742,220751,223971,9,3220,2,36000,1.00279503106
220758,220763,224060,5,3297,2,36000,1.00151653018
220759,220769,224027,10,3258,2,36000,1.00306936771
220807,220816,224042,9,3226,2,36000,1.00278983261
220822,220829,224135,7,3306,2,36000,1.00211736237
220913,220923,224066,10,3143,2,36000,1.00318167356
220943,220952,224220,9,3268,2,36000,1.00275397797
220958,220964,224193,6,3229,2,36000,1.00185816042
221000,221009,224160,9,3151,2,36000,1.00285623612
221015,221022,224170,7,3148,2,36000,1.00222363405
221233,221242,224422,9,3180,2,36000,1.00283018868
221257,221267,224367,10,3100,2,36000,1.00322580645
221287,221297,224452,10,3155,2,36000,1.00316957211
221289,221303,224569,14,3266,2,36000,1.0042865891
221337,221346,224600,9,3254,2,36000,1.00276582667
221367,221377,224613,10,3236,2,36000,1.00309023486
222927,222937,226094,10,3157,2,36000,1.00316756414
222982,222990,226246,8,3256,2,36000,1.00245700246
223145,223153,226337,8,3184,2,36000,1.00251256281
223296,223305,226518,9,3213,2,36000,1.00280112045
223311,223321,226493,10,3172,2,36000,1.00315258512
223326,223333,226514,7,3181,2,36000,1.00220056586
223404,223412,226568,8,3156,2,36000,1.00253485425
223419,223425,226639,6,3214,2,36000,1.00186683261
223434,223440,226600,6,3160,2,36000,1.00189873418
223482,223492,226656,10,3164,2,36000,1.00316055626
223588,223598,226781,10,3183,2,36000,1.00314169023
223618,223627,226849,9,3222,2,36000,1.00279329609
223633,223639,226768,6,3129,2,36000,1.00191754554
223657,223666,226843,9,3177,2,36000,1.00283286119
223693,223703,226894,10,3191,2,36000,1.00313381385
223717,223727,226925,10,3198,2,36000,1.00312695435
223738,223749,227006,11,3257,2,36000,1.00337734111
223793,223803,226950,10,3147,2,36000,1.00317762949
223808,223814,226865,6,3051,2,36000,1.00196656834
223809,223820,227021,11,3201,2,36000,1.00343642612
223863,223874,227027,11,3153,2,36000,1.00348874088
223945,223954,227209,9,3255,2,36000,1.00276497696
223966,223976,227222,10,3246,2,36000,1.00308071473
223981,223987,227139,6,3152,2,36000,1.0019035533
223996,224002,227139,6,3137,2,36000,1.0019126554
224029,224038,227181,9,3143,2,36000,1.0028635062
224044,224053,227263,9,3210,2,36000,1.00280373832
224062,224071,227304,9,3233,2,36000,1.00278379214
224077,224083,227259,6,3176,2,36000,1.00188916877
224137,224146,227379,9,3233,2,36000,1.00278379214
224161,224171,227422,10,3251,2,36000,1.00307597662
224176,224183,227238,7,3055,2,36000,1.0022913257
224191,224204,227491,13,3287,2,36000,1.00395497414
224221,224231,227413,10,3182,2,36000,1.00314267756
224369,224379,227567,10,3188,2,36000,1.00313676286
224424,224433,227736,9,3303,2,36000,1.00272479564
224454,224463,227638,9,3175,2,36000,1.00283464567
224572,224580,227829,8,3249,2,36000,1.00246229609
224602,224612,227779,10,3167,2,36000,1.00315756236
224617,224624,227864,7,3240,2,36000,1.00216049383
226098,226106,229348,8,3242,2,36000,1.00246761258
226248,226257,229492,9,3235,2,36000,1.0027820711
226339,226348,229597,9,3249,2,36000,1.0027700831
226497,226504,229796,7,3292,2,36000,1.00212636695
226518,226526,229580,8,3054,2,36000,1.00261951539
226533,226539,229645,6,3106,2,36000,1.00193174501
226569,226579,229866,10,3287,2,36000,1.0030422878
226602,226611,229906,9,3295,2,36000,1.00273141123
226642,226650,229887,8,3237,2,36000,1.00247142416
226658,226664,226665,6,1,2,14400,1.0
226660,226670,229872,10,3202,2,36000,1.00312304809
226716,226722,237910,6,11188,2,14400,1.00053628888
226771,226779,229971,8,3192,2,36000,1.00250626566
226786,226792,229910,6,3118,2,36000,1.00192431046
226844,226854,230096,10,3242,2,36000,1.00308451573
226859,226865,230057,6,3192,2,36000,1.00187969925
226873,226880,230099,7,3219,2,36000,1.00217458838
226894,226905,230135,11,3230,2,36000,1.00340557276
226928,226936,230063,8,3127,2,36000,1.00255836265
226952,226961,230072,9,3111,2,36000,1.00289296046
227009,227017,230234,8,3217,2,36000,1.00248678893
227024,227032,230197,8,3165,2,36000,1.00252764613
227039,227045,230162,6,3117,2,36000,1.00192492782
227142,227150,230311,8,3161,2,36000,1.00253084467
227144,227155,230344,11,3189,2,36000,1.00344935717
227183,227193,230376,10,3183,2,36000,1.00314169023
227210,227220,230403,10,3183,2,36000,1.00314169023
227225,227233,230462,8,3229,2,36000,1.00247754723
227240,227249,230436,9,3187,2,36000,1.00282397239
227262,227270,230546,8,3276,2,36000,1.00244200244
227276,227282,230487,6,3205,2,36000,1.00187207488
227306,227315,230489,9,3174,2,36000,1.00283553875
227382,227390,230573,8,3183,2,36000,1.00251335218
227415,227425,230595,10,3170,2,36000,1.00315457413
227430,227437,230688,7,3251,2,36000,1.00215318364
227494,227503,230750,9,3247,2,36000,1.00277178934
227569,227578,230677,9,3099,2,36000,1.00290416263
227639,227649,230854,10,3205,2,36000,1.0031201248
227738,227747,231009,9,3262,2,36000,1.00275904353
227781,227790,230899,9,3109,2,36000,1.00289482149
227829,227840,230992,11,3152,2,36000,1.00348984772
227865,227876,231031,11,3155,2,36000,1.00348652932
229309,229315,243724,6,14409,2,14400,1.00041640641
229351,229359,232677,8,3318,2,36000,1.00241109102
229496,229503,232656,7,3153,2,36000,1.00222010783
229583,229591,232850,8,3259,2,36000,1.00245474072
229598,229608,232716,10,3108,2,36000,1.00321750322
229646,229656,232966,10,3310,2,36000,1.00302114804
229797,229808,233065,11,3257,2,36000,1.00337734111
229867,229877,233217,10,3340,2,36000,1.00299401198
229882,229888,233171,6,3283,2,36000,1.00182759671
229897,229903,233162,6,3259,2,36000,1.00184105554
229912,229918,233181,6,3263,2,36000,1.00183879865
229913,229924,233183,11,3259,2,36000,1.00337526849
229973,229983,233259,10,3276,2,36000,1.00305250305
230058,230068,233249,10,3181,2,36000,1.00314366551
230073,230080,233233,7,3153,2,36000,1.00222010783
230075,230086,233240,11,3154,2,36000,1.00348763475
230099,230108,233281,9,3173,2,36000,1.0028364324
230100,230114,233205,14,3091,2,36000,1.00452927855
230136,230147,233320,11,3173,2,36000,1.00346675071
230163,230173,233357,10,3184,2,36000,1.00314070352
230200,230208,233492,8,3284,2,36000,1.00243605359
230236,230245,233514,9,3269,2,36000,1.00275313552
230314,230322,233469,8,3147,2,36000,1.00254210359
230345,230355,233636,10,3281,2,36000,1.00304785126
230378,230387,233492,9,3105,2,36000,1.00289855072
230405,230414,233597,9,3183,2,36000,1.00282752121
230438,230447,233770,9,3323,2,36000,1.00270839603
230465,230473,233673,8,3200,2,36000,1.0025
230489,230505,233667,16,3162,2,36000,1.00506008855
230491,230499,233769,8,3270,2,36000,1.00244648318
230548,230557,233805,9,3248,2,36000,1.00277093596
230576,230584,233888,8,3304,2,36000,1.00242130751
230597,230607,233735,10,3128,2,36000,1.00319693095
230678,230688,233924,10,3236,2,36000,1.00309023486
230693,230699,233893,6,3194,2,36000,1.00187852223
230750,230761,233964,11,3203,2,36000,1.00343428036
230856,230866,234058,10,3192,2,36000,1.00313283208
230902,230910,234224,8,3314,2,36000,1.00241400121
230995,231004,234311,9,3307,2,36000,1.00272149985
231011,231020,234196,9,3176,2,36000,1.00283375315
231035,231042,234211,7,3169,2,36000,1.00220889871
232658,232667,235887,9,3220,2,36000,1.00279503106
232679,232688,235902,9,3214,2,36000,1.00280024891
232718,232727,235963,9,3236,2,36000,1.00278121137
232851,232861,236058,10,3197,2,36000,1.00312793244
232969,232977,236241,8,3264,2,36000,1.00245098039
233068,233076,236400,8,3324,2,36000,1.00240673887
233165,233173,236426,8,3253,2,36000,1.00245926837
233180,233186,236415,6,3229,2,36000,1.00185816042
233195,233201,236361,6,3160,2,36000,1.00189873418
233196,233207,236346,11,3139,2,36000,1.00350430073
233211,233217,236372,6,3155,2,36000,1.00190174326
233226,233232,236399,6,3167,2,36000,1.00189453742
233241,233247,236461,6,3214,2,36000,1.00186683261
233243,233253,236438,10,3185,2,36000,1.00313971743
233258,233264,236484,6,3220,2,36000,1.00186335404
233273,233279,236410,6,3131,2,36000,1.00191632066
233287,233294,236479,7,3185,2,36000,1.0021978022
233321,233331,236481,10,3150,2,36000,1.00317460317
233360,233368,236602,8,3234,2,36000,1.00247371676
233472,233480,236703,8,3223,2,36000,1.00248215948
233493,233503,236737,10,3234,2,36000,1.00309214595
233495,233508,236736,13,3228,2,36000,1.00402726146
233516,233525,236724,9,3199,2,36000,1.00281337918
233600,233608,236911,8,3303,2,36000,1.00242204057
233639,233647,236893,8,3246,2,36000,1.00246457178
233670,233679,236917,9,3238,2,36000,1.00277949351
233684,233690,237002,6,3312,2,36000,1.0018115942
233736,233746,236969,10,3223,2,36000,1.00310269935
233772,233786,237002,14,3216,2,36000,1.00435323383
233773,233780,237051,7,3271,2,36000,1.00214001834
233807,233816,237053,9,3237,2,36000,1.00278035218
233891,233900,237087,9,3187,2,36000,1.00282397239
233906,233912,237122,6,3210,2,36000,1.00186915888
233927,233936,237100,9,3164,2,36000,1.00284450063
233966,233975,237098,9,3123,2,36000,1.00288184438
234060,234070,237224,10,3154,2,36000,1.00317057705
234197,234207,237436,10,3229,2,36000,1.00309693404
234215,234222,237349,7,3127,2,36000,1.00223856732
234229,234235,237471,6,3236,2,36000,1.00185414091
234314,234322,237548,8,3226,2,36000,1.00247985121
235888,235898,239026,10,3128,2,36000,1.00319693095
235903,235913,239095,10,3182,2,36000,1.00314267756
235964,235974,239261,10,3287,2,36000,1.0030422878
236060,236069,239310,9,3241,2,36000,1.0027769207
236242,236252,239527,10,3275,2,36000,1.00305343511
236347,236357,239585,10,3228,2,36000,1.00309789343
236362,236373,239594,11,3221,2,36000,1.00341508848
236378,236383,239659,5,3276,2,36000,1.00152625153
236402,236410,239716,8,3306,2,36000,1.00241984271
236403,236416,239689,13,3273,2,36000,1.00397189123
236419,236425,239605,6,3180,2,36000,1.00188679245
236420,236431,239705,11,3274,2,36000,1.00335980452
236435,236441,239453,6,3012,2,36000,1.00199203187
236450,236456,239709,6,3253,2,36000,1.00184445128
236464,236472,239717,8,3245,2,36000,1.00246533128
236483,236493,239640,10,3147,2,36000,1.00317762949
236484,236498,239692,14,3194,2,36000,1.00438321853
236499,236505,239689,6,3184,2,36000,1.00188442211
236605,236613,239850,8,3237,2,36000,1.00247142416
236705,236714,239897,9,3183,2,36000,1.00282752121
236726,236736,239874,10,3138,2,36000,1.00318674315
236742,236747,239999,5,3252,2,36000,1.00153751538
236743,236754,240010,11,3256,2,36000,1.00337837838
236894,236905,240215,11,3310,2,36000,1.00332326284
236912,236922,240194,10,3272,2,36000,1.00305623472
236927,236933,240203,6,3270,2,36000,1.00183486239
236972,236980,240160,8,3180,2,36000,1.00251572327
237003,237012,240145,9,3133,2,36000,1.00287264603
237004,237018,240253,14,3235,2,36000,1.00432766615
237053,237063,240214,10,3151,2,36000,1.00317359568
237068,237074,240341,6,3267,2,36000,1.00183654729
237089,237098,240335,9,3237,2,36000,1.00278035218
237106,237111,240116,5,3005,2,36000,1.00166389351
237107,237117,240363,10,3246,2,36000,1.00308071473
237125,237133,240359,8,3226,2,36000,1.00247985121
237228,237235,240408,7,3173,2,36000,1.00220611409
237353,237361,240490,8,3129,2,36000,1.00255672739
237438,237447,240559,9,3112,2,36000,1.00289203085
237474,237483,240666,9,3183,2,36000,1.00282752121
237549,237559,240788,10,3229,2,36000,1.00309693404
239027,239038,242259,11,3221,2,36000,1.00341508848
239096,239107,242271,11,3164,2,36000,1.00347661188
239263,239272,242556,9,3284,2,36000,1.00274056029
239311,239321,242499,10,3178,2,36000,1.0031466331
239456,239465,242579,9,3114,2,36000,1.00289017341
239529,239539,242716,10,3177,2,36000,1.00314762354
239586,239596,242736,10,3140,2,36000,1.00318471338
239601,239606,242812,5,3206,2,36000,1.0015595758
239615,239622,242798,7,3176,2,36000,1.00220403023
239643,239651,242764,8,3113,2,36000,1.00256986829
239661,239670,242938,9,3268,2,36000,1.00275397797
239692,239699,242931,7,3232,2,36000,1.00216584158
239693,239706,243054,13,3348,2,36000,1.00388291517
239694,239711,242893,17,3182,2,36000,1.00534255185
239710,239717,242936,7,3219,2,36000,1.00217458838
239711,239723,242883,12,3160,2,36000,1.00379746835
239726,239732,242893,6,3161,2,36000,1.0018981335
239728,239738,242939,10,3201,2,36000,1.00312402374
239851,239861,243114,10,3253,2,36000,1.00307408546
239875,239885,243018,10,3133,2,36000,1.00319182892
239900,239908,243100,8,3192,2,36000,1.00250626566
239992,239998,243939,6,3941,2,14400,1.00152245623
240000,240010,243080,10,3070,2,36000,1.00325732899
240014,240021,243175,7,3154,2,36000,1.00221940393
240117,240128,243224,11,3096,2,36000,1.00355297158
240147,240157,243417,10,3260,2,36000,1.00306748466
240162,240171,243554,9,3383,2,36000,1.00266036063
240195,240205,243407,10,3202,2,36000,1.00312304809
240210,240216,243504,6,3288,2,36000,1.00182481752
240225,240232,243479,7,3247,2,36000,1.00215583616
240227,240238,243402,11,3164,2,36000,1.00347661188
240257,240265,243310,8,3045,2,36000,1.0026272578
240339,240346,243655,7,3309,2,36000,1.00211544273
240354,240360,243568,6,3208,2,36000,1.00187032419
240369,240375,243489,6,3114,2,36000,1.00192678227
240370,240381,243551,11,3170,2,36000,1.00347003155
240410,240419,243665,9,3246,2,36000,1.00277264325
240491,240502,243699,11,3197,2,36000,1.00344072568
240561,240570,243833,9,3263,2,36000,1.00275819798
240667,240677,243833,10,3156,2,36000,1.00316856781
240790,240799,244050,9,3251,2,36000,1.00276837896
242260,242270,245424,10,3154,2,36000,1.00317057705
242275,242282,245385,7,3103,2,36000,1.00225588141
242502,242510,245686,8,3176,2,36000,1.00251889169
242559,242568,245783,9,3215,2,36000,1.00279937792
242580,242590,245843,10,3253,2,36000,1.00307408546
242719,242727,245877,8,3150,2,36000,1.00253968254
242737,242747,245969,10,3222,2,36000,1.00310366232
242767,242775,245901,8,3126,2,36000,1.00255918106
242800,242809,246076,9,3267,2,36000,1.00275482094
242815,242823,246083,8,3260,2,36000,1.00245398773
242885,242894,246068,9,3174,2,36000,1.00283553875
242900,242906,246152,6,3246,2,36000,1.00184842884
242901,242912,246132,11,3220,2,36000,1.00341614907
242932,242942,246062,10,3120,2,36000,1.00320512821
242947,242953,246119,6,3166,2,36000,1.00189513582
242948,242959,246131,11,3172,2,36000,1.00346784363
242949,242964,246241,15,3277,2,36000,1.00457735734
243019,243029,246368,10,3339,2,36000,1.00299490866
243055,243065,246279,10,3214,2,36000,1.00311138768
243082,243091,246276,9,3185,2,36000,1.00282574568
243100,243111,246317,11,3206,2,36000,1.00343106675
243115,243125,246323,10,3198,2,36000,1.00312695435
243178,243186,246386,8,3200,2,36000,1.0025
243226,243235,246377,9,3142,2,36000,1.00286441757
243311,243321,246608,10,3287,2,36000,1.0030422878
243405,243413,246550,8,3137,2,36000,1.0025502072
243420,243426,246533,6,3107,2,36000,1.00193112327
243421,243432,246613,11,3181,2,36000,1.00345803207
243481,243491,246804,10,3313,2,36000,1.00301841232
243496,243502,246781,6,3279,2,36000,1.00182982617
243511,243517,246598,6,3081,2,36000,1.00194741967
243554,243563,246746,9,3183,2,36000,1.00282752121
243569,243575,246841,6,3266,2,36000,1.00183710961
243570,243581,246762,11,3181,2,36000,1.00345803207
243659,243666,246862,7,3196,2,36000,1.0021902378
243673,243679,246926,6,3247,2,36000,1.00184785956
243700,243711,246858,11,3147,2,36000,1.00349539244
243834,243844,247096,10,3252,2,36000,1.00307503075
243835,243849,247005,14,3156,2,36000,1.00443599493
244052,244061,247325,9,3264,2,36000,1.00275735294
245367,245373,259791,6,14418,2,14400,1.00041614648
245386,245396,248585,10,3189,2,36000,1.00313577924
245425,245435,248590,10,3155,2,36000,1.00316957211
245688,245697,249058,9,3361,2,36000,1.00267777447
245731,245737,245738,6,1,2,3540,1.0
245785,245795,249070,10,3275,2,36000,1.00305343511
245846,245854,249122,8,3268,2,36000,1.00244798042
245879,245888,249111,9,3223,2,36000,1.00279242941
245903,245912,249188,9,3276,2,36000,1.00274725275
245970,245980,249175,10,3195,2,36000,1.00312989045
246063,246073,249376,10,3303,2,36000,1.00302755071
246078,246084,249289,6,3205,2,36000,1.00187207488
246079,246090,249282,11,3192,2,36000,1.00344611529
246094,246101,249219,7,3118,2,36000,1.00224502886
246121,246130,249243,9,3113,2,36000,1.00289110183
246137,246142,249400,5,3258,2,36000,1.00153468386
246138,246149,249239,11,3090,2,36000,1.00355987055
246153,246163,249424,10,3261,2,36000,1.003066544
246244,246253,249501,9,3248,2,36000,1.00277093596
246277,246287,249441,10,3154,2,36000,1.00317057705
246292,246298,249458,6,3160,2,36000,1.00189873418
246319,246328,249544,9,3216,2,36000,1.00279850746
246334,246340,249523,6,3183,2,36000,1.00188501414
246370,246379,249629,9,3250,2,36000,1.00276923077
246385,246391,249577,6,3186,2,36000,1.00188323917
246400,246406,249588,6,3182,2,36000,1.00188560654
246536,246544,249739,8,3195,2,36000,1.00250391236
246551,246561,249780,10,3219,2,36000,1.00310655483
246599,246609,249960,10,3351,2,36000,1.00298418383
246614,246620,249778,6,3158,2,36000,1.00189993667
246616,246626,249763,10,3137,2,36000,1.00318775901
246748,246758,250015,10,3257,2,36000,1.0030703101
246763,246773,250025,10,3252,2,36000,1.00307503075
246781,246792,250096,11,3304,2,36000,1.00332929782
246805,246815,249942,10,3127,2,36000,1.00319795331
246842,246852,250195,10,3343,2,36000,1.00299132516
246860,246869,250056,9,3187,2,36000,1.00282397239
246875,246881,250149,6,3268,2,36000,1.00183598531
246929,246937,250132,8,3195,2,36000,1.00250391236
247007,247016,250235,9,3219,2,36000,1.00279589935
247098,247107,250365,9,3258,2,36000,1.00276243094
247325,247336,250515,11,3179,2,36000,1.00346020761
248587,248596,251807,9,3211,2,36000,1.00280286515
248602,248608,251775,6,3167,2,36000,1.00189453742
249060,249069,252299,9,3230,2,36000,1.00278637771
249075,249081,252319,6,3238,2,36000,1.00185299568
249114,249122,252354,8,3232,2,36000,1.00247524752
249129,249135,252335,6,3200,2,36000,1.001875
249178,249186,252386,8,3200,2,36000,1.0025
249192,249199,252409,7,3210,2,36000,1.00218068536
249223,249230,252356,7,3126,2,36000,1.00223928343
249240,249251,252520,11,3269,2,36000,1.00336494341
249255,249261,252370,6,3109,2,36000,1.00192988099
249285,249293,252465,8,3172,2,36000,1.0025220681
249300,249306,252451,6,3145,2,36000,1.00190779014
249379,249387,252554,8,3167,2,36000,1.00252604989
249397,249411,252591,14,3180,2,36000,1.00440251572
249427,249435,252716,8,3281,2,36000,1.00243828101
249442,249452,252574,10,3122,2,36000,1.00320307495
249460,249469,252744,9,3275,2,36000,1.0027480916
249503,249512,252674,9,3162,2,36000,1.00284629981
249524,249534,252807,10,3273,2,36000,1.00305530095
249545,249555,252721,10,3166,2,36000,1.0031585597
249578,249588,252799,10,3211,2,36000,1.00311429461
249593,249599,252716,6,3117,2,36000,1.00192492782
249632,249641,252800,9,3159,2,36000,1.00284900285
249741,249750,252953,9,3203,2,36000,1.00280986575
249765,249774,253017,9,3243,2,36000,1.00277520814
249780,249789,253183,9,3394,2,36000,1.00265173836
249781,249795,253089,14,3294,2,36000,1.00425015179
249945,249953,253196,8,3243,2,36000,1.00246685168
249963,249971,253114,8,3143,2,36000,1.00254533885
250017,250026,253088,9,3062,2,36000,1.00293925539
250032,250038,253037,6,2999,2,36000,1.00200066689
250059,250067,253279,8,3212,2,36000,1.00249066002
250098,250107,253278,9,3171,2,36000,1.00283822138
250135,250143,253335,8,3192,2,36000,1.00250626566
250153,250160,253409,7,3249,2,36000,1.00215450908
250198,250206,253325,8,3119,2,36000,1.00256492466
250237,250246,253389,9,3143,2,36000,1.0028635062
250367,250376,253589,9,3213,2,36000,1.00280112045
250518,250526,253771,8,3245,2,36000,1.00246533128
251423,251429,251432,6,3,2,14400,1.0
251612,251618,266042,6,14424,2,14400,1.00041597338
251777,251786,255023,9,3237,2,36000,1.00278035218
251810,251818,254905,8,3087,2,36000,1.0025915128
252132,252138,252140,6,2,2,36000,1.0
252136,252144,269056,8,16912,2,36000,1.0004730369
252302,252310,255455,8,3145,2,36000,1.00254372019
252322,252330,255492,8,3162,2,36000,1.00253004428
252337,252346,255551,9,3205,2,36000,1.00280811232
252355,252365,255657,10,3292,2,36000,1.00303766707
252370,252376,255621,6,3245,2,36000,1.00184899846
252372,252382,255600,10,3218,2,36000,1.0031075202
252390,252398,255597,8,3199,2,36000,1.00250078149
252411,252420,255700,9,3280,2,36000,1.00274390244
252453,252462,255622,9,3160,2,36000,1.00284810127
252468,252477,255771,9,3294,2,36000,1.00273224044
252522,252531,255713,9,3182,2,36000,1.00282840981
252555,252565,255823,10,3258,2,36000,1.00306936771
252577,252585,255724,8,3139,2,36000,1.00254858235
252592,252602,255806,10,3204,2,36000,1.00312109863
252676,252685,255929,9,3244,2,36000,1.00277435265
252719,252727,256102,8,3375,2,36000,1.00237037037
252720,252732,256057,12,3325,2,36000,1.00360902256
252735,252742,255860,7,3118,2,36000,1.00224502886
252750,252757,255853,7,3096,2,36000,1.00226098191
252802,252810,256042,8,3232,2,36000,1.00247524752
252803,252816,255987,13,3171,2,36000,1.00409965311
252818,252824,255991,6,3167,2,36000,1.00189453742
252954,252964,256214,10,3250,2,36000,1.00307692308
253021,253029,256239,8,3210,2,36000,1.00249221184
253040,253048,256056,8,3008,2,36000,1.00265957447
253089,253099,256323,10,3224,2,36000,1.00310173697
253090,253105,256294,15,3189,2,36000,1.00470366886
253115,253125,256347,10,3222,2,36000,1.00310366232
253184,253194,256303,10,3109,2,36000,1.00321646832
253200,253207,256468,7,3261,2,36000,1.0021465808
253281,253288,256379,7,3091,2,36000,1.00226463928
253283,253294,256423,11,3129,2,36000,1.00351550016
253328,253336,256483,8,3147,2,36000,1.00254210359
253343,253349,256541,6,3192,2,36000,1.00187969925
253391,253401,256596,10,3195,2,36000,1.00312989045
253412,253421,256618,9,3197,2,36000,1.00281513919
253590,253600,256773,10,3173,2,36000,1.00315159155
253772,253782,256903,10,3121,2,36000,1.00320410125
254908,254916,258151,8,3235,2,36000,1.00247295209
255025,255035,258145,10,3110,2,36000,1.00321543408
255457,255467,258671,10,3204,2,36000,1.00312109863
255493,255503,258839,10,3336,2,36000,1.00299760192
255553,255562,258743,9,3181,2,36000,1.00282929896
255598,255608,258811,10,3203,2,36000,1.00312207306
255613,255619,258778,6,3159,2,36000,1.00189933523
255629,255635,258855,6,3220,2,36000,1.00186335404
255630,255641,258694,11,3053,2,36000,1.00360301343
255660,255668,258795,8,3127,2,36000,1.00255836265
255703,255711,258906,8,3195,2,36000,1.00250391236
255717,255723,258989,6,3266,2,36000,1.00183710961
255732,255739,258879,7,3140,2,36000,1.00222929936
255774,255783,259092,9,3309,2,36000,1.00271985494
255808,255817,259023,9,3206,2,36000,1.00280723643
255826,255834,258942,8,3108,2,36000,1.00257400257
255856,255864,259176,8,3312,2,36000,1.00241545894
255871,255877,259094,6,3217,2,36000,1.0018650917
255931,255940,259202,9,3262,2,36000,1.00275904353
255988,255998,259150,10,3152,2,36000,1.00317258883
256003,256009,259321,6,3312,2,36000,1.0018115942
256046,256054,259372,8,3318,2,36000,1.00241109102
256061,256067,259365,6,3298,2,36000,1.00181928441
256063,256073,259314,10,3241,2,36000,1.00308546745
256105,256113,259282,8,3169,2,36000,1.00252445566
256216,256225,259510,9,3285,2,36000,1.00273972603
256240,256251,259467,11,3216,2,36000,1.00342039801
256298,256306,259479,8,3173,2,36000,1.00252127324
256313,256319,259502,6,3183,2,36000,1.00188501414
256328,256334,259429,6,3095,2,36000,1.00193861066
256349,256358,259621,9,3263,2,36000,1.00275819798
256382,256390,259612,8,3222,2,36000,1.00248292986
256425,256434,259660,9,3226,2,36000,1.00278983261
256470,256480,259762,10,3282,2,36000,1.00304692261
256485,256494,259826,9,3332,2,36000,1.00270108043
256542,256552,259936,10,3384,2,36000,1.00295508274
256597,256607,259763,10,3156,2,36000,1.00316856781
256603,256613,256614,10,1,2,3540,1.1
256621,256629,259727,8,3098,2,36000,1.00258231117
256775,256784,259998,9,3214,2,36000,1.00280024891
256904,256915,260095,11,3180,2,36000,1.0034591195
258148,258157,261440,9,3283,2,36000,1.00274139507
258163,258169,261330,6,3161,2,36000,1.0018981335
258674,258682,261960,8,3278,2,36000,1.00244051251
258695,258705,261930,10,3225,2,36000,1.00310077519
258746,258755,261941,9,3186,2,36000,1.00282485876
258780,258790,262089,10,3299,2,36000,1.00303122158
258798,258806,262025,8,3219,2,36000,1.00248524386
258813,258822,262091,9,3269,2,36000,1.00275313552
258840,258850,262186,10,3336,2,36000,1.00299760192
258857,258866,262050,9,3184,2,36000,1.00282663317
258881,258891,262074,10,3183,2,36000,1.00314169023
258909,258917,262084,8,3167,2,36000,1.00252604989
258945,258953,262025,8,3072,2,36000,1.00260416667
258990,259001,262180,11,3179,2,36000,1.00346020761
259026,259034,262221,8,3187,2,36000,1.00251019768
259096,259104,262285,8,3181,2,36000,1.00251493241
259097,259110,262335,13,3225,2,36000,1.00403100775
259152,259161,262428,9,3267,2,36000,1.00275482094
259178,259187,262418,9,3231,2,36000,1.00278551532
259204,259213,262456,9,3243,2,36000,1.00277520814
259283,259293,262537,10,3244,2,36000,1.00308261406
259316,259325,262548,9,3223,2,36000,1.00279242941
259331,259337,262527,6,3190,2,36000,1.00188087774
259367,259376,262591,9,3215,2,36000,1.00279937792
259382,259388,262792,6,3404,2,36000,1.0017626322
259430,259440,262798,10,3358,2,36000,1.00297796307
259470,259478,262749,8,3271,2,36000,1.00244573525
259485,259491,262721,6,3230,2,36000,1.00185758514
259503,259513,262708,10,3195,2,36000,1.00312989045
259518,259524,262778,6,3254,2,36000,1.00184388445
259614,259623,262819,9,3196,2,36000,1.00281602003
259629,259635,262909,6,3274,2,36000,1.00183262065
259663,259671,262933,8,3262,2,36000,1.00245248314
259729,259738,263072,9,3334,2,36000,1.00269946011
259763,259773,263174,10,3401,2,36000,1.00294031167
259777,259784,262953,7,3169,2,36000,1.00220889871
259829,259837,263052,8,3215,2,36000,1.00248833593
259938,259947,263223,9,3276,2,36000,1.00274725275
260001,260009,263296,8,3287,2,36000,1.00243383024
260098,260106,263302,8,3196,2,36000,1.00250312891
261332,261341,264503,9,3162,2,36000,1.00284629981
261444,261452,264621,8,3169,2,36000,1.00252445566
261933,261941,265109,8,3168,2,36000,1.00252525253
261948,261954,265223,6,3269,2,36000,1.00183542368
261963,261971,265130,8,3159,2,36000,1.00253244698
262027,262036,265120,9,3084,2,36000,1.00291828794
262028,262041,265217,13,3176,2,36000,1.00409319899
262052,262061,265183,9,3122,2,36000,1.00288276746
262076,262085,265226,9,3141,2,36000,1.00286532951
262091,262098,265281,7,3183,2,36000,1.00219918316
262093,262104,265297,11,3193,2,36000,1.00344503602
262094,262109,265324,15,3215,2,36000,1.00466562986
262182,262191,265393,9,3202,2,36000,1.00281074329
262197,262203,265380,6,3177,2,36000,1.00188857413
262224,262233,265548,9,3315,2,36000,1.00271493213
262288,262296,265431,8,3135,2,36000,1.00255183413
262336,262347,265571,11,3224,2,36000,1.00341191067
262421,262429,265649,8,3220,2,36000,1.00248447205
262436,262442,265632,6,3190,2,36000,1.00188087774
262457,262467,265586,10,3119,2,36000,1.00320615582
262529,262538,265758,9,3220,2,36000,1.00279503106
262544,262550,265677,6,3127,2,36000,1.00191877199
262559,262565,265643,6,3078,2,36000,1.00194931774
262592,262602,265693,10,3091,2,36000,1.00323519896
262710,262720,265869,10,3149,2,36000,1.00317561131
262725,262732,265974,7,3242,2,36000,1.00215916101
262752,262761,265985,9,3224,2,36000,1.00279156328
262779,262789,266065,10,3276,2,36000,1.00305250305
262794,262803,266112,9,3309,2,36000,1.00271985494
262809,262816,266105,7,3289,2,36000,1.00212830648
262824,262830,266163,6,3333,2,36000,1.00180018002
262912,262920,266099,8,3179,2,36000,1.00251651463
262936,262945,266148,9,3203,2,36000,1.00280986575
262954,262965,266287,11,3322,2,36000,1.00331125828
263054,263063,266341,9,3278,2,36000,1.00274557657
263076,263083,266353,7,3270,2,36000,1.00214067278
263175,263185,266468,10,3283,2,36000,1.00304599452
263223,263234,266270,11,3036,2,36000,1.00362318841
263299,263307,266496,8,3189,2,36000,1.00250862339
263314,263320,266532,6,3212,2,36000,1.00186799502
264504,264514,267645,10,3131,2,36000,1.00319386777
264622,264632,267781,10,3149,2,36000,1.00317561131
265112,265120,268270,8,3150,2,36000,1.00253968254
265127,265133,268411,6,3278,2,36000,1.00183038438
265142,265148,268359,6,3211,2,36000,1.00186857677
265184,265195,268432,11,3237,2,36000,1.00339820822
265217,265228,268471,11,3243,2,36000,1.00339192106
265233,265239,268495,6,3256,2,36000,1.00184275184
265234,265245,268535,11,3290,2,36000,1.00334346505
265282,265292,268512,10,3220,2,36000,1.00310559006
265300,265309,268632,9,3323,2,36000,1.00270839603
265324,265335,268508,11,3173,2,36000,1.00346675071
265382,265391,268522,9,3131,2,36000,1.002874481
265397,265404,268573,7,3169,2,36000,1.00220889871
265433,265442,268620,9,3178,2,36000,1.00283196979
265551,265559,268785,8,3226,2,36000,1.00247985121
265572,265582,268744,10,3162,2,36000,1.00316255534
265587,265598,268897,11,3299,2,36000,1.00333434374
265633,265643,268717,10,3074,2,36000,1.00325309044
265648,265654,268803,6,3149,2,36000,1.00190536678
265663,265669,269021,6,3352,2,36000,1.00178997613
265678,265688,268876,10,3188,2,36000,1.00313676286
265696,265705,268909,9,3204,2,36000,1.00280898876
265759,265769,269106,10,3337,2,36000,1.00299670363
265871,265880,269164,9,3284,2,36000,1.00274056029
265977,265985,269214,8,3229,2,36000,1.00247754723
265992,265998,269112,6,3114,2,36000,1.00192678227
266067,266077,269248,10,3171,2,36000,1.00315357931
266101,266111,269376,10,3265,2,36000,1.00306278714
266116,266122,269471,6,3349,2,36000,1.00179157958
266117,266128,269224,11,3096,2,36000,1.00355297158
266151,266160,269417,9,3257,2,36000,1.00276327909
266166,266174,269379,8,3205,2,36000,1.00249609984
266271,266281,269571,10,3290,2,36000,1.00303951368
266289,266298,269482,9,3184,2,36000,1.00282663317
266344,266352,269576,8,3224,2,36000,1.00248138958
266359,266365,269532,6,3167,2,36000,1.00189453742
266471,266479,269582,8,3103,2,36000,1.00257815018
266498,266507,269708,9,3201,2,36000,1.00281162137
266535,266543,269621,8,3078,2,36000,1.00259909032
267645,267656,270987,11,3331,2,36000,1.00330231162
267784,267792,271018,8,3226,2,36000,1.00247985121
268272,268282,271294,10,3012,2,36000,1.00332005312
268362,268371,271594,9,3223,2,36000,1.00279242941
268414,268423,271668,9,3245,2,36000,1.00277349769
268435,268443,271725,8,3282,2,36000,1.00243753809
268474,268483,271691,9,3208,2,36000,1.00280548628
268498,268506,271714,8,3208,2,36000,1.00249376559
268514,268525,271756,11,3231,2,36000,1.00340451872
268515,268530,271664,15,3134,2,36000,1.0047862157
268530,268536,271656,6,3120,2,36000,1.00192307692
268545,268551,271726,6,3175,2,36000,1.00188976378
268575,268585,271783,10,3198,2,36000,1.00312695435
268623,268631,271770,8,3139,2,36000,1.00254858235
268638,268643,271987,5,3344,2,36000,1.00149521531
268720,268728,271973,8,3245,2,36000,1.00246533128
268747,268755,272086,8,3331,2,36000,1.00240168118
268786,268796,272146,10,3350,2,36000,1.00298507463
268804,268814,272043,10,3229,2,36000,1.00309693404
268877,268888,272128,11,3240,2,36000,1.00339506173
268898,268908,272020,10,3112,2,36000,1.00321336761
268913,268921,272108,8,3187,2,36000,1.00251019768
269024,269033,272182,9,3149,2,36000,1.00285805017
269109,269117,272378,8,3261,2,36000,1.0024532352
269124,269130,272401,6,3271,2,36000,1.00183430144
269166,269176,272410,10,3234,2,36000,1.00309214595
269218,269226,272439,8,3213,2,36000,1.00248988484
269232,269239,272560,7,3321,2,36000,1.00210779886
269250,269259,272555,9,3296,2,36000,1.00273058252
269378,269387,272493,9,3106,2,36000,1.00289761751
269392,269399,272646,7,3247,2,36000,1.00215583616
269420,269428,272699,8,3271,2,36000,1.00244573525
269474,269482,272776,8,3294,2,36000,1.00242865817
269489,269495,272895,6,3400,2,36000,1.00176470588
269534,269543,272679,9,3136,2,36000,1.00286989796
269574,269582,272835,8,3253,2,36000,1.00245926837
269589,269595,272829,6,3234,2,36000,1.00185528757
269590,269601,272752,11,3151,2,36000,1.00349095525
269624,269633,272817,9,3184,2,36000,1.00282663317
269708,269719,272928,11,3209,2,36000,1.00342785915
270991,270999,274233,8,3234,2,36000,1.00247371676
271022,271029,274108,7,3079,2,36000,1.00227346541
271297,271305,274524,8,3219,2,36000,1.00248524386
271597,271605,274937,8,3332,2,36000,1.00240096038
271658,271667,274942,9,3275,2,36000,1.0027480916
271673,271678,274974,5,3296,2,36000,1.00151699029
271674,271684,274864,10,3180,2,36000,1.00314465409
271692,271705,274834,13,3129,2,36000,1.00415468201
271716,271725,274880,9,3155,2,36000,1.0028526149
271732,271738,275039,6,3301,2,36000,1.00181763102
271733,271744,274950,11,3206,2,36000,1.00343106675
271757,271768,274913,11,3145,2,36000,1.00349761526
271772,271781,274989,9,3208,2,36000,1.00280548628
271787,271794,274931,7,3137,2,36000,1.0022314313
271975,271984,275124,9,3140,2,36000,1.00286624204
271990,271998,275171,8,3173,2,36000,1.00252127324
272023,272033,275382,10,3349,2,36000,1.00298596596
272044,272054,275286,10,3232,2,36000,1.00309405941
272090,272098,275368,8,3270,2,36000,1.00244648318
272111,272119,275423,8,3304,2,36000,1.00242130751
272129,272139,275310,10,3171,2,36000,1.00315357931
272147,272158,275342,11,3184,2,36000,1.00345477387
272183,272193,275405,10,3212,2,36000,1.00311332503
272380,272389,275638,9,3249,2,36000,1.0027700831
272405,272413,275613,8,3200,2,36000,1.0025
272419,272425,275524,6,3099,2,36000,1.00193610842
272440,272451,275606,11,3155,2,36000,1.00348652932
272495,272504,275738,9,3234,2,36000,1.00278293135
272556,272566,275575,10,3009,2,36000,1.00332336324
272571,272577,275836,6,3259,2,36000,1.00184105554
272647,272657,275810,10,3153,2,36000,1.00317158262
272680,272691,275885,11,3194,2,36000,1.00344395742
272701,272710,275917,9,3207,2,36000,1.00280636109
272753,272763,275999,10,3236,2,36000,1.00309023486
272777,272787,275964,10,3177,2,36000,1.00314762354
272819,272828,275940,9,3112,2,36000,1.00289203085
272834,272840,276167,6,3327,2,36000,1.00180342651
272849,272855,276126,6,3271,2,36000,1.00183430144
272898,272906,276149,8,3243,2,36000,1.00246685168
272931,272940,276158,9,3218,2,36000,1.00279676818
274109,274119,277296,10,3177,2,36000,1.00314762354
274236,274244,277420,8,3176,2,36000,1.00251889169
274526,274535,277758,9,3223,2,36000,1.00279242941
274837,274845,278126,8,3281,2,36000,1.00243828101
274865,274875,277989,10,3114,2,36000,1.00321130379
274883,274891,278071,8,3180,2,36000,1.00251572327
274916,274924,278209,8,3285,2,36000,1.00243531202
274931,274942,278098,11,3156,2,36000,1.00348542459
274946,274952,278221,6,3269,2,36000,1.00183542368
274948,274958,278106,10,3148,2,36000,1.00317662008
274963,274969,278194,6,3225,2,36000,1.00186046512
274978,274985,278245,7,3260,2,36000,1.00214723926
274993,275000,278180,7,3180,2,36000,1.00220125786
275041,275050,278200,9,3150,2,36000,1.00285714286
275126,275135,278348,9,3213,2,36000,1.00280112045
275174,275182,278235,8,3053,2,36000,1.0026203734
275286,275297,278583,11,3286,2,36000,1.003347535
275314,275322,278516,8,3194,2,36000,1.00250469631
275344,275353,278667,9,3314,2,36000,1.00271575136
275371,275379,278651,8,3272,2,36000,1.00244498778
275386,275393,278610,7,3217,2,36000,1.00217594032
275408,275416,278603,8,3187,2,36000,1.00251019768
275426,275434,278610,8,3176,2,36000,1.00251889169
275526,275535,278789,9,3254,2,36000,1.00276582667
275577,275587,278852,10,3265,2,36000,1.00306278714
275607,275617,278809,10,3192,2,36000,1.00313283208
275622,275629,278806,7,3177,2,36000,1.00220333648
275641,275649,278922,8,3273,2,36000,1.00244424076
275740,275749,278938,9,3189,2,36000,1.00282220132
275782,275788,275909,6,121,1,1800,1.04958677686
275813,275821,278981,8,3160,2,36000,1.00253164557
275838,275847,278972,9,3125,2,36000,1.00288
275886,275896,279027,10,3131,2,36000,1.00319386777
275919,275929,279118,10,3189,2,36000,1.00313577924
275943,275952,279115,9,3163,2,36000,1.00284539994
275968,275976,279180,8,3204,2,36000,1.0024968789
276002,276010,279312,8,3302,2,36000,1.00242277408
276129,276137,279463,8,3326,2,36000,1.00240529164
276151,276160,279327,9,3167,2,36000,1.00284180613
276166,276172,279356,6,3184,2,36000,1.00188442211
276181,276187,279338,6,3151,2,36000,1.00190415741
276217,276223,276318,6,95,1,1800,1.06315789474
276949,276955,277510,6,555,1,1800,1.01081081081
277297,277307,280539,10,3232,2,36000,1.00309405941
277421,277431,280597,10,3166,2,36000,1.0031585597
277759,277769,280950,10,3181,2,36000,1.00314366551
277992,278000,281206,8,3206,2,36000,1.00249532127
278074,278082,281142,8,3060,2,36000,1.00261437908
278101,278109,281271,8,3162,2,36000,1.00253004428
278116,278122,281342,6,3220,2,36000,1.00186335404
278131,278137,281234,6,3097,2,36000,1.00193735873
278182,278191,281360,9,3169,2,36000,1.00284001262
278198,278205,281350,7,3145,2,36000,1.00222575517
278213,278219,281459,6,3240,2,36000,1.00185185185
278214,278225,281351,11,3126,2,36000,1.00351887396
278229,278235,281466,6,3231,2,36000,1.00185701021
278244,278250,281638,6,3388,2,36000,1.00177095632
278259,278265,281382,6,3117,2,36000,1.00192492782
278350,278359,281552,9,3193,2,36000,1.00281866583
278516,278527,281938,11,3411,2,36000,1.00322486074
278586,278595,281826,9,3231,2,36000,1.00278551532
278604,278614,281880,10,3266,2,36000,1.00306184936
278619,278625,281995,6,3370,2,36000,1.00178041543
278621,278631,281944,10,3313,2,36000,1.00301841232
278654,278662,281822,8,3160,2,36000,1.00253164557
278669,278678,281855,9,3177,2,36000,1.00283286119
278793,278801,282104,8,3303,2,36000,1.00242204057
278808,278817,282040,9,3223,2,36000,1.00279242941
278823,278829,282042,6,3213,2,36000,1.00186741363
278854,278863,282183,9,3320,2,36000,1.00271084337
278923,278934,282169,11,3235,2,36000,1.00340030912
278941,278949,282101,8,3152,2,36000,1.00253807107
278975,278983,282112,8,3129,2,36000,1.00255672739
278989,278996,282265,7,3269,2,36000,1.00214132762
279029,279038,282231,9,3193,2,36000,1.00281866583
279104,279110,279151,6,41,1,1800,1.14634146341
279117,279126,282091,9,2965,2,36000,1.00303541315
279132,279138,282326,6,3188,2,36000,1.00188205772
279184,279191,282493,7,3302,2,36000,1.00211992732
279314,279323,282524,9,3201,2,36000,1.00281162137
279329,279338,282574,9,3236,2,36000,1.00278121137
279344,279350,282555,6,3205,2,36000,1.00187207488
279359,279367,282575,8,3208,2,36000,1.00249376559
279361,279372,279424,11,52,1,1800,1.21153846154
279429,279435,279509,6,74,1,1800,1.08108108108
279465,279474,282702,9,3228,2,36000,1.00278810409
279745,279751,279828,6,77,1,1800,1.07792207792
280023,280030,280263,7,233,1,1800,1.03004291845
280541,280550,283784,9,3234,2,36000,1.00278293135
280598,280609,284024,11,3415,2,36000,1.00322108346
280727,280734,281021,7,287,1,1800,1.0243902439
280952,280961,284204,9,3243,2,36000,1.00277520814
281142,281153,284404,11,3251,2,36000,1.00338357428
281209,281218,284497,9,3279,2,36000,1.00274473925
281236,281246,284437,10,3191,2,36000,1.00313381385
281272,281283,284440,11,3157,2,36000,1.00348432056
281345,281354,284661,9,3307,2,36000,1.00272149985
281361,281367,284676,6,3309,2,36000,1.00181323663
281362,281373,284541,11,3168,2,36000,1.00347222222
281363,281378,284612,15,3234,2,36000,1.00463821892
281385,281394,284607,9,3213,2,36000,1.00280112045
281460,281470,284717,10,3247,2,36000,1.00307976594
281475,281481,284618,6,3137,2,36000,1.0019126554
281554,281563,284787,9,3224,2,36000,1.00279156328
281616,281622,281651,6,29,1,1800,1.20689655172
281642,281649,284774,7,3125,2,36000,1.00224
281823,281833,285109,10,3276,2,36000,1.00305250305
281838,281845,285104,7,3259,2,36000,1.00214789813
281856,281867,285111,11,3244,2,36000,1.00339087546
281884,281892,285126,8,3234,2,36000,1.00247371676
281941,281949,285113,8,3164,2,36000,1.00252844501
281952,281958,282018,6,60,1,1800,1.1
281956,281964,285189,8,3225,2,36000,1.00248062016
281998,282006,285137,8,3131,2,36000,1.00255509422
282044,282053,285251,9,3198,2,36000,1.00281425891
282045,282058,285224,13,3166,2,36000,1.00410612761
282094,282102,285375,8,3273,2,36000,1.00244424076
282109,282115,285303,6,3188,2,36000,1.00188205772
282110,282121,285427,11,3306,2,36000,1.00332728373
282125,282131,285236,6,3105,2,36000,1.00193236715
282171,282181,285444,10,3263,2,36000,1.00306466442
282185,282194,285416,9,3222,2,36000,1.00279329609
282234,282242,285573,8,3331,2,36000,1.00240168118
282267,282276,285587,9,3311,2,36000,1.00271821202
282328,282337,285556,9,3219,2,36000,1.00279589935
282494,282504,285858,10,3354,2,36000,1.00298151461
282528,282535,285836,7,3301,2,36000,1.00212056952
282558,282566,285755,8,3189,2,36000,1.00250862339
282576,282585,285690,9,3105,2,36000,1.00289855072
282578,282591,285911,13,3320,2,36000,1.00391566265
282705,282713,285964,8,3251,2,36000,1.0024607813
282747,282754,282877,7,123,1,1800,1.05691056911
283785,283795,286935,10,3140,2,36000,1.00318471338
284026,284035,287340,9,3305,2,36000,1.00272314675
284206,284215,287527,9,3312,2,36000,1.0027173913
284406,284416,287591,10,3175,2,36000,1.0031496063
284440,284448,287646,8,3198,2,36000,1.00250156348
284455,284461,287637,6,3176,2,36000,1.00188916877
284500,284508,287664,8,3156,2,36000,1.00253485425
284543,284552,287821,9,3269,2,36000,1.00275313552
284610,284619,287811,9,3192,2,36000,1.00281954887
284625,284631,287817,6,3186,2,36000,1.00188323917
284626,284637,287822,11,3185,2,36000,1.00345368917
284662,284672,287806,10,3134,2,36000,1.00319081047
284678,284687,288024,9,3337,2,36000,1.00269703326
284720,284728,287948,8,3220,2,36000,1.00248447205
284775,284785,288003,10,3218,2,36000,1.0031075202
284790,284798,288109,8,3311,2,36000,1.00241618846
285105,285115,288476,10,3361,2,36000,1.00297530497
285120,285127,288291,7,3164,2,36000,1.00221238938
285122,285132,288342,10,3210,2,36000,1.0031152648
285123,285138,288292,15,3154,2,36000,1.00475586557
285138,285145,288282,7,3137,2,36000,1.0022314313
285140,285151,288445,11,3294,2,36000,1.00333940498
285192,285200,288408,8,3208,2,36000,1.00249376559
285225,285235,288416,10,3181,2,36000,1.00314366551
285241,285247,288427,6,3180,2,36000,1.00188679245
285256,285262,288426,6,3164,2,36000,1.00189633375
285305,285314,288610,9,3296,2,36000,1.00273058252
285377,285386,288634,9,3248,2,36000,1.00277093596
285420,285427,288686,7,3259,2,36000,1.00214789813
285435,285441,288750,6,3309,2,36000,1.00181323663
285450,285456,288686,6,3230,2,36000,1.00185758514
285560,285568,288773,8,3205,2,36000,1.00249609984
285575,285584,288748,9,3164,2,36000,1.00284450063
285590,285598,288995,8,3397,2,36000,1.00235501913
285693,285701,288996,8,3295,2,36000,1.00242792109
285756,285766,289003,10,3237,2,36000,1.0030892802
285838,285847,289028,9,3181,2,36000,1.00282929896
285859,285869,289030,10,3161,2,36000,1.00316355584
285914,285922,289119,8,3197,2,36000,1.00250234595
285965,285975,289145,10,3170,2,36000,1.00315457413
286936,286946,290138,10,3192,2,36000,1.00313283208
287341,287352,290516,11,3164,2,36000,1.00347661188
287529,287538,290673,9,3135,2,36000,1.0028708134
287592,287602,290903,10,3301,2,36000,1.00302938503
287641,287648,290963,7,3315,2,36000,1.00211161388
287657,287663,290764,6,3101,2,36000,1.00193485972
287672,287678,290786,6,3108,2,36000,1.00193050193
287809,287817,290984,8,3167,2,36000,1.00252604989
287825,287831,291033,6,3202,2,36000,1.00187382886
287826,287837,291143,11,3306,2,36000,1.00332728373
287827,287842,291111,15,3269,2,36000,1.00458855919
287829,287847,290955,18,3108,2,36000,1.00579150579
287950,287959,291185,9,3226,2,36000,1.00278983261
288005,288014,291319,9,3305,2,36000,1.00272314675
288026,288035,291153,9,3118,2,36000,1.00288646568
288111,288120,291418,9,3298,2,36000,1.00272892662
288283,288293,291577,10,3284,2,36000,1.00304506699
288298,288304,291425,6,3121,2,36000,1.00192246075
288299,288310,291459,11,3149,2,36000,1.00349317244
288345,288353,291655,8,3302,2,36000,1.00242277408
288409,288419,291670,10,3251,2,36000,1.00307597662
288424,288430,291580,6,3150,2,36000,1.0019047619
288440,288446,291578,6,3132,2,36000,1.00191570881
288441,288452,291822,11,3370,2,36000,1.00326409496
288456,288462,291678,6,3216,2,36000,1.00186567164
288477,288487,291728,10,3241,2,36000,1.00308546745
288613,288622,291835,9,3213,2,36000,1.00280112045
288635,288645,291856,10,3211,2,36000,1.00311429461
288689,288757,291889,68,3132,2,36000,1.02171136654
288691,288762,292052,71,3290,2,36000,1.02158054711
288751,288768,291952,17,3184,2,36000,1.00533919598
288753,288773,291978,20,3205,2,36000,1.00624024961
288774,288784,292163,10,3379,2,36000,1.00295945546
288993,289006,292211,13,3205,2,36000,1.00405616225
289009,289015,292295,6,3280,2,36000,1.00182926829
289010,289021,292199,11,3178,2,36000,1.00346129641
289032,289041,292229,9,3188,2,36000,1.00282308657
289033,289046,292244,13,3198,2,36000,1.00406504065
289121,289131,292301,10,3170,2,36000,1.00315457413
289148,289156,292331,8,3175,2,36000,1.00251968504
290139,290149,293407,10,3258,2,36000,1.00306936771
290518,290527,293635,9,3108,2,36000,1.0028957529
290676,290684,293844,8,3160,2,36000,1.00253164557
290767,290775,293881,8,3106,2,36000,1.00257566001
290788,290797,293908,9,3111,2,36000,1.00289296046
290905,290914,294047,9,3133,2,36000,1.00287264603
290956,290966,294151,10,3185,2,36000,1.00313971743
290971,290978,294210,7,3232,2,36000,1.00216584158
290986,290996,294328,10,3332,2,36000,1.00300120048
291035,291045,294308,10,3263,2,36000,1.00306466442
291114,291122,294417,8,3295,2,36000,1.00242792109
291145,291154,294465,9,3311,2,36000,1.00271821202
291160,291166,294364,6,3198,2,36000,1.00187617261
291187,291196,294404,9,3208,2,36000,1.00280548628
291320,291330,294396,10,3066,2,36000,1.0032615786
291421,291429,294665,8,3236,2,36000,1.00247218789
291435,291442,294615,7,3173,2,36000,1.00220611409
291460,291470,294722,10,3252,2,36000,1.00307503075
291578,291588,294841,10,3253,2,36000,1.00307408546
291580,291594,294767,14,3173,2,36000,1.00441222818
291595,291600,294766,5,3166,2,36000,1.00157927985
291658,291666,294898,8,3232,2,36000,1.00247524752
291673,291681,294889,8,3208,2,36000,1.00249376559
291688,291695,294859,7,3164,2,36000,1.00221238938
291731,291739,294992,8,3253,2,36000,1.00245926837
291825,291833,295144,8,3311,2,36000,1.00241618846
291841,291847,295101,6,3254,2,36000,1.00184388445
291859,291867,295067,8,3200,2,36000,1.0025
291892,291901,295223,9,3322,2,36000,1.00270921132
291953,291963,295190,10,3227,2,36000,1.00309885342
291980,291989,295298,9,3309,2,36000,1.00271985494
292056,292064,295235,8,3171,2,36000,1.00252286345
292165,292174,295387,9,3213,2,36000,1.00280112045
292201,292210,295366,9,3156,2,36000,1.00285171103
292217,292223,295395,6,3172,2,36000,1.00189155107
292232,292240,295467,8,3227,2,36000,1.00247908274
292246,292256,295460,10,3204,2,36000,1.00312109863
292298,292307,295454,9,3147,2,36000,1.00285986654
292313,292319,295676,6,3357,2,36000,1.0017873101
292334,292342,295557,8,3215,2,36000,1.00248833593
293409,293418,296701,9,3283,2,36000,1.00274139507
293636,293646,296816,10,3170,2,36000,1.00315457413
293845,293855,296939,10,3084,2,36000,1.00324254215
293884,293892,297057,8,3165,2,36000,1.00252764613
293909,293919,297170,10,3251,2,36000,1.00307597662
294048,294058,297170,10,3112,2,36000,1.00321336761
294154,294162,297281,8,3119,2,36000,1.00256492466
294211,294222,297304,11,3082,2,36000,1.00356911097
294311,294319,297583,8,3264,2,36000,1.00245098039
294329,294340,297752,11,3412,2,36000,1.00322391559
294365,294375,297624,10,3249,2,36000,1.00307787011
294398,294408,297703,10,3295,2,36000,1.00303490137
294413,294420,297509,7,3089,2,36000,1.00226610554
294429,294435,297697,6,3262,2,36000,1.00183936235
294468,294476,297707,8,3231,2,36000,1.00247601362
294617,294627,297982,10,3355,2,36000,1.00298062593
294668,294677,297912,9,3235,2,36000,1.0027820711
294723,294733,297927,10,3194,2,36000,1.00313087038
294769,294778,297915,9,3137,2,36000,1.0028689831
294770,294783,297943,13,3160,2,36000,1.00411392405
294845,294852,298153,7,3301,2,36000,1.00212056952
294860,294871,298229,11,3358,2,36000,1.00327575938
294891,294901,298060,10,3159,2,36000,1.00316555872
294906,294912,298305,6,3393,2,36000,1.0017683466
294994,295003,298269,9,3266,2,36000,1.00275566442
295068,295078,298278,10,3200,2,36000,1.003125
295104,295113,298150,9,3037,2,36000,1.00296345077
295147,295155,298349,8,3194,2,36000,1.00250469631
295193,295201,298429,8,3228,2,36000,1.00247831475
295226,295234,298260,8,3026,2,36000,1.00264375413
295241,295247,298570,6,3323,2,36000,1.00180559735
295302,295309,298495,7,3186,2,36000,1.00219711237
295368,295377,298648,9,3271,2,36000,1.00275145216
295389,295399,298564,10,3165,2,36000,1.00315955766
295404,295411,298680,7,3269,2,36000,1.00214132762
295456,295466,298709,10,3243,2,36000,1.0030835646
295471,295477,298690,6,3213,2,36000,1.00186741363
295473,295483,298778,10,3295,2,36000,1.00303490137
295557,295568,298703,11,3135,2,36000,1.00350877193
295679,295687,298905,8,3218,2,36000,1.00248601616
296702,296712,299999,10,3287,2,36000,1.0030422878
296820,296828,299918,8,3090,2,36000,1.00258899676
296941,296950,300138,9,3188,2,36000,1.00282308657
297059,297068,300433,9,3365,2,36000,1.00267459138
297171,297180,300486,9,3306,2,36000,1.00272232305
297172,297185,300481,13,3296,2,36000,1.00394417476
297284,297293,300495,9,3202,2,36000,1.00281074329
297305,297315,300530,10,3215,2,36000,1.00311041991
297511,297520,300845,9,3325,2,36000,1.00270676692
297584,297594,300883,10,3289,2,36000,1.00304043782
297626,297635,300960,9,3325,2,36000,1.00270676692
297699,297708,300816,9,3108,2,36000,1.0028957529
297714,297720,300866,6,3146,2,36000,1.00190718373
297715,297726,300976,11,3250,2,36000,1.00338461538
297755,297763,300991,8,3228,2,36000,1.00247831475
297915,297923,301196,8,3273,2,36000,1.00244424076
297917,297929,301298,12,3369,2,36000,1.0035618878
297932,297938,301149,6,3211,2,36000,1.00186857677
297948,297953,301006,5,3053,2,36000,1.00163773338
297984,297993,301204,9,3211,2,36000,1.00280286515
298062,298071,301341,9,3270,2,36000,1.00275229358
298154,298161,301269,7,3108,2,36000,1.00225225225
298155,298167,301366,12,3199,2,36000,1.00375117224
298231,298240,301446,9,3206,2,36000,1.00280723643
298261,298271,301355,10,3084,2,36000,1.00324254215
298276,298282,301349,6,3067,2,36000,1.0019563091
298291,298297,301458,6,3161,2,36000,1.0018981335
298306,298316,301487,10,3171,2,36000,1.00315357931
298352,298360,301613,8,3253,2,36000,1.00245926837
298431,298440,301608,9,3168,2,36000,1.00284090909
298497,298506,301708,9,3202,2,36000,1.00281074329
298567,298576,301841,9,3265,2,36000,1.00275650842
298582,298588,301687,6,3099,2,36000,1.00193610842
298652,298660,301741,8,3081,2,36000,1.00259655956
298682,298691,301870,9,3179,2,36000,1.00283107896
298697,298703,301983,6,3280,2,36000,1.00182926829
298712,298719,301940,7,3221,2,36000,1.00217323812
298714,298725,302028,11,3303,2,36000,1.00333030578
298781,298789,301985,8,3196,2,36000,1.00250312891
298905,298916,302111,11,3195,2,36000,1.0034428795
299919,299929,303096,10,3167,2,36000,1.00315756236
300001,300010,303256,9,3246,2,36000,1.00277264325
300140,300149,303344,9,3195,2,36000,1.00281690141
300434,300444,303528,10,3084,2,36000,1.00324254215
300483,300492,303712,9,3220,2,36000,1.00279503106
300498,300504,303710,6,3206,2,36000,1.00187149095
300499,300510,303730,11,3220,2,36000,1.00341614907
300533,300541,303701,8,3160,2,36000,1.00253164557
300818,300828,304009,10,3181,2,36000,1.00314366551
300846,300856,304146,10,3290,2,36000,1.00303951368
300867,300877,304064,10,3187,2,36000,1.0031377471
300885,300895,304244,10,3349,2,36000,1.00298596596
300961,300972,304188,11,3216,2,36000,1.00342039801
300979,300988,304391,9,3403,2,36000,1.00264472524
300994,301002,304198,8,3196,2,36000,1.00250312891
301010,301017,304177,7,3160,2,36000,1.00221518987
301152,301161,304400,9,3239,2,36000,1.00277863538
301198,301207,304489,9,3282,2,36000,1.00274223035
301213,301219,304400,6,3181,2,36000,1.00188619931
301270,301280,304565,10,3285,2,36000,1.00304414003
301301,301310,304634,9,3324,2,36000,1.00270758123
301344,301353,304633,9,3280,2,36000,1.00274390244
301359,301365,304589,6,3224,2,36000,1.00186104218
301360,301371,304629,11,3258,2,36000,1.00337630448
301375,301381,304577,6,3196,2,36000,1.00187734668
301448,301457,304661,9,3204,2,36000,1.00280898876
301462,301468,304670,6,3202,2,36000,1.00187382886
301490,301498,304694,8,3196,2,36000,1.00250312891
301612,301620,304933,8,3313,2,36000,1.00241472985
301627,301633,304816,6,3183,2,36000,1.00188501414
301690,301698,304964,8,3266,2,36000,1.00244947949
301712,301720,304963,8,3243,2,36000,1.00246685168
301742,301752,304800,10,3048,2,36000,1.0032808399
301842,301852,305111,10,3259,2,36000,1.0030684259
301872,301881,305028,9,3147,2,36000,1.00285986654
301942,301951,305168,9,3217,2,36000,1.00279763755
301985,301994,305270,9,3276,2,36000,1.00274725275
302000,302006,305262,6,3256,2,36000,1.00184275184
302030,302039,305307,9,3268,2,36000,1.00275397797
302112,302122,305319,10,3197,2,36000,1.00312793244
303098,303108,306261,10,3153,2,36000,1.00317158262
303259,303267,306479,8,3212,2,36000,1.00249066002
303344,303355,306570,11,3215,2,36000,1.0034214619
303529,303539,306776,10,3237,2,36000,1.0030892802
303607,303613,311316,6,7703,2,21600,1.0007789173
303704,303712,307085,8,3373,2,36000,1.00237177587
303720,303726,306926,6,3200,2,36000,1.001875
303721,303732,306852,11,3120,2,36000,1.00352564103
303736,303742,306771,6,3029,2,36000,1.00198085177
304012,304020,307127,8,3107,2,36000,1.00257483103
304066,304075,307471,9,3396,2,36000,1.00265017668
304148,304157,307369,9,3212,2,36000,1.00280199253
304179,304188,307378,9,3190,2,36000,1.00282131661
304194,304200,307269,6,3069,2,36000,1.00195503421
304209,304215,307525,6,3310,2,36000,1.00181268882
304245,304402,307578,157,3176,2,36000,1.04943324937
304393,304407,307575,14,3168,2,36000,1.00441919192
304408,304414,307721,6,3307,2,36000,1.00181433323
304409,304420,307577,11,3157,2,36000,1.00348432056
304491,304500,307630,9,3130,2,36000,1.00287539936
304506,304512,305122,6,610,2,21600,1.00983606557
304568,304576,307755,8,3179,2,36000,1.00251651463
304583,304589,307830,6,3241,2,36000,1.00185128047
304598,304604,307910,6,3306,2,36000,1.00181488203
304632,304641,307973,9,3332,2,36000,1.00270108043
304647,304654,307961,7,3307,2,36000,1.0021167221
304649,304660,307786,11,3126,2,36000,1.00351887396
304664,304673,307741,9,3068,2,36000,1.00293350717
304679,304685,307824,6,3139,2,36000,1.00191143676
304697,304706,307987,9,3281,2,36000,1.00274306614
304803,304811,308071,8,3260,2,36000,1.00245398773
304818,304828,308108,10,3280,2,36000,1.00304878049
304937,304945,307974,8,3029,2,36000,1.00264113569
304964,304980,308093,16,3113,2,36000,1.00513973659
304966,304974,308250,8,3276,2,36000,1.00244200244
305030,305039,308250,9,3211,2,36000,1.00280286515
305112,305122,308298,10,3176,2,36000,1.00314861461
305169,305180,308251,11,3071,2,36000,1.00358189515
305264,305273,308554,9,3281,2,36000,1.00274306614
305278,305285,308523,7,3238,2,36000,1.00216182829
305309,305318,308491,9,3173,2,36000,1.0028364324
305325,305330,308676,5,3346,2,36000,1.00149432158
305336,305343,305830,7,487,2,7200,1.01437371663
305492,305498,321579,6,16081,2,21600,1.00037311112
305500,305506,321586,6,16080,2,28800,1.00037313433
306145,306151,519294,6,213143,8,216000,1.00002815012
306261,306272,309579,11,3307,2,36000,1.00332627759
306480,306490,309671,10,3181,2,36000,1.00314366551
306571,306581,309740,10,3159,2,36000,1.00316555872
306774,306783,310124,9,3341,2,36000,1.00269380425
306789,306795,310019,6,3224,2,36000,1.00186104218
306856,306864,310022,8,3158,2,36000,1.00253324889
306929,306937,310157,8,3220,2,36000,1.00248447205
307087,307096,310317,9,3221,2,36000,1.0027941633
307129,307138,310408,9,3270,2,36000,1.00275229358
307271,307280,310427,9,3147,2,36000,1.00285986654
307371,307380,310767,9,3387,2,36000,1.00265721878
307386,307393,310558,7,3165,2,36000,1.00221169036
307474,307482,310714,8,3232,2,36000,1.00247524752
307528,307537,310674,9,3137,2,36000,1.0028689831
307577,307587,310890,10,3303,2,36000,1.00302755071
307592,307598,310819,6,3221,2,36000,1.00186277554
307593,307604,310718,11,3114,2,36000,1.00353243417
307633,307642,310820,9,3178,2,36000,1.00283196979
307723,307732,310801,9,3069,2,36000,1.00293255132
307744,307752,310910,8,3158,2,36000,1.00253324889
307759,307766,310903,7,3137,2,36000,1.0022314313
307790,307798,310948,8,3150,2,36000,1.00253968254
307826,307836,311057,10,3221,2,36000,1.00310462589
307841,307847,311174,6,3327,2,36000,1.00180342651
307911,307921,311106,10,3185,2,36000,1.00313971743
307963,307972,311237,9,3265,2,36000,1.00275650842
307978,307984,311203,6,3219,2,36000,1.0018639329
307979,307990,311235,11,3245,2,36000,1.00338983051
307994,308000,311252,6,3252,2,36000,1.00184501845
308073,308082,311350,9,3268,2,36000,1.00275397797
308095,308105,311332,10,3227,2,36000,1.00309885342
308110,308119,311216,9,3097,2,36000,1.0029060381
308253,308261,311400,8,3139,2,36000,1.00254858235
308254,308266,311571,12,3305,2,36000,1.00363086233
308255,308272,311477,17,3205,2,36000,1.00530421217
308301,308309,311538,8,3229,2,36000,1.00247754723
308491,308502,311717,11,3215,2,36000,1.0034214619
308525,308534,311717,9,3183,2,36000,1.00282752121
308555,308565,311890,10,3325,2,36000,1.0030075188
308679,308687,312000,8,3313,2,36000,1.00241472985
309581,309591,312808,10,3217,2,36000,1.00310848617
309672,309682,312868,10,3186,2,36000,1.00313873195
309741,309751,313053,10,3302,2,36000,1.0030284676
310021,310030,313249,9,3219,2,36000,1.00279589935
310036,310042,313283,6,3241,2,36000,1.00185128047
310127,310136,313319,9,3183,2,36000,1.00282752121
310157,310168,313333,11,3165,2,36000,1.00347551343
310321,310328,313600,7,3272,2,36000,1.0021393643
310412,310419,313491,7,3072,2,36000,1.00227864583
310430,310438,313675,8,3237,2,36000,1.00247142416
310560,310569,313852,9,3283,2,36000,1.00274139507
310675,310685,314024,10,3339,2,36000,1.00299490866
310717,310725,314135,8,3410,2,36000,1.00234604106
310732,310738,314066,6,3328,2,36000,1.00180288462
310769,310778,314004,9,3226,2,36000,1.00278983261
310802,310812,313976,10,3164,2,36000,1.00316055626
310820,310831,313937,11,3106,2,36000,1.00354153252
310835,310841,314094,6,3253,2,36000,1.00184445128
310893,310902,314015,9,3113,2,36000,1.00289110183
310908,310914,314110,6,3196,2,36000,1.00187734668
310922,310929,314064,7,3135,2,36000,1.00223285486
310950,310959,314346,9,3387,2,36000,1.00265721878
311059,311069,314145,10,3076,2,36000,1.00325097529
311108,311117,314105,9,2988,2,36000,1.00301204819
311178,311185,314354,7,3169,2,36000,1.00220889871
311205,311215,314432,10,3217,2,36000,1.00310848617
311221,311227,314428,6,3201,2,36000,1.00187441425
311236,311246,314541,10,3295,2,36000,1.00303490137
311251,311257,314545,6,3288,2,36000,1.00182481752
311266,311272,314465,6,3193,2,36000,1.00187911055
311336,311343,314602,7,3259,2,36000,1.00214789813
311351,311361,314631,10,3270,2,36000,1.00305810398
311402,311412,314590,10,3178,2,36000,1.0031466331
311478,311488,314685,10,3197,2,36000,1.00312793244
311539,311549,314794,10,3245,2,36000,1.0030816641
311573,311582,314897,9,3315,2,36000,1.00271493213
311719,311728,314870,9,3142,2,36000,1.00286441757
311720,311733,314911,13,3178,2,36000,1.00409062303
311893,311901,315088,8,3187,2,36000,1.00251019768
312002,312011,315226,9,3215,2,36000,1.00279937792
312810,312820,315945,10,3125,2,36000,1.0032
312871,312880,315947,9,3067,2,36000,1.00293446365
313057,313064,316295,7,3231,2,36000,1.00216651192
313251,313260,316494,9,3234,2,36000,1.00278293135
313284,313294,316559,10,3265,2,36000,1.00306278714
313320,313330,316478,10,3148,2,36000,1.00317662008
313335,313345,316521,10,3176,2,36000,1.00314861461
313493,313502,316605,9,3103,2,36000,1.00290041895
313602,313612,316798,10,3186,2,36000,1.00313873195
313678,313686,316767,8,3081,2,36000,1.00259655956
313853,313863,317093,10,3230,2,36000,1.00309597523
313938,313948,317164,10,3216,2,36000,1.00310945274
313978,313987,317277,9,3290,2,36000,1.00273556231
314005,314015,317302,10,3287,2,36000,1.0030422878
314020,314026,317250,6,3224,2,36000,1.00186104218
314035,314041,317214,6,3173,2,36000,1.00189095493
314065,314076,317333,11,3257,2,36000,1.00337734111
314080,314086,317360,6,3274,2,36000,1.00183262065
314096,314105,317328,9,3223,2,36000,1.00279242941
314112,314118,317371,6,3253,2,36000,1.00184445128
314113,314124,317322,11,3198,2,36000,1.00343964978
314137,314147,317389,10,3242,2,36000,1.00308451573
314152,314158,317363,6,3205,2,36000,1.00187207488
314346,314357,317584,11,3227,2,36000,1.00340873877
314362,314368,317523,6,3155,2,36000,1.00190174326
314429,314439,317726,10,3287,2,36000,1.0030422878
314444,314450,317606,6,3156,2,36000,1.00190114068
314468,314476,317707,8,3231,2,36000,1.00247601362
314544,314552,317726,8,3174,2,36000,1.00252047889
314559,314565,317804,6,3239,2,36000,1.00185242359
314593,314601,317751,8,3150,2,36000,1.00253968254
314608,314613,317974,5,3361,2,36000,1.00148765248
314635,314643,317960,8,3317,2,36000,1.00241181791
314687,314696,317881,9,3185,2,36000,1.00282574568
314796,314805,317984,9,3179,2,36000,1.00283107896
314872,314881,318020,9,3139,2,36000,1.00286715514
314899,314908,318248,9,3340,2,36000,1.00269461078
314914,314923,318110,9,3187,2,36000,1.00282397239
315090,315100,318278,10,3178,2,36000,1.0031466331
315229,315237,318460,8,3223,2,36000,1.00248215948
315947,315956,319280,9,3324,2,36000,1.00270758123
315962,315968,319242,6,3274,2,36000,1.00183262065
316296,316306,319553,10,3247,2,36000,1.00307976594
316481,316489,319652,8,3163,2,36000,1.00252924439
316497,316506,319756,9,3250,2,36000,1.00276923077
316524,316533,319600,9,3067,2,36000,1.00293446365
316560,316570,319961,10,3391,2,36000,1.0029489826
316606,316616,319945,10,3329,2,36000,1.00300390508
316770,316778,320167,8,3389,2,36000,1.00236057834
316802,316809,320017,7,3208,2,36000,1.00218204489
317096,317104,320367,8,3263,2,36000,1.00245173154
317166,317175,320406,9,3231,2,36000,1.00278551532
317217,317225,320471,8,3246,2,36000,1.00246457178
317254,317261,320503,7,3242,2,36000,1.00215916101
317278,317288,320482,10,3194,2,36000,1.00313087038
317305,317313,320592,8,3279,2,36000,1.00243976822
317323,317333,320483,10,3150,2,36000,1.00317460317
317339,317345,320452,6,3107,2,36000,1.00193112327
317340,317351,320364,11,3013,2,36000,1.00365084633
317362,317371,320581,9,3210,2,36000,1.00280373832
317377,317384,320520,7,3136,2,36000,1.00223214286
317379,317390,320612,11,3222,2,36000,1.00341402855
317394,317400,320455,6,3055,2,36000,1.00196399345
317524,317535,320797,11,3262,2,36000,1.00337216432
317588,317596,320881,8,3285,2,36000,1.00243531202
317609,317618,320821,9,3203,2,36000,1.00280986575
317710,317718,320988,8,3270,2,36000,1.00244648318
317728,317737,321051,9,3314,2,36000,1.00271575136
317729,317742,320928,13,3186,2,36000,1.00408035154
317754,317762,320891,8,3129,2,36000,1.00255672739
317805,317815,320902,10,3087,2,36000,1.00323939099
317884,317893,321116,9,3223,2,36000,1.00279242941
317963,317971,321136,8,3165,2,36000,1.00252764613
317978,317985,321203,7,3218,2,36000,1.00217526414
317993,317999,321278,6,3279,2,36000,1.00182982617
318024,318032,321230,8,3198,2,36000,1.00250156348
318111,318121,321224,10,3103,2,36000,1.00322268772
318251,318260,321488,9,3228,2,36000,1.00278810409
318281,318289,321478,8,3189,2,36000,1.00250862339
318464,318471,321812,7,3341,2,36000,1.00209518108
319243,319254,322419,11,3165,2,36000,1.00347551343
319283,319291,322573,8,3282,2,36000,1.00243753809
319556,319564,322803,8,3239,2,36000,1.00246989812
319602,319611,322996,9,3385,2,36000,1.00265878877
319654,319664,322871,10,3207,2,36000,1.00311817898
319760,319767,323132,7,3365,2,36000,1.00208023774
319947,319957,323028,10,3071,2,36000,1.00325626832
319962,319972,323033,10,3061,2,36000,1.00326690624
320020,320029,323202,9,3173,2,36000,1.0028364324
320169,320179,323464,10,3285,2,36000,1.00304414003
320366,320375,323627,9,3252,2,36000,1.00276752768
320381,320387,323601,6,3214,2,36000,1.00186683261
320408,320417,323583,9,3166,2,36000,1.00284270373
320454,320463,323711,9,3248,2,36000,1.00277093596
320469,320475,323698,6,3223,2,36000,1.00186161961
320485,320491,323715,6,3224,2,36000,1.00186104218
320486,320497,323724,11,3227,2,36000,1.00340873877
320487,320502,323891,15,3389,2,36000,1.00442608439
320505,320514,323768,9,3254,2,36000,1.00276582667
320523,320532,323810,9,3278,2,36000,1.00274557657
320584,320593,323675,9,3082,2,36000,1.0029201817
320599,320605,323915,6,3310,2,36000,1.00181268882
320614,320623,323871,9,3248,2,36000,1.00277093596
320800,320808,324056,8,3248,2,36000,1.00246305419
320824,320832,324026,8,3194,2,36000,1.00250469631
320885,320892,324110,7,3218,2,36000,1.00217526414
320900,320906,324126,6,3220,2,36000,1.00186335404
320915,320921,324273,6,3352,2,36000,1.00178997613
320930,320939,324220,9,3281,2,36000,1.00274306614
320991,320999,324144,8,3145,2,36000,1.00254372019
321055,321062,324263,7,3201,2,36000,1.00218681662
321118,321127,324341,9,3214,2,36000,1.00280024891
321137,321147,324310,10,3163,2,36000,1.00316155549
321207,321214,324376,7,3162,2,36000,1.00221378874
321225,321235,324464,10,3229,2,36000,1.00309693404
321240,321246,324413,6,3167,2,36000,1.00189453742
321279,321289,324434,10,3145,2,36000,1.00317965024
321480,321490,324724,10,3234,2,36000,1.00309214595
321494,321501,324737,7,3236,2,36000,1.0021631644
321816,321823,325038,7,3215,2,36000,1.00217729393
322419,322430,325609,11,3179,2,36000,1.00346020761
322574,322584,325777,10,3193,2,36000,1.00313185092
322804,322814,326089,10,3275,2,36000,1.00305343511
322874,322882,325946,8,3064,2,36000,1.00261096606
322998,323007,326278,9,3271,2,36000,1.00275145216
323032,323039,326321,7,3282,2,36000,1.00213284583
323034,323045,326112,11,3067,2,36000,1.00358656668
323134,323143,326287,9,3144,2,36000,1.00286259542
323204,323214,326458,10,3244,2,36000,1.00308261406
323467,323475,326797,8,3322,2,36000,1.00240818784
323585,323594,326748,9,3154,2,36000,1.00285351934
323602,323612,326904,10,3292,2,36000,1.00303766707
323630,323638,326889,8,3251,2,36000,1.0024607813
323678,323686,327019,8,3333,2,36000,1.00240024002
323699,323710,326801,11,3091,2,36000,1.00355871886
323715,323722,326899,7,3177,2,36000,1.00220333648
323716,323728,326930,12,3202,2,36000,1.00374765771
323731,323737,327029,6,3292,2,36000,1.00182260024
323771,323780,326969,9,3189,2,36000,1.00282220132
323811,323821,326934,10,3113,2,36000,1.00321233537
323874,323883,327148,9,3265,2,36000,1.00275650842
323893,323902,327102,9,3200,2,36000,1.0028125
323918,323926,327185,8,3259,2,36000,1.00245474072
324027,324037,327281,10,3244,2,36000,1.00308261406
324057,324067,327271,10,3204,2,36000,1.00312109863
324112,324121,327392,9,3271,2,36000,1.00275145216
324127,324137,327284,10,3147,2,36000,1.00317762949
324148,324156,327253,8,3097,2,36000,1.00258314498
324221,324231,327416,10,3185,2,36000,1.00313971743
324267,324274,327513,7,3239,2,36000,1.00216116085
324282,324288,327470,6,3182,2,36000,1.00188560654
324312,324321,327469,9,3148,2,36000,1.00285895807
324343,324353,327500,10,3147,2,36000,1.00317762949
324379,324387,327579,8,3192,2,36000,1.00250626566
324416,324424,327627,8,3203,2,36000,1.00249765845
324437,324445,327678,8,3233,2,36000,1.00247448191
324468,324476,327660,8,3184,2,36000,1.00251256281
324727,324735,327814,8,3079,2,36000,1.00259824618
324742,324748,327930,6,3182,2,36000,1.00188560654
325040,325049,328255,9,3206,2,36000,1.00280723643
325612,325621,328876,9,3255,2,36000,1.00276497696
325778,325788,329070,10,3282,2,36000,1.00304692261
325948,325958,329189,10,3231,2,36000,1.00309501702
326091,326100,329377,9,3277,2,36000,1.0027464144
326115,326123,329347,8,3224,2,36000,1.00248138958
326279,326289,329519,10,3230,2,36000,1.00309597523
326294,326300,329518,6,3218,2,36000,1.00186451212
326321,326332,329510,11,3178,2,36000,1.00346129641
326461,326469,329783,8,3314,2,36000,1.00241400121
326751,326760,329955,9,3195,2,36000,1.00281690141
326800,326808,330030,8,3222,2,36000,1.00248292986
326815,326821,330010,6,3189,2,36000,1.00188146754
326891,326901,330048,10,3147,2,36000,1.00317762949
326907,326913,330160,6,3247,2,36000,1.00184785956
326908,326919,330197,11,3278,2,36000,1.0033557047
326932,326941,330215,9,3274,2,36000,1.00274893097
326947,326953,330186,6,3233,2,36000,1.00185586143
326971,326980,330320,9,3340,2,36000,1.00269461078
327023,327031,330350,8,3319,2,36000,1.00241036457
327038,327044,330297,6,3253,2,36000,1.00184445128
327104,327114,330348,10,3234,2,36000,1.00309214595
327150,327160,330394,10,3234,2,36000,1.00309214595
327186,327196,330382,10,3186,2,36000,1.00313873195
327256,327264,330547,8,3283,2,36000,1.00243679561
327274,327282,330523,8,3241,2,36000,1.00246837396
327290,327296,330603,6,3307,2,36000,1.00181433323
327291,327302,330633,11,3331,2,36000,1.00330231162
327394,327403,330593,9,3190,2,36000,1.00282131661
327419,327427,330641,8,3214,2,36000,1.00248911014
327470,327480,330658,10,3178,2,36000,1.0031466331
327485,327491,330810,6,3319,2,36000,1.00180777343
327503,327511,330910,8,3399,2,36000,1.00235363342
327518,327524,330689,6,3165,2,36000,1.0018957346
327582,327590,330862,8,3272,2,36000,1.00244498778
327631,327639,330708,8,3069,2,36000,1.00260671228
327661,327671,330933,10,3262,2,36000,1.00306560392
327679,327689,330940,10,3251,2,36000,1.00307597662
327816,327825,331004,9,3179,2,36000,1.00283107896
327931,327941,331120,10,3179,2,36000,1.00314564328
328258,328266,331353,8,3087,2,36000,1.0025915128
328879,328887,332252,8,3365,2,36000,1.00237741456
329073,329081,332175,8,3094,2,36000,1.00258564964
329192,329200,332368,8,3168,2,36000,1.00252525253
329349,329358,332519,9,3161,2,36000,1.00284720025
329380,329388,332608,8,3220,2,36000,1.00248447205
329514,329522,332933,8,3411,2,36000,1.00234535327
329529,329535,332705,6,3170,2,36000,1.00189274448
329530,329541,332807,11,3266,2,36000,1.00336803429
329785,329794,333101,9,3307,2,36000,1.00272149985
329956,329966,333282,10,3316,2,36000,1.00301568154
330013,330022,333167,9,3145,2,36000,1.00286168521
330032,330041,333224,9,3183,2,36000,1.00282752121
330050,330059,333339,9,3280,2,36000,1.00274390244
330163,330172,333456,9,3284,2,36000,1.00274056029
330187,330197,333265,10,3068,2,36000,1.00325945241
330202,330208,333515,6,3307,2,36000,1.00181433323
330217,330226,333523,9,3297,2,36000,1.00272975432
330299,330308,333417,9,3109,2,36000,1.00289482149
330320,330331,333599,11,3268,2,36000,1.00336597307
330351,330365,333469,14,3104,2,36000,1.00451030928
330352,330359,333684,7,3325,2,36000,1.00210526316
330386,330393,333679,7,3286,2,36000,1.00213024954
330401,330407,333535,6,3128,2,36000,1.00191815857
330525,330534,333662,9,3128,2,36000,1.00287723785
330549,330558,333870,9,3312,2,36000,1.0027173913
330595,330604,333794,9,3190,2,36000,1.00282131661
330610,330616,333728,6,3112,2,36000,1.00192802057
330634,330644,333866,10,3222,2,36000,1.00310366232
330649,330655,333750,6,3095,2,36000,1.00193861066
330664,330670,333853,6,3183,2,36000,1.00188501414
330691,330701,333917,10,3216,2,36000,1.00310945274
330710,330719,333930,9,3211,2,36000,1.00280286515
330813,330821,334069,8,3248,2,36000,1.00246305419
330865,330874,333972,9,3098,2,36000,1.00290510006
330913,330921,334126,8,3205,2,36000,1.00249609984
330935,330945,334117,10,3172,2,36000,1.00315258512
330950,330956,334209,6,3253,2,36000,1.00184445128
331008,331016,334282,8,3266,2,36000,1.00244947949
331123,331132,334338,9,3206,2,36000,1.00280723643
331356,331364,334647,8,3283,2,36000,1.00243679561
332177,332186,335384,9,3198,2,36000,1.00281425891
332195,332201,332202,6,1,2,3540,1.0
332255,332263,335440,8,3177,2,36000,1.00251809884
332370,332379,335548,9,3169,2,36000,1.00284001262
332520,332530,335661,10,3131,2,36000,1.00319386777
332611,332619,335761,8,3142,2,36000,1.00254614895
332706,332717,335992,11,3275,2,36000,1.00335877863
332810,332818,336046,8,3228,2,36000,1.00247831475
332937,332944,336123,7,3179,2,36000,1.0022019503
333103,333112,336301,9,3189,2,36000,1.00282220132
333170,333178,336388,8,3210,2,36000,1.00249221184
333228,333236,336336,8,3100,2,36000,1.00258064516
333268,333276,336567,8,3291,2,36000,1.00243087208
333283,333293,336587,10,3294,2,36000,1.00303582271
333340,333351,336651,11,3300,2,36000,1.00333333333
333419,333428,336669,9,3241,2,36000,1.0027769207
333459,333468,336746,9,3278,2,36000,1.00274557657
333474,333480,336703,6,3223,2,36000,1.00186161961
333517,333526,336950,9,3424,2,36000,1.00262850467
333532,333538,336856,6,3318,2,36000,1.00180831826
333547,333553,336866,6,3313,2,36000,1.00181104739
333601,333610,336845,9,3235,2,36000,1.0027820711
333665,333673,336815,8,3142,2,36000,1.00254614895
333680,333690,336928,10,3238,2,36000,1.00308832613
333695,333701,336968,6,3267,2,36000,1.00183654729
333732,333740,337173,8,3433,2,36000,1.00233032333
333753,333761,336964,8,3203,2,36000,1.00249765845
333796,333805,337003,9,3198,2,36000,1.00281425891
333857,333864,336935,7,3071,2,36000,1.00227938782
333872,333878,337079,6,3201,2,36000,1.00187441425
333874,333884,337148,10,3264,2,36000,1.00306372549
333919,333928,337200,9,3272,2,36000,1.00275061125
333934,333940,337122,6,3182,2,36000,1.00188560654
333974,333983,337101,9,3118,2,36000,1.00288646568
334071,334080,337184,9,3104,2,36000,1.00289948454
334120,334128,337355,8,3227,2,36000,1.00247908274
334135,334141,337379,6,3238,2,36000,1.00185299568
334211,334220,337362,9,3142,2,36000,1.00286441757
334284,334294,337487,10,3193,2,36000,1.00313185092
334342,334350,337576,8,3226,2,36000,1.00247985121
334648,334658,337930,10,3272,2,36000,1.00305623472
335386,335395,338711,9,3316,2,36000,1.00271411339
335441,335451,338587,10,3136,2,36000,1.00318877551
335551,335559,338598,8,3039,2,36000,1.00263244488
335662,335672,338858,10,3186,2,36000,1.00313873195
335762,335772,339034,10,3262,2,36000,1.00306560392
335995,336003,339256,8,3253,2,36000,1.00245926837
336046,336057,339201,11,3144,2,36000,1.00349872774
336125,336134,339416,9,3282,2,36000,1.00274223035
336304,336312,339463,8,3151,2,36000,1.00253887655
336338,336347,339530,9,3183,2,36000,1.00282752121
336389,336399,339668,10,3269,2,36000,1.00305903946
336567,336578,339794,11,3216,2,36000,1.00342039801
336589,336598,339731,9,3133,2,36000,1.00287264603
336652,336662,339874,10,3212,2,36000,1.00311332503
336671,336680,339914,9,3234,2,36000,1.00278293135
336704,336715,339890,11,3175,2,36000,1.00346456693
336747,336757,339929,10,3172,2,36000,1.00315258512
336817,336827,340025,10,3198,2,36000,1.00312695435
336847,336856,340027,9,3171,2,36000,1.00283822138
336862,336868,340103,6,3235,2,36000,1.00185471406
336877,336883,340043,6,3160,2,36000,1.00189873418
336931,336940,340021,9,3081,2,36000,1.0029211295
336946,336953,340132,7,3179,2,36000,1.0022019503
336962,336968,340144,6,3176,2,36000,1.00188916877
336977,336983,340158,6,3175,2,36000,1.00188976378
336978,336989,340115,11,3126,2,36000,1.00351887396
337006,337015,340376,9,3361,2,36000,1.00267777447
337082,337090,340361,8,3271,2,36000,1.00244573525
337103,337112,340315,9,3203,2,36000,1.00280986575
337124,337133,340178,9,3045,2,36000,1.00295566502
337149,337159,340386,10,3227,2,36000,1.00309885342
337176,337184,340310,8,3126,2,36000,1.00255918106
337191,337197,340354,6,3157,2,36000,1.00190053849
337206,337213,340418,7,3205,2,36000,1.00218408736
337358,337366,340599,8,3233,2,36000,1.00247448191
337373,337379,340673,6,3294,2,36000,1.00182149362
337388,337394,340609,6,3215,2,36000,1.00186625194
337488,337498,340727,10,3229,2,36000,1.00309693404
337579,337587,340695,8,3108,2,36000,1.00257400257
337934,337942,341079,8,3137,2,36000,1.0025502072
338590,338598,341818,8,3220,2,36000,1.00248447205
338605,338611,341819,6,3208,2,36000,1.00187032419
338714,338722,341894,8,3172,2,36000,1.0025220681
338860,338869,342198,9,3329,2,36000,1.00270351457
339035,339045,342338,10,3293,2,36000,1.00303674461
339202,339212,342461,10,3249,2,36000,1.00307787011
339259,339268,342352,9,3084,2,36000,1.00291828794
339417,339427,342569,10,3142,2,36000,1.00318268619
339466,339475,342877,9,3402,2,36000,1.00264550265
339533,339541,342903,8,3362,2,36000,1.00237953599
339669,339679,342894,10,3215,2,36000,1.00311041991
339732,339742,343055,10,3313,2,36000,1.00301841232
339796,339805,343173,9,3368,2,36000,1.00267220903
339878,339885,343148,7,3263,2,36000,1.00214526509
339893,339901,343094,8,3193,2,36000,1.00250548074
339917,339926,343080,9,3154,2,36000,1.00285351934
339932,339939,343258,7,3319,2,36000,1.002109069
340024,340032,343166,8,3134,2,36000,1.00255264837
340039,340045,343224,6,3179,2,36000,1.00188738597
340040,340051,343272,11,3221,2,36000,1.00341508848
340055,340062,343284,7,3222,2,36000,1.00217256363
340104,340115,343349,11,3234,2,36000,1.00340136054
340119,340127,343385,8,3258,2,36000,1.00245549417
340134,340143,343356,9,3213,2,36000,1.00280112045
340150,340156,343356,6,3200,2,36000,1.001875
340165,340171,343365,6,3194,2,36000,1.00187852223
340180,340189,343287,9,3098,2,36000,1.00290510006
340311,340321,343545,10,3224,2,36000,1.00310173697
340326,340332,343476,6,3144,2,36000,1.00190839695
340356,340365,343528,9,3163,2,36000,1.00284539994
340371,340378,343534,7,3156,2,36000,1.00221799747
340387,340393,343327,6,2934,2,36000,1.00204498978
340388,340399,343603,11,3204,2,36000,1.00343320849
340422,340430,343677,8,3247,2,36000,1.00246381275
340600,340611,343826,11,3215,2,36000,1.0034214619
340616,340622,343821,6,3199,2,36000,1.00187558612
340676,340684,343933,8,3249,2,36000,1.00246229609
340697,340707,343851,10,3144,2,36000,1.00318066158
340731,340738,343997,7,3259,2,36000,1.00214789813
341082,341090,344286,8,3196,2,36000,1.00250312891
341821,341830,345083,9,3253,2,36000,1.00276667691
341822,341836,344993,14,3157,2,36000,1.0044345898
341898,341906,345145,8,3239,2,36000,1.00246989812
342160,342166,342347,6,181,32,10800,1.03314917127
342201,342209,345430,8,3221,2,36000,1.00248370071
342341,342349,345626,8,3277,2,36000,1.00244125725
342356,342363,345521,7,3158,2,36000,1.00221659278
342462,342473,345693,11,3220,2,36000,1.00341614907
342572,342581,345914,9,3333,2,36000,1.00270027003
342879,342888,346054,9,3166,2,36000,1.00284270373
342897,342905,346028,8,3123,2,36000,1.00256163945
342912,342918,346063,6,3145,2,36000,1.00190779014
342997,343004,343005,7,1,2,3540,1.0
343057,343066,346273,9,3207,2,36000,1.00280636109
343083,343091,346349,8,3258,2,36000,1.00245549417
343098,343105,346286,7,3181,2,36000,1.00220056586
343150,343159,346314,9,3155,2,36000,1.0028526149
343171,343177,346403,6,3226,2,36000,1.00185988841
343186,343192,346264,6,3072,2,36000,1.001953125
343225,343235,346413,10,3178,2,36000,1.0031466331
343262,343270,346538,8,3268,2,36000,1.00244798042
343277,343283,346445,6,3162,2,36000,1.00189753321
343292,343298,346497,6,3199,2,36000,1.00187558612
343293,343304,346490,11,3186,2,36000,1.00345260515
343330,343338,346548,8,3210,2,36000,1.00249221184
343351,343360,346549,9,3189,2,36000,1.00282220132
343367,343374,346554,7,3180,2,36000,1.00220125786
343369,343380,346537,11,3157,2,36000,1.00348432056
343370,343385,346624,15,3239,2,36000,1.00463105897
343388,343397,346582,9,3185,2,36000,1.00282574568
343479,343488,346688,9,3200,2,36000,1.0028125
343531,343539,346758,8,3219,2,36000,1.00248524386
343546,343552,346790,6,3238,2,36000,1.00185299568
343547,343558,346808,11,3250,2,36000,1.00338461538
343605,343614,346852,9,3238,2,36000,1.00277949351
343679,343688,346826,9,3138,2,36000,1.00286806883
343822,343832,347055,10,3223,2,36000,1.00310269935
343837,343843,347102,6,3259,2,36000,1.00184105554
343852,343862,346900,10,3038,2,36000,1.00329163924
343935,343945,346996,10,3051,2,36000,1.0032776139
343998,344008,347132,10,3124,2,36000,1.00320102433
344287,344297,347370,10,3073,2,36000,1.00325414904
344995,345004,348171,9,3167,2,36000,1.00284180613
345085,345094,348342,9,3248,2,36000,1.00277093596
345149,345157,348459,8,3302,2,36000,1.00242277408
345432,345441,348558,9,3117,2,36000,1.00288739172
345523,345532,348639,9,3107,2,36000,1.00289668491
345629,345637,348873,8,3236,2,36000,1.00247218789
345693,345704,348965,11,3261,2,36000,1.00337319841
345915,345926,349079,11,3153,2,36000,1.00348874088
346031,346039,349319,8,3280,2,36000,1.00243902439
346055,346066,349196,11,3130,2,36000,1.003514377
346071,346077,349349,6,3272,2,36000,1.00183374083
346119,346125,346579,6,454,32,10800,1.01321585903
346265,346275,349514,10,3239,2,36000,1.00308737265
346280,346286,349481,6,3195,2,36000,1.00187793427
346295,346301,349538,6,3237,2,36000,1.00185356812
346316,346326,349508,10,3182,2,36000,1.00314267756
346350,346360,349548,10,3188,2,36000,1.00313676286
346404,346414,349825,10,3411,2,36000,1.00293169159
346419,346426,349666,7,3240,2,36000,1.00216049383
346447,346456,349669,9,3213,2,36000,1.00280112045
346492,346501,349668,9,3167,2,36000,1.00284180613
346508,346514,349739,6,3225,2,36000,1.00186046512
346538,346548,349846,10,3298,2,36000,1.00303214069
346539,346554,349724,15,3170,2,36000,1.0047318612
346555,346562,349800,7,3238,2,36000,1.00216182829
346557,346568,349847,11,3279,2,36000,1.00335468131
346558,346573,349669,15,3096,2,36000,1.00484496124
346580,346593,349721,13,3128,2,36000,1.00415601023
346625,346635,349837,10,3202,2,36000,1.00312304809
346689,346699,349927,10,3228,2,36000,1.00309789343
346759,346769,349975,10,3206,2,36000,1.00311915159
346792,346801,349991,9,3190,2,36000,1.00282131661
346811,346819,349996,8,3177,2,36000,1.00251809884
346829,346837,350076,8,3239,2,36000,1.00246989812
346853,346864,349995,11,3131,2,36000,1.00351325455
346902,346911,350220,9,3309,2,36000,1.00271985494
346996,347007,350178,11,3171,2,36000,1.00346893724
347057,347066,350433,9,3367,2,36000,1.00267300267
347105,347113,350245,8,3132,2,36000,1.00255427842
347132,347143,350438,11,3295,2,36000,1.0033383915
347372,347381,350629,9,3248,2,36000,1.00277093596
348174,348182,351478,8,3296,2,36000,1.00242718447
348344,348353,351601,9,3248,2,36000,1.00277093596
348462,348470,351612,8,3142,2,36000,1.00254614895
348559,348569,351840,10,3271,2,36000,1.00305716906
348641,348650,351817,9,3167,2,36000,1.00284180613
348874,348884,352145,10,3261,2,36000,1.003066544
348968,348976,352159,8,3183,2,36000,1.00251335218
349080,349091,352340,11,3249,2,36000,1.00338565713
349199,349207,352301,8,3094,2,36000,1.00258564964
349320,349331,352564,11,3233,2,36000,1.00340241262
349351,349360,352694,9,3334,2,36000,1.00269946011
349484,349492,352776,8,3284,2,36000,1.00243605359
349508,349519,352732,11,3213,2,36000,1.00342359166
349524,349530,352737,6,3207,2,36000,1.00187090739
349542,349550,352694,8,3144,2,36000,1.00254452926
349557,349564,352863,7,3299,2,36000,1.00212185511
349667,349677,352864,10,3187,2,36000,1.0031377471
349682,349689,352920,7,3231,2,36000,1.00216651192
349684,349695,352966,11,3271,2,36000,1.00336288597
349686,349700,352904,14,3204,2,36000,1.00436953808
349722,349732,352927,10,3195,2,36000,1.00312989045
349738,349744,352935,6,3191,2,36000,1.00188028831
349753,349759,352877,6,3118,2,36000,1.00192431046
349801,349812,352992,11,3180,2,36000,1.0034591195
349826,349836,353048,10,3212,2,36000,1.00311332503
349841,349848,353085,7,3237,2,36000,1.00216249614
349856,349862,353023,6,3161,2,36000,1.0018981335
349857,349868,353116,11,3248,2,36000,1.00338669951
349931,349939,353315,8,3376,2,36000,1.00236966825
349976,349986,353223,10,3237,2,36000,1.0030892802
349995,350003,353293,8,3290,2,36000,1.00243161094
350010,350016,353300,6,3284,2,36000,1.00182704019
350012,350022,353278,10,3256,2,36000,1.00307125307
350079,350087,353346,8,3259,2,36000,1.00245474072
350179,350189,353335,10,3146,2,36000,1.00317863954
350222,350231,353374,9,3143,2,36000,1.0028635062
350246,350256,353576,10,3320,2,36000,1.00301204819
350436,350444,353651,8,3207,2,36000,1.00249454319
350451,350457,353729,6,3272,2,36000,1.00183374083
350631,350640,353945,9,3305,2,36000,1.00272314675
351480,351489,354759,9,3270,2,36000,1.00275229358
351602,351612,354821,10,3209,2,36000,1.00311623559
351617,351623,354823,6,3200,2,36000,1.001875
351818,351828,354989,10,3161,2,36000,1.00316355584
351842,351852,355169,10,3317,2,36000,1.00301477238
352146,352156,355552,10,3396,2,36000,1.00294464075
352162,352171,355332,9,3161,2,36000,1.00284720025
352305,352312,355416,7,3104,2,36000,1.00225515464
352342,352352,355614,10,3262,2,36000,1.00306560392
352565,352575,356005,10,3430,2,36000,1.0029154519
352698,352705,355876,7,3171,2,36000,1.00220750552
352699,352711,355995,12,3284,2,36000,1.00365408039
352734,352743,355982,9,3239,2,36000,1.00277863538
352751,352757,355976,6,3219,2,36000,1.0018639329
352778,352787,355973,9,3186,2,36000,1.00282485876
352864,352874,356029,10,3155,2,36000,1.00316957211
352866,352880,356132,14,3252,2,36000,1.00430504305
352881,352888,356105,7,3217,2,36000,1.00217594032
352908,352915,356286,7,3371,2,36000,1.00207653515
352923,352931,356132,8,3201,2,36000,1.00249921899
352938,352944,356193,6,3249,2,36000,1.00184672207
352940,352950,356198,10,3248,2,36000,1.00307881773
352967,352977,356154,10,3177,2,36000,1.00314762354
352994,353004,356167,10,3163,2,36000,1.00316155549
353025,353035,356144,10,3109,2,36000,1.00321646832
353049,353059,356341,10,3282,2,36000,1.00304692261
353089,353097,356385,8,3288,2,36000,1.00243309002
353117,353127,356411,10,3284,2,36000,1.00304506699
353225,353234,356496,9,3262,2,36000,1.00275904353
353281,353289,356509,8,3220,2,36000,1.00248447205
353296,353304,356467,8,3163,2,36000,1.00252924439
353312,353318,356493,6,3175,2,36000,1.00188976378
353327,353334,356688,7,3354,2,36000,1.00208706023
353342,353349,356517,7,3168,2,36000,1.00220959596
353357,353364,356468,7,3104,2,36000,1.00225515464
353376,353385,356763,9,3378,2,36000,1.0026642984
353577,353587,356922,10,3335,2,36000,1.00299850075
353653,353662,356796,9,3134,2,36000,1.00287172942
353732,353740,356944,8,3204,2,36000,1.0024968789
353947,353957,357294,10,3337,2,36000,1.00299670363
354760,354770,357982,10,3212,2,36000,1.00311332503
354824,354831,357982,7,3151,2,36000,1.00222151698
354825,354837,358062,12,3225,2,36000,1.00372093023
354992,355000,358209,8,3209,2,36000,1.00249298847
355171,355180,358431,9,3251,2,36000,1.00276837896
355333,355343,358459,10,3116,2,36000,1.00320924262
355418,355427,358795,9,3368,2,36000,1.00267220903
355554,355563,358765,9,3202,2,36000,1.00281074329
355618,355626,358775,8,3149,2,36000,1.00254048904
355879,355887,359161,8,3274,2,36000,1.0024434942
355976,355984,359265,8,3281,2,36000,1.00243828101
355992,355998,359333,6,3335,2,36000,1.00179910045
355993,356004,359250,11,3246,2,36000,1.0033887862
356008,356014,359144,6,3130,2,36000,1.00191693291
356010,356020,359226,10,3206,2,36000,1.00311915159
356031,356040,359139,9,3099,2,36000,1.00290416263
356106,356116,359244,10,3128,2,36000,1.00319693095
356134,356143,359355,9,3212,2,36000,1.00280199253
356135,356148,359327,13,3179,2,36000,1.00408933627
356151,356157,359416,6,3259,2,36000,1.00184105554
356166,356172,359307,6,3135,2,36000,1.0019138756
356181,356187,359358,6,3171,2,36000,1.00189214759
356196,356204,359425,8,3221,2,36000,1.00248370071
356211,356217,359488,6,3271,2,36000,1.00183430144
356288,356297,359518,9,3221,2,36000,1.0027941633
356343,356352,359653,9,3301,2,36000,1.00272644653
356388,356396,359636,8,3240,2,36000,1.0024691358
356413,356422,359625,9,3203,2,36000,1.00280986575
356468,356478,359666,10,3188,2,36000,1.00313676286
356469,356483,359646,14,3163,2,36000,1.00442617768
356494,356504,359896,10,3392,2,36000,1.00294811321
356510,356517,359714,7,3197,2,36000,1.00218955271
356512,356523,359721,11,3198,2,36000,1.00343964978
356527,356533,359878,6,3345,2,36000,1.00179372197
356690,356699,359935,9,3236,2,36000,1.00278121137
356766,356774,359954,8,3180,2,36000,1.00251572327
356800,356807,359883,7,3076,2,36000,1.0022756827
356924,356934,360331,10,3397,2,36000,1.00294377392
356946,356955,360168,9,3213,2,36000,1.00280112045
357296,357306,360682,10,3376,2,36000,1.00296208531
357984,357994,361161,10,3167,2,36000,1.00315756236
357985,357999,361308,14,3309,2,36000,1.00423088546
358064,358073,361333,9,3260,2,36000,1.0027607362
358213,358220,361410,7,3190,2,36000,1.00219435737
358432,358442,361618,10,3176,2,36000,1.00314861461
358460,358470,361578,10,3108,2,36000,1.00321750322
358766,358776,361978,10,3202,2,36000,1.00312304809
358781,358787,362052,6,3265,2,36000,1.00183767228
358796,358806,361831,10,3025,2,36000,1.00330578512
358996,359002,699929,6,340927,4,432000,1.00001759908
359143,359151,362197,8,3046,2,36000,1.00262639527
359157,359164,362407,7,3243,2,36000,1.00215849522
359172,359179,362318,7,3139,2,36000,1.00223000956
359227,359238,362494,11,3256,2,36000,1.00337837838
359245,359255,362532,10,3277,2,36000,1.00305157156
359260,359266,362369,6,3103,2,36000,1.00193361263
359275,359281,362546,6,3265,2,36000,1.00183767228
359309,359320,362551,11,3231,2,36000,1.00340451872
359330,359339,362425,9,3086,2,36000,1.00291639663
359345,359351,362525,6,3174,2,36000,1.00189035917
359361,359367,362613,6,3246,2,36000,1.00184842884
359362,359373,362533,11,3160,2,36000,1.00348101266
359417,359428,362600,11,3172,2,36000,1.00346784363
359432,359438,362647,6,3209,2,36000,1.00186974135
359490,359499,362677,9,3178,2,36000,1.00283196979
359521,359529,362785,8,3256,2,36000,1.00245700246
359628,359636,362786,8,3150,2,36000,1.00253968254
359643,359649,362888,6,3239,2,36000,1.00185242359
359659,359665,362896,6,3231,2,36000,1.00185701021
359660,359671,362916,11,3245,2,36000,1.00338983051
359675,359681,362881,6,3200,2,36000,1.001875
359715,359725,362863,10,3138,2,36000,1.00318674315
359730,359736,362988,6,3252,2,36000,1.00184501845
359882,359890,363059,8,3169,2,36000,1.00252445566
359898,359904,363113,6,3209,2,36000,1.00186974135
359899,359910,363102,11,3192,2,36000,1.00344611529
359938,359946,363225,8,3279,2,36000,1.00243976822
359957,359965,363025,8,3060,2,36000,1.00261437908
360170,360179,363449,9,3270,2,36000,1.00275229358
360333,360342,363566,9,3224,2,36000,1.00279156328
360683,360693,363942,10,3249,2,36000,1.00307787011
361162,361172,364438,10,3266,2,36000,1.00306184936
361311,361319,364592,8,3273,2,36000,1.00244424076
361335,361344,364509,9,3165,2,36000,1.0028436019
361411,361421,364604,10,3183,2,36000,1.00314169023
361581,361589,364880,8,3291,2,36000,1.00243087208
361620,361629,364693,9,3064,2,36000,1.00293733681
361833,361843,365010,10,3167,2,36000,1.00315756236
361982,361990,365182,8,3192,2,36000,1.00250626566
362055,362064,365174,9,3110,2,36000,1.00289389068
362198,362209,365477,11,3268,2,36000,1.00336597307
362243,362249,362358,6,109,1,1800,1.05504587156
362319,362329,365573,10,3244,2,36000,1.00308261406
362371,362380,365532,9,3152,2,36000,1.00285532995
362408,362418,365594,10,3176,2,36000,1.00314861461
362429,362437,365646,8,3209,2,36000,1.00249298847
362496,362506,365717,10,3211,2,36000,1.00311429461
362527,362536,365656,9,3120,2,36000,1.00288461538
362542,362548,365725,6,3177,2,36000,1.00188857413
362543,362554,365670,11,3116,2,36000,1.00353016688
362559,362565,365875,6,3310,2,36000,1.00181268882
362560,362571,365926,11,3355,2,36000,1.00327868852
362603,362611,365847,8,3236,2,36000,1.00247218789
362618,362623,365801,5,3178,2,36000,1.00157331655
362648,362658,365918,10,3260,2,36000,1.00306748466
362663,362669,362772,6,103,1,1800,1.05825242718
362679,362688,365861,9,3173,2,36000,1.0028364324
362789,362796,365952,7,3156,2,36000,1.00221799747
362790,362802,365957,12,3155,2,36000,1.00380348653
362867,362874,366068,7,3194,2,36000,1.00219160927
362882,362892,366143,10,3251,2,36000,1.00307597662
362898,362904,366154,6,3250,2,36000,1.00184615385
362899,362910,366228,11,3318,2,36000,1.00331525015
362917,362927,366167,10,3240,2,36000,1.00308641975
362991,362999,366168,8,3169,2,36000,1.00252445566
363027,363037,366323,10,3286,2,36000,1.00304321363
363061,363070,366337,9,3267,2,36000,1.00275482094
363103,363113,366388,10,3275,2,36000,1.00305343511
363118,363124,366308,6,3184,2,36000,1.00188442211
363228,363236,366637,8,3401,2,36000,1.00235224934
363412,363418,363971,6,553,1,1800,1.01084990958
363453,363460,366664,7,3204,2,36000,1.00218476904
363568,363578,366855,10,3277,2,36000,1.00305157156
363946,363953,367197,7,3244,2,36000,1.00215782984
364440,364450,367613,10,3163,2,36000,1.00316155549
364513,364520,367772,7,3252,2,36000,1.00215252153
364592,364603,367786,11,3183,2,36000,1.00345585925
364607,364615,367728,8,3113,2,36000,1.00256986829
364696,364704,368030,8,3326,2,36000,1.00240529164
364884,364892,368028,8,3136,2,36000,1.00255102041
365011,365021,368238,10,3217,2,36000,1.00310848617
365177,365185,368529,8,3344,2,36000,1.0023923445
365192,365198,368493,6,3295,2,36000,1.00182094082
365476,365488,368664,12,3176,2,36000,1.00377833753
365514,365520,365558,6,38,1,1800,1.15789473684
365534,365543,368747,9,3204,2,36000,1.00280898876
365576,365584,368878,8,3294,2,36000,1.00242865817
365597,365605,368998,8,3393,2,36000,1.00235779546
365649,365657,368876,8,3219,2,36000,1.00248524386
365662,365669,365716,7,47,1,1800,1.14893617021
365665,365675,368826,10,3151,2,36000,1.00317359568
365680,365686,368915,6,3229,2,36000,1.00185816042
365720,365728,368957,8,3229,2,36000,1.00247754723
365735,365741,368895,6,3154,2,36000,1.00190234623
365805,365813,368993,8,3180,2,36000,1.00251572327
365837,365843,365913,6,70,1,1800,1.08571428571
365851,365858,369078,7,3220,2,36000,1.00217391304
365866,365872,368945,6,3073,2,36000,1.00195248942
365881,365887,369053,6,3166,2,36000,1.00189513582
365921,365930,369175,9,3245,2,36000,1.00277349769
365936,365942,369271,6,3329,2,36000,1.00180234305
365954,365963,369166,9,3203,2,36000,1.00280986575
365969,365975,369134,6,3159,2,36000,1.00189933523
366030,366036,366111,6,75,1,1800,1.08
366069,366079,369207,10,3128,2,36000,1.00319693095
366146,366154,369414,8,3260,2,36000,1.00245398773
366161,366167,369415,6,3248,2,36000,1.00184729064
366176,366182,369328,6,3146,2,36000,1.00190718373
366177,366188,369428,11,3240,2,36000,1.00339506173
366229,366239,369541,10,3302,2,36000,1.0030284676
366311,366319,369661,8,3342,2,36000,1.00239377618
366327,366335,369588,8,3253,2,36000,1.00245926837
366342,366348,369626,6,3278,2,36000,1.00183038438
366391,366399,369543,8,3144,2,36000,1.00254452926
366431,366438,366674,7,236,1,1800,1.02966101695
366638,366648,369709,10,3061,2,36000,1.00326690624
366665,366676,369919,11,3243,2,36000,1.00339192106
366858,366866,370069,8,3203,2,36000,1.00249765845
367007,367013,367298,6,285,1,1800,1.02105263158
367198,367208,370466,10,3258,2,36000,1.00306936771
367616,367624,370759,8,3135,2,36000,1.00255183413
367729,367740,370968,11,3228,2,36000,1.00340768278
367774,367783,370884,9,3101,2,36000,1.00290228958
367789,367797,370994,8,3197,2,36000,1.00250234595
368029,368039,371227,10,3188,2,36000,1.00313676286
368044,368051,371212,7,3161,2,36000,1.00221448909
368100,368107,368135,7,28,1,1800,1.25
368238,368249,371520,11,3271,2,36000,1.00336288597
368433,368439,368498,6,59,1,1800,1.10169491525
368496,368504,371657,8,3153,2,36000,1.0025372661
368541,368547,371753,6,3206,2,36000,1.00187149095
368666,368675,372011,9,3336,2,36000,1.00269784173
368748,368758,372164,10,3406,2,36000,1.0029359953
368827,368837,371983,10,3146,2,36000,1.00317863954
368879,368888,372070,9,3182,2,36000,1.00282840981
368880,368894,372159,14,3265,2,36000,1.00428790199
368898,368906,372276,8,3370,2,36000,1.00237388724
368917,368926,372230,9,3304,2,36000,1.00272397094
368948,368956,372140,8,3184,2,36000,1.00251256281
368963,368969,372215,6,3246,2,36000,1.00184842884
368993,369004,372215,11,3211,2,36000,1.00342572407
369009,369015,372184,6,3169,2,36000,1.00189334175
369054,369064,372210,10,3146,2,36000,1.00317863954
369079,369089,372344,10,3255,2,36000,1.00307219662
369137,369146,372468,9,3322,2,36000,1.00270921132
369167,369178,372464,11,3286,2,36000,1.003347535
369183,369189,372508,6,3319,2,36000,1.00180777343
369210,369218,372433,8,3215,2,36000,1.00248833593
369217,369224,369345,7,121,1,1800,1.05785123967
369274,369283,372426,9,3143,2,36000,1.0028635062
369329,369339,372519,10,3180,2,36000,1.00314465409
369418,369425,372632,7,3207,2,36000,1.00218272529
369420,369431,372817,11,3386,2,36000,1.003248671
369435,369441,372680,6,3239,2,36000,1.00185242359
369542,369552,372727,10,3175,2,36000,1.0031496063
369557,369563,372722,6,3159,2,36000,1.00189933523
369591,369599,372823,8,3224,2,36000,1.00248138958
369627,369637,372795,10,3158,2,36000,1.00316656111
369664,369672,372887,8,3215,2,36000,1.00248833593
369712,369720,373091,8,3371,2,36000,1.00237318303
369923,369930,373049,7,3119,2,36000,1.00224430907
370071,370080,373367,9,3287,2,36000,1.00273805902
370467,370477,373587,10,3110,2,36000,1.00321543408
370763,370770,373902,7,3132,2,36000,1.00223499361
370887,370895,374237,8,3342,2,36000,1.00239377618
370969,370979,374157,10,3178,2,36000,1.0031466331
370997,371006,374191,9,3185,2,36000,1.00282574568
371214,371223,374432,9,3209,2,36000,1.00280461203
371229,371238,374432,9,3194,2,36000,1.00281778334
371524,371532,374805,8,3273,2,36000,1.00244424076
371658,371668,374829,10,3161,2,36000,1.00316355584
371756,371764,375035,8,3271,2,36000,1.00244573525
371986,371994,375197,8,3203,2,36000,1.00249765845
372013,372022,375166,9,3144,2,36000,1.00286259542
372071,372081,375165,10,3084,2,36000,1.00324254215
372142,372151,375372,9,3221,2,36000,1.0027941633
372160,372170,375428,10,3258,2,36000,1.00306936771
372175,372181,375423,6,3242,2,36000,1.00185070944
372190,372196,375387,6,3191,2,36000,1.00188028831
372206,372212,372939,6,727,32,10800,1.00825309491
372212,372221,375486,9,3265,2,36000,1.00275650842
372227,372233,375411,6,3178,2,36000,1.00188797986
372228,372239,375299,11,3060,2,36000,1.00359477124
372243,372249,375487,6,3238,2,36000,1.00185299568
372277,372287,375456,10,3169,2,36000,1.00315556958
372347,372355,375702,8,3347,2,36000,1.00239020018
372430,372437,375598,7,3161,2,36000,1.00221448909
372445,372451,375763,6,3312,2,36000,1.0018115942
372467,372475,375589,8,3114,2,36000,1.00256904303
372482,372488,375655,6,3167,2,36000,1.00189453742
372509,372519,375708,10,3189,2,36000,1.00313577924
372525,372530,375645,5,3115,2,36000,1.00160513644
372635,372643,375824,8,3181,2,36000,1.00251493241
372682,372691,375895,9,3204,2,36000,1.00280898876
372725,372733,375889,8,3156,2,36000,1.00253485425
372740,372746,376201,6,3455,2,36000,1.0017366136
372798,372807,375967,9,3160,2,36000,1.00284810127
372819,372829,376013,10,3184,2,36000,1.00314070352
372834,372840,375968,6,3128,2,36000,1.00191815857
372889,372899,376071,10,3172,2,36000,1.00315258512
373051,373061,376315,10,3254,2,36000,1.00307314075
373094,373102,376482,8,3380,2,36000,1.00236686391
373370,373378,376536,8,3158,2,36000,1.00253324889
373594,373600,376779,6,3179,2,36000,1.00188738597
373705,373711,373797,6,86,32,10800,1.06976744186
373906,373913,377218,7,3305,2,36000,1.00211800303
374158,374168,377333,10,3165,2,36000,1.00315955766
374195,374202,377380,7,3178,2,36000,1.00220264317
374240,374248,377434,8,3186,2,36000,1.00251098556
374435,374443,377592,8,3149,2,36000,1.00254048904
374437,374448,377693,11,3245,2,36000,1.00338983051
374809,374817,378013,8,3196,2,36000,1.00250312891
374830,374840,378117,10,3277,2,36000,1.00305157156
375037,375047,378223,10,3176,2,36000,1.00314861461
375169,375176,378445,7,3269,2,36000,1.00214132762
375170,375182,378369,12,3187,2,36000,1.00376529652
375200,375209,378557,9,3348,2,36000,1.00268817204
375300,375311,378545,11,3234,2,36000,1.00340136054
375374,375383,378731,9,3348,2,36000,1.00268817204
375389,375398,378579,9,3181,2,36000,1.00282929896
375413,375422,378725,9,3303,2,36000,1.00272479564
375429,375434,378647,5,3213,2,36000,1.00155617803
375430,375440,378571,10,3131,2,36000,1.00319386777
375457,375467,378703,10,3236,2,36000,1.00309023486
375488,375497,378785,9,3288,2,36000,1.00273722628
375489,375503,378811,14,3308,2,36000,1.00423216445
375590,375600,378810,10,3210,2,36000,1.0031152648
375605,375611,378930,6,3319,2,36000,1.00180777343
375648,375657,378904,9,3247,2,36000,1.00277178934
375663,375670,378885,7,3215,2,36000,1.00217729393
375703,375713,379073,10,3360,2,36000,1.00297619048
375718,375724,378932,6,3208,2,36000,1.00187032419
375764,375774,378988,10,3214,2,36000,1.00311138768
375828,375836,379136,8,3300,2,36000,1.00242424242
375892,375900,379168,8,3268,2,36000,1.00244798042
375906,375913,379248,7,3335,2,36000,1.00209895052
375971,375979,379218,8,3239,2,36000,1.00246989812
375972,375984,379384,12,3400,2,36000,1.00352941176
376015,376024,379239,9,3215,2,36000,1.00279937792
376073,376083,379338,10,3255,2,36000,1.00307219662
376204,376212,379419,8,3207,2,36000,1.00249454319
376317,376326,379656,9,3330,2,36000,1.0027027027
376484,376493,379719,9,3226,2,36000,1.00278983261
376539,376548,379735,9,3187,2,36000,1.00282397239
376782,376790,380080,8,3290,2,36000,1.00243161094
377220,377229,380363,9,3134,2,36000,1.00287172942
377335,377344,380559,9,3215,2,36000,1.00279937792
377384,377392,380582,8,3190,2,36000,1.00250783699
377436,377445,380722,9,3277,2,36000,1.0027464144
377594,377604,380781,10,3177,2,36000,1.00314762354
377695,377704,380957,9,3253,2,36000,1.00276667691
378014,378024,381408,10,3384,2,36000,1.00295508274
378120,378128,381333,8,3205,2,36000,1.00249609984
378224,378234,381406,10,3172,2,36000,1.00315258512
378370,378380,381587,10,3207,2,36000,1.00311817898
378446,378457,381725,11,3268,2,36000,1.00336597307
378547,378556,381645,9,3089,2,36000,1.00291356426
378562,378568,381822,6,3254,2,36000,1.00184388445
378572,378579,380243,7,1664,32,10800,1.00420673077
378578,378585,381728,7,3143,2,36000,1.00222717149
378593,378599,381759,6,3160,2,36000,1.00189873418
378648,378659,381857,11,3198,2,36000,1.00343964978
378704,378714,382044,10,3330,2,36000,1.003003003
378728,378736,382111,8,3375,2,36000,1.00237037037
378743,378749,382030,6,3281,2,36000,1.00182871076
378789,378796,382038,7,3242,2,36000,1.00215916101
378814,378822,382072,8,3250,2,36000,1.00246153846
378815,378827,381971,12,3144,2,36000,1.00381679389
378888,378897,382178,9,3281,2,36000,1.00274306614
378906,378915,382254,9,3339,2,36000,1.00269541779
378934,378941,382167,7,3226,2,36000,1.00216986981
378935,378947,382139,12,3192,2,36000,1.0037593985
378987,378999,382264,12,3265,2,36000,1.00367534456
379076,379084,382311,8,3227,2,36000,1.00247908274
379140,379147,382301,7,3154,2,36000,1.00221940393
379170,379180,382487,10,3307,2,36000,1.00302388872
379219,379229,382508,10,3279,2,36000,1.00304971028
379240,379250,382596,10,3346,2,36000,1.00298864316
379256,379262,382435,6,3173,2,36000,1.00189095493
379341,379350,382629,9,3279,2,36000,1.00274473925
379386,379396,382663,10,3267,2,36000,1.00306091215
379420,379430,382538,10,3108,2,36000,1.00321750322
379659,379667,382939,8,3272,2,36000,1.00244498778
379722,379730,382894,8,3164,2,36000,1.00252844501
379738,379746,383069,8,3323,2,36000,1.00240746314
380081,380092,383145,11,3053,2,36000,1.00360301343
380122,380128,474132,6,94004,1,216000,1.00006382707
380237,380243,487069,6,106826,1,216000,1.0000561661
380366,380374,383521,8,3147,2,36000,1.00254210359
380561,380570,383711,9,3141,2,36000,1.00286532951
380585,380593,383744,8,3151,2,36000,1.00253887655
380725,380734,383983,9,3249,2,36000,1.0027700831
380783,380792,384061,9,3269,2,36000,1.00275313552
380960,380968,384253,8,3285,2,36000,1.00243531202
381334,381344,384550,10,3206,2,36000,1.00311915159
381408,381423,384551,15,3128,2,36000,1.00479539642
381409,381417,384547,8,3130,2,36000,1.00255591054
381588,381599,384741,11,3142,2,36000,1.00350095481
381646,381656,384893,10,3237,2,36000,1.0030892802
381729,381736,384876,7,3140,2,36000,1.00222929936
381730,381742,384980,12,3238,2,36000,1.00370599135
381761,381770,384950,9,3180,2,36000,1.00283018868
381825,381833,385016,8,3183,2,36000,1.00251335218
381858,381868,384964,10,3096,2,36000,1.00322997416
381974,381982,385108,8,3126,2,36000,1.00255918106
382032,382042,385231,10,3189,2,36000,1.00313577924
382047,382053,385280,6,3227,2,36000,1.00185931205
382048,382059,385215,11,3156,2,36000,1.00348542459
382076,382083,385274,7,3191,2,36000,1.0021936697
382112,382122,385326,10,3204,2,36000,1.00312109863
382140,382150,385383,10,3233,2,36000,1.00309310238
382170,382178,385328,8,3150,2,36000,1.00253968254
382185,382191,385391,6,3200,2,36000,1.001875
382255,382265,385446,10,3181,2,36000,1.00314366551
382270,382277,385480,7,3203,2,36000,1.00218545114
382304,382312,385528,8,3216,2,36000,1.00248756219
382319,382325,385582,6,3257,2,36000,1.00184218606
382438,382446,385619,8,3173,2,36000,1.00252127324
382490,382498,385637,8,3139,2,36000,1.00254858235
382511,382519,385835,8,3316,2,36000,1.00241254524
382541,382550,385832,9,3282,2,36000,1.00274223035
382596,382607,385775,11,3168,2,36000,1.00347222222
382633,382641,385924,8,3283,2,36000,1.00243679561
382666,382674,385881,8,3207,2,36000,1.00249454319
382896,382906,386164,10,3258,2,36000,1.00306936771
382941,382950,386260,9,3310,2,36000,1.00271903323
383072,383080,386413,8,3333,2,36000,1.00240024002
383148,383157,386379,9,3222,2,36000,1.00279329609
383524,383532,386784,8,3252,2,36000,1.0024600246
383712,383722,386930,10,3208,2,36000,1.00311720698
383746,383756,387133,10,3377,2,36000,1.00296120817
383985,383995,387259,10,3264,2,36000,1.00306372549
384064,384072,387266,8,3194,2,36000,1.00250469631
384256,384265,387443,9,3178,2,36000,1.00283196979
384377,384383,392540,6,8157,2,36000,1.00073556455
384549,384559,387728,10,3169,2,36000,1.00315556958
384566,384572,387734,6,3162,2,36000,1.00189753321
384567,384578,387883,11,3305,2,36000,1.00332829047
384681,384687,394277,6,9590,2,36000,1.00062565172
384743,384752,388105,9,3353,2,36000,1.00268416344
384880,384888,388107,8,3219,2,36000,1.00248524386
384895,384904,388141,9,3237,2,36000,1.00278035218
384952,384961,388176,9,3215,2,36000,1.00279937792
384968,384976,388090,8,3114,2,36000,1.00256904303
384983,384991,388342,8,3351,2,36000,1.00238734706
385019,385028,388289,9,3261,2,36000,1.0027598896
385111,385119,388488,8,3369,2,36000,1.00237459187
385217,385226,388407,9,3181,2,36000,1.00282929896
385232,385242,388437,10,3195,2,36000,1.00312989045
385275,385285,388397,10,3112,2,36000,1.00321336761
385290,385296,388427,6,3131,2,36000,1.00191632066
385330,385339,388641,9,3302,2,36000,1.00272562084
385331,385344,388515,13,3171,2,36000,1.00409965311
385386,385394,388558,8,3164,2,36000,1.00252844501
385401,385407,388570,6,3163,2,36000,1.00189693329
385448,385457,388678,9,3221,2,36000,1.0027941633
385481,385491,388753,10,3262,2,36000,1.00306560392
385530,385539,388694,9,3155,2,36000,1.0028526149
385585,385594,388819,9,3225,2,36000,1.00279069767
385621,385631,388979,10,3348,2,36000,1.00298685783
385639,385648,388923,9,3275,2,36000,1.0027480916
385776,385786,389062,10,3276,2,36000,1.00305250305
385834,385843,389060,9,3217,2,36000,1.00279763755
385849,385855,389214,6,3359,2,36000,1.00178624591
385883,385892,389167,9,3275,2,36000,1.0027480916
385925,385935,389248,10,3313,2,36000,1.00301841232
386166,386175,389445,9,3270,2,36000,1.00275229358
386263,386272,389454,9,3182,2,36000,1.00282840981
386382,386390,389609,8,3219,2,36000,1.00248524386
386415,386424,389697,9,3273,2,36000,1.00274977085
386786,386795,389883,9,3088,2,36000,1.00291450777
386932,386941,390123,9,3182,2,36000,1.00282840981
387136,387145,390323,9,3178,2,36000,1.00283196979
387261,387271,390459,10,3188,2,36000,1.00313676286
387276,387282,390553,6,3271,2,36000,1.00183430144
387447,387455,390637,8,3182,2,36000,1.00251414205
387730,387739,390888,9,3149,2,36000,1.00285805017
387746,387752,390925,6,3173,2,36000,1.00189095493
387886,387894,391041,8,3147,2,36000,1.00254210359
388094,388102,391253,8,3151,2,36000,1.00253887655
388109,388116,391366,7,3250,2,36000,1.00215384615
388110,388122,391279,12,3157,2,36000,1.00380107697
388144,388152,391422,8,3270,2,36000,1.00244648318
388178,388188,391339,10,3151,2,36000,1.00317359568
388290,388300,391573,10,3273,2,36000,1.00305530095
388345,388353,391537,8,3184,2,36000,1.00251256281
388400,388408,391601,8,3193,2,36000,1.00250548074
388415,388421,391717,6,3296,2,36000,1.00182038835
388430,388438,391579,8,3141,2,36000,1.00254695957
388445,388451,391672,6,3221,2,36000,1.00186277554
388491,388499,391736,8,3237,2,36000,1.00247142416
388518,388526,391714,8,3188,2,36000,1.00250941029
388561,388569,391755,8,3186,2,36000,1.00251098556
388576,388583,391743,7,3160,2,36000,1.00221518987
388643,388652,391880,9,3228,2,36000,1.00278810409
388680,388689,391870,9,3181,2,36000,1.00282929896
388695,388706,391878,11,3172,2,36000,1.00346784363
388756,388764,391957,8,3193,2,36000,1.00250548074
388823,388831,391976,8,3145,2,36000,1.00254372019
388926,388934,392098,8,3164,2,36000,1.00252844501
388981,388990,392360,9,3370,2,36000,1.00267062315
388996,389002,411158,6,22156,14,43200,1.000270807
389063,389070,392170,7,3100,2,36000,1.00225806452
389065,389077,392252,12,3175,2,36000,1.00377952756
389168,389178,392610,10,3432,2,36000,1.00291375291
389178,389184,392487,6,3303,1,7200,1.00181653043
389217,389225,392508,8,3283,2,36000,1.00243679561
389250,389259,392575,9,3316,2,36000,1.00271411339
389344,389350,389848,6,498,2,43200,1.01204819277
389447,389456,392669,9,3213,2,36000,1.00280112045
389462,389468,392674,6,3206,2,36000,1.00187149095
389611,389620,392941,9,3321,2,36000,1.0027100271
389699,389708,392988,9,3280,2,36000,1.00274390244
389848,389855,430159,7,40304,2,43200,1.00017368003
389885,389894,393152,9,3258,2,36000,1.00276243094
390125,390134,393259,9,3125,2,36000,1.00288
390327,390334,393671,7,3337,2,36000,1.00209769254
390461,390470,393536,9,3066,2,36000,1.00293542074
390556,390564,393817,8,3253,2,36000,1.00245926837
390638,390648,393848,10,3200,2,36000,1.003125
390889,390899,394081,10,3182,2,36000,1.00314267756
390926,390936,394192,10,3256,2,36000,1.00307125307
391044,391052,394386,8,3334,2,36000,1.0023995201
391254,391264,394540,10,3276,2,36000,1.00305250305
391282,391290,394469,8,3179,2,36000,1.00251651463
391340,391350,394710,10,3360,2,36000,1.00297619048
391367,391377,394586,10,3209,2,36000,1.00311623559
391425,391433,394662,8,3229,2,36000,1.00247754723
391508,391515,396667,7,5152,2,86400,1.00135869565
391538,391548,394761,10,3213,2,36000,1.00311235605
391572,391584,394814,12,3230,2,36000,1.00371517028
391587,391593,394945,6,3352,2,36000,1.00178997613
391603,391612,394815,9,3203,2,36000,1.00280986575
391676,391684,394880,8,3196,2,36000,1.00250312891
391717,391728,395031,11,3303,2,36000,1.00333030578
391719,391733,394950,14,3217,2,36000,1.00435188063
391740,391747,395085,7,3338,2,36000,1.00209706411
391756,391762,394940,6,3178,2,36000,1.00188797986
391757,391768,394969,11,3201,2,36000,1.00343642612
391874,391881,395197,7,3316,2,36000,1.00211097708
391889,391895,395234,6,3339,2,36000,1.00179694519
391890,391901,395141,11,3240,2,36000,1.00339506173
391961,391968,395156,7,3188,2,36000,1.002195734
391979,391987,395137,8,3150,2,36000,1.00253968254
392040,392046,430583,6,38537,2,43200,1.00015569453
392101,392109,395346,8,3237,2,36000,1.00247142416
392172,392182,395373,10,3191,2,36000,1.00313381385
392254,392263,395503,9,3240,2,36000,1.00277777778
392364,392371,395610,7,3239,2,36000,1.00216116085
392517,392523,395679,6,3156,2,36000,1.00190114068
392536,392547,392548,11,1,1,900,1.2
392536,392552,392553,16,1,1,900,1.7
392573,392579,392581,6,2,2,86400,1.0
392573,392584,392586,11,2,2,86400,1.3
392573,392589,392592,16,3,2,86400,1.9
392574,392600,392602,26,2,2,86400,2.8
392574,392610,392613,36,3,2,86400,3.9
392574,392605,392608,31,3,2,86400,3.4
392574,392616,392618,42,2,2,86400,4.4
392575,392631,392634,56,3,2,86400,5.9
392575,392621,392623,46,2,2,86400,4.8
392575,392626,392628,51,2,2,86400,5.3
392575,392636,392639,61,3,2,86400,6.4
392575,392641,392644,66,3,2,86400,6.9
392576,392646,392649,70,3,2,86400,7.3
392576,392652,392654,76,2,2,86400,7.8
392576,392657,392659,81,2,2,86400,8.3
392576,392667,392670,91,3,2,86400,9.4
392576,392662,392665,86,3,2,86400,8.9
392577,392693,392696,116,3,2,86400,11.9
392577,392688,392690,111,2,2,86400,11.3
392577,392683,392685,106,2,2,86400,10.8
392577,392677,392680,100,3,2,86400,10.3
392577,392672,392675,95,3,2,86400,9.8
392578,392708,392711,130,3,2,86400,13.3
392578,392703,392706,125,3,2,86400,12.8
392578,392698,392701,120,3,2,86400,12.3
392579,392714,392716,135,2,2,86400,13.7
392579,392719,392721,140,2,2,86400,14.2
392579,392595,395847,16,3252,2,36000,1.0049200492
392580,392747,392749,167,2,2,86400,16.9
392580,392724,392727,144,3,2,86400,14.7
392581,392752,392754,171,2,2,86400,17.3
392613,392731,396020,118,3289,2,36000,1.03587716631
392671,392737,395905,66,3168,2,36000,1.02083333333
392686,392742,395988,56,3246,2,36000,1.01725200246
392944,392952,396129,8,3177,2,36000,1.00251809884
392990,392999,396176,9,3177,2,36000,1.00283286119
393155,393163,396334,8,3171,2,36000,1.00252286345
393262,393270,396446,8,3176,2,36000,1.00251889169
393539,393547,396719,8,3172,2,36000,1.0025220681
393673,393683,396979,10,3296,2,36000,1.00303398058
393820,393828,397060,8,3232,2,36000,1.00247524752
393851,393859,397084,8,3225,2,36000,1.00248062016
394007,394013,397858,6,3845,1,7200,1.00156046814
394084,394092,397268,8,3176,2,36000,1.00251889169
394193,394203,397333,10,3130,2,36000,1.00319488818
394389,394397,397656,8,3259,2,36000,1.00245474072
394471,394480,397749,9,3269,2,36000,1.00275313552
394544,394551,397759,7,3208,2,36000,1.00218204489
394587,394597,397836,10,3239,2,36000,1.00308737265
394664,394674,398048,10,3374,2,36000,1.00296384114
394713,394721,398028,8,3307,2,36000,1.00241911098
394762,394772,397988,10,3216,2,36000,1.00310945274
394817,394826,398040,9,3214,2,36000,1.00280024891
394818,394831,398013,13,3182,2,36000,1.00408548083
394883,394892,397977,9,3085,2,36000,1.00291734198
394941,394951,398159,10,3208,2,36000,1.00311720698
394957,394963,398050,6,3087,2,36000,1.0019436346
394958,394969,398264,11,3295,2,36000,1.0033383915
394973,394980,398177,7,3197,2,36000,1.00218955271
395034,395042,398283,8,3241,2,36000,1.00246837396
395087,395097,398365,10,3268,2,36000,1.00305997552
395139,395148,398297,9,3149,2,36000,1.00285805017
395154,395160,398557,6,3397,2,36000,1.00176626435
395169,395176,398443,7,3267,2,36000,1.00214263851
395200,395208,398373,8,3165,2,36000,1.00252764613
395237,395245,398469,8,3224,2,36000,1.00248138958
395349,395357,398443,8,3086,2,36000,1.00259235256
395376,395384,398698,8,3314,2,36000,1.00241400121
395510,395515,398831,5,3316,2,36000,1.00150784077
395613,395622,398866,9,3244,2,36000,1.00277435265
395680,395690,398895,10,3205,2,36000,1.0031201248
395850,395858,399080,8,3222,2,36000,1.00248292986
395906,395916,399148,10,3232,2,36000,1.00309405941
395991,395999,399173,8,3174,2,36000,1.00252047889
396022,396031,399114,9,3083,2,36000,1.00291923451
396131,396140,399177,9,3037,2,36000,1.00296345077
396177,396187,399425,10,3238,2,36000,1.00308832613
396337,396345,399589,8,3244,2,36000,1.00246609125
396358,396364,396407,6,43,1,900,1.13953488372
396411,396417,396420,6,3,2,86400,1.0
396449,396457,399752,8,3295,2,36000,1.00242792109
396491,396497,396530,6,33,2,86400,1.18181818182
396491,396502,396505,11,3,2,86400,1.4
396492,396508,396512,16,4,2,86400,2.0
396492,396518,396973,26,455,2,86400,1.05714285714
396492,396513,396516,21,3,2,86400,2.4
396493,396539,396974,46,435,2,86400,1.10574712644
396493,396534,396537,41,3,2,86400,4.4
396493,396528,396537,35,9,2,86400,4.4
396493,396523,396536,30,13,2,86400,3.30769230769
396494,396549,396561,55,12,2,86400,5.58333333333
396494,396559,396563,65,4,2,86400,6.9
396494,396544,396548,50,4,2,86400,5.4
396494,396554,396974,60,420,2,86400,1.14285714286
396495,396575,396590,80,15,2,86400,6.33333333333
396495,396580,396584,85,4,2,86400,8.9
396495,396570,396572,75,2,2,86400,7.7
396495,396565,396568,70,3,2,86400,7.3
396496,396595,396974,99,379,2,86400,1.26121372032
396496,396585,396592,89,7,2,86400,9.6
396496,396601,396609,105,8,2,86400,11.3
396496,396590,396974,94,384,2,86400,1.24479166667
396497,396616,396621,119,5,2,86400,12.4
396497,396621,396624,124,3,2,86400,12.7
396497,396606,396612,109,6,2,86400,11.5
396497,396611,396614,114,3,2,86400,11.7
396498,396631,396636,133,5,2,86400,13.8
396498,396626,396657,128,31,2,86400,5.12903225806
396498,396644,396648,146,4,2,86400,15.0
396498,396639,396643,141,4,2,86400,14.5
396499,396649,396974,150,325,2,86400,1.46153846154
396516,396660,396664,144,4,2,86400,14.8
396516,396675,396677,159,2,2,86400,16.1
396516,396670,396974,154,304,2,86400,1.50657894737
396516,396665,396667,149,2,2,86400,15.1
396516,396655,396658,139,3,2,86400,14.2
396517,396686,396690,169,4,2,86400,17.3
396517,396696,396974,179,278,2,86400,1.64388489209
396517,396701,396705,184,4,2,86400,18.8
396517,396691,396695,174,4,2,86400,17.8
396517,396680,396684,163,4,2,86400,16.7
396518,396722,396725,204,3,2,86400,20.7
396518,396716,396720,198,4,2,86400,20.2
396518,396711,396715,193,4,2,86400,19.7
396518,396706,396713,188,7,2,86400,19.5
396518,396727,396974,209,247,2,86400,1.84615384615
396519,396742,396747,223,5,2,86400,22.8
396519,396752,396756,233,4,2,86400,23.7
396519,396732,396735,213,3,2,86400,21.6
396519,396737,396741,218,4,2,86400,22.2
396519,396747,396751,228,4,2,86400,23.2
396520,396786,396789,266,3,2,86400,26.9
396520,396758,396761,238,3,2,86400,24.1
396520,396791,396793,271,2,2,86400,27.3
396520,396775,396779,255,4,2,86400,25.9
396520,396780,396783,260,3,2,86400,26.3
396520,396763,396767,243,4,2,86400,24.7
396521,396811,396814,290,3,2,86400,29.3
396521,396806,396809,285,3,2,86400,28.8
396521,396801,396804,280,3,2,86400,28.3
396521,396796,396798,275,2,2,86400,27.7
396722,396770,399932,48,3162,2,36000,1.01518026565
396982,396990,400206,8,3216,2,36000,1.00248756219
397061,397071,400266,10,3195,2,36000,1.00312989045
397086,397095,400292,9,3197,2,36000,1.00281513919
397271,397279,400392,8,3113,2,36000,1.00256986829
397335,397344,400550,9,3206,2,36000,1.00280723643
397657,397667,400800,10,3133,2,36000,1.00319182892
397751,397760,401166,9,3406,2,36000,1.00264239577
397766,397773,400869,7,3096,2,36000,1.00226098191
397840,397847,401133,7,3286,2,36000,1.00213024954
397980,397988,401250,8,3262,2,36000,1.00245248314
397995,398001,401203,6,3202,2,36000,1.00187382886
398017,398025,401222,8,3197,2,36000,1.00250234595
398032,398040,401383,8,3343,2,36000,1.00239306013
398048,398054,401179,6,3125,2,36000,1.00192
398063,398069,401270,6,3201,2,36000,1.00187441425
398064,398075,401317,11,3242,2,36000,1.0033929673
398068,398080,403527,12,5447,1,7200,1.00220304755
398162,398170,401323,8,3153,2,36000,1.0025372661
398180,398188,401367,8,3179,2,36000,1.00251651463
398266,398275,401550,9,3275,2,36000,1.0027480916
398284,398294,401565,10,3271,2,36000,1.00305716906
398300,398308,401507,8,3199,2,36000,1.00250078149
398367,398376,401625,9,3249,2,36000,1.0027700831
398382,398388,401535,6,3147,2,36000,1.00190657769
398446,398454,401845,8,3391,2,36000,1.00235918608
398448,398459,401781,11,3322,2,36000,1.00331125828
398472,398480,401767,8,3287,2,36000,1.00243383024
398558,398568,401757,10,3189,2,36000,1.00313577924
398702,398709,401945,7,3236,2,36000,1.0021631644
398832,398842,402102,10,3260,2,36000,1.00306748466
398868,398877,402138,9,3261,2,36000,1.0027598896
398896,398906,402235,10,3329,2,36000,1.00300390508
399082,399091,402357,9,3266,2,36000,1.00275566442
399116,399125,402241,9,3116,2,36000,1.00288831836
399149,399160,402415,11,3255,2,36000,1.00337941628
399177,399184,402300,7,3116,2,36000,1.00224646983
399192,399198,402358,6,3160,2,36000,1.00189873418
399426,399436,402537,10,3101,2,36000,1.0032247662
399578,399584,399693,6,109,2,86400,1.05504587156
399591,399600,402854,9,3254,2,36000,1.00276582667
399708,399714,399716,6,2,2,86400,1.0
399708,399724,399728,16,4,2,86400,2.0
399708,399719,399721,11,2,2,86400,1.3
399709,399730,399734,21,4,2,86400,2.5
399709,399735,399739,26,4,2,86400,3.0
399709,399740,399746,31,6,2,86400,3.7
399709,399745,399750,36,5,2,86400,4.1
399710,399751,399755,41,4,2,86400,4.5
399710,399756,399759,46,3,2,86400,4.9
399710,399766,399770,56,4,2,86400,6.0
399710,399776,399780,66,4,2,86400,7.0
399710,399761,486180,51,86419,2,86400,1.000590148
399710,399771,399775,61,4,2,86400,6.5
399711,399797,399801,86,4,2,86400,9.0
399711,399802,399806,91,4,2,86400,9.5
399711,399792,399797,81,5,2,86400,8.6
399711,399787,399791,76,4,2,86400,8.0
399711,399782,486215,71,86433,2,86400,1.00082144551
399712,399833,486265,121,86432,2,86400,1.00139994447
399712,399812,399821,100,9,2,86400,10.9
399712,399828,399831,116,3,2,86400,11.9
399712,399807,399813,95,6,2,86400,10.1
399712,399818,399822,106,4,2,86400,11.0
399712,399823,399826,111,3,2,86400,11.4
399713,399838,399843,125,5,2,86400,13.0
399713,399848,399855,135,7,2,86400,14.2
399713,399854,399858,141,4,2,86400,14.5
399713,399843,399861,130,18,2,86400,8.22222222222
399713,399866,399870,153,4,2,86400,15.7
399714,399871,486280,157,86409,2,86400,1.00181694037
399714,399887,399889,173,2,2,86400,17.5
399714,399892,399894,178,2,2,86400,18.0
399714,399882,486309,168,86427,2,86400,1.001943837
399714,399877,486297,163,86420,2,86400,1.00188613747
399715,399913,486336,198,86423,2,86400,1.00229105678
399715,399902,399905,187,3,2,86400,19.0
399715,399907,486340,192,86433,2,86400,1.00222137378
399715,399897,399900,182,3,2,86400,18.5
399715,399918,486350,203,86432,2,86400,1.00234866716
399716,399933,486347,217,86414,2,86400,1.00251116717
399716,399943,486359,227,86416,2,86400,1.00262682837
399716,399949,400264,233,315,2,86400,1.73968253968
399716,399938,486384,222,86446,2,86400,1.00256807718
399716,399928,486351,212,86423,2,86400,1.00245305069
399716,399923,486354,207,86431,2,86400,1.00239497403
399717,399964,400169,247,205,2,86400,2.20487804878
399717,399954,400140,237,186,2,86400,2.27419354839
399717,399974,400047,257,73,2,86400,4.52054794521
399717,399959,400382,242,423,2,86400,1.57210401891
399717,399969,400322,252,353,2,86400,1.71388101983
399718,399990,400242,272,252,2,86400,2.07936507937
399718,399985,486408,267,86423,2,86400,1.00308945535
399718,400001,400099,283,98,2,86400,3.88775510204
399718,399979,399983,261,4,2,86400,26.5
399718,400007,486427,289,86420,2,86400,1.0033441333
399719,400022,486442,303,86420,2,86400,1.00350613284
399719,400017,400065,298,48,2,86400,7.20833333333
399719,400027,400054,308,27,2,86400,12.4074074074
399719,400012,400044,293,32,2,86400,10.15625
399719,400032,486452,313,86420,2,86400,1.00362184679
399755,399861,403111,106,3250,2,36000,1.03261538462
399934,399996,403170,62,3174,2,36000,1.01953371141
400207,400217,403373,10,3156,2,36000,1.00316856781
400268,400277,403533,9,3256,2,36000,1.00276412776
400293,400303,403466,10,3163,2,36000,1.00316155549
400393,400403,403563,10,3160,2,36000,1.00316455696
400551,400561,403883,10,3322,2,36000,1.0030102348
400803,400812,404013,9,3201,2,36000,1.00281162137
400870,400880,404097,10,3217,2,36000,1.00310848617
401134,401144,404324,10,3180,2,36000,1.00314465409
401168,401178,404430,10,3252,2,36000,1.00307503075
401183,401191,404389,8,3198,2,36000,1.00250156348
401205,401214,404384,9,3170,2,36000,1.00283911672
401223,401233,404405,10,3172,2,36000,1.00315258512
401251,401261,404493,10,3232,2,36000,1.00309405941
401272,401281,404534,9,3253,2,36000,1.00276667691
401321,401329,404565,8,3236,2,36000,1.00247218789
401336,401343,404589,7,3246,2,36000,1.00215650031
401370,401378,404538,8,3160,2,36000,1.00253164557
401385,401394,404576,9,3182,2,36000,1.00282840981
401508,401518,404705,10,3187,2,36000,1.0031377471
401538,401546,404858,8,3312,2,36000,1.00241545894
401554,401561,404881,7,3320,2,36000,1.00210843373
401569,401576,404733,7,3157,2,36000,1.0022172949
401627,401636,404927,9,3291,2,36000,1.00273473108
401761,401768,405032,7,3264,2,36000,1.00214460784
401776,401782,404995,6,3213,2,36000,1.00186741363
401791,401797,405166,6,3369,2,36000,1.0017809439
401846,401856,405061,10,3205,2,36000,1.0031201248
401949,401957,405304,8,3347,2,36000,1.00239020018
402104,402114,405486,10,3372,2,36000,1.00296559905
402140,402149,405300,9,3151,2,36000,1.00285623612
402238,402246,405608,8,3362,2,36000,1.00237953599
402253,402259,405642,6,3383,2,36000,1.00177357375
402302,402311,405434,9,3123,2,36000,1.00288184438
402360,402367,405576,7,3209,2,36000,1.00218136491
402361,402373,405559,12,3186,2,36000,1.00376647834
402416,402426,405709,10,3283,2,36000,1.00304599452
402538,402548,405860,10,3312,2,36000,1.00301932367
402857,402866,406069,9,3203,2,36000,1.00280986575
403112,403122,406415,10,3293,2,36000,1.00303674461
403173,403181,406477,8,3296,2,36000,1.00242718447
403375,403384,406545,9,3161,2,36000,1.00284720025
403469,403477,406719,8,3242,2,36000,1.00246761258
403536,403544,406836,8,3292,2,36000,1.00243013366
403568,403574,406757,6,3183,2,36000,1.00188501414
403886,403894,407021,8,3127,2,36000,1.00255836265
404014,404024,407210,10,3186,2,36000,1.00313873195
404099,404108,407310,9,3202,2,36000,1.00281074329
404325,404335,407381,10,3046,2,36000,1.00328299409
404386,404395,407561,9,3166,2,36000,1.00284270373
404401,404407,407630,6,3223,2,36000,1.00186161961
404416,404422,407571,6,3149,2,36000,1.00190536678
404431,404441,407728,10,3287,2,36000,1.0030422878
404495,404504,407825,9,3321,2,36000,1.0027100271
404535,404545,407729,10,3184,2,36000,1.00314070352
404550,404556,407781,6,3225,2,36000,1.00186046512
404568,404576,407771,8,3195,2,36000,1.00250391236
404584,404590,407752,6,3162,2,36000,1.00189753321
404599,404605,407833,6,3228,2,36000,1.00185873606
404709,404716,407960,7,3244,2,36000,1.00215782984
404736,404744,407900,8,3156,2,36000,1.00253485425
404859,404869,408059,10,3190,2,36000,1.00313479624
404883,404892,408070,9,3178,2,36000,1.00283196979
404929,404938,408165,9,3227,2,36000,1.00278896808
404999,405006,408280,7,3274,2,36000,1.00213805742
405036,405043,408317,7,3274,2,36000,1.00213805742
405063,405072,408204,9,3132,2,36000,1.00287356322
405167,405177,408507,10,3330,2,36000,1.003003003
405302,405312,408499,10,3187,2,36000,1.0031377471
405317,405323,408555,6,3232,2,36000,1.00185643564
405436,405445,408630,9,3185,2,36000,1.00282574568
405487,405498,408655,11,3157,2,36000,1.00348432056
405560,405570,408976,10,3406,2,36000,1.0029359953
405578,405587,408778,9,3191,2,36000,1.00282043247
405612,405619,408860,7,3241,2,36000,1.00215982721
405645,405654,408842,9,3188,2,36000,1.00282308657
405712,405720,408873,8,3153,2,36000,1.0025372661
405861,405871,409023,10,3152,2,36000,1.00317258883
406071,406080,409209,9,3129,2,36000,1.00287631831
406417,406426,409626,9,3200,2,36000,1.0028125
406478,406488,409639,10,3151,2,36000,1.00317359568
406548,406556,409826,8,3270,2,36000,1.00244648318
406721,406730,409884,9,3154,2,36000,1.00285351934
406761,406768,410009,7,3241,2,36000,1.00215982721
406840,406847,410055,7,3208,2,36000,1.00218204489
407022,407032,410321,10,3289,2,36000,1.00304043782
407211,407222,410422,11,3200,2,36000,1.0034375
407312,407322,410630,10,3308,2,36000,1.00302297461
407382,407392,410596,10,3204,2,36000,1.00312109863
407561,407572,410778,11,3206,2,36000,1.00343106675
407577,407582,410803,5,3221,2,36000,1.00155231295
407632,407641,410765,9,3124,2,36000,1.0028809219
407733,407739,411004,6,3265,2,36000,1.00183767228
407735,407745,411018,10,3273,2,36000,1.00305530095
407753,407763,411042,10,3279,2,36000,1.00304971028
407774,407782,410964,8,3182,2,36000,1.00251414205
407789,407796,411002,7,3206,2,36000,1.00218340611
407826,407837,411118,11,3281,2,36000,1.00335263639
407842,407848,411095,6,3247,2,36000,1.00184785956
407902,407911,411095,9,3184,2,36000,1.00282663317
407963,407971,411302,8,3331,2,36000,1.00240168118
408061,408070,411294,9,3224,2,36000,1.00279156328
408076,408082,411402,6,3320,2,36000,1.00180722892
408168,408176,411449,8,3273,2,36000,1.00244424076
408207,408215,411480,8,3265,2,36000,1.00245022971
408284,408291,411553,7,3262,2,36000,1.00214592275
408320,408328,411478,8,3150,2,36000,1.00253968254
408500,408510,411737,10,3227,2,36000,1.00309885342
408516,408522,411832,6,3310,2,36000,1.00181268882
408558,408566,411870,8,3304,2,36000,1.00242130751
408632,408641,411758,9,3117,2,36000,1.00288739172
408656,408666,411817,10,3151,2,36000,1.00317359568
408781,408789,412070,8,3281,2,36000,1.00243828101
408844,408853,412255,9,3402,2,36000,1.00264550265
408863,408871,412080,8,3209,2,36000,1.00249298847
408878,408884,412039,6,3155,2,36000,1.00190174326
408978,408987,412184,9,3197,2,36000,1.00281513919
409024,409034,412299,10,3265,2,36000,1.00306278714
409210,409220,412393,10,3173,2,36000,1.00315159155
409630,409637,412716,7,3079,2,36000,1.00227346541
409645,409651,412824,6,3173,2,36000,1.00189095493
409827,409837,413020,10,3183,2,36000,1.00314169023
409885,409895,413139,10,3244,2,36000,1.00308261406
410013,410020,413082,7,3062,2,36000,1.00228608752
410059,410066,413351,7,3285,2,36000,1.00213089802
410323,410332,413693,9,3361,2,36000,1.00267777447
410423,410433,413649,10,3216,2,36000,1.00310945274
410597,410608,413799,11,3191,2,36000,1.00344719524
410631,410641,413903,10,3262,2,36000,1.00306560392
410768,410776,414096,8,3320,2,36000,1.00240963855
410783,410789,414114,6,3325,2,36000,1.00180451128
410805,410815,413974,10,3159,2,36000,1.00316555872
410967,410975,414335,8,3360,2,36000,1.00238095238
411004,411013,414167,9,3154,2,36000,1.00285351934
411005,411019,414328,14,3309,2,36000,1.00423088546
411021,411029,414468,8,3439,2,36000,1.00232625763
411046,411053,414187,7,3134,2,36000,1.00223356733
411098,411106,414276,8,3170,2,36000,1.00252365931
411099,411111,414368,12,3257,2,36000,1.00368437212
411120,411129,414265,9,3136,2,36000,1.00286989796
411297,411306,414629,9,3323,2,36000,1.00270839603
411312,411318,414535,6,3217,2,36000,1.0018650917
411404,411414,414676,10,3262,2,36000,1.00306560392
411453,411460,414672,7,3212,2,36000,1.00217932752
411481,411489,414708,8,3219,2,36000,1.00248524386
411482,411495,414732,13,3237,2,36000,1.00401606426
411555,411564,414764,9,3200,2,36000,1.0028125
411738,411749,415130,11,3381,2,36000,1.0032534753
411760,411769,415040,9,3271,2,36000,1.00275145216
411817,411828,415030,11,3202,2,36000,1.0034353529
411833,411843,415290,10,3447,2,36000,1.0029010734
411873,411882,415176,9,3294,2,36000,1.00273224044
412040,412050,415234,10,3184,2,36000,1.00314070352
412074,412081,415224,7,3143,2,36000,1.00222717149
412089,412095,415324,6,3229,2,36000,1.00185816042
412186,412195,415398,9,3203,2,36000,1.00280986575
412257,412266,415491,9,3225,2,36000,1.00279069767
412300,412310,415525,10,3215,2,36000,1.00311041991
412395,412404,415612,9,3208,2,36000,1.00280548628
412717,412728,415960,11,3232,2,36000,1.00340346535
412827,412835,415951,8,3116,2,36000,1.00256739409
413022,413031,416233,9,3202,2,36000,1.00281074329
413086,413094,416427,8,3333,2,36000,1.00240024002
413141,413151,416460,10,3309,2,36000,1.00302206105
413354,413363,416596,9,3233,2,36000,1.00278379214
413652,413661,416917,9,3256,2,36000,1.00276412776
413695,413704,417021,9,3317,2,36000,1.00271329515
413801,413810,417107,9,3297,2,36000,1.00272975432
413905,413914,417058,9,3144,2,36000,1.00286259542
413975,413986,417175,11,3189,2,36000,1.00344935717
414098,414107,417300,9,3193,2,36000,1.00281866583
414116,414125,417458,9,3333,2,36000,1.00270027003
414168,414178,417399,10,3221,2,36000,1.00310462589
414189,414198,417545,9,3347,2,36000,1.0026889752
414266,414277,417429,11,3152,2,36000,1.00348984772
414282,414287,417521,5,3234,2,36000,1.00154607297
414330,414339,417507,9,3168,2,36000,1.00284090909
414346,414352,417577,6,3225,2,36000,1.00186046512
414371,414379,417604,8,3225,2,36000,1.00248062016
414469,414479,417660,10,3181,2,36000,1.00314366551
414538,414546,417762,8,3216,2,36000,1.00248756219
414631,414640,417838,9,3198,2,36000,1.00281425891
414674,414683,417956,9,3273,2,36000,1.00274977085
414689,414696,417839,7,3143,2,36000,1.00222717149
414711,414719,417994,8,3275,2,36000,1.00244274809
414735,414743,418027,8,3284,2,36000,1.00243605359
414766,414775,418085,9,3310,2,36000,1.00271903323
415031,415042,418364,11,3322,2,36000,1.00331125828
415046,415053,418199,7,3146,2,36000,1.00222504768
415133,415141,418374,8,3233,2,36000,1.00247448191
415178,415187,418443,9,3256,2,36000,1.00276412776
415228,415236,418460,8,3224,2,36000,1.00248138958
415243,415249,418324,6,3075,2,36000,1.00195121951
415292,415301,418474,9,3173,2,36000,1.0028364324
415326,415335,418501,9,3166,2,36000,1.00284270373
415401,415410,418626,9,3216,2,36000,1.00279850746
415492,415502,418758,10,3256,2,36000,1.00307125307
415531,415537,418846,6,3309,2,36000,1.00181323663
415615,415623,418810,8,3187,2,36000,1.00251019768
415953,415962,419130,9,3168,2,36000,1.00284090909
415968,415974,419141,6,3167,2,36000,1.00189453742
416237,416245,419562,8,3317,2,36000,1.00241181791
416430,416438,419800,8,3362,2,36000,1.00237953599
416461,416472,419779,11,3307,2,36000,1.00332627759
416600,416607,419841,7,3234,2,36000,1.00216450216
416918,416928,420137,10,3209,2,36000,1.00311623559
417022,417032,420394,10,3362,2,36000,1.00297441999
417059,417069,420309,10,3240,2,36000,1.00308641975
417111,417118,420365,7,3247,2,36000,1.00215583616
417178,417186,420549,8,3363,2,36000,1.00237882843
417304,417311,420427,7,3116,2,36000,1.00224646983
417402,417410,420577,8,3167,2,36000,1.00252604989
417432,417440,420606,8,3166,2,36000,1.00252684776
417460,417469,420642,9,3173,2,36000,1.0028364324
417508,417518,420752,10,3234,2,36000,1.00309214595
417524,417532,420785,8,3253,2,36000,1.00245926837
417548,417556,420724,8,3168,2,36000,1.00252525253
417579,417588,420791,9,3203,2,36000,1.00280986575
417607,417615,420865,8,3250,2,36000,1.00246153846
417662,417671,420895,9,3224,2,36000,1.00279156328
417765,417773,421036,8,3263,2,36000,1.00245173154
417840,417846,417850,6,4,4,3600,1.0
417842,417852,421126,10,3274,2,36000,1.00305436775
417843,417857,420977,14,3120,2,36000,1.00448717949
417959,417967,421254,8,3287,2,36000,1.00243383024
417996,418005,421265,9,3260,2,36000,1.0027607362
418029,418038,421285,9,3247,2,36000,1.00277178934
418087,418096,421285,9,3189,2,36000,1.00282220132
418202,418211,421466,9,3255,2,36000,1.00276497696
418327,418335,421524,8,3189,2,36000,1.00250862339
418367,418375,421608,8,3233,2,36000,1.00247448191
418382,418389,421631,7,3242,2,36000,1.00215916101
418447,418454,421679,7,3225,2,36000,1.00217054264
418462,418471,421824,9,3353,2,36000,1.00268416344
418477,418485,421679,8,3194,2,36000,1.00250469631
418496,418502,418506,6,4,4,3600,1.0
418502,418512,421737,10,3225,2,36000,1.00310077519
418567,418573,418574,6,1,2,3540,1.0
418629,418637,421887,8,3250,2,36000,1.00246153846
418760,418769,421902,9,3133,2,36000,1.00287264603
418812,418821,422033,9,3212,2,36000,1.00280199253
418849,418857,422223,8,3366,2,36000,1.00237670826
419132,419141,422327,9,3186,2,36000,1.00282485876
419147,419153,422339,6,3186,2,36000,1.00188323917
419535,419541,419545,6,4,4,3600,1.0
419564,419574,422922,10,3348,2,36000,1.00298685783
419783,419790,422893,7,3103,2,36000,1.00225588141
419802,419811,423154,9,3343,2,36000,1.00269219264
419845,419852,423151,7,3299,2,36000,1.00212185511
420139,420148,423423,9,3275,2,36000,1.0027480916
420310,420320,423561,10,3241,2,36000,1.00308546745
420368,420376,423618,8,3242,2,36000,1.00246761258
420396,420405,423695,9,3290,2,36000,1.00273556231
420429,420438,423647,9,3209,2,36000,1.00280461203
420551,420560,423868,9,3308,2,36000,1.00272067715
420579,420588,423853,9,3265,2,36000,1.00275650842
420610,420617,423922,7,3305,2,36000,1.00211800303
420643,420653,423899,10,3246,2,36000,1.00308071473
420726,420735,424109,9,3374,2,36000,1.00266745702
420753,420763,423876,10,3113,2,36000,1.00321233537
420787,420796,424178,9,3382,2,36000,1.00266114725
420803,420809,424104,6,3295,2,36000,1.00182094082
420867,420876,424185,9,3309,2,36000,1.00271985494
420897,420906,424225,9,3319,2,36000,1.00271166014
420980,420988,424188,8,3200,2,36000,1.0025
421038,421048,424262,10,3214,2,36000,1.00311138768
421126,421137,424459,11,3322,2,36000,1.00331125828
421256,421265,424441,9,3176,2,36000,1.00283375315
421271,421277,424489,6,3212,2,36000,1.00186799502
421287,421296,424494,9,3198,2,36000,1.00281425891
421288,421301,424505,13,3204,2,36000,1.00405742821
421468,421477,424656,9,3179,2,36000,1.00283107896
421527,421535,424816,8,3281,2,36000,1.00243828101
421612,421619,424964,7,3345,2,36000,1.00209267564
421633,421642,424867,9,3225,2,36000,1.00279069767
421682,421691,424760,9,3069,2,36000,1.00293255132
421684,421697,424870,13,3173,2,36000,1.00409706902
421739,421749,425063,10,3314,2,36000,1.00301750151
421827,421835,425064,8,3229,2,36000,1.00247754723
421888,421898,425076,10,3178,2,36000,1.0031466331
421903,421913,425068,10,3155,2,36000,1.00316957211
422034,422044,425183,10,3139,2,36000,1.00318572794
422227,422233,425430,6,3197,2,36000,1.00187675946
422328,422338,425641,10,3303,2,36000,1.00302755071
422343,422350,425499,7,3149,2,36000,1.00222292791
422895,422904,426084,9,3180,2,36000,1.00283018868
422926,422933,426139,7,3206,2,36000,1.00218340611
423154,423162,426447,8,3285,2,36000,1.00243531202
423156,423168,426464,12,3296,2,36000,1.0036407767
423425,423434,426789,9,3355,2,36000,1.00268256334
423565,423572,426751,7,3179,2,36000,1.0022019503
423620,423629,426877,9,3248,2,36000,1.00277093596
423650,423658,427040,8,3382,2,36000,1.00236546422
423697,423706,426978,9,3272,2,36000,1.00275061125
423855,423864,426988,9,3124,2,36000,1.0028809219
423870,423879,427130,9,3251,2,36000,1.00276837896
423886,423892,427198,6,3306,2,36000,1.00181488203
423901,423910,427139,9,3229,2,36000,1.00278724063
423925,423933,427118,8,3185,2,36000,1.00251177394
424105,424116,427392,11,3276,2,36000,1.00335775336
424121,424127,427292,6,3165,2,36000,1.0018957346
424182,424189,427565,7,3376,2,36000,1.00207345972
424197,424203,427475,6,3272,2,36000,1.00183374083
424198,424209,427415,11,3206,2,36000,1.00343106675
424226,424236,427526,10,3290,2,36000,1.00303951368
424266,424273,427472,7,3199,2,36000,1.00218818381
424442,424452,427639,10,3187,2,36000,1.0031377471
424461,424470,427632,9,3162,2,36000,1.00284629981
424491,424500,427709,9,3209,2,36000,1.00280461203
424507,424513,427614,6,3101,2,36000,1.00193485972
424508,424519,427699,11,3180,2,36000,1.0034591195
424657,424667,427961,10,3294,2,36000,1.00303582271
424761,424771,428000,10,3229,2,36000,1.00309693404
424819,424827,428147,8,3320,2,36000,1.00240963855
424871,424881,428019,10,3138,2,36000,1.00318674315
424872,424886,428130,14,3244,2,36000,1.00431565968
424966,424975,428355,9,3380,2,36000,1.00266272189
425064,425074,428261,10,3187,2,36000,1.0031377471
425080,425086,428419,6,3333,2,36000,1.00180018002
425082,425092,428404,10,3312,2,36000,1.00301932367
425083,425097,428284,14,3187,2,36000,1.00439284594
425187,425194,428376,7,3182,2,36000,1.00219987429
425433,425442,428722,9,3280,2,36000,1.00274390244
425500,425510,428669,10,3159,2,36000,1.00316555872
425643,425652,428842,9,3190,2,36000,1.00282131661
426087,426095,429351,8,3256,2,36000,1.00245700246
426142,426150,429282,8,3132,2,36000,1.00255427842
426450,426458,429633,8,3175,2,36000,1.00251968504
426466,426475,429791,9,3316,2,36000,1.00271411339
426753,426762,429928,9,3166,2,36000,1.00284270373
426792,426801,430061,9,3260,2,36000,1.0027607362
426880,426888,430071,8,3183,2,36000,1.00251335218
426981,426990,430194,9,3204,2,36000,1.00280898876
426996,427002,430385,6,3383,2,36000,1.00177357375
427042,427051,430256,9,3205,2,36000,1.00280811232
427121,427129,430308,8,3179,2,36000,1.00251651463
427137,427143,430325,6,3182,2,36000,1.00188560654
427152,427158,430390,6,3232,2,36000,1.00185643564
427200,427209,430534,9,3325,2,36000,1.00270676692
427295,427304,430490,9,3186,2,36000,1.00282485876
427396,427403,430621,7,3218,2,36000,1.00217526414
427417,427427,430659,10,3232,2,36000,1.00309405941
427475,427483,430644,8,3161,2,36000,1.00253084467
427476,427489,430871,13,3382,2,36000,1.00384387936
427529,427537,430736,8,3199,2,36000,1.00250078149
427562,427576,430651,14,3075,2,36000,1.00455284553
427618,427625,430824,7,3199,2,36000,1.00218818381
427633,427643,430859,10,3216,2,36000,1.00310945274
427649,427655,431004,6,3349,2,36000,1.00179157958
427701,427710,430933,9,3223,2,36000,1.00279242941
427716,427722,430989,6,3267,2,36000,1.00183654729
427965,427973,431194,8,3221,2,36000,1.00248370071
428002,428012,431352,10,3340,2,36000,1.00299401198
428020,428030,431224,10,3194,2,36000,1.00313087038
428133,428141,431352,8,3211,2,36000,1.00249143569
428148,428158,431376,10,3218,2,36000,1.0031075202
428264,428273,431517,9,3244,2,36000,1.00277435265
428287,428296,431518,9,3222,2,36000,1.00279329609
428357,428366,431587,9,3221,2,36000,1.0027941633
428379,428387,431683,8,3296,2,36000,1.00242718447
428406,428415,431691,9,3276,2,36000,1.00274725275
428421,428430,431831,9,3401,2,36000,1.00264628051
428673,428681,431879,8,3198,2,36000,1.00250156348
428725,428733,431912,8,3179,2,36000,1.00251651463
428844,428854,432048,10,3194,2,36000,1.00313087038
429285,429294,432438,9,3144,2,36000,1.00286259542
429352,429362,432534,10,3172,2,36000,1.00315258512
429444,429451,429452,7,1,2,3540,1.0
429635,429644,432949,9,3305,2,36000,1.00272314675
429793,429802,433065,9,3263,2,36000,1.00275819798
429931,429939,433106,8,3167,2,36000,1.00252604989
430067,430072,433292,5,3220,2,36000,1.00155279503
430082,430088,433226,6,3138,2,36000,1.00191204589
430198,430206,433342,8,3136,2,36000,1.00255102041
430257,430267,433433,10,3166,2,36000,1.0031585597
430309,430319,433486,10,3167,2,36000,1.00315756236
430327,430336,433665,9,3329,2,36000,1.00270351457
430389,430396,433688,7,3292,2,36000,1.00212636695
430404,430410,433566,6,3156,2,36000,1.00190114068
430493,430502,433682,9,3180,2,36000,1.00283018868
430536,430545,433709,9,3164,2,36000,1.00284450063
430624,430632,433918,8,3286,2,36000,1.00243457091
430645,430655,433845,10,3190,2,36000,1.00313479624
430661,430667,433865,6,3198,2,36000,1.00187617261
430662,430673,433753,11,3080,2,36000,1.00357142857
430738,430747,433946,9,3199,2,36000,1.00281337918
430828,430835,434056,7,3221,2,36000,1.00217323812
430862,430870,434074,8,3204,2,36000,1.0024968789
430877,430883,434183,6,3300,2,36000,1.00181818182
430936,430945,434182,9,3237,2,36000,1.00278035218
430991,431001,434230,10,3229,2,36000,1.00309693404
431006,431015,434319,9,3304,2,36000,1.00272397094
431195,431205,434374,10,3169,2,36000,1.00315556958
431226,431236,434417,10,3181,2,36000,1.00314366551
431355,431363,434569,8,3206,2,36000,1.00249532127
431356,431368,434584,12,3216,2,36000,1.00373134328
431378,431387,434614,9,3227,2,36000,1.00278896808
431518,431528,434682,10,3154,2,36000,1.00317057705
431520,431534,434958,14,3424,2,36000,1.00408878505
431590,431598,434936,8,3338,2,36000,1.0023966447
431685,431695,435043,10,3348,2,36000,1.00298685783
431700,431706,434899,6,3193,2,36000,1.00187911055
431835,431842,435076,7,3234,2,36000,1.00216450216
431881,431890,435134,9,3244,2,36000,1.00277435265
431914,431923,435280,9,3357,2,36000,1.00268096515
432051,432059,435358,8,3299,2,36000,1.00242497727
432439,432449,435574,10,3125,2,36000,1.0032
432537,432545,435820,8,3275,2,36000,1.00244274809
432952,432961,436165,9,3204,2,36000,1.00280898876
433069,433076,436269,7,3193,2,36000,1.00219229565
433108,433117,436256,9,3139,2,36000,1.00286715514
433230,433238,436530,8,3292,2,36000,1.00243013366
433294,433303,436437,9,3134,2,36000,1.00287172942
433343,433353,436665,10,3312,2,36000,1.00301932367
433437,433444,436689,7,3245,2,36000,1.00215716487
433489,433497,436759,8,3262,2,36000,1.00245248314
433568,433578,436954,10,3376,2,36000,1.00296208531
433667,433677,436872,10,3195,2,36000,1.00312989045
433683,433693,436951,10,3258,2,36000,1.00306936771
433699,433705,436926,6,3221,2,36000,1.00186277554
433714,433720,436933,6,3213,2,36000,1.00186741363
433757,433765,436959,8,3194,2,36000,1.00250469631
433849,433856,437193,7,3337,2,36000,1.00209769254
433864,433876,437112,12,3236,2,36000,1.00370828183
433919,433929,437068,10,3139,2,36000,1.00318572794
433949,433957,437231,8,3274,2,36000,1.0024434942
434059,434067,437317,8,3250,2,36000,1.00246153846
434078,434085,437320,7,3235,2,36000,1.00216383308
434185,434193,437406,8,3213,2,36000,1.00248988484
434186,434199,437386,13,3187,2,36000,1.00407907123
434232,434241,437434,9,3193,2,36000,1.00281866583
434321,434330,437500,9,3170,2,36000,1.00283911672
434375,434385,437422,10,3037,2,36000,1.00329272308
434421,434429,437657,8,3228,2,36000,1.00247831475
434573,434581,437968,8,3387,2,36000,1.00236197225
434589,434594,437815,5,3221,2,36000,1.00155231295
434616,434626,437813,10,3187,2,36000,1.0031377471
434683,434693,437882,10,3189,2,36000,1.00313577924
434900,434910,437862,10,2952,2,36000,1.00338753388
434937,434947,438108,10,3161,2,36000,1.00316355584
434961,434969,438237,8,3268,2,36000,1.00244798042
435045,435054,438132,9,3078,2,36000,1.00292397661
435078,435087,438440,9,3353,2,36000,1.00268416344
435137,435145,438505,8,3360,2,36000,1.00238095238
435281,435291,438567,10,3276,2,36000,1.00305250305
435362,435369,438538,7,3169,2,36000,1.00220889871
435576,435585,438699,9,3114,2,36000,1.00289017341
435824,435832,439020,8,3188,2,36000,1.00250941029
436168,436177,439445,9,3268,2,36000,1.00275397797
436257,436267,439517,10,3250,2,36000,1.00307692308
436273,436280,439273,7,2993,2,36000,1.00233879051
436440,436448,439614,8,3166,2,36000,1.00252684776
436531,436541,439734,10,3193,2,36000,1.00313185092
436669,436677,439880,8,3203,2,36000,1.00249765845
436690,436700,439884,10,3184,2,36000,1.00314070352
436760,436770,440140,10,3370,2,36000,1.00296735905
436873,436883,440055,10,3172,2,36000,1.00315258512
436928,436938,440258,10,3320,2,36000,1.00301204819
436944,436950,440133,6,3183,2,36000,1.00188501414
436960,436965,440192,5,3227,2,36000,1.00154942671
436961,436971,440231,10,3260,2,36000,1.00306748466
436962,436976,440260,14,3284,2,36000,1.00426309379
437071,437079,440321,8,3242,2,36000,1.00246761258
437114,437123,440351,9,3228,2,36000,1.00278810409
437196,437204,440382,8,3178,2,36000,1.00251730648
437233,437243,440484,10,3241,2,36000,1.00308546745
437319,437328,440616,9,3288,2,36000,1.00273722628
437334,437340,440634,6,3294,2,36000,1.00182149362
437389,437397,440744,8,3347,2,36000,1.00239020018
437408,437417,440626,9,3209,2,36000,1.00280461203
437423,437433,440584,10,3151,2,36000,1.00317359568
437440,437446,440679,6,3233,2,36000,1.00185586143
437503,437511,440678,8,3167,2,36000,1.00252604989
437660,437668,440893,8,3225,2,36000,1.00248062016
437815,437824,440963,9,3139,2,36000,1.00286715514
437816,437830,441000,14,3170,2,36000,1.00441640379
437865,437873,441059,8,3186,2,36000,1.00251098556
437884,437893,441114,9,3221,2,36000,1.0027941633
437971,437979,441059,8,3080,2,36000,1.0025974026
438112,438120,441488,8,3368,2,36000,1.00237529691
438133,438143,441194,10,3051,2,36000,1.0032776139
438240,438248,441405,8,3157,2,36000,1.00253405131
438441,438451,441781,10,3330,2,36000,1.003003003
438508,438517,441656,9,3139,2,36000,1.00286715514
438539,438549,441752,10,3203,2,36000,1.00312207306
438570,438578,441803,8,3225,2,36000,1.00248062016
438700,438710,441971,10,3261,2,36000,1.003066544
439021,439031,442195,10,3164,2,36000,1.00316055626
439275,439285,442539,10,3254,2,36000,1.00307314075
439448,439456,442635,8,3179,2,36000,1.00251651463
439521,439528,442772,7,3244,2,36000,1.00215782984
439615,439626,442770,11,3144,2,36000,1.00349872774
439737,439745,442931,8,3186,2,36000,1.00251098556
439883,439891,443098,8,3207,2,36000,1.00249454319
439898,439904,442980,6,3076,2,36000,1.00195058518
440057,440067,443180,10,3113,2,36000,1.00321233537
440136,440144,443295,8,3151,2,36000,1.00253887655
440151,440157,443322,6,3165,2,36000,1.0018957346
440194,440203,443467,9,3264,2,36000,1.00275735294
440234,440242,443515,8,3273,2,36000,1.00244424076
440262,440272,443452,10,3180,2,36000,1.00314465409
440263,440277,443341,14,3064,2,36000,1.0045691906
440324,440332,443683,8,3351,2,36000,1.00238734706
440355,440362,443591,7,3229,2,36000,1.00216785382
440385,440393,443734,8,3341,2,36000,1.00239449267
440486,440495,443672,9,3177,2,36000,1.00283286119
440586,440596,443873,10,3277,2,36000,1.00305157156
440616,440627,443736,11,3109,2,36000,1.00353811515
440632,440637,443817,5,3180,2,36000,1.00157232704
440647,440653,443856,6,3203,2,36000,1.00187324383
440681,440689,443984,8,3295,2,36000,1.00242792109
440682,440695,443963,13,3268,2,36000,1.00397796818
440747,440755,443924,8,3169,2,36000,1.00252445566
440895,440905,444237,10,3332,2,36000,1.00300120048
440966,440974,444178,8,3204,2,36000,1.0024968789
441003,441012,444219,9,3207,2,36000,1.00280636109
441061,441070,444282,9,3212,2,36000,1.00280199253
441062,441075,444233,13,3158,2,36000,1.00411652945
441117,441125,444436,8,3311,2,36000,1.00241618846
441196,441205,444371,9,3166,2,36000,1.00284270373
441406,441416,444723,10,3307,2,36000,1.00302388872
441491,441499,444724,8,3225,2,36000,1.00248062016
441658,441667,444820,9,3153,2,36000,1.00285442436
441753,441763,444998,10,3235,2,36000,1.00309119011
441784,441792,444931,8,3139,2,36000,1.00254858235
441806,441814,445144,8,3330,2,36000,1.0024024024
441973,441982,445198,9,3216,2,36000,1.00279850746
442198,442206,445443,8,3237,2,36000,1.00247142416
442543,442551,445745,8,3194,2,36000,1.00250469631
442638,442646,445786,8,3140,2,36000,1.0025477707
442773,442787,445974,14,3187,2,36000,1.00439284594
442774,442781,446102,7,3321,2,36000,1.00210779886
442933,442942,446010,9,3068,2,36000,1.00293350717
442982,442991,446200,9,3209,2,36000,1.00280461203
443101,443109,446232,8,3123,2,36000,1.00256163945
443183,443191,446334,8,3143,2,36000,1.00254533885
443296,443306,446404,10,3098,2,36000,1.00322788896
443323,443333,446577,10,3244,2,36000,1.00308261406
443342,443352,446555,10,3203,2,36000,1.00312207306
443454,443463,446683,9,3220,2,36000,1.00279503106
443469,443478,446655,9,3177,2,36000,1.00283286119
443518,443526,446648,8,3122,2,36000,1.00256245996
443594,443602,446884,8,3282,2,36000,1.00243753809
443674,443683,446906,9,3223,2,36000,1.00279242941
443689,443695,447020,6,3325,2,36000,1.00180451128
443738,443747,446921,9,3174,2,36000,1.00283553875
443739,443752,446955,13,3203,2,36000,1.00405869497
443818,443829,447044,11,3215,2,36000,1.0034214619
443858,443867,447133,9,3266,2,36000,1.00275566442
443877,443884,447185,7,3301,2,36000,1.00212056952
443926,443935,447151,9,3216,2,36000,1.00279850746
443965,443974,447204,9,3230,2,36000,1.00278637771
443987,443996,447089,9,3093,2,36000,1.00290979631
444179,444189,447325,10,3136,2,36000,1.00318877551
444222,444231,447466,9,3235,2,36000,1.0027820711
444238,444244,447382,6,3138,2,36000,1.00191204589
444239,444250,447511,11,3261,2,36000,1.00337319841
444285,444293,447626,8,3333,2,36000,1.00240024002
444374,444382,447559,8,3177,2,36000,1.00251809884
444438,444447,447662,9,3215,2,36000,1.00279937792
444726,444735,447922,9,3187,2,36000,1.00282397239
444728,444740,447868,12,3128,2,36000,1.00383631714
444822,444831,448083,9,3252,2,36000,1.00276752768
444932,444942,448043,10,3101,2,36000,1.0032247662
445002,445010,448246,8,3236,2,36000,1.00247218789
445145,445155,448294,10,3139,2,36000,1.00318572794
445200,445209,448393,9,3184,2,36000,1.00282663317
445446,445454,448752,8,3298,2,36000,1.00242571255
445749,445756,448971,7,3215,2,36000,1.00217729393
445789,445797,449130,8,3333,2,36000,1.00240024002
445975,445985,449270,10,3285,2,36000,1.00304414003
446012,446021,449264,9,3243,2,36000,1.00277520814
446103,446113,449280,10,3167,2,36000,1.00315756236
446203,446211,449402,8,3191,2,36000,1.00250705108
446234,446244,449596,10,3352,2,36000,1.00298329356
446337,446346,449563,9,3217,2,36000,1.00279763755
446405,446415,449620,10,3205,2,36000,1.0031201248
446557,446566,449853,9,3287,2,36000,1.00273805902
446578,446588,449821,10,3233,2,36000,1.00309310238
446652,446660,449841,8,3181,2,36000,1.00251493241
446667,446673,449875,6,3202,2,36000,1.00187382886
446685,446694,449853,9,3159,2,36000,1.00284900285
446886,446895,450220,9,3325,2,36000,1.00270676692
446908,446917,450160,9,3243,2,36000,1.00277520814
446923,446933,450182,10,3249,2,36000,1.00307787011
446957,446966,450192,9,3226,2,36000,1.00278983261
447024,447031,450193,7,3162,2,36000,1.00221378874
447045,447055,450229,10,3174,2,36000,1.00315059861
447091,447100,450325,9,3225,2,36000,1.00279069767
447134,447144,450376,10,3232,2,36000,1.00309405941
447153,447162,450303,9,3141,2,36000,1.00286532951
447189,447197,450399,8,3202,2,36000,1.00249843848
447208,447216,450444,8,3228,2,36000,1.00247831475
447328,447337,450485,9,3148,2,36000,1.00285895807
447385,447393,450625,8,3232,2,36000,1.00247524752
447468,447477,450579,9,3102,2,36000,1.00290135397
447514,447522,450812,8,3290,2,36000,1.00243161094
447560,447570,450894,10,3324,2,36000,1.00300842359
447637,447643,450873,6,3230,2,36000,1.00185758514
447664,447674,450986,10,3312,2,36000,1.00301932367
447868,447879,451065,11,3186,2,36000,1.00345260515
447923,447933,451084,10,3151,2,36000,1.00317359568
448046,448054,451141,8,3087,2,36000,1.0025915128
448085,448094,451294,9,3200,2,36000,1.0028125
448250,448257,451446,7,3189,2,36000,1.00219504547
448296,448305,451446,9,3141,2,36000,1.00286532951
448396,448405,451619,9,3214,2,36000,1.00280024891
448613,448620,448716,7,96,1,1800,1.07291666667
448754,448763,451897,9,3134,2,36000,1.00287172942
448974,448982,452302,8,3320,2,36000,1.00240963855
449028,449035,449138,7,103,1,1800,1.06796116505
449133,449141,452351,8,3210,2,36000,1.00249221184
449267,449275,452696,8,3421,2,36000,1.00233849752
449283,449289,452568,6,3279,2,36000,1.00182982617
449284,449295,452439,11,3144,2,36000,1.00349872774
449403,449413,452668,10,3255,2,36000,1.00307219662
449565,449574,452670,9,3096,2,36000,1.00290697674
449599,449608,452973,9,3365,2,36000,1.00267459138
449623,449631,452761,8,3130,2,36000,1.00255591054
449774,449781,450340,7,559,1,1800,1.01252236136
449823,449833,453032,10,3199,2,36000,1.00312597687
449845,449853,453061,8,3208,2,36000,1.00249376559
449861,449867,453081,6,3214,2,36000,1.00186683261
449862,449873,453025,11,3152,2,36000,1.00348984772
449877,449886,453132,9,3246,2,36000,1.00277264325
450161,450171,453591,10,3420,2,36000,1.00292397661
450186,450193,453393,7,3200,2,36000,1.0021875
450201,450207,453450,6,3243,2,36000,1.00185013876
450202,450213,453488,11,3275,2,36000,1.00335877863
450224,450232,453435,8,3203,2,36000,1.00249765845
450239,450245,453419,6,3174,2,36000,1.00189035917
450306,450314,453484,8,3170,2,36000,1.00252365931
450328,450336,453537,8,3201,2,36000,1.00249921899
450380,450387,453531,7,3144,2,36000,1.0022264631
450401,450410,453642,9,3232,2,36000,1.00278465347
450447,450456,453719,9,3263,2,36000,1.00275819798
450487,450496,453703,9,3207,2,36000,1.00280636109
450582,450590,453814,8,3224,2,36000,1.00248138958
450628,450636,453856,8,3220,2,36000,1.00248447205
450814,450823,454148,9,3325,2,36000,1.00270676692
450874,450885,454106,11,3221,2,36000,1.00341508848
450896,450906,454116,10,3210,2,36000,1.0031152648
450987,450997,454172,10,3175,2,36000,1.0031496063
451067,451076,454418,9,3342,2,36000,1.0026929982
451085,451095,454380,10,3285,2,36000,1.00304414003
451143,451153,454397,10,3244,2,36000,1.00308261406
451295,451305,454643,10,3338,2,36000,1.00299580587
451449,451517,454779,68,3262,2,36000,1.02084610668
451450,451522,454743,72,3221,2,36000,1.02235330643
451621,451630,454957,9,3327,2,36000,1.00270513977
451892,451908,455176,16,3268,2,36000,1.00489596083
451893,451899,451938,6,39,1,1800,1.15384615385
452103,452109,452158,6,49,1,1800,1.12244897959
452220,452225,452297,5,72,1,1800,1.06944444444
452305,452313,455519,8,3206,2,36000,1.00249532127
452354,452362,455613,8,3251,2,36000,1.0024607813
452443,452450,455682,7,3232,2,36000,1.00216584158
452475,452481,452558,6,77,1,1800,1.07792207792
452570,452579,455787,9,3208,2,36000,1.00280548628
452671,452679,455962,8,3283,2,36000,1.00243679561
452673,452685,455931,12,3246,2,36000,1.00369685767
452697,452707,455821,10,3114,2,36000,1.00321130379
452764,452772,456032,8,3260,2,36000,1.00245398773
452816,452822,453059,6,237,1,1800,1.0253164557
452974,452985,456284,11,3299,2,36000,1.00333434374
453027,453036,456184,9,3148,2,36000,1.00285895807
453042,453048,456057,6,3009,2,36000,1.00199401795
453064,453072,456212,8,3140,2,36000,1.0025477707
453082,453092,456316,10,3224,2,36000,1.00310173697
453134,453143,456428,9,3285,2,36000,1.00273972603
453395,453404,456566,9,3162,2,36000,1.00284629981
453423,453430,456743,7,3313,2,36000,1.00211288862
453436,453442,453731,6,289,1,1800,1.02076124567
453439,453448,456517,9,3069,2,36000,1.00293255132
453454,453461,456768,7,3307,2,36000,1.0021167221
453488,453495,456596,7,3101,2,36000,1.00225733634
453490,453501,456704,11,3203,2,36000,1.00343428036
453533,453542,456798,9,3256,2,36000,1.00276412776
453549,453555,456889,6,3334,2,36000,1.00179964007
453595,453602,456710,7,3108,2,36000,1.00225225225
453644,453653,456856,9,3203,2,36000,1.00280986575
453699,453714,456914,15,3200,2,36000,1.0046875
453721,453730,456881,9,3151,2,36000,1.00285623612
453816,453825,457093,9,3268,2,36000,1.00275397797
453860,453867,457002,7,3135,2,36000,1.00223285486
454110,454118,457450,8,3332,2,36000,1.00240096038
454125,454131,457512,6,3381,2,36000,1.00177462289
454149,454160,457317,11,3157,2,36000,1.00348432056
454174,454183,457410,9,3227,2,36000,1.00278896808
454384,454391,457481,7,3090,2,36000,1.00226537217
454396,454402,454431,6,29,1,1800,1.20689655172
454399,454407,457808,8,3401,2,36000,1.00235224934
454420,454429,457602,9,3173,2,36000,1.0028364324
454646,454655,457826,9,3171,2,36000,1.00283822138
454728,454734,454795,6,61,1,1800,1.09836065574
454745,454754,457985,9,3231,2,36000,1.00278551532
454782,454790,457945,8,3155,2,36000,1.00253565769
454959,454968,458157,9,3189,2,36000,1.00282220132
455179,455187,458485,8,3298,2,36000,1.00242571255
455523,455530,458696,7,3166,2,36000,1.00221099179
455529,455536,455657,7,121,1,1800,1.05785123967
455615,455624,458936,9,3312,2,36000,1.0027173913
455686,455693,458907,7,3214,2,36000,1.00217797138
455790,455798,458990,8,3192,2,36000,1.00250626566
455824,455832,459102,8,3270,2,36000,1.00244648318
455932,455942,459051,10,3109,2,36000,1.00321646832
455966,455973,459348,7,3375,2,36000,1.00207407407
456033,456043,459228,10,3185,2,36000,1.00313971743
456061,456068,459380,7,3312,2,36000,1.00211352657
456187,456195,459386,8,3191,2,36000,1.00250705108
456214,456223,459469,9,3246,2,36000,1.00277264325
456289,456295,459508,6,3213,2,36000,1.00186741363
456317,456328,459453,11,3125,2,36000,1.00352
456430,456439,459463,9,3024,2,36000,1.00297619048
456519,456528,459675,9,3147,2,36000,1.00285986654
456569,456577,459943,8,3366,2,36000,1.00237670826
456599,456608,459846,9,3238,2,36000,1.00277949351
456707,456715,459865,8,3150,2,36000,1.00253968254
456722,456728,460083,6,3355,2,36000,1.00178837556
456744,456754,459968,10,3214,2,36000,1.00311138768
456770,456779,460013,9,3234,2,36000,1.00278293135
456801,456809,459939,8,3130,2,36000,1.00255591054
456861,456867,460209,6,3342,2,36000,1.00179533214
456883,456892,460070,9,3178,2,36000,1.00283196979
456899,456905,460233,6,3328,2,36000,1.00180288462
456918,456925,460209,7,3284,2,36000,1.00213154689
457005,457014,460145,9,3131,2,36000,1.002874481
457094,457104,460479,10,3375,2,36000,1.00296296296
457318,457328,460594,10,3266,2,36000,1.00306184936
457413,457421,460565,8,3144,2,36000,1.00254452926
457453,457462,460642,9,3180,2,36000,1.00283018868
457484,457492,460761,8,3269,2,36000,1.00244723157
457515,457524,460783,9,3259,2,36000,1.00276158331
457604,457614,460960,10,3346,2,36000,1.00298864316
457811,457819,460968,8,3149,2,36000,1.00254048904
457829,457837,461076,8,3239,2,36000,1.00246989812
457948,457957,461177,9,3220,2,36000,1.00279503106
457988,457996,461307,8,3311,2,36000,1.00241618846
458159,458168,461305,9,3137,2,36000,1.0028689831
458486,458497,461714,11,3217,2,36000,1.00341933478
458700,458707,461790,7,3083,2,36000,1.00227051573
458908,458918,462088,10,3170,2,36000,1.00315457413
458939,458948,462227,9,3279,2,36000,1.00274473925
458992,459001,462345,9,3344,2,36000,1.00269138756
459054,459062,462328,8,3266,2,36000,1.00244947949
459106,459114,462311,8,3197,2,36000,1.00250234595
459231,459239,462562,8,3323,2,36000,1.00240746314
459351,459359,462567,8,3208,2,36000,1.00249376559
459381,459391,462557,10,3166,2,36000,1.0031585597
459397,459403,462669,6,3266,2,36000,1.00183710961
459455,459464,462693,9,3229,2,36000,1.00278724063
459471,459477,462686,6,3209,2,36000,1.00186974135
459472,459483,462722,11,3239,2,36000,1.00339610991
459509,459519,462646,10,3127,2,36000,1.00319795331
459676,459686,462895,10,3209,2,36000,1.00311623559
459848,459857,463180,9,3323,2,36000,1.00270839603
459866,459876,463190,10,3314,2,36000,1.00301750151
459940,459950,463227,10,3277,2,36000,1.00305157156
459956,459962,463159,6,3197,2,36000,1.00187675946
459971,459979,463194,8,3215,2,36000,1.00248833593
460017,460024,463088,7,3064,2,36000,1.0022845953
460072,460081,463248,9,3167,2,36000,1.00284180613
460087,460094,463315,7,3221,2,36000,1.00217323812
460148,460156,463312,8,3156,2,36000,1.00253485425
460210,460220,463541,10,3321,2,36000,1.00301114122
460211,460225,463484,14,3259,2,36000,1.00429579626
460236,460244,463461,8,3217,2,36000,1.00248678893
460480,460490,463575,10,3085,2,36000,1.00324149109
460568,460576,463895,8,3319,2,36000,1.00241036457
460596,460606,463767,10,3161,2,36000,1.00316355584
460645,460653,463901,8,3248,2,36000,1.00246305419
460764,460773,464042,9,3269,2,36000,1.00275313552
460785,460794,464003,9,3209,2,36000,1.00280461203
460962,460971,464163,9,3192,2,36000,1.00281954887
460977,460983,464177,6,3194,2,36000,1.00187852223
461078,461087,464162,9,3075,2,36000,1.00292682927
461178,461188,464411,10,3223,2,36000,1.00310269935
461306,461316,464565,10,3249,2,36000,1.00307787011
461322,461328,464659,6,3331,2,36000,1.00180126088
461715,461725,465063,10,3338,2,36000,1.00299580587
461791,461801,465031,10,3230,2,36000,1.00309597523
462090,462100,465241,10,3141,2,36000,1.00318369946
462230,462238,465403,8,3165,2,36000,1.00252764613
462313,462322,465508,9,3186,2,36000,1.00282485876
462332,462340,465422,8,3082,2,36000,1.00259571707
462347,462356,465624,9,3268,2,36000,1.00275397797
462563,462569,465883,6,3314,2,36000,1.00181050091
462564,462575,465771,11,3196,2,36000,1.00344180225
462580,462586,465774,6,3188,2,36000,1.00188205772
462652,462657,465832,5,3175,2,36000,1.00157480315
462670,462680,465884,10,3204,2,36000,1.00312109863
462689,462697,465940,8,3243,2,36000,1.00246685168
462705,462711,465974,6,3263,2,36000,1.00183879865
462724,462733,465863,9,3130,2,36000,1.00287539936
462899,462906,466172,7,3266,2,36000,1.00214329455
463090,463099,466339,9,3240,2,36000,1.00277777778
463161,463171,466367,10,3196,2,36000,1.00312891114
463182,463191,466527,9,3336,2,36000,1.00269784173
463197,463204,466409,7,3205,2,36000,1.00218408736
463199,463210,466313,11,3103,2,36000,1.00354495649
463230,463239,466569,9,3330,2,36000,1.0027027027
463252,463259,466465,7,3206,2,36000,1.00218340611
463316,463323,466341,7,3018,2,36000,1.00231941683
463317,463329,466529,12,3200,2,36000,1.00375
463466,463473,466690,7,3217,2,36000,1.00217594032
463488,463496,466775,8,3279,2,36000,1.00243976822
463543,463552,466719,9,3167,2,36000,1.00284180613
463577,463586,466755,9,3169,2,36000,1.00284001262
463773,463778,466883,5,3105,2,36000,1.00161030596
463899,463906,467101,7,3195,2,36000,1.00219092332
463914,463921,467241,7,3320,2,36000,1.00210843373
464007,464015,467256,8,3241,2,36000,1.00246837396
464043,464053,467352,10,3299,2,36000,1.00303122158
464163,464173,467353,10,3180,2,36000,1.00314465409
464165,464179,467444,14,3265,2,36000,1.00428790199
464180,464188,467462,8,3274,2,36000,1.0024434942
464413,464422,467731,9,3309,2,36000,1.00271985494
464566,464576,467879,10,3303,2,36000,1.00302755071
464658,464668,464674,10,6,16,7200,1.6
464660,464674,468074,14,3400,2,36000,1.00411764706
464765,464772,464774,7,2,16,7200,1.0
465035,465042,468195,7,3153,2,36000,1.00222010783
465066,465075,468188,9,3113,2,36000,1.00289110183
465242,465248,465266,6,18,16,7200,1.33333333333
465243,465254,468406,11,3152,2,36000,1.00348984772
465405,465415,468687,10,3272,2,36000,1.00305623472
465423,465433,468678,10,3245,2,36000,1.0030816641
465509,465519,468852,10,3333,2,36000,1.00300030003
465628,465635,468764,7,3129,2,36000,1.00223713647
465772,465782,469070,10,3288,2,36000,1.00304136253
465787,465793,468942,6,3149,2,36000,1.00190536678
465833,465843,468956,10,3113,2,36000,1.00321233537
465864,465874,469073,10,3199,2,36000,1.00312597687
465886,465895,469101,9,3206,2,36000,1.00280723643
465888,465900,469166,12,3266,2,36000,1.00367421923
465943,465951,469174,8,3223,2,36000,1.00248215948
465977,465985,469192,8,3207,2,36000,1.00249454319
466099,466105,466107,6,2,16,7200,1.0
466173,466183,469274,10,3091,2,36000,1.00323519896
466285,466291,466875,6,584,16,7200,1.0102739726
466315,466324,469441,9,3117,2,36000,1.00288739172
466343,466350,469653,7,3303,2,36000,1.0021192855
466345,466356,469534,11,3178,2,36000,1.00346129641
466369,466378,469568,9,3190,2,36000,1.00282131661
466412,466421,469682,9,3261,2,36000,1.0027598896
466468,466476,469754,8,3278,2,36000,1.00244051251
466530,466538,469713,8,3175,2,36000,1.00251968504
466531,466544,469836,13,3292,2,36000,1.00394896719
466572,466581,469802,9,3221,2,36000,1.0027941633
466692,466701,469985,9,3284,2,36000,1.00274056029
466720,466730,469886,10,3156,2,36000,1.00316856781
466757,466766,470102,9,3336,2,36000,1.00269784173
466779,466786,469999,7,3213,2,36000,1.00217864924
466882,466888,468814,6,1926,16,7200,1.0031152648
466888,466894,470139,6,3245,2,36000,1.00184899846
467103,467113,470399,10,3286,2,36000,1.00304321363
467243,467252,470451,9,3199,2,36000,1.00281337918
467258,467267,470543,9,3276,2,36000,1.00274725275
467354,467363,470647,9,3284,2,36000,1.00274056029
467355,467369,470594,14,3225,2,36000,1.00434108527
467448,467455,470863,7,3408,2,36000,1.00205399061
467464,467474,470768,10,3294,2,36000,1.00303582271
467732,467742,470895,10,3153,2,36000,1.00317158262
467882,467890,471046,8,3156,2,36000,1.00253485425
468076,468085,471348,9,3263,2,36000,1.00275819798
468188,468199,471386,11,3187,2,36000,1.00345152181
468204,468210,471384,6,3174,2,36000,1.00189035917
468409,468417,471634,8,3217,2,36000,1.00248678893
468681,468689,471869,8,3180,2,36000,1.00251572327
468696,468702,471850,6,3148,2,36000,1.00190597205
468766,468775,472002,9,3227,2,36000,1.00278896808
468855,468863,472154,8,3291,2,36000,1.00243087208
468944,468954,472160,10,3206,2,36000,1.00311915159
468960,468968,472340,8,3372,2,36000,1.00237247924
469073,469081,472325,8,3244,2,36000,1.00246609125
469074,469087,472364,13,3277,2,36000,1.00396704303
469105,469113,472393,8,3280,2,36000,1.00243902439
469167,469177,472310,10,3133,2,36000,1.00319182892
469182,469188,472325,6,3137,2,36000,1.0019126554
469197,469203,472422,6,3219,2,36000,1.0018639329
469277,469286,472613,9,3327,2,36000,1.00270513977
469445,469453,472636,8,3183,2,36000,1.00251335218
469536,469545,472693,9,3148,2,36000,1.00285895807
469570,469579,472800,9,3221,2,36000,1.0027941633
469657,469665,472943,8,3278,2,36000,1.00244051251
469685,469694,472882,9,3188,2,36000,1.00282308657
469716,469724,472897,8,3173,2,36000,1.00252127324
469755,469765,472990,10,3225,2,36000,1.00310077519
469805,469813,473167,8,3354,2,36000,1.00238521169
469838,469848,473036,10,3188,2,36000,1.00313676286
469882,469888,472900,6,3012,2,28800,1.00199203187
469887,469897,473132,10,3235,2,36000,1.00309119011
469989,469996,473194,7,3198,2,36000,1.00218886804
470004,470010,473282,6,3272,2,36000,1.00183374083
470105,470113,473264,8,3151,2,36000,1.00253887655
470142,470150,473425,8,3275,2,36000,1.00244274809
470401,470410,473564,9,3154,2,36000,1.00285351934
470453,470462,473712,9,3250,2,36000,1.00276923077
470460,470468,474982,8,4514,2,28800,1.00177226407
470545,470554,473642,9,3088,2,36000,1.00291450777
470597,470606,473906,9,3300,2,36000,1.00272727273
470649,470658,473720,9,3062,2,36000,1.00293925539
470771,470779,474013,8,3234,2,36000,1.00247371676
470866,470874,474236,8,3362,2,36000,1.00237953599
470896,470906,474039,10,3133,2,36000,1.00319182892
470912,470918,474428,6,3510,2,28800,1.00170940171
471046,471057,474202,11,3145,2,36000,1.00349761526
471350,471359,474530,9,3171,2,36000,1.00283822138
471387,471401,474547,14,3146,2,36000,1.00445009536
471388,471395,474610,7,3215,2,36000,1.00217729393
471404,471410,476939,6,5529,2,28800,1.00108518719
471636,471645,474845,9,3200,2,36000,1.0028125
471853,471861,475112,8,3251,2,36000,1.0024607813
471871,471881,475101,10,3220,2,36000,1.00310559006
472006,472013,475263,7,3250,2,36000,1.00215384615
472156,472165,475426,9,3261,2,36000,1.0027598896
472171,472177,475551,6,3374,2,36000,1.00177830468
472312,472321,475583,9,3262,2,36000,1.00275904353
472328,472350,475543,22,3193,2,36000,1.00689007203
472329,472355,475583,26,3228,2,36000,1.00805452292
472344,472361,475462,17,3101,2,36000,1.00548210255
472366,472376,475529,10,3153,2,36000,1.00317158262
472394,472404,475676,10,3272,2,36000,1.00305623472
472425,472433,475586,8,3153,2,36000,1.0025372661
472517,472523,483115,6,10592,16,43200,1.00056646526
472615,472625,475747,10,3122,2,36000,1.00320307495
472637,472647,475879,10,3232,2,36000,1.00309405941
472695,472705,475896,10,3191,2,36000,1.00313381385
472802,472811,476007,9,3196,2,36000,1.00281602003
472884,472893,476262,9,3369,2,36000,1.00267141585
472899,472908,476123,9,3215,2,36000,1.00279937792
472945,472954,476158,9,3204,2,36000,1.00280898876
472970,472976,473019,6,43,2,7200,1.13953488372
472991,473001,476251,10,3250,2,36000,1.00307692308
473040,473047,476190,7,3143,2,36000,1.00222717149
473074,473080,475663,6,2583,2,43200,1.00232288037
473134,473144,476370,10,3226,2,36000,1.00309981401
473169,473178,476374,9,3196,2,36000,1.00281602003
473197,473205,476415,8,3210,2,36000,1.00249221184
473267,473275,476458,8,3183,2,36000,1.00251335218
473286,473294,476400,8,3106,2,36000,1.00257566001
473426,473436,476739,10,3303,2,36000,1.00302755071
473565,473575,476791,10,3216,2,36000,1.00310945274
473644,473654,476868,10,3214,2,36000,1.00311138768
473715,473723,476973,8,3250,2,36000,1.00246153846
473730,473737,477069,7,3332,2,36000,1.00210084034
473909,473918,477085,9,3167,2,36000,1.00284180613
474014,474024,477091,10,3067,2,36000,1.00326051516
474042,474050,477147,8,3097,2,36000,1.00258314498
474203,474213,477466,10,3253,2,36000,1.00307408546
474240,474247,477573,7,3326,2,36000,1.00210463019
474387,474393,496532,6,22139,14,43200,1.00027101495
474533,474542,477880,9,3338,2,36000,1.00269622528
474548,474558,477733,10,3175,2,36000,1.0031496063
474613,474621,477874,8,3253,2,36000,1.00245926837
474772,474779,481686,7,6907,4,36000,1.0010134646
474777,474785,480684,8,5899,4,36000,1.00135616206
474846,474856,478169,10,3313,2,36000,1.00301841232
475103,475113,478456,10,3343,2,36000,1.00299132516
475252,475258,478529,6,3271,2,36000,1.00183430144
475267,475274,478354,7,3080,2,36000,1.00227272727
475427,475437,478635,10,3198,2,36000,1.00312695435
475464,475473,478674,9,3201,2,36000,1.00281162137
475531,475540,478730,9,3190,2,36000,1.00282131661
475547,475555,478638,8,3083,2,36000,1.00259487512
475562,475568,478761,6,3193,2,36000,1.00187911055
475587,475594,478807,7,3213,2,36000,1.00217864924
475588,475599,478769,11,3170,2,36000,1.00347003155
475590,475605,478837,15,3232,2,36000,1.00464108911
475679,475687,478949,8,3262,2,36000,1.00245248314
475713,475719,477930,6,2211,2,21600,1.00271370421
475750,475758,478958,8,3200,2,36000,1.0025
475882,475890,479151,8,3261,2,36000,1.0024532352
475897,475907,479038,10,3131,2,36000,1.00319386777
476011,476018,479326,7,3308,2,36000,1.00211608222
476125,476134,479402,9,3268,2,36000,1.00275397797
476162,476170,479442,8,3272,2,36000,1.00244498778
476193,476201,479390,8,3189,2,36000,1.00250862339
476254,476262,479598,8,3336,2,36000,1.00239808153
476269,476275,479322,6,3047,2,36000,1.00196914998
476374,476381,479367,7,2986,2,36000,1.00234427328
476389,476395,479621,6,3226,2,36000,1.00185988841
476405,476411,479525,6,3114,2,36000,1.00192678227
476421,476426,479630,5,3204,2,36000,1.00156054931
476461,476469,479671,8,3202,2,36000,1.00249843848
476740,476750,480080,10,3330,2,36000,1.003003003
476792,476802,480102,10,3300,2,36000,1.00303030303
476870,476879,480052,9,3173,2,36000,1.0028364324
476974,476985,480247,11,3262,2,36000,1.00337216432
477071,477080,480323,9,3243,2,36000,1.00277520814
477087,477097,480383,10,3286,2,36000,1.00304321363
477102,477109,480374,7,3265,2,36000,1.002143951
477148,477159,480262,11,3103,2,36000,1.00354495649
477296,477302,504001,6,26699,14,43200,1.00022472752
477470,477478,480830,8,3352,2,36000,1.00238663484
477575,477584,480756,9,3172,2,36000,1.00283732661
477580,477590,477592,10,2,1,600,1.2
477737,477744,480852,7,3108,2,36000,1.00225225225
477875,477886,481157,11,3271,2,36000,1.00336288597
477891,477897,481163,6,3266,2,36000,1.00183710961
478119,478124,478456,5,332,1,7200,1.01506024096
478171,478181,481397,10,3216,2,36000,1.00310945274
478357,478365,481573,8,3208,2,36000,1.00249376559
478461,478467,481604,6,3137,2,36000,1.0019126554
478532,478541,481782,9,3241,2,36000,1.0027769207
478544,478550,479666,6,1116,1,180000,1.00537634409
478550,478556,479642,6,1086,1,180000,1.00552486188
478553,478562,481291,9,2729,1,180000,1.00329791132
478557,478568,481451,11,2883,1,180000,1.00381547
478563,478574,481763,11,3189,1,180000,1.00344935717
478637,478646,481824,9,3178,2,36000,1.00283196979
478652,478658,481954,6,3296,2,36000,1.00182038835
478677,478685,481715,8,3030,2,36000,1.00264026403
478732,478741,482035,9,3294,2,36000,1.00273224044
478763,478772,481950,9,3178,2,36000,1.00283196979
478778,478784,482032,6,3248,2,36000,1.00184729064
478809,478818,482029,9,3211,2,36000,1.00280286515
478840,478848,482010,8,3162,2,36000,1.00253004428
478950,478960,482151,10,3191,2,36000,1.00313381385
478966,478972,482265,6,3293,2,36000,1.00182204677
479042,479050,482292,8,3242,2,36000,1.00246761258
479152,479162,482348,10,3186,2,36000,1.00313873195
479323,479333,482405,10,3072,2,36000,1.00325520833
479338,479344,482558,6,3214,2,36000,1.00186683261
479369,479378,482667,9,3289,2,36000,1.00273639404
479391,479401,482537,10,3136,2,36000,1.00318877551
479407,479413,482617,6,3204,2,36000,1.00187265918
479444,479453,482743,9,3290,2,36000,1.00273556231
479527,479536,482831,9,3295,2,36000,1.00273141123
479601,479609,482935,8,3326,2,36000,1.00240529164
479623,479632,482821,9,3189,2,36000,1.00282220132
479639,479645,482931,6,3286,2,36000,1.00182592818
479673,479683,483012,10,3329,2,36000,1.00300390508
480055,480064,483263,9,3199,2,36000,1.00281337918
480083,480091,483299,8,3208,2,36000,1.00249376559
480104,480114,483327,10,3213,2,36000,1.00311235605
480120,480127,480168,7,41,2,7200,1.17073170732
480252,480259,483487,7,3228,2,36000,1.0021685254
480267,480273,483506,6,3233,2,36000,1.00185586143
480325,480334,483589,9,3255,2,36000,1.00276497696
480378,480386,483645,8,3259,2,36000,1.00245474072
480393,480399,483614,6,3215,2,36000,1.00186625194
480760,480767,483979,7,3212,2,36000,1.00217932752
480831,480841,484060,10,3219,2,36000,1.00310655483
480856,480863,484033,7,3170,2,36000,1.00220820189
481159,481168,484342,9,3174,2,36000,1.00283553875
481174,481180,484479,6,3299,2,36000,1.00181873295
481378,481384,482522,6,1138,1,7200,1.00527240773
481400,481408,484588,8,3180,2,36000,1.00251572327
481576,481584,484767,8,3183,2,36000,1.00251335218
481607,481615,485005,8,3390,2,36000,1.00235988201
481704,481710,484334,6,2624,2,21600,1.00228658537
481717,481726,485018,9,3292,2,36000,1.00273390036
481781,481787,481793,6,6,4,36000,1.2
481784,481793,484931,9,3138,2,36000,1.00286806883
481828,481835,484941,7,3106,2,36000,1.00225370251
481840,481846,484809,6,2963,4,36000,1.00202497469
481904,481911,482546,7,635,1,600,1.01102362205
481954,481961,485251,7,3290,2,36000,1.00212765957
481969,481976,485308,7,3332,2,36000,1.00210084034
482012,482022,485182,10,3160,2,36000,1.00316455696
482031,482040,485225,9,3185,2,36000,1.00282574568
482047,482053,485356,6,3303,2,36000,1.00181653043
482049,482059,485177,10,3118,2,36000,1.00320718409
482152,482162,485346,10,3184,2,36000,1.00314070352
482224,482230,482792,6,562,4,36000,1.01067615658
482269,482277,485481,8,3204,2,36000,1.0024968789
482294,482303,485559,9,3256,2,36000,1.00276412776
482349,482359,485558,10,3199,2,36000,1.00312597687
482407,482416,485579,9,3163,2,36000,1.00284539994
482538,482548,485830,10,3282,2,36000,1.00304692261
482560,482569,485743,9,3174,2,36000,1.00283553875
482618,482628,485741,10,3113,2,36000,1.00321233537
482670,482678,485892,8,3214,2,36000,1.00248911014
482746,482754,485923,8,3169,2,36000,1.00252445566
482822,482832,486036,10,3204,2,36000,1.00312109863
482838,482844,486044,6,3200,2,36000,1.001875
482843,482850,485468,7,2618,4,36000,1.00267379679
482933,482942,486102,9,3160,2,36000,1.00284810127
482948,482954,486297,6,3343,2,36000,1.00179479509
483015,483023,486300,8,3277,2,36000,1.00244125725
483095,483101,509463,6,26362,2,43200,1.00022760033
483265,483275,486610,10,3335,2,36000,1.00299850075
483302,483310,486575,8,3265,2,36000,1.00245022971
483330,483338,486594,8,3256,2,36000,1.00245700246
483489,483498,486667,9,3169,2,36000,1.00284001262
483510,483517,486741,7,3224,2,36000,1.00217121588
483593,483601,486999,8,3398,2,36000,1.00235432607
483618,483625,486861,7,3236,2,36000,1.0021631644
483648,483656,486906,8,3250,2,36000,1.00246153846
483654,483662,483663,8,1,1,3600,1.0
483980,483991,487131,11,3140,2,36000,1.00350318471
484012,484018,484045,6,27,1,3600,1.22222222222
484036,484044,487227,8,3183,2,36000,1.00251335218
484064,484072,487205,8,3133,2,36000,1.00255346313
484277,484283,485342,6,1059,2,21600,1.00566572238
484343,484353,487363,10,3010,2,36000,1.00332225914
484480,484490,487828,10,3338,2,36000,1.00299580587
484590,484600,487958,10,3358,2,36000,1.00297796307
484769,484778,488019,9,3241,2,36000,1.0027769207
484934,484943,488286,9,3343,2,36000,1.00269219264
484949,484956,488105,7,3149,2,36000,1.00222292791
485008,485016,488332,8,3316,2,36000,1.00241254524
485023,485029,488386,6,3357,2,36000,1.0017873101
485180,485188,488430,8,3242,2,36000,1.00246761258
485181,485194,488395,13,3201,2,36000,1.00406123087
485227,485236,488492,9,3256,2,36000,1.00276412776
485252,485262,488436,10,3174,2,36000,1.00315059861
485310,485319,488500,9,3181,2,36000,1.00282929896
485347,485357,488651,10,3294,2,36000,1.00303582271
485362,485369,488607,7,3238,2,36000,1.00216182829
485482,485493,488726,11,3233,2,36000,1.00340241262
485490,485499,512791,9,27292,1,180000,1.00032976696
485522,485528,546772,6,61244,1,180000,1.00009796878
485533,485539,485555,6,16,1,180000,1.375
485559,485575,488919,16,3344,2,36000,1.004784689
485561,485569,488758,8,3189,2,36000,1.00250862339
485582,485591,488834,9,3243,2,36000,1.00277520814
485641,485647,493144,6,7497,1,180000,1.00080032013
485744,485752,488934,8,3182,2,36000,1.00251414205
485746,485758,488923,12,3165,2,36000,1.00379146919
485832,485841,489187,9,3346,2,36000,1.00268977884
485896,485904,489093,8,3189,2,36000,1.00250862339
485927,485935,489170,8,3235,2,36000,1.00247295209
486040,486048,489372,8,3324,2,36000,1.00240673887
486055,486061,489349,6,3288,2,36000,1.00182481752
486104,486113,489236,9,3123,2,36000,1.00288184438
486230,486236,545875,6,59639,1,180000,1.00010060531
486299,486308,489618,9,3310,2,36000,1.00271903323
486315,486321,489424,6,3103,2,36000,1.00193361263
486492,486498,486755,6,257,1,3600,1.0233463035
486578,486586,489769,8,3183,2,36000,1.00251335218
486597,486605,489798,8,3193,2,36000,1.00250548074
486610,486617,519003,7,32386,1,180000,1.00021614278
486612,486623,489827,11,3204,2,36000,1.00343320849
486670,486679,490006,9,3327,2,36000,1.00270513977
486725,486731,513080,6,26349,1,180000,1.00022771263
486744,486756,489898,12,3142,2,36000,1.00381922342
486810,486816,518241,6,31425,1,180000,1.00019093079
486829,486836,514016,7,27180,1,180000,1.00025754231
486833,486842,502176,9,15334,1,180000,1.000586931
486862,486872,490079,10,3207,2,36000,1.00311817898
486909,486918,489999,9,3081,2,36000,1.0029211295
487000,487010,490034,10,3024,2,36000,1.00330687831
487135,487143,490366,8,3223,2,36000,1.00248215948
487187,487193,487195,6,2,1,345600,1.0
487208,487216,490421,8,3205,2,36000,1.00249609984
487230,487239,490374,9,3135,2,36000,1.0028708134
487365,487374,490579,9,3205,2,36000,1.00280811232
487395,487401,487430,6,29,1,3600,1.20689655172
487427,487433,503646,6,16213,1,180000,1.0003700734
487449,487456,641651,7,154195,1,216000,1.00004539706
487523,487529,487537,6,8,4,36000,1.4
487529,487535,487542,6,7,4,36000,1.3
487612,487618,487722,6,104,1,216000,1.05769230769
487793,487799,642668,6,154869,1,216000,1.00003874242
487831,487840,491133,9,3293,2,36000,1.00273307015
487960,487966,643726,6,155760,1,216000,1.0000385208
487962,487972,491289,10,3317,2,36000,1.00301477238
487966,487977,491072,11,3095,4,36000,1.00355411955
487980,487986,499073,6,11087,2,36000,1.00054117435
487993,487999,490992,6,2993,4,36000,1.00200467758
488004,488010,488011,6,1,1,180000,1.0
488020,488031,491298,11,3267,2,36000,1.00336700337
488109,488116,491337,7,3221,2,36000,1.00217323812
488289,488297,491548,8,3251,2,36000,1.0024607813
488335,488344,491655,9,3311,2,36000,1.00271821202
488387,488397,491548,10,3151,2,36000,1.00317359568
488403,488409,491620,6,3211,2,36000,1.00186857677
488433,488442,491762,9,3320,2,36000,1.00271084337
488449,488455,491631,6,3176,2,36000,1.00188916877
488494,488503,491662,9,3159,2,36000,1.00284900285
488510,488516,491808,6,3292,2,36000,1.00182260024
488610,488618,491716,8,3098,2,36000,1.00258231117
488654,488662,491866,8,3204,2,36000,1.0024968789
488727,488737,492068,10,3331,2,36000,1.00300210147
488761,488769,491944,8,3175,2,36000,1.00251968504
488837,488845,492028,8,3183,2,36000,1.00251335218
488923,488931,492223,8,3292,2,36000,1.00243013366
488939,488945,492099,6,3154,2,36000,1.00190234623
488940,488951,492189,11,3238,2,36000,1.00339715874
488969,488975,504841,6,15866,2,36000,1.00037816715
489097,489104,492238,7,3134,2,36000,1.00223356733
489173,489181,492419,8,3238,2,36000,1.0024706609
489189,489199,492523,10,3324,2,36000,1.00300842359
489238,489248,492374,10,3126,2,36000,1.00319897633
489352,489360,492552,8,3192,2,36000,1.00250626566
489376,489383,492441,7,3058,2,36000,1.00228907783
489425,489435,492810,10,3375,2,36000,1.00296296296
489622,489630,492768,8,3138,2,36000,1.00254939452
489771,489780,492892,9,3112,2,36000,1.00289203085
489799,489809,493038,10,3229,2,36000,1.00309693404
489830,489838,492951,8,3113,2,36000,1.00256986829
489900,489909,493151,9,3242,2,36000,1.00277606416
490001,490010,493100,9,3090,2,36000,1.00291262136
490017,490023,493170,6,3147,2,36000,1.00190657769
490035,490045,493135,10,3090,2,36000,1.00323624595
490081,490091,493178,10,3087,2,36000,1.00323939099
490317,490323,501076,6,10753,2,36000,1.00055798382
490368,490377,493414,9,3037,2,36000,1.00296345077
490383,490389,493656,6,3267,2,36000,1.00183654729
490423,490432,493796,9,3364,2,36000,1.00267538644
490580,490590,493855,10,3265,2,36000,1.00306278714
490724,490730,501375,6,10645,2,36000,1.0005636449
491137,491144,494421,7,3277,2,36000,1.00213610009
491293,491300,494396,7,3096,2,36000,1.00226098191
491308,491314,494563,6,3249,2,36000,1.00184672207
491339,491348,494610,9,3262,2,36000,1.00275904353
491551,491619,494736,68,3117,2,36000,1.02181584857
491552,491624,494929,72,3305,2,36000,1.02178517398
491623,491631,494941,8,3310,2,36000,1.00241691843
491638,491644,494924,6,3280,2,36000,1.00182926829
491656,491666,494864,10,3198,2,36000,1.00312695435
491672,491678,494867,6,3189,2,36000,1.00188146754
491718,491727,495053,9,3326,2,36000,1.0027059531
491764,491773,495121,9,3348,2,36000,1.00268817204
491810,491820,494939,10,3119,2,36000,1.00320615582
491868,491877,495184,9,3307,2,36000,1.00272149985
491945,491955,495111,10,3156,2,36000,1.00316856781
492030,492040,495367,10,3327,2,36000,1.00300571085
492070,492079,495272,9,3193,2,36000,1.00281866583
492101,492112,495331,11,3219,2,36000,1.00341721031
492190,492200,495362,10,3162,2,36000,1.00316255534
492224,492234,495470,10,3236,2,36000,1.00309023486
492240,492249,495490,9,3241,2,36000,1.0027769207
492378,492386,495624,8,3238,2,36000,1.0024706609
492420,492430,495564,10,3134,2,36000,1.00319081047
492445,492453,495706,8,3253,2,36000,1.00245926837
492525,492534,495809,9,3275,2,36000,1.0027480916
492556,492563,495831,7,3268,2,36000,1.00214198286
492770,492780,495862,10,3082,2,36000,1.00324464633
492814,492821,496077,7,3256,2,36000,1.00214987715
492894,492903,496078,9,3175,2,36000,1.00283464567
492955,492962,496347,7,3385,2,36000,1.00206794682
493040,493051,496298,11,3247,2,36000,1.00338774253
493101,493111,496300,10,3189,2,36000,1.00313577924
493138,493147,496500,9,3353,2,36000,1.00268416344
493154,493162,496361,8,3199,2,36000,1.00250078149
493172,493181,496296,9,3115,2,36000,1.00288924559
493188,493194,496250,6,3056,2,36000,1.00196335079
493414,493425,496598,11,3173,2,36000,1.00346675071
493659,493667,496840,8,3173,2,36000,1.00252127324
493800,493807,496972,7,3165,2,36000,1.00221169036
493858,493866,497069,8,3203,2,36000,1.00249765845
494046,494052,494057,6,5,15,36000,1.1
494211,494217,498760,6,4543,1,7200,1.00132071319
494398,494407,497623,9,3216,2,36000,1.00279850746
494423,494432,497666,9,3234,2,36000,1.00278293135
494564,494574,497882,10,3308,2,36000,1.00302297461
494613,494621,497798,8,3177,2,36000,1.00251809884
494669,494676,494681,7,5,15,36000,1.2
494739,494747,497993,8,3246,2,36000,1.00246457178
494867,494875,498190,8,3315,2,36000,1.002413273
494869,494881,498156,12,3275,2,36000,1.00366412214
494928,494935,498331,7,3396,2,36000,1.00206124853
494944,494950,498181,6,3231,2,36000,1.00185701021
494945,494956,498160,11,3204,2,36000,1.00343320849
494946,494961,498056,15,3095,2,36000,1.00484652666
495057,495064,498345,7,3281,2,36000,1.00213349589
495099,495105,495109,6,4,15,36000,1.0
495115,495123,498314,8,3191,2,36000,1.00250705108
495130,495136,498381,6,3245,2,36000,1.00184899846
495185,495195,498450,10,3255,2,36000,1.00307219662
495223,495229,507570,6,12341,15,36000,1.00048618426
495274,495283,498666,9,3383,2,36000,1.00266036063
495333,495342,498626,9,3284,2,36000,1.00274056029
495363,495373,498540,10,3167,2,36000,1.00315756236
495379,495385,498536,6,3151,2,36000,1.00190415741
495474,495481,498586,7,3105,2,36000,1.00225442834
495492,495501,498703,9,3202,2,36000,1.00281074329
495565,495575,498854,10,3279,2,36000,1.00304971028
495627,495635,498879,8,3244,2,36000,1.00246609125
495710,495717,498984,7,3267,2,36000,1.00214263851
495811,495821,499118,10,3297,2,36000,1.00303306036
495832,495842,499083,10,3241,2,36000,1.00308546745
495866,495874,499103,8,3229,2,36000,1.00247754723
496080,496088,499333,8,3245,2,36000,1.00246533128
496081,496094,499314,13,3220,2,36000,1.00403726708
496252,496262,499468,10,3206,2,36000,1.00311915159
496298,496307,499588,9,3281,2,36000,1.00274306614
496300,496313,499539,13,3226,2,36000,1.00402975821
496315,496322,499679,7,3357,2,36000,1.00208519511
496349,496358,499492,9,3134,2,36000,1.00287172942
496365,496372,499650,7,3278,2,36000,1.00213544844
496502,496511,499651,9,3140,2,36000,1.00286624204
496600,496609,499892,9,3283,2,36000,1.00274139507
496841,496851,500083,10,3232,2,36000,1.00309405941
496975,496984,500159,9,3175,2,36000,1.00283464567
497071,497081,500139,10,3058,2,36000,1.00327011118
497626,497634,500835,8,3201,2,36000,1.00249921899
497669,497677,500848,8,3171,2,36000,1.00252286345
497800,497809,501107,9,3298,2,36000,1.00272892662
497885,497894,500966,9,3072,2,36000,1.0029296875
497995,498004,501318,9,3314,2,36000,1.00271575136
498059,498067,501280,8,3213,2,36000,1.00248988484
498157,498167,501472,10,3305,2,36000,1.00302571861
498173,498179,501373,6,3194,2,36000,1.00187852223
498188,498194,501314,6,3120,2,36000,1.00192307692
498204,498210,501452,6,3242,2,36000,1.00185070944
498317,498326,501669,9,3343,2,36000,1.00269219264
498332,498342,501497,10,3155,2,36000,1.00316957211
498348,498357,501546,9,3189,2,36000,1.00282220132
498385,498393,501541,8,3148,2,36000,1.00254129606
498452,498462,501478,10,3016,2,36000,1.00331564987
498538,498548,501777,10,3229,2,36000,1.00309693404
498554,498560,501830,6,3270,2,36000,1.00183486239
498588,498597,501738,9,3141,2,36000,1.00286532951
498628,498637,501845,9,3208,2,36000,1.00280548628
498668,498677,501911,9,3234,2,36000,1.00278293135
498705,498714,501816,9,3102,2,36000,1.00290135397
498857,498865,502032,8,3167,2,36000,1.00252604989
498882,498890,502180,8,3290,2,36000,1.00243161094
498986,498995,502106,9,3111,2,36000,1.00289296046
499084,499094,502413,10,3319,2,36000,1.00301295571
499106,499114,502267,8,3153,2,36000,1.0025372661
499122,499129,502104,7,2975,2,36000,1.00235294118
499317,499326,502495,9,3169,2,36000,1.00284001262
499336,499344,502734,8,3390,2,36000,1.00235988201
499470,499479,502616,9,3137,2,36000,1.0028689831
499495,499504,502925,9,3421,2,36000,1.0026308097
499541,499551,502988,10,3437,2,36000,1.00290951411
499590,499599,502769,9,3170,2,36000,1.00283911672
499652,499667,502858,15,3191,2,36000,1.00470072078
499653,499661,502785,8,3124,2,36000,1.00256081946
499681,499690,502874,9,3184,2,36000,1.00282663317
499894,499904,503043,10,3139,2,36000,1.00318572794
500086,500094,503254,8,3160,2,36000,1.00253164557
500141,500150,503385,9,3235,2,36000,1.0027820711
500163,500170,503395,7,3225,2,36000,1.00217054264
500838,500846,504156,8,3310,2,36000,1.00241691843
500854,500859,503988,5,3129,2,36000,1.00159795462
500969,500977,503979,8,3002,2,36000,1.00266489007
501109,501118,504123,9,3005,2,36000,1.00299500832
501283,501291,504459,8,3168,2,36000,1.00252525253
501317,501325,504577,8,3252,2,36000,1.0024600246
501332,501338,504563,6,3225,2,36000,1.00186046512
501375,501384,504581,9,3197,2,36000,1.00281513919
501455,501463,504794,8,3331,2,36000,1.00240168118
501474,501483,504673,9,3190,2,36000,1.00282131661
501490,501496,504785,6,3289,2,36000,1.00182426269
501505,501511,504776,6,3265,2,36000,1.00183767228
501542,501553,504715,11,3162,2,36000,1.00347881088
501558,501564,504797,6,3233,2,36000,1.00185586143
501672,501680,504842,8,3162,2,36000,1.00253004428
501718,501725,505853,7,4128,15,36000,1.00169573643
501739,501749,504905,10,3156,2,36000,1.00316856781
501779,501788,504973,9,3185,2,36000,1.00282574568
501820,501828,505026,8,3198,2,36000,1.00250156348
501835,501841,505043,6,3202,2,36000,1.00187382886
501850,501856,504968,6,3112,2,36000,1.00192802057
501912,501922,505164,10,3242,2,36000,1.00308451573
502033,502044,505185,11,3141,2,36000,1.0035020694
502107,502115,505263,8,3148,2,36000,1.00254129606
502108,502121,505224,13,3103,2,36000,1.00418949404
502182,502191,505482,9,3291,2,36000,1.00273473108
502268,502278,505434,10,3156,2,36000,1.00316856781
502412,502425,505574,13,3149,2,36000,1.0041282947
502498,502506,505699,8,3193,2,36000,1.00250548074
502617,502627,505817,10,3190,2,36000,1.00313479624
502736,502745,506108,9,3363,2,36000,1.00267618198
502770,502780,506001,10,3221,2,36000,1.00310462589
502789,502796,506052,7,3256,2,36000,1.00214987715
502862,502870,506123,8,3253,2,36000,1.00245926837
502877,502885,505964,8,3079,2,36000,1.00259824618
502926,502936,506221,10,3285,2,36000,1.00304414003
502990,502999,506155,9,3156,2,36000,1.00285171103
503045,503055,506285,10,3230,2,36000,1.00309597523
503255,503265,506530,10,3265,2,36000,1.00306278714
503387,503396,506626,9,3230,2,36000,1.00278637771
503402,503408,506611,6,3203,2,36000,1.00187324383
503982,503990,507252,8,3262,2,36000,1.00245248314
503997,504004,507250,7,3246,2,36000,1.00215650031
504126,504135,507225,9,3090,2,36000,1.00291262136
504160,504168,507314,8,3146,2,36000,1.00254291163
504461,504470,507731,9,3261,2,36000,1.0027598896
504564,504574,507880,10,3306,2,36000,1.00302480339
504580,504588,507790,8,3202,2,36000,1.00249843848
504595,504601,507746,6,3145,2,36000,1.00190779014
504675,504685,507870,10,3185,2,36000,1.00313971743
504718,504726,507987,8,3261,2,36000,1.0024532352
504779,504787,508022,8,3235,2,36000,1.00247295209
504795,504801,508079,6,3278,2,36000,1.00183038438
504796,504807,507982,11,3175,2,36000,1.00346456693
504812,504818,508085,6,3267,2,36000,1.00183654729
504843,504852,508091,9,3239,2,36000,1.00277863538
504907,504916,508200,9,3284,2,36000,1.00274056029
504965,504979,508143,14,3164,2,36000,1.00442477876
504981,504987,508214,6,3227,2,36000,1.00185931205
505027,505037,508175,10,3138,2,36000,1.00318674315
505046,505054,508233,8,3179,2,36000,1.00251651463
505166,505175,508508,9,3333,2,36000,1.00270027003
505187,505196,508401,9,3205,2,36000,1.00280811232
505227,505235,508525,8,3290,2,36000,1.00243161094
505264,505274,508485,10,3211,2,36000,1.00311429461
505436,505445,508687,9,3242,2,36000,1.00277606416
505485,505493,508694,8,3201,2,36000,1.00249921899
505514,505521,505522,7,1,2,3540,1.0
505577,505585,508734,8,3149,2,36000,1.00254048904
505702,505710,509033,8,3323,2,36000,1.00240746314
505819,505828,508997,9,3169,2,36000,1.00284001262
505965,505975,509263,10,3288,2,36000,1.00304136253
506005,506012,509150,7,3138,2,36000,1.0022307202
506054,506064,509371,10,3307,2,36000,1.00302388872
506109,506119,509352,10,3233,2,36000,1.00309310238
506125,506134,509374,9,3240,2,36000,1.00277777778
506159,506166,509518,7,3352,2,36000,1.00208830549
506223,506232,509578,9,3346,2,36000,1.00268977884
506287,506296,509465,9,3169,2,36000,1.00284001262
506534,506542,509836,8,3294,2,36000,1.00242865817
506613,506623,509826,10,3203,2,36000,1.00312207306
506629,506638,509867,9,3229,2,36000,1.00278724063
506888,506894,513207,6,6313,15,36000,1.00095041977
507229,507237,510535,8,3298,2,36000,1.00242571255
507254,507261,510524,7,3263,2,36000,1.00214526509
507255,507267,510605,12,3338,2,36000,1.00359496705
507317,507326,510502,9,3176,2,36000,1.00283375315
507733,507742,510837,9,3095,2,36000,1.00290791599
507748,507759,511015,11,3256,2,36000,1.00337837838
507791,507801,511077,10,3276,2,36000,1.00305250305
507871,507881,511119,10,3238,2,36000,1.00308832613
507886,507893,511099,7,3206,2,36000,1.00218340611
507984,507994,511210,10,3216,2,36000,1.00310945274
508000,508006,511321,6,3315,2,36000,1.00180995475
508024,508033,511314,9,3281,2,36000,1.00274306614
508080,508091,511259,11,3168,2,36000,1.00347222222
508096,508102,511281,6,3179,2,36000,1.00188738597
508098,508108,511332,10,3224,2,36000,1.00310173697
508147,508154,511364,7,3210,2,36000,1.00218068536
508178,508186,511352,8,3166,2,36000,1.00252684776
508203,508211,511571,8,3360,2,36000,1.00238095238
508218,508224,511366,6,3142,2,36000,1.00190961171
508237,508244,511537,7,3293,2,36000,1.00212572123
508405,508412,511621,7,3209,2,36000,1.00218136491
508487,508496,511680,9,3184,2,36000,1.00282663317
508509,508519,511804,10,3285,2,36000,1.00304414003
508528,508536,511711,8,3175,2,36000,1.00251968504
508690,508698,511866,8,3168,2,36000,1.00252525253
508706,508712,511876,6,3164,2,36000,1.00189633375
508737,508745,511931,8,3186,2,36000,1.00251098556
508999,509009,512319,10,3310,2,36000,1.00302114804
509035,509044,512350,9,3306,2,36000,1.00272232305
509154,509162,512368,8,3206,2,36000,1.00249532127
509264,509274,512478,10,3204,2,36000,1.00312109863
509353,509363,512649,10,3286,2,36000,1.00304321363
509372,509382,512698,10,3316,2,36000,1.00301568154
509388,509394,512636,6,3242,2,36000,1.00185070944
509467,509476,512719,9,3243,2,36000,1.00277520814
509520,509529,512712,9,3183,2,36000,1.00282752121
509581,509589,512832,8,3243,2,36000,1.00246685168
509829,509837,513053,8,3216,2,36000,1.00248756219
509844,509850,513067,6,3217,2,36000,1.0018650917
509869,509878,513042,9,3164,2,36000,1.00284450063
510503,510513,513700,10,3187,2,36000,1.0031377471
510525,510535,513726,10,3191,2,36000,1.00313381385
510541,510547,513734,6,3187,2,36000,1.00188264826
510608,510617,513947,9,3330,2,36000,1.0027027027
510838,510848,514015,10,3167,2,36000,1.00315756236
510965,510971,799005,6,288034,8,288000,1.00002083087
511018,511027,514110,9,3083,2,36000,1.00291923451
511079,511088,514272,9,3184,2,36000,1.00282663317
511099,511105,806345,6,295240,8,295200,1.00002032245
511100,511111,514386,11,3275,2,36000,1.00335877863
511122,511130,514301,8,3171,2,36000,1.00252286345
511191,511197,785209,6,274012,8,295200,1.00002189685
511213,511221,514432,8,3211,2,36000,1.00249143569
511263,511270,514599,7,3329,2,36000,1.00210273355
511284,511292,514637,8,3345,2,36000,1.0023916293
511298,511304,806526,6,295222,8,295200,1.00002032369
511318,511325,514499,7,3174,2,36000,1.00220541903
511334,511340,514513,6,3173,2,36000,1.00189095493
511336,511346,514435,10,3089,2,36000,1.00323729362
511354,511363,514566,9,3203,2,36000,1.00280986575
511370,511376,514574,6,3198,2,36000,1.00187617261
511371,511382,514788,11,3406,2,36000,1.00322959483
511375,511387,806619,12,295232,8,295200,1.000040646
511539,511549,514743,10,3194,2,36000,1.00313087038
511573,511582,514829,9,3247,2,36000,1.00277178934
511622,511632,514707,10,3075,2,36000,1.00325203252
511681,511691,515058,10,3367,2,36000,1.00297000297
511715,511722,514872,7,3150,2,36000,1.00222222222
511807,511816,515104,9,3288,2,36000,1.00273722628
511868,511877,514834,9,2957,2,36000,1.0030436253
511884,511890,515157,6,3267,2,36000,1.00183654729
511933,511943,515130,10,3187,2,36000,1.0031377471
512323,512331,515488,8,3157,2,36000,1.00253405131
512351,512361,515772,10,3411,2,36000,1.00293169159
512369,512379,515613,10,3234,2,36000,1.00309214595
512480,512489,515714,9,3225,2,36000,1.00279069767
512638,512647,516020,9,3373,2,36000,1.00266824785
512653,512660,515805,7,3145,2,36000,1.00222575517
512699,512709,515883,10,3174,2,36000,1.00315059861
512715,512723,516069,8,3346,2,36000,1.00239091452
512730,512736,515949,6,3213,2,36000,1.00186741363
512834,512843,516019,9,3176,2,36000,1.00283375315
513045,513053,516300,8,3247,2,36000,1.00246381275
513060,513067,516271,7,3204,2,36000,1.00218476904
513076,513082,516310,6,3228,2,36000,1.00185873606
513700,513706,519759,6,6053,15,36000,1.00099124401
513702,513712,516994,10,3282,2,36000,1.00304692261
513730,513737,516934,7,3197,2,36000,1.00218955271
513745,513751,516975,6,3224,2,36000,1.00186104218
513949,513958,517213,9,3255,2,36000,1.00276497696
514017,514027,517347,10,3320,2,36000,1.00301204819
514112,514121,517271,9,3150,2,36000,1.00285714286
514273,514283,517426,10,3143,2,36000,1.00318167356
514304,514312,517537,8,3225,2,36000,1.00248062016
514389,514397,517760,8,3363,2,36000,1.00237882843
514436,514443,517660,7,3217,2,36000,1.00217594032
514437,514449,517624,12,3175,2,36000,1.00377952756
514502,514511,517780,9,3269,2,36000,1.00275313552
514517,514524,517886,7,3362,2,36000,1.00208209399
514570,514577,517762,7,3185,2,36000,1.0021978022
514585,514591,517760,6,3169,2,36000,1.00189334175
514600,514610,517789,10,3179,2,36000,1.00314564328
514641,514648,517817,7,3169,2,36000,1.00220889871
514708,514718,518042,10,3324,2,36000,1.00300842359
514745,514755,518041,10,3286,2,36000,1.00304321363
514791,514799,518151,8,3352,2,36000,1.00238663484
514831,514840,517964,9,3124,2,36000,1.0028809219
514846,514852,518052,6,3200,2,36000,1.001875
514874,514883,518268,9,3385,2,36000,1.00265878877
515060,515069,518252,9,3183,2,36000,1.00282752121
515107,515115,518232,8,3117,2,36000,1.00256657042
515134,515142,518326,8,3184,2,36000,1.00251256281
515159,515168,518426,9,3258,2,36000,1.00276243094
515492,515500,518491,8,2991,2,36000,1.00267469074
515617,515624,518807,7,3183,2,36000,1.00219918316
515715,515725,518855,10,3130,2,36000,1.00319488818
515776,515784,518973,8,3189,2,36000,1.00250862339
515807,515816,518846,9,3030,2,36000,1.00297029703
515886,515894,519088,8,3194,2,36000,1.00250469631
515951,515960,519249,9,3289,2,36000,1.00273639404
516010,516016,516017,6,1,2,3540,1.0
516022,516030,519180,8,3150,2,36000,1.00253968254
516023,516036,519216,13,3180,2,36000,1.00408805031
516072,516080,519348,8,3268,2,36000,1.00244798042
516273,516282,519576,9,3294,2,36000,1.00273224044
516302,516311,519566,9,3255,2,36000,1.00276497696
516317,516323,519520,6,3197,2,36000,1.00187675946
516936,516945,520297,9,3352,2,36000,1.0026849642
516976,516986,520132,10,3146,2,36000,1.00317863954
516998,517005,520138,7,3133,2,36000,1.00223428024
517216,517224,520286,8,3062,2,36000,1.00261267146
517274,517282,520612,8,3330,2,36000,1.0024024024
517351,517358,520623,7,3265,2,36000,1.002143951
517427,517437,520662,10,3225,2,36000,1.00310077519
517540,517548,520722,8,3174,2,36000,1.00252047889
517627,517635,520837,8,3202,2,36000,1.00249843848
517664,517671,520742,7,3071,2,36000,1.00227938782
517762,517771,521088,9,3317,2,36000,1.00271329515
517763,517776,520976,13,3200,2,36000,1.0040625
517764,517782,520992,18,3210,2,36000,1.00560747664
517783,517792,520946,9,3154,2,36000,1.00285351934
517799,517805,521005,6,3200,2,36000,1.001875
517821,517828,521054,7,3226,2,36000,1.00216986981
517888,517897,521218,9,3321,2,36000,1.0027100271
517965,517975,521309,10,3334,2,36000,1.00299940012
518045,518053,521270,8,3217,2,36000,1.00248678893
518046,518058,521418,12,3360,2,36000,1.00357142857
518062,518068,521380,6,3312,2,36000,1.0018115942
518154,518162,521504,8,3342,2,36000,1.00239377618
518234,518244,521439,10,3195,2,36000,1.00312989045
518256,518264,521368,8,3104,2,36000,1.00257731959
518271,518280,521496,9,3216,2,36000,1.00279850746
518330,518338,521516,8,3178,2,36000,1.00251730648
518428,518437,521632,9,3195,2,36000,1.00281690141
518493,518502,521734,9,3232,2,36000,1.00278465347
518810,518818,522097,8,3279,2,36000,1.00243976822
518849,518858,522106,9,3248,2,36000,1.00277093596
518865,518871,522031,6,3160,2,36000,1.00189873418
518935,518942,519056,7,114,15,57600,1.06140350877
518975,518984,522186,9,3202,2,36000,1.00281074329
519092,519100,522331,8,3231,2,36000,1.00247601362
519183,519191,522384,8,3193,2,36000,1.00250548074
519220,519228,522572,8,3344,2,36000,1.0023923445
519251,519260,522324,9,3064,2,36000,1.00293733681
519352,519360,522621,8,3261,2,36000,1.0024532352
519378,519384,520738,6,1354,15,57600,1.00443131462
519523,519531,522867,8,3336,2,36000,1.00239808153
519570,519577,522818,7,3241,2,36000,1.00215982721
519585,519591,522820,6,3229,2,36000,1.00185816042
520133,520143,523299,10,3156,2,36000,1.00316856781
520149,520155,523405,6,3250,2,36000,1.00184615385
520290,520297,523356,7,3059,2,36000,1.00228832952
520305,520311,523398,6,3087,2,36000,1.0019436346
520616,520624,523895,8,3271,2,36000,1.00244573525
520631,520637,523818,6,3181,2,36000,1.00188619931
520665,520673,523895,8,3222,2,36000,1.00248292986
520723,520733,523788,10,3055,2,36000,1.00327332242
520745,520754,523960,9,3206,2,36000,1.00280723643
520840,520848,524122,8,3274,2,36000,1.0024434942
520948,520958,524107,10,3149,2,36000,1.00317561131
520979,520988,524195,9,3207,2,36000,1.00280636109
520994,521003,524265,9,3262,2,36000,1.00275904353
521010,521016,524203,6,3187,2,36000,1.00188264826
521056,521066,524237,10,3171,2,36000,1.00315357931
521091,521099,524347,8,3248,2,36000,1.00246305419
521222,521229,524447,7,3218,2,36000,1.00217526414
521271,521281,524513,10,3232,2,36000,1.00309405941
521311,521321,524521,10,3200,2,36000,1.003125
521370,521379,524701,9,3322,2,36000,1.00270921132
521386,521392,524505,6,3113,2,36000,1.00192740122
521420,521429,524781,9,3352,2,36000,1.0026849642
521441,521451,524605,10,3154,2,36000,1.00317057705
521500,521508,524579,8,3071,2,36000,1.00260501465
521515,521521,524892,6,3371,2,36000,1.00177988727
521530,521537,524830,7,3293,2,36000,1.00212572123
521634,521643,524818,9,3175,2,36000,1.00283464567
521738,521745,525013,7,3268,2,36000,1.00214198286
522034,522043,525224,9,3181,2,36000,1.00282929896
522098,522108,525408,10,3300,2,36000,1.00303030303
522114,522120,525277,6,3157,2,36000,1.00190053849
522187,522197,525531,10,3334,2,36000,1.00299940012
522325,522335,525592,10,3257,2,36000,1.0030703101
522341,522347,525589,6,3242,2,36000,1.00185070944
522387,522395,525642,8,3247,2,36000,1.00246381275
522575,522583,525932,8,3349,2,36000,1.00238877277
522625,522632,525671,7,3039,2,36000,1.00230338927
522819,522829,525949,10,3120,2,36000,1.00320512821
522834,522841,526039,7,3198,2,36000,1.00218886804
522868,522878,526161,10,3283,2,36000,1.00304599452
523233,523239,524029,6,790,15,57600,1.00759493671
523303,523310,526482,7,3172,2,36000,1.00220680958
523358,523368,526600,10,3232,2,36000,1.00309405941
523401,523409,526606,8,3197,2,36000,1.00250234595
523416,523422,526709,6,3287,2,36000,1.00182537268
523790,523799,526978,9,3179,2,36000,1.00283107896
523819,523829,526958,10,3129,2,36000,1.00319590924
523899,523907,527043,8,3136,2,36000,1.00255102041
523900,523912,527076,12,3164,2,36000,1.00379266751
523962,523971,527141,9,3170,2,36000,1.00283911672
524109,524118,527237,9,3119,2,36000,1.00288554024
524124,524133,527371,9,3238,2,36000,1.00277949351
524198,524207,527492,9,3285,2,36000,1.00273972603
524214,524220,527462,6,3242,2,36000,1.00185070944
524238,524249,527464,11,3215,2,36000,1.0034214619
524266,524276,527391,10,3115,2,36000,1.00321027287
524342,524348,536715,6,12367,15,36000,1.00048516213
524349,524358,527395,9,3037,2,36000,1.00296345077
524451,524459,527709,8,3250,2,36000,1.00246153846
524508,524516,527708,8,3192,2,36000,1.00250626566
524524,524530,527712,6,3182,2,36000,1.00188560654
524525,524536,527738,11,3202,2,36000,1.0034353529
524582,524591,527769,9,3178,2,36000,1.00283196979
524608,524616,527800,8,3184,2,36000,1.00251256281
524704,524712,528011,8,3299,2,36000,1.00242497727
524776,524792,527991,16,3199,2,36000,1.00500156299
524821,524829,527890,8,3061,2,36000,1.00261352499
524837,524843,527934,6,3091,2,36000,1.00194111938
524895,524904,528101,9,3197,2,36000,1.00281513919
525014,525024,528517,10,3493,2,36000,1.00286286859
525231,525237,528297,6,3060,2,36000,1.00196078431
525282,525288,528572,6,3284,2,36000,1.00182704019
525411,525419,528699,8,3280,2,36000,1.00243902439
525534,525543,528575,9,3032,2,36000,1.00296833773
525591,525600,528891,9,3291,2,36000,1.00273473108
525606,525613,528830,7,3217,2,36000,1.00217594032
525645,525653,528867,8,3214,2,36000,1.00248911014
525675,525682,528843,7,3161,2,36000,1.00221448909
525934,525943,529144,9,3201,2,36000,1.00281162137
525953,525961,529105,8,3144,2,36000,1.00254452926
526041,526051,529064,10,3013,2,36000,1.00331895121
526163,526172,529373,9,3201,2,36000,1.00281162137
526485,526493,529672,8,3179,2,36000,1.00251651463
526602,526611,529830,9,3219,2,36000,1.00279589935
526617,526623,529817,6,3194,2,36000,1.00187852223
526712,526721,530048,9,3327,2,36000,1.00270513977
526959,526969,530181,10,3212,2,36000,1.00311332503
526981,526989,530053,8,3064,2,36000,1.00261096606
527045,527055,530181,10,3126,2,36000,1.00319897633
527080,527088,530222,8,3134,2,36000,1.00255264837
527144,527152,530472,8,3320,2,36000,1.00240963855
527239,527249,530475,10,3226,2,36000,1.00309981401
527375,527382,530558,7,3176,2,36000,1.00220403023
527394,527403,530601,9,3198,2,36000,1.00281425891
527410,527416,530663,6,3247,2,36000,1.00184785956
527466,527476,530534,10,3058,2,36000,1.00327011118
527467,527481,530734,14,3253,2,36000,1.00430371964
527495,527504,530801,9,3297,2,36000,1.00272975432
527571,527577,528088,6,511,15,57600,1.01174168297
527713,527719,530891,6,3172,2,36000,1.00189155107
527715,527726,531011,11,3285,2,36000,1.00334855403
527716,527731,530909,15,3178,2,36000,1.00471994965
527741,527749,530827,8,3078,2,36000,1.00259909032
527772,527780,530960,8,3180,2,36000,1.00251572327
527803,527811,531065,8,3254,2,36000,1.0024585126
527892,527901,531228,9,3327,2,36000,1.00270513977
527935,527945,531275,10,3330,2,36000,1.003003003
527994,528003,531044,9,3041,2,36000,1.00295955278
528013,528022,531129,9,3107,2,36000,1.00289668491
528102,528112,531428,10,3316,2,36000,1.00301568154
528144,528150,528797,6,647,15,57600,1.00927357032
528302,528308,531582,6,3274,2,36000,1.00183262065
528519,528528,531570,9,3042,2,36000,1.00295857988
528575,528584,531755,9,3171,2,36000,1.00283822138
528576,528590,531742,14,3152,2,36000,1.00444162437
528702,528711,531894,9,3183,2,36000,1.00282752121
528833,528841,532099,8,3258,2,36000,1.00245549417
528849,528855,531927,6,3072,2,36000,1.001953125
528868,528878,532095,10,3217,2,36000,1.00310848617
528890,528896,529941,6,1045,15,57600,1.00574162679
528893,528902,532146,9,3244,2,36000,1.00277435265
529067,529075,532278,8,3203,2,36000,1.00249765845
529108,529116,532304,8,3188,2,36000,1.00250941029
529148,529156,532312,8,3156,2,36000,1.00253485425
529374,529384,532535,10,3151,2,36000,1.00317359568
529676,529683,532889,7,3206,2,36000,1.00218340611
529820,529828,533008,8,3180,2,36000,1.00251572327
529836,529841,533032,5,3191,2,36000,1.00156690693
530038,530044,531148,6,1104,15,57600,1.00543478261
530051,530059,533408,8,3349,2,36000,1.00238877277
530066,530072,533303,6,3231,2,36000,1.00185701021
530182,530192,533343,10,3151,2,36000,1.00317359568
530183,530197,533479,14,3282,2,36000,1.00426569165
530224,530233,533427,9,3194,2,36000,1.00281778334
530474,530484,533612,10,3128,2,36000,1.00319693095
530489,530496,533759,7,3263,2,36000,1.00214526509
530536,530545,533706,9,3161,2,36000,1.00284720025
530561,530570,533777,9,3207,2,36000,1.00280636109
530604,530612,533787,8,3175,2,36000,1.00251968504
530666,530674,533839,8,3165,2,36000,1.00252764613
530736,530745,534014,9,3269,2,36000,1.00275313552
530804,530812,533994,8,3182,2,36000,1.00251414205
530829,530838,534172,9,3334,2,36000,1.00269946011
530893,530902,534120,9,3218,2,36000,1.00279676818
530912,530920,534057,8,3137,2,36000,1.0025502072
530962,530971,534112,9,3141,2,36000,1.00286532951
531012,531022,534170,10,3148,2,36000,1.00317662008
531047,531055,534247,8,3192,2,36000,1.00250626566
531065,531076,534156,11,3080,2,36000,1.00357142857
531131,531140,534411,9,3271,2,36000,1.00275145216
531232,531239,534466,7,3227,2,36000,1.0021691974
531279,531286,534569,7,3283,2,36000,1.00213219616
531358,531365,532275,7,910,15,900,1.00769230769
531432,531440,534744,8,3304,2,36000,1.00242130751
531573,531581,534864,8,3283,2,36000,1.00243679561
531588,531594,534898,6,3304,2,36000,1.00181598063
531746,531754,535053,8,3299,2,36000,1.00242497727
531761,531767,534911,6,3144,2,36000,1.00190839695
531896,531905,535226,9,3321,2,36000,1.0027100271
531930,531938,535235,8,3297,2,36000,1.00242644829
532096,532106,535280,10,3174,2,36000,1.00315059861
532112,532118,535331,6,3213,2,36000,1.00186741363
532148,532157,535508,9,3351,2,36000,1.00268576544
532280,532289,535496,9,3207,2,36000,1.00280636109
532306,532315,535626,9,3311,2,36000,1.00271821202
532321,532327,535538,6,3211,2,36000,1.00186857677
532523,532529,533445,6,916,15,900,1.00655021834
532538,532546,535636,8,3090,2,36000,1.00258899676
532890,532900,536146,10,3246,2,36000,1.00308071473
533010,533019,536238,9,3219,2,36000,1.00279589935
533035,533044,536176,9,3132,2,36000,1.00287356322
533306,533318,536574,12,3256,2,36000,1.00368550369
533306,533312,533322,6,10,32,10800,1.6
533345,533355,536642,10,3287,2,36000,1.0030422878
533410,533419,536680,9,3261,2,36000,1.0027598896
533428,533438,536679,10,3241,2,36000,1.00308546745
533480,533490,536650,10,3160,2,36000,1.00316455696
533615,533626,536787,11,3161,2,36000,1.00347991142
533708,533717,536938,9,3221,2,36000,1.0027941633
533761,533771,536978,10,3207,2,36000,1.00311817898
533779,533789,536829,10,3040,2,36000,1.00328947368
533795,533801,536928,6,3127,2,36000,1.00191877199
533841,533851,537192,10,3341,2,36000,1.00299311583
533997,534006,537277,9,3271,2,36000,1.00275145216
534015,534025,537137,10,3112,2,36000,1.00321336761
534059,534069,537254,10,3185,2,36000,1.00313971743
534114,534123,537430,9,3307,2,36000,1.00272149985
534130,534136,537382,6,3246,2,36000,1.00184842884
534158,534167,537317,9,3150,2,36000,1.00285714286
534173,534183,537372,10,3189,2,36000,1.00313577924
534175,534188,537251,13,3063,2,36000,1.00424420503
534249,534259,537699,10,3440,2,36000,1.00290697674
534414,534422,537614,8,3192,2,36000,1.00250626566
534470,534477,537795,7,3318,2,36000,1.00210970464
534572,534580,537783,8,3203,2,36000,1.00249765845
534747,534755,537889,8,3134,2,36000,1.00255264837
534867,534875,538173,8,3298,2,36000,1.00242571255
534901,534909,538207,8,3298,2,36000,1.00242571255
534916,534922,535042,6,120,1,1800,1.05
534917,534928,538099,11,3171,2,36000,1.00346893724
535055,535064,538256,9,3192,2,36000,1.00281954887
535228,535237,538397,9,3160,2,36000,1.00284810127
535243,535249,538430,6,3181,2,36000,1.00188619931
535283,535291,538384,8,3093,2,36000,1.00258648561
535333,535343,538460,10,3117,2,36000,1.00320821303
535348,535354,535458,6,104,1,1800,1.05769230769
535500,535508,538631,8,3123,2,36000,1.00256163945
535515,535521,538890,6,3369,2,36000,1.0017809439
535540,535549,538863,9,3314,2,36000,1.00271575136
535630,535637,538738,7,3101,2,36000,1.00225733634
535645,535651,538893,6,3242,2,36000,1.00185070944
536094,536100,536648,6,548,1,1800,1.01094890511
536148,536157,539450,9,3293,2,36000,1.00273307015
536180,536187,539586,7,3399,2,36000,1.00205942924
536242,536250,539423,8,3173,2,36000,1.00252127324
536578,536585,539727,7,3142,2,36000,1.00222788033
536644,536653,539825,9,3172,2,36000,1.00283732661
536659,536665,540025,6,3360,2,36000,1.00178571429
536681,536696,539960,15,3264,2,36000,1.00459558824
536682,536690,539874,8,3184,2,36000,1.00251256281
536790,536798,540111,8,3313,2,36000,1.00241472985
536830,536840,540093,10,3253,2,36000,1.00307408546
536929,536939,540069,10,3130,2,36000,1.00319488818
536945,536951,540299,6,3348,2,36000,1.0017921147
536982,536989,540196,7,3207,2,36000,1.00218272529
537138,537148,540242,10,3094,2,36000,1.00323206206
537194,537203,540306,9,3103,2,36000,1.00290041895
537253,537262,540619,9,3357,2,36000,1.00268096515
537268,537275,540425,7,3150,2,36000,1.00222222222
537284,537290,540550,6,3260,2,36000,1.0018404908
537318,537328,540471,10,3143,2,36000,1.00318167356
537374,537383,540745,9,3362,2,36000,1.00267697799
537389,537395,540766,6,3371,2,36000,1.00177988727
537433,537441,540505,8,3064,2,36000,1.00261096606
537616,537625,540808,9,3183,2,36000,1.00282752121
537702,537710,540805,8,3095,2,36000,1.00258481422
537785,537795,541128,10,3333,2,36000,1.00300030003
537801,537807,541003,6,3196,2,36000,1.00187734668
537891,537900,540935,9,3035,2,36000,1.00296540362
537934,537940,537997,6,57,32,10800,1.10526315789
538102,538110,541218,8,3108,2,36000,1.00257400257
538176,538184,541309,8,3125,2,36000,1.00256
538210,538219,541262,9,3043,2,36000,1.00295760762
538260,538268,541508,8,3240,2,36000,1.0024691358
538333,538339,538380,6,41,1,1800,1.14634146341
538358,538365,538415,7,50,1,1800,1.14
538387,538396,541432,9,3036,2,36000,1.00296442688
538402,538408,541706,6,3298,2,36000,1.00181928441
538433,538442,541587,9,3145,2,36000,1.00286168521
538461,538471,541714,10,3243,2,36000,1.0030835646
538636,538642,541961,6,3319,2,36000,1.00180777343
538662,538668,538739,6,71,1,1800,1.08450704225
538725,538731,538802,6,71,1,1800,1.08450704225
538740,538749,541981,9,3232,2,36000,1.00278465347
538787,538794,538846,7,52,32,10800,1.13461538462
538866,538875,542147,9,3272,2,36000,1.00275061125
538894,538901,542016,7,3115,2,36000,1.00224719101
538896,538907,542111,11,3204,2,36000,1.00343320849
539254,539260,539436,6,176,1,1800,1.03409090909
539425,539434,542689,9,3255,2,36000,1.00276497696
539453,539462,542685,9,3223,2,36000,1.00279242941
539588,539597,542698,9,3101,2,36000,1.00290228958
539718,539723,540009,5,286,1,1800,1.01748251748
539729,539739,543045,10,3306,2,36000,1.00302480339
539828,539837,543108,9,3271,2,36000,1.00275145216
539878,539886,543147,8,3261,2,36000,1.0024532352
539963,539971,543167,8,3196,2,36000,1.00250312891
540028,540036,543197,8,3161,2,36000,1.00253084467
540071,540080,543340,9,3260,2,36000,1.0027607362
540090,540104,543213,14,3109,2,36000,1.00450305564
540115,540123,543373,8,3250,2,36000,1.00246153846
540198,540207,543553,9,3346,2,36000,1.00268977884
540246,540254,543409,8,3155,2,36000,1.00253565769
540302,540311,543486,9,3175,2,36000,1.00283464567
540317,540323,543657,6,3334,2,36000,1.00179964007
540427,540437,543499,10,3062,2,36000,1.00326583932
540473,540479,540535,6,56,32,10800,1.10714285714
540474,540485,543636,11,3151,2,36000,1.00349095525
540508,540516,543770,8,3254,2,36000,1.0024585126
540555,540561,543781,6,3220,2,36000,1.00186335404
540623,540630,543748,7,3118,2,36000,1.00224502886
540748,540756,543917,8,3161,2,36000,1.00253084467
540770,540778,544099,8,3321,2,36000,1.00240891298
540808,540816,544022,8,3206,2,36000,1.00249532127
540823,540829,543950,6,3121,2,36000,1.00192246075
540830,540836,540866,6,30,1,1800,1.2
540937,540946,544191,9,3245,2,36000,1.00277349769
541005,541014,544166,9,3152,2,36000,1.00285532995
541132,541140,544452,8,3312,2,36000,1.00241545894
541166,541173,541234,7,61,1,1800,1.11475409836
541222,541229,544428,7,3199,2,36000,1.00218818381
541265,541273,544455,8,3182,2,36000,1.00251414205
541312,541320,544526,8,3206,2,36000,1.00249532127
541434,541443,544596,9,3153,2,36000,1.00285442436
541511,541519,544670,8,3151,2,36000,1.00253887655
541588,541598,544737,10,3139,2,36000,1.00318572794
541708,541717,544905,9,3188,2,36000,1.00282308657
541724,541730,545125,6,3395,2,36000,1.00176730486
541963,541972,545170,9,3198,2,36000,1.00281425891
541966,541977,542098,11,121,1,1800,1.09090909091
541985,541992,545201,7,3209,2,36000,1.00218136491
542019,542027,545145,8,3118,2,36000,1.00256574727
542112,542122,545274,10,3152,2,36000,1.00317258883
542149,542158,545361,9,3203,2,36000,1.00280986575
542686,542696,545949,10,3253,2,36000,1.00307408546
542702,542708,546061,6,3353,2,36000,1.00178944229
542703,542714,546028,11,3314,2,36000,1.00331925166
543047,543057,546284,10,3227,2,36000,1.00309885342
543112,543119,546415,7,3296,2,36000,1.00212378641
543149,543159,546433,10,3274,2,36000,1.00305436775
543171,543178,546383,7,3205,2,36000,1.00218408736
543199,543208,546454,9,3246,2,36000,1.00277264325
543214,543224,546347,10,3123,2,36000,1.00320204931
543342,543352,546491,10,3139,2,36000,1.00318572794
543376,543384,546663,8,3279,2,36000,1.00243976822
543413,543420,546674,7,3254,2,36000,1.00215119852
543487,543497,546725,10,3228,2,36000,1.00309789343
543503,543510,546686,7,3176,2,36000,1.00220403023
543555,543564,546737,9,3173,2,36000,1.0028364324
543640,543648,546866,8,3218,2,36000,1.00248601616
543659,543668,547021,9,3353,2,36000,1.00268416344
543752,543760,546789,8,3029,2,36000,1.00264113569
543771,543781,547066,10,3285,2,36000,1.00304414003
543787,543792,547108,5,3316,2,36000,1.00150784077
543920,543928,547065,8,3137,2,36000,1.0025502072
543951,543961,547054,10,3093,2,36000,1.00323310702
544025,544034,547319,9,3285,2,36000,1.00273972603
544100,544110,547433,10,3323,2,36000,1.00300932892
544168,544178,547483,10,3305,2,36000,1.00302571861
544194,544202,547395,8,3193,2,36000,1.00250548074
544431,544440,547823,9,3383,2,36000,1.00266036063
544457,544463,547703,6,3240,2,36000,1.00185185185
544458,544469,547755,11,3286,2,36000,1.003347535
544529,544538,547695,9,3157,2,36000,1.00285080773
544597,544607,547756,10,3149,2,36000,1.00317561131
544674,544682,547853,8,3171,2,36000,1.00252286345
544739,544749,547725,10,2976,2,36000,1.00336021505
544909,544917,548094,8,3177,2,36000,1.00251809884
545127,545136,548416,9,3280,2,36000,1.00274390244
545149,545157,548582,8,3425,2,36000,1.00233576642
545172,545181,548362,9,3181,2,36000,1.00282929896
545204,545212,548522,8,3310,2,36000,1.00241691843
545279,545285,548592,6,3307,2,36000,1.00181433323
545364,545372,548600,8,3228,2,36000,1.00247831475
545953,545961,549221,8,3260,2,36000,1.00245398773
546029,546039,549233,10,3194,2,36000,1.00313087038
546064,546073,549243,9,3170,2,36000,1.00283911672
546221,546227,546228,6,1,1,900,1.0
546288,546296,549456,8,3160,2,36000,1.00253164557
546349,546358,549574,9,3216,2,36000,1.00279850746
546381,546394,549671,13,3277,2,36000,1.00396704303
546416,546426,549563,10,3137,2,36000,1.00318775901
546437,546444,549726,7,3282,2,36000,1.00213284583
546456,546466,549650,10,3184,2,36000,1.00314070352
546495,546502,549609,7,3107,2,36000,1.00225297715
546666,546674,549960,8,3286,2,36000,1.00243457091
546681,546687,549895,6,3208,2,36000,1.00187032419
546697,546703,549886,6,3183,2,36000,1.00188501414
546732,546738,549950,6,3212,2,36000,1.00186799502
546748,546754,549962,6,3208,2,36000,1.00187032419
546792,546801,550028,9,3227,2,36000,1.00278896808
546870,546877,549947,7,3070,2,36000,1.00228013029
547023,547032,550156,9,3124,2,36000,1.0028809219
547056,547066,550239,10,3173,2,36000,1.00315159155
547072,547078,550276,6,3198,2,36000,1.00187617261
547074,547084,550176,10,3092,2,36000,1.00323415265
547111,547119,550329,8,3210,2,36000,1.00249221184
547321,547331,550513,10,3182,2,36000,1.00314267756
547397,547407,550757,10,3350,2,36000,1.00298507463
547435,547444,550620,9,3176,2,36000,1.00283375315
547485,547494,550720,9,3226,2,36000,1.00278983261
547697,547706,550985,9,3279,2,36000,1.00274473925
547713,547719,551041,6,3322,2,36000,1.00180614088
547728,547736,550977,8,3241,2,36000,1.00246837396
547756,547766,551023,10,3257,2,36000,1.0030703101
547758,547772,551031,14,3259,2,36000,1.00429579626
547826,547835,550997,9,3162,2,36000,1.00284629981
547857,547864,551103,7,3239,2,36000,1.00216116085
547965,547971,548057,6,86,32,10800,1.06976744186
548097,548106,551258,9,3152,2,36000,1.00285532995
548365,548373,551403,8,3030,2,36000,1.00264026403
548420,548427,551597,7,3170,2,36000,1.00220820189
548525,548534,551697,9,3163,2,36000,1.00284539994
548583,548593,551838,10,3245,2,36000,1.0030816641
548599,548605,551596,6,2991,2,36000,1.00200601805
548615,548621,551924,6,3303,2,36000,1.00181653043
549225,549232,552463,7,3231,2,36000,1.00216651192
549240,549246,552516,6,3270,2,36000,1.00183486239
549256,549262,552472,6,3210,2,36000,1.00186915888
549459,549467,552564,8,3097,2,36000,1.00258314498
549564,549574,552749,10,3175,2,36000,1.0031496063
549579,549585,552868,6,3283,2,36000,1.00182759671
549610,549620,552820,10,3200,2,36000,1.003125
549654,549661,552959,7,3298,2,36000,1.00212249848
549672,549682,552841,10,3159,2,36000,1.00316555872
549728,549737,553012,9,3275,2,36000,1.0027480916
549890,549897,553026,7,3129,2,36000,1.00223713647
549905,549912,553231,7,3319,2,36000,1.002109069
549949,549958,553245,9,3287,2,36000,1.00273805902
549965,549971,553299,6,3328,2,36000,1.00180288462
549967,549977,553460,10,3483,2,36000,1.00287108814
549968,549982,553089,14,3107,2,36000,1.0045059543
550029,550039,553330,10,3291,2,36000,1.00303859009
550158,550168,553270,10,3102,2,36000,1.00322372663
550180,550187,553546,7,3359,2,36000,1.00208395356
550241,550250,553492,9,3242,2,36000,1.00277606416
550279,550288,553537,9,3249,2,36000,1.0027700831
550331,550340,553394,9,3054,2,36000,1.00294695481
550516,550525,553689,9,3164,2,36000,1.00284450063
550624,550631,553752,7,3121,2,36000,1.00224287087
550722,550731,554020,9,3289,2,36000,1.00273639404
550759,550768,553954,9,3186,2,36000,1.00282485876
550980,550988,554088,8,3100,2,36000,1.00258064516
550996,551002,554182,6,3180,2,36000,1.00188679245
551011,551017,554257,6,3240,2,36000,1.00185185185
551027,551035,554343,8,3308,2,36000,1.00241837969
551042,551048,554269,6,3221,2,36000,1.00186277554
551043,551054,554313,11,3259,2,36000,1.00337526849
551105,551114,554242,9,3128,2,36000,1.00287723785
551260,551269,554557,9,3288,2,36000,1.00273722628
551405,551414,554543,9,3129,2,36000,1.00287631831
551600,551608,554805,8,3197,2,36000,1.00250234595
551601,551613,554685,12,3072,2,36000,1.00390625
551701,551708,554910,7,3202,2,36000,1.00218613367
551842,551850,555067,8,3217,2,36000,1.00248678893
551928,551936,555133,8,3197,2,36000,1.00250234595
552464,552474,555729,10,3255,2,36000,1.00307219662
552480,552486,555694,6,3208,2,36000,1.00187032419
552509,552515,552596,6,81,32,10800,1.07407407407
552520,552528,555771,8,3243,2,36000,1.00246685168
552566,552576,555814,10,3238,2,36000,1.00308832613
552750,552760,555891,10,3131,2,36000,1.00319386777
552824,552831,555988,7,3157,2,36000,1.0022172949
552842,552852,556136,10,3284,2,36000,1.00304506699
552870,552879,555929,9,3050,2,36000,1.00295081967
552962,552970,556211,8,3241,2,36000,1.00246837396
553014,553023,556273,9,3250,2,36000,1.00276923077
553030,553037,556282,7,3245,2,36000,1.00215716487
553092,553101,556278,9,3177,2,36000,1.00283286119
553234,553242,556396,8,3154,2,36000,1.00253646164
553249,553255,556421,6,3166,2,36000,1.00189513582
553271,553281,556536,10,3255,2,36000,1.00307219662
553302,553310,556441,8,3131,2,36000,1.00255509422
553333,553341,556418,8,3077,2,36000,1.002599935
553395,553405,556573,10,3168,2,36000,1.00315656566
553463,553471,556661,8,3190,2,36000,1.00250783699
553494,553503,556710,9,3207,2,36000,1.00280636109
553541,553549,556668,8,3119,2,36000,1.00256492466
553556,553562,556732,6,3170,2,36000,1.00189274448
553698,553704,556978,6,3274,2,36000,1.00183262065
553756,553763,556954,7,3191,2,36000,1.0021936697
553959,553965,557194,6,3229,2,36000,1.00185816042
554021,554031,557292,10,3261,2,36000,1.003066544
554089,554099,557095,10,2996,2,36000,1.00333778371
554185,554194,557376,9,3182,2,36000,1.00282840981
554245,554253,557510,8,3257,2,36000,1.00245624808
554260,554268,557396,8,3128,2,36000,1.00255754476
554276,554282,557576,6,3294,2,36000,1.00182149362
554314,554324,557581,10,3257,2,36000,1.0030703101
554345,554354,557561,9,3207,2,36000,1.00280636109
554549,554555,557829,6,3274,2,36000,1.00183262065
554564,554570,557766,6,3196,2,36000,1.00187734668
554687,554696,557891,9,3195,2,36000,1.00281690141
554808,554816,557972,8,3156,2,36000,1.00253485425
554914,554921,558252,7,3331,2,36000,1.00210147103
555070,555078,558289,8,3211,2,36000,1.00249143569
555135,555144,558267,9,3123,2,36000,1.00288184438
555698,555706,558923,8,3217,2,36000,1.00248678893
555732,555740,559054,8,3314,2,36000,1.00241400121
555772,555782,558963,10,3181,2,36000,1.00314366551
555815,555825,559131,10,3306,2,36000,1.00302480339
555892,555902,559173,10,3271,2,36000,1.00305716906
555935,555941,559078,6,3137,2,36000,1.0019126554
555991,555999,559134,8,3135,2,36000,1.00255183413
556139,556147,559267,8,3120,2,36000,1.00256410256
556213,556222,559440,9,3218,2,36000,1.00279676818
556277,556285,559599,8,3314,2,36000,1.00241400121
556293,556299,559523,6,3224,2,36000,1.00186104218
556294,556305,559323,11,3018,2,36000,1.00364479788
556399,556408,559656,9,3248,2,36000,1.00277093596
556423,556429,559606,6,3177,2,36000,1.00188857413
556424,556435,559701,11,3266,2,36000,1.00336803429
556443,556452,559599,9,3147,2,36000,1.00285986654
556538,556548,559836,10,3288,2,36000,1.00304136253
556576,556584,559820,8,3236,2,36000,1.00247218789
556663,556672,559988,9,3316,2,36000,1.00271411339
556678,556685,559968,7,3283,2,36000,1.00213219616
556713,556721,559975,8,3254,2,36000,1.0024585126
556734,556744,559975,10,3231,2,36000,1.00309501702
556956,556966,560217,10,3251,2,36000,1.00307597662
556981,556989,560242,8,3253,2,36000,1.00245926837
557099,557106,560433,7,3327,2,36000,1.0021039976
557196,557205,560401,9,3196,2,36000,1.00281602003
557295,557303,560513,8,3210,2,36000,1.00249221184
557378,557387,560655,9,3268,2,36000,1.00275397797
557397,557407,560551,10,3144,2,36000,1.00318066158
557512,557521,560812,9,3291,2,36000,1.00273473108
557564,557572,560824,8,3252,2,36000,1.0024600246
557580,557588,560697,8,3109,2,36000,1.00257317465
557595,557601,560841,6,3240,2,36000,1.00185185185
557772,557779,561032,7,3253,2,36000,1.00215185982
557836,557842,561115,6,3273,2,36000,1.00183318057
557898,557904,561110,6,3206,2,36000,1.00187149095
557975,557983,561193,8,3210,2,36000,1.00249221184
558255,558264,561486,9,3222,2,36000,1.00279329609
558271,558278,561642,7,3364,2,36000,1.00208085612
558293,558301,561541,8,3240,2,36000,1.0024691358
558928,558934,562186,6,3252,2,36000,1.00184501845
558968,558974,562315,6,3341,2,36000,1.0017958695
559057,559066,562249,9,3183,2,36000,1.00282752121
559083,559090,562210,7,3120,2,36000,1.00224358974
559134,559143,562236,9,3093,2,36000,1.00290979631
559149,559155,562301,6,3146,2,36000,1.00190718373
559177,559185,562360,8,3175,2,36000,1.00251968504
559270,559278,562587,8,3309,2,36000,1.00241764884
559326,559335,562472,9,3137,2,36000,1.0028689831
559443,559451,562682,8,3231,2,36000,1.00247601362
559527,559535,562731,8,3196,2,36000,1.00250312891
559601,559610,562858,9,3248,2,36000,1.00277093596
559602,559615,562791,13,3176,2,36000,1.00409319899
559618,559624,562925,6,3301,2,36000,1.00181763102
559658,559667,562902,9,3235,2,36000,1.0027820711
559705,559712,562859,7,3147,2,36000,1.00222434064
559822,559831,562963,9,3132,2,36000,1.00287356322
559838,559847,563053,9,3206,2,36000,1.00280723643
559971,559979,563271,8,3292,2,36000,1.00243013366
559986,559993,563344,7,3351,2,36000,1.00208892868
559988,559999,563274,11,3275,2,36000,1.00335877863
560004,560010,563170,6,3160,2,36000,1.00189873418
560195,560201,562008,6,1807,15,1800,1.00332042059
560219,560228,563457,9,3229,2,36000,1.00278724063
560245,560253,563508,8,3255,2,36000,1.0024577573
560406,560412,563871,6,3459,2,36000,1.00173460538
560436,560444,563693,8,3249,2,36000,1.00246229609
560516,560524,563690,8,3166,2,36000,1.00252684776
560553,560563,563696,10,3133,2,36000,1.00319182892
560657,560667,563869,10,3202,2,36000,1.00312304809
560700,560708,563998,8,3290,2,36000,1.00243161094
560815,560823,564001,8,3178,2,36000,1.00251730648
560831,560837,564081,6,3244,2,36000,1.00184956843
560847,560852,564059,5,3207,2,36000,1.00155908949
561033,561043,564388,10,3345,2,36000,1.00298953662
561113,561121,564483,8,3362,2,36000,1.00237953599
561129,561135,564393,6,3258,2,36000,1.00184162063
561197,561204,564284,7,3080,2,36000,1.00227272727
561490,561498,564793,8,3295,2,36000,1.00242792109
561545,561552,564698,7,3146,2,36000,1.00222504768
561644,561653,564912,9,3259,2,36000,1.00276158331
562188,562197,565471,9,3274,2,36000,1.00274893097
562213,562221,565538,8,3317,2,36000,1.00241181791
562238,562247,565539,9,3292,2,36000,1.00273390036
562253,562259,565578,6,3319,2,36000,1.00180777343
562303,562313,565457,10,3144,2,36000,1.00318066158
562318,562326,565639,8,3313,2,36000,1.00241472985
562362,562371,565540,9,3169,2,36000,1.00284001262
562476,562484,565725,8,3241,2,36000,1.00246837396
562589,562599,565892,10,3293,2,36000,1.00303674461
562684,562693,565807,9,3114,2,36000,1.00289017341
562735,562742,565963,7,3221,2,36000,1.00217323812
562794,562803,566060,9,3257,2,36000,1.00276327909
562861,562869,566068,8,3199,2,36000,1.00250078149
562862,562875,566075,13,3200,2,36000,1.0040625
562908,562914,565984,6,3070,2,36000,1.00195439739
562930,562936,566300,6,3364,2,36000,1.00178359096
562968,562974,566145,6,3171,2,36000,1.00189214759
563055,563065,566323,10,3258,2,36000,1.00306936771
563172,563182,566369,10,3187,2,36000,1.0031377471
563216,563222,777365,6,214143,8,216000,1.00002801866
563274,563282,566530,8,3248,2,36000,1.00246305419
563289,563296,566463,7,3167,2,36000,1.00221029365
563345,563355,566532,10,3177,2,36000,1.00314762354
563460,563468,566645,8,3177,2,36000,1.00251809884
563509,563519,566851,10,3332,2,36000,1.00300120048
563692,563701,567025,9,3324,2,36000,1.00270758123
563708,563714,567097,6,3383,2,36000,1.00177357375
563709,563720,566974,11,3254,2,36000,1.00338045482
563871,563880,567007,9,3127,2,36000,1.00287815798
563887,563893,567105,6,3212,2,36000,1.00186799502
564001,564009,567315,8,3306,2,36000,1.00241984271
564016,564022,567295,6,3273,2,36000,1.00183318057
564061,564070,567423,9,3353,2,36000,1.00268416344
564084,564092,567221,8,3129,2,36000,1.00255672739
564289,564295,567614,6,3319,2,36000,1.00180777343
564386,564399,567562,13,3163,2,36000,1.00411002213
564402,564408,567766,6,3358,2,36000,1.00178677784
564485,564494,567593,9,3099,2,36000,1.00290416263
564701,564709,567901,8,3192,2,36000,1.00250626566
564797,564804,568136,7,3332,2,36000,1.00210084034
564914,564924,568185,10,3261,2,36000,1.003066544
565458,565468,568718,10,3250,2,36000,1.00307692308
565475,565481,568561,6,3080,2,36000,1.00194805195
565547,565553,568667,6,3114,2,36000,1.00192678227
565548,565559,568711,11,3152,2,36000,1.00348984772
565549,565564,568796,15,3232,2,36000,1.00464108911
565580,565589,568833,9,3244,2,36000,1.00277435265
565641,565651,568749,10,3098,2,36000,1.00322788896
565729,565737,568836,8,3099,2,36000,1.0025814779
565810,565819,569154,9,3335,2,36000,1.00269865067
565894,565904,569127,10,3223,2,36000,1.00310269935
565965,565974,569373,9,3399,2,36000,1.0026478376
565987,565995,569204,8,3209,2,36000,1.00249298847
566061,566071,569230,10,3159,2,36000,1.00316555872
566077,566083,569322,6,3239,2,36000,1.00185242359
566079,566089,569424,10,3335,2,36000,1.00299850075
566147,566156,569321,9,3165,2,36000,1.0028436019
566302,566311,569550,9,3239,2,36000,1.00277863538
566324,566334,569621,10,3287,2,36000,1.0030422878
566371,566380,569672,9,3292,2,36000,1.00273390036
566470,566476,569651,6,3175,2,36000,1.00188976378
566531,566541,569682,10,3141,2,36000,1.00318369946
566547,566553,569829,6,3276,2,36000,1.00183150183
566650,566656,569841,6,3185,2,36000,1.00188383046
566856,566862,570028,6,3166,2,36000,1.00189513582
566977,566985,570188,8,3203,2,36000,1.00249765845
567009,567019,570233,10,3214,2,36000,1.00311138768
567028,567036,570389,8,3353,2,36000,1.00238592305
567099,567108,570351,9,3243,2,36000,1.00277520814
567115,567121,570114,6,2993,2,36000,1.00200467758
567225,567232,570515,7,3283,2,36000,1.00213219616
567297,567306,570448,9,3142,2,36000,1.00286441757
567316,567326,570408,10,3082,2,36000,1.00324464633
567426,567435,570707,9,3272,2,36000,1.00275061125
567449,567455,567457,6,2,1,3600,1.0
567569,567575,570752,6,3177,2,36000,1.00188857413
567594,567604,570965,10,3361,2,36000,1.00297530497
567613,567625,570682,12,3057,2,36000,1.00392541708
567768,567778,571001,10,3223,2,36000,1.00310269935
567906,567912,571229,6,3317,2,36000,1.00180886343
568143,568149,571506,6,3357,2,36000,1.0017873101
568190,568195,571405,5,3210,2,36000,1.0015576324
568565,568572,571716,7,3144,2,36000,1.0022264631
568668,568678,571914,10,3236,2,36000,1.00309023486
568714,568722,571934,8,3212,2,36000,1.00249066002
568730,568736,572028,6,3292,2,36000,1.00182260024
568751,568760,571884,9,3124,2,36000,1.0028809219
568797,568807,571966,10,3159,2,36000,1.00316555872
568835,568844,571970,9,3126,2,36000,1.00287907869
568850,568856,572047,6,3191,2,36000,1.00188028831
568859,568865,568870,6,5,1,3600,1.1
569130,569138,572163,8,3025,2,36000,1.0026446281
569158,569165,572277,7,3112,2,36000,1.00224935733
569210,569215,572449,5,3234,2,36000,1.00154607297
569236,569241,572440,5,3199,2,36000,1.00156298843
569329,569335,572519,6,3184,2,36000,1.00188442211
569331,569341,572714,10,3373,2,36000,1.00296471983
569377,569384,572627,7,3243,2,36000,1.00215849522
569425,569435,572641,10,3206,2,36000,1.00311915159
569470,569476,570451,6,975,15,1800,1.00615384615
569552,569561,572629,9,3068,2,36000,1.00293350717
569622,569632,572858,10,3226,2,36000,1.00309981401
569654,569662,572936,8,3274,2,36000,1.0024434942
569676,569684,572799,8,3115,2,36000,1.0025682183
569691,569698,572756,7,3058,2,36000,1.00228907783
569833,569841,572983,8,3142,2,36000,1.00254614895
569849,569855,572866,6,3011,2,36000,1.00199269346
570029,570040,573284,11,3244,2,36000,1.00339087546
570116,570125,573222,9,3097,2,36000,1.0029060381
570190,570199,573431,9,3232,2,36000,1.00278465347
570236,570244,573397,8,3153,2,36000,1.0025372661
570353,570362,573542,9,3180,2,36000,1.00283018868
570391,570400,573619,9,3219,2,36000,1.00279589935
570412,570420,573567,8,3147,2,36000,1.00254210359
570452,570459,573520,7,3061,2,36000,1.00228683437
570522,570528,573811,6,3283,2,36000,1.00182759671
570684,570693,573836,9,3143,2,36000,1.0028635062
570712,570718,573839,6,3121,2,36000,1.00192246075
570754,570763,573929,9,3166,2,36000,1.00284270373
570969,570977,574243,8,3266,2,36000,1.00244947949
571003,571012,574233,9,3221,2,36000,1.0027941633
571233,571240,574371,7,3131,2,36000,1.00223570744
571408,571416,574735,8,3319,2,36000,1.00241036457
571510,571518,574901,8,3383,2,36000,1.002364765
571721,571727,574896,6,3169,2,36000,1.00189334175
571890,571896,575044,6,3148,2,36000,1.00190597205
571917,571925,574982,8,3057,2,36000,1.00261694472
571941,571947,575122,6,3175,2,36000,1.00188976378
571973,571979,575217,6,3238,2,36000,1.00185299568
571974,571985,575141,11,3156,2,36000,1.00348542459
572030,572039,575202,9,3163,2,36000,1.00284539994
572048,572058,575237,10,3179,2,36000,1.00314564328
572164,572174,575344,10,3170,2,36000,1.00315457413
572281,572288,575437,7,3149,2,36000,1.00222292791
572443,572451,575556,8,3105,2,36000,1.00257648953
572458,572464,575664,6,3200,2,36000,1.001875
572523,572530,575894,7,3364,2,36000,1.00208085612
572630,572644,575748,14,3104,2,36000,1.00451030928
572631,572638,575957,7,3319,2,36000,1.002109069
572647,572653,575901,6,3248,2,36000,1.00184729064
572718,572726,575841,8,3115,2,36000,1.0025682183
572758,572767,575991,9,3224,2,36000,1.00279156328
572801,572810,576081,9,3271,2,36000,1.00275145216
572859,572869,576101,10,3232,2,36000,1.00309405941
572875,572881,576215,6,3334,2,36000,1.00179964007
572939,572947,576275,8,3328,2,36000,1.00240384615
572990,572996,576191,6,3195,2,36000,1.00187793427
573223,573233,576619,10,3386,2,36000,1.00295333727
573288,573296,576493,8,3197,2,36000,1.00250234595
573401,573408,576569,7,3161,2,36000,1.00221448909
573435,573442,576673,7,3231,2,36000,1.00216651192
573522,573532,576714,10,3182,2,36000,1.00314267756
573543,573553,576854,10,3301,2,36000,1.00302938503
573571,573578,576706,7,3128,2,36000,1.00223785166
573621,573630,576917,9,3287,2,36000,1.00273805902
573813,573822,577014,9,3192,2,36000,1.00281954887
573838,573848,577136,10,3288,2,36000,1.00304136253
573854,573860,576909,6,3049,2,36000,1.00196785831
573931,573940,577307,9,3367,2,36000,1.00267300267
574235,574244,577491,9,3247,2,36000,1.00277178934
574250,574257,577641,7,3384,2,36000,1.00206855792
574375,574381,577653,6,3272,2,36000,1.00183374083
574738,574746,577852,8,3106,2,36000,1.00257566001
574900,574907,578243,7,3336,2,36000,1.00209832134
574916,574922,578214,6,3292,2,36000,1.00182260024
574987,574993,578184,6,3191,2,36000,1.00188028831
575048,575055,578242,7,3187,2,36000,1.00219642297
575125,575133,578218,8,3085,2,36000,1.00259319287
575144,575152,578491,8,3339,2,36000,1.00239592692
575205,575214,578384,9,3170,2,36000,1.00283911672
575221,575229,578395,8,3166,2,36000,1.00252684776
575239,575248,578479,9,3231,2,36000,1.00278551532
575346,575355,578510,9,3155,2,36000,1.0028526149
575441,575448,578739,7,3291,2,36000,1.00212701307
575561,575567,578800,6,3233,2,36000,1.00185586143
575666,575675,578912,9,3237,2,36000,1.00278035218
575751,575759,578822,8,3063,2,36000,1.00261181848
575843,575853,579030,10,3177,2,36000,1.00314762354
575889,575905,579110,16,3205,2,36000,1.00499219969
575904,575913,579072,9,3159,2,36000,1.00284900285
575960,575968,579157,8,3189,2,36000,1.00250862339
575994,576003,579114,9,3111,2,36000,1.00289296046
576083,576092,579474,9,3382,2,36000,1.00266114725
576102,576112,579313,10,3201,2,36000,1.00312402374
576194,576202,579555,8,3353,2,36000,1.00238592305
576219,576227,579355,8,3128,2,36000,1.00255754476
576277,576286,579634,9,3348,2,36000,1.00268817204
576496,576504,579749,8,3245,2,36000,1.00246533128
576573,576580,579858,7,3278,2,36000,1.00213544844
576622,576630,579824,8,3194,2,36000,1.00250469631
576674,576684,579858,10,3174,2,36000,1.00315059861
576708,576718,580058,10,3340,2,36000,1.00299401198
576724,576730,579887,6,3157,2,36000,1.00190053849
576859,576865,580118,6,3253,2,36000,1.00184445128
576910,576920,580105,10,3185,2,36000,1.00313971743
576927,576933,580236,6,3303,2,36000,1.00181653043
577018,577026,580261,8,3235,2,36000,1.00247295209
577137,577147,580336,10,3189,2,36000,1.00313577924
577308,577318,580421,10,3103,2,36000,1.00322268772
577494,577502,580864,8,3362,2,36000,1.00237953599
577644,577653,580928,9,3275,2,36000,1.0027480916
577659,577665,581002,6,3337,2,36000,1.00179802218
577855,577863,581015,8,3152,2,36000,1.00253807107
578189,578195,581399,6,3204,2,36000,1.00187265918
578221,578226,581383,5,3157,2,36000,1.00158378207
578222,578232,581505,10,3273,2,36000,1.00305530095
578251,578257,581391,6,3134,2,36000,1.00191448628
578253,578263,581550,10,3287,2,36000,1.0030422878
578389,578394,581462,5,3068,2,36000,1.00162972621
578405,578411,581606,6,3195,2,36000,1.00187793427
578481,578490,581690,9,3200,2,36000,1.0028125
578497,578503,581695,6,3192,2,36000,1.00187969925
578512,578521,581826,9,3305,2,36000,1.00272314675
578741,578750,581927,9,3177,2,36000,1.00283286119
578796,578811,582216,15,3405,2,36000,1.00440528634
578824,578834,582106,10,3272,2,36000,1.00305623472
578914,578923,582061,9,3138,2,36000,1.00286806883
579033,579042,582139,9,3097,2,36000,1.0029060381
579076,579084,582134,8,3050,2,36000,1.00262295082
579113,579121,582307,8,3186,2,36000,1.00251098556
579129,579135,582086,6,2951,2,36000,1.00203320908
579160,579168,582341,8,3173,2,36000,1.00252127324
579317,579324,582528,7,3204,2,36000,1.00218476904
579360,579366,582527,6,3161,2,36000,1.0018981335
579477,579485,582717,8,3232,2,36000,1.00247524752
579559,579566,582810,7,3244,2,36000,1.00215782984
579635,579645,582845,10,3200,2,36000,1.003125
579752,579761,583041,9,3280,2,36000,1.00274390244
579826,579836,583120,10,3284,2,36000,1.00304506699
579860,579869,583011,9,3142,2,36000,1.00286441757
579861,579874,583131,13,3257,2,36000,1.00399140313
579889,579898,583224,9,3326,2,36000,1.0027059531
580061,580069,583359,8,3290,2,36000,1.00243161094
580107,580121,583283,14,3162,2,36000,1.00442757748
580109,580115,580116,6,1,4,14400,1.0
580123,580129,583227,6,3098,2,36000,1.00193673338
580164,580170,584650,6,4480,4,14400,1.00133928571
580240,580247,583554,7,3307,2,36000,1.0021167221
580265,580272,583503,7,3231,2,36000,1.00216651192
580339,580348,583523,9,3175,2,36000,1.00283464567
580425,580432,583772,7,3340,2,36000,1.00209580838
580867,580875,584245,8,3370,2,36000,1.00237388724
580932,580940,584210,8,3270,2,36000,1.00244648318
581006,581013,584260,7,3247,2,36000,1.00215583616
581021,581027,584375,6,3348,2,36000,1.0017921147
581384,581394,584767,10,3373,2,36000,1.00296471983
581399,581406,584661,7,3255,2,36000,1.00215053763
581401,581412,584513,11,3101,2,36000,1.00354724282
581465,581473,584654,8,3181,2,36000,1.00251493241
581509,581516,584632,7,3116,2,36000,1.00224646983
581552,581561,584598,9,3037,2,36000,1.00296345077
581610,581617,584829,7,3212,2,36000,1.00217932752
581693,581702,584854,9,3152,2,36000,1.00285532995
581710,581716,585093,6,3377,2,36000,1.0017767249
581833,581839,585116,6,3277,2,36000,1.00183094294
581930,581938,585144,8,3206,2,36000,1.00249532127
582058,582064,582067,6,3,8,21600,1.0
582066,582072,585445,6,3373,2,36000,1.0017788319
582091,582097,585314,6,3217,2,36000,1.0018650917
582109,582118,585331,9,3213,2,36000,1.00280112045
582137,582146,585306,9,3160,2,36000,1.00284810127
582153,582159,585372,6,3213,2,36000,1.00186741363
582217,582227,585436,10,3209,2,36000,1.00311623559
582309,582319,585490,10,3171,2,36000,1.00315357931
582344,582352,585499,8,3147,2,36000,1.00254210359
582530,582538,585643,8,3105,2,36000,1.00257648953
582532,582544,585580,12,3036,2,36000,1.00395256917
582721,582728,586075,7,3347,2,36000,1.00209142516
582813,582822,586035,9,3213,2,36000,1.00280112045
582847,582856,585992,9,3136,2,36000,1.00286989796
583014,583022,586188,8,3166,2,36000,1.00252684776
583048,583054,586310,6,3256,2,36000,1.00184275184
583124,583131,586217,7,3086,2,36000,1.00226830849
583141,583147,586371,6,3224,2,36000,1.00186104218
583228,583239,586525,11,3286,2,36000,1.003347535
583229,583244,586512,15,3268,2,36000,1.00458996328
583285,583295,586457,10,3162,2,36000,1.00316255534
583362,583371,586648,9,3277,2,36000,1.0027464144
583507,583514,586687,7,3173,2,36000,1.00220611409
583526,583534,586826,8,3292,2,36000,1.00243013366
583557,583565,586699,8,3134,2,36000,1.00255264837
583774,583784,586841,10,3057,2,36000,1.0032711809
584217,584223,587450,6,3227,2,36000,1.00185931205
584249,584256,587345,7,3089,2,36000,1.00226610554
584265,584270,587447,5,3177,2,36000,1.00157381177
584378,584387,587649,9,3262,2,36000,1.00275904353
584516,584525,587855,9,3330,2,36000,1.0027027027
584602,584609,587752,7,3143,2,36000,1.00222717149
584633,584643,587937,10,3294,2,36000,1.00303582271
584655,584665,587963,10,3298,2,36000,1.00303214069
584671,584677,587826,6,3149,2,36000,1.00190536678
584769,584778,588057,9,3279,2,36000,1.00274473925
584831,584841,588142,10,3301,2,36000,1.00302938503
584855,584865,587956,10,3091,2,36000,1.00323519896
585094,585104,588191,10,3087,2,36000,1.00323939099
585119,585127,588233,8,3106,2,36000,1.00257566001
585147,585155,588235,8,3080,2,36000,1.0025974026
585311,585317,588506,6,3189,2,36000,1.00188146754
585328,585334,588674,6,3340,2,36000,1.00179640719
585345,585352,588487,7,3135,2,36000,1.00223285486
585375,585383,588681,8,3298,2,36000,1.00242571255
585441,585447,588807,6,3360,2,36000,1.00178571429
585459,585465,588608,6,3143,2,36000,1.00190900414
585495,585501,588688,6,3187,2,36000,1.00188264826
585512,585518,588685,6,3167,2,36000,1.00189453742
585583,585591,588769,8,3178,2,36000,1.00251730648
585645,585654,588866,9,3212,2,36000,1.00280199253
585994,586003,589182,9,3179,2,36000,1.00283107896
586037,586046,589402,9,3356,2,36000,1.002681764
586077,586086,589449,9,3363,2,36000,1.00267618198
586191,586199,589634,8,3435,2,36000,1.00232896652
586219,586228,589333,9,3105,2,36000,1.00289855072
586291,586297,586301,6,4,4,14400,1.0
586312,586321,589540,9,3219,2,36000,1.00279589935
586374,586382,589692,8,3310,2,36000,1.00241691843
586460,586469,589765,9,3296,2,36000,1.00273058252
586518,586524,589886,6,3362,2,36000,1.00178465199
586535,586541,589799,6,3258,2,36000,1.00184162063
586596,586602,586606,6,4,4,14400,1.0
586651,586660,589918,9,3258,2,36000,1.00276243094
586667,586674,586835,7,161,4,14400,1.04347826087
586689,586698,589722,9,3024,2,36000,1.00297619048
586705,586711,589833,6,3122,2,36000,1.00192184497
586828,586837,590177,9,3340,2,36000,1.00269461078
586845,586852,590000,7,3148,2,36000,1.00222363405
587049,587055,587056,6,1,4,14400,1.0
587111,587117,587120,6,3,4,14400,1.0
587347,587356,590547,9,3191,2,36000,1.00282043247
587456,587462,590539,6,3077,2,36000,1.00194995125
587457,587468,590675,11,3207,2,36000,1.00342999688
587655,587661,590851,6,3190,2,36000,1.00188087774
587754,587763,591014,9,3251,2,36000,1.00276837896
587828,587838,591055,10,3217,2,36000,1.00310848617
587856,587866,591056,10,3190,2,36000,1.00313479624
587939,587948,591263,9,3315,2,36000,1.00271493213
587959,587967,591108,8,3141,2,36000,1.00254695957
587975,587981,591233,6,3252,2,36000,1.00184501845
588059,588068,591271,9,3203,2,36000,1.00280986575
588145,588153,591434,8,3281,2,36000,1.00243828101
588163,588169,588183,6,14,4,14400,1.42857142857
588193,588202,591237,9,3035,2,36000,1.00296540362
588235,588244,591430,9,3186,2,36000,1.00282485876
588236,588250,591429,14,3179,2,36000,1.0044039006
588498,588504,591650,6,3146,2,36000,1.00190718373
588515,588522,591777,7,3255,2,36000,1.00215053763
588615,588621,591913,6,3292,2,36000,1.00182260024
588681,588687,591880,6,3193,2,36000,1.00187911055
588682,588693,591895,11,3202,2,36000,1.0034353529
588702,588708,591919,6,3211,2,36000,1.00186857677
588703,588714,591921,11,3207,2,36000,1.00342999688
588776,588783,591976,7,3193,2,36000,1.00219229565
588811,588818,592059,7,3241,2,36000,1.00215982721
588870,588878,592199,8,3321,2,36000,1.00240891298
589185,589193,592479,8,3286,2,36000,1.00243457091
589335,589344,592485,9,3141,2,36000,1.00286532951
589405,589413,592716,8,3303,2,36000,1.00242204057
589455,589461,592541,6,3080,2,36000,1.00194805195
589541,589551,592920,10,3369,2,36000,1.00296823983
589637,589645,592777,8,3132,2,36000,1.00255427842
589695,589703,592909,8,3206,2,36000,1.00249532127
589724,589733,592929,9,3196,2,36000,1.00281602003
589769,589776,592905,7,3129,2,36000,1.00223713647
589802,589810,592947,8,3137,2,36000,1.0025502072
589835,589844,593023,9,3179,2,36000,1.00283107896
589890,589897,593092,7,3195,2,36000,1.00219092332
589923,589929,593141,6,3212,2,36000,1.00186799502
590002,590011,593278,9,3267,2,36000,1.00275482094
590179,590188,593475,9,3287,2,36000,1.00273805902
590542,590550,593667,8,3117,2,36000,1.00256657042
590557,590563,593817,6,3254,2,36000,1.00184388445
590678,590687,593940,9,3253,2,36000,1.00276667691
590856,590862,594054,6,3192,2,36000,1.00187969925
591017,591025,594293,8,3268,2,36000,1.00244798042
591058,591066,594245,8,3179,2,36000,1.00251651463
591059,591072,594308,13,3236,2,36000,1.00401730532
591112,591119,594316,7,3197,2,36000,1.00218955271
591238,591244,594643,6,3399,2,36000,1.00176522507
591239,591250,594289,11,3039,2,36000,1.00361961171
591264,591274,594343,10,3069,2,36000,1.00325839036
591280,591286,594383,6,3097,2,36000,1.00193735873
591430,591440,594750,10,3310,2,36000,1.00302114804
591432,591446,594708,14,3262,2,36000,1.00429184549
591447,591453,594799,6,3346,2,36000,1.00179318589
591470,591477,591478,7,1,2,3540,1.0
591656,591662,594787,6,3125,2,36000,1.00192
591783,591788,595139,5,3351,2,36000,1.00149209191
591882,591891,595073,9,3182,2,36000,1.00282840981
591897,591906,595179,9,3273,2,36000,1.00274977085
591916,591924,595174,8,3250,2,36000,1.00246153846
591934,591940,595125,6,3185,2,36000,1.00188383046
591935,591946,595060,11,3114,2,36000,1.00353243417
591979,591987,595120,8,3133,2,36000,1.00255346313
592062,592070,595395,8,3325,2,36000,1.00240601504
592203,592210,595308,7,3098,2,36000,1.00225952227
592480,592490,595655,10,3165,2,36000,1.00315955766
592495,592502,595636,7,3134,2,36000,1.00223356733
592545,592553,595599,8,3046,2,36000,1.00262639527
592720,592727,596004,7,3277,2,36000,1.00213610009
592782,592789,595998,7,3209,2,36000,1.00218136491
592908,592917,596163,9,3246,2,36000,1.00277264325
592923,592929,596092,6,3163,2,36000,1.00189693329
592924,592935,596181,11,3246,2,36000,1.0033887862
592940,592946,596024,6,3078,2,36000,1.00194931774
592956,592962,596117,6,3155,2,36000,1.00190174326
593026,593034,596304,8,3270,2,36000,1.00244648318
593094,593103,596313,9,3210,2,36000,1.00280373832
593143,593152,596339,9,3187,2,36000,1.00282397239
593281,593290,596614,9,3324,2,36000,1.00270758123
593478,593486,596733,8,3247,2,36000,1.00246381275
593671,593679,597034,8,3355,2,36000,1.00238450075
593819,593829,596947,10,3118,2,36000,1.00320718409
593941,593951,597119,10,3168,2,36000,1.00315656566
594055,594065,597294,10,3229,2,36000,1.00309693404
594247,594257,597365,10,3108,2,36000,1.00321750322
594294,594300,597464,6,3164,2,36000,1.00189633375
594295,594306,597647,11,3341,2,36000,1.00329242742
594313,594319,597524,6,3205,2,36000,1.00187207488
594333,594340,597554,7,3214,2,36000,1.00217797138
594351,594357,597563,6,3206,2,36000,1.00187149095
594390,594396,597633,6,3237,2,36000,1.00185356812
594646,594654,597755,8,3101,2,36000,1.00257981296
594712,594719,597905,7,3186,2,36000,1.00219711237
594752,594761,597945,9,3184,2,36000,1.00282663317
594789,594798,597970,9,3172,2,36000,1.00283732661
594804,594810,598049,6,3239,2,36000,1.00185242359
595064,595072,598298,8,3226,2,36000,1.00247985121
595081,595087,598305,6,3218,2,36000,1.00186451212
595128,595134,598485,6,3351,2,36000,1.0017905103
595129,595140,598437,11,3297,2,36000,1.00333636639
595145,595151,598506,6,3355,2,36000,1.00178837556
595176,595185,598388,9,3203,2,36000,1.00280986575
595192,595198,598265,6,3067,2,36000,1.0019563091
595311,595320,598533,9,3213,2,36000,1.00280112045
595397,595406,598647,9,3241,2,36000,1.0027769207
595608,595614,598707,6,3093,2,36000,1.00193986421
595642,595647,598829,5,3182,2,36000,1.00157133878
595659,595666,598764,7,3098,2,36000,1.00225952227
596002,596009,599227,7,3218,2,36000,1.00217526414
596017,596023,599148,6,3125,2,36000,1.00192
596032,596039,599261,7,3222,2,36000,1.00217256363
596094,596103,599286,9,3183,2,36000,1.00282752121
596118,596128,599394,10,3266,2,36000,1.00306184936
596165,596174,599420,9,3246,2,36000,1.00277264325
596183,596192,599401,9,3209,2,36000,1.00280461203
596310,596316,599589,6,3273,2,36000,1.00183318057
596326,596333,599508,7,3175,2,36000,1.00220472441
596345,596350,599590,5,3240,2,36000,1.00154320988
596616,596625,599904,9,3279,2,36000,1.00274473925
596735,596744,600049,9,3305,2,36000,1.00272314675
596953,596958,600315,5,3357,2,36000,1.00148942508
597038,597045,600249,7,3204,2,36000,1.00218476904
597121,597130,600327,9,3197,2,36000,1.00281513919
597298,597305,600497,7,3192,2,36000,1.00219298246
597368,597376,600593,8,3217,2,36000,1.00248678893
597467,597476,600615,9,3139,2,36000,1.00286715514
597528,597535,600847,7,3312,2,36000,1.00211352657
597556,597565,600623,9,3058,2,36000,1.00294310007
597573,597579,600818,6,3239,2,36000,1.00185242359
597637,597644,600872,7,3228,2,36000,1.0021685254
597654,597660,600755,6,3095,2,36000,1.00193861066
597758,597766,601155,8,3389,2,36000,1.00236057834
597908,597917,601097,9,3180,2,36000,1.00283018868
597948,597956,601071,8,3115,2,36000,1.0025682183
597973,597982,601149,9,3167,2,36000,1.00284180613
598053,598060,601270,7,3210,2,36000,1.00218068536
598267,598277,601459,10,3182,2,36000,1.00314267756
598306,598312,601460,6,3148,2,36000,1.00190597205
598324,598330,601483,6,3153,2,36000,1.00190294957
598395,598401,601486,6,3085,2,36000,1.00194489465
598444,598450,601673,6,3223,2,36000,1.00186161961
598490,598496,601664,6,3168,2,36000,1.00189393939
598511,598517,601791,6,3274,2,36000,1.00183262065
598536,598545,601675,9,3130,2,36000,1.00287539936
598650,598658,601774,8,3116,2,36000,1.00256739409
598709,598718,601885,9,3167,2,36000,1.00284180613
598768,598775,601877,7,3102,2,36000,1.00225660864
598832,598840,601964,8,3124,2,36000,1.00256081946
599153,599159,602494,6,3335,2,36000,1.00179910045
599229,599239,602310,10,3071,2,36000,1.00325626832
599263,599273,602480,10,3207,2,36000,1.00311817898
599288,599297,602597,9,3300,2,36000,1.00272727273
599398,599406,602621,8,3215,2,36000,1.00248833593
599414,599420,602776,6,3356,2,36000,1.00178784267
599429,599435,602642,6,3207,2,36000,1.00187090739
599512,599519,602751,7,3232,2,36000,1.00216584158
599593,599600,602705,7,3105,2,36000,1.00225442834
599594,599606,602819,12,3213,2,36000,1.00373482726
599907,599915,603055,8,3140,2,36000,1.0025477707
600051,600060,603284,9,3224,2,36000,1.00279156328
600252,600260,603515,8,3255,2,36000,1.0024577573
600309,600315,600383,6,68,4,14400,1.08823529412
600320,600326,603414,6,3088,2,36000,1.00194300518
600337,600343,603638,6,3295,2,36000,1.00182094082
600503,600508,603838,5,3330,2,36000,1.0015015015
600596,600605,603859,9,3254,2,36000,1.00276582667
600618,600626,603837,8,3211,2,36000,1.00249143569
600634,600640,603879,6,3239,2,36000,1.00185242359
600756,600766,603890,10,3124,2,36000,1.00320102433
600821,600829,604040,8,3211,2,36000,1.00249143569
600848,600858,604143,10,3285,2,36000,1.00304414003
600876,600883,604024,7,3141,2,36000,1.00222858962
601074,601082,604286,8,3204,2,36000,1.0024968789
601102,601108,604301,6,3193,2,36000,1.00187911055
601154,601160,604453,6,3293,2,36000,1.00182204677
601171,601177,604401,6,3224,2,36000,1.00186104218
601276,601282,604439,6,3157,2,36000,1.00190053849
601427,601433,601496,6,63,4,14400,1.09523809524
601461,601470,604755,9,3285,2,36000,1.00273972603
601462,601476,604690,14,3214,2,36000,1.00435594275
601488,601494,604843,6,3349,2,36000,1.00179157958
601489,601500,604663,11,3163,2,36000,1.00347771103
601668,601676,604824,8,3148,2,36000,1.00254129606
601685,601692,604852,7,3160,2,36000,1.00221518987
601687,601698,604764,11,3066,2,36000,1.00358773646
601780,601785,604837,5,3052,2,36000,1.00163826999
601798,601803,605188,5,3385,2,36000,1.00147710487
601881,601888,604940,7,3052,2,36000,1.00229357798
601899,601905,605254,6,3349,2,36000,1.00179157958
601967,601975,605171,8,3196,2,36000,1.00250312891
602305,602311,602312,6,1,2,3540,1.0
602313,602321,605619,8,3298,2,36000,1.00242571255
602487,602493,605715,6,3222,2,36000,1.00186219739
602504,602510,605707,6,3197,2,36000,1.00187675946
602600,602608,605796,8,3188,2,36000,1.00250941029
602624,602632,605920,8,3288,2,36000,1.00243309002
602646,602653,605820,7,3167,2,36000,1.00221029365
602707,602716,605858,9,3142,2,36000,1.00286441757
602753,602763,605967,10,3204,2,36000,1.00312109863
602777,602788,605937,11,3149,2,36000,1.00349317244
602820,602830,605977,10,3147,2,36000,1.00317762949
602905,602911,611177,6,8266,15,36000,1.00072586499
603039,603045,611156,6,8111,15,57600,1.00073973616
603059,603066,606268,7,3202,2,36000,1.00218613367
603286,603295,606456,9,3161,2,36000,1.00284720025
603417,603425,606624,8,3199,2,36000,1.00250078149
603518,603526,606676,8,3150,2,36000,1.00253968254
603641,603649,606820,8,3171,2,36000,1.00252286345
603842,603848,607107,6,3259,2,36000,1.00184105554
603844,603854,607113,10,3259,2,36000,1.0030684259
603862,603870,607268,8,3398,2,36000,1.00235432607
603886,603892,607065,6,3173,2,36000,1.00189095493
603903,603910,607134,7,3224,2,36000,1.00217121588
604026,604035,607157,9,3122,2,36000,1.00288276746
604044,604051,607277,7,3226,2,36000,1.00216986981
604146,604154,607262,8,3108,2,36000,1.00257400257
604288,604298,607543,10,3245,2,36000,1.0030816641
604304,604312,607413,8,3101,2,36000,1.00257981296
604402,604412,607684,10,3272,2,36000,1.00305623472
604446,604453,607806,7,3353,2,36000,1.00208768267
604463,604470,607693,7,3223,2,36000,1.00217188954
604665,604674,607771,9,3097,2,36000,1.0029060381
604691,604701,607966,10,3265,2,36000,1.00306278714
604758,604766,607954,8,3188,2,36000,1.00250941029
604774,604780,608112,6,3332,2,36000,1.00180072029
