SubmitTime,StartTime,EndTime,QueuedTime,RunTime,NodesRequested,walltime,bslowdown
29,37,2755,8,2718,2,36000,1.00294334069
30,43,3417,13,3374,2,36000,1.00385299348
103,110,4183,7,4073,2,36000,1.00171863491
275,283,2746,8,2463,2,36000,1.00324807146
373,383,2963,10,2580,2,36000,1.00387596899
374,388,2940,14,2552,2,36000,1.00548589342
389,395,4695,6,4300,2,36000,1.00139534884
423,433,2984,10,2551,2,36000,1.00392003136
565,573,3269,8,2696,2,36000,1.00296735905
580,586,3945,6,3359,2,36000,1.00178624591
614,621,3306,7,2685,2,36000,1.00260707635
629,638,3193,9,2555,2,36000,1.00352250489
669,679,3258,10,2579,2,36000,1.00387747189
733,741,3616,8,2875,2,36000,1.0027826087
760,769,4992,9,4223,2,36000,1.00213118636
762,775,3441,13,2666,2,36000,1.00487621905
783,791,3511,8,2720,2,36000,1.00294117647
798,804,3584,6,2780,2,36000,1.00215827338
813,819,3483,6,2664,2,36000,1.00225225225
926,934,5138,8,4204,2,36000,1.00190294957
972,986,3560,14,2574,2,36000,1.00543900544
996,1006,3625,10,2619,2,36000,1.00381825124
1039,1047,3807,8,2760,2,36000,1.00289855072
1075,1084,4243,9,3159,2,36000,1.00284900285
1148,1158,3811,10,2653,2,36000,1.00376931775
1163,1176,5241,13,4065,2,36000,1.00319803198
1333,1342,5620,9,4278,2,36000,1.00210378682
1682,1691,5841,9,4150,2,36000,1.0021686747
1755,1764,5925,9,4161,2,36000,1.0021629416
1797,1807,5780,10,3973,2,36000,1.00251698968
1945,1955,6017,10,4062,2,36000,1.00246184146
2076,2085,4694,9,2609,2,36000,1.00344959755
2155,2163,4473,8,2310,2,36000,1.00346320346
2370,2378,6394,8,4016,2,36000,1.00199203187
2427,2437,5123,10,2686,2,36000,1.00372300819
2449,2458,5126,9,2668,2,36000,1.00337331334
2464,2470,5046,6,2576,2,36000,1.00232919255
2749,2757,5606,8,2849,2,36000,1.00280800281
2764,2770,6961,6,4191,2,36000,1.00143163923
2942,2951,7238,9,4287,2,36000,1.00209937019
2966,2974,5446,8,2472,2,36000,1.00323624595
2988,2995,5588,7,2593,2,36000,1.00269957578
3194,3204,5782,10,2578,2,36000,1.00387897595
3261,3270,7510,9,4240,2,36000,1.00212264151
3276,3282,5854,6,2572,2,36000,1.00233281493
3310,3317,5970,7,2653,2,36000,1.00263852243
3419,3428,7480,9,4052,2,36000,1.00222112537
3444,3453,6058,9,2605,2,36000,1.00345489443
3486,3494,6083,8,2589,2,36000,1.00308999614
3513,3522,7684,9,4162,2,36000,1.00216242191
3562,3571,6278,9,2707,2,36000,1.00332471371
3586,3595,6221,9,2626,2,36000,1.0034272658
3617,3627,6110,10,2483,2,36000,1.00402738623
3633,3639,6500,6,2861,2,36000,1.00209716882
3634,3645,7347,11,3702,2,36000,1.00297136683
3811,3818,8019,7,4201,2,36000,1.00166626994
3813,3824,6253,11,2429,2,36000,1.0045286126
3947,3957,6653,10,2696,2,36000,1.00370919881
4063,4073,6751,10,2678,2,36000,1.00373412995
4095,4101,9232,6,5131,1,10800,1.0011693627
4157,4165,6751,8,2586,2,36000,1.00309358082
4185,4194,6933,9,2739,2,36000,1.00328587076
4246,4254,8448,8,4194,2,36000,1.00190748689
4473,4484,6983,11,2499,2,36000,1.0044017607
4696,4706,7301,10,2595,2,36000,1.00385356455
4697,4711,7121,14,2410,2,36000,1.00580912863
4993,5004,7730,11,2726,2,36000,1.00403521643
5048,5057,7724,9,2667,2,36000,1.00337457818
5122,5134,7591,12,2457,2,36000,1.00488400488
5137,5143,9089,6,3946,2,36000,1.00152052712
5153,5159,7701,6,2542,2,36000,1.00236034618
5244,5252,7947,8,2695,2,36000,1.00296846011
5448,5457,8146,9,2689,2,36000,1.00334696913
5591,5599,9847,8,4248,2,36000,1.00188323917
5607,5617,8316,10,2699,2,36000,1.00370507595
5622,5631,8190,9,2559,2,36000,1.00351699883
5781,5791,8475,10,2684,2,36000,1.00372578241
5796,5802,8412,6,2610,2,36000,1.00229885057
5842,5853,8479,11,2626,2,36000,1.00418888043
5857,5866,8403,9,2537,2,36000,1.00354749704
5928,5936,8625,8,2689,2,36000,1.00297508367
5971,5981,8577,10,2596,2,36000,1.00385208012
6020,6028,8680,8,2652,2,36000,1.00301659125
6061,6070,8562,9,2492,2,36000,1.00361155698
6085,6094,8752,9,2658,2,36000,1.00338600451
6113,6122,8648,9,2526,2,36000,1.00356294537
6224,6232,8881,8,2649,2,36000,1.00302000755
6255,6264,8857,9,2593,2,36000,1.00347088315
6280,6289,10359,9,4070,2,36000,1.00221130221
6396,6405,10588,9,4183,2,36000,1.00215156586
6503,6511,10038,8,3527,2,36000,1.00226821661
6655,6664,9333,9,2669,2,36000,1.00337204946
6753,6762,9451,9,2689,2,36000,1.00334696913
6754,6767,10833,13,4066,2,36000,1.00319724545
6934,6944,9581,10,2637,2,36000,1.00379218809
6965,6973,9524,8,2551,2,36000,1.00313602509
6986,6994,9456,8,2462,2,36000,1.00324939074
7124,7132,9674,8,2542,2,36000,1.00314712825
7241,7249,9917,8,2668,2,36000,1.00299850075
7302,7312,9852,10,2540,2,36000,1.00393700787
7348,7358,10008,10,2650,2,36000,1.00377358491
7483,7491,10120,8,2629,2,36000,1.00304298212
7513,7521,10157,8,2636,2,36000,1.00303490137
7592,7602,11490,10,3888,2,36000,1.00257201646
7687,7695,10345,8,2650,2,36000,1.00301886792
7702,7712,11798,10,4086,2,36000,1.0024473813
7726,7735,10457,9,2722,2,36000,1.00330639236
7742,7748,10326,6,2578,2,36000,1.00232738557
7949,7959,10483,10,2524,2,36000,1.00396196513
8023,8030,10548,7,2518,2,36000,1.00277998411
8149,8158,10737,9,2579,2,36000,1.0034897247
8189,8201,10992,12,2791,2,36000,1.00429953422
8317,8327,12360,10,4033,2,36000,1.00247954376
8405,8414,11152,9,2738,2,36000,1.00328707085
8420,8426,12601,6,4175,2,36000,1.00143712575
8448,8459,10914,11,2455,2,36000,1.00448065173
8476,8486,11137,10,2651,2,36000,1.00377216145
8491,8497,11191,6,2694,2,36000,1.00222717149
8565,8573,11079,8,2506,2,36000,1.00319233839
8580,8589,11460,9,2871,2,36000,1.00313479624
8627,8636,11371,9,2735,2,36000,1.00329067642
8651,8660,11220,9,2560,2,36000,1.003515625
8681,8691,11365,10,2674,2,36000,1.00373971578
8756,8764,11123,8,2359,2,36000,1.00339126749
8859,8869,11539,10,2670,2,36000,1.00374531835
8884,8893,11486,9,2593,2,36000,1.00347088315
9090,9100,11613,10,2513,2,36000,1.0039793076
9334,9344,11900,10,2556,2,36000,1.00391236307
9452,9462,12011,10,2549,2,36000,1.0039231071
9467,9473,12138,6,2665,2,36000,1.00225140713
9526,9535,13730,9,4195,2,36000,1.0021454112
9584,9592,13746,8,4154,2,36000,1.0019258546
9677,9686,12243,9,2557,2,36000,1.00351974971
9850,9858,12732,8,2874,2,36000,1.0027835769
9865,9871,12294,6,2423,2,36000,1.00247626909
9917,9928,14032,11,4104,2,36000,1.00268031189
10009,10019,13945,10,3926,2,36000,1.00254712175
10040,10049,13870,9,3821,2,36000,1.00235540434
10123,10131,12795,8,2664,2,36000,1.003003003
10163,10170,12817,7,2647,2,36000,1.00264450321
10328,10338,12893,10,2555,2,36000,1.00391389432
10349,10357,14603,8,4246,2,36000,1.00188412624
10364,10370,12981,6,2611,2,36000,1.00229797013
10460,10469,13017,9,2548,2,36000,1.0035321821
10484,10494,13084,10,2590,2,36000,1.00386100386
10551,10560,14518,9,3958,2,36000,1.00227387569
10590,10599,13187,9,2588,2,36000,1.00347758887
10739,10749,13262,10,2513,2,36000,1.0039793076
10835,10844,13455,9,2611,2,36000,1.00344695519
10917,10926,13233,9,2307,2,36000,1.00390117035
10993,11003,13608,10,2605,2,36000,1.00383877159
11082,11090,13629,8,2539,2,36000,1.00315084679
11124,11134,13731,10,2597,2,36000,1.00385059684
11140,11148,13871,8,2723,2,36000,1.0029379361
11155,11163,15301,8,4138,2,36000,1.00193330111
11192,11203,13610,11,2407,2,36000,1.00457000415
11223,11231,13927,8,2696,2,36000,1.00296735905
11366,11376,15532,10,4156,2,36000,1.00240615977
11381,11387,14629,6,3242,2,36000,1.00185070944
11464,11471,15523,7,4052,2,36000,1.00172754195
11488,11497,14207,9,2710,2,36000,1.00332103321
11503,11509,15482,6,3973,2,36000,1.00151019381
11540,11550,14678,10,3128,2,36000,1.00319693095
11617,11624,14356,7,2732,2,36000,1.00256222548
11799,11810,14350,11,2540,2,36000,1.00433070866
11903,11911,14398,8,2487,2,36000,1.00321672698
12013,12023,14529,10,2506,2,36000,1.00399042298
12141,12150,16216,9,4066,2,36000,1.00221347762
12244,12255,14752,11,2497,2,36000,1.00440528634
12296,12305,14864,9,2559,2,36000,1.00351699883
12363,12371,16519,8,4148,2,36000,1.00192864031
12604,12613,15084,9,2471,2,36000,1.0036422501
12735,12744,15554,9,2810,2,36000,1.00320284698
12796,12807,17008,11,4201,2,36000,1.00261842418
12818,12828,15398,10,2570,2,36000,1.00389105058
12894,12905,16928,11,4023,2,36000,1.0027342779
12982,12992,15884,10,2892,2,36000,1.00345781466
13019,13028,17247,9,4219,2,36000,1.00213320692
13086,13096,15747,10,2651,2,36000,1.00377216145
13187,13198,15833,11,2635,2,36000,1.00417457306
13237,13244,15758,7,2514,2,36000,1.00278440732
13264,13273,15802,9,2529,2,36000,1.00355871886
13456,13466,16194,10,2728,2,36000,1.00366568915
13612,13621,16336,9,2715,2,36000,1.00331491713
13613,13626,16246,13,2620,2,36000,1.00496183206
13632,13640,16195,8,2555,2,36000,1.00313111546
13733,13741,16304,8,2563,2,36000,1.00312134218
13734,13747,16374,13,2627,2,36000,1.00494861058
13749,13757,16416,8,2659,2,36000,1.00300864987
13871,13881,16463,10,2582,2,36000,1.00387296669
13872,13887,17983,15,4096,2,36000,1.00366210938
13928,13938,16566,10,2628,2,36000,1.00380517504
13946,13956,16679,10,2723,2,36000,1.00367242012
14035,14043,16629,8,2586,2,36000,1.00309358082
14210,14219,16759,9,2540,2,36000,1.00354330709
14353,14361,16984,8,2623,2,36000,1.00304994281
14368,14374,18538,6,4164,2,36000,1.00144092219
14401,14409,16893,8,2484,2,36000,1.00322061192
14522,14530,17098,8,2568,2,36000,1.0031152648
14537,14543,18831,6,4288,2,36000,1.00139925373
14604,14614,17274,10,2660,2,36000,1.0037593985
14632,14641,18496,9,3855,2,36000,1.00233463035
14681,14689,17278,8,2589,2,36000,1.00308999614
14755,14763,17582,8,2819,2,36000,1.00283788578
14868,14876,17579,8,2703,2,36000,1.00295967444
15087,15095,19125,8,4030,2,36000,1.00198511166
15303,15313,17887,10,2574,2,36000,1.00388500389
15400,15409,18145,9,2736,2,36000,1.00328947368
15483,15493,18034,10,2541,2,36000,1.00393545848
15525,15539,18134,14,2595,2,36000,1.00539499037
15541,15547,19816,6,4269,2,36000,1.00140548138
15556,15565,18068,9,2503,2,36000,1.00359568518
15751,15759,18260,8,2501,2,36000,1.00319872051
15766,15772,19827,6,4055,2,36000,1.00147965475
15806,15814,18440,8,2626,2,36000,1.00304645849
15837,15844,18496,7,2652,2,36000,1.00263951735
15885,15895,18596,10,2701,2,36000,1.00370233247
16196,16206,18831,10,2625,2,36000,1.00380952381
16197,16211,20306,14,4095,2,36000,1.00341880342
16219,16227,18857,8,2630,2,36000,1.0030418251
16249,16257,18876,8,2619,2,36000,1.00305460099
16305,16315,20368,10,4053,2,36000,1.00246730817
16338,16348,20434,10,4086,2,36000,1.0024473813
16377,16386,19037,9,2651,2,36000,1.0033949453
16417,16427,19216,10,2789,2,36000,1.00358551452
16466,16474,19127,8,2653,2,36000,1.0030154542
16520,16530,19190,10,2660,2,36000,1.0037593985
16569,16577,19000,8,2423,2,36000,1.00330169212
16589,16595,16693,6,98,1,1800,1.0612244898
16630,16640,19235,10,2595,2,36000,1.00385356455
16682,16691,19397,9,2706,2,36000,1.00332594235
16761,16770,19424,9,2654,2,36000,1.00339110776
16895,16905,19659,10,2754,2,36000,1.00363108206
16930,16939,19670,9,2731,2,36000,1.00329549616
16984,16995,21066,11,4071,2,36000,1.00270203881
16999,17006,17110,7,104,1,1800,1.06730769231
17009,17019,19640,10,2621,2,36000,1.00381533766
17101,17110,21229,9,4119,2,36000,1.00218499636
17250,17259,21397,9,4138,2,36000,1.00217496375
17272,17285,21464,13,4179,2,36000,1.00311079206
17287,17293,20048,6,2755,2,36000,1.00217785844
17582,17590,20289,8,2699,2,36000,1.00296406076
17597,17604,20262,7,2658,2,36000,1.00263355907
17726,17732,18231,6,499,1,1800,1.0120240481
17889,17898,20528,9,2630,2,36000,1.00342205323
17986,17994,20779,8,2785,2,36000,1.00287253142
18035,18045,22194,10,4149,2,36000,1.00241021933
18069,18079,20438,10,2359,2,36000,1.00423908436
18136,18145,20679,9,2534,2,36000,1.00355169692
18152,18158,20857,6,2699,2,36000,1.00222304557
18262,18272,20908,10,2636,2,36000,1.00379362671
18441,18451,21101,10,2650,2,36000,1.00377358491
18497,18507,21197,10,2690,2,36000,1.00371747212
18499,18512,21023,13,2511,2,36000,1.00517722023
18542,18550,22746,8,4196,2,36000,1.00190657769
18596,18607,21216,11,2609,2,36000,1.00421617478
18835,18866,21560,31,2694,2,36000,1.01150705271
18836,18871,21466,35,2595,2,36000,1.01348747592
18860,18877,22966,17,4089,2,36000,1.00415749572
18878,18887,21416,9,2529,2,36000,1.00355871886
19000,19011,21634,11,2623,2,36000,1.00419367137
19040,19048,21747,8,2699,2,36000,1.00296406076
19127,19136,21904,9,2768,2,36000,1.00325144509
19142,19148,21643,6,2495,2,36000,1.00240480962
19188,19202,23412,14,4210,2,36000,1.00332541568
19219,19227,23269,8,4042,2,36000,1.00197921821
19237,19246,22003,9,2757,2,36000,1.00326441785
19398,19409,23703,11,4294,2,36000,1.00256171402
19426,19435,22086,9,2651,2,36000,1.0033949453
19642,19651,22259,9,2608,2,36000,1.00345092025
19661,19670,22233,9,2563,2,36000,1.00351150995
19676,19683,23768,7,4085,2,36000,1.00171358629
19819,19828,22544,9,2716,2,36000,1.00331369661
19834,19840,22500,6,2660,2,36000,1.0022556391
19926,19932,19970,6,38,1,1800,1.15789473684
20014,20020,20063,6,43,1,1800,1.13953488372
20051,20059,22720,8,2661,2,36000,1.00300638858
20255,20262,20337,7,75,1,1800,1.09333333333
20264,20273,22758,9,2485,2,36000,1.00362173038
20288,20300,22852,12,2552,2,36000,1.00470219436
20306,20317,22831,11,2514,2,36000,1.00437549722
20371,20379,22964,8,2585,2,36000,1.00309477756
20384,20390,20468,6,78,1,1800,1.07692307692
20435,20445,23086,10,2641,2,36000,1.00378644453
20450,20456,24621,6,4165,2,36000,1.00144057623
20530,20540,23257,10,2717,2,36000,1.00368053
20682,20690,24813,8,4123,2,36000,1.00194033471
20782,20790,23492,8,2702,2,36000,1.0029607698
20859,20868,23314,9,2446,2,36000,1.0036794767
20863,20874,21102,11,228,1,1800,1.04824561404
20910,20919,23342,9,2423,2,36000,1.00371440363
21026,21034,23647,8,2613,2,36000,1.003061615
21069,21077,23719,8,2642,2,36000,1.00302800908
21103,21112,23667,9,2555,2,36000,1.00352250489
21200,21209,23630,9,2421,2,36000,1.00371747212
21219,21227,23808,8,2581,2,36000,1.00309957381
21233,21240,23635,7,2395,2,36000,1.00292275574
21351,21357,21621,6,264,1,1800,1.02272727273
21398,21408,24087,10,2679,2,36000,1.0037327361
21420,21428,24054,8,2626,2,36000,1.00304645849
21466,21475,25489,9,4014,2,36000,1.00224215247
21467,21481,25624,14,4143,2,36000,1.00337919382
21562,21572,25723,10,4151,2,36000,1.00240905806
21638,21646,25765,8,4119,2,36000,1.00194221899
21653,21660,24216,7,2556,2,36000,1.00273865415
21748,21759,24312,11,2553,2,36000,1.00430865648
21906,21916,24633,10,2717,2,36000,1.00368053
22004,22014,24781,10,2767,2,36000,1.00361402241
22089,22097,24691,8,2594,2,36000,1.00308404009
22196,22205,26430,9,4225,2,36000,1.00213017751
22236,22245,24774,9,2529,2,36000,1.00355871886
22261,22271,25646,10,3375,2,36000,1.00296296296
22454,22460,22489,6,29,1,1800,1.20689655172
22501,22511,25156,10,2645,2,36000,1.00378071834
22547,22555,26727,8,4172,2,36000,1.00191754554
22722,22731,25412,9,2681,2,36000,1.00335695636
22747,22757,25503,10,2746,2,36000,1.0036416606
22762,22769,25408,7,2639,2,36000,1.00265251989
22790,22796,22856,6,60,1,1800,1.1
22832,22842,25423,10,2581,2,36000,1.00387446726
22854,22863,25334,9,2471,2,36000,1.0036422501
22967,22975,25594,8,2619,2,36000,1.00305460099
22969,22981,25609,12,2628,2,36000,1.00456621005
23088,23097,27083,9,3986,2,36000,1.00225790266
23259,23269,27358,10,4089,2,36000,1.00244558572
23275,23280,25954,5,2674,2,36000,1.00186985789
23317,23326,25850,9,2524,2,36000,1.00356576862
23345,23353,26036,8,2683,2,36000,1.00298173686
23412,23423,26198,11,2775,2,36000,1.00396396396
23491,23503,27655,12,4152,2,36000,1.00289017341
23600,23606,23726,6,120,1,1800,1.05
23632,23642,27627,10,3985,2,36000,1.00250941029
23647,23653,26282,6,2629,2,36000,1.00228223659
23648,23659,26026,11,2367,2,36000,1.00464723278
23670,23678,26263,8,2585,2,36000,1.00309477756
23707,23714,26193,7,2479,2,36000,1.00282371924
23722,23730,26346,8,2616,2,36000,1.00305810398
23771,23779,26362,8,2583,2,36000,1.00309717383
23811,23819,28035,8,4216,2,36000,1.00189753321
24057,24065,26736,8,2671,2,36000,1.00299513291
24088,24098,26726,10,2628,2,36000,1.00380517504
24217,24227,26997,10,2770,2,36000,1.0036101083
24314,24323,26860,9,2537,2,36000,1.00354749704
24622,24632,27215,10,2583,2,36000,1.00387146729
24640,24646,27320,6,2674,2,36000,1.00224382947
24695,24703,27304,8,2601,2,36000,1.0030757401
24778,24786,27380,8,2594,2,36000,1.00308404009
24793,24799,27347,6,2548,2,36000,1.00235478807
24814,24824,28169,10,3345,2,36000,1.00298953662
25157,25168,27774,11,2606,2,36000,1.0042210284
25334,25345,29386,11,4041,2,36000,1.00272209849
25411,25419,29370,8,3951,2,36000,1.00202480385
25427,25433,28112,6,2679,2,36000,1.00223964166
25428,25439,28089,11,2650,2,36000,1.0041509434
25493,25500,28044,7,2544,2,36000,1.00275157233
25508,25514,28302,6,2788,2,36000,1.00215208034
25597,25605,27950,8,2345,2,36000,1.00341151386
25612,25620,28214,8,2594,2,36000,1.00308404009
25627,25635,28227,8,2592,2,36000,1.00308641975
25648,25658,28267,10,2609,2,36000,1.00383288616
25724,25735,28256,11,2521,2,36000,1.00436334788
25767,25777,28420,10,2643,2,36000,1.00378357927
25853,25862,28536,9,2674,2,36000,1.0033657442
25956,25965,28555,9,2590,2,36000,1.00347490347
26027,26037,28687,10,2650,2,36000,1.00377358491
26042,26047,28781,5,2734,2,36000,1.00182882224
26194,26205,30309,11,4104,2,36000,1.00268031189
26209,26215,28837,6,2622,2,36000,1.00228832952
26264,26274,28851,10,2577,2,36000,1.00388048118
26285,26294,28917,9,2623,2,36000,1.00343118567
26347,26357,29415,10,3058,2,36000,1.00327011118
26365,26373,28972,8,2599,2,36000,1.00307810696
26432,26442,29098,10,2656,2,36000,1.00376506024
26727,26737,29279,10,2542,2,36000,1.00393391031
26729,26742,29235,13,2493,2,36000,1.00521460088
26744,26751,29440,7,2689,2,36000,1.00260319821
26863,26871,29428,8,2557,2,36000,1.00312866641
26998,27008,29577,10,2569,2,36000,1.0038925652
27084,27094,30678,10,3584,2,36000,1.00279017857
27218,27227,29719,9,2492,2,36000,1.00361155698
27306,27315,31431,9,4116,2,36000,1.00218658892
27321,27331,30044,10,2713,2,36000,1.00368595651
27349,27358,31592,9,4234,2,36000,1.0021256495
27365,27370,30058,5,2688,2,36000,1.00186011905
27383,27392,29982,9,2590,2,36000,1.00347490347
27630,27639,30132,9,2493,2,36000,1.0036101083
27658,27666,30184,8,2518,2,36000,1.0031771247
27777,27785,30476,8,2691,2,36000,1.00297287254
27952,27961,30427,9,2466,2,36000,1.00364963504
28038,28046,32315,8,4269,2,36000,1.00187397517
28053,28059,30617,6,2558,2,36000,1.00234558249
28093,28101,30842,8,2741,2,36000,1.00291864283
28114,28123,30711,9,2588,2,36000,1.00347758887
28173,28181,30871,8,2690,2,36000,1.0029739777
28216,28225,32318,9,4093,2,36000,1.00219887613
28231,28238,30531,7,2293,2,36000,1.0030527693
28259,28267,30908,8,2641,2,36000,1.00302915562
28275,28281,30990,6,2709,2,36000,1.00221483942
28305,28314,31003,9,2689,2,36000,1.00334696913
28421,28432,32445,11,4013,2,36000,1.00274109145
28537,28547,32425,10,3878,2,36000,1.00257864879
28556,28566,32540,10,3974,2,36000,1.00251635632
28690,28698,31451,8,2753,2,36000,1.00290592081
28782,28792,31437,10,2645,2,36000,1.00378071834
28838,28848,31472,10,2624,2,36000,1.00381097561
28853,28862,31555,9,2693,2,36000,1.00334199777
28917,28928,32830,11,3902,2,36000,1.00281906715
28973,28983,31627,10,2644,2,36000,1.00378214826
29102,29110,31817,8,2707,2,36000,1.00295530107
29236,29247,32928,11,3681,2,36000,1.00298831839
29280,29290,31928,10,2638,2,36000,1.00379075057
29371,29381,32029,10,2648,2,36000,1.00377643505
29389,29397,32079,8,2682,2,36000,1.00298284862
29417,29427,32049,10,2622,2,36000,1.00381388253
29432,29439,31854,7,2415,2,36000,1.00289855072
29447,29454,32119,7,2665,2,36000,1.00262664165
29579,29588,31969,9,2381,2,36000,1.0037799244
29720,29730,32302,10,2572,2,36000,1.00388802488
29983,29993,32601,10,2608,2,36000,1.00383435583
30048,30056,32602,8,2546,2,36000,1.00314218382
30063,30069,32733,6,2664,2,36000,1.00225225225
30134,30143,32710,9,2567,2,36000,1.00350603818
30185,30195,32785,10,2590,2,36000,1.00386100386
30312,30320,32948,8,2628,2,36000,1.00304414003
30428,30438,33164,10,2726,2,36000,1.00366837858
30479,30487,33019,8,2532,2,36000,1.00315955766
30532,30542,33115,10,2573,2,36000,1.0038865138
30620,30628,33276,8,2648,2,36000,1.00302114804
30679,30689,33283,10,2594,2,36000,1.00385505012
30715,30722,33497,7,2775,2,36000,1.00252252252
30844,30854,33587,10,2733,2,36000,1.0036589828
30874,30882,33585,8,2703,2,36000,1.00295967444
30909,30919,33502,10,2583,2,36000,1.00387146729
30995,31001,35001,6,4000,2,36000,1.0015
31011,31017,33684,6,2667,2,36000,1.00224971879
31434,31443,34184,9,2741,2,36000,1.00328347318
31449,31455,34224,6,2769,2,36000,1.00216684724
31464,31470,34035,6,2565,2,36000,1.00233918129
31479,31486,34115,7,2629,2,36000,1.00266260936
31562,31567,34115,5,2548,2,36000,1.00196232339
31593,31604,34310,11,2706,2,36000,1.00406504065
31630,31638,34135,8,2497,2,36000,1.00320384461
31819,31829,34482,10,2653,2,36000,1.00376931775
31856,31865,34529,9,2664,2,36000,1.00337837838
31932,31939,34463,7,2524,2,36000,1.00277337559
31972,31980,34671,8,2691,2,36000,1.00297287254
32032,32040,34892,8,2852,2,36000,1.00280504909
32050,32060,34610,10,2550,2,36000,1.00392156863
32076,32090,36113,14,4023,2,36000,1.00347999006
32122,32130,34705,8,2575,2,36000,1.00310679612
32303,32313,34844,10,2531,2,36000,1.00395100751
32319,32330,35078,11,2748,2,36000,1.00400291121
32320,32335,34938,15,2603,2,36000,1.00576258164
32342,32348,36275,6,3927,1,10800,1.00152788388
32428,32437,35007,9,2570,2,36000,1.00350194553
32447,32456,36482,9,4026,2,36000,1.00223546945
32541,32551,35410,10,2859,2,36000,1.00349772648
32603,32612,35264,9,2652,2,36000,1.00339366516
32605,32618,36676,13,4058,2,36000,1.00320354855
32711,32722,37035,11,4313,2,36000,1.00255042894
32736,32745,35408,9,2663,2,36000,1.00337964701
32788,32796,36625,8,3829,2,36000,1.00208931836
32830,32841,35527,11,2686,2,36000,1.00409530901
32931,32940,35631,9,2691,2,36000,1.00334448161
32949,32959,35885,10,2926,2,36000,1.003417635
33022,33030,35811,8,2781,2,36000,1.00287666307
33117,33126,35649,9,2523,2,36000,1.00356718193
33166,33175,35829,9,2654,2,36000,1.00339110776
33279,33288,36019,9,2731,2,36000,1.00329549616
33294,33300,37598,6,4298,2,36000,1.00139599814
33498,33508,36004,10,2496,2,36000,1.00400641026
33513,33519,36269,6,2750,2,36000,1.00218181818
33587,33602,36262,15,2660,2,36000,1.00563909774
33589,33596,36346,7,2750,2,36000,1.00254545455
33687,33695,37764,8,4069,2,36000,1.00196608503
33911,33917,42600,6,8683,1,345600,1.00069100541
34037,34047,36859,10,2812,2,36000,1.00355618777
34117,34143,36870,26,2727,2,36000,1.00953428676
34118,34148,36781,30,2633,2,36000,1.01139384732
34136,34154,36928,18,2774,2,36000,1.0064888248
34186,34195,38403,9,4208,2,36000,1.00213878327
34225,34235,36876,10,2641,2,36000,1.00378644453
34311,34322,36875,11,2553,2,36000,1.00430865648
34465,34474,37078,9,2604,2,36000,1.0034562212
34484,34494,37156,10,2662,2,36000,1.003756574
34530,34540,36892,10,2352,2,36000,1.00425170068
34613,34621,37341,8,2720,2,36000,1.00294117647
34671,34682,37259,11,2577,2,36000,1.0042685293
34708,34716,37440,8,2724,2,36000,1.00293685756
34846,34855,37417,9,2562,2,36000,1.00351288056
34850,34861,78098,11,43237,16,43200,1.00025441173
34895,34903,39119,8,4216,2,36000,1.00189753321
34940,34950,37435,10,2485,2,36000,1.00402414487
35006,35013,37860,7,2847,2,36000,1.00245872849
35021,35027,37687,6,2660,2,36000,1.0022556391
35082,35089,37875,7,2786,2,36000,1.00251256281
35267,35275,37831,8,2556,2,36000,1.00312989045
35412,35419,38099,7,2680,2,36000,1.0026119403
35413,35425,38047,12,2622,2,36000,1.00457665904
35529,35539,38096,10,2557,2,36000,1.00391083301
35633,35642,38350,9,2708,2,36000,1.00332348597
35652,35660,38134,8,2474,2,36000,1.00323362975
35813,35822,38563,9,2741,2,36000,1.00328347318
35832,35840,38565,8,2725,2,36000,1.00293577982
35887,35896,38562,9,2666,2,36000,1.00337584396
36005,36015,38684,10,2669,2,36000,1.00374672162
36020,36031,38528,11,2497,2,36000,1.00440528634
36115,36124,38784,9,2660,2,36000,1.00338345865
36265,36273,38897,8,2624,2,36000,1.00304878049
36280,36286,38985,6,2699,2,36000,1.00222304557
36347,36357,38932,10,2575,2,36000,1.00388349515
36484,36493,39159,9,2666,2,36000,1.00337584396
36627,36636,39192,9,2556,2,36000,1.00352112676
36680,36687,39312,7,2625,2,36000,1.00266666667
36783,36792,39459,9,2667,2,36000,1.00337457818
36860,36870,39294,10,2424,2,36000,1.00412541254
36877,36883,39537,6,2654,2,36000,1.00226073851
36878,36889,39293,11,2404,2,36000,1.00457570715
36879,36894,39549,15,2655,2,36000,1.00564971751
36894,36903,39591,9,2688,2,36000,1.00334821429
36928,36939,39596,11,2657,2,36000,1.00414000753
37035,37046,39778,11,2732,2,36000,1.00402635432
37081,37089,39606,8,2517,2,36000,1.00317838697
37157,37167,39940,10,2773,2,36000,1.00360620267
37261,37271,39939,10,2668,2,36000,1.00374812594
37343,37352,39867,9,2515,2,36000,1.00357852883
37419,37428,40122,9,2694,2,36000,1.00334075724
37438,37447,40126,9,2679,2,36000,1.00335946249
37453,37459,40217,6,2758,2,36000,1.00217548949
37599,37609,40196,10,2587,2,36000,1.00386548125
37687,37699,40361,12,2662,2,36000,1.00450788881
37766,37775,40374,9,2599,2,36000,1.00346287033
37834,37842,40562,8,2720,2,36000,1.00294117647
37862,37871,40668,9,2797,2,36000,1.00321773329
37877,37886,40495,9,2609,2,36000,1.00344959755
38048,38058,40590,10,2532,2,36000,1.00394944708
38096,38107,40768,11,2661,2,36000,1.00413378429
38111,38118,40817,7,2699,2,36000,1.00259355317
38137,38145,40779,8,2634,2,36000,1.00303720577
38353,38361,40788,8,2427,2,36000,1.00329625052
38405,38414,41111,9,2697,2,36000,1.00333704116
38530,38540,41268,10,2728,2,36000,1.00366568915
38565,38573,41097,8,2524,2,36000,1.00316957211
38566,38579,41307,13,2728,2,36000,1.00476539589
38568,38584,41191,16,2607,2,36000,1.00613732259
38687,38695,40994,8,2299,2,36000,1.00347977381
38784,38795,41255,11,2460,2,36000,1.00447154472
38898,38908,41625,10,2717,2,36000,1.00368053
38934,38943,41668,9,2725,2,36000,1.00330275229
38986,38996,41663,10,2667,2,36000,1.00374953131
39120,39130,41826,10,2696,2,36000,1.00370919881
39163,39171,41757,8,2586,2,36000,1.00309358082
39194,39203,41909,9,2706,2,36000,1.00332594235
39294,39305,41913,11,2608,2,36000,1.00421779141
39296,39310,41990,14,2680,2,36000,1.0052238806
39315,39324,42046,9,2722,2,36000,1.00330639236
39461,39471,42142,10,2671,2,36000,1.00374391614
39540,39548,42158,8,2610,2,36000,1.0030651341
39555,39562,42211,7,2649,2,36000,1.00264250661
39593,39603,42195,10,2592,2,36000,1.00385802469
39608,39615,42225,7,2610,2,36000,1.00268199234
39610,39621,42231,11,2610,2,36000,1.00421455939
39781,39790,42431,9,2641,2,36000,1.00340780008
39870,39878,42489,8,2611,2,36000,1.00306396017
39940,39950,42554,10,2604,2,36000,1.00384024578
39955,39962,42416,7,2454,2,36000,1.00285248574
40124,40133,42765,9,2632,2,36000,1.00341945289
40139,40145,42824,6,2679,2,36000,1.00223964166
40196,40207,42655,11,2448,2,36000,1.00449346405
40218,40228,42991,10,2763,2,36000,1.00361925443
40365,40372,43142,7,2770,2,36000,1.00252707581
40380,40385,43130,5,2745,2,36000,1.00182149362
40498,40506,43094,8,2588,2,36000,1.00309119011
40562,40573,43127,11,2554,2,36000,1.00430696946
40586,40601,43193,15,2592,2,36000,1.00578703704
40669,40679,43341,10,2662,2,36000,1.003756574
40769,40779,43421,10,2642,2,36000,1.00378501136
40784,40790,43373,6,2583,2,36000,1.00232288037
40799,40805,43575,6,2770,2,36000,1.00216606498
40817,40828,43572,11,2744,2,36000,1.00400874636
40996,41005,43562,9,2557,2,36000,1.00351974971
41097,41108,43790,11,2682,2,36000,1.00410141685
41113,41122,43807,9,2685,2,36000,1.00335195531
41193,41202,43870,9,2668,2,36000,1.00337331334
41257,41266,44005,9,2739,2,36000,1.00328587076
41272,41279,43965,7,2686,2,36000,1.00260610573
41309,41318,43941,9,2623,2,36000,1.00343118567
41629,41636,44146,7,2510,2,36000,1.00278884462
41666,41675,44349,9,2674,2,36000,1.0033657442
41681,41687,44372,6,2685,2,36000,1.00223463687
41760,41768,44428,8,2660,2,36000,1.0030075188
41827,41837,44349,10,2512,2,36000,1.00398089172
41914,41920,44555,6,2635,2,36000,1.00227703985
41915,41926,44629,11,2703,2,36000,1.00406955235
41991,42001,44543,10,2542,2,36000,1.00393391031
42049,42057,44631,8,2574,2,36000,1.00310800311
42145,42153,44813,8,2660,2,36000,1.0030075188
42160,42169,44508,9,2339,2,36000,1.0038477982
42197,42206,44842,9,2636,2,36000,1.00341426404
42212,42223,44798,11,2575,2,36000,1.00427184466
42227,42236,44731,9,2495,2,36000,1.00360721443
42242,42249,44959,7,2710,2,36000,1.00258302583
42416,42427,44825,11,2398,2,36000,1.00458715596
42435,42443,44968,8,2525,2,36000,1.00316831683
42490,42501,45107,11,2606,2,36000,1.0042210284
42554,42565,45317,11,2752,2,36000,1.00399709302
42658,42666,45434,8,2768,2,36000,1.00289017341
42765,42776,45504,11,2728,2,36000,1.00403225806
42827,42836,45317,9,2481,2,36000,1.00362756953
42912,42918,45879,6,2961,1,345600,1.00202634245
42994,43002,45576,8,2574,2,36000,1.00310800311
43098,43106,45685,8,2579,2,36000,1.00310197751
43128,43139,45791,11,2652,2,36000,1.00414781297
43144,43150,45777,6,2627,2,36000,1.00228397411
43145,43156,45660,11,2504,2,36000,1.00439297125
43194,43205,45838,11,2633,2,36000,1.00417774402
43343,43352,45955,9,2603,2,36000,1.00345754898
43374,43384,46124,10,2740,2,36000,1.00364963504
43423,43432,46184,9,2752,2,36000,1.00327034884
43564,43573,46162,9,2589,2,36000,1.00347624565
43579,43585,46287,6,2702,2,36000,1.00222057735
43581,43591,46269,10,2678,2,36000,1.00373412995
43791,43801,46529,10,2728,2,36000,1.00366568915
43809,43818,46437,9,2619,2,36000,1.00343642612
43873,43882,46543,9,2661,2,36000,1.00338218715
43943,43952,46633,9,2681,2,36000,1.00335695636
43967,43976,46722,9,2746,2,36000,1.00327749454
44007,44016,46577,9,2561,2,36000,1.00351425225
44148,44157,46635,9,2478,2,36000,1.00363196126
44352,44360,47050,8,2690,2,36000,1.0029739777
44353,44366,47100,13,2734,2,36000,1.00475493782
44372,44383,46986,11,2603,2,36000,1.0042258932
44430,44439,47022,9,2583,2,36000,1.00348432056
44509,44519,47201,10,2682,2,36000,1.00372856078
44546,44554,47144,8,2590,2,36000,1.00308880309
44561,44567,47237,6,2670,2,36000,1.00224719101
44633,44639,47345,6,2706,2,36000,1.0022172949
44634,44646,47412,12,2766,2,36000,1.00433839479
44734,44742,47468,8,2726,2,36000,1.00293470286
44801,44809,47301,8,2492,2,36000,1.00321027287
44816,44824,47349,8,2525,2,36000,1.00316831683
44832,44838,47508,6,2670,2,36000,1.00224719101
44848,44854,47616,6,2762,2,36000,1.00217233888
44960,44970,47587,10,2617,2,36000,1.00382116928
44975,44981,47593,6,2612,2,36000,1.00229709035
45109,45118,47769,9,2651,2,36000,1.0033949453
45319,45328,47971,9,2643,2,36000,1.00340522134
45320,45333,47865,13,2532,2,36000,1.0051342812
45436,45446,48029,10,2583,2,36000,1.00387146729
45505,45516,48231,11,2715,2,36000,1.00405156538
45578,45587,48295,9,2708,2,36000,1.00332348597
45661,45671,48271,10,2600,2,36000,1.00384615385
45688,45696,48374,8,2678,2,36000,1.00298730396
45780,45789,48476,9,2687,2,36000,1.00334946036
45796,45802,48407,6,2605,2,36000,1.00230326296
45839,45849,48545,10,2696,2,36000,1.00370919881
45889,45895,45908,6,13,1,345600,1.46153846154
45958,45966,48550,8,2584,2,36000,1.00309597523
46024,46031,46044,7,13,1,345600,1.53846153846
46126,46135,48771,9,2636,2,36000,1.00341426404
46152,46158,46171,6,13,1,345600,1.46153846154
46166,46173,48763,7,2590,2,36000,1.0027027027
46187,46195,48895,8,2700,2,36000,1.00296296296
46267,46281,48777,14,2496,2,36000,1.00560897436
46289,46299,48973,10,2674,2,36000,1.00373971578
46392,46399,54772,7,8373,1,345600,1.00083602054
46438,46448,49139,10,2691,2,36000,1.00371609067
46530,46540,49278,10,2738,2,36000,1.00365230095
46545,46554,49112,9,2558,2,36000,1.00351837373
46579,46589,49290,10,2701,2,36000,1.00370233247
46637,46644,49055,7,2411,2,36000,1.0029033596
46639,46650,49242,11,2592,2,36000,1.00424382716
46724,46734,49334,10,2600,2,36000,1.00384615385
46988,46998,49564,10,2566,2,36000,1.00389711613
47025,47033,49464,8,2431,2,36000,1.00329082682
47052,47061,49697,9,2636,2,36000,1.00341426404
47101,47111,49860,10,2749,2,36000,1.00363768643
47147,47155,49795,8,2640,2,36000,1.00303030303
47202,47212,49851,10,2639,2,36000,1.00378931413
47238,47248,50006,10,2758,2,36000,1.00362581581
47302,47312,49809,10,2497,2,36000,1.00400480577
47346,47356,50001,10,2645,2,36000,1.00378071834
47361,47367,49972,6,2605,2,36000,1.00230326296
47413,47423,50038,10,2615,2,36000,1.00382409178
47471,47479,50268,8,2789,2,36000,1.00286841162
47512,47519,50172,7,2653,2,36000,1.00263852243
47588,47598,50230,10,2632,2,36000,1.0037993921
47603,47610,50355,7,2745,2,36000,1.00255009107
47619,47627,50247,8,2620,2,36000,1.00305343511
47771,47781,50422,10,2641,2,36000,1.00378644453
47865,47876,50486,11,2610,2,36000,1.00421455939
47972,47982,50560,10,2578,2,36000,1.00387897595
48030,48040,50714,10,2674,2,36000,1.00373971578
48234,48242,51013,8,2771,2,36000,1.00288704439
48274,48283,50944,9,2661,2,36000,1.00338218715
48299,48306,50928,7,2622,2,36000,1.00266971777
48375,48385,51037,10,2652,2,36000,1.00377073906
48409,48418,50863,9,2445,2,36000,1.0036809816
48479,48488,51192,9,2704,2,36000,1.00332840237
48547,48557,51193,10,2636,2,36000,1.00379362671
48562,48568,51290,6,2722,2,36000,1.00220426157
48767,48774,51455,7,2681,2,36000,1.00261096606
48782,48789,51518,7,2729,2,36000,1.00256504214
48784,48795,51556,11,2761,2,36000,1.00398406375
48898,48906,51594,8,2688,2,36000,1.00297619048
48974,48985,51683,11,2698,2,36000,1.00407709414
49056,49066,51558,10,2492,2,36000,1.00401284109
49114,49123,51756,9,2633,2,36000,1.0034181542
49142,49150,51820,8,2670,2,36000,1.00299625468
49243,49254,51927,11,2673,2,36000,1.00411522634
49281,49289,51782,8,2493,2,36000,1.00320898516
49296,49302,51834,6,2532,2,36000,1.00236966825
49336,49345,52021,9,2676,2,36000,1.0033632287
49468,49475,51985,7,2510,2,36000,1.00278884462
49566,49576,52322,10,2746,2,36000,1.0036416606
49700,49708,52330,8,2622,2,36000,1.00305110603
49798,49807,52469,9,2662,2,36000,1.0033809166
49813,49820,52179,7,2359,2,36000,1.00296735905
49853,49863,52547,10,2684,2,36000,1.00372578241
49868,49874,52634,6,2760,2,36000,1.00217391304
49975,49983,52607,8,2624,2,36000,1.00304878049
50003,50012,52690,9,2678,2,36000,1.00336071695
50018,50024,52797,6,2773,2,36000,1.0021637216
50039,50049,52647,10,2598,2,36000,1.0038491147
50174,50183,52675,9,2492,2,36000,1.00361155698
50232,50241,52904,9,2663,2,36000,1.00337964701
50251,50258,52838,7,2580,2,36000,1.00271317829
50269,50280,52976,11,2696,2,36000,1.00408011869
50358,50367,53065,9,2698,2,36000,1.0033358043
50425,50433,53125,8,2692,2,36000,1.0029717682
50487,50497,53146,10,2649,2,36000,1.00377500944
50563,50572,53112,9,2540,2,36000,1.00354330709
50715,50725,53406,10,2681,2,36000,1.00372995151
50864,50874,53622,10,2748,2,36000,1.00363901019
50929,50939,53485,10,2546,2,36000,1.00392772977
50947,50956,53363,9,2407,2,36000,1.00373909431
51015,51024,53665,9,2641,2,36000,1.00340780008
51041,51049,53757,8,2708,2,36000,1.00295420975
51194,51203,53690,9,2487,2,36000,1.00361881785
51195,51209,53710,14,2501,2,36000,1.0055977609
51293,51301,53753,8,2452,2,36000,1.00326264274
51458,51466,54140,8,2674,2,36000,1.00299177263
51520,51530,54218,10,2688,2,36000,1.0037202381
51559,51567,54216,8,2649,2,36000,1.00302000755
51560,51573,54155,13,2582,2,36000,1.0050348567
51592,51605,54326,13,2721,2,36000,1.00477765527
51685,51694,54448,9,2754,2,36000,1.00326797386
51760,51767,54458,7,2691,2,36000,1.00260126347
51784,51793,54492,9,2699,2,36000,1.00333456836
51823,51831,54455,8,2624,2,36000,1.00304878049
51841,51847,54623,6,2776,2,36000,1.00216138329
51929,51938,54483,9,2545,2,36000,1.00353634578
51989,51996,54711,7,2715,2,36000,1.00257826888
52024,52033,54560,9,2527,2,36000,1.00356153542
52187,52193,54855,6,2662,2,36000,1.0022539444
52323,52333,54785,10,2452,2,36000,1.00407830343
52339,52345,55064,6,2719,2,36000,1.00220669364
52471,52480,55066,9,2586,2,36000,1.00348027842
52550,52558,55363,8,2805,2,36000,1.00285204991
52610,52618,55347,8,2729,2,36000,1.00293147673
52637,52645,55203,8,2558,2,36000,1.00312744332
52653,52659,55334,6,2675,2,36000,1.00224299065
52677,52687,55323,10,2636,2,36000,1.00379362671
52692,52701,55332,9,2631,2,36000,1.00342075257
52797,52808,55563,11,2755,2,36000,1.00399274047
52840,52849,55547,9,2698,2,36000,1.0033358043
52907,52916,55615,9,2699,2,36000,1.00333456836
52979,52987,55588,8,2601,2,36000,1.0030757401
53067,53076,55716,9,2640,2,36000,1.00340909091
53113,53123,55791,10,2668,2,36000,1.00374812594
53128,53136,55807,8,2671,2,36000,1.00299513291
53149,53157,55740,8,2583,2,36000,1.00309717383
53366,53374,55934,8,2560,2,36000,1.003125
53409,53419,56189,10,2770,2,36000,1.0036101083
53488,53496,56183,8,2687,2,36000,1.0029772981
53625,53634,56335,9,2701,2,36000,1.00333209922
53668,53676,56367,8,2691,2,36000,1.00297287254
53692,53702,56435,10,2733,2,36000,1.0036589828
53714,53721,56380,7,2659,2,36000,1.00263256863
53757,53764,56419,7,2655,2,36000,1.00263653484
53759,53770,56408,11,2638,2,36000,1.00416982563
54143,54151,56827,8,2676,2,36000,1.00298953662
54158,54167,56767,9,2600,2,36000,1.00346153846
54220,54227,56856,7,2629,2,36000,1.00266260936
54221,54233,56754,12,2521,2,36000,1.00476001587
54327,54337,57059,10,2722,2,36000,1.00367376929
54449,54459,57073,10,2614,2,36000,1.00382555471
54465,54471,57127,6,2656,2,36000,1.00225903614
54466,54477,57188,11,2711,2,36000,1.00405754334
54484,54494,57134,10,2640,2,36000,1.00378787879
54499,54505,56997,6,2492,2,36000,1.00240770465
54563,54571,57287,8,2716,2,36000,1.0029455081
54624,54634,57221,10,2587,2,36000,1.00386548125
54712,54723,57293,11,2570,2,36000,1.00428015564
54789,54796,57455,7,2659,2,36000,1.00263256863
54856,54866,57305,10,2439,2,36000,1.004100041
54882,54889,400534,7,345645,1,345600,1.00002025199
55066,55075,57628,9,2553,2,36000,1.00352526439
55067,55081,57713,14,2632,2,36000,1.00531914894
55204,55214,57843,10,2629,2,36000,1.00380372765
55289,55295,59425,6,4130,1,345600,1.0014527845
55326,55334,57838,8,2504,2,36000,1.00319488818
55342,55348,57965,6,2617,2,36000,1.00229270157
55343,55354,58051,11,2697,2,36000,1.00407860586
55359,55365,57916,6,2551,2,36000,1.00235201882
55374,55380,58137,6,2757,2,36000,1.00217627856
55550,55558,58140,8,2582,2,36000,1.00309837335
55565,55574,58215,9,2641,2,36000,1.00340780008
55590,55599,58163,9,2564,2,36000,1.00351014041
55617,55627,58327,10,2700,2,36000,1.0037037037
55718,55728,58420,10,2692,2,36000,1.00371471025
55742,55752,58412,10,2660,2,36000,1.0037593985
55794,55803,58503,9,2700,2,36000,1.00333333333
55809,55819,58521,10,2702,2,36000,1.00370096225
55937,55945,58649,8,2704,2,36000,1.00295857988
56186,56194,58926,8,2732,2,36000,1.00292825769
56201,56207,58873,6,2666,2,36000,1.00225056264
56338,56346,59067,8,2721,2,36000,1.00294009555
56368,56378,58887,10,2509,2,36000,1.00398565165
56383,56391,59020,8,2629,2,36000,1.00304298212
56411,56419,59111,8,2692,2,36000,1.0029717682
56427,56433,59173,6,2740,2,36000,1.00218978102
56442,56448,59103,6,2655,2,36000,1.00225988701
56758,56765,59447,7,2682,2,36000,1.00260999254
56773,56779,59413,6,2634,2,36000,1.00227790433
56828,56839,59567,11,2728,2,36000,1.00403225806
56858,56867,59418,9,2551,2,36000,1.00352802822
57001,57009,59643,8,2634,2,36000,1.00303720577
57062,57071,59631,9,2560,2,36000,1.003515625
57077,57084,59562,7,2478,2,36000,1.00282485876
57129,57138,59541,9,2403,2,36000,1.00374531835
57144,57151,59796,7,2645,2,36000,1.00264650284
57190,57200,59827,10,2627,2,36000,1.00380662352
57224,57233,59826,9,2593,2,36000,1.00347088315
57288,57298,59837,10,2539,2,36000,1.00393855849
57303,57310,59958,7,2648,2,36000,1.00264350453
57318,57325,60053,7,2728,2,36000,1.0025659824
57351,57357,74082,6,16725,1,28800,1.00035874439
57456,57466,60066,10,2600,2,36000,1.00384615385
57629,57639,60290,10,2651,2,36000,1.00377216145
57714,57724,60405,10,2681,2,36000,1.00372995151
57839,57849,60544,10,2695,2,36000,1.00371057514
57854,57860,60511,6,2651,2,36000,1.00226329687
57918,57927,60544,9,2617,2,36000,1.00343905235
57967,57976,60544,9,2568,2,36000,1.0035046729
58052,58062,60544,10,2482,2,36000,1.00402900886
58141,58151,60544,10,2393,2,36000,1.00417885499
58142,58156,60544,14,2388,2,36000,1.00586264657
58166,58174,60544,8,2370,2,36000,1.00337552743
58218,58227,60544,9,2317,2,36000,1.00388433319
58328,58338,60544,10,2206,2,36000,1.00453309157
58413,58424,60544,11,2120,2,36000,1.00518867925
58428,58434,60544,6,2110,2,36000,1.0028436019
58504,58514,60544,10,2030,2,36000,1.00492610837
58522,58532,60544,10,2012,2,36000,1.00497017893
58571,58577,202585,6,144008,1,144000,1.00004166435
58650,58660,60544,10,1884,2,36000,1.00530785563
58722,58728,59429,6,701,1,345600,1.00855920114
58875,58884,60544,9,1660,2,36000,1.00542168675
58891,58899,60544,8,1645,2,36000,1.00486322188
58927,58937,60544,10,1607,2,36000,1.00622277536
59021,59032,60544,11,1512,2,36000,1.00727513228
59070,59078,60544,8,1466,2,36000,1.00545702592
59104,59114,60544,10,1430,2,36000,1.00699300699
59119,59125,60544,6,1419,2,36000,1.00422832981
59174,59184,60544,10,1360,2,36000,1.00735294118
59244,59250,229973,6,170723,1,216000,1.00003514465
59255,59261,229975,6,170714,1,216000,1.0000351465
59265,59271,203323,6,144052,1,216000,1.00004165163
59279,59286,229986,7,170700,1,216000,1.00004100762
59416,59424,60544,8,1120,2,36000,1.00714285714
59431,59437,60544,6,1107,2,36000,1.0054200542
59450,59458,60544,8,1086,2,36000,1.0073664825
59541,59552,60544,11,992,2,36000,1.01108870968
59563,59573,60544,10,971,2,36000,1.01029866117
59578,59584,60544,6,960,2,36000,1.00625
59611,59617,67864,6,8247,1,345600,1.00072753729
59634,59642,60544,8,902,2,36000,1.0088691796
59650,59656,60544,6,888,2,36000,1.00675675676
59731,59737,87929,6,28192,1,72000,1.00021282633
59797,59807,60544,10,737,2,36000,1.01356852103
59829,59843,60544,14,701,2,36000,1.01997146933
59830,59837,60544,7,707,2,36000,1.0099009901
59846,59852,60544,6,692,2,36000,1.00867052023
59961,59970,60544,9,574,2,36000,1.01567944251
60056,60065,60544,9,479,2,36000,1.01878914405
60071,60078,60544,7,466,2,36000,1.01502145923
60292,60301,60544,9,243,2,36000,1.03703703704
60406,60416,60544,10,128,2,36000,1.078125
60513,60522,60544,9,22,2,36000,1.40909090909
60595,60601,99307,6,38706,1,72000,1.00015501473
61230,61236,100192,6,38956,1,72000,1.00015401992
61250,61257,102832,7,41575,1,72000,1.00016837041
61396,61403,93228,7,31825,1,72000,1.00021995287
61412,61419,93432,7,32013,1,72000,1.00021866117
61493,61501,92213,8,30712,1,72000,1.0002604845
61514,61520,103778,6,42258,1,72000,1.00014198495
61562,61568,61724,6,156,2,36000,1.03846153846
61749,61756,61920,7,164,2,36000,1.04268292683
61751,61761,61920,10,159,2,36000,1.06289308176
61752,61767,61920,15,153,2,36000,1.09803921569
61753,61772,61920,19,148,2,36000,1.12837837838
61755,61777,61920,22,143,2,36000,1.15384615385
61756,61782,61920,26,138,2,36000,1.1884057971
61757,61787,61920,30,133,2,36000,1.22556390977
61759,61793,61920,34,127,2,36000,1.26771653543
61760,61798,61920,38,122,2,36000,1.31147540984
61761,61803,61920,42,117,2,36000,1.35897435897
61763,61809,61920,46,111,2,36000,1.41441441441
61764,61814,61920,50,106,2,36000,1.47169811321
61765,61819,61920,54,101,2,36000,1.53465346535
61767,61824,61920,57,96,2,36000,1.59375
61768,61829,61920,61,91,2,36000,1.67032967033
61769,61835,61920,66,85,2,36000,1.77647058824
61771,61840,61920,69,80,2,36000,1.8625
61772,61845,61920,73,75,2,36000,1.97333333333
61773,61850,61920,77,70,2,36000,2.1
61775,61856,61920,81,64,2,36000,2.265625
61776,61861,61920,85,59,2,36000,2.4406779661
61777,61866,61920,89,54,2,36000,2.64814814815
61779,61871,61920,92,49,2,36000,2.87755102041
61780,61877,61920,97,43,2,36000,3.25581395349
61948,61954,62503,6,549,2,36000,1.01092896175
61949,61960,62503,11,543,2,36000,1.02025782689
61950,61965,62503,15,538,2,36000,1.02788104089
61952,61970,62503,18,533,2,36000,1.03377110694
61953,61975,62503,22,528,2,36000,1.04166666667
61954,61980,62503,26,523,2,36000,1.04971319312
61956,61986,62503,30,517,2,36000,1.0580270793
61957,61991,62503,34,512,2,36000,1.06640625
61958,61996,62503,38,507,2,36000,1.07495069034
61960,62001,62503,41,502,2,36000,1.08167330677
61961,62007,62503,46,496,2,36000,1.09274193548
61962,62012,62503,50,491,2,36000,1.10183299389
61963,62017,62503,54,486,2,36000,1.11111111111
61965,62022,62503,57,481,2,36000,1.1185031185
61966,62027,62503,61,476,2,36000,1.1281512605
61967,62032,62503,65,471,2,36000,1.13800424628
61969,62037,62503,68,466,2,36000,1.14592274678
61970,62043,62503,73,460,2,36000,1.15869565217
61971,62048,62503,77,455,2,36000,1.16923076923
61973,62053,62503,80,450,2,36000,1.17777777778
61974,62058,62503,84,445,2,36000,1.18876404494
61975,62063,62503,88,440,2,36000,1.2
61977,62068,62503,91,435,2,36000,1.2091954023
61978,62074,62503,96,429,2,36000,1.22377622378
61979,62079,62503,100,424,2,36000,1.2358490566
61981,62084,62503,103,419,2,36000,1.24582338902
61982,62090,62503,108,413,2,36000,1.26150121065
61983,62095,62503,112,408,2,36000,1.27450980392
61985,62100,62503,115,403,2,36000,1.28535980149
61986,62105,62503,119,398,2,36000,1.29899497487
61987,62110,62503,123,393,2,36000,1.31297709924
61989,62116,62503,127,387,2,36000,1.32816537468
61990,62121,62503,131,382,2,36000,1.34293193717
61991,62126,62503,135,377,2,36000,1.35809018568
61993,62131,62503,138,372,2,36000,1.37096774194
61994,62137,62503,143,366,2,36000,1.39071038251
61995,62142,62503,147,361,2,36000,1.40720221607
61997,62147,62503,150,356,2,36000,1.42134831461
61998,62152,62503,154,351,2,36000,1.43874643875
62000,62157,62503,157,346,2,36000,1.45375722543
62535,62541,62557,6,16,40,36000,1.375
62587,62593,62637,6,44,40,36000,1.13636363636
62744,62750,62921,6,171,40,36000,1.0350877193
62989,62995,65894,6,2899,2,36000,1.0020696792
62991,63001,66066,10,3065,2,36000,1.00326264274
62992,63006,69943,14,6937,2,36000,1.00201816347
62993,63011,71690,18,8679,2,36000,1.00207397166
62994,63016,66122,22,3106,2,36000,1.00708306504
62996,63023,71687,27,8664,2,36000,1.00311634349
62997,63028,66234,31,3206,2,36000,1.00966936993
62998,63033,66325,35,3292,2,36000,1.01063183475
63000,63038,72588,38,9550,2,36000,1.00397905759
63001,63043,66015,42,2972,2,36000,1.01413189771
63003,63049,72965,46,9916,2,36000,1.00463896733
63004,63054,70389,50,7335,2,36000,1.00681663258
63005,63059,71388,54,8329,2,36000,1.00648337135
63007,63064,71001,57,7937,2,36000,1.00718155474
63008,63069,71880,61,8811,2,36000,1.00692316423
63009,63075,72592,66,9517,2,36000,1.0069349585
63011,63080,71417,69,8337,2,36000,1.0082763584
63012,63085,68762,73,5677,2,36000,1.01285890435
63014,63090,71196,76,8106,2,36000,1.00937577103
63015,63095,71498,80,8403,2,36000,1.00952040938
63016,63100,66011,84,2911,2,36000,1.02885606321
63018,63107,67015,89,3908,2,36000,1.02277379734
63019,63112,66037,93,2925,2,36000,1.03179487179
63021,63117,71650,96,8533,2,36000,1.01125043947
63022,63122,65964,100,2842,2,36000,1.03518648839
63023,63127,66147,104,3020,2,36000,1.03443708609
63025,63133,73231,108,10098,2,36000,1.01069518717
63026,63138,66222,112,3084,2,36000,1.03631647211
63027,63143,71832,116,8689,2,36000,1.01335021291
63028,63148,72001,120,8853,2,36000,1.01355472721
63030,63153,72994,123,9841,2,36000,1.0124987298
63031,63158,67565,127,4407,2,36000,1.02881778988
63032,63164,71357,132,8193,2,36000,1.01611131454
63034,63169,66189,135,3020,2,36000,1.04470198675
63035,63174,72564,139,9390,2,36000,1.0148029819
63036,63179,66045,143,2866,2,36000,1.04989532449
63038,63184,67818,146,4634,2,36000,1.03150625809
63039,63190,72355,151,9165,2,36000,1.01647572286
63040,63195,67359,155,4164,2,36000,1.03722382325
63042,63200,66755,158,3555,2,36000,1.04444444444
63974,63980,135997,6,72017,1,72000,1.00008331366
63983,63990,136028,7,72038,1,72000,1.00009717094
64109,64115,93231,6,29116,1,72000,1.00020607226
64121,64128,124480,7,60352,1,72000,1.00011598621
64162,64168,99095,6,34927,1,72000,1.00017178687
64167,64174,132490,7,68316,1,72000,1.00010246502
64197,64204,97555,7,33351,1,72000,1.00020988876
64202,64210,105512,8,41302,1,72000,1.00019369522
65896,65905,69444,9,3539,2,36000,1.00254309127
65966,65975,75126,9,9151,2,36000,1.00098349907
66015,66026,68769,11,2743,2,36000,1.0040102078
66016,66031,75557,15,9526,2,36000,1.00157463783
66040,66048,69291,8,3243,2,36000,1.00246685168
66055,66061,68956,6,2895,2,36000,1.00207253886
66070,66076,69932,6,3856,2,36000,1.0015560166
66124,66133,70124,9,3991,2,36000,1.00225507392
66148,66158,74864,10,8706,2,36000,1.00114863313
66190,66200,74777,10,8577,2,36000,1.00116590883
66223,66233,75159,10,8926,2,36000,1.00112032265
66238,66245,70208,7,3963,2,36000,1.00176633863
66326,66336,75201,10,8865,2,36000,1.00112803158
66757,66766,70371,9,3605,2,36000,1.00249653259
67016,67026,76641,10,9615,2,36000,1.0010400416
67287,67293,91457,6,24164,1,72000,1.00024830326
67304,67310,98211,6,30901,1,72000,1.00019416847
67359,67370,77877,11,10507,2,36000,1.0010469211
67375,67381,89760,6,22379,1,72000,1.00026810849
67383,67389,115128,6,47739,1,72000,1.0001256834
67437,67443,100632,6,33189,1,72000,1.00018078279
67440,67449,121150,9,53701,1,72000,1.00016759464
67485,67491,89992,6,22501,1,72000,1.00026665482
67495,67501,117060,6,49559,1,72000,1.00012106782
67568,67576,70695,8,3119,2,36000,1.00256492466
67818,67829,77448,11,9619,2,36000,1.00114357002
68763,68773,75682,10,6909,2,36000,1.00144738747
68778,68784,74701,6,5917,2,36000,1.00101402738
68959,68967,72253,8,3286,2,36000,1.00243457091
69294,69302,72766,8,3464,2,36000,1.00230946882
69445,69456,77341,11,7885,2,36000,1.0013950539
69933,69943,73098,10,3155,2,36000,1.00316957211
69948,69954,78111,6,8157,2,36000,1.00073556455
70127,70135,73817,8,3682,2,36000,1.00217273221
70209,70219,78851,10,8632,2,36000,1.00115848007
70373,70382,80343,9,9961,2,36000,1.00090352374
70392,70401,80507,9,10106,2,36000,1.00089056006
70698,70707,76697,9,5990,2,36000,1.00150250417
71004,71013,74142,9,3129,2,36000,1.00287631831
71198,71208,74708,10,3500,2,36000,1.00285714286
71358,71368,76094,10,4726,2,36000,1.0021159543
71389,71400,74509,11,3109,2,36000,1.00353811515
71419,71428,80381,9,8953,2,36000,1.00100524964
71501,71509,80752,8,9243,2,36000,1.00086551985
71653,71661,75844,8,4183,2,36000,1.00191250299
71690,71698,76732,8,5034,2,36000,1.00158919348
71704,71710,80962,6,9252,2,36000,1.00064850843
71835,71843,82045,8,10202,2,36000,1.00078415997
71880,71891,79050,11,7159,2,36000,1.00153652745
72002,72012,76008,10,3996,2,36000,1.0025025025
72154,72160,119616,6,47456,1,345600,1.00012643291
72250,72264,80145,14,7881,2,36000,1.00177642431
72357,72366,75144,9,2778,2,36000,1.00323974082
72564,72575,77662,11,5087,2,36000,1.00216237468
72589,72599,80902,10,8303,2,36000,1.00120438396
72604,72610,81083,6,8473,2,36000,1.00070813171
72768,72778,82683,10,9905,2,36000,1.00100959112
72915,72922,72923,7,1,2,3540,1.0
72968,72976,76044,8,3068,2,36000,1.00260756193
72996,73005,81799,9,8794,2,36000,1.00102342506
73099,73110,75924,11,2814,2,36000,1.0039090263
73233,73243,76333,10,3090,2,36000,1.00323624595
73819,73828,81589,9,7761,2,36000,1.00115964438
74146,74153,84086,7,9933,2,36000,1.00070472163
74512,74521,77439,9,2918,2,36000,1.00308430432
74702,74712,78385,10,3673,2,36000,1.00272257011
74717,74723,79386,6,4663,2,36000,1.00128672528
74778,74788,83644,10,8856,2,36000,1.00112917796
74865,74876,82517,11,7641,2,36000,1.00143960215
75128,75137,79418,9,4281,2,36000,1.00210231254
75146,75155,85272,9,10117,2,36000,1.00088959178
75163,75170,81522,7,6352,2,36000,1.00110201511
75202,75212,85185,10,9973,2,36000,1.00100270731
75560,75568,85275,8,9707,2,36000,1.00082414752
75684,75693,81186,9,5493,2,36000,1.00163844894
75847,75855,86016,8,10161,2,36000,1.00078732408
75920,75935,85216,15,9281,2,36000,1.00161620515
76011,76020,84284,9,8264,2,36000,1.00108906099
76048,76055,85395,7,9340,2,36000,1.00074946467
76096,76105,78807,9,2702,2,36000,1.00333086603
76335,76344,79236,9,2892,2,36000,1.0031120332
76643,76652,85518,9,8866,2,36000,1.00101511392
76698,76709,85376,11,8667,2,36000,1.00126918195
76734,76743,84948,9,8205,2,36000,1.00109689214
77344,77352,80288,8,2936,2,36000,1.00272479564
77441,77451,85937,10,8486,2,36000,1.0011784115
77455,77462,85192,7,7730,2,36000,1.00090556274
77664,77673,85963,9,8290,2,36000,1.00108564536
77879,77889,86666,10,8777,2,36000,1.00113934146
78112,78122,87129,10,9007,2,36000,1.00111024759
78388,78396,87187,8,8791,2,36000,1.00091002161
78809,78818,82218,9,3400,2,36000,1.00264705882
78851,78862,81706,11,2844,2,36000,1.00386779184
79051,79061,83535,10,4474,2,36000,1.00223513634
79238,79247,82733,9,3486,2,36000,1.00258175559
79389,79398,88738,9,9340,2,36000,1.00096359743
79420,79430,87787,10,8357,2,36000,1.00119660165
80148,80157,89315,9,9158,2,36000,1.00098274732
80290,80299,83939,9,3640,2,36000,1.00247252747
80344,80354,89763,10,9409,2,36000,1.0010628122
80383,80392,89331,9,8939,2,36000,1.00100682403
80511,80518,89336,7,8818,2,36000,1.0007938308
80755,80763,89799,8,9036,2,36000,1.0008853475
80906,80914,89382,8,8468,2,36000,1.00094473311
80963,80973,88850,10,7877,2,36000,1.00126951885
81084,81095,89312,11,8217,2,36000,1.00133868809
81168,81174,81175,6,1,1,345600,1.0
81188,81197,84606,9,3409,2,36000,1.0026400704
81360,81366,426982,6,345616,1,345600,1.00001736031
81523,81534,90703,11,9169,2,36000,1.00119969462
81592,81600,91240,8,9640,2,36000,1.00082987552
81659,81665,98767,6,17102,2,86400,1.00035083616
81691,81698,84189,7,2491,2,86400,1.00281011642
81707,81718,90540,11,8822,2,36000,1.00124688279
81743,81749,119715,6,37966,4,86400,1.00015803614
81801,81810,89914,9,8104,2,36000,1.00111056269
82046,82056,89379,10,7323,2,36000,1.00136556056
82221,82229,86984,8,4755,2,36000,1.00168243954
82366,82372,85814,6,3442,1,345600,1.00174317257
82520,82529,91036,9,8507,2,36000,1.00105795227
82686,82695,90828,9,8133,2,36000,1.00110660273
82735,82744,85793,9,3049,2,36000,1.00295178747
83535,83546,92818,11,9272,2,36000,1.00118636756
83647,83655,93532,8,9877,2,36000,1.00080996254
83729,83735,83736,6,1,2,3540,1.0
83940,83951,93837,11,9886,2,36000,1.0011126846
84089,84097,87803,8,3706,2,36000,1.00215866163
84288,84296,87751,8,3455,2,36000,1.0023154848
84608,84617,90311,9,5694,2,36000,1.00158061117
84950,84959,94703,9,9744,2,36000,1.00092364532
85185,85196,94230,11,9034,2,36000,1.00121762232
85200,85208,93570,8,8362,2,36000,1.00095670892
85219,85227,95597,8,10370,2,36000,1.00077145612
85273,85283,93065,10,7782,2,36000,1.00128501671
85288,85294,92192,6,6898,2,36000,1.00086981734
85379,85387,89875,8,4488,2,36000,1.00178253119
85397,85407,95670,10,10263,2,36000,1.00097437396
85521,85529,88813,8,3284,2,36000,1.00243605359
85796,85804,95833,8,10029,2,36000,1.00079768671
85938,85948,96540,10,10592,2,36000,1.00094410876
85965,85974,92642,9,6668,2,36000,1.00134973005
86020,86028,95996,8,9968,2,36000,1.00080256822
86669,86677,89644,8,2967,2,36000,1.00269632626
86986,86995,96382,9,9387,2,36000,1.00095877277
87132,87140,95263,8,8123,2,36000,1.00098485781
87189,87198,97478,9,10280,2,36000,1.00087548638
87754,87763,93037,9,5274,2,36000,1.00170648464
87788,87798,97607,10,9809,2,36000,1.00101947191
87806,87815,91393,9,3578,2,36000,1.00251537172
88739,88749,97574,10,8825,2,36000,1.00113314448
88814,88824,92272,10,3448,2,36000,1.00290023202
88850,88861,97467,11,8606,2,36000,1.00127817802
89315,89324,92958,9,3634,2,36000,1.0024766098
89331,89337,92710,6,3373,2,36000,1.0017788319
89346,89352,93364,6,4012,2,36000,1.00149551346
89347,89358,97655,11,8297,2,36000,1.0013257804
89381,89390,99352,9,9962,2,36000,1.00090343305
89396,89402,98440,6,9038,2,36000,1.00066386369
89646,89655,99687,9,10032,2,36000,1.00089712919
89764,89774,98073,10,8299,2,36000,1.00120496445
89800,89810,99149,10,9339,2,36000,1.00107077846
89873,89886,94124,13,4238,2,36000,1.00306748466
89915,89925,92842,10,2917,2,36000,1.00342817964
90094,90100,91822,6,1722,1,172800,1.00348432056
90095,90117,91369,22,1252,1,172800,1.01757188498
90095,90111,91908,16,1797,1,172800,1.00890372844
90095,90106,91702,11,1596,1,172800,1.00689223058
90096,90133,92116,37,1983,1,172800,1.01865859808
90096,90138,91332,42,1194,1,172800,1.0351758794
90096,90127,91821,31,1694,1,172800,1.01829988194
90096,90122,91873,26,1751,1,172800,1.01484865791
90097,90159,91957,62,1798,1,172800,1.03448275862
90097,90148,91466,51,1318,1,172800,1.03869499241
90097,90154,91781,57,1627,1,172800,1.03503380455
90097,90143,91779,46,1636,1,172800,1.02811735941
90312,90322,94478,10,4156,2,36000,1.00240615977
90542,90551,100789,9,10238,2,36000,1.00087907794
90705,90714,95759,9,5045,2,36000,1.0017839445
90829,90839,99694,10,8855,2,36000,1.00112930548
91039,91048,94967,9,3919,2,36000,1.00229650421
91243,91251,98760,8,7509,2,36000,1.0010653882
91394,91404,97576,10,6172,2,36000,1.00162022035
92196,92203,96460,7,4257,2,36000,1.00164435048
92275,92283,100400,8,8117,2,36000,1.00098558581
92645,92653,99372,8,6719,2,36000,1.00119065337
92712,92721,102102,9,9381,2,36000,1.00095938599
92821,92829,101288,8,8459,2,36000,1.00094573827
92845,92853,96228,8,3375,2,36000,1.00237037037
92961,92970,95712,9,2742,2,36000,1.00328227571
93040,93048,102656,8,9608,2,36000,1.00083263947
93067,93076,102019,9,8943,2,36000,1.0010063737
93365,93375,103208,10,9833,2,36000,1.00101698363
93535,93544,99256,9,5712,2,36000,1.00157563025
93572,93581,97491,9,3910,2,36000,1.00230179028
93839,93849,102569,10,8720,2,36000,1.00114678899
94126,94135,103691,9,9556,2,36000,1.00094181666
94232,94241,103919,9,9678,2,36000,1.0009299442
94481,94489,104972,8,10483,2,36000,1.00076314032
94704,94714,103012,10,8298,2,36000,1.00120510966
94969,94978,100110,9,5132,2,36000,1.00175370226
95265,95274,105523,9,10249,2,36000,1.00087813445
95600,95608,99035,8,3427,2,36000,1.00233440327
95673,95687,103765,14,8078,2,36000,1.00173310225
95716,95724,105592,8,9868,2,36000,1.00081070126
95761,95770,104503,9,8733,2,36000,1.00103057369
95834,95844,104772,10,8928,2,36000,1.00112007168
95997,96007,104424,10,8417,2,36000,1.00118807176
96230,96239,105417,9,9178,2,36000,1.0009806058
96384,96393,99840,9,3447,2,36000,1.00261096606
96460,96471,103926,11,7455,2,36000,1.00147551979
96542,96551,105924,9,9373,2,36000,1.00096020484
97470,97479,104296,9,6817,2,36000,1.00132022884
97485,97491,102573,6,5082,2,36000,1.00118063754
97500,97506,100933,6,3427,2,36000,1.00175080245
97576,97592,105644,16,8052,2,36000,1.00198708395
97578,97586,103964,8,6378,2,36000,1.0012543117
97608,97618,106456,10,8838,2,36000,1.00113147771
97656,97666,100643,10,2977,2,36000,1.00335908633
98077,98084,108496,7,10412,2,36000,1.00067230119
98443,98452,107843,9,9391,2,36000,1.00095836439
98763,98771,108206,8,9435,2,36000,1.00084790673
99038,99047,107034,9,7987,2,36000,1.0011268311
99151,99160,109175,9,10015,2,36000,1.00089865202
99256,99267,109018,11,9751,2,36000,1.00112808943
99353,99364,108341,11,8977,2,36000,1.00122535368
99374,99384,107637,10,8253,2,36000,1.0012116806
99689,99698,108345,9,8647,2,36000,1.00104082341
99705,99711,108444,6,8733,2,36000,1.00068704912
99841,99851,109193,10,9342,2,36000,1.0010704346
100113,100121,102902,8,2781,2,36000,1.00287666307
100401,100412,110153,11,9741,2,36000,1.00112924751
100644,100654,106862,10,6208,2,36000,1.00161082474
100792,100801,110058,9,9257,2,36000,1.00097223723
100934,100944,104926,10,3982,2,36000,1.00251130085
101292,101299,107855,7,6556,2,36000,1.00106772422
102021,102031,110709,10,8678,2,36000,1.00115233925
102103,102113,106554,10,4441,2,36000,1.0022517451
102572,102581,111623,9,9042,2,36000,1.00099535501
102587,102593,111882,6,9289,2,36000,1.00064592529
102656,102667,107397,11,4730,2,36000,1.0023255814
102904,102913,111195,9,8282,2,36000,1.00108669404
102942,102948,103043,6,95,1,1800,1.06315789474
103014,103023,112056,9,9033,2,36000,1.00099634673
103208,103219,113083,11,9864,2,36000,1.00111516626
103358,103364,103468,6,104,1,1800,1.05769230769
103693,103702,112249,9,8547,2,36000,1.00105300105
103762,103776,112479,14,8703,2,36000,1.0016086407
103921,103930,109315,9,5385,2,36000,1.00167130919
103936,103942,112705,6,8763,2,36000,1.00068469702
103967,103975,112422,8,8447,2,36000,1.0009470818
104082,104088,104591,6,503,1,1800,1.01192842942
104296,104307,112472,11,8165,2,36000,1.00134721372
104427,104436,113953,9,9517,2,36000,1.00094567616
104504,104514,109809,10,5295,2,36000,1.00188857413
104774,104783,113263,9,8480,2,36000,1.00106132075
104929,104937,108712,8,3775,2,36000,1.0021192053
104975,104983,114043,8,9060,2,36000,1.00088300221
105421,105428,112978,7,7550,2,36000,1.00092715232
105524,105534,108778,10,3244,2,36000,1.00308261406
105594,105604,115192,10,9588,2,36000,1.00104297038
105646,105655,113930,9,8275,2,36000,1.00108761329
105925,105935,115933,10,9998,2,36000,1.00100020004
106332,106338,106377,6,39,1,1800,1.15384615385
106379,106387,106428,8,41,1,1800,1.19512195122
106458,106467,115909,9,9442,2,36000,1.00095318788
106557,106565,112406,8,5841,2,36000,1.00136962849
106661,106667,106739,6,72,1,1800,1.08333333333
106747,106753,106830,6,77,1,1800,1.07792207792
106864,106873,114548,9,7675,2,36000,1.00117263844
107035,107045,111628,10,4583,2,36000,1.00218197687
107256,107262,107491,6,229,1,1800,1.02620087336
107398,107408,116078,10,8670,2,36000,1.00115340254
107640,107648,117238,8,9590,2,36000,1.00083420229
107698,107704,107958,6,254,1,1800,1.02362204724
107847,107854,117297,7,9443,2,36000,1.00074128984
107862,107868,111530,6,3662,2,36000,1.00163844894
108207,108217,117785,10,9568,2,36000,1.0010451505
108344,108352,116915,8,8563,2,36000,1.00093425201
108359,108365,111577,6,3212,2,36000,1.00186799502
108448,108455,118378,7,9923,2,36000,1.00070543183
108499,108508,119103,9,10595,2,36000,1.00084945729
108714,108723,118224,9,9501,2,36000,1.00094726871
108781,108790,117759,9,8969,2,36000,1.00100345635
108854,108860,108887,6,27,1,1800,1.22222222222
109021,109030,118088,9,9058,2,36000,1.00099359682
109178,109187,119589,9,10402,2,36000,1.00086521823
109195,109201,109261,6,60,1,1800,1.1
109196,109207,113028,11,3821,2,36000,1.00287882753
109318,109327,115240,9,5913,2,36000,1.00152207002
109812,109820,118556,8,8736,2,36000,1.00091575092
110002,110007,110128,5,121,1,1800,1.04132231405
110059,110069,120099,10,10030,2,36000,1.00099700897
110153,110164,113797,11,3633,2,36000,1.00302780072
110712,110720,119257,8,8537,2,36000,1.00093709734
111198,111206,115800,8,4594,2,36000,1.00174140183
111534,111541,115364,7,3823,2,36000,1.00183102276
111580,111588,119037,8,7449,2,36000,1.00107396966
111627,111634,117987,7,6353,2,36000,1.00110184165
111643,111649,121049,6,9400,2,36000,1.00063829787
111885,111893,121615,8,9722,2,36000,1.00082287595
112058,112067,115985,9,3918,2,36000,1.00229709035
112252,112261,122024,9,9763,2,36000,1.00092184779
112409,112417,117458,8,5041,2,36000,1.00158698671
112424,112433,120050,9,7617,2,36000,1.00118156755
112474,112484,120818,10,8334,2,36000,1.00119990401
112489,112495,115501,6,3006,2,36000,1.00199600798
112708,112716,121921,8,9205,2,36000,1.00086909288
112981,112990,121401,9,8411,2,36000,1.00107002735
113030,113040,116715,10,3675,2,36000,1.00272108844
113086,113094,117852,8,4758,2,36000,1.00168137873
113266,113274,121296,8,8022,2,36000,1.00099725754
113351,113357,113516,6,159,1,54000,1.03773584906
113800,113808,119387,8,5579,2,36000,1.00143394874
113850,113857,146858,7,33001,1,54000,1.00021211478
113931,113941,120376,10,6435,2,36000,1.00155400155
113957,113964,117244,7,3280,2,36000,1.00213414634
114045,114054,123316,9,9262,2,36000,1.00097171237
114263,114269,118941,6,4672,2,86400,1.00128424658
114438,114445,115044,7,599,2,86400,1.01168614357
114549,114559,123039,10,8480,2,36000,1.00117924528
115194,115203,123012,9,7809,2,36000,1.00115251633
115244,115251,120601,7,5350,2,36000,1.00130841121
115365,115375,124080,10,8705,2,36000,1.00114876508
115377,115383,129782,6,14399,2,86400,1.0004166956
115378,115394,127044,16,11650,2,86400,1.00137339056
115378,115388,127679,10,12291,2,86400,1.00081360345
115378,115399,126025,21,10626,2,86400,1.00197628458
115379,115409,122988,30,7579,2,86400,1.00395830585
115379,115404,125053,25,9649,2,86400,1.00259094207
115379,115414,119388,35,3974,2,86400,1.00880724711
115380,115420,125000,40,9580,2,86400,1.00417536534
115380,115425,126852,45,11427,2,86400,1.00393804148
115381,115430,126634,49,11204,2,86400,1.00437343806
115381,115435,129510,54,14075,2,86400,1.0038365897
115503,115512,125599,9,10087,2,36000,1.00089223753
115690,115696,116635,6,939,2,86400,1.00638977636
115690,115701,116547,11,846,2,86400,1.01300236407
115691,115717,116868,26,1151,2,86400,1.022589053
115691,115712,116558,21,846,2,86400,1.02482269504
115691,115707,116503,16,796,2,86400,1.02010050251
115692,115727,116447,35,720,2,86400,1.04861111111
115692,115722,117029,30,1307,2,86400,1.02295332823
115693,115738,116904,45,1166,2,86400,1.03859348199
115693,115733,116401,40,668,2,86400,1.05988023952
115694,115743,116886,49,1143,2,86400,1.04286964129
115694,115748,116740,54,992,2,86400,1.05443548387
115804,115811,119883,7,4072,2,36000,1.00171905697
115917,115923,125024,6,9101,2,36000,1.00065926821
115935,115945,119233,10,3288,2,36000,1.00304136253
115988,115997,119297,9,3300,2,36000,1.00272727273
116081,116090,122093,9,6003,2,36000,1.00149925037
116717,116726,122711,9,5985,2,36000,1.0015037594
116917,116926,119441,9,2515,2,36000,1.00357852883
117240,117249,127415,9,10166,2,36000,1.00088530395
117255,117261,127078,6,9817,2,36000,1.00061118468
117297,117308,124931,11,7623,2,36000,1.00144300144
117462,117469,122069,7,4600,2,36000,1.00152173913
117762,117770,127010,8,9240,2,36000,1.00086580087
117787,117796,127163,9,9367,2,36000,1.0009608199
117854,117863,128084,9,10221,2,36000,1.00088054006
117991,117998,124739,7,6741,2,36000,1.0010384216
118091,118099,126629,8,8530,2,36000,1.00093786635
118227,118236,126717,9,8481,2,36000,1.00106119561
118379,118389,128323,10,9934,2,36000,1.00100664385
118557,118567,127648,10,9081,2,36000,1.00110120031
118972,118978,128128,6,9150,2,36000,1.0006557377
119039,119048,123402,9,4354,2,36000,1.00206706477
119107,119114,128633,7,9519,2,36000,1.00073537136
119234,119244,122659,10,3415,2,36000,1.00292825769
119255,119261,120176,6,915,2,86400,1.00655737705
119259,119268,129211,9,9943,2,36000,1.00090515941
119299,119308,129174,9,9866,2,36000,1.0009122238
119390,119398,128720,8,9322,2,36000,1.00085818494
119442,119452,128957,10,9505,2,36000,1.00105207785
119591,119600,128407,9,8807,2,36000,1.00102191439
119791,119797,133105,6,13308,4,86400,1.00045085663
119885,119894,128684,9,8790,2,36000,1.00102389078
120051,120061,129894,10,9833,2,36000,1.00101698363
120102,120111,129664,9,9553,2,36000,1.00094211243
120379,120387,130182,8,9795,2,36000,1.00081674324
120602,120612,129814,10,9202,2,36000,1.00108672028
120820,120830,131142,10,10312,2,36000,1.00096974399
120869,120875,121280,6,405,2,86400,1.01481481481
121052,121060,128243,8,7183,2,36000,1.00111374078
121297,121308,130643,11,9335,2,36000,1.00117836101
121403,121412,130033,9,8621,2,36000,1.00104396242
121615,121626,131712,11,10086,2,36000,1.00109062066
121924,121933,131006,9,9073,2,36000,1.00099195415
122026,122035,132036,9,10001,2,36000,1.00089991001
122033,122041,123145,8,1104,2,86400,1.00724637681
122073,122080,130965,7,8885,2,36000,1.00078784468
122094,122104,132264,10,10160,2,36000,1.00098425197
122483,122489,130322,6,7833,2,36000,1.00076599004
122602,122608,122609,6,1,1,345600,1.0
122660,122670,132312,10,9642,2,36000,1.00103712923
122664,122675,123892,11,1217,1,345600,1.00903861956
122712,122722,131834,10,9112,2,36000,1.00109745391
122755,122761,132404,6,9643,2,36000,1.000622213
122757,122767,319685,10,196918,6,432000,1.00005078256
122787,122793,124814,6,2021,2,86400,1.00296882731
123004,123011,209430,7,86419,8,86400,1.00008100071
123014,123023,127265,9,4242,2,36000,1.00212164074
123042,123051,127583,9,4532,2,36000,1.0019858782
123096,123102,123387,6,285,1,3600,1.02105263158
123319,123327,133422,8,10095,2,36000,1.00079247152
123404,123413,130100,9,6687,2,36000,1.00134589502
123471,123478,154376,7,30898,2,72000,1.00022655188
123905,123911,158673,6,34762,1,345600,1.00017260227
124084,124091,134315,7,10224,2,36000,1.00068466354
124741,124751,132139,10,7388,2,36000,1.00135354629
124932,124943,135113,11,10170,2,36000,1.00108161259
125028,125035,135024,7,9989,2,36000,1.00070077085
125460,125466,152548,6,27082,2,54000,1.00022154937
125604,125610,133176,6,7566,2,36000,1.00079302141
126550,126556,167540,6,40984,2,54000,1.00014639859
126633,126640,135598,7,8958,2,36000,1.00078142443
126720,126728,135724,8,8996,2,36000,1.00088928413
127011,127021,135903,10,8882,2,36000,1.00112587255
127082,127089,136745,7,9656,2,36000,1.00072493786
127164,127174,136978,10,9804,2,36000,1.00101999184
127267,127276,137735,9,10459,2,36000,1.00086050292
127332,127338,181502,6,54164,2,72000,1.00011077468
127419,127427,135327,8,7900,2,36000,1.00101265823
127584,127595,137831,11,10236,2,36000,1.00107463853
127652,127660,137966,8,10306,2,36000,1.00077624685
128085,128095,137717,10,9622,2,36000,1.00103928497
128247,128254,138349,7,10095,2,36000,1.00069341258
128327,128335,138938,8,10603,2,36000,1.00075450344
128409,128418,135755,9,7337,2,36000,1.0012266594
128634,128644,138511,10,9867,2,36000,1.00101347927
128687,128696,139181,9,10485,2,36000,1.0008583691
128721,128732,136443,11,7711,2,36000,1.00142653352
128862,128868,128914,6,46,16,3600,1.13043478261
128886,128892,128919,6,27,16,3600,1.22222222222
128933,128939,129829,6,890,8,3600,1.00674157303
128961,128969,139355,8,10386,2,36000,1.00077026767
128985,128991,129829,6,838,8,3600,1.00715990453
129009,129015,129829,6,814,8,3600,1.00737100737
129035,129041,129829,6,788,8,3600,1.0076142132
129066,129072,129829,6,757,8,3600,1.00792602378
129175,129186,138775,11,9589,2,36000,1.00114714777
129213,129222,137908,9,8686,2,36000,1.00103615013
129561,129567,151197,6,21630,2,21600,1.00027739251
129666,129675,139479,9,9804,2,36000,1.00091799266
129818,129825,139224,7,9399,2,36000,1.00074476008
129837,129843,165316,6,35473,10,43200,1.00016914273
129897,129905,137337,8,7432,2,36000,1.00107642626
130036,130045,139473,9,9428,2,36000,1.00095460331
130039,130050,133183,11,3133,10,43200,1.00351101181
130103,130111,140455,8,10344,2,36000,1.0007733952
130115,130122,151761,7,21639,2,21600,1.00032348999
130164,130170,130176,6,6,4,36000,1.2
130184,130193,139836,9,9643,2,36000,1.00093331951
130211,130217,130221,6,4,4,36000,1.0
130247,130254,130264,7,10,10,43200,1.7
130334,130340,144924,6,14584,4,36000,1.00041140976
130344,130351,144965,7,14614,4,36000,1.00047899275
130462,130468,144866,6,14398,4,36000,1.00041672455
130644,130654,139292,10,8638,2,36000,1.00115767539
130675,130681,158171,6,27490,10,43200,1.00021826119
130853,130859,132988,6,2129,2,86400,1.00281822452
130854,130871,134781,17,3910,2,86400,1.00434782609
130854,130864,134759,10,3895,2,86400,1.00256739409
130855,130876,134705,21,3829,2,86400,1.00548446069
130855,130881,134644,26,3763,2,86400,1.00690938081
130856,130886,134804,30,3918,2,86400,1.00765696784
130856,130891,133524,35,2633,2,86400,1.01329282188
130856,130897,133649,41,2752,2,86400,1.01489825581
130857,130907,134782,50,3875,2,86400,1.01290322581
130857,130902,134239,45,3337,2,86400,1.01348516632
130858,130912,134190,54,3278,2,86400,1.01647345943
130969,130976,141061,7,10085,2,36000,1.00069410015
131005,131011,154357,6,23346,2,43200,1.00025700334
131009,131016,140898,7,9882,2,36000,1.00070835863
131111,131122,131806,11,684,2,86400,1.01608187135
131111,131117,132197,6,1080,2,86400,1.00555555556
131112,131133,132051,21,918,2,86400,1.02287581699
131112,131128,132243,16,1115,2,86400,1.01434977578
131113,131144,132639,31,1495,2,86400,1.02073578595
131113,131149,132164,36,1015,2,86400,1.0354679803
131113,131138,132551,25,1413,2,86400,1.01769285209
131114,131159,132171,45,1012,2,86400,1.04446640316
131114,131154,132290,40,1136,2,86400,1.03521126761
131115,131169,132349,54,1180,2,86400,1.04576271186
131115,131164,132257,49,1093,2,86400,1.04483074108
131146,131175,136771,29,5596,2,36000,1.00518227305
131217,131223,131377,6,154,2,86400,1.03896103896
131337,131344,175216,7,43872,2,86400,1.00015955507
131374,131380,141321,6,9941,2,86400,1.00060356101
131715,131723,137821,8,6098,2,36000,1.00131190554
131723,131729,135100,6,3371,8,3600,1.00177988727
131836,131846,136414,10,4568,2,36000,1.00218914186
132039,132047,140244,8,8197,2,36000,1.00097596682
132142,132151,135982,9,3831,2,36000,1.00234925607
132267,132275,142401,8,10126,2,36000,1.00079004543
132316,132324,138332,8,6008,2,36000,1.00133155792
132360,132367,154014,7,21647,2,21600,1.00032337044
132713,132719,154351,6,21632,2,21600,1.00027736686
132785,132791,159248,6,26457,10,43200,1.00022678308
133178,133188,141695,10,8507,2,36000,1.00117550253
133250,133256,144102,6,10846,10,43200,1.00055319934
133425,133433,143048,8,9615,2,36000,1.00083203328
133802,133808,133818,6,10,8,3600,1.6
133902,133908,134164,6,256,8,3600,1.0234375
134278,134284,134545,6,261,8,3600,1.02298850575
134317,134326,140509,9,6183,2,36000,1.00145560408
134359,134365,134631,6,266,8,3600,1.02255639098
134442,134448,134713,6,265,8,3600,1.02264150943
134486,134492,134761,6,269,8,3600,1.02230483271
135027,135038,145157,11,10119,2,36000,1.00108706394
135027,135032,135100,5,68,8,3600,1.07352941176
135038,135044,135100,6,56,8,3600,1.10714285714
135114,135121,135128,7,7,8,3600,1.4
135116,135127,142952,11,7825,2,36000,1.0014057508
135164,135170,135788,6,618,2,86400,1.00970873786
135175,135181,135789,6,608,2,86400,1.00986842105
135308,135314,149300,6,13986,2,86400,1.00042900043
135324,135330,150286,6,14956,2,86400,1.00040117679
135329,135338,144752,9,9414,2,36000,1.00095602294
135354,135361,153722,7,18361,2,36000,1.00038124285
135463,135470,135475,7,5,4,86400,1.2
135601,135610,144340,9,8730,2,36000,1.00103092784
135633,135639,141834,6,6195,2,36000,1.000968523
135678,135685,143780,7,8095,1,28800,1.00086473132
135726,135735,145777,9,10042,2,36000,1.00089623581
135757,135769,146001,12,10232,2,36000,1.00117279124
135757,135763,143551,6,7788,4,86400,1.00077041602
135841,135847,139685,6,3838,2,86400,1.00156331423
135879,135886,140273,7,4387,2,86400,1.00159562343
135906,135914,144014,8,8100,2,36000,1.00098765432
135985,135993,145212,8,9219,2,36000,1.00086777308
136109,136115,136122,6,7,8,3600,1.3
136217,136224,136382,7,158,8,3600,1.04430379747
136416,136425,146685,9,10260,2,36000,1.00087719298
136446,136454,146782,8,10328,2,36000,1.00077459334
136478,136484,136652,6,168,8,3600,1.03571428571
136509,136515,136688,6,173,8,3600,1.03468208092
136567,136574,136805,7,231,8,3600,1.0303030303
136581,136587,136834,6,247,8,3600,1.02429149798
136594,136601,136932,7,331,8,3600,1.02114803625
136747,136756,145583,9,8827,2,36000,1.00101959896
136774,136782,146678,8,9896,2,36000,1.00080840744
136877,136883,182063,6,45180,1,172800,1.00013280212
136979,136989,146730,10,9741,2,36000,1.00102658865
137338,137348,147431,10,10083,2,36000,1.00099176832
137719,137728,147563,9,9835,2,36000,1.00091509914
137737,137747,144462,10,6715,2,36000,1.00148920328
137823,137832,147521,9,9689,2,36000,1.00092888843
137838,137843,147605,5,9762,2,36000,1.00051219012
137914,137920,147277,6,9357,2,36000,1.00064123116
137969,137978,147359,9,9381,2,36000,1.00095938599
138245,138251,148385,6,10134,2,32400,1.00059206631
138335,138344,147488,9,9144,2,36000,1.00098425197
138351,138360,146704,9,8344,2,36000,1.00107861937
138357,138366,140274,9,1908,4,1800,1.00471698113
138435,138441,139758,6,1317,8,3600,1.00455580866
138513,138523,148539,10,10016,2,36000,1.00099840256
138776,138786,148529,10,9743,2,36000,1.00102637791
138940,138949,148229,9,9280,2,36000,1.00096982759
138959,138965,142591,6,3626,8,3600,1.00165471594
139095,139101,149785,6,10684,2,32400,1.00056158742
139182,139192,145085,10,5893,2,36000,1.00169692856
139225,139235,146509,10,7274,2,36000,1.00137475942
139295,139304,148539,9,9235,2,36000,1.00097455333
139357,139366,144166,9,4800,2,36000,1.001875
139476,139484,148539,8,9055,2,36000,1.00088348978
139491,139497,148539,6,9042,2,36000,1.00066357001
139838,139848,148539,10,8691,2,36000,1.00115061558
139842,139853,145905,11,6052,2,25200,1.00181758096
140246,140256,148539,10,8283,2,36000,1.00120729204
140456,140466,148539,10,8073,2,36000,1.00123869689
140512,140520,148539,8,8019,2,36000,1.00099763063
140895,140909,148539,14,7630,2,36000,1.00183486239
141062,141072,148539,10,7467,2,36000,1.00133922593
141192,141198,146664,6,5466,2,86400,1.00109769484
141560,141566,146804,6,5238,2,86400,1.00114547537
141696,141706,148539,10,6833,2,36000,1.00146348602
142404,142412,148539,8,6127,2,36000,1.0013056961
142559,142565,147857,6,5292,2,86400,1.00113378685
142819,142826,154287,7,11461,2,25200,1.00061076695
142955,142964,148539,9,5575,2,36000,1.00161434978
143052,143059,148539,7,5480,2,36000,1.00127737226
143727,143733,146975,6,3242,2,14400,1.00185070944
144017,144025,148539,8,4514,2,36000,1.00177226407
144165,144172,148519,7,4347,2,14400,1.00161030596
144170,144178,148539,8,4361,2,36000,1.00183444164
144341,144352,148539,11,4187,2,36000,1.00262717936
144465,144474,148539,9,4065,2,36000,1.00221402214
144753,144763,148539,10,3776,2,36000,1.00264830508
145087,145096,148539,9,3443,2,36000,1.00261399942
145160,145169,148539,9,3370,2,36000,1.00267062315
145215,145223,148539,8,3316,2,36000,1.00241254524
145273,145279,146272,6,993,4,28800,1.00604229607
145280,145286,201955,6,56669,2,86400,1.00010587799
145586,145595,148539,9,2944,2,36000,1.00305706522
145780,145788,148539,8,2751,2,36000,1.00290803344
146005,146012,148539,7,2527,2,36000,1.0027700831
146227,146233,149856,6,3623,1,3600,1.00165608612
146511,146521,148539,10,2018,2,36000,1.00495540139
146681,146689,148539,8,1850,2,36000,1.00432432432
146696,146702,148539,6,1837,2,36000,1.00326619488
146711,146717,148539,6,1822,2,36000,1.00329308452
146733,146741,148539,8,1798,2,36000,1.00444938821
146784,146793,148539,9,1746,2,36000,1.00515463918
146900,146906,147017,6,111,16,28800,1.05405405405
147047,147053,151365,6,4312,8,28800,1.00139146568
147277,147288,148539,11,1251,2,36000,1.00879296563
147363,147370,148539,7,1169,2,36000,1.00598802395
147432,147442,148539,10,1097,2,36000,1.00911577028
147489,147499,148539,10,1040,2,36000,1.00961538462
147522,147532,148539,10,1007,2,36000,1.00993048659
147564,147574,148539,10,965,2,36000,1.0103626943
147607,147616,148539,9,923,2,36000,1.00975081257
148230,148241,148539,11,298,2,36000,1.03691275168
148532,148541,148542,9,1,2,36000,1.0
148760,148766,148903,6,137,2,36000,1.04379562044
148761,148772,148903,11,131,2,36000,1.08396946565
148763,148777,148903,14,126,2,36000,1.11111111111
148764,148782,148903,18,121,2,36000,1.14876033058
148765,148787,148903,22,116,2,36000,1.18965517241
148767,148792,148903,25,111,2,36000,1.22522522523
148768,148799,148903,31,104,2,36000,1.29807692308
148769,148804,148903,35,99,2,36000,1.35353535354
148771,148809,148903,38,94,2,36000,1.40425531915
148772,148814,148903,42,89,2,36000,1.47191011236
148773,148820,148903,47,83,2,36000,1.56626506024
148775,148825,148903,50,78,2,36000,1.64102564103
148776,148830,148903,54,73,2,36000,1.7397260274
148777,148835,148903,58,68,2,36000,1.85294117647
148778,148840,148903,62,63,2,36000,1.98412698413
148780,148846,148903,66,57,2,36000,2.15789473684
148781,148852,148903,71,51,2,36000,2.39215686275
148783,148857,148903,74,46,2,36000,2.60869565217
148784,148862,148903,78,41,2,36000,2.90243902439
148785,148867,148903,82,36,2,36000,3.27777777778
148787,148872,148903,85,31,2,36000,3.74193548387
148788,148877,148903,89,26,2,36000,4.42307692308
148789,148882,148903,93,21,2,36000,5.42857142857
148790,148888,148903,98,15,2,36000,7.53333333333
148792,148893,148903,101,10,2,36000,11.1
148793,148898,148903,105,5,2,36000,11.0
148795,148904,148905,109,1,2,36000,11.0
148796,148909,148910,113,1,2,36000,11.4
148798,148914,148915,116,1,2,36000,11.7
148799,148919,148920,120,1,2,36000,12.1
148800,148925,148926,125,1,2,36000,12.6
148801,148930,148931,129,1,2,36000,13.0
148803,148935,148936,132,1,2,36000,13.3
148804,148940,148941,136,1,2,36000,13.7
148805,148945,148951,140,6,2,36000,14.6
148807,148950,148951,143,1,2,36000,14.4
148808,148955,148956,147,1,2,36000,14.8
148809,148961,148962,152,1,2,36000,15.3
148811,148966,148967,155,1,2,36000,15.6
148812,148971,148972,159,1,2,36000,16.0
148859,148976,170668,117,21692,10,43200,1.00539369353
148986,148992,156023,6,7031,2,36000,1.00085336368
148987,148998,156783,11,7785,2,36000,1.00141297367
148989,149003,158556,14,9553,2,36000,1.00146550822
148990,149008,153401,18,4393,2,36000,1.00409742773
148991,149013,153899,22,4886,2,36000,1.00450266066
148993,149018,157569,25,8551,2,36000,1.00292363466
148994,149024,157836,30,8812,2,36000,1.00340444848
148995,149030,157903,35,8873,2,36000,1.00394455088
148997,149035,152604,38,3569,2,36000,1.01064724012
148998,149040,155967,42,6927,2,36000,1.00606323084
148999,149045,156198,46,7153,2,36000,1.00643086817
149001,149050,152627,49,3577,2,36000,1.01369863014
149002,149055,152583,53,3528,2,36000,1.01502267574
149003,149060,153790,57,4730,2,36000,1.01205073996
149005,149066,152713,61,3647,2,36000,1.01672607623
149006,149071,152354,65,3283,2,36000,1.01979896436
149007,149076,158535,69,9459,2,36000,1.00729464003
149009,149081,152670,72,3589,2,36000,1.02006129841
149010,149086,156983,76,7897,2,36000,1.00962390781
149011,149091,152335,80,3244,2,36000,1.02466091245
149013,149097,159414,84,10317,2,36000,1.00814190172
149014,149102,157308,88,8206,2,36000,1.01072386059
149015,149107,157303,92,8196,2,36000,1.0112249878
149016,149112,153471,96,4359,2,36000,1.02202339986
149018,149117,154537,99,5420,2,36000,1.01826568266
149019,149123,157635,104,8512,2,36000,1.01221804511
149020,149129,153879,109,4750,2,36000,1.02294736842
149022,149134,157361,112,8227,2,36000,1.01361371095
149023,149139,152428,116,3289,2,36000,1.03526907875
149024,149144,157951,120,8807,2,36000,1.01362552515
149026,149149,152206,123,3057,2,36000,1.04023552502
149027,149155,158568,128,9413,2,36000,1.01359821523
149028,149160,154988,132,5828,2,36000,1.02264927934
149030,149165,155091,135,5926,2,36000,1.02278096524
149031,149170,153695,139,4525,2,36000,1.03071823204
149032,149175,152335,143,3160,2,36000,1.04525316456
149034,149180,152507,146,3327,2,36000,1.04388337842
149035,149186,157485,151,8299,2,36000,1.01819496325
149036,149191,158973,155,9782,2,36000,1.01584543038
149038,149196,156754,158,7558,2,36000,1.02090500132
149528,149534,188302,6,38768,2,86400,1.00015476682
152208,152217,156657,9,4440,2,36000,1.00202702703
152338,152346,156461,8,4115,2,36000,1.00194410693
152340,152352,155973,12,3621,2,36000,1.00331400166
152355,152365,155679,10,3314,2,36000,1.00301750151
152430,152439,156799,9,4360,2,36000,1.00206422018
152509,152518,156595,9,4077,2,36000,1.00220750552
152584,152595,162566,11,9971,2,36000,1.00110319928
152606,152615,156937,9,4322,2,36000,1.00208236927
152623,152630,152652,7,22,2,169200,1.31818181818
152630,152638,155975,8,3337,2,36000,1.0023973629
152641,152647,201448,6,48801,4,172800,1.0001229483
152662,152669,229110,7,76441,3,169200,1.00009157389
152672,152682,157716,10,5034,2,36000,1.00198649186
152714,152724,156549,10,3825,2,36000,1.00261437908
153404,153412,159129,8,5717,2,36000,1.00139933532
153473,153482,162836,9,9354,2,36000,1.00096215523
153697,153706,161472,9,7766,2,36000,1.00115889776
153791,153802,162806,11,9004,2,36000,1.00122167925
153881,153890,159479,9,5589,2,36000,1.00161030596
153900,153910,164141,10,10231,2,36000,1.00097742156
154538,154548,158674,10,4126,2,36000,1.00242365487
154991,154999,161254,8,6255,2,36000,1.00127897682
155092,155102,164445,10,9343,2,36000,1.00107032003
155111,155117,169783,6,14666,4,36000,1.0004091095
155134,155140,169292,6,14152,4,36000,1.00042396834
155156,155162,168981,6,13819,4,36000,1.00043418482
155680,155690,160630,10,4940,2,36000,1.0020242915
155971,155978,162513,7,6535,2,36000,1.00107115532
155986,155992,160984,6,4992,2,36000,1.00120192308
155987,155998,160294,11,4296,2,36000,1.00256052142
156024,156034,164693,10,8659,2,36000,1.00115486777
156200,156209,160619,9,4410,2,36000,1.00204081633
156462,156472,160300,10,3828,2,36000,1.0026123302
156550,156561,165176,11,8615,2,36000,1.00127684272
156596,156606,159738,10,3132,2,36000,1.00319284802
156659,156668,165119,9,8451,2,36000,1.00106496273
156756,156765,161086,9,4321,2,36000,1.00208285119
156783,156794,161044,11,4250,2,36000,1.00258823529
156801,156810,160783,9,3973,2,36000,1.00226529071
156940,156949,160452,9,3503,2,36000,1.00256922638
156985,156994,164739,9,7745,2,36000,1.00116204003
157305,157314,166590,9,9276,2,36000,1.0009702458
157319,157326,167630,7,10304,2,36000,1.00067934783
157362,157372,166877,10,9505,2,36000,1.00105207785
157485,157496,165907,11,8411,2,36000,1.0013078112
157573,157581,163456,8,5875,2,36000,1.00136170213
157636,157647,166263,11,8616,2,36000,1.00127669452
157718,157727,166321,9,8594,2,36000,1.00104724226
157840,157847,161471,7,3624,2,36000,1.00193156733
157906,157914,161743,8,3829,2,36000,1.00208931836
157954,157962,166554,8,8592,2,36000,1.0009310987
158538,158547,167770,9,9223,2,36000,1.00097582132
158559,158567,162963,8,4396,2,36000,1.00181983621
158574,158580,167196,6,8616,2,36000,1.00069637883
158677,158685,162452,8,3767,2,36000,1.00212370587
158974,158985,166486,11,7501,2,36000,1.00146647114
159132,159140,162726,8,3586,2,36000,1.00223089794
159358,159365,159366,7,1,2,3540,1.0
159415,159425,167694,10,8269,2,36000,1.00120933607
159481,159490,168723,9,9233,2,36000,1.00097476443
159741,159749,164051,8,4302,2,36000,1.00185960019
160297,160305,163781,8,3476,2,36000,1.00230149597
160312,160318,169128,6,8810,2,36000,1.00068104427
160454,160463,164973,9,4510,2,36000,1.00199556541
160620,160630,170816,10,10186,2,36000,1.00098173964
160635,160641,170139,6,9498,2,36000,1.00063171194
160786,160794,163940,8,3146,2,36000,1.00254291163
160986,160995,164112,9,3117,2,36000,1.00288739172
161047,161055,164731,8,3676,2,36000,1.00217627856
161087,161097,170204,10,9107,2,36000,1.00109805644
161256,161265,168430,9,7165,2,36000,1.00125610607
161474,161481,170348,7,8867,2,36000,1.00078944401
161475,161487,165214,12,3727,2,36000,1.00321974779
161744,161754,166113,10,4359,2,36000,1.00229410415
162453,162463,170534,10,8071,2,36000,1.00123900384
162516,162525,171243,9,8718,2,36000,1.00103234687
162568,162578,166053,10,3475,2,36000,1.00287769784
162728,162737,168269,9,5532,2,36000,1.00162689805
162806,162817,172514,11,9697,2,36000,1.00113437146
162839,162847,171399,8,8552,2,36000,1.0009354537
162966,162975,172522,9,9547,2,36000,1.00094270451
163458,163467,171920,9,8453,2,36000,1.00106471075
163784,163793,166576,9,2783,2,36000,1.00323392023
163942,163952,173113,10,9161,2,36000,1.00109158389
164054,164062,172840,8,8778,2,36000,1.00091136933
164114,164123,168105,9,3982,2,36000,1.00226017077
164142,164152,168191,10,4039,2,36000,1.00247586036
164447,164456,167603,9,3147,2,36000,1.00285986654
164695,164704,174733,9,10029,2,36000,1.00089739755
164735,164743,172526,8,7783,2,36000,1.00102788128
164750,164756,173837,6,9081,2,36000,1.00066072019
164976,164985,170559,9,5574,2,36000,1.0016146394
165121,165130,175103,9,9973,2,36000,1.00090243658
165179,165187,170059,8,4872,2,36000,1.00164203612
165216,165225,169008,9,3783,2,36000,1.00237906423
165908,165918,172869,10,6951,2,36000,1.00143864192
166056,166064,172738,8,6674,2,36000,1.00119868145
166113,166124,175792,11,9668,2,36000,1.0011377741
166265,166274,170123,9,3849,2,36000,1.00233826968
166322,166332,175769,10,9437,2,36000,1.00105965879
166490,166497,170862,7,4365,2,36000,1.00160366552
166557,166566,171035,9,4469,2,36000,1.00201387335
166579,166587,176237,8,9650,2,36000,1.00082901554
166594,166601,171060,7,4459,2,36000,1.00156985871
166878,166888,171153,10,4265,2,36000,1.00234466589
167198,167207,175590,9,8383,2,36000,1.00107360134
167605,167615,171211,10,3596,2,36000,1.00278086763
167633,167642,171668,9,4026,2,36000,1.00223546945
167697,167705,174374,8,6669,2,36000,1.00119958015
167773,167781,175849,8,8068,2,36000,1.00099157164
168106,168116,173320,10,5204,2,36000,1.00192159877
168194,168202,174557,8,6355,2,36000,1.0012588513
168272,168281,177662,9,9381,2,36000,1.00095938599
168433,168441,178477,8,10036,2,36000,1.00079713033
168727,168735,178046,8,9311,2,36000,1.0008591988
169011,169019,172964,8,3945,2,36000,1.0020278834
169129,169139,173349,10,4210,2,36000,1.00237529691
170062,170070,173943,8,3873,2,36000,1.00206558224
170126,170134,175053,8,4919,2,36000,1.00162634682
170141,170150,177406,9,7256,2,36000,1.00124035281
170205,170215,173749,10,3534,2,36000,1.00282965478
170350,170360,176474,10,6114,2,36000,1.00163559045
170380,170386,170388,6,2,2,3540,1.0
170537,170545,176515,8,5970,2,36000,1.0013400335
170561,170571,174889,10,4318,2,36000,1.00231588698
170818,170827,179744,9,8917,2,36000,1.00100930806
170863,170874,179710,11,8836,2,36000,1.0012449072
171036,171046,180017,10,8971,2,36000,1.00111470293
171063,171072,174639,9,3567,2,36000,1.00252312868
171154,171164,179403,10,8239,2,36000,1.00121373953
171211,171222,175345,11,4123,2,36000,1.00266796022
171245,171254,178914,9,7660,2,36000,1.00117493473
171402,171410,175064,8,3654,2,36000,1.0021893815
171670,171679,180668,9,8989,2,36000,1.00100122372
171921,171931,181574,10,9643,2,36000,1.00103702167
172517,172525,182586,8,10061,2,36000,1.00079514959
172532,172539,182159,7,9620,2,36000,1.00072765073
172534,172545,181538,11,8993,2,36000,1.00122317358
172739,172750,179665,11,6915,2,36000,1.00159074476
172842,172851,180091,9,7240,2,36000,1.00124309392
172869,172880,177232,11,4352,2,36000,1.00252757353
172966,172975,179726,9,6751,2,36000,1.00133313583
173114,173124,183023,10,9899,2,36000,1.00101020305
173323,173331,183553,8,10222,2,36000,1.00078262571
173351,173360,183296,9,9936,2,36000,1.0009057971
173750,173760,182831,10,9071,2,36000,1.00110241429
173837,173848,179005,11,5157,2,36000,1.00213302308
173947,173955,178919,8,4964,2,36000,1.00161160355
174053,174059,174081,6,22,1,120,1.27272727273
174172,174178,174318,6,140,1,120,1.04285714286
174376,174385,183971,9,9586,2,36000,1.00093886918
174557,174568,184398,11,9830,2,36000,1.0011190234
174642,174650,184618,8,9968,2,36000,1.00080256822
174734,174745,184699,11,9954,2,36000,1.00110508338
174891,174901,184435,10,9534,2,36000,1.0010488777
175055,175064,185193,9,10129,2,36000,1.00088853786
175070,175076,180255,6,5179,2,36000,1.00115852481
175103,175114,182086,11,6972,2,36000,1.00157773953
175346,175356,180872,10,5516,2,36000,1.0018129079
175381,175387,176626,6,1239,1,3600,1.00484261501
175591,175601,185020,10,9419,2,36000,1.00106168383
175773,175781,184827,8,9046,2,36000,1.00088436878
175794,175803,185039,9,9236,2,36000,1.00097444781
175849,175860,185233,11,9373,2,36000,1.0011735837
176238,176249,180945,11,4696,2,36000,1.00234241908
176474,176485,180705,11,4220,2,36000,1.00260663507
176517,176526,183730,9,7204,2,36000,1.00124930594
177235,177244,187246,9,10002,2,36000,1.00089982004
177409,177417,182800,8,5383,2,36000,1.00148616013
177663,177673,187800,10,10127,2,36000,1.00098745927
177911,177917,218528,6,40611,1,86400,1.00014774322
178049,178057,186035,8,7978,2,36000,1.00100275758
178478,178488,183583,10,5095,2,36000,1.00196270854
178916,178925,187798,9,8873,2,36000,1.00101431308
178931,178937,184524,6,5587,2,36000,1.0010739216
179007,179016,187230,9,8214,2,36000,1.00109569028
179404,179415,186648,11,7233,2,36000,1.00152080741
179668,179676,189484,8,9808,2,36000,1.00081566069
179710,179721,188040,11,8319,2,36000,1.00132227431
179729,179737,190137,8,10400,2,36000,1.00076923077
179747,179755,190015,8,10260,2,36000,1.0007797271
180020,180028,183819,8,3791,2,36000,1.00211026114
180086,180102,187250,16,7148,2,36000,1.00223838836
180256,180266,183726,10,3460,2,36000,1.00289017341
180670,180679,189797,9,9118,2,36000,1.00098705857
180706,180716,184205,10,3489,2,36000,1.00286615076
180873,180883,190456,10,9573,2,36000,1.00104460462
180945,180956,189297,11,8341,2,36000,1.00131878672
181535,181549,190334,14,8785,2,36000,1.0015936255
181575,181585,191589,10,10004,2,36000,1.00099960016
182089,182097,186275,8,4178,2,36000,1.00191479177
182162,182171,191388,9,9217,2,36000,1.00097645655
182589,182597,192409,8,9812,2,36000,1.00081532817
182801,182811,186610,10,3799,2,36000,1.00263227165
182835,182842,190801,7,7959,2,36000,1.00087950748
183026,183034,186307,8,3273,2,36000,1.00244424076
183297,183307,187596,10,4289,2,36000,1.00233154581
183554,183565,192868,11,9303,2,36000,1.00118241427
183585,183594,188224,9,4630,2,36000,1.00194384449
183728,183737,193285,9,9548,2,36000,1.00094260578
183743,183749,193250,6,9501,2,36000,1.00063151247
183822,183830,193619,8,9789,2,36000,1.00081724385
183974,183982,188225,8,4243,2,36000,1.0018854584
184208,184216,188459,8,4243,2,36000,1.0018854584
184399,184409,194247,10,9838,2,36000,1.00101646676
184439,184446,192600,7,8154,2,36000,1.00085847437
184527,184535,191032,8,6497,2,36000,1.00123133754
184619,184629,192865,10,8236,2,36000,1.00121418164
184701,184710,188425,9,3715,2,36000,1.00242261104
184829,184839,194162,10,9323,2,36000,1.00107261611
185024,185032,195390,8,10358,2,36000,1.00077234987
185042,185051,191055,9,6004,2,36000,1.00149900067
185196,185205,192207,9,7002,2,36000,1.00128534704
185236,185244,191559,8,6315,2,36000,1.00126682502
186036,186046,194254,10,8208,2,36000,1.00121832359
186278,186286,189439,8,3153,2,36000,1.0025372661
186309,186318,194449,9,8131,2,36000,1.00110687492
186611,186621,196524,10,9903,2,36000,1.00100979501
186651,186659,195794,8,9135,2,36000,1.0008757526
187233,187241,191801,8,4560,2,36000,1.00175438596
187248,187257,190714,9,3457,2,36000,1.00260341336
187263,187269,195135,6,7866,2,36000,1.00076277651
187598,187607,198032,9,10425,2,36000,1.00086330935
187799,187809,196769,10,8960,2,36000,1.00111607143
187814,187821,191062,7,3241,2,36000,1.00215982721
188041,188051,196468,10,8417,2,36000,1.00118807176
188228,188235,192732,7,4497,2,36000,1.00155659328
188230,188241,196595,11,8354,2,36000,1.0013167345
188426,188436,192121,10,3685,2,36000,1.00271370421
188463,188470,196649,7,8179,2,36000,1.00085585035
189298,189308,199461,10,10153,2,36000,1.00098493056
189378,189384,189481,6,97,1,1800,1.0618556701
189440,189450,198818,10,9368,2,36000,1.00106746371
189486,189495,194404,9,4909,2,36000,1.00183336728
189785,189791,189897,6,106,1,1800,1.05660377358
189800,189809,195917,9,6108,2,36000,1.00147347741
190018,190027,193512,9,3485,2,36000,1.00258249641
190139,190148,194996,9,4848,2,36000,1.00185643564
190336,190345,194104,9,3759,2,36000,1.00239425379
190458,190467,196663,9,6196,2,36000,1.00145255003
190500,190506,191012,6,506,1,1800,1.01185770751
190715,190725,200650,10,9925,2,36000,1.00100755668
190803,190812,196206,9,5394,2,36000,1.00166852058
191033,191044,200852,11,9808,2,36000,1.00112153344
191058,191066,199673,8,8607,2,36000,1.00092947601
191073,191079,200729,6,9650,2,36000,1.00062176166
191391,191399,201552,8,10153,2,36000,1.00078794445
191560,191570,201016,10,9446,2,36000,1.00105864916
191591,191601,201370,10,9769,2,36000,1.00102364623
191804,191812,201712,8,9900,2,36000,1.00080808081
192124,192132,195629,8,3497,2,36000,1.00228767515
192209,192218,195863,9,3645,2,36000,1.0024691358
192410,192421,201549,11,9128,2,36000,1.00120508326
192604,192612,203172,8,10560,2,36000,1.00075757576
192719,192725,192763,6,38,1,1800,1.15789473684
192734,192744,202958,10,10214,2,36000,1.00097904836
192782,192788,192831,6,43,1,1800,1.13953488372
192868,192876,199377,8,6501,2,36000,1.00123057991
192882,192889,197276,7,4387,2,36000,1.00159562343
193042,193048,193121,6,73,1,1800,1.08219178082
193145,193151,193229,6,78,1,1800,1.07692307692
193251,193261,202740,10,9479,2,36000,1.0010549636
193289,193296,203380,7,10084,2,36000,1.00069416898
193513,193523,203829,10,10306,2,36000,1.00097030856
193619,193630,203791,11,10161,2,36000,1.00108257061
193641,193647,193895,6,248,1,1800,1.02419354839
194092,194098,194363,6,265,1,1800,1.02264150943
194106,194116,204593,10,10477,2,36000,1.0009544717
194164,194173,204218,9,10045,2,36000,1.00089596814
194249,194259,204019,10,9760,2,36000,1.00102459016
194264,194270,203782,6,9512,2,36000,1.00063078217
194406,194415,204748,9,10333,2,36000,1.00087099584
194452,194461,204293,9,9832,2,36000,1.00091537836
194999,195007,204871,8,9864,2,36000,1.00081103001
195138,195146,205479,8,10333,2,36000,1.00077421852
195254,195260,195287,6,27,1,1800,1.22222222222
195386,195401,205461,15,10060,2,36000,1.00149105368
195591,195597,195659,6,62,1,1800,1.09677419355
195630,195640,201430,10,5790,2,36000,1.00172711572
195796,195805,205423,9,9618,2,36000,1.00093574548
195866,195875,201632,9,5757,2,36000,1.00156331423
195920,195928,206170,8,10242,2,36000,1.00078109744
196207,196217,205772,10,9555,2,36000,1.00104657248
196392,196398,196519,6,121,1,1800,1.04958677686
196470,196480,206870,10,10390,2,36000,1.00096246391
196528,196535,206356,7,9821,2,36000,1.00071275837
196597,196606,201861,9,5255,2,36000,1.00171265461
196652,196660,207138,8,10478,2,36000,1.00076350449
196667,196675,206091,8,9416,2,36000,1.00084961767
196770,196780,207343,10,10563,2,36000,1.00094670075
197278,197287,207618,9,10331,2,36000,1.00087116446
198035,198044,207778,9,9734,2,36000,1.00092459421
198818,199025,208998,207,9973,2,36000,1.02075604131
199381,199388,208387,7,8999,2,36000,1.00077786421
199463,199472,207245,9,7773,2,36000,1.00115785411
199674,199684,209607,10,9923,2,36000,1.00100775975
200651,200661,209608,10,8947,2,36000,1.00111769308
200730,200740,209607,10,8867,2,36000,1.00112777715
200854,200863,206678,9,5815,2,36000,1.00154772141
201018,201027,208375,9,7348,2,36000,1.00122482308
201370,201381,206871,11,5490,2,36000,1.00200364299
201431,201442,209608,11,8166,2,36000,1.00134704874
201553,201560,209607,7,8047,2,36000,1.0008698894
201554,201566,209608,12,8042,2,36000,1.00149216613
201634,201643,209607,9,7964,2,36000,1.00113008538
201713,201723,209608,10,7885,2,36000,1.00126823082
201823,201829,201954,6,125,4,86400,1.048
201824,201841,201954,17,113,4,86400,1.15044247788
201824,201834,201954,10,120,4,86400,1.08333333333
201825,201846,201954,21,108,4,86400,1.19444444444
201825,201851,201954,26,103,4,86400,1.25242718447
201826,201862,201954,36,92,4,86400,1.39130434783
201826,201856,201954,30,98,4,86400,1.30612244898
201826,201867,201954,41,87,4,86400,1.47126436782
201827,201877,201955,50,78,4,86400,1.64102564103
201827,201872,201955,45,83,4,86400,1.5421686747
201828,201882,201954,54,72,4,86400,1.75
201865,201888,209607,23,7719,2,36000,1.00297966058
202348,202354,258669,6,56315,4,86400,1.00010654355
202741,202751,209607,10,6856,2,36000,1.00145857643
202960,202969,209607,9,6638,2,36000,1.00135583007
203175,203183,209608,8,6425,2,36000,1.00124513619
203377,203383,212974,6,9591,1,216000,1.00062558649
203384,203391,209607,7,6216,2,36000,1.00112612613
203784,203793,209607,9,5814,2,36000,1.00154798762
203802,203808,209607,6,5799,2,36000,1.00103466115
203829,203840,209608,11,5768,2,36000,1.00190707351
204020,204030,209608,10,5578,2,36000,1.00179275726
204220,204229,209608,9,5379,2,36000,1.00167317345
204296,204304,209608,8,5304,2,36000,1.00150829563
204595,204605,209294,10,4689,2,36000,1.00213265089
204750,204759,209608,9,4849,2,36000,1.00185605279
204874,204882,209608,8,4726,2,36000,1.00169276344
205424,205434,209608,10,4174,2,36000,1.00239578342
205464,205472,209608,8,4136,2,36000,1.00193423598
205482,205490,209608,8,4118,2,36000,1.00194269063
205775,205783,209608,8,3825,2,36000,1.00209150327
205899,205905,212752,6,6847,2,36000,1.00087629619
206093,206102,209608,9,3506,2,36000,1.00256702795
206173,206182,209608,9,3426,2,36000,1.00262697023
206357,206367,209608,10,3241,2,36000,1.00308546745
206681,206689,209608,8,2919,2,36000,1.00274066461
206751,206757,237952,6,31195,1,72000,1.00019233852
206791,206797,250881,6,44084,1,72000,1.0001361038
206838,206844,209577,6,2733,16,28800,1.00219538968
206872,206881,209608,9,2727,2,36000,1.00330033003
206873,206887,209608,14,2721,2,36000,1.00514516722
207129,207135,212981,6,5846,1,144000,1.0010263428
207141,207149,209608,8,2459,2,36000,1.00325335502
207247,207257,209608,10,2351,2,36000,1.00425350915
207344,207355,209608,11,2253,2,36000,1.00488237905
207505,207511,207713,6,202,1,216000,1.0297029703
207620,207629,209608,9,1979,2,36000,1.00454775139
207671,207677,373374,6,165697,1,216000,1.00003621067
207731,207737,373374,6,165637,1,216000,1.00003622379
207752,209583,211504,1831,1921,32,28800,1.95314940135
207780,207790,209608,10,1818,2,36000,1.00550055006
208376,208386,209608,10,1222,2,36000,1.00818330606
208391,208398,209608,7,1210,2,36000,1.00578512397
209001,209009,209608,8,599,2,36000,1.01335559265
209004,209015,226654,11,17639,12,43200,1.00062361812
209295,209306,209608,11,302,2,36000,1.03642384106
209447,209454,234300,7,24846,2,36000,1.00028173549
209472,209478,238779,6,29301,2,43200,1.00020477117
209602,209608,296113,6,86505,8,86400,1.00006936015
209651,209657,296169,6,86512,8,86400,1.00006935454
209816,209822,210240,6,418,2,43200,1.01435406699
209853,209859,209872,6,13,8,86400,1.46153846154
209966,209972,210009,6,37,2,36000,1.16216216216
209967,209978,210015,11,37,2,36000,1.2972972973
209968,209983,210018,15,35,2,36000,1.42857142857
209970,209988,210024,18,36,2,36000,1.5
209971,209993,210031,22,38,2,36000,1.57894736842
209972,209998,210036,26,38,2,36000,1.68421052632
209974,210004,210041,30,37,2,36000,1.81081081081
209975,210009,210046,34,37,2,36000,1.91891891892
209976,210014,210051,38,37,2,36000,2.02702702703
209977,210019,210059,42,40,2,36000,2.05
209979,210025,210062,46,37,2,36000,2.24324324324
209980,210030,210067,50,37,2,36000,2.35135135135
209981,210035,210072,54,37,2,36000,2.45945945946
209983,210040,210078,57,38,2,36000,2.5
209984,210045,210083,61,38,2,36000,2.60526315789
209985,210050,210088,65,38,2,36000,2.71052631579
209986,210055,210095,69,40,2,36000,2.725
210119,210125,218427,6,8302,2,36000,1.00072271742
210120,210131,221514,11,11383,2,36000,1.00096635333
210122,210136,214508,14,4372,2,36000,1.00320219579
210123,210141,219200,18,9059,2,36000,1.00198697428
210124,210146,221724,22,11578,2,36000,1.00190015547
210125,210151,221837,26,11686,2,36000,1.00222488448
210127,210157,221840,30,11683,2,36000,1.0025678336
210128,210162,214778,34,4616,2,36000,1.00736568458
210129,210167,214071,38,3904,2,36000,1.00973360656
210131,210172,215202,41,5030,2,36000,1.00815109344
210132,210178,221043,46,10865,2,36000,1.00423377819
210133,210183,217651,50,7468,2,36000,1.00669523299
210134,210188,214879,54,4691,2,36000,1.01151140482
210136,210193,220815,57,10622,2,36000,1.00536622105
210137,210198,221792,61,11594,2,36000,1.00526134207
210138,210203,216520,65,6317,2,36000,1.01028969448
210140,210209,221674,69,11465,2,36000,1.00601831662
210141,210214,219987,73,9773,2,36000,1.00746955899
210143,210219,214846,76,4627,2,36000,1.01642532959
210144,210224,215877,80,5653,2,36000,1.01415177782
210145,210229,215412,84,5183,2,36000,1.01620683002
210146,210234,219499,88,9265,2,36000,1.00949811117
210148,210239,220691,91,10452,2,36000,1.00870646766
210149,210245,216920,96,6675,2,36000,1.01438202247
210150,210250,220295,100,10045,2,36000,1.00995520159
210152,210255,220789,103,10534,2,36000,1.00977786216
210153,210261,219968,108,9707,2,36000,1.01112599155
210154,210266,215213,112,4947,2,36000,1.02263998383
210156,210271,215193,115,4922,2,36000,1.02336448598
210157,210276,221263,119,10987,2,36000,1.01083098207
210158,210282,220922,124,10640,2,36000,1.01165413534
210159,210287,218037,128,7750,2,36000,1.01651612903
210161,210292,218219,131,7927,2,36000,1.01652579791
210162,210297,213995,135,3698,2,36000,1.03650621958
210163,210302,220743,139,10441,2,36000,1.01331290106
210165,210307,220751,142,10444,2,36000,1.01359632325
210166,210312,214036,146,3724,2,36000,1.03920515575
210167,210318,220598,151,10280,2,36000,1.01468871595
210168,210323,218568,155,8245,2,36000,1.01879927229
210170,210328,214552,158,4224,2,36000,1.03740530303
210394,210400,242464,6,32064,2,43200,1.00018712575
210477,210483,210484,6,1,1,900,1.0
210883,210889,226564,6,15675,2,43200,1.00038277512
211522,211528,234087,6,22559,8,43200,1.00026596924
211682,211689,211699,7,10,3,64800,1.7
211774,211781,211789,7,8,3,64800,1.5
211847,211853,234699,6,22846,2,36000,1.00026262803
212202,212208,228631,6,16423,2,43200,1.00036534129
212306,212312,231999,6,19687,2,43200,1.00030476964
212312,212318,228074,6,15756,2,43200,1.00038080731
212893,212899,235709,6,22810,2,43200,1.00026304253
212942,212948,367654,6,154706,1,180000,1.00003878324
213023,213029,429059,6,216030,1,216000,1.00002777392
213038,213045,357065,7,144020,1,144000,1.00004860436
213548,213554,213581,6,27,31,64800,1.22222222222
213575,213581,220833,6,7252,2,43200,1.00082735797
213763,213769,214702,6,933,8,1800,1.00643086817
213996,214006,218842,10,4836,2,36000,1.00206782465
214037,214047,219957,10,5910,2,36000,1.00169204738
214073,214082,217976,9,3894,2,36000,1.00231124807
214318,214324,224714,6,10390,2,43200,1.00057747834
214474,214481,216327,7,1846,3,1800,1.00379198267
214509,214520,224626,11,10106,2,36000,1.0010884623
214554,214564,221133,10,6569,2,36000,1.00152230172
214565,214571,214585,6,14,60,108000,1.42857142857
214597,214603,218633,6,4030,2,43200,1.00148883375
214709,214715,218891,6,4176,60,108000,1.00143678161
214730,214736,220664,6,5928,1,172800,1.00101214575
214780,214790,219974,10,5184,2,36000,1.00192901235
214849,214858,225748,9,10890,2,36000,1.00082644628
214881,214890,219926,9,5036,2,36000,1.00178713264
215194,215204,220314,10,5110,2,36000,1.00195694716
215209,215215,224612,6,9397,2,36000,1.00063850165
215223,215230,224958,7,9728,2,36000,1.00071957237
215413,215425,220101,12,4676,2,36000,1.00256629598
215670,215676,216607,6,931,8,1800,1.00644468314
215734,215740,575743,6,360003,1,360000,1.00001666653
215746,215752,458280,6,242528,1,360000,1.00002473941
215761,215767,575795,6,360028,1,360000,1.00001666537
215835,215842,239275,7,23433,2,43200,1.00029872402
215879,215888,220877,9,4989,2,36000,1.00180396873
216051,216057,267214,6,51157,1,360000,1.000117286
216249,216255,313743,6,97488,1,360000,1.00006154604
216258,216264,216266,6,2,2,43200,1.0
216523,216531,226852,8,10321,2,36000,1.00077511869
216895,216902,260716,7,43814,1,360000,1.00015976628
216922,216931,225527,9,8596,2,36000,1.0010469986
217065,217071,219096,6,2025,32,28800,1.00296296296
217158,217164,577194,6,360030,1,360000,1.00001666528
217654,217662,226815,8,9153,2,36000,1.00087403037
217978,217987,225007,9,7020,2,36000,1.00128205128
218040,218048,222358,8,4310,2,36000,1.00185614849
218221,218230,226840,9,8610,2,36000,1.00104529617
218429,218439,222743,10,4304,2,36000,1.00232342007
218571,218580,228485,9,9905,2,36000,1.000908632
218812,218818,337822,6,119004,1,360000,1.00005041847
218844,218853,228344,9,9491,2,36000,1.00094826678
219077,219083,264559,6,45476,1,360000,1.00013193773
219202,219212,228218,10,9006,2,36000,1.00111037086
219502,219510,230973,8,11463,2,36000,1.00069789758
219668,219675,362607,7,142932,60,194400,1.00004897434
219803,219809,387004,6,167195,1,216000,1.00003588624
219929,219938,229708,9,9770,2,36000,1.00092118731
219959,219968,224484,9,4516,2,36000,1.00199291408
219973,219979,225721,6,5742,2,36000,1.00104493208
219988,219994,228207,6,8213,2,36000,1.00073054913
219989,220000,224163,11,4163,2,36000,1.00264232525
220103,220112,225195,9,5083,2,36000,1.00177060791
220298,220306,224026,8,3720,2,36000,1.00215053763
220316,220326,224784,10,4458,2,36000,1.00224315837
220535,220541,327675,6,107134,1,360000,1.00005600463
220598,220609,225983,11,5374,2,36000,1.00204689245
220691,220702,224341,11,3639,2,36000,1.00302280846
220745,220754,228115,9,7361,2,36000,1.00122265996
220760,220766,226461,6,5695,2,36000,1.00105355575
220790,220800,225236,10,4436,2,36000,1.00225428314
220817,220826,227868,9,7042,2,36000,1.00127804601
220830,220836,305382,6,84546,1,360000,1.00007096728
220880,220888,225924,8,5036,2,36000,1.00158856235
220925,220933,226603,8,5670,2,36000,1.00141093474
220962,220968,297183,6,76215,1,360000,1.00007872466
221045,221055,226863,10,5808,2,36000,1.00172176309
221135,221144,226179,9,5035,2,36000,1.00178748759
221263,221274,224863,11,3589,2,36000,1.00306492059
221516,221525,228310,9,6785,2,36000,1.00132645542
221599,221605,223490,6,1885,32,28800,1.00318302387
221676,221685,226137,9,4452,2,36000,1.00202156334
221727,221736,225498,9,3762,2,36000,1.0023923445
221792,221803,227032,11,5229,2,36000,1.00210365271
221837,221848,225678,11,3830,2,36000,1.00287206266
221852,221858,226025,6,4167,2,36000,1.00143988481
222361,222369,228696,8,6327,2,36000,1.00126442232
222498,222504,252021,6,29517,2,54000,1.00020327269
222743,222754,228496,11,5742,2,36000,1.00191570881
223814,223820,231159,6,7339,2,72000,1.00081755007
224031,224038,229410,7,5372,2,36000,1.00130305287
224167,224174,229541,7,5367,2,36000,1.00130426682
224344,224352,229008,8,4656,2,36000,1.00171821306
224485,224496,231658,11,7162,2,36000,1.00153588383
224614,224623,230418,9,5795,2,36000,1.00155306299
224629,224637,232058,8,7421,2,36000,1.00107802183
224785,224795,231910,10,7115,2,36000,1.00140548138
224864,224874,230677,10,5803,2,36000,1.0017232466
224960,224969,229050,9,4081,2,36000,1.00220534183
225008,225018,230921,10,5903,2,36000,1.00169405387
225198,225206,232413,8,7207,2,36000,1.00111003191
225236,225247,231160,11,5913,2,36000,1.0018603078
225483,225489,225538,6,49,12,72000,1.12244897959
225501,225509,231666,8,6157,2,36000,1.00129933409
225527,225538,232843,11,7305,2,36000,1.00150581793
225596,225602,225810,6,208,12,72000,1.02884615385
225681,225690,231467,9,5777,2,36000,1.00155790203
225723,225732,229600,9,3868,2,36000,1.00232678387
225750,225759,231061,9,5302,2,36000,1.00169747265
225927,225936,231988,9,6052,2,36000,1.0014871117
225981,225994,232129,13,6135,2,36000,1.00211898941
226026,226036,231181,10,5145,2,36000,1.0019436346
226140,226148,231841,8,5693,2,36000,1.0014052345
226181,226191,230521,10,4330,2,36000,1.00230946882
226461,226472,231114,11,4642,2,36000,1.00236966825
226585,226591,266203,6,39612,1,172800,1.00015146925
226600,226606,440011,6,213405,8,216000,1.00002811555
226606,226614,233223,8,6609,2,36000,1.00121047057
226818,226827,233968,9,7141,2,36000,1.00126032769
226842,226851,231185,9,4334,2,36000,1.0020766036
226856,226863,234187,7,7324,2,36000,1.00095576188
226871,226877,230928,6,4051,2,36000,1.00148111577
227033,227043,234157,10,7114,2,36000,1.00140567894
227172,227178,243959,6,16781,12,43200,1.00035754723
227774,227780,229592,6,1812,32,28800,1.00331125828
227870,227880,234797,10,6917,2,36000,1.00144571346
228116,228126,234857,10,6731,2,36000,1.00148566335
228177,228183,234776,6,6593,2,25200,1.00091005612
228209,228218,235392,9,7174,2,36000,1.00125453025
228224,228229,235647,5,7418,2,36000,1.00067403613
228310,228321,235353,11,7032,2,36000,1.00156427759
228346,228355,235350,9,6995,2,36000,1.00128663331
228488,228496,235118,8,6622,2,36000,1.00120809423
228502,228509,235825,7,7316,2,36000,1.000956807
228698,228707,236064,9,7357,2,36000,1.00122332472
229011,229019,236334,8,7315,2,36000,1.0010936432
229053,229061,232778,8,3717,2,36000,1.00215227334
229249,229255,249485,6,20230,10,43200,1.00029658922
229411,229421,234846,10,5425,2,36000,1.00184331797
229536,229542,229544,6,2,12,3600,1.0
229543,229553,233517,10,3964,2,36000,1.00252270434
229575,229582,229789,7,207,1,345600,1.03381642512
229603,229612,235247,9,5635,2,36000,1.0015971606
229711,229719,236906,8,7187,2,36000,1.00111312091
229819,229825,373397,6,143572,1,216000,1.00004179088
229960,229967,373397,7,143430,1,216000,1.00004880429
230419,230429,237498,10,7069,2,36000,1.00141462725
230445,230451,230458,6,7,8,7200,1.3
230523,230533,234271,10,3738,2,36000,1.00267522739
230541,230547,230549,6,2,8,7200,1.0
230594,230600,237817,6,7217,8,7200,1.00083137038
230680,230688,236457,8,5769,2,36000,1.00138672214
230923,230932,238359,9,7427,2,36000,1.0012117948
230938,230944,237966,6,7022,2,36000,1.00085445742
230973,230984,235248,11,4264,2,36000,1.00257973734
231063,231072,234799,9,3727,2,36000,1.00241481084
231117,231125,238344,8,7219,2,36000,1.00110818673
231162,231170,236835,8,5665,2,36000,1.00141218005
231182,231193,238537,11,7344,2,36000,1.00149782135
231197,231203,238574,6,7371,2,36000,1.00081400081
231403,231410,234082,7,2672,1,345600,1.00261976048
231468,231479,238059,11,6580,2,36000,1.00167173252
231657,231669,235461,12,3792,2,36000,1.00316455696
231672,231678,236238,6,4560,2,36000,1.00131578947
231842,231852,236696,10,4844,2,36000,1.00206440958
231911,231922,237591,11,5669,2,36000,1.00194037749
231989,231999,238982,10,6983,2,36000,1.00143204926
232061,232070,239349,9,7279,2,36000,1.00123643358
232130,232140,238778,10,6638,2,36000,1.00150647785
232182,232189,251998,7,19809,2,43200,1.00035337473
232317,239286,240739,6969,1453,70,86399,5.79628355127
232416,232424,239314,8,6890,2,36000,1.00116110305
232459,232465,232783,6,318,2,43200,1.01886792453
232557,232563,248330,6,15767,2,43200,1.00038054164
232780,232789,240080,9,7291,2,36000,1.00123439857
232846,232854,238659,8,5805,2,36000,1.00137812231
233225,233234,237513,9,4279,2,36000,1.00210329516
233392,240760,259294,7368,18534,8,43200,1.39753965685
233520,233529,238493,9,4964,2,36000,1.00181305399
233679,234094,253324,415,19230,1,180000,1.02158086323
233679,234413,238465,734,4052,1,180000,1.18114511352
233679,233690,234402,11,712,1,180000,1.0154494382
233679,233685,234154,6,469,1,180000,1.01279317697
233680,237963,238142,4283,179,1,180000,24.9273743017
233680,237227,254259,3547,17032,1,180000,1.20825504932
233680,238154,263172,4474,25018,1,180000,1.17883124151
233680,238480,276308,4800,37828,1,180000,1.12689013429
233680,236703,268438,3023,31735,1,180000,1.09525760202
233971,233979,239567,8,5588,2,36000,1.00143163923
234104,234165,390488,61,156323,1,345600,1.00039021769
234160,234171,238033,11,3862,2,36000,1.00284826515
234190,234199,241430,9,7231,2,36000,1.00124464113
234274,234283,241790,9,7507,2,36000,1.00119888104
234588,240755,258222,6167,17467,12,43200,1.35306578119
234799,234808,238759,9,3951,2,36000,1.00227790433
234814,234820,240208,6,5388,2,36000,1.00111358575
234850,234858,241305,8,6447,2,36000,1.00124088723
234866,234872,240316,6,5444,2,36000,1.00110213079
235121,235129,242292,8,7163,2,36000,1.00111685048
235250,235258,242400,8,7142,2,36000,1.00112013442
235252,235264,241052,12,5788,2,36000,1.00207325501
235316,240776,267904,5460,27128,1,180000,1.20126806252
235323,240781,255577,5458,14796,1,180000,1.36888348202
235330,240786,259274,5456,18488,1,180000,1.29511034184
235340,240791,420809,5451,180018,1,180000,1.0302803053
235351,235362,242782,11,7420,2,36000,1.00148247978
235366,235372,242272,6,6900,2,36000,1.00086956522
235392,235403,240289,11,4886,2,36000,1.00225133033
235461,235472,242616,11,7144,2,36000,1.00153975364
235469,240765,261415,5296,20650,2,43200,1.25646489104
235651,235659,243064,8,7405,2,36000,1.00108035111
235828,235836,243284,8,7448,2,36000,1.00107411386
235842,240750,244021,4908,3271,4,54000,2.50045857536
235844,240771,257081,4927,16310,2,43200,1.30208461067
236066,236075,241231,9,5156,2,36000,1.00174553918
236241,236249,241373,8,5124,2,36000,1.00156128025
236336,236346,243150,10,6804,2,36000,1.00146972369
236460,236468,243692,8,7224,2,36000,1.00110741971
236697,236709,241651,12,4942,2,36000,1.00242816673
236836,236846,243493,10,6647,2,36000,1.00150443809
236907,236917,241301,10,4384,2,36000,1.0022810219
237500,237509,244917,9,7408,2,36000,1.00121490281
237515,237524,244548,9,7024,2,36000,1.00128132118
237593,237602,242984,9,5382,2,36000,1.0016722408
237969,237977,244207,8,6230,2,36000,1.00128410915
238036,238044,244929,8,6885,2,36000,1.00116194626
238059,238070,245490,11,7420,2,36000,1.00148247978
238345,238355,245271,10,6916,2,36000,1.0014459225
238360,238371,245607,11,7236,2,36000,1.00152017689
238495,238504,245112,9,6608,2,36000,1.00136198547
238540,238548,244898,8,6350,2,36000,1.00125984252
238577,238585,274604,8,36019,2,36000,1.000222105
238664,238670,245042,6,6372,2,36000,1.00094161959
238763,238770,245296,7,6526,2,36000,1.00107263255
238780,238789,242498,9,3709,2,36000,1.00242653006
238985,238993,246353,8,7360,2,36000,1.00108695652
239316,239325,243895,9,4570,2,36000,1.00196936543
239352,239360,246234,8,6874,2,36000,1.00116380564
239569,239578,246751,9,7173,2,36000,1.00125470514
240080,240091,245011,11,4920,2,36000,1.00223577236
240209,240219,246377,10,6158,2,36000,1.00162390386
240292,240300,247124,8,6824,2,36000,1.00117233294
240319,240327,247394,8,7067,2,36000,1.00113202207
240677,240797,240799,120,2,1,900,12.2
241054,241064,247718,10,6654,2,36000,1.00150285543
241231,241242,247880,11,6638,2,36000,1.00165712564
241265,241271,243106,6,1835,1,1800,1.00326975477
241303,241312,248037,9,6725,2,36000,1.00133828996
241318,241324,248226,6,6902,2,36000,1.00086931324
241376,241385,246371,9,4986,2,36000,1.00180505415
241433,241442,277483,9,36041,2,36000,1.0002497156
241652,241662,249184,10,7522,2,36000,1.00132943366
241794,241802,277841,8,36039,2,36000,1.00022198174
242276,242283,247141,7,4858,2,36000,1.00144092219
242294,242304,248865,10,6561,2,36000,1.0015241579
242402,242412,249268,10,6856,2,36000,1.00145857643
242502,242509,248487,7,5978,2,36000,1.00117096019
242616,242627,249938,11,7311,2,36000,1.00150458214
242785,242793,248743,8,5950,2,36000,1.00134453782
242984,242995,250166,11,7171,2,36000,1.00153395621
243065,243075,250189,10,7114,2,36000,1.00140567894
243153,243161,250114,8,6953,2,36000,1.00115058248
243285,243296,248500,11,5204,2,36000,1.00211375865
243497,243505,250921,8,7416,2,36000,1.00107874865
243695,243703,249535,8,5832,2,36000,1.00137174211
243897,243907,248263,10,4356,2,36000,1.00229568411
244138,244144,296084,6,51940,3,360000,1.00011551791
244210,244218,251513,8,7295,2,36000,1.00109664154
244551,244560,250351,9,5791,2,36000,1.00155413573
244898,244909,251024,11,6115,2,36000,1.00179885527
244919,244928,249514,9,4586,2,36000,1.00196249455
244934,244940,249955,6,5015,2,36000,1.00119641077
245012,245023,252505,11,7482,2,36000,1.00147019513
245045,245053,252005,8,6952,2,36000,1.00115074799
245115,245123,252113,8,6990,2,36000,1.00114449213
245273,245282,252451,9,7169,2,36000,1.00125540522
245300,245308,251376,8,6068,2,36000,1.00131839156
245492,245501,252948,9,7447,2,36000,1.00120854035
245614,245620,252764,6,7144,2,36000,1.00083986562
245952,245958,245960,6,2,2,3540,1.0
246237,246245,253458,8,7213,2,36000,1.00110910855
246355,246364,252695,9,6331,2,36000,1.00142157637
246372,246382,252111,10,5729,2,36000,1.00174550532
246387,246393,251737,6,5344,2,36000,1.00112275449
246746,246752,264486,6,17734,32,28800,1.00033833315
246755,246763,254026,8,7263,2,36000,1.00110147322
247127,247136,254523,9,7387,2,36000,1.00121835657
247142,247152,254437,10,7285,2,36000,1.0013726836
247396,247406,254550,10,7144,2,36000,1.00139977604
247721,247729,254906,8,7177,2,36000,1.00111467187
247881,247891,253959,10,6068,2,36000,1.00164798945
248037,248048,255411,11,7363,2,36000,1.00149395627
248227,248238,255006,11,6768,2,36000,1.00162529551
248266,248274,255471,8,7197,2,36000,1.00111157427
248488,248499,252972,11,4473,2,36000,1.00245919964
248503,248512,255725,9,7213,2,36000,1.00124774712
248743,248754,253696,11,4942,2,36000,1.00222581951
248867,248876,253973,9,5097,2,36000,1.00176574456
249185,249195,256658,10,7463,2,36000,1.00133994372
249224,252862,269959,3638,17097,12,43200,1.21278586887
249270,249279,256218,9,6939,2,36000,1.00129701686
249517,249526,256762,9,7236,2,36000,1.00124378109
249538,249546,256970,8,7424,2,36000,1.00107758621
249938,249949,255231,11,5282,2,36000,1.00208254449
249956,249966,257286,10,7320,2,36000,1.00136612022
250115,250126,255192,11,5066,2,36000,1.00217133833
250169,250178,255571,9,5393,2,36000,1.00166882996
250190,250200,257591,10,7391,2,36000,1.00135299689
250353,250362,257793,9,7431,2,36000,1.00121114251
250922,250932,258048,10,7116,2,36000,1.00140528387
251028,251036,258389,8,7353,2,36000,1.0010879913
251377,251387,257934,10,6547,2,36000,1.00152741714
251515,251525,257972,10,6447,2,36000,1.00155110904
251596,251602,252790,6,1188,1,1800,1.00505050505
251738,251748,256953,10,5205,2,36000,1.00192122959
252007,252017,259149,10,7132,2,36000,1.00140213124
252112,252122,259385,10,7263,2,36000,1.00137684153
252127,252133,258286,6,6153,2,36000,1.00097513408
252452,252463,259584,11,7121,2,36000,1.00154472686
252506,252516,259821,10,7305,2,36000,1.00136892539
252699,252707,259915,8,7208,2,36000,1.00110987791
252765,252775,257872,10,5097,2,36000,1.0019619384
252866,252872,252875,6,3,1,1800,1.0
252949,252959,257967,10,5008,2,36000,1.00199680511
252973,252983,259978,10,6995,2,36000,1.00142959257
253316,253323,255142,7,1819,1,1800,1.00384826828
253460,253470,260461,10,6991,2,36000,1.00143041053
253698,253707,260988,9,7281,2,36000,1.00123609394
253960,253971,261198,11,7227,2,36000,1.00152207002
253975,253984,260676,9,6692,2,36000,1.00134488942
254030,254038,261565,8,7527,2,36000,1.00106284044
254439,254449,261342,10,6893,2,36000,1.00145074713
254527,254535,261850,8,7315,2,36000,1.0010936432
254551,254561,262018,10,7457,2,36000,1.00134102186
254906,254917,262055,11,7138,2,36000,1.00154104791
255008,255017,262527,9,7510,2,36000,1.00119840213
255192,255203,262732,11,7529,2,36000,1.0014610174
255235,255242,261929,7,6687,2,36000,1.00104680724
255412,255422,262817,10,7395,2,36000,1.00135226504
255472,255482,262650,10,7168,2,36000,1.00139508929
255574,255582,262893,8,7311,2,36000,1.00109424155
255728,255736,263312,8,7576,2,36000,1.00105596621
256218,256229,263354,11,7125,2,36000,1.00154385965
256661,256670,264023,9,7353,2,36000,1.00122399021
256763,256773,263905,10,7132,2,36000,1.00140213124
256802,256808,256809,6,1,2,3540,1.0
256956,256965,264246,9,7281,2,36000,1.00123609394
256973,256981,264586,8,7605,2,36000,1.00105193951
257286,257297,264624,11,7327,2,36000,1.00150129657
257593,257602,264514,9,6912,2,36000,1.00130208333
257796,257804,265111,8,7307,2,36000,1.00109484056
257874,257884,264946,10,7062,2,36000,1.00141602945
257937,257946,265089,9,7143,2,36000,1.0012599748
257970,257979,265224,9,7245,2,36000,1.00124223602
257985,257991,265158,6,7167,2,36000,1.00083717036
258051,258060,265581,9,7521,2,36000,1.00119664938
258289,258298,263271,9,4973,2,36000,1.00180977277
258393,258400,264940,7,6540,2,36000,1.00107033639
259149,259160,266419,11,7259,2,36000,1.00151536024
259387,259396,263022,9,3626,2,36000,1.00248207391
259586,259596,267053,10,7457,2,36000,1.00134102186
259824,259833,266919,9,7086,2,36000,1.00127011008
259917,259926,267218,9,7292,2,36000,1.00123422929
259980,259990,264606,10,4616,2,36000,1.00216637782
260462,260472,266391,10,5919,2,36000,1.00168947457
260679,260688,267124,9,6436,2,36000,1.00139838409
260989,260999,268323,10,7324,2,36000,1.00136537411
261199,261209,268665,10,7456,2,36000,1.00134120172
261345,261354,268638,9,7284,2,36000,1.00123558484
261568,261577,265696,9,4119,2,36000,1.00218499636
261851,261862,269357,11,7495,2,36000,1.0014676451
261929,261940,268953,11,7013,2,36000,1.00156851561
261943,261949,262074,6,125,1,1800,1.048
262022,262030,269263,8,7233,2,36000,1.00110604175
262055,262066,269619,11,7553,2,36000,1.00145637495
262145,262151,263996,6,1845,1,1800,1.00325203252
262528,262538,269704,10,7166,2,36000,1.00139547865
262653,262662,270004,9,7342,2,36000,1.00122582403
262734,262743,269895,9,7152,2,36000,1.00125838926
262818,262829,267935,11,5106,2,36000,1.00215432824
262893,262904,270057,11,7153,2,36000,1.0015378163
263023,263033,270328,10,7295,2,36000,1.00137080192
263276,263282,270700,6,7418,2,36000,1.00080884335
263315,263323,270683,8,7360,2,36000,1.00108695652
263357,263366,270619,9,7253,2,36000,1.00124086585
263553,302526,388953,38973,86427,8,86400,1.45093547155
263559,408299,494715,144740,86416,8,86400,2.67492131087
263563,533118,619527,269555,86409,8,86400,4.11952458656
263565,619534,705964,355969,86430,8,86400,5.11858151105
263567,779624,866027,516057,86403,8,86400,6.97267455991
263568,897703,984150,634135,86447,8,86400,8.33553506773
263570,984166,1070583,720596,86417,8,86400,9.33859078654
263571,1070590,1157011,807019,86421,8,86400,10.338227977
263600,351206,437623,87606,86417,8,86400,2.01375886689
263604,438037,524452,174433,86415,8,86400,3.01855002025
263606,533166,619574,269560,86408,8,86400,4.11961855384
263607,619580,705991,355973,86411,8,86400,5.11953339274
263610,779629,866036,516019,86407,8,86400,6.97195829042
263611,897709,984149,634098,86440,8,86400,8.33570106432
263613,984155,1070582,720542,86427,8,86400,9.33700116862
263614,1070595,1157043,806981,86448,8,86400,10.3348718305
263616,1157049,1196104,893433,39055,8,86400,23.8762770452
263617,1196113,1196139,932496,26,8,86400,35866.2307692
263687,263693,263726,6,33,8,86400,1.18181818182
263695,263733,263770,38,37,8,86400,2.02702702703
263697,263776,263807,79,31,8,86400,3.54838709677
263728,263813,263857,85,44,8,86400,2.93181818182
263730,263863,263874,133,11,8,86400,13.0909090909
263907,263916,271006,9,7090,2,36000,1.00126939351
263977,263983,264239,6,256,8,86400,1.0234375
264024,264034,271443,10,7409,2,36000,1.00134970981
264190,264245,264289,55,44,8,86400,2.25
264192,264296,264332,104,36,8,86400,3.88888888889
264193,264342,264374,149,32,8,86400,5.65625
264247,264258,271776,11,7518,2,36000,1.00146315509
264267,264380,264408,113,28,8,86400,5.03571428571
264269,264414,264449,145,35,8,86400,5.14285714286
264270,264455,264486,185,31,8,86400,6.96774193548
264271,264492,264533,221,41,8,86400,6.39024390244
264272,264585,351001,313,86416,8,86400,1.00362201444
264272,264539,264579,267,40,8,86400,7.675
264273,358364,444766,94091,86402,8,86400,2.08899099558
264274,444772,531205,180498,86433,8,86400,3.08829960779
264275,533171,619574,268896,86403,8,86400,4.1121141627
264276,619585,706003,355309,86418,8,86400,5.11151611933
264279,779634,866054,515355,86420,8,86400,6.96337653321
264330,264336,267143,6,2807,1,7200,1.00213751336
264472,264478,264598,6,120,1,900,1.05
264515,264525,271594,10,7069,2,36000,1.00141462725
264587,264597,272019,10,7422,2,36000,1.00134734573
264609,264618,271982,9,7364,2,36000,1.00122216187
264626,264635,271448,9,6813,2,36000,1.00132100396
264666,898838,985246,634172,86408,8,86400,8.33927414128
264668,985252,1071686,720584,86434,8,86400,9.33681190272
264669,1071692,1158106,807023,86414,8,86400,10.3390307126
264671,1158112,1244521,893441,86409,8,86400,11.3396752653
264672,1244529,1330942,979857,86413,8,86400,12.3392313657
264673,1330948,1417372,1066275,86424,8,86400,13.3377186893
264673,1417378,1503806,1152705,86428,8,86400,14.3371708243
264943,264952,269638,9,4686,2,36000,1.0019206146
264957,264963,272287,6,7324,2,36000,1.00081922447
265091,265100,271931,9,6831,2,36000,1.00131752306
265112,265123,270908,11,5785,2,36000,1.00190146932
265155,265169,272187,14,7018,2,36000,1.00199487033
265224,265235,272146,11,6911,2,36000,1.00159166546
265582,265592,272520,10,6928,2,36000,1.00144341801
265697,265707,273034,10,7327,2,36000,1.00136481507
266394,266402,273631,8,7229,2,36000,1.00110665376
266421,266430,273932,9,7502,2,36000,1.00119968009
266924,266930,274031,6,7101,2,36000,1.00084495142
267054,267064,273989,10,6925,2,36000,1.00144404332
267127,267136,274488,9,7352,2,36000,1.00122415669
267224,267230,274274,6,7044,2,36000,1.00085178876
267937,267946,275263,9,7317,2,36000,1.0012300123
268326,268335,275254,9,6919,2,36000,1.00130076601
268640,268649,275406,9,6757,2,36000,1.00133195205
268667,268677,275944,10,7267,2,36000,1.00137608367
268958,268964,276301,6,7337,2,36000,1.00081777293
268969,268975,268984,6,9,16,10800,1.5
269248,269254,286657,6,17403,64,86400,1.00034476814
269265,269274,276823,9,7549,2,36000,1.00119221089
269276,286668,302466,17392,15798,64,86400,2.10089884796
269300,269970,269993,670,23,32,10800,30.1304347826
269358,269368,276490,10,7122,2,36000,1.00140409997
269622,269630,276768,8,7138,2,36000,1.00112076212
269640,269649,276960,9,7311,2,36000,1.00123102175
269708,269715,275405,7,5690,2,36000,1.00123022847
269897,269906,277153,9,7247,2,36000,1.0012418932
270006,270016,277130,10,7114,2,36000,1.00140567894
270060,270069,277659,9,7590,2,36000,1.00118577075
270331,270339,277449,8,7110,2,36000,1.00112517581
270622,270630,278146,8,7516,2,36000,1.00106439596
270685,270694,277749,9,7055,2,36000,1.001275691
270703,270712,278121,9,7409,2,36000,1.00121473883
270913,270919,278042,6,7123,2,36000,1.00084234171
271011,271017,278186,6,7169,2,36000,1.00083693681
271448,271454,278818,6,7364,2,36000,1.00081477458
271463,271469,278755,6,7286,2,36000,1.00082349712
271596,271605,279068,9,7463,2,36000,1.00120594935
271777,271787,279236,10,7449,2,36000,1.00134246208
271934,271942,279295,8,7353,2,36000,1.0010879913
271985,271994,278752,9,6758,2,36000,1.00133175496
272021,272030,278848,9,6818,2,36000,1.0013200352
272151,272157,279424,6,7267,2,36000,1.0008256502
272190,272198,278930,8,6732,2,36000,1.00118835413
272289,272298,279675,9,7377,2,36000,1.00122000813
272521,272531,279564,10,7033,2,36000,1.00142186833
273037,273045,280237,8,7192,2,36000,1.00111234705
273636,273643,280928,7,7285,2,36000,1.00096087852
273938,273944,281070,6,7126,2,36000,1.00084198709
273989,274000,280989,11,6989,2,36000,1.00157390185
274034,274042,281585,8,7543,2,36000,1.00106058597
274275,274285,281763,10,7478,2,36000,1.00133725595
274489,274499,281831,10,7332,2,36000,1.00136388434
275257,275263,282335,6,7072,2,36000,1.00084841629
275272,275278,282563,6,7285,2,36000,1.00082361016
275407,275413,282741,6,7328,2,36000,1.00081877729
275409,275419,282425,10,7006,2,36000,1.00142734799
275937,275943,276045,6,102,1,1800,1.05882352941
275947,275954,283478,7,7524,2,36000,1.00093035619
276305,276311,283102,6,6791,2,36000,1.00088352231
276336,276343,276466,7,123,32,3600,1.05691056911
276359,276365,276494,6,129,1,1800,1.04651162791
276492,276498,283855,6,7357,2,36000,1.00081554982
276770,276777,283889,7,7112,2,36000,1.00098425197
276825,276831,283621,6,6790,2,36000,1.00088365243
276964,276970,284432,6,7462,2,36000,1.00080407397
277120,277126,277642,6,516,1,1800,1.01162790698
277133,277139,284016,6,6877,2,36000,1.00087247346
277154,277160,283873,6,6713,2,36000,1.00089378817
277452,277458,284305,6,6847,2,36000,1.00087629619
277662,277668,284822,6,7154,2,36000,1.00083869164
277753,277759,284930,6,7171,2,36000,1.00083670339
278045,278052,283712,7,5660,2,36000,1.00123674912
278123,278130,285598,7,7468,2,36000,1.00093733262
278147,278153,285641,6,7488,2,36000,1.00080128205
278186,278193,285420,7,7227,2,36000,1.00096859001
278755,278761,285613,6,6852,2,36000,1.00087565674
278770,278776,285791,6,7015,2,36000,1.00085531005
278823,278829,286341,6,7512,2,36000,1.00079872204
278851,278857,286407,6,7550,2,36000,1.00079470199
278936,278942,286359,6,7417,2,36000,1.00080895241
279072,279078,286217,6,7139,2,36000,1.00084045385
279153,279159,279196,6,37,1,1800,1.16216216216
279240,279246,286773,6,7527,2,36000,1.00079713033
279297,279303,286424,6,7121,2,36000,1.00084257829
279399,279405,279449,6,44,1,1800,1.13636363636
279428,279434,286648,6,7214,2,36000,1.00083171611
279477,279483,279575,6,92,1,1800,1.0652173913
279570,279576,287170,6,7594,2,36000,1.00079009745
279677,279683,287239,6,7556,2,36000,1.00079407094
279780,279786,279863,6,77,1,1800,1.07792207792
280114,280120,280372,6,252,1,1800,1.02380952381
280242,280248,285562,6,5314,2,36000,1.00112909296
280740,280746,281008,6,262,1,1800,1.02290076336
280930,280937,288215,7,7278,2,36000,1.00096180269
280991,280997,287942,6,6945,2,36000,1.00086393089
281073,281079,288707,6,7628,2,36000,1.00078657577
281588,281594,288701,6,7107,2,36000,1.00084423808
281750,281756,281787,6,31,1,1800,1.1935483871
281769,281775,289013,6,7238,2,36000,1.00082895828
281833,281839,289204,6,7365,2,36000,1.00081466395
282108,282114,282174,6,60,1,1800,1.1
282339,282345,289750,6,7405,2,36000,1.00081026334
282426,282432,289722,6,7290,2,36000,1.00082304527
282566,282572,288483,6,5911,2,36000,1.00101505667
282744,282750,290412,6,7662,2,36000,1.00078308536
282929,282935,283060,6,125,1,1800,1.048
283016,283022,368189,6,85167,2,180000,1.00007044982
283107,283113,289920,6,6807,2,36000,1.00088144557
283480,283486,289501,6,6015,2,36000,1.00099750623
283623,283629,290676,6,7047,2,36000,1.00085142614
283716,283722,291332,6,7610,2,36000,1.00078843627
283859,283865,291285,6,7420,2,36000,1.00080862534
283874,283881,291346,7,7465,2,36000,1.00093770931
283891,283897,291331,6,7434,2,36000,1.0008071025
284018,284024,291480,6,7456,2,36000,1.00080472103
284309,284315,291797,6,7482,2,36000,1.00080192462
284434,284440,292011,6,7571,2,36000,1.00079249769
284825,284831,292269,6,7438,2,36000,1.00080666846
284931,284937,292148,6,7211,2,36000,1.00083206213
285424,285430,292663,6,7233,2,36000,1.00082953131
285564,285570,292586,6,7016,2,36000,1.00085518814
285601,285607,293035,6,7428,2,36000,1.00080775444
285616,285622,293099,6,7477,2,36000,1.00080246088
285644,285650,293226,6,7576,2,36000,1.00079197466
285794,285800,292988,6,7188,2,36000,1.00083472454
286220,286226,293659,6,7433,2,36000,1.00080721109
286343,286349,293220,6,6871,2,36000,1.00087323534
286363,286369,293889,6,7520,2,36000,1.00079787234
286409,286415,293774,6,7359,2,36000,1.00081532817
286427,286433,293941,6,7508,2,36000,1.00079914758
286650,286656,294167,6,7511,2,36000,1.00079882839
287033,287039,294548,6,7509,2,36000,1.00079904115
287235,287242,294512,7,7270,2,36000,1.00096286107
287294,287300,294763,6,7463,2,36000,1.00080396623
287374,287385,323404,11,36019,4,36000,1.00030539438
287374,287380,322781,6,35401,4,36000,1.00016948674
287375,287390,323399,15,36009,4,36000,1.00041656253
287375,287396,323442,21,36046,4,36000,1.00058258891
287375,287401,323437,26,36036,4,36000,1.00072150072
287376,287406,323452,30,36046,4,36000,1.00083226988
287376,287412,323443,36,36031,4,36000,1.00099913963
287376,287417,323433,41,36016,4,36000,1.00113838294
287377,296325,332350,8948,36025,4,36000,1.24838306731
287377,296330,332361,8953,36031,4,36000,1.24848047515
287377,296335,332381,8958,36046,4,36000,1.24851578539
287966,287972,295176,6,7204,2,36000,1.00083287063
288298,296191,296313,7893,122,16,2340,65.6967213115
288327,288333,295847,6,7514,2,36000,1.00079850945
288554,288560,296130,6,7570,2,36000,1.00079260238
288573,302477,302494,13904,17,60,300,818.882352941
288704,288710,296153,6,7443,2,36000,1.00080612656
288808,288814,295695,6,6881,2,36000,1.00087196628
289057,289063,296587,6,7524,2,36000,1.00079744817
289399,289405,296928,6,7523,2,36000,1.00079755417
289523,289530,296768,7,7238,2,36000,1.00096711799
289545,296119,296289,6574,170,1,172800,39.6705882353
289743,289749,297151,6,7402,2,36000,1.00081059173
290095,290101,297449,6,7348,2,36000,1.00081654872
290120,290127,297917,7,7790,2,36000,1.00089858793
290184,290191,295987,7,5796,2,43200,1.00120772947
290198,290204,297453,6,7249,2,36000,1.00082770037
290264,290269,297280,5,7011,2,36000,1.00071316503
290265,290275,297688,10,7413,2,36000,1.00134898152
290435,290441,297704,6,7263,2,36000,1.00082610492
290745,290751,296003,6,5252,2,36000,1.00114242193
291315,291321,298648,6,7327,2,36000,1.00081888904
291353,291359,298190,6,6831,2,36000,1.0008783487
291355,291365,298905,10,7540,2,36000,1.00132625995
291356,291370,297064,14,5694,2,36000,1.00245872849
291483,291491,297287,8,5796,2,36000,1.00138026225
291813,291819,299306,6,7487,2,36000,1.00080138907
292111,292117,299272,6,7155,2,36000,1.00083857442
292150,292159,299203,9,7044,2,36000,1.00127768313
292392,292398,299416,6,7018,2,36000,1.00085494443
292617,292623,299636,6,7013,2,36000,1.00085555397
292700,292707,300066,7,7359,2,36000,1.0009512162
292708,295998,319115,3290,23117,2,43200,1.14231950513
293017,293023,298509,6,5486,2,36000,1.00109369304
293057,293063,300608,6,7545,2,36000,1.00079522863
293151,293158,300766,7,7608,2,36000,1.00092008412
293221,293232,300720,11,7488,2,36000,1.00146901709
293256,293262,300618,6,7356,2,36000,1.00081566069
293662,293671,300775,9,7104,2,36000,1.00126689189
293790,293796,300999,6,7203,2,36000,1.00083298626
293868,296196,322990,2328,26794,2,43200,1.08688512354
293893,293899,301382,6,7483,2,36000,1.00080181745
293998,294004,301549,6,7545,2,36000,1.00079522863
294215,294221,301796,6,7575,2,36000,1.00079207921
294558,294564,301936,6,7372,2,36000,1.0008138904
294559,294570,301863,11,7293,2,36000,1.00150829563
294798,294804,302195,6,7391,2,36000,1.00081179813
295204,295210,302762,6,7552,2,36000,1.00079449153
295702,295708,301448,6,5740,2,36000,1.00104529617
295904,295911,303355,7,7444,2,36000,1.00094035465
296051,296057,302252,6,6195,2,36000,1.000968523
296174,296180,303556,6,7376,2,36000,1.00081344902
296175,296186,303508,11,7322,2,36000,1.00150232177
296454,296460,308786,6,12326,2,21600,1.00048677592
296639,296645,303715,6,7070,2,36000,1.00084865629
296744,296750,308735,6,11985,2,21600,1.00050062578
296772,296779,304167,7,7388,2,36000,1.0009474824
296991,296997,304310,6,7313,2,36000,1.00082045672
297123,297129,304356,6,7227,2,36000,1.00083022001
297263,297269,373805,6,76536,1,216000,1.00007839448
297277,297283,304584,6,7301,2,36000,1.00082180523
297308,297314,304904,6,7590,2,36000,1.00079051383
297309,297320,304870,11,7550,2,36000,1.00145695364
297378,302515,319408,5137,16893,12,43200,1.30409045167
297677,297683,305107,6,7424,2,36000,1.00080818966
297678,297689,305061,11,7372,2,36000,1.00149213239
297777,297783,305169,6,7386,2,36000,1.00081234768
297780,297789,305238,9,7449,2,36000,1.00120821587
297867,297874,298379,7,505,2,43200,1.01386138614
298038,302505,303432,4467,927,16,2340,5.81877022654
298163,302493,302523,4330,30,1,172800,145.333333333
298269,298275,305294,6,7019,2,36000,1.00085482262
298560,298567,305927,7,7360,2,36000,1.00095108696
298623,302482,322618,3859,20136,2,43200,1.19164680175
298698,298704,305919,6,7215,2,36000,1.00083160083
298954,298960,305578,6,6618,2,36000,1.00090661831
298996,302488,327160,3492,24672,2,43200,1.14153696498
299257,299264,299601,7,337,1,3600,1.02077151335
299267,299273,305921,6,6648,2,36000,1.00090252708
299292,299298,306585,6,7287,2,36000,1.00082338411
299293,299304,305447,11,6143,2,36000,1.00179065603
299331,319126,358353,19795,39227,2,86400,1.50462691513
299428,299434,306059,6,6625,2,36000,1.00090566038
299633,299640,299740,7,100,1,3600,1.07
299653,299660,307046,7,7386,2,36000,1.00094773897
299869,302533,303964,2664,1431,1,72000,2.86163522013
299874,299880,304756,6,4876,1,7200,1.00123051682
299934,323444,347632,23510,24188,1,72000,1.97196957169
300114,300121,307494,7,7373,2,36000,1.00094941001
300582,303444,329021,2862,25577,2,28800,1.11189740783
300596,300602,307534,6,6932,2,36000,1.00086555107
300652,300658,308173,6,7515,2,36000,1.00079840319
300757,300763,308003,6,7240,2,36000,1.00082872928
300803,300809,307904,6,7095,2,36000,1.00084566596
300805,300815,307804,10,6989,2,36000,1.00143081986
300913,300919,300992,6,73,1,7200,1.08219178082
301027,301033,308213,6,7180,2,36000,1.0008356546
301058,302510,327392,1452,24882,14,43200,1.05835543767
301271,301278,301498,7,220,1,7200,1.03181818182
301438,301444,308604,6,7160,2,36000,1.00083798883
301472,301478,308914,6,7436,2,36000,1.00080688542
301507,301514,301528,7,14,1,3600,1.5
301589,301595,308842,6,7247,2,36000,1.0008279288
301848,301854,309340,6,7486,2,36000,1.00080149613
301877,302521,319351,644,16830,10,43200,1.03826500297
301911,301917,309175,6,7258,2,36000,1.00082667401
302177,302183,309419,6,7236,2,36000,1.0008291874
302259,302265,309363,6,7098,2,36000,1.00084530854
302260,302271,309510,11,7239,2,36000,1.0015195469
302556,329395,389560,26839,60165,1,72000,1.44608991939
302562,329468,359399,26906,29931,1,72000,1.89893421536
302674,348763,349957,46089,1194,1,360000,39.6005025126
302674,347643,348752,44969,1109,1,360000,41.5491433724
302675,349990,367636,47315,17646,1,360000,3.68134421399
302675,352478,407742,49803,55264,1,360000,1.90118341054
302675,351217,363358,48542,12141,1,360000,4.99818795816
302675,351211,383759,48536,32548,1,360000,2.49121297776
302676,352504,437329,49828,84825,1,360000,1.58742116121
302676,352499,413357,49823,60858,1,360000,1.81867626278
302676,352494,447744,49818,95250,1,360000,1.52302362205
302676,352489,353365,49813,876,1,360000,57.8641552511
302676,352483,445327,49807,92844,1,360000,1.53645900651
302770,302777,310163,7,7386,2,36000,1.00094773897
303202,323416,329363,20214,5947,64,86400,4.39902471835
303210,329463,351195,26253,21732,10,43200,2.20803423523
303309,329379,371395,26070,42016,20,180000,1.62047791318
303359,303366,310057,7,6691,2,36000,1.00104618144
303513,303519,310885,6,7366,2,36000,1.00081455335
303562,303568,310838,6,7270,2,36000,1.00082530949
303679,304768,305682,1089,914,16,2340,2.19146608315
303718,303724,310762,6,7038,2,36000,1.00085251492
304168,304174,310799,6,6625,2,36000,1.00090566038
304314,304320,311566,6,7246,2,36000,1.00082804306
304359,304365,309427,6,5062,2,36000,1.00118530225
304403,329384,352467,24981,23083,12,72000,2.08222501408
304585,304591,311490,6,6899,2,36000,1.00086969126
304872,304878,311773,6,6895,2,36000,1.00087019579
304905,304911,311611,6,6700,2,36000,1.00089552239
305064,305070,312279,6,7209,2,36000,1.00083229297
305111,305117,312458,6,7341,2,36000,1.00081732734
305173,305179,311866,6,6687,2,36000,1.00089726335
305240,305245,312573,5,7328,2,36000,1.00068231441
305297,305303,312495,6,7192,2,36000,1.00083426029
305449,305454,312564,5,7110,2,36000,1.00070323488
305579,305585,309453,6,3868,2,36000,1.00155118925
305790,305796,306706,6,910,16,2340,1.00659340659
305923,305929,312692,6,6763,2,36000,1.00088718025
305924,305935,312692,11,6757,2,36000,1.00162794139
305938,305945,312692,7,6747,2,36000,1.00103749815
306059,306065,312692,6,6627,2,36000,1.00090538705
306588,306595,312692,7,6097,2,36000,1.00114810563
307048,307054,312692,6,5638,2,36000,1.00106420717
307494,307500,312692,6,5192,2,36000,1.00115562404
307536,307542,312692,6,5150,2,36000,1.00116504854
307808,307814,312692,6,4878,2,36000,1.0012300123
307907,307913,312693,6,4780,2,36000,1.00125523013
308007,308013,312693,6,4680,2,36000,1.00128205128
308045,308051,308687,6,636,4,600,1.00943396226
308176,308182,312692,6,4510,2,36000,1.00133037694
308215,308221,312693,6,4472,2,36000,1.00134168157
308329,329390,329452,21061,62,12,180000,340.693548387
308601,308607,312693,6,4086,2,36000,1.00146842878
308845,308852,312693,7,3841,2,36000,1.00182244207
308918,308924,312693,6,3769,2,36000,1.0015919342
309177,309184,312693,7,3509,2,36000,1.00199487033
309345,309351,312693,6,3342,2,36000,1.00179533214
309366,309373,312693,7,3320,2,36000,1.00210843373
309420,309427,312693,7,3266,2,36000,1.00214329455
309435,309441,312693,6,3252,2,36000,1.00184501845
309456,309462,312693,6,3231,2,36000,1.00185701021
309513,309519,312693,6,3174,2,36000,1.00189035917
309737,309743,310637,6,894,16,2340,1.0067114094
309898,309904,309940,6,36,1,3600,1.16666666667
310059,310065,312693,6,2628,2,36000,1.00228310502
310164,310170,312693,6,2523,2,36000,1.00237812128
310764,310769,312693,5,1924,2,36000,1.0025987526
310800,310806,312693,6,1887,2,36000,1.00317965024
310831,310838,311754,7,916,16,2340,1.0076419214
310839,310845,312693,6,1848,2,36000,1.00324675325
310887,310893,312693,6,1800,2,36000,1.00333333333
311148,329374,329708,18226,334,60,300,55.5688622754
311493,311499,312693,6,1194,2,36000,1.00502512563
311568,311574,312693,6,1119,2,36000,1.00536193029
311613,311620,312693,7,1073,2,36000,1.00652376514
311774,311781,312693,7,912,2,36000,1.0076754386
311868,311874,312693,6,819,2,36000,1.00732600733
312282,312288,312693,6,405,2,36000,1.01481481481
312461,312467,312693,6,226,2,36000,1.02654867257
312491,312497,312693,6,196,2,36000,1.0306122449
312566,312572,312693,6,121,2,36000,1.04958677686
312582,312588,312693,6,105,2,36000,1.05714285714
312596,312602,312693,6,91,2,36000,1.06593406593
313327,313333,313368,6,35,2,36000,1.17142857143
313328,313339,313374,11,35,2,36000,1.31428571429
313329,313344,313379,15,35,2,36000,1.42857142857
313330,313349,313384,19,35,2,36000,1.54285714286
313332,313354,313389,22,35,2,36000,1.62857142857
313333,313359,313394,26,35,2,36000,1.74285714286
313334,313365,313400,31,35,2,36000,1.88571428571
313336,313370,313405,34,35,2,36000,1.97142857143
313337,313375,313410,38,35,2,36000,2.08571428571
313338,313380,313416,42,36,2,36000,2.16666666667
313339,313386,313420,47,34,2,36000,2.38235294118
313341,313391,313426,50,35,2,36000,2.42857142857
313342,313396,313431,54,35,2,36000,2.54285714286
313343,313401,313436,58,35,2,36000,2.65714285714
313345,313406,313442,61,36,2,36000,2.69444444444
313346,313411,313447,65,36,2,36000,2.80555555556
313347,313416,313452,69,36,2,36000,2.91666666667
313349,313422,313457,73,35,2,36000,3.08571428571
313350,313427,313462,77,35,2,36000,3.2
313351,313432,313468,81,36,2,36000,3.25
313352,313437,313472,85,35,2,36000,3.42857142857
313354,313442,313477,88,35,2,36000,3.51428571429
313355,313447,313483,92,36,2,36000,3.55555555556
313356,313452,313487,96,35,2,36000,3.74285714286
313357,313458,313493,101,35,2,36000,3.88571428571
313359,313463,313498,104,35,2,36000,3.97142857143
313360,313470,313505,110,35,2,36000,4.14285714286
313361,313475,313510,114,35,2,36000,4.25714285714
313363,313480,313515,117,35,2,36000,4.34285714286
313364,313485,313521,121,36,2,36000,4.36111111111
313365,313491,313526,126,35,2,36000,4.6
313366,313496,313531,130,35,2,36000,4.71428571429
313368,313501,313536,133,35,2,36000,4.8
313369,313506,313541,137,35,2,36000,4.91428571429
313370,313511,313546,141,35,2,36000,5.02857142857
313372,313517,313552,145,35,2,36000,5.14285714286
313373,313522,313557,149,35,2,36000,5.25714285714
313374,313527,313562,153,35,2,36000,5.37142857143
313375,313532,313567,157,35,2,36000,5.48571428571
313377,313537,313572,160,35,2,36000,5.57142857143
313862,313868,317503,6,3635,16,3600,1.00165061898
314175,314182,314932,7,750,2,3600,1.00933333333
315297,315303,315341,6,38,2,3600,1.15789473684
316117,316123,318892,6,2769,2,14400,1.00216684724
316990,316996,316999,6,3,2,14400,1.0
317006,329474,504080,12468,174606,1,216000,1.07140648088
317153,317159,317467,6,308,2,14400,1.01948051948
317825,317831,323807,6,5976,2,36000,1.00100401606
317827,317837,324578,10,6741,2,36000,1.00148345943
317828,317842,323445,14,5603,2,36000,1.00249866143
317830,317847,323738,17,5891,2,36000,1.00288575794
317831,317852,323244,21,5392,2,36000,1.00389465875
317832,317859,324572,27,6713,2,36000,1.00402204677
317834,317864,324784,30,6920,2,36000,1.00433526012
317835,317869,325605,34,7736,2,36000,1.00439503619
317836,317874,323115,38,5241,2,36000,1.00725052471
317837,317879,326429,42,8550,2,36000,1.0049122807
317845,317884,326585,39,8701,2,36000,1.00448224342
317847,317890,323625,43,5735,2,36000,1.0074978204
317848,317895,323539,47,5644,2,36000,1.00832742736
317849,317900,322976,51,5076,2,36000,1.01004728132
317850,317905,324535,55,6630,2,36000,1.00829562594
317852,317910,323914,58,6004,2,36000,1.00966022652
317853,317915,323735,62,5820,2,36000,1.01065292096
317854,317922,326756,68,8834,2,36000,1.00769753226
317856,317927,326255,71,8328,2,36000,1.00852545629
317857,317932,324763,75,6831,2,36000,1.01097935881
317858,317937,323927,79,5990,2,36000,1.01318864775
317860,317942,324900,82,6958,2,36000,1.01178499569
317861,317948,323003,87,5055,2,36000,1.01721068249
317862,317953,323013,91,5060,2,36000,1.01798418972
317863,317958,326125,95,8167,2,36000,1.01163217828
317865,317963,326573,98,8610,2,36000,1.01138211382
317866,317968,326531,102,8563,2,36000,1.01191171318
317867,317973,326037,106,8064,2,36000,1.01314484127
317868,317978,325077,110,7099,2,36000,1.01549514016
317870,317984,326420,114,8436,2,36000,1.01351351351
317871,317989,326725,118,8736,2,36000,1.01350732601
317873,317994,325032,121,7038,2,36000,1.0171923842
317874,317999,323581,125,5582,2,36000,1.02239340738
317875,318004,325372,129,7368,2,36000,1.01750814332
317877,318010,323157,133,5147,2,36000,1.02584029532
317878,318015,325852,137,7837,2,36000,1.01748117902
317879,318020,323593,141,5573,2,36000,1.02530055625
317880,318026,324649,146,6623,2,36000,1.02204439076
317882,318031,326930,149,8899,2,36000,1.01674345432
317883,318036,323054,153,5018,2,36000,1.03049023515
318447,318453,318830,6,377,2,10800,1.01591511936
319113,319119,319233,6,114,2,10800,1.05263157895
319519,319525,320478,6,953,2,3600,1.00629590766
319633,319639,319759,6,120,2,3600,1.05
319701,319707,320081,6,374,2,3600,1.01604278075
319922,319928,319929,6,1,2,1800,1.0
319964,319970,319971,6,1,2,1800,1.0
319999,320005,320073,6,68,2,1800,1.08823529412
320049,320055,320133,6,78,2,1800,1.07692307692
320774,329729,335676,8955,5947,2,43200,2.50580124432
320830,329719,368234,8889,38515,16,43200,1.23079319746
321061,321067,321710,6,643,2,1800,1.00933125972
321119,321125,321323,6,198,2,1800,1.0303030303
321219,329735,333006,8516,3271,2,43200,3.60348517273
321817,329724,346465,7907,16741,12,43200,1.47231348187
322436,329740,344292,7304,14552,2,54000,1.50192413414
322842,323410,323982,568,572,2,1800,1.99300699301
322977,322987,328684,10,5697,2,36000,1.00175530981
323004,323014,328946,10,5932,2,36000,1.00168577208
323019,323024,330095,5,7071,2,36000,1.00070711356
323055,323065,329491,10,6426,2,36000,1.00155617803
323097,329745,348946,6648,19201,2,43200,1.34623196709
323118,323126,328002,8,4876,2,36000,1.00164068909
323160,323168,329027,8,5859,2,36000,1.00136542072
323247,323256,330440,9,7184,2,36000,1.00125278396
323446,323456,328085,10,4629,2,36000,1.0021602938
323542,323551,329231,9,5680,2,36000,1.00158450704
323582,323592,328814,10,5222,2,36000,1.00191497511
323596,323604,329853,8,6249,2,36000,1.00128020483
323626,323637,329204,11,5567,2,36000,1.00197592959
323737,323746,332177,9,8431,2,36000,1.00106748903
323752,323758,329676,6,5918,2,36000,1.00101385603
323810,323818,329483,8,5665,2,36000,1.00141218005
323915,323925,330151,10,6226,2,36000,1.00160616768
323929,323939,329321,10,5382,2,36000,1.00185804534
324538,324546,330082,8,5536,2,36000,1.00144508671
324575,324583,330577,8,5994,2,36000,1.001334668
324589,324595,330954,6,6359,2,36000,1.00094354458
324649,324660,330754,11,6094,2,36000,1.00180505415
324767,324774,330646,7,5872,2,36000,1.00119209809
324785,324796,333395,11,8599,2,36000,1.00127921851
324902,324911,331154,9,6243,2,36000,1.00144161461
325034,325043,332494,9,7451,2,36000,1.00120789156
325079,325088,332639,9,7551,2,36000,1.00119189511
325375,325383,331041,8,5658,2,36000,1.00141392718
325606,325616,333687,10,8071,2,36000,1.00123900384
325853,325863,331205,10,5342,2,36000,1.00187195807
326040,326048,331519,8,5471,2,36000,1.00146225553
326127,326136,331744,9,5608,2,36000,1.00160485021
326256,326266,335112,10,8846,2,36000,1.00113045444
326422,326431,331902,9,5471,2,36000,1.00164503747
326436,326443,332392,7,5949,2,36000,1.00117666835
326534,326543,335174,9,8631,2,36000,1.00104275287
326576,326585,335449,9,8864,2,36000,1.00101534296
326591,326597,334582,6,7985,2,36000,1.00075140889
326726,326737,332498,11,5761,2,36000,1.00190939073
326756,326767,335021,11,8254,2,36000,1.00133268718
326931,326941,335365,10,8424,2,36000,1.00118708452
327254,368246,406753,40992,38507,144,172800,2.06453372114
328002,328013,336373,11,8360,2,36000,1.00131578947
328088,328096,336521,8,8425,2,36000,1.0009495549
328685,328695,335225,10,6530,2,36000,1.00153139357
328817,328825,334757,8,5932,2,36000,1.00134861767
328947,328957,337440,10,8483,2,36000,1.00117882824
329029,329039,334881,10,5842,2,36000,1.00171174255
329206,329215,336402,9,7187,2,36000,1.00125226103
329233,329243,334407,10,5164,2,36000,1.00193648335
329323,329332,335113,9,5781,2,36000,1.00155682408
329486,329494,335777,8,6283,2,36000,1.0012732771
329500,329507,334436,7,4929,2,36000,1.00142016636
329678,329687,335334,9,5647,2,36000,1.0015937666
329853,329864,336907,11,7043,2,36000,1.00156183445
330083,330093,335774,10,5681,2,36000,1.00176025348
330097,330106,336967,9,6861,2,36000,1.00131176213
330151,330162,337646,11,7484,2,36000,1.00146980224
330441,330452,337513,11,7061,2,36000,1.001557853
330580,330588,336422,8,5834,2,36000,1.00137127185
330649,330657,336119,8,5462,2,36000,1.00146466496
330757,330765,339120,8,8355,2,36000,1.00095751047
330955,330965,335561,10,4596,2,36000,1.00217580505
331043,331052,335966,9,4914,2,36000,1.00183150183
331155,331166,338747,11,7581,2,36000,1.00145099591
331207,331216,339256,9,8040,2,36000,1.00111940299
331521,331530,340064,9,8534,2,36000,1.00105460511
331745,331755,340412,10,8657,2,36000,1.00115513457
331905,331913,339676,8,7763,2,36000,1.00103052943
332177,332188,337754,11,5566,2,36000,1.00197628458
332394,332403,337962,9,5559,2,36000,1.00161899622
332496,332505,339317,9,6812,2,36000,1.00132119789
332511,332517,338701,6,6184,2,36000,1.0009702458
332640,332651,341139,11,8488,2,36000,1.00129594722
332989,332995,332997,6,2,2,3540,1.0
333397,333407,339156,10,5749,2,36000,1.00173943294
333688,333699,341125,11,7426,2,36000,1.00148128198
334409,334419,341108,10,6689,2,36000,1.00149499178
334439,334447,343009,8,8562,2,36000,1.00093436113
334583,334594,339993,11,5399,2,36000,1.00203741434
334758,334768,343099,10,8331,2,36000,1.00120033609
334882,334892,339943,10,5051,2,36000,1.00197980598
335024,335032,342998,8,7966,2,36000,1.00100426814
335114,335123,343734,9,8611,2,36000,1.00104517478
335116,335129,343927,13,8798,2,36000,1.00147760855
335175,335185,340618,10,5433,2,36000,1.00184060372
335226,335236,340392,10,5156,2,36000,1.00193948798
335338,335346,340536,8,5190,2,36000,1.00154142582
335368,335376,340640,8,5264,2,36000,1.00151975684
335452,335460,341325,8,5865,2,36000,1.00136402387
335565,335572,340512,7,4940,2,36000,1.00141700405
335776,335786,342622,10,6836,2,36000,1.00146284377
335791,335797,341821,6,6024,2,36000,1.00099601594
335969,335977,344553,8,8576,2,36000,1.00093283582
336119,336130,344787,11,8657,2,36000,1.00127064803
336376,336385,344781,9,8396,2,36000,1.00107193902
336403,336413,345194,10,8781,2,36000,1.00113882246
336424,336434,344195,10,7761,2,36000,1.00128849375
336523,336532,345154,9,8622,2,36000,1.00104384134
336910,336919,344679,9,7760,2,36000,1.00115979381
336970,336979,341870,9,4891,2,36000,1.0018401145
337444,337451,344888,7,7437,2,36000,1.00094123975
337513,337524,343748,11,6224,2,36000,1.00176735219
337648,337658,344324,10,6666,2,36000,1.00150015002
337757,337765,346546,8,8781,2,36000,1.00091105797
337963,337973,344834,10,6861,2,36000,1.00145751348
338701,338712,344693,11,5981,2,36000,1.00183915733
338749,338758,344361,9,5603,2,36000,1.00160628235
339121,339131,347539,10,8408,2,36000,1.00118934348
339156,339167,344808,11,5641,2,36000,1.00195000886
339260,339267,348014,7,8747,2,36000,1.00080027438
339318,339328,344902,10,5574,2,36000,1.00179404377
339676,339687,348404,11,8717,2,36000,1.00126190203
339945,339954,345421,9,5467,2,36000,1.00164624108
339993,340004,348270,11,8266,2,36000,1.00133075248
340068,340076,347489,8,7413,2,36000,1.00107918522
340394,340403,348794,9,8391,2,36000,1.00107257776
340415,340424,349132,9,8708,2,36000,1.00103353238
340512,340523,346622,11,6099,2,36000,1.00180357436
340537,340547,345806,10,5259,2,36000,1.00190150219
340620,340630,345453,10,4823,2,36000,1.0020733983
340641,340651,345815,10,5164,2,36000,1.00193648335
341111,341119,349463,8,8344,2,36000,1.00095877277
341126,341136,349581,10,8445,2,36000,1.00118413262
341142,341150,349588,8,8438,2,36000,1.00094809196
341326,341336,346131,10,4795,2,36000,1.00208550574
341823,341832,348462,9,6630,2,36000,1.00135746606
341872,341881,348272,9,6391,2,36000,1.00140823032
342573,342579,342606,6,27,32,10800,1.22222222222
342626,342632,348500,6,5868,2,36000,1.00102249489
343001,343009,349175,8,6166,2,36000,1.00129743756
343015,343021,348603,6,5582,2,36000,1.00107488355
343101,343110,348120,9,5010,2,36000,1.00179640719
343137,343143,343185,6,42,16,10800,1.14285714286
343201,343207,343208,6,1,2,3540,1.0
343737,343745,349274,8,5529,2,36000,1.00144691626
343754,343760,349626,6,5866,2,36000,1.0010228435
343930,343939,349286,9,5347,2,36000,1.00168318683
344196,344206,352608,10,8402,2,36000,1.00119019281
344326,344336,350845,10,6509,2,36000,1.00153633431
344363,344372,351309,9,6937,2,36000,1.0012973908
344368,344378,344408,10,30,16,10800,1.33333333333
344557,344564,350346,7,5782,2,36000,1.00121065375
344680,344690,353137,10,8447,2,36000,1.00118385226
344695,344704,350915,9,6211,2,36000,1.00144904202
344784,344792,350227,8,5435,2,36000,1.00147194112
344799,344805,349984,6,5179,2,36000,1.00115852481
344814,344819,349792,5,4973,2,36000,1.00100542932
344837,344846,352457,9,7611,2,36000,1.00118249901
344891,344900,352335,9,7435,2,36000,1.00121049092
344906,344913,352008,7,7095,2,36000,1.00098661029
345155,345165,353921,10,8756,2,36000,1.00114207401
345196,345206,351387,10,6181,2,36000,1.00161786119
345421,345432,354222,11,8790,2,36000,1.00125142207
345454,345465,353884,11,8419,2,36000,1.00130656848
345810,345818,352764,8,6946,2,36000,1.00115174201
345825,345832,351514,7,5682,2,36000,1.00123196058
346132,346142,353911,10,7769,2,36000,1.00128716695
346548,346557,353936,9,7379,2,36000,1.00121967746
346623,346633,351539,10,4906,2,36000,1.00203832042
346689,346695,346786,6,91,16,10800,1.06593406593
347486,347500,353266,14,5766,2,36000,1.00242802636
347541,347551,356263,10,8712,2,36000,1.00114784206
348016,348025,355913,9,7888,2,36000,1.00114097363
348123,348131,353398,8,5267,2,36000,1.00151889121
348272,348287,356911,15,8624,2,36000,1.0017393321
348274,348281,356813,7,8532,2,36000,1.00082044069
348405,348415,354354,10,5939,2,36000,1.00168378515
348465,348473,356820,8,8347,2,36000,1.00095842818
348501,348511,356747,10,8236,2,36000,1.00121418164
348604,348614,357524,10,8910,2,36000,1.00112233446
348688,348693,348845,5,152,16,10800,1.03289473684
348795,348805,354199,10,5394,2,36000,1.00185391175
349134,349143,356684,9,7541,2,36000,1.00119347567
349176,349186,356824,10,7638,2,36000,1.00130924326
349276,349285,357940,9,8655,2,36000,1.00103986135
349291,349298,356300,7,7002,2,36000,1.00099971437
349464,349475,356892,11,7417,2,36000,1.00148307941
349582,349592,356314,10,6722,2,36000,1.00148765248
349598,349605,358295,7,8690,2,36000,1.00080552359
349629,349637,357954,8,8317,2,36000,1.0009618853
349795,349804,358325,9,8521,2,36000,1.00105621406
349987,349996,355053,9,5057,2,36000,1.00177971129
350229,350238,357962,9,7724,2,36000,1.00116519938
350347,350357,357685,10,7328,2,36000,1.00136462882
350847,350856,359487,9,8631,2,36000,1.00104275287
350917,350926,356044,9,5118,2,36000,1.00175849941
351312,351320,360197,8,8877,2,36000,1.00090120536
351388,351398,360266,10,8868,2,36000,1.00112764998
351515,351525,359060,10,7535,2,36000,1.00132714001
351542,351550,358283,8,6733,2,36000,1.00118817763
352012,352019,359792,7,7773,2,36000,1.0009005532
352336,352347,357575,11,5228,2,36000,1.00210405509
352457,352468,358003,11,5535,2,36000,1.00198735321
352610,352620,359134,10,6514,2,36000,1.00153515505
352765,352775,357778,10,5003,2,36000,1.00199880072
353139,353149,361700,10,8551,2,36000,1.00116945387
353267,353278,358581,11,5303,2,36000,1.00207429757
353400,353409,362038,9,8629,2,36000,1.00104299455
353894,353900,362278,6,8378,2,36000,1.00071616138
353915,353923,360861,8,6938,2,36000,1.00115307005
353930,353936,360362,6,6426,2,36000,1.00093370682
353946,353952,362351,6,8399,2,36000,1.00071437076
354200,354210,362686,10,8476,2,36000,1.00117980179
354224,354233,359437,9,5204,2,36000,1.00172943889
354357,354366,359994,9,5628,2,36000,1.00159914712
355055,355064,363433,9,8369,2,36000,1.0010753973
355919,355925,361914,6,5989,2,36000,1.0010018367
356046,356056,364668,10,8612,2,36000,1.00116117046
356267,356275,364698,8,8423,2,36000,1.00094978036
356303,356311,362433,8,6122,2,36000,1.0013067625
356318,356325,362293,7,5968,2,36000,1.00117292225
356687,356695,363480,8,6785,2,36000,1.00117907148
356750,356759,362739,9,5980,2,36000,1.00150501672
356815,356824,364233,9,7409,2,36000,1.00121473883
356830,356836,365463,6,8627,2,36000,1.0006954909
356831,356842,362373,11,5531,2,36000,1.00198879045
356895,356903,362230,8,5327,2,36000,1.00150178337
356913,356923,365210,10,8287,2,36000,1.0012067093
357531,357537,362507,6,4970,2,36000,1.00120724346
357577,357586,364425,9,6839,2,36000,1.00131598187
357687,357696,365731,9,8035,2,36000,1.00112009956
357784,357790,362811,6,5021,2,36000,1.00119498108
357942,357951,364531,9,6580,2,36000,1.00136778116
357958,357965,366032,7,8067,2,36000,1.00086773274
357972,357978,364080,6,6102,2,36000,1.00098328417
358005,358014,363558,9,5544,2,36000,1.00162337662
358289,358295,365624,6,7329,2,36000,1.00081866558
358304,358310,364076,6,5766,2,36000,1.00104058273
358328,358336,365343,8,7007,2,36000,1.00114171543
358582,358592,364912,10,6320,2,36000,1.00158227848
359065,359071,364381,6,5310,2,36000,1.0011299435
359135,359145,365605,10,6460,2,36000,1.00154798762
359442,359448,367960,6,8512,2,36000,1.00070488722
359493,359499,365165,6,5666,2,36000,1.00105894811
359771,359777,360084,6,307,60,300,1.01954397394
359798,359804,365665,6,5861,2,36000,1.00102371609
360002,360008,368547,6,8539,2,36000,1.00070265839
360200,360208,366008,8,5800,2,36000,1.00137931034
360269,360278,365275,9,4997,2,36000,1.00180108065
360363,360373,365605,10,5232,2,36000,1.00191131498
360860,360866,361412,6,546,60,900,1.01098901099
360862,360872,366962,10,6090,2,36000,1.00164203612
361708,361714,370516,6,8802,2,36000,1.00068166326
361918,361925,369946,7,8021,2,36000,1.00087270914
361946,362619,362652,673,33,125,3600,21.3939393939
362041,362049,369866,8,7817,2,36000,1.00102341052
362208,362214,362321,6,107,1,1800,1.05607476636
362233,362241,368748,8,6507,2,36000,1.00122944521
362279,362289,368265,10,5976,2,36000,1.00167336011
362294,362304,368743,10,6439,2,36000,1.00155303619
362352,362362,371134,10,8772,2,36000,1.00113999088
362376,362384,367982,8,5598,2,36000,1.00142908181
362386,371406,467768,9020,96362,6,432000,1.09360536311
362435,362444,369173,9,6729,2,36000,1.00133749443
362510,362519,371206,9,8687,2,36000,1.00103603085
362640,362646,362766,6,120,1,1800,1.05
362691,362697,367813,6,5116,2,36000,1.00117279124
362739,362750,370305,11,7555,2,36000,1.00145598941
362812,362822,367958,10,5136,2,36000,1.0019470405
363397,363404,363910,7,506,1,1800,1.01383399209
363435,363444,371710,9,8266,2,36000,1.00108879748
363481,363491,371227,10,7736,2,36000,1.0012926577
363561,363569,370785,8,7216,2,36000,1.00110864745
364083,364090,371132,7,7042,2,36000,1.00099403579
364085,364096,370014,11,5918,2,36000,1.00185873606
364235,364244,369732,9,5488,2,36000,1.00163994169
364383,364392,370490,9,6098,2,36000,1.00147589374
364425,364436,371900,11,7464,2,36000,1.00147374062
364532,364542,373097,10,8555,2,36000,1.00116890707
364671,364679,371712,8,7033,2,36000,1.00113749467
364701,364709,369999,8,5290,2,36000,1.00151228733
364914,364923,371565,9,6642,2,36000,1.00135501355
365167,365176,373607,9,8431,2,36000,1.00106748903
365211,365221,373834,10,8613,2,36000,1.00116103564
365277,365286,370938,9,5652,2,36000,1.00159235669
365347,365354,373661,7,8307,2,36000,1.00084266281
365459,365474,374033,15,8559,2,36000,1.00175254118
365536,365542,365583,6,41,1,1800,1.14634146341
365608,365617,372778,9,7161,2,36000,1.00125680771
365610,365622,372030,12,6408,2,36000,1.00187265918
365625,365635,371578,10,5943,2,36000,1.00168265186
365668,365676,373167,8,7491,2,36000,1.0010679482
365735,365742,374359,7,8617,2,36000,1.00081234768
365753,365759,365808,6,49,1,1800,1.12244897959
365873,365879,365953,6,74,1,1800,1.08108108108
366013,366019,371915,6,5896,2,36000,1.00101763908
366035,366043,374581,8,8538,2,36000,1.00093698758
366138,366144,366229,6,85,1,1800,1.07058823529
366482,366488,366727,6,239,1,1800,1.02510460251
366972,366979,374137,7,7158,2,36000,1.0009779268
367108,367114,367383,6,269,1,1800,1.02230483271
367819,367826,373855,7,6029,2,36000,1.0011610549
367959,367969,375795,10,7826,2,36000,1.00127779198
367974,367980,372978,6,4998,2,36000,1.00120048019
367989,367995,375722,6,7727,2,36000,1.00077649799
368137,368143,368172,6,29,1,1800,1.20689655172
368268,368276,376947,8,8671,2,36000,1.00092261562
368471,368477,368545,6,68,1,1800,1.08823529412
368550,368559,375596,9,7037,2,36000,1.0012789541
368746,368754,373980,8,5226,2,36000,1.0015308075
368760,368767,377434,7,8667,2,36000,1.00080766124
369175,369185,377434,10,8249,2,36000,1.00121226815
369250,369257,369376,7,119,1,1800,1.05882352941
369735,369743,377434,8,7691,2,36000,1.00104017683
369869,369877,375838,8,5961,2,36000,1.0013420567
369948,369957,375612,9,5655,2,36000,1.00159151194
369994,370010,376002,16,5992,2,36000,1.00267022697
370016,370025,375306,9,5281,2,36000,1.00170422269
370307,370317,376806,10,6489,2,36000,1.0015410695
370492,370501,376212,9,5711,2,36000,1.00157590615
370519,370528,375555,9,5027,2,36000,1.00179033221
370789,370796,377434,7,6638,2,36000,1.0010545345
370941,370949,376424,8,5475,2,36000,1.00146118721
371135,371143,376862,8,5719,2,36000,1.00139884595
371136,371149,375799,13,4650,2,36000,1.00279569892
371207,371217,377434,10,6217,2,36000,1.00160849284
371229,371239,377434,10,6195,2,36000,1.001614205
371567,371576,376764,9,5188,2,36000,1.00173477255
371582,371589,377434,7,5845,2,36000,1.00119760479
371714,371721,377225,7,5504,2,36000,1.00127180233
371715,371727,376629,12,4902,2,36000,1.00244798042
371900,371911,377434,11,5523,2,36000,1.00199167119
371919,371927,376988,8,5061,2,36000,1.00158071527
372032,372042,377434,10,5392,2,36000,1.00185459941
372780,372789,377434,9,4645,2,36000,1.00193756728
372980,372989,377434,9,4445,2,36000,1.00202474691
373099,373108,377434,9,4326,2,36000,1.00208044383
373169,373179,377434,10,4255,2,36000,1.00235017626
373610,373618,377434,8,3816,2,36000,1.00209643606
373649,373656,402473,7,28817,16,28800,1.00024291217
373662,373672,377434,10,3762,2,36000,1.00265816055
373836,373845,377434,9,3589,2,36000,1.0025076623
373857,373867,377434,10,3567,2,36000,1.00280347631
373985,373991,377434,6,3443,2,36000,1.00174266628
374034,374044,377434,10,3390,2,36000,1.00294985251
374046,407323,436135,33277,28812,36,28800,2.15497015133
374108,390082,563389,15974,173307,1,216000,1.09217169532
374137,374148,377434,11,3286,2,36000,1.003347535
374362,374371,377434,9,3063,2,36000,1.00293829579
374585,374592,377434,7,2842,2,36000,1.00246305419
375316,375322,377434,6,2112,2,36000,1.00284090909
375503,375509,375510,6,1,4,36000,1.0
375516,375522,382927,6,7405,4,43200,1.00081026334
375517,380265,390060,4748,9795,4,43200,1.48473711077
375517,375527,380254,10,4727,4,43200,1.00211550666
375518,382938,410678,7420,27740,4,43200,1.26748377794
375518,408263,422986,32745,14723,4,43200,3.22407118115
375518,408258,424718,32740,16460,4,43200,2.98906439854
375519,408268,438026,32749,29758,4,43200,2.10051078702
375519,408273,432829,32754,24556,4,43200,2.3338491611
375520,408279,418620,32759,10341,4,43200,4.16787544725
375520,408289,451498,32769,43209,4,43200,1.75838367007
375520,408284,451508,32764,43224,4,43200,1.75800481214
375559,375566,377434,7,1868,2,36000,1.00374732334
375599,375607,377434,8,1827,2,36000,1.004378763
375614,375624,377434,10,1810,2,36000,1.00552486188
375723,375733,377434,10,1701,2,36000,1.00587889477
375799,375807,377434,8,1627,2,36000,1.0049170252
375801,375813,377434,12,1621,2,36000,1.00740283775
375841,375849,377434,8,1585,2,36000,1.00504731861
376005,376014,377434,9,1420,2,36000,1.00633802817
376214,376224,377434,10,1210,2,36000,1.00826446281
376224,388257,399013,12033,10756,2,36000,2.11872443287
376425,376435,377434,10,999,2,36000,1.01001001001
376544,388964,411226,12420,22262,2,36000,1.55790135657
376631,376640,377434,9,794,2,36000,1.01133501259
376765,376775,377434,10,659,2,36000,1.01517450683
376808,376817,377434,9,617,2,36000,1.01458670989
376862,376873,377434,11,561,2,36000,1.01960784314
376948,376958,377434,10,476,2,36000,1.02100840336
376990,376999,377434,9,435,2,36000,1.02068965517
377228,377237,377434,9,197,2,36000,1.04568527919
377400,388969,412807,11569,23838,2,36000,1.4853175602
377485,377491,383249,6,5758,2,36000,1.00104202848
377486,377497,383745,11,6248,2,36000,1.00176056338
377488,377502,382608,14,5106,2,36000,1.00274187231
377489,377507,383540,18,6033,2,36000,1.00298359025
377490,377512,384127,22,6615,2,36000,1.00332577475
377492,377518,382715,26,5197,2,36000,1.00500288628
377493,377523,384208,30,6685,2,36000,1.00448765894
377494,377529,386110,35,8581,2,36000,1.0040787787
377496,377534,386173,38,8639,2,36000,1.00439865725
377497,377539,385003,42,7464,2,36000,1.00562700965
377498,377544,384254,46,6710,2,36000,1.00685543964
377499,377549,383796,50,6247,2,36000,1.00800384184
377501,377554,385378,53,7824,2,36000,1.00677402863
377502,377560,383042,58,5482,2,36000,1.01058008026
377503,377565,386057,62,8492,2,36000,1.00730098917
377505,377570,382581,65,5011,2,36000,1.01297146278
377506,377575,386183,69,8608,2,36000,1.00801579926
377507,377580,383339,73,5759,2,36000,1.01267581177
377509,377585,386058,76,8473,2,36000,1.00896966836
377510,377590,383041,80,5451,2,36000,1.0146762062
377511,377596,383229,85,5633,2,36000,1.01508965028
377513,377601,385589,88,7988,2,36000,1.01101652479
377514,377606,383362,92,5756,2,36000,1.01598332175
377515,377611,386124,96,8513,2,36000,1.01127687067
377517,377616,383401,99,5785,2,36000,1.01711322385
377518,377622,384206,104,6584,2,36000,1.01579586877
377519,377628,386112,109,8484,2,36000,1.01284771334
377521,377633,384914,112,7281,2,36000,1.0153825024
377522,377638,385359,116,7721,2,36000,1.01502396063
377523,377643,383493,120,5850,2,36000,1.02051282051
377525,377649,383242,124,5593,2,36000,1.02217057036
377526,377654,383015,128,5361,2,36000,1.02387614251
377527,377659,384175,132,6516,2,36000,1.02025782689
377529,377664,384437,135,6773,2,36000,1.01993208327
377530,377669,382452,139,4783,2,36000,1.02906125862
377531,377674,384589,143,6915,2,36000,1.02067968185
377533,377680,385851,147,8171,2,36000,1.01799045404
377534,377685,383644,151,5959,2,36000,1.02533982212
377535,377690,383870,155,6180,2,36000,1.02508090615
377537,377695,383286,158,5591,2,36000,1.02825970309
377651,388974,407556,11323,18582,2,36000,1.60935313744
379220,390076,390621,10856,545,2,1800,20.919266055
379304,390632,391013,11328,381,2,1800,30.7322834646
379499,406799,407312,27300,513,64,2340,54.216374269
381448,407328,445036,25880,37708,12,180000,1.68632650896
381565,407349,428538,25784,21189,12,43200,2.21685780358
381722,406780,415730,25058,8950,2,43200,3.79977653631
382456,382463,387548,7,5085,2,36000,1.00137659784
382459,407745,424168,25286,16423,10,43200,2.53966997504
382584,382592,389112,8,6520,2,36000,1.00122699387
382608,382619,389626,11,7007,2,36000,1.00156985871
382718,382726,390577,8,7851,2,36000,1.00101897847
382787,406770,428907,23983,22137,14,43200,2.08338979988
382853,407568,413414,24715,5846,2,54000,5.22767704413
383016,383026,390690,10,7664,2,36000,1.00130480167
383044,383053,389554,9,6501,2,36000,1.0013844024
383045,383058,388838,13,5780,2,36000,1.00224913495
383231,383240,389998,9,6758,2,36000,1.00133175496
383252,383259,389547,7,6288,2,36000,1.00111323155
383254,383265,387965,11,4700,2,36000,1.00234042553
383287,383298,388898,11,5600,2,36000,1.00196428571
383342,383350,390128,8,6778,2,36000,1.00118028917
383363,383373,390938,10,7565,2,36000,1.00132187707
383404,383412,390938,8,7526,2,36000,1.00106298166
383497,383504,390938,7,7434,2,36000,1.00094161959
383545,383551,390938,6,7387,2,36000,1.00081223771
383646,383656,389109,10,5453,2,36000,1.00183385292
383748,383756,389690,8,5934,2,36000,1.00134816313
383796,383807,389803,11,5996,2,36000,1.00183455637
383864,391024,405420,7160,14396,1,360000,1.49736037788
383872,383881,389036,9,5155,2,36000,1.00174587779
384130,384138,389635,8,5497,2,36000,1.00145533928
384144,405468,765483,21324,360015,1,360000,1.05923086538
384178,384187,389625,9,5438,2,36000,1.00165502023
384207,384217,390735,10,6518,2,36000,1.00153421295
384222,384228,389215,6,4987,2,36000,1.00120312813
384256,384265,389455,9,5190,2,36000,1.00173410405
384266,406785,407571,22519,786,1,360000,29.6501272265
384439,384448,390938,9,6490,2,36000,1.00138674884
384496,407582,493660,23086,86078,1,360000,1.26819861056
384592,384601,390938,9,6337,2,36000,1.00142023039
384918,384925,390925,7,6000,2,36000,1.00116666667
384997,408294,438461,23297,30167,2,43200,1.77226770975
385009,385014,390938,5,5924,2,36000,1.00084402431
385361,385370,390938,9,5568,2,36000,1.00161637931
385379,385389,390938,10,5549,2,36000,1.00180212651
385593,385600,390938,7,5338,2,36000,1.00131135257
385853,385862,390938,9,5076,2,36000,1.00177304965
386060,386068,390938,8,4870,2,36000,1.00164271047
386061,386074,390938,13,4864,2,36000,1.00267269737
386113,386121,390938,8,4817,2,36000,1.00166078472
386114,386127,390938,13,4811,2,36000,1.00270214093
386129,386136,390938,7,4802,2,36000,1.00145772595
386168,386184,390938,16,4754,2,36000,1.00336558687
386186,386194,390938,8,4744,2,36000,1.00168634064
386737,386743,388246,6,1503,1,7200,1.00399201597
387269,388979,407103,1710,18124,2,36000,1.09435003311
387532,390071,405448,2539,15377,2,36000,1.16511673278
387552,387559,390938,7,3379,2,36000,1.00207161882
387967,387976,390938,9,2962,2,36000,1.00303848751
388841,388850,390938,9,2088,2,36000,1.00431034483
388900,388909,390938,9,2029,2,36000,1.0044356826
389039,389047,390938,8,1891,2,36000,1.00423056584
389112,389120,390938,8,1818,2,36000,1.00440044004
389114,389126,390938,12,1812,2,36000,1.00662251656
389216,389227,390938,11,1711,2,36000,1.0064289889
389456,389466,390938,10,1472,2,36000,1.00679347826
389550,389558,390938,8,1380,2,36000,1.00579710145
389565,389571,390938,6,1367,2,36000,1.00438917337
389627,389636,390938,9,1302,2,36000,1.0069124424
389628,389642,390938,14,1296,2,36000,1.01080246914
389643,389649,390938,6,1289,2,36000,1.00465477114
389691,389702,390938,11,1236,2,36000,1.00889967638
389803,389814,390938,11,1124,2,36000,1.00978647687
389999,390009,390938,10,929,2,36000,1.01076426265
390130,390140,390938,10,798,2,36000,1.01253132832
390550,390556,390746,6,190,1,7200,1.03157894737
390579,390589,390938,10,349,2,36000,1.02865329513
390691,390701,390938,10,237,2,36000,1.04219409283
390736,390746,390938,10,192,2,36000,1.05208333333
390823,390829,393653,6,2824,1,7200,1.00212464589
390926,390936,390938,10,2,2,36000,1.2
391080,391086,396235,6,5149,2,36000,1.00116527481
391081,391092,396235,11,5143,2,36000,1.00213882948
391083,391097,396235,14,5138,2,36000,1.00272479564
391084,391102,396235,18,5133,2,36000,1.00350672122
391085,391107,396073,22,4966,2,36000,1.00443012485
391087,391113,396235,26,5122,2,36000,1.00507614213
391088,391119,396235,31,5116,2,36000,1.00605942142
391089,391124,396235,35,5111,2,36000,1.00684797496
391090,391129,396235,39,5106,2,36000,1.00763807286
391092,391134,396235,42,5101,2,36000,1.00823367967
391093,391139,396235,46,5096,2,36000,1.0090266876
391095,391144,396235,49,5091,2,36000,1.00962482813
391096,391150,396235,54,5085,2,36000,1.01061946903
391098,391155,396235,57,5080,2,36000,1.01122047244
391099,391160,395957,61,4797,2,36000,1.01271628101
391100,391165,396235,65,5070,2,36000,1.01282051282
391102,391170,396235,68,5065,2,36000,1.0134254689
391103,391175,396235,72,5060,2,36000,1.01422924901
391104,391180,396235,76,5055,2,36000,1.01503461919
391105,391186,396021,81,4835,2,36000,1.01675284385
391107,391191,396235,84,5044,2,36000,1.01665344964
391108,391196,396235,88,5039,2,36000,1.0174637825
391109,391201,396235,92,5034,2,36000,1.01827572507
391111,391206,396235,95,5029,2,36000,1.01889043547
391112,391211,396235,99,5024,2,36000,1.01970541401
391113,391217,396235,104,5018,2,36000,1.0207253886
391114,391223,396235,109,5012,2,36000,1.02174780527
391116,391228,396235,112,5007,2,36000,1.02236868384
391117,391233,396235,116,5002,2,36000,1.02319072371
391118,391238,396235,120,4997,2,36000,1.02401440865
391120,391244,396235,124,4991,2,36000,1.0248447205
391121,391249,396235,128,4986,2,36000,1.02567188127
391122,391254,396227,132,4973,2,36000,1.026543334
391124,391259,396235,135,4976,2,36000,1.02713022508
391125,391264,396235,139,4971,2,36000,1.02796218065
391126,391269,396235,143,4966,2,36000,1.02879581152
391127,391274,396235,147,4961,2,36000,1.02963112276
391129,391280,396235,151,4955,2,36000,1.03047426842
391130,391285,396235,155,4950,2,36000,1.03131313131
391131,391290,396235,159,4945,2,36000,1.0321536906
391445,391451,396686,6,5235,1,7200,1.00114613181
392514,406775,435626,14261,28851,16,28800,1.49429829122
392589,402502,404315,9913,1813,10,1800,6.46773303916
393043,402485,402491,9442,6,16,7200,944.8
393171,407333,407338,14162,5,16,28800,1416.7
395958,395968,396235,10,267,2,36000,1.03745318352
396330,396337,397360,7,1023,2,36000,1.00684261975
396332,396342,397360,10,1018,2,36000,1.00982318271
396333,396348,397360,15,1012,2,36000,1.01482213439
396334,396353,397360,19,1007,2,36000,1.01886792453
396336,396358,397360,22,1002,2,36000,1.02195608782
396337,396363,397360,26,997,2,36000,1.0260782347
396338,396368,397360,30,992,2,36000,1.03024193548
396339,396374,397360,35,986,2,36000,1.0354969574
396341,396379,397360,38,981,2,36000,1.03873598369
396342,396384,397360,42,976,2,36000,1.04303278689
396343,396390,397360,47,970,2,36000,1.04845360825
396345,396395,397360,50,965,2,36000,1.0518134715
396346,396400,397360,54,960,2,36000,1.05625
396347,396405,397360,58,955,2,36000,1.06073298429
396348,396411,397360,63,949,2,36000,1.06638566913
396350,396416,397360,66,944,2,36000,1.06991525424
396351,396421,397360,70,939,2,36000,1.07454739084
396352,396426,397360,74,934,2,36000,1.07922912206
396354,396431,397360,77,929,2,36000,1.08288482239
396355,396436,397360,81,924,2,36000,1.08766233766
396356,396441,397360,85,919,2,36000,1.09249183896
396358,396447,397360,89,913,2,36000,1.09748083242
396359,396452,397360,93,908,2,36000,1.10242290749
396360,396457,397360,97,903,2,36000,1.10741971207
396362,396462,397360,100,898,2,36000,1.11135857461
396363,396467,397360,104,893,2,36000,1.11646136618
396364,396472,397360,108,888,2,36000,1.12162162162
396365,396478,397360,113,882,2,36000,1.12811791383
396367,396483,397360,116,877,2,36000,1.1322690992
396368,396488,397360,120,872,2,36000,1.1376146789
396369,396493,397360,124,867,2,36000,1.14302191465
396371,396498,397360,127,862,2,36000,1.14733178654
396372,396503,397360,131,857,2,36000,1.1528588098
396373,396509,397360,136,851,2,36000,1.1598119859
396374,396514,397360,140,846,2,36000,1.16548463357
396376,396522,397360,146,838,2,36000,1.17422434368
396377,396527,397360,150,833,2,36000,1.18007202881
396379,396532,397360,153,828,2,36000,1.1847826087
396380,396537,397360,157,823,2,36000,1.1907654921
396382,396542,397360,160,818,2,36000,1.195599022
396516,405431,405432,8915,1,1,216000,891.6
396986,396992,402122,6,5130,1,7200,1.00116959064
397445,397452,403212,7,5760,2,36000,1.00121527778
397447,397457,403228,10,5771,2,36000,1.00173280194
397448,397463,405585,15,8122,2,36000,1.00184683575
397449,397468,406209,19,8741,2,36000,1.00217366434
397451,397473,402620,22,5147,2,36000,1.00427433456
397452,397478,402423,26,4945,2,36000,1.0052578362
397453,397484,402577,31,5093,2,36000,1.00608678578
397454,397489,406099,35,8610,2,36000,1.00406504065
397456,397494,403235,38,5741,2,36000,1.00661905591
397457,397499,406185,42,8686,2,36000,1.00483536726
397459,397505,404258,46,6753,2,36000,1.00681178735
397460,397510,404658,50,7148,2,36000,1.00699496363
397462,397515,402356,53,4841,2,36000,1.01094815121
397463,397520,402843,57,5323,2,36000,1.01070824723
397464,397526,405225,62,7699,2,36000,1.0080529939
397465,397531,405993,66,8462,2,36000,1.00779957457
397467,397536,404060,69,6524,2,36000,1.01057633354
397468,397541,405639,73,8098,2,36000,1.0090145715
397469,397546,402435,77,4889,2,36000,1.01574964205
397471,397551,406068,80,8517,2,36000,1.00939297875
397472,397556,404756,84,7200,2,36000,1.01166666667
397473,397562,404450,89,6888,2,36000,1.01292102207
397474,397567,403148,93,5581,2,36000,1.01666368034
397476,397572,404818,96,7246,2,36000,1.01324868893
397477,397577,402688,100,5111,2,36000,1.01956564273
397478,397582,403130,104,5548,2,36000,1.01874549387
397480,397587,405964,107,8377,2,36000,1.01277306912
397481,397593,403734,112,6141,2,36000,1.01823807198
397482,397598,403672,116,6074,2,36000,1.01909779388
397483,397603,403246,120,5643,2,36000,1.02126528442
397485,397608,403565,123,5957,2,36000,1.02064797717
397486,397613,405802,127,8189,2,36000,1.01550860911
397487,397618,405912,131,8294,2,36000,1.01579455028
397489,397623,402417,134,4794,2,36000,1.02795160617
397490,397629,403269,139,5640,2,36000,1.02464539007
397491,397695,405977,204,8282,2,36000,1.02463173147
397492,397700,402889,208,5189,2,36000,1.04008479476
397494,397705,406305,211,8600,2,36000,1.02453488372
397495,397710,403102,215,5392,2,36000,1.03987388724
397496,397716,402914,220,5198,2,36000,1.04232397076
398118,407114,417691,8996,10577,2,36000,1.85052472346
398514,406804,407728,8290,924,70,1200,9.97186147186
401654,406764,406788,5110,24,125,3600,213.916666667
401951,401957,402604,6,647,2,600,1.00927357032
402358,402367,408267,9,5900,2,36000,1.00152542373
402418,402428,407884,10,5456,2,36000,1.00183284457
402433,402439,407732,6,5293,2,36000,1.00113357264
402448,402454,408772,6,6318,2,36000,1.00094966762
402580,402589,407884,9,5295,2,36000,1.00169971671
402622,402631,408204,9,5573,2,36000,1.00161492912
402691,402700,407722,9,5022,2,36000,1.0017921147
402844,402855,410115,11,7260,2,36000,1.00151515152
402893,402901,407949,8,5048,2,36000,1.00158478605
402916,402926,408782,10,5856,2,36000,1.00170765027
402980,402986,403326,6,340,4,300,1.01764705882
403100,403113,410855,13,7742,2,36000,1.00167915267
403133,403141,410596,8,7455,2,36000,1.0010731053
403151,403159,411026,8,7867,2,36000,1.00101690606
403214,403224,408718,10,5494,2,36000,1.00182016746
403229,403239,410456,10,7217,2,36000,1.00138561729
403244,403250,411638,6,8388,2,36000,1.00071530758
403259,403265,408753,6,5488,2,36000,1.00109329446
403273,403279,409004,6,5725,2,36000,1.00104803493
403568,403577,409118,9,5541,2,36000,1.00162425555
403674,403683,409681,9,5998,2,36000,1.00150050017
403735,403746,412055,11,8309,2,36000,1.00132386569
403985,403991,404316,6,325,4,300,1.01846153846
404060,404071,412194,11,8123,2,36000,1.00135417949
404260,404269,409689,9,5420,2,36000,1.00166051661
404452,404461,413098,9,8637,2,36000,1.00104202848
404660,404669,411846,9,7177,2,36000,1.00125400585
404757,404767,410507,10,5740,2,36000,1.00174216028
404820,404829,410835,9,6006,2,36000,1.0014985015
405228,405236,414063,8,8827,2,36000,1.00090631018
405586,405596,414158,10,8562,2,36000,1.00116795141
405640,405650,411169,10,5519,2,36000,1.00181192245
405803,405814,414080,11,8266,2,36000,1.00133075248
405914,405924,410908,10,4984,2,36000,1.00200642055
405966,405975,412655,9,6680,2,36000,1.00134730539
405980,405988,411438,8,5450,2,36000,1.00146788991
405995,406004,411619,9,5615,2,36000,1.00160284951
406070,406080,414226,10,8146,2,36000,1.00122759637
406100,406110,411598,10,5488,2,36000,1.00182215743
406188,406196,412062,8,5866,2,36000,1.00136379134
406212,406220,411665,8,5445,2,36000,1.00146923783
406308,406317,414819,9,8502,2,36000,1.00105857445
406935,408310,422738,1375,14428,2,43200,1.09530080399
407725,407734,414618,9,6884,2,36000,1.00130737943
407729,407740,408247,11,507,64,2340,1.02169625247
407739,407752,415940,13,8188,2,36000,1.0015876893
407786,408305,408552,519,247,2,7200,3.1012145749
407884,407895,413668,11,5773,2,36000,1.00190542179
407899,407905,414082,6,6177,2,36000,1.00097134531
407950,407960,414005,10,6045,2,36000,1.00165425972
408176,408315,480354,139,72039,2,72000,1.0019295104
408206,408215,413511,9,5296,2,36000,1.00169939577
408269,408321,413830,52,5509,2,36000,1.00943909966
408719,408729,413762,10,5033,2,36000,1.00198688655
408755,408764,414189,9,5425,2,36000,1.00165898618
408773,408785,415326,12,6541,2,36000,1.00183458187
408774,408779,473151,5,64372,2,72000,1.00007767352
408786,408792,408912,6,120,2,3600,1.05
408788,408798,416979,10,8181,2,36000,1.00122234446
409005,409015,414306,10,5291,2,36000,1.00189000189
409120,409129,417781,9,8652,2,36000,1.00104022191
409485,409491,409802,6,311,2,3600,1.0192926045
409496,409505,409852,9,347,2,3600,1.02593659942
409605,409611,410096,6,485,2,7200,1.01237113402
409681,409692,415567,11,5875,2,36000,1.00187234043
409695,409702,414543,7,4841,2,36000,1.00144598224
410115,410126,415084,11,4958,2,36000,1.00221863655
410273,410280,416132,7,5852,4,72000,1.00119617225
410457,410467,418598,10,8131,2,36000,1.00122986103
410508,410518,416380,10,5862,2,36000,1.00170590242
410598,410607,416373,9,5766,2,36000,1.00156087409
410837,410846,416346,9,5500,2,36000,1.00163636364
410857,410867,417446,10,6579,2,36000,1.00151998784
410908,410919,417455,11,6536,2,36000,1.00168298654
411028,411038,417940,10,6902,2,36000,1.0014488554
411170,411180,416993,10,5813,2,36000,1.00172028213
411284,411290,413029,6,1739,2,7200,1.00345025877
411290,411296,413478,6,2182,2,7200,1.00274977085
411359,411365,411653,6,288,2,3600,1.02083333333
411364,411371,411677,7,306,2,3600,1.02287581699
411439,411449,416738,10,5289,2,36000,1.00189071658
411599,411609,416644,10,5035,2,36000,1.00198609732
411620,411630,418114,10,6484,2,36000,1.00154225787
411641,411650,417782,9,6132,2,36000,1.00146771037
411668,411676,417647,8,5971,2,36000,1.00133980908
411849,411857,418636,8,6779,2,36000,1.00118011506
412058,412067,418467,9,6400,2,36000,1.00140625
412072,412078,418294,6,6216,2,36000,1.00096525097
412196,412205,419165,9,6960,2,36000,1.00129310345
412657,412667,420958,10,8291,2,36000,1.00120612713
413101,413109,421686,8,8577,2,36000,1.00093272706
413512,413522,421199,10,7677,2,36000,1.00130259216
413672,413680,419400,8,5720,2,36000,1.0013986014
413763,413773,421180,10,7407,2,36000,1.00135007425
413832,413841,419158,9,5317,2,36000,1.00169268384
414007,414016,420823,9,6807,2,36000,1.00132216836
414064,414074,421147,10,7073,2,36000,1.00141382723
414082,414091,420339,9,6248,2,36000,1.00144046095
414096,414103,419757,7,5654,2,36000,1.00123806155
414160,414170,421253,10,7083,2,36000,1.00141183114
414190,414200,420415,10,6215,2,36000,1.00160901046
414229,414237,420348,8,6111,2,36000,1.00130911471
414308,414317,420504,9,6187,2,36000,1.001454663
414546,414554,421809,8,7255,2,36000,1.0011026878
414621,414629,419659,8,5030,2,36000,1.00159045726
414820,414830,420661,10,5831,2,36000,1.0017149717
415086,415095,420094,9,4999,2,36000,1.00180036007
415327,415337,423291,10,7954,2,36000,1.00125722907
415569,415578,422766,9,7188,2,36000,1.00125208681
415943,415951,424576,8,8625,2,36000,1.00092753623
416347,416358,424797,11,8439,2,36000,1.00130347198
416374,416384,421074,10,4690,2,36000,1.00213219616
416389,416395,421523,6,5128,2,36000,1.0011700468
416645,416655,422384,10,5729,2,36000,1.00174550532
416739,416749,425377,10,8628,2,36000,1.00115901715
416980,416990,425191,10,8201,2,36000,1.00121936349
416995,417004,422525,9,5521,2,36000,1.00163013947
417446,417457,425184,11,7727,2,36000,1.00142357966
417461,417467,422271,6,4804,2,36000,1.0012489592
417649,417659,423384,10,5725,2,36000,1.00174672489
417785,417793,425544,8,7751,2,36000,1.00103212489
417786,417798,423911,12,6113,2,36000,1.00196302961
417942,417951,423511,9,5560,2,36000,1.00161870504
418118,418126,424348,8,6222,2,36000,1.00128576021
418295,418305,423390,10,5085,2,36000,1.00196656834
418407,418413,593683,6,175270,1,216000,1.0000342329
418424,418430,593683,6,175253,1,216000,1.00003423622
418441,418448,418449,7,1,2,3540,1.0
418448,418454,593682,6,175228,1,216000,1.0000342411
418468,418478,425335,10,6857,2,36000,1.00145836372
418530,418536,421735,6,3199,2,7200,1.00187558612
418534,418542,421354,8,2812,2,7200,1.00284495021
418600,418609,423897,9,5288,2,36000,1.00170196672
418639,418647,424521,8,5874,2,36000,1.00136193395
418660,418666,422064,6,3398,16,28800,1.00176574456
419161,419170,427949,9,8779,2,36000,1.00102517371
419176,419182,426649,6,7467,2,36000,1.00080353556
419402,419411,424341,9,4930,2,36000,1.00182555781
419661,419670,426286,9,6616,2,36000,1.00136033857
419758,419768,427609,10,7841,2,36000,1.00127534753
420096,420105,427189,9,7084,2,36000,1.00127046866
420340,420350,426321,10,5971,2,36000,1.00167476135
420355,420361,425452,6,5091,2,36000,1.00117855038
420418,420427,427492,9,7065,2,36000,1.00127388535
420505,420515,426618,10,6103,2,36000,1.00163853842
420664,420673,426200,9,5527,2,36000,1.00162836982
420824,420834,426464,10,5630,2,36000,1.00177619893
420960,420970,427486,10,6516,2,36000,1.00153468386
421078,421086,426425,8,5339,2,36000,1.00149840794
421150,421158,426794,8,5636,2,36000,1.00141944642
421183,421192,426465,9,5273,2,36000,1.00170680827
421201,421211,429805,10,8594,2,36000,1.00116360251
421256,421265,429528,9,8263,2,36000,1.00108919279
421524,421534,428992,10,7458,2,36000,1.00134084205
421687,421697,430154,10,8457,2,36000,1.00118245241
421810,421820,428583,10,6763,2,36000,1.00147863374
422272,422282,427227,10,4945,2,36000,1.00202224469
422386,422395,428656,9,6261,2,36000,1.00143747005
422528,422536,429768,8,7232,2,36000,1.00110619469
422766,422777,428555,11,5778,2,36000,1.00190377293
423293,423302,428966,9,5664,2,36000,1.00158898305
423386,423396,429290,10,5894,2,36000,1.00169664065
423401,423407,429760,6,6353,2,36000,1.0009444357
423513,423523,428757,10,5234,2,36000,1.00191058464
423900,423908,429607,8,5699,2,36000,1.00140375504
423914,423922,429975,8,6053,2,36000,1.00132165868
424345,424353,432883,8,8530,2,36000,1.00093786635
424360,424366,431040,6,6674,2,36000,1.00089901109
424522,424532,433151,10,8619,2,36000,1.0011602274
424579,424588,430442,9,5854,2,36000,1.00153741032
424800,424809,432442,9,7633,2,36000,1.00117909079
425187,425195,431047,8,5852,2,36000,1.001367054
425202,425208,430595,6,5387,2,36000,1.00111379246
425338,425347,433594,9,8247,2,36000,1.00109130593
425380,425388,431239,8,5851,2,36000,1.00136728764
425455,425463,434061,8,8598,2,36000,1.00093044894
425545,425556,434198,11,8642,2,36000,1.00127285351
426203,426211,434061,8,7850,2,36000,1.00101910828
426288,426298,433028,10,6730,2,36000,1.0014858841
426324,426333,434510,9,8177,2,36000,1.00110064816
426427,426436,434370,9,7934,2,36000,1.00113435846
426466,426475,433717,9,7242,2,36000,1.00124275062
426467,426481,435104,14,8623,2,36000,1.00162356488
426619,426629,433002,10,6373,2,36000,1.00156911972
426650,426660,433542,10,6882,2,36000,1.00145306597
426795,426806,431613,11,4807,2,36000,1.00228832952
427190,427200,433072,10,5872,2,36000,1.00170299728
427233,427239,432188,6,4949,2,36000,1.00121236613
427489,427497,434456,8,6959,2,36000,1.00114959046
427611,427617,433411,6,5794,2,36000,1.00103555402
427950,427956,433940,6,5984,2,36000,1.0010026738
428557,428563,435128,6,6565,2,36000,1.00091393755
428584,428590,435459,6,6869,2,36000,1.00087348959
428659,428665,433808,6,5143,2,36000,1.00116663426
428759,428765,433984,6,5219,2,36000,1.00114964553
428829,437634,504475,8805,66841,144,172800,1.13173052468
428966,428972,434910,6,5938,2,36000,1.00101044123
428993,428999,436726,6,7727,2,36000,1.00077649799
429292,429298,435785,6,6487,2,36000,1.00092492678
429305,429311,429312,6,1,2,3540,1.0
429531,429537,434528,6,4991,2,36000,1.0012021639
429609,429616,436263,7,6647,2,36000,1.00105310666
429760,429766,436061,6,6295,2,36000,1.00095313741
429775,429781,434992,6,5211,2,36000,1.00115141048
429808,429814,436323,6,6509,2,36000,1.00092180058
429976,429982,436691,6,6709,2,36000,1.00089432106
430157,430163,435668,6,5505,2,36000,1.00108991826
430444,430450,436957,6,6507,2,36000,1.00092208391
430598,430604,435870,6,5266,2,36000,1.00113938473
431042,431048,436950,6,5902,2,36000,1.00101660454
431057,431063,436283,6,5220,2,36000,1.00114942529
431241,431247,440121,6,8874,2,36000,1.00067613252
431615,431621,439918,6,8297,2,36000,1.00072315295
432191,432197,437358,6,5161,2,36000,1.00116256539
432445,432451,437838,6,5387,2,36000,1.00111379246
432885,432891,441455,6,8564,2,36000,1.00070060719
433003,433009,438844,6,5835,2,36000,1.00102827763
433030,433036,439185,6,6149,2,36000,1.00097576842
433075,433081,438430,6,5349,2,36000,1.00112170499
433154,433160,439034,6,5874,2,36000,1.00102145046
433414,433420,440955,6,7535,2,36000,1.00079628401
433543,433549,439036,6,5487,2,36000,1.00109349371
433597,433603,438588,6,4985,2,36000,1.00120361083
433718,433724,439209,6,5485,2,36000,1.00109389243
433809,433816,440646,7,6830,2,36000,1.00102489019
433942,433948,439785,6,5837,2,36000,1.0010279253
433984,433990,439654,6,5664,2,36000,1.00105932203
434063,434069,439535,6,5466,2,36000,1.00109769484
434064,434075,439991,11,5916,2,36000,1.00185936444
434199,434206,440343,7,6137,2,36000,1.00114062245
434371,434378,441589,7,7211,2,36000,1.00097073915
434459,434465,443176,6,8711,2,36000,1.0006887843
434513,434519,440069,6,5550,2,36000,1.00108108108
434531,434537,440422,6,5885,2,36000,1.00101954121
434911,434917,440535,6,5618,2,36000,1.00106799573
434995,435001,442438,6,7437,2,36000,1.00080677693
435107,435113,443213,6,8100,2,36000,1.00074074074
435131,435137,441900,6,6763,2,36000,1.00088718025
435460,435466,443684,6,8218,2,36000,1.00073010465
435668,435675,441045,7,5370,2,36000,1.00130353818
435787,435793,441870,6,6077,2,36000,1.00098732927
435872,435878,444033,6,8155,2,36000,1.00073574494
436062,436068,441869,6,5801,2,36000,1.00103430443
436264,436270,441054,6,4784,2,36000,1.0012541806
436285,436291,443186,6,6895,2,36000,1.00087019579
436324,436330,441945,6,5615,2,36000,1.00106856634
436693,436699,443098,6,6399,2,36000,1.00093764651
436729,436735,445515,6,8780,2,36000,1.0006833713
436841,504486,511694,67645,7208,125,7200,10.3847114317
436953,436959,445433,6,8474,2,36000,1.00070804815
436967,436974,442064,7,5090,2,36000,1.00137524558
437361,437367,443310,6,5943,2,36000,1.00100959112
437839,437845,445647,6,7802,2,36000,1.00076903358
438431,438437,445974,6,7537,2,36000,1.00079607271
438591,438597,445300,6,6703,2,36000,1.00089512159
438846,438852,444709,6,5857,2,36000,1.00102441523
439036,439041,444702,5,5661,2,36000,1.00088323618
439050,439057,446104,7,7047,2,36000,1.0009933305
439186,439192,447227,6,8035,2,36000,1.00074673304
439210,439216,444382,6,5166,2,36000,1.00116144019
439536,439542,445914,6,6372,2,36000,1.00094161959
439657,439663,445149,6,5486,2,36000,1.00109369304
439787,439793,444853,6,5060,2,36000,1.00118577075
439919,439925,445600,6,5675,2,36000,1.00105726872
439991,439998,445967,7,5969,2,36000,1.00117272575
440073,440079,445674,6,5595,2,36000,1.00107238606
440123,440129,446982,6,6853,2,36000,1.00087552897
440347,440353,446859,6,6506,2,36000,1.00092222564
440422,440429,446101,7,5672,2,36000,1.00123413258
440537,440544,447520,7,6976,2,36000,1.00100344037
440649,440655,445551,6,4896,2,36000,1.0012254902
440958,440964,447356,6,6392,2,36000,1.00093867334
441046,441052,446640,6,5588,2,36000,1.00107372942
441061,441067,448437,6,7370,2,36000,1.00081411126
441458,441464,446835,6,5371,2,36000,1.00111711041
441591,441597,448621,6,7024,2,36000,1.00085421412
441872,441878,448686,6,6808,2,36000,1.0008813161
441873,441884,448766,11,6882,2,36000,1.00159837257
441903,441909,450238,6,8329,2,36000,1.00072037459
441945,441952,449116,7,7164,2,36000,1.00097710776
442066,442072,449190,6,7118,2,36000,1.00084293341
442441,442447,448261,6,5814,2,36000,1.00103199174
443102,443108,448317,6,5209,2,36000,1.00115185256
443179,443185,449539,6,6354,2,36000,1.00094428706
443194,443200,448971,6,5771,2,36000,1.00103968116
443215,443221,451859,6,8638,2,36000,1.00069460523
443311,443317,452030,6,8713,2,36000,1.00068862619
443685,443692,449867,7,6175,2,36000,1.00113360324
444036,444042,449837,6,5795,2,36000,1.00103537532
444384,444391,450412,7,6021,2,36000,1.00116259758
444709,444715,452416,6,7701,2,36000,1.00077911959
444725,444731,449929,6,5198,2,36000,1.00115429011
444856,444862,450771,6,5909,2,36000,1.00101540024
445156,445162,450672,6,5510,2,36000,1.00108892922
445301,445307,450622,6,5315,2,36000,1.00112888053
445434,445441,451928,7,6487,2,36000,1.00107908124
445516,445521,451856,5,6335,2,36000,1.00078926598
445552,445558,454527,6,8969,2,36000,1.0006689709
445603,445609,450604,6,4995,2,36000,1.0012012012
445648,445654,451484,6,5830,2,36000,1.00102915952
445676,445682,451387,6,5705,2,36000,1.00105170903
445917,445923,451347,6,5424,2,36000,1.00110619469
445968,445975,451638,7,5663,2,36000,1.00123609394
445984,445990,452140,6,6150,2,36000,1.00097560976
446108,446114,452016,6,5902,2,36000,1.00101660454
446109,446120,452635,11,6515,2,36000,1.00168841136
446643,446650,455122,7,8472,2,36000,1.00082625118
446838,446845,452610,7,5765,2,36000,1.00121422376
446862,446869,455638,7,8769,2,36000,1.00079826662
446983,446989,452480,6,5491,2,36000,1.00109269714
447228,447235,452786,7,5551,2,36000,1.00126103405
447359,447365,454280,6,6915,2,36000,1.00086767896
447523,447529,452837,6,5308,2,36000,1.00113036925
448266,448272,453680,6,5408,2,36000,1.00110946746
448320,448326,454342,6,6016,2,36000,1.00099734043
448438,448444,453301,6,4857,2,36000,1.00123533045
448584,448590,448692,6,102,1,1800,1.05882352941
448623,448630,454492,7,5862,2,36000,1.0011941317
448687,448693,456010,6,7317,2,36000,1.0008200082
448769,448775,454906,6,6131,2,36000,1.00097863318
448972,448978,455868,6,6890,2,36000,1.00087082729
449002,449008,449109,6,101,1,1800,1.05940594059
449117,449124,455387,7,6263,2,36000,1.00111767524
449193,449199,457170,6,7971,2,36000,1.00075272864
449396,449403,454553,7,5150,2,180000,1.0013592233
449541,449547,455213,6,5666,2,36000,1.00105894811
449673,449679,527161,6,77482,2,180000,1.00007743734
449718,449725,450213,7,488,1,1800,1.0143442623
449837,449844,455708,7,5864,2,36000,1.00119372442
449867,449874,458210,7,8336,2,36000,1.00083973129
449931,449937,457843,6,7906,2,36000,1.00075891728
450242,450248,455798,6,5550,2,36000,1.00108108108
450415,450421,456789,6,6368,2,36000,1.00094221106
450606,450612,456182,6,5570,2,36000,1.00107719928
450624,450630,456106,6,5476,2,36000,1.00109569028
450672,450679,456796,7,6117,2,36000,1.00114435181
450772,450778,459022,6,8244,2,36000,1.00072780204
451353,451359,459238,6,7879,2,36000,1.00076151796
451389,451395,456552,6,5157,2,36000,1.00116346713
451486,451492,459923,6,8431,2,36000,1.00071165935
451641,451647,459197,6,7550,2,36000,1.00079470199
451859,451865,457067,6,5202,2,36000,1.00115340254
451860,451871,459087,11,7216,2,36000,1.00152439024
451921,451927,451966,6,39,1,1800,1.15384615385
451931,451937,458208,6,6271,2,36000,1.0009567852
451990,451996,452038,6,42,1,1800,1.14285714286
452019,452025,457773,6,5748,2,36000,1.00104384134
452034,452040,460415,6,8375,2,36000,1.00071641791
452141,452147,458875,6,6728,2,36000,1.00089179548
452249,452255,452329,6,74,1,1800,1.08108108108
452358,452364,452440,6,76,1,1800,1.07894736842
452418,452424,458070,6,5646,2,36000,1.00106269926
452481,452487,458108,6,5621,2,36000,1.00106742572
452611,452617,458202,6,5585,2,36000,1.00107430618
452638,452644,458397,6,5753,2,36000,1.00104293412
452787,452793,457636,6,4843,2,36000,1.00123890151
452843,452849,461086,6,8237,2,36000,1.00072842054
452844,452855,453088,11,233,1,1800,1.04721030043
453291,453297,453567,6,270,1,1800,1.02222222222
453306,453312,459510,6,6198,2,36000,1.00096805421
453682,453688,459273,6,5585,2,36000,1.00107430618
454282,454288,462772,6,8484,2,36000,1.00070721358
454345,454352,459279,7,4927,2,36000,1.00142074285
454419,454426,454453,7,27,1,1800,1.25925925926
454494,454500,459489,6,4989,2,36000,1.00120264582
454530,454536,461337,6,6801,2,36000,1.0008822232
454754,454760,454821,6,61,1,1800,1.09836065574
454909,454915,461283,6,6368,2,36000,1.00094221106
455123,455129,463065,6,7936,2,36000,1.00075604839
455214,455220,460716,6,5496,2,36000,1.00109170306
455390,455396,462013,6,6617,2,36000,1.00090675533
455568,455574,455692,6,118,1,1800,1.05084745763
455641,455648,460767,7,5119,2,36000,1.00136745458
455711,455718,463685,7,7967,2,36000,1.00087862433
455799,455805,461231,6,5426,2,36000,1.00110578695
455871,455877,461355,6,5478,2,36000,1.00109529025
456013,456019,461506,6,5487,2,36000,1.00109349371
456107,456113,461960,6,5847,2,36000,1.00102616727
456182,456189,462177,7,5988,2,36000,1.00116900468
456554,456560,464013,6,7453,2,36000,1.00080504495
456790,456796,463730,6,6934,2,36000,1.00086530141
456791,504491,506337,47700,1846,60,1800,26.8396533044
456805,456811,461790,6,4979,2,36000,1.00120506126
457068,457074,463611,6,6537,2,36000,1.00091785223
457171,457177,463346,6,6169,2,36000,1.00097260496
457637,457643,462928,6,5285,2,36000,1.00113528855
457773,457779,464182,6,6403,2,36000,1.00093706075
457846,457852,465657,6,7805,2,36000,1.00076873799
458073,458079,466655,6,8576,2,36000,1.00069962687
458109,458115,463849,6,5734,2,36000,1.00104638995
458203,458209,466416,6,8207,2,36000,1.00073108322
458218,458224,465151,6,6927,2,36000,1.00086617583
458219,458230,466370,11,8140,2,36000,1.00135135135
458400,458407,464995,7,6588,2,36000,1.00106253795
458879,458885,465530,6,6645,2,36000,1.00090293454
459024,459030,464525,6,5495,2,36000,1.00109190173
459088,459094,464858,6,5764,2,36000,1.00104094379
459200,459206,466329,6,7123,2,36000,1.00084234171
459239,459245,467057,6,7812,2,36000,1.00076804916
459276,459282,467873,6,8591,2,36000,1.00069840531
459290,459297,464578,7,5281,2,36000,1.00132550653
459491,459497,467527,6,8030,2,36000,1.00074719801
459512,459518,465860,6,6342,2,36000,1.00094607379
459924,459930,466002,6,6072,2,36000,1.00098814229
460417,460423,468938,6,8515,2,36000,1.00070463887
460596,531216,533075,70620,1859,212,1800,38.9881656805
460716,460722,466634,6,5912,2,36000,1.00101488498
460767,460773,467870,6,7097,2,36000,1.00084542765
461089,461095,466838,6,5743,2,36000,1.00104475013
461234,461240,466239,6,4999,2,36000,1.00120024005
461285,461291,467201,6,5910,2,36000,1.00101522843
461339,461345,468517,6,7172,2,36000,1.00083658673
461357,461364,467865,7,6501,2,36000,1.00107675742
461508,461514,467456,6,5942,2,36000,1.00100976102
461790,461796,468893,6,7097,2,36000,1.00084542765
461962,461968,467322,6,5354,2,36000,1.00112065745
462016,462023,470120,7,8097,2,36000,1.00086451772
462180,462186,467274,6,5088,2,36000,1.00117924528
462352,462358,481985,6,19627,2,36000,1.00030570133
462776,462782,469025,6,6243,2,36000,1.00096107641
462931,462937,471460,6,8523,2,36000,1.00070397747
463043,463049,470463,6,7414,2,36000,1.00080927974
463067,463073,468076,6,5003,2,36000,1.00119928043
463347,463353,469335,6,5982,2,36000,1.00100300903
463614,463620,469578,6,5958,2,36000,1.00100704935
463687,463693,470649,6,6956,2,36000,1.00086256469
463732,463738,470735,6,6997,2,36000,1.00085751036
463791,463797,475167,6,11370,2,36000,1.00052770449
463850,463856,469910,6,6054,2,36000,1.00099108028
464013,464019,469494,6,5475,2,36000,1.00109589041
464186,464192,471084,6,6892,2,36000,1.00087057458
464526,464532,469896,6,5364,2,36000,1.00111856823
464581,464587,470608,6,6021,2,36000,1.00099651221
464860,464866,470716,6,5850,2,36000,1.00102564103
464996,465002,473440,6,8438,2,36000,1.00071106897
465153,465159,470647,6,5488,2,36000,1.00109329446
465531,465537,471458,6,5921,2,36000,1.00101334234
465658,465664,474204,6,8540,2,36000,1.00070257611
465864,465870,474577,6,8707,2,36000,1.00068910072
466003,466009,474134,6,8125,2,36000,1.00073846154
466226,466232,468005,6,1773,2,36000,1.00338409475
466240,466246,470999,6,4753,2,36000,1.00126236061
466331,466337,472498,6,6161,2,36000,1.00097386788
466373,466379,474864,6,8485,2,36000,1.00070713023
466418,466425,471529,7,5104,2,36000,1.00137147335
466634,466640,474999,6,8359,2,36000,1.00071778921
466658,466664,472029,6,5365,2,36000,1.00111835974
466841,466847,474073,6,7226,2,36000,1.0008303349
466900,466906,467180,6,274,4,18000,1.02189781022
467058,467065,472566,7,5501,2,36000,1.00127249591
467205,467211,472144,6,4933,2,36000,1.0012162984
467278,467284,474202,6,6918,2,36000,1.00086730269
467323,467329,473946,6,6617,2,36000,1.00090675533
467456,467463,473111,7,5648,2,36000,1.00123937677
467529,467536,472742,7,5206,2,36000,1.00134460238
467550,533087,576323,65537,43236,70,43200,2.515797021
467590,467596,469906,6,2310,2,36000,1.0025974026
467868,467874,475776,6,7902,2,36000,1.00075930144
467883,467890,472940,7,5050,2,36000,1.00138613861
467885,467895,473235,10,5340,2,36000,1.00187265918
467931,533102,571212,65171,38110,5,576000,2.71007609551
468079,468085,474418,6,6333,2,36000,1.00094741829
468136,468142,468167,6,25,4,1800,1.24
468179,468186,477948,7,9762,2,36000,1.00071706617
468485,468491,468517,6,26,6,1800,1.23076923077
468519,468525,474852,6,6327,2,36000,1.00094831674
468895,468901,474801,6,5900,2,36000,1.00101694915
468905,468911,495355,6,26444,16,28800,1.00022689457
468940,468947,474863,7,5916,2,36000,1.00118323191
469028,469034,477582,6,8548,2,36000,1.00070191858
469276,469283,469345,7,62,6,1800,1.11290322581
469338,469344,477690,6,8346,2,36000,1.00071890726
469392,469398,469794,6,396,6,1800,1.01515151515
469495,469501,475525,6,6024,2,36000,1.00099601594
469580,469586,474700,6,5114,2,36000,1.0011732499
469732,469739,469749,7,10,3,3600,1.7
469807,469814,469860,7,46,6,1800,1.15217391304
469899,469905,475339,6,5434,2,36000,1.001104159
469914,469920,477148,6,7228,2,36000,1.00083010515
470043,470049,470059,6,10,3,3600,1.6
470121,470127,475643,6,5516,2,36000,1.00108774474
470130,470136,470929,6,793,6,1800,1.00756620429
470610,470617,478445,7,7828,2,36000,1.00089422586
470650,470656,476253,6,5597,2,36000,1.00107200286
470651,470662,477576,11,6914,2,36000,1.00159097483
470717,470724,476061,7,5337,2,36000,1.00131159828
470735,470742,478402,7,7660,2,36000,1.00091383812
470984,470990,471369,6,379,6,1800,1.01583113456
471000,471006,476302,6,5296,2,36000,1.00113293051
471085,471091,478666,6,7575,2,36000,1.00079207921
471452,471458,473288,6,1830,4,1800,1.00327868852
471462,471468,477317,6,5849,2,36000,1.00102581638
471464,471474,479683,10,8209,2,36000,1.00121817517
471530,471536,479975,6,8439,2,36000,1.00071098471
472032,472038,478933,6,6895,2,36000,1.00087019579
472147,472153,477432,6,5279,2,36000,1.0011365789
472502,472508,478223,6,5715,2,36000,1.00104986877
472565,472572,479205,7,6633,2,36000,1.00105532941
472745,472751,479311,6,6560,2,36000,1.00091463415
472881,472887,493416,6,20529,12,43200,1.00029226947
472944,472950,479466,6,6516,2,36000,1.00092081031
473114,473120,479189,6,6069,2,36000,1.00098863075
473235,473242,478873,7,5631,2,36000,1.00124311845
473349,475178,492414,1829,17236,10,43200,1.10611510791
473442,473448,479696,6,6248,2,36000,1.0009603073
473948,473954,479591,6,5637,2,36000,1.00106439596
474075,474081,482506,6,8425,2,36000,1.00071216617
474111,533092,554809,58981,21717,14,43200,3.71589077681
474136,474142,482914,6,8772,2,36000,1.00068399453
474206,474212,479223,6,5011,2,36000,1.0011973658
474207,474218,479338,11,5120,2,36000,1.0021484375
474421,474427,479344,6,4917,2,36000,1.00122025625
474578,474585,483259,7,8674,2,36000,1.00080700945
474703,474709,480707,6,5998,2,36000,1.00100033344
474803,474809,481452,6,6643,2,36000,1.00090320638
474854,474860,481371,6,6511,2,36000,1.00092151743
474869,474875,482157,6,7282,2,36000,1.00082394946
474870,474881,480022,11,5141,2,36000,1.00213966154
475000,475007,480974,7,5967,2,36000,1.00117311882
475341,475347,481211,6,5864,2,36000,1.00102319236
475528,475534,480812,6,5278,2,36000,1.00113679424
475644,475650,484283,6,8633,2,36000,1.00069500753
475777,475783,481740,6,5957,2,36000,1.0010072184
476061,476068,481806,7,5738,2,36000,1.00121993726
476255,476261,484536,6,8275,2,36000,1.00072507553
476303,476310,484989,7,8679,2,36000,1.00080654453
477150,477156,482702,6,5546,2,36000,1.0010818608
477319,477326,483068,7,5742,2,36000,1.00121908743
477435,477441,483611,6,6170,2,36000,1.00097244733
477578,477584,484820,6,7236,2,36000,1.0008291874
477592,477598,483475,6,5877,2,36000,1.00102092905
477692,477698,482923,6,5225,2,36000,1.00114832536
478225,478231,484614,6,6383,2,36000,1.00093999687
478404,478410,485652,6,7242,2,36000,1.00082850041
478446,478452,484083,6,5631,2,36000,1.0010655301
478669,478676,485652,7,6976,2,36000,1.00100344037
478878,478884,484053,6,5169,2,36000,1.00116076611
478936,478942,485271,6,6329,2,36000,1.00094801706
479190,479196,485652,6,6456,2,36000,1.00092936803
479191,479202,484013,11,4811,2,36000,1.00228642694
479208,479234,484246,26,5012,2,36000,1.00518754988
479208,479217,485652,9,6435,2,36000,1.0013986014
479223,479349,484315,126,4966,2,36000,1.02537253323
479314,479355,485652,41,6297,2,36000,1.006511037
479314,479323,484458,9,5135,2,36000,1.0017526777
479341,479986,485652,645,5666,2,36000,1.11383692199
479341,479694,485652,353,5958,2,36000,1.05924806982
479356,479477,485652,121,6175,2,36000,1.0195951417
479469,479707,485652,238,5945,2,36000,1.04003364172
479469,479602,485652,133,6050,2,36000,1.02198347107
479593,482518,485652,2925,3134,2,36000,1.93331206126
479593,480033,485652,440,5619,2,36000,1.07830574835
479685,482925,485652,3240,2727,2,36000,2.18811881188
479698,483270,485652,3572,2382,2,36000,2.49958018472
479700,480718,485652,1018,4934,2,36000,1.2063234698
479979,481463,485652,1484,4189,2,36000,1.35426116018
480026,481382,485652,1356,4270,2,36000,1.31756440281
480030,482168,485652,2138,3484,2,36000,1.61366245695
480276,527173,639999,46897,112826,1,216000,1.41565773846
480707,480985,485652,278,4667,2,36000,1.05956717377
480707,481222,485652,515,4430,2,36000,1.11625282167
480813,480823,485652,10,4829,2,36000,1.00207082212
480975,484295,485652,3320,1357,2,36000,3.44657332351
480976,481751,485652,775,3901,2,36000,1.19866700846
481212,481817,485652,605,3835,2,36000,1.15775749674
481213,484548,485652,3335,1104,2,36000,4.02083333333
481373,485000,485652,3627,652,2,36000,6.56288343558
481376,482713,485652,1337,2939,2,36000,1.45491663831
481454,483079,485652,1625,2573,2,36000,1.63155849203
481454,483622,485652,2168,2030,2,36000,2.06798029557
481742,484832,485652,3090,820,2,36000,4.76829268293
481807,483486,485652,1679,2166,2,36000,1.77516158818
481808,482934,485652,1126,2718,2,36000,1.41427520235
482158,484625,485652,2467,1027,2,36000,3.40214216164
482507,484094,485652,1587,1558,2,36000,2.01861360719
482705,484064,485652,1359,1588,2,36000,1.85579345088
482917,485282,485652,2365,370,2,36000,7.39189189189
482931,484024,485652,1093,1628,2,36000,1.67137592138
483070,484257,485652,1187,1395,2,36000,1.85089605735
483262,484469,485652,1207,1183,2,36000,2.0202874049
483476,484326,485652,850,1326,2,36000,1.64102564103
483649,533113,747142,49464,214029,8,216000,1.23110886842
483900,504497,538956,20597,34459,2,43200,1.59772483241
484449,484455,493150,6,8695,2,36000,1.00069005175
484752,484758,493103,6,8345,2,36000,1.00071899341
485494,485501,485502,7,1,2,36000,1.0
485628,485634,486587,6,953,2,36000,1.00629590766
485955,485961,486490,6,529,2,36000,1.01134215501
485956,485967,486490,11,523,2,36000,1.02103250478
485958,485972,486490,14,518,2,36000,1.02702702703
485959,485977,486490,18,513,2,36000,1.0350877193
485960,485982,486490,22,508,2,36000,1.04330708661
485961,485988,486490,27,502,2,36000,1.05378486056
485963,485994,486490,31,496,2,36000,1.0625
485964,485999,486490,35,491,2,36000,1.07128309572
485965,486004,486490,39,486,2,36000,1.08024691358
485967,486009,486490,42,481,2,36000,1.08731808732
485968,486014,486490,46,476,2,36000,1.09663865546
485969,486020,486490,51,470,2,36000,1.1085106383
485971,486025,486490,54,465,2,36000,1.11612903226
485972,486030,486490,58,460,2,36000,1.12608695652
485973,486035,486490,62,455,2,36000,1.13626373626
485975,486040,486490,65,450,2,36000,1.14444444444
485976,486045,486490,69,445,2,36000,1.15505617978
485977,486051,486490,74,439,2,36000,1.16856492027
485978,486056,486490,78,434,2,36000,1.1797235023
485980,486061,486490,81,429,2,36000,1.18881118881
485982,486066,486490,84,424,2,36000,1.19811320755
485983,486071,486490,88,419,2,36000,1.21002386635
485984,486076,486490,92,414,2,36000,1.22222222222
485986,486082,486490,96,408,2,36000,1.23529411765
485987,486087,486490,100,403,2,36000,1.24813895782
485988,486092,486490,104,398,2,36000,1.26130653266
485990,486098,486490,108,392,2,36000,1.27551020408
485991,486103,486490,112,387,2,36000,1.28940568475
485992,486108,486490,116,382,2,36000,1.30366492147
485993,486113,486490,120,377,2,36000,1.31830238727
485995,486119,486490,124,371,2,36000,1.33423180593
485996,486124,486490,128,366,2,36000,1.34972677596
485997,486129,486490,132,361,2,36000,1.36565096953
485999,486134,486490,135,356,2,36000,1.37921348315
486000,486139,486490,139,351,2,36000,1.39601139601
486002,486144,486490,142,346,2,36000,1.41040462428
486004,486150,486490,146,340,2,36000,1.42941176471
486005,486155,486490,150,335,2,36000,1.44776119403
486006,486160,486490,154,330,2,36000,1.46666666667
486008,486165,486490,157,325,2,36000,1.48307692308
486558,486565,490420,7,3855,80,36000,1.00181582361
487162,487168,488245,6,1077,2,36000,1.00557103064
487445,527179,543309,39734,16130,1,360000,3.46336019839
487446,533123,575638,45677,42515,1,360000,2.07437375044
487446,533129,555702,45683,22573,1,360000,3.02378948301
487446,533150,588092,45704,54942,1,360000,1.83185905136
487446,533134,546004,45688,12870,1,360000,4.54996114996
487446,533139,544606,45693,11467,1,360000,4.98473881573
487446,533145,575933,45699,42788,1,360000,2.06803309339
487447,533161,560338,45714,27177,1,360000,2.68208411524
487447,533156,619499,45709,86343,1,360000,1.52938860128
490289,490431,490529,142,98,80,36000,2.44897959184
491649,491655,493087,6,1432,80,36000,1.00418994413
491782,492426,492442,644,16,3,1800,41.25
493509,493515,494459,6,944,80,36000,1.0063559322
493566,494470,495400,904,930,80,36000,1.97204301075
495680,495686,498304,6,2618,2,36000,1.00229182582
495681,495692,499149,11,3457,2,36000,1.00318194967
495683,495697,499755,14,4058,2,36000,1.00344997536
495684,495702,498493,18,2791,2,36000,1.00644930133
495685,495707,499765,22,4058,2,36000,1.00542138985
495687,495712,498861,25,3149,2,36000,1.00793902826
495688,495718,499228,30,3510,2,36000,1.00854700855
495689,495724,498292,35,2568,2,36000,1.01362928349
495691,495729,499345,38,3616,2,36000,1.01050884956
495692,495734,499481,42,3747,2,36000,1.01120896717
495693,495739,498986,46,3247,2,36000,1.01416692331
495694,495744,498556,50,2812,2,36000,1.01778093883
495696,495749,498894,53,3145,2,36000,1.01685214626
495697,495754,498354,57,2600,2,36000,1.02192307692
495698,495760,500880,62,5120,2,36000,1.012109375
495700,495765,499041,65,3276,2,36000,1.01984126984
495701,495770,498283,69,2513,2,36000,1.02745722244
495703,495775,498535,72,2760,2,36000,1.02608695652
495704,495780,499245,76,3465,2,36000,1.02193362193
495705,495785,499203,80,3418,2,36000,1.02340550029
495706,495791,498923,85,3132,2,36000,1.02713920817
495708,495796,498534,88,2738,2,36000,1.03214024836
495709,495801,498568,92,2767,2,36000,1.03324900614
495710,495806,500070,96,4264,2,36000,1.02251407129
495712,495811,498487,99,2676,2,36000,1.0369955157
495713,495816,498790,103,2974,2,36000,1.03463349025
495714,495823,499373,109,3550,2,36000,1.03070422535
495715,495828,499162,113,3334,2,36000,1.03389322136
495717,495833,498533,116,2700,2,36000,1.04296296296
495718,495838,499193,120,3355,2,36000,1.03576751118
495719,495844,500639,125,4795,2,36000,1.02606882169
495721,495849,499316,128,3467,2,36000,1.03691952697
495722,495854,498508,132,2654,2,36000,1.04973624717
495723,495859,498999,136,3140,2,36000,1.04331210191
495724,495864,499361,140,3497,2,36000,1.04003431513
495726,495869,499602,143,3733,2,36000,1.0383069917
495727,495875,498813,148,2938,2,36000,1.05037440436
495728,495880,500457,152,4577,2,36000,1.03320952589
495730,495885,500204,155,4319,2,36000,1.03588793702
495731,495890,498946,159,3056,2,36000,1.05202879581
497198,497204,497208,6,4,4,3600,1.0
497289,497295,497476,6,181,4,3600,1.03314917127
497583,533108,627556,35525,94448,4,252000,1.37613289853
498285,498295,502405,10,4110,2,36000,1.00243309002
498300,498306,501569,6,3263,2,36000,1.00183879865
498315,498321,501651,6,3330,2,36000,1.0018018018
498356,498365,502729,9,4364,2,36000,1.00206232814
498486,498498,501652,12,3154,2,36000,1.00380469245
498500,498506,501783,6,3277,2,36000,1.00183094294
498515,498521,502385,6,3864,2,36000,1.00155279503
498536,498544,502046,8,3502,2,36000,1.00228440891
498537,498550,501764,13,3214,2,36000,1.00404480398
498538,498555,501869,17,3314,2,36000,1.00512975256
498556,498567,501577,11,3010,2,36000,1.00365448505
498570,498579,501252,9,2673,2,36000,1.00336700337
498791,498801,501826,10,3025,2,36000,1.00330578512
498815,498824,503149,9,4325,2,36000,1.00208092486
498863,498872,501926,9,3054,2,36000,1.00294695481
498896,498905,502084,9,3179,2,36000,1.00283107896
498926,498935,502112,9,3177,2,36000,1.00283286119
498947,498957,503216,10,4259,2,36000,1.00234796901
498989,498998,501941,9,2943,2,36000,1.00305810398
499004,499010,501922,6,2912,2,36000,1.00206043956
499043,499052,503769,9,4717,2,36000,1.00190799237
499151,499160,502053,9,2893,2,36000,1.00311095748
499166,499173,502425,7,3252,2,36000,1.00215252153
499193,499204,502936,11,3732,2,36000,1.00294748124
499208,499213,502196,5,2983,2,36000,1.00167616493
499228,499240,502416,12,3176,2,36000,1.00377833753
499247,499257,502020,10,2763,2,36000,1.00361925443
499319,499328,502435,9,3107,2,36000,1.00289668491
499346,499356,502784,10,3428,2,36000,1.00291715286
499364,499372,504669,8,5297,2,36000,1.00151028884
499378,499384,502098,6,2714,2,36000,1.00221075903
499484,499493,502517,9,3024,2,36000,1.00297619048
499539,533097,688369,33558,155272,16,230400,1.21612396311
499605,499613,503890,8,4277,2,36000,1.00187046996
499756,499766,503405,10,3639,2,36000,1.00274800769
499770,499776,503080,6,3304,2,36000,1.00181598063
500073,500081,504499,8,4418,2,36000,1.00181077411
500205,500215,503798,10,3583,2,36000,1.0027909573
500460,500468,504414,8,3946,2,36000,1.00202736949
500641,500650,503523,9,2873,2,36000,1.00313261399
500881,500892,505256,11,4364,2,36000,1.00252062328
501253,501263,505688,10,4425,2,36000,1.00225988701
501570,501581,504758,11,3177,2,36000,1.0034623859
501585,501591,504931,6,3340,2,36000,1.00179640719
501652,501668,505116,16,3448,2,36000,1.00464037123
501653,501662,505487,9,3825,2,36000,1.00235294118
501768,501775,505122,7,3347,2,36000,1.00209142516
501783,501794,506669,11,4875,2,36000,1.00225641026
501829,501838,505856,9,4018,2,36000,1.00223992036
501872,501881,506214,9,4333,2,36000,1.00207708285
501923,501933,506551,10,4618,2,36000,1.00216543958
501938,501944,504734,6,2790,2,36000,1.00215053763
501954,501960,506419,6,4459,2,36000,1.00134559318
502021,502031,505983,10,3952,2,36000,1.00253036437
502047,502058,506406,11,4348,2,36000,1.0025298988
502062,502068,505463,6,3395,2,36000,1.00176730486
502086,502095,505113,9,3018,2,36000,1.00298210736
502101,502110,505292,9,3182,2,36000,1.00282840981
502115,502123,507305,8,5182,2,36000,1.00154380548
502200,502208,505359,8,3151,2,36000,1.00253887655
502386,502396,505354,10,2958,2,36000,1.00338066261
502407,502416,505292,9,2876,2,36000,1.00312934631
502421,502427,505287,6,2860,2,36000,1.0020979021
502436,502443,506056,7,3613,2,36000,1.0019374481
502438,502449,505189,11,2740,2,36000,1.00401459854
502519,502528,505433,9,2905,2,36000,1.00309810671
502730,502740,505589,10,2849,2,36000,1.00351000351
502787,502795,505795,8,3000,2,36000,1.00266666667
502938,502947,505534,9,2587,2,36000,1.00347893313
503083,503092,506929,9,3837,2,36000,1.00234558249
503152,503160,507026,8,3866,2,36000,1.0020693223
503218,503227,507721,9,4494,2,36000,1.00200267023
503406,503417,507307,11,3890,2,36000,1.0028277635
503523,503534,509076,11,5542,2,36000,1.00198484302
504662,504668,529899,6,25231,1,25200,1.0002378027
504958,504964,504965,6,1,2,3540,1.0
514757,514763,517812,6,3049,2,36000,1.00196785831
514758,514768,517951,10,3183,2,36000,1.00314169023
514759,514774,519367,15,4593,2,36000,1.00326583932
514760,514779,520573,19,5794,2,36000,1.0032792544
514762,514784,519693,22,4909,2,36000,1.00448156447
514763,514789,518285,26,3496,2,36000,1.00743707094
514764,514795,517836,31,3041,2,36000,1.01019401513
514765,514800,517942,35,3142,2,36000,1.01113940165
514767,514805,519099,38,4294,2,36000,1.00884955752
514768,514810,517966,42,3156,2,36000,1.01330798479
514769,514816,519561,47,4745,2,36000,1.00990516333
514770,514821,518041,51,3220,2,36000,1.01583850932
514772,514826,517195,54,2369,2,36000,1.02279442803
514773,514831,517419,58,2588,2,36000,1.02241112828
514774,514836,519334,62,4498,2,36000,1.01378390396
514776,514841,517655,65,2814,2,36000,1.02309879176
514777,514846,517665,69,2819,2,36000,1.02447676481
514778,514852,518659,74,3807,2,36000,1.01943787759
514780,514857,517903,77,3046,2,36000,1.0252790545
514781,514862,518682,81,3820,2,36000,1.02120418848
514782,514867,517938,85,3071,2,36000,1.02767828069
514783,514872,518202,89,3330,2,36000,1.02672672673
514785,514877,517451,92,2574,2,36000,1.03574203574
514786,514883,519418,97,4535,2,36000,1.02138919515
514787,514888,518956,101,4068,2,36000,1.02482792527
514789,514893,518163,104,3270,2,36000,1.03180428135
514791,514899,517832,108,2933,2,36000,1.03682236618
514792,514904,519894,112,4990,2,36000,1.02244488978
514793,514909,518096,116,3187,2,36000,1.03639786633
514794,514914,520860,120,5946,2,36000,1.02018163471
514796,514919,519000,123,4081,2,36000,1.03013967165
514797,514926,518240,129,3314,2,36000,1.03892576946
514798,514931,517883,133,2952,2,36000,1.04505420054
514800,514936,519891,136,4955,2,36000,1.02744702321
514801,514942,519550,141,4608,2,36000,1.03059895833
514802,514947,517707,145,2760,2,36000,1.05253623188
514804,514952,519558,148,4606,2,36000,1.03213200174
514805,514957,518252,152,3295,2,36000,1.04613050076
514806,514962,518097,156,3135,2,36000,1.04976076555
514807,514967,518400,160,3433,2,36000,1.04660646665
515810,515816,515817,6,1,2,3540,1.0
516157,516164,516167,7,3,1,3600,1.0
516229,516235,516237,6,2,1,3600,1.0
517197,517206,520127,9,2921,2,36000,1.0030811366
517421,517431,521932,10,4501,2,36000,1.0022217285
517454,517462,520971,8,3509,2,36000,1.00227985181
517657,517666,521446,9,3780,2,36000,1.00238095238
517672,517678,522618,6,4940,2,36000,1.0012145749
517708,517718,520753,10,3035,2,36000,1.00329489292
517813,517823,522780,10,4957,2,36000,1.0020173492
517834,517843,521460,9,3617,2,36000,1.00248824993
517849,517855,520941,6,3086,2,36000,1.00194426442
517885,517895,523335,10,5440,2,36000,1.00183823529
517906,517914,522147,8,4233,2,36000,1.00188991259
517941,517949,520789,8,2840,2,36000,1.00281690141
517957,517962,521916,5,3954,2,36000,1.00126454224
517958,517968,520842,10,2874,2,36000,1.00347947112
517973,517979,521740,6,3761,2,36000,1.00159532039
518042,518053,521395,11,3342,2,36000,1.00329144225
518101,518107,523181,6,5074,2,36000,1.00118249901
518102,518113,522152,11,4039,2,36000,1.0027234464
518165,518174,521518,9,3344,2,36000,1.00269138756
518204,518213,524061,9,5848,2,36000,1.00153898769
518243,518252,521415,9,3163,2,36000,1.00284539994
518258,518264,521688,6,3424,2,36000,1.00175233645
518288,518297,522101,9,3804,2,36000,1.0023659306
518403,518411,522041,8,3630,2,36000,1.00220385675
518660,518671,521420,11,2749,2,36000,1.00400145507
518683,518693,522589,10,3896,2,36000,1.00256673511
518958,518968,523528,10,4560,2,36000,1.00219298246
519003,519012,522348,9,3336,2,36000,1.00269784173
519100,519110,522235,10,3125,2,36000,1.0032
519336,519345,523367,9,4022,2,36000,1.00223769269
519363,519378,522372,15,2994,2,36000,1.00501002004
519420,519429,522042,9,2613,2,36000,1.00344431688
519550,519561,522925,11,3364,2,36000,1.00326991677
519566,519571,523397,5,3826,2,36000,1.00130684788
519567,519578,522414,11,2836,2,36000,1.0038787024
519697,519705,522702,8,2997,2,36000,1.002669336
519893,519903,523225,10,3322,2,36000,1.0030102348
519908,519914,524007,6,4093,2,36000,1.00146591742
520129,520138,523210,9,3072,2,36000,1.0029296875
520575,520584,526313,9,5729,2,36000,1.00157095479
520756,520764,524251,8,3487,2,36000,1.00229423573
520790,520800,523729,10,2929,2,36000,1.00341413452
520844,520854,525795,10,4941,2,36000,1.00202388181
520861,520871,524207,10,3336,2,36000,1.00299760192
520943,520952,524212,9,3260,2,36000,1.0027607362
520973,520982,525034,9,4052,2,36000,1.00222112537
521397,521407,525815,10,4408,2,36000,1.00226860254
521418,521427,525816,9,4389,2,36000,1.002050581
521433,521439,524198,6,2759,2,36000,1.00217470098
521448,521457,524409,9,2952,2,36000,1.00304878049
521463,521472,527215,9,5743,2,36000,1.0015671252
521521,521530,525343,9,3813,2,36000,1.00236034618
521691,521700,526113,9,4413,2,36000,1.00203942896
521743,521751,525142,8,3391,2,36000,1.00235918608
521917,521927,525075,10,3148,2,36000,1.00317662008
521936,521943,524957,7,3014,2,36000,1.00232249502
522042,522052,525029,10,2977,2,36000,1.00335908633
522057,522063,526335,6,4272,2,36000,1.00140449438
522102,522112,527050,10,4938,2,36000,1.00202511138
522148,522158,525028,10,2870,2,36000,1.00348432056
522163,522169,525945,6,3776,2,36000,1.00158898305
522236,522246,526185,10,3939,2,36000,1.00253871541
522361,522367,525897,6,3530,2,36000,1.00169971671
522376,522383,525454,7,3071,2,36000,1.00227938782
522416,522425,525744,9,3319,2,36000,1.00271166014
522591,522600,527068,9,4468,2,36000,1.00201432408
522618,522629,525841,11,3212,2,36000,1.00342465753
522704,522713,526982,9,4269,2,36000,1.00210822207
522783,522791,528744,8,5953,2,36000,1.00134386024
522926,522936,526021,10,3085,2,36000,1.00324149109
523183,523192,526721,9,3529,2,36000,1.00255029753
523213,523221,527045,8,3824,2,36000,1.00209205021
523228,523237,526558,9,3321,2,36000,1.0027100271
523337,523346,526689,9,3343,2,36000,1.00269219264
523370,523378,528147,8,4769,2,36000,1.00167750052
523400,523408,526744,8,3336,2,36000,1.00239808153
523529,523539,527658,10,4119,2,36000,1.00242777373
523732,523740,528173,8,4433,2,36000,1.00180464697
524011,524019,528158,8,4139,2,36000,1.00193283402
524062,524072,527717,10,3645,2,36000,1.00274348422
524201,524209,527526,8,3317,2,36000,1.00241181791
524216,524222,527357,6,3135,2,36000,1.0019138756
524217,524228,527824,11,3596,2,36000,1.00305895439
524253,524263,528284,10,4021,2,36000,1.00248694355
524411,524420,527409,9,2989,2,36000,1.00301104048
524959,524968,528646,9,3678,2,36000,1.00244698206
525030,525039,528389,9,3350,2,36000,1.00268656716
525032,525045,530829,13,5784,2,36000,1.00224757953
525046,525053,530412,7,5359,2,36000,1.00130621385
525077,525086,529090,9,4004,2,36000,1.00224775225
525143,525153,528021,10,2868,2,36000,1.00348675035
525346,525354,528101,8,2747,2,36000,1.00291226793
525458,525466,529169,8,3703,2,36000,1.00216041048
525745,525755,528840,10,3085,2,36000,1.00324149109
525796,525806,530332,10,4526,2,36000,1.00220945647
525817,525832,528753,15,2921,2,36000,1.00513522766
525819,525826,529943,7,4117,2,36000,1.00170026718
525843,525853,530635,10,4782,2,36000,1.00209117524
525900,525909,529463,9,3554,2,36000,1.00253235791
525945,525956,528851,11,2895,2,36000,1.00379965458
526022,526032,530599,10,4567,2,36000,1.0021896212
526115,526124,529086,9,2962,2,36000,1.00303848751
526188,526197,532101,9,5904,2,36000,1.00152439024
526314,526324,530367,10,4043,2,36000,1.00247341083
526335,526346,529619,11,3273,2,36000,1.00336083104
526562,526570,529382,8,2812,2,36000,1.00284495021
526694,526700,531338,6,4638,2,36000,1.00129366106
526724,526732,532639,8,5907,2,36000,1.00135432538
526745,526755,532537,10,5782,2,36000,1.00172950536
526983,526993,531723,10,4730,2,36000,1.0021141649
527047,527056,530390,9,3334,2,36000,1.00269946011
527062,527068,530915,6,3847,2,36000,1.00155965688
527076,527083,530614,7,3531,2,36000,1.00198244123
527216,527226,531892,10,4666,2,36000,1.00214316331
527358,527368,530243,10,2875,2,36000,1.00347826087
527413,527420,530117,7,2697,2,36000,1.00259547646
527528,527537,530770,9,3233,2,36000,1.00278379214
527660,527669,533374,9,5705,2,36000,1.00157756354
527718,527728,531811,10,4083,2,36000,1.00244917952
527827,527835,531238,8,3403,2,36000,1.00235086688
528024,528032,531039,8,3007,2,36000,1.00266045893
528103,528113,533180,10,5067,2,36000,1.00197355437
528148,528159,531042,11,2883,2,36000,1.00381547
528163,528169,532400,6,4231,2,36000,1.00141810447
528178,528183,531723,5,3540,2,36000,1.00141242938
528287,528295,531321,8,3026,2,36000,1.00264375413
528389,528400,533830,11,5430,2,36000,1.00202578269
528647,528657,532351,10,3694,2,36000,1.00270709258
528746,528755,534168,9,5413,2,36000,1.00166266396
528761,528767,532998,6,4231,2,36000,1.00141810447
528842,528851,531662,9,2811,2,36000,1.00320170758
528857,528864,532535,7,3671,2,36000,1.00190683737
529087,529097,531986,10,2889,2,36000,1.00346140533
529102,529108,533397,6,4289,2,36000,1.00139892749
529171,529181,532866,10,3685,2,36000,1.00271370421
529382,529393,532514,11,3121,2,36000,1.00352451137
529464,529474,533970,10,4496,2,36000,1.00222419929
529623,529630,532972,7,3342,2,36000,1.00209455416
529947,529954,533690,7,3736,2,36000,1.00187366167
530121,530128,535959,7,5831,2,36000,1.00120048019
530247,530254,534390,7,4136,2,36000,1.00169245648
530337,530343,533975,6,3632,2,36000,1.00165198238
530370,530378,533252,8,2874,2,36000,1.0027835769
530391,530401,533999,10,3598,2,36000,1.00277932185
530415,530423,533596,8,3173,2,36000,1.00252127324
530604,530610,533960,6,3350,2,36000,1.00179104478
530619,530625,534314,6,3689,2,36000,1.00162645703
530637,530646,534504,9,3858,2,36000,1.00233281493
530773,530781,534496,8,3715,2,36000,1.00215343203
530830,530841,534877,11,4036,2,36000,1.00272547076
530920,530925,535323,5,4398,2,36000,1.0011368804
531041,531050,534943,9,3893,2,36000,1.00231184177
531056,531062,534747,6,3685,2,36000,1.00162822252
531241,531249,535895,8,4646,2,36000,1.00172191132
531323,531332,534789,9,3457,2,36000,1.00260341336
531341,531350,534591,9,3241,2,36000,1.0027769207
531667,531673,535019,6,3346,2,36000,1.00179318589
531725,531734,534863,9,3129,2,36000,1.00287631831
531726,531739,535364,13,3625,2,36000,1.0035862069
531814,531823,535818,9,3995,2,36000,1.00225281602
531895,531904,536017,9,4113,2,36000,1.00218818381
531989,531998,534930,9,2932,2,36000,1.00306957708
532104,532113,535122,9,3009,2,36000,1.00299102692
532352,532363,535031,11,2668,2,36000,1.00412293853
532403,532412,536085,9,3673,2,36000,1.0024503131
532515,532525,535628,10,3103,2,36000,1.00322268772
532536,532547,536088,11,3541,2,36000,1.0031064671
532551,532557,535706,6,3149,2,36000,1.00190536678
532642,532650,537882,8,5232,2,36000,1.00152905199
532869,532878,538781,9,5903,2,36000,1.00152464848
532974,532983,536659,9,3676,2,36000,1.00244831338
533001,533009,538865,8,5856,2,36000,1.00136612022
533186,533192,536691,6,3499,2,36000,1.00171477565
533252,533263,535962,11,2699,2,36000,1.00407558355
533377,533386,537449,9,4063,2,36000,1.00221511199
533401,533409,539376,8,5967,2,36000,1.00134070722
533598,533607,536634,9,3027,2,36000,1.00297324083
533691,533701,537036,10,3335,2,36000,1.00299850075
533831,533841,536668,10,2827,2,36000,1.00353731871
533961,533971,538411,10,4440,2,36000,1.00225225225
533977,533983,537681,6,3698,2,36000,1.00162249865
533978,533989,537600,11,3611,2,36000,1.00304624758
534002,534010,537005,8,2995,2,36000,1.00267111853
534172,534180,537354,8,3174,2,36000,1.00252047889
534317,534325,540221,8,5896,2,36000,1.0013568521
534393,534401,537823,8,3422,2,36000,1.00233781414
534498,534507,537366,9,2859,2,36000,1.00314795383
534513,534520,537607,7,3087,2,36000,1.0022675737
534592,534602,537844,10,3242,2,36000,1.00308451573
534750,534758,540523,8,5765,2,36000,1.0013876843
534792,534801,539427,9,4626,2,36000,1.00194552529
534865,534874,537811,9,2937,2,36000,1.00306435138
534880,534889,537997,9,3108,2,36000,1.0028957529
534934,534941,540813,7,5872,2,36000,1.00119209809
534949,534955,538484,6,3529,2,36000,1.00170019836
535022,535030,539279,8,4249,2,36000,1.00188279595
535037,535043,540539,6,5496,2,36000,1.00109170306
535062,535068,535171,6,103,1,1800,1.05825242718
535125,535133,540414,8,5281,2,36000,1.00151486461
535326,535334,540394,8,5060,2,36000,1.00158102767
535365,535375,540885,10,5510,2,36000,1.00181488203
535477,535483,535583,6,100,1,1800,1.06
535630,535639,540376,9,4737,2,36000,1.00189993667
535708,535717,538481,9,2764,2,36000,1.00325615051
535820,535829,538705,9,2876,2,36000,1.00312934631
535899,535907,539622,8,3715,2,36000,1.00215343203
535962,535970,538990,8,3020,2,36000,1.00264900662
535977,535983,538719,6,2736,2,36000,1.00219298246
536019,536029,539667,10,3638,2,36000,1.00274876306
536086,536096,539051,10,2955,2,36000,1.00338409475
536101,536107,541081,6,4974,2,36000,1.00120627262
536180,536186,536673,6,487,1,1800,1.01232032854
536637,536645,541037,8,4392,2,36000,1.00182149362
536661,536670,541112,9,4442,2,36000,1.00202611436
536677,536683,540724,6,4041,2,36000,1.00148478099
536695,536703,541320,8,4617,2,36000,1.00173272688
537007,537016,539817,9,2801,2,36000,1.00321313816
537037,537047,540213,10,3166,2,36000,1.0031585597
537356,537365,541612,9,4247,2,36000,1.00211914292
537371,537377,540240,6,2863,2,36000,1.00209570381
537452,537460,540937,8,3477,2,36000,1.00230083405
537601,537611,540868,10,3257,2,36000,1.0030703101
537616,537622,540618,6,2996,2,36000,1.00200267023
537682,537692,541522,10,3830,2,36000,1.00261096606
537812,537823,542646,11,4823,2,36000,1.00228073813
537828,537833,543695,5,5862,2,36000,1.00085295121
537846,537856,541650,10,3794,2,36000,1.00263574064
537885,537893,542255,8,4362,2,36000,1.00183402109
538000,538008,542509,8,4501,2,36000,1.0017773828
538354,538360,538398,6,38,1,1800,1.15789473684
538392,538398,538437,6,39,1,1800,1.15384615385
538415,538423,541096,8,2673,2,36000,1.00299289188
538482,538492,542482,10,3990,2,36000,1.00250626566
538497,538503,544284,6,5781,2,36000,1.00103788272
538706,538716,544391,10,5675,2,36000,1.00176211454
538719,538725,538794,6,69,1,1800,1.08695652174
538721,538731,544660,10,5929,2,36000,1.00168662506
538721,538736,538807,15,71,1,1800,1.21126760563
538782,538792,543348,10,4556,2,36000,1.00219490781
538867,538876,543234,9,4358,2,36000,1.00206516751
538991,539001,542339,10,3338,2,36000,1.00299580587
539051,539062,543107,11,4045,2,36000,1.00271940667
539282,539290,543391,8,4101,2,36000,1.00195074372
539324,539330,539570,6,240,1,1800,1.025
539379,539388,542490,9,3102,2,36000,1.00290135397
539431,539439,543887,8,4448,2,36000,1.00179856115
539628,539634,542467,6,2833,2,36000,1.00211789622
539648,539654,539917,6,263,1,1800,1.02281368821
539667,539678,545592,11,5914,2,36000,1.00185999324
539819,539829,542440,10,2611,2,36000,1.00382995021
540218,540224,543457,6,3233,2,36000,1.00185586143
540234,540240,543429,6,3189,2,36000,1.00188146754
540248,540254,543259,6,3005,2,36000,1.00199667221
540379,540387,544365,8,3978,2,36000,1.00201106083
540397,540405,544460,8,4055,2,36000,1.001972873
540415,540425,543281,10,2856,2,36000,1.00350140056
540524,540534,543843,10,3309,2,36000,1.00302206105
540542,540550,544087,8,3537,2,36000,1.00226180379
540619,540630,546541,11,5911,2,36000,1.00186093724
540725,540735,544124,10,3389,2,36000,1.00295072293
540816,540825,546776,9,5951,2,36000,1.00151235087
540870,540879,544214,9,3335,2,36000,1.00269865067
540888,540896,543362,8,2466,2,36000,1.00324412003
540918,540924,540951,6,27,1,1800,1.22222222222
540940,540948,543825,8,2877,2,36000,1.00278067431
541040,541048,544609,8,3561,2,36000,1.00224655996
541083,541092,545008,9,3916,2,36000,1.00229826353
541098,541107,545145,9,4038,2,36000,1.00222882615
541116,541124,545525,8,4401,2,36000,1.00181776869
541249,541255,541315,6,60,1,1800,1.1
541323,541331,544600,8,3269,2,36000,1.00244723157
541523,541534,545583,11,4049,2,36000,1.00271672018
541614,541624,544985,10,3361,2,36000,1.00297530497
541650,541661,546197,11,4536,2,36000,1.00242504409
542022,542028,542148,6,120,1,1800,1.05
542258,542266,545733,8,3467,2,36000,1.00230747044
542340,542350,546988,10,4638,2,36000,1.00215610177
542443,542451,545809,8,3358,2,36000,1.00238237046
542471,542479,546448,8,3969,2,36000,1.00201562106
542486,542493,547510,7,5017,2,36000,1.00139525613
542501,542507,545999,6,3492,2,36000,1.00171821306
542515,542522,547042,7,4520,2,36000,1.00154867257
542649,542657,547475,8,4818,2,36000,1.00166044002
543108,543118,546512,10,3394,2,36000,1.00294637596
543235,543245,546116,10,2871,2,36000,1.00348310693
543263,543271,548980,8,5709,2,36000,1.0014012962
543284,543292,547094,8,3802,2,36000,1.00210415571
543354,543359,546450,5,3091,2,36000,1.00161759948
543369,543375,546960,6,3585,2,36000,1.00167364017
543393,543402,546557,9,3155,2,36000,1.0028526149
543430,543440,546067,10,2627,2,36000,1.00380662352
543458,543469,546836,11,3367,2,36000,1.00326700327
543692,543706,546762,14,3056,2,36000,1.00458115183
543826,543836,547511,10,3675,2,36000,1.00272108844
543844,543854,548262,10,4408,2,36000,1.00226860254
543890,543898,548310,8,4412,2,36000,1.00181323663
544090,544098,548182,8,4084,2,36000,1.00195886386
544126,544135,548949,9,4814,2,36000,1.00186954715
544218,544225,548848,7,4623,2,36000,1.00151416829
544284,544295,549528,11,5233,2,36000,1.00210204472
544366,544376,547771,10,3395,2,36000,1.0029455081
544393,544402,548459,9,4057,2,36000,1.00221838797
544461,544472,548727,11,4255,2,36000,1.00258519389
544603,544611,550179,8,5568,2,36000,1.00143678161
544618,544624,547304,6,2680,2,36000,1.00223880597
544663,544671,549496,8,4825,2,36000,1.00165803109
544987,544996,549222,9,4226,2,36000,1.00212967345
545011,545020,548880,9,3860,2,36000,1.00233160622
545148,545157,547867,9,2710,2,36000,1.00332103321
545527,545537,548459,10,2922,2,36000,1.00342231348
545585,545594,548828,9,3234,2,36000,1.00278293135
545599,545605,549190,6,3585,2,36000,1.00167364017
545735,545744,549193,9,3449,2,36000,1.00260945202
545811,545820,551624,9,5804,2,36000,1.00155065472
546002,546010,550333,8,4323,2,36000,1.00185056674
546069,546078,549744,9,3666,2,36000,1.00245499182
546117,546127,550182,10,4055,2,36000,1.00246609125
546199,546208,549963,9,3755,2,36000,1.00239680426
546450,546459,551180,9,4721,2,36000,1.00190637577
546451,546465,549253,14,2788,2,36000,1.0050215208
546517,546523,552430,6,5907,2,36000,1.00101574403
546544,546553,549263,9,2710,2,36000,1.00332103321
546559,546568,550021,9,3453,2,36000,1.00260642919
546765,546774,550308,9,3534,2,36000,1.0025466893
546780,546787,549650,7,2863,2,36000,1.00244498778
546838,546847,550336,9,3489,2,36000,1.00257953568
546962,546971,550235,9,3264,2,36000,1.00275735294
546989,547000,550176,11,3176,2,36000,1.00346347607
547043,547053,553102,10,6049,2,36000,1.00165316581
547095,547105,551119,10,4014,2,36000,1.00249128052
547306,547315,550820,9,3505,2,36000,1.00256776034
547483,547490,550396,7,2906,2,36000,1.00240880936
547511,547521,551250,10,3729,2,36000,1.0026816841
547525,547532,551636,7,4104,2,36000,1.00170565302
547774,547783,550764,9,2981,2,36000,1.0030191211
547868,547879,553826,11,5947,2,36000,1.0018496721
548010,747153,779608,199143,32455,212,32400,7.13597288553
548184,548193,551716,9,3523,2,36000,1.00255464093
548266,548273,554102,7,5829,2,36000,1.00120089209
548311,548322,554269,11,5947,2,36000,1.0018496721
548463,548471,551492,8,3021,2,36000,1.00264812976
548464,548476,551949,12,3473,2,36000,1.00345522603
548728,548738,552312,10,3574,2,36000,1.00279798545
548831,548840,551410,9,2570,2,36000,1.00350194553
548851,548859,552583,8,3724,2,36000,1.00214822771
548881,548891,554361,10,5470,2,36000,1.00182815356
548952,548960,551821,8,2861,2,36000,1.0027962251
548982,548992,551929,10,2937,2,36000,1.00340483487
549192,549201,552651,9,3450,2,36000,1.00260869565
549207,549213,552177,6,2964,2,36000,1.0020242915
549224,549230,556440,6,7210,60,7200,1.00083217753
549225,549236,555156,11,5920,2,36000,1.00185810811
549255,549265,551950,10,2685,2,36000,1.00372439479
549270,549276,553403,6,4127,2,36000,1.00145384056
549497,549507,552618,10,3111,2,36000,1.00321440051
549531,549540,554141,9,4601,2,36000,1.0019560965
549652,549662,552413,10,2751,2,36000,1.0036350418
549746,549755,553281,9,3526,2,36000,1.00255246739
549966,549975,552900,9,2925,2,36000,1.00307692308
550024,550032,553641,8,3609,2,36000,1.00221668052
550179,550187,553918,8,3731,2,36000,1.00214419727
550180,550193,554426,13,4233,2,36000,1.00307110796
550195,550202,553697,7,3495,2,36000,1.00200286123
550238,550246,554417,8,4171,2,36000,1.00191800527
550311,550319,554233,8,3914,2,36000,1.00204394481
550335,550344,556294,9,5950,2,36000,1.00151260504
550350,550357,554124,7,3767,2,36000,1.00185824263
550399,550407,555967,8,5560,2,36000,1.00143884892
550765,550775,555016,10,4241,2,36000,1.00235793445
550823,550831,553889,8,3058,2,36000,1.00261608895
551122,551130,555990,8,4860,2,36000,1.00164609053
551182,551191,554709,9,3518,2,36000,1.00255827175
551252,551261,554031,9,2770,2,36000,1.00324909747
551412,551421,556356,9,4935,2,36000,1.00182370821
551493,551503,557038,10,5535,2,36000,1.00180668473
551627,551636,555873,9,4237,2,36000,1.00212414444
551642,551648,557218,6,5570,2,36000,1.00107719928
551718,551727,556319,9,4592,2,36000,1.00195993031
551824,551833,557552,9,5719,2,36000,1.0015737017
551930,551940,556657,10,4717,2,36000,1.00211999152
551952,551960,555275,8,3315,2,36000,1.002413273
551954,551966,555715,12,3749,2,36000,1.00320085356
552178,552188,554947,10,2759,2,36000,1.00362450163
552314,552323,556270,9,3947,2,36000,1.00228021282
552416,552424,555568,8,3144,2,36000,1.00254452926
552431,552441,556600,10,4159,2,36000,1.00240442414
552585,552594,555321,9,2727,2,36000,1.00330033003
552619,552629,557551,10,4922,2,36000,1.00203169443
552652,552662,556125,10,3463,2,36000,1.00288766965
552902,552911,556208,9,3297,2,36000,1.00272975432
553103,553113,556006,10,2893,2,36000,1.00345661943
553284,553292,558809,8,5517,2,36000,1.00145006344
553405,553415,556773,10,3358,2,36000,1.00297796307
553642,553652,556754,10,3102,2,36000,1.00322372663
553699,553708,556672,9,2964,2,36000,1.00303643725
553829,553837,557078,8,3241,2,36000,1.00246837396
553889,553900,557300,11,3400,2,36000,1.00323529412
553919,553929,559243,10,5314,2,36000,1.0018818216
554031,554042,557573,11,3531,2,36000,1.0031152648
554104,554114,558597,10,4483,2,36000,1.00223064912
554125,554136,558769,11,4633,2,36000,1.00237427153
554143,554152,557708,9,3556,2,36000,1.00253093363
554234,554244,559158,10,4914,2,36000,1.00203500204
554270,554280,558313,10,4033,2,36000,1.00247954376
554364,554372,560272,8,5900,2,36000,1.0013559322
554419,554428,557371,9,2943,2,36000,1.00305810398
554434,554440,557417,6,2977,2,36000,1.0020154518
554712,554720,558189,8,3469,2,36000,1.0023061401
554948,554958,558531,10,3573,2,36000,1.00279876854
555018,555027,558504,9,3477,2,36000,1.00258843831
555157,555167,558279,10,3112,2,36000,1.00321336761
555278,555286,561026,8,5740,2,36000,1.00139372822
555323,555332,561126,9,5794,2,36000,1.00155333103
555569,555579,558693,10,3114,2,36000,1.00321130379
555717,555726,560081,9,4355,2,36000,1.00206659013
555873,555884,559810,11,3926,2,36000,1.00280183393
555970,555979,560506,9,4527,2,36000,1.00198807157
555991,556001,559333,10,3332,2,36000,1.00300120048
556009,556018,561989,9,5971,2,36000,1.00150728521
556126,556136,560296,10,4160,2,36000,1.00240384615
556211,556219,560043,8,3824,2,36000,1.00209205021
556271,556281,559282,10,3001,2,36000,1.00333222259
556296,556305,559775,9,3470,2,36000,1.00259365994
556320,556330,559913,10,3583,2,36000,1.0027909573
556359,556367,561468,8,5101,2,36000,1.00156831994
556601,556612,560656,11,4044,2,36000,1.00272007913
556658,556668,559618,10,2950,2,36000,1.00338983051
556674,556684,559889,10,3205,2,36000,1.0031201248
556756,556766,559867,10,3101,2,36000,1.0032247662
556774,556784,561553,10,4769,2,36000,1.00209687566
557040,557049,560905,9,3856,2,36000,1.0023340249
557080,557089,561012,9,3923,2,36000,1.00229416263
557219,557230,560119,11,2889,2,36000,1.00380754586
557250,557256,564495,6,7239,60,7200,1.00082884376
557301,557311,562134,10,4823,2,36000,1.0020733983
557373,557383,562388,10,5005,2,36000,1.001998002
557419,557429,561100,10,3671,2,36000,1.00272405339
557552,557563,560447,11,2884,2,36000,1.00381414702
557567,557573,561026,6,3453,2,36000,1.00173761946
557582,557588,561239,6,3651,2,36000,1.00164338537
557709,557719,562458,10,4739,2,36000,1.00211014982
558191,558200,561244,9,3044,2,36000,1.00295663601
558281,558290,564202,9,5912,2,36000,1.00152232747
558314,558324,562050,10,3726,2,36000,1.00268384326
558506,558515,561492,9,2977,2,36000,1.0030231777
558533,558542,562961,9,4419,2,36000,1.00203665988
558600,558608,563258,8,4650,2,36000,1.00172043011
558697,558704,563000,7,4296,2,36000,1.00162942272
558772,558780,561946,8,3166,2,36000,1.00252684776
558812,558820,562670,8,3850,2,36000,1.00207792208
559160,559169,562555,9,3386,2,36000,1.00265800354
559244,559255,563900,11,4645,2,36000,1.00236813778
559284,559293,562031,9,2738,2,36000,1.00328707085
559335,559344,562489,9,3145,2,36000,1.00286168521
559619,559630,563006,11,3376,2,36000,1.00325829384
559777,559786,563777,9,3991,2,36000,1.00225507392
559813,559821,562623,8,2802,2,36000,1.0028551035
559870,559879,563182,9,3303,2,36000,1.00272479564
559891,559900,562830,9,2930,2,36000,1.00307167235
559915,559924,563604,9,3680,2,36000,1.00244565217
560045,560054,563301,9,3247,2,36000,1.00277178934
560082,560092,563191,10,3099,2,36000,1.00322684737
560121,560131,564111,10,3980,2,36000,1.00251256281
560273,560283,564076,10,3793,2,36000,1.00263643554
560300,560308,563877,8,3569,2,36000,1.00224152424
560448,560458,563888,10,3430,2,36000,1.0029154519
560509,560517,564092,8,3575,2,36000,1.00223776224
560659,560668,565997,9,5329,2,36000,1.00168887221
560906,560916,566685,10,5769,2,36000,1.00173340267
561016,561023,566600,7,5577,2,36000,1.0012551551
561031,561037,565356,6,4319,2,36000,1.00138921047
561032,561043,563851,11,2808,2,36000,1.00391737892
561102,561111,563932,9,2821,2,36000,1.00319035803
561129,561137,564506,8,3369,2,36000,1.00237459187
561242,561251,565894,9,4643,2,36000,1.0019384019
561257,561263,563945,6,2682,2,36000,1.00223713647
561470,561480,564281,10,2801,2,36000,1.00357015352
561494,561503,565435,9,3932,2,36000,1.0022889115
561555,561564,564395,9,2831,2,36000,1.00317908866
561946,561957,565068,11,3111,2,36000,1.00353584057
561992,562000,565676,8,3676,2,36000,1.00217627856
562034,562042,565730,8,3688,2,36000,1.0021691974
562053,562061,565694,8,3633,2,36000,1.00220203688
562135,562145,566875,10,4730,2,36000,1.0021141649
562390,562400,565652,10,3252,2,36000,1.00307503075
562460,562470,567251,10,4781,2,36000,1.00209161263
562490,562500,567890,10,5390,2,36000,1.00185528757
562558,562566,567028,8,4462,2,36000,1.00179291797
562625,562634,566011,9,3377,2,36000,1.00266508736
562673,562681,567391,8,4710,2,36000,1.0016985138
562834,562842,566377,8,3535,2,36000,1.00226308345
562964,562972,566071,8,3099,2,36000,1.0025814779
563004,563012,566523,8,3511,2,36000,1.00227855312
563019,563025,566161,6,3136,2,36000,1.00191326531
563183,563193,566281,10,3088,2,36000,1.00323834197
563198,563204,567558,6,4354,2,36000,1.00137804318
563259,563269,566625,10,3356,2,36000,1.00297973778
563304,563313,567276,9,3963,2,36000,1.00227100681
563607,563615,569273,8,5658,2,36000,1.00141392718
563632,563638,640348,6,76710,1,216000,1.00007821666
563639,563645,640349,6,76704,1,216000,1.00007822278
563778,563788,569274,10,5486,2,36000,1.00182282173
563855,563862,568647,7,4785,2,36000,1.00146290491
563879,563888,568730,9,4842,2,36000,1.00185873606
563894,563900,567069,6,3169,2,36000,1.00189334175
563910,563916,567310,6,3394,2,36000,1.00176782557
563934,563943,567194,9,3251,2,36000,1.00276837896
563949,563956,568416,7,4460,2,36000,1.00156950673
564078,564087,567248,9,3161,2,36000,1.00284720025
564093,564103,567205,10,3102,2,36000,1.00322372663
564112,564122,567224,10,3102,2,36000,1.00322372663
564205,564213,567208,8,2995,2,36000,1.00267111853
564284,564292,568086,8,3794,2,36000,1.00210859251
564398,564406,569273,8,4867,2,36000,1.00164372303
564509,564517,568720,8,4203,2,36000,1.00190340233
565073,565079,569273,6,4194,2,36000,1.00143061516
565358,565367,569273,9,3906,2,36000,1.00230414747
565437,565446,569192,9,3746,2,36000,1.00240256273
565653,565667,568810,14,3143,2,36000,1.00445434298
565655,565661,569265,6,3604,60,3600,1.00166481687
565677,565688,569273,11,3585,2,36000,1.00306834031
565696,565706,569273,10,3567,2,36000,1.00280347631
565732,565741,569273,9,3532,2,36000,1.00254813137
565896,565905,569077,9,3172,2,36000,1.00283732661
565999,566009,569273,10,3264,2,36000,1.00306372549
566014,566022,569273,8,3251,2,36000,1.0024607813
566075,566082,569273,7,3191,2,36000,1.0021936697
566162,566172,569074,10,2902,2,36000,1.00344589938
566283,566292,569273,9,2981,2,36000,1.0030191211
566380,566388,569273,8,2885,2,36000,1.0027729636
566527,566534,569273,7,2739,2,36000,1.00255567725
566602,566612,569273,10,2661,2,36000,1.00375798572
566627,566636,569273,9,2637,2,36000,1.00341296928
566688,566696,569273,8,2577,2,36000,1.00310438494
566876,566886,569273,10,2387,2,36000,1.00418935903
567030,567039,569273,9,2234,2,36000,1.00402864816
567073,567081,569274,8,2193,2,36000,1.00364797082
567197,567205,569274,8,2069,2,36000,1.00386660222
567212,567218,569274,6,2056,2,36000,1.00291828794
567214,567224,569274,10,2050,2,36000,1.00487804878
567229,567235,569274,6,2039,2,36000,1.00294261893
567250,567259,569274,9,2015,2,36000,1.00446650124
567266,567272,569274,6,2002,2,36000,1.002997003
567280,567287,569274,7,1987,2,36000,1.00352289884
567311,567321,569274,10,1953,2,36000,1.0051203277
567393,567402,569274,9,1872,2,36000,1.00480769231
567561,567569,569274,8,1705,2,36000,1.00469208211
567893,567901,569274,8,1373,2,36000,1.00582665696
568088,568098,569274,10,1176,2,36000,1.00850340136
568419,568427,569274,8,847,2,36000,1.00944510035
568651,568659,569274,8,615,2,36000,1.01300813008
568723,568731,569274,8,543,2,36000,1.01473296501
568738,568745,569274,7,529,2,36000,1.01323251418
568811,568821,569274,10,453,2,36000,1.02207505519
569078,569089,569274,11,185,2,36000,1.05945945946
569079,569095,569274,16,179,2,36000,1.08938547486
569194,569203,569274,9,71,2,36000,1.12676056338
569421,569427,573157,6,3730,2,36000,1.00160857909
569422,569433,575287,11,5854,2,36000,1.00187905706
569424,569438,575267,14,5829,2,36000,1.00240178418
569425,569443,575312,18,5869,2,36000,1.003066962
569426,569448,575404,22,5956,2,36000,1.0036937542
569428,569453,575396,25,5943,2,36000,1.00420662965
569429,569459,575384,30,5925,2,36000,1.00506329114
569430,569464,575330,34,5866,2,36000,1.00579611319
569431,569470,575453,39,5983,2,36000,1.006518469
569433,569475,575337,42,5862,2,36000,1.00716479017
569434,569480,575435,46,5955,2,36000,1.00772460118
569435,569485,575392,50,5907,2,36000,1.0084645336
569437,569490,575371,53,5881,2,36000,1.00901207278
569438,569495,575393,57,5898,2,36000,1.00966429298
569439,569501,575468,62,5967,2,36000,1.01039048098
569441,569506,575474,65,5968,2,36000,1.01089142091
569442,569511,575449,69,5938,2,36000,1.0116200741
569443,569516,574159,73,4643,2,36000,1.01572259315
569445,569522,575303,77,5781,2,36000,1.0133194949
569446,569527,575536,81,6009,2,36000,1.01347978033
569447,569532,575387,85,5855,2,36000,1.0145175064
569449,569537,575380,88,5843,2,36000,1.01506075646
569450,569542,575016,92,5474,2,36000,1.01680672269
569451,569547,575480,96,5933,2,36000,1.01618068431
569452,569553,575437,101,5884,2,36000,1.01716519375
569454,569558,575429,104,5871,2,36000,1.01771418838
569455,569564,575502,109,5938,2,36000,1.01835634894
569456,569569,575411,113,5842,2,36000,1.01934269086
569458,569574,575474,116,5900,2,36000,1.01966101695
569459,569579,575313,120,5734,2,36000,1.02092779909
569460,569585,575420,125,5835,2,36000,1.02142245073
569462,569590,575551,128,5961,2,36000,1.02147290723
569463,569595,575638,132,6043,2,36000,1.02184345524
569465,569600,575513,135,5913,2,36000,1.02283105023
569466,569605,575469,139,5864,2,36000,1.02370395634
569468,569610,575593,142,5983,2,36000,1.02373391275
569469,569616,574307,147,4691,2,36000,1.031336602
569470,569621,574977,151,5356,2,36000,1.02819268111
569471,569626,575341,155,5715,2,36000,1.0271216098
569473,569631,575406,158,5775,2,36000,1.02735930736
570252,570258,571208,6,950,60,900,1.00631578947
571333,571339,571974,6,635,60,600,1.0094488189
571394,588103,913335,16709,325232,4,604800,1.05137563339
573159,573168,579126,9,5958,2,36000,1.00151057402
573759,573765,574090,6,325,60,300,1.01846153846
574160,574170,580071,10,5901,2,36000,1.00169462803
574307,574318,580038,11,5720,2,36000,1.00192307692
574562,574568,574902,6,334,60,300,1.01796407186
574978,574988,578777,10,3789,2,36000,1.00263921879
575018,575027,581000,9,5973,2,36000,1.00150678051
575267,575278,579752,11,4474,2,36000,1.00245864998
575288,575299,580147,11,4848,2,36000,1.0022689769
575306,575315,581085,9,5770,2,36000,1.00155979203
575321,575327,581360,6,6033,2,36000,1.00099453008
575322,575333,581192,11,5859,2,36000,1.00187745349
575337,575343,580295,6,4952,2,36000,1.00121163166
575352,575358,581097,6,5739,2,36000,1.00104547831
575353,575364,581407,11,6043,2,36000,1.00182028794
575371,575382,580498,11,5116,2,36000,1.00215011728
575386,575392,581332,6,5940,2,36000,1.00101010101
575388,575398,581389,10,5991,2,36000,1.00166917042
575404,575410,581217,6,5807,2,36000,1.00103323575
575405,575416,581370,11,5954,2,36000,1.00184749748
575406,575421,581288,15,5867,2,36000,1.00255667292
575407,575426,581295,19,5869,2,36000,1.00323734878
575423,575432,581240,9,5808,2,36000,1.00154958678
575425,575437,581287,12,5850,2,36000,1.00205128205
575426,575442,581330,16,5888,2,36000,1.0027173913
575427,575448,581330,21,5882,2,36000,1.00357021421
575443,575453,580394,10,4941,2,36000,1.00202388181
575444,575459,581358,15,5899,2,36000,1.00254280387
575445,575464,581487,19,6023,2,36000,1.00315457413
575460,575470,581403,10,5933,2,36000,1.00168548795
575462,575475,578864,13,3389,2,36000,1.00383593981
575477,575483,581505,6,6022,2,36000,1.00099634673
575479,575489,581414,10,5925,2,36000,1.00168776371
575480,575495,581430,15,5935,2,36000,1.00252737995
575481,575500,581324,19,5824,2,36000,1.00326236264
575496,575506,581462,10,5956,2,36000,1.00167897918
575511,575517,581397,6,5880,2,36000,1.00102040816
575526,575532,581558,6,6026,2,36000,1.00099568536
575540,575547,581405,7,5858,2,36000,1.00119494708
575555,575562,581417,7,5855,2,36000,1.00119555935
575594,575604,581550,10,5946,2,36000,1.00168180289
575639,575649,581638,10,5989,2,36000,1.00166972783
578780,578788,584729,8,5941,2,36000,1.00134657465
578867,578876,584671,9,5795,2,36000,1.00155306299
579128,579138,585081,10,5943,2,36000,1.00168265186
579753,579763,585750,10,5987,2,36000,1.00167028562
580040,580049,585994,9,5945,2,36000,1.00151387721
580073,580082,586043,9,5961,2,36000,1.00150981379
580148,580158,585918,10,5760,2,36000,1.00173611111
580296,580306,586380,10,6074,2,36000,1.00164636154
580395,580405,586153,10,5748,2,36000,1.00173973556
580500,580510,586499,10,5989,2,36000,1.00166972783
581003,581012,586891,9,5879,2,36000,1.0015308726
581087,581096,587032,9,5936,2,36000,1.00151617251
581102,581108,586982,6,5874,2,36000,1.00102145046
581192,581203,587164,11,5961,2,36000,1.00184532797
581219,581228,587048,9,5820,2,36000,1.00154639175
581240,581251,587202,11,5951,2,36000,1.00184842884
581289,581298,587234,9,5936,2,36000,1.00151617251
581290,581304,587180,14,5876,2,36000,1.00238257318
581304,581310,587216,6,5906,2,36000,1.00101591602
581325,581335,587252,10,5917,2,36000,1.00169004563
581340,581346,587298,6,5952,2,36000,1.00100806452
581342,581352,587372,10,6020,2,36000,1.00166112957
581343,581357,587305,14,5948,2,36000,1.00235373235
581361,581368,587312,7,5944,2,36000,1.00117765814
581362,581374,587331,12,5957,2,36000,1.0020144368
581377,581384,587283,7,5899,2,36000,1.0011866418
581392,581401,587258,9,5857,2,36000,1.00153662284
581407,581413,587284,6,5871,2,36000,1.00102197241
581409,581419,587376,10,5957,2,36000,1.00167869733
581410,581424,586393,14,4969,2,36000,1.0028174683
581411,581429,587504,18,6075,2,36000,1.00296296296
581426,581435,587390,9,5955,2,36000,1.00151133501
581428,581440,587301,12,5861,2,36000,1.00204743218
581446,581452,587405,6,5953,2,36000,1.00100789518
581464,581473,587558,9,6085,2,36000,1.00147904684
581488,581499,587265,11,5766,2,36000,1.001907735
581505,581516,587589,11,6073,2,36000,1.0018112959
581550,581561,587450,11,5889,2,36000,1.00186788929
581565,581571,587448,6,5877,2,36000,1.00102092905
581640,581650,587585,10,5935,2,36000,1.00168491997
582965,582970,582972,5,2,1,120,1.0
582985,582991,582992,6,1,1,120,1.0
584674,584682,590206,8,5524,2,36000,1.00144822592
584732,584740,590677,8,5937,2,36000,1.00134748189
585082,585092,591090,10,5998,2,36000,1.00166722241
585753,585761,591677,8,5916,2,36000,1.00135226504
585923,585929,591931,6,6002,2,36000,1.00099966678
585996,586006,592036,10,6030,2,36000,1.00165837479
586045,586055,591978,10,5923,2,36000,1.00168833361
586154,586164,592203,10,6039,2,36000,1.0016559033
586380,586391,592233,11,5842,2,36000,1.00188291681
586395,586405,592405,10,6000,2,36000,1.00166666667
586501,586510,592499,9,5989,2,36000,1.00150275505
586887,586902,592845,15,5943,2,36000,1.00252397779
586983,586994,592890,11,5896,2,36000,1.00186567164
587035,587044,592990,9,5946,2,36000,1.0015136226
587049,587059,593126,10,6067,2,36000,1.00164826108
587167,587175,591411,8,4236,2,36000,1.00188857413
587182,587191,593072,9,5881,2,36000,1.00153035198
587203,587213,593253,10,6040,2,36000,1.00165562914
587218,587227,593136,9,5909,2,36000,1.00152310036
587235,587245,593072,10,5827,2,36000,1.00171614896
587253,587264,593069,11,5805,2,36000,1.00189491817
587268,587274,593127,6,5853,2,36000,1.00102511533
587270,587280,593284,10,6004,2,36000,1.0016655563
587284,587294,593336,10,6042,2,36000,1.0016550811
587286,587300,593227,14,5927,2,36000,1.00236207187
587301,587310,593342,9,6032,2,36000,1.00149204244
587315,587322,593144,7,5822,2,36000,1.00120233597
587317,587328,593133,11,5805,2,36000,1.00189491817
587318,587333,593230,15,5897,2,36000,1.00254366627
587333,587342,593347,9,6005,2,36000,1.00149875104
587375,587383,593171,8,5788,2,36000,1.00138217001
587390,587396,592497,6,5101,2,36000,1.00117623995
587391,587402,593361,11,5959,2,36000,1.00184594731
587406,587416,593366,10,5950,2,36000,1.00168067227
587451,587459,593333,8,5874,2,36000,1.00136193395
587452,587465,593173,13,5708,2,36000,1.00227750526
587506,587515,593438,9,5923,2,36000,1.00151950025
587561,587569,593434,8,5865,2,36000,1.00136402387
587588,587596,593467,8,5871,2,36000,1.00136262988
587603,587609,593597,6,5988,2,36000,1.00100200401
590208,590218,596259,10,6041,2,36000,1.00165535507
590680,590688,596690,8,6002,2,36000,1.00133288904
591091,591101,595174,10,4073,2,36000,1.00245519273
591369,591375,591376,6,1,2,3540,1.0
591414,591422,597392,8,5970,2,36000,1.0013400335
591677,591688,597751,11,6063,2,36000,1.00181428336
591932,591942,597918,10,5976,2,36000,1.00167336011
591981,591989,597960,8,5971,2,36000,1.00133980908
592038,592047,598185,9,6138,2,36000,1.00146627566
592204,592214,598116,10,5902,2,36000,1.0016943409
592235,592244,598241,9,5997,2,36000,1.00150075038
592406,592416,598415,10,5999,2,36000,1.00166694449
592501,592508,598477,7,5969,2,36000,1.00117272575
592502,592514,598331,12,5817,2,36000,1.00206291903
592846,592857,598744,11,5887,2,36000,1.00186852387
592892,592902,598808,10,5906,2,36000,1.00169319336
592991,593001,599040,10,6039,2,36000,1.0016559033
593070,593080,598916,10,5836,2,36000,1.0017135024
593085,593091,599030,6,5939,2,36000,1.00101027109
593086,593097,599025,11,5928,2,36000,1.00185560054
593129,593137,599002,8,5865,2,36000,1.00136402387
593130,593143,599086,13,5943,2,36000,1.00218744742
593145,593151,599151,6,6000,2,36000,1.001
593146,593157,599183,11,6026,2,36000,1.00182542317
593148,593162,599100,14,5938,2,36000,1.00235769619
593172,593182,599262,10,6080,2,36000,1.00164473684
593187,593193,599117,6,5924,2,36000,1.00101282917
593229,593238,599184,9,5946,2,36000,1.0015136226
593244,593250,599219,6,5969,2,36000,1.0010051935
593258,593264,599225,6,5961,2,36000,1.00100654253
593285,593295,599354,10,6059,2,36000,1.00165043737
593334,593344,599348,10,6004,2,36000,1.0016655563
593349,593355,599270,6,5915,2,36000,1.00101437025
593351,593361,599329,10,5968,2,36000,1.00167560322
593352,593366,599344,14,5978,2,36000,1.00234192037
593367,593374,599432,7,6058,2,36000,1.00115549686
593369,593380,597916,11,4536,2,36000,1.00242504409
593435,593446,599336,11,5890,2,36000,1.00186757216
593450,593456,599377,6,5921,2,36000,1.00101334234
593468,593478,599461,10,5983,2,36000,1.00167140231
593598,593608,599545,10,5937,2,36000,1.00168435237
593640,627567,640348,33927,12781,1,216000,3.65448712933
595177,595185,601068,8,5883,2,36000,1.00135985042
596262,596270,602221,8,5951,2,36000,1.00134431188
596690,596701,602630,11,5929,2,36000,1.00185528757
597392,597403,603312,11,5909,2,36000,1.0018615671
597752,597762,603606,10,5844,2,36000,1.00171115674
597918,597927,603914,9,5987,2,36000,1.00150325706
597919,597933,603779,14,5846,2,36000,1.00239479986
597961,597972,603926,11,5954,2,36000,1.00184749748
598118,598127,604150,9,6023,2,36000,1.00149427196
598187,598196,604159,9,5963,2,36000,1.0015093074
598244,598252,604091,8,5839,2,36000,1.00137009762
598331,598342,601756,11,3414,2,36000,1.00322202695
598416,598426,604335,10,5909,2,36000,1.00169233373
598479,598488,604466,9,5978,2,36000,1.00150552024
598748,598756,604700,8,5944,2,36000,1.00134589502
598811,598819,604722,8,5903,2,36000,1.0013552431
598917,598927,604852,10,5925,2,36000,1.00168776371
599004,599013,604924,9,5911,2,36000,1.00152258501
599028,599037,605062,9,6025,2,36000,1.00149377593
599044,599050,604947,6,5897,2,36000,1.00101746651
599045,599056,604956,11,5900,2,36000,1.00186440678
599087,599098,604989,11,5891,2,36000,1.00186725513
599104,599111,605072,7,5961,2,36000,1.00117429961
599119,599128,605059,9,5931,2,36000,1.00151745068
599152,599162,605112,10,5950,2,36000,1.00168067227
599185,599195,605196,10,6001,2,36000,1.00166638894
599186,599200,605148,14,5948,2,36000,1.00235373235
599219,599230,605156,11,5926,2,36000,1.0018562268
599234,599241,605245,7,6004,2,36000,1.00116588941
599264,599273,605150,9,5877,2,36000,1.00153139357
599279,599286,605077,7,5791,2,36000,1.00120877223
599331,599340,605382,9,6042,2,36000,1.00148957299
599346,599352,605335,6,5983,2,36000,1.00100284138
599347,599358,605287,11,5929,2,36000,1.00185528757
599362,599368,605255,6,5887,2,36000,1.00101919484
599364,599374,603553,10,4179,2,36000,1.00239291697
599379,599389,605400,10,6011,2,36000,1.0016636167
599433,599443,605370,10,5927,2,36000,1.0016871942
599463,599472,605412,9,5940,2,36000,1.00151515152
599547,599556,605439,9,5883,2,36000,1.00152983172
601072,601079,607004,7,5925,2,36000,1.0011814346
601758,601768,607833,10,6065,2,36000,1.00164880462
602218,602224,602225,6,1,2,3540,1.0
602223,602232,608075,9,5843,2,36000,1.00154030464
602634,602642,608623,8,5981,2,36000,1.00133756897
603314,603324,609255,10,5931,2,36000,1.00168605631
603554,603564,609449,10,5885,2,36000,1.00169923534
603609,603618,609689,9,6071,2,36000,1.00148245759
603780,603790,609800,10,6010,2,36000,1.00166389351
603917,603925,609834,8,5909,2,36000,1.00135386698
603932,603938,609914,6,5976,2,36000,1.00100401606
604093,604102,610112,9,6010,2,36000,1.00149750416
604150,604161,610116,11,5955,2,36000,1.00184718724
604165,604171,610032,6,5861,2,36000,1.00102371609
604337,604346,610350,9,6004,2,36000,1.00149900067
604467,604477,610232,10,5755,2,36000,1.00173761946
604700,604711,610637,11,5926,2,36000,1.0018562268
604725,604733,610649,8,5916,2,36000,1.00135226504
