SubmitTime,StartTime,EndTime,QueuedTime,RunTime,NodesRequested,walltime,bslowdown
225,232,3730,7,3498,2,18000,1.00200114351
353,362,3429,9,3067,2,18000,1.00293446365
368,375,3585,7,3210,2,18000,1.00218068536
384,390,4080,6,3690,2,18000,1.00162601626
650,665,4015,15,3350,2,18000,1.00447761194
652,659,4053,7,3394,2,18000,1.00206246317
768,777,4236,9,3459,2,18000,1.00260190807
808,817,4044,9,3227,2,18000,1.00278896808
830,837,4364,7,3527,2,18000,1.00198468954
994,1003,4284,9,3281,2,18000,1.00274306614
995,1009,4589,14,3580,2,18000,1.00391061453
1011,1017,4073,6,3056,2,18000,1.00196335079
1026,1036,4088,10,3052,2,18000,1.00327653997
1041,1047,4643,6,3596,2,18000,1.00166852058
1091,1100,4092,9,2992,2,18000,1.00300802139
1255,1263,4449,8,3186,2,18000,1.00251098556
1329,1337,4642,8,3305,2,18000,1.00242057489
1436,1445,5172,9,3727,2,18000,1.00241481084
1516,1524,4740,8,3216,2,18000,1.00248756219
1878,1887,4968,9,3081,2,18000,1.0029211295
1949,1959,5336,10,3377,2,18000,1.00296120817
2053,2060,5210,7,3150,2,18000,1.00222222222
2108,2117,5178,9,3061,2,18000,1.00294021562
2146,2155,5304,9,3149,2,18000,1.00285805017
2167,2176,5586,9,3410,2,18000,1.00263929619
2186,2194,5816,8,3622,2,18000,1.00220872446
2356,2365,6040,9,3675,2,18000,1.00244897959
2678,2686,6100,8,3414,2,18000,1.00234329233
2898,2907,6074,9,3167,2,18000,1.00284180613
2923,2932,6521,9,3589,2,18000,1.0025076623
3060,3068,6293,8,3225,2,18000,1.00248062016
3075,3084,6303,9,3219,2,18000,1.00279589935
3090,3097,6377,7,3280,2,18000,1.00213414634
3136,3144,6321,8,3177,2,18000,1.00251809884
3171,3179,6448,8,3269,2,18000,1.00244723157
3186,3192,6443,6,3251,2,18000,1.00184558597
3188,3198,6818,10,3620,2,18000,1.00276243094
3203,3209,6311,6,3102,2,18000,1.00193423598
3225,3234,6765,9,3531,2,18000,1.00254885302
3431,3440,6696,9,3256,2,18000,1.00276412776
3535,3543,7224,8,3681,2,18000,1.00217332247
3587,3596,7055,9,3459,2,18000,1.00260190807
3733,3741,7429,8,3688,2,18000,1.0021691974
4018,4027,7211,9,3184,2,18000,1.00282663317
4046,4056,7630,10,3574,2,18000,1.00279798545
4062,4068,7553,6,3485,2,18000,1.00172166428
4078,4084,7559,6,3475,2,18000,1.00172661871
4094,4101,7217,7,3116,2,18000,1.00224646983
4096,4106,7408,10,3302,2,18000,1.0030284676
4097,4112,7400,15,3288,2,18000,1.0045620438
4239,4247,7577,8,3330,2,18000,1.0024024024
4288,4296,7577,8,3281,2,18000,1.00243828101
4365,4376,7408,11,3032,2,18000,1.00362796834
4451,4460,7928,9,3468,2,18000,1.00259515571
4592,4600,7990,8,3390,2,18000,1.00235988201
4644,4654,8298,10,3644,2,18000,1.0027442371
4646,4659,8187,13,3528,2,18000,1.00368480726
4744,4751,8228,7,3477,2,18000,1.0020132298
4971,4979,8445,8,3466,2,18000,1.00230813618
5176,5183,8597,7,3414,2,18000,1.00205038079
5192,5198,8606,6,3408,2,18000,1.00176056338
5213,5221,8699,8,3478,2,18000,1.00230017251
5306,5315,8784,9,3469,2,18000,1.00259440761
5337,5347,8448,10,3101,2,18000,1.0032247662
5588,5598,9105,10,3507,2,18000,1.00285143998
5819,5827,9261,8,3434,2,18000,1.00232964473
6043,6052,9481,9,3429,2,18000,1.00262467192
6077,6085,9748,8,3663,2,18000,1.00218400218
6102,6111,9698,9,3587,2,18000,1.0025090605
6294,6304,9866,10,3562,2,18000,1.00280741157
6310,6316,9748,6,3432,2,18000,1.00174825175
6326,6332,9587,6,3255,2,18000,1.00184331797
6327,6338,9449,11,3111,2,18000,1.00353584057
6379,6389,9601,10,3212,2,18000,1.00311332503
6448,6454,9721,6,3267,2,18000,1.00183654729
6449,6460,9639,11,3179,2,18000,1.00346020761
6524,6532,9846,8,3314,2,18000,1.00241400121
6700,6707,10177,7,3470,2,18000,1.00201729107
6768,6776,10410,8,3634,2,18000,1.00220143093
6820,6830,10092,10,3262,2,18000,1.00306560392
7058,7066,10649,8,3583,2,18000,1.00223276584
7215,7222,10296,7,3074,2,18000,1.00227716331
7231,7237,10397,6,3160,2,18000,1.00189873418
7232,7243,10687,11,3444,2,18000,1.00319396051
7403,7412,10578,9,3166,2,18000,1.00284270373
7420,7426,10664,6,3238,2,18000,1.00185299568
7421,7432,10545,11,3113,2,18000,1.0035335689
7436,7443,11112,7,3669,2,18000,1.00190787681
7556,7564,10650,8,3086,2,18000,1.00259235256
7572,7578,10749,6,3171,2,18000,1.00189214759
7587,7594,10653,7,3059,2,18000,1.00228832952
7589,7600,10882,11,3282,2,18000,1.00335161487
7631,7641,10964,10,3323,2,18000,1.00300932892
7930,7939,11389,9,3450,2,18000,1.00260869565
7991,8002,11122,11,3120,2,18000,1.00352564103
8190,8198,11570,8,3372,2,18000,1.00237247924
8230,8239,11683,9,3444,2,18000,1.00261324042
8301,8310,11393,9,3083,2,18000,1.00291923451
8448,8455,11968,7,3513,2,18000,1.00199259892
8449,8461,11598,12,3137,2,18000,1.00382531081
8601,8608,12078,7,3470,2,18000,1.00201729107
8616,8622,11804,6,3182,2,18000,1.00188560654
8702,8711,12164,9,3453,2,18000,1.00260642919
8785,8796,12049,11,3253,2,18000,1.00338149401
9108,9116,12231,8,3115,2,18000,1.0025682183
9264,9273,13052,9,3779,2,18000,1.00238158243
9450,9460,12761,10,3301,2,18000,1.00302938503
9485,9492,12871,7,3379,2,18000,1.00207161882
9590,9598,13202,8,3604,2,18000,1.00221975583
9605,9611,13261,6,3650,2,18000,1.00164383562
9639,9650,13181,11,3531,2,18000,1.0031152648
9701,9709,13303,8,3594,2,18000,1.00222593211
9723,9733,12868,10,3135,2,18000,1.00318979266
9751,9819,13139,68,3320,2,18000,1.02048192771
9752,9824,13193,72,3369,2,18000,1.0213713268
9847,9857,13094,10,3237,2,18000,1.0030892802
9869,9877,13412,8,3535,2,18000,1.00226308345
10093,10103,13635,10,3532,2,18000,1.00283125708
10178,10188,13718,10,3530,2,18000,1.00283286119
10298,10307,14041,9,3734,2,18000,1.00241028388
10400,10409,13493,9,3084,2,18000,1.00291828794
10416,10422,13673,6,3251,2,18000,1.00184558597
10547,10556,13694,9,3138,2,18000,1.00286806883
10581,10590,13768,9,3178,2,18000,1.00283196979
10654,10659,14019,5,3360,2,18000,1.00148809524
10655,10666,14200,11,3534,2,18000,1.00311262026
10656,10671,14103,15,3432,2,18000,1.00437062937
10672,10678,13913,6,3235,2,18000,1.00185471406
10688,10698,14201,10,3503,2,18000,1.00285469597
10753,10760,14029,7,3269,2,18000,1.00214132762
10885,10893,14007,8,3114,2,18000,1.00256904303
10965,10975,14500,10,3525,2,18000,1.00283687943
11116,11123,14553,7,3430,2,18000,1.00204081633
11131,11138,14465,7,3327,2,18000,1.0021039976
11393,11400,14648,7,3248,2,18000,1.00215517241
11408,11414,14680,6,3266,2,18000,1.00183710961
11574,11581,15271,7,3690,2,18000,1.00189701897
11602,11610,14989,8,3379,2,18000,1.00236756437
11686,11694,15433,8,3739,2,18000,1.00213960952
11805,11815,15238,10,3423,2,18000,1.00292141396
11971,11979,15281,8,3302,2,18000,1.00242277408
12051,12060,15330,9,3270,2,18000,1.00275229358
12079,12089,15516,10,3427,2,18000,1.00291800409
12166,12175,15644,9,3469,2,18000,1.00259440761
12233,12243,15739,10,3496,2,18000,1.0028604119
12765,12772,15947,7,3175,2,18000,1.00220472441
12870,12879,16190,9,3311,2,18000,1.00271821202
12885,12891,16637,6,3746,2,18000,1.00160170849
13054,13063,16682,9,3619,2,18000,1.00248687483
13097,13106,16589,9,3483,2,18000,1.00258397933
13141,13151,16764,10,3613,2,18000,1.00276778301
13184,13192,16373,8,3181,2,18000,1.00251493241
13202,13208,16913,6,3705,2,18000,1.0016194332
13217,13223,16444,6,3221,2,18000,1.00186277554
13264,13273,16620,9,3347,2,18000,1.0026889752
13304,13314,16855,10,3541,2,18000,1.002824061
13415,13423,17028,8,3605,2,18000,1.00221914008
13494,13504,17270,10,3766,2,18000,1.00265533723
13638,13646,17247,8,3601,2,18000,1.00222160511
13675,13685,16959,10,3274,2,18000,1.00305436775
13697,13706,16825,9,3119,2,18000,1.00288554024
13722,13729,16951,7,3222,2,18000,1.00217256363
13771,13779,17126,8,3347,2,18000,1.00239020018
13914,13924,17204,10,3280,2,18000,1.00304878049
14011,14018,17588,7,3570,2,18000,1.00196078431
14026,14033,17787,7,3754,2,18000,1.00186467768
14043,14049,17349,6,3300,2,18000,1.00181818182
14044,14055,17447,11,3392,2,18000,1.00324292453
14106,14114,17844,8,3730,2,18000,1.00214477212
14198,14211,17255,13,3044,2,18000,1.00427069645
14214,14220,17327,6,3107,2,18000,1.00193112327
14467,14476,18215,9,3739,2,18000,1.00240706071
14504,14512,17910,8,3398,2,18000,1.00235432607
14554,14564,17982,10,3418,2,18000,1.00292568754
14649,14659,18251,10,3592,2,18000,1.00278396437
14684,14691,18130,7,3439,2,18000,1.00203547543
14990,15000,18472,10,3472,2,18000,1.00288018433
15239,15249,18593,10,3344,2,18000,1.00299043062
15273,15282,18702,9,3420,2,18000,1.00263157895
15288,15295,18400,7,3105,2,18000,1.00225442834
15332,15341,18708,9,3367,2,18000,1.00267300267
15436,15445,18892,9,3447,2,18000,1.00261096606
15519,15527,18877,8,3350,2,18000,1.0023880597
15645,15655,18771,10,3116,2,18000,1.00320924262
15741,15750,19106,9,3356,2,18000,1.002681764
15950,15958,19200,8,3242,2,18000,1.00246761258
16192,16201,19221,9,3020,2,18000,1.00298013245
16377,16385,20111,8,3726,2,18000,1.00214707461
16448,16455,19844,7,3389,2,18000,1.00206550605
16556,16562,16658,6,96,1,1800,1.0625
16592,16600,19835,8,3235,2,18000,1.00247295209
16622,16631,20245,9,3614,2,18000,1.00249031544
16641,16648,19888,7,3240,2,18000,1.00216049383
16684,16693,19691,9,2998,2,18000,1.00300200133
16767,16775,19959,8,3184,2,18000,1.00251256281
16827,16836,20001,9,3165,2,18000,1.0028436019
16859,16866,20452,7,3586,2,18000,1.00195203569
16915,16924,20037,9,3113,2,18000,1.00289110183
16952,16962,20255,10,3293,2,18000,1.00303674461
16967,16973,20101,6,3128,2,18000,1.00191815857
16968,16979,17079,11,100,1,1800,1.11
17029,17039,20424,10,3385,2,18000,1.00295420975
17127,17137,20564,10,3427,2,18000,1.00291800409
17207,17215,20340,8,3125,2,18000,1.00256
17248,17258,20681,10,3423,2,18000,1.00292141396
17263,17270,20639,7,3369,2,18000,1.00207776788
17279,17285,20877,6,3592,2,18000,1.00167037862
17328,17338,20992,10,3654,2,18000,1.00273672687
17350,17360,20703,10,3343,2,18000,1.00299132516
17451,17459,20678,8,3219,2,18000,1.00248524386
17590,17599,21104,9,3505,2,18000,1.00256776034
17698,17705,18203,7,498,1,1800,1.0140562249
17790,17799,21489,9,3690,2,18000,1.00243902439
17801,17807,61018,6,43211,16,43200,1.00013885353
17846,17856,21422,10,3566,2,18000,1.00280426248
17911,17921,21292,10,3371,2,18000,1.00296647879
17984,17993,21400,9,3407,2,18000,1.00264162019
18132,18142,21547,10,3405,2,18000,1.00293685756
18216,18226,21481,10,3255,2,18000,1.00307219662
18253,18262,21845,9,3583,2,18000,1.00251186157
18402,18411,21920,9,3509,2,18000,1.00256483329
18473,18483,21951,10,3468,2,18000,1.00288350634
18596,18605,21944,9,3339,2,18000,1.00269541779
18703,18714,22010,11,3296,2,18000,1.00333737864
18719,18725,21927,6,3202,2,18000,1.00187382886
18774,18783,21829,9,3046,2,18000,1.00295469468
18879,18888,22475,9,3587,2,18000,1.0025090605
18895,18903,22345,8,3442,2,18000,1.0023242301
19109,19118,22434,9,3316,2,18000,1.00271411339
19202,19211,22333,9,3122,2,18000,1.00288276746
19223,19232,22522,9,3290,2,18000,1.00273556231
19693,19703,23084,10,3381,2,18000,1.00295770482
19836,19846,23215,10,3369,2,18000,1.00296823983
19852,19858,23124,6,3266,2,18000,1.00183710961
19889,19899,23198,10,3299,2,18000,1.00303122158
19908,19914,19953,6,39,1,1800,1.15384615385
19960,19970,23309,10,3339,2,18000,1.00299490866
19965,19976,20015,11,39,1,1800,1.28205128205
20003,20012,23214,9,3202,2,18000,1.00281074329
20040,20048,23369,8,3321,2,18000,1.00240891298
20105,20113,23238,8,3125,2,18000,1.00256
20121,20127,23308,6,3181,2,18000,1.00188619931
20237,20243,20317,6,74,1,1800,1.08108108108
20247,20256,23435,9,3179,2,18000,1.00283107896
20263,20269,23387,6,3118,2,18000,1.00192431046
20335,20341,20417,6,76,1,1800,1.07894736842
20344,20351,23953,7,3602,2,18000,1.0019433648
20427,20435,24156,8,3721,2,18000,1.00214995969
20455,20463,23788,8,3325,2,18000,1.00240601504
20566,20576,24036,10,3460,2,18000,1.00289017341
20642,20651,23890,9,3239,2,18000,1.00277863538
20680,20689,23804,9,3115,2,18000,1.00288924559
20696,20702,23735,6,3033,2,18000,1.00197823937
20711,20717,24273,6,3556,2,18000,1.00168728909
20834,20840,21079,6,239,1,1800,1.02510460251
20880,20888,24101,8,3213,2,18000,1.00248988484
20994,21003,24402,9,3399,2,18000,1.0026478376
21108,21116,24425,8,3309,2,18000,1.00241764884
21296,21303,24428,7,3125,2,18000,1.00224
21314,21320,21586,6,266,1,1800,1.02255639098
21404,21411,24792,7,3381,2,18000,1.00207039337
21426,21433,24626,7,3193,2,18000,1.00219229565
21484,21492,24935,8,3443,2,18000,1.00232355504
21499,21506,24750,7,3244,2,18000,1.00215782984
21549,21559,24838,10,3279,2,18000,1.00304971028
21831,21840,25376,9,3536,2,18000,1.00254524887
21846,21856,25160,10,3304,2,18000,1.00302663438
21924,21932,25370,8,3438,2,18000,1.00232693426
21939,21945,25558,6,3613,2,18000,1.0016606698
21955,21961,25132,6,3171,2,18000,1.00189214759
21957,21967,25163,10,3196,2,18000,1.00312891114
22012,22021,25354,9,3333,2,18000,1.00270027003
22334,22344,25519,10,3175,2,18000,1.0031496063
22349,22356,25859,7,3503,2,18000,1.00199828718
22418,22425,22453,7,28,1,1800,1.25
22435,22445,26136,10,3691,2,18000,1.00270929287
22478,22486,25804,8,3318,2,18000,1.00241109102
22526,22533,25996,7,3463,2,18000,1.00202136876
22752,22758,22818,6,60,1,1800,1.1
23087,23095,26677,8,3582,2,18000,1.00223338917
23127,23135,26595,8,3460,2,18000,1.00231213873
23201,23209,26631,8,3422,2,18000,1.00233781414
23217,23225,26644,8,3419,2,18000,1.00233986546
23218,23231,26333,13,3102,2,18000,1.00419084462
23240,23249,26765,9,3516,2,18000,1.00255972696
23312,23321,26659,9,3338,2,18000,1.00269622528
23313,23326,26701,13,3375,2,18000,1.00385185185
23371,23381,26577,10,3196,2,18000,1.00312891114
23390,23398,27151,8,3753,2,18000,1.00213162803
23436,23446,26728,10,3282,2,18000,1.00304692261
23515,23521,23641,6,120,1,1800,1.05
23738,23746,27392,8,3646,2,18000,1.00219418541
23790,23799,27062,9,3263,2,18000,1.00275819798
23806,23816,27387,10,3571,2,18000,1.00280033604
23893,23902,27371,9,3469,2,18000,1.00259440761
23956,23964,27558,8,3594,2,18000,1.00222593211
24040,24048,27379,8,3331,2,18000,1.00240168118
24105,24112,27426,7,3314,2,18000,1.00211225106
24157,24167,27656,10,3489,2,18000,1.00286615076
24277,24284,27955,7,3671,2,18000,1.00190683737
24404,24413,27427,9,3014,2,18000,1.00298606503
24430,24436,27495,6,3059,2,18000,1.0019614253
24431,24442,27833,11,3391,2,18000,1.00324388086
24628,24637,28304,9,3667,2,18000,1.00245432233
24751,24761,28411,10,3650,2,18000,1.00273972603
24795,24803,28264,8,3461,2,18000,1.00231147067
24839,24849,28507,10,3658,2,18000,1.00273373428
24936,24946,28214,10,3268,2,18000,1.00305997552
25134,25144,28414,10,3270,2,18000,1.00305810398
25163,25171,28732,8,3561,2,18000,1.00224655996
25178,25184,28726,6,3542,2,18000,1.00169395822
25357,25365,28947,8,3582,2,18000,1.00223338917
25373,25382,28726,9,3344,2,18000,1.00269138756
25388,25394,28536,6,3142,2,18000,1.00190961171
25520,25530,28839,10,3309,2,18000,1.00302206105
25561,25569,28732,8,3163,2,18000,1.00252924439
25807,25815,29605,8,3790,2,18000,1.00211081794
25860,25870,29144,10,3274,2,18000,1.00305436775
25998,26007,29428,9,3421,2,18000,1.0026308097
26139,26147,29234,8,3087,2,18000,1.0025915128
26336,26344,29760,8,3416,2,18000,1.00234192037
26578,26588,30068,10,3480,2,18000,1.00287356322
26597,26607,30112,10,3505,2,18000,1.00285306705
26635,26642,30430,7,3788,2,18000,1.00184794087
26651,26657,30354,6,3697,2,18000,1.00162293752
26666,26672,29964,6,3292,2,18000,1.00182260024
26681,26688,29905,7,3217,2,18000,1.00217594032
26703,26712,29901,9,3189,2,18000,1.00282220132
26731,26739,30052,8,3313,2,18000,1.00241472985
26768,26776,29780,8,3004,2,18000,1.00266311585
27065,27073,30484,8,3411,2,18000,1.00234535327
27152,27162,30482,10,3320,2,18000,1.00301204819
27373,27382,30625,9,3243,2,18000,1.00277520814
27389,27395,30858,6,3463,2,18000,1.00173260179
27390,27401,30581,11,3180,2,18000,1.0034591195
27406,27412,30506,6,3094,2,18000,1.00193923723
27428,27438,30997,10,3559,2,18000,1.00280977803
27429,27443,31125,14,3682,2,18000,1.00380228137
27497,27506,31025,9,3519,2,18000,1.00255754476
27561,27569,30951,8,3382,2,18000,1.00236546422
27660,27667,31048,7,3381,2,18000,1.00207039337
27835,27844,31303,9,3459,2,18000,1.00260190807
27959,27966,31500,7,3534,2,18000,1.00198075835
28216,28225,31548,9,3323,2,18000,1.00270839603
28265,28275,31764,10,3489,2,18000,1.00286615076
28305,28315,31765,10,3450,2,18000,1.00289855072
28414,28422,31515,8,3093,2,18000,1.00258648561
28429,28435,31397,6,2962,2,18000,1.00202565834
28510,28518,31802,8,3284,2,18000,1.00243605359
28538,28548,31896,10,3348,2,18000,1.00298685783
28728,28743,32383,15,3640,2,18000,1.00412087912
28730,28748,32013,18,3265,2,18000,1.00551301685
28746,28754,32472,8,3718,2,18000,1.00215169446
28747,28759,32072,12,3313,2,18000,1.00362209478
28840,28850,32501,10,3651,2,18000,1.00273897562
28949,28958,32682,9,3724,2,18000,1.00241675618
29148,29156,32226,8,3070,2,18000,1.00260586319
29237,29245,32965,8,3720,2,18000,1.00215053763
29431,29440,33161,9,3721,2,18000,1.00241870465
29606,29616,32622,10,3006,2,18000,1.00332667997
29764,29771,33099,7,3328,2,18000,1.00210336538
29782,29791,33190,9,3399,2,18000,1.0026478376
29904,29912,33299,8,3387,2,18000,1.00236197225
29919,29925,33020,6,3095,2,18000,1.00193861066
29966,29975,33268,9,3293,2,18000,1.00273307015
30055,30063,33419,8,3356,2,18000,1.00238379023
30071,30080,32969,9,2889,2,18000,1.0031152648
30115,30123,33269,8,3146,2,18000,1.00254291163
30358,30366,33833,8,3467,2,18000,1.00230747044
30432,30441,33598,9,3157,2,18000,1.00285080773
30486,30496,34227,10,3731,2,18000,1.00268024658
30487,30501,33986,14,3485,2,18000,1.00401721664
30509,30517,34003,8,3486,2,18000,1.00229489386
30583,30592,33965,9,3373,2,18000,1.00266824785
30627,30637,33685,10,3048,2,18000,1.0032808399
30862,30869,34295,7,3426,2,18000,1.00204319907
30952,30962,34139,10,3177,2,18000,1.00314762354
30999,31008,34393,9,3385,2,18000,1.00265878877
31027,31036,34706,9,3670,2,18000,1.00245231608
31048,31059,34706,11,3647,2,18000,1.00301617768
31128,31137,34246,9,3109,2,18000,1.00289482149
31304,31314,34744,10,3430,2,18000,1.0029154519
31399,31408,34887,9,3479,2,18000,1.00258695027
31503,31511,34987,8,3476,2,18000,1.00230149597
31519,31526,34876,7,3350,2,18000,1.00208955224
31550,31559,34883,9,3324,2,18000,1.00270758123
31768,31775,35338,7,3563,2,18000,1.00196463654
31770,31781,34973,11,3192,2,18000,1.00344611529
31804,31813,35355,9,3542,2,18000,1.00254093732
31899,31907,35676,8,3769,2,18000,1.00212257893
32016,32025,35568,9,3543,2,18000,1.00254022015
32076,32083,35588,7,3505,2,18000,1.00199714693
32229,32238,35448,9,3210,2,18000,1.00280373832
32386,32394,35489,8,3095,2,18000,1.00258481422
32475,32483,35989,8,3506,2,18000,1.00228180262
32503,32512,35851,9,3339,2,18000,1.00269541779
32626,32633,36098,7,3465,2,18000,1.00202020202
32685,32693,36317,8,3624,2,18000,1.00220750552
32969,32976,36727,7,3751,2,18000,1.00186616902
32984,32990,36346,6,3356,2,18000,1.00178784267
33022,33031,36182,9,3151,2,18000,1.00285623612
33102,33110,36794,8,3684,2,18000,1.00217155266
33164,33173,36684,9,3511,2,18000,1.00256337226
33191,33201,36581,10,3380,2,18000,1.00295857988
33270,33285,36727,15,3442,2,18000,1.00435793144
33271,33279,36793,8,3514,2,18000,1.00227660785
33299,33310,36943,11,3633,2,18000,1.00302780072
33423,33430,36931,7,3501,2,18000,1.00199942873
33603,33609,36719,6,3110,2,18000,1.00192926045
33689,33696,37339,7,3643,2,18000,1.00192149327
33835,33844,37217,9,3373,2,18000,1.00266824785
33967,33976,37255,9,3279,2,18000,1.00274473925
33990,33997,37428,7,3431,2,18000,1.00204022151
34005,34014,37362,9,3348,2,18000,1.00268817204
34141,34150,37461,9,3311,2,18000,1.00271821202
34231,34239,37701,8,3462,2,18000,1.002310803
34250,34257,37900,7,3643,2,18000,1.00192149327
34300,34306,37528,6,3222,2,18000,1.00186219739
34396,34404,37882,8,3478,2,18000,1.00230017251
34710,34717,37892,7,3175,2,18000,1.00220472441
34712,34723,37912,11,3189,2,18000,1.00344935717
34746,34755,38402,9,3647,2,18000,1.00246778174
34879,34888,38104,9,3216,2,18000,1.00279850746
34895,34901,38475,6,3574,2,18000,1.00167879127
34896,34907,38253,11,3346,2,18000,1.00328750747
34976,34985,38163,9,3178,2,18000,1.00283196979
34992,34998,38325,6,3327,2,18000,1.00180342651
35341,35349,38621,8,3272,2,18000,1.00244498778
35357,35366,38370,9,3004,2,18000,1.00299600533
35450,35459,38748,9,3289,2,18000,1.00273639404
35490,35500,38805,10,3305,2,18000,1.00302571861
35571,35579,39308,8,3729,2,18000,1.00214534728
35590,35599,39079,9,3480,2,18000,1.0025862069
35679,35687,38722,8,3035,2,18000,1.00263591433
35857,35863,39315,6,3452,2,18000,1.00173812283
35990,36000,39589,10,3589,2,18000,1.00278629145
36099,36109,39409,10,3300,2,18000,1.00303030303
36185,36193,39530,8,3337,2,18000,1.0023973629
36318,36328,39747,10,3419,2,18000,1.00292483182
36350,36357,39878,7,3521,2,18000,1.00198807157
36585,36592,40020,7,3428,2,18000,1.002042007
36685,36695,40130,10,3435,2,18000,1.00291120815
36720,36730,39843,10,3113,2,18000,1.00321233537
36736,36742,40240,6,3498,2,18000,1.00171526587
36737,36748,40187,11,3439,2,18000,1.00319860425
36796,36804,39864,8,3060,2,18000,1.00261437908
36798,36810,40442,12,3632,2,18000,1.00330396476
36935,36943,40500,8,3557,2,18000,1.00224908631
36950,36956,40493,6,3537,2,18000,1.00169635284
37220,37229,40354,9,3125,2,18000,1.00288
37257,37266,40373,9,3107,2,18000,1.00289668491
37340,37351,41004,11,3653,2,18000,1.00301122365
37365,37374,40754,9,3380,2,18000,1.00266272189
37431,37439,40559,8,3120,2,18000,1.00256410256
37462,37472,41050,10,3578,2,18000,1.00279485746
37531,37539,40573,8,3034,2,18000,1.00263678312
37703,37713,41427,10,3714,2,18000,1.00269251481
37885,37894,41527,9,3633,2,18000,1.00247729149
37901,37907,41227,6,3320,2,18000,1.00180722892
37902,37913,41226,11,3313,2,18000,1.00332025355
37918,37924,41536,6,3612,2,18000,1.00166112957
38106,38115,41607,9,3492,2,18000,1.00257731959
38165,38174,41625,9,3451,2,18000,1.00260793973
38257,38265,41712,8,3447,2,18000,1.00232085872
38326,38336,41750,10,3414,2,18000,1.00292911541
38372,38382,41483,10,3101,2,18000,1.0032247662
38403,38413,41574,10,3161,2,18000,1.00316355584
38471,38486,41995,15,3509,2,18000,1.00427472214
38623,38632,41863,9,3231,2,18000,1.00278551532
38725,38733,42352,8,3619,2,18000,1.0022105554
38749,38759,42043,10,3284,2,18000,1.00304506699
38808,38816,42136,8,3320,2,18000,1.00240963855
39082,39091,42275,9,3184,2,18000,1.00282663317
39309,39319,42655,10,3336,2,18000,1.00299760192
39324,39331,42443,7,3112,2,18000,1.00224935733
39410,39420,43146,10,3726,2,18000,1.00268384326
39534,39541,42840,7,3299,2,18000,1.00212185511
39593,39600,43009,7,3409,2,18000,1.00205338809
39751,39758,43217,7,3459,2,18000,1.00202370627
39847,39855,43200,8,3345,2,18000,1.0023916293
39866,39876,43612,10,3736,2,18000,1.00267665953
39881,39889,42900,8,3011,2,18000,1.00265692461
40021,40031,43033,10,3002,2,18000,1.00333111259
40131,40142,43648,11,3506,2,18000,1.00313747861
40191,40198,43496,7,3298,2,18000,1.00212249848
40243,40251,43812,8,3561,2,18000,1.00224655996
40357,40366,43698,9,3332,2,18000,1.00270108043
40376,40384,43511,8,3127,2,18000,1.00255836265
40444,40453,43865,9,3412,2,18000,1.00263774912
40496,40504,44060,8,3556,2,18000,1.00224971879
40511,40518,43864,7,3346,2,18000,1.00209205021
40561,40570,44060,9,3490,2,18000,1.00257879656
40577,40584,43827,7,3243,2,18000,1.00215849522
40755,40765,44104,10,3339,2,18000,1.00299490866
41006,41015,44643,9,3628,2,18000,1.00248070562
41050,41062,44442,12,3380,2,18000,1.00355029586
41229,41236,44370,7,3134,2,18000,1.00223356733
41231,41242,44571,11,3329,2,18000,1.00330429558
41428,41438,44868,10,3430,2,18000,1.0029154519
41484,41494,45016,10,3522,2,18000,1.00283929585
41531,41539,44974,8,3435,2,18000,1.00232896652
41546,41552,45135,6,3583,2,18000,1.00167457438
41577,41585,45147,8,3562,2,18000,1.00224592925
41611,41618,45190,7,3572,2,18000,1.00195968645
41627,41636,44839,9,3203,2,18000,1.00280986575
41713,41723,44885,10,3162,2,18000,1.00316255534
41753,41761,44900,8,3139,2,18000,1.00254858235
41867,41875,45354,8,3479,2,18000,1.00229951135
41998,42007,45234,9,3227,2,18000,1.00278896808
42045,42054,45521,9,3467,2,18000,1.00259590424
42137,42147,45555,10,3408,2,18000,1.0029342723
42279,42287,45344,8,3057,2,18000,1.00261694472
42356,42363,45764,7,3401,2,18000,1.00205821817
42446,42455,45490,9,3035,2,18000,1.00296540362
42657,42666,46392,9,3726,2,18000,1.00241545894
42842,42851,46300,9,3449,2,18000,1.00260945202
42894,236751,560772,193857,324021,5,324000,1.59828529632
42901,42911,46432,10,3521,2,18000,1.00284010224
43012,43021,46567,9,3546,2,18000,1.00253807107
43037,43044,46424,7,3380,2,18000,1.00207100592
43147,43157,46877,10,3720,2,18000,1.00268817204
43203,43211,46852,8,3641,2,18000,1.00219719857
43218,43228,46863,10,3635,2,18000,1.00275103164
43498,43507,46702,9,3195,2,18000,1.00281690141
43513,43522,47228,9,3706,2,18000,1.00242849433
43556,236772,542112,193216,305340,4,324000,1.63278967708
43615,43624,47021,9,3397,2,18000,1.00264939653
43649,43659,47156,10,3497,2,18000,1.00285959394
43699,43709,47250,10,3541,2,18000,1.002824061
43816,43823,47372,7,3549,2,18000,1.00197238659
43831,43837,47091,6,3254,2,18000,1.00184388445
43866,43875,47040,9,3165,2,18000,1.0028436019
43867,43881,47157,14,3276,2,18000,1.00427350427
44062,44070,47328,8,3258,2,18000,1.00245549417
44063,44075,47492,12,3417,2,18000,1.0035118525
44107,44115,47484,8,3369,2,18000,1.00237459187
44371,44382,47607,11,3225,2,18000,1.00341085271
44445,44453,48027,8,3574,2,18000,1.00223838836
44574,44582,48025,8,3443,2,18000,1.00232355504
44646,44655,47916,9,3261,2,18000,1.0027598896
44842,44850,48418,8,3568,2,18000,1.00224215247
44870,44879,48367,9,3488,2,18000,1.00258027523
44885,44896,48162,11,3266,2,18000,1.00336803429
44901,44911,48236,10,3325,2,18000,1.0030075188
44978,44986,48444,8,3458,2,18000,1.002313476
45019,45027,48583,8,3556,2,18000,1.00224971879
45136,45147,48244,11,3097,2,18000,1.00355182435
45152,45158,48526,6,3368,2,18000,1.00178147268
45192,45201,48788,9,3587,2,18000,1.0025090605
45238,45246,48776,8,3530,2,18000,1.00226628895
45345,45355,48414,10,3059,2,18000,1.00326904217
45360,45366,48909,6,3543,2,18000,1.0016934801
45492,45501,48766,9,3265,2,18000,1.00275650842
45523,45532,48812,9,3280,2,18000,1.00274390244
45558,45566,49119,8,3553,2,18000,1.00225161835
45767,45775,49139,8,3364,2,18000,1.00237812128
46303,46312,49870,9,3558,2,18000,1.00252951096
46396,46404,50106,8,3702,2,18000,1.00216099406
46427,46435,50077,8,3642,2,18000,1.00219659528
46443,46449,49631,6,3182,2,18000,1.00188560654
46569,46578,49899,9,3321,2,18000,1.0027100271
46706,46713,50426,7,3713,2,18000,1.00188526798
46856,46863,50354,7,3491,2,18000,1.00200515612
46871,46878,49879,7,3001,2,18000,1.00233255581
46887,46893,50122,6,3229,2,18000,1.00185816042
47022,47032,50243,10,3211,2,18000,1.00311429461
47043,47051,50550,8,3499,2,18000,1.00228636753
47092,47102,50674,10,3572,2,18000,1.00279955207
47158,47173,50813,15,3640,2,18000,1.00412087912
47160,47167,50904,7,3737,2,18000,1.00187316029
47231,47240,50834,9,3594,2,18000,1.00250417362
47253,47261,50441,8,3180,2,18000,1.00251572327
47330,47339,50829,9,3490,2,18000,1.00257879656
47373,47383,50749,10,3366,2,18000,1.00297088532
47487,47495,50688,8,3193,2,18000,1.00250548074
47503,47509,51102,6,3593,2,18000,1.00166991372
47609,47619,50702,10,3083,2,18000,1.0032435939
47918,47927,51237,9,3310,2,18000,1.00271903323
48028,48035,51625,7,3590,2,18000,1.00194986072
48029,48042,51644,13,3602,2,18000,1.00360910605
48166,48173,51659,7,3486,2,18000,1.00200803213
48237,48247,51744,10,3497,2,18000,1.00285959394
48253,48259,51876,6,3617,2,18000,1.00165883329
48369,48379,51529,10,3150,2,18000,1.00317460317
48416,48425,51840,9,3415,2,18000,1.00263543192
48431,48438,52127,7,3689,2,18000,1.00189753321
48447,48455,51565,8,3110,2,18000,1.00257234727
48528,48538,51900,10,3362,2,18000,1.00297441999
48584,48594,52158,10,3564,2,18000,1.00280583614
48770,48777,52141,7,3364,2,18000,1.00208085612
48785,48791,52322,6,3531,2,18000,1.00169923534
48800,48807,52496,7,3689,2,18000,1.00189753321
48816,48823,51802,7,2979,2,18000,1.00234978181
48911,48921,52148,10,3227,2,18000,1.00309885342
49123,49131,52712,8,3581,2,18000,1.00223401285
49142,49150,52443,8,3293,2,18000,1.00242939569
49632,49643,52935,11,3292,2,18000,1.00334143378
49872,49881,53025,9,3144,2,18000,1.00286259542
49889,49895,53359,6,3464,2,18000,1.00173210162
49904,49910,53164,6,3254,2,18000,1.00184388445
50081,50089,53422,8,3333,2,18000,1.00240024002
50110,50117,53447,7,3330,2,18000,1.0021021021
50125,50133,53522,8,3389,2,18000,1.00236057834
50245,50255,53483,10,3228,2,18000,1.00309789343
50357,50365,53434,8,3069,2,18000,1.00260671228
50428,50437,54054,9,3617,2,18000,1.00248824993
50443,50452,53803,9,3351,2,18000,1.00268576544
50553,50561,54255,8,3694,2,18000,1.00216567407
50677,50685,53862,8,3177,2,18000,1.00251809884
50693,50698,54008,5,3310,2,18000,1.00151057402
50708,50714,53912,6,3198,2,18000,1.00187617261
50752,50760,54488,8,3728,2,18000,1.00214592275
50817,50825,54234,8,3409,2,18000,1.00234672925
50833,50840,53973,7,3133,2,18000,1.00223428024
50848,50854,54459,6,3605,2,18000,1.00166435506
50906,50915,53904,9,2989,2,18000,1.00301104048
51103,51113,54590,10,3477,2,18000,1.00287604257
51239,51248,55002,9,3754,2,18000,1.00239744273
51531,51541,55148,10,3607,2,18000,1.00277238703
51568,51577,54653,9,3076,2,18000,1.00292587776
51627,51636,54844,9,3208,2,18000,1.00280548628
51646,51655,54842,9,3187,2,18000,1.00282397239
51661,51670,54653,9,2983,2,18000,1.00301709688
51748,51756,54870,8,3114,2,18000,1.00256904303
51804,51813,54916,9,3103,2,18000,1.00290041895
51842,51851,55432,9,3581,2,18000,1.00251326445
51881,51888,55432,7,3544,2,18000,1.0019751693
51902,51912,55433,10,3521,2,18000,1.00284010224
52128,52138,55432,10,3294,2,18000,1.00303582271
52144,52152,55432,8,3280,2,18000,1.00243902439
52160,52166,55432,6,3266,2,18000,1.00183710961
52161,52172,55432,11,3260,2,18000,1.00337423313
52325,52333,55432,8,3099,2,18000,1.0025814779
52445,52455,55432,10,2977,2,18000,1.00335908633
52497,52507,55432,10,2925,2,18000,1.00341880342
52713,52723,55432,10,2709,2,18000,1.00369139904
52937,52947,55432,10,2485,2,18000,1.00402414487
53027,53036,55432,9,2396,2,18000,1.00375626043
53166,53175,55432,9,2257,2,18000,1.00398759415
53362,53370,55433,8,2063,2,18000,1.00387784779
53424,53433,55433,9,2000,2,18000,1.0045
53439,53445,55433,6,1988,2,18000,1.00301810865
53455,53461,55433,6,1972,2,18000,1.00304259635
53486,53494,55433,8,1939,2,18000,1.00412583806
53523,53533,55433,10,1900,2,18000,1.00526315789
53804,53814,55433,10,1619,2,18000,1.00617665225
53866,53873,55433,7,1560,2,18000,1.00448717949
53906,53915,55433,9,1518,2,18000,1.00592885375
53921,53928,55433,7,1505,2,18000,1.00465116279
53974,53984,55433,10,1449,2,18000,1.00690131125
54009,54019,55433,10,1414,2,18000,1.00707213579
54057,54065,55433,8,1368,2,18000,1.00584795322
54238,54245,55433,7,1188,2,18000,1.00589225589
54256,54266,55433,10,1167,2,18000,1.00856898029
54462,54470,55433,8,963,2,18000,1.00830737279
54490,54500,55433,10,933,2,18000,1.01071811361
54592,54601,55433,9,832,2,18000,1.01081730769
54656,54725,55433,69,708,2,18000,1.09745762712
54657,54730,55433,73,703,2,18000,1.10384068279
54843,54853,55433,10,580,2,18000,1.01724137931
54859,54865,55433,6,568,2,18000,1.01056338028
54874,54881,55433,7,552,2,18000,1.01268115942
54918,54927,55433,9,506,2,18000,1.01778656126
55005,55013,55433,8,420,2,18000,1.01904761905
55149,55159,55433,10,274,2,18000,1.03649635036
56967,56973,57298,6,325,2,18000,1.01846153846
56968,56979,57298,11,319,2,18000,1.03448275862
56969,56984,57298,15,314,2,18000,1.04777070064
56971,56989,57298,18,309,2,18000,1.05825242718
56972,56994,57298,22,304,2,18000,1.07236842105
56973,56999,57298,26,299,2,18000,1.08695652174
56974,57005,57298,31,293,2,18000,1.10580204778
56976,57010,57298,34,288,2,18000,1.11805555556
56977,57015,57298,38,283,2,18000,1.13427561837
56978,57020,57298,42,278,2,18000,1.15107913669
56980,57025,57298,45,273,2,18000,1.16483516484
56981,57031,57298,50,267,2,18000,1.1872659176
56982,57036,57298,54,262,2,18000,1.20610687023
56983,57041,57298,58,257,2,18000,1.22568093385
56985,57046,57298,61,252,2,18000,1.24206349206
56986,57051,57298,65,247,2,18000,1.26315789474
56987,57056,57298,69,242,2,18000,1.28512396694
56988,57061,57298,73,237,2,18000,1.30801687764
56990,57067,57298,77,231,2,18000,1.33333333333
56991,57072,57298,81,226,2,18000,1.35840707965
56992,57077,57299,85,222,2,18000,1.38288288288
56993,57082,57298,89,216,2,18000,1.41203703704
56995,57087,57299,92,212,2,18000,1.43396226415
56996,57092,57299,96,207,2,18000,1.46376811594
56997,57097,57299,100,202,2,18000,1.49504950495
56999,57103,57299,104,196,2,18000,1.5306122449
57000,57109,57299,109,190,2,18000,1.57368421053
57001,57114,57299,113,185,2,18000,1.61081081081
57002,57119,57299,117,180,2,18000,1.65
57004,57124,57299,120,175,2,18000,1.68571428571
57005,57130,57299,125,169,2,18000,1.73964497041
57006,57135,57299,129,164,2,18000,1.78658536585
57008,57140,57299,132,159,2,18000,1.83018867925
57009,57145,57299,136,154,2,18000,1.88311688312
57010,57150,57299,140,149,2,18000,1.93959731544
57011,57155,57299,144,144,2,18000,2.0
57013,57160,57299,147,139,2,18000,2.05755395683
57014,57166,57299,152,133,2,18000,2.14285714286
57015,57171,57299,156,128,2,18000,2.21875
57017,57176,57299,159,123,2,18000,2.29268292683
57319,57325,57691,6,366,2,18000,1.01639344262
57320,57330,57691,10,361,2,18000,1.02770083102
57321,57335,57691,14,356,2,18000,1.0393258427
57322,57341,57691,19,350,2,18000,1.05428571429
57324,57346,57691,22,345,2,18000,1.06376811594
57325,57351,57691,26,340,2,18000,1.07647058824
57326,57356,57691,30,335,2,18000,1.08955223881
57327,57362,57691,35,329,2,18000,1.10638297872
57329,57367,57691,38,324,2,18000,1.11728395062
57330,57372,57691,42,319,2,18000,1.13166144201
57331,57377,57691,46,314,2,18000,1.14649681529
57333,57382,57691,49,309,2,18000,1.15857605178
57335,57387,57691,52,304,2,18000,1.17105263158
57336,57392,57691,56,299,2,18000,1.1872909699
57337,57398,57691,61,293,2,18000,1.20819112628
57338,57403,57691,65,288,2,18000,1.22569444444
57340,57408,57691,68,283,2,18000,1.24028268551
57341,57413,57691,72,278,2,18000,1.25899280576
57342,57418,57691,76,273,2,18000,1.27838827839
57343,57423,57691,80,268,2,18000,1.29850746269
57345,57429,57691,84,262,2,18000,1.32061068702
57346,57434,57691,88,257,2,18000,1.34241245136
57347,57439,57691,92,252,2,18000,1.36507936508
57348,57444,57691,96,247,2,18000,1.38866396761
57350,57449,57691,99,242,2,18000,1.40909090909
57351,57454,57691,103,237,2,18000,1.43459915612
57352,57460,57691,108,231,2,18000,1.46753246753
57354,57465,57691,111,226,2,18000,1.49115044248
57355,57470,57691,115,221,2,18000,1.52036199095
57356,57475,57691,119,216,2,18000,1.55092592593
57357,57481,57691,124,210,2,18000,1.59047619048
57359,57486,57691,127,205,2,18000,1.61951219512
57360,57491,57691,131,200,2,18000,1.655
57361,57496,57691,135,195,2,18000,1.69230769231
57362,57501,57691,139,190,2,18000,1.73157894737
57364,57506,57691,142,185,2,18000,1.76756756757
57365,57511,57691,146,180,2,18000,1.81111111111
57366,57517,57691,151,174,2,18000,1.86781609195
57367,57522,57691,155,169,2,18000,1.91715976331
57369,57527,57691,158,164,2,18000,1.96341463415
57744,57750,58596,6,846,2,18000,1.00709219858
57746,57756,58596,10,840,2,18000,1.0119047619
57747,57761,58596,14,835,2,18000,1.01676646707
57748,57766,58596,18,830,2,18000,1.02168674699
57749,57771,58596,22,825,2,18000,1.02666666667
57751,57776,58596,25,820,2,18000,1.03048780488
57752,57783,58596,31,813,2,18000,1.0381303813
57753,57788,58596,35,808,2,18000,1.04331683168
57754,57793,58596,39,803,2,18000,1.04856787049
57756,57798,58596,42,798,2,18000,1.05263157895
57757,57804,58596,47,792,2,18000,1.05934343434
57758,57809,58596,51,787,2,18000,1.06480304956
57759,57814,58596,55,782,2,18000,1.07033248082
57761,57819,58596,58,777,2,18000,1.07464607465
57762,57824,58596,62,772,2,18000,1.08031088083
57763,57829,58596,66,767,2,18000,1.08604954368
57765,57834,58596,69,762,2,18000,1.0905511811
57766,57840,58596,74,756,2,18000,1.09788359788
57767,57845,58596,78,751,2,18000,1.10386151798
57768,57850,58596,82,746,2,18000,1.10991957105
57770,57855,58596,85,741,2,18000,1.11470985155
57771,57860,58596,89,736,2,18000,1.12092391304
57772,57865,58596,93,731,2,18000,1.12722298222
57773,57870,58596,97,726,2,18000,1.13360881543
57775,57876,58596,101,720,2,18000,1.14027777778
57776,57881,58596,105,715,2,18000,1.14685314685
57777,57886,58596,109,710,2,18000,1.15352112676
57779,57892,58596,113,704,2,18000,1.16051136364
57780,57897,58597,117,700,2,18000,1.16714285714
57781,57902,58596,121,694,2,18000,1.17435158501
57782,57907,58597,125,690,2,18000,1.18115942029
57784,57913,58597,129,684,2,18000,1.18859649123
57785,57918,58597,133,679,2,18000,1.19587628866
57786,57923,58597,137,674,2,18000,1.20326409496
57788,57928,58597,140,669,2,18000,1.20926756353
57789,57933,58597,144,664,2,18000,1.21686746988
57790,57938,58597,148,659,2,18000,1.22458270106
57791,57943,58597,152,654,2,18000,1.23241590214
57793,57949,58597,156,648,2,18000,1.24074074074
57794,57954,58597,160,643,2,18000,1.24883359253
58702,58708,59378,6,670,2,18000,1.00895522388
58704,58714,59378,10,664,2,18000,1.01506024096
58705,58719,59378,14,659,2,18000,1.02124430956
58706,58724,59378,18,654,2,18000,1.02752293578
58707,58729,59378,22,649,2,18000,1.03389830508
58709,58735,59378,26,643,2,18000,1.04043545879
58710,58740,59378,30,638,2,18000,1.04702194357
58711,58745,59378,34,633,2,18000,1.05371248025
58712,58750,59378,38,628,2,18000,1.06050955414
58714,58755,59378,41,623,2,18000,1.0658105939
58715,58761,59378,46,617,2,18000,1.07455429498
58716,58766,59378,50,612,2,18000,1.08169934641
58717,58771,59378,54,607,2,18000,1.08896210873
58719,58776,59378,57,602,2,18000,1.09468438538
58720,58781,59379,61,598,2,18000,1.10200668896
58721,58786,59379,65,593,2,18000,1.10961214165
58723,58791,59379,68,588,2,18000,1.1156462585
58724,58797,59379,73,582,2,18000,1.12542955326
58725,58802,59379,77,577,2,18000,1.13344887348
58727,58807,59379,80,572,2,18000,1.13986013986
58728,58812,59379,84,567,2,18000,1.14814814815
58729,58817,59379,88,562,2,18000,1.15658362989
58731,58823,59379,92,556,2,18000,1.1654676259
58732,58828,59379,96,551,2,18000,1.17422867514
58733,58833,59379,100,546,2,18000,1.18315018315
58734,58838,59379,104,541,2,18000,1.19223659889
58736,58843,59379,107,536,2,18000,1.19962686567
58737,58849,59379,112,530,2,18000,1.21132075472
58738,58854,59379,116,525,2,18000,1.22095238095
58740,58859,59379,119,520,2,18000,1.22884615385
58741,58864,59379,123,515,2,18000,1.23883495146
58742,58869,59379,127,510,2,18000,1.24901960784
58743,58875,59379,132,504,2,18000,1.2619047619
58745,58880,59379,135,499,2,18000,1.27054108216
58746,58885,59379,139,494,2,18000,1.28137651822
58747,58890,59379,143,489,2,18000,1.29243353783
58749,58895,59379,146,484,2,18000,1.30165289256
58750,58900,59379,150,479,2,18000,1.31315240084
58751,58905,59379,154,474,2,18000,1.32489451477
58752,58911,59379,159,468,2,18000,1.33974358974
59473,59479,62837,6,3358,2,18000,1.00178677784
59474,59484,62866,10,3382,2,18000,1.00295683028
59475,59490,62997,15,3507,2,18000,1.00427715997
59476,59495,62941,19,3446,2,18000,1.005513639
59478,59500,62948,22,3448,2,18000,1.00638051044
59479,59505,62968,26,3463,2,18000,1.00750794109
59480,59511,63074,31,3563,2,18000,1.00870053326
59482,59516,62906,34,3390,2,18000,1.01002949853
59483,59521,63030,38,3509,2,18000,1.0108292961
59484,59526,62933,42,3407,2,18000,1.0123275609
59486,59531,62827,45,3296,2,18000,1.01365291262
59488,59537,63127,49,3590,2,18000,1.01364902507
59489,59542,63033,53,3491,2,18000,1.0151818963
59490,59547,63045,57,3498,2,18000,1.01629502573
59492,59552,63074,60,3522,2,18000,1.01703577513
59493,59557,63137,64,3580,2,18000,1.01787709497
59495,59562,63173,67,3611,2,18000,1.01855441706
59496,59568,62960,72,3392,2,18000,1.02122641509
59497,59573,63054,76,3481,2,18000,1.02183280666
59499,59578,62883,79,3305,2,18000,1.023903177
59500,59583,63111,83,3528,2,18000,1.0235260771
59502,59588,63143,86,3555,2,18000,1.02419127989
59503,59593,63102,90,3509,2,18000,1.02564833286
59504,59598,62773,94,3175,2,18000,1.02960629921
59506,59605,62963,99,3358,2,18000,1.02948183443
59507,59610,63033,103,3423,2,18000,1.03009056383
59509,59615,62858,106,3243,2,18000,1.03268578477
59510,59621,63303,111,3682,2,18000,1.03014665942
59511,59626,63224,115,3598,2,18000,1.03196220122
59513,59631,63110,118,3479,2,18000,1.03391779247
59514,59636,63181,122,3545,2,18000,1.03441466855
59515,59641,63173,126,3532,2,18000,1.03567383918
59517,59646,63132,129,3486,2,18000,1.03700516351
59518,59651,63140,133,3489,2,18000,1.0381198051
59519,59657,63174,138,3517,2,18000,1.03923798692
59520,59662,63067,142,3405,2,18000,1.04170337739
59522,59667,63231,145,3564,2,18000,1.04068462402
59523,59672,63155,149,3483,2,18000,1.04277921332
59524,59677,63112,153,3435,2,18000,1.04454148472
59526,59683,63176,157,3493,2,18000,1.04494703693
63955,63961,67385,6,3424,2,18000,1.00175233645
63956,63967,67229,11,3262,2,18000,1.00337216432
63958,63972,67656,14,3684,2,18000,1.00380021716
63959,63977,67443,18,3466,2,18000,1.00519330641
63960,63983,67434,23,3451,2,18000,1.00666473486
63961,63988,67574,27,3586,2,18000,1.00752928054
63963,63994,67443,31,3449,2,18000,1.0089881125
63964,63999,67575,35,3576,2,18000,1.00978747204
63965,64004,67486,39,3482,2,18000,1.01120045951
63967,64009,67424,42,3415,2,18000,1.01229868228
63968,64014,67588,46,3574,2,18000,1.01287073307
63969,64020,67514,51,3494,2,18000,1.01459645106
63970,64025,67394,55,3369,2,18000,1.01632531909
63972,64030,67480,58,3450,2,18000,1.0168115942
63973,64035,67507,62,3472,2,18000,1.01785714286
63974,64040,67584,66,3544,2,18000,1.01862302483
63976,64045,67491,69,3446,2,18000,1.02002321532
63977,64051,67621,74,3570,2,18000,1.02072829132
63979,64056,67512,77,3456,2,18000,1.02228009259
63980,64061,67632,81,3571,2,18000,1.02268272193
63981,64066,67390,85,3324,2,18000,1.02557160048
63982,64071,67561,89,3490,2,18000,1.02550143266
63984,64076,67668,92,3592,2,18000,1.02561247216
63985,64081,67681,96,3600,2,18000,1.02666666667
63986,64087,67717,101,3630,2,18000,1.02782369146
63987,64092,67670,105,3578,2,18000,1.02934600335
63989,64098,67648,109,3550,2,18000,1.03070422535
63990,64103,67528,113,3425,2,18000,1.03299270073
63991,64108,67558,117,3450,2,18000,1.03391304348
63993,64113,67421,120,3308,2,18000,1.03627569528
63994,64119,67531,125,3412,2,18000,1.03663540445
63995,64124,67638,129,3514,2,18000,1.03671030165
63996,64129,67624,133,3495,2,18000,1.03805436338
63998,64134,67767,136,3633,2,18000,1.03743462703
63999,64139,67655,140,3516,2,18000,1.03981797497
64000,64144,67699,144,3555,2,18000,1.04050632911
64002,64149,67536,147,3387,2,18000,1.04340124004
64003,64155,67617,152,3462,2,18000,1.04390525708
64004,64160,67736,156,3576,2,18000,1.04362416107
64005,64165,67847,160,3682,2,18000,1.04345464422
64243,64249,119236,6,54987,4,108000,1.0001091167
65055,65061,191108,6,126047,4,126000,1.00004760129
65291,65297,149814,6,84517,4,126000,1.00007099163
67229,67240,70678,11,3438,2,18000,1.00319953461
67385,67396,70756,11,3360,2,18000,1.00327380952
67401,67407,70984,6,3577,2,18000,1.00167738328
67402,67413,70781,11,3368,2,18000,1.00326603325
67423,67432,70849,9,3417,2,18000,1.00263388938
67437,67443,70694,6,3251,2,18000,1.00184558597
67438,67449,70996,11,3547,2,18000,1.00310121229
67453,67459,70871,6,3412,2,18000,1.00175849941
67454,67465,71060,11,3595,2,18000,1.00305980529
67481,67492,71046,11,3554,2,18000,1.00309510411
67496,67502,71068,6,3566,2,18000,1.00168255749
67497,67508,71104,11,3596,2,18000,1.00305895439
67512,67518,71133,6,3615,2,18000,1.00165975104
67513,67524,71131,11,3607,2,18000,1.00304962573
67528,67535,70984,7,3449,2,18000,1.00202957379
67530,67541,70871,11,3330,2,18000,1.0033033033
67545,67551,71185,6,3634,2,18000,1.0016510732
67546,67557,71092,11,3535,2,18000,1.00311173975
67560,67570,71086,10,3516,2,18000,1.00284414107
67576,67582,71145,6,3563,2,18000,1.00168397418
67577,67588,70961,11,3373,2,18000,1.00326119182
67578,67593,71083,15,3490,2,18000,1.00429799427
67594,67599,71003,5,3404,2,18000,1.00146886016
67595,67605,71165,10,3560,2,18000,1.00280898876
67619,67628,71255,9,3627,2,18000,1.00248138958
67634,67640,71158,6,3518,2,18000,1.0017055145
67635,67646,71193,11,3547,2,18000,1.00310121229
67637,67651,71163,14,3512,2,18000,1.00398633257
67651,67657,71089,6,3432,2,18000,1.00174825175
67652,67663,71274,11,3611,2,18000,1.00304624758
67668,67674,71176,6,3502,2,18000,1.00171330668
67669,67680,71266,11,3586,2,18000,1.00306748466
67684,67690,71148,6,3458,2,18000,1.001735107
67686,67696,71360,10,3664,2,18000,1.00272925764
67687,67701,71194,14,3493,2,18000,1.00400801603
67702,67710,71381,8,3671,2,18000,1.00217924271
67719,67729,71151,10,3422,2,18000,1.00292226768
67737,67747,71307,10,3560,2,18000,1.00280898876
67770,67778,71342,8,3564,2,18000,1.00224466891
67848,67859,71509,11,3650,2,18000,1.00301369863
70680,70690,73823,10,3133,2,18000,1.00319182892
70694,70705,73823,11,3118,2,18000,1.0035279025
70757,70768,73823,11,3055,2,18000,1.00360065466
70784,70792,73823,8,3031,2,18000,1.00263939294
70850,70861,73823,11,2962,2,18000,1.00371370695
70874,70943,73823,69,2880,2,18000,1.02395833333
70875,70948,73823,73,2875,2,18000,1.02539130435
70962,70972,73823,10,2851,2,18000,1.00350754121
70986,70995,73823,9,2828,2,18000,1.0031824611
70987,71000,73823,13,2823,2,18000,1.00460503011
71002,71008,73823,6,2815,2,18000,1.00213143872
71017,71023,73823,6,2800,2,18000,1.00214285714
71046,71057,73823,11,2766,2,18000,1.00397686189
71061,71071,73823,10,2752,2,18000,1.00363372093
71076,71082,73823,6,2741,2,18000,1.00218898212
71092,71097,73823,5,2726,2,18000,1.00183418929
71093,71103,73823,10,2720,2,18000,1.00367647059
71094,71108,73823,14,2715,2,18000,1.00515653775
71095,71113,73823,18,2710,2,18000,1.00664206642
71110,71119,73823,9,2704,2,18000,1.00332840237
71132,71142,73823,10,2681,2,18000,1.00372995151
71148,71154,73823,6,2669,2,18000,1.00224803297
71149,71160,73823,11,2663,2,18000,1.00413067968
71165,71171,73823,6,2652,2,18000,1.00226244344
71166,71177,73823,11,2646,2,18000,1.00415721844
71167,71182,73823,15,2641,2,18000,1.00567966679
71168,71187,73823,19,2636,2,18000,1.00720789074
71183,71193,73823,10,2630,2,18000,1.00380228137
71185,71198,73823,13,2625,2,18000,1.00495238095
71200,71206,73823,6,2617,2,18000,1.00229270157
71201,71212,73823,11,2611,2,18000,1.00421294523
71202,71217,73823,15,2606,2,18000,1.00575594781
71256,71266,73823,10,2557,2,18000,1.00391083301
71271,71277,73823,6,2546,2,18000,1.00235663786
71285,71291,73823,6,2532,2,18000,1.00236966825
71309,71318,73823,9,2505,2,18000,1.00359281437
71342,71353,73823,11,2470,2,18000,1.0044534413
71363,71372,73823,9,2451,2,18000,1.00367197062
71383,71392,73823,9,2431,2,18000,1.00370218017
71510,71521,73823,11,2302,2,18000,1.00477845352
72114,72120,72122,6,2,2,300,1.0
72115,72126,72128,11,2,2,300,1.3
73897,73903,77253,6,3350,2,18000,1.00179104478
73898,73909,77353,11,3444,2,18000,1.00319396051
73900,73914,77418,14,3504,2,18000,1.00399543379
73901,73919,77406,18,3487,2,18000,1.0051620304
73902,73924,77301,22,3377,2,18000,1.00651465798
73903,73929,77245,26,3316,2,18000,1.00784077201
73905,73935,77464,30,3529,2,18000,1.00850099178
73906,73940,77351,34,3411,2,18000,1.00996775139
73907,73945,77469,38,3524,2,18000,1.01078320091
73908,73950,77221,42,3271,2,18000,1.01284011006
73910,73955,77390,45,3435,2,18000,1.01310043668
73912,73960,77564,48,3604,2,18000,1.01331853496
73913,73966,77276,53,3310,2,18000,1.01601208459
73914,73971,77303,57,3332,2,18000,1.01710684274
73915,73976,77493,61,3517,2,18000,1.01734432755
73917,73981,77555,64,3574,2,18000,1.01790710688
73918,73986,77472,68,3486,2,18000,1.01950659782
73919,73992,77383,73,3391,2,18000,1.02152757299
73920,73997,77528,77,3531,2,18000,1.02180685358
73922,74002,77510,80,3508,2,18000,1.0228050171
73923,74007,77518,84,3511,2,18000,1.02392480775
73924,74012,77550,88,3538,2,18000,1.0248728095
73926,74017,77592,91,3575,2,18000,1.02545454545
73927,74022,77386,95,3364,2,18000,1.02824019025
73928,74028,77617,100,3589,2,18000,1.02786291446
73929,74033,77457,104,3424,2,18000,1.03037383178
73931,74039,77339,108,3300,2,18000,1.03272727273
73932,74044,77401,112,3357,2,18000,1.03336312183
73933,74049,77635,116,3586,2,18000,1.03234802008
73934,74054,77457,120,3403,2,18000,1.03526300323
73936,74059,77509,123,3450,2,18000,1.03565217391
73937,74065,77639,128,3574,2,18000,1.03581421377
73938,74070,77669,132,3599,2,18000,1.03667685468
73939,74075,77663,136,3588,2,18000,1.03790412486
73941,74080,77651,139,3571,2,18000,1.03892467096
73942,74085,77504,143,3419,2,18000,1.04182509506
73943,74090,77530,147,3440,2,18000,1.04273255814
73945,74095,77576,150,3481,2,18000,1.04309106579
73946,74101,77677,155,3576,2,18000,1.04334451902
73947,74106,77614,159,3508,2,18000,1.04532497149
75808,75815,75843,7,28,2,300,1.25
75855,75861,75920,6,59,2,360,1.10169491525
75928,75934,76078,6,144,2,300,1.04166666667
75974,75980,76012,6,32,2,300,1.1875
75975,75986,76012,11,26,2,300,1.42307692308
76020,76025,76074,5,49,2,360,1.10204081633
76020,76031,76065,11,34,2,300,1.32352941176
76073,76079,76420,6,341,2,360,1.01759530792
76083,76088,76322,5,234,2,300,1.02136752137
76328,76335,76349,7,14,2,300,1.5
76358,76364,76390,6,26,2,300,1.23076923077
76397,76403,76551,6,148,2,300,1.04054054054
76435,76441,76782,6,341,2,360,1.01759530792
76796,76802,77181,6,379,2,360,1.01583113456
77225,77232,80732,7,3500,2,18000,1.002
77245,77256,80667,11,3411,2,18000,1.00322486074
77260,77266,80803,6,3537,2,18000,1.00169635284
77277,77287,80751,10,3464,2,18000,1.00288683603
77301,77312,80731,11,3419,2,18000,1.003217315
77316,77322,80858,6,3536,2,18000,1.00169683258
77340,77350,80896,10,3546,2,18000,1.00282007896
77355,77364,80804,9,3440,2,18000,1.00261627907
77356,77369,80800,13,3431,2,18000,1.0037889828
77386,77394,80903,8,3509,2,18000,1.00227985181
77388,77400,80895,12,3495,2,18000,1.00343347639
77403,77409,80887,6,3478,2,18000,1.00172512938
77404,77415,80750,11,3335,2,18000,1.00329835082
77419,77426,80916,7,3490,2,18000,1.00200573066
77421,77432,80955,11,3523,2,18000,1.00312233892
77460,77468,81103,8,3635,2,18000,1.00220082531
77462,77473,80703,11,3230,2,18000,1.00340557276
77479,77485,80987,6,3502,2,18000,1.00171330668
77480,77491,80999,11,3508,2,18000,1.00313568985
77481,77496,80960,15,3464,2,18000,1.00433025404
77496,77504,81050,8,3546,2,18000,1.00225606317
77511,77517,81107,6,3590,2,18000,1.00167130919
77512,77523,80958,11,3435,2,18000,1.00320232897
77514,77529,80807,15,3278,2,18000,1.00457596095
77528,77535,81085,7,3550,2,18000,1.00197183099
77530,77541,80977,11,3436,2,18000,1.00320139697
77545,77551,81087,6,3536,2,18000,1.00169683258
77560,77566,81047,6,3481,2,18000,1.00172364263
77562,77572,81123,10,3551,2,18000,1.00281610814
77576,77583,81263,7,3680,2,18000,1.00190217391
77578,77589,81189,11,3600,2,18000,1.00305555556
77595,77604,81196,9,3592,2,18000,1.00250556793
77616,77625,81271,9,3646,2,18000,1.00246845858
77631,77637,81272,6,3635,2,18000,1.00165061898
77646,77652,81228,6,3576,2,18000,1.00167785235
77648,77658,81235,10,3577,2,18000,1.0027956388
77662,77668,81195,6,3527,2,18000,1.00170116246
77677,77684,81174,7,3490,2,18000,1.00200573066
77679,77689,81116,10,3427,2,18000,1.00291800409
77680,77695,81282,15,3587,2,18000,1.00418176749
78727,78734,78796,7,62,2,3540,1.11290322581
79541,79548,79611,7,63,4,3540,1.11111111111
80669,80679,84314,10,3635,2,18000,1.00275103164
80705,80714,84048,9,3334,2,18000,1.00269946011
80732,80742,84278,10,3536,2,18000,1.0028280543
80747,80753,84514,6,3761,2,18000,1.00159532039
80762,80768,84294,6,3526,2,18000,1.00170164492
80763,80774,84388,11,3614,2,18000,1.00304371887
80802,80811,84489,9,3678,2,18000,1.00244698206
80817,80823,84342,6,3519,2,18000,1.00170502984
80818,80829,84134,11,3305,2,18000,1.00332829047
80820,80834,84535,14,3701,2,18000,1.00378276142
80859,80869,84575,10,3706,2,18000,1.00269832704
80889,80899,84350,10,3451,2,18000,1.00289771081
80904,80910,84614,6,3704,2,18000,1.00161987041
80905,80916,84410,11,3494,2,18000,1.00314825415
80906,80921,84538,15,3617,2,18000,1.00414708322
80921,80927,84065,6,3138,2,18000,1.00191204589
80958,80966,84457,8,3491,2,18000,1.00229160699
80972,80979,84482,7,3503,2,18000,1.00199828718
80974,80985,84512,11,3527,2,18000,1.00311879785
80989,80995,84681,6,3686,2,18000,1.00162778079
80990,81001,84458,11,3457,2,18000,1.00318194967
81005,81011,84514,6,3503,2,18000,1.00171281758
81050,81059,84643,9,3584,2,18000,1.00251116071
81065,81071,84664,6,3593,2,18000,1.00166991372
81086,81096,84493,10,3397,2,18000,1.00294377392
81100,81106,84719,6,3613,2,18000,1.0016606698
81115,81121,84634,6,3513,2,18000,1.00170794193
81116,81127,84757,11,3630,2,18000,1.00303030303
81131,81137,84660,6,3523,2,18000,1.00170309395
81132,81143,84688,11,3545,2,18000,1.00310296192
81177,81186,84701,9,3515,2,18000,1.00256045519
81192,81200,84630,8,3430,2,18000,1.00233236152
81206,81213,84814,7,3601,2,18000,1.00194390447
81208,81218,84787,10,3569,2,18000,1.0028019053
81229,81239,84817,10,3578,2,18000,1.00279485746
81244,81250,84800,6,3550,2,18000,1.00169014085
81265,81275,84937,10,3662,2,18000,1.00273074823
81279,81285,84928,6,3643,2,18000,1.00164699424
81281,81291,84775,10,3484,2,18000,1.00287026406
81295,81301,84577,6,3276,2,18000,1.00183150183
84049,84059,87465,10,3406,2,18000,1.0029359953
84066,84076,87791,10,3715,2,18000,1.00269179004
84135,84145,87811,10,3666,2,18000,1.00272776869
84279,84290,87900,11,3610,2,18000,1.00304709141
84297,84305,87837,8,3532,2,18000,1.00226500566
84315,84325,87941,10,3616,2,18000,1.00276548673
84345,84354,88028,9,3674,2,18000,1.00244964616
84360,84366,87963,6,3597,2,18000,1.00166805671
84389,84400,87905,11,3505,2,18000,1.00313837375
84410,84421,88102,11,3681,2,18000,1.00298831839
84458,84468,88098,10,3630,2,18000,1.00275482094
84473,84479,88049,6,3570,2,18000,1.00168067227
84488,84494,88096,6,3602,2,18000,1.00166574125
84503,84509,88031,6,3522,2,18000,1.00170357751
84504,84515,88081,11,3566,2,18000,1.00308468873
84519,84525,88145,6,3620,2,18000,1.00165745856
84521,84531,88059,10,3528,2,18000,1.00283446712
84522,84536,88061,14,3525,2,18000,1.00397163121
84536,84546,88118,10,3572,2,18000,1.00279955207
84551,84557,88261,6,3704,2,18000,1.00161987041
84578,84586,88160,8,3574,2,18000,1.00223838836
84579,84592,87940,13,3348,2,18000,1.00388291517
84615,84625,88161,10,3536,2,18000,1.0028280543
84633,84642,88151,9,3509,2,18000,1.00256483329
84648,84654,88089,6,3435,2,18000,1.00174672489
84650,84660,88335,10,3675,2,18000,1.00272108844
84664,84671,88153,7,3482,2,18000,1.00201033889
84666,84677,88295,11,3618,2,18000,1.00304035379
84684,84692,88374,8,3682,2,18000,1.00217273221
84698,84704,88127,6,3423,2,18000,1.00175284838
84713,84719,88278,6,3559,2,18000,1.00168586682
84727,84733,88464,6,3731,2,18000,1.00160814795
84757,84768,88398,11,3630,2,18000,1.00303030303
84775,84786,88299,11,3513,2,18000,1.00313122687
84790,84798,88464,8,3666,2,18000,1.00218221495
84805,84811,88255,6,3444,2,18000,1.00174216028
84819,84825,88537,6,3712,2,18000,1.00161637931
84821,84831,88393,10,3562,2,18000,1.00280741157
84929,84939,88531,10,3592,2,18000,1.00278396437
84943,84949,88488,6,3539,2,18000,1.00169539418
87467,87476,91044,9,3568,2,18000,1.00252242152
87794,87802,91280,8,3478,2,18000,1.00230017251
87812,87822,91556,10,3734,2,18000,1.0026780932
87839,87848,91357,9,3509,2,18000,1.00256483329
87902,87911,91459,9,3548,2,18000,1.00253664036
87917,87923,91491,6,3568,2,18000,1.00168161435
87941,87951,91482,10,3531,2,18000,1.00283205891
87942,87957,91508,15,3551,2,18000,1.00422416221
87966,87974,91614,8,3640,2,18000,1.0021978022
88029,88039,91582,10,3543,2,18000,1.00282246684
88044,88050,91691,6,3641,2,18000,1.00164789893
88059,88065,91657,6,3592,2,18000,1.00167037862
88074,88080,91816,6,3736,2,18000,1.00160599572
88075,88086,91714,11,3628,2,18000,1.00303197354
88090,88096,91740,6,3644,2,18000,1.00164654226
88092,88102,91718,10,3616,2,18000,1.00276548673
88107,88112,91703,5,3591,2,18000,1.00139236981
88108,88118,91670,10,3552,2,18000,1.00281531532
88109,88123,91606,14,3483,2,18000,1.0040195234
88124,88130,91727,6,3597,2,18000,1.00166805671
88139,88145,91762,6,3617,2,18000,1.00165883329
88154,88160,91820,6,3660,2,18000,1.00163934426
88155,88166,91880,11,3714,2,18000,1.00296176629
88157,88171,91702,14,3531,2,18000,1.00396488247
88171,88177,91867,6,3690,2,18000,1.00162601626
88173,88183,91515,10,3332,2,18000,1.00300120048
88257,88266,91893,9,3627,2,18000,1.00248138958
88271,88278,91859,7,3581,2,18000,1.00195476124
88286,88292,91925,6,3633,2,18000,1.00165152766
88301,88307,91897,6,3590,2,18000,1.00167130919
88302,88313,91939,11,3626,2,18000,1.00303364589
88338,88346,91862,8,3516,2,18000,1.00227531286
88377,88385,92024,8,3639,2,18000,1.00219840616
88395,88404,92039,9,3635,2,18000,1.00247592847
88410,88416,91997,6,3581,2,18000,1.00167550963
88467,88475,92071,8,3596,2,18000,1.0022246941
88469,88481,91980,12,3499,2,18000,1.0034295513
88490,88499,92087,9,3588,2,18000,1.0025083612
88535,88543,92085,8,3542,2,18000,1.00225861095
88549,88555,92082,6,3527,2,18000,1.00170116246
91047,91056,94669,9,3613,2,18000,1.00249100471
91281,91291,94725,10,3434,2,18000,1.00291205591
91359,91369,94932,10,3563,2,18000,1.00280662363
91461,91470,95130,9,3660,2,18000,1.00245901639
91485,91493,95106,8,3613,2,18000,1.0022142264
91499,91506,94896,7,3390,2,18000,1.00206489676
91514,91521,95040,7,3519,2,18000,1.00198920148
91529,91535,95233,6,3698,2,18000,1.00162249865
91559,91567,95047,8,3480,2,18000,1.00229885057
91584,91593,95235,9,3642,2,18000,1.00247116969
91608,91617,95074,9,3457,2,18000,1.00260341336
91623,91629,95154,6,3525,2,18000,1.00170212766
91659,91668,95267,9,3599,2,18000,1.00250069464
91673,91681,95374,8,3693,2,18000,1.00216626049
91694,91702,95296,8,3594,2,18000,1.00222593211
91709,91715,95132,6,3417,2,18000,1.00175592625
91710,91721,95305,11,3584,2,18000,1.00306919643
91725,91731,95322,6,3591,2,18000,1.00167084378
91726,91737,95212,11,3475,2,18000,1.00316546763
91741,91747,95383,6,3636,2,18000,1.00165016502
91742,91753,95354,11,3601,2,18000,1.00305470703
91763,91774,95286,11,3512,2,18000,1.00313211845
91817,91827,95454,10,3627,2,18000,1.00275709953
91832,91838,95393,6,3555,2,18000,1.00168776371
91862,91870,95477,8,3607,2,18000,1.00221790962
91863,91876,95435,13,3559,2,18000,1.00365271144
91879,91885,95497,6,3612,2,18000,1.00166112957
91894,91900,95370,6,3470,2,18000,1.00172910663
91895,91906,95488,11,3582,2,18000,1.00307091011
91910,91916,95501,6,3585,2,18000,1.00167364017
91928,91936,95589,8,3653,2,18000,1.00218998084
91942,91950,95617,8,3667,2,18000,1.00218161985
91981,91991,95703,10,3712,2,18000,1.00269396552
91996,92008,95670,12,3662,2,18000,1.00327689787
92026,92035,95655,9,3620,2,18000,1.00248618785
92040,92050,95660,10,3610,2,18000,1.0027700831
92073,92082,95777,9,3695,2,18000,1.00243572395
92088,92095,95778,7,3683,2,18000,1.00190062449
92090,92101,95734,11,3633,2,18000,1.00302780072
92091,92106,95817,15,3711,2,18000,1.00404203719
94674,94680,98374,6,3694,2,18000,1.00162425555
94728,94736,98224,8,3488,2,18000,1.00229357798
94896,94907,98609,11,3702,2,18000,1.00297136683
94935,94943,98610,8,3667,2,18000,1.00218161985
95040,95051,98644,11,3593,2,18000,1.00306150849
95055,95061,98625,6,3564,2,18000,1.00168350168
95076,95086,98735,10,3649,2,18000,1.00274047684
95109,95117,98797,8,3680,2,18000,1.00217391304
95133,95142,98869,9,3727,2,18000,1.00241481084
95134,95148,98807,14,3659,2,18000,1.00382618202
95155,95165,98614,10,3449,2,18000,1.00289939113
95215,95223,98975,8,3752,2,18000,1.00213219616
95233,95244,98616,11,3372,2,18000,1.00326215896
95248,95254,98901,6,3647,2,18000,1.00164518783
95269,95278,98840,9,3562,2,18000,1.00252667041
95284,95297,98787,13,3490,2,18000,1.00372492837
95299,95307,98894,8,3587,2,18000,1.002230276
95314,95320,98909,6,3589,2,18000,1.00167177487
95328,95334,98988,6,3654,2,18000,1.00164203612
95355,95366,98837,11,3471,2,18000,1.00316911553
95373,95381,98845,8,3464,2,18000,1.00230946882
95388,95394,98903,6,3509,2,18000,1.00170988886
95389,95400,99039,11,3639,2,18000,1.00302280846
95405,95411,99063,6,3652,2,18000,1.00164293538
95438,95447,99036,9,3589,2,18000,1.0025076623
95456,95465,98984,9,3519,2,18000,1.00255754476
95480,95488,99067,8,3579,2,18000,1.00223526125
95495,95501,99208,6,3707,2,18000,1.00161855948
95510,95516,99083,6,3567,2,18000,1.00168208579
95511,95522,98966,11,3444,2,18000,1.00319396051
95556,95562,116990,6,21428,16,43200,1.00028000747
95592,95600,99028,8,3428,2,18000,1.00233372229
95619,95628,99288,9,3660,2,18000,1.00245901639
95655,95666,99250,11,3584,2,18000,1.00306919643
95671,95677,99218,6,3541,2,18000,1.0016944366
95672,95683,99283,11,3600,2,18000,1.00305555556
95705,95714,99356,9,3642,2,18000,1.00247116969
95735,95745,99372,10,3627,2,18000,1.00275709953
95780,95788,99350,8,3562,2,18000,1.00224592925
95782,95794,99452,12,3658,2,18000,1.00328048114
95818,95828,99557,10,3729,2,18000,1.0026816841
98228,98235,101725,7,3490,2,18000,1.00200573066
98376,98386,102007,10,3621,2,18000,1.00276166805
98614,98619,102164,5,3545,2,18000,1.00141043724
98615,98625,102232,10,3607,2,18000,1.00277238703
98630,98636,102157,6,3521,2,18000,1.00170406135
98631,98642,102264,11,3622,2,18000,1.00303699613
98633,98647,102152,14,3505,2,18000,1.00399429387
98647,98656,102298,9,3642,2,18000,1.00247116969
98738,98746,102322,8,3576,2,18000,1.00223713647
98789,98799,102371,10,3572,2,18000,1.00279955207
98804,98810,102431,6,3621,2,18000,1.00165700083
98819,98825,102431,6,3606,2,18000,1.00166389351
98840,98848,102448,8,3600,2,18000,1.00222222222
98855,98861,102551,6,3690,2,18000,1.00162601626
98856,98867,102416,11,3549,2,18000,1.00309946464
98870,98880,102528,10,3648,2,18000,1.00274122807
98897,98906,101972,9,3066,2,18000,1.00293542074
98912,98918,102467,6,3549,2,18000,1.00169061708
98914,98924,102476,10,3552,2,18000,1.00281531532
98915,98929,102594,14,3665,2,18000,1.00381991814
98967,98977,102592,10,3615,2,18000,1.00276625173
98982,98993,102647,11,3654,2,18000,1.00301039956
98996,99003,102536,7,3533,2,18000,1.00198131899
98998,99009,102561,11,3552,2,18000,1.00309684685
99031,99039,102600,8,3561,2,18000,1.00224655996
99046,99052,102676,6,3624,2,18000,1.00165562914
99047,99058,102805,11,3747,2,18000,1.00293568188
99066,99075,102676,9,3601,2,18000,1.00249930575
99081,99087,102774,6,3687,2,18000,1.0016273393
99096,99102,102602,6,3500,2,18000,1.00171428571
99210,99219,102846,9,3627,2,18000,1.00248138958
99225,99231,102896,6,3665,2,18000,1.00163710778
99252,99262,102702,10,3440,2,18000,1.00290697674
99285,99294,102808,9,3514,2,18000,1.00256118384
99300,99306,102709,6,3403,2,18000,1.00176315016
99352,99361,102909,9,3548,2,18000,1.00253664036
99367,99373,103041,6,3668,2,18000,1.00163576881
99381,99388,103050,7,3662,2,18000,1.00191152376
99453,99463,103092,10,3629,2,18000,1.00275558005
99560,99568,103334,8,3766,2,18000,1.00212426978
101729,101736,105221,7,3485,2,18000,1.00200860832
101974,101983,105633,9,3650,2,18000,1.00246575342
102010,102018,105503,8,3485,2,18000,1.00229555237
102155,102163,105760,8,3597,2,18000,1.00222407562
102170,102176,105770,6,3594,2,18000,1.00166944908
102171,102182,105685,11,3503,2,18000,1.00314016557
102235,102243,105735,8,3492,2,18000,1.00229095074
102265,102276,105956,11,3680,2,18000,1.00298913043
102301,102309,105979,8,3670,2,18000,1.00217983651
102324,102333,105984,9,3651,2,18000,1.00246507806
102372,102382,105991,10,3609,2,18000,1.00277085065
102417,102427,106066,10,3639,2,18000,1.00274800769
102432,102442,106007,10,3565,2,18000,1.00280504909
102433,102447,106034,14,3587,2,18000,1.00390298299
102451,102459,106157,8,3698,2,18000,1.00216333153
102469,102478,105950,9,3472,2,18000,1.0025921659
102484,102490,106080,6,3590,2,18000,1.00167130919
102529,102539,106184,10,3645,2,18000,1.00274348422
102544,102550,106056,6,3506,2,18000,1.00171135197
102559,102565,106102,6,3537,2,18000,1.00169635284
102573,102580,106248,7,3668,2,18000,1.00190839695
102595,102603,106186,8,3583,2,18000,1.00223276584
102596,102609,106212,13,3603,2,18000,1.00360810436
102612,102618,106200,6,3582,2,18000,1.00167504188
102613,102624,106200,11,3576,2,18000,1.00307606264
102649,102658,106295,9,3637,2,18000,1.00247456695
102677,102687,106243,10,3556,2,18000,1.00281214848
102678,102693,106215,15,3522,2,18000,1.00425894378
102706,102714,106187,8,3473,2,18000,1.00230348402
102720,102726,106384,6,3658,2,18000,1.00164024057
102774,102785,106441,11,3656,2,18000,1.00300875274
102809,102819,106261,10,3442,2,18000,1.00290528762
102810,102824,106299,14,3475,2,18000,1.00402877698
102849,102857,106440,8,3583,2,18000,1.00223276584
102897,102907,106576,10,3669,2,18000,1.00272553829
102912,102920,106588,8,3668,2,18000,1.00218102508
102972,102978,103080,6,102,1,1800,1.05882352941
103041,103052,106767,11,3715,2,18000,1.00296096904
103056,103062,106707,6,3645,2,18000,1.00164609053
103096,103103,106740,7,3637,2,18000,1.00192466318
103337,103345,106838,8,3493,2,18000,1.00229029488
103385,103392,103495,7,103,1,1800,1.06796116505
104104,104110,104545,6,435,1,1800,1.01379310345
105224,105232,108843,8,3611,2,18000,1.00221545278
105504,105514,109130,10,3616,2,18000,1.00276548673
105638,105644,109294,6,3650,2,18000,1.00164383562
105686,105696,109338,10,3642,2,18000,1.0027457441
105737,105746,109438,9,3692,2,18000,1.00243770314
105761,105771,109414,10,3643,2,18000,1.00274499039
105776,105782,109101,6,3319,2,18000,1.00180777343
105951,105961,109645,10,3684,2,18000,1.00271444083
105967,105973,109584,6,3611,2,18000,1.00166158959
105982,105990,109617,8,3627,2,18000,1.00220567963
105997,106003,109720,6,3717,2,18000,1.001614205
105998,106009,109724,11,3715,2,18000,1.00296096904
106013,106019,109655,6,3636,2,18000,1.00165016502
106037,106045,109665,8,3620,2,18000,1.00220994475
106058,106067,109656,9,3589,2,18000,1.0025076623
106073,106079,109745,6,3666,2,18000,1.00163666121
106088,106094,109704,6,3610,2,18000,1.00166204986
106106,106114,109542,8,3428,2,18000,1.00233372229
106160,106168,109616,8,3448,2,18000,1.00232018561
106188,106197,109880,9,3683,2,18000,1.00244366006
106189,106202,109829,13,3627,2,18000,1.00358422939
106190,106208,109816,18,3608,2,18000,1.00498891353
106205,106214,109868,9,3654,2,18000,1.00246305419
106207,106219,109793,12,3574,2,18000,1.00335758254
106222,106228,109777,6,3549,2,18000,1.00169061708
106223,106234,109876,11,3642,2,18000,1.00302031851
106244,106254,109928,10,3674,2,18000,1.00272182907
106259,106265,109850,6,3585,2,18000,1.00167364017
106274,106280,109953,6,3673,2,18000,1.00163354206
106298,106307,109841,9,3534,2,18000,1.0025466893
106313,106319,109749,6,3430,2,18000,1.00174927114
106321,106327,106364,6,37,1,1800,1.16216216216
106330,106336,106379,6,43,1,1800,1.13953488372
106387,106396,109866,9,3470,2,18000,1.00259365994
106442,106457,110022,15,3565,2,18000,1.00420757363
106443,106451,110113,8,3662,2,18000,1.00218459858
106580,106587,109863,7,3276,2,18000,1.00213675214
106595,106601,110229,6,3628,2,18000,1.00165380375
106653,106659,106730,6,71,1,1800,1.08450704225
106705,106711,106783,6,72,1,1800,1.08333333333
106709,106718,110306,9,3588,2,18000,1.0025083612
106743,106752,110356,9,3604,2,18000,1.00249722531
106770,106779,110496,9,3717,2,18000,1.00242130751
106840,106849,110462,9,3613,2,18000,1.00249100471
107253,107259,107477,6,218,1,1800,1.02752293578
107656,107663,107926,7,263,1,1800,1.02661596958
108791,108798,108826,7,28,1,1800,1.25
108846,108855,112384,9,3529,2,18000,1.00255029753
109102,109112,112850,10,3738,2,18000,1.00267522739
109132,109141,112852,9,3711,2,18000,1.00242522231
109136,109146,109207,10,61,1,1800,1.16393442623
109298,109306,112827,8,3521,2,18000,1.00227208179
109340,109349,112805,9,3456,2,18000,1.00260416667
109415,109426,112918,11,3492,2,18000,1.00315005727
109442,109450,112941,8,3491,2,18000,1.00229160699
109544,109553,112940,9,3387,2,18000,1.00265721878
109586,109595,113238,9,3643,2,18000,1.00247049135
109619,109628,113304,9,3676,2,18000,1.00244831338
109621,109633,113318,12,3685,2,18000,1.00325644505
109648,109657,113397,9,3740,2,18000,1.00240641711
109663,109668,113213,5,3545,2,18000,1.00141043724
109664,109674,113254,10,3580,2,18000,1.00279329609
109678,109685,113254,7,3569,2,18000,1.00196133371
109705,109715,113360,10,3645,2,18000,1.00274348422
109723,109731,113368,8,3637,2,18000,1.00219961507
109738,109744,113342,6,3598,2,18000,1.00166759311
109753,109759,113294,6,3535,2,18000,1.00169731259
109754,109765,113356,11,3591,2,18000,1.00306321359
109778,109789,113317,11,3528,2,18000,1.00311791383
109796,109804,113382,8,3578,2,18000,1.00223588597
109817,109827,113141,10,3314,2,18000,1.00301750151
109832,109840,113450,8,3610,2,18000,1.00221606648
109847,109853,113344,6,3491,2,18000,1.00171870524
109862,109868,113596,6,3728,2,18000,1.00160944206
109878,109884,113608,6,3724,2,18000,1.00161117078
109879,109890,113450,11,3560,2,18000,1.00308988764
109880,109895,113539,15,3644,2,18000,1.00411635565
109882,109900,113525,18,3625,2,18000,1.00496551724
109896,109906,113475,10,3569,2,18000,1.0028019053
109930,109939,113283,9,3344,2,18000,1.00269138756
109956,109965,113383,9,3418,2,18000,1.00263311878
109962,109971,110090,9,119,1,1800,1.0756302521
110023,110033,113701,10,3668,2,18000,1.00272628135
110048,110054,112470,6,2416,1,3600,1.00248344371
110117,110125,113708,8,3583,2,18000,1.00223276584
110231,110240,113810,9,3570,2,18000,1.0025210084
110307,110318,113722,11,3404,2,18000,1.00323149236
110359,110367,114006,8,3639,2,18000,1.00219840616
110465,110474,114021,9,3547,2,18000,1.00253735551
110495,110507,114176,12,3669,2,18000,1.00327064595
112385,112395,116049,10,3654,2,18000,1.00273672687
112806,112816,116391,10,3575,2,18000,1.0027972028
112830,112838,116510,8,3672,2,18000,1.00217864924
112851,112861,116475,10,3614,2,18000,1.00276701716
112866,112872,116536,6,3664,2,18000,1.00163755459
112920,112929,116633,9,3704,2,18000,1.00242980562
112941,112951,116629,10,3678,2,18000,1.00271886895
112956,112962,116507,6,3545,2,18000,1.00169252468
113142,113153,116801,11,3648,2,18000,1.00301535088
113214,113224,116751,10,3527,2,18000,1.00283527077
113242,113249,116872,7,3623,2,18000,1.00193210047
113256,113265,116781,9,3516,2,18000,1.00255972696
113258,113270,116769,12,3499,2,18000,1.0034295513
113285,113294,116948,9,3654,2,18000,1.00246305419
113300,113305,116915,5,3610,2,18000,1.00138504155
113315,113321,117017,6,3696,2,18000,1.00162337662
113330,113336,116996,6,3660,2,18000,1.00163934426
113331,113342,116991,11,3649,2,18000,1.00301452453
113346,113353,116800,7,3447,2,18000,1.00203075138
113347,113359,117001,12,3642,2,18000,1.00329489292
113362,113368,116962,6,3594,2,18000,1.00166944908
113364,113374,116747,10,3373,2,18000,1.00296471983
113378,113384,116699,6,3315,2,18000,1.00180995475
113393,113399,116903,6,3504,2,18000,1.00171232877
113394,113405,117065,11,3660,2,18000,1.00300546448
113409,113415,116969,6,3554,2,18000,1.0016882386
113451,113461,117093,10,3632,2,18000,1.00275330396
113453,113466,117095,13,3629,2,18000,1.00358225406
113477,113486,117129,9,3643,2,18000,1.00247049135
113528,113536,117084,8,3548,2,18000,1.00225479143
113543,113550,117293,7,3743,2,18000,1.00187015763
113597,113607,117177,10,3570,2,18000,1.00280112045
113612,113620,117234,8,3614,2,18000,1.00221361372
113702,113713,117299,11,3586,2,18000,1.00306748466
113717,113723,117326,6,3603,2,18000,1.00166527893
113732,113738,117438,6,3700,2,18000,1.00162162162
113813,113821,117340,8,3519,2,18000,1.00227337312
114010,114017,117629,7,3612,2,18000,1.0019379845
114032,114038,117618,6,3580,2,18000,1.00167597765
114177,114188,117797,11,3609,2,18000,1.00304793572
116050,116060,119736,10,3676,2,18000,1.0027203482
116393,116402,120124,9,3722,2,18000,1.00241805481
116478,116486,120062,8,3576,2,18000,1.00223713647
116508,116518,120155,10,3637,2,18000,1.00274951883
116523,116529,120120,6,3591,2,18000,1.00167084378
116538,116547,120196,9,3649,2,18000,1.00246642916
116631,116640,120277,9,3637,2,18000,1.00247456695
116646,116653,120242,7,3589,2,18000,1.00195040401
116701,116711,120226,10,3515,2,18000,1.00284495021
116749,116758,120247,9,3489,2,18000,1.00257953568
116764,116770,120431,6,3661,2,18000,1.00163889648
116778,116784,120184,6,3400,2,18000,1.00176470588
116793,116799,120388,6,3589,2,18000,1.00167177487
116808,116814,120497,6,3683,2,18000,1.00162910671
116809,116820,120077,11,3257,2,18000,1.00337734111
116872,116883,120434,11,3551,2,18000,1.00309771895
116905,116914,120218,9,3304,2,18000,1.00272397094
116920,116926,120437,6,3511,2,18000,1.00170891484
116950,116960,120609,10,3649,2,18000,1.00274047684
116965,116973,120541,8,3568,2,18000,1.00224215247
116980,116986,120606,6,3620,2,18000,1.00165745856
116995,117002,120632,7,3630,2,18000,1.00192837466
117010,117016,120762,6,3746,2,18000,1.00160170849
117011,117022,120664,11,3642,2,18000,1.00302031851
117026,117032,120657,6,3625,2,18000,1.00165517241
117065,117076,120700,11,3624,2,18000,1.00303532009
117086,117095,120718,9,3623,2,18000,1.00248412917
117102,117108,120711,6,3603,2,18000,1.00166527893
117103,117114,120704,11,3590,2,18000,1.00306406685
117130,117140,120663,10,3523,2,18000,1.00283848992
117178,117188,120876,10,3688,2,18000,1.00271149675
117235,117245,120813,10,3568,2,18000,1.00280269058
117295,117305,120943,10,3638,2,18000,1.00274876306
117310,117316,120921,6,3605,2,18000,1.00166435506
117328,117337,121056,9,3719,2,18000,1.00242000538
117343,117352,120719,9,3367,2,18000,1.00267300267
117440,117449,120993,9,3544,2,18000,1.00253950339
117621,117629,121227,8,3598,2,18000,1.00222345748
117636,117642,121263,6,3621,2,18000,1.00165700083
117799,117808,121435,9,3627,2,18000,1.00248138958
118461,118467,121713,6,3246,4,18000,1.00184842884
119279,119285,191351,6,72066,4,72000,1.00008325701
119737,119748,123394,11,3646,2,18000,1.00301700494
119804,119810,119859,6,49,80,72000,1.12244897959
120012,120018,120068,6,50,80,72000,1.12
120065,120074,123595,9,3521,2,18000,1.00255609202
120080,120089,123738,9,3649,2,18000,1.00246642916
120119,120135,123647,16,3512,2,18000,1.00455580866
120122,120129,121110,7,981,4,18000,1.00713557594
120133,120141,123790,8,3649,2,18000,1.00219238147
120151,120158,192200,7,72042,40,72000,1.00009716554
120157,120166,123762,9,3596,2,18000,1.00250278087
120184,120195,123642,11,3447,2,18000,1.00319118074
120199,120207,123752,8,3545,2,18000,1.00225669958
120220,120229,123776,9,3547,2,18000,1.00253735551
120234,120241,123845,7,3604,2,18000,1.00194228635
120249,120255,123759,6,3504,2,18000,1.00171232877
120251,120261,123934,10,3673,2,18000,1.00272257011
120278,120288,123934,10,3646,2,18000,1.00274273176
120347,120353,192391,6,72038,40,72000,1.00008328938
120389,120400,123977,11,3577,2,18000,1.00307520268
120431,120442,124135,11,3693,2,18000,1.00297860818
120446,120453,123990,7,3537,2,18000,1.00197907831
120448,120459,124155,11,3696,2,18000,1.00297619048
120456,120465,192514,9,72049,40,72000,1.00012491499
120499,120509,124178,10,3669,2,18000,1.00272553829
120544,120553,124150,9,3597,2,18000,1.00250208507
120563,120569,192631,6,72062,40,72000,1.00008326164
120607,120617,124201,10,3584,2,18000,1.00279017857
120623,120629,124181,6,3552,2,18000,1.00168918919
120638,120644,124207,6,3563,2,18000,1.00168397418
120659,120668,124116,9,3448,2,18000,1.00261020882
120674,120680,124309,6,3629,2,18000,1.00165334803
120675,120686,124319,11,3633,2,18000,1.00302780072
120703,120711,124341,8,3630,2,18000,1.00220385675
120719,120725,124227,6,3502,2,18000,1.00171330668
120720,120731,124298,11,3567,2,18000,1.00308382394
120721,120736,124186,15,3450,2,18000,1.00434782609
120723,120741,124470,18,3729,2,18000,1.00482703138
120766,120773,124082,7,3309,2,18000,1.00211544273
120811,120824,124415,13,3591,2,18000,1.00362016151
120877,120887,124378,10,3491,2,18000,1.00286450874
120922,120932,124531,10,3599,2,18000,1.0027785496
120946,120954,124619,8,3665,2,18000,1.00218281037
120994,121004,124735,10,3731,2,18000,1.00268024658
121057,121067,124569,10,3502,2,18000,1.00285551114
121228,121239,124941,11,3702,2,18000,1.00297136683
121263,121269,121270,6,1,8,7200,1.0
121265,121275,124924,10,3649,2,18000,1.00274047684
121346,121352,121353,6,1,4,18000,1.0
121438,121446,124824,8,3378,2,18000,1.00236826525
121892,121898,128391,6,6493,8,7200,1.00092407208
122060,122067,122611,7,544,4,18000,1.01286764706
122152,122158,128667,6,6509,4,18000,1.00092180058
122685,122691,165899,6,43208,16,43200,1.00013886317
122763,122769,124625,6,1856,8,7200,1.00323275862
123397,123405,127043,8,3638,2,18000,1.00219901045
123597,123606,127276,9,3670,2,18000,1.00245231608
123645,123653,127308,8,3655,2,18000,1.00218878249
123660,123666,127288,6,3622,2,18000,1.00165654335
123741,123749,127395,8,3646,2,18000,1.00219418541
123757,123762,127292,5,3530,2,18000,1.00141643059
123772,123778,127354,6,3576,2,18000,1.00167785235
123773,123784,127355,11,3571,2,18000,1.00308036964
123788,123795,127253,7,3458,2,18000,1.0020242915
123803,123809,127395,6,3586,2,18000,1.00167317345
123845,123856,127395,11,3539,2,18000,1.00310822266
123936,123945,127395,9,3450,2,18000,1.00260869565
123938,123950,127395,12,3445,2,18000,1.00348330914
123980,123988,127395,8,3407,2,18000,1.00234810684
123995,124001,127395,6,3394,2,18000,1.00176782557
123998,124007,136255,9,12248,4,68400,1.00073481385
124083,124093,127395,10,3302,2,18000,1.0030284676
124117,124127,127395,10,3268,2,18000,1.00305997552
124138,124146,127395,8,3249,2,18000,1.00246229609
124153,124162,127395,9,3233,2,18000,1.00278379214
124169,124175,127395,6,3220,2,18000,1.00186335404
124185,124191,127395,6,3204,2,18000,1.00187265918
124186,124197,127395,11,3198,2,18000,1.00343964978
124201,124208,127395,7,3187,2,18000,1.00219642297
124203,124214,127395,11,3181,2,18000,1.00345803207
124218,124224,127395,6,3171,2,18000,1.00189214759
124233,124239,127395,6,3156,2,18000,1.00190114068
124299,124309,127395,10,3086,2,18000,1.0032404407
124314,124320,127395,6,3075,2,18000,1.00195121951
124329,124335,127395,6,3060,2,18000,1.00196078431
124344,124352,127395,8,3043,2,18000,1.00262898455
124380,124389,127395,9,3006,2,18000,1.00299401198
124417,124426,127395,9,2969,2,18000,1.00303132368
124471,124481,127395,10,2914,2,18000,1.00343170899
124532,124542,127395,10,2853,2,18000,1.00350508237
124571,124581,127395,10,2814,2,18000,1.00355366027
124621,124630,127395,9,2765,2,18000,1.00325497288
124738,124746,127395,8,2649,2,18000,1.00302000755
124826,124836,127395,10,2559,2,18000,1.00390777648
124926,124935,127395,9,2460,2,18000,1.00365853659
124941,124952,127395,11,2443,2,18000,1.00450266066
126454,126460,151912,6,25452,2,43200,1.00023573786
126516,126522,158654,6,32132,2,43200,1.00018672974
127019,147440,166034,20421,18594,10,43200,2.09825750242
127043,127054,127395,11,341,2,18000,1.03225806452
127255,127264,127395,9,131,2,18000,1.06870229008
127280,127287,127395,7,108,2,18000,1.06481481481
127295,127301,127395,6,94,2,18000,1.06382978723
127296,127307,127395,11,88,2,18000,1.125
127311,127320,127395,9,75,2,18000,1.12
127357,127365,127395,8,30,2,18000,1.26666666667
127358,127371,127395,13,24,2,18000,1.54166666667
127632,150114,170400,22482,20286,10,43200,2.10825199645
127662,127668,127670,6,2,2,18000,1.0
127664,127674,127675,10,1,2,18000,1.1
127665,127679,127680,14,1,2,18000,1.5
127666,127684,127685,18,1,2,18000,1.9
127667,127689,127690,22,1,2,18000,2.3
127748,127754,131441,6,3687,2,18000,1.0016273393
127749,127760,131057,11,3297,2,18000,1.00333636639
127750,127765,131512,15,3747,2,18000,1.00400320256
127752,127770,131428,18,3658,2,18000,1.00492072171
127753,127775,131517,22,3742,2,18000,1.00587920898
127754,127780,131325,26,3545,2,18000,1.00733427362
127756,127786,131301,30,3515,2,18000,1.00853485064
127757,127791,131212,34,3421,2,18000,1.00993861444
127758,127796,131335,38,3539,2,18000,1.01073749647
127760,127801,131330,41,3529,2,18000,1.0116180221
127761,127807,131369,46,3562,2,18000,1.01291409321
127761,236756,282331,108995,45575,4,162000,3.39155238618
127762,127812,131353,50,3541,2,18000,1.014120305
127764,127817,131183,53,3366,2,18000,1.01574569222
127765,127822,131434,57,3612,2,18000,1.0157807309
127766,127827,131544,61,3717,2,18000,1.01641108421
127767,127833,131337,66,3504,2,18000,1.01883561644
127769,127838,131276,69,3438,2,18000,1.02006980803
127770,127843,131261,73,3418,2,18000,1.02135751902
127771,127848,131234,77,3386,2,18000,1.02274069699
127773,127853,131420,80,3567,2,18000,1.02242781049
127777,127858,131428,81,3570,2,18000,1.02268907563
127778,127864,131418,86,3554,2,18000,1.02419808666
127779,127869,131562,90,3693,2,18000,1.02437043054
127780,127874,131447,94,3573,2,18000,1.02630842429
127782,127880,131606,98,3726,2,18000,1.02630166398
127783,127885,131506,102,3621,2,18000,1.02816901408
127784,127890,131537,106,3647,2,18000,1.02906498492
127785,127895,131495,110,3600,2,18000,1.03055555556
127787,127900,131466,113,3566,2,18000,1.03168816601
127788,127906,131479,118,3573,2,18000,1.03302546879
127789,127911,131464,122,3553,2,18000,1.03433717985
127791,127916,131618,125,3702,2,18000,1.03376553214
127792,127921,131504,129,3583,2,18000,1.03600334915
127793,127926,131630,133,3704,2,18000,1.03590712743
127794,127931,131494,137,3563,2,18000,1.03845074376
127796,127936,131657,140,3721,2,18000,1.03762429454
127797,127942,131566,145,3624,2,18000,1.04001103753
127798,127947,131431,149,3484,2,18000,1.04276693456
127800,127952,131567,152,3615,2,18000,1.04204702628
127801,127957,131664,156,3707,2,18000,1.04208254653
127862,236761,310185,108899,73424,4,162000,2.48315264764
128233,146489,147424,18256,935,20,14400,20.5251336898
128591,128597,139326,6,10729,2,14400,1.00055923199
129496,129502,131653,6,2151,2,14400,1.00278940028
129498,129508,143072,10,13564,2,14400,1.00073724565
130282,130289,131663,7,1374,8,10800,1.00509461426
130829,236803,236808,105974,5,1,259200,10597.9
131059,131068,134301,9,3233,2,18000,1.00278379214
131183,131194,134836,11,3642,2,18000,1.00302031851
131213,131223,134929,10,3706,2,18000,1.00269832704
131237,131246,134987,9,3741,2,18000,1.00240577386
131264,131272,134647,8,3375,2,18000,1.00237037037
131278,131287,134385,9,3098,2,18000,1.00290510006
131302,131313,134953,11,3640,2,18000,1.00302197802
131326,131336,134875,10,3539,2,18000,1.00282565697
131342,131348,135067,6,3719,2,18000,1.00161333692
131343,131354,134987,11,3633,2,18000,1.00302780072
131344,131359,134876,15,3517,2,18000,1.00426499858
131359,131365,135048,6,3683,2,18000,1.00162910671
131374,131380,135131,6,3751,2,18000,1.00159957345
131420,131429,135100,9,3671,2,18000,1.00245164805
131421,131435,135142,14,3707,2,18000,1.00377663879
131435,131441,134763,6,3322,2,18000,1.00180614088
131436,131447,135141,11,3694,2,18000,1.00297780184
131437,131452,135076,15,3624,2,18000,1.00413907285
131437,131457,135064,20,3607,2,18000,1.00554477405
131452,131463,134984,11,3521,2,18000,1.00312411247
131452,131468,135150,16,3682,2,18000,1.00434546442
131467,131474,135195,7,3721,2,18000,1.00188121473
131468,131480,135129,12,3649,2,18000,1.00328857221
131482,131491,135053,9,3562,2,18000,1.00252667041
131498,131505,135137,7,3632,2,18000,1.00192731278
131499,131511,135190,12,3679,2,18000,1.00326175591
131512,131518,135044,6,3526,2,18000,1.00170164492
131513,131524,135084,11,3560,2,18000,1.00308988764
131515,131529,135169,14,3640,2,18000,1.00384615385
131527,131535,135209,8,3674,2,18000,1.00217746326
131539,131548,135082,9,3534,2,18000,1.0025466893
131547,131554,131595,7,41,1,7200,1.17073170732
131548,131560,135202,12,3642,2,18000,1.00329489292
131563,131573,135078,10,3505,2,18000,1.00285306705
131578,131584,135318,6,3734,2,18000,1.00160685592
131579,131590,135317,11,3727,2,18000,1.00295143547
131609,131618,135287,9,3669,2,18000,1.00245298446
131624,131630,135283,6,3653,2,18000,1.00164248563
131638,131644,135273,6,3629,2,18000,1.00165334803
131659,131669,135190,10,3521,2,18000,1.00284010224
131674,131680,135367,6,3687,2,18000,1.0016273393
132021,132027,146478,6,14451,2,14400,1.00041519618
132689,147445,159232,14756,11787,2,43200,2.25188767286
133047,236741,255559,103694,18818,8,43200,6.51036241896
133365,133371,134085,6,714,8,10800,1.00840336134
133495,237062,254909,103567,17847,10,43200,6.80304813134
133711,134096,134460,385,364,8,10800,2.05769230769
133730,147450,147862,13720,412,2,28800,34.3009708738
133995,147455,152382,13460,4927,2,28800,3.73188552872
134304,134313,137834,9,3521,2,18000,1.00255609202
134386,134396,137647,10,3251,2,18000,1.00307597662
134409,134415,148838,6,14423,2,14400,1.00041600222
134507,134514,139221,7,4707,2,14400,1.0014871468
134647,134658,138098,11,3440,2,18000,1.00319767442
134765,134774,138357,9,3583,2,18000,1.00251186157
134837,134847,138496,10,3649,2,18000,1.00274047684
134876,134886,138292,10,3406,2,18000,1.0029359953
134878,134892,138477,14,3585,2,18000,1.00390516039
134932,134944,138456,12,3512,2,18000,1.00341685649
134956,134964,138541,8,3577,2,18000,1.00223651104
134987,134995,138671,8,3676,2,18000,1.00217627856
135002,135008,138542,6,3534,2,18000,1.00169779287
135003,135014,138530,11,3516,2,18000,1.00312855518
135046,135055,138407,9,3352,2,18000,1.0026849642
135054,135061,138603,7,3542,2,18000,1.00197628458
135061,135067,138677,6,3610,2,18000,1.00166204986
135068,135075,138744,7,3669,2,18000,1.00190787681
135076,135082,138335,6,3253,2,18000,1.00184445128
135077,135088,138692,11,3604,2,18000,1.00305216426
135083,135094,138759,11,3665,2,18000,1.00300136426
135085,135099,138659,14,3560,2,18000,1.00393258427
135099,135105,138897,6,3792,2,18000,1.00158227848
135101,135111,138711,10,3600,2,18000,1.00277777778
135129,135140,138621,11,3481,2,18000,1.00316001149
135135,135146,138719,11,3573,2,18000,1.0030786454
135144,135152,138808,8,3656,2,18000,1.00218818381
135146,135157,138741,11,3584,2,18000,1.00306919643
135147,135163,138916,16,3753,2,18000,1.00426325606
135162,135169,138730,7,3561,2,18000,1.00196573996
135176,135183,138742,7,3559,2,18000,1.00196684462
135191,135201,138634,10,3433,2,18000,1.00291290417
135192,135206,138900,14,3694,2,18000,1.00378992962
135204,135212,138879,8,3667,2,18000,1.00218161985
135207,135218,138766,11,3548,2,18000,1.00310033822
135219,135225,138624,6,3399,2,18000,1.00176522507
135276,135285,138974,9,3689,2,18000,1.00243968555
135291,135297,138934,6,3637,2,18000,1.0016497113
135292,135303,139000,11,3697,2,18000,1.00297538545
135320,135329,138771,9,3442,2,18000,1.00261475886
135321,135334,138963,13,3629,2,18000,1.00358225406
135369,135378,138994,9,3616,2,18000,1.00248893805
135573,135579,139175,6,3596,8,10800,1.00166852058
137091,147435,149145,10344,1710,4,14400,7.04912280702
137648,137658,141371,10,3713,2,18000,1.00269323997
137838,137846,141406,8,3560,2,18000,1.00224719101
138100,138109,141321,9,3212,2,18000,1.00280199253
138292,138303,141648,11,3345,2,18000,1.00328849028
138338,138346,141399,8,3053,2,18000,1.0026203734
138358,138369,141390,11,3021,2,18000,1.00364117842
138410,138418,142034,8,3616,2,18000,1.00221238938
138458,138467,141805,9,3338,2,18000,1.00269622528
138478,138488,141567,10,3079,2,18000,1.00324780773
138497,138507,141924,10,3417,2,18000,1.00292654375
138533,138541,141978,8,3437,2,18000,1.00232761129
138547,138553,141882,6,3329,2,18000,1.00180234305
138549,138559,142140,10,3581,2,18000,1.00279251606
138604,138614,142208,10,3594,2,18000,1.00278241514
138622,138632,142303,10,3671,2,18000,1.00272405339
138625,138638,142331,13,3693,2,18000,1.0035201733
138637,138645,142355,8,3710,2,18000,1.00215633423
138661,138670,142235,9,3565,2,18000,1.00252454418
138673,138682,142251,9,3569,2,18000,1.00252171477
138688,138694,142244,6,3550,2,18000,1.00169014085
138703,138709,142376,6,3667,2,18000,1.00163621489
138718,138724,142149,6,3425,2,18000,1.00175182482
138733,138739,142199,6,3460,2,18000,1.00173410405
138734,138745,142308,11,3563,2,18000,1.00308728599
138749,138755,142159,6,3404,2,18000,1.0017626322
138750,138761,142353,11,3592,2,18000,1.0030623608
138751,138766,142321,15,3555,2,18000,1.00421940928
138767,138773,142349,6,3576,2,18000,1.00167785235
138768,138779,142437,11,3658,2,18000,1.00300710771
138783,138789,142196,6,3407,2,18000,1.00176108013
138810,138819,142482,9,3663,2,18000,1.00245700246
138881,138890,142607,9,3717,2,18000,1.00242130751
138903,138908,142533,5,3625,2,18000,1.00137931034
138904,138914,142525,10,3611,2,18000,1.00276931598
138919,138927,142583,8,3656,2,18000,1.00218818381
138937,138945,142600,8,3655,2,18000,1.00218878249
138964,138974,142595,10,3621,2,18000,1.00276166805
138978,138985,142513,7,3528,2,18000,1.00198412698
138996,139006,142577,10,3571,2,18000,1.00280033604
139011,139017,142643,6,3626,2,18000,1.00165471594
139025,147873,159154,8848,11281,2,14400,1.78432763053
140300,236782,496016,96482,259234,2,259200,1.37218111822
140339,236787,496018,96448,259231,2,259200,1.3720542682
140356,236792,496016,96436,259224,2,259200,1.37201802302
140372,236797,496028,96425,259231,2,259200,1.37196554424
141322,141332,145062,10,3730,2,18000,1.00268096515
141374,141382,145158,8,3776,2,18000,1.00211864407
141391,141401,144549,10,3148,2,18000,1.00317662008
141406,141413,145140,7,3727,2,18000,1.00187818621
141408,141419,144904,11,3485,2,18000,1.00315638451
141571,141578,144638,7,3060,2,18000,1.0022875817
141649,141659,145403,10,3744,2,18000,1.00267094017
141737,141743,141906,6,163,8,1800,1.03680981595
141806,141816,145379,10,3563,2,18000,1.00280662363
141884,141893,145592,9,3699,2,18000,1.00243309002
141926,141936,145688,10,3752,2,18000,1.0026652452
141980,141989,145505,9,3516,2,18000,1.00255972696
142037,142050,145519,13,3469,2,18000,1.00374747766
142038,142044,142292,6,248,8,1800,1.02419354839
142143,142151,145547,8,3396,2,18000,1.0023557126
142158,142164,145811,6,3647,2,18000,1.00164518783
142161,142170,145789,9,3619,2,18000,1.00248687483
142197,142207,145894,10,3687,2,18000,1.00271223217
142200,142213,145801,13,3588,2,18000,1.00362318841
142212,142219,145870,7,3651,2,18000,1.00191728294
142236,142251,145819,15,3568,2,18000,1.00420403587
142248,142257,145981,9,3724,2,18000,1.00241675618
142262,142269,145963,7,3694,2,18000,1.00189496481
142305,142314,145749,9,3435,2,18000,1.00262008734
142307,152393,152577,10086,184,8,9000,55.8152173913
142323,142329,145957,6,3628,2,18000,1.00165380375
142324,142335,146043,11,3708,2,18000,1.00296655879
142332,142342,145766,10,3424,2,18000,1.00292056075
142346,142360,145962,14,3602,2,18000,1.00388672959
142362,142368,145815,6,3447,2,18000,1.00174064404
142363,142374,146040,11,3666,2,18000,1.00300054555
142377,142387,146016,10,3629,2,18000,1.00275558005
142438,142449,146084,11,3635,2,18000,1.0030261348
142484,142494,146048,10,3554,2,18000,1.00281373101
142514,142524,146042,10,3518,2,18000,1.00284252416
142529,142536,146208,7,3672,2,18000,1.00190631808
142543,142550,146196,7,3646,2,18000,1.00191991223
142562,142568,143264,6,696,8,3600,1.00862068966
142577,142589,146275,12,3686,2,18000,1.00325556158
142592,142598,146244,6,3646,2,18000,1.00164563906
142607,142614,146200,7,3586,2,18000,1.00195203569
142609,142620,146187,11,3567,2,18000,1.00308382394
142609,142625,146333,16,3708,2,18000,1.00431499461
142645,142654,146395,9,3741,2,18000,1.00240577386
142705,142711,142943,6,232,8,3600,1.02586206897
142870,149161,149692,6291,531,1,7200,12.8474576271
143328,143334,143461,6,127,8,1800,1.04724409449
143375,148855,149336,5480,481,2,14400,12.3929313929
143716,143722,143733,6,11,8,1800,1.54545454545
143774,143780,143790,6,10,8,1800,1.6
143859,143865,144042,6,177,8,1800,1.03389830508
144008,144014,144117,6,103,8,1800,1.05825242718
144323,144330,144542,7,212,8,1800,1.03301886792
144550,144560,148074,10,3514,2,18000,1.00284575982
144640,144649,147941,9,3292,2,18000,1.00273390036
144661,144667,144680,6,13,8,1200,1.46153846154
144906,144915,148490,9,3575,2,18000,1.00251748252
145063,145073,148609,10,3536,2,18000,1.0028280543
145115,145121,145285,6,164,8,1200,1.03658536585
145142,145151,148589,9,3438,2,18000,1.00261780105
145160,145170,148646,10,3476,2,18000,1.00287686997
145324,145330,145543,6,213,8,900,1.02816901408
145380,145390,148835,10,3445,2,18000,1.00290275762
145405,145414,148908,9,3494,2,18000,1.0025758443
145467,145473,145765,6,292,8,900,1.02054794521
145508,145516,148833,8,3317,2,18000,1.00241181791
145523,145530,149056,7,3526,2,18000,1.00198525241
145550,145558,148971,8,3413,2,18000,1.0023439789
145590,145603,148985,13,3382,2,18000,1.00384387936
145654,145660,145661,6,1,8,600,1.0
145691,145699,149069,8,3370,2,18000,1.00237388724
145752,145760,149439,8,3679,2,18000,1.00217450394
145770,145777,149600,7,3823,2,18000,1.00183102276
145791,145800,149383,9,3583,2,18000,1.00251186157
145804,145812,149021,8,3209,2,18000,1.00249298847
145819,145825,149343,6,3518,2,18000,1.0017055145
145819,145831,149368,12,3537,2,18000,1.00339270568
145833,145840,149552,7,3712,2,18000,1.00188577586
145871,145877,145887,6,10,8,300,1.6
145873,145883,149527,10,3644,2,18000,1.0027442371
145897,145905,149539,8,3634,2,18000,1.00220143093
145957,145968,149600,11,3632,2,18000,1.00302863436
145964,145974,149750,10,3776,2,18000,1.00264830508
145972,145980,149542,8,3562,2,18000,1.00224592925
145982,145993,149521,11,3528,2,18000,1.00311791383
146019,146027,149044,8,3017,2,18000,1.0026516407
146042,146057,149749,15,3692,2,18000,1.00406283857
146044,146051,149664,7,3613,2,18000,1.0019374481
146059,146066,149776,7,3710,2,18000,1.00188679245
146061,146071,149710,10,3639,2,18000,1.00274800769
146085,146096,149585,11,3489,2,18000,1.00315276584
146191,146198,149713,7,3515,2,18000,1.00199146515
146204,149156,149312,2952,156,2,2700,19.9230769231
146208,146214,149842,6,3628,2,18000,1.00165380375
146209,146220,149843,11,3623,2,18000,1.00303615788
146210,146225,149777,15,3552,2,18000,1.00422297297
146247,146255,149962,8,3707,2,18000,1.00215807931
146278,146286,149911,8,3625,2,18000,1.00220689655
146336,146344,149935,8,3591,2,18000,1.0022277917
146399,146407,149891,8,3484,2,18000,1.00229621125
147385,237047,237384,89662,337,12,72000,267.059347181
147943,147953,151408,10,3455,2,18000,1.00289435601
148077,148085,151290,8,3205,2,18000,1.00249609984
148493,148502,151919,9,3417,2,18000,1.00263388938
148590,148600,151640,10,3040,2,18000,1.00328947368
148612,148621,152088,9,3467,2,18000,1.00259590424
148648,148658,152163,10,3505,2,18000,1.00285306705
148836,148844,152409,8,3565,2,18000,1.00224403927
148838,148850,152319,12,3469,2,18000,1.00345921015
148911,148919,152197,8,3278,2,18000,1.00244051251
148974,148982,152625,8,3643,2,18000,1.00219599231
148989,148996,152128,7,3132,2,18000,1.00223499361
149022,149033,152175,11,3142,2,18000,1.00350095481
149046,149056,152651,10,3595,2,18000,1.00278164117
149062,149068,152615,6,3547,2,18000,1.00169157034
149077,149083,152711,6,3628,2,18000,1.00165380375
149318,149323,157656,5,8333,2,14400,1.000600024
149345,149354,152937,9,3583,2,18000,1.00251186157
149371,149379,152320,8,2941,2,18000,1.00272016321
149384,149394,152952,10,3558,2,18000,1.00281056773
149441,149451,152971,10,3520,2,18000,1.00284090909
149525,149533,153165,8,3632,2,18000,1.00220264317
149528,149539,153140,11,3601,2,18000,1.00305470703
149543,149550,153126,7,3576,2,18000,1.00195749441
149545,149556,153130,11,3574,2,18000,1.003077784
149559,149565,153241,6,3676,2,18000,1.00163220892
149586,149597,153190,11,3593,2,18000,1.00306150849
149601,149615,153268,14,3653,2,18000,1.00383246647
149601,149610,153111,9,3501,2,18000,1.00257069409
149667,149676,153285,9,3609,2,18000,1.00249376559
149713,149721,153364,8,3643,2,18000,1.00219599231
149714,149727,153458,13,3731,2,18000,1.00348432056
149750,149766,153301,16,3535,2,18000,1.0045261669
149753,149760,153357,7,3597,2,18000,1.00194606617
149777,149787,153456,10,3669,2,18000,1.00272553829
149779,149793,153399,14,3606,2,18000,1.00388241819
149843,149853,153499,10,3646,2,18000,1.00274273176
149844,149859,153638,15,3779,2,18000,1.00396930405
149893,149902,153676,9,3774,2,18000,1.00238473768
149914,149922,153482,8,3560,2,18000,1.00224719101
149938,149946,153208,8,3262,2,18000,1.00245248314
149965,149973,153557,8,3584,2,18000,1.00223214286
150041,236767,362769,86726,126002,4,126000,1.68829066205
150226,150248,151919,22,1671,2,7200,1.013165769
151083,151089,163433,6,12344,2,14400,1.0004860661
151291,151301,154844,10,3543,2,18000,1.00282246684
151409,151419,154716,10,3297,2,18000,1.00303306036
151642,151651,155038,9,3387,2,18000,1.00265721878
151920,151930,155233,10,3303,2,18000,1.00302755071
152090,152100,155454,10,3354,2,18000,1.00298151461
152131,152139,155584,8,3445,2,18000,1.0023222061
152165,152174,155276,9,3102,2,18000,1.00290135397
152180,152186,155844,6,3658,2,18000,1.00164024057
152198,152208,155393,10,3185,2,18000,1.00313971743
152320,152336,155586,16,3250,2,18000,1.00492307692
152321,152330,155921,9,3591,2,18000,1.00250626566
152410,152420,156068,10,3648,2,18000,1.00274122807
152617,152626,156293,9,3667,2,18000,1.00245432233
152632,152638,155974,6,3336,2,18000,1.00179856115
152653,152662,155884,9,3222,2,18000,1.00279329609
152678,152684,160436,6,7752,2,21600,1.00077399381
152711,152722,155786,11,3064,2,18000,1.00359007833
152938,152948,156563,10,3615,2,18000,1.00276625173
152956,152964,156535,8,3571,2,18000,1.00224026883
152974,152982,156527,8,3545,2,18000,1.00225669958
153115,153123,156218,8,3095,2,18000,1.00258481422
153128,153137,156763,9,3626,2,18000,1.00248207391
153143,153149,156746,6,3597,2,18000,1.00166805671
153144,153155,156707,11,3552,2,18000,1.00309684685
153168,153177,156321,9,3144,2,18000,1.00286259542
153189,153201,156725,12,3524,2,18000,1.00340522134
153209,153219,156729,10,3510,2,18000,1.00284900285
153244,153252,156937,8,3685,2,18000,1.00217096336
153271,153279,156885,8,3606,2,18000,1.00221852468
153286,153296,156996,10,3700,2,18000,1.0027027027
153303,153313,156997,10,3684,2,18000,1.00271444083
153358,153368,156556,10,3188,2,18000,1.00313676286
153366,153375,157000,9,3625,2,18000,1.00248275862
153399,153410,157111,11,3701,2,18000,1.00297216968
153460,153467,157104,7,3637,2,18000,1.00192466318
153461,153473,157214,12,3741,2,18000,1.00320769848
153486,153494,157188,8,3694,2,18000,1.00216567407
153500,153510,157083,10,3573,2,18000,1.00279876854
153557,153568,157237,11,3669,2,18000,1.00299809212
153642,153650,157290,8,3640,2,18000,1.0021978022
153678,153687,157318,9,3631,2,18000,1.00247865602
154718,154727,158233,9,3506,2,18000,1.00256702795
154846,154856,158317,10,3461,2,18000,1.00288933834
155039,155050,158549,11,3499,2,18000,1.00314375536
155234,155245,159011,11,3766,2,18000,1.00292087095
155279,155287,158850,8,3563,2,18000,1.00224529891
155394,155404,158830,10,3426,2,18000,1.00291885581
155455,155466,158849,11,3383,2,18000,1.00325155188
155586,155596,158979,10,3383,2,18000,1.00295595625
155588,155602,159110,14,3508,2,18000,1.00399087799
155788,155797,159030,9,3233,2,18000,1.00278379214
155846,155855,159321,9,3466,2,18000,1.0025966532
155887,155895,159468,8,3573,2,18000,1.00223901483
155924,155932,159603,8,3671,2,18000,1.00217924271
155976,155985,159419,9,3434,2,18000,1.00262085032
156071,156079,159564,8,3485,2,18000,1.00229555237
156219,156229,159922,10,3693,2,18000,1.00270782562
156294,156304,159351,10,3047,2,18000,1.00328191664
156325,156332,159953,7,3621,2,18000,1.00193316763
156530,156539,160163,9,3624,2,18000,1.00248344371
156544,156551,160205,7,3654,2,18000,1.00191570881
156558,156567,159919,9,3352,2,18000,1.0026849642
156565,156574,160164,9,3590,2,18000,1.00250696379
156710,156718,160299,8,3581,2,18000,1.00223401285
156728,156736,160300,8,3564,2,18000,1.00224466891
156731,156742,159987,11,3245,2,18000,1.00338983051
156749,156757,160390,8,3633,2,18000,1.00220203688
156764,156774,160200,10,3426,2,18000,1.00291885581
156853,156859,163941,6,7082,2,14400,1.0008472183
156887,156896,160465,9,3569,2,18000,1.00252171477
156938,156948,160669,10,3721,2,18000,1.00268744961
156999,157007,160710,8,3703,2,18000,1.00216041048
157000,157013,160719,13,3706,2,18000,1.00350782515
157015,157021,160688,6,3667,2,18000,1.00163621489
157084,157094,160703,10,3609,2,18000,1.00277085065
157105,157115,160648,10,3533,2,18000,1.0028304557
157120,157127,160820,7,3693,2,18000,1.00189547793
157189,157199,160820,10,3621,2,18000,1.00276166805
157216,157225,160817,9,3592,2,18000,1.00250556793
157238,157248,160682,10,3434,2,18000,1.00291205591
157292,157301,160901,9,3600,2,18000,1.0025
157319,157329,160923,10,3594,2,18000,1.00278241514
158236,158244,161762,8,3518,2,18000,1.00227401933
158280,158286,179942,6,21656,2,21600,1.00027705948
158318,158328,161497,10,3169,2,18000,1.00315556958
158543,158549,158550,6,1,2,300,1.0
158551,158560,161697,9,3137,2,18000,1.0028689831
158832,158841,162345,9,3504,2,18000,1.00256849315
158850,158861,161970,11,3109,2,18000,1.00353811515
158851,158866,162395,15,3529,2,18000,1.00425049589
158982,158990,162510,8,3520,2,18000,1.00227272727
159012,159023,162543,11,3520,2,18000,1.003125
159033,159042,162396,9,3354,2,18000,1.00268336315
159108,159114,167200,6,8086,2,14400,1.00074202325
159112,159121,162876,9,3755,2,18000,1.00239680426
159323,159332,162995,9,3663,2,18000,1.00245700246
159354,159362,162964,8,3602,2,18000,1.00222098834
159421,159431,162416,10,2985,2,18000,1.00335008375
159469,159479,162756,10,3277,2,18000,1.00305157156
159566,159575,163262,9,3687,2,18000,1.00244100895
159606,159614,162908,8,3294,2,18000,1.00242865817
159922,159929,163442,7,3513,2,18000,1.00199259892
159924,159936,163489,12,3553,2,18000,1.00337742753
159954,159964,163307,10,3343,2,18000,1.00299132516
159988,159999,163573,11,3574,2,18000,1.003077784
160066,160072,181676,6,21604,2,21600,1.00027772635
160166,160207,163880,41,3673,2,18000,1.01116253744
160168,160212,163916,44,3704,2,18000,1.01187904968
160201,160218,163807,17,3589,2,18000,1.00473669546
160216,160224,163989,8,3765,2,18000,1.002124834
160300,160311,164080,11,3769,2,18000,1.00291854603
160302,160316,163875,14,3559,2,18000,1.00393368924
160392,160401,164125,9,3724,2,18000,1.00241675618
160467,160477,164092,10,3615,2,18000,1.00276625173
160650,160659,164189,9,3530,2,18000,1.00254957507
160671,160680,164345,9,3665,2,18000,1.00245566166
160686,160693,164340,7,3647,2,18000,1.0019193858
160701,160707,164334,6,3627,2,18000,1.00165425972
160716,160722,164451,6,3729,2,18000,1.00160901046
160717,160728,164395,11,3667,2,18000,1.0029997273
160732,160738,164339,6,3601,2,18000,1.00166620383
160820,160828,164501,8,3673,2,18000,1.00217805608
160835,160841,164545,6,3704,2,18000,1.00161987041
160836,160847,164457,11,3610,2,18000,1.00304709141
160899,160912,164584,13,3672,2,18000,1.00354030501
160923,160934,164670,11,3736,2,18000,1.00294432548
161065,161071,161118,6,47,2,300,1.12765957447
161128,161134,161338,6,204,2,360,1.02941176471
161186,161192,161216,6,24,2,300,1.25
161223,161229,161277,6,48,2,300,1.125
161284,161290,161494,6,204,2,300,1.02941176471
161342,161348,171672,6,10324,2,21600,1.00058117009
161346,161354,161364,8,10,2,300,1.8
161372,161379,161410,7,31,2,300,1.22580645161
161419,161425,161459,6,34,2,300,1.17647058824
161469,161475,161786,6,311,2,300,1.0192926045
161500,161508,164950,8,3442,2,18000,1.0023242301
161502,161513,161530,11,17,2,300,1.64705882353
161538,161544,161581,6,37,2,300,1.16216216216
161587,161593,161624,6,31,2,300,1.1935483871
161631,161637,161949,6,312,2,300,1.01923076923
161700,161708,165362,8,3654,2,18000,1.0021893815
161763,161773,165489,10,3716,2,18000,1.00269106566
161800,161806,162161,6,355,2,360,1.01690140845
161963,161969,162323,6,354,2,360,1.01694915254
161972,161981,165745,9,3764,2,18000,1.00239107333
162175,162181,162355,6,174,2,360,1.03448275862
162320,162327,177958,7,15631,2,21600,1.00044782803
162338,162344,162481,6,137,2,360,1.04379562044
162346,162357,166035,11,3678,2,18000,1.00299075585
162398,162406,165833,8,3427,2,18000,1.00233440327
162400,162412,165950,12,3538,2,18000,1.00339174675
162418,162428,166056,10,3628,2,18000,1.00275633958
162511,162521,165824,10,3303,2,18000,1.00302755071
162545,162554,165762,9,3208,2,18000,1.00280548628
162757,162767,166501,10,3734,2,18000,1.0026780932
162879,162887,166013,8,3126,2,18000,1.00255918106
162910,162920,166397,10,3477,2,18000,1.00287604257
162965,162975,166211,10,3236,2,18000,1.00309023486
162998,163006,166433,8,3427,2,18000,1.00233440327
163266,163274,166604,8,3330,2,18000,1.0024024024
163308,163319,166712,11,3393,2,18000,1.00324196876
163445,163453,166588,8,3135,2,18000,1.00255183413
163490,163501,166794,11,3293,2,18000,1.00334041907
163576,163585,166869,9,3284,2,18000,1.00274056029
163594,163600,185246,6,21646,2,21600,1.00027718747
163597,163606,185243,9,21637,2,21600,1.00041595415
163807,163818,167491,11,3673,2,18000,1.00299482712
163877,163887,167436,10,3549,2,18000,1.00281769513
163891,163897,167592,6,3695,2,18000,1.00162381597
163916,163922,179710,6,15788,2,21600,1.00038003547
163918,163928,167517,10,3589,2,18000,1.00278629145
163990,164001,167506,11,3505,2,18000,1.00313837375
164082,164091,167695,9,3604,2,18000,1.00249722531
164097,164103,167700,6,3597,2,18000,1.00166805671
164127,164137,167694,10,3557,2,18000,1.00281135789
164190,164200,167819,10,3619,2,18000,1.00276319425
164335,164345,167990,10,3645,2,18000,1.00274348422
164350,164356,168012,6,3656,2,18000,1.00164113786
164351,164362,167868,11,3506,2,18000,1.00313747861
164353,164367,168049,14,3682,2,18000,1.00380228137
164398,164406,168123,8,3717,2,18000,1.00215227334
164453,164462,168123,9,3661,2,18000,1.00245834471
164469,164475,168248,6,3773,2,18000,1.00159024649
164502,164512,168157,10,3645,2,18000,1.00274348422
164547,164556,168272,9,3716,2,18000,1.0024219591
164586,164595,168244,9,3649,2,18000,1.00246642916
164673,164682,168309,9,3627,2,18000,1.00248138958
164867,164873,164936,6,63,2,3540,1.09523809524
164936,237052,498432,72116,261380,10,540000,1.27590481292
164952,164961,168375,9,3414,2,18000,1.00263620387
165065,237057,611870,71992,374813,10,540000,1.19207444779
165365,165374,169002,9,3628,2,18000,1.00248070562
165492,165501,169030,9,3529,2,18000,1.00255029753
165746,165756,169209,10,3453,2,18000,1.00289603244
165764,165773,169301,9,3528,2,18000,1.00255102041
165825,165835,169030,10,3195,2,18000,1.00312989045
165840,165846,169175,6,3329,2,18000,1.00180234305
165952,165961,169338,9,3377,2,18000,1.00266508736
166015,166024,169491,9,3467,2,18000,1.00259590424
166036,166046,169634,10,3588,2,18000,1.002787068
166057,166067,168995,10,2928,2,18000,1.00341530055
166215,166223,169406,8,3183,2,18000,1.00251335218
166398,166408,170080,10,3672,2,18000,1.00272331155
166435,166444,169805,9,3361,2,18000,1.00267777447
166504,166513,169668,9,3155,2,18000,1.0028526149
166589,166599,169793,10,3194,2,18000,1.00313087038
166607,166615,170093,8,3478,2,18000,1.00230017251
166713,166723,170384,10,3661,2,18000,1.00273149413
166795,166806,170284,11,3478,2,18000,1.00316273721
166871,166880,170516,9,3636,2,18000,1.00247524752
167439,167447,171072,8,3625,2,18000,1.00220689655
167493,167503,171163,10,3660,2,18000,1.00273224044
167508,167518,171162,10,3644,2,18000,1.0027442371
167523,167529,171198,6,3669,2,18000,1.00163532298
167595,167604,171195,9,3591,2,18000,1.00250626566
167695,167705,171406,10,3701,2,18000,1.00270197244
167696,167711,171343,15,3632,2,18000,1.00412995595
167711,167717,171304,6,3587,2,18000,1.001672707
167823,167831,171566,8,3735,2,18000,1.00214190094
167871,167880,171455,9,3575,2,18000,1.00251748252
167991,168001,171687,10,3686,2,18000,1.00271296799
168015,168023,171508,8,3485,2,18000,1.00229555237
168051,168060,171623,9,3563,2,18000,1.00252596127
168124,168134,171910,10,3776,2,18000,1.00264830508
168125,168139,171756,14,3617,2,18000,1.003870611
168158,168168,171695,10,3527,2,18000,1.00283527077
168246,168255,171994,9,3739,2,18000,1.00240706071
168260,168267,171983,7,3716,2,18000,1.00188374596
168275,168284,171884,9,3600,2,18000,1.0025
168312,168320,171911,8,3591,2,18000,1.0022277917
168377,168386,172116,9,3730,2,18000,1.00241286863
168996,169006,172724,10,3718,2,18000,1.00268961807
169011,169017,172805,6,3788,2,18000,1.00158394931
169032,169041,172647,9,3606,2,18000,1.00249584027
169034,169046,172633,12,3587,2,18000,1.00334541399
169175,169186,172965,11,3779,2,18000,1.00291082297
169212,169221,172761,9,3540,2,18000,1.00254237288
169303,169312,172733,9,3421,2,18000,1.0026308097
169339,169350,173050,11,3700,2,18000,1.00297297297
169409,169418,172957,9,3539,2,18000,1.00254309127
169493,169502,173213,9,3711,2,18000,1.00242522231
169635,169645,173382,10,3737,2,18000,1.00267594327
169671,169679,173131,8,3452,2,18000,1.0023174971
169794,169804,173103,10,3299,2,18000,1.00303122158
169809,169817,173248,8,3431,2,18000,1.00233168173
170081,170092,173567,11,3475,2,18000,1.00316546763
170096,170105,173831,9,3726,2,18000,1.00241545894
170287,170296,173862,9,3566,2,18000,1.00252383623
170387,170395,174056,8,3661,2,18000,1.0021851953
170518,170528,173913,10,3385,2,18000,1.00295420975
171074,171083,174632,9,3549,2,18000,1.00253592561
171165,171173,174766,8,3593,2,18000,1.00222655163
171166,171179,174875,13,3696,2,18000,1.00351731602
171196,171207,174858,11,3651,2,18000,1.00301287319
171211,171217,174844,6,3627,2,18000,1.00165425972
171308,171315,174980,7,3665,2,18000,1.00190995907
171344,171354,175098,10,3744,2,18000,1.00267094017
171407,171417,175178,10,3761,2,18000,1.00265886732
171458,171466,175061,8,3595,2,18000,1.00222531293
171509,171520,175200,11,3680,2,18000,1.00298913043
171566,171577,175341,11,3764,2,18000,1.00292242295
171621,171635,175287,14,3652,2,18000,1.00383351588
171690,171698,175281,8,3583,2,18000,1.00223276584
171705,171711,175367,6,3656,2,18000,1.00164113786
171760,171767,175318,7,3551,2,18000,1.0019712757
171886,171895,175616,9,3721,2,18000,1.00241870465
171911,171921,175447,10,3526,2,18000,1.00283607487
171926,171932,175641,6,3709,2,18000,1.00161768671
171986,171994,175739,8,3745,2,18000,1.00213618158
172001,172007,175542,6,3535,2,18000,1.00169731259
172118,172127,175766,9,3639,2,18000,1.00247320692
172635,172644,176263,9,3619,2,18000,1.00248687483
172650,172658,176383,8,3725,2,18000,1.00214765101
172725,172735,176224,10,3489,2,18000,1.00286615076
172740,172746,176031,6,3285,2,18000,1.00182648402
172765,172773,176310,8,3537,2,18000,1.00226180379
172808,172816,176316,8,3500,2,18000,1.00228571429
172959,172968,176397,9,3429,2,18000,1.00262467192
172974,172980,176390,6,3410,2,18000,1.00175953079
173052,173061,176275,9,3214,2,18000,1.00280024891
173104,173114,176880,10,3766,2,18000,1.00265533723
173134,173143,176929,9,3786,2,18000,1.00237717908
173216,173224,176669,8,3445,2,18000,1.0023222061
173249,173259,176411,10,3152,2,18000,1.00317258883
173385,173393,177131,8,3738,2,18000,1.00214018192
173570,173578,176916,8,3338,2,18000,1.0023966447
173833,173842,177396,9,3554,2,18000,1.00253235791
173864,173873,177384,9,3511,2,18000,1.00256337226
173916,173925,177492,9,3567,2,18000,1.00252312868
174059,174067,177193,8,3126,2,18000,1.00255918106
174633,174644,178174,11,3530,2,18000,1.00311614731
174768,174777,178410,9,3633,2,18000,1.00247729149
174846,174856,178491,10,3635,2,18000,1.00275103164
174861,174869,178531,8,3662,2,18000,1.00218459858
174876,174887,178377,11,3490,2,18000,1.00315186246
174982,174992,178737,10,3745,2,18000,1.00267022697
175063,175072,178686,9,3614,2,18000,1.00249031544
175099,175109,178705,10,3596,2,18000,1.00278086763
175180,175189,178822,9,3633,2,18000,1.00247729149
175201,175211,178849,10,3638,2,18000,1.00274876306
175283,175292,178908,9,3616,2,18000,1.00248893805
175298,175304,178761,6,3457,2,18000,1.00173560891
175319,175329,178966,10,3637,2,18000,1.00274951883
175343,175352,178992,9,3640,2,18000,1.00247252747
175370,175379,179025,9,3646,2,18000,1.00246845858
175448,175458,179149,10,3691,2,18000,1.00270929287
175544,175553,179284,9,3731,2,18000,1.00241222192
175617,175627,179182,10,3555,2,18000,1.00281293952
175644,175652,179333,8,3681,2,18000,1.00217332247
175740,175750,179404,10,3654,2,18000,1.00273672687
175768,175777,179265,9,3488,2,18000,1.00258027523
176034,176042,179128,8,3086,2,18000,1.00259235256
176228,176235,179989,7,3754,2,18000,1.00186467768
176264,176274,179745,10,3471,2,18000,1.00288101412
176279,176287,179850,8,3563,2,18000,1.00224529891
176313,176321,180017,8,3696,2,18000,1.00216450216
176328,176334,179831,6,3497,2,18000,1.00171575636
176386,176395,179808,9,3413,2,18000,1.00263697627
176402,236576,240019,60174,3443,2,18000,18.4772001162
176403,236581,240107,60178,3526,2,18000,18.066931367
176418,236586,240270,60168,3684,2,18000,17.332247557
176672,236591,239688,59919,3097,2,18000,20.3474329997
176884,236596,239706,59712,3110,2,18000,20.2
176917,236601,240312,59684,3711,2,18000,17.0829964969
176932,236607,240270,59675,3663,2,18000,17.2912912913
177135,236612,240012,59477,3400,2,18000,18.4932352941
177195,236617,240280,59422,3663,2,18000,17.2222222222
177387,236622,240392,59235,3770,2,18000,16.7122015915
177402,236627,240356,59225,3729,2,18000,16.8822740681
177493,236632,240177,59139,3545,2,18000,17.6823695346
178175,236638,240271,58463,3633,2,18000,17.0922102945
178380,236643,240407,58263,3764,2,18000,16.4790116897
178413,236648,240331,58235,3683,2,18000,16.8118381754
178494,236653,240323,58159,3670,2,18000,16.8471389646
178532,236658,240372,58126,3714,2,18000,16.6505115778
178689,236663,240377,57974,3714,2,18000,16.6095853527
178707,236668,240158,57961,3490,2,18000,17.6077363897
178740,236674,240364,57934,3690,2,18000,16.7002710027
178764,236679,240267,57915,3588,2,18000,17.1413043478
178824,236684,240402,57860,3718,2,18000,16.5621301775
178851,236689,240226,57838,3537,2,18000,17.3522759401
178909,236694,240198,57785,3504,2,18000,17.491152968
178969,236699,240398,57730,3699,2,18000,16.6069207894
178993,236819,240526,57826,3707,2,18000,16.5991367683
179026,236824,240412,57798,3588,2,18000,17.1086956522
179132,236829,240224,57697,3395,2,18000,17.9946980854
179152,236834,240509,57682,3675,2,18000,16.6957823129
179182,236840,240315,57658,3475,2,18000,17.5922302158
179268,236845,240171,57577,3326,2,18000,18.3111846061
179285,236850,240355,57565,3505,2,18000,17.4236804565
179320,237067,280270,57747,43203,16,43200,2.33664328866
179336,236855,240436,57519,3581,2,18000,17.0622731081
179405,236860,240409,57455,3549,2,18000,17.1890673429
179747,236865,240256,57118,3391,2,18000,17.8439988204
179811,236870,240048,57059,3178,2,18000,18.95437382
179832,236876,240151,57044,3275,2,18000,18.4180152672
179850,236881,240278,57031,3397,2,18000,17.7886370327
179992,236886,240534,56894,3648,2,18000,16.5959429825
180020,236891,240046,56871,3155,2,18000,19.0256735341
189375,189381,189482,6,101,1,1800,1.05940594059
189789,189795,189899,6,104,1,1800,1.05769230769
190506,190512,191008,6,496,1,1800,1.01209677419
235075,236777,244024,1702,7247,2,7200,1.2348558024
236238,236244,236274,6,30,1,900,1.2
236314,236725,243682,411,6957,2,14400,1.05907718844
236354,236361,236401,7,40,128,900,1.175
236426,236432,236434,6,2,2,3600,1.0
236496,236502,236505,6,3,2,3600,1.0
236508,236730,252219,222,15489,2,28800,1.01433275228
236570,236736,256880,166,20144,2,43200,1.0082406672
236664,236906,246984,242,10078,2,43200,1.02401270093
236674,236896,257748,222,20852,2,43200,1.01064646077
236798,236901,308917,103,72016,2,72000,1.00143023772
236885,236913,308919,28,72006,2,72000,1.00038885648
236992,236999,302098,7,65099,2,72000,1.00010752853
237083,237089,300283,6,63194,2,72000,1.00009494572
237257,237263,309264,6,72001,2,72000,1.00008333218
237403,237409,255620,6,18211,2,28800,1.0003294712
237594,237603,254939,9,17336,2,21600,1.0005191509
237803,237810,253845,7,16035,1,259200,1.00043654506
237850,237856,263595,6,25739,1,259200,1.00023310929
238116,238124,238156,8,32,1,172800,1.25
238257,238263,249183,6,10920,1,259200,1.00054945055
238300,238306,239180,6,874,1,172800,1.00686498856
238391,238397,288626,6,50229,12,72000,1.00011945291
239189,239195,245497,6,6302,2,21600,1.00095207871
239351,239357,243839,6,4482,2,14400,1.00133868809
239691,239699,243446,8,3747,2,18000,1.00213504137
239709,239717,242886,8,3169,2,18000,1.00252445566
240013,240024,243479,11,3455,2,18000,1.00318379161
240028,240034,243033,6,2999,2,18000,1.00200066689
240049,240057,243536,8,3479,2,18000,1.00229951135
240050,240063,243401,13,3338,2,18000,1.00389454763
240108,240118,243493,10,3375,2,18000,1.00296296296
240153,240162,243831,9,3669,2,18000,1.00245298446
240161,240169,243467,8,3298,2,18000,1.00242571255
240174,240182,243997,8,3815,2,18000,1.00209698558
240189,240195,243798,6,3603,2,18000,1.00166527893
240200,240209,243815,9,3606,2,18000,1.00249584027
240225,240235,243727,10,3492,2,18000,1.00286368843
240227,240241,243752,14,3511,2,18000,1.00398746796
240258,240267,243732,9,3465,2,18000,1.0025974026
240268,240278,243909,10,3631,2,18000,1.00275406224
240273,240284,243541,11,3257,2,18000,1.00337734111
240274,240290,243392,16,3102,2,18000,1.0051579626
240283,240295,243979,12,3684,2,18000,1.00325732899
240289,240301,244059,12,3758,2,18000,1.00319318787
240290,240306,243562,16,3256,2,18000,1.00491400491
240314,240323,244103,9,3780,2,18000,1.00238095238
240316,240329,243827,13,3498,2,18000,1.00371640938
240331,240337,243955,6,3618,2,18000,1.00165837479
240345,240351,244085,6,3734,2,18000,1.00160685592
240359,240367,243968,8,3601,2,18000,1.00222160511
240360,240372,244039,12,3667,2,18000,1.00327242978
240375,240381,244005,6,3624,2,18000,1.00165562914
240376,240387,243973,11,3586,2,18000,1.00306748466
240391,240397,244040,6,3643,2,18000,1.00164699424
240395,240403,243946,8,3543,2,18000,1.00225797347
240406,240412,244010,6,3598,2,18000,1.00166759311
240408,240418,243987,10,3569,2,18000,1.0028019053
240423,240429,244211,6,3782,2,18000,1.00158646219
240424,240435,243856,11,3421,2,18000,1.00321543408
240425,240440,244003,15,3563,2,18000,1.00420993545
240440,240447,244074,7,3627,2,18000,1.00192996967
240512,240520,244036,8,3516,2,18000,1.00227531286
240527,240538,244121,11,3583,2,18000,1.00307005303
240537,240545,243423,8,2878,2,18000,1.00277970813
242706,242711,242714,5,3,2,14400,1.0
242772,242778,244976,6,2198,2,14400,1.00272975432
242888,242897,246577,9,3680,2,18000,1.00244565217
242989,242995,248829,6,5834,2,14400,1.00102845389
243036,243044,246538,8,3494,2,18000,1.00228963938
243395,243403,247000,8,3597,2,18000,1.00222407562
243411,243417,246382,6,2965,2,18000,1.00202360877
243426,243434,246879,8,3445,2,18000,1.0023222061
243447,243457,246687,10,3230,2,18000,1.00309597523
243468,243478,247109,10,3631,2,18000,1.00275406224
243481,243490,247170,9,3680,2,18000,1.00244565217
243497,243504,247211,7,3707,2,18000,1.0018883194
243537,243547,247063,10,3516,2,18000,1.00284414107
243552,243558,247167,6,3609,2,18000,1.00166251039
243567,243574,247255,7,3681,2,18000,1.00190165716
243732,243738,247288,6,3550,2,18000,1.00169014085
243733,243744,247130,11,3386,2,18000,1.003248671
243755,243764,247361,9,3597,2,18000,1.00250208507
243801,243809,247148,8,3339,2,18000,1.00239592692
243817,243826,247457,9,3631,2,18000,1.00247865602
243833,243839,247579,6,3740,2,18000,1.00160427807
243835,243845,247438,10,3593,2,18000,1.00278318954
243846,243852,265478,6,21626,2,21600,1.00027744382
243859,243867,247357,8,3490,2,18000,1.00229226361
243910,243921,247583,11,3662,2,18000,1.00300382305
243948,243958,247131,10,3173,2,18000,1.00315159155
243958,243967,247454,9,3487,2,18000,1.0025810152
243969,243979,247036,10,3057,2,18000,1.0032711809
243976,243985,247701,9,3716,2,18000,1.0024219591
243991,243997,247645,6,3648,2,18000,1.00164473684
243992,244003,247658,11,3655,2,18000,1.00300957592
243999,244009,247460,10,3451,2,18000,1.00289771081
244007,244015,247609,8,3594,2,18000,1.00222593211
244008,244020,247558,12,3538,2,18000,1.00339174675
244023,244029,247635,6,3606,2,18000,1.00166389351
244037,244047,247660,10,3613,2,18000,1.00276778301
244052,244058,247659,6,3601,2,18000,1.00166620383
244053,244064,247786,11,3722,2,18000,1.00295540032
244062,244070,247224,8,3154,2,18000,1.00253646164
244077,244086,247797,9,3711,2,18000,1.00242522231
244092,244098,247677,6,3579,2,18000,1.00167644593
244104,244114,247603,10,3489,2,18000,1.00286615076
244119,244132,247833,13,3701,2,18000,1.00351256417
244212,244222,247897,10,3675,2,18000,1.00272108844
244592,244599,249691,7,5092,2,7200,1.00137470542
244944,244951,244952,7,1,2,300,1.0
246360,246366,253493,6,7127,2,21600,1.00084186895
246384,246393,249664,9,3271,2,18000,1.00275145216
246541,246549,250059,8,3510,2,18000,1.00227920228
246578,246588,250346,10,3758,2,18000,1.00266098989
246690,246698,249750,8,3052,2,18000,1.00262123198
246880,246890,250576,10,3686,2,18000,1.00271296799
247003,247011,250407,8,3396,2,18000,1.0023557126
247036,247047,250816,11,3769,2,18000,1.00291854603
247051,247057,248040,6,983,2,14400,1.00610376399
247066,247074,250407,8,3333,2,18000,1.00240024002
247111,247120,250608,9,3488,2,18000,1.00258027523
247132,247141,250354,9,3213,2,18000,1.00280112045
247134,247147,250504,13,3357,2,18000,1.00387250521
247148,247159,250895,11,3736,2,18000,1.00294432548
247169,247178,250548,9,3370,2,18000,1.00267062315
247184,247191,250764,7,3573,2,18000,1.00195913798
247215,247223,250868,8,3645,2,18000,1.00219478738
247229,247235,250691,6,3456,2,18000,1.00173611111
247256,247266,250794,10,3528,2,18000,1.00283446712
247289,247299,250453,10,3154,2,18000,1.00317057705
247358,247369,251146,11,3777,2,18000,1.00291236431
247372,247379,251000,7,3621,2,18000,1.00193316763
247440,247449,250402,9,2953,2,18000,1.00304774805
247457,247465,251110,8,3645,2,18000,1.00219478738
247458,247471,251115,13,3644,2,18000,1.00356750823
247460,247476,250758,16,3282,2,18000,1.00487507617
247487,247493,258178,6,10685,2,28800,1.00056153486
247560,247569,251229,9,3660,2,18000,1.00245901639
247581,247590,250925,9,3335,2,18000,1.00269865067
247595,247602,251212,7,3610,2,18000,1.00193905817
247605,247614,250761,9,3147,2,18000,1.00285986654
247610,247620,251200,10,3580,2,18000,1.00279329609
247637,247647,251367,10,3720,2,18000,1.00268817204
247652,247658,251418,6,3760,2,18000,1.00159574468
247667,247673,251296,6,3623,2,18000,1.00165608612
247668,247679,251285,11,3606,2,18000,1.00305047144
247669,247684,251222,15,3538,2,18000,1.00423968344
247684,247690,251242,6,3552,2,18000,1.00168918919
247702,247712,251412,10,3700,2,18000,1.0027027027
247788,247798,251398,10,3600,2,18000,1.00277777778
247803,247809,251349,6,3540,2,18000,1.00169491525
247836,247845,251372,9,3527,2,18000,1.00255174369
247899,247909,251632,10,3723,2,18000,1.00268600591
248235,248241,248257,6,16,2,300,1.375
248244,248250,248280,6,30,2,300,1.2
248268,248274,248323,6,49,2,300,1.12244897959
248288,248294,248353,6,59,2,300,1.10169491525
248331,248337,248559,6,222,2,300,1.02702702703
248334,248343,269991,9,21648,2,21600,1.00041574279
248361,248367,248597,6,230,2,300,1.02608695652
248567,248573,248586,6,13,2,300,1.46153846154
248594,248600,248631,6,31,2,300,1.1935483871
248604,248611,248625,7,14,2,300,1.5
248640,248651,248681,11,30,2,300,1.36666666667
248640,248645,252107,5,3462,2,21600,1.00144425188
248692,248698,249040,6,342,2,360,1.01754385965
248761,248767,248804,6,37,2,300,1.16216216216
248812,248818,249129,6,311,2,300,1.0192926045
249054,249060,249416,6,356,2,360,1.01685393258
249143,249149,249504,6,355,2,360,1.01690140845
249429,249435,249480,6,45,2,360,1.13333333333
249639,249645,249656,6,11,2,360,1.54545454545
249667,249675,253140,8,3465,2,18000,1.00230880231
249751,249762,253435,11,3673,2,18000,1.00299482712
250061,250071,253575,10,3504,2,18000,1.00285388128
250348,250357,253893,9,3536,2,18000,1.00254524887
250362,250368,253905,6,3537,2,18000,1.00169635284
250405,250413,253359,8,2946,2,18000,1.0027155465
250419,250426,254069,7,3643,2,18000,1.00192149327
250421,250432,253834,11,3402,2,18000,1.00323339212
250456,250464,253930,8,3466,2,18000,1.00230813618
250507,250515,253544,8,3029,2,18000,1.00264113569
250549,250560,254066,11,3506,2,18000,1.00313747861
250579,250587,254317,8,3730,2,18000,1.00214477212
250611,250620,254192,9,3572,2,18000,1.00251959686
250696,250702,253982,6,3280,2,18000,1.00182926829
250759,250769,254264,10,3495,2,18000,1.00286123033
250774,250780,254354,6,3574,2,18000,1.00167879127
250775,250786,253754,11,2968,2,18000,1.00370619946
250796,250805,254358,9,3553,2,18000,1.00253307064
250809,250815,265260,6,14445,2,14400,1.00041536864
250817,250828,254234,11,3406,2,18000,1.00322959483
250869,250879,254101,10,3222,2,18000,1.00310366232
250899,250907,254637,8,3730,2,18000,1.00214477212
250904,250913,258769,9,7856,2,14400,1.00114562118
250927,250936,254573,9,3637,2,18000,1.00247456695
251002,251012,254629,10,3617,2,18000,1.00276472215
251113,251121,254843,8,3722,2,18000,1.00214938205
251128,251134,254799,6,3665,2,18000,1.00163710778
251149,251157,254852,8,3695,2,18000,1.00216508796
251203,251211,254865,8,3654,2,18000,1.0021893815
251217,251223,254829,6,3606,2,18000,1.00166389351
251232,251238,254897,6,3659,2,18000,1.00163979229
251234,251244,254851,10,3607,2,18000,1.00277238703
251249,251255,254978,6,3723,2,18000,1.00161160355
251287,251296,254866,9,3570,2,18000,1.0025210084
251302,251308,254976,6,3668,2,18000,1.00163576881
251350,251360,255090,10,3730,2,18000,1.00268096515
251368,251379,254947,11,3568,2,18000,1.00308295964
251382,251388,254975,6,3587,2,18000,1.001672707
251397,251409,254973,12,3564,2,18000,1.00336700337
251415,251423,255072,8,3649,2,18000,1.00219238147
251429,251435,255030,6,3595,2,18000,1.0016689847
251634,251644,255264,10,3620,2,18000,1.00276243094
251698,251705,251767,7,62,2,3540,1.11290322581
251774,251780,251854,6,74,4,3540,1.08108108108
251775,251786,251854,11,68,4,3540,1.16176470588
251777,251791,251854,14,63,2,3540,1.22222222222
252807,252813,252825,6,12,35,3600,1.5
253142,253151,256807,9,3656,2,18000,1.00246170678
253360,253370,257082,10,3712,2,18000,1.00269396552
253438,253446,257033,8,3587,2,18000,1.002230276
253547,253555,257240,8,3685,2,18000,1.00217096336
253577,253586,257279,9,3693,2,18000,1.00243704305
253755,253765,257386,10,3621,2,18000,1.00276166805
253836,253845,257438,9,3593,2,18000,1.00250487058
253893,253904,257518,11,3614,2,18000,1.00304371887
253908,253916,257407,8,3491,2,18000,1.00229160699
253932,253941,257061,9,3120,2,18000,1.00288461538
253983,253993,257504,10,3511,2,18000,1.0028481914
254068,254077,257416,9,3339,2,18000,1.00269541779
254083,254089,257598,6,3509,2,18000,1.00170988886
254104,254112,257185,8,3073,2,18000,1.00260331923
254194,254204,257907,10,3703,2,18000,1.0027005131
254237,254245,257867,8,3622,2,18000,1.00220872446
254267,254275,257827,8,3552,2,18000,1.00225225225
254318,254328,257875,10,3547,2,18000,1.0028192839
254354,254365,257495,11,3130,2,18000,1.003514377
254369,254375,257491,6,3116,2,18000,1.00192554557
254573,254584,258203,11,3619,2,18000,1.00303951368
254630,254641,258164,11,3523,2,18000,1.00312233892
254638,254648,257745,10,3097,2,18000,1.00322893122
254802,254810,258445,8,3635,2,18000,1.00220082531
254832,254840,258401,8,3561,2,18000,1.00224655996
254846,254854,258508,8,3654,2,18000,1.0021893815
254861,254867,258447,6,3580,2,18000,1.00167597765
254862,254873,258443,11,3570,2,18000,1.00308123249
254877,254883,258507,6,3624,2,18000,1.00165562914
254879,254889,258517,10,3628,2,18000,1.00275633958
254899,254909,258373,10,3464,2,18000,1.00288683603
254929,254936,255028,7,92,35,3600,1.07608695652
254950,254959,258686,9,3727,2,18000,1.00241481084
254974,254984,258656,10,3672,2,18000,1.00272331155
254989,254995,258302,6,3307,2,18000,1.00181433323
254990,255001,258652,11,3651,2,18000,1.00301287319
254992,255006,258572,14,3566,2,18000,1.00392596747
255031,255041,258688,10,3647,2,18000,1.00274197971
255072,255083,258766,11,3683,2,18000,1.00298669563
255093,255101,258485,8,3384,2,18000,1.00236406619
255265,255275,258762,10,3487,2,18000,1.00286779467
255864,255870,256194,6,324,35,3600,1.01851851852
256808,256818,260452,10,3634,2,18000,1.00275178866
257034,257045,260479,11,3434,2,18000,1.0032032615
257064,257073,260714,9,3641,2,18000,1.00247184839
257085,257093,260384,8,3291,2,18000,1.00243087208
257188,257197,260715,9,3518,2,18000,1.00255827175
257242,257251,260767,9,3516,2,18000,1.00255972696
257281,257290,260651,9,3361,2,18000,1.00267777447
257387,257397,260587,10,3190,2,18000,1.00313479624
257411,257419,260913,8,3494,2,18000,1.00228963938
257425,257432,261145,7,3713,2,18000,1.00188526798
257440,257449,260761,9,3312,2,18000,1.0027173913
257491,257502,260992,11,3490,2,18000,1.00315186246
257506,257512,261123,6,3611,2,18000,1.00166158959
257508,257518,261255,10,3737,2,18000,1.00267594327
257522,257529,260856,7,3327,2,18000,1.0021039976
257601,257609,260822,8,3213,2,18000,1.00248988484
257745,257756,261306,11,3550,2,18000,1.00309859155
257830,257838,261463,8,3625,2,18000,1.00220689655
257869,257878,261041,9,3163,2,18000,1.00284539994
257883,257889,261206,6,3317,2,18000,1.00180886343
257908,257918,261454,10,3536,2,18000,1.0028280543
258166,258175,261718,9,3543,2,18000,1.00254022015
258205,258214,261680,9,3466,2,18000,1.0025966532
258305,258314,261935,9,3621,2,18000,1.00248550124
258377,258385,261986,8,3601,2,18000,1.00222160511
258403,258412,262062,9,3650,2,18000,1.00246575342
258446,258454,262125,8,3671,2,18000,1.00217924271
258447,258460,262020,13,3560,2,18000,1.00365168539
258462,258468,261976,6,3508,2,18000,1.00171037628
258488,258496,262125,8,3629,2,18000,1.00220446404
258509,258524,262125,15,3601,2,18000,1.00416550958
258511,258518,262161,7,3643,2,18000,1.00192149327
258525,258531,262148,6,3617,2,18000,1.00165883329
258573,258583,262282,10,3699,2,18000,1.00270343336
258654,258664,262184,10,3520,2,18000,1.00284090909
258669,258675,262346,6,3671,2,18000,1.00163443203
258686,258697,262356,11,3659,2,18000,1.00300628587
258701,258707,262271,6,3564,2,18000,1.00168350168
258764,258773,262434,9,3661,2,18000,1.00245834471
258779,258785,262382,6,3597,2,18000,1.00166805671
259518,259524,273930,6,14406,2,14400,1.00041649313
259637,259643,265434,6,5791,2,14400,1.00103609049
260385,260395,264054,10,3659,2,18000,1.00273298715
260454,260463,264046,9,3583,2,18000,1.00251186157
260481,260490,263824,9,3334,2,18000,1.00269946011
260590,260598,263681,8,3083,2,18000,1.00259487512
260653,260662,264142,9,3480,2,18000,1.0025862069
260716,260725,264197,9,3472,2,18000,1.0025921659
260718,260731,264354,13,3623,2,18000,1.00358818659
260763,260772,264042,9,3270,2,18000,1.00275229358
260778,260784,264313,6,3529,2,18000,1.00170019836
260823,260833,264202,10,3369,2,18000,1.00296823983
260859,260867,264020,8,3153,2,18000,1.0025372661
260913,260924,264284,11,3360,2,18000,1.00327380952
260968,260974,261005,6,31,2,3600,1.1935483871
260995,261004,264433,9,3429,2,18000,1.00262467192
261008,261014,261318,6,304,2,3600,1.01973684211
261044,261053,264422,9,3369,2,18000,1.00267141585
261126,261134,264649,8,3515,2,18000,1.00227596017
261147,261157,264330,10,3173,2,18000,1.00315159155
261208,261217,264586,9,3369,2,18000,1.00267141585
261256,261267,265027,11,3760,2,18000,1.00292553191
261307,261317,264951,10,3634,2,18000,1.00275178866
261349,261356,271222,7,9866,2,36000,1.0007095074
261456,261465,265149,9,3684,2,18000,1.00244299674
261464,261474,264926,10,3452,2,18000,1.00289687138
261682,261691,265307,9,3616,2,18000,1.00248893805
261721,261729,265365,8,3636,2,18000,1.00220022002
261937,261946,265596,9,3650,2,18000,1.00246575342
261979,261987,265601,8,3614,2,18000,1.00221361372
261994,262000,265701,6,3701,2,18000,1.00162118346
262017,262034,265682,17,3648,2,18000,1.00466008772
262022,262028,282447,6,20419,2,28800,1.00029384397
262065,262074,265636,9,3562,2,18000,1.00252667041
262125,262136,265691,11,3555,2,18000,1.00309423347
262127,262141,265659,14,3518,2,18000,1.00397953383
262141,262147,265801,6,3654,2,18000,1.00164203612
262156,262162,265771,6,3609,2,18000,1.00166251039
262171,262177,265810,6,3633,2,18000,1.00165152766
262185,262195,265701,10,3506,2,18000,1.00285225328
262272,262282,265992,10,3710,2,18000,1.00269541779
262287,262293,265993,6,3700,2,18000,1.00162162162
262347,262358,265979,11,3621,2,18000,1.00303783485
262362,262368,265950,6,3582,2,18000,1.00167504188
262383,262394,266140,11,3746,2,18000,1.00293646556
262437,262446,266144,9,3698,2,18000,1.00243374797
263654,263660,263672,6,12,16,300,1.5
263684,263692,266717,8,3025,2,18000,1.0026446281
263787,263793,263807,6,14,8,300,1.42857142857
263826,263835,267618,9,3783,2,18000,1.00237906423
263840,263846,263849,6,3,2,14400,1.0
264010,264016,278449,6,14433,2,14400,1.00041571399
264023,264032,267442,9,3410,2,18000,1.00263929619
264044,264053,267184,9,3131,2,18000,1.002874481
264060,264066,267526,6,3460,2,18000,1.00173410405
264061,264072,267499,11,3427,2,18000,1.00320980449
264143,264154,267757,11,3603,2,18000,1.00305301138
264198,264208,267976,10,3768,2,18000,1.00265392781
264213,264219,267921,6,3702,2,18000,1.00162074554
264286,264295,267714,9,3419,2,18000,1.00263234864
264314,264324,267814,10,3490,2,18000,1.00286532951
264332,264341,268003,9,3662,2,18000,1.0024576734
264356,264365,267944,9,3579,2,18000,1.0025146689
264426,264433,268061,7,3628,2,18000,1.00192943771
264441,264447,267854,6,3407,2,18000,1.00176108013
264587,264597,268158,10,3561,2,18000,1.00280819994
264652,264660,268270,8,3610,2,18000,1.00221606648
264926,264937,268546,11,3609,2,18000,1.00304793572
264954,264962,268661,8,3699,2,18000,1.00216274669
265040,265046,268439,6,3393,2,18000,1.0017683466
265077,265083,274851,6,9768,2,14400,1.00061425061
265150,265160,268633,10,3473,2,18000,1.00287935502
265310,265319,268893,9,3574,2,18000,1.00251818691
265367,265377,268977,10,3600,2,18000,1.00277777778
265599,265607,269257,8,3650,2,18000,1.00219178082
265613,265619,269283,6,3664,2,18000,1.00163755459
265637,265647,268967,10,3320,2,18000,1.00301204819
265661,265670,269321,9,3651,2,18000,1.00246507806
265684,265693,269252,9,3559,2,18000,1.00252880022
265699,265705,269356,6,3651,2,18000,1.00164338537
265714,265720,269242,6,3522,2,18000,1.00170357751
265715,265726,269437,11,3711,2,18000,1.0029641606
265772,265782,269148,10,3366,2,18000,1.00297088532
265789,265795,280228,6,14433,2,14400,1.00041571399
265802,265812,269365,10,3553,2,18000,1.00281452294
265817,265823,269353,6,3530,2,18000,1.00169971671
265954,265961,269573,7,3612,2,18000,1.0019379845
265981,265990,269700,9,3710,2,18000,1.00242587601
265996,266005,269645,9,3640,2,18000,1.00247252747
265997,266010,269579,13,3569,2,18000,1.00364247688
266142,266151,269739,9,3588,2,18000,1.0025083612
266156,266162,269768,6,3606,2,18000,1.00166389351
266558,266564,294261,6,27697,2,36000,1.00021662996
266720,266728,269985,8,3257,2,18000,1.00245624808
267187,267196,270842,9,3646,2,18000,1.00246845858
267444,267453,270995,9,3542,2,18000,1.00254093732
267501,267510,270632,9,3122,2,18000,1.00288276746
267528,267538,271008,10,3470,2,18000,1.00288184438
267622,267629,271284,7,3655,2,18000,1.00191518468
267715,267725,271054,10,3329,2,18000,1.00300390508
267757,267768,271374,11,3606,2,18000,1.00305047144
267814,267825,271425,11,3600,2,18000,1.00305555556
267857,267865,271593,8,3728,2,18000,1.00214592275
267923,267932,271177,9,3245,2,18000,1.00277349769
267944,267955,271736,11,3781,2,18000,1.00290928326
267977,267987,271510,10,3523,2,18000,1.00283848992
268004,268014,271329,10,3315,2,18000,1.00301659125
268061,268072,271136,11,3064,2,18000,1.00359007833
268155,268169,271457,14,3288,2,18000,1.00425790754
268273,268281,271546,8,3265,2,18000,1.00245022971
268442,268450,271780,8,3330,2,18000,1.0024024024
268548,268558,271972,10,3414,2,18000,1.00292911541
268635,268644,272327,9,3683,2,18000,1.00244366006
268663,268672,272293,9,3621,2,18000,1.00248550124
268897,268905,272384,8,3479,2,18000,1.00229951135
268969,268979,272600,10,3621,2,18000,1.00276166805
268983,268989,272741,6,3752,2,18000,1.00159914712
269149,269159,272897,10,3738,2,18000,1.00267522739
269245,269253,272992,8,3739,2,18000,1.00213960952
269260,269266,272949,6,3683,2,18000,1.00162910671
269261,269272,272859,11,3587,2,18000,1.0030666295
269285,269294,272901,9,3607,2,18000,1.00249514832
269324,269332,272899,8,3567,2,18000,1.00224278105
269354,269365,272940,11,3575,2,18000,1.00307692308
269369,269375,272963,6,3588,2,18000,1.0016722408
269370,269381,272937,11,3556,2,18000,1.00309336333
269439,269449,272892,10,3443,2,18000,1.0029044438
269574,269584,273150,10,3566,2,18000,1.00280426248
269589,269595,273283,6,3688,2,18000,1.00162689805
269645,269656,273320,11,3664,2,18000,1.00300218341
269702,269712,273404,10,3692,2,18000,1.00270855905
269741,269750,273427,9,3677,2,18000,1.00244764754
269771,269779,273416,8,3637,2,18000,1.00219961507
269988,269996,273593,8,3597,2,18000,1.00222407562
270634,270644,274213,10,3569,2,18000,1.0028019053
270842,270853,274501,11,3648,2,18000,1.00301535088
270996,271006,274362,10,3356,2,18000,1.00297973778
271011,271019,274569,8,3550,2,18000,1.00225352113
271056,271065,274557,9,3492,2,18000,1.00257731959
271138,271148,274772,10,3624,2,18000,1.0027593819
271180,271188,274771,8,3583,2,18000,1.00223276584
271285,271296,274774,11,3478,2,18000,1.00316273721
271331,271340,274991,9,3651,2,18000,1.00246507806
271376,271385,274609,9,3224,2,18000,1.00279156328
271427,271436,274490,9,3054,2,18000,1.00294695481
271457,271468,274769,11,3301,2,18000,1.00333232354
271512,271521,274626,9,3105,2,18000,1.00289855072
271547,271557,275103,10,3546,2,18000,1.00282007896
271596,271605,275014,9,3409,2,18000,1.0026400704
271738,271748,275375,10,3627,2,18000,1.00275709953
271783,271791,275331,8,3540,2,18000,1.00225988701
271974,271983,275353,9,3370,2,18000,1.00267062315
272295,272304,275838,9,3534,2,18000,1.0025466893
272329,272339,275952,10,3613,2,18000,1.00276778301
272386,272395,275971,9,3576,2,18000,1.00251677852
272602,272611,276200,9,3589,2,18000,1.0025076623
272743,272752,276434,9,3682,2,18000,1.00244432374
272861,272871,276557,10,3686,2,18000,1.00271296799
272893,272903,276652,10,3749,2,18000,1.00266737797
272908,272914,276467,6,3553,2,18000,1.00168871376
272910,272920,276554,10,3634,2,18000,1.00275178866
272911,272925,276526,14,3601,2,18000,1.00388780894
272938,272948,276599,10,3651,2,18000,1.00273897562
272952,272959,276576,7,3617,2,18000,1.0019353055
272954,272965,276667,11,3702,2,18000,1.00297136683
272968,272974,276600,6,3626,2,18000,1.00165471594
272995,273003,276637,8,3634,2,18000,1.00220143093
273151,273161,276685,10,3524,2,18000,1.00283768445
273286,273295,276919,9,3624,2,18000,1.00248344371
273322,273331,277022,9,3691,2,18000,1.00243836359
273406,273415,277108,9,3693,2,18000,1.00243704305
273421,273427,277012,6,3585,2,18000,1.00167364017
273436,273442,277085,6,3643,2,18000,1.00164699424
273593,273604,277196,11,3592,2,18000,1.0030623608
274216,274225,277904,9,3679,2,18000,1.00244631693
274364,274373,277700,9,3327,2,18000,1.00270513977
274492,274502,278156,10,3654,2,18000,1.00273672687
274506,274512,278230,6,3718,2,18000,1.00161377084
274559,274568,277738,9,3170,2,18000,1.00283911672
274574,274580,277744,6,3164,2,18000,1.00189633375
274610,274621,278028,11,3407,2,18000,1.0032286469
274628,274637,278139,9,3502,2,18000,1.00256996002
274772,274780,277885,8,3105,2,18000,1.00257648953
274773,274786,278472,13,3686,2,18000,1.00352685838
274788,274794,278435,6,3641,2,18000,1.00164789893
274789,274800,278173,11,3373,2,18000,1.00326119182
274992,275002,278356,10,3354,2,18000,1.00298151461
275016,275026,278671,10,3645,2,18000,1.00274348422
275106,275114,278485,8,3371,2,18000,1.00237318303
275332,275342,278860,10,3518,2,18000,1.00284252416
275353,275364,279044,11,3680,2,18000,1.00298913043
275377,275386,278969,9,3583,2,18000,1.00251186157
275839,275850,279341,11,3491,2,18000,1.00315095961
275953,275963,279514,10,3551,2,18000,1.00281610814
275974,275982,279629,8,3647,2,18000,1.00219358377
276203,276211,279785,8,3574,2,18000,1.00223838836
276437,276446,280003,9,3557,2,18000,1.0025302221
276470,276479,279849,9,3370,2,18000,1.00267062315
276527,276537,280198,10,3661,2,18000,1.00273149413
276557,276566,280297,9,3731,2,18000,1.00241222192
276571,276578,280160,7,3582,2,18000,1.00195421552
276586,276592,280296,6,3704,2,18000,1.00161987041
276601,276610,280228,9,3618,2,18000,1.00248756219
276602,276615,280259,13,3644,2,18000,1.00356750823
276638,276649,280357,11,3708,2,18000,1.00296655879
276653,276663,280267,10,3604,2,18000,1.00277469478
276668,276678,280273,10,3595,2,18000,1.00278164117
276688,276697,280278,9,3581,2,18000,1.00251326445
276920,276930,280563,10,3633,2,18000,1.00275254611
277013,277023,280588,10,3565,2,18000,1.00280504909
277028,277034,280716,6,3682,2,18000,1.00162954916
277088,277096,280637,8,3541,2,18000,1.0022592488
277109,277120,280749,11,3629,2,18000,1.00303113805
277197,277207,280886,10,3679,2,18000,1.00271812993
277701,277711,281302,10,3591,2,18000,1.00278473963
277740,277749,280974,9,3225,2,18000,1.00279069767
277755,277761,281277,6,3516,2,18000,1.00170648464
277888,277897,281585,9,3688,2,18000,1.00244034707
277906,277915,281121,9,3206,2,18000,1.00280723643
278030,278039,281498,9,3459,2,18000,1.00260190807
278142,278150,281545,8,3395,2,18000,1.00235640648
278157,278167,281372,10,3205,2,18000,1.0031201248
278175,278184,281619,9,3435,2,18000,1.00262008734
278232,278241,281399,9,3158,2,18000,1.002849905
278359,278367,281473,8,3106,2,18000,1.00257566001
278438,278447,281708,9,3261,2,18000,1.0027598896
278474,278484,282266,10,3782,2,18000,1.00264410365
278489,278496,282182,7,3686,2,18000,1.00189907759
278673,278683,282037,10,3354,2,18000,1.00298151461
278861,278871,282238,10,3367,2,18000,1.00297000297
278970,278980,282278,10,3298,2,18000,1.00303214069
279045,279055,282732,10,3677,2,18000,1.00271960838
279343,279352,283058,9,3706,2,18000,1.00242849433
279515,279525,282948,10,3423,2,18000,1.00292141396
279632,279640,283338,8,3698,2,18000,1.00216333153
279788,279796,283235,8,3439,2,18000,1.00232625763
279851,279860,283551,9,3691,2,18000,1.00243836359
280005,280014,283773,9,3759,2,18000,1.00239425379
280161,280172,283687,11,3515,2,18000,1.00312944523
280200,280209,283887,9,3678,2,18000,1.00244698206
280230,280239,283863,9,3624,2,18000,1.00248344371
280260,280270,283638,10,3368,2,18000,1.00296912114
280275,280281,283966,6,3685,2,18000,1.00162822252
280277,280287,283969,10,3682,2,18000,1.00271591526
280291,280297,283798,6,3501,2,18000,1.00171379606
280306,280312,283888,6,3576,2,18000,1.00167785235
280307,280318,284002,11,3684,2,18000,1.00298588491
280358,280368,283778,10,3410,2,18000,1.00293255132
280566,280575,284009,9,3434,2,18000,1.00262085032
280590,280599,284188,9,3589,2,18000,1.0025076623
280638,280648,284201,10,3553,2,18000,1.00281452294
280716,280727,284479,11,3752,2,18000,1.00293176972
280752,280761,284228,9,3467,2,18000,1.00259590424
280887,280897,284681,10,3784,2,18000,1.00264270613
280975,280985,284530,10,3545,2,18000,1.00282087447
281123,281132,284789,9,3657,2,18000,1.00246103363
281278,281288,285034,10,3746,2,18000,1.00266951415
281305,281313,284981,8,3668,2,18000,1.00218102508
281374,281383,284936,9,3553,2,18000,1.00253307064
281401,281411,284609,10,3198,2,18000,1.00312695435
281474,281484,284889,10,3405,2,18000,1.00293685756
281498,281509,285025,11,3516,2,18000,1.00312855518
281546,281556,285327,10,3771,2,18000,1.00265181649
281589,281597,285221,8,3624,2,18000,1.00220750552
281622,281631,285117,9,3486,2,18000,1.00258175559
281709,281719,285007,10,3288,2,18000,1.00304136253
282040,282049,285654,9,3605,2,18000,1.00249653259
282185,282194,285803,9,3609,2,18000,1.00249376559
282240,282250,285323,10,3073,2,18000,1.00325414904
282266,282277,285561,11,3284,2,18000,1.00334957369
282281,282289,285716,8,3427,2,18000,1.00233440327
282734,282743,286510,9,3767,2,18000,1.0023891691
282950,282959,286553,9,3594,2,18000,1.00250417362
283059,283069,286872,10,3803,2,18000,1.00262950302
283236,283246,286905,10,3659,2,18000,1.00273298715
283341,283350,286972,9,3622,2,18000,1.00248481502
283555,283563,287226,8,3663,2,18000,1.00218400218
283639,283649,287267,10,3618,2,18000,1.00276395799
283690,283698,287403,8,3705,2,18000,1.00215924426
283774,283784,287401,10,3617,2,18000,1.00276472215
283789,283795,287390,6,3595,2,18000,1.0016689847
283803,283809,287489,6,3680,2,18000,1.00163043478
283863,283874,287385,11,3511,2,18000,1.00313301054
283887,283898,287591,11,3693,2,18000,1.00297860818
283889,283904,287623,15,3719,2,18000,1.0040333423
283967,283977,287639,10,3662,2,18000,1.00273074823
283982,283988,287728,6,3740,2,18000,1.00160427807
284003,284013,287765,10,3752,2,18000,1.0026652452
284017,284023,287539,6,3516,2,18000,1.00170648464
284189,284199,287896,10,3697,2,18000,1.00270489586
284204,284213,287779,9,3566,2,18000,1.00252383623
284231,284239,287835,8,3596,2,18000,1.0022246941
284481,284490,288097,9,3607,2,18000,1.00249514832
284531,284542,287881,11,3339,2,18000,1.00329439952
284610,284620,287881,10,3261,2,18000,1.003066544
284683,284693,287881,10,3188,2,18000,1.00313676286
284792,284800,287881,8,3081,2,18000,1.00259655956
284892,284901,287881,9,2980,2,18000,1.00302013423
284938,284948,287881,10,2933,2,18000,1.00340947835
284984,284993,287881,9,2888,2,18000,1.00311634349
285009,285018,287881,9,2863,2,18000,1.00314355571
285027,285036,287881,9,2845,2,18000,1.00316344464
285042,285048,287881,6,2833,2,18000,1.00211789622
285118,285129,287881,11,2752,2,18000,1.00399709302
285222,285232,287881,10,2649,2,18000,1.00377500944
285331,285337,287881,6,2544,2,18000,1.00235849057
285332,285343,287881,11,2538,2,18000,1.00433412136
285563,285572,287881,9,2309,2,18000,1.00389779125
285657,285665,287881,8,2216,2,18000,1.0036101083
285718,285727,287881,9,2154,2,18000,1.00417827298
285806,285815,287881,9,2066,2,18000,1.00435624395
285877,285884,329100,7,43216,16,43200,1.00016197705
286512,286521,287881,9,1360,2,18000,1.00661764706
286556,286565,290214,9,3649,2,18000,1.00246642916
286875,286883,287881,8,998,2,18000,1.00801603206
286908,286916,290382,8,3466,2,18000,1.00230813618
286974,286983,290680,9,3697,2,18000,1.00243440628
287228,287237,290820,9,3583,2,18000,1.00251186157
287270,287278,290863,8,3585,2,18000,1.00223152022
287387,287396,290932,9,3536,2,18000,1.00254524887
287402,287408,291030,6,3622,2,18000,1.00165654335
287403,287414,291012,11,3598,2,18000,1.00305725403
287418,287424,290836,6,3412,2,18000,1.00175849941
287490,287500,291141,10,3641,2,18000,1.00274649821
287541,287550,291218,9,3668,2,18000,1.00245365322
287592,287602,291265,10,3663,2,18000,1.00273000273
287625,287634,291110,9,3476,2,18000,1.00258918297
287640,287650,291331,10,3681,2,18000,1.00271665308
287730,287739,291360,9,3621,2,18000,1.00248550124
287765,287776,291056,11,3280,2,18000,1.00335365854
287780,287790,291411,10,3621,2,18000,1.00276166805
287837,287847,291420,10,3573,2,18000,1.00279876854
287901,287907,291482,6,3575,2,18000,1.00167832168
287903,287913,291502,10,3589,2,18000,1.00278629145
287904,287918,291550,14,3632,2,18000,1.00385462555
287905,287923,291447,18,3524,2,18000,1.00510783201
287906,287928,291464,22,3536,2,18000,1.00622171946
287908,287933,291643,25,3710,2,18000,1.00673854447
287909,287939,291646,30,3707,2,18000,1.00809279741
287910,287944,291633,34,3689,2,18000,1.00921658986
287911,287949,291602,38,3653,2,18000,1.01040240898
287913,287954,291429,41,3475,2,18000,1.01179856115
287914,287959,291607,45,3648,2,18000,1.01233552632
287915,287965,291654,50,3689,2,18000,1.01355380862
287916,287970,291560,54,3590,2,18000,1.01504178273
287918,287975,291665,57,3690,2,18000,1.01544715447
287919,287980,291529,61,3549,2,18000,1.01718794026
287920,287985,291696,65,3711,2,18000,1.01751549448
287921,287990,291533,69,3543,2,18000,1.01947502117
287923,287995,291515,72,3520,2,18000,1.02045454545
287924,288002,291669,78,3667,2,18000,1.02127079356
287925,288007,291662,82,3655,2,18000,1.02243502052
287926,288012,291558,86,3546,2,18000,1.02425267908
288100,288108,292838,8,4730,2,18000,1.00169133192
288403,288409,324287,6,35878,1,86400,1.0001672334
290066,290072,416117,6,126045,4,126000,1.00004760205
290215,290225,294803,10,4578,2,18000,1.00218435998
290383,290394,294964,11,4570,2,18000,1.00240700219
290665,290671,299082,6,8411,2,43200,1.00071335156
290681,290691,295204,10,4513,2,18000,1.00221582096
290776,290782,430121,6,139339,4,144000,1.00004306045
290822,290831,295596,9,4765,2,18000,1.0018887723
290837,290847,295541,10,4694,2,18000,1.00213037921
290864,290874,295417,10,4543,2,18000,1.00220118864
290933,290943,295539,10,4596,2,18000,1.00217580505
291013,291019,305856,6,14837,2,43200,1.00040439442
291014,291025,295643,11,4618,2,18000,1.00238198354
291032,291041,295477,9,4436,2,18000,1.00202885482
291059,291067,295757,8,4690,2,18000,1.00170575693
291110,291121,295810,11,4689,2,18000,1.00234591597
291143,291152,295701,9,4549,2,18000,1.0019784568
291221,291229,295818,8,4589,2,18000,1.00174329919
291266,291276,295843,10,4567,2,18000,1.0021896212
291282,291289,299278,7,7989,2,43200,1.00087620478
291332,291343,295974,11,4631,2,18000,1.00237529691
291362,291371,295996,9,4625,2,18000,1.00194594595
291413,291423,296135,10,4712,2,18000,1.00212224109
291428,291434,296099,6,4665,2,18000,1.00128617363
291443,291449,296171,6,4722,2,18000,1.00127064803
291457,291464,295916,7,4452,2,18000,1.00157232704
291472,291478,296134,6,4656,2,18000,1.00128865979
291487,291493,296230,6,4737,2,18000,1.00126662445
291505,291513,296196,8,4683,2,18000,1.00170830664
291520,291525,296266,5,4741,2,18000,1.00105462982
291535,291540,296222,5,4682,2,18000,1.00106791969
291536,291546,296179,10,4633,2,18000,1.00215842866
291550,291561,296321,11,4760,2,18000,1.00231092437
291566,291571,296268,5,4697,2,18000,1.00106450926
291567,291577,296268,10,4691,2,18000,1.00213174163
291603,291613,296231,10,4618,2,18000,1.00216543958
291609,291619,435639,10,144020,40,144000,1.0000694348
291618,291625,296330,7,4705,2,18000,1.00148777896
291635,291645,296160,10,4515,2,18000,1.00221483942
291650,291656,296181,6,4525,2,18000,1.00132596685
291652,291662,296378,10,4716,2,18000,1.00212044105
291667,291673,296373,6,4700,2,18000,1.00127659574
291669,291679,296211,10,4532,2,18000,1.00220653133
291670,291684,296325,14,4641,2,18000,1.00301659125
291685,291690,296152,5,4462,2,18000,1.00112057373
291699,291707,296420,8,4713,2,18000,1.00169743263
291883,291889,435917,6,144028,40,144000,1.00004165857
292134,292140,436154,6,144014,40,144000,1.00004166262
292386,292392,296677,6,4285,4,162000,1.00140023337
292446,292453,298763,7,6310,4,162000,1.00110935024
292513,292518,316714,5,24196,4,162000,1.00020664573
292685,292696,380152,11,87456,4,162000,1.00012577753
292804,296688,297163,3884,475,4,18000,9.17684210526
292841,292850,297403,9,4553,2,18000,1.00197671865
293113,297174,297725,4061,551,4,18000,8.37023593466
293339,435650,579705,142311,144055,40,144000,1.98789351289
294806,294814,299291,8,4477,2,18000,1.00178691088
294966,294975,299589,9,4614,2,18000,1.00195058518
295205,295215,299834,10,4619,2,18000,1.00216497077
295344,295351,295370,7,19,2,3600,1.36842105263
295420,295428,300110,8,4682,2,18000,1.00170867151
295480,295488,300168,8,4680,2,18000,1.00170940171
295531,297179,393383,1648,96204,1,360000,1.01713026485
295540,295550,300245,10,4695,2,18000,1.00212992545
295545,297185,394055,1640,96870,1,360000,1.01692990606
295555,295561,300144,6,4583,2,18000,1.00130918612
295570,324298,473406,28728,149108,1,360000,1.19266571881
295583,436203,583880,140620,147677,1,360000,1.95221327627
295597,295608,300296,11,4688,2,18000,1.00234641638
295610,437327,535710,141717,98383,1,360000,2.44046227499
295622,437333,530947,141711,93614,1,360000,2.51377999017
295645,295655,300259,10,4604,2,18000,1.00217202433
295702,295712,300425,10,4713,2,18000,1.00212179079
295760,295768,300472,8,4704,2,18000,1.00170068027
295814,295822,300445,8,4623,2,18000,1.00173047804
295828,295835,300523,7,4688,2,18000,1.00149317406
295837,330430,402467,34593,72037,40,72000,1.48021155795
295847,295854,300440,7,4586,2,18000,1.00152638465
295919,295927,300698,8,4771,2,18000,1.00167679732
295976,295985,300471,9,4486,2,18000,1.00200624164
295997,296007,300800,10,4793,2,18000,1.00208637596
296102,296110,300729,8,4619,2,18000,1.00173197662
296135,296145,300559,10,4414,2,18000,1.0022655188
296137,296151,300838,14,4687,2,18000,1.00298698528
296154,296163,300730,9,4567,2,18000,1.00197065908
296169,296175,300831,6,4656,2,18000,1.00128865979
296184,296190,300907,6,4717,2,18000,1.00127199491
296186,296196,300753,10,4557,2,18000,1.00219442616
296187,296201,300921,14,4720,2,18000,1.00296610169
296202,296208,300860,6,4652,2,18000,1.00128976784
296217,296222,300931,5,4709,2,18000,1.00106179656
296232,296238,300876,6,4638,2,18000,1.00129366106
296233,296244,300781,11,4537,2,18000,1.00242450959
296234,296249,300788,15,4539,2,18000,1.00330469266
296268,296278,300900,10,4622,2,18000,1.00216356556
296269,296284,301044,15,4760,2,18000,1.0031512605
296284,296290,300984,6,4694,2,18000,1.00127822752
296323,296332,300869,9,4537,2,18000,1.00198368966
296338,296344,301103,6,4759,2,18000,1.00126076907
296339,296350,301018,11,4668,2,18000,1.00235646958
296375,296384,300955,9,4571,2,18000,1.00196893459
296390,296396,301133,6,4737,2,18000,1.00126662445
296423,296431,301072,8,4641,2,18000,1.00172376643
297227,416128,459346,118901,43218,60,43200,3.75119163312
297406,297414,302010,8,4596,2,18000,1.00174064404
297530,435928,439113,138398,3185,20,43200,44.4530612245
298819,298825,303921,6,5096,2,28800,1.00117739403
299295,299303,304102,8,4799,2,18000,1.00166701396
299329,299336,313792,7,14456,2,14400,1.000484228
299590,299600,304148,10,4548,2,18000,1.00219876869
299835,299845,304148,10,4303,2,18000,1.00232396003
300110,300121,304148,11,4027,2,18000,1.00273156196
300147,300155,304148,8,3993,2,18000,1.00200350614
300171,300179,304149,8,3970,2,18000,1.00201511335
300212,300218,300641,6,423,3,3600,1.01418439716
300247,300257,304149,10,3892,2,18000,1.00256937307
300262,300270,304149,8,3879,2,18000,1.00206238721
300298,300307,304149,9,3842,2,18000,1.00234252993
300428,300436,304149,8,3713,2,18000,1.00215459197
300443,300451,304149,8,3698,2,18000,1.00216333153
300459,300465,304149,6,3684,2,18000,1.0016286645
300474,300482,304149,8,3667,2,18000,1.00218161985
300475,300488,304149,13,3661,2,18000,1.00355094237
300524,300534,304149,10,3615,2,18000,1.00276625173
300560,300570,304149,10,3579,2,18000,1.00279407656
300662,435938,494593,135276,58655,3,180000,3.30629954821
300699,300709,304149,10,3440,2,18000,1.00290697674
300732,300746,304149,14,3403,2,18000,1.00411401704
300733,300740,304149,7,3409,2,18000,1.00205338809
300754,300764,304150,10,3386,2,18000,1.00295333727
300782,300792,304149,10,3357,2,18000,1.00297885016
300798,300804,304149,6,3345,2,18000,1.00179372197
300813,300819,304149,6,3330,2,18000,1.0018018018
300836,300842,304149,6,3307,2,18000,1.00181433323
300851,300857,304149,6,3292,2,18000,1.00182260024
300869,300875,304149,6,3274,2,18000,1.00183262065
300884,300890,304149,6,3259,2,18000,1.00184105554
300885,300896,304149,11,3253,2,18000,1.00338149401
300904,300911,304149,7,3238,2,18000,1.00216182829
300919,300925,304150,6,3225,2,18000,1.00186046512
300935,300942,304150,7,3208,2,18000,1.00218204489
300937,300948,304150,11,3202,2,18000,1.0034353529
300958,300966,304149,8,3183,2,18000,1.00251335218
300964,300972,301083,8,111,2,21600,1.07207207207
300987,300996,304150,9,3154,2,18000,1.00285351934
301021,301029,304150,8,3121,2,18000,1.002563281
301046,301055,304149,9,3094,2,18000,1.00290885585
301074,301083,304149,9,3066,2,18000,1.00293542074
301080,301089,301094,9,5,2,21600,1.4
301105,301115,304150,10,3035,2,18000,1.00329489292
301124,435933,520851,134809,84918,4,162000,2.58751972491
301137,301144,304149,7,3005,2,18000,1.00232945092
301159,301165,322811,6,21646,2,21600,1.00027718747
301166,301172,322792,6,21620,2,21600,1.00027752081
301337,402150,474165,100813,72015,2,72000,2.39988891203
301916,436192,869779,134276,433587,3,604800,1.30968640665
301933,436197,773621,134264,337424,3,604800,1.39790886244
302012,302021,304150,9,2129,2,18000,1.00422733678
302417,302423,302443,6,20,2,7200,1.3
302439,302446,303402,7,956,2,7200,1.00732217573
304105,304113,304150,8,37,2,18000,1.21621621622
304789,304795,304832,6,37,2,18000,1.16216216216
304790,304800,304837,10,37,2,18000,1.27027027027
304791,304805,304842,14,37,2,18000,1.37837837838
304792,304811,304847,19,36,2,18000,1.52777777778
304794,304816,304852,22,36,2,18000,1.61111111111
304795,304821,304857,26,36,2,18000,1.72222222222
304796,304827,304863,31,36,2,18000,1.86111111111
304797,304832,304867,35,35,2,18000,2.0
304799,304837,304873,38,36,2,18000,2.05555555556
304800,304842,304879,42,37,2,18000,2.13513513514
304801,304847,304884,46,37,2,18000,2.24324324324
304803,304853,304889,50,36,2,18000,2.38888888889
304804,304858,304894,54,36,2,18000,2.5
304805,304863,304899,58,36,2,18000,2.61111111111
304806,304868,304904,62,36,2,18000,2.72222222222
304808,304873,304909,65,36,2,18000,2.80555555556
304809,304878,304915,69,37,2,18000,2.86486486486
304810,304883,304920,73,37,2,18000,2.97297297297
304812,304890,304926,78,36,2,18000,3.16666666667
304813,304895,304931,82,36,2,18000,3.27777777778
304814,304900,304936,86,36,2,18000,3.38888888889
304815,304905,304941,90,36,2,18000,3.5
304817,304910,304946,93,36,2,18000,3.58333333333
304976,304982,305227,6,245,2,18000,1.02448979592
304977,304988,305227,11,239,2,18000,1.0460251046
304979,304993,305227,14,234,2,18000,1.05982905983
304980,304998,305227,18,229,2,18000,1.07860262009
304981,305003,305227,22,224,2,18000,1.09821428571
304982,305008,305227,26,219,2,18000,1.11872146119
304984,305014,305227,30,213,2,18000,1.14084507042
304985,305019,305227,34,208,2,18000,1.16346153846
304986,305024,305227,38,203,2,18000,1.18719211823
304987,305029,305227,42,198,2,18000,1.21212121212
304989,305034,305227,45,193,2,18000,1.23316062176
304990,305040,305227,50,187,2,18000,1.26737967914
304991,305045,305227,54,182,2,18000,1.2967032967
304993,305050,305227,57,177,2,18000,1.32203389831
304994,305055,305227,61,172,2,18000,1.35465116279
304995,305060,305227,65,167,2,18000,1.38922155689
304996,305065,305227,69,162,2,18000,1.42592592593
304998,305071,305227,73,156,2,18000,1.46794871795
304999,305076,305227,77,151,2,18000,1.50993377483
305000,305081,305227,81,146,2,18000,1.55479452055
305001,305086,305227,85,141,2,18000,1.60283687943
305003,305091,305227,88,136,2,18000,1.64705882353
305004,305096,305227,92,131,2,18000,1.70229007634
305005,305101,305227,96,126,2,18000,1.7619047619
305006,305106,305227,100,121,2,18000,1.82644628099
305008,305112,305227,104,115,2,18000,1.90434782609
305009,305118,305227,109,109,2,18000,2.0
305010,305123,305227,113,104,2,18000,2.08653846154
305011,305128,305227,117,99,2,18000,2.18181818182
305013,305133,305227,120,94,2,18000,2.27659574468
305014,305139,305227,125,88,2,18000,2.42045454545
305015,305144,305227,129,83,2,18000,2.55421686747
305017,305149,305227,132,78,2,18000,2.69230769231
305018,305154,305227,136,73,2,18000,2.86301369863
305019,305159,305227,140,68,2,18000,3.05882352941
305020,305164,305227,144,63,2,18000,3.28571428571
305022,305170,305227,148,57,2,18000,3.59649122807
305023,305175,305227,152,52,2,18000,3.92307692308
305024,305180,305227,156,47,2,18000,4.31914893617
305025,305185,305227,160,42,2,18000,4.80952380952
305268,305274,306330,6,1056,2,18000,1.00568181818
305269,305280,306330,11,1050,2,18000,1.01047619048
305270,305285,306330,15,1045,2,18000,1.01435406699
305271,305290,306330,19,1040,2,18000,1.01826923077
305272,305295,306330,23,1035,2,18000,1.02222222222
305274,305300,306330,26,1030,2,18000,1.02524271845
305275,305307,306330,32,1023,2,18000,1.03128054741
305276,305312,306330,36,1018,2,18000,1.03536345776
305277,305317,306330,40,1013,2,18000,1.03948667325
305279,305322,306330,43,1008,2,18000,1.04265873016
305280,305327,306330,47,1003,2,18000,1.04685942173
305281,305332,306330,51,998,2,18000,1.05110220441
305283,305338,306330,55,992,2,18000,1.05544354839
305284,305343,306330,59,987,2,18000,1.05977710233
305285,305348,306330,63,982,2,18000,1.06415478615
305287,305353,306330,66,977,2,18000,1.06755373593
305288,305358,306330,70,972,2,18000,1.07201646091
305290,305363,306330,73,967,2,18000,1.07549120993
305291,305368,306330,77,962,2,18000,1.08004158004
305292,305374,306330,82,956,2,18000,1.08577405858
305294,305379,306330,85,951,2,18000,1.08937960042
305295,305384,306330,89,946,2,18000,1.09408033827
305296,305389,306330,93,941,2,18000,1.09883103082
305297,305394,306330,97,936,2,18000,1.10363247863
305299,305399,306330,100,931,2,18000,1.10741138561
305300,305404,306330,104,926,2,18000,1.11231101512
305301,305410,306330,109,920,2,18000,1.11847826087
305303,305416,306330,113,914,2,18000,1.12363238512
305304,305421,306330,117,909,2,18000,1.12871287129
305305,305426,306330,121,904,2,18000,1.13384955752
305306,305431,306331,125,900,2,18000,1.13888888889
305308,305436,306331,128,895,2,18000,1.14301675978
305309,305442,306331,133,889,2,18000,1.14960629921
305310,305447,306331,137,884,2,18000,1.15497737557
305312,305452,306331,140,879,2,18000,1.15927189989
305313,305457,306331,144,874,2,18000,1.1647597254
305314,305462,306331,148,869,2,18000,1.17031070196
305315,305467,306331,152,864,2,18000,1.17592592593
305317,305472,306331,155,859,2,18000,1.18044237485
305318,305478,306331,160,853,2,18000,1.18757327081
305879,305885,320623,6,14738,2,21600,1.00040711087
306374,306380,308327,6,1947,2,36000,1.0030816641
306375,306386,308328,11,1942,2,36000,1.00566426365
306377,306391,308328,14,1937,2,36000,1.00722767166
306378,306396,308328,18,1932,2,36000,1.00931677019
306379,306401,308328,22,1927,2,36000,1.01141670991
306380,306406,308328,26,1922,2,36000,1.01352757544
306382,306412,308328,30,1916,2,36000,1.01565762004
306383,306417,308328,34,1911,2,36000,1.01779173208
306384,306422,308328,38,1906,2,36000,1.01993704092
306385,306427,308328,42,1901,2,36000,1.02209363493
306387,306432,308328,45,1896,2,36000,1.02373417722
306388,306437,308328,49,1891,2,36000,1.02591221576
306389,306443,308328,54,1885,2,36000,1.02864721485
306390,306448,308328,58,1880,2,36000,1.03085106383
306392,306453,308328,61,1875,2,36000,1.03253333333
306393,306458,308328,65,1870,2,36000,1.03475935829
306394,306463,308328,69,1865,2,36000,1.03699731903
306395,306468,308328,73,1860,2,36000,1.03924731183
306397,306473,308328,76,1855,2,36000,1.0409703504
306398,306479,308328,81,1849,2,36000,1.04380746349
306399,306484,308328,85,1844,2,36000,1.04609544469
306401,306489,308328,88,1839,2,36000,1.04785209353
306402,306494,308328,92,1834,2,36000,1.05016357688
306403,306499,308328,96,1829,2,36000,1.0524876982
306405,306504,308328,99,1824,2,36000,1.05427631579
306406,306509,308328,103,1819,2,36000,1.05662451897
306407,306516,308328,109,1812,2,36000,1.06015452539
306408,306521,308328,113,1807,2,36000,1.06253458771
306410,306526,308328,116,1802,2,36000,1.06437291898
306411,306531,308328,120,1797,2,36000,1.06677796327
306412,306536,308328,124,1792,2,36000,1.06919642857
306414,306542,308328,128,1786,2,36000,1.07166853303
306415,306547,308328,132,1781,2,36000,1.07411566536
306416,306552,308328,136,1776,2,36000,1.07657657658
306417,306557,308328,140,1771,2,36000,1.0790513834
306419,306562,308328,143,1766,2,36000,1.08097395243
306420,306567,308328,147,1761,2,36000,1.08347529813
306421,306573,308328,152,1755,2,36000,1.08660968661
306422,306578,308328,156,1750,2,36000,1.08914285714
306424,306583,308328,159,1745,2,36000,1.09111747851
306789,436171,460157,129382,23986,8,43200,6.39406320354
306858,306864,312263,6,5399,2,21600,1.00111131691
306859,306870,306871,11,1,1,3600,1.2
307124,307130,307131,6,1,1,3600,1.0
307152,436315,454015,129163,17700,2,43200,8.29734463277
307196,307203,307205,7,2,8,21600,1.0
307322,381069,381514,73747,445,2,28800,166.723595506
307339,307346,328993,7,21647,8,21600,1.00032337044
307704,308934,308938,1230,4,1,300,123.4
307790,308928,310977,1138,2049,2,14400,1.55539287457
308370,308376,326399,6,18023,80,18000,1.00033290795
309035,309041,309042,6,1,1,600,1.0
309341,309347,309954,6,607,1,600,1.00988467875
309555,309561,309564,6,3,1,300,1.0
309764,309770,309775,6,5,1,300,1.1
309773,329005,330417,19232,1412,32,3600,14.6203966006
310167,310173,310174,6,1,1,600,1.0
310255,310261,310264,6,3,1,600,1.0
313388,313394,313395,6,1,1,300,1.0
313504,313510,314124,6,614,1,600,1.00977198697
314358,436320,464058,121962,27738,2,43200,5.39692840147
314432,381074,381082,66642,8,2,28800,6665.0
314772,381094,402139,66322,21045,2,28800,4.15143739606
315061,381525,410363,66464,28838,2,28800,3.3047368056
315396,386492,405119,71096,18627,2,28800,4.81682503892
315498,386497,414738,70999,28241,2,28800,3.51403987111
315707,380826,383270,65119,2444,2,21600,27.6444353519
316107,316113,316114,6,1,1,300,1.0
316142,436683,472244,120541,35561,2,43200,4.38969657771
316238,436166,436298,119928,132,12,86400,909.545454545
317096,439130,474854,122034,35724,2,43200,4.41602284179
319474,436187,453258,116713,17071,10,43200,7.83691640794
319691,439135,496748,119444,57613,2,57600,3.07321264298
320103,440070,440474,119967,404,2,43200,297.948019802
320333,440102,451872,119769,11770,1,180000,11.1757858963
320501,440075,512080,119574,72005,2,72000,2.66063467815
320852,320858,320876,6,18,4,1800,1.33333333333
320917,320923,320942,6,19,4,1800,1.31578947368
321024,321031,321050,7,19,4,1800,1.36842105263
321355,321361,321380,6,19,4,1800,1.31578947368
321448,321454,321473,6,19,4,1800,1.31578947368
321552,321558,321580,6,22,4,1800,1.27272727273
321802,321808,321892,6,84,4,1800,1.07142857143
322195,440080,470977,117885,30897,2,72000,4.81541897272
322243,436310,454361,114067,18051,8,43200,7.31915129356
322454,440085,440397,117631,312,2,43200,378.022435897
322462,440097,460068,117635,19971,2,43200,6.89029092184
322475,440091,505739,117616,65648,2,72000,2.79161589081
322591,322597,324863,6,2266,8,3600,1.0026478376
322698,330435,348445,7737,18010,4,18000,1.42959466963
323140,436177,436671,113037,494,2,54000,229.819838057
323163,436182,437316,113019,1134,2,54000,100.664021164
323488,330440,338327,6952,7887,4,18000,1.88145048815
323699,323705,323706,6,1,1,300,1.0
323831,435943,561966,112112,126023,4,126000,1.88961538767
323840,435949,453061,112109,17112,4,126000,7.55148433848
323928,323934,323936,6,2,1,300,1.0
323989,435954,579960,111965,144006,4,144000,1.77750232629
324056,435959,493091,111903,57132,4,144000,2.95867464818
324246,324252,324339,6,87,1,300,1.06896551724
324319,324325,324328,6,3,1,300,1.0
324372,338339,350365,13967,12026,4,18000,2.16140029935
324417,324423,324748,6,325,1,300,1.01846153846
324428,348456,366512,24028,18056,4,18000,2.33074878157
324575,350376,368436,25801,18060,4,18000,2.42862679956
324673,362780,380814,38107,18034,4,18000,3.11306421204
324836,366523,384556,41687,18033,4,18000,3.3117063162
324884,368447,386481,43563,18034,4,18000,3.41560385938
325360,325366,325682,6,316,1,300,1.01898734177
330606,402478,403541,71872,1063,32,3600,68.6124176858
331707,331713,331731,6,18,80,28800,1.33333333333
332275,332282,332283,7,1,80,28800,1.0
332686,332692,334572,6,1880,80,28800,1.00319148936
334717,334723,335687,6,964,80,28800,1.00622406639
335727,335733,340728,6,4995,80,28800,1.0012012012
335913,386942,394159,51029,7217,1,21600,8.07066648192
335997,440108,440834,104111,726,1,86400,144.403581267
340736,340742,374245,6,33503,80,43200,1.00017908844
343178,380831,380834,37653,3,2,300,3765.6
374427,374433,374434,6,1,2,36000,1.0
374428,374439,374441,11,2,2,36000,1.3
374429,374444,374445,15,1,2,36000,1.6
374430,374449,374451,19,2,2,36000,2.1
374432,374454,374461,22,7,2,36000,2.9
374433,374459,374461,26,2,2,36000,2.8
374435,374466,374467,31,1,2,36000,3.2
374436,374471,374472,35,1,2,36000,3.6
374437,374476,374477,39,1,2,36000,4.0
374439,374481,374483,42,2,2,36000,4.4
374440,374486,374488,46,2,2,36000,4.8
374441,374491,374493,50,2,2,36000,5.2
374443,374497,374499,54,2,2,36000,5.6
374444,374502,374503,58,1,2,36000,5.9
374445,374507,374508,62,1,2,36000,6.3
374447,374512,374514,65,2,2,36000,6.7
374448,374517,374519,69,2,2,36000,7.1
374449,374523,374525,74,2,2,36000,7.6
374451,374528,374529,77,1,2,36000,7.8
374452,374533,374534,81,1,2,36000,8.2
374453,374538,374541,85,3,2,36000,8.8
374455,374543,374545,88,2,2,36000,9.0
374456,374549,374551,93,2,2,36000,9.5
374457,374554,374556,97,2,2,36000,9.9
374459,374559,374560,100,1,2,36000,10.1
374460,374564,374566,104,2,2,36000,10.6
374461,374571,374573,110,2,2,36000,11.2
374463,374576,374577,113,1,2,36000,11.4
374464,374581,374582,117,1,2,36000,11.8
374465,374586,374588,121,2,2,36000,12.3
374467,374592,374593,125,1,2,36000,12.6
374468,374597,374598,129,1,2,36000,13.0
374469,374602,374604,133,2,2,36000,13.5
374471,374607,374610,136,3,2,36000,13.9
374472,374612,374614,140,2,2,36000,14.2
374474,374617,374620,143,3,2,36000,14.6
374475,374623,374625,148,2,2,36000,15.0
374476,374628,374629,152,1,2,36000,15.3
374478,374633,374634,155,1,2,36000,15.6
374479,374638,374640,159,2,2,36000,16.1
374662,374668,375836,6,1168,2,36000,1.0051369863
374663,374674,375836,11,1162,2,36000,1.00946643718
374665,374679,375840,14,1161,2,36000,1.0120585702
374666,374684,375840,18,1156,2,36000,1.01557093426
374667,374689,375840,22,1151,2,36000,1.01911381407
374668,374695,375840,27,1145,2,36000,1.02358078603
374670,374701,375840,31,1139,2,36000,1.02721685689
374671,374706,375840,35,1134,2,36000,1.03086419753
374672,374711,375840,39,1129,2,36000,1.03454384411
374674,374716,375840,42,1124,2,36000,1.03736654804
374675,374721,375840,46,1119,2,36000,1.04110813226
374677,374727,375836,50,1109,2,36000,1.04508566276
374678,374732,375840,54,1108,2,36000,1.04873646209
374679,374737,375840,58,1103,2,36000,1.05258386219
374681,374742,375840,61,1098,2,36000,1.05555555556
374682,374747,375840,65,1093,2,36000,1.05946935041
374683,374752,375841,69,1089,2,36000,1.06336088154
374684,374758,375841,74,1083,2,36000,1.06832871653
374686,374763,375836,77,1073,2,36000,1.07176141659
374687,374768,375841,81,1073,2,36000,1.07548928239
374689,374773,375836,84,1063,2,36000,1.07902163688
374690,374778,375841,88,1063,2,36000,1.08278457197
374691,374783,375841,92,1058,2,36000,1.08695652174
374693,374789,375841,96,1052,2,36000,1.09125475285
374694,374794,375841,100,1047,2,36000,1.09551098376
374695,374799,375841,104,1042,2,36000,1.09980806142
374697,374805,375841,108,1036,2,36000,1.10424710425
374698,374810,375841,112,1031,2,36000,1.10863239573
374699,374815,375841,116,1026,2,36000,1.11306042885
374701,374820,375841,119,1021,2,36000,1.11655239961
374702,374826,375841,124,1015,2,36000,1.12216748768
374704,374831,375841,127,1010,2,36000,1.12574257426
374705,374836,375841,131,1005,2,36000,1.13034825871
374706,374841,375841,135,1000,2,36000,1.135
374707,374846,375841,139,995,2,36000,1.13969849246
374709,374851,375841,142,990,2,36000,1.14343434343
374710,374857,375841,147,984,2,36000,1.1493902439
374711,374862,375841,151,979,2,36000,1.15423901941
374713,374867,375841,154,974,2,36000,1.15811088296
374714,374872,375841,158,969,2,36000,1.16305469556
376310,376759,376827,449,68,80,43200,7.60294117647
376987,376993,378355,6,1362,80,43200,1.00440528634
378102,378366,379905,264,1539,80,43200,1.17153996101
379560,379916,381949,356,2033,80,43200,1.17511067388
381610,381617,382882,7,1265,2,1800,1.00553359684
382110,384567,386931,2457,2364,8,7200,2.03934010152
382191,382197,385983,6,3786,2,36000,1.00158478605
382192,382203,385873,11,3670,2,36000,1.0029972752
382193,382208,385887,15,3679,2,36000,1.00407719489
382194,382213,386094,19,3881,2,36000,1.00489564545
382196,382218,385926,22,3708,2,36000,1.00593311758
382197,382223,386018,26,3795,2,36000,1.00685111989
382198,382230,385951,32,3721,2,36000,1.00859983875
382200,382235,385543,35,3308,2,36000,1.01058041112
382202,382240,386064,38,3824,2,36000,1.00993723849
382203,382245,385895,42,3650,2,36000,1.01150684932
382204,382250,385894,46,3644,2,36000,1.01262349067
382206,382255,386123,49,3868,2,36000,1.0126680455
382207,382260,386015,53,3755,2,36000,1.01411451398
382208,382266,386042,58,3776,2,36000,1.01536016949
382210,382271,386104,61,3833,2,36000,1.01591442734
382211,382276,385912,65,3636,2,36000,1.01787678768
382212,382281,386098,69,3817,2,36000,1.01807702384
382213,382286,386089,73,3803,2,36000,1.01919537207
382215,382291,385863,76,3572,2,36000,1.02127659574
382216,382297,386066,81,3769,2,36000,1.0214911117
382217,382302,386223,85,3921,2,36000,1.02167814333
382219,382307,385878,88,3571,2,36000,1.02464295715
382220,382312,386100,92,3788,2,36000,1.02428722281
382222,382317,386048,95,3731,2,36000,1.02546234254
382223,382322,386157,99,3835,2,36000,1.0258148631
382224,382327,385968,103,3641,2,36000,1.02828893161
382226,382334,386256,108,3922,2,36000,1.02753697093
382227,382339,386124,112,3785,2,36000,1.02959048877
382228,382344,386091,116,3747,2,36000,1.03095809981
382229,382349,386045,120,3696,2,36000,1.03246753247
382231,382354,386218,123,3864,2,36000,1.03183229814
382232,382360,385882,128,3522,2,36000,1.03634298694
382234,382365,385804,131,3439,2,36000,1.03809246874
382235,382370,385931,135,3561,2,36000,1.03791069924
382236,382375,386246,139,3871,2,36000,1.0359080341
382238,382380,386228,142,3848,2,36000,1.0369022869
382239,382385,385940,146,3555,2,36000,1.04106891702
382240,382390,385980,150,3590,2,36000,1.04178272981
382241,382396,386092,155,3696,2,36000,1.04193722944
382243,382401,385983,158,3582,2,36000,1.04410943607
388053,388059,391663,6,3604,4,3600,1.00166481687
388283,388289,392037,6,3748,2,36000,1.00160085379
388284,388295,392092,11,3797,2,36000,1.00289702397
388286,388300,391967,14,3667,2,36000,1.00381783474
388287,388305,392015,18,3710,2,36000,1.00485175202
388289,388310,392170,21,3860,2,36000,1.00544041451
388290,388316,392171,26,3855,2,36000,1.00674448768
388291,388321,392198,30,3877,2,36000,1.00773794171
388292,388326,392123,34,3797,2,36000,1.00895443771
388294,388331,391720,37,3389,2,36000,1.01091767483
388295,388336,392090,41,3754,2,36000,1.01092168354
388296,388342,392048,46,3706,2,36000,1.01241230437
388298,388347,392063,49,3716,2,36000,1.01318622174
388299,388352,392001,53,3649,2,36000,1.01452452727
388300,388357,392155,57,3798,2,36000,1.01500789889
388301,388362,392171,61,3809,2,36000,1.01601470202
388303,388367,392127,64,3760,2,36000,1.0170212766
388304,388373,392047,69,3674,2,36000,1.01878062058
388305,388378,392311,73,3933,2,36000,1.01856089499
388307,388383,392121,76,3738,2,36000,1.0203317282
388308,388388,392377,80,3989,2,36000,1.02005515167
388309,388393,392193,84,3800,2,36000,1.02210526316
388310,388398,392030,88,3632,2,36000,1.02422907489
388312,388404,392131,92,3727,2,36000,1.02468473303
388313,388409,392199,96,3790,2,36000,1.0253298153
388314,388414,392075,100,3661,2,36000,1.02731494127
388316,388421,392343,105,3922,2,36000,1.02677205507
388317,388426,392166,109,3740,2,36000,1.02914438503
388318,388431,391900,113,3469,2,36000,1.03257422888
388319,388436,392056,117,3620,2,36000,1.03232044199
388321,388441,392268,120,3827,2,36000,1.03135615365
388322,388446,391928,124,3482,2,36000,1.0356117174
388323,388452,392196,129,3744,2,36000,1.03445512821
388324,388457,392089,133,3632,2,36000,1.03661894273
388326,388462,392272,136,3810,2,36000,1.03569553806
388327,388467,392092,140,3625,2,36000,1.03862068966
388328,388472,391966,144,3494,2,36000,1.04121350887
388329,388477,392402,148,3925,2,36000,1.03770700637
388331,388483,392254,152,3771,2,36000,1.04030761071
388332,388488,392380,156,3892,2,36000,1.04008221994
388333,388493,392301,160,3808,2,36000,1.04201680672
389527,389533,391431,6,1898,1,1800,1.00316122234
391722,391732,395495,10,3763,2,36000,1.00265745416
391904,391911,395925,7,4014,2,36000,1.00174389636
391933,391939,395660,6,3721,2,36000,1.00161246977
391966,391977,395862,11,3885,2,36000,1.00283140283
391982,391988,395744,6,3756,2,36000,1.00159744409
392004,392012,395635,8,3623,2,36000,1.00220811482
392018,392026,395790,8,3764,2,36000,1.00212539851
392036,392041,395879,5,3838,2,36000,1.00130276186
392052,392058,395844,6,3786,2,36000,1.00158478605
392054,392064,395872,10,3808,2,36000,1.00262605042
392055,392069,395786,14,3717,2,36000,1.00376647834
392072,392078,395890,6,3812,2,36000,1.00157397692
392073,392084,395823,11,3739,2,36000,1.00294196309
392089,392095,395989,6,3894,2,36000,1.00154083205
392106,392112,395996,6,3884,2,36000,1.00154479918
392107,392118,395781,11,3663,2,36000,1.003003003
392109,392123,396037,14,3914,2,36000,1.00357690342
392110,392128,395848,18,3720,2,36000,1.00483870968
392125,392134,396153,9,4019,2,36000,1.00223936303
392127,392139,395717,12,3578,2,36000,1.00335382895
392142,392148,395964,6,3816,2,36000,1.00157232704
392143,392154,396007,11,3853,2,36000,1.00285491825
392161,392167,396143,6,3976,2,36000,1.00150905433
392180,392186,396047,6,3861,2,36000,1.00155400155
392181,392192,396071,11,3879,2,36000,1.00283578242
392183,392197,396019,14,3822,2,36000,1.00366300366
392184,392202,395835,18,3633,2,36000,1.00495458299
392204,392210,396170,6,3960,2,36000,1.00151515152
392205,392216,396050,11,3834,2,36000,1.00286906625
392206,392221,395967,15,3746,2,36000,1.00400427122
392208,392226,396089,18,3863,2,36000,1.00465959099
392258,392265,395878,7,3613,2,36000,1.0019374481
392274,392280,396290,6,4010,2,36000,1.00149625935
392275,392286,395978,11,3692,2,36000,1.00297941495
392303,392312,396369,9,4057,2,36000,1.00221838797
392318,392324,396270,6,3946,2,36000,1.00152052712
392345,392354,396031,9,3677,2,36000,1.00244764754
392380,392389,396326,9,3937,2,36000,1.00228600457
392381,392395,396125,14,3730,2,36000,1.00375335121
392408,392414,396379,6,3965,2,36000,1.00151324086
394615,394622,394714,7,92,4,7200,1.07608695652
394747,394753,397531,6,2778,1,7200,1.00215982721
395395,440113,456093,44718,15980,2,21600,3.79837296621
395500,395506,399265,6,3759,2,36000,1.00159616919
395641,395647,399424,6,3777,2,36000,1.00158856235
395665,395671,399397,6,3726,2,36000,1.00161030596
395719,395729,399478,10,3749,2,36000,1.00266737797
395748,395754,399755,6,4001,2,36000,1.00149962509
395782,395792,399445,10,3653,2,36000,1.00273747605
395798,395805,399627,7,3822,2,36000,1.00183150183
395800,395811,399683,11,3872,2,36000,1.00284090909
395827,395834,399745,7,3911,2,36000,1.00178982357
395843,395849,399634,6,3785,2,36000,1.00158520476
395860,395866,399765,6,3899,2,36000,1.00153885612
395861,395872,399723,11,3851,2,36000,1.00285640093
395879,395884,399783,5,3899,2,36000,1.0012823801
395880,395890,399547,10,3657,2,36000,1.00273448182
395881,395895,399690,14,3795,2,36000,1.00368906456
395900,395906,399602,6,3696,2,36000,1.00162337662
395901,395912,399603,11,3691,2,36000,1.00298022216
395929,395936,399749,7,3813,2,36000,1.00183582481
395966,395975,399776,9,3801,2,36000,1.00236779795
395982,395988,399523,6,3535,2,36000,1.00169731259
395984,395994,399974,10,3980,2,36000,1.00251256281
396000,396006,399728,6,3722,2,36000,1.00161203654
396001,396012,399644,11,3632,2,36000,1.00302863436
396019,396025,400010,6,3985,2,36000,1.00150564617
396037,396043,399882,6,3839,2,36000,1.00156290701
396038,396049,399835,11,3786,2,36000,1.0029054411
396059,396065,399702,6,3637,2,36000,1.0016497113
396060,396071,399676,11,3605,2,36000,1.00305131761
396062,396076,399985,14,3909,2,36000,1.00358147864
396080,396086,399694,6,3608,2,36000,1.00166297118
396096,396102,399913,6,3811,2,36000,1.00157438992
396129,396137,400174,8,4037,2,36000,1.00198166956
396147,396154,399773,7,3619,2,36000,1.00193423598
396162,396168,399993,6,3825,2,36000,1.00156862745
396178,396184,399865,6,3681,2,36000,1.00162999185
396271,396281,400155,10,3874,2,36000,1.00258131131
396292,396301,399968,9,3667,2,36000,1.00245432233
396330,396337,400182,7,3845,2,36000,1.00182054616
396373,396380,400353,7,3973,2,36000,1.00176189278
396388,396394,400080,6,3686,2,36000,1.00162778079
399267,399276,402958,9,3682,2,36000,1.00244432374
399400,399408,403287,8,3879,2,36000,1.00206238721
399426,399435,403277,9,3842,2,36000,1.00234252993
399447,399456,403274,9,3818,2,36000,1.00235725511
399480,399490,403247,10,3757,2,36000,1.00266169816
399525,399535,403270,10,3735,2,36000,1.00267737617
399549,399558,403255,9,3697,2,36000,1.00243440628
399605,399613,403532,8,3919,2,36000,1.00204133708
399606,399619,403505,13,3886,2,36000,1.00334534225
399628,399639,403623,11,3984,2,36000,1.00276104418
399642,399649,403315,7,3666,2,36000,1.00190943808
399657,399663,403443,6,3780,2,36000,1.00158730159
399672,399688,403684,16,3996,2,36000,1.004004004
399688,399694,403492,6,3798,2,36000,1.00157977883
399703,399709,403482,6,3773,2,36000,1.00159024649
399704,399715,403729,11,4014,2,36000,1.00274040857
399706,399721,403487,15,3766,2,36000,1.00398300584
399724,399734,403673,10,3939,2,36000,1.00253871541
399739,399745,403568,6,3823,2,36000,1.00156944808
399755,399762,403459,7,3697,2,36000,1.0018934271
399757,399767,403535,10,3768,2,36000,1.00265392781
399758,399773,403333,15,3560,2,36000,1.00421348315
399774,399780,403669,6,3889,2,36000,1.00154281306
399776,399786,403503,10,3717,2,36000,1.00269034167
399791,399797,403349,6,3552,2,36000,1.00168918919
399792,399803,403752,11,3949,2,36000,1.00278551532
399838,399846,403401,8,3555,2,36000,1.00225035162
399869,399877,403701,8,3824,2,36000,1.00209205021
399884,399893,403786,9,3893,2,36000,1.00231184177
399914,399924,403682,10,3758,2,36000,1.00266098989
399971,399979,403575,8,3596,2,36000,1.0022246941
399987,399993,403813,6,3820,2,36000,1.00157068063
399988,399999,403870,11,3871,2,36000,1.00284164299
400003,400009,403821,6,3812,2,36000,1.00157397692
400018,400024,403941,6,3917,2,36000,1.00153178453
400081,400091,403894,10,3803,2,36000,1.00262950302
400156,400166,404142,10,3976,2,36000,1.00251509054
400177,400185,404117,8,3932,2,36000,1.002034588
400192,400198,403643,6,3445,2,36000,1.00174165457
400349,453270,472392,52921,19122,8,86400,3.76754523585
400355,400364,403928,9,3564,2,36000,1.00252525253
402800,453078,551947,50278,98869,1,216000,1.50853149117
402955,453072,471080,50117,18008,2,43200,3.78304087072
402961,402969,406762,8,3793,2,36000,1.00210914843
403248,403259,407214,11,3955,2,36000,1.00278128951
403264,403271,407065,7,3794,2,36000,1.00184501845
403282,403288,407236,6,3948,2,36000,1.00151975684
403284,403294,407016,10,3722,2,36000,1.00268672757
403285,403299,407309,14,4010,2,36000,1.00349127182
403300,403306,407158,6,3852,2,36000,1.0015576324
403321,403326,407082,5,3756,2,36000,1.00133120341
403338,403344,407313,6,3969,2,36000,1.0015117158
403354,403360,407177,6,3817,2,36000,1.00157191512
403404,403412,407123,8,3711,2,36000,1.00215575317
403444,403454,407511,10,4057,2,36000,1.00246487552
403460,403470,407286,10,3816,2,36000,1.00262054507
403488,403494,407260,6,3766,2,36000,1.00159320234
403489,403500,407391,11,3891,2,36000,1.00282703675
403510,403516,407412,6,3896,2,36000,1.00154004107
403511,403522,407384,11,3862,2,36000,1.00284826515
403512,403527,407481,15,3954,2,36000,1.00379362671
403538,403544,407326,6,3782,2,36000,1.00158646219
403539,403550,407305,11,3755,2,36000,1.00292942743
403571,403579,407298,8,3719,2,36000,1.00215111589
403587,403593,407267,6,3674,2,36000,1.00163309744
403627,403635,407600,8,3965,2,36000,1.00201765448
403647,403654,407480,7,3826,2,36000,1.00182958704
403672,403680,407245,8,3565,2,36000,1.00224403927
403691,403697,407583,6,3886,2,36000,1.00154400412
403692,403703,407609,11,3906,2,36000,1.00281618024
403694,403708,407366,14,3658,2,36000,1.00382722799
403710,403716,407618,6,3902,2,36000,1.00153767299
403731,403741,407626,10,3885,2,36000,1.00257400257
403755,403763,407453,8,3690,2,36000,1.00216802168
403789,403797,407791,8,3994,2,36000,1.00200300451
403819,403824,407683,5,3859,2,36000,1.00129567245
403834,403840,407829,6,3989,2,36000,1.00150413638
403874,403882,407632,8,3750,2,36000,1.00213333333
403895,403905,407871,10,3966,2,36000,1.00252143217
403932,403939,407912,7,3973,2,36000,1.00176189278
403946,403952,407677,6,3725,2,36000,1.00161073826
404119,404128,408060,9,3932,2,36000,1.0022889115
404144,404153,407863,9,3710,2,36000,1.00242587601
404448,440486,452306,36038,11820,4,72000,4.0489001692
404615,452317,463564,47702,11247,4,72000,5.24130879346
405188,405194,405226,6,32,6,300,1.1875
405324,405330,406546,6,1216,8,1200,1.00493421053
406344,454373,479623,48029,25250,1,25200,2.90213861386
406522,406529,406537,7,8,6,300,1.5
406766,406774,410438,8,3664,2,36000,1.00218340611
406835,406842,409876,7,3034,8,3000,1.00230718523
407018,407027,411029,9,4002,2,36000,1.00224887556
407067,407077,410795,10,3718,2,36000,1.00268961807
407085,407094,411130,9,4036,2,36000,1.00222993062
407124,407135,410964,11,3829,2,36000,1.00287281274
407160,407169,410901,9,3732,2,36000,1.00241157556
407178,407188,411001,10,3813,2,36000,1.00262260687
407217,407226,411106,9,3880,2,36000,1.00231958763
407238,407247,410793,9,3546,2,36000,1.00253807107
407253,407259,411093,6,3834,2,36000,1.00156494523
407268,407274,411191,6,3917,2,36000,1.00153178453
407269,407280,411095,11,3815,2,36000,1.00288335518
407287,407297,411242,10,3945,2,36000,1.00253485425
407301,407310,411205,9,3895,2,36000,1.00231065469
407318,407324,410863,6,3539,2,36000,1.00169539418
407319,407330,410997,11,3667,2,36000,1.0029997273
407321,407335,411173,14,3838,2,36000,1.00364773319
407335,407341,411034,6,3693,2,36000,1.00162469537
407368,407377,411017,9,3640,2,36000,1.00247252747
407386,407395,411314,9,3919,2,36000,1.00229650421
407401,407407,411053,6,3646,2,36000,1.00164563906
407416,407424,411204,8,3780,2,36000,1.00211640212
407455,407464,411157,9,3693,2,36000,1.00243704305
407475,407481,414695,6,7214,8,7200,1.00083171611
407482,407491,411420,9,3929,2,36000,1.0022906592
407484,407497,411107,13,3610,2,36000,1.00360110803
407514,407523,411267,9,3744,2,36000,1.00240384615
407573,407579,408764,6,1185,8,7200,1.00506329114
407584,407594,411268,10,3674,2,36000,1.00272182907
407602,407611,411607,9,3996,2,36000,1.00225225225
407617,407623,411360,6,3737,2,36000,1.00160556596
407632,407638,411496,6,3858,2,36000,1.00155520995
407633,407644,411463,11,3819,2,36000,1.00288033517
407635,407649,411638,14,3989,2,36000,1.00350965154
407657,407663,414891,6,7228,8,7200,1.00083010515
407678,407688,411701,10,4013,2,36000,1.00249190132
407693,407699,411332,6,3633,2,36000,1.00165152766
407793,407802,411521,9,3719,2,36000,1.00242000538
407832,407840,411442,8,3602,2,36000,1.00222098834
407847,459358,531392,51511,72034,40,72000,1.71509287281
407868,407873,411770,5,3897,2,36000,1.00128303823
407883,407889,411810,6,3921,2,36000,1.00153022188
407915,407923,411761,8,3838,2,36000,1.00208441897
408062,408071,412003,9,3932,2,36000,1.0022889115
409810,454378,476123,44568,21745,1,54000,3.04957461485
410442,410449,414070,7,3621,2,36000,1.00193316763
410801,410806,414638,5,3832,2,36000,1.00130480167
410802,410812,414673,10,3861,2,36000,1.00259000259
410870,410875,414686,5,3811,2,36000,1.0013119916
410903,410912,414876,9,3964,2,36000,1.00227043391
410967,410975,414864,8,3889,2,36000,1.00205708408
410998,411008,414850,10,3842,2,36000,1.00260281104
411013,411020,414693,7,3673,2,36000,1.00190579907
411029,411035,414839,6,3804,2,36000,1.00157728707
411030,411041,415043,11,4002,2,36000,1.00274862569
411045,411051,415070,6,4019,2,36000,1.00149290868
411062,411068,414561,6,3493,2,36000,1.00171772116
411096,411103,414851,7,3748,2,36000,1.00186766275
411097,411109,414783,12,3674,2,36000,1.00326619488
411114,411120,414789,6,3669,2,36000,1.00163532298
411115,411126,414806,11,3680,2,36000,1.00298913043
411137,411143,414899,6,3756,2,36000,1.00159744409
411158,411169,415013,11,3844,2,36000,1.0028616025
411176,411184,414962,8,3778,2,36000,1.0021175225
411195,411202,414761,7,3559,2,36000,1.00196684462
411210,411216,414960,6,3744,2,36000,1.0016025641
411212,411222,415218,10,3996,2,36000,1.0025025025
411246,411254,414925,8,3671,2,36000,1.00217924271
411269,411278,415186,9,3908,2,36000,1.00230296827
411270,411284,415251,14,3967,2,36000,1.0035291152
411317,411325,415210,8,3885,2,36000,1.00205920206
411334,411343,415221,9,3878,2,36000,1.00232078391
411362,411371,415159,9,3788,2,36000,1.00237592397
411425,411431,415339,6,3908,2,36000,1.00153531218
411444,411453,415377,9,3924,2,36000,1.00229357798
411467,411474,415224,7,3750,2,36000,1.00186666667
411499,411507,415245,8,3738,2,36000,1.00214018192
411523,411532,415480,9,3948,2,36000,1.00227963526
411611,411619,415499,8,3880,2,36000,1.00206185567
411642,411649,415515,7,3866,2,36000,1.00181065701
411704,411712,415424,8,3712,2,36000,1.00215517241
411764,411772,415610,8,3838,2,36000,1.00208441897
411779,411785,415299,6,3514,2,36000,1.00170745589
411814,411821,415616,7,3795,2,36000,1.00184453228
412005,412014,415858,9,3844,2,36000,1.00234131113
413329,413336,414165,7,829,8,2400,1.00844390832
414070,414081,418018,11,3937,2,36000,1.00279400559
414564,414572,418509,8,3937,2,36000,1.00203200406
414639,414649,418427,10,3778,2,36000,1.00264690312
414677,414685,418534,8,3849,2,36000,1.00207846194
414684,439125,440057,24441,932,16,3540,27.224248927
414692,414698,418319,6,3621,2,36000,1.00165700083
414707,414713,418544,6,3831,2,36000,1.00156617071
414763,414772,418798,9,4026,2,36000,1.00223546945
414785,414795,418622,10,3827,2,36000,1.0026130128
414800,414806,418663,6,3857,2,36000,1.00155561317
414816,414822,418783,6,3961,2,36000,1.001514769
414841,414850,418753,9,3903,2,36000,1.00230591852
414857,414862,418781,5,3919,2,36000,1.00127583567
414858,414868,418799,10,3931,2,36000,1.00254388196
414874,414880,418867,6,3987,2,36000,1.0015048909
414889,414895,418749,6,3854,2,36000,1.00155682408
414904,414910,418856,6,3946,2,36000,1.00152052712
414926,414936,418832,10,3896,2,36000,1.00256673511
414962,414971,418932,9,3961,2,36000,1.0022721535
414963,414977,418722,14,3745,2,36000,1.00373831776
415016,415024,418709,8,3685,2,36000,1.00217096336
415046,415054,418980,8,3926,2,36000,1.0020376974
415072,415081,418960,9,3879,2,36000,1.00232018561
415171,415177,419069,6,3892,2,36000,1.00154162384
415193,415199,419121,6,3922,2,36000,1.00152983172
415214,415222,419021,8,3799,2,36000,1.00210581732
415230,415236,419147,6,3911,2,36000,1.00153413449
415231,415242,418999,11,3757,2,36000,1.00292786798
415232,415247,418946,15,3699,2,36000,1.00405515004
415251,415257,419001,6,3744,2,36000,1.0016025641
415266,415272,418919,6,3647,2,36000,1.00164518783
415302,415310,419159,8,3849,2,36000,1.00207846194
415342,415350,418922,8,3572,2,36000,1.00223964166
415378,415388,419310,10,3922,2,36000,1.00254971953
415427,415436,419464,9,4028,2,36000,1.00223435948
415482,415491,419311,9,3820,2,36000,1.00235602094
415500,415510,419555,10,4045,2,36000,1.00247218789
415516,415526,419225,10,3699,2,36000,1.00270343336
415614,415621,419521,7,3900,2,36000,1.00179487179
415629,415635,419364,6,3729,2,36000,1.00160901046
415861,415869,419682,8,3813,2,36000,1.0020980855
418022,418029,421779,7,3750,2,36000,1.00186666667
418323,418330,422261,7,3931,2,36000,1.00178071737
418429,418438,422377,9,3939,2,36000,1.00228484387
418512,418520,422497,8,3977,2,36000,1.00201156651
418537,418545,422563,8,4018,2,36000,1.00199104032
418552,418558,422450,6,3892,2,36000,1.00154162384
418625,418633,422656,8,4023,2,36000,1.00198856575
418664,418674,422407,10,3733,2,36000,1.00267881061
418712,418720,422381,8,3661,2,36000,1.0021851953
418727,418733,422566,6,3833,2,36000,1.00156535351
418751,418760,422609,9,3849,2,36000,1.00233826968
418766,418772,422617,6,3845,2,36000,1.00156046814
418782,418792,422692,10,3900,2,36000,1.00256410256
418797,418803,422347,6,3544,2,36000,1.00169300226
418812,418818,422617,6,3799,2,36000,1.00157936299
418813,418824,422680,11,3856,2,36000,1.0028526971
418834,418843,422720,9,3877,2,36000,1.00232138251
418859,418867,422578,8,3711,2,36000,1.00215575317
418873,418879,422811,6,3932,2,36000,1.001525941
418922,418930,422859,8,3929,2,36000,1.00203614151
418937,418943,422869,6,3926,2,36000,1.00152827305
418938,418949,422854,11,3905,2,36000,1.00281690141
418953,418959,422953,6,3994,2,36000,1.00150225338
418968,418974,422687,6,3713,2,36000,1.00161594398
418983,418991,422921,8,3930,2,36000,1.00203562341
419002,419009,423052,7,4043,2,36000,1.00173138758
419004,419016,422964,12,3948,2,36000,1.00303951368
419022,419032,422978,10,3946,2,36000,1.00253421186
419071,419080,422778,9,3698,2,36000,1.00243374797
419122,419132,422968,10,3836,2,36000,1.00260688217
419149,419158,423229,9,4071,2,36000,1.00221075903
419164,419170,423156,6,3986,2,36000,1.00150526844
419227,419237,423173,10,3936,2,36000,1.00254065041
419312,419321,423094,9,3773,2,36000,1.00238536973
419313,419327,422907,14,3580,2,36000,1.00391061453
419364,419375,423009,11,3634,2,36000,1.00302696753
419467,419476,423413,9,3937,2,36000,1.00228600457
419524,419532,423445,8,3913,2,36000,1.00204446716
419557,419566,423514,9,3948,2,36000,1.00227963526
419683,419693,423730,10,4037,2,36000,1.00247708695
420001,430132,430134,10131,2,2,900,1013.3
421782,421790,425844,8,4054,2,36000,1.00197335964
422264,422272,426190,8,3918,2,36000,1.00204185809
422349,422358,426093,9,3735,2,36000,1.00240963855
422380,422388,426332,8,3944,2,36000,1.00202839757
422395,422401,426207,6,3806,2,36000,1.00157645822
422409,422418,426409,9,3991,2,36000,1.00225507392
422452,422462,426411,10,3949,2,36000,1.00253228665
422499,422508,426373,9,3865,2,36000,1.00232858991
422568,422575,426627,7,4052,2,36000,1.00172754195
422570,422581,426539,11,3958,2,36000,1.0027791814
422584,422590,426472,6,3882,2,36000,1.00154559505
422614,422619,426666,5,4047,2,36000,1.00123548307
422628,422635,426122,7,3487,2,36000,1.00200745627
422630,422641,426573,11,3932,2,36000,1.00279755849
422659,422667,426693,8,4026,2,36000,1.00198708395
422685,422691,426515,6,3824,2,36000,1.00156903766
422701,422707,426721,6,4014,2,36000,1.00149476831
422703,422713,426633,10,3920,2,36000,1.00255102041
422721,422731,426818,10,4087,2,36000,1.00244678248
422781,422790,426668,9,3878,2,36000,1.00232078391
422813,422822,426850,9,4028,2,36000,1.00223435948
422856,422865,426864,9,3999,2,36000,1.00225056264
422873,422879,426587,6,3708,2,36000,1.00161812298
422874,422885,426835,11,3950,2,36000,1.00278481013
422910,422918,426979,8,4061,2,36000,1.00196995814
422926,422932,426803,6,3871,2,36000,1.00154998708
422957,422964,426553,7,3589,2,36000,1.00195040401
422972,422978,426802,6,3824,2,36000,1.00156903766
422974,422984,427058,10,4074,2,36000,1.00245459008
422989,422995,426816,6,3821,2,36000,1.00157026956
423011,423020,426768,9,3748,2,36000,1.00240128068
423054,423063,426723,9,3660,2,36000,1.00245901639
423096,423105,427093,9,3988,2,36000,1.00225677031
423158,423167,426957,9,3790,2,36000,1.00237467018
423176,423185,427046,9,3861,2,36000,1.00233100233
423230,423240,427098,10,3858,2,36000,1.00259201659
423414,423424,427184,10,3760,2,36000,1.00265957447
423447,423456,427437,9,3981,2,36000,1.00226073851
423516,423525,427436,9,3911,2,36000,1.00230120174
423732,423741,427540,9,3799,2,36000,1.00236904449
425849,425855,429632,6,3777,2,36000,1.00158856235
426096,426104,429938,8,3834,2,36000,1.00208659364
426123,426133,430130,10,3997,2,36000,1.00250187641
426194,426201,429737,7,3536,2,36000,1.00197963801
426210,426218,429764,8,3546,2,36000,1.00225606317
426334,426343,430258,9,3915,2,36000,1.00229885057
426377,426384,430306,7,3922,2,36000,1.00178480367
426413,426422,430345,9,3923,2,36000,1.00229416263
426414,426427,429999,13,3572,2,36000,1.00363941769
426475,426484,430309,9,3825,2,36000,1.00235294118
426519,426526,430570,7,4044,2,36000,1.00173095945
426541,426550,430295,9,3745,2,36000,1.00240320427
426559,426565,430502,6,3937,2,36000,1.00152400305
426576,426584,430648,8,4064,2,36000,1.00196850394
426592,426598,430569,6,3971,2,36000,1.00151095442
426630,426638,430563,8,3925,2,36000,1.00203821656
426644,426650,430501,6,3851,2,36000,1.00155803687
426669,426677,430512,8,3835,2,36000,1.00208604954
426670,426683,430609,13,3926,2,36000,1.00331125828
426698,426704,430381,6,3677,2,36000,1.00163176503
426724,426732,430484,8,3752,2,36000,1.00213219616
426725,426738,430525,13,3787,2,36000,1.00343279641
426772,426779,430736,7,3957,2,36000,1.00176901693
426803,426813,430689,10,3876,2,36000,1.00257997936
426819,426825,430671,6,3846,2,36000,1.0015600624
426820,426831,430592,11,3761,2,36000,1.00292475405
426821,426836,430547,15,3711,2,36000,1.00404203719
426837,426846,430785,9,3939,2,36000,1.00228484387
426855,426861,430695,6,3834,2,36000,1.00156494523
426870,426877,430807,7,3930,2,36000,1.00178117048
426960,426968,430840,8,3872,2,36000,1.0020661157
426983,426990,430705,7,3715,2,36000,1.00188425303
427048,427057,430940,9,3883,2,36000,1.00231779552
427063,427069,430918,6,3849,2,36000,1.00155884645
427097,427104,430957,7,3853,2,36000,1.00181676616
427112,427118,431052,6,3934,2,36000,1.00152516523
427185,427195,430940,10,3745,2,36000,1.00267022697
427446,427452,431360,6,3908,2,36000,1.00153531218
427448,427458,431254,10,3796,2,36000,1.00263435195
427542,427551,431539,9,3988,2,36000,1.00225677031
429634,429643,433431,9,3788,2,36000,1.00237592397
429741,429748,433311,7,3563,2,36000,1.00196463654
429765,429775,433482,10,3707,2,36000,1.00269759914
429940,429950,434008,10,4058,2,36000,1.00246426811
430002,430010,433820,8,3810,2,36000,1.00209973753
430132,430141,434002,9,3861,2,36000,1.00233100233
430262,430270,434293,8,4023,2,36000,1.00198856575
430299,430306,433889,7,3583,2,36000,1.00195367011
430315,430322,434439,7,4117,2,36000,1.00170026718
430317,430328,434125,11,3797,2,36000,1.00289702397
430347,430356,434387,9,4031,2,36000,1.0022326966
430384,430392,434335,8,3943,2,36000,1.002028912
430487,430495,434166,8,3671,2,36000,1.00217924271
430502,430512,434384,10,3872,2,36000,1.00258264463
430518,430524,434314,6,3790,2,36000,1.00158311346
430519,430530,434342,11,3812,2,36000,1.00288562434
430534,430540,434292,6,3752,2,36000,1.00159914712
430550,430558,434203,8,3645,2,36000,1.00219478738
430566,430575,434573,9,3998,2,36000,1.00225112556
430582,430588,434308,6,3720,2,36000,1.00161290323
430583,430594,434354,11,3760,2,36000,1.00292553191
430598,430604,434569,6,3965,2,36000,1.00151324086
430613,430621,434586,8,3965,2,36000,1.00201765448
430649,430659,434571,10,3912,2,36000,1.00255623722
430673,430683,434552,10,3869,2,36000,1.0025846472
430691,430700,434533,9,3833,2,36000,1.00234803026
430707,430713,434405,6,3692,2,36000,1.00162513543
430708,430719,434451,11,3732,2,36000,1.00294748124
430739,430748,434590,9,3842,2,36000,1.00234252993
430787,430796,434544,9,3748,2,36000,1.00240128068
430808,430819,434745,11,3926,2,36000,1.00280183393
430842,430852,434834,10,3982,2,36000,1.00251130085
430921,430929,434943,8,4014,2,36000,1.00199302441
430943,430965,435046,22,4081,2,36000,1.00539083558
430944,430971,434872,27,3901,2,36000,1.00692130223
430959,430977,434737,18,3760,2,36000,1.00478723404
431055,431063,435055,8,3992,2,36000,1.00200400802
431258,431265,435194,7,3929,2,36000,1.00178162382
431366,431371,435053,5,3682,2,36000,1.00135795763
431543,431550,435204,7,3654,2,36000,1.00191570881
433002,459368,495495,26366,36127,16,36000,1.72981426634
433316,433322,437087,6,3765,2,36000,1.0015936255
433436,433442,437113,6,3671,2,36000,1.00163443203
433485,433493,437151,8,3658,2,36000,1.00218698742
433823,433832,437512,9,3680,2,36000,1.00244565217
433893,433901,437507,8,3606,2,36000,1.00221852468
434005,434013,437973,8,3960,2,36000,1.00202020202
434020,434026,438085,6,4059,2,36000,1.0014781966
434129,434137,438181,8,4044,2,36000,1.00197823937
434169,434178,438241,9,4063,2,36000,1.00221511199
434206,434214,438182,8,3968,2,36000,1.00201612903
434294,434303,437975,9,3672,2,36000,1.00245098039
434295,434309,438053,14,3744,2,36000,1.00373931624
434312,434320,437917,8,3597,2,36000,1.00222407562
434327,434333,438143,6,3810,2,36000,1.00157480315
434343,434349,438091,6,3742,2,36000,1.00160342063
434344,434355,438236,11,3881,2,36000,1.00283432105
434359,434365,438171,6,3806,2,36000,1.00157645822
434386,434395,438299,9,3904,2,36000,1.00230532787
434401,434408,438378,7,3970,2,36000,1.00176322418
434416,434423,438324,7,3901,2,36000,1.00179441169
434441,434451,438228,10,3777,2,36000,1.00264760392
434457,434463,438262,6,3799,2,36000,1.00157936299
434535,434545,438441,10,3896,2,36000,1.00256673511
434551,434557,438464,6,3907,2,36000,1.00153570514
434567,434573,438389,6,3816,2,36000,1.00157232704
434583,434589,438338,6,3749,2,36000,1.00160042678
434584,434595,438681,11,4086,2,36000,1.00269211943
434585,434600,438327,15,3727,2,36000,1.00402468473
434600,434606,438484,6,3878,2,36000,1.00154718927
434602,434612,438437,10,3825,2,36000,1.00261437908
434739,434748,438576,9,3828,2,36000,1.00235109718
434754,434760,438501,6,3741,2,36000,1.00160384924
434837,434845,438691,8,3846,2,36000,1.0020800832
434874,434884,438810,10,3926,2,36000,1.00254712175
434946,434955,438621,9,3666,2,36000,1.00245499182
435050,435057,438760,7,3703,2,36000,1.00189035917
435066,435072,438785,6,3713,2,36000,1.00161594398
435067,435078,438949,11,3871,2,36000,1.00284164299
435196,435205,438856,9,3651,2,36000,1.00246507806
435213,435220,439166,7,3946,2,36000,1.0017739483
437089,437098,441014,9,3916,2,36000,1.00229826353
437116,437125,440859,9,3734,2,36000,1.00241028388
437155,437162,440681,7,3519,2,36000,1.00198920148
437511,437519,441521,8,4002,2,36000,1.0019990005
437526,437532,441475,6,3943,2,36000,1.001521684
437920,437930,441921,10,3991,2,36000,1.00250563768
437979,437985,441899,6,3914,2,36000,1.00153295861
437981,437991,441965,10,3974,2,36000,1.00251635632
438056,438064,441930,8,3866,2,36000,1.0020693223
438089,438096,441982,7,3886,2,36000,1.00180133814
438104,438110,442163,6,4053,2,36000,1.0014803849
438144,438155,441875,11,3720,2,36000,1.00295698925
438174,438182,442052,8,3870,2,36000,1.00206718346
438189,438195,442050,6,3855,2,36000,1.00155642023
438191,438201,442042,10,3841,2,36000,1.00260348867
438232,438239,441794,7,3555,2,36000,1.00196905767
438251,438257,442275,6,4018,2,36000,1.00149328024
438253,438263,442039,10,3776,2,36000,1.00264830508
438271,438277,442120,6,3843,2,36000,1.00156128025
438304,438310,442366,6,4056,2,36000,1.00147928994
438328,438338,442397,10,4059,2,36000,1.002463661
438329,438343,442304,14,3961,2,36000,1.00353446099
438349,438355,442342,6,3987,2,36000,1.0015048909
438376,438390,442255,14,3865,2,36000,1.00362225097
438393,438401,442208,8,3807,2,36000,1.00210139217
438441,438447,442343,6,3896,2,36000,1.00154004107
438456,438462,442306,6,3844,2,36000,1.00156087409
438472,438478,442250,6,3772,2,36000,1.00159066808
438489,438495,442080,6,3585,2,36000,1.00167364017
438506,438512,442496,6,3984,2,36000,1.0015060241
438580,438587,442199,7,3612,2,36000,1.0019379845
438624,438633,442707,9,4074,2,36000,1.00220913108
438683,438692,442424,9,3732,2,36000,1.00241157556
438698,438704,442566,6,3862,2,36000,1.00155359917
438767,438773,442615,6,3842,2,36000,1.00156168662
438809,438815,442608,6,3793,2,36000,1.00158186132
438824,438831,442558,7,3727,2,36000,1.00187818621
438859,438867,442880,8,4013,2,36000,1.00199352106
438953,438960,442821,7,3861,2,36000,1.00181300181
439168,439177,442865,9,3688,2,36000,1.00244034707
440685,440692,444546,7,3854,2,36000,1.00181629476
440867,440873,444924,6,4051,2,36000,1.00148111577
441018,441025,444688,7,3663,2,36000,1.00191100191
441477,441486,445525,9,4039,2,36000,1.00222827433
441522,441532,445489,10,3957,2,36000,1.00252716705
441797,441805,445573,8,3768,2,36000,1.00212314225
441879,441887,445586,8,3699,2,36000,1.00216274669
441902,441911,445863,9,3952,2,36000,1.00227732794
441926,441931,445617,5,3686,2,36000,1.00135648399
441941,441947,445889,6,3942,2,36000,1.00152207002
441969,441977,445969,8,3992,2,36000,1.00200400802
441984,441993,446001,9,4008,2,36000,1.00224550898
442044,442050,446021,6,3971,2,36000,1.00151095442
442045,442056,446000,11,3944,2,36000,1.00278904665
442062,442068,445563,6,3495,2,36000,1.0017167382
442063,442074,446112,11,4038,2,36000,1.00272412085
442092,442097,446002,5,3905,2,36000,1.00128040973
442125,442131,446057,6,3926,2,36000,1.00152827305
442166,442174,445750,8,3576,2,36000,1.00223713647
442203,442211,446149,8,3938,2,36000,1.00203148807
442219,442225,446025,6,3800,2,36000,1.00157894737
442257,442263,445981,6,3718,2,36000,1.00161377084
442258,442269,446329,11,4060,2,36000,1.00270935961
442282,442288,446176,6,3888,2,36000,1.00154320988
442317,442323,446235,6,3912,2,36000,1.00153374233
442319,442329,446233,10,3904,2,36000,1.00256147541
442345,442352,446309,7,3957,2,36000,1.00176901693
442346,442358,446342,12,3984,2,36000,1.00301204819
442372,442378,446229,6,3851,2,36000,1.00155803687
442403,442409,446334,6,3925,2,36000,1.00152866242
442427,442436,446403,9,3967,2,36000,1.00226871691
442501,442507,446425,6,3918,2,36000,1.00153139357
442561,442569,446256,8,3687,2,36000,1.00216978573
442577,442583,446318,6,3735,2,36000,1.0016064257
442613,442620,446623,7,4003,2,36000,1.00174868848
442629,442635,446653,6,4018,2,36000,1.00149328024
442709,442718,446368,9,3650,2,36000,1.00246575342
442824,442832,446795,8,3963,2,36000,1.00201867272
442869,442876,446647,7,3771,2,36000,1.00185627155
442884,442891,446739,7,3848,2,36000,1.00181912682
443287,454383,634424,11096,180041,1,180000,1.06163040641
444552,444557,448454,5,3897,2,36000,1.00128303823
444693,444700,448632,7,3932,2,36000,1.0017802645
444927,444936,448946,9,4010,2,36000,1.00224438903
445494,445500,449488,6,3988,2,36000,1.00150451354
445533,445539,449424,6,3885,2,36000,1.00154440154
445569,445575,449511,6,3936,2,36000,1.00152439024
445586,445592,449559,6,3967,2,36000,1.00151247794
445602,445608,449625,6,4017,2,36000,1.00149365198
445622,445629,449535,7,3906,2,36000,1.0017921147
445755,445761,449732,6,3971,2,36000,1.00151095442
445869,445875,449720,6,3845,2,36000,1.00156046814
445894,445900,449655,6,3755,2,36000,1.00159786951
445976,445982,449997,6,4015,2,36000,1.00149439601
445992,445999,449854,7,3855,2,36000,1.00181582361
446011,446017,449973,6,3956,2,36000,1.00151668352
446012,446023,449982,11,3959,2,36000,1.00277847941
446014,446028,449948,14,3920,2,36000,1.00357142857
446037,446044,450073,7,4029,2,36000,1.00173740382
446039,446050,449747,11,3697,2,36000,1.00297538545
446061,446068,449783,7,3715,2,36000,1.00188425303
446114,446124,450008,10,3884,2,36000,1.00257466529
446154,446161,450108,7,3947,2,36000,1.00177349886
446182,446187,450195,5,4008,2,36000,1.00124750499
446233,446240,450016,7,3776,2,36000,1.00185381356
446234,446246,449908,12,3662,2,36000,1.00327689787
446251,446257,450248,6,3991,2,36000,1.00150338261
446266,446272,450128,6,3856,2,36000,1.0015560166
446313,446320,450126,7,3806,2,36000,1.00183920126
446330,446336,450150,6,3814,2,36000,1.00157315155
446331,446342,450320,11,3978,2,36000,1.00276520865
446347,446353,450383,6,4030,2,36000,1.00148883375
446349,446359,450121,10,3762,2,36000,1.00265816055
446372,446379,450100,7,3721,2,36000,1.00188121473
446411,446417,450493,6,4076,2,36000,1.0014720314
446429,446438,450435,9,3997,2,36000,1.00225168877
446625,446634,450572,9,3938,2,36000,1.00228542407
446652,446658,450401,6,3743,2,36000,1.00160299225
446668,446674,450576,6,3902,2,36000,1.00153767299
446745,446751,450717,6,3966,2,36000,1.0015128593
446802,446808,450537,6,3729,2,36000,1.00160901046
448456,448466,452409,10,3943,2,36000,1.00253613999
448632,448643,452376,11,3733,2,36000,1.00294669167
448948,448957,452571,9,3614,2,36000,1.00249031544
449427,449435,453306,8,3871,2,36000,1.00206664944
449491,449500,453409,9,3909,2,36000,1.00230237913
449516,449522,453414,6,3892,2,36000,1.00154162384
449539,449547,453543,8,3996,2,36000,1.002002002
449566,449571,453325,5,3754,2,36000,1.00133191263
449631,449636,453711,5,4075,2,36000,1.00122699387
449658,449666,453728,8,4062,2,36000,1.00196947317
449724,449732,453646,8,3914,2,36000,1.00204394481
449740,449746,453817,6,4071,2,36000,1.00147383935
449756,449762,453578,6,3816,2,36000,1.00157232704
449787,449794,453750,7,3956,2,36000,1.00176946411
449859,449865,453768,6,3903,2,36000,1.00153727902
449929,449935,453910,6,3975,2,36000,1.00150943396
449963,449970,454012,7,4042,2,36000,1.00173181593
449980,449986,453700,6,3714,2,36000,1.00161550889
449997,450003,453925,6,3922,2,36000,1.00152983172
450014,450021,453841,7,3820,2,36000,1.00183246073
450016,450027,453673,11,3646,2,36000,1.00301700494
450031,450037,453928,6,3891,2,36000,1.00154202005
450071,450084,454014,13,3930,2,36000,1.00330788804
450102,450112,453968,10,3856,2,36000,1.002593361
450120,450126,453902,6,3776,2,36000,1.00158898305
450141,450147,454010,6,3863,2,36000,1.001553197
450142,450153,453891,11,3738,2,36000,1.00294275013
450143,450158,454009,15,3851,2,36000,1.00389509218
450160,450166,454024,6,3858,2,36000,1.00155520995
450198,450206,454055,8,3849,2,36000,1.00207846194
450250,450259,454200,9,3941,2,36000,1.00228368434
450322,450331,454327,9,3996,2,36000,1.00225225225
450391,450397,454337,6,3940,2,36000,1.00152284264
450407,450413,454319,6,3906,2,36000,1.00153609831
450440,450447,454113,7,3666,2,36000,1.00190943808
450518,450524,454577,6,4053,2,36000,1.0014803849
450546,450552,454288,6,3736,2,36000,1.00160599572
450593,450599,454380,6,3781,2,36000,1.00158688178
450595,450605,454599,10,3994,2,36000,1.00250375563
450726,450732,454318,6,3586,2,36000,1.00167317345
452380,452387,456441,7,4054,2,36000,1.00172668969
452412,452421,456398,9,3977,2,36000,1.00226301232
452576,452582,456555,6,3973,2,36000,1.00151019381
453314,453320,457161,6,3841,2,36000,1.0015620932
453335,453341,457347,6,4006,2,36000,1.00149775337
453414,453420,457476,6,4056,2,36000,1.00147928994
453416,453426,457290,10,3864,2,36000,1.00258799172
453549,453554,457315,5,3761,2,36000,1.00132943366
453587,453593,457626,6,4033,2,36000,1.00148772626
453653,453659,457303,6,3644,2,36000,1.00164654226
453678,453685,457590,7,3905,2,36000,1.00179257362
453707,453712,457536,5,3824,2,36000,1.00130753138
453722,453728,457608,6,3880,2,36000,1.00154639175
453737,453743,457796,6,4053,2,36000,1.0014803849
453752,453761,457794,9,4033,2,36000,1.00223158939
453771,453780,457779,9,3999,2,36000,1.00225056264
453820,453828,457778,8,3950,2,36000,1.00202531646
453848,453854,457842,6,3988,2,36000,1.00150451354
453896,453902,457700,6,3798,2,36000,1.00157977883
453914,453920,457936,6,4016,2,36000,1.0014940239
453915,453926,457860,11,3934,2,36000,1.00279613625
453932,453938,457746,6,3808,2,36000,1.00157563025
453933,453944,457926,11,3982,2,36000,1.00276243094
453973,453980,457814,7,3834,2,36000,1.00182576943
454012,454020,458045,8,4025,2,36000,1.00198757764
454013,454026,458107,13,4081,2,36000,1.00318549375
454029,454035,457834,6,3799,2,36000,1.00157936299
454031,454041,457689,10,3648,2,36000,1.00274122807
454032,454046,457843,14,3797,2,36000,1.00368712141
454057,454066,457798,9,3732,2,36000,1.00241157556
454114,454125,457989,11,3864,2,36000,1.00284679089
454205,454211,458193,6,3982,2,36000,1.00150678051
454295,454301,458256,6,3955,2,36000,1.001517067
454325,454331,458361,6,4030,2,36000,1.00148883375
454326,454337,458320,11,3983,2,36000,1.00276173738
454343,454349,458331,6,3982,2,36000,1.00150678051
454344,454355,458396,11,4041,2,36000,1.00272209849
454400,454406,458320,6,3914,2,36000,1.00153295861
454577,454589,458377,12,3788,2,36000,1.00316789863
454603,454610,458493,7,3883,2,36000,1.00180272985
456404,456411,460213,7,3802,2,36000,1.00184113624
456446,456452,460213,6,3761,2,36000,1.00159532039
456558,456567,460465,9,3898,2,36000,1.00230887635
456897,459363,459365,2466,2,16,3540,246.8
457163,457172,461089,9,3917,2,36000,1.00229767679
457295,457301,460939,6,3638,2,36000,1.00164925783
457310,457316,461190,6,3874,2,36000,1.00154878678
457325,457331,460922,6,3591,2,36000,1.00167084378
457350,457358,460845,8,3487,2,36000,1.00229423573
457477,457487,461237,10,3750,2,36000,1.00266666667
457538,457547,461348,9,3801,2,36000,1.00236779795
457597,457603,461617,6,4014,2,36000,1.00149476831
457612,457619,461463,7,3844,2,36000,1.00182101977
457632,457638,461499,6,3861,2,36000,1.00155400155
457692,457700,461492,8,3792,2,36000,1.00210970464
457709,457715,461749,6,4034,2,36000,1.00148735746
457756,457762,461702,6,3940,2,36000,1.00152284264
457780,457789,461621,9,3832,2,36000,1.00234864301
457782,457795,461775,13,3980,2,36000,1.00326633166
457802,457808,461720,6,3912,2,36000,1.00153374233
457803,457814,461653,11,3839,2,36000,1.00286532951
457805,457819,461664,14,3845,2,36000,1.00364109233
457821,457828,461745,7,3917,2,36000,1.00178708195
457840,457846,461729,6,3883,2,36000,1.00154519701
457856,457863,461948,7,4085,2,36000,1.00171358629
457858,457869,461594,11,3725,2,36000,1.00295302013
457877,457883,461918,6,4035,2,36000,1.00148698885
457930,457938,461875,8,3937,2,36000,1.00203200406
457946,457953,461689,7,3736,2,36000,1.00187366167
457994,458000,461928,6,3928,2,36000,1.00152749491
458047,458056,461750,9,3694,2,36000,1.00243638332
458108,458118,462113,10,3995,2,36000,1.00250312891
458197,458204,462099,7,3895,2,36000,1.00179717587
458258,458267,462273,9,4006,2,36000,1.00224663005
458331,458337,461997,6,3660,2,36000,1.00163934426
458332,458343,462157,11,3814,2,36000,1.00288411117
458348,458354,462241,6,3887,2,36000,1.00154360689
458366,458371,462308,5,3937,2,36000,1.00127000254
458386,458392,462362,6,3970,2,36000,1.00151133501
458403,458409,462389,6,3980,2,36000,1.00150753769
458498,458504,462412,6,3908,2,36000,1.00153531218
459354,459376,460053,22,677,12,3540,1.03249630724
460220,460226,464183,6,3957,2,36000,1.00151630023
460221,460232,464096,11,3864,2,36000,1.00284679089
460471,460477,464440,6,3963,2,36000,1.00151400454
460852,460858,464616,6,3758,2,36000,1.00159659393
460926,460933,464832,7,3899,2,36000,1.00179533214
460941,460951,464844,10,3893,2,36000,1.00256871307
461093,461100,465009,7,3909,2,36000,1.00179073932
461143,461149,462180,6,1031,12,3540,1.00581959263
461198,461204,464928,6,3724,2,36000,1.00161117078
461241,461249,464905,8,3656,2,36000,1.00218818381
461353,461360,465417,7,4057,2,36000,1.00172541287
461467,461474,465316,7,3842,2,36000,1.00182196773
461495,461503,465597,8,4094,2,36000,1.00195407914
461510,461516,465527,6,4011,2,36000,1.00149588631
461599,461607,465474,8,3867,2,36000,1.00206878717
461622,461628,465524,6,3896,2,36000,1.00154004107
461624,461634,465528,10,3894,2,36000,1.00256805342
461660,461667,465631,7,3964,2,36000,1.00176589304
461676,461682,465372,6,3690,2,36000,1.00162601626
461691,461700,465722,9,4022,2,36000,1.00223769269
461707,461712,465779,5,4067,2,36000,1.00122940743
461724,461731,465632,7,3901,2,36000,1.00179441169
461740,461746,465632,6,3886,2,36000,1.00154400412
461758,461764,465812,6,4048,2,36000,1.00148221344
461759,461770,465828,11,4058,2,36000,1.00271069492
461760,461775,465671,15,3896,2,36000,1.00385010267
461778,461787,465738,9,3951,2,36000,1.00227790433
461881,461888,465855,7,3967,2,36000,1.0017645576
461929,461935,465785,6,3850,2,36000,1.00155844156
461930,461941,465931,11,3990,2,36000,1.00275689223
461957,461964,465798,7,3834,2,36000,1.00182576943
462011,462017,466028,6,4011,2,36000,1.00149588631
462105,462111,466022,6,3911,2,36000,1.00153413449
462122,462128,466114,6,3986,2,36000,1.00150526844
462163,462169,466133,6,3964,2,36000,1.0015136226
462246,462252,465994,6,3742,2,36000,1.00160342063
462277,462284,466070,7,3786,2,36000,1.00184891706
462315,462322,466233,7,3911,2,36000,1.00178982357
462375,462381,466353,6,3972,2,36000,1.00151057402
462395,462400,466356,5,3956,2,36000,1.00126390293
462414,462423,466111,9,3688,2,36000,1.00244034707
462499,462505,464095,6,1590,12,3540,1.00377358491
462666,462672,516702,6,54030,4,54000,1.00011104942
462848,462854,467912,6,5058,4,162000,1.00118623962
463462,463468,467092,6,3624,4,14400,1.00165562914
463729,463735,589772,6,126037,4,126000,1.00004760507
464099,464107,468124,8,4017,2,36000,1.00199153597
464191,464197,468208,6,4011,2,36000,1.00149588631
464255,464261,488231,6,23970,4,162000,1.00025031289
464392,464399,465426,7,1027,12,2340,1.00681596884
464451,464457,468354,6,3897,2,36000,1.00153964588
464610,465437,465442,827,5,4,126000,83.2
464618,464627,468417,9,3790,2,36000,1.00237467018
464752,465442,465448,690,6,4,126000,69.6
464836,464843,468826,7,3983,2,36000,1.00175746924
464853,464859,468948,6,4089,2,36000,1.00146735143
464909,464916,468671,7,3755,2,36000,1.00186418109
464937,464944,468864,7,3920,2,36000,1.00178571429
465012,465020,468776,8,3756,2,36000,1.00212992545
465032,473328,565749,8296,92421,20,144000,1.08976314907
465129,494604,638650,29475,144046,20,144000,1.2046221346
465168,467928,562933,2760,95005,1,216000,1.02905110257
465178,467934,562933,2756,94999,1,216000,1.02901083169
465183,473417,641946,8234,168529,1,216000,1.04885806004
465189,474176,641946,8987,167770,1,216000,1.05356738392
465196,474182,641946,8986,167764,1,216000,1.05356333898
465201,498456,641946,33255,143490,1,216000,1.23175831068
465206,498463,641946,33257,143483,1,216000,1.23178355624
465211,516718,641946,51507,125228,1,216000,1.41130577826
465287,496027,640070,30740,144043,20,144000,1.21340849607
465317,465327,468968,10,3641,2,36000,1.00274649821
465371,465384,469397,13,4013,2,36000,1.00323947172
465424,465430,469387,6,3957,2,36000,1.00151630023
465451,467103,468050,1652,947,16,2340,2.7444561774
465479,465486,469223,7,3737,2,36000,1.00187316029
465527,465535,469352,8,3817,2,36000,1.00209588682
465529,465541,469323,12,3782,2,36000,1.00317292438
465544,465550,469455,6,3905,2,36000,1.00153649168
465588,467923,493313,2335,25390,4,126000,1.09196534069
465600,465608,469492,8,3884,2,36000,1.00205973223
465618,468060,594093,2442,126033,4,126000,1.01937587775
465635,465643,469662,8,4019,2,36000,1.00199054491
465636,465648,469736,12,4088,2,36000,1.00293542074
465638,465654,469674,16,4020,2,36000,1.0039800995
465673,465682,469303,9,3621,2,36000,1.00248550124
465727,465733,469468,6,3735,2,36000,1.0016064257
465747,465753,469822,6,4069,2,36000,1.00147456377
465790,465796,469710,6,3914,2,36000,1.00153295861
465791,465802,469809,11,4007,2,36000,1.00274519591
465808,465814,469509,6,3695,2,36000,1.00162381597
465811,535722,571975,69911,36253,1,54000,2.92841971699
465826,465832,469842,6,4010,2,36000,1.00149625935
465843,465849,469771,6,3922,2,36000,1.00152983172
465861,465867,469749,6,3882,2,36000,1.00154559505
465945,465951,469705,6,3754,2,36000,1.00159829515
466000,466006,469974,6,3968,2,36000,1.00151209677
466027,466033,469866,6,3833,2,36000,1.00156535351
466028,466039,469998,11,3959,2,36000,1.00277847941
466072,466081,469583,9,3502,2,36000,1.00256996002
466115,466125,470139,10,4014,2,36000,1.00249128052
466117,466130,470166,13,4036,2,36000,1.0032210109
466136,466146,469985,10,3839,2,36000,1.00260484501
466239,466245,470139,6,3894,2,36000,1.00154083205
466371,466377,470281,6,3904,2,36000,1.00153688525
466372,466383,470472,11,4089,2,36000,1.00269014429
466641,535112,794335,68471,259223,2,259200,1.26413937035
466667,537323,796540,70656,259217,2,259200,1.27257471539
466690,537328,796542,70638,259214,2,259200,1.27250842933
466707,537333,796570,70626,259237,2,259200,1.27243796217
467123,537351,580812,70228,43461,1,54000,2.61588550655
467364,538764,583888,71400,45124,1,54000,2.58230653311
467573,540968,594984,73395,54016,1,54000,2.35876406991
467829,468066,468134,237,68,12,86400,4.48529411765
468130,468136,472035,6,3899,2,36000,1.00153885612
468209,468220,471829,11,3609,2,36000,1.00304793572
468355,468365,472108,10,3743,2,36000,1.00267165375
468422,468427,472455,5,4028,2,36000,1.00124131082
468562,468568,502541,6,33973,4,162000,1.00017661084
468674,468682,472557,8,3875,2,36000,1.00206451613
468777,468788,472872,11,4084,2,36000,1.00269343781
468832,468838,472591,6,3753,2,36000,1.00159872102
468870,468876,472874,6,3998,2,36000,1.00150075038
468951,468960,472927,9,3967,2,36000,1.00226871691
468971,468980,472808,9,3828,2,36000,1.00235109718
469239,469245,472890,6,3645,2,36000,1.00164609053
469311,469317,473368,6,4051,2,36000,1.00148111577
469328,469335,473249,7,3914,2,36000,1.00178845171
469357,469363,473416,6,4053,2,36000,1.0014803849
469395,469401,473327,6,3926,2,36000,1.00152827305
469411,469417,473311,6,3894,2,36000,1.00154083205
469460,469466,473301,6,3835,2,36000,1.00156453716
469476,469482,473357,6,3875,2,36000,1.0015483871
469498,469505,473414,7,3909,2,36000,1.00179073932
469515,469521,473455,6,3934,2,36000,1.00152516523
469590,469596,473396,6,3800,2,36000,1.00157894737
469669,469675,473311,6,3636,2,36000,1.00165016502
469685,469691,473777,6,4086,2,36000,1.00146842878
469709,469716,473741,7,4025,2,36000,1.00173913043
469727,469733,473655,6,3922,2,36000,1.00152983172
469748,469754,473625,6,3871,2,36000,1.00154998708
469763,469770,473585,7,3815,2,36000,1.00183486239
469783,469789,473822,6,4033,2,36000,1.00148772626
469819,469825,473737,6,3912,2,36000,1.00153374233
469834,469840,473850,6,4010,2,36000,1.00149625935
469852,469858,473344,6,3486,2,36000,1.0017211704
469872,469878,473832,6,3954,2,36000,1.00151745068
469981,469987,473996,6,4009,2,36000,1.00149663258
469999,470006,474008,7,4002,2,36000,1.00174912544
470001,470012,473739,11,3727,2,36000,1.00295143547
470036,472403,473316,2367,913,16,2340,3.59255202629
470148,470154,474147,6,3993,2,36000,1.0015026296
470149,470160,474119,11,3959,2,36000,1.00277847941
470168,470177,474167,9,3990,2,36000,1.0022556391
470238,470245,470248,7,3,2,900,1.0
470286,470293,474026,7,3733,2,36000,1.00187516743
470477,470483,474507,6,4024,2,36000,1.00149105368
470571,520862,524161,50291,3299,2,43200,16.2443164595
471639,471645,471949,6,304,1,300,1.01973684211
471819,471826,472757,7,931,2,900,1.00751879699
471841,471847,475801,6,3954,2,36000,1.00151745068
472040,472046,475824,6,3778,2,36000,1.00158814187
472115,472121,475946,6,3825,2,36000,1.00156862745
472136,531419,589232,59283,57813,2,72000,2.02542680712
472204,472210,472213,6,3,1,300,1.0
472293,472299,472624,6,325,1,300,1.01846153846
472465,472471,476322,6,3851,2,36000,1.00155803687
472564,472570,476591,6,4021,2,36000,1.00149216613
472599,472605,476409,6,3804,2,36000,1.00157728707
472760,472766,473074,6,308,1,300,1.01948051948
472821,472827,476717,6,3890,2,36000,1.00154241645
472877,472883,476828,6,3945,2,36000,1.00152091255
472879,472889,476849,10,3960,2,36000,1.00252525253
472906,472912,476758,6,3846,2,36000,1.0015600624
472929,472935,474781,6,1846,1,1800,1.00325027086
472931,472941,476762,10,3821,2,36000,1.00261711594
473260,473266,477087,6,3821,2,36000,1.00157026956
473307,473313,477247,6,3934,2,36000,1.00152516523
473325,473334,477228,9,3894,2,36000,1.00231124807
473326,473339,477218,13,3879,2,36000,1.00335137922
473335,473345,473953,10,608,1,600,1.01644736842
473343,473351,476840,8,3489,2,36000,1.00229292061
473362,473368,477008,6,3640,2,36000,1.00164835165
473363,473374,477186,11,3812,2,36000,1.00288562434
473379,473385,477342,6,3957,2,36000,1.00151630023
473402,473408,477457,6,4049,2,36000,1.00148184737
473421,473427,477248,6,3821,2,36000,1.00157026956
473423,473433,477422,10,3989,2,36000,1.00250689396
473464,473470,477419,6,3949,2,36000,1.00151937199
473504,531424,563009,57920,31585,2,43200,2.83378185848
473586,473596,477619,10,4023,2,36000,1.00248570718
473625,473636,477421,11,3785,2,36000,1.00290620872
473656,473666,477683,10,4017,2,36000,1.00248941997
473738,473749,477604,11,3855,2,36000,1.00285343709
473753,473759,477711,6,3952,2,36000,1.00151821862
473754,473765,477650,11,3885,2,36000,1.00283140283
473779,473788,477471,9,3683,2,36000,1.00244366006
473798,531434,543026,57636,11592,2,43200,5.97204968944
473818,473964,474048,146,84,1,1800,2.7380952381
473824,473833,477843,9,4010,2,36000,1.00224438903
473839,473845,477853,6,4008,2,36000,1.00149700599
473854,473861,477523,7,3662,2,36000,1.00191152376
473878,505751,523322,31873,17571,8,43200,2.81395481191
474000,474008,477638,8,3630,2,36000,1.00220385675
474016,474022,477756,6,3734,2,36000,1.00160685592
474032,474038,477983,6,3945,2,36000,1.00152091255
474121,474130,477962,9,3832,2,36000,1.00234864301
474151,474158,478143,7,3985,2,36000,1.0017565872
474171,474188,478078,17,3890,2,36000,1.00437017995
474302,474309,475020,7,711,1,3600,1.00984528833
474433,531429,558495,56996,27066,8,86400,3.10581541417
474512,474519,478563,7,4044,2,36000,1.00173095945
474546,498451,514707,23905,16256,10,43200,2.47053395669
475049,514718,538753,39669,24035,8,43200,2.6504680674
475568,531439,567096,55871,35657,2,43200,2.5669013097
475808,475814,479621,6,3807,2,36000,1.00157604413
475830,475836,479718,6,3882,2,36000,1.00154559505
475949,475957,479642,8,3685,2,36000,1.00217096336
476184,476190,494226,6,18036,2,18000,1.000332668
476328,476334,480368,6,4034,2,36000,1.00148735746
476412,476420,480352,8,3932,2,36000,1.002034588
476453,476459,477402,6,943,2,900,1.00636267232
476468,493324,494267,16856,943,16,2340,18.8748674443
476489,530959,534707,54470,3748,1,43200,15.5330843116
476595,476603,480505,8,3902,2,36000,1.00205023065
476726,476732,480658,6,3926,2,36000,1.00152827305
476775,476782,480325,7,3543,2,36000,1.00197572679
476777,476788,480750,11,3962,2,36000,1.00277637557
476832,476839,480729,7,3890,2,36000,1.00179948586
476848,476854,480881,6,4027,2,36000,1.00148994289
476863,476869,480720,6,3851,2,36000,1.00155803687
477017,477024,480986,7,3962,2,36000,1.00176678445
477088,477098,481104,10,4006,2,36000,1.00249625562
477198,477204,481251,6,4047,2,36000,1.00148257969
477220,477229,481151,9,3922,2,36000,1.00229474758
477238,477244,481117,6,3873,2,36000,1.00154918668
477256,477262,481011,6,3749,2,36000,1.00160042678
477257,477268,480951,11,3683,2,36000,1.00298669563
477345,477353,480991,8,3638,2,36000,1.00219901045
477430,477436,481275,6,3839,2,36000,1.00156290701
477432,477442,481387,10,3945,2,36000,1.00253485425
477433,477447,481360,14,3913,2,36000,1.00357781753
477460,477468,481294,8,3826,2,36000,1.00209095661
477475,477483,481541,8,4058,2,36000,1.00197141449
477525,477534,481532,9,3998,2,36000,1.00225112556
477610,477616,481593,6,3977,2,36000,1.00150867488
477627,477633,481408,6,3775,2,36000,1.00158940397
477642,477650,481559,8,3909,2,36000,1.00204655922
477657,477663,481610,6,3947,2,36000,1.00152014188
477688,477694,481483,6,3789,2,36000,1.00158353127
477722,477728,481728,6,4000,2,36000,1.0015
477747,477753,481358,6,3605,2,3600,1.00166435506
477759,477767,481732,8,3965,2,36000,1.00201765448
477850,477856,481668,6,3812,2,36000,1.00157397692
477866,477872,481621,6,3749,2,36000,1.00160042678
477964,477973,482051,9,4078,2,36000,1.0022069642
477992,477998,481584,6,3586,2,36000,1.00167317345
478081,478089,481899,8,3810,2,36000,1.00209973753
478152,478158,481864,6,3706,2,36000,1.00161899622
478568,478575,482452,7,3877,2,36000,1.00180551973
479118,479638,483263,520,3625,2,3600,1.14344827586
479624,479632,483560,8,3928,2,36000,1.00203665988
479644,479653,483713,9,4060,2,36000,1.00221674877
479725,479731,483771,6,4040,2,36000,1.00148514851
479771,531446,564869,51675,33423,2,43200,2.54609101517
480130,494237,499645,14107,5408,1,21600,3.60854289941
480270,531451,540937,51181,9486,2,43200,6.3954248366
480330,480336,484119,6,3783,2,36000,1.00158604282
480355,480364,484246,9,3882,2,36000,1.00231839258
480373,480379,484273,6,3894,2,36000,1.00154083205
480429,531472,613843,51043,82371,1,169200,1.61967197193
480478,481370,481942,892,572,2,900,2.55944055944
480507,480516,484392,9,3876,2,36000,1.00232198142
480665,480670,484463,5,3793,2,36000,1.00131821777
480724,480732,484517,8,3785,2,36000,1.00211360634
480743,480749,484786,6,4037,2,36000,1.00148625217
480761,480767,484797,6,4030,2,36000,1.00148883375
480884,480893,484422,9,3529,2,36000,1.00255029753
480955,480962,484872,7,3910,2,36000,1.00179028133
480990,480997,484883,7,3886,2,36000,1.00180133814
481005,481011,484543,6,3532,2,36000,1.00169875425
481021,481027,484701,6,3674,2,36000,1.00163309744
481097,531456,531771,50359,315,2,43200,160.86984127
481107,481115,485134,8,4019,2,36000,1.00199054491
481122,481128,484949,6,3821,2,36000,1.00157026956
481153,481162,485007,9,3845,2,36000,1.00234070221
481255,481262,485189,7,3927,2,36000,1.00178253119
481278,481286,485279,8,3993,2,36000,1.00200350614
481299,481305,485210,6,3905,2,36000,1.00153649168
481364,481376,485284,12,3908,2,36000,1.00307062436
481390,481398,485348,8,3950,2,36000,1.00202531646
481414,481420,485371,6,3951,2,36000,1.00151860289
481450,531461,599898,50011,68437,2,72000,1.73075967678
481506,481512,485415,6,3903,2,36000,1.00153727902
481537,481543,485470,6,3927,2,36000,1.00152788388
481553,481559,485497,6,3938,2,36000,1.00152361605
481569,481576,485576,7,4000,2,36000,1.00175
481596,481602,485527,6,3925,2,36000,1.00152866242
481597,481608,485288,11,3680,2,36000,1.00298913043
481615,481622,485591,7,3969,2,36000,1.00176366843
481631,481637,485553,6,3916,2,36000,1.00153217569
481673,481679,485540,6,3861,2,36000,1.00155400155
481732,481738,485682,6,3944,2,36000,1.00152129817
481734,481744,485368,10,3624,2,36000,1.0027593819
481746,531467,531894,49721,427,2,43200,117.442622951
481871,481877,485479,6,3602,2,36000,1.00166574125
481906,481912,485619,6,3707,2,36000,1.00161855948
482003,482010,482076,7,66,2,600,1.10606060606
482056,482062,485921,6,3859,2,36000,1.00155480694
482455,482463,486342,8,3879,2,36000,1.00206238721
483553,483560,490862,7,7302,2,7200,1.00095864147
483568,483574,487485,6,3911,2,36000,1.00153413449
483719,483725,487707,6,3982,2,36000,1.00150678051
483779,483785,487718,6,3933,2,36000,1.00152555301
483855,483861,483895,6,34,1,300,1.17647058824
484124,484130,487938,6,3808,2,36000,1.00157563025
484196,484202,485121,6,919,2,900,1.00652883569
484253,484259,488233,6,3974,2,36000,1.00150981379
484278,484284,488040,6,3756,2,36000,1.00159744409
484396,484404,488429,8,4025,2,36000,1.00198757764
484429,484435,488426,6,3991,2,36000,1.00150338261
484469,484475,488406,6,3931,2,36000,1.00152632918
484522,484529,488407,7,3878,2,36000,1.00180505415
484548,484554,488637,6,4083,2,36000,1.00146950771
484704,484713,488633,9,3920,2,36000,1.00229591837
484764,537344,587274,52580,49930,1,72000,2.05307430403
484793,484800,488698,7,3898,2,36000,1.00179579271
484809,484815,488637,6,3822,2,36000,1.00156985871
484873,484884,488663,11,3779,2,36000,1.00291082297
484889,484896,488747,7,3851,2,36000,1.00181770969
484952,484960,488728,8,3768,2,36000,1.00212314225
485011,485018,489011,7,3993,2,36000,1.00175306787
485139,485145,488951,6,3806,2,36000,1.00157645822
485194,485200,489083,6,3883,2,36000,1.00154519701
485196,540963,612985,55767,72022,1,72000,1.77430507345
485214,485221,489056,7,3835,2,36000,1.00182529335
485282,485291,489275,9,3984,2,36000,1.00225903614
485297,485304,489287,7,3983,2,36000,1.00175746924
485299,485310,489198,11,3888,2,36000,1.00282921811
485351,485359,489261,8,3902,2,36000,1.00205023065
485371,485379,489406,8,4027,2,36000,1.00198659051
485388,485394,489428,6,4034,2,36000,1.00148735746
485417,485426,489499,9,4073,2,36000,1.00220967346
485474,485482,489431,8,3949,2,36000,1.00202582932
485491,485497,489400,6,3903,2,36000,1.00153727902
485507,485513,489397,6,3884,2,36000,1.00154479918
485533,485539,489361,6,3822,2,36000,1.00156985871
485550,485556,489268,6,3712,2,36000,1.00161637931
485568,485574,489432,6,3858,2,36000,1.00155520995
485585,485591,489667,6,4076,2,36000,1.0014720314
485602,485608,489545,6,3937,2,36000,1.00152400305
485627,485633,489608,6,3975,2,36000,1.00150943396
485694,485700,489798,6,4098,2,36000,1.00146412884
485926,485932,489967,6,4035,2,36000,1.00148698885
486223,537338,546173,51115,8835,2,72000,6.78551216752
486348,486354,490351,6,3997,2,36000,1.00150112584
486655,486662,487574,7,912,2,900,1.0076754386
487492,487498,491317,6,3819,2,36000,1.00157109191
487655,540949,540952,53294,3,2,36000,5329.7
487709,487718,491569,9,3851,2,36000,1.00233705531
487727,487733,491535,6,3802,2,36000,1.00157811678
487941,487949,492068,8,4119,2,36000,1.00194221899
488045,488051,492097,6,4046,2,36000,1.00148294612
488241,488247,491835,6,3588,2,36000,1.0016722408
488420,488426,492468,6,4042,2,36000,1.00148441366
488421,488432,492461,11,4029,2,36000,1.00273020601
488440,488446,492423,6,3977,2,36000,1.00150867488
488441,488452,492211,11,3759,2,36000,1.00292631019
488568,516713,537312,28145,20599,10,43200,2.36632846255
488650,488656,492756,6,4100,2,36000,1.00146341463
488651,488662,492304,11,3642,2,36000,1.00302031851
488652,488667,492752,15,4085,2,36000,1.00367197062
488684,488690,492612,6,3922,2,36000,1.00152983172
488701,488709,492622,8,3913,2,36000,1.00204446716
488732,488739,492741,7,4002,2,36000,1.00174912544
488754,488759,492670,5,3911,2,36000,1.00127844541
488962,488968,492866,6,3898,2,36000,1.0015392509
488973,543128,544068,54155,940,1,36000,58.6117021277
489016,531477,543106,42461,11629,4,36000,4.65130277754
489017,489023,493020,6,3997,2,36000,1.00150112584
489062,489067,493089,5,4022,2,36000,1.00124316261
489090,489096,492731,6,3635,2,36000,1.00165061898
489144,531905,612173,42761,80268,4,108000,1.53272786166
489155,542123,577766,52968,35643,2,43200,2.48607019611
489163,489169,490097,6,928,2,900,1.00646551724
489213,489219,493017,6,3798,2,36000,1.00157977883
489266,489272,493107,6,3835,2,36000,1.00156453716
489283,489289,493199,6,3910,2,36000,1.00153452685
489284,489295,493362,11,4067,2,36000,1.00270469634
489300,489307,493130,7,3823,2,36000,1.00183102276
489365,489373,493194,8,3821,2,36000,1.00209369275
489403,489409,493178,6,3769,2,36000,1.0015919342
489404,489415,493456,11,4041,2,36000,1.00272209849
489425,489431,493430,6,3999,2,36000,1.00150037509
489443,489449,493362,6,3913,2,36000,1.00153335037
489444,489455,493391,11,3936,2,36000,1.00279471545
489446,489460,493244,14,3784,2,36000,1.00369978858
489520,489526,493510,6,3984,2,36000,1.0015060241
489552,489558,493339,6,3781,2,36000,1.00158688178
489615,489622,493412,7,3790,2,36000,1.0018469657
489672,489678,493329,6,3651,2,36000,1.00164338537
489696,523333,541655,33637,18322,10,43200,2.83588036241
489805,489810,493794,5,3984,2,36000,1.00125502008
489980,489986,493801,6,3815,2,36000,1.00157273919
490355,490362,494361,7,3999,2,36000,1.00175043761
491118,491124,492031,6,907,2,900,1.00661521499
491268,542128,650139,50860,108011,2,108000,1.47087796613
491325,491332,495397,7,4065,2,36000,1.00172201722
491539,491546,495401,7,3855,2,36000,1.00181582361
491562,531413,550436,39851,19023,10,43200,3.09488513904
491573,491580,495664,7,4084,2,36000,1.00171400588
491838,491846,495749,8,3903,2,36000,1.00204970535
492070,492079,496065,9,3986,2,36000,1.00225790266
492103,492109,496160,6,4051,2,36000,1.00148111577
492175,543038,651044,50863,108006,2,108000,1.47092754106
492223,492229,496059,6,3830,2,36000,1.00156657963
492246,492252,492253,6,1,2,600,1.0
492297,492303,492403,6,100,2,600,1.06
492308,492316,496137,8,3821,2,36000,1.00209369275
492432,492438,496484,6,4046,2,36000,1.00148294612
492468,492473,496396,5,3923,2,36000,1.00127453479
492469,492479,496324,10,3845,2,36000,1.00260078023
492618,492624,496626,6,4002,2,36000,1.00149925037
492634,492640,496579,6,3939,2,36000,1.00152322925
492662,543122,651146,50460,108024,2,108000,1.46711841813
492674,492682,496715,8,4033,2,36000,1.00198363501
492737,492742,496764,5,4022,2,36000,1.00124316261
492753,492759,496661,6,3902,2,36000,1.00153767299
492754,492765,496619,11,3854,2,36000,1.00285417748
492771,492778,496570,7,3792,2,36000,1.00184599156
492875,492881,496818,6,3937,2,36000,1.00152400305
493026,493031,497019,5,3988,2,36000,1.00125376128
493027,493037,496899,10,3862,2,36000,1.00258933195
493094,493099,496966,5,3867,2,36000,1.00129299198
493113,493119,497011,6,3892,2,36000,1.00154162384
493131,493142,497187,11,4045,2,36000,1.00271940667
493182,493188,496963,6,3775,2,36000,1.00158940397
493201,493207,496951,6,3744,2,36000,1.0016025641
493202,493213,497259,11,4046,2,36000,1.00271873455
493229,543117,543124,49888,7,2,72000,4989.5
493253,493260,497257,7,3997,2,36000,1.00175131349
493336,493342,497224,6,3882,2,36000,1.00154559505
493354,493360,497440,6,4080,2,36000,1.00147058824
493373,493379,497272,6,3893,2,36000,1.00154122784
493374,493385,497302,11,3917,2,36000,1.00280827164
493393,493402,497167,9,3765,2,36000,1.00239043825
493416,493424,497245,8,3821,2,36000,1.00209369275
493434,493441,497521,7,4080,2,36000,1.00171568627
493463,493469,497391,6,3922,2,36000,1.00152983172
493515,493521,497419,6,3898,2,36000,1.0015392509
493803,493809,497857,6,4048,2,36000,1.00148221344
493804,493815,497684,11,3869,2,36000,1.00284311192
494373,494379,498213,6,3834,2,36000,1.00156494523
495092,543135,592021,48043,48886,2,172800,1.98275579921
495402,495408,499275,6,3867,2,36000,1.00155159038
495404,495414,499234,10,3820,2,36000,1.00261780105
495625,546184,588878,50559,42694,2,72000,2.18421792289
495666,495675,499683,9,4008,2,36000,1.00224550898
495750,495760,499518,10,3758,2,36000,1.00266098989
496066,496072,499963,6,3891,2,36000,1.00154202005
496067,496078,499859,11,3781,2,36000,1.00290928326
496138,496148,500009,10,3861,2,36000,1.00259000259
496165,496170,500002,5,3832,2,36000,1.00130480167
496328,496336,500196,8,3860,2,36000,1.00207253886
496399,496408,500425,9,4017,2,36000,1.00224047797
496486,496495,500143,9,3648,2,36000,1.00246710526
496573,496582,500610,9,4028,2,36000,1.00223435948
496588,496594,500604,6,4010,2,36000,1.00149625935
496624,496631,500526,7,3895,2,36000,1.00179717587
496640,496646,500665,6,4019,2,36000,1.00149290868
496670,496676,500684,6,4008,2,36000,1.00149700599
496717,496726,500641,9,3915,2,36000,1.00229885057
496769,496776,500564,7,3788,2,36000,1.00184794087
496822,496831,500898,9,4067,2,36000,1.00221293337
496901,496910,500828,9,3918,2,36000,1.00229709035
496956,496962,500865,6,3903,2,36000,1.00153727902
496973,496979,500921,6,3942,2,36000,1.00152207002
496974,496985,500851,11,3866,2,36000,1.00284531816
497013,497023,501013,10,3990,2,36000,1.00250626566
497029,497035,500732,6,3697,2,36000,1.00162293752
497170,497178,501061,8,3883,2,36000,1.00206026268
497188,497199,500987,11,3788,2,36000,1.00290390707
497227,497235,501252,8,4017,2,36000,1.00199153597
497250,497255,501052,5,3797,2,36000,1.00131682908
497266,497272,501167,6,3895,2,36000,1.00154043646
497267,497278,501252,11,3974,2,36000,1.00276799195
497282,497288,501183,6,3895,2,36000,1.00154043646
497305,497313,501303,8,3990,2,36000,1.00200501253
497395,497403,501411,8,4008,2,36000,1.00199600798
497427,497432,501234,5,3802,2,36000,1.00131509732
497443,497451,501352,8,3901,2,36000,1.00205075622
497523,497532,501526,9,3994,2,36000,1.00225338007
497687,497696,501764,9,4068,2,36000,1.00221238938
497861,497868,501826,7,3958,2,36000,1.00176856998
498218,498224,501934,6,3710,2,36000,1.00161725067
499244,499250,502472,6,3222,2,36000,1.00186219739
499280,499286,502473,6,3187,2,36000,1.00188264826
499523,499529,502473,6,2944,2,36000,1.00203804348
499688,499694,502472,6,2778,2,36000,1.00215982721
499866,499872,502472,6,2600,2,36000,1.00230769231
499972,499978,502472,6,2494,2,36000,1.00240577386
500007,500014,502472,7,2458,2,36000,1.00284784378
500022,500028,502473,6,2445,2,36000,1.00245398773
500145,500155,502473,10,2318,2,36000,1.00431406385
500204,500210,502405,6,2195,2,36000,1.00273348519
500434,500440,502473,6,2033,2,36000,1.00295130349
500531,500536,502473,5,1937,2,36000,1.00258131131
500571,500577,502473,6,1896,2,36000,1.00316455696
500611,500617,502473,6,1856,2,36000,1.00323275862
500612,500623,502473,11,1850,2,36000,1.00594594595
500645,500652,502473,7,1821,2,36000,1.00384404174
500671,500677,502473,6,1796,2,36000,1.00334075724
500693,500699,502473,6,1774,2,36000,1.00338218715
500738,500744,502473,6,1729,2,36000,1.003470214
500833,500841,502473,8,1632,2,36000,1.00490196078
500859,500866,502473,7,1607,2,36000,1.00435594275
500877,500884,502473,7,1589,2,36000,1.00440528634
500901,500910,502473,9,1563,2,36000,1.00575815739
500928,500933,502473,5,1540,2,36000,1.00324675325
501004,501010,502473,6,1463,2,36000,1.004101162
501021,501027,502473,6,1446,2,36000,1.00414937759
501056,501063,502473,7,1410,2,36000,1.00496453901
501071,501077,502473,6,1396,2,36000,1.00429799427
501172,501178,502473,6,1295,2,36000,1.00463320463
501190,501196,502473,6,1277,2,36000,1.00469851214
501250,501257,502473,7,1216,2,36000,1.00575657895
501269,501275,502473,6,1198,2,36000,1.00500834725
501270,501281,502473,11,1192,2,36000,1.00922818792
501307,501315,502473,8,1158,2,36000,1.00690846287
501357,501363,502473,6,1110,2,36000,1.00540540541
501421,501428,502473,7,1045,2,36000,1.00669856459
501532,501538,502473,6,935,2,36000,1.0064171123
501770,501776,502473,6,697,2,36000,1.00860832138
501848,501854,502473,6,619,2,36000,1.00969305331
501939,501945,502473,6,528,2,36000,1.01136363636
502354,502360,509671,6,7311,2,7200,1.00082068117
502442,502487,503846,45,1359,80,43200,1.03311258278
503979,504597,504951,618,354,80,43200,2.74576271186
504760,504962,509833,202,4871,80,43200,1.04146992404
509787,509844,513883,57,4039,2,36000,1.01411240406
509789,509849,513864,60,4015,2,36000,1.01494396015
509790,509854,513768,64,3914,2,36000,1.01635155851
509791,509860,513774,69,3914,2,36000,1.01762902402
509793,509865,513738,72,3873,2,36000,1.01859024012
509794,509870,513804,76,3934,2,36000,1.01931875953
509795,509875,513917,80,4042,2,36000,1.01979218209
509797,509880,513722,83,3842,2,36000,1.0216033316
509799,509885,513850,86,3965,2,36000,1.02168978562
509800,509890,513929,90,4039,2,36000,1.02228274325
509801,509896,513829,95,3933,2,36000,1.02415458937
509803,509901,513808,98,3907,2,36000,1.02508318403
509804,509906,513843,102,3937,2,36000,1.02590805182
509805,509911,513905,106,3994,2,36000,1.02653980971
509806,509916,513847,110,3931,2,36000,1.0279827016
509808,509921,513899,113,3978,2,36000,1.02840623429
509809,509927,513838,118,3911,2,36000,1.03017131168
509811,509932,513930,121,3998,2,36000,1.03026513257
509812,509937,513842,125,3905,2,36000,1.03201024328
509813,509942,513781,129,3839,2,36000,1.03360250065
509815,509947,513947,132,4000,2,36000,1.033
509816,509952,513661,136,3709,2,36000,1.03666756538
509817,509957,513806,140,3849,2,36000,1.03637308392
509819,509963,513987,144,4024,2,36000,1.03578528827
509820,509968,513858,148,3890,2,36000,1.03804627249
509821,509974,513990,153,4016,2,36000,1.03809760956
509822,509979,513879,157,3900,2,36000,1.04025641026
509824,509984,513995,160,4011,2,36000,1.03989030167
509825,509989,513824,164,3835,2,36000,1.04276401565
509826,509995,513817,169,3822,2,36000,1.04421768707
509828,510000,513915,172,3915,2,36000,1.04393358876
509829,510005,513965,176,3960,2,36000,1.04444444444
509830,510010,513860,180,3850,2,36000,1.04675324675
509832,510015,513912,183,3897,2,36000,1.04695919938
509833,510021,513985,188,3964,2,36000,1.04742684157
509834,510026,513955,192,3929,2,36000,1.04886739628
509836,510031,513934,195,3903,2,36000,1.04996156802
509837,510036,514046,199,4010,2,36000,1.04962593516
509839,510041,514019,202,3978,2,36000,1.05077928607
509840,510046,513878,206,3832,2,36000,1.05375782881
509878,541666,554743,31788,13077,16,72000,3.43083275981
510285,531403,531407,21118,4,16,3600,2112.2
510288,531408,531412,21120,4,16,3600,2112.4
513664,513673,517636,9,3963,2,36000,1.00227100681
513730,513736,517706,6,3970,2,36000,1.00151133501
513746,513752,517668,6,3916,2,36000,1.00153217569
513774,513780,517658,6,3878,2,36000,1.00154718927
513776,513786,517510,10,3724,2,36000,1.00268528464
513796,513803,517746,7,3943,2,36000,1.001775298
513817,513823,517602,6,3779,2,36000,1.00158772162
513818,513829,517801,11,3972,2,36000,1.0027693857
513820,513834,517669,14,3835,2,36000,1.0036505867
513821,513839,517812,18,3973,2,36000,1.00453058142
513843,513849,517515,6,3666,2,36000,1.00163666121
513844,513855,517775,11,3920,2,36000,1.00280612245
513845,513860,517723,15,3863,2,36000,1.00388299249
513867,513873,517827,6,3954,2,36000,1.00151745068
513868,513879,517734,11,3855,2,36000,1.00285343709
513869,513884,517909,15,4025,2,36000,1.00372670807
513871,513889,517883,18,3994,2,36000,1.00450676014
513872,513894,517893,22,3999,2,36000,1.00550137534
513873,513900,517675,27,3775,2,36000,1.00715231788
513875,513905,517901,30,3996,2,36000,1.00750750751
513900,513910,517661,10,3751,2,36000,1.00266595575
513901,513917,517845,16,3928,2,36000,1.00407331976
513902,513922,517836,20,3914,2,36000,1.00510986203
513904,513927,517696,23,3769,2,36000,1.00610241443
513928,513934,517919,6,3985,2,36000,1.00150564617
513930,513940,517647,10,3707,2,36000,1.00269759914
513931,513945,517804,14,3859,2,36000,1.00362788287
513932,513950,517815,18,3865,2,36000,1.00465717982
513950,513956,517815,6,3859,2,36000,1.00155480694
513951,513962,517943,11,3981,2,36000,1.00276312484
513953,513967,517755,14,3788,2,36000,1.00369588173
513955,513972,517918,17,3946,2,36000,1.00430816016
513975,513981,518073,6,4092,2,36000,1.00146627566
513976,513987,517832,11,3845,2,36000,1.00286085826
513995,514001,517580,6,3579,2,36000,1.00167644593
513996,514007,517935,11,3928,2,36000,1.00280040733
513997,514012,517928,15,3916,2,36000,1.00383043922
513999,514018,518045,19,4027,2,36000,1.00471815247
514025,514032,517995,7,3963,2,36000,1.00176633863
514047,514057,518057,10,4000,2,36000,1.0025
517530,517536,521440,6,3904,2,36000,1.00153688525
517531,517542,521392,11,3850,2,36000,1.00285714286
517586,517591,521614,5,4023,2,36000,1.00124285359
517605,517613,521321,8,3708,2,36000,1.0021574973
517642,517649,521651,7,4002,2,36000,1.00174912544
517659,517665,521451,6,3786,2,36000,1.00158478605
517661,517671,521648,10,3977,2,36000,1.00251445813
517682,517688,521567,6,3879,2,36000,1.00154679041
517683,517694,521505,11,3811,2,36000,1.00288638153
517684,517699,521738,15,4039,2,36000,1.00371379054
517686,517704,521808,18,4104,2,36000,1.00438596491
517704,517711,521321,7,3610,2,36000,1.00193905817
517721,517727,521664,6,3937,2,36000,1.00152400305
517742,517748,521418,6,3670,2,36000,1.00163487738
517743,517754,521713,11,3959,2,36000,1.00277847941
517760,517766,521680,6,3914,2,36000,1.00153295861
517761,517772,521750,11,3978,2,36000,1.00276520865
517783,517789,521573,6,3784,2,36000,1.00158562368
517807,517813,521627,6,3814,2,36000,1.00157315155
517809,517819,521679,10,3860,2,36000,1.00259067358
517832,517838,521764,6,3926,2,36000,1.00152827305
517833,517844,521767,11,3923,2,36000,1.00280397655
517834,517849,521901,15,4052,2,36000,1.00370187562
517836,517854,521597,18,3743,2,36000,1.00480897676
517855,517862,521838,7,3976,2,36000,1.00176056338
517857,517868,521707,11,3839,2,36000,1.00286532951
517858,517873,521813,15,3940,2,36000,1.0038071066
517889,517896,521925,7,4029,2,36000,1.00173740382
517907,517914,521788,7,3874,2,36000,1.00180691791
517909,517920,521756,11,3836,2,36000,1.00286757039
517929,517935,521817,6,3882,2,36000,1.00154559505
517930,517941,521959,11,4018,2,36000,1.00273768044
517931,517946,521813,15,3867,2,36000,1.00387897595
517932,517951,521733,19,3782,2,36000,1.00502379693
517949,517957,521788,8,3831,2,36000,1.00208822762
517950,517962,521899,12,3937,2,36000,1.0030480061
517998,518006,522028,8,4022,2,36000,1.00198906017
518048,518057,522031,9,3974,2,36000,1.00226472068
518064,518070,522094,6,4024,2,36000,1.00149105368
518081,518087,522065,6,3978,2,36000,1.00150829563
520320,531483,535100,11163,3617,1,18000,4.08625933094
521323,521332,525214,9,3882,2,36000,1.00231839258
521324,521337,525241,13,3904,2,36000,1.00332991803
521395,521403,525434,8,4031,2,36000,1.0019846192
521426,521432,525290,6,3858,2,36000,1.00155520995
521446,521452,525388,6,3936,2,36000,1.00152439024
521461,521467,525438,6,3971,2,36000,1.00151095442
521512,521518,525502,6,3984,2,36000,1.0015060241
521571,521578,525558,7,3980,2,36000,1.00175879397
521588,521594,525596,6,4002,2,36000,1.00149925037
521607,521613,525498,6,3885,2,36000,1.00154440154
521624,521630,525323,6,3693,2,36000,1.00162469537
521639,521646,525513,7,3867,2,36000,1.00181018878
521664,521670,525598,6,3928,2,36000,1.00152749491
521665,521676,525559,11,3883,2,36000,1.00283286119
521666,521681,525638,15,3957,2,36000,1.00379075057
521683,521689,525503,6,3814,2,36000,1.00157315155
521685,521696,525751,11,4055,2,36000,1.00271270037
521709,521718,525526,9,3808,2,36000,1.00236344538
521726,521732,525649,6,3917,2,36000,1.00153178453
521747,521753,525757,6,4004,2,36000,1.0014985015
521748,521759,525524,11,3765,2,36000,1.00292164675
521768,521774,525413,6,3639,2,36000,1.00164880462
521769,521780,525846,11,4066,2,36000,1.00270536153
521770,521785,525788,15,4003,2,36000,1.00374718961
521771,521790,525609,19,3819,2,36000,1.00497512438
521796,521802,525765,6,3963,2,36000,1.00151400454
521800,521808,525654,8,3846,2,36000,1.0020800832
521829,521835,525737,6,3902,2,36000,1.00153767299
521830,521841,525666,11,3825,2,36000,1.00287581699
521831,521846,525821,15,3975,2,36000,1.00377358491
521833,521851,525862,18,4011,2,36000,1.00448765894
521850,521857,525677,7,3820,2,36000,1.00183246073
521902,521910,525503,8,3593,2,36000,1.00222655163
521903,521916,525984,13,4068,2,36000,1.00319567355
521930,521936,525807,6,3871,2,36000,1.00154998708
521963,521970,525962,7,3992,2,36000,1.00175350701
522037,522043,525899,6,3856,2,36000,1.0015560166
522038,522049,525841,11,3792,2,36000,1.00290084388
522070,522076,525980,6,3904,2,36000,1.00153688525
522098,522106,526123,8,4017,2,36000,1.00199153597
525215,525225,529141,10,3916,2,36000,1.00255362615
525246,525252,529349,6,4097,2,36000,1.00146448621
525296,525301,529263,5,3962,2,36000,1.00126198889
525326,525334,529135,8,3801,2,36000,1.00210470929
525403,525409,529238,6,3829,2,36000,1.00156698877
525422,525429,529262,7,3833,2,36000,1.00182624576
525442,525448,529306,6,3858,2,36000,1.00155520995
525443,525454,529204,11,3750,2,36000,1.00293333333
525502,525509,529442,7,3933,2,36000,1.00177981185
525525,525531,529543,6,4012,2,36000,1.00149551346
525526,525537,529642,11,4105,2,36000,1.00267965895
525527,525542,529303,15,3761,2,36000,1.00398830098
525529,525547,529505,18,3958,2,36000,1.00454775139
525530,525553,529565,23,4012,2,36000,1.0057328016
525549,525559,529524,10,3965,2,36000,1.0025220681
525569,525576,529459,7,3883,2,36000,1.00180272985
525571,525582,529583,11,4001,2,36000,1.00274931267
525604,525610,529435,6,3825,2,36000,1.00156862745
525605,525616,529411,11,3795,2,36000,1.00289855072
525620,525627,529323,7,3696,2,36000,1.00189393939
525645,525650,529379,5,3729,2,36000,1.00134084205
525666,525672,529527,6,3855,2,36000,1.00155642023
525667,525678,529545,11,3867,2,36000,1.00284458236
525669,525683,529544,14,3861,2,36000,1.00362600363
525687,525693,529757,6,4064,2,36000,1.00147637795
525741,525749,529429,8,3680,2,36000,1.00217391304
525760,525766,529655,6,3889,2,36000,1.00154281306
525761,525772,529614,11,3842,2,36000,1.00286309214
525777,525783,529558,6,3775,2,36000,1.00158940397
525794,525800,529620,6,3820,2,36000,1.00157068063
525811,525818,529723,7,3905,2,36000,1.00179257362
525831,525837,529415,6,3578,2,36000,1.00167691448
525851,525857,529703,6,3846,2,36000,1.0015600624
525852,525863,529846,11,3983,2,36000,1.00276173738
525871,525877,529659,6,3782,2,36000,1.00158646219
525902,525910,529922,8,4012,2,36000,1.00199401795
525966,525974,529810,8,3836,2,36000,1.00208550574
525982,525991,530011,9,4020,2,36000,1.00223880597
526001,526007,530089,6,4082,2,36000,1.00146986771
526139,526145,530165,6,4020,2,36000,1.00149253731
529137,529146,532956,9,3810,2,36000,1.00236220472
529152,529159,533054,7,3895,2,36000,1.00179717587
529205,529215,533213,10,3998,2,36000,1.00250125063
529244,529250,533138,6,3888,2,36000,1.00154320988
529260,529273,533276,13,4003,2,36000,1.00324756433
529275,529282,533303,7,4021,2,36000,1.00174086048
529308,529314,533301,6,3987,2,36000,1.0015048909
529309,529321,533114,12,3793,2,36000,1.00316372265
529325,529334,533337,9,4003,2,36000,1.00224831376
529352,529360,533248,8,3888,2,36000,1.00205761317
529382,529390,533390,8,4000,2,36000,1.002
529418,529424,533634,6,4210,2,36000,1.00142517815
529419,529430,533382,11,3952,2,36000,1.00278340081
529436,529442,533279,6,3837,2,36000,1.00156372166
529437,529448,533326,11,3878,2,36000,1.00283651367
529454,529460,533466,6,4006,2,36000,1.00149775337
529469,529476,533414,7,3938,2,36000,1.00177755206
529509,529517,533370,8,3853,2,36000,1.00207630418
529526,529535,533260,9,3725,2,36000,1.00241610738
529543,529550,533488,7,3938,2,36000,1.00177755206
529545,529556,533642,11,4086,2,36000,1.00269211943
529561,529567,533634,6,4067,2,36000,1.00147528891
529563,529573,533642,10,4069,2,36000,1.00245760629
529564,529578,533412,14,3834,2,36000,1.00365153886
529579,529586,533643,7,4057,2,36000,1.00172541287
529596,529602,533643,6,4041,2,36000,1.00148478099
529615,529626,533644,11,4018,2,36000,1.00273768044
529630,529636,533642,6,4006,2,36000,1.00149775337
529649,529655,533642,6,3987,2,36000,1.0015048909
529670,529676,533643,6,3967,2,36000,1.00151247794
529671,529682,533643,11,3961,2,36000,1.0027770765
529710,529715,533709,5,3994,2,36000,1.00125187782
529730,529736,533663,6,3927,2,36000,1.00152788388
529763,529768,533642,5,3874,2,36000,1.00129065565
529819,529825,533646,6,3821,2,36000,1.00157026956
529849,529857,533830,8,3973,2,36000,1.00201359174
529925,529933,533827,8,3894,2,36000,1.00205444273
530014,530022,533953,8,3931,2,36000,1.00203510557
530093,530100,533958,7,3858,2,36000,1.00181441161
530171,530178,534258,7,4080,2,36000,1.00171568627
532956,532967,536767,11,3800,2,36000,1.00289473684
533057,533065,537015,8,3950,2,36000,1.00202531646
533117,533126,537136,9,4010,2,36000,1.00224438903
533142,533150,536979,8,3829,2,36000,1.00208931836
533216,533224,537219,8,3995,2,36000,1.00200250313
533250,533259,537120,9,3861,2,36000,1.00233100233
533269,533275,537244,6,3969,2,36000,1.0015117158
533286,533291,537181,5,3890,2,36000,1.00128534704
533287,533297,537062,10,3765,2,36000,1.0026560425
533305,533315,537149,10,3834,2,36000,1.00260824204
533306,533320,537299,14,3979,2,36000,1.00351847198
533329,533338,537317,9,3979,2,36000,1.00226187484
533345,533351,537345,6,3994,2,36000,1.00150225338
533373,533382,537237,9,3855,2,36000,1.00233463035
533390,533396,537198,6,3802,2,36000,1.00157811678
533392,533402,537318,10,3916,2,36000,1.00255362615
533416,533423,537205,7,3782,2,36000,1.00185087255
533417,533429,537323,12,3894,2,36000,1.0030816641
533468,533477,537342,9,3865,2,36000,1.00232858991
533633,533639,537470,6,3831,2,36000,1.00156617071
533659,533666,537544,7,3878,2,36000,1.00180505415
533661,533672,537503,11,3831,2,36000,1.00287131297
533663,533677,537643,14,3966,2,36000,1.00353000504
533664,533682,537623,18,3941,2,36000,1.00456736869
533666,533688,537602,22,3914,2,36000,1.00562084824
533667,533694,537666,27,3972,2,36000,1.00679758308
533668,533699,537673,31,3974,2,36000,1.00780070458
533669,533704,537541,35,3837,2,36000,1.00912170967
533671,533709,537555,38,3846,2,36000,1.00988039522
533672,533714,537556,42,3842,2,36000,1.01093180635
533673,533720,537657,47,3937,2,36000,1.01193802388
533675,533725,537614,50,3889,2,36000,1.01285677552
533676,533730,537643,54,3913,2,36000,1.01380015334
533691,533736,537734,45,3998,2,36000,1.01125562781
533712,533741,537591,29,3850,2,36000,1.00753246753
533832,533838,537783,6,3945,2,36000,1.00152091255
533834,533844,537819,10,3975,2,36000,1.00251572327
533956,533965,537855,9,3890,2,36000,1.00231362468
533971,533978,537791,7,3813,2,36000,1.00183582481
534262,534269,538325,7,4056,2,36000,1.00172583826
536770,536779,540787,9,4008,2,36000,1.00224550898
536982,536990,540890,8,3900,2,36000,1.00205128205
537015,537026,540804,11,3778,2,36000,1.00291159344
537066,537073,540981,7,3908,2,36000,1.00179119754
537123,537132,540990,9,3858,2,36000,1.00233281493
537138,537147,541070,9,3923,2,36000,1.00229416263
537156,537161,541140,5,3979,2,36000,1.00125659713
537183,537192,541033,9,3841,2,36000,1.00234313981
537201,537209,541060,8,3851,2,36000,1.0020773825
537216,537222,541225,6,4003,2,36000,1.00149887584
537231,537237,541242,6,4005,2,36000,1.00149812734
537246,537252,541091,6,3839,2,36000,1.00156290701
537247,537258,541110,11,3852,2,36000,1.0028556594
537304,537310,541151,6,3841,2,36000,1.0015620932
537332,537357,541341,25,3984,2,36000,1.0062751004
537334,537362,541302,28,3940,2,36000,1.00710659898
537335,537368,541089,33,3721,2,36000,1.00886858371
537355,537374,541396,19,4022,2,36000,1.0047240179
537356,537379,541346,23,3967,2,36000,1.00579783211
537470,537481,541436,11,3955,2,36000,1.00278128951
537505,537514,541240,9,3726,2,36000,1.00241545894
537545,537552,541514,7,3962,2,36000,1.00176678445
537546,537558,541402,12,3844,2,36000,1.00312174818
537565,537571,541432,6,3861,2,36000,1.00155400155
537566,537577,541454,11,3877,2,36000,1.00283724529
537596,537603,541473,7,3870,2,36000,1.00180878553
537611,537618,541593,7,3975,2,36000,1.00176100629
537632,537638,541372,6,3734,2,36000,1.00160685592
537633,537644,541474,11,3830,2,36000,1.00287206266
537649,537655,541522,6,3867,2,36000,1.00155159038
537650,537661,541622,11,3961,2,36000,1.0027770765
537667,537673,541541,6,3868,2,36000,1.00155118925
537668,537679,541616,11,3937,2,36000,1.00279400559
537683,537690,541626,7,3936,2,36000,1.00177845528
537739,537745,541670,6,3925,2,36000,1.00152866242
537786,537794,541729,8,3935,2,36000,1.00203303685
537801,537807,541705,6,3898,2,36000,1.0015392509
537822,537830,541712,8,3882,2,36000,1.00206079341
537859,537867,541730,8,3863,2,36000,1.00207092933
538331,538336,542199,5,3863,2,36000,1.00129433083
540790,540798,544572,8,3774,2,36000,1.00211976683
540805,540815,544719,10,3904,2,36000,1.00256147541
540895,540900,544533,5,3633,2,36000,1.00137627305
540984,540993,544951,9,3958,2,36000,1.00227387569
541000,541006,544941,6,3935,2,36000,1.00152477764
541034,541044,544890,10,3846,2,36000,1.002600104
541063,541071,545059,8,3988,2,36000,1.00200601805
541080,541086,544879,6,3793,2,36000,1.00158186132
541096,541102,544746,6,3644,2,36000,1.00164654226
541097,541108,544970,11,3862,2,36000,1.00284826515
541112,541122,544642,10,3520,2,36000,1.00284090909
541145,541151,545007,6,3856,2,36000,1.0015560166
541161,541167,545112,6,3945,2,36000,1.00152091255
541228,541237,544993,9,3756,2,36000,1.00239616613
541246,541252,545211,6,3959,2,36000,1.00151553423
541248,541258,545040,10,3782,2,36000,1.00264410365
541303,541313,545227,10,3914,2,36000,1.00255493102
541347,541353,545267,6,3914,2,36000,1.00153295861
541348,541359,545402,11,4043,2,36000,1.00272075192
541377,541384,545438,7,4054,2,36000,1.00172668969
541399,541407,545366,8,3959,2,36000,1.0020207123
541414,541420,545431,6,4011,2,36000,1.00149588631
541438,541444,545339,6,3895,2,36000,1.00154043646
541439,541450,545336,11,3886,2,36000,1.00283067422
541457,541466,545433,9,3967,2,36000,1.00226871691
541476,541484,545552,8,4068,2,36000,1.00196656834
541477,541490,545540,13,4050,2,36000,1.00320987654
541515,541525,545060,10,3535,2,36000,1.00282885431
541530,541536,545413,6,3877,2,36000,1.00154758834
541545,541553,545509,8,3956,2,36000,1.00202224469
541597,541605,545522,8,3917,2,36000,1.00204237937
541618,541628,545603,10,3975,2,36000,1.00251572327
541635,541641,545494,6,3853,2,36000,1.00155722813
541636,541647,545540,11,3893,2,36000,1.00282558438
541674,541681,545587,7,3906,2,36000,1.0017921147
541708,541717,545488,9,3771,2,36000,1.00238663484
541724,541730,545722,6,3992,2,36000,1.00150300601
541740,541746,545712,6,3966,2,36000,1.0015128593
541741,541752,545696,11,3944,2,36000,1.00278904665
542202,542210,546238,8,4028,2,36000,1.00198609732
544535,544545,548474,10,3929,2,36000,1.00254517689
544576,544583,548523,7,3940,2,36000,1.00177664975
544643,544653,548540,10,3887,2,36000,1.00257267816
544721,544730,548517,9,3787,2,36000,1.00237655136
544750,544757,548751,7,3994,2,36000,1.00175262894
544882,544890,548841,8,3951,2,36000,1.00202480385
544897,544903,548841,6,3938,2,36000,1.00152361605
544946,544952,548911,6,3959,2,36000,1.00151553423
544961,544968,548875,7,3907,2,36000,1.001791656
544977,544983,548810,6,3827,2,36000,1.00156780768
544995,545006,548798,11,3792,2,36000,1.00290084388
545010,545018,548996,8,3978,2,36000,1.00201106083
545043,545051,549002,8,3951,2,36000,1.00202480385
545062,545071,549060,9,3989,2,36000,1.00225620456
545063,545122,548922,59,3800,2,36000,1.01552631579
545116,545128,549140,12,4012,2,36000,1.00299102692
545214,545222,549070,8,3848,2,36000,1.00207900208
545229,545239,549214,10,3975,2,36000,1.00251572327
545271,545278,549085,7,3807,2,36000,1.00183871815
545339,545347,549296,8,3949,2,36000,1.00202582932
545340,545353,549133,13,3780,2,36000,1.00343915344
545372,545378,549365,6,3987,2,36000,1.0015048909
545406,545413,549362,7,3949,2,36000,1.00177260066
545422,545428,548999,6,3571,2,36000,1.00168020162
545440,545446,549439,6,3993,2,36000,1.0015026296
545441,545452,549473,11,4021,2,36000,1.0027356379
545442,545457,549361,15,3904,2,36000,1.00384221311
545492,545500,549430,8,3930,2,36000,1.00203562341
545508,545515,549567,7,4052,2,36000,1.00172754195
545531,545538,549431,7,3893,2,36000,1.00179809915
545533,545544,549516,11,3972,2,36000,1.0027693857
545552,545558,549357,6,3799,2,36000,1.00157936299
545553,545564,549451,11,3887,2,36000,1.00282994597
545569,545575,549527,6,3952,2,36000,1.00151821862
545590,545598,549458,8,3860,2,36000,1.00207253886
545606,545614,549662,8,4048,2,36000,1.00197628458
545700,545707,549634,7,3927,2,36000,1.00178253119
545717,545724,549635,7,3911,2,36000,1.00178982357
545732,545738,549745,6,4007,2,36000,1.00149737959
546241,546249,550104,8,3855,2,36000,1.00207522698
548477,548486,552455,9,3969,2,36000,1.0022675737
548517,548528,552522,11,3994,2,36000,1.0027541312
548532,548539,552409,7,3870,2,36000,1.00180878553
548548,548554,552310,6,3756,2,36000,1.00159744409
548756,548762,552479,6,3717,2,36000,1.001614205
548802,548810,552630,8,3820,2,36000,1.00209424084
548817,548823,552643,6,3820,2,36000,1.00157068063
548844,548852,552800,8,3948,2,36000,1.00202634245
548845,548857,552800,12,3943,2,36000,1.00304336799
548876,548886,552858,10,3972,2,36000,1.00251762336
548915,548923,552781,8,3858,2,36000,1.00207361327
548931,548937,552923,6,3986,2,36000,1.00150526844
549003,549010,552854,7,3844,2,36000,1.00182101977
549005,549016,552951,11,3935,2,36000,1.00279542567
549006,549021,552801,15,3780,2,36000,1.00396825397
549064,549071,552991,7,3920,2,36000,1.00178571429
549080,549086,552981,6,3895,2,36000,1.00154043646
549095,549101,553042,6,3941,2,36000,1.00152245623
549136,549144,553135,8,3991,2,36000,1.00200451015
549153,549159,553175,6,4016,2,36000,1.0014940239
549217,549226,553081,9,3855,2,36000,1.00233463035
549299,549307,553006,8,3699,2,36000,1.00216274669
549359,549368,553305,9,3937,2,36000,1.00228600457
549375,549381,553294,6,3913,2,36000,1.00153335037
549376,549387,553336,11,3949,2,36000,1.00278551532
549377,549392,553238,15,3846,2,36000,1.00390015601
549435,549441,553284,6,3843,2,36000,1.00156128025
549437,549447,553439,10,3992,2,36000,1.00250501002
549454,549460,553193,6,3733,2,36000,1.00160728636
549456,549466,553456,10,3990,2,36000,1.00250626566
549472,549479,553191,7,3712,2,36000,1.00188577586
549487,549494,553480,7,3986,2,36000,1.00175614651
549520,549527,553367,7,3840,2,36000,1.00182291667
549536,549542,553594,6,4052,2,36000,1.00148075025
549572,549578,553602,6,4024,2,36000,1.00149105368
549638,549645,553419,7,3774,2,36000,1.00185479597
549639,549651,553647,12,3996,2,36000,1.003003003
549667,549674,553693,7,4019,2,36000,1.0017417268
549745,549756,553821,11,4065,2,36000,1.00270602706
550106,550116,553992,10,3876,2,36000,1.00257997936
551219,554753,555648,3534,895,16,2340,4.94860335196
551353,551959,623972,606,72013,1,72000,1.00841514727
551364,554758,626767,3394,72009,1,72000,1.04713299726
551371,554764,626791,3393,72027,1,72000,1.04710733475
551376,554769,626787,3393,72018,1,72000,1.04711322169
551382,554775,626787,3393,72012,1,72000,1.04711714714
551387,554780,626792,3393,72012,1,72000,1.04711714714
551392,554785,626790,3393,72005,1,72000,1.04712172766
551398,554791,626837,3393,72046,1,72000,1.04709491158
552316,552321,556267,5,3946,2,36000,1.00126710593
552413,552421,556389,8,3968,2,36000,1.00201612903
552465,552471,556441,6,3970,2,36000,1.00151133501
552484,552490,556411,6,3921,2,36000,1.00153022188
552529,552535,556436,6,3901,2,36000,1.00153806716
552635,552640,556638,5,3998,2,36000,1.00125062531
552651,552658,556353,7,3695,2,36000,1.00189445196
552783,552792,556769,9,3977,2,36000,1.00226301232
552807,552813,556757,6,3944,2,36000,1.00152129817
552808,552819,556702,11,3883,2,36000,1.00283286119
552810,552824,556623,14,3799,2,36000,1.00368518031
552859,552865,556835,6,3970,2,36000,1.00151133501
552860,552871,556570,11,3699,2,36000,1.0029737767
552879,555659,556547,2780,888,16,2340,4.13063063063
552891,556558,557447,3667,889,16,2340,5.12485939258
552927,552934,556942,7,4008,2,36000,1.00174650699
552956,552962,556989,6,4027,2,36000,1.00148994289
552988,552993,556912,5,3919,2,36000,1.00127583567
553004,553010,557018,6,4008,2,36000,1.00149700599
553020,553026,556875,6,3849,2,36000,1.00155884645
553047,553053,556718,6,3665,2,36000,1.00163710778
553103,553110,557027,7,3917,2,36000,1.00178708195
553139,553146,557162,7,4016,2,36000,1.00174302789
553177,553186,557118,9,3932,2,36000,1.0022889115
553195,553204,557196,9,3992,2,36000,1.00225450902
553196,553209,557102,13,3893,2,36000,1.003339327
553244,553250,557156,6,3906,2,36000,1.00153609831
553287,553295,557081,8,3786,2,36000,1.00211304807
553304,553310,557157,6,3847,2,36000,1.00155965688
553306,553316,557314,10,3998,2,36000,1.00250125063
553341,553347,557232,6,3885,2,36000,1.00154440154
553371,553378,557228,7,3850,2,36000,1.00181818182
553422,553430,557330,8,3900,2,36000,1.00205128205
553444,553450,557389,6,3939,2,36000,1.00152322925
553460,553467,557465,7,3998,2,36000,1.00175087544
553485,553491,557494,6,4003,2,36000,1.00149887584
553599,553605,557393,6,3788,2,36000,1.00158394931
553616,553622,557587,6,3965,2,36000,1.00151324086
553653,553659,557658,6,3999,2,36000,1.00150037509
553698,553705,557564,7,3859,2,36000,1.00181394144
553827,553832,557791,5,3959,2,36000,1.00126294519
554001,554007,557934,6,3927,2,36000,1.00152788388
556270,556278,560045,8,3767,2,36000,1.00212370587
556359,556365,560218,6,3853,2,36000,1.00155722813
556392,556400,560269,8,3869,2,36000,1.00206771776
556431,556437,560266,6,3829,2,36000,1.00156698877
556446,556452,560186,6,3734,2,36000,1.00160685592
556448,556458,560435,10,3977,2,36000,1.00251445813
556577,556583,560546,6,3963,2,36000,1.00151400454
556630,556636,560432,6,3796,2,36000,1.00158061117
556645,556652,560616,7,3964,2,36000,1.00176589304
556705,556714,560784,9,4070,2,36000,1.00221130221
556723,556729,560513,6,3784,2,36000,1.00158562368
556760,556768,560778,8,4010,2,36000,1.00199501247
556775,556781,560703,6,3922,2,36000,1.00152983172
556839,556847,560724,8,3877,2,36000,1.00206345112
556878,556886,560868,8,3982,2,36000,1.00200904068
556915,556923,560739,8,3816,2,36000,1.00209643606
556945,556953,561002,8,4049,2,36000,1.00197579649
556991,557000,560626,9,3626,2,36000,1.00248207391
557023,557029,560931,6,3902,2,36000,1.00153767299
557038,557045,561049,7,4004,2,36000,1.00174825175
557082,557092,561125,10,4033,2,36000,1.00247954376
557106,557113,561083,7,3970,2,36000,1.00176322418
557121,557129,560933,8,3804,2,36000,1.00210304942
557164,557171,561048,7,3877,2,36000,1.00180551973
557166,557177,561177,11,4000,2,36000,1.00275
557167,557182,560958,15,3776,2,36000,1.00397245763
557201,557207,561242,6,4035,2,36000,1.00148698885
557229,557239,561057,10,3818,2,36000,1.00261917234
557244,557250,561013,6,3763,2,36000,1.0015944725
557318,557325,561300,7,3975,2,36000,1.00176100629
557333,557341,561257,8,3916,2,36000,1.00204290092
557394,557400,561399,6,3999,2,36000,1.00150037509
557395,557406,561305,11,3899,2,36000,1.00282123621
557468,557476,561393,8,3917,2,36000,1.00204237937
557496,557505,561346,9,3841,2,36000,1.00234313981
557569,557575,561512,6,3937,2,36000,1.00152400305
557590,557599,561514,9,3915,2,36000,1.00229885057
557661,557670,561689,9,4019,2,36000,1.00223936303
557795,557802,561709,7,3907,2,36000,1.001791656
557938,557945,561680,7,3735,2,36000,1.00187416332
557944,557951,558861,7,910,16,2340,1.00769230769
559483,559489,560389,6,900,16,2340,1.00666666667
560048,560057,564022,9,3965,2,36000,1.00226986129
560190,560197,564075,7,3878,2,36000,1.00180505415
560221,560229,564138,8,3909,2,36000,1.00204655922
560270,560277,564126,7,3849,2,36000,1.0018186542
560272,560283,564088,11,3805,2,36000,1.00289093298
560436,560446,564066,10,3620,2,36000,1.00276243094
560437,560451,564481,14,4030,2,36000,1.00347394541
560515,560524,564498,9,3974,2,36000,1.00226472068
560550,560558,564407,8,3849,2,36000,1.00207846194
560621,560628,564613,7,3985,2,36000,1.0017565872
560637,560643,564455,6,3812,2,36000,1.00157397692
560704,560714,564726,10,4012,2,36000,1.00249252243
560727,560735,564724,8,3989,2,36000,1.00200551517
560743,560749,564828,6,4079,2,36000,1.00147094876
560783,560788,564749,5,3961,2,36000,1.0012623075
560798,560804,564542,6,3738,2,36000,1.00160513644
560872,560880,564768,8,3888,2,36000,1.00205761317
560939,560945,564812,6,3867,2,36000,1.00155159038
560940,560951,564767,11,3816,2,36000,1.00288259958
560964,560970,564873,6,3903,2,36000,1.00153727902
561006,561015,564825,9,3810,2,36000,1.00236220472
561022,561028,564929,6,3901,2,36000,1.00153806716
561054,561060,564982,6,3922,2,36000,1.00152983172
561055,561066,564885,11,3819,2,36000,1.00288033517
561071,561077,564956,6,3879,2,36000,1.00154679041
561094,561100,565030,6,3930,2,36000,1.00152671756
561130,561136,564912,6,3776,2,36000,1.00158898305
561181,561189,565117,8,3928,2,36000,1.00203665988
561249,561255,565204,6,3949,2,36000,1.00151937199
561265,561271,565246,6,3975,2,36000,1.00150943396
561303,561312,565327,9,4015,2,36000,1.00224159402
561319,561325,565227,6,3902,2,36000,1.00153767299
561352,561358,565161,6,3803,2,36000,1.00157770181
561397,561404,565342,7,3938,2,36000,1.00177755206
561412,561418,565222,6,3804,2,36000,1.00157728707
561515,561523,565487,8,3964,2,36000,1.00201816347
561516,561529,565547,13,4018,2,36000,1.00323544052
561688,561694,565603,6,3909,2,36000,1.00153491942
561705,561711,565619,6,3908,2,36000,1.00153531218
561720,561726,565693,6,3967,2,36000,1.00151247794
564025,564033,567853,8,3820,2,36000,1.00209424084
564069,564077,567938,8,3861,2,36000,1.00207200207
564085,564091,568054,6,3963,2,36000,1.00151400454
564100,564106,568131,6,4025,2,36000,1.00149068323
564129,564138,568107,9,3969,2,36000,1.0022675737
564145,564151,568066,6,3915,2,36000,1.00153256705
564193,564199,708230,6,144031,1,144000,1.0000416577
564323,564329,708357,6,144028,1,144000,1.00004165857
564331,564337,708378,6,144041,1,144000,1.00004165481
564336,564343,708353,7,144010,1,144000,1.00004860774
564341,564349,708359,8,144010,1,144000,1.0000555517
564348,564355,708359,7,144004,1,144000,1.00004860976
564352,564361,708407,9,144046,1,144000,1.00006248004
564356,564367,708402,11,144035,1,144000,1.00007637033
564360,564372,708417,12,144045,1,144000,1.0000833073
564408,564418,568507,10,4089,2,36000,1.00244558572
564457,564466,568356,9,3890,2,36000,1.00231362468
564485,564492,568398,7,3906,2,36000,1.0017921147
564501,564509,568449,8,3940,2,36000,1.00203045685
564545,564553,568599,8,4046,2,36000,1.00197726149
564615,564624,568431,9,3807,2,36000,1.00236406619
564725,564735,568758,10,4023,2,36000,1.00248570718
564740,564746,568777,6,4031,2,36000,1.0014884644
564756,564762,568729,6,3967,2,36000,1.00151247794
564771,564778,568706,7,3928,2,36000,1.00178207739
564773,564784,568665,11,3881,2,36000,1.00283432105
564814,564823,568656,9,3833,2,36000,1.00234803026
564830,564836,568623,6,3787,2,36000,1.00158436757
564832,564842,568657,10,3815,2,36000,1.00262123198
564875,564884,568877,9,3993,2,36000,1.0022539444
564891,564896,568786,5,3890,2,36000,1.00128534704
564916,564922,568944,6,4022,2,36000,1.00149179513
564932,564941,568912,9,3971,2,36000,1.00226643163
564959,564967,568930,8,3963,2,36000,1.00201867272
564985,564993,568990,8,3997,2,36000,1.00200150113
565032,565041,568951,9,3910,2,36000,1.00230179028
565118,565128,569016,10,3888,2,36000,1.00257201646
565165,565172,568943,7,3771,2,36000,1.00185627155
565205,565215,569099,10,3884,2,36000,1.00257466529
565223,565233,569130,10,3897,2,36000,1.00256607647
565238,565244,569282,6,4038,2,36000,1.0014858841
565253,565259,569162,6,3903,2,36000,1.00153727902
565329,565338,569219,9,3881,2,36000,1.00231898995
565345,565353,569237,8,3884,2,36000,1.00205973223
565488,565499,569314,11,3815,2,36000,1.00288335518
565548,565558,569358,10,3800,2,36000,1.00263157895
565607,565614,569648,7,4034,2,36000,1.00173525037
565624,565630,569571,6,3941,2,36000,1.00152245623
565696,565704,569380,8,3676,2,36000,1.00217627856
567858,567864,571762,6,3898,2,36000,1.0015392509
567942,567949,571931,7,3982,2,36000,1.0017579106
568058,568065,572032,7,3967,2,36000,1.0017645576
568073,568079,571933,6,3854,2,36000,1.00155682408
568110,568118,572057,8,3939,2,36000,1.00203097233
568135,568143,571997,8,3854,2,36000,1.00207576544
568359,568367,572239,8,3872,2,36000,1.0020661157
568399,568410,572255,11,3845,2,36000,1.00286085826
568433,568442,572356,9,3914,2,36000,1.00229943792
568451,568460,572258,9,3798,2,36000,1.00236966825
568509,568519,572541,10,4022,2,36000,1.00248632521
568600,568610,572510,10,3900,2,36000,1.00256410256
568624,568635,572530,11,3895,2,36000,1.0028241335
568659,568668,572490,9,3822,2,36000,1.00235478807
568660,568674,572626,14,3952,2,36000,1.00354251012
568676,568682,572493,6,3811,2,36000,1.00157438992
568708,568717,572684,9,3967,2,36000,1.00226871691
568732,568740,572631,8,3891,2,36000,1.00205602673
568759,568769,572617,10,3848,2,36000,1.0025987526
568777,568788,572671,11,3883,2,36000,1.00283286119
568793,568799,572603,6,3804,2,36000,1.00157728707
568877,568888,572736,11,3848,2,36000,1.00285862786
568915,568923,572808,8,3885,2,36000,1.00205920206
568932,568941,572965,9,4024,2,36000,1.00223658052
568947,568954,572771,7,3817,2,36000,1.00183390097
568949,568960,572888,11,3928,2,36000,1.00280040733
568964,568970,572781,6,3811,2,36000,1.00157438992
568992,569001,572898,9,3897,2,36000,1.00230946882
569017,569027,572804,10,3777,2,36000,1.00264760392
569102,569110,572944,8,3834,2,36000,1.00208659364
569133,569141,573096,8,3955,2,36000,1.00202275601
569164,569173,573187,9,4014,2,36000,1.00224215247
569223,569231,573147,8,3916,2,36000,1.00204290092
569241,569249,572969,8,3720,2,36000,1.00215053763
569285,569293,573242,8,3949,2,36000,1.00202582932
569317,569325,573255,8,3930,2,36000,1.00203562341
569359,569369,573319,10,3950,2,36000,1.00253164557
569384,569392,573358,8,3966,2,36000,1.00201714574
569576,569582,573553,6,3971,2,36000,1.00151095442
569651,569660,573589,9,3929,2,36000,1.0022906592
571763,571773,575673,10,3900,2,36000,1.00256410256
571939,571945,575900,6,3955,2,36000,1.001517067
571941,571951,575930,10,3979,2,36000,1.00251319427
572001,572009,575850,8,3841,2,36000,1.00208279094
572039,572045,575963,6,3918,2,36000,1.00153139357
572061,572068,576132,7,4064,2,36000,1.00172244094
572243,572249,576142,6,3893,2,36000,1.00154122784
572264,572270,576110,6,3840,2,36000,1.0015625
572265,572276,576235,11,3959,2,36000,1.00277847941
572358,572367,576297,9,3930,2,36000,1.00229007634
572494,572504,576474,10,3970,2,36000,1.00251889169
572495,572509,576356,14,3847,2,36000,1.00363919938
572514,572521,576523,7,4002,2,36000,1.00174912544
572533,572541,576591,8,4050,2,36000,1.00197530864
572549,572555,576547,6,3992,2,36000,1.00150300601
572606,572614,576355,8,3741,2,36000,1.00213846565
572623,572629,576522,6,3893,2,36000,1.00154122784
572640,572646,576671,6,4025,2,36000,1.00149068323
572641,572652,576563,11,3911,2,36000,1.0028125799
572674,572682,576674,8,3992,2,36000,1.00200400802
572689,572695,576356,6,3661,2,36000,1.00163889648
572740,572747,576617,7,3870,2,36000,1.00180878553
572774,572782,576732,8,3950,2,36000,1.00202531646
572789,572796,576530,7,3734,2,36000,1.00187466524
572808,572815,576670,7,3855,2,36000,1.00181582361
572824,572830,576671,6,3841,2,36000,1.0015620932
572891,572899,576766,8,3867,2,36000,1.00206878717
572906,572912,576843,6,3931,2,36000,1.00152632918
572949,572955,576903,6,3948,2,36000,1.00151975684
572970,572980,576687,10,3707,2,36000,1.00269759914
572971,572985,576964,14,3979,2,36000,1.00351847198
573100,573107,577118,7,4011,2,36000,1.0017452007
573151,573158,577135,7,3977,2,36000,1.00176012069
573189,573198,577083,9,3885,2,36000,1.00231660232
573248,573254,577165,6,3911,2,36000,1.00153413449
573263,573269,577290,6,4021,2,36000,1.00149216613
573323,573331,577294,8,3963,2,36000,1.00201867272
573361,573370,577318,9,3948,2,36000,1.00227963526
573554,573565,577494,11,3929,2,36000,1.00279969458
573592,573600,577578,8,3978,2,36000,1.00201106083
575675,575685,579476,10,3791,2,36000,1.00263782643
575853,575861,579944,8,4083,2,36000,1.00195934362
575903,575911,579840,8,3929,2,36000,1.00203614151
575936,575941,579900,5,3959,2,36000,1.00126294519
575967,575975,579794,8,3819,2,36000,1.00209478921
576113,576121,579906,8,3785,2,36000,1.00211360634
576137,576144,580006,7,3862,2,36000,1.00181253237
576153,576159,579871,6,3712,2,36000,1.00161637931
576237,576247,580173,10,3926,2,36000,1.00254712175
576299,576309,580190,10,3881,2,36000,1.0025766555
576360,576366,580195,6,3829,2,36000,1.00156698877
576362,576373,580268,11,3895,2,36000,1.0028241335
576363,576378,580447,15,4069,2,36000,1.00368640944
576476,576485,580474,9,3989,2,36000,1.00225620456
576524,576534,580429,10,3895,2,36000,1.00256739409
576525,576539,580455,14,3916,2,36000,1.00357507661
576541,576547,580437,6,3890,2,36000,1.00154241645
576557,576563,580509,6,3946,2,36000,1.00152052712
576573,576579,580667,6,4088,2,36000,1.00146771037
576595,576603,580516,8,3913,2,36000,1.00204446716
576620,576628,580463,8,3835,2,36000,1.00208604954
576678,576684,580668,6,3984,2,36000,1.0015060241
576679,576690,580620,11,3930,2,36000,1.00279898219
576680,576695,580749,15,4054,2,36000,1.00370004933
576682,576700,580770,18,4070,2,36000,1.00442260442
576699,576706,580690,7,3984,2,36000,1.00175702811
576734,576743,580802,9,4059,2,36000,1.0022172949
576772,576778,580672,6,3894,2,36000,1.00154083205
576850,576856,580870,6,4014,2,36000,1.00149476831
576906,576914,580881,8,3967,2,36000,1.00201663726
576965,576975,580932,10,3957,2,36000,1.00252716705
577089,577094,580964,5,3870,2,36000,1.00129198966
577121,577129,581102,8,3973,2,36000,1.00201359174
577139,577147,581106,8,3959,2,36000,1.0020207123
577168,577177,581118,9,3941,2,36000,1.00228368434
577292,577301,581280,9,3979,2,36000,1.00226187484
577307,577313,581206,6,3893,2,36000,1.00154122784
577322,577329,581242,7,3913,2,36000,1.00178890877
577504,577510,581379,6,3869,2,36000,1.00155078832
577580,577589,581575,9,3986,2,36000,1.00225790266
579477,579488,583462,11,3974,2,36000,1.00276799195
579796,579806,583789,10,3983,2,36000,1.00251067035
579844,579851,583888,7,4037,2,36000,1.00173396086
579875,579882,583799,7,3917,2,36000,1.00178708195
579908,579914,583827,6,3913,2,36000,1.00153335037
579909,579920,583955,11,4035,2,36000,1.00272614622
579949,579955,583976,6,4021,2,36000,1.00149216613
580017,580023,583733,6,3710,2,36000,1.00161725067
580174,580184,584226,10,4042,2,36000,1.00247402276
580195,580201,584015,6,3814,2,36000,1.00157315155
580196,580207,584307,11,4100,2,36000,1.00268292683
580270,580279,584230,9,3951,2,36000,1.00227790433
580433,580440,584338,7,3898,2,36000,1.00179579271
580453,580458,584402,5,3944,2,36000,1.00126774848
580454,580464,584466,10,4002,2,36000,1.00249875062
580471,580477,584372,6,3895,2,36000,1.00154043646
580472,580483,584347,11,3864,2,36000,1.00284679089
580488,580494,584337,6,3843,2,36000,1.00156128025
580514,580520,584392,6,3872,2,36000,1.00154958678
580531,580537,584442,6,3905,2,36000,1.00153649168
580625,580631,584565,6,3934,2,36000,1.00152516523
580674,580680,584598,6,3918,2,36000,1.00153139357
580675,580686,584566,11,3880,2,36000,1.00283505155
580677,580691,584636,14,3945,2,36000,1.00354879594
580695,580701,584685,6,3984,2,36000,1.0015060241
580752,580760,584699,8,3939,2,36000,1.00203097233
580775,580781,584624,6,3843,2,36000,1.00156128025
580804,580813,584733,9,3920,2,36000,1.00229591837
580884,580890,584803,6,3913,2,36000,1.00153335037
580885,580896,584770,11,3874,2,36000,1.00283944244
580938,580944,584925,6,3981,2,36000,1.00150715901
580970,580976,584599,6,3623,2,36000,1.00165608612
581107,581113,585099,6,3986,2,36000,1.00150526844
581108,581119,585042,11,3923,2,36000,1.00280397655
581126,581133,585041,7,3908,2,36000,1.00179119754
581208,581217,584983,9,3766,2,36000,1.00238980351
581245,581254,585248,9,3994,2,36000,1.00225338007
581283,581291,585223,8,3932,2,36000,1.002034588
581382,581390,585289,8,3899,2,36000,1.00205180816
581580,581585,585516,5,3931,2,36000,1.00127194098
583465,583473,587466,8,3993,2,36000,1.00200350614
583735,583744,587769,9,4025,2,36000,1.00223602484
583790,583800,587692,10,3892,2,36000,1.00256937307
583806,583812,587649,6,3837,2,36000,1.00156372166
583827,583838,587761,11,3923,2,36000,1.00280397655
583891,583899,587720,8,3821,2,36000,1.00209369275
583958,583966,587819,8,3853,2,36000,1.00207630418
583979,583987,587984,8,3997,2,36000,1.00200150113
584015,584026,587866,11,3840,2,36000,1.00286458333
584093,584100,620040,7,35940,1,54000,1.00019476906
584229,584237,588092,8,3855,2,36000,1.00207522698
584243,584250,588173,7,3923,2,36000,1.00178434871
584311,584318,588102,7,3784,2,36000,1.00184989429
584338,584348,588346,10,3998,2,36000,1.00250125063
584339,584355,588253,16,3898,2,36000,1.00410466906
584354,584361,587971,7,3610,2,36000,1.00193905817
584375,584384,588204,9,3820,2,36000,1.00235602094
584393,584403,588205,10,3802,2,36000,1.00263019463
584408,584415,588359,7,3944,2,36000,1.00177484787
584445,584453,588375,8,3922,2,36000,1.00203977562
584470,584478,588534,8,4056,2,36000,1.00197238659
584569,584576,588233,7,3657,2,36000,1.00191413727
584570,584582,588641,12,4059,2,36000,1.0029563932
584602,584610,588465,8,3855,2,36000,1.00207522698
584603,584615,588500,12,3885,2,36000,1.00308880309
584624,584635,588601,11,3966,2,36000,1.00277357539
584639,584647,588614,8,3967,2,36000,1.00201663726
584688,584696,588497,8,3801,2,36000,1.00210470929
584705,584710,588653,5,3943,2,36000,1.00126807
584735,584744,588537,9,3793,2,36000,1.00237279199
584771,584781,588576,10,3795,2,36000,1.00263504611
584805,584814,588810,9,3996,2,36000,1.00225225225
584926,584937,588865,11,3928,2,36000,1.00280040733
584984,584994,588790,10,3796,2,36000,1.00263435195
585043,585052,589027,9,3975,2,36000,1.00226415094
585044,585058,589046,14,3988,2,36000,1.00351053159
585102,585111,589048,9,3937,2,36000,1.00228600457
585224,585234,589191,10,3957,2,36000,1.00252716705
585248,585259,589222,11,3963,2,36000,1.00277567499
585292,585301,589246,9,3945,2,36000,1.00228136882
585517,585528,589380,11,3852,2,36000,1.0028556594
587469,587478,591527,9,4049,2,36000,1.00222277105
587651,587660,591622,9,3962,2,36000,1.00227158001
587694,587703,591631,9,3928,2,36000,1.00229124236
587724,587732,591670,8,3938,2,36000,1.00203148807
587764,587772,591680,8,3908,2,36000,1.00204708291
587779,587785,591677,6,3892,2,36000,1.00154162384
587824,587830,591766,6,3936,2,36000,1.00152439024
587867,587877,591739,10,3862,2,36000,1.00258933195
587973,587982,591771,9,3789,2,36000,1.00237529691
587988,587995,591905,7,3910,2,36000,1.00179028133
588094,588104,592137,10,4033,2,36000,1.00247954376
588108,588115,591997,7,3882,2,36000,1.00180319423
588175,588184,592094,9,3910,2,36000,1.00230179028
588184,588190,590713,6,2523,1,7200,1.00237812128
588206,588215,592252,9,4037,2,36000,1.00222937825
588208,588221,592181,13,3960,2,36000,1.00328282828
588236,588244,591959,8,3715,2,36000,1.00215343203
588254,588265,592174,11,3909,2,36000,1.00281401893
588348,588357,592336,9,3979,2,36000,1.00226187484
588363,588370,592263,7,3893,2,36000,1.00179809915
588378,588387,592145,9,3758,2,36000,1.0023948909
588466,588476,592492,10,4016,2,36000,1.00249003984
588500,588508,592368,8,3860,2,36000,1.00207253886
588515,588521,592303,6,3782,2,36000,1.00158646219
588537,588545,592357,8,3812,2,36000,1.00209863589
588552,588558,592524,6,3966,2,36000,1.0015128593
588577,588587,592568,10,3981,2,36000,1.00251193168
588604,588612,592498,8,3886,2,36000,1.00205867216
588619,588625,592514,6,3889,2,36000,1.00154281306
588644,588652,592571,8,3919,2,36000,1.00204133708
588659,588665,592476,6,3811,2,36000,1.00157438992
588795,588800,592659,5,3859,2,36000,1.00129567245
588820,588826,592822,6,3996,2,36000,1.0015015015
588867,588876,592725,9,3849,2,36000,1.00233826968
589030,589039,593027,9,3988,2,36000,1.00225677031
589052,589058,593034,6,3976,2,36000,1.00150905433
589053,589064,593059,11,3995,2,36000,1.0027534418
589194,589203,593129,9,3926,2,36000,1.00229240958
589226,589233,593222,7,3989,2,36000,1.00175482577
589248,589258,593204,10,3946,2,36000,1.00253421186
589381,589391,593368,10,3977,2,36000,1.00251445813
590847,590853,593580,6,2727,1,7200,1.00220022002
591531,591538,595502,7,3964,2,36000,1.00176589304
591625,591633,595384,8,3751,2,36000,1.0021327646
591641,591647,595508,6,3861,2,36000,1.00155400155
591672,591682,595561,10,3879,2,36000,1.00257798402
591688,591694,595640,6,3946,2,36000,1.00152052712
591690,591700,595692,10,3992,2,36000,1.00250501002
591742,591750,595579,8,3829,2,36000,1.00208931836
591769,591777,595693,8,3916,2,36000,1.00204290092
591784,591790,595777,6,3987,2,36000,1.0015048909
591911,591917,595968,6,4051,2,36000,1.00148111577
591961,591970,595750,9,3780,2,36000,1.00238095238
591998,592008,596025,10,4017,2,36000,1.00248941997
592095,592105,595773,10,3668,2,36000,1.00272628135
592141,592148,596150,7,4002,2,36000,1.00174912544
592156,592162,596132,6,3970,2,36000,1.00151133501
592179,592185,595994,6,3809,2,36000,1.00157521659
592194,592200,596144,6,3944,2,36000,1.00152129817
592253,592263,596196,10,3933,2,36000,1.00254258835
592268,592274,596331,6,4057,2,36000,1.00147892531
592305,592314,596201,9,3887,2,36000,1.00231541034
592339,592347,596224,8,3877,2,36000,1.00206345112
592360,592368,596322,8,3954,2,36000,1.00202326758
592375,592382,596428,7,4046,2,36000,1.00173010381
592478,592488,596422,10,3934,2,36000,1.00254194204
592493,592503,596550,10,4047,2,36000,1.00247096615
592508,592514,596475,6,3961,2,36000,1.001514769
592523,592529,596351,6,3822,2,36000,1.00156985871
592539,592545,596095,6,3550,2,36000,1.00169014085
592570,592580,596587,10,4007,2,36000,1.00249563264
592585,592591,596619,6,4028,2,36000,1.00148957299
592663,592670,596638,7,3968,2,36000,1.0017641129
592730,592736,596777,6,4041,2,36000,1.00148478099
592826,592834,596823,8,3989,2,36000,1.00200551517
593030,593039,597026,9,3987,2,36000,1.00225733634
593046,593052,597044,6,3992,2,36000,1.00150300601
593063,593071,596759,8,3688,2,36000,1.0021691974
593132,593140,597052,8,3912,2,36000,1.00204498978
593208,593216,596932,8,3716,2,36000,1.00215285253
593224,593233,597161,9,3928,2,36000,1.00229124236
593370,593379,597170,9,3791,2,36000,1.00237404379
593509,593515,621761,6,28246,16,43200,1.00021241946
593888,593895,597956,7,4061,1,7200,1.00172371337
595386,595395,599233,9,3838,2,36000,1.00234497134
595506,595512,599392,6,3880,2,36000,1.00154639175
595521,595527,599321,6,3794,2,36000,1.00158144439
595563,595573,599414,10,3841,2,36000,1.00260348867
595582,595591,599414,9,3823,2,36000,1.00235417212
595643,595652,599642,9,3990,2,36000,1.0022556391
595696,595703,599681,7,3978,2,36000,1.00175967823
595697,595709,599380,12,3671,2,36000,1.00326886407
595753,595762,599781,9,4019,2,36000,1.00223936303
595774,595784,599709,10,3925,2,36000,1.0025477707
595789,595795,599844,6,4049,2,36000,1.00148184737
595970,595979,599871,9,3892,2,36000,1.00231243577
595998,596006,600020,8,4014,2,36000,1.00199302441
596029,596037,599885,8,3848,2,36000,1.00207900208
596098,596106,599997,8,3891,2,36000,1.00205602673
596138,596144,600101,6,3957,2,36000,1.00151630023
596154,596161,600139,7,3978,2,36000,1.00175967823
596156,596167,600111,11,3944,2,36000,1.00278904665
596201,596208,600116,7,3908,2,36000,1.00179119754
596217,596223,600119,6,3896,2,36000,1.00154004107
596233,596240,600169,7,3929,2,36000,1.00178162382
596324,596333,600320,9,3987,2,36000,1.00225733634
596339,596346,600291,7,3945,2,36000,1.00177439797
596354,596363,600317,9,3954,2,36000,1.00227617602
596422,596434,600260,12,3826,2,36000,1.00313643492
596437,596443,600328,6,3885,2,36000,1.00154440154
596478,596487,600502,9,4015,2,36000,1.00224159402
596552,596561,600646,9,4085,2,36000,1.00220318237
596593,596599,600588,6,3989,2,36000,1.00150413638
596621,596631,600539,10,3908,2,36000,1.00255885363
596641,596649,600548,8,3899,2,36000,1.00205180816
596764,596770,600789,6,4019,2,36000,1.00149290868
596784,596790,600796,6,4006,2,36000,1.00149775337
596826,596839,600862,13,4023,2,36000,1.00323141934
596934,596943,600872,9,3929,2,36000,1.0022906592
597029,597037,600899,8,3862,2,36000,1.00207146556
597047,597055,600751,8,3696,2,36000,1.00216450216
597062,597068,601045,6,3977,2,36000,1.00150867488
597163,597173,600931,10,3758,2,36000,1.00266098989
597180,597186,601088,6,3902,2,36000,1.00153767299
598432,598438,603534,6,5096,1,7200,1.00117739403
599235,599244,603185,9,3941,2,36000,1.00228368434
599323,599332,603274,9,3942,2,36000,1.00228310502
599381,599391,603362,10,3971,2,36000,1.00251825737
599396,599403,603325,7,3922,2,36000,1.00178480367
599415,599425,603383,10,3958,2,36000,1.00252652855
599416,599430,603282,14,3852,2,36000,1.0036344756
599645,599653,603655,8,4002,2,36000,1.0019990005
599682,599692,603606,10,3914,2,36000,1.00255493102
599710,599720,603598,10,3878,2,36000,1.00257864879
599783,599792,603668,9,3876,2,36000,1.00232198142
599846,599855,603951,9,4096,2,36000,1.00219726562
599874,599882,603954,8,4072,2,36000,1.00196463654
599889,599896,603763,7,3867,2,36000,1.00181018878
599999,600009,603843,10,3834,2,36000,1.00260824204
600023,600031,603592,8,3561,2,36000,1.00224655996
600101,600107,723532,6,123425,4,126000,1.00004861252
600102,600113,603920,11,3807,2,36000,1.00288941424
600119,600125,603922,6,3797,2,36000,1.00158019489
600120,600131,603977,11,3846,2,36000,1.0028601144
600135,600141,603725,6,3584,2,36000,1.00167410714
600150,600156,604051,6,3895,2,36000,1.00154043646
600171,600181,604053,10,3872,2,36000,1.00258264463
600248,600254,660223,6,59969,4,126000,1.00010005169
600262,600271,604191,9,3920,2,36000,1.00229591837
600294,600302,604327,8,4025,2,36000,1.00198757764
600319,600329,604222,10,3893,2,36000,1.00256871307
600334,600340,604169,6,3829,2,36000,1.00156698877
600335,600346,604262,11,3916,2,36000,1.00280898876
600420,600427,723747,7,123320,4,126000,1.00005676289
600477,600483,600523,6,40,4,14400,1.15
600504,600513,604308,9,3795,2,36000,1.0023715415
600540,600546,660714,6,60168,4,122400,1.00009972078
600541,600552,604433,11,3881,2,36000,1.00283432105
600556,600562,604300,6,3738,2,36000,1.00160513644
600590,600599,604444,9,3845,2,36000,1.00234070221
600648,600657,604563,9,3906,2,36000,1.00230414747
600697,600704,600720,7,16,4,54000,1.4375
600748,600754,602986,6,2232,4,126000,1.00268817204
600752,600762,604796,10,4034,2,36000,1.0024789291
600792,600800,604709,8,3909,2,36000,1.00204655922
600807,600813,604711,6,3898,2,36000,1.0015392509
600863,600874,604785,11,3911,2,36000,1.0028125799
600879,600885,604862,6,3977,2,36000,1.00150867488
600900,600910,604844,10,3934,2,36000,1.00254194204
600933,600943,604732,10,3789,2,36000,1.00263921879
600937,600948,661842,11,60894,4,162000,1.00018064177
600961,600967,762988,6,162021,4,162000,1.00003703224
601048,601056,604969,8,3913,2,36000,1.00204446716
601093,601099,604990,6,3891,2,36000,1.00154202005
601566,601572,607014,6,5442,1,7200,1.00110253583
603189,603196,607126,7,3930,2,36000,1.00178117048
603283,603289,607311,6,4022,2,36000,1.00149179513
603284,603295,607248,11,3953,2,36000,1.00278269669
603327,603336,607290,9,3954,2,36000,1.00227617602
603364,603373,607232,9,3859,2,36000,1.00233221042
603392,603398,606980,6,3582,2,36000,1.00167504188
603595,603603,607470,8,3867,2,36000,1.00206878717
603610,603616,607671,6,4055,2,36000,1.00147965475
603612,603622,607477,10,3855,2,36000,1.00259403372
603658,603666,607526,8,3860,2,36000,1.00207253886
603673,603679,607600,6,3921,2,36000,1.00153022188
603728,603737,607619,9,3882,2,36000,1.00231839258
603764,603774,607732,10,3958,2,36000,1.00252652855
603843,603854,607736,11,3882,2,36000,1.00283359093
603923,603931,607941,8,4010,2,36000,1.00199501247
603924,603937,607907,13,3970,2,36000,1.00327455919
603952,603962,607974,10,4012,2,36000,1.00249252243
603968,603974,607846,6,3872,2,36000,1.00154958678
603983,603988,608015,5,4027,2,36000,1.00124161907
604054,604063,607918,9,3855,2,36000,1.00233463035
604055,604069,607896,14,3827,2,36000,1.00365821793
604170,604180,608189,10,4009,2,36000,1.00249438763
604195,604202,608155,7,3953,2,36000,1.00177080698
604225,604233,608120,8,3887,2,36000,1.00205814253
604264,604274,608247,10,3973,2,36000,1.00251698968
604302,604311,608113,9,3802,2,36000,1.00236717517
604317,604323,608096,6,3773,2,36000,1.00159024649
604332,604338,608377,6,4039,2,36000,1.00148551622
604435,604444,608359,9,3915,2,36000,1.00229885057
604451,604457,608189,6,3732,2,36000,1.00160771704
604563,604574,608587,11,4013,2,36000,1.00274109145
604712,604720,608687,8,3967,2,36000,1.00201663726
604714,604726,608663,12,3937,2,36000,1.0030480061
604735,604743,608663,8,3920,2,36000,1.00204081633
604785,604796,608637,11,3841,2,36000,1.00286383754
