SubmitTime,StartTime,EndTime,QueuedTime,RunTime,NodesRequested,walltime,bslowdown
0,7,3812,7,3805,2,36000,1.00183968463
47,56,3736,9,3680,2,36000,1.00244565217
65,73,3948,8,3875,2,36000,1.00206451613
171,180,4025,9,3845,2,36000,1.00234070221
192,201,4118,9,3917,2,36000,1.00229767679
2182,2191,6095,9,3904,2,36000,1.00230532787
2329,2337,6292,8,3955,2,36000,1.00202275601
2433,2443,6396,10,3953,2,36000,1.00252972426
2451,2459,6453,8,3994,2,36000,1.00200300451
2491,2501,6347,10,3846,2,36000,1.002600104
2512,2522,6503,10,3981,2,36000,1.00251193168
2672,2681,6517,9,3836,2,36000,1.00234619395
2687,2693,6483,6,3790,2,36000,1.00158311346
2730,2738,6561,8,3823,2,36000,1.00209259744
2803,2811,6765,8,3954,2,36000,1.00202326758
2821,2830,6860,9,4030,2,36000,1.00223325062
2873,2883,6887,10,4004,2,36000,1.0024975025
2933,2943,6938,10,3995,2,36000,1.00250312891
2948,2954,6999,6,4045,2,36000,1.00148331273
3048,3057,6961,9,3904,2,36000,1.00230532787
3097,3107,7092,10,3985,2,36000,1.00250941029
3113,3119,6971,6,3852,2,36000,1.0015576324
3128,3134,6910,6,3776,2,36000,1.00158898305
3143,3152,7201,9,4049,2,36000,1.00222277105
3176,3185,7124,9,3939,2,36000,1.00228484387
3217,3226,7165,9,3939,2,36000,1.00228484387
3300,3307,7289,7,3982,2,36000,1.0017579106
3314,3324,7311,10,3987,2,36000,1.00250815149
3329,3335,7167,6,3832,2,36000,1.001565762
3359,3366,7364,7,3998,2,36000,1.00175087544
3398,3404,7282,6,3878,2,36000,1.00154718927
3399,3410,7470,11,4060,2,36000,1.00270935961
3448,3458,7454,10,3996,2,36000,1.0025025025
3561,3570,7568,9,3998,2,36000,1.00225112556
3582,3588,7370,6,3782,2,36000,1.00158646219
3737,3747,7568,10,3821,2,36000,1.00261711594
3789,3799,7616,10,3817,2,36000,1.00261985853
3813,3823,7779,10,3956,2,36000,1.00252780586
3838,3848,7705,10,3857,2,36000,1.00259268862
3869,3875,7865,6,3990,2,36000,1.0015037594
3870,3881,7859,11,3978,2,36000,1.00276520865
3890,3898,7838,8,3940,2,36000,1.00203045685
3953,3960,7850,7,3890,2,36000,1.00179948586
4029,4037,7960,8,3923,2,36000,1.00203925567
4121,4129,7883,8,3754,2,36000,1.0021310602
6098,6106,10066,8,3960,2,36000,1.00202020202
6292,6303,10083,11,3780,2,36000,1.00291005291
6350,6358,10377,8,4019,2,36000,1.00199054491
6399,6407,10331,8,3924,2,36000,1.00203873598
6453,6464,10312,11,3848,2,36000,1.00285862786
6484,6494,10423,10,3929,2,36000,1.00254517689
6506,6514,10582,8,4068,2,36000,1.00196656834
6521,6529,10382,8,3853,2,36000,1.00207630418
6564,6573,10443,9,3870,2,36000,1.0023255814
6768,6776,10786,8,4010,2,36000,1.00199501247
6862,6871,10822,9,3951,2,36000,1.00227790433
6890,6898,10831,8,3933,2,36000,1.00203407068
6913,6921,10943,8,4022,2,36000,1.00198906017
6942,6950,10945,8,3995,2,36000,1.00200250313
6964,6972,10778,8,3806,2,36000,1.0021019443
6979,6985,10929,6,3944,2,36000,1.00152129817
7004,7009,10891,5,3882,2,36000,1.00128799588
7099,7104,11065,5,3961,2,36000,1.0012623075
7127,7135,11101,8,3966,2,36000,1.00201714574
7168,7176,11138,8,3962,2,36000,1.00201918223
7170,7182,11175,12,3993,2,36000,1.0030052592
7206,7212,11091,6,3879,2,36000,1.00154679041
7283,7293,11164,10,3871,2,36000,1.00258331181
7299,7305,11312,6,4007,2,36000,1.00149737959
7314,7322,11197,8,3875,2,36000,1.00206451613
7362,7375,11259,13,3884,2,36000,1.00334706488
7379,7385,11191,6,3806,2,36000,1.00157645822
7458,7465,11486,7,4021,2,36000,1.00174086048
7478,7484,11381,6,3897,2,36000,1.00153964588
7574,7580,11435,6,3855,2,36000,1.00155642023
7575,7586,11429,11,3843,2,36000,1.00286234712
7620,7628,11471,8,3843,2,36000,1.002081707
7709,7717,11749,8,4032,2,36000,1.00198412698
7781,7790,11786,9,3996,2,36000,1.00225225225
7840,7849,11779,9,3930,2,36000,1.00229007634
7856,7862,11663,6,3801,2,36000,1.00157853197
7872,7878,11903,6,4025,2,36000,1.00149068323
7873,7884,11838,11,3954,2,36000,1.00278199292
7888,7894,11827,6,3933,2,36000,1.00152555301
7962,7971,12000,9,4029,2,36000,1.00223380491
10067,10077,13970,10,3893,2,36000,1.00256871307
10085,10095,13982,10,3887,2,36000,1.00257267816
10315,10323,14106,8,3783,2,36000,1.00211472376
10334,10343,14381,9,4038,2,36000,1.00222882615
10380,10388,14248,8,3860,2,36000,1.00207253886
10395,10401,14251,6,3850,2,36000,1.00155844156
10425,10435,14452,10,4017,2,36000,1.00248941997
10446,10455,14319,9,3864,2,36000,1.00232919255
10583,10593,14595,10,4002,2,36000,1.00249875062
10779,10789,14782,10,3993,2,36000,1.00250438267
10795,10801,14772,6,3971,2,36000,1.00151095442
10826,10833,14899,7,4066,2,36000,1.0017215937
10840,10847,14566,7,3719,2,36000,1.0018822264
10892,10902,14776,10,3874,2,36000,1.00258131131
10932,10940,14785,8,3845,2,36000,1.00208062419
10947,10954,15027,7,4073,2,36000,1.00171863491
10949,10960,14844,11,3884,2,36000,1.00283213182
11067,11076,15126,9,4050,2,36000,1.00222222222
11094,11102,15009,8,3907,2,36000,1.00204760686
11109,11115,15104,6,3989,2,36000,1.00150413638
11139,11150,15079,11,3929,2,36000,1.00279969458
11167,11176,15180,9,4004,2,36000,1.00224775225
11182,11188,15087,6,3899,2,36000,1.00153885612
11198,11203,15159,5,3956,2,36000,1.00126390293
11199,11209,14827,10,3618,2,36000,1.00276395799
11260,11271,15243,11,3972,2,36000,1.0027693857
11315,11323,15252,8,3929,2,36000,1.00203614151
11382,11393,15265,11,3872,2,36000,1.00284090909
11431,11441,15354,10,3913,2,36000,1.00255558395
11446,11453,15345,7,3892,2,36000,1.00179856115
11474,11483,15481,9,3998,2,36000,1.00225112556
11489,11497,15473,8,3976,2,36000,1.00201207243
11665,11674,15569,9,3895,2,36000,1.00231065469
11750,11760,15694,10,3934,2,36000,1.00254194204
11781,11790,15780,9,3990,2,36000,1.0022556391
11796,11802,15711,6,3909,2,36000,1.00153491942
11830,11839,15774,9,3935,2,36000,1.00228716645
11845,11851,15806,6,3955,2,36000,1.001517067
11904,11914,15674,10,3760,2,36000,1.00265957447
12001,12011,15639,10,3628,2,36000,1.00275633958
13975,13981,17976,6,3995,2,36000,1.00150187735
13990,13996,17846,6,3850,2,36000,1.00155844156
14108,14117,17879,9,3762,2,36000,1.0023923445
14251,14265,18217,14,3952,2,36000,1.00354251012
14252,14259,18209,7,3950,2,36000,1.0017721519
14322,14330,18224,8,3894,2,36000,1.00205444273
14383,14392,18384,9,3992,2,36000,1.00225450902
14453,14463,18116,10,3653,2,36000,1.00273747605
14568,14577,18515,9,3938,2,36000,1.00228542407
14598,14606,18552,8,3946,2,36000,1.00202736949
14773,14783,18645,10,3862,2,36000,1.00258933195
14791,14796,18831,5,4035,2,36000,1.00123915737
14792,14802,18751,10,3949,2,36000,1.00253228665
14793,14807,18693,14,3886,2,36000,1.00360267627
14830,14838,18761,8,3923,2,36000,1.00203925567
14845,14855,18742,10,3887,2,36000,1.00257267816
14900,14910,18832,10,3922,2,36000,1.00254971953
15012,15021,18932,9,3911,2,36000,1.00230120174
15031,15038,18832,7,3794,2,36000,1.00184501845
15083,15090,19131,7,4041,2,36000,1.00173224449
15098,15104,18838,6,3734,2,36000,1.00160685592
15113,15119,19160,6,4041,2,36000,1.00148478099
15128,15138,19177,10,4039,2,36000,1.00247586036
15162,15170,19173,8,4003,2,36000,1.00199850112
15183,15191,19131,8,3940,2,36000,1.00203045685
15244,15254,19246,10,3992,2,36000,1.00250501002
15259,15265,19272,6,4007,2,36000,1.00149737959
15274,15280,19227,6,3947,2,36000,1.00152014188
15347,15357,19375,10,4018,2,36000,1.0024888004
15362,15368,19236,6,3868,2,36000,1.00155118925
15476,15484,19329,8,3845,2,36000,1.00208062419
15492,15498,19569,6,4071,2,36000,1.00147383935
15571,15580,19481,9,3901,2,36000,1.00230710074
15641,15650,19526,9,3876,2,36000,1.00232198142
15675,15685,19454,10,3769,2,36000,1.00265322367
15696,15705,19671,9,3966,2,36000,1.00226928896
15715,15723,19665,8,3942,2,36000,1.00202942669
15775,15785,19279,10,3494,2,36000,1.00286204923
15792,15798,19804,6,4006,2,36000,1.00149775337
15807,15817,19811,10,3994,2,36000,1.00250375563
17848,17857,21765,9,3908,2,36000,1.00230296827
17882,17891,21887,9,3996,2,36000,1.00225225225
17981,17987,21876,6,3889,2,36000,1.00154281306
18117,18127,21839,10,3712,2,36000,1.00269396552
18211,18221,22154,10,3933,2,36000,1.00254258835
18226,18233,22112,7,3879,2,36000,1.00180458881
18228,18239,22159,11,3920,2,36000,1.00280612245
18385,18395,22348,10,3953,2,36000,1.00252972426
18518,18526,22438,8,3912,2,36000,1.00204498978
18555,18564,22562,9,3998,2,36000,1.00225112556
18649,18657,22466,8,3809,2,36000,1.00210028879
18696,18705,22650,9,3945,2,36000,1.00228136882
18743,18753,22578,10,3825,2,36000,1.00261437908
18760,18766,22791,6,4025,2,36000,1.00149068323
18776,18782,22619,6,3837,2,36000,1.00156372166
18836,18842,22721,6,3879,2,36000,1.00154679041
18838,18848,22826,10,3978,2,36000,1.00251382604
18839,18853,22928,14,4075,2,36000,1.00343558282
18855,18861,22721,6,3860,2,36000,1.00155440415
18936,18943,22811,7,3868,2,36000,1.00180972079
19138,19145,23102,7,3957,2,36000,1.00176901693
19140,19151,23160,11,4009,2,36000,1.00274382639
19165,19171,23145,6,3974,2,36000,1.00150981379
19180,19187,23131,7,3944,2,36000,1.00177484787
19182,19193,23063,11,3870,2,36000,1.00284237726
19236,19242,23264,6,4022,2,36000,1.00149179513
19237,19248,23224,11,3976,2,36000,1.0027665996
19257,19263,23270,6,4007,2,36000,1.00149737959
19275,19283,23218,8,3935,2,36000,1.00203303685
19294,19300,23354,6,4054,2,36000,1.00148001973
19336,19342,23249,6,3907,2,36000,1.00153570514
19380,19386,23225,6,3839,2,36000,1.00156290701
19458,19466,23420,8,3954,2,36000,1.00202326758
19483,19492,23458,9,3966,2,36000,1.00226928896
19531,19537,23536,6,3999,2,36000,1.00150037509
19572,19580,23553,8,3973,2,36000,1.00201359174
19671,19677,23594,6,3917,2,36000,1.00153178453
19687,19694,23673,7,3979,2,36000,1.00175923599
19806,19815,23597,9,3782,2,36000,1.00237969328
19822,19828,23838,6,4010,2,36000,1.00149625935
21769,21775,25636,6,3861,2,36000,1.00155400155
21840,21851,25509,11,3658,2,36000,1.00300710771
21877,21887,25654,10,3767,2,36000,1.00265463233
21892,21898,25850,6,3952,2,36000,1.00151821862
22114,22124,26142,10,4018,2,36000,1.0024888004
22159,22166,25948,7,3782,2,36000,1.00185087255
22160,22172,26117,12,3945,2,36000,1.0030418251
22352,22359,26329,7,3970,2,36000,1.00176322418
22440,22449,26411,9,3962,2,36000,1.00227158001
22469,22477,26429,8,3952,2,36000,1.0020242915
22566,22573,26575,7,4002,2,36000,1.00174912544
22582,22589,26478,7,3889,2,36000,1.00179994857
22622,22631,26345,9,3714,2,36000,1.00242326333
22652,22661,26604,9,3943,2,36000,1.002282526
22723,22793,26717,70,3924,2,36000,1.01783893986
22725,22798,26683,73,3885,2,36000,1.01879021879
22793,22804,26692,11,3888,2,36000,1.00282921811
22816,22822,26835,6,4013,2,36000,1.00149514079
22833,22839,26797,6,3958,2,36000,1.00151591713
22935,22942,26912,7,3970,2,36000,1.00176322418
23067,23075,27025,8,3950,2,36000,1.00202531646
23105,23114,26999,9,3885,2,36000,1.00231660232
23133,23142,27103,9,3961,2,36000,1.0022721535
23149,23155,26992,6,3837,2,36000,1.00156372166
23165,23171,27152,6,3981,2,36000,1.00150715901
23224,23229,27101,5,3872,2,36000,1.00129132231
23225,23236,27173,11,3937,2,36000,1.00279400559
23242,23248,27161,6,3913,2,36000,1.00153335037
23257,23263,27161,6,3898,2,36000,1.0015392509
23274,23280,26943,6,3663,2,36000,1.00163800164
23276,23286,27227,10,3941,2,36000,1.00253742705
23358,23364,27143,6,3779,2,36000,1.00158772162
23425,23431,27297,6,3866,2,36000,1.00155199172
23461,23469,27350,8,3881,2,36000,1.0020613244
23538,23547,27465,9,3918,2,36000,1.00229709035
23560,23566,27396,6,3830,2,36000,1.00156657963
23596,23605,27545,9,3940,2,36000,1.00228426396
23612,23619,27652,7,4033,2,36000,1.00173568063
23674,23684,27531,10,3847,2,36000,1.00259942813
23841,23849,27605,8,3756,2,36000,1.00212992545
25511,25520,29433,9,3913,2,36000,1.00230002556
25640,25647,29607,7,3960,2,36000,1.00176767677
25657,25666,29586,9,3920,2,36000,1.00229591837
25853,25861,29849,8,3988,2,36000,1.00200601805
25952,25959,29852,7,3893,2,36000,1.00179809915
26119,26129,29991,10,3862,2,36000,1.00258933195
26145,26153,30073,8,3920,2,36000,1.00204081633
26330,26340,30232,10,3892,2,36000,1.00256937307
26350,26356,30279,6,3923,2,36000,1.00152944175
26414,26422,30278,8,3856,2,36000,1.0020746888
26433,26441,30262,8,3821,2,36000,1.00209369275
26479,26489,30333,10,3844,2,36000,1.00260145682
26578,26586,30342,8,3756,2,36000,1.00212992545
26606,26615,30432,9,3817,2,36000,1.00235787267
26685,26694,30520,9,3826,2,36000,1.00235232619
26701,26707,30632,6,3925,2,36000,1.00152866242
26721,26728,30670,7,3942,2,36000,1.00177574835
26802,26808,30704,6,3896,2,36000,1.00154004107
26841,26846,30885,5,4039,2,36000,1.00123793018
26916,26923,30922,7,3999,2,36000,1.00175043761
26945,26954,30798,9,3844,2,36000,1.00234131113
26997,27003,30867,6,3864,2,36000,1.00155279503
27013,27019,30959,6,3940,2,36000,1.00152284264
27029,27036,31022,7,3986,2,36000,1.00175614651
27107,27113,31127,6,4014,2,36000,1.00149476831
27108,27119,30978,11,3859,2,36000,1.0028504794
27148,27155,31185,7,4030,2,36000,1.0017369727
27166,27171,31058,5,3887,2,36000,1.00128633908
27167,27178,30983,11,3805,2,36000,1.00289093298
27169,27183,31044,14,3861,2,36000,1.00362600363
27186,27192,31110,6,3918,2,36000,1.00153139357
27231,27239,31175,8,3936,2,36000,1.00203252033
27299,27309,31116,10,3807,2,36000,1.00262674022
27355,27361,31316,6,3955,2,36000,1.001517067
27399,27408,31366,9,3958,2,36000,1.00227387569
27468,27476,31280,8,3804,2,36000,1.00210304942
27537,27543,31471,6,3928,2,36000,1.00152749491
27553,27559,31573,6,4014,2,36000,1.00149476831
27607,27616,31416,9,3800,2,36000,1.00236842105
27654,27663,31718,9,4055,2,36000,1.00221948212
29436,29444,33262,8,3818,2,36000,1.00209533787
29587,29597,33411,10,3814,2,36000,1.00262191924
29610,29618,33558,8,3940,2,36000,1.00203045685
29852,29860,33410,8,3550,2,36000,1.00225352113
29867,29873,33656,6,3783,2,36000,1.00158604282
29994,30003,34062,9,4059,2,36000,1.0022172949
30079,30085,33826,6,3741,2,36000,1.00160384924
30241,30247,34218,6,3971,2,36000,1.00151095442
30268,30274,34288,6,4014,2,36000,1.00149476831
30290,30296,34257,6,3961,2,36000,1.001514769
30291,30302,34332,11,4030,2,36000,1.00272952854
30338,30343,34376,5,4033,2,36000,1.00123977188
30353,30359,34264,6,3905,2,36000,1.00153649168
30435,30443,34203,8,3760,2,36000,1.00212765957
30524,30531,34519,7,3988,2,36000,1.0017552658
30636,30644,34500,8,3856,2,36000,1.0020746888
30674,30681,34581,7,3900,2,36000,1.00179487179
30709,30715,34771,6,4056,2,36000,1.00147928994
30802,30810,34836,8,4026,2,36000,1.00198708395
30872,30878,34785,6,3907,2,36000,1.00153570514
30889,30897,34595,8,3698,2,36000,1.00216333153
30925,30933,34884,8,3951,2,36000,1.00202480385
30963,30971,34918,8,3947,2,36000,1.00202685584
30979,30989,34705,10,3716,2,36000,1.00269106566
30995,31001,34850,6,3849,2,36000,1.00155884645
31024,31033,34821,9,3788,2,36000,1.00237592397
31048,31055,34933,7,3878,2,36000,1.00180505415
31065,31071,35027,6,3956,2,36000,1.00151668352
31114,31121,35052,7,3931,2,36000,1.00178071737
31133,31139,34963,6,3824,2,36000,1.00156903766
31135,31145,34978,10,3833,2,36000,1.00260892252
31178,31187,35058,9,3871,2,36000,1.00232498063
31193,31199,35021,6,3822,2,36000,1.00156985871
31288,31294,34983,6,3689,2,36000,1.00162645703
31322,31328,35221,6,3893,2,36000,1.00154122784
31369,31377,35441,8,4064,2,36000,1.00196850394
31420,31427,35333,7,3906,2,36000,1.0017921147
31474,31482,35305,8,3823,2,36000,1.00209259744
31577,31584,35604,7,4020,2,36000,1.00174129353
31722,31730,35749,8,4019,2,36000,1.00199054491
33265,33274,37203,9,3929,2,36000,1.0022906592
33418,33424,37337,6,3913,2,36000,1.00153335037
33419,33430,37376,11,3946,2,36000,1.00278763305
33562,33569,37509,7,3940,2,36000,1.00177664975
33661,33668,37605,7,3937,2,36000,1.00177800356
33832,33838,37611,6,3773,2,36000,1.00159024649
34065,34074,38060,9,3986,2,36000,1.00225790266
34209,34214,38101,5,3887,2,36000,1.00128633908
34225,34231,38155,6,3924,2,36000,1.00152905199
34261,34268,38126,7,3858,2,36000,1.00181441161
34278,34284,38203,6,3919,2,36000,1.00153100281
34294,34300,38341,6,4041,2,36000,1.00148478099
34336,34344,38246,8,3902,2,36000,1.00205023065
34378,34388,38417,10,4029,2,36000,1.00248200546
34505,34512,38496,7,3984,2,36000,1.00175702811
34520,34530,38412,10,3882,2,36000,1.00257599176
34584,34592,38507,8,3915,2,36000,1.00204342273
34603,34609,38599,6,3990,2,36000,1.0015037594
34707,34717,38650,10,3933,2,36000,1.00254258835
34776,34782,38705,6,3923,2,36000,1.00152944175
34792,34798,38707,6,3909,2,36000,1.00153491942
34824,34833,38816,9,3983,2,36000,1.00225960331
34843,34848,38473,5,3625,2,36000,1.00137931034
34859,34866,38689,7,3823,2,36000,1.00183102276
34887,34895,38842,8,3947,2,36000,1.00202685584
34921,34930,38815,9,3885,2,36000,1.00231660232
34937,34944,38955,7,4011,2,36000,1.0017452007
34965,34974,38889,9,3915,2,36000,1.00229885057
34982,34989,38866,7,3877,2,36000,1.00180551973
34997,35003,39054,6,4051,2,36000,1.00148111577
35025,35032,38950,7,3918,2,36000,1.00178662583
35041,35047,38713,6,3666,2,36000,1.00163666121
35058,35064,38976,6,3912,2,36000,1.00153374233
35060,35070,39043,10,3973,2,36000,1.00251698968
35224,35232,39275,8,4043,2,36000,1.00197872867
35308,35316,39267,8,3951,2,36000,1.00202480385
35337,35344,39360,7,4016,2,36000,1.00174302789
35446,35452,39151,6,3699,2,36000,1.00162206002
35607,35615,39548,8,3933,2,36000,1.00203407068
35757,35763,39639,6,3876,2,36000,1.00154798762
36375,36381,50650,6,14269,1,54000,1.00042049198
36840,36847,40373,7,3526,1,7200,1.00198525241
37073,37079,37080,6,1,1,18000,1.0
37206,37214,41243,8,4029,2,36000,1.00198560437
37248,37254,43689,6,6435,1,18000,1.00093240093
37340,37349,41254,9,3905,2,36000,1.00230473752
37378,37387,41248,9,3861,2,36000,1.00233100233
37514,37520,41428,6,3908,2,36000,1.00153531218
37607,37617,41355,10,3738,2,36000,1.00267522739
37622,37628,41528,6,3900,2,36000,1.00153846154
37890,37896,50473,6,12577,1,54000,1.0004770613
38062,38071,41851,9,3780,2,36000,1.00238095238
38103,38112,41930,9,3818,2,36000,1.00235725511
38128,38137,41912,9,3775,2,36000,1.00238410596
38158,38166,41902,8,3736,2,36000,1.00214132762
38205,38214,42183,9,3969,2,36000,1.0022675737
38250,38257,42175,7,3918,2,36000,1.00178662583
38346,38351,42273,5,3922,2,36000,1.00127485977
38413,38424,42344,11,3920,2,36000,1.00280612245
38429,38435,42416,6,3981,2,36000,1.00150715901
38476,38484,42415,8,3931,2,36000,1.00203510557
38499,38507,42250,8,3743,2,36000,1.002137323
38515,38522,42332,7,3810,2,36000,1.00183727034
38602,38610,42539,8,3929,2,36000,1.00203614151
38652,38662,42718,10,4056,2,36000,1.00246548323
38695,38700,42702,5,4002,2,36000,1.00124937531
38714,38720,42574,6,3854,2,36000,1.00155682408
38715,38726,42714,11,3988,2,36000,1.00275827482
38717,38731,42670,14,3939,2,36000,1.00355420157
38819,38826,42644,7,3818,2,36000,1.00183342064
38820,38832,42781,12,3949,2,36000,1.00303874399
38847,38859,42869,12,4010,2,36000,1.0029925187
38870,38877,42876,7,3999,2,36000,1.00175043761
38893,38903,42623,10,3720,2,36000,1.00268817204
38952,38962,42721,10,3759,2,36000,1.00266028199
38968,38974,42943,6,3969,2,36000,1.0015117158
38984,38990,42988,6,3998,2,36000,1.00150075038
39045,39054,43054,9,4000,2,36000,1.00225
39061,39067,42894,6,3827,2,36000,1.00156780768
39156,39163,43047,7,3884,2,36000,1.00180226571
39270,39278,43170,8,3892,2,36000,1.00205549846
39286,39293,42908,7,3615,2,36000,1.00193637621
39365,39371,43265,6,3894,2,36000,1.00154083205
39552,39560,43510,8,3950,2,36000,1.00202531646
39644,39650,43612,6,3962,2,36000,1.00151438667
41230,41236,59089,6,17853,1,54000,1.00033607797
41248,41254,45229,6,3975,2,36000,1.00150943396
41265,41271,45234,6,3963,2,36000,1.00151400454
41266,41277,45317,11,4040,2,36000,1.00272277228
41356,41366,45399,10,4033,2,36000,1.00247954376
41432,41439,45261,7,3822,2,36000,1.00183150183
41532,41540,45512,8,3972,2,36000,1.00201409869
41854,41862,45858,8,3996,2,36000,1.002002002
41905,41914,45822,9,3908,2,36000,1.00230296827
41921,41927,45838,6,3911,2,36000,1.00153413449
41937,41944,45987,7,4043,2,36000,1.00173138758
42178,42186,46181,8,3995,2,36000,1.00200250313
42194,42201,46025,7,3824,2,36000,1.00183054393
42254,42261,46112,7,3851,2,36000,1.00181770969
42276,42285,46193,9,3908,2,36000,1.00230296827
42335,42343,46277,8,3934,2,36000,1.00203355363
42352,42358,46195,6,3837,2,36000,1.00156372166
42419,42427,46298,8,3871,2,36000,1.00206664944
42420,42432,46305,12,3873,2,36000,1.00309837335
42542,42550,46502,8,3952,2,36000,1.0020242915
42578,42586,46620,8,4034,2,36000,1.00198314328
42626,42635,46514,9,3879,2,36000,1.00232018561
42645,42655,46595,10,3940,2,36000,1.00253807107
42673,42681,46623,8,3942,2,36000,1.00202942669
42708,42714,46735,6,4021,2,36000,1.00149216613
42728,42734,46668,6,3934,2,36000,1.00152516523
42730,42740,46657,10,3917,2,36000,1.00255297421
42731,42745,46468,14,3723,2,36000,1.00376040827
42785,42792,46731,7,3939,2,36000,1.00177710079
42873,42880,46850,7,3970,2,36000,1.00176322418
42888,42894,46853,6,3959,2,36000,1.00151553423
42905,42911,46682,6,3771,2,36000,1.0015910899
42921,42928,46722,7,3794,2,36000,1.00184501845
42947,42954,46866,7,3912,2,36000,1.00178936605
42993,43000,47083,7,4083,2,36000,1.00171442567
43050,43058,46996,8,3938,2,36000,1.00203148807
43065,43071,46981,6,3910,2,36000,1.00153452685
43172,43182,47194,10,4012,2,36000,1.00249252243
43267,43276,47177,9,3901,2,36000,1.00230710074
43512,43521,47492,9,3971,2,36000,1.00226643163
43616,43623,47507,7,3884,2,36000,1.00180226571
45230,45240,49259,10,4019,2,36000,1.00248818114
45245,45251,49169,6,3918,2,36000,1.00153139357
45267,45273,49200,6,3927,2,36000,1.00152788388
45322,45328,49243,6,3915,2,36000,1.00153256705
45404,45410,49366,6,3956,2,36000,1.00151668352
45515,45523,49500,8,3977,2,36000,1.00201156651
45826,45834,49816,8,3982,2,36000,1.00200904068
45843,45850,49827,7,3977,2,36000,1.00176012069
45861,45870,49569,9,3699,2,36000,1.00243309002
45987,45998,50005,11,4007,2,36000,1.00274519591
46028,46036,49940,8,3904,2,36000,1.00204918033
46115,46124,49917,9,3793,2,36000,1.00237279199
46185,46192,50206,7,4014,2,36000,1.00174389636
46201,46207,50152,6,3945,2,36000,1.00152091255
46202,46213,50243,11,4030,2,36000,1.00272952854
46280,46289,50356,9,4067,2,36000,1.00221293337
46300,46309,50166,9,3857,2,36000,1.00233341976
46316,46322,50195,6,3873,2,36000,1.00154918668
46473,46480,50315,7,3835,2,36000,1.00182529335
46508,46514,50489,6,3975,2,36000,1.00150943396
46524,46530,50563,6,4033,2,36000,1.00148772626
46599,46607,50605,8,3998,2,36000,1.0020010005
46626,46632,50682,6,4050,2,36000,1.00148148148
46627,46638,50600,11,3962,2,36000,1.00277637557
46660,46669,50699,9,4030,2,36000,1.00223325062
46676,46682,50614,6,3932,2,36000,1.001525941
46691,46698,50403,7,3705,2,36000,1.00188933873
46726,46734,50662,8,3928,2,36000,1.00203665988
46743,46749,50669,6,3920,2,36000,1.00153061224
46744,46755,50646,11,3891,2,36000,1.00282703675
46857,46863,50606,6,3743,2,36000,1.00160299225
46858,46869,50824,11,3955,2,36000,1.00278128951
46874,46880,50768,6,3888,2,36000,1.00154320988
46984,46992,50955,8,3963,2,36000,1.00201867272
47000,47007,50911,7,3904,2,36000,1.00179303279
47086,47094,51021,8,3927,2,36000,1.00203717851
47182,47188,51074,6,3886,2,36000,1.00154400412
47198,47205,51026,7,3821,2,36000,1.00183198116
47494,47503,51540,9,4037,2,36000,1.00222937825
47510,47518,51315,8,3797,2,36000,1.00210692652
49173,49181,53111,8,3930,2,36000,1.00203562341
49201,49211,53133,10,3922,2,36000,1.00254971953
49245,49255,53160,10,3905,2,36000,1.00256081946
49260,49270,53154,10,3884,2,36000,1.00257466529
49367,49377,53146,10,3769,2,36000,1.00265322367
49502,49511,53533,9,4022,2,36000,1.00223769269
49573,49580,53492,7,3912,2,36000,1.00178936605
49820,49826,53833,6,4007,2,36000,1.00149737959
49836,49843,53784,7,3941,2,36000,1.00177619893
49919,49928,53931,9,4003,2,36000,1.00224831376
49941,49951,53730,10,3779,2,36000,1.0026462027
50009,50016,53993,7,3977,2,36000,1.00176012069
50155,50164,54159,9,3995,2,36000,1.00225281602
50171,50177,54108,6,3931,2,36000,1.00152632918
50197,50206,54206,9,4000,2,36000,1.00225
50212,50219,54073,7,3854,2,36000,1.00181629476
50247,50254,54303,7,4049,2,36000,1.00172882193
50318,50326,54363,8,4037,2,36000,1.00198166956
50359,50367,53833,8,3466,2,36000,1.00230813618
50405,50414,54325,9,3911,2,36000,1.00230120174
50492,50500,54394,8,3894,2,36000,1.00205444273
50565,50575,54421,10,3846,2,36000,1.002600104
50604,50612,54669,8,4057,2,36000,1.00197190042
50620,50626,54529,6,3903,2,36000,1.00153727902
50621,50632,54340,11,3708,2,36000,1.00296655879
50622,50637,54600,15,3963,2,36000,1.00378501136
50649,50658,54549,9,3891,2,36000,1.00231303007
50664,50673,54451,9,3778,2,36000,1.00238221281
50679,50685,54584,6,3899,2,36000,1.00153885612
50694,50700,54595,6,3895,2,36000,1.00154043646
50710,50716,54363,6,3647,2,36000,1.00164518783
50772,50780,54585,8,3805,2,36000,1.00210249671
50829,50835,54755,6,3920,2,36000,1.00153061224
50914,50922,54772,8,3850,2,36000,1.00207792208
50957,50967,54696,10,3729,2,36000,1.0026816841
51023,51032,54869,9,3837,2,36000,1.00234558249
51039,51045,54936,6,3891,2,36000,1.00154202005
51077,51085,54970,8,3885,2,36000,1.00205920206
51317,51326,55222,9,3896,2,36000,1.0023100616
51543,51552,55496,9,3944,2,36000,1.00228194726
53116,53122,56823,6,3701,2,36000,1.00162118346
53138,53144,57130,6,3986,2,36000,1.00150526844
53157,53163,56939,6,3776,2,36000,1.00158898305
53158,53169,57196,11,4027,2,36000,1.00273156196
53174,53180,57102,6,3922,2,36000,1.00152983172
53495,53504,57528,9,4024,2,36000,1.00223658052
53534,53544,57360,10,3816,2,36000,1.00262054507
53732,53742,57800,10,4058,2,36000,1.00246426811
53787,53795,57680,8,3885,2,36000,1.00205920206
53837,53844,57742,7,3898,2,36000,1.00179579271
53839,53850,57777,11,3927,2,36000,1.00280112045
53933,53943,57920,10,3977,2,36000,1.00251445813
53994,54004,57891,10,3887,2,36000,1.00257267816
54074,54084,58028,10,3944,2,36000,1.00253549696
54111,54119,58015,8,3896,2,36000,1.00205338809
54162,54170,58013,8,3843,2,36000,1.002081707
54209,54218,58134,9,3916,2,36000,1.00229826353
54306,54314,58265,8,3951,2,36000,1.00202480385
54328,54336,58207,8,3871,2,36000,1.00206664944
54343,54352,58354,9,4002,2,36000,1.00224887556
54366,54401,58438,35,4037,2,36000,1.00866980431
54367,54406,58372,39,3966,2,36000,1.00983358548
54395,54412,58351,17,3939,2,36000,1.0043158162
54424,54432,58320,8,3888,2,36000,1.00205761317
54455,54462,58316,7,3854,2,36000,1.00181629476
54529,54540,58159,11,3619,2,36000,1.00303951368
54551,54561,58354,10,3793,2,36000,1.00263643554
54586,54595,58623,9,4028,2,36000,1.00223435948
54587,54601,58619,14,4018,2,36000,1.00348432056
54604,54610,58655,6,4045,2,36000,1.00148331273
54606,54616,58550,10,3934,2,36000,1.00254194204
54670,54680,58660,10,3980,2,36000,1.00251256281
54698,54707,58478,9,3771,2,36000,1.00238663484
54757,54766,58659,9,3893,2,36000,1.00231184177
54775,54783,58721,8,3938,2,36000,1.00203148807
54870,54880,58943,10,4063,2,36000,1.00246123554
54938,54947,58942,9,3995,2,36000,1.00225281602
54972,54982,58954,10,3972,2,36000,1.00251762336
55226,55233,59297,7,4064,2,36000,1.00172244094
55498,55507,59457,9,3950,2,36000,1.00227848101
55527,55533,166840,6,111307,4,126000,1.00005390497
55824,55830,206597,6,150767,4,158400,1.00003979651
55937,55943,56036,6,93,4,122400,1.06451612903
56065,56071,119389,6,63318,4,122400,1.00009475978
56147,56153,187630,6,131477,4,158400,1.00004563536
56323,56329,182365,6,126036,4,126000,1.00004760545
56376,56382,205312,6,148930,4,162000,1.00004028738
56805,56811,118400,6,61589,4,162000,1.00009741999
56824,56834,60363,10,3529,2,36000,1.00283366393
56943,56951,60819,8,3868,2,36000,1.00206825233
57073,57079,118165,6,61086,4,162000,1.00009822218
57106,57114,61099,8,3985,2,36000,1.00200752823
57133,57142,61155,9,4013,2,36000,1.00224271119
57199,57207,61020,8,3813,2,36000,1.0020980855
57309,57315,61528,6,4213,2,90000,1.0014241633
57363,57371,61273,8,3902,2,36000,1.00205023065
57533,57539,61487,6,3948,2,36000,1.00151975684
57685,57691,61622,6,3931,2,36000,1.00152632918
57743,57754,61736,11,3982,2,36000,1.00276243094
57781,57789,61675,8,3886,2,36000,1.00205867216
57808,57813,61869,5,4056,2,36000,1.00123274162
57893,57902,61831,9,3929,2,36000,1.0022906592
57921,57931,61974,10,4043,2,36000,1.00247341083
58017,58026,62031,9,4005,2,36000,1.00224719101
58018,58031,61916,13,3885,2,36000,1.00334620335
58037,58043,61783,6,3740,2,36000,1.00160427807
58137,58145,62161,8,4016,2,36000,1.00199203187
58162,58171,62146,9,3975,2,36000,1.00226415094
58213,58220,62180,7,3960,2,36000,1.00176767677
58272,58279,62079,7,3800,2,36000,1.00184210526
58321,58327,62316,6,3989,2,36000,1.00150413638
58322,58333,62262,11,3929,2,36000,1.00279969458
58363,58369,62296,6,3927,2,36000,1.00152788388
58364,58375,62279,11,3904,2,36000,1.00281762295
58365,58380,62272,15,3892,2,36000,1.00385405961
58380,58386,62267,6,3881,2,36000,1.0015459933
58440,58449,62208,9,3759,2,36000,1.00239425379
58482,58489,62215,7,3726,2,36000,1.00187869028
58554,58562,62542,8,3980,2,36000,1.00201005025
58622,58631,62425,9,3794,2,36000,1.00237216658
58637,58643,62634,6,3991,2,36000,1.00150338261
58657,58666,62556,9,3890,2,36000,1.00231362468
58673,58679,62583,6,3904,2,36000,1.00153688525
58674,58685,62628,11,3943,2,36000,1.00278975399
58726,58732,62597,6,3865,2,36000,1.00155239327
58945,58959,62824,14,3865,2,36000,1.00362225097
58946,58953,62921,7,3968,2,36000,1.0017641129
58964,58970,62906,6,3936,2,36000,1.00152439024
59301,59309,63367,8,4058,2,36000,1.00197141449
59459,59468,63241,9,3773,2,36000,1.00238536973
60365,60375,64416,10,4041,2,36000,1.00247463499
60766,60772,60773,6,1,1,120,1.0
60822,60831,64751,9,3920,2,36000,1.00229591837
61023,61031,64790,8,3759,2,36000,1.00212822559
61105,61111,65098,6,3987,2,36000,1.0015048909
61156,61166,65092,10,3926,2,36000,1.00254712175
61275,61284,65085,9,3801,2,36000,1.00236779795
61354,61360,61509,6,149,2,600,1.04026845638
61490,61498,65444,8,3946,2,36000,1.00202736949
61625,61633,65560,8,3927,2,36000,1.00203717851
61678,61687,65537,9,3850,2,36000,1.00233766234
61740,61748,65531,8,3783,2,36000,1.00211472376
61787,61794,65577,7,3783,2,36000,1.00185038329
61834,61842,65699,8,3857,2,36000,1.00207415089
61871,61880,65786,9,3906,2,36000,1.00230414747
61919,61928,65778,9,3850,2,36000,1.00233766234
61976,61985,65847,9,3862,2,36000,1.00233039876
62033,62042,65792,9,3750,2,36000,1.0024
62080,62090,66053,10,3963,2,36000,1.0025233409
62148,62157,66141,9,3984,2,36000,1.00225903614
62164,62172,65981,8,3809,2,36000,1.00210028879
62188,62194,66234,6,4040,2,36000,1.00148514851
62210,62219,66103,9,3884,2,36000,1.00231719876
62226,62232,66215,6,3983,2,36000,1.00150640221
62264,62274,66147,10,3873,2,36000,1.00258197779
62281,62287,66212,6,3925,2,36000,1.00152866242
62282,62293,66192,11,3899,2,36000,1.00282123621
62284,62298,66211,14,3913,2,36000,1.00357781753
62300,62307,66337,7,4030,2,36000,1.0017369727
62321,62327,66300,6,3973,2,36000,1.00151019381
62428,62437,66418,9,3981,2,36000,1.00226073851
62547,62553,66462,6,3909,2,36000,1.00153491942
62562,62568,66584,6,4016,2,36000,1.0014940239
62587,62595,66468,8,3873,2,36000,1.00206558224
62605,62611,66482,6,3871,2,36000,1.00154998708
62632,62639,66500,7,3861,2,36000,1.00181300181
62647,62654,66709,7,4055,2,36000,1.00172626387
62660,62667,62668,7,1,1,120,1.0
62827,62835,66902,8,4067,2,36000,1.00196705188
62910,62918,66866,8,3948,2,36000,1.00202634245
62926,62932,66914,6,3982,2,36000,1.00150678051
63248,63254,67265,6,4011,2,36000,1.00149588631
63371,63378,67223,7,3845,2,36000,1.00182054616
64419,64427,68374,8,3947,2,36000,1.00202685584
64754,64762,68724,8,3962,2,36000,1.00201918223
64791,64801,68653,10,3852,2,36000,1.002596054
65087,65097,69041,10,3944,2,36000,1.00253549696
65105,65111,69125,6,4014,2,36000,1.00149476831
65106,65117,68857,11,3740,2,36000,1.00294117647
65447,65456,69248,9,3792,2,36000,1.00237341772
65537,65543,69498,6,3955,2,36000,1.001517067
65552,65559,69568,7,4009,2,36000,1.00174607134
65567,65574,69479,7,3905,2,36000,1.00179257362
65582,65588,69313,6,3725,2,36000,1.00161073826
65701,65710,69634,9,3924,2,36000,1.00229357798
65774,65789,69663,15,3874,2,36000,1.00387196696
65793,65799,69857,6,4058,2,36000,1.00147856087
65794,65805,69630,11,3825,2,36000,1.00287581699
65850,65859,69707,9,3848,2,36000,1.00233887734
65984,65993,69903,9,3910,2,36000,1.00230179028
66057,66064,70030,7,3966,2,36000,1.00176500252
66106,66115,70018,9,3903,2,36000,1.00230591852
66143,66153,70021,10,3868,2,36000,1.00258531541
66159,66165,70092,6,3927,2,36000,1.00152788388
66193,66204,70126,11,3922,2,36000,1.00280469148
66214,66221,70205,7,3984,2,36000,1.00175702811
66216,66228,70093,12,3865,2,36000,1.00310478655
66232,66238,70246,6,4008,2,36000,1.00149700599
66247,66253,69920,6,3667,2,36000,1.00163621489
66304,66311,70072,7,3761,2,36000,1.00186120713
66342,66349,70360,7,4011,2,36000,1.0017452007
66421,66430,70487,9,4057,2,36000,1.00221838797
66464,66473,70407,9,3934,2,36000,1.00228774784
66481,66487,70424,6,3937,2,36000,1.00152400305
66497,66503,70424,6,3921,2,36000,1.00153022188
66513,66519,70289,6,3770,2,36000,1.00159151194
66590,66595,70628,5,4033,2,36000,1.00123977188
66713,66720,70753,7,4033,2,36000,1.00173568063
66868,66877,70729,9,3852,2,36000,1.0023364486
66906,66913,70868,7,3955,2,36000,1.0017699115
66922,66928,70772,6,3844,2,36000,1.00156087409
67225,67234,71189,9,3955,2,36000,1.00227560051
67267,67276,71124,9,3848,2,36000,1.00233887734
68381,68387,72413,6,4026,2,36000,1.00149031297
68658,68664,72524,6,3860,2,36000,1.00155440415
68729,68734,72582,5,3848,2,36000,1.0012993763
68862,68868,72833,6,3965,2,36000,1.00151324086
69045,69052,73035,7,3983,2,36000,1.00175746924
69126,69136,73169,10,4033,2,36000,1.00247954376
69251,69260,73118,9,3858,2,36000,1.00233281493
69315,69324,73178,9,3854,2,36000,1.00233523612
69482,69490,73390,8,3900,2,36000,1.00205128205
69502,69509,73372,7,3863,2,36000,1.00181206316
69571,69579,73542,8,3963,2,36000,1.00201867272
69636,69642,73481,6,3839,2,36000,1.00156290701
69637,69648,73608,11,3960,2,36000,1.00277777778
69668,69675,73616,7,3941,2,36000,1.00177619893
69710,69718,73785,8,4067,2,36000,1.00196705188
69862,69869,73672,7,3803,2,36000,1.00184065212
69908,69914,73888,6,3974,2,36000,1.00150981379
69923,69931,73999,8,4068,2,36000,1.00196656834
70021,70029,74046,8,4017,2,36000,1.00199153597
70023,70035,73836,12,3801,2,36000,1.00315706393
70040,70046,74029,6,3983,2,36000,1.00150640221
70077,70082,73954,5,3872,2,36000,1.00129132231
70098,70104,74012,6,3908,2,36000,1.00153531218
70099,70110,73879,11,3769,2,36000,1.00291854603
70127,70137,73991,10,3854,2,36000,1.0025947068
70207,70216,74282,9,4066,2,36000,1.00221347762
70248,70257,74165,9,3908,2,36000,1.00230296827
70288,70301,74152,13,3851,2,36000,1.00337574656
70361,70371,74162,10,3791,2,36000,1.00263782643
70408,70418,74057,10,3639,2,36000,1.00274800769
70427,70436,74215,9,3779,2,36000,1.00238158243
70429,70441,74456,12,4015,2,36000,1.00298879203
70490,70498,74403,8,3905,2,36000,1.00204865557
70632,70639,74423,7,3784,2,36000,1.00184989429
70730,70741,74788,11,4047,2,36000,1.00271806276
70754,70764,74482,10,3718,2,36000,1.00268961807
70773,70783,74709,10,3926,2,36000,1.00254712175
70872,70880,74956,8,4076,2,36000,1.00196270854
71127,71135,75051,8,3916,2,36000,1.00204290092
71193,71201,75121,8,3920,2,36000,1.00204081633
72416,72424,76251,8,3827,2,36000,1.00209041024
72529,72536,76506,7,3970,2,36000,1.00176322418
72585,72594,76449,9,3855,2,36000,1.00233463035
72836,72844,76717,8,3873,2,36000,1.00206558224
73037,73047,76978,10,3931,2,36000,1.00254388196
73119,73129,76908,10,3779,2,36000,1.0026462027
73173,73180,77083,7,3903,2,36000,1.00179349219
73188,73194,77249,6,4055,2,36000,1.00147965475
73374,73384,77208,10,3824,2,36000,1.00261506276
73392,73402,77271,10,3869,2,36000,1.0025846472
73484,73493,77335,9,3842,2,36000,1.00234252993
73546,73553,77510,7,3957,2,36000,1.00176901693
73609,73619,77480,10,3861,2,36000,1.00259000259
73624,73631,77619,7,3988,2,36000,1.0017552658
73674,73683,77569,9,3886,2,36000,1.00231600618
73787,73796,77811,9,4015,2,36000,1.00224159402
73840,73847,77876,7,4029,2,36000,1.00173740382
73880,73890,77732,10,3842,2,36000,1.00260281104
73895,73901,77695,6,3794,2,36000,1.00158144439
73957,73965,77876,8,3911,2,36000,1.00204551266
73993,74002,77892,9,3890,2,36000,1.00231362468
74009,74015,77895,6,3880,2,36000,1.00154639175
74024,74031,77748,7,3717,2,36000,1.00188323917
74040,74046,77995,6,3949,2,36000,1.00151937199
74057,74063,77949,6,3886,2,36000,1.00154400412
74072,74078,77959,6,3881,2,36000,1.0015459933
74156,74164,78099,8,3935,2,36000,1.00203303685
74173,74180,78094,7,3914,2,36000,1.00178845171
74175,74186,78175,11,3989,2,36000,1.00275758335
74218,74227,78143,9,3916,2,36000,1.00229826353
74286,74293,78220,7,3927,2,36000,1.00178253119
74406,74414,78212,8,3798,2,36000,1.00210637177
74426,74434,77961,8,3527,2,36000,1.00226821661
74458,74467,78390,9,3923,2,36000,1.00229416263
74487,74493,78505,6,4012,2,36000,1.00149551346
74713,74720,78763,7,4043,2,36000,1.00173138758
74790,74799,78746,9,3947,2,36000,1.00228021282
74959,74967,78974,8,4007,2,36000,1.00199650611
75054,75062,78929,8,3867,2,36000,1.00206878717
75123,75133,79065,10,3932,2,36000,1.00254323499
76256,76262,80229,6,3967,2,36000,1.00151247794
76449,76460,80456,11,3996,2,36000,1.00275275275
76509,76517,80418,8,3901,2,36000,1.00205075622
76720,76728,80551,8,3823,2,36000,1.00209259744
76911,76920,80910,9,3990,2,36000,1.0022556391
76982,76989,80935,7,3946,2,36000,1.0017739483
77087,77094,81022,7,3928,2,36000,1.00178207739
77210,77219,81249,9,4030,2,36000,1.00223325062
77251,77260,81205,9,3945,2,36000,1.00228136882
77273,77282,81106,9,3824,2,36000,1.00235355649
77342,77348,81349,6,4001,2,36000,1.00149962509
77482,77491,81436,9,3945,2,36000,1.00228136882
77511,77522,81344,11,3822,2,36000,1.00287807431
77574,77579,81454,5,3875,2,36000,1.00129032258
77621,77630,81543,9,3913,2,36000,1.00230002556
77700,77706,81620,6,3914,2,36000,1.00153295861
77736,77743,81723,7,3980,2,36000,1.00175879397
77751,77759,81604,8,3845,2,36000,1.00208062419
77816,77823,81822,7,3999,2,36000,1.00175043761
77880,77887,81805,7,3918,2,36000,1.00178662583
77881,77903,81761,22,3858,2,36000,1.0057024365
77903,77909,81739,6,3830,2,36000,1.00156657963
77904,77915,81854,11,3939,2,36000,1.00279258695
77952,77960,81683,8,3723,2,36000,1.00214880473
77969,77975,81897,6,3922,2,36000,1.00152983172
77970,77981,81781,11,3800,2,36000,1.00289473684
77997,78006,82015,9,4009,2,36000,1.00224494887
78097,78106,82085,9,3979,2,36000,1.00226187484
78112,78119,82140,7,4021,2,36000,1.00174086048
78145,78154,82151,9,3997,2,36000,1.00225168877
78178,78186,82093,8,3907,2,36000,1.00204760686
78216,78224,82169,8,3945,2,36000,1.0020278834
78232,78238,82165,6,3927,2,36000,1.00152788388
78394,78402,82042,8,3640,2,36000,1.0021978022
78506,78516,82414,10,3898,2,36000,1.00256541816
78749,78757,82599,8,3842,2,36000,1.00208224883
78764,78774,82820,10,4046,2,36000,1.00247157687
78933,78941,82731,8,3790,2,36000,1.00211081794
78977,78985,82844,8,3859,2,36000,1.00207307593
79069,79076,82988,7,3912,2,36000,1.00178936605
80231,80240,84251,9,4011,2,36000,1.00224382947
80420,80429,84350,9,3921,2,36000,1.00229533282
80459,80467,84235,8,3768,2,36000,1.00212314225
80554,80562,84552,8,3990,2,36000,1.00200501253
80912,80921,84845,9,3924,2,36000,1.00229357798
80937,80946,84940,9,3994,2,36000,1.00225338007
81025,81034,85034,9,4000,2,36000,1.00225
81108,81117,85147,9,4030,2,36000,1.00223325062
81206,81216,84983,10,3767,2,36000,1.00265463233
81253,81260,85221,7,3961,2,36000,1.0017672305
81348,81355,85328,7,3973,2,36000,1.00176189278
81364,81370,85189,6,3819,2,36000,1.00157109191
81438,81447,85261,9,3814,2,36000,1.00235972732
81458,81466,85384,8,3918,2,36000,1.00204185809
81544,81554,85552,10,3998,2,36000,1.00250125063
81606,81615,85405,9,3790,2,36000,1.00237467018
81622,81632,85353,10,3721,2,36000,1.00268744961
81687,81694,85715,7,4021,2,36000,1.00174086048
81724,81734,85785,10,4051,2,36000,1.00246852629
81743,81750,85500,7,3750,2,36000,1.00186666667
81765,81772,85515,7,3743,2,36000,1.00187015763
81784,81793,85569,9,3776,2,36000,1.00238347458
81808,81816,85684,8,3868,2,36000,1.00206825233
81823,81833,85666,10,3833,2,36000,1.00260892252
81859,81865,85666,6,3801,2,36000,1.00157853197
81899,81908,85842,9,3934,2,36000,1.00228774784
82018,82026,85738,8,3712,2,36000,1.00215517241
82044,82053,85963,9,3910,2,36000,1.00230179028
82086,82096,86008,10,3912,2,36000,1.00255623722
82102,82108,85957,6,3849,2,36000,1.00155884645
82143,82152,86107,9,3955,2,36000,1.00227560051
82158,82164,86206,6,4042,2,36000,1.00148441366
82174,82180,86075,6,3895,2,36000,1.00154043646
82175,82186,85893,11,3707,2,36000,1.00296735905
82415,82425,86151,10,3726,2,36000,1.00268384326
82601,82610,86543,9,3933,2,36000,1.00228832952
82733,82742,86491,9,3749,2,36000,1.00240064017
82822,82831,86685,9,3854,2,36000,1.00233523612
82847,82856,86776,9,3920,2,36000,1.00229591837
82989,82999,86724,10,3725,2,36000,1.00268456376
83743,83749,83750,6,1,1,36000,1.0
83748,83755,83756,7,1,1,36000,1.0
83892,83900,83902,8,2,1,36000,1.0
84003,84009,84031,6,22,1,36000,1.27272727273
84006,84015,84031,9,16,1,36000,1.5625
84236,84246,88210,10,3964,2,36000,1.00252270434
84254,84262,88164,8,3902,2,36000,1.00205023065
84352,84362,88322,10,3960,2,36000,1.00252525253
84556,84563,88577,7,4014,2,36000,1.00174389636
84849,84856,88756,7,3900,2,36000,1.00179487179
84944,84951,88772,7,3821,2,36000,1.00183198116
84985,84994,88857,9,3863,2,36000,1.0023297955
85037,85045,88951,8,3906,2,36000,1.00204813108
85048,85054,85056,6,2,1,36000,1.0
85143,85149,85151,6,2,1,36000,1.0
85146,85155,85162,9,7,1,36000,1.6
85149,85161,88972,12,3811,2,36000,1.00314877985
85193,85201,89244,8,4043,2,36000,1.00197872867
85223,85233,89128,10,3895,2,36000,1.00256739409
85264,85272,89175,8,3903,2,36000,1.00204970535
85331,85339,89149,8,3810,2,36000,1.00209973753
85356,85365,89188,9,3823,2,36000,1.00235417212
85387,85396,89386,9,3990,2,36000,1.0022556391
85409,85417,89056,8,3639,2,36000,1.00219840616
85504,85512,89517,8,4005,2,36000,1.00199750312
85519,85526,89542,7,4016,2,36000,1.00174302789
85553,85563,89513,10,3950,2,36000,1.00253164557
85571,85581,89460,10,3879,2,36000,1.00257798402
85670,85678,89423,8,3745,2,36000,1.00213618158
85671,85683,89705,12,4022,2,36000,1.00298359025
85688,85695,89476,7,3781,2,36000,1.00185136207
85716,85726,89504,10,3778,2,36000,1.00264690312
85742,85749,89769,7,4020,2,36000,1.00174129353
85789,85796,89605,7,3809,2,36000,1.00183775269
85845,85854,89935,9,4081,2,36000,1.00220534183
85894,85904,89843,10,3939,2,36000,1.00253871541
85959,85968,90016,9,4048,2,36000,1.00222332016
85975,85981,89867,6,3886,2,36000,1.00154400412
86009,86019,89870,10,3851,2,36000,1.00259672812
86076,86086,89758,10,3672,2,36000,1.00272331155
86111,86118,89972,7,3854,2,36000,1.00181629476
86154,86162,89973,8,3811,2,36000,1.00209918657
86209,86217,90172,8,3955,2,36000,1.00202275601
86493,86502,90334,9,3832,2,36000,1.00234864301
86546,86554,90494,8,3940,2,36000,1.00203045685
86688,86696,90658,8,3962,2,36000,1.00201918223
86729,86735,90633,6,3898,2,36000,1.0015392509
86779,86787,90754,8,3967,2,36000,1.00201663726
88168,88175,92048,7,3873,2,36000,1.00180738446
88212,88221,92232,9,4011,2,36000,1.00224382947
88323,88333,92338,10,4005,2,36000,1.0024968789
88581,88588,92282,7,3694,2,36000,1.00189496481
88758,88767,92621,9,3854,2,36000,1.00233523612
88774,88784,92794,10,4010,2,36000,1.00249376559
88859,88868,92660,9,3792,2,36000,1.00237341772
88954,88962,92826,8,3864,2,36000,1.00207039337
88975,88983,92885,8,3902,2,36000,1.00205023065
89059,89067,92845,8,3778,2,36000,1.0021175225
89129,89139,93126,10,3987,2,36000,1.00250815149
89150,89160,93049,10,3889,2,36000,1.0025713551
89178,89186,92988,8,3802,2,36000,1.00210415571
89193,89199,93073,6,3874,2,36000,1.00154878678
89245,89255,93125,10,3870,2,36000,1.00258397933
89388,89397,93310,9,3913,2,36000,1.00230002556
89425,89434,93338,9,3904,2,36000,1.00230532787
89462,89472,93516,10,4044,2,36000,1.00247279921
89477,89487,93264,10,3777,2,36000,1.00264760392
89506,89515,93500,9,3985,2,36000,1.00225846926
89522,89528,93485,6,3957,2,36000,1.00151630023
89523,89534,93553,11,4019,2,36000,1.00273699925
89545,89554,93552,9,3998,2,36000,1.00225112556
89606,89616,93613,10,3997,2,36000,1.00250187641
89708,89716,93743,8,4027,2,36000,1.00198659051
89760,89769,93483,9,3714,2,36000,1.00242326333
89775,89781,93593,6,3812,2,36000,1.00157397692
89847,89854,93897,7,4043,2,36000,1.00173138758
89868,89878,93840,10,3962,2,36000,1.00252397779
89883,89889,93805,6,3916,2,36000,1.00153217569
89936,89946,93862,10,3916,2,36000,1.00255362615
89974,89984,93829,10,3845,2,36000,1.00260078023
89976,89989,93906,13,3917,2,36000,1.00331886648
90019,90027,94015,8,3988,2,36000,1.00200601805
90174,90183,94148,9,3965,2,36000,1.00226986129
90337,90345,94259,8,3914,2,36000,1.00204394481
90497,90505,94391,8,3886,2,36000,1.00205867216
90637,90644,94529,7,3885,2,36000,1.0018018018
90658,90669,94744,11,4075,2,36000,1.0026993865
90758,90766,94613,8,3847,2,36000,1.0020795425
92050,92059,95975,9,3916,2,36000,1.00229826353
92235,92243,96176,8,3933,2,36000,1.00203407068
92285,92294,96119,9,3825,2,36000,1.00235294118
92341,92349,96062,8,3713,2,36000,1.00215459197
92623,92633,96469,10,3836,2,36000,1.00260688217
92663,92671,96592,8,3921,2,36000,1.00204029584
92796,92805,96659,9,3854,2,36000,1.00233523612
92830,92838,96850,8,4012,2,36000,1.00199401795
92852,92858,96686,6,3828,2,36000,1.00156739812
92893,92899,96866,6,3967,2,36000,1.00151247794
92913,92919,93115,6,196,1,1800,1.0306122449
92991,92999,96950,8,3951,2,36000,1.00202480385
93054,93060,97180,6,4120,2,36000,1.00145631068
93077,93085,96797,8,3712,2,36000,1.00215517241
93130,93138,97196,8,4058,2,36000,1.00197141449
93131,93143,97043,12,3900,2,36000,1.00307692308
93152,93158,116560,6,23402,8,86400,1.00025638834
93266,93275,96992,9,3717,2,36000,1.00242130751
93314,93321,97380,7,4059,2,36000,1.0017245627
93345,93351,97128,6,3777,2,36000,1.00158856235
93487,93497,97462,10,3965,2,36000,1.0025220681
93488,93502,97500,14,3998,2,36000,1.00350175088
93508,93514,97435,6,3921,2,36000,1.00153022188
93526,93532,97380,6,3848,2,36000,1.00155925156
93561,93567,97576,6,4009,2,36000,1.00149663258
93562,93573,97588,11,4015,2,36000,1.00273972603
93596,93605,97557,9,3952,2,36000,1.00227732794
93616,93624,97357,8,3733,2,36000,1.00214304849
93744,93754,97392,10,3638,2,36000,1.00274876306
93812,93817,97752,5,3935,2,36000,1.00127064803
93834,93840,97836,6,3996,2,36000,1.0015015015
93850,93856,97824,6,3968,2,36000,1.00151209677
93871,93877,97842,6,3965,2,36000,1.00151324086
93902,93909,97834,7,3925,2,36000,1.00178343949
93919,93925,97799,6,3874,2,36000,1.00154878678
94020,94027,97975,7,3948,2,36000,1.00177304965
94153,94159,98058,6,3899,2,36000,1.00153885612
94261,94270,98228,9,3958,2,36000,1.00227387569
94395,94402,98500,7,4098,2,36000,1.00170815032
94535,94541,98523,6,3982,2,36000,1.00150678051
94617,94625,98570,8,3945,2,36000,1.0020278834
94756,94762,98697,6,3935,2,36000,1.00152477764
95717,95723,107700,6,11977,32,115200,1.00050096017
95976,95986,99835,10,3849,2,36000,1.00259807742
96062,96073,99990,11,3917,2,36000,1.00280827164
96123,96131,100099,8,3968,2,36000,1.00201612903
96179,96187,100131,8,3944,2,36000,1.00202839757
96472,96480,100367,8,3887,2,36000,1.00205814253
96594,96603,100538,9,3935,2,36000,1.00228716645
96662,96670,100413,8,3743,2,36000,1.002137323
96691,96698,100427,7,3729,2,36000,1.00187717887
96801,96809,100837,8,4028,2,36000,1.00198609732
96854,96861,100818,7,3957,2,36000,1.00176901693
96869,96877,100882,8,4005,2,36000,1.00199750312
96953,96962,100868,9,3906,2,36000,1.00230414747
96997,97004,101024,7,4020,2,36000,1.00174129353
97047,97055,101015,8,3960,2,36000,1.00202020202
97057,97063,107882,6,10819,16,10800,1.00055457991
97129,97139,101015,10,3876,2,36000,1.00257997936
97182,97192,101181,10,3989,2,36000,1.00250689396
97197,97208,101198,11,3990,2,36000,1.00275689223
97223,97229,108038,6,10809,16,10800,1.00055509298
97360,97368,101126,8,3758,2,36000,1.00212879191
97375,97381,108208,6,10827,16,10800,1.00055417013
97385,97391,101289,6,3898,2,36000,1.0015392509
97387,97397,101351,10,3954,2,36000,1.00252908447
97402,97408,101171,6,3763,2,36000,1.0015944725
97437,97447,101319,10,3872,2,36000,1.00258264463
97465,97473,101429,8,3956,2,36000,1.00202224469
97502,97512,101547,10,4035,2,36000,1.00247831475
97559,97568,101568,9,4000,2,36000,1.00225
97579,97587,101150,8,3563,2,36000,1.00224529891
97594,97600,101524,6,3924,2,36000,1.00152905199
97755,97764,101644,9,3880,2,36000,1.00231958763
97802,97811,101730,9,3919,2,36000,1.00229650421
97827,97836,101675,9,3839,2,36000,1.00234436051
97843,97849,101882,6,4033,2,36000,1.00148772626
97844,97855,101694,11,3839,2,36000,1.00286532951
97846,97860,101683,14,3823,2,36000,1.00366204551
97978,97986,101762,8,3776,2,36000,1.00211864407
98061,98069,101934,8,3865,2,36000,1.0020698577
98230,98239,102028,9,3789,2,36000,1.00237529691
98500,98506,109316,6,10810,16,10800,1.00055504163
98501,98512,102422,11,3910,2,36000,1.00281329923
98527,98534,102479,7,3945,2,36000,1.00177439797
98572,98581,102609,9,4028,2,36000,1.00223435948
98700,98708,102648,8,3940,2,36000,1.00203045685
99838,99846,103835,8,3989,2,36000,1.00200551517
99989,100002,103836,13,3834,2,36000,1.00339071466
100102,100111,104160,9,4049,2,36000,1.00222277105
100134,100143,104144,9,4001,2,36000,1.00224943764
100370,100378,104441,8,4063,2,36000,1.00196898843
100415,100424,104330,9,3906,2,36000,1.00230414747
100432,100438,104452,6,4014,2,36000,1.00149476831
100542,100549,104631,7,4082,2,36000,1.00171484566
100823,100829,104641,6,3812,2,36000,1.00157397692
100841,100849,104815,8,3966,2,36000,1.00201714574
100872,100879,104919,7,4040,2,36000,1.00173267327
100890,100896,104840,6,3944,2,36000,1.00152129817
101020,101026,104910,6,3884,2,36000,1.00154479918
101021,101032,104793,11,3761,2,36000,1.00292475405
101037,101043,104940,6,3897,2,36000,1.00153964588
101129,101138,105055,9,3917,2,36000,1.00229767679
101154,101162,105036,8,3874,2,36000,1.00206504904
101173,101182,104969,9,3787,2,36000,1.00237655136
101188,101195,105124,7,3929,2,36000,1.00178162382
101203,101210,105171,7,3961,2,36000,1.0017672305
101292,101300,105334,8,4034,2,36000,1.00198314328
101320,101330,105124,10,3794,2,36000,1.00263574064
101355,101363,105351,8,3988,2,36000,1.00200601805
101434,101440,105490,6,4050,2,36000,1.00148148148
101526,101535,105308,9,3773,2,36000,1.00238536973
101548,101559,105402,11,3843,2,36000,1.00286234712
101570,101580,105381,10,3801,2,36000,1.00263088661
101645,101655,105645,10,3990,2,36000,1.00250626566
101676,101686,105703,10,4017,2,36000,1.00248941997
101693,101699,105710,6,4011,2,36000,1.00149588631
101708,101714,105649,6,3935,2,36000,1.00152477764
101733,101741,105783,8,4042,2,36000,1.00197921821
101764,101773,105725,9,3952,2,36000,1.00227732794
101886,101893,105816,7,3923,2,36000,1.00178434871
101936,101946,105906,10,3960,2,36000,1.00252525253
102029,102039,106067,10,4028,2,36000,1.00248262165
102426,102433,106376,7,3943,2,36000,1.001775298
102482,102490,106022,8,3532,2,36000,1.00226500566
102612,102620,106575,8,3955,2,36000,1.00202275601
102649,102659,106483,10,3824,2,36000,1.00261506276
103838,103846,107759,8,3913,2,36000,1.00204446716
103839,103852,107896,13,4044,2,36000,1.00321463897
104004,104010,110476,6,6466,16,10800,1.00092793071
104147,104156,108048,9,3892,2,36000,1.00231243577
104164,104172,108004,8,3832,2,36000,1.00208768267
104333,104341,108392,8,4051,2,36000,1.00197482103
104445,104452,108486,7,4034,2,36000,1.00173525037
104463,104469,108266,6,3797,2,36000,1.00158019489
104636,104642,108569,6,3927,2,36000,1.00152788388
104651,104657,108611,6,3954,2,36000,1.00151745068
104796,104804,108638,8,3834,2,36000,1.00208659364
104817,104826,108824,9,3998,2,36000,1.00225112556
104844,104851,108781,7,3930,2,36000,1.00178117048
104876,104882,104886,6,4,16,10800,1.0
104913,104922,108978,9,4056,2,36000,1.00221893491
104928,104935,108841,7,3906,2,36000,1.0017921147
104946,104952,108814,6,3862,2,36000,1.00155359917
104974,104980,108874,6,3894,2,36000,1.00154083205
105040,105048,108932,8,3884,2,36000,1.00205973223
105056,105066,108961,10,3895,2,36000,1.00256739409
105128,105135,108955,7,3820,2,36000,1.00183246073
105130,105141,108925,11,3784,2,36000,1.00290697674
105175,105182,109075,7,3893,2,36000,1.00179809915
105312,105319,109242,7,3923,2,36000,1.00178434871
105339,105346,109072,7,3726,2,36000,1.00187869028
105356,105361,109243,5,3882,2,36000,1.00128799588
105387,105392,109327,5,3935,2,36000,1.00127064803
105405,105413,109367,8,3954,2,36000,1.00202326758
105496,105501,109297,5,3796,2,36000,1.00131717597
105649,105656,109680,7,4024,2,36000,1.00173956262
105651,105662,109362,11,3700,2,36000,1.00297297297
105707,105714,109624,7,3910,2,36000,1.00179028133
105723,105730,109760,7,4030,2,36000,1.0017369727
105738,105744,109748,6,4004,2,36000,1.0014985015
105787,105794,109657,7,3863,2,36000,1.00181206316
105821,105826,109790,5,3964,2,36000,1.00126135217
105910,105917,109822,7,3905,2,36000,1.00179257362
106029,106035,109967,6,3932,2,36000,1.001525941
106071,106079,110000,8,3921,2,36000,1.00204029584
106240,106246,106252,6,6,16,10800,1.2
106380,106387,110277,7,3890,2,36000,1.00179948586
106395,106401,106403,6,2,16,10800,1.0
106486,106495,110377,9,3882,2,36000,1.00231839258
106577,106587,110433,10,3846,2,36000,1.002600104
107761,107771,111712,10,3941,2,36000,1.00253742705
107900,107908,111848,8,3940,2,36000,1.00203045685
108008,108015,111744,7,3729,2,36000,1.00187717887
108049,108059,112020,10,3961,2,36000,1.002524615
108271,108277,112188,6,3911,2,36000,1.00153413449
108395,108403,112281,8,3878,2,36000,1.00206291903
108489,108497,112163,8,3666,2,36000,1.00218221495
108575,108581,112619,6,4038,2,36000,1.0014858841
108614,108623,112267,9,3644,2,36000,1.00246981339
108641,108649,112439,8,3790,2,36000,1.00211081794
108786,108793,112734,7,3941,2,36000,1.00177619893
108818,108826,112770,8,3944,2,36000,1.00202839757
108833,108840,112733,7,3893,2,36000,1.00179809915
108848,108855,112658,7,3803,2,36000,1.00184065212
108878,108885,112758,7,3873,2,36000,1.00180738446
108928,108936,113015,8,4079,2,36000,1.00196126502
108944,108950,112906,6,3956,2,36000,1.00151668352
108959,108966,112825,7,3859,2,36000,1.00181394144
108975,108981,112589,6,3608,2,36000,1.00166297118
108990,108996,112937,6,3941,2,36000,1.00152245623
109076,109086,113045,10,3959,2,36000,1.00252589038
109077,109091,113152,14,4061,2,36000,1.00344742674
109194,109200,109203,6,3,32,10800,1.0
109251,109257,113197,6,3940,2,36000,1.00152284264
109252,109263,113221,11,3958,2,36000,1.0027791814
109301,109309,113126,8,3817,2,36000,1.00209588682
109329,109338,113172,9,3834,2,36000,1.00234741784
109366,109373,113141,7,3768,2,36000,1.00185774947
109381,109387,113248,6,3861,2,36000,1.00155400155
109628,109636,113565,8,3929,2,36000,1.00203614151
109660,109668,113416,8,3748,2,36000,1.00213447172
109682,109691,113646,9,3955,2,36000,1.00227560051
109750,109759,113767,9,4008,2,36000,1.00224550898
109768,109774,113591,6,3817,2,36000,1.00157191512
109796,109801,113698,5,3897,2,36000,1.00128303823
109817,109823,110119,6,296,32,10800,1.02027027027
109823,109833,113648,10,3815,2,36000,1.00262123198
109968,109978,113978,10,4000,2,36000,1.0025
110003,110011,113810,8,3799,2,36000,1.00210581732
110270,110276,110850,6,574,32,10800,1.01045296167
110283,110289,114071,6,3782,2,36000,1.00158646219
110381,110388,114213,7,3825,2,36000,1.00183006536
110440,110446,114516,6,4070,2,36000,1.00147420147
111712,111723,115654,11,3931,2,36000,1.00279827016
111747,111755,115555,8,3800,2,36000,1.00210526316
111850,111859,115841,9,3982,2,36000,1.00226017077
112024,112031,116009,7,3978,2,36000,1.00175967823
112165,112174,116213,9,4039,2,36000,1.00222827433
112190,112199,116040,9,3841,2,36000,1.00234313981
112271,112278,116275,7,3997,2,36000,1.00175131349
112287,112293,116261,6,3968,2,36000,1.00151209677
112442,112450,116456,8,4006,2,36000,1.00199700449
112589,112600,116459,11,3859,2,36000,1.0028504794
112623,112630,116472,7,3842,2,36000,1.00182196773
112648,112654,113245,6,591,32,10800,1.01015228426
112661,112669,116537,8,3868,2,36000,1.00206825233
112736,112745,116639,9,3894,2,36000,1.00231124807
112737,112750,116691,13,3941,2,36000,1.00329865516
112761,112770,116784,9,4014,2,36000,1.00224215247
112776,112782,116750,6,3968,2,36000,1.00151209677
112829,112837,116760,8,3923,2,36000,1.00203925567
112909,112918,116841,9,3923,2,36000,1.00229416263
112941,112948,116895,7,3947,2,36000,1.00177349886
113018,113026,116842,8,3816,2,36000,1.00209643606
113047,113056,117060,9,4004,2,36000,1.00224775225
113127,113137,117120,10,3983,2,36000,1.00251067035
113143,113152,117061,9,3909,2,36000,1.00230237913
113158,113165,117095,7,3930,2,36000,1.00178117048
113175,113184,117131,9,3947,2,36000,1.00228021282
113200,113208,117067,8,3859,2,36000,1.00207307593
113222,113232,117007,10,3775,2,36000,1.00264900662
113250,113259,117099,9,3840,2,36000,1.00234375
113418,113427,117200,9,3773,2,36000,1.00238536973
113567,113576,117427,9,3851,2,36000,1.00233705531
113595,113603,117431,8,3828,2,36000,1.00208986416
113649,113657,117590,8,3933,2,36000,1.00203407068
113651,113663,117546,12,3883,2,36000,1.00309039403
113701,113709,117514,8,3805,2,36000,1.00210249671
113770,113779,117754,9,3975,2,36000,1.00226415094
113814,113822,117747,8,3925,2,36000,1.00203821656
113984,113989,118017,5,4028,2,36000,1.00124131082
114074,114083,117948,9,3865,2,36000,1.00232858991
114214,114224,118162,10,3938,2,36000,1.00253936008
114371,114377,114381,6,4,4,3600,1.0
114402,114409,115974,7,1565,4,3600,1.00447284345
114519,114527,118116,8,3589,2,36000,1.00222903316
114554,114560,115171,6,611,32,10800,1.00981996727
115490,115497,115967,7,470,4,3600,1.01489361702
115558,115566,119441,8,3875,2,36000,1.00206451613
115658,115665,119509,7,3844,2,36000,1.00182101977
115846,115852,119732,6,3880,2,36000,1.00154639175
115996,116002,116238,6,236,4,3600,1.02542372881
116016,116022,119865,6,3843,2,36000,1.00156128025
116049,116055,120089,6,4034,2,36000,1.00148735746
116223,116228,120125,5,3897,2,36000,1.00128303823
116256,116262,119900,6,3638,4,3600,1.00164925783
116264,116272,120177,8,3905,2,36000,1.00204865557
116280,116286,120147,6,3861,2,36000,1.00155400155
116462,116467,120327,5,3860,2,36000,1.00129533679
116463,116473,120120,10,3647,2,36000,1.00274197971
116478,116484,120364,6,3880,2,36000,1.00154639175
116539,116548,120519,9,3971,2,36000,1.00226643163
116641,116650,120651,9,4001,2,36000,1.00224943764
116693,116702,120620,9,3918,2,36000,1.00229709035
116718,116724,116927,6,203,4,3600,1.02955665025
116751,116761,120839,10,4078,2,36000,1.00245218244
116767,116773,120514,6,3741,2,36000,1.00160384924
116786,116795,120834,9,4039,2,36000,1.00222827433
116845,116852,120764,7,3912,2,36000,1.00178936605
116846,116858,120779,12,3921,2,36000,1.00306044376
116899,116906,120939,7,4033,2,36000,1.00173568063
116930,116937,117553,7,616,4,3600,1.01136363636
117010,117019,121042,9,4023,2,36000,1.00223713647
117062,117071,120878,9,3807,2,36000,1.00236406619
117063,117077,120759,14,3682,2,36000,1.00380228137
117080,117086,120823,6,3737,2,36000,1.00160556596
117099,117106,121099,7,3993,2,36000,1.00175306787
117101,117112,121092,11,3980,2,36000,1.0027638191
117123,117131,121014,8,3883,2,36000,1.00206026268
117138,117144,121043,6,3899,2,36000,1.00153885612
117204,117211,121325,7,4114,2,36000,1.00170150705
117388,117394,142951,6,25557,2,43200,1.00023476934
117431,117437,121490,6,4053,2,36000,1.0014803849
117447,117453,121507,6,4054,2,36000,1.00148001973
117518,117525,121496,7,3971,2,36000,1.00176278016
117551,117557,121491,6,3934,2,36000,1.00152516523
117595,117602,121447,7,3845,2,36000,1.00182054616
117722,117728,147420,6,29692,2,43200,1.00020207463
117748,117762,121668,14,3906,2,36000,1.00358422939
117750,117756,117757,6,1,1,144000,1.0
117763,117769,121740,6,3971,2,36000,1.00151095442
117952,117959,121726,7,3767,2,36000,1.00185824263
117995,118001,119664,6,1663,8,86400,1.00360793746
118019,118028,122004,9,3976,2,36000,1.00226358149
118077,118084,146402,7,28318,1,144000,1.0002471926
118112,118127,121871,15,3744,2,36000,1.00400641026
118165,118173,122092,8,3919,2,36000,1.00204133708
118194,118200,146404,6,28204,1,144000,1.00021273578
118203,118209,146407,6,28198,1,144000,1.00021278105
118208,118215,146438,7,28223,1,144000,1.00024802466
118214,118221,146438,7,28217,1,144000,1.0002480774
118219,118227,146444,8,28217,1,144000,1.00028351703
118223,118233,146443,10,28210,1,144000,1.00035448423
118227,118238,146462,11,28224,1,144000,1.00038973923
118232,118244,146443,12,28199,1,144000,1.00042554701
118611,118617,143805,6,25188,2,43200,1.00023820867
118813,118819,205114,6,86295,4,90000,1.00006952894
118825,118831,148618,6,29787,2,43200,1.00020143015
119202,119209,121045,7,1836,4,126000,1.00381263617
119443,119452,123498,9,4046,2,36000,1.00222441918
119513,119521,123569,8,4048,2,36000,1.00197628458
119531,119537,128281,6,8744,4,122400,1.00068618481
119737,119743,123775,6,4032,2,36000,1.00148809524
119802,119809,153029,7,33220,2,43200,1.00021071644
119869,119876,123711,7,3835,2,36000,1.00182529335
120087,120094,235334,7,115240,4,158400,1.0000607428
120091,120100,124001,9,3901,2,36000,1.00230710074
120100,120106,129578,6,9472,2,43200,1.00063344595
120124,120131,124037,7,3906,2,36000,1.0017921147
120140,120146,123982,6,3836,2,36000,1.0015641293
120155,120161,124049,6,3888,2,36000,1.00154320988
120158,120167,207422,9,87255,4,158400,1.00010314595
120180,120188,123926,8,3738,2,36000,1.00214018192
120330,120338,124206,8,3868,2,36000,1.00206825233
120348,120354,151122,6,30768,4,162000,1.0001950078
120368,120376,124178,8,3802,2,36000,1.00210415571
120428,120435,282458,7,162023,4,162000,1.00004320374
120520,120526,124482,6,3956,2,36000,1.00151668352
120522,120532,124492,10,3960,2,36000,1.00252525253
120564,120570,210615,6,90045,4,90000,1.00006663335
120622,120631,124652,9,4021,2,36000,1.00223824919
120651,120662,124600,11,3938,2,36000,1.00279329609
120721,120727,121128,6,401,4,3600,1.01496259352
120761,120770,124720,9,3950,2,36000,1.00227848101
120777,120783,124656,6,3873,2,36000,1.00154918668
120792,120798,124625,6,3827,2,36000,1.00156780768
120792,120803,120807,11,4,24,64800,1.5
120828,120834,124800,6,3966,2,36000,1.0015128593
120844,120850,124573,6,3723,2,36000,1.00161160355
120845,120856,124593,11,3737,2,36000,1.0029435376
120879,120892,124649,13,3757,2,36000,1.00346020761
120880,120886,120910,6,24,1,36000,1.25
120918,120924,120926,6,2,24,64800,1.0
120941,120950,124993,9,4043,2,36000,1.00222606975
120968,120974,120981,6,7,24,64800,1.3
121016,121025,124784,9,3759,2,36000,1.00239425379
121045,121054,124738,9,3684,2,36000,1.00244299674
121046,121059,125033,13,3974,2,36000,1.00327126321
121094,121104,125015,10,3911,2,36000,1.00255689082
121109,121115,125021,6,3906,2,36000,1.00153609831
121140,121147,121440,7,293,4,3600,1.02389078498
121329,121337,125336,8,3999,2,36000,1.00200050013
121441,121450,160649,9,39199,4,90000,1.00022959769
121451,121458,125387,7,3929,2,36000,1.00178162382
121495,121500,125168,5,3668,2,36000,1.00136314068
121496,121506,125340,10,3834,2,36000,1.00260824204
121513,121518,125355,5,3837,2,36000,1.00130310138
121514,121524,125442,10,3918,2,36000,1.00255232261
121612,121618,121640,6,22,1,36000,1.27272727273
121671,121679,125654,8,3975,2,36000,1.00201257862
121730,121737,125743,7,4006,2,36000,1.00174737893
121746,121752,125709,6,3957,2,36000,1.00151630023
121875,121883,125887,8,4004,2,36000,1.001998002
121940,121946,121954,6,8,1,36000,1.4
121942,121952,121955,10,3,2,43200,1.3
122009,122014,125841,5,3827,2,36000,1.0013065064
122094,122103,125915,9,3812,2,36000,1.00236096537
122103,122109,124036,6,1927,1,1800,1.00311364816
122193,122200,122793,7,593,4,3600,1.01180438449
122194,122205,151564,11,29359,2,43200,1.00037467216
122354,122360,153151,6,30791,2,43200,1.00019486214
122470,122476,122479,6,3,2,90000,1.0
122683,122689,133814,6,11125,2,90000,1.00053932584
122726,122732,146004,6,23272,2,43200,1.00025782056
123087,123093,152869,6,29776,2,43200,1.00020150457
123502,123509,127499,7,3990,2,36000,1.00175438596
123551,123557,123691,6,134,4,3600,1.0447761194
123570,123580,127370,10,3790,2,36000,1.00263852243
123714,123723,127671,9,3948,2,36000,1.00227963526
123776,123786,127474,10,3688,2,36000,1.00271149675
123926,123937,127844,11,3907,2,36000,1.00281545943
123985,123993,127894,8,3901,2,36000,1.00205075622
124003,124012,127700,9,3688,2,36000,1.00244034707
124039,124048,127972,9,3924,2,36000,1.00229357798
124055,124062,127898,7,3836,2,36000,1.00182481752
124088,124094,150945,6,26851,2,43200,1.00022345536
124181,124190,128104,9,3914,2,36000,1.00229943792
124210,124217,128191,7,3974,2,36000,1.00176144942
124336,124342,155512,6,31170,2,43200,1.00019249278
124487,124493,128514,6,4021,2,36000,1.00149216613
124503,124509,128279,6,3770,2,36000,1.00159151194
124576,124585,128503,9,3918,2,36000,1.00229709035
124595,124605,128574,10,3969,2,36000,1.00251952633
124611,124617,128440,6,3823,2,36000,1.00156944808
124627,124636,128588,9,3952,2,36000,1.00227732794
124656,124662,128598,6,3936,2,36000,1.00152439024
124657,124668,128635,11,3967,2,36000,1.00277287623
124658,124673,128577,15,3904,2,36000,1.00384221311
124723,124731,128657,8,3926,2,36000,1.0020376974
124741,124749,128703,8,3954,2,36000,1.00202326758
124789,124795,128614,6,3819,2,36000,1.00157109191
124805,124811,128595,6,3784,2,36000,1.00158562368
124938,124944,211387,6,86443,8,86400,1.0000694099
124991,124997,151258,6,26261,8,43200,1.00022847569
124997,125005,128952,8,3947,2,36000,1.00202685584
125016,125031,129004,15,3973,2,36000,1.00377548452
125019,125025,157521,6,32496,2,43200,1.00018463811
125035,125041,129006,6,3965,2,36000,1.00151324086
125036,125047,128808,11,3761,2,36000,1.00292475405
125169,125179,129088,10,3909,2,36000,1.00255819903
125340,125347,129166,7,3819,2,36000,1.00183294056
125342,125353,129331,11,3978,2,36000,1.00276520865
125357,125366,129157,9,3791,2,36000,1.00237404379
125389,125398,129306,9,3908,2,36000,1.00230296827
125447,125453,129501,6,4048,2,36000,1.00148221344
125475,125481,142336,6,16855,10,43200,1.00035597745
125658,125665,129594,7,3929,2,36000,1.00178162382
125714,125720,129732,6,4012,2,36000,1.00149551346
125747,125754,129742,7,3988,2,36000,1.0017552658
125842,125852,129837,10,3985,2,36000,1.00250941029
125889,125898,129710,9,3812,2,36000,1.00236096537
125919,125929,129961,10,4032,2,36000,1.00248015873
125934,125946,126886,12,940,1,72000,1.01276595745
125934,125940,127311,6,1371,1,72000,1.00437636761
125935,125956,127574,21,1618,1,72000,1.0129789864
125935,125968,127365,33,1397,1,72000,1.02362204724
125935,125979,125999,44,20,1,72000,3.2
125935,125951,126901,16,950,1,72000,1.01684210526
125935,125974,126038,39,64,1,72000,1.609375
125935,125963,127196,28,1233,1,72000,1.02270884023
125936,126011,127531,75,1520,1,72000,1.04934210526
125936,126017,127336,81,1319,1,72000,1.06141015921
125936,125985,125999,49,14,1,72000,4.5
125936,126001,126017,65,16,1,72000,5.0625
125936,125990,126043,54,53,1,72000,2.01886792453
125936,126006,126046,70,40,1,72000,2.75
125936,125995,126109,59,114,1,72000,1.51754385965
125937,126033,126942,96,909,1,72000,1.10561056106
125937,126028,127026,91,998,1,72000,1.09118236473
125937,126044,126448,107,404,1,72000,1.26485148515
125937,126049,126325,112,276,1,72000,1.40579710145
125937,126038,127550,101,1512,1,72000,1.0667989418
125937,126023,127744,86,1721,1,72000,1.04997094712
125938,126054,126511,116,457,1,72000,1.25382932166
125938,126086,126631,148,545,1,72000,1.27155963303
125938,126076,126505,138,429,1,72000,1.32167832168
125938,126065,126229,127,164,1,72000,1.7743902439
125938,126060,126173,122,113,1,72000,2.0796460177
125938,126081,126381,143,300,1,72000,1.47666666667
125938,126070,126432,132,362,1,72000,1.36464088398
125939,126104,126286,165,182,1,72000,1.90659340659
125939,126109,126524,170,415,1,72000,1.40963855422
125939,126092,126239,153,147,1,72000,2.04081632653
125986,126098,143030,112,16932,10,43200,1.00661469407
126802,126808,126815,6,7,24,64800,1.3
126863,126869,146183,6,19314,10,43200,1.00031065548
126920,126927,146627,7,19700,24,64800,1.00035532995
127116,127122,164327,6,37205,2,72000,1.00016126865
127372,127381,131450,9,4069,2,36000,1.00221184566
127380,127387,252259,7,124872,1,144000,1.0000560574
127400,127406,131038,6,3632,4,3600,1.00165198238
127478,127486,131439,8,3953,2,36000,1.00202377941
127505,127511,131373,6,3862,2,36000,1.00155359917
127682,127688,131614,6,3926,2,36000,1.00152827305
127704,127711,131374,7,3663,2,36000,1.00191100191
127804,127810,149503,6,21693,12,43200,1.00027658692
127845,127855,131844,10,3989,2,36000,1.00250689396
127899,127905,131861,6,3956,2,36000,1.00151668352
127900,127911,131824,11,3913,2,36000,1.00281114235
127977,127982,131850,5,3868,2,36000,1.0012926577
128108,128115,131805,7,3690,2,36000,1.00189701897
128194,128202,131998,8,3796,2,36000,1.00210748156
128280,128290,132147,10,3857,2,36000,1.00259268862
128443,128451,132452,8,4001,2,36000,1.00199950012
128506,128514,132393,8,3879,2,36000,1.00206238721
128523,128529,132348,6,3819,2,36000,1.00157109191
128579,128585,132383,6,3798,2,36000,1.00157977883
128581,128591,132511,10,3920,2,36000,1.00255102041
128603,128609,132670,6,4061,2,36000,1.0014774686
128604,128615,132514,11,3899,2,36000,1.00282123621
128606,128620,132535,14,3915,2,36000,1.00357598978
128631,128637,132520,6,3883,2,36000,1.00154519701
128647,128653,132530,6,3877,2,36000,1.00154758834
128662,128668,132586,6,3918,2,36000,1.00153139357
128707,128715,132667,8,3952,2,36000,1.0020242915
128812,128819,132822,7,4003,2,36000,1.00174868848
128959,128965,132888,6,3923,2,36000,1.00152944175
129007,129016,132776,9,3760,2,36000,1.00239361702
129008,129022,132906,14,3884,2,36000,1.00360453141
129015,129027,146206,12,17179,10,43200,1.00069852727
129090,129099,133033,9,3934,2,36000,1.00228774784
129160,129168,133126,8,3958,2,36000,1.00202122284
129177,129183,133089,6,3906,2,36000,1.00153609831
129310,129317,133194,7,3877,2,36000,1.00180551973
129332,129342,133203,10,3861,2,36000,1.00259000259
129493,129499,129780,6,281,4,3600,1.02135231317
129513,129519,133518,6,3999,2,36000,1.00150037509
129588,129594,165616,6,36022,4,36000,1.00016656488
129601,129607,133622,6,4015,2,36000,1.00149439601
129711,129717,129725,6,8,4,36000,1.4
129717,129723,133696,6,3973,2,36000,1.00151019381
129738,129743,133848,5,4105,2,36000,1.0012180268
129754,129760,133648,6,3888,2,36000,1.00154320988
129821,129827,143064,6,13237,4,36000,1.00045327491
129839,129845,131664,6,1819,4,3600,1.00329851567
129842,129851,133562,9,3711,2,36000,1.00242522231
129876,129882,156501,6,26619,4,36000,1.00022540291
129965,129971,166006,6,36035,4,36000,1.00016650479
129966,129977,133838,11,3861,2,36000,1.00284900285
130033,130040,130954,7,914,2,900,1.00765864333
130053,130061,130121,8,60,1,72000,1.13333333333
130137,130143,130235,6,92,1,72000,1.0652173913
130292,130298,130571,6,273,1,72000,1.02197802198
130365,130372,137514,7,7142,1,86400,1.00098011761
130408,130582,130813,174,231,1,72000,1.75324675325
131169,131175,131395,6,220,1,72000,1.02727272727
131210,131216,131229,6,13,1,72000,1.46153846154
131269,131275,131586,6,311,1,72000,1.0192926045
131289,131295,131572,6,277,1,72000,1.02166064982
131377,131384,135191,7,3807,2,36000,1.00183871815
131378,131390,135375,12,3985,2,36000,1.00301129235
131442,131450,135470,8,4020,2,36000,1.00199004975
131457,131463,135271,6,3808,2,36000,1.00157563025
131502,131508,146231,6,14723,2,43200,1.00040752564
131618,131625,135634,7,4009,2,36000,1.00174607134
131753,131759,154227,6,22468,2,43200,1.00026704647
131759,131765,132669,6,904,2,900,1.00663716814
131808,131816,135814,8,3998,2,36000,1.0020010005
131828,131835,135737,7,3902,2,36000,1.00179395182
131848,131855,135888,7,4033,2,36000,1.00173568063
131864,131870,135297,6,3427,2,36000,1.00175080245
131865,131876,135788,11,3912,2,36000,1.00281186094
132002,132009,135903,7,3894,2,36000,1.00179763739
132149,132158,136033,9,3875,2,36000,1.00232258065
132312,132318,204353,6,72035,2,72000,1.00008329284
132355,132361,136393,6,4032,2,36000,1.00148809524
132385,132394,136311,9,3917,2,36000,1.00229767679
132400,132407,136407,7,4000,2,36000,1.00175
132455,132463,136355,8,3892,2,36000,1.00205549846
132519,132525,136410,6,3885,2,36000,1.00154440154
132520,132531,136494,11,3963,2,36000,1.00277567499
132541,132547,136494,6,3947,2,36000,1.00152014188
132543,132553,136495,10,3942,2,36000,1.00253678336
132544,132558,136507,14,3949,2,36000,1.00354520132
132590,132598,136547,8,3949,2,36000,1.00202582932
132672,132677,136640,5,3963,2,36000,1.00126167045
132673,132684,136576,11,3892,2,36000,1.00282631038
132789,132795,136746,6,3951,2,36000,1.00151860289
132826,132833,136777,7,3944,2,36000,1.00177484787
132889,132900,136824,11,3924,2,36000,1.00280326198
132915,132922,136672,7,3750,2,36000,1.00186666667
133038,133044,136995,6,3951,2,36000,1.00151860289
133090,133100,136897,10,3797,2,36000,1.00263365815
133132,133138,136744,6,3606,2,36000,1.00166389351
133200,133207,137181,7,3974,2,36000,1.00176144942
133216,133223,137284,7,4061,2,36000,1.00172371337
133224,133230,133806,6,576,4,3600,1.01041666667
133521,133529,137362,8,3833,2,36000,1.00208713801
133547,147539,148285,13992,746,60,1200,19.7560321716
133567,133573,137569,6,3996,2,36000,1.0015015015
133573,133816,134744,243,928,2,900,1.26185344828
133628,133635,137612,7,3977,2,36000,1.00176012069
133656,133662,137553,6,3891,2,36000,1.00154202005
133701,133708,137508,7,3800,2,36000,1.00184210526
133817,133826,134319,9,493,4,3600,1.01825557809
133841,133849,137809,8,3960,2,36000,1.00202020202
133856,133862,134727,6,865,1,36000,1.00693641618
133865,133871,137815,6,3944,2,36000,1.00152129817
134041,146242,206785,12201,60543,2,72000,1.201526188
134277,147544,150465,13267,2921,4,122400,5.54193769257
134600,148297,226624,13697,78327,12,216000,1.17486945753
135195,135203,139127,8,3924,2,36000,1.00203873598
135274,135282,139040,8,3758,2,36000,1.00212879191
135299,135309,139224,10,3915,2,36000,1.00255427842
135378,135386,139300,8,3914,2,36000,1.00204394481
135476,135482,139416,6,3934,2,36000,1.00152516523
135640,135646,139535,6,3889,2,36000,1.00154281306
135739,135748,139630,9,3882,2,36000,1.00231839258
135789,135799,139706,10,3907,2,36000,1.00255950857
135816,135825,139677,9,3852,2,36000,1.0023364486
135890,135899,139969,9,4070,2,36000,1.00221130221
135907,135914,139770,7,3856,2,36000,1.0018153527
136036,136044,139858,8,3814,2,36000,1.0020975354
136312,136322,140267,10,3945,2,36000,1.00253485425
136359,136366,139942,7,3576,2,36000,1.00195749441
136395,136404,140283,9,3879,2,36000,1.00232018561
136413,136418,140373,5,3955,2,36000,1.0012642225
136414,136424,140446,10,4022,2,36000,1.00248632521
136500,136505,140255,5,3750,2,36000,1.00133333333
136501,136512,140466,11,3954,2,36000,1.00278199292
136502,136517,140382,15,3865,2,36000,1.00388098318
136520,136526,140499,6,3973,2,36000,1.00151019381
136549,136558,140417,9,3859,2,36000,1.00233221042
136578,136588,140515,10,3927,2,36000,1.00254647313
136611,136617,137524,6,907,2,900,1.00661521499
136644,136651,140532,7,3881,2,36000,1.00180365885
136676,136684,140511,8,3827,2,36000,1.00209041024
136749,136756,140698,7,3942,2,36000,1.00177574835
136751,136762,140708,11,3946,2,36000,1.00278763305
136778,136788,140756,10,3968,2,36000,1.00252016129
136825,136835,140785,10,3950,2,36000,1.00253164557
136900,136908,140880,8,3972,2,36000,1.00201409869
136998,137006,140524,8,3518,2,36000,1.00227401933
137154,147432,203971,10278,56539,2,108000,1.18178602381
137187,137193,141129,6,3936,2,36000,1.00152439024
137290,137295,141184,5,3889,2,36000,1.00128567755
137350,147550,204370,10200,56820,4,162000,1.17951425554
137370,137376,141152,6,3776,2,36000,1.00158898305
137514,137520,141446,6,3926,2,36000,1.00152827305
137562,137568,141550,6,3982,2,36000,1.00150678051
137577,137583,141420,6,3837,2,36000,1.00156372166
137616,137623,141507,7,3884,2,36000,1.00180226571
137816,137822,141614,6,3792,2,36000,1.00158227848
137831,137837,141738,6,3901,2,36000,1.00153806716
138269,147565,168505,9296,20940,2,43200,1.44393505253
138485,138491,141941,6,3450,2,28800,1.00173913043
139045,139052,143115,7,4063,2,36000,1.00172286488
139128,139138,143080,10,3942,2,36000,1.00253678336
139227,139236,143076,9,3840,2,36000,1.00234375
139303,139311,142824,8,3513,2,36000,1.00227725591
139343,139349,140278,6,929,2,900,1.00645855759
139416,139427,143492,11,4065,2,36000,1.00270602706
139538,139546,143550,8,4004,2,36000,1.001998002
139634,139642,143504,8,3862,2,36000,1.00207146556
139681,139688,143480,7,3792,2,36000,1.00184599156
139710,139718,143589,8,3871,2,36000,1.00206664944
139715,150476,177596,10761,27120,2,43200,1.3967920354
139777,139783,143514,6,3731,2,36000,1.00160814795
139861,139869,143667,8,3798,2,36000,1.00210637177
139947,139953,143905,6,3952,2,36000,1.00151821862
139973,139981,143923,8,3942,2,36000,1.00202942669
140256,140266,144151,10,3885,2,36000,1.00257400257
140273,140279,144259,6,3980,2,36000,1.00150753769
140289,140295,144036,6,3741,2,36000,1.00160384924
140376,140384,144404,8,4020,2,36000,1.00199004975
140394,140401,144311,7,3910,2,36000,1.00179028133
140423,140428,144297,5,3869,2,36000,1.0012923236
140450,140458,144307,8,3849,2,36000,1.00207846194
140472,140478,144083,6,3605,2,36000,1.00166435506
140504,140510,144432,6,3922,2,36000,1.00152983172
140527,140533,144560,6,4027,2,36000,1.00148994289
140528,140539,144576,11,4037,2,36000,1.00272479564
140530,140544,144649,14,4105,2,36000,1.00341047503
140548,140554,144385,6,3831,2,36000,1.00156617071
140701,140709,144662,8,3953,2,36000,1.00202377941
140717,140723,144743,6,4020,2,36000,1.00149253731
140759,140767,144563,8,3796,2,36000,1.00210748156
140790,140796,144689,6,3893,2,36000,1.00154122784
140884,140892,144822,8,3930,2,36000,1.00203562341
140999,141005,151061,6,10056,4,21600,1.00059665871
141006,142347,162463,1341,20116,4,21600,1.06666335256
141137,141142,145156,5,4014,2,36000,1.00124564026
141156,141163,145066,7,3903,2,36000,1.00179349219
141187,141195,144724,8,3529,2,36000,1.00226693114
141425,141431,145494,6,4063,2,36000,1.00147674132
141449,141457,145122,8,3665,2,36000,1.00218281037
141510,141518,145509,8,3991,2,36000,1.00200451015
141553,141561,145572,8,4011,2,36000,1.00199451508
141564,146648,362672,5084,216024,1,216000,1.0235344221
141620,141628,145594,8,3966,2,36000,1.00201714574
141680,148328,206801,6648,58473,2,108000,1.11369349956
141743,141750,145692,7,3942,2,36000,1.00177574835
141791,141797,141942,6,145,2,14400,1.04137931034
141798,141953,141954,155,1,2,14400,15.6
141899,141965,141968,66,3,2,14400,6.9
141989,148333,155957,6344,7624,2,28800,1.83210912907
142040,142046,142114,6,68,2,14400,1.08823529412
142055,142126,142297,71,171,2,14400,1.41520467836
142079,142309,142481,230,172,2,14400,2.33720930233
142828,142835,146774,7,3939,2,36000,1.00177710079
143083,143088,147108,5,4020,2,36000,1.00124378109
143084,143094,147085,10,3991,2,36000,1.00250563768
143121,143127,147019,6,3892,2,36000,1.00154162384
143190,148339,163409,5149,15070,2,36000,1.34167219642
143485,143491,147410,6,3919,2,36000,1.00153100281
143500,143506,147478,6,3972,2,36000,1.00151057402
143516,143522,147534,6,4012,2,36000,1.00149551346
143518,143528,147493,10,3965,2,36000,1.0025220681
143553,143562,147361,9,3799,2,36000,1.00236904449
143594,143600,147489,6,3889,2,36000,1.00154281306
143671,143678,147398,7,3720,2,36000,1.00188172043
143908,143917,147868,9,3951,2,36000,1.00227790433
143926,143934,147715,8,3781,2,36000,1.00211584237
143931,143940,144583,9,643,2,14400,1.01399688958
143949,143956,144348,7,392,2,14400,1.01785714286
143954,148344,166384,4390,18040,2,43200,1.2433481153
144040,144048,148113,8,4065,2,36000,1.00196801968
144084,144094,148014,10,3920,2,36000,1.00255102041
144155,144162,147983,7,3821,2,36000,1.00183198116
144263,148323,164358,4060,16035,10,43200,1.25319613346
144263,144270,148122,7,3852,2,36000,1.0018172378
144298,144308,148145,10,3837,2,36000,1.00260620276
144314,144320,148280,6,3960,2,36000,1.00151515152
144315,144326,148276,11,3950,2,36000,1.00278481013
144386,144397,148224,11,3827,2,36000,1.00287431408
144405,144416,148082,11,3666,2,36000,1.00300054555
144433,144444,148246,11,3802,2,36000,1.0028932141
144565,144570,148457,5,3887,2,36000,1.00128633908
144566,144576,148527,10,3951,2,36000,1.00253100481
144583,144589,148475,6,3886,2,36000,1.00154400412
144608,149514,165744,4906,16230,10,43200,1.3022797289
144654,144660,148616,6,3956,2,36000,1.00151668352
144670,144676,148673,6,3997,2,36000,1.00150112584
144692,144700,148690,8,3990,2,36000,1.00200501253
144727,144735,148724,8,3989,2,36000,1.00200551517
144746,144754,148615,8,3861,2,36000,1.00207200207
144824,144833,148735,9,3902,2,36000,1.00230650948
145073,145079,148864,6,3785,2,36000,1.00158520476
145124,145133,149147,9,4014,2,36000,1.00224215247
145158,145167,149081,9,3914,2,36000,1.00229943792
145163,145173,147189,10,2016,4,18000,1.00496031746
145243,145249,146636,6,1387,4,18000,1.0043258832
145411,145417,154227,6,8810,1,14400,1.00068104427
145417,147555,149743,2138,2188,4,21600,1.97714808044
145424,147560,149243,2136,1683,4,21600,2.26916221034
145498,145506,149373,8,3867,2,36000,1.00206878717
145513,145520,149561,7,4041,2,36000,1.00173224449
145572,145578,159326,6,13748,1,14400,1.00043642712
145576,145584,149437,8,3853,2,36000,1.00207630418
145597,145606,149429,9,3823,2,36000,1.00235417212
145694,145703,149584,9,3881,2,36000,1.00231898995
146220,148302,250001,2082,101699,4,126000,1.0204721777
146777,146785,150616,8,3831,2,36000,1.00208822762
146780,148354,364400,1574,216046,1,216000,1.0072854855
146787,148359,364363,1572,216004,1,216000,1.00727764301
146792,148364,364366,1572,216002,1,216000,1.00727771039
146796,148370,364411,1574,216041,1,216000,1.00728565411
146802,148375,364411,1573,216036,1,216000,1.00728119388
146805,148380,364411,1575,216031,1,216000,1.00729062033
146809,148385,364410,1576,216025,1,216000,1.00729545192
146813,148391,247250,1578,98859,1,216000,1.01596212788
146999,148308,181058,1309,32750,4,126000,1.03996946565
147002,148313,274343,1311,126030,4,126000,1.01040228517
147005,148318,242632,1313,94314,4,126000,1.0139215811
147021,147030,150777,9,3747,2,36000,1.00240192154
147087,147096,151020,9,3924,2,36000,1.00229357798
147109,147119,150937,10,3818,2,36000,1.00261917234
147363,147373,151316,10,3943,2,36000,1.00253613999
147401,147409,151260,8,3851,2,36000,1.0020773825
147416,147422,151383,6,3961,2,36000,1.001514769
147482,147490,151344,8,3854,2,36000,1.00207576544
147497,147503,151580,6,4077,2,36000,1.00147167035
147498,147509,151477,11,3968,2,36000,1.00277217742
147501,147514,148118,13,604,2,900,1.02152317881
147536,147571,151389,35,3818,2,36000,1.0091671032
147587,149754,166604,2167,16850,10,43200,1.12860534125
147630,148396,148397,766,1,1,1200,76.7
147717,147726,151541,9,3815,2,36000,1.00235910878
147801,148349,158148,548,9799,2,43200,1.05592407389
147870,147880,151856,10,3976,2,36000,1.00251509054
147986,147994,151897,8,3903,2,36000,1.00204970535
148018,148026,151887,8,3861,2,36000,1.00207200207
148060,150703,170733,2643,20030,10,43200,1.13195207189
148086,148093,151996,7,3903,2,36000,1.00179349219
148115,148124,152004,9,3880,2,36000,1.00231958763
148131,148137,152144,6,4007,2,36000,1.00149737959
148147,148156,151981,9,3825,2,36000,1.00235294118
148226,148235,152270,9,4035,2,36000,1.00223048327
148250,148257,152241,7,3984,2,36000,1.00175702811
148279,148287,152261,8,3974,2,36000,1.00201308505
148294,148402,152265,108,3863,2,36000,1.02795754595
148460,148468,152439,8,3971,2,36000,1.00201460589
148480,148487,152306,7,3819,2,36000,1.00183294056
148533,148539,152612,6,4073,2,36000,1.00147311564
148619,148626,152533,7,3907,2,36000,1.001791656
148621,148632,152614,11,3982,2,36000,1.00276243094
148668,148675,149834,7,1159,4,18000,1.00603968939
148676,148684,152604,8,3920,2,36000,1.00204081633
148693,148702,152657,9,3955,2,36000,1.00227560051
148728,148735,152743,7,4008,2,36000,1.00174650699
148745,148751,152648,6,3897,2,36000,1.00153964588
148842,148848,150692,6,1844,4,18000,1.0032537961
148866,148876,152661,10,3785,2,36000,1.00264200793
148888,150956,156712,2068,5756,2,43200,1.35927727589
149084,149093,152946,9,3853,2,36000,1.0023358422
149152,149158,152979,6,3821,2,36000,1.00157026956
149377,149385,153391,8,4006,2,36000,1.00199700449
149437,149444,153333,7,3889,2,36000,1.00179994857
149439,149450,153425,11,3975,2,36000,1.0027672956
149566,149572,153488,6,3916,2,36000,1.00153217569
149567,151072,160400,1505,9328,2,43200,1.16134219554
149587,149595,153555,8,3960,2,36000,1.00202020202
149623,151269,153974,1646,2705,1,72000,1.60850277264
149623,151082,151383,1459,301,1,72000,5.84717607973
149623,151245,152263,1622,1018,1,72000,2.59332023576
149623,151077,151217,1454,140,1,72000,11.3857142857
149624,152641,153766,3017,1125,1,72000,3.68177777778
149624,151274,152230,1650,956,1,72000,2.72594142259
149624,153777,154684,4153,907,1,72000,5.57883131202
149624,153985,154818,4361,833,1,72000,6.23529411765
149624,151575,152623,1951,1048,1,72000,2.86164122137
149624,151580,152636,1956,1056,1,72000,2.85227272727
149624,151399,152764,1775,1365,1,72000,2.30036630037
149625,156251,171265,6626,15014,1,72000,1.44132143333
149625,156303,167386,6678,11083,1,72000,1.60254443743
149625,156245,162470,6620,6225,1,72000,2.06345381526
149625,155528,156233,5903,705,1,72000,9.37304964539
149625,156308,162277,6683,5969,1,72000,2.11961802647
149625,156313,179104,6688,22791,1,72000,1.29344916853
149625,155533,164649,5908,9116,1,72000,1.6480912681
149626,156256,183066,6630,26810,1,72000,1.24729578515
149626,156261,174312,6635,18051,1,72000,1.36756966373
149626,156267,176848,6641,20581,1,72000,1.3226762548
150618,150627,154490,9,3863,2,36000,1.0023297955
150781,150788,154764,7,3976,2,36000,1.00176056338
150943,150949,154853,6,3904,2,36000,1.00153688525
151023,151031,154784,8,3753,2,36000,1.00213162803
151103,156297,174986,5194,18689,10,43200,1.27791749157
151234,151240,205575,6,54335,4,162000,1.00011042606
151263,151281,155251,18,3970,2,36000,1.00453400504
151320,151327,155330,7,4003,2,36000,1.00174868848
151346,151355,155357,9,4002,2,36000,1.00224887556
151386,151394,155161,8,3767,2,36000,1.00212370587
151401,151408,155301,7,3893,2,36000,1.00179809915
151478,151488,155433,10,3945,2,36000,1.00253485425
151545,151552,155511,7,3959,2,36000,1.00176812326
151584,151592,155477,8,3885,2,36000,1.00205920206
151859,151868,155920,9,4052,2,36000,1.00222112537
151891,151899,155760,8,3861,2,36000,1.00207200207
151906,151912,155875,6,3963,2,36000,1.00151400454
151984,151992,155787,8,3795,2,36000,1.00210803689
152000,152007,155774,7,3767,2,36000,1.00185824263
152015,152021,155986,6,3965,2,36000,1.00151324086
152147,152155,156001,8,3846,2,36000,1.0020800832
152245,152253,156300,8,4047,2,36000,1.00197677292
152264,152273,155871,9,3598,2,36000,1.00250138966
152280,152286,156132,6,3846,2,36000,1.0015600624
152281,152292,156341,11,4049,2,36000,1.00271672018
152310,152318,156212,8,3894,2,36000,1.00205444273
152442,152450,156481,8,4031,2,36000,1.0019846192
152535,152544,156288,9,3744,2,36000,1.00240384615
152607,152615,156649,8,4034,2,36000,1.00198314328
152624,152630,156544,6,3914,2,36000,1.00153295861
152625,152636,156502,11,3866,2,36000,1.00284531816
152650,152660,156631,10,3971,2,36000,1.00251825737
152667,152673,156551,6,3878,2,36000,1.00154718927
152668,152679,156557,11,3878,2,36000,1.00283651367
152745,152755,156655,10,3900,2,36000,1.00256410256
152948,152957,156746,9,3789,2,36000,1.00237529691
152981,152990,157028,9,4038,2,36000,1.00222882615
153336,153344,157392,8,4048,2,36000,1.00197628458
153396,153403,157386,7,3983,2,36000,1.00175746924
153428,153436,157306,8,3870,2,36000,1.00206718346
153491,153499,157447,8,3948,2,36000,1.00202634245
153556,153566,157262,10,3696,2,36000,1.00270562771
154491,154501,158362,10,3861,2,36000,1.00259000259
154767,154776,158567,9,3791,2,36000,1.00237404379
154786,154795,158723,9,3928,2,36000,1.00229124236
154857,154864,158479,7,3615,2,36000,1.00193637621
155165,155172,159044,7,3872,2,36000,1.00180785124
155255,155262,159185,7,3923,2,36000,1.00178434871
155304,155312,159113,8,3801,2,36000,1.00210470929
155334,155341,159152,7,3811,2,36000,1.00183678824
155359,155368,159181,9,3813,2,36000,1.00236034618
155436,155444,159502,8,4058,2,36000,1.00197141449
155481,155488,159362,7,3874,2,36000,1.00180691791
155516,155523,159448,7,3925,2,36000,1.00178343949
155764,155772,159532,8,3760,2,36000,1.00212765957
155780,155786,159697,6,3911,2,36000,1.00153413449
155795,155801,159470,6,3669,2,36000,1.00163532298
155876,155883,159879,7,3996,2,36000,1.00175175175
155877,155889,159772,12,3883,2,36000,1.00309039403
155922,155931,159631,9,3700,2,36000,1.00243243243
155990,155998,159963,8,3965,2,36000,1.00201765448
156006,156012,159642,6,3630,2,36000,1.00165289256
156135,156144,160034,9,3890,2,36000,1.00231362468
156217,156223,160084,6,3861,2,36000,1.00155400155
156291,156319,160192,28,3873,2,36000,1.00722953783
156308,156324,160314,16,3990,2,36000,1.00401002506
156344,156353,160048,9,3695,2,36000,1.00243572395
156485,156492,160433,7,3941,2,36000,1.00177619893
156505,156513,160473,8,3960,2,36000,1.00202020202
156547,156555,160435,8,3880,2,36000,1.00206185567
156564,156569,160185,5,3616,2,36000,1.00138274336
156565,156575,160517,10,3942,2,36000,1.00253678336
156633,156642,160511,9,3869,2,36000,1.00232618248
156654,156660,160440,6,3780,2,36000,1.00158730159
156669,156675,160542,6,3867,2,36000,1.00155159038
156748,156757,160605,9,3848,2,36000,1.00233887734
157032,157039,161022,7,3983,2,36000,1.00175746924
157264,157274,161309,10,4035,2,36000,1.00247831475
157309,157318,161274,9,3956,2,36000,1.00227502528
157392,157398,160953,6,3555,2,36000,1.00168776371
157394,157404,161220,10,3816,2,36000,1.00262054507
157453,157458,161322,5,3864,2,36000,1.00129399586
158367,158373,162365,6,3992,2,36000,1.00150300601
158486,158491,162160,5,3669,2,36000,1.00136276915
158573,158579,162324,6,3745,2,36000,1.00160213618
158727,158734,162571,7,3837,2,36000,1.00182434193
159050,159056,162913,6,3857,2,36000,1.00155561317
159116,159125,163031,9,3906,2,36000,1.00230414747
159155,159163,162924,8,3761,2,36000,1.00212709386
159188,159195,163155,7,3960,2,36000,1.00176767677
159190,159201,162989,11,3788,2,36000,1.00290390707
159365,159373,163338,8,3965,2,36000,1.00201765448
159451,159460,163283,9,3823,2,36000,1.00235417212
159473,159481,163378,8,3897,2,36000,1.00205286118
159504,159513,163465,9,3952,2,36000,1.00227732794
159534,159543,163249,9,3706,2,36000,1.00242849433
159633,159643,163519,10,3876,2,36000,1.00257997936
159648,159654,163667,6,4013,2,36000,1.00149514079
159701,159708,163562,7,3854,2,36000,1.00181629476
159775,159783,163776,8,3993,2,36000,1.00200350614
159804,159810,201259,6,41449,1,54000,1.00014475621
159880,159890,163962,10,4072,2,36000,1.00245579568
159965,159975,163973,10,3998,2,36000,1.00250125063
160006,160411,201246,405,40835,1,54000,1.00991796253
160038,160045,164108,7,4063,2,36000,1.00172286488
160054,160060,164063,6,4003,2,36000,1.00149887584
160086,160095,164029,9,3934,2,36000,1.00228774784
160189,160197,164052,8,3855,2,36000,1.00207522698
160204,160210,164090,6,3880,2,36000,1.00154639175
160315,160325,164243,10,3918,2,36000,1.00255232261
160438,160444,164488,6,4044,2,36000,1.00148367953
160440,160450,164120,10,3670,2,36000,1.00272479564
160456,160462,164350,6,3888,2,36000,1.00154320988
160474,160484,164342,10,3858,2,36000,1.00259201659
160516,160522,164358,6,3836,2,36000,1.0015641293
160533,160539,164449,6,3910,2,36000,1.00153452685
160549,160555,164486,6,3931,2,36000,1.00152632918
160609,160616,164601,7,3985,2,36000,1.0017565872
160956,160964,164729,8,3765,2,36000,1.002124834
161025,161033,164736,8,3703,2,36000,1.00216041048
161222,161232,165197,10,3965,2,36000,1.0025220681
161275,161285,165206,10,3921,2,36000,1.0025503698
161310,161320,165360,10,4040,2,36000,1.00247524752
161327,161334,165271,7,3937,2,36000,1.00177800356
161496,161502,377537,6,216035,1,216000,1.00002777328
162162,162171,166118,9,3947,2,36000,1.00228021282
162329,162336,165967,7,3631,2,36000,1.00192784357
162367,162376,166187,9,3811,2,36000,1.00236158489
162574,162582,166447,8,3865,2,36000,1.0020698577
162917,162924,166862,7,3938,2,36000,1.00177755206
162933,162939,166809,6,3870,2,36000,1.0015503876
162993,163001,166963,8,3962,2,36000,1.00201918223
163034,163043,166955,9,3912,2,36000,1.0023006135
163157,163167,167143,10,3976,2,36000,1.00251509054
163263,163269,167292,6,4023,2,36000,1.00149142431
163284,163294,167341,10,4047,2,36000,1.00247096615
163342,163349,167243,7,3894,2,36000,1.00179763739
163383,163389,167145,6,3756,2,36000,1.00159744409
163469,163476,167479,7,4003,2,36000,1.00174868848
163522,163531,167478,9,3947,2,36000,1.00228021282
163569,163575,167358,6,3783,2,36000,1.00158604282
163671,163679,167471,8,3792,2,36000,1.00210970464
163779,163787,167754,8,3967,2,36000,1.00201663726
163968,163974,167970,6,3996,2,36000,1.0015015015
163988,163994,167860,6,3866,2,36000,1.00155199172
164042,164048,168059,6,4011,2,36000,1.00149588631
164062,164068,168036,6,3968,2,36000,1.00151209677
164078,164084,167992,6,3908,2,36000,1.00153531218
164093,164101,168056,8,3955,2,36000,1.00202275601
164109,164119,168084,10,3965,2,36000,1.0025220681
164126,164132,168008,6,3876,2,36000,1.00154798762
164246,164254,168068,8,3814,2,36000,1.0020975354
164350,164356,168255,6,3899,2,36000,1.00153885612
164365,164371,168311,6,3940,2,36000,1.00152284264
164366,164377,168374,11,3997,2,36000,1.00275206405
164454,164461,168421,7,3960,2,36000,1.00176767677
164490,164498,168391,8,3893,2,36000,1.00205497046
164492,164504,168459,12,3955,2,36000,1.00303413401
164607,164613,168536,6,3923,2,36000,1.00152944175
164735,164740,168735,5,3995,2,36000,1.00125156446
164752,164758,168478,6,3720,2,36000,1.00161290323
165201,165209,169231,8,4022,2,36000,1.00198906017
165217,165223,169159,6,3936,2,36000,1.00152439024
165275,165283,169060,8,3777,2,36000,1.00211808313
165364,165371,169306,7,3935,2,36000,1.00177890724
165975,165981,169959,6,3978,2,36000,1.00150829563
166122,166129,169900,7,3771,2,36000,1.00185627155
166193,166198,170189,5,3991,2,36000,1.00125281884
166452,166459,170104,7,3645,2,36000,1.00192043896
166812,166820,170778,8,3958,2,36000,1.00202122284
166863,166873,170766,10,3893,2,36000,1.00256871307
166956,166966,170870,10,3904,2,36000,1.00256147541
166971,166977,170922,6,3945,2,36000,1.00152091255
167146,167154,171028,8,3874,2,36000,1.00206504904
167147,167160,171048,13,3888,2,36000,1.0033436214
167248,167254,171183,6,3929,2,36000,1.00152710613
167294,167304,171238,10,3934,2,36000,1.00254194204
167344,167352,171142,8,3790,2,36000,1.00211081794
167360,167370,171260,10,3890,2,36000,1.00257069409
167476,167481,171518,5,4037,2,36000,1.00123854347
167492,167498,171433,6,3935,2,36000,1.00152477764
167494,167504,171336,10,3832,2,36000,1.00260960334
167756,167765,171595,9,3830,2,36000,1.00234986945
167864,167871,171831,7,3960,2,36000,1.00176767677
167972,167981,171770,9,3789,2,36000,1.00237529691
167995,168003,171929,8,3926,2,36000,1.0020376974
168010,168020,171914,10,3894,2,36000,1.00256805342
168038,168047,171832,9,3785,2,36000,1.00237780713
168058,168067,172108,9,4041,2,36000,1.00222717149
168075,168082,172027,7,3945,2,36000,1.00177439797
168077,168088,172028,11,3940,2,36000,1.00279187817
168092,168098,171791,6,3693,2,36000,1.00162469537
168257,168266,172214,9,3948,2,36000,1.00227963526
168315,168322,172405,7,4083,2,36000,1.00171442567
168377,168386,172244,9,3858,2,36000,1.00233281493
168392,168402,172273,10,3871,2,36000,1.00258331181
168424,168432,172452,8,4020,2,36000,1.00199004975
168462,168471,172433,9,3962,2,36000,1.00227158001
168482,168489,172472,7,3983,2,36000,1.00175746924
168539,168547,172472,8,3925,2,36000,1.00203821656
168738,168747,172753,9,4006,2,36000,1.00224663005
169063,169072,173117,9,4045,2,36000,1.0022249691
169162,169171,173019,9,3848,2,36000,1.00233887734
169232,169242,173178,10,3936,2,36000,1.00254065041
169309,169317,173237,8,3920,2,36000,1.00204081633
169903,169911,173894,8,3983,2,36000,1.00200853628
169963,169970,173860,7,3890,2,36000,1.00179948586
170108,170116,174072,8,3956,2,36000,1.00202224469
170188,170200,174159,12,3959,2,36000,1.00303106845
170720,170726,246487,6,75761,1,270000,1.00007919642
170768,170777,174837,9,4060,2,36000,1.00221674877
170784,170790,174794,6,4004,2,36000,1.0014985015
170874,170882,174683,8,3801,2,36000,1.00210470929
170926,170933,174743,7,3810,2,36000,1.00183727034
171033,171039,174901,6,3862,2,36000,1.00155359917
171053,171060,175114,7,4054,2,36000,1.00172668969
171145,171153,175048,8,3895,2,36000,1.00205391528
171186,171194,174910,8,3716,2,36000,1.00215285253
171242,171249,175169,7,3920,2,36000,1.00178571429
171264,171272,175004,8,3732,2,36000,1.00214362272
171338,171347,175389,9,4042,2,36000,1.00222662048
171434,171444,175402,10,3958,2,36000,1.00252652855
171522,171530,175402,8,3872,2,36000,1.0020661157
171599,171606,175495,7,3889,2,36000,1.00179994857
171772,171781,175723,9,3942,2,36000,1.00228310502
171795,171802,175618,7,3816,2,36000,1.00183438155
171832,171843,175615,11,3772,2,36000,1.00291622481
171834,171848,175646,14,3798,2,36000,1.00368615061
171918,171925,175785,7,3860,2,36000,1.0018134715
171934,171940,175728,6,3788,2,36000,1.00158394931
172033,172038,175914,5,3876,2,36000,1.00128998968
172034,172044,176018,10,3974,2,36000,1.00251635632
172109,172119,176080,10,3961,2,36000,1.002524615
172217,172225,176001,8,3776,2,36000,1.00211864407
172246,172255,176033,9,3778,2,36000,1.00238221281
172274,172284,176180,10,3896,2,36000,1.00256673511
172406,172417,176355,11,3938,2,36000,1.00279329609
172435,172445,176379,10,3934,2,36000,1.00254194204
172453,172464,176311,11,3847,2,36000,1.00285937094
172473,172483,176488,10,4005,2,36000,1.0024968789
172474,172488,176040,14,3552,2,36000,1.00394144144
172757,172765,176741,8,3976,2,36000,1.00201207243
173022,173029,177024,7,3995,2,36000,1.00175219024
173118,173128,177062,10,3934,2,36000,1.00254194204
173183,173190,176982,7,3792,2,36000,1.00184599156
173239,173249,177113,10,3864,2,36000,1.00258799172
173864,173872,177569,8,3697,2,36000,1.00216391669
173896,173906,177968,10,4062,2,36000,1.00246184146
174076,174083,177766,7,3683,2,36000,1.00190062449
174161,174170,177838,9,3668,2,36000,1.00245365322
174689,174695,178682,6,3987,2,36000,1.0015048909
174745,174754,178730,9,3976,2,36000,1.00226358149
174798,174806,178747,8,3941,2,36000,1.00202994164
174838,174848,178733,10,3885,2,36000,1.00257400257
174905,174912,178963,7,4051,2,36000,1.0017279684
174921,174927,178776,6,3849,2,36000,1.00155884645
175009,175015,178909,6,3894,2,36000,1.00154083205
175050,175059,178981,9,3922,2,36000,1.00229474758
175120,175126,179083,6,3957,2,36000,1.00151630023
175173,175180,179114,7,3934,2,36000,1.00177935943
175391,175400,179387,9,3987,2,36000,1.00225733634
175408,175414,179296,6,3882,2,36000,1.00154559505
175410,175420,179126,10,3706,2,36000,1.00269832704
175497,175506,179374,9,3868,2,36000,1.00232678387
175618,175626,179630,8,4004,2,36000,1.001998002
175619,175632,179705,13,4073,2,36000,1.00319175055
175648,175658,179610,10,3952,2,36000,1.00253036437
175725,175734,179731,9,3997,2,36000,1.00225168877
175740,175746,179742,6,3996,2,36000,1.0015015015
175787,175796,179631,9,3835,2,36000,1.00234680574
175916,175925,179880,9,3955,2,36000,1.00227560051
176004,176012,179948,8,3936,2,36000,1.00203252033
176019,176030,179907,11,3877,2,36000,1.00283724529
176034,176044,180022,10,3978,2,36000,1.00251382604
176050,176057,179851,7,3794,2,36000,1.00184501845
176083,176091,180051,8,3960,2,36000,1.00202020202
176184,176192,180091,8,3899,2,36000,1.00205180816
176227,176233,179312,6,3079,32,10800,1.00194868464
176313,176323,180223,10,3900,2,36000,1.00256410256
176359,176365,180256,6,3891,2,36000,1.00154202005
176381,176391,180144,10,3753,2,36000,1.00266453504
176492,176499,180543,7,4044,2,36000,1.00173095945
176745,176753,180755,8,4002,2,36000,1.0019990005
176984,176994,180851,10,3857,2,36000,1.00259268862
177028,177035,180954,7,3919,2,36000,1.00178616994
177066,177074,181013,8,3939,2,36000,1.00203097233
177117,177124,181036,7,3912,2,36000,1.00178936605
177573,177580,181530,7,3950,2,36000,1.0017721519
177769,177777,181792,8,4015,2,36000,1.00199252802
177842,177849,181704,7,3855,2,36000,1.00181582361
177972,177980,181902,8,3922,2,36000,1.00203977562
178685,178693,182637,8,3944,2,36000,1.00202839757
178733,178742,182548,9,3806,2,36000,1.00236468734
178734,178748,182709,14,3961,2,36000,1.00353446099
178751,178759,182566,8,3807,2,36000,1.00210139217
178780,178788,182740,8,3952,2,36000,1.0020242915
178912,178920,182606,8,3686,2,36000,1.00217037439
178964,178975,182973,11,3998,2,36000,1.00275137569
178984,178993,183060,9,4067,2,36000,1.00221293337
179086,179094,182816,8,3722,2,36000,1.00214938205
179118,179125,183028,7,3903,2,36000,1.00179349219
179135,179141,183023,6,3882,2,36000,1.00154559505
179299,179307,183373,8,4066,2,36000,1.00196753566
179378,179385,183320,7,3935,2,36000,1.00177890724
179394,179400,183249,6,3849,2,36000,1.00155884645
179613,179622,183436,9,3814,2,36000,1.00235972732
179633,179641,183525,8,3884,2,36000,1.00205973223
179634,179647,183547,13,3900,2,36000,1.00333333333
179709,179716,183636,7,3920,2,36000,1.00178571429
179735,179742,183699,7,3957,2,36000,1.00176901693
179750,179757,183691,7,3934,2,36000,1.00177935943
179855,179862,183705,7,3843,2,36000,1.00182149362
179888,179894,183894,6,4000,2,36000,1.0015
179910,179918,183881,8,3963,2,36000,1.00201867272
179953,179959,183944,6,3985,2,36000,1.00150564617
180027,180033,184018,6,3985,2,36000,1.00150564617
180053,180062,184070,9,4008,2,36000,1.00224550898
180095,180102,184059,7,3957,2,36000,1.00176901693
180147,180156,184077,9,3921,2,36000,1.00229533282
180227,180235,184047,8,3812,2,36000,1.00209863589
180259,180267,184093,8,3826,2,36000,1.00209095661
180548,180554,184419,6,3865,2,36000,1.00155239327
180757,180767,184782,10,4015,2,36000,1.00249066002
180861,180867,184744,6,3877,2,36000,1.00154758834
180960,180967,184792,7,3825,2,36000,1.00183006536
181016,181024,185028,8,4004,2,36000,1.001998002
181040,181048,185114,8,4066,2,36000,1.00196753566
181531,181541,185535,10,3994,2,36000,1.00250375563
181709,181716,185513,7,3797,2,36000,1.00184356071
181795,181803,185562,8,3759,2,36000,1.00212822559
181843,181849,184453,6,2604,16,10800,1.00230414747
181903,181913,185720,10,3807,2,36000,1.00262674022
182552,182559,186387,7,3828,2,36000,1.00182863114
182569,182577,186544,8,3967,2,36000,1.00201663726
182608,182617,186632,9,4015,2,36000,1.00224159402
182640,182648,186593,8,3945,2,36000,1.0020278834
182712,182720,186552,8,3832,2,36000,1.00208768267
182741,182751,186510,10,3759,2,36000,1.00266028199
182820,182827,186806,7,3979,2,36000,1.00175923599
182976,182984,186981,8,3997,2,36000,1.00200150113
183029,183035,186957,6,3922,2,36000,1.00152983172
183031,183041,186883,10,3842,2,36000,1.00260281104
183063,183071,187073,8,4002,2,36000,1.0019990005
183252,183260,186950,8,3690,2,36000,1.00216802168
183322,183331,187132,9,3801,2,36000,1.00236779795
183375,183385,187424,10,4039,2,36000,1.00247586036
183438,183447,187436,9,3989,2,36000,1.00225620456
183529,183536,187587,7,4051,2,36000,1.0017279684
183550,183558,187442,8,3884,2,36000,1.00205973223
183637,183647,187565,10,3918,2,36000,1.00255232261
183694,183702,187589,8,3887,2,36000,1.00205814253
183709,183715,187367,6,3652,2,36000,1.00164293538
183710,183721,187715,11,3994,2,36000,1.0027541312
183885,183892,187767,7,3875,2,36000,1.00180645161
183900,183906,187724,6,3818,2,36000,1.0015715034
183945,183955,187883,10,3928,2,36000,1.00254582485
184020,184029,187818,9,3789,2,36000,1.00237529691
184050,184058,187889,8,3831,2,36000,1.00208822762
184067,184073,188038,6,3965,2,36000,1.00151324086
184086,184092,187980,6,3888,2,36000,1.00154320988
184087,184098,187988,11,3890,2,36000,1.0028277635
184103,184109,188051,6,3942,2,36000,1.00152207002
184130,184137,192054,7,7917,8,10800,1.0008841733
184425,184430,188412,5,3982,2,36000,1.00125565043
184758,184764,188691,6,3927,2,36000,1.00152788388
184787,184793,188818,6,4025,2,36000,1.00149068323
184803,184809,188858,6,4049,2,36000,1.00148184737
185031,185039,188988,8,3949,2,36000,1.00202582932
185115,185125,189054,10,3929,2,36000,1.00254517689
185517,185524,189413,7,3889,2,36000,1.00179994857
185536,185546,189325,10,3779,2,36000,1.0026462027
185566,185573,189452,7,3879,2,36000,1.00180458881
185721,185732,189725,11,3993,2,36000,1.00275482094
186382,186398,190147,16,3749,2,36000,1.00426780475
186513,186521,190283,8,3762,2,36000,1.00212652844
186548,186556,190195,8,3639,2,36000,1.00219840616
186564,186570,190503,6,3933,2,36000,1.00152555301
186597,186604,190644,7,4040,2,36000,1.00173267327
186635,186643,190516,8,3873,2,36000,1.00206558224
186810,186818,190702,8,3884,2,36000,1.00205973223
186884,186894,190812,10,3918,2,36000,1.00255232261
186957,186963,190963,6,4000,2,36000,1.0015
186958,186969,190786,11,3817,2,36000,1.00288184438
186984,186992,190744,8,3752,2,36000,1.00213219616
187075,187084,190913,9,3829,2,36000,1.00235048315
187135,187144,190998,9,3854,2,36000,1.00233523612
187370,187378,191216,8,3838,2,36000,1.00208441897
187427,187435,191402,8,3967,2,36000,1.00201663726
187443,187449,191386,6,3937,2,36000,1.00152400305
187444,187455,191305,11,3850,2,36000,1.00285714286
187568,187576,191362,8,3786,2,36000,1.00211304807
187595,187600,191572,5,3972,2,36000,1.00125881168
187596,187606,191269,10,3663,2,36000,1.00273000273
187717,187726,191622,9,3896,2,36000,1.0023100616
187732,187739,191650,7,3911,2,36000,1.00178982357
187768,187778,191604,10,3826,2,36000,1.00261369577
187822,187830,191709,8,3879,2,36000,1.00206238721
187889,187895,191816,6,3921,2,36000,1.00153022188
187890,187901,191878,11,3977,2,36000,1.00276590395
187985,187991,191915,6,3924,2,36000,1.00152905199
188000,188006,191750,6,3744,2,36000,1.0016025641
188040,188049,191867,9,3818,2,36000,1.00235725511
188055,188062,191912,7,3850,2,36000,1.00181818182
188416,188423,192397,7,3974,2,36000,1.00176144942
188695,188702,192625,7,3923,2,36000,1.00178434871
188822,188829,192591,7,3762,2,36000,1.00186071239
188863,188869,192707,6,3838,2,36000,1.00156331423
188994,189000,192842,6,3842,2,36000,1.00156168662
189059,189065,193088,6,4023,2,36000,1.00149142431
189328,189337,193011,9,3674,2,36000,1.00244964616
189419,189424,193380,5,3956,2,36000,1.00126390293
189455,189463,193279,8,3816,2,36000,1.00209643606
189730,189736,193582,6,3846,2,36000,1.0015600624
190151,190158,193988,7,3830,2,36000,1.00182767624
190203,190209,194188,6,3979,2,36000,1.00150791656
190287,190295,194151,8,3856,2,36000,1.0020746888
190510,190516,194559,6,4043,2,36000,1.0014840465
190527,190533,194242,6,3709,2,36000,1.00161768671
190650,190656,194531,6,3875,2,36000,1.0015483871
190705,190714,194644,9,3930,2,36000,1.00229007634
190747,190755,194631,8,3876,2,36000,1.00206398349
190790,190797,194606,7,3809,2,36000,1.00183775269
190815,190824,194695,9,3871,2,36000,1.00232498063
190915,190925,194897,10,3972,2,36000,1.00251762336
190967,190974,194874,7,3900,2,36000,1.00179487179
191005,191011,195053,6,4042,2,36000,1.00148441366
191222,191228,195184,6,3956,2,36000,1.00151668352
191273,191281,195066,8,3785,2,36000,1.00211360634
191309,191316,195172,7,3856,2,36000,1.0018153527
191363,191373,195313,10,3940,2,36000,1.00253807107
191389,191397,195365,8,3968,2,36000,1.00201612903
191405,191414,195244,9,3830,2,36000,1.00234986945
191575,191584,195531,9,3947,2,36000,1.00228021282
191606,191616,195659,10,4043,2,36000,1.00247341083
191624,191634,195502,10,3868,2,36000,1.00258531541
191656,191661,195607,5,3946,2,36000,1.00126710593
191711,191720,195587,9,3867,2,36000,1.00232738557
191754,191762,195572,8,3810,2,36000,1.00209973753
191818,191828,195673,10,3845,2,36000,1.00260078023
191869,191878,195868,9,3990,2,36000,1.0022556391
191886,191892,195851,6,3959,2,36000,1.00151553423
191915,191923,195784,8,3861,2,36000,1.00207200207
191917,191929,195719,12,3790,2,36000,1.00316622691
192399,192409,196454,10,4045,2,36000,1.00247218789
192593,192602,196569,9,3967,2,36000,1.00226871691
192629,192636,196632,7,3996,2,36000,1.00175175175
192709,192718,196556,9,3838,2,36000,1.00234497134
192845,192853,196800,8,3947,2,36000,1.00202685584
193014,193023,196927,9,3904,2,36000,1.00230532787
193090,193100,197043,10,3943,2,36000,1.00253613999
193282,193290,197020,8,3730,2,36000,1.00214477212
193385,193391,197341,6,3950,2,36000,1.00151898734
193585,193594,197510,9,3916,2,36000,1.00229826353
193992,194000,197889,8,3889,2,36000,1.00205708408
194156,194161,197992,5,3831,2,36000,1.00130514226
194191,194199,198061,8,3862,2,36000,1.00207146556
194244,194254,198007,10,3753,2,36000,1.00266453504
194534,194542,198608,8,4066,2,36000,1.00196753566
194561,194570,198418,9,3848,2,36000,1.00233887734
194610,194618,198637,8,4019,2,36000,1.00199054491
194634,194642,198331,8,3689,2,36000,1.00216860938
194650,194656,198612,6,3956,2,36000,1.00151668352
194698,194707,198576,9,3869,2,36000,1.00232618248
194876,194885,198797,9,3912,2,36000,1.0023006135
194899,194908,198979,9,4071,2,36000,1.00221075903
195059,195065,198912,6,3847,2,36000,1.00155965688
195075,195081,198979,6,3898,2,36000,1.0015392509
195173,195183,198895,10,3712,2,36000,1.00269396552
195191,195197,199151,6,3954,2,36000,1.00151745068
195246,195255,199197,9,3942,2,36000,1.00228310502
195318,195324,199309,6,3985,2,36000,1.00150564617
195369,195377,199187,8,3810,2,36000,1.00209973753
195506,195514,199370,8,3856,2,36000,1.0020746888
195533,195542,199583,9,4041,2,36000,1.00222717149
195575,195583,199499,8,3916,2,36000,1.00204290092
195595,195601,199385,6,3784,2,36000,1.00158562368
195612,195619,199423,7,3804,2,36000,1.00184016824
195672,195678,199686,6,4008,2,36000,1.00149700599
195688,195694,199410,6,3716,2,36000,1.0016146394
195725,195731,199585,6,3854,2,36000,1.00155682408
195787,195795,199639,8,3844,2,36000,1.00208116545
195854,195863,199849,9,3986,2,36000,1.00225790266
195873,195879,199856,6,3977,2,36000,1.00150867488
196459,196465,200568,6,4103,2,36000,1.00146234463
196562,196569,200434,7,3865,2,36000,1.00181112549
196581,196587,200500,6,3913,2,36000,1.00153335037
196640,196646,200412,6,3766,2,36000,1.00159320234
196802,196812,200607,10,3795,2,36000,1.00263504611
196929,196938,200980,9,4042,2,36000,1.00222662048
197023,197032,201068,9,4036,2,36000,1.00222993062
197048,197054,200985,6,3931,2,36000,1.00152632918
197344,197352,201302,8,3950,2,36000,1.00202531646
197515,197521,201448,6,3927,2,36000,1.00152788388
197891,197900,201902,9,4002,2,36000,1.00224887556
197996,198003,201891,7,3888,2,36000,1.00180041152
198012,198017,201916,5,3899,2,36000,1.0012823801
198063,198072,201933,9,3861,2,36000,1.00233100233
198332,198342,202152,10,3810,2,36000,1.00262467192
198422,198430,202312,8,3882,2,36000,1.00206079341
198579,198587,202328,8,3741,2,36000,1.00213846565
198613,198620,202570,7,3950,2,36000,1.0017721519
198615,198626,202540,11,3914,2,36000,1.00281042412
198642,198649,202609,7,3960,2,36000,1.00176767677
198799,198808,202443,9,3635,2,36000,1.00247592847
198898,198906,202548,8,3642,2,36000,1.00219659528
198914,198923,202846,9,3923,2,36000,1.00229416263
198983,198990,203017,7,4027,2,36000,1.0017382667
198984,198996,202603,12,3607,2,36000,1.00332686443
199157,199163,203131,6,3968,2,36000,1.00151209677
199194,199200,203183,6,3983,2,36000,1.00150640221
199212,199218,203140,6,3922,2,36000,1.00152983172
199314,199320,203310,6,3990,2,36000,1.0015037594
199374,199382,203258,8,3876,2,36000,1.00206398349
199391,199397,203292,6,3895,2,36000,1.00154043646
199417,199423,203449,6,4026,2,36000,1.00149031297
199432,199438,203164,6,3726,2,36000,1.00161030596
199505,199510,203321,5,3811,2,36000,1.0013119916
199588,199594,203519,6,3925,2,36000,1.00152866242
199590,199600,203592,10,3992,2,36000,1.00250501002
199640,199650,203438,10,3788,2,36000,1.00263991552
199690,199698,203366,8,3668,2,36000,1.00218102508
199853,199860,203760,7,3900,2,36000,1.00179487179
199869,199875,203707,6,3832,2,36000,1.001565762
200415,200424,204312,9,3888,2,36000,1.00231481481
200438,200446,204459,8,4013,2,36000,1.00199352106
200503,200511,204460,8,3949,2,36000,1.00202582932
200572,200579,204603,7,4024,2,36000,1.00173956262
200609,200619,204515,10,3896,2,36000,1.00256673511
200982,200991,204961,9,3970,2,36000,1.00226700252
200997,201003,204875,6,3872,2,36000,1.00154958678
201072,201079,205094,7,4015,2,36000,1.00174346202
201304,201313,205192,9,3879,2,36000,1.00232018561
201453,201459,205216,6,3757,2,36000,1.0015970189
201783,201790,201793,7,3,1,54000,1.0
201809,201815,229546,6,27731,1,54000,1.00021636436
201820,201827,417844,7,216017,1,216000,1.00003240486
201895,201902,205832,7,3930,2,36000,1.00178117048
201911,201917,205814,6,3897,2,36000,1.00153964588
201927,201933,205839,6,3906,2,36000,1.00153609831
201944,201950,205726,6,3776,2,36000,1.00158898305
201960,201966,202001,6,35,1,216000,1.17142857143
202157,202163,206027,6,3864,2,36000,1.00155279503
202182,202188,418198,6,216010,1,216000,1.00002777649
202207,202213,202214,6,1,1,216000,1.0
202314,202323,206071,9,3748,2,36000,1.00240128068
202333,202340,206277,7,3937,2,36000,1.00177800356
202448,202454,206213,6,3759,2,36000,1.00159616919
202546,202552,206385,6,3833,2,36000,1.00156535351
202562,202569,206501,7,3932,2,36000,1.0017802645
202579,202585,206600,6,4015,2,36000,1.00149439601
202605,202614,206586,9,3972,2,36000,1.00226586103
202622,202628,206585,6,3957,2,36000,1.00151630023
202849,202857,206634,8,3777,2,36000,1.00211808313
203021,203028,206629,7,3601,2,36000,1.00194390447
203133,203143,207038,10,3895,2,36000,1.00256739409
203149,203155,206965,6,3810,2,36000,1.00157480315
203166,203175,207101,9,3926,2,36000,1.00229240958
203188,203194,207112,6,3918,2,36000,1.00153139357
203263,203268,207121,5,3853,2,36000,1.00129769011
203293,203303,207140,10,3837,2,36000,1.00260620276
203314,203321,207166,7,3845,2,36000,1.00182054616
203330,203337,207187,7,3850,2,36000,1.00181818182
203370,203378,207282,8,3904,2,36000,1.00204918033
203441,203449,207370,8,3921,2,36000,1.00204029584
203457,203463,207440,6,3977,2,36000,1.00150867488
203527,203533,207429,6,3896,2,36000,1.00154004107
203597,203603,207557,6,3954,2,36000,1.00151745068
203679,203685,419704,6,216019,1,216000,1.00002777533
203712,203718,207539,6,3821,2,36000,1.00157026956
203762,203771,207870,9,4099,2,36000,1.00219565748
204314,204324,208318,10,3994,2,36000,1.00250375563
204464,204470,208495,6,4025,2,36000,1.00149068323
204465,204476,208432,11,3956,2,36000,1.00278058645
204520,204526,208534,6,4008,2,36000,1.00149700599
204607,204615,208512,8,3897,2,36000,1.00205286118
204881,204887,208457,6,3570,2,36000,1.00168067227
204965,204972,208994,7,4022,2,36000,1.00174042765
205100,205106,208849,6,3743,2,36000,1.00160299225
205198,205204,209128,6,3924,2,36000,1.00152905199
205220,205227,209313,7,4086,2,36000,1.00171316691
205671,205678,206197,7,519,60,1200,1.01348747592
205728,205737,209609,9,3872,2,36000,1.00232438017
205820,205825,209892,5,4067,2,36000,1.00122940743
205838,205844,209752,6,3908,2,36000,1.00153531218
205856,205862,209579,6,3717,2,36000,1.001614205
206030,206038,209790,8,3752,2,36000,1.00213219616
206083,206089,209762,6,3673,2,36000,1.00163354206
206117,206124,230522,7,24398,2,43200,1.00028690876
206219,206225,210159,6,3934,2,36000,1.00152516523
206282,206288,210327,6,4039,2,36000,1.00148551622
206346,206352,231897,6,25545,2,43200,1.00023487962
206390,206397,210264,7,3867,2,36000,1.00181018878
206424,206430,238843,6,32413,4,32400,1.00018511091
206431,206437,238649,6,32212,4,32400,1.00018626599
206457,206463,238894,6,32431,4,32400,1.00018500817
206506,206513,210232,7,3719,2,36000,1.0018822264
206600,206606,210589,6,3983,2,36000,1.00150640221
206601,206612,210437,11,3825,2,36000,1.00287581699
206618,206624,210346,6,3722,2,36000,1.00161203654
206636,206642,210335,6,3693,2,36000,1.00162469537
206638,206648,210570,10,3922,2,36000,1.00254971953
206975,206981,211020,6,4039,2,36000,1.00148551622
207049,207055,211062,6,4007,2,36000,1.00149737959
207109,207115,211162,6,4047,2,36000,1.00148257969
207133,207139,211062,6,3923,2,36000,1.00152944175
207134,207145,210903,11,3758,2,36000,1.00292708888
207150,207157,211135,7,3978,2,36000,1.00175967823
207174,207180,211158,6,3978,2,36000,1.00150829563
207195,207202,211039,7,3837,2,36000,1.00182434193
207290,207296,211178,6,3882,2,36000,1.00154559505
207384,207390,211161,6,3771,2,36000,1.0015910899
207439,207445,211114,6,3669,2,36000,1.00163532298
207456,207462,211429,6,3967,2,36000,1.00151247794
207547,207553,211233,6,3680,2,36000,1.00163043478
207565,207571,211443,6,3872,2,36000,1.00154958678
207884,207890,211901,6,4011,2,36000,1.00149588631
208074,208080,208182,6,102,2,600,1.05882352941
208167,208173,208269,6,96,2,600,1.0625
208325,208331,212114,6,3783,2,36000,1.00158604282
208438,208444,212265,6,3821,2,36000,1.00157026956
208461,208468,212447,7,3979,2,36000,1.00175923599
208499,208506,212438,7,3932,2,36000,1.0017802645
208519,208525,212418,6,3893,2,36000,1.00154122784
208538,208546,212537,8,3991,2,36000,1.00200451015
208856,208863,212701,7,3838,2,36000,1.0018238666
209002,209008,213020,6,4012,2,36000,1.00149551346
209135,209141,213095,6,3954,2,36000,1.00151745068
209321,209328,213152,7,3824,2,36000,1.00183054393
209453,209459,232502,6,23043,2,43200,1.00026038276
209586,209591,213485,5,3894,2,36000,1.00128402671
209613,209620,213741,7,4121,2,36000,1.00169861684
209704,209710,232691,6,22981,2,43200,1.00026108524
209758,209764,213750,6,3986,2,36000,1.00150526844
209774,209780,213563,6,3783,2,36000,1.00158604282
209795,209801,213708,6,3907,2,36000,1.00153570514
209899,209906,213913,7,4007,2,36000,1.00174694285
209955,209961,211167,6,1206,1,1200,1.00497512438
210166,210172,214042,6,3870,2,36000,1.0015503876
210235,210243,214129,8,3886,2,36000,1.00205867216
210264,210270,211173,6,903,60,1200,1.00664451827
210268,210276,214314,8,4038,2,36000,1.0019811788
210331,210339,214299,8,3960,2,36000,1.00202020202
210347,210354,214332,7,3978,2,36000,1.00175967823
210349,210360,214370,11,4010,2,36000,1.00274314214
210444,210450,214513,6,4063,2,36000,1.00147674132
210576,210582,214566,6,3984,2,36000,1.0015060241
210593,210601,214507,8,3906,2,36000,1.00204813108
210909,210915,214629,6,3714,2,36000,1.00161550889
211025,211032,215019,7,3987,2,36000,1.00175570604
211042,211050,214964,8,3914,2,36000,1.00204394481
211067,211073,215077,6,4004,2,36000,1.0014985015
211068,211079,214819,11,3740,2,36000,1.00294117647
211119,211125,214708,6,3583,2,36000,1.00167457438
211140,211146,215088,6,3942,2,36000,1.00152207002
211164,211169,215110,5,3941,2,36000,1.00126871352
211165,211175,215207,10,4032,2,36000,1.00248015873
211166,211180,215067,14,3887,2,36000,1.00360174942
211185,211191,215225,6,4034,2,36000,1.00148735746
211236,211244,215221,8,3977,2,36000,1.00201156651
211439,211445,215451,6,4006,2,36000,1.00149775337
211455,211461,215431,6,3970,2,36000,1.00151133501
211526,211532,254788,6,43256,60,43200,1.00013870908
211904,211913,215811,9,3898,2,36000,1.00230887635
212080,212086,248103,6,36017,4,36000,1.000166588
212121,212127,215972,6,3845,2,36000,1.00156046814
212270,212276,215974,6,3698,2,36000,1.00162249865
212425,212431,216239,6,3808,2,36000,1.00157563025
212447,212453,216455,6,4002,2,36000,1.00149925037
212463,212469,216370,6,3901,2,36000,1.00153806716
212538,212548,216584,10,4036,2,36000,1.00247770069
212708,212714,216662,6,3948,2,36000,1.00151975684
213023,213031,216785,8,3754,2,36000,1.0021310602
213103,213109,217027,6,3918,2,36000,1.00153139357
213156,213164,217152,8,3988,2,36000,1.00200601805
213490,213496,217464,6,3968,2,36000,1.00151209677
213571,213577,217516,6,3939,2,36000,1.00152322925
213716,213722,217772,6,4050,2,36000,1.00148148148
213748,213754,217540,6,3786,2,36000,1.00158478605
213764,213770,217732,6,3962,2,36000,1.00151438667
213918,213924,217892,6,3968,2,36000,1.00151209677
214047,214054,218089,7,4035,2,36000,1.00173482032
214071,214077,214079,6,2,2,43200,1.0
214131,214141,217863,10,3722,2,36000,1.00268672757
214302,214310,218308,8,3998,2,36000,1.0020010005
214320,214325,218233,5,3908,2,36000,1.00127942682
214335,214343,218243,8,3900,2,36000,1.00205128205
214374,214381,218240,7,3859,2,36000,1.00181394144
214513,214519,218584,6,4065,2,36000,1.00147601476
214515,214525,218439,10,3914,2,36000,1.00255493102
214529,214536,214546,7,10,3,604800,1.7
214570,214577,218485,7,3908,2,36000,1.00179119754
214633,214640,218667,7,4027,2,36000,1.0017382667
214641,214647,233037,6,18390,2,172800,1.00032626427
214671,214677,404159,6,189482,3,604800,1.00003166528
214712,214719,218511,7,3792,2,36000,1.00184599156
214823,214830,218779,7,3949,2,36000,1.00177260066
214967,214975,218892,8,3917,2,36000,1.00204237937
215021,215030,218907,9,3877,2,36000,1.00232138251
215069,215078,218970,9,3892,2,36000,1.00231243577
215086,215092,219006,6,3914,2,36000,1.00153295861
215101,215107,219197,6,4090,2,36000,1.00146699267
215117,215123,219060,6,3937,2,36000,1.00152400305
215209,215218,219099,9,3881,2,36000,1.00231898995
215227,215233,219068,6,3835,2,36000,1.00156453716
215228,215239,219138,11,3899,2,36000,1.00282123621
215435,215442,219368,7,3926,2,36000,1.00178298523
215454,215463,219348,9,3885,2,36000,1.00231660232
215593,215599,240506,6,24907,8,43200,1.00024089613
215798,215804,232836,6,17032,2,43200,1.00035227806
215813,215822,219767,9,3945,2,36000,1.00228136882
215975,215984,219924,9,3940,2,36000,1.00228426396
215976,215990,219864,14,3874,2,36000,1.00361383583
216009,216015,232932,6,16917,2,43200,1.00035467281
216020,216026,234073,6,18047,10,43200,1.00033246523
216245,216250,220024,5,3774,2,36000,1.00132485427
216373,216381,220302,8,3921,2,36000,1.00204029584
216456,216466,220245,10,3779,2,36000,1.0026462027
216474,216480,232885,6,16405,10,43200,1.00036574215
216587,216595,220541,8,3946,2,36000,1.00202736949
216667,216673,220558,6,3885,2,36000,1.00154440154
216790,216797,220466,7,3669,2,36000,1.00190787681
217032,217039,220856,7,3817,2,36000,1.00183390097
217093,217099,237403,6,20304,10,43200,1.00029550827
217156,217163,220992,7,3829,2,36000,1.00182815356
217466,217475,221363,9,3888,2,36000,1.00231481481
217519,217527,221311,8,3784,2,36000,1.0021141649
217544,217552,221566,8,4014,2,36000,1.00199302441
217736,217743,221685,7,3942,2,36000,1.00177574835
217775,217783,221640,8,3857,2,36000,1.00207415089
217824,217830,241458,6,23628,10,43200,1.00025393601
217866,217874,221870,8,3996,2,36000,1.002002002
217895,217903,221889,8,3986,2,36000,1.00200702459
218092,218100,221933,8,3833,2,36000,1.00208713801
218213,218219,236634,6,18415,10,43200,1.00032582134
218235,218244,222118,9,3874,2,36000,1.00232318018
218251,218257,222173,6,3916,2,36000,1.00153217569
218253,218263,222094,10,3831,2,36000,1.00261028452
218311,218319,222299,8,3980,2,36000,1.00201005025
218442,218451,222499,9,4048,2,36000,1.00222332016
218486,218496,222461,10,3965,2,36000,1.0025220681
218514,218522,222384,8,3862,2,36000,1.00207146556
218586,218595,222531,9,3936,2,36000,1.00228658537
218672,218678,222672,6,3994,2,36000,1.00150225338
218782,218790,222622,8,3832,2,36000,1.00208768267
218893,218903,222721,10,3818,2,36000,1.00261917234
218910,218919,222728,9,3809,2,36000,1.00236282489
218974,218980,222866,6,3886,2,36000,1.00154400412
219007,219017,222873,10,3856,2,36000,1.002593361
219062,219071,222967,9,3896,2,36000,1.0023100616
219077,219083,223062,6,3979,2,36000,1.00150791656
219103,219110,222861,7,3751,2,36000,1.00186616902
219142,219149,223155,7,4006,2,36000,1.00174737893
219201,219208,223175,7,3967,2,36000,1.0017645576
219351,219359,223342,8,3983,2,36000,1.00200853628
219372,219380,223142,8,3762,2,36000,1.00212652844
219769,219779,223810,10,4031,2,36000,1.002480774
219869,219876,223639,7,3763,2,36000,1.00186021791
219928,219936,223861,8,3925,2,36000,1.00203821656
220027,220035,223967,8,3932,2,36000,1.002034588
220101,220418,224521,317,4103,4,360000,1.07726054107
220253,220259,224155,6,3896,2,36000,1.00154004107
220306,220313,224212,7,3899,2,36000,1.00179533214
220469,220477,224349,8,3872,2,36000,1.0020661157
220544,220552,224456,8,3904,2,36000,1.00204918033
220560,220570,224622,10,4052,2,36000,1.00246791708
220860,220868,224671,8,3803,2,36000,1.00210360242
220996,221002,224851,6,3849,2,36000,1.00155884645
221315,221322,225182,7,3860,2,36000,1.0018134715
221367,221375,225260,8,3885,2,36000,1.00205920206
221571,221578,225525,7,3947,2,36000,1.00177349886
221646,221652,225433,6,3781,2,36000,1.00158688178
221692,221698,225419,6,3721,2,36000,1.00161246977
221872,221882,225560,10,3678,2,36000,1.00271886895
221892,221900,225820,8,3920,2,36000,1.00204081633
221936,221944,225723,8,3779,2,36000,1.00211696216
222101,222107,226079,6,3972,2,36000,1.00151057402
222121,222129,225654,8,3525,2,36000,1.00226950355
222180,222186,226150,6,3964,2,36000,1.0015136226
222303,222311,226223,8,3912,2,36000,1.00204498978
222392,222398,226429,6,4031,2,36000,1.0014884644
222464,222472,226327,8,3855,2,36000,1.00207522698
222503,222512,226466,9,3954,2,36000,1.00227617602
222533,222543,226569,10,4026,2,36000,1.00248385494
222625,222634,226505,9,3871,2,36000,1.00232498063
222679,222685,226567,6,3882,2,36000,1.00154559505
222725,222733,226624,8,3891,2,36000,1.00205602673
222741,222747,226761,6,4014,2,36000,1.00149476831
222864,222873,226687,9,3814,2,36000,1.00235972732
222881,222887,226761,6,3874,2,36000,1.00154878678
222882,222893,226779,11,3886,2,36000,1.00283067422
222972,222978,226893,6,3915,2,36000,1.00153256705
223065,223073,226878,8,3805,2,36000,1.00210249671
223147,223153,226899,6,3746,2,36000,1.00160170849
223168,223174,227001,6,3827,2,36000,1.00156780768
223184,223190,227195,6,4005,2,36000,1.00149812734
223346,223353,227324,7,3971,2,36000,1.00176278016
223643,223650,227296,7,3646,2,36000,1.00191991223
223812,223821,227639,9,3818,2,36000,1.00235725511
223865,223872,227792,7,3920,2,36000,1.00178571429
223975,223981,227906,6,3925,2,36000,1.00152866242
224162,224168,228108,6,3940,2,36000,1.00152284264
224215,224222,224564,7,342,2,72000,1.02046783626
224219,224228,228029,9,3801,2,36000,1.00236779795
224355,224361,228254,6,3893,2,36000,1.00154122784
224466,224472,228251,6,3779,2,36000,1.00158772162
224628,224634,228460,6,3826,2,36000,1.00156821746
224677,224683,228632,6,3949,2,36000,1.00151937199
224714,225481,242226,767,16745,2,72000,1.04580471783
224800,226705,442739,1905,216034,1,216000,1.00881805642
224859,224866,228690,7,3824,2,36000,1.00183054393
225192,225198,228931,6,3733,2,36000,1.00160728636
225267,225273,229188,6,3915,2,36000,1.00153256705
225429,225436,229223,7,3787,2,36000,1.00184842884
225445,225451,229166,6,3715,2,36000,1.00161507402
225534,225540,229457,6,3917,2,36000,1.00153178453
225553,226647,228571,1094,1924,4,144000,1.56860706861
225569,225575,229538,6,3963,2,36000,1.00151400454
225660,225665,229572,5,3907,2,36000,1.00127975429
225731,225737,229709,6,3972,2,36000,1.00151057402
225828,225834,229730,6,3896,2,36000,1.00154004107
225971,226699,226842,728,143,2,36000,6.09090909091
226088,226094,229850,6,3756,2,36000,1.00159744409
226155,226161,230166,6,4005,2,36000,1.00149812734
226234,226240,230310,6,4070,2,36000,1.00147420147
226335,226341,230326,6,3985,2,36000,1.00150564617
226436,226442,230360,6,3918,2,36000,1.00153139357
226472,226478,230398,6,3920,2,36000,1.00153061224
226480,226642,261400,162,34758,4,126000,1.00466079751
226515,226521,230280,6,3759,2,36000,1.00159616919
226581,226587,230593,6,4006,2,36000,1.00149775337
226582,226593,230188,11,3595,2,36000,1.00305980529
226631,226637,230574,6,3937,2,36000,1.00152400305
226695,226711,230648,16,3937,2,36000,1.00406400813
226768,226774,230697,6,3923,2,36000,1.00152944175
226770,226780,230788,10,4008,2,36000,1.00249500998
226786,226792,230752,6,3960,2,36000,1.00151515152
226822,226829,226830,7,1,1,216000,1.0
226845,226851,251231,6,24380,2,108000,1.00024610336
226886,226892,230897,6,4005,2,36000,1.00149812734
226903,226909,230748,6,3839,2,36000,1.00156290701
226905,226915,230951,10,4036,2,36000,1.00247770069
226917,226923,442965,6,216042,1,216000,1.00002777238
226980,226986,296753,6,69767,4,162000,1.00008600054
227007,227013,230912,6,3899,2,36000,1.00153885612
227010,227019,353078,9,126059,4,126000,1.00007139514
227199,227206,230996,7,3790,2,36000,1.0018469657
227287,227293,228968,6,1675,4,18000,1.00358208955
227303,227309,231259,6,3950,2,36000,1.00151898734
227327,227335,231208,8,3873,2,36000,1.00206558224
227403,227409,227413,6,4,4,90000,1.0
227571,227577,227579,6,2,4,90000,1.0
227623,227629,230345,6,2716,2,54000,1.00220913108
227628,227635,298130,7,70495,4,90000,1.00009929782
227647,227653,231668,6,4015,2,36000,1.00149439601
227802,227808,231430,6,3622,2,36000,1.00165654335
227810,228582,297904,772,69322,4,90000,1.01113643576
227916,227923,231817,7,3894,2,36000,1.00179763739
227978,227984,249520,6,21536,2,72000,1.00027860327
228035,228041,231973,6,3932,2,36000,1.001525941
228119,228125,231976,6,3851,2,36000,1.00155803687
228174,228979,379136,805,150157,4,162000,1.00536105543
228192,234782,244635,6590,9853,4,18000,1.66883182787
228201,235349,244760,7148,9411,4,18000,1.75953671236
228260,228266,232222,6,3956,2,36000,1.00151668352
228262,228272,232140,10,3868,2,36000,1.00258531541
228356,234089,256804,5733,22715,2,72000,1.25238828968
228449,231435,234771,2986,3336,4,18000,1.89508393285
228475,228481,232459,6,3978,2,36000,1.00150829563
228642,228648,232562,6,3914,2,36000,1.00153295861
228699,228705,232794,6,4089,2,36000,1.00146735143
228721,234084,360120,5363,126036,4,126000,1.04255133454
228723,234094,258800,5371,24706,2,72000,1.21739658383
228941,228947,232890,6,3943,2,36000,1.001521684
228965,234370,321147,5405,86777,4,158400,1.06228608963
229052,234099,261958,5047,27859,2,72000,1.18116228149
229174,229180,233121,6,3941,2,36000,1.00152245623
229194,229200,233080,6,3880,2,36000,1.00154639175
229232,229238,233218,6,3980,2,36000,1.00150753769
229332,234105,256820,4773,22715,2,72000,1.21012546775
229469,229475,233476,6,4001,2,36000,1.00149962509
229489,236646,330179,7157,93533,4,288000,1.07651844803
229551,229557,233507,6,3950,2,36000,1.00151898734
229559,234110,271927,4551,37817,2,72000,1.12034270302
229574,229584,233352,10,3768,2,36000,1.00265392781
229723,229729,233593,6,3864,2,36000,1.00155279503
229740,229746,233463,6,3717,2,36000,1.001614205
229859,229865,233783,6,3918,2,36000,1.00153139357
230176,230182,234091,6,3909,2,36000,1.00153491942
230192,230199,234211,7,4012,2,36000,1.0017447657
230288,230294,234190,6,3896,2,36000,1.00154004107
230315,230321,234382,6,4061,2,36000,1.0014774686
230335,230341,234143,6,3802,2,36000,1.00157811678
230365,230371,234225,6,3854,2,36000,1.00155682408
230407,230413,234269,6,3856,2,36000,1.0015560166
230585,230591,234502,6,3911,2,36000,1.00153413449
230601,230607,234568,6,3961,2,36000,1.001514769
230653,230659,234582,6,3923,2,36000,1.00152944175
230704,230709,234301,5,3592,2,36000,1.00139198218
230718,234115,239868,3397,5753,2,43200,1.59047453503
230754,230760,234613,6,3853,2,36000,1.00155722813
230755,230766,234643,11,3877,2,36000,1.00283724529
230793,230800,234769,7,3969,2,36000,1.00176366843
230906,230912,234955,6,4043,2,36000,1.0014840465
230922,230928,234780,6,3852,2,36000,1.0015576324
230955,230962,234926,7,3964,2,36000,1.00176589304
231002,231008,234843,6,3835,2,36000,1.00156453716
231215,231221,235220,6,3999,2,36000,1.00150037509
231231,232817,234359,1586,1542,1,72000,2.02853437095
231231,234136,247838,2905,13702,1,72000,1.21201284484
231231,233603,236413,2372,2810,1,72000,1.84412811388
231231,234141,249431,2910,15290,1,72000,1.1903204709
231231,232286,232806,1055,520,1,72000,3.02884615385
231231,234130,235051,2899,921,1,72000,4.14766558089
231231,231237,232275,6,1038,1,72000,1.00578034682
231232,234158,261051,2926,26893,1,72000,1.10880154687
231232,234152,263078,2920,28926,1,72000,1.10094724469
231232,234146,259624,2914,25478,1,72000,1.11437318471
231232,234163,257344,2931,23181,1,72000,1.1264397567
231265,231271,235273,6,4002,2,36000,1.00149925037
231443,231449,235379,6,3930,2,36000,1.00152671756
231571,231914,231920,343,6,1,18000,34.9
231571,231909,231918,338,9,1,18000,34.7
231572,231929,231936,357,7,1,18000,36.4
231674,231680,235525,6,3845,2,36000,1.00156046814
231825,231831,235809,6,3978,2,36000,1.00150829563
231982,231988,235841,6,3853,2,36000,1.00155722813
231984,231994,235996,10,4002,2,36000,1.00249875062
232087,234174,235728,2087,1554,1,360000,2.34298584299
232146,232153,235928,7,3775,2,36000,1.00185430464
232230,232236,236033,6,3797,2,36000,1.00158019489
232241,234120,242215,1879,8095,2,43200,1.23211859172
232467,232473,236473,6,4000,2,36000,1.0015
232567,232573,236134,6,3561,2,36000,1.00168491997
232799,232805,236757,6,3952,2,36000,1.00151821862
232894,232901,236875,7,3974,2,36000,1.00176144942
233085,233091,237090,6,3999,2,36000,1.00150037509
233131,233137,237145,6,4008,2,36000,1.00149700599
233225,233230,237159,5,3929,2,36000,1.00127258844
233359,233366,237345,7,3979,2,36000,1.00175923599
233469,233475,237304,6,3829,2,36000,1.00156698877
233486,233492,237418,6,3926,2,36000,1.00152827305
233509,233518,237412,9,3894,2,36000,1.00231124807
233600,233609,237551,9,3942,2,36000,1.00228310502
233787,233794,237706,7,3912,2,36000,1.00178936605
233939,234125,237232,186,3107,2,172800,1.05986482137
234100,234180,237993,80,3813,2,36000,1.02098085497
234147,234185,238168,38,3983,2,36000,1.00954054733
234195,234201,238089,6,3888,2,36000,1.00154320988
234217,234223,238203,6,3980,2,36000,1.00150753769
234235,234241,238233,6,3992,2,36000,1.00150300601
234277,234283,237992,6,3709,2,36000,1.00161768671
234307,234312,238248,5,3936,2,36000,1.0012703252
234389,234395,238246,6,3851,2,36000,1.00155803687
234513,234519,238480,6,3961,2,36000,1.001514769
234577,234583,238527,6,3944,2,36000,1.00152129817
234596,234602,238520,6,3918,2,36000,1.00153139357
234620,234625,238551,5,3926,2,36000,1.00127356088
234649,234654,238694,5,4040,2,36000,1.00123762376
234777,234788,238780,11,3992,2,36000,1.00275551102
234795,234801,238690,6,3889,2,36000,1.00154281306
234850,234856,238804,6,3948,2,36000,1.00151975684
234934,234941,238796,7,3855,2,36000,1.00181582361
234962,234969,238793,7,3824,2,36000,1.00183054393
235230,235237,239156,7,3919,2,36000,1.00178616994
235279,235285,239190,6,3905,2,36000,1.00153649168
235387,235393,239506,6,4113,2,36000,1.0014587892
235532,235538,239554,6,4016,2,36000,1.0014940239
235815,235821,239822,6,4001,2,36000,1.00149962509
235848,235854,239740,6,3886,2,36000,1.00154400412
235933,235939,239761,6,3822,2,36000,1.00156985871
236001,236007,239724,6,3717,2,36000,1.001614205
236037,236044,240052,7,4008,2,36000,1.00174650699
236138,236144,240041,6,3897,2,36000,1.00153964588
236478,236484,240373,6,3889,2,36000,1.00154281306
236761,236768,240752,7,3984,2,36000,1.00175702811
236879,236886,240864,7,3978,2,36000,1.00175967823
237092,237102,241031,10,3929,2,36000,1.00254517689
237154,237160,241005,6,3845,2,36000,1.00156046814
237171,237177,240918,6,3741,2,36000,1.00160384924
237307,237316,241075,9,3759,2,36000,1.00239425379
237351,237357,241194,6,3837,2,36000,1.00156372166
237421,237427,241498,6,4071,2,36000,1.00147383935
237422,237433,241238,11,3805,2,36000,1.00289093298
237553,237562,241469,9,3907,2,36000,1.00230355772
237709,237718,241688,9,3970,2,36000,1.00226700252
238001,238007,241996,6,3989,2,36000,1.00150413638
238002,238013,241801,11,3788,2,36000,1.00290390707
238093,238101,242092,8,3991,2,36000,1.00200451015
238170,238180,241895,10,3715,2,36000,1.00269179004
238208,238214,242156,6,3942,2,36000,1.00152207002
238238,238245,242239,7,3994,2,36000,1.00175262894
238260,238266,242110,6,3844,2,36000,1.00156087409
238261,238272,242122,11,3850,2,36000,1.00285714286
238485,238491,242223,6,3732,2,36000,1.00160771704
238524,238532,242442,8,3910,2,36000,1.00204603581
238543,238549,242491,6,3942,2,36000,1.00152207002
238559,238566,242528,7,3962,2,36000,1.00176678445
238695,238700,242614,5,3914,2,36000,1.00127746551
238696,238707,242546,11,3839,2,36000,1.00286532951
238785,238791,242735,6,3944,2,36000,1.00152129817
238808,238814,242797,6,3983,2,36000,1.00150640221
238809,238820,242806,11,3986,2,36000,1.00275965881
238811,238825,242792,14,3967,2,36000,1.0035291152
239165,239172,243166,7,3994,2,36000,1.00175262894
239194,239201,243109,7,3908,2,36000,1.00179119754
239508,239518,243437,10,3919,2,36000,1.00255167134
239558,239565,243462,7,3897,2,36000,1.00179625353
239731,239736,243693,5,3957,2,36000,1.00126358352
239749,239755,243450,6,3695,2,36000,1.00162381597
239764,239773,243660,9,3887,2,36000,1.00231541034
239827,239834,243817,7,3983,2,36000,1.00175746924
240046,240053,244034,7,3981,2,36000,1.00175835217
240062,240069,244060,7,3991,2,36000,1.00175394638
240374,240384,244245,10,3861,2,36000,1.00259000259
240754,240763,244699,9,3936,2,36000,1.00228658537
240866,240875,244932,9,4057,2,36000,1.00221838797
240914,240920,244574,6,3654,4,3600,1.00164203612
240924,240930,244779,6,3849,2,36000,1.00155884645
241007,241016,244722,9,3706,2,36000,1.00242849433
241033,241042,244984,9,3942,2,36000,1.00228310502
241078,241086,245029,8,3943,2,36000,1.002028912
241196,241205,245108,9,3903,2,36000,1.00230591852
241241,241250,245169,9,3919,2,36000,1.00229650421
241473,241480,245328,7,3848,2,36000,1.00181912682
241500,241509,245589,9,4080,2,36000,1.00220588235
241693,241699,245680,6,3981,2,36000,1.00150715901
241803,241812,245706,9,3894,2,36000,1.00231124807
241897,241906,245853,9,3947,2,36000,1.00228021282
241997,242009,246016,12,4007,2,36000,1.00299475917
242096,242103,246058,7,3955,2,36000,1.0017699115
242114,242121,246083,7,3962,2,36000,1.00176678445
242130,242137,246051,7,3914,2,36000,1.00178845171
242159,242168,246121,9,3953,2,36000,1.00227675183
242227,242235,246205,8,3970,2,36000,1.00201511335
242242,242250,246001,8,3751,2,36000,1.0021327646
242446,242453,246403,7,3950,2,36000,1.0017721519
242498,242504,246595,6,4091,2,36000,1.00146663407
242532,242544,246528,12,3984,2,36000,1.00301204819
242532,242538,242638,6,100,1,1800,1.06
242548,242557,246419,9,3862,2,36000,1.00233039876
242619,242626,246570,7,3944,2,36000,1.00177484787
242737,242746,246524,9,3778,2,36000,1.00238221281
242801,242808,246695,7,3887,2,36000,1.00180087471
242803,242814,246834,11,4020,2,36000,1.00273631841
242820,242826,246618,6,3792,2,36000,1.00158227848
242975,242981,243093,6,112,1,1800,1.05357142857
243112,243120,246911,8,3791,2,36000,1.00211026114
243169,243177,247122,8,3945,2,36000,1.0020278834
243439,243448,247331,9,3883,2,36000,1.00231779552
243456,243463,247389,7,3926,2,36000,1.00178298523
243472,243478,247440,6,3962,2,36000,1.00151438667
243662,243671,247689,9,4018,2,36000,1.00223992036
243697,243704,247502,7,3798,2,36000,1.0018430753
243739,243745,244254,6,509,1,1800,1.01178781925
243819,243828,247768,9,3940,2,36000,1.00228426396
244037,244045,248117,8,4072,2,36000,1.00196463654
244065,244071,247974,6,3903,2,36000,1.00153727902
244246,244256,248123,10,3867,2,36000,1.00258598397
244576,244584,248303,8,3719,4,3600,1.00215111589
244704,244711,248359,7,3648,2,36000,1.00191885965
244724,244733,248645,9,3912,2,36000,1.0023006135
244781,244790,248550,9,3760,2,36000,1.00239361702
244939,244945,248931,6,3986,2,36000,1.00150526844
244985,244995,248897,10,3902,2,36000,1.00256278831
245030,245041,249025,11,3984,2,36000,1.00276104418
245113,245119,248833,6,3714,2,36000,1.00161550889
245174,245180,248771,6,3591,2,36000,1.00167084378
245333,245339,249343,6,4004,2,36000,1.0014985015
245594,245599,249443,5,3844,2,36000,1.00130072841
245686,245692,249708,6,4016,2,36000,1.0014940239
245713,245720,249577,7,3857,2,36000,1.00181488203
245856,245864,249906,8,4042,2,36000,1.00197921821
246005,246012,249924,7,3912,2,36000,1.00178936605
246021,246027,249864,6,3837,2,36000,1.00156372166
246057,246062,250029,5,3967,2,36000,1.00126039829
246073,246079,250038,6,3959,2,36000,1.00151553423
246090,246096,249893,6,3797,2,36000,1.00158019489
246098,246104,246155,6,51,1,1800,1.11764705882
246126,246132,250013,6,3881,2,36000,1.0015459933
246208,246216,250103,8,3887,2,36000,1.00205814253
246408,246414,250441,6,4027,2,36000,1.00148994289
246426,246432,250290,6,3858,2,36000,1.00155520995
246486,246493,246576,7,83,1,1800,1.0843373494
246528,246535,250440,7,3905,2,36000,1.00179257362
246530,246541,250412,11,3871,2,36000,1.00284164299
246572,246581,250285,9,3704,2,36000,1.00242980562
246598,246606,250565,8,3959,2,36000,1.0020207123
246621,246629,250478,8,3849,2,36000,1.00207846194
246696,246706,250339,10,3633,2,36000,1.00275254611
246836,246845,250824,9,3979,2,36000,1.00226187484
246914,246922,250795,8,3873,2,36000,1.00206558224
247126,247134,250930,8,3796,2,36000,1.00210748156
247336,247342,251371,6,4029,2,36000,1.00148920328
247393,247400,250995,7,3595,2,36000,1.00194714882
247449,247455,251040,6,3585,2,36000,1.00167364017
247469,247476,247772,7,296,1,1800,1.02364864865
247511,247517,251372,6,3855,2,36000,1.00155642023
247693,247700,251603,7,3903,2,36000,1.00179349219
247776,247782,251731,6,3949,2,36000,1.00151937199
247981,247987,251703,6,3716,2,36000,1.0016146394
248118,248128,252107,10,3979,2,36000,1.00251319427
248135,248141,251945,6,3804,2,36000,1.00157728707
248365,248432,252327,67,3895,2,36000,1.01720154044
248554,248561,252464,7,3903,2,36000,1.00179349219
248650,248657,252457,7,3800,2,36000,1.00184210526
248774,248782,252675,8,3893,2,36000,1.00205497046
248841,248847,252768,6,3921,2,36000,1.00153022188
248905,248911,252721,6,3810,2,36000,1.00157480315
248936,248943,252718,7,3775,2,36000,1.00185430464
249027,249036,253115,9,4079,2,36000,1.00220642314
249352,249358,253299,6,3941,2,36000,1.00152245623
249445,249455,253327,10,3872,2,36000,1.00258264463
249581,249589,253299,8,3710,2,36000,1.00215633423
249664,249670,251288,6,1618,4,18000,1.00370828183
249711,249720,253675,9,3955,2,36000,1.00227560051
249755,249761,251522,6,1761,4,18000,1.00340715503
249867,249876,253760,9,3884,2,36000,1.00231719876
249895,249904,253706,9,3802,2,36000,1.00236717517
249910,249918,253734,8,3816,2,36000,1.00209643606
249927,249935,253782,8,3847,2,36000,1.0020795425
250019,250025,253823,6,3798,2,36000,1.00157977883
250036,250042,254141,6,4099,2,36000,1.00146377165
250052,250058,253882,6,3824,2,36000,1.00156903766
250107,250115,254075,8,3960,2,36000,1.00202020202
250182,250188,376234,6,126046,4,126000,1.00004760167
250291,250297,254142,6,3845,2,36000,1.00156046814
250292,250303,254182,11,3879,2,36000,1.00283578242
250342,250351,254370,9,4019,2,36000,1.00223936303
250414,250424,254264,10,3840,2,36000,1.00260416667
250444,250451,254297,7,3846,2,36000,1.0018200728
250445,250457,254480,12,4023,2,36000,1.00298284862
250481,250489,254469,8,3980,2,36000,1.00201005025
250570,250577,254343,7,3766,2,36000,1.00185873606
250804,250810,254765,6,3955,2,36000,1.001517067
250826,250835,254693,9,3858,2,36000,1.00233281493
250935,250941,254873,6,3932,2,36000,1.001525941
251002,251007,254910,5,3903,2,36000,1.00128106585
251045,251051,254924,6,3873,2,36000,1.00154918668
251384,251390,255210,6,3820,2,36000,1.00157068063
251385,251396,255188,11,3792,2,36000,1.00290084388
251608,251615,255539,7,3924,2,36000,1.00178389399
251704,251715,255678,11,3963,2,36000,1.00277567499
251737,251742,255652,5,3910,2,36000,1.00127877238
251949,251956,255725,7,3769,2,36000,1.00185725657
252108,252118,255972,10,3854,2,36000,1.0025947068
252331,252338,256264,7,3926,2,36000,1.00178298523
252339,252345,252366,6,21,1,144000,1.28571428571
252434,252441,396472,7,144031,1,144000,1.00004860065
252462,252468,256468,6,4000,2,36000,1.0015
252478,252484,256095,6,3611,2,36000,1.00166158959
252680,252687,256706,7,4019,2,36000,1.0017417268
252723,252729,256444,6,3715,2,36000,1.00161507402
252724,252735,256621,11,3886,2,36000,1.00283067422
252773,252779,256645,6,3866,2,36000,1.00155199172
253117,253127,257224,10,4097,2,36000,1.00244081035
253303,253310,257360,7,4050,2,36000,1.00172839506
253304,253315,257304,11,3989,2,36000,1.00275758335
253331,253338,257192,7,3854,2,36000,1.00181629476
253680,253685,257526,5,3841,2,36000,1.00130174434
253710,253717,257634,7,3917,2,36000,1.00178708195
253737,253745,257688,8,3943,2,36000,1.002028912
253765,253771,257350,6,3579,2,36000,1.00167644593
253784,253793,257771,9,3978,2,36000,1.00226244344
253824,253834,257519,10,3685,2,36000,1.00271370421
253887,253894,257911,7,4017,2,36000,1.00174259398
254080,254087,258031,7,3944,2,36000,1.00177484787
254146,254152,256233,6,2081,4,3600,1.00288322922
254152,254158,258131,6,3973,2,36000,1.00151019381
254154,254164,257963,10,3799,2,36000,1.00263227165
254185,254193,258241,8,4048,2,36000,1.00197628458
254268,254275,258329,7,4054,2,36000,1.00172668969
254299,254308,258308,9,4000,2,36000,1.00225
254345,254354,258239,9,3885,2,36000,1.00231660232
254374,254381,258184,7,3803,2,36000,1.00184065212
254473,254480,258442,7,3962,2,36000,1.00176678445
254491,254497,258384,6,3887,2,36000,1.00154360689
254700,254706,258635,6,3929,2,36000,1.00152710613
254768,254776,258746,8,3970,2,36000,1.00201511335
254876,254884,258833,8,3949,2,36000,1.00202582932
254913,254921,258808,8,3887,2,36000,1.00205814253
254929,254935,258550,6,3615,2,36000,1.00165975104
255192,255199,259155,7,3956,2,36000,1.00176946411
255214,255221,259195,7,3974,2,36000,1.00176144942
255543,255550,259503,7,3953,2,36000,1.00177080698
255659,255665,259667,6,4002,2,36000,1.00149925037
255682,255690,259732,8,4042,2,36000,1.00197921821
255729,255736,259565,7,3829,2,36000,1.00182815356
255976,255984,259821,8,3837,2,36000,1.00208496221
256099,256106,260043,7,3937,2,36000,1.00177800356
256266,256275,260135,9,3860,2,36000,1.00233160622
256449,256455,260427,6,3972,2,36000,1.00151057402
256472,256479,260489,7,4010,2,36000,1.00174563591
256624,256632,260501,8,3869,2,36000,1.00206771776
256650,256656,260698,6,4042,2,36000,1.00148441366
256708,256717,260537,9,3820,2,36000,1.00235602094
256979,256985,256987,6,2,2,3540,1.0
257196,257203,261053,7,3850,2,36000,1.00181818182
257225,257235,261349,10,4114,2,36000,1.00243072436
257310,257316,261288,6,3972,2,36000,1.00151057402
257353,257361,261220,8,3859,2,36000,1.00207307593
257368,257374,261282,6,3908,2,36000,1.00153531218
257520,257531,261512,11,3981,2,36000,1.00276312484
257536,257542,261338,6,3796,2,36000,1.00158061117
257638,257646,261361,8,3715,2,36000,1.00215343203
257690,257699,261787,9,4088,2,36000,1.00220156556
257775,257782,261528,7,3746,2,36000,1.0018686599
257914,257923,261630,9,3707,2,36000,1.00242783922
257966,257975,261759,9,3784,2,36000,1.00237843552
258034,258042,261739,8,3697,2,36000,1.00216391669
258134,258142,262064,8,3922,2,36000,1.00203977562
258188,258195,262116,7,3921,2,36000,1.00178525886
258243,258250,262061,7,3811,2,36000,1.00183678824
258245,258256,262205,11,3949,2,36000,1.00278551532
258309,258320,262116,11,3796,2,36000,1.00289778714
258332,258340,262349,8,4009,2,36000,1.0019955101
258386,258396,262334,10,3938,2,36000,1.00253936008
258446,258453,262290,7,3837,2,36000,1.00182434193
258553,258561,262443,8,3882,2,36000,1.00206079341
258637,258646,262320,9,3674,2,36000,1.00244964616
258747,258757,262699,10,3942,2,36000,1.00253678336
258813,258820,262789,7,3969,2,36000,1.00176366843
258837,258845,262658,8,3813,2,36000,1.0020980855
259158,259166,262983,8,3817,2,36000,1.00209588682
259197,259206,263111,9,3905,2,36000,1.00230473752
259507,259514,263466,7,3952,2,36000,1.00177125506
259566,259576,263480,10,3904,2,36000,1.00256147541
259669,259679,263607,10,3928,2,36000,1.00254582485
259735,259743,263589,8,3846,2,36000,1.0020800832
259825,259892,263852,67,3960,2,36000,1.01691919192
259826,260055,296067,229,36012,2,36000,1.00635899145
260046,260146,264134,100,3988,2,36000,1.02507522568
260139,260438,264374,299,3936,2,36000,1.07596544715
260140,260501,296507,361,36006,2,36000,1.01002610676
260429,260512,264495,83,3983,2,36000,1.0208385639
260497,260710,264730,213,4020,2,36000,1.05298507463
260499,260550,296574,51,36024,2,36000,1.00141572285
260515,261064,264891,549,3827,2,36000,1.14345440293
260515,261360,296886,845,35526,2,36000,1.02378539661
260549,261300,265194,751,3894,2,36000,1.1928608115
260704,261231,265143,527,3912,2,36000,1.13471370143
260705,261294,296886,589,35592,2,36000,1.01654866262
261059,261524,296886,465,35362,2,36000,1.01314970873
261059,261349,265194,290,3845,2,36000,1.07542262679
261229,261373,265266,144,3893,2,36000,1.03698946828
261292,261539,296886,247,35347,2,36000,1.00698786318
261292,261798,265787,506,3989,2,36000,1.12684883429
261293,261641,265612,348,3971,2,36000,1.08763535633
261293,261770,296886,477,35116,2,36000,1.01358355166
261351,261750,296886,399,35136,2,36000,1.01135587432
261351,262078,266113,727,4035,2,36000,1.18017348203
261352,262127,296886,775,34759,2,36000,1.02229638367
261353,262072,266005,719,3933,2,36000,1.18281210272
261375,262132,296886,757,34754,2,36000,1.02178166542
261375,262216,266058,841,3842,2,36000,1.21889640812
261520,262360,266364,840,4004,2,36000,1.20979020979
261534,262345,296886,811,34541,2,36000,1.02347934339
261535,262301,266040,766,3739,2,36000,1.20486761166
261634,262454,296886,820,34432,2,36000,1.02381505576
261649,262332,296886,683,34554,2,36000,1.01976616311
261664,262710,296886,1046,34176,2,36000,1.03060627341
261679,262801,296886,1122,34085,2,36000,1.03291770574
261693,262669,296886,976,34217,2,36000,1.02852383318
261708,262995,296886,1287,33891,2,36000,1.03797468354
261723,263122,267045,1399,3923,2,36000,1.35661483559
261743,263477,267417,1734,3940,2,36000,1.44010152284
261764,263491,267406,1727,3915,2,36000,1.4411238825
261791,263619,267504,1828,3885,2,36000,1.47052767053
262066,263601,267481,1535,3880,2,36000,1.3956185567
262068,263864,267726,1796,3862,2,36000,1.46504401864
262123,267056,270983,4933,3927,2,36000,2.25617519735
262125,264145,268077,2020,3932,2,36000,1.51373346897
262206,264385,268413,2179,4028,2,36000,1.5409632572
262294,267418,271445,5124,4027,2,36000,2.27241122424
262323,264507,268506,2184,3999,2,36000,1.54613653413
262340,267428,271369,5088,3941,2,36000,2.29104288252
262356,264741,268415,2385,3674,2,36000,1.64915623299
262447,264902,268863,2455,3961,2,36000,1.61979298157
262662,265155,269030,2493,3875,2,36000,1.64335483871
262702,268088,272019,5386,3931,2,36000,2.37013482574
262791,265205,268831,2414,3626,2,36000,1.66574738003
262986,265210,268983,2224,3773,2,36000,1.58945136496
263115,268424,272356,5309,3932,2,36000,2.3502034588
263470,265277,269302,1807,4025,2,36000,1.44894409938
263486,268430,272289,4944,3859,2,36000,2.28116092252
263553,263559,349990,6,86431,8,86400,1.00006941954
263593,268517,272201,4924,3684,2,36000,2.33659066232
263610,265624,269342,2014,3718,2,36000,1.54168908015
263857,268842,272848,4985,4006,2,36000,2.24438342486
264136,268874,272807,4738,3933,2,36000,2.20467836257
264375,265798,269768,1423,3970,2,36000,1.35843828715
264499,266016,269897,1517,3881,2,36000,1.39087863953
264625,264631,264964,6,333,8,21600,1.01801801802
264731,266125,269868,1394,3743,2,36000,1.37242853326
264895,268995,272875,4100,3880,2,36000,2.05670103093
265147,269877,273454,4730,3577,2,36000,2.32233715404
265199,266070,269949,871,3879,2,36000,1.22454240784
265201,266052,269866,851,3814,2,36000,1.22312532774
265269,269883,273829,4614,3946,2,36000,2.16928535226
265616,270994,274699,5378,3705,2,36000,2.45155195682
265791,266376,270135,585,3759,2,36000,1.15562649641
266009,271381,275326,5372,3945,2,36000,2.36172370089
266045,271405,275330,5360,3925,2,36000,2.36560509554
266061,271593,275326,5532,3733,2,36000,2.4819180284
266116,271599,275583,5483,3984,2,36000,2.37625502008
266367,272031,276065,5664,4034,2,36000,2.40406544373
267050,272213,275762,5163,3549,2,36000,2.45477599324
267414,272300,276129,4886,3829,2,36000,2.2760511883
267431,272818,276763,5387,3945,2,36000,2.36552598226
267484,267492,271393,8,3901,2,36000,1.00205075622
267507,267516,271581,9,4065,2,36000,1.00221402214
267729,267737,271588,8,3851,2,36000,1.0020773825
268081,272859,276731,4778,3872,2,36000,2.23398760331
268420,272876,276972,4456,4096,2,36000,2.087890625
268421,272886,276823,4465,3937,2,36000,2.13411226822
268512,273367,277024,4855,3657,2,36000,2.32759092152
268834,273465,277370,4631,3905,2,36000,2.18591549296
268868,273754,277614,4886,3860,2,36000,2.26580310881
268985,273797,277468,4812,3671,2,36000,2.31081449196
269033,269042,272864,9,3822,2,36000,1.00235478807
269305,269313,273268,8,3955,2,36000,1.00202275601
269345,269354,273355,9,4001,2,36000,1.00224943764
269770,269780,273742,10,3962,2,36000,1.00252397779
269875,273889,277969,4014,4080,2,36000,1.98382352941
269876,273963,277827,4087,3864,2,36000,2.05771221532
269900,269908,273879,8,3971,2,36000,1.00201460589
269953,269961,273786,8,3825,2,36000,1.00209150327
270138,270146,273952,8,3806,2,36000,1.0021019443
270995,275285,279202,4290,3917,2,36000,2.09522593822
271380,275337,278943,3957,3606,2,36000,2.09733777038
271396,275348,279121,3952,3773,2,36000,2.04744235356
271449,271456,275273,7,3817,2,36000,1.00183390097
271592,275594,279487,4002,3893,2,36000,2.02799897251
271594,275773,279749,4179,3976,2,36000,2.05105633803
272026,276256,280203,4230,3947,2,36000,2.07170002534
272210,276742,280560,4532,3818,2,36000,2.18700890519
272294,276774,280716,4480,3942,2,36000,2.1364789447
272358,272367,276244,9,3877,2,36000,1.00232138251
272813,276835,280644,4022,3809,2,36000,2.05592018903
272852,276983,280869,4131,3886,2,36000,2.06304683479
272871,277036,280953,4165,3917,2,36000,2.06331376053
272890,277479,281361,4589,3882,2,36000,2.18212261721
273271,273279,277178,8,3899,2,36000,1.00205180816
273363,277626,281393,4263,3767,2,36000,2.13166976374
273455,277754,281557,4299,3803,2,36000,2.13042334999
273754,277838,281520,4084,3682,2,36000,2.10917979359
273791,277981,282016,4190,4035,2,36000,2.03841387856
273830,273840,277742,10,3902,2,36000,1.00256278831
273883,278624,282488,4741,3864,2,36000,2.22696687371
273956,278954,282881,4998,3927,2,36000,2.27272727273
274702,274710,278612,8,3902,2,36000,1.00205023065
275277,279047,282894,3770,3847,2,36000,1.97998440343
275327,275342,279035,15,3693,2,36000,1.00406173842
275329,279133,283010,3804,3877,2,36000,1.98117100851
275346,279214,282963,3868,3749,2,36000,2.03174179781
275589,279760,283825,4171,4065,2,36000,2.02607626076
275766,279904,283869,4138,3965,2,36000,2.04363177806
275940,275946,276052,6,106,1,1800,1.05660377358
276066,276076,279997,10,3921,2,36000,1.0025503698
276133,276140,279893,7,3753,2,36000,1.00186517453
276250,280008,283718,3758,3710,2,36000,2.01293800539
276359,276366,276481,7,115,1,1800,1.06086956522
276737,280214,284148,3477,3934,2,36000,1.8838332486
276772,280571,284580,3799,4009,2,36000,1.94761785982
276827,280655,284605,3828,3950,2,36000,1.96911392405
276977,280964,284674,3987,3710,2,36000,2.07466307278
277031,281083,285031,4052,3948,2,36000,2.02634245187
277126,277132,277627,6,495,1,1800,1.01212121212
277181,277190,281072,9,3882,2,36000,1.00231839258
277374,277381,281465,7,4084,2,36000,1.00171400588
277472,281372,285116,3900,3744,2,36000,2.04166666667
277622,281404,285327,3782,3923,2,36000,1.96405811879
277752,281531,285589,3779,4058,2,36000,1.93124691966
277830,282027,286019,4197,3992,2,36000,2.05135270541
277976,282905,286825,4929,3920,2,36000,2.25739795918
278619,282975,286933,4356,3958,2,36000,2.10055583628
278947,283729,287408,4782,3679,2,36000,2.29980973091
279043,283881,287722,4838,3841,2,36000,2.25956782088
279127,284465,288452,5338,3987,2,36000,2.33885126662
279202,279208,279259,6,51,1,1800,1.11764705882
279203,284616,288586,5413,3970,2,36000,2.36347607053
279443,279449,279500,6,51,1,1800,1.11764705882
279489,279498,283539,9,4041,2,36000,1.00222717149
279560,279566,279651,6,85,1,1800,1.07058823529
279755,284628,288447,4873,3819,2,36000,2.27598847866
279834,279840,279932,6,92,1,1800,1.0652173913
279894,284687,288602,4793,3915,2,36000,2.22426564496
280002,285042,289120,5040,4078,2,36000,2.23589995096
280197,280203,280449,6,246,1,1800,1.0243902439
280207,285212,289101,5005,3889,2,36000,2.28696322962
280567,285471,289219,4904,3748,2,36000,2.30843116329
280646,286504,290378,5858,3874,2,36000,2.51213216314
280718,280727,284454,9,3727,2,36000,1.00241481084
280822,280828,281101,6,273,1,1800,1.02197802198
280873,280880,284617,7,3737,2,36000,1.00187316029
280958,286835,290598,5877,3763,2,36000,2.56178580919
281077,286841,290806,5764,3965,2,36000,2.45372005044
281246,281252,281941,6,689,4,3600,1.00870827286
281367,287419,291356,6052,3937,2,36000,2.53721107442
281396,287734,291675,6338,3941,2,36000,2.60822126364
281468,281476,285201,8,3725,2,36000,1.00214765101
281524,287750,291694,6226,3944,2,36000,2.57860040568
281561,281568,285459,7,3891,2,36000,1.00179902339
281828,281834,281872,6,38,1,1800,1.15789473684
281945,281951,282979,6,1028,4,3600,1.00583657588
282022,288069,291937,6047,3868,2,36000,2.56334022751
282180,282186,282268,6,82,1,1800,1.07317073171
282492,282499,286492,7,3993,2,36000,1.00175306787
282884,282892,286590,8,3698,2,36000,1.00216333153
282901,288382,292336,5481,3954,2,36000,2.38619119879
282964,288458,292323,5494,3865,2,36000,2.42147477361
282992,282998,283143,6,145,1,1800,1.04137931034
283013,283021,286824,8,3803,2,36000,1.00210360242
283243,283249,283330,6,81,4,3600,1.07407407407
283543,283552,287399,9,3847,2,36000,1.00233948531
283722,288464,292217,4742,3753,2,36000,2.26352251532
283828,283836,287738,8,3902,2,36000,1.00205023065
283874,288975,292950,5101,3975,2,36000,2.28327044025
284151,284159,288058,8,3899,2,36000,1.00205180816
284459,289113,292931,4654,3818,2,36000,2.21896280775
284583,284591,288371,8,3780,2,36000,1.00211640212
284610,289230,293123,4620,3893,2,36000,2.18674544053
284626,289281,292819,4655,3538,2,36000,2.31571509327
284683,289920,293903,5237,3983,2,36000,2.31483806176
285038,290389,294330,5351,3941,2,36000,2.35777721391
285119,285127,288964,8,3837,2,36000,1.00208496221
285208,290609,294200,5401,3591,2,36000,2.50403787246
285330,285338,289270,8,3932,2,36000,1.002034588
285463,291368,295316,5905,3948,2,36000,2.49569402229
285592,285600,289514,8,3914,2,36000,1.00204394481
286022,286030,289909,8,3879,2,36000,1.00206238721
286501,291687,295507,5186,3820,2,36000,2.35759162304
286594,286601,290587,7,3986,2,36000,1.00175614651
286830,291706,295687,4876,3981,2,36000,2.22481788495
286831,291948,295782,5117,3834,2,36000,2.33463745436
286934,286944,290829,10,3885,2,36000,1.00257400257
287403,287410,291457,7,4047,2,36000,1.0017296763
287420,292228,296030,4808,3802,2,36000,2.26459758022
287729,292324,296112,4595,3788,2,36000,2.21304118268
287746,292334,296128,4588,3794,2,36000,2.20927780706
288062,292341,296208,4279,3867,2,36000,2.10654253944
288374,292347,296164,3973,3817,2,36000,2.04086979303
288454,292830,296647,4376,3817,2,36000,2.1464500917
288455,292853,296615,4398,3762,2,36000,2.16905901116
288588,288597,292329,9,3732,2,36000,1.00241157556
288604,288613,292313,9,3700,2,36000,1.00243243243
288968,292943,296862,3975,3919,2,36000,2.01428935953
289104,292961,296812,3857,3851,2,36000,2.00155803687
289123,289132,292842,9,3710,2,36000,1.00242587601
289222,293139,296866,3917,3727,2,36000,2.05097933995
289275,293414,296886,4139,3472,2,36000,2.19210829493
289517,289525,293403,8,3878,2,36000,1.00206291903
289913,293914,296886,4001,2972,2,36000,2.34623149394
290382,294211,296886,3829,2675,2,36000,2.43140186916
290590,290599,294525,9,3926,2,36000,1.00229240958
290606,294704,296888,4098,2184,2,36000,2.87637362637
290809,290817,294693,8,3876,2,36000,1.00206398349
290832,290841,294718,9,3877,2,36000,1.00232138251
291360,295327,296886,3967,1559,2,36000,3.54457985888
291461,291469,295408,8,3939,2,36000,1.00203097233
291684,295699,296886,4015,1187,2,36000,4.38247683235
291702,295793,296886,4091,1093,2,36000,4.7429094236
291945,296041,296886,4096,845,2,36000,5.84733727811
292220,296078,296886,3858,808,2,36000,5.77475247525
292318,296175,296886,3857,711,2,36000,6.42475386779
292338,296519,296886,4181,367,2,36000,12.3923705722
292339,296585,296886,4246,301,2,36000,15.1063122924
292340,296625,296886,4285,261,2,36000,17.4176245211
292829,296823,296886,3994,63,2,36000,64.3968253968
292847,296873,296886,4026,13,2,36000,310.692307692
292941,296879,296886,3938,7,2,36000,394.5
293695,293701,310213,6,16512,2,72000,1.00036337209
294334,294342,296886,8,2544,2,36000,1.00314465409
294528,294536,296886,8,2350,2,36000,1.00340425532
294721,294729,296886,8,2157,2,36000,1.00370885489
294828,294835,295604,7,769,17,10800,1.00910273082
295003,295009,297909,6,2900,2,288000,1.00206896552
295013,295019,298882,6,3863,2,432000,1.001553197
295021,295028,301210,7,6182,2,288000,1.00113231964
295029,295035,298073,6,3038,2,288000,1.00197498354
295303,295309,295427,6,118,1,216000,1.05084745763
295413,295420,296886,7,1466,2,36000,1.00477489768
295462,295468,463119,6,167651,1,216000,1.00003578863
295509,295518,296886,9,1368,2,36000,1.00657894737
295819,295825,313252,6,17427,2,72000,1.00034429334
295853,295859,463123,6,167264,1,216000,1.00003587144
296116,296123,296886,7,763,2,36000,1.00917431193
296133,296140,296886,7,746,2,36000,1.00938337802
296211,296219,296886,8,667,2,36000,1.011994003
296366,296372,422396,6,126024,4,126000,1.00004760998
296648,296659,296886,11,227,2,36000,1.04845814978
296868,296884,378604,16,81720,4,162000,1.0001957905
296950,296956,300860,6,3904,2,36000,1.00153688525
296952,296962,300942,10,3980,2,36000,1.00251256281
296954,296967,300923,13,3956,2,36000,1.00328614762
296955,296972,300897,17,3925,2,36000,1.00433121019
296958,296978,300949,20,3971,2,36000,1.00503651473
296962,296983,301052,21,4069,2,36000,1.00516097321
296964,296988,300936,24,3948,2,36000,1.00607902736
296966,296993,300889,27,3896,2,36000,1.0069301848
296968,296998,300905,30,3907,2,36000,1.00767852572
296971,297004,300947,33,3943,2,36000,1.00836926198
296974,297010,300914,36,3904,2,36000,1.00922131148
296976,297015,301013,39,3998,2,36000,1.00975487744
296978,297020,300885,42,3865,2,36000,1.01086675291
296981,297025,300988,44,3963,2,36000,1.01110269997
296983,297031,301004,48,3973,2,36000,1.01208155047
296986,297036,300994,50,3958,2,36000,1.01263264275
296988,297041,301012,53,3971,2,36000,1.01334676404
296992,297046,300998,54,3952,2,36000,1.01366396761
296995,297051,301022,56,3971,2,36000,1.01410224125
296998,297056,301024,58,3968,2,36000,1.01461693548
297001,297062,300888,61,3826,2,36000,1.01594354417
297006,297068,301045,62,3977,2,36000,1.01558964043
297008,297073,301106,65,4033,2,36000,1.01611703447
297010,297078,301026,68,3948,2,36000,1.01722391084
297013,297083,301136,70,4053,2,36000,1.01727115717
297015,297089,301052,74,3963,2,36000,1.01867272268
297018,297094,301052,76,3958,2,36000,1.01920161698
297021,297099,301085,78,3986,2,36000,1.01956848971
297023,297104,301080,81,3976,2,36000,1.0203722334
297025,297109,301024,84,3915,2,36000,1.0214559387
297026,297115,301054,89,3939,2,36000,1.02259456715
297030,297120,301101,90,3981,2,36000,1.02260738508
297032,297125,301072,93,3947,2,36000,1.02356219914
297036,297130,301072,94,3942,2,36000,1.02384576357
297039,297135,301028,96,3893,2,36000,1.02465964552
297042,297140,301044,98,3904,2,36000,1.02510245902
297044,297145,300986,101,3841,2,36000,1.02629523562
297046,297151,301086,105,3935,2,36000,1.02668360864
297048,297156,301065,108,3909,2,36000,1.0276285495
297052,297806,301710,754,3904,2,36000,1.1931352459
297313,297319,320483,6,23164,8,43200,1.00025902262
297398,297404,299429,6,2025,4,18000,1.00296296296
297642,297648,760878,6,463230,3,504000,1.00001295253
297865,297871,463129,6,165258,1,216000,1.00003630687
297998,298004,298015,6,11,10,43200,1.54545454545
298068,298075,300242,7,2167,4,90000,1.00323027227
298120,298126,317790,6,19664,10,43200,1.00030512612
298269,298275,378859,6,80584,4,90000,1.00007445647
298327,298333,298871,6,538,17,10800,1.01115241636
298545,298551,315159,6,16608,10,43200,1.00036127168
299209,299215,304683,6,5468,2,54000,1.00109729334
299240,299246,321911,6,22665,10,43200,1.00026472535
299262,299268,300984,6,1716,17,10800,1.0034965035
299545,299551,299556,6,5,1,3600,1.1
299609,299615,299618,6,3,2,3600,1.0
299719,299725,322079,6,22354,10,43200,1.00026840834
299749,299756,299762,7,6,2,3600,1.3
299857,299863,299960,6,97,4,3600,1.0618556701
299889,299895,299903,6,8,2,3600,1.4
300010,300016,317409,6,17393,10,43200,1.00034496637
300127,300133,300142,6,9,2,36000,1.5
300292,300298,300305,6,7,2,36000,1.3
300302,300308,300375,6,67,4,3600,1.08955223881
300806,300813,304275,7,3462,2,54000,1.00202195263
300863,300871,307511,8,6640,2,36000,1.00120481928
300887,300896,307387,9,6491,2,36000,1.0013865352
300902,300908,307255,6,6347,2,36000,1.0009453285
300904,300914,307513,10,6599,2,36000,1.00151538112
300905,300919,307480,14,6561,2,36000,1.00213382106
300927,300933,307500,6,6567,2,36000,1.00091365921
300929,300939,307419,10,6480,2,36000,1.00154320988
300930,300944,307551,14,6607,2,36000,1.00211896473
300949,300956,307661,7,6705,2,36000,1.00104399702
300951,300961,307387,10,6426,2,36000,1.00155617803
300952,300967,307487,15,6520,2,36000,1.0023006135
300954,300972,307573,18,6601,2,36000,1.00272685957
300991,300997,307472,6,6475,2,36000,1.00092664093
300992,301003,307156,11,6153,2,36000,1.00178774582
301012,301018,307588,6,6570,2,36000,1.00091324201
301013,301024,307396,11,6372,2,36000,1.00172630257
301014,301029,307536,15,6507,2,36000,1.00230520977
301038,301044,307795,6,6751,2,36000,1.00088875722
301039,301050,307774,11,6724,2,36000,1.00163593099
301040,301055,307740,15,6685,2,36000,1.00224382947
301042,301060,307696,18,6636,2,36000,1.0027124774
301043,301065,307301,22,6236,2,36000,1.0035279025
301045,301071,307644,26,6573,2,36000,1.00395557584
301046,301076,307633,30,6557,2,36000,1.00457526308
301071,301082,307404,11,6322,2,36000,1.00173995571
301072,301087,307571,15,6484,2,36000,1.0023133868
301074,301092,307736,18,6644,2,36000,1.00270921132
301075,301097,307423,22,6326,2,36000,1.00347771103
301076,301103,307711,27,6608,2,36000,1.00408595642
301078,301109,307604,31,6495,2,36000,1.00477290223
301079,301115,307481,36,6366,2,36000,1.00565504241
301101,301120,307747,19,6627,2,36000,1.002867059
301102,301125,307653,23,6528,2,36000,1.00352328431
301103,301130,307803,27,6673,2,36000,1.00404615615
301105,301136,307887,31,6751,2,36000,1.00459191231
301106,301141,307697,35,6556,2,36000,1.00533862111
301123,301146,307647,23,6501,2,36000,1.00353791724
301124,301152,307861,28,6709,2,36000,1.00417349829
301140,301158,307810,18,6652,2,36000,1.0027059531
301713,301722,308222,9,6500,2,36000,1.00138461538
301728,301735,327942,7,26207,2,108000,1.00026710421
302022,302028,305734,6,3706,4,3600,1.00161899622
302708,302714,317036,6,14322,2,54000,1.0004189359
303051,303057,316194,6,13137,2,54000,1.00045672528
303247,303253,319808,6,16555,2,54000,1.00036242827
303436,303442,319974,6,16532,2,54000,1.00036293249
303738,303744,338634,6,34890,1,72000,1.00017196905
304024,304030,463133,6,159103,1,216000,1.00003771142
304344,304350,338655,6,34305,1,72000,1.00017490162
304351,304357,325763,6,21406,2,72000,1.00028029524
304461,304467,340490,6,36023,24,36000,1.00016656025
306577,306583,307837,6,1254,4,28800,1.004784689
306583,306590,307796,7,1206,4,28800,1.00580431177
306592,306598,307863,6,1265,4,28800,1.004743083
306599,306605,307785,6,1180,4,28800,1.00508474576
306621,306627,338662,6,32035,1,72000,1.00018729515
306641,306648,338666,7,32018,1,72000,1.00021862702
306667,306673,338667,6,31994,1,72000,1.00018753516
306684,306690,338669,6,31979,1,72000,1.00018762313
306746,306752,338670,6,31918,1,72000,1.0001879817
306768,306774,338671,6,31897,1,72000,1.00018810546
306786,306793,338674,7,31881,1,72000,1.00021956651
306802,306808,338680,6,31872,1,72000,1.00018825301
306816,306823,338682,7,31859,1,72000,1.00021971813
306855,306861,338683,6,31822,1,72000,1.0001885488
306873,306879,338684,6,31805,1,72000,1.00018864958
306900,306906,338685,6,31779,1,72000,1.00018880393
306915,306922,338686,7,31764,1,72000,1.00022037527
307157,307167,313556,10,6389,2,36000,1.00156519017
307248,307255,338699,7,31444,1,72000,1.00022261799
307261,307267,313852,6,6585,2,36000,1.00091116173
307289,307295,338704,6,31409,1,72000,1.00019102805
307307,307313,338706,6,31393,1,72000,1.00019112541
307309,307319,313962,10,6643,2,36000,1.00150534397
307323,307329,338708,6,31379,1,72000,1.00019121068
307340,307347,338709,7,31362,1,72000,1.00022320005
307354,307360,338711,6,31351,1,72000,1.00019138146
307392,307403,338712,11,31309,1,72000,1.00035133668
307393,307398,313769,5,6371,2,36000,1.00078480615
307394,307409,314038,15,6629,2,36000,1.00226278473
307409,307415,338724,6,31309,1,72000,1.00019163819
307411,307422,313903,11,6481,2,36000,1.00169726894
307412,307427,313871,15,6444,2,36000,1.00232774674
307426,307433,338729,7,31296,1,72000,1.00022367076
307433,307440,314227,7,6787,2,36000,1.00103138353
307434,307445,314120,11,6675,2,36000,1.00164794007
307443,307451,338735,8,31284,1,72000,1.00025572177
307480,307487,314185,7,6698,2,36000,1.00104508809
307483,307493,307497,10,4,1,600,1.4
307494,307500,307503,6,3,1,600,1.0
307496,307506,313875,10,6369,2,36000,1.0015701052
307498,307511,314199,13,6688,2,36000,1.0019437799
307499,307516,313961,17,6445,2,36000,1.00263770365
307521,307527,314152,6,6625,2,36000,1.00090566038
307522,307533,314248,11,6715,2,36000,1.0016381236
307524,307538,314163,14,6625,2,36000,1.00211320755
307542,307548,307630,6,82,1,600,1.07317073171
307543,307554,314208,11,6654,2,36000,1.00165314097
307556,307562,307644,6,82,1,600,1.07317073171
307562,307568,314316,6,6748,2,36000,1.00088915234
307583,307589,314185,6,6596,2,36000,1.00090964221
307585,307595,314070,10,6475,2,36000,1.00154440154
307603,307609,314085,6,6476,2,36000,1.00092649784
307617,307623,338750,6,31127,1,72000,1.0001927587
307619,307629,314331,10,6702,2,36000,1.00149209191
307635,307641,338756,6,31115,1,72000,1.00019283304
307638,307647,314159,9,6512,2,36000,1.00138206388
307651,307657,338757,6,31100,1,72000,1.00019292605
307655,307663,314289,8,6626,2,36000,1.00120736493
307656,307668,314028,12,6360,2,36000,1.00188679245
307658,307674,314343,16,6669,2,36000,1.00239916029
307667,307680,338765,13,31085,1,72000,1.00041820814
307678,307686,314255,8,6569,2,36000,1.00121784138
307686,307692,338770,6,31078,1,72000,1.00019306262
307699,307707,314226,8,6519,2,36000,1.00122718208
307701,307713,314221,12,6508,2,36000,1.00184388445
307717,307723,314265,6,6542,2,36000,1.00091715072
307744,307750,314211,6,6461,2,36000,1.00092864882
307745,307756,314166,11,6410,2,36000,1.00171606864
307761,307767,314359,6,6592,2,36000,1.00091019417
307782,307788,314318,6,6530,2,36000,1.00091883614
307802,307808,314245,6,6437,2,36000,1.00093211123
307818,307824,314433,6,6609,2,36000,1.00090785293
307819,307830,314313,11,6483,2,36000,1.00169674533
307829,307836,307967,7,131,1,600,1.0534351145
307851,307857,338789,6,30932,1,72000,1.00019397388
307867,307873,314279,6,6406,2,36000,1.00093662192
307887,307898,314572,11,6674,2,36000,1.00164818699
307898,307904,338792,6,30888,1,72000,1.00019425019
307916,307922,338794,6,30872,1,72000,1.00019435087
307933,307939,338796,6,30857,1,72000,1.00019444534
307950,307956,338801,6,30845,1,72000,1.00019452099
307966,307972,338803,6,30831,1,72000,1.00019460932
308015,308022,338804,7,30782,1,72000,1.00022740563
308032,308038,338805,6,30767,1,72000,1.00019501414
308070,308076,338806,6,30730,1,72000,1.00019524894
308088,308094,338807,6,30713,1,72000,1.00019535701
308131,308138,308145,7,7,1,72000,1.4
308187,308193,338808,6,30615,1,72000,1.00019598236
308217,308223,338815,6,30592,1,72000,1.00019612971
308225,308234,314826,9,6592,2,36000,1.00136529126
308258,308264,338814,6,30550,1,72000,1.00019639935
308281,308287,338815,6,30528,1,72000,1.00019654088
308368,308374,338816,6,30442,1,72000,1.00019709612
308384,308390,338817,6,30427,1,72000,1.00019719328
308404,308410,338819,6,30409,1,72000,1.00019731001
308421,308427,338820,6,30393,1,72000,1.00019741388
308663,308669,311253,6,2584,2,32400,1.00232198142
310953,310959,327437,6,16478,2,43200,1.00036412186
311372,311378,329146,6,17768,2,43200,1.00033768573
311713,311719,323380,6,11661,2,43200,1.00051453563
312044,312050,327961,6,15911,2,43200,1.00037709761
312373,312379,329856,6,17477,2,43200,1.00034330835
313192,313263,320495,71,7232,2,43200,1.00981747788
313418,315170,318897,1752,3727,2,43200,1.47008317682
313565,313572,320026,7,6454,2,36000,1.0010845987
313772,313780,320106,8,6326,2,36000,1.00126462219
313855,313863,320386,8,6523,2,36000,1.00122642956
313876,313882,320398,6,6516,2,36000,1.00092081031
313877,313888,320432,11,6544,2,36000,1.0016809291
313906,313915,320643,9,6728,2,36000,1.00133769322
313965,313972,320493,7,6521,2,36000,1.00107345499
313967,313978,320549,11,6571,2,36000,1.00167402222
314040,314046,320630,6,6584,2,36000,1.00091130012
314042,314052,320463,10,6411,2,36000,1.00155981906
314077,314083,320645,6,6562,2,36000,1.00091435538
314092,314098,320693,6,6595,2,36000,1.00090978014
314122,314131,320518,9,6387,2,36000,1.00140911226
314154,314163,320530,9,6367,2,36000,1.00141353856
314174,314181,320892,7,6711,2,36000,1.00104306363
314176,314187,320727,11,6540,2,36000,1.00168195719
314178,314192,320753,14,6561,2,36000,1.00213382106
314197,314203,320796,6,6593,2,36000,1.00091005612
314198,314209,320736,11,6527,2,36000,1.00168530719
314218,314224,320655,6,6431,2,36000,1.00093298087
314219,314230,320882,11,6652,2,36000,1.001653638
314220,314235,320843,15,6608,2,36000,1.00226997579
314242,314248,320407,6,6159,2,36000,1.00097418412
314244,314254,320482,10,6228,2,36000,1.00160565189
314245,314259,320975,14,6716,2,36000,1.00208457415
314265,314271,320749,6,6478,2,36000,1.00092621179
314266,314277,320987,11,6710,2,36000,1.00163934426
314268,314282,320536,14,6254,2,36000,1.00223856732
314289,314295,321029,6,6734,2,36000,1.00089100089
314291,314301,320818,10,6517,2,36000,1.00153444837
314308,314314,320951,6,6637,2,36000,1.0009040229
314329,314335,320606,6,6271,2,36000,1.0009567852
314331,314341,320785,10,6444,2,36000,1.00155183116
314332,314346,320846,14,6500,2,36000,1.00215384615
314351,314357,320809,6,6452,2,36000,1.0009299442
314353,314363,321013,10,6650,2,36000,1.0015037594
314368,314374,320853,6,6479,2,36000,1.00092606884
314439,314445,320877,6,6432,2,36000,1.00093283582
314481,315175,323017,694,7842,2,43200,1.08849783219
314576,314584,321201,8,6617,2,36000,1.0012090071
314746,315180,337264,434,22084,2,43200,1.01965223691
314831,314837,321411,6,6574,2,36000,1.00091268634
315858,315864,318340,6,2476,2,32400,1.00242326333
316755,316761,317088,6,327,4,3600,1.01834862385
317409,317802,340023,393,22221,10,43200,1.01768597273
318013,318322,340739,309,22417,10,43200,1.01378418165
318399,318908,328114,509,9206,10,43200,1.05529002824
319173,320500,320520,1327,20,8,9000,67.35
319685,320505,322715,820,2210,2,32400,1.37104072398
320039,320045,326657,6,6612,2,36000,1.00090744102
320108,320117,326486,9,6369,2,36000,1.00141309468
320399,320405,327219,6,6814,2,36000,1.00088054006
320417,320423,327070,6,6647,2,36000,1.00090266286
320418,320429,326994,11,6565,2,36000,1.00167555217
320438,320444,327058,6,6614,2,36000,1.00090716662
320468,320475,327012,7,6537,2,36000,1.0010708276
320489,320495,327115,6,6620,2,36000,1.00090634441
320506,320513,327257,7,6744,2,36000,1.00103795967
320528,320534,327018,6,6484,2,36000,1.00092535472
320547,320554,326922,7,6368,2,36000,1.00109924623
320549,320560,327035,11,6475,2,36000,1.0016988417
320564,320571,327210,7,6639,2,36000,1.00105437566
320612,320618,327330,6,6712,2,36000,1.00089392133
320636,320642,327160,6,6518,2,36000,1.00092052777
320657,320663,326837,6,6174,2,36000,1.0009718173
320658,320669,327311,11,6642,2,36000,1.00165612767
320660,320674,327368,14,6694,2,36000,1.00209142516
320701,320707,327021,6,6314,2,36000,1.00095026924
320709,320715,320728,6,13,8,9000,1.46153846154
320737,320744,326900,7,6156,2,36000,1.00113710201
320739,320750,326979,11,6229,2,36000,1.00176593354
320777,320784,320791,7,7,8,9000,1.4
320808,320814,327079,6,6265,2,36000,1.00095770152
320809,320820,327469,11,6649,2,36000,1.00165438412
320810,320825,327442,15,6617,2,36000,1.00226688832
320811,320830,327380,19,6550,2,36000,1.00290076336
320833,320839,327597,6,6758,2,36000,1.00088783664
320835,320845,327444,10,6599,2,36000,1.00151538112
320856,320862,327495,6,6633,2,36000,1.00090456807
320857,320868,327473,11,6605,2,36000,1.001665405
320858,320873,327502,15,6629,2,36000,1.00226278473
320884,320890,327350,6,6460,2,36000,1.00092879257
320885,320896,327341,11,6445,2,36000,1.00170674942
320903,320909,327358,6,6449,2,36000,1.0009303768
320911,320917,320924,6,7,8,9000,1.3
320958,320965,327395,7,6430,2,36000,1.00108864697
320981,320986,327573,5,6587,2,36000,1.0007590709
321007,321013,327348,6,6335,2,36000,1.00094711918
321027,321033,327366,6,6333,2,36000,1.00094741829
321043,321050,327424,7,6374,2,36000,1.00109821148
321164,321171,321178,7,7,8,9000,1.4
321205,321212,327901,7,6689,2,36000,1.00104649424
321255,321261,321664,6,403,4,43200,1.01488833747
321415,321423,327968,8,6545,2,36000,1.0012223071
321718,321724,337737,6,16013,8,43200,1.00037469556
324072,324078,329041,6,4963,4,158400,1.0012089462
324240,324268,348569,28,24301,1,72000,1.00115221596
324240,324256,348340,16,24084,1,72000,1.00066434147
324240,324251,349647,11,25396,1,72000,1.00043313908
324240,324262,348348,22,24086,1,72000,1.00091339367
324240,324246,326499,6,2253,1,72000,1.00266311585
324414,324420,328801,6,4381,4,28800,1.00136955033
324422,324429,326803,7,2374,4,28800,1.00294860994
324445,324451,324457,6,6,3,180000,1.2
324508,324514,386018,6,61504,3,180000,1.00009755463
324727,324733,328163,6,3430,4,28800,1.00174927114
324733,324740,338413,7,13673,4,28800,1.00051195787
324831,324837,326096,6,1259,2,90000,1.00476568705
326491,326497,332791,6,6294,2,36000,1.00095328885
326661,326669,333080,8,6411,2,36000,1.00124785525
326841,326849,333300,8,6451,2,36000,1.00124011781
326907,326912,333259,5,6347,2,36000,1.00078777375
326926,326933,333615,7,6682,2,36000,1.00104759054
326992,326998,333468,6,6470,2,36000,1.00092735703
327012,327019,333636,7,6617,2,36000,1.00105788122
327014,327025,333736,11,6711,2,36000,1.00163909999
327030,327036,333642,6,6606,2,36000,1.00090826521
327031,327042,333453,11,6411,2,36000,1.00171580097
327049,327055,333744,6,6689,2,36000,1.00089699507
327069,327075,333587,6,6512,2,36000,1.00092137592
327088,327094,333778,6,6684,2,36000,1.00089766607
327089,327100,333294,11,6194,2,36000,1.00177591217
327121,327127,333153,6,6026,2,36000,1.00099568536
327162,327171,333661,9,6490,2,36000,1.00138674884
327212,327221,333811,9,6590,2,36000,1.00136570561
327227,327233,333912,6,6679,2,36000,1.00089833807
327259,327268,333863,9,6595,2,36000,1.0013646702
327314,327322,334046,8,6724,2,36000,1.001189768
327334,327341,333700,7,6359,2,36000,1.00110080201
327351,327357,333971,6,6614,2,36000,1.00090716662
327352,327363,333859,11,6496,2,36000,1.00169334975
327354,327369,334090,15,6721,2,36000,1.00223181074
327373,327379,333889,6,6510,2,36000,1.00092165899
327374,327385,333898,11,6513,2,36000,1.00168892983
327376,327390,334126,14,6736,2,36000,1.0020783848
327394,327400,334030,6,6630,2,36000,1.00090497738
327410,327416,334086,6,6670,2,36000,1.00089955022
327426,327435,333871,9,6436,2,36000,1.00139838409
327447,327453,334150,6,6697,2,36000,1.00089592355
327448,327459,333800,11,6341,2,36000,1.00173474215
327472,327481,334021,9,6540,2,36000,1.00137614679
327493,327499,334099,6,6600,2,36000,1.00090909091
327510,327516,333764,6,6248,2,36000,1.0009603073
327511,327522,334014,11,6492,2,36000,1.0016943931
327580,327585,334302,5,6717,2,36000,1.00074437993
327603,327609,334244,6,6635,2,36000,1.0009042954
327903,327913,334347,10,6434,2,36000,1.00155424308
327972,327980,334634,8,6654,2,36000,1.00120228434
330616,330622,330627,6,5,17,10800,1.1
332284,332290,332300,6,10,17,10800,1.6
332796,332802,339405,6,6603,2,36000,1.00090867787
333084,333092,339707,8,6615,2,36000,1.00120937264
333156,333164,339507,8,6343,2,36000,1.00126123286
333261,333270,339964,9,6694,2,36000,1.0013444876
333305,333311,340036,6,6725,2,36000,1.00089219331
333307,333317,339894,10,6577,2,36000,1.00152045005
333454,333464,339848,10,6384,2,36000,1.00156641604
333470,333480,340044,10,6564,2,36000,1.0015234613
333590,333598,340291,8,6693,2,36000,1.00119527865
333619,333627,340225,8,6598,2,36000,1.00121248863
333638,333648,340360,10,6712,2,36000,1.00148986889
333654,333660,339998,6,6338,2,36000,1.00094667087
333670,333676,340357,6,6681,2,36000,1.00089806915
333701,333711,340158,10,6447,2,36000,1.00155110904
333737,333747,340391,10,6644,2,36000,1.0015051174
333752,333759,340239,7,6480,2,36000,1.00108024691
333770,333776,340320,6,6544,2,36000,1.00091687042
333786,333792,340137,6,6345,2,36000,1.00094562648
333803,333811,340237,8,6426,2,36000,1.00124494242
333818,333825,340130,7,6305,2,36000,1.00111022998
333860,333870,340493,10,6623,2,36000,1.00150988978
333878,333884,340379,6,6495,2,36000,1.00092378753
333879,333890,340548,11,6658,2,36000,1.00165214779
333896,333902,340537,6,6635,2,36000,1.0009042954
333913,333919,340559,6,6640,2,36000,1.00090361446
333914,333925,340611,11,6686,2,36000,1.00164522884
333975,333983,340694,8,6711,2,36000,1.00119207272
334019,334025,340721,6,6696,2,36000,1.00089605735
334037,334043,339960,6,5917,2,36000,1.00101402738
334038,334049,340364,11,6315,2,36000,1.0017418844
334053,334059,340562,6,6503,2,36000,1.00092265108
334090,334097,340652,7,6555,2,36000,1.00106788711
334092,334103,340256,11,6153,2,36000,1.00178774582
334108,334114,340761,6,6647,2,36000,1.00090266286
334128,334137,340167,9,6030,2,36000,1.00149253731
334154,334161,340864,7,6703,2,36000,1.00104430852
334247,334256,340573,9,6317,2,36000,1.00142472693
334305,334313,340652,8,6339,2,36000,1.00126202871
334351,334358,341069,7,6711,2,36000,1.00104306363
334642,334648,341221,6,6573,2,36000,1.00091282519
338990,338996,345096,6,6100,1,72000,1.00098360656
339017,339023,344063,6,5040,1,72000,1.00119047619
339021,339029,342959,8,3930,1,72000,1.00203562341
339024,339035,344129,11,5094,1,72000,1.00215940322
339031,339041,345040,10,5999,1,72000,1.00166694449
339041,339047,343145,6,4098,1,72000,1.00146412884
339046,339053,343176,7,4123,1,72000,1.00169779287
339050,339059,344127,9,5068,1,72000,1.00177584846
339053,339064,347333,11,8269,1,72000,1.00133026968
339057,339070,344481,13,5411,1,72000,1.0024025134
339060,339076,344918,16,5842,1,72000,1.00273878809
339062,339082,345210,20,6128,1,72000,1.00326370757
339066,339088,343403,22,4315,1,72000,1.00509849363
339069,339093,346121,24,7028,1,72000,1.00341491178
339072,339099,346687,27,7588,1,72000,1.00355824987
339076,339104,344266,28,5162,1,72000,1.00542425417
339079,339109,344010,30,4901,1,72000,1.00612119976
339083,339115,348782,32,9667,1,72000,1.00331023068
339086,339120,348446,34,9326,1,72000,1.00364572164
339089,339126,340705,37,1579,1,72000,1.02343255225
339093,339131,344189,38,5058,1,72000,1.00751285093
339097,339137,343630,40,4493,1,72000,1.00890273759
339100,339143,344965,43,5822,1,72000,1.00738577808
339103,339148,347581,45,8433,1,72000,1.0053361793
339106,339153,350900,47,11747,1,72000,1.00400102154
339109,339159,343990,50,4831,1,72000,1.01034982405
339113,339165,347897,52,8732,1,72000,1.00595510765
339118,339170,344336,52,5166,1,72000,1.01006581494
339121,339175,350738,54,11563,1,72000,1.00467006832
339125,339181,380351,56,41170,1,72000,1.00136021375
339127,339186,350864,59,11678,1,72000,1.00505223497
339130,339191,345425,61,6234,1,72000,1.00978504973
339133,339196,345347,63,6151,1,72000,1.01024223703
339136,339202,345342,66,6140,1,72000,1.01074918567
339139,339207,342753,68,3546,1,72000,1.01917653694
339142,339213,343772,71,4559,1,72000,1.0155735907
339145,339218,350194,73,10976,1,72000,1.00665087464
339148,339223,343431,75,4208,1,72000,1.01782319392
339150,339229,343037,79,3808,1,72000,1.02074579832
339157,339234,343988,77,4754,1,72000,1.01619688683
339159,339239,342542,80,3303,1,72000,1.02422040569
339162,339245,343710,83,4465,1,72000,1.01858902576
339165,339251,347199,86,7948,1,72000,1.01082033216
339168,339256,345051,88,5795,1,72000,1.01518550475
339172,339261,343894,89,4633,1,72000,1.01921001511
339177,339267,344065,90,4798,1,72000,1.01875781576
339181,339272,348647,91,9375,1,72000,1.00970666667
339184,339277,353017,93,13740,1,72000,1.00676855895
339192,339282,347176,90,7894,1,72000,1.0114010641
339406,339416,346070,10,6654,2,36000,1.00150285543
339510,339518,345938,8,6420,2,36000,1.00124610592
339712,339719,346284,7,6565,2,36000,1.00106626047
339851,339859,346438,8,6579,2,36000,1.00121599027
339895,339906,346627,11,6721,2,36000,1.00163666121
339964,339972,346663,8,6691,2,36000,1.00119563593
339979,339986,346441,7,6455,2,36000,1.00108443067
340004,340009,346622,5,6613,2,36000,1.0007560865
340039,340047,346500,8,6453,2,36000,1.00123973346
340054,340060,346520,6,6460,2,36000,1.00092879257
340136,340142,346834,6,6692,2,36000,1.00089659295
340152,340158,346578,6,6420,2,36000,1.00093457944
340168,340174,346809,6,6635,2,36000,1.0009042954
340169,340180,346732,11,6552,2,36000,1.00167887668
340233,340239,346940,6,6701,2,36000,1.00089538875
340249,340255,346560,6,6305,2,36000,1.00095162569
340250,340261,346911,11,6650,2,36000,1.00165413534
340266,340272,346851,6,6579,2,36000,1.0009119927
340295,340302,346844,7,6542,2,36000,1.00107000917
340321,340331,347056,10,6725,2,36000,1.00148698885
340360,340368,347030,8,6662,2,36000,1.00120084059
340375,340381,347031,6,6650,2,36000,1.00090225564
340376,340387,346778,11,6391,2,36000,1.0017211704
340392,340399,346853,7,6454,2,36000,1.0010845987
340394,340405,346885,11,6480,2,36000,1.00169753086
340496,340504,347217,8,6713,2,36000,1.00119171756
340540,340548,347159,8,6611,2,36000,1.00121010437
340556,340562,346776,6,6214,2,36000,1.00096556164
340574,340580,347290,6,6710,2,36000,1.00089418778
340576,340586,347225,10,6639,2,36000,1.00150625094
340577,340591,347011,14,6420,2,36000,1.00218068536
340615,340622,347125,7,6503,2,36000,1.00107642626
340655,340704,347439,49,6735,2,36000,1.00727542687
340656,340709,347375,53,6666,2,36000,1.00795079508
340697,340715,347292,18,6577,2,36000,1.0027368101
340724,340733,347373,9,6640,2,36000,1.00135542169
340762,340772,347386,10,6614,2,36000,1.00151194436
340867,340875,347364,8,6489,2,36000,1.0012328556
341073,341080,347661,7,6581,2,36000,1.00106366814
341225,341232,347867,7,6635,2,36000,1.0010550113
343193,343199,343201,6,2,2,3540,1.0
345940,345950,352556,10,6606,2,36000,1.00151377536
346075,346081,352549,6,6468,2,36000,1.00092764378
346287,346295,352904,8,6609,2,36000,1.00121047057
346306,346312,355183,6,8871,1,72000,1.00067636118
346322,346328,350608,6,4280,1,72000,1.00140186916
346378,346384,351805,6,5421,1,72000,1.00110680686
346392,346398,353195,6,6797,1,72000,1.00088274239
346418,346424,351585,6,5161,1,72000,1.00116256539
346439,346446,352420,7,5974,1,72000,1.00117174422
346442,346452,353077,10,6625,2,36000,1.00150943396
346443,346457,353063,14,6606,2,36000,1.0021192855
346486,346493,361043,7,14550,1,72000,1.00048109966
346503,346509,353074,6,6565,1,72000,1.00091393755
346504,346515,353065,11,6550,2,36000,1.00167938931
346516,346522,354229,6,7707,1,72000,1.00077851304
346530,346536,352692,6,6156,1,72000,1.00097465887
346532,346542,353058,10,6516,2,36000,1.00153468386
346543,346549,359856,6,13307,1,72000,1.00045089051
346562,346571,353349,9,6778,2,36000,1.00132782532
346576,346583,357582,7,10999,1,72000,1.00063642149
346583,346589,352997,6,6408,2,36000,1.00093632959
346592,346598,352008,6,5410,1,72000,1.0011090573
346606,346612,354087,6,7475,1,72000,1.00080267559
346629,346635,353395,6,6760,2,36000,1.00088757396
346631,346641,353258,10,6617,2,36000,1.00151125888
346664,346671,352144,7,5473,1,72000,1.00127900603
346666,346677,352854,11,6177,2,36000,1.00178079974
346696,346702,352361,6,5659,1,72000,1.001060258
346735,346744,353086,9,6342,2,36000,1.00141911069
346739,346750,352942,11,6192,1,72000,1.00177648579
346759,346765,351971,6,5206,1,72000,1.00115251633
346770,346776,354576,6,7800,1,72000,1.00076923077
346787,346798,355452,11,8654,1,72000,1.00127108851
346787,346792,353464,5,6672,2,36000,1.00074940048
346788,346804,353345,16,6541,2,36000,1.00244610916
346813,346820,353401,7,6581,2,36000,1.00106366814
346819,346826,352296,7,5470,1,72000,1.0012797075
346831,346838,355196,7,8358,1,72000,1.00083752094
346839,346845,353378,6,6533,2,36000,1.0009184142
346862,346869,353519,7,6650,2,36000,1.00105263158
346864,346875,353046,11,6171,2,36000,1.00178253119
346865,346880,353384,15,6504,2,36000,1.00230627306
346880,346886,350624,6,3738,1,72000,1.00160513644
346893,346900,353612,7,6712,2,36000,1.00104290822
346896,346906,357926,10,11020,1,72000,1.00090744102
346913,346923,353412,10,6489,2,36000,1.0015410695
346943,346951,353469,8,6518,2,36000,1.00122737036
346964,346970,353997,6,7027,1,72000,1.00085384944
346983,346989,351380,6,4391,1,72000,1.00136643134
346997,347003,351471,6,4468,1,72000,1.00134288272
347014,347022,353706,8,6684,2,36000,1.00119688809
347030,347036,354510,6,7474,1,72000,1.00080278298
347037,347043,353697,6,6654,2,36000,1.00090171326
347038,347049,353431,11,6382,2,36000,1.00172359762
347044,347055,352915,11,5860,1,72000,1.00187713311
347060,347067,353632,7,6565,2,36000,1.00106626047
347064,347073,357319,9,10246,1,72000,1.00087839157
347105,347111,387212,6,40101,1,72000,1.0001496222
347120,347126,353053,6,5927,1,72000,1.00101231652
347134,347140,357155,6,10015,1,72000,1.00059910135
347135,347146,353878,11,6732,2,36000,1.00163398693
347148,347154,352253,6,5099,1,72000,1.00117670131
347163,347171,353605,8,6434,2,36000,1.00124339447
347172,347178,366732,6,19554,1,72000,1.00030684259
347205,347211,355493,6,8282,1,72000,1.00072446269
347219,347231,353800,12,6569,2,36000,1.00182676206
347219,347225,354309,6,7084,1,72000,1.00084697911
347233,347239,353221,6,5982,1,72000,1.00100300903
347236,347245,353720,9,6475,2,36000,1.00138996139
347249,347255,354567,6,7312,1,72000,1.00082056893
347261,347268,356956,7,9688,1,72000,1.00072254335
347288,347294,357910,6,10616,1,72000,1.00056518463
347300,347306,353941,6,6635,2,36000,1.0009042954
347302,347312,353937,10,6625,2,36000,1.00150943396
347304,347317,352169,13,4852,1,72000,1.0026793075
347318,347324,351763,6,4439,1,72000,1.00135165578
347331,347337,354299,6,6962,1,72000,1.00086182132
347349,347355,354071,6,6716,1,72000,1.00089338892
347367,347375,353689,8,6314,2,36000,1.00126702566
347385,347396,354742,11,7346,1,72000,1.00149741356
347386,347391,353855,5,6464,2,36000,1.00077351485
347387,347402,354194,15,6792,2,36000,1.00220848057
347403,347410,353834,7,6424,2,36000,1.00108966376
347405,347416,352350,11,4934,1,72000,1.00222942846
347418,347425,352220,7,4795,1,72000,1.00145985401
347446,347452,353878,6,6426,2,36000,1.00093370682
347471,347477,353542,6,6065,1,72000,1.00098928277
347665,347672,354019,7,6347,2,36000,1.00110288325
347738,347744,356581,6,8837,1,86400,1.00067896345
347738,347749,357186,11,9437,1,86400,1.00116562467
347739,347766,358945,27,11179,1,86400,1.00241524287
347739,347755,355959,16,8204,1,86400,1.00195026816
347739,347760,355896,21,8136,1,86400,1.00258112094
347740,347781,356058,41,8277,1,86400,1.00495348556
347740,347776,356749,36,8973,1,86400,1.00401203611
347740,347771,356933,31,9162,1,86400,1.00338354071
347741,347792,354828,51,7036,1,86400,1.00724843661
347741,347787,357806,46,10019,1,86400,1.00459127657
347741,347798,357418,57,9620,1,86400,1.00592515593
347742,347803,434235,61,86432,1,86400,1.00070575713
347872,347877,354503,5,6626,2,36000,1.00075460308
350149,350156,436568,7,86412,8,86400,1.00008100727
352558,352564,359042,6,6478,2,36000,1.00092621179
352559,352570,358725,11,6155,2,36000,1.00178716491
352858,352865,359597,7,6732,2,36000,1.00103980986
352910,352917,359522,7,6605,2,36000,1.00105980318
353002,353009,359325,7,6316,2,36000,1.00110829639
353054,353060,359539,6,6479,2,36000,1.00092606884
353079,353085,359352,6,6267,2,36000,1.00095739588
353080,353091,359652,11,6561,2,36000,1.00167657369
353081,353096,359754,15,6658,2,36000,1.00225292881
353083,353102,359714,19,6612,2,36000,1.00287356322
353100,353108,359641,8,6533,2,36000,1.00122455227
353260,353269,359985,9,6716,2,36000,1.00134008338
353350,353356,359912,6,6556,2,36000,1.00091519219
353351,353362,360025,11,6663,2,36000,1.001650908
353387,353393,359953,6,6560,2,36000,1.00091463415
353388,353399,360053,11,6654,2,36000,1.00165314097
353412,353418,359893,6,6475,2,36000,1.00092664093
353413,353424,359961,11,6537,2,36000,1.00168272908
353430,353436,359961,6,6525,2,36000,1.00091954023
353446,353452,360091,6,6639,2,36000,1.00090375056
353472,353478,360061,6,6583,2,36000,1.00091143855
353474,353484,360197,10,6713,2,36000,1.00148964695
353528,353534,360180,6,6646,2,36000,1.00090279868
353612,353618,360224,6,6606,2,36000,1.00090826521
353628,353634,360278,6,6644,2,36000,1.00090307044
353645,353651,360187,6,6536,2,36000,1.00091799266
353695,353700,360392,5,6692,2,36000,1.00074716079
353717,353724,360200,7,6476,2,36000,1.00108091414
353719,353730,360204,11,6474,2,36000,1.00169910411
353743,353749,360253,6,6504,2,36000,1.00092250923
353811,353817,360487,6,6670,2,36000,1.00089955022
353845,353851,360447,6,6596,2,36000,1.00090964221
353865,353872,360529,7,6657,2,36000,1.00105152471
353888,353894,360536,6,6642,2,36000,1.00090334237
353889,353900,360384,11,6484,2,36000,1.00169648365
353947,353953,360680,6,6727,2,36000,1.00089192805
353949,353959,360549,10,6590,2,36000,1.00151745068
354029,354035,360547,6,6512,2,36000,1.00092137592
354198,354205,360686,7,6481,2,36000,1.00108008023
354508,354514,361254,6,6740,2,36000,1.00089020772
358732,358738,365457,6,6719,2,36000,1.00089299003
359047,359053,365599,6,6546,2,36000,1.00091659028
359333,359339,365947,6,6608,2,36000,1.00090799031
359354,359363,365963,9,6600,2,36000,1.00136363636
359528,359534,365866,6,6332,2,36000,1.00094756791
359545,359551,366204,6,6653,2,36000,1.00090184879
359601,359608,366373,7,6765,2,36000,1.00103473762
359645,359651,365959,6,6308,2,36000,1.00095117311
359663,359669,366151,6,6482,2,36000,1.00092564023
359720,359725,366314,5,6589,2,36000,1.00075884049
359758,359765,366409,7,6644,2,36000,1.00105358218
359901,359907,366586,6,6679,2,36000,1.00089833807
359921,359927,366235,6,6308,2,36000,1.00095117311
359956,359965,366443,9,6478,2,36000,1.00138931769
359977,359983,366524,6,6541,2,36000,1.00091729093
359978,359989,366545,11,6556,2,36000,1.00167785235
359996,360002,366249,6,6247,2,36000,1.00096046102
360029,360036,366608,7,6572,2,36000,1.00106512477
360059,360065,366636,6,6571,2,36000,1.00091310303
360077,360083,366730,6,6647,2,36000,1.00090266286
360095,360102,366752,7,6650,2,36000,1.00105263158
360188,360194,366655,6,6461,2,36000,1.00092864882
360190,360200,366792,10,6592,2,36000,1.00151699029
360216,360222,366760,6,6538,2,36000,1.00091771184
360217,360228,366843,11,6615,2,36000,1.00166288738
360218,360233,366352,15,6119,2,36000,1.00245138094
360238,360244,366725,6,6481,2,36000,1.00092578306
360257,360264,366641,7,6377,2,36000,1.00109769484
360281,360289,366942,8,6653,2,36000,1.00120246505
360392,360399,366822,7,6423,2,36000,1.00108983341
360409,360415,366861,6,6446,2,36000,1.0009308098
360453,360459,367056,6,6597,2,36000,1.00090950432
360490,360499,367042,9,6543,2,36000,1.00137551582
360537,360543,367267,6,6724,2,36000,1.000892326
360538,360549,367086,11,6537,2,36000,1.00168272908
360558,360564,366794,6,6230,2,36000,1.00096308186
360559,360570,367034,11,6464,2,36000,1.00170173267
360682,360691,367284,9,6593,2,36000,1.00136508418
360700,360706,367347,6,6641,2,36000,1.00090347839
361264,361271,367849,7,6578,2,36000,1.00106415324
361782,361788,361792,6,4,2,300,1.0
361955,361962,361966,7,4,2,300,1.1
362360,362366,362476,6,110,1,1800,1.05454545455
362808,362814,362937,6,123,1,1800,1.0487804878
363583,363589,364107,6,518,1,1800,1.01158301158
363612,363618,363951,6,333,2,300,1.01801801802
364254,364260,364592,6,332,2,300,1.01807228916
364900,364906,365540,6,634,128,600,1.0094637224
365468,365474,372293,6,6819,2,36000,1.00087989441
365603,365610,372201,7,6591,2,36000,1.00106205432
365658,365664,365717,6,53,1,1800,1.11320754717
365698,365704,366340,6,636,128,600,1.00943396226
365879,365885,372525,6,6640,2,36000,1.00090361446
365953,365959,372313,6,6354,2,36000,1.00094428706
365971,365977,372389,6,6412,2,36000,1.00093574548
365972,365983,372399,11,6416,2,36000,1.00171446384
366024,366030,366119,6,89,1,1800,1.06741573034
366075,366081,366144,6,63,1,1800,1.09523809524
366161,366167,372504,6,6337,2,36000,1.00094682026
366208,366215,372917,7,6702,2,36000,1.00104446434
366241,366247,372948,6,6701,2,36000,1.00089538875
366257,366263,372634,6,6371,2,36000,1.00094176738
366316,366326,372756,10,6430,2,36000,1.00155520995
366357,366364,372959,7,6595,2,36000,1.00106141016
366380,366386,373068,6,6682,2,36000,1.00089793475
366412,366420,372922,8,6502,2,36000,1.00123039065
366447,366455,372650,8,6195,2,36000,1.001291364
366505,366511,366611,6,100,1,1800,1.06
366528,366535,373194,7,6659,2,36000,1.00105120889
366549,366558,372925,9,6367,2,36000,1.00141353856
366592,366597,373045,5,6448,2,36000,1.00077543424
366614,366620,373052,6,6432,2,36000,1.00093283582
366644,366650,373164,6,6514,2,36000,1.00092109303
366645,366656,373121,11,6465,2,36000,1.00170146945
366674,366680,373052,6,6372,2,36000,1.00094161959
366681,366687,366960,6,273,1,1800,1.02197802198
366733,366739,373275,6,6536,2,36000,1.00091799266
366734,366745,373280,11,6535,2,36000,1.00168324407
366755,366764,373364,9,6600,2,36000,1.00136363636
366774,366780,373523,6,6743,2,36000,1.00088981166
366796,366803,373481,7,6678,2,36000,1.00104821803
366798,366809,373306,11,6497,2,36000,1.00169308912
366833,366839,373018,6,6179,2,36000,1.00097103091
366852,366858,373515,6,6657,2,36000,1.00090130689
366868,366874,373204,6,6330,2,36000,1.0009478673
366937,366943,367287,6,344,128,300,1.01744186047
366945,366953,373532,8,6579,2,36000,1.00121599027
367045,367051,373655,6,6604,2,36000,1.00090854028
367046,367057,373601,11,6544,2,36000,1.0016809291
367068,367074,373689,6,6615,2,36000,1.00090702948
367092,367098,373789,6,6691,2,36000,1.00089672695
367272,367278,373749,6,6471,2,36000,1.00092721372
367290,367296,373536,6,6240,2,36000,1.00096153846
367354,367360,373375,6,6015,2,36000,1.00099750623
367557,367563,367862,6,299,1,1800,1.02006688963
367854,367860,374575,6,6715,2,36000,1.00089352197
368486,368492,368532,6,40,1,1800,1.15
368846,368852,368928,6,76,1,1800,1.07894736842
369664,369670,369801,6,131,1,1800,1.04580152672
369737,369743,370080,6,337,128,300,1.0178041543
370181,370188,532226,7,162038,128,162000,1.00004319974
372210,372216,378662,6,6446,2,36000,1.0009308098
372297,372305,378588,8,6283,2,36000,1.0012732771
372318,372324,379021,6,6697,2,36000,1.00089592355
372393,372400,378721,7,6321,2,36000,1.00110741971
372409,372416,379028,7,6612,2,36000,1.00105868119
372506,372516,378968,10,6452,2,36000,1.00154990701
372532,372538,378921,6,6383,2,36000,1.00093999687
372642,372648,379102,6,6454,2,36000,1.00092965603
372659,372665,379037,6,6372,2,36000,1.00094161959
372761,372768,379192,7,6424,2,36000,1.00108966376
372927,372933,379629,6,6696,2,36000,1.00089605735
372928,372939,379604,11,6665,2,36000,1.0016504126
372929,372944,379634,15,6690,2,36000,1.00224215247
372955,372961,379353,6,6392,2,36000,1.00093867334
372971,372977,379682,6,6705,2,36000,1.00089485459
373022,373029,379547,7,6518,2,36000,1.00107394906
373046,373057,379657,11,6600,2,36000,1.00166666667
373067,373074,379859,7,6785,2,36000,1.00103168755
373069,373080,379689,11,6609,2,36000,1.00166439703
373084,373090,379518,6,6428,2,36000,1.0009334163
373128,373135,379622,7,6487,2,36000,1.00107908124
373167,373175,379903,8,6728,2,36000,1.00118906064
373198,373205,379394,7,6189,2,36000,1.00113103894
373213,373219,379748,6,6529,2,36000,1.00091897687
373278,373286,379745,8,6459,2,36000,1.00123858182
373295,373301,379892,6,6591,2,36000,1.00091033227
373316,373322,379810,6,6488,2,36000,1.00092478422
373369,373376,380081,7,6705,2,36000,1.00104399702
373385,373391,379902,6,6511,2,36000,1.00092151743
373483,373492,380003,9,6511,2,36000,1.00138227615
373517,373526,380139,9,6613,2,36000,1.00136095569
373539,373546,380058,7,6512,2,36000,1.00107493857
373541,373552,379996,11,6444,2,36000,1.00170701428
373542,373557,379893,15,6336,2,36000,1.00236742424
373604,373613,380134,9,6521,2,36000,1.00138015642
373658,373666,380166,8,6500,2,36000,1.00123076923
373692,373700,380311,8,6611,2,36000,1.00121010437
373756,373762,379914,6,6152,2,36000,1.00097529259
373795,373801,380237,6,6436,2,36000,1.00093225606
374580,374586,380387,6,5801,2,36000,1.00103430443
378197,378204,436332,7,58128,4,126000,1.00012042389
378275,378281,504304,6,126023,4,126000,1.00004761036
378589,378599,380388,10,1789,2,36000,1.00558971492
378642,378648,379060,6,412,2,320400,1.0145631068
378669,378675,380388,6,1713,2,36000,1.00350262697
378721,378727,383485,6,4758,4,162000,1.00126103405
378726,378733,380388,7,1655,2,36000,1.00422960725
378925,378932,380388,7,1456,2,36000,1.00480769231
378951,378957,381986,6,3029,4,90000,1.00198085177
378974,378980,380388,6,1408,2,36000,1.00426136364
379028,379034,380388,6,1354,2,36000,1.00443131462
379029,379040,380388,11,1348,2,36000,1.00816023739
379046,379052,380388,6,1336,2,36000,1.00449101796
379106,379114,380388,8,1274,2,36000,1.00627943485
379197,379203,380388,6,1185,2,36000,1.00506329114
379262,379268,397307,6,18039,4,18000,1.00033261267
379289,379295,379749,6,454,1,320400,1.01321585903
379358,379364,380388,6,1024,2,36000,1.005859375
379398,379406,380388,8,982,2,36000,1.00814663951
379522,379529,380388,7,859,2,36000,1.00814901048
379550,379558,380388,8,830,2,36000,1.00963855422
379609,379615,380388,6,773,2,36000,1.00776196636
379627,379633,380388,6,755,2,36000,1.00794701987
379644,379650,380388,6,738,2,36000,1.0081300813
379645,379656,380388,11,732,2,36000,1.0150273224
379661,379669,380388,8,719,2,36000,1.01112656467
379684,379693,380388,9,695,2,36000,1.01294964029
379700,379707,380388,7,681,2,36000,1.01027900147
379749,379756,380388,7,632,2,36000,1.01107594937
379751,379762,380388,11,626,2,36000,1.01757188498
379791,379797,386453,6,6656,1,43200,1.00090144231
379815,379821,380388,6,567,2,36000,1.01058201058
379864,379872,380388,8,516,2,36000,1.01550387597
379905,379911,380388,6,477,2,36000,1.01257861635
379907,379917,380388,10,471,2,36000,1.02123142251
379908,379922,380388,14,466,2,36000,1.03004291845
379909,379927,380388,18,461,2,36000,1.03904555315
379926,379933,380388,7,455,2,36000,1.01538461538
380005,380011,380388,6,377,2,36000,1.01591511936
380006,380017,380388,11,371,2,36000,1.02964959569
380068,380074,380388,6,314,2,36000,1.01910828025
380713,380719,384258,6,3539,2,36000,1.00169539418
380714,380725,384258,11,3533,2,36000,1.00311350127
380715,380730,384258,15,3528,2,36000,1.00425170068
380717,380735,384258,18,3523,2,36000,1.00510928186
380718,380740,384258,22,3518,2,36000,1.00625355316
380719,380745,384258,26,3513,2,36000,1.0074010817
380721,380751,384258,30,3507,2,36000,1.00855431993
380723,380756,384258,33,3502,2,36000,1.00942318675
380725,380761,384258,36,3497,2,36000,1.01029453818
380726,380766,384258,40,3492,2,36000,1.01145475372
380728,380771,384258,43,3487,2,36000,1.01233151706
380730,380777,384258,47,3481,2,36000,1.01350186728
380732,380782,384258,50,3476,2,36000,1.01438434983
380733,380787,384258,54,3471,2,36000,1.01555747623
380735,380792,384258,57,3466,2,36000,1.01644547028
380737,380797,384258,60,3461,2,36000,1.01733603005
380739,380802,384258,63,3456,2,36000,1.01822916667
380741,380807,384258,66,3451,2,36000,1.01912489134
380742,380813,384258,71,3445,2,36000,1.0206095791
380744,380818,384258,74,3440,2,36000,1.02151162791
380745,380823,384258,78,3435,2,36000,1.02270742358
380747,380829,384258,82,3429,2,36000,1.02391367746
380749,380834,384258,85,3424,2,36000,1.02482476636
380751,380839,384258,88,3419,2,36000,1.02573852004
380753,380844,384258,91,3414,2,36000,1.02665495021
380755,380850,384258,95,3408,2,36000,1.02787558685
380756,380855,384258,99,3403,2,36000,1.02909197767
380758,380860,384258,102,3398,2,36000,1.03001765745
380760,380865,384258,105,3393,2,36000,1.03094606543
380762,380870,384258,108,3388,2,36000,1.0318772137
380764,380875,384258,111,3383,2,36000,1.0328111144
380765,380880,384258,115,3378,2,36000,1.03404381291
380767,380886,384258,119,3372,2,36000,1.03529062871
380768,380891,384258,123,3367,2,36000,1.03653103653
380770,380896,384258,126,3362,2,36000,1.03747769185
380771,380901,384258,130,3357,2,36000,1.03872505213
380773,380906,384258,133,3352,2,36000,1.0396778043
380775,380911,384258,136,3347,2,36000,1.04063340305
380776,380917,384258,141,3341,2,36000,1.04220293325
380778,380922,384258,144,3336,2,36000,1.04316546763
380927,380933,471925,6,90992,1,320400,1.00006593986
382035,382041,395151,6,13110,2,28800,1.0004576659
382327,382333,382340,6,7,1,86400,1.3
382440,382447,382455,7,8,1,36000,1.5
382527,382533,389640,6,7107,1,72000,1.00084423808
382547,382553,389887,6,7334,1,72000,1.00081810744
382567,382573,390174,6,7601,1,72000,1.00078936982
382583,382589,392925,6,10336,1,72000,1.00058049536
382600,382606,388830,6,6224,1,72000,1.00096401028
382622,382628,389439,6,6811,1,72000,1.00088092791
382688,382694,389387,6,6693,1,72000,1.00089645899
382707,382714,391142,7,8428,1,72000,1.00083056478
382749,382759,393070,10,10311,1,72000,1.00096983804
382776,382783,394492,7,11709,1,72000,1.00059783073
382792,382798,392188,6,9390,1,72000,1.00063897764
382829,382835,384056,6,1221,1,36000,1.00491400491
382854,382861,389877,7,7016,1,72000,1.0009977195
382873,382879,391539,6,8660,1,72000,1.00069284065
382889,382895,391667,6,8772,1,72000,1.00068399453
382905,382911,454818,6,71907,1,86400,1.00008344111
382940,382946,389451,6,6505,1,72000,1.00092236741
382966,382973,388966,7,5993,1,72000,1.00116802937
383004,383010,397720,6,14710,1,72000,1.00040788579
383021,383027,392714,6,9687,1,72000,1.00061938681
383048,383054,391396,6,8342,1,72000,1.00071925198
383069,383077,391106,8,8029,1,72000,1.00099638809
383113,383119,390085,6,6966,1,72000,1.00086132644
383129,383135,393500,6,10365,1,72000,1.0005788712
383135,383141,389497,6,6356,2,28800,1.00094398993
383138,383147,383153,9,6,1,86400,1.5
383144,383153,390238,9,7085,1,72000,1.00127028934
383160,383166,391319,6,8153,1,72000,1.00073592543
383189,383195,390790,6,7595,1,72000,1.00078999342
383210,383216,389551,6,6335,1,72000,1.00094711918
383233,383239,391884,6,8645,1,72000,1.0006940428
383251,383257,393593,6,10336,1,72000,1.00058049536
383268,383274,392153,6,8879,1,72000,1.00067575177
383285,383292,389465,7,6173,1,72000,1.00113397052
383322,383328,390733,6,7405,1,72000,1.00081026334
383342,383348,391440,6,8092,1,72000,1.00074147306
383396,383404,391009,8,7605,1,72000,1.00105193951
383424,383430,393702,6,10272,1,72000,1.00058411215
383443,383449,395417,6,11968,1,72000,1.0005013369
383487,383494,393242,7,9748,1,72000,1.00071809602
383495,383501,395227,6,11726,2,28800,1.00051168344
383507,383513,393149,6,9636,1,72000,1.00062266501
383527,383533,394083,6,10550,1,72000,1.00056872038
383544,383550,390967,6,7417,1,72000,1.00080895241
383568,383575,394363,7,10788,1,72000,1.00064886911
383602,383609,400950,7,17341,1,72000,1.00040366761
383655,384067,392397,412,8330,1,72000,1.04945978391
383674,395290,402739,11616,7449,1,72000,2.55940394684
383711,395429,402406,11718,6977,1,72000,2.67951841766
383750,397731,405740,13981,8009,1,72000,2.74566113123
383786,465980,476189,82194,10209,1,72000,9.05113135469
383795,468256,475454,84461,7198,1,86400,12.7339538761
383854,465985,472841,82131,6856,1,72000,12.9794340723
383876,465991,476479,82115,10488,1,72000,8.82942410374
384085,386035,422074,1950,36039,1,36000,1.05410804961
384124,386029,401300,1905,15271,2,28800,1.12474625106
384339,384345,384393,6,48,2,36000,1.125
384342,384351,384393,9,42,2,36000,1.21428571429
384344,384356,384393,12,37,2,36000,1.32432432432
384345,384361,384393,16,32,2,36000,1.5
384347,384368,384393,21,25,2,36000,1.84
384349,384373,384393,24,20,2,36000,2.2
384351,384378,384393,27,15,2,36000,2.8
384353,384383,384393,30,10,2,36000,4.0
384356,384388,384394,32,6,2,36000,3.8
384358,384394,384395,36,1,2,36000,3.7
384359,384399,384400,40,1,2,36000,4.1
384360,384404,384405,44,1,2,36000,4.5
384416,390745,390785,6329,40,1,36000,159.225
384458,384464,387196,6,2732,2,36000,1.00219619327
384459,384469,387552,10,3083,2,36000,1.0032435939
384460,384475,388560,15,4085,2,36000,1.00367197062
384461,384480,387516,19,3036,2,36000,1.00625823452
384463,384485,387529,22,3044,2,36000,1.00722733246
384464,384490,387481,26,2991,2,36000,1.0086927449
384466,384496,387466,30,2970,2,36000,1.0101010101
384468,384501,387497,33,2996,2,36000,1.01101468625
384470,384506,387421,36,2915,2,36000,1.01234991424
384472,384511,387534,39,3023,2,36000,1.01290109163
384474,384516,387394,42,2878,2,36000,1.01459346769
384477,384522,387495,45,2973,2,36000,1.01513622603
384480,384527,387483,47,2956,2,36000,1.01589986468
384483,384532,387449,49,2917,2,36000,1.01679808022
384484,384537,387431,53,2894,2,36000,1.01831375259
384487,384542,387393,55,2851,2,36000,1.01929147667
384489,384547,387366,58,2819,2,36000,1.02057467187
384491,384554,387473,63,2919,2,36000,1.02158273381
384494,384559,387401,65,2842,2,36000,1.02287121745
384496,384564,387576,68,3012,2,36000,1.02257636122
384498,384569,387511,71,2942,2,36000,1.02413324269
384500,384574,387577,74,3003,2,36000,1.02464202464
384501,384580,387398,79,2818,2,36000,1.02803406671
384503,384585,387447,82,2862,2,36000,1.0286512928
384504,384590,387510,86,2920,2,36000,1.02945205479
384506,384595,387544,89,2949,2,36000,1.03017972194
384508,384600,387514,92,2914,2,36000,1.03157172272
384510,384605,387563,95,2958,2,36000,1.03211629479
384512,384610,387513,98,2903,2,36000,1.03375818119
384513,384616,387434,103,2818,2,36000,1.03655074521
384515,384621,387413,106,2792,2,36000,1.03796561605
384517,384626,387454,109,2828,2,36000,1.03854314003
384519,384631,387428,112,2797,2,36000,1.04004290311
384521,384636,387550,115,2914,2,36000,1.0394646534
384524,384641,387383,117,2742,2,36000,1.04266958425
384526,384646,387473,120,2827,2,36000,1.04244782455
384528,384652,387514,124,2862,2,36000,1.04332634521
384530,384657,387558,127,2901,2,36000,1.04377800758
384532,384662,387521,130,2859,2,36000,1.04547044421
384533,384667,387460,134,2793,2,36000,1.04797708557
384647,392553,464601,7906,72048,20,72000,1.10973240062
384727,387223,393193,2496,5970,2,28800,1.41809045226
384841,397319,398953,12478,1634,20,144000,8.6364749082
384868,391154,468328,6286,77174,2,90000,1.08145230259
385052,391896,432233,6844,40337,2,90000,1.16967052582
385449,392256,413949,6807,21693,2,90000,1.31378785783
385690,395239,395279,9549,40,2,90000,239.725
387368,387374,388561,6,1187,2,36000,1.0050547599
387385,387391,388561,6,1170,2,36000,1.00512820513
387406,387412,388560,6,1148,2,36000,1.00522648084
387407,387418,388560,11,1142,2,36000,1.00963222417
387409,387423,388561,14,1138,2,36000,1.01230228471
387410,387428,388560,18,1132,2,36000,1.01590106007
387422,398965,543000,11543,144035,20,144000,1.08014024369
387435,387441,388561,6,1120,2,36000,1.00535714286
387437,387447,388561,10,1114,2,36000,1.00897666068
387438,387452,388561,14,1109,2,36000,1.01262398557
387440,387457,388561,17,1104,2,36000,1.01539855072
387441,387462,388561,21,1099,2,36000,1.01910828025
387468,387474,388561,6,1087,2,36000,1.00551977921
387469,387480,388561,11,1081,2,36000,1.01017576318
387470,387485,388561,15,1076,2,36000,1.01394052045
387472,387491,388561,19,1070,2,36000,1.01775700935
387474,387496,388561,22,1065,2,36000,1.020657277
387496,387502,388561,6,1059,2,36000,1.00566572238
387498,387508,388561,10,1053,2,36000,1.00949667616
387499,387513,388561,14,1048,2,36000,1.01335877863
387500,387518,388561,18,1043,2,36000,1.01725790988
387502,387523,388561,21,1038,2,36000,1.02023121387
387533,387540,388561,7,1021,2,36000,1.00685602351
387535,387546,388561,11,1015,2,36000,1.01083743842
387536,387551,388561,15,1010,2,36000,1.01485148515
387538,387556,388561,18,1005,2,36000,1.01791044776
387539,387561,388562,22,1001,2,36000,1.02197802198
387540,387566,388561,26,995,2,36000,1.02613065327
387542,387572,388561,30,989,2,36000,1.03033367037
387544,387578,388561,34,983,2,36000,1.03458799593
387546,387583,388561,37,978,2,36000,1.03783231084
387565,387588,388561,23,973,2,36000,1.02363823227
387567,387593,388561,26,968,2,36000,1.02685950413
387568,387599,388561,31,962,2,36000,1.03222453222
387569,387604,388561,35,957,2,36000,1.03657262278
387571,387610,388562,39,952,2,36000,1.04096638655
387572,387615,388561,43,946,2,36000,1.04545454545
387592,387620,388561,28,941,2,36000,1.02975557917
387593,387625,388561,32,936,2,36000,1.03418803419
388489,389451,392542,962,3091,4,18000,1.31122614041
388497,389509,391565,1012,2056,4,18000,1.49221789883
388997,389003,389020,6,17,2,36000,1.35294117647
388999,389009,389020,10,11,2,36000,1.90909090909
389059,389065,392103,6,3038,2,36000,1.00197498354
389060,389071,392103,11,3032,2,36000,1.00362796834
389062,389076,392103,14,3027,2,36000,1.0046250413
389063,389081,392103,18,3022,2,36000,1.00595632032
389065,389086,392103,21,3017,2,36000,1.00696055684
389067,389092,392103,25,3011,2,36000,1.00830288941
389069,389097,392103,28,3006,2,36000,1.00931470393
389071,389102,392103,31,3001,2,36000,1.01032989004
389073,389107,392103,34,2996,2,36000,1.01134846462
389075,389112,392103,37,2991,2,36000,1.01237044467
389077,389117,392103,40,2986,2,36000,1.01339584729
389079,389123,392103,44,2980,2,36000,1.01476510067
389081,389128,392103,47,2975,2,36000,1.01579831933
389083,389133,392103,50,2970,2,36000,1.01683501684
389086,389138,392103,52,2965,2,36000,1.01753794266
389088,389144,392104,56,2960,2,36000,1.01891891892
389090,389149,392103,59,2954,2,36000,1.01997291808
389091,389154,392103,63,2949,2,36000,1.02136317396
389093,389160,392103,67,2943,2,36000,1.02276588515
389095,389165,392103,70,2938,2,36000,1.02382573179
389097,389170,392103,73,2933,2,36000,1.02488919195
389098,389175,392103,77,2928,2,36000,1.02629781421
389101,389180,392103,79,2923,2,36000,1.02702702703
389102,389185,392103,83,2918,2,36000,1.02844413982
389104,389190,392103,86,2913,2,36000,1.0295228287
389106,389196,392103,90,2907,2,36000,1.03095975232
389108,389201,392103,93,2902,2,36000,1.03204686423
389110,389206,392103,96,2897,2,36000,1.03313772868
389111,389211,392103,100,2892,2,36000,1.03457814661
389113,389217,392103,104,2886,2,36000,1.03603603604
389115,389222,392103,107,2881,2,36000,1.03713988199
389116,389227,392103,111,2876,2,36000,1.03859527121
389118,389232,392103,114,2871,2,36000,1.03970741902
389120,389237,392104,117,2867,2,36000,1.04080920823
389123,389243,392104,120,2861,2,36000,1.04194337644
389124,389248,392103,124,2855,2,36000,1.04343257443
389126,389253,392104,127,2851,2,36000,1.04454577341
389128,389258,392104,130,2846,2,36000,1.04567814476
389130,389263,392104,133,2841,2,36000,1.04681450194
389132,389268,392104,136,2836,2,36000,1.04795486601
389205,467937,485253,78732,17316,2,43200,5.54677754678
389458,389899,401096,441,11197,4,57600,1.0393855497
391042,465775,467926,74733,2151,4,86400,35.7433751743
392177,392183,393709,6,1526,2,36000,1.00393184797
392180,392189,393709,9,1520,2,36000,1.00592105263
392181,392194,393709,13,1515,2,36000,1.00858085809
392182,392199,393709,17,1510,2,36000,1.01125827815
392184,392205,393709,21,1504,2,36000,1.01396276596
392186,392210,393709,24,1499,2,36000,1.01601067378
392187,392215,393709,28,1494,2,36000,1.0187416332
392189,392220,393709,31,1489,2,36000,1.02081934184
392191,392226,393709,35,1483,2,36000,1.02360080917
392192,392231,393709,39,1478,2,36000,1.02638700947
392194,392236,393709,42,1473,2,36000,1.02851323829
392196,392241,393709,45,1468,2,36000,1.03065395095
392198,392246,393709,48,1463,2,36000,1.03280929597
392199,392251,393709,52,1458,2,36000,1.03566529492
392201,392263,393709,62,1446,2,36000,1.0428769018
392203,392268,393709,65,1441,2,36000,1.04510756419
392204,392273,393709,69,1436,2,36000,1.04805013928
392206,392278,393709,72,1431,2,36000,1.05031446541
392208,392284,393709,76,1425,2,36000,1.05333333333
392210,392289,393709,79,1420,2,36000,1.05563380282
392212,392294,393709,82,1415,2,36000,1.05795053004
392214,392299,393709,85,1410,2,36000,1.06028368794
392216,392304,393709,88,1405,2,36000,1.06263345196
392218,392309,393709,91,1400,2,36000,1.065
392219,392314,393709,95,1395,2,36000,1.06810035842
392221,392320,393709,99,1389,2,36000,1.07127429806
392222,392325,393709,103,1384,2,36000,1.07442196532
392224,392330,393709,106,1379,2,36000,1.07686729514
392225,392335,393709,110,1374,2,36000,1.08005822416
392227,392340,393709,113,1369,2,36000,1.08254200146
392228,392345,393709,117,1364,2,36000,1.0857771261
392229,392351,393709,122,1358,2,36000,1.08983799705
392231,392356,393709,125,1353,2,36000,1.09238728751
392232,392361,393709,129,1348,2,36000,1.09569732938
392234,392366,393709,132,1343,2,36000,1.09828741623
392236,392371,393709,135,1338,2,36000,1.10089686099
392237,392376,393709,139,1333,2,36000,1.10427606902
392239,392381,393709,142,1328,2,36000,1.10692771084
392240,392387,393709,147,1322,2,36000,1.11119515885
392242,392408,393709,166,1301,2,36000,1.12759415834
393853,436579,580629,42726,144050,20,144000,1.29660534537
393902,393908,396511,6,2603,80,36000,1.00230503265
394762,464612,536633,69850,72021,20,72000,1.96985601422
396283,467942,500936,71659,32994,2,108000,3.17187973571
396586,396592,396601,6,9,80,36000,1.5
396629,396635,397704,6,1069,80,36000,1.00561272217
397082,468233,468235,71151,2,2,72000,7115.3
397781,398598,399408,817,810,80,36000,2.00864197531
398407,468238,477227,69831,8989,2,72000,8.76849482701
399543,400961,434030,1418,33069,1,345600,1.04288003871
399543,401113,431357,1570,30244,1,345600,1.05191112287
399543,401118,438172,1575,37054,1,345600,1.04250553247
399543,401108,431677,1565,30569,1,345600,1.05119565573
399543,402750,469167,3207,66417,1,345600,1.04828583043
399544,413966,457863,14422,43897,1,345600,1.32854181379
399544,405751,454376,6207,48625,1,345600,1.1276503856
399544,404185,736751,4641,332566,1,345600,1.0139551247
399544,413961,444164,14417,30203,1,345600,1.47733668841
399544,404180,439399,4636,35219,1,345600,1.13163349328
399544,404174,491326,4630,87152,1,345600,1.05312557371
399545,434041,475938,34496,41897,1,345600,1.82335250734
399545,438183,469215,38638,31032,1,345600,2.24510183037
399545,432249,465764,32704,33515,1,345600,1.97580187976
399545,431368,462027,31823,30659,1,345600,2.03796601324
399545,432244,478843,32699,46599,1,345600,1.70171033713
399546,462038,807670,62492,345632,1,345600,1.18080501805
399546,463134,510108,63588,46974,1,345600,2.35368501724
399546,444175,488035,44629,43860,1,345600,2.01753305974
399546,457874,490953,58328,33079,1,345600,2.76329393271
399546,454391,497344,54845,42953,1,345600,2.27686075478
399546,464617,499152,65071,34535,1,345600,2.88420443029
399546,464623,500372,65077,35749,1,345600,2.82038658424
400395,400402,400511,7,109,80,36000,1.06422018349
400565,400896,402034,331,1138,80,36000,1.29086115993
400890,468244,471934,67354,3690,1,320400,19.2531165312
401638,468250,471942,66612,3692,1,320400,19.0422535211
401689,464628,468156,62939,3528,4,126000,18.8398526077
401801,402999,403103,1198,104,80,36000,12.5192307692
403237,403243,404855,6,1612,80,36000,1.00372208437
403675,468339,503281,64664,34942,2,108000,2.85060958159
404232,532238,534667,128006,2429,20,72000,53.6990531083
404688,404866,407056,178,2190,80,32400,1.08127853881
404958,404964,407353,6,2389,4,18000,1.00251151109
404992,407364,418453,2372,11089,4,18000,1.21390567229
405118,469227,471793,64109,2566,2,108000,25.9840218239
405234,418464,436474,13230,18010,4,18000,1.73459189339
405771,436348,439282,30577,2934,4,18000,11.4216087253
405791,439293,441829,33502,2536,4,18000,14.2105678233
406085,441840,459891,35755,18051,4,18000,2.98077668827
406469,464633,465969,58164,1336,4,126000,44.5359281437
406606,442750,445126,36144,2376,4,18000,16.2121212121
406653,445137,448407,38484,3270,4,18000,12.7688073394
406891,407067,407639,176,572,80,36000,1.30769230769
407438,407650,412871,212,5221,80,36000,1.04060524804
407918,471944,482491,64026,10547,1,72000,7.07054138618
408230,471804,490799,63574,18995,2,72000,4.34688075809
410117,471952,507724,61835,35772,1,72000,2.72858660405
413170,413176,415208,6,2032,2,36000,1.00295275591
413171,413182,415208,11,2026,2,36000,1.00542941757
413172,413187,415208,15,2021,2,36000,1.00742206828
413173,413192,415208,19,2016,2,36000,1.00942460317
413175,413197,415208,22,2011,2,36000,1.01093983093
413176,413202,415208,26,2006,2,36000,1.01296111665
413177,413208,415208,31,2000,2,36000,1.0155
413179,413213,415208,34,1995,2,36000,1.01704260652
413180,413218,415208,38,1990,2,36000,1.01909547739
413181,413224,415208,43,1984,2,36000,1.0216733871
413183,413229,415208,46,1979,2,36000,1.02324406266
413184,413234,415208,50,1974,2,36000,1.02532928065
413185,413239,415208,54,1969,2,36000,1.02742508888
413187,413244,415208,57,1964,2,36000,1.02902240326
413189,413249,415208,60,1959,2,36000,1.03062787136
413190,413254,415208,64,1954,2,36000,1.03275332651
413191,413260,415208,69,1948,2,36000,1.03542094456
413193,413265,415208,72,1943,2,36000,1.03705609882
413194,413270,415208,76,1938,2,36000,1.03921568627
413195,413275,415208,80,1933,2,36000,1.04138644594
413196,413280,415208,84,1928,2,36000,1.04356846473
413198,413285,415208,87,1923,2,36000,1.04524180967
413199,413290,415208,91,1918,2,36000,1.04744525547
413200,413296,415208,96,1912,2,36000,1.05020920502
413202,413301,415208,99,1907,2,36000,1.05191400105
413203,413307,415208,104,1901,2,36000,1.0547080484
413204,413312,415208,108,1896,2,36000,1.05696202532
413205,413317,415208,112,1891,2,36000,1.05922792173
413207,413323,415208,116,1885,2,36000,1.06153846154
413208,413328,415208,120,1880,2,36000,1.06382978723
413209,413333,415208,124,1875,2,36000,1.06613333333
413211,413338,415208,127,1870,2,36000,1.0679144385
413212,413343,415208,131,1865,2,36000,1.07024128686
413213,413348,415208,135,1860,2,36000,1.07258064516
413215,413353,415208,138,1855,2,36000,1.074393531
413216,413359,415208,143,1849,2,36000,1.07733910222
413217,413364,415208,147,1844,2,36000,1.07971800434
413218,413369,415208,151,1839,2,36000,1.08210984231
413220,413374,415208,154,1834,2,36000,1.08396946565
413221,413379,415208,158,1829,2,36000,1.08638600328
415206,532243,575446,117037,43203,16,43200,3.7090016897
415266,415272,415321,6,49,2,36000,1.12244897959
415267,415278,415321,11,43,2,36000,1.25581395349
415269,415283,415321,14,38,2,36000,1.36842105263
415270,415288,415321,18,33,2,36000,1.54545454545
415271,415293,415321,22,28,2,36000,1.78571428571
415272,415298,415321,26,23,2,36000,2.13043478261
415274,415304,415321,30,17,2,36000,2.76470588235
415275,415310,415321,35,11,2,36000,4.18181818182
415276,415315,415321,39,6,2,36000,4.5
415278,415320,415321,42,1,2,36000,4.3
415279,415325,415326,46,1,2,36000,4.7
415280,415330,415331,50,1,2,36000,5.1
415281,415335,415336,54,1,2,36000,5.5
415283,415340,415341,57,1,2,36000,5.8
415371,415378,417595,7,2217,2,36000,1.00315741994
415373,415384,417595,11,2211,2,36000,1.00497512438
415374,415389,417595,15,2206,2,36000,1.00679963735
415375,415394,417595,19,2201,2,36000,1.0086324398
415376,415399,417595,23,2196,2,36000,1.01047358834
415378,415404,417595,26,2191,2,36000,1.01186672752
415379,415410,417595,31,2185,2,36000,1.01418764302
415380,415416,417595,36,2179,2,36000,1.01652134006
415382,415421,417595,39,2174,2,36000,1.01793928243
415383,415426,417595,43,2169,2,36000,1.01982480406
415384,415431,417595,47,2164,2,36000,1.02171903882
415385,415436,417595,51,2159,2,36000,1.02362204724
415387,415441,417595,54,2154,2,36000,1.02506963788
415388,415446,417595,58,2149,2,36000,1.02698929735
415389,415452,417595,63,2143,2,36000,1.02939804013
415391,415457,417595,66,2138,2,36000,1.03086997194
415392,415462,417595,70,2133,2,36000,1.03281762775
415393,415467,417595,74,2128,2,36000,1.03477443609
415395,415472,417595,77,2123,2,36000,1.03626943005
415396,415477,417595,81,2118,2,36000,1.03824362606
415397,415482,417595,85,2113,2,36000,1.04022716517
415398,415488,417595,90,2107,2,36000,1.04271476032
415400,415493,417595,93,2102,2,36000,1.04424357755
415401,415498,417595,97,2097,2,36000,1.04625655699
415402,415503,417595,101,2092,2,36000,1.0482791587
415404,415508,417595,104,2087,2,36000,1.04983229516
415405,415513,417595,108,2082,2,36000,1.05187319885
415406,415519,417595,113,2076,2,36000,1.05443159923
415408,415524,417595,116,2071,2,36000,1.0560115886
415409,415529,417595,120,2066,2,36000,1.05808325266
415410,415534,417595,124,2061,2,36000,1.06016496846
415411,415540,417595,129,2055,2,36000,1.06277372263
415413,415545,417595,132,2050,2,36000,1.0643902439
415414,415550,417595,136,2045,2,36000,1.06650366748
415415,415555,417595,140,2040,2,36000,1.06862745098
415417,415560,417595,143,2035,2,36000,1.07027027027
415418,415565,417595,147,2030,2,36000,1.0724137931
415419,415570,417595,151,2025,2,36000,1.07456790123
415420,415576,417595,156,2019,2,36000,1.07726597325
415422,415581,417595,159,2014,2,36000,1.07894736842
417653,417659,417698,6,39,2,36000,1.15384615385
417655,417665,417701,10,36,2,36000,1.27777777778
417656,417670,417708,14,38,2,36000,1.36842105263
417657,417675,417712,18,37,2,36000,1.48648648649
417659,417680,417718,21,38,2,36000,1.55263157895
417660,417687,417723,27,36,2,36000,1.75
417661,417692,417729,31,37,2,36000,1.83783783784
417663,417697,417735,34,38,2,36000,1.89473684211
417664,417702,417737,38,35,2,36000,2.08571428571
417665,417708,417737,43,29,2,36000,2.48275862069
417666,417713,417737,47,24,2,36000,2.95833333333
417668,417719,417737,51,18,2,36000,3.83333333333
417669,417724,417737,55,13,2,36000,5.23076923077
417670,417729,417737,59,8,2,36000,6.7
417672,417734,417737,62,3,2,36000,6.5
417673,417739,417740,66,1,2,36000,6.7
417674,417744,417745,70,1,2,36000,7.1
417762,417768,417804,6,36,2,36000,1.16666666667
417763,417774,417810,11,36,2,36000,1.30555555556
417765,417779,417815,14,36,2,36000,1.38888888889
417766,417784,417815,18,31,2,36000,1.58064516129
417768,417789,417815,21,26,2,36000,1.80769230769
417769,417795,417815,26,20,2,36000,2.3
417770,417801,417815,31,14,2,36000,3.21428571429
417772,417806,417815,34,9,2,36000,4.3
417773,417811,417815,38,4,2,36000,4.2
417774,417816,417817,42,1,2,36000,4.3
417776,417821,417822,45,1,2,36000,4.6
417777,417826,417827,49,1,2,36000,5.0
417778,417831,417832,53,1,2,36000,5.4
417780,417837,417838,57,1,2,36000,5.8
417781,417842,417843,61,1,2,36000,6.2
417782,417847,417848,65,1,2,36000,6.6
417783,417852,417853,69,1,2,36000,7.0
417785,417857,417858,72,1,2,36000,7.3
417786,417862,417863,76,1,2,36000,7.7
417787,417867,417868,80,1,2,36000,8.1
417789,417872,417873,83,1,2,36000,8.4
417790,417878,417879,88,1,2,36000,8.9
417919,417926,417984,7,58,2,36000,1.12068965517
417921,417932,417984,11,52,2,36000,1.21153846154
417922,417937,417984,15,47,2,36000,1.31914893617
417923,417942,417984,19,42,2,36000,1.45238095238
417925,417947,417984,22,37,2,36000,1.59459459459
417926,417952,417984,26,32,2,36000,1.8125
417927,417959,417984,32,25,2,36000,2.28
417928,417964,417984,36,20,2,36000,2.8
417930,417969,417984,39,15,2,36000,3.6
417931,417974,417984,43,10,2,36000,5.3
417932,417979,417984,47,5,2,36000,5.2
417934,417985,417986,51,1,2,36000,5.2
417935,417990,417991,55,1,2,36000,5.6
417936,417995,417996,59,1,2,36000,6.0
417938,418000,418001,62,1,2,36000,6.3
417939,418005,418006,66,1,2,36000,6.7
417940,418010,418011,70,1,2,36000,7.1
417941,418015,418016,74,1,2,36000,7.5
417943,418021,418022,78,1,2,36000,7.9
417945,418031,418032,86,1,2,36000,8.7
417947,418036,418042,89,6,2,36000,9.5
417948,418041,418067,93,26,2,36000,4.57692307692
417949,418046,418067,97,21,2,36000,5.61904761905
417951,418051,418067,100,16,2,36000,7.25
417952,418057,418067,105,10,2,36000,11.5
417953,418062,418067,109,5,2,36000,11.4
417954,418069,418070,115,1,2,36000,11.6
417956,418074,418075,118,1,2,36000,11.9
417957,418080,418081,123,1,2,36000,12.4
417959,418085,418086,126,1,2,36000,12.7
417960,418090,418091,130,1,2,36000,13.1
417962,418095,418096,133,1,2,36000,13.4
417963,418100,418101,137,1,2,36000,13.8
417964,418105,418106,141,1,2,36000,14.2
417966,418110,418111,144,1,2,36000,14.5
417967,418116,418117,149,1,2,36000,15.0
417968,418121,418122,153,1,2,36000,15.4
417970,418126,418127,156,1,2,36000,15.7
417971,418131,418132,160,1,2,36000,16.1
418145,418151,420707,6,2556,2,36000,1.00234741784
418146,418157,420679,11,2522,2,36000,1.00436161776
418148,418162,420606,14,2444,2,36000,1.00572831424
418150,418167,420616,17,2449,2,36000,1.00694160882
418151,418172,420605,21,2433,2,36000,1.00863131936
418152,418178,420463,26,2285,2,36000,1.0113785558
418153,418183,420789,30,2606,2,36000,1.01151189563
418155,418189,420471,34,2282,2,36000,1.01489921122
418156,418194,420492,38,2298,2,36000,1.01653611836
418157,418199,420710,42,2511,2,36000,1.01672640382
418159,418204,420648,45,2444,2,36000,1.01841243863
418160,418209,420579,49,2370,2,36000,1.02067510549
418161,418214,420618,53,2404,2,36000,1.02204658902
418163,418220,420820,57,2600,2,36000,1.02192307692
418164,418225,420790,61,2565,2,36000,1.02378167641
418165,418230,420790,65,2560,2,36000,1.025390625
418166,418236,420568,70,2332,2,36000,1.03001715266
418168,418241,420681,73,2440,2,36000,1.02991803279
418169,418246,420561,77,2315,2,36000,1.03326133909
418170,418251,420650,81,2399,2,36000,1.03376406836
418172,418256,420676,84,2420,2,36000,1.0347107438
418173,418261,420674,88,2413,2,36000,1.03646912557
418174,418267,420800,93,2533,2,36000,1.03671535728
418176,418272,420971,96,2699,2,36000,1.03556872916
418177,418277,420816,100,2539,2,36000,1.03938558488
418178,418282,420919,104,2637,2,36000,1.03943875616
418180,418288,420724,108,2436,2,36000,1.04433497537
418181,418293,420804,112,2511,2,36000,1.04460374353
418182,418298,420436,116,2138,2,36000,1.05425631431
418183,418303,420687,120,2384,2,36000,1.05033557047
418185,418308,420863,123,2555,2,36000,1.0481409002
418186,418313,420465,127,2152,2,36000,1.05901486989
418187,418318,420778,131,2460,2,36000,1.05325203252
418189,418324,420705,135,2381,2,36000,1.05669886602
418190,418329,420615,139,2286,2,36000,1.06080489939
418191,418334,420584,143,2250,2,36000,1.06355555556
418193,418339,420859,146,2520,2,36000,1.05793650794
418194,418344,422352,150,4008,2,36000,1.0374251497
418195,418350,420687,155,2337,2,36000,1.06632434745
418197,418355,421521,158,3166,2,36000,1.04990524321
418550,418556,418558,6,2,2,3540,1.0
420437,420447,422910,10,2463,2,36000,1.00406008932
420466,420475,422879,9,2404,2,36000,1.0037437604
420467,420481,422972,14,2491,2,36000,1.00562023284
420482,420488,422924,6,2436,2,36000,1.00246305419
420497,420503,424149,6,3646,2,36000,1.00164563906
420564,420573,424622,9,4049,2,36000,1.00222277105
420578,420584,423075,6,2491,2,36000,1.00240867122
420594,420600,423587,6,2987,2,36000,1.00200870439
420595,420606,422928,11,2322,2,36000,1.00473729543
420611,420617,422781,6,2164,2,36000,1.00277264325
420612,420623,423073,11,2450,2,36000,1.00448979592
420627,420633,422919,6,2286,2,36000,1.00262467192
420628,420639,422869,11,2230,2,36000,1.00493273543
420629,420644,422994,15,2350,2,36000,1.00638297872
420650,420660,423078,10,2418,2,36000,1.0041356493
420652,420666,422764,14,2098,2,36000,1.00667302193
420676,420685,423182,9,2497,2,36000,1.00360432519
420693,420699,423157,6,2458,2,36000,1.00244100895
420695,420705,423285,10,2580,2,36000,1.00387596899
420696,420710,423060,14,2350,2,36000,1.00595744681
420697,420715,423158,18,2443,2,36000,1.00736799018
420698,420720,422952,22,2232,2,36000,1.00985663082
420714,420727,423245,13,2518,2,36000,1.00516282764
420715,420732,423199,17,2467,2,36000,1.00689096068
420716,420738,423024,22,2286,2,36000,1.00962379703
420731,420744,423348,13,2604,2,36000,1.00499231951
420780,420790,423274,10,2484,2,36000,1.0040257649
420795,420801,423168,6,2367,2,36000,1.00253485425
420796,420807,423211,11,2404,2,36000,1.00457570715
420797,420812,423304,15,2492,2,36000,1.00601926164
420812,420818,423172,6,2354,2,36000,1.00254885302
420814,420824,423357,10,2533,2,36000,1.00394788788
420829,420835,424827,6,3992,2,36000,1.00150300601
420830,420841,423157,11,2316,2,36000,1.00474956822
420859,420870,424783,11,3913,2,36000,1.00281114235
420874,420880,423260,6,2380,2,36000,1.0025210084
420919,420930,423334,11,2404,2,36000,1.00457570715
420974,420982,423453,8,2471,2,36000,1.00323755565
421523,421532,424069,9,2537,2,36000,1.00354749704
422355,422363,424618,8,2255,2,36000,1.00354767184
422766,422775,426040,9,3265,2,36000,1.00275650842
422784,422792,425208,8,2416,2,36000,1.00331125828
422871,422880,425301,9,2421,2,36000,1.00371747212
422886,422892,425222,6,2330,2,36000,1.0025751073
422913,422922,425203,9,2281,2,36000,1.00394563788
422928,422934,425333,6,2399,2,36000,1.0025010421
422929,422940,425233,11,2293,2,36000,1.0047972089
422930,422945,425332,15,2387,2,36000,1.00628403854
422955,422963,425388,8,2425,2,36000,1.00329896907
422974,422984,425505,10,2521,2,36000,1.00396667989
422998,423006,425444,8,2438,2,36000,1.00328137818
423025,423035,425584,10,2549,2,36000,1.0039231071
423060,423071,425567,11,2496,2,36000,1.00440705128
423076,423084,427068,8,3984,2,36000,1.00200803213
423077,423090,425517,13,2427,2,36000,1.00535640709
423093,423099,425556,6,2457,2,36000,1.00244200244
423161,423169,425577,8,2408,2,36000,1.00332225914
423162,423174,425523,12,2349,2,36000,1.00510855683
423163,423179,425615,16,2436,2,36000,1.0065681445
423178,423185,427046,7,3861,2,36000,1.00181300181
423180,423190,425543,10,2353,2,36000,1.00424989375
423196,423202,425767,6,2565,2,36000,1.00233918129
423211,423217,427208,6,3991,2,36000,1.00150338261
423225,423232,425701,7,2469,2,36000,1.00283515593
423247,423256,425712,9,2456,2,36000,1.00366449511
423262,423272,425661,10,2389,2,36000,1.00418585182
423277,423285,425770,8,2485,2,36000,1.0032193159
423292,423298,425627,6,2329,2,36000,1.00257621297
423306,423315,427296,9,3981,2,36000,1.00226073851
423336,423345,425801,9,2456,2,36000,1.00366449511
423351,423359,425761,8,2402,2,36000,1.00333055787
423366,423372,425679,6,2307,2,36000,1.00260078023
423454,423464,426133,10,2669,2,36000,1.00374672162
423587,423598,426046,11,2448,2,36000,1.00449346405
424072,424081,428044,9,3963,2,36000,1.00227100681
424151,424160,426520,9,2360,2,36000,1.00381355932
424619,424629,427064,10,2435,2,36000,1.00410677618
424634,424640,428355,6,3715,2,36000,1.00161507402
424785,424794,427293,9,2499,2,36000,1.00360144058
424830,424839,427316,9,2477,2,36000,1.00363342753
425206,425214,427736,8,2522,2,36000,1.00317208565
425221,425227,427648,6,2421,2,36000,1.00247831475
425237,425243,427748,6,2505,2,36000,1.00239520958
425238,425249,427733,11,2484,2,36000,1.00442834138
425304,425313,427630,9,2317,2,36000,1.00388433319
425335,425343,427620,8,2277,2,36000,1.00351339482
425336,425349,429270,13,3921,2,36000,1.00331548074
425391,425399,427683,8,2284,2,36000,1.00350262697
425446,425455,427781,9,2326,2,36000,1.00386930353
425506,425516,428092,10,2576,2,36000,1.00388198758
425521,425528,427941,7,2413,2,36000,1.00290095317
425536,425542,427963,6,2421,2,36000,1.00247831475
425550,425556,427977,6,2421,2,36000,1.00247831475
425565,425571,428002,6,2431,2,36000,1.00246812012
425580,425586,427948,6,2362,2,36000,1.00254022015
425581,425592,428037,11,2445,2,36000,1.00449897751
425596,425602,428766,6,3164,2,36000,1.00189633375
425618,425626,428059,8,2433,2,36000,1.00328812166
425632,425638,427929,6,2291,2,36000,1.00261894369
425662,425672,428035,10,2363,2,36000,1.00423190859
425681,425690,428119,9,2429,2,36000,1.00370522849
425701,425712,428093,11,2381,2,36000,1.0046199076
425716,425723,428106,7,2383,2,36000,1.00293747377
425764,425773,428285,9,2512,2,36000,1.00358280255
425780,425786,428194,6,2408,2,36000,1.00249169435
425781,425792,429602,11,3810,2,36000,1.00288713911
425802,425813,428170,11,2357,2,36000,1.00466694951
426041,426051,428328,10,2277,2,36000,1.00439174352
426055,426061,428491,6,2430,2,36000,1.0024691358
426131,426144,428457,13,2313,2,36000,1.0056204064
426521,426531,428735,10,2204,2,36000,1.00453720508
427046,427057,429365,11,2308,2,36000,1.0047660312
427067,427075,429551,8,2476,2,36000,1.00323101777
427082,427088,429676,6,2588,2,36000,1.00231839258
427209,427219,429664,10,2445,2,36000,1.00408997955
427295,427304,429726,9,2422,2,36000,1.00371593724
427310,427316,429461,6,2145,2,36000,1.0027972028
427325,427331,429706,6,2375,2,36000,1.00252631579
427621,427631,430423,10,2792,2,36000,1.00358166189
427636,427641,429949,5,2308,2,36000,1.00216637782
427650,427659,430289,9,2630,2,36000,1.00342205323
427686,427695,430157,9,2462,2,36000,1.00365556458
427735,427745,430116,10,2371,2,36000,1.00421762969
427750,427756,430310,6,2554,2,36000,1.00234925607
427751,427762,430157,11,2395,2,36000,1.00459290188
427782,427792,430336,10,2544,2,36000,1.00393081761
427930,427941,430368,11,2427,2,36000,1.00453234446
427944,427952,430182,8,2230,2,36000,1.00358744395
427960,427966,430436,6,2470,2,36000,1.0024291498
427975,427981,430485,6,2504,2,36000,1.00239616613
427990,427996,431305,6,3309,2,36000,1.00181323663
428004,428013,430425,9,2412,2,36000,1.00373134328
428038,428046,430621,8,2575,2,36000,1.00310679612
428039,428052,430489,13,2437,2,36000,1.00533442757
428054,428060,432008,6,3948,2,36000,1.00151975684
428069,428075,430540,6,2465,2,36000,1.00243407708
428093,428103,430556,10,2453,2,36000,1.00407664085
428108,428114,430435,6,2321,2,36000,1.00258509263
428109,428120,430617,11,2497,2,36000,1.00440528634
428124,428130,430719,6,2589,2,36000,1.0023174971
428172,428181,432320,9,4139,2,36000,1.00217443827
428196,428205,430561,9,2356,2,36000,1.00382003396
428286,428296,430579,10,2283,2,36000,1.00438020149
428328,428339,430820,11,2481,2,36000,1.00443369609
428355,428366,430616,11,2250,2,36000,1.00488888889
428458,428468,430405,10,1937,2,36000,1.00516262261
428491,428502,430660,11,2158,2,36000,1.00509731233
428556,472852,479722,44296,6870,1,72000,7.44774381368
428736,428746,431331,10,2585,2,36000,1.00386847195
428766,428777,431290,11,2513,2,36000,1.00437723836
429271,429281,431757,10,2476,2,36000,1.00403877221
429357,429363,429365,6,2,2,3540,1.0
429368,429376,431865,8,2489,2,36000,1.00321414223
429461,429472,431759,11,2287,2,36000,1.00480979449
429552,429562,431916,10,2354,2,36000,1.00424808836
429603,429613,433423,10,3810,2,36000,1.00262467192
429666,429675,432281,9,2606,2,36000,1.00345356869
429681,429687,432085,6,2398,2,36000,1.00250208507
429708,429718,433704,10,3986,2,36000,1.00250878073
429729,429737,432026,8,2289,2,36000,1.00349497597
429949,429960,432379,11,2419,2,36000,1.00454733361
430116,430127,432489,11,2362,2,36000,1.00465707028
430159,430168,432704,9,2536,2,36000,1.0035488959
430160,430173,434142,13,3969,2,36000,1.00327538423
430184,430193,432580,9,2387,2,36000,1.00377042313
430290,430300,432759,10,2459,2,36000,1.00406669378
430311,430321,432894,10,2573,2,36000,1.0038865138
430338,430347,432837,9,2490,2,36000,1.00361445783
430371,430379,432967,8,2588,2,36000,1.00309119011
430407,430416,432950,9,2534,2,36000,1.00355169692
430425,430434,432863,9,2429,2,36000,1.00370522849
430440,430446,432933,6,2487,2,36000,1.00241254524
430441,430452,432877,11,2425,2,36000,1.00453608247
430442,430457,432725,15,2268,2,36000,1.00661375661
430488,430497,432844,9,2347,2,36000,1.00383468257
430502,430508,434583,6,4075,2,36000,1.00147239264
430541,430551,433033,10,2482,2,36000,1.00402900886
430559,430567,432993,8,2426,2,36000,1.00329760923
430574,430580,433159,6,2579,2,36000,1.00232648313
430589,430595,432918,6,2323,2,36000,1.00258286698
430619,430627,434619,8,3992,2,36000,1.00200400802
430620,430633,433114,13,2481,2,36000,1.00523982265
430635,430641,433141,6,2500,2,36000,1.0024
430662,430671,433116,9,2445,2,36000,1.0036809816
430719,430730,433136,11,2406,2,36000,1.00457190357
430822,430831,433282,9,2451,2,36000,1.00367197062
431293,431301,433734,8,2433,2,36000,1.00328812166
431308,431316,433888,8,2572,2,36000,1.00311041991
431331,431342,435331,11,3989,2,36000,1.00275758335
431760,431767,434101,7,2334,2,36000,1.0029991431
431762,431773,434216,11,2443,2,36000,1.00450266066
431868,431877,434436,9,2559,2,36000,1.00351699883
431919,431927,434419,8,2492,2,36000,1.00321027287
432009,432019,434553,10,2534,2,36000,1.00394632991
432027,432037,434448,10,2411,2,36000,1.00414765657
432088,432097,434571,9,2474,2,36000,1.00363783347
432284,432293,434748,9,2455,2,36000,1.00366598778
432323,432332,434638,9,2306,2,36000,1.0039028621
432381,432390,434781,9,2391,2,36000,1.00376411543
432492,432501,434926,9,2425,2,36000,1.00371134021
432583,432591,434934,8,2343,2,36000,1.00341442595
432707,432715,435131,8,2416,2,36000,1.00331125828
432728,432736,434989,8,2253,2,36000,1.00355082113
432760,432770,435219,10,2449,2,36000,1.00408329931
432839,432848,435433,9,2585,2,36000,1.00348162476
432854,432860,435157,6,2297,2,36000,1.00261210274
432868,432874,435190,6,2316,2,36000,1.00259067358
432883,432889,435064,6,2175,2,36000,1.00275862069
432898,432907,435208,9,2301,2,36000,1.00391134289
432922,432930,435285,8,2355,2,36000,1.0033970276
432937,432944,435322,7,2378,2,36000,1.00294365013
432952,432961,435420,9,2459,2,36000,1.0036600244
432969,432978,435201,9,2223,2,36000,1.004048583
432996,433004,435367,8,2363,2,36000,1.00338552687
433035,433045,435532,10,2487,2,36000,1.00402090873
433116,433125,435690,9,2565,2,36000,1.00350877193
433117,433131,435552,14,2421,2,36000,1.00578273441
433138,433147,435516,9,2369,2,36000,1.00379907134
433153,433159,435626,6,2467,2,36000,1.00243210377
433167,433174,435614,7,2440,2,36000,1.00286885246
433285,433293,435659,8,2366,2,36000,1.00338123415
433424,433434,435957,10,2523,2,36000,1.00396353547
433705,433715,436083,10,2368,2,36000,1.00422297297
433735,433745,436402,10,2657,2,36000,1.00376364321
433886,433899,436332,13,2433,2,36000,1.0053431977
434103,434112,436585,9,2473,2,36000,1.00363930449
434145,434153,436437,8,2284,2,36000,1.00350262697
434218,434227,436754,9,2527,2,36000,1.00356153542
434423,434430,436972,7,2542,2,36000,1.00275373721
434438,434447,437190,9,2743,2,36000,1.00328107911
434453,434459,436957,6,2498,2,36000,1.00240192154
434556,434565,437104,9,2539,2,36000,1.00354470264
434574,434583,436997,9,2414,2,36000,1.00372825186
434589,434595,437124,6,2529,2,36000,1.00237247924
434622,434630,437485,8,2855,2,36000,1.00280210158
434640,434649,437081,9,2432,2,36000,1.00370065789
434748,434759,437247,11,2488,2,36000,1.00442122186
434784,434793,437285,9,2492,2,36000,1.00361155698
434930,434937,437387,7,2450,2,36000,1.00285714286
434945,434951,437314,6,2363,2,36000,1.00253914515
434990,435000,437441,10,2441,2,36000,1.00409668169
435065,435075,437388,10,2313,2,36000,1.00432338954
435132,435142,437497,10,2355,2,36000,1.0042462845
435159,435168,437697,9,2529,2,36000,1.00355871886
435192,435201,437668,9,2467,2,36000,1.00364815565
435207,435213,437716,6,2503,2,36000,1.00239712345
435222,435228,437796,6,2568,2,36000,1.0023364486
435223,435234,437547,11,2313,2,36000,1.00475572849
435286,435296,437746,10,2450,2,36000,1.00408163265
435325,435333,437708,8,2375,2,36000,1.00336842105
435340,435346,437755,6,2409,2,36000,1.00249066002
435367,435378,437837,11,2459,2,36000,1.00447336316
435421,435432,437686,11,2254,2,36000,1.00488021295
435436,435444,437945,8,2501,2,36000,1.00319872051
435517,435527,437855,10,2328,2,36000,1.00429553265
435535,435544,438094,9,2550,2,36000,1.00352941176
435553,435563,438005,10,2442,2,36000,1.0040950041
435616,435626,438122,10,2496,2,36000,1.00400641026
435631,435637,438046,6,2409,2,36000,1.00249066002
435661,435670,438087,9,2417,2,36000,1.00372362433
435691,435701,438070,10,2369,2,36000,1.00422119038
435958,435968,438405,10,2437,2,36000,1.00410340583
436084,436095,438623,11,2528,2,36000,1.00435126582
436335,436343,438893,8,2550,2,36000,1.0031372549
436404,436413,438780,9,2367,2,36000,1.00380228137
436437,436448,438894,11,2446,2,36000,1.00449713818
436586,436596,439077,10,2481,2,36000,1.00403063281
436755,436765,439207,10,2442,2,36000,1.0040950041
436958,436968,440949,10,3981,2,36000,1.00251193168
436973,436983,439297,10,2314,2,36000,1.00432152118
437000,437008,439390,8,2382,2,36000,1.00335852225
437084,437092,440173,8,3081,2,36000,1.00259655956
437105,437115,439609,10,2494,2,36000,1.0040096231
437126,437135,440685,9,3550,2,36000,1.00253521127
437193,437201,439632,8,2431,2,36000,1.00329082682
437250,437258,439489,8,2231,2,36000,1.00358583595
437286,437297,439970,11,2673,2,36000,1.00411522634
437316,437325,439680,9,2355,2,36000,1.00382165605
437389,437404,439683,15,2279,2,36000,1.00658183414
437391,437398,439948,7,2550,2,36000,1.00274509804
437442,437452,439835,10,2383,2,36000,1.0041963911
437488,437496,439875,8,2379,2,36000,1.00336275746
437503,437509,440222,6,2713,2,36000,1.0022115739
437548,437558,440021,10,2463,2,36000,1.00406008932
437672,437680,440091,8,2411,2,36000,1.00331812526
437690,437698,439943,8,2245,2,36000,1.00356347439
437704,437710,440222,6,2512,2,36000,1.00238853503
437719,437725,440108,6,2383,2,36000,1.00251783466
437721,437731,441441,10,3710,2,36000,1.00269541779
437748,437758,440190,10,2432,2,36000,1.00411184211
437762,437769,440200,7,2431,2,36000,1.00287947347
437799,437807,440401,8,2594,2,36000,1.00308404009
437838,437848,440225,10,2377,2,36000,1.00420698359
437856,437866,440296,10,2430,2,36000,1.00411522634
437947,437957,440040,10,2083,2,36000,1.00480076812
438007,438017,440418,10,2401,2,36000,1.00416493128
438047,438057,440442,10,2385,2,36000,1.00419287212
438071,438081,442048,10,3967,2,36000,1.00252079657
438089,438098,440599,9,2501,2,36000,1.00359856058
438104,438110,440527,6,2417,2,36000,1.00248241622
438125,438133,440593,8,2460,2,36000,1.00325203252
438407,438417,440869,10,2452,2,36000,1.00407830343
438625,438634,441064,9,2430,2,36000,1.0037037037
438781,438791,441183,10,2392,2,36000,1.00418060201
438896,438904,441755,8,2851,2,36000,1.00280603297
438897,438910,441272,13,2362,2,36000,1.00550381033
439079,439088,441518,9,2430,2,36000,1.0037037037
439207,439219,441630,12,2411,2,36000,1.00497718789
439301,439309,441638,8,2329,2,36000,1.00343495062
439392,439401,442192,9,2791,2,36000,1.00322465066
439492,439501,441844,9,2343,2,36000,1.00384122919
439610,439621,442177,11,2556,2,36000,1.00430359937
439634,439644,442054,10,2410,2,36000,1.00414937759
439682,439691,442091,9,2400,2,36000,1.00375
439697,439703,442259,6,2556,2,36000,1.00234741784
439835,439846,442341,11,2495,2,36000,1.00440881764
439877,439886,442468,9,2582,2,36000,1.00348567002
439944,439954,442460,10,2506,2,36000,1.00399042298
439959,439965,442308,6,2343,2,36000,1.00256081946
439974,439981,442442,7,2461,2,36000,1.00284437221
440022,440032,442115,10,2083,2,36000,1.00480076812
440040,440051,443516,11,3465,2,36000,1.00317460317
440092,440103,442799,11,2696,2,36000,1.00408011869
440111,440119,442421,8,2302,2,36000,1.00347523892
440176,440185,443287,9,3102,2,36000,1.00290135397
440194,440202,442683,8,2481,2,36000,1.00322450625
440209,440215,442534,6,2319,2,36000,1.00258732212
440224,440237,442759,13,2522,2,36000,1.00515463918
440226,440242,442727,16,2485,2,36000,1.00643863179
440240,440248,442740,8,2492,2,36000,1.00321027287
440298,440307,442577,9,2270,2,36000,1.00396475771
440405,440413,442835,8,2422,2,36000,1.00330305533
440420,440429,442817,9,2388,2,36000,1.00376884422
440445,440453,443016,8,2563,2,36000,1.00312134218
440528,440538,442888,10,2350,2,36000,1.00425531915
440595,440604,443126,9,2522,2,36000,1.00356859635
440613,440619,442995,6,2376,2,36000,1.00252525253
440688,440697,443345,9,2648,2,36000,1.00339879154
440871,440881,443369,10,2488,2,36000,1.0040192926
440950,440960,443443,10,2483,2,36000,1.00402738623
441068,441075,443401,7,2326,2,36000,1.0030094583
441186,441195,443667,9,2472,2,36000,1.0036407767
441273,441283,443837,10,2554,2,36000,1.00391542678
441445,441452,443842,7,2390,2,36000,1.00292887029
441521,441529,443910,8,2381,2,36000,1.0033599328
441632,441641,444005,9,2364,2,36000,1.0038071066
441647,441653,443768,6,2115,2,36000,1.00283687943
441756,441766,444244,10,2478,2,36000,1.00403551251
441847,441855,444351,8,2496,2,36000,1.00320512821
442049,442060,444656,11,2596,2,36000,1.00423728814
442063,442070,444555,7,2485,2,36000,1.00281690141
442094,442102,444649,8,2547,2,36000,1.00314095014
442117,442126,444551,9,2425,2,36000,1.00371134021
442178,442188,444577,10,2389,2,36000,1.00418585182
442196,442204,444402,8,2198,2,36000,1.00363967243
442259,442270,444718,11,2448,2,36000,1.00449346405
442310,442319,444794,9,2475,2,36000,1.00363636364
442343,442352,444874,9,2522,2,36000,1.00356859635
442422,442432,444959,10,2527,2,36000,1.00395726157
442445,442454,444774,9,2320,2,36000,1.00387931034
442460,442471,444762,11,2291,2,36000,1.00480139677
442475,442481,444959,6,2478,2,36000,1.00242130751
442535,442545,444966,10,2421,2,36000,1.00413052458
442580,442588,444882,8,2294,2,36000,1.00348735833
442685,442694,445247,9,2553,2,36000,1.00352526439
442727,442738,445089,11,2351,2,36000,1.00467886006
442742,442756,445087,14,2331,2,36000,1.00600600601
442760,442770,445322,10,2552,2,36000,1.0039184953
442802,442810,445314,8,2504,2,36000,1.00319488818
442820,442829,445194,9,2365,2,36000,1.00380549683
442838,442846,445279,8,2433,2,36000,1.00328812166
442889,442899,445317,10,2418,2,36000,1.0041356493
442996,443006,445442,10,2436,2,36000,1.00410509031
443016,443027,445478,11,2451,2,36000,1.0044879641
443128,443137,445515,9,2378,2,36000,1.00378469302
443289,443298,445441,9,2143,2,36000,1.00419972002
443346,443356,445623,10,2267,2,36000,1.00441111601
443370,443380,445764,10,2384,2,36000,1.00419463087
443403,443412,445618,9,2206,2,36000,1.00407978241
443445,443455,445935,10,2480,2,36000,1.00403225806
443517,443527,447318,10,3791,2,36000,1.00263782643
443668,443678,446236,10,2558,2,36000,1.00390930414
443771,443779,446239,8,2460,2,36000,1.00325203252
443840,443848,446196,8,2348,2,36000,1.00340715503
443854,443861,447694,7,3833,2,36000,1.00182624576
443912,443922,446968,10,3046,2,36000,1.00328299409
444005,444016,446397,11,2381,2,36000,1.0046199076
444244,444255,446633,11,2378,2,36000,1.00462573591
444353,444362,447323,9,2961,2,36000,1.00303951368
444404,444413,446884,9,2471,2,36000,1.0036422501
444552,444562,447042,10,2480,2,36000,1.00403225806
444566,444572,446940,6,2368,2,36000,1.00253378378
444581,444588,447099,7,2511,2,36000,1.00278773397
444650,444660,447154,10,2494,2,36000,1.0040096231
444665,444671,447095,6,2424,2,36000,1.00247524752
444719,444729,447053,10,2324,2,36000,1.00430292599
444765,444774,447116,9,2342,2,36000,1.00384286934
444779,444785,447220,6,2435,2,36000,1.00246406571
444797,444805,447323,8,2518,2,36000,1.0031771247
444876,444885,448623,9,3738,2,36000,1.00240770465
444891,444897,447356,6,2459,2,36000,1.00244001627
444961,444970,447240,9,2270,2,36000,1.00396475771
444962,444975,447303,13,2328,2,36000,1.00558419244
444977,444983,447536,6,2553,2,36000,1.00235017626
445089,445099,447332,10,2233,2,36000,1.00447828034
445091,445105,447516,14,2411,2,36000,1.0058067192
445165,532249,532254,87084,5,17,10800,8708.9
445196,445205,447395,9,2190,2,36000,1.00410958904
445248,445258,447829,10,2571,2,36000,1.00388953715
445281,445291,447794,10,2503,2,36000,1.00399520575
445317,445325,447840,8,2515,2,36000,1.00318091451
445319,445332,447793,13,2461,2,36000,1.00528240553
445333,445340,447710,7,2370,2,36000,1.0029535865
445442,445452,447829,10,2377,2,36000,1.00420698359
445443,445458,447915,15,2457,2,36000,1.00610500611
445479,445489,447954,10,2465,2,36000,1.00405679513
445515,445526,447980,11,2454,2,36000,1.00448247759
445621,445630,448107,9,2477,2,36000,1.00363342753
445636,445642,448105,6,2463,2,36000,1.00243605359
445766,445775,448248,9,2473,2,36000,1.00363930449
445936,445946,449944,10,3998,2,36000,1.00250125063
446198,446208,448678,10,2470,2,36000,1.004048583
446237,446247,448784,10,2537,2,36000,1.00394166338
446252,446258,448669,6,2411,2,36000,1.00248859394
446400,446408,448784,8,2376,2,36000,1.00336700337
446635,446645,448890,10,2245,2,36000,1.00445434298
446885,446896,449505,11,2609,2,36000,1.00421617478
446942,446951,449315,9,2364,2,36000,1.0038071066
446969,446979,449528,10,2549,2,36000,1.0039231071
447045,447053,449278,8,2225,2,36000,1.00359550562
447060,447066,449546,6,2480,2,36000,1.00241935484
447096,447106,449601,10,2495,2,36000,1.00400801603
447110,447116,449305,6,2189,2,36000,1.00274097762
447125,447131,449455,6,2324,2,36000,1.00258175559
447155,447166,449651,11,2485,2,36000,1.00442655936
447222,447231,449569,9,2338,2,36000,1.00384944397
447243,447251,449680,8,2429,2,36000,1.00329353643
447306,447314,449801,8,2487,2,36000,1.00321672698
447321,447330,449581,9,2251,2,36000,1.00399822301
447336,447342,449646,6,2304,2,36000,1.00260416667
447337,447348,449680,11,2332,2,36000,1.00471698113
447339,447353,449745,14,2392,2,36000,1.00585284281
447356,447367,449728,11,2361,2,36000,1.00465904278
447396,447406,449938,10,2532,2,36000,1.00394944708
447517,447527,449816,10,2289,2,36000,1.00436871997
447538,447548,449891,10,2343,2,36000,1.00426803244
447696,447705,450104,9,2399,2,36000,1.00375156315
447714,447722,450205,8,2483,2,36000,1.00322190898
447796,447804,450218,8,2414,2,36000,1.00331400166
447797,447810,450207,13,2397,2,36000,1.00542344597
447831,447844,450381,13,2537,2,36000,1.0051241624
447832,447849,450184,17,2335,2,36000,1.00728051392
447847,447855,450255,8,2400,2,36000,1.00333333333
447917,447926,450381,9,2455,2,36000,1.00366598778
447956,447966,450775,10,2809,2,36000,1.00355998576
447983,447991,450410,8,2419,2,36000,1.00330715172
448107,448117,450649,10,2532,2,36000,1.00394944708
448122,448128,450497,6,2369,2,36000,1.00253271423
448250,448259,450768,9,2509,2,36000,1.00358708649
448596,448602,448695,6,93,1,1800,1.06451612903
448625,448634,451208,9,2574,2,36000,1.0034965035
448670,448680,451101,10,2421,2,36000,1.00413052458
448685,448691,451199,6,2508,2,36000,1.0023923445
448785,448795,452513,10,3718,2,36000,1.00268961807
448786,448800,451022,14,2222,2,36000,1.00630063006
448893,448901,451176,8,2275,2,36000,1.00351648352
448996,449002,449104,6,102,1,1800,1.05882352941
449280,449289,451689,9,2400,2,36000,1.00375
449307,449316,451690,9,2374,2,36000,1.00379106992
449322,449328,451772,6,2444,2,36000,1.00245499182
449458,449466,451928,8,2462,2,36000,1.00324939074
449506,449516,453468,10,3952,2,36000,1.00253036437
449530,449539,452113,9,2574,2,36000,1.0034965035
449547,449557,453486,10,3929,2,36000,1.00254517689
449571,449580,451932,9,2352,2,36000,1.00382653061
449586,449592,452270,6,2678,2,36000,1.00224047797
449604,449612,451886,8,2274,2,36000,1.0035180299
449649,449657,452084,8,2427,2,36000,1.00329625052
449664,449670,452122,6,2452,2,36000,1.00244698206
449682,449690,452062,8,2372,2,36000,1.00337268128
449684,449715,452097,31,2382,2,36000,1.01301427372
449709,449720,450221,11,501,1,1800,1.02195608782
449729,449739,452038,10,2299,2,36000,1.00434971727
449747,449756,452142,9,2386,2,36000,1.00377200335
449804,449812,452395,8,2583,2,36000,1.00309717383
449819,449827,452303,8,2476,2,36000,1.00323101777
449894,449903,452319,9,2416,2,36000,1.00372516556
449940,449949,452653,9,2704,2,36000,1.00332840237
449954,449960,452515,6,2555,2,36000,1.00234833659
450106,450115,452496,9,2381,2,36000,1.0037799244
450187,450196,452647,9,2451,2,36000,1.00367197062
450209,450218,452684,9,2466,2,36000,1.00364963504
450210,450223,452709,13,2486,2,36000,1.00522928399
450225,450231,452755,6,2524,2,36000,1.00237717908
450258,450266,452741,8,2475,2,36000,1.00323232323
450382,450392,452825,10,2433,2,36000,1.00411015208
450384,450397,452897,13,2500,2,36000,1.0052
450414,450422,452782,8,2360,2,36000,1.00338983051
450499,450508,453076,9,2568,2,36000,1.0035046729
450650,450660,453024,10,2364,2,36000,1.00423011844
450771,450780,453257,9,2477,2,36000,1.00363342753
450786,450792,453269,6,2477,2,36000,1.00242228502
451024,451034,453467,10,2433,2,36000,1.00411015208
451103,451112,453494,9,2382,2,36000,1.00377833753
451178,451187,454931,9,3744,2,36000,1.00240384615
451202,451211,453693,9,2482,2,36000,1.00362610798
451217,451223,453688,6,2465,2,36000,1.00243407708
451691,451700,454215,9,2515,2,36000,1.00357852883
451693,451706,454120,13,2414,2,36000,1.00538525269
451774,451784,454211,10,2427,2,36000,1.00412031314
451889,451897,454199,8,2302,2,36000,1.00347523892
451918,451924,451963,6,39,1,1800,1.15384615385
451923,451930,451968,7,38,1,1800,1.18421052632
451931,451939,454373,8,2434,2,36000,1.00328677075
451946,451952,455585,6,3633,2,36000,1.00165152766
452039,452049,454381,10,2332,2,36000,1.00428816467
452066,452073,454695,7,2622,2,36000,1.00266971777
452086,452095,454558,9,2463,2,36000,1.00365408039
452101,452108,456144,7,4036,2,36000,1.00173439049
452116,452124,454570,8,2446,2,36000,1.00327064595
452131,452137,454469,6,2332,2,36000,1.0025728988
452146,452153,455108,7,2955,2,36000,1.00236886633
452255,452261,452336,6,75,1,1800,1.08
452273,452281,454673,8,2392,2,36000,1.00334448161
452277,452287,452365,10,78,1,1800,1.12820512821
452306,452314,454535,8,2221,2,36000,1.00360198109
452320,452330,454668,10,2338,2,36000,1.00427715997
452396,452406,454945,10,2539,2,36000,1.00393855849
452498,452507,454844,9,2337,2,36000,1.00385109114
452516,452524,456502,8,3978,2,36000,1.00201106083
452518,452530,455190,12,2660,2,36000,1.0045112782
452648,452658,455258,10,2600,2,36000,1.00384615385
452662,452668,455205,6,2537,2,36000,1.00236499803
452686,452695,455099,9,2404,2,36000,1.0037437604
452711,452720,455154,9,2434,2,36000,1.00369761709
452744,452752,455286,8,2534,2,36000,1.00315706393
452758,452766,456599,8,3833,2,36000,1.00208713801
452782,452793,455228,11,2435,2,36000,1.0045174538
452827,452836,455155,9,2319,2,36000,1.00388098318
452848,452854,453079,6,225,1,1800,1.02666666667
452900,452909,455263,9,2354,2,36000,1.00382327952
453027,453035,455591,8,2556,2,36000,1.00312989045
453078,453087,455600,9,2513,2,36000,1.00358137684
453209,453215,453476,6,261,1,1800,1.02298850575
453260,453268,455734,8,2466,2,36000,1.00324412003
453274,453280,455744,6,2464,2,36000,1.00243506494
453468,453478,455942,10,2464,2,36000,1.00405844156
453483,453489,455889,6,2400,2,36000,1.0025
453498,453504,455965,6,2461,2,36000,1.00243803332
453499,453510,455952,11,2442,2,36000,1.0045045045
453690,453699,456219,9,2520,2,36000,1.00357142857
453705,453711,456204,6,2493,2,36000,1.00240673887
454121,454131,456564,10,2433,2,36000,1.00411015208
454200,454210,456520,10,2310,2,36000,1.00432900433
454215,454223,456670,8,2447,2,36000,1.00326930936
454230,454236,456647,6,2411,2,36000,1.00248859394
454375,454384,456905,9,2521,2,36000,1.0035700119
454390,454397,456940,7,2543,2,36000,1.00275265435
454471,454480,456920,9,2440,2,36000,1.00368852459
454497,454503,454532,6,29,1,1800,1.20689655172
454538,454547,456995,9,2448,2,36000,1.00367647059
454558,454569,456933,11,2364,2,36000,1.00465313029
454573,454581,457269,8,2688,2,36000,1.00297619048
454670,454679,457106,9,2427,2,36000,1.00370828183
454685,454691,457128,6,2437,2,36000,1.0024620435
454699,454705,458646,6,3941,2,36000,1.00152245623
454821,454827,454888,6,61,1,1800,1.09836065574
454847,454856,458864,9,4008,2,36000,1.00224550898
454932,454943,457153,11,2210,2,36000,1.00497737557
454947,454956,457536,9,2580,2,36000,1.00348837209
455101,455110,457391,9,2281,2,36000,1.00394563788
455115,455122,457678,7,2556,2,36000,1.00273865415
455155,455165,458996,10,3831,2,36000,1.00261028452
455169,455175,457593,6,2418,2,36000,1.00248138958
455193,455201,457624,8,2423,2,36000,1.00330169212
455208,455216,457690,8,2474,2,36000,1.00323362975
455229,455240,457566,11,2326,2,36000,1.00472914875
455259,455269,459172,10,3903,2,36000,1.00256213169
455274,455280,457792,6,2512,2,36000,1.00238853503
455289,455297,457602,8,2305,2,36000,1.00347071584
455587,455596,458068,9,2472,2,36000,1.0036407767
455602,455608,458117,6,2509,2,36000,1.00239139099
455604,455614,458043,10,2429,2,36000,1.00411692054
455631,455638,455757,7,119,1,1800,1.05882352941
455737,455746,459592,9,3846,2,36000,1.0023400936
455751,455757,458206,6,2449,2,36000,1.00244997958
455891,455900,458579,9,2679,2,36000,1.00335946249
455945,455953,458383,8,2430,2,36000,1.00329218107
455959,455966,458364,7,2398,2,36000,1.00291909925
455974,455980,458679,6,2699,2,36000,1.00222304557
456146,456155,458519,9,2364,2,36000,1.0038071066
456207,456215,458498,8,2283,2,36000,1.00350416119
456221,456230,458862,9,2632,2,36000,1.00341945289
456503,456513,458755,10,2242,2,36000,1.0044603033
456521,456531,460590,10,4059,2,36000,1.002463661
456566,456575,458795,9,2220,2,36000,1.00405405405
456602,456610,458844,8,2234,2,36000,1.00358102059
456650,456658,459062,8,2404,2,36000,1.00332778702
456671,456681,458940,10,2259,2,36000,1.00442673749
456907,456916,459456,9,2540,2,36000,1.00354330709
456921,456931,459439,10,2508,2,36000,1.00398724083
456936,456944,459260,8,2316,2,36000,1.00345423143
456951,456957,459356,6,2399,2,36000,1.0025010421
456996,457006,460382,10,3376,2,36000,1.00296208531
457108,457118,459597,10,2479,2,36000,1.00403388463
457132,457140,459774,8,2634,2,36000,1.00303720577
457156,457165,459381,9,2216,2,36000,1.00406137184
457271,457280,459688,9,2408,2,36000,1.00373754153
457392,457403,459989,11,2586,2,36000,1.00425367363
457537,457547,459999,10,2452,2,36000,1.00407830343
457567,457578,460178,11,2600,2,36000,1.00423076923
457595,457605,460044,10,2439,2,36000,1.004100041
457610,457616,460120,6,2504,2,36000,1.00239616613
457625,457635,460121,10,2486,2,36000,1.00402252615
457679,457689,460143,10,2454,2,36000,1.00407497963
457694,457701,460159,7,2458,2,36000,1.00284784378
457794,457804,461741,10,3937,2,36000,1.00254000508
458045,458055,460487,10,2432,2,36000,1.00411184211
458069,458079,460535,10,2456,2,36000,1.00407166124
458120,458128,461921,8,3793,2,36000,1.00210914843
458208,458217,460463,9,2246,2,36000,1.00400712378
458366,458375,460765,9,2390,2,36000,1.00376569038
458384,458394,460805,10,2411,2,36000,1.00414765657
458499,458509,461063,10,2554,2,36000,1.00391542678
458520,458530,460913,10,2383,2,36000,1.0041963911
458580,458590,461018,10,2428,2,36000,1.00411861614
458646,458657,461032,11,2375,2,36000,1.00463157895
458683,458690,462589,7,3899,2,36000,1.00179533214
458756,458766,461010,10,2244,2,36000,1.00445632799
458795,458806,461056,11,2250,2,36000,1.00488888889
458847,458855,461099,8,2244,2,36000,1.00356506239
458865,458873,461363,8,2490,2,36000,1.00321285141
458866,458879,461680,13,2801,2,36000,1.00464119957
458942,458951,461515,9,2564,2,36000,1.00351014041
458998,459007,461459,9,2452,2,36000,1.00367047308
459061,459073,461614,12,2541,2,36000,1.00472255018
459173,459183,461964,10,2781,2,36000,1.00359582884
459261,459271,461613,10,2342,2,36000,1.00426985482
459358,459367,461777,9,2410,2,36000,1.00373443983
459382,459392,461846,10,2454,2,36000,1.00407497963
459440,459450,461900,10,2450,2,36000,1.00408163265
459458,459467,461994,9,2527,2,36000,1.00356153542
459595,459604,463590,9,3986,2,36000,1.00225790266
459610,459616,462170,6,2554,2,36000,1.00234925607
459689,459699,463739,10,4040,2,36000,1.00247524752
459777,459785,462304,8,2519,2,36000,1.00317586344
459993,460001,462470,8,2469,2,36000,1.00324017821
460007,460014,462479,7,2465,2,36000,1.00283975659
460047,460056,462601,9,2545,2,36000,1.00353634578
460123,460131,462531,8,2400,2,36000,1.00333333333
460125,460137,462717,12,2580,2,36000,1.00465116279
460146,460154,462761,8,2607,2,36000,1.0030686613
460165,460171,462886,6,2715,2,36000,1.00220994475
460180,460189,462686,9,2497,2,36000,1.00360432519
460385,460394,462793,9,2399,2,36000,1.00375156315
460464,460475,462844,11,2369,2,36000,1.00464330941
460488,460498,462837,10,2339,2,36000,1.00427533134
460537,460547,462984,10,2437,2,36000,1.00410340583
460591,460601,464574,10,3973,2,36000,1.00251698968
460767,460776,463207,9,2431,2,36000,1.00370218017
460806,460816,463187,10,2371,2,36000,1.00421762969
460915,460924,463330,9,2406,2,36000,1.00374064838
461011,461021,463503,10,2482,2,36000,1.00402900886
461030,461036,463273,6,2237,2,36000,1.00268216361
461045,461051,463496,6,2445,2,36000,1.00245398773
461060,461068,463503,8,2435,2,36000,1.00328542094
461074,461080,463614,6,2534,2,36000,1.00236779795
461101,461111,463407,10,2296,2,36000,1.0043554007
461367,461375,463774,8,2399,2,36000,1.0033347228
461461,461470,463585,9,2115,2,36000,1.00425531915
461515,461526,463774,11,2248,2,36000,1.00489323843
461616,461624,464075,8,2451,2,36000,1.00326397389
461617,461630,464119,13,2489,2,36000,1.00522298112
461683,461692,464132,9,2440,2,36000,1.00368852459
461744,461752,464125,8,2373,2,36000,1.00337126001
461780,461788,464190,8,2402,2,36000,1.00333055787
461847,461857,464349,10,2492,2,36000,1.00401284109
461902,461911,464363,9,2452,2,36000,1.00367047308
461923,461932,464526,9,2594,2,36000,1.0034695451
461966,461975,465824,9,3849,2,36000,1.00233826968
462002,462008,465917,6,3909,2,36000,1.00153491942
462171,462181,464683,10,2502,2,36000,1.00399680256
462307,462316,466291,9,3975,2,36000,1.00226415094
462473,462482,464839,9,2357,2,36000,1.00381841324
462488,462494,465083,6,2589,2,36000,1.0023174971
462533,462542,464764,9,2222,2,36000,1.00405040504
462590,462601,465092,11,2491,2,36000,1.00441589723
462605,462612,466366,7,3754,2,36000,1.00186467768
462690,462698,466662,8,3964,2,36000,1.00201816347
462718,462729,465263,11,2534,2,36000,1.0043409629
462764,462773,465116,9,2343,2,36000,1.00384122919
462794,462804,465425,10,2621,2,36000,1.00381533766
462839,462848,465225,9,2377,2,36000,1.00378628523
462854,462860,465148,6,2288,2,36000,1.00262237762
462887,462897,465308,10,2411,2,36000,1.00414765657
462987,462995,465463,8,2468,2,36000,1.00324149109
463190,463199,465974,9,2775,2,36000,1.00324324324
463209,463219,465682,10,2463,2,36000,1.00406008932
463236,485271,485272,22035,1,1,144000,2203.6
463276,463285,465541,9,2256,2,36000,1.0039893617
463333,463341,465818,8,2477,2,36000,1.00322971336
463409,463418,465789,9,2371,2,36000,1.00379586672
463497,463508,465995,11,2487,2,36000,1.0044229996
463512,463518,466056,6,2538,2,36000,1.00236406619
463513,463524,466099,11,2575,2,36000,1.00427184466
463586,463596,466160,10,2564,2,36000,1.00390015601
463588,463602,465925,14,2323,2,36000,1.00602668963
463618,463625,466035,7,2410,2,36000,1.00290456432
463742,463750,466223,8,2473,2,36000,1.00323493732
463775,463785,466344,10,2559,2,36000,1.00390777648
463776,463790,466241,14,2451,2,36000,1.0057119543
464076,464086,466502,10,2416,2,36000,1.00413907285
464121,464130,466522,9,2392,2,36000,1.00376254181
464136,464142,466715,6,2573,2,36000,1.00233190828
464137,464148,466570,11,2422,2,36000,1.00454170107
464191,464201,466406,10,2205,2,36000,1.00453514739
464349,464360,466780,11,2420,2,36000,1.00454545455
464364,464375,466907,11,2532,2,36000,1.00434439179
464527,464538,466921,11,2383,2,36000,1.00461603021
464576,464585,466901,9,2316,2,36000,1.00388601036
464685,464694,467086,9,2392,2,36000,1.00376254181
464767,464775,467259,8,2484,2,36000,1.00322061192
464842,464850,467412,8,2562,2,36000,1.0031225605
465087,465095,467515,8,2420,2,36000,1.00330578512
465101,465108,467551,7,2443,2,36000,1.00286532951
465117,465127,467665,10,2538,2,36000,1.00394011032
465150,465159,467522,9,2363,2,36000,1.00380871773
465226,465236,467615,10,2379,2,36000,1.00420344683
465265,465275,467719,10,2444,2,36000,1.00409165303
465310,465319,467560,9,2241,2,36000,1.00401606426
465428,465437,467773,9,2336,2,36000,1.00385273973
465464,465474,467876,10,2402,2,36000,1.00416319734
465543,465553,467995,10,2442,2,36000,1.0040950041
465682,465693,468124,11,2431,2,36000,1.00452488688
465791,465801,468156,10,2355,2,36000,1.0042462845
465822,465829,468262,7,2433,2,36000,1.00287710645
465837,465843,468330,6,2487,2,36000,1.00241254524
465919,465929,468453,10,2524,2,36000,1.00396196513
465933,465939,468416,6,2477,2,36000,1.00242228502
465976,465997,468438,21,2441,2,36000,1.00860303154
465997,466006,468135,9,2129,2,36000,1.00422733678
466036,466046,468380,10,2334,2,36000,1.00428449015
466057,466067,468533,10,2466,2,36000,1.00405515004
466099,466110,468387,11,2277,2,36000,1.00483091787
466164,466171,468457,7,2286,2,36000,1.00306211724
466224,466234,468605,10,2371,2,36000,1.00421762969
466242,466253,468837,11,2584,2,36000,1.00425696594
466293,466302,468790,9,2488,2,36000,1.00361736334
466347,466355,468894,8,2539,2,36000,1.00315084679
466370,466377,468813,7,2436,2,36000,1.00287356322
466411,466417,468814,6,2397,2,36000,1.00250312891
466504,466513,468864,9,2351,2,36000,1.00382815823
466525,466533,468931,8,2398,2,36000,1.00333611343
466575,466582,469140,7,2558,2,36000,1.0027365129
466666,466673,469036,7,2363,2,36000,1.00296233601
466719,466725,469190,6,2465,2,36000,1.00243407708
466785,466791,469243,6,2452,2,36000,1.00244698206
466906,466912,469380,6,2468,2,36000,1.00243111831
466923,466929,469279,6,2350,2,36000,1.00255319149
466924,466935,469458,11,2523,2,36000,1.00435988902
467091,467097,469582,6,2485,2,36000,1.00241448692
467262,467270,469835,8,2565,2,36000,1.00311890838
467415,467423,470044,8,2621,2,36000,1.00305227013
467518,467526,470019,8,2493,2,36000,1.00320898516
467534,467540,470081,6,2541,2,36000,1.00236127509
467553,467562,470014,9,2452,2,36000,1.00367047308
467567,467574,469943,7,2369,2,36000,1.00295483326
467616,467627,470039,11,2412,2,36000,1.00456053068
467668,467677,470085,9,2408,2,36000,1.00373754153
467720,467730,470100,10,2370,2,36000,1.00421940928
467776,467785,470231,9,2446,2,36000,1.0036794767
467877,475950,497622,8073,21672,1,345600,1.37250830565
467877,475465,496550,7588,21085,1,345600,1.35987668959
467877,467887,470286,10,2399,2,36000,1.0041684035
467878,476490,536586,8612,60096,1,345600,1.14330404686
467878,477238,573104,9360,95866,1,345600,1.09763628398
467878,476200,498666,8322,22466,1,345600,1.37042642215
467999,468006,470466,7,2460,2,36000,1.00284552846
468127,468135,470445,8,2310,2,36000,1.00346320346
468142,468148,470483,6,2335,2,36000,1.00256959315
468160,468228,470742,68,2514,2,36000,1.02704852824
468264,468273,470598,9,2325,2,36000,1.00387096774
468330,468345,470672,15,2327,2,36000,1.0064460679
468382,468392,470753,10,2361,2,36000,1.00423549343
468397,468403,470958,6,2555,2,36000,1.00234833659
468418,468427,470984,9,2557,2,36000,1.00351974971
468439,468449,470561,10,2112,2,36000,1.00473484848
468457,468464,470965,7,2501,2,36000,1.00279888045
468473,468479,470792,6,2313,2,36000,1.00259403372
468534,468544,471100,10,2556,2,36000,1.00391236307
468607,468616,470941,9,2325,2,36000,1.00387096774
468680,469178,469181,498,3,1,3600,50.1
468719,477243,527310,8524,50067,1,345600,1.1702518625
468723,478854,498552,10131,19698,1,345600,1.51431617423
468728,479733,496468,11005,16735,1,345600,1.65760382432
468792,468802,471256,10,2454,2,36000,1.00407497963
468817,468824,471237,7,2413,2,36000,1.00290095317
468818,468830,471218,12,2388,2,36000,1.00502512563
468839,468849,471301,10,2452,2,36000,1.00407830343
468866,468875,471364,9,2489,2,36000,1.00361591
468896,468905,471362,9,2457,2,36000,1.00366300366
468932,468943,471386,11,2443,2,36000,1.00450266066
469039,469047,471251,8,2204,2,36000,1.00362976407
469062,482502,518043,13440,35541,1,345600,1.37815480712
469133,485265,491593,16132,6328,1,345600,3.54930467762
469143,469151,471619,8,2468,2,36000,1.00324149109
469191,469202,471591,11,2389,2,36000,1.004604437
469197,485859,486787,16662,928,2,32400,18.9547413793
469246,469254,471709,8,2455,2,36000,1.0032586558
469279,469290,471642,11,2352,2,36000,1.00467687075
469385,469391,471706,6,2315,2,36000,1.00259179266
469461,469469,473467,8,3998,2,36000,1.0020010005
469585,469593,472009,8,2416,2,36000,1.00331125828
469837,469847,472402,10,2555,2,36000,1.00391389432
469946,469955,472431,9,2476,2,36000,1.00363489499
470017,470025,472521,8,2496,2,36000,1.00320512821
470032,470038,472489,6,2451,2,36000,1.00244798042
470048,470054,472476,6,2422,2,36000,1.00247729149
470049,470060,472400,11,2340,2,36000,1.0047008547
470082,470092,472372,10,2280,2,36000,1.00438596491
470097,470103,472470,6,2367,2,36000,1.00253485425
470112,470118,472580,6,2462,2,36000,1.00243704305
470234,470242,472733,8,2491,2,36000,1.00321156162
470289,470298,472730,9,2432,2,36000,1.00370065789
470447,470456,472744,9,2288,2,36000,1.00393356643
470467,470477,472994,10,2517,2,36000,1.00397298371
470485,470494,472905,9,2411,2,36000,1.00373289092
470564,470573,472932,9,2359,2,36000,1.00381517592
470601,470609,473053,8,2444,2,36000,1.00327332242
470674,470684,473212,10,2528,2,36000,1.0039556962
470744,470753,473212,9,2459,2,36000,1.0036600244
470758,470764,473246,6,2482,2,36000,1.00241740532
470792,470803,473401,11,2598,2,36000,1.00423402617
470944,470952,473420,8,2468,2,36000,1.00324149109
470959,470969,473354,10,2385,2,36000,1.00419287212
470974,470980,473511,6,2531,2,36000,1.0023706045
470988,486799,489178,15811,2379,2,32400,7.64606977722
470989,471056,473473,67,2417,2,36000,1.02772031444
471101,471111,473590,10,2479,2,36000,1.00403388463
471220,471234,473543,14,2309,2,36000,1.00606323084
471242,471248,473660,6,2412,2,36000,1.00248756219
471258,471264,473681,6,2417,2,36000,1.00248241622
471259,471270,473861,11,2591,2,36000,1.00424546507
471302,471312,473780,10,2468,2,36000,1.00405186386
471364,471379,473793,15,2414,2,36000,1.00621375311
471365,471373,473844,8,2471,2,36000,1.00323755565
471390,471398,473997,8,2599,2,36000,1.00307810696
471596,471602,474018,6,2416,2,36000,1.00248344371
471620,471630,474054,10,2424,2,36000,1.00412541254
471645,471653,474175,8,2522,2,36000,1.00317208565
471710,471717,474265,7,2548,2,36000,1.00274725275
471712,471723,474321,11,2598,2,36000,1.00423402617
472012,472020,474419,8,2399,2,36000,1.0033347228
472259,491411,563423,19152,72012,1,72000,1.26595567405
472375,472383,476148,8,3765,2,36000,1.002124834
472402,472411,474915,9,2504,2,36000,1.0035942492
472404,472417,474915,13,2498,2,36000,1.00520416333
472431,472442,474743,11,2301,2,36000,1.0047805302
472432,491451,671466,19019,180015,1,180000,1.10565230675
472474,472484,474902,10,2418,2,36000,1.0041356493
472489,472495,474862,6,2367,2,36000,1.00253485425
472504,472510,474656,6,2146,2,36000,1.00279589935
472522,472532,474977,10,2445,2,36000,1.00408997955
472583,472591,475048,8,2457,2,36000,1.00325600326
472731,472741,475245,10,2504,2,36000,1.00399361022
472743,472749,472752,6,3,1,3600,1.0
472746,472755,475088,9,2333,2,36000,1.00385769396
472747,472760,475257,13,2497,2,36000,1.0052062475
472806,491604,652896,18798,161292,1,180000,1.11654638792
472908,472917,475367,9,2450,2,36000,1.00367346939
472922,494437,581917,21515,87480,1,180000,1.24594192958
472936,472943,475436,7,2493,2,36000,1.00280786201
472996,473005,475459,9,2454,2,36000,1.00366748166
473056,473065,475446,9,2381,2,36000,1.0037799244
473061,473071,473072,10,1,1,3600,1.1
473138,489189,491395,16051,2206,2,32400,8.27606527652
473215,473223,475493,8,2270,2,36000,1.00352422907
473216,473228,475647,12,2419,2,36000,1.00496072757
473249,473258,475687,9,2429,2,36000,1.00370522849
473355,473365,475949,10,2584,2,36000,1.00386996904
473404,473412,475824,8,2412,2,36000,1.00331674959
473419,473425,473437,6,12,1,3600,1.5
473422,473431,476031,9,2600,2,36000,1.00346153846
473447,473453,473454,6,1,1,3600,1.0
473470,473482,475887,12,2405,2,36000,1.00498960499
473485,473494,475900,9,2406,2,36000,1.00374064838
473515,473523,475921,8,2398,2,36000,1.00333611343
473545,473555,475765,10,2210,2,36000,1.00452488688
473593,473602,475833,9,2231,2,36000,1.00403406544
473663,473671,476060,8,2389,2,36000,1.00334868146
473678,490810,493055,17132,2245,2,32400,8.63118040089
473681,473692,476074,11,2382,2,36000,1.00461796809
473781,473791,476150,10,2359,2,36000,1.00423908436
473796,473805,476226,9,2421,2,36000,1.00371747212
473821,496480,599986,22659,103506,1,180000,1.21891484552
473844,473855,476386,11,2531,2,36000,1.00434610826
473862,473873,476334,11,2461,2,36000,1.00446972775
473999,474009,476537,10,2528,2,36000,1.0039556962
474021,474029,476274,8,2245,2,36000,1.00356347439
474055,474065,476362,10,2297,2,36000,1.00435350457
474083,496561,561598,22478,65037,1,180000,1.34561864785
474151,491406,493820,17255,2414,2,32400,8.14788732394
474176,474186,476666,10,2480,2,36000,1.00403225806
474266,474276,476607,10,2331,2,36000,1.00429000429
474321,474332,476735,11,2403,2,36000,1.00457761132
474367,497355,658446,22988,161091,1,180000,1.14270195107
474421,474431,476579,10,2148,2,36000,1.00465549348
474522,474528,474529,6,1,1,3600,1.0
474597,474603,474605,6,2,1,3600,1.0
474657,474667,476961,10,2294,2,36000,1.00435919791
474744,474754,477326,10,2572,2,36000,1.00388802488
474863,474873,477297,10,2424,2,36000,1.00412541254
474905,474913,477363,8,2450,2,36000,1.00326530612
474920,474926,477393,6,2467,2,36000,1.00243210377
474921,474932,477457,11,2525,2,36000,1.00435643564
474979,474988,477364,9,2376,2,36000,1.00378787879
475051,475060,477507,9,2447,2,36000,1.00367797303
475091,475099,477536,8,2437,2,36000,1.00328272466
475205,493066,496063,17861,2997,2,43200,6.95962629296
475248,475256,477726,8,2470,2,36000,1.0032388664
475263,475269,477624,6,2355,2,36000,1.0025477707
475369,475378,477832,9,2454,2,36000,1.00366748166
475438,475447,477875,9,2428,2,36000,1.00370675453
475453,475459,477896,6,2437,2,36000,1.0024620435
475468,475474,477926,6,2452,2,36000,1.00244698206
475495,475504,478024,9,2520,2,36000,1.00357142857
475649,475659,478237,10,2578,2,36000,1.00387897595
475688,475698,478215,10,2517,2,36000,1.00397298371
475767,475776,478009,9,2233,2,36000,1.00403045231
475824,475835,478175,11,2340,2,36000,1.0047008547
475839,475845,478055,6,2210,2,36000,1.00271493213
475891,475898,478381,7,2483,2,36000,1.00281917036
475900,496074,499204,20174,3130,2,43200,7.44536741214
475905,475911,478377,6,2466,2,36000,1.00243309002
475923,475932,478333,9,2401,2,36000,1.00374843815
475950,475960,478341,10,2381,2,36000,1.004199916
476032,476043,478453,11,2410,2,36000,1.00456431535
476062,476072,478611,10,2539,2,36000,1.00393855849
476077,476085,478687,8,2602,2,36000,1.00307455803
476150,476159,478741,9,2582,2,36000,1.00348567002
476165,476171,478623,6,2452,2,36000,1.00244698206
476228,476237,478712,9,2475,2,36000,1.00363636364
476277,476285,478607,8,2322,2,36000,1.00344530577
476338,476346,478738,8,2392,2,36000,1.00334448161
476365,476374,478728,9,2354,2,36000,1.00382327952
476387,476397,478979,10,2582,2,36000,1.00387296669
476539,476548,479066,9,2518,2,36000,1.00357426529
476581,476590,478888,9,2298,2,36000,1.00391644909
476609,476618,479006,9,2388,2,36000,1.00376884422
476667,476677,479197,10,2520,2,36000,1.00396825397
476737,476747,479171,10,2424,2,36000,1.00412541254
476962,476973,479537,11,2564,2,36000,1.00429017161
477117,477123,480029,6,2906,1,43200,1.00206469374
477299,477308,479767,9,2459,2,36000,1.0036600244
477326,477337,479945,11,2608,2,36000,1.00421779141
477366,477374,479937,8,2563,2,36000,1.00312134218
477368,477380,479829,12,2449,2,36000,1.00489995917
477395,477404,479916,9,2512,2,36000,1.00358280255
477459,477468,479890,9,2422,2,36000,1.00371593724
477508,477519,479979,11,2460,2,36000,1.00447154472
477538,477547,480037,9,2490,2,36000,1.00361445783
477627,477635,479879,8,2244,2,36000,1.00356506239
477727,477737,480287,10,2550,2,36000,1.00392156863
477834,477843,480347,9,2504,2,36000,1.0035942492
477876,477886,480396,10,2510,2,36000,1.00398406375
477897,477907,480443,10,2536,2,36000,1.00394321767
477930,477938,480425,8,2487,2,36000,1.00321672698
478010,478021,480472,11,2451,2,36000,1.0044879641
478025,478035,480510,10,2475,2,36000,1.00404040404
478059,478067,480557,8,2490,2,36000,1.00321285141
478178,478187,480553,9,2366,2,36000,1.00380388842
478218,478226,480643,8,2417,2,36000,1.00330988829
478239,478249,480696,10,2447,2,36000,1.0040866367
478334,478344,482126,10,3782,2,36000,1.00264410365
478349,478355,480712,6,2357,2,36000,1.00254560882
478379,478388,480830,9,2442,2,36000,1.00368550369
478394,478400,481210,6,2810,2,36000,1.00213523132
478455,478464,480888,9,2424,2,36000,1.00371287129
478610,478618,481034,8,2416,2,36000,1.00331125828
478625,478631,481150,6,2519,2,36000,1.00238189758
478626,478637,481170,11,2533,2,36000,1.00434267667
478690,478698,481266,8,2568,2,36000,1.0031152648
478714,478723,481198,9,2475,2,36000,1.00363636364
478729,478739,481245,10,2506,2,36000,1.00399042298
478745,478751,481105,6,2354,2,36000,1.00254885302
478746,478757,481220,11,2463,2,36000,1.00446609825
478890,478899,481351,9,2452,2,36000,1.00367047308
478982,478991,481362,9,2371,2,36000,1.00379586672
479010,479017,481425,7,2408,2,36000,1.00290697674
479068,479078,481601,10,2523,2,36000,1.00396353547
479174,479183,481683,9,2500,2,36000,1.0036
479198,479208,481575,10,2367,2,36000,1.00422475708
479540,479548,482026,8,2478,2,36000,1.00322841001
479768,479778,482223,10,2445,2,36000,1.00408997955
479832,479840,482448,8,2608,2,36000,1.00306748466
479882,479890,482374,8,2484,2,36000,1.00322061192
479897,479902,482264,5,2362,2,36000,1.00211685013
479918,479927,482359,9,2432,2,36000,1.00370065789
479939,479949,482430,10,2481,2,36000,1.00403063281
479953,479960,482443,7,2483,2,36000,1.00281917036
479981,479990,482498,9,2508,2,36000,1.00358851675
480039,480049,482474,10,2425,2,36000,1.00412371134
480239,493832,494194,13593,362,2,7200,38.5497237569
480290,480298,482614,8,2316,2,36000,1.00345423143
480348,480358,482826,10,2468,2,36000,1.00405186386
480397,480407,482722,10,2315,2,36000,1.00431965443
480416,480423,480596,7,173,1,900,1.04046242775
480428,480436,483018,8,2582,2,36000,1.00309837335
480446,480454,482859,8,2405,2,36000,1.00332640333
480474,480483,482875,9,2392,2,36000,1.00376254181
480513,480522,482930,9,2408,2,36000,1.00373754153
480556,480564,483018,8,2454,2,36000,1.0032599837
480572,480578,482896,6,2318,2,36000,1.00258843831
480645,480654,483229,9,2575,2,36000,1.00349514563
480699,480708,483262,9,2554,2,36000,1.0035238841
480714,480724,483321,10,2597,2,36000,1.00385059684
480805,497634,677665,16829,180031,1,180000,1.0934783454
480833,480842,483352,9,2510,2,36000,1.00358565737
480892,480900,483368,8,2468,2,36000,1.00324149109
481037,481046,483609,9,2563,2,36000,1.00351150995
481106,481116,483600,10,2484,2,36000,1.0040257649
481151,481162,483545,11,2383,2,36000,1.00461603021
481172,481182,483556,10,2374,2,36000,1.00421229992
481199,481209,483702,10,2493,2,36000,1.00401123145
481214,481221,483575,7,2354,2,36000,1.00297366185
481229,481235,483585,6,2350,2,36000,1.00255319149
481247,481256,483458,9,2202,2,36000,1.00408719346
481251,498563,673134,17312,174571,1,180000,1.09916881956
481269,481277,483778,8,2501,2,36000,1.00319872051
481353,481362,483706,9,2344,2,36000,1.00383959044
481369,481376,483958,7,2582,2,36000,1.00271107668
481425,481436,483856,11,2420,2,36000,1.00454545455
481577,481586,483824,9,2238,2,36000,1.00402144772
481604,481612,483953,8,2341,2,36000,1.00341734302
481685,481695,484133,10,2438,2,36000,1.00410172272
481781,499215,507334,17434,8119,2,72000,3.14730878187
481906,498678,578752,16772,80074,1,180000,1.20945625297
482029,482038,484486,9,2448,2,36000,1.00367647059
482029,499163,620702,17134,121539,1,180000,1.14097532479
482127,482137,484574,10,2437,2,36000,1.00410340583
482224,482234,484599,10,2365,2,36000,1.00422832981
482264,482275,484545,11,2270,2,36000,1.00484581498
482279,482285,482294,6,9,1,3600,1.5
482304,482323,482325,19,2,1,3600,2.1
482304,482310,482311,6,1,1,3600,1.0
482360,482370,484929,10,2559,2,36000,1.00390777648
482365,482376,485849,11,3473,1,43200,1.00316729053
482375,482385,484913,10,2528,2,36000,1.0039556962
482399,500383,580444,17984,80061,1,180000,1.2246287206
482430,482441,484803,11,2362,2,36000,1.00465707028
482436,485288,485291,2852,3,1,3600,285.5
482439,485303,485304,2864,1,1,3600,286.5
482446,482454,484918,8,2464,2,36000,1.00324675325
482460,482467,484868,7,2401,2,36000,1.0029154519
482476,482485,484994,9,2509,2,36000,1.00358708649
482486,505527,546001,23041,40474,1,180000,1.56927904334
482500,482510,484896,10,2386,2,36000,1.00419111484
482508,494205,498065,11697,3860,2,36000,4.03031088083
482617,482625,485042,8,2417,2,36000,1.00330988829
482668,500947,510415,18279,9468,2,36000,2.93060836502
482726,482733,485115,7,2382,2,36000,1.00293870697
482829,482837,485125,8,2288,2,36000,1.0034965035
482863,482871,485287,8,2416,2,36000,1.00331125828
482884,482890,485272,6,2382,2,36000,1.00251889169
482901,482907,485311,6,2404,2,36000,1.00249584027
482933,482941,485550,8,2609,2,36000,1.00306630893
483022,483029,485413,7,2384,2,36000,1.00293624161
483023,483034,485523,11,2489,2,36000,1.00441944556
483232,483241,485531,9,2290,2,36000,1.003930131
483265,483273,485803,8,2530,2,36000,1.00316205534
483322,483332,485819,10,2487,2,36000,1.00402090873
483352,483363,485716,11,2353,2,36000,1.00467488313
483370,483379,485959,9,2580,2,36000,1.00348837209
483459,483470,485950,11,2480,2,36000,1.00443548387
483547,483556,485972,9,2416,2,36000,1.00372516556
483562,483568,486052,6,2484,2,36000,1.00241545894
483577,483586,486016,9,2430,2,36000,1.0037037037
483591,483598,486075,7,2477,2,36000,1.00282599919
483606,483612,486122,6,2510,2,36000,1.00239043825
483621,483628,486109,7,2481,2,36000,1.00282144297
483704,483713,486151,9,2438,2,36000,1.00369155045
483719,483725,486199,6,2474,2,36000,1.00242522231
483779,483790,486237,11,2447,2,36000,1.00449530037
483827,483835,486298,8,2463,2,36000,1.00324807146
483857,483867,486318,10,2451,2,36000,1.00407996736
483954,483964,486432,10,2468,2,36000,1.00405186386
483968,483974,486347,6,2373,2,36000,1.00252844501
483969,507736,612897,23767,105161,1,180000,1.22600583867
484088,510119,690141,26031,180022,1,180000,1.14459899346
484135,484144,486715,9,2571,2,36000,1.00350058343
484489,484498,486888,9,2390,2,36000,1.00376569038
484547,484557,487054,10,2497,2,36000,1.00400480577
484577,484585,486988,8,2403,2,36000,1.00332917187
484601,484611,487058,10,2447,2,36000,1.0040866367
484806,484814,487286,8,2472,2,36000,1.00323624595
484872,484879,487306,7,2427,2,36000,1.0028842192
484899,484908,487400,9,2492,2,36000,1.00361155698
484914,484925,487364,11,2439,2,36000,1.0045100451
484930,484936,487295,6,2359,2,36000,1.00254345061
484931,484942,487287,11,2345,2,36000,1.00469083156
484998,485006,487436,8,2430,2,36000,1.00329218107
485043,485053,487636,10,2583,2,36000,1.00387146729
485117,485126,487716,9,2590,2,36000,1.00347490347
485126,516574,627169,31448,110595,1,180000,1.28435281884
485133,485139,487609,6,2470,2,36000,1.0024291498
485274,485282,487612,8,2330,2,36000,1.00343347639
485291,485297,487502,6,2205,2,36000,1.00272108844
485301,485316,485317,15,1,1,3600,1.6
485315,485322,487749,7,2427,2,36000,1.0028842192
485419,485425,487940,6,2515,2,36000,1.00238568588
485525,485534,487986,9,2452,2,36000,1.00367047308
485541,485547,487952,6,2405,2,36000,1.00249480249
485555,485562,487939,7,2377,2,36000,1.00294488851
485719,485727,488170,8,2443,2,36000,1.0032746623
485806,485814,488152,8,2338,2,36000,1.00342172797
485821,485830,488386,9,2556,2,36000,1.00352112676
485921,488046,489331,2125,1285,1,3600,2.65369649805
485952,485961,488203,9,2242,2,36000,1.00401427297
485966,485972,488262,6,2290,2,36000,1.00262008734
485981,485987,488561,6,2574,2,36000,1.00233100233
486017,486027,488585,10,2558,2,36000,1.00390930414
486053,486063,488579,10,2516,2,36000,1.0039745628
486077,486086,488422,9,2336,2,36000,1.00385273973
486081,503294,512506,17213,9212,2,36000,2.86854103343
486111,486120,488698,9,2578,2,36000,1.00349107836
486126,486133,488668,7,2535,2,36000,1.00276134122
486153,486162,488573,9,2411,2,36000,1.00373289092
486201,486210,488609,9,2399,2,36000,1.00375156315
486240,486248,488732,8,2484,2,36000,1.00322061192
486301,486309,488635,8,2326,2,36000,1.00343938091
486319,486329,488771,10,2442,2,36000,1.0040950041
486349,486358,488732,9,2374,2,36000,1.00379106992
486434,486443,488969,9,2526,2,36000,1.00356294537
486678,489343,494427,2665,5084,1,10800,1.52419354839
486692,504316,507011,17624,2695,2,36000,7.53951762523
486717,486727,489036,10,2309,2,36000,1.00433087917
486890,486900,489387,10,2487,2,36000,1.00402090873
486987,486999,489112,12,2113,2,36000,1.0056791292
487057,487066,489582,9,2516,2,36000,1.00357710652
487072,487078,489449,6,2371,2,36000,1.00253057782
487288,487297,489804,9,2507,2,36000,1.00358994815
487290,487303,489733,13,2430,2,36000,1.00534979424
487304,487311,489680,7,2369,2,36000,1.00295483326
487319,487325,489814,6,2489,2,36000,1.00241060667
487364,487375,489806,11,2431,2,36000,1.00452488688
487401,487411,489711,10,2300,2,36000,1.00434782609
487440,487448,490016,8,2568,2,36000,1.0031152648
487503,487514,490019,11,2505,2,36000,1.00439121756
487613,487620,490096,7,2476,2,36000,1.00282714055
487615,487626,490126,11,2500,2,36000,1.0044
487639,487648,490094,9,2446,2,36000,1.0036794767
487718,487727,490253,9,2526,2,36000,1.00356294537
487751,487760,490334,9,2574,2,36000,1.0034965035
487943,487950,490426,7,2476,2,36000,1.00282714055
487945,487956,490292,11,2336,2,36000,1.00470890411
487960,487966,490281,6,2315,2,36000,1.00259179266
487987,487997,490442,10,2445,2,36000,1.00408997955
488155,488163,490629,8,2466,2,36000,1.00324412003
488173,488181,490685,8,2504,2,36000,1.00319488818
488206,488214,490696,8,2482,2,36000,1.00322320709
488263,488273,490788,10,2515,2,36000,1.00397614314
488388,488398,490648,10,2250,2,36000,1.00444444444
488425,488434,491007,9,2573,2,36000,1.00349786242
488565,488573,491061,8,2488,2,36000,1.00321543408
488580,488586,490863,6,2277,2,36000,1.00263504611
488581,488592,490973,11,2381,2,36000,1.0046199076
488596,488602,491065,6,2463,2,36000,1.00243605359
488611,488620,490863,9,2243,2,36000,1.00401248328
488635,488646,491221,11,2575,2,36000,1.00427184466
488668,488679,491205,11,2526,2,36000,1.00435471101
488699,488709,491083,10,2374,2,36000,1.00421229992
488735,488743,491278,8,2535,2,36000,1.00315581854
488737,488749,491043,12,2294,2,36000,1.00523103749
488773,488782,491201,9,2419,2,36000,1.00372054568
488947,532254,560199,43307,27945,10,43200,2.54972266953
488970,488980,491329,10,2349,2,36000,1.00425713069
489037,489047,491274,10,2227,2,36000,1.00449034576
489115,489124,491507,9,2383,2,36000,1.00377675199
489272,532259,560300,42987,28041,10,43200,2.53300524232
489301,498076,498077,8775,1,2,32400,877.6
489344,490964,491440,1620,476,1,3600,4.40336134454
489388,489398,491821,10,2423,2,36000,1.00412711515
489451,489461,491811,10,2350,2,36000,1.00425531915
489584,489593,492191,9,2598,2,36000,1.00346420323
489599,532264,559500,42665,27236,10,43200,2.56649287707
489681,489691,492226,10,2535,2,36000,1.00394477318
489714,489723,492141,9,2418,2,36000,1.00372208437
489735,489744,492165,9,2421,2,36000,1.00371747212
489805,489815,492174,10,2359,2,36000,1.00423908436
489821,489826,492272,5,2446,2,36000,1.00204415372
489822,489832,492342,10,2510,2,36000,1.00398406375
489958,532274,727500,42316,195226,6,432000,1.21675391597
490003,507022,536098,17019,29076,2,43200,1.58532810565
490019,490027,492428,8,2401,2,36000,1.00333194502
490020,490033,492554,13,2521,2,36000,1.00515668386
490096,490106,492502,10,2396,2,36000,1.0041736227
490098,490112,492618,14,2506,2,36000,1.00558659218
490128,490137,492455,9,2318,2,36000,1.00388265746
490255,490265,492683,10,2418,2,36000,1.0041356493
490282,490292,492675,10,2383,2,36000,1.0041963911
490296,490303,492769,7,2466,2,36000,1.00283860503
490335,490346,492736,11,2390,2,36000,1.00460251046
490430,490437,492820,7,2383,2,36000,1.00293747377
490445,490453,492705,8,2252,2,36000,1.00355239787
490450,498088,498089,7638,1,2,32400,763.9
490505,507345,507661,16840,316,2,86400,54.2911392405
490632,490640,493161,8,2521,2,36000,1.00317334391
490650,490660,493217,10,2557,2,36000,1.00391083301
490687,490697,493027,10,2330,2,36000,1.00429184549
490701,490707,493175,6,2468,2,36000,1.00243111831
490789,490799,493356,10,2557,2,36000,1.00391083301
490865,490874,493241,9,2367,2,36000,1.00380228137
490866,490879,493168,13,2289,2,36000,1.00567933595
490975,490984,493356,9,2372,2,36000,1.00379426644
491008,491018,493419,10,2401,2,36000,1.00416493128
491045,491054,493596,9,2542,2,36000,1.00354051928
491062,491073,493604,11,2531,2,36000,1.00434610826
491077,491084,493561,7,2477,2,36000,1.00282599919
491093,491099,493769,6,2670,2,36000,1.00224719101
491203,491212,493577,9,2365,2,36000,1.00380549683
491217,491224,493698,7,2474,2,36000,1.00282942603
491232,491238,493777,6,2539,2,36000,1.00236313509
491278,491286,493615,8,2329,2,36000,1.00343495062
491293,491299,493692,6,2393,2,36000,1.002507313
491332,491340,493846,8,2506,2,36000,1.00319233839
491418,507677,514624,16259,6947,2,72000,3.34043472002
491508,491518,494016,10,2498,2,36000,1.00400320256
491716,532269,558092,40553,25823,10,43200,2.57042171707
491802,510427,516563,18625,6136,2,72000,4.03536505867
491813,491822,494264,9,2442,2,36000,1.00368550369
491828,491834,494198,6,2364,2,36000,1.00253807107
492143,492152,494437,9,2285,2,36000,1.00393873085
492168,492176,494601,8,2425,2,36000,1.00329896907
492183,492189,494702,6,2513,2,36000,1.00238758456
492198,492203,494836,5,2633,2,36000,1.00189897455
492228,492237,494721,9,2484,2,36000,1.00362318841
492273,492283,494666,10,2383,2,36000,1.0041963911
492345,492353,494899,8,2546,2,36000,1.00314218382
492430,492439,494998,9,2559,2,36000,1.00351699883
492457,492466,494891,9,2425,2,36000,1.00371134021
492505,492514,495078,9,2564,2,36000,1.00351014041
492556,492566,494724,10,2158,2,36000,1.0046339203
492619,492629,495199,10,2570,2,36000,1.00389105058
492677,492686,495070,9,2384,2,36000,1.00377516779
492692,492698,495160,6,2462,2,36000,1.00243704305
492707,492716,495228,9,2512,2,36000,1.00358280255
492740,492748,495264,8,2516,2,36000,1.00317965024
492770,492780,495336,10,2556,2,36000,1.00391236307
492821,492831,495095,10,2264,2,36000,1.00441696113
493028,493038,495511,10,2473,2,36000,1.00404367165
493104,512518,514686,19414,2168,2,43200,9.95479704797
493164,493172,495575,8,2403,2,36000,1.00332917187
493179,493185,495569,6,2384,2,36000,1.00251677852
493180,493191,495821,11,2630,2,36000,1.00418250951
493219,493228,495589,9,2361,2,36000,1.00381194409
493243,493253,495788,10,2535,2,36000,1.00394477318
493358,493367,495815,9,2448,2,36000,1.00367647059
493359,493372,495840,13,2468,2,36000,1.00526742301
493420,493430,495902,10,2472,2,36000,1.00404530744
493562,493572,496069,10,2497,2,36000,1.00400480577
493580,493588,495939,8,2351,2,36000,1.00340280732
493599,493608,496081,9,2473,2,36000,1.00363930449
493613,493619,496048,6,2429,2,36000,1.00247015233
493628,493634,495875,6,2241,2,36000,1.00267737617
493694,493704,496088,10,2384,2,36000,1.00419463087
493709,493715,496257,6,2542,2,36000,1.00236034618
493773,493780,496216,7,2436,2,36000,1.00287356322
493787,493793,496196,6,2403,2,36000,1.0024968789
493847,493857,496336,10,2479,2,36000,1.00403388463
494017,494027,496641,10,2614,2,36000,1.00382555471
494063,498100,499808,4037,1708,2,32400,3.36358313817
494201,494211,496614,10,2403,2,36000,1.00416146484
494265,494275,496627,10,2352,2,36000,1.00425170068
494440,494448,496717,8,2269,2,36000,1.00352578228
494603,494612,497072,9,2460,2,36000,1.00365853659
494669,494677,497233,8,2556,2,36000,1.00312989045
494705,494713,497227,8,2514,2,36000,1.00318217979
494723,494732,496998,9,2266,2,36000,1.0039717564
494738,494744,497058,6,2314,2,36000,1.00259291271
494838,494848,497118,10,2270,2,36000,1.00440528634
494888,514635,515114,19747,479,2,32400,42.2254697286
494892,494902,497260,10,2358,2,36000,1.0042408821
494907,494913,497319,6,2406,2,36000,1.00249376559
495000,495009,497517,9,2508,2,36000,1.00358851675
495073,495082,497549,9,2467,2,36000,1.00364815565
495087,495093,497422,6,2329,2,36000,1.00257621297
495102,495108,497394,6,2286,2,36000,1.00262467192
495162,495172,497708,10,2536,2,36000,1.00394321767
495201,495211,497675,10,2464,2,36000,1.00405844156
495231,495239,497715,8,2476,2,36000,1.00323101777
495268,495276,497631,8,2355,2,36000,1.0033970276
495337,495347,497506,10,2159,2,36000,1.00463177397
495463,514698,516941,19235,2243,2,32400,9.57556843513
495512,495522,497953,10,2431,2,36000,1.00411353353
495572,495580,498174,8,2594,2,36000,1.00308404009
495587,495593,498098,6,2505,2,36000,1.00239520958
495602,495608,498230,6,2622,2,36000,1.00228832952
495789,495799,498392,10,2593,2,36000,1.00385653683
495816,495827,498307,11,2480,2,36000,1.00443548387
495831,495837,498330,6,2493,2,36000,1.00240673887
495846,495851,498299,5,2448,2,36000,1.00204248366
495879,495887,498423,8,2536,2,36000,1.00315457413
495903,495913,498408,10,2495,2,36000,1.00400801603
495942,495950,498530,8,2580,2,36000,1.00310077519
496050,496059,498631,9,2572,2,36000,1.0034992224
496071,496080,498626,9,2546,2,36000,1.00353495679
496086,496092,498449,6,2357,2,36000,1.00254560882
496101,496107,498570,6,2463,2,36000,1.00243605359
496198,496208,498658,10,2450,2,36000,1.00408163265
496219,496227,498646,8,2419,2,36000,1.00330715172
496258,496268,498828,10,2560,2,36000,1.00390625
496339,496348,498921,9,2573,2,36000,1.00349786242
496617,496625,498861,8,2236,2,36000,1.00357781753
496632,496638,499038,6,2400,2,36000,1.0025
496647,496652,499086,5,2434,2,36000,1.00205423172
496648,515125,533524,18477,18399,2,43200,2.00423936083
496719,496728,499244,9,2516,2,36000,1.00357710652
497000,497009,499377,9,2368,2,36000,1.00380067568
497060,497069,499450,9,2381,2,36000,1.0037799244
497075,497083,499619,8,2536,2,36000,1.00315457413
497120,497129,499634,9,2505,2,36000,1.00359281437
497229,497238,499745,9,2507,2,36000,1.00358994815
497244,497250,499574,6,2324,2,36000,1.00258175559
497262,497271,499594,9,2323,2,36000,1.00387430047
497322,497330,499761,8,2431,2,36000,1.00329082682
497394,497405,499597,11,2192,2,36000,1.00501824818
497424,497434,499913,10,2479,2,36000,1.00403388463
497509,497518,499917,9,2399,2,36000,1.00375156315
497524,497530,499954,6,2424,2,36000,1.00247524752
497551,497561,499956,10,2395,2,36000,1.00417536534
497635,497643,499940,8,2297,2,36000,1.00348280366
497676,497686,500139,10,2453,2,36000,1.00407664085
497712,497719,500156,7,2437,2,36000,1.00287238408
497728,497734,500273,6,2539,2,36000,1.00236313509
497956,497964,500385,8,2421,2,36000,1.00330441966
498101,498109,500529,8,2420,2,36000,1.00330578512
498177,498185,500691,8,2506,2,36000,1.00319233839
498232,498241,500750,9,2509,2,36000,1.00358708649
498302,498310,500715,8,2405,2,36000,1.00332640333
498318,498324,500851,6,2527,2,36000,1.00237435694
498333,498341,500658,8,2317,2,36000,1.00345274061
498393,498404,500903,11,2499,2,36000,1.0044017607
498412,498419,500982,7,2563,2,36000,1.0027311744
498427,498434,500651,7,2217,2,36000,1.00315741994
498452,498460,500996,8,2536,2,36000,1.00315457413
498531,498541,500927,10,2386,2,36000,1.00419111484
498570,498581,501090,11,2509,2,36000,1.00438421682
498629,498637,501132,8,2495,2,36000,1.00320641283
498644,498650,501008,6,2358,2,36000,1.00254452926
498660,498666,501121,6,2455,2,36000,1.00244399185
498661,498672,501168,11,2496,2,36000,1.00440705128
498829,498839,501279,10,2440,2,36000,1.00409836066
498863,498872,501266,9,2394,2,36000,1.0037593985
498924,498933,501451,9,2518,2,36000,1.00357426529
499039,499049,501605,10,2556,2,36000,1.00391236307
499088,499098,501450,10,2352,2,36000,1.00425170068
499247,499256,501764,9,2508,2,36000,1.00358851675
499379,499388,501907,9,2519,2,36000,1.00357284637
499451,499461,501964,10,2503,2,36000,1.00399520575
499569,499585,502054,16,2469,2,36000,1.00648035642
499596,499606,502122,10,2516,2,36000,1.0039745628
499611,499617,502183,6,2566,2,36000,1.00233826968
499626,499631,502003,5,2372,2,36000,1.0021079258
499640,499647,502185,7,2538,2,36000,1.00275807723
499746,499756,502324,10,2568,2,36000,1.003894081
499764,499772,502214,8,2442,2,36000,1.00327600328
499915,499924,502479,9,2555,2,36000,1.00352250489
499930,499936,502315,6,2379,2,36000,1.0025220681
499945,499951,502318,6,2367,2,36000,1.00253485425
499960,499965,502470,5,2505,2,36000,1.00199600798
499961,499972,502558,11,2586,2,36000,1.00425367363
500140,500150,502598,10,2448,2,36000,1.00408496732
500157,500167,502608,10,2441,2,36000,1.00409668169
500275,500284,502625,9,2341,2,36000,1.00384451089
500387,500396,502837,9,2441,2,36000,1.00368701352
500531,500540,502953,9,2413,2,36000,1.00372979693
500652,500662,503218,10,2556,2,36000,1.00391236307
500667,500673,503262,6,2589,2,36000,1.0023174971
500694,500703,502991,9,2288,2,36000,1.00393356643
500718,500726,503271,8,2545,2,36000,1.00314341847
500754,500761,503285,7,2524,2,36000,1.00277337559
500853,500863,503187,10,2324,2,36000,1.00430292599
500904,500914,503377,10,2463,2,36000,1.00406008932
500928,500938,503383,10,2445,2,36000,1.00408997955
500985,500994,503462,9,2468,2,36000,1.00364667747
501000,501007,503590,7,2583,2,36000,1.0027100271
501015,501021,503535,6,2514,2,36000,1.00238663484
501093,501101,503630,8,2529,2,36000,1.00316330565
501123,501132,503634,9,2502,2,36000,1.0035971223
501138,501144,503258,6,2114,2,36000,1.00283822138
501171,501179,503764,8,2585,2,36000,1.00309477756
501268,501277,503484,9,2207,2,36000,1.00407793385
501282,501290,503814,8,2524,2,36000,1.00316957211
501451,501462,503888,11,2426,2,36000,1.0045342127
501453,501468,504006,15,2538,2,36000,1.00591016548
501607,501616,504206,9,2590,2,36000,1.00347490347
501767,501775,504075,8,2300,2,36000,1.00347826087
501909,501918,504353,9,2435,2,36000,1.00369609856
501966,501975,504282,9,2307,2,36000,1.00390117035
502005,502014,504587,9,2573,2,36000,1.00349786242
502056,502065,504442,9,2377,2,36000,1.00378628523
502125,502133,504582,8,2449,2,36000,1.00326663944
502185,502194,504616,9,2422,2,36000,1.00371593724
502187,502200,504737,13,2537,2,36000,1.0051241624
502217,502225,504736,8,2511,2,36000,1.00318598168
502317,502327,504878,10,2551,2,36000,1.00392003136
502332,502338,504893,6,2555,2,36000,1.00234833659
502333,502344,504857,11,2513,2,36000,1.00437723836
502472,502482,504886,10,2404,2,36000,1.00415973378
502487,502493,504903,6,2410,2,36000,1.00248962656
502559,502569,505029,10,2460,2,36000,1.00406504065
502598,502609,505068,11,2459,2,36000,1.00447336316
502613,502619,504993,6,2374,2,36000,1.00252737995
502628,502637,505121,9,2484,2,36000,1.00362318841
502839,502848,505340,9,2492,2,36000,1.00361155698
502954,502964,505536,10,2572,2,36000,1.00388802488
502993,503002,505476,9,2474,2,36000,1.00363783347
503189,503199,505618,10,2419,2,36000,1.00413393964
503219,503229,505767,10,2538,2,36000,1.00394011032
503261,503269,505648,8,2379,2,36000,1.00336275746
503276,503282,505783,6,2501,2,36000,1.00239904038
503277,503288,505572,11,2284,2,36000,1.00481611208
503292,503300,505838,8,2538,2,36000,1.00315208826
503380,503388,505813,8,2425,2,36000,1.00329896907
503394,503401,505899,7,2498,2,36000,1.00280224179
503464,503473,505894,9,2421,2,36000,1.00371747212
503485,503495,506075,10,2580,2,36000,1.00387596899
503536,503547,505994,11,2447,2,36000,1.00449530037
503550,504321,504714,771,393,1,345600,2.96183206107
503555,504725,505109,1170,384,1,345600,4.046875
503560,505120,505516,1560,396,1,345600,4.93939393939
503593,503602,506040,9,2438,2,36000,1.00369155045
503632,503641,506068,9,2427,2,36000,1.00370828183
503647,503654,506207,7,2553,2,36000,1.00274187231
503765,503776,506205,11,2429,2,36000,1.0045286126
503817,503826,506358,9,2532,2,36000,1.00355450237
503889,503899,506396,10,2497,2,36000,1.00400480577
504007,504018,506373,11,2355,2,36000,1.00467091295
504076,504086,506575,10,2489,2,36000,1.00401767778
504209,504217,506695,8,2478,2,36000,1.00322841001
504285,504293,506876,8,2583,2,36000,1.00309717383
504354,504364,506764,10,2400,2,36000,1.00416666667
504445,504453,506865,8,2412,2,36000,1.00331674959
504584,504593,507075,9,2482,2,36000,1.00362610798
504598,504605,507202,7,2597,2,36000,1.00269541779
504620,504627,507090,7,2463,2,36000,1.00284206253
504737,504748,507244,11,2496,2,36000,1.00440705128
504739,504753,507140,14,2387,2,36000,1.00586510264
504852,504858,504859,6,1,2,3540,1.0
504860,504869,507394,9,2525,2,36000,1.00356435644
504880,504889,507348,9,2459,2,36000,1.0036600244
504895,504902,507361,7,2459,2,36000,1.00284668564
504897,504908,507414,11,2506,2,36000,1.00438946528
504912,504918,507387,6,2469,2,36000,1.00243013366
504993,505004,507603,11,2599,2,36000,1.00423239708
505029,505041,507455,12,2414,2,36000,1.00497100249
505071,505079,507608,8,2529,2,36000,1.00316330565
505122,505132,507661,10,2529,2,36000,1.00395413207
505342,505352,507794,10,2442,2,36000,1.0040950041
505477,505488,507902,11,2414,2,36000,1.00455675228
505538,505548,508006,10,2458,2,36000,1.00406834825
505574,505583,507938,9,2355,2,36000,1.00382165605
505619,505629,508098,10,2469,2,36000,1.00405022276
505649,505659,508118,10,2459,2,36000,1.00406669378
505769,505778,508334,9,2556,2,36000,1.00352112676
505784,505794,508313,10,2519,2,36000,1.0039698293
505814,505824,508221,10,2397,2,36000,1.00417188152
505838,505849,508429,11,2580,2,36000,1.00426356589
505895,505906,508309,11,2403,2,36000,1.00457761132
505910,505916,508205,6,2289,2,36000,1.00262123198
505998,506006,508363,8,2357,2,36000,1.0033941451
506043,506051,508554,8,2503,2,36000,1.0031961646
506070,506079,508544,9,2465,2,36000,1.00365111562
506084,506091,508525,7,2434,2,36000,1.0028759244
506209,506218,508527,9,2309,2,36000,1.00389779125
506210,506223,508655,13,2432,2,36000,1.00534539474
506361,506369,508736,8,2367,2,36000,1.00337980566
506376,506384,508819,8,2435,2,36000,1.00328542094
506396,506407,508625,11,2218,2,36000,1.0049594229
506577,506586,509127,9,2541,2,36000,1.00354191263
506698,506707,509175,9,2468,2,36000,1.00364667747
506767,506776,509242,9,2466,2,36000,1.00364963504
506867,506876,509335,9,2459,2,36000,1.0036600244
506881,506887,509256,6,2369,2,36000,1.00253271423
507078,507086,509590,8,2504,2,36000,1.00319488818
507093,507101,509457,8,2356,2,36000,1.00339558574
507141,507152,509675,11,2523,2,36000,1.00435988902
507204,507213,509614,9,2401,2,36000,1.00374843815
507246,507255,509763,9,2508,2,36000,1.00358851675
507348,507359,509759,11,2400,2,36000,1.00458333333
507363,507372,509919,9,2547,2,36000,1.0035335689
507390,507398,509766,8,2368,2,36000,1.00337837838
507405,507411,509808,6,2397,2,36000,1.00250312891
507420,507426,509642,6,2216,2,36000,1.00270758123
507456,507466,509791,10,2325,2,36000,1.00430107527
507604,507614,510043,10,2429,2,36000,1.00411692054
507619,507625,510063,6,2438,2,36000,1.00246103363
507664,507672,510125,8,2453,2,36000,1.00326131268
507797,507806,510299,9,2493,2,36000,1.0036101083
507903,507913,510494,10,2581,2,36000,1.00387446726
507939,507949,510534,10,2585,2,36000,1.00386847195
508009,508017,510258,8,2241,2,36000,1.0035698349
508099,508109,510586,10,2477,2,36000,1.0040371417
508120,508130,510499,10,2369,2,36000,1.00422119038
508207,508216,510711,9,2495,2,36000,1.00360721443
508222,508232,510471,10,2239,2,36000,1.00446627959
508313,508320,510845,7,2525,2,36000,1.00277227723
508314,508326,510801,12,2475,2,36000,1.00484848485
508335,508345,510906,10,2561,2,36000,1.00390472472
508365,508374,510871,9,2497,2,36000,1.00360432519
508432,508440,510990,8,2550,2,36000,1.0031372549
508528,508538,510935,10,2397,2,36000,1.00417188152
508530,508543,511069,13,2526,2,36000,1.00514647664
508548,508555,510970,7,2415,2,36000,1.00289855072
508562,508569,511154,7,2585,2,36000,1.00270793037
508626,508636,511222,10,2586,2,36000,1.00386697602
508656,508666,511131,10,2465,2,36000,1.00405679513
508737,508747,511136,10,2389,2,36000,1.00418585182
508822,508830,511379,8,2549,2,36000,1.00313848568
509129,509138,511436,9,2298,2,36000,1.00391644909
509177,509186,511540,9,2354,2,36000,1.00382327952
509244,509253,511608,9,2355,2,36000,1.00382165605
509259,509267,511563,8,2296,2,36000,1.00348432056
509337,509347,511658,10,2311,2,36000,1.00432713111
509458,509468,511841,10,2373,2,36000,1.00421407501
509591,509601,512052,10,2451,2,36000,1.00407996736
509615,509625,511957,10,2332,2,36000,1.00428816467
509645,509653,511934,8,2281,2,36000,1.00350723367
509679,509686,512082,7,2396,2,36000,1.00292153589
509763,509770,512275,7,2505,2,36000,1.00279441118
509764,509776,512294,12,2518,2,36000,1.00476568705
509779,509785,512280,6,2495,2,36000,1.00240480962
509794,509802,512307,8,2505,2,36000,1.00319361277
509809,509819,512194,10,2375,2,36000,1.00421052632
509921,509930,512179,9,2249,2,36000,1.00400177857
510044,510054,512579,10,2525,2,36000,1.00396039604
510066,510075,512448,9,2373,2,36000,1.00379266751
510126,510136,512570,10,2434,2,36000,1.00410846343
510261,510270,512762,9,2492,2,36000,1.00361155698
510301,510310,512500,9,2190,2,36000,1.00410958904
510473,510482,513089,9,2607,2,36000,1.00345224396
510497,510505,512892,8,2387,2,36000,1.00335148722
510512,510518,512855,6,2337,2,36000,1.00256739409
510536,510546,513047,10,2501,2,36000,1.00399840064
510587,510597,512897,10,2300,2,36000,1.00434782609
510713,510722,513196,9,2474,2,36000,1.00363783347
510804,510812,513329,8,2517,2,36000,1.00317838697
510846,510857,513287,11,2430,2,36000,1.00452674897
510873,510883,513396,10,2513,2,36000,1.0039793076
510909,510918,513471,9,2553,2,36000,1.00352526439
510936,510946,513288,10,2342,2,36000,1.00426985482
510972,510982,513163,10,2181,2,36000,1.00458505273
510993,511001,513585,8,2584,2,36000,1.00309597523
511071,511080,513422,9,2342,2,36000,1.00384286934
511131,511142,513552,11,2410,2,36000,1.00456431535
511146,511152,513760,6,2608,2,36000,1.0023006135
511161,511167,513669,6,2502,2,36000,1.00239808153
511224,511233,513819,9,2586,2,36000,1.00348027842
511381,511390,513932,9,2542,2,36000,1.00354051928
511438,511447,513558,9,2111,2,36000,1.00426338228
511541,511551,514098,10,2547,2,36000,1.00392618767
511565,511574,514077,9,2503,2,36000,1.00359568518
511610,511619,514151,9,2532,2,36000,1.00355450237
511658,511669,514217,11,2548,2,36000,1.00431711146
511842,511852,514288,10,2436,2,36000,1.00410509031
511936,511945,514340,9,2395,2,36000,1.00375782881
511960,511968,514530,8,2562,2,36000,1.0031225605
512053,512063,514544,10,2481,2,36000,1.00403063281
512083,512093,514656,10,2563,2,36000,1.00390167772
512180,512191,514506,11,2315,2,36000,1.00475161987
512195,512205,514706,10,2501,2,36000,1.00399840064
512276,512286,514759,10,2473,2,36000,1.00404367165
512291,512297,514702,6,2405,2,36000,1.00249480249
512305,512311,514793,6,2482,2,36000,1.00241740532
512321,512327,514803,6,2476,2,36000,1.00242326333
512451,512459,514996,8,2537,2,36000,1.00315333071
512502,512511,515034,9,2523,2,36000,1.00356718193
512571,512581,515188,10,2607,2,36000,1.00383582662
512586,512592,514968,6,2376,2,36000,1.00252525253
512764,512773,515177,9,2404,2,36000,1.0037437604
512858,512867,515457,9,2590,2,36000,1.00347490347
512894,512903,515374,9,2471,2,36000,1.0036422501
512908,512914,515386,6,2472,2,36000,1.00242718447
513050,513058,515484,8,2426,2,36000,1.00329760923
513092,513100,515621,8,2521,2,36000,1.00317334391
513164,513174,515589,10,2415,2,36000,1.00414078675
513197,513207,515591,10,2384,2,36000,1.00419463087
513289,513304,515746,15,2442,2,36000,1.00614250614
513290,513298,515883,8,2585,2,36000,1.00309477756
513332,513341,515806,9,2465,2,36000,1.00365111562
513398,513407,515816,9,2409,2,36000,1.00373599004
513425,513433,516016,8,2583,2,36000,1.00309717383
513474,513482,515759,8,2277,2,36000,1.00351339482
513552,513563,515924,11,2361,2,36000,1.00465904278
513567,513573,516087,6,2514,2,36000,1.00238663484
513588,513596,516064,8,2468,2,36000,1.00324149109
513670,513680,516191,10,2511,2,36000,1.0039824771
513760,513771,516231,11,2460,2,36000,1.00447154472
513820,513831,515989,11,2158,2,36000,1.00509731233
513935,513943,516368,8,2425,2,36000,1.00329896907
514079,514088,516515,9,2427,2,36000,1.00370828183
514100,514109,516602,9,2493,2,36000,1.0036101083
514154,514162,516451,8,2289,2,36000,1.00349497597
514220,514228,516715,8,2487,2,36000,1.00321672698
514289,514299,516785,10,2486,2,36000,1.00402252615
514344,514352,516829,8,2477,2,36000,1.00322971336
514507,514518,517075,11,2557,2,36000,1.00430191631
514531,514541,517010,10,2469,2,36000,1.00405022276
514546,514556,517044,10,2488,2,36000,1.0040192926
514657,514668,517162,11,2494,2,36000,1.0044105854
514705,514713,517136,8,2423,2,36000,1.00330169212
514720,514726,517150,6,2424,2,36000,1.00247524752
514759,514770,517341,11,2571,2,36000,1.00427849086
514795,514805,517283,10,2478,2,36000,1.00403551251
514810,514816,517363,6,2547,2,36000,1.0023557126
514970,514979,517411,9,2432,2,36000,1.00370065789
514997,515007,517455,10,2448,2,36000,1.00408496732
515036,515045,517504,9,2459,2,36000,1.0036600244
515178,515188,517678,10,2490,2,36000,1.00401606426
515192,515200,517546,8,2346,2,36000,1.00341005968
515377,515386,517791,9,2405,2,36000,1.00374220374
515391,515397,518035,6,2638,2,36000,1.00227445034
515458,515468,517729,10,2261,2,36000,1.00442282176
515485,515495,517939,10,2444,2,36000,1.00409165303
515590,515600,518112,10,2512,2,36000,1.00398089172
515605,515611,518079,6,2468,2,36000,1.00243111831
515623,515632,518033,9,2401,2,36000,1.00374843815
515717,515723,515724,6,1,2,3540,1.0
515750,515757,518118,7,2361,2,36000,1.0029648454
515765,515771,518348,6,2577,2,36000,1.00232828871
515807,515818,518398,11,2580,2,36000,1.00426356589
515822,515828,518359,6,2531,2,36000,1.0023706045
515885,515894,518503,9,2609,2,36000,1.00344959755
515924,515935,518412,11,2477,2,36000,1.00444085587
515990,516000,518311,10,2311,2,36000,1.00432713111
516018,516027,518589,9,2562,2,36000,1.00351288056
516066,516076,518511,10,2435,2,36000,1.00410677618
516090,516098,518561,8,2463,2,36000,1.00324807146
516193,516203,518733,10,2530,2,36000,1.00395256917
516235,516243,518709,8,2466,2,36000,1.00324412003
516371,516379,518812,8,2433,2,36000,1.00328812166
516452,516462,518979,10,2517,2,36000,1.00397298371
516515,516526,518849,11,2323,2,36000,1.00473525613
516603,516613,518944,10,2331,2,36000,1.00429000429
516718,516727,519027,9,2300,2,36000,1.00391304348
516787,516796,519288,9,2492,2,36000,1.00361155698
516829,516840,519310,11,2470,2,36000,1.0044534413
517011,517021,519293,10,2272,2,36000,1.00440140845
517047,517055,519473,8,2418,2,36000,1.00330851944
517077,517086,519487,9,2401,2,36000,1.00374843815
517140,517147,519613,7,2466,2,36000,1.00283860503
517155,517161,519716,6,2555,2,36000,1.00234833659
517170,517176,519681,6,2505,2,36000,1.00239520958
517285,517295,519764,10,2469,2,36000,1.00405022276
517342,517352,519870,10,2518,2,36000,1.00397140588
517366,517375,519921,9,2546,2,36000,1.00353495679
517412,517422,520058,10,2636,2,36000,1.00379362671
517457,517466,519902,9,2436,2,36000,1.00369458128
517505,517515,519987,10,2472,2,36000,1.00404530744
517548,517557,520067,9,2510,2,36000,1.00358565737
517681,517689,520082,8,2393,2,36000,1.00334308399
517732,517740,520062,8,2322,2,36000,1.00344530577
517792,517802,520314,10,2512,2,36000,1.00398089172
517940,517950,520224,10,2274,2,36000,1.00439753738
518034,518044,520488,10,2444,2,36000,1.00409165303
518049,518054,520463,5,2409,2,36000,1.00207555002
518082,518090,520604,8,2514,2,36000,1.00318217979
518112,518123,520598,11,2475,2,36000,1.00444444444
518127,518133,520585,6,2452,2,36000,1.00244698206
518314,518322,520785,8,2463,2,36000,1.00324807146
518350,518360,520843,10,2483,2,36000,1.00402738623
518365,518371,520771,6,2400,2,36000,1.0025
518401,518409,520875,8,2466,2,36000,1.00324412003
518416,518423,520997,7,2574,2,36000,1.00271950272
518507,518515,520820,8,2305,2,36000,1.00347071584
518521,518528,521086,7,2558,2,36000,1.0027365129
518564,518572,520957,8,2385,2,36000,1.00335429769
518591,518601,520990,10,2389,2,36000,1.00418585182
518712,518721,521273,9,2552,2,36000,1.00352664577
518736,518744,521211,8,2467,2,36000,1.00324280503
518814,518823,521210,9,2387,2,36000,1.00377042313
518850,518861,521291,11,2430,2,36000,1.00452674897
518947,518955,521382,8,2427,2,36000,1.00329625052
518980,518991,521451,11,2460,2,36000,1.00447154472
519028,519038,521462,10,2424,2,36000,1.00412541254
519291,519299,521780,8,2481,2,36000,1.00322450625
519306,519312,521678,6,2366,2,36000,1.00253592561
519320,519326,521691,6,2365,2,36000,1.00253699789
519475,519484,521982,9,2498,2,36000,1.00360288231
519490,519498,521986,8,2488,2,36000,1.00321543408
519613,519624,522174,11,2550,2,36000,1.00431372549
519683,519692,522249,9,2557,2,36000,1.00351974971
519719,519727,522069,8,2342,2,36000,1.00341588386
519767,519775,522275,8,2500,2,36000,1.0032
519873,519882,522372,9,2490,2,36000,1.00361445783
519903,519914,522461,11,2547,2,36000,1.00431880644
519924,519932,522531,8,2599,2,36000,1.00307810696
519987,519998,522476,11,2478,2,36000,1.00443906376
520059,520069,522506,10,2437,2,36000,1.00410340583
520075,520081,522581,6,2500,2,36000,1.0024
520076,520087,522543,11,2456,2,36000,1.00447882736
520091,520097,522588,6,2491,2,36000,1.00240867122
520226,520235,522640,9,2405,2,36000,1.00374220374
520317,520326,522821,9,2495,2,36000,1.00360721443
520465,520475,522834,10,2359,2,36000,1.00423908436
520489,520499,523059,10,2560,2,36000,1.00390625
520585,520596,523049,11,2453,2,36000,1.00448430493
520600,520610,523027,10,2417,2,36000,1.00413736036
520615,520621,523053,6,2432,2,36000,1.00246710526
520772,520782,523181,10,2399,2,36000,1.0041684035
520787,520796,523155,9,2359,2,36000,1.00381517592
520820,520831,523271,11,2440,2,36000,1.00450819672
520844,520854,523136,10,2282,2,36000,1.00438212095
520877,520886,523424,9,2538,2,36000,1.00354609929
520959,520969,523334,10,2365,2,36000,1.00422832981
520992,521001,523120,9,2119,2,36000,1.00424728646
521007,521013,523562,6,2549,2,36000,1.00235386426
521088,521097,523297,9,2200,2,36000,1.00409090909
521212,521221,523761,9,2540,2,36000,1.00354330709
521213,521227,523590,14,2363,2,36000,1.00592467203
521274,521284,523782,10,2498,2,36000,1.00400320256
521292,521302,523846,10,2544,2,36000,1.00393081761
521386,521393,523926,7,2533,2,36000,1.00276352152
521452,521463,523902,11,2439,2,36000,1.0045100451
521467,521473,523786,6,2313,2,36000,1.00259403372
521681,521690,524196,9,2506,2,36000,1.00359138069
521696,521702,524125,6,2423,2,36000,1.00247626909
521781,521792,524130,11,2338,2,36000,1.00470487596
521983,521994,524378,11,2384,2,36000,1.00461409396
521998,522004,524516,6,2512,2,36000,1.00238853503
522071,522080,524548,9,2468,2,36000,1.00364667747
522177,522185,524582,8,2397,2,36000,1.00333750521
522252,522261,524795,9,2534,2,36000,1.00355169692
522276,522286,524837,10,2551,2,36000,1.00392003136
522373,522383,524880,10,2497,2,36000,1.00400480577
522463,522472,524849,9,2377,2,36000,1.00378628523
522478,522487,524662,9,2175,2,36000,1.00413793103
522508,522517,524848,9,2331,2,36000,1.00386100386
522532,522542,525117,10,2575,2,36000,1.00388349515
522547,522554,525021,7,2467,2,36000,1.0028374544
522583,522592,525080,9,2488,2,36000,1.00361736334
522598,522604,524960,6,2356,2,36000,1.0025466893
522643,522651,525083,8,2432,2,36000,1.00328947368
522822,522832,525203,10,2371,2,36000,1.00421762969
522836,522845,525267,9,2422,2,36000,1.00371593724
523029,523038,525609,9,2571,2,36000,1.00350058343
523050,523060,525519,10,2459,2,36000,1.00406669378
523065,523071,525460,6,2389,2,36000,1.00251151109
523067,523077,525473,10,2396,2,36000,1.0041736227
523121,523131,525719,10,2588,2,36000,1.00386398764
523139,523148,525608,9,2460,2,36000,1.00365853659
523157,523166,525679,9,2513,2,36000,1.00358137684
523184,523192,525712,8,2520,2,36000,1.00317460317
523272,523282,525758,10,2476,2,36000,1.00403877221
523299,523308,525801,9,2493,2,36000,1.0036101083
523335,523345,525906,10,2561,2,36000,1.00390472472
523426,523435,525972,9,2537,2,36000,1.00354749704
523565,523573,526095,8,2522,2,36000,1.00317208565
523592,523601,526115,9,2514,2,36000,1.00357995227
523761,523772,526274,11,2502,2,36000,1.00439648281
523785,523794,526145,9,2351,2,36000,1.00382815823
523800,523806,526177,6,2371,2,36000,1.00253057782
523848,523858,526309,10,2451,2,36000,1.00407996736
523903,523913,526444,10,2531,2,36000,1.00395100751
523927,523937,526502,10,2565,2,36000,1.00389863548
524127,524136,526705,9,2569,2,36000,1.00350330868
524141,524148,526285,7,2137,2,36000,1.00327562003
524199,524208,526628,9,2420,2,36000,1.00371900826
524381,524389,526865,8,2476,2,36000,1.00323101777
524517,524528,527081,11,2553,2,36000,1.00430865648
524550,524559,527010,9,2451,2,36000,1.00367197062
524583,524593,526942,10,2349,2,36000,1.00425713069
524665,524673,527201,8,2528,2,36000,1.00316455696
524798,524807,527167,9,2360,2,36000,1.00381355932
524840,524848,527314,8,2466,2,36000,1.00324412003
524855,524861,527454,6,2593,2,36000,1.0023139221
524856,524867,527403,11,2536,2,36000,1.00433753943
524880,524891,527383,11,2492,2,36000,1.0044141252
524962,524971,527537,9,2566,2,36000,1.00350740452
525022,525032,527319,10,2287,2,36000,1.00437254045
525083,525097,527490,14,2393,2,36000,1.00585039699
525084,525091,527598,7,2507,2,36000,1.00279218189
525121,525128,527698,7,2570,2,36000,1.00272373541
525205,525214,527573,9,2359,2,36000,1.00381517592
525268,525278,527833,10,2555,2,36000,1.00391389432
525462,525471,528028,9,2557,2,36000,1.00351974971
525477,525484,527915,7,2431,2,36000,1.00287947347
525520,525530,528029,10,2499,2,36000,1.00400160064
525612,525619,528135,7,2516,2,36000,1.00278219396
525613,525625,527966,12,2341,2,36000,1.00512601452
525680,525690,528107,10,2417,2,36000,1.00413736036
525713,525723,528171,10,2448,2,36000,1.00408496732
525728,525734,528293,6,2559,2,36000,1.00234466589
525761,525769,528033,8,2264,2,36000,1.0035335689
525803,525812,528370,9,2558,2,36000,1.00351837373
525909,525917,528445,8,2528,2,36000,1.00316455696
525975,525983,528391,8,2408,2,36000,1.00332225914
526096,526107,528611,11,2504,2,36000,1.00439297125
526117,526126,528654,9,2528,2,36000,1.00356012658
526147,526156,528599,9,2443,2,36000,1.00368399509
526180,526188,528549,8,2361,2,36000,1.00338839475
526277,526285,528865,8,2580,2,36000,1.00310077519
526292,526298,528774,6,2476,2,36000,1.00242326333
526313,526321,528886,8,2565,2,36000,1.00311890838
526445,526456,528985,11,2529,2,36000,1.00434954527
526504,526513,528916,9,2403,2,36000,1.00374531835
526629,526639,529127,10,2488,2,36000,1.0040192926
526708,526716,528995,8,2279,2,36000,1.00351031154
526867,526877,529180,10,2303,2,36000,1.0043421624
526946,526954,529410,8,2456,2,36000,1.00325732899
527013,527021,529379,8,2358,2,36000,1.00339270568
527083,527092,529574,9,2482,2,36000,1.00362610798
527169,527179,529611,10,2432,2,36000,1.00411184211
527206,527213,529622,7,2409,2,36000,1.00290577003
527315,527325,529798,10,2473,2,36000,1.00404367165
527330,527336,529730,6,2394,2,36000,1.00250626566
527384,527394,529878,10,2484,2,36000,1.0040257649
527405,527414,529953,9,2539,2,36000,1.00354470264
527456,527466,530001,10,2535,2,36000,1.00394477318
527492,527501,530066,9,2565,2,36000,1.00350877193
527540,527549,529985,9,2436,2,36000,1.00369458128
527574,527584,530179,10,2595,2,36000,1.00385356455
527601,527609,530087,8,2478,2,36000,1.00322841001
527700,527709,530079,9,2370,2,36000,1.00379746835
527836,527845,530391,9,2546,2,36000,1.00353495679
527917,527926,530482,9,2556,2,36000,1.00352112676
527968,527978,530330,10,2352,2,36000,1.00425170068
528029,528040,530502,11,2462,2,36000,1.00446791227
528030,528045,530406,15,2361,2,36000,1.00635324015
528045,528051,530245,6,2194,2,36000,1.00273473108
528110,528119,530479,9,2360,2,36000,1.00381355932
528137,528146,530544,9,2398,2,36000,1.00375312761
528173,528183,530768,10,2585,2,36000,1.00386847195
528293,528304,530463,11,2159,2,36000,1.00509495137
528372,528381,530665,9,2284,2,36000,1.00394045534
528393,528402,530806,9,2404,2,36000,1.0037437604
528447,528456,530996,9,2540,2,36000,1.00354330709
528549,528560,530960,11,2400,2,36000,1.00458333333
528600,528611,531049,11,2438,2,36000,1.004511895
528615,528622,531254,7,2632,2,36000,1.00265957447
528654,528665,531089,11,2424,2,36000,1.0045379538
528775,528785,531292,10,2507,2,36000,1.00398883127
528865,528876,531304,11,2428,2,36000,1.00453047776
528889,528897,531331,8,2434,2,36000,1.00328677075
528916,528927,531404,11,2477,2,36000,1.00444085587
528986,528996,531586,10,2590,2,36000,1.00386100386
529001,529007,531502,6,2495,2,36000,1.00240480962
529128,529138,531644,10,2506,2,36000,1.00399042298
529182,529192,531640,10,2448,2,36000,1.00408496732
529382,529390,531774,8,2384,2,36000,1.0033557047
529412,529422,531847,10,2425,2,36000,1.00412371134
529575,529585,531776,10,2191,2,36000,1.00456412597
529615,529623,532126,8,2503,2,36000,1.0031961646
529629,529636,532083,7,2447,2,36000,1.00286064569
529732,529742,532308,10,2566,2,36000,1.00389711613
529799,529809,532371,10,2562,2,36000,1.00390320062
529880,529890,532380,10,2490,2,36000,1.00401606426
529956,529964,532324,8,2360,2,36000,1.00338983051
529986,529996,532462,10,2466,2,36000,1.00405515004
530004,530012,532520,8,2508,2,36000,1.00318979266
530067,530077,532627,10,2550,2,36000,1.00392156863
530082,530090,532610,8,2520,2,36000,1.00317460317
530097,530103,532660,6,2557,2,36000,1.0023464998
530182,530190,532657,8,2467,2,36000,1.00324280503
530248,530256,532770,8,2514,2,36000,1.00318217979
530333,530341,532807,8,2466,2,36000,1.00324412003
530393,530402,532825,9,2423,2,36000,1.00371440363
530408,530417,532943,9,2526,2,36000,1.00356294537
530465,530475,532987,10,2512,2,36000,1.00398089172
530480,530490,532846,10,2356,2,36000,1.00424448217
530495,530501,532834,6,2333,2,36000,1.00257179597
530510,530516,533012,6,2496,2,36000,1.00240384615
530546,530556,533084,10,2528,2,36000,1.0039556962
530666,530676,533108,10,2432,2,36000,1.00411184211
530769,530779,533196,10,2417,2,36000,1.00413736036
530808,530817,533307,9,2490,2,36000,1.00361445783
530962,530971,533452,9,2481,2,36000,1.00362756953
530998,531007,533455,9,2448,2,36000,1.00367647059
531052,531060,533565,8,2505,2,36000,1.00319361277
531092,531100,533506,8,2406,2,36000,1.00332502078
531255,531265,533734,10,2469,2,36000,1.00405022276
531294,531304,533820,10,2516,2,36000,1.0039745628
531309,531314,533872,5,2558,2,36000,1.00195465207
531333,531342,533585,9,2243,2,36000,1.00401248328
531405,531415,533727,10,2312,2,36000,1.00432525952
531505,531513,534034,8,2521,2,36000,1.00317334391
531587,531597,534104,10,2507,2,36000,1.00398883127
531641,531651,534103,10,2452,2,36000,1.00407830343
531656,531662,534090,6,2428,2,36000,1.00247116969
531777,531784,534160,7,2376,2,36000,1.00294612795
531778,531791,534201,13,2410,2,36000,1.00539419087
531848,531858,534397,10,2539,2,36000,1.00393855849
532086,532094,534431,8,2337,2,36000,1.00342319213
532128,532137,534575,9,2438,2,36000,1.00369155045
532310,532319,534663,9,2344,2,36000,1.00383959044
532325,532335,534846,10,2511,2,36000,1.0039824771
532374,532382,534713,8,2331,2,36000,1.00343200343
532389,532395,534900,6,2505,2,36000,1.00239520958
532464,532473,535017,9,2544,2,36000,1.00353773585
532523,532531,534990,8,2459,2,36000,1.00325335502
532611,532622,535078,11,2456,2,36000,1.00447882736
532629,532638,535045,9,2407,2,36000,1.00373909431
532659,532668,535198,9,2530,2,36000,1.00355731225
532674,532680,535209,6,2529,2,36000,1.00237247924
532771,532781,535218,10,2437,2,36000,1.00410340583
532807,532818,535108,11,2290,2,36000,1.00480349345
532828,532836,535328,8,2492,2,36000,1.00321027287
532843,532849,535144,6,2295,2,36000,1.00261437908
532857,532864,535320,7,2456,2,36000,1.00285016287
532945,532954,535260,9,2306,2,36000,1.0039028621
532987,532998,535364,11,2366,2,36000,1.00464919696
533014,533024,535460,10,2436,2,36000,1.00410509031
533087,533095,535631,8,2536,2,36000,1.00315457413
533111,533119,535712,8,2593,2,36000,1.00308522946
533199,533207,535705,8,2498,2,36000,1.00320256205
533310,533320,535739,10,2419,2,36000,1.00413393964
533455,533463,535941,8,2478,2,36000,1.00322841001
533470,533476,535986,6,2510,2,36000,1.00239043825
533509,533517,535744,8,2227,2,36000,1.00359227661
533567,533576,536118,9,2542,2,36000,1.00354051928
533588,533596,536072,8,2476,2,36000,1.00323101777
533730,533739,536195,9,2456,2,36000,1.00366449511
533744,533751,536197,7,2446,2,36000,1.00286181521
533823,533831,536357,8,2526,2,36000,1.00316706255
533875,533883,536069,8,2186,2,36000,1.00365965233
534035,534045,536411,10,2366,2,36000,1.00422654269
534093,534101,536590,8,2489,2,36000,1.00321414223
534108,534114,536417,6,2303,2,36000,1.00260529744
534109,534120,536590,11,2470,2,36000,1.0044534413
534161,534171,536653,10,2482,2,36000,1.00402900886
534203,534214,536687,11,2473,2,36000,1.00444803882
534400,534409,536960,9,2551,2,36000,1.00352802822
534433,534443,536722,10,2279,2,36000,1.00438788943
534578,534587,537090,9,2503,2,36000,1.00359568518
534666,534674,537165,8,2491,2,36000,1.00321156162
534714,534724,537164,10,2440,2,36000,1.00409836066
534847,534857,537343,10,2486,2,36000,1.00402252615
534902,534911,537320,9,2409,2,36000,1.00373599004
534992,535001,537442,9,2441,2,36000,1.00368701352
535019,535028,537582,9,2554,2,36000,1.0035238841
535046,535056,537641,10,2585,2,36000,1.00386847195
535079,535089,537522,10,2433,2,36000,1.00411015208
535109,535120,537483,11,2363,2,36000,1.00465509945
535146,535155,537539,9,2384,2,36000,1.00377516779
535200,535210,537645,10,2435,2,36000,1.00410677618
535215,535221,537729,6,2508,2,36000,1.0023923445
535230,535236,537820,6,2584,2,36000,1.00232198142
535263,535271,537735,8,2464,2,36000,1.00324675325
535323,535331,537709,8,2378,2,36000,1.00336417157
535338,535344,537724,6,2380,2,36000,1.0025210084
535365,535375,537687,10,2312,2,36000,1.00432525952
535462,535471,537990,9,2519,2,36000,1.00357284637
535634,535642,538130,8,2488,2,36000,1.00321543408
535706,535717,538156,11,2439,2,36000,1.0045100451
535722,535728,538150,6,2422,2,36000,1.00247729149
535743,535750,538217,7,2467,2,36000,1.0028374544
535757,535763,538105,6,2342,2,36000,1.00256191289
535942,535952,538463,10,2511,2,36000,1.0039824771
535987,535997,538470,10,2473,2,36000,1.00404367165
536072,536080,538413,8,2333,2,36000,1.00342906129
536087,536093,538516,6,2423,2,36000,1.00247626909
536120,536129,538415,9,2286,2,36000,1.00393700787
536198,536208,538566,10,2358,2,36000,1.0042408821
536200,536213,538592,13,2379,2,36000,1.00546448087
536360,536369,538751,9,2382,2,36000,1.00377833753
536414,536422,538771,8,2349,2,36000,1.00340570456
536429,536435,539012,6,2577,2,36000,1.00232828871
536593,536601,539109,8,2508,2,36000,1.00318979266
536594,536606,539071,12,2465,2,36000,1.00486815416
536654,536665,539007,11,2342,2,36000,1.00469684031
536688,536698,539289,10,2591,2,36000,1.0038595137
536724,536733,539125,9,2392,2,36000,1.00376254181
536963,536971,539506,8,2535,2,36000,1.00315581854
537093,537102,539620,9,2518,2,36000,1.00357426529
537165,537175,539660,10,2485,2,36000,1.00402414487
537180,537186,539682,6,2496,2,36000,1.00240384615
537322,537331,539887,9,2556,2,36000,1.00352112676
537346,537354,539794,8,2440,2,36000,1.00327868852
537446,537454,540041,8,2587,2,36000,1.003092385
537485,537494,539974,9,2480,2,36000,1.00362903226
537524,537533,540037,9,2504,2,36000,1.0035942492
537542,537550,540084,8,2534,2,36000,1.00315706393
537584,537593,540046,9,2453,2,36000,1.00366897676
537642,537652,540049,10,2397,2,36000,1.00417188152
537656,537662,540025,6,2363,2,36000,1.00253914515
537690,537698,540235,8,2537,2,36000,1.00315333071
537710,537720,540017,10,2297,2,36000,1.00435350457
537725,537735,540119,10,2384,2,36000,1.00419463087
537740,537746,540320,6,2574,2,36000,1.00233100233
537741,537752,540263,11,2511,2,36000,1.00438072481
537823,537831,540217,8,2386,2,36000,1.00335289187
537993,538002,540592,9,2590,2,36000,1.00347490347
538106,538116,540530,10,2414,2,36000,1.00414250207
538133,538142,540475,9,2333,2,36000,1.00385769396
538151,538161,540635,10,2474,2,36000,1.00404203719
538165,538171,540698,6,2527,2,36000,1.00237435694
538220,538228,540767,8,2539,2,36000,1.00315084679
538323,538329,538367,6,38,1,1800,1.15789473684
538417,538424,541019,7,2595,2,36000,1.00269749518
538418,538430,540855,12,2425,2,36000,1.00494845361
538464,538474,540760,10,2286,2,36000,1.00437445319
538478,538485,540831,7,2346,2,36000,1.00298380222
538517,538528,540897,11,2369,2,36000,1.00464330941
538569,538578,541120,9,2542,2,36000,1.00354051928
538593,538603,540992,10,2389,2,36000,1.00418585182
538647,538653,538723,6,70,1,1800,1.08571428571
538753,538762,541165,9,2403,2,36000,1.00374531835
538774,538783,541245,9,2462,2,36000,1.00365556458
539008,539018,541447,10,2429,2,36000,1.00411692054
539022,539028,541509,6,2481,2,36000,1.00241837969
539074,539082,541590,8,2508,2,36000,1.00318979266
539110,539121,541703,11,2582,2,36000,1.00426026336
539128,539136,541504,8,2368,2,36000,1.00337837838
539236,539242,539462,6,220,1,1800,1.02727272727
539291,539300,541801,9,2501,2,36000,1.00359856058
539509,539518,541814,9,2296,2,36000,1.00391986063
539624,539632,542006,8,2374,2,36000,1.00336983993
539663,539671,541952,8,2281,2,36000,1.00350723367
539684,539694,542190,10,2496,2,36000,1.00400641026
539796,539806,542237,10,2431,2,36000,1.00411353353
539890,539899,542365,9,2466,2,36000,1.00364963504
539975,539985,542534,10,2549,2,36000,1.0039231071
540020,540028,542317,8,2289,2,36000,1.00349497597
540035,540041,542535,6,2494,2,36000,1.00240577386
540051,540057,542541,6,2484,2,36000,1.00241545894
540052,540063,542548,11,2485,2,36000,1.00442655936
540053,540068,542372,15,2304,2,36000,1.00651041667
540055,540073,542528,18,2455,2,36000,1.00733197556
540085,540095,542615,10,2520,2,36000,1.00396825397
540121,540130,542471,9,2341,2,36000,1.00384451089
540218,540228,542741,10,2513,2,36000,1.0039793076
540236,540246,542756,10,2510,2,36000,1.00398406375
540264,540274,542703,10,2429,2,36000,1.00411692054
540321,540331,542862,10,2531,2,36000,1.00395100751
540478,540487,542733,9,2246,2,36000,1.00400712378
540532,540541,542792,9,2251,2,36000,1.00399822301
540593,540603,543021,10,2418,2,36000,1.0041356493
540638,540646,543236,8,2590,2,36000,1.00308880309
540701,540710,543140,9,2430,2,36000,1.0037037037
540762,540771,543210,9,2439,2,36000,1.0036900369
540776,540782,543256,6,2474,2,36000,1.00242522231
540814,540820,540843,6,23,1,1800,1.26086956522
540834,540842,543298,8,2456,2,36000,1.00325732899
540857,540866,543371,9,2505,2,36000,1.00359281437
540900,540908,543303,8,2395,2,36000,1.00334029228
540994,541003,543562,9,2559,2,36000,1.00351699883
541021,541031,543459,10,2428,2,36000,1.00411861614
541121,541131,543642,10,2511,2,36000,1.0039824771
541141,541148,541201,7,53,1,1800,1.1320754717
541166,541176,543520,10,2344,2,36000,1.0042662116
541248,541256,543714,8,2458,2,36000,1.0032546786
541450,541459,543924,9,2465,2,36000,1.00365111562
541505,541515,544008,10,2493,2,36000,1.00401123145
541520,541526,543854,6,2328,2,36000,1.00257731959
541592,541601,543976,9,2375,2,36000,1.00378947368
541705,541714,544253,9,2539,2,36000,1.00354470264
541802,541812,544271,10,2459,2,36000,1.00406669378
541817,541825,544315,8,2490,2,36000,1.00321285141
541940,541946,542066,6,120,1,1800,1.05
541953,541963,544527,10,2564,2,36000,1.00390015601
542007,542017,544552,10,2535,2,36000,1.00394477318
542192,542201,544713,9,2512,2,36000,1.00358280255
542240,542248,544684,8,2436,2,36000,1.00328407225
542318,542328,544751,10,2423,2,36000,1.00412711515
542367,542376,544777,9,2401,2,36000,1.00374843815
542382,542388,544914,6,2526,2,36000,1.00237529691
542472,542482,545032,10,2550,2,36000,1.00392156863
542529,542539,544955,10,2416,2,36000,1.00413907285
542545,542551,545104,6,2553,2,36000,1.00235017626
542546,542557,545113,11,2556,2,36000,1.00430359937
542547,542562,544948,15,2386,2,36000,1.00628667225
542562,542568,545035,6,2467,2,36000,1.00243210377
542616,542627,545040,11,2413,2,36000,1.0045586407
542704,542714,545233,10,2519,2,36000,1.0039698293
542734,542744,545123,10,2379,2,36000,1.00420344683
542749,542755,545026,6,2271,2,36000,1.00264200793
542764,542770,545298,6,2528,2,36000,1.00237341772
542794,542803,545101,9,2298,2,36000,1.00391644909
542864,542873,545302,9,2429,2,36000,1.00370522849
543024,543032,545483,8,2451,2,36000,1.00326397389
543141,543152,545514,11,2362,2,36000,1.00465707028
543211,543221,545643,10,2422,2,36000,1.00412881916
543238,543247,545669,9,2422,2,36000,1.00371593724
543259,543267,545731,8,2464,2,36000,1.00324675325
543298,543309,545829,11,2520,2,36000,1.00436507937
543313,543319,545799,6,2480,2,36000,1.00241935484
543373,543382,545787,9,2405,2,36000,1.00374220374
543461,543470,545909,9,2439,2,36000,1.0036900369
543521,543532,545943,11,2411,2,36000,1.00456242223
543564,543574,546026,10,2452,2,36000,1.00407830343
543642,543653,546136,11,2483,2,36000,1.00443012485
543714,543725,546228,11,2503,2,36000,1.00439472633
543856,543866,546340,10,2474,2,36000,1.00404203719
543926,543936,546315,10,2379,2,36000,1.00420344683
543977,543987,546577,10,2590,2,36000,1.00386100386
544010,544019,546531,9,2512,2,36000,1.00358280255
544257,544265,546819,8,2554,2,36000,1.00313234143
544272,544282,546879,10,2597,2,36000,1.00385059684
544317,544326,546858,9,2532,2,36000,1.00355450237
544529,544538,546989,9,2451,2,36000,1.00367197062
544553,544563,547168,10,2605,2,36000,1.00383877159
544687,544695,546924,8,2229,2,36000,1.00358905339
544714,544724,547142,10,2418,2,36000,1.0041356493
544753,544762,547320,9,2558,2,36000,1.00351837373
544781,544788,547306,7,2518,2,36000,1.00277998411
544914,544925,547340,11,2415,2,36000,1.00455486542
544950,544959,547599,9,2640,2,36000,1.00340909091
544965,544971,547335,6,2364,2,36000,1.00253807107
545029,545037,547569,8,2532,2,36000,1.00315955766
545045,545051,547513,6,2462,2,36000,1.00243704305
545046,545057,547482,11,2425,2,36000,1.00453608247
545047,545062,547371,15,2309,2,36000,1.00649631875
545105,545113,547550,8,2437,2,36000,1.00328272466
545106,545119,547664,13,2545,2,36000,1.00510805501
545122,545128,547571,6,2443,2,36000,1.00245599673
545136,545142,547571,6,2429,2,36000,1.00247015233
545233,545244,547700,11,2456,2,36000,1.00447882736
545300,545309,547684,9,2375,2,36000,1.00378947368
545315,545321,547670,6,2349,2,36000,1.00255427842
545484,545494,547991,10,2497,2,36000,1.00400480577
545515,545525,548072,10,2547,2,36000,1.00392618767
545645,545654,548074,9,2420,2,36000,1.00371900826
545672,545681,548155,9,2474,2,36000,1.00363783347
545733,545742,548155,9,2413,2,36000,1.00372979693
545791,545798,548355,7,2557,2,36000,1.00273758311
545806,545812,548337,6,2525,2,36000,1.00237623762
545830,545840,548355,10,2515,2,36000,1.00397614314
545912,545921,548401,9,2480,2,36000,1.00362903226
545945,545955,548437,10,2482,2,36000,1.00402900886
546027,546037,548481,10,2444,2,36000,1.00409165303
546139,546147,548481,8,2334,2,36000,1.00342759212
546230,546239,548654,9,2415,2,36000,1.00372670807
546318,546326,548828,8,2502,2,36000,1.00319744205
546342,546351,548809,9,2458,2,36000,1.00366151343
546533,546542,548969,9,2427,2,36000,1.00370828183
546578,546589,549053,11,2464,2,36000,1.00446428571
546822,546830,549281,8,2451,2,36000,1.00326397389
546861,546870,549407,9,2537,2,36000,1.00354749704
546882,546891,549502,9,2611,2,36000,1.00344695519
546927,546935,549350,8,2415,2,36000,1.0033126294
546991,547000,549554,9,2554,2,36000,1.0035238841
547146,547154,549483,8,2329,2,36000,1.00343495062
547170,547179,549586,9,2407,2,36000,1.00373909431
547303,547309,573957,6,26648,1,36000,1.00022515761
547310,547317,549825,7,2508,2,36000,1.00279106858
547325,547331,549694,6,2363,2,36000,1.00253914515
547340,547346,549822,6,2476,2,36000,1.00242326333
547341,547352,549923,11,2571,2,36000,1.00427849086
547372,547382,549801,10,2419,2,36000,1.00413393964
547484,547493,549756,9,2263,2,36000,1.00397702165
547515,547524,549947,9,2423,2,36000,1.00371440363
547551,547561,550039,10,2478,2,36000,1.00403551251
547569,547580,549981,11,2401,2,36000,1.00458142441
547585,547591,550191,6,2600,2,36000,1.00230769231
547586,547597,550124,11,2527,2,36000,1.00435298773
547601,547610,549971,9,2361,2,36000,1.00381194409
547665,547675,550119,10,2444,2,36000,1.00409165303
547680,547687,550187,7,2500,2,36000,1.0028
547696,547702,550252,6,2550,2,36000,1.00235294118
547711,547717,550103,6,2386,2,36000,1.0025146689
548000,548006,550477,6,2471,2,36000,1.00242816673
548074,548083,550227,9,2144,2,36000,1.00419776119
548075,548089,550548,14,2459,2,36000,1.00569337129
548156,548166,550618,10,2452,2,36000,1.00407830343
548157,548171,550659,14,2488,2,36000,1.00562700965
548340,548349,550734,9,2385,2,36000,1.00377358491
548358,548366,550938,8,2572,2,36000,1.00311041991
548360,548372,550805,12,2433,2,36000,1.00493218249
548403,548413,550974,10,2561,2,36000,1.00390472472
548443,548448,550900,5,2452,2,36000,1.00203915171
548483,548553,550758,70,2205,2,36000,1.03174603175
548485,548558,551023,73,2465,2,36000,1.02961460446
548657,548665,551122,8,2457,2,36000,1.00325600326
548812,548820,551314,8,2494,2,36000,1.00320769848
548830,548839,551223,9,2384,2,36000,1.00377516779
548972,548980,551417,8,2437,2,36000,1.00328272466
549054,549064,551597,10,2533,2,36000,1.00394788788
549284,549292,551649,8,2357,2,36000,1.0033941451
549354,549362,551872,8,2510,2,36000,1.003187251
549408,549418,551905,10,2487,2,36000,1.00402090873
549486,549495,551916,9,2421,2,36000,1.00371747212
549504,549513,551846,9,2333,2,36000,1.00385769396
549556,549565,551946,9,2381,2,36000,1.0037799244
549589,549598,551967,9,2369,2,36000,1.00379907134
549695,549705,552256,10,2551,2,36000,1.00392003136
549758,549767,552373,9,2606,2,36000,1.00345356869
549804,549812,552238,8,2426,2,36000,1.00329760923
549825,549839,552236,14,2397,2,36000,1.00584063413
549826,549833,552252,7,2419,2,36000,1.00289375775
549923,549934,552530,11,2596,2,36000,1.00423728814
549947,549958,552399,11,2441,2,36000,1.00450634986
549969,549982,552258,13,2276,2,36000,1.00571177504
549983,549993,552559,10,2566,2,36000,1.00389711613
550041,550050,552551,9,2501,2,36000,1.00359856058
550104,550114,552449,10,2335,2,36000,1.00428265525
550122,550130,552677,8,2547,2,36000,1.00314095014
550137,550143,552319,6,2176,2,36000,1.00275735294
550189,550198,552685,9,2487,2,36000,1.00361881785
550204,550210,552683,6,2473,2,36000,1.00242620299
550228,550238,552692,10,2454,2,36000,1.00407497963
550255,550263,552726,8,2463,2,36000,1.00324807146
550479,550488,552917,9,2429,2,36000,1.00370522849
550548,550559,553129,11,2570,2,36000,1.00428015564
550621,550629,553016,8,2387,2,36000,1.00335148722
550660,550670,553212,10,2542,2,36000,1.00393391031
550736,550745,553083,9,2338,2,36000,1.00384944397
550760,550769,553294,9,2525,2,36000,1.00356435644
550808,550816,553410,8,2594,2,36000,1.00308404009
550902,550911,553227,9,2316,2,36000,1.00388601036
550941,550950,553422,9,2472,2,36000,1.0036407767
550977,550986,553424,9,2438,2,36000,1.00369155045
551026,551035,553634,9,2599,2,36000,1.00346287033
551122,551133,553588,11,2455,2,36000,1.00448065173
551225,551234,553667,9,2433,2,36000,1.00369913687
551316,551325,553875,9,2550,2,36000,1.00352941176
551418,551429,553772,11,2343,2,36000,1.00469483568
551599,551608,554157,9,2549,2,36000,1.00353079639
551651,551660,554164,9,2504,2,36000,1.0035942492
551847,551858,554127,11,2269,2,36000,1.00484795064
551874,551883,554174,9,2291,2,36000,1.00392841554
551907,551916,554344,9,2428,2,36000,1.00370675453
551922,551928,554500,6,2572,2,36000,1.00233281493
551949,551957,554497,8,2540,2,36000,1.0031496063
551970,551979,554512,9,2533,2,36000,1.00355309909
552237,552247,554466,10,2219,2,36000,1.00450653447
552252,552258,554720,6,2462,2,36000,1.00243704305
552254,552264,554807,10,2543,2,36000,1.00393236335
552269,552275,554797,6,2522,2,36000,1.00237906423
552270,552281,554681,11,2400,2,36000,1.00458333333
552321,552330,554801,9,2471,2,36000,1.0036422501
552376,552384,554962,8,2578,2,36000,1.00310318076
552400,552410,554761,10,2351,2,36000,1.00425350915
552451,552460,554991,9,2531,2,36000,1.00355590676
552532,552541,554951,9,2410,2,36000,1.00373443983
552553,552563,554895,10,2332,2,36000,1.00428816467
552568,552574,555019,6,2445,2,36000,1.00245398773
552680,552688,555252,8,2564,2,36000,1.0031201248
552695,552702,555197,7,2495,2,36000,1.00280561122
552697,552708,555217,11,2509,2,36000,1.00438421682
552698,552713,555140,15,2427,2,36000,1.00618046972
552728,552737,555277,9,2540,2,36000,1.00354330709
552919,552928,555414,9,2486,2,36000,1.00362027353
552935,552941,553820,6,879,16,2340,1.00682593857
553019,553027,555484,8,2457,2,36000,1.00325600326
553085,553094,555466,9,2372,2,36000,1.00379426644
553130,553140,555498,10,2358,2,36000,1.0042408821
553215,553224,555560,9,2336,2,36000,1.00385273973
553230,553238,555589,8,2351,2,36000,1.00340280732
553296,553305,555824,9,2519,2,36000,1.00357284637
553411,553421,555894,10,2473,2,36000,1.00404367165
553426,553436,555974,10,2538,2,36000,1.00394011032
553427,553441,555852,14,2411,2,36000,1.0058067192
553591,553599,555864,8,2265,2,36000,1.00353200883
553636,553646,555992,10,2346,2,36000,1.0042625746
553669,553678,556082,9,2404,2,36000,1.0037437604
553775,553784,556220,9,2436,2,36000,1.00369458128
553877,553886,556317,9,2431,2,36000,1.00370218017
554129,554139,556482,10,2343,2,36000,1.00426803244
554159,554168,556482,9,2314,2,36000,1.00388936906
554177,554183,556482,6,2299,2,36000,1.00260983036
554179,554189,556482,10,2293,2,36000,1.004361099
554345,554355,556483,10,2128,2,36000,1.00469924812
554469,554477,556483,8,2006,2,36000,1.00398803589
554499,554509,556483,10,1974,2,36000,1.00506585613
554514,554520,556483,6,1963,2,36000,1.0030565461
554515,554526,556483,11,1957,2,36000,1.00562084824
554682,554693,556483,11,1790,2,36000,1.0061452514
554721,554731,556483,10,1752,2,36000,1.00570776256
554763,554772,556483,9,1711,2,36000,1.00526008182
554800,554808,556483,8,1675,2,36000,1.0047761194
554814,554821,556483,7,1662,2,36000,1.00421179302
554816,554827,556483,11,1656,2,36000,1.00664251208
554898,554907,556483,9,1576,2,36000,1.0057106599
554952,554962,556483,10,1521,2,36000,1.00657462196
554967,554973,556483,6,1510,2,36000,1.00397350993
554991,555002,556483,11,1481,2,36000,1.00742741391
555021,555031,556483,10,1452,2,36000,1.00688705234
555143,555151,556483,8,1332,2,36000,1.00600600601
555200,555208,556483,8,1275,2,36000,1.0062745098
555218,555229,556483,11,1254,2,36000,1.00877192982
555254,555263,556483,9,1220,2,36000,1.00737704918
555278,555288,556483,10,1195,2,36000,1.00836820084
555417,555425,556483,8,1058,2,36000,1.00756143667
555469,555477,556483,8,1006,2,36000,1.00795228628
555487,555495,556483,8,988,2,36000,1.00809716599
555502,555509,556483,7,974,2,36000,1.00718685832
555561,555572,556483,11,911,2,36000,1.01207464325
555591,555600,556483,9,883,2,36000,1.01019252548
555826,555835,556483,9,648,2,36000,1.01388888889
555853,555863,556483,10,620,2,36000,1.01612903226
555868,555875,556483,7,608,2,36000,1.01151315789
555895,555905,556483,10,578,2,36000,1.01730103806
555976,555985,556483,9,498,2,36000,1.01807228916
555994,556003,556483,9,480,2,36000,1.01875
556085,556093,556483,8,390,2,36000,1.02051282051
556221,556232,556483,11,251,2,36000,1.0438247012
556318,556328,556483,10,155,2,36000,1.06451612903
556608,556614,559088,6,2474,2,36000,1.00242522231
556609,556620,559107,11,2487,2,36000,1.0044229996
556610,556625,559153,15,2528,2,36000,1.0059335443
556612,556630,558991,18,2361,2,36000,1.00762388818
556613,556635,559132,22,2497,2,36000,1.00881057269
556614,556640,559188,26,2548,2,36000,1.01020408163
556616,556646,558896,30,2250,2,36000,1.01333333333
556617,556651,559144,34,2493,2,36000,1.01363818692
556619,556656,559057,37,2401,2,36000,1.01541024573
556620,556661,559211,41,2550,2,36000,1.01607843137
556621,556666,559154,45,2488,2,36000,1.01808681672
556623,556672,559144,49,2472,2,36000,1.01982200647
556624,556677,559213,53,2536,2,36000,1.02089905363
556625,556682,559189,57,2507,2,36000,1.02273633825
556626,556687,559202,61,2515,2,36000,1.02425447316
556628,556692,559239,64,2547,2,36000,1.0251276011
556629,556697,559226,68,2529,2,36000,1.02688809806
556630,556702,559297,72,2595,2,36000,1.02774566474
556632,556708,559237,76,2529,2,36000,1.03005140372
556633,556713,559050,80,2337,2,36000,1.03423192127
556634,556718,559294,84,2576,2,36000,1.03260869565
556635,556723,559264,88,2541,2,36000,1.03463203463
556637,556728,559289,91,2561,2,36000,1.03553299492
556638,556733,559345,95,2612,2,36000,1.03637059724
556639,556738,559212,99,2474,2,36000,1.04001616815
556641,556744,559257,103,2513,2,36000,1.04098686828
556642,556750,559341,108,2591,2,36000,1.04168274797
556643,556755,559304,112,2549,2,36000,1.04393879953
556645,556760,559141,115,2381,2,36000,1.04829903402
556646,556765,559191,119,2426,2,36000,1.04905193735
556647,556770,559046,123,2276,2,36000,1.05404217926
556649,556776,559184,127,2408,2,36000,1.05274086379
556650,556781,559258,131,2477,2,36000,1.05288655632
556651,556786,559294,135,2508,2,36000,1.0538277512
556653,556791,558990,138,2199,2,36000,1.06275579809
556654,556796,559176,142,2380,2,36000,1.05966386555
556655,556801,559164,146,2363,2,36000,1.06178586543
556657,556806,559390,149,2584,2,36000,1.0576625387
556658,556812,559319,154,2507,2,36000,1.0614280016
556659,556817,559385,158,2568,2,36000,1.06152647975
557044,557050,558103,6,1053,64,2340,1.0056980057
558899,558907,560657,8,1750,2,36000,1.00457142857
558986,559001,560657,15,1656,2,36000,1.00905797101
559000,559007,560657,7,1650,2,36000,1.00424242424
559049,559058,560657,9,1599,2,36000,1.00562851782
559063,559069,560657,6,1588,2,36000,1.00377833753
559064,559075,560657,11,1582,2,36000,1.00695322377
559089,559099,560657,10,1558,2,36000,1.00641848524
559110,559118,560657,8,1539,2,36000,1.00519818064
559133,559143,560657,10,1514,2,36000,1.00660501982
559149,559155,560657,6,1502,2,36000,1.00399467377
559150,559161,560657,11,1496,2,36000,1.00735294118
559151,559166,560657,15,1491,2,36000,1.01006036217
559166,559172,560657,6,1485,2,36000,1.00404040404
559168,559178,560658,10,1480,2,36000,1.00675675676
559169,559183,560658,14,1475,2,36000,1.00949152542
559184,559190,560658,6,1468,2,36000,1.00408719346
559199,559205,560658,6,1453,2,36000,1.00412938747
559201,559211,560658,10,1447,2,36000,1.00691085003
559202,559216,560658,14,1442,2,36000,1.00970873786
559203,559221,560658,18,1437,2,36000,1.01252609603
559219,559227,560658,8,1431,2,36000,1.00559049616
559220,559233,560658,13,1425,2,36000,1.00912280702
559221,559238,560658,17,1420,2,36000,1.01197183099
559223,559243,560658,20,1415,2,36000,1.01413427562
559238,559249,560658,11,1409,2,36000,1.00780695529
559239,559255,560658,16,1403,2,36000,1.011404134
559254,559261,560658,7,1397,2,36000,1.00501073729
559269,559275,560658,6,1383,2,36000,1.00433839479
559270,559281,560658,11,1377,2,36000,1.00798838054
559271,559286,560658,15,1372,2,36000,1.01093294461
559292,559300,560658,8,1358,2,36000,1.0058910162
559308,559314,560658,6,1344,2,36000,1.00446428571
559309,559320,560658,11,1338,2,36000,1.00822122571
559310,559325,560658,15,1333,2,36000,1.0112528132
559312,559330,560658,18,1328,2,36000,1.01355421687
559326,559336,560658,10,1322,2,36000,1.00756429652
559344,559352,560658,8,1306,2,36000,1.00612557427
559359,559365,560658,6,1293,2,36000,1.00464037123
559386,559397,560658,11,1261,2,36000,1.00872323553
559400,559407,560658,7,1251,2,36000,1.00559552358
560721,560727,563201,6,2474,2,36000,1.00242522231
560722,560733,563170,11,2437,2,36000,1.00451374641
560724,560738,563247,14,2509,2,36000,1.00557991232
560725,560743,563290,18,2547,2,36000,1.00706713781
560726,560748,563255,22,2507,2,36000,1.0087754288
560727,560754,563250,27,2496,2,36000,1.01081730769
560729,560759,562929,30,2170,2,36000,1.01382488479
560730,560764,563259,34,2495,2,36000,1.01362725451
560731,560770,563274,39,2504,2,36000,1.01557507987
560733,560775,563308,42,2533,2,36000,1.0165811291
560734,560780,563312,46,2532,2,36000,1.01816745656
560736,560785,563312,49,2527,2,36000,1.01939058172
560737,560790,563313,53,2523,2,36000,1.02100673801
560738,560795,563257,57,2462,2,36000,1.02315190902
560740,560800,563279,60,2479,2,36000,1.02420330779
560741,560806,563313,65,2507,2,36000,1.02592740327
560742,560811,563313,69,2502,2,36000,1.02757793765
560744,560816,563201,72,2385,2,36000,1.03018867925
560745,560821,563313,76,2492,2,36000,1.0304975923
560746,560826,563313,80,2487,2,36000,1.0321672698
560747,560832,563273,85,2441,2,36000,1.03482179435
560749,560837,563313,88,2476,2,36000,1.03554119548
560750,560842,563248,92,2406,2,36000,1.03823773899
560751,560847,563237,96,2390,2,36000,1.04016736402
560753,560852,563313,99,2461,2,36000,1.04022754978
560754,560858,563313,104,2455,2,36000,1.04236252546
560755,560864,563310,109,2446,2,36000,1.0445625511
560757,560869,563313,112,2444,2,36000,1.04582651391
560758,560874,563313,116,2439,2,36000,1.0475604756
560759,560879,563313,120,2434,2,36000,1.04930156122
560760,560884,563313,124,2429,2,36000,1.05104981474
560762,560890,563313,128,2423,2,36000,1.05282707388
560763,560895,563313,132,2418,2,36000,1.05459057072
560764,560900,563313,136,2413,2,36000,1.05636137588
560766,560905,563313,139,2408,2,36000,1.05772425249
560767,560910,563313,143,2403,2,36000,1.05950894715
560768,560915,563313,147,2398,2,36000,1.06130108424
560770,560920,563313,150,2393,2,36000,1.06268282491
560771,560926,563313,155,2387,2,36000,1.06493506494
560772,560931,563313,159,2382,2,36000,1.06675062972
562931,562940,563313,9,373,2,36000,1.02412868633
563172,563181,563313,9,132,2,36000,1.06818181818
563202,563212,563313,10,101,2,36000,1.09900990099
563204,563217,563313,13,96,2,36000,1.13541666667
563380,563386,565881,6,2495,2,36000,1.00240480962
563381,563392,565901,11,2509,2,36000,1.00438421682
563383,563397,565889,14,2492,2,36000,1.00561797753
563384,563402,565868,18,2466,2,36000,1.00729927007
563385,563407,565979,22,2572,2,36000,1.00855365474
563387,563413,565905,26,2492,2,36000,1.01043338684
563388,563419,565935,31,2516,2,36000,1.01232114467
563389,563424,565851,35,2427,2,36000,1.014421096
563390,563429,565932,39,2503,2,36000,1.01558130244
563392,563434,565929,42,2495,2,36000,1.01683366733
563394,563440,565916,46,2476,2,36000,1.01857835218
563395,563445,565973,50,2528,2,36000,1.01977848101
563396,563450,565930,54,2480,2,36000,1.02177419355
563398,563455,566055,57,2600,2,36000,1.02192307692
563399,563460,565889,61,2429,2,36000,1.02511321531
563400,563465,565962,65,2497,2,36000,1.02603123748
563402,563470,566003,68,2533,2,36000,1.02684563758
563403,563476,565973,73,2497,2,36000,1.0292350821
563404,563481,565925,77,2444,2,36000,1.03150572831
563406,563486,565940,80,2454,2,36000,1.032599837
563407,563491,566033,84,2542,2,36000,1.03304484658
563408,563496,565950,88,2454,2,36000,1.0358598207
563410,563501,566029,91,2528,2,36000,1.03599683544
563411,563506,565995,95,2489,2,36000,1.03816793893
563412,563512,566037,100,2525,2,36000,1.0396039604
563413,563517,565987,104,2470,2,36000,1.04210526316
563415,563523,565930,108,2407,2,36000,1.0448691317
563416,563528,565912,112,2384,2,36000,1.04697986577
563417,563533,566018,116,2485,2,36000,1.04668008048
563419,563538,566032,119,2494,2,36000,1.04771451484
563420,563543,566034,123,2491,2,36000,1.04937775994
563421,563549,566081,128,2532,2,36000,1.05055292259
563423,563554,566128,131,2574,2,36000,1.05089355089
563424,563559,566025,135,2466,2,36000,1.05474452555
563425,563564,566017,139,2453,2,36000,1.05666530779
563427,563569,566045,142,2476,2,36000,1.05735056543
563428,563574,566044,146,2470,2,36000,1.05910931174
563429,563579,566057,150,2478,2,36000,1.06053268765
563430,563585,566139,155,2554,2,36000,1.06068911511
563432,563590,566115,158,2525,2,36000,1.06257425743
565852,565862,568393,10,2531,2,36000,1.00395100751
565869,565879,568399,10,2520,2,36000,1.00396825397
565884,565892,568421,8,2529,2,36000,1.00316330565
565899,565905,568414,6,2509,2,36000,1.00239139099
565900,565911,568383,11,2472,2,36000,1.00444983819
565916,565922,568434,6,2512,2,36000,1.00238853503
565917,565928,568451,11,2523,2,36000,1.00435988902
565918,565933,568505,15,2572,2,36000,1.00583203733
565935,565941,568450,6,2509,2,36000,1.00239139099
565936,565947,568482,11,2535,2,36000,1.00433925049
565938,565952,568411,14,2459,2,36000,1.00569337129
565939,565957,568486,18,2529,2,36000,1.00711743772
565940,565963,568540,23,2577,2,36000,1.00892510671
565942,565968,568228,26,2260,2,36000,1.01150442478
565943,565974,568504,31,2530,2,36000,1.01225296443
565958,565979,568520,21,2541,2,36000,1.00826446281
565960,565984,568472,24,2488,2,36000,1.00964630225
565975,565991,568432,16,2441,2,36000,1.0065546907
565976,565996,568528,20,2532,2,36000,1.00789889415
565977,566001,568486,24,2485,2,36000,1.00965794769
565992,566007,568411,15,2404,2,36000,1.00623960067
565993,566012,568531,19,2519,2,36000,1.00754267566
566008,566018,568591,10,2573,2,36000,1.0038865138
566010,566023,568631,13,2608,2,36000,1.00498466258
566025,566031,568581,6,2550,2,36000,1.00235294118
566026,566037,568289,11,2252,2,36000,1.00488454707
566028,566042,568557,14,2515,2,36000,1.0055666004
566044,566050,568561,6,2511,2,36000,1.00238948626
566046,566056,568548,10,2492,2,36000,1.00401284109
566047,566061,568561,14,2500,2,36000,1.0056
566048,566066,568656,18,2590,2,36000,1.00694980695
566049,566071,568650,22,2579,2,36000,1.00853043815
566051,566077,568586,26,2509,2,36000,1.0103626943
566066,566082,568384,16,2302,2,36000,1.00695047785
566068,566087,568363,19,2276,2,36000,1.00834797891
566069,566092,568684,23,2592,2,36000,1.00887345679
566084,566099,568568,15,2469,2,36000,1.00607533414
566117,566126,568537,9,2411,2,36000,1.00373289092
566132,566140,568529,8,2389,2,36000,1.00334868146
566146,566152,568661,6,2509,2,36000,1.00239139099
568229,568239,570750,10,2511,2,36000,1.0039824771
568289,568300,570718,11,2418,2,36000,1.00454921423
568365,568374,570858,9,2484,2,36000,1.00362318841
568386,568394,570787,8,2393,2,36000,1.00334308399
568387,568400,570766,13,2366,2,36000,1.00549450549
568403,568409,570882,6,2473,2,36000,1.00242620299
568404,568415,570867,11,2452,2,36000,1.00448613377
568419,568425,570918,6,2493,2,36000,1.00240673887
568421,568431,570918,10,2487,2,36000,1.00402090873
568422,568436,570931,14,2495,2,36000,1.00561122244
568437,568443,571059,6,2616,2,36000,1.00229357798
568438,568449,570999,11,2550,2,36000,1.00431372549
568440,568454,570970,14,2516,2,36000,1.00556438792
568455,568461,570689,6,2228,2,36000,1.0026929982
568456,568467,570943,11,2476,2,36000,1.00444264943
568474,568483,570967,9,2484,2,36000,1.00362318841
568489,568495,571080,6,2585,2,36000,1.00232108317
568490,568501,571075,11,2574,2,36000,1.00427350427
568491,568506,570931,15,2425,2,36000,1.00618556701
568506,568515,571080,9,2565,2,36000,1.00350877193
568508,568521,570913,13,2392,2,36000,1.00543478261
568522,568531,571018,9,2487,2,36000,1.00361881785
568537,568543,570953,6,2410,2,36000,1.00248962656
568539,568549,571002,10,2453,2,36000,1.00407664085
568540,568554,570971,14,2417,2,36000,1.00579230451
568541,568559,571065,18,2506,2,36000,1.00718276137
568557,568565,571014,8,2449,2,36000,1.00326663944
568558,568570,571164,12,2594,2,36000,1.00462606014
568559,568576,570920,17,2344,2,36000,1.00725255973
568575,568582,571063,7,2481,2,36000,1.00282144297
568576,568587,571112,11,2525,2,36000,1.00435643564
568578,568593,570937,15,2344,2,36000,1.00639931741
568593,568599,570992,6,2393,2,36000,1.002507313
568595,568605,571131,10,2526,2,36000,1.00395882819
568596,568610,571110,14,2500,2,36000,1.0056
568632,568642,571205,10,2563,2,36000,1.00390167772
568653,568661,571218,8,2557,2,36000,1.00312866641
568668,568674,571166,6,2492,2,36000,1.00240770465
568669,568680,571139,11,2459,2,36000,1.00447336316
568686,568695,571271,9,2576,2,36000,1.00349378882
570692,570700,573175,8,2475,2,36000,1.00323232323
570719,570729,573194,10,2465,2,36000,1.00405679513
570751,570761,573114,10,2353,2,36000,1.00424989375
570769,570777,573075,8,2298,2,36000,1.00348128808
570790,570800,573315,10,2515,2,36000,1.00397614314
570859,570870,573391,11,2521,2,36000,1.00436334788
570874,570880,573400,6,2520,2,36000,1.00238095238
570889,570895,573379,6,2484,2,36000,1.00241545894
570914,570924,573449,10,2525,2,36000,1.00396039604
570930,570936,573298,6,2362,2,36000,1.00254022015
570932,570942,573448,10,2506,2,36000,1.00399042298
570933,570947,573564,14,2617,2,36000,1.00534963699
570949,570954,573355,5,2401,2,36000,1.00208246564
570950,570960,573488,10,2528,2,36000,1.0039556962
570951,570965,573438,14,2473,2,36000,1.00566114032
570952,570970,573469,18,2499,2,36000,1.00720288115
570967,570976,573309,9,2333,2,36000,1.00385769396
570982,570988,573492,6,2504,2,36000,1.00239616613
570984,570994,573491,10,2497,2,36000,1.00400480577
570985,570999,573519,14,2520,2,36000,1.00555555556
571000,571007,573532,7,2525,2,36000,1.00277227723
571002,571013,573512,11,2499,2,36000,1.0044017607
571017,571023,573500,6,2477,2,36000,1.00242228502
571018,571029,573622,11,2593,2,36000,1.00424219051
571033,571039,573491,6,2452,2,36000,1.00244698206
571060,571070,573706,10,2636,2,36000,1.00379362671
571075,571081,573592,6,2511,2,36000,1.00238948626
571076,571087,573647,11,2560,2,36000,1.004296875
571077,571092,573622,15,2530,2,36000,1.00592885375
571092,571098,573494,6,2396,2,36000,1.00250417362
571094,571104,573612,10,2508,2,36000,1.00398724083
571112,571121,573688,9,2567,2,36000,1.00350603818
571127,571133,573609,6,2476,2,36000,1.00242326333
571142,571148,573616,6,2468,2,36000,1.00243111831
571143,571154,573560,11,2406,2,36000,1.00457190357
571167,571175,573673,8,2498,2,36000,1.00320256205
571168,571181,573694,13,2513,2,36000,1.00517309988
571207,571216,573758,9,2542,2,36000,1.00354051928
571222,571230,573751,8,2521,2,36000,1.00317334391
571273,571282,573751,9,2469,2,36000,1.00364520049
573077,573086,575667,9,2581,2,36000,1.00348702053
573116,573126,575600,10,2474,2,36000,1.00404203719
573176,573186,575671,10,2485,2,36000,1.00402414487
573196,573205,575643,9,2438,2,36000,1.00369155045
573299,573309,575811,10,2502,2,36000,1.00399680256
573314,573320,575955,6,2635,2,36000,1.00227703985
573328,573335,575989,7,2654,2,36000,1.00263752826
573356,573366,576088,10,2722,2,36000,1.00367376929
573381,573390,575792,9,2402,2,36000,1.0037468776
573395,573402,575989,7,2587,2,36000,1.00270583688
573410,573416,575971,6,2555,2,36000,1.00234833659
573440,573449,576140,9,2691,2,36000,1.00334448161
573455,573462,576073,7,2611,2,36000,1.00268096515
573457,573468,576218,11,2750,2,36000,1.004
573472,573480,576116,8,2636,2,36000,1.00303490137
573490,573499,576216,9,2717,2,36000,1.003312477
573506,573512,576250,6,2738,2,36000,1.00219138057
573507,573518,576140,11,2622,2,36000,1.00419527079
573509,573523,576225,14,2702,2,36000,1.00518134715
573510,573528,576278,18,2750,2,36000,1.00654545455
573511,573533,576298,22,2765,2,36000,1.00795660036
573527,573539,576233,12,2694,2,36000,1.00445434298
573528,573544,576167,16,2623,2,36000,1.00609988563
573543,573550,576078,7,2528,2,36000,1.00276898734
573563,573571,576300,8,2729,2,36000,1.00293147673
573578,573584,576206,6,2622,2,36000,1.00228832952
573593,573604,576284,11,2680,2,36000,1.00410447761
573611,573620,576363,9,2743,2,36000,1.00328107911
573626,573632,576212,6,2580,2,36000,1.0023255814
573627,573638,576326,11,2688,2,36000,1.0040922619
573629,573643,576291,14,2648,2,36000,1.00528700906
573630,573648,576251,18,2603,2,36000,1.00691509796
573648,573658,576387,10,2729,2,36000,1.00366434591
573674,573684,576375,10,2691,2,36000,1.00371609067
573689,573699,576339,10,2640,2,36000,1.00378787879
573704,573710,576347,6,2637,2,36000,1.00227531286
573718,573724,576477,6,2753,2,36000,1.00217944061
573751,573762,576360,11,2598,2,36000,1.00423402617
573766,573772,576348,6,2576,2,36000,1.00232919255
573767,573778,576536,11,2758,2,36000,1.00398839739
575602,575611,578309,9,2698,2,36000,1.0033358043
575644,575655,578247,11,2592,2,36000,1.00424382716
575668,575678,578307,10,2629,2,36000,1.00380372765
575682,575688,578355,6,2667,2,36000,1.00224971879
575794,575804,578596,10,2792,2,36000,1.00358166189
575811,575822,578469,11,2647,2,36000,1.0041556479
575956,575966,578676,10,2710,2,36000,1.0036900369
575974,575983,578535,9,2552,2,36000,1.00352664577
575992,576000,578680,8,2680,2,36000,1.00298507463
575993,576066,578703,73,2637,2,36000,1.02768297308
576068,576084,578665,16,2581,2,36000,1.00619914762
576083,576090,578726,7,2636,2,36000,1.00265553869
576098,576104,578735,6,2631,2,36000,1.00228050171
576118,576128,578728,10,2600,2,36000,1.00384615385
576136,576151,578778,15,2627,2,36000,1.00570993529
576151,576157,578813,6,2656,2,36000,1.00225903614
576169,576179,578805,10,2626,2,36000,1.00380807312
576208,576218,578971,10,2753,2,36000,1.00363240102
576223,576229,578921,6,2692,2,36000,1.00222882615
576224,576235,578926,11,2691,2,36000,1.00408769974
576226,576240,578932,14,2692,2,36000,1.00520059435
576241,576247,578934,6,2687,2,36000,1.00223297358
576242,576253,578930,11,2677,2,36000,1.00410907733
576257,576264,579038,7,2774,2,36000,1.00252343187
576259,576269,578842,10,2573,2,36000,1.0038865138
576279,576290,579018,11,2728,2,36000,1.00403225806
576295,576301,578921,6,2620,2,36000,1.00229007634
576296,576307,578931,11,2624,2,36000,1.00419207317
576311,576317,579027,6,2710,2,36000,1.00221402214
576312,576323,579034,11,2711,2,36000,1.00405754334
576327,576337,578972,10,2635,2,36000,1.00379506641
576342,576350,579008,8,2658,2,36000,1.00300978179
576357,576363,578835,6,2472,2,36000,1.00242718447
576358,576369,579033,11,2664,2,36000,1.00412912913
576373,576380,578976,7,2596,2,36000,1.00269645609
576375,576386,579085,11,2699,2,36000,1.00407558355
576390,576396,578990,6,2594,2,36000,1.00231303007
576391,576402,578955,11,2553,2,36000,1.00430865648
576479,576488,579191,9,2703,2,36000,1.00332963374
576539,576547,579167,8,2620,2,36000,1.00305343511
578248,578258,580909,10,2651,2,36000,1.00377216145
578308,578318,581018,10,2700,2,36000,1.0037037037
578323,578329,581028,6,2699,2,36000,1.00222304557
578356,578366,580982,10,2616,2,36000,1.00382262997
578470,578480,581170,10,2690,2,36000,1.00371747212
578536,578547,581175,11,2628,2,36000,1.00418569254
578599,578608,581230,9,2622,2,36000,1.00343249428
578669,578676,581121,7,2445,2,36000,1.00286298569
578684,578690,581366,6,2676,2,36000,1.00224215247
578685,578696,581355,11,2659,2,36000,1.00413689357
578706,578714,581361,8,2647,2,36000,1.00302228938
578713,578720,592301,7,13581,1,345600,1.00051542596
578727,578737,581313,10,2576,2,36000,1.00388198758
578742,578748,581414,6,2666,2,36000,1.00225056264
578743,578754,581292,11,2538,2,36000,1.00433412136
578779,578789,581583,10,2794,2,36000,1.00357909807
578806,578816,581350,10,2534,2,36000,1.00394632991
578821,578827,581495,6,2668,2,36000,1.00224887556
578836,578846,581511,10,2665,2,36000,1.00375234522
578850,578857,581557,7,2700,2,36000,1.00259259259
578923,578938,581594,15,2656,2,36000,1.00564759036
578925,578943,581606,18,2663,2,36000,1.00675929403
578941,578949,581602,8,2653,2,36000,1.0030154542
578942,578954,581304,12,2350,2,36000,1.00510638298
578943,578959,581638,16,2679,2,36000,1.00597237775
578944,578966,581604,22,2638,2,36000,1.00833965125
578946,578971,581604,25,2633,2,36000,1.00949487277
578960,578976,581672,16,2696,2,36000,1.0059347181
578976,578982,581701,6,2719,2,36000,1.00220669364
578977,578988,581608,11,2620,2,36000,1.00419847328
578992,578998,581715,6,2717,2,36000,1.002208318
578993,579004,581629,11,2625,2,36000,1.00419047619
579011,579020,581719,9,2699,2,36000,1.00333456836
579026,579032,581707,6,2675,2,36000,1.00224299065
579041,579048,581687,7,2639,2,36000,1.00265251989
579043,579054,581637,11,2583,2,36000,1.00425861401
579044,579059,581737,15,2678,2,36000,1.00560119492
579045,579064,581615,19,2551,2,36000,1.00744805958
579087,579097,581866,10,2769,2,36000,1.00361141206
579169,579178,581869,9,2691,2,36000,1.00334448161
579192,579202,581929,10,2727,2,36000,1.00366703337
580911,580920,583562,9,2642,2,36000,1.00340651022
580983,580993,583707,10,2714,2,36000,1.00368459838
581020,581029,583688,9,2659,2,36000,1.0033847311
581036,581042,583756,6,2714,2,36000,1.00221075903
581124,581132,583703,8,2571,2,36000,1.00311162972
581173,581181,583809,8,2628,2,36000,1.00304414003
581188,581194,583872,6,2678,2,36000,1.00224047797
581234,581242,583750,8,2508,2,36000,1.00318979266
581295,581303,583997,8,2694,2,36000,1.00296956199
581310,581315,583960,5,2645,2,36000,1.00189035917
581325,581331,583936,6,2605,2,36000,1.00230326296
581354,581362,584001,8,2639,2,36000,1.00303145131
581369,581375,583939,6,2564,2,36000,1.0023400936
581371,581381,584001,10,2620,2,36000,1.00381679389
581372,581386,584094,14,2708,2,36000,1.00516986706
581415,581425,584120,10,2695,2,36000,1.00371057514
581497,581507,584127,10,2620,2,36000,1.00381679389
581513,581522,584237,9,2715,2,36000,1.00331491713
581559,581568,584197,9,2629,2,36000,1.00342335489
581586,581594,584193,8,2599,2,36000,1.00307810696
581602,581609,584305,7,2696,2,36000,1.00259643917
581621,581626,584347,5,2721,2,36000,1.00183755972
581622,581632,584351,10,2719,2,36000,1.00367782273
581623,581637,584309,14,2672,2,36000,1.00523952096
581625,581642,584151,17,2509,2,36000,1.00677560781
581626,581648,584292,22,2644,2,36000,1.00832072617
581627,581654,584373,27,2719,2,36000,1.00993012137
581644,581659,584347,15,2688,2,36000,1.00558035714
581646,581664,584382,18,2718,2,36000,1.00662251656
581647,581669,584326,22,2657,2,36000,1.00828001505
581675,581683,584405,8,2722,2,36000,1.00293901543
581690,581698,584322,8,2624,2,36000,1.00304878049
581706,581712,584426,6,2714,2,36000,1.00221075903
581723,581729,584423,6,2694,2,36000,1.00222717149
581724,581735,584383,11,2648,2,36000,1.00415407855
581725,581740,584389,15,2649,2,36000,1.00566251416
581741,581748,584454,7,2706,2,36000,1.00258684405
581869,581877,584563,8,2686,2,36000,1.00297840655
581871,581883,584568,12,2685,2,36000,1.00446927374
581932,581940,584552,8,2612,2,36000,1.00306278714
583565,583574,586274,9,2700,2,36000,1.00333333333
583689,583699,586412,10,2713,2,36000,1.00368595651
583704,583715,586384,11,2669,2,36000,1.00412139378
583719,583725,586342,6,2617,2,36000,1.00229270157
583752,583761,586450,9,2689,2,36000,1.00334696913
583767,583773,586214,6,2441,2,36000,1.00245800901
583813,583821,586496,8,2675,2,36000,1.00299065421
583873,583883,586580,10,2697,2,36000,1.00370782351
583938,583947,586668,9,2721,2,36000,1.0033076075
583953,583959,586507,6,2548,2,36000,1.00235478807
583967,583974,586632,7,2658,2,36000,1.00263355907
583998,584008,586759,10,2751,2,36000,1.0036350418
584014,584020,586744,6,2724,2,36000,1.00220264317
584015,584026,586691,11,2665,2,36000,1.00412757974
584097,584105,586832,8,2727,2,36000,1.0029336267
584121,584131,586791,10,2660,2,36000,1.0037593985
584137,584143,586650,6,2507,2,36000,1.00239329876
584155,584163,586874,8,2711,2,36000,1.00295094061
584195,584204,586828,9,2624,2,36000,1.00342987805
584209,584216,586971,7,2755,2,36000,1.00254083485
584240,584248,586911,8,2663,2,36000,1.00300413068
584295,584303,586942,8,2639,2,36000,1.00303145131
584311,584316,587015,5,2699,2,36000,1.00185253798
584312,584322,586934,10,2612,2,36000,1.00382848392
584328,584333,586936,5,2603,2,36000,1.00192086055
584329,584339,587011,10,2672,2,36000,1.00374251497
584348,584357,587006,9,2649,2,36000,1.00339750849
584350,584363,587065,13,2702,2,36000,1.00481125093
584365,584371,587089,6,2718,2,36000,1.00220750552
584380,584386,587063,6,2677,2,36000,1.0022413149
584397,584403,587064,6,2661,2,36000,1.00225479143
584399,584409,587084,10,2675,2,36000,1.00373831776
584400,584414,587056,14,2642,2,36000,1.0052990159
584415,584421,586988,6,2567,2,36000,1.00233735878
584430,584436,587068,6,2632,2,36000,1.00227963526
584432,584442,587126,10,2684,2,36000,1.00372578241
584456,584465,587202,9,2737,2,36000,1.00328827183
584554,584563,587265,9,2702,2,36000,1.00333086603
584569,584575,587001,6,2426,2,36000,1.00247320692
584571,584581,587281,10,2700,2,36000,1.0037037037
586217,586225,588798,8,2573,2,36000,1.00310921104
586271,586285,588885,14,2600,2,36000,1.00538461538
586344,586353,589012,9,2659,2,36000,1.0033847311
586386,586395,588932,9,2537,2,36000,1.00354749704
586414,586423,589102,9,2679,2,36000,1.00335946249
586453,586462,589180,9,2718,2,36000,1.00331125828
586499,586508,589175,9,2667,2,36000,1.00337457818
586514,586520,589158,6,2638,2,36000,1.00227445034
586581,586592,589281,11,2689,2,36000,1.00409074005
586634,586643,589287,9,2644,2,36000,1.00340393343
586652,586662,589203,10,2541,2,36000,1.00393545848
586671,586680,589394,9,2714,2,36000,1.00331613854
586692,586702,589390,10,2688,2,36000,1.0037202381
586748,586756,589368,8,2612,2,36000,1.00306278714
586763,586770,589391,7,2621,2,36000,1.00267073636
586788,586802,589469,14,2667,2,36000,1.00524934383
586832,586840,589617,8,2777,2,36000,1.00288080663
586847,586853,589504,6,2651,2,36000,1.00226329687
586871,586885,589628,14,2743,2,36000,1.00510390084
586912,586922,589649,10,2727,2,36000,1.00366703337
586937,586945,589569,8,2624,2,36000,1.00304878049
586939,586951,589520,12,2569,2,36000,1.00467107824
586954,586960,589696,6,2736,2,36000,1.00219298246
586972,586983,589846,11,2863,2,36000,1.00384212365
586991,586999,589633,8,2634,2,36000,1.00303720577
587007,587012,589615,5,2603,2,36000,1.00192086055
587008,587018,589699,10,2681,2,36000,1.00372995151
587028,587034,589708,6,2674,2,36000,1.00224382947
587029,587040,589532,11,2492,2,36000,1.0044141252
587059,587067,589736,8,2669,2,36000,1.00299737729
587075,587081,589799,6,2718,2,36000,1.00220750552
587077,587087,589761,10,2674,2,36000,1.00373971578
587078,587092,589817,14,2725,2,36000,1.00513761468
587080,587097,589791,17,2694,2,36000,1.00631031923
587096,587103,589777,7,2674,2,36000,1.00261780105
587097,587108,589805,11,2697,2,36000,1.00407860586
587125,587137,589797,12,2660,2,36000,1.0045112782
587199,587213,589970,14,2757,2,36000,1.00507798332
587266,587277,589914,11,2637,2,36000,1.0041714069
587284,587292,589957,8,2665,2,36000,1.00300187617
588800,588809,591399,9,2590,2,36000,1.00347490347
588886,588896,591559,10,2663,2,36000,1.00375516335
588935,588943,591651,8,2708,2,36000,1.00295420975
589014,589023,591719,9,2696,2,36000,1.00333827893
589103,589114,591892,11,2778,2,36000,1.00395968323
589159,589169,591868,10,2699,2,36000,1.00370507595
589174,589186,591886,12,2700,2,36000,1.00444444444
589189,589195,591921,6,2726,2,36000,1.00220102715
589204,589214,591921,10,2707,2,36000,1.00369412634
589284,589292,591947,8,2655,2,36000,1.00301318267
589299,589305,592059,6,2754,2,36000,1.00217864924
589371,589379,592174,8,2795,2,36000,1.00286225403
589394,589401,591977,7,2576,2,36000,1.0027173913
589396,589407,592088,11,2681,2,36000,1.00410294666
589397,589412,592134,15,2722,2,36000,1.00551065393
589472,589480,592256,8,2776,2,36000,1.00288184438
589505,589516,592187,11,2671,2,36000,1.00411830775
589525,589531,592141,6,2610,2,36000,1.00229885057
589539,589546,591906,7,2360,2,36000,1.00296610169
589571,589580,592302,9,2722,2,36000,1.00330639236
589616,589626,592256,10,2630,2,36000,1.00380228137
589633,589639,592320,6,2681,2,36000,1.00223797091
589634,589645,592290,11,2645,2,36000,1.00415879017
589636,589650,592345,14,2695,2,36000,1.00519480519
589651,589660,592330,9,2670,2,36000,1.00337078652
589698,589707,592425,9,2718,2,36000,1.00331125828
589699,589713,592177,14,2464,2,36000,1.00568181818
589715,589721,592383,6,2662,2,36000,1.0022539444
589737,589747,592417,10,2670,2,36000,1.00374531835
589762,589772,592399,10,2627,2,36000,1.00380662352
589780,589789,592393,9,2604,2,36000,1.0034562212
589796,589801,592567,5,2766,2,36000,1.0018076645
589811,589818,592388,7,2570,2,36000,1.00272373541
589813,589824,592504,11,2680,2,36000,1.00410447761
589814,589829,592532,15,2703,2,36000,1.00554938957
589829,589835,592446,6,2611,2,36000,1.00229797013
589847,589857,592548,10,2691,2,36000,1.00371609067
589915,589925,592558,10,2633,2,36000,1.00379794911
589958,589968,592725,10,2757,2,36000,1.00362713094
589973,589982,592627,9,2645,2,36000,1.0034026465
591403,591411,594093,8,2682,2,36000,1.00298284862
591561,591573,594256,12,2683,2,36000,1.00447260529
591562,591567,591568,5,1,2,3540,1.0
591652,591662,594328,10,2666,2,36000,1.00375093773
591722,591730,594213,8,2483,2,36000,1.00322190898
591871,591879,594531,8,2652,2,36000,1.00301659125
591889,591898,594620,9,2722,2,36000,1.00330639236
591905,591911,594601,6,2690,2,36000,1.00223048327
591921,591927,594598,6,2671,2,36000,1.00224634968
591936,591942,594682,6,2740,2,36000,1.00218978102
591937,591948,594430,11,2482,2,36000,1.00443190975
591953,591958,594638,5,2680,2,36000,1.00186567164
591980,591988,594607,8,2619,2,36000,1.00305460099
592062,592070,594783,8,2713,2,36000,1.0029487652
592089,592099,594775,10,2676,2,36000,1.00373692078
592135,592145,594808,10,2663,2,36000,1.00375516335
592150,592156,594755,6,2599,2,36000,1.00230858022
592175,592185,594707,10,2522,2,36000,1.00396510706
592190,592197,594884,7,2687,2,36000,1.00260513584
592192,592203,594958,11,2755,2,36000,1.00399274047
592257,592267,594944,10,2677,2,36000,1.00373552484
592258,592272,594883,14,2611,2,36000,1.00536193029
592292,592301,594936,9,2635,2,36000,1.00341555977
592308,592314,594976,6,2662,2,36000,1.0022539444
592323,592331,595078,8,2747,2,36000,1.00291226793
592338,592344,594972,6,2628,2,36000,1.00228310502
592353,592359,595090,6,2731,2,36000,1.00219699744
592384,592394,595087,10,2693,2,36000,1.00371333086
592400,592407,595094,7,2687,2,36000,1.00260513584
592402,592413,595111,11,2698,2,36000,1.00407709414
592403,592418,595075,15,2657,2,36000,1.00564546481
592419,592428,595098,9,2670,2,36000,1.00337078652
592434,592440,595107,6,2667,2,36000,1.00224971879
592449,592457,595165,8,2708,2,36000,1.00295420975
592507,592515,595126,8,2611,2,36000,1.00306396017
592534,592543,595318,9,2775,2,36000,1.00324324324
592549,592559,595246,10,2687,2,36000,1.00372162263
592565,592571,595358,6,2787,2,36000,1.00215285253
592580,592586,595260,6,2674,2,36000,1.00224382947
592629,592638,595278,9,2640,2,36000,1.00340909091
592635,592644,625887,9,33243,1,345600,1.00027073369
592726,592736,595392,10,2656,2,36000,1.00376506024
594094,594104,596755,10,2651,2,36000,1.00377216145
594215,594225,596924,10,2699,2,36000,1.00370507595
594258,594267,596758,9,2491,2,36000,1.00361300682
594330,594339,596855,9,2516,2,36000,1.00357710652
594433,594442,597157,9,2715,2,36000,1.00331491713
594533,594542,597209,9,2667,2,36000,1.00337457818
594597,594609,597337,12,2728,2,36000,1.00439882698
594609,594615,637857,6,43242,16,43200,1.00013875399
594612,594621,597307,9,2686,2,36000,1.00335070737
594613,594627,597300,14,2673,2,36000,1.00523756079
594629,594635,597370,6,2735,2,36000,1.00219378428
594644,594650,597271,6,2621,2,36000,1.00228920259
594683,594693,597242,10,2549,2,36000,1.0039231071
594710,594718,597345,8,2627,2,36000,1.00304529882
594756,594766,597552,10,2786,2,36000,1.00358937545
594777,594786,597556,9,2770,2,36000,1.00324909747
594792,594798,597446,6,2648,2,36000,1.00226586103
594810,594819,597524,9,2705,2,36000,1.0033271719
594887,594894,597576,7,2682,2,36000,1.00260999254
594888,594900,597507,12,2607,2,36000,1.00460299194
594937,594947,597622,10,2675,2,36000,1.00373831776
594952,594958,597539,6,2581,2,36000,1.00232468036
594967,594973,597634,6,2661,2,36000,1.00225479143
594982,594989,597558,7,2569,2,36000,1.00272479564
594984,594995,597745,11,2750,2,36000,1.004
595079,595086,597830,7,2744,2,36000,1.00255102041
595080,595092,597756,12,2664,2,36000,1.0045045045
595098,595104,597801,6,2697,2,36000,1.0022246941
595099,595110,597682,11,2572,2,36000,1.00427682737
595100,595115,597871,15,2756,2,36000,1.00544267054
595102,595120,597795,18,2675,2,36000,1.00672897196
595117,595126,597609,9,2483,2,36000,1.0036246476
595119,595131,597749,12,2618,2,36000,1.00458365164
595134,595140,597733,6,2593,2,36000,1.0023139221
595168,595176,597817,8,2641,2,36000,1.00302915562
595244,595257,598004,13,2747,2,36000,1.00473243538
595262,595271,597875,9,2604,2,36000,1.0034562212
595281,595289,597938,8,2649,2,36000,1.00302000755
595320,595329,597931,9,2602,2,36000,1.00345887779
595360,595370,598013,10,2643,2,36000,1.00378357927
595394,595404,598072,10,2668,2,36000,1.00374812594
596757,596766,599505,9,2739,2,36000,1.00328587076
596772,596778,599452,6,2674,2,36000,1.00224382947
596856,596867,599570,11,2703,2,36000,1.00406955235
596926,596935,599623,9,2688,2,36000,1.00334821429
597159,597168,599895,9,2727,2,36000,1.00330033003
597211,597220,599888,9,2668,2,36000,1.00337331334
597245,597253,599913,8,2660,2,36000,1.0030075188
597272,597282,599997,10,2715,2,36000,1.00368324125
597303,597312,600003,9,2691,2,36000,1.00334448161
597317,597323,600049,6,2726,2,36000,1.00220102715
597339,597348,600047,9,2699,2,36000,1.00333456836
597354,597360,599976,6,2616,2,36000,1.00229357798
597372,597381,600065,9,2684,2,36000,1.00335320417
597448,597457,600264,9,2807,2,36000,1.00320627004
597508,597519,600235,11,2716,2,36000,1.00405007364
597527,597535,600092,8,2557,2,36000,1.00312866641
597542,597550,600314,8,2764,2,36000,1.00289435601
597558,597565,599935,7,2370,2,36000,1.0029535865
597560,597571,600243,11,2672,2,36000,1.00411676647
597561,597576,600353,15,2777,2,36000,1.00540151242
597580,597587,600289,7,2702,2,36000,1.00259067358
597610,597620,600319,10,2699,2,36000,1.00370507595
597626,597633,600316,7,2683,2,36000,1.00260901975
597640,597646,600315,6,2669,2,36000,1.00224803297
597683,597694,600413,11,2719,2,36000,1.004045605
597735,597744,600489,9,2745,2,36000,1.00327868852
597750,597756,600416,6,2660,2,36000,1.0022556391
597752,597762,600459,10,2697,2,36000,1.00370782351
597766,597773,600449,7,2676,2,36000,1.00261584454
597797,597806,600488,9,2682,2,36000,1.0033557047
597812,597818,600481,6,2663,2,36000,1.00225309801
597827,597833,600622,6,2789,2,36000,1.00215130871
597842,597848,600596,6,2748,2,36000,1.00218340611
597872,597883,600544,11,2661,2,36000,1.00413378429
597888,597894,600563,6,2669,2,36000,1.00224803297
597933,597942,600683,9,2741,2,36000,1.00328347318
597948,597955,600591,7,2636,2,36000,1.00265553869
598006,598015,600713,9,2698,2,36000,1.0033358043
598021,598027,600787,6,2760,2,36000,1.00217391304
598073,598083,600504,10,2421,2,36000,1.00413052458
599454,599464,601939,10,2475,2,36000,1.00404040404
599508,599516,602189,8,2673,2,36000,1.00299289188
599572,599581,602270,9,2689,2,36000,1.00334696913
599626,599634,602270,8,2636,2,36000,1.00303490137
599886,599899,602517,13,2618,2,36000,1.00496562261
599902,599908,602588,6,2680,2,36000,1.00223880597
599917,599924,602558,7,2634,2,36000,1.00265755505
599938,599946,602587,8,2641,2,36000,1.00302915562
599978,599987,602643,9,2656,2,36000,1.00338855422
599999,600008,602783,9,2775,2,36000,1.00324324324
600014,600021,602719,7,2698,2,36000,1.00259451446
600049,600058,602791,9,2733,2,36000,1.00329308452
600064,600070,602707,6,2637,2,36000,1.00227531286
600066,600076,602709,10,2633,2,36000,1.00379794911
600093,600104,602635,11,2531,2,36000,1.00434610826
600236,600246,602908,10,2662,2,36000,1.003756574
600251,600258,602930,7,2672,2,36000,1.00261976048
600266,600275,602812,9,2537,2,36000,1.00354749704
600291,600301,602841,10,2540,2,36000,1.00393700787
600317,600325,602889,8,2564,2,36000,1.0031201248
600318,600331,603042,13,2711,2,36000,1.0047952785
600320,600336,603049,16,2713,2,36000,1.00589753041
600335,600342,603005,7,2663,2,36000,1.00262861434
600356,600364,603046,8,2682,2,36000,1.00298284862
600414,600424,603089,10,2665,2,36000,1.00375234522
600429,600435,603207,6,2772,2,36000,1.00216450216
600450,600460,603007,10,2547,2,36000,1.00392618767
600465,600471,603172,6,2701,2,36000,1.00222139948
600483,600492,603081,9,2589,2,36000,1.00347624565
600498,600504,603244,6,2740,2,36000,1.00218978102
600500,600510,603141,10,2631,2,36000,1.00380083618
600516,600522,603050,6,2528,2,36000,1.00237341772
600546,600555,604754,9,4199,2,36000,1.00214336747
600561,600574,602990,13,2416,2,36000,1.0053807947
600592,600602,603294,10,2692,2,36000,1.00371471025
600607,600613,603142,6,2529,2,36000,1.00237247924
600626,600633,603353,7,2720,2,36000,1.00257352941
600686,600695,603467,9,2772,2,36000,1.00324675325
600716,600725,604729,9,4004,2,36000,1.00224775225
600789,600798,604826,9,4028,2,36000,1.00223435948
601942,601950,604528,8,2578,2,36000,1.00310318076
602146,602153,602155,7,2,2,3540,1.0
602186,602200,604899,14,2699,2,36000,1.00518710634
602273,602280,604827,7,2547,2,36000,1.00274833137
602274,602346,605072,72,2726,2,36000,1.02641232575
602520,602528,605177,8,2649,2,36000,1.00302000755
602559,602569,606553,10,3984,2,36000,1.00251004016
602590,602598,606596,8,3998,2,36000,1.0020010005
602592,602604,606744,12,4140,2,36000,1.00289855072
602637,602646,605172,9,2526,2,36000,1.00356294537
602652,602658,605410,6,2752,2,36000,1.00218023256
602710,602718,605222,8,2504,2,36000,1.00319488818
602713,602724,606874,11,4150,2,36000,1.00265060241
602728,602734,605427,6,2693,2,36000,1.00222799851
602786,602794,605368,8,2574,2,36000,1.00310800311
602801,602807,605172,6,2365,2,36000,1.00253699789
602816,602823,605794,7,2971,2,36000,1.00235610905
602843,602852,605362,9,2510,2,36000,1.00358565737
602892,602900,605529,8,2629,2,36000,1.00304298212
602910,602920,605467,10,2547,2,36000,1.00392618767
602931,602941,606952,10,4011,2,36000,1.00249314385
602992,603001,607226,9,4225,2,36000,1.00213017751
603008,603016,607166,8,4150,2,36000,1.00192771084
603009,603022,605608,13,2586,2,36000,1.00502706883
603043,603053,605775,10,2722,2,36000,1.00367376929
603058,603065,605558,7,2493,2,36000,1.00280786201
603060,603071,605559,11,2488,2,36000,1.00442122186
603061,603076,605836,15,2760,2,36000,1.00543478261
603082,603092,605580,10,2488,2,36000,1.0040192926
603097,603104,605723,7,2619,2,36000,1.00267277587
603144,603152,605592,8,2440,2,36000,1.00327868852
603145,603158,607254,13,4096,2,36000,1.00317382812
603173,603183,607246,10,4063,2,36000,1.00246123554
603209,603219,605873,10,2654,2,36000,1.00376789751
603246,603255,605946,9,2691,2,36000,1.00334448161
603294,603305,605965,11,2660,2,36000,1.00413533835
603356,603364,606479,8,3115,2,36000,1.0025682183
603468,603479,606131,11,2652,2,36000,1.00414781297
604531,604539,608425,8,3886,2,36000,1.00205867216
604731,604740,608954,9,4214,2,36000,1.00213573802
604755,604765,608861,10,4096,2,36000,1.00244140625
