SubmitTime,StartTime,EndTime,QueuedTime,RunTime,NodesRequested,walltime,bslowdown
19,28,2701,9,2673,2,18000,1.00336700337
92,101,2855,9,2754,2,18000,1.00326797386
289,299,2935,10,2636,2,18000,1.00379362671
344,353,3055,9,2702,2,18000,1.00333086603
395,406,3175,11,2769,2,18000,1.00397255327
523,534,3347,11,2813,2,18000,1.00391041593
645,654,3441,9,2787,2,18000,1.00322927879
663,671,3424,8,2753,2,18000,1.00290592081
687,695,3514,8,2819,2,18000,1.00283788578
705,713,3282,8,2569,2,18000,1.00311405216
811,819,3605,8,2786,2,18000,1.00287150036
826,832,3686,6,2854,2,18000,1.00210231254
847,855,3630,8,2775,2,18000,1.00288288288
875,885,3677,10,2792,2,18000,1.00358166189
905,913,3767,8,2854,2,18000,1.00280308339
956,967,3784,11,2817,2,18000,1.00390486333
1032,1041,3851,9,2810,2,18000,1.00320284698
1034,1046,3848,12,2802,2,18000,1.00428265525
1079,1090,3905,11,2815,2,18000,1.00390763766
1110,1117,3866,7,2749,2,18000,1.0025463805
1125,1131,3933,6,2802,2,18000,1.00214132762
1255,1265,4008,10,2743,2,18000,1.00364564346
1285,1296,4015,11,2719,2,18000,1.004045605
1306,1315,4020,9,2705,2,18000,1.0033271719
1402,1412,4134,10,2722,2,18000,1.00367376929
1416,1423,4194,7,2771,2,18000,1.00252616384
1529,1539,4211,10,2672,2,18000,1.00374251497
1787,1796,4556,9,2760,2,18000,1.00326086957
1848,1858,4659,10,2801,2,18000,1.00357015352
1940,1954,4817,14,2863,2,18000,1.00488997555
1958,1968,4766,10,2798,2,18000,1.00357398142
2037,2046,4860,9,2814,2,18000,1.00319829424
2207,2215,4992,8,2777,2,18000,1.00288080663
2326,2338,5153,12,2815,2,18000,1.00426287744
2399,2409,5151,10,2742,2,18000,1.00364697301
2518,2528,5276,10,2748,2,18000,1.00363901019
2532,2539,5372,7,2833,2,18000,1.00247087893
2551,2559,5345,8,2786,2,18000,1.00287150036
2700,2709,5481,9,2772,2,18000,1.00324675325
2701,2715,5389,14,2674,2,18000,1.00523560209
2765,2774,5534,9,2760,2,18000,1.00326086957
2857,2866,5659,9,2793,2,18000,1.00322234157
2937,2946,5814,9,2868,2,18000,1.00313807531
3058,3067,5900,9,2833,2,18000,1.00317684433
3177,3187,6060,10,2873,2,18000,1.00348068221
3283,3293,6129,10,2836,2,18000,1.00352609309
3350,3359,6023,9,2664,2,18000,1.00337837838
3425,3435,6115,10,2680,2,18000,1.00373134328
3443,3453,6232,10,2779,2,18000,1.0035984167
3517,3525,6353,8,2828,2,18000,1.00282885431
3608,3616,6330,8,2714,2,18000,1.0029476787
3632,3641,6249,9,2608,2,18000,1.00345092025
3680,3688,6506,8,2818,2,18000,1.00283889283
3695,3701,6406,6,2705,2,18000,1.0022181146
3768,3778,6594,10,2816,2,18000,1.00355113636
3786,3795,6576,9,2781,2,18000,1.00323624595
3850,3860,6625,10,2765,2,18000,1.00361663653
3865,3871,6638,6,2767,2,18000,1.00216841344
3880,3886,6651,6,2765,2,18000,1.00216998192
3907,3916,6729,9,2813,2,18000,1.00319943121
3934,3944,6599,10,2655,2,18000,1.00376647834
4010,4019,6736,9,2717,2,18000,1.003312477
4026,4032,6865,6,2833,2,18000,1.00211789622
4028,4038,6901,10,2863,2,18000,1.00349283968
4137,4146,6832,9,2686,2,18000,1.00335070737
4195,4205,6993,10,2788,2,18000,1.00358680057
4213,4222,6818,9,2596,2,18000,1.00346687211
4557,4567,7303,10,2736,2,18000,1.00365497076
4660,4670,7351,10,2681,2,18000,1.00372995151
4769,4777,7584,8,2807,2,18000,1.00285001781
4819,4828,7531,9,2703,2,18000,1.00332963374
4861,4871,7515,10,2644,2,18000,1.00378214826
4996,5003,7701,7,2698,2,18000,1.00259451446
5154,5169,7782,15,2613,2,18000,1.00574052813
5155,5163,7953,8,2790,2,18000,1.00286738351
5277,5287,7922,10,2635,2,18000,1.00379506641
5348,5357,8155,9,2798,2,18000,1.00321658327
5375,5383,8179,8,2796,2,18000,1.00286123033
5390,5400,8127,10,2727,2,18000,1.00366703337
5484,5493,8156,9,2663,2,18000,1.00337964701
5536,5545,8332,9,2787,2,18000,1.00322927879
5661,5671,8417,10,2746,2,18000,1.0036416606
5679,5685,5689,6,4,2,300,1.0
5698,5704,5733,6,29,2,300,1.20689655172
5742,5748,5806,6,58,2,300,1.10344827586
5816,5825,8540,9,2715,2,18000,1.00331491713
5904,5912,8713,8,2801,2,18000,1.00285612281
5940,5946,5965,6,19,2,300,1.31578947368
5975,5981,6002,6,21,2,300,1.28571428571
6010,6016,6052,6,36,2,300,1.16666666667
6025,6034,8826,9,2792,2,18000,1.0032234957
6061,6067,6379,6,312,2,300,1.01923076923
6062,6073,8893,11,2820,2,18000,1.00390070922
6113,6126,8932,13,2806,2,18000,1.00463292944
6131,6140,8745,9,2605,2,18000,1.00345489443
6234,6243,9006,9,2763,2,18000,1.00325732899
6252,6260,9055,8,2795,2,18000,1.00286225403
6331,6341,9076,10,2735,2,18000,1.00365630713
6355,6364,9166,9,2802,2,18000,1.00321199143
6410,6418,9155,8,2737,2,18000,1.00292290829
6507,6517,9173,10,2656,2,18000,1.00376506024
6577,6587,9231,10,2644,2,18000,1.00378214826
6595,6605,9433,10,2828,2,18000,1.00353606789
6610,6616,9389,6,2773,2,18000,1.0021637216
6628,6636,9327,8,2691,2,18000,1.00297287254
6643,6649,9383,6,2734,2,18000,1.00219458669
6658,6664,9463,6,2799,2,18000,1.00214362272
6730,6740,9513,10,2773,2,18000,1.00360620267
6745,6752,9544,7,2792,2,18000,1.00250716332
6821,6829,9369,8,2540,2,18000,1.0031496063
6836,6843,9639,7,2796,2,18000,1.00250357654
6866,6876,9663,10,2787,2,18000,1.00358808755
6902,6912,9576,10,2664,2,18000,1.00375375375
6993,7004,9729,11,2725,2,18000,1.00403669725
7304,7314,9912,10,2598,2,18000,1.0038491147
7353,7363,10055,10,2692,2,18000,1.00371471025
7518,7526,10373,8,2847,2,18000,1.00280997541
7533,7542,10316,9,2774,2,18000,1.0032444124
7585,7595,10401,10,2806,2,18000,1.00356379187
7704,7712,10502,8,2790,2,18000,1.00286738351
7786,7794,10643,8,2849,2,18000,1.00280800281
7923,7933,10736,10,2803,2,18000,1.00356760614
7956,7964,10734,8,2770,2,18000,1.00288808664
8130,8138,10970,8,2832,2,18000,1.00282485876
8157,8166,10875,9,2709,2,18000,1.00332225914
8158,8172,10908,14,2736,2,18000,1.00511695906
8182,8191,10942,9,2751,2,18000,1.00327153762
8334,8343,11141,9,2798,2,18000,1.00321658327
8419,8428,11285,9,2857,2,18000,1.00315015751
8541,8551,11356,10,2805,2,18000,1.00356506239
8716,8725,11424,9,2699,2,18000,1.00333456836
8746,8756,11593,10,2837,2,18000,1.00352485019
8828,8837,11558,9,2721,2,18000,1.0033076075
8895,8905,11670,10,2765,2,18000,1.00361663653
8934,8943,11631,9,2688,2,18000,1.00334821429
9007,9017,11636,10,2619,2,18000,1.00381825124
9056,9066,11783,10,2717,2,18000,1.00368053
9077,9087,11689,10,2602,2,18000,1.00384319754
9156,9166,11967,10,2801,2,18000,1.00357015352
9171,9176,11981,5,2805,2,18000,1.00178253119
9186,9192,11965,6,2773,2,18000,1.0021637216
9235,9243,11881,8,2638,2,18000,1.00303260045
9330,9338,12103,8,2765,2,18000,1.00289330922
9372,9380,12180,8,2800,2,18000,1.00285714286
9387,9394,12099,7,2705,2,18000,1.00258780037
9402,9408,12121,6,2713,2,18000,1.0022115739
9435,9444,12271,9,2827,2,18000,1.00318358684
9466,9474,12296,8,2822,2,18000,1.00283486889
9515,9524,12272,9,2748,2,18000,1.00327510917
9545,9555,12398,10,2843,2,18000,1.00351741119
9578,9587,12444,9,2857,2,18000,1.00315015751
9642,9650,12422,8,2772,2,18000,1.00288600289
9666,9675,12507,9,2832,2,18000,1.0031779661
9730,9741,12540,11,2799,2,18000,1.00392997499
9914,9923,12553,9,2630,2,18000,1.00342205323
10057,10067,12870,10,2803,2,18000,1.00356760614
10320,10328,12985,8,2657,2,18000,1.00301091457
10375,10384,13102,9,2718,2,18000,1.00331125828
10402,10412,13090,10,2678,2,18000,1.00373412995
10506,10514,13344,8,2830,2,18000,1.00282685512
10646,10654,13389,8,2735,2,18000,1.0029250457
10737,10751,13508,14,2757,2,18000,1.00507798332
10738,10745,13437,7,2692,2,18000,1.00260029718
10878,10886,13506,8,2620,2,18000,1.00305343511
10912,10919,13647,7,2728,2,18000,1.0025659824
10945,10953,13812,8,2859,2,18000,1.00279818118
10972,10982,13830,10,2848,2,18000,1.00351123596
11143,11153,13873,10,2720,2,18000,1.00367647059
11286,11296,14086,10,2790,2,18000,1.00358422939
11359,11367,14170,8,2803,2,18000,1.00285408491
11426,11435,14268,9,2833,2,18000,1.00317684433
11560,11570,14357,10,2787,2,18000,1.00358808755
11594,11604,14454,10,2850,2,18000,1.00350877193
11634,11643,14421,9,2778,2,18000,1.00323974082
11649,11655,14432,6,2777,2,18000,1.00216060497
11673,11681,14318,8,2637,2,18000,1.00303375047
11692,11700,14602,8,2902,2,18000,1.0027567195
11786,11794,14606,8,2812,2,18000,1.00284495021
11884,11892,14698,8,2806,2,18000,1.0028510335
11967,11976,14754,9,2778,2,18000,1.00323974082
11986,11992,14866,6,2874,2,18000,1.00208768267
11987,11998,14701,11,2703,2,18000,1.00406955235
12101,12110,14706,9,2596,2,18000,1.00346687211
12119,12125,14967,6,2842,2,18000,1.0021111893
12134,12140,14886,6,2746,2,18000,1.00218499636
12183,12191,14825,8,2634,2,18000,1.00303720577
12275,12282,15114,7,2832,2,18000,1.00247175141
12276,12288,15072,12,2784,2,18000,1.00431034483
12297,12307,15109,10,2802,2,18000,1.00356887937
12400,12409,15233,9,2824,2,18000,1.00318696884
12425,12433,15335,8,2902,2,18000,1.0027567195
12446,12455,15137,9,2682,2,18000,1.0033557047
12510,12519,15315,9,2796,2,18000,1.00321888412
12544,12551,15238,7,2687,2,18000,1.00260513584
12559,12565,15353,6,2788,2,18000,1.00215208034
12871,12881,15639,10,2758,2,18000,1.00362581581
12987,12997,15624,10,2627,2,18000,1.00380662352
13091,13101,15833,10,2732,2,18000,1.00366032211
13106,13114,15898,8,2784,2,18000,1.00287356322
13345,13355,16131,10,2776,2,18000,1.00360230548
13391,13400,16170,9,2770,2,18000,1.00324909747
13439,13448,16328,9,2880,2,18000,1.003125
13517,13524,16309,7,2785,2,18000,1.00251346499
13519,13529,16350,10,2821,2,18000,1.00354484225
13650,13658,16438,8,2780,2,18000,1.00287769784
13814,13823,16554,9,2731,2,18000,1.00329549616
13832,13841,16656,9,2815,2,18000,1.00319715808
13874,13884,16701,10,2817,2,18000,1.00354987575
14090,14097,16964,7,2867,2,18000,1.00244157656
14172,14181,16881,9,2700,2,18000,1.00333333333
14272,14279,16985,7,2706,2,18000,1.00258684405
14320,14329,16884,9,2555,2,18000,1.00352250489
14360,14368,17136,8,2768,2,18000,1.00289017341
14424,14432,17234,8,2802,2,18000,1.0028551035
14439,14445,17228,6,2783,2,18000,1.00215594682
14457,14465,17128,8,2663,2,18000,1.00300413068
14603,14613,17280,10,2667,2,18000,1.00374953131
14618,14624,17385,6,2761,2,18000,1.00217312568
14700,14709,17495,9,2786,2,18000,1.0032304379
14715,14721,17353,6,2632,2,18000,1.00227963526
14716,14727,17515,11,2788,2,18000,1.00394548063
14756,14765,17605,9,2840,2,18000,1.00316901408
14828,14836,17626,8,2790,2,18000,1.00286738351
14867,14877,17608,10,2731,2,18000,1.00366166239
14889,14898,17696,9,2798,2,18000,1.00321658327
14970,14978,17703,8,2725,2,18000,1.00293577982
15074,15083,17774,9,2691,2,18000,1.00334448161
15110,15121,17886,11,2765,2,18000,1.00397830018
15125,15131,17916,6,2785,2,18000,1.00215439856
15140,15148,17957,8,2809,2,18000,1.00284798861
15234,15245,18030,11,2785,2,18000,1.0039497307
15249,15255,17931,6,2676,2,18000,1.00224215247
15316,15326,18145,10,2819,2,18000,1.00354735722
15337,15346,18145,9,2799,2,18000,1.00321543408
15355,15364,18207,9,2843,2,18000,1.00316567007
15625,15635,18489,10,2854,2,18000,1.00350385424
15640,15650,18479,10,2829,2,18000,1.00353481796
15834,15844,18626,10,2782,2,18000,1.0035945363
15901,15909,18691,8,2782,2,18000,1.00287562904
16133,16142,18953,9,2811,2,18000,1.00320170758
16172,16181,18995,9,2814,2,18000,1.00319829424
16309,16320,19035,11,2715,2,18000,1.00405156538
16330,16339,19138,9,2799,2,18000,1.00321543408
16351,16361,19138,10,2777,2,18000,1.00360100828
16440,16449,19279,9,2830,2,18000,1.00318021201
16555,16565,19336,10,2771,2,18000,1.00360880549
16658,16667,19357,9,2690,2,18000,1.00334572491
16703,16712,19525,9,2813,2,18000,1.00319943121
16882,16892,19693,10,2801,2,18000,1.00357015352
16897,16903,19688,6,2785,2,18000,1.00215439856
16967,16975,19671,8,2696,2,18000,1.00296735905
16989,16996,19814,7,2818,2,18000,1.00248403123
17129,17139,19857,10,2718,2,18000,1.00367917586
17144,17150,19949,6,2799,2,18000,1.00214362272
17229,17239,20085,10,2846,2,18000,1.00351370344
17244,17251,20009,7,2758,2,18000,1.00253807107
17281,17291,20116,10,2825,2,18000,1.00353982301
17353,17364,19963,11,2599,2,18000,1.00423239708
17387,17396,20184,9,2788,2,18000,1.00322812052
17496,17506,20246,10,2740,2,18000,1.00364963504
17517,17526,20215,9,2689,2,18000,1.00334696913
17609,17616,20442,7,2826,2,18000,1.00247699929
17610,17622,20361,12,2739,2,18000,1.00438116101
17628,17637,20479,9,2842,2,18000,1.00316678395
17698,17707,20485,9,2778,2,18000,1.00323974082
17713,17719,20439,6,2720,2,18000,1.00220588235
17777,17785,20560,8,2775,2,18000,1.00288288288
17890,17898,20695,8,2797,2,18000,1.00286020737
17917,17928,20682,11,2754,2,18000,1.00399419027
17932,17943,20627,11,2684,2,18000,1.00409836066
17959,17969,20703,10,2734,2,18000,1.00365764448
18032,18041,20721,9,2680,2,18000,1.00335820896
18145,18156,20959,11,2803,2,18000,1.00392436675
18159,18166,20917,7,2751,2,18000,1.00254452926
18208,18218,20974,10,2756,2,18000,1.00362844702
18482,18490,21269,8,2779,2,18000,1.00287873336
18497,18503,21202,6,2699,2,18000,1.00222304557
18627,18638,21473,11,2835,2,18000,1.00388007055
18695,18702,21452,7,2750,2,18000,1.00254545455
18956,18964,21753,8,2789,2,18000,1.00286841162
18995,19006,21828,11,2822,2,18000,1.00389794472
19037,19047,21865,10,2818,2,18000,1.00354861604
19141,19209,21812,68,2603,2,18000,1.02612370342
19142,19214,21864,72,2650,2,18000,1.02716981132
19282,19290,22127,8,2837,2,18000,1.00281988016
19336,19347,22148,11,2801,2,18000,1.00392716887
19361,19369,22135,8,2766,2,18000,1.0028922632
19527,19536,22285,9,2749,2,18000,1.00327391779
19673,19682,22569,9,2887,2,18000,1.00311742293
19691,19699,22468,8,2769,2,18000,1.00288912965
19706,19712,22493,6,2781,2,18000,1.0021574973
19816,19825,22482,9,2657,2,18000,1.00338727889
19858,19868,22744,10,2876,2,18000,1.00347705146
19949,19960,22791,11,2831,2,18000,1.00388555281
19964,19974,22775,10,2801,2,18000,1.00357015352
20010,20020,22742,10,2722,2,18000,1.00367376929
20088,20097,22817,9,2720,2,18000,1.00330882353
20119,20127,22816,8,2689,2,18000,1.00297508367
20185,20195,22909,10,2714,2,18000,1.00368459838
20213,20226,22902,13,2676,2,18000,1.00485799701
20249,20257,23139,8,2882,2,18000,1.0027758501
20361,20372,23034,11,2662,2,18000,1.0041322314
20440,20451,23247,11,2796,2,18000,1.0039341917
20455,20462,23236,7,2774,2,18000,1.00252343187
20480,20490,23316,10,2826,2,18000,1.00353857042
20494,20501,23293,7,2792,2,18000,1.00250716332
20561,20571,23350,10,2779,2,18000,1.0035984167
20628,20638,23308,10,2670,2,18000,1.00374531835
20685,20694,23367,9,2673,2,18000,1.00336700337
20700,20706,23548,6,2842,2,18000,1.0021111893
20715,20721,23365,6,2644,2,18000,1.00226928896
20730,20736,23389,6,2653,2,18000,1.00226159065
20919,20928,23703,9,2775,2,18000,1.00324324324
20961,20970,23840,9,2870,2,18000,1.0031358885
20976,20985,23680,9,2695,2,18000,1.00333951763
21204,21213,24065,9,2852,2,18000,1.00315568022
21271,21281,24135,10,2854,2,18000,1.00350385424
21454,21463,24148,9,2685,2,18000,1.00335195531
21475,21484,24180,9,2696,2,18000,1.00333827893
21755,21764,24553,9,2789,2,18000,1.00322696307
21812,21823,24675,11,2852,2,18000,1.0038569425
21831,21839,24569,8,2730,2,18000,1.00293040293
21867,21875,24667,8,2792,2,18000,1.00286532951
21868,21881,24647,13,2766,2,18000,1.00469992769
22130,22138,24809,8,2671,2,18000,1.00299513291
22145,22151,24939,6,2788,2,18000,1.00215208034
22160,22166,24909,6,2743,2,18000,1.00218738607
22287,22296,25083,9,2787,2,18000,1.00322927879
22470,22480,25342,10,2862,2,18000,1.0034940601
22485,22493,25342,8,2849,2,18000,1.00280800281
22500,22506,25299,6,2793,2,18000,1.00214822771
22569,22580,25168,11,2588,2,18000,1.0042503864
22746,22753,25559,7,2806,2,18000,1.00249465431
22747,22759,25493,12,2734,2,18000,1.00438917337
22777,22786,25475,9,2689,2,18000,1.00334696913
22792,22802,25596,10,2794,2,18000,1.00357909807
22819,22833,25613,14,2780,2,18000,1.00503597122
22821,22827,25645,6,2818,2,18000,1.00212916962
22905,22913,25696,8,2783,2,18000,1.00287459576
22920,22926,25672,6,2746,2,18000,1.00218499636
23036,23045,25739,9,2694,2,18000,1.00334075724
23142,23150,25866,8,2716,2,18000,1.0029455081
23239,23247,26068,8,2821,2,18000,1.0028358738
23254,23260,26087,6,2827,2,18000,1.00212239123
23296,23304,26139,8,2835,2,18000,1.00282186949
23311,23319,26022,8,2703,2,18000,1.00295967444
23326,23332,26175,6,2843,2,18000,1.00211044671
23354,23362,26181,8,2819,2,18000,1.00283788578
23369,23376,26210,7,2834,2,18000,1.00247000706
23370,23382,26228,12,2846,2,18000,1.00421644413
23391,23400,26241,9,2841,2,18000,1.00316789863
23547,23559,26427,12,2868,2,18000,1.00418410042
23683,23692,26453,9,2761,2,18000,1.00325968852
23704,23714,26508,10,2794,2,18000,1.00357909807
23841,23851,26566,10,2715,2,18000,1.00368324125
24066,24076,26835,10,2759,2,18000,1.00362450163
24135,24146,26899,11,2753,2,18000,1.00399564112
24150,24159,26894,9,2735,2,18000,1.00329067642
24183,24192,27017,9,2825,2,18000,1.00318584071
24555,24564,27249,9,2685,2,18000,1.00335195531
24570,24580,27317,10,2737,2,18000,1.00365363537
24649,24658,27444,9,2786,2,18000,1.0032304379
24670,24678,27471,8,2793,2,18000,1.00286430362
24684,24691,27456,7,2765,2,18000,1.00253164557
24812,24820,27611,8,2791,2,18000,1.00286635614
24912,24920,27666,8,2746,2,18000,1.00291332848
24942,24950,27781,8,2831,2,18000,1.00282585659
25085,25094,27764,9,2670,2,18000,1.00337078652
25169,25179,27918,10,2739,2,18000,1.00365096751
25300,25310,28076,10,2766,2,18000,1.00361532899
25345,25352,28160,7,2808,2,18000,1.00249287749
25346,25358,28127,12,2769,2,18000,1.00433369447
25477,25486,28307,9,2821,2,18000,1.00319035803
25495,25504,28310,9,2806,2,18000,1.00320741269
25562,25570,28347,8,2777,2,18000,1.00288080663
25598,25607,28156,9,2549,2,18000,1.00353079639
25615,25624,28415,9,2791,2,18000,1.00322465066
25646,25656,28413,10,2757,2,18000,1.00362713094
25673,25683,28467,10,2784,2,18000,1.00359195402
25697,25707,28476,10,2769,2,18000,1.00361141206
25742,25751,28538,9,2787,2,18000,1.00322927879
25867,25877,28753,10,2876,2,18000,1.00347705146
26025,26033,28827,8,2794,2,18000,1.00286327845
26070,26079,28752,9,2673,2,18000,1.00336700337
26089,26099,28932,10,2833,2,18000,1.00352982704
26140,26150,28832,10,2682,2,18000,1.00372856078
26176,26186,29048,10,2862,2,18000,1.0034940601
26191,26197,28926,6,2729,2,18000,1.00219860755
26212,26222,28978,10,2756,2,18000,1.00362844702
26230,26239,29128,9,2889,2,18000,1.0031152648
26245,26252,28940,7,2688,2,18000,1.00260416667
26430,26439,29230,9,2791,2,18000,1.00322465066
26454,26464,29264,10,2800,2,18000,1.00357142857
26509,26519,29391,10,2872,2,18000,1.00348189415
26569,26577,29358,8,2781,2,18000,1.00287666307
26836,26846,29660,10,2814,2,18000,1.00355366027
26897,26905,29757,8,2852,2,18000,1.00280504909
26912,26918,29602,6,2684,2,18000,1.00223546945
27019,27028,29792,9,2764,2,18000,1.00325615051
27250,27260,30046,10,2786,2,18000,1.00358937545
27320,27328,30178,8,2850,2,18000,1.00280701754
27445,27455,30282,10,2827,2,18000,1.00353731871
27460,27467,30316,7,2849,2,18000,1.00245700246
27474,27481,30176,7,2695,2,18000,1.0025974026
27611,27622,30417,11,2795,2,18000,1.00393559928
27668,27677,30544,9,2867,2,18000,1.00313916986
27766,27775,30481,9,2706,2,18000,1.00332594235
27784,27792,30642,8,2850,2,18000,1.00280701754
27919,27929,30679,10,2750,2,18000,1.00363636364
28079,28088,30805,9,2717,2,18000,1.003312477
28128,28138,30981,10,2843,2,18000,1.00351741119
28158,28167,30943,9,2776,2,18000,1.00324207493
28173,28180,30858,7,2678,2,18000,1.00261389096
28310,28318,31040,8,2722,2,18000,1.00293901543
28325,28331,31028,6,2697,2,18000,1.0022246941
28349,28359,31223,10,2864,2,18000,1.00349162011
28415,28424,31305,9,2881,2,18000,1.00312391531
28417,28430,31190,13,2760,2,18000,1.00471014493
28468,28478,31297,10,2819,2,18000,1.00354735722
28483,28489,31271,6,2782,2,18000,1.00215672178
28541,28549,31363,8,2814,2,18000,1.00284292822
28754,28764,31575,10,2811,2,18000,1.00355745286
28755,28769,31524,14,2755,2,18000,1.00508166969
28828,28838,31514,10,2676,2,18000,1.00373692078
28830,28844,31561,14,2717,2,18000,1.00515274199
28928,28937,31553,9,2616,2,18000,1.00344036697
28943,28949,31620,6,2671,2,18000,1.00224634968
28944,28955,31722,11,2767,2,18000,1.00397542465
28981,28989,31561,8,2572,2,18000,1.00311041991
29050,29059,31810,9,2751,2,18000,1.00327153762
29130,29139,31966,9,2827,2,18000,1.00318358684
29233,29241,32063,8,2822,2,18000,1.00283486889
29266,29275,32136,9,2861,2,18000,1.00314575323
29360,29369,32179,9,2810,2,18000,1.00320284698
29393,29402,32167,9,2765,2,18000,1.00325497288
29604,29613,32483,9,2870,2,18000,1.0031358885
29662,29671,32544,9,2873,2,18000,1.00313261399
29759,29768,32578,9,2810,2,18000,1.00320284698
29795,29804,32550,9,2746,2,18000,1.00327749454
30049,30058,32839,9,2781,2,18000,1.00323624595
30177,30187,33014,10,2827,2,18000,1.00353731871
30192,30199,32920,7,2721,2,18000,1.00257258361
30284,30293,33091,9,2798,2,18000,1.00321658327
30317,30327,33050,10,2723,2,18000,1.00367242012
30418,30429,33122,11,2693,2,18000,1.00408466394
30482,30492,33227,10,2735,2,18000,1.00365630713
30546,30555,33344,9,2789,2,18000,1.00322696307
30644,30653,33479,9,2826,2,18000,1.00318471338
30680,30690,33392,10,2702,2,18000,1.00370096225
30798,30804,35033,6,4229,4,129600,1.00141877512
30802,30810,58191,8,27381,4,129600,1.0002921734
30807,30816,33608,9,2792,2,18000,1.0032234957
30862,30870,33556,8,2686,2,18000,1.00297840655
30945,30954,33714,9,2760,2,18000,1.00326086957
30982,30992,33852,10,2860,2,18000,1.0034965035
31030,31039,33864,9,2825,2,18000,1.00318584071
31045,31051,33728,6,2677,2,18000,1.0022413149
31191,31201,33936,10,2735,2,18000,1.00365630713
31225,31234,34018,9,2784,2,18000,1.00323275862
31273,31283,34064,10,2781,2,18000,1.00359582884
31298,31308,34044,10,2736,2,18000,1.00365497076
31313,31319,34172,6,2853,2,18000,1.00210304942
31365,31375,33992,10,2617,2,18000,1.00382116928
31517,31525,34342,8,2817,2,18000,1.0028399006
31532,31538,34351,6,2813,2,18000,1.00213295414
31556,31565,34282,9,2717,2,18000,1.003312477
31571,31577,34349,6,2772,2,18000,1.00216450216
31572,31583,34322,11,2739,2,18000,1.00401606426
31587,31594,34264,7,2670,2,18000,1.00262172285
31621,31631,34358,10,2727,2,18000,1.00366703337
31724,31733,34522,9,2789,2,18000,1.00322696307
31813,31822,34503,9,2681,2,18000,1.00335695636
31968,31977,34630,9,2653,2,18000,1.00339238598
32066,32074,34728,8,2654,2,18000,1.00301431801
32139,32147,34983,8,2836,2,18000,1.00282087447
32169,32178,34919,9,2741,2,18000,1.00328347318
32184,32190,35001,6,2811,2,18000,1.00213447172
32487,32494,35326,7,2832,2,18000,1.00247175141
32541,32555,35271,14,2716,2,18000,1.00515463918
32556,32563,35394,7,2831,2,18000,1.00247262451
32575,32581,608584,6,576003,2,576000,1.00001041661
32580,32589,35384,9,2795,2,18000,1.00322003578
32698,32704,637507,6,604803,2,604800,1.00000992059
32841,32851,35600,10,2749,2,18000,1.00363768643
32921,32931,35645,10,2714,2,18000,1.00368459838
33015,33026,35791,11,2765,2,18000,1.00397830018
33052,33062,35835,10,2773,2,18000,1.00360620267
33092,33102,35885,10,2783,2,18000,1.0035932447
33123,33133,35926,10,2793,2,18000,1.00358037952
33229,33238,36055,9,2817,2,18000,1.00319488818
33346,33355,36132,9,2777,2,18000,1.00324090745
33395,33403,36093,8,2690,2,18000,1.0029739777
33480,33490,36255,10,2765,2,18000,1.00361663653
33557,33567,36410,10,2843,2,18000,1.00351741119
33610,33619,36403,9,2784,2,18000,1.00323275862
33717,33725,36498,8,2773,2,18000,1.00288496213
33732,33739,36576,7,2837,2,18000,1.00246739514
33854,33863,36684,9,2821,2,18000,1.00319035803
33870,33875,36559,5,2684,2,18000,1.00186289121
33938,33948,36646,10,2698,2,18000,1.00370644922
33995,34003,36774,8,2771,2,18000,1.00288704439
34019,34029,36941,10,2912,2,18000,1.00343406593
34046,34055,36904,9,2849,2,18000,1.00315900316
34064,34075,36804,11,2729,2,18000,1.00403078051
34173,34184,36818,11,2634,2,18000,1.00417615793
34265,34275,36912,10,2637,2,18000,1.00379218809
34283,34293,37001,10,2708,2,18000,1.00369276219
34324,34333,37005,9,2672,2,18000,1.00336826347
34342,34353,37157,11,2804,2,18000,1.00392296719
34357,34364,37136,7,2772,2,18000,1.00252525253
34359,34370,37169,11,2799,2,18000,1.00392997499
34374,34380,37127,6,2747,2,18000,1.00218420095
34502,34514,37169,12,2655,2,18000,1.00451977401
34524,34534,37147,10,2613,2,18000,1.00382701875
34633,34641,37442,8,2801,2,18000,1.00285612281
34731,34739,37515,8,2776,2,18000,1.00288184438
34920,34930,37715,10,2785,2,18000,1.00359066427
34984,34994,37593,10,2599,2,18000,1.00384763371
35003,35012,37745,9,2733,2,18000,1.00329308452
35273,35282,38087,9,2805,2,18000,1.00320855615
35328,35337,38034,9,2697,2,18000,1.00333704116
35385,35396,38053,11,2657,2,18000,1.00414000753
35400,35406,38058,6,2652,2,18000,1.00226244344
35601,35611,38348,10,2737,2,18000,1.00365363537
35647,35656,38158,9,2502,2,18000,1.0035971223
35793,35802,38506,9,2704,2,18000,1.00332840237
35838,35846,38533,8,2687,2,18000,1.0029772981
35842,35852,293892,10,258040,8,259140,1.00003875368
35888,35896,38650,8,2754,2,18000,1.00290486565
35927,35937,38761,10,2824,2,18000,1.00354107649
36058,36067,38823,9,2756,2,18000,1.00326560232
36094,36104,38950,10,2846,2,18000,1.00351370344
36134,36143,38736,9,2593,2,18000,1.00347088315
36256,36267,39097,11,2830,2,18000,1.0038869258
36405,36414,39166,9,2752,2,18000,1.00327034884
36420,36426,39203,6,2777,2,18000,1.00216060497
36499,36509,39268,10,2759,2,18000,1.00362450163
36563,36570,39384,7,2814,2,18000,1.00248756219
36578,36588,39385,10,2797,2,18000,1.00357525921
36642,36657,39350,15,2693,2,18000,1.00556999629
36687,36695,39486,8,2791,2,18000,1.00286635614
36776,36785,39647,9,2862,2,18000,1.00314465409
36806,36816,39647,10,2831,2,18000,1.00353232073
36821,36830,39541,9,2711,2,18000,1.00331980819
36906,36915,39788,9,2873,2,18000,1.00313261399
36921,36928,39585,7,2657,2,18000,1.00263455024
36942,36952,39681,10,2729,2,18000,1.00366434591
37003,37013,39750,10,2737,2,18000,1.00365363537
37018,37024,39795,6,2771,2,18000,1.00216528329
37130,37138,39879,8,2741,2,18000,1.00291864283
37145,37151,39950,6,2799,2,18000,1.00214362272
37161,37167,39997,6,2830,2,18000,1.00212014134
37162,37173,40020,11,2847,2,18000,1.00386371619
37177,37183,39971,6,2788,2,18000,1.00215208034
37178,37189,39894,11,2705,2,18000,1.00406654344
37444,37453,40206,9,2753,2,18000,1.00326916092
37517,37526,40349,9,2823,2,18000,1.00318809777
37596,37604,40394,8,2790,2,18000,1.00286738351
37717,37726,40542,9,2816,2,18000,1.00319602273
37747,37756,40488,9,2732,2,18000,1.0032942899
38037,38045,40794,8,2749,2,18000,1.00291014915
38055,38064,40819,9,2755,2,18000,1.00326678766
38070,38076,40891,6,2815,2,18000,1.00213143872
38088,38098,40837,10,2739,2,18000,1.00365096751
38160,38170,40798,10,2628,2,18000,1.00380517504
38349,38359,41152,10,2793,2,18000,1.00358037952
38508,38517,41351,9,2834,2,18000,1.00317572336
38535,38545,41369,10,2824,2,18000,1.00354107649
38651,38661,41446,10,2785,2,18000,1.00359066427
38739,38747,41597,8,2850,2,18000,1.00280701754
38763,38772,41437,9,2665,2,18000,1.00337711069
38826,38835,41609,9,2774,2,18000,1.0032444124
38921,38928,39821,7,893,1,3660,1.0078387458
38951,38961,41759,10,2798,2,18000,1.00357398142
39100,39109,41728,9,2619,2,18000,1.00343642612
39167,39177,41916,10,2739,2,18000,1.00365096751
39207,39215,41884,8,2669,2,18000,1.00299737729
39270,39279,41950,9,2671,2,18000,1.00336952452
39352,39362,42175,10,2813,2,18000,1.00355492357
39386,39396,42190,10,2794,2,18000,1.00357909807
39387,39401,42260,14,2859,2,18000,1.00489681707
39487,39497,42303,10,2806,2,18000,1.00356379187
39542,39552,42238,10,2686,2,18000,1.00372300819
39587,39596,42446,9,2850,2,18000,1.00315789474
39648,39658,42450,10,2792,2,18000,1.00358166189
39649,39663,42442,14,2779,2,18000,1.00503778338
39683,39692,42507,9,2815,2,18000,1.00319715808
39753,39761,42555,8,2794,2,18000,1.00286327845
39789,39799,42595,10,2796,2,18000,1.00357653791
39804,39810,42539,6,2729,2,18000,1.00219860755
39840,39846,39963,6,117,1,3660,1.05128205128
39880,39890,42528,10,2638,2,18000,1.00379075057
39895,39905,42705,10,2800,2,18000,1.00357142857
39952,39961,42648,9,2687,2,18000,1.00334946036
39973,39982,42778,9,2796,2,18000,1.00321888412
40001,40009,42734,8,2725,2,18000,1.00293577982
40022,40031,42891,9,2860,2,18000,1.00314685315
40207,40217,43048,10,2831,2,18000,1.00353232073
40352,40361,43160,9,2799,2,18000,1.00321543408
40395,40405,43201,10,2796,2,18000,1.00357653791
40431,40437,40558,6,121,1,3660,1.04958677686
40489,40499,43325,10,2826,2,18000,1.00353857042
40544,40553,43251,9,2698,2,18000,1.0033358043
40697,40704,41066,7,362,5,540000,1.01933701657
40791,40797,40917,6,120,1,3660,1.05
40797,40805,43460,8,2655,2,18000,1.00301318267
40812,40818,43518,6,2700,2,18000,1.00222222222
40826,40833,43650,7,2817,2,18000,1.00248491303
40841,40848,43653,7,2805,2,18000,1.00249554367
40893,40902,43658,9,2756,2,18000,1.00326560232
41001,41007,41124,6,117,1,3660,1.05128205128
41101,41107,42176,6,1069,5,540000,1.00561272217
41155,41164,43917,9,2753,2,18000,1.00326916092
41352,41362,44179,10,2817,2,18000,1.00354987575
41370,41380,44111,10,2731,2,18000,1.00366166239
41440,41448,44133,8,2685,2,18000,1.00297951583
41455,41461,44334,6,2873,2,18000,1.00208840933
41598,41608,44431,10,2823,2,18000,1.00354233085
41613,41621,44448,8,2827,2,18000,1.00282985497
41729,41739,44542,10,2803,2,18000,1.00356760614
41762,41770,44544,8,2774,2,18000,1.00288392213
41886,41896,44661,10,2765,2,18000,1.00361663653
41917,41927,44775,10,2848,2,18000,1.00351123596
41953,41961,44766,8,2805,2,18000,1.00285204991
42176,42187,44806,11,2619,2,18000,1.00420007637
42194,42202,44975,8,2773,2,18000,1.00288496213
42211,42218,43089,7,871,16,36000,1.00803673938
42215,42224,487221,9,444997,10,540000,1.00002022486
42239,42249,44938,10,2689,2,18000,1.00371885459
42261,42271,44922,10,2651,2,18000,1.00377216145
42306,42314,45123,8,2809,2,18000,1.00284798861
42443,42453,45164,10,2711,2,18000,1.00368867577
42458,42464,45154,6,2690,2,18000,1.00223048327
42459,42470,45270,11,2800,2,18000,1.00392857143
42511,42519,45311,8,2792,2,18000,1.00286532951
42532,42540,45386,8,2846,2,18000,1.00281096275
42547,42553,45215,6,2662,2,18000,1.0022539444
42562,42568,45345,6,2777,2,18000,1.00216060497
42599,42606,45288,7,2682,2,18000,1.00260999254
42650,42659,45343,9,2684,2,18000,1.00335320417
42708,42717,45496,9,2779,2,18000,1.00323857503
42735,42745,45625,10,2880,2,18000,1.00347222222
42780,42790,45426,10,2636,2,18000,1.00379362671
42895,42902,45666,7,2764,2,18000,1.00253256151
43050,43059,45778,9,2719,2,18000,1.00331004046
43162,43171,45880,9,2709,2,18000,1.00332225914
43205,43213,45988,8,2775,2,18000,1.00288288288
43254,43262,46025,8,2763,2,18000,1.00289540355
43326,43337,46004,11,2667,2,18000,1.00412448444
43463,43471,46213,8,2742,2,18000,1.00291757841
43521,43529,46197,8,2668,2,18000,1.00299850075
43652,43662,46450,10,2788,2,18000,1.00358680057
43667,43673,46466,6,2793,2,18000,1.00214822771
43669,43679,46493,10,2814,2,18000,1.00355366027
43918,43928,46586,10,2658,2,18000,1.00376222724
44113,44122,46884,9,2762,2,18000,1.00325850833
44134,44144,46973,10,2829,2,18000,1.00353481796
44180,44190,46746,10,2556,2,18000,1.00391236307
44338,44346,47077,8,2731,2,18000,1.00292932992
44432,44442,47124,10,2682,2,18000,1.00372856078
44450,44459,47336,9,2877,2,18000,1.0031282586
44544,44554,47324,10,2770,2,18000,1.0036101083
44546,44560,47352,14,2792,2,18000,1.00501432665
44662,44672,47244,10,2572,2,18000,1.00388802488
44769,44777,47539,8,2762,2,18000,1.00289645185
44784,44790,47484,6,2694,2,18000,1.00222717149
44808,44817,47579,9,2762,2,18000,1.00325850833
44924,44934,47608,10,2674,2,18000,1.00373971578
44940,44949,47759,9,2810,2,18000,1.00320284698
44976,44986,47807,10,2821,2,18000,1.00354484225
45125,45134,47832,9,2698,2,18000,1.0033358043
45155,45165,47949,10,2784,2,18000,1.00359195402
45170,45176,47999,6,2823,2,18000,1.00212539851
45212,45226,48015,14,2789,2,18000,1.00501972033
45273,45281,48103,8,2822,2,18000,1.00283486889
45288,45300,48139,12,2839,2,18000,1.00422684044
45312,45322,48131,10,2809,2,18000,1.00355998576
45345,45354,48102,9,2748,2,18000,1.00327510917
45347,45360,48250,13,2890,2,18000,1.0044982699
45390,45397,48201,7,2804,2,18000,1.00249643367
45429,45437,48218,8,2781,2,18000,1.00287666307
45499,45507,48248,8,2741,2,18000,1.00291864283
45627,45636,48417,9,2781,2,18000,1.00323624595
45669,45677,48319,8,2642,2,18000,1.00302800908
45781,45789,48566,8,2777,2,18000,1.00288080663
45882,45891,48731,9,2840,2,18000,1.00316901408
45989,45999,48805,10,2806,2,18000,1.00356379187
46007,46015,48736,8,2721,2,18000,1.00294009555
46025,46036,48750,11,2714,2,18000,1.00405305822
46198,46209,49012,11,2803,2,18000,1.00392436675
46216,46224,48994,8,2770,2,18000,1.00288808664
46450,46461,49312,11,2851,2,18000,1.00385829533
46468,46477,49300,9,2823,2,18000,1.00318809777
46496,46504,49172,8,2668,2,18000,1.00299850075
46587,46597,49377,10,2780,2,18000,1.0035971223
46749,46757,49612,8,2855,2,18000,1.00280210158
46885,46895,49569,10,2674,2,18000,1.00373971578
46976,46984,49780,8,2796,2,18000,1.00286123033
47080,47088,49931,8,2843,2,18000,1.00281392895
47125,47136,49904,11,2768,2,18000,1.00397398844
47248,47255,50026,7,2771,2,18000,1.00252616384
47326,47335,50134,9,2799,2,18000,1.00321543408
47341,47347,50118,6,2771,2,18000,1.00216528329
47356,47363,50154,7,2791,2,18000,1.00250806163
47487,47495,50133,8,2638,2,18000,1.00303260045
47541,47551,50337,10,2786,2,18000,1.00358937545
47581,47590,50244,9,2654,2,18000,1.00339110776
47611,47619,50329,8,2710,2,18000,1.00295202952
47761,47770,50590,9,2820,2,18000,1.00319148936
47809,47818,50647,9,2829,2,18000,1.00318133616
47833,47843,50623,10,2780,2,18000,1.0035971223
47951,47960,50645,9,2685,2,18000,1.00335195531
48000,48010,50712,10,2702,2,18000,1.00370096225
48018,48026,50837,8,2811,2,18000,1.00284596229
48103,48113,50892,10,2779,2,18000,1.0035984167
48118,48124,50847,6,2723,2,18000,1.00220345207
48133,48142,50959,9,2817,2,18000,1.00319488818
48148,48154,51026,6,2872,2,18000,1.00208913649
48202,48212,50975,10,2763,2,18000,1.00361925443
48220,48229,51021,9,2792,2,18000,1.0032234957
48250,48259,51099,9,2840,2,18000,1.00316901408
48265,48272,50997,7,2725,2,18000,1.00256880734
48320,48331,51046,11,2715,2,18000,1.00405156538
48418,48428,51240,10,2812,2,18000,1.00355618777
48569,48577,51371,8,2794,2,18000,1.00286327845
48733,48742,51486,9,2744,2,18000,1.00327988338
48748,48754,51529,6,2775,2,18000,1.00216216216
48763,48769,51546,6,2777,2,18000,1.00216060497
48772,48778,63107,6,14329,2,14400,1.00041873124
48809,48816,51704,7,2888,2,18000,1.00242382271
48997,49006,51828,9,2822,2,18000,1.0031892275
49015,49023,51743,8,2720,2,18000,1.00294117647
49176,49184,51956,8,2772,2,18000,1.00288600289
49304,49312,52125,8,2813,2,18000,1.00284393886
49318,49325,52176,7,2851,2,18000,1.00245527885
49379,49388,52179,9,2791,2,18000,1.00322465066
49570,49580,52406,10,2826,2,18000,1.00353857042
49613,49623,52419,10,2796,2,18000,1.00357653791
49780,49791,52588,11,2797,2,18000,1.00393278513
49905,49915,52717,10,2802,2,18000,1.00356887937
49932,49942,52780,10,2838,2,18000,1.00352360817
50029,50037,52827,8,2790,2,18000,1.00286738351
50120,50129,52925,9,2796,2,18000,1.00321888412
50135,50144,52987,9,2843,2,18000,1.00316567007
50137,50150,52962,13,2812,2,18000,1.0046230441
50158,50166,52880,8,2714,2,18000,1.0029476787
50246,50255,53100,9,2845,2,18000,1.00316344464
50331,50341,53084,10,2743,2,18000,1.00364564346
50346,50352,53152,6,2800,2,18000,1.00214285714
50592,50601,53453,9,2852,2,18000,1.00315568022
50625,50634,53388,9,2754,2,18000,1.00326797386
50646,50657,53378,11,2721,2,18000,1.00404263139
50661,50668,53533,7,2865,2,18000,1.00244328098
50713,50723,53466,10,2743,2,18000,1.00364564346
50840,50848,53656,8,2808,2,18000,1.00284900285
50856,50862,53621,6,2759,2,18000,1.00217470098
50895,50903,53697,8,2794,2,18000,1.00286327845
50961,50971,53779,10,2808,2,18000,1.00356125356
50976,50986,53842,10,2856,2,18000,1.00350140056
50998,51008,53778,10,2770,2,18000,1.0036101083
51022,51032,53617,10,2585,2,18000,1.00386847195
51037,51043,53827,6,2784,2,18000,1.00215517241
51052,51058,53844,6,2786,2,18000,1.00215362527
51100,51111,53856,11,2745,2,18000,1.00400728597
51240,51251,54095,11,2844,2,18000,1.00386779184
51374,51383,53922,9,2539,2,18000,1.00354470264
51487,51497,54129,10,2632,2,18000,1.0037993921
51533,51540,54243,7,2703,2,18000,1.00258971513
51547,51557,54363,10,2806,2,18000,1.00356379187
51706,51715,54577,9,2862,2,18000,1.00314465409
51745,51754,54369,9,2615,2,18000,1.0034416826
51831,51839,54621,8,2782,2,18000,1.00287562904
51958,51967,54681,9,2714,2,18000,1.00331613854
52126,52137,54902,11,2765,2,18000,1.00397830018
52177,52188,54912,11,2724,2,18000,1.00403817915
52192,52198,54934,6,2736,2,18000,1.00219298246
52408,52417,55207,9,2790,2,18000,1.00322580645
52423,52430,55248,7,2818,2,18000,1.00248403123
52590,52599,55332,9,2733,2,18000,1.00329308452
52718,52728,55566,10,2838,2,18000,1.00352360817
52782,52791,55521,9,2730,2,18000,1.0032967033
52831,52838,55592,7,2754,2,18000,1.00254175744
52882,52891,55569,9,2678,2,18000,1.00336071695
52928,52936,55618,8,2682,2,18000,1.00298284862
52964,52974,55787,10,2813,2,18000,1.00355492357
52988,52999,55790,11,2791,2,18000,1.0039412397
53085,53096,55907,11,2811,2,18000,1.00391319815
53100,53111,55782,11,2671,2,18000,1.00411830775
53155,53163,55928,8,2765,2,18000,1.00289330922
53380,53389,56170,9,2781,2,18000,1.00323624595
53395,53401,56234,6,2833,2,18000,1.00211789622
53456,53464,56180,8,2716,2,18000,1.0029455081
53470,53476,56156,6,2680,2,18000,1.00223880597
53535,53544,56379,9,2835,2,18000,1.00317460317
53620,53628,56420,8,2792,2,18000,1.00286532951
53636,53642,56443,6,2801,2,18000,1.00214209211
53657,53668,56520,11,2852,2,18000,1.0038569425
53700,53708,56479,8,2771,2,18000,1.00288704439
53780,53789,56556,9,2767,2,18000,1.00325262017
53781,53795,56587,14,2792,2,18000,1.00501432665
53830,53838,56677,8,2839,2,18000,1.00281789362
53846,53855,56576,9,2721,2,18000,1.0033076075
53847,53860,56618,13,2758,2,18000,1.00471356055
53862,53868,56704,6,2836,2,18000,1.00211565585
53923,53933,56619,10,2686,2,18000,1.00372300819
54098,54106,56810,8,2704,2,18000,1.00295857988
54132,54140,56887,8,2747,2,18000,1.00291226793
54245,54254,57098,9,2844,2,18000,1.00316455696
54364,54374,57177,10,2803,2,18000,1.00356760614
54379,54385,57045,6,2660,2,18000,1.0022556391
54580,54588,57236,8,2648,2,18000,1.00302114804
54624,54632,57344,8,2712,2,18000,1.00294985251
54682,54692,57531,10,2839,2,18000,1.00352236703
54903,54913,57620,10,2707,2,18000,1.00369412634
54918,54925,57840,7,2915,2,18000,1.00240137221
54941,54947,57653,6,2706,2,18000,1.0022172949
55210,55219,57855,9,2636,2,18000,1.00341426404
55250,55259,58045,9,2786,2,18000,1.0032304379
55335,55343,58093,8,2750,2,18000,1.00290909091
55524,55533,58264,9,2731,2,18000,1.00329549616
55566,55577,58440,11,2863,2,18000,1.00384212365
55581,55587,58247,6,2660,2,18000,1.0022556391
55596,55603,58270,7,2667,2,18000,1.00262467192
55617,55630,58450,13,2820,2,18000,1.00460992908
55783,55793,58608,10,2815,2,18000,1.00355239787
55798,55804,58503,6,2699,2,18000,1.00222304557
55799,55810,58479,11,2669,2,18000,1.00412139378
55908,55918,58811,10,2893,2,18000,1.00345661943
55929,55939,58787,10,2848,2,18000,1.00351123596
56127,56133,60761,6,4628,16,36000,1.00129645635
56160,56167,58801,7,2634,2,18000,1.00265755505
56174,56181,59014,7,2833,2,18000,1.00247087893
56189,56196,59029,7,2833,2,18000,1.00247087893
56235,56245,58945,10,2700,2,18000,1.0037037037
56381,56390,59106,9,2716,2,18000,1.00331369661
56421,56431,59223,10,2792,2,18000,1.00358166189
56446,56455,59294,9,2839,2,18000,1.00317013033
56482,56490,59326,8,2836,2,18000,1.00282087447
56522,56531,59359,9,2828,2,18000,1.0031824611
56558,56567,59327,9,2760,2,18000,1.00326086957
56579,56587,59271,8,2684,2,18000,1.00298062593
56594,56600,59324,6,2724,2,18000,1.00220264317
56621,56629,59495,8,2866,2,18000,1.00279134682
56622,56635,59419,13,2784,2,18000,1.00466954023
56680,56689,59454,9,2765,2,18000,1.00325497288
56707,56716,59549,9,2833,2,18000,1.00317684433
56810,56821,59497,11,2676,2,18000,1.00411061286
56889,56898,59699,9,2801,2,18000,1.00321313816
57047,57057,59856,10,2799,2,18000,1.00357270454
57099,57109,59903,10,2794,2,18000,1.00357909807
57178,57188,59991,10,2803,2,18000,1.00356760614
57239,57247,60110,8,2863,2,18000,1.00279427174
57345,57355,60247,10,2892,2,18000,1.00345781466
57534,57542,60398,8,2856,2,18000,1.00280112045
57614,57620,64839,6,7219,2,7200,1.00083114005
57622,57631,60472,9,2841,2,18000,1.00316789863
57655,57664,60335,9,2671,2,18000,1.00336952452
57840,57851,60522,11,2671,2,18000,1.00411830775
57858,57866,60628,8,2762,2,18000,1.00289645185
58047,58056,60878,9,2822,2,18000,1.0031892275
58096,58104,61016,8,2912,2,18000,1.00274725275
58251,58259,60852,8,2593,2,18000,1.00308522946
58265,58275,60829,10,2554,2,18000,1.00391542678
58281,58287,61093,6,2806,2,18000,1.00213827512
58441,58451,61088,10,2637,2,18000,1.00379218809
58456,58463,61082,7,2619,2,18000,1.00267277587
58481,58490,61210,9,2720,2,18000,1.00330882353
58505,58515,61315,10,2800,2,18000,1.00357142857
58612,58619,61478,7,2859,2,18000,1.00244840853
58793,58799,61649,6,2850,2,18000,1.00210526316
58808,58814,61508,6,2694,2,18000,1.00222717149
58822,58828,61508,6,2680,2,18000,1.00223880597
58947,58957,61769,10,2812,2,18000,1.00355618777
59017,59026,61928,9,2902,2,18000,1.00310130944
59032,59041,61780,9,2739,2,18000,1.00328587076
59108,59117,61910,9,2793,2,18000,1.00322234157
59227,59234,61983,7,2749,2,18000,1.0025463805
59273,59282,61841,9,2559,2,18000,1.00351699883
59297,59305,62122,8,2817,2,18000,1.0028399006
59327,59335,62112,8,2777,2,18000,1.00288080663
59328,59341,61893,13,2552,2,18000,1.00509404389
59329,59346,62007,17,2661,2,18000,1.00638857572
59360,59370,62061,10,2691,2,18000,1.00371609067
59420,59431,62282,11,2851,2,18000,1.00385829533
59457,59465,62234,8,2769,2,18000,1.00288912965
59499,59506,62202,7,2696,2,18000,1.00259643917
59500,59512,62187,12,2675,2,18000,1.00448598131
59552,59560,62314,8,2754,2,18000,1.00290486565
59700,59710,62397,10,2687,2,18000,1.00372162263
59858,59868,62688,10,2820,2,18000,1.00354609929
59906,59914,62736,8,2822,2,18000,1.00283486889
59994,60002,62712,8,2710,2,18000,1.00295202952
60112,60121,62907,9,2786,2,18000,1.0032304379
60249,60259,63042,10,2783,2,18000,1.0035932447
60336,60347,63009,11,2662,2,18000,1.0041322314
60400,60409,63169,9,2760,2,18000,1.00326086957
60473,60484,63360,11,2876,2,18000,1.00382475661
60524,60533,63343,9,2810,2,18000,1.00320284698
60631,60640,63365,9,2725,2,18000,1.00330275229
60775,60781,61426,6,645,16,36000,1.00930232558
60832,60840,63660,8,2820,2,18000,1.00283687943
60853,60863,63696,10,2833,2,18000,1.00352982704
60880,60889,63672,9,2783,2,18000,1.00323392023
61017,61027,63860,10,2833,2,18000,1.00352982704
61084,61093,63785,9,2692,2,18000,1.00334323923
61100,61106,63912,6,2806,2,18000,1.00213827512
61101,61112,63706,11,2594,2,18000,1.00424055513
61213,61222,63975,9,2753,2,18000,1.00326916092
61317,61326,64133,9,2807,2,18000,1.00320627004
61452,61458,61699,6,241,16,36000,1.02489626556
61481,61490,64269,9,2779,2,18000,1.00323857503
61508,61519,64319,11,2800,2,18000,1.00392857143
61510,61524,64102,14,2578,2,18000,1.00543056633
61650,61660,64331,10,2671,2,18000,1.00374391614
61707,61713,62111,6,398,16,36000,1.01507537688
61772,61780,64455,8,2675,2,18000,1.00299065421
61787,61794,64588,7,2794,2,18000,1.00250536865
61842,61852,64678,10,2826,2,18000,1.00353857042
61894,61905,64697,11,2792,2,18000,1.00393982808
61913,61922,64583,9,2661,2,18000,1.00338218715
61931,61939,64793,8,2854,2,18000,1.00280308339
61986,61995,64782,9,2787,2,18000,1.00322927879
62007,62018,64681,11,2663,2,18000,1.00413067968
62062,62073,64765,11,2692,2,18000,1.00408618128
62114,62123,64951,9,2828,2,18000,1.0031824611
62130,62136,64789,6,2653,2,18000,1.00226159065
62191,62199,64967,8,2768,2,18000,1.00289017341
62206,62213,64873,7,2660,2,18000,1.00263157895
62236,62245,65011,9,2766,2,18000,1.0032537961
62285,62293,64996,8,2703,2,18000,1.00295967444
62315,62325,65207,10,2882,2,18000,1.00346981263
62401,62408,65259,7,2851,2,18000,1.00245527885
62580,62586,81989,6,19403,16,36000,1.00030923053
62692,62700,65526,8,2826,2,18000,1.00283085633
62713,62724,65458,11,2734,2,18000,1.00402340892
62737,62747,65375,10,2628,2,18000,1.00380517504
62909,62918,65585,9,2667,2,18000,1.00337457818
63013,63020,65798,7,2778,2,18000,1.00251979842
63044,63053,65806,9,2753,2,18000,1.00326916092
63103,63109,63178,6,69,2,14400,1.08695652174
63172,63180,65939,8,2759,2,18000,1.0028996013
63176,63186,77707,10,14521,2,14400,1.00068865781
63344,63355,66060,11,2705,2,18000,1.00406654344
63363,63372,66221,9,2849,2,18000,1.00315900316
63378,63384,66029,6,2645,2,18000,1.002268431
63661,63672,66454,11,2782,2,18000,1.00395398994
63676,63683,66400,7,2717,2,18000,1.002576371
63698,63707,66480,9,2773,2,18000,1.0032455824
63713,63719,66490,6,2771,2,18000,1.00216528329
63787,63796,66501,9,2705,2,18000,1.0033271719
63863,63871,66683,8,2812,2,18000,1.00284495021
63915,63923,66803,8,2880,2,18000,1.00277777778
63976,63986,66759,10,2773,2,18000,1.00360620267
64105,64114,66911,9,2797,2,18000,1.00321773329
64135,64144,66892,9,2748,2,18000,1.00327510917
64270,64280,67109,10,2829,2,18000,1.00353481796
64321,64330,67149,9,2819,2,18000,1.0031926215
64336,64342,67019,6,2677,2,18000,1.0022413149
64458,64467,67250,9,2783,2,18000,1.00323392023
64581,64594,67282,13,2688,2,18000,1.00483630952
64597,64603,67435,6,2832,2,18000,1.00211864407
64679,64689,67525,10,2836,2,18000,1.00352609309
64694,64700,67451,6,2751,2,18000,1.00218102508
64710,64716,67585,6,2869,2,18000,1.00209132102
64768,64776,67615,8,2839,2,18000,1.00281789362
64783,64793,67699,10,2906,2,18000,1.00344115623
64799,64804,67495,5,2691,2,18000,1.00185804534
64800,64810,67585,10,2775,2,18000,1.0036036036
64877,64884,67740,7,2856,2,18000,1.00245098039
64954,64963,67754,9,2791,2,18000,1.00322465066
64969,64979,67707,10,2728,2,18000,1.00366568915
65000,65007,67793,7,2786,2,18000,1.00251256281
65015,65022,67671,7,2649,2,18000,1.00264250661
65208,65218,67987,10,2769,2,18000,1.00361141206
65262,65270,68072,8,2802,2,18000,1.0028551035
65375,65386,68077,11,2691,2,18000,1.00408769974
65461,65469,68209,8,2740,2,18000,1.00291970803
65528,65538,68233,10,2695,2,18000,1.00371057514
65587,65596,68427,9,2831,2,18000,1.00317908866
65801,65809,68644,8,2835,2,18000,1.00282186949
65816,65822,68625,6,2803,2,18000,1.00214056368
65941,65950,68592,9,2642,2,18000,1.00340651022
66030,66040,68728,10,2688,2,18000,1.0037202381
66063,66072,68721,9,2649,2,18000,1.00339750849
66223,66232,68894,9,2662,2,18000,1.0033809166
66401,66411,69156,10,2745,2,18000,1.00364298725
66457,66465,69197,8,2732,2,18000,1.00292825769
66481,66492,69216,11,2724,2,18000,1.00403817915
66497,66503,69133,6,2630,2,18000,1.00228136882
66512,66518,69380,6,2862,2,18000,1.00209643606
66687,66694,69491,7,2797,2,18000,1.00250268144
66760,66770,69462,10,2692,2,18000,1.00371471025
66806,66814,69514,8,2700,2,18000,1.00296296296
66895,66904,69704,9,2800,2,18000,1.00321428571
66913,66922,69738,9,2816,2,18000,1.00319602273
67020,67031,69702,11,2671,2,18000,1.00411830775
67112,67120,69869,8,2749,2,18000,1.00291014915
67150,67160,70022,10,2862,2,18000,1.0034940601
67252,67261,69994,9,2733,2,18000,1.00329308452
67283,67293,70070,10,2777,2,18000,1.00360100828
67436,67446,70271,10,2825,2,18000,1.00353982301
67454,67462,70253,8,2791,2,18000,1.00286635614
67498,67507,70369,9,2862,2,18000,1.00314465409
67528,67536,70334,8,2798,2,18000,1.00285918513
67587,67622,70316,35,2694,2,18000,1.0129918337
67589,67627,70358,38,2731,2,18000,1.0139143171
67616,67633,70487,17,2854,2,18000,1.00595655221
67675,67683,70399,8,2716,2,18000,1.0029455081
67702,67710,70510,8,2800,2,18000,1.00285714286
67717,67724,70407,7,2683,2,18000,1.00260901975
67742,67752,70532,10,2780,2,18000,1.0035971223
67757,67766,70529,9,2763,2,18000,1.00325732899
67794,67804,70500,10,2696,2,18000,1.00370919881
67991,67998,70786,7,2788,2,18000,1.0025107604
68074,68084,70874,10,2790,2,18000,1.00358422939
68089,68095,70801,6,2706,2,18000,1.0022172949
68212,68220,70960,8,2740,2,18000,1.00291970803
68236,68244,71052,8,2808,2,18000,1.00284900285
68430,68438,71154,8,2716,2,18000,1.0029455081
68593,68603,71460,10,2857,2,18000,1.00350017501
68627,68636,71495,9,2859,2,18000,1.00314795383
68645,68655,71503,10,2848,2,18000,1.00351123596
68722,68733,71398,11,2665,2,18000,1.00412757974
68737,68744,71422,7,2678,2,18000,1.00261389096
68898,68906,71671,8,2765,2,18000,1.00289330922
69135,69144,71973,9,2829,2,18000,1.00318133616
69157,69167,72015,10,2848,2,18000,1.00351123596
69163,69173,70817,10,1644,2,7200,1.00608272506
69200,69208,71952,8,2744,2,18000,1.0029154519
69218,69227,72021,9,2794,2,18000,1.00322118826
69384,69392,72068,8,2676,2,18000,1.00298953662
69410,69416,69417,6,1,2,7200,1.0
69463,69473,72308,10,2835,2,18000,1.00352733686
69494,69503,72211,9,2708,2,18000,1.00332348597
69515,69525,72287,10,2762,2,18000,1.00362056481
69648,69655,70252,7,597,2,7200,1.01172529313
69706,69713,72436,7,2723,2,18000,1.00257069409
69707,69719,72544,12,2825,2,18000,1.00424778761
69740,69749,72322,9,2573,2,18000,1.00349786242
69872,69880,72546,8,2666,2,18000,1.00300075019
69996,70005,72882,9,2877,2,18000,1.0031282586
70024,70033,72824,9,2791,2,18000,1.00322465066
70072,70081,72917,9,2836,2,18000,1.00317348378
70254,70264,73065,10,2801,2,18000,1.00357015352
70272,70282,72968,10,2686,2,18000,1.00372300819
70318,70327,73051,9,2724,2,18000,1.00330396476
70337,70345,73122,8,2777,2,18000,1.00288080663
70361,70370,73245,9,2875,2,18000,1.00313043478
70376,70382,73088,6,2706,2,18000,1.0022172949
70400,70410,73189,10,2779,2,18000,1.0035984167
70415,70422,73239,7,2817,2,18000,1.00248491303
70489,70499,73272,10,2773,2,18000,1.00360620267
70496,70505,70657,9,152,64,36000,1.05921052632
70504,70511,73359,7,2848,2,18000,1.00245786517
70519,70525,73378,6,2853,2,18000,1.00210304942
70534,70540,73333,6,2793,2,18000,1.00214822771
70536,70546,73378,10,2832,2,18000,1.00353107345
70789,70797,73640,8,2843,2,18000,1.00281392895
70805,70812,73639,7,2827,2,18000,1.0024761231
70875,70885,73685,10,2800,2,18000,1.00357142857
70961,70971,73740,10,2769,2,18000,1.00361141206
71053,71063,73901,10,2838,2,18000,1.00352360817
71155,71165,73837,10,2672,2,18000,1.00374251497
71399,71409,74195,10,2786,2,18000,1.00358937545
71424,71433,74136,9,2703,2,18000,1.00332963374
71461,71471,74202,10,2731,2,18000,1.00366166239
71498,71506,74283,8,2777,2,18000,1.00288080663
71513,71519,74265,6,2746,2,18000,1.00218499636
71621,71628,74730,7,3102,64,36000,1.00225660864
71673,71682,74389,9,2707,2,18000,1.00332471371
71953,71963,74728,10,2765,2,18000,1.00361663653
71975,71985,74808,10,2823,2,18000,1.00354233085
72018,72026,74810,8,2784,2,18000,1.00287356322
72034,72040,74768,6,2728,2,18000,1.00219941349
72071,72079,74729,8,2650,2,18000,1.00301886792
72215,72223,74985,8,2762,2,18000,1.00289645185
72288,72298,75081,10,2783,2,18000,1.0035932447
72310,72319,75093,9,2774,2,18000,1.0032444124
72325,72334,75055,9,2721,2,18000,1.0033076075
72439,72447,75180,8,2733,2,18000,1.00292718624
72548,72557,75329,9,2772,2,18000,1.00324675325
72549,72562,75291,13,2729,2,18000,1.00476364969
72825,72835,75459,10,2624,2,18000,1.00381097561
72883,72894,75659,11,2765,2,18000,1.00397830018
72920,72929,75713,9,2784,2,18000,1.00323275862
72970,72980,75807,10,2827,2,18000,1.00353731871
73053,73063,75949,10,2886,2,18000,1.00346500347
73069,73077,75760,8,2683,2,18000,1.00298173686
73090,73099,75946,9,2847,2,18000,1.00316122234
73123,73133,75903,10,2770,2,18000,1.0036101083
73191,73200,75976,9,2776,2,18000,1.00324207493
73241,73250,76076,9,2826,2,18000,1.00318471338
73256,73262,76036,6,2774,2,18000,1.0021629416
73274,73283,75888,9,2605,2,18000,1.00345489443
73336,73344,76170,8,2826,2,18000,1.00283085633
73361,73371,76137,10,2766,2,18000,1.00361532899
73379,73389,76153,10,2764,2,18000,1.00361794501
73380,73394,76135,14,2741,2,18000,1.00510762495
73641,73656,76356,15,2700,2,18000,1.00555555556
73643,73650,76391,7,2741,2,18000,1.00255381248
73686,73696,76541,10,2845,2,18000,1.00351493849
73741,73751,76536,10,2785,2,18000,1.00359066427
73836,73848,76580,12,2732,2,18000,1.00439238653
73904,73913,76582,9,2669,2,18000,1.00337204946
74138,74148,76976,10,2828,2,18000,1.00353606789
74196,74206,77074,10,2868,2,18000,1.00348675035
74211,74217,76975,6,2758,2,18000,1.00217548949
74266,74277,77047,11,2770,2,18000,1.00397111913
74285,74294,77123,9,2829,2,18000,1.00318133616
74393,74400,77227,7,2827,2,18000,1.0024761231
74729,74739,77390,10,2651,2,18000,1.00377216145
74731,74745,77530,14,2785,2,18000,1.00502692998
74771,74779,77514,8,2735,2,18000,1.0029250457
74812,74819,77622,7,2803,2,18000,1.0024973243
74813,74825,77628,12,2803,2,18000,1.00428112736
74988,74997,77729,9,2732,2,18000,1.0032942899
75056,75066,77875,10,2809,2,18000,1.00355998576
75084,75093,77880,9,2787,2,18000,1.00322927879
75104,75110,77762,6,2652,2,18000,1.00226244344
75181,75191,77995,10,2804,2,18000,1.00356633381
75294,75302,78049,8,2747,2,18000,1.00291226793
75331,75340,78123,9,2783,2,18000,1.00323392023
75461,75470,78271,9,2801,2,18000,1.00321313816
75660,75670,78504,10,2834,2,18000,1.00352858151
75715,75725,78558,10,2833,2,18000,1.00352982704
75761,75771,78510,10,2739,2,18000,1.00365096751
75808,75818,78613,10,2795,2,18000,1.00357781753
75890,75899,78719,9,2820,2,18000,1.00319148936
75905,75914,78658,9,2744,2,18000,1.00327988338
75950,75960,78636,10,2676,2,18000,1.00373692078
75951,75965,78735,14,2770,2,18000,1.00505415162
75978,75988,78767,10,2779,2,18000,1.0035984167
76039,76047,78836,8,2789,2,18000,1.00286841162
76079,76088,78902,9,2814,2,18000,1.00319829424
76137,76146,78931,9,2785,2,18000,1.00323159785
76138,76152,78989,14,2837,2,18000,1.00493479027
76156,76164,78886,8,2722,2,18000,1.00293901543
76172,76181,78724,9,2543,2,18000,1.00353912702
76360,76367,78926,7,2559,2,18000,1.00273544353
76392,76402,79135,10,2733,2,18000,1.0036589828
76538,76547,79348,9,2801,2,18000,1.00321313816
76553,76560,79113,7,2553,2,18000,1.00274187231
76588,76594,79268,6,2674,2,18000,1.00224382947
76589,76600,79372,11,2772,2,18000,1.00396825397
76978,76985,79823,7,2838,2,18000,1.00246652572
76979,76992,79838,13,2846,2,18000,1.00456781448
77050,77058,79850,8,2792,2,18000,1.00286532951
77077,77085,79902,8,2817,2,18000,1.0028399006
77126,77134,79841,8,2707,2,18000,1.00295530107
77229,77238,80029,9,2791,2,18000,1.00322465066
77391,77401,80212,10,2811,2,18000,1.00355745286
77516,77525,80306,9,2781,2,18000,1.00323624595
77531,77541,80217,10,2676,2,18000,1.00373692078
77625,77633,80405,8,2772,2,18000,1.00288600289
77641,77647,80436,6,2789,2,18000,1.00215130871
77729,77740,80328,11,2588,2,18000,1.0042503864
77766,77774,80522,8,2748,2,18000,1.00291120815
77878,77886,80689,8,2803,2,18000,1.00285408491
77893,77899,80702,6,2803,2,18000,1.00214056368
77996,78006,80767,10,2761,2,18000,1.00362187613
78051,78060,80806,9,2746,2,18000,1.00327749454
78127,78134,80944,7,2810,2,18000,1.0024911032
78273,78282,81064,9,2782,2,18000,1.00323508267
78508,78515,81220,7,2705,2,18000,1.00258780037
78523,78529,81373,6,2844,2,18000,1.00210970464
78559,78569,81275,10,2706,2,18000,1.0036954915
78617,78624,81495,7,2871,2,18000,1.00243817485
78638,78647,81275,9,2628,2,18000,1.00342465753
78661,78669,81478,8,2809,2,18000,1.00284798861
78722,78730,81517,8,2787,2,18000,1.00287047004
78737,78743,81381,6,2638,2,18000,1.00227445034
78738,78749,81545,11,2796,2,18000,1.0039341917
78768,78778,81571,10,2793,2,18000,1.00358037952
78838,78847,81646,9,2799,2,18000,1.00321543408
78887,78898,81644,11,2746,2,18000,1.00400582666
78905,78913,81561,8,2648,2,18000,1.00302114804
78926,78937,81776,11,2839,2,18000,1.00387460373
78941,78947,81677,6,2730,2,18000,1.0021978022
78993,79000,81803,7,2803,2,18000,1.0024973243
79115,79125,81908,10,2783,2,18000,1.0035932447
79136,79146,81940,10,2794,2,18000,1.00357909807
79266,79279,82068,13,2789,2,18000,1.00466116888
79349,79359,82135,10,2776,2,18000,1.00360230548
79373,79383,82113,10,2730,2,18000,1.00366300366
79826,79834,82660,8,2826,2,18000,1.00283085633
79841,79850,82651,9,2801,2,18000,1.00321313816
79856,79862,82654,6,2792,2,18000,1.00214899713
79857,79868,82550,11,2682,2,18000,1.00410141685
79906,79914,82715,8,2801,2,18000,1.00285612281
80032,80040,82733,8,2693,2,18000,1.00297066469
80215,80223,83047,8,2824,2,18000,1.00283286119
80230,80236,83037,6,2801,2,18000,1.00214209211
80309,80317,83212,8,2895,2,18000,1.00276338515
80330,80339,83142,9,2803,2,18000,1.00321084552
80406,80416,83173,10,2757,2,18000,1.00362713094
80437,80447,83257,10,2810,2,18000,1.00355871886
80522,80533,83397,11,2864,2,18000,1.00384078212
80690,80700,83403,10,2703,2,18000,1.00369959304
80705,80713,83463,8,2750,2,18000,1.00290909091
80769,80778,83569,9,2791,2,18000,1.00322465066
80808,80817,83478,9,2661,2,18000,1.00338218715
80946,80956,83772,10,2816,2,18000,1.00355113636
81066,81075,83781,9,2706,2,18000,1.00332594235
81224,81232,84133,8,2901,2,18000,1.00275766977
81276,81285,84161,9,2876,2,18000,1.00312934631
81278,81291,84100,13,2809,2,18000,1.00462798149
81376,81384,84095,8,2711,2,18000,1.00295094061
81391,81397,84162,6,2765,2,18000,1.00216998192
81479,81489,84288,10,2799,2,18000,1.00357270454
81484,81495,88348,11,6853,16,36000,1.00160513644
81497,81507,84299,10,2792,2,18000,1.00358166189
81519,81529,84334,10,2805,2,18000,1.00356506239
81546,81556,84318,10,2762,2,18000,1.00362056481
81564,81573,84385,9,2812,2,18000,1.00320056899
81579,81585,84452,6,2867,2,18000,1.00209277991
81646,81661,84326,15,2665,2,18000,1.00562851782
81647,81655,84487,8,2832,2,18000,1.00282485876
81678,81688,84458,10,2770,2,18000,1.0036101083
81779,81788,84511,9,2723,2,18000,1.00330517811
81809,81815,84595,6,2780,2,18000,1.00215827338
81911,81919,84678,8,2759,2,18000,1.0028996013
81943,81951,84700,8,2749,2,18000,1.00291014915
82070,82079,84915,9,2836,2,18000,1.00317348378
82116,82125,84881,9,2756,2,18000,1.00326560232
82137,82146,84845,9,2699,2,18000,1.00333456836
82552,82561,85236,9,2675,2,18000,1.00336448598
82652,82662,85386,10,2724,2,18000,1.00367107195
82667,82673,85235,6,2562,2,18000,1.00234192037
82669,82679,85389,10,2710,2,18000,1.0036900369
82717,82726,85549,9,2823,2,18000,1.00318809777
82735,82744,85580,9,2836,2,18000,1.00317348378
82997,83003,83004,6,1,2,300,1.0
83040,83048,85820,8,2772,2,18000,1.00288600289
83055,83061,85948,6,2887,2,18000,1.00207828195
83143,83154,85966,11,2812,2,18000,1.00391180654
83177,83185,85954,8,2769,2,18000,1.00288912965
83214,83224,85939,10,2715,2,18000,1.00368324125
83259,83268,85924,9,2656,2,18000,1.00338855422
83399,83408,86126,9,2718,2,18000,1.00331125828
83414,83420,86045,6,2625,2,18000,1.00228571429
83466,83474,86149,8,2675,2,18000,1.00299065421
83481,83489,86237,8,2748,2,18000,1.00291120815
83572,83581,86369,9,2788,2,18000,1.00322812052
83776,83783,86502,7,2719,2,18000,1.00257447591
83791,83797,86599,6,2802,2,18000,1.00214132762
83941,83947,256751,6,172804,1,172860,1.00003472142
83942,83953,201068,11,117115,1,172860,1.00009392477
83943,91179,255336,7236,164157,1,172860,1.04407975292
83944,83958,163248,14,79290,1,172860,1.00017656703
84096,84106,86850,10,2744,2,18000,1.00364431487
84111,84118,86948,7,2830,2,18000,1.00247349823
84135,84145,86974,10,2829,2,18000,1.00353481796
84163,84172,87061,9,2889,2,18000,1.0031152648
84164,84178,87050,14,2872,2,18000,1.00487465181
84289,84299,86987,10,2688,2,18000,1.0037202381
84304,84310,86988,6,2678,2,18000,1.00224047797
84319,84329,86948,10,2619,2,18000,1.00381825124
84334,84341,87108,7,2767,2,18000,1.00252981568
84349,84356,87179,7,2823,2,18000,1.0024796316
84386,84396,87218,10,2822,2,18000,1.00354358611
84453,84463,87111,10,2648,2,18000,1.00377643505
84468,84474,87277,6,2803,2,18000,1.00214056368
84489,84499,87352,10,2853,2,18000,1.00350508237
84513,84522,87102,9,2580,2,18000,1.00348837209
84598,84606,87323,8,2717,2,18000,1.002944424
84681,84690,87369,9,2679,2,18000,1.00335946249
84702,84711,87428,9,2717,2,18000,1.003312477
84848,84857,87649,9,2792,2,18000,1.0032234957
84885,84892,87575,7,2683,2,18000,1.00260901975
84918,84927,87740,9,2813,2,18000,1.00319943121
85239,85247,87881,8,2634,2,18000,1.00303720577
85240,85252,87951,12,2699,2,18000,1.00444609114
85386,85397,88055,11,2658,2,18000,1.00413844996
85401,85408,88269,7,2861,2,18000,1.00244669696
85551,85560,88372,9,2812,2,18000,1.00320056899
85582,85591,88388,9,2797,2,18000,1.00321773329
85823,85832,88521,9,2689,2,18000,1.00334696913
85924,85935,88763,11,2828,2,18000,1.00388967468
85940,85950,88732,10,2782,2,18000,1.0035945363
85955,85961,88729,6,2768,2,18000,1.00216763006
85956,85967,88763,11,2796,2,18000,1.0039341917
85971,85977,88575,6,2598,2,18000,1.00230946882
86047,86056,88771,9,2715,2,18000,1.00331491713
86129,86137,88942,8,2805,2,18000,1.00285204991
86151,86160,88964,9,2804,2,18000,1.00320970043
86239,86248,89084,9,2836,2,18000,1.00317348378
86370,86380,89161,10,2781,2,18000,1.00359582884
86504,86514,89284,10,2770,2,18000,1.0036101083
86601,86611,89321,10,2710,2,18000,1.0036900369
86852,86861,89698,9,2837,2,18000,1.00317236517
86950,86958,89799,8,2841,2,18000,1.00281590989
86951,86963,89819,12,2856,2,18000,1.00420168067
86976,86986,89819,10,2833,2,18000,1.00352982704
86991,86998,89826,7,2828,2,18000,1.00247524752
86992,87004,89729,12,2725,2,18000,1.00440366972
87054,87062,89843,8,2781,2,18000,1.00287666307
87069,87075,89839,6,2764,2,18000,1.002170767
87105,87113,89801,8,2688,2,18000,1.00297619048
87121,87127,89875,6,2748,2,18000,1.00218340611
87122,87133,89807,11,2674,2,18000,1.00411368736
87180,87190,89978,10,2788,2,18000,1.00358680057
87219,87229,89957,10,2728,2,18000,1.00366568915
87280,87289,90113,9,2824,2,18000,1.00318696884
87326,87334,90095,8,2761,2,18000,1.00289750091
87353,87363,90191,10,2828,2,18000,1.00353606789
87372,87380,90110,8,2730,2,18000,1.00293040293
87429,87439,90111,10,2672,2,18000,1.00374251497
87578,87586,90416,8,2830,2,18000,1.00282685512
87651,87661,90326,10,2665,2,18000,1.00375234522
87742,87751,90402,9,2651,2,18000,1.0033949453
87883,87892,90717,9,2825,2,18000,1.00318584071
87953,87963,90720,10,2757,2,18000,1.00362713094
88056,88066,90852,10,2786,2,18000,1.00358937545
88271,88280,91058,9,2778,2,18000,1.00323974082
88374,88384,91091,10,2707,2,18000,1.00369412634
88389,88399,91093,10,2694,2,18000,1.00371195249
88518,88532,91264,14,2732,2,18000,1.00512445095
88576,88586,91328,10,2742,2,18000,1.00364697301
88731,88740,91502,9,2762,2,18000,1.00325850833
88747,88753,91490,6,2737,2,18000,1.00219218122
88765,88774,91575,9,2801,2,18000,1.00321313816
88766,88779,91621,13,2842,2,18000,1.00457424349
88781,88787,91595,6,2808,2,18000,1.00213675214
88944,88953,91672,9,2719,2,18000,1.00331004046
88965,88976,91831,11,2855,2,18000,1.00385288967
89087,89095,91900,8,2805,2,18000,1.00285204991
89163,89173,91833,10,2660,2,18000,1.0037593985
89285,89295,92075,10,2780,2,18000,1.0035971223
89324,89332,91944,8,2612,2,18000,1.00306278714
89702,89709,92486,7,2777,2,18000,1.0025207058
89732,89740,92381,8,2641,2,18000,1.00302915562
89800,89810,92606,10,2796,2,18000,1.00357653791
89815,89822,92488,7,2666,2,18000,1.00262565641
89817,89827,92635,10,2808,2,18000,1.00356125356
89833,89839,92641,6,2802,2,18000,1.00214132762
89834,89845,92658,11,2813,2,18000,1.00391041593
89835,89850,92672,15,2822,2,18000,1.00531537916
89851,89857,92581,6,2724,2,18000,1.00220264317
89852,89863,92712,11,2849,2,18000,1.00386100386
89877,89886,92692,9,2806,2,18000,1.00320741269
89959,89969,92634,10,2665,2,18000,1.00375234522
89980,89989,92680,9,2691,2,18000,1.00334448161
90096,90106,92913,10,2807,2,18000,1.00356252227
90111,90121,92927,10,2806,2,18000,1.00356379187
90126,90132,92925,6,2793,2,18000,1.00214822771
90127,90138,92822,11,2684,2,18000,1.00409836066
90195,90203,92982,8,2779,2,18000,1.00287873336
90330,90337,92964,7,2627,2,18000,1.00266463647
90406,90413,93083,7,2670,2,18000,1.00262172285
90421,90427,93177,6,2750,2,18000,1.00218181818
90719,90729,93528,10,2799,2,18000,1.00357270454
90734,90741,93570,7,2829,2,18000,1.00247437257
90854,90863,93672,9,2809,2,18000,1.00320398718
91059,91069,93684,10,2615,2,18000,1.00382409178
91092,91102,93895,10,2793,2,18000,1.00358037952
91107,91113,93680,6,2567,2,18000,1.00233735878
91266,91275,94054,9,2779,2,18000,1.00323857503
91329,91339,94226,10,2887,2,18000,1.00346380326
91492,91501,94155,9,2654,2,18000,1.00339110776
91507,91513,94388,6,2875,2,18000,1.00208695652
91577,91586,94241,9,2655,2,18000,1.00338983051
91598,91607,94242,9,2635,2,18000,1.00341555977
91623,91632,94263,9,2631,2,18000,1.00342075257
91674,91683,94365,9,2682,2,18000,1.0033557047
91834,91843,94603,9,2760,2,18000,1.00326086957
91835,91849,94562,14,2713,2,18000,1.00516033911
91902,91911,94687,9,2776,2,18000,1.00324207493
91948,91955,94776,7,2821,2,18000,1.00248138958
92077,92086,94907,9,2821,2,18000,1.00319035803
92146,139582,143315,47436,3733,64,36000,13.7072060005
92385,92393,95261,8,2868,2,18000,1.00278940028
92487,92497,95273,10,2776,2,18000,1.00360230548
92503,92509,95406,6,2897,2,18000,1.00207110804
92584,92592,95419,8,2827,2,18000,1.00282985497
92608,92617,95389,9,2772,2,18000,1.00324675325
92636,92645,95390,9,2745,2,18000,1.00327868852
92637,92651,95455,14,2804,2,18000,1.00499286733
92652,92659,95485,7,2826,2,18000,1.00247699929
92668,92674,95480,6,2806,2,18000,1.00213827512
92684,92690,95496,6,2806,2,18000,1.00213827512
92685,92696,95485,11,2789,2,18000,1.00394406597
92701,92707,95233,6,2526,2,18000,1.00237529691
92716,92723,95356,7,2633,2,18000,1.00265856438
92820,92833,95510,13,2677,2,18000,1.00485618229
92916,92924,95723,8,2799,2,18000,1.00285816363
92931,92937,95732,6,2795,2,18000,1.00214669052
92932,92943,95623,11,2680,2,18000,1.00410447761
92966,92976,95789,10,2813,2,18000,1.00355492357
92985,92993,95744,8,2751,2,18000,1.00290803344
93080,93094,95944,14,2850,2,18000,1.0049122807
93181,93189,95997,8,2808,2,18000,1.00284900285
93531,93540,96316,9,2776,2,18000,1.00324207493
93571,93582,96282,11,2700,2,18000,1.00407407407
93675,93683,96538,8,2855,2,18000,1.00280210158
93690,93696,96482,6,2786,2,18000,1.00215362527
93692,93702,96599,10,2897,2,18000,1.00345184674
93898,93907,96625,9,2718,2,18000,1.00331125828
94055,94065,96743,10,2678,2,18000,1.00373412995
94157,94166,96927,9,2761,2,18000,1.00325968852
94228,94237,97007,9,2770,2,18000,1.00324909747
94244,94258,97022,14,2764,2,18000,1.00506512301
94245,94252,97011,7,2759,2,18000,1.00253715114
94267,94274,96915,7,2641,2,18000,1.00265051117
94366,94376,97108,10,2732,2,18000,1.00366032211
94391,94399,97265,8,2866,2,18000,1.00279134682
94565,94573,97200,8,2627,2,18000,1.00304529882
94605,94615,97304,10,2689,2,18000,1.00371885459
94687,94698,97514,11,2816,2,18000,1.00390625
94779,94788,97642,9,2854,2,18000,1.00315346882
94908,94918,97642,10,2724,2,18000,1.00367107195
95236,95244,98007,8,2763,2,18000,1.00289540355
95264,95272,98069,8,2797,2,18000,1.00286020737
95279,95285,97983,6,2698,2,18000,1.00222386953
95359,95367,98146,8,2779,2,18000,1.00287873336
95393,95401,98126,8,2725,2,18000,1.00293577982
95394,95407,98216,13,2809,2,18000,1.00462798149
95410,95417,98226,7,2809,2,18000,1.00249199003
95425,95431,98121,6,2690,2,18000,1.00223048327
95459,95466,98193,7,2727,2,18000,1.00256692336
95481,95491,98311,10,2820,2,18000,1.00354609929
95496,95502,98195,6,2693,2,18000,1.00222799851
95497,95508,98166,11,2658,2,18000,1.00413844996
95499,95513,98318,14,2805,2,18000,1.00499108734
95514,95522,98317,8,2795,2,18000,1.00286225403
95625,95634,98382,9,2748,2,18000,1.00327510917
95724,95734,98580,10,2846,2,18000,1.00351370344
95739,95746,98409,7,2663,2,18000,1.00262861434
95755,95761,98506,6,2745,2,18000,1.00218579235
95789,95801,98698,12,2897,2,18000,1.00414221609
95947,95955,98757,8,2802,2,18000,1.0028551035
95999,96008,98902,9,2894,2,18000,1.00310988252
96286,96293,99053,7,2760,2,18000,1.00253623188
96318,96327,99152,9,2825,2,18000,1.00318584071
96485,96493,99229,8,2736,2,18000,1.00292397661
96541,96549,99321,8,2772,2,18000,1.00288600289
96600,96610,99382,10,2772,2,18000,1.00360750361
96628,96636,99354,8,2718,2,18000,1.00294334069
96746,96755,99525,9,2770,2,18000,1.00324909747
96917,96926,99609,9,2683,2,18000,1.00335445397
96933,96939,99706,6,2767,2,18000,1.00216841344
97011,97018,99788,7,2770,2,18000,1.00252707581
97029,97035,99716,6,2681,2,18000,1.00223797091
97030,97041,99939,11,2898,2,18000,1.00379572119
97112,97119,99959,7,2840,2,18000,1.00246478873
97202,97211,99912,9,2701,2,18000,1.00333209922
97266,97277,100069,11,2792,2,18000,1.00393982808
97306,97315,100155,9,2840,2,18000,1.00316901408
97518,97525,100133,7,2608,2,18000,1.00268404908
97643,97653,100375,10,2722,2,18000,1.00367376929
97644,97658,100437,14,2779,2,18000,1.00503778338
97981,97995,100720,14,2725,2,18000,1.00513761468
98009,98018,100766,9,2748,2,18000,1.00327510917
98070,98081,100912,11,2831,2,18000,1.00388555281
98123,98132,100874,9,2742,2,18000,1.00328227571
98138,98145,100979,7,2834,2,18000,1.00247000706
98154,98160,100891,6,2731,2,18000,1.00219699744
98169,98177,101046,8,2869,2,18000,1.00278842802
98194,98204,101054,10,2850,2,18000,1.00350877193
98209,98215,101005,6,2790,2,18000,1.00215053763
98224,98230,101136,6,2906,2,18000,1.00206469374
98240,98246,101027,6,2781,2,18000,1.0021574973
98314,98322,101085,8,2763,2,18000,1.00289540355
98330,98336,101077,6,2741,2,18000,1.00218898212
98331,98342,101142,11,2800,2,18000,1.00392857143
98383,98393,101121,10,2728,2,18000,1.00366568915
98407,98420,101135,13,2715,2,18000,1.00478821363
98508,98517,101135,9,2618,2,18000,1.00343773873
98582,98591,101284,9,2693,2,18000,1.00334199777
98701,98710,101577,9,2867,2,18000,1.00313916986
98759,98768,101544,9,2776,2,18000,1.00324207493
98904,98914,101637,10,2723,2,18000,1.00367242012
99056,99064,101882,8,2818,2,18000,1.00283889283
99153,99163,101946,10,2783,2,18000,1.0035932447
99231,99240,102010,9,2770,2,18000,1.00324909747
99322,99332,102116,10,2784,2,18000,1.00359195402
99356,99365,102043,9,2678,2,18000,1.00336071695
99384,99394,102134,10,2740,2,18000,1.00364963504
99526,99536,102329,10,2793,2,18000,1.00358037952
99613,99621,102307,8,2686,2,18000,1.00297840655
99708,99717,102429,9,2712,2,18000,1.00331858407
99724,99730,102561,6,2831,2,18000,1.00211939244
99791,99799,102651,8,2852,2,18000,1.00280504909
99915,99923,102757,8,2834,2,18000,1.00282286521
99943,99951,102701,8,2750,2,18000,1.00290909091
99961,99970,102624,9,2654,2,18000,1.00339110776
100072,100080,102849,8,2769,2,18000,1.00288912965
100135,100144,102978,9,2834,2,18000,1.00317572336
100156,100166,102949,10,2783,2,18000,1.0035932447
100376,100386,103129,10,2743,2,18000,1.00364564346
100439,100448,103052,9,2604,2,18000,1.0034562212
100723,100731,103529,8,2798,2,18000,1.00285918513
100769,100778,103618,9,2840,2,18000,1.00316901408
100877,100885,103616,8,2731,2,18000,1.00292932992
100893,100902,103540,9,2638,2,18000,1.00341167551
100914,100923,103687,9,2764,2,18000,1.00325615051
100982,100990,103783,8,2793,2,18000,1.00286430362
101007,101017,103703,10,2686,2,18000,1.00372300819
101029,101038,103864,9,2826,2,18000,1.00318471338
101048,101058,103850,10,2792,2,18000,1.00358166189
101063,101069,103955,6,2886,2,18000,1.00207900208
101078,101088,103806,10,2718,2,18000,1.00367917586
101094,101100,103920,6,2820,2,18000,1.00212765957
101122,101132,103931,10,2799,2,18000,1.00357270454
101138,101146,103993,8,2847,2,18000,1.00280997541
101139,101151,103992,12,2841,2,18000,1.00422386484
101141,101158,103717,17,2559,2,18000,1.00664322001
101157,101164,103909,7,2745,2,18000,1.00255009107
101286,101295,104108,9,2813,2,18000,1.00319943121
101547,101555,104247,8,2692,2,18000,1.0029717682
101581,101589,104446,8,2857,2,18000,1.00280014001
101640,101649,104372,9,2723,2,18000,1.00330517811
101883,101894,104510,11,2616,2,18000,1.00420489297
101949,101957,104659,8,2702,2,18000,1.0029607698
102011,102021,104781,10,2760,2,18000,1.00362318841
102046,102055,104863,9,2808,2,18000,1.00320512821
102117,102127,104984,10,2857,2,18000,1.00350017501
102136,102145,104904,9,2759,2,18000,1.00326205147
102306,102318,105165,12,2847,2,18000,1.00421496312
102330,102340,105120,10,2780,2,18000,1.0035971223
102430,102440,105163,10,2723,2,18000,1.00367242012
102562,102572,105349,10,2777,2,18000,1.00360100828
102627,102635,105419,8,2784,2,18000,1.00287356322
102652,102662,105485,10,2823,2,18000,1.00354233085
102702,102712,105570,10,2858,2,18000,1.00349895031
102759,102768,105614,9,2846,2,18000,1.0031623331
102852,102860,105399,8,2539,2,18000,1.00315084679
102954,102960,105802,6,2842,2,18000,1.0021111893
102982,102990,105717,8,2727,2,18000,1.0029336267
103053,103063,105926,10,2863,2,18000,1.00349283968
103131,103140,105935,9,2795,2,18000,1.00322003578
103533,103540,106384,7,2844,2,18000,1.00246132208
103548,103554,106344,6,2790,2,18000,1.00215053763
103620,103627,106313,7,2686,2,18000,1.00260610573
103621,103633,106452,12,2819,2,18000,1.00425682866
103690,103699,106347,9,2648,2,18000,1.00339879154
103706,103714,106567,8,2853,2,18000,1.0028040659
103722,103728,106452,6,2724,2,18000,1.00220264317
103784,103794,106531,10,2737,2,18000,1.00365363537
103809,103817,106541,8,2724,2,18000,1.00293685756
103853,103861,106656,8,2795,2,18000,1.00286225403
103869,103874,106670,5,2796,2,18000,1.00178826896
103913,103921,106724,8,2803,2,18000,1.00285408491
103929,103936,106637,7,2701,2,18000,1.00259163273
103945,103951,106590,6,2639,2,18000,1.00227358848
103961,103967,106842,6,2875,2,18000,1.00208695652
103996,104004,106716,8,2712,2,18000,1.00294985251
103997,104009,106744,12,2735,2,18000,1.00438756856
104110,104119,106726,9,2607,2,18000,1.00345224396
104249,104258,107041,9,2783,2,18000,1.00323392023
104375,104383,107199,8,2816,2,18000,1.00284090909
104450,104457,107274,7,2817,2,18000,1.00248491303
104512,104522,107330,10,2808,2,18000,1.00356125356
104660,104670,107339,10,2669,2,18000,1.00374672162
104785,104792,107588,7,2796,2,18000,1.00250357654
104866,104874,107667,8,2793,2,18000,1.00286430362
104907,104916,107554,9,2638,2,18000,1.00341167551
104985,104995,107876,10,2881,2,18000,1.00347101701
105122,105132,107836,10,2704,2,18000,1.00369822485
105165,105180,107878,15,2698,2,18000,1.00555967383
105167,105174,108002,7,2828,2,18000,1.00247524752
105352,105360,108045,8,2685,2,18000,1.00297951583
105402,105410,108250,8,2840,2,18000,1.00281690141
105421,105430,108112,9,2682,2,18000,1.0033557047
105489,105496,108189,7,2693,2,18000,1.0025993316
105573,105581,108375,8,2794,2,18000,1.00286327845
105616,105625,108420,9,2795,2,18000,1.00322003578
105720,105728,108430,8,2702,2,18000,1.0029607698
105804,105813,108549,9,2736,2,18000,1.00328947368
105931,105937,108685,6,2748,2,18000,1.00218340611
105947,105953,108744,6,2791,2,18000,1.00214976711
106314,106324,108972,10,2648,2,18000,1.00377643505
106342,106355,109210,13,2855,2,18000,1.00455341506
106357,106363,109149,6,2786,2,18000,1.00215362527
106388,106395,109208,7,2813,2,18000,1.0024884465
106454,106523,109340,69,2817,2,18000,1.02449414271
106455,106528,109263,73,2735,2,18000,1.02669104205
106534,106542,109184,8,2642,2,18000,1.00302800908
106549,106555,109246,6,2691,2,18000,1.0022296544
106571,106578,109354,7,2776,2,18000,1.00252161383
106592,106601,109359,9,2758,2,18000,1.00326323423
106639,106648,109324,9,2676,2,18000,1.0033632287
106658,106668,109447,10,2779,2,18000,1.0035984167
106673,106681,109490,8,2809,2,18000,1.00284798861
106717,106727,109576,10,2849,2,18000,1.00351000351
106733,106739,109623,6,2884,2,18000,1.00208044383
106734,106745,109527,11,2782,2,18000,1.00395398994
106750,106756,109460,6,2704,2,18000,1.00221893491
106846,106853,109542,7,2689,2,18000,1.00260319821
107044,107052,109895,8,2843,2,18000,1.00281392895
107201,107210,109928,9,2718,2,18000,1.00331125828
107275,107285,109966,10,2681,2,18000,1.00372995151
107333,107341,110106,8,2765,2,18000,1.00289330922
107349,107355,110216,6,2861,2,18000,1.00209716882
107555,107565,110283,10,2718,2,18000,1.00367917586
107589,107599,110356,10,2757,2,18000,1.00362713094
107670,107679,110407,9,2728,2,18000,1.00329912023
107838,107847,110626,9,2779,2,18000,1.00323857503
107878,107887,110651,9,2764,2,18000,1.00325615051
107879,107893,110661,14,2768,2,18000,1.00505780347
108006,108013,110800,7,2787,2,18000,1.00251166128
108045,108056,110759,11,2703,2,18000,1.00406955235
108113,108123,110982,10,2859,2,18000,1.00349772648
108193,108201,111019,8,2818,2,18000,1.00283889283
108251,108261,111114,10,2853,2,18000,1.00350508237
108378,108386,111051,8,2665,2,18000,1.00300187617
108422,108431,111223,9,2792,2,18000,1.0032234957
108438,108444,111230,6,2786,2,18000,1.00215362527
108551,108560,111267,9,2707,2,18000,1.00332471371
108688,108696,111373,8,2677,2,18000,1.00298841987
108747,108755,111592,8,2837,2,18000,1.00281988016
108974,108983,111728,9,2745,2,18000,1.00327868852
109151,109160,111959,9,2799,2,18000,1.00321543408
109185,109195,111766,10,2571,2,18000,1.00388953715
109210,109225,112039,15,2814,2,18000,1.00533049041
109211,109219,112063,8,2844,2,18000,1.00281293952
109242,109257,112039,15,2782,2,18000,1.00539180446
109264,109274,112029,10,2755,2,18000,1.00362976407
109325,109335,112162,10,2827,2,18000,1.00353731871
109341,109351,112018,10,2667,2,18000,1.00374953131
109356,109366,112153,10,2787,2,18000,1.00358808755
109372,109378,112080,6,2702,2,18000,1.00222057735
109449,109458,112145,9,2687,2,18000,1.00334946036
109464,109470,112229,6,2759,2,18000,1.00217470098
109492,109501,112217,9,2716,2,18000,1.00331369661
109529,109539,112317,10,2778,2,18000,1.00359971202
109545,109553,112356,8,2803,2,18000,1.00285408491
109579,109588,112261,9,2673,2,18000,1.00336700337
109626,109634,112493,8,2859,2,18000,1.00279818118
109898,109906,112765,8,2859,2,18000,1.00279818118
109932,109940,112743,8,2803,2,18000,1.00285408491
109969,109977,112763,8,2786,2,18000,1.00287150036
110108,110118,113000,10,2882,2,18000,1.00346981263
110219,110227,113073,8,2846,2,18000,1.00281096275
110285,110295,112972,10,2677,2,18000,1.00373552484
110357,110367,113234,10,2867,2,18000,1.00348796652
110410,110419,113293,9,2874,2,18000,1.00313152401
110628,110637,113431,9,2794,2,18000,1.00322118826
110653,110662,113350,9,2688,2,18000,1.00334821429
110669,110675,113370,6,2695,2,18000,1.00222634508
110762,110770,113620,8,2850,2,18000,1.00280701754
110802,110811,113527,9,2716,2,18000,1.00331369661
110984,110993,113780,9,2787,2,18000,1.00322927879
111021,111030,113833,9,2803,2,18000,1.00321084552
111052,111062,113863,10,2801,2,18000,1.00357015352
111117,111125,113917,8,2792,2,18000,1.00286532951
111226,111235,114052,9,2817,2,18000,1.00319488818
111241,111248,114017,7,2769,2,18000,1.00252798844
111269,111278,114123,9,2845,2,18000,1.00316344464
111374,111385,114245,11,2860,2,18000,1.00384615385
111594,111603,114421,9,2818,2,18000,1.00319375444
111730,111739,114385,9,2646,2,18000,1.00340136054
111768,111778,114333,10,2555,2,18000,1.00391389432
111961,111971,114717,10,2746,2,18000,1.0036416606
112020,112029,114828,9,2799,2,18000,1.00321543408
112036,112042,114804,6,2762,2,18000,1.00217233888
112051,112058,114624,7,2566,2,18000,1.00272798129
112053,112064,114786,11,2722,2,18000,1.00404114622
112069,112074,114902,5,2828,2,18000,1.00176803395
112084,112091,114847,7,2756,2,18000,1.00253991292
112149,112157,114937,8,2780,2,18000,1.00287769784
112164,112171,114994,7,2823,2,18000,1.0024796316
112166,112177,114974,11,2797,2,18000,1.00393278513
112219,112228,115020,9,2792,2,18000,1.0032234957
112234,112240,115134,6,2894,2,18000,1.00207325501
112262,112272,115101,10,2829,2,18000,1.00353481796
112319,112328,115116,9,2788,2,18000,1.00322812052
112359,112367,115117,8,2750,2,18000,1.00290909091
112495,112504,115260,9,2756,2,18000,1.00326560232
112746,112755,115515,9,2760,2,18000,1.00326086957
112766,112780,115649,14,2869,2,18000,1.00487974904
112767,112774,115455,7,2681,2,18000,1.00261096606
112976,112984,115745,8,2761,2,18000,1.00289750091
113003,113011,115783,8,2772,2,18000,1.00288600289
113074,113084,115908,10,2824,2,18000,1.00354107649
113237,113245,115840,8,2595,2,18000,1.00308285164
113296,113304,116111,8,2807,2,18000,1.00285001781
113352,113362,116031,10,2669,2,18000,1.00374672162
113374,113381,116063,7,2682,2,18000,1.00260999254
113433,113442,116197,9,2755,2,18000,1.00326678766
113529,113538,116338,9,2800,2,18000,1.00321428571
113622,113631,116374,9,2743,2,18000,1.00328107911
113783,113791,116351,8,2560,2,18000,1.003125
113835,113844,116640,9,2796,2,18000,1.00321888412
113864,113874,116686,10,2812,2,18000,1.00355618777
113919,113929,116744,10,2815,2,18000,1.00355239787
114018,114028,116663,10,2635,2,18000,1.00379506641
114055,114063,116613,8,2550,2,18000,1.0031372549
114126,114134,116802,8,2668,2,18000,1.00299850075
114246,114256,117108,10,2852,2,18000,1.00350631136
114335,114344,117118,9,2774,2,18000,1.0032444124
114388,114396,117260,8,2864,2,18000,1.00279329609
114423,114432,117249,9,2817,2,18000,1.00319488818
114628,114636,117410,8,2774,2,18000,1.00288392213
114719,114728,117446,9,2718,2,18000,1.00331125828
114790,114797,117662,7,2865,2,18000,1.00244328098
114805,114816,117593,11,2777,2,18000,1.00396110911
114830,114839,117683,9,2844,2,18000,1.00316455696
114849,114859,117634,10,2775,2,18000,1.0036036036
114905,114914,117748,9,2834,2,18000,1.00317572336
114939,114948,117762,9,2814,2,18000,1.00319829424
114976,114985,117738,9,2753,2,18000,1.00326916092
114994,115005,117786,11,2781,2,18000,1.00395541172
115023,115031,117857,8,2826,2,18000,1.00283085633
115103,115112,117894,9,2782,2,18000,1.00323508267
115119,115133,117956,14,2823,2,18000,1.0049592632
115120,115127,117903,7,2776,2,18000,1.00252161383
115136,115146,117762,10,2616,2,18000,1.00382262997
115263,115271,118114,8,2843,2,18000,1.00281392895
115454,115466,118300,12,2834,2,18000,1.00423429781
115518,115526,118319,8,2793,2,18000,1.00286430362
115650,115660,118456,10,2796,2,18000,1.00357653791
115746,115756,118426,10,2670,2,18000,1.00374531835
115786,115794,118538,8,2744,2,18000,1.0029154519
115842,115852,118518,10,2666,2,18000,1.00375093773
115909,115920,118478,11,2558,2,18000,1.00430023456
116032,116042,118661,10,2619,2,18000,1.00381825124
116064,116074,118833,10,2759,2,18000,1.00362450163
116113,116123,118970,10,2847,2,18000,1.00351246927
116200,116208,118936,8,2728,2,18000,1.00293255132
116339,116349,118912,10,2563,2,18000,1.00390167772
116355,116362,119200,7,2838,2,18000,1.00246652572
116377,116385,119116,8,2731,2,18000,1.00292932992
116614,116624,119415,10,2791,2,18000,1.00358294518
116642,116651,119376,9,2725,2,18000,1.00330275229
116667,116675,119462,8,2787,2,18000,1.00287047004
116688,116697,119375,9,2678,2,18000,1.00336071695
116747,116755,119526,8,2771,2,18000,1.00288704439
116805,116813,119599,8,2786,2,18000,1.00287150036
117110,117120,119893,10,2773,2,18000,1.00360620267
117126,117132,119983,6,2851,2,18000,1.00210452473
117250,117260,120052,10,2792,2,18000,1.00358166189
117265,117271,120012,6,2741,2,18000,1.00218898212
117269,139116,139159,21847,43,2,600,509.069767442
117414,117422,120208,8,2786,2,18000,1.00287150036
117449,117457,120131,8,2674,2,18000,1.00299177263
117595,117605,120400,10,2795,2,18000,1.00357781753
117636,117645,120383,9,2738,2,18000,1.00328707085
117664,117673,120474,9,2801,2,18000,1.00321313816
117686,117694,120587,8,2893,2,18000,1.00276529554
117740,117750,120576,10,2826,2,18000,1.00353857042
117755,117762,120546,7,2784,2,18000,1.00251436782
117771,117777,120418,6,2641,2,18000,1.00227186672
117772,117783,120587,11,2804,2,18000,1.00392296719
117788,117798,120573,10,2775,2,18000,1.0036036036
117859,117868,120634,9,2766,2,18000,1.0032537961
117897,117906,120647,9,2741,2,18000,1.00328347318
117912,117918,120719,6,2801,2,18000,1.00214209211
117958,117967,120821,9,2854,2,18000,1.00315346882
118063,132558,134549,14495,1991,2,10800,8.28026117529
118117,118125,120916,8,2791,2,18000,1.00286635614
118302,118311,121109,9,2798,2,18000,1.00321658327
118321,118331,121020,10,2689,2,18000,1.00371885459
118430,118438,121167,8,2729,2,18000,1.00293147673
118458,118467,121194,9,2727,2,18000,1.00330033003
118480,118489,121287,9,2798,2,18000,1.00321658327
118521,118530,121372,9,2842,2,18000,1.00316678395
118540,118549,121375,9,2826,2,18000,1.00318471338
118663,118673,121476,10,2803,2,18000,1.00356760614
118834,118845,121547,11,2702,2,18000,1.00407105848
118915,118923,121654,8,2731,2,18000,1.00292932992
118940,118947,121657,7,2710,2,18000,1.00258302583
118971,118981,121805,10,2824,2,18000,1.00354107649
119120,119128,121922,8,2794,2,18000,1.00286327845
119204,119211,122013,7,2802,2,18000,1.00249821556
119350,135580,136352,16230,772,2,10800,22.0233160622
119377,119386,122285,9,2899,2,18000,1.0031045188
119378,119392,122180,14,2788,2,18000,1.0050215208
119419,119426,122155,7,2729,2,18000,1.00256504214
119465,119473,122139,8,2666,2,18000,1.00300075019
119529,119538,122359,9,2821,2,18000,1.00319035803
119601,119610,122335,9,2725,2,18000,1.00330275229
119775,130678,131293,10903,615,2,10800,18.7284552846
119894,119904,122631,10,2727,2,18000,1.00366703337
119984,119994,122722,10,2728,2,18000,1.00366568915
120015,120023,122747,8,2724,2,18000,1.00293685756
120055,120064,122861,9,2797,2,18000,1.00321773329
120132,120142,122942,10,2800,2,18000,1.00357142857
120181,135585,136247,15404,662,2,10800,24.2688821752
120210,120219,123015,9,2796,2,18000,1.00321888412
120214,135549,136192,15335,643,4,43200,24.8491446345
120386,120394,123143,8,2749,2,18000,1.00291014915
120402,120411,123186,9,2775,2,18000,1.00324324324
120421,120429,123236,8,2807,2,18000,1.00285001781
120477,120485,123316,8,2831,2,18000,1.00282585659
120549,120557,123336,8,2779,2,18000,1.00287873336
120577,120584,123400,7,2816,2,18000,1.00248579545
120579,120590,123258,11,2668,2,18000,1.00412293853
120594,120600,123387,6,2787,2,18000,1.00215285253
120596,120606,123409,10,2803,2,18000,1.00356760614
120636,120645,123449,9,2804,2,18000,1.00320970043
120652,120658,123446,6,2788,2,18000,1.00215208034
120720,120730,123562,10,2832,2,18000,1.00353107345
120822,120833,123506,11,2673,2,18000,1.00411522634
120917,120927,123641,10,2714,2,18000,1.00368459838
121022,121031,123713,9,2682,2,18000,1.0033557047
121112,121120,123913,8,2793,2,18000,1.00286430362
121168,121178,123879,10,2701,2,18000,1.00370233247
121196,121205,123964,9,2759,2,18000,1.00326205147
121291,121299,124048,8,2749,2,18000,1.00291014915
121375,121384,124112,9,2728,2,18000,1.00329912023
121390,121397,124180,7,2783,2,18000,1.00251527129
121448,135565,136463,14117,898,2,10800,16.7204899777
121477,121488,124265,11,2777,2,18000,1.00396110911
121550,121558,124368,8,2810,2,18000,1.00284697509
121656,121665,124474,9,2809,2,18000,1.00320398718
121671,121677,124433,6,2756,2,18000,1.00217706821
121808,121817,124584,9,2767,2,18000,1.00325262017
121923,121933,124600,10,2667,2,18000,1.00374953131
122017,122024,124735,7,2711,2,18000,1.00258207304
122140,122150,124894,10,2744,2,18000,1.00364431487
122156,122166,125005,10,2839,2,18000,1.00352236703
122184,122191,125042,7,2851,2,18000,1.00245527885
122290,122296,125055,6,2759,2,18000,1.00217470098
122339,122346,125252,7,2906,2,18000,1.00240880936
122363,122370,125158,7,2788,2,18000,1.0025107604
122637,122644,125460,7,2816,2,18000,1.00248579545
122723,126351,127401,3628,1050,2,10800,4.45523809524
122724,122733,125482,9,2749,2,18000,1.00327391779
122749,122758,125519,9,2761,2,18000,1.00325968852
122864,122872,125752,8,2880,2,18000,1.00277777778
122944,122953,125750,9,2797,2,18000,1.00321773329
123019,123026,125763,7,2737,2,18000,1.00255754476
123149,123154,125965,5,2811,2,18000,1.00177872643
123192,123198,125984,6,2786,2,18000,1.00215362527
123242,123249,125873,7,2624,2,18000,1.00266768293
123261,123269,126061,8,2792,2,18000,1.00286532951
123320,123327,126213,7,2886,2,18000,1.00242550243
123339,123347,126016,8,2669,2,18000,1.00299737729
123389,123398,126201,9,2803,2,18000,1.00321084552
123405,123410,126194,5,2784,2,18000,1.00179597701
123420,123427,126231,7,2804,2,18000,1.00249643367
123449,123457,126237,8,2780,2,18000,1.00287769784
123450,123463,126149,13,2686,2,18000,1.00483991065
123507,123517,126403,10,2886,2,18000,1.00346500347
123565,123574,126367,9,2793,2,18000,1.00322234157
123642,123652,126304,10,2652,2,18000,1.00377073906
123716,123724,126586,8,2862,2,18000,1.00279524808
123882,123891,126715,9,2824,2,18000,1.00318696884
123914,123924,126600,10,2676,2,18000,1.00373692078
123967,123975,126677,8,2702,2,18000,1.0029607698
124051,124060,126726,9,2666,2,18000,1.00337584396
124084,134930,135603,10846,673,2,10800,17.1158989599
124113,124123,126911,10,2788,2,18000,1.00358680057
124183,124191,126963,8,2772,2,18000,1.00288600289
124269,124277,127091,8,2814,2,18000,1.00284292822
124372,124380,127061,8,2681,2,18000,1.00298396121
124435,124444,127239,9,2795,2,18000,1.00322003578
124475,124485,127185,10,2700,2,18000,1.0037037037
124584,124595,127303,11,2708,2,18000,1.0040620384
124603,124612,127298,9,2686,2,18000,1.00335070737
124736,124747,127528,11,2781,2,18000,1.00395541172
124896,124905,127707,9,2802,2,18000,1.00321199143
124939,135560,136377,10621,817,2,10800,14.0
125008,125017,127858,9,2841,2,18000,1.00316789863
125046,125053,127880,7,2827,2,18000,1.0024761231
125062,125067,127699,5,2632,2,18000,1.00189969605
125160,125169,128017,9,2848,2,18000,1.00316011236
125253,125263,128020,10,2757,2,18000,1.00362713094
125463,125472,128363,9,2891,2,18000,1.00311310965
125485,125493,128146,8,2653,2,18000,1.0030154542
125523,125530,128333,7,2803,2,18000,1.0024973243
125756,125762,128503,6,2741,2,18000,1.00218898212
125757,125768,128614,11,2846,2,18000,1.00386507379
125771,135570,136093,9799,523,2,10800,19.7361376673
125773,125779,128605,6,2826,2,18000,1.00212314225
125876,125884,128680,8,2796,2,18000,1.00286123033
125967,125976,128777,9,2801,2,18000,1.00321313816
125986,125995,128792,9,2797,2,18000,1.00321773329
125988,135575,136094,9587,519,2,10800,19.472061657
126019,126028,128792,9,2764,2,18000,1.00325615051
126062,126072,128808,10,2736,2,18000,1.00365497076
126151,126160,128830,9,2670,2,18000,1.00337078652
126195,126205,128853,10,2648,2,18000,1.00377643505
126210,126217,128958,7,2741,2,18000,1.00255381248
126226,126232,128944,6,2712,2,18000,1.00221238938
126242,126248,128846,6,2598,2,18000,1.00230946882
126243,126254,128963,11,2709,2,18000,1.00406053894
126266,139367,268992,13101,129625,4,129600,1.10106846673
126287,133515,134083,7228,568,2,10800,13.7253521127
126306,126315,129033,9,2718,2,18000,1.00331125828
126345,135544,172726,9199,37182,4,129600,1.24740465817
126371,126379,129175,8,2796,2,18000,1.00286123033
126405,126414,129140,9,2726,2,18000,1.00330154072
126571,126582,126724,11,142,2,129600,1.07746478873
126571,126603,126724,32,121,2,129600,1.26446280992
126571,126598,126724,27,126,2,129600,1.21428571429
126571,126608,126610,37,2,2,129600,3.9
126571,126577,126724,6,147,2,129600,1.04081632653
126571,126592,126724,21,132,2,129600,1.15909090909
126571,126587,126724,16,137,2,129600,1.11678832117
126589,126614,129503,25,2889,2,18000,1.00865351333
126604,126619,129370,15,2751,2,18000,1.0054525627
126680,126688,129387,8,2699,2,18000,1.00296406076
126718,126726,129529,8,2803,2,18000,1.00285408491
126734,126740,129544,6,2804,2,18000,1.00213980029
126914,126922,129713,8,2791,2,18000,1.00286635614
126965,126974,129804,9,2830,2,18000,1.00318021201
127051,135554,205409,8503,69855,2,129600,1.12172357025
127051,127062,204350,11,77288,2,129600,1.00014232481
127051,127067,208634,16,81567,2,129600,1.00019615776
127051,127057,200573,6,73516,2,129600,1.00008161489
127051,127078,228184,27,101106,2,129600,1.00026704647
127051,127072,217136,21,90064,2,129600,1.00023316753
127051,127083,256689,32,129606,2,129600,1.00024690215
127063,127089,129901,26,2812,2,18000,1.00924608819
127095,127102,129877,7,2775,2,18000,1.00252252252
127188,127197,129977,9,2780,2,18000,1.00323741007
127241,127250,130037,9,2787,2,18000,1.00322927879
127256,127277,152792,21,25515,2,64800,1.00082304527
127256,127283,169921,27,42638,2,64800,1.00063323796
127256,209476,236603,82220,27127,2,64800,4.03092859513
127256,127272,150728,16,23456,2,64800,1.00068212824
127256,127262,154027,6,26765,2,64800,1.00022417336
127256,127267,149469,11,22202,2,64800,1.00049545086
127300,127309,130112,9,2803,2,18000,1.00321084552
127316,127322,130108,6,2786,2,18000,1.00215362527
127533,127539,130340,6,2801,2,18000,1.00214209211
127617,136103,136302,8486,199,2,7200,43.6432160804
127627,136067,297760,8440,161693,12,345600,1.05219768326
127701,127710,130540,9,2830,2,18000,1.00318021201
127716,127723,130377,7,2654,2,18000,1.00263752826
127778,139372,182607,11594,43235,4,43200,1.26816236845
127784,131425,131428,3641,3,2,7200,364.4
127841,136057,179302,8216,43245,4,43200,1.18998728177
127860,127869,130684,9,2815,2,18000,1.00319715808
127882,127891,130716,9,2825,2,18000,1.00318584071
127953,136098,136288,8145,190,2,7200,43.8684210526
128027,128033,130806,6,2773,2,18000,1.0021637216
128028,128039,130763,11,2724,2,18000,1.00403817915
128150,128157,130959,7,2802,2,18000,1.00249821556
128240,135590,135838,7350,248,2,7200,30.6370967742
128339,128345,131139,6,2794,2,18000,1.00214745884
128364,128374,131216,10,2842,2,18000,1.00351864884
128475,136108,136573,7633,465,2,7200,17.4150537634
128505,128514,131101,9,2587,2,18000,1.00347893313
128608,128617,131468,9,2851,2,18000,1.00315678709
128624,128630,131492,6,2862,2,18000,1.00209643606
128683,128752,131417,69,2665,2,18000,1.02589118199
128781,128788,131618,7,2830,2,18000,1.00247349823
128798,128804,131566,6,2762,2,18000,1.00217233888
128799,128810,131508,11,2698,2,18000,1.00407709414
128817,128823,131484,6,2661,2,18000,1.00225479143
128833,128841,131528,8,2687,2,18000,1.0029772981
128849,128857,131572,8,2715,2,18000,1.002946593
128865,128871,131653,6,2782,2,18000,1.00215672178
128908,132563,132797,3655,234,2,7200,16.6196581197
128922,136062,157476,7140,21414,2,64800,1.33342673018
128947,128955,131822,8,2867,2,18000,1.00279037321
128964,128970,131776,6,2806,2,18000,1.00213827512
128965,128976,131688,11,2712,2,18000,1.0040560472
129034,129044,131694,10,2650,2,18000,1.00377358491
129142,129151,131974,9,2823,2,18000,1.00318809777
129177,129187,131924,10,2737,2,18000,1.00365363537
129373,129382,132139,9,2757,2,18000,1.00326441785
129389,129398,132204,9,2806,2,18000,1.00320741269
129505,129514,132230,9,2716,2,18000,1.00331369661
129530,129541,132260,11,2719,2,18000,1.004045605
129546,129556,132346,10,2790,2,18000,1.00358422939
129560,136072,149569,6512,13497,2,72000,1.48247758761
129716,129724,132481,8,2757,2,18000,1.00290170475
129806,129816,132593,10,2777,2,18000,1.00360100828
129861,133521,148798,3660,15277,2,72000,1.23957583295
129880,129888,132606,8,2718,2,18000,1.00294334069
129902,129912,132715,10,2803,2,18000,1.00356760614
129981,129988,132744,7,2756,2,18000,1.00253991292
130040,130048,132704,8,2656,2,18000,1.00301204819
130111,130119,132908,8,2789,2,18000,1.00286841162
130126,130133,132843,7,2710,2,18000,1.00258302583
130128,136077,150475,5949,14398,2,72000,1.41318238644
130343,130351,133054,8,2703,2,18000,1.00295967444
130377,130388,133141,11,2753,2,18000,1.00399564112
130498,136083,136323,5585,240,2,7200,24.2708333333
130542,130551,133283,9,2732,2,18000,1.0032942899
130687,130695,133355,8,2660,2,18000,1.0030075188
130718,130728,133517,10,2789,2,18000,1.00358551452
130765,130774,133437,9,2663,2,18000,1.00337964701
130808,130817,133654,9,2837,2,18000,1.00317236517
130890,136088,136302,5198,214,2,7200,25.2897196262
130960,130970,133666,10,2696,2,18000,1.00370919881
131103,131112,133669,9,2557,2,18000,1.00351974971
131141,131150,133919,9,2769,2,18000,1.00325027086
131218,131227,133937,9,2710,2,18000,1.00332103321
131272,131278,131517,6,239,2,7200,1.02510460251
131419,131432,134210,13,2778,2,18000,1.00467962563
131469,131479,134247,10,2768,2,18000,1.00361271676
131485,131496,134266,11,2770,2,18000,1.00397111913
131492,135117,147829,3625,12712,16,36000,1.28516362492
131501,131507,134206,6,2699,2,18000,1.00222304557
131517,131523,134387,6,2864,2,18000,1.00209497207
131532,131539,134349,7,2810,2,18000,1.0024911032
131543,136093,136237,4550,144,2,7200,32.5972222222
131569,131577,134254,8,2677,2,18000,1.00298841987
131584,131590,134377,6,2787,2,18000,1.00215285253
131621,131629,134350,8,2721,2,18000,1.00294009555
131655,131664,134358,9,2694,2,18000,1.00334075724
131690,131699,134490,9,2791,2,18000,1.00322465066
131705,131711,134513,6,2802,2,18000,1.00214132762
131780,131787,134460,7,2673,2,18000,1.0026187804
131813,140453,140686,8640,233,2,7200,38.0815450644
131824,131833,134612,9,2779,2,18000,1.00323857503
131927,131935,134791,8,2856,2,18000,1.00280112045
131976,131986,134637,10,2651,2,18000,1.00377216145
132140,132150,135033,10,2883,2,18000,1.00346860909
132208,132239,134999,31,2760,2,18000,1.01123188406
132233,132245,135019,12,2774,2,18000,1.0043258832
132261,132271,135029,10,2758,2,18000,1.00362581581
132349,132357,135129,8,2772,2,18000,1.00288600289
132448,136113,136150,3665,37,2,7200,100.054054054
132484,132492,135165,8,2673,2,18000,1.00299289188
132596,132604,135319,8,2715,2,18000,1.002946593
132612,132618,135412,6,2794,2,18000,1.00214745884
132706,132716,135560,10,2844,2,18000,1.0035161744
132721,132727,135380,6,2653,2,18000,1.00226159065
132747,132755,135531,8,2776,2,18000,1.00288184438
132847,132854,135470,7,2616,2,18000,1.00267584098
132909,132919,135760,10,2841,2,18000,1.00351988736
133056,133065,135873,9,2808,2,18000,1.00320512821
133143,133152,135932,9,2780,2,18000,1.00323741007
133286,133295,136094,9,2799,2,18000,1.00321543408
133356,133366,136156,10,2790,2,18000,1.00358422939
133442,133448,136174,6,2726,2,18000,1.00220102715
133520,133528,136358,8,2830,2,18000,1.00282685512
133655,139377,139414,5722,37,2,7200,155.648648649
133658,133665,136495,7,2830,2,18000,1.00247349823
133674,133680,136503,6,2823,2,18000,1.00212539851
133675,133686,136401,11,2715,2,18000,1.00405156538
133921,133930,136675,9,2745,2,18000,1.00327868852
133940,133948,136770,8,2822,2,18000,1.00283486889
134204,134218,137033,14,2815,2,18000,1.00497335702
134220,134226,137059,6,2833,2,18000,1.00211789622
134251,134258,136919,7,2661,2,18000,1.00263059
134266,134272,137074,6,2802,2,18000,1.00214132762
134268,134278,137177,10,2899,2,18000,1.00344946533
134353,134360,137106,7,2746,2,18000,1.00254916242
134355,134366,137240,11,2874,2,18000,1.00382741823
134370,134376,137217,6,2841,2,18000,1.00211193242
134385,134392,137233,7,2841,2,18000,1.00246392115
134401,134407,137205,6,2798,2,18000,1.00214438885
134464,134471,137099,7,2628,2,18000,1.00266362253
134492,134501,137372,9,2871,2,18000,1.00313479624
134517,134524,137188,7,2664,2,18000,1.00262762763
134613,134623,137406,10,2783,2,18000,1.0035932447
134793,134925,137705,132,2780,2,18000,1.04748201439
135003,135009,137819,6,2810,2,18000,1.00213523132
135023,135029,137856,6,2827,2,18000,1.00212239123
135039,135045,137681,6,2636,2,18000,1.00227617602
135040,135051,137955,11,2904,2,18000,1.00378787879
135130,135137,137904,7,2767,2,18000,1.00252981568
135168,135174,138012,6,2838,2,18000,1.0021141649
135323,135329,138170,6,2841,2,18000,1.00211193242
135383,135389,138195,6,2806,2,18000,1.00213827512
135414,135421,138264,7,2843,2,18000,1.00246218783
135474,135480,138080,6,2600,2,18000,1.00230769231
135533,135539,138269,6,2730,2,18000,1.0021978022
135561,135596,138399,35,2803,2,18000,1.01248662148
135762,135768,138577,6,2809,2,18000,1.00213599146
135873,135880,138551,7,2671,2,18000,1.0026207413
135935,135942,138787,7,2845,2,18000,1.00246045694
136096,136119,138920,23,2801,2,18000,1.00821135309
136158,136164,138983,6,2819,2,18000,1.00212841433
136177,136183,138851,6,2668,2,18000,1.00224887556
136359,136365,139042,6,2677,2,18000,1.0022413149
136404,136410,139262,6,2852,2,18000,1.00210378682
136500,136507,139285,7,2778,2,18000,1.00251979842
136516,136522,139132,6,2610,2,18000,1.00229885057
136676,136687,139570,11,2883,2,18000,1.00381547
136771,136778,139570,7,2792,2,18000,1.00250716332
136922,136928,139664,6,2736,2,18000,1.00219298246
137036,137043,139880,7,2837,2,18000,1.00246739514
137061,137067,139685,6,2618,2,18000,1.00229182582
137077,137083,139859,6,2776,2,18000,1.00216138329
137103,137109,139905,6,2796,2,18000,1.00214592275
137118,137124,139904,6,2780,2,18000,1.00215827338
137181,137187,139998,6,2811,2,18000,1.00213447172
137197,137204,139995,7,2791,2,18000,1.00250806163
137213,137219,140010,6,2791,2,18000,1.00214976711
137229,137235,140006,6,2771,2,18000,1.00216528329
137244,137251,140020,7,2769,2,18000,1.00252798844
137246,137257,140055,11,2798,2,18000,1.00393137956
137373,137379,140089,6,2710,2,18000,1.00221402214
137407,137413,140250,6,2837,2,18000,1.00211491012
137682,137688,140527,6,2839,2,18000,1.00211342022
137706,137713,140534,7,2821,2,18000,1.00248138958
137822,137828,140506,6,2678,2,18000,1.00224047797
137848,144227,144230,6379,3,8,86400,638.2
137860,137866,140660,6,2794,2,18000,1.00214745884
137885,139299,140441,1414,1142,2,7200,2.23817863398
137906,137912,140747,6,2835,2,18000,1.00211640212
137920,140697,141245,2777,548,2,7200,6.06751824818
137958,137964,140778,6,2814,2,18000,1.00213219616
138014,138020,140737,6,2717,2,18000,1.002208318
138041,144232,144234,6191,2,8,3540,619.3
138082,138088,140864,6,2776,2,18000,1.00216138329
138173,138180,140975,7,2795,2,18000,1.00250447227
138199,138205,140981,6,2776,2,18000,1.00216138329
138267,138273,141062,6,2789,2,18000,1.00215130871
138283,138289,140949,6,2660,2,18000,1.0022556391
138403,138409,141239,6,2830,2,18000,1.00212014134
138554,138560,141387,6,2827,2,18000,1.00212239123
138579,138585,141393,6,2808,2,18000,1.00213675214
138789,138795,141495,6,2700,2,18000,1.00222222222
138854,138861,141655,7,2794,2,18000,1.00250536865
138923,138929,141784,6,2855,2,18000,1.00210157618
138986,138992,141801,6,2809,2,18000,1.00213599146
139043,139049,141769,6,2720,2,18000,1.00220588235
139134,139140,141964,6,2824,2,18000,1.00212464589
139262,139269,141992,7,2723,2,18000,1.00257069409
139288,139294,142117,6,2823,2,18000,1.00212539851
139571,139577,142375,6,2798,2,18000,1.00214438885
139572,139588,142412,16,2824,2,18000,1.00566572238
139666,139672,142441,6,2769,2,18000,1.00216684724
139688,139694,142456,6,2762,2,18000,1.00217233888
139862,139868,142559,6,2691,2,18000,1.0022296544
139882,139888,142548,6,2660,2,18000,1.0022556391
139907,139913,142499,6,2586,2,18000,1.00232018561
139908,139919,142773,11,2854,2,18000,1.00385423966
139987,139993,140032,6,39,1,1800,1.15384615385
140000,140006,142741,6,2735,2,18000,1.00219378428
140001,140012,142753,11,2741,2,18000,1.00401313389
140017,140024,142818,7,2794,2,18000,1.00250536865
140019,140030,142734,11,2704,2,18000,1.00406804734
140034,140040,142820,6,2780,2,18000,1.00215827338
140053,140059,140060,6,1,1,86400,1.0
140057,140065,142903,8,2838,2,18000,1.00281888654
140091,140097,142887,6,2790,2,18000,1.00215053763
140252,140258,143046,6,2788,2,18000,1.00215208034
140305,140311,140381,6,70,1,1800,1.08571428571
140504,140510,143138,6,2628,2,18000,1.00228310502
140528,140535,143210,7,2675,2,18000,1.00261682243
140544,140550,143386,6,2836,2,18000,1.00211565585
140662,140669,143465,7,2796,2,18000,1.00250357654
140740,140746,143454,6,2708,2,18000,1.00221565731
140756,140762,143391,6,2629,2,18000,1.00228223659
140781,140787,143583,6,2796,2,18000,1.00214592275
140867,140873,143641,6,2768,2,18000,1.00216763006
140877,140883,141113,6,230,1,1800,1.02608695652
140951,140957,143805,6,2848,2,18000,1.00210674157
140977,140983,143822,6,2839,2,18000,1.00211342022
140992,140999,143683,7,2684,2,18000,1.00260804769
141064,141071,143869,7,2798,2,18000,1.00250178699
141240,141246,144023,6,2777,2,18000,1.00216060497
141389,141395,144161,6,2766,2,18000,1.0021691974
141404,141411,144193,7,2782,2,18000,1.00251617541
141498,141504,144308,6,2804,2,18000,1.00213980029
141657,141663,144437,6,2774,2,18000,1.0021629416
141773,141779,144482,6,2703,2,18000,1.00221975583
141788,141794,144430,6,2636,2,18000,1.00227617602
141804,141810,144591,6,2781,2,18000,1.0021574973
141965,141971,144666,6,2695,2,18000,1.00222634508
141994,142000,144724,6,2724,2,18000,1.00220264317
142118,142124,144922,6,2798,2,18000,1.00214438885
142341,142348,142385,7,37,1,1800,1.18918918919
142382,142387,145179,5,2792,2,18000,1.00179083095
142416,142422,145082,6,2660,2,18000,1.0022556391
142446,142452,145253,6,2801,2,18000,1.00214209211
142461,142468,145247,7,2779,2,18000,1.00251889169
142502,142508,145336,6,2828,2,18000,1.00212164074
142552,142558,145309,6,2751,2,18000,1.00218102508
142567,142573,145441,6,2868,2,18000,1.00209205021
142693,142699,142762,6,63,1,1800,1.09523809524
142736,142743,145551,7,2808,2,18000,1.00249287749
142752,142758,145418,6,2660,2,18000,1.0022556391
142770,142776,145635,6,2859,2,18000,1.00209863589
142786,142792,145567,6,2775,2,18000,1.00216216216
142827,142833,145460,6,2627,2,18000,1.00228397411
142828,142839,145661,11,2822,2,18000,1.00389794472
142891,142897,145656,6,2759,2,18000,1.00217470098
142906,142912,145711,6,2799,2,18000,1.00214362272
143047,143053,145734,6,2681,2,18000,1.00223797091
143140,143146,145919,6,2773,2,18000,1.0021637216
143213,143219,146026,6,2807,2,18000,1.00213751336
143389,143395,146251,6,2856,2,18000,1.00210084034
143404,143410,146192,6,2782,2,18000,1.00215672178
143457,143463,146287,6,2824,2,18000,1.00212464589
143472,143478,146267,6,2789,2,18000,1.00215130871
143493,143499,143622,6,123,1,1800,1.0487804878
143585,143591,146320,6,2729,2,18000,1.00219860755
143644,143650,146411,6,2761,2,18000,1.00217312568
143684,143690,146534,6,2844,2,18000,1.00210970464
143807,143813,146602,6,2789,2,18000,1.00215130871
143826,143832,146616,6,2784,2,18000,1.00215517241
143873,143879,146655,6,2776,2,18000,1.00216138329
144025,144031,146835,6,2804,2,18000,1.00213980029
144163,144170,147025,7,2855,2,18000,1.00245183888
144195,144201,146926,6,2725,2,18000,1.00220183486
144310,144316,146960,6,2644,2,18000,1.00226928896
144431,144438,147158,7,2720,2,18000,1.00257352941
144447,144453,147279,6,2826,2,18000,1.00212314225
144478,144484,147705,6,3221,64,36000,1.00186277554
144485,144491,147311,6,2820,2,18000,1.00212765957
144594,144601,147444,7,2843,2,18000,1.00246218783
144668,144674,147343,6,2669,2,18000,1.00224803297
144726,144733,147514,7,2781,2,18000,1.00251708019
144924,144930,147632,6,2702,2,18000,1.00222057735
144971,144977,146614,6,1637,2,7200,1.0036652413
145025,146940,147545,1915,605,2,7200,4.1652892562
145084,145090,147901,6,2811,2,18000,1.00213447172
145180,145186,147969,6,2783,2,18000,1.00215594682
145241,146626,146696,1385,70,2,7200,20.7857142857
145251,145258,148155,7,2897,2,18000,1.00241629272
145267,145273,148063,6,2790,2,18000,1.00215053763
145310,145316,148099,6,2783,2,18000,1.00215594682
145338,145344,148015,6,2671,2,18000,1.00224634968
145418,145424,148122,6,2698,2,18000,1.00222386953
145443,145449,148257,6,2808,2,18000,1.00213675214
145464,145470,148250,6,2780,2,18000,1.00215827338
145554,145560,148405,6,2845,2,18000,1.00210896309
145567,146707,146770,1140,63,2,7200,19.0952380952
145570,145576,148395,6,2819,2,18000,1.00212841433
145638,145644,148441,6,2797,2,18000,1.00214515552
145657,145663,148510,6,2847,2,18000,1.00210748156
145672,145678,148401,6,2723,2,18000,1.00220345207
145721,145727,148513,6,2786,2,18000,1.00215362527
145736,145746,148548,10,2802,2,18000,1.00356887937
145917,146781,146824,864,43,2,7200,21.0930232558
145922,145928,148708,6,2780,2,18000,1.00215827338
146029,146036,148652,7,2616,2,18000,1.00267584098
146193,146199,149012,6,2813,2,18000,1.00213295414
146228,146835,146890,607,55,2,7200,12.0363636364
146252,146258,149095,6,2837,2,18000,1.00211491012
146268,146274,148970,6,2696,2,18000,1.00222551929
146289,146296,149010,7,2714,2,18000,1.00257921887
146323,146329,148884,6,2555,2,18000,1.00234833659
146413,146419,149308,6,2889,2,18000,1.0020768432
146537,146543,149358,6,2815,2,18000,1.00213143872
146606,146612,149331,6,2719,2,18000,1.00220669364
146621,146632,149269,11,2637,2,18000,1.0041714069
146643,146901,146908,258,7,2,600,26.5
146660,146666,149395,6,2729,2,18000,1.00219860755
146838,146844,149635,6,2791,2,18000,1.00214976711
146877,146919,146925,42,6,2,600,4.8
146928,146934,149648,6,2714,2,18000,1.00221075903
146962,146969,149762,7,2793,2,18000,1.00250626566
147026,147032,149831,6,2799,2,18000,1.00214362272
147127,147557,147564,430,7,2,600,43.7
147159,147165,149914,6,2749,2,18000,1.00218261186
147248,147839,148639,591,800,8,3600,1.73875
147280,147286,150086,6,2800,2,18000,1.00214285714
147311,147318,150097,7,2779,2,18000,1.00251889169
147346,147352,150143,6,2791,2,18000,1.00214976711
147412,147575,147609,163,34,2,7200,5.79411764706
147442,147448,150047,6,2599,2,18000,1.00230858022
147516,147522,150182,6,2660,2,18000,1.0022556391
147636,147642,150449,6,2807,2,18000,1.00213751336
147902,147908,150765,6,2857,2,18000,1.00210010501
147970,147976,150792,6,2816,2,18000,1.00213068182
148017,148023,150854,6,2831,2,18000,1.00211939244
148066,148072,150884,6,2812,2,18000,1.00213371266
148100,148106,150778,6,2672,2,18000,1.00224550898
148125,148131,150939,6,2808,2,18000,1.00213675214
148158,148165,151031,7,2866,2,18000,1.00244242847
148251,148258,151148,7,2890,2,18000,1.00242214533
148267,148274,151073,7,2799,2,18000,1.00250089318
148398,148404,151178,6,2774,2,18000,1.0021629416
148413,148420,151240,7,2820,2,18000,1.0024822695
148415,148426,151099,11,2673,2,18000,1.00411522634
148443,148449,151235,6,2786,2,18000,1.00215362527
148511,148517,151186,6,2669,2,18000,1.00224803297
148527,148533,151376,6,2843,2,18000,1.00211044671
148543,148549,191785,6,43236,1,43200,1.00013877324
148551,148557,151416,6,2859,2,18000,1.00209863589
148652,148659,151335,7,2676,2,18000,1.00261584454
148711,148717,151397,6,2680,2,18000,1.00223880597
148761,148767,151446,6,2679,64,36000,1.00223964166
148886,148893,151674,7,2781,2,18000,1.00251708019
148973,148979,151775,6,2796,2,18000,1.00214592275
149013,149019,151765,6,2746,2,18000,1.00218499636
149014,149025,151695,11,2670,2,18000,1.00411985019
149098,149104,151943,6,2839,2,18000,1.00211342022
149270,149276,151970,6,2694,2,18000,1.00222717149
149311,149318,152113,7,2795,2,18000,1.00250447227
149334,149340,152131,6,2791,2,18000,1.00214976711
149359,149365,152054,6,2689,2,18000,1.00223131276
149397,149403,152115,6,2712,2,18000,1.00221238938
149638,149644,152448,6,2804,2,18000,1.00213980029
149653,149659,152428,6,2769,2,18000,1.00216684724
149764,149770,152512,6,2742,2,18000,1.00218818381
149833,149839,152509,6,2670,2,18000,1.00224719101
149916,149922,152652,6,2730,2,18000,1.0021978022
150048,150054,152891,6,2837,2,18000,1.00211491012
150076,150082,150143,6,61,1,86400,1.09836065574
150088,150094,152864,6,2770,2,18000,1.00216606498
150105,150111,152966,6,2855,2,18000,1.00210157618
150141,150147,150294,6,147,1,86400,1.04081632653
150142,150153,152927,11,2774,2,18000,1.00396539293
150185,150191,152873,6,2682,2,18000,1.00223713647
150257,150263,150264,6,1,1,172800,1.0
150451,150457,153163,6,2706,2,18000,1.0022172949
150767,150773,153434,6,2661,2,18000,1.00225479143
150782,150788,153475,6,2687,2,18000,1.00223297358
150797,150803,153456,6,2653,2,18000,1.00226159065
150856,150862,153690,6,2828,2,18000,1.00212164074
150887,150893,153479,6,2586,2,18000,1.00232018561
150942,150949,153733,7,2784,2,18000,1.00251436782
151034,151040,153729,6,2689,2,18000,1.00223131276
151074,151080,153720,6,2640,2,18000,1.00227272727
151101,151108,153885,7,2777,2,18000,1.0025207058
151151,151157,153870,6,2713,2,18000,1.0022115739
151180,151187,153910,7,2723,2,18000,1.00257069409
151196,151202,154045,6,2843,2,18000,1.00211044671
151239,151245,153954,6,2709,2,18000,1.00221483942
151254,151260,154084,6,2824,2,18000,1.00212464589
151337,151343,154097,6,2754,2,18000,1.00217864924
151377,151383,154164,6,2781,2,18000,1.0021574973
151399,151405,154230,6,2825,2,18000,1.00212389381
151417,151423,154170,6,2747,2,18000,1.00218420095
151677,151683,154277,6,2594,2,18000,1.00231303007
151698,151704,154445,6,2741,2,18000,1.00218898212
151767,151773,154493,6,2720,2,18000,1.00220588235
151782,151788,154584,6,2796,2,18000,1.00214592275
151946,151952,154714,6,2762,2,18000,1.00217233888
151971,151977,154746,6,2769,2,18000,1.00216684724
152054,152061,154830,7,2769,2,18000,1.00252798844
152117,152123,154951,6,2828,2,18000,1.00212164074
152118,152129,154703,11,2574,2,18000,1.00427350427
152134,152140,154917,6,2777,2,18000,1.00216060497
152429,152435,155227,6,2792,2,18000,1.00214899713
152451,152457,155174,6,2717,2,18000,1.002208318
152510,152517,155273,7,2756,2,18000,1.00253991292
152526,152532,155322,6,2790,2,18000,1.00215053763
152654,152661,155470,7,2809,2,18000,1.00249199003
152868,152874,155604,6,2730,2,18000,1.0021978022
152883,152889,155694,6,2805,2,18000,1.00213903743
152898,152904,155725,6,2821,2,18000,1.00212690535
152929,152936,155727,7,2791,2,18000,1.00250806163
152969,152975,155846,6,2871,2,18000,1.00208986416
153167,153173,155826,6,2653,2,18000,1.00226159065
153437,153444,156245,7,2801,2,18000,1.00249910746
153459,153465,156171,6,2706,2,18000,1.0022172949
153478,153484,156282,6,2798,2,18000,1.00214438885
153493,153499,156331,6,2832,2,18000,1.00211864407
153537,153543,153818,6,275,1,172800,1.02181818182
153567,153573,153651,6,78,1,86400,1.07692307692
153680,153686,154054,6,368,1,86400,1.01630434783
153694,153700,156489,6,2789,2,18000,1.00215130871
153722,153728,156443,6,2715,2,18000,1.00220994475
153738,153744,156523,6,2779,2,18000,1.00215905002
153739,153750,156540,11,2790,2,18000,1.00394265233
153843,153849,154054,6,205,1,172800,1.02926829268
153874,153880,156700,6,2820,2,18000,1.00212765957
153889,153895,156691,6,2796,2,18000,1.00214592275
153914,153920,156525,6,2605,2,18000,1.00230326296
153958,153964,156648,6,2684,2,18000,1.00223546945
154048,154054,156807,6,2753,2,18000,1.00217944061
154057,154063,157566,6,3503,1,86400,1.00171281758
154085,154091,156871,6,2780,2,18000,1.00215827338
154086,154097,174246,11,20149,1,172800,1.0005459328
154101,154107,156889,6,2782,2,18000,1.00215672178
154168,154174,156987,6,2813,2,18000,1.00213295414
154183,154189,157042,6,2853,2,18000,1.00210304942
154232,154238,156973,6,2735,2,18000,1.00219378428
154279,154285,157114,6,2829,2,18000,1.00212089077
154447,154453,157177,6,2724,2,18000,1.00220264317
154496,154502,157312,6,2810,2,18000,1.00213523132
154587,154593,157390,6,2797,2,18000,1.00214515552
154704,154710,157513,6,2803,2,18000,1.00214056368
154719,154725,157428,6,2703,2,18000,1.00221975583
154747,154753,157599,6,2846,2,18000,1.00210822207
154831,154837,157517,6,2680,2,18000,1.00223880597
154920,154926,157742,6,2816,2,18000,1.00213068182
154954,154960,157806,6,2846,2,18000,1.00210822207
155176,155183,157910,7,2727,2,18000,1.00256692336
155229,155235,157966,6,2731,2,18000,1.00219699744
155276,155282,158088,6,2806,2,18000,1.00213827512
155314,155320,160313,6,4993,1,86400,1.00120168236
155325,155332,158091,7,2759,2,18000,1.00253715114
155472,155479,158267,7,2788,2,18000,1.0025107604
155605,155611,158395,6,2784,2,18000,1.00215517241
155694,155701,158326,7,2625,2,18000,1.00266666667
155726,155732,158418,6,2686,2,18000,1.00223380491
155741,155748,158534,7,2786,2,18000,1.00251256281
155828,155834,158592,6,2758,2,18000,1.00217548949
155849,155856,158688,7,2832,2,18000,1.00247175141
156172,156178,158788,6,2610,2,18000,1.00229885057
156246,156252,159069,6,2817,2,18000,1.00212992545
156283,156290,159092,7,2802,2,18000,1.00249821556
156333,156339,159035,6,2696,2,18000,1.00222551929
156447,156453,159172,6,2719,2,18000,1.00220669364
156491,156497,159330,6,2833,2,18000,1.00211789622
156524,156531,159277,7,2746,2,18000,1.00254916242
156540,156546,159314,6,2768,2,18000,1.00216763006
156556,156562,159301,6,2739,2,18000,1.0021905805
156647,156654,159429,7,2775,2,18000,1.00252252252
156694,156700,159500,6,2800,2,18000,1.00214285714
156709,156715,159484,6,2769,2,18000,1.00216684724
156809,156815,159484,6,2669,2,18000,1.00224803297
156873,156879,159669,6,2790,2,18000,1.00215053763
156892,156898,159663,6,2765,2,18000,1.00216998192
156975,156981,159778,6,2797,2,18000,1.00214515552
156990,156996,159716,6,2720,2,18000,1.00220588235
157045,157051,159888,6,2837,2,18000,1.00211491012
157115,157121,159873,6,2752,2,18000,1.00218023256
157180,157186,159966,6,2780,2,18000,1.00215827338
157315,157321,160195,6,2874,2,18000,1.00208768267
157392,157398,160235,6,2837,2,18000,1.00211491012
157429,157435,160295,6,2860,2,18000,1.0020979021
157515,157521,160242,6,2721,2,18000,1.00220507166
157516,157527,160315,11,2788,2,18000,1.00394548063
157602,157609,160340,7,2731,2,18000,1.00256316368
157744,157750,160568,6,2818,2,18000,1.00212916962
157809,157815,160566,6,2751,2,18000,1.00218102508
157913,157919,160769,6,2850,2,18000,1.00210526316
157968,157975,160771,7,2796,2,18000,1.00250357654
158090,158096,160882,6,2786,2,18000,1.00215362527
158105,158111,160743,6,2632,2,18000,1.00227963526
158270,158277,161044,7,2767,2,18000,1.00252981568
158329,158335,161056,6,2721,2,18000,1.00220507166
158355,158362,158371,7,9,16,900,1.6
158397,158403,161301,6,2898,2,18000,1.00207039337
158411,158417,158419,6,2,16,900,1.0
158422,158428,161240,6,2812,2,18000,1.00213371266
158470,158476,158478,6,2,16,900,1.0
158510,158516,159110,6,594,16,900,1.0101010101
158537,158543,161337,6,2794,2,18000,1.00214745884
158544,158549,159124,5,575,16,900,1.00869565217
158588,158594,159169,6,575,16,900,1.01043478261
158595,158601,161384,6,2783,2,18000,1.00215594682
158691,158697,161543,6,2846,2,18000,1.00210822207
158789,158795,161669,6,2874,2,18000,1.00208768267
159036,159042,161822,6,2780,2,18000,1.00215827338
159070,159076,161767,6,2691,2,18000,1.0022296544
159095,159101,161885,6,2784,2,18000,1.00215517241
159176,159182,161791,6,2609,2,18000,1.0022997317
159281,159287,161966,6,2679,2,18000,1.00223964166
159303,159309,162103,6,2794,2,18000,1.00214745884
159318,159324,162130,6,2806,2,18000,1.00213827512
159333,159340,162112,7,2772,2,18000,1.00252525253
159432,159438,162278,6,2840,2,18000,1.00211267606
159485,159491,162240,6,2749,2,18000,1.00218261186
159486,159497,162326,11,2829,2,18000,1.00388829975
159503,159509,162267,6,2758,2,18000,1.00217548949
159667,159673,162462,6,2789,2,18000,1.00215130871
159682,159689,162374,7,2685,2,18000,1.00260707635
159719,159725,162364,6,2639,2,18000,1.00227358848
159736,159742,159974,6,232,16,900,1.02586206897
159781,159787,162559,6,2772,2,18000,1.00216450216
159797,159803,163292,6,3489,64,36000,1.00171969046
159877,159883,162728,6,2845,2,18000,1.00210896309
159892,159898,162726,6,2828,2,18000,1.00212164074
159968,159974,162685,6,2711,2,18000,1.00221320546
160054,160060,160416,6,356,16,900,1.01685393258
160132,160138,160268,6,130,1,86400,1.04615384615
160197,160203,163074,6,2871,2,18000,1.00208986416
160239,160245,163147,6,2902,2,18000,1.00206753963
160247,160253,160256,6,3,1,172800,1.0
160255,160261,163020,6,2759,2,18000,1.00217470098
160264,160270,323299,6,163029,1,172800,1.00003680327
160296,160302,162996,6,2694,2,18000,1.00222717149
160310,160316,325846,6,165530,1,172800,1.00003624721
160319,160324,163116,5,2792,2,18000,1.00179083095
160341,160347,162973,6,2626,2,18000,1.00228484387
160570,160576,163365,6,2789,2,18000,1.00215130871
160572,160582,163367,10,2785,2,18000,1.00359066427
160697,160704,323299,7,162595,1,172800,1.00004305175
160745,160752,163610,7,2858,2,18000,1.00244926522
160771,160777,163554,6,2777,2,18000,1.00216060497
160786,160793,163429,7,2636,2,18000,1.00265553869
160883,160889,163671,6,2782,2,18000,1.00215672178
160954,160960,161435,6,475,16,900,1.01263157895
160987,160993,161461,6,468,16,900,1.01282051282
161045,161051,163975,6,2924,2,18000,1.00205198358
161060,161067,163839,7,2772,2,18000,1.00252525253
161242,161248,163917,6,2669,2,18000,1.00224803297
161304,161310,163931,6,2621,2,18000,1.00228920259
161339,161345,164114,6,2769,2,18000,1.00216684724
161385,161391,164176,6,2785,2,18000,1.00215439856
161547,161553,164406,6,2853,2,18000,1.00210304942
161559,161565,163639,6,2074,2,10800,1.00289296046
161661,161667,161669,6,2,1,600,1.0
161671,161677,164405,6,2728,2,18000,1.00219941349
161693,161699,162317,6,618,1,600,1.00970873786
161770,161776,164425,6,2649,2,18000,1.00226500566
161794,161801,164509,7,2708,2,18000,1.00258493353
161826,161832,164556,6,2724,2,18000,1.00220264317
161888,161894,164638,6,2744,2,18000,1.00218658892
161968,161974,164608,6,2634,2,18000,1.00227790433
162107,162113,164886,6,2773,2,18000,1.0021637216
162123,162129,164948,6,2819,2,18000,1.00212841433
162140,162146,164950,6,2804,2,18000,1.00213980029
162243,162249,165078,6,2829,2,18000,1.00212089077
162268,162274,165088,6,2814,2,18000,1.00213219616
162284,162289,165061,5,2772,2,18000,1.0018037518
162328,162334,165132,6,2798,2,18000,1.00214438885
162367,162373,165143,6,2770,2,18000,1.00216606498
162383,162389,165131,6,2742,2,18000,1.00218818381
162465,162471,165289,6,2818,2,18000,1.00212916962
162562,162568,165385,6,2817,2,18000,1.00212992545
162687,162693,165466,6,2773,2,18000,1.0021637216
162728,162734,165511,6,2777,2,18000,1.00216060497
162730,162740,165596,10,2856,2,18000,1.00350140056
162981,162987,165628,6,2641,2,18000,1.00227186672
162997,163003,165674,6,2671,2,18000,1.00224634968
163023,163029,165815,6,2786,2,18000,1.00215362527
163077,163083,165844,6,2761,2,18000,1.00217312568
163119,163125,165789,6,2664,2,18000,1.00225225225
163149,163155,165806,6,2651,2,18000,1.00226329687
163258,163264,256752,6,93488,1,172860,1.00006417936
163367,163373,166119,6,2746,2,18000,1.00218499636
163368,163379,166063,11,2684,2,18000,1.00409836066
163432,163438,166209,6,2771,2,18000,1.00216528329
163558,163564,166362,6,2798,2,18000,1.00214438885
163614,163620,166367,6,2747,2,18000,1.00218420095
163674,163680,166445,6,2765,2,18000,1.00216998192
163840,163846,166595,6,2749,2,18000,1.00218261186
163922,163929,166681,7,2752,2,18000,1.00254360465
163939,163946,166650,7,2704,2,18000,1.0025887574
163978,163984,166690,6,2706,2,18000,1.0022172949
164117,164123,166922,6,2799,2,18000,1.00214362272
164179,164185,166909,6,2724,2,18000,1.00220264317
164387,164393,166256,6,1863,64,36000,1.00322061192
164407,164413,167262,6,2849,2,18000,1.00210600211
164408,164419,167158,11,2739,2,18000,1.00401606426
164427,164433,167210,6,2777,2,18000,1.00216060497
164511,164517,167325,6,2808,2,18000,1.00213675214
164557,164563,167445,6,2882,2,18000,1.00208188758
164610,164617,167333,7,2716,2,18000,1.00257731959
164641,164648,167419,7,2771,2,18000,1.00252616384
164889,164896,167717,7,2821,2,18000,1.00248138958
164925,164931,172379,6,7448,16,36000,1.00080558539
164949,164955,167808,6,2853,2,18000,1.00210304942
164964,164971,167624,7,2653,2,18000,1.00263852243
165063,165069,167866,6,2797,2,18000,1.00214515552
165082,165088,167881,6,2793,2,18000,1.00214822771
165097,165103,167870,6,2767,2,18000,1.00216841344
165136,165142,167952,6,2810,2,18000,1.00213523132
165137,165148,167959,11,2811,2,18000,1.00391319815
165152,165158,167892,6,2734,2,18000,1.00219458669
165292,165298,168320,6,3022,2,18000,1.00198544011
165388,165394,168311,6,2917,2,18000,1.00205690778
165468,165474,168320,6,2846,2,18000,1.00210822207
165513,165519,168320,6,2801,2,18000,1.00214209211
165598,165604,168316,6,2712,2,18000,1.00221238938
165630,165636,168395,6,2759,2,18000,1.00217470098
165677,165683,168320,6,2637,2,18000,1.00227531286
165793,165799,168571,6,2772,2,18000,1.00216450216
165809,165815,168613,6,2798,2,18000,1.00214438885
165825,165831,168594,6,2763,2,18000,1.00217155266
165847,165853,168671,6,2818,2,18000,1.00212916962
166065,166071,168728,6,2657,2,18000,1.00225818592
166121,166128,168939,7,2811,2,18000,1.002490217
166213,166219,168870,6,2651,2,18000,1.00226329687
166363,166370,169162,7,2792,2,18000,1.00250716332
166379,166386,169110,7,2724,2,18000,1.00256975037
166446,166451,169096,5,2645,2,18000,1.00189035917
166599,166606,169396,7,2790,2,18000,1.00250896057
166654,166660,169315,6,2655,2,18000,1.00225988701
166683,166690,169563,7,2873,2,18000,1.00243647755
166700,166706,169588,6,2882,2,18000,1.00208188758
166910,166917,169742,7,2825,2,18000,1.00247787611
166927,166933,169704,6,2771,2,18000,1.00216528329
167160,167167,170018,7,2851,2,18000,1.00245527885
167211,167217,170026,6,2809,2,18000,1.00213599146
167264,167271,170089,7,2818,2,18000,1.00248403123
167327,167333,170080,6,2747,2,18000,1.00218420095
167343,167349,170134,6,2785,2,18000,1.00215439856
167421,167427,170299,6,2872,2,18000,1.00208913649
167447,167453,170084,6,2631,2,18000,1.00228050171
167626,167632,170253,6,2621,2,18000,1.00228920259
167720,167726,170392,6,2666,2,18000,1.00225056264
167811,167817,170487,6,2670,2,18000,1.00224719101
167868,167874,170675,6,2801,2,18000,1.00214209211
167883,167889,170632,6,2743,2,18000,1.00218738607
167885,167895,170594,10,2699,2,18000,1.00370507595
167901,167907,170720,6,2813,2,18000,1.00213295414
167955,167961,170730,6,2769,2,18000,1.00216684724
167971,167977,170791,6,2814,2,18000,1.00213219616
168315,168321,171017,6,2696,2,18000,1.00222551929
168332,168338,171177,6,2839,2,18000,1.00211342022
168333,168343,171231,10,2888,2,18000,1.00346260388
168334,168349,171036,15,2687,2,18000,1.00558243394
168335,168354,171026,19,2672,2,18000,1.00711077844
168336,168359,171150,23,2791,2,18000,1.00824077392
168398,168405,171141,7,2736,2,18000,1.00255847953
168574,168580,171304,6,2724,2,18000,1.00220264317
168596,168602,171206,6,2604,2,18000,1.00230414747
168614,168620,171377,6,2757,2,18000,1.00217627856
168673,168679,171360,6,2681,2,18000,1.00223797091
168731,168737,171375,6,2638,2,18000,1.00227445034
168873,168879,171537,6,2658,2,18000,1.00225733634
168940,168946,171732,6,2786,2,18000,1.00215362527
169098,169104,171857,6,2753,2,18000,1.00217944061
169113,169119,171859,6,2740,2,18000,1.00218978102
169166,169172,171949,6,2777,2,18000,1.00216060497
169318,169324,171979,6,2655,2,18000,1.00225988701
169398,169404,172228,6,2824,2,18000,1.00212464589
169565,169571,172275,6,2704,2,18000,1.00221893491
169590,169596,172395,6,2799,2,18000,1.00214362272
169602,169608,169609,6,1,2,300,1.0
169707,169713,172503,6,2790,2,18000,1.00215053763
169745,169751,172473,6,2722,2,18000,1.00220426157
170019,170025,172836,6,2811,2,18000,1.00213447172
170034,170041,172818,7,2777,2,18000,1.0025207058
170084,170090,172916,6,2826,2,18000,1.00212314225
170085,170096,172962,11,2866,2,18000,1.00383810188
170101,170107,172997,6,2890,2,18000,1.00207612457
170138,170144,172802,6,2658,2,18000,1.00225733634
170255,170261,172958,6,2697,2,18000,1.0022246941
170301,170307,173007,6,2700,2,18000,1.00222222222
170393,170399,173256,6,2857,2,18000,1.00210010501
170488,170494,173351,6,2857,2,18000,1.00210010501
170598,170604,173397,6,2793,2,18000,1.00214822771
170635,170641,173218,6,2577,2,18000,1.00232828871
170678,170684,173386,6,2702,2,18000,1.00222057735
170722,170728,173424,6,2696,2,18000,1.00222551929
170738,170744,173602,6,2858,2,18000,1.00209937019
170793,170799,173632,6,2833,2,18000,1.00211789622
171020,171027,173852,7,2825,2,18000,1.00247787611
171036,171042,173769,6,2727,2,18000,1.00220022002
171037,171048,173836,11,2788,2,18000,1.00394548063
171143,171149,173866,6,2717,2,18000,1.002208318
171158,171164,174019,6,2855,2,18000,1.00210157618
171180,171187,173980,7,2793,2,18000,1.00250626566
171208,171214,174056,6,2842,2,18000,1.0021111893
171233,171239,174077,6,2838,2,18000,1.0021141649
171307,171313,174112,6,2799,2,18000,1.00214362272
171362,171368,174165,6,2797,2,18000,1.00214515552
171378,171384,174012,6,2628,2,18000,1.00228310502
171380,171390,174112,10,2722,2,18000,1.00367376929
171538,171545,174314,7,2769,2,18000,1.00252798844
171735,171741,174455,6,2714,2,18000,1.00221075903
171859,171865,174612,6,2747,2,18000,1.00218420095
171875,171881,174679,6,2798,2,18000,1.00214438885
171951,171957,174714,6,2757,2,18000,1.00217627856
171982,171988,174757,6,2769,2,18000,1.00216684724
172229,172235,175017,6,2782,2,18000,1.00215672178
172278,172285,174862,7,2577,2,18000,1.00271633683
172386,172392,173963,6,1571,16,36000,1.00381922342
172396,172402,175044,6,2642,2,18000,1.00227100681
172476,172482,175189,6,2707,2,18000,1.0022164758
172504,172510,175328,6,2818,2,18000,1.00212916962
172804,172810,175533,6,2723,2,18000,1.00220345207
172820,172826,175628,6,2802,2,18000,1.00214132762
172838,172844,175673,6,2829,2,18000,1.00212089077
172917,172924,175717,7,2793,2,18000,1.00250626566
172961,172967,175820,6,2853,2,18000,1.00210304942
172977,172983,175655,6,2672,2,18000,1.00224550898
172999,173005,175718,6,2713,2,18000,1.0022115739
173014,173021,175846,7,2825,2,18000,1.00247787611
173220,173226,176023,6,2797,2,18000,1.00214515552
173257,173263,176011,6,2748,2,18000,1.00218340611
173352,173358,176071,6,2713,2,18000,1.0022115739
173389,173395,176071,6,2676,2,18000,1.00224215247
173404,173411,176189,7,2778,2,18000,1.00251979842
173426,173432,176331,6,2899,2,18000,1.0020696792
173605,173611,176182,6,2571,2,18000,1.00233372229
173633,173639,176438,6,2799,2,18000,1.00214362272
173771,173777,176581,6,2804,2,18000,1.00213980029
173840,173846,176643,6,2797,2,18000,1.00214515552
173855,173861,176661,6,2800,2,18000,1.00214285714
173871,173877,176617,6,2740,2,18000,1.00218978102
173982,173988,176666,6,2678,2,18000,1.00224047797
174016,174022,176813,6,2791,2,18000,1.00214976711
174031,174037,176698,6,2661,2,18000,1.00225479143
174059,174065,176881,6,2816,2,18000,1.00213068182
174082,174088,176862,6,2774,2,18000,1.0021629416
174114,174120,176952,6,2832,2,18000,1.00211864407
174115,174126,176916,11,2790,2,18000,1.00394265233
174167,174173,176933,6,2760,2,18000,1.00217391304
174317,174323,177118,6,2795,2,18000,1.00214669052
174459,174465,177049,6,2584,2,18000,1.00232198142
174616,174622,177428,6,2806,2,18000,1.00213827512
174680,174686,177555,6,2869,2,18000,1.00209132102
174714,174720,177437,6,2717,2,18000,1.002208318
174760,174767,177603,7,2836,2,18000,1.00246826516
174865,174871,177649,6,2778,2,18000,1.00215982721
175019,175025,177820,6,2795,2,18000,1.00214669052
175046,175053,177819,7,2766,2,18000,1.0025307303
175191,175197,177983,6,2786,2,18000,1.00215362527
175330,175336,178179,6,2843,2,18000,1.00211044671
175536,175542,178406,6,2864,2,18000,1.00209497207
175631,175637,178381,6,2744,2,18000,1.00218658892
175658,175665,178503,7,2838,2,18000,1.00246652572
175674,175680,178348,6,2668,2,18000,1.00224887556
175718,175724,178425,6,2701,2,18000,1.00222139948
175733,175739,178358,6,2619,2,18000,1.00229095074
175822,175828,178627,6,2799,2,18000,1.00214362272
175848,175854,178659,6,2805,2,18000,1.00213903743
176012,176018,178904,6,2886,2,18000,1.00207900208
176027,176033,178868,6,2835,2,18000,1.00211640212
176074,176080,178868,6,2788,2,18000,1.00215208034
176075,176086,178768,11,2682,2,18000,1.00410141685
176183,176189,179034,6,2845,2,18000,1.00210896309
176198,176204,178985,6,2781,2,18000,1.0021574973
176333,176339,179016,6,2677,2,18000,1.0022413149
176441,176447,179201,6,2754,2,18000,1.00217864924
176583,176589,179369,6,2780,2,18000,1.00215827338
176620,176626,179384,6,2758,2,18000,1.00217548949
176645,176651,179308,6,2657,2,18000,1.00225818592
176664,176670,179559,6,2889,2,18000,1.0020768432
176679,176685,179456,6,2771,2,18000,1.00216528329
176701,176707,179532,6,2825,2,18000,1.00212389381
176816,176822,179550,6,2728,2,18000,1.00219941349
176865,176871,179711,6,2840,2,18000,1.00211267606
176883,176889,179703,6,2814,2,18000,1.00213219616
176917,176923,179752,6,2829,2,18000,1.00212089077
176936,176942,179632,6,2690,2,18000,1.00223048327
176955,176961,179717,6,2756,2,18000,1.00217706821
177053,177059,179695,6,2636,2,18000,1.00227617602
177121,177127,179974,6,2847,2,18000,1.00210748156
177431,177437,180155,6,2718,2,18000,1.00220750552
177446,177452,180193,6,2741,2,18000,1.00218898212
177557,177563,180456,6,2893,2,18000,1.00207397166
177606,177612,180377,6,2765,2,18000,1.00216998192
177653,177659,180462,6,2803,2,18000,1.00214056368
177823,177830,180657,7,2827,2,18000,1.0024761231
177825,177836,180624,11,2788,2,18000,1.00394548063
177986,177992,180777,6,2785,2,18000,1.00215439856
178181,178187,180880,6,2693,2,18000,1.00222799851
178348,178354,181107,6,2753,2,18000,1.00217944061
178363,178369,181129,6,2760,2,18000,1.00217391304
178384,178391,181190,7,2799,2,18000,1.00250089318
178409,178415,181083,6,2668,2,18000,1.00224887556
178427,178434,181173,7,2739,2,18000,1.00255567725
178518,178524,181337,6,2813,2,18000,1.00213295414
178629,178636,181279,7,2643,2,18000,1.00264850549
178660,178666,181518,6,2852,2,18000,1.00210378682
178771,178777,181571,6,2794,2,18000,1.00214745884
178871,178877,181746,6,2869,2,18000,1.00209132102
178872,178883,181556,11,2673,2,18000,1.00411522634
178907,178913,181719,6,2806,2,18000,1.00213827512
178988,178994,181776,6,2782,2,18000,1.00215672178
179019,179025,181774,6,2749,2,18000,1.00218261186
179035,179041,181725,6,2684,2,18000,1.00223546945
179204,179210,182051,6,2841,2,18000,1.00211193242
179311,179317,182130,6,2813,2,18000,1.00213295414
179373,179379,182254,6,2875,2,18000,1.00208695652
179388,179394,182249,6,2855,2,18000,1.00210157618
179404,179410,179414,6,4,2,300,1.0
179424,179430,179454,6,24,2,300,1.25
179459,179465,182128,6,2663,2,18000,1.00225309801
179467,179473,179545,6,72,2,300,1.08333333333
179533,179539,182415,6,2876,2,18000,1.00208623088
179552,179558,182277,6,2719,2,18000,1.00220669364
179554,179564,179713,10,149,2,300,1.06711409396
179568,179574,182350,6,2776,2,18000,1.00216138329
179635,179641,182436,6,2795,2,18000,1.00214669052
179697,179703,182417,6,2714,2,18000,1.00221075903
179713,179719,182416,6,2697,2,18000,1.0022246941
179714,179725,182571,11,2846,2,18000,1.00386507379
179722,179731,179747,9,16,2,300,1.5625
179730,179737,182657,7,2920,2,18000,1.00239726027
179754,179760,182539,6,2779,2,18000,1.00215905002
179759,179766,179800,7,34,2,300,1.20588235294
179809,179815,179843,6,28,2,300,1.21428571429
179851,179857,180168,6,311,2,300,1.0192926045
179975,179981,182799,6,2818,2,18000,1.00212916962
180157,180163,183001,6,2838,2,18000,1.0021141649
180182,180188,180408,6,220,2,360,1.02727272727
180194,180200,182980,6,2780,2,18000,1.00215827338
180379,180385,183174,6,2789,2,18000,1.00215130871
180459,180466,183124,7,2658,2,18000,1.00263355907
180475,180481,183330,6,2849,2,18000,1.00210600211
180626,180632,183382,6,2750,2,18000,1.00218181818
180660,180666,183518,6,2852,2,18000,1.00210378682
180781,180787,183485,6,2698,2,18000,1.00222386953
180878,180884,183547,6,2663,2,18000,1.00225309801
181084,181090,183707,6,2617,2,18000,1.00229270157
181109,181115,183750,6,2635,2,18000,1.00227703985
181131,181137,183921,6,2784,2,18000,1.00215517241
181174,181180,183988,6,2808,2,18000,1.00213675214
181192,181198,183872,6,2674,2,18000,1.00224382947
181282,181288,184045,6,2757,2,18000,1.00217627856
181338,181344,184058,6,2714,2,18000,1.00221075903
181520,181526,184410,6,2884,2,18000,1.00208044383
181558,181564,184322,6,2758,2,18000,1.00217548949
181573,181579,184146,6,2567,2,18000,1.00233735878
181720,181727,184472,7,2745,2,18000,1.00255009107
181737,181743,184504,6,2761,2,18000,1.00217312568
181753,181758,184539,5,2781,2,18000,1.00179791442
181774,181781,184614,7,2833,2,18000,1.00247087893
181790,181796,184631,6,2835,2,18000,1.00211640212
182052,182058,184949,6,2891,2,18000,1.00207540643
182130,182136,184936,6,2800,2,18000,1.00214285714
182145,182151,184828,6,2677,2,18000,1.0022413149
182251,182258,184954,7,2696,2,18000,1.00259643917
182267,182273,185023,6,2750,2,18000,1.00218181818
182283,182289,184945,6,2656,2,18000,1.00225903614
182354,182360,185150,6,2790,2,18000,1.00215053763
182417,182423,185162,6,2739,2,18000,1.0021905805
182418,182429,185286,11,2857,2,18000,1.00385019251
182419,182434,185183,15,2749,2,18000,1.00545652965
182439,182445,185218,6,2773,2,18000,1.0021637216
182542,182548,185326,6,2778,2,18000,1.00215982721
182573,182579,185353,6,2774,2,18000,1.0021629416
182658,182664,185476,6,2812,2,18000,1.00213371266
182801,182807,185611,6,2804,2,18000,1.00213980029
182983,182990,185583,7,2593,2,18000,1.00269957578
183002,183008,185681,6,2673,2,18000,1.00224466891
183126,183132,185816,6,2684,2,18000,1.00223546945
183176,183182,185872,6,2690,2,18000,1.00223048327
183331,183337,186056,6,2719,2,18000,1.00220669364
183383,183389,186169,6,2780,2,18000,1.00215827338
183489,183495,186272,6,2777,2,18000,1.00216060497
183520,183526,186347,6,2821,2,18000,1.00212690535
183548,183554,186305,6,2751,2,18000,1.00218102508
183708,183715,186521,7,2806,2,18000,1.00249465431
183752,183759,186587,7,2828,2,18000,1.00247524752
183874,183881,186452,7,2571,2,18000,1.002722676
183922,183928,186781,6,2853,2,18000,1.00210304942
183991,183997,186629,6,2632,2,18000,1.00227963526
184047,184053,186916,6,2863,2,18000,1.00209570381
184063,184069,186782,6,2713,2,18000,1.0022115739
184148,184154,186917,6,2763,2,18000,1.00217155266
184327,184333,186982,6,2649,2,18000,1.00226500566
184411,184418,187115,7,2697,2,18000,1.00259547646
184474,184481,187312,7,2831,2,18000,1.00247262451
184506,184512,187323,6,2811,2,18000,1.00213447172
184541,184547,187279,6,2732,2,18000,1.00219619327
184618,184624,187211,6,2587,2,18000,1.00231928875
184634,184640,187440,6,2800,2,18000,1.00214285714
184832,184838,187631,6,2793,2,18000,1.00214822771
184940,184946,187765,6,2819,2,18000,1.00212841433
184958,184964,187715,6,2751,2,18000,1.00218102508
184959,184970,187565,11,2595,2,18000,1.004238921
184960,184975,187655,15,2680,2,18000,1.00559701493
185027,185034,187642,7,2608,2,18000,1.00268404908
185152,185158,187783,6,2625,2,18000,1.00228571429
185167,185173,187970,6,2797,2,18000,1.00214515552
185185,185192,187941,7,2749,2,18000,1.0025463805
185220,185226,188039,6,2813,2,18000,1.00213295414
185288,185294,188077,6,2783,2,18000,1.00215594682
185329,185335,188167,6,2832,2,18000,1.00211864407
185356,185362,188095,6,2733,2,18000,1.00219538968
185485,185491,188341,6,2850,2,18000,1.00210526316
185588,185594,188377,6,2783,2,18000,1.00215594682
185613,185620,188297,7,2677,2,18000,1.00261486739
185682,185688,188483,6,2795,2,18000,1.00214669052
185819,185825,188653,6,2828,2,18000,1.00212164074
185874,185880,188733,6,2853,2,18000,1.00210304942
186057,186064,188901,7,2837,2,18000,1.00246739514
186170,186176,188972,6,2796,2,18000,1.00214592275
186276,186282,189004,6,2722,2,18000,1.00220426157
186307,186313,189068,6,2755,2,18000,1.00217785844
186351,186358,188967,7,2609,2,18000,1.00268302031
186455,186461,189126,6,2665,2,18000,1.00225140713
186523,186528,189351,5,2823,2,18000,1.00177116543
186588,186594,189447,6,2853,2,18000,1.00210304942
186631,186638,189359,7,2721,2,18000,1.00257258361
186785,186791,189581,6,2790,2,18000,1.00215053763
186786,186797,189548,11,2751,2,18000,1.00399854598
186919,186926,189651,7,2725,2,18000,1.00256880734
186921,186932,189787,11,2855,2,18000,1.00385288967
186983,186989,189662,6,2673,2,18000,1.00224466891
187117,187123,189903,6,2780,2,18000,1.00215827338
187213,187219,190098,6,2879,2,18000,1.00208405696
187282,187288,190082,6,2794,2,18000,1.00214745884
187313,187319,190053,6,2734,2,18000,1.00219458669
187328,187334,190194,6,2860,2,18000,1.0020979021
187442,187448,190164,6,2716,2,18000,1.00220913108
187568,187575,190394,7,2819,2,18000,1.00248315005
187634,187640,190421,6,2781,2,18000,1.0021574973
187649,187655,190451,6,2796,2,18000,1.00214592275
187665,187671,190486,6,2815,2,18000,1.00213143872
187718,187724,190526,6,2802,2,18000,1.00214132762
187768,187774,190695,6,2921,2,18000,1.00205409106
187787,187793,190604,6,2811,2,18000,1.00213447172
187938,187944,190752,6,2808,2,18000,1.00213675214
187972,187978,190762,6,2784,2,18000,1.00215517241
188040,188046,190821,6,2775,2,18000,1.00216216216
188080,188087,190893,7,2806,2,18000,1.00249465431
188096,188102,190886,6,2784,2,18000,1.00215517241
188168,188174,190992,6,2818,2,18000,1.00212916962
188299,188305,191077,6,2772,2,18000,1.00216450216
188343,188349,191185,6,2836,2,18000,1.00211565585
188380,188386,191176,6,2790,2,18000,1.00215053763
188485,188491,191217,6,2726,2,18000,1.00220102715
188655,188662,191481,7,2819,2,18000,1.00248315005
188737,188743,191333,6,2590,2,18000,1.00231660232
188902,188908,191627,6,2719,2,18000,1.00220669364
188970,188976,191728,6,2752,2,18000,1.00218023256
188985,188992,191763,7,2771,2,18000,1.00252616384
189008,189014,191744,6,2730,2,18000,1.0021978022
189070,189076,191736,6,2660,2,18000,1.0022556391
189130,189136,191904,6,2768,2,18000,1.00216763006
189354,189360,192133,6,2773,2,18000,1.0021637216
189370,189376,192235,6,2859,2,18000,1.00209863589
189450,189456,192140,6,2684,2,18000,1.00223546945
189550,189556,192388,6,2832,2,18000,1.00211864407
189584,189590,192240,6,2650,2,18000,1.00226415094
189655,189661,192466,6,2805,2,18000,1.00213903743
189671,189677,192400,6,2723,2,18000,1.00220345207
189789,189795,192526,6,2731,2,18000,1.00219699744
189906,189912,192614,6,2702,2,18000,1.00222057735
190055,190062,192926,7,2864,2,18000,1.00244413408
190084,190090,192962,6,2872,2,18000,1.00208913649
190099,190106,192950,7,2844,2,18000,1.00246132208
190168,190174,192973,6,2799,2,18000,1.00214362272
190196,190202,193014,6,2812,2,18000,1.00213371266
190397,190403,193196,6,2793,2,18000,1.00214822771
190422,190428,193256,6,2828,2,18000,1.00212164074
190453,190459,193276,6,2817,2,18000,1.00212992545
190490,190496,193179,6,2683,2,18000,1.00223630265
190527,190534,193347,7,2813,2,18000,1.0024884465
190605,190611,193461,6,2850,2,18000,1.00210526316
190699,190705,193548,6,2843,2,18000,1.00211044671
190755,190762,193511,7,2749,2,18000,1.0025463805
190771,190777,193576,6,2799,2,18000,1.00214362272
190824,190830,193610,6,2780,2,18000,1.00215827338
190890,190896,193655,6,2759,2,18000,1.00217470098
190905,190911,193675,6,2764,2,18000,1.002170767
190995,191001,193785,6,2784,2,18000,1.00215517241
191080,191086,193910,6,2824,2,18000,1.00212464589
191180,191186,193950,6,2764,2,18000,1.002170767
191196,191202,193916,6,2714,2,18000,1.00221075903
191221,191227,194108,6,2881,2,18000,1.0020826102
191334,191341,194110,7,2769,2,18000,1.00252798844
191380,191386,192035,6,649,16,3600,1.0092449923
191483,191489,194141,6,2652,2,18000,1.00226244344
191630,191636,194494,6,2858,2,18000,1.00209937019
191733,191739,194498,6,2759,2,18000,1.00217470098
191748,191754,194425,6,2671,2,18000,1.00224634968
191750,191761,194414,11,2653,2,18000,1.00414624953
191766,191772,194518,6,2746,2,18000,1.00218499636
191906,191912,194434,6,2522,2,18000,1.00237906423
192135,192141,194929,6,2788,2,18000,1.00215208034
192150,192157,194991,7,2834,2,18000,1.00247000706
192237,192243,194922,6,2679,2,18000,1.00223964166
192253,192259,195050,6,2791,2,18000,1.00214976711
192392,192398,195142,6,2744,2,18000,1.00218658892
192407,192413,195248,6,2835,2,18000,1.00211640212
192469,192475,195299,6,2824,2,18000,1.00212464589
192528,192534,195252,6,2718,2,18000,1.00220750552
192617,192624,195416,7,2792,2,18000,1.00250716332
192928,192934,195721,6,2787,2,18000,1.00215285253
192953,192959,195766,6,2807,2,18000,1.00213751336
192968,192975,195593,7,2618,2,18000,1.00267379679
192984,192990,195731,6,2741,2,18000,1.00218898212
193015,193021,195819,6,2798,2,18000,1.00214438885
193020,193027,193472,7,445,16,3600,1.01573033708
193181,193187,196005,6,2818,2,18000,1.00212916962
193200,193206,196004,6,2798,2,18000,1.00214438885
193258,193264,195975,6,2711,2,18000,1.00221320546
193277,193283,196050,6,2767,2,18000,1.00216841344
193351,193357,196127,6,2770,2,18000,1.00216606498
193443,193449,193454,6,5,16,900,1.1
193463,193469,196206,6,2737,2,18000,1.00219218122
193516,193522,196320,6,2798,2,18000,1.00214438885
193537,193543,193545,6,2,16,900,1.0
193550,193556,196202,6,2646,2,18000,1.0022675737
193579,193585,196387,6,2802,2,18000,1.00214132762
193613,193618,196272,5,2654,2,18000,1.00188394876
193613,193624,193734,11,110,16,900,1.1
193657,193663,196389,6,2726,2,18000,1.00220102715
193679,193685,196292,6,2607,2,18000,1.00230149597
193788,193794,196562,6,2768,2,18000,1.00216763006
193809,193815,193903,6,88,16,900,1.06818181818
193914,193920,196584,6,2664,2,18000,1.00225225225
193930,193936,196756,6,2820,2,18000,1.00212765957
193952,193958,196759,6,2801,2,18000,1.00214209211
194110,194117,196877,7,2760,2,18000,1.00253623188
194112,194123,196978,11,2855,2,18000,1.00385288967
194143,194149,196932,6,2783,2,18000,1.00215594682
194416,194423,197245,7,2822,2,18000,1.00248051028
194432,194438,197283,6,2845,2,18000,1.00210896309
194447,194453,197346,6,2893,2,18000,1.00207397166
194497,194503,197176,6,2673,2,18000,1.00224466891
194512,194518,197188,6,2670,2,18000,1.00224719101
194528,194534,197341,6,2807,2,18000,1.00213751336
194925,194931,197708,6,2777,2,18000,1.00216060497
194940,194946,197813,6,2867,2,18000,1.00209277991
194994,195000,197841,6,2841,2,18000,1.00211193242
195054,195061,197892,7,2831,2,18000,1.00247262451
195138,195145,197948,7,2803,2,18000,1.0024973243
195251,195257,198058,6,2801,2,18000,1.00214209211
195267,195273,198105,6,2832,2,18000,1.00211864407
195301,195307,198001,6,2694,2,18000,1.00222717149
195419,195425,198156,6,2731,2,18000,1.00219699744
195594,195600,198462,6,2862,2,18000,1.00209643606
195723,195728,198532,5,2804,2,18000,1.0017831669
195738,195744,198405,6,2661,2,18000,1.00225479143
195769,195775,198553,6,2778,2,18000,1.00215982721
195822,195828,198553,6,2725,2,18000,1.00220183486
195978,195984,198673,6,2689,2,18000,1.00223131276
196007,196013,198822,6,2809,2,18000,1.00213599146
196008,196019,198827,11,2808,2,18000,1.00391737892
196052,196058,198873,6,2815,2,18000,1.00213143872
196130,196136,198812,6,2676,2,18000,1.00224215247
196204,196210,198994,6,2784,2,18000,1.00215517241
196220,196226,199011,6,2785,2,18000,1.00215439856
196276,196282,199118,6,2836,2,18000,1.00211565585
196294,196300,198976,6,2676,2,18000,1.00224215247
196322,196328,199110,6,2782,2,18000,1.00215672178
196390,196397,199189,7,2792,2,18000,1.00250716332
196392,196403,199255,11,2852,2,18000,1.0038569425
196565,196571,199359,6,2788,2,18000,1.00215208034
196587,196593,199413,6,2820,2,18000,1.00212765957
196757,196763,199577,6,2814,2,18000,1.00213219616
196772,196778,199458,6,2680,2,18000,1.00223880597
196806,196812,197151,6,339,32,7200,1.01769911504
196878,196884,199527,6,2643,2,18000,1.00227014756
196934,196940,199615,6,2675,2,18000,1.00224299065
196972,196978,196995,6,17,64,7200,1.35294117647
196980,196986,199655,6,2669,2,18000,1.00224803297
197179,197185,200010,6,2825,2,18000,1.00212389381
197195,197201,200007,6,2806,2,18000,1.00213827512
197209,197215,197628,6,413,64,7200,1.01452784504
197247,197253,199878,6,2625,2,18000,1.00228571429
197285,197291,200065,6,2774,2,18000,1.0021629416
197344,197350,200069,6,2719,2,18000,1.00220669364
197359,197365,200122,6,2757,2,18000,1.00217627856
197709,197715,200531,6,2816,2,18000,1.00213068182
197726,197733,197941,7,208,32,7200,1.03365384615
197817,197823,200564,6,2741,2,18000,1.00218898212
197842,197848,200550,6,2702,2,18000,1.00222057735
197895,197901,200636,6,2735,2,18000,1.00219378428
197950,197956,200731,6,2775,2,18000,1.00216216216
197969,197975,205199,6,7224,32,7200,1.00083056478
198003,198009,200709,6,2700,2,18000,1.00222222222
198062,198068,200832,6,2764,2,18000,1.002170767
198109,198115,200902,6,2787,2,18000,1.00215285253
198158,198164,200921,6,2757,2,18000,1.00217627856
198341,198347,201974,6,3627,16,3600,1.00165425972
198408,198414,201224,6,2810,2,18000,1.00213523132
198464,198470,201182,6,2712,2,18000,1.00221238938
198535,198541,201337,6,2796,2,18000,1.00214592275
198557,198563,201161,6,2598,2,18000,1.00230946882
198558,198569,201360,11,2791,2,18000,1.0039412397
198675,198681,201259,6,2578,2,18000,1.00232738557
198814,198820,201491,6,2671,2,18000,1.00224634968
198829,198835,201544,6,2709,2,18000,1.00221483942
198831,198841,201382,10,2541,2,18000,1.00393545848
198877,198883,201730,6,2847,2,18000,1.00210748156
198979,198986,201655,7,2669,2,18000,1.00262270513
198998,199004,201843,6,2839,2,18000,1.00211342022
199013,199019,201822,6,2803,2,18000,1.00214056368
199112,199118,201967,6,2849,2,18000,1.00210600211
199127,199133,201907,6,2774,2,18000,1.0021629416
199192,199199,201979,7,2780,2,18000,1.00251798561
199258,199264,201999,6,2735,2,18000,1.00219378428
199360,199366,202160,6,2794,2,18000,1.00214745884
199416,199422,202086,6,2664,2,18000,1.00225225225
199462,199468,202255,6,2787,2,18000,1.00215285253
199529,199535,202370,6,2835,2,18000,1.00211640212
199579,199585,202328,6,2743,2,18000,1.00218738607
199616,199622,202486,6,2864,2,18000,1.00209497207
199657,199663,202346,6,2683,2,18000,1.00223630265
199881,199888,202578,7,2690,2,18000,1.00260223048
200010,200015,202887,5,2872,2,18000,1.00174094708
200011,200021,202732,10,2711,2,18000,1.00368867577
200067,200073,202910,6,2837,2,18000,1.00211491012
200083,200089,202936,6,2847,2,18000,1.00210748156
200123,200129,202959,6,2830,2,18000,1.00212014134
200533,200539,203341,6,2802,2,18000,1.00214132762
200551,200558,203344,7,2786,2,18000,1.00251256281
200567,200573,203347,6,2774,2,18000,1.0021629416
200638,200644,203333,6,2689,2,18000,1.00223131276
200710,200717,203517,7,2800,2,18000,1.0025
200732,200738,203478,6,2740,2,18000,1.00218978102
200834,200841,203513,7,2672,2,18000,1.00261976048
200905,200911,203676,6,2765,2,18000,1.00216998192
200924,200930,203581,6,2651,2,18000,1.00226329687
201074,201081,256752,7,55671,1,172860,1.00012573871
201163,201169,203983,6,2814,2,18000,1.00213219616
201184,201190,204041,6,2851,2,18000,1.00210452473
201225,201231,204035,6,2804,2,18000,1.00213980029
201262,201268,203993,6,2725,2,18000,1.00220183486
201340,201346,204090,6,2744,2,18000,1.00218658892
201361,201368,204192,7,2824,2,18000,1.00247875354
201383,201389,204274,6,2885,2,18000,1.0020797227
201495,201501,204367,6,2866,2,18000,1.00209351012
201547,201553,204225,6,2672,2,18000,1.00224550898
201657,201663,204477,6,2814,2,18000,1.00213219616
201733,201739,204568,6,2829,2,18000,1.00212089077
201824,201830,204693,6,2863,2,18000,1.00209570381
201845,201852,204593,7,2741,2,18000,1.00255381248
201911,201917,204734,6,2817,2,18000,1.00212992545
201971,201977,204779,6,2802,2,18000,1.00214132762
201986,201992,204775,6,2783,2,18000,1.00215594682
202002,202008,204750,6,2742,2,18000,1.00218818381
202083,202089,204875,6,2786,2,18000,1.00215362527
202164,202170,204991,6,2821,2,18000,1.00212690535
202257,202263,205145,6,2882,2,18000,1.00208188758
202329,202335,205033,6,2698,2,18000,1.00222386953
202348,202354,205136,6,2782,2,18000,1.00215672178
202372,202379,205163,7,2784,2,18000,1.00251436782
202488,202494,205117,6,2623,2,18000,1.00228745711
202576,202582,205261,6,2679,2,18000,1.00223964166
202736,202742,205498,6,2756,2,18000,1.00217706821
202888,202895,205678,7,2783,2,18000,1.00251527129
202911,202917,205664,6,2747,2,18000,1.00218420095
202939,202945,205677,6,2732,2,18000,1.00219619327
202960,202967,205688,7,2721,2,18000,1.00257258361
203335,203341,206099,6,2758,2,18000,1.00217548949
203351,203357,206161,6,2804,2,18000,1.00213980029
203352,203363,206199,11,2836,2,18000,1.0038787024
203354,203368,206058,14,2690,2,18000,1.00520446097
203478,203485,206242,7,2757,2,18000,1.00253899166
203516,203522,206184,6,2662,2,18000,1.0022539444
203532,203538,206336,6,2798,2,18000,1.00214438885
203584,203591,206223,7,2632,2,18000,1.00265957447
203679,203685,206503,6,2818,2,18000,1.00212916962
203986,203993,206650,7,2657,2,18000,1.00263455024
204002,204008,206796,6,2788,2,18000,1.00215208034
204037,204043,206789,6,2746,2,18000,1.00218499636
204053,204059,206960,6,2901,2,18000,1.00206825233
204093,204100,206902,7,2802,2,18000,1.00249821556
204193,204199,207005,6,2806,2,18000,1.00213827512
204225,204231,206944,6,2713,2,18000,1.0022115739
204275,204282,206977,7,2695,2,18000,1.0025974026
204369,204375,207152,6,2777,2,18000,1.00216060497
204480,204486,207187,6,2701,2,18000,1.00222139948
204571,204577,207390,6,2813,2,18000,1.00213295414
204597,204603,207467,6,2864,2,18000,1.00209497207
204694,204700,207461,6,2761,2,18000,1.00217312568
204735,204741,207482,6,2741,2,18000,1.00218898212
204754,204760,207437,6,2677,2,18000,1.0022413149
204776,204782,207410,6,2628,2,18000,1.00228310502
204792,204798,207496,6,2698,2,18000,1.00222386953
204876,204882,207557,6,2675,2,18000,1.00224299065
204995,205001,207737,6,2736,2,18000,1.00219298246
205030,205037,207842,7,2805,2,18000,1.00249554367
205120,205126,207823,6,2697,2,18000,1.0022246941
205139,205145,207947,6,2802,2,18000,1.00214132762
205155,205162,207943,7,2781,2,18000,1.00251708019
205171,205177,208051,6,2874,2,18000,1.00208768267
205265,205270,208039,5,2769,2,18000,1.00180570603
205500,205506,208287,6,2781,2,18000,1.0021574973
205665,205671,208463,6,2792,2,18000,1.00214899713
205682,205688,208524,6,2836,2,18000,1.00211565585
205683,205694,208433,11,2739,2,18000,1.00401606426
205699,205705,208488,6,2783,2,18000,1.00215594682
206062,206068,208838,6,2770,2,18000,1.00216606498
206101,206107,208668,6,2561,2,18000,1.00234283483
206165,206172,208880,7,2708,2,18000,1.00258493353
206188,206194,208977,6,2783,2,18000,1.00215594682
206206,206212,209012,6,2800,2,18000,1.00214285714
206228,206234,209062,6,2828,2,18000,1.00212164074
206244,206250,209074,6,2824,2,18000,1.00212464589
206339,206346,209141,7,2795,2,18000,1.00250447227
206505,206511,209342,6,2831,2,18000,1.00211939244
206527,206533,206588,6,55,2,7200,1.10909090909
206653,206659,209510,6,2851,2,18000,1.00210452473
206737,206744,217142,7,10398,2,36000,1.00067320639
206790,206796,209632,6,2836,2,18000,1.00211565585
206806,206812,209605,6,2793,2,18000,1.00214822771
206853,206860,206957,7,97,2,7200,1.07216494845
206904,206910,209574,6,2664,2,18000,1.00225225225
206948,206954,209755,6,2801,2,18000,1.00214209211
206963,206969,209811,6,2842,2,18000,1.0021111893
206979,206985,209677,6,2692,2,18000,1.00222882615
207007,207013,209809,6,2796,2,18000,1.00214592275
207127,207133,207240,6,107,2,7200,1.05607476636
207155,207161,209908,6,2747,2,18000,1.00218420095
207189,207195,210048,6,2853,2,18000,1.00210304942
207394,207400,210202,6,2802,2,18000,1.00214132762
207412,207418,210128,6,2710,2,18000,1.00221402214
207440,207447,210302,7,2855,2,18000,1.00245183888
207465,207471,210251,6,2780,2,18000,1.00215827338
207481,207487,210295,6,2808,2,18000,1.00213675214
207496,207502,210210,6,2708,2,18000,1.00221565731
207497,207508,210318,11,2810,2,18000,1.00391459075
207559,207565,210338,6,2773,2,18000,1.0021637216
207741,207747,210500,6,2753,2,18000,1.00217944061
207824,207831,210593,7,2762,2,18000,1.00253439537
207843,207849,210630,6,2781,2,18000,1.0021574973
207946,207952,210796,6,2844,2,18000,1.00210970464
207961,207968,210801,7,2833,2,18000,1.00247087893
208043,208049,210686,6,2637,2,18000,1.00227531286
208058,208064,210913,6,2849,2,18000,1.00210600211
208291,208297,211115,6,2818,2,18000,1.00212916962
208310,208316,208330,6,14,2,3600,1.42857142857
208436,208443,211144,7,2701,2,18000,1.00259163273
208464,208470,211263,6,2793,2,18000,1.00214822771
208490,208496,211268,6,2772,2,18000,1.00216450216
208527,208533,211343,6,2810,2,18000,1.00213523132
208561,208568,208573,7,5,16,3600,1.2
208649,208655,209211,6,556,16,900,1.01079136691
208670,208676,211477,6,2801,2,18000,1.00214209211
208679,208685,209239,6,554,16,900,1.01083032491
208730,208736,209077,6,341,16,900,1.01759530792
208768,208774,209467,6,693,16,3600,1.00865800866
208840,208846,211611,6,2765,2,18000,1.00216998192
208870,208876,223811,6,14935,16,36000,1.00040174088
208883,208889,211716,6,2827,2,18000,1.00212239123
208979,208985,211856,6,2871,2,18000,1.00208986416
209013,209019,211862,6,2843,2,18000,1.00211044671
209066,209072,211854,6,2782,2,18000,1.00215672178
209080,209086,209111,6,25,2,3600,1.24
209081,209092,211912,11,2820,2,18000,1.00390070922
209143,209149,211897,6,2748,2,18000,1.00218340611
209313,209319,209687,6,368,16,900,1.01630434783
209344,209350,212222,6,2872,2,18000,1.00208913649
209357,209363,209380,6,17,2,3600,1.35294117647
209512,209518,212350,6,2832,2,18000,1.00211864407
209566,209572,209594,6,22,2,3600,1.27272727273
209569,209578,212401,9,2823,2,18000,1.00318809777
209607,209613,212459,6,2846,2,18000,1.00210822207
209636,209642,212383,6,2741,2,18000,1.00218898212
209680,209686,212494,6,2808,2,18000,1.00213675214
209757,209764,212612,7,2848,2,18000,1.00245786517
209810,209816,212472,6,2656,2,18000,1.00225903614
209826,209832,212435,6,2603,2,18000,1.00230503265
209910,209916,212592,6,2676,2,18000,1.00224215247
210050,210056,212874,6,2818,2,18000,1.00212916962
210131,210137,212684,6,2547,2,18000,1.0023557126
210205,210211,213002,6,2791,2,18000,1.00214976711
210216,210223,210417,7,194,2,7200,1.03608247423
210221,210229,213022,8,2793,2,18000,1.00286430362
210252,210258,213032,6,2774,2,18000,1.0021629416
210298,210305,213100,7,2795,2,18000,1.00250447227
210314,210320,212985,6,2665,2,18000,1.00225140713
210330,210336,213165,6,2829,2,18000,1.00212089077
210345,210351,213131,6,2780,2,18000,1.00215827338
210494,210501,210692,7,191,2,7200,1.03664921466
210503,210509,213295,6,2786,2,18000,1.00215362527
210535,210541,213050,6,2509,1,43200,1.00239139099
210597,210603,213316,6,2713,2,18000,1.0022115739
210632,210638,213422,6,2784,2,18000,1.00215517241
210688,210694,297131,6,86437,1,86400,1.00006941472
210689,210700,213412,11,2712,2,18000,1.0040560472
210799,210805,211163,6,358,2,7200,1.01675977654
210800,210811,213672,11,2861,2,18000,1.00384480951
210816,210822,213634,6,2812,2,18000,1.00213371266
210873,210880,470104,7,259224,1,259200,1.00002700367
210916,210922,213590,6,2668,2,18000,1.00224887556
211037,211043,211393,6,350,2,7200,1.01714285714
211117,211124,213795,7,2671,2,18000,1.0026207413
211146,211152,214017,6,2865,2,18000,1.00209424084
211266,211273,214091,7,2818,2,18000,1.00248403123
211282,211288,214127,6,2839,2,18000,1.00211342022
211344,211350,214067,6,2717,2,18000,1.002208318
211481,211487,214268,6,2781,2,18000,1.0021574973
211614,211620,214319,6,2699,2,18000,1.00222304557
211647,211695,298127,48,86432,1,86400,1.00055534987
211647,211705,298122,58,86417,1,86400,1.00067116424
211647,211678,298080,31,86402,1,86400,1.00035878799
211647,211657,298080,10,86423,1,86400,1.00011570994
211647,211700,298145,53,86445,1,86400,1.0006131066
211647,211673,298078,26,86405,1,86400,1.00030090851
211647,211689,298122,42,86433,1,86400,1.00048592551
211647,211684,298122,37,86438,1,86400,1.00042805248
211647,211668,298069,21,86401,1,86400,1.00024305274
211647,211663,298074,16,86411,1,86400,1.00018516161
211647,211652,298075,5,86423,1,86400,1.00005785497
211648,211746,282815,98,71069,1,86400,1.00137894159
211648,211726,298129,78,86403,1,86400,1.00090274643
211648,211720,298132,72,86412,1,86400,1.00083321761
211648,211715,298160,67,86445,1,86400,1.00077505929
211648,211736,298164,88,86428,1,86400,1.00101818855
211648,211741,236320,93,24579,1,86400,1.00378371781
211648,211710,298122,62,86412,1,86400,1.00071749294
211648,211757,222083,109,10326,1,86400,1.01055587837
211648,211731,298168,83,86437,1,86400,1.00096023694
211648,211752,274084,104,62332,1,86400,1.00166848489
211720,211763,214446,43,2683,2,18000,1.01602683563
211857,211863,214669,6,2806,2,18000,1.00213827512
211858,211869,214646,11,2777,2,18000,1.00396110911
211874,211880,214709,6,2829,2,18000,1.00212089077
211899,211905,214640,6,2735,2,18000,1.00219378428
211915,211921,214781,6,2860,2,18000,1.0020979021
211963,212001,256243,38,44242,1,86400,1.00085891235
211963,211990,298435,27,86445,1,86400,1.00031233732
211963,211996,298435,33,86439,1,86400,1.00038177212
211963,211969,298384,6,86415,1,86400,1.00006943239
211963,211979,298397,16,86418,1,86400,1.00018514661
211963,211974,263646,11,51672,1,86400,1.00021288125
211963,211985,214532,22,2547,1,86400,1.00863761288
211964,212012,212013,48,1,1,86400,4.9
211964,212006,284393,42,72387,1,86400,1.00058021468
211964,212017,298434,53,86417,1,86400,1.00061330525
212225,212231,215022,6,2791,2,18000,1.00214976711
212351,212357,214898,6,2541,2,18000,1.00236127509
212386,212392,215199,6,2807,2,18000,1.00213751336
212404,212411,215244,7,2833,2,18000,1.00247087893
212438,212445,215254,7,2809,2,18000,1.00249199003
212442,212451,213148,9,697,16,900,1.01291248207
212460,212466,215317,6,2851,2,18000,1.00210452473
212476,212482,215265,6,2783,2,18000,1.00215594682
212498,212504,215312,6,2808,2,18000,1.00213675214
212593,212600,215284,7,2684,2,18000,1.00260804769
212615,212621,215356,6,2735,2,18000,1.00219378428
212686,212692,215473,6,2781,2,18000,1.0021574973
212877,212883,215655,6,2772,2,18000,1.00216450216
212983,212989,215831,6,2842,2,18000,1.0021111893
213005,213011,215712,6,2701,2,18000,1.00222139948
213024,213030,215789,6,2759,2,18000,1.00217470098
213039,213045,215774,6,2729,2,18000,1.00219860755
213102,213108,215890,6,2782,2,18000,1.00215672178
213133,213139,215969,6,2830,2,18000,1.00212014134
213168,213174,215951,6,2777,2,18000,1.00216060497
213297,213302,216110,5,2808,2,18000,1.00178062678
213318,213324,216155,6,2831,2,18000,1.00211939244
213415,213421,216227,6,2806,2,18000,1.00213827512
213431,213437,216047,6,2610,2,18000,1.00229885057
213592,213599,216229,7,2630,2,18000,1.00266159696
213636,213642,216358,6,2716,2,18000,1.00220913108
213674,213680,216393,6,2713,2,18000,1.0022115739
213798,213804,216568,6,2764,2,18000,1.002170767
214020,214026,216759,6,2733,2,18000,1.00219538968
214070,214076,216745,6,2669,2,18000,1.00224803297
214092,214098,216928,6,2830,2,18000,1.00212014134
214129,214135,216781,6,2646,2,18000,1.0022675737
214144,480079,481051,265935,972,2,604800,274.595679012
214272,214278,217093,6,2815,2,18000,1.00213143872
214322,214328,216973,6,2645,2,18000,1.002268431
214449,214455,217243,6,2788,2,18000,1.00215208034
214641,214647,217434,6,2787,2,18000,1.00215285253
214656,214667,215156,11,489,16,900,1.02249488753
214657,214662,217472,5,2810,2,18000,1.00177935943
214672,214678,217508,6,2830,2,18000,1.00212014134
214713,214719,217495,6,2776,2,18000,1.00216138329
214781,214788,217568,7,2780,2,18000,1.00251798561
214838,214845,215760,7,915,16,900,1.00765027322
214900,214906,217593,6,2687,2,18000,1.00223297358
215024,215030,217801,6,2771,2,18000,1.00216528329
215203,215209,217982,6,2773,2,18000,1.0021637216
215247,215253,217878,6,2625,2,18000,1.00228571429
215247,215258,215259,11,1,8,86400,1.2
215262,215269,217935,7,2666,2,18000,1.00262565641
215278,215285,218105,7,2820,2,18000,1.0024822695
215294,215299,218060,5,2761,2,18000,1.00181093807
215313,215319,218129,6,2810,2,18000,1.00213523132
215328,215334,218138,6,2804,2,18000,1.00213980029
215359,215365,218159,6,2794,2,18000,1.00214745884
215476,215483,218218,7,2735,2,18000,1.00255941499
215659,215665,218556,6,2891,2,18000,1.00207540643
215715,215721,218541,6,2820,2,18000,1.00212765957
215775,215781,218532,6,2751,2,18000,1.00218102508
215790,215796,218465,6,2669,2,18000,1.00224803297
215833,215840,218600,7,2760,2,18000,1.00253623188
215893,215899,218652,6,2753,2,18000,1.00217944061
215954,215960,218652,6,2692,2,18000,1.00222882615
215970,215976,218729,6,2753,2,18000,1.00217944061
216050,216056,218857,6,2801,2,18000,1.00214209211
216113,216119,218931,6,2812,2,18000,1.00213371266
216157,216163,218993,6,2830,2,18000,1.00212014134
216229,216235,219005,6,2770,2,18000,1.00216606498
216230,216241,219005,11,2764,2,18000,1.00397973951
216322,216329,217020,7,691,16,900,1.01013024602
216360,216366,219048,6,2682,2,18000,1.00223713647
216396,216402,219183,6,2781,2,18000,1.0021574973
216559,216565,217250,6,685,16,900,1.00875912409
216568,216575,219476,7,2901,2,18000,1.00241296105
216746,216753,219662,7,2909,2,18000,1.0024063252
216762,216768,219574,6,2806,2,18000,1.00213827512
216784,216790,219578,6,2788,2,18000,1.00215208034
216931,216937,219738,6,2801,2,18000,1.00214209211
216976,216982,219571,6,2589,2,18000,1.0023174971
217096,217102,219812,6,2710,2,18000,1.00221402214
217246,217252,219875,6,2623,2,18000,1.00228745711
217437,217443,220127,6,2684,2,18000,1.00223546945
217475,217481,220311,6,2830,2,18000,1.00212014134
217497,217503,220354,6,2851,2,18000,1.00210452473
217513,217518,220217,5,2699,2,18000,1.00185253798
217572,217578,220280,6,2702,2,18000,1.00222057735
217593,217600,220343,7,2743,2,18000,1.00255195042
217802,217808,220490,6,2682,2,18000,1.00223713647
217880,217887,220692,7,2805,2,18000,1.00249554367
217937,217943,220729,6,2786,2,18000,1.00215362527
217985,217991,220772,6,2781,2,18000,1.0021574973
218063,218070,220902,7,2832,2,18000,1.00247175141
218107,218113,220832,6,2719,2,18000,1.00220669364
218133,218139,220904,6,2765,2,18000,1.00216998192
218150,218156,220954,6,2798,2,18000,1.00214438885
218166,218172,220928,6,2756,2,18000,1.00217706821
218221,218227,221006,6,2779,2,18000,1.00215905002
218467,218473,221271,6,2798,2,18000,1.00214438885
218533,218540,221354,7,2814,2,18000,1.00248756219
218549,218555,221322,6,2767,2,18000,1.00216841344
218566,218572,221378,6,2806,2,18000,1.00213827512
218603,218609,221149,6,2540,2,18000,1.00236220472
218654,218660,221556,6,2896,2,18000,1.0020718232
218655,218666,221445,11,2779,2,18000,1.00395825837
218732,218739,221500,7,2761,2,18000,1.00253531329
218860,218866,221556,6,2690,2,18000,1.00223048327
218932,218938,221758,6,2820,2,18000,1.00212765957
218996,219002,221623,6,2621,2,18000,1.00228920259
219013,219019,221815,6,2796,2,18000,1.00214592275
219014,219025,221713,11,2688,2,18000,1.0040922619
219051,219057,221760,6,2703,2,18000,1.00221975583
219187,219193,222061,6,2868,2,18000,1.00209205021
219478,219485,222256,7,2771,2,18000,1.00252616384
219567,219573,219739,6,166,16,36000,1.03614457831
219573,219579,222383,6,2804,2,18000,1.00213980029
219588,219594,222336,6,2742,2,18000,1.00218818381
219589,219600,222204,11,2604,2,18000,1.00422427035
219665,219671,222401,6,2730,2,18000,1.0021978022
219743,219748,222542,5,2794,2,18000,1.00178954903
219789,219795,229010,6,9215,16,36000,1.00065111232
219819,219825,222554,6,2729,2,18000,1.00219860755
219879,219885,222713,6,2828,2,18000,1.00212164074
219933,219939,229193,6,9254,8,86400,1.00064836827
219945,219952,230871,7,10919,2,10800,1.00064108435
220131,220137,222914,6,2777,2,18000,1.00216060497
220220,220226,222957,6,2731,2,18000,1.00219699744
220282,220288,223005,6,2717,2,18000,1.002208318
220313,220319,223062,6,2743,2,18000,1.00218738607
220344,220350,223193,6,2843,2,18000,1.00211044671
220359,220365,223033,6,2668,2,18000,1.00224887556
220493,220499,223218,6,2719,2,18000,1.00220669364
220694,220701,223496,7,2795,2,18000,1.00250447227
220732,220738,223418,6,2680,2,18000,1.00223880597
220775,220781,223538,6,2757,2,18000,1.00217627856
220834,220840,223627,6,2787,2,18000,1.00215285253
220903,220909,223572,6,2663,2,18000,1.00225309801
220918,220924,223723,6,2799,2,18000,1.00214362272
220934,220940,223714,6,2774,2,18000,1.0021629416
220956,220962,223759,6,2797,2,18000,1.00214515552
221009,221015,223844,6,2829,2,18000,1.00212089077
221151,221157,223961,6,2804,2,18000,1.00213980029
221272,221278,224076,6,2798,2,18000,1.00214438885
221321,221327,222020,6,693,16,900,1.00865800866
221325,221333,224072,8,2739,2,18000,1.00292077401
221357,221363,224130,6,2767,2,18000,1.00216841344
221357,221368,222084,11,716,16,900,1.01536312849
221379,221385,224046,6,2661,2,18000,1.00225479143
221447,221453,224284,6,2831,2,18000,1.00211939244
221503,221509,224345,6,2836,2,18000,1.00211565585
221559,221565,224414,6,2849,2,18000,1.00210600211
221561,221571,224398,10,2827,2,18000,1.00353731871
221626,221632,224362,6,2730,2,18000,1.0021978022
221716,221722,224444,6,2722,2,18000,1.00220426157
221760,221766,224455,6,2689,2,18000,1.00223131276
221761,221772,224571,11,2799,2,18000,1.00392997499
221818,221824,224691,6,2867,2,18000,1.00209277991
222063,222069,224725,6,2656,2,18000,1.00225903614
222196,222202,222295,6,93,1,1800,1.06451612903
222205,222211,225029,6,2818,2,18000,1.00212916962
222259,222265,224936,6,2671,2,18000,1.00224634968
222340,222345,225131,5,2786,2,18000,1.00179468772
222387,222393,225170,6,2777,2,18000,1.00216060497
222403,222409,225137,6,2728,2,18000,1.00219941349
222543,222549,225354,6,2805,2,18000,1.00213903743
222558,222564,225243,6,2679,2,18000,1.00223964166
222607,222613,222713,6,100,1,1800,1.06
222714,222720,225422,6,2702,2,18000,1.00222057735
222917,222923,225782,6,2859,2,18000,1.00209863589
222961,222967,225794,6,2827,2,18000,1.00212239123
223008,223014,225855,6,2841,2,18000,1.00211193242
223036,223042,225823,6,2781,2,18000,1.0021574973
223064,223070,225853,6,2783,2,18000,1.00215594682
223175,223181,223694,6,513,1,1800,1.01169590643
223194,223200,226013,6,2813,2,18000,1.00213295414
223219,223225,226023,6,2798,2,18000,1.00214438885
223422,223428,226208,6,2780,2,18000,1.00215827338
223498,223504,226054,6,2550,2,18000,1.00235294118
223540,223546,226287,6,2741,2,18000,1.00218898212
223574,223580,226368,6,2788,2,18000,1.00215208034
223630,223641,226304,11,2663,2,18000,1.00413067968
223698,223704,224404,6,700,16,900,1.00857142857
223716,223722,224420,6,698,16,900,1.00859598854
223717,223728,226572,11,2844,2,18000,1.00386779184
223733,223739,226389,6,2650,2,18000,1.00226415094
223741,223747,224269,6,522,16,900,1.01149425287
223762,223768,226654,6,2886,2,18000,1.00207900208
223847,223853,226710,6,2857,2,18000,1.00210010501
223963,223968,226786,5,2818,2,18000,1.00177430802
224048,224054,226912,6,2858,2,18000,1.00209937019
224074,224080,226803,6,2723,2,18000,1.00220345207
224090,224096,226922,6,2826,2,18000,1.00212314225
224134,224140,226833,6,2693,2,18000,1.00222799851
224287,224293,226839,6,2546,2,18000,1.00235663786
224347,224353,227178,6,2825,2,18000,1.00212389381
224363,224369,227155,6,2786,2,18000,1.00215362527
224401,224407,227072,6,2665,2,18000,1.00225140713
224416,224422,227219,6,2797,2,18000,1.00214515552
224448,224454,227340,6,2886,2,18000,1.00207900208
224464,224470,227258,6,2788,2,18000,1.00215208034
224573,224580,227374,7,2794,2,18000,1.00250536865
224693,224699,227566,6,2867,2,18000,1.00209277991
224729,224735,227411,6,2676,2,18000,1.00224215247
224944,224950,227698,6,2748,2,18000,1.00218340611
225032,225038,227816,6,2778,2,18000,1.00215982721
225134,225140,227956,6,2816,2,18000,1.00213068182
225151,225157,227912,6,2755,2,18000,1.00217785844
225151,225162,225198,11,36,1,1800,1.30555555556
225174,225180,227930,6,2750,2,18000,1.00218181818
225241,225247,227999,6,2752,2,18000,1.00218023256
225358,225364,228108,6,2744,2,18000,1.00218658892
225425,225430,228228,5,2798,2,18000,1.00178699071
225504,225510,225576,6,66,1,1800,1.09090909091
225543,225549,225590,6,41,1,1800,1.14634146341
225781,225787,228586,6,2799,2,18000,1.00214362272
225797,225803,228646,6,2843,2,18000,1.00211044671
225826,225833,228625,7,2792,2,18000,1.00250716332
225856,225862,228534,6,2672,2,18000,1.00224550898
225857,225868,228651,11,2783,2,18000,1.00395256917
225914,225920,225999,6,79,1,1800,1.07594936709
226014,226020,228747,6,2727,2,18000,1.00220022002
226030,226036,228835,6,2799,2,18000,1.00214362272
226055,226061,228851,6,2790,2,18000,1.00215053763
226212,226218,228994,6,2776,2,18000,1.00216138329
226280,226286,226571,6,285,1,1800,1.02105263158
226288,226294,229093,6,2799,2,18000,1.00214362272
226307,226314,229108,7,2794,2,18000,1.00250536865
226382,226389,229256,7,2867,2,18000,1.00244157656
226398,226405,229181,7,2776,2,18000,1.00252161383
226462,226470,226707,8,237,1,1800,1.03375527426
226574,226580,229269,6,2689,2,18000,1.00223131276
226659,226665,229491,6,2826,2,18000,1.00212314225
226713,226720,229560,7,2840,2,18000,1.00246478873
226740,226746,226749,6,3,4,360000,1.0
226773,226779,226780,6,1,4,360000,1.0
226788,226795,229421,7,2626,2,18000,1.00266565118
226805,226811,229438,6,2627,2,18000,1.00228397411
226834,226840,229502,6,2662,2,18000,1.0022539444
226850,226856,229668,6,2812,2,18000,1.00213371266
226916,226921,229720,5,2799,2,18000,1.00178635227
226934,226940,229680,6,2740,2,18000,1.00218978102
227074,227080,229839,6,2759,2,18000,1.00217470098
227156,227162,229965,6,2803,2,18000,1.00214056368
227182,227188,229992,6,2804,2,18000,1.00213980029
227220,227227,230057,7,2830,2,18000,1.00247349823
227262,227268,229969,6,2701,2,18000,1.00222139948
227344,227350,230013,6,2663,2,18000,1.00225309801
227376,227382,230138,6,2756,2,18000,1.00217706821
227416,227422,230256,6,2834,2,18000,1.00211714891
227564,227570,227603,6,33,1,1800,1.18181818182
227576,227582,230459,6,2877,2,18000,1.00208550574
227592,227599,228294,7,695,16,900,1.01007194245
227669,227675,227677,6,2,4,360000,1.0
227702,227708,230513,6,2805,2,18000,1.00213903743
227748,227754,228213,6,459,16,900,1.01307189542
227803,227809,227876,6,67,1,1800,1.08955223881
227818,227824,230576,6,2752,2,18000,1.00218023256
227921,227927,230742,6,2815,2,18000,1.00213143872
227937,227943,230680,6,2737,2,18000,1.00219218122
227959,227965,230740,6,2775,2,18000,1.00216216216
228002,228008,230813,6,2805,2,18000,1.00213903743
228112,228118,230917,6,2799,2,18000,1.00214362272
228229,228235,230988,6,2753,2,18000,1.00217944061
228298,228304,228738,6,434,16,900,1.01382488479
228395,228401,228686,6,285,16,3600,1.02105263158
228399,228407,228542,8,135,1,1800,1.05925925926
228537,228543,231373,6,2830,2,18000,1.00212014134
228588,228594,231415,6,2821,2,18000,1.00212690535
228628,228634,231344,6,2710,2,18000,1.00221402214
228649,228656,231500,7,2844,2,18000,1.00246132208
228665,228671,231467,6,2796,2,18000,1.00214592275
228750,228756,231555,6,2799,2,18000,1.00214362272
228837,228844,231607,7,2763,2,18000,1.0025334781
228853,228859,231643,6,2784,2,18000,1.00215517241
228997,229003,231770,6,2767,2,18000,1.00216841344
229097,229104,231894,7,2790,2,18000,1.00250896057
229102,229110,347450,8,118340,4,345600,1.00006760183
229113,229119,231968,6,2849,2,18000,1.00210600211
229182,229189,231971,7,2782,2,18000,1.00251617541
229224,229230,315681,6,86451,4,86400,1.00006940348
229257,229264,232042,7,2778,2,18000,1.00251979842
229268,229274,342669,6,113395,4,345600,1.00005291239
229273,229280,232065,7,2785,2,18000,1.00251346499
229302,229308,390930,6,161622,2,345600,1.00003712366
229331,229337,268012,6,38675,4,360000,1.00015513898
229422,229428,232295,6,2867,2,18000,1.00209277991
229441,229447,232278,6,2831,2,18000,1.00211939244
229494,229500,232261,6,2761,2,18000,1.00217312568
229510,229516,232361,6,2845,2,18000,1.00210896309
229563,229569,232351,6,2782,2,18000,1.00215672178
229613,229619,229638,6,19,2,3600,1.31578947368
229673,229679,232484,6,2805,2,18000,1.00213903743
229690,229696,232505,6,2809,2,18000,1.00213599146
229724,229730,232290,6,2560,2,18000,1.00234375
229830,229837,229859,7,22,2,3600,1.31818181818
229843,229849,232678,6,2829,2,18000,1.00212089077
229968,229974,232835,6,2861,2,18000,1.00209716882
229984,229990,232826,6,2836,2,18000,1.00211565585
230001,230007,232701,6,2694,2,18000,1.00222717149
230017,230023,232705,6,2682,2,18000,1.00223713647
230024,230030,359363,6,129333,2,345600,1.00004639187
230036,230042,390756,6,160714,2,345600,1.0000373334
230061,230067,232870,6,2803,2,18000,1.00214056368
230142,230148,232752,6,2604,2,18000,1.00230414747
230258,230264,232875,6,2611,2,18000,1.00229797013
230461,230467,233264,6,2797,2,18000,1.00214515552
230514,230521,233161,7,2640,2,18000,1.00265151515
230577,230583,233314,6,2731,2,18000,1.00219699744
230585,230592,230789,7,197,2,7200,1.03553299492
230682,230688,233442,6,2754,2,18000,1.00217864924
230741,230747,233425,6,2678,2,18000,1.00224047797
230757,230763,233639,6,2876,2,18000,1.00208623088
230816,230822,233663,6,2841,2,18000,1.00211193242
230858,230864,231230,6,366,2,7200,1.01639344262
230919,230925,233702,6,2777,2,18000,1.00216060497
230943,230950,241878,7,10928,2,10800,1.00064055637
230990,230997,233761,7,2764,2,18000,1.00253256151
231346,231352,234120,6,2768,2,18000,1.00216763006
231374,231380,234167,6,2787,2,18000,1.00215285253
231417,231423,234207,6,2784,2,18000,1.00215517241
231469,231475,234144,6,2669,2,18000,1.00224803297
231503,231509,234198,6,2689,2,18000,1.00223131276
231556,231562,234409,6,2847,2,18000,1.00210748156
231610,231616,234432,6,2816,2,18000,1.00213068182
231645,231651,234515,6,2864,2,18000,1.00209497207
231771,231777,234417,6,2640,2,18000,1.00227272727
231898,231904,234667,6,2763,2,18000,1.00217155266
231970,231976,234658,6,2682,2,18000,1.00223713647
231985,231992,234816,7,2824,2,18000,1.00247875354
232043,232049,234837,6,2788,2,18000,1.00215208034
232068,232074,234849,6,2775,2,18000,1.00216216216
232265,232271,234978,6,2707,2,18000,1.0022164758
232281,232287,235101,6,2814,2,18000,1.00213219616
232297,232303,234934,6,2631,2,18000,1.00228050171
232298,232309,235147,11,2838,2,18000,1.00387596899
232354,232361,235145,7,2784,2,18000,1.00251436782
232370,232376,235237,6,2861,2,18000,1.00209716882
232485,232491,235254,6,2763,2,18000,1.00217155266
232507,232513,235088,6,2575,2,18000,1.00233009709
232540,232546,361531,6,128985,4,345600,1.00004651704
232680,232686,235495,6,2809,2,18000,1.00213599146
232703,232710,235370,7,2660,2,18000,1.00263157895
232719,232726,235386,7,2660,2,18000,1.00263157895
232755,232761,235378,6,2617,2,18000,1.00229270157
232827,232833,235600,6,2767,2,18000,1.00216841344
232843,232849,235590,6,2741,2,18000,1.00218898212
232871,232877,235772,6,2895,2,18000,1.00207253886
232887,232893,235600,6,2707,2,18000,1.0022164758
233162,233169,236019,7,2850,2,18000,1.00245614035
233265,233272,236077,7,2805,2,18000,1.00249554367
233315,233321,235999,6,2678,2,18000,1.00224047797
233427,233433,236230,6,2797,2,18000,1.00214515552
233443,233449,236225,6,2776,2,18000,1.00216138329
233640,233646,236440,6,2794,2,18000,1.00214745884
233665,233671,236395,6,2724,2,18000,1.00220264317
233706,233712,236523,6,2811,2,18000,1.00213447172
233762,233769,236599,7,2830,2,18000,1.00247349823
233857,233863,235173,6,1310,2,14400,1.00458015267
234122,234129,236963,7,2834,2,18000,1.00247000706
234147,234153,236924,6,2771,2,18000,1.00216528329
234169,234175,236794,6,2619,2,18000,1.00229095074
234201,234207,237022,6,2815,2,18000,1.00213143872
234216,234222,237018,6,2796,2,18000,1.00214592275
234413,234420,237218,7,2798,2,18000,1.00250178699
234429,234435,237227,6,2792,2,18000,1.00214899713
234445,234451,237189,6,2738,2,18000,1.00219138057
234518,234524,237298,6,2774,2,18000,1.0021629416
234637,234644,237160,7,2516,16,36000,1.00278219396
234661,234667,237544,6,2877,2,18000,1.00208550574
234676,234682,237520,6,2838,2,18000,1.0021141649
234702,234708,236148,6,1440,2,14400,1.00416666667
234820,234826,237648,6,2822,2,18000,1.00212615167
234839,234845,237509,6,2664,2,18000,1.00225225225
234855,234860,237611,5,2751,2,18000,1.0018175209
234936,234942,237760,6,2818,2,18000,1.00212916962
234938,234948,296482,10,61534,4,345600,1.00016251178
234982,234988,237663,6,2675,2,18000,1.00224299065
235091,235097,237739,6,2642,2,18000,1.00227100681
235107,235113,237901,6,2788,2,18000,1.00215208034
235148,235154,237918,6,2764,2,18000,1.002170767
235150,235160,237940,10,2780,2,18000,1.0035971223
235183,235189,235769,6,580,16,900,1.01034482759
235230,235236,235768,6,532,16,900,1.01127819549
235239,235246,238024,7,2778,2,18000,1.00251979842
235255,235261,237983,6,2722,2,18000,1.00220426157
235370,235376,238228,6,2852,2,18000,1.00210378682
235386,235392,238142,6,2750,2,18000,1.00218181818
235387,235398,238089,11,2691,2,18000,1.00408769974
235413,235419,236474,6,1055,2,14400,1.00568720379
235421,235427,235433,6,6,16,900,1.2
235429,235435,325882,6,90447,4,345600,1.00006633719
235492,235499,236332,7,833,16,1800,1.00840336134
235497,235505,238319,8,2814,2,18000,1.00284292822
235592,235598,238414,6,2816,2,18000,1.00213068182
235608,235614,238345,6,2731,2,18000,1.00219699744
235609,235620,238414,11,2794,2,18000,1.00393700787
235756,235762,235803,6,41,2,3600,1.14634146341
235773,235779,238478,6,2699,2,18000,1.00222304557
236002,236008,238740,6,2732,2,18000,1.00219619327
236021,236027,238802,6,2775,2,18000,1.00216216216
236058,236064,236110,6,46,2,3600,1.13043478261
236079,236085,238857,6,2772,2,18000,1.00216450216
236228,236234,239081,6,2847,2,18000,1.00210748156
236242,236254,236305,12,51,2,3600,1.23529411765
236243,236249,239091,6,2842,2,18000,1.0021111893
236397,236403,239119,6,2716,2,18000,1.00220913108
236444,236450,239236,6,2786,2,18000,1.00215362527
236478,236484,236541,6,57,2,3600,1.10526315789
236499,236505,236597,6,92,2,432000,1.0652173913
236525,236532,239345,7,2813,2,18000,1.0024884465
236547,236552,237658,5,1106,16,1800,1.00452079566
236602,236608,239406,6,2798,2,18000,1.00214438885
236626,236633,237504,7,871,16,1800,1.00803673938
236670,236676,237543,6,867,16,1800,1.00692041522
236710,236716,256100,6,19384,2,432000,1.00030953364
236752,236758,236829,6,71,2,3600,1.08450704225
236757,236764,258838,7,22074,2,432000,1.00031711516
236797,236804,239665,7,2861,2,18000,1.00244669696
236927,236934,239751,7,2817,2,18000,1.00248491303
236965,236971,239759,6,2788,2,18000,1.00215208034
237021,237028,239791,7,2763,2,18000,1.0025334781
237037,237043,239894,6,2851,2,18000,1.00210452473
237183,237189,259023,6,21834,16,36000,1.00027480077
237188,237195,237200,7,5,2,432000,1.2
237192,237201,240005,9,2804,2,18000,1.00320970043
237221,237227,240043,6,2816,2,18000,1.00213068182
237236,237242,240010,6,2768,2,18000,1.00216763006
237301,237307,240103,6,2796,2,18000,1.00214592275
237510,237516,240313,6,2797,2,18000,1.00214515552
237527,237532,240324,5,2792,2,18000,1.00179083095
237545,237552,240344,7,2792,2,18000,1.00250716332
237614,237620,240392,6,2772,2,18000,1.00216450216
237651,237657,240391,6,2734,2,18000,1.00219458669
237666,237672,240509,6,2837,2,18000,1.00211491012
237740,237747,240529,7,2782,2,18000,1.00251617541
237763,237769,240566,6,2797,2,18000,1.00214515552
237903,237909,240701,6,2792,2,18000,1.00214899713
237921,237928,240570,7,2642,2,18000,1.00264950795
237943,237949,240787,6,2838,2,18000,1.0021141649
237986,237992,240600,6,2608,2,18000,1.0023006135
238027,238033,240803,6,2770,2,18000,1.00216606498
238092,238098,240828,6,2730,2,18000,1.0021978022
238144,238151,241015,7,2864,2,18000,1.00244413408
238231,238237,240963,6,2726,2,18000,1.00220102715
238321,238327,241176,6,2849,2,18000,1.00210600211
238346,238352,241083,6,2731,2,18000,1.00219699744
238418,238424,241169,6,2745,2,18000,1.00218579235
238419,238430,241133,11,2703,2,18000,1.00406955235
238481,238487,241175,6,2688,2,18000,1.00223214286
238742,238748,241565,6,2817,2,18000,1.00212992545
238804,238811,241729,7,2918,2,18000,1.00239890336
238860,238866,241647,6,2781,2,18000,1.0021574973
239084,239090,241780,6,2690,2,18000,1.00223048327
239100,239106,241892,6,2786,2,18000,1.00215362527
239122,239128,241910,6,2782,2,18000,1.00215672178
239237,239243,241988,6,2745,2,18000,1.00218579235
239348,239354,241997,6,2643,2,18000,1.00227014756
239407,239413,242101,6,2688,2,18000,1.00223214286
239670,239676,242481,6,2805,2,18000,1.00213903743
239755,239761,242560,6,2799,2,18000,1.00214362272
239770,239777,242559,7,2782,2,18000,1.00251617541
239792,239798,242595,6,2797,2,18000,1.00214515552
239899,239905,242672,6,2767,2,18000,1.00216841344
240007,240014,242717,7,2703,2,18000,1.00258971513
240023,240029,242822,6,2793,2,18000,1.00214822771
240045,240051,242867,6,2816,2,18000,1.00213068182
240108,240114,242781,6,2667,2,18000,1.00224971879
240315,240321,243156,6,2835,2,18000,1.00211640212
240330,240336,243164,6,2828,2,18000,1.00212164074
240346,240352,243154,6,2802,2,18000,1.00214132762
240394,240400,243038,6,2638,2,18000,1.00227445034
240395,240406,243040,11,2634,2,18000,1.00417615793
240510,240516,243301,6,2785,2,18000,1.00215439856
240532,240538,243272,6,2734,2,18000,1.00219458669
240569,240575,243364,6,2789,2,18000,1.00215130871
240585,240591,243423,6,2832,2,18000,1.00211864407
240603,240609,243312,6,2703,2,18000,1.00221975583
240702,240708,243535,6,2827,2,18000,1.00212239123
240789,240795,243289,6,2494,2,18000,1.00240577386
240805,240811,243538,6,2727,2,18000,1.00220022002
240830,240836,243620,6,2784,2,18000,1.00215517241
240965,240971,243859,6,2888,2,18000,1.00207756233
241018,241024,243836,6,2812,2,18000,1.00213371266
241086,241092,243814,6,2722,2,18000,1.00220426157
241136,241142,243759,6,2617,2,18000,1.00229270157
241174,241180,243934,6,2754,2,18000,1.00217864924
241175,241186,243981,11,2795,2,18000,1.00393559928
241191,241197,243996,6,2799,2,18000,1.00214362272
241567,241573,244237,6,2664,2,18000,1.00225225225
241648,241654,244423,6,2769,2,18000,1.00216684724
241733,241739,244313,6,2574,2,18000,1.00233100233
241783,241789,244625,6,2836,2,18000,1.00211565585
241895,241901,244693,6,2792,2,18000,1.00214899713
241914,241920,244702,6,2782,2,18000,1.00215672178
241991,241997,244803,6,2806,2,18000,1.00213827512
242007,242013,244801,6,2788,2,18000,1.00215208034
242104,242110,244831,6,2721,2,18000,1.00220507166
242482,242488,245319,6,2831,2,18000,1.00211939244
242562,242568,245414,6,2846,2,18000,1.00210822207
242563,242574,245346,11,2772,2,18000,1.00396825397
242597,242603,245314,6,2711,2,18000,1.00221320546
242674,242680,245559,6,2879,2,18000,1.00208405696
242718,242724,245534,6,2810,2,18000,1.00213523132
242780,242787,245487,7,2700,2,18000,1.00259259259
242824,242830,245645,6,2815,2,18000,1.00213143872
242871,242877,245635,6,2758,2,18000,1.00217548949
243042,243048,245840,6,2792,2,18000,1.00214899713
243043,243054,245793,11,2739,2,18000,1.00401606426
243158,243165,245924,7,2759,2,18000,1.00253715114
243160,243171,245877,11,2706,2,18000,1.00406504065
243175,243181,245869,6,2688,2,18000,1.00223214286
243274,243281,245996,7,2715,2,18000,1.00257826888
243290,243296,246054,6,2758,2,18000,1.00217548949
243306,243311,246134,5,2823,2,18000,1.00177116543
243321,243327,246010,6,2683,2,18000,1.00223630265
243368,243374,246190,6,2816,2,18000,1.00213068182
243423,243430,246307,7,2877,2,18000,1.00243309002
243538,243544,246360,6,2816,2,18000,1.00213068182
243553,243560,246208,7,2648,2,18000,1.00264350453
243622,243628,246390,6,2762,2,18000,1.00217233888
243763,243769,246562,6,2793,2,18000,1.00214822771
243816,243822,246671,6,2849,2,18000,1.00210600211
243840,243847,246649,7,2802,2,18000,1.00249821556
243863,243869,246744,6,2875,2,18000,1.00208695652
243937,243943,246631,6,2688,2,18000,1.00223214286
243984,243990,246682,6,2692,2,18000,1.00222882615
243999,244006,246652,7,2646,2,18000,1.00264550265
244241,244247,247030,6,2783,2,18000,1.00215594682
244316,244322,247117,6,2795,2,18000,1.00214669052
244425,244431,247207,6,2776,2,18000,1.00216138329
244629,244635,247379,6,2744,2,18000,1.00218658892
244695,244701,247523,6,2822,2,18000,1.00212615167
244711,244717,247494,6,2777,2,18000,1.00216060497
244804,244810,247618,6,2808,2,18000,1.00213675214
244805,244816,247606,11,2790,2,18000,1.00394265233
244833,244839,247619,6,2780,2,18000,1.00215827338
244952,244958,244959,6,1,2,300,1.0
245317,245323,248174,6,2851,2,18000,1.00210452473
245332,245339,248060,7,2721,2,18000,1.00257258361
245348,245354,248087,6,2733,2,18000,1.00219538968
245417,245423,248219,6,2796,2,18000,1.00214592275
245488,245495,248270,7,2775,2,18000,1.00252252252
245538,245544,248157,6,2613,2,18000,1.00229621125
245563,245569,248303,6,2734,2,18000,1.00219458669
245638,245645,248487,7,2842,2,18000,1.00246305419
245654,245660,248463,6,2803,2,18000,1.00214056368
245796,245802,248394,6,2592,2,18000,1.00231481481
245843,245849,248632,6,2783,2,18000,1.00215594682
245871,245877,248684,6,2807,2,18000,1.00213751336
245886,245893,248569,7,2676,2,18000,1.00261584454
245927,245933,248705,6,2772,2,18000,1.00216450216
245999,246005,248806,6,2801,2,18000,1.00214209211
246014,246021,248692,7,2671,2,18000,1.0026207413
246055,246061,248840,6,2779,2,18000,1.00215905002
246135,246141,248921,6,2780,2,18000,1.00215827338
246194,246200,249051,6,2851,2,18000,1.00210452473
246210,246216,248990,6,2774,2,18000,1.0021629416
246309,246315,248953,6,2638,2,18000,1.00227445034
246362,246368,249147,6,2779,2,18000,1.00215905002
246394,246400,249168,6,2768,2,18000,1.00216763006
246566,246572,249333,6,2761,2,18000,1.00217312568
246634,246640,249363,6,2723,2,18000,1.00220345207
246650,246656,249458,6,2802,2,18000,1.00214132762
246666,246672,249461,6,2789,2,18000,1.00215130871
246682,246688,249381,6,2693,2,18000,1.00222799851
246698,246704,249505,6,2801,2,18000,1.00214209211
246748,246754,249531,6,2777,2,18000,1.00216060497
247033,247039,249782,6,2743,2,18000,1.00218738607
247118,247124,249882,6,2758,2,18000,1.00217548949
247209,247215,250058,6,2843,2,18000,1.00211044671
247383,247389,250061,6,2672,2,18000,1.00224550898
247501,247507,250369,6,2862,2,18000,1.00209643606
247526,247532,250301,6,2769,2,18000,1.00216684724
247607,247613,250295,6,2682,2,18000,1.00223713647
247622,247629,250254,7,2625,2,18000,1.00266666667
247624,247635,250440,11,2805,2,18000,1.00392156863
248063,248069,250916,6,2847,2,18000,1.00210748156
248088,248094,250889,6,2795,2,18000,1.00214669052
248160,248167,250856,7,2689,2,18000,1.00260319821
248176,248182,250904,6,2722,2,18000,1.00220426157
248221,248227,250840,6,2613,2,18000,1.00229621125
248271,248278,251105,7,2827,2,18000,1.0024761231
248306,248312,251169,6,2857,2,18000,1.00210010501
248396,248402,251207,6,2805,2,18000,1.00213903743
248465,248472,251191,7,2719,2,18000,1.00257447591
248491,248497,251114,6,2617,2,18000,1.00229270157
248573,248579,251262,6,2683,2,18000,1.00223630265
248636,248642,251478,6,2836,2,18000,1.00211565585
248688,248694,251440,6,2746,2,18000,1.00218499636
248704,248710,251459,6,2749,2,18000,1.00218261186
248720,248726,251512,6,2786,2,18000,1.00215362527
248807,248813,251674,6,2861,2,18000,1.00209716882
248844,248850,251642,6,2792,2,18000,1.00214899713
248925,248931,251686,6,2755,2,18000,1.00217785844
248956,248962,251752,6,2790,2,18000,1.00215053763
248994,249000,251792,6,2792,2,18000,1.00214899713
249054,249060,251872,6,2812,2,18000,1.00213371266
249152,249158,251935,6,2777,2,18000,1.00216060497
249174,249180,251964,6,2784,2,18000,1.00215517241
249336,249342,252020,6,2678,2,18000,1.00224047797
249364,249371,252116,7,2745,2,18000,1.00255009107
249383,249389,252156,6,2767,2,18000,1.00216841344
249460,249467,252348,7,2881,2,18000,1.00242971191
249479,249485,252214,6,2729,2,18000,1.00219860755
249509,249515,252342,6,2827,2,18000,1.00212239123
249534,249540,252298,6,2758,2,18000,1.00217548949
249785,249792,252585,7,2793,2,18000,1.00250626566
249885,249891,252677,6,2786,2,18000,1.00215362527
250060,250066,252768,6,2702,2,18000,1.00222057735
250076,250082,252945,6,2863,2,18000,1.00209570381
250255,250261,253000,6,2739,2,18000,1.0021905805
250296,250302,253154,6,2852,2,18000,1.00210378682
250311,250317,253169,6,2852,2,18000,1.00210378682
250370,250376,253173,6,2797,2,18000,1.00214515552
250441,250447,253275,6,2828,2,18000,1.00212164074
250842,250849,253473,7,2624,2,18000,1.00266768293
250858,250864,253441,6,2577,2,18000,1.00232828871
250893,250899,253754,6,2855,2,18000,1.00210157618
250909,250914,253724,5,2810,2,18000,1.00177935943
250924,250931,253772,7,2841,2,18000,1.00246392115
251107,251113,253908,6,2795,2,18000,1.00214669052
251123,251129,253915,6,2786,2,18000,1.00215362527
251173,251179,253908,6,2729,2,18000,1.00219860755
251195,251201,253906,6,2705,2,18000,1.0022181146
251210,251217,254006,7,2789,2,18000,1.00250986016
251266,251272,254133,6,2861,2,18000,1.00209716882
251443,251449,254160,6,2711,2,18000,1.00221320546
251462,251468,254367,6,2899,2,18000,1.0020696792
251480,251487,254274,7,2787,2,18000,1.00251166128
251515,251521,254172,6,2651,2,18000,1.00226329687
251644,251651,254399,7,2748,2,18000,1.00254730713
251675,251682,254486,7,2804,2,18000,1.00249643367
251691,251696,254510,5,2814,2,18000,1.00177683014
251753,251759,254460,6,2701,2,18000,1.00222139948
251793,251799,254547,6,2748,2,18000,1.00218340611
251873,251879,254678,6,2799,2,18000,1.00214362272
251938,251944,254640,6,2696,2,18000,1.00222551929
251966,251972,254650,6,2678,2,18000,1.00224047797
252022,252028,254837,6,2809,2,18000,1.00213599146
252117,252123,254869,6,2746,2,18000,1.00218499636
252157,252164,254958,7,2794,2,18000,1.00250536865
252217,252223,255011,6,2788,2,18000,1.00215208034
252300,252306,255173,6,2867,2,18000,1.00209277991
252343,252350,254955,7,2605,2,18000,1.00268714012
252359,252365,255203,6,2838,2,18000,1.0021141649
252587,252593,255278,6,2685,2,18000,1.00223463687
252680,252686,255465,6,2779,2,18000,1.00215905002
252770,252776,255558,6,2782,2,18000,1.00215672178
252948,252954,255694,6,2740,2,18000,1.00218978102
253001,253007,255764,6,2757,2,18000,1.00217627856
253158,253164,255876,6,2712,2,18000,1.00221238938
253173,253179,256028,6,2849,2,18000,1.00210600211
253188,253195,255818,7,2623,2,18000,1.00266869996
253278,253284,256082,6,2798,2,18000,1.00214438885
253445,253451,256166,6,2715,2,18000,1.00220994475
253476,253482,256285,6,2803,2,18000,1.00214056368
253727,253732,256581,5,2849,2,18000,1.00175500176
253758,253764,256469,6,2705,2,18000,1.0022181146
253773,253780,256408,7,2628,2,18000,1.00266362253
253910,253916,256566,6,2650,2,18000,1.00226415094
253912,253922,256703,10,2781,2,18000,1.00359582884
253913,253927,256708,14,2781,2,18000,1.00503416037
253929,253935,256773,6,2838,2,18000,1.0021141649
254009,254015,256703,6,2688,2,18000,1.00223214286
254136,254142,256833,6,2691,2,18000,1.0022296544
254161,254167,256941,6,2774,2,18000,1.0021629416
254177,254182,256999,5,2817,2,18000,1.00177493788
254277,254283,256967,6,2684,2,18000,1.00223546945
254369,254375,257105,6,2730,2,18000,1.0021978022
254400,254406,257171,6,2765,2,18000,1.00216998192
254462,254468,257245,6,2777,2,18000,1.00216060497
254490,254496,257304,6,2808,2,18000,1.00213675214
254512,254518,257199,6,2681,2,18000,1.00223797091
254543,254549,257203,6,2654,2,18000,1.00226073851
254638,254644,257465,6,2821,2,18000,1.00212690535
254654,254660,257442,6,2782,2,18000,1.00215672178
254681,254687,257517,6,2830,2,18000,1.00212014134
254838,254844,257638,6,2794,2,18000,1.00214745884
254873,254879,257672,6,2793,2,18000,1.00214822771
254957,254963,257693,6,2730,2,18000,1.0021978022
254973,254979,257749,6,2770,2,18000,1.00216606498
255014,255020,257672,6,2652,2,18000,1.00226244344
255174,255180,257859,6,2679,2,18000,1.00223964166
255205,255211,257907,6,2696,2,18000,1.00222551929
255280,255286,258142,6,2856,2,18000,1.00210084034
255343,255349,256752,6,1403,1,172860,1.00427655025
255469,255475,258224,6,2749,2,18000,1.00218261186
255560,255566,258380,6,2814,2,18000,1.00213219616
255697,255703,258351,6,2648,2,18000,1.00226586103
255766,255772,258567,6,2795,2,18000,1.00214669052
255819,255826,258694,7,2868,2,18000,1.00244072524
255878,255884,258660,6,2776,2,18000,1.00216138329
256030,256036,258814,6,2778,2,18000,1.00215982721
256083,256089,258905,6,2816,2,18000,1.00213068182
256170,256176,258888,6,2712,2,18000,1.00221238938
256287,256293,258977,6,2684,2,18000,1.00223546945
256412,256418,259164,6,2746,2,18000,1.00218499636
256473,256479,259344,6,2865,2,18000,1.00209424084
256571,256577,259310,6,2733,2,18000,1.00219538968
256586,256592,259380,6,2788,2,18000,1.00215208034
256705,256712,259284,7,2572,2,18000,1.00272161742
256707,256718,259590,11,2872,2,18000,1.00383008357
256722,256728,259405,6,2677,2,18000,1.0022413149
256775,256781,259426,6,2645,2,18000,1.002268431
256835,256841,259722,6,2881,2,18000,1.0020826102
256943,256949,259748,6,2799,2,18000,1.00214362272
256968,256974,259776,6,2802,2,18000,1.00214132762
257002,257008,259772,6,2764,2,18000,1.002170767
257107,257113,259983,6,2870,2,18000,1.00209059233
257172,257178,259856,6,2678,2,18000,1.00224047797
257201,257207,259933,6,2726,2,18000,1.00220102715
257216,257222,260019,6,2797,2,18000,1.00214515552
257247,257253,260090,6,2837,2,18000,1.00211491012
257305,257312,260082,7,2770,2,18000,1.00252707581
257313,257319,257324,6,5,2,300,1.1
257333,257339,257361,6,22,2,300,1.27272727273
257369,257376,257423,7,47,2,300,1.14893617021
257431,257437,257605,6,168,2,300,1.03571428571
257444,257450,260083,6,2633,2,18000,1.00227876946
257466,257472,260265,6,2793,2,18000,1.00214822771
257519,257525,260306,6,2781,2,18000,1.0021574973
257617,257623,257632,6,9,2,300,1.5
257639,257645,260515,6,2870,2,18000,1.00209059233
257645,257651,257691,6,40,2,300,1.15
257674,257680,260363,6,2683,2,18000,1.00223630265
257675,257686,260471,11,2785,2,18000,1.0039497307
257696,257702,260432,6,2730,2,18000,1.0021978022
257702,257708,257748,6,40,2,300,1.15
257752,257758,260608,6,2850,2,18000,1.00210526316
257756,257765,258073,9,308,2,300,1.02922077922
257858,257864,260525,6,2661,2,18000,1.00225479143
257908,257915,260728,7,2813,2,18000,1.0024884465
258088,258094,258354,6,260,2,360,1.02307692308
258144,258150,260742,6,2592,2,18000,1.00231481481
258227,258233,260910,6,2677,2,18000,1.0022413149
258355,258360,261052,5,2692,2,18000,1.00185735513
258383,258389,261171,6,2782,2,18000,1.00215672178
258572,258577,261285,5,2708,2,18000,1.00184638109
258662,258668,261498,6,2830,2,18000,1.00212014134
258696,258702,261469,6,2767,2,18000,1.00216841344
258815,258822,261683,7,2861,2,18000,1.00244669696
258890,258896,261562,6,2666,2,18000,1.00225056264
258909,258915,261672,6,2757,2,18000,1.00217627856
258981,258987,261768,6,2781,2,18000,1.0021574973
259167,259173,261968,6,2795,2,18000,1.00214669052
259288,259294,262132,6,2838,2,18000,1.0021141649
259313,259319,262103,6,2784,2,18000,1.00215517241
259347,259353,262131,6,2778,2,18000,1.00215982721
259381,259387,262182,6,2795,2,18000,1.00214669052
259409,259415,262130,6,2715,2,18000,1.00220994475
259428,259434,262234,6,2800,2,18000,1.00214285714
259591,259597,262243,6,2646,2,18000,1.0022675737
259723,259730,262504,7,2774,2,18000,1.00252343187
259752,259758,262526,6,2768,2,18000,1.00216763006
259773,259780,262513,7,2733,2,18000,1.00256128796
259789,259795,262495,6,2700,2,18000,1.00222222222
259857,259864,262651,7,2787,2,18000,1.00251166128
259935,259941,262788,6,2847,2,18000,1.00210748156
259982,259989,262659,7,2670,2,18000,1.00262172285
260023,260029,262827,6,2798,2,18000,1.00214438885
260086,260092,262734,6,2642,2,18000,1.00227100681
260087,260098,262903,11,2805,2,18000,1.00392156863
260103,260109,262874,6,2765,2,18000,1.00216998192
260268,260274,262931,6,2657,2,18000,1.00225818592
260309,260315,263155,6,2840,2,18000,1.00211267606
260365,260371,262976,6,2605,2,18000,1.00230326296
260434,260440,263145,6,2705,2,18000,1.0022181146
260475,260481,263232,6,2751,2,18000,1.00218102508
260519,260525,263273,6,2748,2,18000,1.00218340611
260534,260540,263231,6,2691,2,18000,1.0022296544
260612,260618,263385,6,2767,2,18000,1.00216841344
260729,260736,263480,7,2744,2,18000,1.00255102041
260745,260751,263324,6,2573,2,18000,1.00233190828
260913,260919,263639,6,2720,2,18000,1.00220588235
261053,261059,263855,6,2796,2,18000,1.00214592275
261172,261178,264028,6,2850,2,18000,1.00210526316
261287,261293,263886,6,2593,2,18000,1.0023139221
261473,261479,264276,6,2797,2,18000,1.00214515552
261501,261508,264190,7,2682,2,18000,1.00260999254
261564,261570,264233,6,2663,2,18000,1.00225309801
261673,261679,264534,6,2855,2,18000,1.00210157618
261689,261695,264518,6,2823,2,18000,1.00212539851
261770,261776,264569,6,2793,2,18000,1.00214822771
261969,261975,264777,6,2802,2,18000,1.00214132762
262105,262112,264886,7,2774,2,18000,1.00252343187
262132,262138,264930,6,2792,2,18000,1.00214899713
262133,262144,265006,11,2862,2,18000,1.00384346611
262148,262154,264851,6,2697,2,18000,1.0022246941
262185,262192,264970,7,2778,2,18000,1.00251979842
262235,262242,264828,7,2586,2,18000,1.00270688322
262251,262257,265101,6,2844,2,18000,1.00210970464
262498,262504,265328,6,2824,2,18000,1.00212464589
262514,262520,265260,6,2740,2,18000,1.00218978102
262515,262526,265318,11,2792,2,18000,1.00393982808
262531,262537,265384,6,2847,2,18000,1.00210748156
262655,262661,265465,6,2804,2,18000,1.00213980029
262670,262677,265499,7,2822,2,18000,1.00248051028
262738,262744,265470,6,2726,2,18000,1.00220102715
262791,262797,265613,6,2816,2,18000,1.00213068182
262831,262837,265506,6,2669,2,18000,1.00224803297
262869,262875,392509,6,129634,2,129600,1.00004628415
262877,262883,265651,6,2768,2,18000,1.00216763006
262905,262912,265644,7,2732,2,18000,1.00256222548
262933,262940,265729,7,2789,2,18000,1.00250986016
262977,262984,265618,7,2634,2,18000,1.00265755505
263148,263154,265979,6,2825,2,18000,1.00212389381
263164,263170,265970,6,2800,2,18000,1.00214285714
263235,263241,265921,6,2680,2,18000,1.00223880597
263236,263247,266043,11,2796,2,18000,1.0039341917
263274,263280,266078,6,2798,2,18000,1.00214438885
263327,263333,266021,6,2688,2,18000,1.00223214286
263388,263395,266182,7,2787,2,18000,1.00251166128
263481,263487,266150,6,2663,2,18000,1.00225309801
263641,263647,266453,6,2806,2,18000,1.00213827512
263858,263864,266633,6,2769,2,18000,1.00216684724
263889,263895,266743,6,2848,2,18000,1.00210674157
264032,264038,266906,6,2868,2,18000,1.00209205021
264193,264199,266995,6,2796,2,18000,1.00214592275
264236,264242,266975,6,2733,2,18000,1.00219538968
264280,264286,266906,6,2620,2,18000,1.00229007634
264521,264527,267351,6,2824,2,18000,1.00212464589
264536,264543,267357,7,2814,2,18000,1.00248756219
264571,264577,267375,6,2798,2,18000,1.00214438885
264778,264784,267552,6,2768,2,18000,1.00216763006
264831,264837,267666,6,2829,2,18000,1.00212089077
264853,264859,267711,6,2852,2,18000,1.00210378682
264887,264893,267699,6,2806,2,18000,1.00213827512
264934,264940,267743,6,2803,2,18000,1.00214056368
264972,264978,267619,6,2641,2,18000,1.00227186672
265009,265015,267787,6,2772,2,18000,1.00216450216
265102,265109,267917,7,2808,2,18000,1.00249287749
265263,265269,268051,6,2782,2,18000,1.00215672178
265320,265326,268139,6,2813,2,18000,1.00213295414
265336,265342,268081,6,2739,2,18000,1.0021905805
265387,265393,268085,6,2692,2,18000,1.00222882615
265468,265474,268259,6,2785,2,18000,1.00215439856
265484,265490,268317,6,2827,2,18000,1.00212239123
265502,265508,268287,6,2779,2,18000,1.00215905002
265518,265524,268335,6,2811,2,18000,1.00213447172
265614,265620,268338,6,2718,2,18000,1.00220750552
265630,265636,268473,6,2837,2,18000,1.00211491012
265646,265652,268412,6,2760,2,18000,1.00217391304
265661,265667,268208,6,2541,2,18000,1.00236127509
265732,265738,268457,6,2719,2,18000,1.00220669364
265925,265931,268748,6,2817,2,18000,1.00212992545
265972,265978,268807,6,2829,2,18000,1.00212089077
265988,265994,268826,6,2832,2,18000,1.00211864407
266022,266029,268858,7,2829,2,18000,1.00247437257
266044,266051,268603,7,2552,2,18000,1.00274294671
266082,266088,268769,6,2681,2,18000,1.00223797091
266151,266157,268968,6,2811,2,18000,1.00213447172
266186,266192,269013,6,2821,2,18000,1.00212690535
266457,266463,269136,6,2673,2,18000,1.00224466891
266635,266641,269206,6,2565,2,18000,1.00233918129
266746,266753,269533,7,2780,2,18000,1.00251798561
266909,266915,269690,6,2775,2,18000,1.00216216216
266910,266921,269709,11,2788,2,18000,1.00394548063
266976,266982,269542,6,2560,2,18000,1.00234375
266999,267005,269851,6,2846,2,18000,1.00210822207
267354,267360,270155,6,2795,2,18000,1.00214669052
267369,267376,270203,7,2827,2,18000,1.0024761231
267385,267391,270031,6,2640,2,18000,1.00227272727
267553,267559,270350,6,2791,2,18000,1.00214976711
267622,267628,270497,6,2869,2,18000,1.00209132102
267669,267675,270443,6,2768,2,18000,1.00216763006
267704,267710,270499,6,2789,2,18000,1.00215130871
267720,267726,270322,6,2596,2,18000,1.00231124807
267745,267752,270585,7,2833,2,18000,1.00247087893
267789,267795,270629,6,2834,2,18000,1.00211714891
267919,267925,270776,6,2851,2,18000,1.00210452473
268052,268058,270840,6,2782,2,18000,1.00215672178
268084,268090,270928,6,2838,2,18000,1.0021141649
268100,268106,270891,6,2785,2,18000,1.00215439856
268141,268147,270946,6,2799,2,18000,1.00214362272
268211,268217,270868,6,2651,2,18000,1.00226329687
268262,268268,271029,6,2761,2,18000,1.00217312568
268290,268296,270916,6,2620,2,18000,1.00229007634
268319,268325,271140,6,2815,2,18000,1.00213143872
268338,268345,271139,7,2794,2,18000,1.00250536865
268340,268351,271064,11,2713,2,18000,1.00405455216
268415,268421,271242,6,2821,2,18000,1.00212690535
268459,268465,271260,6,2795,2,18000,1.00214669052
268475,268481,271149,6,2668,2,18000,1.00224887556
268606,268612,271407,6,2795,2,18000,1.00214669052
268752,268758,271422,6,2664,2,18000,1.00225225225
268770,268777,271563,7,2786,2,18000,1.00251256281
268809,268815,271593,6,2778,2,18000,1.00215982721
268828,268834,271609,6,2775,2,18000,1.00216216216
268860,268866,271648,6,2782,2,18000,1.00215672178
268969,268975,271782,6,2807,2,18000,1.00213751336
269016,269022,271861,6,2839,2,18000,1.00211342022
269100,269107,269597,7,490,2,900,1.01428571429
269138,269145,271855,7,2710,2,18000,1.00258302583
269208,269214,272008,6,2794,2,18000,1.00214745884
269535,269541,272447,6,2906,2,18000,1.00206469374
269551,269557,272304,6,2747,2,18000,1.00218420095
269693,269699,272434,6,2735,2,18000,1.00219378428
269712,269719,272537,7,2818,2,18000,1.00248403123
269855,269862,272597,7,2735,2,18000,1.00255941499
270034,270041,272861,7,2820,2,18000,1.0024822695
270158,270164,272933,6,2769,2,18000,1.00216684724
270207,270213,273015,6,2802,2,18000,1.00214132762
270326,270332,273146,6,2814,2,18000,1.00213219616
270352,270359,273149,7,2790,2,18000,1.00250896057
270445,270451,273169,6,2718,2,18000,1.00220750552
270500,270506,273126,6,2620,2,18000,1.00229007634
270501,270512,273290,11,2778,2,18000,1.00395968323
270588,270594,273342,6,2748,2,18000,1.00218340611
270633,270639,273393,6,2754,2,18000,1.00217864924
270778,270784,273616,6,2832,2,18000,1.00211864407
270844,270850,273646,6,2796,2,18000,1.00214592275
270872,270878,273624,6,2746,2,18000,1.00218499636
270893,270900,273741,7,2841,2,18000,1.00246392115
270918,270924,273505,6,2581,2,18000,1.00232468036
270934,270939,273785,5,2846,2,18000,1.00175685172
270950,270956,273793,6,2837,2,18000,1.00211491012
271030,271037,273839,7,2802,2,18000,1.00249821556
271068,271074,273840,6,2766,2,18000,1.0021691974
271143,271149,273866,6,2717,2,18000,1.002208318
271144,271155,273963,11,2808,2,18000,1.00391737892
271159,271166,273961,7,2795,2,18000,1.00250447227
271246,271252,274033,6,2781,2,18000,1.0021574973
271262,271268,274093,6,2825,2,18000,1.00212389381
271411,271418,274240,7,2822,2,18000,1.00248051028
271427,271434,274146,7,2712,2,18000,1.00258112094
271567,271573,274366,6,2793,2,18000,1.00214822771
271595,271601,274355,6,2754,2,18000,1.00217864924
271610,271617,274428,7,2811,2,18000,1.002490217
271651,271657,274302,6,2645,2,18000,1.002268431
271785,271791,274582,6,2791,2,18000,1.00214976711
271857,271864,274656,7,2792,2,18000,1.00250716332
271874,271880,274691,6,2811,2,18000,1.00213447172
272011,272017,274791,6,2774,2,18000,1.0021629416
272307,272313,275113,6,2800,2,18000,1.00214285714
272437,272443,275030,6,2587,2,18000,1.00231928875
272453,272459,275276,6,2817,2,18000,1.00212992545
272540,272546,275443,6,2897,2,18000,1.00207110804
272599,272605,275408,6,2803,2,18000,1.00214056368
272865,272871,275637,6,2766,2,18000,1.0021691974
272937,272943,275731,6,2788,2,18000,1.00215208034
273018,273024,275841,6,2817,2,18000,1.00212992545
273129,273135,275923,6,2788,2,18000,1.00215208034
273148,273154,275968,6,2814,2,18000,1.00213219616
273163,273169,275956,6,2787,2,18000,1.00215285253
273179,273185,275941,6,2756,2,18000,1.00217706821
273293,273299,276070,6,2771,2,18000,1.00216528329
273346,273352,276144,6,2792,2,18000,1.00214899713
273395,273401,276225,6,2824,2,18000,1.00212464589
273506,273513,276346,7,2833,2,18000,1.00247087893
273618,273624,276413,6,2789,2,18000,1.00215130871
273634,273640,276492,6,2852,2,18000,1.00210378682
273650,273656,276352,6,2696,2,18000,1.00222551929
273742,273748,276528,6,2780,2,18000,1.00215827338
273788,273795,276478,7,2683,2,18000,1.00260901975
273804,273810,276648,6,2838,2,18000,1.0021141649
273841,273847,276684,6,2837,2,18000,1.00211491012
273842,273853,276627,11,2774,2,18000,1.00396539293
273870,273876,276659,6,2783,2,18000,1.00215594682
273963,273969,276705,6,2736,2,18000,1.00219298246
273978,273984,276788,6,2804,2,18000,1.00213980029
274037,274043,276815,6,2772,2,18000,1.00216450216
274096,274102,276777,6,2675,2,18000,1.00224299065
274148,274154,276875,6,2721,2,18000,1.00220507166
274242,274248,277024,6,2776,2,18000,1.00216138329
274304,274310,277027,6,2717,2,18000,1.002208318
274357,274363,277271,6,2908,2,18000,1.00206327373
274373,274379,277179,6,2800,2,18000,1.00214285714
274432,274439,277235,7,2796,2,18000,1.00250357654
274584,274590,277378,6,2788,2,18000,1.00215208034
274660,274666,277453,6,2787,2,18000,1.00215285253
274694,274701,277508,7,2807,2,18000,1.00249376559
274794,274800,277508,6,2708,2,18000,1.00221565731
275034,275040,277792,6,2752,2,18000,1.00218023256
275116,275123,277884,7,2761,2,18000,1.00253531329
275277,275283,277982,6,2699,2,18000,1.00222304557
275411,275417,278239,6,2822,2,18000,1.00212615167
275446,275452,278190,6,2738,2,18000,1.00219138057
275640,275647,278417,7,2770,2,18000,1.00252707581
275732,275738,278566,6,2828,2,18000,1.00212164074
275842,275848,278595,6,2747,2,18000,1.00218420095
275927,275933,278796,6,2863,2,18000,1.00209570381
275943,275949,278658,6,2709,2,18000,1.00221483942
275960,275966,278693,6,2727,2,18000,1.00220022002
275975,275981,278782,6,2801,2,18000,1.00214209211
276072,276078,278741,6,2663,2,18000,1.00225309801
276148,276154,278809,6,2655,2,18000,1.00225988701
276226,276232,279063,6,2831,2,18000,1.00211939244
276348,276354,279173,6,2819,2,18000,1.00212841433
276363,276370,279136,7,2766,2,18000,1.0025307303
276416,276423,279170,7,2747,2,18000,1.00254823444
276479,276485,279277,6,2792,2,18000,1.00214899713
276495,276501,279308,6,2807,2,18000,1.00213751336
276529,276536,279110,7,2574,2,18000,1.00271950272
276630,276636,279403,6,2767,2,18000,1.00216841344
276652,276658,279474,6,2816,2,18000,1.00213068182
276667,276674,279421,7,2747,2,18000,1.00254823444
276686,276692,279471,6,2779,2,18000,1.00215905002
276709,276716,279483,7,2767,2,18000,1.00252981568
276781,276788,279559,7,2771,2,18000,1.00252616384
276797,276803,279605,6,2802,2,18000,1.00214132762
276819,276825,279560,6,2735,2,18000,1.00219378428
276879,276885,279523,6,2638,2,18000,1.00227445034
277029,277035,279703,6,2668,2,18000,1.00224887556
277030,277041,279853,11,2812,2,18000,1.00391180654
277181,277187,279999,6,2812,2,18000,1.00213371266
277237,277244,279960,7,2716,2,18000,1.00257731959
277274,277280,280089,6,2809,2,18000,1.00213599146
277381,277388,280196,7,2808,2,18000,1.00249287749
277456,277463,280183,7,2720,2,18000,1.00257352941
277510,277516,280317,6,2801,2,18000,1.00214209211
277511,277522,280196,11,2674,2,18000,1.00411368736
277796,277802,280582,6,2780,2,18000,1.00215827338
277887,277893,280708,6,2815,2,18000,1.00213143872
277980,277986,280828,6,2842,2,18000,1.0021111893
278191,278197,281016,6,2819,2,18000,1.00212841433
278241,278247,281063,6,2816,2,18000,1.00213068182
278419,278426,281224,7,2798,2,18000,1.00250178699
278569,278575,281374,6,2799,2,18000,1.00214362272
278598,278604,281149,6,2545,2,18000,1.00235756385
278660,278666,281389,6,2723,2,18000,1.00220345207
278697,278703,281532,6,2829,2,18000,1.00212089077
278744,278750,281496,6,2746,2,18000,1.00218499636
278785,278791,281561,6,2770,2,18000,1.00216606498
278801,278807,281646,6,2839,2,18000,1.00211342022
278817,278823,281613,6,2790,2,18000,1.00215053763
279068,279074,281787,6,2713,2,18000,1.0022115739
279112,279118,281901,6,2783,2,18000,1.00215594682
279140,279146,281976,6,2830,2,18000,1.00212014134
279171,279177,282030,6,2853,2,18000,1.00210304942
279187,279193,281837,6,2644,2,18000,1.00226928896
279280,279286,282174,6,2888,2,18000,1.00207756233
279311,279317,282030,6,2713,2,18000,1.0022115739
279405,279411,282244,6,2833,2,18000,1.00211789622
279424,279430,282280,6,2850,2,18000,1.00210526316
279475,279481,282281,6,2800,2,18000,1.00214285714
279476,279487,282286,11,2799,2,18000,1.00392997499
279492,279498,282277,6,2779,2,18000,1.00215905002
279527,279533,282276,6,2743,2,18000,1.00218738607
279562,279568,282318,6,2750,2,18000,1.00218181818
279563,279574,282386,11,2812,2,18000,1.00391180654
279607,279614,282304,7,2690,2,18000,1.00260223048
279705,279711,282557,6,2846,2,18000,1.00210822207
279855,279861,282648,6,2787,2,18000,1.00215285253
279963,279969,282644,6,2675,2,18000,1.00224299065
280000,280006,282703,6,2697,2,18000,1.0022246941
280091,280097,282904,6,2807,2,18000,1.00213751336
280188,280195,282939,7,2744,2,18000,1.00255102041
280204,280210,282976,6,2766,2,18000,1.0021691974
280205,280216,282983,11,2767,2,18000,1.00397542465
280321,280327,283152,6,2825,2,18000,1.00212389381
280585,280591,283338,6,2747,2,18000,1.00218420095
280710,280716,283466,6,2750,2,18000,1.00218181818
280832,280838,283524,6,2686,2,18000,1.00223380491
281018,281024,283808,6,2784,2,18000,1.00215517241
281065,281071,283866,6,2795,2,18000,1.00214669052
281153,281159,283978,6,2819,2,18000,1.00212841433
281228,281234,284012,6,2778,2,18000,1.00215982721
281376,281382,284147,6,2765,2,18000,1.00216998192
281392,281398,284172,6,2774,2,18000,1.0021629416
281497,281504,284173,7,2669,2,18000,1.00262270513
281535,281541,284159,6,2618,2,18000,1.00229182582
281563,281569,284369,6,2800,2,18000,1.00214285714
281615,281621,284333,6,2712,2,18000,1.00221238938
281650,281656,284458,6,2802,2,18000,1.00214132762
281790,281796,284580,6,2784,2,18000,1.00215517241
281840,281846,284519,6,2673,2,18000,1.00224466891
281903,281909,284683,6,2774,2,18000,1.0021629416
281978,281985,284858,7,2873,2,18000,1.00243647755
282032,282038,284763,6,2725,2,18000,1.00220183486
282033,282044,284853,11,2809,2,18000,1.00391598434
282177,282184,284977,7,2793,2,18000,1.00250626566
282246,282251,285049,5,2798,2,18000,1.00178699071
282278,282284,284973,6,2689,2,18000,1.00223131276
282279,282290,285024,11,2734,2,18000,1.00402340892
282296,282302,285066,6,2764,2,18000,1.002170767
282297,282308,285095,11,2787,2,18000,1.0039468963
282298,282313,285110,15,2797,2,18000,1.00536288881
282314,282320,285154,6,2834,2,18000,1.00211714891
282330,282336,285033,6,2697,2,18000,1.0022246941
282389,282395,285126,6,2731,2,18000,1.00219699744
282559,282565,285408,6,2843,2,18000,1.00211044671
282648,282654,285506,6,2852,2,18000,1.00210378682
282663,282670,285393,7,2723,2,18000,1.00257069409
282705,282711,285477,6,2766,2,18000,1.0021691974
282907,282913,285593,6,2680,2,18000,1.00223880597
282942,282948,285717,6,2769,2,18000,1.00216684724
282980,282986,285701,6,2715,2,18000,1.00220994475
282996,283002,285784,6,2782,2,18000,1.00215672178
283153,283159,285990,6,2831,2,18000,1.00211939244
283340,283346,286186,6,2840,2,18000,1.00211267606
283469,283475,286311,6,2836,2,18000,1.00211565585
283526,283532,286463,6,2931,2,18000,1.00204708291
283811,283817,286686,6,2869,2,18000,1.00209132102
283867,283873,286647,6,2774,2,18000,1.0021629416
283982,283988,286734,6,2746,2,18000,1.00218499636
284013,284020,286791,7,2771,2,18000,1.00252616384
284151,284157,286973,6,2816,2,18000,1.00213068182
284166,284173,286910,7,2737,2,18000,1.00255754476
284182,284188,286891,6,2703,2,18000,1.00221975583
284183,284194,286836,11,2642,2,18000,1.00416351249
284336,284342,287132,6,2790,2,18000,1.00215053763
284371,284377,287219,6,2842,2,18000,1.0021111893
284461,284467,287342,6,2875,2,18000,1.00208695652
284521,284527,287223,6,2696,2,18000,1.00222551929
284584,284590,287326,6,2736,2,18000,1.00219298246
284687,284693,287489,6,2796,2,18000,1.00214592275
284764,284770,287560,6,2790,2,18000,1.00215053763
284854,284861,287651,7,2790,2,18000,1.00250896057
284870,284876,287684,6,2808,2,18000,1.00213675214
284978,284984,287685,6,2701,2,18000,1.00222139948
284979,284990,287739,11,2749,2,18000,1.00400145507
285027,285033,287847,6,2814,2,18000,1.00213219616
285042,285049,287845,7,2796,2,18000,1.00250357654
285059,285065,287883,6,2818,2,18000,1.00212916962
285075,285081,287776,6,2695,2,18000,1.00222634508
285097,285103,287954,6,2851,2,18000,1.00210452473
285112,285118,287816,6,2698,2,18000,1.00222386953
285128,285134,287765,6,2631,2,18000,1.00228050171
285156,285162,287885,6,2723,2,18000,1.00220345207
285396,285402,288220,6,2818,2,18000,1.00212916962
285412,285418,288253,6,2835,2,18000,1.00211640212
285480,285487,288165,7,2678,2,18000,1.00261389096
285509,285515,288265,6,2750,2,18000,1.00218181818
285594,285600,288171,6,2571,2,18000,1.00233372229
285704,285710,288490,6,2780,2,18000,1.00215827338
285720,285726,288608,6,2882,2,18000,1.00208188758
285786,285792,288582,6,2790,2,18000,1.00215053763
285991,285998,288626,7,2628,2,18000,1.00266362253
286189,286195,288974,6,2779,2,18000,1.00215905002
286314,286321,289073,7,2752,2,18000,1.00254360465
286466,286472,289287,6,2815,2,18000,1.00213143872
286649,286655,289399,6,2744,2,18000,1.00218658892
286690,286697,289399,7,2702,2,18000,1.00259067358
286738,286744,289585,6,2841,2,18000,1.00211193242
286795,286801,289610,6,2809,2,18000,1.00213599146
286839,286845,289568,6,2723,2,18000,1.00220345207
286893,286899,289693,6,2794,2,18000,1.00214745884
286912,286918,289663,6,2745,2,18000,1.00218579235
286977,286983,289678,6,2695,2,18000,1.00222634508
287136,287142,289809,6,2667,2,18000,1.00224971879
287221,287227,289946,6,2719,2,18000,1.00220669364
287237,287243,290069,6,2826,2,18000,1.00212314225
287328,287334,290123,6,2789,2,18000,1.00215130871
287344,287350,290171,6,2821,2,18000,1.00212690535
287492,287498,290311,6,2813,2,18000,1.00213295414
287561,287567,290336,6,2769,2,18000,1.00216684724
287653,287659,290371,6,2712,2,18000,1.00221238938
287688,287694,290462,6,2768,2,18000,1.00216763006
287690,287700,290306,10,2606,2,18000,1.00383729854
287741,287747,290469,6,2722,2,18000,1.00220426157
287767,287773,290633,6,2860,2,18000,1.0020979021
287783,287789,290608,6,2819,2,18000,1.00212841433
287819,287825,290512,6,2687,2,18000,1.00223297358
287849,287855,290488,6,2633,2,18000,1.00227876946
287850,287861,290608,11,2747,2,18000,1.0040043684
287886,287892,290677,6,2785,2,18000,1.00215439856
287887,287898,290747,11,2849,2,18000,1.00386100386
287957,287964,290779,7,2815,2,18000,1.00248667851
288169,288175,290907,6,2732,2,18000,1.00219619327
288185,288191,290875,6,2684,2,18000,1.00223546945
288223,288229,290958,6,2729,2,18000,1.00219860755
288255,288261,290881,6,2620,2,18000,1.00229007634
288271,288277,291062,6,2785,2,18000,1.00215439856
288493,288499,291300,6,2801,2,18000,1.00214209211
288585,288591,291431,6,2840,2,18000,1.00211267606
288610,288616,291331,6,2715,2,18000,1.00220994475
288630,288636,291484,6,2848,2,18000,1.00210674157
288975,288982,291776,7,2794,2,18000,1.00250536865
289077,289083,291921,6,2838,2,18000,1.0021141649
289290,289296,292117,6,2821,2,18000,1.00212690535
289403,289409,292150,6,2741,2,18000,1.00218898212
289404,289415,292205,11,2790,2,18000,1.00394265233
289570,289576,292257,6,2681,2,18000,1.00223797091
289590,289596,292439,6,2843,2,18000,1.00211044671
289613,289619,292192,6,2573,2,18000,1.00233190828
289665,289671,292464,6,2793,2,18000,1.00214822771
289682,289688,292317,6,2629,2,18000,1.00228223659
289700,289706,292482,6,2776,2,18000,1.00216138329
289812,289819,292652,7,2833,2,18000,1.00247087893
289848,289854,290358,6,504,2,14400,1.0119047619
289948,289955,292609,7,2654,2,18000,1.00263752826
290074,290080,292854,6,2774,2,18000,1.0021629416
290125,290131,292723,6,2592,2,18000,1.00231481481
290173,290179,292932,6,2753,2,18000,1.00217944061
290310,290317,292953,7,2636,2,18000,1.00265553869
290326,290332,293181,6,2849,2,18000,1.00210600211
290342,290348,293146,6,2798,2,18000,1.00214438885
290375,290381,293250,6,2869,2,18000,1.00209132102
290465,290471,293302,6,2831,2,18000,1.00211939244
290481,290487,293273,6,2786,2,18000,1.00215362527
290497,290504,293233,7,2729,2,18000,1.00256504214
290514,290521,293352,7,2831,2,18000,1.00247262451
290613,290618,293291,5,2673,2,18000,1.00187055743
290614,290625,293392,11,2767,2,18000,1.00397542465
290637,290643,293360,6,2717,2,18000,1.002208318
290679,290685,293407,6,2722,2,18000,1.00220426157
290749,290755,293449,6,2694,2,18000,1.00222717149
290781,290788,293521,7,2733,2,18000,1.00256128796
290805,290811,293702,6,2891,2,14400,1.00207540643
290879,290885,293699,6,2814,2,18000,1.00213219616
290895,290901,293600,6,2699,2,18000,1.00222304557
290914,290920,293674,6,2754,2,18000,1.00217864924
290960,290966,293802,6,2836,2,18000,1.00211565585
291067,291073,293889,6,2816,2,18000,1.00213068182
291305,291311,294075,6,2764,2,18000,1.002170767
291334,291340,294172,6,2832,2,18000,1.00211864407
291432,291438,294312,6,2874,2,18000,1.00208768267
291486,291492,294298,6,2806,2,18000,1.00213827512
291495,291502,293747,7,2245,2,14400,1.00311804009
291779,291785,294477,6,2692,2,18000,1.00222882615
291812,291818,293136,6,1318,2,14400,1.00455235205
291926,291932,294717,6,2785,2,18000,1.00215439856
292121,292127,294912,6,2785,2,18000,1.00215439856
292152,292158,294936,6,2778,2,18000,1.00215982721
292164,292170,292793,6,623,2,7200,1.00963081862
292196,292203,294982,7,2779,2,18000,1.00251889169
292212,292218,294981,6,2763,2,18000,1.00217155266
292259,292265,294977,6,2712,2,18000,1.00221238938
292319,292325,294978,6,2653,2,18000,1.00226159065
292399,292406,338004,7,45598,4,180000,1.00015351551
292420,292426,338808,6,46382,4,180000,1.00012936053
292441,292447,295187,6,2740,2,18000,1.00218978102
292467,292473,295264,6,2791,2,18000,1.00214976711
292486,292492,295248,6,2756,2,18000,1.00217706821
292613,292619,295444,6,2825,2,18000,1.00212389381
292655,292661,295446,6,2785,2,18000,1.00215439856
292728,292734,295558,6,2824,2,18000,1.00212464589
292856,292862,295766,6,2904,2,18000,1.0020661157
292934,292940,295691,6,2751,2,18000,1.00218102508
292957,292963,295753,6,2790,2,18000,1.00215053763
292957,292968,294163,11,1195,2,14400,1.00920502092
293147,293154,295907,7,2753,2,18000,1.00254268071
293182,293189,295835,7,2646,2,18000,1.00264550265
293234,293240,296058,6,2818,2,18000,1.00212916962
293254,293260,296020,6,2760,2,18000,1.00217391304
293276,293282,296098,6,2816,2,18000,1.00213068182
293295,293302,296099,7,2797,2,18000,1.00250268144
293311,293318,296027,7,2709,2,18000,1.00258397933
293314,293324,293325,10,1,2,14400,1.1
293356,293362,296140,6,2778,2,18000,1.00215982721
293372,293378,296172,6,2794,2,18000,1.00214745884
293394,293400,296207,6,2807,2,18000,1.00213751336
293409,293416,296197,7,2781,2,18000,1.00251708019
293451,293457,296235,6,2778,2,18000,1.00215982721
293523,293529,296349,6,2820,2,18000,1.00212765957
293528,293535,294303,7,768,2,14400,1.00911458333
293603,293609,296484,6,2875,2,18000,1.00208695652
293676,293682,296563,6,2881,2,18000,1.0020826102
293702,293708,296518,6,2810,2,18000,1.00213523132
293769,293776,294172,7,396,2,7200,1.01767676768
293804,293810,296650,6,2840,2,18000,1.00211267606
293893,293900,296639,7,2739,2,18000,1.00255567725
294078,294084,296799,6,2715,2,18000,1.00220994475
294106,294112,330248,6,36136,16,36000,1.00016603941
294174,294181,297124,7,2943,2,18000,1.00237852531
294302,294308,297026,6,2718,2,18000,1.00220750552
294319,294325,297153,6,2828,2,18000,1.00212164074
294480,294486,297151,6,2665,2,18000,1.00225140713
294658,294664,296631,6,1967,2,14400,1.00305033045
294719,294725,297543,6,2818,2,18000,1.00212916962
294869,294876,296927,7,2051,2,14400,1.00341296928
294914,294920,297482,6,2562,2,18000,1.00234192037
294939,294945,297727,6,2782,2,18000,1.00215672178
294978,294985,297699,7,2714,2,18000,1.00257921887
294980,294991,297834,11,2843,2,18000,1.0038691523
294996,295002,297803,6,2801,2,18000,1.00214209211
294998,295008,297810,10,2802,2,18000,1.00356887937
295089,295095,296315,6,1220,2,14400,1.00491803279
295191,295197,297986,6,2789,2,18000,1.00215130871
295250,295257,298039,7,2782,2,18000,1.00251617541
295267,295273,298063,6,2790,2,18000,1.00215053763
295448,295454,298219,6,2765,2,18000,1.00216998192
295449,295460,298210,11,2750,2,18000,1.004
295563,295569,298254,6,2685,2,18000,1.00223463687
295631,295637,296115,6,478,2,7200,1.01255230126
295694,295700,298493,6,2793,2,18000,1.00214822771
295757,295763,298563,6,2800,2,18000,1.00214285714
295772,295779,298465,7,2686,2,18000,1.00260610573
295838,295844,298683,6,2839,2,18000,1.00211342022
295905,295911,295958,6,47,2,3600,1.12765957447
295910,295917,298716,7,2799,2,18000,1.00250089318
296023,296029,298760,6,2731,2,18000,1.00219699744
296038,296044,298801,6,2757,2,18000,1.00217627856
296060,296067,298914,7,2847,2,18000,1.00245872849
296100,296106,298844,6,2738,2,18000,1.00219138057
296101,296112,298918,11,2806,2,18000,1.00392017106
296107,296118,296158,11,40,2,3600,1.275
296142,296148,298987,6,2839,2,18000,1.00211342022
296173,296179,299028,6,2849,2,18000,1.00210600211
296202,296208,298991,6,2783,2,18000,1.00215594682
296217,296224,299027,7,2803,2,18000,1.0024973243
296236,296242,299020,6,2778,2,18000,1.00215982721
296325,296331,296384,6,53,2,3600,1.11320754717
296352,296358,299105,6,2747,2,18000,1.00218420095
296486,296492,299290,6,2798,2,18000,1.00214438885
296520,296527,299264,7,2737,2,18000,1.00255754476
296550,296557,296588,7,31,2,3600,1.22580645161
296565,296572,299407,7,2835,2,18000,1.0024691358
296641,296647,299340,6,2693,2,18000,1.00222799851
296656,296662,299443,6,2781,2,18000,1.0021574973
296725,296731,296786,6,55,2,3600,1.10909090909
296802,296809,299568,7,2759,2,18000,1.00253715114
297027,297033,299622,6,2589,2,18000,1.0023174971
297127,297134,299976,7,2842,2,18000,1.00246305419
297153,297159,299948,6,2789,2,18000,1.00215130871
297155,297166,299936,11,2770,2,18000,1.00397111913
297372,297379,297870,7,491,2,14400,1.01425661914
297483,297490,300309,7,2819,2,18000,1.00248315005
297547,297553,300362,6,2809,2,18000,1.00213599146
297617,297623,298138,6,515,2,14400,1.01165048544
297700,297706,300551,6,2845,2,18000,1.00210896309
297729,297735,300548,6,2813,2,18000,1.00213295414
297805,297811,300560,6,2749,2,18000,1.00218261186
297821,297827,300594,6,2767,2,18000,1.00216841344
297837,297843,300610,6,2767,2,18000,1.00216841344
297907,297913,298279,6,366,2,14400,1.01639344262
297987,297993,300702,6,2709,2,18000,1.00221483942
298040,298046,300825,6,2779,2,18000,1.00215905002
298065,298071,300887,6,2816,2,18000,1.00213068182
298185,298191,298418,6,227,2,7200,1.02643171806
298215,298222,300998,7,2776,2,18000,1.00252161383
298231,298237,301034,6,2797,2,18000,1.00214515552
298253,298259,301030,6,2771,2,18000,1.00216528329
298469,298475,301240,6,2765,2,18000,1.00216998192
298498,298504,301169,6,2665,2,18000,1.00225140713
298564,298570,301348,6,2778,2,18000,1.00215982721
298687,298693,301516,6,2823,2,18000,1.00212539851
298719,298725,301281,6,2556,2,18000,1.00234741784
298762,298768,301593,6,2825,2,18000,1.00212389381
298803,298809,301661,6,2852,2,18000,1.00210378682
298847,298853,301663,6,2810,2,18000,1.00213523132
298916,298923,301693,7,2770,2,18000,1.00252707581
298932,298938,301734,6,2796,2,18000,1.00214592275
298989,298995,301792,6,2797,2,18000,1.00214515552
299004,299011,301767,7,2756,2,18000,1.00253991292
299023,299030,301752,7,2722,2,18000,1.0025716385
299040,299046,301746,6,2700,2,18000,1.00222222222
299041,299052,301845,11,2793,2,18000,1.00393841747
299108,299114,301941,6,2827,2,18000,1.00212239123
299268,299274,302121,6,2847,2,18000,1.00210748156
299292,299299,302071,7,2772,2,18000,1.00252525253
299342,299349,302115,7,2766,2,18000,1.0025307303
299408,299414,302227,6,2813,2,18000,1.00213295414
299445,299451,302277,6,2826,2,18000,1.00212314225
299571,299577,302248,6,2671,2,18000,1.00224634968
299624,299630,302421,6,2791,2,18000,1.00214976711
299658,299664,333818,6,34154,4,410400,1.00017567488
299746,299752,333818,6,34066,4,410400,1.00017612869
299860,299866,710281,6,410415,4,410400,1.00001461935
299893,299899,460621,6,160722,12,345600,1.00003733154
299937,299943,302720,6,2777,2,18000,1.00216060497
299953,299958,302782,5,2824,2,18000,1.00177053824
299978,299984,302684,6,2700,2,18000,1.00222222222
300148,300155,333818,7,33663,4,410400,1.00020794344
300264,300270,333825,6,33555,4,410400,1.00017881091
300311,300317,303114,6,2797,2,18000,1.00214515552
300364,300370,303117,6,2747,2,18000,1.00218420095
300550,300557,303361,7,2804,2,18000,1.00249643367
300567,300572,303437,5,2865,2,18000,1.0017452007
300568,300578,303414,10,2836,2,18000,1.00352609309
300597,300603,303375,6,2772,2,18000,1.00216450216
300612,300619,303296,7,2677,2,18000,1.00261486739
300704,300710,303509,6,2799,2,18000,1.00214362272
300828,300834,303664,6,2830,2,18000,1.00212014134
300890,300896,303720,6,2824,2,18000,1.00212464589
301000,301007,303835,7,2828,2,18000,1.00247524752
301032,301038,303825,6,2787,2,18000,1.00215285253
301048,301054,303814,6,2760,2,18000,1.00217391304
301171,301177,303966,6,2789,2,18000,1.00215130871
301243,301249,304061,6,2812,2,18000,1.00213371266
301283,301289,304130,6,2841,2,18000,1.00211193242
301352,301358,304138,6,2780,2,18000,1.00215827338
301520,301526,304173,6,2647,2,18000,1.00226671704
301595,301601,304495,6,2894,2,18000,1.00207325501
301665,301671,304562,6,2891,2,18000,1.00207540643
301666,301677,304273,11,2596,2,18000,1.00423728814
301695,301701,304430,6,2729,2,18000,1.00219860755
301738,301744,304488,6,2744,2,18000,1.00218658892
301754,301760,304613,6,2853,2,18000,1.00210304942
301755,301766,304585,11,2819,2,18000,1.00390209294
301771,301777,304427,6,2650,2,18000,1.00226415094
301779,301785,302073,6,288,3,288000,1.02083333333
301793,301799,304614,6,2815,2,18000,1.00213143872
301846,301852,304746,6,2894,2,18000,1.00207325501
301945,301951,304762,6,2811,2,18000,1.00213447172
302072,302078,304934,6,2856,2,18000,1.00210084034
302117,302123,304887,6,2764,2,18000,1.002170767
302133,302140,304883,7,2743,2,18000,1.00255195042
302230,302236,305034,6,2798,2,18000,1.00214438885
302231,302241,662269,10,360028,3,360000,1.00002777562
302249,302255,305056,6,2801,2,18000,1.00214209211
302280,302286,305080,6,2794,2,18000,1.00214745884
302422,302428,305261,6,2833,2,18000,1.00211789622
302688,302694,305465,6,2771,2,18000,1.00216528329
302722,302729,305331,7,2602,2,18000,1.00269023828
302785,302792,305578,7,2786,2,18000,1.00251256281
302877,302883,662908,6,360025,3,360000,1.00001666551
303117,303123,305946,6,2823,2,18000,1.00212539851
303133,303139,305828,6,2689,2,18000,1.00223131276
303191,303197,663232,6,360035,3,360000,1.00001666505
303298,303304,306105,6,2801,2,18000,1.00214209211
303307,303313,659759,6,356446,3,356400,1.00001683284
303364,303370,306125,6,2755,2,18000,1.00217785844
303380,303385,306047,5,2662,2,18000,1.001878287
303418,303424,306211,6,2787,2,18000,1.00215285253
303440,303446,306205,6,2759,2,18000,1.00217470098
303511,303517,306337,6,2820,2,18000,1.00212765957
303669,303675,306398,6,2723,2,18000,1.00220345207
303722,303728,306478,6,2750,2,18000,1.00218181818
303749,303755,663758,6,360003,1,360000,1.00001666653
303817,303823,306718,6,2895,2,18000,1.00207253886
303833,303839,306558,6,2719,2,18000,1.00220669364
303848,303855,306650,7,2795,2,18000,1.00250447227
303871,303877,375892,6,72015,2,72000,1.00008331598
303969,303975,306660,6,2685,2,18000,1.00223463687
304028,304034,388744,6,84710,3,288000,1.00007082989
304063,304069,306827,6,2758,2,18000,1.00217548949
304132,304138,306976,6,2838,2,18000,1.0021141649
304148,304154,306885,6,2731,2,18000,1.00219699744
304176,304182,306962,6,2780,2,18000,1.00215827338
304276,304282,306949,6,2667,2,18000,1.00224971879
304428,304435,307239,7,2804,2,18000,1.00249643367
304444,304450,307255,6,2805,2,18000,1.00213903743
304492,304498,307280,6,2782,2,18000,1.00215672178
304508,304514,307269,6,2755,2,18000,1.00217785844
304564,304570,307254,6,2684,2,18000,1.00223546945
304589,304595,307402,6,2807,2,18000,1.00213751336
304615,304621,307301,6,2680,2,18000,1.00223880597
304616,304627,307462,11,2835,2,18000,1.00388007055
304750,304756,307599,6,2843,2,18000,1.00211044671
304766,304773,307434,7,2661,2,18000,1.00263059
304795,304802,366825,7,62023,2,72000,1.00011286136
304885,304891,307702,6,2811,2,18000,1.00213447172
304895,304901,376940,6,72039,2,72000,1.00008328822
304900,304907,307755,7,2848,2,18000,1.00245786517
304939,304945,307790,6,2845,2,18000,1.00210896309
305035,305041,307857,6,2816,2,18000,1.00213068182
305058,305064,307750,6,2686,2,18000,1.00223380491
305083,305090,307886,7,2796,2,18000,1.00250357654
305265,305271,308097,6,2826,2,18000,1.00212314225
305334,305340,308167,6,2827,2,18000,1.00212239123
305469,305475,308314,6,2839,2,18000,1.00211342022
305581,305587,308352,6,2765,2,18000,1.00216998192
305832,305839,308649,7,2810,2,18000,1.0024911032
305950,305956,308775,6,2819,2,18000,1.00212841433
306049,306055,308828,6,2773,2,18000,1.0021637216
306108,306114,308795,6,2681,2,18000,1.00223797091
306127,306133,308863,6,2730,2,18000,1.0021978022
306208,306214,309014,6,2800,2,18000,1.00214285714
306224,306230,309024,6,2794,2,18000,1.00214745884
306339,306345,309063,6,2718,2,18000,1.00220750552
306401,306407,309060,6,2653,2,18000,1.00226159065
306480,306486,309255,6,2769,2,18000,1.00216684724
306560,306566,309286,6,2720,2,18000,1.00220588235
306652,306658,309511,6,2853,2,18000,1.00210304942
306667,306673,309400,6,2727,2,18000,1.00220022002
306720,306726,309378,6,2652,2,18000,1.00226244344
306831,306837,309642,6,2805,2,18000,1.00213903743
306887,306893,309553,6,2660,2,18000,1.0022556391
306952,306958,309655,6,2697,2,18000,1.0022246941
306968,306974,309779,6,2805,2,18000,1.00213903743
306983,306989,309843,6,2854,2,18000,1.00210231254
307241,307247,309971,6,2724,2,18000,1.00220264317
307257,307264,310099,7,2835,2,18000,1.0024691358
307259,307270,309934,11,2664,2,18000,1.00412912913
307275,307281,309981,6,2700,2,18000,1.00222222222
307291,307297,310045,6,2748,2,18000,1.00218340611
307307,307312,310006,5,2694,2,18000,1.00185597624
307405,307411,310164,6,2753,2,18000,1.00217944061
307436,307442,310212,6,2770,2,18000,1.00216606498
307464,307470,310198,6,2728,2,18000,1.00219941349
307600,307607,310438,7,2831,2,18000,1.00247262451
307628,307634,308376,6,742,16,1800,1.00808625337
307704,307710,310299,6,2589,2,18000,1.0023174971
307751,307758,310480,7,2722,2,18000,1.0025716385
307767,307773,310506,6,2733,2,18000,1.00219538968
307792,307798,310483,6,2685,2,18000,1.00223463687
307861,307867,310668,6,2801,2,18000,1.00214209211
307889,307895,310707,6,2812,2,18000,1.00213371266
307939,480084,481145,172145,1061,2,604800,163.247879359
308099,308105,310796,6,2691,2,18000,1.0022296544
308168,308175,310998,7,2823,2,18000,1.0024796316
308308,308314,323449,6,15135,2,72000,1.00039643211
308318,308324,311082,6,2758,2,18000,1.00217548949
308356,308362,310976,6,2614,2,18000,1.00229533282
308653,308659,311428,6,2769,2,18000,1.00216684724
308778,308784,311491,6,2707,2,18000,1.0022164758
308797,308803,311646,6,2843,2,18000,1.00211044671
308831,308837,311507,6,2670,2,18000,1.00224719101
308866,308872,311687,6,2815,2,18000,1.00213143872
309016,309022,311748,6,2726,2,18000,1.00220102715
309031,309038,311888,7,2850,2,18000,1.00245614035
309063,309069,311767,6,2698,2,18000,1.00222386953
309065,309075,311773,10,2698,2,18000,1.00370644922
309260,309266,311958,6,2692,2,18000,1.00222882615
309288,309294,312091,6,2797,2,18000,1.00214515552
309381,309387,312168,6,2781,2,18000,1.0021574973
309403,309409,312236,6,2827,2,18000,1.00212239123
309514,309520,312386,6,2866,2,18000,1.00209351012
309555,309561,312229,6,2668,2,18000,1.00224887556
309644,309651,312433,7,2782,2,18000,1.00251617541
309661,309667,312521,6,2854,2,18000,1.00210231254
309787,309793,312541,6,2748,2,18000,1.00218340611
309816,309822,320696,6,10874,2,10800,1.00055177488
309846,309852,312593,6,2741,2,18000,1.00218898212
309937,309943,312673,6,2730,2,18000,1.0021978022
309974,309981,312718,7,2737,2,18000,1.00255754476
309990,309996,312679,6,2683,2,18000,1.00223630265
310009,310015,312629,6,2614,2,18000,1.00229533282
310047,310053,312836,6,2783,2,18000,1.00215594682
310103,310109,312888,6,2779,2,18000,1.00215905002
310165,310171,312862,6,2691,2,18000,1.0022296544
310200,310206,312879,6,2673,2,18000,1.00224466891
310216,310222,313063,6,2841,2,18000,1.00211193242
310302,310309,313060,7,2751,2,18000,1.00254452926
310439,310446,313155,7,2709,2,18000,1.00258397933
310484,310490,313275,6,2785,2,18000,1.00215439856
310486,310496,313331,10,2835,2,18000,1.00352733686
310508,310515,313327,7,2812,2,18000,1.00248933144
310671,310678,313524,7,2846,2,18000,1.00245959241
310709,310715,313512,6,2797,2,18000,1.00214515552
310797,310803,313628,6,2825,2,18000,1.00212389381
310979,310985,313829,6,2844,2,18000,1.00210970464
311001,311007,313707,6,2700,2,18000,1.00222222222
311086,311092,313804,6,2712,2,18000,1.00221238938
311433,311439,314327,6,2888,2,18000,1.00207756233
311496,311502,314286,6,2784,2,18000,1.00215517241
311512,311518,314286,6,2768,2,18000,1.00216763006
311654,311660,314355,6,2695,2,18000,1.00222634508
311691,311697,314503,6,2806,2,18000,1.00213827512
311750,311757,314510,7,2753,2,18000,1.00254268071
311770,311776,314581,6,2805,2,18000,1.00213903743
311786,311792,314575,6,2783,2,18000,1.00215594682
311892,311898,314681,6,2783,2,18000,1.00215594682
311963,311969,314822,6,2853,2,18000,1.00210304942
312094,312100,314652,6,2552,2,18000,1.00235109718
312172,312178,315014,6,2836,2,18000,1.00211565585
312232,312238,314782,6,2544,2,18000,1.00235849057
312247,312253,314951,6,2698,2,18000,1.00222386953
312390,312396,315130,6,2734,2,18000,1.00219458669
312436,312443,315226,7,2783,2,18000,1.00251527129
312524,312530,315386,6,2856,2,18000,1.00210084034
312543,312549,315179,6,2630,2,18000,1.00228136882
312597,312603,315384,6,2781,2,18000,1.0021574973
312632,312638,315333,6,2695,2,18000,1.00222634508
312676,312682,315430,6,2748,2,18000,1.00218340611
312691,312697,315357,6,2660,2,18000,1.0022556391
312719,312725,315405,6,2680,2,18000,1.00223880597
312838,312844,315630,6,2786,2,18000,1.00215362527
312863,312869,315736,6,2867,2,18000,1.00209277991
312883,312889,315809,6,2920,2,18000,1.00205479452
312898,312904,315730,6,2826,2,18000,1.00212314225
313063,313069,315845,6,2776,2,18000,1.00216138329
313064,313075,315884,11,2809,2,18000,1.00391598434
313157,313163,315939,6,2776,2,18000,1.00216138329
313279,313285,316016,6,2731,2,18000,1.00219699744
313329,313335,316138,6,2803,2,18000,1.00214056368
313344,313350,316144,6,2794,2,18000,1.00214745884
313514,313520,316318,6,2798,2,18000,1.00214438885
313530,313536,316332,6,2796,2,18000,1.00214592275
313630,313636,316415,6,2779,2,18000,1.00215905002
313708,313714,316445,6,2731,2,18000,1.00219699744
313772,313778,315436,6,1658,16,36000,1.00361881785
313807,313813,316587,6,2774,2,18000,1.0021629416
313832,313838,316640,6,2802,2,18000,1.00214132762
314289,314295,316933,6,2638,2,18000,1.00227445034
314290,314301,317039,11,2738,2,18000,1.00401753104
314328,314334,317145,6,2811,2,18000,1.00213447172
314359,314365,317229,6,2864,2,18000,1.00209497207
314507,314513,317271,6,2758,2,18000,1.00217548949
314522,314528,317303,6,2775,2,18000,1.00216216216
314578,314584,317259,6,2675,2,18000,1.00224299065
314593,314600,317367,7,2767,2,18000,1.00252981568
314656,314662,317467,6,2805,2,18000,1.00213903743
314684,314690,317500,6,2810,2,18000,1.00213523132
314730,314736,321198,6,6462,16,36000,1.00092850511
314784,314790,317590,6,2800,2,18000,1.00214285714
314825,314831,317628,6,2797,2,18000,1.00214515552
314953,314958,317745,5,2787,2,18000,1.00179404377
315018,315024,317800,6,2776,2,18000,1.00216138329
315132,315138,317908,6,2770,2,18000,1.00216606498
315182,315188,318012,6,2824,2,18000,1.00212464589
315228,315234,318011,6,2777,2,18000,1.00216060497
315335,315341,318137,6,2796,2,18000,1.00214592275
315357,315363,318200,6,2837,2,18000,1.00211491012
315386,315392,318127,6,2735,2,18000,1.00219378428
315402,315408,318200,6,2792,2,18000,1.00214899713
315418,315424,318206,6,2782,2,18000,1.00215672178
315434,315440,318153,6,2713,2,18000,1.0022115739
315633,315639,318433,6,2794,2,18000,1.00214745884
315734,315740,318357,6,2617,2,18000,1.00229270157
315750,315756,318490,6,2734,2,18000,1.00219458669
315812,315818,318527,6,2709,2,18000,1.00221483942
315849,315855,318638,6,2783,2,18000,1.00215594682
315888,315894,318669,6,2775,2,18000,1.00216216216
315941,315947,318755,6,2808,2,18000,1.00213675214
316020,316026,318851,6,2825,2,18000,1.00212389381
316142,316148,318927,6,2779,2,18000,1.00215905002
316158,316164,319032,6,2868,2,18000,1.00209205021
316321,316327,318992,6,2665,2,18000,1.00225140713
316336,316342,319170,6,2828,2,18000,1.00212164074
316417,316423,319241,6,2818,2,18000,1.00212916962
316446,316452,319222,6,2770,2,18000,1.00216606498
316591,316597,319309,6,2712,2,18000,1.00221238938
316641,316648,319304,7,2656,2,18000,1.00263554217
316937,316943,319781,6,2838,2,18000,1.0021141649
317041,317047,319757,6,2710,2,18000,1.00221402214
317148,317154,319998,6,2844,2,18000,1.00210970464
317232,317238,320072,6,2834,2,18000,1.00211714891
317260,317267,320103,7,2836,2,18000,1.00246826516
317276,317282,319929,6,2647,2,18000,1.00226671704
317305,317311,320133,6,2822,2,18000,1.00212615167
317370,317376,320134,6,2758,2,18000,1.00217548949
317470,317476,320300,6,2824,2,18000,1.00212464589
317502,317508,320311,6,2803,2,18000,1.00214056368
317592,317598,320400,6,2802,2,18000,1.00214132762
317629,317636,320377,7,2741,2,18000,1.00255381248
317748,317754,320456,6,2702,2,18000,1.00222057735
317804,317810,320522,6,2712,2,18000,1.00221238938
317910,317916,320650,6,2734,2,18000,1.00219458669
318013,318019,320838,6,2819,2,18000,1.00212841433
318014,318025,320688,11,2663,2,18000,1.00413067968
318130,318137,320967,7,2830,2,18000,1.00247349823
318146,318153,320872,7,2719,2,18000,1.00257447591
318162,318169,320870,7,2701,2,18000,1.00259163273
318204,318210,320986,6,2776,2,18000,1.00216138329
318205,318216,321051,11,2835,2,18000,1.00388007055
318221,318228,320989,7,2761,2,18000,1.00253531329
318358,318364,321200,6,2836,2,18000,1.00211565585
318436,318442,321246,6,2804,2,18000,1.00213980029
318493,318499,321323,6,2824,2,18000,1.00212464589
318531,318537,321352,6,2815,2,18000,1.00213143872
318640,318646,321358,6,2712,2,18000,1.00221238938
318672,318679,321450,7,2771,2,18000,1.00252616384
318758,318764,321544,6,2780,2,18000,1.00215827338
318855,318861,321572,6,2711,2,18000,1.00221320546
318930,318936,321686,6,2750,2,18000,1.00218181818
318996,319002,321709,6,2707,2,18000,1.0022164758
319033,319039,321843,6,2804,2,18000,1.00213980029
319174,319180,322015,6,2835,2,18000,1.00211640212
319223,319229,322043,6,2814,2,18000,1.00213219616
319242,319249,322003,7,2754,2,18000,1.00254175744
319306,319312,322009,6,2697,2,18000,1.0022246941
319321,319327,322068,6,2741,2,18000,1.00218898212
319759,319765,322523,6,2758,2,18000,1.00217548949
319784,319790,322344,6,2554,2,18000,1.00234925607
319932,319939,322759,7,2820,2,18000,1.0024822695
320001,320007,322628,6,2621,2,18000,1.00228920259
320077,320083,322769,6,2686,2,18000,1.00223380491
320106,320113,322918,7,2805,2,18000,1.00249554367
320135,320141,322902,6,2761,2,18000,1.00217312568
320137,320147,322867,10,2720,2,18000,1.00367647059
320303,320309,322958,6,2649,2,18000,1.00226500566
320319,320325,322960,6,2635,2,18000,1.00227703985
320378,320385,323166,7,2781,2,18000,1.00251708019
320404,320410,323251,6,2841,2,18000,1.00211193242
320458,320464,323270,6,2806,2,18000,1.00213827512
320526,320532,323268,6,2736,2,18000,1.00219298246
320652,320659,323337,7,2678,2,18000,1.00261389096
320690,320696,323415,6,2719,2,18000,1.00220669364
320693,320702,331611,9,10909,2,10800,1.00082500688
320841,320847,323758,6,2911,2,18000,1.00206114737
320873,320879,323651,6,2772,2,18000,1.00216450216
320874,320885,323693,11,2808,2,18000,1.00391737892
320971,320977,323713,6,2736,2,18000,1.00219298246
320987,320993,323794,6,2801,2,18000,1.00214209211
321002,321009,323791,7,2782,2,18000,1.00251617541
321053,321059,323787,6,2728,2,18000,1.00219941349
321201,321207,323952,6,2745,16,36000,1.00218579235
321203,321213,323871,10,2658,2,18000,1.00376222724
321248,321254,323794,6,2540,2,18000,1.00236220472
321325,321332,323994,7,2662,2,18000,1.0026296018
321355,321361,323989,6,2628,2,18000,1.00228310502
321370,321376,324140,6,2764,2,18000,1.002170767
321454,321460,324187,6,2727,2,18000,1.00220022002
321547,321553,324340,6,2787,2,18000,1.00215285253
321575,321581,324376,6,2795,2,18000,1.00214669052
321689,321696,324367,7,2671,2,18000,1.0026207413
321711,321717,324466,6,2749,2,18000,1.00218261186
321848,321854,324595,6,2741,2,18000,1.00218898212
322007,322013,324837,6,2824,2,18000,1.00212464589
322023,322029,324799,6,2770,2,18000,1.00216606498
322025,322035,324824,10,2789,2,18000,1.00358551452
322047,322053,324826,6,2773,2,18000,1.0021637216
322070,322076,324923,6,2847,2,18000,1.00210748156
322347,322353,325030,6,2677,2,18000,1.0022413149
322372,322378,322657,6,279,1,86400,1.02150537634
322508,322515,322538,7,23,1,900,1.30434782609
322525,322531,325135,6,2604,2,18000,1.00230414747
322631,322637,325555,6,2918,2,18000,1.00205620288
322687,322693,323034,6,341,1,86400,1.01759530792
322760,322766,325318,6,2552,2,18000,1.00235109718
322776,322782,325534,6,2752,2,18000,1.00218023256
322868,322875,325778,7,2903,2,18000,1.00241129866
322906,322912,325684,6,2772,2,18000,1.00216450216
322922,322928,325697,6,2769,2,18000,1.00216684724
322959,322965,325641,6,2676,2,18000,1.00224215247
322975,322981,325643,6,2662,2,18000,1.0022539444
323167,323173,325895,6,2722,2,18000,1.00220426157
323253,323259,326058,6,2799,2,18000,1.00214362272
323272,323278,326092,6,2814,2,18000,1.00213219616
323273,323284,325993,11,2709,2,18000,1.00406053894
323297,323303,435701,6,112398,1,172800,1.00005338173
323324,323330,323949,6,619,2,14400,1.00969305331
323336,323342,326058,6,2716,2,18000,1.00220913108
323348,323354,356295,6,32941,1,172800,1.00018214383
323405,323411,323692,6,281,1,86400,1.02135231317
323416,323423,326261,7,2838,2,18000,1.00246652572
323654,323660,326447,6,2787,2,18000,1.00215285253
323695,323701,326513,6,2812,2,18000,1.00213371266
323697,323707,323711,10,4,1,86400,1.4
323716,323722,326537,6,2815,2,18000,1.00213143872
323742,323748,323825,6,77,1,86400,1.07792207792
323760,323766,326405,6,2639,2,18000,1.00227358848
323788,323794,326590,6,2796,2,18000,1.00214592275
323804,323810,326620,6,2810,2,18000,1.00213523132
323805,323816,326582,11,2766,2,18000,1.00397686189
323807,323821,326618,14,2797,2,18000,1.00500536289
323823,323829,323944,6,115,1,7200,1.05217391304
323872,323878,326741,6,2863,2,18000,1.00209570381
323987,323994,350296,7,26302,16,36000,1.00026613946
323991,324000,326768,9,2768,2,18000,1.00325144509
323992,324005,326728,13,2723,2,18000,1.00477414616
324012,324019,324350,7,331,1,7200,1.02114803625
324119,324125,324350,6,225,1,7200,1.02666666667
324142,324148,326979,6,2831,2,18000,1.00211939244
324188,324194,326907,6,2713,2,18000,1.0022115739
324343,324349,327125,6,2776,2,18000,1.00216138329
324357,324363,324584,6,221,1,7200,1.02714932127
324370,324376,327187,6,2811,2,18000,1.00213447172
324386,324392,327174,6,2782,2,18000,1.00215672178
324467,324473,327096,6,2623,2,18000,1.00228745711
324598,324604,327303,6,2699,2,18000,1.00222304557
324802,324809,327576,7,2767,2,18000,1.00252981568
324828,324835,327599,7,2764,2,18000,1.00253256151
324830,324841,327610,11,2769,2,18000,1.00397255327
324846,324853,327571,7,2718,2,18000,1.00257542311
324926,324932,327738,6,2806,2,18000,1.00213827512
325032,325038,327801,6,2763,2,18000,1.00217155266
325139,325145,327936,6,2791,2,18000,1.00214976711
325320,325326,328127,6,2801,2,18000,1.00214209211
325540,325546,328235,6,2689,2,18000,1.00223131276
325557,325564,328260,7,2696,2,18000,1.00259643917
325641,325647,328305,6,2658,2,18000,1.00225733634
325657,325663,328307,6,2644,2,18000,1.00226928896
325686,325692,328460,6,2768,2,18000,1.00216763006
325702,325708,328526,6,2818,2,18000,1.00212916962
325781,325787,328607,6,2820,2,18000,1.00212765957
325899,325905,328697,6,2792,2,18000,1.00214899713
325996,326002,328781,6,2779,2,18000,1.00215905002
326062,326068,328895,6,2827,2,18000,1.00212239123
326063,326074,328765,11,2691,2,18000,1.00408769974
326094,326101,328879,7,2778,2,18000,1.00251979842
326147,326154,326155,7,1,1,86400,1.0
326219,326225,326226,6,1,1,86400,1.0
326263,326269,329073,6,2804,2,18000,1.00213980029
326314,326320,333746,6,7426,1,86400,1.00080797199
326407,326413,329183,6,2770,2,18000,1.00216606498
326448,326454,329078,6,2624,2,18000,1.00228658537
326517,326523,329346,6,2823,2,18000,1.00212539851
326539,326546,329370,7,2824,2,18000,1.00247875354
326584,326590,329368,6,2778,2,18000,1.00215982721
326600,326606,329433,6,2827,2,18000,1.00212239123
326622,326629,329303,7,2674,2,18000,1.00261780105
326624,326635,329389,11,2754,2,18000,1.00399419027
326689,326695,387739,6,61044,1,259200,1.00009828976
326733,326739,329433,6,2694,2,18000,1.00222717149
326749,326756,329525,7,2769,2,18000,1.00252798844
326772,326778,329526,6,2748,2,18000,1.00218340611
326910,326916,329692,6,2776,2,18000,1.00216138329
326981,326987,329831,6,2844,2,18000,1.00210970464
327099,327105,329872,6,2767,2,18000,1.00216841344
327128,327134,329795,6,2661,2,18000,1.00225479143
327178,327184,329924,6,2740,2,18000,1.00218978102
327194,327200,330043,6,2843,2,18000,1.00211044671
327306,327312,330126,6,2814,2,18000,1.00213219616
327577,327582,330473,5,2891,2,18000,1.00172950536
327578,327588,330374,10,2786,2,18000,1.00358937545
327602,327608,330438,6,2830,2,18000,1.00212014134
327617,327623,330393,6,2770,2,18000,1.00216606498
327740,327747,330407,7,2660,2,18000,1.00263157895
327803,327809,330403,6,2594,2,18000,1.00231303007
327937,327943,330536,6,2593,2,18000,1.0023139221
328130,328136,330924,6,2788,2,18000,1.00215208034
328237,328243,331051,6,2808,2,18000,1.00213675214
328262,328268,331042,6,2774,2,18000,1.0021629416
328306,328312,331133,6,2821,2,18000,1.00212690535
328323,328329,331135,6,2806,2,18000,1.00213827512
328462,328468,331251,6,2783,2,18000,1.00215594682
328528,328534,331287,6,2753,2,18000,1.00217944061
328608,328615,331396,7,2781,2,18000,1.00251708019
328699,328705,331422,6,2717,2,18000,1.002208318
328767,328773,331585,6,2812,2,18000,1.00213371266
328783,328789,331469,6,2680,2,18000,1.00223880597
328882,328888,331640,6,2752,2,18000,1.00218023256
328897,328904,331743,7,2839,2,18000,1.00246565692
329076,329082,331887,6,2805,2,18000,1.00213903743
329092,329098,331891,6,2793,2,18000,1.00214822771
329186,329192,332016,6,2824,2,18000,1.00212464589
329303,329310,332167,7,2857,2,18000,1.00245012251
329350,329356,332245,6,2889,2,18000,1.0020768432
329370,329376,332150,6,2774,2,18000,1.0021629416
329371,329382,332211,11,2829,2,18000,1.00388829975
329390,329396,332160,6,2764,2,18000,1.002170767
329434,329440,332251,6,2811,2,18000,1.00213447172
329435,329446,332265,11,2819,2,18000,1.00390209294
329530,329536,332359,6,2823,2,18000,1.00212539851
329531,329542,332341,11,2799,2,18000,1.00392997499
329696,329702,332491,6,2789,2,18000,1.00215130871
329798,329804,332470,6,2666,2,18000,1.00225056264
329833,329839,332652,6,2813,2,18000,1.00213295414
329873,329880,332632,7,2752,2,18000,1.00254360465
329927,329933,332780,6,2847,2,18000,1.00210748156
330044,330050,332699,6,2649,2,18000,1.00226500566
330128,330134,332861,6,2727,2,18000,1.00220022002
330377,330383,333259,6,2876,2,18000,1.00208623088
330396,330402,333254,6,2852,2,18000,1.00210378682
330412,330417,333035,5,2618,2,18000,1.00190985485
330413,330424,333070,11,2646,2,18000,1.00415721844
330441,330448,333141,7,2693,2,18000,1.0025993316
330476,330483,333260,7,2777,2,18000,1.0025207058
330539,330545,333375,6,2830,2,18000,1.00212014134
330928,330934,333723,6,2789,2,18000,1.00215130871
331045,331114,333887,69,2773,2,18000,1.02488279841
331205,394865,397605,63660,2740,2,18000,24.2335766423
331256,394870,397536,63614,2666,2,18000,24.8612153038
331348,394875,397626,63527,2751,2,18000,24.0923300618
331398,394880,397546,63482,2666,2,18000,24.8117029257
331423,394885,397681,63462,2796,2,18000,23.6974248927
331473,394890,397668,63417,2778,2,18000,23.8282937365
331586,394896,397646,63310,2750,2,18000,24.0218181818
331642,394901,397699,63259,2798,2,18000,23.608649035
331745,394906,397719,63161,2813,2,18000,23.4532527551
331890,394911,397686,63021,2775,2,18000,23.7102702703
331905,394916,397765,63011,2849,2,18000,23.1168831169
332020,394921,397764,62901,2843,2,18000,23.1248680971
332152,394926,397700,62774,2774,2,18000,23.6294160058
332169,394931,397802,62762,2871,2,18000,22.8606757227
332170,394936,397705,62766,2769,2,18000,23.6673889491
332214,394942,397621,62728,2679,2,18000,24.4147069802
332248,394947,397600,62699,2653,2,18000,24.6332453826
332264,394952,397611,62688,2659,2,18000,24.5757803686
332279,394957,397789,62678,2832,2,18000,23.1320621469
332344,394962,397507,62618,2545,2,18000,25.6043222004
332363,394967,397685,62604,2718,2,18000,24.0331125828
332472,394972,397789,62500,2817,2,18000,23.1867234647
332494,394977,397806,62483,2829,2,18000,23.0866030399
332635,394983,397672,62348,2689,2,18000,24.1863146151
332654,394988,397805,62334,2817,2,18000,23.1277955272
332701,395076,397892,62375,2816,2,18000,23.1502130682
332781,395081,397915,62300,2834,2,18000,22.9830628088
332864,395086,397880,62222,2794,2,18000,23.2698639943
333039,395091,397852,62052,2761,2,18000,23.4744657733
333073,395097,397783,62024,2686,2,18000,24.0915860015
333143,395102,397887,61959,2785,2,18000,23.2473967684
333258,395107,397934,61849,2827,2,18000,22.8779625044
333273,395112,397923,61839,2811,2,18000,22.9989327641
333275,395117,397944,61842,2827,2,18000,22.8754863813
333376,395122,397876,61746,2754,2,18000,23.4204793028
333725,395127,397853,61402,2726,2,18000,23.5245781365
333889,395133,397940,61244,2807,2,18000,22.8183113644
334136,480089,660055,145953,179966,4,360000,1.81100318949
378928,395013,395651,16085,638,2,14400,26.2115987461
379210,395018,395574,15808,556,2,14400,29.4316546763
379487,395024,395589,15537,565,2,14400,28.4991150442
379726,395029,395593,15303,564,2,14400,28.1329787234
381314,395065,697503,13751,302438,2,302400,1.04546717013
384058,395034,396730,10976,1696,2,14400,7.47169811321
384493,395039,396646,10546,1607,2,14400,7.56253889235
385022,395044,398584,10022,3540,2,14400,3.83107344633
385060,394998,403464,9938,8466,16,36000,2.17387195842
385524,395049,398528,9525,3479,2,14400,3.73785570566
386129,395054,399916,8925,4862,2,14400,2.83566433566
386402,395060,396843,8658,1783,2,14400,5.85586090858
386753,394618,394620,7865,2,1,600,786.7
388211,395070,396451,6859,1381,1,259200,5.96669080377
389047,394993,654216,5946,259223,1,259200,1.02293777944
394193,395008,575059,815,180051,5,180000,1.00452649527
394631,394638,394673,7,35,1,900,1.2
394669,394675,394765,6,90,1,600,1.06666666667
394793,394799,395406,6,607,1,600,1.00988467875
395245,395252,396868,7,1616,2,14400,1.00433168317
396329,396335,397925,6,1590,2,14400,1.00377358491
396441,396447,397605,6,1158,1,151200,1.00518134715
396614,396620,397620,6,1000,2,14400,1.006
397110,397116,400129,6,3013,2,14400,1.00199137073
397513,397519,400311,6,2792,2,18000,1.00214899713
397539,397545,400370,6,2825,2,18000,1.00212389381
397554,397560,400263,6,2703,2,18000,1.00221975583
397597,397603,401627,6,4024,1,7200,1.00149105368
397604,397610,400390,6,2780,2,18000,1.00215827338
397620,397627,400433,7,2806,2,18000,1.00249465431
397622,397633,400412,11,2779,2,18000,1.00395825837
397623,397638,400414,15,2776,2,18000,1.00540345821
397639,397645,400354,6,2709,2,18000,1.00221483942
397655,397661,400498,6,2837,2,18000,1.00211491012
397671,397677,400494,6,2817,2,18000,1.00212992545
397688,397694,400536,6,2842,2,18000,1.0021111893
397690,397700,400470,10,2770,2,18000,1.0036101083
397691,397705,400491,14,2786,2,18000,1.00502512563
397692,397710,400541,18,2831,2,18000,1.00635817732
397708,397716,400324,8,2608,2,18000,1.00306748466
397709,397721,400253,12,2532,2,18000,1.00473933649
397711,397727,400379,16,2652,2,18000,1.0060331825
397726,397733,400517,7,2784,2,18000,1.00251436782
397747,397754,400705,7,2951,2,14400,1.00237207726
397771,397777,400558,6,2781,2,18000,1.0021574973
397772,397783,400576,11,2793,2,18000,1.00393841747
397788,397794,400579,6,2785,2,18000,1.00215439856
397806,397812,400554,6,2742,2,18000,1.00218818381
397807,397818,400462,11,2644,2,18000,1.00416036309
397808,397823,400621,15,2798,2,18000,1.00536097212
397809,397828,400657,19,2829,2,18000,1.00671615412
397829,397835,400672,6,2837,2,18000,1.00211491012
397855,397861,400485,6,2624,2,18000,1.00228658537
397856,397867,400647,11,2780,2,18000,1.00395683453
397878,397885,400727,7,2842,2,18000,1.00246305419
397895,397901,400556,6,2655,2,18000,1.00225988701
397896,397907,400544,11,2637,2,18000,1.0041714069
397897,397912,400748,15,2836,2,18000,1.00528913963
397916,397922,400639,6,2717,2,18000,1.002208318
397932,397938,400797,6,2859,2,18000,1.00209863589
397948,397954,400763,6,2809,2,18000,1.00213599146
397949,397960,400749,11,2789,2,18000,1.00394406597
397950,397965,400743,15,2778,2,18000,1.00539956803
400261,400267,403002,6,2735,2,18000,1.00219378428
400276,400283,403107,7,2824,2,18000,1.00247875354
400314,400320,403148,6,2828,2,18000,1.00212164074
400330,400336,403024,6,2688,2,18000,1.00223214286
400358,400364,403172,6,2808,2,18000,1.00213675214
400374,400380,403227,6,2847,2,18000,1.00210748156
400390,400396,403030,6,2634,2,18000,1.00227790433
400391,400402,403187,11,2785,2,18000,1.0039497307
400413,400420,403075,7,2655,2,18000,1.00263653484
400429,400435,403186,6,2751,2,18000,1.00218102508
400444,400450,403198,6,2748,2,18000,1.00218340611
400464,400470,403311,6,2841,2,18000,1.00211193242
400481,400487,403251,6,2764,2,18000,1.002170767
400497,400503,403336,6,2833,2,18000,1.00211789622
400499,400509,403324,10,2815,2,18000,1.00355239787
400500,400514,403265,14,2751,2,18000,1.00508905852
400516,400526,403204,10,2678,2,18000,1.00373412995
400532,400538,403265,6,2727,2,18000,1.00220022002
400553,400559,403352,6,2793,2,18000,1.00214822771
400554,400565,403275,11,2710,2,18000,1.00405904059
400555,400570,403300,15,2730,2,18000,1.00549450549
400573,400579,403207,6,2628,2,18000,1.00228310502
400574,400585,403294,11,2709,2,18000,1.00406053894
400575,400590,403369,15,2779,2,18000,1.00539762504
400592,400598,403421,6,2823,2,18000,1.00212539851
400594,400604,403392,10,2788,2,18000,1.00358680057
400623,400629,403541,6,2912,2,18000,1.00206043956
400642,400648,403476,6,2828,2,18000,1.00212164074
400657,400664,403425,7,2761,2,18000,1.00253531329
400659,400670,403482,11,2812,2,18000,1.00391180654
400676,400682,403462,6,2780,2,18000,1.00215827338
400729,400735,403577,6,2842,2,18000,1.0021111893
400745,400751,403524,6,2773,2,18000,1.0021637216
400761,400767,403554,6,2787,2,18000,1.00215285253
400762,400773,403523,11,2750,2,18000,1.004
400778,400784,403559,6,2775,2,18000,1.00216216216
400800,400806,403628,6,2822,2,18000,1.00212615167
401617,401623,405146,6,3523,1,151200,1.00170309395
401676,401683,544667,7,142984,1,302400,1.00004895653
401777,401783,570109,6,168326,1,302400,1.00003564512
401939,401945,567958,6,166013,1,302400,1.00003614175
402120,402126,598078,6,195952,1,302400,1.00003061974
402280,402286,402287,6,1,1,615,1.0
403009,403015,405800,6,2785,2,18000,1.00215439856
403028,403034,405685,6,2651,2,18000,1.00226329687
403044,403050,405679,6,2629,2,18000,1.00228223659
403057,403064,403066,7,2,1,3600,1.0
403078,403084,405951,6,2867,2,18000,1.00209277991
403110,403116,406001,6,2885,2,18000,1.0020797227
403155,403162,406015,7,2853,2,18000,1.00245355766
403175,403181,405998,6,2817,2,18000,1.00212992545
403187,403193,403194,6,1,1,3600,1.0
403192,403199,406039,7,2840,2,18000,1.00246478873
403193,403204,405872,11,2668,2,18000,1.00412293853
403209,403215,405896,6,2681,2,18000,1.00223797091
403211,403221,405990,10,2769,2,18000,1.00361141206
403212,403226,406021,14,2795,2,18000,1.00500894454
403230,403237,405952,7,2715,2,18000,1.00257826888
403255,403262,406060,7,2798,2,18000,1.00250178699
403271,403278,405920,7,2642,2,18000,1.00264950795
403273,403284,405993,11,2709,2,18000,1.00406053894
403289,403295,406177,6,2882,2,18000,1.00208188758
403294,403301,403932,7,631,1,3600,1.01109350238
403305,403311,406060,6,2749,2,18000,1.00218261186
403306,403317,406191,11,2874,2,18000,1.00382741823
403322,403328,406088,6,2760,2,18000,1.00217391304
403339,403345,406179,6,2834,2,18000,1.00211714891
403340,403351,406130,11,2779,2,18000,1.00395825837
403356,403362,406221,6,2859,2,18000,1.00209863589
403371,403377,406040,6,2663,2,18000,1.00225309801
403396,403402,406124,6,2722,2,18000,1.00220426157
403425,403431,406292,6,2861,2,18000,1.00209716882
403426,403437,406110,11,2673,2,18000,1.00411522634
403435,403443,403535,8,92,1,1800,1.08695652174
403464,403470,406319,6,2849,2,18000,1.00210600211
403480,403486,406330,6,2844,2,18000,1.00210970464
403496,403502,406388,6,2886,2,18000,1.00207900208
403528,403534,406307,6,2773,2,18000,1.0021637216
403529,403540,406337,11,2797,2,18000,1.00393278513
403546,403552,406352,6,2800,2,18000,1.00214285714
403562,403568,406377,6,2809,2,18000,1.00213599146
403564,403574,406430,10,2856,2,18000,1.00350140056
403579,403586,406378,7,2792,2,18000,1.00250716332
403632,403639,406416,7,2777,2,18000,1.0025207058
403869,403876,403985,7,109,1,1800,1.06422018349
404365,404371,407097,6,2726,1,151200,1.00220102715
404601,404607,405126,6,519,1,1800,1.01156069364
405686,405693,408525,7,2832,2,18000,1.00247175141
405688,405699,408446,11,2747,2,18000,1.0040043684
405802,405808,408500,6,2692,2,18000,1.00222882615
405876,405882,408730,6,2848,2,18000,1.00210674157
405894,405901,405945,7,44,1,1800,1.15909090909
405898,405906,408678,8,2772,2,18000,1.00288600289
405924,405930,408782,6,2852,2,18000,1.00210378682
405952,405958,408746,6,2788,2,18000,1.00215208034
405968,405974,408869,6,2895,2,18000,1.00207253886
405994,406000,408852,6,2852,2,18000,1.00210378682
405995,406006,408824,11,2818,2,18000,1.00390347764
406013,406019,408786,6,2767,2,18000,1.00216841344
406014,406025,408819,11,2794,2,18000,1.00393700787
406031,406038,408835,7,2797,2,18000,1.00250268144
406033,406044,408843,11,2799,2,18000,1.00392997499
406036,406049,406297,13,248,1,3600,1.05241935484
406049,406055,408637,6,2582,2,18000,1.00232378002
406051,406061,408834,10,2773,2,18000,1.00360620267
406067,406073,408877,6,2804,2,18000,1.00213980029
406069,406079,408816,10,2737,2,18000,1.00365363537
406091,406097,408878,6,2781,2,18000,1.0021574973
406113,406119,408897,6,2778,2,18000,1.00215982721
406128,406135,408931,7,2796,2,18000,1.00250357654
406145,406151,408893,6,2742,2,18000,1.00218818381
406180,406186,408923,6,2737,2,18000,1.00219218122
406181,406192,408997,11,2805,2,18000,1.00392156863
406197,406204,409004,7,2800,2,18000,1.0025
406223,406229,409100,6,2871,2,18000,1.00208986416
406232,406239,406326,7,87,1,1800,1.08045977011
406294,406300,408875,6,2575,2,18000,1.00233009709
406311,406317,409044,6,2727,2,18000,1.00220022002
406327,406333,409116,6,2783,2,18000,1.00215594682
406346,406353,409175,7,2822,2,18000,1.00248051028
406348,406359,409096,11,2737,2,18000,1.0040189989
406363,406370,409074,7,2704,2,18000,1.0025887574
406380,406387,409061,7,2674,2,18000,1.00261780105
406382,406393,409138,11,2745,2,18000,1.00400728597
406398,406404,409242,6,2838,2,18000,1.0021141649
406421,406427,409116,6,2689,2,18000,1.00223131276
406437,406443,409199,6,2756,2,18000,1.00217706821
406705,406711,406752,6,41,1,1800,1.14634146341
406772,406778,491862,6,85084,1,172800,1.00007051855
406814,406820,407052,6,232,1,1800,1.02586206897
407077,407083,407158,6,75,1,1800,1.08
407087,407093,499878,6,92785,1,151200,1.00006466562
407896,407902,408177,6,275,1,1800,1.02181818182
408355,408361,408390,6,29,1,1800,1.20689655172
408454,408460,411216,6,2756,2,18000,1.00217706821
408501,408507,411184,6,2677,2,18000,1.0022413149
408529,408535,411283,6,2748,2,18000,1.00218340611
408641,408648,411423,7,2775,2,18000,1.00252252252
408679,408685,411387,6,2702,2,18000,1.00222057735
408705,408711,408773,6,62,1,1800,1.09677419355
408732,408738,411601,6,2863,2,18000,1.00209570381
408748,408755,411522,7,2767,2,18000,1.00252981568
408783,408789,411283,6,2494,2,18000,1.00240577386
408799,408805,411625,6,2820,2,18000,1.00212765957
408818,408824,411641,6,2817,2,18000,1.00212992545
408834,408840,411662,6,2822,2,18000,1.00212615167
408835,408845,411426,10,2581,2,18000,1.00387446726
408852,408858,411611,6,2753,2,18000,1.00217944061
408853,408864,411656,11,2792,2,18000,1.00393982808
408854,408869,411568,15,2699,2,18000,1.00555761393
408856,408874,411721,18,2847,2,18000,1.00632244468
408873,408880,411545,7,2665,2,18000,1.00262664165
408890,408896,411608,6,2712,2,18000,1.00221238938
408891,408902,411607,11,2705,2,18000,1.00406654344
408892,408907,411686,15,2779,2,18000,1.00539762504
408909,408916,411639,7,2723,2,18000,1.00257069409
408911,408921,411754,10,2833,2,18000,1.00352982704
408927,408933,411690,6,2757,2,18000,1.00217627856
408942,408948,411669,6,2721,2,18000,1.00220507166
408999,409005,411769,6,2764,2,18000,1.002170767
409016,409022,411835,6,2813,2,18000,1.00213295414
409047,409053,411802,6,2749,2,18000,1.00218261186
409063,409069,411823,6,2754,2,18000,1.00217864924
409079,409085,411872,6,2787,2,18000,1.00215285253
409098,409104,411877,6,2773,2,18000,1.0021637216
409114,409120,411779,6,2659,2,18000,1.0022564874
409131,409137,411699,6,2562,2,18000,1.00234192037
409132,409143,411903,11,2760,2,18000,1.00398550725
409148,409154,411912,6,2758,2,18000,1.00217548949
409179,409185,412024,6,2839,2,18000,1.00211342022
409201,409207,412011,6,2804,2,18000,1.00213980029
409245,409251,412085,6,2834,2,18000,1.00211714891
409462,409468,409593,6,125,1,1800,1.048
411189,411194,413958,5,2764,2,18000,1.0018089725
411220,411226,413974,6,2748,2,18000,1.00218340611
411286,411293,413989,7,2696,2,18000,1.00259643917
411288,411298,413956,10,2658,2,18000,1.00376222724
411389,411395,414205,6,2810,2,18000,1.00213523132
411424,411430,414248,6,2818,2,18000,1.00212916962
411439,411445,414237,6,2792,2,18000,1.00214899713
411524,411530,414359,6,2829,2,18000,1.00212089077
411546,411552,414344,6,2792,2,18000,1.00214899713
411571,411577,414369,6,2792,2,18000,1.00214899713
411603,411610,414184,7,2574,2,18000,1.00271950272
411620,411626,414327,6,2701,2,18000,1.00222139948
411621,411632,414419,11,2787,2,18000,1.0039468963
411622,411637,414427,15,2790,2,18000,1.00537634409
411638,411644,414440,6,2796,2,18000,1.00214592275
411654,411660,414375,6,2715,2,18000,1.00220994475
411656,411666,414471,10,2805,2,18000,1.00356506239
411672,411678,414511,6,2833,2,18000,1.00211789622
411673,411684,414514,11,2830,2,18000,1.0038869258
411675,411689,414423,14,2734,2,18000,1.00512070227
411691,411696,414542,5,2846,2,18000,1.00175685172
411692,411703,414493,11,2790,2,18000,1.00394265233
411709,411715,414481,6,2766,2,18000,1.0021691974
411725,411732,414558,7,2826,2,18000,1.00247699929
411757,411763,414501,6,2738,2,18000,1.00219138057
411773,411779,414440,6,2661,2,18000,1.00225479143
411789,411795,414629,6,2834,2,18000,1.00211714891
411804,411810,414663,6,2853,2,18000,1.00210304942
411826,411832,414559,6,2727,2,18000,1.00220022002
411842,411848,414638,6,2790,2,18000,1.00215053763
411874,411880,414601,6,2721,2,18000,1.00220507166
411890,411896,414633,6,2737,2,18000,1.00219218122
411906,411912,414619,6,2707,2,18000,1.0022164758
411922,411928,414782,6,2854,2,18000,1.00210231254
412016,412022,414794,6,2772,2,18000,1.00216450216
412031,412038,414786,7,2748,2,18000,1.00254730713
412088,412094,414902,6,2808,2,18000,1.00213675214
413960,413966,416796,6,2830,2,18000,1.00212014134
413961,413972,416637,11,2665,2,18000,1.00412757974
413977,413983,416850,6,2867,2,18000,1.00209277991
413992,413999,416824,7,2825,2,18000,1.00247787611
414188,414194,417013,6,2819,2,18000,1.00212841433
414207,414213,416999,6,2786,2,18000,1.00215362527
414241,414248,417043,7,2795,2,18000,1.00250447227
414257,414263,417086,6,2823,2,18000,1.00212539851
414329,414335,417117,6,2782,2,18000,1.00215672178
414348,414354,417148,6,2794,2,18000,1.00214745884
414364,414369,417198,5,2829,2,18000,1.00176740898
414380,414386,417197,6,2811,2,18000,1.00213447172
414381,414392,417180,11,2788,2,18000,1.00394548063
414423,414429,417227,6,2798,2,18000,1.00214438885
414439,414445,417224,6,2779,2,18000,1.00215905002
414440,414451,417243,11,2792,2,18000,1.00393982808
414457,414463,417279,6,2816,2,18000,1.00213068182
414459,414469,417276,10,2807,2,18000,1.00356252227
414475,414482,417289,7,2807,2,18000,1.00249376559
414491,414498,417218,7,2720,2,18000,1.00257352941
414508,414514,417305,6,2791,2,18000,1.00214976711
414509,414520,417405,11,2885,2,18000,1.00381282496
414525,414531,417325,6,2794,2,18000,1.00214745884
414527,414537,417301,10,2764,2,18000,1.00361794501
414545,414551,417313,6,2762,2,18000,1.00217233888
414561,414568,417325,7,2757,2,18000,1.00253899166
414563,414573,417413,10,2840,2,18000,1.00352112676
414605,414611,417458,6,2847,2,18000,1.00210748156
414625,414631,417462,6,2831,2,18000,1.00211939244
414642,414648,417324,6,2676,2,18000,1.00224215247
414643,414654,417434,11,2780,2,18000,1.00395683453
414645,414659,417402,14,2743,2,18000,1.00510390084
414667,414673,417472,6,2799,2,18000,1.00214362272
414786,414793,417598,7,2805,2,18000,1.00249554367
414788,414799,417612,11,2813,2,18000,1.00391041593
414804,414810,417627,6,2817,2,18000,1.00212992545
414904,414910,417596,6,2686,2,18000,1.00223380491
416640,416646,419472,6,2826,2,18000,1.00212314225
416799,416805,419581,6,2776,2,18000,1.00216138329
416827,416833,419650,6,2817,2,18000,1.00212992545
416842,416848,421157,6,4309,16,36000,1.00139243444
416852,416859,419648,7,2789,2,18000,1.00250986016
417001,417007,419790,6,2783,2,18000,1.00215594682
417017,417023,419789,6,2766,2,18000,1.0021691974
417045,417051,419760,6,2709,2,18000,1.00221483942
417089,417095,419901,6,2806,2,18000,1.00213827512
417120,417126,419970,6,2844,2,18000,1.00210970464
417151,417158,419931,7,2773,2,18000,1.00252434187
417183,417190,419991,7,2801,2,18000,1.00249910746
417200,417206,419950,6,2744,2,18000,1.00218658892
417201,417212,419924,11,2712,2,18000,1.0040560472
417220,417226,420011,6,2785,2,18000,1.00215439856
417237,417243,419890,6,2647,2,18000,1.00226671704
417238,417249,420079,11,2830,2,18000,1.0038869258
417253,417260,420046,7,2786,2,18000,1.00251256281
417279,417285,420013,6,2728,2,18000,1.00219941349
417296,417302,420081,6,2779,2,18000,1.00215905002
417297,417308,420113,11,2805,2,18000,1.00392156863
417315,417321,420025,6,2704,2,18000,1.00221893491
417316,417327,420102,11,2775,2,18000,1.00396396396
417317,417332,419869,15,2537,2,18000,1.00591249507
417334,417341,420175,7,2834,2,18000,1.00247000706
417336,417347,420144,11,2797,2,18000,1.00393278513
417337,417352,419927,15,2575,2,18000,1.00582524272
417407,417412,420038,5,2626,2,18000,1.00190403656
417408,417418,420028,10,2610,2,18000,1.00383141762
417425,417431,420296,6,2865,2,18000,1.00209424084
417441,417447,420135,6,2688,2,18000,1.00223214286
417460,417466,420230,6,2764,2,18000,1.002170767
417477,417483,420229,6,2746,2,18000,1.00218499636
417478,417489,420267,11,2778,2,18000,1.00395968323
417599,417605,420364,6,2759,2,18000,1.00217470098
417600,417611,420408,11,2797,2,18000,1.00393278513
417617,417623,420395,6,2772,2,18000,1.00216450216
417633,417638,420456,5,2818,2,18000,1.00177430802
418031,418037,418039,6,2,2,300,1.0
419372,419378,419390,6,12,64,36000,1.5
419474,419481,422318,7,2837,2,18000,1.00246739514
419603,419609,422405,6,2796,2,18000,1.00214592275
419650,419656,422369,6,2713,2,18000,1.0022115739
419651,419662,422484,11,2822,2,18000,1.00389794472
419763,419769,422558,6,2789,2,18000,1.00215130871
419792,419798,422506,6,2708,2,18000,1.00221565731
419793,419804,422569,11,2765,2,18000,1.00397830018
419870,419876,422732,6,2856,2,18000,1.00210084034
419893,419899,422727,6,2828,2,18000,1.00212164074
419908,419914,422679,6,2765,2,18000,1.00216998192
419927,419933,422623,6,2690,2,18000,1.00223048327
419929,419939,422729,10,2790,2,18000,1.00358422939
419945,419951,422558,6,2607,2,18000,1.00230149597
419961,419967,422685,6,2718,2,18000,1.00220750552
419977,419983,422875,6,2892,2,18000,1.0020746888
419992,419998,422764,6,2766,2,18000,1.0021691974
420015,420021,422826,6,2805,2,18000,1.00213903743
420016,420027,422609,11,2582,2,18000,1.00426026336
420033,420039,422790,6,2751,2,18000,1.00218102508
420035,420045,422867,10,2822,2,18000,1.00354358611
420051,420056,422832,5,2776,2,18000,1.00180115274
420052,420062,422850,10,2788,2,18000,1.00358680057
420081,420087,422879,6,2792,2,18000,1.00214899713
420097,420103,422929,6,2826,2,18000,1.00212314225
420113,420119,422897,6,2778,2,18000,1.00215982721
420129,420135,422877,6,2742,2,18000,1.00218818381
420145,420151,422802,6,2651,2,18000,1.00226329687
420146,420157,422835,11,2678,2,18000,1.00410754294
420177,420184,423001,7,2817,2,18000,1.00248491303
420232,420238,423023,6,2785,2,18000,1.00215439856
420233,420244,423017,11,2773,2,18000,1.00396682294
420272,420278,423028,6,2750,2,18000,1.00218181818
420300,420306,423127,6,2821,2,18000,1.00212690535
420367,420372,423092,5,2720,2,18000,1.00183823529
420398,420404,423120,6,2716,2,18000,1.00220913108
420414,420420,423240,6,2820,2,18000,1.00212765957
420458,420464,423279,6,2815,2,18000,1.00213143872
422321,422327,425096,6,2769,2,18000,1.00216684724
422370,422377,425079,7,2702,2,18000,1.00259067358
422408,422414,425215,6,2801,2,18000,1.00214209211
422485,422491,425299,6,2808,2,18000,1.00213675214
422507,422513,425389,6,2876,2,18000,1.00208623088
422561,422567,425440,6,2873,2,18000,1.00208840933
422563,422573,425307,10,2734,2,18000,1.00365764448
422578,422584,425411,6,2827,2,18000,1.00212239123
422613,422619,425178,6,2559,2,18000,1.00234466589
422628,422634,425423,6,2789,2,18000,1.00215130871
422681,422687,425364,6,2677,2,18000,1.0022413149
422697,422703,425483,6,2780,2,18000,1.00215827338
422728,422734,425507,6,2773,2,18000,1.0021637216
422744,422750,425575,6,2825,2,18000,1.00212389381
422745,422756,425564,11,2808,2,18000,1.00391737892
422767,422773,425479,6,2706,2,18000,1.0022172949
422792,422798,425588,6,2790,2,18000,1.00215053763
422807,422814,425538,7,2724,2,18000,1.00256975037
422830,422836,425579,6,2743,2,18000,1.00218738607
422846,422852,425717,6,2865,2,18000,1.00209424084
422847,422858,425688,11,2830,2,18000,1.0038869258
422863,422869,425578,6,2709,2,18000,1.00221483942
422879,422885,425660,6,2775,2,18000,1.00216216216
422881,422891,425624,10,2733,2,18000,1.0036589828
422882,422896,425783,14,2887,2,18000,1.00484932456
422899,422905,425609,6,2704,2,18000,1.00221893491
422900,422911,425686,11,2775,2,18000,1.00396396396
422932,422938,425629,6,2691,2,18000,1.0022296544
423003,423009,425751,6,2742,2,18000,1.00218818381
423019,423025,425821,6,2796,2,18000,1.00214592275
423035,423042,425763,7,2721,2,18000,1.00257258361
423037,423048,425948,11,2900,2,18000,1.00379310345
423096,423102,425800,6,2698,2,18000,1.00222386953
423122,423128,425936,6,2808,2,18000,1.00213675214
423137,423143,425946,6,2803,2,18000,1.00214056368
423243,423249,426094,6,2845,2,18000,1.00210896309
423280,423286,425967,6,2681,2,18000,1.00223797091
425080,425086,427953,6,2867,2,18000,1.00209277991
425098,425104,427872,6,2768,2,18000,1.00216763006
425182,425188,427904,6,2716,2,18000,1.00220913108
425217,425223,428014,6,2791,2,18000,1.00214976711
425301,425308,428044,7,2736,2,18000,1.00255847953
425317,425323,428063,6,2740,2,18000,1.00218978102
425366,425372,428164,6,2792,2,18000,1.00214899713
425391,425397,428200,6,2803,2,18000,1.00214056368
425413,425419,428183,6,2764,2,18000,1.002170767
425429,425436,428177,7,2741,2,18000,1.00255381248
425445,425451,428125,6,2674,2,18000,1.00224382947
425483,425489,428344,6,2855,2,18000,1.00210157618
425485,425495,428324,10,2829,2,18000,1.00353481796
425510,425516,428286,6,2770,2,18000,1.00216606498
425541,425547,428346,6,2799,2,18000,1.00214362272
425566,425572,428357,6,2785,2,18000,1.00215439856
425582,425588,428272,6,2684,2,18000,1.00223546945
425584,425594,428356,10,2762,2,18000,1.00362056481
425585,425599,428286,14,2687,2,18000,1.00521027168
425601,425607,428248,6,2641,2,18000,1.00227186672
425617,425623,428302,6,2679,2,18000,1.00223964166
425633,425639,428379,6,2740,2,18000,1.00218978102
425634,425645,428450,11,2805,2,18000,1.00392156863
425663,425669,428340,6,2671,2,18000,1.00224634968
425688,425694,428367,6,2673,2,18000,1.00224466891
425689,425700,428510,11,2810,2,18000,1.00391459075
425721,425727,428555,6,2828,2,18000,1.00212164074
425755,425761,428609,6,2848,2,18000,1.00210674157
425771,425777,428460,6,2683,2,18000,1.00223630265
425786,425793,428515,7,2722,2,18000,1.0025716385
425802,425808,428561,6,2753,2,18000,1.00217944061
425824,425830,428671,6,2841,2,18000,1.00211193242
425939,425945,428776,6,2831,2,18000,1.00211939244
425956,425962,428803,6,2841,2,18000,1.00211193242
425957,425968,428742,11,2774,2,18000,1.00396539293
425973,425979,428649,6,2670,2,18000,1.00224719101
426096,426103,428965,7,2862,2,18000,1.00244584207
426446,426452,426455,6,3,2,300,1.0
426469,426476,426508,7,32,2,300,1.21875
426519,426526,426597,7,71,2,300,1.0985915493
426609,426615,426783,6,168,2,300,1.03571428571
426793,426799,426812,6,13,2,300,1.46153846154
426827,426833,426868,6,35,2,300,1.17142857143
426880,426886,426929,6,43,2,300,1.13953488372
426941,426947,427250,6,303,2,300,1.0198019802
427259,427265,427620,6,355,2,360,1.01690140845
427635,427642,427908,7,266,2,360,1.02631578947
427874,427880,430665,6,2785,2,18000,1.00215439856
427905,427911,430668,6,2757,2,18000,1.00217627856
427954,427960,430725,6,2765,2,18000,1.00216998192
428016,428022,430907,6,2885,2,18000,1.0020797227
428047,428053,430923,6,2870,2,18000,1.00209059233
428065,428072,430923,7,2851,2,18000,1.00245527885
428125,428131,431023,6,2892,2,18000,1.0020746888
428165,428172,430817,7,2645,2,18000,1.00264650284
428181,428187,430951,6,2764,2,18000,1.002170767
428196,428203,431021,7,2818,2,18000,1.00248403123
428212,428218,431025,6,2807,2,18000,1.00213751336
428252,428258,431058,6,2800,2,18000,1.00214285714
428274,428281,430959,7,2678,2,18000,1.00261389096
428291,428296,431083,5,2787,2,18000,1.00179404377
428292,428302,430986,10,2684,2,18000,1.00372578241
428308,428314,431249,6,2935,2,18000,1.00204429302
428326,428333,431052,7,2719,2,18000,1.00257447591
428343,428349,431107,6,2758,2,18000,1.00217548949
428361,428366,431129,5,2763,2,18000,1.00180962722
428362,428373,431048,11,2675,2,18000,1.00411214953
428363,428378,431272,15,2894,2,18000,1.00518313753
428364,428383,430999,19,2616,2,18000,1.00726299694
428381,428389,431185,8,2796,2,18000,1.00286123033
428382,428394,431092,12,2698,2,18000,1.00444773907
428451,428457,431286,6,2829,2,18000,1.00212089077
428467,428473,431304,6,2831,2,18000,1.00211939244
428513,428519,431343,6,2824,2,18000,1.00212464589
428529,428535,431362,6,2827,2,18000,1.00212239123
428557,428563,431282,6,2719,2,18000,1.00220669364
428572,428578,431242,6,2664,2,18000,1.00225225225
428610,428616,431292,6,2676,2,18000,1.00224215247
428650,428656,431340,6,2684,2,18000,1.00223546945
428672,428678,431439,6,2761,2,18000,1.00217312568
428744,428750,431643,6,2893,2,18000,1.00207397166
428778,428784,431572,6,2788,2,18000,1.00215208034
428806,428813,431669,7,2856,2,18000,1.00245098039
428966,428972,431739,6,2767,2,18000,1.00216841344
430666,430672,433348,6,2676,2,18000,1.00224215247
430681,430687,433486,6,2799,2,18000,1.00214362272
430727,430733,433457,6,2724,2,18000,1.00220264317
430820,430826,433423,6,2597,2,18000,1.00231035811
430909,430915,433610,6,2695,2,18000,1.00222634508
430925,430931,433740,6,2809,2,18000,1.00213599146
430926,430937,433823,11,2886,2,18000,1.00381150381
430952,430958,433789,6,2831,2,18000,1.00211939244
430968,430974,433783,6,2809,2,18000,1.00213599146
430983,430990,433658,7,2668,2,18000,1.00262368816
431002,431008,433813,6,2805,2,18000,1.00213903743
431024,431030,433859,6,2829,2,18000,1.00212089077
431025,431036,433814,11,2778,2,18000,1.00395968323
431041,431048,433866,7,2818,2,18000,1.00248403123
431058,431063,433839,5,2776,2,18000,1.00180115274
431059,431069,433752,10,2683,2,18000,1.00372717108
431075,431081,433900,6,2819,2,18000,1.00212841433
431090,431097,433891,7,2794,2,18000,1.00250536865
431106,431112,433917,6,2805,2,18000,1.00213903743
431122,431128,433953,6,2825,2,18000,1.00212389381
431137,431143,433856,6,2713,2,18000,1.0022115739
431186,431192,433977,6,2785,2,18000,1.00215439856
431245,431252,434094,7,2842,2,18000,1.00246305419
431261,431267,434117,6,2850,2,18000,1.00210526316
431277,431283,433957,6,2674,2,18000,1.00224382947
431294,431300,434056,6,2756,2,18000,1.00217706821
431295,431306,433920,11,2614,2,18000,1.00420811018
431296,431311,434147,15,2836,2,18000,1.00528913963
431312,431318,434064,6,2746,2,18000,1.00218499636
431344,431350,434014,6,2664,2,18000,1.00225225225
431345,431356,434162,11,2806,2,18000,1.00392017106
431364,431370,434138,6,2768,2,18000,1.00216763006
431441,431447,433998,6,2551,2,18000,1.00235201882
431574,431580,434425,6,2845,2,18000,1.00210896309
431645,431651,434444,6,2793,2,18000,1.00214822771
431670,431677,434528,7,2851,2,18000,1.00245527885
431741,431748,434539,7,2791,2,18000,1.00250806163
432327,432333,438166,6,5833,64,36000,1.00102863021
432711,432717,432780,6,63,2,3540,1.09523809524
433349,433355,436050,6,2695,2,18000,1.00222634508
433427,433433,436153,6,2720,2,18000,1.00220588235
433461,433467,436318,6,2851,2,18000,1.00210452473
433489,433495,436162,6,2667,2,18000,1.00224971879
433612,433618,436400,6,2782,2,18000,1.00215672178
433661,433667,436398,6,2731,2,18000,1.00219699744
433741,433747,436409,6,2662,2,18000,1.0022539444
433756,433763,436657,7,2894,2,18000,1.00241879751
433785,433791,436678,6,2887,2,18000,1.00207828195
433800,433806,436653,6,2847,2,18000,1.00210748156
433816,433823,436604,7,2781,2,18000,1.00251708019
433818,433829,436667,11,2838,2,18000,1.00387596899
433833,433839,436640,6,2801,2,18000,1.00214209211
433849,433855,436632,6,2777,2,18000,1.00216060497
433866,433872,436562,6,2690,2,18000,1.00223048327
433867,433878,436481,11,2603,2,18000,1.0042258932
433883,433889,436663,6,2774,2,18000,1.0021629416
433898,433905,436689,7,2784,2,18000,1.00251436782
433914,433920,436791,6,2871,2,18000,1.00208986416
433932,433938,436722,6,2784,2,18000,1.00215517241
433933,433944,436764,11,2820,2,18000,1.00390070922
433955,433961,436758,6,2797,2,18000,1.00214515552
433970,433976,436837,6,2861,2,18000,1.00209716882
433986,433992,436796,6,2804,2,18000,1.00213980029
434001,434007,436813,6,2806,2,18000,1.00213827512
434017,434024,436704,7,2680,2,18000,1.0026119403
434058,434064,436790,6,2726,2,18000,1.00220102715
434074,434080,436783,6,2703,2,18000,1.00221975583
434096,434102,436832,6,2730,2,18000,1.0021978022
434118,434124,436949,6,2825,2,18000,1.00212389381
434140,434146,436844,6,2698,2,18000,1.00222386953
434157,434163,436905,6,2742,2,18000,1.00218818381
434173,434179,436928,6,2749,2,18000,1.00218261186
434426,434432,437266,6,2834,2,18000,1.00211714891
434445,434451,437312,6,2861,2,18000,1.00209716882
434532,434538,437281,6,2743,2,18000,1.00218738607
434548,434554,437232,6,2678,2,18000,1.00224047797
436051,436057,438900,6,2843,2,18000,1.00211044671
436157,436163,438823,6,2660,2,18000,1.0022556391
436172,436178,439004,6,2826,2,18000,1.00212314225
436321,436327,438985,6,2658,2,18000,1.00225733634
436399,436405,439245,6,2840,2,18000,1.00211267606
436414,436420,439251,6,2831,2,18000,1.00211939244
436416,436426,439279,10,2853,2,18000,1.00350508237
436483,436489,439237,6,2748,2,18000,1.00218340611
436563,436570,439399,7,2829,2,18000,1.00247437257
436607,436613,439310,6,2697,2,18000,1.0022246941
436636,436642,439433,6,2791,2,18000,1.00214976711
436652,436658,439321,6,2663,2,18000,1.00225309801
436669,436674,439373,5,2699,2,18000,1.00185253798
436670,436680,439402,10,2722,2,18000,1.00367376929
436672,436685,439279,13,2594,2,18000,1.00501156515
436673,436690,439510,17,2820,2,18000,1.00602836879
436689,436696,439420,7,2724,2,18000,1.00256975037
436690,436701,439466,11,2765,2,18000,1.00397830018
436706,436712,439523,6,2811,2,18000,1.00213447172
436724,436730,439450,6,2720,2,18000,1.00220588235
436762,436768,439488,6,2720,2,18000,1.00220588235
436777,436783,439649,6,2866,2,18000,1.00209351012
436793,436799,439653,6,2854,2,18000,1.00210231254
436794,436805,439637,11,2832,2,18000,1.00388418079
436796,436810,439633,14,2823,2,18000,1.0049592632
436811,436817,439622,6,2805,2,18000,1.00213903743
436827,436833,439641,6,2808,2,18000,1.00213675214
436843,436849,439652,6,2803,2,18000,1.00214056368
436844,436855,439539,11,2684,2,18000,1.00409836066
436860,436866,439554,6,2688,2,18000,1.00223214286
436907,436913,439678,6,2765,2,18000,1.00216998192
436929,436935,439585,6,2650,2,18000,1.00226415094
436951,436957,439748,6,2791,2,18000,1.00214976711
437234,437240,439841,6,2601,2,18000,1.00230680507
437269,437276,439994,7,2718,2,18000,1.00257542311
437285,437291,440066,6,2775,2,18000,1.00216216216
437313,437320,440122,7,2802,2,18000,1.00249821556
438824,438831,441622,7,2791,2,18000,1.00250806163
438902,438908,441685,6,2777,2,18000,1.00216060497
438988,438994,441688,6,2694,2,18000,1.00222717149
439006,439012,441686,6,2674,2,18000,1.00224382947
439240,439246,441997,6,2751,2,18000,1.00218102508
439255,439261,442040,6,2779,2,18000,1.00215905002
439257,439267,442126,10,2859,2,18000,1.00349772648
439282,439288,442112,6,2824,2,18000,1.00212464589
439283,439294,442116,11,2822,2,18000,1.00389794472
439312,439318,442155,6,2837,2,18000,1.00211491012
439327,439333,442097,6,2764,2,18000,1.002170767
439374,439380,442140,6,2760,2,18000,1.00217391304
439402,439408,442100,6,2692,2,18000,1.00222882615
439403,439414,442188,11,2774,2,18000,1.00396539293
439422,439428,442240,6,2812,2,18000,1.00213371266
439437,439443,442125,6,2682,2,18000,1.00223713647
439452,439459,442241,7,2782,2,18000,1.00251617541
439468,439474,442163,6,2689,2,18000,1.00223131276
439490,439496,442076,6,2580,2,18000,1.0023255814
439512,439518,442272,6,2754,2,18000,1.00217864924
439528,439534,442394,6,2860,2,18000,1.0020979021
439544,439550,442247,6,2697,2,18000,1.0022246941
439559,439565,442306,6,2741,2,18000,1.00218898212
439587,439593,442434,6,2841,2,18000,1.00211193242
439625,439631,442292,6,2661,2,18000,1.00225479143
439643,439648,442420,5,2772,2,18000,1.0018037518
439644,439654,442496,10,2842,2,18000,1.00351864884
439645,439659,442500,14,2841,2,18000,1.00492784231
439662,439669,442362,7,2693,2,18000,1.0025993316
439664,439675,442582,11,2907,2,18000,1.00378396973
439665,439680,442180,15,2500,2,18000,1.006
439682,439688,442535,6,2847,2,18000,1.00210748156
439750,439755,442540,5,2785,2,18000,1.00179533214
439845,439851,442664,6,2813,2,18000,1.00213295414
439997,440003,442735,6,2732,2,18000,1.00219619327
440069,440075,442889,6,2814,2,18000,1.00213219616
440124,440131,442837,7,2706,2,18000,1.00258684405
441623,441629,444398,6,2769,2,18000,1.00216684724
441689,441695,444506,6,2811,2,18000,1.00213447172
441690,441701,444478,11,2777,2,18000,1.00396110911
441691,441706,444396,15,2690,2,18000,1.00557620818
441999,442005,444820,6,2815,2,18000,1.00213143872
442043,442049,444719,6,2670,2,18000,1.00224719101
442080,442086,444939,6,2853,2,18000,1.00210304942
442099,442105,444898,6,2793,2,18000,1.00214822771
442115,442122,444878,7,2756,2,18000,1.00253991292
442117,442128,444918,11,2790,2,18000,1.00394265233
442133,442139,444991,6,2852,2,18000,1.00210378682
442134,442145,444796,11,2651,2,18000,1.00414937759
442136,442150,444922,14,2772,2,18000,1.00505050505
442151,442157,444665,6,2508,2,18000,1.0023923445
442167,442173,444847,6,2674,2,18000,1.00224382947
442168,442179,444874,11,2695,2,18000,1.00408163265
442183,442190,445016,7,2826,2,18000,1.00247699929
442199,442205,445026,6,2821,2,18000,1.00212690535
442243,442250,444974,7,2724,2,18000,1.00256975037
442245,442256,444862,11,2606,2,18000,1.0042210284
442261,442267,445038,6,2771,2,18000,1.00216528329
442276,442282,445069,6,2787,2,18000,1.00215285253
442295,442301,445115,6,2814,2,18000,1.00213219616
442310,442317,445144,7,2827,2,18000,1.0024761231
442366,442372,445253,6,2881,2,18000,1.0020826102
442397,442404,445091,7,2687,2,18000,1.00260513584
442423,442429,445291,6,2862,2,18000,1.00209643606
442438,442444,445268,6,2824,2,18000,1.00212464589
442500,442506,445269,6,2763,2,18000,1.00217155266
442501,442512,445203,11,2691,2,18000,1.00408769974
442537,442543,445445,6,2902,2,18000,1.00206753963
442552,442558,445266,6,2708,2,18000,1.00221565731
442584,442590,445246,6,2656,2,18000,1.00225903614
442665,442671,445371,6,2700,2,18000,1.00222222222
442737,442743,445576,6,2833,2,18000,1.00211789622
442840,442846,445696,6,2850,2,18000,1.00210526316
442891,442897,445631,6,2734,2,18000,1.00219458669
444397,444403,447177,6,2774,2,18000,1.0021629416
444412,444419,447102,7,2683,2,18000,1.00260901975
444481,444487,447399,6,2912,2,18000,1.00206043956
444509,444515,447340,6,2825,2,18000,1.00212389381
444667,444673,447570,6,2897,2,18000,1.00207110804
444720,444726,447499,6,2773,2,18000,1.0021637216
444798,444804,447383,6,2579,2,18000,1.00232648313
444823,444829,447513,6,2684,2,18000,1.00223546945
444848,444855,447448,7,2593,2,18000,1.00269957578
444864,444870,447626,6,2756,2,18000,1.00217706821
444880,444886,447467,6,2581,2,18000,1.00232468036
444881,444892,447647,11,2755,2,18000,1.00399274047
444901,444907,447753,6,2846,2,18000,1.00210822207
444920,444926,447703,6,2777,2,18000,1.00216060497
444936,444942,447637,6,2695,2,18000,1.00222634508
444952,444958,447752,6,2794,2,18000,1.00214745884
444976,444983,447751,7,2768,2,18000,1.00252890173
444992,444998,447775,6,2777,2,18000,1.00216060497
445020,445027,447838,7,2811,2,18000,1.002490217
445036,445042,447857,6,2815,2,18000,1.00213143872
445051,445057,447886,6,2829,2,18000,1.00212089077
445070,445076,447847,6,2771,2,18000,1.00216528329
445092,445098,447958,6,2860,2,18000,1.0020979021
445117,445124,447902,7,2778,2,18000,1.00251979842
445146,445152,447952,6,2800,2,18000,1.00214285714
445205,445211,447970,6,2759,2,18000,1.00217470098
445248,445255,448061,7,2806,2,18000,1.00249465431
445265,445271,448050,6,2779,2,18000,1.00215905002
445283,445289,448089,6,2800,2,18000,1.00214285714
445284,445295,448064,11,2769,2,18000,1.00397255327
445285,445300,448033,15,2733,2,18000,1.0054884742
445301,445308,448016,7,2708,2,18000,1.00258493353
445373,445380,448151,7,2771,2,18000,1.00252616384
445448,445454,448254,6,2800,2,18000,1.00214285714
445579,445585,448343,6,2758,2,18000,1.00217548949
445632,445639,448394,7,2755,2,18000,1.00254083485
445698,445704,448525,6,2821,2,18000,1.00212690535
447104,447110,449985,6,2875,2,18000,1.00208695652
447181,447187,450006,6,2819,2,18000,1.00212841433
447342,447348,450191,6,2843,2,18000,1.00211044671
447385,447391,450128,6,2737,2,18000,1.00219218122
447401,447407,450183,6,2776,2,18000,1.00216138329
447451,447457,450208,6,2751,2,18000,1.00218102508
447470,447476,450271,6,2795,2,18000,1.00214669052
447501,447507,450300,6,2793,2,18000,1.00214822771
447517,447523,450268,6,2745,2,18000,1.00218579235
447572,447578,450165,6,2587,2,18000,1.00231928875
447628,447634,450330,6,2696,2,18000,1.00222551929
447644,447650,450437,6,2787,2,18000,1.00215285253
447659,447665,450341,6,2676,2,18000,1.00224215247
447705,447712,450339,7,2627,2,18000,1.00266463647
447753,447759,450488,6,2729,2,18000,1.00219860755
447754,447765,450562,11,2797,2,18000,1.00393278513
447771,447777,450504,6,2727,2,18000,1.00220022002
447786,447792,450649,6,2857,2,18000,1.00210010501
447840,447846,450511,6,2665,2,18000,1.00225140713
447855,447861,450445,6,2584,2,18000,1.00232198142
447871,447877,450617,6,2740,2,18000,1.00218978102
447890,447896,450688,6,2792,2,18000,1.00214899713
447905,447911,450637,6,2726,2,18000,1.00220102715
447956,447962,450723,6,2761,2,18000,1.00217312568
447972,447978,450757,6,2779,2,18000,1.00215905002
447973,447984,450775,11,2791,2,18000,1.0039412397
448019,448026,450842,7,2816,2,18000,1.00248579545
448035,448041,450855,6,2814,2,18000,1.00213219616
448051,448058,450855,7,2797,2,18000,1.00250268144
448069,448075,450786,6,2711,2,18000,1.00221320546
448070,448081,450842,11,2761,2,18000,1.00398406375
448092,448098,450797,6,2699,2,18000,1.00222304557
448154,448160,450957,6,2797,2,18000,1.00214515552
448256,448263,450903,7,2640,2,18000,1.00265151515
448345,448351,451117,6,2766,2,18000,1.0021691974
448398,448404,451120,6,2716,2,18000,1.00220913108
448526,448532,451322,6,2790,2,18000,1.00215053763
449986,449992,452768,6,2776,2,18000,1.00216138329
450008,450014,452801,6,2787,2,18000,1.00215285253
450132,450138,452970,6,2832,2,18000,1.00211864407
450166,450172,452850,6,2678,2,18000,1.00224047797
450185,450191,453027,6,2836,2,18000,1.00211565585
450201,450207,452997,6,2790,2,18000,1.00215053763
450216,450223,452937,7,2714,2,18000,1.00257921887
450269,450275,452943,6,2668,2,18000,1.00224887556
450285,450291,452998,6,2707,2,18000,1.0022164758
450303,450309,453128,6,2819,2,18000,1.00212841433
450333,450339,453231,6,2892,2,18000,1.0020746888
450350,450356,453217,6,2861,2,18000,1.00209716882
450351,450362,453029,11,2667,2,18000,1.00412448444
450439,450445,453244,6,2799,2,18000,1.00214362272
450454,450460,453220,6,2760,2,18000,1.00217391304
450492,450498,453094,6,2596,2,18000,1.00231124807
450507,450513,453201,6,2688,2,18000,1.00223214286
450523,450529,453273,6,2744,2,18000,1.00218658892
450566,450572,453384,6,2812,2,18000,1.00213371266
450619,450625,453477,6,2852,2,18000,1.00210378682
450638,450645,453446,7,2801,2,18000,1.00249910746
450654,450660,453451,6,2791,2,18000,1.00214976711
450691,450697,453486,6,2789,2,18000,1.00215130871
450725,450732,453530,7,2798,2,18000,1.00250178699
450760,450766,453560,6,2794,2,18000,1.00214745884
450775,450782,453588,7,2806,2,18000,1.00249465431
450791,450797,453593,6,2796,2,18000,1.00214592275
450807,450813,453486,6,2673,2,18000,1.00224466891
450845,450851,453614,6,2763,2,18000,1.00217155266
450846,450857,453662,11,2805,2,18000,1.00392156863
450862,450868,453688,6,2820,2,18000,1.00212765957
450863,450874,453668,11,2794,2,18000,1.00393700787
450907,450913,453701,6,2788,2,18000,1.00215208034
450959,450965,453714,6,2749,2,18000,1.00218261186
451120,451126,453927,6,2801,2,18000,1.00214209211
451121,451132,453860,11,2728,2,18000,1.00403225806
451326,451333,454129,7,2796,2,18000,1.00250357654
452769,452776,455543,7,2767,2,18000,1.00252981568
452804,452810,455620,6,2810,2,18000,1.00213523132
452853,452859,455645,6,2786,2,18000,1.00215362527
452940,452946,455735,6,2789,2,18000,1.00215130871
452955,452961,455765,6,2804,2,18000,1.00213980029
452974,452980,455757,6,2777,2,18000,1.00216060497
453000,453006,455687,6,2681,2,18000,1.00223797091
453001,453012,455718,11,2706,2,18000,1.00406504065
453029,453036,455678,7,2642,2,18000,1.00264950795
453031,453041,455887,10,2846,2,18000,1.00351370344
453097,453103,455752,6,2649,2,18000,1.00226500566
453131,453137,455963,6,2826,2,18000,1.00212314225
453202,453208,456005,6,2797,2,18000,1.00214515552
453218,453224,456050,6,2826,2,18000,1.00212314225
453234,453241,455890,7,2649,2,18000,1.00264250661
453236,453246,456042,10,2796,2,18000,1.00357653791
453251,453257,455977,6,2720,2,18000,1.00220588235
453276,453282,456130,6,2848,2,18000,1.00210674157
453386,453392,456216,6,2824,2,18000,1.00212464589
453448,453454,456240,6,2786,2,18000,1.00215362527
453464,453470,456269,6,2799,2,18000,1.00214362272
453480,453486,456245,6,2759,2,18000,1.00217470098
453496,453502,456323,6,2821,2,18000,1.00212690535
453497,453508,456294,11,2786,2,18000,1.00394831299
453531,453537,456359,6,2822,2,18000,1.00212615167
453562,453568,456388,6,2820,2,18000,1.00212765957
453590,453596,456422,6,2826,2,18000,1.00212314225
453606,453612,456451,6,2839,2,18000,1.00211342022
453622,453628,456357,6,2729,2,18000,1.00219860755
453665,453672,456501,7,2829,2,18000,1.00247437257
453681,453688,456457,7,2769,2,18000,1.00252798844
453698,453704,456290,6,2586,2,18000,1.00232018561
453713,453719,456341,6,2622,2,18000,1.00228832952
453729,453735,456532,6,2797,2,18000,1.00214515552
453862,453868,456533,6,2665,2,18000,1.00225140713
453930,453937,456730,7,2793,2,18000,1.00250626566
454131,454137,456955,6,2818,2,18000,1.00212916962
455546,455553,458223,7,2670,2,18000,1.00262172285
455621,455627,458315,6,2688,2,18000,1.00223214286
455646,455652,458456,6,2804,2,18000,1.00213980029
455680,455687,458490,7,2803,2,18000,1.0024973243
455696,455702,458429,6,2727,2,18000,1.00220022002
455721,455727,458387,6,2660,2,18000,1.0022556391
455736,455742,458548,6,2806,2,18000,1.00213827512
455755,455761,458509,6,2748,2,18000,1.00218340611
455771,455776,458591,5,2815,2,18000,1.00177619893
455772,455782,458595,10,2813,2,18000,1.00355492357
455889,455896,458728,7,2832,2,18000,1.00247175141
455905,455911,458825,6,2914,2,18000,1.00205902539
455964,455970,458681,6,2711,2,18000,1.00221320546
455980,455986,458837,6,2851,2,18000,1.00210452473
456007,456014,458807,7,2793,2,18000,1.00250626566
456045,456051,458832,6,2781,2,18000,1.0021574973
456060,456066,458677,6,2611,2,18000,1.00229797013
456132,456138,458922,6,2784,2,18000,1.00215517241
456219,456225,459032,6,2807,2,18000,1.00213751336
456242,456248,459073,6,2825,2,18000,1.00212389381
456258,456264,459086,6,2822,2,18000,1.00212615167
456274,456279,458990,5,2711,2,18000,1.00184433788
456293,456299,459086,6,2787,2,18000,1.00215285253
456308,456314,459107,6,2793,2,18000,1.00214822771
456324,456330,459073,6,2743,2,18000,1.00218738607
456342,456349,459035,7,2686,2,18000,1.00260610573
456358,456365,459222,7,2857,2,18000,1.00245012251
456374,456380,459074,6,2694,2,18000,1.00222717149
456389,456395,459237,6,2842,2,18000,1.0021111893
456424,456430,459238,6,2808,2,18000,1.00213675214
456455,456462,459281,7,2819,2,18000,1.00248315005
456471,456477,459168,6,2691,2,18000,1.0022296544
456502,456509,459141,7,2632,2,18000,1.00265957447
456531,456537,459153,6,2616,2,18000,1.00229357798
456546,456552,459398,6,2846,2,18000,1.00210822207
456732,456738,459563,6,2825,2,18000,1.00212389381
456959,456965,459786,6,2821,2,18000,1.00212690535
458226,458233,461044,7,2811,2,18000,1.002490217
458318,458325,461194,7,2869,2,18000,1.00243987452
458389,458396,461134,7,2738,2,18000,1.00255661066
458433,458439,461227,6,2788,2,18000,1.00215208034
458458,458464,461311,6,2847,2,18000,1.00210748156
458492,458499,461275,7,2776,2,18000,1.00252161383
458511,458517,461259,6,2742,2,18000,1.00218818381
458551,458558,461366,7,2808,2,18000,1.00249287749
458593,458599,461438,6,2839,2,18000,1.00211342022
458608,458614,461294,6,2680,2,18000,1.00223880597
458681,458687,461513,6,2826,2,18000,1.00212314225
458696,458702,461523,6,2821,2,18000,1.00212690535
458731,458737,461383,6,2646,2,18000,1.0022675737
458808,458814,461666,6,2852,2,18000,1.00210378682
458827,458834,461666,7,2832,2,18000,1.00247175141
458843,458849,461652,6,2803,2,18000,1.00214056368
458845,458855,461637,10,2782,2,18000,1.0035945363
458925,458931,461679,6,2748,2,18000,1.00218340611
458991,458997,461848,6,2851,2,18000,1.00210452473
459035,459041,461766,6,2725,2,18000,1.00220183486
459036,459047,461863,11,2816,2,18000,1.00390625
459078,459084,461887,6,2803,2,18000,1.00214056368
459079,459090,461875,11,2785,2,18000,1.0039497307
459080,459095,461790,15,2695,2,18000,1.00556586271
459097,459103,461919,6,2816,2,18000,1.00213068182
459099,459109,461948,10,2839,2,18000,1.00352236703
459114,459120,461925,6,2805,2,18000,1.00213903743
459142,459148,461962,6,2814,2,18000,1.00213219616
459158,459164,461949,6,2785,2,18000,1.00215439856
459173,459179,461927,6,2748,2,18000,1.00218340611
459226,459232,461946,6,2714,2,18000,1.00221075903
459241,459247,461855,6,2608,2,18000,1.0023006135
459243,459254,462076,11,2822,2,18000,1.00389794472
459284,459290,462039,6,2749,2,18000,1.00218261186
459402,459408,462134,6,2726,2,18000,1.00220102715
459566,459572,462365,6,2793,2,18000,1.00214822771
459790,459796,462466,6,2670,2,18000,1.00224719101
461045,461051,463899,6,2848,2,18000,1.00210674157
461137,461143,463859,6,2716,2,18000,1.00220913108
461196,461202,463977,6,2775,2,18000,1.00216216216
461231,461237,464070,6,2833,2,18000,1.00211789622
461262,461268,464129,6,2861,2,18000,1.00209716882
461278,461284,463902,6,2618,2,18000,1.00229182582
461297,461303,464142,6,2839,2,18000,1.00211342022
461312,461318,464164,6,2846,2,18000,1.00210822207
461368,461375,464204,7,2829,2,18000,1.00247437257
461384,461390,464161,6,2771,2,18000,1.00216528329
461440,461446,464097,6,2651,2,18000,1.00226329687
461515,461521,464186,6,2665,2,18000,1.00225140713
461530,461537,464232,7,2695,2,18000,1.0025974026
461641,461647,464424,6,2777,2,18000,1.00216060497
461657,461663,464400,6,2737,2,18000,1.00219218122
461672,461679,464457,7,2778,2,18000,1.00251979842
461674,461684,464553,10,2869,2,18000,1.00348553503
461690,461696,464468,6,2772,2,18000,1.00216450216
461768,461774,464570,6,2796,2,18000,1.00214592275
461793,461799,464466,6,2667,2,18000,1.00224971879
461850,461856,464697,6,2841,2,18000,1.00211193242
461866,461872,464603,6,2731,2,18000,1.00219699744
461867,461878,464664,11,2786,2,18000,1.00394831299
461883,461889,464729,6,2840,2,18000,1.00211267606
461898,461904,464783,6,2879,2,18000,1.00208405696
461920,461926,464700,6,2774,2,18000,1.0021629416
461936,461942,464475,6,2533,2,18000,1.00236873273
461937,461948,464807,11,2859,2,18000,1.00384749913
461954,461960,464724,6,2764,2,18000,1.002170767
461955,461966,464688,11,2722,2,18000,1.00404114622
461956,461971,464750,15,2779,2,18000,1.00539762504
461972,461978,464682,6,2704,2,18000,1.00221893491
462040,462047,464820,7,2773,2,18000,1.00252434187
462078,462084,464895,6,2811,2,18000,1.00213447172
462137,462143,464964,6,2821,2,18000,1.00212690535
462368,462374,465187,6,2813,2,18000,1.00213295414
462468,462474,465290,6,2816,2,18000,1.00213068182
463862,463868,466678,6,2810,2,18000,1.00213523132
463903,463909,466499,6,2590,2,18000,1.00231660232
463904,463915,466764,11,2849,2,18000,1.00386100386
463980,463986,466703,6,2717,2,18000,1.002208318
464073,464079,466990,6,2911,2,18000,1.00206114737
464098,464104,466869,6,2765,2,18000,1.00216998192
464133,464139,466813,6,2674,2,18000,1.00224382947
464148,464154,466925,6,2771,2,18000,1.00216528329
464164,464170,466935,6,2765,2,18000,1.00216998192
464179,464185,466908,6,2723,2,18000,1.00220345207
464195,464201,467000,6,2799,2,18000,1.00214362272
464211,464217,466952,6,2735,2,18000,1.00219378428
464236,464242,466934,6,2692,2,18000,1.00222882615
464402,464409,467180,7,2771,2,18000,1.00252616384
464427,464434,467144,7,2710,2,18000,1.00258302583
464458,464465,467265,7,2800,2,18000,1.0025
464474,464481,467289,7,2808,2,18000,1.00249287749
464476,464487,467233,11,2746,2,18000,1.00400582666
464491,464498,467228,7,2730,2,18000,1.00256410256
464554,464560,467291,6,2731,2,18000,1.00219699744
464572,464578,467292,6,2714,2,18000,1.00221075903
464604,464610,467396,6,2786,2,18000,1.00215362527
464666,464672,467525,6,2853,2,18000,1.00210304942
464685,464691,467434,6,2743,2,18000,1.00218738607
464701,464708,467528,7,2820,2,18000,1.0024822695
464703,464714,467494,11,2780,2,18000,1.00395683453
464704,464719,467499,15,2780,2,18000,1.00539568345
464726,464732,467525,6,2793,2,18000,1.00214822771
464742,464749,467453,7,2704,2,18000,1.0025887574
464759,464765,467446,6,2681,2,18000,1.00223797091
464786,464792,467636,6,2844,2,18000,1.00210970464
464808,464814,467471,6,2657,2,18000,1.00225818592
464824,464830,467660,6,2830,2,18000,1.00212014134
464899,464905,467586,6,2681,2,18000,1.00223797091
464965,464971,467769,6,2798,2,18000,1.00214438885
465188,465194,467892,6,2698,2,18000,1.00222386953
465293,465299,468019,6,2720,2,18000,1.00220588235
465930,465936,497609,6,31673,1,36000,1.0001894358
466500,466506,469294,6,2788,2,18000,1.00215208034
466680,466686,469311,6,2625,2,18000,1.00228571429
466705,466711,469501,6,2790,2,18000,1.00215053763
466769,466775,469596,6,2821,2,18000,1.00212690535
466818,466824,469568,6,2744,2,18000,1.00218658892
466871,466878,469653,7,2775,2,18000,1.00252252252
466910,466916,469690,6,2774,2,18000,1.0021629416
466927,466933,469706,6,2773,2,18000,1.0021637216
466944,466951,469752,7,2801,2,18000,1.00249910746
466946,466957,469679,11,2722,2,18000,1.00404114622
466962,466968,469497,6,2529,2,18000,1.00237247924
466992,466998,469825,6,2827,2,18000,1.00212239123
467007,467013,469826,6,2813,2,18000,1.00213295414
467147,467153,469882,6,2729,2,18000,1.00219860755
467183,467189,469922,6,2733,2,18000,1.00219538968
467230,467236,470035,6,2799,2,18000,1.00214362272
467246,467252,469937,6,2685,2,18000,1.00223463687
467267,467274,470022,7,2748,2,18000,1.00254730713
467293,467299,469999,6,2700,2,18000,1.00222222222
467295,467305,470044,10,2739,2,18000,1.00365096751
467296,467310,470194,14,2884,2,18000,1.00485436893
467399,467405,470089,6,2684,2,18000,1.00223546945
467436,467442,470246,6,2804,2,18000,1.00213980029
467452,467458,470240,6,2782,2,18000,1.00215672178
467468,467474,470303,6,2829,2,18000,1.00212089077
467484,467491,470278,7,2787,2,18000,1.00251166128
467501,467507,470166,6,2659,2,18000,1.0022564874
467503,467513,470226,10,2713,2,18000,1.00368595651
467529,467535,470319,6,2784,2,18000,1.00215517241
467530,467541,470364,11,2823,2,18000,1.00389656394
467531,467546,470370,15,2824,2,18000,1.00531161473
467590,467596,470331,6,2735,2,18000,1.00219378428
467637,467643,470468,6,2825,2,18000,1.00212389381
467663,467669,470422,6,2753,2,18000,1.00217944061
467772,467779,470611,7,2832,2,18000,1.00247175141
467896,467902,470654,6,2752,2,18000,1.00218023256
468021,468027,470775,6,2748,2,18000,1.00218340611
469029,480094,731923,11065,251829,1,259200,1.0439385456
469295,469302,471993,7,2691,2,18000,1.00260126347
469312,469318,472174,6,2856,2,18000,1.00210084034
469500,469506,472313,6,2807,2,18000,1.00213751336
469516,469522,472437,6,2915,2,18000,1.00205831904
469569,469575,472482,6,2907,2,18000,1.00206398349
469598,469605,472392,7,2787,2,18000,1.00251166128
469656,469662,472342,6,2680,2,18000,1.00223880597
469683,469689,472354,6,2665,2,18000,1.00225140713
469699,469705,472539,6,2834,2,18000,1.00211714891
469716,469722,472536,6,2814,2,18000,1.00213219616
469754,469761,472427,7,2666,2,18000,1.00262565641
469828,469834,472663,6,2829,2,18000,1.00212089077
469829,469840,472515,11,2675,2,18000,1.00411214953
469884,469890,472702,6,2812,2,18000,1.00213371266
469927,469933,472715,6,2782,2,18000,1.00215672178
469943,469949,472689,6,2740,2,18000,1.00218978102
469976,480099,512805,10123,32706,1,259200,1.30951507369
470000,470007,472880,7,2873,2,18000,1.00243647755
470024,470030,472804,6,2774,2,18000,1.0021629416
470040,470046,472897,6,2851,2,18000,1.00210452473
470052,480105,739316,10053,259211,1,259200,1.03878307634
470056,470062,472860,6,2798,2,18000,1.00214438885
470084,480110,509637,10026,29527,1,259200,1.33955362888
470092,470098,472909,6,2811,2,18000,1.00213447172
470146,480115,713899,9969,233784,1,259200,1.04264192588
470168,470174,472735,6,2561,2,18000,1.00234283483
470187,480120,482664,9933,2544,1,259200,4.90448113208
470198,470204,472992,6,2788,2,18000,1.00215208034
470227,470233,473063,6,2830,2,18000,1.00212014134
470243,470250,473090,7,2840,2,18000,1.00246478873
470250,480125,739359,9875,259234,1,259200,1.03809299706
470259,470265,472967,6,2702,2,18000,1.00222057735
470282,470289,473036,7,2747,2,18000,1.00254823444
470305,470312,472856,7,2544,2,18000,1.00275157233
470321,470328,473102,7,2774,2,18000,1.00252343187
470337,470343,473038,6,2695,2,18000,1.00222634508
470368,470374,473124,6,2750,2,18000,1.00218181818
470384,470390,473081,6,2691,2,18000,1.0022296544
470427,470433,473208,6,2775,2,18000,1.00216216216
470470,470476,473090,6,2614,2,18000,1.00229533282
470615,470621,473359,6,2738,2,18000,1.00219138057
470657,470664,473497,7,2833,2,18000,1.00247087893
470780,470786,473633,6,2847,2,18000,1.00210748156
471179,480136,739356,8957,259220,1,259200,1.03455366098
471179,480141,517951,8962,37810,1,259200,1.23702724147
471179,480131,739359,8952,259228,1,259200,1.03453330659
471179,480146,739391,8967,259245,1,259200,1.03458890239
471180,480177,482728,8997,2551,1,259200,4.52685221482
471180,480156,739357,8976,259201,1,259200,1.03462949603
471180,480197,586616,9017,106419,1,259200,1.08473111005
471180,480151,568190,8971,88039,1,259200,1.10189802247
471180,480166,739386,8986,259220,1,259200,1.03466553507
471180,480182,504958,9002,24776,1,259200,1.36333548595
471180,480192,739431,9012,259239,1,259200,1.03476328793
471180,480203,491731,9023,11528,1,259200,1.78270298404
471180,480172,739411,8992,259239,1,259200,1.03468613905
471180,480187,739392,9007,259205,1,259200,1.03474855809
471180,480161,739364,8981,259203,1,259200,1.03464851873
471181,480213,517597,9032,37384,1,259200,1.24160068478
471181,480208,532963,9027,52755,1,259200,1.17111174296
471381,480218,480220,8837,2,1,259200,883.9
471995,472001,474816,6,2815,2,18000,1.00213143872
472176,472182,474977,6,2795,2,18000,1.00214669052
472179,472188,482645,9,10457,2,14400,1.0008606675
472315,472321,475067,6,2746,2,18000,1.00218499636
472344,472350,475043,6,2693,2,18000,1.00222799851
472360,472366,475016,6,2650,2,18000,1.00226415094
472396,472402,475208,6,2806,2,18000,1.00213827512
472431,472437,475276,6,2839,2,18000,1.00211342022
472447,472453,475258,6,2805,2,18000,1.00213903743
472485,472491,475182,6,2691,2,18000,1.0022296544
472517,472523,475398,6,2875,2,18000,1.00208695652
472540,472546,475350,6,2804,2,18000,1.00213980029
472541,472552,475294,11,2742,2,18000,1.00401167031
472570,480223,639226,7653,159003,12,345600,1.04813116734
472666,472672,475457,6,2785,2,18000,1.00215439856
472691,472697,475432,6,2735,2,18000,1.00219378428
472706,472712,475459,6,2747,2,18000,1.00218420095
472722,472728,475633,6,2905,2,18000,1.00206540448
472737,472743,475577,6,2834,2,18000,1.00211714891
472805,472811,475501,6,2690,2,18000,1.00223048327
472858,472864,475676,6,2812,2,18000,1.00213371266
472874,472880,475566,6,2686,2,18000,1.00223380491
472890,472896,475505,6,2609,2,18000,1.0022997317
472905,472912,475675,7,2763,2,18000,1.0025334781
472922,472928,475625,6,2697,2,18000,1.0022246941
472969,472975,475747,6,2772,2,18000,1.00216450216
472994,473000,475727,6,2727,2,18000,1.00220022002
473037,473044,475854,7,2810,2,18000,1.0024911032
473053,473059,475908,6,2849,2,18000,1.00210600211
473069,473075,475810,6,2735,2,18000,1.00219378428
473085,473091,475849,6,2758,2,18000,1.00217548949
473101,473107,475841,6,2734,2,18000,1.00219458669
473102,473112,475848,10,2736,2,18000,1.00365497076
473118,473124,475807,6,2683,2,18000,1.00223630265
473134,473140,475851,6,2711,2,18000,1.00221320546
473211,473218,475901,7,2683,2,18000,1.00260901975
473234,480353,731924,7119,251571,1,259200,1.02829817427
473247,480358,731924,7111,251566,1,259200,1.02826693591
473264,480363,528980,7099,48617,1,259200,1.14601888228
473323,480369,731923,7046,251554,1,259200,1.02800989052
473327,480374,731923,7047,251549,1,259200,1.02801442264
473332,480379,628309,7047,147930,1,259200,1.04763739607
473363,473369,476206,6,2837,2,18000,1.00211491012
473500,473506,476296,6,2790,2,18000,1.00215053763
473627,480384,739621,6757,259237,1,259200,1.02606495215
473627,480390,739616,6763,259226,1,259200,1.02608920402
473627,480395,739619,6768,259224,1,259200,1.02610869364
473627,480400,739623,6773,259223,1,259200,1.02612808277
473627,480426,530725,6799,50299,1,259200,1.13517167339
473627,480411,739626,6784,259215,1,259200,1.02617132496
473627,480416,739633,6789,259217,1,259200,1.02619041189
473627,480405,739634,6778,259229,1,259200,1.02614676599
473627,480421,739658,6794,259237,1,259200,1.02620767869
473628,480478,610135,6850,129657,1,259200,1.05283170211
473628,480506,739721,6878,259215,1,259200,1.0265339583
473628,480431,739665,6803,259234,1,259200,1.02624269965
473628,480463,480464,6835,1,1,259200,683.6
473628,480458,480459,6830,1,1,259200,683.1
473628,480468,480469,6840,1,1,259200,684.1
473628,480473,480475,6845,2,1,259200,684.7
473628,480447,480448,6819,1,1,259200,682.0
473628,480437,540240,6809,59803,1,259200,1.11385716436
473628,480442,480443,6814,1,1,259200,681.5
473628,480452,480454,6824,2,1,259200,682.6
473628,480501,563451,6873,82950,1,259200,1.08285714286
473634,473641,476463,7,2822,2,18000,1.00248051028
473640,480511,711757,6871,231246,1,259200,1.02971294639
473640,480526,691940,6886,211414,1,259200,1.03257116369
473640,480521,654316,6881,173795,1,259200,1.03959262349
473640,480516,739720,6876,259204,1,259200,1.0265273684
473640,480563,551911,6923,71348,1,259200,1.09703145148
473640,480547,739757,6907,259210,1,259200,1.02664634852
473640,480537,739773,6897,259236,1,259200,1.02660510114
473640,480558,739764,6918,259206,1,259200,1.02668919701
473640,480552,739768,6912,259216,1,259200,1.02666502068
473640,480542,739777,6902,259235,1,259200,1.02662449129
473640,480531,739773,6891,259242,1,259200,1.02658134099
473641,480610,645922,6969,165312,1,259200,1.04215664925
473641,480594,480595,6953,1,1,259200,695.4
473641,480615,602746,6974,122131,1,259200,1.05710261932
473641,480605,714489,6964,233884,1,259200,1.02977544424
473641,480589,480590,6948,1,1,259200,694.9
473641,480584,480585,6943,1,1,259200,694.4
473641,480578,480579,6937,1,1,259200,693.8
473641,480573,480574,6932,1,1,259200,693.3
473641,480568,480570,6927,2,1,259200,692.9
473641,480599,480601,6958,2,1,259200,696.0
474192,480626,739864,6434,259238,1,259200,1.02481889229
474192,480620,724485,6428,243865,1,259200,1.02635884608
474192,480648,722478,6456,241830,1,259200,1.02669643965
474193,480653,739863,6460,259210,1,259200,1.02492187801
474193,480658,739859,6465,259201,1,259200,1.0249420334
474193,480684,637684,6491,157000,1,259200,1.04134394904
474193,480663,739897,6470,259234,1,259200,1.02495814592
474193,480689,739897,6496,259208,1,259200,1.02506095491
474193,480679,739896,6486,259217,1,259200,1.02502150708
474193,480668,739894,6475,259226,1,259200,1.02497820435
474193,480674,739890,6481,259216,1,259200,1.02500231467
474194,480731,739952,6537,259221,1,259200,1.02521786429
474194,480716,692609,6522,211893,1,259200,1.03077968597
474194,480726,739952,6532,259226,1,259200,1.0251980897
474194,480721,739939,6527,259218,1,259200,1.02517957858
474194,480710,739919,6516,259209,1,259200,1.02513801604
474194,480694,739899,6500,259205,1,259200,1.02507667676
474194,480736,591680,6542,110944,1,259200,1.0589666859
474194,480705,573086,6511,92381,1,259200,1.07047986058
474194,480700,677846,6506,197146,1,259200,1.03300092317
474195,480742,738563,6547,257821,1,259200,1.02539358702
474200,480747,661178,6547,180431,1,259200,1.03628533899
474200,480757,664910,6557,184153,1,259200,1.03560626218
474200,480752,739998,6552,259246,1,259200,1.02527329255
474201,480789,733760,6588,252971,1,259200,1.0260425108
474201,480794,740008,6593,259214,1,259200,1.02543458301
474201,480768,633640,6567,152872,1,259200,1.04295750693
474201,480773,739997,6572,259224,1,259200,1.02535259081
474201,480763,739997,6562,259234,1,259200,1.02531303764
474202,480810,740047,6608,259237,1,259200,1.02549018851
474202,480815,740045,6613,259230,1,259200,1.02551016472
474202,480805,740043,6603,259238,1,259200,1.02547080289
474202,480800,740006,6598,259206,1,259200,1.02545465769
474202,480826,740049,6624,259223,1,259200,1.0255532881
474202,480831,740065,6629,259234,1,259200,1.02557149139
474202,480821,740040,6619,259219,1,259200,1.0255343937
474203,480842,740088,6639,259246,1,259200,1.02560888114
474203,482675,741907,8472,259232,1,259200,1.03268115048
474203,480857,740086,6654,259229,1,259200,1.02566842444
474203,480847,740082,6644,259235,1,259200,1.02562925531
474203,480852,597909,6649,117057,1,259200,1.05680138736
474203,480836,740043,6633,259207,1,259200,1.0255895867
474820,474826,477521,6,2695,2,18000,1.00222634508
474979,474986,477725,7,2739,2,18000,1.00255567725
475018,475024,477699,6,2675,2,18000,1.00224299065
475046,475052,477782,6,2730,2,18000,1.0021978022
475068,475075,477702,7,2627,2,18000,1.00266463647
475145,475151,478406,6,3255,23,3600,1.00184331797
475185,475191,478096,6,2905,2,18000,1.00206540448
475258,475264,477968,6,2704,2,18000,1.00221893491
475285,475291,478105,6,2814,2,18000,1.00213219616
475286,475296,478928,10,3632,23,3600,1.00275330396
475287,475303,478109,16,2806,2,18000,1.005702067
475302,475309,478076,7,2767,2,18000,1.00252981568
475355,475361,478026,6,2665,2,18000,1.00225140713
475428,475434,478228,6,2794,2,18000,1.00214745884
475453,475459,478290,6,2831,2,18000,1.00211939244
475469,475475,478291,6,2816,2,18000,1.00213068182
475471,475481,478128,10,2647,2,18000,1.00377786173
475504,475510,478335,6,2825,2,18000,1.00212389381
475521,475527,478339,6,2812,2,18000,1.00213371266
475569,475575,478359,6,2784,2,18000,1.00215517241
475585,475591,478335,6,2744,2,18000,1.00218658892
475627,475633,478297,6,2664,2,18000,1.00225225225
475644,475651,478419,7,2768,2,18000,1.00252890173
475677,475683,478524,6,2841,2,18000,1.00211193242
475679,475689,478506,10,2817,2,18000,1.00354987575
475730,475737,478353,7,2616,2,18000,1.00267584098
475751,475757,478397,6,2640,2,18000,1.00227272727
475812,475818,478598,6,2780,2,18000,1.00215827338
475814,475824,478627,10,2803,2,18000,1.00356760614
475845,475851,478685,6,2834,2,18000,1.00211714891
475863,475869,478582,6,2713,2,18000,1.0022115739
475864,475875,478449,11,2574,2,18000,1.00427350427
475865,475880,478732,15,2852,2,18000,1.00525946704
475867,475885,478667,18,2782,2,18000,1.00647016535
475903,475910,478668,7,2758,2,18000,1.00253807107
475920,475926,478621,6,2695,2,18000,1.00222634508
476208,476214,478983,6,2769,2,18000,1.00216684724
476299,476305,478958,6,2653,2,18000,1.00226159065
476465,476471,479268,6,2797,2,18000,1.00214515552
477524,477530,480362,6,2832,2,18000,1.00211864407
477700,477706,480515,6,2809,2,18000,1.00213599146
477717,477723,480452,6,2729,2,18000,1.00219860755
477733,477739,480570,6,2831,2,18000,1.00211939244
477782,477788,480593,6,2805,2,18000,1.00213903743
477970,477976,480645,6,2669,2,18000,1.00224803297
478026,478033,480811,7,2778,2,18000,1.00251979842
478080,478086,480872,6,2786,2,18000,1.00215362527
478101,478107,480850,6,2743,2,18000,1.00218738607
478118,478124,480968,6,2844,2,18000,1.00210970464
478119,478130,480979,11,2849,2,18000,1.00386100386
478135,478141,480951,6,2810,2,18000,1.00213523132
478232,478238,480786,6,2548,2,18000,1.00235478807
478291,478297,481136,6,2839,2,18000,1.00211342022
478293,478303,480958,10,2655,2,18000,1.00376647834
478309,478315,481022,6,2707,2,18000,1.0022164758
478338,478344,481137,6,2793,2,18000,1.00214822771
478339,478350,481192,11,2842,2,18000,1.00387051372
478355,478362,481145,7,2783,2,18000,1.00251527129
478357,478367,481179,10,2812,2,18000,1.00355618777
478372,478379,481209,7,2830,2,18000,1.00247349823
478398,478405,481193,7,2788,2,18000,1.0025107604
478421,478427,481174,6,2747,2,18000,1.00218420095
478452,478459,481290,7,2831,2,18000,1.00247262451
478509,478516,481314,7,2798,2,18000,1.00250178699
478526,478532,481325,6,2793,2,18000,1.00214822771
478583,478589,481299,6,2710,2,18000,1.00221402214
478599,478605,481396,6,2791,2,18000,1.00214976711
478622,478628,481425,6,2797,2,18000,1.00214515552
478638,478644,481478,6,2834,2,18000,1.00211714891
478671,478677,481467,6,2790,2,18000,1.00215053763
478672,478683,481427,11,2744,2,18000,1.00400874636
478688,478694,481497,6,2803,2,18000,1.00214056368
478722,478728,478807,6,79,1,1800,1.07594936709
478736,478742,481506,6,2764,2,18000,1.002170767
478961,478967,481733,6,2766,2,18000,1.0021691974
478987,478993,481696,6,2703,2,18000,1.00221975583
479064,479070,479153,6,83,1,1800,1.07228915663
479269,479275,482065,6,2790,2,18000,1.00215053763
479580,479586,481527,6,1941,1,1800,1.00309119011
480367,480490,483154,123,2664,2,18000,1.04617117117
480454,480496,483305,42,2809,2,18000,1.01495194019
480517,480633,483303,116,2670,2,18000,1.04344569288
480574,480638,483432,64,2794,2,18000,1.02290622763
480596,480643,483413,47,2770,2,18000,1.01696750903
480648,480779,483488,131,2709,2,18000,1.04835732743
480787,480863,483557,76,2694,2,18000,1.0282108389
480813,480868,483730,55,2862,2,18000,1.01921733054
480851,480873,483553,22,2680,2,18000,1.00820895522
480875,480881,483501,6,2620,2,18000,1.00229007634
480952,480959,483739,7,2780,2,18000,1.00251798561
480969,480975,483760,6,2785,2,18000,1.00215439856
480970,480981,483648,11,2667,2,18000,1.00412448444
480986,480992,483827,6,2835,2,18000,1.00211640212
481024,481031,483838,7,2807,2,18000,1.00249376559
481139,481145,483870,6,2725,2,18000,1.00220183486
481141,481151,483831,10,2680,2,18000,1.00373134328
481157,481163,483983,6,2820,2,18000,1.00212765957
481176,481182,483999,6,2817,2,18000,1.00212992545
481193,481199,484010,6,2811,2,18000,1.00213447172
481194,481205,483978,11,2773,2,18000,1.00396682294
481211,481217,484044,6,2827,2,18000,1.00212239123
481212,481223,483946,11,2723,2,18000,1.00403966214
481292,481298,484101,6,2803,2,18000,1.00214056368
481307,481314,484177,7,2863,2,18000,1.00244498778
481324,481331,484119,7,2788,2,18000,1.0025107604
481340,481346,484148,6,2802,2,18000,1.00214132762
481400,481406,484286,6,2880,2,18000,1.00208333333
481429,481435,484210,6,2775,2,18000,1.00216216216
481430,481441,484135,11,2694,2,18000,1.00408314774
481472,481478,484237,6,2759,2,18000,1.00217470098
481488,481494,484147,6,2653,2,18000,1.00226159065
481503,481510,484198,7,2688,2,18000,1.00260416667
481520,481526,484343,6,2817,2,18000,1.00212992545
481699,481705,484414,6,2709,2,18000,1.00221483942
481735,481741,484516,6,2775,2,18000,1.00216216216
481980,481986,482027,6,41,1,1800,1.14634146341
482067,482073,484778,6,2705,2,18000,1.0022181146
482321,482328,482401,7,73,1,1800,1.09589041096
482862,482868,484430,6,1562,2,14400,1.00384122919
482911,482917,482959,6,42,1,1800,1.14285714286
482914,482923,483170,9,247,1,1800,1.03643724696
483102,509649,631852,26547,122203,1,259200,1.21723689271
483102,491747,615232,8645,123485,1,259200,1.07000850306
483102,483107,742344,5,259237,1,259200,1.00001928737
483102,512816,591101,29714,78285,1,259200,1.37956185732
483102,504969,690376,21867,185407,1,259200,1.11794053083
483103,517615,637751,34512,120136,1,259200,1.28727442232
483103,517962,614479,34859,96517,1,259200,1.3611695349
483157,483163,485824,6,2661,2,18000,1.00225479143
483178,483184,483265,6,81,1,1800,1.07407407407
483232,540251,709287,57019,169036,1,259200,1.33731867768
483232,528991,690578,45759,161587,1,259200,1.28318490968
483232,530737,711600,47505,180863,1,259200,1.2626573705
483232,532974,733568,49742,200594,1,259200,1.24797351865
483233,568201,748012,84968,179811,1,259200,1.47254061209
483233,551922,811161,68689,259239,1,259200,1.26496399076
483233,563462,796274,80229,232812,1,259200,1.34460852533
483304,483310,486101,6,2791,2,18000,1.00214976711
483320,483327,486126,7,2799,2,18000,1.00250089318
483417,483423,486224,6,2801,2,18000,1.00214209211
483436,483442,486237,6,2795,2,18000,1.00214669052
483451,573097,731924,89646,158827,1,259200,1.56442544404
483490,483496,486156,6,2660,2,18000,1.0022556391
483506,483512,486197,6,2685,2,18000,1.00223463687
483556,483562,486453,6,2891,2,18000,1.00207540643
483557,483568,484920,11,1352,2,14400,1.00813609467
483572,483578,486118,6,2540,2,18000,1.00236220472
483651,483657,486434,6,2777,2,18000,1.00216060497
483732,483738,486411,6,2673,2,18000,1.00224466891
483747,483754,486531,7,2777,2,18000,1.0025207058
483763,483769,486500,6,2731,2,18000,1.00219699744
483829,483835,486631,6,2796,2,18000,1.00214592275
483846,483852,486523,6,2671,2,18000,1.00224634968
483847,483857,486438,10,2581,2,18000,1.00387446726
483872,483878,486659,6,2781,2,18000,1.0021574973
483950,483956,486788,6,2832,2,18000,1.00211864407
483955,483962,486572,7,2610,2,14400,1.00268199234
483981,483987,486758,6,2771,2,18000,1.00216528329
483997,484003,486763,6,2760,2,18000,1.00217391304
484013,484019,486789,6,2770,2,18000,1.00216606498
484014,484025,486856,11,2831,2,18000,1.00388555281
484042,484048,486858,6,2810,2,18000,1.00213523132
484060,484066,484301,6,235,1,1800,1.02553191489
484104,484110,486837,6,2727,2,18000,1.00220022002
484123,484130,486915,7,2785,2,18000,1.00251346499
484140,484145,486882,5,2737,2,18000,1.00182681768
484156,484162,486921,6,2759,2,18000,1.00217470098
484157,484168,486965,11,2797,2,18000,1.00393278513
484179,484185,486868,6,2683,2,18000,1.00223630265
484202,484208,487026,6,2818,2,18000,1.00212916962
484217,484223,487000,6,2777,2,18000,1.00216060497
484240,484251,484279,11,28,1,1800,1.39285714286
484240,484246,486975,6,2729,2,18000,1.00219860755
484291,484297,487106,6,2809,2,18000,1.00213599146
484347,484353,487147,6,2794,2,18000,1.00214745884
484350,484359,486609,9,2250,2,14400,1.004
484417,484423,487222,6,2799,2,18000,1.00214362272
484490,484496,484571,6,75,1,1800,1.08
484518,484524,487308,6,2784,2,18000,1.00215517241
484781,484787,487634,6,2847,2,18000,1.00210748156
485031,485037,485163,6,126,1,1800,1.04761904762
485823,485829,488618,6,2789,2,18000,1.00215130871
486102,486108,488947,6,2839,2,18000,1.00211342022
486121,486127,488893,6,2766,2,18000,1.0021691974
486137,486143,488802,6,2659,2,18000,1.0022564874
486156,486162,488892,6,2730,2,18000,1.0021978022
486201,486207,488867,6,2660,2,18000,1.0022556391
486226,486233,488972,7,2739,2,18000,1.00255567725
486242,486248,489045,6,2797,2,18000,1.00214515552
486410,486417,489204,7,2787,2,18000,1.00251166128
486436,486442,489127,6,2685,2,18000,1.00223463687
486452,486458,489295,6,2837,2,18000,1.00211491012
486468,486474,489259,6,2785,2,18000,1.00215439856
486503,486510,489314,7,2804,2,18000,1.00249643367
486526,486533,489324,7,2791,2,18000,1.00250806163
486542,486548,489318,6,2770,2,18000,1.00216606498
486634,486640,489443,6,2803,2,18000,1.00214056368
486663,486669,489507,6,2838,2,18000,1.0021141649
486759,486766,489558,7,2792,2,18000,1.00250716332
486776,486782,489509,6,2727,2,18000,1.00220022002
486793,486799,489594,6,2795,2,18000,1.00214669052
486794,486805,489649,11,2844,2,18000,1.00386779184
486841,486847,489597,6,2750,2,18000,1.00218181818
486862,486868,489617,6,2749,2,18000,1.00218261186
486863,486874,489726,11,2852,2,18000,1.0038569425
486879,486885,489711,6,2826,2,18000,1.00212314225
486895,486901,489635,6,2734,2,18000,1.00219458669
486918,486924,489653,6,2729,2,18000,1.00219860755
486934,486940,489675,6,2735,2,18000,1.00219378428
486968,486974,489516,6,2542,2,18000,1.00236034618
486984,486990,489810,6,2820,2,18000,1.00212765957
487003,487009,489668,6,2659,2,18000,1.0022564874
487028,487034,489825,6,2791,2,18000,1.00214976711
487110,487116,489808,6,2692,2,18000,1.00222882615
487151,487157,490019,6,2862,2,18000,1.00209643606
487223,487230,490063,7,2833,2,18000,1.00247087893
487310,487316,490015,6,2699,2,18000,1.00222304557
487635,487642,490338,7,2696,2,18000,1.00259643917
487832,487844,488066,12,222,4,144000,1.05405405405
488067,488073,488079,6,6,4,144000,1.2
488154,488160,517663,6,29503,4,144000,1.00020336915
488401,488408,504514,7,16106,1,216000,1.00043462064
488619,488625,491381,6,2756,2,18000,1.00217706821
488804,488810,491524,6,2714,2,18000,1.00221075903
488871,488876,491666,5,2790,2,18000,1.0017921147
488894,488900,491688,6,2788,2,18000,1.00215208034
488896,488906,491584,10,2678,2,18000,1.00373412995
488950,488956,491735,6,2779,2,18000,1.00215905002
488976,488982,491770,6,2788,2,18000,1.00215208034
489049,489055,491850,6,2795,2,18000,1.00214669052
489131,489137,491916,6,2779,2,18000,1.00215905002
489208,489214,491981,6,2767,2,18000,1.00216841344
489263,489269,491958,6,2689,2,18000,1.00223131276
489296,489303,491923,7,2620,2,18000,1.00267175573
489318,489324,492143,6,2819,2,18000,1.00212841433
489334,489340,492108,6,2768,2,18000,1.00216763006
489336,489346,492153,10,2807,2,18000,1.00356252227
489446,489452,492175,6,2723,2,18000,1.00220345207
489518,489524,492328,6,2804,2,18000,1.00213980029
489519,489530,492298,11,2768,2,18000,1.00397398844
489520,489535,492218,15,2683,2,18000,1.00559075662
489565,489571,492361,6,2790,2,18000,1.00215053763
489602,489608,492366,6,2758,2,18000,1.00217548949
489603,489614,492489,11,2875,2,18000,1.00382608696
489620,489626,492209,6,2583,2,18000,1.00232288037
489643,489649,492419,6,2770,2,18000,1.00216606498
489661,489667,492336,6,2669,2,18000,1.00224803297
489663,489673,492343,10,2670,2,18000,1.00374531835
489681,489686,492491,5,2805,2,18000,1.00178253119
489682,489692,492493,10,2801,2,18000,1.00357015352
489716,489722,492482,6,2760,2,18000,1.00217391304
489739,489745,492305,6,2560,2,18000,1.00234375
489814,489819,492673,5,2854,2,18000,1.00175192712
489815,489825,492613,10,2788,2,18000,1.00358680057
489831,489837,492524,6,2687,2,18000,1.00223297358
489847,489853,871348,6,381495,10,540000,1.0000157276
490020,490026,492858,6,2832,2,18000,1.00211864407
490022,490032,492897,10,2865,2,18000,1.0034904014
490067,490073,492897,6,2824,2,18000,1.00212464589
490341,490347,493146,6,2799,2,18000,1.00214362272
491050,491056,750301,6,259245,1,259200,1.00002314413
491383,491389,494230,6,2841,2,18000,1.00211193242
491397,491403,491632,6,229,2,604800,1.02620087336
491526,491533,494369,7,2836,2,18000,1.00246826516
491588,491594,494405,6,2811,2,18000,1.00213447172
491668,491675,494421,7,2746,2,18000,1.00254916242
491691,491698,494432,7,2734,2,18000,1.00256035113
491736,491742,494431,6,2689,2,18000,1.00223131276
491745,491753,491967,8,214,2,604800,1.03738317757
491774,491780,494618,6,2838,2,18000,1.0021141649
491851,491857,494598,6,2741,2,18000,1.00218898212
491920,491926,494684,6,2758,2,18000,1.00217548949
491936,491942,494745,6,2803,2,18000,1.00214056368
491961,491967,494745,6,2778,2,18000,1.00215982721
491983,491989,494751,6,2762,2,18000,1.00217233888
492109,492115,494816,6,2701,2,18000,1.00222139948
492140,492147,494816,7,2669,2,18000,1.00262270513
492157,492163,495028,6,2865,2,18000,1.00209424084
492178,492185,494947,7,2762,2,18000,1.00253439537
492213,492219,494937,6,2718,2,18000,1.00220750552
492229,492235,495034,6,2799,2,18000,1.00214362272
492301,492307,495090,6,2783,2,18000,1.00215594682
492317,492323,495090,6,2767,2,18000,1.00216841344
492333,492339,495140,6,2801,2,18000,1.00214209211
492349,492355,495146,6,2791,2,18000,1.00214976711
492350,492361,495219,11,2858,2,18000,1.00384884535
492366,492372,495187,6,2815,2,18000,1.00213143872
492382,492388,494999,6,2611,2,18000,1.00229797013
492423,492429,495113,6,2684,2,18000,1.00223546945
492485,492491,495357,6,2866,2,18000,1.00209351012
492502,492508,495222,6,2714,2,18000,1.00221075903
492503,492514,495361,11,2847,2,18000,1.00386371619
492504,492519,495277,15,2758,2,18000,1.00543872371
492523,492529,495307,6,2778,2,18000,1.00215982721
492617,492623,495430,6,2807,2,18000,1.00213751336
492660,492666,492668,6,2,1,259200,1.0
492676,492682,495576,6,2894,2,18000,1.00207325501
492745,492752,551052,7,58300,1,259200,1.00012006861
492861,492867,495620,6,2753,2,18000,1.00217944061
492900,492906,495800,6,2894,2,18000,1.00207325501
492901,492912,495627,11,2715,2,18000,1.00405156538
493149,493155,495944,6,2789,2,18000,1.00215130871
494100,494106,494107,6,1,1,615,1.0
494233,494239,496929,6,2690,2,18000,1.00223048327
494372,494378,497076,6,2698,2,18000,1.00222386953
494406,494412,497081,6,2669,2,18000,1.00224803297
494422,494428,497259,6,2831,2,18000,1.00211939244
494438,494445,497321,7,2876,2,18000,1.00243393602
494440,494451,497159,11,2708,2,18000,1.0040620384
494600,494606,497404,6,2798,2,18000,1.00214438885
494622,494628,497305,6,2677,2,18000,1.0022413149
494687,494693,497509,6,2816,2,18000,1.00213068182
494748,494754,497594,6,2840,2,18000,1.00211267606
494749,494760,497574,11,2814,2,18000,1.0039090263
494764,494771,497571,7,2800,2,18000,1.0025
494818,494824,497626,6,2802,2,18000,1.00214132762
494819,494830,497527,11,2697,2,18000,1.00407860586
494941,494947,497769,6,2822,2,18000,1.00212615167
494956,494962,497741,6,2779,2,18000,1.00215905002
495002,495008,497685,6,2677,2,18000,1.0022413149
495031,495037,497825,6,2788,2,18000,1.00215208034
495046,495053,497781,7,2728,2,18000,1.0025659824
495093,495100,497897,7,2797,2,18000,1.00250268144
495095,495105,497902,10,2797,2,18000,1.00357525921
495115,495121,497953,6,2832,2,18000,1.00211864407
495143,495149,497838,6,2689,2,18000,1.00223131276
495159,495165,497864,6,2699,2,18000,1.00222304557
495190,495196,497978,6,2782,2,18000,1.00215672178
495222,495228,498048,6,2820,2,18000,1.00212765957
495237,495243,498005,6,2762,2,18000,1.00217233888
495281,495287,497958,6,2671,2,18000,1.00224634968
495310,495316,497987,6,2671,2,18000,1.00224634968
495360,495366,498152,6,2786,2,18000,1.00215362527
495376,495382,498309,6,2927,2,18000,1.00204988042
495432,495438,498214,6,2776,2,18000,1.00216138329
495474,495480,505168,6,9688,2,108000,1.00061932287
495578,495584,498278,6,2694,2,18000,1.00222717149
495622,495628,498313,6,2685,2,18000,1.00223463687
495637,495644,498514,7,2870,2,18000,1.00243902439
495802,495808,498505,6,2697,2,18000,1.0022246941
495947,495953,498761,6,2808,2,18000,1.00213675214
496932,496938,499468,6,2530,2,18000,1.0023715415
497078,497084,499917,6,2833,2,18000,1.00211789622
497093,497100,499942,7,2842,2,18000,1.00246305419
497161,497168,499928,7,2760,2,18000,1.00253623188
497261,497267,499974,6,2707,2,18000,1.0022164758
497307,497313,500137,6,2824,2,18000,1.00212464589
497323,497329,500142,6,2813,2,18000,1.00213295414
497407,497413,500227,6,2814,2,18000,1.00213219616
497513,497519,500208,6,2689,2,18000,1.00223131276
497529,497535,500338,6,2803,2,18000,1.00214056368
497576,497582,500317,6,2735,2,18000,1.00219378428
497577,497588,500340,11,2752,2,18000,1.00399709302
497597,497603,500247,6,2644,2,18000,1.00226928896
497628,497634,500466,6,2832,2,18000,1.00211864407
497687,497693,500550,6,2857,2,18000,1.00210010501
497743,497749,500445,6,2696,2,18000,1.00222551929
497772,497778,500613,6,2835,2,18000,1.00211640212
497788,497795,500572,7,2777,2,18000,1.0025207058
497829,497836,500619,7,2783,2,18000,1.00251527129
497845,497851,500464,6,2613,2,18000,1.00229621125
497867,497873,500656,6,2783,2,18000,1.00215594682
497898,497904,500577,6,2673,2,18000,1.00224466891
497914,497920,500636,6,2716,2,18000,1.00220913108
497955,497961,500775,6,2814,2,18000,1.00213219616
497970,497977,500739,7,2762,2,18000,1.00253439537
497986,497992,500753,6,2761,2,18000,1.00217312568
497988,497998,500818,10,2820,2,18000,1.00354609929
498006,498012,500635,6,2623,2,18000,1.00228745711
498050,498056,500854,6,2798,2,18000,1.00214438885
498155,498161,500840,6,2679,2,18000,1.00223964166
498218,498224,500822,6,2598,2,18000,1.00230946882
498280,498286,501101,6,2815,2,18000,1.00213143872
498311,498318,501190,7,2872,2,18000,1.00243732591
498327,498333,500968,6,2635,2,18000,1.00227703985
498508,498514,501299,6,2785,2,18000,1.00215439856
498523,498529,501317,6,2788,2,18000,1.00215208034
498763,498770,501585,7,2815,2,18000,1.00248667851
499470,499476,502044,6,2568,2,18000,1.0023364486
499867,499873,562455,6,62582,1,259200,1.00009587421
499921,499927,502597,6,2670,2,18000,1.00224719101
499937,499943,502612,6,2669,2,18000,1.00224803297
499952,499958,502734,6,2776,2,18000,1.00216138329
499977,499983,502701,6,2718,2,18000,1.00220750552
500141,500147,502953,6,2806,2,18000,1.00213827512
500156,500162,502810,6,2648,2,18000,1.00226586103
500211,500218,503008,7,2790,2,18000,1.00250896057
500230,500236,502907,6,2671,2,18000,1.00224634968
500249,500255,502994,6,2739,2,18000,1.0021905805
500320,500326,503219,6,2893,2,18000,1.00207397166
500339,500345,503087,6,2742,2,18000,1.00218818381
500355,500361,503189,6,2828,2,18000,1.00212164074
500447,500453,503266,6,2813,2,18000,1.00213295414
500466,500472,503286,6,2814,2,18000,1.00213219616
500468,500478,503306,10,2828,2,18000,1.00353606789
500518,500525,500531,7,6,2,108000,1.3
500548,500554,501419,6,865,2,108000,1.00693641618
500555,500561,503235,6,2674,2,18000,1.00224382947
500574,500580,503469,6,2889,2,18000,1.0020768432
500589,500596,503431,7,2835,2,18000,1.0024691358
500614,500621,503284,7,2663,2,18000,1.00262861434
500630,500636,503446,6,2810,2,18000,1.00213523132
500647,500653,503421,6,2768,2,18000,1.00216763006
500648,500659,503515,11,2856,2,18000,1.00385154062
500663,500670,503420,7,2750,2,18000,1.00254545455
500741,500748,503574,7,2826,2,18000,1.00247699929
500757,500763,503523,6,2760,2,18000,1.00217391304
500777,500783,503609,6,2826,2,18000,1.00212314225
500820,500826,503497,6,2671,2,18000,1.00224634968
500836,500842,503515,6,2673,2,18000,1.00224466891
500851,500858,503662,7,2804,2,18000,1.00249643367
500867,500873,503469,6,2596,2,18000,1.00231124807
500971,500977,503627,6,2650,2,18000,1.00226415094
501105,501111,503956,6,2845,2,18000,1.00210896309
501191,501197,503977,6,2780,2,18000,1.00215827338
501300,501306,504106,6,2800,2,18000,1.00214285714
501319,501325,504119,6,2794,2,18000,1.00214745884
501587,501594,504345,7,2751,2,18000,1.00254452926
502047,502053,504842,6,2789,2,18000,1.00215130871
502600,502606,505275,6,2669,2,18000,1.00224803297
502615,502622,505451,7,2829,2,18000,1.00247437257
502702,502708,505580,6,2872,2,18000,1.00208913649
502736,502742,505452,6,2710,2,18000,1.00221402214
502814,502820,505591,6,2771,2,18000,1.00216528329
502909,502915,505706,6,2791,2,18000,1.00214976711
502955,502962,505634,7,2672,2,18000,1.00261976048
502996,503002,505791,6,2789,2,18000,1.00215130871
503011,503018,505761,7,2743,2,18000,1.00255195042
503090,503096,505891,6,2795,2,18000,1.00214669052
503193,503199,505896,6,2697,2,18000,1.0022246941
503221,503227,506061,6,2834,2,18000,1.00211714891
503237,503243,506037,6,2794,2,18000,1.00214745884
503268,503274,505952,6,2678,2,18000,1.00224047797
503284,503290,506121,6,2831,2,18000,1.00211939244
503300,503306,506154,6,2848,2,18000,1.00210674157
503315,503321,506121,6,2800,2,18000,1.00214285714
503421,503427,506031,6,2604,2,18000,1.00230414747
503423,503433,506230,10,2797,2,18000,1.00357525921
503439,503445,506218,6,2773,2,18000,1.0021637216
503454,503460,506143,6,2683,2,18000,1.00223630265
503470,503476,506298,6,2822,2,18000,1.00212615167
503471,503482,506244,11,2762,2,18000,1.00398262129
503500,503506,506298,6,2792,2,18000,1.00214899713
503519,503525,506356,6,2831,2,18000,1.00211939244
503520,503531,506359,11,2828,2,18000,1.00388967468
503535,503542,506195,7,2653,2,18000,1.00263852243
503576,503582,506409,6,2827,2,18000,1.00212239123
503613,503619,506373,6,2754,2,18000,1.00217864924
503629,503635,506432,6,2797,2,18000,1.00214515552
503663,503669,506444,6,2775,2,18000,1.00216216216
503959,503965,506773,6,2808,2,18000,1.00213675214
503978,503984,506799,6,2815,2,18000,1.00213143872
504108,504114,506910,6,2796,2,18000,1.00214592275
504124,504130,506914,6,2784,2,18000,1.00215517241
504132,504138,504139,6,1,2,300,1.0
504348,504354,507083,6,2729,2,18000,1.00219860755
504510,504516,504539,6,23,1,216000,1.26086956522
504581,504588,582987,7,78399,1,259200,1.00008928685
504843,504849,507561,6,2712,2,18000,1.00221238938
505278,505284,508033,6,2749,2,18000,1.00218261186
505455,505461,508157,6,2696,2,18000,1.00222551929
505456,505467,508371,11,2904,2,18000,1.00378787879
505584,505590,508147,6,2557,2,18000,1.0023464998
505599,505605,508399,6,2794,2,18000,1.00214745884
505636,505642,508478,6,2836,2,18000,1.00211565585
505707,505713,508378,6,2665,2,18000,1.00225140713
505763,505770,508627,7,2857,2,18000,1.00245012251
505795,505801,508596,6,2795,2,18000,1.00214669052
505892,505898,508558,6,2660,2,18000,1.0022556391
505907,505913,508562,6,2649,2,18000,1.00226500566
505954,505960,508627,6,2667,2,18000,1.00224971879
506035,506041,508817,6,2776,2,18000,1.00216138329
506050,506057,508876,7,2819,2,18000,1.00248315005
506066,506072,508818,6,2746,2,18000,1.00218499636
506126,506132,508886,6,2754,2,18000,1.00217864924
506127,506138,508924,11,2786,2,18000,1.00394831299
506146,506152,508951,6,2799,2,18000,1.00214362272
506162,506168,508825,6,2657,2,18000,1.00225818592
506197,506203,508961,6,2758,2,18000,1.00217548949
506222,506228,509064,6,2836,2,18000,1.00211565585
506237,506243,509064,6,2821,2,18000,1.00212690535
506253,506259,509071,6,2812,2,18000,1.00213371266
506300,506306,509119,6,2813,2,18000,1.00213295414
506301,506312,509170,11,2858,2,18000,1.00384884535
506358,506364,509173,6,2809,2,18000,1.00213599146
506374,506380,509002,6,2622,2,18000,1.00228832952
506375,506386,509243,11,2857,2,18000,1.00385019251
506413,506419,509099,6,2680,2,18000,1.00223880597
506435,506441,509206,6,2765,2,18000,1.00216998192
506451,506457,509130,6,2673,2,18000,1.00224466891
506777,506783,509551,6,2768,2,18000,1.00216763006
506802,506808,509409,6,2601,2,18000,1.00230680507
506912,506918,509707,6,2789,2,18000,1.00215130871
506927,506934,509728,7,2794,2,18000,1.00250536865
507084,507090,509755,6,2665,2,18000,1.00225140713
507564,507571,510351,7,2780,2,18000,1.00251798561
508035,508041,510878,6,2837,2,18000,1.00211491012
508150,508156,510931,6,2775,2,18000,1.00216216216
508166,508172,510962,6,2790,2,18000,1.00215053763
508374,508380,511158,6,2778,2,18000,1.00215982721
508390,508397,511233,7,2836,2,18000,1.00246826516
508406,508413,511262,7,2849,2,18000,1.00245700246
508482,508488,511175,6,2687,2,18000,1.00223297358
508560,508567,511379,7,2812,2,18000,1.00248933144
508576,508582,511438,6,2856,2,18000,1.00210084034
508598,508604,511379,6,2775,2,18000,1.00216216216
508631,508637,511504,6,2867,2,18000,1.00209277991
508632,508643,511443,11,2800,2,18000,1.00392857143
508819,508825,511625,6,2800,2,18000,1.00214285714
508821,508831,511688,10,2857,2,18000,1.00350017501
508837,508843,511727,6,2884,2,18000,1.00208044383
508880,508886,511469,6,2583,2,18000,1.00232288037
508897,508903,511733,6,2830,2,18000,1.00212014134
508926,508932,511608,6,2676,2,18000,1.00224215247
508952,508959,511847,7,2888,2,18000,1.00242382271
508969,508975,511767,6,2792,2,18000,1.00214899713
509004,509010,511807,6,2797,2,18000,1.00214515552
509068,509074,511913,6,2839,2,18000,1.00211342022
509069,509080,511825,11,2745,2,18000,1.00400728597
509085,509091,511830,6,2739,2,18000,1.0021905805
509101,509107,511789,6,2682,2,18000,1.00223713647
509120,509127,511977,7,2850,2,18000,1.00245614035
509136,509142,511989,6,2847,2,18000,1.00210748156
509174,509181,511974,7,2793,2,18000,1.00250626566
509176,509187,512041,11,2854,2,18000,1.00385423966
509207,509214,512029,7,2815,2,18000,1.00248667851
509246,509252,511950,6,2698,2,18000,1.00222386953
509410,509416,512221,6,2805,2,18000,1.00213903743
509552,509558,512221,6,2663,2,18000,1.00225309801
509710,509716,512385,6,2669,2,18000,1.00224803297
509732,509738,512580,6,2842,2,18000,1.0021111893
509757,509764,512595,7,2831,2,18000,1.00247262451
510354,510360,513173,6,2813,2,18000,1.00213295414
510881,510887,513729,6,2842,2,18000,1.0021111893
510935,510941,513633,6,2692,2,18000,1.00222882615
510964,510970,513732,6,2762,2,18000,1.00217233888
511164,511170,513949,6,2779,2,18000,1.00215905002
511183,511189,513890,6,2701,2,18000,1.00222139948
511236,511242,514001,6,2759,2,18000,1.00217470098
511264,511270,514061,6,2791,2,18000,1.00214976711
511381,511387,514188,6,2801,2,18000,1.00214209211
511382,511393,513976,11,2583,2,18000,1.00425861401
511441,511447,514244,6,2797,2,18000,1.00214515552
511457,511463,514145,6,2682,2,18000,1.00223713647
511473,511479,514190,6,2711,2,18000,1.00221320546
511507,511514,514386,7,2872,2,18000,1.00243732591
511545,511551,511554,6,3,2,300,1.0
511566,511572,511587,6,15,2,300,1.4
511597,511603,511634,6,31,2,360,1.1935483871
511607,511613,514384,6,2771,2,18000,1.00216528329
511629,511635,514429,6,2794,2,18000,1.00214745884
511650,511656,511965,6,309,2,300,1.01941747573
511690,511696,514482,6,2786,2,18000,1.00215362527
511730,511737,514429,7,2692,2,18000,1.00260029718
511747,511753,514597,6,2844,2,18000,1.00210970464
511769,511775,514556,6,2781,2,18000,1.0021574973
511790,511796,514438,6,2642,2,18000,1.00227100681
511809,511815,514540,6,2725,2,18000,1.00220183486
511828,511834,514635,6,2801,2,18000,1.00214209211
511843,511849,514621,6,2772,2,18000,1.00216450216
511859,511865,514430,6,2565,2,18000,1.00233918129
511914,511920,514695,6,2775,2,18000,1.00216216216
511952,511958,514803,6,2845,2,18000,1.00210896309
511969,511976,512021,7,45,2,360,1.15555555556
511978,511984,514805,6,2821,2,18000,1.00212690535
511979,511990,514665,11,2675,2,18000,1.00411214953
511995,512001,514799,6,2798,2,18000,1.00214438885
512033,512039,514773,6,2734,2,18000,1.00219458669
512035,512045,512067,10,22,2,300,1.45454545455
512049,512055,514760,6,2705,2,18000,1.0022181146
512078,512085,512120,7,35,2,300,1.2
512134,512141,512169,7,28,2,300,1.25
512178,512185,512495,7,310,2,300,1.02258064516
512222,512228,515010,6,2782,2,18000,1.00215672178
512224,512234,515027,10,2793,2,18000,1.00358037952
512388,512394,515193,6,2799,2,18000,1.00214362272
512510,512517,512641,7,124,2,360,1.0564516129
512582,512588,515364,6,2776,2,18000,1.00216138329
512598,512604,515325,6,2721,2,18000,1.00220507166
513174,513181,515954,7,2773,2,18000,1.00252434187
513634,513640,516266,6,2626,2,18000,1.00228484387
513732,513738,516537,6,2799,2,18000,1.00214362272
513747,513753,516592,6,2839,2,18000,1.00211342022
513893,513899,516582,6,2683,2,18000,1.00223630265
513952,513958,516672,6,2714,2,18000,1.00221075903
513977,513983,516628,6,2645,2,18000,1.002268431
514005,514011,516852,6,2841,2,18000,1.00211193242
514064,514070,516818,6,2748,2,18000,1.00218340611
514148,514154,516931,6,2777,2,18000,1.00216060497
514189,514195,516981,6,2786,2,18000,1.00215362527
514204,514210,517040,6,2830,2,18000,1.00212014134
514248,514254,516984,6,2730,2,18000,1.0021978022
514387,514393,517189,6,2796,2,18000,1.00214592275
514388,514399,517272,11,2873,2,18000,1.00382875044
514434,514440,517328,6,2888,2,18000,1.00207756233
514435,514446,517158,11,2712,2,18000,1.0040560472
514436,514451,517239,15,2788,2,18000,1.00538020086
514453,514459,517264,6,2805,2,18000,1.00213903743
514484,514490,517214,6,2724,2,18000,1.00220264317
514543,514549,517173,6,2624,2,18000,1.00228658537
514558,514565,517383,7,2818,2,18000,1.00248403123
514600,514606,517198,6,2592,2,18000,1.00231481481
514625,514631,517431,6,2800,2,18000,1.00214285714
514641,514647,517354,6,2707,2,18000,1.0022164758
514666,514672,517468,6,2796,2,18000,1.00214592275
514698,514704,517488,6,2784,2,18000,1.00215517241
514763,514769,517528,6,2759,2,18000,1.00217470098
514779,514785,517486,6,2701,2,18000,1.00222139948
514801,514808,517594,7,2786,2,18000,1.00251256281
514817,514823,517598,6,2775,2,18000,1.00216216216
514818,514829,517637,11,2808,2,18000,1.00391737892
515014,515020,517783,6,2763,2,18000,1.00217155266
515030,515036,517719,6,2683,2,18000,1.00223630265
515195,515201,517988,6,2787,2,18000,1.00215285253
515269,515275,519421,6,4146,56,144000,1.001447178
515329,515335,518196,6,2861,2,18000,1.00209716882
515367,515373,518177,6,2804,2,18000,1.00213980029
515956,515962,518759,6,2797,2,18000,1.00214515552
516267,516273,519054,6,2781,2,18000,1.0021574973
516541,516547,519329,6,2782,2,18000,1.00215672178
516585,516591,519420,6,2829,2,18000,1.00212089077
516600,516606,519417,6,2811,2,18000,1.00213447172
516629,516635,519222,6,2587,2,18000,1.00231928875
516675,516682,519402,7,2720,2,18000,1.00257352941
516822,516828,519626,6,2798,2,18000,1.00214438885
516853,516859,519604,6,2745,2,18000,1.00218579235
516934,516940,519624,6,2684,2,18000,1.00223546945
516984,516990,519696,6,2706,2,18000,1.0022172949
516999,517005,519795,6,2790,2,18000,1.00215053763
517043,517049,519849,6,2800,2,18000,1.00214285714
517160,517167,519962,7,2795,2,18000,1.00250447227
517176,517182,519985,6,2803,2,18000,1.00214056368
517192,517198,519981,6,2783,2,18000,1.00215594682
517208,517214,520047,6,2833,2,18000,1.00211789622
517223,517229,519880,6,2651,2,18000,1.00226329687
517242,517248,520039,6,2791,2,18000,1.00214976711
517267,517273,519896,6,2623,2,18000,1.00228745711
517282,517288,520110,6,2822,2,18000,1.00212615167
517332,517338,520020,6,2682,2,18000,1.00223713647
517357,517363,520208,6,2845,2,18000,1.00210896309
517385,517391,520131,6,2740,2,18000,1.00218978102
517436,517442,520212,6,2770,2,18000,1.00216606498
517470,517476,520278,6,2802,2,18000,1.00214132762
517489,517496,520348,7,2852,2,18000,1.00245441795
517491,517502,520274,11,2772,2,18000,1.00396825397
517529,517536,520279,7,2743,2,18000,1.00255195042
517598,517604,520394,6,2790,2,18000,1.00215053763
517600,517610,520386,10,2776,2,18000,1.00360230548
517641,517648,520430,7,2782,2,18000,1.00251617541
517723,517729,520508,6,2779,2,18000,1.00215905002
517785,517791,520559,6,2768,2,18000,1.00216763006
517989,517995,520793,6,2798,2,18000,1.00214438885
518178,518184,521065,6,2881,2,18000,1.0020826102
518197,518203,521003,6,2800,2,18000,1.00214285714
518255,519433,520475,1178,1042,16,10800,2.13051823417
518260,519438,520475,1178,1037,16,10800,2.13596914176
518263,519443,520475,1180,1032,16,10800,2.14341085271
518761,518767,521467,6,2700,2,18000,1.00222222222
519055,519061,521895,6,2834,2,18000,1.00211714891
519225,519231,521894,6,2663,2,18000,1.00225309801
519331,519337,522206,6,2869,2,18000,1.00209132102
519403,519409,522047,6,2638,2,18000,1.00227445034
519419,519425,522178,6,2753,2,18000,1.00217944061
519434,519449,522207,15,2758,2,18000,1.00543872371
519608,519614,522402,6,2788,2,18000,1.00215208034
519623,519629,522389,6,2760,2,18000,1.00217391304
519639,519645,522522,6,2877,2,18000,1.00208550574
519698,519704,522393,6,2689,2,18000,1.00223131276
519797,519803,522605,6,2802,2,18000,1.00214132762
519850,519857,522621,7,2764,2,18000,1.00253256151
519882,519888,522601,6,2713,2,18000,1.0022115739
519898,519904,522741,6,2837,2,18000,1.00211491012
519964,519970,522643,6,2673,2,18000,1.00224466891
519983,519989,522799,6,2810,2,18000,1.00213523132
519998,520004,522812,6,2808,2,18000,1.00213675214
520023,520029,522802,6,2773,2,18000,1.0021637216
520042,520048,522875,6,2827,2,18000,1.00212239123
520057,520063,522941,6,2878,2,18000,1.0020847811
520113,520119,522859,6,2740,2,18000,1.00218978102
520132,520139,522991,7,2852,2,18000,1.00245441795
520211,520217,522950,6,2733,2,18000,1.00219538968
520226,520232,523020,6,2788,2,18000,1.00215208034
520276,520282,523105,6,2823,2,18000,1.00212539851
520292,520298,522976,6,2678,2,18000,1.00224047797
520293,520304,523053,11,2749,2,18000,1.00400145507
520351,520357,523164,6,2807,2,18000,1.00213751336
520388,520394,523211,6,2817,2,18000,1.00212992545
520404,520410,523285,6,2875,2,18000,1.00208695652
520432,520438,523238,6,2800,2,18000,1.00214285714
520510,520516,523215,6,2699,2,18000,1.00222304557
520563,520569,523283,6,2714,2,18000,1.00221075903
520795,520801,523407,6,2606,2,18000,1.00230237913
521006,521012,523807,6,2795,2,18000,1.00214669052
521069,521075,523667,6,2592,2,18000,1.00231481481
521469,521475,524223,6,2748,2,18000,1.00218340611
521898,521904,524660,6,2756,2,18000,1.00217706821
521900,521910,524642,10,2732,2,18000,1.00366032211
522048,522054,524926,6,2872,2,18000,1.00208913649
522181,522187,524890,6,2703,2,18000,1.00221975583
522210,522216,524956,6,2740,2,18000,1.00218978102
522211,522222,525033,11,2811,2,18000,1.00391319815
522392,522398,525294,6,2896,2,18000,1.0020718232
522408,522413,525220,5,2807,2,18000,1.00178126113
522409,522420,525247,11,2827,2,18000,1.00389105058
522524,522530,525342,6,2812,2,18000,1.00213371266
522605,522612,525362,7,2750,2,18000,1.00254545455
522621,522627,525460,6,2833,2,18000,1.00211789622
522622,522633,525434,11,2801,2,18000,1.00392716887
522644,522650,525480,6,2830,2,18000,1.00212014134
522742,522749,525517,7,2768,2,18000,1.00252890173
522803,522809,525675,6,2866,2,18000,1.00209351012
522804,522815,525611,11,2796,2,18000,1.0039341917
522820,522826,525481,6,2655,2,18000,1.00225988701
522861,522867,525584,6,2717,2,18000,1.002208318
522876,522882,525705,6,2823,2,18000,1.00212539851
522945,522951,525658,6,2707,2,18000,1.0022164758
522960,522967,525744,7,2777,2,18000,1.0025207058
522980,522986,525788,6,2802,2,18000,1.00214132762
522995,523001,525802,6,2801,2,18000,1.00214209211
523023,523029,525850,6,2821,2,18000,1.00212690535
523055,523061,525933,6,2872,2,18000,1.00208913649
523108,523114,525908,6,2794,2,18000,1.00214745884
523167,523173,526066,6,2893,2,18000,1.00207397166
523213,523220,526017,7,2797,2,18000,1.00250268144
523230,523236,526101,6,2865,2,18000,1.00209424084
523245,523251,526017,6,2766,2,18000,1.0021691974
523286,523292,526098,6,2806,2,18000,1.00213827512
523287,523298,526117,11,2819,2,18000,1.00390209294
523318,523325,527482,7,4157,16,10800,1.00168390666
523321,523331,527661,10,4330,16,10800,1.00230946882
523411,523417,526185,6,2768,2,18000,1.00216763006
523668,523674,526459,6,2785,2,18000,1.00215439856
523808,523814,526568,6,2754,2,18000,1.00217864924
524224,524230,527008,6,2778,2,18000,1.00215982721
524644,524650,527458,6,2808,2,18000,1.00213675214
524663,524669,527442,6,2773,2,18000,1.0021637216
524891,524897,527559,6,2662,2,18000,1.0022539444
524928,524934,527533,6,2599,2,18000,1.00230858022
524959,524965,527742,6,2777,2,18000,1.00216060497
525036,525042,527837,6,2795,2,18000,1.00214669052
525223,525229,528026,6,2797,2,18000,1.00214515552
525248,525255,528149,7,2894,2,18000,1.00241879751
525296,525302,528115,6,2813,2,18000,1.00213295414
525345,525351,528148,6,2797,2,18000,1.00214515552
525364,525370,528094,6,2724,2,18000,1.00220264317
525438,525444,528152,6,2708,2,18000,1.00221565731
525462,525469,528215,7,2746,2,18000,1.00254916242
525482,525488,528385,6,2897,2,18000,1.00207110804
525483,525494,528299,11,2805,2,18000,1.00392156863
525521,525527,528280,6,2753,2,18000,1.00217944061
525586,525592,528370,6,2778,2,18000,1.00215982721
525614,525620,528410,6,2790,2,18000,1.00215053763
525660,525667,528492,7,2825,2,18000,1.00247787611
525679,525685,528519,6,2834,2,18000,1.00211714891
525707,525713,528441,6,2728,2,18000,1.00219941349
525747,525754,528590,7,2836,2,18000,1.00246826516
525791,525797,528366,6,2569,2,18000,1.00233553912
525807,525813,528610,6,2797,2,18000,1.00214515552
525853,525859,528756,6,2897,2,18000,1.00207110804
525909,525916,528633,7,2717,2,18000,1.002576371
525934,525940,528665,6,2725,2,18000,1.00220183486
526018,526025,528689,7,2664,2,18000,1.00262762763
526020,526031,528718,11,2687,2,18000,1.00409378489
526070,526076,528918,6,2842,2,18000,1.0021111893
526101,526107,528975,6,2868,2,18000,1.00209205021
526102,526113,528822,11,2709,2,18000,1.00406053894
526118,526124,528926,6,2802,2,18000,1.00214132762
526186,526193,529004,7,2811,2,18000,1.002490217
526461,526467,529273,6,2806,2,18000,1.00213827512
526571,526577,529252,6,2675,2,18000,1.00224299065
527010,527016,529845,6,2829,2,18000,1.00212089077
527446,527452,530152,6,2700,2,18000,1.00222222222
527461,527468,530291,7,2823,2,18000,1.0024796316
527536,527543,530345,7,2802,2,18000,1.00249821556
527561,527567,530270,6,2703,2,18000,1.00221975583
527744,527750,530420,6,2670,2,18000,1.00224719101
527841,527847,530550,6,2703,2,18000,1.00221975583
528027,528033,530727,6,2694,2,18000,1.00222717149
528095,528102,530781,7,2679,2,18000,1.00261291527
528118,528124,530865,6,2741,2,18000,1.00218898212
528150,528156,530964,6,2808,2,18000,1.00213675214
528151,528162,530931,11,2769,2,18000,1.00397255327
528167,528173,530879,6,2706,2,18000,1.0022172949
528217,528224,531054,7,2830,2,18000,1.00247349823
528283,528289,531089,6,2800,2,18000,1.00214285714
528302,528308,531086,6,2778,2,18000,1.00215982721
528367,528374,531024,7,2650,2,18000,1.00264150943
528383,528390,531172,7,2782,2,18000,1.00251617541
528400,528406,531114,6,2708,2,18000,1.00221565731
528416,528422,531089,6,2667,2,18000,1.00224971879
528444,528450,531222,6,2772,2,18000,1.00216450216
528494,528501,531296,7,2795,2,18000,1.00250447227
528520,528526,531217,6,2691,2,18000,1.0022296544
528592,528598,531404,6,2806,2,18000,1.00213827512
528611,528617,531367,6,2750,2,18000,1.00218181818
528636,528643,531421,7,2778,2,18000,1.00251979842
528668,528674,531463,6,2789,2,18000,1.00215130871
528694,528700,531440,6,2740,2,18000,1.00218978102
528722,528728,531518,6,2790,2,18000,1.00215053763
528760,528766,531606,6,2840,2,18000,1.00211267606
528826,528832,531562,6,2730,2,18000,1.0021978022
528922,528928,531796,6,2868,2,18000,1.00209205021
528938,528944,531711,6,2767,2,18000,1.00216841344
528979,528985,531779,6,2794,2,18000,1.00214745884
529007,529014,531787,7,2773,2,18000,1.00252434187
529256,529262,531961,6,2699,2,18000,1.00222304557
529274,529281,532115,7,2834,2,18000,1.00247000706
529849,529855,532623,6,2768,2,18000,1.00216763006
530155,530161,533007,6,2846,2,18000,1.00210822207
530274,530280,532983,6,2703,2,18000,1.00221975583
530293,530299,533124,6,2825,2,18000,1.00212389381
530346,530352,533133,6,2781,2,18000,1.0021574973
530422,530428,533120,6,2692,2,18000,1.00222882615
530552,530558,533374,6,2816,2,18000,1.00213068182
530725,530731,533431,6,2700,2,18000,1.00222222222
530785,530791,533594,6,2803,2,18000,1.00214056368
530866,530872,533524,6,2652,2,18000,1.00226244344
530882,530888,533668,6,2780,2,18000,1.00215827338
530932,530938,533796,6,2858,2,18000,1.00209937019
530967,530973,533693,6,2720,2,18000,1.00220588235
531027,531033,533777,6,2744,2,18000,1.00218658892
531055,531061,533887,6,2826,2,18000,1.00212314225
531087,531093,533770,6,2677,2,18000,1.0022413149
531103,531109,533799,6,2690,2,18000,1.00223048327
531104,531115,533874,11,2759,2,18000,1.00398695179
531120,531127,533853,7,2726,2,18000,1.002567865
531174,531180,533992,6,2812,2,18000,1.00213371266
531219,531226,533982,7,2756,2,18000,1.00253991292
531235,531242,533902,7,2660,2,18000,1.00263157895
531299,531305,534143,6,2838,2,18000,1.0021141649
531368,531374,534186,6,2812,2,18000,1.00213371266
531407,531413,534186,6,2773,2,18000,1.0021637216
531424,531430,534174,6,2744,2,18000,1.00218658892
531443,531449,534259,6,2810,2,18000,1.00213523132
531466,531472,534292,6,2820,2,18000,1.00212765957
531520,531526,534371,6,2845,2,18000,1.00210896309
531566,531572,534338,6,2766,2,18000,1.0021691974
531607,531613,534384,6,2771,2,18000,1.00216528329
531713,531719,534429,6,2710,2,18000,1.00221402214
531783,531789,534525,6,2736,2,18000,1.00219298246
531784,531795,534499,11,2704,2,18000,1.00406804734
531801,531807,534648,6,2841,2,18000,1.00211193242
531965,531971,534744,6,2773,2,18000,1.0021637216
532119,532125,534927,6,2802,2,18000,1.00214132762
532630,532636,535464,6,2828,2,18000,1.00212164074
532986,532992,535716,6,2724,2,18000,1.00220264317
533008,533014,535809,6,2795,2,18000,1.00214669052
533122,533133,535679,11,2546,2,18000,1.00432050275
533137,533144,535923,7,2779,2,18000,1.00251889169
533139,533150,535853,11,2703,2,18000,1.00406955235
533376,533383,536260,7,2877,2,18000,1.00243309002
533433,533439,536222,6,2783,2,18000,1.00215594682
533525,533532,536322,7,2790,2,18000,1.00250896057
533597,533603,536417,6,2814,2,18000,1.00213219616
533669,533675,536413,6,2738,2,18000,1.00219138057
533697,533703,536548,6,2845,2,18000,1.00210896309
533772,533778,536568,6,2790,2,18000,1.00215053763
533788,533794,536529,6,2735,2,18000,1.00219378428
533804,533810,536621,6,2811,2,18000,1.00213447172
533805,533816,536521,11,2705,2,18000,1.00406654344
533855,533861,536646,6,2785,2,18000,1.00215439856
533877,533884,536685,7,2801,2,18000,1.00249910746
533893,533899,536705,6,2806,2,18000,1.00213827512
533909,533915,536718,6,2803,2,18000,1.00214056368
533986,533992,536832,6,2840,2,18000,1.00211267606
534002,534008,536720,6,2712,2,18000,1.00221238938
534144,534150,537024,6,2874,2,18000,1.00208768267
534176,534182,536849,6,2667,2,18000,1.00224971879
534192,534198,537023,6,2825,2,18000,1.00212389381
534193,534204,536997,11,2793,2,18000,1.00393841747
534263,534269,537027,6,2758,2,18000,1.00217548949
534294,534300,537101,6,2801,2,18000,1.00214209211
534340,534347,537140,7,2793,2,18000,1.00250626566
534375,534381,537098,6,2717,2,18000,1.002208318
534390,534396,537196,6,2800,2,18000,1.00214285714
534431,534437,537185,6,2748,2,18000,1.00218340611
534503,534509,537213,6,2704,2,18000,1.00221893491
534528,534534,537310,6,2776,2,18000,1.00216138329
534650,534656,537510,6,2854,2,18000,1.00210231254
534747,534753,537565,6,2812,2,18000,1.00213371266
534928,534934,537777,6,2843,2,18000,1.00211044671
535467,535474,538236,7,2762,2,18000,1.00253439537
535681,535687,538418,6,2731,2,18000,1.00219699744
535718,535724,538513,6,2789,2,18000,1.00215130871
535810,535816,538586,6,2770,2,18000,1.00216606498
535854,535860,538649,6,2789,2,18000,1.00215130871
535925,535931,538623,6,2692,2,18000,1.00222882615
536224,536230,539041,6,2811,2,18000,1.00213447172
536264,536270,538950,6,2680,2,18000,1.00223880597
536323,536330,539129,7,2799,2,18000,1.00250089318
536417,536423,539264,6,2841,2,18000,1.00211193242
536418,536429,539207,11,2778,2,18000,1.00395968323
536525,536531,539165,6,2634,2,18000,1.00227790433
536541,536547,539409,6,2862,2,18000,1.00209643606
536556,536562,539324,6,2762,2,18000,1.00217233888
536572,536578,539358,6,2780,2,18000,1.00215827338
536624,536630,539427,6,2797,2,18000,1.00214515552
536650,536656,539404,6,2748,2,18000,1.00218340611
536687,536693,539501,6,2808,2,18000,1.00213675214
536709,536715,539485,6,2770,2,18000,1.00216606498
536725,536731,539604,6,2873,2,18000,1.00208840933
536726,536737,539412,11,2675,2,18000,1.00411214953
536835,536842,539604,7,2762,2,18000,1.00253439537
536851,536857,539670,6,2813,2,18000,1.00213295414
537000,537006,539790,6,2784,2,18000,1.00215517241
537026,537032,539827,6,2795,2,18000,1.00214669052
537027,537038,539643,11,2605,2,18000,1.00422264875
537043,537050,539841,7,2791,2,18000,1.00250806163
537104,537109,539864,5,2755,2,18000,1.00181488203
537105,537115,539791,10,2676,2,18000,1.00373692078
537142,537148,539919,6,2771,2,18000,1.00216528329
537189,537195,539964,6,2769,2,18000,1.00216684724
537204,537210,540023,6,2813,2,18000,1.00213295414
537220,537226,540020,6,2794,2,18000,1.00214745884
537313,537319,540126,6,2807,2,18000,1.00213751336
537513,537519,540204,6,2685,2,18000,1.00223463687
537569,537575,540383,6,2808,2,18000,1.00213675214
537780,537787,540600,7,2813,2,18000,1.0024884465
538240,538246,541043,6,2797,2,18000,1.00214515552
538421,538427,541111,6,2684,2,18000,1.00223546945
538515,538521,541170,6,2649,2,18000,1.00226500566
538589,538595,541408,6,2813,2,18000,1.00213295414
538626,538633,541420,7,2787,2,18000,1.00251166128
538652,538658,541432,6,2774,2,18000,1.0021629416
538953,538959,541675,6,2716,2,18000,1.00220913108
539043,539049,541862,6,2813,2,18000,1.00213295414
539133,539139,541951,6,2812,2,18000,1.00213371266
539167,539174,541997,7,2823,2,18000,1.0024796316
539208,539214,541955,6,2741,2,18000,1.00218898212
539267,539273,541987,6,2714,2,18000,1.00221075903
539326,539332,541999,6,2667,2,18000,1.00224971879
539360,539366,541924,6,2558,2,18000,1.00234558249
539406,539412,542161,6,2749,2,18000,1.00218261186
539422,539429,542157,7,2728,2,18000,1.0025659824
539424,539435,542228,11,2793,2,18000,1.00393841747
539439,539445,542139,6,2694,2,18000,1.00222717149
539487,539493,542311,6,2818,2,18000,1.00212916962
539504,539510,542337,6,2827,2,18000,1.00212239123
539608,539614,542340,6,2726,2,18000,1.00220102715
539609,539620,542244,11,2624,2,18000,1.00419207317
539647,539653,542277,6,2624,2,18000,1.00228658537
539672,539678,542343,6,2665,2,18000,1.00225140713
539791,539798,542647,7,2849,2,18000,1.00245700246
539793,539804,542596,11,2792,2,18000,1.00393982808
539831,539837,542647,6,2810,2,18000,1.00213523132
539846,539853,542525,7,2672,2,18000,1.00261976048
539868,539874,542686,6,2812,2,18000,1.00213371266
539921,539927,542735,6,2808,2,18000,1.00213675214
539967,539973,542773,6,2800,2,18000,1.00214285714
540023,540030,542762,7,2732,2,18000,1.00256222548
540025,540036,542883,11,2847,2,18000,1.00386371619
540128,540134,542806,6,2672,2,18000,1.00224550898
540202,540208,543032,6,2824,2,18000,1.00212464589
540385,540391,543248,6,2857,2,18000,1.00210010501
540604,540610,543430,6,2820,2,18000,1.00212765957
541045,541052,543886,7,2834,2,18000,1.00247000706
541112,541118,543965,6,2847,2,18000,1.00210748156
541174,541180,543972,6,2792,2,18000,1.00214899713
541411,541417,544244,6,2827,2,18000,1.00212239123
541426,541432,544242,6,2810,2,18000,1.00213523132
541442,541448,544286,6,2838,2,18000,1.0021141649
541676,541682,544435,6,2753,2,18000,1.00217944061
541865,541870,544584,5,2714,2,18000,1.00184229919
541927,541933,544717,6,2784,2,18000,1.00215517241
541953,541959,544720,6,2761,2,18000,1.00217312568
541968,541974,544820,6,2846,2,18000,1.00210822207
541991,541997,544825,6,2828,2,18000,1.00212164074
542007,542013,544645,6,2632,2,18000,1.00227963526
542008,542019,544852,11,2833,2,18000,1.00388280974
542140,542146,544937,6,2791,2,18000,1.00214976711
542159,542165,544972,6,2807,2,18000,1.00213751336
542175,542181,544980,6,2799,2,18000,1.00214362272
542231,542237,545052,6,2815,2,18000,1.00213143872
542247,542253,544765,6,2512,2,18000,1.00238853503
542278,542284,545066,6,2782,2,18000,1.00215672178
542312,542318,545216,6,2898,2,18000,1.00207039337
542341,542347,545143,6,2796,2,18000,1.00214592275
542342,542353,545130,11,2777,2,18000,1.00396110911
542358,542364,545055,6,2691,2,18000,1.0022296544
542527,542533,545306,6,2773,2,18000,1.0021637216
542599,542605,545319,6,2714,2,18000,1.00221075903
542649,542655,545336,6,2681,2,18000,1.00223797091
542651,542661,545460,10,2799,2,18000,1.00357270454
542688,542694,545483,6,2789,2,18000,1.00215130871
542738,542744,545528,6,2784,2,18000,1.00215517241
542762,542769,545464,7,2695,2,18000,1.0025974026
542778,542784,545586,6,2802,2,18000,1.00214132762
542807,542813,545627,6,2814,2,18000,1.00213219616
542884,542890,545633,6,2743,2,18000,1.00218738607
543033,543039,545738,6,2699,2,18000,1.00222304557
543251,543258,546000,7,2742,2,18000,1.00255288111
543432,543438,546222,6,2784,2,18000,1.00215517241
543890,543896,546612,6,2716,2,18000,1.00220913108
543968,543974,546803,6,2829,2,18000,1.00212089077
543984,543990,546803,6,2813,2,18000,1.00213295414
544244,544250,547015,6,2765,2,18000,1.00216998192
544260,544266,547129,6,2863,2,18000,1.00209570381
544287,544294,547128,7,2834,2,18000,1.00247000706
544438,544444,547216,6,2772,2,18000,1.00216450216
544585,544591,547397,6,2806,2,18000,1.00213827512
544648,544654,547497,6,2843,2,18000,1.00211044671
544719,544726,547400,7,2674,2,18000,1.00261780105
544736,544742,547502,6,2760,2,18000,1.00217391304
544767,544773,547561,6,2788,2,18000,1.00215208034
544823,544829,547387,6,2558,2,18000,1.00234558249
544839,544845,547648,6,2803,2,18000,1.00214056368
544854,544860,547640,6,2780,2,18000,1.00215827338
544938,544944,547796,6,2852,2,18000,1.00210378682
544976,544982,547662,6,2680,2,18000,1.00223880597
544992,544998,547847,6,2849,2,18000,1.00210600211
545054,545061,547757,7,2696,2,18000,1.00259643917
545071,545077,547857,6,2780,2,18000,1.00215827338
545072,545083,547871,11,2788,2,18000,1.00394548063
545132,545138,548008,6,2870,2,18000,1.00209059233
545148,545154,547985,6,2831,2,18000,1.00211939244
545219,545225,547968,6,2743,2,18000,1.00218738607
545308,545315,548084,7,2769,2,18000,1.00252798844
545324,545330,548105,6,2775,2,18000,1.00216216216
545340,545346,548160,6,2814,2,18000,1.00213219616
545465,545471,548102,6,2631,2,18000,1.00228050171
545467,545477,548270,10,2793,2,18000,1.00358037952
545486,545492,548388,6,2896,2,18000,1.0020718232
545529,545535,548258,6,2723,2,18000,1.00220345207
545589,545595,548424,6,2829,2,18000,1.00212089077
545629,545636,548405,7,2769,2,18000,1.00252798844
545645,545651,548390,6,2739,2,18000,1.0021905805
545742,545748,548518,6,2770,2,18000,1.00216606498
546001,546008,548686,7,2678,2,18000,1.00261389096
546225,546231,549019,6,2788,2,18000,1.00215208034
546613,546620,549424,7,2804,2,18000,1.00249643367
546804,546811,549661,7,2850,2,18000,1.00245614035
546806,546816,549642,10,2826,2,18000,1.00353857042
547016,547023,549838,7,2815,2,18000,1.00248667851
547131,547137,549912,6,2775,2,18000,1.00216216216
547133,547143,549798,10,2655,2,18000,1.00376647834
547219,547225,550072,6,2847,2,18000,1.00210748156
547389,547395,550071,6,2676,2,18000,1.00224215247
547405,547411,550184,6,2773,2,18000,1.0021637216
547406,547417,550083,11,2666,2,18000,1.00412603151
547500,547506,550279,6,2773,2,18000,1.0021637216
547516,547522,550278,6,2756,2,18000,1.00217706821
547562,547568,550377,6,2809,2,18000,1.00213599146
547643,547650,550450,7,2800,2,18000,1.0025
547659,547665,550401,6,2736,2,18000,1.00219298246
547660,547671,550554,11,2883,2,18000,1.00381547
547753,547760,550531,7,2771,2,18000,1.00252616384
547798,547804,550627,6,2823,2,18000,1.00212539851
547849,547855,550702,6,2847,2,18000,1.00210748156
547864,547871,550715,7,2844,2,18000,1.00246132208
547880,547886,550720,6,2834,2,18000,1.00211714891
547969,547975,550646,6,2671,2,18000,1.00224634968
547988,547995,550641,7,2646,2,18000,1.00264550265
548010,548017,550792,7,2775,2,18000,1.00252252252
548086,548092,550814,6,2722,2,18000,1.00220426157
548106,548112,550787,6,2675,2,18000,1.00224299065
548107,548118,550890,11,2772,2,18000,1.00396825397
548161,548167,550935,6,2768,2,18000,1.00216763006
548259,548265,550881,6,2616,2,18000,1.00229357798
548275,548281,550998,6,2717,2,18000,1.002208318
548391,548398,551213,7,2815,2,18000,1.00248667851
548393,548404,551088,11,2684,2,18000,1.00409836066
548408,548415,551050,7,2635,2,18000,1.00265654649
548427,548433,551267,6,2834,2,18000,1.00211714891
548520,548527,551229,7,2702,2,18000,1.00259067358
548688,548694,551431,6,2737,2,18000,1.00219218122
549023,549029,551763,6,2734,2,18000,1.00219458669
549428,549434,552244,6,2810,2,18000,1.00213523132
549645,549651,552363,6,2712,2,18000,1.00221238938
549664,549670,552404,6,2734,2,18000,1.00219458669
549801,549807,552587,6,2780,2,18000,1.00215827338
549842,549848,552654,6,2806,2,18000,1.00213827512
549914,549920,552759,6,2839,2,18000,1.00211342022
550075,550081,552944,6,2863,2,18000,1.00209570381
550076,550087,552809,11,2722,2,18000,1.00404114622
550092,550098,552880,6,2782,2,18000,1.00215672178
550186,550192,552983,6,2791,2,18000,1.00214976711
550217,550224,554686,7,4462,32,21600,1.00156880323
550281,550287,552930,6,2643,2,18000,1.00227014756
550282,550293,552974,11,2681,2,18000,1.00410294666
550378,550385,553230,7,2845,2,18000,1.00246045694
550404,550410,553128,6,2718,2,18000,1.00220750552
550451,550457,553223,6,2766,2,18000,1.0021691974
550533,550539,553333,6,2794,2,18000,1.00214745884
550556,550562,553352,6,2790,2,18000,1.00215053763
550631,550637,553405,6,2768,2,18000,1.00216763006
550647,550653,553392,6,2739,2,18000,1.0021905805
550648,550659,553239,11,2580,2,18000,1.00426356589
550706,550712,553408,6,2696,2,18000,1.00222551929
550723,550729,553466,6,2737,2,18000,1.00219218122
550724,550735,553515,11,2780,2,18000,1.00395683453
550787,550793,553555,6,2762,2,18000,1.00217233888
550803,550809,553571,6,2762,2,18000,1.00217233888
550820,550825,553677,5,2852,2,18000,1.00175315568
550884,550890,553550,6,2660,2,18000,1.0022556391
550899,550906,553711,7,2805,2,18000,1.00249554367
550939,550945,553672,6,2727,2,18000,1.00220022002
551002,551008,553869,6,2861,2,18000,1.00209716882
551053,551059,553901,6,2842,2,18000,1.0021111893
551091,551098,553933,7,2835,2,18000,1.0024691358
551216,551222,553964,6,2742,2,18000,1.00218818381
551232,551238,553981,6,2743,2,18000,1.00218738607
551270,551276,554046,6,2770,2,18000,1.00216606498
551432,551438,554251,6,2813,2,18000,1.00213295414
551766,551772,554584,6,2812,2,18000,1.00213371266
552246,552252,555005,6,2753,2,18000,1.00217944061
552365,552371,555204,6,2833,2,18000,1.00211789622
552406,552413,555182,7,2769,2,18000,1.00252798844
552592,552598,555378,6,2780,2,18000,1.00215827338
552656,552662,555483,6,2821,2,18000,1.00212690535
552763,552769,555461,6,2692,2,18000,1.00222882615
552811,552817,555629,6,2812,2,18000,1.00213371266
552887,552893,555692,6,2799,2,18000,1.00214362272
552935,552941,555771,6,2830,2,18000,1.00212014134
552951,552957,555625,6,2668,2,18000,1.00224887556
552976,552982,555780,6,2798,2,18000,1.00214438885
552992,552999,555787,7,2788,2,18000,1.0025107604
553134,553140,555829,6,2689,2,18000,1.00223131276
553231,553237,555957,6,2720,2,18000,1.00220588235
553232,553243,556012,11,2769,2,18000,1.00397255327
553252,553259,556034,7,2775,2,18000,1.00252252252
553336,553342,556154,6,2812,2,18000,1.00213371266
553355,553361,556143,6,2782,2,18000,1.00215672178
553394,553400,556192,6,2792,2,18000,1.00214899713
553415,553421,556066,6,2645,2,18000,1.002268431
553416,553427,556275,11,2848,2,18000,1.00386235955
553467,553473,556310,6,2837,2,18000,1.00211491012
553517,553523,556302,6,2779,2,18000,1.00215905002
553549,553556,556247,7,2691,2,18000,1.00260126347
553565,553571,556240,6,2669,2,18000,1.00224803297
553580,553586,556269,6,2683,2,18000,1.00223630265
553675,553681,556369,6,2688,2,18000,1.00223214286
553690,553697,556482,7,2785,2,18000,1.00251346499
553716,553722,556521,6,2799,2,18000,1.00214362272
553872,553878,556723,6,2845,2,18000,1.00210896309
553903,553910,556487,7,2577,2,18000,1.00271633683
553934,553941,556740,7,2799,2,18000,1.00250089318
553966,553972,556844,6,2872,2,18000,1.00208913649
553982,553988,556768,6,2780,2,18000,1.00215827338
554047,554054,556768,7,2714,2,18000,1.00257921887
554253,554260,557059,7,2799,2,18000,1.00250089318
554586,554593,557191,7,2598,2,18000,1.00269438029
555008,555014,557800,6,2786,2,18000,1.00215362527
555185,555191,557922,6,2731,2,18000,1.00219699744
555207,555213,557897,6,2684,2,18000,1.00223546945
555381,555387,558163,6,2776,2,18000,1.00216138329
555465,555471,558250,6,2779,2,18000,1.00215905002
555486,555492,558209,6,2717,2,18000,1.002208318
555626,555632,558416,6,2784,2,18000,1.00215517241
555642,555648,558521,6,2873,2,18000,1.00208840933
555695,555701,558367,6,2666,2,18000,1.00225056264
555774,555780,558599,6,2819,2,18000,1.00212841433
555790,555796,558431,6,2635,2,18000,1.00227703985
555791,555802,558570,11,2768,2,18000,1.00397398844
555832,555838,558704,6,2866,2,18000,1.00209351012
555959,555965,558633,6,2668,2,18000,1.00224887556
556015,556021,558717,6,2696,2,18000,1.00222551929
556037,556043,558802,6,2759,2,18000,1.00217470098
556068,556075,558725,7,2650,2,18000,1.00264150943
556143,556150,558963,7,2813,2,18000,1.0024884465
556159,556165,558969,6,2804,2,18000,1.00213980029
556194,556200,559045,6,2845,2,18000,1.00210896309
556241,556247,559041,6,2794,2,18000,1.00214745884
556256,556262,558919,6,2657,2,18000,1.00225818592
556272,556279,559012,7,2733,2,18000,1.00256128796
556289,556295,558917,6,2622,2,18000,1.00228832952
556304,556310,559097,6,2787,2,18000,1.00215285253
556320,556326,558999,6,2673,2,18000,1.00224466891
556371,556377,559015,6,2638,2,18000,1.00227445034
556483,556489,559176,6,2687,2,18000,1.00223297358
556499,556505,559256,6,2751,2,18000,1.00218102508
556524,556530,559307,6,2777,2,18000,1.00216060497
556726,556732,559479,6,2747,2,18000,1.00218420095
556742,556748,559544,6,2796,2,18000,1.00214592275
556770,556776,559515,6,2739,2,18000,1.0021905805
556772,556782,559521,10,2739,2,18000,1.00365096751
556847,556853,559617,6,2764,2,18000,1.002170767
557061,557067,559787,6,2720,2,18000,1.00220588235
557195,557201,559959,6,2758,2,18000,1.00217548949
557802,557808,560571,6,2763,2,18000,1.00217155266
557901,557907,560685,6,2778,2,18000,1.00215982721
557924,557930,560646,6,2716,2,18000,1.00220913108
558165,558172,560779,7,2607,2,18000,1.00268507863
558212,558218,561031,6,2813,2,18000,1.00213295414
558253,558259,560970,6,2711,2,18000,1.00221320546
558369,558375,561188,6,2813,2,18000,1.00213295414
558417,558423,561173,6,2750,2,18000,1.00218181818
558433,558439,561139,6,2700,2,18000,1.00222222222
558525,558531,561186,6,2655,2,18000,1.00225988701
558572,558578,561384,6,2806,2,18000,1.00213827512
558601,558607,561380,6,2773,2,18000,1.0021637216
558635,558641,561451,6,2810,2,18000,1.00213523132
558706,558713,561488,7,2775,2,18000,1.00252252252
558722,558728,561434,6,2706,2,18000,1.0022172949
558738,558744,561440,6,2696,2,18000,1.00222551929
558803,558809,561496,6,2687,2,18000,1.00223297358
558919,558926,561740,7,2814,2,18000,1.00248756219
558935,558941,561734,6,2793,2,18000,1.00214822771
558967,558973,561675,6,2702,2,18000,1.00222057735
558982,558989,561648,7,2659,2,18000,1.00263256863
558998,559004,561881,6,2877,2,18000,1.00208550574
559014,559020,561804,6,2784,2,18000,1.00215517241
559030,559036,561883,6,2847,2,18000,1.00210748156
559046,559051,561815,5,2764,2,18000,1.0018089725
559047,559057,561738,10,2681,2,18000,1.00372995151
559101,559107,561851,6,2744,2,18000,1.00218658892
559178,559184,562044,6,2860,2,18000,1.0020979021
559260,559266,561939,6,2673,2,18000,1.00224466891
559310,559316,561898,6,2582,2,18000,1.00232378002
559482,559488,562159,6,2671,2,18000,1.00224634968
559517,559523,562341,6,2818,2,18000,1.00212916962
559533,559539,562276,6,2737,2,18000,1.00219218122
559549,559555,562243,6,2688,2,18000,1.00223214286
559620,559627,562422,7,2795,2,18000,1.00250447227
559789,559795,562466,6,2671,2,18000,1.00224634968
559961,559967,562864,6,2897,2,18000,1.00207110804
560573,560579,563350,6,2771,2,18000,1.00216528329
560649,560655,563556,6,2901,2,18000,1.00206825233
560686,560693,563376,7,2683,2,18000,1.00260901975
560782,560789,563546,7,2757,2,18000,1.00253899166
560974,560980,563602,6,2622,2,18000,1.00228832952
561033,561039,563766,6,2727,2,18000,1.00220022002
561143,561149,563910,6,2761,2,18000,1.00217312568
561175,561181,563941,6,2760,2,18000,1.00217391304
561191,561197,563935,6,2738,2,18000,1.00219138057
561192,561203,563952,11,2749,2,18000,1.00400145507
561383,561389,564195,6,2806,2,18000,1.00213827512
561398,561405,564240,7,2835,2,18000,1.0024691358
561436,561442,564224,6,2782,2,18000,1.00215672178
561452,561458,564132,6,2674,2,18000,1.00224382947
561453,561464,564211,11,2747,2,18000,1.0040043684
561491,561497,564349,6,2852,2,18000,1.00210378682
561506,561513,564347,7,2834,2,18000,1.00247000706
561652,561658,564422,6,2764,2,18000,1.002170767
561677,561683,564387,6,2704,2,18000,1.00221893491
561737,561743,564513,6,2770,2,18000,1.00216606498
561753,561759,564495,6,2736,2,18000,1.00219298246
561754,561765,564471,11,2706,2,18000,1.00406504065
561807,561813,564647,6,2834,2,18000,1.00211714891
561823,561829,564619,6,2790,2,18000,1.00215053763
561854,561860,564657,6,2797,2,18000,1.00214515552
561883,561889,564674,6,2785,2,18000,1.00215439856
561884,561895,564693,11,2798,2,18000,1.00393137956
561900,561906,564730,6,2824,2,18000,1.00212464589
561941,561947,564623,6,2676,2,18000,1.00224215247
562047,562053,564689,6,2636,2,18000,1.00227617602
562162,562169,564905,7,2736,2,18000,1.00255847953
562244,562250,565034,6,2784,2,18000,1.00215517241
562279,562285,565036,6,2751,2,18000,1.00218102508
562338,562345,565139,7,2794,2,18000,1.00250536865
562426,562432,565286,6,2854,2,18000,1.00210231254
562470,562476,565386,6,2910,2,18000,1.00206185567
562867,562873,565690,6,2817,2,18000,1.00212992545
563355,563361,566036,6,2675,2,18000,1.00224299065
563380,563386,566002,6,2616,2,18000,1.00229357798
563550,563556,566258,6,2702,2,18000,1.00222057735
563566,563572,566242,6,2670,2,18000,1.00224719101
563603,563609,566322,6,2713,2,18000,1.0022115739
563767,563774,566598,7,2824,2,18000,1.00247875354
563912,563918,566728,6,2810,2,18000,1.00213523132
563937,563944,566631,7,2687,2,18000,1.00260513584
563953,563959,566746,6,2787,2,18000,1.00215285253
563955,563965,566671,10,2706,2,18000,1.0036954915
564134,564140,566980,6,2840,2,18000,1.00211267606
564197,564203,566979,6,2776,2,18000,1.00216138329
564216,564222,566934,6,2712,2,18000,1.00221238938
564232,564238,567043,6,2805,2,18000,1.00213903743
564248,564254,567065,6,2811,2,18000,1.00213447172
564350,564356,567006,6,2650,2,18000,1.00226415094
564352,564362,567169,10,2807,2,18000,1.00356252227
564390,564396,567158,6,2762,2,18000,1.00217233888
564424,564431,567062,7,2631,2,18000,1.00266058533
564475,564481,567184,6,2703,2,18000,1.00221975583
564497,564503,567267,6,2764,2,18000,1.002170767
564515,564522,567283,7,2761,2,18000,1.00253531329
564621,564627,567472,6,2845,2,18000,1.00210896309
564637,564643,567418,6,2775,2,18000,1.00216216216
564653,564659,567400,6,2741,2,18000,1.00218898212
564669,564675,567589,6,2914,2,18000,1.00205902539
564686,564692,567423,6,2731,2,18000,1.00219699744
564702,564708,567379,6,2671,2,18000,1.00224634968
564703,564714,567279,11,2565,2,18000,1.00428849903
564731,564737,567499,6,2762,2,18000,1.00217233888
564906,564912,567626,6,2714,2,18000,1.00221075903
565039,565045,567880,6,2835,2,18000,1.00211640212
565040,565051,567701,11,2650,2,18000,1.0041509434
565140,565146,567934,6,2788,2,18000,1.00215208034
565289,565295,568070,6,2775,2,18000,1.00216216216
565389,565395,568283,6,2888,2,18000,1.00207756233
565692,565698,568518,6,2820,2,18000,1.00212765957
566003,566008,568631,5,2623,2,18000,1.00190621426
566037,566043,568877,6,2834,2,18000,1.00211714891
566244,566250,568979,6,2729,2,18000,1.00219860755
566259,566266,569016,7,2750,2,18000,1.00254545455
566326,566332,569048,6,2716,2,18000,1.00220913108
566602,566608,569323,6,2715,2,18000,1.00220994475
566633,566639,569237,6,2598,2,18000,1.00230946882
566674,566680,569523,6,2843,2,18000,1.00211044671
566732,566738,569455,6,2717,2,18000,1.002208318
566748,566754,569596,6,2842,2,18000,1.0021111893
566935,566942,569744,7,2802,2,18000,1.00249821556
566982,566988,569728,6,2740,2,18000,1.00218978102
566983,566994,569723,11,2729,2,18000,1.00403078051
567008,567014,569754,6,2740,2,18000,1.00218978102
567046,567052,569725,6,2673,2,18000,1.00224466891
567065,567071,569869,6,2798,2,18000,1.00214438885
567066,567077,569867,11,2790,2,18000,1.00394265233
567161,567167,569941,6,2774,2,18000,1.0021629416
567177,567183,569963,6,2780,2,18000,1.00215827338
567192,567199,569997,7,2798,2,18000,1.00250178699
567271,567277,570110,6,2833,2,18000,1.00211789622
567287,567293,570080,6,2787,2,18000,1.00215285253
567288,567299,570011,11,2712,2,18000,1.0040560472
567381,567387,570180,6,2793,2,18000,1.00214822771
567403,567410,570099,7,2689,2,18000,1.00260319821
567420,567426,570166,6,2740,2,18000,1.00218978102
567435,567441,570171,6,2730,2,18000,1.0021978022
567475,567482,570277,7,2795,2,18000,1.00250447227
567500,567507,570234,7,2727,2,18000,1.00256692336
567591,567597,570402,6,2805,2,18000,1.00213903743
567628,567634,570227,6,2593,2,18000,1.0023139221
567703,567710,570507,7,2797,2,18000,1.00250268144
567881,567887,570642,6,2755,2,18000,1.00217785844
567937,567943,570779,6,2836,2,18000,1.00211565585
568073,568079,570808,6,2729,2,18000,1.00219860755
568284,568291,571122,7,2831,2,18000,1.00247262451
568521,568527,571359,6,2832,2,18000,1.00211864407
568633,568640,571454,7,2814,2,18000,1.00248756219
568881,568887,571588,6,2701,2,18000,1.00222139948
568983,568989,571881,6,2892,2,18000,1.0020746888
569017,569023,571736,6,2713,2,18000,1.0022115739
569051,569057,571730,6,2673,2,18000,1.00224466891
569240,569245,572037,5,2792,2,18000,1.00179083095
569325,569332,572084,7,2752,2,18000,1.00254360465
569459,569465,572324,6,2859,2,18000,1.00209863589
569525,569531,572440,6,2909,2,18000,1.00206256446
569599,569605,572319,6,2714,2,18000,1.00221075903
569722,569728,572493,6,2765,2,18000,1.00216998192
569738,569744,572543,6,2799,2,18000,1.00214362272
569739,569750,572455,11,2705,2,18000,1.00406654344
569756,569762,572554,6,2792,2,18000,1.00214899713
569757,569768,572558,11,2790,2,18000,1.00394265233
569869,569875,572553,6,2678,2,18000,1.00224047797
569885,569891,572657,6,2766,2,18000,1.0021691974
569944,569950,572767,6,2817,2,18000,1.00212992545
569966,569972,572882,6,2910,2,18000,1.00206185567
570001,570007,572794,6,2787,2,18000,1.00215285253
570017,570023,572790,6,2767,2,18000,1.00216841344
570082,570088,572900,6,2812,2,18000,1.00213371266
570102,570108,572873,6,2765,2,18000,1.00216998192
570117,570123,572915,6,2792,2,18000,1.00214899713
570167,570173,573028,6,2855,2,18000,1.00210157618
570183,570189,572942,6,2753,2,18000,1.00217944061
570184,570195,572876,11,2681,2,18000,1.00410294666
570229,570235,573060,6,2825,2,18000,1.00212389381
570244,570250,573075,6,2825,2,18000,1.00212389381
570279,570285,573012,6,2727,2,18000,1.00220022002
570403,570409,573159,6,2750,2,18000,1.00218181818
570509,570516,573376,7,2860,2,18000,1.00244755245
570645,570651,573447,6,2796,2,18000,1.00214592275
570780,570787,573597,7,2810,2,18000,1.0024911032
570812,570818,573520,6,2702,2,18000,1.00222057735
571123,571129,573845,6,2716,2,18000,1.00220913108
571361,571367,573969,6,2602,2,18000,1.00230591852
571455,571461,574207,6,2746,2,18000,1.00218499636
571591,571597,574177,6,2580,2,18000,1.0023255814
571732,571738,574495,6,2757,2,18000,1.00217627856
571747,571753,574566,6,2813,2,18000,1.00213295414
571885,571891,574640,6,2749,2,18000,1.00218261186
572040,572046,574720,6,2674,2,18000,1.00224382947
572087,572093,574933,6,2840,2,18000,1.00211267606
572321,572327,575043,6,2716,2,18000,1.00220913108
572336,572343,575122,7,2779,2,18000,1.00251889169
572444,572450,575314,6,2864,2,18000,1.00209497207
572459,572465,575281,6,2816,2,18000,1.00213068182
572495,572501,575310,6,2809,2,18000,1.00213599146
572545,572551,575227,6,2676,2,18000,1.00224215247
572561,572567,575409,6,2842,2,18000,1.0021111893
572563,572573,575375,10,2802,2,18000,1.00356887937
572564,572578,575241,14,2663,2,18000,1.00525722869
572660,572666,575389,6,2723,2,18000,1.00220345207
572771,572777,575562,6,2785,2,18000,1.00215439856
572793,572799,575580,6,2781,2,18000,1.0021574973
572809,572815,575595,6,2780,2,18000,1.00215827338
572876,572882,575410,6,2528,2,18000,1.00237341772
572892,572899,575733,7,2834,2,18000,1.00247000706
572894,572904,575776,10,2872,2,18000,1.00348189415
572909,572915,575482,6,2567,2,18000,1.00233735878
572925,572931,575634,6,2703,2,18000,1.00221975583
572943,572949,575747,6,2798,2,18000,1.00214438885
573015,573021,575806,6,2785,2,18000,1.00215439856
573030,573037,575833,7,2796,2,18000,1.00250357654
573062,573068,575768,6,2700,2,18000,1.00222222222
573077,573083,575684,6,2601,2,18000,1.00230680507
573161,573167,575988,6,2821,2,18000,1.00212690535
573379,573385,576171,6,2786,2,18000,1.00215362527
573449,573455,576130,6,2675,2,18000,1.00224299065
573524,573530,576269,6,2739,2,18000,1.0021905805
573599,573605,576393,6,2788,2,18000,1.00215208034
573847,573854,576736,7,2882,2,18000,1.00242886884
573974,573979,576636,5,2657,2,18000,1.0018818216
574180,574186,576984,6,2798,2,18000,1.00214438885
574218,574224,577020,6,2796,2,18000,1.00214592275
574497,574504,577199,7,2695,2,18000,1.0025974026
574569,574575,577354,6,2779,2,18000,1.00215905002
574648,574654,577309,6,2655,2,18000,1.00225988701
574722,574728,577434,6,2706,2,18000,1.0022172949
574936,574942,577678,6,2736,2,18000,1.00219298246
575047,575053,577930,6,2877,2,18000,1.00208550574
575126,575131,577965,5,2834,2,18000,1.00176429076
575230,575236,578090,6,2854,2,18000,1.00210231254
575246,575251,578061,5,2810,2,18000,1.00177935943
575284,575290,578095,6,2805,2,18000,1.00213903743
575315,575321,578219,6,2898,2,18000,1.00207039337
575316,575327,577988,11,2661,2,18000,1.00413378429
575379,575386,578221,7,2835,2,18000,1.0024691358
575395,575401,578121,6,2720,2,18000,1.00220588235
575411,575417,578272,6,2855,2,18000,1.00210157618
575413,575423,578268,10,2845,2,18000,1.00351493849
575485,575491,578259,6,2768,2,18000,1.00216763006
575565,575571,578139,6,2568,2,18000,1.0023364486
575585,575591,578198,6,2607,2,18000,1.00230149597
575600,575606,578403,6,2797,2,18000,1.00214515552
575638,575644,578408,6,2764,2,18000,1.002170767
575689,575695,578489,6,2794,2,18000,1.00214745884
575737,575743,578579,6,2836,2,18000,1.00211565585
575753,575758,578561,5,2803,2,18000,1.00178380307
575772,575778,578566,6,2788,2,18000,1.00215208034
575788,575794,578587,6,2793,2,18000,1.00214822771
575810,575816,578603,6,2787,2,18000,1.00215285253
575835,575842,578502,7,2660,2,18000,1.00263157895
575992,575998,578805,6,2807,2,18000,1.00213751336
576132,576138,578773,6,2635,2,18000,1.00227703985
576174,576180,579020,6,2840,2,18000,1.00211267606
576270,576277,579154,7,2877,2,18000,1.00243309002
576395,576401,579091,6,2690,2,18000,1.00223048327
576640,576646,579188,6,2542,2,18000,1.00236034618
576740,576746,579476,6,2730,2,18000,1.0021978022
576986,576992,579851,6,2859,2,18000,1.00209863589
577023,577029,579759,6,2730,2,18000,1.0021978022
577201,577207,580018,6,2811,2,18000,1.00213447172
577312,577318,580080,6,2762,2,18000,1.00217233888
577356,577362,580061,6,2699,2,18000,1.00222304557
577437,577443,580311,6,2868,2,18000,1.00209205021
577682,577688,580412,6,2724,2,18000,1.00220264317
577934,577940,580781,6,2841,2,18000,1.00211193242
577968,577974,580779,6,2805,2,18000,1.00213903743
577990,577996,580773,6,2777,2,18000,1.00216060497
578064,578070,580860,6,2790,2,18000,1.00215053763
578092,578098,580686,6,2588,2,18000,1.00231839258
578108,578114,580885,6,2771,2,18000,1.00216528329
578124,578130,580952,6,2822,2,18000,1.00212615167
578143,578149,580931,6,2782,2,18000,1.00215672178
578202,578208,581055,6,2847,2,18000,1.00210748156
578221,578227,580913,6,2686,2,18000,1.00223380491
578237,578243,580905,6,2662,2,18000,1.0022539444
578263,578269,581075,6,2806,2,18000,1.00213827512
578280,578286,581050,6,2764,2,18000,1.002170767
578281,578292,580950,11,2658,2,18000,1.00413844996
578405,578411,581204,6,2793,2,18000,1.00214822771
578420,578427,581246,7,2819,2,18000,1.00248315005
578491,578498,581352,7,2854,2,18000,1.00245269797
578507,578513,581304,6,2791,2,18000,1.00214976711
578563,578569,581352,6,2783,2,18000,1.00215594682
578579,578585,581447,6,2862,2,18000,1.00209643606
578596,578602,581396,6,2794,2,18000,1.00214745884
578598,578608,581300,10,2692,2,18000,1.00371471025
578613,578619,581437,6,2818,2,18000,1.00212916962
578777,578783,581500,6,2717,2,18000,1.002208318
578808,578814,581635,6,2821,2,18000,1.00212690535
579021,579028,581712,7,2684,2,18000,1.00260804769
579093,579099,581865,6,2766,2,18000,1.0021691974
579156,579162,581973,6,2811,2,18000,1.00213447172
579191,579197,581993,6,2796,2,18000,1.00214592275
579480,579486,582333,6,2847,2,18000,1.00210748156
579762,579768,582517,6,2749,2,18000,1.00218261186
579853,579860,582543,7,2683,2,18000,1.00260901975
580020,580026,582867,6,2841,2,18000,1.00211193242
580063,580069,582857,6,2788,2,18000,1.00215208034
580082,580088,582932,6,2844,2,18000,1.00210970464
580313,580320,583084,7,2764,2,18000,1.00253256151
580416,580422,583282,6,2860,2,18000,1.0020979021
580689,580695,583493,6,2798,2,18000,1.00214438885
580777,580784,583575,7,2791,2,18000,1.00250806163
580793,580799,583501,6,2702,2,18000,1.00222057735
580795,580805,583501,10,2696,2,18000,1.00370919881
580861,580868,583568,7,2700,2,18000,1.00259259259
580887,580893,583640,6,2747,2,18000,1.00218420095
580909,580915,583589,6,2674,2,18000,1.00224382947
580925,580931,583666,6,2735,2,18000,1.00219378428
580942,580948,583591,6,2643,2,18000,1.00227014756
580958,580964,583683,6,2719,2,18000,1.00220669364
580959,580970,583676,11,2706,2,18000,1.00406504065
581051,581057,583900,6,2843,2,18000,1.00211044671
581068,581074,583773,6,2699,2,18000,1.00222304557
581083,581089,583764,6,2675,2,18000,1.00224299065
581208,581214,583821,6,2607,2,18000,1.00230149597
581249,581255,584042,6,2787,2,18000,1.00215285253
581302,581308,584175,6,2867,2,18000,1.00209277991
581318,581324,584117,6,2793,2,18000,1.00214822771
581354,581361,584088,7,2727,2,18000,1.00256692336
581356,581367,584080,11,2713,2,18000,1.00405455216
581398,581404,584193,6,2789,2,18000,1.00215130871
581439,581445,584212,6,2767,2,18000,1.00216841344
581455,581461,584248,6,2787,2,18000,1.00215285253
581502,581508,584274,6,2766,2,18000,1.0021691974
581636,581643,584466,7,2823,2,18000,1.0024796316
581714,581720,584565,6,2845,2,18000,1.00210896309
581870,581876,584668,6,2792,2,18000,1.00214899713
581976,581982,584643,6,2661,2,18000,1.00225479143
581995,582001,584800,6,2799,2,18000,1.00214362272
582336,582342,585159,6,2817,2,18000,1.00212992545
582519,582525,585331,6,2806,2,18000,1.00213827512
582547,582553,585289,6,2736,2,18000,1.00219298246
582859,582865,585633,6,2768,2,18000,1.00216763006
582875,582881,585721,6,2840,2,18000,1.00211267606
582935,582941,585556,6,2615,2,18000,1.00229445507
583086,583092,585896,6,2804,2,18000,1.00213980029
583285,583291,585974,6,2683,2,18000,1.00223630265
583494,583500,586131,6,2631,2,18000,1.00228050171
583510,583516,586241,6,2725,2,18000,1.00220183486
583511,583522,586242,11,2720,2,18000,1.00404411765
583571,583577,586382,6,2805,2,18000,1.00213903743
583587,583593,586392,6,2799,2,18000,1.00214362272
583603,583609,586356,6,2747,2,18000,1.00218420095
583605,583615,586430,10,2815,2,18000,1.00355239787
583642,583648,586423,6,2775,2,18000,1.00216216216
583668,583674,586445,6,2771,2,18000,1.00216528329
583684,583690,586465,6,2775,2,18000,1.00216216216
583685,583696,586476,11,2780,2,18000,1.00395683453
583766,583773,586554,7,2781,2,18000,1.00251708019
583782,583788,586578,6,2790,2,18000,1.00215053763
583823,583829,586697,6,2868,2,18000,1.00209205021
583903,583909,586662,6,2753,2,18000,1.00217944061
584044,584051,586767,7,2716,2,18000,1.00257731959
584082,584089,586754,7,2665,2,18000,1.00262664165
584098,584104,586881,6,2777,2,18000,1.00216060497
584121,584127,586853,6,2726,2,18000,1.00220102715
584178,584184,586794,6,2610,2,18000,1.00229885057
584197,584203,587035,6,2832,2,18000,1.00211864407
584216,584222,586966,6,2744,2,18000,1.00218658892
584251,584257,587011,6,2754,2,18000,1.00217864924
584276,584282,587137,6,2855,2,18000,1.00210157618
584467,584474,587118,7,2644,2,18000,1.00264750378
584567,584573,587301,6,2728,2,18000,1.00219941349
584645,584651,587441,6,2790,2,18000,1.00215053763
584671,584677,587511,6,2834,2,18000,1.00211714891
584802,584808,587580,6,2772,2,18000,1.00216450216
585160,585166,587893,6,2727,2,18000,1.00220022002
585291,585297,588040,6,2743,2,18000,1.00218738607
585333,585339,588107,6,2768,2,18000,1.00216763006
585558,585565,588285,7,2720,2,18000,1.00257352941
585636,585642,588215,6,2573,2,18000,1.00233190828
585723,585729,588408,6,2679,2,18000,1.00223964166
585898,585904,588761,6,2857,2,18000,1.00210010501
585972,585978,588639,6,2661,2,18000,1.00225479143
586135,586141,589029,6,2888,2,18000,1.00207756233
586244,586250,589073,6,2823,2,18000,1.00212539851
586245,586256,589057,11,2801,2,18000,1.00392716887
586360,586366,589169,6,2803,2,18000,1.00214056368
586385,586391,588935,6,2544,2,18000,1.00235849057
586401,586407,589200,6,2793,2,18000,1.00214822771
586426,586432,589058,6,2626,2,18000,1.00228484387
586442,586448,589181,6,2733,2,18000,1.00219538968
586458,586464,589307,6,2843,2,18000,1.00211044671
586474,586480,589231,6,2751,2,18000,1.00218102508
586489,586495,589250,6,2755,2,18000,1.00217785844
586557,586563,589370,6,2807,2,18000,1.00213751336
586582,586588,589399,6,2811,2,18000,1.00213447172
586666,586672,589372,6,2700,2,18000,1.00222222222
586700,586706,589455,6,2749,2,18000,1.00218261186
586757,586763,589641,6,2878,2,18000,1.0020847811
586773,586779,589463,6,2684,2,18000,1.00223546945
586796,586802,589608,6,2806,2,18000,1.00213827512
586855,586861,589660,6,2799,2,18000,1.00214362272
586883,586889,589705,6,2816,2,18000,1.00213068182
586970,586976,589657,6,2681,2,18000,1.00223797091
587014,587020,589873,6,2853,2,18000,1.00210304942
587039,587045,589728,6,2683,2,18000,1.00223630265
587120,587127,589885,7,2758,2,18000,1.00253807107
587140,587147,589792,7,2645,2,18000,1.00264650284
587303,587310,590147,7,2837,2,18000,1.00246739514
587445,587451,590113,6,2662,2,18000,1.0022539444
587515,587521,590316,6,2795,2,18000,1.00214669052
587584,587590,590368,6,2778,2,18000,1.00215982721
587896,587902,590686,6,2784,2,18000,1.00215517241
588043,588049,590816,6,2767,2,18000,1.00216841344
588109,588115,590961,6,2846,2,18000,1.00210822207
588218,588224,590904,6,2680,2,18000,1.00223880597
588287,588293,591131,6,2838,2,18000,1.0021141649
588411,588417,591199,6,2782,2,18000,1.00215672178
588644,588650,591314,6,2664,2,18000,1.00225225225
588762,588768,591569,6,2801,2,18000,1.00214209211
588938,588944,591608,6,2664,2,18000,1.00225225225
589032,589039,591818,7,2779,2,18000,1.00251889169
589058,589064,591836,6,2772,2,18000,1.00216450216
589074,589080,591934,6,2854,2,18000,1.00210231254
589076,589086,591822,10,2736,2,18000,1.00365497076
589171,589177,591949,6,2772,2,18000,1.00216450216
589187,589193,591932,6,2739,2,18000,1.0021905805
589203,589209,591931,6,2722,2,18000,1.00220426157
589235,589241,592022,6,2781,2,18000,1.0021574973
589253,589260,592072,7,2812,2,18000,1.00248933144
589309,589316,592113,7,2797,2,18000,1.00250268144
589373,589379,592288,6,2909,2,18000,1.00206256446
589375,589385,592212,10,2827,2,18000,1.00353731871
589400,589407,592204,7,2797,2,18000,1.00250268144
589457,589463,592040,6,2577,2,18000,1.00232828871
589473,589479,592158,6,2679,2,18000,1.00223964166
589611,589617,592415,6,2798,2,18000,1.00214438885
589645,589651,592451,6,2800,2,18000,1.00214285714
589661,589667,592441,6,2774,2,18000,1.0021629416
589662,589673,592449,11,2776,2,18000,1.00396253602
589707,589713,592502,6,2789,2,18000,1.00215130871
589732,589739,592448,7,2709,2,18000,1.00258397933
589795,589801,592414,6,2613,2,18000,1.00229621125
589877,589883,592655,6,2772,2,18000,1.00216450216
589892,589898,592669,6,2771,2,18000,1.00216528329
590117,590123,592860,6,2737,2,18000,1.00219218122
590149,590155,592984,6,2829,2,18000,1.00212089077
590319,590325,593005,6,2680,2,18000,1.00223880597
590369,590375,593169,6,2794,2,18000,1.00214745884
590560,590566,590567,6,1,2,300,1.0
590688,590694,593455,6,2761,2,18000,1.00217312568
590818,590824,593608,6,2784,2,18000,1.00215517241
590907,590913,593693,6,2780,2,18000,1.00215827338
590964,590970,593715,6,2745,2,18000,1.00218579235
591133,591139,593943,6,2804,2,18000,1.00213980029
591202,591208,593986,6,2778,2,18000,1.00215982721
591315,591322,594142,7,2820,2,18000,1.0024822695
591572,591578,594307,6,2729,2,18000,1.00219860755
591610,591616,594311,6,2695,2,18000,1.00222634508
591821,591827,594560,6,2733,2,18000,1.00219538968
591838,591844,594659,6,2815,2,18000,1.00213143872
591840,591850,594692,10,2842,2,18000,1.00351864884
591935,591941,594662,6,2721,2,18000,1.00220507166
591936,591947,594618,11,2671,2,18000,1.00411830775
591937,591952,594708,15,2756,2,18000,1.00544267054
591954,591960,594776,6,2816,2,18000,1.00213068182
592026,592032,594752,6,2720,2,18000,1.00220588235
592043,592049,594911,6,2862,2,18000,1.00209643606
592075,592081,594860,6,2779,2,18000,1.00215905002
592116,592122,594876,6,2754,2,18000,1.00217864924
592161,592167,594978,6,2811,2,18000,1.00213447172
592206,592212,594872,6,2660,2,18000,1.0022556391
592222,592228,595110,6,2882,2,18000,1.00208188758
592289,592295,595140,6,2845,2,18000,1.00210896309
592416,592422,595124,6,2702,2,18000,1.00222057735
592417,592428,595154,11,2726,2,18000,1.00403521643
592444,592450,595269,6,2819,2,18000,1.00212841433
592461,592467,595114,6,2647,2,18000,1.00226671704
592462,592473,595311,11,2838,2,18000,1.00387596899
592463,592478,595300,15,2822,2,18000,1.00531537916
592506,592512,595342,6,2830,2,18000,1.00212014134
592657,592663,595360,6,2697,2,18000,1.0022246941
592673,592679,595481,6,2802,2,18000,1.00214132762
592862,592868,595708,6,2840,2,18000,1.00211267606
592987,592993,595825,6,2832,2,18000,1.00211864407
593006,593012,595802,6,2790,2,18000,1.00215053763
593171,593177,595993,6,2816,2,18000,1.00213068182
593457,593463,596370,6,2907,2,18000,1.00206398349
593610,593616,596427,6,2811,2,18000,1.00213447172
593695,593701,596427,6,2726,2,18000,1.00220102715
593717,593723,596396,6,2673,2,18000,1.00224466891
593945,593951,596702,6,2751,2,18000,1.00218102508
593990,593996,596774,6,2778,2,18000,1.00215982721
594146,594152,596846,6,2694,2,18000,1.00222717149
594309,594315,597146,6,2831,2,18000,1.00211939244
594326,594332,597051,6,2719,2,18000,1.00220669364
594562,594568,597252,6,2684,2,18000,1.00223546945
594621,594627,597456,6,2829,2,18000,1.00212089077
594663,594669,597494,6,2825,2,18000,1.00212389381
594664,594675,597469,11,2794,2,18000,1.00393700787
594693,594700,597528,7,2828,2,18000,1.00247524752
594709,594715,597501,6,2786,2,18000,1.00215362527
594753,594760,597552,7,2792,2,18000,1.00250716332
594779,594785,597503,6,2718,2,18000,1.00220750552
594864,594870,597604,6,2734,2,18000,1.00219458669
594880,594886,597730,6,2844,2,18000,1.00210970464
594881,594892,597657,11,2765,2,18000,1.00397830018
594913,594919,597723,6,2804,2,18000,1.00213980029
594982,594988,597505,6,2517,2,18000,1.00238379023
595112,595118,597907,6,2789,2,18000,1.00215130871
595129,595135,597951,6,2816,2,18000,1.00213068182
595130,595141,597877,11,2736,2,18000,1.00402046784
595146,595152,597823,6,2671,2,18000,1.00224634968
595162,595168,597864,6,2696,2,18000,1.00222551929
595273,595279,598084,6,2805,2,18000,1.00213903743
595303,595309,598115,6,2806,2,18000,1.00213827512
595319,595325,598122,6,2797,2,18000,1.00214515552
595344,595350,598121,6,2771,2,18000,1.00216528329
595361,595367,598165,6,2798,2,18000,1.00214438885
595487,595492,598324,5,2832,2,18000,1.00176553672
595712,595718,598476,6,2758,2,18000,1.00217548949
595805,595811,598505,6,2694,2,18000,1.00222717149
595828,595835,598652,7,2817,2,18000,1.00248491303
596000,596006,598681,6,2675,2,18000,1.00224299065
596373,596379,598989,6,2610,2,18000,1.00229885057
596393,596399,599205,6,2806,2,18000,1.00213827512
596431,596437,599063,6,2626,2,18000,1.00228484387
596433,596443,599222,10,2779,2,18000,1.0035984167
596704,596710,599389,6,2679,2,18000,1.00223964166
596775,596781,599576,6,2795,2,18000,1.00214669052
596851,596857,599484,6,2627,2,18000,1.00228397411
597052,597059,599760,7,2701,2,18000,1.00259163273
597149,597156,599821,7,2665,2,18000,1.00262664165
597256,597262,599928,6,2666,2,18000,1.00225056264
597458,597464,600277,6,2813,2,18000,1.00213295414
597474,597480,600308,6,2828,2,18000,1.00212164074
597497,597503,600292,6,2789,2,18000,1.00215130871
597514,597520,600319,6,2799,2,18000,1.00214362272
597515,597526,600375,11,2849,2,18000,1.00386100386
597517,597531,600243,14,2712,2,18000,1.00516224189
597533,597539,600088,6,2549,2,18000,1.00235386426
597555,597561,600325,6,2764,2,18000,1.002170767
597607,597613,600335,6,2722,2,18000,1.00220426157
597661,597667,600449,6,2782,2,18000,1.00215672178
597727,597733,600536,6,2803,2,18000,1.00214056368
597743,597749,600531,6,2782,2,18000,1.00215672178
597825,597831,600713,6,2882,2,18000,1.00208188758
597863,597869,600672,6,2803,2,18000,1.00214056368
597879,597885,600767,6,2882,2,18000,1.00208188758
597910,597916,600533,6,2617,2,18000,1.00229270157
597954,597961,600679,7,2718,2,18000,1.00257542311
598085,598092,600885,7,2793,2,18000,1.00250626566
598117,598123,600913,6,2790,2,18000,1.00215053763
598133,598139,600931,6,2792,2,18000,1.00214899713
598134,598145,600820,11,2675,2,18000,1.00411214953
598169,598175,600907,6,2732,2,18000,1.00219619327
598328,598334,601244,6,2910,2,18000,1.00206185567
598480,598486,601115,6,2629,2,18000,1.00228223659
598508,598514,601264,6,2750,2,18000,1.00218181818
598656,598662,601451,6,2789,2,18000,1.00215130871
598685,598691,601533,6,2842,2,18000,1.0021111893
598993,598999,601830,6,2831,2,18000,1.00211939244
599065,599072,601798,7,2726,2,18000,1.002567865
599208,599214,602023,6,2809,2,18000,1.00213599146
599224,599230,602043,6,2813,2,18000,1.00213295414
599393,599399,602273,6,2874,2,18000,1.00208768267
599486,599493,602241,7,2748,2,18000,1.00254730713
599580,599586,602291,6,2705,2,18000,1.0022181146
599763,599769,602594,6,2825,2,18000,1.00212389381
599823,599829,602646,6,2817,2,18000,1.00212992545
599931,599937,602666,6,2729,2,18000,1.00219860755
600090,600096,602888,6,2792,2,18000,1.00214899713
600246,600252,602917,6,2665,2,18000,1.00225140713
600281,600287,602972,6,2685,2,18000,1.00223463687
600297,600303,603102,6,2799,2,18000,1.00214362272
600314,600319,603081,5,2762,2,18000,1.0018102824
600330,600336,603109,6,2773,2,18000,1.0021637216
600331,600342,603125,11,2783,2,18000,1.00395256917
600347,600353,603183,6,2830,2,18000,1.00212014134
600378,600385,603178,7,2793,2,18000,1.00250626566
600450,600456,603278,6,2822,2,18000,1.00212615167
600535,600541,603338,6,2797,2,18000,1.00214515552
600536,600547,603204,11,2657,2,18000,1.00414000753
600552,600559,603380,7,2821,2,18000,1.00248138958
600674,600680,603379,6,2699,2,18000,1.00222304557
600690,600696,603516,6,2820,2,18000,1.00212765957
600715,600721,603540,6,2819,2,18000,1.00212841433
600771,600777,603593,6,2816,2,18000,1.00213068182
600821,600827,603601,6,2774,2,18000,1.0021629416
600886,600892,603758,6,2866,2,18000,1.00209351012
600908,600914,603708,6,2794,2,18000,1.00214745884
600924,600930,603636,6,2706,2,18000,1.0022172949
600940,600946,603722,6,2776,2,18000,1.00216138329
600957,600963,600968,6,5,2,300,1.1
600980,600986,601006,6,20,2,300,1.3
601017,601023,601059,6,36,2,360,1.16666666667
601071,601078,601389,7,311,2,300,1.02250803859
601118,601124,603896,6,2772,2,18000,1.00216450216
601248,601254,603946,6,2692,2,18000,1.00222882615
601267,601273,604006,6,2733,2,18000,1.00219538968
601404,601410,601456,6,46,2,360,1.13043478261
601454,601460,604176,6,2716,2,18000,1.00220913108
601468,601474,601493,6,19,2,300,1.31578947368
601504,601510,601544,6,34,2,300,1.17647058824
601536,601542,604125,6,2583,2,18000,1.00232288037
601556,601562,601600,6,38,2,360,1.15789473684
601612,601619,601959,7,340,2,360,1.02058823529
601800,601807,604457,7,2650,2,18000,1.00264150943
601832,601838,604634,6,2796,2,18000,1.00214592275
601974,601981,602336,7,355,2,360,1.01971830986
602026,602032,604881,6,2849,2,18000,1.00210600211
602045,602051,604831,6,2780,2,18000,1.00215827338
602245,602251,604990,6,2739,2,18000,1.0021905805
602277,602283,605096,6,2813,2,18000,1.00213295414
602293,602300,604910,7,2610,2,18000,1.00268199234
602351,602358,602703,7,345,2,360,1.02028985507
602598,602604,605359,6,2755,2,18000,1.00217785844
602649,602655,605301,6,2646,2,18000,1.0022675737
602668,602674,605544,6,2870,2,18000,1.00209059233
602890,602896,605699,6,2803,2,18000,1.00214056368
602919,602925,605610,6,2685,2,18000,1.00223463687
602974,602980,605710,6,2730,2,18000,1.0021978022
603084,603090,605954,6,2864,2,18000,1.00209497207
603106,603112,605890,6,2778,2,18000,1.00215982721
603122,603128,605917,6,2789,2,18000,1.00215130871
603138,603144,605977,6,2833,2,18000,1.00211789622
603182,603188,606025,6,2837,2,18000,1.00211491012
603198,603204,605939,6,2735,2,18000,1.00219378428
603213,603220,606030,7,2810,2,18000,1.0024911032
603282,603288,606031,6,2743,2,18000,1.00218738607
603341,603347,606007,6,2660,2,18000,1.0022556391
603380,603387,606234,7,2847,2,18000,1.00245872849
603382,603392,606066,10,2674,2,18000,1.00373971578
603518,603524,606262,6,2738,2,18000,1.00219138057
603543,603549,606358,6,2809,2,18000,1.00213599146
603596,603602,606342,6,2740,2,18000,1.00218978102
603612,603618,606440,6,2822,2,18000,1.00212615167
603637,603643,606419,6,2776,2,18000,1.00216138329
603709,603715,606507,6,2792,2,18000,1.00214899713
603725,603731,606510,6,2779,2,18000,1.00215905002
603761,603767,606440,6,2673,2,18000,1.00224466891
603899,603905,606699,6,2794,2,18000,1.00214745884
603949,603955,606736,6,2781,2,18000,1.0021574973
604008,604014,606851,6,2837,2,18000,1.00211491012
604129,604135,606922,6,2787,2,18000,1.00215285253
604179,604185,606881,6,2696,2,18000,1.00222551929
604459,604465,607227,6,2762,2,18000,1.00217233888
604637,604643,607482,6,2839,2,18000,1.00211342022
