SubmitTime,StartTime,EndTime,QueuedTime,RunTime,NodesRequested,walltime,bslowdown
11,17,1885,6,1868,2,36000,1.00321199143
83,90,2633,7,2543,2,36000,1.00275265435
105,111,2612,6,2501,2,36000,1.00239904038
106,117,2611,11,2494,2,36000,1.0044105854
111,122,2531,11,2409,2,36000,1.00456621005
226,232,2398,6,2166,2,36000,1.0027700831
242,248,2618,6,2370,2,36000,1.00253164557
387,395,3452,8,3057,2,18000,1.00261694472
432,442,3932,10,3490,2,18000,1.00286532951
448,454,2993,6,2539,2,36000,1.00236313509
457,467,3808,10,3341,2,18000,1.00299311583
464,473,2797,9,2324,2,36000,1.00387263339
488,497,4170,9,3673,2,18000,1.0024503131
575,581,2358,6,1777,2,36000,1.00337647721
800,806,3278,6,2472,2,36000,1.00242718447
846,852,3135,6,2283,2,36000,1.00262812089
965,976,4079,11,3103,2,18000,1.00354495649
980,988,4603,8,3615,2,18000,1.00221300138
1015,1021,3100,6,2079,2,36000,1.00288600289
1016,1027,3246,11,2219,2,36000,1.00495718792
1236,1243,3569,7,2326,2,36000,1.0030094583
1430,1440,4982,10,3542,2,18000,1.00282326369
1610,1616,3921,6,2305,2,36000,1.00260303688
1616,1622,3925,6,2303,2,36000,1.00260529744
1738,1747,4782,9,3035,2,18000,1.00296540362
1817,1828,5077,11,3249,2,18000,1.00338565713
1832,1842,5485,10,3643,2,18000,1.00274499039
1872,1878,4109,6,2231,2,36000,1.00268937696
1877,1884,4168,7,2284,2,36000,1.0030647986
1893,1900,4401,7,2501,2,36000,1.00279888045
1926,1936,5462,10,3526,2,18000,1.00283607487
1928,1942,5325,14,3383,2,18000,1.00413833875
2166,2171,4301,5,2130,2,36000,1.00234741784
2349,2357,5772,8,3415,2,18000,1.00234260615
2365,2371,4243,6,1872,2,36000,1.00320512821
2370,2381,6104,11,3723,2,18000,1.0029546065
2407,2413,4564,6,2151,2,36000,1.00278940028
2454,2464,5684,10,3220,2,18000,1.00310559006
2521,2529,6082,8,3553,2,18000,1.00225161835
2537,2543,4565,6,2022,2,36000,1.00296735905
2620,2625,4703,5,2078,2,36000,1.00240615977
2620,2631,4825,11,2194,2,36000,1.00501367366
2625,2637,4472,12,1835,2,36000,1.00653950954
2641,2647,4315,6,1668,2,36000,1.0035971223
2745,2754,6337,9,3583,2,18000,1.00251186157
2806,2812,5273,6,2461,2,36000,1.00243803332
2881,2890,6160,9,3270,2,18000,1.00275229358
3001,3008,5202,7,2194,2,36000,1.0031905196
3018,3028,6461,10,3433,2,18000,1.00291290417
3090,3097,6679,7,3582,2,18000,1.00195421552
3109,3115,5462,6,2347,2,36000,1.00255645505
3147,3153,5205,6,2052,2,36000,1.00292397661
3255,3261,5387,6,2126,2,36000,1.00282220132
3285,3292,5370,7,2078,2,36000,1.00336862368
3456,3464,6451,8,2987,2,18000,1.00267827251
3578,3584,5930,6,2346,2,36000,1.00255754476
3811,3819,7064,8,3245,2,18000,1.00246533128
3934,3940,5778,6,1838,2,36000,1.00326441785
3935,3951,7359,16,3408,2,18000,1.00469483568
3935,3946,6061,11,2115,2,36000,1.00520094563
4081,4090,7226,9,3136,2,18000,1.00286989796
4116,4122,6017,6,1895,2,36000,1.00316622691
4172,4179,7855,7,3676,2,18000,1.00190424374
4178,4185,5865,7,1680,2,36000,1.00416666667
4251,4257,6283,6,2026,2,36000,1.00296150049
4308,4314,6171,6,1857,2,36000,1.00323101777
4324,4330,5663,6,1333,2,36000,1.00450112528
4407,4413,5778,6,1365,2,36000,1.0043956044
4480,4486,6027,6,1541,2,36000,1.0038935756
4573,4579,6567,6,1988,2,36000,1.00301810865
4573,4584,6720,11,2136,2,36000,1.00514981273
4605,4614,8085,9,3471,2,18000,1.00259291271
4712,4718,6439,6,1721,2,36000,1.00348634515
4785,4793,7844,8,3051,2,18000,1.00262209112
4833,4840,6707,7,1867,2,36000,1.00374933048
4983,4993,8113,10,3120,2,18000,1.00320512821
5080,5088,8563,8,3475,2,18000,1.00230215827
5209,5215,7052,6,1837,2,36000,1.00326619488
5216,5221,7460,5,2239,2,36000,1.00223313979
5279,5284,7488,5,2204,2,36000,1.00226860254
5328,5337,8408,9,3071,2,18000,1.00293064148
5377,5383,7555,6,2172,2,36000,1.00276243094
5393,5400,7525,7,2125,2,36000,1.00329411765
5465,5473,8822,8,3349,2,18000,1.00238877277
5471,5479,7095,8,1616,2,36000,1.00495049505
5486,5496,8592,10,3096,2,18000,1.00322997416
5671,5677,7103,6,1426,2,36000,1.00420757363
5687,5695,9298,8,3603,2,18000,1.00222037191
5773,5783,9115,10,3332,2,18000,1.00300120048
5789,5800,7448,11,1648,2,36000,1.00667475728
5789,5795,7338,6,1543,2,36000,1.00388852884
5870,5876,7430,6,1554,2,36000,1.00386100386
5971,5977,8402,6,2425,2,36000,1.0024742268
6026,6033,8304,7,2271,2,36000,1.00308234258
6047,6054,8432,7,2378,2,36000,1.00294365013
6069,6075,8283,6,2208,2,36000,1.0027173913
6087,6093,9540,6,3447,2,18000,1.00174064404
6107,6115,9697,8,3582,2,18000,1.00223338917
6162,6171,9442,9,3271,2,18000,1.00275145216
6181,6187,8594,6,2407,2,36000,1.00249272954
6289,6295,8707,6,2412,2,36000,1.00248756219
6339,6348,9854,9,3506,2,18000,1.00256702795
6449,6455,8222,6,1767,2,36000,1.00339558574
6454,6462,9693,8,3231,2,18000,1.00247601362
6469,6475,9552,6,3077,2,18000,1.00194995125
6577,6583,9130,6,2547,2,36000,1.0023557126
6681,6690,10065,9,3375,2,18000,1.00266666667
6716,6722,9100,6,2378,2,36000,1.00252312868
6727,6733,9232,6,2499,2,36000,1.00240096038
7059,7065,9056,6,1991,2,36000,1.00301356102
7066,7075,10546,9,3471,2,18000,1.00259291271
7101,7106,8941,5,1835,2,36000,1.00272479564
7111,7118,8647,7,1529,2,36000,1.00457815566
7230,7238,10368,8,3130,2,18000,1.00255591054
7347,7354,9657,7,2303,2,36000,1.00303951368
7361,7370,11010,9,3640,2,18000,1.00247252747
7435,7441,9566,6,2125,2,36000,1.00282352941
7456,7462,10011,6,2549,2,36000,1.00235386426
7467,7473,9828,6,2355,2,36000,1.0025477707
7498,7504,9896,6,2392,2,36000,1.0025083612
7534,7540,9629,6,2089,2,36000,1.00287218765
7560,7566,9861,6,2295,2,36000,1.00261437908
7846,7856,10991,10,3135,2,18000,1.00318979266
7861,7868,10965,7,3097,2,18000,1.00226025186
8089,8097,11530,8,3433,2,18000,1.00233032333
8116,8124,11917,8,3793,2,18000,1.00210914843
8228,8234,10325,6,2091,2,36000,1.00286944046
8291,8297,9945,6,1648,2,36000,1.0036407767
8312,8318,10867,6,2549,2,36000,1.00235386426
8410,8416,10927,6,2511,2,36000,1.00238948626
8411,8422,11610,11,3188,2,18000,1.00345043915
8441,8447,10955,6,2508,2,36000,1.0023923445
8565,8574,12080,9,3506,2,18000,1.00256702795
8595,8603,12308,8,3705,2,18000,1.00215924426
8599,8609,10692,10,2083,2,36000,1.00480076812
8655,8661,10853,6,2192,2,36000,1.00273722628
8714,8720,11023,6,2303,2,36000,1.00260529744
8824,8833,12177,9,3344,2,18000,1.00269138756
8948,8955,10988,7,2033,2,36000,1.00344318741
9068,9074,11193,6,2119,2,36000,1.0028315243
9106,9113,11486,7,2373,2,36000,1.00294985251
9119,9126,12637,7,3511,2,18000,1.00199373398
9135,9141,11264,6,2123,2,36000,1.00282618935
9242,9249,11410,7,2161,2,36000,1.00323924109
9300,9310,12593,10,3283,2,18000,1.00304599452
9442,9453,13095,11,3642,2,18000,1.00302031851
9543,9552,12615,9,3063,2,18000,1.00293829579
9558,9564,12713,6,3149,2,18000,1.00190536678
9574,9581,11884,7,2303,2,36000,1.00303951368
9637,9643,11839,6,2196,2,36000,1.00273224044
9663,9669,11824,6,2155,2,36000,1.00278422274
9696,9704,13196,8,3492,2,18000,1.00229095074
9697,9710,12998,13,3288,2,18000,1.00395377129
9838,9844,12137,6,2293,2,36000,1.0026166594
9855,9865,13381,10,3516,2,18000,1.00284414107
9869,9875,12127,6,2252,2,36000,1.0026642984
9906,9912,12012,6,2100,2,36000,1.00285714286
9952,9958,11769,6,1811,2,36000,1.00331308669
10020,10026,11956,6,1930,2,36000,1.00310880829
10067,10076,13722,9,3646,2,18000,1.00246845858
10333,10339,12590,6,2251,2,36000,1.00266548201
10369,10379,13891,10,3512,2,18000,1.00284738041
10547,10557,14027,10,3470,2,18000,1.00288184438
10698,10703,12738,5,2035,2,36000,1.00245700246
10862,10868,13362,6,2494,2,36000,1.00240577386
10873,10879,13332,6,2453,2,36000,1.00244598451
10935,10941,13439,6,2498,2,36000,1.00240192154
10961,10967,13414,6,2447,2,36000,1.00245198202
10967,10976,14471,9,3495,2,18000,1.0025751073
10992,11000,14479,8,3479,2,18000,1.00229951135
10998,11006,13471,8,2465,2,36000,1.00324543611
11013,11021,14772,8,3751,2,18000,1.0021327646
11029,11035,13520,6,2485,2,36000,1.00241448692
11204,11211,13400,7,2189,2,36000,1.00319780722
11271,11278,13448,7,2170,2,36000,1.00322580645
11418,11424,13894,6,2470,2,36000,1.0024291498
11492,11498,13916,6,2418,2,36000,1.00248138958
11532,11541,14678,9,3137,2,18000,1.0028689831
11615,11621,14690,6,3069,2,18000,1.00195503421
11777,11783,13877,6,2094,2,36000,1.00286532951
11831,11838,13866,7,2028,2,36000,1.00345167653
11848,11854,13901,6,2047,2,36000,1.00293111871
11889,11895,14106,6,2211,2,36000,1.00271370421
11918,11929,15309,11,3380,2,18000,1.00325443787
11962,11969,13998,7,2029,2,36000,1.00344997536
12020,12026,14383,6,2357,2,36000,1.00254560882
12082,12091,15717,9,3626,2,18000,1.00248207391
12134,12141,14177,7,2036,2,36000,1.00343811395
12145,12152,14324,7,2172,2,36000,1.0032228361
12179,12188,15808,9,3620,2,18000,1.00248618785
12310,12319,15764,9,3445,2,18000,1.00261248186
12593,12602,15836,9,3234,2,18000,1.00278293135
12602,12608,14898,6,2290,2,36000,1.00262008734
12618,12626,16059,8,3433,2,18000,1.00233032333
12639,12648,16137,9,3489,2,18000,1.00257953568
12715,12724,16043,9,3319,2,18000,1.00271166014
12748,12754,14512,6,1758,2,36000,1.00341296928
13002,13009,16171,7,3162,2,18000,1.00221378874
13096,13106,16154,10,3048,2,18000,1.0032808399
13200,13208,16448,8,3240,2,18000,1.0024691358
13343,13349,15542,6,2193,2,36000,1.00273597811
13370,13376,15694,6,2318,2,36000,1.00258843831
13383,13392,16622,9,3230,2,18000,1.00278637771
13406,13412,15560,6,2148,2,36000,1.00279329609
13422,13429,15352,7,1923,2,36000,1.00364014561
13449,13460,15357,11,1897,2,36000,1.00579862941
13454,13465,15806,11,2341,2,36000,1.00469884665
13476,13481,15660,5,2179,2,36000,1.00229463056
13528,13534,15690,6,2156,2,36000,1.00278293135
13722,13733,17220,11,3487,2,18000,1.00315457413
13874,13880,16419,6,2539,2,36000,1.00236313509
13885,13891,16434,6,2543,2,36000,1.00235941801
13894,13903,17179,9,3276,2,18000,1.00274725275
13901,13909,16075,8,2166,2,36000,1.00369344414
13906,13915,16035,9,2120,2,36000,1.00424528302
13924,13930,16114,6,2184,2,36000,1.00274725275
14021,14027,16004,6,1977,2,36000,1.00303490137
14030,14038,17510,8,3472,2,18000,1.00230414747
14115,14121,16334,6,2213,2,36000,1.00271125169
14182,14188,16641,6,2453,2,36000,1.00244598451
14333,14339,16820,6,2481,2,36000,1.00241837969
14392,14398,16706,6,2308,2,36000,1.00259965338
14475,14483,17610,8,3127,2,18000,1.00255836265
14489,14495,16584,6,2089,2,36000,1.00287218765
14490,14523,18007,33,3484,2,18000,1.00947187141
14682,14689,18201,7,3512,2,18000,1.00199316629
14697,14703,18030,6,3327,2,18000,1.00180342651
14773,14783,18207,10,3424,2,18000,1.00292056075
14908,14914,17035,6,2121,2,36000,1.00282885431
15310,15320,18833,10,3513,2,18000,1.00284656988
15361,15367,17441,6,2074,2,36000,1.00289296046
15366,15373,17499,7,2126,2,36000,1.0032925682
15551,15557,17342,6,1785,2,36000,1.00336134454
15569,15575,17540,6,1965,2,36000,1.00305343511
15668,15674,18127,6,2453,2,36000,1.00244598451
15702,15708,18149,6,2441,2,36000,1.00245800901
15703,15714,18203,11,2489,2,36000,1.00441944556
15719,15728,19036,9,3308,2,18000,1.00272067715
15765,15775,19316,10,3541,2,18000,1.002824061
15812,15817,19234,5,3417,2,18000,1.00146327188
15817,15824,18228,7,2404,2,36000,1.00291181364
15840,15848,19459,8,3611,2,18000,1.00221545278
16014,16021,18159,7,2138,2,36000,1.00327408793
16047,16053,18380,6,2327,2,36000,1.00257842716
16049,16059,19582,10,3523,2,18000,1.00283848992
16066,16072,18061,6,1989,2,36000,1.00301659125
16067,16086,19583,19,3497,2,18000,1.00543322848
16122,16128,18144,6,2016,2,36000,1.00297619048
16139,16149,19567,10,3418,2,18000,1.00292568754
16158,16165,19817,7,3652,2,18000,1.00191675794
16174,16182,19796,8,3614,2,18000,1.00221361372
16341,16347,18515,6,2168,2,36000,1.00276752768
16424,16430,18027,6,1597,2,36000,1.00375704446
16440,16447,17947,7,1500,2,36000,1.00466666667
16450,16459,20008,9,3549,2,18000,1.00253592561
16592,16599,17953,7,1354,2,36000,1.00516986706
16626,16633,19940,7,3307,2,18000,1.0021167221
16632,16639,16763,7,124,1,1800,1.0564516129
16649,16655,18027,6,1372,2,36000,1.00437317784
16712,16718,18061,6,1343,2,36000,1.00446760983
16828,16834,18736,6,1902,2,36000,1.00315457413
17041,17047,18855,6,1808,2,36000,1.00331858407
17090,17096,17221,6,125,1,1800,1.048
17184,17190,20504,6,3314,2,18000,1.00181050091
17224,17231,20756,7,3525,2,18000,1.0019858156
17350,17356,19640,6,2284,2,36000,1.00262697023
17449,17455,19571,6,2116,2,36000,1.00283553875
17507,17513,19519,6,2006,2,36000,1.00299102692
17513,17521,21113,8,3592,2,18000,1.00222717149
17549,17555,19255,6,1700,2,36000,1.00352941176
17613,17621,21199,8,3578,2,18000,1.00223588597
17850,17856,18358,6,502,1,1800,1.01195219124
17954,17960,19598,6,1638,2,36000,1.00366300366
17959,17966,19442,7,1476,2,36000,1.00474254743
18011,18019,21746,8,3727,2,18000,1.00214649852
18032,18038,21574,6,3536,2,18000,1.00169683258
18038,18049,19659,11,1610,2,36000,1.00683229814
18038,18044,19655,6,1611,2,36000,1.00372439479
18163,18174,20474,11,2300,2,36000,1.0047826087
18163,18169,20261,6,2092,2,36000,1.00286806883
18164,18185,20404,21,2219,2,36000,1.0094637224
18164,18180,19877,16,1697,2,36000,1.00942840306
18165,18190,20139,25,1949,2,36000,1.01282709082
18165,18195,20211,30,2016,2,36000,1.01488095238
18205,18212,21954,7,3742,2,18000,1.0018706574
18212,18218,20239,6,2021,2,36000,1.00296882731
18213,18224,20598,11,2374,2,36000,1.00463352991
18220,18239,21663,19,3424,2,18000,1.00554906542
18389,18396,20132,7,1736,2,36000,1.00403225806
18532,18538,20267,6,1729,2,36000,1.003470214
18743,18749,20771,6,2022,2,36000,1.00296735905
18836,18844,21942,8,3098,2,18000,1.00258231117
18861,18867,21013,6,2146,2,36000,1.00279589935
19039,19048,22603,9,3555,2,18000,1.00253164557
19237,19245,22643,8,3398,2,18000,1.00235432607
19262,19268,21704,6,2436,2,36000,1.00246305419
19319,19327,22534,8,3207,2,18000,1.00249454319
19461,19467,22746,6,3279,2,18000,1.00182982617
19485,19492,21632,7,2140,2,36000,1.00327102804
19528,19534,21857,6,2323,2,36000,1.00258286698
19570,19578,23097,8,3519,2,18000,1.00227337312
19583,19589,21447,6,1858,2,36000,1.00322927879
19588,19595,22829,7,3234,2,18000,1.00216450216
19589,19600,23185,11,3585,2,18000,1.00306834031
19607,19613,21769,6,2156,2,36000,1.00278293135
19648,19654,21858,6,2204,2,36000,1.00272232305
19661,19667,21622,6,1955,2,36000,1.00306905371
19666,19673,21146,7,1473,2,36000,1.00475220638
19800,19807,23390,7,3583,2,18000,1.00195367011
19818,19828,22750,10,2922,2,18000,1.00342231348
19884,19890,22073,6,2183,2,36000,1.00274851122
19943,19951,23039,8,3088,2,18000,1.00259067358
19951,19957,20000,6,43,1,1800,1.13953488372
20010,20019,23417,9,3398,2,18000,1.00264861683
20140,20146,21990,6,1844,2,36000,1.0032537961
20145,20152,21761,7,1609,2,36000,1.00435052828
20219,20225,21722,6,1497,2,36000,1.00400801603
20250,20256,21634,6,1378,2,36000,1.00435413643
20269,20275,22225,6,1950,2,36000,1.00307692308
20275,20281,21955,6,1674,2,36000,1.00358422939
20289,20295,20364,6,69,1,1800,1.08695652174
20414,20420,22946,6,2526,2,36000,1.00237529691
20482,20488,22978,6,2490,2,36000,1.00240963855
20506,20515,24017,9,3502,2,18000,1.00256996002
20603,20609,23137,6,2528,2,36000,1.00237341772
20759,20767,24284,8,3517,2,18000,1.00227466591
20779,20785,22685,6,1900,2,36000,1.00315789474
20865,20871,21095,6,224,1,1800,1.02678571429
21021,21027,22760,6,1733,2,36000,1.00346220427
21116,21124,24641,8,3517,2,18000,1.00227466591
21156,21163,23135,7,1972,2,36000,1.00354969574
21195,21210,24544,15,3334,2,18000,1.00449910018
21456,21462,24005,6,2543,2,36000,1.00235941801
21577,21585,25120,8,3535,2,18000,1.00226308345
21628,21634,24166,6,2532,2,36000,1.00236966825
21639,21645,24181,6,2536,2,36000,1.0023659306
21640,21650,24140,10,2490,2,36000,1.00401606426
21665,21674,25353,9,3679,2,18000,1.00244631693
21711,21717,24055,6,2338,2,36000,1.00256629598
21727,21732,23910,5,2178,2,36000,1.00229568411
21747,21757,25393,10,3636,2,18000,1.00275027503
21769,21775,23957,6,2182,2,36000,1.00274977085
21774,21781,24063,7,2282,2,36000,1.00306748466
21863,21874,23982,11,2108,2,36000,1.00521821632
21863,21869,23921,6,2052,2,36000,1.00292397661
21945,21953,25259,8,3306,2,18000,1.00241984271
21960,21966,25682,6,3716,2,18000,1.0016146394
21962,21972,24045,10,2073,2,36000,1.00482392668
21997,22003,24089,6,2086,2,36000,1.00287631831
22079,22085,24298,6,2213,2,36000,1.00271125169
22236,22243,24281,7,2038,2,36000,1.00343473994
22396,22402,22428,6,26,1,1800,1.23076923077
22535,22545,25670,10,3125,2,18000,1.0032
22605,22614,26278,9,3664,2,18000,1.00245633188
22645,22654,26191,9,3537,2,18000,1.00254452926
22695,22701,24689,6,1988,2,36000,1.00301810865
22738,22744,22797,6,53,1,1800,1.11320754717
22749,22757,26412,8,3655,2,18000,1.00218878249
22757,22763,24700,6,1937,2,36000,1.00309757357
22763,22771,26221,8,3450,2,18000,1.00231884058
22830,22841,26399,11,3558,2,18000,1.00309162451
22955,22961,24948,6,1987,2,36000,1.00301962758
22986,22993,25274,7,2281,2,36000,1.00306882946
23041,23050,26538,9,3488,2,18000,1.00258027523
23099,23108,26137,9,3029,2,18000,1.00297127765
23143,23154,25209,11,2055,2,36000,1.00535279805
23143,23149,24979,6,1830,2,36000,1.00327868852
23187,23196,26668,9,3472,2,18000,1.0025921659
23392,23401,26700,9,3299,2,18000,1.00272809942
23420,23428,27071,8,3643,2,18000,1.00219599231
23540,23546,23663,6,117,1,1800,1.05128205128
23918,23924,25742,6,1818,2,36000,1.00330033003
23929,23935,25852,6,1917,2,36000,1.00312989045
23965,23972,25868,7,1896,2,36000,1.00369198312
23992,23998,25960,6,1962,2,36000,1.00305810398
24013,24019,25803,6,1784,2,36000,1.0033632287
24020,24028,27536,8,3508,2,18000,1.00228050171
24055,24061,25866,6,1805,2,36000,1.00332409972
24060,24067,25804,7,1737,2,36000,1.00402993667
24072,24078,25949,6,1871,2,36000,1.00320684126
24099,24105,26091,6,1986,2,36000,1.00302114804
24147,24153,25825,6,1672,2,36000,1.00358851675
24174,24180,25941,6,1761,2,36000,1.00340715503
24191,24197,26043,6,1846,2,36000,1.00325027086
24285,24292,27737,7,3445,2,18000,1.00203193033
24289,24298,25966,9,1668,2,36000,1.00539568345
24306,24312,26836,6,2524,2,36000,1.00237717908
24546,24555,28094,9,3539,2,18000,1.00254309127
24643,24652,28053,9,3401,2,18000,1.00264628051
24695,24701,26915,6,2214,2,36000,1.0027100271
24706,24711,27157,5,2446,2,36000,1.00204415372
24957,24963,27200,6,2237,2,36000,1.00268216361
24985,24990,27441,5,2451,2,36000,1.00203998368
25123,25131,28918,8,3787,2,18000,1.0021124901
25220,25226,27403,6,2177,2,36000,1.00275608636
25261,25270,28416,9,3146,2,18000,1.00286077559
25282,25288,27601,6,2313,2,36000,1.00259403372
25356,25365,29096,9,3731,2,18000,1.00241222192
25394,25404,29024,10,3620,2,18000,1.00276243094
25671,25681,28832,10,3151,2,18000,1.00317359568
25686,25693,29340,7,3647,2,18000,1.0019193858
25751,25757,28014,6,2257,2,36000,1.0026583961
25809,25815,27900,6,2085,2,36000,1.00287769784
25814,25821,27764,7,1943,2,36000,1.00360267627
25830,25836,28098,6,2262,2,36000,1.00265251989
25857,25862,27868,5,2006,2,36000,1.00249252243
25873,25879,27735,6,1856,2,36000,1.00323275862
25879,25885,27926,6,2041,2,36000,1.00293973542
25946,25960,28125,14,2165,2,36000,1.0064665127
25957,25966,27931,9,1965,2,36000,1.00458015267
25968,25974,28213,6,2239,2,36000,1.00267976775
25973,25980,28201,7,2221,2,36000,1.00315173345
26051,26057,28493,6,2436,2,36000,1.00246305419
26099,26105,28573,6,2468,2,36000,1.00243111831
26138,26148,29717,10,3569,2,18000,1.0028019053
26193,26202,29820,9,3618,2,18000,1.00248756219
26223,26232,29523,9,3291,2,18000,1.00273473108
26281,26290,29623,9,3333,2,18000,1.00270027003
26402,26410,29775,8,3365,2,18000,1.00237741456
26417,26423,30031,6,3608,2,18000,1.00166297118
26542,26550,30013,8,3463,2,18000,1.00231013572
26669,26679,30115,10,3436,2,18000,1.00291036088
26703,26711,30313,8,3602,2,18000,1.00222098834
26845,26851,29250,6,2399,2,36000,1.0025010421
26923,26930,29054,7,2124,2,36000,1.00329566855
27073,27082,30560,9,3478,2,18000,1.00258769408
27167,27173,29483,6,2310,2,36000,1.0025974026
27209,27215,29475,6,2260,2,36000,1.00265486726
27411,27417,29934,6,2517,2,36000,1.00238379023
27447,27453,29943,6,2490,2,36000,1.00240963855
27538,27547,31043,9,3496,2,18000,1.00257437071
27611,27618,29850,7,2232,2,36000,1.00313620072
27636,27642,85244,6,57602,16,57600,1.00010416305
27739,27746,31084,7,3338,2,18000,1.00209706411
27745,27752,30136,7,2384,2,36000,1.00293624161
27772,27778,30302,6,2524,2,36000,1.00237717908
27874,27880,30231,6,2351,2,36000,1.00255210549
27909,27915,30316,6,2401,2,36000,1.00249895877
27937,27943,30254,6,2311,2,36000,1.00259627867
27938,27949,30335,11,2386,2,36000,1.00461022632
28026,28032,30331,6,2299,2,36000,1.00260983036
28055,28064,31677,9,3613,2,18000,1.00249100471
28096,28106,31845,10,3739,2,18000,1.0026745119
28103,28112,29851,9,1739,2,36000,1.00517538815
28135,28141,30123,6,1982,2,36000,1.00302724521
28208,28214,30391,6,2177,2,36000,1.00275608636
28219,28225,30099,6,1874,2,36000,1.00320170758
28417,28427,31871,10,3444,2,18000,1.00290360046
28499,28504,30834,5,2330,2,36000,1.00214592275
28583,28589,30623,6,2034,2,36000,1.00294985251
28835,28843,32025,8,3182,2,18000,1.00251414205
28921,28929,32364,8,3435,2,18000,1.00232896652
29024,29035,32664,11,3629,2,18000,1.00303113805
29063,29069,31173,6,2104,2,36000,1.00285171103
29097,29107,32797,10,3690,2,18000,1.0027100271
29259,29265,31606,6,2341,2,36000,1.00256300726
29341,29351,32877,10,3526,2,18000,1.00283607487
29483,29489,31725,6,2236,2,36000,1.00268336315
29493,29500,31902,7,2402,2,36000,1.00291423813
29526,29534,32583,8,3049,2,18000,1.00262381109
29627,29635,33065,8,3430,2,18000,1.00233236152
29718,29728,33056,10,3328,2,18000,1.00300480769
29776,29786,32989,10,3203,2,18000,1.00312207306
29822,29831,33429,9,3598,2,18000,1.00250138966
29860,29866,32169,6,2303,2,36000,1.00260529744
29861,29871,31458,10,1587,2,36000,1.00630119723
29940,29946,31440,6,1494,2,36000,1.00401606426
29951,29957,31919,6,1962,2,36000,1.00305810398
30014,30025,33128,11,3103,2,18000,1.00354495649
30032,30043,33385,11,3342,2,18000,1.00329144225
30105,30110,31556,5,1446,2,36000,1.00345781466
30118,30127,33593,9,3466,2,18000,1.0025966532
30131,30138,31887,7,1749,2,36000,1.00400228702
30143,30149,31560,6,1411,2,36000,1.00425230333
30242,30249,31788,7,1539,2,36000,1.00454840806
30260,30265,31819,5,1554,2,36000,1.00321750322
30312,30318,31991,6,1673,2,36000,1.00358637179
30318,30325,34009,7,3684,2,18000,1.00190010858
30328,30334,32317,6,1983,2,36000,1.00302571861
30343,30348,32072,5,1724,2,36000,1.00290023202
30343,30354,32276,11,1922,2,36000,1.00572320499
30399,30405,32384,6,1979,2,36000,1.00303183426
30562,30571,34275,9,3704,2,18000,1.00242980562
30633,30640,32429,7,1789,2,36000,1.00391280045
30842,30848,32794,6,1946,2,36000,1.00308324769
31046,31054,34662,8,3608,2,18000,1.0022172949
31087,31095,34484,8,3389,2,18000,1.00236057834
31183,31189,32822,6,1633,2,36000,1.00367421923
31448,31454,32951,6,1497,2,36000,1.00400801603
31465,31471,33120,6,1649,2,36000,1.00363856883
31591,31597,34012,6,2415,2,36000,1.00248447205
31593,31603,33876,10,2273,2,36000,1.00439947206
31614,31620,33937,6,2317,2,36000,1.00258955546
31679,31689,34834,10,3145,2,18000,1.00317965024
31735,31741,33431,6,1690,2,36000,1.00355029586
31798,31804,33482,6,1678,2,36000,1.00357568534
31824,31830,33628,6,1798,2,36000,1.00333704116
31847,31856,35496,9,3640,2,18000,1.00247252747
31874,31883,35612,9,3729,2,18000,1.00241351569
31894,31900,34207,6,2307,2,36000,1.00260078023
31911,31918,33789,7,1871,2,36000,1.0037413148
31928,31934,34186,6,2252,2,36000,1.0026642984
31998,32004,34321,6,2317,2,36000,1.00258955546
32029,32037,35383,8,3346,2,18000,1.00239091452
32078,32084,34397,6,2313,2,36000,1.00259403372
32174,32180,34076,6,1896,2,36000,1.00316455696
32283,32288,33895,5,1607,2,36000,1.00311138768
32324,32331,34021,7,1690,2,36000,1.00414201183
32367,32375,35357,8,2982,2,18000,1.00268276325
32392,32399,34065,7,1666,2,36000,1.00420168067
32435,32441,34315,6,1874,2,36000,1.00320170758
32586,32594,36342,8,3748,2,18000,1.00213447172
32665,32675,36100,10,3425,2,18000,1.00291970803
32799,32805,36491,6,3686,2,18000,1.00162778079
32806,32812,35157,6,2345,2,36000,1.00255863539
32832,32838,35293,6,2455,2,36000,1.00244399185
32881,32889,36593,8,3704,2,18000,1.00215982721
32958,32964,35502,6,2538,2,36000,1.00236406619
32992,33000,36740,8,3740,2,18000,1.00213903743
33058,33067,36538,9,3471,2,18000,1.00259291271
33071,33077,35225,6,2148,2,36000,1.00279329609
33073,33131,36669,58,3538,2,18000,1.01639344262
33130,33139,36205,9,3066,2,18000,1.00293542074
33387,33396,36514,9,3118,2,18000,1.00288646568
33432,33440,37178,8,3738,2,18000,1.00214018192
33440,33446,34996,6,1550,2,36000,1.00387096774
33491,33497,35362,6,1865,2,36000,1.00321715818
33595,33604,36879,9,3275,2,18000,1.0027480916
33637,33643,36191,6,2548,2,36000,1.00235478807
33799,33805,36326,6,2521,2,36000,1.00238000793
33883,33889,36373,6,2484,2,36000,1.00241545894
33905,33911,36442,6,2531,2,36000,1.0023706045
33947,33953,36289,6,2336,2,36000,1.00256849315
34012,34020,37640,8,3620,2,18000,1.00220994475
34021,34027,36235,6,2208,2,36000,1.0027173913
34027,34033,36089,6,2056,2,36000,1.00291828794
34075,34081,36454,6,2373,2,36000,1.00252844501
34086,34092,36068,6,1976,2,36000,1.00303643725
34195,34201,36116,6,1915,2,36000,1.00313315927
34258,34265,36420,7,2155,2,36000,1.00324825986
34276,34286,37444,10,3158,2,18000,1.00316656111
34321,34327,36199,6,1872,2,36000,1.00320512821
34327,34333,36469,6,2136,2,36000,1.00280898876
34405,34411,36905,6,2494,2,36000,1.00240577386
34486,34496,37895,10,3399,2,18000,1.00294204178
34662,34673,37991,11,3318,2,18000,1.00331525015
34836,34845,38488,9,3643,2,18000,1.00247049135
35005,35011,36610,6,1599,2,36000,1.00375234522
35167,35173,36848,6,1675,2,36000,1.00358208955
35236,35242,37400,6,2158,2,36000,1.00278035218
35299,35305,37378,6,2073,2,36000,1.00289435601
35358,35368,38664,10,3296,2,18000,1.00303398058
35372,35378,36798,6,1420,2,36000,1.00422535211
35385,35394,39023,9,3629,2,18000,1.00248002204
35498,35508,38961,10,3453,2,18000,1.00289603244
35511,35518,37300,7,1782,2,36000,1.00392817059
35614,35624,39327,10,3703,2,18000,1.0027005131
36075,36081,38621,6,2540,2,36000,1.00236220472
36098,36104,37998,6,1894,2,36000,1.00316789863
36102,36112,39726,10,3614,2,18000,1.00276701716
36128,36134,38313,6,2179,2,36000,1.00275355668
36199,36205,38160,6,1955,2,36000,1.00306905371
36206,36212,38017,6,1805,2,36000,1.00332409972
36210,36218,39481,8,3263,2,18000,1.00245173154
36248,36254,38129,6,1875,2,36000,1.0032
36294,36300,38444,6,2144,2,36000,1.00279850746
36337,36344,38258,7,1914,2,36000,1.00365726228
36345,36354,40087,9,3733,2,18000,1.00241092955
36379,36385,38006,6,1621,2,36000,1.00370141888
36428,36434,37944,6,1510,2,36000,1.00397350993
36454,36460,37789,6,1329,2,36000,1.00451467269
36462,36468,38193,6,1725,2,36000,1.00347826087
36480,36486,37977,6,1491,2,36000,1.00402414487
36492,36502,39623,10,3121,2,18000,1.00320410125
36517,36526,40139,9,3613,2,18000,1.00249100471
36541,36549,40316,8,3767,2,18000,1.00212370587
36597,36604,40144,7,3540,2,18000,1.00197740113
36619,36625,39145,6,2520,2,36000,1.00238095238
36672,36681,40385,9,3704,2,18000,1.00242980562
36742,36751,40373,9,3622,2,18000,1.00248481502
36807,36813,39365,6,2552,2,36000,1.00235109718
36856,36862,39379,6,2517,2,36000,1.00238379023
36882,36890,40342,8,3452,2,18000,1.0023174971
36914,36920,39425,6,2505,2,36000,1.00239520958
37179,37189,40596,10,3407,2,18000,1.00293513355
37310,37317,39347,7,2030,2,36000,1.00344827586
37389,37395,39419,6,2024,2,36000,1.00296442688
37406,37412,39500,6,2088,2,36000,1.00287356322
37445,37455,40781,10,3326,2,18000,1.00300661455
37646,37651,41353,5,3702,2,18000,1.00135062129
37798,37804,39952,6,2148,2,36000,1.00279329609
37896,37906,41176,10,3270,2,18000,1.00305810398
37953,37959,40313,6,2354,2,36000,1.00254885302
37985,37991,40001,6,2010,2,36000,1.00298507463
37994,38002,41501,8,3499,2,18000,1.00228636753
38007,38014,40135,7,2121,2,36000,1.00330033003
38014,38020,40005,6,1985,2,36000,1.00302267003
38027,38033,40021,6,1988,2,36000,1.00301810865
38139,38145,40089,6,1944,2,36000,1.00308641975
38165,38171,40010,6,1839,2,36000,1.00326264274
38202,38208,40130,6,1922,2,36000,1.00312174818
38264,38270,40372,6,2102,2,36000,1.00285442436
38322,38328,40314,6,1986,2,36000,1.00302114804
38454,38460,40590,6,2130,2,36000,1.00281690141
38490,38500,42070,10,3570,2,18000,1.00280112045
38632,38638,40504,6,1866,2,36000,1.00321543408
38667,38676,42312,9,3636,2,18000,1.00247524752
38963,38972,42475,9,3503,2,18000,1.00256922638
39026,39034,42545,8,3511,2,18000,1.00227855312
39150,39156,41436,6,2280,2,36000,1.00263157895
39330,39338,42945,8,3607,2,18000,1.00221790962
39358,39364,41162,6,1798,2,36000,1.00333704116
39372,39379,41327,7,1948,2,36000,1.00359342916
39387,39393,41168,6,1775,2,36000,1.00338028169
39431,39438,41386,7,1948,2,36000,1.00359342916
39433,39443,41269,10,1826,2,36000,1.00547645126
39485,39492,43087,7,3595,2,18000,1.00194714882
39511,39518,41341,7,1823,2,36000,1.00383982447
39625,39634,42753,9,3119,2,18000,1.00288554024
39729,39737,42816,8,3079,2,18000,1.00259824618
39959,39965,41788,6,1823,2,36000,1.00329127811
40011,40016,42001,5,1985,2,36000,1.00251889169
40011,40022,42005,11,1983,2,36000,1.00554715078
40017,40028,41930,11,1902,2,36000,1.00578338591
40030,40036,41995,6,1959,2,36000,1.00306278714
40088,40098,43665,10,3567,2,18000,1.00280347631
40096,40104,42594,8,2490,2,36000,1.00321285141
40136,40142,42527,6,2385,2,36000,1.00251572327
40140,40148,43248,8,3100,2,18000,1.00258064516
40147,40154,42552,7,2398,2,36000,1.00291909925
40153,40160,42512,7,2352,2,36000,1.00297619048
40155,40324,43417,169,3093,2,18000,1.05463950857
40319,40330,43530,11,3200,2,18000,1.0034375
40325,40336,42780,11,2444,2,36000,1.00450081833
40343,40353,43828,10,3475,2,18000,1.00287769784
40377,40382,43648,5,3266,2,18000,1.00153092468
40382,40389,42874,7,2485,2,36000,1.00281690141
40392,40398,43592,6,3194,2,18000,1.00187852223
40511,40517,42996,6,2479,2,36000,1.00242033078
40598,40605,43672,7,3067,2,18000,1.00228236061
40604,40611,42756,7,2145,2,36000,1.00326340326
40784,40792,44353,8,3561,2,18000,1.00224655996
41171,41177,42938,6,1761,2,36000,1.00340715503
41177,41183,43508,6,2325,2,36000,1.00258064516
41178,41189,44452,11,3263,2,18000,1.00337113086
41280,41286,43294,6,2008,2,36000,1.00298804781
41336,41342,43381,6,2039,2,36000,1.00294261893
41348,41354,43254,6,1900,2,36000,1.00315789474
41354,41364,45082,10,3718,2,18000,1.00268961807
41393,41399,43515,6,2116,2,36000,1.00283553875
41444,41451,43880,7,2429,2,36000,1.00288184438
41505,41512,44896,7,3384,2,18000,1.00206855792
41797,41803,43280,6,1477,2,36000,1.00406228842
41937,41943,44319,6,2376,2,36000,1.00252525253
42005,42011,44418,6,2407,2,36000,1.00249272954
42011,42016,44378,5,2362,2,36000,1.00211685013
42011,42023,44362,12,2339,2,36000,1.00513039761
42072,42081,45591,9,3510,2,18000,1.00256410256
42315,42323,45618,8,3295,2,18000,1.00242792109
42476,42486,45887,10,3401,2,18000,1.00294031167
42521,42528,44722,7,2194,2,36000,1.0031905196
42533,42538,44507,5,1969,2,36000,1.00253936008
42549,42556,46300,7,3744,2,18000,1.00186965812
42559,42565,44621,6,2056,2,36000,1.00291828794
42602,42608,44647,6,2039,2,36000,1.00294261893
42755,42764,46107,9,3343,2,18000,1.00269219264
42764,42770,45133,6,2363,2,36000,1.00253914515
42792,42798,45259,6,2461,2,36000,1.00243803332
42816,42827,46095,11,3268,2,18000,1.00336597307
42882,42888,45149,6,2261,2,36000,1.00265369306
42945,42952,45187,7,2235,2,36000,1.00313199105
42947,42958,46305,11,3347,2,18000,1.00328652525
43003,43009,45265,6,2256,2,36000,1.00265957447
43089,43098,46550,9,3452,2,18000,1.00260718424
43250,43260,46669,10,3409,2,18000,1.00293341156
43264,43270,45483,6,2213,2,36000,1.00271125169
43286,43291,45351,5,2060,2,36000,1.00242718447
43302,43308,45622,6,2314,2,36000,1.00259291271
43390,43396,45824,6,2428,2,36000,1.00247116969
43420,43428,46857,8,3429,2,18000,1.0023330417
43516,43522,45399,6,1877,2,36000,1.0031965903
43521,43528,45265,7,1737,2,36000,1.00402993667
43532,43541,46850,9,3309,2,18000,1.00271985494
43592,43603,46676,11,3073,2,18000,1.00357956394
43650,43659,47221,9,3562,2,18000,1.00252667041
43668,43677,47398,9,3721,2,18000,1.00241870465
43681,43687,46161,6,2474,2,36000,1.00242522231
43683,43840,47496,157,3656,2,18000,1.04294310722
43830,43891,47142,61,3251,2,18000,1.0187634574
44327,44333,46343,6,2010,2,36000,1.00298507463
44356,44364,47789,8,3425,2,18000,1.00233576642
44370,44376,46328,6,1952,2,36000,1.00307377049
44388,44394,46592,6,2198,2,36000,1.00272975432
44428,44434,46423,6,1989,2,36000,1.00301659125
44455,44464,47661,9,3197,2,18000,1.00281513919
44516,44522,46937,6,2415,2,36000,1.00248447205
44629,44636,47118,7,2482,2,36000,1.0028203062
44654,44661,47063,7,2402,2,36000,1.00291423813
44730,44736,46994,6,2258,2,36000,1.00265721878
44898,44908,48496,10,3588,2,18000,1.002787068
45086,45094,48219,8,3125,2,18000,1.00256
45141,45147,47093,6,1946,2,36000,1.00308324769
45155,45161,47072,6,1911,2,36000,1.00313971743
45196,45202,47253,6,2051,2,36000,1.00292540224
45269,45275,47213,6,1938,2,36000,1.00309597523
45270,45281,47080,11,1799,2,36000,1.00611450806
45271,45286,46972,15,1686,2,36000,1.00889679715
45358,45364,46781,6,1417,2,36000,1.00423429781
45409,45416,46812,7,1396,2,36000,1.00501432665
45491,45497,47018,6,1521,2,36000,1.00394477318
45594,45602,48763,8,3161,2,18000,1.00253084467
45621,45630,48935,9,3305,2,18000,1.00272314675
45633,45639,47466,6,1827,2,36000,1.00328407225
45834,45840,47721,6,1881,2,36000,1.00318979266
45889,45898,49660,9,3762,2,18000,1.0023923445
46096,46106,49284,10,3178,2,18000,1.0031466331
46111,46118,49580,7,3462,2,18000,1.00202195263
46172,46178,48338,6,2160,2,36000,1.00277777778
46301,46311,49685,10,3374,2,18000,1.00296384114
46312,46317,48215,5,1898,2,36000,1.00263435195
46316,46339,49670,23,3331,2,18000,1.00690483338
46350,46356,48250,6,1894,2,36000,1.00316789863
46433,46440,48396,7,1956,2,36000,1.00357873211
46553,46561,50223,8,3662,2,18000,1.00218459858
46600,46606,48375,6,1769,2,36000,1.00339174675
46675,46680,50208,5,3528,2,18000,1.00141723356
46675,46687,48188,12,1501,2,36000,1.00799467022
46690,46793,49972,103,3179,2,18000,1.03240012583
46822,46828,48592,6,1764,2,36000,1.00340136054
46853,46861,50519,8,3658,2,18000,1.00218698742
46865,46871,48867,6,1996,2,36000,1.00300601202
46869,46949,50603,80,3654,2,18000,1.021893815
46981,46987,48994,6,2007,2,36000,1.00298953662
47000,47005,48947,5,1942,2,36000,1.00257466529
47023,47029,49109,6,2080,2,36000,1.00288461538
47074,47080,49081,6,2001,2,36000,1.00299850075
47080,47086,49333,6,2247,2,36000,1.00267022697
47088,47094,49045,6,1951,2,36000,1.00307534598
47102,47108,48913,6,1805,2,36000,1.00332409972
47126,47132,48976,6,1844,2,36000,1.0032537961
47143,47153,50486,10,3333,2,18000,1.00300030003
47219,47225,48891,6,1666,2,36000,1.00360144058
47223,47232,50433,9,3201,2,18000,1.00281162137
47264,47270,49219,6,1949,2,36000,1.0030785018
47400,47409,51032,9,3623,2,18000,1.00248412917
47472,47478,49079,6,1601,2,36000,1.00374765771
47496,47507,50840,11,3333,2,18000,1.00330033003
47663,47673,51147,10,3474,2,18000,1.00287852619
47728,47734,50273,6,2539,2,36000,1.00236313509
47789,47800,51519,11,3719,2,18000,1.00295778435
48197,48203,49799,6,1596,2,36000,1.0037593985
48221,48227,51851,6,3624,2,18000,1.00165562914
48227,48232,50197,5,1965,2,36000,1.00254452926
48258,48265,49694,7,1429,2,36000,1.00489853044
48346,48352,50841,6,2489,2,36000,1.00241060667
48382,48388,50901,6,2513,2,36000,1.00238758456
48407,48413,50447,6,2034,2,36000,1.00294985251
48498,48507,52077,9,3570,2,18000,1.0025210084
48601,48607,51018,6,2411,2,36000,1.00248859394
48764,48774,52137,10,3363,2,18000,1.00297353553
48878,48884,50697,6,1813,2,36000,1.00330943188
48897,48902,50799,5,1897,2,36000,1.00263574064
48920,48926,50747,6,1821,2,36000,1.00329489292
48937,48946,52342,9,3396,2,18000,1.00265017668
48954,48961,50832,7,1871,2,36000,1.0037413148
48986,48992,51075,6,2083,2,36000,1.00288046087
49000,49005,50639,5,1634,2,36000,1.00305997552
49051,49058,50819,7,1761,2,36000,1.0039750142
49088,49094,50817,6,1723,2,36000,1.00348229832
49089,49099,50939,10,1840,2,36000,1.00543478261
49118,49124,50788,6,1664,2,36000,1.00360576923
49227,49233,50975,6,1742,2,36000,1.00344431688
49287,49296,52406,9,3110,2,18000,1.00289389068
49341,49347,51680,6,2333,2,36000,1.00257179597
49582,49592,52890,10,3298,2,18000,1.00303214069
49664,49672,53173,8,3501,2,18000,1.00228506141
49676,49682,52123,6,2441,2,36000,1.00245800901
49679,49697,53192,18,3495,2,18000,1.00515021459
49694,49705,53003,11,3298,2,18000,1.00333535476
49810,49816,52361,6,2545,2,36000,1.00235756385
49975,49984,53329,9,3345,2,18000,1.00269058296
50203,50209,52441,6,2232,2,36000,1.00268817204
50210,50219,53795,9,3576,2,18000,1.00251677852
50225,50234,53521,9,3287,2,18000,1.00273805902
50279,50284,52636,5,2352,2,36000,1.00212585034
50436,50445,53484,9,3039,2,18000,1.00296150049
50456,50462,52923,6,2461,2,36000,1.00243803332
50488,50497,54097,9,3600,2,18000,1.0025
50523,50531,54124,8,3593,2,18000,1.00222655163
50604,50614,54179,10,3565,2,18000,1.00280504909
50649,50655,52697,6,2042,2,36000,1.00293829579
50706,50712,52791,6,2079,2,36000,1.00288600289
50754,50761,52664,7,1903,2,36000,1.00367840252
50799,50806,52795,7,1989,2,36000,1.00351935646
50806,50812,52772,6,1960,2,36000,1.00306122449
50824,50830,52679,6,1849,2,36000,1.0032449973
50825,50836,52865,11,2029,2,36000,1.00542138985
50838,50845,52807,7,1962,2,36000,1.00356778797
50843,50851,54298,8,3447,2,18000,1.00232085872
50852,50858,52955,6,2097,2,36000,1.00286123033
50909,50915,52632,6,1717,2,36000,1.00349446709
50945,50951,52713,6,1762,2,36000,1.00340522134
50982,50988,52930,6,1942,2,36000,1.00308959835
51028,51035,52906,7,1871,2,36000,1.0037413148
51035,51043,54539,8,3496,2,18000,1.00228832952
51084,51090,52882,6,1792,2,36000,1.00334821429
51151,51158,54794,7,3636,2,18000,1.00192519252
51521,51530,54709,9,3179,2,18000,1.00283107896
51610,51619,51671,9,52,1,72000,1.17307692308
51692,51698,53815,6,2117,2,36000,1.00283419934
51744,51751,91527,7,39776,1,72000,1.00017598552
51854,51862,55224,8,3362,2,18000,1.00237953599
52081,52088,55644,7,3556,2,18000,1.00196850394
52132,52138,53914,6,1776,2,36000,1.00337837838
52141,52148,55806,7,3658,2,18000,1.001913614
52344,52353,55423,9,3070,2,18000,1.00293159609
52369,52375,54226,6,1851,2,36000,1.00324149109
52409,52418,55955,9,3537,2,18000,1.00254452926
52448,52454,54488,6,2034,2,36000,1.00294985251
52638,52643,54494,5,1851,2,36000,1.00270124257
52644,52649,54452,5,1803,2,36000,1.00277315585
52675,52682,54442,7,1760,2,36000,1.00397727273
52689,52695,54362,6,1667,2,36000,1.00359928014
52707,52713,54632,6,1919,2,36000,1.00312662845
52721,52727,54215,6,1488,2,36000,1.00403225806
52777,52783,55223,6,2440,2,36000,1.00245901639
52797,52803,55290,6,2487,2,36000,1.00241254524
52804,52810,55166,6,2356,2,36000,1.0025466893
52817,52823,55368,6,2545,2,36000,1.00235756385
52874,52880,55275,6,2395,2,36000,1.00250521921
52886,52893,56476,7,3583,2,18000,1.00195367011
52898,52904,55364,6,2460,2,36000,1.00243902439
52913,52919,55367,6,2448,2,36000,1.00245098039
52933,52940,55450,7,2510,2,36000,1.00278884462
52941,52946,55432,5,2486,2,36000,1.00201126307
52962,52968,55418,6,2450,2,36000,1.00244897959
53006,53014,56062,8,3048,2,18000,1.00262467192
53175,53184,56458,9,3274,2,18000,1.00274893097
53193,53204,57057,11,3853,2,18000,1.00285491825
53332,53341,56705,9,3364,2,18000,1.00267538644
53486,53495,56902,9,3407,2,18000,1.00264162019
53524,53532,56719,8,3187,2,18000,1.00251019768
53795,53806,57244,11,3438,2,18000,1.00319953461
53825,53832,55887,7,2055,2,36000,1.00340632603
53923,53929,55692,6,1763,2,36000,1.00340328985
54101,54108,57466,7,3358,2,18000,1.00208457415
54126,54135,57437,9,3302,2,18000,1.00272562084
54180,54190,57332,10,3142,2,18000,1.00318268619
54223,54229,56735,6,2506,2,36000,1.00239425379
54237,54243,56708,6,2465,2,36000,1.00243407708
54299,54309,57755,10,3446,2,18000,1.00290191526
54370,54376,56615,6,2239,2,36000,1.00267976775
54448,54454,56508,6,2054,2,36000,1.0029211295
54460,54466,56362,6,1896,2,36000,1.00316455696
54496,54502,56986,6,2484,2,36000,1.00241545894
54501,54508,55995,7,1487,2,36000,1.00470746469
54542,54550,57873,8,3323,2,18000,1.00240746314
54639,54646,56887,7,2241,2,36000,1.00312360553
54711,54721,58316,10,3595,2,18000,1.00278164117
54796,54805,57882,9,3077,2,18000,1.00292492688
55175,55181,57555,6,2374,2,36000,1.00252737995
55226,55234,58627,8,3393,2,18000,1.00235779546
55234,55240,57382,6,2142,2,36000,1.00280112045
55281,55287,57185,6,1898,2,36000,1.00316122234
55299,55305,57377,6,2072,2,36000,1.0028957529
55374,55380,57899,6,2519,2,36000,1.00238189758
55374,55385,57929,11,2544,2,36000,1.00432389937
55375,55391,57862,16,2471,2,36000,1.00647511129
55425,55431,59129,6,3698,2,18000,1.00162249865
55434,55440,57977,6,2537,2,36000,1.00236499803
55441,55448,57806,7,2358,2,36000,1.00296861747
55461,55467,57910,6,2443,2,36000,1.00245599673
55646,55655,58992,9,3337,2,18000,1.00269703326
55700,55707,58080,7,2373,2,36000,1.00294985251
55809,55817,59286,8,3469,2,18000,1.0023061401
55898,55904,58191,6,2287,2,36000,1.00262352427
55959,55966,59348,7,3382,2,18000,1.00206978119
56001,56006,58409,5,2403,2,36000,1.00208073242
56063,56073,59387,10,3314,2,18000,1.00301750151
56368,56374,58804,6,2430,2,36000,1.0024691358
56460,56469,60018,9,3549,2,18000,1.00253592561
56478,56487,59994,9,3507,2,18000,1.00256629598
56515,56520,58973,5,2453,2,36000,1.00203832042
56625,56631,58621,6,1990,2,36000,1.00301507538
56709,56717,59945,8,3228,2,18000,1.00247831475
56717,56722,59027,5,2305,2,36000,1.0021691974
56724,56730,60042,6,3312,2,18000,1.0018115942
56742,56748,58877,6,2129,2,36000,1.00281822452
56896,56902,59136,6,2234,2,36000,1.00268576544
56905,56913,60012,8,3099,2,18000,1.0025814779
56995,57001,59361,6,2360,2,36000,1.00254237288
57058,57068,60463,10,3395,2,18000,1.0029455081
57194,57200,59306,6,2106,2,36000,1.00284900285
57245,57255,60301,10,3046,2,18000,1.00328299409
57334,57343,60705,9,3362,2,18000,1.00267697799
57388,57393,59642,5,2249,2,36000,1.00222321032
57388,57399,59807,11,2408,2,36000,1.00456810631
57440,57448,60749,8,3301,2,18000,1.00242350803
57469,57477,60544,8,3067,2,18000,1.00260841213
57565,57572,60033,7,2461,2,36000,1.00284437221
57758,57767,61151,9,3384,2,18000,1.00265957447
57814,57820,59836,6,2016,2,36000,1.00297619048
57872,57878,60332,6,2454,2,36000,1.00244498778
57875,57884,61212,9,3328,2,18000,1.00270432692
57890,57910,61154,20,3244,2,18000,1.00616522811
57890,57896,60219,6,2323,2,36000,1.00258286698
57918,57924,60166,6,2242,2,36000,1.00267618198
57937,57943,59954,6,2011,2,36000,1.00298359025
57985,57991,59642,6,1651,2,36000,1.00363416111
58087,58094,59651,7,1557,2,36000,1.00449582531
58199,58205,59532,6,1327,2,36000,1.00452147702
58318,58327,61847,9,3520,2,18000,1.00255681818
58420,58427,60151,7,1724,2,36000,1.00406032483
58630,58636,62029,6,3393,2,18000,1.0017683466
58636,58642,60444,6,1802,2,36000,1.00332963374
58811,58817,60760,6,1943,2,36000,1.00308800823
58883,58890,60796,7,1906,2,36000,1.0036726128
58979,58984,61093,5,2109,2,36000,1.00237079184
58995,59003,62181,8,3178,2,18000,1.00251730648
59000,59009,59151,9,142,35,21600,1.06338028169
59034,59040,60924,6,1884,2,36000,1.00318471338
59132,59140,62598,8,3458,2,18000,1.002313476
59144,59150,61229,6,2079,2,36000,1.00288600289
59290,59297,62438,7,3141,2,18000,1.00222858962
59317,59323,60719,6,1396,2,36000,1.00429799427
59351,59359,62924,8,3565,2,18000,1.00224403927
59369,59375,60971,6,1596,2,36000,1.0037593985
59390,59399,62751,9,3352,2,18000,1.0026849642
59556,59562,62037,6,2475,2,36000,1.00242424242
59660,59671,61381,11,1710,2,36000,1.00643274854
59660,59666,61645,6,1979,2,36000,1.00303183426
59661,59677,61750,16,2073,2,36000,1.00771828268
59817,59824,61758,7,1934,2,36000,1.00361944157
59846,59852,62008,6,2156,2,36000,1.00278293135
59949,59956,63639,7,3683,2,18000,1.00190062449
59963,59970,61724,7,1754,2,36000,1.00399087799
59996,60005,63292,9,3287,2,18000,1.00273805902
60015,60024,63702,9,3678,2,18000,1.00244698206
60027,60033,62137,6,2104,2,36000,1.00285171103
60029,60044,63027,15,2983,2,18000,1.0050284948
60044,60057,63166,13,3109,2,18000,1.00418140881
60045,60051,60316,6,265,7,21600,1.02264150943
60163,60169,62267,6,2098,2,36000,1.00285986654
60177,60183,61800,6,1617,2,36000,1.00371057514
60229,60235,62043,6,1808,2,36000,1.00331858407
60303,60312,63966,9,3654,2,18000,1.00246305419
60341,60347,62199,6,1852,2,36000,1.00323974082
60452,60459,62453,7,1994,2,36000,1.00351053159
60466,60474,63758,8,3284,2,18000,1.00243605359
60546,60555,64193,9,3638,2,18000,1.00247388675
60709,60716,64181,7,3465,2,18000,1.00202020202
60729,60735,63181,6,2446,2,36000,1.00245298446
60752,60760,64169,8,3409,2,18000,1.00234672925
60769,60775,63181,6,2406,2,36000,1.00249376559
60803,60810,63086,7,2276,2,36000,1.00307557118
60931,60938,62453,7,1515,2,36000,1.00462046205
60961,60967,178925,6,117958,5,144000,1.00005086556
60979,60985,62794,6,1809,2,36000,1.00331674959
61102,61108,62987,6,1879,2,36000,1.00319318787
61156,61162,64455,6,3293,2,18000,1.00182204677
61157,61168,64584,11,3416,2,18000,1.00322014052
61217,61240,62943,23,1703,2,36000,1.01350557839
61217,61223,64456,6,3233,2,18000,1.00185586143
61391,61397,63829,6,2432,2,36000,1.00246710526
61652,61658,64109,6,2451,2,36000,1.00244798042
61731,61737,64190,6,2453,2,36000,1.00244598451
61757,61763,64234,6,2471,2,36000,1.00242816673
61764,61770,64168,6,2398,2,36000,1.00250208507
61811,61817,64277,6,2460,2,36000,1.00243902439
61850,61859,65458,9,3599,2,18000,1.00250069464
62019,62025,63499,6,1474,2,36000,1.00407055631
62031,62041,65518,10,3477,2,18000,1.00287604257
62044,62051,63768,7,1717,2,36000,1.00407687828
62051,62057,63738,6,1681,2,36000,1.00356930399
62145,62151,64010,6,1859,2,36000,1.00322754169
62185,62192,65585,7,3393,2,18000,1.00206307103
62208,62214,64753,6,2539,2,36000,1.00236313509
62274,62281,64607,7,2326,2,36000,1.0030094583
62441,62449,66025,8,3576,2,18000,1.00223713647
62462,62468,65015,6,2547,2,36000,1.0023557126
62463,62473,64947,10,2474,2,36000,1.00404203719
62600,62609,66261,9,3652,2,18000,1.00246440307
62753,62763,66357,10,3594,2,18000,1.00278241514
62804,62810,65208,6,2398,2,36000,1.00250208507
62927,62935,66277,8,3342,2,18000,1.00239377618
62951,62957,64919,6,1962,2,36000,1.00305810398
62998,63004,65265,6,2261,2,36000,1.00265369306
63030,63038,66452,8,3414,2,18000,1.00234329233
63097,63103,65255,6,2152,2,36000,1.00278810409
63168,63177,66645,9,3468,2,18000,1.00259515571
63188,63194,65304,6,2110,2,36000,1.0028436019
63189,63200,65118,11,1918,2,36000,1.00573514077
63293,63303,66781,10,3478,2,18000,1.00287521564
63506,63512,64974,6,1462,2,36000,1.00410396717
63640,63650,66975,10,3325,2,18000,1.0030075188
63705,63713,66840,8,3127,2,18000,1.00255836265
63749,63755,65648,6,1893,2,36000,1.00316957211
63760,63769,66911,9,3142,2,18000,1.00286441757
63773,63778,65994,5,2216,2,36000,1.00225631769
63835,63840,65686,5,1846,2,36000,1.00270855905
63969,63978,67689,9,3711,2,18000,1.00242522231
64019,64025,65787,6,1762,2,36000,1.00340522134
64119,64125,65682,6,1557,2,36000,1.00385356455
64172,64180,67499,8,3319,2,18000,1.00241036457
64175,64186,66018,11,1832,2,36000,1.00600436681
64187,64193,67638,6,3445,2,18000,1.00174165457
64199,64205,66389,6,2184,2,36000,1.00274725275
64199,64210,66121,11,1911,2,36000,1.00575614861
64202,64246,67705,44,3459,2,18000,1.01272043943
64284,64290,66210,6,1920,2,36000,1.003125
64458,64466,68105,8,3639,2,18000,1.00219840616
64459,64472,68003,13,3531,2,18000,1.00368167658
64588,64595,67869,7,3274,2,18000,1.00213805742
64616,64622,67058,6,2436,2,36000,1.00246305419
64762,64769,67100,7,2331,2,36000,1.003003003
64929,64935,67392,6,2457,2,36000,1.00244200244
64954,64960,67288,6,2328,2,36000,1.00257731959
64985,64991,67300,6,2309,2,36000,1.0025985275
65028,65034,66748,6,1714,2,36000,1.00350058343
65125,65131,67203,6,2072,2,36000,1.0028957529
65187,65193,82185,6,16992,7,86400,1.00035310734
65216,65222,67049,6,1827,2,36000,1.00328407225
65262,65268,67416,6,2148,2,36000,1.00279329609
65274,65280,67475,6,2195,2,36000,1.00273348519
65314,65320,66855,6,1535,2,36000,1.00390879479
65460,65469,68466,9,2997,2,18000,1.003003003
65522,65529,69233,7,3704,2,18000,1.00188984881
65587,65597,68951,10,3354,2,18000,1.00298151461
65655,65661,68032,6,2371,2,36000,1.00253057782
65689,65695,67684,6,1989,2,36000,1.00301659125
65696,65702,67230,6,1528,2,36000,1.00392670157
65796,65802,67827,6,2025,2,36000,1.00296296296
66004,66010,68314,6,2304,2,36000,1.00260416667
66027,66033,69646,6,3613,2,18000,1.0016606698
66027,66039,68287,12,2248,2,36000,1.00533807829
66131,66137,68372,6,2235,2,36000,1.00268456376
66216,66222,68206,6,1984,2,36000,1.00302419355
66262,66272,69646,10,3374,2,18000,1.00296384114
66282,66289,69671,7,3382,2,18000,1.00206978119
66359,66368,69567,9,3199,2,18000,1.00281337918
66395,66401,68142,6,1741,2,36000,1.00344629523
66454,66463,70077,9,3614,2,18000,1.00249031544
66647,66656,70127,9,3471,2,18000,1.00259291271
66756,66762,68683,6,1921,2,36000,1.00312337324
66784,66792,70401,8,3609,2,18000,1.00221668052
66842,66852,70327,10,3475,2,18000,1.00287769784
66864,66870,68698,6,1828,2,36000,1.00328227571
66914,66922,70363,8,3441,2,18000,1.00232490555
66978,66986,70507,8,3521,2,18000,1.00227208179
67060,67066,69541,6,2475,2,36000,1.00242424242
67066,67072,69554,6,2482,2,36000,1.00241740532
67107,67113,69654,6,2541,2,36000,1.00236127509
67211,67217,69546,6,2329,2,36000,1.00257621297
67237,67243,69679,6,2436,2,36000,1.00246305419
67294,67300,69326,6,2026,2,36000,1.00296150049
67310,67316,69694,6,2378,2,36000,1.00252312868
67403,67409,69383,6,1974,2,36000,1.00303951368
67424,67430,69740,6,2310,2,36000,1.0025974026
67481,67487,69316,6,1829,2,36000,1.00328048114
67500,67510,70912,10,3402,2,18000,1.00293944738
67639,67649,70813,10,3164,2,18000,1.00316055626
67691,67703,71167,12,3464,2,18000,1.00346420323
67691,67697,70077,6,2380,2,36000,1.0025210084
67706,67716,71006,10,3290,2,18000,1.00303951368
67835,67841,70010,6,2169,2,36000,1.00276625173
67872,67881,71454,9,3573,2,18000,1.00251889169
68007,68014,71569,7,3555,2,18000,1.00196905767
68040,68046,70011,6,1965,2,36000,1.00305343511
68107,68116,71926,9,3810,2,18000,1.00236220472
68149,68155,70503,6,2348,2,36000,1.00255536627
68216,68222,70670,6,2448,2,36000,1.00245098039
68293,68300,70412,7,2112,2,36000,1.00331439394
68320,68325,70376,5,2051,2,36000,1.0024378352
68377,68383,70376,6,1993,2,36000,1.00301053688
68467,68477,71967,10,3490,2,18000,1.00286532951
68692,68698,70645,6,1947,2,36000,1.0030816641
68708,68714,70990,6,2276,2,36000,1.00263620387
68953,68962,72358,9,3396,2,18000,1.00265017668
69235,69244,72237,9,2993,2,18000,1.00300701637
69325,69331,71515,6,2184,2,36000,1.00274725275
69336,69342,71044,6,1702,2,36000,1.00352526439
69389,69395,71838,6,2443,2,36000,1.00245599673
69550,69556,71548,6,1992,2,36000,1.00301204819
69555,69562,71784,7,2222,2,36000,1.00315031503
69561,69568,71648,7,2080,2,36000,1.00336538462
69568,69579,72852,11,3273,2,18000,1.00336083104
69647,69657,73243,10,3586,2,18000,1.00278862242
69649,69662,73276,13,3614,2,18000,1.0035971223
69665,69671,71705,6,2034,2,36000,1.00294985251
69673,69682,73321,9,3639,2,18000,1.00247320692
69686,69692,71818,6,2126,2,36000,1.00282220132
69702,69708,71557,6,1849,2,36000,1.0032449973
69749,69755,71656,6,1901,2,36000,1.00315623356
70017,70029,72467,12,2438,2,36000,1.00492206727
70017,70023,72437,6,2414,2,36000,1.00248550124
70078,70088,73784,10,3696,2,18000,1.00270562771
70085,70094,72419,9,2325,2,36000,1.00387096774
70130,70138,73707,8,3569,2,18000,1.00224152424
70330,70339,73965,9,3626,2,18000,1.00248207391
70367,70374,73998,7,3624,2,18000,1.00193156733
70385,70396,72844,11,2448,2,36000,1.00449346405
70385,70390,72536,5,2146,2,36000,1.00232991612
70403,70413,73718,10,3305,2,18000,1.00302571861
70422,70428,72195,6,1767,2,36000,1.00339558574
70509,70515,74176,6,3661,2,18000,1.00163889648
70514,70521,72409,7,1888,2,36000,1.00370762712
70654,70661,72354,7,1693,2,36000,1.00413467218
70676,70682,72054,6,1372,2,36000,1.00437317784
70816,70824,74264,8,3440,2,18000,1.0023255814
70913,70923,74508,10,3585,2,18000,1.00278940028
70999,71005,72741,6,1736,2,36000,1.0034562212
71007,71017,74509,10,3492,2,18000,1.00286368843
71051,71057,72988,6,1931,2,36000,1.00310719834
71170,71178,74578,8,3400,2,18000,1.00235294118
71456,71466,74991,10,3525,2,18000,1.00283687943
71524,71530,73508,6,1978,2,36000,1.00303336704
71556,71562,73395,6,1833,2,36000,1.00327332242
71566,71572,73505,6,1933,2,36000,1.00310398345
71571,71580,75266,9,3686,2,18000,1.00244167119
71654,71660,73497,6,1837,2,36000,1.00326619488
71665,71671,73264,6,1593,2,36000,1.00376647834
71711,71718,73390,7,1672,2,36000,1.00418660287
71794,71800,73464,6,1664,2,36000,1.00360576923
71826,71832,73481,6,1649,2,36000,1.00363856883
71870,71876,74258,6,2382,2,36000,1.00251889169
71928,71937,75297,9,3360,2,18000,1.00267857143
71970,71978,75477,8,3499,2,18000,1.00228636753
72059,72065,74376,6,2311,2,36000,1.00259627867
72143,72150,72151,7,1,2,300,1.0
72202,72208,74307,6,2099,2,36000,1.00285850405
72237,72243,72244,6,1,2,300,1.0
72240,72249,75802,9,3553,2,18000,1.00253307064
72358,72365,75754,7,3389,2,18000,1.00206550605
72366,72372,74165,6,1793,2,36000,1.0033463469
72418,72424,74346,6,1922,2,36000,1.00312174818
72429,72435,74421,6,1986,2,36000,1.00302114804
72445,72451,74393,6,1942,2,36000,1.00308959835
72476,72482,74340,6,1858,2,36000,1.00322927879
72543,72549,74723,6,2174,2,36000,1.0027598896
72747,72753,74860,6,2107,2,36000,1.00284765069
72850,72856,74504,6,1648,2,36000,1.0036407767
72855,72864,76308,9,3444,2,18000,1.00261324042
72994,73000,74661,6,1661,2,36000,1.00361228176
73243,73254,76791,11,3537,2,18000,1.00310998021
73271,73277,75682,6,2405,2,36000,1.00249480249
73280,73288,77029,8,3741,2,18000,1.00213846565
73322,73332,76718,10,3386,2,18000,1.00295333727
73397,73403,75790,6,2387,2,36000,1.00251361542
73403,73409,75937,6,2528,2,36000,1.00237341772
73473,73479,75598,6,2119,2,36000,1.0028315243
73490,73496,75463,6,1967,2,36000,1.00305033045
73506,73512,75550,6,2038,2,36000,1.00294406281
73512,73518,75737,6,2219,2,36000,1.00270392068
73517,73524,75305,7,1781,2,36000,1.00393037619
73708,73718,77260,10,3542,2,18000,1.00282326369
73723,73729,77037,6,3308,2,18000,1.00181378476
73787,73796,77245,9,3449,2,18000,1.00260945202
73965,73976,77246,11,3270,2,18000,1.00336391437
73999,74009,77613,10,3604,2,18000,1.00277469478
74173,74180,76642,7,2462,2,36000,1.0028432169
74177,74187,77756,10,3569,2,18000,1.0028019053
74265,74271,77533,6,3262,2,18000,1.00183936235
74272,74277,76792,5,2515,2,36000,1.00198807157
74313,74319,76865,6,2546,2,36000,1.00235663786
74350,74356,76841,6,2485,2,36000,1.00241448692
74356,74362,76844,6,2482,2,36000,1.00241740532
74382,74388,76732,6,2344,2,36000,1.00255972696
74403,74410,76862,7,2452,2,36000,1.0028548124
74430,74436,76882,6,2446,2,36000,1.00245298446
74508,74515,78179,7,3664,2,18000,1.00191048035
74521,74532,77069,11,2537,2,36000,1.00433582972
74521,74527,77071,6,2544,2,36000,1.00235849057
74523,74589,78248,66,3659,2,18000,1.01803771522
74581,74672,77988,91,3316,2,18000,1.02744270205
74731,74737,76270,6,1533,2,36000,1.00391389432
74869,74875,76513,6,1638,2,36000,1.00366300366
74992,75003,78396,11,3393,2,18000,1.00324196876
75003,75010,75034,7,24,2,300,1.29166666667
75013,75019,75045,6,26,2,300,1.23076923077
75042,75048,75099,6,51,2,300,1.11764705882
75053,75059,75112,6,53,2,300,1.11320754717
75107,75113,75314,6,201,2,300,1.02985074627
75120,75126,75358,6,232,2,300,1.02586206897
75268,75277,78883,9,3606,2,18000,1.00249584027
75299,75308,78792,9,3484,2,18000,1.00258323766
75312,75319,77851,7,2532,2,36000,1.00276461295
75322,75328,75345,6,17,2,300,1.35294117647
75352,75358,75384,6,26,2,300,1.23076923077
75367,75373,75389,6,16,2,300,1.375
75398,75404,75437,6,33,2,300,1.18181818182
75445,75451,75484,6,33,2,300,1.18181818182
75474,75480,77944,6,2464,2,36000,1.00243506494
75478,75488,78713,10,3225,2,18000,1.00310077519
75492,75498,75809,6,311,2,300,1.0192926045
75519,75525,75831,6,306,2,300,1.01960784314
75558,75564,77570,6,2006,2,36000,1.00299102692
75605,75611,77984,6,2373,2,36000,1.00252844501
75688,75694,77792,6,2098,2,36000,1.00285986654
75745,75751,77931,6,2180,2,36000,1.00275229358
75758,75766,79188,8,3422,2,18000,1.00233781414
75800,75806,77386,6,1580,2,36000,1.00379746835
75804,75813,79307,9,3494,2,18000,1.0025758443
75864,75870,76115,6,245,2,360,1.02448979592
75945,75951,77909,6,1958,2,36000,1.00306435138
76281,76287,78135,6,1848,2,36000,1.00324675325
76311,76319,79682,8,3363,2,18000,1.00237882843
76521,76527,78628,6,2101,2,36000,1.00285578296
76651,76657,78808,6,2151,2,36000,1.00278940028
76721,76730,80367,9,3637,2,18000,1.00247456695
76741,76747,78533,6,1786,2,36000,1.00335946249
76794,76802,80464,8,3662,2,18000,1.00218459858
76799,76808,78359,9,1551,2,36000,1.00580270793
76852,76863,79006,11,2143,2,36000,1.00513299113
76852,76858,78806,6,1948,2,36000,1.00308008214
76868,76875,78891,7,2016,2,36000,1.00347222222
76874,76881,78897,7,2016,2,36000,1.00347222222
76890,76896,78681,6,1785,2,36000,1.00336134454
77031,77040,80416,9,3376,2,18000,1.00266587678
77046,77051,79013,5,1962,2,36000,1.00254841998
77046,77080,80755,34,3675,2,18000,1.00925170068
77078,77086,79185,8,2099,2,36000,1.00381133873
77248,77255,80491,7,3236,2,18000,1.0021631644
77249,77261,80405,12,3144,2,18000,1.00381679389
77264,77270,80595,6,3325,2,18000,1.00180451128
77395,77401,79678,6,2277,2,36000,1.00263504611
77534,77544,80636,10,3092,2,18000,1.00323415265
77580,77586,79615,6,2029,2,36000,1.00295712173
77617,77624,80627,7,3003,2,18000,1.00233100233
77756,77767,80988,11,3221,2,18000,1.00341508848
77798,77805,79706,7,1901,2,36000,1.00368227249
77856,77862,79807,6,1945,2,36000,1.0030848329
77915,77920,79886,5,1966,2,36000,1.00254323499
77941,77947,79708,6,1761,2,36000,1.00340715503
77952,77959,79591,7,1632,2,36000,1.00428921569
77992,77998,81687,6,3689,2,18000,1.00162645703
77995,78004,79493,9,1489,2,36000,1.00604432505
78145,78151,80110,6,1959,2,36000,1.00306278714
78180,78190,81880,10,3690,2,18000,1.0027100271
78250,78259,81830,9,3571,2,18000,1.00252030244
78359,78365,78433,6,68,2,3540,1.08823529412
78361,78371,78433,10,62,2,3540,1.16129032258
78368,78377,80775,9,2398,2,36000,1.00375312761
78400,78407,82154,7,3747,2,18000,1.0018681612
78541,78547,81088,6,2541,2,36000,1.00236127509
78637,78643,80834,6,2191,2,36000,1.00273847558
78690,78696,80727,6,2031,2,36000,1.00295420975
78716,78725,81908,9,3183,2,18000,1.00282752121
78795,78803,82104,8,3301,2,18000,1.00242350803
78811,78817,81141,6,2324,2,36000,1.00258175559
78817,78822,81212,5,2390,2,36000,1.00209205021
78884,78894,82288,10,3394,2,18000,1.00294637596
78901,78907,81009,6,2102,2,36000,1.00285442436
78907,78913,80899,6,1986,2,36000,1.00302114804
79016,79022,80997,6,1975,2,36000,1.00303797468
79022,79028,81042,6,2014,2,36000,1.00297914598
79191,79197,82600,6,3403,2,18000,1.00176315016
79195,79203,80947,8,1744,2,36000,1.00458715596
79309,79318,82845,9,3527,2,18000,1.00255174369
79500,79506,81266,6,1760,2,36000,1.00340909091
79598,79604,82106,6,2502,2,36000,1.00239808153
79625,79631,82147,6,2516,2,36000,1.00238473768
79685,79691,82826,6,3135,2,18000,1.0019138756
79687,79697,81950,10,2253,2,36000,1.00443852641
79715,79721,81527,6,1806,2,36000,1.00332225914
79717,79727,82086,10,2359,2,36000,1.00423908436
79818,79824,82076,6,2252,2,36000,1.0026642984
79898,79904,82146,6,2242,2,36000,1.00267618198
80116,80122,82473,6,2351,2,36000,1.00255210549
80371,80378,83823,7,3445,2,18000,1.00203193033
80407,80416,83836,9,3420,2,18000,1.00263157895
80426,80433,84079,7,3646,2,18000,1.00191991223
80474,80480,84008,6,3528,2,18000,1.00170068027
80512,80518,82404,6,1886,2,36000,1.00318133616
80515,80638,83985,123,3347,2,18000,1.03674932776
80599,80606,83808,7,3202,2,18000,1.00218613367
80633,80648,84292,15,3644,2,18000,1.00411635565
80648,80738,83682,90,2944,2,18000,1.03057065217
80758,80766,83870,8,3104,2,18000,1.00257731959
80786,80792,83030,6,2238,2,36000,1.00268096515
80842,80849,83184,7,2335,2,36000,1.00299785867
80914,80921,83299,7,2378,2,36000,1.00294365013
80960,80966,83221,6,2255,2,36000,1.00266075388
80993,81000,84636,7,3636,2,18000,1.00192519252
81004,81010,83394,6,2384,2,36000,1.00251677852
81015,81020,83392,5,2372,2,36000,1.0021079258
81048,81054,83176,6,2122,2,36000,1.00282752121
81100,81106,83328,6,2222,2,36000,1.00270027003
81152,81158,83379,6,2221,2,36000,1.00270148582
81226,81232,83367,6,2135,2,36000,1.00281030445
81279,81285,83718,6,2433,2,36000,1.00246609125
81539,81545,83500,6,1955,2,36000,1.00306905371
81692,81698,84766,6,3068,2,18000,1.00195567145
81839,81845,85422,6,3577,2,18000,1.00167738328
81890,81896,85534,6,3638,2,18000,1.00164925783
81893,81924,84333,31,2409,2,36000,1.01286841013
81921,81961,85155,40,3194,2,18000,1.01252348153
82087,82093,84549,6,2456,2,36000,1.00244299674
82100,82106,84237,6,2131,2,36000,1.00281557954
82116,82122,84421,6,2299,2,36000,1.00260983036
82119,82128,85392,9,3264,2,18000,1.00275735294
82154,82160,84676,6,2516,2,36000,1.00238473768
82154,82165,85869,11,3704,2,18000,1.00296976242
82165,82171,84705,6,2534,2,36000,1.00236779795
82298,82304,86024,6,3720,2,18000,1.00161290323
82421,82427,84589,6,2162,2,36000,1.00277520814
82486,82492,84238,6,1746,2,36000,1.00343642612
82605,82612,86301,7,3689,2,18000,1.00189753321
82844,82850,85321,6,2471,2,36000,1.00242816673
82848,82857,86362,9,3505,2,18000,1.00256776034
82849,83041,86382,192,3341,2,18000,1.057467824
83192,83198,85244,6,2046,2,36000,1.00293255132
83195,83204,85614,9,2410,2,36000,1.00373443983
83234,83241,85483,7,2242,2,36000,1.00312221231
83312,83318,85407,6,2089,2,36000,1.00287218765
83340,83346,85752,6,2406,2,36000,1.00249376559
83372,83378,85202,6,1824,2,36000,1.00328947368
83393,83399,85122,6,1723,2,36000,1.00348229832
83405,83411,85034,6,1623,2,36000,1.00369685767
83408,83417,84742,9,1325,2,36000,1.00679245283
83510,83516,85113,6,1597,2,36000,1.00375704446
83687,83694,87190,7,3496,2,18000,1.00200228833
83724,83730,85688,6,1958,2,36000,1.00306435138
83817,83823,85742,6,1919,2,36000,1.00312662845
83819,83834,87197,15,3363,2,18000,1.0044603033
83837,83849,87024,12,3175,2,18000,1.00377952756
83839,83897,87354,58,3457,2,18000,1.01677755279
83896,83997,87254,101,3257,2,18000,1.03101013202
83997,84019,87626,22,3607,2,18000,1.00609925146
84019,84090,87895,71,3805,2,18000,1.01865965834
84087,84248,87766,161,3518,2,18000,1.045764639
84249,84256,86305,7,2049,2,36000,1.00341630063
84300,84306,86497,6,2191,2,36000,1.00273847558
84301,84345,87988,44,3643,2,18000,1.01207795773
84428,84434,86535,6,2101,2,36000,1.00285578296
84558,84564,86548,6,1984,2,36000,1.00302419355
84597,84603,86542,6,1939,2,36000,1.00309437855
84643,84649,88377,6,3728,2,18000,1.00160944206
84688,84695,86313,7,1618,2,36000,1.0043263288
84711,84717,86290,6,1573,2,36000,1.00381436745
84748,84755,86246,7,1491,2,36000,1.00469483568
84772,84778,86558,6,1780,2,36000,1.00337078652
84773,85046,88514,273,3468,2,18000,1.07871972318
85128,85134,87491,6,2357,2,36000,1.00254560882
85131,85140,87621,9,2481,2,36000,1.00362756953
85166,85173,87620,7,2447,2,36000,1.00286064569
85167,85213,88715,46,3502,2,18000,1.01313535123
85251,85258,87516,7,2258,2,36000,1.00310008857
85327,85332,87802,5,2470,2,36000,1.0020242915
85405,85418,87326,13,1908,2,36000,1.00681341719
85405,85411,89015,6,3604,2,18000,1.00166481687
85426,85434,88945,8,3511,2,18000,1.00227855312
85494,85500,87655,6,2155,2,36000,1.00278422274
85544,85550,88688,6,3138,2,18000,1.00191204589
85626,85632,87268,6,1636,2,36000,1.00366748166
85698,85705,87361,7,1656,2,36000,1.00422705314
85754,85760,87850,6,2090,2,36000,1.0028708134
85763,85769,87582,6,1813,2,36000,1.00330943188
85886,85892,87675,6,1783,2,36000,1.00336511497
85887,86035,89459,148,3424,2,18000,1.04322429907
86031,86258,89480,227,3222,2,18000,1.0704531347
86299,86306,87953,7,1647,2,36000,1.00425015179
86312,86318,88014,6,1696,2,36000,1.00353773585
86324,86330,88143,6,1813,2,36000,1.00330943188
86327,86336,88559,9,2223,2,36000,1.004048583
86327,86384,89686,57,3302,2,18000,1.01726226529
86384,86393,89780,9,3387,2,18000,1.00265721878
86385,86508,89837,123,3329,2,18000,1.03694803244
86562,86568,88560,6,1992,2,36000,1.00301204819
86567,86574,88962,7,2388,2,36000,1.00293132328
86570,86580,89072,10,2492,2,36000,1.00401284109
86573,86585,89076,12,2491,2,36000,1.00481734243
87041,87047,88430,6,1383,2,36000,1.00433839479
87048,87201,90920,153,3719,2,18000,1.04114009142
87201,87208,90645,7,3437,2,18000,1.00203665988
87202,87265,90396,63,3131,2,18000,1.02012136698
87261,87279,90936,18,3657,2,18000,1.00492206727
87336,87342,89638,6,2296,2,36000,1.00261324042
87355,87365,91004,10,3639,2,18000,1.00274800769
87374,87380,89847,6,2467,2,36000,1.00243210377
87503,87509,90007,6,2498,2,36000,1.00240192154
87524,87530,89934,6,2404,2,36000,1.00249584027
87588,87593,89948,5,2355,2,36000,1.00212314225
87626,87632,90090,6,2458,2,36000,1.00244100895
87630,87638,90156,8,2518,2,36000,1.0031771247
87643,87649,90788,6,3139,2,18000,1.00191143676
87667,87674,90072,7,2398,2,36000,1.00291909925
87681,87687,90042,6,2355,2,36000,1.0025477707
87778,87785,91094,7,3309,2,18000,1.00211544273
87814,87820,90336,6,2516,2,36000,1.00238473768
87860,87866,90274,6,2408,2,36000,1.00249169435
87903,87909,91184,6,3275,2,18000,1.00183206107
87964,87970,90487,6,2517,2,36000,1.00238379023
87996,88003,91467,7,3464,2,18000,1.00202078522
88024,88030,89795,6,1765,2,36000,1.00339943343
88161,88167,90350,6,2183,2,36000,1.00274851122
88384,88390,91726,6,3336,2,18000,1.00179856115
88441,88447,90990,6,2543,2,36000,1.00235941801
88538,88544,91096,6,2552,2,36000,1.00235109718
88541,88570,92009,29,3439,2,18000,1.00843268392
88573,88579,91117,6,2538,2,36000,1.00236406619
88697,88703,92212,6,3509,2,18000,1.00170988886
88699,88726,91222,27,2496,2,36000,1.01081730769
88721,88973,92645,252,3672,2,18000,1.06862745098
88949,88958,92566,9,3608,2,18000,1.00249445676
89024,89030,92575,6,3545,2,18000,1.00169252468
89027,89083,91558,56,2475,2,36000,1.02262626263
89094,89100,91138,6,2038,2,36000,1.00294406281
89470,89491,93104,21,3613,2,18000,1.00581234431
89470,89476,91646,6,2170,2,36000,1.00276497696
89489,89650,92793,161,3143,2,18000,1.05122494432
89714,89721,91576,7,1855,2,36000,1.00377358491
89715,89794,93273,79,3479,2,18000,1.02270767462
89792,89806,93200,14,3394,2,18000,1.00412492634
89841,89849,93387,8,3538,2,18000,1.0022611645
89853,89859,92407,6,2548,2,36000,1.00235478807
89940,89947,92277,7,2330,2,36000,1.00300429185
89962,89968,91557,6,1589,2,36000,1.00377595972
90012,90018,91946,6,1928,2,36000,1.0031120332
90051,90057,91845,6,1788,2,36000,1.0033557047
90078,90084,92009,6,1925,2,36000,1.00311688312
90100,90106,92191,6,2085,2,36000,1.00287769784
90167,90174,91852,7,1678,2,36000,1.0041716329
90281,90287,92224,6,1937,2,36000,1.00309757357
90350,90356,92327,6,1971,2,36000,1.00304414003
90362,90369,92261,7,1892,2,36000,1.00369978858
90404,90499,92555,95,2056,2,36000,1.04620622568
90404,90410,93727,6,3317,2,18000,1.00180886343
90651,90657,93912,6,3255,2,18000,1.00184331797
90811,90818,92795,7,1977,2,36000,1.00354071826
90817,90931,94495,114,3564,2,18000,1.03198653199
90931,90947,94244,16,3297,2,18000,1.00485289657
90992,91002,94523,10,3521,2,18000,1.00284010224
91014,91020,94273,6,3253,2,18000,1.00184445128
91107,91114,93444,7,2330,2,36000,1.00300429185
91110,91120,94878,10,3758,2,18000,1.00266098989
91132,91138,93540,6,2402,2,36000,1.0024979184
91147,91153,93371,6,2218,2,36000,1.00270513977
91191,91198,93556,7,2358,2,36000,1.00296861747
91198,91234,94661,36,3427,2,18000,1.01050481471
91486,91492,93806,6,2314,2,36000,1.00259291271
91491,91569,95348,78,3779,2,18000,1.02064038105
91566,91575,93394,9,1819,2,36000,1.0049477735
91581,91587,93388,6,1801,2,36000,1.00333148251
91658,91664,93415,6,1751,2,36000,1.00342661336
91733,91739,93348,6,1609,2,36000,1.00372902424
91738,91856,95303,118,3447,2,18000,1.03423266609
91859,91865,93921,6,2056,2,36000,1.00291828794
91959,91965,93407,6,1442,2,36000,1.00416088766
92024,92030,93684,6,1654,2,36000,1.00362756953
92040,92046,95404,6,3358,2,18000,1.00178677784
92199,92205,93858,6,1653,2,36000,1.00362976407
92221,92228,93990,7,1762,2,36000,1.00397275823
92222,92235,95637,13,3402,2,18000,1.0038212816
92269,92275,93978,6,1703,2,36000,1.00352319436
92291,92297,94134,6,1837,2,36000,1.00326619488
92334,92341,94836,7,2495,2,36000,1.00280561122
92414,92420,94906,6,2486,2,36000,1.00241351569
92562,92568,94680,6,2112,2,36000,1.00284090909
92576,92582,94413,6,1831,2,36000,1.00327689787
92583,92589,96102,6,3513,2,18000,1.00170794193
92584,92656,95809,72,3153,2,18000,1.02283539486
92650,92805,96541,155,3736,2,18000,1.0414882227
92801,92811,96070,10,3259,2,18000,1.0030684259
92968,93007,93008,39,1,1,129600,4.0
92968,93014,93022,46,8,1,129600,5.4
92968,92980,92984,12,4,1,129600,1.6
92968,92986,92987,18,1,1,129600,1.9
92968,92991,92995,23,4,1,129600,2.7
92968,92996,92998,28,2,1,129600,3.0
92968,93002,93003,34,1,1,129600,3.5
92968,92975,92979,7,4,1,129600,1.1
92969,93024,93026,55,2,1,129600,5.7
92969,93019,93021,50,2,1,129600,5.2
93112,93118,96489,6,3371,2,18000,1.00177988727
93175,93227,93228,52,1,1,129600,5.3
93175,93221,93222,46,1,1,129600,4.7
93175,93198,222825,23,129627,1,129600,1.00017743217
93175,93208,222842,33,129634,1,129600,1.00025456285
93175,93182,222814,7,129632,1,129600,1.00005399901
93175,93187,222794,12,129607,1,129600,1.00009258759
93175,93215,93216,40,1,1,129600,4.1
93175,93192,217858,17,124666,1,129600,1.00013636437
93175,93203,214556,28,121353,1,129600,1.00023073183
93175,93234,93235,59,1,1,129600,6.0
93179,93245,222874,66,129629,1,129600,1.00050914533
93181,93256,222876,75,129620,1,129600,1.00057861441
93181,93261,222876,80,129615,1,129600,1.00061721251
93181,93250,222877,69,129627,1,129600,1.00053229651
93182,93272,222921,90,129649,1,129600,1.00069418198
93182,93266,222874,84,129608,1,129600,1.00064810814
93183,93294,102220,111,8926,1,129600,1.01243558145
93183,93277,222909,94,129632,1,129600,1.0007251296
93183,93282,222914,99,129632,1,129600,1.00076370032
93183,93288,222925,105,129637,1,129600,1.00080995395
93184,93305,222934,121,129629,1,129600,1.00093343311
93184,93316,222966,132,129650,1,129600,1.00101812572
93184,93311,222960,127,129649,1,129600,1.00097956791
93184,93300,222910,116,129610,1,129600,1.00089499267
93186,93322,155445,136,62123,1,129600,1.00218920529
93187,93334,222955,147,129621,1,129600,1.0011340755
93187,93328,222953,141,129625,1,129600,1.00108775313
93188,93339,137305,151,43966,1,129600,1.00343447209
93188,93344,93345,156,1,1,129600,15.7
93189,93349,93351,160,2,1,129600,16.2
93189,93360,93361,171,1,1,129600,17.2
93189,93354,93356,165,2,1,129600,16.7
93190,93392,93395,202,3,1,129600,20.5
93190,93370,93372,180,2,1,129600,18.2
93190,93375,93382,185,7,1,129600,19.2
93190,93365,93366,175,1,1,129600,17.6
93191,93398,93399,207,1,1,129600,20.8
93192,93403,93404,211,1,1,129600,21.2
93193,93408,93409,215,1,1,129600,21.6
93193,93413,93416,220,3,1,129600,22.3
93210,93240,96704,30,3464,2,18000,1.00866050808
93213,93382,95539,169,2157,2,36000,1.07834955957
93296,93387,97065,91,3678,2,18000,1.02474170745
93396,93420,96675,24,3255,2,18000,1.00737327189
93736,93743,97345,7,3602,2,18000,1.0019433648
93920,93926,97442,6,3516,2,18000,1.00170648464
93941,93947,96408,6,2461,2,36000,1.00243803332
93942,93953,96456,11,2503,2,36000,1.00439472633
93942,93958,96329,16,2371,2,36000,1.00674820751
93943,93968,96483,25,2515,2,36000,1.00994035785
93943,93963,96391,20,2428,2,36000,1.00823723229
93943,93973,96524,30,2551,2,36000,1.01176009408
93944,93989,96347,45,2358,2,36000,1.01908396947
93944,93978,96424,34,2446,2,36000,1.0139002453
93944,93984,96536,40,2552,2,36000,1.01567398119
93945,94004,96540,59,2536,2,36000,1.02326498423
93945,93999,96452,54,2453,2,36000,1.02201386058
93945,93994,96540,49,2546,2,36000,1.01924587588
93987,94010,96479,23,2469,2,36000,1.00931551235
93999,94015,96463,16,2448,2,36000,1.00653594771
94183,94189,96416,6,2227,2,36000,1.00269420745
94271,94278,96390,7,2112,2,36000,1.00331439394
94274,94285,98032,11,3747,2,18000,1.00293568188
94275,94424,97723,149,3299,2,18000,1.04516520158
94506,94512,96504,6,1992,2,36000,1.00301204819
94512,94556,98276,44,3720,2,18000,1.01182795699
94625,94673,97973,48,3300,2,18000,1.01454545455
94671,94692,98155,21,3463,2,18000,1.00606410627
94869,94876,97143,7,2267,2,36000,1.00308778121
94889,94895,98567,6,3672,2,18000,1.00163398693
94889,94917,97155,28,2238,2,36000,1.01251117069
95316,95322,98716,6,3394,2,18000,1.00176782557
95318,95359,97630,41,2271,2,36000,1.01805372083
95354,95431,98968,77,3537,2,18000,1.02176986146
95446,95550,98861,104,3311,2,18000,1.03141045002
95645,95651,99001,6,3350,2,18000,1.00179104478
95813,95820,99472,7,3652,2,18000,1.00191675794
96092,96098,99511,6,3413,2,18000,1.00175798418
96098,96113,98258,15,2145,2,36000,1.00699300699
96113,96340,99809,227,3469,2,18000,1.06543672528
96497,96503,99919,6,3416,2,18000,1.00175644028
96548,96554,100238,6,3684,2,18000,1.0016286645
96587,96593,98396,6,1803,2,36000,1.00332778702
96592,96599,98450,7,1851,2,36000,1.0037817396
96596,96604,98301,8,1697,2,36000,1.00471420153
96597,96610,98340,13,1730,2,36000,1.00751445087
96598,96615,98430,17,1815,2,36000,1.00936639118
96598,96625,98511,27,1886,2,36000,1.01431601273
96598,96620,98345,22,1725,2,36000,1.01275362319
96599,96635,98374,36,1739,2,36000,1.02070155262
96599,96630,98312,31,1682,2,36000,1.01843043995
96600,96641,98438,41,1797,2,36000,1.02281580412
96603,96646,98682,43,2036,2,36000,1.02111984283
96607,96652,98389,45,1737,2,36000,1.02590673575
96610,96657,98425,47,1768,2,36000,1.02658371041
96613,96662,98154,49,1492,2,36000,1.03284182306
96617,96667,98656,50,1989,2,36000,1.02513826043
96621,96672,98500,51,1828,2,36000,1.02789934354
96693,96699,98760,6,2061,2,36000,1.00291120815
96694,96716,100007,22,3291,2,18000,1.00668489821
96716,97076,100171,360,3095,2,18000,1.11631663974
97074,97154,100671,80,3517,2,18000,1.02274665908
97353,97359,100513,6,3154,2,18000,1.00190234623
97438,97444,99952,6,2508,2,36000,1.0023923445
97460,97467,100945,7,3478,2,18000,1.00201265095
97639,97645,100013,6,2368,2,36000,1.00253378378
97724,97735,100951,11,3216,2,18000,1.00342039801
97984,97990,101551,6,3561,2,18000,1.00168491997
97991,98067,100617,76,2550,2,36000,1.02980392157
98136,98165,101716,29,3551,2,18000,1.0081667136
98165,98171,101561,6,3390,2,18000,1.0017699115
98300,98306,101907,6,3601,2,18000,1.00166620383
98574,98580,102135,6,3555,2,18000,1.00168776371
98723,98729,102434,6,3705,2,18000,1.0016194332
98887,98893,102312,6,3419,2,18000,1.00175489909
98942,98948,101360,6,2412,2,36000,1.00248756219
98947,98964,100837,17,1873,2,36000,1.0090763481
98947,98959,100993,12,2034,2,36000,1.00589970501
98947,98953,100852,6,1899,2,36000,1.00315955766
98948,98974,101082,26,2108,2,36000,1.01233396584
98948,98979,100954,31,1975,2,36000,1.01569620253
98948,98969,101092,21,2123,2,36000,1.00989166274
98949,98985,101014,36,2029,2,36000,1.01774273041
98953,98990,100895,37,1905,2,36000,1.01942257218
98957,98995,100824,38,1829,2,36000,1.02077638054
98961,99000,101279,39,2279,2,36000,1.01711276876
98966,99005,101351,39,2346,2,36000,1.01662404092
98972,99011,101105,39,2094,2,36000,1.01862464183
98984,99017,100920,33,1903,2,36000,1.01734104046
98989,99022,102552,33,3530,2,18000,1.00934844193
98990,99027,101143,37,2116,2,36000,1.01748582231
98994,99032,101305,38,2273,2,36000,1.01671799384
98999,99038,101299,39,2261,2,36000,1.01724900487
99007,99043,102125,36,3082,2,18000,1.0116807268
99480,99486,103168,6,3682,2,18000,1.00162954916
99520,99526,102858,6,3332,2,18000,1.00180072029
99819,99825,103247,6,3422,2,18000,1.00175336061
99821,99938,102378,117,2440,2,36000,1.04795081967
99942,99963,103545,21,3582,2,18000,1.00586264657
100017,100023,103499,6,3476,2,18000,1.00172612198
100034,100040,102456,6,2416,2,36000,1.00248344371
100184,100191,103419,7,3228,2,18000,1.0021685254
100186,100249,102606,63,2357,2,36000,1.02672889266
100246,100525,103827,279,3302,2,18000,1.08449424591
100520,100628,104399,108,3771,2,18000,1.02863961814
100674,100682,104326,8,3644,2,18000,1.00219538968
100986,100992,103573,6,2581,2,36000,1.00232468036
101007,101013,103567,6,2554,2,36000,1.00234925607
101042,101048,104545,6,3497,2,18000,1.00171575636
101043,101054,104174,11,3120,2,18000,1.00352564103
101061,101067,102892,6,1825,2,36000,1.00328767123
101068,101074,103129,6,2055,2,36000,1.00291970803
101074,101080,103041,6,1961,2,36000,1.00305966344
101081,101087,103309,6,2222,2,36000,1.00270027003
101087,101093,102732,6,1639,2,36000,1.00366076876
101094,101100,103011,6,1911,2,36000,1.00313971743
101099,101106,103110,7,2004,2,36000,1.00349301397
101104,101112,103071,8,1959,2,36000,1.00408371618
101116,101122,103063,6,1941,2,36000,1.00309119011
101158,101164,103416,6,2252,2,36000,1.0026642984
101292,101298,103263,6,1965,2,36000,1.00305343511
101315,101321,103313,6,1992,2,36000,1.00301204819
101320,101327,103272,7,1945,2,36000,1.00359897172
101357,101363,103179,6,1816,2,36000,1.00330396476
101373,101379,103467,6,2088,2,36000,1.00287356322
101557,101563,103553,6,1990,2,36000,1.00301507538
101564,101727,105253,163,3526,2,18000,1.04622802042
101565,101572,104908,7,3336,2,18000,1.00209832134
101724,101933,105585,209,3652,2,18000,1.05722891566
101930,102136,105342,206,3206,2,18000,1.06425452277
102137,102146,105467,9,3321,2,18000,1.0027100271
102138,102342,106181,204,3839,2,18000,1.05313883824
102390,102397,104827,7,2430,2,36000,1.00288065844
102407,102462,106246,55,3784,2,18000,1.01453488372
102462,102468,104868,6,2400,2,36000,1.0025
102506,102567,106133,61,3566,2,18000,1.01710600112
102564,102617,106271,53,3654,2,18000,1.01450465244
102742,102748,104618,6,1870,2,36000,1.00320855615
102788,102794,189207,6,86413,8,86400,1.000069434
102816,102822,104128,6,1306,1,1200,1.0045941807
102905,102911,105015,6,2104,2,36000,1.00285171103
102906,102917,106229,11,3312,2,18000,1.00332125604
103018,103025,104680,7,1655,2,36000,1.00422960725
103049,103055,104677,6,1622,2,36000,1.00369913687
103080,103086,104549,6,1463,2,36000,1.004101162
103086,103092,105219,6,2127,2,36000,1.00282087447
103116,103122,104872,6,1750,2,36000,1.00342857143
103139,103146,104700,7,1554,2,36000,1.0045045045
103173,103179,106523,6,3344,2,18000,1.00179425837
103188,103194,105739,6,2545,2,36000,1.00235756385
103257,103263,105425,6,2162,2,36000,1.00277520814
103259,103274,106424,15,3150,2,18000,1.00476190476
103282,103288,105667,6,2379,2,36000,1.0025220681
103322,103328,105751,6,2423,2,36000,1.00247626909
103325,103334,105714,9,2380,2,36000,1.00378151261
103430,103436,105951,6,2515,2,36000,1.00238568588
103432,103442,106674,10,3232,2,18000,1.00309405941
103483,103491,105968,8,2477,2,36000,1.00322971336
103508,103514,105875,6,2361,2,36000,1.00254129606
103510,103557,107143,47,3586,2,18000,1.01310652538
103549,103564,106832,15,3268,2,18000,1.00458996328
103579,103584,106108,5,2524,2,36000,1.00198098257
103584,103590,106110,6,2520,2,36000,1.00238095238
103836,104186,107717,350,3531,2,18000,1.09912206174
103836,103841,106358,5,2517,2,36000,1.00198649186
104023,104029,104196,6,167,1,1800,1.03592814371
104183,104424,107839,241,3415,2,18000,1.07057101025
104329,104338,108051,9,3713,2,18000,1.00242391597
104421,104561,108079,140,3518,2,18000,1.03979533826
104572,104578,106436,6,1858,2,36000,1.00322927879
104574,104629,108020,55,3391,2,18000,1.01621940431
104629,104635,104838,6,203,1,1800,1.02955665025
104684,104690,106765,6,2075,2,36000,1.00289156627
104689,104696,106872,7,2176,2,36000,1.00321691176
104715,104721,106568,6,1847,2,36000,1.0032485111
104836,104842,107031,6,2189,2,36000,1.00274097762
104884,104890,107017,6,2127,2,36000,1.00282087447
104888,104896,106818,8,1922,2,36000,1.00416233091
104916,104922,108246,6,3324,2,18000,1.00180505415
105030,105036,107519,6,2483,2,36000,1.00241643174
105228,105234,107790,6,2556,2,36000,1.00234741784
105257,105265,108731,8,3466,2,18000,1.00230813618
105350,105356,108766,6,3410,2,18000,1.00175953079
105353,105437,107652,84,2215,2,36000,1.03792325056
105474,105480,107564,6,2084,2,36000,1.00287907869
105477,105598,108824,121,3226,2,18000,1.03750774954
105595,105679,109279,84,3600,2,18000,1.02333333333
105610,105616,106219,6,603,1,1800,1.00995024876
105731,105737,107663,6,1926,2,36000,1.0031152648
105746,105751,107948,5,2197,2,36000,1.00227583068
105762,105768,107376,6,1608,2,36000,1.00373134328
105881,105887,107962,6,2075,2,36000,1.00289156627
105959,105965,108164,6,2199,2,36000,1.00272851296
105974,105979,108209,5,2230,2,36000,1.00224215247
106118,106124,108241,6,2117,2,36000,1.00283419934
106124,106130,108163,6,2033,2,36000,1.00295130349
106124,106135,109843,11,3708,1,3600,1.00296655879
106135,106144,109605,9,3461,2,18000,1.00260040451
106189,106196,109930,7,3734,2,18000,1.00187466524
106246,106253,109529,7,3276,2,18000,1.00213675214
106248,106259,109398,11,3139,2,18000,1.00350430073
106282,106288,107989,6,1701,2,36000,1.00352733686
106283,106369,109896,86,3527,2,18000,1.02438332861
106430,106437,109579,7,3142,2,18000,1.00222788033
106449,106456,108978,7,2522,2,36000,1.00277557494
106530,106536,109808,6,3272,2,18000,1.00183374083
106578,106584,108445,6,1861,2,36000,1.00322407308
106684,106690,109830,6,3140,2,18000,1.00191082803
106778,106784,108849,6,2065,2,36000,1.00290556901
106827,106833,108849,6,2016,2,36000,1.00297619048
106841,106847,108737,6,1890,2,36000,1.00317460317
106848,106885,110535,37,3650,2,18000,1.0101369863
106854,106860,164477,6,57617,16,57600,1.00010413593
106863,106869,106996,6,127,1,1800,1.04724409449
107032,107038,108859,6,1821,2,36000,1.00329489292
107053,107059,109184,6,2125,2,36000,1.00282352941
107148,107153,110870,5,3717,2,18000,1.00134517084
107395,107401,109018,6,1617,2,36000,1.00371057514
107450,107456,107604,6,148,1,1800,1.04054054054
107526,107532,110006,6,2474,2,36000,1.00242522231
107573,107580,109998,7,2418,2,36000,1.00289495451
107673,107680,109956,7,2276,2,36000,1.00307557118
107679,107686,110100,7,2414,2,36000,1.00289975145
107726,107732,111413,6,3681,2,18000,1.00162999185
107801,107807,109887,6,2080,2,36000,1.00288461538
107869,107875,110101,6,2226,2,36000,1.00269541779
107874,107959,111379,85,3420,2,18000,1.02485380117
107975,107981,109670,6,1689,2,36000,1.00355239787
108001,108007,110105,6,2098,2,36000,1.00285986654
108028,108035,111674,7,3639,2,18000,1.00192360539
108067,108073,109934,6,1861,2,36000,1.00322407308
108069,108091,111830,22,3739,2,18000,1.00588392618
108090,108175,111760,85,3585,2,18000,1.02370990237
108177,108183,110097,6,1914,2,36000,1.00313479624
108222,108228,109915,6,1687,2,36000,1.00355660937
108248,108254,109929,6,1675,2,36000,1.00358208955
108256,108262,111599,6,3337,2,18000,1.00179802218
108356,108362,108715,6,353,1,1800,1.01699716714
108460,108466,109913,6,1447,2,36000,1.00414651002
108467,108473,108574,6,101,1,1800,1.05940594059
108736,108742,112060,6,3318,2,18000,1.00180831826
108755,108761,110366,6,1605,2,36000,1.00373831776
108778,108784,112270,6,3486,2,18000,1.0017211704
108834,108840,112276,6,3436,2,18000,1.00174621653
108861,108868,111336,7,2468,2,36000,1.0028363047
108873,108880,111267,7,2387,2,36000,1.00293255132
108878,108886,111280,8,2394,2,36000,1.00334168755
109001,109008,111530,7,2522,2,36000,1.00277557494
109025,109031,111475,6,2444,2,36000,1.00245499182
109095,109102,109273,7,171,1,1800,1.04093567251
109192,109198,111606,6,2408,2,36000,1.00249169435
109279,109290,113039,11,3749,2,18000,1.00293411576
109421,109427,111707,6,2280,2,36000,1.00263157895
109423,109541,113140,118,3599,2,18000,1.03278688525
109539,109593,112809,54,3216,2,18000,1.01679104478
109584,109624,113052,40,3428,2,18000,1.01166861144
109632,109682,113348,50,3666,2,18000,1.01363884343
109824,109830,113133,6,3303,2,18000,1.00181653043
109839,109845,113616,6,3771,2,18000,1.0015910899
109900,109906,112219,6,2313,2,36000,1.00259403372
109903,109912,113473,9,3561,2,18000,1.00252737995
109928,109934,112292,6,2358,2,36000,1.00254452926
109933,109940,112073,7,2133,2,36000,1.00328176278
109940,109946,112095,6,2149,2,36000,1.00279199628
109944,109952,111793,8,1841,2,36000,1.00434546442
109949,109958,111827,9,1869,2,36000,1.00481540931
109950,109968,113652,18,3684,2,18000,1.00488599349
110006,110012,112187,6,2175,2,36000,1.00275862069
110021,110027,111904,6,1877,2,36000,1.0031965903
110128,110134,112075,6,1941,2,36000,1.00309119011
110134,110140,112045,6,1905,2,36000,1.0031496063
110138,110146,111937,8,1791,2,36000,1.00446677834
110143,110152,112192,9,2040,2,36000,1.00441176471
110311,110317,110761,6,444,1,1800,1.01351351351
110377,110384,112832,7,2448,2,36000,1.00285947712
110557,110563,112444,6,1881,2,36000,1.00318979266
110573,110579,110642,6,63,1,1800,1.09523809524
110657,110881,114331,224,3450,2,18000,1.06492753623
110876,111279,114745,403,3466,2,18000,1.11627236007
111091,111097,111241,6,144,1,1800,1.04166666667
111288,111294,113460,6,2166,2,36000,1.0027700831
111345,111352,113473,7,2121,2,36000,1.00330033003
111387,111393,113486,6,2093,2,36000,1.00286669852
111387,111424,114723,37,3299,2,18000,1.01121551985
111419,111486,114917,67,3431,2,18000,1.01952783445
111538,111544,113845,6,2301,2,36000,1.00260756193
111615,111621,114049,6,2428,2,36000,1.00247116969
111620,111627,115273,7,3646,2,18000,1.00191991223
111682,111688,115116,6,3428,2,18000,1.00175029172
111715,111721,113953,6,2232,2,36000,1.00268817204
111774,111780,114960,6,3180,2,18000,1.00188679245
111801,111807,113883,6,2076,2,36000,1.00289017341
111838,111844,114275,6,2431,2,36000,1.00246812012
111840,111850,115240,10,3390,2,18000,1.00294985251
111913,111919,114209,6,2290,2,36000,1.00262008734
111950,111956,114413,6,2457,2,36000,1.00244200244
112052,112058,114518,6,2460,2,36000,1.00243902439
112065,112071,114306,6,2235,2,36000,1.00268456376
112069,112085,115771,16,3686,2,18000,1.00434074878
112082,112091,114309,9,2218,2,36000,1.00405770965
112107,112113,112334,6,221,1,1800,1.02714932127
112109,112119,114583,10,2464,2,36000,1.00405844156
112199,112205,114412,6,2207,2,36000,1.00271862256
112205,112211,114447,6,2236,2,36000,1.00268336315
112232,112238,114281,6,2043,2,36000,1.00293685756
112278,112285,114600,7,2315,2,36000,1.0030237581
112278,112291,115812,13,3521,2,18000,1.00369213292
112280,112303,115424,23,3121,2,18000,1.00736943287
112455,112461,114643,6,2182,2,36000,1.00274977085
112818,112824,115191,6,2367,2,36000,1.00253485425
112820,112843,116120,23,3277,2,18000,1.00701861459
113051,113064,115508,13,2444,2,36000,1.00531914894
113051,113057,116800,6,3743,2,18000,1.00160299225
113073,113144,116573,71,3429,2,18000,1.02070574512
113142,113152,116772,10,3620,2,18000,1.00276243094
113143,113360,117057,217,3697,2,18000,1.05869624019
113359,113472,116741,113,3269,2,18000,1.03456714592
113481,113492,115811,11,2319,2,36000,1.00474342389
113481,113487,117239,6,3752,2,18000,1.00159914712
113498,113504,116029,6,2525,2,36000,1.00237623762
113624,113630,117021,6,3391,2,18000,1.00176938956
113659,113665,116110,6,2445,2,36000,1.00245398773
113660,113856,117328,196,3472,2,18000,1.0564516129
113890,113896,116074,6,2178,2,36000,1.00275482094
113959,113965,116014,6,2049,2,36000,1.00292825769
114058,114064,116265,6,2201,2,36000,1.00272603362
114219,114225,115840,6,1615,2,36000,1.00371517028
114290,114296,116410,6,2114,2,36000,1.00283822138
114296,114302,115694,6,1392,2,36000,1.00431034483
114322,114328,115691,6,1363,2,36000,1.00440205429
114327,114334,115737,7,1403,2,36000,1.00498930862
114339,114346,118122,7,3776,2,18000,1.00185381356
114424,114430,115964,6,1534,2,36000,1.00391134289
114428,114436,116064,8,1628,2,36000,1.00491400491
114453,114459,116274,6,1815,2,36000,1.00330578512
114526,114532,116384,6,1852,2,36000,1.00323974082
114590,114597,116487,7,1890,2,36000,1.0037037037
114614,114620,116401,6,1781,2,36000,1.00336889388
114650,114656,116486,6,1830,2,36000,1.00327868852
114730,114736,116209,6,1473,2,36000,1.00407331976
114732,114756,117933,24,3177,2,18000,1.00755429651
114755,114929,118205,174,3276,2,18000,1.05311355311
114929,114972,118213,43,3241,2,18000,1.01326751003
114971,115136,118651,165,3515,2,18000,1.04694167852
115135,115202,118585,67,3383,2,18000,1.01980490689
115258,115264,117202,6,1938,2,36000,1.00309597523
115263,115284,118618,21,3334,2,18000,1.00629874025
115281,115436,118607,155,3171,2,18000,1.04888047934
115435,115519,119092,84,3573,2,18000,1.02350965575
115699,115704,117991,5,2287,2,36000,1.00218627022
115705,115711,117663,6,1952,2,36000,1.00307377049
115746,115752,118008,6,2256,2,36000,1.00265957447
115801,115807,118340,6,2533,2,36000,1.00236873273
115803,115822,119508,19,3686,2,18000,1.00515463918
115822,115828,119114,6,3286,2,18000,1.00182592818
115846,115852,118349,6,2497,2,36000,1.00240288346
115979,115986,118525,7,2539,2,36000,1.00275699094
116020,116026,118472,6,2446,2,36000,1.00245298446
116043,116049,118425,6,2376,2,36000,1.00252525253
116075,116081,118454,6,2373,2,36000,1.00252844501
116087,116093,118564,6,2471,2,36000,1.00242816673
116124,116130,118397,6,2267,2,36000,1.00264666961
116129,116136,118526,7,2390,2,36000,1.00292887029
116136,116221,119973,85,3752,2,18000,1.02265458422
116273,116279,118663,6,2384,2,36000,1.00251677852
116280,116286,118512,6,2226,2,36000,1.00269541779
116502,116508,118563,6,2055,2,36000,1.00291970803
116508,116514,118572,6,2058,2,36000,1.0029154519
116513,116520,118597,7,2077,2,36000,1.00337024555
116518,116526,118379,8,1853,2,36000,1.00431732326
116524,116532,118599,8,2067,2,36000,1.00387034349
116579,116584,119991,5,3407,2,18000,1.00146756677
116745,116753,119880,8,3127,2,18000,1.00255836265
116795,116811,119043,16,2232,2,36000,1.00716845878
116795,116801,120055,6,3254,2,18000,1.00184388445
116812,117032,120379,220,3347,2,18000,1.06573050493
117033,117068,120595,35,3527,2,18000,1.00992344769
117072,117214,120794,142,3580,2,18000,1.03966480447
117243,117250,120265,7,3015,2,18000,1.00232172471
117344,117350,119411,6,2061,2,36000,1.00291120815
117347,117675,120993,328,3318,2,18000,1.09885473177
117942,117948,119707,6,1759,2,36000,1.00341102899
117944,118002,121551,58,3549,2,18000,1.01634263173
118020,118026,120053,6,2027,2,36000,1.00296003947
118126,118133,121748,7,3615,2,18000,1.00193637621
118214,118220,120518,6,2298,2,36000,1.00261096606
118217,118226,121662,9,3436,2,18000,1.0026193248
118219,118351,121749,132,3398,2,18000,1.03884638022
118358,118364,120832,6,2468,2,36000,1.00243111831
118384,118390,120592,6,2202,2,36000,1.00272479564
118410,118417,120473,7,2056,2,36000,1.00340466926
118435,118442,120902,7,2460,2,36000,1.00284552846
118466,118472,120851,6,2379,2,36000,1.0025220681
118480,118486,120752,6,2266,2,36000,1.0026478376
118518,118524,120999,6,2475,2,36000,1.00242424242
118534,118540,121033,6,2493,2,36000,1.00240673887
118537,118546,121029,9,2483,2,36000,1.0036246476
118573,118580,121020,7,2440,2,36000,1.00286885246
118580,118586,120995,6,2409,2,36000,1.00249066002
118585,118592,121074,7,2482,2,36000,1.0028203062
118606,118612,122313,6,3701,2,18000,1.00162118346
118610,118618,120986,8,2368,2,36000,1.00337837838
118615,118624,120919,9,2295,2,36000,1.00392156863
118620,118630,120980,10,2350,2,36000,1.00425531915
118624,118635,121085,11,2450,2,36000,1.00448979592
118625,118678,122081,53,3403,2,18000,1.01557449309
118626,118683,122090,57,3407,2,18000,1.01673026123
118735,119054,122454,319,3400,2,18000,1.09382352941
119101,119106,122504,5,3398,2,18000,1.0014714538
119101,119422,120976,321,1554,2,36000,1.20656370656
119117,119126,122817,9,3691,2,18000,1.00243836359
119515,119521,123008,6,3487,2,18000,1.0017206768
119713,119720,122123,7,2403,2,36000,1.00291302538
119904,119910,122344,6,2434,2,36000,1.00246507806
119942,119984,123752,42,3768,2,18000,1.01114649682
119978,120002,123557,24,3555,2,18000,1.00675105485
119993,120064,123612,71,3548,2,18000,1.02001127396
120072,120078,122394,6,2316,2,36000,1.00259067358
120077,120277,123864,200,3587,2,18000,1.05575689992
120271,120391,123972,120,3581,2,18000,1.03351019268
120386,120484,124103,98,3619,2,18000,1.02707930368
120443,120449,120463,6,14,8,43200,1.42857142857
120534,120540,122774,6,2234,2,36000,1.00268576544
120542,120548,120550,6,2,8,43200,1.0
120600,120606,123836,6,3230,2,18000,1.00185758514
120609,120615,123166,6,2551,2,36000,1.00235201882
120707,120713,120714,6,1,8,43200,1.0
120760,120767,123269,7,2502,2,36000,1.00279776179
120796,120806,124367,10,3561,2,18000,1.00280819994
120847,120853,123375,6,2522,2,36000,1.00237906423
120863,120870,123407,7,2537,2,36000,1.00275916437
120912,120918,123415,6,2497,2,36000,1.00240288346
120927,120933,134741,6,13808,8,43200,1.00043453071
120929,120939,123458,10,2519,2,36000,1.0039698293
120985,120991,123448,6,2457,2,36000,1.00244200244
120993,120998,123476,5,2478,2,36000,1.00201775626
120999,121005,123523,6,2518,2,36000,1.00238284353
121006,121011,123561,5,2550,2,36000,1.00196078431
121010,121017,124552,7,3535,2,18000,1.00198019802
121011,121022,123509,11,2487,2,36000,1.0044229996
121028,121034,123555,6,2521,2,36000,1.00238000793
121044,121050,123520,6,2470,2,36000,1.0024291498
121050,121057,123347,7,2290,2,36000,1.00305676856
121075,121081,126182,6,5101,8,43200,1.00117623995
121082,121088,123636,6,2548,2,36000,1.00235478807
121097,121103,123608,6,2505,2,36000,1.00239520958
121555,121563,124761,8,3198,2,18000,1.00250156348
121671,121677,124820,6,3143,2,18000,1.00190900414
121759,121765,124128,6,2363,2,36000,1.00253914515
121763,121771,123939,8,2168,2,36000,1.0036900369
121764,122134,125395,370,3261,2,18000,1.11346212818
121766,122093,125205,327,3112,2,18000,1.10507712082
122088,122101,125495,13,3394,2,18000,1.00383028874
122104,122335,125900,231,3565,2,18000,1.06479663394
122353,122360,124335,7,1975,2,36000,1.0035443038
122396,122405,126062,9,3657,2,18000,1.00246103363
122462,122469,126156,7,3687,2,18000,1.00189856252
122511,122516,124626,5,2110,2,36000,1.00236966825
122514,122785,126207,271,3422,2,18000,1.07919345412
122843,122850,124854,7,2004,2,36000,1.00349301397
122849,123025,126406,176,3381,2,18000,1.05205560485
123024,123177,126237,153,3060,2,18000,1.05
123283,123289,125441,6,2152,2,36000,1.00278810409
123357,123363,125438,6,2075,2,36000,1.00289156627
123383,123389,125106,6,1717,2,36000,1.00349446709
123416,123423,125529,7,2106,2,36000,1.00332383666
123422,123429,125353,7,1924,2,36000,1.00363825364
123462,123468,125416,6,1948,2,36000,1.00308008214
123466,123474,125044,8,1570,2,36000,1.0050955414
123484,123491,125410,7,1919,2,36000,1.00364773319
123524,123530,125589,6,2059,2,36000,1.00291403594
123529,123536,125484,7,1948,2,36000,1.00359342916
123534,123542,125259,8,1717,2,36000,1.00465928946
123561,123567,126963,6,3396,2,18000,1.00176678445
123564,123573,125701,9,2128,2,36000,1.00422932331
123571,123579,125501,8,1922,2,36000,1.00416233091
123615,123621,125535,6,1914,2,36000,1.00313479624
123620,123627,126865,7,3238,2,18000,1.00216182829
123620,123647,125677,27,2030,2,36000,1.01330049261
123757,123763,125570,6,1807,2,36000,1.00332042059
123770,123848,127422,78,3574,2,18000,1.02182428651
123852,123875,127369,23,3494,2,18000,1.00658271322
123872,123950,127620,78,3670,2,18000,1.02125340599
123980,123986,125823,6,1837,2,36000,1.00326619488
123985,124114,127822,129,3708,2,18000,1.03478964401
124108,124140,127344,32,3204,2,18000,1.00998751561
124343,124349,126729,6,2380,2,36000,1.0025210084
124394,124401,126706,7,2305,2,36000,1.00303687636
124398,124563,127973,165,3410,2,18000,1.04838709677
124555,124638,128281,83,3643,2,18000,1.02278342026
124768,124774,126522,6,1748,2,36000,1.00343249428
124770,124843,128184,73,3341,2,18000,1.02184974559
124856,124866,128278,10,3412,2,18000,1.00293083236
125061,125067,127352,6,2285,2,36000,1.00262582057
125119,125125,127373,6,2248,2,36000,1.00266903915
125213,125219,127323,6,2104,2,36000,1.00285171103
125217,125271,128514,54,3243,2,18000,1.01665124884
125229,125235,137863,6,12628,8,43200,1.00047513462
125361,125367,127195,6,1828,2,36000,1.00328227571
125403,125409,128906,6,3497,2,18000,1.00171575636
125405,125415,131311,10,5896,8,43200,1.00169606513
125421,125426,127095,5,1669,2,36000,1.00299580587
125427,125434,127022,7,1588,2,36000,1.00440806045
125453,125459,127292,6,1833,2,36000,1.00327332242
125459,125465,127370,6,1905,2,36000,1.0031496063
125502,125508,127370,6,1862,2,36000,1.00322234157
125514,125520,128526,6,3006,2,18000,1.00199600798
125517,125526,127600,9,2074,2,36000,1.00433944069
125538,125544,146381,6,20837,8,43200,1.00028794932
125540,125550,127392,10,1842,2,36000,1.00542888165
125546,125556,127636,10,2080,2,36000,1.00480769231
125584,125590,127559,6,1969,2,36000,1.0030472321
125600,125606,127582,6,1976,2,36000,1.00303643725
125686,125692,128201,6,2509,2,36000,1.00239139099
125711,125717,128196,6,2479,2,36000,1.00242033078
125831,125837,128201,6,2364,2,36000,1.00253807107
125918,125924,128230,6,2306,2,36000,1.00260190807
125924,126076,129164,152,3088,2,18000,1.04922279793
126067,126167,129739,100,3572,2,18000,1.02799552072
126160,126217,129460,57,3243,2,18000,1.01757631822
126212,126249,129782,37,3533,2,18000,1.0104726861
126247,126419,129920,172,3501,2,18000,1.04912882034
126416,126537,129695,121,3158,2,18000,1.03831538949
126525,126531,126534,6,3,2,3540,1.0
126541,126547,126549,6,2,2,3540,1.0
126682,126688,133008,6,6320,2,21600,1.00094936709
126715,126721,129221,6,2500,2,36000,1.0024
126740,126746,129193,6,2447,2,36000,1.00245198202
126873,126879,129357,6,2478,2,36000,1.00242130751
126874,126975,130129,101,3154,2,18000,1.03202282815
126967,127033,130523,66,3490,2,18000,1.01891117479
127102,127108,129278,6,2170,2,36000,1.00276497696
127208,127214,129687,6,2473,2,36000,1.00242620299
127304,127311,129769,7,2458,2,36000,1.00284784378
127333,127339,129221,6,1882,2,36000,1.00318809777
127361,127367,129452,6,2085,2,36000,1.00287769784
127369,127375,130852,6,3477,2,18000,1.00172562554
127369,127381,129818,12,2437,2,36000,1.00492408699
127379,127387,129816,8,2429,2,36000,1.00329353643
127388,127394,130544,6,3150,2,18000,1.0019047619
127389,127400,129532,11,2132,2,36000,1.00515947467
127407,127413,129706,6,2293,2,36000,1.0026166594
127430,127436,130826,6,3390,2,18000,1.0017699115
127567,127573,129542,6,1969,2,36000,1.0030472321
127592,127599,129341,7,1742,2,36000,1.00401836969
127609,127615,129526,6,1911,2,36000,1.00313971743
127627,127634,131022,7,3388,2,18000,1.0020661157
127644,127650,130015,6,2365,2,36000,1.00253699789
127655,127662,214097,7,86435,7,86400,1.00008098571
127827,127833,131210,6,3377,2,18000,1.0017767249
127886,127892,135896,6,8004,2,21600,1.00074962519
127984,127990,131475,6,3485,2,18000,1.00172166428
128192,128197,131549,5,3352,2,18000,1.00149164678
128220,128226,130542,6,2316,2,36000,1.00259067358
128228,128234,130194,6,1960,2,36000,1.00306122449
128232,128240,130529,8,2289,2,36000,1.00349497597
128243,128249,130710,6,2461,2,36000,1.00243803332
128288,128293,130815,5,2522,2,36000,1.00198255353
128292,128299,130887,7,2588,2,36000,1.00270479134
128404,128525,132212,121,3687,2,18000,1.03281800922
128405,128917,132627,512,3710,2,18000,1.13800539084
128525,128537,131642,12,3105,2,18000,1.0038647343
128540,129198,132533,658,3335,2,18000,1.19730134933
128587,128593,171808,6,43215,8,43200,1.00013884068
128611,128618,128687,7,69,4,162000,1.10144927536
128691,128697,156303,6,27606,4,162000,1.00021734406
128727,128733,128742,6,9,4,18000,1.5
128755,128761,128764,6,3,4,162000,1.0
128848,128855,204884,7,76029,4,162000,1.00009207013
128916,129204,132572,288,3368,2,18000,1.08551068884
128998,129004,130117,6,1113,4,18000,1.00539083558
129241,129247,131518,6,2271,2,36000,1.00264200793
129246,129253,131665,7,2412,2,36000,1.00290215589
129279,129290,132654,11,3364,2,18000,1.00326991677
129350,129356,131770,6,2414,2,36000,1.00248550124
129369,129375,131834,6,2459,2,36000,1.00244001627
129462,129468,131933,6,2465,2,36000,1.00243407708
129466,129474,131852,8,2378,2,36000,1.00336417157
129476,129538,133275,62,3737,2,18000,1.01659084827
129478,129484,144083,6,14599,2,54000,1.00041098705
129541,129547,131921,6,2374,2,36000,1.00252737995
129543,129553,133651,10,4098,8,43200,1.00244021474
129550,129559,132119,9,2560,2,36000,1.003515625
129697,129703,132145,6,2442,2,36000,1.00245700246
129702,129709,131965,7,2256,2,36000,1.00310283688
129706,129717,133415,11,3698,2,18000,1.00297458085
129746,129752,132107,6,2355,2,36000,1.0025477707
129749,129780,133288,31,3508,2,18000,1.00883694413
129792,129798,133537,6,3739,2,18000,1.00160470714
129826,129832,131859,6,2027,2,36000,1.00296003947
129832,129838,131911,6,2073,2,21600,1.00289435601
129834,129844,131492,10,1648,2,36000,1.00606796117
129929,129935,132414,6,2479,2,36000,1.00242033078
129930,130026,133251,96,3225,2,18000,1.02976744186
130160,130166,132273,6,2107,2,36000,1.00284765069
130165,130205,133536,40,3331,2,18000,1.01200840588
130532,130538,134113,6,3575,2,18000,1.00167832168
130538,130544,132591,6,2047,2,36000,1.00293111871
130553,130559,132286,6,1727,2,36000,1.00347423277
130578,130584,132397,6,1813,2,36000,1.00330943188
130710,130721,133970,11,3249,2,18000,1.00338565713
130827,130833,132422,6,1589,2,36000,1.00377595972
130833,130839,132883,6,2044,2,36000,1.00293542074
130839,130867,134111,28,3244,2,18000,1.00863131936
130857,130899,134427,42,3528,2,18000,1.0119047619
131027,131033,134668,6,3635,2,18000,1.00165061898
131221,131227,134554,6,3327,2,18000,1.00180342651
131224,131486,133590,262,2104,2,36000,1.12452471483
131457,131463,131484,6,21,1,300,1.28571428571
131482,131503,135073,21,3570,2,18000,1.00588235294
131526,131532,133339,6,1807,2,36000,1.00332042059
131560,131567,134724,7,3157,2,18000,1.0022172949
131646,131654,135032,8,3378,2,18000,1.00236826525
131682,131689,133093,7,1404,2,36000,1.00498575499
131782,131789,133518,7,1729,2,36000,1.004048583
131844,131850,133812,6,1962,2,36000,1.00305810398
131861,131867,133626,6,1759,2,36000,1.00341102899
131867,131873,133578,6,1705,2,36000,1.00351906158
131930,131936,133635,6,1699,2,36000,1.00353148911
131941,131948,134097,7,2149,2,36000,1.00325732899
131973,131980,134216,7,2236,2,36000,1.00313059034
132113,132119,134521,6,2402,2,36000,1.0024979184
132129,132135,134454,6,2319,2,36000,1.00258732212
132153,132159,134508,6,2349,2,36000,1.00255427842
132220,132226,135667,6,3441,2,18000,1.00174367916
132285,132291,134841,6,2550,2,36000,1.00235294118
132300,132306,134792,6,2486,2,36000,1.00241351569
132412,132419,134736,7,2317,2,36000,1.00302114804
132430,132436,134813,6,2377,2,36000,1.00252419016
132436,132442,134888,6,2446,2,36000,1.00245298446
132557,132564,134712,7,2148,2,36000,1.00325884544
132559,132584,135951,25,3367,2,18000,1.00742500743
132579,132602,135869,23,3267,2,18000,1.00704009795
132637,132643,134962,6,2319,2,36000,1.00258732212
132639,132671,135939,32,3268,2,18000,1.00979192166
132666,132894,136269,228,3375,2,18000,1.06755555556
133101,133108,135676,7,2568,2,36000,1.0027258567
133260,133266,136396,6,3130,2,18000,1.00191693291
133280,133286,136886,6,3600,2,18000,1.00166666667
133300,133306,135469,6,2163,2,36000,1.0027739251
133300,133350,136644,50,3294,2,18000,1.01517911354
133440,133447,135528,7,2081,2,36000,1.00336376742
133524,133547,136761,23,3214,2,18000,1.00715619166
133524,133529,135328,5,1799,2,36000,1.00277932185
133545,133553,135432,8,1879,2,36000,1.00425758382
133551,133590,136726,39,3136,2,18000,1.01243622449
133552,133601,137038,49,3437,2,18000,1.01425661914
133635,133641,135574,6,1933,2,36000,1.00310398345
133642,133648,135419,6,1771,2,36000,1.00338791643
133644,133654,395145,10,261491,3,324000,1.00003824223
133823,133829,136120,6,2291,2,36000,1.00261894369
133992,133998,135934,6,1936,2,36000,1.00309917355
133994,134108,137541,114,3433,2,18000,1.03320710749
134027,134033,134053,6,20,4,324000,1.3
134123,134129,137841,6,3712,2,18000,1.00161637931
134125,134227,135673,102,1446,2,36000,1.07053941909
134125,134135,137376,10,3241,2,18000,1.00308546745
134461,134467,136907,6,2440,2,36000,1.00245901639
134462,134473,138065,11,3592,2,18000,1.0030623608
134514,134521,137052,7,2531,2,36000,1.00276570525
134534,134540,136881,6,2341,2,36000,1.00256300726
134561,134568,137004,7,2436,2,36000,1.00287356322
134563,134680,138138,117,3458,2,18000,1.03383458647
134684,134741,138365,57,3624,2,18000,1.01572847682
134727,134735,138294,8,3559,2,18000,1.00224782242
134733,134746,458758,13,324012,4,324000,1.00004012197
134749,134755,137180,6,2425,2,36000,1.0024742268
134805,134812,137235,7,2423,2,36000,1.0028889806
134852,134858,137387,6,2529,2,36000,1.00237247924
134856,134864,137011,8,2147,2,36000,1.00372612948
134904,134910,137482,6,2572,2,36000,1.00233281493
134976,134982,137521,6,2539,2,36000,1.00236313509
135043,135049,138788,6,3739,2,18000,1.00160470714
135044,135086,136627,42,1541,2,36000,1.0272550292
135086,135339,138768,253,3429,2,18000,1.07378244386
135429,135436,137965,7,2529,2,36000,1.00276789245
135446,135452,137879,6,2427,2,36000,1.00247218789
135482,135488,138043,6,2555,2,36000,1.00234833659
135541,135547,138108,6,2561,2,36000,1.00234283483
135584,135590,138046,6,2456,2,36000,1.00244299674
135677,135683,138996,6,3313,2,18000,1.00181104739
135682,135689,138206,7,2517,2,36000,1.0027810886
135688,135695,138190,7,2495,2,36000,1.00280561122
135751,135757,139671,6,3914,8,43200,1.00153295861
135877,135946,138147,69,2201,2,36000,1.03134938664
135877,135883,139253,6,3370,2,18000,1.00178041543
135942,135952,139329,10,3377,2,18000,1.00296120817
135963,135969,138366,6,2397,2,36000,1.00250312891
135965,136131,139788,166,3657,2,18000,1.04539239814
136276,136282,138160,6,1878,2,36000,1.00319488818
136283,136407,139870,124,3463,2,18000,1.03580710367
136406,136639,139932,233,3293,2,18000,1.07075614941
136655,136661,139910,6,3249,2,18000,1.00184672207
136735,136741,138415,6,1674,2,36000,1.00358422939
136739,136783,139964,44,3181,2,18000,1.01383212826
136795,136893,140262,98,3369,2,18000,1.02908875037
136915,136921,139463,6,2542,2,36000,1.00236034618
136915,136926,140077,11,3151,2,18000,1.00349095525
137012,137018,138834,6,1816,2,36000,1.00330396476
137019,137025,139405,6,2380,2,36000,1.0025210084
137050,137056,140246,6,3190,2,18000,1.00188087774
137062,137068,139577,6,2509,2,36000,1.00239139099
137187,137193,139746,6,2553,2,36000,1.00235017626
137250,137256,139786,6,2530,2,36000,1.0023715415
137385,137391,140638,6,3247,2,18000,1.00184785956
137385,137398,139306,13,1908,2,36000,1.00681341719
137495,137501,139558,6,2057,2,36000,1.00291686923
137536,137542,139669,6,2127,2,36000,1.00282087447
137554,137560,141094,6,3534,2,18000,1.00169779287
137865,137871,139822,6,1951,2,36000,1.00307534598
137867,137890,141334,23,3444,2,18000,1.00667828107
137974,137980,140265,6,2285,2,36000,1.00262582057
138053,138058,140191,5,2133,2,36000,1.00234411627
138058,138064,140374,6,2310,2,36000,1.0025974026
138088,138094,140268,6,2174,2,36000,1.0027598896
138126,138132,140515,6,2383,2,36000,1.00251783466
138146,138152,141347,6,3195,2,18000,1.00187793427
138146,138158,140309,12,2151,2,36000,1.00557880056
138147,138171,141654,24,3483,2,18000,1.00689061154
138199,138205,140381,6,2176,2,36000,1.00275735294
138215,138221,140259,6,2038,2,36000,1.00294406281
138237,138243,145347,6,7104,2,21600,1.00084459459
138301,138307,141543,6,3236,2,18000,1.00185414091
138302,138376,140595,74,2219,2,36000,1.03334835511
138367,138382,142034,15,3652,2,18000,1.00410733844
138428,138434,140985,6,2551,2,36000,1.00235201882
138776,138782,142386,6,3604,2,18000,1.00166481687
138777,138799,140569,22,1770,2,36000,1.01242937853
138795,138845,142140,50,3295,2,18000,1.01517450683
138937,138943,139154,6,211,8,43200,1.02843601896
139005,139010,142487,5,3477,2,18000,1.00143802128
139005,139264,141139,259,1875,2,36000,1.13813333333
139027,139033,139218,6,185,8,43200,1.03243243243
139262,139317,142643,55,3326,2,18000,1.01653638004
139333,139341,142486,8,3145,2,18000,1.00254372019
139412,139419,141879,7,2460,2,36000,1.00284552846
139474,139480,141905,6,2425,2,36000,1.0024742268
139579,139585,141990,6,2405,2,36000,1.00249480249
139588,139594,141925,6,2331,2,36000,1.00257400257
139597,139603,221890,6,82287,4,162000,1.00007291553
139677,139682,142028,5,2346,2,36000,1.0021312873
139755,139761,141933,6,2172,2,36000,1.00276243094
139776,139782,142214,6,2432,2,54000,1.00246710526
139793,139799,141836,6,2037,2,36000,1.0029455081
139795,139805,143306,10,3501,2,18000,1.00285632676
139801,139811,144760,10,4949,2,54000,1.00202061022
139832,139838,141804,6,1966,2,36000,1.00305188199
139881,139888,141692,7,1804,2,36000,1.00388026608
139884,139924,143457,40,3533,2,18000,1.01132182281
139920,139952,143535,32,3583,2,18000,1.00893106335
139951,139976,143827,25,3851,2,18000,1.00649182031
139984,140095,143839,111,3744,2,18000,1.0296474359
140090,140202,143913,112,3711,2,18000,1.03018054433
140250,140257,143939,7,3682,2,18000,1.00190114068
140270,140275,141978,5,1703,2,36000,1.0029359953
140275,140281,143667,6,3386,2,18000,1.00177200236
140278,140287,141893,9,1606,2,36000,1.00560398506
140284,140293,142084,9,1791,2,36000,1.00502512563
140319,140325,142255,6,1930,2,36000,1.00310880829
140383,140389,142178,6,1789,2,36000,1.00335382895
140391,140397,142552,6,2155,2,36000,1.00278422274
140523,140529,142614,6,2085,2,36000,1.00287769784
140585,140591,143065,6,2474,2,36000,1.00242522231
140604,140610,143025,6,2415,2,36000,1.00248447205
140646,140652,143173,6,2521,2,36000,1.00238000793
140647,140997,144380,350,3383,2,18000,1.10345846881
141109,141115,143290,6,2175,2,36000,1.00275862069
141117,141150,144831,33,3681,2,18000,1.00896495518
141343,141358,143660,15,2302,2,36000,1.00651607298
141343,141349,144574,6,3225,2,18000,1.00186046512
141359,141555,144668,196,3113,2,18000,1.06296177321
141551,141665,145428,114,3763,2,18000,1.03029497741
141659,141703,145172,44,3469,2,18000,1.01268377054
141810,141816,144248,6,2432,2,36000,1.00246710526
141846,141852,144243,6,2391,2,36000,1.00250941029
141890,141896,144418,6,2522,2,36000,1.00237906423
141908,141914,144113,6,2199,2,36000,1.00272851296
141914,141920,144018,6,2098,2,36000,1.00285986654
141941,141947,144320,6,2373,2,36000,1.00252844501
141946,141953,144005,7,2052,2,36000,1.00341130604
141990,141996,144382,6,2386,2,36000,1.0025146689
142004,142010,144172,6,2162,2,36000,1.00277520814
142038,142044,144356,6,2312,2,36000,1.00259515571
142064,142070,144599,6,2529,2,36000,1.00237247924
142096,142102,144410,6,2308,2,36000,1.00259965338
142129,142151,145529,22,3378,2,18000,1.00651272943
142151,142189,145500,38,3311,2,18000,1.0114768952
142264,142271,144841,7,2570,2,36000,1.00272373541
142332,142339,143678,7,1339,8,43200,1.00522778193
142396,142402,144738,6,2336,2,36000,1.00256849315
142400,142498,145905,98,3407,2,18000,1.02876430878
142495,142503,144965,8,2462,2,36000,1.00324939074
142498,142563,145850,65,3287,2,18000,1.0197748707
142499,142626,145979,127,3353,2,18000,1.03787652848
142661,142667,144900,6,2233,2,36000,1.0026869682
142666,143037,146163,371,3126,2,18000,1.11868202175
143019,143025,158499,6,15474,8,43200,1.00038774719
143071,143076,145327,5,2251,2,36000,1.00222123501
143179,143185,145471,6,2286,2,36000,1.00262467192
143303,143309,145464,6,2155,2,36000,1.00278422274
143326,143332,145603,6,2271,2,36000,1.00264200793
143330,143473,147194,143,3721,2,18000,1.03843052943
143469,143557,147191,88,3634,2,18000,1.02421574023
143557,143671,146998,114,3327,2,18000,1.0342651037
143713,143719,146131,6,2412,2,36000,1.00248756219
143829,143838,147247,9,3409,2,18000,1.0026400704
143830,143851,147489,21,3638,2,18000,1.00577240242
143851,143925,147027,74,3102,2,18000,1.02385557705
143923,143950,147219,27,3269,2,18000,1.00825940655
143948,144017,147488,69,3471,2,18000,1.01987899741
144038,144045,146403,7,2358,2,36000,1.00296861747
144122,144128,146460,6,2332,2,36000,1.0025728988
144179,144186,146432,7,2246,2,36000,1.00311665183
144260,144266,146459,6,2193,2,36000,1.00273597811
144264,144272,146345,8,2073,2,36000,1.00385914134
144331,144337,146833,6,2496,2,36000,1.00240384615
144371,144377,146842,6,2465,2,36000,1.00243407708
144387,144393,146778,6,2385,2,36000,1.00251572327
144390,144399,147856,9,3457,2,18000,1.00260341336
144419,144426,146963,7,2537,2,36000,1.00275916437
144427,144433,146943,6,2510,2,36000,1.00239043825
144581,144588,146892,7,2304,2,36000,1.00303819444
144587,144611,148104,24,3493,2,18000,1.00687088463
144679,144686,146600,7,1914,2,36000,1.00365726228
144682,144749,148258,67,3509,2,18000,1.01909375891
144839,144845,148111,6,3266,2,18000,1.00183710961
144855,144861,146818,6,1957,2,36000,1.00306591722
144908,144914,147288,6,2374,2,36000,1.00252737995
144975,144981,147475,6,2494,2,36000,1.00240577386
145062,145068,153968,6,8900,2,108000,1.0006741573
145181,145187,148769,6,3582,2,18000,1.00167504188
145189,145195,145323,6,128,4,14400,1.046875
145224,145230,145325,6,95,4,14400,1.06315789474
145242,145248,145399,6,151,4,10800,1.03973509934
145321,145327,148242,6,2915,4,162000,1.00205831904
145328,145334,145396,6,62,23,10800,1.09677419355
145333,145340,147800,7,2460,2,36000,1.00284552846
145409,145415,148867,6,3452,4,162000,1.00173812283
145434,145440,147152,6,1712,2,36000,1.0035046729
145438,145475,148630,37,3155,2,18000,1.0117274168
145483,145489,146914,6,1425,2,36000,1.00421052632
145508,145514,145763,6,249,8,10800,1.02409638554
145509,145520,149003,11,3483,2,18000,1.00315819696
145537,145543,147643,6,2100,2,36000,1.00285714286
145541,145614,149013,73,3399,2,18000,1.02147690497
145838,145844,146261,6,417,23,3600,1.01438848921
145856,145862,147648,6,1786,2,36000,1.00335946249
145860,145916,148971,56,3055,2,18000,1.01833060556
145912,146013,149489,101,3476,2,18000,1.02905638665
146038,146142,149306,104,3164,2,18000,1.03286978508
146074,146080,155725,6,9645,2,108000,1.00062208398
146187,146193,148093,6,1900,2,36000,1.00315789474
146251,146357,149643,106,3286,2,18000,1.03225806452
146292,146299,147008,7,709,20,3600,1.00987306065
146418,146424,148314,6,1890,2,36000,1.00317460317
146446,146452,148713,6,2261,2,36000,1.00265369306
146472,146479,148518,7,2039,2,36000,1.00343305542
146478,146485,148540,7,2055,2,36000,1.00340632603
146488,146494,149844,6,3350,4,162000,1.00179104478
146608,146614,148718,6,2104,2,36000,1.00285171103
146610,146620,150292,10,3672,4,162000,1.00272331155
146787,146793,148389,6,1596,2,36000,1.0037593985
146832,146838,148619,6,1781,2,36000,1.00336889388
146834,146844,148811,10,1967,5,18000,1.00508388409
146855,146861,148326,6,1465,2,36000,1.00409556314
146864,146870,148362,6,1492,2,36000,1.00402144772
146909,146915,149294,6,2379,2,36000,1.0025220681
146925,146931,148872,6,1941,2,36000,1.00309119011
146957,146963,149000,6,2037,2,36000,1.0029455081
146975,146981,149092,6,2111,2,36000,1.00284225486
147006,147013,150603,7,3590,2,18000,1.00194986072
147049,147055,149048,6,1993,2,36000,1.00301053688
147053,147163,150428,110,3265,2,18000,1.0336906585
147199,147205,149384,6,2179,2,36000,1.00275355668
147205,147211,149638,6,2427,2,36000,1.00247218789
147210,147230,150659,20,3429,2,18000,1.00583260426
147211,147262,150956,51,3694,2,18000,1.01380617217
147227,147300,150936,73,3636,2,18000,1.0200770077
147265,147486,150972,221,3486,2,18000,1.06339644291
147376,147383,157068,7,9685,2,108000,1.00072276717
147516,147523,151179,7,3656,2,18000,1.00191466083
147518,147528,151205,10,3677,2,18000,1.00271960838
147653,147659,150018,6,2359,2,36000,1.00254345061
147660,147666,149906,6,2240,2,36000,1.00267857143
147807,147813,150041,6,2228,2,36000,1.0026929982
147864,147870,150258,6,2388,2,36000,1.00251256281
147869,148104,151919,235,3815,2,18000,1.06159895151
148108,148115,151864,7,3749,2,18000,1.00186716458
148121,148127,150660,6,2533,2,36000,1.00236873273
148126,148270,151779,144,3509,2,18000,1.04103733257
148258,148264,148266,6,2,2,108000,1.0
148267,148326,151454,59,3128,2,18000,1.01886189258
148333,148339,150868,6,2529,2,36000,1.00237247924
148370,148376,150924,6,2548,2,36000,1.00235478807
148439,148445,150297,6,1852,2,36000,1.00323974082
148532,148538,150843,6,2305,2,36000,1.00260303688
148551,148557,150019,6,1462,2,36000,1.00410396717
148633,148639,150218,6,1579,2,36000,1.00379987334
148637,148645,150506,8,1861,2,36000,1.00429876411
148641,148725,152036,84,3311,2,18000,1.02536997886
148732,148738,150271,6,1533,2,36000,1.00391389432
148780,148786,150662,6,1876,2,36000,1.00319829424
148781,148883,152212,102,3329,2,18000,1.03063983178
148980,148986,152403,6,3417,2,18000,1.00175592625
149006,149012,151140,6,2128,2,36000,1.00281954887
149008,149018,152603,10,3585,2,18000,1.00278940028
149022,149028,151285,6,2257,2,36000,1.0026583961
149026,149059,152071,33,3012,2,18000,1.0109561753
149107,149114,151644,7,2530,2,36000,1.00276679842
149112,149120,149124,8,4,4,43200,1.2
149232,149238,186258,6,37020,4,43200,1.00016207455
149321,149328,151255,7,1927,2,36000,1.00363258952
149348,149354,151440,6,2086,2,36000,1.00287631831
149395,149401,150883,6,1482,2,36000,1.004048583
149491,149500,152865,9,3365,2,18000,1.00267459138
149492,149649,153047,157,3398,2,18000,1.04620364921
149654,149661,153309,7,3648,2,18000,1.00191885965
149867,149873,168525,6,18652,10,43200,1.00032168132
149915,149921,152199,6,2278,2,36000,1.00263388938
150025,150032,152409,7,2377,2,36000,1.00294488851
150031,150038,152357,7,2319,2,36000,1.00301854248
150047,150053,152389,6,2336,2,36000,1.00256849315
150235,150241,152454,6,2213,2,36000,1.00271125169
150267,150273,152560,6,2287,2,36000,1.00262352427
150285,150291,152748,6,2457,2,36000,1.00244200244
150304,150310,152753,6,2443,2,36000,1.00245599673
150371,150378,150410,7,32,10,43200,1.21875
150406,150412,169365,6,18953,10,43200,1.00031657257
150435,150442,154118,7,3676,2,18000,1.00190424374
150507,150513,150525,6,12,1,86400,1.5
150521,150527,153089,6,2562,2,36000,1.00234192037
150593,150599,223648,6,73049,1,86400,1.00008213665
150613,150619,154200,6,3581,2,18000,1.00167550963
150673,150679,154382,6,3703,2,18000,1.00162030786
150791,150797,152856,6,2059,2,36000,1.00291403594
150801,150807,153238,6,2431,2,36000,1.00246812012
150863,150869,169712,6,18843,10,43200,1.00031842063
150904,150910,150987,6,77,16,300,1.07792207792
150944,150950,154530,6,3580,2,18000,1.00167597765
150980,150986,154133,6,3147,2,18000,1.00190657769
150981,150992,154700,11,3708,2,18000,1.00296655879
151030,151036,153153,6,2117,2,36000,1.00283419934
151043,151049,152899,6,1850,2,36000,1.00324324324
151044,151055,152981,11,1926,2,36000,1.0057113188
151045,151060,152839,15,1779,2,36000,1.0084317032
151156,151162,153057,6,1895,2,36000,1.00316622691
151189,151196,152771,7,1575,2,36000,1.00444444444
151191,151218,154960,27,3742,2,18000,1.00721539284
151217,151266,154957,49,3691,2,18000,1.01327553509
151282,151288,167365,6,16077,10,43200,1.00037320396
151301,151307,153533,6,2226,2,36000,1.00269541779
151450,151456,152860,6,1404,2,36000,1.00427350427
151460,151465,154851,5,3386,2,18000,1.00147666864
151653,151659,154150,6,2491,2,36000,1.00240867122
151790,151796,155420,6,3624,2,18000,1.00165562914
151873,151879,154347,6,2468,2,36000,1.00243111831
151875,151930,155181,55,3251,2,18000,1.01691787142
151933,152049,155332,116,3283,2,18000,1.0353335364
152039,152082,155482,43,3400,2,18000,1.01264705882
152081,152210,155811,129,3601,2,18000,1.03582338239
152221,152227,155916,6,3689,2,18000,1.00162645703
152229,152369,154811,140,2442,2,36000,1.05733005733
152421,152427,155575,6,3148,2,18000,1.00190597205
152546,152552,154823,6,2271,2,36000,1.00264200793
152607,152614,155825,7,3211,2,18000,1.00218000623
152718,152724,155007,6,2283,2,36000,1.00262812089
152758,152764,155276,6,2512,2,36000,1.00238853503
152768,152774,155103,6,2329,2,36000,1.00257621297
152781,152787,155166,6,2379,2,36000,1.0025220681
152787,152793,155213,6,2420,2,36000,1.00247933884
152799,152806,155135,7,2329,2,36000,1.00300558179
152848,152855,155410,7,2555,2,36000,1.00273972603
152880,152886,155177,6,2291,2,36000,1.00261894369
152887,152893,155329,6,2436,2,36000,1.00246305419
152895,152901,155474,6,2573,2,36000,1.00233190828
152905,152911,155388,6,2477,2,36000,1.00242228502
153020,153026,155495,6,2469,2,36000,1.00243013366
153038,153058,156561,20,3503,2,18000,1.00570939195
153067,153073,155243,6,2170,2,36000,1.00276497696
153084,153100,156519,16,3419,2,18000,1.00467973092
153164,153170,155322,6,2152,2,36000,1.00278810409
153251,153257,155178,6,1921,2,36000,1.00312337324
153321,153327,155803,6,2476,2,36000,1.00242326333
153323,153545,156994,222,3449,2,18000,1.06436648304
154124,154131,157185,7,3054,2,18000,1.00229207597
154148,154155,157996,7,3841,2,18000,1.00182244207
154150,154161,156642,11,2481,2,36000,1.00443369609
154207,154214,156729,7,2515,2,36000,1.0027833002
154211,154359,157761,148,3402,2,18000,1.04350382128
154399,154405,157694,6,3289,2,18000,1.00182426269
154562,154569,156746,7,2177,2,36000,1.00321543408
154645,154712,158211,67,3499,2,18000,1.01914832809
154703,154822,158067,119,3245,2,18000,1.03667180277
154838,154844,157098,6,2254,2,36000,1.00266193434
154859,154865,158438,6,3573,2,18000,1.00167926113
154963,154969,158356,6,3387,2,18000,1.00177147919
154964,154975,158112,11,3137,2,18000,1.00350653491
155014,155019,157049,5,2030,2,36000,1.00246305419
155119,155125,156812,6,1687,2,36000,1.00355660937
155146,155152,156900,6,1748,2,36000,1.00343249428
155175,155181,156820,6,1639,2,36000,1.00366076876
155190,155196,157053,6,1857,2,36000,1.00323101777
155191,155202,158565,11,3363,2,18000,1.00327088909
155196,155207,157080,11,1873,2,36000,1.00587293113
155223,155229,157154,6,1925,2,36000,1.00311688312
155251,155257,156979,6,1722,2,36000,1.00348432056
155282,155287,157163,5,1876,2,36000,1.0026652452
155339,155345,157353,6,2008,2,36000,1.00298804781
155340,155350,158639,10,3289,2,18000,1.00304043782
155344,155356,157220,12,1864,2,36000,1.00643776824
155403,155409,157705,6,2296,2,36000,1.00261324042
155421,155427,157558,6,2131,2,36000,1.00281557954
155425,155433,158935,8,3502,2,18000,1.00228440891
155481,155487,157540,6,2053,2,36000,1.00292255236
155491,155497,158922,6,3425,2,18000,1.00175182482
155506,155512,157473,6,1961,2,36000,1.00305966344
155578,155587,159089,9,3502,2,18000,1.00256996002
155811,155817,158080,6,2263,2,36000,1.00265134777
155822,155828,159448,6,3620,2,18000,1.00165745856
155833,155840,157998,7,2158,2,36000,1.00324374421
155839,155927,159409,88,3482,2,18000,1.02527283171
155929,156534,160067,605,3533,2,18000,1.17124257005
156528,156584,159798,56,3214,2,18000,1.017423771
156585,156653,160004,68,3351,2,18000,1.02029245001
156739,156745,159131,6,2386,2,36000,1.0025146689
156757,156763,159126,6,2363,2,36000,1.00253914515
156826,156833,158965,7,2132,2,36000,1.00328330206
156831,156839,159106,8,2267,2,36000,1.00352889281
156908,156914,159318,6,2404,2,36000,1.00249584027
156988,156994,159065,6,2071,2,36000,1.00289715113
157001,157007,160536,6,3529,2,18000,1.00170019836
157064,157070,158785,6,1715,2,36000,1.00349854227
157070,157076,158937,6,1861,2,36000,1.00322407308
157087,157094,158896,7,1802,2,36000,1.0038845727
157103,157109,158950,6,1841,2,36000,1.00325909832
157172,157178,159242,6,2064,2,36000,1.00290697674
157177,157184,158893,7,1709,2,36000,1.00409596255
157186,157196,160569,10,3373,2,18000,1.00296471983
157228,157234,159011,6,1777,2,36000,1.00337647721
157359,157365,158817,6,1452,2,36000,1.0041322314
157480,157486,159262,6,1776,2,36000,1.00337837838
157549,157556,158985,7,1429,2,36000,1.00489853044
157567,157573,159629,6,2056,2,36000,1.00291828794
157710,157716,161272,6,3556,2,18000,1.00168728909
157712,157722,159708,10,1986,2,36000,1.00503524673
157768,157774,161217,6,3443,2,18000,1.00174266628
158009,158015,160128,6,2113,2,36000,1.0028395646
158015,158021,160255,6,2234,2,36000,1.00268576544
158019,158082,161533,63,3451,2,18000,1.01825557809
158084,158091,161648,7,3557,2,18000,1.00196795052
158122,158128,161670,6,3542,2,18000,1.00169395822
158221,158227,161274,6,3047,2,18000,1.00196914998
158222,158449,160746,227,2297,2,36000,1.09882455377
158357,158367,161936,10,3569,2,18000,1.0028019053
158439,158576,162195,137,3619,2,18000,1.03785576126
158593,158666,162017,73,3351,2,18000,1.02178454193
158704,158796,162096,92,3300,2,18000,1.02787878788
158827,158834,161343,7,2509,2,36000,1.00278995616
158907,158913,161351,6,2438,2,36000,1.00246103363
158912,158919,161409,7,2490,2,36000,1.00281124498
158932,158938,161110,6,2172,2,36000,1.00276243094
158934,158946,162348,12,3402,2,18000,1.00352733686
158950,158956,161169,6,2213,2,36000,1.00271125169
158951,158962,162055,11,3093,2,18000,1.00355641772
158971,158977,160965,6,1988,2,36000,1.00301810865
159001,159007,161270,6,2263,2,36000,1.00265134777
159017,159023,161291,6,2268,2,36000,1.00264550265
159079,159085,161626,6,2541,2,36000,1.00236127509
159099,159105,162350,6,3245,2,18000,1.00184899846
159121,159127,161660,6,2533,2,36000,1.00236873273
159138,159144,161057,6,1913,2,36000,1.00313643492
159143,159150,161016,7,1866,2,36000,1.00375133976
159252,159258,161749,6,2491,2,36000,1.00240867122
159270,159276,161612,6,2336,2,36000,1.00256849315
159328,159334,161858,6,2524,2,36000,1.00237717908
159416,159460,162621,44,3161,2,18000,1.01391964568
159416,159422,161831,6,2409,2,36000,1.00249066002
159457,159640,162919,183,3279,2,18000,1.05580969808
159724,159730,161564,6,1834,2,36000,1.00327153762
159814,159820,162964,6,3144,2,18000,1.00190839695
160013,160019,162296,6,2277,2,36000,1.00263504611
160015,160090,163640,75,3550,2,18000,1.02112676056
160136,160142,161975,6,1833,2,36000,1.00327332242
160138,160266,163506,128,3240,2,18000,1.03950617284
160561,160567,163087,6,2520,2,36000,1.00238095238
160562,160580,164236,18,3656,2,18000,1.00492341357
160584,160758,164188,174,3430,2,18000,1.05072886297
160975,160981,163057,6,2076,2,36000,1.00289017341
161024,161030,163505,6,2475,2,36000,1.00242424242
161073,161079,163459,6,2380,2,36000,1.0025210084
161123,161129,163367,6,2238,2,36000,1.00268096515
161181,161187,163411,6,2224,2,36000,1.00269784173
161256,161262,163584,6,2322,2,36000,1.00258397933
161263,161282,164654,19,3372,2,18000,1.0056346382
161283,161289,163631,6,2342,2,36000,1.00256191289
161288,161295,164737,7,3442,2,18000,1.00203370134
161290,161302,164887,12,3585,2,18000,1.00334728033
161351,161357,163476,6,2119,2,36000,1.0028315243
161368,161374,163381,6,2007,2,36000,1.00298953662
161425,161431,163555,6,2124,2,36000,1.00282485876
161541,161547,164857,6,3310,2,18000,1.00181268882
161570,161576,163419,6,1843,2,36000,1.00325556158
161621,161628,163902,7,2274,2,36000,1.00307827617
161637,161643,164088,6,2445,2,36000,1.00245398773
161659,161665,164174,6,2509,2,36000,1.00239139099
161666,161672,165009,6,3337,2,18000,1.00179802218
161679,161685,164014,6,2329,2,36000,1.00257621297
161682,161760,164806,78,3046,2,18000,1.02560735391
161841,161847,164318,6,2471,2,36000,1.00242816673
161867,161873,164277,6,2404,2,36000,1.00249584027
161943,161950,165108,7,3158,2,18000,1.00221659278
161982,161989,164314,7,2325,2,36000,1.00301075269
162040,162046,164616,6,2570,2,36000,1.00233463035
162043,162066,165212,23,3146,2,18000,1.00731087095
162063,162107,165364,44,3257,2,18000,1.01350936445
162107,162250,165860,143,3610,2,18000,1.03961218837
162302,162308,163740,6,1432,2,36000,1.00418994413
162339,162359,165661,20,3302,2,18000,1.00605693519
162360,162366,164278,6,1912,2,36000,1.00313807531
162363,162654,166182,291,3528,2,18000,1.0824829932
162364,162931,166258,567,3327,2,18000,1.17042380523
162716,162976,166424,260,3448,2,18000,1.07540603248
162932,163068,166458,136,3390,2,18000,1.0401179941
162968,163098,166532,130,3434,2,18000,1.03785672685
163376,163383,165469,7,2086,2,36000,1.0033557047
163393,163400,165324,7,1924,2,36000,1.00363825364
163418,163424,165808,6,2384,2,36000,1.00251677852
163434,163440,165679,6,2239,2,36000,1.00267976775
163466,163472,165962,6,2490,2,36000,1.00240963855
163489,163495,165653,6,2158,2,36000,1.00278035218
163510,163516,166846,6,3330,2,18000,1.0018018018
163516,163522,165688,6,2166,2,36000,1.0027700831
163565,163572,165790,7,2218,2,36000,1.00315599639
163595,163601,165700,6,2099,2,36000,1.00285850405
163637,163644,165816,7,2172,2,36000,1.0032228361
163650,163656,167250,6,3594,2,18000,1.00166944908
163754,163760,165938,6,2178,2,36000,1.00275482094
163795,163801,163849,6,48,2,300,1.125
163898,163905,164123,7,218,2,300,1.03211009174
164038,164044,166605,6,2561,2,36000,1.00234283483
164044,164051,166607,7,2556,2,36000,1.00273865415
164105,164111,166660,6,2549,2,36000,1.00235386426
164134,164141,164152,7,11,2,300,1.63636363636
164164,164170,164201,6,31,2,300,1.1935483871
164197,164203,167533,6,3330,2,18000,1.0018018018
164209,164216,164263,7,47,2,300,1.14893617021
164218,164224,166100,6,1876,2,36000,1.00319829424
164249,164255,167472,6,3217,2,18000,1.0018650917
164257,164263,164316,6,53,2,300,1.11320754717
164291,164297,166418,6,2121,2,36000,1.00282885431
164297,164303,166605,6,2302,2,36000,1.00260642919
164325,164331,166728,6,2397,2,36000,1.00250312891
164326,164342,164617,16,275,2,360,1.05818181818
164331,164337,166590,6,2253,2,36000,1.00266311585
164626,164632,167018,6,2386,2,36000,1.0025146689
164633,164640,164656,7,16,2,300,1.4375
164662,164668,167180,6,2512,2,36000,1.00238853503
164665,164749,168423,84,3674,2,18000,1.02286336418
164671,164677,164703,6,26,2,300,1.23076923077
164718,164724,164758,6,34,2,300,1.17647058824
164748,164817,168365,69,3548,2,18000,1.0194475761
164773,164779,165078,6,299,2,300,1.02006688963
164814,164899,168559,85,3660,2,18000,1.02322404372
164861,164869,168322,8,3453,2,18000,1.00231682595
164902,165036,168671,134,3635,2,18000,1.03686382393
165049,165119,168462,70,3343,2,18000,1.0209392761
165114,165223,168515,109,3292,2,18000,1.03311057108
165221,165335,168710,114,3375,2,18000,1.03377777778
165372,165378,167730,6,2352,2,36000,1.00255102041
165378,165481,169100,103,3619,2,18000,1.0284609008
165671,165677,168780,6,3103,2,18000,1.00193361263
165862,165868,168395,6,2527,2,36000,1.00237435694
165868,165873,168297,5,2424,2,36000,1.00206270627
165871,165880,169333,9,3453,2,18000,1.00260642919
165883,165889,168296,6,2407,2,36000,1.00249272954
165890,165896,168409,6,2513,2,36000,1.00238758456
165908,165914,168369,6,2455,2,36000,1.00244399185
165914,165920,168334,6,2414,2,36000,1.00248550124
165928,165934,168432,6,2498,2,36000,1.00240192154
165946,165952,168223,6,2271,2,36000,1.00264200793
165979,165985,168631,6,2646,2,36000,1.0022675737
166117,166123,168534,6,2411,2,36000,1.00248859394
166203,166209,167921,6,1712,2,36000,1.0035046729
166205,166270,169589,65,3319,2,18000,1.01958421211
166268,166429,169534,161,3105,2,18000,1.05185185185
166435,166441,169834,6,3393,2,18000,1.0017683466
166463,166469,170194,6,3725,2,18000,1.00161073826
166542,166548,169907,6,3359,2,18000,1.00178624591
166549,166601,169053,52,2452,2,36000,1.02120717781
166611,166617,168733,6,2116,2,36000,1.00283553875
166618,166624,168418,6,1794,2,36000,1.00334448161
166629,166635,168755,6,2120,2,36000,1.00283018868
166668,166675,168871,7,2196,2,36000,1.00318761384
166735,166741,168776,6,2035,2,36000,1.00294840295
166853,166859,170479,6,3620,2,18000,1.00165745856
166932,166938,166999,6,61,2,3540,1.09836065574
167028,167034,169506,6,2472,2,36000,1.00242718447
167187,167193,169664,6,2471,2,36000,1.00242816673
167260,167266,169683,6,2417,2,36000,1.00248241622
167264,167483,171008,219,3525,2,18000,1.06212765957
167480,167544,170698,64,3154,2,18000,1.02029169309
167543,167742,171059,199,3317,2,18000,1.05999397046
167665,167671,167744,6,73,4,3540,1.08219178082
167666,167677,167745,11,68,4,3540,1.16176470588
167667,167682,167744,15,62,2,3540,1.24193548387
167929,167935,169751,6,1816,2,36000,1.00330396476
168238,168244,170742,6,2498,2,36000,1.00240192154
168305,168311,170739,6,2428,2,36000,1.00247116969
168313,168319,170721,6,2402,2,36000,1.0024979184
168328,168334,170850,6,2516,2,36000,1.00238473768
168333,168346,171634,13,3288,2,18000,1.00395377129
168369,168377,172058,8,3681,2,18000,1.00217332247
168376,168383,170716,7,2333,2,36000,1.00300042863
168403,168409,170771,6,2362,2,36000,1.00254022015
168420,168426,170842,6,2416,2,36000,1.00248344371
168425,168432,170562,7,2130,2,36000,1.00328638498
168429,168438,172070,9,3632,2,18000,1.00247797357
168445,168451,170488,6,2037,2,36000,1.0029455081
168469,168475,171934,6,3459,2,18000,1.00173460538
168521,168526,170711,5,2185,2,36000,1.00228832952
168524,168545,171938,21,3393,2,18000,1.00618921309
168567,168659,170760,92,2101,2,36000,1.04378867206
168567,168573,172029,6,3456,2,18000,1.00173611111
168690,168697,172191,7,3494,2,18000,1.00200343446
168720,168726,171869,6,3143,2,18000,1.00190900414
168744,168751,171198,7,2447,2,36000,1.00286064569
168769,168775,170790,6,2015,2,36000,1.00297766749
168785,168791,172517,6,3726,2,18000,1.00161030596
168786,168797,171181,11,2384,2,36000,1.00461409396
168986,168992,171558,6,2566,2,36000,1.00233826968
169061,169067,171589,6,2522,2,36000,1.00237906423
169109,169116,170921,7,1805,2,36000,1.00387811634
169113,169352,172584,239,3232,2,18000,1.0739480198
169358,169517,172860,159,3343,2,18000,1.04756207
169545,169551,172838,6,3287,2,18000,1.00182537268
169546,169601,172112,55,2511,2,36000,1.02190362405
169602,169676,173175,74,3499,2,18000,1.02114889969
169693,169699,172245,6,2546,2,36000,1.00235663786
169761,169767,172265,6,2498,2,36000,1.00240192154
169847,169853,173083,6,3230,2,18000,1.00185758514
169930,169936,171500,6,1564,2,36000,1.00383631714
169965,170205,173859,240,3654,2,18000,1.06568144499
170204,170490,173974,286,3484,2,18000,1.08208955224
170485,170499,174143,14,3644,2,18000,1.00384193194
170572,170579,172685,7,2106,2,36000,1.00332383666
170706,170712,174349,6,3637,2,18000,1.0016497113
170718,170724,172375,6,1651,2,36000,1.00363416111
170724,170730,172616,6,1886,2,36000,1.00318133616
170729,170736,172770,7,2034,2,36000,1.00344149459
170748,170754,172610,6,1856,2,36000,1.00323275862
170753,170760,173142,7,2382,2,36000,1.00293870697
170768,170774,173303,6,2529,2,36000,1.00237247924
170786,170792,173276,6,2484,2,36000,1.00241545894
170803,170809,173105,6,2296,2,36000,1.00261324042
170849,170856,173426,7,2570,2,36000,1.00272373541
170856,170862,172708,6,1846,2,36000,1.00325027086
170930,170936,173482,6,2546,2,36000,1.00235663786
171012,171019,174605,7,3586,2,18000,1.00195203569
171064,171070,174309,6,3239,2,18000,1.00185242359
171188,171193,173203,5,2010,2,36000,1.00248756219
171209,171215,173367,6,2152,2,36000,1.00278810409
171510,171516,173239,6,1723,2,36000,1.00348229832
171565,171571,173449,6,1878,2,36000,1.00319488818
171600,171606,173721,6,2115,2,36000,1.00283687943
171643,171648,174827,5,3179,2,18000,1.00157282164
171876,171882,174269,6,2387,2,36000,1.00251361542
171877,171946,175515,69,3569,2,18000,1.01933314654
171945,171952,174241,7,2289,2,36000,1.00305810398
171949,172042,175824,93,3782,2,18000,1.02459016393
171950,172069,175335,119,3266,2,18000,1.03643600735
172040,172082,175290,42,3208,2,18000,1.01309226933
172065,172123,175259,58,3136,2,18000,1.01849489796
172087,172217,175964,130,3747,2,18000,1.0346944222
172217,172257,175638,40,3381,2,18000,1.01183081928
172273,172279,173973,6,1694,2,36000,1.00354191263
172292,172298,172451,6,153,16,300,1.03921568627
172383,172389,174492,6,2103,2,36000,1.00285306705
172525,172531,174407,6,1876,2,36000,1.00319829424
172526,172614,176068,88,3454,2,18000,1.02547770701
172620,172626,174550,6,1924,2,36000,1.00311850312
172627,172632,174530,5,1898,2,36000,1.00263435195
172647,172696,175846,49,3150,2,18000,1.01555555556
172724,172730,174473,6,1743,2,36000,1.00344234079
172779,172785,175178,6,2393,2,36000,1.002507313
172850,172871,175369,21,2498,2,36000,1.00840672538
172850,172856,176420,6,3564,2,18000,1.00168350168
172865,173102,176266,237,3164,2,18000,1.07490518331
173100,173117,176121,17,3004,2,18000,1.00565912117
173151,173157,175538,6,2381,2,36000,1.0025199496
173208,173214,175482,6,2268,2,36000,1.00264550265
173213,173220,175761,7,2541,2,36000,1.00275482094
173215,173250,176746,35,3496,2,18000,1.01001144165
173284,173290,175797,6,2507,2,36000,1.00239329876
173318,173324,175441,6,2117,2,36000,1.00283419934
173373,173379,175897,6,2518,2,36000,1.00238284353
173440,173446,175599,6,2153,2,36000,1.0027868091
173464,173470,175640,6,2170,2,36000,1.00276497696
173489,173495,175541,6,2046,2,36000,1.00293255132
173731,173737,175533,6,1796,2,36000,1.00334075724
173870,173876,175737,6,1861,2,36000,1.00322407308
173871,173984,177677,113,3693,2,18000,1.03059842946
173980,173990,176420,10,2430,2,36000,1.00411522634
173980,174155,177624,175,3469,2,18000,1.05044681464
174147,174252,177381,105,3129,2,18000,1.03355704698
174276,174282,176653,6,2371,2,36000,1.00253057782
174315,174322,176784,7,2462,2,36000,1.0028432169
174317,174360,177695,43,3335,2,18000,1.01289355322
174353,174419,177913,66,3494,2,18000,1.0188895249
174481,174488,176857,7,2369,2,36000,1.00295483326
174506,174512,176929,6,2417,2,36000,1.00248241622
174544,174551,176830,7,2279,2,36000,1.0030715226
174562,174568,176796,6,2228,2,36000,1.0026929982
174612,174850,177133,238,2283,2,36000,1.10424879544
174612,174618,178234,6,3616,2,18000,1.00165929204
174777,174783,175099,6,316,11,300,1.01898734177
174848,175189,178352,341,3163,2,18000,1.10780904205
175268,175274,177660,6,2386,2,36000,1.0025146689
175277,175301,178682,24,3381,2,18000,1.00709849157
175294,175346,178657,52,3311,2,18000,1.01570522501
175348,175380,178431,32,3051,2,18000,1.01048836447
175451,175457,177693,6,2236,2,36000,1.00268336315
175496,175503,177621,7,2118,2,36000,1.00330500472
175522,175528,177384,6,1856,2,36000,1.00323275862
175523,175544,179000,21,3456,2,18000,1.00607638889
175548,175554,177553,6,1999,2,36000,1.00300150075
175554,175560,177589,6,2029,2,36000,1.00295712173
175614,175620,178102,6,2482,2,36000,1.00241740532
175649,175655,177958,6,2303,2,36000,1.00260529744
175664,175671,178029,7,2358,2,36000,1.00296861747
175671,175749,179065,78,3316,2,18000,1.02352231604
175770,175776,178154,6,2378,2,36000,1.00252312868
175805,175811,178287,6,2476,2,36000,1.00242326333
175831,175837,178156,6,2319,2,36000,1.00258732212
175834,175884,179430,50,3546,2,18000,1.01410039481
175911,175917,178371,6,2454,2,36000,1.00244498778
175940,175984,179473,44,3489,2,18000,1.01261106334
175982,176092,179507,110,3415,2,18000,1.03221083455
176090,176133,179503,43,3370,2,18000,1.01275964392
176131,176300,180017,169,3717,2,18000,1.04546677428
176352,176431,179912,79,3481,2,18000,1.02269462798
176430,176437,179991,7,3554,2,18000,1.00196961171
176439,176664,178594,225,1930,2,36000,1.11658031088
176767,176773,179229,6,2456,2,36000,1.00244299674
176797,176803,180481,6,3678,2,18000,1.00163132137
176810,176816,179236,6,2420,2,36000,1.00247933884
176845,176851,179226,6,2375,2,36000,1.00252631579
176864,176870,179194,6,2324,2,36000,1.00258175559
176946,176952,179004,6,2052,2,36000,1.00292397661
177141,177147,178788,6,1641,2,36000,1.00365630713
177390,177396,179420,6,2024,2,36000,1.00296442688
177393,177402,180510,9,3108,2,18000,1.0028957529
177566,177572,179527,6,1955,2,36000,1.00306905371
177601,177607,179530,6,1923,2,36000,1.0031201248
177626,177632,181158,6,3526,2,18000,1.00170164492
177633,177639,179377,6,1738,2,36000,1.00345224396
177659,177665,177777,6,112,15,300,1.05357142857
177672,177678,179355,6,1677,2,36000,1.00357781753
177689,177695,179500,6,1805,2,36000,1.00332409972
177696,177703,181227,7,3524,2,18000,1.00198637911
177698,177709,181321,11,3612,2,18000,1.00304540421
177926,177932,181331,6,3399,2,18000,1.00176522507
177966,177972,180176,6,2204,2,36000,1.00272232305
178041,178047,179985,6,1938,2,36000,1.00309597523
178109,178115,180405,6,2290,2,36000,1.00262008734
178174,178181,180306,7,2125,2,36000,1.00329411765
178182,178189,180102,7,1913,2,36000,1.00365917407
178244,178250,181882,6,3632,2,18000,1.00165198238
178296,178302,180567,6,2265,2,36000,1.00264900662
178354,178363,181713,9,3350,2,18000,1.00268656716
178384,178390,180315,6,1925,2,36000,1.00311688312
178455,178461,180446,6,1985,2,36000,1.00302267003
178459,178606,182106,147,3500,2,18000,1.042
178664,178671,182302,7,3631,2,18000,1.00192784357
178695,178701,182117,6,3416,2,18000,1.00175644028
178802,178808,180540,6,1732,2,36000,1.00346420323
179004,179012,182388,8,3376,2,18000,1.00236966825
179011,179018,181442,7,2424,2,36000,1.00288778878
179075,179081,182808,6,3727,2,18000,1.00160987389
179201,179207,181753,6,2546,2,36000,1.00235663786
179243,179249,181713,6,2464,2,36000,1.00243506494
179256,179262,181787,6,2525,2,36000,1.00237623762
179266,179272,181818,6,2546,2,36000,1.00235663786
179367,179373,181928,6,2555,2,36000,1.00234833659
179389,179395,181939,6,2544,2,36000,1.00235849057
179426,179432,181972,6,2540,2,36000,1.00236220472
179455,179461,182050,6,2589,2,36000,1.0023174971
179496,179502,183057,6,3555,2,18000,1.00168776371
179498,179512,182956,14,3444,2,18000,1.00406504065
179510,179518,182071,8,2553,2,36000,1.00313356835
179518,179524,182008,6,2484,2,36000,1.00241545894
179554,179560,182095,6,2535,2,36000,1.00236686391
179557,179566,183191,9,3625,2,18000,1.00248275862
179559,179923,182945,364,3022,2,18000,1.12045003309
179921,179996,183777,75,3781,2,18000,1.01983602222
180000,180007,183531,7,3524,2,18000,1.00198637911
180030,180036,183825,6,3789,2,18000,1.00158353127
180232,180238,181923,6,1685,2,36000,1.00356083086
180244,180250,182063,6,1813,2,36000,1.00330943188
180326,180332,182132,6,1800,2,36000,1.00333333333
180332,180339,182591,7,2252,2,36000,1.00310834813
180412,180418,182775,6,2357,2,36000,1.00254560882
180459,180465,182269,6,1804,2,36000,1.00332594235
180488,180494,183986,6,3492,2,18000,1.00171821306
180512,180522,184316,10,3794,2,18000,1.00263574064
180553,180559,182829,6,2270,2,36000,1.00264317181
180577,180583,182676,6,2093,2,36000,1.00286669852
181169,181175,184789,6,3614,2,18000,1.00166021029
181250,181257,184886,7,3629,2,18000,1.00192890603
181251,181332,183839,81,2507,2,36000,1.03230953331
181329,181342,184994,13,3652,2,18000,1.00355969332
181345,181453,185011,108,3558,2,18000,1.03035413153
181721,181727,185533,6,3806,2,18000,1.00157645822
181842,181848,184376,6,2528,2,36000,1.00237341772
181848,181854,184346,6,2492,2,36000,1.00240770465
181866,181873,184393,7,2520,2,36000,1.00277777778
181867,181878,184383,11,2505,2,36000,1.00439121756
181890,181896,184414,6,2518,2,36000,1.00238284353
181894,181935,185260,41,3325,2,18000,1.01233082707
182011,182017,183808,6,1791,2,36000,1.00335008375
182017,182023,184243,6,2220,2,36000,1.0027027027
182023,182029,184148,6,2119,2,36000,1.0028315243
182028,182035,184103,7,2068,2,36000,1.00338491296
182057,182063,184122,6,2059,2,36000,1.00291403594
182073,182079,184125,6,2046,2,36000,1.00293255132
182078,182085,183890,7,1805,2,36000,1.00387811634
182103,182109,184050,6,1941,2,36000,1.00309119011
182113,182119,185248,6,3129,2,18000,1.00191754554
182127,182134,184076,7,1942,2,36000,1.00360453141
182132,182144,185544,12,3400,2,18000,1.00352941176
182278,182284,184030,6,1746,2,36000,1.00343642612
182310,182316,184096,6,1780,2,36000,1.00337078652
182312,182399,185901,87,3502,2,18000,1.02484294689
182395,182603,185775,208,3172,2,18000,1.06557377049
182692,182698,185171,6,2473,2,36000,1.00242620299
182785,182791,185267,6,2476,2,36000,1.00242326333
182812,182820,186466,8,3646,2,18000,1.00219418541
182835,182841,185390,6,2549,2,36000,1.00235386426
182949,182956,186299,7,3343,2,18000,1.00209392761
182965,182971,185476,6,2505,2,36000,1.00239520958
182969,183070,186435,101,3365,2,18000,1.03001485884
183062,183203,186548,141,3345,2,18000,1.04215246637
183198,183543,187289,345,3746,2,18000,1.09209823812
183539,183789,187376,250,3587,2,18000,1.0696961249
183792,183820,187426,28,3606,2,18000,1.00776483638
183827,183836,187130,9,3294,2,18000,1.00273224044
183848,183854,186210,6,2356,2,36000,1.0025466893
183897,183903,186310,6,2407,2,36000,1.00249272954
183995,184001,187292,6,3291,2,18000,1.00182315406
184040,184046,185973,6,1927,2,36000,1.00311364816
184055,184061,186402,6,2341,2,36000,1.00256300726
184087,184093,186611,6,2518,2,36000,1.00238284353
184112,184118,186465,6,2347,2,36000,1.00255645505
184117,184124,186135,7,2011,2,36000,1.0034808553
184134,184140,186507,6,2367,2,36000,1.00253485425
184141,184147,186475,6,2328,2,36000,1.00257731959
184157,184163,186520,6,2357,2,36000,1.00254560882
184254,184261,186616,7,2355,2,36000,1.00297239915
184322,184357,186578,35,2221,2,36000,1.01575866727
184322,184328,187603,6,3275,2,18000,1.00183206107
184391,184397,186516,6,2119,2,36000,1.0028315243
184396,184403,186600,7,2197,2,36000,1.00318616295
184402,184409,186586,7,2177,2,36000,1.00321543408
184427,184433,186725,6,2292,2,36000,1.00261780105
184796,184802,188336,6,3534,2,18000,1.00169779287
184894,184900,188358,6,3458,2,18000,1.001735107
185000,185006,188454,6,3448,2,18000,1.00174013921
185019,185025,188160,6,3135,2,18000,1.0019138756
185021,185183,187207,162,2024,2,36000,1.08003952569
185250,185260,188600,10,3340,2,18000,1.00299401198
185269,185275,188503,6,3228,2,18000,1.00185873606
185278,185284,187806,6,2522,2,36000,1.00237906423
185405,185411,187933,6,2522,2,36000,1.00237906423
185495,185501,187907,6,2406,2,36000,1.00249376559
185542,185548,187969,6,2421,2,36000,1.00247831475
185544,185555,189089,11,3534,2,18000,1.00311262026
185546,185787,189546,241,3759,2,18000,1.06411279596
185787,185913,189085,126,3172,2,18000,1.03972257251
185908,185984,189233,76,3249,2,18000,1.02339181287
186145,186151,188290,6,2139,2,36000,1.00280504909
186226,186232,188587,6,2355,2,36000,1.0025477707
186308,186315,189459,7,3144,2,18000,1.0022264631
186325,186331,188393,6,2062,2,36000,1.00290979631
186415,186422,188382,7,1960,2,36000,1.00357142857
186436,186447,189812,11,3365,2,18000,1.00326894502
186472,186478,189928,6,3450,2,18000,1.00173913043
186479,186485,188509,6,2024,2,36000,1.00296442688
186500,186506,188573,6,2067,2,36000,1.00290275762
186543,186549,188412,6,1863,2,36000,1.00322061192
186556,186562,189984,6,3422,2,18000,1.00175336061
186598,186604,188346,6,1742,2,36000,1.00344431688
186626,186632,188880,6,2248,2,36000,1.00266903915
186632,186638,188756,6,2118,2,36000,1.00283286119
186639,186645,188433,6,1788,2,36000,1.0033557047
186645,186651,188636,6,1985,2,36000,1.00302267003
186650,186657,188454,7,1797,2,36000,1.00389538119
186653,186663,188617,10,1954,2,36000,1.00511770727
186736,186742,188368,6,1626,2,36000,1.0036900369
187133,187144,190611,11,3467,2,18000,1.00317277185
187224,187231,189723,7,2492,2,36000,1.00280898876
187301,187307,190701,6,3394,2,18000,1.00176782557
187301,187312,188763,11,1451,2,36000,1.00758097864
187303,187401,191014,98,3613,2,18000,1.02712427346
187423,187438,190802,15,3364,2,18000,1.00445897741
187440,187613,190920,173,3307,2,18000,1.05231327487
187610,187817,191162,207,3345,2,18000,1.06188340807
187924,187930,189855,6,1925,2,36000,1.00311688312
187948,187954,190196,6,2242,2,36000,1.00267618198
187979,187985,189795,6,1810,2,36000,1.00331491713
188169,188175,189649,6,1474,2,36000,1.00407055631
188170,188302,191872,132,3570,2,18000,1.03697478992
188348,188355,191852,7,3497,2,18000,1.00200171576
188369,188375,192158,6,3783,2,18000,1.00158604282
188462,188468,192075,6,3607,2,18000,1.00166343222
188514,188519,192157,5,3638,2,18000,1.00137438153
188527,188533,190292,6,1759,2,36000,1.00341102899
188608,188614,192116,6,3502,2,18000,1.00171330668
188688,188695,190328,7,1633,2,36000,1.0042865891
188729,188736,190551,7,1815,2,36000,1.00385674931
188733,188742,190454,9,1712,2,36000,1.00525700935
188735,188752,190514,17,1762,2,36000,1.00964812713
188735,188757,190208,22,1451,2,36000,1.01516195727
188735,188747,190439,12,1692,2,36000,1.00709219858
188736,188762,190991,26,2229,2,36000,1.01166442351
188740,188769,190836,29,2067,2,36000,1.01402999516
188750,188774,191141,24,2367,2,36000,1.01013941698
188762,188779,190995,17,2216,2,36000,1.00767148014
188775,188791,191123,16,2332,2,36000,1.00686106346
188780,188796,190919,16,2123,2,36000,1.00753650495
188786,188801,190840,15,2039,2,36000,1.00735654733
188891,188897,190977,6,2080,2,36000,1.00288461538
189090,189097,192389,7,3292,2,18000,1.00212636695
189092,189103,192733,11,3630,2,18000,1.00303030303
189247,189253,192562,6,3309,2,18000,1.00181323663
189249,189470,191654,221,2184,2,36000,1.10119047619
189469,189557,193211,88,3654,2,18000,1.0240831965
189554,189660,192952,106,3292,2,18000,1.03219927096
189747,189753,191471,6,1718,2,36000,1.00349243306
189824,189830,191577,6,1747,2,36000,1.00343445907
189830,189836,191539,6,1703,2,36000,1.00352319436
189833,189866,193403,33,3537,2,18000,1.00932994063
189931,189940,193040,9,3100,2,18000,1.00290322581
189993,189999,193505,6,3506,2,18000,1.00171135197
190207,190213,192569,6,2356,2,36000,1.0025466893
190215,190221,192632,6,2411,2,36000,1.00248859394
190298,190304,192261,6,1957,2,36000,1.00306591722
190343,190349,192090,6,1741,2,36000,1.00344629523
190450,190456,192714,6,2258,2,36000,1.00265721878
190466,190472,192162,6,1690,2,36000,1.00355029586
190522,190528,192414,6,1886,2,36000,1.00318133616
190568,190574,192408,6,1834,2,36000,1.00327153762
190630,190636,192101,6,1465,2,36000,1.00409556314
190631,190716,194368,85,3652,2,18000,1.02327491785
190711,190813,194521,102,3708,2,18000,1.02750809061
190813,190847,194523,34,3676,2,18000,1.0092491839
190857,190863,192590,6,1727,2,36000,1.00347423277
190925,190931,192829,6,1898,2,36000,1.00316122234
190927,190937,194240,10,3303,2,18000,1.00302755071
190993,190999,193251,6,2252,2,36000,1.0026642984
191005,191011,193478,6,2467,2,36000,1.00243210377
191011,191017,193442,6,2425,2,36000,1.0024742268
191020,191026,194728,6,3702,2,18000,1.00162074554
191064,191070,191229,6,159,1,1800,1.03773584906
191136,191143,193468,7,2325,2,36000,1.00301075269
191167,191173,193655,6,2482,2,36000,1.00241740532
191170,191179,194653,9,3474,2,18000,1.00259067358
191486,191492,193792,6,2300,2,36000,1.00260869565
191547,191553,193858,6,2305,2,36000,1.00260303688
191583,191590,194023,7,2433,2,36000,1.00287710645
191661,191667,193934,6,2267,2,36000,1.00264666961
191721,191727,191895,6,168,1,1800,1.03571428571
191855,191865,195383,10,3518,2,18000,1.00284252416
191885,192086,194165,201,2079,2,36000,1.09668109668
191885,191891,195520,6,3629,2,18000,1.00165334803
192084,192101,195786,17,3685,2,18000,1.00461329715
192123,192129,195467,6,3338,2,18000,1.00179748352
192134,192140,194556,6,2416,2,36000,1.00248344371
192164,192171,194674,7,2503,2,36000,1.00279664403
192171,192177,194685,6,2508,2,36000,1.0023923445
192189,192195,194735,6,2540,2,36000,1.00236220472
192189,192272,196049,83,3777,2,18000,1.02197511252
192191,192400,196067,209,3667,2,18000,1.05699481865
192403,192419,195584,16,3165,2,18000,1.00505529226
192425,192431,194399,6,1968,2,36000,1.00304878049
192593,192599,195834,6,3235,2,18000,1.00185471406
192596,192605,194995,9,2390,2,36000,1.00376569038
192608,192614,195129,6,2515,2,36000,1.00238568588
192654,192660,195063,6,2403,2,36000,1.0024968789
192723,192729,195103,6,2374,2,36000,1.00252737995
192754,192760,195237,6,2477,2,36000,1.00242228502
192758,192840,196352,82,3512,2,18000,1.02334851936
192910,192916,193449,6,533,1,1800,1.01125703565
192958,192964,196586,6,3622,2,18000,1.00165654335
193050,193056,196534,6,3478,2,18000,1.00172512938
193217,193224,196622,7,3398,2,18000,1.00206003531
193268,193274,195611,6,2337,2,36000,1.00256739409
193326,193332,193404,6,72,1,1800,1.08333333333
193422,193428,197028,6,3600,2,18000,1.00166666667
193451,193457,195704,6,2247,2,36000,1.00267022697
193538,193544,197047,6,3503,2,18000,1.00171281758
193543,193550,195911,7,2361,2,36000,1.0029648454
193614,193621,195329,7,1708,2,36000,1.00409836066
193664,193671,196154,7,2483,2,36000,1.00281917036
193801,193807,195781,6,1974,2,36000,1.00303951368
193814,193820,193962,6,142,1,1800,1.04225352113
193871,193878,195897,7,2019,2,36000,1.0034670629
193946,193952,195954,6,2002,2,36000,1.002997003
194034,194040,196408,6,2368,2,36000,1.00253378378
194172,194178,196517,6,2339,2,36000,1.0025651988
194248,194255,196759,7,2504,2,36000,1.00279552716
194251,194379,197785,128,3406,2,18000,1.03758073987
194379,194410,197881,31,3471,2,18000,1.00893114376
194536,194542,198254,6,3712,2,18000,1.00161637931
194537,194548,196822,11,2274,2,36000,1.00483729112
194537,194568,198093,31,3525,2,18000,1.00879432624
194613,194619,194933,6,314,1,1800,1.01910828025
194659,194665,196826,6,2161,2,36000,1.00277649236
194660,194685,197818,25,3133,2,18000,1.00797957229
194697,194703,196752,6,2049,2,36000,1.00292825769
194735,194741,196466,6,1725,2,36000,1.00347826087
194740,194747,198050,7,3303,2,18000,1.0021192855
195008,195014,197405,6,2391,2,36000,1.00250941029
195081,195088,197359,7,2271,2,36000,1.00308234258
195112,195118,196991,6,1873,2,36000,1.00320341698
195149,195155,197242,6,2087,2,36000,1.00287494011
195245,195251,197434,6,2183,2,36000,1.00274851122
195348,195354,197891,6,2537,2,36000,1.00236499803
195393,195400,197644,7,2244,2,36000,1.00311942959
195399,195488,198831,89,3343,2,18000,1.0266227939
195488,195531,198936,43,3405,2,18000,1.01262848752
195526,195596,198781,70,3185,2,18000,1.02197802198
195596,195622,198713,26,3091,2,18000,1.00841151731
195730,195737,197543,7,1806,2,36000,1.00387596899
195779,195786,195877,7,91,1,1800,1.07692307692
195787,195793,197450,6,1657,2,36000,1.00362100181
195797,195803,199575,6,3772,2,18000,1.00159066808
195845,195851,199246,6,3395,2,18000,1.00176730486
195945,195951,197643,6,1692,2,36000,1.00354609929
195982,195988,197647,6,1659,2,36000,1.00361663653
195989,195995,197767,6,1772,2,36000,1.00338600451
196064,196070,197864,6,1794,2,36000,1.00334448161
196068,196079,199661,11,3582,2,18000,1.00307091011
196070,196165,199441,95,3276,2,18000,1.028998779
196364,196375,196524,11,149,1,1800,1.07382550336
196365,196370,199549,5,3179,2,18000,1.00157282164
196366,196419,198396,53,1977,2,36000,1.0268082954
196477,196483,198393,6,1910,2,36000,1.00314136126
196522,196528,198083,6,1555,2,36000,1.0038585209
196542,196548,199867,6,3319,2,18000,1.00180777343
196596,196602,200112,6,3510,2,18000,1.00170940171
196657,196663,200159,6,3496,2,18000,1.00171624714
196663,196763,198568,100,1805,2,36000,1.05540166205
196767,196773,198294,6,1521,2,36000,1.00394477318
196832,196838,199065,6,2227,2,36000,1.00269420745
196837,196844,199006,7,2162,2,36000,1.00323774283
196883,196889,196951,6,62,1,1800,1.09677419355
197007,197014,199171,7,2157,2,36000,1.00324524803
197047,197054,199465,7,2411,2,36000,1.0029033596
197049,197060,200252,11,3192,2,18000,1.00344611529
197051,197253,200938,202,3685,2,18000,1.05481682497
197372,197378,199904,6,2526,2,36000,1.00237529691
197445,197451,197573,6,122,1,1800,1.04918032787
197558,197564,200084,6,2520,2,36000,1.00238095238
197564,197570,200100,6,2530,2,36000,1.0023715415
197578,197584,200095,6,2511,2,36000,1.00238948626
197579,197589,200132,10,2543,2,36000,1.00393236335
197697,197703,198069,6,366,1,1800,1.01639344262
197797,197803,201215,6,3412,2,18000,1.00175849941
197820,197826,200368,6,2542,2,36000,1.00236034618
197824,197832,200390,8,2558,2,36000,1.00312744332
197825,197837,201092,12,3255,2,18000,1.00368663594
197831,197843,200357,12,2514,2,36000,1.00477326969
197834,197848,200389,14,2541,2,36000,1.00550964187
197886,197892,199926,6,2034,2,36000,1.00294985251
197888,197898,201354,10,3456,2,18000,1.00289351852
197903,197909,199798,6,1889,2,36000,1.00317628375
198056,198062,200161,6,2099,2,36000,1.00285850405
198062,198094,201119,32,3025,2,18000,1.0105785124
198099,198105,201663,6,3558,2,18000,1.00168634064
198262,198268,201704,6,3436,2,18000,1.00174621653
198310,198317,200856,7,2539,2,36000,1.00275699094
198403,198409,200781,6,2372,2,36000,1.00252951096
198408,198415,200611,7,2196,2,36000,1.00318761384
198480,198487,198720,7,233,1,1800,1.03004291845
198577,198583,200937,6,2354,2,36000,1.00254885302
198724,198730,201977,6,3247,2,18000,1.00184785956
198788,198794,201828,6,3034,2,18000,1.00197758734
198852,198859,201963,7,3104,2,18000,1.00225515464
198854,198947,201378,93,2431,2,36000,1.03825586179
198943,199018,202367,75,3349,2,18000,1.0223947447
199080,199087,200940,7,1853,2,36000,1.00377765785
199176,199182,200871,6,1689,2,36000,1.00355239787
199265,199272,201716,7,2444,2,36000,1.00286415712
199340,199464,202835,124,3371,2,18000,1.03678433699
199472,199478,203073,6,3595,2,18000,1.0016689847
199555,199561,202930,6,3369,2,18000,1.0017809439
199580,199586,202969,6,3383,2,18000,1.00177357375
199669,199676,203089,7,3413,2,18000,1.00205098154
199807,199813,202331,6,2518,2,36000,1.00238284353
199877,199888,202351,11,2463,2,36000,1.00446609825
199880,199915,203357,35,3442,2,18000,1.01016850668
199934,199940,202366,6,2426,2,36000,1.00247320692
200090,200096,202636,6,2540,2,36000,1.00236220472
200108,200114,202663,6,2549,2,36000,1.00235386426
200113,200120,202597,7,2477,2,36000,1.00282599919
200118,200126,202532,8,2406,2,36000,1.00332502078
200124,200144,203356,20,3212,2,18000,1.00622665006
200164,200170,203761,6,3591,2,18000,1.00167084378
200175,200181,202528,6,2347,2,36000,1.00255645505
200262,200268,203586,6,3318,2,18000,1.00180831826
200364,200371,201976,7,1605,2,36000,1.00436137072
200380,200386,202326,6,1940,2,36000,1.00309278351
200401,200408,202267,7,1859,2,36000,1.0037654653
200406,200414,202088,8,1674,2,36000,1.00477897252
200621,200627,202840,6,2213,2,36000,1.00271125169
200794,200800,203264,6,2464,2,36000,1.00243506494
200866,200872,203363,6,2491,2,36000,1.00240867122
200882,200888,203400,6,2512,2,36000,1.00238853503
200942,200948,204441,6,3493,2,18000,1.00171772116
200953,200959,203240,6,2281,2,36000,1.00263042525
200956,200965,203516,9,2551,2,36000,1.00352802822
201105,201111,204487,6,3376,2,18000,1.00177725118
201109,201130,203539,21,2409,2,36000,1.00871731009
201130,201227,205007,97,3780,2,18000,1.02566137566
201224,201366,204535,142,3169,2,18000,1.04480908804
201362,201390,204809,28,3419,2,18000,1.0081895291
201671,201677,204990,6,3313,2,18000,1.00181104739
201713,201719,204809,6,3090,2,18000,1.00194174757
201729,201736,203427,7,1691,2,36000,1.00413956239
201836,201843,205103,7,3260,2,18000,1.00214723926
201949,201956,288367,7,86411,8,86400,1.0000810082
201966,201975,205704,9,3729,2,18000,1.00241351569
201985,201992,204275,7,2283,2,36000,1.00306614104
201990,202100,205600,110,3500,2,18000,1.03142857143
201990,201998,203470,8,1472,2,36000,1.00543478261
202285,202291,204611,6,2320,2,36000,1.0025862069
202336,202342,204678,6,2336,2,36000,1.00256849315
202341,202348,204796,7,2448,2,36000,1.00285947712
202358,202364,204838,6,2474,2,36000,1.00242522231
202374,202380,205829,6,3449,2,18000,1.00173963468
202377,202386,204856,9,2470,2,36000,1.0036437247
202540,202546,204834,6,2288,2,36000,1.00262237762
202546,202552,204689,6,2137,2,36000,1.00280767431
202610,202617,204835,7,2218,2,36000,1.00315599639
202652,202658,204859,6,2201,2,36000,1.00272603362
202675,202681,204770,6,2089,2,36000,1.00287218765
202851,202857,204934,6,2077,2,36000,1.0028887819
202862,202868,204723,6,1855,2,36000,1.00323450135
202866,202942,206236,76,3294,2,18000,1.02307225258
202940,202994,206810,54,3816,2,18000,1.0141509434
203061,203085,206557,24,3472,2,18000,1.0069124424
203081,203100,206582,19,3482,2,18000,1.00545663412
203099,203251,206628,152,3377,2,18000,1.04501036423
203278,203284,205468,6,2184,2,36000,1.00274725275
203368,203374,204858,6,1484,2,36000,1.00404312668
203372,203385,205117,13,1732,2,36000,1.00750577367
203372,203380,206691,8,3311,2,18000,1.00241618846
203373,203411,206948,38,3537,2,18000,1.010743568
203436,203442,204976,6,1534,2,36000,1.00391134289
203477,203483,204970,6,1487,2,36000,1.00403496974
203523,203529,205299,6,1770,2,36000,1.00338983051
203549,203555,206061,6,2506,2,36000,1.00239425379
203596,203602,206884,6,3282,2,18000,1.00182815356
203779,204287,206706,508,2419,2,36000,1.21000413394
203779,203784,207453,5,3669,2,18000,1.00136276915
204445,204452,208192,7,3740,2,18000,1.00187165775
204494,204500,208222,6,3722,2,18000,1.00161203654
204542,204549,206536,7,1987,2,36000,1.00352289884
204545,204623,207801,78,3178,2,18000,1.0245437382
204663,204669,366714,6,162045,4,162000,1.00003702675
204689,204695,206289,6,1594,2,36000,1.00376411543
204705,204711,207095,6,2384,2,36000,1.00251677852
204734,204740,206822,6,2082,2,36000,1.00288184438
204783,204789,207103,6,2314,2,36000,1.00259291271
204784,204795,208574,11,3779,4,18000,1.00291082297
204808,204814,206424,6,1610,2,36000,1.00372670807
204817,204823,208331,6,3508,2,18000,1.00171037628
204819,204829,208261,10,3432,2,18000,1.00291375291
204843,204849,206724,6,1875,2,36000,1.0032
204848,204855,206918,7,2063,2,36000,1.00339311682
204853,204861,206926,8,2065,2,36000,1.00387409201
204869,204875,206873,6,1998,2,36000,1.003003003
204870,204881,206595,11,1714,2,36000,1.00641773629
204870,204886,206690,16,1804,2,36000,1.0088691796
204948,204954,206563,6,1609,2,36000,1.00372902424
204978,204984,207139,6,2155,2,36000,1.00278422274
204982,204990,207090,8,2100,2,36000,1.00380952381
204997,205003,206934,6,1931,2,36000,1.00310719834
204998,205018,208505,20,3487,2,18000,1.00573558933
205016,205114,208289,98,3175,2,18000,1.03086614173
205111,205129,208442,18,3313,2,18000,1.00543314217
205141,205147,279833,6,74686,4,162000,1.00008033634
205305,205311,207249,6,1938,2,36000,1.00309597523
205475,205481,207685,6,2204,2,36000,1.00272232305
205610,205616,208092,6,2476,2,36000,1.00242326333
205610,205717,209223,107,3506,2,18000,1.0305191101
205717,205840,209336,123,3496,2,18000,1.03518306636
205836,206072,209166,236,3094,2,18000,1.07627666451
206247,206253,209962,6,3709,2,18000,1.00161768671
206251,206301,208251,50,1950,2,36000,1.02564102564
206429,206435,208899,6,2464,2,36000,1.00243506494
206512,206518,218164,6,11646,8,43200,1.00051519835
206543,206550,208619,7,2069,2,36000,1.00338327695
206573,206579,210301,6,3722,2,18000,1.00161203654
206579,206585,208692,6,2107,2,36000,1.00284765069
206591,206597,210106,6,3509,2,18000,1.00170988886
206605,206611,208801,6,2190,2,36000,1.00273972603
206636,206642,209055,6,2413,2,36000,1.00248653129
206642,206701,210126,59,3425,2,18000,1.01722627737
206701,206707,208906,6,2199,2,36000,1.00272851296
206706,206718,209806,12,3088,2,18000,1.00388601036
206730,206736,208945,6,2209,2,36000,1.00271616116
206770,206777,209714,7,2937,8,43200,1.00238338441
206815,206825,210472,10,3647,2,18000,1.00274197971
206835,206842,209095,7,2253,2,36000,1.00310696849
206883,206889,208766,6,1877,2,36000,1.0031965903
206897,206903,210557,6,3654,2,18000,1.00164203612
206926,206932,209094,6,2162,2,36000,1.00277520814
206931,206938,209379,7,2441,2,36000,1.00286767718
206951,206958,210147,7,3189,2,18000,1.00219504547
206964,206970,209331,6,2361,2,36000,1.00254129606
207098,207104,209183,6,2079,2,36000,1.00288600289
207106,207112,209360,6,2248,2,36000,1.00266903915
207113,207119,209481,6,2362,2,36000,1.00254022015
207148,207154,209491,6,2337,2,36000,1.00256739409
207191,207197,210114,6,2917,2,32400,1.00205690778
207259,207265,209355,6,2090,2,36000,1.0028708134
207471,207477,209512,6,2035,2,36000,1.00294840295
207502,207696,211091,194,3395,2,18000,1.05714285714
207807,207814,211246,7,3432,2,18000,1.00203962704
207939,207946,208199,7,253,2,32400,1.02766798419
208113,208119,210321,6,2202,2,36000,1.00272479564
208199,208206,211971,7,3765,2,18000,1.00185922975
208238,208244,210700,6,2456,2,36000,1.00244299674
208243,208262,211596,19,3334,2,18000,1.00569886023
208270,208276,211891,6,3615,2,18000,1.00165975104
208297,208303,211923,6,3620,2,18000,1.00165745856
208340,208346,210446,6,2100,2,36000,1.00285714286
208342,208458,211408,116,2950,2,18000,1.0393220339
208389,208395,210076,6,1681,2,32400,1.00356930399
208453,208516,211811,63,3295,2,18000,1.0191198786
208514,208630,212268,116,3638,2,18000,1.03188565146
208703,208709,211138,6,2429,2,36000,1.00247015233
208782,208788,210936,6,2148,2,36000,1.00279329609
208811,208817,210756,6,1939,2,36000,1.00309437855
208908,208914,211365,6,2451,2,36000,1.00244798042
208923,208929,211284,6,2355,2,36000,1.0025477707
208952,208958,211384,6,2426,2,36000,1.00247320692
209064,209070,211512,6,2442,2,36000,1.00245700246
209103,209109,211480,6,2371,2,36000,1.00253057782
209108,209115,211375,7,2260,2,36000,1.00309734513
209115,209121,211622,6,2501,2,32400,1.00239904038
209176,209182,211284,6,2102,2,36000,1.00285442436
209178,209195,212864,17,3669,2,18000,1.0046334151
209231,209237,212558,6,3321,2,18000,1.00180668473
209345,209351,212393,6,3042,2,18000,1.00197238659
209347,209357,211748,10,2391,2,36000,1.00418235048
209366,209372,211789,6,2417,2,36000,1.00248241622
209376,209384,211849,8,2465,2,36000,1.00324543611
209395,209401,211798,6,2397,2,36000,1.00250312891
209498,209504,211681,6,2177,2,36000,1.00275608636
209504,209510,211620,6,2110,2,36000,1.0028436019
209523,209529,211805,6,2276,2,36000,1.00263620387
209827,209833,213379,6,3546,2,18000,1.00169204738
209831,209974,212080,143,2106,2,36000,1.06790123457
209972,210117,213768,145,3651,2,18000,1.03971514654
210117,210138,213458,21,3320,2,18000,1.0063253012
210139,210158,213291,19,3133,2,18000,1.00606447494
210155,210321,213881,166,3560,2,18000,1.04662921348
210338,210344,212089,6,1745,2,36000,1.00343839542
210338,210457,213941,119,3484,2,18000,1.03415614237
210508,210514,214089,6,3575,2,18000,1.00167832168
210509,210568,212281,59,1713,2,36000,1.03444249854
210568,210711,213953,143,3242,2,18000,1.04410857495
210763,210770,212723,7,1953,2,36000,1.00358422939
211013,211019,213143,6,2124,2,36000,1.00282485876
211098,211105,214715,7,3610,2,18000,1.00193905817
211151,211158,213390,7,2232,2,36000,1.00313620072
211255,211262,213372,7,2110,2,36000,1.00331753555
211260,211295,214521,35,3226,2,18000,1.01084934904
211293,211301,213157,8,1856,2,36000,1.00431034483
211373,211379,213362,6,1983,2,36000,1.00302571861
211390,211396,213380,6,1984,2,36000,1.00302419355
211396,211402,213263,6,1861,2,36000,1.00322407308
211418,211424,213260,6,1836,2,36000,1.00326797386
211419,211500,214873,81,3373,2,18000,1.02401423066
211488,211494,214318,6,2824,8,43200,1.00212464589
211550,211556,213017,6,1461,2,36000,1.00410677618
211605,211612,214739,7,3127,2,18000,1.00223856732
211634,211640,213250,6,1610,2,36000,1.00372670807
211717,211723,213491,6,1768,2,36000,1.00339366516
211803,211809,213364,6,1555,2,36000,1.0038585209
211820,211826,215431,6,3605,2,18000,1.00166435506
211895,211901,213523,6,1622,2,36000,1.00369913687
211895,211906,215504,11,3598,2,18000,1.00305725403
211924,211930,213690,6,1760,2,36000,1.00340909091
211930,211936,213675,6,1739,2,36000,1.00345025877
211934,211941,215568,7,3627,2,18000,1.00192996967
211936,211947,213658,11,1711,2,36000,1.0064289889
211978,211984,213564,6,1580,2,36000,1.00379746835
211979,212091,215424,112,3333,2,18000,1.03360336034
212006,212012,213590,6,1578,4,162000,1.00380228137
212097,212103,214281,6,2178,2,36000,1.00275482094
212227,212244,336265,17,124021,1,129600,1.00013707356
212227,212233,334216,6,121983,1,129600,1.00004918718
212227,212238,341857,11,129619,1,129600,1.0000848641
212230,212250,341875,20,129625,1,129600,1.00015429122
212230,212261,341901,31,129640,1,129600,1.00023912373
212230,212255,333316,25,121061,1,129600,1.00020650746
212231,212267,212269,36,2,1,129600,3.8
212232,212273,212274,41,1,1,129600,4.2
212233,212278,212279,45,1,1,129600,4.6
212233,212283,212285,50,2,1,129600,5.2
212279,212289,215883,10,3594,2,18000,1.00278241514
212281,212295,214817,14,2522,2,36000,1.00555114988
212406,212412,215946,6,3534,2,18000,1.00169779287
212413,212575,215129,162,2554,2,36000,1.06342991386
212571,212735,216374,164,3639,2,18000,1.04506732619
212590,212596,212601,6,5,8,43200,1.1
212874,212880,216457,6,3577,2,18000,1.00167738328
213033,213039,215258,6,2219,2,36000,1.00270392068
213152,213158,215702,6,2544,2,36000,1.00235849057
213300,213306,216561,6,3255,2,18000,1.00184331797
213309,213315,215719,6,2404,2,36000,1.00249584027
213416,213423,216563,7,3140,2,18000,1.00222929936
213463,213469,216971,6,3502,2,18000,1.00171330668
213481,213487,213660,6,173,1,600,1.03468208092
213565,213572,215992,7,2420,2,36000,1.00289256198
213657,213663,213839,6,176,1,1200,1.03409090909
213746,213752,216279,6,2527,2,36000,1.00237435694
213755,213761,216294,6,2533,2,36000,1.00236873273
213759,213767,213976,8,209,1,600,1.03827751196
213763,213773,216308,10,2535,2,36000,1.00394477318
213769,213779,216274,10,2495,2,36000,1.00400801603
213775,213785,216314,10,2529,2,36000,1.00395413207
213776,213790,217251,14,3461,2,18000,1.00404507368
213779,213800,216340,21,2540,2,36000,1.00826771654
213779,213795,216233,16,2438,2,36000,1.00656275636
213781,213806,216353,25,2547,2,36000,1.00981546918
213786,213811,216332,25,2521,2,36000,1.00991669972
213792,213816,216315,24,2499,2,36000,1.00960384154
213837,213843,216312,6,2469,2,36000,1.00243013366
213851,213857,216359,6,2502,2,36000,1.00239808153
213858,213864,216401,6,2537,2,36000,1.00236499803
213873,213880,257126,7,43246,8,43200,1.00016186468
213904,213910,217690,6,3780,2,18000,1.00158730159
213948,213954,217100,6,3146,2,18000,1.00190718373
213950,213964,216460,14,2496,2,36000,1.00560897436
213968,214100,217534,132,3434,2,18000,1.03843913803
214091,214292,217964,201,3672,2,18000,1.05473856209
214108,214131,214230,23,99,1,72000,1.23232323232
214108,214114,214243,6,129,1,72000,1.04651162791
214108,214125,214158,17,33,1,72000,1.51515151515
214108,214119,214239,11,120,1,72000,1.09166666667
214109,214141,214187,32,46,1,72000,1.69565217391
214109,214147,214360,38,213,1,72000,1.17840375587
214109,214163,214233,54,70,1,72000,1.77142857143
214109,214157,214201,48,44,1,72000,2.09090909091
214109,214152,214351,43,199,1,72000,1.21608040201
214109,214136,214216,27,80,1,72000,1.3375
214110,214173,214187,63,14,1,72000,5.5
214110,214185,214209,75,24,1,72000,4.125
214110,214168,214216,58,48,1,72000,2.20833333333
214110,214179,214264,69,85,1,72000,1.81176470588
214528,214535,217756,7,3221,2,18000,1.00217323812
214633,214639,214798,6,159,8,43200,1.03773584906
214728,214734,218392,6,3658,2,18000,1.00164024057
214730,214751,217270,21,2519,2,36000,1.00833664152
214748,214828,218343,80,3515,2,18000,1.02275960171
214976,214983,216968,7,1985,2,36000,1.00352644836
215015,215140,218882,125,3742,2,18000,1.03340459647
215082,215088,252920,6,37832,2,43200,1.0001585959
215160,215166,227755,6,12589,8,43200,1.00047660656
215271,215277,217832,6,2555,2,36000,1.00234833659
215313,215319,227687,6,12368,8,43200,1.0004851229
215436,215447,217997,11,2550,2,36000,1.00431372549
215436,215442,218831,6,3389,2,18000,1.00177043376
215437,215522,218911,85,3389,2,18000,1.02508114488
215518,215582,219245,64,3663,2,18000,1.01747201747
215577,215714,218988,137,3274,2,18000,1.04184483812
215644,215649,217750,5,2101,1,36000,1.00237981913
215734,215740,217726,6,1986,2,36000,1.00302114804
215798,215804,217123,6,1319,8,43200,1.00454890068
215892,215898,219388,6,3490,2,18000,1.00171919771
215965,215971,219532,6,3561,2,18000,1.00168491997
216014,216020,218437,6,2417,2,36000,1.00248241622
216210,216216,216254,6,38,1,72000,1.15789473684
216246,216252,218791,6,2539,2,36000,1.00236313509
216317,216323,218863,6,2540,2,36000,1.00236220472
216341,216347,218778,6,2431,2,36000,1.00246812012
216366,216372,218799,6,2427,2,36000,1.00247218789
216379,216385,218914,6,2529,2,36000,1.00237247924
216384,216391,220004,7,3613,2,18000,1.0019374481
216385,216396,218830,11,2434,2,36000,1.00451930978
216393,216402,218856,9,2454,2,36000,1.00366748166
216408,216414,218879,6,2465,2,36000,1.00243407708
216417,216423,218863,6,2440,2,36000,1.00245901639
216424,216430,218981,6,2551,2,36000,1.00235201882
216440,216446,218900,6,2454,2,36000,1.00244498778
216471,216477,218969,6,2492,2,36000,1.00240770465
216481,216488,218978,7,2490,2,36000,1.00281124498
216497,216503,218941,6,2438,2,36000,1.00246103363
216520,216527,218983,7,2456,2,36000,1.00285016287
216552,216572,220196,20,3624,2,18000,1.0055187638
216576,216581,220310,5,3729,2,18000,1.00134084205
216576,216980,219476,404,2496,2,36000,1.16185897436
216577,216992,220567,415,3575,2,18000,1.11608391608
216851,216857,244507,6,27650,2,43200,1.00021699819
216995,217111,220559,116,3448,2,18000,1.03364269142
217113,217266,220739,153,3473,2,18000,1.04405413187
217261,217281,221047,20,3766,2,18000,1.00531067446
217385,217391,236108,6,18717,10,43200,1.00032056419
217544,217550,221121,6,3571,2,18000,1.00168020162
217547,217702,220109,155,2407,2,36000,1.06439551309
217698,217738,221193,40,3455,2,18000,1.01157742402
217764,217770,220247,6,2477,2,36000,1.00242228502
217765,217844,221425,79,3581,2,18000,1.02206087685
217804,217810,235312,6,17502,10,43200,1.00034281796
217979,217985,219715,6,1730,2,36000,1.00346820809
217980,218009,221653,29,3644,2,18000,1.0079582876
218086,218092,218313,6,221,1,72000,1.02714932127
218345,218355,221938,10,3583,2,18000,1.0027909573
218405,218411,222063,6,3652,2,18000,1.00164293538
218408,218449,220837,41,2388,2,36000,1.01716917923
218786,218792,220547,6,1755,2,36000,1.00341880342
218799,218805,220766,6,1961,2,36000,1.00305966344
218805,218811,220833,6,2022,2,36000,1.00296735905
218839,218844,220845,5,2001,2,36000,1.00249875062
218842,218850,222233,8,3383,2,18000,1.002364765
218865,218872,220645,7,1773,2,36000,1.00394811055
218873,218879,220699,6,1820,2,36000,1.0032967033
218879,218886,220642,7,1756,2,36000,1.00398633257
218886,218892,220698,6,1806,2,36000,1.00332225914
218902,218909,222048,7,3139,2,18000,1.00223000956
218914,218920,220756,6,1836,2,36000,1.00326797386
218923,218929,220669,6,1740,2,36000,1.00344827586
218926,218935,222326,9,3391,2,18000,1.00265408434
218949,218955,221004,6,2049,2,36000,1.00292825769
218976,218982,221095,6,2113,2,36000,1.0028395646
218993,218999,222559,6,3560,2,18000,1.00168539326
218995,219005,221338,10,2333,2,36000,1.00428632662
219001,219011,221365,10,2354,2,36000,1.00424808836
219007,219017,221418,10,2401,2,36000,1.00416493128
219070,219076,219098,6,22,1,72000,1.27272727273
219255,219399,221082,144,1683,2,36000,1.08556149733
219255,219261,222710,6,3449,2,18000,1.00173963468
219399,219487,223029,88,3542,2,18000,1.0248447205
219537,219545,223301,8,3756,2,18000,1.00212992545
219722,219728,222162,6,2434,2,36000,1.00246507806
220011,220018,221878,7,1860,2,36000,1.00376344086
220016,220120,223710,104,3590,2,18000,1.02896935933
220037,220043,220045,6,2,7,86400,1.0
220079,220085,220782,6,697,8,43200,1.00860832138
220121,220127,230915,6,10788,1,36000,1.00055617353
220199,220208,223279,9,3071,2,18000,1.00293064148
220254,220260,222356,6,2096,2,36000,1.00286259542
220320,220326,222343,6,2017,2,36000,1.00297471492
220321,220559,223976,238,3417,2,18000,1.06965174129
220330,220337,220342,7,5,7,86400,1.2
220567,220573,224344,6,3771,2,18000,1.0015910899
220575,220581,223139,6,2558,2,36000,1.00234558249
220586,220653,224068,67,3415,2,18000,1.0196193265
220655,220661,223159,6,2498,2,36000,1.00240192154
220674,220680,223180,6,2500,2,36000,1.0024
220705,220712,223089,7,2377,2,36000,1.00294488851
220710,220718,223269,8,2551,2,36000,1.00313602509
220747,220753,224447,6,3694,2,18000,1.00162425555
220770,220776,223324,6,2548,2,36000,1.00235478807
220774,220782,223142,8,2360,2,36000,1.00338983051
220804,220810,238724,6,17914,10,43200,1.00033493357
220843,220853,223354,10,2501,2,36000,1.00399840064
220855,220861,223395,6,2534,2,36000,1.00236779795
220862,220868,223380,6,2512,2,36000,1.00238853503
221010,221017,223528,7,2511,2,36000,1.00278773397
221052,221057,224506,5,3449,2,18000,1.00144969556
221079,221085,259187,6,38102,4,162000,1.00015747205
221089,221095,222649,6,1554,2,36000,1.00386100386
221104,221110,222890,6,1780,2,36000,1.00337078652
221127,221133,245563,6,24430,4,162000,1.00024559967
221147,221152,223153,5,2001,2,36000,1.00249875062
221165,221204,224506,39,3302,2,18000,1.01181102362
221202,221349,225058,147,3709,2,18000,1.03963332435
221359,221366,239394,7,18028,4,18000,1.00038828489
221371,221377,223442,6,2065,2,36000,1.00290556901
221432,221438,223250,6,1812,2,36000,1.00331125828
221439,221445,224674,6,3229,2,18000,1.00185816042
221439,221665,223596,226,1931,2,36000,1.11703780425
221661,221889,225238,228,3349,2,18000,1.06808002389
221946,221952,225455,6,3503,2,18000,1.00171281758
221949,222059,224125,110,2066,2,36000,1.05324298161
222058,222074,225186,16,3112,2,18000,1.00514138817
222079,222086,307866,7,85780,7,86400,1.0000816041
222083,222173,225512,90,3339,2,18000,1.0269541779
222242,222248,225588,6,3340,2,18000,1.00179640719
222335,222341,224227,6,1886,2,36000,1.00318133616
222336,222355,225809,19,3454,2,18000,1.00550086856
222370,222376,223874,6,1498,2,36000,1.00400534045
222407,222413,223828,6,1415,1,10800,1.00424028269
222585,222591,224921,6,2330,2,36000,1.0025751073
222645,222661,225803,16,3142,2,18000,1.0050922979
222717,222723,224659,6,1936,2,36000,1.00309917355
222718,222901,226215,183,3314,2,18000,1.05522027761
223032,223041,226402,9,3361,2,18000,1.00267777447
223097,223103,224959,6,1856,2,36000,1.00323275862
223147,223153,225150,6,1997,2,36000,1.00300450676
223154,223160,225077,6,1917,2,36000,1.00312989045
223161,223167,224868,6,1701,2,36000,1.00352733686
223167,223173,224961,6,1788,2,36000,1.0033557047
223192,223198,225050,6,1852,2,36000,1.00323974082
223264,223271,224988,7,1717,2,36000,1.00407687828
223280,223286,225061,6,1775,2,36000,1.00338028169
223287,223293,224743,6,1450,2,36000,1.00413793103
223291,223312,226971,21,3659,2,18000,1.00573927303
223312,223335,227123,23,3788,2,18000,1.0060718057
223363,223369,225293,6,1924,2,36000,1.00311850312
223387,223393,225869,6,2476,2,36000,1.00242326333
223404,223411,225918,7,2507,2,36000,1.00279218189
223452,223458,225930,6,2472,2,36000,1.00242718447
223544,223550,225748,6,2198,2,36000,1.00272975432
223608,223614,225863,6,2249,2,36000,1.00266785238
223720,223726,227251,6,3525,2,18000,1.00170212766
223886,223892,225895,6,2003,2,36000,1.00299550674
223901,223907,228165,6,4258,1,18000,1.00140911226
223985,223991,227371,6,3380,2,18000,1.00177514793
224076,224082,227546,6,3464,2,18000,1.00173210162
224159,224165,226108,6,1943,2,36000,1.00308800823
224240,224246,226241,6,1995,2,36000,1.0030075188
224350,224356,226373,6,2017,2,36000,1.00297471492
224352,224469,227918,117,3449,2,18000,1.0339228762
224467,224517,227700,50,3183,2,18000,1.01570845115
224519,224671,227160,152,2489,2,36000,1.06106870229
224519,224525,228252,6,3727,2,18000,1.00160987389
224521,224690,227741,169,3051,2,18000,1.05539167486
224688,224754,227963,66,3209,2,18000,1.02056715488
224877,224883,227411,6,2528,2,36000,1.00237341772
224928,224934,227281,6,2347,2,36000,1.00255645505
224969,224975,227053,6,2078,2,36000,1.00288739172
224975,224982,227321,7,2339,2,36000,1.00299273194
225001,225008,227274,7,2266,2,36000,1.00308914387
225059,225065,227060,6,1995,2,36000,1.0030075188
225071,225077,228842,6,3765,2,18000,1.0015936255
225078,225084,227139,6,2055,2,36000,1.00291970803
225083,225090,227148,7,2058,2,36000,1.00340136054
225157,225163,226917,6,1754,2,36000,1.00342075257
225195,225204,228586,9,3382,2,18000,1.00266114725
225247,225253,228353,6,3100,2,18000,1.00193548387
225301,225307,227656,6,2349,2,36000,1.00255427842
225464,225471,227675,7,2204,2,36000,1.00317604356
225466,225523,229224,57,3701,2,18000,1.01540124291
225522,225599,229166,77,3567,2,18000,1.02158676759
225599,225759,229254,160,3495,2,18000,1.04577968526
225813,225819,229215,6,3396,2,18000,1.00176678445
225815,225874,227781,59,1907,2,36000,1.03093864709
225815,225825,229541,10,3716,2,18000,1.00269106566
225881,225887,227949,6,2062,2,36000,1.00290979631
225909,225915,228092,6,2177,2,36000,1.00275608636
225925,225932,228359,7,2427,2,36000,1.0028842192
225941,225947,228231,6,2284,2,36000,1.00262697023
226116,226122,228057,6,1935,2,36000,1.00310077519
226234,226240,228563,6,2323,2,36000,1.00258286698
226234,226253,229428,19,3175,2,18000,1.00598425197
226382,226388,228615,6,2227,2,36000,1.00269420745
226411,226417,228440,6,2023,2,36000,1.00296589224
226412,226929,230021,517,3092,2,18000,1.16720569211
226898,226904,227327,6,423,2,43200,1.01418439716
226978,226983,230590,5,3607,2,18000,1.00138619351
227062,227069,228552,7,1483,2,36000,1.00472016183
227068,227075,228471,7,1396,2,36000,1.00501432665
227156,227162,230391,6,3229,2,18000,1.00185816042
227157,227168,228852,11,1684,2,36000,1.00653206651
227164,227174,228686,10,1512,2,36000,1.00661375661
227172,227180,229065,8,1885,2,36000,1.00424403183
227258,227264,228895,6,1631,2,36000,1.00367872471
227259,227285,230923,26,3638,2,18000,1.00714678395
227292,227298,229258,6,1960,2,36000,1.00306122449
227328,227334,229016,6,1682,2,36000,1.00356718193
227379,227385,230864,6,3479,2,18000,1.00172463352
227430,227436,229216,6,1780,2,36000,1.00337078652
227554,227560,231249,6,3689,2,18000,1.00162645703
227557,227668,229490,111,1822,2,36000,1.06092206367
227593,227599,228017,6,418,2,43200,1.01435406699
227672,227678,262309,6,34631,2,43200,1.00017325518
227693,227699,229755,6,2056,2,36000,1.00291828794
227707,227713,230835,6,3122,2,18000,1.00192184497
227752,227758,231213,6,3455,2,18000,1.0017366136
227753,227792,229811,39,2019,2,36000,1.01931649331
227951,227958,231283,7,3325,2,18000,1.00210526316
227966,227972,229920,6,1948,2,36000,1.00308008214
227973,227979,231101,6,3122,2,18000,1.00192184497
228147,228153,230444,6,2291,2,36000,1.00261894369
228233,228239,230233,6,1994,2,36000,1.00300902708
228261,228267,231462,6,3195,2,18000,1.00187793427
228303,228310,230278,7,1968,2,36000,1.00355691057
228338,228344,250862,6,22518,8,43200,1.0002664535
228358,228365,232001,7,3636,2,18000,1.00192519252
228422,228428,230058,6,1630,2,36000,1.0036809816
228480,228486,230521,6,2035,2,36000,1.00294840295
228516,228523,230735,7,2212,2,36000,1.00316455696
228565,228571,230382,6,1811,2,36000,1.00331308669
228587,228593,230771,6,2178,2,36000,1.00275482094
228596,228602,232194,6,3592,2,18000,1.00167037862
228632,228638,230518,6,1880,2,36000,1.00319148936
228714,228720,230507,6,1787,2,36000,1.00335758254
228857,228863,232454,6,3591,2,18000,1.00167084378
228886,228892,230749,6,1857,2,36000,1.00323101777
228943,228949,230552,6,1603,2,36000,1.00374298191
229103,229109,231027,6,1918,2,36000,1.0031282586
229175,229181,232594,6,3413,2,18000,1.00175798418
229183,229189,230878,6,1689,2,36000,1.00355239787
229216,229226,232907,10,3681,2,18000,1.00271665308
229237,229243,232995,6,3752,2,18000,1.00159914712
229238,229249,230794,11,1545,2,36000,1.0071197411
229269,229275,232891,6,3616,2,18000,1.00165929204
229271,229281,231001,10,1720,2,36000,1.00581395349
229451,229457,231557,6,2100,2,36000,1.00285714286
229462,229501,233104,39,3603,2,18000,1.01082431307
229548,229766,232138,218,2372,2,36000,1.09190556492
229548,229553,232976,5,3423,2,18000,1.00146070698
229598,229604,229881,6,277,8,43200,1.02166064982
229821,229827,232340,6,2513,2,36000,1.00238758456
229925,229931,232614,6,2683,2,32400,1.00223630265
229936,229942,232143,6,2201,2,36000,1.00272603362
230033,230039,233328,6,3289,2,18000,1.00182426269
230035,230069,231970,34,1901,2,36000,1.01788532351
230252,230259,232734,7,2475,2,36000,1.00282828283
230292,230298,232841,6,2543,2,36000,1.00235941801
230401,230407,232865,6,2458,2,36000,1.00244100895
230405,230413,234068,8,3655,2,18000,1.00218878249
230459,230466,232953,7,2487,2,36000,1.00281463611
230527,230533,233002,6,2469,2,36000,1.00243013366
230536,230542,232958,6,2416,2,36000,1.00248344371
230543,230549,233071,6,2522,2,36000,1.00237906423
230561,230567,232935,6,2368,2,36000,1.00253378378
230601,230607,233010,6,2403,2,36000,1.0024968789
230606,230747,234399,141,3652,2,18000,1.03860898138
230767,230773,232786,6,2013,2,36000,1.00298062593
230779,230785,232537,6,1752,2,36000,1.00342465753
230807,230813,232504,6,1691,2,36000,1.00354819633
230840,230846,234427,6,3581,2,18000,1.00167550963
230871,230877,232764,6,1887,2,36000,1.00317965024
230873,230890,234326,17,3436,2,18000,1.0049476135
230932,230938,234494,6,3556,2,18000,1.00168728909
230934,231013,232812,79,1799,2,36000,1.04391328516
230949,230956,238167,7,7211,4,7200,1.00097073915
231043,231050,233205,7,2155,2,36000,1.00324825986
231103,231112,234741,9,3629,2,18000,1.00248002204
231222,231228,234346,6,3118,2,18000,1.00192431046
231227,231261,233431,34,2170,2,36000,1.01566820276
231253,231295,234486,42,3191,2,18000,1.01316201818
231276,231282,233032,6,1750,2,32400,1.00342857143
231292,231473,234637,181,3164,2,18000,1.05720606827
231467,231569,235245,102,3676,2,18000,1.02774755169
231748,231754,233036,6,1282,8,43200,1.00468018721
231980,231986,233761,6,1775,2,36000,1.00338028169
232012,232018,235366,6,3348,2,18000,1.0017921147
232152,232158,234266,6,2108,2,36000,1.00284629981
232158,232164,234169,6,2005,2,36000,1.0029925187
232206,232351,235655,145,3304,2,18000,1.04388619855
232206,232212,234175,6,1963,2,36000,1.0030565461
232460,232466,235598,6,3132,2,18000,1.00191570881
232514,232520,234761,6,2241,2,36000,1.00267737617
232546,232553,234851,7,2298,2,36000,1.00304612707
232601,232607,236099,6,3492,2,18000,1.00171821306
232623,232629,234933,6,2304,2,32400,1.00260416667
232624,232635,250315,11,17680,4,36000,1.00062217195
232746,232752,234952,6,2200,2,36000,1.00272727273
232772,232779,232784,7,5,8,43200,1.2
232781,232787,235057,6,2270,2,36000,1.00264317181
232793,232799,234829,6,2030,2,36000,1.00295566502
232822,232828,234966,6,2138,2,36000,1.00280636109
232855,232861,234913,6,2052,2,36000,1.00292397661
232862,232868,232877,6,9,4,3600,1.5
232880,232886,234746,6,1860,2,36000,1.00322580645
232912,232918,235309,6,2391,2,36000,1.00250941029
232914,232924,236422,10,3498,2,18000,1.00285877644
232915,232947,236330,32,3383,2,18000,1.00945906001
232969,232975,235247,6,2272,2,36000,1.00264084507
232974,232981,235307,7,2326,2,36000,1.0030094583
232986,232992,236119,6,3127,2,18000,1.00191877199
233006,233012,236543,6,3531,2,18000,1.00169923534
233012,233018,235298,6,2280,2,36000,1.00263157895
233023,233029,235455,6,2426,2,36000,1.00247320692
233105,233112,236725,7,3613,2,18000,1.0019374481
233341,233348,236833,7,3485,2,18000,1.00200860832
233418,233424,235842,6,2418,2,32400,1.00248138958
233525,233531,233540,6,9,4,3600,1.5
233663,233669,235992,6,2323,2,36000,1.00258286698
233670,233676,236230,6,2554,2,36000,1.00234925607
233676,233682,236234,6,2552,2,36000,1.00235109718
233722,233728,233733,6,5,4,3600,1.1
233763,233769,233820,6,51,4,3600,1.11764705882
233774,233780,235417,6,1637,2,36000,1.0036652413
234049,234055,236005,6,1950,4,3600,1.00307692308
234068,234074,234079,6,5,8,43200,1.1
234075,234081,237609,6,3528,2,18000,1.00170068027
234182,234188,236535,6,2347,2,36000,1.00255645505
234185,234194,236457,9,2263,2,36000,1.00397702165
234278,234284,236810,6,2526,2,36000,1.00237529691
234337,234343,237521,6,3178,2,18000,1.00188797986
234341,234357,236830,16,2473,2,36000,1.00646987465
234352,234423,237843,71,3420,2,18000,1.02076023392
234435,234441,236907,6,2466,2,36000,1.00243309002
234478,234497,237788,19,3291,2,18000,1.00577332118
234479,234506,238004,27,3498,2,18000,1.0077186964
234501,234752,237895,251,3143,2,18000,1.07986000636
234502,234649,238408,147,3759,2,18000,1.03910614525
234645,234758,238428,113,3670,2,18000,1.03079019074
234748,234773,238238,25,3465,2,18000,1.00721500722
234845,234851,236899,6,2048,2,36000,1.0029296875
234879,234885,236854,6,1969,2,36000,1.0030472321
234927,234933,237413,6,2480,2,36000,1.00241935484
234964,234970,237008,6,2038,2,36000,1.00294406281
234989,234995,236902,6,1907,2,36000,1.00314630309
235074,235080,236978,6,1898,2,36000,1.00316122234
235115,235121,235127,6,6,8,43200,1.2
235258,235265,236878,7,1613,2,36000,1.00433973962
235273,235279,238830,6,3551,2,18000,1.00168966488
235305,235311,237534,6,2223,2,36000,1.00269905533
235323,235329,237466,6,2137,2,36000,1.00280767431
235340,235346,237611,6,2265,2,36000,1.00264900662
235381,235387,237207,6,1820,2,36000,1.0032967033
235385,235429,239045,44,3616,2,18000,1.01216814159
235473,235479,237867,6,2388,2,36000,1.00251256281
235582,235588,260689,6,25101,8,43200,1.0002390343
235597,235610,238955,13,3345,2,18000,1.00388639761
235664,235670,239062,6,3392,2,18000,1.00176886792
235668,236003,238285,335,2282,2,36000,1.14680105171
235701,235708,242046,7,6338,8,43200,1.00110444935
235989,235996,238556,7,2560,8,43200,1.002734375
236104,236110,239432,6,3322,2,18000,1.00180614088
236122,236130,239550,8,3420,2,18000,1.00233918129
236237,236244,237972,7,1728,2,32400,1.00405092593
236241,236250,238779,9,2529,2,36000,1.00355871886
236247,236256,238743,9,2487,2,36000,1.00361881785
236337,236348,239057,11,2709,8,43200,1.00406053894
236338,236343,239541,5,3198,2,18000,1.00156347717
236425,236434,239546,9,3112,2,18000,1.00289203085
236477,236483,238543,6,2060,2,36000,1.00291262136
236559,236565,238608,6,2043,2,36000,1.00293685756
236560,236571,239789,11,3218,2,18000,1.00341827222
236735,236741,238920,6,2179,2,36000,1.00275355668
236740,236821,240549,81,3728,2,18000,1.02172746781
236844,236850,238628,6,1778,2,36000,1.00337457818
236862,236873,238617,11,1744,2,36000,1.00630733945
236862,236868,240264,6,3396,2,18000,1.00176678445
236885,236891,238596,6,1705,2,36000,1.00351906158
236913,236920,238530,7,1610,2,36000,1.00434782609
236920,236926,238423,6,1497,2,36000,1.00400801603
236924,236932,238702,8,1770,2,36000,1.00451977401
236985,236991,238680,6,1689,2,36000,1.00355239787
237021,237027,238909,6,1882,2,36000,1.00318809777
237216,237222,239721,6,2499,2,36000,1.00240096038
237427,237433,239584,6,2151,2,36000,1.00278940028
237483,237489,239157,6,1668,2,36000,1.0035971223
237528,237533,241073,5,3540,2,18000,1.00141242938
237545,237551,239167,6,1616,2,36000,1.00371287129
237617,237623,240802,6,3179,2,18000,1.00188738597
237620,237629,239751,9,2122,2,36000,1.00424128181
237800,237806,241438,6,3632,2,18000,1.00165198238
237876,237882,240943,6,3061,2,18000,1.00196014374
237882,237888,239566,6,1678,2,36000,1.00357568534
237902,237908,239770,6,1862,2,36000,1.00322234157
237907,238015,241682,108,3667,2,18000,1.02945186801
238007,238249,241582,242,3333,2,18000,1.07260726073
238242,238296,241891,54,3595,2,18000,1.01502086231
238418,238424,241952,6,3528,2,18000,1.00170068027
238418,238434,239950,16,1516,2,36000,1.01055408971
238436,238442,242218,6,3776,2,18000,1.00158898305
238437,238542,240393,105,1851,2,36000,1.056726094
238555,238561,240144,6,1583,2,36000,1.00379027164
238606,238612,240487,6,1875,2,36000,1.0032
238617,238623,240250,6,1627,2,36000,1.0036877689
238625,238631,240558,6,1927,2,36000,1.00311364816
238635,238641,240587,6,1946,2,36000,1.00308324769
238697,238704,240307,7,1603,2,36000,1.00436681223
238716,238723,240520,7,1797,2,36000,1.00389538119
238755,238761,240299,6,1538,2,36000,1.00390117035
238793,238799,240595,6,1796,2,36000,1.00334075724
238837,238844,242232,7,3388,2,18000,1.0020661157
238922,238928,241017,6,2089,2,36000,1.00287218765
238933,238940,241490,7,2550,2,36000,1.00274509804
238963,238969,241079,6,2110,2,36000,1.0028436019
238964,239056,242504,92,3448,2,18000,1.02668213457
239053,239073,242582,20,3509,2,18000,1.00569962952
239071,239168,242287,97,3119,2,18000,1.03109971145
239183,239189,241512,6,2323,2,36000,1.00258286698
239440,239446,243029,6,3583,2,18000,1.00167457438
239444,239552,241621,108,2069,2,36000,1.05219913001
239558,239564,242999,6,3435,2,18000,1.00174672489
239559,239570,243040,11,3470,2,18000,1.00317002882
239561,239577,241430,16,1853,2,36000,1.00863464652
239561,239595,242879,34,3284,2,18000,1.01035322777
239737,239743,241739,6,1996,2,36000,1.00300601202
239764,239770,242055,6,2285,2,36000,1.00262582057
239779,239785,242195,6,2410,2,36000,1.00248962656
239800,239806,241346,6,1540,2,36000,1.0038961039
239801,239961,243604,160,3643,2,18000,1.04391984628
240109,240115,240120,6,5,2,259200,1.1
240132,240138,240139,6,1,2,259200,1.0
240153,240159,240160,6,1,2,259200,1.0
240159,240165,242368,6,2203,2,36000,1.00272355878
240172,240179,240181,7,2,2,259200,1.0
240258,240264,242676,6,2412,2,36000,1.00248756219
240278,240284,242402,6,2118,2,36000,1.00283286119
240281,240311,243480,30,3169,2,18000,1.00946670874
240319,240325,242369,6,2044,2,36000,1.00293542074
240405,240411,242658,6,2247,2,36000,1.00267022697
240510,240516,242926,6,2410,2,36000,1.00248962656
240534,240541,242888,7,2347,2,36000,1.00298253089
240555,240561,242873,6,2312,2,36000,1.00259515571
240559,240570,244048,11,3478,2,18000,1.00316273721
240597,240603,243001,6,2398,2,36000,1.00250208507
240601,240609,243022,8,2413,2,36000,1.00331537505
240807,240813,244066,6,3253,2,18000,1.00184445128
240954,240960,244068,6,3108,2,18000,1.00193050193
240956,241029,243193,73,2164,2,36000,1.03373382625
241085,241090,244544,5,3454,2,18000,1.00144759699
241110,241116,243403,6,2287,2,36000,1.00262352427
241369,241375,243755,6,2380,2,36000,1.0025210084
241438,241444,243836,6,2392,2,36000,1.0025083612
241439,241450,244611,11,3161,2,18000,1.00347991142
241498,241505,243774,7,2269,2,36000,1.0030850595
241523,241530,243912,7,2382,2,36000,1.00293870697
241592,241598,245168,6,3570,2,18000,1.00168067227
241633,241639,243622,6,1983,2,36000,1.00302571861
241689,241696,244949,7,3253,2,18000,1.00215185982
241750,241756,244163,6,2407,2,36000,1.00249272954
241904,241910,245412,6,3502,2,18000,1.00171330668
241908,241962,244363,54,2401,2,36000,1.0224906289
241957,242067,245245,110,3178,2,18000,1.03461296413
242206,242212,243790,6,1578,2,36000,1.00380228137
242230,242236,245743,6,3507,2,18000,1.00171086399
242240,242246,244161,6,1915,2,36000,1.00313315927
242249,242298,245634,49,3336,2,18000,1.0146882494
242298,242379,245773,81,3394,2,18000,1.02386564526
242380,242386,244059,6,1673,2,36000,1.00358637179
242418,242424,243945,6,1521,2,36000,1.00394477318
242512,242518,245700,6,3182,2,18000,1.00188560654
242597,242603,245887,6,3284,2,18000,1.00182704019
242598,242669,244462,71,1793,2,36000,1.03959843837
242693,242699,244365,6,1666,2,36000,1.00360144058
242884,242890,246462,6,3572,2,18000,1.00167973124
242885,242896,244656,11,1760,2,36000,1.00625
242904,242911,244962,7,2051,2,36000,1.00341296928
242940,242947,244884,7,1937,2,36000,1.00361383583
243012,243018,244854,6,1836,2,36000,1.00326797386
243018,243024,244704,6,1680,2,36000,1.00357142857
243035,243046,244457,11,1411,2,36000,1.00779588944
243035,243041,246688,6,3647,2,18000,1.00164518783
243046,243052,244655,6,1603,2,36000,1.00374298191
243083,243204,246655,121,3451,2,18000,1.03506230078
243422,243428,245976,6,2548,2,36000,1.00235478807
243489,243495,245995,6,2500,2,36000,1.0024
243491,243630,247145,139,3515,2,18000,1.03954480797
243628,243636,247013,8,3377,2,18000,1.00236896654
243768,243774,246292,6,2518,2,36000,1.00238284353
243785,243791,246291,6,2500,2,36000,1.0024
243801,243807,246290,6,2483,2,36000,1.00241643174
243851,243857,246303,6,2446,2,36000,1.00245298446
243930,243936,246088,6,2152,2,36000,1.00278810409
243955,243962,245989,7,2027,2,36000,1.00345337938
244067,244074,247468,7,3394,2,18000,1.00206246317
244069,244080,247862,11,3782,2,18000,1.00290851401
244070,244085,247710,15,3625,2,18000,1.00413793103
244073,244090,246115,17,2025,2,36000,1.00839506173
244171,244177,246380,6,2203,2,36000,1.00272355878
244178,244184,245964,6,1780,2,36000,1.00337078652
244383,244389,246865,6,2476,2,36000,1.00242326333
244395,244401,246828,6,2427,2,36000,1.00247218789
244478,244484,246847,6,2363,2,36000,1.00253914515
244483,244490,246889,7,2399,2,36000,1.00291788245
244559,244565,248322,6,3757,2,18000,1.0015970189
244622,244628,248128,6,3500,2,18000,1.00171428571
244623,244667,247201,44,2534,2,36000,1.01736385162
244665,244673,247188,8,2515,2,36000,1.00318091451
244719,244726,247269,7,2543,2,36000,1.00275265435
244871,244877,246911,6,2034,2,36000,1.00294985251
244907,244913,246733,6,1820,2,36000,1.0032967033
244958,244965,248485,7,3520,2,18000,1.00198863636
244964,244974,246837,10,1863,2,36000,1.00536768653
245175,245181,248824,6,3643,2,18000,1.00164699424
245186,245192,245194,6,2,2,300,1.0
245252,245259,248830,7,3571,2,18000,1.00196023523
245422,245428,248806,6,3378,2,18000,1.00177619893
245425,245646,248130,221,2484,2,36000,1.08896940419
245645,245711,249134,66,3423,2,18000,1.01928133216
245711,245755,248971,44,3216,2,18000,1.01368159204
245749,245784,249046,35,3262,2,18000,1.01072961373
245784,245899,249417,115,3518,2,18000,1.03268902786
245890,245977,249178,87,3201,2,18000,1.02717900656
245995,246002,247479,7,1477,2,36000,1.00473933649
246011,246017,247785,6,1768,2,36000,1.00339366516
246016,246023,247828,7,1805,2,36000,1.00387811634
246097,246103,247803,6,1700,2,36000,1.00352941176
246125,246131,248491,6,2360,2,36000,1.00254237288
246302,246308,248728,6,2420,2,36000,1.00247933884
246309,246314,248697,5,2383,2,36000,1.00209819555
246316,246322,248838,6,2516,2,36000,1.00238473768
246323,246329,248753,6,2424,2,36000,1.00247524752
246392,246398,248883,6,2485,2,36000,1.00241448692
246469,246475,250030,6,3555,2,18000,1.00168776371
246673,246679,248583,6,1904,2,36000,1.0031512605
246679,246699,249994,20,3295,2,18000,1.00606980273
246697,246744,250437,47,3693,2,18000,1.0127267804
246839,246845,248890,6,2045,2,36000,1.00293398533
246845,246851,248796,6,1945,2,36000,1.0030848329
246854,246860,249046,6,2186,2,36000,1.00274473925
246873,246879,248942,6,2063,2,36000,1.00290838585
247030,247036,250452,6,3416,2,18000,1.00175644028
247150,247156,250150,6,2994,2,18000,1.00200400802
247184,247191,249671,7,2480,2,36000,1.00282258065
247198,247204,249732,6,2528,2,36000,1.00237341772
247211,247217,249744,6,2527,2,36000,1.00237435694
247218,247224,249665,6,2441,2,36000,1.00245800901
247289,247295,249851,6,2556,2,36000,1.00234741784
247473,247479,250766,6,3287,2,18000,1.00182537268
247496,247503,249131,7,1628,2,36000,1.0042997543
247578,247584,247619,6,35,2,300,1.17142857143
247630,247636,247690,6,54,2,300,1.11111111111
247700,247706,247959,6,253,2,300,1.02371541502
247730,247736,247974,6,238,2,360,1.02521008403
247731,247742,251484,11,3742,2,18000,1.00293960449
247734,247797,250202,63,2405,2,36000,1.0261954262
247814,247820,250335,6,2515,2,36000,1.00238568588
247843,247849,249733,6,1884,2,36000,1.00318471338
247870,247876,250308,6,2432,2,36000,1.00246710526
247874,248141,251469,267,3328,2,18000,1.08022836538
247971,247977,247992,6,15,2,300,1.4
247985,247991,248009,6,18,2,300,1.33333333333
248001,248007,248052,6,45,2,300,1.13333333333
248018,248024,248055,6,31,2,300,1.1935483871
248064,248071,248382,7,311,2,300,1.02250803859
248065,248076,248113,11,37,2,300,1.2972972973
248122,248128,248440,6,312,2,300,1.01923076923
248160,248166,251698,6,3532,2,18000,1.00169875425
248326,248334,251405,8,3071,2,18000,1.00260501465
248397,248403,248758,6,355,2,360,1.01690140845
248455,248461,248816,6,355,2,360,1.01690140845
248496,248502,251821,6,3319,2,18000,1.00180777343
248506,248512,250100,6,1588,2,36000,1.00377833753
248605,248611,250423,6,1812,2,36000,1.00331125828
248713,248719,250775,6,2056,2,36000,1.00291828794
248739,248745,250645,6,1900,2,36000,1.00315789474
248772,248778,248934,6,156,2,360,1.03846153846
248775,248784,250742,9,1958,2,36000,1.00459652707
248811,248817,252235,6,3418,2,18000,1.00175541252
248821,248827,251112,6,2285,2,36000,1.00262582057
248829,248835,252047,6,3212,2,18000,1.00186799502
248831,248841,249045,10,204,2,360,1.04901960784
248849,248855,252398,6,3543,2,18000,1.0016934801
248850,248861,250836,11,1975,2,36000,1.00556962025
248898,248904,250969,6,2065,2,36000,1.00290556901
248909,248915,250692,6,1777,2,36000,1.00337647721
248950,248957,250752,7,1795,2,36000,1.00389972145
248975,248983,252270,8,3287,2,18000,1.00243383024
249053,249059,252619,6,3560,2,18000,1.00168539326
249057,249065,250749,8,1684,2,36000,1.00475059382
249147,249154,252467,7,3313,2,18000,1.00211288862
249150,249160,251667,10,2507,2,36000,1.00398883127
249197,249203,251318,6,2115,2,36000,1.00283687943
249198,249431,252690,233,3259,2,18000,1.07149432341
249426,249677,253280,251,3603,2,18000,1.06966416875
249685,249691,251869,6,2178,2,36000,1.00275482094
249745,249751,251818,6,2067,2,36000,1.00290275762
249754,249760,251622,6,1862,2,36000,1.00322234157
249768,249774,251899,6,2125,2,36000,1.00282352941
249872,249878,251618,6,1740,2,36000,1.00344827586
250003,250010,253326,7,3316,2,18000,1.00211097708
250036,250042,253081,6,3039,2,18000,1.00197433366
250122,250128,252088,6,1960,2,36000,1.00306122449
250163,250169,252371,6,2202,2,36000,1.00272479564
250166,250214,253601,48,3387,2,18000,1.01417183348
250321,250326,252067,5,1741,2,36000,1.00287191269
250358,250364,252477,6,2113,2,36000,1.0028395646
250445,250451,253945,6,3494,2,18000,1.00171722954
250461,250467,252297,6,1830,2,36000,1.00327868852
250463,250473,254044,10,3571,2,18000,1.00280033604
250666,250672,252743,6,2071,2,36000,1.00289715113
250705,250712,252682,7,1970,2,36000,1.00355329949
250761,250767,252368,6,1601,2,36000,1.00374765771
250769,250775,252431,6,1656,2,36000,1.00362318841
250772,250781,254212,9,3431,2,18000,1.00262314194
250775,250786,252491,11,1705,2,36000,1.0064516129
250781,250792,252750,11,1958,2,36000,1.00561797753
250848,250855,252655,7,1800,2,36000,1.00388888889
250991,250997,252481,6,1484,2,36000,1.00404312668
251135,251141,252754,6,1613,2,36000,1.00371977681
251332,251338,253672,6,2334,2,36000,1.00257069409
251416,251422,254791,6,3369,2,18000,1.0017809439
251418,251480,253065,62,1585,2,36000,1.03911671924
251477,251496,255239,19,3743,2,18000,1.00507614213
251495,251629,254895,134,3266,2,18000,1.04102878138
251565,251571,251634,6,63,2,3540,1.09523809524
251566,251577,251643,11,66,4,3540,1.16666666667
251641,251647,253575,6,1928,2,36000,1.0031120332
251680,251686,253642,6,1956,2,36000,1.00306748466
251706,251712,255256,6,3544,2,18000,1.00169300226
251825,251831,255417,6,3586,2,18000,1.00167317345
251831,251837,253535,6,1698,2,36000,1.0035335689
251878,251884,253722,6,1838,2,36000,1.00326441785
251908,251914,254366,6,2452,2,36000,1.00244698206
252054,252060,255754,6,3694,2,18000,1.00162425555
252095,252101,254298,6,2197,2,36000,1.00273099681
252104,252110,254493,6,2383,2,36000,1.00251783466
252239,252246,255927,7,3681,2,18000,1.00190165716
252277,252284,255765,7,3481,2,18000,1.0020109164
252308,252314,254394,6,2080,2,36000,1.00288461538
252379,252385,254271,6,1886,2,36000,1.00318133616
252384,252391,254621,7,2230,2,36000,1.00313901345
252415,252421,254646,6,2225,2,36000,1.00269662921
252438,252444,254490,6,2046,2,36000,1.00293255132
252442,252488,256063,46,3575,2,18000,1.01286713287
252471,252479,255670,8,3191,2,18000,1.00250705108
252505,252512,254710,7,2198,2,36000,1.00318471338
252514,252520,254684,6,2164,2,36000,1.00277264325
252625,252630,256204,5,3574,2,18000,1.00139899273
252667,252673,254336,6,1663,2,36000,1.00360793746
252695,252701,255953,6,3252,2,18000,1.00184501845
252702,252707,254499,5,1792,2,36000,1.00279017857
252751,252758,254617,7,1859,2,36000,1.0037654653
252774,252780,254708,6,1928,2,36000,1.0031120332
252779,252786,254347,7,1561,2,36000,1.00448430493
253078,253084,255382,6,2298,2,36000,1.00261096606
253086,253092,256453,6,3361,2,18000,1.00178518298
253295,253301,255562,6,2261,2,36000,1.00265369306
253296,253337,256922,41,3585,2,18000,1.01143654114
253334,253546,257042,212,3496,2,18000,1.06064073227
253591,253598,256011,7,2413,2,36000,1.00290095317
253608,253614,255948,6,2334,2,36000,1.00257069409
253609,253654,256942,45,3288,2,18000,1.01368613139
253692,253698,256014,6,2316,2,36000,1.00259067358
253736,253742,255895,6,2153,2,36000,1.0027868091
253956,253962,257263,6,3301,2,18000,1.00181763102
253960,254062,256310,102,2248,2,36000,1.04537366548
254060,254223,257419,163,3196,2,18000,1.05100125156
254221,254282,257685,61,3403,2,18000,1.01792535998
254325,254331,256710,6,2379,2,36000,1.0025220681
254343,254349,256812,6,2463,2,36000,1.00243605359
254362,254368,256785,6,2417,2,36000,1.00248241622
254385,254392,256537,7,2145,2,36000,1.00326340326
254412,254418,256386,6,1968,2,36000,1.00304878049
254500,254506,256986,6,2480,2,36000,1.00241935484
254506,254512,256767,6,2255,2,36000,1.00266075388
254512,254519,256980,7,2461,2,36000,1.00284437221
254626,254632,257084,6,2452,2,36000,1.00244698206
254632,254638,256933,6,2295,2,36000,1.00261437908
254656,254662,256969,6,2307,2,36000,1.00260078023
254695,254701,256762,6,2061,2,36000,1.00291120815
254721,254727,256621,6,1894,2,36000,1.00316789863
254736,254742,256973,6,2231,2,36000,1.00268937696
254801,254807,258394,6,3587,2,18000,1.001672707
254804,255254,257199,450,1945,2,36000,1.23136246787
254897,254906,258215,9,3309,2,18000,1.00271985494
255289,255295,256849,6,1554,2,36000,1.00386100386
255290,255394,258826,104,3432,2,18000,1.0303030303
255292,255429,258712,137,3283,2,18000,1.04173012489
255425,255573,258997,148,3424,2,18000,1.04322429907
255689,255695,259059,6,3364,2,18000,1.00178359096
255691,255765,257860,74,2095,2,36000,1.0353221957
255762,255777,259382,15,3605,2,18000,1.00416088766
255781,255906,258962,125,3056,2,18000,1.04090314136
255938,255944,259375,6,3431,2,18000,1.00174876129
255943,255959,257877,16,1918,2,36000,1.00834202294
255963,255969,259115,6,3146,2,18000,1.00190718373
256033,256039,258079,6,2040,2,36000,1.00294117647
256038,256045,258101,7,2056,2,36000,1.00340466926
256067,256075,259385,8,3310,2,18000,1.00241691843
256214,256220,258733,6,2513,2,36000,1.00238758456
256214,256321,259721,107,3400,2,18000,1.03147058824
256402,256408,258918,6,2510,2,36000,1.00239043825
256460,256548,260126,88,3578,2,18000,1.02459474567
256460,256466,258982,6,2516,2,36000,1.00238473768
256633,256640,259177,7,2537,2,36000,1.00275916437
256721,256727,259211,6,2484,2,36000,1.00241545894
256793,256799,259246,6,2447,2,36000,1.00245198202
256799,256805,259280,6,2475,2,36000,1.00242424242
256811,256817,259269,6,2452,2,36000,1.00244698206
256819,256825,259236,6,2411,2,36000,1.00248859394
256860,256866,259360,6,2494,2,36000,1.00240577386
256925,256933,260163,8,3230,2,18000,1.00247678019
256944,256951,259390,7,2439,2,36000,1.0028700287
256952,256958,260401,6,3443,2,18000,1.00174266628
257050,257056,260213,6,3157,2,18000,1.00190053849
257277,257284,260354,7,3070,2,18000,1.00228013029
257426,257432,260597,6,3165,2,18000,1.0018957346
257583,257589,259331,6,1742,2,36000,1.00344431688
257592,257598,259423,6,1825,2,36000,1.00328767123
257599,257606,259338,7,1732,2,36000,1.00404157044
257606,257612,259897,6,2285,2,36000,1.00262582057
257622,257628,259829,6,2201,2,36000,1.00272603362
257623,257634,259562,11,1928,2,36000,1.00570539419
257697,257703,260971,6,3268,2,18000,1.00183598531
257702,257872,259699,170,1827,2,36000,1.09304871374
257887,257893,260175,6,2282,2,36000,1.00262927257
258101,258107,260548,6,2441,2,36000,1.00245800901
258113,258119,260613,6,2494,2,36000,1.00240577386
258227,258233,261608,6,3375,2,18000,1.00177777778
258403,258409,261488,6,3079,2,18000,1.00194868464
258715,258723,261951,8,3228,2,18000,1.00247831475
258743,258749,261268,6,2519,2,36000,1.00238189758
258829,258838,262545,9,3707,2,18000,1.00242783922
258931,258937,261285,6,2348,2,36000,1.00255536627
258968,258975,262574,7,3599,2,18000,1.00194498472
259001,259007,262721,6,3714,2,18000,1.00161550889
259003,259013,261511,10,2498,2,36000,1.00400320256
259066,259072,262624,6,3552,2,18000,1.00168918919
259121,259128,262365,7,3237,2,18000,1.00216249614
259201,259207,261584,6,2377,2,36000,1.00252419016
259237,259243,261706,6,2463,2,36000,1.00243605359
259249,259256,261653,7,2397,2,36000,1.00292031706
259264,259270,261731,6,2461,2,36000,1.00243803332
259286,259292,261810,6,2518,2,36000,1.00238284353
259296,259302,261830,6,2528,2,36000,1.00237341772
259347,259354,261832,7,2478,2,36000,1.00282485876
259357,259364,261868,7,2504,2,36000,1.00279552716
259366,259372,261847,6,2475,2,36000,1.00242424242
259377,259386,263002,9,3616,2,18000,1.00248893805
259398,259405,262859,7,3454,2,18000,1.00202663578
259400,259410,263153,10,3743,2,18000,1.00267165375
259402,259416,261881,14,2465,2,36000,1.00567951318
259436,259442,261869,6,2427,2,36000,1.00247218789
259574,259581,262005,7,2424,2,36000,1.00288778878
259725,259731,263318,6,3587,2,18000,1.001672707
260082,260088,262575,6,2487,2,36000,1.00241254524
260085,260094,262435,9,2341,2,36000,1.00384451089
260087,260099,262337,12,2238,2,36000,1.00536193029
260127,260137,263750,10,3613,2,18000,1.00276778301
260166,260174,263705,8,3531,2,18000,1.00226564713
260174,260180,262028,6,1848,16,1800,1.00324675325
260215,260221,263362,6,3141,2,18000,1.00191021968
260355,260362,263751,7,3389,2,18000,1.00206550605
260404,260410,263401,6,2991,2,18000,1.00200601805
260458,260464,263015,6,2551,2,36000,1.00235201882
260570,260576,262444,6,1868,2,36000,1.00321199143
260601,260609,264012,8,3403,2,18000,1.00235086688
260634,260640,262358,6,1718,2,36000,1.00349243306
260974,260982,264026,8,3044,2,18000,1.00262812089
261281,261287,263069,6,1782,2,36000,1.00336700337
261293,261299,263324,6,2025,2,36000,1.00296296296
261493,261499,264747,6,3248,2,18000,1.00184729064
261530,261536,263863,6,2327,2,36000,1.00257842716
261600,261606,263752,6,2146,2,36000,1.00279589935
261613,261620,264969,7,3349,2,18000,1.00209017617
261675,261681,263872,6,2191,2,36000,1.00273847558
261723,261729,263757,6,2028,2,36000,1.00295857988
261752,261758,263585,6,1827,2,36000,1.00328407225
261819,261825,264208,6,2383,2,36000,1.00251783466
261837,261843,263757,6,1914,2,36000,1.00313479624
261846,261852,264302,6,2450,2,36000,1.00244897959
261855,261861,263739,6,1878,2,36000,1.00319488818
261877,261883,263865,6,1982,2,36000,1.00302724521
261887,261893,263893,6,2000,2,36000,1.003
261897,261903,263650,6,1747,2,36000,1.00343445907
261955,261963,265281,8,3318,2,18000,1.00241109102
262021,262028,263679,7,1651,2,36000,1.00423985463
262353,262359,264834,6,2475,2,36000,1.00242424242
262363,262369,264906,6,2537,2,36000,1.00236499803
262371,262378,265884,7,3506,2,18000,1.0019965773
262446,262452,264599,6,2147,2,36000,1.00279459711
262453,262459,264903,6,2444,2,36000,1.00245499182
262552,262558,266237,6,3679,2,18000,1.00163087796
262581,262588,265847,7,3259,2,18000,1.00214789813
262587,262594,264645,7,2051,2,36000,1.00341296928
262632,262638,266086,6,3448,2,18000,1.00174013921
262724,262733,266108,9,3375,2,18000,1.00266666667
262862,262871,266343,9,3472,2,18000,1.0025921659
263008,263014,266141,6,3127,2,18000,1.00191877199
263026,263032,264588,6,1556,2,36000,1.00385604113
263089,263095,264786,6,1691,2,36000,1.00354819633
263159,263165,266278,6,3113,2,18000,1.00192740122
263320,263329,266970,9,3641,2,18000,1.00247184839
263331,263337,265847,6,2510,2,36000,1.00239043825
263367,263373,266838,6,3465,2,18000,1.00173160173
263402,263413,266708,11,3295,2,18000,1.0033383915
263606,263612,266088,6,2476,2,36000,1.00242326333
263673,263679,266064,6,2385,2,36000,1.00251572327
263688,263695,265428,7,1733,2,36000,1.00403923832
263709,263716,266853,7,3137,2,18000,1.0022314313
263756,263762,265603,6,1841,2,36000,1.00325909832
263757,263768,267268,11,3500,2,18000,1.00314285714
263758,263773,267092,15,3319,2,18000,1.00451943356
263768,263779,266152,11,2373,2,36000,1.00463548251
263774,263784,265368,10,1584,2,36000,1.00631313131
263778,263790,265588,12,1798,2,36000,1.00667408231
263876,263882,265965,6,2083,2,36000,1.00288046087
263885,263891,265796,6,1905,2,36000,1.0031496063
263898,263904,265886,6,1982,2,36000,1.00302724521
263911,263917,265942,6,2025,2,36000,1.00296296296
264018,264024,267354,6,3330,2,18000,1.0018018018
264035,264041,267704,6,3663,2,18000,1.00163800164
264219,264225,266338,6,2113,2,36000,1.0028395646
264313,264319,266056,6,1737,2,36000,1.00345423143
264601,264607,266464,6,1857,2,36000,1.00323101777
264610,264616,266286,6,1670,2,36000,1.00359281437
264659,264665,266834,6,2169,2,36000,1.00276625173
264750,264759,268310,9,3551,2,18000,1.00253449732
264799,264805,266641,6,1836,2,36000,1.00326797386
264844,264850,266535,6,1685,2,36000,1.00356083086
264911,264917,266487,6,1570,2,36000,1.00382165605
264918,264924,266707,6,1783,2,36000,1.00336511497
264970,264980,268507,10,3527,2,18000,1.00283527077
265284,265292,268729,8,3437,2,18000,1.00232761129
265378,265384,267259,6,1875,2,36000,1.0032
265438,265445,267136,7,1691,2,36000,1.00413956239
265597,265603,267345,6,1742,2,36000,1.00344431688
265618,265624,267344,6,1720,2,36000,1.00348837209
265807,265813,268002,6,2189,2,36000,1.00274097762
265851,265858,269255,7,3397,2,18000,1.00206064174
265858,265864,267877,6,2013,2,36000,1.00298062593
265886,265895,268982,9,3087,2,18000,1.0029154519
265900,265907,268050,7,2143,2,36000,1.0032664489
265950,265956,268418,6,2462,2,36000,1.00243704305
265983,265990,268249,7,2259,2,36000,1.00309871625
266072,266078,268520,6,2442,2,36000,1.00245700246
266076,266084,268044,8,1960,2,36000,1.00408163265
266089,266097,269766,8,3669,2,18000,1.00218043064
266102,266108,268062,6,1954,2,36000,1.00307062436
266112,266119,269396,7,3277,2,18000,1.00213610009
266142,266152,269772,10,3620,2,18000,1.00276243094
266160,266167,267851,7,1684,2,36000,1.0041567696
266240,266248,269333,8,3085,2,18000,1.00259319287
266283,266289,270037,6,3748,2,18000,1.00160085379
266300,266306,268136,6,1830,2,36000,1.00327868852
266347,266353,268278,6,1925,2,36000,1.00311688312
266347,266359,269960,12,3601,2,18000,1.00333240766
266479,266485,268315,6,1830,2,36000,1.00327868852
266504,266510,268347,6,1837,2,36000,1.00326619488
266541,266547,269082,6,2535,2,36000,1.00236686391
266657,266663,268400,6,1737,2,36000,1.00345423143
266710,266718,270238,8,3520,2,18000,1.00227272727
266715,266724,268877,9,2153,2,36000,1.00418021366
266844,266849,269166,5,2317,2,36000,1.00215796288
266845,266855,270252,10,3397,2,18000,1.00294377392
266861,266867,269400,6,2533,2,36000,1.00236873273
266861,266981,270354,120,3373,2,18000,1.03557663801
266976,267147,270777,171,3630,2,18000,1.04710743802
267093,267103,270714,10,3611,2,18000,1.00276931598
267274,267280,270843,6,3563,2,18000,1.00168397418
267277,267286,269770,9,2484,2,36000,1.00362318841
267356,267362,270926,6,3564,2,18000,1.00168350168
267389,267396,269727,7,2331,2,36000,1.003003003
267450,267456,269670,6,2214,2,36000,1.0027100271
267710,267716,271453,6,3737,2,18000,1.00160556596
267894,267900,270423,6,2523,2,36000,1.00237812128
267921,267928,270240,7,2312,2,36000,1.00302768166
268021,268027,270276,6,2249,2,36000,1.00266785238
268067,268073,270503,6,2430,2,36000,1.0024691358
268101,268108,270576,7,2468,2,36000,1.0028363047
268105,268114,270632,9,2518,2,36000,1.00357426529
268157,268163,270613,6,2450,2,36000,1.00244897959
268313,268319,271989,6,3670,2,18000,1.00163487738
268350,268356,270713,6,2357,2,36000,1.00254560882
268511,268518,272182,7,3664,2,18000,1.00191048035
268534,268540,270716,6,2176,2,36000,1.00275735294
268705,268711,271220,6,2509,2,36000,1.00239139099
268732,268738,271875,6,3137,2,18000,1.0019126554
268736,268744,271133,8,2389,2,36000,1.00334868146
268803,268809,271256,6,2447,2,36000,1.00245198202
268809,268815,271219,6,2404,2,36000,1.00249584027
268815,268821,271221,6,2400,2,36000,1.0025
268986,268992,272336,6,3344,2,18000,1.00179425837
268995,269002,271386,7,2384,2,36000,1.00293624161
269114,269120,270879,6,1759,2,36000,1.00341102899
269210,269216,271106,6,1890,2,36000,1.00317460317
269258,269266,272731,8,3465,2,18000,1.00230880231
269337,269344,273083,7,3739,2,18000,1.00187215833
269400,269408,272810,8,3402,2,18000,1.00235155791
269411,269417,271697,6,2280,2,36000,1.00263157895
269772,269777,272925,5,3148,2,18000,1.00158831004
269787,269793,273530,6,3737,2,18000,1.00160556596
269803,269809,272170,6,2361,2,36000,1.00254129606
269845,269851,272220,6,2369,2,36000,1.00253271423
269898,269905,272221,7,2316,2,36000,1.0030224525
269965,269972,273236,7,3264,2,18000,1.00214460784
270040,270048,273732,8,3684,2,18000,1.00217155266
270240,270249,273505,9,3256,2,18000,1.00276412776
270249,270255,272384,6,2129,2,36000,1.00281822452
270256,270263,273854,7,3591,2,18000,1.00194931774
270286,270292,272727,6,2435,2,36000,1.00246406571
270356,270365,273475,9,3110,2,18000,1.00289389068
270441,270447,272126,6,1679,2,36000,1.00357355569
270553,270559,272823,6,2264,2,36000,1.00265017668
270630,270636,272966,6,2330,2,36000,1.0025751073
270695,270701,272954,6,2253,2,36000,1.00266311585
270716,270722,274197,6,3475,2,18000,1.00172661871
270731,270737,273102,6,2365,2,36000,1.00253699789
270783,270789,274380,6,3591,2,18000,1.00167084378
270825,270831,273198,6,2367,2,36000,1.00253485425
270847,270853,274389,6,3536,2,18000,1.00169683258
270914,270920,273350,6,2430,2,36000,1.0024691358
270928,270934,274027,6,3093,2,18000,1.00193986421
270970,270976,273330,6,2354,2,36000,1.00254885302
271261,271267,273685,6,2418,2,36000,1.00248138958
271357,271363,273776,6,2413,2,36000,1.00248653129
271421,271427,273746,6,2319,2,36000,1.00258732212
271457,271464,274630,7,3166,2,18000,1.00221099179
271490,271496,273796,6,2300,2,36000,1.00260869565
271542,271548,274034,6,2486,2,36000,1.00241351569
271601,271608,274040,7,2432,2,36000,1.00287828947
271646,271652,273979,6,2327,2,36000,1.00257842716
271749,271755,274197,6,2442,2,36000,1.00245700246
271877,271886,275461,9,3575,2,18000,1.00251748252
271992,272000,275472,8,3472,2,18000,1.00230414747
272135,272142,274667,7,2525,2,36000,1.00277227723
272178,272184,274598,6,2414,2,36000,1.00248550124
272184,272193,275311,9,3118,2,18000,1.00288646568
272237,272243,274183,6,1940,2,36000,1.00309278351
272241,272249,274584,8,2335,2,36000,1.0034261242
272339,272347,275513,8,3166,2,18000,1.00252684776
272399,272406,273966,7,1560,2,36000,1.00448717949
272733,272742,274223,9,1481,2,36000,1.00607697502
272734,272747,275942,13,3195,2,18000,1.00406885759
272815,272820,276215,5,3395,2,18000,1.00147275405
272839,272845,274687,6,1842,2,36000,1.00325732899
272928,272936,276567,8,3631,2,18000,1.00220324979
272979,272985,274598,6,1613,2,36000,1.00371977681
272988,272994,274634,6,1640,2,36000,1.00365853659
273090,273096,276742,6,3646,2,18000,1.00164563906
273114,273120,275184,6,2064,2,36000,1.00290697674
273218,273224,275160,6,1936,2,36000,1.00309917355
273242,273248,276695,6,3447,2,18000,1.00174064404
273349,273355,274922,6,1567,2,36000,1.00382897256
273357,273363,274793,6,1430,2,36000,1.0041958042
273478,273486,277142,8,3656,2,18000,1.00218818381
273512,273518,276758,6,3240,2,18000,1.00185185185
273536,273543,277035,7,3492,2,18000,1.0020045819
273738,273744,277053,6,3309,2,18000,1.00181323663
273763,273769,276157,6,2388,2,36000,1.00251256281
273845,273851,276068,6,2217,2,36000,1.00270635995
273861,273867,277266,6,3399,2,18000,1.00176522507
273877,273883,275808,6,1925,2,36000,1.00311688312
273896,273902,275950,6,2048,2,36000,1.0029296875
273984,273990,276455,6,2465,2,36000,1.00243407708
273998,274004,276536,6,2532,2,36000,1.00236966825
274031,274038,277662,7,3624,2,18000,1.00193156733
274049,274055,276563,6,2508,2,36000,1.0023923445
274066,274072,276604,6,2532,2,36000,1.00236966825
274193,274200,276723,7,2523,2,36000,1.00277447483
274203,274214,276702,11,2488,2,36000,1.00442122186
274203,274208,277475,5,3267,2,18000,1.00153045608
274246,274252,276726,6,2474,2,36000,1.00242522231
274387,274393,277721,6,3328,2,18000,1.00180288462
274401,274407,276856,6,2449,2,36000,1.00244997958
274402,274595,277721,193,3126,2,18000,1.06174024312
274632,274638,277721,6,3083,2,18000,1.00194615634
274677,274683,277225,6,2542,2,36000,1.00236034618
274759,274765,277298,6,2533,2,36000,1.00236873273
274777,274783,277315,6,2532,2,36000,1.00236966825
274791,274798,277321,7,2523,2,36000,1.00277447483
274805,274811,277327,6,2516,2,36000,1.00238473768
274818,274824,277330,6,2506,2,36000,1.00239425379
274940,274947,277481,7,2534,2,36000,1.00276243094
275175,275181,277705,6,2524,2,36000,1.00237717908
275314,275320,277721,6,2401,2,18000,1.00249895877
275464,275470,277721,6,2251,2,18000,1.00266548201
275480,275486,277721,6,2235,2,18000,1.00268456376
275516,275522,277721,6,2199,2,18000,1.00272851296
275614,275621,277742,7,2121,2,36000,1.00330033003
275821,275827,278196,6,2369,2,36000,1.00253271423
275944,275953,277721,9,1768,2,18000,1.00509049774
275958,275964,278457,6,2493,2,36000,1.00240673887
276023,276029,276139,6,110,1,1800,1.05454545455
276080,276086,278408,6,2322,2,36000,1.00258397933
276219,276225,277721,6,1496,2,18000,1.00401069519
276243,276249,278366,6,2117,2,36000,1.00283419934
276445,276451,276564,6,113,1,1800,1.05309734513
276489,276495,278566,6,2071,2,36000,1.00289715113
276547,276554,278569,7,2015,2,36000,1.00347394541
276568,276575,277721,7,1146,2,18000,1.00610820244
276589,276596,279120,7,2524,2,36000,1.00277337559
276618,276624,278833,6,2209,2,36000,1.00271616116
276696,276706,277721,10,1015,2,18000,1.00985221675
276718,276724,278971,6,2247,2,36000,1.00267022697
276743,276749,277721,6,972,2,18000,1.00617283951
276757,276763,279018,6,2255,2,36000,1.00266075388
276762,276769,277721,7,952,2,18000,1.00735294118
276781,276787,278860,6,2073,2,36000,1.00289435601
276863,276869,278919,6,2050,2,36000,1.00292682927
277039,277046,277721,7,675,2,18000,1.01037037037
277055,277064,277721,9,657,2,18000,1.01369863014
277143,277153,277721,10,568,2,18000,1.0176056338
277252,277258,279790,6,2532,2,36000,1.00236966825
277272,277277,277721,5,444,2,18000,1.01126126126
277273,277310,279800,37,2490,2,36000,1.01485943775
277295,277301,277830,6,529,1,1800,1.01134215501
277323,277330,279750,7,2420,2,36000,1.00289256198
277336,277342,279873,6,2531,2,36000,1.0023706045
277346,277352,279896,6,2544,2,36000,1.00235849057
277356,277362,279788,6,2426,2,36000,1.00247320692
277478,277486,277721,8,235,2,18000,1.03404255319
277492,277498,279996,6,2498,2,36000,1.00240192154
277666,277673,277721,7,48,2,18000,1.14583333333
277730,277736,279560,6,1824,2,36000,1.00328947368
277738,277745,279871,7,2126,2,36000,1.0032925682
277751,277757,279627,6,1870,2,36000,1.00320855615
277764,277770,279803,6,2033,2,36000,1.00295130349
277770,277776,280018,6,2242,2,36000,1.00267618198
277778,277784,279840,6,2056,2,36000,1.00291828794
277792,277799,279943,7,2144,2,36000,1.00326492537
277802,277808,279631,6,1823,2,36000,1.00329127811
277809,277815,279955,6,2140,2,36000,1.00280373832
277824,277831,279711,7,1880,2,36000,1.00372340426
277861,277867,279703,6,1836,2,36000,1.00326797386
277924,277930,279722,6,1792,2,36000,1.00334821429
277962,277968,279910,6,1942,2,36000,1.00308959835
278007,278013,279877,6,1864,2,36000,1.00321888412
278085,278091,280044,6,1953,2,36000,1.00307219662
278121,278127,280084,6,1957,2,36000,1.00306591722
278153,278159,280123,6,1964,2,36000,1.00305498982
278180,278187,280135,7,1948,2,36000,1.00359342916
278186,278193,279954,7,1761,2,36000,1.0039750142
278190,278199,280494,9,2295,2,36000,1.00392156863
278199,278205,280156,6,1951,2,36000,1.00307534598
278202,278211,280314,9,2103,2,36000,1.00427960057
278428,278434,280935,6,2501,2,36000,1.00239904038
278465,278471,281003,6,2532,2,36000,1.00236966825
278533,278539,280968,6,2429,2,36000,1.00247015233
278579,278585,281021,6,2436,2,36000,1.00246305419
278654,278660,281126,6,2466,2,36000,1.00243309002
278876,278882,281411,6,2529,2,36000,1.00237247924
278940,278946,281410,6,2464,2,36000,1.00243506494
279009,279016,281407,7,2391,2,36000,1.00292764534
279064,279070,281554,6,2484,2,36000,1.00241545894
279133,279139,281628,6,2489,2,36000,1.00241060667
279202,279209,281633,7,2424,2,36000,1.00288778878
279270,279276,279330,6,54,1,1800,1.11111111111
279615,279621,282045,6,2424,2,36000,1.00247524752
279653,279659,279753,6,94,1,1800,1.06382978723
279873,279879,282356,6,2477,2,36000,1.00242228502
280016,280022,282470,6,2448,2,36000,1.00245098039
280124,280130,282636,6,2506,2,36000,1.00239425379
280240,280247,282589,7,2342,2,36000,1.00298889838
280311,280317,280564,6,247,1,1800,1.02429149798
280350,280356,282840,6,2484,2,36000,1.00241545894
280438,280444,282796,6,2352,2,36000,1.00255102041
280550,280556,283044,6,2488,2,36000,1.00241157556
280671,280677,283106,6,2429,2,36000,1.00247015233
280782,280789,283289,7,2500,2,36000,1.0028
280879,280885,283146,6,2261,2,36000,1.00265369306
280984,280990,283448,6,2458,2,36000,1.00244100895
281003,281009,283417,6,2408,2,36000,1.00249169435
281011,281017,283513,6,2496,2,36000,1.00240384615
281026,281032,283493,6,2461,2,36000,1.00243803332
281039,281045,283487,6,2442,2,36000,1.00245700246
281042,281051,283388,9,2337,2,36000,1.00385109114
281058,281064,283519,6,2455,2,36000,1.00244399185
281071,281077,283623,6,2546,2,36000,1.00235663786
281085,281091,283577,6,2486,2,36000,1.00241351569
281093,281100,283593,7,2493,2,36000,1.00280786201
281100,281106,283602,6,2496,2,36000,1.00240384615
281113,281119,283564,6,2445,2,36000,1.00245398773
281122,281128,283605,6,2477,2,36000,1.00242228502
281135,281141,283386,6,2245,2,36000,1.00267260579
281154,281160,283575,6,2415,2,36000,1.00248447205
281183,281189,283620,6,2431,2,36000,1.00246812012
281246,281252,283668,6,2416,2,36000,1.00248344371
281307,281313,283839,6,2526,2,36000,1.00237529691
281359,281365,283759,6,2394,2,36000,1.00250626566
281426,281433,283929,7,2496,2,36000,1.00280448718
281487,281493,283959,6,2466,2,36000,1.00243309002
281552,281558,284096,6,2538,2,36000,1.00236406619
281608,281614,284063,6,2449,2,36000,1.00244997958
281667,281673,284168,6,2495,2,36000,1.00240480962
281722,281728,284157,6,2429,2,36000,1.00247015233
281774,281780,284227,6,2447,2,36000,1.00245198202
281832,281838,284350,6,2512,2,36000,1.00238853503
281888,281894,284357,6,2463,2,36000,1.00243605359
281955,281960,284378,5,2418,2,36000,1.00206782465
282062,282068,284516,6,2448,2,36000,1.00245098039
282091,282098,282126,7,28,1,1800,1.25
282368,282374,284833,6,2459,2,36000,1.00244001627
282462,282468,282530,6,62,1,1800,1.09677419355
282488,282494,284904,6,2410,2,36000,1.00248962656
282610,282616,285139,6,2523,2,36000,1.00237812128
282674,282680,285191,6,2511,2,36000,1.00238948626
282864,282870,285221,6,2351,2,36000,1.00255210549
282917,282923,285339,6,2416,2,36000,1.00248344371
283262,283269,283410,7,141,1,1800,1.04964539007
283568,283574,287436,6,3862,16,43200,1.00155359917
286366,286372,288264,6,1892,2,36000,1.00317124736
286368,286378,288250,10,1872,2,36000,1.00534188034
286369,286383,288021,14,1638,2,36000,1.00854700855
286370,286388,288434,18,2046,2,36000,1.00879765396
286372,286393,288538,21,2145,2,36000,1.00979020979
286378,286399,288475,21,2076,2,36000,1.01011560694
286389,286404,288297,15,1893,2,36000,1.00792393027
286401,286410,288254,9,1844,2,36000,1.00488069414
286408,286416,288257,8,1841,2,36000,1.00434546442
286416,286422,288295,6,1873,2,36000,1.00320341698
286423,286429,288228,6,1799,2,36000,1.00333518621
286435,286441,288415,6,1974,2,36000,1.00303951368
286499,286505,288306,6,1801,2,36000,1.00333148251
286570,286576,288461,6,1885,2,36000,1.00318302387
286615,286621,288379,6,1758,2,36000,1.00341296928
286644,286651,288406,7,1755,2,36000,1.00398860399
286671,286677,288811,6,2134,2,36000,1.00281162137
286742,286748,288458,6,1710,2,36000,1.00350877193
286815,286821,288602,6,1781,2,36000,1.00336889388
286882,286887,288818,5,1931,2,36000,1.00258933195
286945,286951,288321,6,1370,2,36000,1.00437956204
287008,287014,288774,6,1760,2,36000,1.00340909091
287080,287086,288545,6,1459,2,36000,1.00411240576
287149,287155,288833,6,1678,2,36000,1.00357568534
287176,287182,288775,6,1593,2,36000,1.00376647834
287194,287200,289352,6,2152,2,36000,1.00278810409
287201,287207,289588,6,2381,2,36000,1.0025199496
287217,287223,289377,6,2154,2,36000,1.00278551532
287232,287238,289292,6,2054,2,36000,1.0029211295
287239,287245,289750,6,2505,2,36000,1.00239520958
287254,287260,289575,6,2315,2,36000,1.00259179266
287267,287274,289280,7,2006,2,36000,1.00348953141
287276,287282,289177,6,1895,2,36000,1.00316622691
287282,287289,289182,7,1893,2,36000,1.00369783413
287300,287306,289740,6,2434,2,36000,1.00246507806
287307,287313,289759,6,2446,2,36000,1.00245298446
287324,287330,289536,6,2206,2,36000,1.00271985494
287337,287343,289452,6,2109,2,36000,1.00284495021
287353,287359,289789,6,2430,2,36000,1.0024691358
287361,287367,289842,6,2475,2,36000,1.00242424242
288032,288038,290443,6,2405,2,36000,1.00249480249
288239,288245,290616,6,2371,2,36000,1.00253057782
288270,288275,290477,5,2202,2,36000,1.00227066303
288282,288288,290461,6,2173,2,36000,1.00276115969
288284,288294,290118,10,1824,2,36000,1.00548245614
288286,288299,290380,13,2081,2,36000,1.00624699664
288306,288312,290649,6,2337,2,36000,1.00256739409
288320,288326,290393,6,2067,2,36000,1.00290275762
288347,288353,290575,6,2222,2,36000,1.00270027003
288360,288366,290032,6,1666,2,36000,1.00360144058
288398,288404,290302,6,1898,2,36000,1.00316122234
288429,288435,290701,6,2266,2,36000,1.0026478376
288450,288456,290867,6,2411,2,36000,1.00248859394
288467,288473,290345,6,1872,2,36000,1.00320512821
288501,288507,290445,6,1938,2,36000,1.00309597523
288514,288521,290843,7,2322,2,36000,1.00301464255
288530,288536,290508,6,1972,2,36000,1.00304259635
288551,288557,290576,6,2019,2,36000,1.0029717682
288558,288565,290389,7,1824,2,36000,1.0038377193
288629,288635,290736,6,2101,2,36000,1.00285578296
288797,288803,291250,6,2447,2,36000,1.00245198202
288810,288816,291292,6,2476,2,36000,1.00242326333
288824,288830,290963,6,2133,2,36000,1.00281293952
288834,288841,290855,7,2014,2,36000,1.00347567031
288848,288854,291309,6,2455,2,36000,1.00244399185
289199,289205,290943,6,1738,2,36000,1.00345224396
289212,289218,290991,6,1773,2,36000,1.00338409475
289292,289299,291056,7,1757,2,36000,1.00398406375
289303,289309,290925,6,1616,2,36000,1.00371287129
289371,289378,290880,7,1502,2,36000,1.00466045273
289383,289390,291328,7,1938,2,36000,1.0036119711
289476,289482,291513,6,2031,2,36000,1.00295420975
289562,289568,292081,6,2513,2,36000,1.00238758456
289595,289600,313220,5,23620,16,43200,1.00021168501
289601,289607,291716,6,2109,2,36000,1.00284495021
289614,289621,291847,7,2226,2,36000,1.00314465409
289768,289774,292086,6,2312,2,36000,1.00259515571
289800,289806,292130,6,2324,2,36000,1.00258175559
289885,289891,292277,6,2386,2,36000,1.0025146689
289958,289964,292346,6,2382,2,36000,1.00251889169
290025,290030,362594,5,72564,4,162000,1.00006890469
290041,290048,292491,7,2443,2,36000,1.00286532951
290091,290098,292329,7,2231,2,36000,1.00313760645
290124,290131,292531,7,2400,2,36000,1.00291666667
290230,290236,452271,6,162035,4,162000,1.00003702904
290318,290324,292413,6,2089,2,36000,1.00287218765
290360,290366,292312,6,1946,2,36000,1.00308324769
290397,290403,292695,6,2292,2,36000,1.00261780105
290437,290443,292653,6,2210,2,36000,1.00271493213
290465,290471,292620,6,2149,2,36000,1.00279199628
290490,290496,292689,6,2193,2,36000,1.00273597811
290509,290515,292683,6,2168,2,36000,1.00276752768
290524,290530,292867,6,2337,2,36000,1.00256739409
290543,290549,292784,6,2235,2,36000,1.00268456376
290561,290567,292837,6,2270,2,36000,1.00264317181
290597,290603,293022,6,2419,2,36000,1.00248036379
290619,290626,292978,7,2352,2,36000,1.00297619048
290636,290642,292625,6,1983,2,36000,1.00302571861
290685,290691,293195,6,2504,2,36000,1.00239616613
290777,290784,293201,7,2417,2,36000,1.00289615225
290851,290857,293369,6,2512,2,36000,1.00238853503
290947,290953,293229,6,2276,2,36000,1.00263620387
291055,291061,293313,6,2252,2,36000,1.0026642984
291152,291158,293301,6,2143,2,36000,1.00279981335
291258,291264,293485,6,2221,2,36000,1.00270148582
291337,291343,293234,6,1891,2,36000,1.00317292438
291423,291429,293134,6,1705,2,36000,1.00351906158
291458,291465,293375,7,1910,2,36000,1.00366492147
291483,291489,293412,6,1923,2,36000,1.0031201248
291504,291510,293226,6,1716,2,36000,1.0034965035
291520,291525,293262,5,1737,2,36000,1.00287852619
291534,291540,293549,6,2009,2,36000,1.00298656048
291549,291555,293489,6,1934,2,36000,1.00310237849
291560,291567,293714,7,2147,2,36000,1.0032603633
291566,291573,293561,7,1988,2,36000,1.00352112676
291744,291751,293721,7,1970,2,36000,1.00355329949
291869,291875,293516,6,1641,2,36000,1.00365630713
292114,292120,293700,6,1580,2,36000,1.00379746835
292135,292140,293695,5,1555,2,36000,1.00321543408
292161,292167,293575,6,1408,2,36000,1.00426136364
292299,292305,293902,6,1597,2,36000,1.00375704446
292352,292357,294351,5,1994,2,36000,1.00250752257
292372,292378,293936,6,1558,2,36000,1.00385109114
292388,292394,293939,6,1545,2,36000,1.00388349515
292430,292437,294968,7,2531,2,36000,1.00276570525
292524,292530,294982,6,2452,2,36000,1.00244698206
292552,292558,295056,6,2498,2,36000,1.00240192154
292693,292699,294776,6,2077,2,36000,1.0028887819
292802,292808,295300,6,2492,2,36000,1.00240770465
292882,292888,293009,6,121,8,43200,1.04958677686
292895,292901,295221,6,2320,2,36000,1.0025862069
292961,292966,295001,5,2035,2,36000,1.00245700246
293012,293018,294590,6,1572,2,36000,1.00381679389
293035,293041,295444,6,2403,2,36000,1.0024968789
293051,293057,294744,6,1687,2,36000,1.00355660937
293066,293073,294764,7,1691,2,36000,1.00413956239
293080,293086,295554,6,2468,2,36000,1.00243111831
293094,293100,295515,6,2415,2,36000,1.00248447205
293101,293107,295561,6,2454,2,36000,1.00244498778
293152,293158,295561,6,2403,2,36000,1.0024968789
293213,293219,295688,6,2469,2,36000,1.00243013366
293235,293242,295683,7,2441,2,36000,1.00286767718
293259,293265,295761,6,2496,2,36000,1.00240384615
293288,293294,295686,6,2392,2,36000,1.0025083612
293302,293308,295805,6,2497,2,36000,1.00240288346
293321,293327,295697,6,2370,2,36000,1.00253164557
293347,293353,295865,6,2512,2,36000,1.00238853503
293352,293359,295847,7,2488,2,36000,1.00281350482
293398,293405,295822,7,2417,2,36000,1.00289615225
293411,293417,295793,6,2376,2,36000,1.00252525253
293423,293429,295811,6,2382,2,36000,1.00251889169
293501,293507,295998,6,2491,2,36000,1.00240867122
293513,293519,295805,6,2286,2,36000,1.00262467192
293530,293536,754356,6,460820,2,460800,1.00001302027
293533,293542,296023,9,2481,2,36000,1.00362756953
293539,293548,293843,9,295,8,43200,1.03050847458
293573,293579,296048,6,2469,2,36000,1.00243013366
293591,293597,296030,6,2433,2,36000,1.00246609125
293606,293612,295908,6,2296,2,36000,1.00261324042
293632,293638,329650,6,36012,4,36000,1.00016661113
293638,293644,293949,6,305,8,43200,1.01967213115
293720,293726,295846,6,2120,2,36000,1.00283018868
293804,293810,295692,6,1882,2,36000,1.00318809777
293813,293820,754667,7,460847,2,460800,1.00001518942
293886,293892,295677,6,1785,2,36000,1.00336134454
293952,293958,295941,6,1983,2,36000,1.00302571861
294014,294020,305234,6,11214,4,36000,1.00053504548
294015,294026,295856,11,1830,2,36000,1.00601092896
294048,294054,754903,6,460849,4,460800,1.00001301945
294071,294077,296155,6,2078,2,36000,1.00288739172
294132,294138,295988,6,1850,2,36000,1.00324324324
294360,294366,296221,6,1855,2,36000,1.00323450135
294608,294614,296422,6,1808,2,36000,1.00331858407
294781,294786,296748,5,1962,2,36000,1.00254841998
294852,294858,296520,6,1662,2,36000,1.0036101083
294919,294925,296664,6,1739,2,36000,1.00345025877
294987,294993,295228,6,235,8,43200,1.02553191489
294999,295005,296773,6,1768,2,36000,1.00339366516
295092,295098,297096,6,1998,2,36000,1.003003003
295186,295192,296848,6,1656,2,36000,1.00362318841
295274,295280,297435,6,2155,2,36000,1.00278422274
295356,295363,297406,7,2043,2,36000,1.00342633382
295415,295421,322265,6,26844,8,43200,1.00022351363
295419,295427,297422,8,1995,2,36000,1.00401002506
295492,295498,297151,6,1653,2,36000,1.00362976407
295607,295613,297377,6,1764,2,36000,1.00340136054
295815,295821,319198,6,23377,8,43200,1.00025666253
295862,295867,297491,5,1624,2,36000,1.00307881773
295914,295920,299182,6,3262,2,18000,1.00183936235
295916,295926,299611,10,3685,2,18000,1.00271370421
295917,295931,299019,14,3088,2,18000,1.00453367876
295919,295936,299351,17,3415,2,18000,1.00497803807
295920,295941,299157,21,3216,2,18000,1.00652985075
295921,295947,299419,26,3472,2,18000,1.00748847926
295923,295952,299378,29,3426,2,18000,1.00846468184
295924,295957,299198,33,3241,2,18000,1.01018204258
295925,295962,299704,37,3742,2,18000,1.00988776056
295927,295967,299186,40,3219,2,18000,1.01242621932
295928,295973,299690,45,3717,2,18000,1.01210653753
295930,295978,299282,48,3304,2,18000,1.01452784504
295931,295983,299396,52,3413,2,18000,1.01523586288
295933,295988,299220,55,3232,2,18000,1.01701732673
295934,295993,299551,59,3558,2,18000,1.01658234963
295935,295998,299121,63,3123,2,18000,1.02017291066
295937,296003,299562,66,3559,2,18000,1.01854453498
295938,296009,299671,71,3662,2,18000,1.0193883124
295940,296014,299641,74,3627,2,18000,1.02040253653
295941,296020,299561,79,3541,2,18000,1.0223100819
296154,296161,313538,7,17377,10,43200,1.00040283133
296192,296198,298032,6,1834,2,36000,1.00327153762
296449,296455,313261,6,16806,8,43200,1.00035701535
296517,296523,297995,6,1472,2,36000,1.00407608696
296720,296726,313413,6,16687,10,43200,1.00035956134
296723,296732,311163,9,14431,8,43200,1.0006236574
296824,296830,298426,6,1596,2,36000,1.0037593985
297167,297173,299052,6,1879,2,36000,1.00319318787
297189,297195,314192,6,16997,10,43200,1.00035300347
297523,297529,299137,6,1608,2,36000,1.00373134328
297685,297691,323937,6,26246,4,36000,1.00022860626
297848,297854,299690,6,1836,2,36000,1.00326797386
298203,298209,299982,6,1773,2,36000,1.00338409475
298340,298347,298645,7,298,2,43200,1.02348993289
298528,298534,300560,6,2026,2,36000,1.00296150049
298607,298613,759425,6,460812,2,460800,1.00001302049
298877,298888,300561,11,1673,2,36000,1.00657501494
298932,298938,322605,6,23667,8,43200,1.00025351756
299021,299027,301956,6,2929,2,18000,1.00204848071
299105,299111,304347,6,5236,2,43200,1.00114591291
299123,299129,302681,6,3552,2,18000,1.00168918919
299157,299163,302113,6,2950,2,18000,1.00203389831
299178,299184,300967,6,1783,2,36000,1.00336511497
299182,299190,302613,8,3423,2,18000,1.00233713117
299198,299205,302630,7,3425,2,18000,1.00204379562
299200,299211,302364,11,3153,2,18000,1.00348874088
299222,299228,302676,6,3448,2,18000,1.00174013921
299284,299290,302611,6,3321,2,18000,1.00180668473
299355,299361,302495,6,3134,2,18000,1.00191448628
299382,299388,302704,6,3316,2,18000,1.00180940893
299397,299403,302682,6,3279,2,18000,1.00182982617
299422,299428,302885,6,3457,2,18000,1.00173560891
299439,299445,301006,6,1561,2,36000,1.00384368994
299489,299495,299556,6,61,2,10800,1.09836065574
299557,299562,302825,5,3263,2,18000,1.00153233221
299573,299579,303221,6,3642,2,18000,1.00164744646
299574,299585,302531,11,2946,2,18000,1.00373387644
299613,299619,302792,6,3173,2,18000,1.00189095493
299641,299647,303144,6,3497,2,18000,1.00171575636
299676,299682,303243,6,3561,2,18000,1.00168491997
299693,299699,303440,6,3741,2,18000,1.00160384924
299710,299717,303014,7,3297,2,18000,1.00212314225
299760,299766,301353,6,1587,2,36000,1.00378071834
300089,300095,301760,6,1665,2,36000,1.0036036036
300400,300408,301997,8,1589,2,36000,1.00503461296
300414,300420,306976,6,6556,4,162000,1.00091519219
300466,300473,308549,7,8076,4,162000,1.00086676573
300496,300503,300630,7,127,1,300,1.05511811024
300688,300694,300699,6,5,8,43200,1.1
300715,300721,302720,6,1999,2,36000,1.00300150075
300786,300792,309160,6,8368,8,43200,1.00071701721
300794,300801,300912,7,111,1,600,1.06306306306
300986,300992,302811,6,1819,2,36000,1.00329851567
301237,301243,303271,6,2028,2,36000,1.00295857988
301334,301340,302855,6,1515,2,36000,1.00396039604
301440,301446,303944,6,2498,2,36000,1.00240192154
301540,301546,303160,6,1614,2,36000,1.00371747212
301631,301637,305499,6,3862,2,10800,1.00155359917
301645,301651,304197,6,2546,2,36000,1.00235663786
301739,301745,303917,6,2172,2,36000,1.00276243094
301856,301862,304286,6,2424,2,36000,1.00247524752
301960,301966,305453,6,3487,2,18000,1.0017206768
301969,301975,304483,6,2508,2,36000,1.0023923445
302081,302087,304082,6,1995,2,36000,1.0030075188
302120,302126,305534,6,3408,2,18000,1.00176056338
302173,302179,304305,6,2126,2,36000,1.00282220132
302241,302247,304541,6,2294,2,36000,1.00261551874
302303,302309,304858,6,2549,2,36000,1.00235386426
302320,302326,303362,6,1036,2,10800,1.00579150579
302331,302338,304546,7,2208,2,36000,1.00317028986
302349,302355,304853,6,2498,2,36000,1.00240192154
302363,302369,304903,6,2534,2,36000,1.00236779795
302366,302374,305810,8,3436,2,18000,1.00232828871
302463,302469,304456,6,1987,2,36000,1.00301962758
302503,302509,305743,6,3234,2,18000,1.00185528757
302532,302538,306053,6,3515,2,18000,1.00170697013
302535,302544,305056,9,2512,2,36000,1.00358280255
302613,302619,306275,6,3656,2,18000,1.00164113786
302614,302625,306197,11,3572,2,18000,1.00307950728
302633,302639,305888,6,3249,2,18000,1.00184672207
302642,302648,305093,6,2445,2,36000,1.00245398773
302678,302687,306221,9,3534,2,18000,1.0025466893
302694,302701,306340,7,3639,2,18000,1.00192360539
302696,302706,306051,10,3345,2,18000,1.00298953662
302713,302719,306052,6,3333,2,18000,1.00180018002
302732,302738,305207,6,2469,2,36000,1.00243013366
302794,302803,306534,9,3731,2,18000,1.00241222192
302827,302833,305926,6,3093,2,18000,1.00193986421
302863,302869,308420,6,5551,5,18000,1.00108088633
302876,302882,305402,6,2520,2,36000,1.00238095238
302887,302893,306312,6,3419,2,18000,1.00175489909
302979,302985,305530,6,2545,2,36000,1.00235756385
303017,303025,306291,8,3266,2,18000,1.00244947949
303148,303154,306782,6,3628,2,18000,1.00165380375
303207,303213,305759,6,2546,2,36000,1.00235663786
303223,303232,306354,9,3122,2,18000,1.00288276746
303245,303255,306833,10,3578,2,18000,1.00279485746
303322,303328,305881,6,2553,2,36000,1.00235017626
303443,303451,307031,8,3580,2,18000,1.00223463687
303941,303947,305886,6,1939,2,36000,1.00309437855
303958,303964,305901,6,1937,2,36000,1.00309757357
304095,304101,305790,6,1689,2,36000,1.00355239787
304210,304216,305818,6,1602,2,36000,1.00374531835
304308,304314,306318,6,2004,2,36000,1.00299401198
304334,304340,306028,6,1688,2,36000,1.00355450237
304479,304486,307028,7,2542,2,36000,1.00275373721
304551,304557,307058,6,2501,2,36000,1.00239904038
304604,304610,307161,6,2551,2,36000,1.00235201882
304698,304705,306439,7,1734,2,36000,1.00403690888
304883,304889,306307,6,1418,2,36000,1.00423131171
304898,304904,306914,6,2010,2,36000,1.00298507463
304917,304924,307280,7,2356,2,36000,1.00297113752
305068,305074,307040,6,1966,2,36000,1.00305188199
305124,305130,307348,6,2218,2,36000,1.00270513977
305231,305237,307086,6,1849,2,36000,1.0032449973
305412,305419,307150,7,1731,2,36000,1.00404390526
305454,305465,308793,11,3328,2,18000,1.00330528846
305537,305543,309174,6,3631,2,18000,1.00165243735
305555,305561,307397,6,1836,2,36000,1.00326797386
305746,305755,309469,9,3714,2,18000,1.00242326333
305779,305785,308140,6,2355,2,36000,1.0025477707
305803,305809,308199,6,2390,2,36000,1.00251046025
305811,305822,309064,11,3242,2,18000,1.0033929673
305829,305835,308156,6,2321,2,36000,1.00258509263
305892,305897,309479,5,3582,2,18000,1.00139586823
305902,305908,308246,6,2338,2,36000,1.00256629598
305921,305927,308191,6,2264,2,36000,1.00265017668
305928,305934,309515,6,3581,2,18000,1.00167550963
305929,305941,308381,12,2440,2,36000,1.00491803279
306035,306041,307931,6,1890,2,36000,1.00317460317
306056,306062,309781,6,3719,2,18000,1.00161333692
306057,306068,309602,11,3534,2,18000,1.00311262026
306058,306073,309363,15,3290,2,18000,1.00455927052
306199,306208,309261,9,3053,2,18000,1.00294792008
306224,306232,309454,8,3222,2,18000,1.00248292986
306279,306286,309486,7,3200,2,18000,1.0021875
306297,306303,309948,6,3645,2,18000,1.00164609053
306316,306322,309425,6,3103,2,18000,1.00193361263
306323,306329,308227,6,1898,2,36000,1.00316122234
306342,306348,310097,6,3749,2,18000,1.00160042678
306351,306357,308272,6,1915,2,36000,1.00313315927
306359,306366,309829,7,3463,2,18000,1.00202136876
306468,306475,308530,7,2055,2,36000,1.00340632603
306535,306545,309634,10,3089,2,18000,1.00323729362
306785,306793,310396,8,3603,2,18000,1.00222037191
306836,306844,310387,8,3543,2,18000,1.00225797347
306938,306944,309055,6,2111,2,36000,1.00284225486
307035,307040,310426,5,3386,2,18000,1.00147666864
307042,307048,308875,6,1827,2,36000,1.00328407225
307079,307085,309338,6,2253,2,36000,1.00266311585
307098,307104,309184,6,2080,2,36000,1.00288461538
307100,307110,308880,10,1770,2,36000,1.00564971751
307160,307166,309520,6,2354,2,36000,1.00254885302
307177,307183,309679,6,2496,2,36000,1.00240384615
307214,307220,307332,6,112,1,1800,1.05357142857
307297,307303,309781,6,2478,2,36000,1.00242130751
307375,307381,309709,6,2328,2,36000,1.00257731959
307404,307410,309282,6,1872,2,36000,1.00320512821
307640,307646,307770,6,124,1,1800,1.04838709677
307963,307969,310393,6,2424,2,36000,1.00247524752
308161,308167,310212,6,2045,2,36000,1.00293398533
308175,308181,310484,6,2303,2,36000,1.00260529744
308225,308231,310138,6,1907,2,36000,1.00314630309
308246,308253,310543,7,2290,2,36000,1.00305676856
308274,308280,310525,6,2245,2,36000,1.00267260579
308302,308308,310775,6,2467,2,36000,1.00243210377
308315,308321,310846,6,2525,2,36000,1.00237623762
308407,308413,308984,6,571,1,1800,1.01050788091
308412,308419,310503,7,2084,2,36000,1.00335892514
308562,308568,310878,6,2310,2,36000,1.0025974026
308758,308764,308815,6,51,40,72000,1.11764705882
308765,308771,310627,6,1856,2,14400,1.00323275862
308795,308804,311934,9,3130,2,18000,1.00287539936
308894,308900,311032,6,2132,2,36000,1.00281425891
308903,308909,380950,6,72041,40,72000,1.00008328591
308923,308929,311242,6,2313,2,36000,1.00259403372
309065,309071,312246,6,3175,2,18000,1.00188976378
309079,309085,311235,6,2150,2,36000,1.00279069767
309178,309185,312760,7,3575,2,18000,1.00195804196
309199,309206,311454,7,2248,2,36000,1.003113879
309263,309273,312871,10,3598,2,18000,1.00277932185
309298,309305,311704,7,2399,2,36000,1.00291788245
309346,309352,381379,6,72027,40,72000,1.0000833021
309367,309379,311345,12,1966,2,36000,1.00610376399
309367,309373,312896,6,3523,2,18000,1.00170309395
309428,309436,312774,8,3338,2,18000,1.0023966447
309458,309465,312926,7,3461,2,18000,1.00202253684
309475,309482,312802,7,3320,2,18000,1.00210843373
309477,309490,311966,13,2476,2,36000,1.00525040388
309494,309500,311990,6,2490,2,36000,1.00240963855
309495,309531,313266,36,3735,2,18000,1.00963855422
309496,309537,313170,41,3633,2,18000,1.01128543903
309527,309613,312901,86,3288,2,18000,1.02615571776
309607,309645,312934,38,3289,2,18000,1.01155366373
309639,309690,312804,51,3114,2,18000,1.01637764933
309729,309735,311085,6,1350,2,36000,1.00444444444
309784,309792,313066,8,3274,2,18000,1.0024434942
309803,309809,311241,6,1432,2,36000,1.00418994413
309831,309841,313452,10,3611,2,18000,1.00276931598
309952,309960,313201,8,3241,2,18000,1.00246837396
309956,313424,385450,3468,72026,40,72000,1.04814927943
310104,310110,313563,6,3453,2,18000,1.00173761946
310152,310158,312303,6,2145,2,36000,1.0027972028
310240,310246,311980,6,1734,2,36000,1.00346020761
310387,310398,314115,11,3717,2,18000,1.00295937584
310406,310412,313500,6,3088,2,18000,1.00194300518
310417,310423,312215,6,1792,2,36000,1.00334821429
310431,310437,314006,6,3569,2,18000,1.00168114318
310450,323303,395352,12853,72049,40,72000,1.17839248289
310506,310512,312088,6,1576,2,36000,1.0038071066
310526,310532,312296,6,1764,2,36000,1.00340136054
310546,310552,312856,6,2304,2,36000,1.00260416667
310559,310565,312922,6,2357,2,36000,1.00254560882
310799,310805,313296,6,2491,2,36000,1.00240867122
310821,310828,310883,7,55,1,1800,1.12727272727
310868,310874,313390,6,2516,2,36000,1.00238473768
310891,310898,313411,7,2513,2,36000,1.00278551532
311050,311057,313545,7,2488,2,36000,1.00281350482
311103,311110,313626,7,2516,2,36000,1.00278219396
311212,311218,311316,6,98,1,1800,1.0612244898
311258,311264,313784,6,2520,2,36000,1.00238095238
311272,311279,313581,7,2302,2,36000,1.00304083406
311280,311286,313774,6,2488,2,36000,1.00241157556
311365,311371,313846,6,2475,2,36000,1.00242424242
311471,311478,313742,7,2264,2,36000,1.00309187279
311639,311645,314737,6,3092,2,21600,1.00194049159
311899,311906,313705,7,1799,2,36000,1.00389105058
311938,311946,315304,8,3358,2,18000,1.00238237046
311988,311994,314112,6,2118,2,36000,1.00283286119
312007,312013,313959,6,1946,2,36000,1.00308324769
312023,312029,314306,6,2277,2,36000,1.00263504611
312103,312110,314602,7,2492,2,36000,1.00280898876
312127,312133,312555,6,422,2,43200,1.01421800948
312160,359652,431671,47492,72019,8,72000,1.65943709299
312206,312212,312495,6,283,1,1800,1.02120141343
312230,312237,314661,7,2424,2,36000,1.00288778878
312248,312257,315696,9,3439,2,18000,1.00261703984
312321,312327,314560,6,2233,2,36000,1.0026869682
312338,312344,314835,6,2491,2,36000,1.00240867122
312759,312771,315976,12,3205,2,18000,1.00374414977
312777,312785,316444,8,3659,2,18000,1.00218638972
312806,312813,316202,7,3389,2,18000,1.00206550605
312808,312819,316372,11,3553,2,18000,1.00309597523
312873,312879,316001,6,3122,2,18000,1.00192184497
312878,312885,315174,7,2289,2,36000,1.00305810398
312900,312908,316314,8,3406,2,18000,1.00234879624
312909,312915,315396,6,2481,2,36000,1.00241837969
312916,312933,316458,17,3525,2,18000,1.00482269504
312931,312939,316028,8,3089,2,18000,1.0025898349
312946,312953,316424,7,3471,2,18000,1.00201670988
313023,313029,328285,6,15256,2,28800,1.00039328789
313069,313077,316597,8,3520,2,18000,1.00227272727
313173,313182,316324,9,3142,2,18000,1.00286441757
313206,313213,316314,7,3101,2,18000,1.00225733634
313268,313277,316773,9,3496,2,18000,1.00257437071
313310,313316,315422,6,2106,2,36000,1.00284900285
313407,313413,315361,6,1948,2,36000,1.00308008214
313421,313430,315487,9,2057,2,36000,1.00437530384
313454,313463,316960,9,3497,2,18000,1.00257363454
313501,313511,316733,10,3222,2,18000,1.00310366232
313566,313572,315678,6,2106,2,36000,1.00284900285
313567,313578,317069,11,3491,2,18000,1.00315095961
313602,313609,315938,7,2329,2,36000,1.00300558179
313643,313649,315953,6,2304,2,36000,1.00260416667
313727,313733,315808,6,2075,2,36000,1.00289156627
313763,313769,315435,6,1666,2,36000,1.00360144058
313793,313800,315463,7,1663,2,36000,1.00420926037
313801,313807,315656,6,1849,2,36000,1.0032449973
313849,313855,362078,6,48223,1,345600,1.00012442196
313865,313872,315877,7,2005,2,36000,1.00349127182
313884,362649,390925,48765,28276,8,43200,2.72460744094
313985,313991,315777,6,1786,2,36000,1.00335946249
314002,314018,317460,16,3442,2,18000,1.0046484602
314059,323949,346122,9890,22173,10,43200,1.44603797411
314118,314124,317471,6,3347,2,18000,1.00179265013
314135,314141,315494,6,1353,2,36000,1.0044345898
314336,314342,316780,6,2438,2,36000,1.00246103363
314589,314595,316574,6,1979,2,36000,1.00303183426
314629,314635,316643,6,2008,2,36000,1.00298804781
314690,314696,316293,6,1597,2,36000,1.00375704446
314728,358342,364510,43614,6168,2,36000,8.07101167315
314861,314867,317097,6,2230,2,36000,1.00269058296
314872,314878,315192,6,314,8,7200,1.01910828025
315182,315189,316791,7,1602,2,36000,1.00436953808
315286,328296,355884,13010,27588,10,43200,1.47158184718
315309,315316,318504,7,3188,2,18000,1.002195734
315374,315380,317907,6,2527,2,36000,1.00237435694
315402,315408,317824,6,2416,2,36000,1.00248344371
315428,315434,317692,6,2258,2,36000,1.00265721878
315474,358347,382036,42873,23689,2,72000,2.80982734603
315476,315482,317853,6,2371,2,36000,1.00253057782
315501,315507,317911,6,2404,2,36000,1.00249584027
315533,315539,317992,6,2453,2,36000,1.00244598451
315554,315561,317931,7,2370,2,36000,1.0029535865
315674,315680,318064,6,2384,2,36000,1.00251677852
315690,315696,317872,6,2176,2,36000,1.00275735294
315698,315707,318967,9,3260,2,18000,1.0027607362
315806,315813,317677,7,1864,2,36000,1.00375536481
315821,315827,317434,6,1607,2,36000,1.00373366521
315901,315907,317635,6,1728,2,36000,1.00347222222
315956,315962,317692,6,1730,2,36000,1.00346820809
315970,315976,317964,6,1988,2,36000,1.00301810865
315980,315987,319300,7,3313,2,18000,1.00211288862
316002,316012,319312,10,3300,2,18000,1.00303030303
316032,316039,319546,7,3507,2,18000,1.00199600798
316206,316213,319627,7,3414,2,18000,1.00205038079
316317,316323,319618,6,3295,2,18000,1.00182094082
316318,316329,318426,11,2097,2,36000,1.00524558894
316319,316334,319728,15,3394,2,18000,1.00441956394
316334,316340,319643,6,3303,2,18000,1.00181653043
316375,316383,320174,8,3791,2,18000,1.00211026114
316427,316435,320129,8,3694,2,18000,1.00216567407
316446,316455,319846,9,3391,2,18000,1.00265408434
316461,316469,319591,8,3122,2,18000,1.00256245996
316582,316588,318211,6,1623,2,36000,1.00369685767
316598,316608,319954,10,3346,2,18000,1.00298864316
316660,316666,318911,6,2245,2,36000,1.00267260579
316737,316744,320088,7,3344,2,18000,1.00209330144
316773,316784,320278,11,3494,2,18000,1.00314825415
316801,316807,318770,6,1963,2,36000,1.0030565461
316808,316814,319311,6,2497,2,36000,1.00240288346
316962,316971,320497,9,3526,2,18000,1.00255246739
317073,317081,320679,8,3598,2,18000,1.00222345748
317119,317125,318887,6,1762,2,36000,1.00340522134
317368,341913,359636,24545,17723,10,43200,2.38492354568
317405,317411,318264,6,853,2,10800,1.00703399766
317452,317458,319929,6,2471,2,36000,1.00242816673
317462,317471,321054,9,3583,2,18000,1.00251186157
317477,317482,321188,5,3706,2,18000,1.00134916352
317652,317658,319961,6,2303,2,36000,1.00260529744
317689,317695,320098,6,2403,2,36000,1.0024968789
317705,317711,320016,6,2305,2,36000,1.00260303688
317730,317737,319905,7,2168,2,36000,1.00322878229
317788,346133,358320,28345,12187,10,43200,3.32583900878
317847,317853,319823,6,1970,2,36000,1.00304568528
317861,317868,319735,7,1867,2,36000,1.00374933048
317888,317894,319817,6,1923,2,36000,1.0031201248
317945,317951,319935,6,1984,2,36000,1.00302419355
317960,317966,319880,6,1914,2,36000,1.00313479624
317982,317988,319949,6,1961,2,36000,1.00305966344
317987,317994,319909,7,1915,2,36000,1.00365535248
318002,318008,319846,6,1838,2,36000,1.00326441785
318086,318092,319672,6,1580,2,36000,1.00379746835
318232,318238,319983,6,1745,2,36000,1.00343839542
318450,318456,320540,6,2084,2,36000,1.00287907869
318505,318515,321591,10,3076,2,18000,1.00325097529
318552,318558,321921,6,3363,2,10800,1.00178412132
318784,318790,321011,6,2221,2,36000,1.00270148582
318909,318915,321377,6,2462,2,36000,1.00243704305
318921,318928,321378,7,2450,2,36000,1.00285714286
318968,318978,322393,10,3415,2,18000,1.00292825769
319308,319322,321727,14,2405,2,36000,1.00582120582
319308,319314,323062,6,3748,2,18000,1.00160085379
319323,319329,322928,6,3599,2,18000,1.00166712976
319336,355896,375759,36560,19863,10,43200,2.84060816594
319550,319557,322639,7,3082,2,18000,1.00227125243
319597,319603,322780,6,3177,2,18000,1.00188857413
319623,319629,322765,6,3136,2,18000,1.00191326531
319638,319644,323096,6,3452,2,18000,1.00173812283
319653,319659,323154,6,3495,2,18000,1.0017167382
319689,319695,322147,6,2452,2,36000,1.00244698206
319732,319738,323152,6,3414,2,18000,1.00175746924
319765,319771,322043,6,2272,2,36000,1.00264084507
319838,319844,322356,6,2512,2,36000,1.00238853503
319848,319854,323267,6,3413,2,18000,1.00175798418
319854,319860,322370,6,2510,2,36000,1.00239043825
319869,319875,322331,6,2456,2,36000,1.00244299674
319894,319901,322239,7,2338,2,36000,1.00299401198
319913,319919,322371,6,2452,2,36000,1.00244698206
319925,319931,322075,6,2144,2,36000,1.00279850746
319940,319945,322273,5,2328,2,36000,1.00214776632
319957,319963,323414,6,3451,2,18000,1.00173862649
319967,319973,322419,6,2446,2,36000,1.00245298446
319980,319986,322402,6,2416,2,36000,1.00248344371
319999,320005,322110,6,2105,2,36000,1.00285035629
320021,320027,322337,6,2310,2,36000,1.0025974026
320036,320042,321848,6,1806,2,36000,1.00332225914
320089,320099,323797,10,3698,2,18000,1.00270416441
320109,320115,322154,6,2039,2,36000,1.00294261893
320131,320141,323549,10,3408,2,18000,1.0029342723
320175,320185,323315,10,3130,2,18000,1.00319488818
320278,320290,323576,12,3286,2,18000,1.00365185636
320473,364521,364845,44048,324,2,43200,136.950617284
320489,364856,385379,44367,20523,2,43200,3.1618184476
320500,320508,323685,8,3177,2,18000,1.00251809884
320567,320573,322267,6,1694,2,36000,1.00354191263
320681,320690,323859,9,3169,2,18000,1.00284001262
321040,321046,323014,6,1968,2,36000,1.00304878049
321058,321065,324254,7,3189,2,18000,1.00219504547
321120,321126,321768,6,642,8,7200,1.00934579439
321192,321199,324780,7,3581,2,18000,1.00195476124
321202,321209,322392,7,1183,8,7200,1.00591715976
321370,349853,360543,28483,10690,2,21600,3.66445275959
321417,321423,323616,6,2193,2,36000,1.00273597811
321418,321428,323291,10,1863,8,7200,1.00536768653
321447,321453,323586,6,2133,2,36000,1.00281293952
321592,321602,325329,10,3727,2,18000,1.00268312316
321601,349858,354146,28257,4288,2,21600,7.58978544776
321736,321742,324266,6,2524,2,36000,1.00237717908
321827,366725,372067,44898,5342,2,21600,9.40471733433
321864,321870,324406,6,2536,2,36000,1.0023659306
321902,321908,324440,6,2532,8,7200,1.00236966825
322065,322071,324553,6,2482,2,36000,1.00241740532
322066,366730,372114,44664,5384,2,21600,9.29569093611
322088,322094,324553,6,2459,2,36000,1.00244001627
322134,322140,324609,6,2469,2,36000,1.00243013366
322163,322169,324664,6,2495,2,36000,1.00240480962
322191,322197,324675,6,2478,2,36000,1.00242130751
322264,322270,324723,6,2453,2,36000,1.00244598451
322292,322298,324776,6,2478,2,36000,1.00242130751
322321,322328,324872,7,2544,2,36000,1.00275157233
322358,322364,324850,6,2486,2,36000,1.00241351569
322372,322378,324896,6,2518,2,36000,1.00238284353
322388,322395,324820,7,2425,2,36000,1.00288659794
322394,322401,325654,7,3253,2,18000,1.00215185982
322401,322407,324900,6,2493,2,36000,1.00240673887
322411,322418,324876,7,2458,2,36000,1.00284784378
322426,322433,324882,7,2449,2,36000,1.00285830951
322451,322457,324854,6,2397,2,36000,1.00250312891
322640,322651,326142,11,3491,2,18000,1.00315095961
322768,322776,326169,8,3393,2,18000,1.00235779546
322783,322791,326423,8,3632,2,18000,1.00220264317
322930,322939,326521,9,3582,2,18000,1.00251256281
323029,323035,325468,6,2433,2,36000,1.00246609125
323066,323074,326499,8,3425,2,18000,1.00233576642
323097,323107,326759,10,3652,2,18000,1.00273822563
323156,323163,326581,7,3418,2,18000,1.00204798128
323158,323169,326499,11,3330,2,18000,1.0033033033
323174,358337,375313,35163,16976,8,43200,3.07133600377
323273,323279,326406,6,3127,2,18000,1.00191877199
323320,323326,326705,6,3379,2,18000,1.00177567328
323416,323425,326753,9,3328,2,18000,1.00270432692
323553,323560,326724,7,3164,2,18000,1.00221238938
323578,323587,327147,9,3560,2,18000,1.00252808989
323605,323611,326061,6,2450,2,36000,1.00244897959
323628,323634,326094,6,2460,2,36000,1.00243902439
323690,323697,326906,7,3209,2,18000,1.00218136491
323802,323808,327510,6,3702,2,18000,1.00162074554
323862,323871,327355,9,3484,2,18000,1.00258323766
324258,324265,327704,7,3439,2,18000,1.00203547543
324279,324285,326496,6,2211,2,36000,1.00271370421
324426,324432,326170,6,1738,2,36000,1.00345224396
324572,324579,326178,7,1599,2,36000,1.00437773609
324588,324594,326820,6,2226,2,36000,1.00269541779
324637,324643,326182,6,1539,2,36000,1.00389863548
324672,324678,326327,6,1649,2,36000,1.00363856883
324695,324701,326284,6,1583,2,36000,1.00379027164
324732,324738,326393,6,1655,2,36000,1.00362537764
324785,324791,328212,6,3421,2,18000,1.00175387314
324797,324803,326537,6,1734,2,36000,1.00346020761
324843,324850,326669,7,1819,2,36000,1.00384826828
324887,324893,327325,6,2432,2,36000,1.00246710526
324907,324913,327333,6,2420,2,36000,1.00247933884
324934,324940,327405,6,2465,2,36000,1.00243407708
324948,324954,327339,6,2385,2,36000,1.00251572327
324964,324970,327313,6,2343,2,36000,1.00256081946
324980,324986,327213,6,2227,2,36000,1.00269420745
324995,325002,327115,7,2113,2,36000,1.00331282537
325331,325340,328939,9,3599,2,18000,1.00250069464
325495,325502,327017,7,1515,2,36000,1.00462046205
325657,325665,328807,8,3142,2,18000,1.00254614895
326080,326086,328064,6,1978,2,36000,1.00303336704
326128,326134,327981,6,1847,2,36000,1.0032485111
326154,326160,329886,6,3726,2,18000,1.00161030596
326175,326181,329640,6,3459,2,18000,1.00173460538
326188,326193,328695,5,2502,2,36000,1.00199840128
326201,326207,328752,6,2545,2,36000,1.00235756385
326215,326226,328749,11,2523,2,36000,1.00435988902
326311,326317,328746,6,2429,2,36000,1.00247015233
326356,326362,328788,6,2426,2,36000,1.00247320692
326408,326414,328880,6,2466,2,36000,1.00243309002
326411,326420,330063,9,3643,2,18000,1.00247049135
326427,326433,329893,6,3460,2,18000,1.00173410405
326500,326507,330170,7,3663,2,18000,1.00191100191
326502,326513,329809,11,3296,2,18000,1.00333737864
326520,326526,328270,6,1744,2,36000,1.00344036697
326525,326532,330177,7,3645,2,18000,1.00192043896
326566,326573,328424,7,1851,2,36000,1.0037817396
326584,326592,330057,8,3465,2,18000,1.00230880231
326698,326704,328827,6,2123,2,36000,1.00282618935
326707,326717,330185,10,3468,2,18000,1.00288350634
326725,326734,330108,9,3374,2,18000,1.00266745702
326758,326764,329853,6,3089,2,18000,1.00194237617
326769,326775,328491,6,1716,2,36000,1.0034965035
326774,326832,330100,58,3268,2,18000,1.01774785802
326917,326923,330113,6,3190,2,18000,1.00188087774
327045,327051,329083,6,2032,2,36000,1.00295275591
327136,327143,329662,7,2519,2,36000,1.00277888051
327150,327158,330881,8,3723,2,18000,1.00214880473
327231,327237,329135,6,1898,2,36000,1.00316122234
327337,327343,329435,6,2092,2,36000,1.00286806883
327347,327354,329559,7,2205,2,36000,1.00317460317
327353,327360,329373,7,2013,2,36000,1.00347739692
327355,327366,330509,11,3143,2,18000,1.00349984092
327367,327374,329313,7,1939,2,36000,1.0036101083
327431,327438,329294,7,1856,2,36000,1.00377155172
327514,327522,331063,8,3541,2,18000,1.0022592488
327709,327715,330956,6,3241,2,18000,1.00185128047
328008,328014,330461,6,2447,2,36000,1.00245198202
328082,328088,330417,6,2329,2,36000,1.00257621297
328217,328223,331362,6,3139,2,18000,1.00191143676
328305,328311,329860,6,1549,2,36000,1.00387346675
328449,328456,330324,7,1868,2,36000,1.00374732334
328524,328530,330530,6,2000,2,36000,1.003
328723,328729,330962,6,2233,2,36000,1.0026869682
328774,328780,331277,6,2497,2,36000,1.00240288346
328788,328794,331011,6,2217,2,36000,1.00270635995
328812,328818,331960,6,3142,2,18000,1.00190961171
328816,328824,331181,8,2357,2,36000,1.0033941451
328823,328830,331129,7,2299,2,36000,1.00304480209
328836,328843,331009,7,2166,2,36000,1.00323176362
328906,328913,331146,7,2233,2,36000,1.00313479624
328942,328950,332259,8,3309,2,18000,1.00241764884
329111,329117,331534,6,2417,2,36000,1.00248241622
329161,329167,331312,6,2145,2,36000,1.0027972028
329315,329321,331331,6,2010,2,36000,1.00298507463
329330,329336,331281,6,1945,2,36000,1.0030848329
329399,329405,331518,6,2113,2,36000,1.0028395646
329448,329454,331502,6,2048,2,36000,1.0029296875
329578,329584,331482,6,1898,2,36000,1.00316122234
329644,329651,333284,7,3633,2,18000,1.00192678227
329689,329695,332054,6,2359,2,36000,1.00254345061
329815,329821,333383,6,3562,2,18000,1.00168444694
329861,329866,333439,5,3573,2,18000,1.00139938427
329861,329873,332298,12,2425,2,36000,1.00494845361
329890,329897,332963,7,3066,2,18000,1.00228310502
329903,329909,332401,6,2492,2,36000,1.00240770465
329906,330070,333709,164,3639,2,18000,1.04506732619
330062,330076,333494,14,3418,2,18000,1.00409596255
330079,330111,333393,32,3282,2,18000,1.00975015235
330100,330119,333496,19,3377,2,18000,1.00562629553
330116,330125,333736,9,3611,2,18000,1.00249238438
330118,330182,333596,64,3414,2,18000,1.01874633861
330177,330188,333419,11,3231,2,18000,1.00340451872
330178,330196,333686,18,3490,2,18000,1.00515759312
330196,330335,333839,139,3504,2,18000,1.03966894977
330433,330439,332457,6,2018,2,36000,1.00297324083
330491,330497,332507,6,2010,2,36000,1.00298507463
330512,330520,333849,8,3329,2,18000,1.00240312406
330560,330566,332611,6,2045,2,36000,1.00293398533
330886,330892,334079,6,3187,2,18000,1.00188264826
330959,330968,334089,9,3121,2,18000,1.00288369112
330990,330996,333427,6,2431,2,36000,1.00246812012
331025,331031,333346,6,2315,2,36000,1.00259179266
331039,331045,333473,6,2428,2,36000,1.00247116969
331064,331075,334265,11,3190,2,18000,1.00344827586
331155,331161,333437,6,2276,2,36000,1.00263620387
331169,331175,333418,6,2243,2,36000,1.00267498885
331192,331199,333604,7,2405,2,36000,1.00291060291
331308,331314,333564,6,2250,2,36000,1.00266666667
331334,331340,333519,6,2179,2,36000,1.00275355668
331363,331369,333527,6,2158,2,36000,1.00278035218
331370,331376,334508,6,3132,2,18000,1.00191570881
331412,331418,333676,6,2258,2,36000,1.00265721878
331442,331448,331450,6,2,2,300,1.0
331504,331510,333467,6,1957,2,36000,1.00306591722
331592,331598,333697,6,2099,2,36000,1.00285850405
331625,331631,333822,6,2191,2,36000,1.00273847558
331639,331645,334135,6,2490,2,36000,1.00240963855
331964,331972,335414,8,3442,2,18000,1.0023242301
332067,332073,334149,6,2076,2,36000,1.00289017341
332264,332270,335467,6,3197,2,18000,1.00187675946
332323,332329,334094,6,1765,2,36000,1.00339943343
332421,332427,333844,6,1417,2,36000,1.00423429781
332484,332490,334048,6,1558,2,36000,1.00385109114
332533,332539,334351,6,1812,2,36000,1.00331125828
332639,332645,334010,6,1365,2,36000,1.0043956044
332964,332974,335977,10,3003,2,18000,1.00333000333
333285,333295,336703,10,3408,2,18000,1.0029342723
333365,333371,335875,6,2504,2,36000,1.00239616613
333387,333394,336974,7,3580,2,18000,1.00195530726
333403,333409,336712,6,3303,2,18000,1.00181653043
333404,333430,335853,26,2423,2,36000,1.01073049938
333421,333435,336834,14,3399,2,18000,1.00411885849
333443,333449,336905,6,3456,2,18000,1.00173611111
333447,333455,335982,8,2527,2,36000,1.00316580926
333464,333471,335994,7,2523,2,36000,1.00277447483
333483,333489,335933,6,2444,2,36000,1.00245499182
333496,333502,337079,6,3577,2,18000,1.00167738328
333497,333508,336023,11,2515,2,36000,1.00437375746
333505,333514,336059,9,2545,2,36000,1.00353634578
333511,333530,336899,19,3369,2,18000,1.00563965568
333545,333551,336090,6,2539,2,36000,1.00236313509
333573,333580,336037,7,2457,2,36000,1.00284900285
333599,333607,336817,8,3210,2,18000,1.00249221184
333625,333631,336159,6,2528,2,36000,1.00237341772
333690,333696,337089,6,3393,2,18000,1.0017683466
333694,333702,336206,8,2504,2,36000,1.00319488818
333707,333714,336171,7,2457,2,36000,1.00284900285
333713,333720,336932,7,3212,2,18000,1.00217932752
333739,333748,337446,9,3698,2,18000,1.00243374797
333841,333847,337117,6,3270,2,18000,1.00183486239
333857,333863,337434,6,3571,2,18000,1.00168020162
334083,334090,337362,7,3272,2,18000,1.0021393643
334099,334105,337185,6,3080,2,18000,1.00194805195
334266,334272,337928,6,3656,2,18000,1.00164113786
334513,334519,338237,6,3718,2,18000,1.00161377084
334566,334572,337110,6,2538,2,36000,1.00236406619
334582,334588,337000,6,2412,2,36000,1.00248756219
334605,334611,337156,6,2545,2,36000,1.00235756385
334619,334625,336994,6,2369,2,36000,1.00253271423
334638,334644,337151,6,2507,2,36000,1.00239329876
334687,334693,337186,6,2493,2,36000,1.00240673887
334698,334704,334711,6,7,2,300,1.3
334720,334727,334756,7,29,2,300,1.24137931034
334756,334762,337218,6,2456,2,36000,1.00244299674
334773,334779,334817,6,38,2,300,1.15789473684
334802,334808,337211,6,2403,2,36000,1.0024968789
334831,334838,335022,7,184,2,360,1.03804347826
335034,335040,335059,6,19,2,300,1.31578947368
335069,335075,335106,6,31,2,300,1.1935483871
335117,335123,335157,6,34,2,360,1.17647058824
335169,335175,335487,6,312,2,300,1.01923076923
335417,335426,339098,9,3672,2,18000,1.00245098039
335471,335479,339212,8,3733,2,18000,1.00214304849
335881,335886,338264,5,2378,2,36000,1.00210260723
335895,335901,338365,6,2464,2,36000,1.00243506494
335948,335954,338455,6,2501,2,36000,1.00239904038
335978,335988,339208,10,3220,2,18000,1.00310559006
335998,336004,338464,6,2460,2,36000,1.00243902439
336003,336010,338468,7,2458,2,36000,1.00284784378
336043,336048,338488,5,2440,2,36000,1.00204918033
336062,336068,338546,6,2478,2,36000,1.00242130751
336081,336087,338551,6,2464,2,36000,1.00243506494
336118,336125,338429,7,2304,2,36000,1.00303819444
336177,336183,338443,6,2260,2,36000,1.00265486726
336202,336208,338523,6,2315,2,36000,1.00259179266
336218,336224,338663,6,2439,2,36000,1.0024600246
336708,336714,340164,6,3450,2,18000,1.00173913043
336723,336729,340009,6,3280,2,18000,1.00182926829
336724,336828,339462,104,2634,2,36000,1.03948367502
336823,336845,339756,22,2911,2,18000,1.00755754036
336840,336911,340523,71,3612,2,18000,1.01965669989
336905,336917,340676,12,3759,2,18000,1.00319233839
336907,336944,340293,37,3349,2,18000,1.01104807405
336935,336985,340369,50,3384,2,18000,1.01477541371
336974,337005,340501,31,3496,2,18000,1.00886727689
337015,337021,338955,6,1934,2,36000,1.00310237849
337085,337091,340587,6,3496,2,18000,1.00171624714
337100,337106,338589,6,1483,2,36000,1.004045853
337103,337121,340612,18,3491,2,18000,1.00515611573
337118,337128,340843,10,3715,2,18000,1.00269179004
337161,337167,339207,6,2040,2,36000,1.00294117647
337186,337192,340959,6,3767,2,18000,1.0015927794
337191,337198,338920,7,1722,2,36000,1.00406504065
337208,337214,339216,6,2002,2,36000,1.002997003
337231,337237,339302,6,2065,2,36000,1.00290556901
337259,337265,339462,6,2197,2,36000,1.00273099681
337364,337374,340553,10,3179,2,18000,1.00314564328
337440,337447,341142,7,3695,2,18000,1.00189445196
337455,337462,339894,7,2432,2,36000,1.00287828947
337457,337939,341634,482,3695,2,18000,1.13044654939
337934,338248,341521,314,3273,2,18000,1.09593644974
338003,338009,338070,6,61,4,3540,1.09836065574
338241,338275,341713,34,3438,2,18000,1.00988947062
338379,338385,340099,6,1714,2,36000,1.00350058343
338450,338457,339914,7,1457,2,36000,1.00480439259
338466,338472,340071,6,1599,2,36000,1.00375234522
338489,338495,339944,6,1449,2,36000,1.00414078675
338504,338510,340020,6,1510,2,36000,1.00397350993
338517,338523,340361,6,1838,2,36000,1.00326441785
338530,338536,340022,6,1486,2,36000,1.00403768506
338548,338554,340167,6,1613,2,36000,1.00371977681
338575,338582,340264,7,1682,2,36000,1.00416171225
338582,338589,340370,7,1781,2,36000,1.00393037619
338601,338607,340269,6,1662,2,36000,1.0036101083
338689,338695,341185,6,2490,2,36000,1.00240963855
338942,338949,340526,7,1577,2,36000,1.00443880786
338967,338973,340694,6,1721,2,36000,1.00348634515
339099,339109,342625,10,3516,2,18000,1.00284414107
339209,339218,342435,9,3217,2,18000,1.00279763755
339224,339230,342405,6,3175,2,18000,1.00188976378
339226,339236,341691,10,2455,2,36000,1.00407331976
339241,339247,341745,6,2498,2,36000,1.00240192154
339325,339331,341827,6,2496,2,36000,1.00240384615
339479,339486,341525,7,2039,2,36000,1.00343305542
339483,339492,341976,9,2484,2,36000,1.00362318841
339761,339767,343334,6,3567,2,18000,1.00168208579
339912,339918,341812,6,1894,2,36000,1.00316789863
339929,339935,341669,6,1734,2,36000,1.00346020761
339966,339972,341443,6,1471,2,36000,1.00407885792
340013,340021,343607,8,3586,2,18000,1.00223089794
340045,340051,342083,6,2032,2,36000,1.00295275591
340050,340057,342494,7,2437,2,36000,1.00287238408
340082,340088,342510,6,2422,2,36000,1.00247729149
340117,340123,341973,6,1850,2,36000,1.00324324324
340166,340175,343845,9,3670,2,18000,1.00245231608
340190,340196,342112,6,1916,2,36000,1.00313152401
340281,340287,342227,6,1940,2,36000,1.00309278351
340292,340298,342092,6,1794,2,36000,1.00334448161
340298,340305,343723,7,3418,2,18000,1.00204798128
340373,340379,344011,6,3632,2,18000,1.00165198238
340378,340385,342150,7,1765,2,36000,1.00396600567
340390,340396,342343,6,1947,2,36000,1.0030816641
340504,340512,343908,8,3396,2,18000,1.0023557126
340525,340534,343597,9,3063,2,18000,1.00293829579
340541,340547,342474,6,1927,2,36000,1.00311364816
340554,340565,343861,11,3296,2,18000,1.00333737864
340589,340598,343736,9,3138,2,18000,1.00286806883
340614,340624,344068,10,3444,2,18000,1.00290360046
340680,340688,343830,8,3142,2,18000,1.00254614895
340719,340725,343175,6,2450,2,36000,1.00244897959
340844,340854,344145,10,3291,2,18000,1.00303859009
340966,340972,344551,6,3579,2,18000,1.00167644593
341147,341153,344283,6,3130,2,18000,1.00191693291
341206,341212,343737,6,2525,2,36000,1.00237623762
341469,341476,343148,7,1672,2,36000,1.00418660287
341522,341533,345175,11,3642,2,18000,1.00302031851
341548,341554,343629,6,2075,2,36000,1.00289156627
341635,341645,344943,10,3298,2,18000,1.00303214069
341683,341690,343673,7,1983,2,36000,1.00353000504
341708,341715,343906,7,2191,2,36000,1.00319488818
341718,341724,345315,6,3591,2,18000,1.00167084378
341771,341777,343603,6,1826,2,36000,1.00328587076
341828,341834,343705,6,1871,2,36000,1.00320684126
341837,341843,344322,6,2479,2,36000,1.00242033078
342015,342021,344345,6,2324,2,36000,1.00258175559
342033,342039,344584,6,2545,2,36000,1.00235756385
342106,342113,344472,7,2359,2,36000,1.00296735905
342120,342126,344628,6,2502,2,36000,1.00239808153
342136,342142,344530,6,2388,2,36000,1.00251256281
342220,342226,344639,6,2413,2,36000,1.00248653129
342316,342322,344686,6,2364,2,36000,1.00253807107
342406,342412,344848,6,2436,2,36000,1.00246305419
342407,342418,345990,11,3572,2,18000,1.00307950728
342439,342447,346069,8,3622,2,18000,1.00220872446
342492,342498,344884,6,2386,2,36000,1.0025146689
342584,342590,344529,6,1939,2,36000,1.00309437855
342629,342635,346146,6,3511,2,18000,1.00170891484
342654,342660,344879,6,2219,2,36000,1.00270392068
343167,343173,345404,6,2231,2,36000,1.00268937696
343187,343193,345510,6,2317,2,36000,1.00258955546
343336,343345,346770,9,3425,2,18000,1.00262773723
343595,343608,347103,13,3495,2,18000,1.00371959943
343610,343616,347101,6,3485,2,18000,1.00172166428
343624,343630,346018,6,2388,2,36000,1.00251256281
343639,343645,345959,6,2314,2,36000,1.00259291271
343683,343689,345961,6,2272,2,36000,1.00264084507
343723,343729,346100,6,2371,2,36000,1.00253057782
343727,343735,346919,8,3184,2,18000,1.00251256281
343743,343749,347130,6,3381,2,18000,1.00177462289
343764,343770,345938,6,2168,2,36000,1.00276752768
343834,343841,347190,7,3349,2,18000,1.00209017617
343849,343857,347319,8,3462,2,18000,1.002310803
343865,343872,347335,7,3463,2,18000,1.00202136876
343911,343916,347281,5,3365,2,18000,1.0014858841
343958,343965,345893,7,1928,2,36000,1.00363070539
344015,344023,347589,8,3566,2,18000,1.00224340998
344071,344079,347657,8,3578,2,18000,1.00223588597
344148,344156,347832,8,3676,2,18000,1.00217627856
344287,344294,347643,7,3349,2,18000,1.00209017617
344383,344389,346761,6,2372,2,36000,1.00252951096
344457,344463,346921,6,2458,2,36000,1.00244100895
344546,344552,346621,6,2069,2,36000,1.00289995167
344554,344560,348062,6,3502,2,18000,1.00171330668
344649,344655,346806,6,2151,2,36000,1.00278940028
344749,344755,346860,6,2105,2,36000,1.00285035629
344831,344837,347233,6,2396,2,36000,1.00250417362
344899,344905,347185,6,2280,2,36000,1.00263157895
344944,344950,348265,6,3315,2,18000,1.00180995475
344984,344990,347429,6,2439,2,36000,1.0024600246
345032,345039,347409,7,2370,2,36000,1.0029535865
345075,345081,347350,6,2269,2,36000,1.00264433671
345164,345170,347417,6,2247,2,36000,1.00267022697
345179,345186,348686,7,3500,2,18000,1.002
345237,345243,347433,6,2190,2,36000,1.00273972603
345315,345327,348465,12,3138,2,18000,1.00382409178
345427,345433,347477,6,2044,2,36000,1.00293542074
345525,345531,346992,6,1461,2,36000,1.00410677618
345913,345919,347648,6,1729,2,36000,1.003470214
345950,345956,347526,6,1570,2,36000,1.00382165605
345980,345986,347337,6,1351,2,36000,1.0044411547
345985,345992,349214,7,3222,2,18000,1.00217256363
346000,346006,347811,6,1805,2,36000,1.00332409972
346039,346045,347828,6,1783,2,36000,1.00336511497
346072,346080,349812,8,3732,2,18000,1.00214362272
346118,346125,347825,7,1700,2,36000,1.00411764706
346149,346158,349885,9,3727,2,18000,1.00241481084
346635,346641,349120,6,2479,2,36000,1.00242033078
346772,346778,350210,6,3432,2,18000,1.00174825175
346778,346784,349280,6,2496,2,36000,1.00240384615
346826,346832,349270,6,2438,2,36000,1.00246103363
346873,346880,349301,7,2421,2,36000,1.0028913672
346923,346931,350331,8,3400,2,18000,1.00235294118
346938,346945,349415,7,2470,2,36000,1.0028340081
347004,347011,349497,7,2486,2,36000,1.0028157683
347104,347118,350733,14,3615,2,18000,1.00387275242
347105,347112,350108,7,2996,2,18000,1.0023364486
347134,347141,350482,7,3341,2,18000,1.00209518108
347190,347197,350714,7,3517,2,18000,1.00199033267
347284,347291,350883,7,3592,2,18000,1.00194877506
347324,347330,350907,6,3577,2,18000,1.00167738328
347339,347345,350559,6,3214,2,18000,1.00186683261
347592,347598,351132,6,3534,2,18000,1.00169779287
347649,347655,350689,6,3034,2,18000,1.00197758734
347665,347671,351111,6,3440,2,18000,1.00174418605
347833,347839,351416,6,3577,2,18000,1.00167738328
348067,348073,351243,6,3170,2,18000,1.00189274448
348269,348275,351795,6,3520,2,18000,1.00170454545
348467,348473,352018,6,3545,2,18000,1.00169252468
348690,348696,352036,6,3340,2,18000,1.00179640719
348736,348742,350795,6,2053,2,36000,1.00292255236
348751,348757,350829,6,2072,2,36000,1.0028957529
348766,348772,350704,6,1932,2,36000,1.00310559006
348782,348789,350817,7,2028,2,36000,1.00345167653
348801,348807,350708,6,1901,2,36000,1.00315623356
348817,348824,350868,7,2044,2,36000,1.00342465753
348832,348838,351147,6,2309,2,36000,1.0025985275
348863,348869,350748,6,1879,2,36000,1.00319318787
348880,348886,351236,6,2350,2,36000,1.00255319149
348895,348901,351312,6,2411,2,36000,1.00248859394
348907,348913,351412,6,2499,2,36000,1.00240096038
348924,348930,351427,6,2497,2,36000,1.00240288346
348930,348936,351217,6,2281,2,36000,1.00263042525
348944,348950,351176,6,2226,2,36000,1.00269541779
349138,349145,351417,7,2272,2,36000,1.00308098592
349217,349225,352610,8,3385,2,18000,1.0023633678
349289,349295,351174,6,1879,2,36000,1.00319318787
349294,349301,351452,7,2151,2,36000,1.00325430033
349307,349313,351628,6,2315,2,36000,1.00259179266
349435,349441,351807,6,2366,2,36000,1.00253592561
349503,349510,351911,7,2401,2,36000,1.0029154519
349813,349824,353232,11,3408,2,18000,1.00322769953
349890,349896,353488,6,3592,2,18000,1.00167037862
350111,350119,353607,8,3488,2,18000,1.00229357798
350213,350221,353437,8,3216,2,18000,1.00248756219
350331,350342,353802,11,3460,2,18000,1.00317919075
350484,350494,353647,10,3153,2,18000,1.00317158262
350561,350570,354103,9,3533,2,18000,1.00254741013
350692,350700,354110,8,3410,2,18000,1.00234604106
350716,350722,352192,6,1470,2,36000,1.00408163265
350718,350728,354287,10,3559,2,18000,1.00280977803
350731,350737,352434,6,1697,2,36000,1.00353565115
350736,350744,354163,8,3419,2,18000,1.00233986546
350769,350775,352599,6,1824,2,36000,1.00328947368
350808,350814,352489,6,1675,2,36000,1.00358208955
350827,350833,353053,6,2220,2,36000,1.0027027027
350853,350860,353222,7,2362,2,36000,1.00296359018
350885,350891,354168,6,3277,2,18000,1.00183094294
350894,350900,353232,6,2332,2,36000,1.0025728988
350911,350918,354047,7,3129,2,18000,1.00223713647
351115,351122,354373,7,3251,2,18000,1.00215318364
351134,351143,354266,9,3123,2,18000,1.00288184438
351171,351177,352824,6,1647,2,36000,1.00364298725
351199,351205,353529,6,2324,2,36000,1.00258175559
351211,351217,353473,6,2256,2,36000,1.00265957447
351239,351245,352848,6,1603,2,36000,1.00374298191
351245,351251,354469,6,3218,2,18000,1.00186451212
351255,351261,353067,6,1806,2,36000,1.00332225914
351387,351393,353606,6,2213,2,36000,1.00271125169
351417,351423,354898,6,3475,2,18000,1.00172661871
351450,351456,353593,6,2137,2,36000,1.00280767431
351521,351527,353560,6,2033,2,36000,1.00295130349
351581,351587,353990,6,2403,2,36000,1.0024968789
351649,351655,353813,6,2158,2,36000,1.00278035218
351723,351729,353719,6,1990,2,36000,1.00301507538
351797,351806,355033,9,3227,2,18000,1.00278896808
351868,351874,353900,6,2026,2,36000,1.00296150049
351923,351929,353987,6,2058,2,36000,1.0029154519
352021,352029,355370,8,3341,2,18000,1.00239449267
352040,352048,355350,8,3302,2,18000,1.00242277408
352202,352208,354702,6,2494,2,36000,1.00240577386
352441,352447,354044,6,1597,2,36000,1.00375704446
352513,352519,354187,6,1668,2,36000,1.0035971223
352611,352617,355870,6,3253,2,18000,1.00184445128
352621,352627,354447,6,1820,2,36000,1.0032967033
352798,362089,434300,9291,72211,1,86400,1.12866460789
352847,352853,355374,6,2521,2,36000,1.00238000793
352890,352896,355306,6,2410,2,36000,1.00248962656
353070,353077,354895,7,1818,2,36000,1.00385038504
353084,353090,354891,6,1801,2,36000,1.00333148251
353234,353240,356405,6,3165,2,18000,1.0018957346
353240,353246,354876,6,1630,2,36000,1.0036809816
353250,353257,354925,7,1668,2,36000,1.00419664269
353438,353448,356745,10,3297,2,18000,1.00303306036
353486,353492,355387,6,1895,2,36000,1.00316622691
353490,353499,356903,9,3404,2,18000,1.0026439483
353542,353548,355478,6,1930,2,36000,1.00310880829
353579,353585,355599,6,2014,2,36000,1.00297914598
353610,353616,357188,6,3572,2,18000,1.00167973124
353635,353641,355669,6,2028,2,36000,1.00295857988
353637,353647,355546,10,1899,2,36000,1.00526592944
353650,353659,357334,9,3675,2,18000,1.00244897959
353733,353739,355501,6,1762,2,36000,1.00340522134
353805,353814,357017,9,3203,2,18000,1.00280986575
353872,353878,355529,6,1651,2,36000,1.00363416111
353944,353950,355908,6,1958,2,36000,1.00306435138
354015,354021,355959,6,1938,2,36000,1.00309597523
354047,354054,357341,7,3287,2,18000,1.00212960146
354072,354078,355951,6,1873,2,36000,1.00320341698
354107,354113,357468,6,3355,2,18000,1.00178837556
354123,354129,357620,6,3491,2,18000,1.00171870524
354125,354135,355828,10,1693,2,36000,1.00590667454
354165,354174,357632,9,3458,2,18000,1.0026026605
354181,354187,357188,6,3001,2,18000,1.00199933356
354247,354253,356012,6,1759,2,36000,1.00341102899
354270,354277,357871,7,3594,2,18000,1.0019476906
354289,354298,357923,9,3625,2,18000,1.00248275862
354375,354384,358059,9,3675,2,18000,1.00244897959
354465,354471,356368,6,1897,2,36000,1.00316288877
354472,354480,358006,8,3526,2,18000,1.0022688599
354771,354777,356834,6,2057,2,36000,1.00291686923
354902,354908,358067,6,3159,2,18000,1.00189933523
354905,354914,356732,9,1818,2,36000,1.00495049505
354943,354949,356842,6,1893,2,36000,1.00316957211
354996,355003,356878,7,1875,2,36000,1.00373333333
355034,355040,358759,6,3719,2,18000,1.00161333692
355085,355091,357015,6,1924,2,36000,1.00311850312
355353,355362,358759,9,3397,2,18000,1.00264939653
355358,355368,357236,10,1868,2,36000,1.00535331906
355372,355383,358907,11,3524,2,18000,1.00312145289
355411,355417,357354,6,1937,2,36000,1.00309757357
355478,355484,357333,6,1849,2,36000,1.0032449973
355554,355560,357659,6,2099,2,36000,1.00285850405
355619,355625,358005,6,2380,2,36000,1.0025210084
355697,355703,358167,6,2464,2,36000,1.00243506494
355776,355783,358247,7,2464,2,36000,1.00284090909
355862,355869,358345,7,2476,2,36000,1.00282714055
355874,355880,358995,6,3115,2,18000,1.00192616372
355934,355940,358335,6,2395,2,36000,1.00250521921
356021,356027,358377,6,2350,2,36000,1.00255319149
356074,356080,358364,6,2284,2,36000,1.00262697023
356148,356154,358626,6,2472,2,36000,1.00242718447
356215,356221,358677,6,2456,2,36000,1.00244299674
356302,356308,358639,6,2331,2,36000,1.00257400257
356415,356421,359749,6,3328,2,18000,1.00180288462
356415,356426,358709,11,2283,2,36000,1.00481822164
356746,356753,359080,7,2327,2,36000,1.00300816502
356749,356759,360297,10,3538,2,18000,1.00282645562
356853,356860,359194,7,2334,2,36000,1.0029991431
356914,356920,360348,6,3428,2,18000,1.00175029172
356965,356971,359168,6,2197,2,36000,1.00273099681
357020,357026,360340,6,3314,2,18000,1.00181050091
357073,357079,359274,6,2195,2,36000,1.00273348519
357176,357182,359439,6,2257,2,36000,1.0026583961
357193,357199,360697,6,3498,2,18000,1.00171526587
357194,357205,360344,11,3139,2,18000,1.00350430073
357336,357342,359534,6,2192,2,36000,1.00273722628
357339,357348,360740,9,3392,2,18000,1.00265330189
357355,357361,360831,6,3470,2,18000,1.00172910663
357455,357461,359689,6,2228,2,36000,1.0026929982
357469,357475,360581,6,3106,2,18000,1.00193174501
357541,357547,359628,6,2081,2,36000,1.00288322922
357627,357632,361134,5,3502,2,18000,1.00142775557
357642,357648,361136,6,3488,2,18000,1.00172018349
357699,357705,360057,6,2352,2,36000,1.00255102041
357870,357882,360952,12,3070,2,18000,1.00390879479
357924,357934,361234,10,3300,2,18000,1.00303030303
358009,358016,361316,7,3300,2,18000,1.00212121212
358057,358063,360120,6,2057,2,36000,1.00291686923
358063,358070,361673,7,3603,2,18000,1.00194282542
358079,358085,361738,6,3653,2,18000,1.00164248563
358237,358243,360223,6,1980,2,36000,1.00303030303
358325,358331,360093,6,1762,2,36000,1.00340522134
358401,358407,360273,6,1866,2,36000,1.00321543408
358475,358482,360202,7,1720,2,36000,1.00406976744
358558,358564,360216,6,1652,2,36000,1.00363196126
358606,358612,360310,6,1698,2,36000,1.0035335689
358641,358647,360515,6,1868,2,36000,1.00321199143
358657,358663,360466,6,1803,2,36000,1.00332778702
358698,358704,360648,6,1944,2,36000,1.00308641975
358735,358741,360318,6,1577,2,36000,1.00380469245
358764,358770,362288,6,3518,2,18000,1.0017055145
358766,358776,362097,10,3321,2,18000,1.00301114122
358913,358919,362483,6,3564,2,18000,1.00168350168
358998,359006,362494,8,3488,2,18000,1.00229357798
359129,359135,361622,6,2487,2,36000,1.00241254524
359181,359187,361675,6,2488,2,36000,1.00241157556
359218,359224,361670,6,2446,2,36000,1.00245298446
359294,359300,361763,6,2463,2,36000,1.00243605359
359456,359462,361313,6,1851,2,36000,1.00324149109
359558,359564,361229,6,1665,2,36000,1.0036036036
359640,359646,361663,6,2017,2,36000,1.00297471492
359711,359717,361826,6,2109,2,36000,1.00284495021
359754,359759,363139,5,3380,2,18000,1.00147928994
360103,360109,362300,6,2191,2,36000,1.00273847558
360188,360195,362198,7,2003,2,36000,1.00349475786
360208,360214,362517,6,2303,2,36000,1.00260529744
360215,360221,362482,6,2261,2,36000,1.00265369306
360227,360233,362511,6,2278,2,36000,1.00263388938
360232,360239,362191,7,1952,2,36000,1.00358606557
360285,360292,362559,7,2267,2,36000,1.00308778121
360300,360308,363695,8,3387,2,18000,1.00236197225
360329,375770,418986,15441,43216,16,43200,1.35729822288
360343,360349,363452,6,3103,2,18000,1.00193361263
360359,360365,363930,6,3565,2,18000,1.00168302945
360360,360371,363813,11,3442,2,18000,1.00319581639
360382,360388,362824,6,2436,2,36000,1.00246305419
360433,360439,362800,6,2361,2,36000,1.00254129606
360497,360503,362926,6,2423,2,36000,1.00247626909
360538,360544,363002,6,2458,2,36000,1.00244100895
360584,360593,364186,9,3593,2,18000,1.00250487058
360667,360673,363041,6,2368,2,36000,1.00253378378
360698,360708,364142,10,3434,2,18000,1.00291205591
360740,360751,364260,11,3509,2,18000,1.00313479624
360835,360843,364246,8,3403,2,18000,1.00235086688
360955,360963,364443,8,3480,2,18000,1.00229885057
361137,361145,364241,8,3096,2,18000,1.00258397933
361138,361151,364176,13,3025,2,18000,1.00429752066
361238,361244,364440,6,3196,2,18000,1.00187734668
361249,361255,363498,6,2243,2,36000,1.00267498885
361319,361325,365038,6,3713,2,18000,1.00161594398
361344,361350,363545,6,2195,2,36000,1.00273348519
361675,361681,364922,6,3241,2,18000,1.00185128047
361680,361687,364209,7,2522,2,36000,1.00277557494
361743,361749,365251,6,3502,2,18000,1.00171330668
361759,361766,364169,7,2403,2,36000,1.00291302538
361835,361841,363719,6,1878,2,36000,1.00319488818
361891,361897,364023,6,2126,2,36000,1.00282220132
361955,361965,363945,10,1980,2,36000,1.00505050505
362048,362054,364137,6,2083,2,36000,1.00288046087
362098,362108,365651,10,3543,2,18000,1.00282246684
362242,362248,364420,6,2172,2,36000,1.00276243094
362289,362295,365778,6,3483,2,18000,1.00172265289
362301,362307,364098,6,1791,2,36000,1.00335008375
362361,362367,364591,6,2224,2,36000,1.00269784173
362485,362493,365917,8,3424,2,18000,1.0023364486
362501,362507,365885,6,3378,2,18000,1.00177619893
362507,362513,365012,6,2499,2,36000,1.00240096038
362510,362519,362639,9,120,1,1800,1.075
362544,362550,364534,6,1984,2,36000,1.00302419355
362590,362597,364987,7,2390,2,36000,1.00292887029
362619,362625,365034,6,2409,2,36000,1.00249066002
362868,362874,365190,6,2316,2,36000,1.00259067358
362967,362973,365009,6,2036,2,36000,1.00294695481
363001,372078,372210,9077,132,1,1800,69.7651515152
363059,363065,364823,6,1758,2,36000,1.00341296928
363123,363129,365286,6,2157,2,36000,1.00278164117
363136,363142,365174,6,2032,2,36000,1.00295275591
363139,363150,366535,11,3385,2,18000,1.00324963072
363454,363463,367152,9,3689,2,18000,1.00243968555
363514,363520,365170,6,1650,2,36000,1.00363636364
363555,363561,365456,6,1895,2,36000,1.00316622691
363697,363706,367445,9,3739,2,18000,1.00240706071
363740,363746,365449,6,1703,2,36000,1.00352319436
363817,363824,367513,7,3689,2,18000,1.00189753321
363934,363941,367503,7,3562,2,18000,1.0019651881
363956,363962,366071,6,2109,2,36000,1.00284495021
364036,364042,365857,6,1815,2,36000,1.00330578512
364105,364111,365948,6,1837,2,36000,1.00326619488
364144,364150,367714,6,3564,2,18000,1.00168350168
364148,364156,365923,8,1767,2,36000,1.00452744765
364178,364185,367383,7,3198,2,18000,1.00218886804
364190,364197,366353,7,2156,2,36000,1.00324675325
364194,364203,367834,9,3631,2,18000,1.00247865602
364222,364228,366373,6,2145,2,36000,1.0027972028
364245,364253,367786,8,3533,2,18000,1.00226436456
364258,364264,366056,6,1792,2,36000,1.00334821429
364261,364271,367689,10,3418,2,18000,1.00292568754
364262,364431,367872,169,3441,2,18000,1.04911362976
364445,364451,367879,6,3428,2,18000,1.00175029172
364446,364457,367832,11,3375,2,18000,1.00325925926
364551,364557,367091,6,2534,2,36000,1.00236779795
364613,364619,367103,6,2484,2,36000,1.00241545894
364889,364896,367345,7,2449,2,36000,1.00285830951
364924,364934,368381,10,3447,2,18000,1.0029010734
365003,365009,367177,6,2168,2,36000,1.00276752768
365040,365046,368404,6,3358,2,18000,1.00178677784
365044,365052,367583,8,2531,2,36000,1.00316080601
365063,365069,367502,6,2433,2,36000,1.00246609125
365080,365086,367520,6,2434,2,36000,1.00246507806
365192,365198,367685,6,2487,2,36000,1.00241254524
365230,365236,367625,6,2389,2,36000,1.00251151109
365253,365260,368348,7,3088,2,18000,1.00226683938
365270,365276,367761,6,2485,2,36000,1.00241448692
365300,365306,367678,6,2372,2,36000,1.00252951096
365469,365475,367900,6,2425,2,36000,1.0024742268
365515,365521,367921,6,2400,2,36000,1.0025
365652,365662,369001,10,3339,2,18000,1.00299490866
365731,372083,372137,6352,54,1,1800,118.62962963
365779,365789,369425,10,3636,2,18000,1.00275027503
365865,365871,368358,6,2487,2,36000,1.00241254524
365889,365896,369016,7,3120,2,18000,1.00224358974
365920,365928,369036,8,3108,2,18000,1.00257400257
365932,365939,368132,7,2193,2,36000,1.00319197446
365962,365969,368447,7,2478,2,36000,1.00282485876
366071,366077,368253,6,2176,2,36000,1.00275735294
366087,366093,368343,6,2250,2,36000,1.00266666667
366362,366368,368911,6,2543,2,36000,1.00235941801
366379,366385,368922,6,2537,2,36000,1.00236499803
366538,366547,370034,9,3487,2,18000,1.0025810152
367117,367123,368717,6,1594,2,36000,1.00376411543
367130,367137,369488,7,2351,2,36000,1.0029774564
367154,367163,370493,9,3330,2,18000,1.0027027027
367192,367198,368935,6,1737,2,36000,1.00345423143
367354,367361,369518,7,2157,2,36000,1.00324524803
367386,367395,370699,9,3304,2,18000,1.00272397094
367447,367456,370677,9,3221,2,18000,1.0027941633
367505,367513,371210,8,3697,2,18000,1.00216391669
367510,367519,370019,9,2500,2,36000,1.0036
367520,367527,370850,7,3323,2,18000,1.00210653024
367530,367536,369792,6,2256,2,36000,1.00265957447
367591,367598,369906,7,2308,2,36000,1.00303292894
367634,367640,370126,6,2486,2,36000,1.00241351569
367686,367692,370010,6,2318,2,36000,1.00258843831
367690,367698,371061,8,3363,2,18000,1.00237882843
367695,367704,370073,9,2369,2,36000,1.00379907134
367715,367725,370762,10,3037,2,18000,1.00329272308
367775,367781,369625,6,1844,2,36000,1.0032537961
367788,367797,371515,9,3718,2,18000,1.00242065627
367835,367846,371294,11,3448,2,18000,1.00319025522
367837,367851,371504,14,3653,2,18000,1.00383246647
367874,367884,371007,10,3123,2,18000,1.00320204931
367889,367895,371168,6,3273,2,18000,1.00183318057
367889,367911,369778,22,1867,2,36000,1.01178361007
367938,367944,369788,6,1844,2,36000,1.0032537961
368151,368157,369987,6,1830,2,36000,1.00327868852
368263,368269,369959,6,1690,2,36000,1.00355029586
368352,368358,371814,6,3456,2,18000,1.00173611111
368355,368364,370347,9,1983,2,36000,1.00453857791
368367,368373,370316,6,1943,2,36000,1.00308800823
368382,368392,372044,10,3652,2,18000,1.00273822563
368407,368415,371715,8,3300,2,18000,1.00242424242
368456,368462,370939,6,2477,2,36000,1.00242228502
368725,368731,370314,6,1583,2,36000,1.00379027164
368920,368927,371390,7,2463,2,36000,1.00284206253
368928,368933,370629,5,1696,2,36000,1.00294811321
368952,368958,370479,6,1521,2,36000,1.00394477318
369002,369012,372153,10,3141,2,18000,1.00318369946
369018,369028,372193,10,3165,2,18000,1.00315955766
369039,369047,372576,8,3529,2,18000,1.00226693114
369427,369436,372639,9,3203,2,18000,1.00280986575
369500,369506,371683,6,2177,2,36000,1.00275608636
369540,369546,371532,6,1986,2,36000,1.00302114804
369635,369641,372122,6,2481,2,36000,1.00241837969
369785,369791,371723,6,1932,2,36000,1.00310559006
369800,369806,371459,6,1653,2,36000,1.00362976407
369805,369812,372012,7,2200,2,36000,1.00318181818
369917,369923,372342,6,2419,2,36000,1.00248036379
369971,369978,372255,7,2277,2,36000,1.00307422047
370001,370007,372139,6,2132,2,36000,1.00281425891
370018,370024,372535,6,2511,2,36000,1.00238948626
370034,370040,372466,6,2426,2,36000,1.00247320692
370038,370046,373753,8,3707,2,18000,1.00215807931
370093,370099,372560,6,2461,2,36000,1.00243803332
370140,370146,372205,6,2059,2,36000,1.00291403594
370327,370333,372864,6,2531,2,36000,1.0023706045
370328,370339,372789,11,2450,2,36000,1.00448979592
370357,370363,372796,6,2433,2,36000,1.00246609125
370490,370496,372676,6,2180,2,36000,1.00275229358
370495,370504,373727,9,3223,2,18000,1.00279242941
370646,370652,372528,6,1876,2,36000,1.00319829424
370680,370688,374174,8,3486,2,18000,1.00229489386
370701,370711,374207,10,3496,2,18000,1.0028604119
370765,370774,374058,9,3284,2,18000,1.00274056029
370854,370862,374504,8,3642,2,18000,1.00219659528
370948,370954,372477,6,1523,2,36000,1.00393959291
371009,371018,374366,9,3348,2,18000,1.00268817204
371064,371072,374451,8,3379,2,18000,1.00236756437
371170,371179,374319,9,3140,2,18000,1.00286624204
371211,371221,374453,10,3232,2,18000,1.00309405941
371297,371305,374511,8,3206,2,18000,1.00249532127
371406,371412,373376,6,1964,2,36000,1.00305498982
371466,371472,373934,6,2462,2,36000,1.00243704305
371508,371515,374622,7,3107,2,18000,1.00225297715
371525,371531,373497,6,1966,2,36000,1.00305188199
371525,371543,374877,18,3334,2,18000,1.00539892022
371719,371725,375154,6,3429,2,18000,1.00174978128
371721,371731,374117,10,2386,2,36000,1.00419111484
371739,371745,374271,6,2526,2,36000,1.00237529691
371818,371826,374940,8,3114,2,18000,1.00256904303
372026,372032,374520,6,2488,2,36000,1.00241157556
372047,372055,375211,8,3156,2,18000,1.00253485425
372142,372148,374245,6,2097,2,36000,1.00286123033
372156,372162,375845,6,3683,2,18000,1.00162910671
372194,372201,375921,7,3720,2,18000,1.00188172043
372221,372227,374445,6,2218,2,36000,1.00270513977
372327,372333,374559,6,2226,2,36000,1.00269541779
372425,372431,374710,6,2279,2,36000,1.00263273366
372467,372473,372574,6,101,1,1800,1.05940594059
372522,372529,374658,7,2129,2,36000,1.0032879286
372577,372583,376178,6,3595,2,18000,1.0016689847
372644,372650,376095,6,3445,2,18000,1.00174165457
372651,372657,374864,6,2207,2,36000,1.00271862256
372714,372720,374819,6,2099,2,36000,1.00285850405
372810,372817,375211,7,2394,2,36000,1.00292397661
372862,372868,373417,6,549,1,1800,1.01092896175
372876,372882,375044,6,2162,2,36000,1.00277520814
372964,372970,375270,6,2300,2,36000,1.00260869565
373033,373039,374994,6,1955,2,36000,1.00306905371
373115,373121,375400,6,2279,2,36000,1.00263273366
373157,373163,373412,6,249,1,1800,1.02409638554
373171,373177,375206,6,2029,2,36000,1.00295712173
373201,373207,375260,6,2053,2,36000,1.00292255236
373399,373406,375798,7,2392,2,36000,1.0029264214
373515,373521,375829,6,2308,2,36000,1.00259965338
373735,373741,376900,6,3159,2,18000,1.00189933523
373755,373764,377307,9,3543,2,18000,1.00254022015
373950,373957,376398,7,2441,2,36000,1.00286767718
374065,374071,377428,6,3357,2,18000,1.0017873101
374129,374136,376246,7,2110,2,36000,1.00331753555
374175,374185,377810,10,3625,2,18000,1.00275862069
374210,374218,377686,8,3468,2,18000,1.00230680507
374301,374307,376495,6,2188,2,36000,1.00274223035
374324,374330,377391,6,3061,2,18000,1.00196014374
374367,374373,378051,6,3678,2,18000,1.00163132137
374385,374391,376397,6,2006,2,36000,1.00299102692
374455,374461,377924,6,3463,2,18000,1.00173260179
374456,374467,377839,11,3372,2,18000,1.00326215896
374461,374472,376728,11,2256,2,36000,1.00487588652
374507,374515,377694,8,3179,2,18000,1.00251651463
374519,374525,376612,6,2087,2,36000,1.00287494011
374522,374531,378044,9,3513,2,18000,1.00256191289
374584,374590,376699,6,2109,2,36000,1.00284495021
374625,374633,378090,8,3457,2,18000,1.00231414521
374720,374726,376374,6,1648,2,36000,1.0036407767
374775,374782,377140,7,2358,2,36000,1.00296861747
374855,374861,374895,6,34,1,1800,1.17647058824
374856,374867,377092,11,2225,2,36000,1.00494382022
374878,374884,378172,6,3288,2,18000,1.00182481752
374930,374936,377008,6,2072,2,36000,1.0028957529
374943,374951,378020,8,3069,2,18000,1.00260671228
375004,375010,377274,6,2264,2,36000,1.00265017668
375135,375141,377371,6,2230,2,36000,1.00269058296
375157,375165,378730,8,3565,2,18000,1.00224403927
375214,375220,378896,6,3676,2,18000,1.00163220892
375220,375226,375288,6,62,1,1800,1.09677419355
375224,375232,377567,8,2335,2,36000,1.0034261242
375271,375277,377443,6,2166,2,36000,1.0027700831
375291,375298,375348,7,50,1,1800,1.14
375335,375342,377607,7,2265,2,36000,1.00309050773
375409,375415,377582,6,2167,2,36000,1.0027688048
375471,375477,377184,6,1707,2,36000,1.00351493849
375695,375702,375781,7,79,1,1800,1.08860759494
375849,375855,379168,6,3313,2,18000,1.00181104739
375854,375861,378204,7,2343,2,36000,1.00298762271
375894,375900,377964,6,2064,2,36000,1.00290697674
375923,375933,379024,10,3091,2,18000,1.00323519896
376031,376037,376186,6,149,1,1800,1.04026845638
376097,376106,379508,9,3402,2,18000,1.00264550265
376180,376189,379403,9,3214,2,18000,1.00280024891
376279,376285,378525,6,2240,2,36000,1.00267857143
376384,376390,378658,6,2268,2,36000,1.00264550265
376679,376685,376949,6,264,1,1800,1.02272727273
376784,376790,379201,6,2411,2,36000,1.00248859394
376792,376798,379278,6,2480,2,36000,1.00241935484
376797,376804,379223,7,2419,2,36000,1.00289375775
376804,376810,379346,6,2536,2,36000,1.0023659306
376807,376816,379234,9,2418,2,36000,1.00372208437
376810,376821,379250,11,2429,2,36000,1.0045286126
376900,376911,380097,11,3186,2,18000,1.00345260515
377062,377068,379426,6,2358,2,36000,1.00254452926
377103,377110,379508,7,2398,2,36000,1.00291909925
377149,377156,379602,7,2446,2,36000,1.00286181521
377195,377201,379610,6,2409,2,36000,1.00249066002
377292,377299,379533,7,2234,2,36000,1.00313339302
377309,377318,380821,9,3503,2,18000,1.00256922638
377383,377389,379597,6,2208,2,36000,1.0027173913
377391,377402,380907,11,3505,2,18000,1.00313837375
377431,377439,380698,8,3259,2,18000,1.00245474072
377453,377459,379832,6,2373,2,36000,1.00252844501
377575,377581,379842,6,2261,2,36000,1.00265369306
377590,377596,380022,6,2426,2,36000,1.00247320692
377617,377623,379654,6,2031,2,36000,1.00295420975
377689,377697,381334,8,3637,2,18000,1.00219961507
377704,377710,380203,6,2493,2,36000,1.00240673887
377704,377821,381526,117,3705,2,18000,1.03157894737
377811,377850,381368,39,3518,2,18000,1.01108584423
377842,377976,381729,134,3753,2,18000,1.03570476952
377927,377936,381122,9,3186,2,18000,1.00282485876
378023,378031,381630,8,3599,2,18000,1.00222283968
378047,378056,381628,9,3572,2,18000,1.00251959686
378062,378068,381331,6,3263,2,18000,1.00183879865
378063,378101,380087,38,1986,2,36000,1.01913393756
378093,378183,381900,90,3717,2,18000,1.02421307506
378176,378215,381567,39,3352,2,18000,1.01163484487
378556,378562,380532,6,1970,2,36000,1.00304568528
378668,378674,381192,6,2518,2,36000,1.00238284353
378734,378741,382504,7,3763,2,18000,1.00186021791
378898,378907,382505,9,3598,2,18000,1.00250138966
379025,379036,382554,11,3518,2,18000,1.00312677658
379169,379179,382275,10,3096,2,18000,1.00322997416
379211,379217,380840,6,1623,2,36000,1.00369685767
379231,379237,381201,6,1964,2,36000,1.00305498982
379262,379268,381256,6,1988,2,36000,1.00301810865
379281,379287,381410,6,2123,2,36000,1.00282618935
379294,379300,381020,6,1720,2,36000,1.00348837209
379374,379380,381222,6,1842,2,36000,1.00325732899
379406,379414,382763,8,3349,2,18000,1.00238877277
379435,379441,381202,6,1761,2,36000,1.00340715503
379511,379519,382908,8,3389,2,18000,1.00236057834
379535,379541,381206,6,1665,2,36000,1.0036036036
379548,379554,381061,6,1507,2,36000,1.00398142004
379617,379623,381580,6,1957,2,36000,1.00306591722
379636,379642,381508,6,1866,2,36000,1.00321543408
379652,379658,381754,6,2096,2,36000,1.00286259542
379683,379690,381637,7,1947,2,36000,1.00359527478
379838,379844,381761,6,1917,2,36000,1.00312989045
379854,379860,381527,6,1667,2,36000,1.00359928014
380045,380051,381952,6,1901,2,36000,1.00315623356
380096,380102,382433,6,2331,2,36000,1.00257400257
380103,380110,383638,7,3528,2,18000,1.00198412698
380224,380230,381900,6,1670,2,36000,1.00359281437
380507,380513,380542,6,29,1,36000,1.20689655172
380542,380548,382431,6,1883,2,36000,1.00318640467
380699,380709,384296,10,3587,2,18000,1.002787845
380824,380833,384317,9,3484,2,18000,1.00258323766
380869,380875,383138,6,2263,2,36000,1.00265134777
380910,380919,384101,9,3182,2,18000,1.00282840981
381043,381049,382975,6,1926,2,36000,1.0031152648
381078,381085,383279,7,2194,2,36000,1.0031905196
381124,381135,384379,11,3244,2,18000,1.00339087546
381205,381211,383460,6,2249,2,36000,1.00266785238
381218,381224,383434,6,2210,2,36000,1.00271493213
381228,381235,383474,7,2239,2,36000,1.00312639571
381233,381241,383655,8,2414,2,36000,1.00331400166
381234,381246,383519,12,2273,2,36000,1.00527936648
381285,381291,383301,6,2010,2,36000,1.00298507463
381337,381344,384555,7,3211,2,18000,1.00218000623
381339,381350,384811,11,3461,2,18000,1.00317827218
381371,381380,384732,9,3352,2,18000,1.0026849642
381422,381428,383850,6,2422,2,36000,1.00247729149
381529,381536,384928,7,3392,2,18000,1.00206367925
381533,381542,383707,9,2165,2,36000,1.00415704388
381548,381555,383539,7,1984,2,36000,1.00352822581
381569,381578,384724,9,3146,2,18000,1.00286077559
381606,381613,383480,7,1867,2,36000,1.00374933048
381632,381639,385144,7,3505,2,18000,1.00199714693
381634,381645,384867,11,3222,2,18000,1.00341402855
381658,381664,383703,6,2039,2,36000,1.00294261893
381731,381740,385334,9,3594,2,18000,1.00250417362
381772,381779,383981,7,2202,2,36000,1.00317892825
381788,381794,384070,6,2276,2,36000,1.00263620387
381903,381911,384923,8,3012,2,18000,1.0026560425
381930,381936,384224,6,2288,2,36000,1.00262237762
381964,381970,383808,6,1838,2,36000,1.00326441785
382277,382286,385645,9,3359,2,18000,1.00267936886
382442,382448,384199,6,1751,2,36000,1.00342661336
382447,382454,384087,7,1633,2,36000,1.0042865891
382508,382516,386123,8,3607,2,18000,1.00221790962
382509,382521,386144,12,3623,2,18000,1.00331217223
382556,382565,385813,9,3248,2,18000,1.00277093596
382765,382774,386230,9,3456,2,18000,1.00260416667
382909,382920,386204,11,3284,2,18000,1.00334957369
382991,382997,385368,6,2371,2,36000,1.00253057782
383640,383646,386756,6,3110,2,18000,1.00192926045
383696,383702,385788,6,2086,2,36000,1.00287631831
383707,383713,385703,6,1990,2,36000,1.00301507538
383944,383950,455804,6,71854,1,86400,1.00008350266
384104,384110,387589,6,3479,2,18000,1.00172463352
384298,384304,387435,6,3131,2,18000,1.00191632066
384320,384327,387752,7,3425,2,18000,1.00204379562
384381,384388,387827,7,3439,2,18000,1.00203547543
384527,384533,386248,6,1715,1,3600,1.00349854227
384558,384564,387911,6,3347,2,18000,1.00179265013
384597,384603,387032,6,2429,2,36000,1.00247015233
384609,384615,386731,6,2116,2,36000,1.00283553875
384625,384632,387040,7,2408,2,36000,1.00290697674
384632,384638,387123,6,2485,2,36000,1.00241448692
384635,384644,387037,9,2393,2,36000,1.00376096949
384636,384649,386833,13,2184,2,36000,1.00595238095
384638,384654,387175,16,2521,2,36000,1.00634668782
384643,384660,387155,17,2495,2,36000,1.00681362725
384644,384665,387175,21,2510,2,36000,1.00836653386
384648,384670,387149,22,2479,2,36000,1.00887454619
384653,384675,387170,22,2495,2,36000,1.00881763527
384659,384681,387001,22,2320,2,36000,1.00948275862
384669,384686,387171,17,2485,2,36000,1.00684104628
384673,384696,386904,23,2208,2,36000,1.01041666667
384677,384702,387067,25,2365,2,36000,1.01057082452
384679,384707,387100,28,2393,2,36000,1.01170079398
384680,384712,386990,32,2278,2,36000,1.01404741001
384725,384735,387810,10,3075,2,18000,1.00325203252
384739,384746,388053,7,3307,2,18000,1.0021167221
384813,384823,388566,10,3743,2,18000,1.00267165375
384868,384879,388261,11,3382,2,18000,1.00325251331
384927,384934,388494,7,3560,2,18000,1.00196629213
384936,384942,387202,6,2260,2,36000,1.00265486726
384943,385156,388298,213,3142,2,18000,1.06779121579
385146,385345,388533,199,3188,2,18000,1.06242158093
385335,385379,388743,44,3364,2,18000,1.01307966706
385649,385657,389212,8,3555,2,18000,1.00225035162
385714,385720,388081,6,2361,2,36000,1.00254129606
385801,385807,388063,6,2256,2,36000,1.00265957447
385816,385824,389361,8,3537,2,18000,1.00226180379
386125,386134,389429,9,3295,2,18000,1.00273141123
386147,386155,389638,8,3483,2,18000,1.00229687051
386205,386215,389629,10,3414,2,18000,1.00292911541
386232,386241,389533,9,3292,2,18000,1.00273390036
386745,386752,388664,7,1912,2,36000,1.00366108787
386757,386767,390337,10,3570,2,18000,1.00280112045
386843,386849,389349,6,2500,2,36000,1.0024
386911,386918,389458,7,2540,2,36000,1.00275590551
387003,387010,388903,7,1893,2,36000,1.00369783413
387015,387021,388916,6,1895,2,36000,1.00316622691
387042,387047,389451,5,2404,2,36000,1.00207986689
387050,387057,388925,7,1868,2,36000,1.00374732334
387055,387063,389021,8,1958,2,36000,1.00408580184
387075,387081,388898,6,1817,2,36000,1.0033021464
387111,387117,388835,6,1718,2,36000,1.00349243306
387138,387144,388882,6,1738,2,36000,1.00345224396
387161,387168,388885,7,1717,2,36000,1.00407687828
387162,387173,388998,11,1825,2,36000,1.00602739726
387179,387185,389126,6,1941,2,36000,1.00309119011
387188,387194,388927,6,1733,2,36000,1.00346220427
387190,387200,388844,10,1644,2,36000,1.00608272506
387192,387205,389343,13,2138,2,36000,1.00608044902
387218,387224,389426,6,2202,2,36000,1.00272479564
387435,387446,390922,11,3476,2,18000,1.00316455696
387591,387601,391048,10,3447,2,18000,1.0029010734
387755,387763,391244,8,3481,2,18000,1.00229819018
387810,387821,391089,11,3268,2,18000,1.00336597307
387829,387838,391182,9,3344,2,18000,1.00269138756
387914,387922,391413,8,3491,2,18000,1.00229160699
388055,388064,391394,9,3330,2,18000,1.0027027027
388073,388080,390391,7,2311,2,36000,1.00302899178
388090,388097,390459,7,2362,2,36000,1.00296359018
388264,388272,391965,8,3693,2,18000,1.00216626049
388301,388309,391989,8,3680,2,18000,1.00217391304
388496,388505,391734,9,3229,2,18000,1.00278724063
388536,388544,391806,8,3262,2,18000,1.00245248314
388570,388578,391715,8,3137,2,18000,1.0025502072
388691,388697,390530,6,1833,2,36000,1.00327332242
388746,388754,392103,8,3349,2,18000,1.00238877277
388846,388852,391090,6,2238,2,36000,1.00268096515
388858,388864,390800,6,1936,2,36000,1.00309917355
388900,388906,391329,6,2423,2,36000,1.00247626909
388913,388919,391324,6,2405,2,36000,1.00249480249
388927,388934,390667,7,1733,2,36000,1.00403923832
388941,388947,390715,6,1768,2,36000,1.00339366516
388958,388964,390640,6,1676,2,36000,1.00357995227
388971,388977,390479,6,1502,2,36000,1.00399467377
388985,388992,390593,7,1601,2,36000,1.00437226733
389019,389025,390400,6,1375,2,36000,1.00436363636
389029,389035,390396,6,1361,2,36000,1.00440852314
389142,389148,390812,6,1664,2,36000,1.00360576923
389215,389223,392910,8,3687,2,18000,1.00216978573
389355,389360,391520,5,2160,2,36000,1.00231481481
389363,389370,392767,7,3397,2,18000,1.00206064174
389375,389382,391333,7,1951,2,36000,1.00358790364
389430,389438,392714,8,3276,2,18000,1.00244200244
389439,389446,391575,7,2129,2,36000,1.0032879286
389467,389473,391683,6,2210,2,36000,1.00271493213
389480,389486,391157,6,1671,2,36000,1.00359066427
389534,389544,392722,10,3178,2,18000,1.0031466331
389635,389640,393144,5,3504,2,18000,1.00142694064
389649,389656,392165,7,2509,2,36000,1.00278995616
389651,390348,393921,697,3573,2,18000,1.19507416737
390338,390402,393662,64,3260,2,18000,1.01963190184
390416,390422,392623,6,2201,2,36000,1.00272603362
390426,390432,392508,6,2076,2,36000,1.00289017341
390474,390480,392789,6,2309,2,36000,1.0025985275
390499,390505,392752,6,2247,2,36000,1.00267022697
390550,390556,392817,6,2261,2,36000,1.00265369306
390608,390615,392813,7,2198,2,36000,1.00318471338
390656,390662,392505,6,1843,2,36000,1.00325556158
390674,390680,392805,6,2125,2,36000,1.00282352941
390737,390743,393025,6,2282,2,36000,1.00262927257
390808,390814,393094,6,2280,2,36000,1.00263157895
390823,390829,393215,6,2386,2,36000,1.0025146689
390925,390934,394556,9,3622,2,18000,1.00248481502
391051,391059,394294,8,3235,2,18000,1.00247295209
391092,391100,394812,8,3712,2,18000,1.00215517241
391104,391110,393522,6,2412,2,36000,1.00248756219
391168,391174,393455,6,2281,2,36000,1.00263042525
391184,391193,394262,9,3069,2,18000,1.00293255132
391246,391255,394770,9,3515,2,18000,1.00256045519
391346,391352,393482,6,2130,2,36000,1.00281690141
391353,391359,393588,6,2229,2,36000,1.00269179004
391358,391365,393690,7,2325,2,36000,1.00301075269
391397,391406,395006,9,3600,2,18000,1.0025
391415,391424,395002,9,3578,2,18000,1.00251537172
391527,391533,393624,6,2091,2,36000,1.00286944046
391592,391598,393742,6,2144,2,36000,1.00279850746
391694,391700,393787,6,2087,2,36000,1.00287494011
391717,391726,395210,9,3484,2,18000,1.00258323766
391736,391745,395158,9,3413,2,18000,1.00263697627
391810,391817,395214,7,3397,2,18000,1.00206064174
391970,391976,395169,6,3193,2,18000,1.00187911055
391993,392000,395376,7,3376,2,18000,1.00207345972
392107,392115,395798,8,3683,2,18000,1.00217214228
392182,392188,394113,6,1925,2,36000,1.00311688312
392522,392528,394287,6,1759,2,36000,1.00341102899
392525,392534,394568,9,2034,2,36000,1.00442477876
392631,392637,394395,6,1758,2,36000,1.00341296928
392717,392725,395876,8,3151,2,18000,1.00253887655
392732,392738,396129,6,3391,2,18000,1.00176938956
392732,392763,394474,31,1711,2,36000,1.01811805961
392770,392778,396299,8,3521,2,18000,1.00227208179
392819,392825,395326,6,2501,2,36000,1.00239904038
392830,392836,395351,6,2515,2,36000,1.00238568588
392836,392842,395383,6,2541,2,36000,1.00236127509
392840,392848,395286,8,2438,2,36000,1.00328137818
392914,392921,396022,7,3101,2,18000,1.00225733634
393038,393044,394534,6,1490,2,36000,1.00402684564
393110,393116,395017,6,1901,2,36000,1.00315623356
393146,393155,396276,9,3121,2,18000,1.00288369112
393226,393232,395154,6,1922,2,36000,1.00312174818
393482,393488,394862,6,1374,2,36000,1.00436681223
393523,393529,395220,6,1691,2,36000,1.00354819633
393528,393535,395504,7,1969,2,36000,1.00355510411
393595,393601,395489,6,1888,2,36000,1.0031779661
393640,393646,395472,6,1826,2,36000,1.00328587076
393665,393674,397253,9,3579,2,18000,1.0025146689
393698,393704,396091,6,2387,2,36000,1.00251361542
393752,393758,395769,6,2011,2,36000,1.00298359025
393795,393801,395648,6,1847,2,36000,1.0032485111
393924,393932,397666,8,3734,2,18000,1.00214247456
394124,394131,396519,7,2388,2,36000,1.00293132328
394264,394273,398032,9,3759,2,18000,1.00239425379
394295,394301,397418,6,3117,2,18000,1.00192492782
394296,394307,396618,11,2311,2,36000,1.00475984422
394403,394409,396791,6,2382,2,36000,1.00251889169
394486,394492,396370,6,1878,2,36000,1.00319488818
394545,394551,396913,6,2362,2,36000,1.00254022015
394556,394567,398014,11,3447,2,18000,1.00319118074
394582,394588,396850,6,2262,2,36000,1.00265251989
394772,394781,397930,9,3149,2,18000,1.00285805017
394816,394823,398218,7,3395,2,18000,1.00206185567
394876,394882,396625,6,1743,2,36000,1.00344234079
395005,395013,398625,8,3612,2,18000,1.00221483942
395015,395021,396659,6,1638,2,36000,1.00366300366
395020,395028,398553,8,3525,2,18000,1.00226950355
395159,395165,398450,6,3285,2,18000,1.00182648402
395166,395172,397240,6,2068,2,36000,1.00290135397
395174,395179,398770,5,3591,2,18000,1.00139236981
395211,395222,398815,11,3593,2,18000,1.00306150849
395226,395232,398785,6,3553,2,18000,1.00168871376
395228,395238,397284,10,2046,2,36000,1.00488758553
395295,395301,397071,6,1770,2,36000,1.00338983051
395348,395354,397301,6,1947,2,36000,1.0030816641
395379,395385,398600,6,3215,2,18000,1.00186625194
395402,395408,397475,6,2067,2,36000,1.00290275762
395429,395435,397424,6,1989,2,36000,1.00301659125
395489,395496,397674,7,2178,2,36000,1.00321395776
395511,395517,397561,6,2044,2,36000,1.00293542074
395513,395523,397903,10,2380,2,36000,1.00420168067
395657,395663,398157,6,2494,2,36000,1.00240577386
395793,395800,398325,7,2525,2,36000,1.00277227723
395800,395810,399263,10,3453,2,18000,1.00289603244
395880,395888,399276,8,3388,2,18000,1.00236127509
396024,396033,399180,9,3147,2,18000,1.00285986654
396131,396137,399363,6,3226,2,18000,1.00185988841
396278,396284,399865,6,3581,2,18000,1.00167550963
396300,396307,399605,7,3298,2,18000,1.00212249848
396452,396458,398320,6,1862,2,36000,1.00322234157
396470,396476,398506,6,2030,2,36000,1.00295566502
396554,396560,398531,6,1971,2,36000,1.00304414003
396675,396681,398635,6,1954,2,36000,1.00307062436
396704,396710,398880,6,2170,2,36000,1.00276497696
396711,396718,398816,7,2098,2,36000,1.00333651096
396812,396818,399041,6,2223,2,36000,1.00269905533
396871,396878,398526,7,1648,2,36000,1.00424757282
396928,396934,399224,6,2290,2,36000,1.00262008734
397089,397096,398985,7,1889,2,36000,1.00370566437
397254,397261,400802,7,3541,2,18000,1.0019768427
397271,397278,399650,7,2372,2,36000,1.00295109612
397291,397297,399777,6,2480,2,36000,1.00241935484
397341,397348,399682,7,2334,2,36000,1.0029991431
397423,397428,401035,5,3607,2,18000,1.00138619351
397448,397454,399528,6,2074,2,36000,1.00289296046
397490,397496,399702,6,2206,2,36000,1.00271985494
397591,397597,399974,6,2377,2,36000,1.00252419016
397672,397677,400995,5,3318,2,18000,1.00150693189
397701,397708,400224,7,2516,2,36000,1.00278219396
397921,397927,400073,6,2146,2,36000,1.00279589935
397932,397941,401035,9,3094,2,18000,1.00290885585
398019,398026,401156,7,3130,2,18000,1.00223642173
398034,398045,401621,11,3576,2,18000,1.00307606264
398172,398178,400176,6,1998,2,36000,1.003003003
398223,398229,401663,6,3434,2,18000,1.00174723355
398352,398358,400345,6,1987,2,36000,1.00301962758
398391,398397,400181,6,1784,2,36000,1.0033632287
398458,398464,401896,6,3432,2,18000,1.00174825175
398532,398538,400958,6,2420,2,36000,1.00247933884
398555,398561,402116,6,3555,2,18000,1.00168776371
398584,398590,400630,6,2040,2,36000,1.00294117647
398605,398611,402046,6,3435,2,18000,1.00174672489
398616,398623,400502,7,1879,2,36000,1.00372538584
398626,398637,402008,11,3371,2,18000,1.00326312667
398690,398696,400360,6,1664,2,36000,1.00360576923
398769,398782,402297,13,3515,2,18000,1.00369843528
398789,398797,401947,8,3150,2,18000,1.00253968254
398821,398827,402068,6,3241,2,18000,1.00185128047
398848,398854,400687,6,1833,2,36000,1.00327332242
398927,398933,400585,6,1652,2,36000,1.00363196126
399015,399021,400709,6,1688,2,36000,1.00355450237
399088,399094,400501,6,1407,2,36000,1.00426439232
399182,399191,402329,9,3138,2,18000,1.00286806883
399252,399258,401754,6,2496,2,36000,1.00240384615
399267,399275,402875,8,3600,2,18000,1.00222222222
399283,399289,402919,6,3630,2,18000,1.00165289256
399367,399375,403032,8,3657,2,18000,1.00218758545
399548,399554,401262,6,1708,2,36000,1.00351288056
399609,399615,403376,6,3761,2,18000,1.00159532039
399665,399671,401473,6,1802,2,36000,1.00332963374
399725,399731,401456,6,1725,2,36000,1.00347826087
399738,399744,399746,6,2,1,600,1.0
399742,399750,401732,8,1982,2,36000,1.00403632694
399796,399802,399803,6,1,1,600,1.0
399818,399824,401899,6,2075,2,36000,1.00289156627
399870,399875,402923,5,3048,2,18000,1.00164041995
399985,399991,401721,6,1730,2,36000,1.00346820809
400094,400100,401709,6,1609,2,36000,1.00372902424
400184,400190,402708,6,2518,2,36000,1.00238284353
400206,400213,402736,7,2523,2,36000,1.00277447483
400235,400241,402316,6,2075,2,36000,1.00289156627
400356,400362,402392,6,2030,2,36000,1.00295566502
400368,400374,402426,6,2052,2,36000,1.00292397661
400514,400520,402263,6,1743,2,36000,1.00344234079
400537,400543,402554,6,2011,2,36000,1.00298359025
400599,400605,402499,6,1894,2,36000,1.00316789863
400647,400653,400710,6,57,1,600,1.10526315789
400661,400667,402593,6,1926,2,36000,1.0031152648
400701,400707,402503,6,1796,2,36000,1.00334075724
400723,400729,402358,6,1629,2,36000,1.00368324125
400803,400813,404267,10,3454,2,18000,1.00289519398
400981,400987,403448,6,2461,2,36000,1.00243803332
400999,401006,404356,7,3350,2,18000,1.00208955224
401038,401107,404263,69,3156,2,18000,1.02186311787
401039,401112,404573,73,3461,2,18000,1.02109216989
401102,401118,401175,16,57,1,600,1.28070175439
401111,401123,401181,12,58,1,600,1.20689655172
401128,401134,401196,6,62,1,600,1.09677419355
401140,401146,401207,6,61,1,600,1.09836065574
401157,401167,404581,10,3414,2,18000,1.00292911541
401270,401276,403817,6,2541,2,36000,1.00236127509
401476,401482,403288,6,1806,2,36000,1.00332225914
401513,401519,403299,6,1780,2,36000,1.00337078652
401579,401585,401685,6,100,1,600,1.06
401587,401593,401693,6,100,1,600,1.06
401596,401602,401711,6,109,1,600,1.05504587156
401611,401617,401724,6,107,1,600,1.05607476636
401621,401637,404886,16,3249,2,18000,1.00492459218
401625,401631,401738,6,107,1,600,1.05607476636
401633,401643,401747,10,104,1,600,1.09615384615
401665,401674,404845,9,3171,2,18000,1.00283822138
401730,401736,404191,6,2455,2,36000,1.00244399185
401769,401775,404080,6,2305,2,36000,1.00260303688
401820,401826,404267,6,2441,2,36000,1.00245800901
401881,401887,404079,6,2192,2,36000,1.00273722628
401899,401907,404990,8,3083,2,18000,1.00259487512
401926,401932,402038,6,106,1,600,1.05660377358
401931,401938,404094,7,2156,2,36000,1.00324675325
401949,401958,405032,9,3074,2,18000,1.00292778139
402010,402019,405649,9,3630,2,18000,1.00247933884
402048,402058,405645,10,3587,2,18000,1.002787845
402069,402079,405213,10,3134,2,18000,1.00319081047
402119,402127,405653,8,3526,2,18000,1.0022688599
402136,402142,402252,6,110,1,600,1.05454545455
402271,402278,404157,7,1879,2,36000,1.00372538584
402288,402294,402403,6,109,1,600,1.05504587156
402300,402308,405931,8,3623,2,18000,1.00220811482
402331,402338,405711,7,3373,2,18000,1.00207530388
402347,402353,404338,6,1985,2,36000,1.00302267003
402391,402397,404317,6,1920,2,36000,1.003125
402418,402425,404707,7,2282,2,36000,1.00306748466
402437,402443,404968,6,2525,2,36000,1.00237623762
402506,402512,404996,6,2484,2,36000,1.00241545894
402543,402549,404671,6,2122,2,36000,1.00282752121
402584,402590,404462,6,1872,2,36000,1.00320512821
402612,402618,404972,6,2354,2,36000,1.00254885302
402717,402723,404727,6,2004,2,36000,1.00299401198
402753,402759,405032,6,2273,2,36000,1.00263968324
402878,402887,405780,9,2893,2,18000,1.00311095748
402922,402930,406457,8,3527,2,18000,1.00226821661
402937,402944,406339,7,3395,2,18000,1.00206185567
403033,403044,406405,11,3361,2,18000,1.00327283547
403353,403360,405332,7,1972,2,36000,1.00354969574
403378,403384,406894,6,3510,2,18000,1.00170940171
403437,403443,405327,6,1884,2,36000,1.00318471338
403486,403492,405871,6,2379,2,36000,1.0025220681
403845,403851,406233,6,2382,2,36000,1.00251889169
404063,404069,669162,6,265093,1,345600,1.00002263357
404104,404110,406116,6,2006,2,36000,1.00299102692
404158,404165,675115,7,270950,1,345600,1.00002583502
404177,404183,405983,6,1800,2,36000,1.00333333333
404185,404191,673022,6,268831,1,345600,1.00002231885
404223,404229,406385,6,2156,2,36000,1.00278293135
404266,404272,407532,6,3260,2,18000,1.0018404908
404271,404278,405913,7,1635,2,36000,1.00428134557
404274,404284,675108,10,270824,1,345600,1.00003692435
404281,404290,407415,9,3125,2,18000,1.00288
404291,404297,489435,6,85138,7,86400,1.00007047382
404328,404334,406387,6,2053,2,36000,1.00292255236
404332,404340,658581,8,254241,1,345600,1.00003146621
404354,404361,668475,7,264114,1,345600,1.00002650371
404358,404367,407875,9,3508,2,18000,1.00256556442
404380,404387,406289,7,1902,2,36000,1.00368033649
404427,404433,406461,6,2028,2,36000,1.00295857988
404498,404504,406313,6,1809,2,36000,1.00331674959
404566,404572,406376,6,1804,2,36000,1.00332594235
404575,404584,408206,9,3622,2,18000,1.00248481502
404590,404596,408172,6,3576,2,18000,1.00167785235
404766,404772,407235,6,2463,2,36000,1.00243605359
404846,404852,408315,6,3463,2,18000,1.00173260179
404872,404879,407315,7,2436,2,36000,1.00287356322
404889,404895,408231,6,3336,2,18000,1.00179856115
404928,404934,407191,6,2257,2,36000,1.0026583961
404990,404996,408422,6,3426,2,18000,1.00175131349
405005,405012,406961,7,1949,2,36000,1.00359158543
405034,405040,408493,6,3453,2,18000,1.00173761946
405060,405066,407189,6,2123,2,36000,1.00282618935
405104,405111,407611,7,2500,2,36000,1.0028
405149,405155,407332,6,2177,2,36000,1.00275608636
405214,405224,408518,10,3294,2,18000,1.00303582271
405223,405230,663936,7,258706,1,345600,1.00002705774
405258,405265,682310,7,277045,1,345600,1.00002526665
405286,405292,672335,6,267043,1,345600,1.00002246829
405310,405316,663940,6,258624,1,345600,1.0000231997
405325,405331,681481,6,276150,1,345600,1.00002172732
405349,405356,666334,7,260978,1,345600,1.00002682218
405369,405375,407697,6,2322,2,36000,1.00258397933
405431,405438,407931,7,2493,2,36000,1.00280786201
405650,405656,408763,6,3107,2,18000,1.00193112327
405651,405662,408946,11,3284,2,18000,1.00334957369
405666,405673,409340,7,3667,2,18000,1.00190891737
405713,405722,409508,9,3786,2,18000,1.00237717908
405783,405791,409163,8,3372,2,18000,1.00237247924
405888,405895,407499,7,1604,2,36000,1.00436408978
405933,405940,409056,7,3116,2,18000,1.00224646983
405939,405946,407708,7,1762,2,36000,1.00397275823
405995,406001,407827,6,1826,2,36000,1.00328587076
406160,406166,407801,6,1635,2,36000,1.00366972477
406211,406217,668312,6,262095,1,345600,1.00002289246
406259,406265,408058,6,1793,2,36000,1.0033463469
406340,406346,409450,6,3104,2,18000,1.00193298969
406352,406359,408086,7,1727,2,36000,1.00405327157
406373,406379,679728,6,273349,1,345600,1.00002194996
406393,406399,408035,6,1636,2,36000,1.00366748166
406402,406408,671415,6,265007,1,345600,1.00002264091
406411,406416,409627,5,3211,2,18000,1.00155714731
406425,406431,687810,6,281379,1,345600,1.00002132355
406447,406453,672529,6,266076,1,345600,1.00002254995
406460,406466,410198,6,3732,2,18000,1.00160771704
406464,406472,408152,8,1680,2,36000,1.00476190476
406470,406478,672080,8,265602,1,345600,1.00003012026
406537,406543,408198,6,1655,2,36000,1.00362537764
406595,406601,408301,6,1700,2,36000,1.00352941176
406658,406664,408277,6,1613,2,36000,1.00371977681
406899,406905,410166,6,3261,2,18000,1.0018399264
407003,407009,408908,6,1899,2,36000,1.00315955766
407204,407211,409283,7,2072,2,36000,1.00337837838
407260,407266,409595,6,2329,2,36000,1.00257621297
407327,407333,409559,6,2226,2,36000,1.00269541779
407384,407391,409530,7,2139,2,36000,1.00327255727
407419,407425,410749,6,3324,2,18000,1.00180505415
407444,407450,409337,6,1887,2,36000,1.00317965024
407507,407513,409602,6,2089,2,36000,1.00287218765
407535,407543,410670,8,3127,2,18000,1.00255836265
407651,407657,410197,6,2540,2,36000,1.00236220472
407725,407731,410226,6,2495,2,36000,1.00240480962
407782,407788,410320,6,2532,2,36000,1.00236966825
407840,407846,410374,6,2528,2,36000,1.00237341772
407877,407884,410938,7,3054,2,18000,1.00229207597
407943,407950,410452,7,2502,2,36000,1.00279776179
407982,407988,410465,6,2477,2,36000,1.00242228502
408082,408088,410616,6,2528,2,36000,1.00237341772
408133,408139,410644,6,2505,2,36000,1.00239520958
408178,408183,411286,5,3103,2,18000,1.00161134386
408209,408215,411586,6,3371,2,18000,1.00177988727
408210,408221,410719,11,2498,2,36000,1.00440352282
408237,408242,411888,5,3646,2,18000,1.00137136588
408252,408258,410762,6,2504,2,36000,1.00239616613
408320,408326,411502,6,3176,2,18000,1.00188916877
408328,408334,410844,6,2510,2,36000,1.00239043825
408385,408391,410889,6,2498,2,36000,1.00240192154
408424,408430,411978,6,3548,2,18000,1.00169109357
408447,408453,410993,6,2540,2,36000,1.00236220472
408494,408504,411947,10,3443,2,18000,1.0029044438
408519,408529,411988,10,3459,2,18000,1.00289100896
408769,408775,411975,6,3200,2,18000,1.001875
408925,408931,411432,6,2501,2,36000,1.00239904038
408949,408957,412450,8,3493,2,18000,1.00229029488
409058,409067,412781,9,3714,2,18000,1.00242326333
409167,409174,412790,7,3616,2,18000,1.00193584071
409345,409351,412762,6,3411,2,18000,1.00175901495
409374,409380,411829,6,2449,2,36000,1.00244997958
409419,409425,411898,6,2473,2,36000,1.00242620299
409451,409461,412911,10,3450,2,18000,1.00289855072
409511,409519,412960,8,3441,2,18000,1.00232490555
409614,409620,411636,6,2016,2,36000,1.00297619048
409632,409638,413058,6,3420,2,18000,1.00175438596
409663,409669,411861,6,2192,2,36000,1.00273722628
409694,409700,412126,6,2426,2,36000,1.00247320692
409713,409719,412032,6,2313,2,36000,1.00259403372
410169,410177,413334,8,3157,2,18000,1.00253405131
410195,410208,413561,13,3353,2,18000,1.00387712496
410213,410219,412560,6,2341,2,36000,1.00256300726
410297,410303,412418,6,2115,2,36000,1.00283687943
410350,410356,412847,6,2491,2,36000,1.00240867122
410386,410392,412380,6,1988,2,36000,1.00301810865
410507,410513,412757,6,2244,2,36000,1.00267379679
410566,410572,412609,6,2037,2,36000,1.0029455081
410666,410673,413033,7,2360,2,36000,1.00296610169
410675,410681,414313,6,3632,2,18000,1.00165198238
410746,410752,412988,6,2236,2,36000,1.00268336315
410750,410758,413863,8,3105,2,18000,1.00257648953
410832,410838,413055,6,2217,2,36000,1.00270635995
410919,410925,412997,6,2072,2,36000,1.0028957529
410942,410949,414283,7,3334,2,18000,1.00209958008
410977,410983,412989,6,2006,2,36000,1.00299102692
411046,411052,412977,6,1925,2,36000,1.00311688312
411104,411110,413047,6,1937,2,36000,1.00309757357
411289,411297,414605,8,3308,2,18000,1.00241837969
411447,411453,413304,6,1851,2,36000,1.00324149109
411503,411513,415136,10,3623,2,18000,1.00276014353
411589,411598,414951,9,3353,2,18000,1.00268416344
411678,411684,413654,6,1970,2,36000,1.00304568528
411855,411861,413762,6,1901,2,36000,1.00315623356
411889,411895,415012,6,3117,2,18000,1.00192492782
411928,411934,413960,6,2026,2,36000,1.00296150049
411950,411956,415599,6,3643,2,18000,1.00164699424
411958,411964,413758,6,1794,2,36000,1.00334448161
411977,411987,415417,10,3430,2,18000,1.0029154519
411979,411993,415586,14,3593,2,18000,1.00389646535
411994,412000,415548,6,3548,2,18000,1.00169109357
411994,412043,414039,49,1996,2,36000,1.0245490982
412141,412147,414113,6,1966,2,36000,1.00305188199
412402,412408,414379,6,1971,2,36000,1.00304414003
412430,412436,413991,6,1555,2,36000,1.0038585209
412452,412461,415759,9,3298,2,18000,1.00272892662
412576,412582,414210,6,1628,2,36000,1.00368550369
412629,412635,414569,6,1934,2,36000,1.00310237849
412746,412752,430331,6,17579,2,108000,1.00034131634
412764,412771,416375,7,3604,2,18000,1.00194228635
412784,412790,416069,6,3279,2,18000,1.00182982617
412799,412805,416047,6,3242,2,18000,1.00185070944
412812,412818,414924,6,2106,2,36000,1.00284900285
412912,412918,414703,6,1785,2,36000,1.00336134454
412915,412924,416044,9,3120,2,18000,1.00288461538
412962,412971,416594,9,3623,2,18000,1.00248412917
413013,413019,415312,6,2293,2,36000,1.0026166594
413060,413065,416138,5,3073,2,18000,1.00162707452
413085,413091,415382,6,2291,2,36000,1.00261894369
413131,413137,415357,6,2220,2,36000,1.0027027027
413172,413178,415165,6,1987,2,36000,1.00301962758
413214,413220,415152,6,1932,2,36000,1.00310559006
413256,413262,415494,6,2232,2,36000,1.00268817204
413281,413287,415457,6,2170,2,36000,1.00276497696
413322,413328,415487,6,2159,2,36000,1.00277906438
413336,413345,416542,9,3197,2,18000,1.00281513919
413565,413572,417080,7,3508,2,18000,1.001995439
413686,413693,415771,7,2078,2,36000,1.00336862368
413809,413815,415786,6,1971,2,36000,1.00304414003
413866,413872,417292,6,3420,2,18000,1.00175438596
413925,413931,415560,6,1629,2,36000,1.00368324125
414010,414016,415822,6,1806,2,36000,1.00332225914
414082,414089,416315,7,2226,2,36000,1.00314465409
414146,414152,416401,6,2249,2,36000,1.00266785238
414219,414225,415772,6,1547,2,36000,1.00387847447
414288,414294,415801,6,1507,2,36000,1.00398142004
414291,414300,417958,9,3658,2,18000,1.00246036085
414313,414324,417630,11,3306,2,18000,1.00332728373
414406,414412,416513,6,2101,2,36000,1.00285578296
414579,414585,416802,6,2217,2,36000,1.00270635995
414609,414616,418332,7,3716,2,18000,1.00188374596
414784,414790,416918,6,2128,2,36000,1.00281954887
414954,414961,418248,7,3287,2,18000,1.00212960146
414998,415004,417265,6,2261,2,36000,1.00265369306
415014,415023,418383,9,3360,2,18000,1.00267857143
415138,415147,418513,9,3366,2,18000,1.00267379679
415161,415167,417447,6,2280,2,36000,1.00263157895
415187,415193,417251,6,2058,2,36000,1.0029154519
415346,415352,417404,6,2052,2,36000,1.00292397661
415379,415385,417458,6,2073,2,36000,1.00289435601
415416,415422,417474,6,2052,2,36000,1.00292397661
415421,415428,419061,7,3633,2,18000,1.00192678227
415466,415472,417690,6,2218,2,36000,1.00270513977
415502,415508,417668,6,2160,2,36000,1.00277777778
415530,415536,417400,6,1864,2,36000,1.00321888412
415551,415559,418794,8,3235,2,18000,1.00247295209
415588,415594,418713,6,3119,2,18000,1.00192369349
415603,415609,418883,6,3274,2,18000,1.00183262065
415610,415616,417815,6,2199,2,36000,1.00272851296
415759,415770,418868,11,3098,2,18000,1.00355067786
415796,415802,418065,6,2263,2,36000,1.00265134777
415839,415845,417797,6,1952,2,36000,1.00307377049
415876,415882,418337,6,2455,2,36000,1.00244399185
415908,415914,418320,6,2406,2,36000,1.00249376559
415928,415934,418359,6,2425,2,36000,1.0024742268
416048,416055,419774,7,3719,2,18000,1.0018822264
416049,416061,419597,12,3536,2,18000,1.00339366516
416071,416080,419677,9,3597,2,18000,1.00250208507
416140,416150,419256,10,3106,2,18000,1.00321957502
416359,416365,418694,6,2329,2,36000,1.00257621297
416379,416386,419762,7,3376,2,18000,1.00207345972
416436,416442,418918,6,2476,2,36000,1.00242326333
416543,416549,418987,6,2438,2,36000,1.00246103363
416544,416555,420296,11,3741,2,18000,1.00294039027
416597,416605,420109,8,3504,2,18000,1.00228310502
416818,416825,419206,7,2381,2,36000,1.0029399412
416931,416938,419330,7,2392,2,36000,1.0029264214
417081,417091,420537,10,3446,2,18000,1.00290191526
417295,417302,420964,7,3662,2,18000,1.00191152376
417298,417308,419805,10,2497,2,36000,1.00400480577
417340,417346,419812,6,2466,2,36000,1.00243309002
417441,417447,419901,6,2454,2,36000,1.00244498778
417468,417474,419809,6,2335,2,36000,1.00256959315
417496,417502,419691,6,2189,2,36000,1.00274097762
417527,417533,419884,6,2351,2,36000,1.00255210549
417550,417556,419801,6,2245,2,36000,1.00267260579
417632,417641,421019,9,3378,2,18000,1.0026642984
417712,417718,419711,6,1993,2,36000,1.00301053688
417739,417745,419971,6,2226,2,36000,1.00269541779
417801,417808,417811,7,3,2,300,1.0
417801,417813,417815,12,2,2,300,1.4
417852,417859,420072,7,2213,2,36000,1.00316312698
417884,417890,420213,6,2323,2,36000,1.00258286698
417963,417969,421640,6,3671,2,18000,1.00163443203
418074,418080,420065,6,1985,2,36000,1.00302267003
418249,418260,421827,11,3567,2,18000,1.00308382394
418336,418342,421740,6,3398,2,18000,1.00176574456
418360,418366,420508,6,2142,2,36000,1.00280112045
418385,418391,421480,6,3089,2,18000,1.00194237617
418388,418397,420363,9,1966,2,36000,1.00457782299
418413,418420,420240,7,1820,2,36000,1.00384615385
418515,418524,422009,9,3485,2,18000,1.00258249641
418703,418709,420601,6,1892,2,36000,1.00317124736
418716,418725,422157,9,3432,2,18000,1.00262237762
418797,418805,421822,8,3017,2,18000,1.0026516407
418871,418880,422190,9,3310,2,18000,1.00271903323
418886,418894,422014,8,3120,2,18000,1.00256410256
418960,418966,420632,6,1666,2,36000,1.00360144058
418993,418999,421493,6,2494,2,36000,1.00240577386
419062,419072,422666,10,3594,2,18000,1.00278241514
419222,419228,420972,6,1744,2,36000,1.00344036697
419236,419242,419247,6,5,4,324000,1.1
419258,419267,422494,9,3227,2,18000,1.00278896808
419341,419347,421007,6,1660,2,36000,1.00361445783
419432,419438,419443,6,5,4,324000,1.1
419472,419479,419711,7,232,4,324000,1.03017241379
419601,419608,423080,7,3472,2,18000,1.00201612903
419681,419688,423072,7,3384,2,18000,1.00206855792
419711,419717,421961,6,2244,2,36000,1.00267379679
419750,419757,422151,7,2394,2,36000,1.00292397661
419764,419773,423212,9,3439,2,18000,1.00261703984
419779,419785,423144,6,3359,2,18000,1.00178624591
419780,419791,420036,11,245,4,324000,1.04489795918
419815,419820,422280,5,2460,2,36000,1.00203252033
419846,419853,421971,7,2118,2,36000,1.00330500472
419870,419877,422269,7,2392,2,36000,1.0029264214
419895,419901,422281,6,2380,2,36000,1.0025210084
419929,419935,422208,6,2273,2,36000,1.00263968324
419955,419961,422334,6,2373,2,36000,1.00252844501
419993,419999,422329,6,2330,2,36000,1.0025751073
420079,420085,422464,6,2379,2,36000,1.0025220681
420111,420118,423453,7,3335,2,18000,1.00209895052
420116,420124,422435,8,2311,2,36000,1.00346170489
420212,420218,714947,6,294729,4,324000,1.00002035768
420226,420232,422005,6,1773,2,36000,1.00338409475
420248,420254,422648,6,2394,2,36000,1.00250626566
420299,420307,423689,8,3382,2,18000,1.00236546422
420397,420403,422323,6,1920,2,36000,1.003125
420456,420462,471803,6,51341,2,324000,1.00011686566
420515,420521,627889,6,207368,4,324000,1.00002893407
420529,420536,422745,7,2209,2,36000,1.00316885469
420540,420548,424005,8,3457,2,18000,1.00231414521
420598,420604,669440,6,248836,4,324000,1.00002411227
420647,420653,422420,6,1767,2,36000,1.00339558574
420679,420686,422454,7,1768,2,36000,1.00395927602
420966,420975,424318,9,3343,2,18000,1.00269219264
421022,421028,424479,6,3451,2,18000,1.00173862649
421029,421034,422929,5,1895,2,36000,1.00263852243
421072,421078,422902,6,1824,2,36000,1.00328947368
421483,421491,425071,8,3580,2,18000,1.00223463687
421500,421506,423332,6,1826,2,36000,1.00328587076
421643,421651,425242,8,3591,2,18000,1.0022277917
421742,421752,424846,10,3094,2,18000,1.00323206206
421822,421833,425606,11,3773,2,18000,1.0029154519
421838,421844,425084,6,3240,2,18000,1.00185185185
421972,421978,423833,6,1855,2,36000,1.00323450135
422012,422018,425632,6,3614,2,18000,1.00166021029
422013,422023,423852,10,1829,2,36000,1.00546746856
422027,422033,425466,6,3433,2,18000,1.0017477425
422039,422045,423851,6,1806,2,36000,1.00332225914
422161,422167,425799,6,3632,2,18000,1.00165198238
422192,422198,425702,6,3504,2,18000,1.00171232877
422199,422205,424220,6,2015,2,36000,1.00297766749
422227,422233,423924,6,1691,2,36000,1.00354819633
422277,422283,423937,6,1654,2,36000,1.00362756953
422320,422326,424689,6,2363,2,36000,1.00253914515
422344,422350,422377,6,27,2,300,1.22222222222
422366,422372,424838,6,2466,2,36000,1.00243309002
422385,422391,422434,6,43,2,300,1.13953488372
422404,422410,424850,6,2440,2,36000,1.00245901639
422444,422450,424916,6,2466,2,36000,1.00243309002
422448,422456,422772,8,316,2,360,1.0253164557
422480,422486,424935,6,2449,2,36000,1.00244997958
422496,422502,425938,6,3436,2,18000,1.00174621653
422519,422525,424952,6,2427,2,36000,1.00247218789
422582,422588,425023,6,2435,2,36000,1.00246406571
422659,422665,425138,6,2473,2,36000,1.00242620299
422663,422671,422688,8,17,2,300,1.47058823529
422666,422676,425784,10,3108,2,18000,1.00321750322
422672,422683,422709,11,26,2,300,1.42307692308
422695,422701,422721,6,20,2,300,1.3
422709,422715,425209,6,2494,2,36000,1.00240577386
422718,422724,422777,6,53,2,300,1.11320754717
422729,422735,422765,6,30,2,300,1.2
422746,422753,425132,7,2379,2,36000,1.00294241278
422774,422780,423091,6,311,2,300,1.0192926045
422785,422791,423016,6,225,2,300,1.02666666667
422825,422831,424345,6,1514,2,36000,1.00396301189
422930,422936,425355,6,2419,2,36000,1.00248036379
422963,422969,424964,6,1995,2,36000,1.0030075188
423026,423032,423045,6,13,2,300,1.46153846154
423054,423060,423080,6,20,2,300,1.3
423076,423084,426711,8,3627,2,18000,1.00220567963
423089,423095,423123,6,28,2,360,1.21428571429
423091,423101,426429,10,3328,2,18000,1.00300480769
423106,423112,423468,6,356,2,360,1.01685393258
423133,423139,423480,6,341,2,360,1.01759530792
423147,423155,426428,8,3273,2,18000,1.00244424076
423216,423223,426646,7,3423,2,18000,1.00204498978
423369,423375,425495,6,2120,2,36000,1.00283018868
423455,423465,426547,10,3082,2,18000,1.00324464633
423483,423489,423536,6,47,2,360,1.12765957447
423495,423501,423605,6,104,2,360,1.05769230769
423693,423700,427270,7,3570,2,18000,1.00196078431
423850,423856,425668,6,1812,2,36000,1.00331125828
423954,423960,425985,6,2025,2,36000,1.00296296296
424008,424014,427340,6,3326,2,18000,1.00180396873
424012,424020,425854,8,1834,2,36000,1.00436205016
424116,424122,426051,6,1929,2,36000,1.00311041991
424149,424155,426418,6,2263,2,36000,1.00265134777
424255,424261,426705,6,2444,2,36000,1.00245499182
424323,424329,427669,6,3340,2,18000,1.00179640719
424377,424383,426265,6,1882,2,36000,1.00318809777
424483,424490,428176,7,3686,2,18000,1.00189907759
424769,424775,426629,6,1854,2,36000,1.00323624595
424848,424854,426818,6,1964,2,36000,1.00305498982
424852,424860,428011,8,3151,2,18000,1.00253887655
424923,424929,427190,6,2261,2,36000,1.00265369306
424999,425005,426838,6,1833,2,36000,1.00327332242
425062,425068,427081,6,2013,2,36000,1.00298062593
425072,425079,428264,7,3185,2,18000,1.0021978022
425089,425095,428437,6,3342,2,18000,1.00179533214
425110,425116,427120,6,2004,2,36000,1.00299401198
425177,425183,427041,6,1858,2,36000,1.00322927879
425219,425225,427065,6,1840,2,36000,1.00326086957
425244,425251,428667,7,3416,2,18000,1.00204918033
425261,425267,427244,6,1977,2,36000,1.00303490137
425327,425332,426861,5,1529,2,36000,1.00327011118
425430,425436,427154,6,1718,2,36000,1.00349243306
425469,425475,428761,6,3286,2,18000,1.00182592818
425516,425522,427214,6,1692,2,36000,1.00354609929
425551,425558,425621,7,63,4,3540,1.11111111111
425560,425566,425628,6,62,2,3540,1.09677419355
425580,425586,427201,6,1615,2,36000,1.00371517028
425611,425617,429145,6,3528,2,18000,1.00170068027
425636,425643,428870,7,3227,2,18000,1.0021691974
425706,425712,428969,6,3257,2,18000,1.00184218606
425737,425743,427480,6,1737,2,36000,1.00345423143
425786,425796,429381,10,3585,2,18000,1.00278940028
425803,425811,429383,8,3572,2,18000,1.00223964166
425897,425903,427783,6,1880,2,36000,1.00319148936
425942,425949,429675,7,3726,2,18000,1.00187869028
426048,426054,427769,6,1715,2,36000,1.00349854227
426090,426096,427825,6,1729,2,36000,1.003470214
426286,426292,428380,6,2088,2,36000,1.00287356322
426427,426433,428076,6,1643,2,36000,1.00365185636
426429,426438,429421,9,2983,2,18000,1.00301709688
426430,426445,430020,15,3575,2,18000,1.0041958042
426550,426558,430266,8,3708,2,18000,1.0021574973
426641,426648,428565,7,1917,2,36000,1.00365153886
426649,426657,430081,8,3424,2,18000,1.0023364486
426714,426720,430360,6,3640,2,18000,1.00164835165
426721,426727,428193,6,1466,2,36000,1.00409276944
426871,426877,428516,6,1639,2,36000,1.00366076876
426900,426906,428548,6,1642,2,36000,1.00365408039
426928,426934,428422,6,1488,2,36000,1.00403225806
427081,427087,429459,6,2372,2,36000,1.00252951096
427110,427116,429569,6,2453,2,36000,1.00244598451
427144,427150,429501,6,2351,2,36000,1.00255210549
427213,427219,429665,6,2446,2,36000,1.00245298446
427228,427234,429585,6,2351,2,36000,1.00255210549
427256,427262,429704,6,2442,2,36000,1.00245700246
427271,427277,430706,6,3429,2,18000,1.00174978128
427295,427302,429676,7,2374,2,36000,1.00294860994
427330,427337,429640,7,2303,2,36000,1.00303951368
427342,427348,430736,6,3388,2,18000,1.00177095632
427360,427366,429720,6,2354,2,36000,1.00254885302
427525,427531,429819,6,2288,2,36000,1.00262237762
427672,427681,430742,9,3061,2,18000,1.00294021562
427786,427792,429552,6,1760,2,36000,1.00340909091
427814,427820,429967,6,2147,2,36000,1.00279459711
427853,427859,429666,6,1807,2,36000,1.00332042059
428014,428022,431446,8,3424,2,18000,1.0023364486
428105,428112,430009,7,1897,2,36000,1.0036900369
428178,428188,431406,10,3218,2,18000,1.0031075202
428230,428236,430519,6,2283,2,36000,1.00262812089
428267,428275,431666,8,3391,2,18000,1.00235918608
428407,428413,430875,6,2462,2,36000,1.00243704305
428441,428447,432132,6,3685,2,18000,1.00162822252
428489,428495,431049,6,2554,2,36000,1.00234925607
428560,428566,430956,6,2390,2,36000,1.00251046025
428591,428597,430989,6,2392,2,36000,1.0025083612
428618,428624,430245,6,1621,2,36000,1.00370141888
428668,428678,432220,10,3542,2,18000,1.00282326369
428763,428772,432190,9,3418,2,18000,1.00263311878
428871,428881,431942,10,3061,2,18000,1.00326690624
428972,428980,432358,8,3378,2,18000,1.00236826525
429149,429157,432518,8,3361,2,18000,1.00238024398
429384,429392,432844,8,3452,2,18000,1.0023174971
429386,429398,432936,12,3538,2,18000,1.00339174675
429424,429433,432673,9,3240,2,18000,1.00277777778
429490,429496,431621,6,2125,2,36000,1.00282352941
429579,429586,431823,7,2237,2,36000,1.00312919088
429616,429623,431929,7,2306,2,36000,1.00303555941
429661,429667,431680,6,2013,2,36000,1.00298062593
429676,429682,433310,6,3628,2,18000,1.00165380375
429687,429693,431864,6,2171,2,36000,1.00276370336
429720,429726,431998,6,2272,2,36000,1.00264084507
429771,429777,431631,6,1854,2,36000,1.00323624595
429823,429829,432067,6,2238,2,36000,1.00268096515
429873,429880,431891,7,2011,2,36000,1.0034808553
429910,429916,431901,6,1985,2,36000,1.00302267003
429952,429958,432506,6,2548,2,36000,1.00235478807
430019,430025,433179,6,3154,2,18000,1.00190234623
430022,430031,432524,9,2493,2,36000,1.0036101083
430086,430092,433214,6,3122,2,18000,1.00192184497
430097,430103,432502,6,2399,2,36000,1.0025010421
430178,430184,473430,6,43246,16,43200,1.00013874116
430180,430190,432523,10,2333,2,36000,1.00428632662
430257,430263,432463,6,2200,2,36000,1.00272727273
430270,430276,433899,6,3623,2,18000,1.00165608612
430365,430373,433717,8,3344,2,18000,1.0023923445
430576,430583,433011,7,2428,2,36000,1.0028830313
430708,430717,434362,9,3645,2,18000,1.0024691358
430737,430747,434013,10,3266,2,18000,1.00306184936
430752,430758,434277,6,3519,2,18000,1.00170502984
430931,430937,433445,6,2508,2,36000,1.0023923445
431012,431018,433513,6,2495,2,36000,1.00240480962
431081,431087,433557,6,2470,2,36000,1.0024291498
431120,431127,433275,7,2148,2,36000,1.00325884544
431408,431418,435000,10,3582,2,18000,1.00279173646
431449,431457,434637,8,3180,2,18000,1.00251572327
431669,431675,434785,6,3110,2,18000,1.00192926045
431720,431726,433662,6,1936,2,36000,1.00309917355
431786,431791,434159,5,2368,2,36000,1.00211148649
431848,431854,433474,6,1620,2,36000,1.0037037037
431914,431920,434447,6,2527,2,36000,1.00237435694
431950,431956,435688,6,3732,2,18000,1.00160771704
432011,432017,434305,6,2288,2,36000,1.00262237762
432035,432041,434406,6,2365,2,36000,1.00253699789
432100,432106,434595,6,2489,2,36000,1.00241060667
432134,432140,435851,6,3711,2,18000,1.00161681487
432176,432182,433839,6,1657,2,36000,1.00362100181
432195,432201,435288,6,3087,2,18000,1.0019436346
432212,432218,433664,6,1446,2,36000,1.00414937759
432227,432233,435682,6,3449,2,18000,1.00173963468
432246,432252,433684,6,1432,2,36000,1.00418994413
432362,432369,435871,7,3502,2,18000,1.0019988578
432480,432486,434217,6,1731,2,36000,1.00346620451
432524,432529,435742,5,3213,2,18000,1.00155617803
432546,432552,434113,6,1561,2,36000,1.00384368994
432589,432595,434273,6,1678,2,36000,1.00357568534
432638,432644,434659,6,2015,2,36000,1.00297766749
432676,432683,436417,7,3734,2,18000,1.00187466524
432689,432695,434816,6,2121,2,36000,1.00282885431
432847,432856,436388,9,3532,2,18000,1.00254813137
432941,432947,436058,6,3111,2,18000,1.00192864031
433041,433047,434897,6,1850,2,36000,1.00324324324
433183,433190,436339,7,3149,2,18000,1.00222292791
433218,433225,436664,7,3439,2,18000,1.00203547543
433306,433312,434950,6,1638,2,36000,1.00366300366
433312,433321,436535,9,3214,2,18000,1.00280024891
433458,433464,435367,6,1903,2,36000,1.00315291645
433502,433508,435619,6,2111,2,36000,1.00284225486
433539,433545,435650,6,2105,2,36000,1.00285035629
433577,433583,435736,6,2153,2,36000,1.0027868091
433694,433700,435623,6,1923,2,36000,1.0031201248
433717,433724,437252,7,3528,2,18000,1.00198412698
433742,433748,435732,6,1984,2,36000,1.00302419355
433766,433772,435853,6,2081,2,36000,1.00288322922
433886,433892,435847,6,1955,2,36000,1.00306905371
433903,433911,437314,8,3403,2,18000,1.00235086688
434020,434026,437557,6,3531,2,18000,1.00169923534
434158,434164,436471,6,2307,2,36000,1.00260078023
434231,434237,436766,6,2529,2,36000,1.00237247924
434254,434260,436698,6,2438,2,36000,1.00246103363
434281,434287,437965,6,3678,2,18000,1.00163132137
434286,434293,436821,7,2528,2,36000,1.00276898734
434336,434342,436813,6,2471,2,36000,1.00242816673
434368,434375,437781,7,3406,2,18000,1.00205519671
434487,434493,436929,6,2436,2,36000,1.00246305419
434559,434565,437095,6,2530,2,36000,1.0023715415
434640,434646,437981,6,3335,2,18000,1.00179910045
434649,434655,437158,6,2503,2,36000,1.00239712345
434683,434689,437167,6,2478,2,36000,1.00242130751
434788,434796,438264,8,3468,2,18000,1.00230680507
434825,434831,437331,6,2500,2,36000,1.0024
434910,434916,437361,6,2445,2,36000,1.00245398773
434998,435004,437537,6,2533,2,36000,1.00236873273
435003,435011,438506,8,3495,2,18000,1.00228898426
435292,435300,438521,8,3221,2,18000,1.00248370071
435373,435379,437607,6,2228,2,36000,1.0026929982
435663,435670,437862,7,2192,2,36000,1.00319343066
435684,435690,439251,6,3561,2,18000,1.00168491997
435700,435706,439002,6,3296,2,18000,1.00182038835
435719,435725,437916,6,2191,2,36000,1.00273847558
435743,435749,439339,6,3590,2,18000,1.00167130919
435749,435755,438147,6,2392,2,36000,1.0025083612
435796,435803,437998,7,2195,2,36000,1.00318906606
435822,435828,438159,6,2331,2,36000,1.00257400257
435854,435860,439070,6,3210,2,18000,1.00186915888
435873,435879,439143,6,3264,2,18000,1.00183823529
435877,435885,437942,8,2057,2,36000,1.00388915897
435906,435912,438139,6,2227,2,36000,1.00269420745
436060,436069,439608,9,3539,2,18000,1.00254309127
436341,436351,439389,10,3038,2,18000,1.00329163924
436391,436400,439552,9,3152,2,18000,1.00285532995
436420,436428,439957,8,3529,2,18000,1.00226693114
436500,436506,438344,6,1838,2,36000,1.00326441785
436536,436547,439518,11,2971,2,18000,1.00370245709
436668,436676,439965,8,3289,2,18000,1.00243235026
436713,436719,438709,6,1990,2,36000,1.00301507538
436788,436794,438651,6,1857,2,36000,1.00323101777
436855,436862,438855,7,1993,2,36000,1.00351229303
436899,436905,438650,6,1745,2,36000,1.00343839542
436960,436966,439163,6,2197,2,36000,1.00273099681
437114,437120,439090,6,1970,2,36000,1.00304568528
437170,437176,439413,6,2237,2,36000,1.00268216361
437193,437199,439353,6,2154,2,36000,1.00278551532
437254,437263,440502,9,3239,2,18000,1.00277863538
437316,437325,440866,9,3541,2,18000,1.0025416549
437354,437360,439752,6,2392,2,36000,1.0025083612
437378,437384,439274,6,1890,2,36000,1.00317460317
437558,437564,440948,6,3384,2,18000,1.00177304965
437565,437571,439694,6,2123,2,36000,1.00282618935
437617,437623,439730,6,2107,2,36000,1.00284765069
437784,437792,441423,8,3631,2,18000,1.00220324979
437870,437876,440163,6,2287,2,36000,1.00262352427
437950,437956,440482,6,2526,2,36000,1.00237529691
437968,437974,441116,6,3142,2,18000,1.00190961171
437980,437986,440228,6,2242,2,36000,1.00267618198
437983,437992,441346,9,3354,2,18000,1.00268336315
438011,438017,440498,6,2481,2,36000,1.00241837969
438140,438146,438164,6,18,38,108000,1.33333333333
438165,438171,440232,6,2061,2,36000,1.00291120815
438206,438213,440672,7,2459,2,36000,1.00284668564
438249,438255,440667,6,2412,2,36000,1.00248756219
438266,438275,441332,9,3057,2,18000,1.00294406281
438377,438383,440783,6,2400,2,36000,1.0025
438510,438517,442229,7,3712,2,18000,1.00188577586
438530,438536,442113,6,3577,2,18000,1.00167738328
438679,438685,441029,6,2344,2,36000,1.00255972696
438764,438770,440957,6,2187,2,36000,1.00274348422
438812,438818,441207,6,2389,2,36000,1.00251151109
438908,438915,441260,7,2345,2,36000,1.00298507463
439003,439013,442507,10,3494,2,18000,1.00286204923
439072,439081,442114,9,3033,2,18000,1.00296735905
439138,439145,441205,7,2060,2,36000,1.00339805825
439144,439155,442675,11,3520,2,18000,1.003125
439175,439181,441244,6,2063,2,36000,1.00290838585
439251,439262,442752,11,3490,2,18000,1.00315186246
439282,439288,441385,6,2097,2,36000,1.00286123033
439342,439350,442937,8,3587,2,18000,1.002230276
439387,439393,441466,6,2073,2,36000,1.00289435601
439390,439400,442646,10,3246,2,18000,1.00308071473
439420,439426,441409,6,1983,2,36000,1.00302571861
439487,439494,443856,7,4362,38,108000,1.00160476845
439519,439529,442985,10,3456,2,18000,1.00289351852
439554,439563,442555,9,2992,2,18000,1.00300802139
439612,439619,443007,7,3388,2,18000,1.0020661157
439753,439759,441971,6,2212,2,36000,1.0027124774
439795,439802,442187,7,2385,2,36000,1.00293501048
439845,439851,442047,6,2196,2,36000,1.00273224044
439961,439968,443236,7,3268,2,18000,1.00214198286
439975,439981,442086,6,2105,2,36000,1.00285035629
439976,440174,443517,198,3343,2,18000,1.05922823811
440256,440262,442470,6,2208,2,36000,1.0027173913
440321,440328,442692,7,2364,2,36000,1.00296108291
440507,440513,444151,6,3638,2,18000,1.00164925783
440531,440537,442712,6,2175,2,36000,1.00275862069
440575,440581,442610,6,2029,2,36000,1.00295712173
440724,440731,442586,7,1855,2,36000,1.00377358491
440769,440775,442805,6,2030,2,36000,1.00295566502
440800,440806,442721,6,1915,2,36000,1.00313315927
440869,440877,444605,8,3728,2,18000,1.00214592275
440949,440960,444490,11,3530,2,18000,1.00311614731
440990,440996,443010,6,2014,2,36000,1.00297914598
441037,441043,443026,6,1983,2,36000,1.00302571861
441119,441127,444774,8,3647,2,18000,1.00219358377
441215,441221,443253,6,2032,2,36000,1.00295275591
441258,441264,443144,6,1880,2,36000,1.00319148936
441332,441339,443595,7,2256,2,36000,1.00310283688
441335,441345,444712,10,3367,2,18000,1.00297000297
441351,441357,444934,6,3577,2,18000,1.00167738328
441391,441396,443338,5,1942,2,36000,1.00257466529
441423,441429,443101,6,1672,2,36000,1.00358851675
441427,441435,444654,8,3219,2,18000,1.00248524386
441469,441475,443969,6,2494,2,36000,1.00240577386
441513,441519,443362,6,1843,2,36000,1.00325556158
441988,441994,444498,6,2504,2,36000,1.00239616613
442116,442122,445509,6,3387,2,18000,1.00177147919
442117,442128,445605,11,3477,2,18000,1.00316364682
442121,442133,444235,12,2102,2,36000,1.00570884872
442174,442180,444570,6,2390,2,36000,1.00251046025
442232,442239,445882,7,3643,2,18000,1.00192149327
442240,442246,444759,6,2513,2,36000,1.00238758456
442510,442516,445868,6,3352,2,18000,1.00178997613
442523,442529,444618,6,2089,2,36000,1.00287218765
442558,442566,445974,8,3408,2,18000,1.00234741784
442621,442627,444776,6,2149,2,36000,1.00279199628
442649,442655,445782,6,3127,2,18000,1.00191877199
442664,442670,444738,6,2068,2,36000,1.00290135397
442679,442686,446284,7,3598,2,18000,1.00194552529
442713,442719,444444,6,1725,2,36000,1.00347826087
442754,442761,445832,7,3071,2,18000,1.00227938782
442757,442767,444480,10,1713,2,36000,1.00583771162
442804,442810,444949,6,2139,2,36000,1.00280504909
442874,442880,445020,6,2140,2,36000,1.00280373832
442938,442948,446285,10,3337,2,18000,1.00299670363
442986,442996,446224,10,3228,2,18000,1.00309789343
443008,443019,446468,11,3449,2,18000,1.00318933024
443079,443085,445196,6,2111,2,36000,1.00284225486
443168,443174,445308,6,2134,2,36000,1.00281162137
443200,443206,445308,6,2102,2,36000,1.00285442436
443239,443245,446686,6,3441,2,18000,1.00174367916
443282,443288,445199,6,1911,2,36000,1.00313971743
443322,443329,445122,7,1793,2,36000,1.00390407139
443398,443404,445221,6,1817,2,36000,1.0033021464
443410,443416,445258,6,1842,2,36000,1.00325732899
443518,443528,446666,10,3138,2,18000,1.00318674315
443609,443615,445418,6,1803,2,36000,1.00332778702
443979,443986,446127,7,2141,2,36000,1.00326950023
444153,444162,447601,9,3439,2,18000,1.00261703984
444247,444254,445991,7,1737,2,36000,1.00402993667
444453,444459,446697,6,2238,2,36000,1.00268096515
444489,444496,446614,7,2118,2,36000,1.00330500472
444494,444502,448077,8,3575,2,18000,1.00223776224
444506,444512,446476,6,1964,2,36000,1.00305498982
444580,444586,446479,6,1893,2,36000,1.00316957211
444606,444616,447917,10,3301,2,18000,1.00302938503
444627,444633,447132,6,2499,2,36000,1.00240096038
444657,444666,448195,9,3529,2,18000,1.00255029753
444713,444723,448050,10,3327,2,18000,1.00300571085
444745,444751,447083,6,2332,2,36000,1.0025728988
444765,444771,446990,6,2219,2,36000,1.00270392068
444776,444785,447896,9,3111,2,18000,1.00289296046
444792,444798,447117,6,2319,2,36000,1.00258732212
444937,444945,448061,8,3116,2,18000,1.00256739409
444961,444967,447264,6,2297,2,36000,1.00261210274
445035,445041,447357,6,2316,2,36000,1.00259067358
445134,445140,447185,6,2045,2,36000,1.00293398533
445209,445215,446703,6,1488,2,36000,1.00403225806
445214,445221,446529,7,1308,2,36000,1.00535168196
445231,445237,446695,6,1458,2,36000,1.00411522634
445269,445275,446932,6,1657,2,36000,1.00362100181
445317,445323,447150,6,1827,2,36000,1.00328407225
445347,445353,446981,6,1628,2,36000,1.00368550369
445456,445463,446984,7,1521,2,36000,1.00460223537
445511,445520,448903,9,3383,2,18000,1.00266036063
445606,445612,449229,6,3617,38,3600,1.00165883329
445608,445618,449132,10,3514,2,18000,1.00284575982
445619,445625,445637,6,12,38,3600,1.5
445784,445793,449130,9,3337,2,18000,1.00269703326
445836,445844,449403,8,3559,2,18000,1.00224782242
445873,445879,449220,6,3341,2,18000,1.0017958695
445888,445894,449298,6,3404,2,18000,1.0017626322
445976,445985,449202,9,3217,2,18000,1.00279763755
446052,446058,448543,6,2485,2,36000,1.00241448692
446148,446155,448611,7,2456,2,36000,1.00285016287
446228,446235,449754,7,3519,2,18000,1.00198920148
446287,446295,449823,8,3528,2,18000,1.0022675737
446289,446301,449778,12,3477,2,18000,1.00345125108
446471,446479,449992,8,3513,2,18000,1.00227725591
446489,446495,448406,6,1911,2,36000,1.00313971743
446495,446501,448210,6,1709,2,36000,1.00351082504
446542,446548,448466,6,1918,2,36000,1.0031282586
446623,446629,448384,6,1755,2,36000,1.00341880342
446669,446678,450087,9,3409,2,18000,1.0026400704
446687,446697,449841,10,3144,2,18000,1.00318066158
446709,446715,448612,6,1897,2,36000,1.00316288877
446718,446724,448664,6,1940,2,36000,1.00309278351
446724,446731,448698,7,1967,2,36000,1.00355871886
446945,446951,448984,6,2033,2,36000,1.00295130349
446991,446997,448992,6,1995,2,36000,1.0030075188
446996,447003,449075,7,2072,2,36000,1.00337837838
447003,447009,449166,6,2157,2,36000,1.00278164117
447099,447105,449300,6,2195,2,36000,1.00273348519
447128,447134,449459,6,2325,2,36000,1.00258064516
447154,447160,449609,6,2449,2,36000,1.00244997958
447165,447171,449362,6,2191,2,36000,1.00273847558
447216,447222,449285,6,2063,2,36000,1.00290838585
447276,447282,449633,6,2351,2,36000,1.00255210549
447364,447370,449455,6,2085,2,36000,1.00287769784
447603,447612,451046,9,3434,2,18000,1.00262085032
447898,447907,451209,9,3302,2,18000,1.00272562084
447919,447928,451037,9,3109,2,18000,1.00289482149
448053,448062,451074,9,3012,2,18000,1.00298804781
448068,448074,451701,6,3627,2,18000,1.00165425972
448083,448089,451503,6,3414,2,18000,1.00175746924
448196,448206,451320,10,3114,2,18000,1.00321130379
448227,448233,449540,6,1307,2,36000,1.00459066565
448392,448398,450350,6,1952,2,36000,1.00307377049
448422,448428,450260,6,1832,2,36000,1.00327510917
448473,448479,450216,6,1737,2,36000,1.00345423143
448554,448560,450414,6,1854,2,36000,1.00323624595
448560,448566,448661,6,95,1,1800,1.06315789474
448627,448633,450483,6,1850,2,36000,1.00324324324
448635,448641,450463,6,1822,2,36000,1.00329308452
448682,448688,450872,6,2184,2,36000,1.00274725275
448712,448718,450957,6,2239,2,36000,1.00267976775
448906,448915,452498,9,3583,2,18000,1.00251186157
448962,448968,449070,6,102,1,1800,1.05882352941
448991,448997,451164,6,2167,2,36000,1.0027688048
448999,449006,451272,7,2266,2,36000,1.00308914387
449088,449094,451576,6,2482,2,36000,1.00241740532
449132,449142,452598,10,3456,2,18000,1.00289351852
449140,449148,451297,8,2149,2,36000,1.0037226617
449147,449177,452725,30,3548,2,18000,1.00845546787
449206,449213,452830,7,3617,2,18000,1.0019353055
449220,449231,452606,11,3375,2,18000,1.00325925926
449292,449298,451438,6,2140,2,36000,1.00280373832
449299,449309,452745,10,3436,2,18000,1.00291036088
449311,449317,451733,6,2416,2,36000,1.00248344371
449372,449378,451467,6,2089,2,36000,1.00287218765
449405,449414,452995,9,3581,2,18000,1.00251326445
449471,449477,450849,6,1372,2,36000,1.00437317784
449478,449484,451318,6,1834,2,36000,1.00327153762
449549,449555,451171,6,1616,2,36000,1.00371287129
449623,449629,451511,6,1882,2,36000,1.00318809777
449650,449657,452022,7,2365,2,36000,1.00295983087
449683,449689,450194,6,505,1,1800,1.01188118812
449756,449765,453299,9,3534,2,18000,1.0025466893
449781,449789,453348,8,3559,2,18000,1.00224782242
449827,449834,453414,7,3580,2,18000,1.00195530726
449842,449852,453354,10,3502,2,18000,1.00285551114
449993,450003,453364,10,3361,2,18000,1.00297530497
450091,450098,453502,7,3404,2,18000,1.00205640423
450227,450234,452082,7,1848,2,36000,1.00378787879
450273,450280,452203,7,1923,2,36000,1.00364014561
450358,450364,452672,6,2308,2,36000,1.00259965338
450431,450437,452868,6,2431,2,36000,1.00246812012
450482,450488,452928,6,2440,2,36000,1.00245901639
450490,450496,452714,6,2218,2,36000,1.00270513977
450861,450867,452341,6,1474,2,36000,1.00407055631
450878,450885,452711,7,1826,2,36000,1.00383351588
450976,450982,452667,6,1685,2,36000,1.00356083086
451039,451049,454599,10,3550,2,18000,1.00281690141
451053,451059,452728,6,1669,2,36000,1.00359496705
451054,451175,454910,121,3735,2,18000,1.03239625167
451075,451085,454653,10,3568,2,18000,1.00280269058
451190,451196,452999,6,1803,2,36000,1.00332778702
451212,451221,454702,9,3481,2,18000,1.00258546395
451294,451300,453384,6,2084,2,36000,1.00287907869
451307,451313,452846,6,1533,2,36000,1.00391389432
451322,451329,455043,7,3714,2,18000,1.00188476037
451326,451335,453225,9,1890,2,36000,1.00476190476
451444,451450,452953,6,1503,2,36000,1.00399201597
451485,451491,453625,6,2134,2,36000,1.00281162137
451504,451514,455043,10,3529,2,18000,1.00283366393
451527,451533,453274,6,1741,2,36000,1.00344629523
451590,451596,453107,6,1511,2,36000,1.00397088021
451702,451712,454864,10,3152,2,18000,1.00317258883
451739,451745,453310,6,1565,2,36000,1.00383386581
451830,451836,451875,6,39,1,1800,1.15384615385
451892,451898,451936,6,38,1,1800,1.15789473684
452037,452043,454202,6,2159,2,36000,1.00277906438
452097,452103,454252,6,2149,2,36000,1.00279199628
452190,452196,452272,6,76,1,1800,1.07894736842
452211,452217,454159,6,1942,2,36000,1.00308959835
452218,452224,452301,6,77,1,1800,1.07792207792
452350,452357,454791,7,2434,2,36000,1.0028759244
452494,452509,455730,15,3221,2,18000,1.00465693884
452601,452609,455774,8,3165,2,18000,1.00252764613
452614,452620,454268,6,1648,2,36000,1.0036407767
452616,452678,455946,62,3268,2,18000,1.01897184823
452684,452691,454354,7,1663,2,36000,1.00420926037
452723,452729,454365,6,1636,2,36000,1.00366748166
452726,452735,455816,9,3081,2,18000,1.0029211295
452743,452749,454847,6,2098,2,36000,1.00285986654
452747,452755,456219,8,3464,2,18000,1.00230946882
452759,452766,454826,7,2060,2,36000,1.00339805825
452800,452807,453046,7,239,1,1800,1.02928870293
452832,452841,456392,9,3551,2,18000,1.00253449732
452853,452860,455366,7,2506,2,36000,1.00279329609
452881,452887,455308,6,2421,2,36000,1.00247831475
452945,452951,455289,6,2338,2,36000,1.00256629598
452964,452970,455111,6,2141,2,36000,1.00280242877
452996,453006,456041,10,3035,2,18000,1.00329489292
453009,453015,454774,6,1759,2,36000,1.00341102899
453084,453090,453356,6,266,1,1800,1.02255639098
453135,453141,455031,6,1890,2,36000,1.00317460317
453238,453244,455556,6,2312,2,36000,1.00259515571
453284,453290,455201,6,1911,2,36000,1.00313971743
453302,453310,456900,8,3590,2,18000,1.00222841226
453328,453334,455199,6,1865,2,36000,1.00321715818
453351,453359,456724,8,3365,2,18000,1.00237741456
453367,453373,456918,6,3545,2,18000,1.00169252468
453368,453379,456554,11,3175,2,18000,1.00346456693
453402,453408,455503,6,2095,2,36000,1.00286396181
453417,453425,456952,8,3527,2,18000,1.00226821661
453505,453514,456603,9,3089,2,18000,1.00291356426
453634,453640,456123,6,2483,2,36000,1.00241643174
454173,454179,456621,6,2442,2,36000,1.00245700246
454209,454215,456732,6,2517,2,36000,1.00238379023
454292,454298,456757,6,2459,2,36000,1.00244001627
454327,454333,456407,6,2074,2,36000,1.00289296046
454330,454339,454369,9,30,1,1800,1.3
454386,454392,456333,6,1941,2,36000,1.00309119011
454396,454402,456091,6,1689,2,36000,1.00355239787
454602,454610,458178,8,3568,2,18000,1.00224215247
454655,454664,458182,9,3518,2,18000,1.00255827175
454684,454690,454755,6,65,1,1800,1.09230769231
454704,454713,458328,9,3615,2,18000,1.00248962656
454798,454804,456643,6,1839,2,36000,1.00326264274
454844,454850,456749,6,1899,2,36000,1.00315955766
454866,454872,458495,6,3623,2,18000,1.00165608612
454873,454879,456741,6,1862,2,36000,1.00322234157
454880,454886,456970,6,2084,2,36000,1.00287907869
454913,454922,458429,9,3507,2,18000,1.00256629598
455045,455051,457149,6,2098,2,36000,1.00285986654
455047,455057,458326,10,3269,2,18000,1.00305903946
455048,455062,458267,14,3205,2,18000,1.00436817473
455126,455132,456915,6,1783,2,36000,1.00336511497
455209,455215,456865,6,1650,2,36000,1.00363636364
455215,455221,457146,6,1925,2,36000,1.00311688312
455323,455329,457253,6,1924,2,36000,1.00311850312
455353,455359,457476,6,2117,2,36000,1.00283419934
455373,455379,457138,6,1759,2,36000,1.00341102899
455487,455493,455619,6,126,1,1800,1.04761904762
455544,455550,457736,6,2186,2,36000,1.00274473925
455589,455595,457574,6,1979,2,36000,1.00303183426
455731,455742,459287,11,3545,2,18000,1.00310296192
455777,455785,458941,8,3156,2,18000,1.00253485425
455818,455827,459040,9,3213,2,18000,1.00280112045
455949,455958,459402,9,3444,2,18000,1.00261324042
456041,456052,459461,11,3409,2,18000,1.00322675271
456137,456143,458551,6,2408,2,36000,1.00249169435
456160,456166,458674,6,2508,2,36000,1.0023923445
456223,456231,459661,8,3430,2,18000,1.00233236152
456345,456351,458699,6,2348,2,36000,1.00255536627
456396,456403,459910,7,3507,2,18000,1.00199600798
456418,456424,458902,6,2478,2,36000,1.00242130751
456556,456565,460052,9,3487,2,18000,1.0025810152
456604,456614,459958,10,3344,2,18000,1.00299043062
456634,456640,459150,6,2510,2,36000,1.00239043825
456651,456657,459149,6,2492,2,36000,1.00240770465
456726,456735,460195,9,3460,2,18000,1.00260115607
456740,456746,458825,6,2079,2,36000,1.00288600289
456758,456764,458942,6,2178,2,36000,1.00275482094
456765,456771,458925,6,2154,2,36000,1.00278551532
456770,456777,458643,7,1866,2,36000,1.00375133976
456872,456879,458776,7,1897,2,36000,1.0036900369
456896,456911,460049,15,3138,2,18000,1.00478011472
456921,456926,460595,5,3669,2,18000,1.00136276915
456927,456933,458876,6,1943,2,36000,1.00308800823
456954,456963,460234,9,3271,2,18000,1.00275145216
456979,456986,459256,7,2270,2,36000,1.00308370044
457150,457156,459435,6,2279,2,36000,1.00263273366
457156,457162,459574,6,2412,2,36000,1.00248756219
457161,457168,459327,7,2159,2,36000,1.00324224178
457259,457265,459527,6,2262,2,36000,1.00265251989
457271,457277,457365,6,88,16,43200,1.06818181818
457373,457379,457395,6,16,38,1200,1.375
457490,457496,459279,6,1783,2,36000,1.00336511497
457569,457575,458814,6,1239,38,1200,1.00484261501
457583,457589,459377,6,1788,2,36000,1.0033557047
457742,457748,459369,6,1621,2,36000,1.00370141888
458182,458189,461603,7,3414,2,18000,1.00205038079
458197,458203,461719,6,3516,2,18000,1.00170648464
458270,458279,461674,9,3395,2,18000,1.00265095729
458329,458337,461546,8,3209,2,18000,1.00249298847
458330,458343,461405,13,3062,2,18000,1.00424559112
458433,458441,461964,8,3523,2,18000,1.00227079194
458500,458506,461862,6,3356,2,18000,1.00178784267
458566,458572,460567,6,1995,2,36000,1.0030075188
458653,458659,460470,6,1811,2,36000,1.00331308669
458681,458687,461165,6,2478,2,36000,1.00242130751
458710,458716,461102,6,2386,2,36000,1.0025146689
458797,458804,460824,7,2020,2,36000,1.00346534653
458842,458848,460583,6,1735,2,36000,1.00345821326
458890,458896,460849,6,1953,2,36000,1.00307219662
458908,458913,460786,5,1873,2,36000,1.00266951415
458933,458939,461403,6,2464,2,36000,1.00243506494
458944,458952,462314,8,3362,2,18000,1.00237953599
458954,458960,461472,6,2512,2,36000,1.00238853503
459041,459051,462727,10,3676,2,18000,1.0027203482
459161,459167,461104,6,1937,2,36000,1.00309757357
459167,459173,461134,6,1961,2,36000,1.00305966344
459264,459270,461216,6,1946,2,36000,1.00308324769
459289,459296,462948,7,3652,2,18000,1.00191675794
459295,459302,461335,7,2033,2,36000,1.00344318741
459334,459341,461685,7,2344,2,36000,1.00298634812
459362,459369,460613,7,1244,53,1200,1.00562700965
459382,459388,461581,6,2193,2,36000,1.00273597811
459389,459395,461647,6,2252,2,36000,1.0026642984
459405,459413,463078,8,3665,2,18000,1.00218281037
459452,459459,461900,7,2441,2,36000,1.00286767718
459464,459472,462744,8,3272,2,18000,1.00244498778
459536,459542,461722,6,2180,2,36000,1.00275229358
459587,459593,461575,6,1982,2,36000,1.00302724521
459662,459672,463446,10,3774,2,18000,1.00264970853
459912,459921,463531,9,3610,2,18000,1.00249307479
459960,459969,463227,9,3258,2,18000,1.00276243094
460052,460060,463313,8,3253,2,18000,1.00245926837
460053,460066,463553,13,3487,2,18000,1.00372813307
460196,460206,463559,10,3353,2,18000,1.00298240382
460236,460246,463687,10,3441,2,18000,1.00290613194
460484,460490,462476,6,1986,2,36000,1.00302114804
460582,460588,462679,6,2091,2,36000,1.00286944046
460592,460598,462589,6,1991,2,36000,1.00301356102
460596,460606,463970,10,3364,2,18000,1.00297265161
460829,460835,463013,6,2178,2,36000,1.00275482094
460864,460871,462897,7,2026,2,36000,1.00345508391
460905,460911,463162,6,2251,2,36000,1.00266548201
461123,461129,462664,6,1535,2,36000,1.00390879479
461131,461137,462787,6,1650,2,36000,1.00363636364
461180,461186,462868,6,1682,2,36000,1.00356718193
461238,461244,463703,6,2459,2,36000,1.00244001627
461297,461304,463743,7,2439,2,36000,1.0028700287
461356,461362,463876,6,2514,2,36000,1.00238663484
461407,461414,464996,7,3582,2,18000,1.00195421552
461514,461521,463835,7,2314,2,36000,1.00302506482
461551,461556,464754,5,3198,2,18000,1.00156347717
461597,461603,464030,6,2427,2,36000,1.00247218789
461607,461613,464749,6,3136,2,18000,1.00191326531
461671,461677,464202,6,2525,2,36000,1.00237623762
461677,461683,465245,6,3562,2,18000,1.00168444694
461703,461709,464185,6,2476,2,36000,1.00242326333
461719,461725,463796,6,2071,2,36000,1.00289715113
461721,461731,465134,10,3403,2,18000,1.0029385836
461766,461772,463788,6,2016,2,36000,1.00297619048
461781,461787,464037,6,2250,2,36000,1.00266666667
461865,461873,465047,8,3174,2,18000,1.00252047889
461910,461916,463802,6,1886,2,36000,1.00318133616
461965,461976,465484,11,3508,2,18000,1.00313568985
462316,462326,465687,10,3361,2,18000,1.00297530497
462488,462494,464510,6,2016,2,36000,1.00297619048
462605,462611,464577,6,1966,2,36000,1.00305188199
462680,462686,464225,6,1539,2,36000,1.00389863548
462688,462695,464346,7,1651,2,36000,1.00423985463
462730,462739,465861,9,3122,2,18000,1.00288276746
462745,462756,465957,11,3201,2,18000,1.00343642612
462794,462800,464711,6,1911,2,36000,1.00313971743
462890,462896,464630,6,1734,2,36000,1.00346020761
462911,462918,464402,7,1484,2,36000,1.00471698113
462949,462959,466043,10,3084,2,18000,1.00324254215
463023,463029,465368,6,2339,2,36000,1.0025651988
463081,463089,466394,8,3305,2,18000,1.00242057489
463177,463183,465509,6,2326,2,36000,1.00257953568
463231,463238,466566,7,3328,2,18000,1.00210336538
463316,463324,466688,8,3364,2,18000,1.00237812128
463447,463457,466979,10,3522,2,18000,1.00283929585
463532,463542,467070,10,3528,2,18000,1.00283446712
463556,463564,466924,8,3360,2,18000,1.00238095238
463570,463576,465571,6,1995,2,36000,1.0030075188
463571,463698,466931,127,3233,2,18000,1.03928240025
463690,463715,467479,25,3764,2,18000,1.00664187035
463765,463771,465728,6,1957,2,36000,1.00306591722
463794,463800,466005,6,2205,2,36000,1.00272108844
463816,463823,466256,7,2433,2,36000,1.00287710645
463832,463839,466239,7,2400,2,36000,1.00291666667
463852,463858,466286,6,2428,2,36000,1.00247116969
463894,463900,466362,6,2462,2,36000,1.00243704305
463971,463981,467553,10,3572,2,18000,1.00279955207
464050,464056,466172,6,2116,2,36000,1.00283553875
464074,464080,466091,6,2011,2,36000,1.00298359025
464197,464203,465911,6,1708,2,36000,1.00351288056
464208,464215,465900,7,1685,2,36000,1.00415430267
464241,464247,466276,6,2029,2,36000,1.00295712173
464369,464375,465838,6,1463,2,36000,1.004101162
464412,464418,466687,6,2269,2,36000,1.00264433671
464526,464532,466277,6,1745,2,36000,1.00343839542
464599,464605,467121,6,2516,2,36000,1.00238473768
464639,464645,467122,6,2477,2,36000,1.00242228502
464732,464738,466636,6,1898,2,36000,1.00316122234
464750,464760,468291,10,3531,2,18000,1.00283205891
464765,464771,468273,6,3502,2,18000,1.00171330668
464999,465007,468162,8,3155,2,18000,1.00253565769
465048,465058,468707,10,3649,2,18000,1.00274047684
465136,465145,468550,9,3405,2,18000,1.00264317181
465242,465256,468788,14,3532,2,18000,1.00396375991
465379,465385,467507,6,2122,2,36000,1.00282752121
465485,465495,468908,10,3413,2,18000,1.00292997363
465526,465532,467157,6,1625,2,36000,1.00369230769
465583,465589,468069,6,2480,2,36000,1.00241935484
465690,465699,468805,9,3106,2,18000,1.00289761751
465745,465751,468044,6,2293,2,36000,1.0026166594
465844,465850,468277,6,2427,2,36000,1.00247218789
465863,465872,469242,9,3370,2,18000,1.00267062315
465919,465925,468428,6,2503,2,36000,1.00239712345
465928,465934,468005,6,2071,2,36000,1.00289715113
465958,465968,469319,10,3351,2,18000,1.00298418383
466025,466032,467873,7,1841,2,36000,1.00380228137
466046,466055,469506,9,3451,2,18000,1.00260793973
466100,466106,468268,6,2162,2,36000,1.00277520814
466187,466193,468343,6,2150,2,36000,1.00279069767
466254,466260,468431,6,2171,2,36000,1.00276370336
466267,466273,468190,6,1917,2,36000,1.00312989045
466293,466299,468504,6,2205,2,36000,1.00272108844
466309,466315,468374,6,2059,2,36000,1.00291403594
466319,466325,468271,6,1946,2,36000,1.00308324769
466373,466379,468315,6,1936,2,36000,1.00309917355
466395,466405,469615,10,3210,2,18000,1.0031152648
466569,466577,469840,8,3263,2,18000,1.00245173154
466645,466651,469093,6,2442,2,36000,1.00245700246
466691,466698,469832,7,3134,2,18000,1.00223356733
466717,466723,468052,6,1329,2,36000,1.00451467269
466925,466935,470170,10,3235,2,18000,1.00309119011
466938,466944,468860,6,1916,2,36000,1.00313152401
466940,466990,470095,50,3105,2,18000,1.01610305958
466982,467081,470326,99,3245,2,18000,1.03050847458
467073,467132,470736,59,3604,2,18000,1.01637069922
467139,467145,469458,6,2313,2,36000,1.00259403372
467167,467173,469114,6,1941,2,36000,1.00309119011
467481,467491,470509,10,3018,2,18000,1.00331345262
467528,467535,469393,7,1858,2,36000,1.00376749193
467555,467565,471111,10,3546,2,18000,1.00282007896
467898,467904,470343,6,2439,2,36000,1.0024600246
468017,468024,469744,7,1720,2,36000,1.00406976744
468054,468060,470529,6,2469,2,36000,1.00243013366
468062,468068,470359,6,2291,2,36000,1.00261894369
468082,468088,470557,6,2469,2,36000,1.00243013366
468164,468173,471803,9,3630,2,18000,1.00247933884
468215,468221,470503,6,2282,2,36000,1.00262927257
468274,468280,471546,6,3266,2,18000,1.00183710961
468279,468286,470025,7,1739,2,36000,1.0040253019
468289,468295,470462,6,2167,2,36000,1.0027688048
468292,468301,471790,9,3489,2,18000,1.00257953568
468302,468309,470192,7,1883,2,36000,1.00371747212
468329,468335,470362,6,2027,2,36000,1.00296003947
468353,468359,470301,6,1942,2,36000,1.00308959835
468395,468401,470247,6,1846,2,36000,1.00325027086
468446,468453,470517,7,2064,2,36000,1.00339147287
468453,468459,470621,6,2162,2,36000,1.00277520814
468518,468524,470786,6,2262,2,36000,1.00265251989
468551,468561,471833,10,3272,2,18000,1.00305623472
468710,468718,472015,8,3297,2,18000,1.00242644829
468789,468799,472296,10,3497,2,18000,1.00285959394
468808,468816,472341,8,3525,2,18000,1.00226950355
468878,468884,471119,6,2235,2,36000,1.00268456376
468908,468919,472150,11,3231,2,18000,1.00340451872
469104,469110,470992,6,1882,2,36000,1.00318809777
469121,469127,471264,6,2137,2,36000,1.00280767431
469244,469253,472835,9,3582,2,18000,1.00251256281
469321,469330,472866,9,3536,2,18000,1.00254524887
469408,469415,471376,7,1961,2,36000,1.00356960734
469484,469490,471229,6,1739,2,36000,1.00345025877
469507,469517,473222,10,3705,2,18000,1.00269905533
469617,469626,472979,9,3353,2,18000,1.00268416344
469777,469783,471405,6,1622,2,36000,1.00369913687
469835,469843,473286,8,3443,2,18000,1.00232355504
469850,469856,473351,6,3495,2,18000,1.0017167382
470048,470054,471767,6,1713,2,36000,1.00350262697
470098,470106,473830,8,3724,2,18000,1.00214822771
470173,470181,473451,8,3270,2,18000,1.00244648318
470211,470218,472045,7,1827,2,36000,1.00383141762
470297,470303,472335,6,2032,2,36000,1.00295275591
470307,470313,472049,6,1736,2,36000,1.0034562212
470327,470337,473986,10,3649,2,18000,1.00274047684
470352,470358,472834,6,2476,2,36000,1.00242326333
470408,470414,472631,6,2217,2,36000,1.00270635995
470446,470453,472810,7,2357,2,36000,1.00296987696
470492,470498,472371,6,1873,2,36000,1.00320341698
470513,470519,473653,6,3134,2,18000,1.00191448628
470517,470525,472953,8,2428,2,36000,1.00329489292
470538,470544,472615,6,2071,2,36000,1.00289715113
470563,470569,472944,6,2375,2,36000,1.00252631579
470576,470582,472404,6,1822,2,36000,1.00329308452
470644,470650,473111,6,2461,2,36000,1.00243803332
470738,470747,474230,9,3483,2,18000,1.00258397933
470827,470833,473192,6,2359,2,36000,1.00254345061
471001,471008,472917,7,1909,2,36000,1.00366684128
471114,471122,474297,8,3175,2,18000,1.00251968504
471139,471145,472789,6,1644,2,36000,1.00364963504
471242,471249,473381,7,2132,2,36000,1.00328330206
471279,471286,473745,7,2459,2,36000,1.00284668564
471389,471395,473614,6,2219,2,36000,1.00270392068
471421,471427,473394,6,1967,2,36000,1.00305033045
471549,471557,474840,8,3283,2,18000,1.00243679561
471788,471795,473685,7,1890,2,36000,1.0037037037
471793,471801,475314,8,3513,2,18000,1.00227725591
471808,471813,475445,5,3632,2,18000,1.00137665198
471835,471844,475160,9,3316,2,18000,1.00271411339
472015,472026,475343,11,3317,2,18000,1.00331624962
472064,472071,474576,7,2505,2,36000,1.00279441118
472070,472077,474207,7,2130,2,36000,1.00328638498
472152,472161,475657,9,3496,2,18000,1.00257437071
472298,472308,475997,10,3689,2,18000,1.00271076172
472344,472350,475448,6,3098,2,18000,1.00193673338
472359,472365,474219,6,1854,2,36000,1.00323624595
472390,472396,474422,6,2026,2,36000,1.00296150049
472435,472441,473901,6,1460,2,36000,1.00410958904
472629,472636,474330,7,1694,2,36000,1.0041322314
472637,472643,474551,6,1908,2,36000,1.00314465409
472798,472804,474897,6,2093,2,36000,1.00286669852
472827,472833,474655,6,1822,2,36000,1.00329308452
472836,472845,476415,9,3570,2,18000,1.0025210084
472846,472852,475338,6,2486,2,36000,1.00241351569
472870,472878,476055,8,3177,2,18000,1.00251809884
472929,472935,474736,6,1801,2,36000,1.00333148251
472960,472966,474454,6,1488,2,36000,1.00403225806
472966,472972,474504,6,1532,2,36000,1.00391644909
472980,472990,476270,10,3280,2,18000,1.00304878049
473127,473133,475225,6,2092,2,36000,1.00286806883
473206,473212,475566,6,2354,2,36000,1.00254885302
473223,473234,476619,11,3385,2,18000,1.00324963072
473288,473297,476681,9,3384,2,18000,1.00265957447
473352,473362,476397,10,3035,2,18000,1.00329489292
473388,473394,475154,6,1760,2,36000,1.00340909091
473401,473407,475126,6,1719,2,36000,1.0034904014
473453,473463,477053,10,3590,2,18000,1.00278551532
473634,473641,475668,7,2027,2,36000,1.00345337938
473656,473664,477014,8,3350,2,18000,1.0023880597
473707,473713,475827,6,2114,2,36000,1.00283822138
473758,473765,475507,7,1742,2,36000,1.00401836969
473831,473841,477060,10,3219,2,18000,1.00310655483
473919,473925,475844,6,1919,2,36000,1.00312662845
473989,473997,477282,8,3285,2,18000,1.00243531202
474226,474232,476576,6,2344,2,36000,1.00255972696
474233,474239,477358,6,3119,2,18000,1.00192369349
474243,474249,475939,6,1690,2,36000,1.00355029586
474299,474308,477690,9,3382,2,18000,1.00266114725
474340,474346,476129,6,1783,2,36000,1.00336511497
474434,474441,476445,7,2004,2,36000,1.00349301397
474470,474476,477012,6,2536,2,36000,1.0023659306
474514,474520,476097,6,1577,2,36000,1.00380469245
474562,474568,476803,6,2235,2,36000,1.00268456376
474591,474598,476676,7,2078,2,36000,1.00336862368
474671,474677,476831,6,2154,2,36000,1.00278551532
474743,474749,476679,6,1930,2,36000,1.00310880829
474843,474852,477844,9,2992,2,18000,1.00300802139
474915,474921,476605,6,1684,2,36000,1.00356294537
475133,475139,476922,6,1783,2,36000,1.00336511497
475164,475170,478614,6,3444,2,18000,1.00174216028
475168,475176,477023,8,1847,2,36000,1.00433134813
475238,475245,476939,7,1694,2,36000,1.0041322314
475316,475326,478648,10,3322,2,18000,1.0030102348
475344,475350,478748,6,3398,2,18000,1.00176574456
475363,475370,477824,7,2454,2,36000,1.00285248574
475449,475459,479013,10,3554,2,18000,1.00281373101
475450,475464,479078,14,3614,2,18000,1.00387382402
475524,475530,478067,6,2537,2,36000,1.00236499803
475578,475584,477692,6,2108,2,36000,1.00284629981
475660,475668,478923,8,3255,2,18000,1.0024577573
475684,475690,477797,6,2107,2,36000,1.00284765069
475862,475869,477583,7,1714,2,36000,1.004084014
475918,475925,478216,7,2291,2,36000,1.00305543431
475960,475966,477986,6,2020,2,36000,1.00297029703
476002,476008,479607,6,3599,2,18000,1.00166712976
476059,476067,479804,8,3737,2,18000,1.00214075462
476137,476143,478124,6,1981,2,36000,1.00302877335
476170,476177,478139,7,1962,2,36000,1.00356778797
476274,476282,479365,8,3083,2,18000,1.00259487512
476401,476408,479559,7,3151,2,18000,1.00222151698
476417,476427,479566,10,3139,2,18000,1.00318572794
476516,476522,478759,6,2237,2,36000,1.00268216361
476613,476619,478714,6,2095,2,36000,1.00286396181
476620,476627,479797,7,3170,2,18000,1.00220820189
476685,476691,480164,6,3473,2,18000,1.00172761301
476696,476702,478398,6,1696,2,36000,1.00353773585
476779,476785,478733,6,1948,2,36000,1.00308008214
476797,476803,478759,6,1956,2,36000,1.00306748466
476856,476862,479307,6,2445,2,36000,1.00245398773
476872,476878,479044,6,2166,2,36000,1.0027700831
476934,476940,478632,6,1692,2,36000,1.00354609929
476957,476963,479203,6,2240,2,36000,1.00267857143
477017,477023,480510,6,3487,2,18000,1.0017206768
477027,477033,479364,6,2331,2,36000,1.00257400257
477035,477041,478994,6,1953,2,36000,1.00307219662
477056,477064,480201,8,3137,2,18000,1.0025502072
477071,477077,480566,6,3489,2,18000,1.00171969046
477284,477293,480798,9,3505,2,18000,1.00256776034
477361,477369,480714,8,3345,2,18000,1.0023916293
477598,477604,479308,6,1704,2,36000,1.00352112676
477692,477701,481284,9,3583,2,18000,1.00251186157
477847,477853,481277,6,3424,2,18000,1.00175233645
478618,478624,481787,6,3163,2,18000,1.00189693329
478651,478657,481790,6,3133,2,18000,1.00191509735
478752,478758,482450,6,3692,2,18000,1.00162513543
478926,478932,482522,6,3590,2,18000,1.00167130919
479014,479021,482476,7,3455,2,18000,1.0020260492
479081,479087,482835,6,3748,2,18000,1.00160085379
479368,479374,482734,6,3360,2,18000,1.00178571429
479562,479568,482634,6,3066,2,18000,1.00195694716
479577,479583,483313,6,3730,2,18000,1.00160857909
479608,479614,482785,6,3171,2,18000,1.00189214759
479800,479806,483516,6,3710,2,18000,1.00161725067
479815,479821,482918,6,3097,2,18000,1.00193735873
480166,480172,483419,6,3247,2,18000,1.00184785956
480202,480208,483911,6,3703,2,18000,1.00162030786
480512,480518,484128,6,3610,2,18000,1.00166204986
480567,480574,484029,7,3455,2,18000,1.0020260492
480717,480724,484229,7,3505,2,18000,1.00199714693
480800,480806,484105,6,3299,2,18000,1.00181873295
481280,481286,484867,6,3581,2,18000,1.00167550963
481295,481302,485040,7,3738,2,18000,1.00187265918
481791,481797,485208,6,3411,2,18000,1.00175901495
481792,481803,485264,11,3461,2,18000,1.00317827218
482454,482460,485916,6,3456,2,18000,1.00173611111
482478,482484,485571,6,3087,2,18000,1.0019436346
482524,482530,485955,6,3425,2,18000,1.00175182482
482636,482642,486125,6,3483,2,18000,1.00172265289
482736,482742,486105,6,3363,2,18000,1.00178412132
482788,482794,486525,6,3731,2,18000,1.00160814795
482836,482842,486375,6,3533,2,18000,1.00169827342
482921,482927,486647,6,3720,2,18000,1.00161290323
483315,483322,486891,7,3569,2,18000,1.00196133371
483422,483428,486830,6,3402,2,18000,1.00176366843
483516,483522,486737,6,3215,2,18000,1.00186625194
483912,483918,487472,6,3554,2,18000,1.0016882386
484030,484037,487407,7,3370,2,18000,1.00207715134
484106,484113,487571,7,3458,2,18000,1.0020242915
484132,484138,487322,6,3184,2,18000,1.00188442211
484231,484237,487680,6,3443,2,18000,1.00174266628
484871,484877,488006,6,3129,2,18000,1.00191754554
485041,485047,488169,6,3122,2,18000,1.00192184497
485209,485215,488652,6,3437,2,18000,1.00174570847
485267,485273,488583,6,3310,2,18000,1.00181268882
485572,485578,489075,6,3497,2,18000,1.00171575636
485920,485926,489112,6,3186,2,18000,1.00188323917
485958,485964,489028,6,3064,2,18000,1.00195822454
486110,486116,489386,6,3270,2,18000,1.00183486239
486129,486135,489335,6,3200,2,18000,1.001875
486378,486385,489641,7,3256,2,18000,1.00214987715
486528,486534,490206,6,3672,2,18000,1.00163398693
486649,486655,489769,6,3114,2,18000,1.00192678227
486741,486747,490158,6,3411,2,18000,1.00175901495
486832,486838,490039,6,3201,2,18000,1.00187441425
486893,486899,489708,6,2809,2,18000,1.00213599146
487324,487330,490803,6,3473,2,18000,1.00172761301
487409,487416,490678,7,3262,2,18000,1.00214592275
487474,487480,490621,6,3141,2,18000,1.00191021968
487575,487581,491193,6,3612,2,18000,1.00166112957
487682,487688,491420,6,3732,2,18000,1.00160771704
488008,488014,491407,6,3393,2,18000,1.0017683466
488172,488178,491640,6,3462,2,18000,1.00173310225
488584,488590,491822,6,3232,2,18000,1.00185643564
488654,488661,492100,7,3439,2,18000,1.00203547543
489030,489036,492152,6,3116,2,18000,1.00192554557
489076,489082,492685,6,3603,2,18000,1.00166527893
489115,489121,492199,6,3078,2,18000,1.00194931774
489337,489343,492881,6,3538,2,18000,1.00169587337
489389,489395,492990,6,3595,2,18000,1.0016689847
489643,489650,492730,7,3080,2,18000,1.00227272727
489710,489716,493284,6,3568,2,18000,1.00168161435
489771,489777,492866,6,3089,2,18000,1.00194237617
490041,490047,493477,6,3430,2,18000,1.00174927114
490160,490166,493670,6,3504,2,18000,1.00171232877
490208,490214,493332,6,3118,2,18000,1.00192431046
490622,490628,493675,6,3047,2,18000,1.00196914998
490679,490686,494412,7,3726,2,18000,1.00187869028
490804,490810,494186,6,3376,2,18000,1.00177725118
491196,491202,494447,6,3245,2,18000,1.00184899846
491409,491415,494535,6,3120,2,18000,1.00192307692
491424,491430,494651,6,3221,2,18000,1.00186277554
491642,491649,494594,7,2945,2,18000,1.00237691002
491825,491831,495274,6,3443,2,18000,1.00174266628
492092,492098,495542,6,3444,2,18000,1.00174216028
492093,492104,495601,11,3497,2,18000,1.00314555333
492094,492109,495627,15,3518,2,18000,1.00426378624
492096,492114,495379,18,3265,2,18000,1.00551301685
492097,492119,495536,22,3417,2,18000,1.00643839625
492098,492124,495229,26,3105,2,18000,1.00837359098
492100,492130,495731,30,3601,2,18000,1.00833101916
492101,492135,495351,34,3216,2,18000,1.0105721393
492102,492140,495040,38,2900,2,18000,1.01310344828
492103,492145,495265,42,3120,2,18000,1.01346153846
492105,492150,495521,45,3371,2,18000,1.01334915455
492106,492156,495725,50,3569,2,18000,1.01400952648
492107,492161,495453,54,3292,2,18000,1.01640340219
492108,492166,495762,58,3596,2,18000,1.01612903226
492110,492171,495348,61,3177,2,18000,1.01920050362
492111,492176,495279,65,3103,2,18000,1.02094747019
492112,492181,495894,69,3713,2,18000,1.01858335578
492113,492186,495667,73,3481,2,18000,1.02097098535
492115,492192,495569,77,3377,2,18000,1.02280130293
492116,492197,495522,81,3325,2,18000,1.02436090226
492131,492203,495692,72,3489,2,18000,1.02063628547
492153,492208,495562,55,3354,2,18000,1.01639833035
492202,492214,495247,12,3033,2,18000,1.00395647873
492689,492696,496081,7,3385,2,18000,1.00206794682
492732,492742,496277,10,3535,2,18000,1.00282885431
492869,492877,496581,8,3704,2,18000,1.00215982721
492884,492893,496072,9,3179,2,18000,1.00283107896
492991,493001,496634,10,3633,2,18000,1.00275254611
493287,493295,497055,8,3760,2,18000,1.00212765957
493334,493344,496890,10,3546,2,18000,1.00282007896
493480,493488,496848,8,3360,2,18000,1.00238095238
493671,493681,496907,10,3226,2,18000,1.00309981401
493686,493692,496707,6,3015,2,18000,1.00199004975
494186,494197,497727,11,3530,2,18000,1.00311614731
494415,494424,497889,9,3465,2,18000,1.0025974026
494449,494459,498188,10,3729,2,18000,1.0026816841
494537,494546,497674,9,3128,2,18000,1.00287723785
494595,494605,498173,10,3568,2,18000,1.00280269058
494653,494662,498045,9,3383,2,18000,1.00266036063
495043,495051,498330,8,3279,2,18000,1.00243976822
495232,495240,498849,8,3609,2,18000,1.00221668052
495250,495258,498796,8,3538,2,18000,1.0022611645
495269,495277,498941,8,3664,2,18000,1.00218340611
495284,495290,498845,6,3555,2,18000,1.00168776371
495285,495296,498483,11,3187,2,18000,1.00345152181
495351,495360,498527,9,3167,2,18000,1.00284180613
495366,495372,498704,6,3332,2,18000,1.00180072029
495381,495390,499061,9,3671,2,18000,1.00245164805
495455,495464,498937,9,3473,2,18000,1.00259141952
495523,495532,499092,9,3560,2,18000,1.00252808989
495524,495538,499055,14,3517,2,18000,1.00398066534
495540,495547,498979,7,3432,2,18000,1.00203962704
495555,495561,498623,6,3062,2,18000,1.00195950359
495571,495577,498656,6,3079,2,18000,1.00194868464
495572,495583,499371,11,3788,2,18000,1.00290390707
495603,495612,498608,9,2996,2,18000,1.00300400534
495630,495638,499327,8,3689,2,18000,1.00216860938
495670,495678,499132,8,3454,2,18000,1.00231615518
495691,495703,499076,12,3373,2,18000,1.0035576638
495728,495736,498854,8,3118,2,18000,1.00256574727
495743,495749,498791,6,3042,2,18000,1.00197238659
495765,495773,499108,8,3335,2,18000,1.0023988006
495896,495905,499212,9,3307,2,18000,1.00272149985
496075,496083,499252,8,3169,2,18000,1.00252445566
496091,496097,499407,6,3310,2,18000,1.00181268882
496280,496288,499456,8,3168,2,18000,1.00252525253
496583,496593,500022,10,3429,2,18000,1.00291630213
496638,496645,499918,7,3273,2,18000,1.00213871066
496709,496718,500077,9,3359,2,18000,1.00267936886
496850,496859,500461,9,3602,2,18000,1.00249861188
496893,496901,500082,8,3181,2,18000,1.00251493241
496908,496918,500462,10,3544,2,18000,1.00282167043
497057,497067,500692,10,3625,2,18000,1.00275862069
497675,497685,501273,10,3588,2,18000,1.002787068
497730,497738,501208,8,3470,2,18000,1.0023054755
497891,497901,501127,10,3226,2,18000,1.00309981401
498046,498056,501576,10,3520,2,18000,1.00284090909
498175,498184,501241,9,3057,2,18000,1.00294406281
498190,498199,501285,9,3086,2,18000,1.00291639663
498333,498341,501861,8,3520,2,18000,1.00227272727
498485,498494,501743,9,3249,2,18000,1.0027700831
498527,498538,501829,11,3291,2,18000,1.0033424491
498610,498619,502241,9,3622,2,18000,1.00248481502
498625,498635,501772,10,3137,2,18000,1.00318775901
498658,498667,502255,9,3588,2,18000,1.0025083612
498707,498715,502203,8,3488,2,18000,1.00229357798
498793,498802,502098,9,3296,2,18000,1.00273058252
498808,498814,501975,6,3161,2,18000,1.0018981335
498848,498857,502508,9,3651,2,18000,1.00246507806
498863,498869,502073,6,3204,2,18000,1.00187265918
498865,498875,502183,10,3308,2,18000,1.00302297461
498941,498948,502567,7,3619,2,18000,1.00193423598
498943,498954,502311,11,3357,2,18000,1.00327673518
498983,498991,502253,8,3262,2,18000,1.00245248314
499056,499066,502439,10,3373,2,18000,1.00296471983
499071,499077,502430,6,3353,2,18000,1.00178944229
499086,499093,502276,7,3183,2,18000,1.00219918316
499101,499108,502396,7,3288,2,18000,1.00212895377
499116,499123,502300,7,3177,2,18000,1.00220333648
499135,499143,502361,8,3218,2,18000,1.00248601616
499214,499223,502811,9,3588,2,18000,1.0025083612
499254,499263,502851,9,3588,2,18000,1.0025083612
499330,499338,502435,8,3097,2,18000,1.00258314498
499373,499382,502812,9,3430,2,18000,1.00262390671
499409,499418,503066,9,3648,2,18000,1.00246710526
499458,499468,502763,10,3295,2,18000,1.00303490137
499921,499929,503068,8,3139,2,18000,1.00254858235
500025,500034,503238,9,3204,2,18000,1.00280898876
500080,500089,503109,9,3020,2,18000,1.00298013245
500095,500101,503418,6,3317,2,18000,1.00180886343
500463,500472,503419,9,2947,2,18000,1.00305395317
500465,500478,504108,13,3630,2,18000,1.00358126722
500693,500703,503862,10,3159,2,18000,1.00316555872
501129,501138,504576,9,3438,2,18000,1.00261780105
501212,501219,504818,7,3599,2,18000,1.00194498472
501242,501252,504566,10,3314,2,18000,1.00301750151
501276,501284,504370,8,3086,2,18000,1.00259235256
501291,501297,504949,6,3652,2,18000,1.00164293538
501578,501587,504683,9,3096,2,18000,1.00290697674
501744,501754,505353,10,3599,2,18000,1.0027785496
501774,501783,505151,9,3368,2,18000,1.00267220903
501832,501840,505575,8,3735,2,18000,1.00214190094
501863,501872,505343,9,3471,2,18000,1.00259291271
501978,501987,505526,9,3539,2,18000,1.00254309127
502075,502084,505231,9,3147,2,18000,1.00285986654
502099,502109,505618,10,3509,2,18000,1.00284981476
502185,502194,505286,9,3092,2,18000,1.00291073739
502206,502214,505904,8,3690,2,18000,1.00216802168
502243,502252,505421,9,3169,2,18000,1.00284001262
502258,502264,505759,6,3495,2,18000,1.0017167382
502260,502270,505797,10,3527,2,18000,1.00283527077
502278,502287,505370,9,3083,2,18000,1.00291923451
502304,502311,505892,7,3581,2,18000,1.00195476124
502319,502325,505470,6,3145,2,18000,1.00190779014
502365,502373,505834,8,3461,2,18000,1.00231147067
502398,502407,505747,9,3340,2,18000,1.00269461078
502432,502442,505805,10,3363,2,18000,1.00297353553
502447,502453,506005,6,3552,2,18000,1.00168918919
502448,502459,506128,11,3669,2,18000,1.00299809212
502509,502519,505822,10,3303,2,18000,1.00302755071
502570,502578,505833,8,3255,2,18000,1.0024577573
502765,502774,505914,9,3140,2,18000,1.00286624204
502814,502822,505918,8,3096,2,18000,1.00258397933
502816,502828,506197,12,3369,2,18000,1.0035618878
502852,502862,506567,10,3705,2,18000,1.00269905533
503069,503077,506550,8,3473,2,18000,1.00230348402
503071,503083,506678,12,3595,2,18000,1.0033379694
503110,503121,506678,11,3557,2,18000,1.00309249367
503241,503249,506401,8,3152,2,18000,1.00253807107
503387,503393,588332,6,84939,7,86400,1.00007063893
503419,503429,506842,10,3413,2,18000,1.00292997363
503421,503435,506840,14,3405,2,18000,1.00411160059
503863,503873,507047,10,3174,2,18000,1.00315059861
504111,504119,507462,8,3343,2,18000,1.00239306013
504135,504141,504142,6,1,2,300,1.0
504373,504382,507778,9,3396,2,18000,1.00265017668
504568,504577,508215,9,3638,2,18000,1.00247388675
504583,504589,507747,6,3158,2,18000,1.00189993667
504686,504694,507961,8,3267,2,18000,1.00244872972
504819,504829,508477,10,3648,2,18000,1.00274122807
504949,504960,508563,11,3603,2,18000,1.00305301138
505153,505162,508655,9,3493,2,18000,1.00257658173
505233,505242,508794,9,3552,2,18000,1.00253378378
505287,505297,508763,10,3466,2,18000,1.00288517023
505345,505354,508671,9,3317,2,18000,1.00271329515
505360,505366,508588,6,3222,2,18000,1.00186219739
505375,505381,508701,6,3320,2,18000,1.00180722892
505424,505432,508675,8,3243,2,18000,1.00246685168
505473,505481,509201,8,3720,2,18000,1.00215053763
505528,505537,508741,9,3204,2,18000,1.00280898876
505577,505587,509103,10,3516,2,18000,1.00284414107
505619,505629,508857,10,3228,2,18000,1.00309789343
505750,505758,509019,8,3261,2,18000,1.0024532352
505765,505771,509224,6,3453,2,18000,1.00173761946
505799,505809,508866,10,3057,2,18000,1.0032711809
505814,505820,509081,6,3261,2,18000,1.0018399264
505829,505835,508962,6,3127,2,18000,1.00191877199
505844,505851,509101,7,3250,2,18000,1.00215384615
505846,505857,509001,11,3144,2,18000,1.00349872774
505895,505904,509516,9,3612,2,18000,1.00249169435
505910,505916,509434,6,3518,2,18000,1.0017055145
505925,505931,509433,6,3502,2,18000,1.00171330668
505926,505937,509062,11,3125,2,18000,1.00352
506006,506016,509334,10,3318,2,18000,1.00301386377
506130,506139,509782,9,3643,2,18000,1.00247049135
506200,506208,509817,8,3609,2,18000,1.00221668052
506404,506413,509847,9,3434,2,18000,1.00262085032
506553,506561,510277,8,3716,2,18000,1.00215285253
506568,506578,509847,10,3269,2,18000,1.00305903946
506682,506690,510239,8,3549,2,18000,1.0022541561
506683,506695,510376,12,3681,2,18000,1.0032599837
506842,506851,510265,9,3414,2,18000,1.00263620387
506852,506858,506862,6,4,2,300,1.0
506857,506864,510168,7,3304,2,18000,1.00211864407
506870,506877,506901,7,24,2,300,1.29166666667
506909,506915,506967,6,52,2,300,1.11538461538
506979,506990,507006,11,16,2,300,1.6875
506979,506985,507041,6,56,2,300,1.10714285714
507014,507020,507042,6,22,2,300,1.27272727273
507048,507060,510486,12,3426,2,18000,1.00350262697
507048,507054,507263,6,209,2,300,1.02870813397
507050,507065,507093,15,28,2,300,1.53571428571
507101,507107,507418,6,311,2,300,1.0192926045
507274,507281,507292,7,11,2,300,1.63636363636
507300,507307,507335,7,28,2,300,1.25
507343,507349,507379,6,30,2,300,1.2
507387,507393,507703,6,310,2,300,1.01935483871
507432,507438,507768,6,330,2,360,1.01818181818
507465,507474,510635,9,3161,2,18000,1.00284720025
507718,507725,507894,7,169,2,360,1.04142011834
507749,507758,511460,9,3702,2,18000,1.00243111831
507780,507789,511108,9,3319,2,18000,1.00271166014
507962,507972,511552,10,3580,2,18000,1.00279329609
508217,508226,511675,9,3449,2,18000,1.00260945202
508478,508488,512104,10,3616,2,18000,1.00276548673
508567,508575,511539,8,2964,2,18000,1.00269905533
508591,508599,511903,8,3304,2,18000,1.00242130751
508658,508666,512163,8,3497,2,18000,1.00228767515
508674,508683,511817,9,3134,2,18000,1.00287172942
508688,508695,511969,7,3274,2,18000,1.00213805742
508704,508712,511923,8,3211,2,18000,1.00249143569
508744,508752,512471,8,3719,2,18000,1.00215111589
508765,508774,512343,9,3569,2,18000,1.00252171477
508796,508805,512422,9,3617,2,18000,1.00248824993
508860,508868,512284,8,3416,2,18000,1.00234192037
508875,508881,512208,6,3327,2,18000,1.00180342651
508963,508973,512347,10,3374,2,18000,1.00296384114
509002,509012,512582,10,3570,2,18000,1.00280112045
509021,509030,512713,9,3683,2,18000,1.00244366006
509064,509073,512167,9,3094,2,18000,1.00290885585
509083,509092,512416,9,3324,2,18000,1.00270758123
509105,509112,512214,7,3102,2,18000,1.00225660864
509106,509118,512614,12,3496,2,18000,1.00343249428
509203,509212,512757,9,3545,2,18000,1.00253878702
509225,509235,512593,10,3358,2,18000,1.00297796307
509337,509345,512726,8,3381,2,18000,1.00236616386
509435,509444,513038,9,3594,2,18000,1.00250417362
509436,509450,512600,14,3150,2,18000,1.00444444444
509518,509527,512941,9,3414,2,18000,1.00263620387
509783,509793,513091,10,3298,2,18000,1.00303214069
509820,509828,513267,8,3439,2,18000,1.00232625763
509849,509858,513260,9,3402,2,18000,1.00264550265
509850,509863,512906,13,3043,2,18000,1.0042720999
510147,510153,510221,6,68,2,3540,1.08823529412
510148,510159,510221,11,62,2,3540,1.17741935484
510157,510164,510232,7,68,4,3540,1.10294117647
510159,510169,510232,10,63,2,3540,1.15873015873
510170,510179,513783,9,3604,2,18000,1.00249722531
510241,510251,513780,10,3529,2,18000,1.00283366393
510268,510277,513748,9,3471,2,18000,1.00259291271
510283,510290,513547,7,3257,2,18000,1.00214921707
510378,510387,514101,9,3714,2,18000,1.00242326333
510487,510498,514080,11,3582,2,18000,1.00307091011
510637,510646,514222,9,3576,2,18000,1.00251677852
511111,511119,514624,8,3505,2,18000,1.00228245364
511464,511472,514766,8,3294,2,18000,1.00242865817
511543,511551,515296,8,3745,2,18000,1.00213618158
511558,511564,515130,6,3566,2,18000,1.00168255749
511677,511687,515041,10,3354,2,18000,1.00298151461
511819,511829,515169,10,3340,2,18000,1.00299401198
511904,511914,515647,10,3733,2,18000,1.00267881061
511926,511934,515471,8,3537,2,18000,1.00226180379
511971,511981,515344,10,3363,2,18000,1.00297353553
512105,512115,515830,10,3715,2,18000,1.00269179004
512166,512175,515652,9,3477,2,18000,1.00258843831
512181,512187,515351,6,3164,2,18000,1.00189633375
512212,512219,515326,7,3107,2,18000,1.00225297715
512227,512233,515773,6,3540,2,18000,1.00169491525
512288,512296,515694,8,3398,2,18000,1.00235432607
512346,512354,515864,8,3510,2,18000,1.00227920228
512361,512367,515699,6,3332,2,18000,1.00180072029
512419,512427,516093,8,3666,2,18000,1.00218221495
512434,512440,515715,6,3275,2,18000,1.00183206107
512473,512482,516051,9,3569,2,18000,1.00252171477
512586,512593,515670,7,3077,2,18000,1.00227494313
512601,512607,516058,6,3451,2,18000,1.00173862649
512603,512613,515926,10,3313,2,18000,1.00301841232
512618,512626,515784,8,3158,2,18000,1.00253324889
512715,512724,516171,9,3447,2,18000,1.00261096606
512730,512737,516248,7,3511,2,18000,1.00199373398
512758,512768,515997,10,3229,2,18000,1.00309693404
512909,512917,516036,8,3119,2,18000,1.00256492466
512943,512952,516503,9,3551,2,18000,1.00253449732
513041,513049,516280,8,3231,2,18000,1.00247601362
513092,513102,516623,10,3521,2,18000,1.00284010224
513262,513272,517090,10,3818,2,18000,1.00261917234
513277,513283,516723,6,3440,2,18000,1.00174418605
513548,513558,516841,10,3283,2,18000,1.00304599452
513751,513760,517092,9,3332,2,18000,1.00270108043
513781,513791,516933,10,3142,2,18000,1.00318268619
513796,513802,517282,6,3480,2,18000,1.00172413793
514082,514092,517500,10,3408,2,18000,1.0029342723
514103,514113,517190,10,3077,2,18000,1.00324991875
514225,514233,517618,8,3385,2,18000,1.0023633678
514628,514636,517925,8,3289,2,18000,1.00243235026
514767,514777,517900,10,3123,2,18000,1.00320204931
515043,515053,518606,10,3553,2,18000,1.00281452294
515131,515141,518462,10,3321,2,18000,1.00301114122
515171,515181,518936,10,3755,2,18000,1.00266311585
515298,515307,518376,9,3069,2,18000,1.00293255132
515327,515337,518806,10,3469,2,18000,1.00288267512
515345,515355,518913,10,3558,2,18000,1.00281056773
515360,515366,518981,6,3615,2,18000,1.00165975104
515472,515482,518892,10,3410,2,18000,1.00293255132
515648,515659,519020,11,3361,2,18000,1.00327283547
515663,515669,519294,6,3625,2,18000,1.00165517241
515678,515685,519413,7,3728,2,18000,1.0018776824
515697,515705,518940,8,3235,2,18000,1.00247295209
515712,515718,518831,6,3113,2,18000,1.00192740122
515727,515733,518862,6,3129,2,18000,1.00191754554
515775,515785,519316,10,3531,2,18000,1.00283205891
515790,515797,518984,7,3187,2,18000,1.00219642297
515833,515842,519264,9,3422,2,18000,1.00263004091
515866,515876,519038,10,3162,2,18000,1.00316255534
515927,515937,519599,10,3662,2,18000,1.00273074823
515997,516008,519433,11,3425,2,18000,1.00321167883
516037,516047,519694,10,3647,2,18000,1.00274197971
516052,516063,519648,11,3585,2,18000,1.00306834031
516067,516073,519355,6,3282,2,18000,1.00182815356
516095,516104,519787,9,3683,2,18000,1.00244366006
516174,516182,519552,8,3370,2,18000,1.00237388724
516251,516259,519667,8,3408,2,18000,1.00234741784
516281,516291,519927,10,3636,2,18000,1.00275027503
516506,516514,520238,8,3724,2,18000,1.00214822771
516625,516634,520180,9,3546,2,18000,1.00253807107
516726,516734,520024,8,3290,2,18000,1.00243161094
516842,516852,520581,10,3729,2,18000,1.0026816841
516934,516944,519972,10,3028,2,18000,1.00330250991
517090,517101,520428,11,3327,2,18000,1.00330628194
517105,517112,520582,7,3470,2,18000,1.00201729107
517191,517201,520343,10,3142,2,18000,1.00318268619
517283,517293,520700,10,3407,2,18000,1.00293513355
517501,517511,520881,10,3370,2,18000,1.00296735905
517620,517629,521206,9,3577,2,18000,1.00251607492
517903,517912,521534,9,3622,2,18000,1.00248481502
517927,517936,521078,9,3142,2,18000,1.00286441757
518375,518388,521916,13,3528,2,18000,1.00368480726
518463,518473,521824,10,3351,2,18000,1.00298418383
518609,518618,522033,9,3415,2,18000,1.00263543192
518809,518817,522155,8,3338,2,18000,1.0023966447
518834,518843,522141,9,3298,2,18000,1.00272892662
518864,518873,522108,9,3235,2,18000,1.0027820711
518895,518903,521936,8,3033,2,18000,1.00263765249
518915,518924,522517,9,3593,2,18000,1.00250487058
518937,518947,522574,10,3627,2,18000,1.00275709953
518952,518958,522440,6,3482,2,18000,1.00172314762
518983,518992,522270,9,3278,2,18000,1.00274557657
518998,519004,522347,6,3343,2,18000,1.00179479509
519022,519031,522644,9,3613,2,18000,1.00249100471
519041,519049,522439,8,3390,2,18000,1.00235988201
519265,519275,522774,10,3499,2,18000,1.00285795942
519295,519305,522913,10,3608,2,18000,1.00277161863
519319,519327,522644,8,3317,2,18000,1.00241181791
519356,519366,522747,10,3381,2,18000,1.00295770482
519414,519424,522954,10,3530,2,18000,1.00283286119
519435,519444,523005,9,3561,2,18000,1.00252737995
519554,519563,522756,9,3193,2,18000,1.00281866583
519599,519610,523247,11,3637,2,18000,1.00302447072
519648,519659,523156,11,3497,2,18000,1.00314555333
519669,519678,523260,9,3582,2,18000,1.00251256281
519697,519705,523008,8,3303,2,18000,1.00242204057
519788,519798,522860,10,3062,2,18000,1.00326583932
519930,519938,522926,8,2988,2,18000,1.00267737617
519973,519983,523473,10,3490,2,18000,1.00286532951
520026,520035,523785,9,3750,2,18000,1.0024
520182,520191,523286,9,3095,2,18000,1.00290791599
520240,520249,523828,9,3579,2,18000,1.0025146689
520346,520354,523798,8,3444,2,18000,1.00232288037
520428,520439,523739,11,3300,2,18000,1.00333333333
520584,520591,524000,7,3409,2,18000,1.00205338809
520586,520597,523822,11,3225,2,18000,1.00341085271
520701,520711,524074,10,3363,2,18000,1.00297353553
520882,520892,524342,10,3450,2,18000,1.00289855072
521080,521089,524148,9,3059,2,18000,1.00294213795
521208,521217,524456,9,3239,2,18000,1.00277863538
521536,521545,524859,9,3314,2,18000,1.00271575136
521827,521836,525146,9,3310,2,18000,1.00271903323
521918,521927,525242,9,3315,2,18000,1.00271493213
521937,521947,525093,10,3146,2,18000,1.00317863954
522034,522044,525167,10,3123,2,18000,1.00320204931
522110,522119,525534,9,3415,2,18000,1.00263543192
522144,522152,525299,8,3147,2,18000,1.00254210359
522159,522166,525763,7,3597,2,18000,1.00194606617
522271,522281,525574,10,3293,2,18000,1.00303674461
522350,522358,526099,8,3741,2,18000,1.00213846565
522442,522450,525589,8,3139,2,18000,1.00254858235
522444,522456,525673,12,3217,2,18000,1.0037301834
522520,522528,526044,8,3516,2,18000,1.00227531286
522577,522585,526323,8,3738,2,18000,1.00214018192
522645,522655,526365,10,3710,2,18000,1.00269541779
522646,522660,526010,14,3350,2,18000,1.00417910448
522750,522758,525885,8,3127,2,18000,1.00255836265
522765,522771,526376,6,3605,2,18000,1.00166435506
522780,522786,525978,6,3192,2,18000,1.00187969925
522862,522871,526424,9,3553,2,18000,1.00253307064
522914,522924,526132,10,3208,2,18000,1.00311720698
522929,522937,526094,8,3157,2,18000,1.00253405131
522957,522966,526625,9,3659,2,18000,1.00245968844
523006,523016,526555,10,3539,2,18000,1.00282565697
523021,523027,526351,6,3324,2,18000,1.00180505415
523159,523167,526818,8,3651,2,18000,1.0021911805
523250,523258,526791,8,3533,2,18000,1.00226436456
523265,523272,526897,7,3625,2,18000,1.00193103448
523287,523297,526615,10,3318,2,18000,1.00301386377
523475,523484,526865,9,3381,2,18000,1.00266193434
523741,523751,527098,10,3347,2,18000,1.00298775022
523787,523796,527204,9,3408,2,18000,1.00264084507
523802,523809,526978,7,3169,2,18000,1.00220889871
523823,523833,527319,10,3486,2,18000,1.00286861733
523838,523845,527543,7,3698,2,18000,1.00189291509
524003,524011,527356,8,3345,2,18000,1.0023916293
524077,524085,527696,8,3611,2,18000,1.00221545278
524150,524159,527353,9,3194,2,18000,1.00281778334
524345,524353,527918,8,3565,2,18000,1.00224403927
524458,524467,528027,9,3560,2,18000,1.00252808989
524863,524871,528435,8,3564,2,18000,1.00224466891
525094,525105,528482,11,3377,2,18000,1.00325732899
525150,525157,528762,7,3605,2,18000,1.00194174757
525168,525178,528453,10,3275,2,18000,1.00305343511
525244,525253,528520,9,3267,2,18000,1.00275482094
525296,525311,528432,15,3121,2,18000,1.00480615187
525535,525546,528898,11,3352,2,18000,1.00328162291
525575,525586,529018,11,3432,2,18000,1.00320512821
525590,525601,529121,11,3520,2,18000,1.003125
525676,525684,528874,8,3190,2,18000,1.00250783699
525767,525775,529226,8,3451,2,18000,1.00231816865
525888,525896,529310,8,3414,2,18000,1.00234329233
525982,525989,529517,7,3528,2,18000,1.00198412698
526013,526021,528973,8,2952,2,18000,1.0027100271
526046,526055,529469,9,3414,2,18000,1.00263620387
526095,526105,529252,10,3147,2,18000,1.00317762949
526110,526116,529120,6,3004,2,18000,1.00199733688
526134,526143,529332,9,3189,2,18000,1.00282220132
526326,526335,529528,9,3193,2,18000,1.00281866583
526353,526362,529924,9,3562,2,18000,1.00252667041
526369,526377,529962,8,3585,2,18000,1.00223152022
526384,526390,529535,6,3145,2,18000,1.00190779014
526427,526435,529898,8,3463,2,18000,1.00231013572
526558,526566,530028,8,3462,2,18000,1.002310803
526615,526626,529967,11,3341,2,18000,1.00329242742
526631,526636,529896,5,3260,2,18000,1.00153374233
526793,526802,530393,9,3591,2,18000,1.00250626566
526820,526829,530381,9,3552,2,18000,1.00253378378
526869,526877,530275,8,3398,2,18000,1.00235432607
526900,526908,530318,8,3410,2,18000,1.00234604106
526979,526989,530453,10,3464,2,18000,1.00288683603
527101,527109,530672,8,3563,2,18000,1.00224529891
527207,527215,530657,8,3442,2,18000,1.0023242301
527320,527330,530960,10,3630,2,18000,1.00275482094
527354,527364,530879,10,3515,2,18000,1.00284495021
527369,527375,530780,6,3405,2,18000,1.00176211454
527546,527555,531028,9,3473,2,18000,1.00259141952
527698,527708,530921,10,3213,2,18000,1.00311235605
527919,527929,531217,10,3288,2,18000,1.00304136253
528028,528039,531495,11,3456,2,18000,1.00318287037
528435,528443,531908,8,3465,2,18000,1.00230880231
528436,528449,531909,13,3460,2,18000,1.00375722543
528455,528464,531967,9,3503,2,18000,1.00256922638
528486,528493,532164,7,3671,2,18000,1.00190683737
528522,528531,531858,9,3327,2,18000,1.00270513977
528766,528773,532046,7,3273,2,18000,1.00213871066
528875,528885,532619,10,3734,2,18000,1.0026780932
528900,528909,532354,9,3445,2,18000,1.00261248186
528976,528985,532397,9,3412,2,18000,1.00263774912
529021,529029,532508,8,3479,2,18000,1.00229951135
529122,529131,532218,9,3087,2,18000,1.0029154519
529123,529137,532487,14,3350,2,18000,1.00417910448
529227,529237,532965,10,3728,2,18000,1.00268240343
529255,529263,532735,8,3472,2,18000,1.00230414747
529313,529321,532409,8,3088,2,18000,1.00259067358
529334,529343,532844,9,3501,2,18000,1.00257069409
529471,529480,532851,9,3371,2,18000,1.00266983091
529519,529528,532875,9,3347,2,18000,1.0026889752
529535,529541,532865,6,3324,2,18000,1.00180505415
529550,529556,532634,6,3078,2,18000,1.00194931774
529897,529908,533344,11,3436,2,18000,1.00320139697
529899,529914,532996,15,3082,2,18000,1.0048669695
529926,529935,533042,9,3107,2,18000,1.00289668491
529967,529974,533254,7,3280,2,18000,1.00213414634
529981,529988,533116,7,3128,2,18000,1.00223785166
530030,530039,533368,9,3329,2,18000,1.00270351457
530277,530286,533988,9,3702,2,18000,1.00243111831
530319,530329,533565,10,3236,2,18000,1.00309023486
530384,530392,533441,8,3049,2,18000,1.00262381109
530399,530404,533926,5,3522,2,18000,1.00141964793
530454,530464,533551,10,3087,2,18000,1.00323939099
530661,530668,533951,7,3283,2,18000,1.00213219616
530677,530682,533767,5,3085,2,18000,1.00162074554
530783,530792,534438,9,3646,2,18000,1.00246845858
530881,530890,534276,9,3386,2,18000,1.00265800354
530924,530932,534602,8,3670,2,18000,1.00217983651
530964,530971,534136,7,3165,2,18000,1.00221169036
531032,531040,534771,8,3731,2,18000,1.00214419727
531220,531228,534361,8,3133,2,18000,1.00255346313
531497,531507,535092,10,3585,2,18000,1.00278940028
531860,531870,534894,10,3024,2,18000,1.00330687831
531912,531919,535388,7,3469,2,18000,1.00201787259
531913,531925,535148,12,3223,2,18000,1.00372323922
531968,531978,535191,10,3213,2,18000,1.00311235605
532047,532058,535477,11,3419,2,18000,1.003217315
532167,532175,535253,8,3078,2,18000,1.00259909032
532222,532229,535932,7,3703,2,18000,1.00189035917
532356,532365,535548,9,3183,2,18000,1.00282752121
532399,532408,535945,9,3537,2,18000,1.00254452926
532415,532420,535885,5,3465,2,18000,1.00144300144
532488,532498,535999,10,3501,2,18000,1.00285632676
532510,532519,536222,9,3703,2,18000,1.00243046179
532620,532630,535919,10,3289,2,18000,1.00304043782
532636,532645,535877,9,3232,2,18000,1.00278465347
532736,532746,536179,10,3433,2,18000,1.00291290417
532846,532855,535915,9,3060,2,18000,1.00294117647
532861,532867,535856,6,2989,2,18000,1.00200736032
532876,532882,536606,6,3724,2,18000,1.00161117078
532878,532888,536319,10,3431,2,18000,1.00291460216
532966,532976,536359,10,3383,2,18000,1.00295595625
532997,533007,536118,10,3111,2,18000,1.00321440051
533046,533054,536540,8,3486,2,18000,1.00229489386
533119,533127,536662,8,3535,2,18000,1.00226308345
533256,533266,536582,10,3316,2,18000,1.00301568154
533345,533355,536468,10,3113,2,18000,1.00321233537
533369,533379,536730,10,3351,2,18000,1.00298418383
533443,533452,536957,9,3505,2,18000,1.00256776034
533553,533562,536791,9,3229,2,18000,1.00278724063
533568,533576,537033,8,3457,2,18000,1.00231414521
533770,533778,537345,8,3567,2,18000,1.00224278105
533929,533937,537104,8,3167,2,18000,1.00252604989
533954,533962,536971,8,3009,2,18000,1.00265869059
533991,533999,537427,8,3428,2,18000,1.00233372229
534139,534147,537182,8,3035,2,18000,1.00263591433
534277,534287,537603,10,3316,2,18000,1.00301568154
534363,534372,537452,9,3080,2,18000,1.00292207792
534442,534450,537949,8,3499,2,18000,1.00228636753
534604,534614,537850,10,3236,2,18000,1.00309023486
534772,534782,538000,10,3218,2,18000,1.0031075202
534898,534905,538214,7,3309,2,18000,1.00211544273
534974,534980,535081,6,101,1,1800,1.05940594059
535089,535103,538624,14,3521,2,18000,1.00397614314
535150,535159,538375,9,3216,2,18000,1.00279850746
535193,535202,538152,9,2950,2,18000,1.00305084746
535254,535264,538967,10,3703,2,18000,1.0027005131
535389,535396,535497,7,101,1,1800,1.06930693069
535392,535402,538555,10,3153,2,18000,1.00317158262
535478,535488,538806,10,3318,2,18000,1.00301386377
535551,535560,538770,9,3210,2,18000,1.00280373832
535860,535867,539533,7,3666,2,18000,1.00190943808
535881,535889,539114,8,3225,2,18000,1.00248062016
535896,535902,539386,6,3484,2,18000,1.00172215844
535918,535926,539161,8,3235,2,18000,1.00247295209
535933,535939,539139,6,3200,2,18000,1.001875
535934,535945,539321,11,3376,2,18000,1.00325829384
535949,535956,539336,7,3380,2,18000,1.00207100592
536001,536011,539130,10,3119,2,18000,1.00320615582
536111,536117,536620,6,503,1,1800,1.01192842942
536120,536129,539139,9,3010,2,18000,1.00299003322
536182,536191,539247,9,3056,2,18000,1.00294502618
536225,536233,539764,8,3531,2,18000,1.00226564713
536323,536331,539547,8,3216,2,18000,1.00248756219
536363,536370,539708,7,3338,2,18000,1.00209706411
536469,536479,539587,10,3108,2,18000,1.00321750322
536542,536551,539892,9,3341,2,18000,1.00269380425
536585,536593,539755,8,3162,2,18000,1.00253004428
536607,536617,540195,10,3578,2,18000,1.00279485746
536665,536673,539974,8,3301,2,18000,1.00242350803
536733,536741,540169,8,3428,2,18000,1.00233372229
536793,536803,540542,10,3739,2,18000,1.0026745119
536958,536968,540711,10,3743,2,18000,1.00267165375
536974,536982,540182,8,3200,2,18000,1.0025
537035,537044,540408,9,3364,2,18000,1.00267538644
537106,537115,540445,9,3330,2,18000,1.0027027027
537183,537193,540414,10,3221,2,18000,1.00310462589
537347,537356,540772,9,3416,2,18000,1.00263466042
537430,537438,540711,8,3273,2,18000,1.00244424076
537455,537464,541115,9,3651,2,18000,1.00246507806
537604,537615,540798,11,3183,2,18000,1.00345585925
537841,537847,537882,6,35,16,43200,1.17142857143
537853,537861,541487,8,3626,2,18000,1.00220628792
537899,537906,563219,7,25313,16,43200,1.00027653775
537950,537961,541218,11,3257,2,18000,1.00337734111
537999,538011,541424,12,3413,2,18000,1.00351596836
538155,538164,541956,9,3792,2,18000,1.00237341772
538216,538225,541539,9,3314,2,18000,1.00271575136
538310,538316,538355,6,39,1,1800,1.15384615385
538376,538387,541982,11,3595,2,18000,1.00305980529
538385,538393,538436,8,43,1,1800,1.18604651163
538556,538566,541942,10,3376,2,18000,1.00296208531
538626,538635,541874,9,3239,2,18000,1.00277863538
538638,538644,538718,6,74,1,1800,1.08108108108
538752,538759,538835,7,76,1,1800,1.09210526316
538773,538781,542217,8,3436,2,18000,1.00232828871
538807,538817,542325,10,3508,2,18000,1.00285062714
538968,538978,542090,10,3112,2,18000,1.00321336761
539118,539125,542317,7,3192,2,18000,1.00219298246
539133,539141,542137,8,2996,2,18000,1.00267022697
539148,539155,542347,7,3192,2,18000,1.00219298246
539150,539161,542252,11,3091,2,18000,1.00355871886
539165,539173,542610,8,3437,2,18000,1.00232761129
539232,539238,539471,6,233,1,1800,1.02575107296
539251,539259,542477,8,3218,2,18000,1.00248601616
539324,539332,542665,8,3333,2,18000,1.00240024002
539340,539347,542839,7,3492,2,18000,1.0020045819
539388,539398,542492,10,3094,2,18000,1.00323206206
539535,539544,542766,9,3222,2,18000,1.00279329609
539550,539559,543007,9,3448,2,18000,1.00261020882
539590,539598,543205,8,3607,2,18000,1.00221790962
539709,539719,543455,10,3736,2,18000,1.00267665953
539723,539729,539992,6,263,1,1800,1.02281368821
539758,539766,543042,8,3276,2,18000,1.00244200244
539773,539779,543272,6,3493,2,18000,1.00171772116
539895,539903,543351,8,3448,2,18000,1.00232018561
539978,539985,543295,7,3310,2,18000,1.00211480363
540171,540180,543803,9,3623,2,18000,1.00248412917
540187,540193,543775,6,3582,2,18000,1.00167504188
540202,540208,543500,6,3292,2,18000,1.00182260024
540411,540419,543578,8,3159,2,18000,1.00253244698
540426,540432,543728,6,3296,2,18000,1.00182038835
540448,540456,543384,8,2928,2,18000,1.00273224044
540546,540553,543802,7,3249,2,18000,1.00215450908
540714,540721,544171,7,3450,2,18000,1.00202898551
540715,540728,544143,13,3415,2,18000,1.00380673499
540773,540784,544123,11,3339,2,18000,1.00329439952
540801,540809,543873,8,3064,2,18000,1.00261096606
540876,540882,540910,6,28,1,1800,1.21428571429
541116,541126,544545,10,3419,2,18000,1.00292483182
541215,541221,541283,6,62,1,1800,1.09677419355
541220,541229,544743,9,3514,2,18000,1.00256118384
541426,541435,544872,9,3437,2,18000,1.0026185627
541490,541499,544742,9,3243,2,18000,1.00277520814
541542,541550,544971,8,3421,2,18000,1.00233849752
541875,541885,545419,10,3534,2,18000,1.00282965478
541946,541953,545070,7,3117,2,18000,1.00224574912
541960,541967,545220,7,3253,2,18000,1.00215185982
541981,541987,542107,6,120,1,1800,1.05
541985,541993,545093,8,3100,2,18000,1.00258064516
542092,542102,545768,10,3666,2,18000,1.00272776869
542138,542148,545618,10,3470,2,18000,1.00288184438
542220,542228,545350,8,3122,2,18000,1.00256245996
542254,542263,545630,9,3367,2,18000,1.00267300267
542319,542328,545968,9,3640,2,18000,1.00247252747
542334,542340,545536,6,3196,2,18000,1.00187734668
542349,542359,545638,10,3279,2,18000,1.00304971028
542478,542488,546252,10,3764,2,18000,1.00265674814
542493,542503,545635,10,3132,2,18000,1.00319284802
542613,542621,546162,8,3541,2,18000,1.0022592488
542668,542676,545863,8,3187,2,18000,1.00251019768
542769,542777,545929,8,3152,2,18000,1.00253807107
542843,542850,546320,7,3470,2,18000,1.00201729107
543010,543018,546590,8,3572,2,18000,1.00223964166
543044,543053,546554,9,3501,2,18000,1.00257069409
543206,543216,546836,10,3620,2,18000,1.00276243094
543273,543283,547010,10,3727,2,18000,1.00268312316
543298,543306,546901,8,3595,2,18000,1.00222531293
543354,543362,546354,8,2992,2,18000,1.00267379679
543387,543395,546557,8,3162,2,18000,1.00253004428
543458,543466,546858,8,3392,2,18000,1.00235849057
543504,543511,546861,7,3350,2,18000,1.00208955224
543580,543589,547034,9,3445,2,18000,1.00261248186
543730,543740,546847,10,3107,2,18000,1.00321853878
543776,543786,546888,10,3102,2,18000,1.00322372663
543804,543819,547131,15,3312,2,18000,1.00452898551
543806,543813,547088,7,3275,2,18000,1.00213740458
543876,543884,547301,8,3417,2,18000,1.002341235
544126,544134,547372,8,3238,2,18000,1.0024706609
544144,544154,547157,10,3003,2,18000,1.00333000333
544172,544182,547677,10,3495,2,18000,1.00286123033
544547,544557,548306,10,3749,2,18000,1.00266737797
544746,544755,547863,9,3108,2,18000,1.0028957529
544747,544760,548375,13,3615,2,18000,1.00359612725
544875,544884,548087,9,3203,2,18000,1.00280986575
544972,544982,548081,10,3099,2,18000,1.00322684737
545074,545081,548232,7,3151,2,18000,1.00222151698
545095,545105,548430,10,3325,2,18000,1.0030075188
545223,545231,548509,8,3278,2,18000,1.00244051251
545352,545361,548445,9,3084,2,18000,1.00291828794
545420,545430,548585,10,3155,2,18000,1.00316957211
545539,545547,548843,8,3296,2,18000,1.00242718447
545622,545629,548909,7,3280,2,18000,1.00213414634
545637,545643,549034,6,3391,2,18000,1.00176938956
545638,545649,548826,11,3177,2,18000,1.0034623859
545653,545660,548953,7,3293,2,18000,1.00212572123
545769,545779,548861,10,3082,2,18000,1.00324464633
545867,545874,549425,7,3551,2,18000,1.0019712757
545931,545940,549046,9,3106,2,18000,1.00289761751
545971,545979,549314,8,3335,2,18000,1.0023988006
546165,546173,549905,8,3732,2,18000,1.00214362272
546254,546263,549401,9,3138,2,18000,1.00286806883
546324,546332,549620,8,3288,2,18000,1.00243309002
546358,546366,549673,8,3307,2,18000,1.00241911098
546557,546565,549693,8,3128,2,18000,1.00255754476
546558,546571,550123,13,3552,2,18000,1.00365990991
546592,546601,549945,9,3344,2,18000,1.00269138756
546837,546848,550449,11,3601,2,18000,1.00305470703
546853,546859,550186,6,3327,2,18000,1.00180342651
546869,546875,550353,6,3478,2,18000,1.00172512938
546870,546881,550084,11,3203,2,18000,1.00343428036
546892,546899,550460,7,3561,2,18000,1.00196573996
546907,546913,550528,6,3615,2,18000,1.00165975104
547011,547021,550796,10,3775,2,18000,1.00264900662
547036,547045,550072,9,3027,2,18000,1.00297324083
547092,547100,550763,8,3663,2,18000,1.00218400218
547131,547142,550753,11,3611,2,18000,1.00304624758
547159,547168,550756,9,3588,2,18000,1.0025083612
547303,547312,550744,9,3432,2,18000,1.00262237762
547373,547383,550680,10,3297,2,18000,1.00303306036
547678,547688,550762,10,3074,2,18000,1.00325309044
547865,547874,551019,9,3145,2,18000,1.00286168521
548082,548092,551502,10,3410,2,18000,1.00293255132
548097,548103,551201,6,3098,2,18000,1.00193673338
548235,548243,551551,8,3308,2,18000,1.00241837969
548309,548318,551676,9,3358,2,18000,1.00268016677
548379,548387,552142,8,3755,2,18000,1.00213049268
548431,548441,551657,10,3216,2,18000,1.00310945274
548447,548456,551907,9,3451,2,18000,1.00260793973
548511,548520,552102,9,3582,2,18000,1.00251256281
548587,548596,551841,9,3245,2,18000,1.00277349769
548827,548838,551862,11,3024,2,18000,1.00363756614
548846,548854,552054,8,3200,2,18000,1.0025
548864,548872,552345,8,3473,2,18000,1.00230348402
548910,548921,552434,11,3513,2,18000,1.00313122687
548956,548964,552551,8,3587,2,18000,1.002230276
549036,549046,552576,10,3530,2,18000,1.00283286119
549051,549056,552127,5,3071,2,18000,1.00162813416
549316,549326,552958,10,3632,2,18000,1.00275330396
549405,549412,552653,7,3241,2,18000,1.00215982721
549426,549437,553047,11,3610,2,18000,1.00304709141
549621,549631,553219,10,3588,2,18000,1.002787068
549676,549684,553208,8,3524,2,18000,1.00227014756
549695,549704,552788,9,3084,2,18000,1.00291828794
549908,549916,553063,8,3147,2,18000,1.00254210359
549947,549956,553295,9,3339,2,18000,1.00269541779
550074,550083,553532,9,3449,2,18000,1.00260945202
550090,550096,553339,6,3243,2,18000,1.00185013876
550127,550134,553368,7,3234,2,18000,1.00216450216
550188,550197,553789,9,3592,2,18000,1.00250556793
550356,550364,553670,8,3306,2,18000,1.00241984271
550450,550460,553800,10,3340,2,18000,1.00299401198
550466,550472,553817,6,3345,2,18000,1.00179372197
550531,550539,553666,8,3127,2,18000,1.00255836265
550684,550692,553992,8,3300,2,18000,1.00242424242
550746,550755,554355,9,3600,2,18000,1.0025
550763,550769,554097,6,3328,2,18000,1.00180288462
550764,550775,554094,11,3319,2,18000,1.00331425128
550766,550780,554016,14,3236,2,18000,1.0043263288
550767,550785,554363,18,3578,2,18000,1.00503074343
550798,550808,554180,10,3372,2,18000,1.00296559905
551021,551030,554622,9,3592,2,18000,1.00250556793
551203,551212,554541,9,3329,2,18000,1.00270351457
551504,551514,554923,10,3409,2,18000,1.00293341156
551553,551563,554635,10,3072,2,18000,1.00325520833
551660,551668,554845,8,3177,2,18000,1.00251809884
551679,551688,554667,9,2979,2,18000,1.00302114804
551843,551852,555354,9,3502,2,18000,1.00256996002
551864,551874,555175,10,3301,2,18000,1.00302938503
551908,551918,555415,10,3497,2,18000,1.00285959394
552055,552065,555538,10,3473,2,18000,1.00287935502
552103,552113,555571,10,3458,2,18000,1.002891845
552131,552139,555728,8,3589,2,18000,1.00222903316
552146,552153,555544,7,3391,2,18000,1.00206428782
552346,552356,555436,10,3080,2,18000,1.00324675325
552437,552445,555834,8,3389,2,18000,1.00236057834
552553,552562,555997,9,3435,2,18000,1.00262008734
552577,552587,555676,10,3089,2,18000,1.00323729362
552657,552665,556174,8,3509,2,18000,1.00227985181
552792,552799,556195,7,3396,2,18000,1.00206124853
552959,552969,556257,10,3288,2,18000,1.00304136253
553048,553058,556606,10,3548,2,18000,1.00281848929
553064,553074,556457,10,3383,2,18000,1.00295595625
553211,553219,556574,8,3355,2,18000,1.00238450075
553226,553232,556599,6,3367,2,18000,1.00178200178
553296,553306,556828,10,3522,2,18000,1.00283929585
553339,553350,556700,11,3350,2,18000,1.00328358209
553370,553379,556935,9,3556,2,18000,1.00253093363
553534,553543,556707,9,3164,2,18000,1.00284450063
553671,553677,556709,6,3032,2,18000,1.00197889182
553672,553683,557277,11,3594,2,18000,1.00306065665
553789,553800,557251,11,3451,2,18000,1.00318748189
553804,553811,557304,7,3493,2,18000,1.00200400802
553819,553828,556949,9,3121,2,18000,1.00288369112
553994,554003,557416,9,3413,2,18000,1.00263697627
554019,554027,557728,8,3701,2,18000,1.00216157795
554096,554106,557366,10,3260,2,18000,1.00306748466
554111,554117,557305,6,3188,2,18000,1.00188205772
554182,554191,557441,9,3250,2,18000,1.00276923077
554357,554366,557821,9,3455,2,18000,1.00260492041
554372,554378,557929,6,3551,2,18000,1.00168966488
554543,554552,557866,9,3314,2,18000,1.00271575136
554625,554634,558207,9,3573,2,18000,1.00251889169
554641,554647,558153,6,3506,2,18000,1.00171135197
554669,554679,557774,10,3095,2,18000,1.00323101777
554849,554856,558625,7,3769,2,18000,1.00185725657
554926,554935,558292,9,3357,2,18000,1.00268096515
555176,555186,558503,10,3317,2,18000,1.00301477238
555355,555365,558702,10,3337,2,18000,1.00299670363
555416,555426,558775,10,3349,2,18000,1.00298596596
555438,555448,558567,10,3119,2,18000,1.00320615582
555542,555549,558621,7,3072,2,18000,1.00227864583
555557,555563,558881,6,3318,2,18000,1.00180831826
555572,555582,558772,10,3190,2,18000,1.00313479624
555677,555688,559223,11,3535,2,18000,1.00311173975
555729,555739,559442,10,3703,2,18000,1.0027005131
555836,555846,559506,10,3660,2,18000,1.00273224044
555999,556008,559099,9,3091,2,18000,1.00291167907
556176,556185,559307,9,3122,2,18000,1.00288276746
556198,556206,559835,8,3629,2,18000,1.00220446404
556259,556269,559859,10,3590,2,18000,1.00278551532
556459,556468,559852,9,3384,2,18000,1.00265957447
556575,556585,559940,10,3355,2,18000,1.00298062593
556600,556610,560117,10,3507,2,18000,1.00285143998
556615,556621,560216,6,3595,2,18000,1.0016689847
556701,556711,559954,10,3243,2,18000,1.0030835646
556717,556723,560327,6,3604,2,18000,1.00166481687
556718,556729,559997,11,3268,2,18000,1.00336597307
556832,556839,560317,7,3478,2,18000,1.00201265095
556939,556946,560451,7,3505,2,18000,1.00199714693
556954,556960,560280,6,3320,2,18000,1.00180722892
557253,557262,560734,9,3472,2,18000,1.0025921659
557281,557288,560523,7,3235,2,18000,1.00216383308
557306,557315,560769,9,3454,2,18000,1.00260567458
557307,557321,560327,14,3006,2,18000,1.00465735196
557369,557378,560799,9,3421,2,18000,1.0026308097
557418,557427,560577,9,3150,2,18000,1.00285714286
557442,557452,560589,10,3137,2,18000,1.00318775901
557731,557739,560989,8,3250,2,18000,1.00246153846
557777,557785,561269,8,3484,2,18000,1.00229621125
557823,557832,561273,9,3441,2,18000,1.00261551874
557869,557877,561592,8,3715,2,18000,1.00215343203
557930,557941,561146,11,3205,2,18000,1.00343213729
558156,558165,561798,9,3633,2,18000,1.00247729149
558209,558218,561708,9,3490,2,18000,1.00257879656
558294,558303,561263,9,2960,2,18000,1.00304054054
558505,558515,562067,10,3552,2,18000,1.00281531532
558570,558578,562039,8,3461,2,18000,1.00231147067
558622,558633,561961,11,3328,2,18000,1.00330528846
558637,558643,562175,6,3532,2,18000,1.00169875425
558705,558713,561881,8,3168,2,18000,1.00252525253
558776,558786,561897,10,3111,2,18000,1.00321440051
558777,558791,562168,14,3377,2,18000,1.00414569144
558884,558892,561938,8,3046,2,18000,1.00262639527
559102,559110,562514,8,3404,2,18000,1.00235017626
559224,559234,562862,10,3628,2,18000,1.00275633958
559310,559318,562793,8,3475,2,18000,1.00230215827
559444,559454,562565,10,3111,2,18000,1.00321440051
559508,559518,562922,10,3404,2,18000,1.00293772033
559837,559846,563219,9,3373,2,18000,1.00266824785
559853,559863,562979,10,3116,2,18000,1.00320924262
559868,559874,563208,6,3334,2,18000,1.00179964007
559941,559951,563052,10,3101,2,18000,1.0032247662
559957,559965,563243,8,3278,2,18000,1.00244051251
560000,560008,563556,8,3548,2,18000,1.00225479143
560118,560128,563420,10,3292,2,18000,1.00303766707
560216,560227,563555,11,3328,2,18000,1.00330528846
560284,560292,563803,8,3511,2,18000,1.00227855312
560321,560328,563652,7,3324,2,18000,1.00210589651
560336,560343,563749,7,3406,2,18000,1.00205519671
560338,560349,563568,11,3219,2,18000,1.00341721031
560454,560462,563447,8,2985,2,18000,1.002680067
560524,560534,563661,10,3127,2,18000,1.00319795331
560580,560588,564278,8,3690,2,18000,1.00216802168
560595,560601,563816,6,3215,2,18000,1.00186625194
560735,560745,564085,10,3340,2,18000,1.00299401198
560772,560781,564299,9,3518,2,18000,1.00255827175
560803,560811,564246,8,3435,2,18000,1.00232896652
560992,561000,564603,8,3603,2,18000,1.00222037191
561148,561157,564318,9,3161,2,18000,1.00284720025
561264,561274,564552,10,3278,2,18000,1.00305064063
561279,561285,564413,6,3128,2,18000,1.00191815857
561281,561291,564553,10,3262,2,18000,1.00306560392
561594,561604,564821,10,3217,2,18000,1.00310848617
561711,561719,565468,8,3749,2,18000,1.00213390237
561800,561810,565588,10,3778,2,18000,1.00264690312
561882,561892,565198,10,3306,2,18000,1.00302480339
561898,561908,565361,10,3453,2,18000,1.00289603244
561941,561949,565316,8,3367,2,18000,1.00237600238
561962,561972,565434,10,3462,2,18000,1.00288850376
562041,562050,565084,9,3034,2,18000,1.00296638102
562069,562078,565222,9,3144,2,18000,1.00286259542
562170,562179,565329,9,3150,2,18000,1.00285714286
562185,562191,565882,6,3691,2,18000,1.00162557572
562515,562525,565701,10,3176,2,18000,1.00314861461
562567,562576,565807,9,3231,2,18000,1.00278551532
562794,562805,565901,11,3096,2,18000,1.00355297158
562865,562873,566296,8,3423,2,18000,1.00233713117
562923,562933,566505,10,3572,2,18000,1.00279955207
562981,562991,566517,10,3526,2,18000,1.00283607487
563054,563063,566485,9,3422,2,18000,1.00263004091
563210,563219,566443,9,3224,2,18000,1.00279156328
563226,563232,566967,6,3735,2,18000,1.0016064257
563244,563254,566314,10,3060,2,18000,1.00326797386
563422,563431,567028,9,3597,2,18000,1.00250208507
563449,563459,566885,10,3426,2,18000,1.00291885581
563560,563566,566596,6,3030,2,18000,1.00198019802
563561,563572,566967,11,3395,2,18000,1.00324005891
563576,563582,567108,6,3526,2,18000,1.00170164492
563656,563664,566966,8,3302,2,18000,1.00242277408
563671,563677,567213,6,3536,2,18000,1.00169683258
563751,563760,567138,9,3378,2,18000,1.0026642984
563806,563815,566897,9,3082,2,18000,1.0029201817
563821,563827,567579,6,3752,2,18000,1.00159914712
564086,564096,567484,10,3388,2,18000,1.00295159386
564248,564258,567561,10,3303,2,18000,1.00302755071
564279,564289,567999,10,3710,2,18000,1.00269541779
564300,564310,567656,10,3346,2,18000,1.00298864316
564319,564329,567883,10,3554,2,18000,1.00281373101
564416,564425,567887,9,3462,2,18000,1.00259965338
564554,564569,568325,15,3756,2,18000,1.00399361022
564555,564563,567945,8,3382,2,18000,1.00236546422
564604,564614,567697,10,3083,2,18000,1.0032435939
564823,564833,568183,10,3350,2,18000,1.00298507463
565088,565096,568714,8,3618,2,18000,1.00221116639
565200,565209,568578,9,3369,2,18000,1.00267141585
565224,565234,568635,10,3401,2,18000,1.00294031167
565320,565327,568344,7,3017,2,18000,1.00232018561
565335,565341,568614,6,3273,2,18000,1.00183318057
565363,565372,569094,9,3722,2,18000,1.00241805481
565436,565445,568997,9,3552,2,18000,1.00253378378
565470,565479,569028,9,3549,2,18000,1.00253592561
565589,565600,569331,11,3731,2,18000,1.00294827124
565703,565713,568955,10,3242,2,18000,1.00308451573
565810,565818,569248,8,3430,2,18000,1.00233236152
565884,565893,569064,9,3171,2,18000,1.00283822138
565899,565912,569218,13,3306,2,18000,1.0039322444
566298,566307,569511,9,3204,2,18000,1.00280898876
566317,566326,570073,9,3747,2,18000,1.00240192154
566445,566455,569729,10,3274,2,18000,1.00305436775
566488,566496,569928,8,3432,2,18000,1.00233100233
566507,566517,569777,10,3260,2,18000,1.00306748466
566522,566528,570042,6,3514,2,18000,1.00170745589
566598,566607,570064,9,3457,2,18000,1.00260341336
566888,566897,570089,9,3192,2,18000,1.00281954887
566903,566909,570231,6,3322,2,18000,1.00180614088
566968,566978,570075,10,3097,2,18000,1.00322893122
566969,566983,570346,14,3363,2,18000,1.00416294975
566971,566988,570433,17,3445,2,18000,1.00493468795
567029,567039,570317,10,3278,2,18000,1.00305064063
567112,567120,570463,8,3343,2,18000,1.00239306013
567140,567149,570781,9,3632,2,18000,1.00247797357
567217,567225,570530,8,3305,2,18000,1.00242057489
567488,567495,570943,7,3448,2,18000,1.00203016241
567564,567572,570702,8,3130,2,18000,1.00255591054
567583,567590,570708,7,3118,2,18000,1.00224502886
567659,567668,571209,9,3541,2,18000,1.0025416549
567700,567708,571343,8,3635,2,18000,1.00220082531
567887,567895,570971,8,3076,2,18000,1.00260078023
567888,567901,571434,13,3533,2,18000,1.00367959241
567946,567956,571257,10,3301,2,18000,1.00302938503
568001,568010,571660,9,3650,2,18000,1.00246575342
568185,568194,571810,9,3616,2,18000,1.00248893805
568327,568336,572023,9,3687,2,18000,1.00244100895
568345,568355,571745,10,3390,2,18000,1.00294985251
568579,568590,571839,11,3249,2,18000,1.00338565713
568616,568626,572088,10,3462,2,18000,1.00288850376
568638,568646,571775,8,3129,2,18000,1.00255672739
568717,568726,572215,9,3489,2,18000,1.00257953568
568959,568966,572719,7,3753,2,18000,1.00186517453
568998,569008,572171,10,3163,2,18000,1.00316155549
569030,569040,572235,10,3195,2,18000,1.00312989045
569067,569075,572328,8,3253,2,18000,1.00245926837
569098,569105,572736,7,3631,2,18000,1.00192784357
569220,569229,572451,9,3222,2,18000,1.00279329609
569251,569259,572786,8,3527,2,18000,1.00226821661
569333,569342,572974,9,3632,2,18000,1.00247797357
569513,569522,572641,9,3119,2,18000,1.00288554024
569730,569740,572874,10,3134,2,18000,1.00319081047
569779,569788,573208,9,3420,2,18000,1.00263157895
569930,569939,573290,9,3351,2,18000,1.00268576544
570046,570053,573614,7,3561,2,18000,1.00196573996
570068,570075,573113,7,3038,2,18000,1.00230414747
570083,570089,573242,6,3153,2,18000,1.00190294957
570085,570095,573425,10,3330,2,18000,1.003003003
570100,570106,573712,6,3606,2,18000,1.00166389351
570232,570242,573556,10,3314,2,18000,1.00301750151
570321,570329,573649,8,3320,2,18000,1.00240963855
570349,570357,573526,8,3169,2,18000,1.00252445566
570435,570444,573904,9,3460,2,18000,1.00260115607
570466,570474,573830,8,3356,2,18000,1.00238379023
570533,570542,574059,9,3517,2,18000,1.00255899915
570703,570714,574072,11,3358,2,18000,1.00327575938
570718,570724,574267,6,3543,2,18000,1.0016934801
570782,570792,574107,10,3315,2,18000,1.00301659125
570944,570955,574506,11,3551,2,18000,1.00309771895
570972,570982,574208,10,3226,2,18000,1.00309981401
571211,571220,574479,9,3259,2,18000,1.00276158331
571258,571268,574702,10,3434,2,18000,1.00291205591
571344,571354,574528,10,3174,2,18000,1.00315059861
571436,571445,574782,9,3337,2,18000,1.00269703326
571662,571672,575234,10,3562,2,18000,1.00280741157
571748,571756,575412,8,3656,2,18000,1.00218818381
571776,571786,574996,10,3210,2,18000,1.0031152648
571813,571821,575390,8,3569,2,18000,1.00224152424
571841,571850,575264,9,3414,2,18000,1.00263620387
572026,572034,575619,8,3585,2,18000,1.00223152022
572091,572099,575196,8,3097,2,18000,1.00258314498
572173,572182,575623,9,3441,2,18000,1.00261551874
572216,572226,575649,10,3423,2,18000,1.00292141396
572238,572247,575643,9,3396,2,18000,1.00265017668
572330,572339,575525,9,3186,2,18000,1.00282485876
572452,572463,575572,11,3109,2,18000,1.00353811515
572642,572652,576290,10,3638,2,18000,1.00274876306
572722,572730,576218,8,3488,2,18000,1.00229357798
572737,572748,575985,11,3237,2,18000,1.00339820822
572790,572797,576331,7,3534,2,18000,1.00198075835
572876,572885,576352,9,3467,2,18000,1.00259590424
572978,572986,576365,8,3379,2,18000,1.00236756437
573116,573125,576242,9,3117,2,18000,1.00288739172
573210,573219,576757,9,3538,2,18000,1.00254381006
573244,573253,576763,9,3510,2,18000,1.00256410256
573293,573301,576935,8,3634,2,18000,1.00220143093
573427,573436,576426,9,2990,2,18000,1.00301003344
573527,573537,576650,10,3113,2,18000,1.00321233537
573558,573567,576906,9,3339,2,18000,1.00269541779
573613,573625,576728,12,3103,2,18000,1.00386722527
573650,573660,577023,10,3363,2,18000,1.00297353553
573714,573724,577049,10,3325,2,18000,1.0030075188
573833,573841,576837,8,2996,2,18000,1.00267022697
573906,573915,577416,9,3501,2,18000,1.00257069409
574062,574070,577702,8,3632,2,18000,1.00220264317
574078,574083,577742,5,3659,2,18000,1.00136649358
574108,574118,577516,10,3398,2,18000,1.00294290759
574209,574219,577672,10,3453,2,18000,1.00289603244
574270,574278,577990,8,3712,2,18000,1.00215517241
574482,574490,578018,8,3528,2,18000,1.0022675737
574507,574517,578056,10,3539,2,18000,1.00282565697
574528,574539,578050,11,3511,2,18000,1.00313301054
574705,574713,578416,8,3703,2,18000,1.00216041048
574784,574793,577852,9,3059,2,18000,1.00294213795
574998,575008,578712,10,3704,2,18000,1.00269978402
575199,575207,578717,8,3510,2,18000,1.00227920228
575236,575245,578729,9,3484,2,18000,1.00258323766
575267,575276,578691,9,3415,2,18000,1.00263543192
575392,575401,578962,9,3561,2,18000,1.00252737995
575413,575423,578956,10,3533,2,18000,1.0028304557
575527,575536,579026,9,3490,2,18000,1.00257879656
575576,575584,578873,8,3289,2,18000,1.00243235026
575623,575629,579121,6,3492,2,18000,1.00171821306
575625,575636,578963,11,3327,2,18000,1.00330628194
575647,575654,579107,7,3453,2,18000,1.0020272227
575662,575668,578808,6,3140,2,18000,1.00191082803
575979,575996,579260,17,3264,2,18000,1.00520833333
576220,576229,579599,9,3370,2,18000,1.00267062315
576244,576254,579722,10,3468,2,18000,1.00288350634
576294,576301,579561,7,3260,2,18000,1.00214723926
576333,576342,579995,9,3653,2,18000,1.00246372844
576356,576363,579467,7,3104,2,18000,1.00225515464
576372,576378,579916,6,3538,2,18000,1.00169587337
576427,576437,579699,10,3262,2,18000,1.00306560392
576653,576662,579996,9,3334,2,18000,1.00269946011
576729,576739,580318,10,3579,2,18000,1.00279407656
576761,576768,579887,7,3119,2,18000,1.00224430907
576776,576782,580338,6,3556,2,18000,1.00168728909
576840,576848,580497,8,3649,2,18000,1.00219238147
576908,576917,580501,9,3584,2,18000,1.00251116071
576938,576946,580658,8,3712,2,18000,1.00215517241
577027,577034,580572,7,3538,2,18000,1.00197851894
577051,577060,580709,9,3649,2,18000,1.00246642916
577419,577427,580804,8,3377,2,18000,1.00236896654
577519,577527,581098,8,3571,2,18000,1.00224026883
577676,577683,581012,7,3329,2,18000,1.00210273355
577703,577713,581216,10,3503,2,18000,1.00285469597
577746,577754,581316,8,3562,2,18000,1.00224592925
577855,577863,581317,8,3454,2,18000,1.00231615518
577994,578001,581423,7,3422,2,18000,1.00204558738
578019,578029,581511,10,3482,2,18000,1.00287191269
578054,578061,581806,7,3745,2,18000,1.00186915888
578070,578076,581775,6,3699,2,18000,1.00162206002
578418,578428,581973,10,3545,2,18000,1.00282087447
578693,578702,582217,9,3515,2,18000,1.00256045519
578715,578724,582058,9,3334,2,18000,1.00269946011
578731,578737,581827,6,3090,2,18000,1.00194174757
578732,578743,581932,11,3189,2,18000,1.00344935717
578809,578819,582323,10,3504,2,18000,1.00285388128
578877,578884,581982,7,3098,2,18000,1.00225952227
578957,578967,582665,10,3698,2,18000,1.00270416441
578972,578979,582365,7,3386,2,18000,1.00206733609
578974,578985,582342,11,3357,2,18000,1.00327673518
579029,579037,582340,8,3303,2,18000,1.00242204057
579108,579118,582887,10,3769,2,18000,1.00265322367
579124,579132,582432,8,3300,2,18000,1.00242424242
579261,579271,582969,10,3698,2,18000,1.00270416441
579468,579478,582933,10,3455,2,18000,1.00289435601
579563,579572,582609,9,3037,2,18000,1.00296345077
579600,579610,583144,10,3534,2,18000,1.00282965478
579701,579710,583162,9,3452,2,18000,1.00260718424
579726,579734,582979,8,3245,2,18000,1.00246533128
579889,579898,583561,9,3663,2,18000,1.00245700246
579918,579927,583380,9,3453,2,18000,1.00260642919
579997,580006,583512,9,3506,2,18000,1.00256702795
579999,580012,583487,13,3475,2,18000,1.00374100719
580318,580329,583432,11,3103,2,18000,1.00354495649
580339,580349,583516,10,3167,2,18000,1.00315756236
580498,580508,583751,10,3243,2,18000,1.0030835646
580513,580519,584021,6,3502,2,18000,1.00171330668
580574,580583,583920,9,3337,2,18000,1.00269703326
580659,580670,584318,11,3648,2,18000,1.00301535088
580711,580720,584324,9,3604,2,18000,1.00249722531
580806,580815,584379,9,3564,2,18000,1.00252525253
581013,581024,584251,11,3227,2,18000,1.00340873877
581102,581109,584881,7,3772,2,18000,1.00185577943
581218,581227,584458,9,3231,2,18000,1.00278551532
581319,581328,584495,9,3167,2,18000,1.00284180613
581320,581333,584449,13,3116,2,18000,1.0041720154
581424,581435,584957,11,3522,2,18000,1.00312322544
581513,581522,584931,9,3409,2,18000,1.0026400704
581778,581786,585445,8,3659,2,18000,1.00218638972
581809,581817,585306,8,3489,2,18000,1.00229292061
581831,581838,584939,7,3101,2,18000,1.00225733634
581934,581944,585084,10,3140,2,18000,1.00318471338
581974,581984,585078,10,3094,2,18000,1.00323206206
581989,581995,585062,6,3067,2,18000,1.0019563091
582059,582069,585452,10,3383,2,18000,1.00295595625
582221,582228,585764,7,3536,2,18000,1.00197963801
582324,582334,585447,10,3113,2,18000,1.00321233537
582344,582352,585498,8,3146,2,18000,1.00254291163
582345,582358,585393,13,3035,2,18000,1.00428336079
582367,582376,585831,9,3455,2,18000,1.00260492041
582434,582444,585993,10,3549,2,18000,1.00281769513
582611,582621,586062,10,3441,2,18000,1.00290613194
582666,582676,585985,10,3309,2,18000,1.00302206105
582892,582898,586194,6,3296,2,18000,1.00182038835
582935,582944,586065,9,3121,2,18000,1.00288369112
582972,582980,586131,8,3151,2,18000,1.00253887655
582987,582993,586613,6,3620,2,18000,1.00165745856
583145,583155,586800,10,3645,2,18000,1.00274348422
583164,583174,586719,10,3545,2,18000,1.00282087447
583383,583391,586624,8,3233,2,18000,1.00247448191
583436,583444,587023,8,3579,2,18000,1.00223526125
583489,583498,586896,9,3398,2,18000,1.00264861683
583514,583523,586643,9,3120,2,18000,1.00288461538
583529,583535,586951,6,3416,2,18000,1.00175644028
583563,583572,587144,9,3572,2,18000,1.00251959686
583752,583762,587333,10,3571,2,18000,1.00280033604
583923,583931,587354,8,3423,2,18000,1.00233713117
584022,584033,587653,11,3620,2,18000,1.00303867403
584252,584263,587772,11,3509,2,18000,1.00313479624
584320,584329,587715,9,3386,2,18000,1.00265800354
584336,584343,587452,7,3109,2,18000,1.00225152782
584383,584390,587513,7,3123,2,18000,1.00224143452
584451,584460,587873,9,3413,2,18000,1.00263697627
584466,584472,587570,6,3098,2,18000,1.00193673338
584497,584507,587938,10,3431,2,18000,1.00291460216
584885,584892,588167,7,3275,2,18000,1.00213740458
584934,584943,588377,9,3434,2,18000,1.00262085032
584949,584955,588276,6,3321,2,18000,1.00180668473
584964,584970,588436,6,3466,2,18000,1.00173110214
585065,585073,588424,8,3351,2,18000,1.00238734706
585080,585089,588464,9,3375,2,18000,1.00266666667
585095,585101,588589,6,3488,2,18000,1.00172018349
585309,585318,588920,9,3602,2,18000,1.00249861188
585396,585404,588535,8,3131,2,18000,1.00255509422
585446,585456,588578,10,3122,2,18000,1.00320307495
585462,585468,588946,6,3478,2,18000,1.00172512938
585463,585474,588770,11,3296,2,18000,1.00333737864
585500,585509,589069,9,3560,2,18000,1.00252808989
585768,585775,589244,7,3469,2,18000,1.00201787259
585833,585843,588909,10,3066,2,18000,1.0032615786
585987,585996,589435,9,3439,2,18000,1.00261703984
586002,586008,589544,6,3536,2,18000,1.00169683258
586064,586073,589668,9,3595,2,18000,1.00250347705
586080,586086,589799,6,3713,2,18000,1.00161594398
586134,586143,589499,9,3356,2,18000,1.002681764
586196,586205,589407,9,3202,2,18000,1.00281074329
586615,586624,590115,9,3491,2,18000,1.00257805786
586630,586636,589851,6,3215,2,18000,1.00186625194
586645,586654,589735,9,3081,2,18000,1.0029211295
586721,586731,590322,10,3591,2,18000,1.00278473963
586802,586811,590069,9,3258,2,18000,1.00276243094
586900,586908,590546,8,3638,2,18000,1.00219901045
586952,586962,590501,10,3539,2,18000,1.00282565697
587026,587035,590486,9,3451,2,18000,1.00260793973
587148,587155,590785,7,3630,2,18000,1.00192837466
587335,587344,590998,9,3654,2,18000,1.00246305419
587356,587365,590801,9,3436,2,18000,1.0026193248
587454,587463,590510,9,3047,2,18000,1.00295372498
587514,587524,590964,10,3440,2,18000,1.00290697674
587572,587581,590941,9,3360,2,18000,1.00267857143
587655,587665,590890,10,3225,2,18000,1.00310077519
587717,587726,591150,9,3424,2,18000,1.00262850467
587775,587784,591011,9,3227,2,18000,1.00278896808
587876,587884,590900,8,3016,2,18000,1.00265251989
587939,587949,591672,10,3723,2,18000,1.00268600591
588168,588178,591561,10,3383,2,18000,1.00295595625
588278,588287,591389,9,3102,2,18000,1.00290135397
588378,588388,591799,10,3411,2,18000,1.00293169159
588427,588436,592167,9,3731,2,18000,1.00241222192
588442,588448,591706,6,3258,2,18000,1.00184162063
588467,588475,592002,8,3527,2,18000,1.00226821661
588537,588546,592032,9,3486,2,18000,1.00258175559
588580,588589,591983,9,3394,2,18000,1.00265173836
588595,588601,592333,6,3732,2,18000,1.00160771704
588772,588781,592422,9,3641,2,18000,1.00247184839
588910,588920,592089,10,3169,2,18000,1.00315556958
588925,588931,592193,6,3262,2,18000,1.00183936235
588947,588957,591983,10,3026,2,18000,1.00330469266
589073,589080,592297,7,3217,2,18000,1.00217594032
589246,589256,592320,10,3064,2,18000,1.00326370757
589411,589418,592786,7,3368,2,18000,1.0020783848
589438,589447,592920,9,3473,2,18000,1.00259141952
589500,589510,592694,10,3184,2,18000,1.00314070352
589546,589555,592987,9,3432,2,18000,1.00262237762
589671,589679,592960,8,3281,2,18000,1.00243828101
589736,589746,592905,10,3159,2,18000,1.00316555872
589803,589810,593206,7,3396,2,18000,1.00206124853
589855,589862,593028,7,3166,2,18000,1.00221099179
590071,590080,593323,9,3243,2,18000,1.00277520814
590118,590126,593640,8,3514,2,18000,1.00227660785
590325,590333,593773,8,3440,2,18000,1.0023255814
590490,590497,593883,7,3386,2,18000,1.00206733609
590505,590513,593971,8,3458,2,18000,1.002313476
590520,590526,593999,6,3473,2,18000,1.00172761301
590548,590557,594233,9,3676,2,18000,1.00244831338
590566,590572,590573,6,1,2,300,1.0
590783,590790,590791,7,1,2,300,1.0
590787,590796,593979,9,3183,2,18000,1.00282752121
590802,590812,594438,10,3626,2,18000,1.0027578599
590891,590901,594519,10,3618,2,18000,1.00276395799
590906,590912,594031,6,3119,2,18000,1.00192369349
590943,590953,594590,10,3637,2,18000,1.00274951883
590965,590975,594542,10,3567,2,18000,1.00280347631
591002,591009,594378,7,3369,2,18000,1.00207776788
591017,591022,594371,5,3349,2,18000,1.00149298298
591154,591161,594568,7,3407,2,18000,1.00205459348
591391,591400,594721,9,3321,2,18000,1.0027100271
591565,591573,595121,8,3548,2,18000,1.00225479143
591621,591627,675298,6,83671,7,86400,1.00007170943
591676,591683,595092,7,3409,2,18000,1.00205338809
591709,591717,594915,8,3198,2,18000,1.00250156348
591801,591810,595343,9,3533,2,18000,1.00254741013
591988,591994,595589,6,3595,2,18000,1.0016689847
591989,592000,595379,11,3379,2,18000,1.00325540101
592004,592013,595255,9,3242,2,18000,1.00277606416
592035,592043,595402,8,3359,2,18000,1.00238166121
592091,592100,595602,9,3502,2,18000,1.00256996002
592171,592179,595516,8,3337,2,18000,1.0023973629
592196,592204,595735,8,3531,2,18000,1.00226564713
592300,592308,595858,8,3550,2,18000,1.00225352113
592321,592331,595540,10,3209,2,18000,1.00311623559
592336,592344,595659,8,3315,2,18000,1.002413273
592425,592433,595928,8,3495,2,18000,1.00228898426
592696,592706,596165,10,3459,2,18000,1.00289100896
592787,592797,596085,10,3288,2,18000,1.00304136253
592906,592916,596021,10,3105,2,18000,1.00322061192
592921,592931,596061,10,3130,2,18000,1.00319488818
592961,592971,596192,10,3221,2,18000,1.00310462589
592988,592998,596253,10,3255,2,18000,1.00307219662
593031,593040,596642,9,3602,2,18000,1.00249861188
593210,593218,596875,8,3657,2,18000,1.00218758545
593326,593334,596589,8,3255,2,18000,1.0024577573
593642,593651,597084,9,3433,2,18000,1.00262161375
593776,593785,597341,9,3556,2,18000,1.00253093363
593886,593894,596991,8,3097,2,18000,1.00258314498
593897,593903,593907,6,4,2,300,1.0
593897,593908,593931,11,23,2,300,1.47826086957
593914,593921,593947,7,26,2,300,1.26923076923
593938,593944,593979,6,35,2,300,1.17142857143
593956,593962,594025,6,63,2,360,1.09523809524
593975,593983,597403,8,3420,2,18000,1.00233918129
593987,593993,594223,6,230,2,300,1.02608695652
593990,593999,597678,9,3679,2,18000,1.00244631693
594006,594012,597082,6,3070,2,18000,1.00195439739
594033,594046,597462,13,3416,2,18000,1.00380562061
594034,594040,594274,6,234,2,300,1.02564102564
594231,594237,594254,6,17,2,300,1.35294117647
594237,594244,597487,7,3243,2,18000,1.00215849522
594261,594268,594304,7,36,2,300,1.19444444444
594282,594288,594305,6,17,2,300,1.35294117647
594312,594318,594358,6,40,2,300,1.15
594313,594324,594364,11,40,2,300,1.275
594368,594374,594715,6,341,2,360,1.01759530792
594372,594381,594401,9,20,2,360,1.45
594373,594387,597796,14,3409,2,18000,1.00410677618
594388,594394,597732,6,3338,2,18000,1.00179748352
594408,594414,594755,6,341,2,360,1.01759530792
594440,594450,597545,10,3095,2,18000,1.00323101777
594520,594530,597758,10,3228,2,18000,1.00309789343
594545,594553,597625,8,3072,2,18000,1.00260416667
594569,594580,598069,11,3489,2,18000,1.00315276584
594591,594601,597778,10,3177,2,18000,1.00314762354
594723,594732,598342,9,3610,2,18000,1.00249307479
594729,594738,595091,9,353,2,360,1.02549575071
594770,594776,595131,6,355,2,360,1.01690140845
594919,594926,598137,7,3211,2,18000,1.00218000623
595094,595103,598723,9,3620,2,18000,1.00248618785
595106,595112,595267,6,155,2,360,1.03870967742
595125,595133,598262,8,3129,2,18000,1.00255672739
595145,595151,595392,6,241,2,360,1.02489626556
595257,595266,598549,9,3283,2,18000,1.00274139507
595345,595354,598725,9,3371,2,18000,1.00266983091
595382,595390,598971,8,3581,2,18000,1.00223401285
595403,595413,598567,10,3154,2,18000,1.00317057705
595520,595528,599278,8,3750,2,18000,1.00213333333
595541,595552,599017,11,3465,2,18000,1.00317460317
595591,595600,598753,9,3153,2,18000,1.00285442436
595606,595613,598900,7,3287,2,18000,1.00212960146
595662,595671,598798,9,3127,2,18000,1.00287815798
595739,595746,599290,7,3544,2,18000,1.0019751693
595862,595869,599208,7,3339,2,18000,1.00209643606
595929,595939,599382,10,3443,2,18000,1.0029044438
596024,596032,599213,8,3181,2,18000,1.00251493241
596063,596072,599287,9,3215,2,18000,1.00279937792
596088,596096,599336,8,3240,2,18000,1.0024691358
596167,596177,599664,10,3487,2,18000,1.00286779467
596195,596204,599332,9,3128,2,18000,1.00287723785
596257,596265,599775,8,3510,2,18000,1.00227920228
596590,596600,600107,10,3507,2,18000,1.00285143998
596645,596653,600057,8,3404,2,18000,1.00235017626
596878,596887,599910,9,3023,2,18000,1.00297717499
596994,597003,600224,9,3221,2,18000,1.0027941633
597083,597093,600686,10,3593,2,18000,1.00278318954
597098,597105,600600,7,3495,2,18000,1.00200286123
597344,597353,600447,9,3094,2,18000,1.00290885585
597405,597415,600876,10,3461,2,18000,1.00288933834
597463,597473,600967,10,3494,2,18000,1.00286204923
597491,597499,600867,8,3368,2,18000,1.00237529691
597549,597557,601024,8,3467,2,18000,1.00230747044
597628,597636,601164,8,3528,2,18000,1.0022675737
597656,597663,597730,7,67,2,3540,1.10447761194
597657,597668,597730,11,62,2,3540,1.17741935484
597680,597689,601145,9,3456,2,18000,1.00260416667
597735,597743,601220,8,3477,2,18000,1.00230083405
597760,597770,601477,10,3707,2,18000,1.00269759914
597781,597790,601147,9,3357,2,18000,1.00268096515
597800,597808,601373,8,3565,2,18000,1.00224403927
598070,598080,601066,10,2986,2,18000,1.00334896182
598140,598148,601599,8,3451,2,18000,1.00231816865
598265,598273,601566,8,3293,2,18000,1.00242939569
598345,598353,601834,8,3481,2,18000,1.00229819018
598550,598560,602043,10,3483,2,18000,1.00287108814
598569,598578,601981,9,3403,2,18000,1.00264472524
598725,598734,601865,9,3131,2,18000,1.002874481
598727,598740,601830,13,3090,2,18000,1.00420711974
598755,598765,602505,10,3740,2,18000,1.00267379679
598801,598810,601912,9,3102,2,18000,1.00290135397
598902,598911,602114,9,3203,2,18000,1.00280986575
598973,598982,602354,9,3372,2,18000,1.00266903915
599019,599028,602606,9,3578,2,18000,1.00251537172
599213,599219,602401,6,3182,2,18000,1.00188560654
599215,599225,602677,10,3452,2,18000,1.00289687138
599280,599289,602767,9,3478,2,18000,1.00258769408
599295,599301,602492,6,3191,2,18000,1.00188028831
599297,599307,602512,10,3205,2,18000,1.0031201248
599334,599343,602991,9,3648,2,18000,1.00246710526
599350,599356,602421,6,3065,2,18000,1.00195758564
599383,599393,603100,10,3707,2,18000,1.00269759914
599667,599675,602894,8,3219,2,18000,1.00248524386
599776,599786,603286,10,3500,2,18000,1.00285714286
599914,599921,603435,7,3514,2,18000,1.00199203187
600061,600068,603407,7,3339,2,18000,1.00209643606
600110,600118,603583,8,3465,2,18000,1.00230880231
600226,600235,603676,9,3441,2,18000,1.00261551874
600450,600458,603873,8,3415,2,18000,1.00234260615
600604,600612,604139,8,3527,2,18000,1.00226821661
600689,600697,604435,8,3738,2,18000,1.00214018192
600871,600878,604438,7,3560,2,18000,1.00196629213
600886,600892,604141,6,3249,2,18000,1.00184672207
600968,600978,604115,10,3137,2,18000,1.00318775901
601026,601035,604437,9,3402,2,18000,1.00264550265
601069,601077,604508,8,3431,2,18000,1.00233168173
601149,601156,604311,7,3155,2,18000,1.00221870048
601151,601162,604736,11,3574,2,18000,1.003077784
601166,601175,604512,9,3337,2,18000,1.00269703326
601221,601231,604367,10,3136,2,18000,1.00318877551
601375,601384,604679,9,3295,2,18000,1.00273141123
601479,601489,604692,10,3203,2,18000,1.00312207306
601567,601577,605171,10,3594,2,18000,1.00278241514
601601,601611,605021,10,3410,2,18000,1.00293255132
601834,601841,605449,7,3608,2,18000,1.00194013304
601847,601853,654706,6,52853,2,180000,1.00011352241
601849,601859,605151,10,3292,2,18000,1.00303766707
601867,601877,605448,10,3571,2,18000,1.00280033604
601914,601923,605158,9,3235,2,18000,1.0027820711
601984,601992,605566,8,3574,2,18000,1.00223838836
602046,602055,605606,9,3551,2,18000,1.00253449732
602116,602125,605793,9,3668,2,18000,1.00245365322
602355,602365,605829,10,3464,2,18000,1.00288683603
602405,602412,605626,7,3214,2,18000,1.00217797138
602423,602432,605792,9,3360,2,18000,1.00267857143
602493,602503,605800,10,3297,2,18000,1.00303306036
602509,602516,605889,7,3373,2,18000,1.00207530388
602524,602530,606126,6,3596,2,18000,1.00166852058
602610,602617,606234,7,3617,2,18000,1.0019353055
602680,602688,606312,8,3624,2,18000,1.00220750552
602769,602778,605825,9,3047,2,18000,1.00295372498
602897,602905,606052,8,3147,2,18000,1.00254210359
602993,603002,606748,9,3746,2,18000,1.00240256273
603103,603111,606675,8,3564,2,18000,1.00224466891
603289,603298,606906,9,3608,2,18000,1.00249445676
603411,603418,606943,7,3525,2,18000,1.0019858156
603435,603446,606983,11,3537,2,18000,1.00310998021
603585,603594,606849,9,3255,2,18000,1.00276497696
603677,603687,606965,10,3278,2,18000,1.00305064063
603876,603884,607154,8,3270,2,18000,1.00244648318
604116,604126,607721,10,3595,2,18000,1.00278164117
604142,604150,607878,8,3728,2,18000,1.00214592275
604143,604156,607475,13,3319,2,18000,1.00391684242
604315,604322,607872,7,3550,2,18000,1.00197183099
604369,604379,607980,10,3601,2,18000,1.00277700639
604437,604446,607968,9,3522,2,18000,1.00255536627
604439,604452,607975,13,3523,2,18000,1.0036900369
604454,604460,608022,6,3562,2,18000,1.00168444694
604510,604519,607857,9,3338,2,18000,1.00269622528
604525,604531,607695,6,3164,2,18000,1.00189633375
604680,604690,608332,10,3642,2,18000,1.0027457441
604696,604704,607991,8,3287,2,18000,1.00243383024
604732,604747,607933,15,3186,2,18000,1.00470809793
