SubmitTime,StartTime,EndTime,QueuedTime,RunTime,NodesRequested,walltime,bslowdown
49,55,2819,6,2764,2,18000,1.002170767
51,61,2717,10,2656,2,18000,1.00376506024
69,77,2843,8,2766,2,18000,1.0028922632
171,181,2947,10,2766,2,18000,1.00361532899
200,209,2889,9,2680,2,18000,1.00335820896
284,293,3116,9,2823,2,18000,1.00318809777
458,466,3222,8,2756,2,18000,1.00290275762
608,616,3381,8,2765,2,18000,1.00289330922
664,674,3575,10,2901,2,18000,1.00344708721
793,800,3646,7,2846,2,18000,1.00245959241
794,806,3487,12,2681,2,18000,1.00447594181
835,845,3622,10,2777,2,18000,1.00360100828
928,938,3796,10,2858,2,18000,1.00349895031
1099,1109,3982,10,2873,2,18000,1.00348068221
1254,1262,4085,8,2823,2,18000,1.00283386468
1291,1297,1307,6,10,1,900,1.6
1304,1311,5303,7,3992,14,8940,1.00175350701
1308,1317,4162,9,2845,2,18000,1.00316344464
1324,1330,4006,6,2676,2,18000,1.00224215247
1407,1417,4222,10,2805,2,18000,1.00356506239
1477,1483,4321,6,2838,2,18000,1.0021141649
1583,1592,4293,9,2701,2,18000,1.00333209922
1630,1638,4358,8,2720,2,18000,1.00294117647
1660,1668,4498,8,2830,2,18000,1.00282685512
1823,1830,4622,7,2792,2,18000,1.00250716332
1851,1860,4550,9,2690,2,18000,1.00334572491
1937,1946,4874,9,2928,2,18000,1.00307377049
1953,1959,4844,6,2885,2,18000,1.0020797227
1981,1989,4725,8,2736,2,18000,1.00292397661
2100,2109,4797,9,2688,2,18000,1.00334821429
2123,2132,4932,9,2800,2,18000,1.00321428571
2225,2233,5001,8,2768,2,18000,1.00289017341
2291,2301,5111,10,2810,2,18000,1.00355871886
2308,2315,5201,7,2886,2,18000,1.00242550243
2324,2331,5047,7,2716,2,18000,1.00257731959
2348,2356,5132,8,2776,2,18000,1.00288184438
2364,2370,5204,6,2834,2,18000,1.00211714891
2392,2401,5078,9,2677,2,18000,1.00336197236
2435,2442,5268,7,2826,2,18000,1.00247699929
2575,2584,5296,9,2712,2,18000,1.00331858407
2607,2615,5417,8,2802,2,18000,1.0028551035
2718,2728,5526,10,2798,2,18000,1.00357398142
2812,2820,5629,8,2809,2,18000,1.00284798861
2829,2835,5609,6,2774,2,18000,1.0021629416
2844,2854,5670,10,2816,2,18000,1.00355113636
2892,2900,5783,8,2883,2,18000,1.00277488727
2949,2959,5758,10,2799,2,18000,1.00357270454
3119,3128,6064,9,2936,2,18000,1.0030653951
3225,3233,6049,8,2816,2,18000,1.00284090909
3383,3393,6094,10,2701,2,18000,1.00370233247
3491,3498,6350,7,2852,2,18000,1.00245441795
3578,3587,6196,9,2609,2,18000,1.00344959755
3626,3633,6259,7,2626,2,18000,1.00266565118
3647,3657,6461,10,2804,2,18000,1.00356633381
3799,3808,6429,9,2621,2,18000,1.00343380389
3985,3994,6804,9,2810,2,18000,1.00320284698
4007,4017,6814,10,2797,2,18000,1.00357525921
4087,4096,6758,9,2662,2,18000,1.0033809166
4164,4174,6935,10,2761,2,18000,1.00362187613
4225,4233,7065,8,2832,2,18000,1.00282485876
4294,4304,6960,10,2656,2,18000,1.00376506024
4323,4332,7209,9,2877,2,18000,1.0031282586
4362,4369,7200,7,2831,2,18000,1.00247262451
4501,4509,7266,8,2757,2,18000,1.00290170475
4551,4561,7405,10,2844,2,18000,1.0035161744
4623,4633,7365,10,2732,2,18000,1.00366032211
4727,4737,7474,10,2737,2,18000,1.00365363537
4800,4808,7549,8,2741,2,18000,1.00291864283
4845,4855,7665,10,2810,2,18000,1.00355871886
4876,4885,7453,9,2568,2,18000,1.0035046729
4934,4943,7696,9,2753,2,18000,1.00326916092
5003,5012,7844,9,2832,2,18000,1.0031779661
5050,5058,7766,8,2708,2,18000,1.00295420975
5079,5089,7917,10,2828,2,18000,1.00353606789
5115,5122,7854,7,2732,2,18000,1.00256222548
5134,5143,8016,9,2873,2,18000,1.00313261399
5204,5212,7980,8,2768,2,18000,1.00289017341
5205,5218,7777,13,2559,2,18000,1.00508010942
5272,5280,8070,8,2790,2,18000,1.00286738351
5298,5306,8099,8,2793,2,18000,1.00286430362
5301,5312,5319,11,7,1,900,1.8
5316,5322,10157,6,4835,14,8940,1.0012409514
5418,5428,7991,10,2563,2,18000,1.00390167772
5527,5537,8325,10,2788,2,18000,1.00358680057
5611,5620,8428,9,2808,2,18000,1.00320512821
5630,5640,8471,10,2831,2,18000,1.00353232073
5674,5682,8515,8,2833,2,18000,1.00282386163
5761,5769,8475,8,2706,2,18000,1.0029563932
5785,5794,8360,9,2566,2,18000,1.00350740452
6051,6061,8811,10,2750,2,18000,1.00363636364
6067,6075,8915,8,2840,2,18000,1.00281690141
6096,6105,8887,9,2782,2,18000,1.00323508267
6201,6207,9096,6,2889,2,18000,1.0020768432
6261,6270,9040,9,2770,2,18000,1.00324909747
6351,6362,8989,11,2627,2,18000,1.00418728588
6432,6440,9386,8,2946,2,18000,1.0027155465
6464,6472,9242,8,2770,2,18000,1.00288808664
6761,6769,9594,8,2825,2,18000,1.00283185841
6806,6816,9501,10,2685,2,18000,1.00372439479
6822,6828,9671,6,2843,2,18000,1.00211044671
6936,6946,9783,10,2837,2,18000,1.00352485019
6961,6971,9731,10,2760,2,18000,1.00362318841
7069,7076,9846,7,2770,2,18000,1.00252707581
7202,7212,9957,10,2745,2,18000,1.00364298725
7218,7224,9865,6,2641,2,18000,1.00227186672
7267,7277,9967,10,2690,2,18000,1.00371747212
7366,7376,10138,10,2762,2,18000,1.00362056481
7406,7416,10333,10,2917,2,18000,1.00342817964
7454,7464,10245,10,2781,2,18000,1.00359582884
7476,7485,10122,9,2637,2,18000,1.00341296928
7550,7560,10283,10,2723,2,18000,1.00367242012
7669,7676,10388,7,2712,2,18000,1.00258112094
7697,7707,10504,10,2797,2,18000,1.00357525921
7769,7777,10564,8,2787,2,18000,1.00287047004
7784,7791,10575,7,2784,2,18000,1.00251436782
7846,7856,10751,10,2895,2,18000,1.00345423143
7862,7868,10688,6,2820,2,18000,1.00212765957
7921,7928,10828,7,2900,2,18000,1.0024137931
7983,7991,10746,8,2755,2,18000,1.00290381125
7998,8004,10691,6,2687,2,18000,1.00223297358
8020,8027,10855,7,2828,2,18000,1.00247524752
8073,8081,10908,8,2827,2,18000,1.00282985497
8100,8110,10755,10,2645,2,18000,1.00378071834
8329,8337,11045,8,2708,2,18000,1.00295420975
8363,8371,11268,8,2897,2,18000,1.00276147739
8432,8440,11289,8,2849,2,18000,1.00280800281
8472,8482,11392,10,2910,2,18000,1.00343642612
8487,8494,11405,7,2911,2,18000,1.00240467193
8516,8526,11251,10,2725,2,18000,1.00366972477
8814,8822,11533,8,2711,2,18000,1.00295094061
8889,8898,11855,9,2957,2,18000,1.0030436253
8917,8926,11762,9,2836,2,18000,1.00317348378
8992,9001,11735,9,2734,2,18000,1.00329188003
9042,9051,11927,9,2876,2,18000,1.00312934631
9097,9107,11825,10,2718,2,18000,1.00367917586
9244,9253,11986,9,2733,2,18000,1.00329308452
9389,9397,12272,8,2875,2,18000,1.0027826087
9503,9512,12245,9,2733,2,18000,1.00329308452
9598,9605,12378,7,2773,2,18000,1.00252434187
9676,9682,12499,6,2817,2,18000,1.00212992545
9733,9742,12375,9,2633,2,18000,1.0034181542
9786,9794,12504,8,2710,2,18000,1.00295202952
9848,9858,12710,10,2852,2,18000,1.00350631136
9868,9876,12699,8,2823,2,18000,1.00283386468
9959,9968,12865,9,2897,2,18000,1.00310666206
9975,9981,12853,6,2872,2,18000,1.00208913649
10123,10133,12714,10,2581,2,18000,1.00387446726
10139,10149,12890,10,2741,2,18000,1.00364830354
10249,10257,13023,8,2766,2,18000,1.0028922632
10284,10294,13019,10,2725,2,18000,1.00366972477
10335,10344,13123,9,2779,2,18000,1.00323857503
10392,10399,13220,7,2821,2,18000,1.00248138958
10508,10515,13256,7,2741,2,18000,1.00255381248
10568,10575,13428,7,2853,2,18000,1.00245355766
10584,10590,13396,6,2806,2,18000,1.00213827512
10691,10705,13601,14,2896,2,18000,1.00483425414
10692,10699,13543,7,2844,2,18000,1.00246132208
10750,10756,13502,6,2746,2,18000,1.00218499636
10766,10772,13532,6,2760,2,18000,1.00217391304
10767,10778,13585,11,2807,2,18000,1.00391877449
10829,10839,13649,10,2810,2,18000,1.00355871886
10858,10867,13510,9,2643,2,18000,1.00340522134
10912,10919,13665,7,2746,2,18000,1.00254916242
11047,11056,13915,9,2859,2,18000,1.00314795383
11254,11262,14071,8,2809,2,18000,1.00284798861
11269,11279,14145,10,2866,2,18000,1.00348918353
11292,11300,14063,8,2763,2,18000,1.00289540355
11396,11404,14119,8,2715,2,18000,1.002946593
11412,11418,14040,6,2622,2,18000,1.00228832952
11537,11544,14427,7,2883,2,18000,1.00242802636
11739,11747,14389,8,2642,2,18000,1.00302800908
11763,11773,14558,10,2785,2,18000,1.00359066427
11828,11836,14645,8,2809,2,18000,1.00284798861
11856,11867,14573,11,2706,2,18000,1.00406504065
11928,11938,14707,10,2769,2,18000,1.00361141206
11988,11997,14810,9,2813,2,18000,1.00319943121
12248,12256,15054,8,2798,2,18000,1.00285918513
12274,12283,14982,9,2699,2,18000,1.00333456836
12380,12385,15216,5,2831,2,18000,1.00176616037
12381,12392,15130,11,2738,2,18000,1.00401753104
12504,12510,15364,6,2854,2,18000,1.00210231254
12519,12525,15237,6,2712,2,18000,1.00221238938
12707,12713,15370,6,2657,2,18000,1.00225818592
12708,12721,15394,13,2673,2,18000,1.00486344931
12724,12730,15325,6,2595,2,18000,1.00231213873
12856,12864,15602,8,2738,2,18000,1.00292184076
12871,12878,15610,7,2732,2,18000,1.00256222548
12891,12901,15852,10,2951,2,18000,1.0033886818
13022,13030,15972,8,2942,2,18000,1.00271923861
13038,13044,15786,6,2742,2,18000,1.00218818381
13127,13134,15908,7,2774,2,18000,1.00252343187
13223,13231,16023,8,2792,2,18000,1.00286532951
13260,13268,15955,8,2687,2,18000,1.0029772981
13398,13407,16215,9,2808,2,18000,1.00320512821
13429,13439,16145,10,2706,2,18000,1.0036954915
13505,13513,16347,8,2834,2,18000,1.00282286521
13520,13527,16414,7,2887,2,18000,1.00242466228
13536,13543,16381,7,2838,2,18000,1.00246652572
13552,13558,16478,6,2920,2,18000,1.00205479452
13586,13596,16415,10,2819,2,18000,1.00354735722
13602,13612,16373,10,2761,2,18000,1.00362187613
13652,13661,16432,9,2771,2,18000,1.00324792494
13668,13680,16688,12,3008,2,18000,1.0039893617
13917,13926,16826,9,2900,2,18000,1.00310344828
14043,14052,16909,9,2857,2,18000,1.00315015751
14066,14074,16769,8,2695,2,18000,1.00296846011
14081,14087,16799,6,2712,2,18000,1.00221238938
14122,14130,16952,8,2822,2,18000,1.00283486889
14146,14157,16913,11,2756,2,18000,1.00399129173
14392,14400,17125,8,2725,2,18000,1.00293577982
14429,14438,17268,9,2830,2,18000,1.00318021201
14561,14569,17464,8,2895,2,18000,1.00276338515
14577,14585,17263,8,2678,2,18000,1.00298730396
14648,14657,17578,9,2921,2,18000,1.0030811366
14710,14719,17504,9,2785,2,18000,1.00323159785
14811,14822,17623,11,2801,2,18000,1.00392716887
14986,14994,17922,8,2928,2,18000,1.00273224044
15057,15065,17912,8,2847,2,18000,1.00280997541
15134,15142,18012,8,2870,2,18000,1.00278745645
15218,15227,18012,9,2785,2,18000,1.00323159785
15240,15249,17882,9,2633,2,18000,1.0034181542
15329,15337,18142,8,2805,2,18000,1.00285204991
15367,15375,18240,8,2865,2,18000,1.00279232112
15384,15390,18160,6,2770,2,18000,1.00216606498
15399,15405,18243,6,2838,2,18000,1.0021141649
15604,15614,18367,10,2753,2,18000,1.00363240102
15619,15625,18317,6,2692,2,18000,1.00222882615
15789,15797,18542,8,2745,2,18000,1.0029143898
15854,15863,18703,9,2840,2,18000,1.00316901408
15909,15919,18714,10,2795,2,18000,1.00357781753
15959,15966,18668,7,2702,2,18000,1.00259067358
15974,15983,18745,9,2762,2,18000,1.00325850833
16026,16034,18829,8,2795,2,18000,1.00286225403
16146,16156,19005,10,2849,2,18000,1.00351000351
16217,16227,18987,10,2760,2,18000,1.00362318841
16349,16358,18974,9,2616,2,18000,1.00344036697
16377,16385,19198,8,2813,2,18000,1.00284393886
16392,16398,19221,6,2823,2,18000,1.00212539851
16419,16424,19196,5,2772,2,18000,1.0018037518
16420,16430,19358,10,2928,2,18000,1.00341530055
16436,16443,19209,7,2766,2,18000,1.0025307303
16480,16489,19265,9,2776,2,18000,1.00324207493
16691,16699,19468,8,2769,2,18000,1.00288912965
16772,16780,19691,8,2911,2,18000,1.0027481965
16804,16810,19602,6,2792,2,18000,1.00214899713
16830,16837,19615,7,2778,2,18000,1.00251979842
16914,16920,19740,6,2820,2,18000,1.00212765957
16916,16926,19667,10,2741,2,18000,1.00364830354
16953,16963,19749,10,2786,2,18000,1.00358937545
17127,17136,19791,9,2655,2,18000,1.00338983051
17267,17274,20093,7,2819,2,18000,1.00248315005
17282,17288,20084,6,2796,2,18000,1.00214592275
17467,17475,20254,8,2779,2,18000,1.00287873336
17508,17516,20345,8,2829,2,18000,1.00282785437
17579,17589,20518,10,2929,2,18000,1.00341413452
17625,17635,20270,10,2635,2,18000,1.00379506641
17884,17893,20712,9,2819,2,18000,1.0031926215
17913,17923,20651,10,2728,2,18000,1.00366568915
17928,17934,20886,6,2952,2,18000,1.00203252033
18014,18023,20767,9,2744,2,18000,1.00327988338
18015,18028,20853,13,2825,2,18000,1.00460176991
18028,18034,18131,6,97,1,1800,1.0618556701
18145,18153,20896,8,2743,2,18000,1.00291651476
18164,18171,20807,7,2636,2,18000,1.00265553869
18243,18250,21025,7,2775,2,18000,1.00252252252
18245,18256,21126,11,2870,2,18000,1.00383275261
18321,18328,21088,7,2760,2,18000,1.00253623188
18369,18378,21125,9,2747,2,18000,1.00327630142
18427,18433,18535,6,102,1,1800,1.05882352941
18545,18554,21387,9,2833,2,18000,1.00317684433
18671,18679,21493,8,2814,2,18000,1.00284292822
18705,18714,21563,9,2849,2,18000,1.00315900316
18721,18727,21374,6,2647,2,18000,1.00226671704
18746,18756,21499,10,2743,2,18000,1.00364564346
18832,18840,21616,8,2776,2,18000,1.00288184438
18977,18985,21879,8,2894,2,18000,1.00276434001
18992,18998,21744,6,2746,2,18000,1.00218499636
19008,19016,21753,8,2737,2,18000,1.00292290829
19130,19136,19648,6,512,1,1800,1.01171875
19199,19209,21961,10,2752,2,18000,1.00363372093
19201,19214,21931,13,2717,2,18000,1.004784689
19217,19223,21981,6,2758,2,18000,1.00217548949
19232,19238,22024,6,2786,2,18000,1.00215362527
19266,19276,21996,10,2720,2,18000,1.00367647059
19359,19369,22052,10,2683,2,18000,1.00372717108
19470,19479,22322,9,2843,2,18000,1.00316567007
19603,19613,22453,10,2840,2,18000,1.00352112676
19618,19626,22498,8,2872,2,18000,1.00278551532
19668,19678,22493,10,2815,2,18000,1.00355239787
19694,19702,22461,8,2759,2,18000,1.0028996013
19744,19751,22679,7,2928,2,18000,1.00239071038
19760,19766,22594,6,2828,2,18000,1.00212164074
19795,19802,22391,7,2589,2,18000,1.00270374662
20086,20095,22845,9,2750,2,18000,1.00327272727
20102,20109,22750,7,2641,2,18000,1.00265051117
20258,20264,22975,6,2711,2,18000,1.00221320546
20274,20282,23085,8,2803,2,18000,1.00285408491
20347,20357,23071,10,2714,2,18000,1.00368459838
20522,20529,23168,7,2639,2,18000,1.00265251989
20654,20663,23441,9,2778,2,18000,1.00323974082
20714,20723,23448,9,2725,2,18000,1.00330275229
20769,20778,23567,9,2789,2,18000,1.00322696307
20810,20818,23480,8,2662,2,18000,1.0030052592
20855,20865,23630,10,2765,2,18000,1.00361663653
20890,20897,23740,7,2843,2,18000,1.00246218783
20905,20911,23707,6,2796,2,18000,1.00214592275
21026,21036,23746,10,2710,2,18000,1.0036900369
21091,21100,23984,9,2884,2,18000,1.00312066574
21127,21142,23980,15,2838,2,18000,1.00528541226
21129,21136,23824,7,2688,2,18000,1.00260416667
21290,21296,21333,6,37,1,1800,1.16216216216
21378,21385,24282,7,2897,2,18000,1.00241629272
21394,21400,24149,6,2749,2,18000,1.00218261186
21496,21504,24347,8,2843,2,18000,1.00281392895
21512,21518,24341,6,2823,2,18000,1.00212539851
21564,21574,24431,10,2857,2,18000,1.00350017501
21620,21628,24375,8,2747,2,18000,1.00291226793
21658,21665,21733,7,68,1,1800,1.10294117647
21748,21755,24596,7,2841,2,18000,1.00246392115
21763,21769,24535,6,2766,2,18000,1.0021691974
21881,21890,24790,9,2900,2,18000,1.00310344828
21934,21942,24652,8,2710,2,18000,1.00295202952
21962,21972,24738,10,2766,2,18000,1.00361532899
21983,21992,24860,9,2868,2,18000,1.00313807531
21999,22007,24634,8,2627,2,18000,1.00304529882
22027,22035,24829,8,2794,2,18000,1.00286327845
22055,22063,24799,8,2736,2,18000,1.00292397661
22323,22333,25087,10,2754,2,18000,1.00363108206
22394,22403,25215,9,2812,2,18000,1.00320056899
22457,22464,25178,7,2714,2,18000,1.00257921887
22472,22478,25379,6,2901,2,18000,1.00206825233
22494,22504,25265,10,2761,2,18000,1.00362187613
22510,22516,25286,6,2770,2,18000,1.00216606498
22598,22604,22853,6,249,1,1800,1.02409638554
22598,22610,25452,12,2842,2,18000,1.00422237861
22682,22690,25411,8,2721,2,18000,1.00294009555
22753,22761,25358,8,2597,2,18000,1.00308047747
22847,22856,25609,9,2753,2,18000,1.00326916092
22979,22985,25821,6,2836,2,18000,1.00211565585
23074,23082,25904,8,2822,2,18000,1.00283486889
23089,23096,25881,7,2785,2,18000,1.00251346499
23170,23179,25947,9,2768,2,18000,1.00325144509
23444,23452,26200,8,2748,2,18000,1.00291120815
23459,23466,26164,7,2698,2,18000,1.00259451446
23482,23491,26302,9,2811,2,18000,1.00320170758
23569,23578,26219,9,2641,2,18000,1.00340780008
23634,23642,26300,8,2658,2,18000,1.00300978179
23709,23718,26288,9,2570,2,18000,1.00350194553
23743,23752,26318,9,2566,2,18000,1.00350740452
23758,23764,26670,6,2906,2,18000,1.00206469374
23826,23835,26667,9,2832,2,18000,1.0031779661
23982,23991,26709,9,2718,2,18000,1.00331125828
23998,24004,26777,6,2773,2,18000,1.0021637216
24151,24160,27180,9,3020,2,18000,1.00298013245
24285,24294,26925,9,2631,2,18000,1.00342075257
24344,24353,27038,9,2685,2,18000,1.00335195531
24359,24365,27169,6,2804,2,18000,1.00213980029
24378,24386,27175,8,2789,2,18000,1.00286841162
24434,24442,27263,8,2821,2,18000,1.0028358738
24538,24547,27150,9,2603,2,18000,1.00345754898
24598,24608,27383,10,2775,2,18000,1.0036036036
24637,24646,27441,9,2795,2,18000,1.00322003578
24653,24663,27545,10,2882,2,18000,1.00346981263
24740,24749,27492,9,2743,2,18000,1.00328107911
24792,24802,27576,10,2774,2,18000,1.00360490267
24808,24814,27710,6,2896,2,18000,1.0020718232
24833,24841,27611,8,2770,2,18000,1.00288808664
24861,24871,27553,10,2682,2,18000,1.00372856078
25089,25099,27862,10,2763,2,18000,1.00361925443
25182,25190,28142,8,2952,2,18000,1.0027100271
25216,25226,27880,10,2654,2,18000,1.00376789751
25268,25276,28157,8,2881,2,18000,1.00277681361
25290,25297,28022,7,2725,2,18000,1.00256880734
25359,25369,28119,10,2750,2,18000,1.00363636364
25381,25390,28237,9,2847,2,18000,1.00316122234
25415,25422,28114,7,2692,2,18000,1.00260029718
25453,25463,28243,10,2780,2,18000,1.0035971223
25611,25620,28479,9,2859,2,18000,1.00314795383
25823,25832,28586,9,2754,2,18000,1.00326797386
25883,25892,28628,9,2736,2,18000,1.00328947368
25905,25915,28688,10,2773,2,18000,1.00360620267
25948,25958,28681,10,2723,2,18000,1.00367242012
26165,26176,28913,11,2737,2,18000,1.0040189989
26202,26211,28888,9,2677,2,18000,1.00336197236
26221,26230,29020,9,2790,2,18000,1.00322580645
26286,26299,29130,13,2831,2,18000,1.00459201696
26302,26311,29160,9,2849,2,18000,1.00315900316
26319,26325,29031,6,2706,2,18000,1.0022172949
26320,26331,28990,11,2659,2,18000,1.00413689357
26668,26678,29506,10,2828,2,18000,1.00353606789
26683,26689,29529,6,2840,2,18000,1.00211267606
26712,26720,29377,8,2657,2,18000,1.00301091457
26780,26788,29622,8,2834,2,18000,1.00282286521
26930,26936,29792,6,2856,2,18000,1.00210084034
27041,27049,29831,8,2782,2,18000,1.00287562904
27152,27161,29942,9,2781,2,18000,1.00323624595
27171,27180,29995,9,2815,2,18000,1.00319715808
27186,27192,30006,6,2814,2,18000,1.00213219616
27187,27198,29980,11,2782,2,18000,1.00395398994
27264,27274,30067,10,2793,2,18000,1.00358037952
27384,27394,30086,10,2692,2,18000,1.00371471025
27444,27453,30133,9,2680,2,18000,1.00335820896
27493,27503,30332,10,2829,2,18000,1.00353481796
27546,27556,30392,10,2836,2,18000,1.00352609309
27561,27567,30343,6,2776,2,18000,1.00216138329
27576,27587,30271,11,2684,2,18000,1.00409836066
27614,27622,30426,8,2804,2,18000,1.00285306705
27712,27721,30410,9,2689,2,18000,1.00334696913
27866,27873,30798,7,2925,2,18000,1.00239316239
27881,27891,30722,10,2831,2,18000,1.00353232073
28023,28033,30882,10,2849,2,18000,1.00351000351
28117,28125,30818,8,2693,2,18000,1.00297066469
28133,28139,30775,6,2636,2,18000,1.00227617602
28149,28156,30984,7,2828,2,18000,1.00247524752
28165,28171,30759,6,2588,2,18000,1.00231839258
28241,28248,31091,7,2843,2,18000,1.00246218783
28257,28263,31105,6,2842,2,18000,1.0021111893
28481,28490,31279,9,2789,2,18000,1.00322696307
28590,28598,31406,8,2808,2,18000,1.00284900285
28595,28604,28640,9,36,1,1800,1.25
28630,28639,31528,9,2889,2,18000,1.0031152648
28684,28693,31552,9,2859,2,18000,1.00314795383
28699,28705,31365,6,2660,2,18000,1.0022556391
28891,28900,31719,9,2819,2,18000,1.0031926215
28914,28920,28987,6,67,1,1800,1.08955223881
28916,28926,31732,10,2806,2,18000,1.00356379187
28991,29001,31723,10,2722,2,18000,1.00367376929
29022,29031,31794,9,2763,2,18000,1.00325732899
29038,29044,31669,6,2625,2,18000,1.00228571429
29134,29141,31926,7,2785,2,18000,1.00251346499
29162,29171,32022,9,2851,2,18000,1.00315678709
29379,29388,32159,9,2771,2,18000,1.00324792494
29496,29502,29725,6,223,1,1800,1.0269058296
29509,29517,32362,8,2845,2,18000,1.00281195079
29531,29540,32367,9,2827,2,18000,1.00318358684
29625,29634,32466,9,2832,2,18000,1.0031779661
29794,29803,32551,9,2748,2,18000,1.00327510917
29832,29842,32632,10,2790,2,18000,1.00358422939
29943,29954,32750,11,2796,2,18000,1.0039341917
29982,29991,32832,9,2841,2,18000,1.00316789863
29998,30006,32685,8,2679,2,18000,1.00298618888
30013,30019,32747,6,2728,2,18000,1.00219941349
30071,30079,32892,8,2813,2,18000,1.00284393886
30090,30098,32833,8,2735,2,18000,1.0029250457
30134,30144,33016,10,2872,2,18000,1.00348189415
30274,30282,33042,8,2760,2,18000,1.00289855072
30334,30343,33235,9,2892,2,18000,1.0031120332
30349,30355,33054,6,2699,2,18000,1.00222304557
30395,30403,33113,8,2710,2,18000,1.00295202952
30414,30421,33116,7,2695,2,18000,1.0025974026
30430,30437,33045,7,2608,2,18000,1.00268404908
30725,30734,33502,9,2768,2,18000,1.00325144509
30760,30770,33568,10,2798,2,18000,1.00357398142
30778,30787,33454,9,2667,2,18000,1.00337457818
30800,30810,33695,10,2885,2,18000,1.00346620451
30819,30829,33568,10,2739,2,18000,1.00365096751
30882,30893,33717,11,2824,2,18000,1.00389518414
30987,30996,33775,9,2779,2,18000,1.00323857503
31055,31062,31085,7,23,1,1800,1.30434782609
31094,31102,33913,8,2811,2,18000,1.00284596229
31109,31116,33998,7,2882,2,18000,1.00242886884
31281,31290,34149,9,2859,2,18000,1.00314795383
31368,31376,33970,8,2594,2,18000,1.00308404009
31384,31390,31443,6,53,1,1800,1.11320754717
31408,31417,34243,9,2826,2,18000,1.00318471338
31529,31539,34288,10,2749,2,18000,1.00363768643
31554,31564,34294,10,2730,2,18000,1.00366300366
31671,31680,34453,9,2773,2,18000,1.0032455824
31721,31730,34474,9,2744,2,18000,1.00327988338
31736,31742,34498,6,2756,2,18000,1.00217706821
31738,31748,34488,10,2740,2,18000,1.00364963504
31795,31805,34474,10,2669,2,18000,1.00374672162
31927,31937,34651,10,2714,2,18000,1.00368459838
32026,32033,34882,7,2849,2,18000,1.00245700246
32160,32170,34929,10,2759,2,18000,1.00362450163
32166,32176,32297,10,121,1,1800,1.0826446281
32366,32373,35096,7,2723,2,18000,1.00257069409
32381,32387,35132,6,2745,2,18000,1.00218579235
32468,32477,35179,9,2702,2,18000,1.00333086603
32554,32562,35346,8,2784,2,18000,1.00287356322
32635,32643,35417,8,2774,2,18000,1.00288392213
32687,32696,35458,9,2762,2,18000,1.00325850833
32750,32761,35622,11,2861,2,18000,1.00384480951
32752,32766,35576,14,2810,2,18000,1.00498220641
32834,32843,35590,9,2747,2,18000,1.00327630142
32836,32849,35626,13,2777,2,18000,1.00468131077
32895,32903,35830,8,2927,2,18000,1.0027331739
33018,33027,35915,9,2888,2,18000,1.00311634349
33047,33053,35760,6,2707,2,18000,1.0022164758
33049,33059,35823,10,2764,2,18000,1.00361794501
33064,33070,35907,6,2837,2,18000,1.00211491012
33115,33124,35827,9,2703,2,18000,1.00332963374
33130,33136,35984,6,2848,2,18000,1.00210674157
33237,33246,36199,9,2953,2,18000,1.00304774805
33450,33465,36076,15,2611,2,18000,1.00574492532
33505,33513,36391,8,2878,2,18000,1.00277970813
33572,33579,36353,7,2774,2,18000,1.00252343187
33573,33585,36504,12,2919,2,18000,1.00411099692
33697,33706,36541,9,2835,2,18000,1.00317460317
33718,33728,36576,10,2848,2,18000,1.00351123596
33778,33787,36465,9,2678,2,18000,1.00336071695
33915,33925,36738,10,2813,2,18000,1.00355492357
33974,33981,36711,7,2730,2,18000,1.00256410256
34002,34010,36735,8,2725,2,18000,1.00293577982
34150,34160,36991,10,2831,2,18000,1.00353232073
34247,34254,37117,7,2863,2,18000,1.00244498778
34291,34299,37217,8,2918,2,18000,1.00274160384
34306,34312,37074,6,2762,2,18000,1.00217233888
34456,34465,37267,9,2802,2,18000,1.00321199143
34476,34485,37223,9,2738,2,18000,1.00328707085
34477,34490,37165,13,2675,2,18000,1.00485981308
34493,34499,37240,6,2741,2,18000,1.00218898212
34508,34514,37309,6,2795,2,18000,1.00214669052
34653,34662,37613,9,2951,2,18000,1.00304981362
34885,34893,37518,8,2625,2,18000,1.00304761905
34931,34941,37659,10,2718,2,18000,1.00367917586
35098,35108,37806,10,2698,2,18000,1.00370644922
35135,35143,37917,8,2774,2,18000,1.00288392213
35181,35190,37968,9,2778,2,18000,1.00323974082
35348,35357,38084,9,2727,2,18000,1.00330033003
35419,35428,38184,9,2756,2,18000,1.00326560232
35460,35469,38159,9,2690,2,18000,1.00334572491
35578,35588,38314,10,2726,2,18000,1.00366837858
35594,35600,38333,6,2733,2,18000,1.00219538968
35626,35633,38467,7,2834,2,18000,1.00247000706
35628,35639,38422,11,2783,2,18000,1.00395256917
35761,35771,38521,10,2750,2,18000,1.00363636364
35827,35833,38719,6,2886,2,18000,1.00207900208
35828,35840,38565,12,2725,2,18000,1.00440366972
35844,35850,38603,6,2753,2,18000,1.00217944061
35910,35918,38693,8,2775,2,18000,1.00288288288
35925,35931,38733,6,2802,2,18000,1.00214132762
35987,35995,38656,8,2661,2,18000,1.00300638858
36078,36087,38872,9,2785,2,18000,1.00323159785
36201,36210,38955,9,2745,2,18000,1.00327868852
36355,36364,39039,9,2675,2,18000,1.00336448598
36395,36403,39195,8,2792,2,18000,1.00286532951
36466,36476,39140,10,2664,2,18000,1.00375375375
36507,36516,39380,9,2864,2,18000,1.0031424581
36545,36552,39386,7,2834,2,18000,1.00247000706
36579,36587,39262,8,2675,2,18000,1.00299065421
36715,36721,39493,6,2772,2,18000,1.00216450216
36738,36747,39657,9,2910,2,18000,1.00309278351
36754,36760,39499,6,2739,2,18000,1.0021905805
36991,37002,39719,11,2717,2,18000,1.004048583
37078,37086,39950,8,2864,2,18000,1.00279329609
37118,37128,39973,10,2845,2,18000,1.00351493849
37167,37177,39997,10,2820,2,18000,1.00354609929
37220,37228,39963,8,2735,2,18000,1.0029250457
37236,37242,40036,6,2794,2,18000,1.00214745884
37251,37257,40056,6,2799,2,18000,1.00214362272
37270,37278,39976,8,2698,2,18000,1.00296515938
37310,37320,40051,10,2731,2,18000,1.00366166239
37521,37530,40381,9,2851,2,18000,1.00315678709
37614,37624,40296,10,2672,2,18000,1.00374251497
37661,37670,40506,9,2836,2,18000,1.00317348378
37808,37817,40612,9,2795,2,18000,1.00322003578
37919,37928,40621,9,2693,2,18000,1.00334199777
37972,37979,40725,7,2746,2,18000,1.00254916242
38086,38095,40919,9,2824,2,18000,1.00318696884
38161,38170,41042,9,2872,2,18000,1.00313370474
38186,38195,40723,9,2528,2,18000,1.00356012658
38317,38325,41232,8,2907,2,18000,1.00275197798
38336,38345,41179,9,2834,2,18000,1.00317572336
38422,38433,41081,11,2648,2,18000,1.00415407855
38469,38478,41276,9,2798,2,18000,1.00321658327
38524,38533,41337,9,2804,2,18000,1.00320970043
38568,38576,41434,8,2858,2,18000,1.00279916025
38605,38614,41421,9,2807,2,18000,1.00320627004
38658,38667,41308,9,2641,2,18000,1.00340780008
38695,38705,41470,10,2765,2,18000,1.00361663653
38720,38730,41618,10,2888,2,18000,1.00346260388
38735,38744,41417,9,2673,2,18000,1.00336700337
38874,38884,41745,10,2861,2,18000,1.00349528137
38958,38966,41786,8,2820,2,18000,1.00283687943
39043,39050,41767,7,2717,2,18000,1.002576371
39143,39151,41727,8,2576,2,18000,1.00310559006
39197,39207,42056,10,2849,2,18000,1.00351000351
39265,39273,42028,8,2755,2,18000,1.00290381125
39383,39391,42126,8,2735,2,18000,1.0029250457
39398,39404,42133,6,2729,2,18000,1.00219860755
39498,39504,42166,6,2662,2,18000,1.0022539444
39514,39520,42185,6,2665,2,18000,1.00225140713
39660,39669,42521,9,2852,2,18000,1.00315568022
39721,39730,42541,9,2811,2,18000,1.00320170758
39953,39961,42803,8,2842,2,18000,1.00281491907
39969,39975,42714,6,2739,2,18000,1.0021905805
39986,39992,42692,6,2700,2,18000,1.00222222222
39987,39998,42745,11,2747,2,18000,1.0040043684
40003,40009,42752,6,2743,2,18000,1.00218738607
40040,40048,42714,8,2666,2,18000,1.00300075019
40056,40061,42823,5,2762,2,18000,1.0018102824
40071,40077,42666,6,2589,2,18000,1.0023174971
40299,40308,43071,9,2763,2,18000,1.00325732899
40382,40392,43111,10,2719,2,18000,1.00367782273
40508,40517,43294,9,2777,2,18000,1.00324090745
40614,40623,43262,9,2639,2,18000,1.00341038272
40629,40635,43463,6,2828,2,18000,1.00212164074
40726,40734,43515,8,2781,2,18000,1.00287666307
40727,40740,43496,13,2756,2,18000,1.00471698113
40921,40930,43706,9,2776,2,18000,1.00324207493
41044,41053,43887,9,2834,2,18000,1.00317572336
41082,41092,43865,10,2773,2,18000,1.00360620267
41181,41191,43992,10,2801,2,18000,1.00357015352
41236,41244,43948,8,2704,2,18000,1.00295857988
41280,41287,44092,7,2805,2,18000,1.00249554367
41311,41319,44112,8,2793,2,18000,1.00286430362
41339,41348,44085,9,2737,2,18000,1.00328827183
41419,41428,44219,9,2791,2,18000,1.00322465066
41435,41441,44219,6,2778,2,18000,1.00215982721
41436,41447,44144,11,2697,2,18000,1.00407860586
41471,41481,44235,10,2754,2,18000,1.00363108206
41622,41630,44523,8,2893,2,18000,1.00276529554
41727,41738,44485,11,2747,2,18000,1.0040043684
41746,41756,44563,10,2807,2,18000,1.00356252227
41768,41778,44640,10,2862,2,18000,1.0034940601
41789,41797,44593,8,2796,2,18000,1.00286123033
42029,42039,44878,10,2839,2,18000,1.00352236703
42057,42067,44839,10,2772,2,18000,1.00360750361
42128,42137,44854,9,2717,2,18000,1.003312477
42143,42149,45037,6,2888,2,18000,1.00207756233
42168,42177,44877,9,2700,2,18000,1.00333333333
42187,42196,45026,9,2830,2,18000,1.00318021201
42522,42532,45527,10,2995,2,18000,1.00333889816
42544,42553,45365,9,2812,2,18000,1.00320056899
42668,42677,45471,9,2794,2,18000,1.00322118826
42695,42703,45429,8,2726,2,18000,1.00293470286
42718,42725,45544,7,2819,2,18000,1.00248315005
42719,42730,45515,11,2785,2,18000,1.0039497307
42746,42756,45541,10,2785,2,18000,1.00359066427
42763,42769,45549,6,2780,2,18000,1.00215827338
42806,42815,45666,9,2851,2,18000,1.00315678709
42825,42834,45590,9,2756,2,18000,1.00326560232
43072,43083,45675,11,2592,2,18000,1.00424382716
43112,43122,46037,10,2915,2,18000,1.00343053173
43265,43274,46072,9,2798,2,18000,1.00321658327
43295,43305,46136,10,2831,2,18000,1.00353232073
43464,43474,46290,10,2816,2,18000,1.00355113636
43498,43507,46348,9,2841,2,18000,1.00316789863
43516,43526,46190,10,2664,2,18000,1.00375375375
43707,43717,46379,10,2662,2,18000,1.003756574
43868,43876,46632,8,2756,2,18000,1.00290275762
43891,43898,46700,7,2802,2,18000,1.00249821556
43950,43959,46658,9,2699,2,18000,1.00333456836
43997,44003,46790,6,2787,2,18000,1.00215285253
44088,44096,46944,8,2848,2,18000,1.00280898876
44104,44110,46930,6,2820,2,18000,1.00212765957
44121,44127,46869,6,2742,2,18000,1.00218818381
44145,44155,46931,10,2776,2,18000,1.00360230548
44223,44230,46986,7,2756,2,18000,1.00253991292
44225,44236,46970,11,2734,2,18000,1.00402340892
44242,44248,47040,6,2792,2,18000,1.00214899713
44487,44496,47211,9,2715,2,18000,1.00331491713
44530,44537,47192,7,2655,2,18000,1.00263653484
44564,44574,47349,10,2775,2,18000,1.0036036036
44594,44604,47372,10,2768,2,18000,1.00361271676
44643,44651,47402,8,2751,2,18000,1.00290803344
44843,44851,47773,8,2922,2,18000,1.00273785079
44860,44866,47643,6,2777,2,18000,1.00216060497
44880,44889,47567,9,2678,2,18000,1.00336071695
44882,44894,47727,12,2833,2,18000,1.00423579245
45028,45037,47858,9,2821,2,18000,1.00319035803
45046,45052,47858,6,2806,2,18000,1.00213827512
45368,45376,48117,8,2741,2,18000,1.00291864283
45433,45440,48245,7,2805,2,18000,1.00249554367
45475,45482,48356,7,2874,2,18000,1.00243562978
45518,45526,48333,8,2807,2,18000,1.00285001781
45535,45542,48285,7,2743,2,18000,1.00255195042
45555,45561,48395,6,2834,2,18000,1.00211714891
45557,45567,48467,10,2900,2,18000,1.00344827586
45558,45572,48396,14,2824,2,18000,1.00495750708
45594,45602,48446,8,2844,2,18000,1.00281293952
45668,45677,48546,9,2869,2,18000,1.00313698153
45690,45696,48393,6,2697,2,18000,1.0022246941
46039,46048,48746,9,2698,2,18000,1.0033358043
46073,46083,48931,10,2848,2,18000,1.00351123596
46139,46147,49011,8,2864,2,18000,1.00279329609
46195,46201,49010,6,2809,2,18000,1.00213599146
46298,46304,49241,6,2937,2,18000,1.00204290092
46352,46359,49199,7,2840,2,18000,1.00246478873
46382,46391,48982,9,2591,2,18000,1.00347356233
46636,46643,49465,7,2822,2,18000,1.00248051028
46663,46669,49356,6,2687,2,18000,1.00223297358
46700,46711,49401,11,2690,2,18000,1.00408921933
46793,46801,49448,8,2647,2,18000,1.00302228938
46870,46880,49626,10,2746,2,18000,1.0036416606
46934,46941,49766,7,2825,2,18000,1.00247787611
46935,46947,49763,12,2816,2,18000,1.00426136364
46952,46958,49582,6,2624,2,18000,1.00228658537
46973,46981,49915,8,2934,2,18000,1.00272665303
46990,46997,49866,7,2869,2,18000,1.00243987452
47044,47051,49833,7,2782,2,18000,1.00251617541
47192,47203,49978,11,2775,2,18000,1.00396396396
47213,47223,49872,10,2649,2,18000,1.00377500944
47353,47360,50196,7,2836,2,18000,1.00246826516
47375,47383,50134,8,2751,2,18000,1.00290803344
47406,47414,50127,8,2713,2,18000,1.0029487652
47570,47579,50415,9,2836,2,18000,1.00317348378
47647,47654,50404,7,2750,2,18000,1.00254545455
47730,47738,50607,8,2869,2,18000,1.00278842802
47776,47784,50464,8,2680,2,18000,1.00298507463
47859,47869,50501,10,2632,2,18000,1.0037993921
47861,47874,50809,13,2935,2,18000,1.00442930153
48118,48128,51049,10,2921,2,18000,1.00342348511
48247,48257,51055,10,2798,2,18000,1.00357398142
48287,48296,51085,9,2789,2,18000,1.00322696307
48335,48345,51009,10,2664,2,18000,1.00375375375
48357,48368,51098,11,2730,2,18000,1.00402930403
48396,48405,51231,9,2826,2,18000,1.00318471338
48398,48411,51215,13,2804,2,18000,1.00463623395
48399,48416,51159,17,2743,2,18000,1.00619759388
48447,48457,51204,10,2747,2,18000,1.00364033491
48469,48478,51387,9,2909,2,18000,1.00309384668
48547,48557,51290,10,2733,2,18000,1.0036589828
48750,48758,51611,8,2853,2,18000,1.0028040659
48933,48943,51717,10,2774,2,18000,1.00360490267
48984,48993,51697,9,2704,2,18000,1.00332840237
49012,49027,51909,15,2882,2,18000,1.00520471895
49013,49021,51861,8,2840,2,18000,1.00281690141
49201,49210,52005,9,2795,2,18000,1.00322003578
49243,49253,51906,10,2653,2,18000,1.00376931775
49359,49367,52092,8,2725,2,18000,1.00293577982
49405,49412,52191,7,2779,2,18000,1.00251889169
49455,49461,52284,6,2823,2,18000,1.00212539851
49475,49481,52238,6,2757,2,18000,1.00217627856
49584,49593,52270,9,2677,2,18000,1.00336197236
49627,49637,52411,10,2774,2,18000,1.00360490267
49767,49774,52515,7,2741,2,18000,1.00255381248
49768,49780,52540,12,2760,2,18000,1.00434782609
49838,49844,52493,6,2649,2,18000,1.00226500566
49869,49878,52528,9,2650,2,18000,1.00339622642
49884,49891,52507,7,2616,2,18000,1.00267584098
49919,49926,52705,7,2779,2,18000,1.00251889169
49982,49989,52817,7,2828,2,18000,1.00247524752
50129,50139,53099,10,2960,2,18000,1.00337837838
50144,50151,52974,7,2823,2,18000,1.0024796316
50200,50207,52845,7,2638,2,18000,1.0026535254
50409,50415,53146,6,2731,2,18000,1.00219699744
50427,50433,53194,6,2761,2,18000,1.00217312568
50468,50475,53180,7,2705,2,18000,1.00258780037
50506,50512,53301,6,2789,2,18000,1.00215130871
50615,50621,53386,6,2765,2,18000,1.00216998192
50811,50820,53642,9,2822,2,18000,1.0031892275
51010,51020,53713,10,2693,2,18000,1.00371333086
51055,51061,53724,6,2663,2,18000,1.00225309801
51057,51067,53892,10,2825,2,18000,1.00353982301
51089,51097,53978,8,2881,2,18000,1.00277681361
51105,51111,53861,6,2750,2,18000,1.00218181818
51163,51170,53800,7,2630,2,18000,1.00266159696
51208,51215,53946,7,2731,2,18000,1.00256316368
51224,51230,54135,6,2905,2,18000,1.00206540448
51240,51246,54013,6,2767,2,18000,1.00216841344
51296,51302,53900,6,2598,2,18000,1.00230946882
51391,51398,54207,7,2809,2,18000,1.00249199003
51615,51622,54411,7,2789,2,18000,1.00250986016
51699,51708,54490,9,2782,2,18000,1.00323508267
51719,51728,54560,9,2832,2,18000,1.0031779661
51866,51872,54643,6,2771,2,18000,1.00216528329
51910,51917,54682,7,2765,2,18000,1.00253164557
51911,51923,54790,12,2867,2,18000,1.00418555982
52010,52016,54781,6,2765,2,18000,1.00216998192
52093,52103,54940,10,2837,2,18000,1.00352485019
52193,52202,54932,9,2730,2,18000,1.0032967033
52241,52249,54883,8,2634,2,18000,1.00303720577
52273,52281,55124,8,2843,2,18000,1.00281392895
52289,52295,54938,6,2643,2,18000,1.00227014756
52413,52422,55217,9,2795,2,18000,1.00322003578
52495,52504,55271,9,2767,2,18000,1.00325262017
52512,52518,55393,6,2875,2,18000,1.00208695652
52533,52539,55374,6,2835,2,18000,1.00211640212
52534,52545,55391,11,2846,2,18000,1.00386507379
52552,52559,55444,7,2885,2,18000,1.00242634315
52707,52717,55518,10,2801,2,18000,1.00357015352
52819,52828,55624,9,2796,2,18000,1.00321888412
52848,52856,55566,8,2710,2,18000,1.00295202952
52977,52985,55733,8,2748,2,18000,1.00291120815
53102,53110,55861,8,2751,2,18000,1.00290803344
53148,53157,55934,9,2777,2,18000,1.00324090745
53183,53191,55985,8,2794,2,18000,1.00286327845
53200,53206,56102,6,2896,2,18000,1.0020718232
53304,53313,56123,9,2810,2,18000,1.00320284698
53389,53397,56220,8,2823,2,18000,1.00283386468
53646,53653,56437,7,2784,2,18000,1.00251436782
53716,53724,56270,8,2546,2,18000,1.00314218382
53732,53738,56538,6,2800,2,18000,1.00214285714
53802,53811,56511,9,2700,2,18000,1.00333333333
53864,53872,56633,8,2761,2,18000,1.00289750091
53899,53905,56696,6,2791,2,18000,1.00214976711
53915,53921,56750,6,2829,2,18000,1.00212089077
53950,53958,56787,8,2829,2,18000,1.00282785437
53979,53989,56708,10,2719,2,18000,1.00367782273
54016,54024,56765,8,2741,2,18000,1.00291864283
54052,260459,314994,206407,54535,2,162000,4.78485376364
54139,54147,56936,8,2789,2,18000,1.00286841162
54209,54219,56990,10,2771,2,18000,1.00360880549
54413,54422,57192,9,2770,2,18000,1.00324909747
54491,54501,57313,10,2812,2,18000,1.00355618777
54565,54571,57380,6,2809,2,18000,1.00213599146
54645,54654,57259,9,2605,2,18000,1.00345489443
54685,54693,57462,8,2769,2,18000,1.00288912965
54790,54796,57664,6,2868,2,18000,1.00209205021
54791,54802,57658,11,2856,2,18000,1.00385154062
54890,54896,57757,6,2861,2,18000,1.00209716882
54937,54943,57596,6,2653,2,18000,1.00226159065
54957,54963,57777,6,2814,2,18000,1.00213219616
54958,54969,57716,11,2747,2,18000,1.0040043684
55127,55136,57796,9,2660,2,18000,1.00338345865
55222,55228,58074,6,2846,2,18000,1.00210822207
55274,55282,57974,8,2692,2,18000,1.0029717682
55376,55385,58162,9,2777,2,18000,1.00324090745
55393,55402,58201,9,2799,2,18000,1.00321543408
55409,55415,58190,6,2775,2,18000,1.00216216216
55447,55456,58152,9,2696,2,18000,1.00333827893
55521,55529,58327,8,2798,2,18000,1.00285918513
55568,55578,58325,10,2747,2,18000,1.00364033491
55627,55636,58344,9,2708,2,18000,1.00332348597
55736,55745,58500,9,2755,2,18000,1.00326678766
55862,55872,58594,10,2722,2,18000,1.00367376929
55939,55945,58633,6,2688,2,18000,1.00223214286
55990,55996,58779,6,2783,2,18000,1.00215594682
56104,56113,59046,9,2933,2,18000,1.00306853051
56127,56134,58976,7,2842,2,18000,1.00246305419
56222,56231,59081,9,2850,2,18000,1.00315789474
56270,56281,59064,11,2783,2,18000,1.00395256917
56439,56448,59180,9,2732,2,18000,1.0032942899
56512,56523,59465,11,2942,2,18000,1.00373895309
56542,56549,59438,7,2889,2,18000,1.00242298373
56635,56644,59389,9,2745,2,18000,1.00327868852
56699,56707,59443,8,2736,2,18000,1.00292397661
56715,56721,59515,6,2794,2,18000,1.00214745884
56751,56761,59538,10,2777,2,18000,1.00360100828
56767,56776,59601,9,2825,2,18000,1.00318584071
56790,56798,59529,8,2731,2,18000,1.00292932992
56937,56947,59627,10,2680,2,18000,1.00373134328
56993,57001,59860,8,2859,2,18000,1.00279818118
57202,57208,60031,6,2823,2,18000,1.00212539851
57260,57270,60035,10,2765,2,18000,1.00361663653
57317,57324,60040,7,2716,2,18000,1.00257731959
57384,57392,60001,8,2609,2,18000,1.00306630893
57465,57473,60175,8,2702,2,18000,1.0029607698
57602,57608,60270,6,2662,2,18000,1.0022539444
57662,57669,60505,7,2836,2,18000,1.00246826516
57678,57685,60467,7,2782,2,18000,1.00251617541
57717,57727,60547,10,2820,2,18000,1.00354609929
57760,57768,60548,8,2780,2,18000,1.00287769784
57780,57788,60459,8,2671,2,18000,1.00299513291
57797,57807,60701,10,2894,2,18000,1.00345542502
57978,57985,60733,7,2748,2,18000,1.00254730713
58077,58085,60890,8,2805,2,18000,1.00285204991
58156,58163,61086,7,2923,2,18000,1.00239479986
58173,58179,61046,6,2867,2,18000,1.00209277991
58194,58201,60992,7,2791,2,18000,1.00250806163
58210,58216,61046,6,2830,2,18000,1.00212014134
58328,58342,61036,14,2694,2,18000,1.00519673348
58329,58336,61000,7,2664,2,18000,1.00262762763
58348,58355,61124,7,2769,2,18000,1.00252798844
58503,58512,61198,9,2686,2,18000,1.00335070737
58595,58606,61380,11,2774,2,18000,1.00396539293
58638,58644,61464,6,2820,2,18000,1.00212765957
58783,58790,61623,7,2833,2,18000,1.00247087893
58983,58988,61861,5,2873,2,18000,1.00174034111
59048,59058,61878,10,2820,2,18000,1.00354609929
59070,59077,61896,7,2819,2,18000,1.00248315005
59088,59094,61847,6,2753,2,18000,1.00217944061
59183,59191,61878,8,2687,2,18000,1.0029772981
59392,59401,62089,9,2688,2,18000,1.00334821429
59442,59449,62359,7,2910,2,18000,1.00240549828
59459,59465,62273,6,2808,2,18000,1.00213675214
59475,59481,62277,6,2796,2,18000,1.00214592275
59518,59526,62337,8,2811,2,18000,1.00284596229
59534,59541,62387,7,2846,2,18000,1.00245959241
59552,59558,62364,6,2806,2,18000,1.00213827512
59605,59612,62512,7,2900,2,18000,1.0024137931
59628,59638,62493,10,2855,2,18000,1.00350262697
59862,59871,62636,9,2765,2,18000,1.00325497288
60002,60012,62752,10,2740,2,18000,1.00364963504
60032,60042,62809,10,2767,2,18000,1.00361402241
60049,60055,62821,6,2766,2,18000,1.0021691974
60050,60061,62873,11,2812,2,18000,1.00391180654
60178,60187,62942,9,2755,2,18000,1.00326678766
60271,60281,63079,10,2798,2,18000,1.00357398142
60460,60470,63203,10,2733,2,18000,1.0036589828
60477,60483,63301,6,2818,2,18000,1.00212916962
60509,60517,63301,8,2784,2,18000,1.00287356322
60550,60558,63363,8,2805,2,18000,1.00285204991
60551,60564,63350,13,2786,2,18000,1.00466618808
60704,60712,63338,8,2626,2,18000,1.00304645849
60736,60744,63568,8,2824,2,18000,1.00283286119
60820,60826,72753,6,11927,1,57600,1.00050306028
60893,60901,63690,8,2789,2,18000,1.00286841162
60996,61003,63866,7,2863,2,18000,1.00244498778
61012,61018,63772,6,2754,2,18000,1.00217864924
61038,61047,63824,9,2777,2,18000,1.00324090745
61055,61061,63974,6,2913,2,18000,1.00205973223
61056,61067,63912,11,2845,2,18000,1.00386643234
61091,61097,63818,6,2721,2,18000,1.00220507166
61127,61135,63836,8,2701,2,18000,1.00296186598
61201,61209,63899,8,2690,2,18000,1.0029739777
61383,61392,64138,9,2746,2,18000,1.00327749454
61466,61476,64339,10,2863,2,18000,1.00349283968
61627,61634,64424,7,2790,2,18000,1.00250896057
61850,61859,64630,9,2771,2,18000,1.00324792494
61866,61872,64671,6,2799,2,18000,1.00214362272
61882,61888,64676,6,2788,2,18000,1.00215208034
61883,61895,64781,12,2886,2,18000,1.00415800416
61899,61907,64741,8,2834,2,18000,1.00282286521
62091,62100,64884,9,2784,2,18000,1.00323275862
62277,62284,65085,7,2801,2,18000,1.00249910746
62279,62290,65134,11,2844,2,18000,1.00386779184
62340,62348,65237,8,2889,2,18000,1.00276912426
62363,62370,65130,7,2760,2,18000,1.00253623188
62379,62385,65188,6,2803,2,18000,1.00214056368
62395,62401,65034,6,2633,2,18000,1.00227876946
62494,62504,65409,10,2905,2,18000,1.00344234079
62514,62524,65313,10,2789,2,18000,1.00358551452
62641,62647,65503,6,2856,2,18000,1.00210084034
62754,62763,65590,9,2827,2,18000,1.00318358684
62810,62820,65593,10,2773,2,18000,1.00360620267
62826,62832,65776,6,2944,2,18000,1.00203804348
62875,62900,65703,25,2803,2,18000,1.00891901534
62878,62894,62997,16,103,1,3600,1.15533980583
62878,62883,62990,5,107,1,3600,1.04672897196
62878,62889,62991,11,102,1,3600,1.10784313725
62878,62905,63011,27,106,1,3600,1.25471698113
62878,62915,63025,37,110,1,3600,1.33636363636
62878,62910,63025,32,115,1,3600,1.27826086957
62879,62921,63032,42,111,1,3600,1.37837837838
62879,62952,63066,73,114,1,3600,1.64035087719
62879,62946,63069,67,123,1,3600,1.54471544715
62879,62931,63047,52,116,1,3600,1.44827586207
62879,62941,63045,62,104,1,3600,1.59615384615
62879,62936,63040,57,104,1,3600,1.54807692308
62879,62926,63036,47,110,1,3600,1.42727272727
62880,62967,63070,87,103,1,3600,1.84466019417
62880,62972,63079,92,107,1,3600,1.85981308411
62880,62978,63089,98,111,1,3600,1.88288288288
62880,62983,63096,103,113,1,3600,1.91150442478
62880,62988,63103,108,115,1,3600,1.93913043478
62880,62957,63060,77,103,1,3600,1.74757281553
62880,62962,63065,82,103,1,3600,1.79611650485
62881,63019,63132,138,113,1,3600,2.22123893805
62881,63014,63128,133,114,1,3600,2.16666666667
62881,63009,63124,128,115,1,3600,2.11304347826
62881,62998,63121,117,123,1,3600,1.9512195122
62881,63004,63115,123,111,1,3600,2.10810810811
62881,62993,63100,112,107,1,3600,2.04672897196
62882,63025,63135,143,110,1,3600,2.3
62882,63041,63142,159,101,1,3600,2.57425742574
62882,63030,63134,148,104,1,3600,2.42307692308
62882,63046,63152,164,106,1,3600,2.54716981132
62945,63036,65660,91,2624,2,18000,1.03467987805
62996,63052,68730,56,5678,1,46799,1.00986262769
63081,63090,65854,9,2764,2,18000,1.00325615051
63204,63214,65801,10,2587,2,18000,1.00386548125
63305,63312,66144,7,2832,2,18000,1.00247175141
63306,63317,66174,11,2857,2,18000,1.00385019251
63342,63349,66202,7,2853,2,18000,1.00245355766
63358,63364,66166,6,2802,2,18000,1.00214132762
63374,63380,65997,6,2617,2,18000,1.00229270157
63569,63579,66363,10,2784,2,18000,1.00359195402
63692,63702,66544,10,2842,2,18000,1.00351864884
63776,63784,66570,8,2786,2,18000,1.00287150036
63822,63830,66444,8,2614,2,18000,1.00306044376
63839,63845,66684,6,2839,2,18000,1.00211342022
63840,63851,66553,11,2702,2,18000,1.00407105848
63869,63877,66688,8,2811,2,18000,1.00284596229
63903,63910,66706,7,2796,2,18000,1.00250357654
63920,63926,66753,6,2827,2,18000,1.00212239123
63975,63985,66764,10,2779,2,18000,1.0035984167
64141,64149,66856,8,2707,2,18000,1.00295530107
64341,64350,67204,9,2854,2,18000,1.00315346882
64427,64436,67261,9,2825,2,18000,1.00318584071
64631,64641,67450,10,2809,2,18000,1.00355998576
64671,64682,67418,11,2736,2,18000,1.00402046784
64687,64693,67516,6,2823,2,18000,1.00212539851
64742,64752,67586,10,2834,2,18000,1.00352858151
64783,64792,67540,9,2748,2,18000,1.00327510917
64887,64896,67725,9,2829,2,18000,1.00318133616
65038,65045,67744,7,2699,2,18000,1.00259355317
65086,65096,67815,10,2719,2,18000,1.00367782273
65133,65141,67870,8,2729,2,18000,1.00293147673
65148,65154,68031,6,2877,2,18000,1.00208550574
65191,65200,67881,9,2681,2,18000,1.00335695636
65241,65248,67881,7,2633,2,18000,1.00265856438
65315,65325,68173,10,2848,2,18000,1.00351123596
65410,65421,68277,11,2856,2,18000,1.00385154062
65506,65514,68387,8,2873,2,18000,1.00278454577
65594,65601,68390,7,2789,2,18000,1.00250986016
65595,65607,68192,12,2585,2,18000,1.00464216634
65663,65671,68613,8,2942,2,18000,1.00271923861
65707,65714,68552,7,2838,2,18000,1.00246652572
65777,65787,68623,10,2836,2,18000,1.00352609309
65802,65812,68597,10,2785,2,18000,1.00359066427
65858,65866,68619,8,2753,2,18000,1.00290592081
66000,66008,68666,8,2658,2,18000,1.00300978179
66147,66155,68846,8,2691,2,18000,1.00297287254
66169,66177,68932,8,2755,2,18000,1.00290381125
66184,66190,68804,6,2614,2,18000,1.00229533282
66206,66214,68956,8,2742,2,18000,1.00291757841
66367,66374,69208,7,2834,2,18000,1.00247000706
66449,66455,69184,6,2729,2,18000,1.00219860755
66547,66555,69339,8,2784,2,18000,1.00287356322
66563,66569,69257,6,2688,2,18000,1.00223214286
66578,66584,69482,6,2898,2,18000,1.00207039337
66686,66695,69551,9,2856,2,18000,1.0031512605
66702,66708,69350,6,2642,2,18000,1.00227100681
66718,66724,69512,6,2788,2,18000,1.00215208034
66755,66765,69456,10,2691,2,18000,1.00371609067
66770,66776,69619,6,2843,2,18000,1.00211044671
66859,66867,69429,8,2562,2,18000,1.0031225605
67207,67215,69938,8,2723,2,18000,1.0029379361
67262,67272,69977,10,2705,2,18000,1.00369685767
67420,67429,70303,9,2874,2,18000,1.00313152401
67451,67461,70288,10,2827,2,18000,1.00353731871
67521,67527,70306,6,2779,2,18000,1.00215905002
67543,67551,70420,8,2869,2,18000,1.00278842802
67591,67597,70441,6,2844,2,18000,1.00210970464
67729,67736,70595,7,2859,2,18000,1.00244840853
67745,67755,70628,10,2873,2,18000,1.00348068221
67817,67827,70535,10,2708,2,18000,1.00369276219
67873,67882,70690,9,2808,2,18000,1.00320512821
67889,67895,70658,6,2763,2,18000,1.00217155266
67891,67901,70546,10,2645,2,18000,1.00378071834
68035,68042,70844,7,2802,2,18000,1.00249821556
68176,68184,70886,8,2702,2,18000,1.0029607698
68195,68203,71019,8,2816,2,18000,1.00284090909
68278,68288,71008,10,2720,2,18000,1.00367647059
68392,68398,71248,6,2850,2,18000,1.00210526316
68393,68404,71265,11,2861,2,18000,1.00384480951
68553,68564,71439,11,2875,2,18000,1.00382608696
68600,68608,71478,8,2870,2,18000,1.00278745645
68615,68624,71551,9,2927,2,18000,1.00307482064
68631,68637,71461,6,2824,2,18000,1.00212464589
68632,68643,71386,11,2743,2,18000,1.0040102078
68667,68677,71450,10,2773,2,18000,1.00360620267
68808,68816,71618,8,2802,2,18000,1.0028551035
68849,68857,71653,8,2796,2,18000,1.00286123033
68938,68945,71727,7,2782,2,18000,1.00251617541
68959,68967,71750,8,2783,2,18000,1.00287459576
69187,69195,72101,8,2906,2,18000,1.00275292498
69211,69220,71819,9,2599,2,18000,1.00346287033
69257,69268,72084,11,2816,2,18000,1.00390625
69341,69350,72025,9,2675,2,18000,1.00336448598
69357,69363,72236,6,2873,2,18000,1.00208840933
69431,69440,72326,9,2886,2,18000,1.00311850312
69460,69467,72404,7,2937,2,18000,1.00238338441
69484,69493,72273,9,2780,2,18000,1.00323741007
69514,69523,72341,9,2818,2,18000,1.00319375444
69554,69562,72443,8,2881,2,18000,1.00277681361
69621,69630,72350,9,2720,2,18000,1.00330882353
69939,69949,72779,10,2830,2,18000,1.0035335689
69987,69993,72842,6,2849,2,18000,1.00210600211
70291,70299,73088,8,2789,2,18000,1.00286841162
70308,70314,73028,6,2714,2,18000,1.00221075903
70309,70320,73045,11,2725,2,18000,1.00403669725
70423,70432,73167,9,2735,2,18000,1.00329067642
70447,70453,73184,6,2731,2,18000,1.00219699744
70547,70554,73329,7,2775,2,18000,1.00252252252
70549,70560,73393,11,2833,2,18000,1.00388280974
70598,70606,73360,8,2754,2,18000,1.00290486565
70633,70639,73213,6,2574,2,18000,1.00233100233
70659,70669,73306,10,2637,2,18000,1.00379218809
70692,70701,73505,9,2804,2,18000,1.00320970043
70846,70855,73656,9,2801,2,18000,1.00321313816
70887,70898,73667,11,2769,2,18000,1.00397255327
71011,71019,73855,8,2836,2,18000,1.00282087447
71027,71033,73694,6,2661,2,18000,1.00225479143
71252,71259,74036,7,2777,2,18000,1.0025207058
71268,71276,74069,8,2793,2,18000,1.00286430362
71388,71397,74211,9,2814,2,18000,1.00319829424
71444,71450,74301,6,2851,2,18000,1.00210452473
71463,71469,74280,6,2811,2,18000,1.00213447172
71464,71475,74192,11,2717,2,18000,1.004048583
71480,71489,74209,9,2720,2,18000,1.00330882353
71552,71562,74219,10,2657,2,18000,1.00376364321
71622,71630,74330,8,2700,2,18000,1.00296296296
71657,71665,74452,8,2787,2,18000,1.00287047004
71730,71739,74460,9,2721,2,18000,1.0033076075
71755,71761,74597,6,2836,2,18000,1.00211565585
71822,71830,74539,8,2709,2,18000,1.00295311923
72025,72036,74785,11,2749,2,18000,1.00400145507
72088,72095,74756,7,2661,2,18000,1.00263059
72105,72112,74834,7,2722,2,18000,1.0025716385
72238,72247,74948,9,2701,2,18000,1.00333209922
72274,72284,75083,10,2799,2,18000,1.00357270454
72328,72337,75209,9,2872,2,18000,1.00313370474
72344,72352,75133,8,2781,2,18000,1.00287666307
72360,72367,75186,7,2819,2,18000,1.00248315005
72408,72415,75191,7,2776,2,18000,1.00252161383
72447,72455,75281,8,2826,2,18000,1.00283085633
72763,72770,94289,7,21519,16,57600,1.00032529393
72781,72791,75567,10,2776,2,18000,1.00360230548
72845,72853,75564,8,2711,2,18000,1.00295094061
73033,73038,75757,5,2719,2,18000,1.00183891136
73049,73055,75806,6,2751,2,18000,1.00218102508
73090,73099,75933,9,2834,2,18000,1.00317572336
73170,73178,75810,8,2632,2,18000,1.00303951368
73186,73195,76050,9,2855,2,18000,1.00315236427
73214,73224,75919,10,2695,2,18000,1.00371057514
73309,73317,76049,8,2732,2,18000,1.00292825769
73330,73341,76069,11,2728,2,18000,1.00403225806
73361,73371,76251,10,2880,2,18000,1.00347222222
73396,73405,76186,9,2781,2,18000,1.00323624595
73506,73516,76099,10,2583,2,18000,1.00387146729
73658,73667,76535,9,2868,2,18000,1.00313807531
73674,73680,76453,6,2773,2,18000,1.0021637216
73696,73705,76505,9,2800,2,18000,1.00321428571
73856,73866,76697,10,2831,2,18000,1.00353232073
74040,74047,76819,7,2772,2,18000,1.00252525253
74071,74080,76954,9,2874,2,18000,1.00313152401
74193,74203,77003,10,2800,2,18000,1.00357142857
74212,74219,77159,7,2940,2,18000,1.00238095238
74214,74226,77048,12,2822,2,18000,1.00425230333
74229,74235,77021,6,2786,2,18000,1.00215362527
74283,74291,77121,8,2830,2,18000,1.00282685512
74305,74312,77087,7,2775,2,18000,1.00252252252
74328,74341,77125,13,2784,2,18000,1.00466954023
74456,74463,77368,7,2905,2,18000,1.00240963855
74473,74479,77156,6,2677,2,18000,1.0022413149
74543,74551,77183,8,2632,2,18000,1.00303951368
74599,74609,77421,10,2812,2,18000,1.00355618777
74759,74767,77371,8,2604,2,18000,1.00307219662
74789,74796,77622,7,2826,2,18000,1.00247699929
74836,74846,77656,10,2810,2,18000,1.00355871886
74953,74959,77787,6,2828,2,18000,1.00212164074
75084,75094,77786,10,2692,2,18000,1.00371471025
75136,75144,77926,8,2782,2,18000,1.00287562904
75187,75197,77968,10,2771,2,18000,1.00360880549
75203,75209,77999,6,2790,2,18000,1.00215053763
75219,75225,78013,6,2788,2,18000,1.00215208034
75284,75292,77981,8,2689,2,18000,1.00297508367
75567,75575,78366,8,2791,2,18000,1.00286635614
75584,75590,78328,6,2738,2,18000,1.00219138057
75758,75768,78551,10,2783,2,18000,1.0035932447
75811,75817,78573,6,2756,2,18000,1.00217706821
75813,75823,78496,10,2673,2,18000,1.00374111485
75921,75930,78771,9,2841,2,18000,1.00316789863
75937,75944,78732,7,2788,2,18000,1.0025107604
76052,76061,78682,9,2621,2,18000,1.00343380389
76053,76066,78902,13,2836,2,18000,1.00458392102
76070,76080,78911,10,2831,2,18000,1.00353232073
76102,76111,78956,9,2845,2,18000,1.00316344464
76189,76197,79052,8,2855,2,18000,1.00280210158
76254,76262,79121,8,2859,2,18000,1.00279818118
76457,76465,79156,8,2691,2,18000,1.00297287254
76508,76516,79291,8,2775,2,18000,1.00288288288
76537,76548,79360,11,2812,2,18000,1.00391180654
76698,76708,79468,10,2760,2,18000,1.00362318841
76822,76830,79538,8,2708,2,18000,1.00295420975
76956,76966,79745,10,2779,2,18000,1.0035984167
77006,77014,79854,8,2840,2,18000,1.00281690141
77026,77032,79750,6,2718,2,18000,1.00220750552
77052,77060,79826,8,2766,2,18000,1.0028922632
77088,77098,79815,10,2717,2,18000,1.00368053
77123,77132,79888,9,2756,2,18000,1.00326560232
77139,77145,80007,6,2862,2,18000,1.00209643606
77154,77167,79923,13,2756,2,18000,1.00471698113
77169,77175,79781,6,2606,2,18000,1.00230237913
77185,77194,80004,9,2810,2,18000,1.00320284698
77371,77378,79956,7,2578,2,18000,1.00271528317
77373,77384,80075,11,2691,2,18000,1.00408769974
77425,77432,80160,7,2728,2,18000,1.0025659824
77625,77634,80385,9,2751,2,18000,1.00327153762
77659,77668,80525,9,2857,2,18000,1.00315015751
77788,77803,80605,15,2802,2,18000,1.00535331906
77789,77797,80512,8,2715,2,18000,1.002946593
77928,77938,80638,10,2700,2,18000,1.0037037037
77972,77980,80706,8,2726,2,18000,1.00293470286
77987,77993,80834,6,2841,2,18000,1.00211193242
78003,78009,80761,6,2752,2,18000,1.00218023256
78019,78025,80783,6,2758,2,18000,1.00217548949
78329,78339,81222,10,2883,2,18000,1.00346860909
78370,78377,80965,7,2588,2,18000,1.00270479134
78492,78507,81180,15,2673,2,18000,1.00561167228
78552,78562,81493,10,2931,2,18000,1.00341180484
78574,78584,81263,10,2679,2,18000,1.0037327361
78603,78609,80872,6,2263,14,8940,1.00265134777
78684,78693,81403,9,2710,2,18000,1.00332103321
78733,78743,81501,10,2758,2,18000,1.00362581581
78773,78782,81584,9,2802,2,18000,1.00321199143
78906,78914,81567,8,2653,2,18000,1.0030154542
78922,78928,81756,6,2828,2,18000,1.00212164074
78958,78967,81660,9,2693,2,18000,1.00334199777
79055,79063,81946,8,2883,2,18000,1.00277488727
79124,79132,81694,8,2562,2,18000,1.0031225605
79157,79167,82016,10,2849,2,18000,1.00351000351
79292,79302,82094,10,2792,2,18000,1.00358166189
79362,79371,82124,9,2753,2,18000,1.00326916092
79470,79480,82144,10,2664,2,18000,1.00375375375
79541,79549,82482,8,2933,2,18000,1.00272758268
79747,79756,82454,9,2698,2,18000,1.0033358043
79763,79769,82292,6,2523,2,18000,1.00237812128
79782,79792,82640,10,2848,2,18000,1.00351123596
79816,79826,82480,10,2654,2,18000,1.00376789751
79831,79837,82597,6,2760,2,18000,1.00217391304
79856,79865,82629,9,2764,2,18000,1.00325615051
79890,79899,82554,9,2655,2,18000,1.00338983051
79924,79934,82701,10,2767,2,18000,1.00361402241
79958,79967,82784,9,2817,2,18000,1.00319488818
80009,80014,82728,5,2714,2,18000,1.00184229919
80010,80021,82717,11,2696,2,18000,1.00408011869
80078,80086,82746,8,2660,2,18000,1.0030075188
80161,80171,82978,10,2807,2,18000,1.00356252227
80387,80396,83193,9,2797,2,18000,1.00321773329
80513,80523,83301,10,2778,2,18000,1.00359971202
80528,80536,83316,8,2780,2,18000,1.00287769784
80607,80616,83585,9,2969,2,18000,1.00303132368
80641,80649,83303,8,2654,2,18000,1.00301431801
80709,80718,83545,9,2827,2,18000,1.00318358684
80762,80772,83686,10,2914,2,18000,1.00343170899
80786,80794,83668,8,2874,2,18000,1.0027835769
80837,80845,83631,8,2786,2,18000,1.00287150036
80870,80876,80882,6,6,1,900,1.2
80881,80888,83223,7,2335,14,8940,1.00299785867
80967,80976,83696,9,2720,2,18000,1.00330882353
81182,81191,84039,9,2848,2,18000,1.00316011236
81225,81233,84090,8,2857,2,18000,1.00280014001
81266,81274,84244,8,2970,2,18000,1.00269360269
81406,81414,84125,8,2711,2,18000,1.00295094061
81496,81504,84316,8,2812,2,18000,1.00284495021
81511,81517,84320,6,2803,2,18000,1.00214056368
81569,81578,84309,9,2731,2,18000,1.00329549616
81588,81596,84377,8,2781,2,18000,1.00287666307
81662,81672,84557,10,2885,2,18000,1.00346620451
81696,81705,84439,9,2734,2,18000,1.00329188003
81764,81770,84759,6,2989,2,18000,1.00200736032
81958,81964,84790,6,2826,2,18000,1.00212314225
82055,82061,84775,6,2714,2,18000,1.00221075903
82101,82107,84945,6,2838,2,18000,1.0021141649
82138,82144,84979,6,2835,2,18000,1.00211640212
82163,82169,85068,6,2899,2,18000,1.0020696792
82306,82313,85034,7,2721,2,18000,1.00257258361
82471,82477,85364,6,2887,2,18000,1.00207828195
82514,82520,85317,6,2797,2,18000,1.00214515552
82517,82526,85168,9,2642,2,18000,1.00340651022
82565,82571,85374,6,2803,2,18000,1.00214056368
82611,82617,85353,6,2736,2,18000,1.00219298246
82645,82651,85470,6,2819,2,18000,1.00212841433
82648,82657,85461,9,2804,2,18000,1.00320970043
82717,82723,85474,6,2751,2,18000,1.00218102508
82747,82753,85597,6,2844,2,18000,1.00210970464
82748,82759,85641,11,2882,2,18000,1.00381679389
82750,82764,85561,14,2797,2,18000,1.00500536289
82791,82797,85425,6,2628,2,18000,1.00228310502
82989,82996,85822,7,2826,2,18000,1.00247699929
83201,83207,85886,6,2679,2,18000,1.00223964166
83216,83222,83271,6,49,1,900,1.12244897959
83233,83239,86733,6,3494,14,8940,1.00171722954
83307,83313,86109,6,2796,2,18000,1.00214592275
83308,83319,86158,11,2839,2,18000,1.00387460373
83328,83334,85933,6,2599,2,18000,1.00230858022
83547,83556,86404,9,2848,2,18000,1.00316011236
83588,83596,86450,8,2854,2,18000,1.00280308339
83635,83642,86469,7,2827,2,18000,1.0024761231
83669,83679,86515,10,2836,2,18000,1.00352609309
83688,83697,86528,9,2831,2,18000,1.00317908866
83704,83710,86508,6,2798,2,18000,1.00214438885
84040,84050,86992,10,2942,2,18000,1.00339904827
84092,84101,86918,9,2817,2,18000,1.00319488818
84126,84136,86920,10,2784,2,18000,1.00359195402
84246,84255,86943,9,2688,2,18000,1.00334821429
84312,84320,87066,8,2746,2,18000,1.00291332848
84328,84334,87150,6,2816,2,18000,1.00213068182
84329,84340,87196,11,2856,2,18000,1.00385154062
84381,84388,87282,7,2894,2,18000,1.00241879751
84440,84450,87099,10,2649,2,18000,1.00377500944
84560,84568,87243,8,2675,2,18000,1.00299065421
84761,84770,87443,9,2673,2,18000,1.00336700337
84780,84786,87481,6,2695,2,18000,1.00222634508
84799,84805,87525,6,2720,2,18000,1.00220588235
84948,84956,87778,8,2822,2,18000,1.00283486889
84983,84991,87845,8,2854,2,18000,1.00280308339
85036,85045,87772,9,2727,2,18000,1.00330033003
85070,85080,87786,10,2706,2,18000,1.0036954915
85170,85180,88003,10,2823,2,18000,1.00354233085
85322,85328,88241,6,2913,2,18000,1.00205973223
85355,85364,88217,9,2853,2,18000,1.00315457413
85371,85377,88010,6,2633,2,18000,1.00227876946
85388,85394,88129,6,2735,2,18000,1.00219378428
85426,85436,88360,10,2924,2,18000,1.00341997264
85464,85472,88334,8,2862,2,18000,1.00279524808
85481,85487,88258,6,2771,2,18000,1.00216528329
85482,85493,88311,11,2818,2,18000,1.00390347764
85565,85572,88411,7,2839,2,18000,1.00246565692
85601,85609,88419,8,2810,2,18000,1.00284697509
85643,85652,88412,9,2760,2,18000,1.00326086957
85824,85833,88713,9,2880,2,18000,1.003125
85890,85897,88712,7,2815,2,18000,1.00248667851
85935,85944,88590,9,2646,2,18000,1.00340136054
86110,86120,88899,10,2779,2,18000,1.0035984167
86161,86169,88898,8,2729,2,18000,1.00293147673
86406,86415,89155,9,2740,2,18000,1.00328467153
86451,86461,89359,10,2898,2,18000,1.00345065562
86471,86480,89090,9,2610,2,18000,1.00344827586
86510,86519,89323,9,2804,2,18000,1.00320970043
86528,86534,89336,6,2802,2,18000,1.00214132762
86530,86540,89202,10,2662,2,18000,1.003756574
86730,86737,86745,7,8,1,900,1.5
86744,86750,90248,6,3498,14,8940,1.00171526587
86921,86929,89627,8,2698,2,18000,1.00296515938
86922,86935,89787,13,2852,2,18000,1.00455820477
86947,86955,89804,8,2849,2,18000,1.00280800281
86993,87003,89811,10,2808,2,18000,1.00356125356
87068,87078,89677,10,2599,2,18000,1.00384763371
87101,87110,90002,9,2892,2,18000,1.0031120332
87154,87161,89869,7,2708,2,18000,1.00258493353
87198,87207,89923,9,2716,2,18000,1.00331369661
87248,87254,89909,6,2655,2,18000,1.00225988701
87286,87294,90079,8,2785,2,18000,1.00287253142
87447,87454,90224,7,2770,2,18000,1.00252707581
87484,87492,90394,8,2902,2,18000,1.0027567195
87528,87536,90371,8,2835,2,18000,1.00282186949
87775,87783,90642,8,2859,2,18000,1.00279818118
87790,87796,90518,6,2722,2,18000,1.00220426157
87792,87802,90524,10,2722,2,18000,1.00367376929
87847,87856,90571,9,2715,2,18000,1.00331491713
88004,88014,90858,10,2844,2,18000,1.0035161744
88020,88026,90796,6,2770,2,18000,1.00216606498
88130,88140,90889,10,2749,2,18000,1.00363768643
88221,88228,91052,7,2824,2,18000,1.00247875354
88243,88252,90873,9,2621,2,18000,1.00343380389
88261,88269,91149,8,2880,2,18000,1.00277777778
88311,88322,91042,11,2720,2,18000,1.00404411765
88337,88345,91184,8,2839,2,18000,1.00281789362
88362,88372,91130,10,2758,2,18000,1.00362581581
88414,88422,91204,8,2782,2,18000,1.00287562904
88415,88428,91330,13,2902,2,18000,1.00447966919
88431,88437,91234,6,2797,2,18000,1.00214515552
88592,88601,91364,9,2763,2,18000,1.00325732899
88715,88724,91584,9,2860,2,18000,1.00314685315
88717,88729,91332,12,2603,2,18000,1.00461006531
88903,88908,91845,5,2937,2,18000,1.00170241743
88904,88915,91720,11,2805,2,18000,1.00392156863
89094,89101,91939,7,2838,2,18000,1.00246652572
89158,89166,91870,8,2704,2,18000,1.00295857988
89205,89213,91912,8,2699,2,18000,1.00296406076
89328,89334,92126,6,2792,2,18000,1.00214899713
89344,89350,92021,6,2671,2,18000,1.00224634968
89360,89370,92037,10,2667,2,18000,1.00374953131
89628,89638,92491,10,2853,2,18000,1.00350508237
89678,89688,92380,10,2692,2,18000,1.00371471025
89788,89798,92594,10,2796,2,18000,1.00357653791
89807,89815,92614,8,2799,2,18000,1.00285816363
89823,89829,92482,6,2653,2,18000,1.00226159065
89872,89881,92577,9,2696,2,18000,1.00333827893
89910,89920,92554,10,2634,2,18000,1.00379650721
89925,89934,92775,9,2841,2,18000,1.00316789863
90003,90013,92804,10,2791,2,18000,1.00358294518
90080,90090,92782,10,2692,2,18000,1.00371471025
90226,90236,92824,10,2588,2,18000,1.00386398764
90246,90252,90258,6,6,1,900,1.2
90258,90264,93694,6,3430,14,8940,1.00174927114
90374,90382,93208,8,2826,2,18000,1.00283085633
90396,90406,93197,10,2791,2,18000,1.00358294518
90519,90529,93378,10,2849,2,18000,1.00351000351
90534,90540,93287,6,2747,2,18000,1.00218420095
90574,90582,93289,8,2707,2,18000,1.00295530107
90646,90653,93438,7,2785,2,18000,1.00251346499
90798,90808,93555,10,2747,2,18000,1.00364033491
90860,90870,93678,10,2808,2,18000,1.00356125356
90877,90884,93738,7,2854,2,18000,1.00245269797
90893,90900,93672,7,2772,2,18000,1.00252525253
91043,91053,93816,10,2763,2,18000,1.00361925443
91059,91065,93964,6,2899,2,18000,1.0020696792
91133,91141,93815,8,2674,2,18000,1.00299177263
91151,91161,93745,10,2584,2,18000,1.00386996904
91186,91195,93974,9,2779,2,18000,1.00323857503
91207,91215,94113,8,2898,2,18000,1.0027605245
91235,91245,94200,10,2955,2,18000,1.00338409475
91332,91342,94030,10,2688,2,18000,1.0037202381
91333,91347,94118,14,2771,2,18000,1.00505232768
91367,91375,94137,8,2762,2,18000,1.00289645185
91587,91596,94545,9,2949,2,18000,1.00305188199
91722,91732,94513,10,2781,2,18000,1.00359582884
91846,91856,94589,10,2733,2,18000,1.0036589828
91871,91881,94671,10,2790,2,18000,1.00358422939
91914,91923,94743,9,2820,2,18000,1.00319148936
91943,91950,94811,7,2861,2,18000,1.00244669696
92023,92032,94856,9,2824,2,18000,1.00318696884
92039,92048,94730,9,2682,2,18000,1.0033557047
92128,92138,94823,10,2685,2,18000,1.00372439479
92380,92391,94892,11,2501,2,18000,1.0043982407
92486,92494,95264,8,2770,2,18000,1.00288808664
92502,92508,95258,6,2750,2,18000,1.00218181818
92556,92566,95182,10,2616,2,18000,1.00382262997
92581,92588,95501,7,2913,2,18000,1.00240302094
92597,92605,95549,8,2944,2,18000,1.0027173913
92615,92625,95508,10,2883,2,18000,1.00346860909
92777,92786,95656,9,2870,2,18000,1.0031358885
92793,92799,95557,6,2758,2,18000,1.00217548949
92809,92815,95510,6,2695,2,18000,1.00222634508
92824,92835,95546,11,2711,2,18000,1.00405754334
93201,93209,96090,8,2881,2,18000,1.00277681361
93216,93222,95944,6,2722,2,18000,1.00220426157
93291,93298,96125,7,2827,2,18000,1.0024761231
93293,93304,96066,11,2762,2,18000,1.00398262129
93381,93389,96193,8,2804,2,18000,1.00285306705
93440,93449,96278,9,2829,2,18000,1.00318133616
93557,93566,96406,9,2840,2,18000,1.00316901408
93676,93683,96427,7,2744,2,18000,1.00255102041
93689,93695,93701,6,6,1,900,1.2
93691,93701,96414,10,2713,2,18000,1.00368595651
93701,93707,97249,6,3542,14,8940,1.00169395822
93739,93749,96479,10,2730,2,18000,1.00366300366
93755,93761,96474,6,2713,2,18000,1.0022115739
93818,93826,96639,8,2813,2,18000,1.00284393886
93819,93832,96578,13,2746,2,18000,1.00473415878
93965,93976,96800,11,2824,2,18000,1.00389518414
93981,93987,96806,6,2819,2,18000,1.00212841433
94033,94041,96829,8,2788,2,18000,1.00286944046
94113,94124,96906,11,2782,2,18000,1.00395398994
94129,94135,96891,6,2756,2,18000,1.00217706821
94145,94151,96936,6,2785,2,18000,1.00215439856
94204,94211,97157,7,2946,2,18000,1.00237610319
94514,94524,97255,10,2731,2,18000,1.00366166239
94546,94556,97403,10,2847,2,18000,1.00351246927
94593,94600,97396,7,2796,2,18000,1.00250357654
94674,94682,97543,8,2861,2,18000,1.0027962251
94734,94741,97408,7,2667,2,18000,1.00262467192
94749,94755,97582,6,2827,2,18000,1.00212239123
94815,94822,97497,7,2675,2,18000,1.00261682243
94830,94836,97671,6,2835,2,18000,1.00211640212
94859,94867,97688,8,2821,2,18000,1.0028358738
94896,94903,97645,7,2742,2,18000,1.00255288111
95184,95193,97983,9,2790,2,18000,1.00322580645
95262,95270,98098,8,2828,2,18000,1.00282885431
95278,95284,98135,6,2851,2,18000,1.00210452473
95504,95512,98350,8,2838,2,18000,1.00281888654
95519,95525,98254,6,2729,2,18000,1.00219860755
95520,95531,98288,11,2757,2,18000,1.00398984403
95549,95561,98412,12,2851,2,18000,1.00420904946
95551,95566,98385,15,2819,2,18000,1.00532103583
95566,95572,98390,6,2818,2,18000,1.00212916962
95659,95668,98382,9,2714,2,18000,1.00331613854
95945,95955,98881,10,2926,2,18000,1.003417635
96069,96077,98878,8,2801,2,18000,1.00285612281
96092,96101,98944,9,2843,2,18000,1.00316567007
96126,96136,98999,10,2863,2,18000,1.00349283968
96194,96205,98850,11,2645,2,18000,1.00415879017
96281,96290,98941,9,2651,2,18000,1.0033949453
96409,96417,99239,8,2822,2,18000,1.00283486889
96426,96432,99238,6,2806,2,18000,1.00213827512
96442,96449,99172,7,2723,2,18000,1.00257069409
96479,96485,99277,6,2792,2,18000,1.00214899713
96480,96491,99346,11,2855,2,18000,1.00385288967
96579,96589,99435,10,2846,2,18000,1.00351370344
96640,96650,99411,10,2761,2,18000,1.00362187613
96804,96811,99510,7,2699,2,18000,1.00259355317
96820,96826,99578,6,2752,2,18000,1.00218023256
96836,96842,99747,6,2905,2,18000,1.00206540448
96893,96902,99701,9,2799,2,18000,1.00321543408
96909,96918,99692,9,2774,2,18000,1.0032444124
96939,96947,99754,8,2807,2,18000,1.00285001781
97161,97169,99902,8,2733,2,18000,1.00292718624
97246,97252,97262,6,10,1,900,1.6
97258,97264,100781,6,3517,14,8940,1.00170599943
97258,97270,100086,12,2816,2,18000,1.00426136364
97398,97407,100070,9,2663,2,18000,1.00337964701
97415,97422,100284,7,2862,2,18000,1.00244584207
97417,97427,100096,10,2669,2,18000,1.00374672162
97501,97508,100275,7,2767,2,18000,1.00252981568
97545,97554,100168,9,2614,2,18000,1.00344299923
97583,97593,100337,10,2744,2,18000,1.00364431487
97646,97656,100497,10,2841,2,18000,1.00351988736
97675,97682,100372,7,2690,2,18000,1.00260223048
97691,97699,100366,8,2667,2,18000,1.00299962505
97988,97994,100849,6,2855,2,18000,1.00210157618
98101,98109,100871,8,2762,2,18000,1.00289645185
98136,98147,100936,11,2789,2,18000,1.00394406597
98256,98265,100972,9,2707,2,18000,1.00332471371
98291,98299,101065,8,2766,2,18000,1.0028922632
98352,98361,101089,9,2728,2,18000,1.00329912023
98384,98393,101244,9,2851,2,18000,1.00315678709
98401,98408,101130,7,2722,2,18000,1.0025716385
98403,98414,101255,11,2841,2,18000,1.0038718761
98418,98424,101212,6,2788,2,18000,1.00215208034
98853,98861,101674,8,2813,2,18000,1.00284393886
98879,98889,101567,10,2678,2,18000,1.00373412995
98894,98900,101722,6,2822,2,18000,1.00212615167
98945,98955,101671,10,2716,2,18000,1.00368188513
98946,98960,101720,14,2760,2,18000,1.00507246377
99002,99010,101860,8,2850,2,18000,1.00280701754
99175,99183,102065,8,2882,2,18000,1.0027758501
99242,99251,102001,9,2750,2,18000,1.00327272727
99243,99256,102000,13,2744,2,18000,1.00473760933
99279,99288,102100,9,2812,2,18000,1.00320056899
99349,99357,102013,8,2656,2,18000,1.00301204819
99414,99422,102346,8,2924,2,18000,1.00273597811
99438,99446,102260,8,2814,2,18000,1.00284292822
99509,99521,102104,12,2583,2,18000,1.00464576074
99579,99589,102419,10,2830,2,18000,1.0035335689
99696,99703,102311,7,2608,2,18000,1.00268404908
99711,99718,102509,7,2791,2,18000,1.00250806163
99749,99758,102542,9,2784,2,18000,1.00323275862
99765,99771,102436,6,2665,2,18000,1.00225140713
99904,99913,102653,9,2740,2,18000,1.00328467153
100073,100082,102824,9,2742,2,18000,1.00328227571
100089,100097,102874,8,2777,2,18000,1.00288080663
100104,100111,102977,7,2866,2,18000,1.00244242847
100170,100179,103036,9,2857,2,18000,1.00315015751
100277,100286,102974,9,2688,2,18000,1.00334821429
100293,100299,103112,6,2813,2,18000,1.00213295414
100340,100349,103036,9,2687,2,18000,1.00334946036
100369,100378,103239,9,2861,2,18000,1.00314575323
100386,100392,103206,6,2814,2,18000,1.00213219616
100499,100508,103245,9,2737,2,18000,1.00328827183
100775,100781,100791,6,10,1,900,1.6
100790,100796,104670,6,3874,14,8940,1.00154878678
100852,100860,103666,8,2806,2,18000,1.0028510335
100874,100882,103644,8,2762,2,18000,1.00289645185
100939,100947,103533,8,2586,2,18000,1.00309358082
100973,100983,103929,10,2946,2,18000,1.00339443313
101066,101076,103775,10,2699,2,18000,1.00370507595
101092,101100,103851,8,2751,2,18000,1.00290803344
101132,101141,104004,9,2863,2,18000,1.00314355571
101213,101223,104006,10,2783,2,18000,1.0035932447
101247,101256,104065,9,2809,2,18000,1.00320398718
101263,101269,104024,6,2755,2,18000,1.00217785844
101570,101578,104471,8,2893,2,18000,1.00276529554
101674,101682,104425,8,2743,2,18000,1.00291651476
101675,101688,104615,13,2927,2,18000,1.00444140758
101724,101734,104539,10,2805,2,18000,1.00356506239
101725,101739,104517,14,2778,2,18000,1.00503959683
101862,101871,104756,9,2885,2,18000,1.00311958406
102003,102017,104704,14,2687,2,18000,1.00521027168
102005,102011,104885,6,2874,2,18000,1.00208768267
102020,102026,104890,6,2864,2,18000,1.00209497207
102067,102076,104865,9,2789,2,18000,1.00322696307
102104,102111,105029,7,2918,2,18000,1.00239890336
102120,102126,104924,6,2798,2,18000,1.00214438885
102261,102271,105007,10,2736,2,18000,1.00365497076
102312,102322,105186,10,2864,2,18000,1.00349162011
102347,102357,105278,10,2921,2,18000,1.00342348511
102420,102430,105139,10,2709,2,18000,1.00369139904
102439,102447,105038,8,2591,2,18000,1.00308761096
102511,102521,105343,10,2822,2,18000,1.00354358611
102545,102553,105325,8,2772,2,18000,1.00288600289
102657,102664,105432,7,2768,2,18000,1.00252890173
102826,102835,105537,9,2702,2,18000,1.00333086603
102876,102885,105636,9,2751,2,18000,1.00327153762
102977,102985,105576,8,2591,2,18000,1.00308761096
102978,102991,105815,13,2824,2,18000,1.00460339943
103039,103047,105877,8,2830,2,18000,1.00282685512
103040,103113,105957,73,2844,2,18000,1.02566807314
103113,103123,105941,10,2818,2,18000,1.00354861604
103207,103218,105908,11,2690,2,18000,1.00408921933
103246,103252,106076,6,2824,2,18000,1.00212464589
103247,103258,106024,11,2766,2,18000,1.00397686189
103536,103544,106389,8,2845,2,18000,1.00281195079
103646,103656,106369,10,2713,2,18000,1.00368595651
103668,103677,106380,9,2703,2,18000,1.00332963374
103777,103786,106737,9,2951,2,18000,1.00304981362
103852,103862,106678,10,2816,2,18000,1.00355113636
103930,103940,106708,10,2768,2,18000,1.00361271676
104007,104015,106869,8,2854,2,18000,1.00280308339
104008,104021,106776,13,2755,2,18000,1.00471869328
104027,104035,106689,8,2654,2,18000,1.00301431801
104068,104076,106859,8,2783,2,18000,1.00287459576
104419,104425,104525,6,100,1,1800,1.06
104427,104436,107206,9,2770,2,18000,1.00324909747
104473,104483,107288,10,2805,2,18000,1.00356506239
104521,104528,107396,7,2868,2,18000,1.00244072524
104542,104550,107232,8,2682,2,18000,1.00298284862
104619,104626,107438,7,2812,2,18000,1.00248933144
104667,104673,104683,6,10,1,900,1.6
104680,104686,108145,6,3459,14,8940,1.00173460538
104706,104715,107491,9,2776,2,18000,1.00324207493
104760,104768,107599,8,2831,2,18000,1.00282585659
104822,104828,104930,6,102,1,1800,1.05882352941
104866,104876,107692,10,2816,2,18000,1.00355113636
104890,104896,107636,6,2740,2,18000,1.00218978102
104891,104902,107509,11,2607,2,18000,1.00421940928
104926,104935,107712,9,2777,2,18000,1.00324090745
105010,105018,107717,8,2699,2,18000,1.00296406076
105032,105040,107773,8,2733,2,18000,1.00292718624
105047,105053,107877,6,2824,2,18000,1.00212464589
105141,105150,107968,9,2818,2,18000,1.00319375444
105188,105198,107919,10,2721,2,18000,1.00367511944
105279,105289,108003,10,2714,2,18000,1.00368459838
105328,105336,108098,8,2762,2,18000,1.00289645185
105345,105354,108102,9,2748,2,18000,1.00327510917
105436,105443,108075,7,2632,2,18000,1.00265957447
105528,105534,106035,6,501,1,1800,1.0119760479
105538,105548,108108,10,2560,2,18000,1.00390625
105579,105587,108386,8,2799,2,18000,1.00285816363
105638,105647,108272,9,2625,2,18000,1.00342857143
105817,105827,108623,10,2796,2,18000,1.00357653791
105879,105889,108618,10,2729,2,18000,1.00366434591
105911,105919,108838,8,2919,2,18000,1.00274066461
105942,105952,108749,10,2797,2,18000,1.00357525921
105962,105968,108544,6,2576,2,18000,1.00232919255
106026,106035,108792,9,2757,2,18000,1.00326441785
106078,106087,108881,9,2794,2,18000,1.00322118826
106371,106380,109319,9,2939,2,18000,1.00306226608
106387,106393,109239,6,2846,2,18000,1.00210822207
106403,106409,109061,6,2652,2,18000,1.00226244344
106680,106690,109411,10,2721,2,18000,1.00367511944
106695,106702,109493,7,2791,2,18000,1.00250806163
106711,106719,109504,8,2785,2,18000,1.00287253142
106740,106748,109454,8,2706,2,18000,1.0029563932
106777,106787,109516,10,2729,2,18000,1.00366434591
106862,106871,109624,9,2753,2,18000,1.00326916092
106878,106884,109619,6,2735,2,18000,1.00219378428
107207,107217,109975,10,2758,2,18000,1.00362581581
107236,107243,109818,7,2575,2,18000,1.0027184466
107287,107299,110137,12,2838,2,18000,1.00422832981
107398,107408,110095,10,2687,2,18000,1.00372162263
107442,107449,110258,7,2809,2,18000,1.00249199003
107492,107502,110146,10,2644,2,18000,1.00378214826
107511,107520,110382,9,2862,2,18000,1.00314465409
107602,107610,110501,8,2891,2,18000,1.00276720858
107637,107650,110361,13,2711,2,18000,1.0047952785
107638,107644,107681,6,37,1,1800,1.16216216216
107693,107703,110426,10,2723,2,18000,1.00367242012
107716,107723,110367,7,2644,2,18000,1.00264750378
107717,107729,110439,12,2710,2,18000,1.00442804428
107774,107784,110710,10,2926,2,18000,1.003417635
107878,107888,110547,10,2659,2,18000,1.00376081234
107921,107930,110617,9,2687,2,18000,1.00334946036
107971,107979,110790,8,2811,2,18000,1.00284596229
107995,108001,108071,6,70,1,1800,1.08571428571
108006,108014,110869,8,2855,2,18000,1.00280210158
108077,108086,110862,9,2776,2,18000,1.00324207493
108100,108109,110761,9,2652,2,18000,1.00339366516
108116,108122,110764,6,2642,2,18000,1.00227100681
108117,108128,110771,11,2643,2,18000,1.00416193719
108142,108148,108158,6,10,1,900,1.6
108155,108161,112766,6,4605,14,8940,1.0013029316
108274,108283,111060,9,2777,2,18000,1.00324090745
108387,108397,111023,10,2626,2,18000,1.00380807312
108547,108555,111221,8,2666,2,18000,1.00300075019
108619,108629,111401,10,2772,2,18000,1.00360750361
108634,108640,111404,6,2764,2,18000,1.002170767
108750,108761,111499,11,2738,2,18000,1.00401753104
108794,108803,111635,9,2832,2,18000,1.0031779661
108841,108850,111653,9,2803,2,18000,1.00321084552
108882,108892,111591,10,2699,2,18000,1.00370507595
108946,108953,109206,7,253,1,1800,1.02766798419
109064,109072,111922,8,2850,2,18000,1.00280701754
109242,109250,112042,8,2792,2,18000,1.00286532951
109321,109330,112146,9,2816,2,18000,1.00319602273
109412,109422,112220,10,2798,2,18000,1.00357398142
109456,109465,112206,9,2741,2,18000,1.00328347318
109495,109504,112201,9,2697,2,18000,1.00333704116
109511,109517,112241,6,2724,2,18000,1.00220264317
109528,109534,112401,6,2867,2,18000,1.00209277991
109621,109630,112465,9,2835,2,18000,1.00317460317
109636,109642,112385,6,2743,2,18000,1.00218738607
109821,109829,112657,8,2828,2,18000,1.00282885431
109978,109989,112790,11,2801,2,18000,1.00392716887
110093,110106,112890,13,2784,2,18000,1.00466954023
110140,110149,112829,9,2680,2,18000,1.00335820896
110156,110162,112960,6,2798,2,18000,1.00214438885
110260,110269,113071,9,2802,2,18000,1.00321199143
110363,110373,113127,10,2754,2,18000,1.00363108206
110378,110384,112970,6,2586,2,18000,1.00232018561
110393,110399,113245,6,2846,2,18000,1.00210822207
110428,110438,113034,10,2596,2,18000,1.00385208012
110444,110450,113197,6,2747,2,18000,1.00218420095
110503,110512,113273,9,2761,2,18000,1.00325968852
110550,110558,113221,8,2663,2,18000,1.00300413068
110620,110628,113450,8,2822,2,18000,1.00283486889
110713,110722,113608,9,2886,2,18000,1.00311850312
110765,110772,113540,7,2768,2,18000,1.00252890173
110782,110788,113649,6,2861,2,18000,1.00209716882
110783,110794,113626,11,2832,2,18000,1.00388418079
110798,110804,113628,6,2824,2,18000,1.00212464589
110864,110873,113618,9,2745,2,18000,1.00327868852
110879,110885,113670,6,2785,2,18000,1.00215439856
111025,111034,113893,9,2859,2,18000,1.00314795383
111062,111071,113868,9,2797,2,18000,1.00321773329
111223,111233,113966,10,2733,2,18000,1.0036589828
111404,111412,114037,8,2625,2,18000,1.00304761905
111420,111426,114231,6,2805,2,18000,1.00213903743
111501,111510,114317,9,2807,2,18000,1.00320627004
111590,111602,114306,12,2704,2,18000,1.00443786982
111637,111646,114469,9,2823,2,18000,1.00318809777
111656,111665,114316,9,2651,2,18000,1.0033949453
111925,111933,114683,8,2750,2,18000,1.00290909091
112044,112053,114669,9,2616,2,18000,1.00344036697
112150,112157,115030,7,2873,2,18000,1.00243647755
112204,112212,114944,8,2732,2,18000,1.00292825769
112220,112227,115024,7,2797,2,18000,1.00250268144
112222,112233,114898,11,2665,2,18000,1.00412757974
112243,112252,115110,9,2858,2,18000,1.00314905528
112388,112396,115288,8,2892,2,18000,1.00276625173
112404,112412,115160,8,2748,2,18000,1.00291120815
112466,112476,115156,10,2680,2,18000,1.00373134328
112659,112668,115318,9,2650,2,18000,1.00339622642
112763,112769,112779,6,10,1,900,1.6
112776,112782,117616,6,4834,14,8940,1.00124120811
112795,112801,115591,6,2790,2,18000,1.00215053763
112833,112840,115495,7,2655,2,18000,1.00263653484
112891,112901,115507,10,2606,2,18000,1.00383729854
112961,112971,115661,10,2690,2,18000,1.00371747212
112977,112982,115599,5,2617,2,18000,1.00191058464
113035,113046,115868,11,2822,2,18000,1.00389794472
113072,113082,115825,10,2743,2,18000,1.00364564346
113128,113138,115973,10,2835,2,18000,1.00352733686
113200,113208,116105,8,2897,2,18000,1.00276147739
113219,113232,116027,13,2795,2,18000,1.00465116279
113248,113256,115956,8,2700,2,18000,1.00296296296
113277,113285,116025,8,2740,2,18000,1.00291970803
113451,113461,116241,10,2780,2,18000,1.0035971223
113541,113551,116439,10,2888,2,18000,1.00346260388
113610,113620,116412,10,2792,2,18000,1.00358166189
113627,113633,116355,6,2722,2,18000,1.00220426157
113629,113639,116428,10,2789,2,18000,1.00358551452
113644,113650,116522,6,2872,2,18000,1.00208913649
113660,113667,116424,7,2757,2,18000,1.00253899166
113676,113682,116563,6,2881,2,18000,1.0020826102
113872,113880,116629,8,2749,2,18000,1.00291014915
113894,113904,116533,10,2629,2,18000,1.00380372765
113969,113977,116830,8,2853,2,18000,1.0028040659
114039,114048,116787,9,2739,2,18000,1.00328587076
114235,114243,116978,8,2735,2,18000,1.0029250457
114310,114317,117117,7,2800,2,18000,1.0025
114326,114332,117148,6,2816,2,18000,1.00213068182
114327,114338,117092,11,2754,2,18000,1.00399419027
114473,114480,117154,7,2674,2,18000,1.00261780105
114671,114680,117467,9,2787,2,18000,1.00322927879
114686,114695,117504,9,2809,2,18000,1.00320398718
114901,114909,117767,8,2858,2,18000,1.00279916025
114948,114956,117721,8,2765,2,18000,1.00289330922
115001,115008,115047,7,39,1,1800,1.17948717949
115027,115035,117806,8,2771,2,18000,1.00288704439
115043,115049,117679,6,2630,2,18000,1.00228136882
115112,115122,117906,10,2784,2,18000,1.00359195402
115158,115167,118040,9,2873,2,18000,1.00313261399
115173,115179,118059,6,2880,2,18000,1.00208333333
115291,115299,118050,8,2751,2,18000,1.00290803344
115321,115334,117988,13,2654,2,18000,1.00489826677
115322,115328,115398,6,70,1,1800,1.08571428571
115500,115506,118263,6,2757,2,18000,1.00217627856
115515,115521,118371,6,2850,2,18000,1.00210526316
115594,115602,118391,8,2789,2,18000,1.00286841162
115610,115616,118360,6,2744,2,18000,1.00218658892
115663,115672,118425,9,2753,2,18000,1.00326916092
115829,115836,118581,7,2745,2,18000,1.00255009107
115870,115879,118495,9,2616,2,18000,1.00344036697
115911,115918,116150,7,232,1,1800,1.03017241379
115959,115968,118825,9,2857,2,18000,1.00315015751
115975,115984,118911,9,2927,2,18000,1.00307482064
116027,116036,118679,9,2643,2,18000,1.00340522134
116042,116048,118786,6,2738,2,18000,1.00219138057
116109,116116,118906,7,2790,2,18000,1.00250896057
116245,116252,119079,7,2827,2,18000,1.0024761231
116358,116366,119050,8,2684,2,18000,1.00298062593
116415,116424,119045,9,2621,2,18000,1.00343380389
116431,116437,119114,6,2677,2,18000,1.0022413149
116433,116443,119138,10,2695,2,18000,1.00371057514
116449,116455,119203,6,2748,2,18000,1.00218340611
116523,116533,119426,10,2893,2,18000,1.00345661943
116539,116545,119356,6,2811,2,18000,1.00213447172
116566,116575,119406,9,2831,2,18000,1.00317908866
116631,116640,119221,9,2581,2,18000,1.00348702053
116791,116798,119578,7,2780,2,18000,1.00251798561
116832,116842,119611,10,2769,2,18000,1.00361141206
116981,116989,119839,8,2850,2,18000,1.00280701754
117094,117103,119795,9,2692,2,18000,1.00334323923
117109,117115,119455,6,2340,2,21600,1.00256410256
117120,117128,119916,8,2788,2,18000,1.00286944046
117152,117159,119897,7,2738,2,18000,1.00255661066
117167,117173,119848,6,2675,2,18000,1.00224299065
117462,117468,117496,6,28,1,1800,1.21428571429
117468,117478,120447,10,2969,2,18000,1.00336813742
117506,117515,120372,9,2857,2,18000,1.00315015751
117682,117690,120502,8,2812,2,18000,1.00284495021
117723,117732,120387,9,2655,2,18000,1.00338983051
117770,117779,120685,9,2906,2,18000,1.00309704061
117795,117802,117870,7,68,1,1800,1.10294117647
117808,117818,120634,10,2816,2,18000,1.00355113636
117815,117824,118673,9,849,2,21600,1.01060070671
117908,117917,120575,9,2658,2,18000,1.00338600451
117989,117999,120840,10,2841,2,18000,1.00351988736
118044,118051,120897,7,2846,2,18000,1.00245959241
118060,118067,120806,7,2739,2,18000,1.00255567725
118062,118073,120914,11,2841,2,18000,1.0038718761
118265,118274,120977,9,2703,2,18000,1.00332963374
118363,118371,121089,8,2718,2,18000,1.00294334069
118379,118385,121083,6,2698,2,18000,1.00222386953
118394,118403,121183,9,2780,2,18000,1.00323741007
118426,118436,121268,10,2832,2,18000,1.00353107345
118497,118506,121338,9,2832,2,18000,1.0031779661
118578,118585,118712,7,127,1,1800,1.05511811024
118585,118592,121401,7,2809,2,18000,1.00249199003
118682,118690,121573,8,2883,2,18000,1.00277488727
118786,118793,120872,7,2079,2,21600,1.00336700337
118787,118799,121451,12,2652,2,18000,1.00452488688
118828,118836,121477,8,2641,2,18000,1.00302915562
118907,118917,121805,10,2888,2,18000,1.00346260388
118923,118929,121753,6,2824,2,18000,1.00212464589
119047,119057,121905,10,2848,2,18000,1.00351123596
119063,119069,121860,6,2791,2,18000,1.00214976711
119082,119090,121863,8,2773,2,18000,1.00288496213
119117,119125,121806,8,2681,2,18000,1.00298396121
119136,119149,121957,13,2808,2,18000,1.00462962963
119206,119214,122045,8,2831,2,18000,1.00282585659
119225,119233,122116,8,2883,2,18000,1.00277488727
119359,119368,122145,9,2777,2,18000,1.00324090745
119407,119417,122064,10,2647,2,18000,1.00377786173
119430,119437,122272,7,2835,2,18000,1.0024691358
119499,119506,121926,7,2420,2,21600,1.00289256198
119579,119590,122305,11,2715,2,18000,1.00405156538
119614,119622,122484,8,2862,2,18000,1.00279524808
119691,260485,865321,140794,604836,4,604800,1.23278045619
119794,119807,122378,13,2571,2,18000,1.00505639829
119842,119850,122643,8,2793,2,18000,1.00286430362
119858,119864,122549,6,2685,2,18000,1.00223463687
119900,119908,122749,8,2841,2,18000,1.00281590989
119920,119927,122682,7,2755,2,18000,1.00254083485
120377,120382,123191,5,2809,2,18000,1.00177999288
120392,120398,123198,6,2800,2,18000,1.00214285714
120448,120458,123263,10,2805,2,18000,1.00356506239
120505,120513,123234,8,2721,2,18000,1.00294009555
120578,120586,123363,8,2777,2,18000,1.00288080663
120636,120645,123388,9,2743,2,18000,1.00328107911
120687,120696,123511,9,2815,2,18000,1.00319715808
120807,120817,123556,10,2739,2,18000,1.00365096751
120843,120852,123653,9,2801,2,18000,1.00321313816
120898,120908,123724,10,2816,2,18000,1.00355113636
120917,120925,123657,8,2732,2,18000,1.00292825769
120978,120988,123719,10,2731,2,18000,1.00366166239
121086,121094,123882,8,2788,2,18000,1.00286944046
121101,121108,123850,7,2742,2,18000,1.00255288111
121186,121195,124035,9,2840,2,18000,1.00316901408
121270,121279,123948,9,2669,2,18000,1.00337204946
121340,121349,124130,9,2781,2,18000,1.00323624595
121402,121412,124091,10,2679,2,18000,1.0037327361
121455,121462,124283,7,2821,2,18000,1.00248138958
121481,121488,124312,7,2824,2,18000,1.00247875354
121574,121584,124411,10,2827,2,18000,1.00353731871
121754,121764,124563,10,2799,2,18000,1.00357270454
121808,121816,124458,8,2642,2,18000,1.00302800908
121809,121822,124638,13,2816,2,18000,1.00461647727
121853,121859,121891,6,32,32,600,1.1875
121864,121874,124577,10,2703,2,18000,1.00369959304
121865,121879,124567,14,2688,2,18000,1.00520833333
121907,121916,124730,9,2814,2,18000,1.00319829424
121960,121968,124772,8,2804,2,18000,1.00285306705
122047,122057,124904,10,2847,2,18000,1.00351246927
122067,122075,124912,8,2837,2,18000,1.00281988016
122119,122128,124943,9,2815,2,18000,1.00319715808
122147,122157,124984,10,2827,2,18000,1.00353731871
122276,122283,125034,7,2751,2,18000,1.00254452926
122307,122316,124991,9,2675,2,18000,1.00336448598
122382,122389,124879,7,2490,2,18000,1.00281124498
122487,122496,125432,9,2936,2,18000,1.0030653951
122517,122523,124465,6,1942,2,21600,1.00308959835
122550,122560,125281,10,2721,2,18000,1.00367511944
122646,122654,125448,8,2794,2,18000,1.00286327845
122684,122694,125448,10,2754,2,18000,1.00363108206
122752,122760,125468,8,2708,2,18000,1.00295420975
123192,123202,126014,10,2812,2,18000,1.00355618777
123207,123213,126048,6,2835,2,18000,1.00211640212
123236,123245,125944,9,2699,2,18000,1.00333456836
123264,123274,125897,10,2623,2,18000,1.00381242852
123366,123375,126319,9,2944,2,18000,1.00305706522
123392,123399,126325,7,2926,2,18000,1.0023923445
123512,123522,126366,10,2844,2,18000,1.0035161744
123559,123567,126460,8,2893,2,18000,1.00276529554
123657,123664,126518,7,2854,2,18000,1.00245269797
123672,123678,126269,6,2591,2,18000,1.00231570822
123723,123729,126527,6,2798,2,18000,1.00214438885
123739,123745,126664,6,2919,2,18000,1.00205549846
123854,123861,126634,7,2773,2,18000,1.00252434187
123885,123893,126656,8,2763,2,18000,1.00289540355
123951,123959,126732,8,2773,2,18000,1.00288496213
124037,124046,126618,9,2572,2,18000,1.0034992224
124094,124102,127019,8,2917,2,18000,1.00274254371
124132,124142,126919,10,2777,2,18000,1.00360100828
124287,124294,126963,7,2669,2,18000,1.00262270513
124315,124323,127098,8,2775,2,18000,1.00288288288
124414,124422,127207,8,2785,2,18000,1.00287253142
124461,124469,127238,8,2769,2,18000,1.00288912965
124568,124574,127299,6,2725,2,18000,1.00220183486
124569,124580,127341,11,2761,2,18000,1.00398406375
124585,124591,127523,6,2932,2,18000,1.00204638472
124641,124649,127459,8,2810,2,18000,1.00284697509
124732,124741,127697,9,2956,2,18000,1.00304465494
124773,124783,127571,10,2788,2,18000,1.00358680057
124811,260512,342731,135701,82219,1,360000,2.65048224863
124811,260522,331196,135711,70674,1,360000,2.92023940912
124811,260517,272512,135706,11995,1,360000,12.3135473114
124811,260505,280646,135694,20141,1,360000,7.73720272082
124811,260528,356757,135717,96229,1,360000,2.41035446695
124812,260533,353818,135721,93285,1,360000,2.45490700541
124812,260539,283016,135727,22477,1,360000,7.03848378342
124812,260544,261417,135732,873,1,360000,156.47766323
124812,260555,262943,135743,2388,1,360000,57.8438023451
124812,260560,300197,135748,39637,1,360000,4.42477987739
124812,260566,281349,135754,20783,1,360000,7.53197324737
124812,260550,283114,135738,22564,1,360000,7.01568870768
124813,260571,332220,135758,71649,1,360000,2.89476475596
124845,124851,135759,6,10908,2,10800,1.00055005501
124881,124890,127729,9,2839,2,18000,1.00317013033
124907,124915,127645,8,2730,2,18000,1.00293040293
124923,124929,127852,6,2923,2,18000,1.0020526856
124945,124954,127720,9,2766,2,18000,1.0032537961
124987,124995,127867,8,2872,2,18000,1.00278551532
125003,125009,127783,6,2774,2,18000,1.0021629416
125037,125046,127683,9,2637,2,18000,1.00341296928
125283,125292,128048,9,2756,2,18000,1.00326560232
125435,125443,128227,8,2784,2,18000,1.00287356322
125452,125460,128234,8,2774,2,18000,1.00288392213
125454,125465,128310,11,2845,2,18000,1.00386643234
125469,125480,128347,11,2867,2,18000,1.00383676317
125900,125908,128639,8,2731,2,18000,1.00292932992
125945,125955,128722,10,2767,2,18000,1.00361402241
126017,126025,128828,8,2803,2,18000,1.00285408491
126051,126060,129007,9,2947,2,18000,1.00305395317
126192,260576,349643,134384,89067,1,180000,2.50879674852
126272,126280,129131,8,2851,2,18000,1.00280603297
126322,126330,129079,8,2749,2,18000,1.00291014915
126338,126344,128980,6,2636,2,18000,1.00227617602
126370,126378,129202,8,2824,2,18000,1.00283286119
126462,126472,129326,10,2854,2,18000,1.00350385424
126523,126529,129230,6,2701,2,18000,1.00222139948
126538,126545,129211,7,2666,2,18000,1.00262565641
126620,126629,129429,9,2800,2,18000,1.00321428571
126636,126646,129339,10,2693,2,18000,1.00371333086
126658,126667,129604,9,2937,2,18000,1.00306435138
126674,126680,129540,6,2860,2,18000,1.0020979021
126733,126743,129689,10,2946,2,18000,1.00339443313
126922,126930,129626,8,2696,2,18000,1.00296735905
126965,126974,129733,9,2759,2,18000,1.00326205147
127020,127030,129843,10,2813,2,18000,1.00355492357
127029,260591,375558,133562,114967,1,180000,2.16174206511
127102,127109,129740,7,2631,2,18000,1.00266058533
127209,127219,130172,10,2953,2,18000,1.00338638673
127240,127249,130063,9,2814,2,18000,1.00319829424
127303,127310,130104,7,2794,2,18000,1.00250536865
127343,127353,130111,10,2758,2,18000,1.00362581581
127461,127471,130132,10,2661,2,18000,1.00375798572
127524,127534,130267,10,2733,2,18000,1.0036589828
127554,260597,440609,133043,180012,1,180000,1.73907850588
127572,127583,130330,11,2747,2,18000,1.0040043684
127647,127656,130482,9,2826,2,18000,1.00318471338
127685,127694,130324,9,2630,2,18000,1.00342205323
127700,127708,130540,8,2832,2,18000,1.00282485876
127723,127731,130416,8,2685,2,18000,1.00297951583
127738,127745,130330,7,2585,2,18000,1.00270793037
127785,127795,130547,10,2752,2,18000,1.00363372093
127854,127863,130477,9,2614,2,18000,1.00344299923
127870,127879,130763,9,2884,2,18000,1.00312066574
127988,260602,417695,132614,157093,1,180000,1.84417510647
128051,128059,130883,8,2824,2,18000,1.00283286119
128101,128107,149243,6,21136,2,72000,1.00028387585
128228,128238,131113,10,2875,2,18000,1.00347826087
128244,128250,130999,6,2749,2,18000,1.00218261186
128313,128321,130999,8,2678,2,18000,1.00298730396
128351,128358,131006,7,2648,2,18000,1.00264350453
128421,128427,157196,6,28769,2,72000,1.00020855782
128643,128650,131406,7,2756,2,18000,1.00253991292
128723,128733,131564,10,2831,2,18000,1.00353232073
128830,128839,131523,9,2684,2,18000,1.00335320417
128982,128992,131748,10,2756,2,18000,1.00362844702
129010,129019,131736,9,2717,2,18000,1.003312477
129081,129090,131845,9,2755,2,18000,1.00326678766
129134,129143,132064,9,2921,2,18000,1.0030811366
129203,129213,132001,10,2788,2,18000,1.00358680057
129219,129225,132049,6,2824,2,18000,1.00212464589
129235,129241,131953,6,2712,2,18000,1.00221238938
129329,129337,132100,8,2763,2,18000,1.00289540355
129345,129351,132179,6,2828,2,18000,1.00212164074
129432,129440,132244,8,2804,2,18000,1.00285306705
129544,129552,132294,8,2742,2,18000,1.00291757841
129608,129615,132373,7,2758,2,18000,1.00253807107
129629,129637,132403,8,2766,2,18000,1.0028922632
129691,129700,132484,9,2784,2,18000,1.00323275862
129736,129746,132364,10,2618,2,18000,1.0038197097
129751,129757,132538,6,2781,2,18000,1.0021574973
129847,129854,132577,7,2723,2,18000,1.00257069409
130064,130074,132896,10,2822,2,18000,1.00354358611
130106,130115,132749,9,2634,2,18000,1.00341685649
130122,130128,132845,6,2717,2,18000,1.002208318
130139,130145,132806,6,2661,2,18000,1.00225479143
130173,130183,132878,10,2695,2,18000,1.00371057514
130269,130278,132976,9,2698,2,18000,1.0033358043
130326,130336,132991,10,2655,2,18000,1.00376647834
130342,130348,133100,6,2752,2,18000,1.00218023256
130343,130354,133186,11,2832,2,18000,1.00388418079
130418,130427,133064,9,2637,2,18000,1.00341296928
130478,130488,133297,10,2809,2,18000,1.00355998576
130494,130500,133314,6,2814,2,18000,1.00213219616
130541,130551,133223,10,2672,2,18000,1.00374251497
130557,130563,133246,6,2683,2,18000,1.00223630265
130764,130774,133391,10,2617,2,18000,1.00382116928
130887,130894,133724,7,2830,2,18000,1.00247349823
131001,131010,133845,9,2835,2,18000,1.00317460317
131002,131015,133847,13,2832,2,18000,1.00459039548
131019,131025,133880,6,2855,2,18000,1.00210157618
131118,131123,133849,5,2726,2,18000,1.00183418929
131118,131129,131238,11,109,23,3600,1.10091743119
131333,131339,139708,6,8369,23,14400,1.00071693153
131418,131424,134220,6,2796,2,18000,1.00214592275
131526,131534,134343,8,2809,2,18000,1.00284798861
131566,131576,134261,10,2685,2,18000,1.00372439479
131738,131749,134506,11,2757,2,18000,1.00398984403
131755,131761,134611,6,2850,2,18000,1.00210526316
131848,131858,134613,10,2755,2,18000,1.00362976407
131954,131964,134787,10,2823,2,18000,1.00354233085
132006,132013,134826,7,2813,2,18000,1.0024884465
132055,132061,134856,6,2795,2,18000,1.00214669052
132072,132078,135013,6,2935,2,18000,1.00204429302
132102,132111,134724,9,2613,2,18000,1.00344431688
132182,132190,134987,8,2797,2,18000,1.00286020737
132245,132255,135040,10,2785,2,18000,1.00359066427
132297,132305,135090,8,2785,2,18000,1.00287253142
132366,132375,135099,9,2724,2,18000,1.00330396476
132382,132389,135128,7,2739,2,18000,1.00255567725
132405,132415,135417,10,3002,2,18000,1.00333111259
132490,132496,135396,6,2900,2,18000,1.00206896552
132539,132549,135559,10,3010,2,18000,1.00332225914
132581,132591,135513,10,2922,2,18000,1.00342231348
132751,132760,135614,9,2854,2,18000,1.00315346882
132808,132817,135639,9,2822,2,18000,1.0031892275
132847,132858,135452,11,2594,2,18000,1.00424055513
132880,132889,135644,9,2755,2,18000,1.00326678766
132900,132907,135801,7,2894,2,18000,1.00241879751
132978,132987,135837,9,2850,2,18000,1.00315789474
133002,133008,135815,6,2807,2,18000,1.00213751336
133072,133078,135925,6,2847,2,18000,1.00210748156
133101,133111,135839,10,2728,2,18000,1.00366568915
133190,133198,135982,8,2784,2,18000,1.00287356322
133225,133235,136098,10,2863,2,18000,1.00349283968
133249,133258,136073,9,2815,2,18000,1.00319715808
133303,133309,136094,6,2785,2,18000,1.00215439856
133320,133326,136015,6,2689,2,18000,1.00223131276
133393,133402,136251,9,2849,2,18000,1.00315900316
133839,133845,136532,6,2687,2,18000,1.00223297358
133857,133863,136573,6,2710,2,18000,1.00221402214
133858,133869,136699,11,2830,2,18000,1.0038869258
133859,133874,136633,15,2759,2,18000,1.00543675245
133884,133891,136629,7,2738,2,18000,1.00255661066
134224,134231,137087,7,2856,2,18000,1.00245098039
134263,134272,136988,9,2716,2,18000,1.00331369661
134347,134355,137262,8,2907,2,18000,1.00275197798
134358,260608,340653,126250,80045,1,180000,2.57723780374
134510,134517,137351,7,2834,2,18000,1.00247000706
134614,134622,137375,8,2753,2,18000,1.00290592081
134615,134628,137412,13,2784,2,18000,1.00466954023
134728,134736,137518,8,2782,2,18000,1.00287562904
134790,134798,137536,8,2738,2,18000,1.00292184076
134828,134838,137432,10,2594,2,18000,1.00385505012
134860,134868,137665,8,2797,2,18000,1.00286020737
134990,134998,137752,8,2754,2,18000,1.00290486565
135014,135024,137852,10,2828,2,18000,1.00353606789
135043,135051,137907,8,2856,2,18000,1.00280112045
135091,135101,137734,10,2633,2,18000,1.00379794911
135107,135113,137887,6,2774,2,18000,1.0021629416
135130,135139,137940,9,2801,2,18000,1.00321313816
135398,135408,138118,10,2710,2,18000,1.0036900369
135422,135429,138257,7,2828,2,18000,1.00247524752
135455,135464,138222,9,2758,2,18000,1.00326323423
135515,135524,138370,9,2846,2,18000,1.0031623331
135563,135571,138340,8,2769,2,18000,1.00288912965
135617,135625,138503,8,2878,2,18000,1.00277970813
135641,135650,138595,9,2945,2,18000,1.00305602716
135657,135663,138419,6,2756,2,18000,1.00217706821
135805,135812,138591,7,2779,2,18000,1.00251889169
135821,135827,138628,6,2801,2,18000,1.00214209211
135840,135848,138704,8,2856,2,18000,1.00280112045
135842,135854,138576,12,2722,2,18000,1.00440852314
135928,135936,138716,8,2780,2,18000,1.00287769784
135984,135993,138681,9,2688,2,18000,1.00334821429
136016,136026,138812,10,2786,2,18000,1.00358937545
136076,136084,138783,8,2699,2,18000,1.00296406076
136095,136105,138907,10,2802,2,18000,1.00356887937
136111,136117,138977,6,2860,2,18000,1.0020979021
136253,136262,139044,9,2782,2,18000,1.00323508267
136534,136543,139250,9,2707,2,18000,1.00332471371
136576,136584,139262,8,2678,2,18000,1.00298730396
136633,136640,139402,7,2762,2,18000,1.00253439537
136634,136646,139498,12,2852,2,18000,1.00420757363
136703,136711,139410,8,2699,2,18000,1.00296406076
136764,260464,511206,123700,250742,10,360000,1.49333577941
136801,136807,136810,6,3,10,54000,1.0
136990,136999,139918,9,2919,2,18000,1.00308324769
137089,137099,139858,10,2759,2,18000,1.00362450163
137262,137273,140032,11,2759,2,18000,1.00398695179
137353,137362,140051,9,2689,2,18000,1.00334696913
137378,137387,140035,9,2648,2,18000,1.00339879154
137413,137423,140271,10,2848,2,18000,1.00351123596
137435,137444,140227,9,2783,2,18000,1.00323392023
137519,137529,140337,10,2808,2,18000,1.00356125356
137538,137547,140295,9,2748,2,18000,1.00327510917
137667,137676,140514,9,2838,2,18000,1.00317124736
137736,137745,140428,9,2683,2,18000,1.00335445397
137755,137763,140497,8,2734,2,18000,1.00292611558
137856,137864,140620,8,2756,2,18000,1.00290275762
137888,137898,140661,10,2763,2,18000,1.00361925443
137911,137918,140750,7,2832,2,18000,1.00247175141
137943,137951,140655,8,2704,2,18000,1.00295857988
138029,138035,138442,6,407,2,7200,1.01474201474
138121,138130,140883,9,2753,2,18000,1.00326916092
138132,138139,140550,7,2411,10,3600,1.0029033596
138225,138233,140900,8,2667,2,18000,1.00299962505
138259,138269,141040,10,2771,2,18000,1.00360880549
138342,138351,141144,9,2793,2,18000,1.00322234157
138370,138381,141320,11,2939,2,18000,1.00374276965
138420,138430,141234,10,2804,2,18000,1.00356633381
138473,138480,144600,7,6120,1,57600,1.00114379085
138508,138514,141294,6,2780,2,18000,1.00215827338
138580,138587,141421,7,2834,2,18000,1.00247000706
138600,138606,141428,6,2822,2,18000,1.00212615167
138601,138612,141515,11,2903,2,18000,1.0037891836
138631,138639,141510,8,2871,2,18000,1.00278648555
138685,138693,141301,8,2608,2,18000,1.00306748466
138708,138715,141450,7,2735,2,18000,1.00255941499
138723,138730,141527,7,2797,2,18000,1.00250268144
138787,138794,141668,7,2874,2,18000,1.00243562978
138815,138823,141598,8,2775,2,18000,1.00288288288
138834,138840,138842,6,2,2,7200,1.0
138874,138880,139561,6,681,2,7200,1.00881057269
138910,138923,141692,13,2769,2,18000,1.00469483568
138911,138917,142582,6,3665,23,14400,1.00163710778
138980,138988,141713,8,2725,2,18000,1.00293577982
139045,139055,141777,10,2722,2,18000,1.00367376929
139253,139261,142049,8,2788,2,18000,1.00286944046
139268,139274,142084,6,2810,2,18000,1.00213523132
139405,139413,142345,8,2932,2,18000,1.00272851296
139421,139427,142244,6,2817,2,18000,1.00212992545
139569,139575,142232,6,2657,2,18000,1.00225818592
139861,139869,142724,8,2855,2,18000,1.00280210158
139886,139893,139957,7,64,1,14400,1.109375
139921,139929,142699,8,2770,2,18000,1.00288808664
140034,140043,142878,9,2835,2,18000,1.00317460317
140050,140056,142884,6,2828,2,18000,1.00212164074
140051,140062,142785,11,2723,2,18000,1.00403966214
140228,140238,142919,10,2681,2,18000,1.00372995151
140303,140309,143193,6,2884,2,18000,1.00208044383
140304,140315,143038,11,2723,2,18000,1.00403966214
140355,140361,143040,6,2679,2,18000,1.00223964166
140430,140439,143294,9,2855,2,18000,1.00315236427
140498,140508,143229,10,2721,2,18000,1.00367511944
140517,140526,143328,9,2802,2,18000,1.00321199143
140624,140631,143471,7,2840,2,18000,1.00246478873
140635,140641,140650,6,9,10,3600,1.5
140660,140666,143306,6,2640,2,18000,1.00227272727
140661,140671,140697,10,26,10,54000,1.38461538462
140676,140682,143516,6,2834,2,18000,1.00211714891
140753,140761,143522,8,2761,2,18000,1.00289750091
140886,140895,143663,9,2768,2,18000,1.00325144509
140902,140912,143714,10,2802,2,18000,1.00356887937
141044,141051,143664,7,2613,2,18000,1.00267891313
141146,141155,143935,9,2780,2,18000,1.00323741007
141157,141163,195192,6,54029,10,54000,1.00011105147
141213,141219,141389,6,170,10,54000,1.03529411765
141239,141245,143928,6,2683,2,18000,1.00223630265
141297,141305,144110,8,2805,2,18000,1.00285204991
141314,141320,144105,6,2785,2,18000,1.00215439856
141330,141341,195380,11,54039,3,54000,1.00020355669
141330,141335,144185,5,2850,2,18000,1.00175438596
141331,141352,141684,21,332,2,7200,1.06325301205
141424,141432,144151,8,2719,2,18000,1.00294225818
141439,141446,144306,7,2860,2,18000,1.00244755245
141456,141462,144268,6,2806,2,18000,1.00213827512
141512,141522,144347,10,2825,2,18000,1.00353982301
141529,141535,144369,6,2834,2,18000,1.00211714891
141530,141541,144322,11,2781,2,18000,1.00395541172
141595,141601,141604,6,3,3,54000,1.0
141602,141609,144292,7,2683,2,18000,1.00260901975
141618,141625,195655,7,54030,8,54000,1.00012955765
141657,141663,145874,6,4211,4,36000,1.00142483971
141670,141679,144494,9,2815,2,18000,1.00319715808
141695,141703,144488,8,2785,2,18000,1.00287253142
141715,141725,144478,10,2753,2,18000,1.00363240102
141780,141789,144520,9,2731,2,18000,1.00329549616
142050,142061,144985,11,2924,2,18000,1.0037619699
142085,142095,144870,10,2775,2,18000,1.0036036036
142237,142243,145069,6,2826,2,18000,1.00212314225
142253,142259,144970,6,2711,2,18000,1.00221320546
142351,142357,145116,6,2759,2,18000,1.00217470098
142701,142710,145510,9,2800,2,18000,1.00321428571
142726,142735,145678,9,2943,2,18000,1.00305810398
142786,142796,145648,10,2852,2,18000,1.00350631136
142880,142889,145721,9,2832,2,18000,1.0031779661
142896,142902,145668,6,2766,2,18000,1.0021691974
142922,142930,145748,8,2818,2,18000,1.00283889283
143000,143006,197043,6,54037,2,54000,1.00011103503
143042,143049,145909,7,2860,2,18000,1.00244755245
143043,143055,145848,12,2793,2,18000,1.00429645542
143129,143135,197148,6,54013,2,54000,1.00011108437
143197,143204,146005,7,2801,2,18000,1.00249910746
143231,143241,145856,10,2615,2,18000,1.00382409178
143296,143305,145945,9,2640,2,18000,1.00340909091
143316,143322,146203,6,2881,2,18000,1.0020826102
143332,143338,146133,6,2795,2,18000,1.00214669052
143342,143348,143392,6,44,1,14400,1.13636363636
143474,143482,146430,8,2948,2,18000,1.00271370421
143519,143527,146392,8,2865,2,18000,1.00279232112
143536,143542,146240,6,2698,2,18000,1.00222386953
143667,143674,146601,7,2927,2,18000,1.00239152716
143669,143680,146345,11,2665,2,18000,1.00412757974
143717,143725,146530,8,2805,2,18000,1.00285204991
143929,143939,146717,10,2778,2,18000,1.00359971202
143946,143952,146703,6,2751,2,18000,1.00218102508
144110,144116,146889,6,2773,2,18000,1.0021637216
144112,144122,146804,10,2682,2,18000,1.00372856078
144154,144162,146889,8,2727,2,18000,1.0029336267
144188,144196,146992,8,2796,2,18000,1.00286123033
144271,144279,146961,8,2682,2,18000,1.00298284862
144294,144303,147064,9,2761,2,18000,1.00325968852
144310,144317,146890,7,2573,2,18000,1.00272055966
144326,144333,147034,7,2701,2,18000,1.00259163273
144348,144358,146997,10,2639,2,18000,1.00378931413
144359,144366,144418,7,52,4,57600,1.13461538462
144374,144380,147070,6,2690,2,18000,1.00223048327
144394,260500,865321,116106,604821,2,604800,1.19196754081
144480,144489,147291,9,2802,2,18000,1.00321199143
144496,144502,147270,6,2768,2,18000,1.00216763006
144498,144508,147321,10,2813,2,18000,1.00355492357
144501,144513,144515,12,2,4,57600,1.4
144523,144531,147291,8,2760,2,18000,1.00289855072
144568,144574,144577,6,3,4,57600,1.0
144669,144675,144681,6,6,4,57600,1.2
144728,144734,144799,6,65,4,57600,1.09230769231
144839,144845,144925,6,80,4,57600,1.075
144872,144881,147807,9,2926,2,18000,1.0030758715
144954,144960,199893,6,54933,4,57600,1.00010922396
144973,144981,147758,8,2777,2,18000,1.00288080663
144989,144996,147885,7,2889,2,18000,1.00242298373
145071,145080,147771,9,2691,2,18000,1.00334448161
145119,145127,148011,8,2884,2,18000,1.0027739251
145512,145522,148332,10,2810,2,18000,1.00355871886
145571,145577,145880,6,303,4,36000,1.0198019802
145651,145659,148472,8,2813,2,18000,1.00284393886
145670,145679,148450,9,2771,2,18000,1.00324792494
145686,145692,148504,6,2812,2,18000,1.00213371266
145723,145732,148572,9,2840,2,18000,1.00316901408
145750,145760,148457,10,2697,2,18000,1.00370782351
145852,145860,148678,8,2818,2,18000,1.00283889283
145868,145874,148653,6,2779,2,18000,1.00215905002
145882,145888,165777,6,19889,4,36000,1.00030167429
145911,145920,148702,9,2782,2,18000,1.00323508267
145949,145957,148685,8,2728,2,18000,1.00293255132
146006,146016,148733,10,2717,2,18000,1.00368053
146135,146144,148849,9,2705,2,18000,1.0033271719
146207,146214,149063,7,2849,2,18000,1.00245700246
146244,146252,149036,8,2784,2,18000,1.00287356322
146349,146356,149187,7,2831,2,18000,1.00247262451
146395,146403,149137,8,2734,2,18000,1.00292611558
146432,146441,149255,9,2814,2,18000,1.00319829424
146531,146541,149167,10,2626,2,18000,1.00380807312
146605,146613,149363,8,2750,2,18000,1.00290909091
146705,146714,149502,9,2788,2,18000,1.00322812052
146721,146728,149473,7,2745,2,18000,1.00255009107
146805,146815,149563,10,2748,2,18000,1.00363901019
146891,146901,149627,10,2726,2,18000,1.00366837858
146892,146906,149510,14,2604,2,18000,1.00537634409
146893,146911,149605,18,2694,2,18000,1.00668151448
146963,146972,149809,9,2837,2,18000,1.00317236517
146998,147003,149793,5,2790,2,18000,1.0017921147
147013,147019,149935,6,2916,2,18000,1.00205761317
147036,147045,149828,9,2783,2,18000,1.00323392023
147067,147076,149931,9,2855,2,18000,1.00315236427
147083,147089,149691,6,2602,2,18000,1.00230591852
147272,147282,150089,10,2807,2,18000,1.00356252227
147294,147302,150083,8,2781,2,18000,1.00287666307
147296,147308,149883,12,2575,2,18000,1.00466019417
147324,147333,150016,9,2683,2,18000,1.00335445397
147761,147769,150628,8,2859,2,18000,1.00279818118
147777,147783,150434,6,2651,2,18000,1.00226329687
147811,147818,150754,7,2936,2,18000,1.00238419619
147888,147896,150539,8,2643,2,18000,1.00302686341
148012,148022,150785,10,2763,2,18000,1.00361925443
148335,148344,151106,9,2762,2,18000,1.00325850833
148451,148461,151247,10,2786,2,18000,1.00358937545
148467,148473,151235,6,2762,2,18000,1.00217233888
148482,148489,151189,7,2700,2,18000,1.00259259259
148508,148515,151107,7,2592,2,18000,1.00270061728
148575,148583,151408,8,2825,2,18000,1.00283185841
148656,148665,151493,9,2828,2,18000,1.0031824611
148682,148689,151595,7,2906,2,18000,1.00240880936
148683,148696,151574,13,2878,2,18000,1.00451702571
148705,148714,151400,9,2686,2,18000,1.00335070737
148737,148745,151378,8,2633,2,18000,1.00303835929
148851,148860,151667,9,2807,2,18000,1.00320627004
149040,149046,151824,6,2778,2,18000,1.00215982721
149065,149074,151952,9,2878,2,18000,1.00312717165
149139,149148,151999,9,2851,2,18000,1.00315678709
149170,149178,151843,8,2665,2,18000,1.00300187617
149189,149199,152007,10,2808,2,18000,1.00356125356
149257,149267,152116,10,2849,2,18000,1.00351000351
149269,149275,155810,6,6535,2,21600,1.00091813313
149365,149374,152209,9,2835,2,18000,1.00317460317
149476,149483,152228,7,2745,2,18000,1.00255009107
149505,149513,152407,8,2894,2,18000,1.00276434001
149520,149526,152237,6,2711,2,18000,1.00221320546
149567,149574,152464,7,2890,2,18000,1.00242214533
149604,149616,152368,12,2752,2,18000,1.00436046512
149630,149639,152305,9,2666,2,18000,1.00337584396
149692,149702,152531,10,2829,2,18000,1.00353481796
149794,149804,152576,10,2772,2,18000,1.00360750361
149813,149820,152643,7,2823,2,18000,1.0024796316
149831,149840,152516,9,2676,2,18000,1.0033632287
149884,149895,152514,11,2619,2,18000,1.00420007637
149935,149942,152775,7,2833,2,18000,1.00247087893
149936,149948,152883,12,2935,2,18000,1.00408858603
150020,150027,152589,7,2562,2,18000,1.00273224044
150084,150095,152877,11,2782,2,18000,1.00395398994
150092,150101,158035,9,7934,2,21600,1.00113435846
150100,150107,152764,7,2657,2,18000,1.00263455024
150257,260618,260760,110361,142,1,180000,778.190140845
150257,260624,260887,110367,263,1,180000,420.646387833
150257,260629,260958,110372,329,1,180000,336.477203647
150257,260634,261569,110377,935,1,180000,119.05026738
150257,260613,261625,110356,1012,1,180000,110.04743083
150258,260640,261750,110382,1110,1,180000,100.443243243
150258,260650,261996,110392,1346,1,180000,83.014858841
150258,260645,262141,110387,1496,1,180000,74.7881016043
150258,260656,267394,110398,6738,1,180000,17.3843870585
150258,260661,283579,110403,22918,1,180000,5.81730517497
150258,260667,277123,110409,16456,1,180000,7.70934613515
150259,260688,274048,110429,13360,1,180000,9.26564371257
150259,260683,353885,110424,93202,1,180000,2.18478144246
150259,260699,348553,110440,87854,1,180000,2.25708561932
150259,260677,300614,110418,39937,1,180000,3.76480456719
150259,260672,297033,110413,36361,1,180000,4.03657765188
150259,260693,267819,110434,7126,1,180000,16.4973337075
150260,260710,277590,110450,16880,1,180000,7.5432464455
150260,260704,279173,110444,18469,1,180000,6.97996643023
150308,150319,150328,11,9,16,3600,2.0
150308,150314,150325,6,11,16,3600,1.54545454545
150309,150329,150338,20,9,16,3600,2.9
150309,150324,150334,15,10,16,3600,2.5
150309,150362,150370,53,8,16,3600,6.1
150309,150341,150349,32,8,16,3600,4.0
150309,150346,150354,37,8,16,3600,4.5
150309,150351,150361,42,10,16,3600,5.2
150309,150335,150344,26,9,16,3600,3.5
150309,150356,150365,47,9,16,3600,5.6
150437,150445,153103,8,2658,2,18000,1.00300978179
150500,150506,158767,6,8261,2,21600,1.00072630432
150542,150550,153311,8,2761,2,18000,1.00289750091
150632,150639,153270,7,2631,2,18000,1.00266058533
150757,150765,153468,8,2703,2,18000,1.00295967444
150789,150796,153431,7,2635,2,18000,1.00265654649
151110,151118,153931,8,2813,2,18000,1.00284393886
151111,151123,153957,12,2834,2,18000,1.00423429781
151147,151153,151165,6,12,16,3600,1.5
151148,151216,151230,68,14,16,3600,5.85714285714
151148,151211,151223,63,12,16,3600,6.25
151148,151200,151213,52,13,16,3600,5.0
151148,151195,151208,47,13,16,3600,4.61538461538
151148,151190,151203,42,13,16,3600,4.23076923077
151148,151179,151190,31,11,16,3600,3.81818181818
151148,151174,151187,26,13,16,3600,3.0
151148,151169,151180,21,11,16,3600,2.90909090909
151148,151163,151175,15,12,16,3600,2.25
151148,151158,151170,10,12,16,3600,1.83333333333
151148,151184,151198,36,14,16,3600,3.57142857143
151149,151249,151260,100,11,16,3600,10.0909090909
151149,151281,151295,132,14,16,3600,10.4285714286
151149,151276,151285,127,9,16,3600,13.6
151149,151254,151264,105,10,16,3600,11.5
151149,151243,151254,94,11,16,3600,9.54545454545
151149,151259,151270,110,11,16,3600,11.0
151149,151232,151243,83,11,16,3600,8.54545454545
151149,151227,151240,78,13,16,3600,7.0
151149,151222,151232,73,10,16,3600,8.3
151149,151238,151249,89,11,16,3600,9.09090909091
151150,151340,151358,190,18,16,3600,11.5555555556
151150,151334,151345,184,11,16,3600,17.7272727273
151150,151329,151340,179,11,16,3600,17.2727272727
151150,151324,151334,174,10,16,3600,18.4
151150,151314,151332,164,18,16,3600,10.1111111111
151150,151319,151328,169,9,16,3600,17.8
151150,151302,151310,152,8,16,3600,16.0
151150,151296,151305,146,9,16,3600,15.5
151150,151291,151300,141,9,16,3600,15.0
151150,151286,151295,136,9,16,3600,14.5
151150,151308,151318,158,10,16,3600,16.8
151151,151378,151394,227,16,16,3600,15.1875
151151,151372,151386,221,14,16,3600,16.7857142857
151151,151367,151380,216,13,16,3600,17.6153846154
151151,151361,151382,210,21,16,3600,11.0
151151,151356,151372,205,16,16,3600,13.8125
151151,151458,151468,307,10,16,3600,31.7
151151,151345,151364,194,19,16,3600,11.2105263158
151151,151351,151361,200,10,16,3600,21.0
151151,151453,151463,302,10,16,3600,31.2
151151,151463,151473,312,10,16,3600,32.2
151152,151420,151429,268,9,16,3600,27.7
151152,151383,151394,231,11,16,3600,22.0
151152,151394,151409,242,15,16,3600,17.1333333333
151152,151399,151409,247,10,16,3600,25.7
151152,151404,151415,252,11,16,3600,23.9090909091
151152,151409,151425,257,16,16,3600,17.0625
151152,151426,151435,274,9,16,3600,28.3
151152,151468,151478,316,10,16,3600,32.6
151152,151473,151485,321,12,16,3600,27.75
151152,151431,151440,279,9,16,3600,28.8
151153,151441,151450,288,9,16,3600,29.7
151153,151522,151532,369,10,16,3600,37.9
151153,151510,151520,357,10,16,3600,36.7
151153,151478,151488,325,10,16,3600,33.5
151153,151505,151515,352,10,16,3600,36.2
151153,151500,151509,347,9,16,3600,35.6
151153,151527,151537,374,10,16,3600,38.4
151153,151489,151498,336,9,16,3600,34.5
151153,151436,151444,283,8,16,3600,29.1
151153,151484,151493,331,9,16,3600,34.0
151153,151495,151504,342,9,16,3600,35.1
151154,151542,151554,388,12,16,3600,33.3333333333
151154,151537,151548,383,11,16,3600,35.8181818182
151154,151547,151559,393,12,16,3600,33.75
151154,151553,151564,399,11,16,3600,37.2727272727
151154,151532,151542,378,10,16,3600,38.8
151154,151564,151574,410,10,16,3600,42.0
151154,151569,151579,415,10,16,3600,42.5
151154,151574,151585,420,11,16,3600,39.1818181818
151154,151559,151569,405,10,16,3600,41.5
151155,151579,151590,424,11,16,3600,39.5454545455
151155,151591,151601,436,10,16,3600,44.6
151155,151596,151606,441,10,16,3600,45.1
151155,151601,151611,446,10,16,3600,45.6
151155,151606,151616,451,10,16,3600,46.1
151155,151611,151622,456,11,16,3600,42.4545454545
151155,151616,151627,461,11,16,3600,42.9090909091
151156,151633,151643,477,10,16,3600,48.7
151156,151627,151636,471,9,16,3600,48.0
151156,151643,151653,487,10,16,3600,49.7
151156,151638,151646,482,8,16,3600,49.0
151156,151648,151657,492,9,16,3600,50.1
151157,151653,151663,496,10,16,3600,50.6
151157,151664,151673,507,9,16,3600,51.6
151157,151670,151678,513,8,16,3600,52.1
151157,151659,151668,502,9,16,3600,51.1
151158,151697,151707,539,10,16,3600,54.9
151158,151685,151696,527,11,16,3600,48.9090909091
151158,151675,151683,517,8,16,3600,52.5
151158,151680,151691,522,11,16,3600,48.4545454545
151159,151712,151724,553,12,16,3600,47.0833333333
151159,151739,151749,580,10,16,3600,59.0
151159,151734,151744,575,10,16,3600,58.5
151159,151728,151739,569,11,16,3600,52.7272727273
151159,151702,151712,543,10,16,3600,55.3
151159,151722,151734,563,12,16,3600,47.9166666667
151159,151717,151728,558,11,16,3600,51.7272727273
151159,151707,151717,548,10,16,3600,55.8
151160,151766,151776,606,10,16,3600,61.6
151160,151771,151781,611,10,16,3600,62.1
151160,151760,151771,600,11,16,3600,55.5454545455
151160,151776,151787,616,11,16,3600,57.0
151160,151781,151792,621,11,16,3600,57.4545454545
151160,151786,151798,626,12,16,3600,53.1666666667
151160,151792,151801,632,9,16,3600,64.1
151160,151797,151806,637,9,16,3600,64.6
151160,151749,151760,589,11,16,3600,54.5454545455
151160,151744,151755,584,11,16,3600,54.0909090909
151160,151754,151765,594,11,16,3600,55.0
151161,151818,151828,657,10,16,3600,66.7
151161,151845,151856,684,11,16,3600,63.1818181818
151161,151840,151849,679,9,16,3600,68.8
151161,151835,151843,674,8,16,3600,68.2
151161,151830,151839,669,9,16,3600,67.8
151161,151825,151834,664,9,16,3600,67.3
151161,151808,151817,647,9,16,3600,65.6
151161,151803,151811,642,8,16,3600,65.0
151161,151813,151824,652,11,16,3600,60.2727272727
151162,151850,151861,688,11,16,3600,63.5454545455
151162,151867,151878,705,11,16,3600,65.0909090909
151162,151872,151883,710,11,16,3600,65.5454545455
151162,151877,151888,715,11,16,3600,66.0
151162,151882,151894,720,12,16,3600,61.0
151162,151887,151899,725,12,16,3600,61.4166666667
151162,151892,151904,730,12,16,3600,61.8333333333
151162,151903,151914,741,11,16,3600,68.3636363636
151162,151908,151920,746,12,16,3600,63.1666666667
151162,151914,151924,752,10,16,3600,76.2
151162,151898,151910,736,12,16,3600,62.3333333333
151163,151925,151936,762,11,16,3600,70.2727272727
151163,151930,151941,767,11,16,3600,70.7272727273
151163,151935,151946,772,11,16,3600,71.1818181818
151163,151941,151951,778,10,16,3600,78.8
151163,151946,151960,783,14,16,3600,56.9285714286
151163,151951,151962,788,11,16,3600,72.6363636364
151163,151957,151967,794,10,16,3600,80.4
151163,151962,151971,799,9,16,3600,80.8
151163,151967,151976,804,9,16,3600,81.3
151163,151919,151929,756,10,16,3600,76.6
151164,152010,152019,846,9,16,3600,85.5
151164,151972,151981,808,9,16,3600,81.7
151164,151978,151989,814,11,16,3600,75.0
151164,152037,152048,873,11,16,3600,80.3636363636
151164,152020,152033,856,13,16,3600,66.8461538462
151164,151983,151992,819,9,16,3600,82.8
151164,152015,152024,851,9,16,3600,86.0
151164,151995,152003,831,8,16,3600,83.9
151164,152005,152013,841,8,16,3600,84.9
151164,152000,152008,836,8,16,3600,84.4
151165,152057,152069,892,12,16,3600,75.3333333333
151165,152095,152106,930,11,16,3600,85.5454545455
151165,152042,152053,877,11,16,3600,80.7272727273
151165,152047,152058,882,11,16,3600,81.1818181818
151165,152052,152064,887,12,16,3600,74.9166666667
151165,152063,152074,898,11,16,3600,82.6363636364
151165,152069,152080,904,11,16,3600,83.1818181818
151165,152074,152085,909,11,16,3600,83.6363636364
151165,152079,152091,914,12,16,3600,77.1666666667
151165,152084,152096,919,12,16,3600,77.5833333333
151165,152089,152101,924,12,16,3600,78.0
151166,152148,152157,982,9,16,3600,99.1
151166,152143,152152,977,9,16,3600,98.6
151166,152138,152149,972,11,16,3600,89.3636363636
151166,152133,152144,967,11,16,3600,88.9090909091
151166,152122,152133,956,11,16,3600,87.9090909091
151166,152117,152128,951,11,16,3600,87.4545454545
151166,152111,152123,945,12,16,3600,79.75
151166,152106,152117,940,11,16,3600,86.4545454545
151166,152101,152112,935,11,16,3600,86.0
151166,152154,152164,988,10,16,3600,99.8
151167,152186,152194,1019,8,16,3600,102.7
151167,152191,152200,1024,9,16,3600,103.3
151167,152181,152189,1014,8,16,3600,102.2
151167,152176,152186,1009,10,16,3600,101.9
151167,152170,152179,1003,9,16,3600,101.2
151167,152159,152168,992,9,16,3600,100.1
151167,152207,152219,1040,12,16,3600,87.6666666667
151167,152212,152228,1045,16,16,3600,66.3125
151167,152201,152213,1034,12,16,3600,87.1666666667
151167,152196,152205,1029,9,16,3600,103.8
151168,152223,152233,1055,10,16,3600,106.5
151168,152218,152228,1050,10,16,3600,106.0
151168,152281,152292,1113,11,16,3600,102.181818182
151168,152228,152239,1060,11,16,3600,97.3636363636
151168,152233,152245,1065,12,16,3600,89.75
151168,152249,152260,1081,11,16,3600,99.2727272727
151168,152254,152268,1086,14,16,3600,78.5714285714
151168,152260,152284,1092,24,16,3600,46.5
151168,152265,152286,1097,21,16,3600,53.2380952381
151168,152270,152287,1102,17,16,3600,65.8235294118
151168,152287,152302,1119,15,16,3600,75.6
151169,152319,152329,1150,10,16,3600,116.0
151169,152313,152324,1144,11,16,3600,105.0
151169,152308,152318,1139,10,16,3600,114.9
151169,152292,152305,1123,13,16,3600,87.3846153846
151169,152297,152308,1128,11,16,3600,103.545454545
151169,152324,152332,1155,8,16,3600,116.3
151169,152302,152313,1133,11,16,3600,104.0
151169,152329,152337,1160,8,16,3600,116.8
151170,152346,152354,1176,8,16,3600,118.4
151170,152388,152399,1218,11,16,3600,111.727272727
151170,152351,152359,1181,8,16,3600,118.9
151170,152340,152349,1170,9,16,3600,117.9
151170,152356,152364,1186,8,16,3600,119.4
151170,152361,152370,1191,9,16,3600,120.0
151170,152366,152375,1196,9,16,3600,120.5
151170,152383,152394,1213,11,16,3600,111.272727273
151170,152393,152404,1223,11,16,3600,112.181818182
151170,152378,152386,1208,8,16,3600,121.6
151170,152372,152381,1202,9,16,3600,121.1
151171,152446,152457,1275,11,16,3600,116.909090909
151171,152398,152409,1227,11,16,3600,112.545454545
151171,152409,152420,1238,11,16,3600,113.545454545
151171,152414,152425,1243,11,16,3600,114.0
151171,152420,152430,1249,10,16,3600,125.9
151171,152425,152436,1254,11,16,3600,115.0
151171,152441,152452,1270,11,16,3600,116.454545455
151171,152430,152441,1259,11,16,3600,115.454545455
151171,152452,152462,1281,10,16,3600,129.1
151172,152494,152504,1322,10,16,3600,133.2
151172,152499,152508,1327,9,16,3600,133.6
151172,152457,152468,1285,11,16,3600,117.818181818
151172,152462,152472,1290,10,16,3600,130.0
151172,152467,152478,1295,11,16,3600,118.727272727
151172,152473,152486,1301,13,16,3600,101.076923077
151172,152478,152490,1306,12,16,3600,109.833333333
151172,152484,152493,1312,9,16,3600,132.1
151172,152489,152500,1317,11,16,3600,120.727272727
151173,152537,152545,1364,8,16,3600,137.2
151173,152569,152578,1396,9,16,3600,140.5
151173,152526,152535,1353,9,16,3600,136.2
151173,152521,152530,1348,9,16,3600,135.7
151173,152516,152525,1343,9,16,3600,135.2
151173,152511,152520,1338,9,16,3600,134.7
151173,152531,152541,1358,10,16,3600,136.8
151173,152559,152567,1386,8,16,3600,139.4
151173,152564,152572,1391,8,16,3600,139.9
151173,152574,152585,1401,11,16,3600,128.363636364
151174,152622,152633,1448,11,16,3600,132.636363636
151174,152617,152628,1443,11,16,3600,132.181818182
151174,152612,152623,1438,11,16,3600,131.727272727
151174,152602,152612,1428,10,16,3600,143.8
151174,152607,152618,1433,11,16,3600,131.272727273
151174,152584,152595,1410,11,16,3600,129.181818182
151174,152579,152590,1405,11,16,3600,128.727272727
151174,152639,152649,1465,10,16,3600,147.5
151174,152597,152607,1423,10,16,3600,143.3
151174,152634,152644,1460,10,16,3600,147.0
151175,152644,152654,1469,10,16,3600,147.9
151175,152649,152660,1474,11,16,3600,135.0
151175,152681,152691,1506,10,16,3600,151.6
151175,152654,152665,1479,11,16,3600,135.454545455
151175,152696,152707,1521,11,16,3600,139.272727273
151175,152691,152701,1516,10,16,3600,152.6
151175,152686,152696,1511,10,16,3600,152.1
151175,152659,152670,1484,11,16,3600,135.909090909
151175,152676,152685,1501,9,16,3600,151.0
151176,152724,152733,1548,9,16,3600,155.7
151176,152739,152749,1563,10,16,3600,157.3
151176,152734,152744,1558,10,16,3600,156.8
151176,152729,152738,1553,9,16,3600,156.2
151176,152701,152711,1525,10,16,3600,153.5
151176,152706,152716,1530,10,16,3600,154.0
151176,152713,152722,1537,9,16,3600,154.6
151176,152718,152727,1542,9,16,3600,155.1
151176,152745,152754,1569,9,16,3600,157.8
151176,152750,152759,1574,9,16,3600,158.3
151177,152761,152771,1584,10,16,3600,159.4
151177,152756,152768,1579,12,16,3600,132.583333333
151177,152815,152825,1638,10,16,3600,164.8
151177,152803,152814,1626,11,16,3600,148.818181818
151177,152798,152809,1621,11,16,3600,148.363636364
151177,152793,152803,1616,10,16,3600,162.6
151177,152788,152798,1611,10,16,3600,162.1
151177,152782,152793,1605,11,16,3600,146.909090909
151177,152771,152782,1594,11,16,3600,145.909090909
151177,152766,152776,1589,10,16,3600,159.9
151178,152867,152881,1689,14,16,3600,121.642857143
151178,152835,152845,1657,10,16,3600,166.7
151178,152830,152840,1652,10,16,3600,166.2
151178,152825,152835,1647,10,16,3600,165.7
151178,152846,152856,1668,10,16,3600,167.8
151178,152820,152829,1642,9,16,3600,165.1
151178,152852,152861,1674,9,16,3600,168.3
151178,152840,152851,1662,11,16,3600,152.090909091
151178,152862,152872,1684,10,16,3600,169.4
151178,152857,152867,1679,10,16,3600,168.9
151179,152872,152882,1693,10,16,3600,170.3
151179,152878,152887,1699,9,16,3600,170.8
151179,152883,152892,1704,9,16,3600,171.3
151179,152888,152897,1709,9,16,3600,171.8
151179,152893,152903,1714,10,16,3600,172.4
151179,152899,152908,1720,9,16,3600,172.9
151179,152904,152913,1725,9,16,3600,173.4
151179,152921,152930,1742,9,16,3600,175.1
151179,152926,152935,1747,9,16,3600,175.6
151179,152931,152940,1752,9,16,3600,176.1
151180,152964,152975,1784,11,16,3600,163.181818182
151180,152936,152947,1756,11,16,3600,160.636363636
151180,152941,152955,1761,14,16,3600,126.785714286
151180,152959,152970,1779,11,16,3600,162.727272727
151180,152946,152958,1766,12,16,3600,148.166666667
151180,152953,152964,1773,11,16,3600,162.181818182
151180,152985,152996,1805,11,16,3600,165.090909091
151180,152979,152990,1799,11,16,3600,164.545454545
151180,152974,152986,1794,12,16,3600,150.5
151180,152969,152980,1789,11,16,3600,163.636363636
151181,153033,153043,1852,10,16,3600,186.2
151181,153028,153039,1847,11,16,3600,168.909090909
151181,153022,153037,1841,15,16,3600,123.733333333
151181,153017,153031,1836,14,16,3600,132.142857143
151181,153012,153022,1831,10,16,3600,184.1
151181,153006,153016,1825,10,16,3600,183.5
151181,153001,153011,1820,10,16,3600,183.0
151181,152990,153001,1809,11,16,3600,165.454545455
151181,153038,153048,1857,10,16,3600,186.7
151181,152995,153006,1814,11,16,3600,165.909090909
151182,153088,153097,1906,9,16,3600,191.5
151182,153044,153053,1862,9,16,3600,187.1
151182,153049,153058,1867,9,16,3600,187.6
151182,153055,153064,1873,9,16,3600,188.2
151182,153060,153069,1878,9,16,3600,188.7
151182,153066,153074,1884,8,16,3600,189.2
151182,153072,153081,1890,9,16,3600,189.9
151182,153078,153087,1896,9,16,3600,190.5
151182,153083,153091,1901,8,16,3600,190.9
151182,153093,153102,1911,9,16,3600,192.0
151183,153130,153142,1947,12,16,3600,163.25
151183,153098,153109,1915,11,16,3600,175.090909091
151183,153104,153118,1921,14,16,3600,138.214285714
151183,153109,153124,1926,15,16,3600,129.4
151183,153125,153136,1942,11,16,3600,177.545454545
151183,153115,153126,1932,11,16,3600,176.636363636
151183,153147,153157,1964,10,16,3600,197.4
151183,153141,153158,1958,17,16,3600,116.176470588
151183,153120,153131,1937,11,16,3600,177.090909091
151184,153189,153200,2005,11,16,3600,183.272727273
151184,153195,153210,2011,15,16,3600,135.066666667
151184,153173,153192,1989,19,16,3600,105.684210526
151184,153200,153211,2016,11,16,3600,184.272727273
151184,153168,153179,1984,11,16,3600,181.363636364
151184,153162,153178,1978,16,16,3600,124.625
151184,153157,153177,1973,20,16,3600,99.65
151184,153152,153173,1968,21,16,3600,94.7142857143
151184,153178,153194,1994,16,16,3600,125.625
151184,153184,153194,2000,10,16,3600,201.0
151185,153205,153216,2020,11,16,3600,184.636363636
151185,153211,153219,2026,8,16,3600,203.4
151185,153254,153262,2069,8,16,3600,207.7
151185,153248,153257,2063,9,16,3600,207.2
151185,153243,153252,2058,9,16,3600,206.7
151185,153238,153246,2053,8,16,3600,206.1
151185,153216,153224,2031,8,16,3600,203.9
151185,153233,153241,2048,8,16,3600,205.6
151185,153227,153236,2042,9,16,3600,205.1
151185,153222,153230,2037,8,16,3600,204.5
151186,153307,153318,2121,11,16,3600,193.818181818
151186,153297,153307,2111,10,16,3600,212.1
151186,153292,153302,2106,10,16,3600,211.6
151186,153280,153290,2094,10,16,3600,210.4
151186,153275,153285,2089,10,16,3600,209.9
151186,153270,153280,2084,10,16,3600,209.4
151186,153259,153268,2073,9,16,3600,208.2
151186,153302,153312,2116,10,16,3600,212.6
151186,153264,153276,2078,12,16,3600,174.166666667
151187,153525,153535,2338,10,16,3600,234.8
151187,153519,153530,2332,11,16,3600,213.0
151187,153514,153524,2327,10,16,3600,233.7
151187,153509,153519,2322,10,16,3600,233.2
151187,153504,153513,2317,9,16,3600,232.6
151187,153312,153323,2125,11,16,3600,194.181818182
151187,153317,153329,2130,12,16,3600,178.5
151187,153329,153339,2142,10,16,3600,215.2
151187,153334,153343,2147,9,16,3600,215.6
151188,153344,153354,2156,10,16,3600,216.6
151188,153339,153352,2151,13,16,3600,166.461538462
151188,153349,153359,2161,10,16,3600,217.1
151188,153354,153364,2166,10,16,3600,217.6
151188,153360,153369,2172,9,16,3600,218.1
151188,153366,153374,2178,8,16,3600,218.6
151188,153371,153379,2183,8,16,3600,219.1
151188,153376,153385,2188,9,16,3600,219.7
151188,153381,153390,2193,9,16,3600,220.2
151188,153387,153396,2199,9,16,3600,220.8
151189,153413,153424,2224,11,16,3600,203.181818182
151189,153392,153402,2203,10,16,3600,221.3
151189,153398,153406,2209,8,16,3600,221.7
151189,153419,153430,2230,11,16,3600,203.727272727
151189,153403,153412,2214,9,16,3600,222.3
151189,153425,153435,2236,10,16,3600,224.6
151189,153408,153419,2219,11,16,3600,202.727272727
151189,153440,153450,2251,10,16,3600,226.1
151189,153430,153440,2241,10,16,3600,225.1
151189,153435,153445,2246,10,16,3600,225.6
151190,153445,153456,2255,11,16,3600,206.0
151190,153477,153492,2287,15,16,3600,153.466666667
151190,153482,153492,2292,10,16,3600,230.2
151190,151206,153878,16,2672,2,18000,1.00598802395
151190,153472,153482,2282,10,16,3600,229.2
151190,153456,153467,2266,11,16,3600,207.0
151190,153462,153472,2272,10,16,3600,228.2
151190,153467,153477,2277,10,16,3600,228.7
151190,153493,153503,2303,10,16,3600,231.3
151191,153541,153552,2350,11,16,3600,214.636363636
151191,153658,153667,2467,9,16,3600,247.6
151191,153664,153677,2473,13,16,3600,191.230769231
151191,153669,153678,2478,9,16,3600,248.7
151191,153536,153546,2345,10,16,3600,235.5
151191,153498,153508,2307,10,16,3600,231.7
151191,153557,153566,2366,9,16,3600,237.5
151191,153551,153561,2360,10,16,3600,237.0
151191,153546,153557,2355,11,16,3600,215.090909091
151191,153530,153540,2339,10,16,3600,234.9
151192,153679,153688,2487,9,16,3600,249.6
151192,153563,153571,2371,8,16,3600,237.9
151192,153674,153682,2482,8,16,3600,249.0
151192,153685,153694,2493,9,16,3600,250.2
151192,153568,153578,2376,10,16,3600,238.6
151193,153573,153583,2380,10,16,3600,239.0
151193,153578,153588,2385,10,16,3600,239.5
151193,153583,153594,2390,11,16,3600,218.272727273
151194,153589,153599,2395,10,16,3600,240.5
151194,153594,153605,2400,11,16,3600,219.181818182
151195,153605,153615,2410,10,16,3600,242.0
151195,153600,153609,2405,9,16,3600,241.4
151196,153615,153626,2419,11,16,3600,220.909090909
151196,153610,153620,2414,10,16,3600,242.4
151197,153626,153637,2429,11,16,3600,221.818181818
151197,153621,153632,2424,11,16,3600,221.363636364
151198,153637,153646,2439,9,16,3600,244.8
151198,153642,153652,2444,10,16,3600,245.4
151198,153632,153642,2434,10,16,3600,244.4
151199,153653,153663,2454,10,16,3600,246.4
151199,153647,153658,2448,11,16,3600,223.545454545
151200,153690,153700,2490,10,16,3600,250.0
151200,153695,153705,2495,10,16,3600,250.5
151201,153713,153721,2512,8,16,3600,252.0
151201,153701,153711,2500,10,16,3600,251.0
151201,153706,153716,2505,10,16,3600,251.5
151202,153718,153726,2516,8,16,3600,252.4
151202,153723,153731,2521,8,16,3600,252.9
151203,153728,153738,2525,10,16,3600,253.5
151203,153733,153743,2530,10,16,3600,254.0
151203,153738,153748,2535,10,16,3600,254.5
151204,153744,153753,2540,9,16,3600,254.9
151204,153749,153758,2545,9,16,3600,255.4
151205,153755,153764,2550,9,16,3600,255.9
151205,153760,153770,2555,10,16,3600,256.5
151205,153765,153781,2560,16,16,3600,161.0
151206,153776,153786,2570,10,16,3600,258.0
151206,153781,153792,2575,11,16,3600,235.090909091
151206,153770,153780,2564,10,16,3600,257.4
151207,153793,153803,2586,10,16,3600,259.6
151207,153787,153798,2580,11,16,3600,235.545454545
151207,153798,153809,2591,11,16,3600,236.545454545
151208,153846,153856,2638,10,16,3600,264.8
151208,153803,153813,2595,10,16,3600,260.5
151208,153835,153845,2627,10,16,3600,263.7
151208,153814,153824,2606,10,16,3600,261.6
151208,153809,153820,2601,11,16,3600,237.454545455
151208,153819,153829,2611,10,16,3600,262.1
151208,153824,153834,2616,10,16,3600,262.6
151208,153841,153851,2633,10,16,3600,264.3
151208,153830,153844,2622,14,16,3600,188.285714286
151209,153857,153866,2648,9,16,3600,265.7
151209,153852,153861,2643,9,16,3600,265.2
151209,153862,153872,2653,10,16,3600,266.3
151209,153867,153877,2658,10,16,3600,266.8
151209,153873,153885,2664,12,16,3600,223.0
151209,153894,153904,2685,10,16,3600,269.5
151209,153889,153898,2680,9,16,3600,268.9
151209,153879,153888,2670,9,16,3600,267.9
151209,153884,153893,2675,9,16,3600,268.4
151210,153911,153919,2701,8,16,3600,270.9
151210,153921,153930,2711,9,16,3600,272.0
151210,153916,153930,2706,14,16,3600,194.285714286
151210,153926,153935,2716,9,16,3600,272.5
151210,153931,153943,2721,12,16,3600,227.75
151210,153936,153947,2726,11,16,3600,248.818181818
151210,153947,153959,2737,12,16,3600,229.083333333
151210,153953,153964,2743,11,16,3600,250.363636364
151210,153899,153909,2689,10,16,3600,269.9
151211,154001,154011,2790,10,16,3600,280.0
151211,153995,154006,2784,11,16,3600,254.090909091
151211,154006,154016,2795,10,16,3600,280.5
151211,153985,153996,2774,11,16,3600,253.181818182
151211,153973,153984,2762,11,16,3600,252.090909091
151211,153958,153968,2747,10,16,3600,275.7
151211,153963,153973,2752,10,16,3600,276.2
151211,153990,154005,2779,15,16,3600,186.266666667
151211,153968,153979,2757,11,16,3600,251.636363636
151212,154054,154068,2842,14,16,3600,204.0
151212,154043,154067,2831,24,16,3600,118.958333333
151212,154049,154063,2837,14,16,3600,203.642857143
151212,154022,154035,2810,13,16,3600,217.153846154
151212,154033,154043,2821,10,16,3600,283.1
151212,154028,154038,2816,10,16,3600,282.6
151212,154011,154022,2799,11,16,3600,255.454545455
151212,154017,154027,2805,10,16,3600,281.5
151212,154038,154048,2826,10,16,3600,283.6
151213,154107,154121,2894,14,16,3600,207.714285714
151213,154102,154116,2889,14,16,3600,207.357142857
151213,154097,154110,2884,13,16,3600,222.846153846
151213,154091,154100,2878,9,16,3600,288.7
151213,154075,154089,2862,14,16,3600,205.428571429
151213,154070,154084,2857,14,16,3600,205.071428571
151213,154060,154077,2847,17,16,3600,168.470588235
151213,154086,154101,2873,15,16,3600,192.533333333
151213,154065,154084,2852,19,16,3600,151.105263158
151214,154150,154160,2936,10,16,3600,294.6
151214,154160,154171,2946,11,16,3600,268.818181818
151214,154155,154165,2941,10,16,3600,295.1
151214,154139,154150,2925,11,16,3600,266.909090909
151214,154129,154139,2915,10,16,3600,292.5
151214,154113,154124,2899,11,16,3600,264.545454545
151214,154134,154145,2920,11,16,3600,266.454545455
151214,154124,154134,2910,10,16,3600,292.0
151214,154118,154129,2904,11,16,3600,265.0
151215,154171,154181,2956,10,16,3600,296.6
151215,154208,154218,2993,10,16,3600,300.3
151215,154203,154213,2988,10,16,3600,299.8
151215,154165,154177,2950,12,16,3600,246.833333333
151215,154192,154202,2977,10,16,3600,298.7
151215,154176,154187,2961,11,16,3600,270.181818182
151215,154197,154208,2982,11,16,3600,272.090909091
151216,154213,154225,2997,12,16,3600,250.75
151216,154218,154229,3002,11,16,3600,273.909090909
151216,154224,154234,3008,10,16,3600,301.8
151216,154230,154238,3014,8,16,3600,302.2
151217,154240,154249,3023,9,16,3600,303.2
151217,154235,154243,3018,8,16,3600,302.6
151217,154245,154254,3028,9,16,3600,303.7
151218,154261,154270,3043,9,16,3600,305.2
151218,154267,154275,3049,8,16,3600,305.7
151218,154272,154281,3054,9,16,3600,306.3
151218,154250,154259,3032,9,16,3600,304.1
151219,154277,154286,3058,9,16,3600,306.7
151219,154282,154291,3063,9,16,3600,307.2
151219,154287,154299,3068,12,16,3600,256.666666667
151220,154309,154321,3089,12,16,3600,258.416666667
151220,154304,154315,3084,11,16,3600,281.363636364
151220,154293,154304,3073,11,16,3600,280.363636364
151220,154299,154310,3079,11,16,3600,280.909090909
151221,154330,154346,3109,16,16,3600,195.3125
151221,154314,154326,3093,12,16,3600,258.75
151221,154319,154331,3098,12,16,3600,259.166666667
151221,154325,154336,3104,11,16,3600,283.181818182
151222,154335,154347,3113,12,16,3600,260.416666667
151222,154341,154353,3119,12,16,3600,260.916666667
151222,154346,154357,3124,11,16,3600,285.0
151222,154352,154363,3130,11,16,3600,285.545454545
151222,154357,154368,3135,11,16,3600,286.0
151223,154410,154421,3187,11,16,3600,290.727272727
151223,154404,154413,3181,9,16,3600,319.0
151223,154399,154408,3176,9,16,3600,318.5
151223,154384,154398,3161,14,16,3600,226.785714286
151223,154389,154400,3166,11,16,3600,288.818181818
151223,154373,154384,3150,11,16,3600,287.363636364
151223,154363,154373,3140,10,16,3600,315.0
151223,154394,154405,3171,11,16,3600,289.272727273
151223,154368,154379,3145,11,16,3600,286.909090909
151224,154452,154463,3228,11,16,3600,294.454545455
151224,154457,154467,3233,10,16,3600,324.3
151224,154447,154457,3223,10,16,3600,323.3
151224,154437,154445,3213,8,16,3600,322.1
151224,154427,154435,3203,8,16,3600,321.1
151224,154442,154451,3218,9,16,3600,322.7
151224,154432,154440,3208,8,16,3600,321.6
151225,154475,154485,3250,10,16,3600,326.0
151225,154480,154491,3255,11,16,3600,296.909090909
151225,154485,154496,3260,11,16,3600,297.363636364
151225,154490,154502,3265,12,16,3600,273.083333333
151225,154495,154507,3270,12,16,3600,273.5
151225,154501,154512,3276,11,16,3600,298.818181818
151225,154469,154481,3244,12,16,3600,271.333333333
151226,154549,154560,3323,11,16,3600,303.090909091
151226,154538,154549,3312,11,16,3600,302.090909091
151226,154533,154544,3307,11,16,3600,301.636363636
151226,154544,154555,3318,11,16,3600,302.636363636
151226,154522,154533,3296,11,16,3600,300.636363636
151226,154517,154529,3291,12,16,3600,275.25
151226,154512,154523,3286,11,16,3600,299.727272727
151226,154506,154518,3280,12,16,3600,274.333333333
151226,154528,154539,3302,11,16,3600,301.181818182
151227,154562,154573,3335,11,16,3600,304.181818182
151227,154567,154577,3340,10,16,3600,335.0
151227,154572,154583,3345,11,16,3600,305.090909091
151227,154577,154588,3350,11,16,3600,305.545454545
151227,154582,154591,3355,9,16,3600,336.4
151227,154587,154596,3360,9,16,3600,336.9
151227,154593,154602,3366,9,16,3600,337.5
151228,154637,154648,3409,11,16,3600,310.909090909
151228,154631,154640,3403,9,16,3600,341.2
151228,154626,154635,3398,9,16,3600,340.7
151228,154614,154622,3386,8,16,3600,339.4
151228,154609,154618,3381,9,16,3600,339.0
151228,154621,154629,3393,8,16,3600,340.1
151228,154603,154612,3375,9,16,3600,338.4
151228,154598,154607,3370,9,16,3600,337.9
151229,154647,154658,3418,11,16,3600,311.727272727
151229,154653,154664,3424,11,16,3600,312.272727273
151229,154658,154670,3429,12,16,3600,286.75
151229,154664,154675,3435,11,16,3600,313.272727273
151229,154669,154680,3440,11,16,3600,313.727272727
151229,154674,154686,3445,12,16,3600,288.083333333
151229,154679,154690,3450,11,16,3600,314.636363636
151229,154642,154653,3413,11,16,3600,311.272727273
151230,154724,154734,3494,10,16,3600,350.4
151230,154712,154723,3482,11,16,3600,317.545454545
151230,154702,154713,3472,11,16,3600,316.636363636
151230,154691,154702,3461,11,16,3600,315.636363636
151230,154707,154718,3477,11,16,3600,317.090909091
151230,154697,154707,3467,10,16,3600,347.7
151231,154729,154739,3498,10,16,3600,350.8
151231,154734,154744,3503,10,16,3600,351.3
151231,154739,154749,3508,10,16,3600,351.8
151231,154744,154756,3513,12,16,3600,293.75
151231,154749,154760,3518,11,16,3600,320.818181818
151232,154760,154769,3528,9,16,3600,353.7
151232,154766,154774,3534,8,16,3600,354.2
151232,154755,154764,3523,9,16,3600,353.2
151233,154771,154781,3538,10,16,3600,354.8
151234,154776,154785,3542,9,16,3600,355.1
151234,154781,154790,3547,9,16,3600,355.6
151235,154792,154801,3557,9,16,3600,356.6
151236,154798,154806,3562,8,16,3600,357.0
151236,154803,154811,3567,8,16,3600,357.5
151237,154813,154825,3576,12,16,3600,299.0
151237,154808,154816,3571,8,16,3600,357.9
151237,154818,154830,3581,12,16,3600,299.416666667
151238,154883,154894,3645,11,16,3600,332.363636364
151238,154873,154889,3635,16,16,3600,228.1875
151238,154868,154880,3630,12,16,3600,303.5
151238,154878,154889,3640,11,16,3600,331.909090909
151238,154851,154864,3613,13,16,3600,278.923076923
151238,154846,154857,3608,11,16,3600,329.0
151238,154841,154852,3603,11,16,3600,328.545454545
151238,154835,154846,3597,11,16,3600,328.0
151238,154830,154842,3592,12,16,3600,300.333333333
151238,154856,154867,3618,11,16,3600,329.909090909
151239,151265,154127,26,2862,2,18000,1.00908455625
151239,154947,154959,3708,12,16,3600,310.0
151239,154942,154950,3703,8,16,3600,371.1
151239,154931,154942,3692,11,16,3600,336.636363636
151239,154937,154945,3698,8,16,3600,370.6
151239,154910,154920,3671,10,16,3600,368.1
151239,154888,154899,3649,11,16,3600,332.727272727
151239,154915,154927,3676,12,16,3600,307.333333333
151239,154920,154930,3681,10,16,3600,369.1
151239,154904,154915,3665,11,16,3600,334.181818182
151239,154893,154904,3654,11,16,3600,333.181818182
151239,154899,154910,3660,11,16,3600,333.727272727
151240,154952,154969,3712,17,16,3600,219.352941176
151240,155006,155016,3766,10,16,3600,377.6
151240,154994,155005,3754,11,16,3600,342.272727273
151240,155000,155011,3760,11,16,3600,342.818181818
151240,154979,154992,3739,13,16,3600,288.615384615
151240,154984,154992,3744,8,16,3600,375.2
151240,154974,154987,3734,13,16,3600,288.230769231
151240,154969,154981,3729,12,16,3600,311.75
151240,154957,154977,3717,20,16,3600,186.85
151240,154989,154999,3749,10,16,3600,375.9
151241,155016,155027,3775,11,16,3600,344.181818182
151241,155021,155032,3780,11,16,3600,344.636363636
151241,155027,155038,3786,11,16,3600,345.181818182
151241,155032,155043,3791,11,16,3600,345.636363636
151241,155037,155049,3796,12,16,3600,317.333333333
151241,155043,155054,3802,11,16,3600,346.636363636
151241,155048,155059,3807,11,16,3600,347.090909091
151241,155053,155064,3812,11,16,3600,347.545454545
151241,155011,155022,3770,11,16,3600,343.727272727
151241,155065,155075,3824,10,16,3600,383.4
151242,155127,155136,3885,9,16,3600,389.4
151242,155107,155117,3865,10,16,3600,387.5
151242,155117,155127,3875,10,16,3600,388.5
151242,155101,155112,3859,11,16,3600,351.818181818
151242,155085,155096,3843,11,16,3600,350.363636364
151242,155080,155091,3838,11,16,3600,349.909090909
151242,155075,155087,3833,12,16,3600,320.416666667
151242,155070,155080,3828,10,16,3600,383.8
151242,155122,155131,3880,9,16,3600,388.9
151242,155112,155123,3870,11,16,3600,352.818181818
151243,155187,155198,3944,11,16,3600,359.545454545
151243,155145,155154,3902,9,16,3600,391.1
151243,155182,155191,3939,9,16,3600,394.8
151243,155160,155170,3917,10,16,3600,392.7
151243,155140,155149,3897,9,16,3600,390.6
151243,155150,155160,3907,10,16,3600,391.7
151243,155155,155165,3912,10,16,3600,392.2
151243,155192,155203,3949,11,16,3600,360.0
151243,155176,155185,3933,9,16,3600,394.2
151244,155223,155234,3979,11,16,3600,362.727272727
151244,155197,155208,3953,11,16,3600,360.363636364
151244,155202,155214,3958,12,16,3600,330.833333333
151244,155207,155219,3963,12,16,3600,331.25
151244,155213,155224,3969,11,16,3600,361.818181818
151244,155218,155229,3974,11,16,3600,362.272727273
151244,155234,155245,3990,11,16,3600,363.727272727
151244,155229,155240,3985,11,16,3600,363.272727273
151245,155240,155251,3995,11,16,3600,364.181818182
151245,155245,155255,4000,10,16,3600,401.0
151246,155250,155261,4004,11,16,3600,365.0
151246,155255,155268,4009,13,16,3600,309.384615385
151247,155260,155275,4013,15,16,3600,268.533333333
151247,155266,155276,4019,10,16,3600,402.9
151248,155277,155289,4029,12,16,3600,336.75
151248,155282,155292,4034,10,16,3600,404.4
151249,155287,155298,4038,11,16,3600,368.090909091
151249,155292,155303,4043,11,16,3600,368.545454545
151250,155302,155311,4052,9,16,3600,406.1
151250,155297,155307,4047,10,16,3600,405.7
151251,155314,155322,4063,8,16,3600,407.1
151251,155319,155327,4068,8,16,3600,407.6
151252,155324,155332,4072,8,16,3600,408.0
151252,155329,155338,4077,9,16,3600,408.6
151253,155334,155344,4081,10,16,3600,409.1
151253,155339,155348,4086,9,16,3600,409.5
151253,155345,155354,4092,9,16,3600,410.1
151253,155350,155359,4097,9,16,3600,410.6
151255,151271,154161,16,2890,2,18000,1.00553633218
151380,151389,154056,9,2667,2,18000,1.00337457818
151403,151415,154224,12,2809,2,18000,1.00427198291
151418,151447,154149,29,2702,2,18000,1.01073279053
151494,151516,154345,22,2829,2,18000,1.00777659951
151576,151585,154405,9,2820,2,18000,1.00319148936
151598,151622,154411,24,2789,2,18000,1.00860523485
151668,151691,154540,23,2849,2,18000,1.00807300807
151828,151856,154698,28,2842,2,18000,1.00985221675
151844,151862,154757,18,2895,2,18000,1.00621761658
151954,151989,154668,35,2679,2,18000,1.01306457633
152003,152027,154830,24,2803,2,18000,1.00856225473
152019,152032,154802,13,2770,2,18000,1.00469314079
152119,152128,154912,9,2784,2,18000,1.00323275862
152212,152239,155122,27,2883,2,18000,1.00936524454
152231,152244,155063,13,2819,2,18000,1.00461156438
152248,152276,155046,28,2770,2,18000,1.01010830325
152306,152335,154934,29,2599,2,18000,1.01115813775
152369,152404,155229,35,2825,2,18000,1.01238938053
152411,152436,155279,25,2843,2,18000,1.00879352796
152465,152506,155156,41,2650,2,18000,1.01547169811
152517,152543,155371,26,2828,2,18000,1.00919377652
152518,152549,155412,31,2863,2,18000,1.010827803
152536,152554,155360,18,2806,2,18000,1.00641482537
152577,152591,155491,14,2900,2,18000,1.00482758621
152595,152628,155353,33,2725,2,18000,1.01211009174
152648,152670,155554,22,2884,2,18000,1.00762829404
152767,152777,155612,10,2835,2,18000,1.00352733686
152783,152809,155631,26,2822,2,18000,1.00921332388
152879,152911,155526,32,2615,2,18000,1.01223709369
152895,152916,155574,21,2658,2,18000,1.0079006772
153104,153136,155849,32,2713,2,18000,1.01179506082
153274,153286,156085,12,2799,2,18000,1.00428724544
153313,153323,156151,10,2828,2,18000,1.00353606789
153433,153451,156268,18,2817,2,18000,1.00638977636
153471,153488,156212,17,2724,2,18000,1.00624082232
153879,153905,156633,26,2728,2,18000,1.00953079179
153934,153942,156614,8,2672,2,18000,1.00299401198
153959,153980,156757,21,2777,2,18000,1.00756211739
154059,154081,156853,22,2772,2,18000,1.00793650794
154130,154145,156978,15,2833,2,18000,1.00529474056
154152,154182,157041,30,2859,2,18000,1.01049317943
154168,154187,156787,19,2600,2,18000,1.00730769231
154226,154256,156955,30,2699,2,18000,1.01111522786
154348,154379,157219,31,2840,2,18000,1.01091549296
154410,154421,157345,11,2924,2,18000,1.0037619699
154426,154464,157152,38,2688,2,18000,1.01413690476
154543,154556,157360,13,2804,2,18000,1.00463623395
154671,154686,157532,15,2846,2,18000,1.00527055517
154700,154718,157639,18,2921,2,18000,1.00616227319
154761,154787,157717,26,2930,2,18000,1.00887372014
154804,154824,157603,20,2779,2,18000,1.00719683339
154834,154862,157581,28,2719,2,18000,1.01029790364
154914,154926,157582,12,2656,2,18000,1.00451807229
154937,154963,157792,26,2829,2,18000,1.00919052669
155047,155059,157807,12,2748,2,18000,1.00436681223
155067,155096,157905,29,2809,2,18000,1.0103239587
155126,155134,157734,8,2600,2,18000,1.00307692308
155157,155171,157967,14,2796,2,18000,1.00500715308
155232,155272,158121,40,2849,2,18000,1.01404001404
155284,155308,158096,24,2788,2,18000,1.00860832138
155355,155364,158129,9,2765,2,18000,1.00325497288
155371,155377,158130,6,2753,2,18000,1.00217944061
155372,155383,157957,11,2574,2,18000,1.00427350427
155416,155423,158057,7,2634,2,18000,1.00265755505
155493,155503,158373,10,2870,2,18000,1.00348432056
155528,155538,158326,10,2788,2,18000,1.00358680057
155559,155566,158393,7,2827,2,18000,1.0024761231
155578,155586,158390,8,2804,2,18000,1.00285306705
155614,155623,158514,9,2891,2,18000,1.00311310965
155634,155642,158490,8,2848,2,18000,1.00280898876
155853,155860,158568,7,2708,2,18000,1.00258493353
156087,156096,159033,9,2937,2,18000,1.00306435138
156154,156162,158796,8,2634,2,18000,1.00303720577
156215,156223,158965,8,2742,2,18000,1.00291757841
156272,156280,158887,8,2607,2,18000,1.0030686613
156615,156625,159366,10,2741,2,18000,1.00364830354
156635,156644,159291,9,2647,2,18000,1.00340007556
156759,156769,159592,10,2823,2,18000,1.00354233085
156789,156798,159650,9,2852,2,18000,1.00315568022
156855,156864,159654,9,2790,2,18000,1.00322580645
156955,156966,159628,11,2662,2,18000,1.0041322314
156980,156990,159817,10,2827,2,18000,1.00353731871
157043,157052,159938,9,2886,2,18000,1.00311850312
157156,157163,159808,7,2645,2,18000,1.00264650284
157222,157231,160082,9,2851,2,18000,1.00315678709
157350,157356,160201,6,2845,2,18000,1.00210896309
157367,157374,160190,7,2816,2,18000,1.00248579545
157536,157543,160312,7,2769,2,18000,1.00252798844
157585,157594,160496,9,2902,2,18000,1.00310130944
157586,157599,160397,13,2798,2,18000,1.00464617584
157605,157614,160399,9,2785,2,18000,1.00323159785
157640,157650,160538,10,2888,2,18000,1.00346260388
157723,157729,160539,6,2810,2,18000,1.00213523132
157741,157747,160444,6,2697,2,18000,1.0022246941
157794,157803,160417,9,2614,2,18000,1.00344299923
157810,157818,160573,8,2755,2,18000,1.00290381125
157907,157916,160688,9,2772,2,18000,1.00324675325
157960,157968,160728,8,2760,2,18000,1.00289855072
157978,157984,160638,6,2654,2,18000,1.00226073851
158060,158068,160889,8,2821,2,18000,1.0028358738
158098,158107,160800,9,2693,2,18000,1.00334199777
158124,158132,161018,8,2886,2,18000,1.00277200277
158141,158147,160834,6,2687,2,18000,1.00223297358
158142,158153,160801,11,2648,2,18000,1.00415407855
158330,158338,161097,8,2759,2,18000,1.0028996013
158378,158384,161197,6,2813,2,18000,1.00213295414
158394,158400,161265,6,2865,2,18000,1.00209424084
158396,158406,161236,10,2830,2,18000,1.0035335689
158494,158501,161360,7,2859,2,18000,1.00244840853
158516,158525,161355,9,2830,2,18000,1.00318021201
158571,158579,161382,8,2803,2,18000,1.00285408491
158800,158807,161535,7,2728,2,18000,1.0025659824
158888,158898,161705,10,2807,2,18000,1.00356252227
158966,158976,161683,10,2707,2,18000,1.00369412634
159036,159044,161821,8,2777,2,18000,1.00288080663
159293,159303,162122,10,2819,2,18000,1.00354735722
159369,159378,162208,9,2830,2,18000,1.00318021201
159595,159604,162209,9,2605,2,18000,1.00345489443
159632,159639,162485,7,2846,2,18000,1.00245959241
159651,159661,162498,10,2837,2,18000,1.00352485019
159667,159673,162282,6,2609,2,18000,1.0022997317
159811,159819,162755,8,2936,2,18000,1.00272479564
159826,159832,162687,6,2855,2,18000,1.00210157618
159942,159949,162832,7,2883,2,18000,1.00242802636
160086,160093,162852,7,2759,2,18000,1.00253715114
160194,160201,162951,7,2750,2,18000,1.00254545455
160209,160215,163134,6,2919,2,18000,1.00205549846
160314,160323,163037,9,2714,2,18000,1.00331613854
160402,160408,163175,6,2767,2,18000,1.00216841344
160404,160414,163247,10,2833,2,18000,1.00352982704
160419,160428,163086,9,2658,2,18000,1.00338600451
160447,160455,163410,8,2955,2,18000,1.0027072758
160497,160508,163114,11,2606,2,18000,1.0042210284
160541,160549,163264,8,2715,2,18000,1.002946593
160543,160555,163133,12,2578,2,18000,1.00465477114
160577,160585,163215,8,2630,2,18000,1.0030418251
160642,160650,163369,8,2719,2,18000,1.00294225818
160691,160699,163450,8,2751,2,18000,1.00290803344
160731,160739,163636,8,2897,2,18000,1.00276147739
160803,160811,163608,8,2797,2,18000,1.00286020737
160805,160817,163542,12,2725,2,18000,1.00440366972
160836,160845,163688,9,2843,2,18000,1.00316567007
160892,160901,163675,9,2774,2,18000,1.0032444124
161022,161029,163793,7,2764,2,18000,1.00253256151
161098,161109,163750,11,2641,2,18000,1.00416508898
161200,161209,163985,9,2776,2,18000,1.00324207493
161238,161247,164065,9,2818,2,18000,1.00319375444
161269,161277,164093,8,2816,2,18000,1.00284090909
161356,161366,164309,10,2943,2,18000,1.00339789331
161372,161378,164162,6,2784,2,18000,1.00215517241
161388,161394,164135,6,2741,2,18000,1.00218898212
161536,161546,164383,10,2837,2,18000,1.00352485019
161690,161696,164498,6,2802,2,18000,1.00214132762
161709,161717,164318,8,2601,2,18000,1.0030757401
161774,161812,161819,38,7,32,3600,4.5
161774,161806,161812,32,6,32,3600,3.8
161774,161800,161809,26,9,32,3600,3.5
161774,161795,161804,21,9,32,3600,3.0
161774,161785,161797,11,12,32,3600,1.91666666667
161774,161780,161789,6,9,32,3600,1.5
161774,161790,161798,16,8,32,3600,2.4
161775,161860,161867,85,7,32,3600,9.2
161775,161850,161862,75,12,32,3600,7.25
161775,161871,161878,96,7,32,3600,10.3
161775,161855,161862,80,7,32,3600,8.7
161775,161844,161851,69,7,32,3600,7.6
161775,161839,161850,64,11,32,3600,6.81818181818
161775,161828,161835,53,7,32,3600,6.0
161775,161823,161830,48,7,32,3600,5.5
161775,161817,161823,42,6,32,3600,4.8
161775,161866,161873,91,7,32,3600,9.8
161776,161910,161917,134,7,32,3600,14.1
161776,161921,161927,145,6,32,3600,15.1
161776,161916,161922,140,6,32,3600,14.6
161776,161905,161911,129,6,32,3600,13.5
161776,161899,161906,123,7,32,3600,13.0
161776,161882,161889,106,7,32,3600,11.3
161776,161889,161896,113,7,32,3600,12.0
161776,161927,161933,151,6,32,3600,15.7
161776,161877,161886,101,9,32,3600,11.0
161776,161894,161900,118,6,32,3600,12.4
161776,161933,161939,157,6,32,3600,16.3
161777,161988,161994,211,6,32,3600,21.7
161777,161977,161984,200,7,32,3600,20.7
161777,161983,161990,206,7,32,3600,21.3
161777,161960,161967,183,7,32,3600,19.0
161777,161972,161979,195,7,32,3600,20.2
161777,161938,161947,161,9,32,3600,17.0
161777,161967,161981,190,14,32,3600,14.5714285714
161777,161943,161950,166,7,32,3600,17.3
161777,161950,161956,173,6,32,3600,17.9
161777,161955,161962,178,7,32,3600,18.5
161778,162043,162049,265,6,32,3600,27.1
161778,162032,162041,254,9,32,3600,26.3
161778,162049,162055,271,6,32,3600,27.7
161778,162027,162036,249,9,32,3600,25.8
161778,162016,162022,238,6,32,3600,24.4
161778,162038,162046,260,8,32,3600,26.8
161778,162010,162017,232,7,32,3600,23.9
161778,162005,162011,227,6,32,3600,23.3
161778,161999,162005,221,6,32,3600,22.7
161778,161994,162000,216,6,32,3600,22.2
161778,162022,162029,244,7,32,3600,25.1
161779,162078,162084,299,6,32,3600,30.5
161779,162105,162111,326,6,32,3600,33.2
161779,162099,162106,320,7,32,3600,32.7
161779,162054,162060,275,6,32,3600,28.1
161779,162094,162101,315,7,32,3600,32.2
161779,162065,162072,286,7,32,3600,29.3
161779,162060,162066,281,6,32,3600,28.7
161779,162070,162077,291,7,32,3600,29.8
161779,162088,162094,309,6,32,3600,31.5
161779,162083,162089,304,6,32,3600,31.0
161780,162166,162181,386,15,32,3600,26.7333333333
161780,162128,162134,348,6,32,3600,35.4
161780,162133,162140,353,7,32,3600,36.0
161780,162117,162126,337,9,32,3600,34.6
161780,162155,162170,375,15,32,3600,26.0
161780,162150,162170,370,20,32,3600,19.5
161780,162111,162124,331,13,32,3600,26.4615384615
161780,162161,162183,381,22,32,3600,18.3181818182
161780,162144,162158,364,14,32,3600,27.0
161780,162122,162128,342,6,32,3600,34.8
161781,162172,162181,391,9,32,3600,40.0
161781,162197,162210,416,13,32,3600,33.0
161781,162209,162216,428,7,32,3600,43.5
161781,162214,162222,433,8,32,3600,44.1
161781,162230,162237,449,7,32,3600,45.6
161781,162186,162195,405,9,32,3600,41.4
161781,162236,162243,455,7,32,3600,46.2
161781,162192,162202,411,10,32,3600,42.1
161781,162181,162193,400,12,32,3600,34.3333333333
161781,162203,162210,422,7,32,3600,42.9
161782,162302,162308,520,6,32,3600,52.6
161782,162241,162248,459,7,32,3600,46.6
161782,162247,162252,465,5,32,3600,47.0
161782,162258,162264,476,6,32,3600,48.2
161782,162263,162269,481,6,32,3600,48.7
161782,162270,162278,488,8,32,3600,49.6
161782,162275,162281,493,6,32,3600,49.9
161782,162280,162286,498,6,32,3600,50.4
161782,162286,162292,504,6,32,3600,51.0
161782,162291,162297,509,6,32,3600,51.5
161782,162252,162258,470,6,32,3600,47.6
161783,162340,162347,557,7,32,3600,56.4
161783,162335,162342,552,7,32,3600,55.9
161783,162329,162335,546,6,32,3600,55.2
161783,162307,162314,524,7,32,3600,53.1
161783,162319,162325,536,6,32,3600,54.2
161783,162357,162363,574,6,32,3600,58.0
161783,162351,162359,568,8,32,3600,57.6
161783,162313,162320,530,7,32,3600,53.7
161783,162346,162353,563,7,32,3600,57.0
161783,162324,162330,541,6,32,3600,54.7
161784,162363,162370,579,7,32,3600,58.6
161784,162412,162418,628,6,32,3600,63.4
161784,162368,162374,584,6,32,3600,59.0
161784,162373,162380,589,7,32,3600,59.6
161784,162384,162390,600,6,32,3600,60.6
161784,162379,162391,595,12,32,3600,50.5833333333
161784,162390,162397,606,7,32,3600,61.3
161784,162395,162402,611,7,32,3600,61.8
161784,162401,162407,617,6,32,3600,62.3
161784,162407,162413,623,6,32,3600,62.9
161785,162424,162431,639,7,32,3600,64.6
161785,162429,162435,644,6,32,3600,65.0
161785,162434,162440,649,6,32,3600,65.5
161785,162446,162452,661,6,32,3600,66.7
161785,162441,162447,656,6,32,3600,66.2
161785,162459,162464,674,5,32,3600,67.9
161785,162464,162470,679,6,32,3600,68.5
161785,162417,162423,632,6,32,3600,63.8
161785,162469,162484,684,15,32,3600,46.6
161785,162451,162463,666,12,32,3600,56.5
161785,162475,162482,690,7,32,3600,69.7
161786,162529,162537,743,8,32,3600,75.1
161786,162485,162492,699,7,32,3600,70.6
161786,162480,162492,694,12,32,3600,58.8333333333
161786,162491,162503,705,12,32,3600,59.75
161786,162502,162509,716,7,32,3600,72.3
161786,162507,162521,721,14,32,3600,52.5
161786,162535,162548,749,13,32,3600,58.6153846154
161786,162540,162546,754,6,32,3600,76.0
161786,162519,162526,733,7,32,3600,74.0
161786,162524,162530,738,6,32,3600,74.4
161787,162551,162557,764,6,32,3600,77.0
161787,162573,162580,786,7,32,3600,79.3
161787,162595,162601,808,6,32,3600,81.4
161787,162590,162596,803,6,32,3600,80.9
161787,162546,162553,759,7,32,3600,76.6
161787,162585,162591,798,6,32,3600,80.4
161787,162557,162563,770,6,32,3600,77.6
161787,162562,162569,775,7,32,3600,78.2
161787,162568,162574,781,6,32,3600,78.7
161787,162578,162584,791,6,32,3600,79.7
161788,162617,162623,829,6,32,3600,83.5
161788,162612,162618,824,6,32,3600,83.0
161788,162606,162612,818,6,32,3600,82.4
161788,162634,162639,846,5,32,3600,85.1
161788,162601,162607,813,6,32,3600,81.9
161788,162639,162644,851,5,32,3600,85.6
161788,162645,162650,857,5,32,3600,86.2
161788,162628,162634,840,6,32,3600,84.6
161788,162650,162657,862,7,32,3600,86.9
161788,162622,162628,834,6,32,3600,84.0
161789,162710,162717,921,7,32,3600,92.8
161789,162699,162706,910,7,32,3600,91.7
161789,162694,162703,905,9,32,3600,91.4
161789,162655,162663,866,8,32,3600,87.4
161789,162689,162696,900,7,32,3600,90.7
161789,162683,162690,894,7,32,3600,90.1
161789,162666,162675,877,9,32,3600,88.6
161789,162661,162668,872,7,32,3600,87.9
161789,162678,162687,889,9,32,3600,89.8
161789,162671,162678,882,7,32,3600,88.9
161790,162761,162767,971,6,32,3600,97.7
161790,162756,162762,966,6,32,3600,97.2
161790,162749,162756,959,7,32,3600,96.6
161790,162744,162751,954,7,32,3600,96.1
161790,162739,162750,949,11,32,3600,87.2727272727
161790,162732,162738,942,6,32,3600,94.8
161790,162727,162734,937,7,32,3600,94.4
161790,162722,162728,932,6,32,3600,93.8
161790,162715,162722,925,7,32,3600,93.2
161790,162772,162778,982,6,32,3600,98.8
161791,162821,162827,1030,6,32,3600,103.6
161791,162777,162783,986,6,32,3600,99.2
161791,162783,162788,992,5,32,3600,99.7
161791,162789,162794,998,5,32,3600,100.3
161791,162794,162800,1003,6,32,3600,100.9
161791,162815,162821,1024,6,32,3600,103.0
161791,162799,162805,1008,6,32,3600,101.4
161791,162805,162811,1014,6,32,3600,102.0
161791,162826,162833,1035,7,32,3600,104.2
161791,162810,162816,1019,6,32,3600,102.5
161792,162881,162887,1089,6,32,3600,109.5
161792,162876,162882,1084,6,32,3600,109.0
161792,162870,162881,1078,11,32,3600,99.0
161792,162858,162865,1066,7,32,3600,107.3
161792,162853,162860,1061,7,32,3600,106.8
161792,162842,162848,1050,6,32,3600,105.6
161792,162837,162843,1045,6,32,3600,105.1
161792,162832,162838,1040,6,32,3600,104.6
161792,162887,162893,1095,6,32,3600,110.1
161792,162892,162898,1100,6,32,3600,110.6
161793,162914,162931,1121,17,32,3600,66.9411764706
161793,162930,162940,1137,10,32,3600,114.7
161793,162898,162904,1105,6,32,3600,111.1
161793,162903,162910,1110,7,32,3600,111.7
161793,162908,162914,1115,6,32,3600,112.1
161793,162919,162930,1126,11,32,3600,103.363636364
161793,162953,162959,1160,6,32,3600,116.6
161793,162925,162934,1132,9,32,3600,114.1
161793,162935,162942,1142,7,32,3600,114.9
161793,162941,162948,1148,7,32,3600,115.5
161793,162947,162953,1154,6,32,3600,116.0
161794,162958,162964,1164,6,32,3600,117.0
161794,162963,162969,1169,6,32,3600,117.5
161794,163014,163028,1220,14,32,3600,88.1428571429
161794,162975,162985,1181,10,32,3600,119.1
161794,162980,162986,1186,6,32,3600,119.2
161794,162986,162996,1192,10,32,3600,120.2
161794,162991,162998,1197,7,32,3600,120.4
161794,163003,163009,1209,6,32,3600,121.5
161794,163008,163014,1214,6,32,3600,122.0
161794,162996,163002,1202,6,32,3600,120.8
161795,163052,163063,1257,11,32,3600,115.272727273
161795,163031,163037,1236,6,32,3600,124.2
161795,163063,163079,1268,16,32,3600,80.25
161795,163019,163025,1224,6,32,3600,123.0
161795,163025,163031,1230,6,32,3600,123.6
161795,163036,163042,1241,6,32,3600,124.7
161795,163042,163048,1247,6,32,3600,125.3
161795,163069,163083,1274,14,32,3600,92.0
161795,163075,163081,1280,6,32,3600,128.6
161795,163047,163062,1252,15,32,3600,84.4666666667
161796,163092,163101,1296,9,32,3600,130.5
161796,163097,163108,1301,11,32,3600,119.272727273
161796,163146,163152,1350,6,32,3600,135.6
161796,163141,163146,1345,5,32,3600,135.0
161796,163135,163141,1339,6,32,3600,134.5
161796,163129,163136,1333,7,32,3600,134.0
161796,163108,163115,1312,7,32,3600,131.9
161796,163118,163124,1322,6,32,3600,132.8
161796,163113,163120,1317,7,32,3600,132.4
161796,163080,163089,1284,9,32,3600,129.3
161796,163085,163092,1289,7,32,3600,129.6
161797,163151,163158,1354,7,32,3600,136.1
161797,163173,163179,1376,6,32,3600,138.2
161797,163178,163184,1381,6,32,3600,138.7
161797,163184,163190,1387,6,32,3600,139.3
161797,163189,163195,1392,6,32,3600,139.8
161797,163200,163206,1403,6,32,3600,140.9
161797,163168,163173,1371,5,32,3600,137.6
161797,163405,163412,1608,7,32,3600,161.5
161797,163400,163407,1603,7,32,3600,161.0
161798,163262,163269,1464,7,32,3600,147.1
161798,163257,163264,1459,7,32,3600,146.6
161798,163251,163257,1453,6,32,3600,145.9
161798,163210,163216,1412,6,32,3600,141.8
161798,163240,163247,1442,7,32,3600,144.9
161798,163245,163252,1447,7,32,3600,145.4
161798,163217,163223,1419,6,32,3600,142.5
161798,163222,163229,1424,7,32,3600,143.1
161798,163205,163212,1407,7,32,3600,141.4
161798,163228,163235,1430,7,32,3600,143.7
161799,163295,163302,1496,7,32,3600,150.3
161799,163300,163307,1501,7,32,3600,150.8
161799,163307,163313,1508,6,32,3600,151.4
161799,163312,163318,1513,6,32,3600,151.9
161799,163317,163324,1518,7,32,3600,152.5
161799,163324,163330,1525,6,32,3600,153.1
161799,163329,163335,1530,6,32,3600,153.6
161799,163334,163340,1535,6,32,3600,154.1
161799,163278,163290,1479,12,32,3600,124.25
161799,163273,163285,1474,12,32,3600,123.833333333
161799,163284,163290,1485,6,32,3600,149.1
161800,163384,163393,1584,9,32,3600,159.3
161800,163379,163390,1579,11,32,3600,144.545454545
161800,163422,163428,1622,6,32,3600,162.8
161800,163368,163375,1568,7,32,3600,157.5
161800,163362,163368,1562,6,32,3600,156.8
161800,163345,163351,1545,6,32,3600,155.1
161800,163357,163363,1557,6,32,3600,156.3
161800,163352,163358,1552,6,32,3600,155.8
161800,163373,163379,1573,6,32,3600,157.9
161800,163340,163346,1540,6,32,3600,154.6
161801,163472,163479,1671,7,32,3600,167.8
161801,163467,163474,1666,7,32,3600,167.3
161801,163455,163462,1654,7,32,3600,166.1
161801,163450,163457,1649,7,32,3600,165.6
161801,163445,163454,1644,9,32,3600,165.3
161801,163439,163448,1638,9,32,3600,164.7
161801,163434,163443,1633,9,32,3600,164.2
161801,163417,163424,1616,7,32,3600,162.3
161801,163412,163423,1611,11,32,3600,147.454545455
161801,163389,163396,1588,7,32,3600,159.5
161802,163528,163534,1726,6,32,3600,173.2
161802,163522,163528,1720,6,32,3600,172.6
161802,163517,163523,1715,6,32,3600,172.1
161802,163512,163518,1710,6,32,3600,171.6
161802,163479,163485,1677,6,32,3600,168.3
161802,163500,163506,1698,6,32,3600,170.4
161802,163495,163501,1693,6,32,3600,169.9
161802,163489,163495,1687,6,32,3600,169.3
161802,163484,163490,1682,6,32,3600,168.8
161802,163505,163512,1703,7,32,3600,171.0
161803,163587,163598,1784,11,32,3600,163.181818182
161803,163576,163587,1773,11,32,3600,162.181818182
161803,163581,163588,1778,7,32,3600,178.5
161803,163571,163577,1768,6,32,3600,177.4
161803,163544,163551,1741,7,32,3600,174.8
161803,163560,163569,1757,9,32,3600,176.6
161803,163565,163571,1762,6,32,3600,176.8
161803,163533,163539,1730,6,32,3600,173.6
161803,163539,163545,1736,6,32,3600,174.2
161803,163549,163555,1746,6,32,3600,175.2
161804,163592,163598,1788,6,32,3600,179.4
161804,163598,163605,1794,7,32,3600,180.1
161804,163603,163609,1799,6,32,3600,180.5
161804,163609,163615,1805,6,32,3600,181.1
161804,163614,163621,1810,7,32,3600,181.7
161804,163619,163626,1815,7,32,3600,182.2
161804,163630,163637,1826,7,32,3600,183.3
161804,163635,163642,1831,7,32,3600,183.8
161804,163642,163648,1838,6,32,3600,184.4
161804,163647,163661,1843,14,32,3600,132.642857143
161805,163719,163725,1914,6,32,3600,192.0
161805,163707,163713,1902,6,32,3600,190.8
161805,163686,163692,1881,6,32,3600,188.7
161805,163702,163708,1897,6,32,3600,190.3
161805,163675,163681,1870,6,32,3600,187.6
161805,163681,163687,1876,6,32,3600,188.2
161805,163652,163658,1847,6,32,3600,185.3
161805,163691,163697,1886,6,32,3600,189.2
161805,163669,163676,1864,7,32,3600,187.1
161805,163664,163670,1859,6,32,3600,186.5
161806,163724,163730,1918,6,32,3600,192.4
161806,163729,163735,1923,6,32,3600,192.9
161806,163736,163742,1930,6,32,3600,193.6
161806,163741,163747,1935,6,32,3600,194.1
161806,163746,163752,1940,6,32,3600,194.6
161806,163757,163763,1951,6,32,3600,195.7
161806,163762,163769,1956,7,32,3600,196.3
161806,163779,163786,1973,7,32,3600,198.0
161806,163774,163787,1968,13,32,3600,152.384615385
161806,163784,163791,1978,7,32,3600,198.5
161806,163752,163758,1946,6,32,3600,195.2
161807,163835,163841,2028,6,32,3600,203.4
161807,163840,163847,2033,7,32,3600,204.0
161807,163823,163841,2016,18,32,3600,113.0
161807,163807,163820,2000,13,32,3600,154.846153846
161807,163812,163819,2005,7,32,3600,201.2
161807,163802,163808,1995,6,32,3600,200.1
161807,163795,163802,1988,7,32,3600,199.5
161807,163828,163835,2021,7,32,3600,202.8
161807,163790,163796,1983,6,32,3600,198.9
161808,163896,163907,2088,11,32,3600,190.818181818
161808,163889,163895,2081,6,32,3600,208.7
161808,163884,163890,2076,6,32,3600,208.2
161808,163879,163885,2071,6,32,3600,207.7
161808,163873,163879,2065,6,32,3600,207.1
161808,163862,163868,2054,6,32,3600,206.0
161808,163857,163863,2049,6,32,3600,205.5
161808,163852,163858,2044,6,32,3600,205.0
161808,163845,163851,2037,6,32,3600,204.3
161808,163868,163879,2060,11,32,3600,188.272727273
161809,163940,163947,2131,7,32,3600,213.8
161809,163950,163963,2141,13,32,3600,165.692307692
161809,163945,163951,2136,6,32,3600,214.2
161809,163934,163940,2125,6,32,3600,213.1
161809,163906,163912,2097,6,32,3600,210.3
161809,163924,163929,2115,5,32,3600,212.0
161809,163917,163923,2108,6,32,3600,211.4
161809,163912,163918,2103,6,32,3600,210.9
161809,163901,163907,2092,6,32,3600,209.8
161809,163929,163934,2120,5,32,3600,212.5
161810,164007,164015,2197,8,32,3600,220.5
161810,164018,164024,2208,6,32,3600,221.4
161810,164012,164020,2202,8,32,3600,221.0
161810,163996,164007,2186,11,32,3600,199.727272727
161810,163967,163980,2157,13,32,3600,166.923076923
161810,163978,163986,2168,8,32,3600,217.6
161810,163972,163986,2162,14,32,3600,155.428571429
161810,163961,163984,2151,23,32,3600,94.5217391304
161810,163956,163979,2146,23,32,3600,94.3043478261
161810,163990,164002,2180,12,32,3600,182.666666667
161811,164073,164079,2262,6,32,3600,226.8
161811,164068,164074,2257,6,32,3600,226.3
161811,164063,164069,2252,6,32,3600,225.8
161811,164057,164064,2246,7,32,3600,225.3
161811,164045,164052,2234,7,32,3600,224.1
161811,164040,164047,2229,7,32,3600,223.6
161811,164035,164042,2224,7,32,3600,223.1
161811,164029,164036,2218,7,32,3600,222.5
161811,164024,164031,2213,7,32,3600,222.0
161811,164052,164058,2241,6,32,3600,224.7
161812,164127,164133,2315,6,32,3600,232.1
161812,164138,164145,2326,7,32,3600,233.3
161812,164133,164140,2321,7,32,3600,232.8
161812,164121,164128,2309,7,32,3600,231.6
161812,164089,164095,2277,6,32,3600,228.3
161812,164105,164114,2293,9,32,3600,230.2
161812,164084,164090,2272,6,32,3600,227.8
161812,164116,164122,2304,6,32,3600,231.0
161812,164100,164106,2288,6,32,3600,229.4
161812,164095,164101,2283,6,32,3600,228.9
161813,164143,164152,2330,9,32,3600,233.9
161813,164155,164162,2342,7,32,3600,234.9
161813,164160,164167,2347,7,32,3600,235.4
161813,164166,164172,2353,6,32,3600,235.9
161813,164172,164179,2359,7,32,3600,236.6
161813,164177,164184,2364,7,32,3600,237.1
161813,164193,164200,2380,7,32,3600,238.7
161813,164199,164204,2386,5,32,3600,239.1
161813,164205,164213,2392,8,32,3600,240.0
161813,164188,164195,2375,7,32,3600,238.2
161814,164243,164250,2429,7,32,3600,243.6
161814,164255,164268,2441,13,32,3600,188.769230769
161814,164261,164267,2447,6,32,3600,245.3
161814,164250,164256,2436,6,32,3600,244.2
161814,164238,164244,2424,6,32,3600,243.0
161814,164226,164233,2412,7,32,3600,241.9
161814,164221,164228,2407,7,32,3600,241.4
161814,164216,164223,2402,7,32,3600,240.9
161814,164210,164217,2396,7,32,3600,240.3
161814,164233,164243,2419,10,32,3600,242.9
161815,164300,164310,2485,10,32,3600,249.5
161815,164289,164295,2474,6,32,3600,248.0
161815,164294,164303,2479,9,32,3600,248.8
161815,164278,164289,2463,11,32,3600,224.909090909
161815,164271,164285,2456,14,32,3600,176.428571429
161815,164266,164272,2451,6,32,3600,245.7
161815,164283,164293,2468,10,32,3600,247.8
161816,164311,164318,2495,7,32,3600,250.2
161816,164305,164321,2489,16,32,3600,156.5625
161816,164316,164322,2500,6,32,3600,250.6
161816,164327,164334,2511,7,32,3600,251.8
161816,164332,164339,2516,7,32,3600,252.3
161816,164344,164351,2528,7,32,3600,253.5
161816,164349,164356,2533,7,32,3600,254.0
161817,164372,164379,2555,7,32,3600,256.2
161817,164377,164384,2560,7,32,3600,256.7
161817,164361,164372,2544,11,32,3600,232.272727273
161817,164355,164362,2538,7,32,3600,254.5
161817,164366,164373,2549,7,32,3600,255.6
161818,164383,164390,2565,7,32,3600,257.2
161818,164388,164395,2570,7,32,3600,257.7
161818,164399,164406,2581,7,32,3600,258.8
161819,164404,164411,2585,7,32,3600,259.2
161820,164416,164423,2596,7,32,3600,260.3
161820,164411,164417,2591,6,32,3600,259.7
161821,164422,164429,2601,7,32,3600,260.8
161821,164428,164434,2607,6,32,3600,261.3
161822,164433,164439,2611,6,32,3600,261.7
161822,164438,164445,2616,7,32,3600,262.3
161823,164445,164451,2622,6,32,3600,262.8
161823,164450,164456,2627,6,32,3600,263.3
161824,161834,164639,10,2805,2,18000,1.00356506239
161824,164455,164462,2631,7,32,3600,263.8
161824,164462,164468,2638,6,32,3600,264.4
161825,164467,164476,2642,9,32,3600,265.1
161825,164472,164481,2647,9,32,3600,265.6
161826,164478,164484,2652,6,32,3600,265.8
161826,164483,164489,2657,6,32,3600,266.3
161827,164489,164496,2662,7,32,3600,266.9
161827,164494,164503,2667,9,32,3600,267.6
161828,164506,164513,2678,7,32,3600,268.5
161828,164501,164507,2673,6,32,3600,267.9
161828,164511,164518,2683,7,32,3600,269.0
161829,164523,164530,2694,7,32,3600,270.1
161829,164528,164535,2699,7,32,3600,270.6
161830,164534,164540,2704,6,32,3600,271.0
161830,164540,164546,2710,6,32,3600,271.6
161830,164545,164552,2715,7,32,3600,272.2
161831,164551,164557,2720,6,32,3600,272.6
161831,164556,164563,2725,7,32,3600,273.2
161832,164573,164579,2741,6,32,3600,274.7
161832,164568,164574,2736,6,32,3600,274.2
161832,164561,164567,2729,6,32,3600,273.5
161833,164578,164587,2745,9,32,3600,275.4
161833,164584,164591,2751,7,32,3600,275.8
161833,164589,164595,2756,6,32,3600,276.2
161834,164595,164601,2761,6,32,3600,276.7
161834,164600,164606,2766,6,32,3600,277.2
161834,164606,164612,2772,6,32,3600,277.8
161834,164611,164618,2777,7,32,3600,278.4
161834,164616,164623,2782,7,32,3600,278.9
161834,164624,164630,2790,6,32,3600,279.6
161834,164629,164635,2795,6,32,3600,280.1
161835,164694,164701,2859,7,32,3600,286.6
161835,164689,164696,2854,7,32,3600,286.1
161835,164673,164687,2838,14,32,3600,203.714285714
161835,164678,164685,2843,7,32,3600,285.0
161835,164640,164647,2805,7,32,3600,281.2
161835,164661,164668,2826,7,32,3600,283.3
161835,164656,164662,2821,6,32,3600,282.7
161835,164645,164651,2810,6,32,3600,281.6
161835,164634,164640,2799,6,32,3600,280.5
161835,164667,164674,2832,7,32,3600,283.9
161836,164727,164740,2891,13,32,3600,223.384615385
161836,164788,164801,2952,13,32,3600,228.076923077
161836,164793,164799,2957,6,32,3600,296.3
161836,164733,164739,2897,6,32,3600,290.3
161836,164683,164690,2847,7,32,3600,285.4
161836,164716,164723,2880,7,32,3600,288.7
161836,164700,164707,2864,7,32,3600,287.1
161836,164705,164714,2869,9,32,3600,287.8
161836,164722,164729,2886,7,32,3600,289.3
161836,164711,164720,2875,9,32,3600,288.4
161837,164749,164756,2912,7,32,3600,291.9
161837,164755,164762,2918,7,32,3600,292.5
161837,164760,164767,2923,7,32,3600,293.0
161837,164766,164775,2929,9,32,3600,293.8
161837,164771,164777,2934,6,32,3600,294.0
161837,164782,164788,2945,6,32,3600,295.1
161837,164738,164747,2901,9,32,3600,291.0
161837,164798,164804,2961,6,32,3600,296.7
161837,164804,164810,2967,6,32,3600,297.3
161837,164744,164750,2907,6,32,3600,291.3
161837,164777,164784,2940,7,32,3600,294.7
161838,164836,164843,2998,7,32,3600,300.5
161838,164852,164873,3014,21,32,3600,144.523809524
161838,164847,164854,3009,7,32,3600,301.6
161838,164842,164849,3004,7,32,3600,301.1
161838,164831,164838,2993,7,32,3600,300.0
161838,164815,164827,2977,12,32,3600,249.083333333
161838,164820,164826,2982,6,32,3600,298.8
161838,164809,164815,2971,6,32,3600,297.7
161838,164825,164831,2987,6,32,3600,299.3
161839,164912,164921,3073,9,32,3600,308.2
161839,164907,164916,3068,9,32,3600,307.7
161839,164895,164910,3056,15,32,3600,204.733333333
161839,164902,164908,3063,6,32,3600,306.9
161839,164890,164903,3051,13,32,3600,235.692307692
161839,164874,164886,3035,12,32,3600,253.916666667
161839,164869,164880,3030,11,32,3600,276.454545455
161839,164863,164880,3024,17,32,3600,178.882352941
161839,164858,164879,3019,21,32,3600,144.761904762
161839,164884,164891,3045,7,32,3600,305.2
161840,164974,164983,3134,9,32,3600,314.3
161840,164969,164975,3129,6,32,3600,313.5
161840,164958,164964,3118,6,32,3600,312.4
161840,164952,164958,3112,6,32,3600,311.8
161840,164963,164969,3123,6,32,3600,312.9
161840,164934,164941,3094,7,32,3600,310.1
161840,164947,164953,3107,6,32,3600,311.3
161840,164918,164925,3078,7,32,3600,308.5
161840,164942,164948,3102,6,32,3600,310.8
161840,164929,164936,3089,7,32,3600,309.6
161841,165013,165021,3172,8,32,3600,318.0
161841,165007,165014,3166,7,32,3600,317.3
161841,165002,165008,3161,6,32,3600,316.7
161841,164979,164985,3138,6,32,3600,314.4
161841,164991,164997,3150,6,32,3600,315.6
161841,164986,164993,3145,7,32,3600,315.2
161841,164996,165002,3155,6,32,3600,316.1
161842,165018,165025,3176,7,32,3600,318.3
161842,165023,165030,3181,7,32,3600,318.8
161842,165029,165036,3187,7,32,3600,319.4
161842,165034,165041,3192,7,32,3600,319.9
161842,165040,165048,3198,8,32,3600,320.6
161843,165045,165053,3202,8,32,3600,321.0
161843,165051,165058,3208,7,32,3600,321.5
161843,165056,165063,3213,7,32,3600,322.0
161844,165067,165074,3223,7,32,3600,323.0
161844,165073,165080,3229,7,32,3600,323.6
161844,165084,165091,3240,7,32,3600,324.7
161844,165079,165091,3235,12,32,3600,270.583333333
161845,165113,165120,3268,7,32,3600,327.5
161845,165118,165125,3273,7,32,3600,328.0
161845,165101,165108,3256,7,32,3600,326.3
161845,165106,165113,3261,7,32,3600,326.8
161845,165089,165096,3244,7,32,3600,325.1
161846,165151,165163,3305,12,32,3600,276.416666667
161846,165146,165152,3300,6,32,3600,330.6
161846,165134,165143,3288,9,32,3600,329.7
161846,165123,165130,3277,7,32,3600,328.4
161846,165139,165145,3293,6,32,3600,329.9
161847,165156,165163,3309,7,32,3600,331.6
161847,165163,165168,3316,5,32,3600,332.1
161847,165168,165174,3321,6,32,3600,332.7
161847,165173,165179,3326,6,32,3600,333.2
161848,165184,165190,3336,6,32,3600,334.2
161848,165179,165190,3331,11,32,3600,303.818181818
161849,165189,165197,3340,8,32,3600,334.8
161849,165195,165203,3346,8,32,3600,335.4
161849,165207,165216,3358,9,32,3600,336.7
161849,165212,165219,3363,7,32,3600,337.0
161849,165218,165225,3369,7,32,3600,337.6
161849,165223,165230,3374,7,32,3600,338.1
161849,165200,165209,3351,9,32,3600,336.0
161850,165278,165285,3428,7,32,3600,343.5
161850,165273,165280,3423,7,32,3600,343.0
161850,165267,165274,3417,7,32,3600,342.4
161850,165262,165269,3412,7,32,3600,341.9
161850,165251,165257,3401,6,32,3600,340.7
161850,165245,165252,3395,7,32,3600,340.2
161850,165256,165263,3406,7,32,3600,341.3
161850,165229,165236,3379,7,32,3600,338.6
161850,165240,165247,3390,7,32,3600,339.7
161850,165234,165241,3384,7,32,3600,339.1
161851,165289,165296,3438,7,32,3600,344.5
161851,165294,165301,3443,7,32,3600,345.0
161851,165300,165307,3449,7,32,3600,345.6
161851,165305,165311,3454,6,32,3600,346.0
161851,165310,165317,3459,7,32,3600,346.6
161851,165317,165323,3466,6,32,3600,347.2
161851,165322,165328,3471,6,32,3600,347.7
161851,165328,165334,3477,6,32,3600,348.3
161851,165333,165339,3482,6,32,3600,348.8
161852,165383,165390,3531,7,32,3600,353.8
161852,165376,165388,3524,12,32,3600,294.666666667
161852,165371,165378,3519,7,32,3600,352.6
161852,165366,165373,3514,7,32,3600,352.1
161852,165350,165356,3498,6,32,3600,350.4
161852,165355,165361,3503,6,32,3600,350.9
161852,165344,165349,3492,5,32,3600,349.7
161852,165338,165344,3486,6,32,3600,349.2
161852,165360,165367,3508,7,32,3600,351.5
161853,165432,165439,3579,7,32,3600,358.6
161853,165448,165456,3595,8,32,3600,360.3
161853,165437,165452,3584,15,32,3600,239.933333333
161853,165443,165450,3590,7,32,3600,359.7
161853,165425,165432,3572,7,32,3600,357.9
161853,165399,165406,3546,7,32,3600,355.3
161853,165415,165422,3562,7,32,3600,356.9
161853,165404,165411,3551,7,32,3600,355.8
161853,165388,165395,3535,7,32,3600,354.2
161853,165420,165428,3567,8,32,3600,357.5
161854,165454,165461,3600,7,32,3600,360.7
161854,165460,165467,3606,7,32,3600,361.3
161854,165466,165473,3612,7,32,3600,361.9
161854,165471,165481,3617,10,32,3600,362.7
161854,165477,165484,3623,7,32,3600,363.0
161854,165482,165488,3628,6,32,3600,363.4
161854,165488,165494,3634,6,32,3600,364.0
161854,165493,165499,3639,6,32,3600,364.5
161854,165499,165505,3645,6,32,3600,365.1
161854,165504,165510,3650,6,32,3600,365.6
161855,165542,165550,3687,8,32,3600,369.5
161855,165549,165555,3694,6,32,3600,370.0
161855,165516,165522,3661,6,32,3600,366.7
161855,165532,165538,3677,6,32,3600,368.3
161855,165526,165532,3671,6,32,3600,367.7
161855,165509,165516,3654,7,32,3600,366.1
161855,165521,165527,3666,6,32,3600,367.2
161855,165537,165544,3682,7,32,3600,368.9
161856,165577,165588,3721,11,32,3600,339.272727273
161856,165559,165566,3703,7,32,3600,371.0
161856,165554,165560,3698,6,32,3600,370.4
161856,165565,165572,3709,7,32,3600,371.6
161856,165570,165577,3714,7,32,3600,372.1
161856,165598,165605,3742,7,32,3600,374.9
161856,165587,165593,3731,6,32,3600,373.7
161856,165582,165589,3726,7,32,3600,373.3
161857,165614,165621,3757,7,32,3600,376.4
161857,165603,165610,3746,7,32,3600,375.3
161858,165619,165630,3761,11,32,3600,342.909090909
161858,165625,165641,3767,16,32,3600,236.4375
161859,165631,165641,3772,10,32,3600,378.2
161859,165636,165643,3777,7,32,3600,378.4
161860,165642,165649,3782,7,32,3600,378.9
161861,165648,165654,3787,6,32,3600,379.3
161861,165654,165660,3793,6,32,3600,379.9
161862,165659,165665,3797,6,32,3600,380.3
161862,165664,165670,3802,6,32,3600,380.8
161863,165675,165685,3812,10,32,3600,382.2
161863,165670,165676,3807,6,32,3600,381.3
161864,165702,165718,3838,16,32,3600,240.875
161864,165708,165714,3844,6,32,3600,385.0
161864,165691,165697,3827,6,32,3600,383.3
161864,165686,165692,3822,6,32,3600,382.8
161864,165724,165732,3860,8,32,3600,386.8
161864,165681,165687,3817,6,32,3600,382.3
161864,165719,165727,3855,8,32,3600,386.3
161864,165713,165719,3849,6,32,3600,385.5
161865,165740,165748,3875,8,32,3600,388.3
161865,165735,165742,3870,7,32,3600,387.7
161865,165730,165737,3865,7,32,3600,387.2
161865,165752,165773,3887,21,32,3600,186.095238095
161865,165757,165777,3892,20,32,3600,195.6
161865,165764,165780,3899,16,32,3600,244.6875
161865,165769,165783,3904,14,32,3600,279.857142857
161865,165774,165786,3909,12,32,3600,326.75
161865,165784,165791,3919,7,32,3600,392.6
161866,165818,165828,3952,10,32,3600,396.2
161866,165811,165823,3945,12,32,3600,329.75
161866,165795,165814,3929,19,32,3600,207.789473684
161866,165829,165836,3963,7,32,3600,397.0
161866,165806,165813,3940,7,32,3600,394.7
161866,165835,165843,3969,8,32,3600,397.7
161866,165840,165849,3974,9,32,3600,398.3
161866,165846,165852,3980,6,32,3600,398.6
161866,165824,165831,3958,7,32,3600,396.5
161866,165801,165809,3935,8,32,3600,394.3
161867,165851,165857,3984,6,32,3600,399.0
161867,165862,165869,3995,7,32,3600,400.2
161867,165868,165874,4001,6,32,3600,400.7
161867,165873,165879,4006,6,32,3600,401.2
161867,165878,165885,4011,7,32,3600,401.8
161867,165889,165895,4022,6,32,3600,402.8
161867,165894,165902,4027,8,32,3600,403.5
161867,165899,165905,4032,6,32,3600,403.8
161867,165857,165862,3990,5,32,3600,399.5
161868,165966,165973,4098,7,32,3600,410.5
161868,165954,165961,4086,7,32,3600,409.3
161868,165949,165959,4081,10,32,3600,409.1
161868,165943,165951,4075,8,32,3600,408.3
161868,165938,165948,4070,10,32,3600,408.0
161868,165932,165939,4064,7,32,3600,407.1
161868,165927,165934,4059,7,32,3600,406.6
161868,165921,165929,4053,8,32,3600,406.1
161868,165916,165923,4048,7,32,3600,405.5
161868,165911,165918,4043,7,32,3600,405.0
161869,165977,165983,4108,6,32,3600,411.4
161869,165982,165989,4113,7,32,3600,412.0
161869,165987,165994,4118,7,32,3600,412.5
161869,165998,166005,4129,7,32,3600,413.6
161869,165971,165978,4102,7,32,3600,410.9
161869,166003,166010,4134,7,32,3600,414.1
161869,166020,166027,4151,7,32,3600,415.8
161869,166025,166032,4156,7,32,3600,416.3
161870,166074,166080,4204,6,32,3600,421.0
161870,166037,166044,4167,7,32,3600,417.4
161870,166031,166037,4161,6,32,3600,416.7
161870,166042,166047,4172,5,32,3600,417.7
161870,166048,166054,4178,6,32,3600,418.4
161870,166069,166079,4199,10,32,3600,420.9
161870,166064,166070,4194,6,32,3600,420.0
161870,166058,166064,4188,6,32,3600,419.4
161870,166053,166064,4183,11,32,3600,381.272727273
161871,166091,166102,4220,11,32,3600,384.636363636
161871,166096,166107,4225,11,32,3600,385.090909091
161871,166086,166095,4215,9,32,3600,422.4
162124,162139,164910,15,2771,2,18000,1.00541320823
162211,162220,165105,9,2885,2,18000,1.00311958406
162213,162225,165069,12,2844,2,18000,1.00421940928
162284,162297,165042,13,2745,2,18000,1.00473588342
162488,162497,165270,9,2773,2,18000,1.0032455824
162505,162513,165382,8,2869,2,18000,1.00278842802
162689,162705,165393,16,2688,2,18000,1.00595238095
162757,162767,165597,10,2830,2,18000,1.0035335689
162837,162848,165569,11,2721,2,18000,1.00404263139
162854,162865,165674,11,2809,2,18000,1.00391598434
162954,162970,165778,16,2808,2,18000,1.0056980057
163038,163058,165878,20,2820,2,18000,1.00709219858
163088,163103,165723,15,2620,2,18000,1.00572519084
163118,163124,165941,6,2817,2,18000,1.00212992545
163135,163157,165981,22,2824,2,18000,1.00779036827
163136,163162,165991,26,2829,2,18000,1.00919052669
163178,163195,165975,17,2780,2,18000,1.00611510791
163217,163235,165861,18,2626,2,18000,1.00685453161
163248,163268,166067,20,2799,2,18000,1.00714540907
163265,163290,166232,25,2942,2,18000,1.00849762067
163370,163395,166206,25,2811,2,18000,1.00889363216
163414,163429,166260,15,2831,2,18000,1.0052984811
163454,163462,166221,8,2759,2,18000,1.0028996013
163546,163555,166386,9,2831,2,18000,1.00317908866
163610,163625,166388,15,2763,2,18000,1.00542888165
163640,163659,166490,19,2831,2,18000,1.0067114094
163679,163697,166549,18,2852,2,18000,1.00631136045
163696,163714,166461,18,2747,2,18000,1.00655260284
163753,163769,166502,16,2733,2,18000,1.00585437248
163794,163818,166756,24,2938,2,18000,1.00816882233
163989,164002,166893,13,2891,2,18000,1.00449671394
164067,164079,166825,12,2746,2,18000,1.00436999272
164095,164111,166896,16,2785,2,18000,1.00574506284
164139,164150,166974,11,2824,2,18000,1.00389518414
164166,164183,167080,17,2897,2,18000,1.00586813945
164312,164322,167045,10,2723,2,18000,1.00367242012
164328,164339,166964,11,2625,2,18000,1.00419047619
164384,164394,167259,10,2865,2,18000,1.0034904014
164501,164518,167183,17,2665,2,18000,1.00637898687
164643,164651,167459,8,2808,2,18000,1.00284900285
164914,164924,167724,10,2800,2,18000,1.00357142857
165045,165062,167926,17,2864,2,18000,1.00593575419
165071,165096,168013,25,2917,2,18000,1.00857044909
165107,165129,167930,22,2801,2,18000,1.00785433774
165275,165284,168165,9,2881,2,18000,1.00312391531
165385,165394,168287,9,2893,2,18000,1.00311095748
165402,165410,168218,8,2808,2,18000,1.00284900285
165571,165593,168313,22,2720,2,18000,1.00808823529
165598,165609,168268,11,2659,2,18000,1.00413689357
165677,165697,168494,20,2797,2,18000,1.00715051841
165727,165747,168549,20,2802,2,18000,1.00713775874
165782,165790,168587,8,2797,2,18000,1.00286020737
165865,165884,168709,19,2825,2,18000,1.00672566372
165881,165906,168524,25,2618,2,18000,1.00954927426
165942,165961,168654,19,2693,2,18000,1.00705532863
165977,165993,168734,16,2741,2,18000,1.00583728566
165994,166010,168860,16,2850,2,18000,1.00561403509
165995,166015,168807,20,2792,2,18000,1.00716332378
166070,166081,168928,11,2847,2,18000,1.00386371619
166211,166217,169029,6,2812,2,18000,1.00213371266
166228,166234,169126,6,2892,2,18000,1.0020746888
166244,166250,169007,6,2757,2,18000,1.00217627856
166264,166271,169040,7,2769,2,18000,1.00252798844
166391,166398,169214,7,2816,2,18000,1.00248579545
166392,166404,169136,12,2732,2,18000,1.00439238653
166463,166472,169318,9,2846,2,18000,1.0031623331
166494,166501,169358,7,2857,2,18000,1.00245012251
166511,166517,169161,6,2644,2,18000,1.00226928896
166550,166560,169305,10,2745,2,18000,1.00364298725
166757,166767,169537,10,2770,2,18000,1.0036101083
166830,166836,169540,6,2704,2,18000,1.00221893491
166896,166904,169480,8,2576,2,18000,1.00310559006
166914,166920,169881,6,2961,2,18000,1.00202634245
166972,166978,169767,6,2789,2,18000,1.00215130871
166990,166996,169721,6,2725,2,18000,1.00220183486
167046,167056,169703,10,2647,2,18000,1.00377786173
167084,167091,169890,7,2799,2,18000,1.00250089318
167186,167194,170005,8,2811,2,18000,1.00284596229
167260,167270,169966,10,2696,2,18000,1.00370919881
167461,167470,170246,9,2776,2,18000,1.00324207493
167727,167736,170517,9,2781,2,18000,1.00323624595
167931,167937,170770,6,2833,2,18000,1.00211789622
167932,167943,170748,11,2805,2,18000,1.00392156863
168015,168024,170976,9,2952,2,18000,1.00304878049
168166,168176,170976,10,2800,2,18000,1.00357142857
168221,168229,171142,8,2913,2,18000,1.00274630965
168270,168279,171172,9,2893,2,18000,1.00311095748
168290,168298,171137,8,2839,2,18000,1.00281789362
168316,168324,171103,8,2779,2,18000,1.00287873336
168497,168505,171334,8,2829,2,18000,1.00282785437
168527,168535,171277,8,2742,2,18000,1.00291757841
168550,168560,171359,10,2799,2,18000,1.00357270454
168590,168598,171368,8,2770,2,18000,1.00288808664
168658,168666,171394,8,2728,2,18000,1.00293255132
168710,168721,171485,11,2764,2,18000,1.00397973951
168737,168746,171466,9,2720,2,18000,1.00330882353
168809,168818,171616,9,2798,2,18000,1.00321658327
168861,168871,171647,10,2776,2,18000,1.00360230548
168931,168939,171787,8,2848,2,18000,1.00280898876
169010,169018,171903,8,2885,2,18000,1.0027729636
169030,169040,171860,10,2820,2,18000,1.00354609929
169046,169053,171792,7,2739,2,18000,1.00255567725
169130,169137,171913,7,2776,2,18000,1.00252161383
169147,169153,171979,6,2826,2,18000,1.00212314225
169163,169172,172035,9,2863,2,18000,1.00314355571
169215,169225,172004,10,2779,2,18000,1.0035984167
169310,169315,172091,5,2776,2,18000,1.00180115274
169326,169332,172033,6,2701,2,18000,1.00222139948
169359,169369,172232,10,2863,2,18000,1.00349283968
169484,169492,172398,8,2906,2,18000,1.00275292498
169541,169547,172379,6,2832,2,18000,1.00211864407
169543,169554,172361,11,2807,2,18000,1.00391877449
169707,169714,172461,7,2747,2,18000,1.00254823444
169723,169733,172479,10,2746,2,18000,1.0036416606
169768,169778,172572,10,2794,2,18000,1.00357909807
169883,169892,172682,9,2790,2,18000,1.00322580645
169900,169906,172726,6,2820,2,18000,1.00212765957
169970,169977,172616,7,2639,2,18000,1.00265251989
170007,170017,172920,10,2903,2,18000,1.00344471237
170257,170264,173109,7,2845,2,18000,1.00246045694
170521,170529,173337,8,2808,2,18000,1.00284900285
170750,170759,173391,9,2632,2,18000,1.00341945289
170773,170781,173641,8,2860,2,18000,1.0027972028
170978,171047,173788,69,2741,2,18000,1.02517329442
170979,171052,173704,73,2652,2,18000,1.02752639517
171107,171114,173865,7,2751,2,18000,1.00254452926
171143,171149,173950,6,2801,2,18000,1.00214209211
171144,171155,174058,11,2903,2,18000,1.0037891836
171177,171184,173877,7,2693,2,18000,1.0025993316
171278,171288,173985,10,2697,2,18000,1.00370782351
171338,171344,173982,6,2638,2,18000,1.00227445034
171365,171371,174241,6,2870,2,18000,1.00209059233
171382,171388,174333,6,2945,2,18000,1.00203735144
171399,171405,174138,6,2733,2,18000,1.00219538968
171469,171477,174356,8,2879,2,18000,1.00277874262
171488,171496,174273,8,2777,2,18000,1.00288080663
171617,171627,174405,10,2778,2,18000,1.00359971202
171650,171658,174545,8,2887,2,18000,1.0027710426
171790,171798,174560,8,2762,2,18000,1.00289645185
171805,171812,174561,7,2749,2,18000,1.0025463805
171861,171871,174483,10,2612,2,18000,1.00382848392
171906,171915,174563,9,2648,2,18000,1.00339879154
171923,171929,174721,6,2792,2,18000,1.00214899713
171980,171990,174764,10,2774,2,18000,1.00360490267
172007,172015,174791,8,2776,2,18000,1.00288184438
172035,172044,174846,9,2802,2,18000,1.00321199143
172036,172050,174909,14,2859,2,18000,1.00489681707
172093,172102,174821,9,2719,2,18000,1.00331004046
172235,172243,175072,8,2829,2,18000,1.00282785437
172364,172372,175317,8,2945,2,18000,1.00271646859
172382,172391,175269,9,2878,2,18000,1.00312717165
172402,172410,175007,8,2597,2,18000,1.00308047747
172463,172473,175172,10,2699,2,18000,1.00370507595
172482,172491,175164,9,2673,2,18000,1.00336700337
172575,172583,175149,8,2566,2,18000,1.00311769291
172619,172627,175378,8,2751,2,18000,1.00290803344
172686,172693,175415,7,2722,2,18000,1.0025716385
172728,172737,175440,9,2703,2,18000,1.00332963374
172921,172932,175684,11,2752,2,18000,1.00399709302
173111,173120,175877,9,2757,2,18000,1.00326441785
173344,173350,176092,6,2742,2,18000,1.00218818381
173394,173402,176040,8,2638,2,18000,1.00303260045
173643,173652,176435,9,2783,2,18000,1.00323392023
173707,173715,176507,8,2792,2,18000,1.00286532951
173790,173799,176476,9,2677,2,18000,1.00336197236
173871,173877,176738,6,2861,2,18000,1.00209716882
173888,173894,176771,6,2877,2,18000,1.00208550574
173952,173961,176710,9,2749,2,18000,1.00327391779
173985,173993,176640,8,2647,2,18000,1.00302228938
173987,173999,176759,12,2760,2,18000,1.00434782609
174060,174070,176834,10,2764,2,18000,1.00361794501
174142,174149,176955,7,2806,2,18000,1.00249465431
174245,174253,177064,8,2811,2,18000,1.00284596229
174275,174285,176983,10,2698,2,18000,1.00370644922
174334,174344,177079,10,2735,2,18000,1.00365630713
174358,174368,177031,10,2663,2,18000,1.00375516335
174409,174416,177336,7,2920,2,18000,1.00239726027
174486,174495,177144,9,2649,2,18000,1.00339750849
174548,174556,177262,8,2706,2,18000,1.0029563932
174564,174571,177335,7,2764,2,18000,1.00253256151
174566,174577,177166,11,2589,2,18000,1.00424874469
174567,174582,177384,15,2802,2,18000,1.00535331906
174723,174732,177602,9,2870,2,18000,1.0031358885
174767,174775,177461,8,2686,2,18000,1.00297840655
174789,174802,177598,13,2796,2,18000,1.00464949928
174823,174833,177699,10,2866,2,18000,1.00348918353
174848,174857,177669,9,2812,2,18000,1.00320056899
174910,174920,177635,10,2715,2,18000,1.00368324125
175009,175018,177840,9,2822,2,18000,1.0031892275
175075,175083,177873,8,2790,2,18000,1.00286738351
175153,175160,177964,7,2804,2,18000,1.00249643367
175169,175175,177993,6,2818,2,18000,1.00212916962
175187,175193,177937,6,2744,2,18000,1.00218658892
175270,175280,178006,10,2726,2,18000,1.00366837858
175320,175329,178125,9,2796,2,18000,1.00321888412
175379,175389,178067,10,2678,2,18000,1.00373412995
175417,175426,178190,9,2764,2,18000,1.00325615051
175443,175452,178279,9,2827,2,18000,1.00318358684
175686,175696,178413,10,2717,2,18000,1.00368053
175879,175889,178569,10,2680,2,18000,1.00373134328
176042,176051,178831,9,2780,2,18000,1.00323741007
176093,176103,178974,10,2871,2,18000,1.00348310693
176438,176446,179217,8,2771,2,18000,1.00288704439
176479,176488,179157,9,2669,2,18000,1.00337204946
176510,176518,179339,8,2821,2,18000,1.0028358738
176644,176652,179447,8,2795,2,18000,1.00286225403
176712,176721,179528,9,2807,2,18000,1.00320627004
176740,176750,179436,10,2686,2,18000,1.00372300819
176762,176770,179565,8,2795,2,18000,1.00286225403
176778,176784,179593,6,2809,2,18000,1.00213599146
176838,176846,179703,8,2857,2,18000,1.00280014001
176956,176966,179818,10,2852,2,18000,1.00350631136
176984,176994,179684,10,2690,2,18000,1.00371747212
177030,177042,179868,12,2826,2,18000,1.0042462845
177067,177075,179879,8,2804,2,18000,1.00285306705
177084,177090,179721,6,2631,2,18000,1.00228050171
177146,177155,179944,9,2789,2,18000,1.00322696307
177168,177178,180010,10,2832,2,18000,1.00353107345
177264,177274,180162,10,2888,2,18000,1.00346260388
177339,177346,180053,7,2707,2,18000,1.00258588844
177340,177352,180256,12,2904,2,18000,1.0041322314
177386,177395,180266,9,2871,2,18000,1.00313479624
177464,177472,180118,8,2646,2,18000,1.00302343159
177602,177609,180545,7,2936,2,18000,1.00238419619
177604,177615,180431,11,2816,2,18000,1.00390625
177638,177646,180312,8,2666,2,18000,1.00300075019
177672,177680,180445,8,2765,2,18000,1.00289330922
177700,177710,180493,10,2783,2,18000,1.0035932447
177842,177851,180630,9,2779,2,18000,1.00323857503
177877,177884,180652,7,2768,2,18000,1.00252890173
177939,177949,180804,10,2855,2,18000,1.00350262697
177967,177975,180742,8,2767,2,18000,1.00289121793
177995,178005,180713,10,2708,2,18000,1.00369276219
178010,178016,180864,6,2848,2,18000,1.00210674157
178070,178078,180867,8,2789,2,18000,1.00286841162
178126,178136,181015,10,2879,2,18000,1.00347342827
178193,178201,181083,8,2882,2,18000,1.0027758501
178281,178291,181027,10,2736,2,18000,1.00365497076
178414,178424,181193,10,2769,2,18000,1.00361141206
178573,178580,181271,7,2691,2,18000,1.00260126347
178833,178843,181568,10,2725,2,18000,1.00366972477
178976,178986,181590,10,2604,2,18000,1.00384024578
179158,179168,181963,10,2795,2,18000,1.00357781753
179221,179229,182056,8,2827,2,18000,1.00282985497
179341,179350,182071,9,2721,2,18000,1.0033076075
179420,260449,307882,81029,47433,1,64800,2.70828326271
179438,179447,182312,9,2865,2,18000,1.00314136126
179454,179460,182344,6,2884,2,18000,1.00208044383
179532,179539,182253,7,2714,2,18000,1.00257921887
179566,179576,182337,10,2761,2,18000,1.00362187613
179594,179604,182416,10,2812,2,18000,1.00355618777
179687,179695,182641,8,2946,2,18000,1.0027155465
179706,179714,182637,8,2923,2,18000,1.00273691413
179725,179732,182398,7,2666,2,18000,1.00262565641
179821,179829,182545,8,2716,2,18000,1.0029455081
179870,179879,182605,9,2726,2,18000,1.00330154072
179886,179892,182740,6,2848,2,18000,1.00210674157
179948,179956,182752,8,2796,2,18000,1.00286123033
180012,180021,182825,9,2804,2,18000,1.00320970043
180055,180065,182846,10,2781,2,18000,1.00359582884
180120,180129,182760,9,2631,2,18000,1.00342075257
180164,180174,183007,10,2833,2,18000,1.00352982704
180259,180267,183118,8,2851,2,18000,1.00280603297
180275,180281,183048,6,2767,2,18000,1.00216841344
180309,180323,183166,14,2843,2,18000,1.00492437566
180433,180442,183228,9,2786,2,18000,1.0032304379
180449,180456,183258,7,2802,2,18000,1.00249821556
180495,180504,183262,9,2758,2,18000,1.00326323423
180549,180556,183234,7,2678,2,18000,1.00261389096
180633,180641,183468,8,2827,2,18000,1.00282985497
180656,180663,183322,7,2659,2,18000,1.00263256863
180715,180724,183477,9,2753,2,18000,1.00326916092
180743,180754,183492,11,2738,2,18000,1.00401753104
180806,180815,183669,9,2854,2,18000,1.00315346882
180865,180875,183612,10,2737,2,18000,1.00365363537
180880,180886,183705,6,2819,2,18000,1.00212841433
181017,181026,183774,9,2748,2,18000,1.00327510917
181033,181039,183794,6,2755,2,18000,1.00217785844
181087,181094,183891,7,2797,2,18000,1.00250268144
181196,181204,184014,8,2810,2,18000,1.00284697509
181273,181282,184112,9,2830,2,18000,1.00318021201
181570,181580,184347,10,2767,2,18000,1.00361402241
181592,181601,184443,9,2842,2,18000,1.00316678395
181967,181974,184906,7,2932,2,18000,1.00238744884
182060,182068,184930,8,2862,2,18000,1.00279524808
182076,182081,184857,5,2776,2,18000,1.00180115274
182254,182264,185086,10,2822,2,18000,1.00354358611
182313,182323,185210,10,2887,2,18000,1.00346380326
182338,182348,185029,10,2681,2,18000,1.00372995151
182354,182360,185118,6,2758,2,18000,1.00217548949
182401,182409,185321,8,2912,2,18000,1.00274725275
182418,182427,185275,9,2848,2,18000,1.00316011236
182548,182557,185335,9,2778,2,18000,1.00323974082
182607,182616,185468,9,2852,2,18000,1.00315568022
182639,182649,185453,10,2804,2,18000,1.00356633381
182654,182661,185475,7,2814,2,18000,1.00248756219
182742,182751,185518,9,2767,2,18000,1.00325262017
182760,182766,185428,6,2662,2,18000,1.0022539444
182775,182782,185544,7,2762,2,18000,1.00253439537
182829,182837,185644,8,2807,2,18000,1.00285001781
182848,182857,185581,9,2724,2,18000,1.00330396476
183012,183018,185888,6,2870,2,18000,1.00209059233
183049,183059,185898,10,2839,2,18000,1.00352236703
183120,183129,185890,9,2761,2,18000,1.00325968852
183171,183178,185989,7,2811,2,18000,1.002490217
183230,183239,185924,9,2685,2,18000,1.00335195531
183245,183252,186124,7,2872,2,18000,1.00243732591
183262,183270,186095,8,2825,2,18000,1.00283185841
183277,183284,186038,7,2754,2,18000,1.00254175744
183324,183333,186071,9,2738,2,18000,1.00328707085
183469,183479,186284,10,2805,2,18000,1.00356506239
183486,183492,186167,6,2675,2,18000,1.00224299065
183501,183508,186261,7,2753,2,18000,1.00254268071
183614,183623,186536,9,2913,2,18000,1.00308959835
183670,183680,186411,10,2731,2,18000,1.00366166239
183708,183716,186513,8,2797,2,18000,1.00286020737
183777,183786,186536,9,2750,2,18000,1.00327272727
183796,183806,186663,10,2857,2,18000,1.00350017501
183893,183902,186670,9,2768,2,18000,1.00325144509
184016,184025,186813,9,2788,2,18000,1.00322812052
184113,184123,186904,10,2781,2,18000,1.00359582884
184350,184358,187184,8,2826,2,18000,1.00283085633
184447,184454,187122,7,2668,2,18000,1.00262368816
184859,184868,187718,9,2850,2,18000,1.00315789474
184909,184917,187749,8,2832,2,18000,1.00282485876
184932,184941,187616,9,2675,2,18000,1.00336448598
185027,185040,187795,13,2755,2,18000,1.00471869328
185089,185097,187833,8,2736,2,18000,1.00292397661
185120,185129,187951,9,2822,2,18000,1.0031892275
185212,185222,187936,10,2714,2,18000,1.00368459838
185278,185286,187949,8,2663,2,18000,1.00300413068
185321,185332,188030,11,2698,2,18000,1.00407709414
185337,185347,188099,10,2752,2,18000,1.00363372093
185430,185439,188164,9,2725,2,18000,1.00330275229
185455,185464,188399,9,2935,2,18000,1.00306643952
185472,185478,188286,6,2808,2,18000,1.00213675214
185488,185494,188278,6,2784,2,18000,1.00215517241
185519,185530,188251,11,2721,2,18000,1.00404263139
185548,185555,188280,7,2725,2,18000,1.00256880734
185582,185592,188311,10,2719,2,18000,1.00367782273
185647,185655,188447,8,2792,2,18000,1.00286532951
185893,185899,188824,6,2925,2,18000,1.00205128205
185895,185905,188654,10,2749,2,18000,1.00363768643
185911,185917,188529,6,2612,2,18000,1.00229709035
185927,185935,188726,8,2791,2,18000,1.00286635614
185990,186000,188783,10,2783,2,18000,1.0035932447
186041,186049,188635,8,2586,2,18000,1.00309358082
186073,186082,188922,9,2840,2,18000,1.00316901408
186098,186107,188895,9,2788,2,18000,1.00322812052
186126,186135,188792,9,2657,2,18000,1.00338727889
186170,186178,188943,8,2765,2,18000,1.00289330922
186262,186272,189098,10,2826,2,18000,1.00353857042
186288,186295,188948,7,2653,2,18000,1.00263852243
186415,186427,189179,12,2752,2,18000,1.00436046512
186517,186524,189302,7,2778,2,18000,1.00251979842
186537,186547,189245,10,2698,2,18000,1.00370644922
186539,186552,189377,13,2825,2,18000,1.00460176991
186664,186675,189388,11,2713,2,18000,1.00405455216
186680,186690,189544,10,2854,2,18000,1.00350385424
186814,186824,189554,10,2730,2,18000,1.00366300366
186908,186915,189682,7,2767,2,18000,1.00252981568
187125,187133,189882,8,2749,2,18000,1.00291014915
187188,187196,189890,8,2694,2,18000,1.00296956199
187619,235902,238759,48283,2857,2,18000,17.8998949947
187721,235907,238629,48186,2722,2,18000,18.7024246877
187753,235912,238561,48159,2649,2,18000,19.1800679502
187796,235917,238617,48121,2700,2,18000,18.8225925926
187836,235922,238588,48086,2666,2,18000,19.0367591898
187938,235927,238689,47989,2762,2,18000,18.3747284576
187954,235932,238814,47978,2882,2,18000,17.6474670368
187955,235938,238757,47983,2819,2,18000,18.0212841433
188034,235943,238695,47909,2752,2,18000,18.4087936047
188103,235948,238942,47845,2994,2,18000,16.9802939212
188168,235953,238946,47785,2993,2,18000,16.9655863682
188254,235958,238794,47704,2836,2,18000,17.8208744711
188280,235963,238985,47683,3022,2,18000,16.7786234282
188282,235968,238959,47686,2991,2,18000,16.9431628218
188297,235974,238973,47677,2999,2,18000,16.8976325442
188313,235979,238802,47666,2823,2,18000,17.8848742473
188402,235984,238759,47582,2775,2,18000,18.1466666667
188450,235989,238913,47539,2924,2,18000,17.2582079343
188533,235994,238887,47461,2893,2,18000,17.4054614587
188637,235999,238957,47362,2958,2,18000,17.0114942529
188656,236014,238964,47358,2950,2,18000,17.053559322
188730,236019,238890,47289,2871,2,18000,17.4712643678
188785,236024,238818,47239,2794,2,18000,17.9073013601
188801,236029,238931,47228,2902,2,18000,17.2742935906
188826,236034,238970,47208,2936,2,18000,17.0790190736
188897,236039,238964,47142,2925,2,18000,17.1169230769
188925,236045,239025,47120,2980,2,18000,16.8120805369
188948,236050,238870,47102,2820,2,18000,17.7028368794
188963,236055,239157,47092,3102,2,18000,16.1811734365
189101,236060,239046,46959,2986,2,18000,16.7263898192
189182,236065,239133,46883,3068,2,18000,16.2812907432
189248,236070,238997,46822,2927,2,18000,16.9965835326
189304,236075,238957,46771,2882,2,18000,17.2286606523
189378,236080,239111,46702,3031,2,18000,16.4081161333
189394,236085,238994,46691,2909,2,18000,17.0505328292
189548,236091,238956,46543,2865,2,18000,17.2453752182
189564,236096,239152,46532,3056,2,18000,16.2264397906
189685,236101,238894,46416,2793,2,18000,17.6186895811
189884,236106,237723,46222,1617,2,18000,29.5850340136
189900,236111,237772,46211,1661,2,18000,28.821192053
190851,190857,190955,6,98,1,1800,1.0612244898
191258,191264,191366,6,102,1,1800,1.05882352941
191965,191971,192412,6,441,1,1800,1.01360544218
194184,194190,194227,6,37,1,1800,1.16216216216
194544,194550,194616,6,66,1,1800,1.09090909091
195510,195516,195789,6,273,1,1800,1.02197802198
201432,201438,201477,6,39,1,1800,1.15384615385
201755,201761,201833,6,72,1,1800,1.08333333333
202348,202354,202586,6,232,1,1800,1.02586206897
204159,260474,268023,56315,7549,2,21600,8.45992846735
205723,260479,261309,54756,830,2,21600,66.9710843373
207175,260374,262640,53199,2266,2,54000,24.4770520741
207180,260379,265697,53199,5318,2,54000,11.0035727717
208233,261153,280002,52920,18849,24,21600,3.80757599873
208833,261168,262873,52335,1705,2,21600,31.6950146628
209103,261173,262983,52070,1810,2,21600,29.7679558011
209275,261163,261169,51888,6,4,3599,5189.4
211411,236127,238413,24716,2286,2,7200,11.8118985127
232661,235396,235400,2735,4,2,3600,273.9
232662,235401,235402,2739,1,2,3600,274.0
233820,261197,269165,27377,7968,1,180000,4.4358684739
233820,261203,264868,27383,3665,1,180000,8.47148703956
233820,261209,266746,27389,5537,1,180000,5.94654144844
233820,261181,267563,27361,6382,1,180000,5.28721403949
233820,261191,262339,27371,1148,1,180000,24.8423344948
233820,261186,265221,27366,4035,1,180000,7.78215613383
233821,261233,271043,27412,9810,1,180000,3.79429153925
233821,261220,267217,27399,5997,1,180000,5.5687843922
233821,261226,262968,27405,1742,1,180000,16.7319173364
233821,261215,266203,27394,4988,1,180000,6.49198075381
233821,261238,265407,27417,4169,1,180000,7.57639721756
233822,236194,271979,2372,35785,1,180000,1.06628475618
233822,270216,273995,36394,3779,1,180000,10.6305901032
233822,261249,265503,27427,4254,1,180000,7.44734367654
233822,261244,264430,27422,3186,1,180000,9.60703075957
233822,237417,261234,3595,23817,1,180000,1.15094260402
233822,237422,239010,3600,1588,1,180000,3.26700251889
233823,236221,237689,2398,1468,1,180000,2.63351498638
233823,236200,259997,2377,23797,1,180000,1.09988654032
233823,236205,239433,2382,3228,1,180000,1.73791821561
233823,270231,275456,36408,5225,1,180000,7.96803827751
233823,270249,275141,36426,4892,1,180000,8.44603434178
233824,236227,237974,2403,1747,1,180000,2.37550085861
233824,236237,259817,2413,23580,1,180000,1.10233248516
233824,270267,275033,36443,4766,1,180000,8.64645404952
233824,236232,239539,2408,3307,1,180000,1.72815240399
234961,237406,842216,2445,604810,2,604800,1.00404259189
235020,237411,744663,2391,507252,2,604800,1.00471363346
238119,261158,550170,23039,289012,10,360000,1.07971641316
259143,259214,259240,71,26,1,900,3.73076923077
279408,279415,279626,7,211,1,180,1.03317535545
283911,283918,286801,7,2883,2,18000,1.00242802636
283913,283923,286842,10,2919,2,18000,1.00342583076
283915,283928,286522,13,2594,2,18000,1.00501156515
283916,283934,286623,18,2689,2,18000,1.00669393827
283918,283939,286728,21,2789,2,18000,1.00752958049
283920,283944,286858,24,2914,2,18000,1.00823610158
283922,283949,286750,27,2801,2,18000,1.00963941449
283924,283954,286756,30,2802,2,18000,1.01070663812
283925,283959,286640,34,2681,2,18000,1.01268183514
283927,283965,286793,38,2828,2,18000,1.01343705799
283929,283970,286633,41,2663,2,18000,1.01539616973
283931,283975,286656,44,2681,2,18000,1.01641178665
283933,283980,286676,47,2696,2,18000,1.01743323442
283935,283985,286752,50,2767,2,18000,1.01807011203
283937,283991,286870,54,2879,2,18000,1.01875651268
283939,283996,286854,57,2858,2,18000,1.01994401679
283941,284002,286909,61,2907,2,18000,1.02098383213
283944,284007,286693,63,2686,2,18000,1.0234549516
283945,284012,286729,67,2717,2,18000,1.02465955098
283947,284017,286878,70,2861,2,18000,1.02446696959
283949,284022,286545,73,2523,2,18000,1.02893380896
283952,284028,286882,76,2854,2,18000,1.02662929222
283954,284033,286900,79,2867,2,18000,1.02755493547
283957,284038,286782,81,2744,2,18000,1.02951895044
283959,284043,286852,84,2809,2,18000,1.02990388038
283966,284048,286875,82,2827,2,18000,1.02900601344
283968,284053,286594,85,2541,2,18000,1.03345139709
283971,284059,286811,88,2752,2,18000,1.03197674419
283973,284065,286762,92,2697,2,18000,1.03411197627
283975,284070,286743,95,2673,2,18000,1.0355405911
283978,284075,286775,97,2700,2,18000,1.03592592593
283980,284080,286865,100,2785,2,18000,1.03590664273
283983,284085,286860,102,2775,2,18000,1.03675675676
283987,284090,287010,103,2920,2,18000,1.0352739726
283990,284096,286954,106,2858,2,18000,1.03708887334
283992,284106,286940,114,2834,2,18000,1.04022582922
283996,284111,286686,115,2575,2,18000,1.04466019417
283999,284117,286980,118,2863,2,18000,1.04121550821
284002,284122,286833,120,2711,2,18000,1.04426410918
284005,284127,286961,122,2834,2,18000,1.04304869442
286525,286533,289331,8,2798,2,18000,1.00285918513
286548,286556,289249,8,2693,2,18000,1.00297066469
286597,286606,289453,9,2847,2,18000,1.00316122234
286624,286635,289432,11,2797,2,18000,1.00393278513
286640,286646,289346,6,2700,2,18000,1.00222222222
286655,286662,289499,7,2837,2,18000,1.00246739514
286672,286678,289479,6,2801,2,18000,1.00214209211
286687,286693,289419,6,2726,2,18000,1.00220102715
286689,286699,289476,10,2777,2,18000,1.00360100828
286705,286711,289458,6,2747,2,18000,1.00218420095
286730,286739,289505,9,2766,2,18000,1.0032537961
286731,286745,289529,14,2784,2,18000,1.00502873563
286751,286757,289546,6,2789,2,18000,1.00215130871
286752,286763,289404,11,2641,2,18000,1.00416508898
286769,286775,289542,6,2767,2,18000,1.00216841344
286770,286781,289503,11,2722,2,18000,1.00404114622
286772,286786,289723,14,2937,2,18000,1.00476676881
286789,286795,289457,6,2662,2,18000,1.0022539444
286790,286801,289588,11,2787,2,18000,1.0039468963
286806,286811,289614,5,2803,2,18000,1.00178380307
286807,286817,289541,10,2724,2,18000,1.00367107195
286824,286831,289672,7,2841,2,18000,1.00246392115
286843,286849,289689,6,2840,2,18000,1.00211267606
286844,286855,289681,11,2826,2,18000,1.00389242746
286862,286868,289559,6,2691,2,18000,1.0022296544
286864,286874,289395,10,2521,2,18000,1.00396667989
286865,286879,289800,14,2921,2,18000,1.00479287915
286866,286884,289712,18,2828,2,18000,1.00636492221
286891,286897,289801,6,2904,2,18000,1.0020661157
286892,286903,289706,11,2803,2,18000,1.00392436675
286893,286908,289543,15,2635,2,18000,1.00569259962
286895,286913,289809,18,2896,2,18000,1.00621546961
286896,286918,289715,22,2797,2,18000,1.00786557025
286911,286924,289724,13,2800,2,18000,1.00464285714
286913,286929,289712,16,2783,2,18000,1.00574919152
286943,286952,289747,9,2795,2,18000,1.00322003578
286958,286964,289699,6,2735,2,18000,1.00219378428
286974,286980,289749,6,2769,2,18000,1.00216684724
286990,286997,289794,7,2797,2,18000,1.00250268144
287013,287022,289844,9,2822,2,18000,1.0031892275
289251,289260,292150,9,2890,2,18000,1.00311418685
289332,289342,292201,10,2859,2,18000,1.00349772648
289348,289357,292182,9,2825,2,18000,1.00318584071
289396,289406,292348,10,2942,2,18000,1.00339904827
289412,289418,292209,6,2791,2,18000,1.00214976711
289428,289434,292227,6,2793,2,18000,1.00214822771
289445,289451,292261,6,2810,2,18000,1.00213523132
289461,289467,292020,6,2553,2,18000,1.00235017626
289463,289473,292373,10,2900,2,18000,1.00344827586
289464,289479,292432,15,2953,2,18000,1.00507958009
289480,289490,292269,10,2779,2,18000,1.0035984167
289481,289495,292255,14,2760,2,18000,1.00507246377
289502,289510,292142,8,2632,2,18000,1.00303951368
289519,289525,292413,6,2888,2,18000,1.00207756233
289520,289531,292357,11,2826,2,18000,1.00389242746
289537,289543,292299,6,2756,2,18000,1.00217706821
289553,289559,292219,6,2660,2,18000,1.0022556391
289554,289565,292440,11,2875,2,18000,1.00382608696
289555,289570,292342,15,2772,2,18000,1.00541125541
289557,289575,292498,18,2923,2,18000,1.00615805679
289572,289581,292297,9,2716,2,18000,1.00331369661
289592,289600,292220,8,2620,2,18000,1.00305343511
289617,289625,292364,8,2739,2,18000,1.00292077401
289676,289684,292516,8,2832,2,18000,1.00282485876
289692,289698,292258,6,2560,2,18000,1.00234375
289693,289704,292491,11,2787,2,18000,1.0039468963
289712,289717,292495,5,2778,2,18000,1.00179985601
289713,289723,292436,10,2713,2,18000,1.00368595651
289732,289739,292539,7,2800,2,18000,1.0025
289734,289745,292460,11,2715,2,18000,1.00405156538
289735,289750,292577,15,2827,2,18000,1.00530597807
289737,289755,292487,18,2732,2,18000,1.0065885798
289738,289760,292492,22,2732,2,18000,1.00805270864
289756,289766,292516,10,2750,2,18000,1.00363636364
289757,289771,292665,14,2894,2,18000,1.00483759502
289795,289805,292756,10,2951,2,18000,1.0033886818
289813,289819,292476,6,2657,2,18000,1.00225818592
289814,289825,292738,11,2913,2,18000,1.00377617576
289815,289830,292625,15,2795,2,18000,1.0053667263
289847,289855,292678,8,2823,2,18000,1.00283386468
291868,291875,294431,7,2556,4,144000,1.00273865415
291876,291882,310445,6,18563,4,144000,1.00032322362
292022,292031,294804,9,2773,2,18000,1.0032455824
292144,292153,294835,9,2682,2,18000,1.0033557047
292159,292165,294816,6,2651,2,18000,1.00226329687
292185,292193,294906,8,2713,2,18000,1.0029487652
292207,292213,295050,6,2837,2,18000,1.00211491012
292227,292233,295058,6,2825,2,18000,1.00212389381
292229,292239,295071,10,2832,2,18000,1.00353107345
292230,292244,295123,14,2879,2,18000,1.00486279958
292231,292249,295006,18,2757,2,18000,1.00652883569
292259,292266,295064,7,2798,2,18000,1.00250178699
292260,292272,294996,12,2724,2,18000,1.00440528634
292276,292282,294926,6,2644,2,18000,1.00226928896
292277,292288,295227,11,2939,2,18000,1.00374276965
292300,292310,295096,10,2786,2,18000,1.00358937545
292302,292315,295091,13,2776,2,18000,1.00468299712
292310,292321,296028,11,3707,4,3600,1.00296735905
292345,292353,295159,8,2806,2,18000,1.0028510335
292362,292368,295134,6,2766,2,18000,1.0021691974
292363,292374,295066,11,2692,2,18000,1.00408618128
292380,292386,295010,6,2624,2,18000,1.00228658537
292381,292392,295215,11,2823,2,18000,1.00389656394
292416,292424,295208,8,2784,2,18000,1.00287356322
292436,292443,295289,7,2846,2,18000,1.00245959241
292437,292449,295188,12,2739,2,18000,1.00438116101
292453,292460,295152,7,2692,2,18000,1.00260029718
292469,292475,295226,6,2751,2,18000,1.00218102508
292487,292493,295160,6,2667,2,18000,1.00224971879
292505,292511,295265,6,2754,2,18000,1.00217864924
292506,292517,295149,11,2632,2,18000,1.00417933131
292507,292522,295239,15,2717,2,18000,1.00552079499
292508,292527,295289,19,2762,2,18000,1.00687907314
292510,292532,295194,22,2662,2,18000,1.00826446281
292526,292538,295403,12,2865,2,18000,1.00418848168
292527,292543,295236,16,2693,2,18000,1.00594132937
292543,292550,295338,7,2788,2,18000,1.0025107604
292580,292588,295291,8,2703,2,18000,1.00295967444
292629,292637,295459,8,2822,2,18000,1.00283486889
292669,292677,295429,8,2752,2,18000,1.00290697674
292685,292691,295468,6,2777,2,18000,1.00216060497
292742,292750,295606,8,2856,2,18000,1.00280112045
292758,292767,295403,9,2636,2,18000,1.00341426404
292887,292893,292896,6,3,2,360000,1.0
293021,293027,897850,6,604823,2,604800,1.00000992026
294515,294521,311130,6,16609,4,180000,1.00036124992
294807,294815,297529,8,2714,2,18000,1.0029476787
294823,294828,296781,5,1953,2,14400,1.00256016385
294826,294834,297639,8,2805,2,18000,1.00285204991
294842,294848,297671,6,2823,2,18000,1.00212539851
294909,294917,297721,8,2804,2,18000,1.00285306705
294929,294938,297730,9,2792,2,18000,1.0032234957
294994,295007,297810,13,2803,2,18000,1.00463788798
295011,295017,297689,6,2672,2,18000,1.00224550898
295013,295023,297941,10,2918,2,18000,1.0034270048
295050,295056,295058,6,2,2,3600,1.0
295051,295067,295069,16,2,2,3600,1.8
295052,295062,297994,10,2932,2,18000,1.0034106412
295070,295076,297869,6,2793,2,18000,1.00214822771
295071,295082,297886,11,2804,2,18000,1.00392296719
295072,295087,297910,15,2823,2,18000,1.00531349628
295088,295095,297909,7,2814,2,18000,1.00248756219
295104,295110,297959,6,2849,2,18000,1.00210600211
295105,295116,297778,11,2662,2,18000,1.0041322314
295125,295134,298079,9,2945,2,18000,1.00305602716
295141,295147,297854,6,2707,2,18000,1.0022164758
295158,295164,297983,6,2819,2,18000,1.00212841433
295159,295170,297938,11,2768,2,18000,1.00397398844
295177,295183,297870,6,2687,2,18000,1.00223297358
295178,295189,297871,11,2682,2,18000,1.00410141685
295195,295201,298095,6,2894,2,18000,1.00207325501
295196,295207,298035,11,2828,2,18000,1.00388967468
295214,295220,297930,6,2710,2,18000,1.00221402214
295231,295237,298148,6,2911,2,18000,1.00206114737
295232,295244,297984,12,2740,2,18000,1.00437956204
295233,295250,297898,17,2648,2,18000,1.00641993958
295249,295256,298134,7,2878,2,18000,1.00243224461
295250,295261,298048,11,2787,2,18000,1.0039468963
295266,295276,298136,10,2860,2,18000,1.0034965035
295293,295300,298160,7,2860,2,18000,1.00244755245
295294,295305,298068,11,2763,2,18000,1.00398117988
295296,295311,298186,15,2875,2,18000,1.0052173913
295341,295350,298184,9,2834,2,18000,1.00317572336
295406,295440,298186,34,2746,2,18000,1.01238164603
295407,295445,298227,38,2782,2,18000,1.01365923796
295435,295451,298258,16,2807,2,18000,1.00570003563
295462,295471,298402,9,2931,2,18000,1.00307062436
295478,295484,298209,6,2725,2,18000,1.00220183486
295496,295502,295505,6,3,2,3600,1.0
295497,295507,295510,10,3,2,3600,1.3
295608,295617,298435,9,2818,2,18000,1.00319375444
295692,295698,295700,6,2,2,3600,1.0
296270,296276,296281,6,5,3,360000,1.1
296320,296327,656340,7,360013,3,360000,1.00001944374
296479,296485,656521,6,360036,6,360000,1.000016665
297455,297461,301129,6,3668,2,10800,1.00163576881
297531,297540,300233,9,2693,2,18000,1.00334199777
297602,297608,300704,6,3096,2,21600,1.0019379845
297641,297650,300644,9,2994,2,18000,1.00300601202
297673,297682,300463,9,2781,2,18000,1.00323624595
297689,297700,300389,11,2689,2,18000,1.00409074005
297730,297736,300546,6,2810,2,18000,1.00213523132
297746,297752,300663,6,2911,2,18000,1.00206114737
297779,297789,300544,10,2755,2,18000,1.00362976407
297813,297821,300672,8,2851,2,18000,1.00280603297
297859,297865,300618,6,2753,2,18000,1.00217944061
297878,297884,300787,6,2903,2,18000,1.00206682742
297879,297890,300657,11,2767,2,18000,1.00397542465
297881,297895,300760,14,2865,2,18000,1.00488656195
297898,297904,300682,6,2778,2,18000,1.00215982721
297899,297910,300802,11,2892,2,18000,1.00380359613
297917,297923,300651,6,2728,2,18000,1.00219941349
297918,297929,300742,11,2813,2,18000,1.00391041593
297938,297944,300753,6,2809,2,18000,1.00213599146
297958,297964,300703,6,2739,2,18000,1.0021905805
297959,297969,300671,10,2702,2,18000,1.00370096225
297961,297975,299802,14,1827,1,1800,1.00766283525
297984,297990,300930,6,2940,2,18000,1.00204081633
297985,297996,300835,11,2839,2,18000,1.00387460373
298002,298009,300790,7,2781,2,18000,1.00251708019
298004,298014,300681,10,2667,2,18000,1.00374953131
298039,298046,300706,7,2660,2,18000,1.00263157895
298056,298062,300928,6,2866,2,18000,1.00209351012
298071,298079,300891,8,2812,2,18000,1.00284495021
298088,298094,300948,6,2854,2,18000,1.00210231254
298104,298111,300963,7,2852,2,18000,1.00245441795
298139,298145,301005,6,2860,2,18000,1.0020979021
298140,298151,300795,11,2644,2,18000,1.00416036309
298157,298163,301044,6,2881,2,18000,1.0020826102
298173,298180,300874,7,2694,2,18000,1.00259836674
298194,298200,301011,6,2811,2,18000,1.00213447172
298195,298206,300956,11,2750,2,18000,1.004
298196,298211,301005,15,2794,2,18000,1.0053686471
298214,298222,301049,8,2827,2,18000,1.00282985497
298231,298238,301145,7,2907,2,18000,1.00240798074
298258,298269,301008,11,2739,2,18000,1.00401606426
298405,298413,301051,8,2638,2,18000,1.00303260045
298439,298446,301157,7,2711,2,18000,1.00258207304
300234,300244,303037,10,2793,2,18000,1.00358037952
300393,300400,303209,7,2809,2,18000,1.00249199003
300464,300475,303320,11,2845,2,18000,1.00386643234
300547,300556,303329,9,2773,2,18000,1.0032455824
300548,300562,303392,14,2830,2,18000,1.00494699647
300620,300630,303475,10,2845,2,18000,1.00351493849
300650,300655,303343,5,2688,2,18000,1.00186011905
300666,300673,303461,7,2788,2,18000,1.0025107604
300668,300678,303469,10,2791,2,18000,1.00358294518
300669,300684,303478,15,2794,2,18000,1.0053686471
300689,300695,303560,6,2865,2,18000,1.00209424084
300691,300701,303373,10,2672,2,18000,1.00374251497
300692,300706,303584,14,2878,2,18000,1.00486448923
300693,300711,303619,18,2908,2,18000,1.00618982118
300711,300717,303455,6,2738,2,18000,1.00219138057
300712,300723,303663,11,2940,2,18000,1.0037414966
300745,300753,303591,8,2838,2,18000,1.00281888654
300762,300768,303602,6,2834,2,18000,1.00211714891
300763,300774,303450,11,2676,2,18000,1.00411061286
300782,300788,304003,6,3215,2,10800,1.00186625194
300796,300801,303380,5,2579,2,18000,1.00193873594
300797,300807,303641,10,2834,2,18000,1.00352858151
300798,300812,303641,14,2829,2,18000,1.00494874514
300815,300821,303618,6,2797,2,18000,1.00214515552
300838,300847,303664,9,2817,2,18000,1.00319488818
300881,300887,303510,6,2623,2,18000,1.00228745711
300898,300904,303668,6,2764,2,18000,1.002170767
300933,300939,303766,6,2827,2,18000,1.00212239123
300934,300945,303704,11,2759,2,18000,1.00398695179
300953,300959,303756,6,2797,2,18000,1.00214515552
300972,300978,303667,6,2689,2,18000,1.00223131276
300974,300984,303642,10,2658,2,18000,1.00376222724
301014,301019,303736,5,2717,2,18000,1.001840265
301015,301025,303722,10,2697,2,18000,1.00370782351
301016,301030,303900,14,2870,2,18000,1.00487804878
301017,301035,303768,18,2733,2,18000,1.00658616905
301043,301055,303793,12,2738,2,18000,1.00438276114
301044,301061,303755,17,2694,2,18000,1.00631031923
301064,301070,303773,6,2703,2,18000,1.00221975583
301147,301156,303944,9,2788,2,18000,1.00322812052
301166,301172,304011,6,2839,2,18000,1.00211342022
301656,301662,303387,6,1725,2,10800,1.00347826087
301723,301730,661754,7,360024,10,360000,1.00001944315
302009,302016,303856,7,1840,2,10800,1.00380434783
302277,302283,302546,6,263,2,10800,1.02281368821
303043,303048,305724,5,2676,2,18000,1.00186846039
303211,303220,306024,9,2804,2,18000,1.00320970043
303324,303331,305965,7,2634,2,18000,1.00265755505
303343,303349,306093,6,2744,2,18000,1.00218658892
303360,303367,306056,7,2689,2,18000,1.00260319821
303383,303389,306167,6,2778,2,18000,1.00215982721
303384,303395,306223,11,2828,2,18000,1.00388967468
303400,303406,306253,6,2847,2,18000,1.00210748156
303457,303463,306322,6,2859,2,18000,1.00209863589
303458,303469,306089,11,2620,2,18000,1.00419847328
303479,303485,306253,6,2768,2,18000,1.00216763006
303480,303491,306248,11,2757,2,18000,1.00398984403
303481,303497,306384,16,2887,2,18000,1.00554208521
303483,303502,306288,19,2786,2,18000,1.00681981335
303491,303508,393800,17,90292,4,324000,1.00018827803
303513,303521,306427,8,2906,2,18000,1.00275292498
303563,303572,306257,9,2685,2,18000,1.00335195531
303589,303595,306247,6,2652,2,18000,1.00226244344
303613,303619,306362,6,2743,2,18000,1.00218738607
303614,303625,306291,11,2666,2,18000,1.00412603151
303633,303639,306443,6,2804,2,18000,1.00213980029
303634,303645,306478,11,2833,2,18000,1.00388280974
303655,303661,306410,6,2749,2,18000,1.00218261186
303656,303667,306276,11,2609,2,18000,1.00421617478
303657,303672,306381,15,2709,2,18000,1.00553709856
303677,303684,306471,7,2787,2,18000,1.00251166128
303679,303690,306464,11,2774,2,18000,1.00396539293
303680,303695,306456,15,2761,2,18000,1.0054328142
303682,303700,306396,18,2696,2,18000,1.00667655786
303705,303715,306477,10,2762,2,18000,1.00362056481
303722,303733,306398,11,2665,2,18000,1.00412757974
303743,303749,306286,6,2537,2,18000,1.00236499803
303764,303770,306544,6,2774,2,18000,1.0021629416
303765,303776,306490,11,2714,2,18000,1.00405305822
303785,303792,306594,7,2802,2,18000,1.00249821556
303787,303798,306609,11,2811,2,18000,1.00391319815
303788,303803,306392,15,2589,2,18000,1.00579374276
303807,303813,306451,6,2638,2,18000,1.00227445034
303904,303911,306761,7,2850,2,18000,1.00245614035
303948,303956,306772,8,2816,2,18000,1.00284090909
304013,304022,306576,9,2554,2,18000,1.0035238841
305726,305735,308509,9,2774,2,18000,1.0032444124
305966,305976,308778,10,2802,2,18000,1.00356887937
306035,306041,308683,6,2642,2,18000,1.00227100681
306059,306067,308758,8,2691,2,18000,1.00297287254
306097,306103,308854,6,2751,2,18000,1.00218102508
306098,306109,308961,11,2852,2,18000,1.0038569425
306178,306184,308989,6,2805,2,18000,1.00213903743
306224,306235,309017,11,2782,2,18000,1.00395398994
306252,306258,308962,6,2704,2,18000,1.00221893491
306254,306264,309091,10,2827,2,18000,1.00353731871
306275,306281,309139,6,2858,2,18000,1.00209937019
306276,306287,309125,11,2838,2,18000,1.00387596899
306277,306292,308939,15,2647,2,18000,1.0056667926
306296,306302,308988,6,2686,2,18000,1.00223380491
306297,306308,309091,11,2783,2,18000,1.00395256917
306299,306313,309080,14,2767,2,18000,1.00505963137
306300,306318,309034,18,2716,2,18000,1.00662739323
306324,306333,309279,9,2946,2,18000,1.00305498982
306375,306381,309263,6,2882,2,18000,1.00208188758
306395,306401,309261,6,2860,2,18000,1.0020979021
306397,306407,309357,10,2950,2,18000,1.00338983051
306398,306412,309201,14,2789,2,18000,1.00501972033
306426,306433,309169,7,2736,2,18000,1.00255847953
306428,306439,309158,11,2719,2,18000,1.004045605
306429,306444,309268,15,2824,2,18000,1.00531161473
306461,306467,309200,6,2733,2,18000,1.00219538968
306462,306473,309175,11,2702,2,18000,1.00407105848
306464,306478,309386,14,2908,2,18000,1.00481430536
306465,306483,309190,18,2707,2,18000,1.00664942741
306490,306496,309346,6,2850,2,18000,1.00210526316
306491,306502,309395,11,2893,2,18000,1.00380228137
306493,306507,309189,14,2682,2,18000,1.00521998509
306494,306512,309364,18,2852,2,18000,1.00631136045
306495,306517,309455,22,2938,2,18000,1.00748808713
306547,306555,309367,8,2812,2,18000,1.00284495021
306581,306587,309326,6,2739,2,18000,1.0021905805
306599,306605,309379,6,2774,2,18000,1.0021629416
306616,306623,309493,7,2870,2,18000,1.00243902439
306766,306772,309587,6,2815,2,18000,1.00213143872
306782,306788,309680,6,2892,2,18000,1.0020746888
308467,308473,323481,6,15008,2,108000,1.00039978678
308514,308520,311332,6,2812,2,18000,1.00213371266
308683,308694,311486,11,2792,2,18000,1.00393982808
308761,308769,311572,8,2803,2,18000,1.00285408491
308781,308789,311495,8,2706,2,18000,1.0029563932
308855,308866,311716,11,2850,2,18000,1.00385964912
308943,308950,311773,7,2823,2,18000,1.0024796316
308966,308972,311845,6,2873,2,18000,1.00208840933
308967,308978,311766,11,2788,2,18000,1.00394548063
308989,309002,311854,13,2852,2,18000,1.00455820477
308991,309007,311961,16,2954,2,18000,1.00541638456
309018,309028,311939,10,2911,2,18000,1.00343524562
309035,309045,311794,10,2749,2,18000,1.00363768643
309085,309091,311861,6,2770,2,18000,1.00216606498
309101,309107,311874,6,2767,2,18000,1.00216841344
309103,309113,311944,10,2831,2,18000,1.00353232073
309130,309136,311980,6,2844,2,18000,1.00210970464
309149,309155,311855,6,2700,2,18000,1.00222222222
309169,309175,311966,6,2791,2,18000,1.00214976711
309189,309195,311837,6,2642,2,18000,1.00227100681
309190,309201,311909,11,2708,2,18000,1.0040620384
309208,309214,312071,6,2857,2,18000,1.00210010501
309209,309220,312077,11,2857,2,18000,1.00385019251
309211,309225,312069,14,2844,2,18000,1.00492264416
309212,309230,312002,18,2772,2,18000,1.00649350649
309268,309274,311908,6,2634,2,18000,1.00227790433
309269,309280,312097,11,2817,2,18000,1.00390486333
309288,309294,312166,6,2872,2,18000,1.00208913649
309290,309300,312098,10,2798,2,18000,1.00357398142
309335,309342,312095,7,2753,2,18000,1.00254268071
309354,309360,312187,6,2827,2,18000,1.00212239123
309375,309381,312178,6,2797,2,18000,1.00214515552
309376,309387,312168,11,2781,2,18000,1.00395541172
309377,309392,312234,15,2842,2,18000,1.00527797326
309397,309403,312122,6,2719,2,18000,1.00220669364
309398,309409,312249,11,2840,2,18000,1.00387323944
309400,309414,312206,14,2792,2,18000,1.00501432665
309458,309466,312058,8,2592,2,18000,1.00308641975
309497,309504,312313,7,2809,2,18000,1.00249199003
309591,309598,312305,7,2707,2,18000,1.00258588844
309691,309698,312443,7,2745,2,18000,1.00255009107
310678,310684,319278,6,8594,2,21600,1.00069816151
310855,310861,328260,6,17399,24,21600,1.00034484741
311048,311054,311313,6,259,2,1800,1.02316602317
311334,311344,313936,10,2592,2,18000,1.00385802469
311487,311497,314343,10,2846,2,18000,1.00351370344
311503,311509,314121,6,2612,2,18000,1.00229709035
311575,311583,314380,8,2797,2,18000,1.00286020737
311719,311727,314519,8,2792,2,18000,1.00286532951
311773,311779,314602,6,2823,2,18000,1.00212539851
311790,311796,314638,6,2842,2,18000,1.0021111893
311806,311812,314519,6,2707,2,18000,1.0022164758
311847,311853,314646,6,2793,2,18000,1.00214822771
311848,311859,314723,11,2864,2,18000,1.00384078212
311866,311871,314675,5,2804,2,18000,1.0017831669
311867,311878,314566,11,2688,2,18000,1.0040922619
311868,311883,314564,15,2681,2,18000,1.00559492727
311885,311891,314641,6,2750,2,18000,1.00218181818
311919,311925,314688,6,2763,2,18000,1.00217155266
311920,311931,314834,11,2903,2,18000,1.0037891836
311948,311954,314825,6,2871,2,18000,1.00208986416
311949,311960,314612,11,2652,2,18000,1.00414781297
311971,311977,314939,6,2962,2,18000,1.00202565834
311973,311983,314799,10,2816,2,18000,1.00355113636
311990,311996,314830,6,2834,2,18000,1.00211714891
312007,312012,314839,5,2827,2,18000,1.00176865936
312065,312071,314830,6,2759,2,18000,1.00217470098
312092,312098,314940,6,2842,2,18000,1.0021111893
312093,312104,314693,11,2589,2,18000,1.00424874469
312094,312109,314921,15,2812,2,18000,1.00533428165
312115,312122,314820,7,2698,2,18000,1.00259451446
312117,312128,314862,11,2734,2,18000,1.00402340892
312118,312133,315058,15,2925,2,18000,1.00512820513
312139,312145,314827,6,2682,2,18000,1.00223713647
312177,312183,314957,6,2774,2,18000,1.0021629416
312179,312189,315025,10,2836,2,18000,1.00352609309
312208,312214,314945,6,2731,2,18000,1.00219699744
312209,312220,315117,11,2897,2,18000,1.00379703141
312210,312225,315088,15,2863,2,18000,1.00523925952
312242,312248,315032,6,2784,2,18000,1.00215517241
312259,312265,315066,6,2801,2,18000,1.00214209211
312311,312317,315096,6,2779,2,18000,1.00215905002
312328,312334,315119,6,2785,2,18000,1.00215439856
312450,312455,315225,5,2770,2,18000,1.00180505415
313062,313068,313384,6,316,2,21600,1.01898734177
313813,313819,493828,6,180009,1,180000,1.00003333167
313939,313947,316708,8,2761,2,18000,1.00289750091
313969,313975,365287,6,51312,1,180000,1.00011693171
314124,314132,316973,8,2841,2,18000,1.00281590989
314346,314354,317163,8,2809,2,18000,1.00284798861
314382,314391,317149,9,2758,2,18000,1.00326323423
314523,314531,317380,8,2849,2,18000,1.00280800281
314524,314536,317274,12,2738,2,18000,1.00438276114
314544,314550,315422,6,872,2,21600,1.00688073394
314569,314576,317418,7,2842,2,18000,1.00246305419
314570,314582,317391,12,2809,2,18000,1.00427198291
314605,314614,317468,9,2854,2,18000,1.00315346882
314621,314627,317392,6,2765,2,18000,1.00216998192
314642,314650,317426,8,2776,2,18000,1.00288184438
314643,314656,317428,13,2772,2,18000,1.00468975469
314659,314665,317402,6,2737,2,18000,1.00219218122
314679,314687,317476,8,2789,2,18000,1.00286841162
314696,314702,317394,6,2692,2,18000,1.00222882615
314697,314708,317504,11,2796,2,18000,1.0039341917
314727,314735,317568,8,2833,2,18000,1.00282386163
314800,314810,317442,10,2632,2,18000,1.0037993921
314828,314834,317706,6,2872,2,18000,1.00208913649
314829,314840,317754,11,2914,2,18000,1.00377487989
314831,314845,317577,14,2732,2,18000,1.00512445095
314852,314858,317577,6,2719,2,18000,1.00220669364
314853,314864,317681,11,2817,2,18000,1.00390486333
314854,314869,317630,15,2761,2,18000,1.0054328142
314856,314874,317724,18,2850,2,18000,1.00631578947
314872,314880,317695,8,2815,2,18000,1.00284191829
314907,314913,321300,6,6387,20,72000,1.00093940817
314926,314932,317803,6,2871,2,18000,1.00208986416
314942,314950,317774,8,2824,2,18000,1.00283286119
314943,314956,317767,13,2811,2,18000,1.00462468872
314959,314965,317662,6,2697,2,18000,1.0022246941
314960,314971,317581,11,2610,2,18000,1.00421455939
315031,315036,317759,5,2723,2,18000,1.00183621006
315049,315055,317809,6,2754,2,18000,1.00217864924
315068,315074,317816,6,2742,2,18000,1.00218818381
315070,315080,317804,10,2724,2,18000,1.00367107195
315093,315098,317894,5,2796,2,18000,1.00178826896
315110,315116,317955,6,2839,2,18000,1.00211342022
315130,315136,317827,6,2691,2,18000,1.0022296544
315132,315142,317979,10,2837,2,18000,1.00352485019
315231,315237,318096,6,2859,2,18000,1.00209863589
315440,315446,320343,6,4897,2,21600,1.00122523994
316117,316123,323569,6,7446,2,21600,1.00080580177
316466,316472,496496,6,180024,1,180000,1.00003332889
316699,316705,357551,6,40846,1,180000,1.00014689321
316711,316720,319392,9,2672,2,18000,1.00336826347
316823,316830,370006,7,53176,1,180000,1.00013163833
316975,316985,319600,10,2615,2,18000,1.00382409178
317150,317160,319600,10,2440,2,18000,1.00409836066
317166,317174,319600,8,2426,2,18000,1.00329760923
317277,317285,319600,8,2315,2,18000,1.00345572354
317385,317391,319601,6,2210,2,18000,1.00271493213
317404,317410,319601,6,2191,2,18000,1.00273847558
317405,317416,319600,11,2184,2,18000,1.00503663004
317406,317421,319601,15,2180,2,18000,1.00688073394
317407,317426,319600,19,2174,2,18000,1.00873965041
317424,317432,319601,8,2169,2,18000,1.00368833564
317440,317446,319601,6,2155,2,18000,1.00278422274
317441,317452,319601,11,2149,2,18000,1.00511865984
317457,317463,319601,6,2138,2,18000,1.00280636109
317473,317479,319601,6,2122,2,18000,1.00282752121
317489,317496,319601,7,2105,2,18000,1.00332541568
317506,317515,319601,9,2086,2,18000,1.00431447747
317571,317579,319601,8,2022,2,18000,1.00395647873
317589,317595,319601,6,2006,2,18000,1.00299102692
317590,317601,319600,11,1999,2,18000,1.00550275138
317591,317606,319601,15,1995,2,18000,1.00751879699
317633,317642,319601,9,1959,2,18000,1.0045941807
317665,317673,319601,8,1928,2,18000,1.00414937759
317687,317692,319601,5,1909,2,18000,1.00261917234
317702,317709,319601,7,1892,2,18000,1.00369978858
317718,317724,319601,6,1877,2,18000,1.0031965903
317733,317739,319601,6,1862,2,18000,1.00322234157
317756,317765,319601,9,1836,2,18000,1.00490196078
317772,317777,319601,5,1824,2,18000,1.00274122807
317773,317783,319601,10,1818,2,18000,1.00550055006
317789,317795,319601,6,1806,2,18000,1.00332225914
317806,317814,319606,8,1792,2,18000,1.00446428571
317808,317820,319601,12,1781,2,18000,1.00673778776
317826,317832,319601,6,1769,2,18000,1.00339174675
317827,317838,319601,11,1763,2,18000,1.00623936472
317843,317849,319601,6,1752,2,18000,1.00342465753
317898,317905,319601,7,1696,2,18000,1.00412735849
317959,317966,319601,7,1635,2,18000,1.00428134557
317982,317990,319601,8,1611,2,18000,1.00496585971
318071,318077,318085,6,8,8,3600,1.4
318071,318082,318089,11,7,8,3600,1.8
318072,318103,318110,31,7,8,3600,3.8
318072,318087,318096,15,9,8,3600,2.4
318072,318098,318104,26,6,8,3600,3.2
318072,318093,318099,21,6,8,3600,2.7
318073,318130,318136,57,6,8,3600,6.3
318073,318136,318141,63,5,8,3600,6.8
318073,318125,318129,52,4,8,3600,5.6
318073,318113,318119,40,6,8,3600,4.6
318073,318108,318115,35,7,8,3600,4.2
318074,318157,318162,83,5,8,3600,8.8
318074,318141,318145,67,4,8,3600,7.1
318074,318146,318151,72,5,8,3600,7.7
318074,318152,318158,78,6,8,3600,8.4
318075,318168,318173,93,5,8,3600,9.8
318075,318189,318195,114,6,8,3600,12.0
318075,318173,318178,98,5,8,3600,10.3
318075,318178,318183,103,5,8,3600,10.8
318075,318163,318167,88,4,8,3600,9.2
318075,318195,318199,120,4,8,3600,12.4
318075,318200,318205,125,5,8,3600,13.0
318076,318210,318214,134,4,8,3600,13.8
318076,318205,318209,129,4,8,3600,13.3
318076,318226,318230,150,4,8,3600,15.4
318076,318231,318236,155,5,8,3600,16.0
318076,318215,318220,139,5,8,3600,14.4
318076,318220,318225,144,5,8,3600,14.9
318077,318242,318247,165,5,8,3600,17.0
318077,318237,318241,160,4,8,3600,16.4
318098,318120,319601,22,1481,2,18000,1.01485482782
318683,318699,318703,16,4,8,3600,2.0
318683,318693,318699,10,6,8,3600,1.6
318683,318688,318693,5,5,8,3600,1.0
318683,318710,318715,27,5,8,3600,3.2
318683,318715,318720,32,5,8,3600,3.7
318683,318720,318726,37,6,8,3600,4.3
318683,318704,318709,21,5,8,3600,2.6
318684,318752,318759,68,7,8,3600,7.5
318684,318757,318762,73,5,8,3600,7.8
318684,318725,318731,41,6,8,3600,4.7
318684,318730,318736,46,6,8,3600,5.2
318684,318747,318752,63,5,8,3600,6.8
318684,318742,318750,58,8,8,3600,6.6
318684,318736,318743,52,7,8,3600,5.9
318685,318773,318779,88,6,8,3600,9.4
318685,318767,318772,82,5,8,3600,8.7
318685,318789,318796,104,7,8,3600,11.1
318685,318783,318792,98,9,8,3600,10.7
318685,318778,318783,93,5,8,3600,9.8
318685,318794,318798,109,4,8,3600,11.3
318685,318762,318767,77,5,8,3600,8.2
318686,318799,318807,113,8,8,3600,12.1
318686,318805,318809,119,4,8,3600,12.3
318686,318810,318814,124,4,8,3600,12.8
318686,318816,318820,130,4,8,3600,13.4
318686,318821,318826,135,5,8,3600,14.0
318686,318826,318836,140,10,8,3600,15.0
318686,318832,318837,146,5,8,3600,15.1
318687,318837,318842,150,5,8,3600,15.5
318687,318842,318847,155,5,8,3600,16.0
318696,318879,318884,183,5,8,3600,18.8
318696,318874,318879,178,5,8,3600,18.3
318696,318869,318873,173,4,8,3600,17.7
318696,318858,318863,162,5,8,3600,16.7
318696,318852,318858,156,6,8,3600,16.2
318696,318864,318869,168,5,8,3600,17.3
318696,318847,318855,151,8,8,3600,15.9
318697,318916,318923,219,7,8,3600,22.6
318697,318911,318916,214,5,8,3600,21.9
318697,318890,318896,193,6,8,3600,19.9
318697,318900,318906,203,6,8,3600,20.9
318697,318895,318901,198,6,8,3600,20.4
318697,318906,318911,209,5,8,3600,21.4
318697,318884,318888,187,4,8,3600,19.1
318698,318947,318952,249,5,8,3600,25.4
318698,318942,318946,244,4,8,3600,24.8
318698,318932,318936,234,4,8,3600,23.8
318698,318927,318931,229,4,8,3600,23.3
318698,318922,318928,224,6,8,3600,23.0
318698,318937,318942,239,5,8,3600,24.4
318699,318958,318963,259,5,8,3600,26.4
318699,318964,318970,265,6,8,3600,27.1
318699,318969,318973,270,4,8,3600,27.4
318699,318974,318979,275,5,8,3600,28.0
318699,318979,318984,280,5,8,3600,28.5
318699,318985,318991,286,6,8,3600,29.2
318699,318953,318958,254,5,8,3600,25.9
318700,318996,319001,296,5,8,3600,30.1
318700,319001,319006,301,5,8,3600,30.6
318700,318990,318996,290,6,8,3600,29.6
318708,319006,319012,298,6,8,3600,30.4
318708,319011,319016,303,5,8,3600,30.8
318708,319017,319023,309,6,8,3600,31.5
318709,319022,319028,313,6,8,3600,31.9
318709,319028,319034,319,6,8,3600,32.5
318709,319033,319039,324,6,8,3600,33.0
318709,319038,319044,329,6,8,3600,33.5
318709,319043,319048,334,5,8,3600,33.9
318709,319049,319055,340,6,8,3600,34.6
318710,319070,319075,360,5,8,3600,36.5
318710,319059,319065,349,6,8,3600,35.5
318710,319065,319070,355,5,8,3600,36.0
318710,319054,319060,344,6,8,3600,35.0
318711,319075,319081,364,6,8,3600,37.0
318711,319081,319089,370,8,8,3600,37.8
318711,319086,319093,375,7,8,3600,38.2
318711,319092,319098,381,6,8,3600,38.7
318711,319097,319103,386,6,8,3600,39.2
318712,319102,319108,390,6,8,3600,39.6
318712,319107,319114,395,7,8,3600,40.2
318712,319113,319118,401,5,8,3600,40.6
318713,319140,319146,427,6,8,3600,43.3
318713,319134,319140,421,6,8,3600,42.7
318713,319129,319134,416,5,8,3600,42.1
318713,319123,319129,410,6,8,3600,41.6
318713,319118,319123,405,5,8,3600,41.0
318714,319145,319151,431,6,8,3600,43.7
318714,319150,319157,436,7,8,3600,44.3
318714,319156,319162,442,6,8,3600,44.8
318714,319161,319166,447,5,8,3600,45.2
318722,319166,319175,444,9,8,3600,45.3
318722,319172,319181,450,9,8,3600,45.9
318722,319177,319186,455,9,8,3600,46.4
318722,319182,319191,460,9,8,3600,46.9
318723,319215,319223,492,8,8,3600,50.0
318723,319220,319229,497,9,8,3600,50.6
318723,319210,319218,487,8,8,3600,49.5
318723,319187,319196,464,9,8,3600,47.3
318723,319199,319209,476,10,8,3600,48.6
318723,319193,319202,470,9,8,3600,47.9
318723,319204,319214,481,10,8,3600,49.1
318724,319247,319257,523,10,8,3600,53.3
318724,319226,319235,502,9,8,3600,51.1
318724,319231,319241,507,10,8,3600,51.7
318724,319237,319245,513,8,8,3600,52.1
318724,319242,319250,518,8,8,3600,52.6
318724,319253,319262,529,9,8,3600,53.8
318724,319258,319268,534,10,8,3600,54.4
318725,319296,319307,571,11,8,3600,52.9090909091
318725,319291,319300,566,9,8,3600,57.5
318725,319280,319290,555,10,8,3600,56.5
318725,319285,319304,560,19,8,3600,30.4736842105
318725,319269,319278,544,9,8,3600,55.3
318725,319263,319273,538,10,8,3600,54.8
318725,319274,319287,549,13,8,3600,43.2307692308
318726,319301,319311,575,10,8,3600,58.5
318726,319307,319320,581,13,8,3600,45.6923076923
318726,319312,319323,586,11,8,3600,54.2727272727
318726,319318,319327,592,9,8,3600,60.1
318726,319323,319333,597,10,8,3600,60.7
318746,319334,319340,588,6,8,3600,59.4
318746,319328,319340,582,12,8,3600,49.5
318747,319366,319376,619,10,8,3600,62.9
318747,319360,319371,613,11,8,3600,56.7272727273
318747,319339,319345,592,6,8,3600,59.8
318747,319345,319352,598,7,8,3600,60.5
318747,319350,319357,603,7,8,3600,61.0
318747,319355,319362,608,7,8,3600,61.5
318748,319371,319377,623,6,8,3600,62.9
318748,319382,319388,634,6,8,3600,64.0
318748,319387,319392,639,5,8,3600,64.4
318748,319392,319398,644,6,8,3600,65.0
318748,319398,319405,650,7,8,3600,65.7
318748,319403,319410,655,7,8,3600,66.2
318748,319376,319382,628,6,8,3600,63.4
318749,319409,319415,660,6,8,3600,66.6
318749,319414,319421,665,7,8,3600,67.2
318749,319419,319424,670,5,8,3600,67.5
318749,319424,319430,675,6,8,3600,68.1
318749,319435,319441,686,6,8,3600,69.2
318749,319441,319447,692,6,8,3600,69.8
318749,319446,319451,697,5,8,3600,70.2
318750,319473,319478,723,5,8,3600,72.8
318750,319467,319476,717,9,8,3600,72.6
318750,319478,319484,728,6,8,3600,73.4
318750,319456,319462,706,6,8,3600,71.2
318750,319451,319457,701,6,8,3600,70.7
318750,319461,319467,711,6,8,3600,71.7
318751,319483,319488,732,5,8,3600,73.7
318751,319488,319494,737,6,8,3600,74.3
318758,319493,319499,735,6,8,3600,74.1
318758,319499,319504,741,5,8,3600,74.6
318758,319504,319510,746,6,8,3600,75.2
318758,319509,319514,751,5,8,3600,75.6
318758,319514,319520,756,6,8,3600,76.2
318759,319552,319558,793,6,8,3600,79.9
318759,319547,319552,788,5,8,3600,79.3
318759,319542,319547,783,5,8,3600,78.8
318759,319520,319525,761,5,8,3600,76.6
318759,319530,319536,771,6,8,3600,77.7
318759,319525,319531,766,6,8,3600,77.2
318759,319537,319543,778,6,8,3600,78.4
318760,319585,319590,825,5,8,3600,83.0
318760,319590,319597,830,7,8,3600,83.7
318760,319579,319586,819,7,8,3600,82.6
318760,319567,319574,807,7,8,3600,81.4
318760,319574,319580,814,6,8,3600,82.0
318760,319562,319570,802,8,8,3600,81.0
318760,319557,319563,797,6,8,3600,80.3
318761,319595,319601,834,6,8,3600,84.0
318761,319600,319606,839,6,8,3600,84.5
318761,319605,319610,844,5,8,3600,84.9
318761,319613,319620,852,7,8,3600,85.9
318761,319618,319624,857,6,8,3600,86.3
318761,319623,319630,862,7,8,3600,86.9
318761,319629,319635,868,6,8,3600,87.4
318762,319634,319640,872,6,8,3600,87.8
318762,319639,319645,877,6,8,3600,88.3
318762,319648,319656,886,8,8,3600,89.4
318762,319653,319659,891,6,8,3600,89.7
318770,319658,319664,888,6,8,3600,89.4
318770,319673,319679,903,6,8,3600,90.9
318770,319663,319669,893,6,8,3600,89.9
318770,319684,319691,914,7,8,3600,92.1
318770,319679,319685,909,6,8,3600,91.5
318770,319668,319675,898,7,8,3600,90.5
318771,319689,319695,918,6,8,3600,92.4
318771,319695,319701,924,6,8,3600,93.0
318771,319700,319705,929,5,8,3600,93.4
318771,319705,319711,934,6,8,3600,94.0
318771,319711,319717,940,6,8,3600,94.6
318771,319716,319723,945,7,8,3600,95.2
318772,319722,319728,950,6,8,3600,95.6
318772,319727,319734,955,7,8,3600,96.2
318772,319758,319766,986,8,8,3600,99.4
318772,319737,319743,965,6,8,3600,97.1
318772,319732,319745,960,13,8,3600,74.8461538462
318772,319748,319754,976,6,8,3600,98.2
318772,319753,319758,981,5,8,3600,98.6
318773,319763,319770,990,7,8,3600,99.7
318773,319774,319781,1001,7,8,3600,100.8
318773,319908,319916,1135,8,8,3600,114.3
318773,319768,319776,995,8,8,3600,100.3
318774,319913,319921,1139,8,8,3600,114.7
318774,319919,319925,1145,6,8,3600,115.1
318774,319924,319931,1150,7,8,3600,115.7
318774,319929,319935,1155,6,8,3600,116.1
318774,319934,319941,1160,7,8,3600,116.7
318775,319939,319947,1164,8,8,3600,117.2
318775,320049,320056,1274,7,8,3600,128.1
318782,320054,320062,1272,8,8,3600,128.0
318782,320060,320066,1278,6,8,3600,128.4
318783,320065,320072,1282,7,8,3600,128.9
318783,320070,320077,1287,7,8,3600,129.4
318783,320182,320201,1399,19,8,3600,74.6315789474
318783,320188,320204,1405,16,8,3600,88.8125
318783,320177,320184,1394,7,8,3600,140.1
318784,320225,320233,1441,8,8,3600,144.9
318784,320219,320233,1435,14,8,3600,103.5
318784,320214,320221,1430,7,8,3600,143.7
318784,320209,320216,1425,7,8,3600,143.2
318784,320203,320211,1419,8,8,3600,142.7
318784,320198,320207,1414,9,8,3600,142.3
318784,320193,320206,1409,13,8,3600,109.384615385
318785,320236,320245,1451,9,8,3600,146.0
318785,320231,320238,1446,7,8,3600,145.3
318785,320242,320250,1457,8,8,3600,146.5
318785,320027,320035,1242,8,8,3600,125.0
318785,320022,320029,1237,7,8,3600,124.4
318785,320017,320024,1232,7,8,3600,123.9
318786,320032,320040,1246,8,8,3600,125.4
318786,320037,320045,1251,8,8,3600,125.9
318786,320042,320050,1256,8,8,3600,126.4
318786,320075,320082,1289,7,8,3600,129.6
318786,320081,320089,1295,8,8,3600,130.3
318786,320086,320094,1300,8,8,3600,130.8
318787,320102,320110,1315,8,8,3600,132.3
318787,320097,320104,1310,7,8,3600,131.7
318787,320092,320099,1305,7,8,3600,131.2
318787,320107,320114,1320,7,8,3600,132.7
318806,320113,320123,1307,10,8,3600,131.7
318806,320118,320129,1312,11,8,3600,120.272727273
318806,320124,320134,1318,10,8,3600,132.8
318806,320129,320140,1323,11,8,3600,121.272727273
318806,320134,320143,1328,9,8,3600,133.7
318806,320139,320150,1333,11,8,3600,122.181818182
318807,320161,320171,1354,10,8,3600,136.4
318807,320247,320258,1440,11,8,3600,131.909090909
318807,320171,320196,1364,25,8,3600,55.56
318807,320166,320177,1359,11,8,3600,124.545454545
318807,320156,320166,1349,10,8,3600,135.9
318807,320151,320161,1344,10,8,3600,135.4
318807,320145,320159,1338,14,8,3600,96.5714285714
318808,320263,320276,1455,13,8,3600,112.923076923
318808,320268,320280,1460,12,8,3600,122.666666667
318808,320252,320262,1444,10,8,3600,145.4
318808,320284,320294,1476,10,8,3600,148.6
318808,320279,320290,1471,11,8,3600,134.727272727
318808,320257,320267,1449,10,8,3600,145.9
318808,320274,320283,1466,9,8,3600,147.5
318809,320289,320299,1480,10,8,3600,149.0
318809,320295,320305,1486,10,8,3600,149.6
318809,320300,320311,1491,11,8,3600,136.545454545
318809,320306,320316,1497,10,8,3600,150.7
318809,320311,320320,1502,9,8,3600,151.1
318809,320316,320325,1507,9,8,3600,151.6
318810,320321,320331,1511,10,8,3600,152.1
318810,320327,320338,1517,11,8,3600,138.909090909
318810,320337,320347,1527,10,8,3600,153.7
318810,320332,320344,1522,12,8,3600,127.833333333
318825,320348,320356,1523,8,8,3600,153.1
318825,320343,320353,1518,10,8,3600,152.8
318825,320353,320363,1528,10,8,3600,153.8
318825,320359,320369,1534,10,8,3600,154.4
318826,320369,320380,1543,11,8,3600,141.272727273
318826,320375,320389,1549,14,8,3600,111.642857143
318826,320380,320390,1554,10,8,3600,156.4
318826,320385,320395,1559,10,8,3600,156.9
318826,320406,320417,1580,11,8,3600,144.636363636
318826,320364,320373,1538,9,8,3600,154.7
318826,320401,320410,1575,9,8,3600,158.4
318827,320412,320421,1585,9,8,3600,159.4
318827,320422,320433,1595,11,8,3600,146.0
318827,320427,320437,1600,10,8,3600,161.0
318827,320432,320442,1605,10,8,3600,161.5
318827,320437,320446,1610,9,8,3600,161.9
318827,320443,320453,1616,10,8,3600,162.6
318827,320417,320427,1590,10,8,3600,160.0
318828,320475,320485,1647,10,8,3600,165.7
318828,320469,320479,1641,10,8,3600,165.1
318828,320464,320473,1636,9,8,3600,164.5
318828,320459,320468,1631,9,8,3600,164.0
318828,320454,320463,1626,9,8,3600,163.5
318828,320448,320458,1620,10,8,3600,163.0
318828,320481,320489,1653,8,8,3600,166.1
318829,320502,320510,1673,8,8,3600,168.1
318829,320491,320500,1662,9,8,3600,167.1
318829,320496,320505,1667,9,8,3600,167.6
318829,320509,320517,1680,8,8,3600,168.8
318829,320486,320496,1657,10,8,3600,166.7
318854,320529,320538,1675,9,8,3600,168.4
318854,320514,320523,1660,9,8,3600,166.9
318854,320534,320543,1680,9,8,3600,168.9
318854,320540,320550,1686,10,8,3600,169.6
318854,320524,320533,1670,9,8,3600,167.9
318854,320519,320527,1665,8,8,3600,167.3
318855,320546,320554,1691,8,8,3600,169.9
318855,320556,320565,1701,9,8,3600,171.0
318855,320561,320570,1706,9,8,3600,171.5
318855,320566,320575,1711,9,8,3600,172.0
318855,320572,320581,1717,9,8,3600,172.6
318855,320578,320587,1723,9,8,3600,173.2
318855,320583,320592,1728,9,8,3600,173.7
318855,320551,320559,1696,8,8,3600,170.4
318856,320620,320628,1764,8,8,3600,177.2
318856,320615,320624,1759,9,8,3600,176.8
318856,320609,320618,1753,9,8,3600,176.2
318856,320604,320613,1748,9,8,3600,175.7
318856,320598,320607,1742,9,8,3600,175.1
318856,320593,320602,1737,9,8,3600,174.6
318856,320588,320597,1732,9,8,3600,174.1
318857,320647,320656,1790,9,8,3600,179.9
318857,320641,320651,1784,10,8,3600,179.4
318857,320636,320645,1779,9,8,3600,178.8
318857,320630,320639,1773,9,8,3600,178.2
318857,320625,320635,1768,10,8,3600,177.8
318857,320652,320662,1795,10,8,3600,180.5
318858,320657,320666,1799,9,8,3600,180.8
318858,320662,320671,1804,9,8,3600,181.3
318858,320668,320677,1810,9,8,3600,181.9
318865,320678,320687,1813,9,8,3600,182.2
318865,320673,320682,1808,9,8,3600,181.7
318866,320716,320725,1850,9,8,3600,185.9
318866,320711,320720,1845,9,8,3600,185.4
318866,320706,320715,1840,9,8,3600,184.9
318866,320700,320708,1834,8,8,3600,184.2
318866,320694,320703,1828,9,8,3600,183.7
318866,320689,320698,1823,9,8,3600,183.2
318866,320684,320693,1818,9,8,3600,182.7
318867,320732,320741,1865,9,8,3600,187.4
318867,320737,320746,1870,9,8,3600,187.9
318867,320721,320730,1854,9,8,3600,186.3
318867,320726,320734,1859,8,8,3600,186.7
318867,320748,320757,1881,9,8,3600,189.0
318867,320743,320751,1876,8,8,3600,188.4
318867,320753,320761,1886,8,8,3600,189.4
318868,320764,320773,1896,9,8,3600,190.5
318868,320769,320779,1901,10,8,3600,191.1
318868,320775,320783,1907,8,8,3600,191.5
318868,320780,320788,1912,8,8,3600,192.0
318868,320785,320794,1917,9,8,3600,192.6
318868,320790,320799,1922,9,8,3600,193.1
318868,320758,320767,1890,9,8,3600,189.9
318869,320801,320811,1932,10,8,3600,194.2
318869,320807,320815,1938,8,8,3600,194.6
318869,320812,320820,1943,8,8,3600,195.1
318869,320817,320826,1948,9,8,3600,195.7
318869,320822,320831,1953,9,8,3600,196.2
318869,320828,320836,1959,8,8,3600,196.7
318869,320796,320805,1927,9,8,3600,193.6
318877,320833,320842,1956,9,8,3600,196.5
318877,320849,320859,1972,10,8,3600,198.2
318877,320844,320853,1967,9,8,3600,197.6
318877,320839,320848,1962,9,8,3600,197.1
318878,320871,320881,1993,10,8,3600,200.3
318878,320876,320886,1998,10,8,3600,200.8
318878,320860,320870,1982,10,8,3600,199.2
318878,320881,320891,2003,10,8,3600,201.3
318878,320886,320896,2008,10,8,3600,201.8
318878,320865,320875,1987,10,8,3600,199.7
318878,320854,320864,1976,10,8,3600,198.6
318879,320892,320903,2013,11,8,3600,184.0
318879,320898,320908,2019,10,8,3600,202.9
318879,320908,320918,2029,10,8,3600,203.9
318879,320913,320924,2034,11,8,3600,185.909090909
318879,320918,320927,2039,9,8,3600,204.8
318879,320924,320935,2045,11,8,3600,186.909090909
318879,320903,320913,2024,10,8,3600,203.4
318880,320956,320965,2076,9,8,3600,208.5
318880,320950,320960,2070,10,8,3600,208.0
318880,320945,320954,2065,9,8,3600,207.4
318880,320930,320939,2050,9,8,3600,205.9
318880,320935,320944,2055,9,8,3600,206.4
318880,320940,320950,2060,10,8,3600,207.0
318881,320961,320972,2080,11,8,3600,190.090909091
318881,320966,320976,2085,10,8,3600,209.5
318881,320988,320998,2107,10,8,3600,211.7
318881,320982,320991,2101,9,8,3600,211.0
318881,320977,320987,2096,10,8,3600,210.6
318881,320972,320982,2091,10,8,3600,210.1
318889,321014,321028,2125,14,8,3600,152.785714286
318889,321020,321036,2131,16,8,3600,134.1875
318889,320999,321013,2110,14,8,3600,151.714285714
318889,321004,321016,2115,12,8,3600,177.25
318889,320993,321008,2104,15,8,3600,141.266666667
318889,321009,321021,2120,12,8,3600,177.666666667
318890,321025,321039,2135,14,8,3600,153.5
318890,321030,321044,2140,14,8,3600,153.857142857
318890,321036,321049,2146,13,8,3600,166.076923077
318890,321041,321054,2151,13,8,3600,166.461538462
318890,321047,321062,2157,15,8,3600,144.8
318890,321052,321067,2162,15,8,3600,145.133333333
318891,321074,321089,2183,15,8,3600,146.533333333
318891,321058,321072,2167,14,8,3600,155.785714286
318891,321063,321077,2172,14,8,3600,156.142857143
318891,321068,321081,2177,13,8,3600,168.461538462
318891,321085,321107,2194,22,8,3600,100.727272727
318891,321090,321112,2199,22,8,3600,100.954545455
318891,321080,321100,2189,20,8,3600,110.45
318892,321128,321142,2236,14,8,3600,160.714285714
318892,321122,321135,2230,13,8,3600,172.538461538
318892,321095,321107,2203,12,8,3600,184.583333333
318892,321112,321124,2220,12,8,3600,186.0
318892,321106,321119,2214,13,8,3600,171.307692308
318892,321101,321115,2209,14,8,3600,158.785714286
318892,321117,321130,2225,13,8,3600,172.153846154
318893,321133,321147,2240,14,8,3600,161.0
318893,321139,321151,2246,12,8,3600,188.166666667
318893,321149,321163,2256,14,8,3600,162.142857143
318893,321144,321158,2251,14,8,3600,161.785714286
318905,321155,321177,2250,22,8,3600,103.272727273
318906,321160,321176,2254,16,8,3600,141.875
318906,321165,321183,2259,18,8,3600,126.5
318906,321171,321185,2265,14,8,3600,162.785714286
318906,321176,321196,2270,20,8,3600,114.5
318906,321182,321198,2276,16,8,3600,143.25
318906,321187,321203,2281,16,8,3600,143.5625
318906,321193,321210,2287,17,8,3600,135.529411765
318907,321214,321235,2307,21,8,3600,110.857142857
318907,321209,321226,2302,17,8,3600,136.411764706
318907,321220,321235,2313,15,8,3600,155.2
318907,321226,321242,2319,16,8,3600,145.9375
318907,321204,321220,2297,16,8,3600,144.5625
318907,321198,321214,2291,16,8,3600,144.1875
318908,321253,321269,2345,16,8,3600,147.5625
318908,321247,321263,2339,16,8,3600,147.1875
318908,321242,321258,2334,16,8,3600,146.875
318908,321237,321252,2329,15,8,3600,156.266666667
318908,321231,321249,2323,18,8,3600,130.055555556
318908,321258,321273,2350,15,8,3600,157.666666667
318909,321280,321296,2371,16,8,3600,149.1875
318909,321274,321290,2365,16,8,3600,148.8125
318909,321269,321287,2360,18,8,3600,132.111111111
318909,321264,321278,2355,14,8,3600,169.214285714
318909,321290,321306,2381,16,8,3600,149.8125
318909,321285,321301,2376,16,8,3600,149.5
318910,321295,321311,2385,16,8,3600,150.0625
318910,321300,321316,2390,16,8,3600,150.375
318910,321311,321327,2401,16,8,3600,151.0625
318910,321306,321322,2396,16,8,3600,150.75
318919,321316,321331,2397,15,8,3600,160.8
318919,321322,321336,2403,14,8,3600,172.642857143
318919,321328,321346,2409,18,8,3600,134.833333333
318920,321333,321356,2413,23,8,3600,105.913043478
318920,321344,321359,2424,15,8,3600,162.6
318920,321338,321361,2418,23,8,3600,106.130434783
318920,321349,321366,2429,17,8,3600,143.882352941
318920,321354,321369,2434,15,8,3600,163.266666667
318920,321359,321373,2439,14,8,3600,175.214285714
318920,321387,321402,2467,15,8,3600,165.466666667
318921,321397,321412,2476,15,8,3600,166.066666667
318921,321417,321437,2496,20,8,3600,125.8
318921,321412,321429,2491,17,8,3600,147.529411765
318921,321407,321427,2486,20,8,3600,125.3
318921,321402,321417,2481,15,8,3600,166.4
318921,321392,321407,2471,15,8,3600,165.733333333
318922,321433,321452,2511,19,8,3600,133.157894737
318922,321422,321455,2500,33,8,3600,76.7575757576
318922,321444,321459,2522,15,8,3600,169.133333333
318922,321449,321464,2527,15,8,3600,169.466666667
318922,321428,321448,2506,20,8,3600,126.3
318922,321438,321454,2516,16,8,3600,158.25
318923,321454,321469,2531,15,8,3600,169.733333333
318923,321460,321475,2537,15,8,3600,170.133333333
318923,321465,321478,2542,13,8,3600,196.538461538
318923,321470,321484,2547,14,8,3600,182.928571429
318923,321476,321491,2553,15,8,3600,171.2
318923,321482,321496,2559,14,8,3600,183.785714286
318924,321492,321507,2568,15,8,3600,172.2
318924,321487,321502,2563,15,8,3600,171.866666667
318932,321497,321512,2565,15,8,3600,172.0
318933,321502,321516,2569,14,8,3600,184.5
318933,321507,321522,2574,15,8,3600,172.6
318933,321513,321527,2580,14,8,3600,185.285714286
318933,321518,321532,2585,14,8,3600,185.642857143
318933,321529,321542,2596,13,8,3600,200.692307692
318933,321523,321541,2590,18,8,3600,144.888888889
318934,321544,321558,2610,14,8,3600,187.428571429
318934,321566,321580,2632,14,8,3600,189.0
318934,321560,321575,2626,15,8,3600,176.066666667
318934,321555,321570,2621,15,8,3600,175.733333333
318934,321550,321565,2616,15,8,3600,175.4
318934,321539,321552,2605,13,8,3600,201.384615385
318934,321534,321550,2600,16,8,3600,163.5
318935,321593,321607,2658,14,8,3600,190.857142857
318935,321571,321585,2636,14,8,3600,189.285714286
318935,321582,321599,2647,17,8,3600,156.705882353
318935,321598,321612,2663,14,8,3600,191.214285714
318935,321587,321601,2652,14,8,3600,190.428571429
318935,321576,321591,2641,15,8,3600,177.066666667
318936,321603,321618,2667,15,8,3600,178.8
318936,321635,321650,2699,15,8,3600,180.933333333
318936,321619,321633,2683,14,8,3600,192.642857143
318936,321625,321639,2689,14,8,3600,193.071428571
318936,321630,321644,2694,14,8,3600,193.428571429
318936,321613,321627,2677,14,8,3600,192.214285714
318936,321608,321622,2672,14,8,3600,191.857142857
318937,321640,321655,2703,15,8,3600,181.2
318937,321645,321659,2708,14,8,3600,194.428571429
318937,321650,321665,2713,15,8,3600,181.866666667
318944,321657,321672,2713,15,8,3600,181.866666667
318944,321662,321677,2718,15,8,3600,182.2
318944,321667,321682,2723,15,8,3600,182.533333333
318944,321672,321688,2728,16,8,3600,171.5
318944,321677,321692,2733,15,8,3600,183.2
318944,321682,321698,2738,16,8,3600,172.125
318944,321687,321703,2743,16,8,3600,172.4375
318945,321704,321719,2759,15,8,3600,184.933333333
318945,321693,321709,2748,16,8,3600,172.75
318945,321698,321714,2753,16,8,3600,173.0625
318945,321714,321729,2769,15,8,3600,185.6
318945,321709,321725,2764,16,8,3600,173.75
318945,321719,321734,2774,15,8,3600,185.933333333
318945,321724,321739,2779,15,8,3600,186.266666667
318946,321730,321744,2784,14,8,3600,199.857142857
318946,321736,321751,2790,15,8,3600,187.0
318946,321741,321756,2795,15,8,3600,187.333333333
318946,321746,321762,2800,16,8,3600,176.0
318946,321751,321767,2805,16,8,3600,176.3125
318946,321756,321772,2810,16,8,3600,176.625
318947,321793,321810,2846,17,8,3600,168.411764706
318947,321767,321782,2820,15,8,3600,189.0
318947,321772,321787,2825,15,8,3600,189.333333333
318947,321777,321793,2830,16,8,3600,177.875
318947,321788,321802,2841,14,8,3600,203.928571429
318947,321783,321799,2836,16,8,3600,178.25
318947,321761,321778,2814,17,8,3600,166.529411765
318948,321798,321814,2850,16,8,3600,179.125
318948,321809,321826,2861,17,8,3600,169.294117647
318948,321804,321819,2856,15,8,3600,191.4
318955,321815,321835,2860,20,8,3600,144.0
318955,321820,321839,2865,19,8,3600,151.789473684
318956,321825,321844,2869,19,8,3600,152.0
318956,321830,321848,2874,18,8,3600,160.666666667
318956,321835,321855,2879,20,8,3600,144.95
318956,321841,321862,2885,21,8,3600,138.380952381
318956,321857,321882,2901,25,8,3600,117.04
318956,321852,321909,2896,57,8,3600,51.8070175439
318956,321847,321867,2891,20,8,3600,145.55
318957,321862,321884,2905,22,8,3600,133.045454545
318957,321873,321897,2916,24,8,3600,122.5
318957,321878,321905,2921,27,8,3600,109.185185185
318957,321889,321912,2932,23,8,3600,128.47826087
318957,321884,321908,2927,24,8,3600,122.958333333
318957,321867,321896,2910,29,8,3600,101.344827586
318958,321910,321934,2952,24,8,3600,124.0
318958,321899,321928,2941,29,8,3600,102.413793103
318958,321915,321936,2957,21,8,3600,141.80952381
318958,321921,321941,2963,20,8,3600,149.15
318958,321926,321947,2968,21,8,3600,142.333333333
318958,321905,321926,2947,21,8,3600,141.333333333
318958,321894,321923,2936,29,8,3600,102.24137931
318959,321948,321968,2989,20,8,3600,150.45
318959,321958,321979,2999,21,8,3600,143.80952381
318959,321937,321957,2978,20,8,3600,149.9
318959,321932,321952,2973,20,8,3600,149.65
318959,321964,321989,3005,25,8,3600,121.2
318959,321953,321973,2994,20,8,3600,150.7
318959,321942,321962,2983,20,8,3600,150.15
318960,321969,321989,3009,20,8,3600,151.45
319394,319430,319601,36,171,2,18000,1.21052631579
319737,319743,323194,6,3451,2,18000,1.00173862649
319738,319780,323155,42,3375,2,18000,1.01244444444
319739,319785,323229,46,3444,2,18000,1.01335656214
319741,319791,323280,50,3489,2,18000,1.0143307538
319742,319796,323160,54,3364,2,18000,1.01605231867
319743,319801,323245,58,3444,2,18000,1.01684088269
319745,319806,323136,61,3330,2,18000,1.01831831832
319747,319811,323162,64,3351,2,18000,1.01909877648
319748,319816,323241,68,3425,2,18000,1.0198540146
319750,319821,323299,71,3478,2,18000,1.02041403105
319751,319826,323279,75,3453,2,18000,1.02172024327
319752,319831,323112,79,3281,2,18000,1.02407802499
319753,319837,323162,84,3325,2,18000,1.02526315789
319755,319842,323115,87,3273,2,18000,1.02658111824
319756,319847,323182,91,3335,2,18000,1.02728635682
319757,319852,323161,95,3309,2,18000,1.02870957993
319758,319857,323164,99,3307,2,18000,1.02993649834
319760,319862,323120,102,3258,2,18000,1.03130755064
319761,319867,323252,106,3385,2,18000,1.03131462334
319762,319873,323309,111,3436,2,18000,1.03230500582
319764,319878,323351,114,3473,2,18000,1.03282464728
319765,319883,323222,118,3339,2,18000,1.03533992213
319766,319888,323173,122,3285,2,18000,1.03713850837
319767,319893,323229,126,3336,2,18000,1.03776978417
319768,319898,323289,130,3391,2,18000,1.03833677381
319770,319903,323186,133,3283,2,18000,1.04051172708
319771,319945,323251,174,3306,2,18000,1.05263157895
319772,319950,323400,178,3450,2,18000,1.0515942029
319774,319955,323304,181,3349,2,18000,1.05404598388
319775,319961,323358,186,3397,2,18000,1.05475419488
319776,319966,323226,190,3260,2,18000,1.05828220859
319777,319971,323281,194,3310,2,18000,1.0586102719
319779,319976,323326,197,3350,2,18000,1.05880597015
319781,319981,323449,200,3468,2,18000,1.05767012687
319783,319986,323361,203,3375,2,18000,1.06014814815
319784,319991,323455,207,3464,2,18000,1.05975750577
319785,319996,323230,211,3234,2,18000,1.06524427953
319786,320002,323479,216,3477,2,18000,1.06212251941
319788,320007,323407,219,3400,2,18000,1.06441176471
319789,320012,323329,223,3317,2,18000,1.06722942418
320344,320390,329075,46,8685,1,180000,1.0052964882
320345,320395,369078,50,48683,1,180000,1.00102705256
320345,321364,355990,1019,34626,1,180000,1.02942875296
320345,321380,324771,1035,3391,1,180000,1.3052196992
320345,321375,324694,1030,3319,1,180000,1.31033443808
320345,321369,372097,1024,50728,1,180000,1.02018609052
320346,322085,388251,1739,66166,1,180000,1.02628238068
320346,322090,427612,1744,105522,1,180000,1.01652735922
320346,321974,334700,1628,12726,1,180000,1.12792707842
320346,321984,501988,1638,180004,1,180000,1.00909979778
320346,321990,412569,1644,90579,1,180000,1.0181499023
320346,321979,501986,1633,180007,1,180000,1.00907186943
320347,322101,331019,1754,8918,1,180000,1.19668087015
320347,322106,333292,1759,11186,1,180000,1.1572501341
320347,322116,335692,1769,13576,1,180000,1.13030347672
320347,322121,481055,1774,158934,1,180000,1.01116186593
320347,322095,324236,1748,2141,1,180000,1.81644091546
320347,322111,333084,1764,10973,1,180000,1.16075822473
320348,322137,337500,1789,15363,1,180000,1.1164486103
320348,322208,349470,1860,27262,1,180000,1.06822683589
320348,322132,390512,1784,68380,1,180000,1.02608949985
320348,322142,353749,1794,31607,1,180000,1.05675957857
320348,322127,323039,1779,912,1,180000,2.95065789474
320349,322000,337512,1651,15512,1,180000,1.10643372873
320349,321995,351557,1646,29562,1,180000,1.05567958866
320349,322005,340285,1656,18280,1,180000,1.09059080963
320349,322010,340927,1661,18917,1,180000,1.08780462018
320349,322213,347276,1864,25063,1,180000,1.0743725811
320349,322219,326784,1870,4565,1,180000,1.40963855422
320350,322033,339216,1683,17183,1,180000,1.09794564395
320350,322028,374846,1678,52818,1,180000,1.03176947253
320350,322023,354351,1673,32328,1,180000,1.05175080426
320350,322018,333585,1668,11567,1,180000,1.14420333708
320350,322038,350374,1688,28336,1,180000,1.05957086392
320350,322043,333170,1693,11127,1,180000,1.15215242204
320351,322069,330457,1718,8388,1,180000,1.20481640439
320351,322049,371096,1698,49047,1,180000,1.03461985443
320351,322064,325509,1713,3445,1,180000,1.49724238026
320351,322059,325388,1708,3329,1,180000,1.51306698708
320351,322054,324325,1703,2271,1,180000,1.74988991634
320352,322080,332745,1728,10665,1,180000,1.16202531646
320352,322074,333822,1722,11748,1,180000,1.14657814096
322497,322503,322533,6,30,8,3600,1.2
322497,322508,322538,11,30,8,3600,1.36666666667
322497,322513,322543,16,30,8,3600,1.53333333333
322497,322519,322549,22,30,8,3600,1.73333333333
322498,322567,322598,69,31,8,3600,3.22580645161
322498,322573,322604,75,31,8,3600,3.41935483871
322498,322562,322592,64,30,8,3600,3.13333333333
322498,322557,322586,59,29,8,3600,3.03448275862
322498,322524,322554,26,30,8,3600,1.86666666667
322498,322529,322558,31,29,8,3600,2.06896551724
322499,322610,322641,111,31,8,3600,4.58064516129
322499,322578,322609,79,31,8,3600,3.54838709677
322499,322583,322613,84,30,8,3600,3.8
322499,322598,322628,99,30,8,3600,4.3
322499,322604,322635,105,31,8,3600,4.38709677419
322499,322616,322651,117,35,8,3600,4.34285714286
322499,322623,322671,124,48,8,3600,3.58333333333
322500,322662,322699,162,37,8,3600,5.37837837838
322500,322654,322690,154,36,8,3600,5.27777777778
322500,322648,322687,148,39,8,3600,4.79487179487
322500,322639,322675,139,36,8,3600,4.86111111111
322500,322683,322713,183,30,8,3600,7.1
322500,322535,324056,35,1521,1,180000,1.02301117686
322500,322671,322699,171,28,8,3600,7.10714285714
322500,322629,322659,129,30,8,3600,5.3
322501,322705,322735,204,30,8,3600,7.8
322501,322711,322742,210,31,8,3600,7.77419354839
322501,322699,322738,198,39,8,3600,6.07692307692
322501,322716,322746,215,30,8,3600,8.16666666667
322501,322724,322754,223,30,8,3600,8.43333333333
322501,322689,322722,188,33,8,3600,6.69696969697
322509,322733,322758,224,25,8,3600,9.96
322509,322752,322778,243,26,8,3600,10.3461538462
322509,322746,322773,237,27,8,3600,9.77777777778
322509,322758,322785,249,27,8,3600,10.2222222222
322510,322784,322810,274,26,8,3600,11.5384615385
322510,322763,322789,253,26,8,3600,10.7307692308
322510,322769,322794,259,25,8,3600,11.36
322510,322774,322801,264,27,8,3600,10.7777777778
322510,322790,322815,280,25,8,3600,12.2
322510,322796,322824,286,28,8,3600,11.2142857143
322511,322827,322852,316,25,8,3600,13.64
322511,322835,322862,324,27,8,3600,13.0
322511,322814,322839,303,25,8,3600,13.12
322511,322808,322834,297,26,8,3600,12.4230769231
322511,322821,322848,310,27,8,3600,12.4814814815
322511,322802,322828,291,26,8,3600,12.1923076923
322511,322841,322867,330,26,8,3600,13.6923076923
322512,322860,322893,348,33,8,3600,11.5454545455
322512,322853,322879,341,26,8,3600,14.1153846154
322512,322885,322919,373,34,8,3600,11.9705882353
322512,322873,322900,361,27,8,3600,14.3703703704
322512,322847,322874,335,27,8,3600,13.4074074074
322512,322866,322895,354,29,8,3600,13.2068965517
322512,322879,322905,367,26,8,3600,15.1153846154
322513,322904,322931,391,27,8,3600,15.4814814815
322513,322910,322938,397,28,8,3600,15.1785714286
322513,322916,322941,403,25,8,3600,17.12
322513,322921,322948,408,27,8,3600,16.1111111111
322513,322931,322958,418,27,8,3600,16.4814814815
322513,322891,322921,378,30,8,3600,13.6
322518,322541,337129,23,14588,1,180000,1.00157663833
322520,322937,322965,417,28,8,3600,15.8928571429
322520,322943,322973,423,30,8,3600,15.1
322520,322956,322982,436,26,8,3600,17.7692307692
322520,322962,322988,442,26,8,3600,18.0
322520,322950,322977,430,27,8,3600,16.9259259259
322521,323008,323035,487,27,8,3600,19.037037037
322521,323002,323034,481,32,8,3600,16.03125
322521,322976,323003,455,27,8,3600,17.8518518519
322521,322990,323015,469,25,8,3600,19.76
322521,322984,323011,463,27,8,3600,18.1481481481
322521,322969,322995,448,26,8,3600,18.2307692308
322521,322996,323023,475,27,8,3600,18.5925925926
322522,323022,323050,500,28,8,3600,18.8571428571
322522,323028,323054,506,26,8,3600,20.4615384615
322522,323045,323073,523,28,8,3600,19.6785714286
322522,323051,323078,529,27,8,3600,20.5925925926
322522,323056,323083,534,27,8,3600,20.7777777778
322522,323062,323090,540,28,8,3600,20.2857142857
322522,323015,323041,493,26,8,3600,19.9615384615
322523,323084,323110,561,26,8,3600,22.5769230769
322523,323067,323094,544,27,8,3600,21.1481481481
322523,323108,323134,585,26,8,3600,23.5
322523,323102,323128,579,26,8,3600,23.2692307692
322523,323073,323099,550,26,8,3600,22.1538461538
322523,323090,323115,567,25,8,3600,23.68
322523,323096,323124,573,28,8,3600,21.4642857143
322524,323150,323176,626,26,8,3600,25.0769230769
322524,323139,323164,615,25,8,3600,25.6
322524,323121,323147,597,26,8,3600,23.9615384615
322524,323114,323139,590,25,8,3600,24.6
322531,323172,323199,641,27,8,3600,24.7407407407
322531,323216,323242,685,26,8,3600,27.3461538462
322531,323178,323203,647,25,8,3600,26.88
322531,323243,323269,712,26,8,3600,28.3846153846
322531,323155,323182,624,27,8,3600,24.1111111111
322531,323160,323187,629,27,8,3600,24.2962962963
322532,323253,323280,721,27,8,3600,27.7037037037
322532,323248,323276,716,28,8,3600,26.5714285714
322532,323264,323291,732,27,8,3600,28.1111111111
322532,323259,323285,727,26,8,3600,28.9615384615
322532,323306,323334,774,28,8,3600,28.6428571429
322532,323340,323366,808,26,8,3600,32.0769230769
322532,323334,323360,802,26,8,3600,31.8461538462
322533,323397,323424,864,27,8,3600,33.0
322533,323355,323382,822,27,8,3600,31.4444444444
322533,322551,347415,18,24864,1,180000,1.00072393822
322533,323345,323370,812,25,8,3600,33.48
322533,323350,323375,817,25,8,3600,33.68
322533,323419,323445,886,26,8,3600,35.0769230769
322533,323430,323457,897,27,8,3600,34.2222222222
322533,323425,323451,892,26,8,3600,35.3076923077
322534,323435,323461,901,26,8,3600,35.6538461538
322534,323485,323510,951,25,8,3600,39.04
322534,323440,323466,906,26,8,3600,35.8461538462
322534,323473,323500,939,27,8,3600,35.7777777778
322534,323457,323483,923,26,8,3600,36.5
322534,323468,323495,934,27,8,3600,35.5925925926
322535,323507,323536,972,29,8,3600,34.5172413793
322535,323496,323523,961,27,8,3600,36.5925925926
322535,323490,323517,955,27,8,3600,36.3703703704
322535,323598,323626,1063,28,8,3600,38.9642857143
322545,323525,323558,980,33,8,3600,30.696969697
322545,323518,323550,973,32,8,3600,31.40625
322545,323547,323577,1002,30,8,3600,34.4
322545,323531,323562,986,31,8,3600,32.8064516129
322545,323513,323546,968,33,8,3600,30.3333333333
322545,323537,323566,992,29,8,3600,35.2068965517
322546,323563,323593,1017,30,8,3600,34.9
322546,323569,323599,1023,30,8,3600,35.1
322546,323557,323587,1011,30,8,3600,34.7
322546,323604,323634,1058,30,8,3600,36.2666666667
322546,323581,323612,1035,31,8,3600,34.3870967742
322546,323575,323606,1029,31,8,3600,34.1935483871
322546,323588,323619,1042,31,8,3600,34.6129032258
322547,323610,323640,1063,30,8,3600,36.4333333333
322547,323617,323648,1070,31,8,3600,35.5161290323
322547,323623,323654,1076,31,8,3600,35.7096774194
322547,323630,323661,1083,31,8,3600,35.935483871
322547,323638,323669,1091,31,8,3600,36.1935483871
322547,323645,323674,1098,29,8,3600,38.8620689655
322547,323651,323681,1104,30,8,3600,37.8
322548,323686,323717,1138,31,8,3600,37.7096774194
322548,323680,323712,1132,32,8,3600,36.375
322548,323672,323703,1124,31,8,3600,37.2580645161
322548,323665,323695,1117,30,8,3600,38.2333333333
322548,323659,323690,1111,31,8,3600,36.8387096774
322548,323692,323723,1144,31,8,3600,37.9032258065
322549,323701,323732,1152,31,8,3600,38.1612903226
322549,323707,323738,1158,31,8,3600,38.3548387097
322549,323714,323743,1165,29,8,3600,41.1724137931
322549,323723,323753,1174,30,8,3600,40.1333333333
322561,323729,323788,1168,59,8,3600,20.7966101695
322562,323764,323824,1202,60,8,3600,21.0333333333
322562,323799,323859,1237,60,8,3600,21.6166666667
322562,323750,323813,1188,63,8,3600,19.8571428571
322562,323743,323801,1181,58,8,3600,21.3620689655
322562,323735,323800,1173,65,8,3600,19.0461538462
322562,323756,323816,1194,60,8,3600,20.9
322563,323811,323871,1248,60,8,3600,21.8
322563,323816,323875,1253,59,8,3600,22.2372881356
322563,323825,323887,1262,62,8,3600,21.3548387097
322563,323831,323891,1268,60,8,3600,22.1333333333
322563,323837,323898,1274,61,8,3600,21.8852459016
322563,323870,323935,1307,65,8,3600,21.1076923077
322564,323904,323965,1340,61,8,3600,22.9672131148
322564,323910,323970,1346,60,8,3600,23.4333333333
322564,323946,324006,1382,60,8,3600,24.0333333333
322564,323898,323959,1334,61,8,3600,22.868852459
322564,323888,323947,1324,59,8,3600,23.4406779661
322564,323882,323940,1318,58,8,3600,23.724137931
322565,324023,324083,1458,60,8,3600,25.3
322565,324017,324075,1452,58,8,3600,26.0344827586
322565,323982,324041,1417,59,8,3600,25.0169491525
322565,323976,324035,1411,59,8,3600,24.9152542373
322565,323970,324031,1405,61,8,3600,24.0327868852
322565,323959,324018,1394,59,8,3600,24.6271186441
322565,323952,324012,1387,60,8,3600,24.1166666667
322566,324043,324106,1477,63,8,3600,24.4444444444
322566,324030,324093,1464,63,8,3600,24.2380952381
322566,324055,324113,1489,58,8,3600,26.6724137931
322566,324049,324107,1483,58,8,3600,26.5689655172
322574,324087,324140,1513,53,8,3600,29.5471698113
322574,324104,324157,1530,53,8,3600,29.8679245283
322574,324094,324146,1520,52,8,3600,30.2307692308
322574,324117,324172,1543,55,8,3600,29.0545454545
322575,324151,324203,1576,52,8,3600,31.3076923077
322575,324157,324207,1582,50,8,3600,32.64
322575,324168,324222,1593,54,8,3600,30.5
322575,324183,324235,1608,52,8,3600,31.9230769231
322575,324129,324181,1554,52,8,3600,30.8846153846
322575,324123,324176,1548,53,8,3600,30.2075471698
322576,324252,324303,1676,51,8,3600,33.862745098
322576,324246,324302,1670,56,8,3600,30.8214285714
322576,324233,324284,1657,51,8,3600,33.4901960784
322576,324195,324247,1619,52,8,3600,32.1346153846
322576,324189,324239,1613,50,8,3600,33.26
322576,324215,324265,1639,50,8,3600,33.78
322576,324221,324272,1645,51,8,3600,33.2549019608
322577,324257,324309,1680,52,8,3600,33.3076923077
322577,324263,324318,1686,55,8,3600,31.6545454545
322577,324276,324327,1699,51,8,3600,34.3137254902
322577,324283,324334,1706,51,8,3600,34.4509803922
322577,324295,324345,1718,50,8,3600,35.36
322577,324314,324366,1737,52,8,3600,34.4038461538
322578,324357,324407,1779,50,8,3600,36.58
322578,324377,324430,1799,53,8,3600,34.9433962264
322578,324338,324390,1760,52,8,3600,34.8461538462
322578,324345,324399,1767,54,8,3600,33.7222222222
322578,324325,324375,1747,50,8,3600,35.94
322578,324319,324371,1741,52,8,3600,34.4807692308
322578,324331,324382,1753,51,8,3600,35.3725490196
322586,324383,324437,1797,54,8,3600,34.2777777778
322586,324389,324440,1803,51,8,3600,36.3529411765
322586,324401,324450,1815,49,8,3600,38.0408163265
322586,324395,324447,1809,52,8,3600,35.7884615385
322587,324410,324461,1823,51,8,3600,36.7450980392
322587,324418,324468,1831,50,8,3600,37.62
322587,324441,324491,1854,50,8,3600,38.08
322587,324448,324500,1861,52,8,3600,36.7884615385
322587,324454,324505,1867,51,8,3600,37.6078431373
322587,324460,324511,1873,51,8,3600,37.7254901961
322588,324472,324522,1884,50,8,3600,38.68
322588,324466,324516,1878,50,8,3600,38.56
322588,324512,324562,1924,50,8,3600,39.48
322588,324479,324528,1891,49,8,3600,39.5918367347
322588,324502,324552,1914,50,8,3600,39.28
322588,324518,324569,1930,51,8,3600,38.8431372549
322588,324524,324579,1936,55,8,3600,36.2
322589,324530,324582,1941,52,8,3600,38.3269230769
322589,324536,324589,1947,53,8,3600,37.7358490566
322589,324542,324591,1953,49,8,3600,40.8571428571
322589,324563,324614,1974,51,8,3600,39.7058823529
322589,324573,324626,1984,53,8,3600,38.4339622642
322589,324580,324638,1991,58,8,3600,35.3275862069
322590,324590,324640,2000,50,8,3600,41.0
322590,324625,324675,2035,50,8,3600,41.7
322590,324596,324647,2006,51,8,3600,40.3333333333
322590,324637,324690,2047,53,8,3600,39.6226415094
322590,324649,324700,2059,51,8,3600,41.3725490196
322590,324602,324652,2012,50,8,3600,41.24
322590,324607,324655,2017,48,8,3600,43.0208333333
322598,324667,324717,2069,50,8,3600,42.38
322598,324661,324712,2063,51,8,3600,41.4509803922
322598,324655,324708,2057,53,8,3600,39.8113207547
322599,324731,324781,2132,50,8,3600,43.64
322599,324725,324775,2126,50,8,3600,43.52
322599,324719,324766,2120,47,8,3600,46.1063829787
322599,324711,324760,2112,49,8,3600,44.1020408163
322599,324701,324751,2102,50,8,3600,43.04
322599,324686,324742,2087,56,8,3600,38.2678571429
322599,324672,324723,2073,51,8,3600,41.6470588235
322600,324737,324787,2137,50,8,3600,43.74
322600,324763,324813,2163,50,8,3600,44.26
322600,324753,324802,2153,49,8,3600,44.9387755102
322601,324778,324829,2177,51,8,3600,43.6862745098
322601,324825,324875,2224,50,8,3600,45.48
322601,324813,324860,2212,47,8,3600,48.0638297872
322601,324771,324821,2170,50,8,3600,44.4
322601,324793,324843,2192,50,8,3600,44.84
322601,324799,324847,2198,48,8,3600,46.7916666667
322601,324786,324837,2185,51,8,3600,43.8431372549
322602,324871,324920,2269,49,8,3600,47.306122449
322602,324861,324911,2259,50,8,3600,46.18
322602,324849,324899,2247,50,8,3600,45.94
322602,324840,324894,2238,54,8,3600,42.4444444444
322602,324855,324904,2253,49,8,3600,46.9795918367
322602,324832,324883,2230,51,8,3600,44.7254901961
322603,324887,324935,2284,48,8,3600,48.5833333333
322603,324894,324944,2291,50,8,3600,46.82
322603,324905,324957,2302,52,8,3600,45.2692307692
322603,324911,324960,2308,49,8,3600,48.1020408163
322610,324917,324976,2307,59,8,3600,40.1016949153
322611,324931,324982,2320,51,8,3600,46.4901960784
322611,324946,324996,2335,50,8,3600,47.7
322611,324968,325021,2357,53,8,3600,45.4716981132
322611,324974,325028,2363,54,8,3600,44.7592592593
322611,324923,324974,2312,51,8,3600,46.3333333333
322611,324955,325008,2344,53,8,3600,45.2264150943
322612,324986,325038,2374,52,8,3600,46.6538461538
322612,324992,325044,2380,52,8,3600,46.7692307692
322612,324998,325049,2386,51,8,3600,47.7843137255
322612,325007,325062,2395,55,8,3600,44.5454545455
322612,325020,325072,2408,52,8,3600,47.3076923077
322612,325032,325086,2420,54,8,3600,45.8148148148
322612,325039,325094,2427,55,8,3600,45.1272727273
322613,325097,325152,2484,55,8,3600,46.1636363636
322613,325083,325140,2470,57,8,3600,44.3333333333
322613,325061,325114,2448,53,8,3600,47.1886792453
322613,325073,325125,2460,52,8,3600,48.3076923077
322613,325055,325107,2442,52,8,3600,47.9615384615
322613,325049,325101,2436,52,8,3600,47.8461538462
322614,325105,325160,2491,55,8,3600,46.2909090909
322614,325136,325187,2522,51,8,3600,50.4509803922
322614,325119,325173,2505,54,8,3600,47.3888888889
322614,325151,325203,2537,52,8,3600,49.7884615385
322614,325112,325168,2498,56,8,3600,45.6071428571
322614,325125,325177,2511,52,8,3600,49.2884615385
322615,325171,325226,2556,55,8,3600,47.4727272727
322615,325179,325231,2564,52,8,3600,50.3076923077
322615,325185,325238,2570,53,8,3600,49.4905660377
322615,325163,325215,2548,52,8,3600,50.0
322628,325191,325313,2563,122,8,3600,22.0081967213
322628,325198,325319,2570,121,8,3600,22.2396694215
322628,325226,325346,2598,120,8,3600,22.65
322628,325214,325334,2586,120,8,3600,22.55
322629,325345,325462,2716,117,8,3600,24.2136752137
322629,325325,325445,2696,120,8,3600,23.4666666667
322629,325331,325451,2702,120,8,3600,23.5166666667
322629,325249,325369,2620,120,8,3600,22.8333333333
322629,325237,325356,2608,119,8,3600,22.9159663866
322629,325243,325363,2614,120,8,3600,22.7833333333
322630,325357,325475,2727,118,8,3600,24.1101694915
322630,325375,325496,2745,121,8,3600,23.6859504132
322630,325381,325501,2751,120,8,3600,23.925
322630,325456,325573,2826,117,8,3600,25.1538461538
322630,325462,325588,2832,126,8,3600,23.4761904762
322630,325473,325596,2843,123,8,3600,24.1138211382
322630,325367,325488,2737,121,8,3600,23.6198347107
322631,325599,325717,2968,118,8,3600,26.1525423729
322631,325507,325625,2876,118,8,3600,25.3728813559
322631,325584,325708,2953,124,8,3600,24.814516129
322631,325500,325619,2869,119,8,3600,25.1092436975
322631,325486,325608,2855,122,8,3600,24.4016393443
322631,325513,325632,2882,119,8,3600,25.218487395
322632,325756,325878,3124,122,8,3600,26.606557377
322632,325761,325878,3129,117,8,3600,27.7435897436
322632,325832,325948,3200,116,8,3600,28.5862068966
322632,325607,325734,2975,127,8,3600,24.4251968504
322632,325619,325743,2987,124,8,3600,25.0887096774
322632,325767,325884,3135,117,8,3600,27.7948717949
322633,325844,325962,3211,118,8,3600,28.2118644068
322647,325630,325734,2983,104,8,3600,29.6826923077
322647,325637,325737,2990,100,8,3600,30.9
322647,325857,325958,3210,101,8,3600,32.7821782178
322647,325644,325748,2997,104,8,3600,29.8173076923
322647,325720,325820,3073,100,8,3600,31.73
322648,325728,325833,3080,105,8,3600,30.3333333333
322648,325889,325995,3241,106,8,3600,31.5754716981
322648,325750,325853,3102,103,8,3600,31.1165048544
322648,325900,326000,3252,100,8,3600,33.52
322648,325894,325995,3246,101,8,3600,33.1386138614
322648,325865,325970,3217,105,8,3600,31.6380952381
322648,325745,325845,3097,100,8,3600,31.97
322649,326011,326112,3362,101,8,3600,34.2871287129
322649,326006,326108,3357,102,8,3600,33.9117647059
322649,325959,326058,3310,99,8,3600,34.4343434343
322649,326017,326118,3368,101,8,3600,34.3465346535
322649,325969,326070,3320,101,8,3600,33.8712871287
322649,325975,326078,3326,103,8,3600,33.2912621359
322649,325981,326085,3332,104,8,3600,33.0384615385
322650,326126,326226,3476,100,8,3600,35.76
322650,326132,326238,3482,106,8,3600,33.8490566038
322650,326096,326203,3446,107,8,3600,33.2056074766
322650,326069,326173,3419,104,8,3600,33.875
322650,326089,326191,3439,102,8,3600,34.7156862745
322650,326120,326223,3470,103,8,3600,34.6893203883
322650,326081,326182,3431,101,8,3600,34.9702970297
322651,326193,326296,3542,103,8,3600,35.3883495146
322651,326240,326343,3589,103,8,3600,35.8446601942
322651,326234,326336,3583,102,8,3600,36.1274509804
322651,326184,326285,3533,101,8,3600,35.9801980198
322665,326215,326312,3550,97,8,3600,37.5979381443
322665,326202,326301,3537,99,8,3600,36.7272727273
322666,326307,326406,3641,99,8,3600,37.7777777778
322666,326313,326411,3647,98,8,3600,38.2142857143
322666,326323,326423,3657,100,8,3600,37.57
322666,326249,326351,3583,102,8,3600,36.1274509804
322666,326417,326516,3751,99,8,3600,38.8888888889
322666,326469,326568,3803,99,8,3600,39.4141414141
322666,326296,326400,3630,104,8,3600,35.9038461538
322667,326423,326523,3756,100,8,3600,38.56
322667,326362,326459,3695,97,8,3600,39.0927835052
322667,326475,326577,3808,102,8,3600,38.3333333333
322667,326411,326510,3744,99,8,3600,38.8181818182
322667,326347,326451,3680,104,8,3600,36.3846153846
322667,326354,326452,3687,98,8,3600,38.6224489796
322668,326434,326532,3766,98,8,3600,39.4285714286
322668,326463,326562,3795,99,8,3600,39.3333333333
322668,326521,326621,3853,100,8,3600,39.53
322668,326574,326673,3906,99,8,3600,40.4545454545
322669,326580,326675,3911,95,8,3600,42.1684210526
322669,326545,326646,3876,101,8,3600,39.3762376238
322669,326539,326639,3870,100,8,3600,39.7
322669,326527,326634,3858,107,8,3600,37.0560747664
322670,326694,326798,4024,104,8,3600,39.6923076923
322670,326597,326696,3927,99,8,3600,40.6666666667
322670,326649,326749,3979,100,8,3600,40.79
322670,326689,326788,4019,99,8,3600,41.595959596
322671,326677,326774,4006,97,8,3600,42.2989690722
322671,326660,326758,3989,98,8,3600,41.7040816327
322671,326665,326765,3994,100,8,3600,40.94
322679,326811,326908,4132,97,8,3600,43.5979381443
322679,326816,326920,4137,104,8,3600,40.7788461538
322679,326771,326870,4092,99,8,3600,42.3333333333
322679,326838,326935,4159,97,8,3600,43.8762886598
322679,326744,326843,4065,99,8,3600,42.0606060606
322679,326793,326899,4114,106,8,3600,39.8113207547
322679,326788,326885,4109,97,8,3600,43.3608247423
322680,326910,327009,4230,99,8,3600,43.7272727273
322680,326896,326998,4216,102,8,3600,42.3333333333
322680,326881,326980,4201,99,8,3600,43.4343434343
322680,326856,326954,4176,98,8,3600,43.612244898
322680,326931,327038,4251,107,8,3600,40.7289719626
322680,326919,327019,4239,100,8,3600,43.39
322681,327030,327130,4349,100,8,3600,44.49
322681,326946,327044,4265,98,8,3600,44.5204081633
322681,326966,327065,4285,99,8,3600,44.2828282828
322681,326991,327090,4310,99,8,3600,44.5353535354
322681,327009,327108,4328,99,8,3600,44.7171717172
322681,327020,327119,4339,99,8,3600,44.8282828283
322681,327049,327151,4368,102,8,3600,43.8235294118
322682,327131,327228,4449,97,8,3600,46.8659793814
322682,327119,327222,4437,103,8,3600,44.0776699029
322682,327141,327241,4459,100,8,3600,45.59
322682,327077,327175,4395,98,8,3600,45.8469387755
322682,327055,327154,4373,99,8,3600,45.1717171717
322682,327101,327199,4419,98,8,3600,46.0918367347
322683,327162,327262,4479,100,8,3600,45.79
322683,327168,327273,4485,105,8,3600,43.7142857143
322683,327186,327285,4503,99,8,3600,46.4848484848
322683,327210,327309,4527,99,8,3600,46.7272727273
322691,327233,327334,4542,101,8,3600,45.9702970297
322692,327239,327337,4547,98,8,3600,47.3979591837
322692,327320,327421,4628,101,8,3600,46.8217821782
322692,327296,327396,4604,100,8,3600,47.04
322692,327284,327394,4592,110,8,3600,42.7454545455
322692,327273,327370,4581,97,8,3600,48.2268041237
322692,327252,327351,4560,99,8,3600,47.0606060606
322693,327362,327462,4669,100,8,3600,47.69
322693,327345,327441,4652,96,8,3600,49.4583333333
322693,327381,327480,4688,99,8,3600,48.3535353535
322693,327405,327503,4712,98,8,3600,49.0816326531
322693,327411,327507,4718,96,8,3600,50.1458333333
322693,327351,327450,4658,99,8,3600,48.0505050505
322694,327432,327528,4738,96,8,3600,50.3541666667
322694,327452,327548,4758,96,8,3600,50.5625
322694,327461,327558,4767,97,8,3600,50.1443298969
322694,327473,327570,4779,97,8,3600,50.2680412371
322694,327514,327612,4820,98,8,3600,50.1836734694
322694,327491,327590,4797,99,8,3600,49.4545454545
322695,327539,327635,4844,96,8,3600,51.4583333333
322695,327559,327657,4864,98,8,3600,50.6326530612
322695,327569,327666,4874,97,8,3600,51.2474226804
322695,327581,327678,4886,97,8,3600,51.3711340206
322695,327601,327700,4906,99,8,3600,50.5555555556
322695,327520,327619,4825,99,8,3600,49.7373737374
322696,327624,327724,4928,100,8,3600,50.28
322696,327630,327728,4934,98,8,3600,51.3469387755
322696,327646,327742,4950,96,8,3600,52.5625
322696,327677,327776,4981,99,8,3600,51.3131313131
322696,327668,327767,4972,99,8,3600,51.2222222222
322932,323034,324110,102,1076,2,21600,1.09479553903
323116,323128,326523,12,3395,2,18000,1.00353460972
323117,323133,326590,16,3457,2,18000,1.00462829043
323135,323145,326606,10,3461,2,18000,1.00288933834
323152,323167,326680,15,3513,2,18000,1.00426985482
323169,323186,326435,17,3249,2,18000,1.00523237919
323170,323191,326503,21,3312,2,18000,1.00634057971
323171,323196,326613,25,3417,2,18000,1.00731635938
323173,323201,326668,28,3467,2,18000,1.00807614652
323174,323206,326474,32,3268,2,18000,1.00979192166
323175,323211,326532,36,3321,2,18000,1.0108401084
323192,323222,326554,30,3332,2,18000,1.00900360144
323194,323228,326757,34,3529,2,18000,1.00963445735
323195,323233,326437,38,3204,2,18000,1.01186017478
323211,323238,326665,27,3427,2,18000,1.00787861103
323228,323271,326577,43,3306,2,18000,1.01300665457
323229,323276,326744,47,3468,2,18000,1.01355247982
323251,323281,326574,30,3293,2,18000,1.00911023383
323253,323286,326614,33,3328,2,18000,1.00991586538
323254,323291,326661,37,3370,2,18000,1.01097922849
323255,323296,326774,41,3478,2,18000,1.01178838413
323257,323301,326611,44,3310,2,18000,1.01329305136
323278,323314,326747,36,3433,2,18000,1.010486455
323280,323319,326677,39,3358,2,18000,1.01161405599
323306,323324,326478,18,3154,2,18000,1.00570703868
323308,323329,326731,21,3402,2,18000,1.00617283951
323309,323361,326659,52,3298,2,18000,1.01576713159
323310,323366,326863,56,3497,2,18000,1.01601372605
323315,323372,326784,57,3412,2,18000,1.01670574443
323316,323377,326683,61,3306,2,18000,1.01845130067
323334,323382,326699,48,3317,2,18000,1.01447090745
323336,323387,326688,51,3301,2,18000,1.01544986368
323337,323392,326624,55,3232,2,18000,1.01701732673
323353,323403,326720,50,3317,2,18000,1.01507386192
323369,323409,326784,40,3375,2,18000,1.01185185185
323371,323414,326824,43,3410,2,18000,1.01260997067
323403,323446,326745,43,3299,2,18000,1.0130342528
323420,323451,326703,31,3252,2,18000,1.00953259533
323453,323463,326742,10,3279,2,18000,1.00304971028
323468,323480,326831,12,3351,2,18000,1.00358102059
323486,323502,326786,16,3284,2,18000,1.00487210719
326439,326446,329774,7,3328,2,18000,1.00210336538
326440,326452,329811,12,3359,2,18000,1.00357249181
326480,326486,329831,6,3345,2,18000,1.00179372197
326482,326492,329742,10,3250,2,18000,1.00307692308
326505,326514,329908,9,3394,2,18000,1.00265173836
326526,326534,329891,8,3357,2,18000,1.00238308013
326542,326551,329745,9,3194,2,18000,1.00281778334
326558,326564,329928,6,3364,2,18000,1.00178359096
326580,326586,330068,6,3482,2,18000,1.00172314762
326581,326592,330072,11,3480,2,18000,1.00316091954
326605,326611,329911,6,3300,2,18000,1.00181818182
326622,326628,330035,6,3407,2,18000,1.00176108013
326623,326634,329958,11,3324,2,18000,1.00330926594
326624,326639,329845,15,3206,2,18000,1.00467872739
326626,326644,329858,18,3214,2,18000,1.00560049782
326643,326655,329991,12,3336,2,18000,1.0035971223
326665,326672,329940,7,3268,2,18000,1.00214198286
326666,326683,329956,17,3273,2,18000,1.00519401161
326685,326701,330072,16,3371,2,18000,1.00474636606
326686,326706,330128,20,3422,2,18000,1.00584453536
326688,326711,330108,23,3397,2,18000,1.00677068001
326689,326717,330105,28,3388,2,18000,1.00826446281
326691,326722,330119,31,3397,2,18000,1.00912569915
326711,326728,330146,17,3418,2,18000,1.00497366881
326712,326733,330009,21,3276,2,18000,1.00641025641
326714,326738,330098,24,3360,2,18000,1.00714285714
326733,326750,330189,17,3439,2,18000,1.00494329747
326734,326755,330024,21,3269,2,18000,1.00642398287
326753,326761,330269,8,3508,2,18000,1.00228050171
326755,326766,330164,11,3398,2,18000,1.00323719835
326756,326778,330342,22,3564,2,18000,1.00617283951
326758,326783,330163,25,3380,2,18000,1.0073964497
326777,326800,330009,23,3209,2,18000,1.00716734185
326778,326806,330268,28,3462,2,18000,1.00808781051
326797,326822,330063,25,3241,2,18000,1.00771366862
326799,326827,329968,28,3141,2,18000,1.00891435848
326800,326832,330139,32,3307,2,18000,1.00967644391
326826,326844,330080,18,3236,2,18000,1.00556242274
326842,326850,330128,8,3278,2,18000,1.00244051251
326865,326874,330244,9,3370,2,18000,1.00267062315
329746,329753,333011,7,3258,2,18000,1.0021485574
329748,329759,332867,11,3108,2,18000,1.00353925354
329777,329786,332913,9,3127,2,18000,1.00287815798
329815,329823,333235,8,3412,2,18000,1.00234466589
329835,329842,333115,7,3273,2,18000,1.00213871066
329854,329860,333234,6,3374,2,18000,1.00177830468
329870,329877,333124,7,3247,2,18000,1.00215583616
329897,329903,333455,6,3552,2,18000,1.00168918919
329917,329922,333206,5,3284,2,18000,1.0015225335
329918,329928,333196,10,3268,2,18000,1.00305997552
329934,329940,333358,6,3418,2,18000,1.00175541252
329950,329956,333277,6,3321,2,18000,1.00180668473
329972,329979,333272,7,3293,2,18000,1.00212572123
329974,329985,333304,11,3319,2,18000,1.00331425128
329975,329990,333447,15,3457,2,18000,1.00433902227
329995,330002,333438,7,3436,2,18000,1.00203725262
330014,330020,333453,6,3433,2,18000,1.0017477425
330016,330026,333362,10,3336,2,18000,1.00299760192
330036,330043,333372,7,3329,2,18000,1.00210273355
330038,330049,333236,11,3187,2,18000,1.00345152181
330070,330076,333443,6,3367,2,18000,1.00178200178
330071,330082,333343,11,3261,2,18000,1.00337319841
330097,330103,333340,6,3237,2,18000,1.00185356812
330098,330109,333520,11,3411,2,18000,1.00322486074
330099,330114,333585,15,3471,2,18000,1.00432152118
330123,330129,333578,6,3449,2,18000,1.00173963468
330124,330135,333460,11,3325,2,18000,1.00330827068
330126,330140,333432,14,3292,2,18000,1.0042527339
330127,330146,333522,19,3376,2,18000,1.00562796209
330149,330156,333465,7,3309,2,18000,1.00211544273
330151,330162,333483,11,3321,2,18000,1.00331225534
330152,330167,333649,15,3482,2,18000,1.00430786904
330153,330172,333407,19,3235,2,18000,1.00587326121
330175,330181,333698,6,3517,2,18000,1.00170599943
330176,330187,333550,11,3363,2,18000,1.00327088909
330195,330200,333660,5,3460,2,18000,1.00144508671
330251,330256,333490,5,3234,2,18000,1.00154607297
330273,330280,333602,7,3322,2,18000,1.00210716436
330275,330286,333514,11,3228,2,18000,1.00340768278
330345,330353,333714,8,3361,2,18000,1.00238024398
331568,331574,331576,6,2,2,300,1.0
331568,331579,331581,11,2,2,300,1.3
332868,332879,336394,11,3515,2,18000,1.00312944523
332917,332924,336181,7,3257,2,18000,1.00214921707
333013,333022,336311,9,3289,2,18000,1.00273639404
333117,333126,336420,9,3294,2,18000,1.00273224044
333132,333139,336553,7,3414,2,18000,1.00205038079
333199,333207,336099,8,2892,2,18000,1.00276625173
333215,333221,336626,6,3405,2,18000,1.00176211454
333239,333245,336646,6,3401,2,18000,1.001764187
333241,333251,336546,10,3295,2,18000,1.00303490137
333242,333256,336641,14,3385,2,18000,1.00413589365
333274,333283,336749,9,3466,2,18000,1.0025966532
333290,333296,336550,6,3254,2,18000,1.00184388445
333306,333316,336656,10,3340,2,18000,1.00299401198
333344,333351,336555,7,3204,2,18000,1.00218476904
333346,333357,336752,11,3395,2,18000,1.00324005891
333363,333369,336828,6,3459,2,18000,1.00173460538
333364,333375,336732,11,3357,2,18000,1.00327673518
333380,333386,336750,6,3364,2,18000,1.00178359096
333414,333420,336799,6,3379,2,18000,1.00177567328
333442,333448,336697,6,3249,2,18000,1.00184672207
333443,333454,336776,11,3322,2,18000,1.00331125828
333470,333476,336910,6,3434,2,18000,1.00174723355
333471,333481,336902,10,3421,2,18000,1.00292312189
333472,333487,336899,15,3412,2,18000,1.00439624853
333474,333492,336893,18,3401,2,18000,1.00529256101
333475,333497,336990,22,3493,2,18000,1.00629831091
333476,333502,336836,26,3334,2,18000,1.00779844031
333500,333508,336860,8,3352,2,18000,1.00238663484
333501,333513,336725,12,3212,2,18000,1.00373599004
333525,333531,336746,6,3215,2,18000,1.00186625194
333526,333537,336932,11,3395,2,18000,1.00324005891
333527,333542,337080,15,3538,2,18000,1.00423968344
333558,333564,336974,6,3410,2,18000,1.00175953079
333582,333590,336962,8,3372,2,18000,1.00237247924
333600,333606,336984,6,3378,2,18000,1.00177619893
333616,333622,336910,6,3288,2,18000,1.00182481752
333653,333660,337054,7,3394,2,18000,1.00206246317
333669,333675,336845,6,3170,2,18000,1.00189274448
333701,333709,337003,8,3294,2,18000,1.00242865817
333717,333725,337032,8,3307,2,18000,1.00241911098
334406,334422,334471,16,49,2,3600,1.32653061224
334406,334417,334465,11,48,2,3600,1.22916666667
334406,334427,334480,21,53,2,3600,1.39622641509
334406,334432,334488,26,56,2,3600,1.46428571429
334406,334411,334463,5,52,2,3600,1.09615384615
334407,334438,334488,31,50,2,3600,1.62
334407,334443,334493,36,50,2,3600,1.72
334407,334448,334499,41,51,2,3600,1.80392156863
334407,334453,334505,46,52,2,3600,1.88461538462
334407,334458,334510,51,52,2,3600,1.98076923077
334407,334468,334518,61,50,2,3600,2.22
334407,334463,334518,56,55,2,3600,2.01818181818
334408,334473,334522,65,49,2,3600,2.32653061224
334408,334479,334528,71,49,2,3600,2.44897959184
334408,334484,334532,76,48,2,3600,2.58333333333
334408,334489,334542,81,53,2,3600,2.52830188679
334408,334494,334543,86,49,2,3600,2.75510204082
334408,334499,334546,91,47,2,3600,2.93617021277
334408,334504,334552,96,48,2,3600,3.0
334409,334541,334598,132,57,2,3600,3.31578947368
334409,334521,334572,112,51,2,3600,3.19607843137
334409,334509,334561,100,52,2,3600,2.92307692308
334409,334515,334563,106,48,2,3600,3.20833333333
334409,334526,334579,117,53,2,3600,3.20754716981
334409,334536,334584,127,48,2,3600,3.64583333333
334409,334531,334589,122,58,2,3600,3.10344827586
334410,354166,354169,19756,3,2,3600,1975.9
334410,354161,354163,19751,2,2,3600,1975.3
334410,334551,334601,141,50,2,3600,3.82
334410,334546,334600,136,54,2,3600,3.51851851852
334418,354290,354291,19872,1,2,3600,1987.3
334418,354210,354211,19792,1,2,3600,1979.3
334418,354312,354313,19894,1,2,3600,1989.5
334419,354328,354329,19909,1,2,3600,1991.0
334419,354333,354334,19914,1,2,3600,1991.5
334419,354338,354339,19919,1,2,3600,1992.0
334419,354343,354344,19924,1,2,3600,1992.5
334419,354348,354349,19929,1,2,3600,1993.0
334420,354379,354380,19959,1,2,3600,1996.0
334420,354389,354390,19969,1,2,3600,1997.0
334420,354384,354385,19964,1,2,3600,1996.5
334420,354374,354375,19954,1,2,3600,1995.5
334420,354364,354365,19944,1,2,3600,1994.5
334420,354359,354360,19939,1,2,3600,1994.0
334420,354369,354370,19949,1,2,3600,1995.0
334421,354535,354536,20114,1,2,3600,2011.5
334421,354540,354541,20119,1,2,3600,2012.0
334421,354545,354546,20124,1,2,3600,2012.5
334421,354550,354552,20129,2,2,3600,2013.1
334421,354394,354395,19973,1,2,3600,1997.4
334421,354402,354403,19981,1,2,3600,1998.2
334421,354407,354408,19986,1,2,3600,1998.7
334421,354530,354531,20109,1,2,3600,2011.0
334422,354412,354413,19990,1,2,3600,1999.1
334429,354427,354428,19998,1,2,3600,1999.9
334429,354422,354423,19993,1,2,3600,1999.4
334429,354438,354439,20009,1,2,3600,2001.0
334429,354443,354444,20014,1,2,3600,2001.5
334429,354417,354419,19988,2,2,3600,1999.0
334429,354448,354449,20019,1,2,3600,2002.0
334430,354463,354464,20033,1,2,3600,2003.4
334430,354458,354459,20028,1,2,3600,2002.9
334430,354468,354469,20038,1,2,3600,2003.9
334430,354473,354474,20043,1,2,3600,2004.4
334430,354479,354480,20049,1,2,3600,2005.0
334430,354484,354485,20054,1,2,3600,2005.5
334430,354453,354454,20023,1,2,3600,2002.4
334431,354509,354510,20078,1,2,3600,2007.9
334431,354489,354490,20058,1,2,3600,2005.9
334431,354494,354495,20063,1,2,3600,2006.4
334431,354499,354500,20068,1,2,3600,2006.9
334431,354504,354505,20073,1,2,3600,2007.4
334431,354514,354515,20083,1,2,3600,2008.4
334431,354520,354521,20089,1,2,3600,2009.0
334432,354583,354627,20151,44,2,3600,458.977272727
334432,354578,354579,20146,1,2,3600,2014.7
334432,354573,354574,20141,1,2,3600,2014.2
334432,354563,354564,20131,1,2,3600,2013.2
334432,354525,354526,20093,1,2,3600,2009.4
334432,354568,354569,20136,1,2,3600,2013.7
334432,354557,354558,20125,1,2,3600,2012.6
334433,354588,354631,20155,43,2,3600,469.720930233
334433,354593,354634,20160,41,2,3600,492.707317073
334439,354598,354644,20159,46,2,3600,439.239130435
334440,354629,354671,20189,42,2,3600,481.69047619
334440,354603,354647,20163,44,2,3600,459.25
334440,354619,354663,20179,44,2,3600,459.613636364
334440,354609,354650,20169,41,2,3600,492.926829268
334440,354614,354656,20174,42,2,3600,481.333333333
334440,354624,354666,20184,42,2,3600,481.571428571
334441,354639,354683,20198,44,2,3600,460.045454545
334441,354644,354686,20203,42,2,3600,482.023809524
334441,354650,354689,20209,39,2,3600,519.179487179
334441,354660,354701,20219,41,2,3600,494.146341463
334441,354634,354679,20193,45,2,3600,449.733333333
334441,354665,354706,20224,41,2,3600,494.268292683
334441,354655,354695,20214,40,2,3600,506.35
334442,354687,354688,20245,1,2,3600,2024.6
334442,354692,354693,20250,1,2,3600,2025.1
334442,354675,354716,20233,41,2,3600,494.487804878
334442,354698,354742,20256,44,2,3600,461.363636364
334442,354703,354744,20261,41,2,3600,495.170731707
334442,354670,354671,20228,1,2,3600,2022.9
334442,354680,354681,20238,1,2,3600,2023.9
334443,354734,354775,20291,41,2,3600,495.902439024
334443,354739,354782,20296,43,2,3600,473.0
334443,354724,354765,20281,41,2,3600,495.658536585
334443,354719,354765,20276,46,2,3600,441.782608696
334443,354729,354771,20286,42,2,3600,484.0
334443,354708,354757,20265,49,2,3600,414.571428571
334443,354713,354759,20270,46,2,3600,441.652173913
334444,354744,354786,20300,42,2,3600,484.333333333
334444,354749,354791,20305,42,2,3600,484.452380952
334493,353616,353617,19123,1,32,3600,1912.4
334493,353621,353627,19128,6,32,3600,1913.4
334493,353626,353628,19133,2,32,3600,1913.5
334493,353637,353638,19144,1,32,3600,1914.5
334493,353643,353645,19150,2,32,3600,1915.2
334493,353631,353637,19138,6,32,3600,1914.4
334494,353676,353679,19182,3,32,3600,1918.5
334494,353648,353650,19154,2,32,3600,1915.6
334494,353654,353655,19160,1,32,3600,1916.1
334494,353659,353660,19165,1,32,3600,1916.6
334494,353665,353666,19171,1,32,3600,1917.2
334494,353670,353671,19176,1,32,3600,1917.7
334494,353681,353682,19187,1,32,3600,1918.8
334495,353687,353688,19192,1,32,3600,1919.3
334495,353692,353693,19197,1,32,3600,1919.8
334495,353698,353699,19203,1,32,3600,1920.4
334495,353703,353704,19208,1,32,3600,1920.9
334495,353709,353710,19214,1,32,3600,1921.5
334495,353714,353715,19219,1,32,3600,1922.0
334495,353720,353725,19225,5,32,3600,1923.0
334496,353725,353727,19229,2,32,3600,1923.1
334496,353759,353761,19263,2,32,3600,1926.5
334496,353754,353755,19258,1,32,3600,1925.9
334496,353743,353744,19247,1,32,3600,1924.8
334496,353737,353738,19241,1,32,3600,1924.2
334496,353748,353749,19252,1,32,3600,1925.3
334496,353732,353733,19236,1,32,3600,1923.7
334497,353765,353766,19268,1,32,3600,1926.9
334497,353770,353773,19273,3,32,3600,1927.6
334497,353776,353777,19279,1,32,3600,1928.0
334506,353803,353804,19297,1,32,3600,1929.8
334506,353781,353782,19275,1,32,3600,1927.6
334506,353787,353788,19281,1,32,3600,1928.2
334506,353792,353793,19286,1,32,3600,1928.7
334506,353798,353799,19292,1,32,3600,1929.3
334507,353831,353832,19324,1,32,3600,1932.5
334507,353809,353810,19302,1,32,3600,1930.3
334507,353814,353815,19307,1,32,3600,1930.8
334507,353820,353821,19313,1,32,3600,1931.4
334507,353825,353831,19318,6,32,3600,1932.4
334507,353836,353837,19329,1,32,3600,1933.0
334507,353842,353845,19335,3,32,3600,1933.8
334507,353847,353850,19340,3,32,3600,1934.3
334508,353886,353887,19378,1,32,3600,1937.9
334508,353880,353881,19372,1,32,3600,1937.3
334508,353875,353876,19367,1,32,3600,1936.8
334508,353869,353870,19361,1,32,3600,1936.2
334508,353864,353865,19356,1,32,3600,1935.7
334508,353858,353859,19350,1,32,3600,1935.1
334508,353853,353854,19345,1,32,3600,1934.6
334509,353891,353892,19382,1,32,3600,1938.3
334509,353897,353898,19388,1,32,3600,1938.9
334509,353902,353903,19393,1,32,3600,1939.4
334509,353908,353910,19399,2,32,3600,1940.1
334509,353913,353915,19404,2,32,3600,1940.6
334509,353919,353920,19410,1,32,3600,1941.1
334509,353924,353925,19415,1,32,3600,1941.6
334510,353941,353944,19431,3,32,3600,1943.4
334510,353930,353937,19420,7,32,3600,1942.7
334510,353935,353941,19425,6,32,3600,1943.1
334517,353952,353953,19435,1,32,3600,1943.6
334517,353957,353958,19440,1,32,3600,1944.1
334517,353968,353969,19451,1,32,3600,1945.2
334517,353974,353975,19457,1,32,3600,1945.8
334517,353946,353948,19429,2,32,3600,1943.1
334517,353963,353964,19446,1,32,3600,1944.7
334518,353979,353981,19461,2,32,3600,1946.3
334518,353986,353993,19468,7,32,3600,1947.5
334518,353991,353994,19473,3,32,3600,1947.6
334518,353996,353997,19478,1,32,3600,1947.9
334518,354002,354003,19484,1,32,3600,1948.5
334518,354008,354009,19490,1,32,3600,1949.1
334518,354013,354014,19495,1,32,3600,1949.6
334519,354051,354052,19532,1,32,3600,1953.3
334519,354018,354020,19499,2,32,3600,1950.1
334519,354024,354025,19505,1,32,3600,1950.6
334519,354029,354035,19510,6,32,3600,1951.6
334519,354035,354036,19516,1,32,3600,1951.7
334519,354040,354042,19521,2,32,3600,1952.3
334519,354046,354047,19527,1,32,3600,1952.8
334520,354090,354091,19570,1,32,3600,1957.1
334520,354057,354058,19537,1,32,3600,1953.8
334520,354080,354081,19560,1,32,3600,1956.1
334520,354085,354086,19565,1,32,3600,1956.6
334520,354068,354069,19548,1,32,3600,1954.9
334520,354062,354063,19542,1,32,3600,1954.3
334520,354073,354076,19553,3,32,3600,1955.6
334521,354096,354097,19575,1,32,3600,1957.6
334521,354101,354102,19580,1,32,3600,1958.1
334521,354107,354108,19586,1,32,3600,1958.7
334527,354112,354113,19585,1,32,3600,1958.6
334527,354118,354124,19591,6,32,3600,1959.7
334528,354145,354146,19617,1,32,3600,1961.8
334528,354151,354152,19623,1,32,3600,1962.4
334528,354156,354157,19628,1,32,3600,1962.9
334528,354123,354124,19595,1,32,3600,1959.6
334528,354129,354130,19601,1,32,3600,1960.2
334528,354140,354141,19612,1,32,3600,1961.3
334528,354134,354135,19606,1,32,3600,1960.7
334529,354188,354190,19659,2,32,3600,1966.1
334529,354182,354184,19653,2,32,3600,1965.5
334529,354177,354178,19648,1,32,3600,1964.9
334529,354172,354173,19643,1,32,3600,1964.4
334530,354199,354200,19669,1,32,3600,1967.0
334530,354194,354195,19664,1,32,3600,1966.5
334530,354221,354222,19691,1,32,3600,1969.2
334530,354204,354205,19674,1,32,3600,1967.5
334530,354226,354227,19696,1,32,3600,1969.7
334531,354236,354238,19705,2,32,3600,1970.7
334531,354248,354250,19717,2,32,3600,1971.9
334531,354231,354232,19700,1,32,3600,1970.1
334531,354243,354245,19712,2,32,3600,1971.4
334532,354270,354271,19738,1,32,3600,1973.9
334532,354275,354276,19743,1,32,3600,1974.4
334532,354280,354281,19748,1,32,3600,1974.9
334532,354285,354287,19753,2,32,3600,1975.5
334532,354253,354258,19721,5,32,3600,1972.6
334533,354302,354305,19769,3,32,3600,1977.2
334533,354297,354298,19764,1,32,3600,1976.5
334533,354307,354308,19774,1,32,3600,1977.5
334546,351598,351607,17052,9,128,3600,1706.1
334546,351618,351622,17072,4,128,3600,1707.6
334546,351573,351587,17027,14,128,3600,1217.21428571
334547,351633,351637,17086,4,128,3600,1709.0
334547,351648,351665,17101,17,128,3600,1006.94117647
334547,351691,351699,17144,8,128,3600,1715.2
334547,351710,351712,17163,2,128,3600,1716.5
334547,351724,351726,17177,2,128,3600,1717.9
334547,351738,351742,17191,4,128,3600,1719.5
334547,351676,351680,17129,4,128,3600,1713.3
334548,351831,351838,17283,7,128,3600,1729.0
334548,351849,351852,17301,3,128,3600,1730.4
334548,351863,351865,17315,2,128,3600,1731.7
334548,351753,351756,17205,3,128,3600,1720.8
334548,351767,351770,17219,3,128,3600,1722.2
334548,351781,351792,17233,11,128,3600,1567.63636364
334548,351803,351806,17255,3,128,3600,1725.8
334548,351817,351820,17269,3,128,3600,1727.2
334549,351893,351901,17344,8,128,3600,1735.2
334549,351938,351941,17389,3,128,3600,1739.2
334549,351952,351955,17403,3,128,3600,1740.6
334549,351966,351975,17417,9,128,3600,1742.6
334549,351987,351989,17438,2,128,3600,1744.0
334549,351912,351927,17363,15,128,3600,1158.53333333
334549,351877,351882,17328,5,128,3600,1733.3
334550,352018,352021,17468,3,128,3600,1747.1
334550,352059,352065,17509,6,128,3600,1751.5
334550,352001,352007,17451,6,128,3600,1745.7
334550,352032,352034,17482,2,128,3600,1748.4
334550,352045,352047,17495,2,128,3600,1749.7
334558,352169,352174,17611,5,128,3600,1761.6
334558,352132,352143,17574,11,128,3600,1598.63636364
334558,352155,352158,17597,3,128,3600,1760.0
334558,352104,352107,17546,3,128,3600,1754.9
334558,352090,352093,17532,3,128,3600,1753.5
334558,352076,352079,17518,3,128,3600,1752.1
334558,352118,352121,17560,3,128,3600,1756.3
334559,352203,352206,17644,3,128,3600,1764.7
334559,352217,352219,17658,2,128,3600,1766.0
334559,352231,352240,17672,9,128,3600,1768.1
334559,352251,352258,17692,7,128,3600,1769.9
334559,352273,352278,17714,5,128,3600,1771.9
334559,352289,352291,17730,2,128,3600,1773.2
334559,352185,352191,17626,6,128,3600,1763.2
334560,352316,352329,17756,13,128,3600,1366.84615385
334560,352302,352305,17742,3,128,3600,1774.5
334560,352340,352343,17780,3,128,3600,1778.3
334560,352368,352375,17808,7,128,3600,1781.5
334560,352386,352388,17826,2,128,3600,1782.8
334560,352400,352408,17840,8,128,3600,1784.8
334560,352354,352356,17794,2,128,3600,1779.6
334561,352531,352534,17970,3,128,3600,1797.3
334561,352419,352425,17858,6,128,3600,1786.4
334561,352436,352439,17875,3,128,3600,1787.8
334561,352450,352465,17889,15,128,3600,1193.6
334561,352476,352483,17915,7,128,3600,1792.2
334561,352494,352504,17933,10,128,3600,1794.3
334561,352516,352520,17955,4,128,3600,1795.9
334562,352570,352574,18008,4,128,3600,1801.2
334562,352545,352559,17983,14,128,3600,1285.5
334569,352585,352598,18016,13,128,3600,1386.84615385
334570,352610,352612,18040,2,128,3600,1804.2
334570,352623,352625,18053,2,128,3600,1805.5
334570,352637,352643,18067,6,128,3600,1807.3
334570,352654,352658,18084,4,128,3600,1808.8
334570,352669,352675,18099,6,128,3600,1810.5
334570,352687,352700,18117,13,128,3600,1394.61538462
334570,352712,352719,18142,7,128,3600,1814.9
334571,352730,352738,18159,8,128,3600,1816.7
334571,352763,352765,18192,2,128,3600,1819.4
334571,352749,352752,18178,3,128,3600,1818.1
334571,352776,352782,18205,6,128,3600,1821.1
334571,352793,352801,18222,8,128,3600,1823.0
334571,352812,352824,18241,12,128,3600,1521.08333333
334571,352836,352838,18265,2,128,3600,1826.7
334572,352850,352852,18278,2,128,3600,1828.0
334572,352887,352890,18315,3,128,3600,1831.8
334572,352901,352908,18329,7,128,3600,1833.6
334572,352919,352921,18347,2,128,3600,1834.9
334572,352933,352935,18361,2,128,3600,1836.3
334572,352946,352948,18374,2,128,3600,1837.6
334572,352864,352876,18292,12,128,3600,1525.33333333
334573,352964,352966,18391,2,128,3600,1839.3
334573,352978,352980,18405,2,128,3600,1840.7
334573,353006,353009,18433,3,128,3600,1843.6
334573,353020,353022,18447,2,128,3600,1844.9
334573,353055,353058,18482,3,128,3600,1848.5
334573,352992,352994,18419,2,128,3600,1842.1
334573,353034,353043,18461,9,128,3600,1847.0
334574,353069,353073,18495,4,128,3600,1849.9
334580,353084,353092,18504,8,128,3600,1851.2
334580,353103,353106,18523,3,128,3600,1852.6
334580,353117,353120,18537,3,128,3600,1854.0
334581,353228,353231,18647,3,128,3600,1865.0
334581,353131,353141,18550,10,128,3600,1856.0
334581,353152,353159,18571,7,128,3600,1857.8
334581,353171,353184,18590,13,128,3600,1431.0
334581,353209,353217,18628,8,128,3600,1863.6
334581,353242,353250,18661,8,128,3600,1866.9
334581,353195,353198,18614,3,128,3600,1861.7
334582,353334,353336,18752,2,128,3600,1875.4
334582,353313,353323,18731,10,128,3600,1874.1
334582,353299,353302,18717,3,128,3600,1872.0
334582,353348,353366,18766,18,128,3600,1043.55555556
334582,353285,353287,18703,2,128,3600,1870.5
334582,353261,353273,18679,12,128,3600,1557.58333333
334583,353486,353498,18903,12,128,3600,1576.25
334583,353469,353475,18886,6,128,3600,1889.2
334583,353445,353458,18862,13,128,3600,1451.92307692
334583,353431,353434,18848,3,128,3600,1885.1
334583,353415,353420,18832,5,128,3600,1883.7
334583,353395,353404,18812,9,128,3600,1882.1
334583,353377,353384,18794,7,128,3600,1880.1
334584,353510,353512,18926,2,128,3600,1892.8
334584,353524,353527,18940,3,128,3600,1894.3
334584,353567,353569,18983,2,128,3600,1898.5
334584,353553,353556,18969,3,128,3600,1897.2
334584,353580,353592,18996,12,128,3600,1584.0
334584,353538,353542,18954,4,128,3600,1895.8
334585,353603,353605,19018,2,128,3600,1902.0
335984,335990,335993,6,3,4,432000,1.0
335998,336004,350556,6,14552,4,432000,1.00041231446
336100,336110,339526,10,3416,2,18000,1.00292740047
336184,336193,339330,9,3137,2,18000,1.0028689831
336314,336322,339706,8,3384,2,18000,1.00236406619
336394,336405,339785,11,3380,2,18000,1.00325443787
336423,336431,339832,8,3401,2,18000,1.00235224934
336496,336502,336521,6,19,2,300,1.31578947368
336528,336535,336587,7,52,2,300,1.13461538462
336548,336557,339845,9,3288,2,18000,1.00273722628
336566,336573,339897,7,3324,2,18000,1.00210589651
336568,336579,339852,11,3273,2,18000,1.00336083104
336570,336584,339970,14,3386,2,18000,1.00413467218
336595,336602,336838,7,236,2,300,1.02966101695
336628,336637,340025,9,3388,2,18000,1.00265643447
336646,336652,339969,6,3317,2,18000,1.00180886343
336663,336669,340094,6,3425,2,18000,1.00175182482
336664,336675,340084,11,3409,2,18000,1.00322675271
336701,336708,340079,7,3371,2,18000,1.00207653515
336729,336736,340074,7,3338,2,18000,1.00209706411
336747,336753,340235,6,3482,2,18000,1.00172314762
336748,336759,340048,11,3289,2,18000,1.00334448161
336764,336770,340039,6,3269,2,18000,1.00183542368
336765,336776,340224,11,3448,2,18000,1.00319025522
336767,336781,340178,14,3397,2,18000,1.00412128349
336786,336792,340132,6,3340,2,18000,1.00179640719
336802,336810,340142,8,3332,2,18000,1.00240096038
336831,336839,340224,8,3385,2,18000,1.0023633678
336845,336852,336872,7,20,2,300,1.35
336851,336858,340037,7,3179,2,18000,1.0022019503
336853,336863,340300,10,3437,2,18000,1.00290951411
336868,336875,340097,7,3222,2,18000,1.00217256363
336879,336885,336930,6,45,2,300,1.13333333333
336900,336905,340114,5,3209,2,18000,1.00155811779
336901,336911,340276,10,3365,2,18000,1.0029717682
336919,336925,340256,6,3331,2,18000,1.00180126088
336920,336931,340148,11,3217,2,18000,1.00341933478
336922,336936,340291,14,3355,2,18000,1.0041728763
336937,336943,340104,6,3161,2,18000,1.0018981335
336941,336949,336980,8,31,2,300,1.25806451613
336965,336973,340242,8,3269,2,18000,1.00244723157
336981,336988,340516,7,3528,2,18000,1.00198412698
336989,336995,337313,6,318,2,300,1.01886792453
336998,337004,340184,6,3180,2,18000,1.00188679245
336999,337010,340504,11,3494,2,18000,1.00314825415
337015,337021,340372,6,3351,2,18000,1.0017905103
337035,337044,340452,9,3408,2,18000,1.00264084507
337059,337065,340452,6,3387,2,18000,1.00177147919
337085,337090,340435,5,3345,2,18000,1.00149476831
337244,337250,337301,6,51,2,300,1.11764705882
337309,337315,337559,6,244,2,360,1.02459016393
337566,337573,337593,7,20,2,300,1.35
337600,337606,337627,6,21,2,300,1.28571428571
337635,337641,337659,6,18,2,360,1.33333333333
337666,337672,337983,6,311,2,300,1.0192926045
337997,338003,338038,6,35,2,360,1.17142857143
339333,339341,342742,8,3401,2,18000,1.00235224934
339529,339537,342940,8,3403,2,18000,1.00235086688
339709,339717,343095,8,3378,2,18000,1.00236826525
339789,339797,343145,8,3348,2,18000,1.00238948626
339836,339843,343368,7,3525,2,18000,1.0019858156
339853,339859,343183,6,3324,2,18000,1.00180505415
339854,339865,343078,11,3213,2,18000,1.00342359166
339900,339908,343032,8,3124,2,18000,1.00256081946
339977,339983,343322,6,3339,2,18000,1.00179694519
339978,339989,343289,11,3300,2,18000,1.00333333333
340037,340043,343218,6,3175,2,18000,1.00188976378
340076,340083,343469,7,3386,2,18000,1.00206733609
340078,340089,343452,11,3363,2,18000,1.00327088909
340079,340094,343559,15,3465,2,18000,1.00432900433
340080,340099,343173,19,3074,2,18000,1.00618087183
340098,340106,343450,8,3344,2,18000,1.0023923445
340100,340111,343474,11,3363,2,18000,1.00327088909
340101,340117,343522,16,3405,2,18000,1.0046989721
340103,340122,343451,19,3329,2,18000,1.00570741965
340121,340129,343439,8,3310,2,18000,1.00241691843
340123,340134,343460,11,3326,2,18000,1.00330727601
340139,340145,343476,6,3331,2,18000,1.00180126088
340155,340161,343505,6,3344,2,18000,1.00179425837
340156,340167,343521,11,3354,2,18000,1.00327966607
340182,340190,343594,8,3404,2,18000,1.00235017626
340198,340204,343605,6,3401,2,18000,1.001764187
340228,340235,343674,7,3439,2,18000,1.00203547543
340229,340241,343554,12,3313,2,18000,1.00362209478
340246,340252,343614,6,3362,2,18000,1.00178465199
340248,340258,343568,10,3310,2,18000,1.00302114804
340263,340270,343561,7,3291,2,18000,1.00212701307
340280,340287,343601,7,3314,2,18000,1.00211225106
340295,340302,343519,7,3217,2,18000,1.00217594032
340319,340325,343620,6,3295,2,18000,1.00182094082
340442,340448,341564,6,1116,2,18000,1.00537634409
340443,340454,341575,11,1121,2,18000,1.00981266726
340460,340466,341581,6,1115,2,18000,1.00538116592
340461,340472,341583,11,1111,2,18000,1.0099009901
340519,340525,341644,6,1119,2,18000,1.00536193029
340520,340531,341644,11,1113,2,18000,1.00988319856
340563,340569,340638,6,69,4,3540,1.08695652174
340564,340575,340638,11,63,2,3540,1.1746031746
341056,342742,342744,1686,2,3,432000,168.8
341567,341575,341576,8,1,2,18000,1.0
348824,348830,348885,6,55,12,72000,1.10909090909
374287,374293,377637,6,3344,2,18000,1.00179425837
374288,374299,377584,11,3285,2,18000,1.00334855403
374290,374304,377716,14,3412,2,18000,1.0041031653
374291,374309,377667,18,3358,2,18000,1.00536033353
374292,374314,377421,22,3107,2,18000,1.00708078532
374294,374319,377630,25,3311,2,18000,1.00755058895
374295,374325,377723,30,3398,2,18000,1.00882872278
374296,374330,377646,34,3316,2,18000,1.01025331725
374297,374335,377635,38,3300,2,18000,1.01151515152
374299,374340,377749,41,3409,2,18000,1.01202698739
374300,374345,377773,45,3428,2,18000,1.01312718786
374301,374351,377659,50,3308,2,18000,1.01511487304
374302,374356,377712,54,3356,2,18000,1.01609058403
374304,374361,377770,57,3409,2,18000,1.01672044588
374305,374366,377823,61,3457,2,18000,1.01764535725
374306,374371,377811,65,3440,2,18000,1.01889534884
374307,374376,377676,69,3300,2,18000,1.02090909091
374309,374381,377617,72,3236,2,18000,1.02224969098
374310,374386,377809,76,3423,2,18000,1.02220274613
374311,374392,377794,81,3402,2,18000,1.02380952381
374313,374397,377860,84,3463,2,18000,1.02425642506
374314,374402,377755,88,3353,2,18000,1.02624515359
374315,374407,377702,92,3295,2,18000,1.02792109256
374316,374413,377659,97,3246,2,18000,1.02988293284
374318,374418,377720,100,3302,2,18000,1.03028467595
374319,374423,377699,104,3276,2,18000,1.03174603175
374320,374429,377460,109,3031,2,18000,1.0359617288
374321,374434,377745,113,3311,2,18000,1.03412866204
374323,374439,377823,116,3384,2,18000,1.03427895981
374324,374444,377801,120,3357,2,18000,1.03574620197
374325,374449,377661,124,3212,2,18000,1.03860523039
374327,374454,377694,127,3240,2,18000,1.03919753086
374328,374460,378006,132,3546,2,18000,1.0372250423
374329,374465,377793,136,3328,2,18000,1.04086538462
374330,374470,377856,140,3386,2,18000,1.0413467218
374332,374475,377702,143,3227,2,18000,1.04431360397
374333,374480,377611,147,3131,2,18000,1.04694985628
374334,374485,377948,151,3463,2,18000,1.04360381172
374335,374491,377931,156,3440,2,18000,1.04534883721
377421,377427,380683,6,3256,2,18000,1.00184275184
377463,377469,380940,6,3471,2,18000,1.00172860847
377585,377591,381158,6,3567,2,18000,1.00168208579
377613,377619,381032,6,3413,2,18000,1.00175798418
377629,377635,381183,6,3548,2,18000,1.00169109357
377646,377652,380951,6,3299,2,18000,1.00181873295
377647,377658,380953,11,3295,2,18000,1.0033383915
377648,377663,381084,15,3421,2,18000,1.00438468284
377665,377671,380909,6,3238,2,18000,1.00185299568
377666,377677,381058,11,3381,2,18000,1.0032534753
377668,377682,381025,14,3343,2,18000,1.00418785522
377669,377687,380979,18,3292,2,18000,1.00546780073
377685,377693,380999,8,3306,2,18000,1.00241984271
377686,377698,380937,12,3239,2,18000,1.00370484718
377703,377709,380989,6,3280,2,18000,1.00182926829
377704,377715,380913,11,3198,2,18000,1.00343964978
377706,377720,381155,14,3435,2,18000,1.00407569141
377707,377726,381006,19,3280,2,18000,1.00579268293
377724,377732,381323,8,3591,2,18000,1.0022277917
377725,377737,380942,12,3205,2,18000,1.00374414977
377726,377742,381159,16,3417,2,18000,1.00468247
377728,377748,381211,20,3463,2,18000,1.0057753393
377747,377754,381011,7,3257,2,18000,1.00214921707
377762,377768,380904,6,3136,2,18000,1.00191326531
377763,377774,380968,11,3194,2,18000,1.00344395742
377779,377785,381058,6,3273,2,18000,1.00183318057
377780,377791,381135,11,3344,2,18000,1.00328947368
377796,377802,381234,6,3432,2,18000,1.00174825175
377797,377808,381186,11,3378,2,18000,1.00325636471
377814,377820,381307,6,3487,2,18000,1.0017206768
377815,377826,381176,11,3350,2,18000,1.00328358209
377816,377831,381293,15,3462,2,18000,1.00433275563
377832,377838,381245,6,3407,2,18000,1.00176108013
377833,377844,381169,11,3325,2,18000,1.00330827068
377859,377865,381277,6,3412,2,18000,1.00175849941
377874,377880,381247,6,3367,2,18000,1.00178200178
377934,377940,381411,6,3471,2,18000,1.00172860847
377949,377955,381356,6,3401,2,18000,1.001764187
378008,378014,381380,6,3366,2,18000,1.00178253119
378593,378599,385252,6,6653,2,21600,1.00090184879
380523,380529,380539,6,10,4,300,1.6
380685,380691,383771,6,3080,2,18000,1.00194805195
380867,380874,380883,7,9,4,60,1.6
380907,380913,384419,6,3506,2,18000,1.00171135197
380922,380929,384231,7,3302,2,18000,1.00211992732
380924,380934,384222,10,3288,2,18000,1.00304136253
380940,380946,384316,6,3370,2,18000,1.00178041543
380956,380962,384256,6,3294,2,18000,1.00182149362
380957,380968,384364,11,3396,2,18000,1.00323910483
380958,380973,384158,15,3185,2,18000,1.00470957614
380960,380978,384343,18,3365,2,18000,1.00534918276
380975,380984,384371,9,3387,2,18000,1.00265721878
380991,380997,384340,6,3343,2,18000,1.00179479509
380992,381003,384303,11,3300,2,18000,1.00333333333
381008,381014,384270,6,3256,2,18000,1.00184275184
381009,381020,384258,11,3238,2,18000,1.00339715874
381025,381032,384308,7,3276,2,18000,1.00213675214
381027,381037,384360,10,3323,2,18000,1.00300932892
381042,381048,384536,6,3488,2,18000,1.00172018349
381061,381068,384393,7,3325,2,18000,1.00210526316
381063,381074,384443,11,3369,2,18000,1.00326506382
381088,381094,384353,6,3259,2,18000,1.00184105554
381139,381145,384623,6,3478,2,18000,1.00172512938
381158,381164,384499,6,3335,2,18000,1.00179910045
381175,381181,384578,6,3397,2,18000,1.00176626435
381176,381186,384498,10,3312,2,18000,1.00301932367
381178,381192,384483,14,3291,2,18000,1.00425402613
381194,381200,384689,6,3489,2,18000,1.00171969046
381195,381206,384481,11,3275,2,18000,1.00335877863
381197,381211,384546,14,3335,2,18000,1.00419790105
381212,381218,384428,6,3210,2,18000,1.00186915888
381238,381244,384523,6,3279,2,18000,1.00182982617
381253,381260,384526,7,3266,2,18000,1.00214329455
381255,381265,384547,10,3282,2,18000,1.00304692261
381280,381286,384666,6,3380,2,18000,1.00177514793
381295,381301,384703,6,3402,2,18000,1.00176366843
381311,381317,384623,6,3306,2,18000,1.00181488203
381326,381332,384590,6,3258,2,18000,1.00184162063
381351,381357,386459,6,5102,2,21600,1.00117600941
381358,381365,384774,7,3409,2,18000,1.00205338809
381384,381390,384796,6,3406,2,18000,1.00176159718
381414,381420,384623,6,3203,2,18000,1.00187324383
382010,382017,441271,7,59254,1,180000,1.00011813548
382386,382392,382748,6,356,60,1200,1.01685393258
383774,383781,387105,7,3324,2,18000,1.00210589651
384161,384168,387560,7,3392,2,18000,1.00206367925
384162,384173,388416,11,4243,2,21600,1.0025925053
384225,384231,387564,6,3333,2,18000,1.00180018002
384241,384247,387544,6,3297,2,18000,1.00181983621
384258,384264,387402,6,3138,2,18000,1.00191204589
384274,384280,387587,6,3307,2,18000,1.00181433323
384275,384286,387683,11,3397,2,18000,1.00323815131
384305,384311,387569,6,3258,2,18000,1.00184162063
384321,384327,387692,6,3365,2,18000,1.00178306092
384322,384333,387689,11,3356,2,18000,1.00327771156
384341,384347,387810,6,3463,2,18000,1.00173260179
384357,384363,387720,6,3357,2,18000,1.0017873101
384358,384369,387743,11,3374,2,18000,1.00326022525
384374,384380,387579,6,3199,2,18000,1.00187558612
384375,384386,387711,11,3325,2,18000,1.00330827068
384376,384391,387804,15,3413,2,18000,1.00439496045
384395,384402,387709,7,3307,2,18000,1.0021167221
384421,384427,388013,6,3586,2,18000,1.00167317345
384436,384443,387873,7,3430,2,18000,1.00204081633
384453,384459,387798,6,3339,2,18000,1.00179694519
384483,384490,387840,7,3350,2,18000,1.00208955224
384485,384496,387739,11,3243,2,18000,1.00339192106
384501,384507,387911,6,3404,2,18000,1.0017626322
384502,384513,388082,11,3569,2,18000,1.00308209583
384526,384532,387975,6,3443,2,18000,1.00174266628
384528,384538,387864,10,3326,2,18000,1.00300661455
384544,384550,387828,6,3278,2,18000,1.00183038438
384560,384566,387835,6,3269,2,18000,1.00183542368
384561,384572,387887,11,3315,2,18000,1.00331825038
384581,384587,387793,6,3206,2,18000,1.00187149095
384597,384602,387944,5,3342,2,18000,1.00149611011
384626,384632,388122,6,3490,2,18000,1.00171919771
384627,384638,387928,11,3290,2,18000,1.00334346505
384629,384643,387800,14,3157,2,18000,1.0044345898
384668,384674,387979,6,3305,2,18000,1.00181543116
384691,384697,388031,6,3334,2,18000,1.00179964007
384707,384713,387871,6,3158,2,18000,1.00189993667
384777,384783,388004,6,3221,2,18000,1.00186277554
384797,384803,388151,6,3348,2,18000,1.0017921147
384889,384895,393833,6,8938,2,21600,1.00067129112
385420,385426,389857,6,4431,2,21600,1.00135409614
385862,385868,392058,6,6190,2,21600,1.00096930533
386727,386733,394950,6,8217,2,21600,1.0007301935
387107,387113,390471,6,3358,2,18000,1.00178677784
387249,387256,394921,7,7665,2,21600,1.00091324201
387405,387411,390864,6,3453,2,18000,1.00173761946
387448,387454,419344,6,31890,1,180000,1.00018814675
387546,387552,390782,6,3230,2,18000,1.00185758514
387562,387568,390872,6,3304,2,18000,1.00181598063
387577,387583,390921,6,3338,2,18000,1.00179748352
387579,387589,391054,10,3465,2,18000,1.00288600289
387594,387600,390849,6,3249,2,18000,1.00184672207
387595,387606,391190,11,3584,2,18000,1.00306919643
387686,387692,391009,6,3317,2,18000,1.00180886343
387688,387698,390938,10,3240,2,18000,1.00308641975
387703,387709,391099,6,3390,2,18000,1.0017699115
387720,387726,391213,6,3487,2,18000,1.0017206768
387721,387737,394943,16,7206,2,21600,1.00222037191
387721,387732,391070,11,3338,2,18000,1.00329538646
387736,387743,391125,7,3382,2,18000,1.00206978119
387741,387749,474915,8,87166,1,180000,1.0000917789
387752,387758,391023,6,3265,2,18000,1.00183767228
387753,387764,390955,11,3191,2,18000,1.00344719524
387795,387801,390959,6,3158,2,18000,1.00189993667
387812,387818,391004,6,3186,2,18000,1.00188323917
387813,387824,391104,11,3280,2,18000,1.00335365854
387815,387829,391002,14,3173,2,18000,1.00441222818
387816,387834,391266,18,3432,2,18000,1.00524475524
387831,387840,391203,9,3363,2,18000,1.00267618198
387847,387853,391270,6,3417,2,18000,1.00175592625
387848,387859,391150,11,3291,2,18000,1.0033424491
387868,387874,391422,6,3548,2,18000,1.00169109357
387883,387890,391294,7,3404,2,18000,1.00205640423
387885,387895,391164,10,3269,2,18000,1.00305903946
387901,387907,391214,6,3307,2,18000,1.00181433323
387917,387922,391113,5,3191,2,18000,1.00156690693
387933,387939,391335,6,3396,2,18000,1.00176678445
387949,387954,391340,5,3386,2,18000,1.00147666864
387978,387984,391329,6,3345,2,18000,1.00179372197
387994,388000,391205,6,3205,2,18000,1.00187207488
388010,388015,391393,5,3378,2,18000,1.00148016578
388026,388032,391424,6,3392,2,18000,1.00176886792
388041,388047,391412,6,3365,2,18000,1.00178306092
388083,388089,391548,6,3459,2,18000,1.00173460538
388125,388131,391457,6,3326,2,18000,1.00180396873
388130,388137,388153,7,16,60,43200,1.4375
388154,388160,391395,6,3235,2,18000,1.00185471406
388232,388238,568255,6,180017,1,180000,1.00003333019
388418,388424,396446,6,8022,2,21600,1.00074794316
388660,388666,388676,6,10,60,43200,1.6
388834,388840,389733,6,893,1,180000,1.00671892497
389117,389123,569129,6,180006,1,180000,1.00003333222
389246,389252,438856,6,49604,1,180000,1.00012095799
389354,389360,398027,6,8667,2,21600,1.00069228107
390473,390479,393756,6,3277,2,18000,1.00183094294
390561,390567,570572,6,180005,1,180000,1.00003333241
390783,390789,394233,6,3444,2,18000,1.00174216028
390851,390857,394162,6,3305,2,18000,1.00181543116
390866,390872,394062,6,3190,2,18000,1.00188087774
390881,390887,394224,6,3337,2,18000,1.00179802218
390924,390930,394427,6,3497,2,18000,1.00171575636
390939,390945,394195,6,3250,2,18000,1.00184615385
390958,390964,394247,6,3283,2,18000,1.00182759671
390973,390979,394401,6,3422,2,18000,1.00175336061
391004,391010,394342,6,3332,2,18000,1.00180072029
391005,391016,394468,11,3452,2,18000,1.00318655852
391020,391026,394376,6,3350,2,18000,1.00179104478
391035,391041,394429,6,3388,2,18000,1.00177095632
391056,391062,394347,6,3285,2,18000,1.00182648402
391074,391080,394369,6,3289,2,18000,1.00182426269
391102,391108,394624,6,3516,2,18000,1.00170648464
391117,391123,394338,6,3215,2,18000,1.00186625194
391118,391129,394449,11,3320,2,18000,1.00331325301
391133,391139,394601,6,3462,2,18000,1.00173310225
391151,391157,394507,6,3350,2,18000,1.00179104478
391166,391172,394558,6,3386,2,18000,1.00177200236
391194,391200,394572,6,3372,2,18000,1.00177935943
391209,391215,394619,6,3404,2,18000,1.0017626322
391210,391221,394604,11,3383,2,18000,1.00325155188
391225,391231,394542,6,3311,2,18000,1.00181214135
391226,391237,394594,11,3357,2,18000,1.00327673518
391269,391275,394895,6,3620,2,18000,1.00165745856
391284,391290,394809,6,3519,2,18000,1.00170502984
391299,391304,394609,5,3305,2,18000,1.0015128593
391332,391338,394644,6,3306,2,18000,1.00181488203
391347,391353,394733,6,3380,2,18000,1.00177514793
391349,391359,394829,10,3470,2,18000,1.00288184438
391395,391402,394707,7,3305,2,18000,1.00211800303
391397,391408,394711,11,3303,2,18000,1.00333030578
391416,391422,394804,6,3382,2,18000,1.00177409817
391431,391437,394795,6,3358,2,18000,1.00178677784
391432,391443,394731,11,3288,2,18000,1.00334549878
391461,391467,395020,6,3553,2,18000,1.00168871376
391550,391556,395133,6,3577,2,18000,1.00167738328
391781,391787,391806,6,19,60,43200,1.31578947368
392225,392232,392564,7,332,60,43200,1.02108433735
393379,393385,403064,6,9679,2,21600,1.00061989875
393759,393765,397186,6,3421,2,18000,1.00175387314
393760,393771,403829,11,10058,2,21600,1.00109365679
393880,393886,437114,6,43228,60,43200,1.00013879893
394065,394072,397384,7,3312,2,18000,1.00211352657
394164,394170,397761,6,3591,2,18000,1.00167084378
394199,394205,397603,6,3398,2,18000,1.00176574456
394226,394232,402320,6,8088,2,21600,1.00074183976
394228,394238,397599,10,3361,2,18000,1.00297530497
394243,394249,397547,6,3298,2,18000,1.00181928441
394258,394264,397599,6,3335,2,18000,1.00179910045
394341,394347,397855,6,3508,2,18000,1.00171037628
394357,394363,397776,6,3413,2,18000,1.00175798418
394358,394369,397727,11,3358,2,18000,1.00327575938
394373,394379,397632,6,3253,2,18000,1.00184445128
394388,394395,397668,7,3273,2,18000,1.00213871066
394404,394410,397714,6,3304,2,18000,1.00181598063
394429,394435,397892,6,3457,2,18000,1.00173560891
394444,394450,397736,6,3286,2,18000,1.00182592818
394459,394465,397951,6,3486,2,18000,1.0017211704
394475,394481,397953,6,3472,2,18000,1.0017281106
394498,394504,395028,6,524,1,180000,1.01145038168
394510,394516,397983,6,3467,2,18000,1.00173060283
394543,394549,397902,6,3353,2,18000,1.00178944229
394548,394555,400112,7,5557,1,180000,1.00125967249
394559,394565,397936,6,3371,2,18000,1.00177988727
394577,394583,397790,6,3207,2,18000,1.00187090739
394596,394602,398140,6,3538,2,18000,1.00169587337
394611,394617,397975,6,3358,2,18000,1.00178677784
394612,394623,398030,11,3407,2,18000,1.0032286469
394614,394628,397948,14,3320,2,18000,1.00421686747
394629,394635,397999,6,3364,2,18000,1.00178359096
394630,394641,398011,11,3370,2,18000,1.00326409496
394645,394651,397972,6,3321,2,18000,1.00180668473
394663,394669,403660,6,8991,2,21600,1.000667334
394720,394727,398240,7,3513,2,18000,1.00199259892
394722,394733,398140,11,3407,2,18000,1.0032286469
394737,394743,398097,6,3354,2,18000,1.00178890877
394738,394749,398036,11,3287,2,18000,1.00334651658
394778,394784,395348,6,564,1,180000,1.01063829787
394781,394790,395840,9,1050,1,180000,1.00857142857
394798,394805,398224,7,3419,2,18000,1.00204738228
394815,394820,398180,5,3360,2,18000,1.00148809524
394816,394826,398109,10,3283,2,18000,1.00304599452
394831,394837,398156,6,3319,2,18000,1.00180777343
394897,394904,398163,7,3259,2,18000,1.00214789813
395023,395029,398224,6,3195,2,18000,1.00187793427
395135,395142,398527,7,3385,2,18000,1.00206794682
395202,395208,404265,6,9057,2,21600,1.00066247102
395354,395360,403762,6,8402,64,57600,1.00071411569
396291,396297,396533,6,236,4,432000,1.02542372881
396637,396644,399487,7,2843,4,432000,1.00246218783
396929,396935,399212,6,2277,2,21600,1.00263504611
397188,397194,400681,6,3487,2,18000,1.0017206768
397198,398038,400634,840,2596,2,21600,1.32357473035
397388,397394,400894,6,3500,2,18000,1.00171428571
397438,397444,408947,6,11503,1,180000,1.00052160306
397550,397556,400824,6,3268,2,18000,1.00183598531
397577,399223,425299,1646,26076,1,180000,1.0631231784
397602,397609,400918,7,3309,2,18000,1.00211544273
397604,397615,400932,11,3317,2,18000,1.00331624962
397619,397625,401018,6,3393,2,18000,1.0017683466
397635,397641,400982,6,3341,2,18000,1.0017958695
397668,397675,401010,7,3335,2,18000,1.00209895052
397703,399228,579254,1525,180026,1,180000,1.00847099863
397716,397722,401084,6,3362,2,18000,1.00178465199
397732,397738,401101,6,3363,2,18000,1.00178412132
397747,397753,401140,6,3387,2,18000,1.00177147919
397763,397769,401155,6,3386,2,18000,1.00177200236
397778,397784,400887,6,3103,2,18000,1.00193361263
397793,397799,401163,6,3364,2,18000,1.00178359096
397843,400124,580147,2281,180023,1,180000,1.0126706032
397856,397863,401296,7,3433,2,18000,1.00203903292
397896,397902,401211,6,3309,2,18000,1.00181323663
397912,397918,401418,6,3500,2,18000,1.00171428571
397937,397943,401269,6,3326,2,18000,1.00180396873
397953,397959,401258,6,3299,2,18000,1.00181873295
397955,397965,401373,10,3408,2,18000,1.0029342723
397956,397970,401407,14,3437,2,18000,1.00407331976
397958,400645,444183,2687,43538,1,180000,1.06171620194
397976,397982,401275,6,3293,2,18000,1.00182204677
397978,397988,401215,10,3227,2,18000,1.00309885342
397993,397999,401289,6,3290,2,18000,1.00182370821
398009,398015,401418,6,3403,2,18000,1.00176315016
398025,398031,401344,6,3313,2,18000,1.00181104739
398033,400650,427260,2617,26610,1,180000,1.09834648628
398042,398047,401377,5,3330,2,18000,1.0015015015
398043,398053,401434,10,3381,2,18000,1.00295770482
398101,398107,401477,6,3370,2,18000,1.00178041543
398117,398123,401541,6,3418,2,18000,1.00175541252
398142,398148,401534,6,3386,2,18000,1.00177200236
398143,398154,401512,11,3358,2,18000,1.00327575938
398159,398166,401625,7,3459,2,18000,1.00202370627
398161,402331,417627,4170,15296,1,180000,1.27262029289
398175,398181,401481,6,3300,2,18000,1.00181818182
398191,398197,401307,6,3110,2,18000,1.00192926045
398227,398234,401480,7,3246,2,18000,1.00215650031
398229,398240,401657,11,3417,2,18000,1.00321919813
398244,398250,401602,6,3352,2,18000,1.00178997613
398319,402336,442059,4017,39723,1,180000,1.10112529265
398531,398538,402079,7,3541,2,18000,1.0019768427
399399,403075,403128,3676,53,2,3600,70.358490566
399443,400399,415634,956,15235,4,432000,1.06275024614
400682,400688,403960,6,3272,2,18000,1.00183374083
400826,400832,403960,6,3128,2,18000,1.00191815857
400889,400895,403960,6,3065,2,18000,1.00195758564
400905,400911,403960,6,3049,2,18000,1.00196785831
400923,400929,403960,6,3031,2,18000,1.0019795447
400938,400944,403960,6,3016,2,18000,1.00198938992
400982,400988,403960,6,2972,2,18000,1.00201884253
401013,401019,403960,6,2941,2,18000,1.00204012241
401029,401035,403960,6,2925,2,18000,1.00205128205
401088,401094,403960,6,2866,2,18000,1.00209351012
401103,401110,403960,7,2850,2,18000,1.00245614035
401143,401149,403960,6,2811,2,18000,1.00213447172
401158,401164,403960,6,2796,2,18000,1.00214592275
401173,401180,403960,7,2780,2,18000,1.00251798561
401215,401222,403960,7,2738,2,18000,1.00255661066
401217,401228,403960,11,2732,2,18000,1.00402635432
401262,401268,403960,6,2692,2,18000,1.00222882615
401277,401284,403960,7,2676,2,18000,1.00261584454
401279,401289,403960,10,2671,2,18000,1.00374391614
401297,401303,403960,6,2657,2,18000,1.00225818592
401298,401309,403960,11,2651,2,18000,1.00414937759
401315,401321,403960,6,2639,2,18000,1.00227358848
401345,401352,403960,7,2608,2,18000,1.00268404908
401374,401381,403960,7,2579,2,18000,1.00271423032
401391,401397,403960,6,2563,2,18000,1.00234100663
401410,401416,403960,6,2544,2,18000,1.00235849057
401426,401432,403960,6,2528,2,18000,1.00237341772
401427,401438,403960,11,2522,2,18000,1.00436161776
401443,401449,403960,6,2511,2,18000,1.00238948626
401479,401485,403960,6,2475,2,18000,1.00242424242
401495,401502,403960,7,2458,2,18000,1.00284784378
401497,401507,403960,10,2453,2,18000,1.00407664085
401516,401522,403960,6,2438,2,18000,1.00246103363
401534,401540,403960,6,2420,2,18000,1.00247933884
401550,401556,403960,6,2404,2,18000,1.00249584027
401603,401610,403960,7,2350,2,18000,1.0029787234
401626,401632,403960,6,2328,2,18000,1.00257731959
401658,401664,403960,6,2296,2,18000,1.00261324042
402080,402086,403960,6,1874,2,18000,1.00320170758
403120,403140,404788,20,1648,2,21600,1.01213592233
403789,403795,433548,6,29753,64,57600,1.00020166034
403945,403951,403952,6,1,1,360000,1.0
404198,404205,404241,7,36,2,18000,1.19444444444
404200,404210,404246,10,36,2,18000,1.27777777778
404201,404216,404252,15,36,2,18000,1.41666666667
404202,404221,404257,19,36,2,18000,1.52777777778
404203,404226,404262,23,36,2,18000,1.63888888889
404205,404231,404267,26,36,2,18000,1.72222222222
404206,404236,404287,30,51,2,18000,1.58823529412
404207,404242,404287,35,45,2,18000,1.77777777778
404208,404247,404287,39,40,2,18000,1.975
404210,404252,404287,42,35,2,18000,2.2
404211,404258,404287,47,29,2,18000,2.62068965517
404212,404263,404287,51,24,2,18000,3.125
404213,404268,404287,55,19,2,18000,3.89473684211
404215,404273,404287,58,14,2,18000,5.14285714286
404216,404278,404287,62,9,2,18000,7.1
404217,404283,404287,66,4,2,18000,7.0
404219,404289,404290,70,1,2,18000,7.1
404220,404294,404295,74,1,2,18000,7.5
404221,404299,404300,78,1,2,18000,7.9
404222,404304,404305,82,1,2,18000,8.3
404224,404309,404310,85,1,2,18000,8.6
404225,404314,404315,89,1,2,18000,9.0
404226,404319,404320,93,1,2,18000,9.4
404227,404324,404325,97,1,2,18000,9.8
404229,404329,404330,100,1,2,18000,10.1
404230,404335,404336,105,1,2,18000,10.6
404231,404340,404341,109,1,2,18000,11.0
404233,404345,404346,112,1,2,18000,11.3
404234,404350,404351,116,1,2,18000,11.7
404236,404355,404356,119,1,2,18000,12.0
404237,404360,404361,123,1,2,18000,12.4
404238,404365,404366,127,1,2,18000,12.8
404240,404371,404372,131,1,2,18000,13.2
404241,404376,404377,135,1,2,18000,13.6
404242,404381,404398,139,17,2,18000,9.17647058824
404243,404389,404398,146,9,2,18000,15.5
404245,404394,404398,149,4,2,18000,15.3
404246,404399,404400,153,1,2,18000,15.4
404247,404404,404405,157,1,2,18000,15.8
404248,404409,404410,161,1,2,18000,16.2
404421,404427,407881,6,3454,2,18000,1.00173711639
404422,404433,407835,11,3402,2,18000,1.00323339212
404423,404438,407657,15,3219,2,18000,1.00465983225
404835,404841,408053,6,3212,2,18000,1.00186799502
404836,404847,408171,11,3324,2,18000,1.00330926594
404838,404852,408168,14,3316,2,18000,1.00422195416
404839,404857,408268,18,3411,2,18000,1.00527704485
404840,404862,408055,22,3193,2,18000,1.00689007203
404841,404867,408383,26,3516,2,18000,1.00739476678
404843,404873,408238,30,3365,2,18000,1.00891530461
404844,404878,408328,34,3450,2,18000,1.00985507246
404845,404883,408288,38,3405,2,18000,1.01116005874
404846,404888,408167,42,3279,2,18000,1.01280878317
404848,404893,408189,45,3296,2,18000,1.01365291262
404849,404898,408216,49,3318,2,18000,1.01476793249
404850,404903,408228,53,3325,2,18000,1.01593984962
404851,404909,408243,58,3334,2,18000,1.0173965207
404853,404914,408368,61,3454,2,18000,1.01766068327
404854,404919,408395,65,3476,2,18000,1.01869965478
404855,404924,408378,69,3454,2,18000,1.01997683845
404857,404929,408414,72,3485,2,18000,1.02065997131
404858,404934,408431,76,3497,2,18000,1.02173291393
404859,404939,408319,80,3380,2,18000,1.02366863905
404860,404945,408278,85,3333,2,18000,1.02550255026
404862,404950,408202,88,3252,2,18000,1.0270602706
404863,404955,408425,92,3470,2,18000,1.0265129683
404864,404960,408235,96,3275,2,18000,1.0293129771
404865,404965,408423,100,3458,2,18000,1.02891844997
404867,404970,408396,103,3426,2,18000,1.03006421483
404868,404976,408194,108,3218,2,18000,1.03356121815
404869,404981,408376,112,3395,2,18000,1.03298969072
404871,404986,408261,115,3275,2,18000,1.03511450382
404872,404992,408421,120,3429,2,18000,1.03499562555
404874,404997,408335,123,3338,2,18000,1.03684841222
404875,405002,408426,127,3424,2,18000,1.0370911215
404876,405007,408481,131,3474,2,18000,1.03770869315
404877,405012,408418,135,3406,2,18000,1.03963593658
404879,405017,408249,138,3232,2,18000,1.0426980198
404880,405022,408293,142,3271,2,18000,1.04341180067
404881,405028,408177,147,3149,2,18000,1.04668148619
405047,405053,412252,6,7199,2,21600,1.00083344909
405411,405417,405437,6,20,1,72000,1.3
405507,405513,405570,6,57,1,72000,1.10526315789
405563,405570,412142,7,6572,2,21600,1.00106512477
405990,405996,406060,6,64,1,72000,1.09375
406719,406726,411494,7,4768,2,21600,1.00146812081
407244,407251,412212,7,4961,2,21600,1.00141100585
407660,407668,411046,8,3378,2,18000,1.00236826525
407775,411506,413776,3731,2270,2,21600,2.6436123348
407837,407846,411219,9,3373,2,18000,1.00266824785
407882,407893,411298,11,3405,2,18000,1.00323054332
408056,408064,411225,8,3161,2,18000,1.00253084467
408057,408070,411500,13,3430,2,18000,1.00379008746
408168,408178,411496,10,3318,2,18000,1.00301386377
408170,408184,411607,14,3423,2,18000,1.00408997955
408184,408190,411183,6,2993,2,18000,1.00200467758
408185,408196,411542,11,3346,2,18000,1.00328750747
408200,408206,411462,6,3256,2,18000,1.00184275184
408201,408212,411351,11,3139,2,18000,1.00350430073
408216,408222,411486,6,3264,2,18000,1.00183823529
408217,408228,411698,11,3470,2,18000,1.00317002882
408232,408239,411592,7,3353,2,18000,1.00208768267
408247,408253,411521,6,3268,2,18000,1.00183598531
408248,408259,411686,11,3427,2,18000,1.00320980449
408249,408264,411839,15,3575,2,18000,1.0041958042
408264,408270,411472,6,3202,2,18000,1.00187382886
408265,408276,411691,11,3415,2,18000,1.00322108346
408280,408286,411733,6,3447,2,18000,1.00174064404
408281,408292,411658,11,3366,2,18000,1.00326797386
408282,412154,421420,3872,9266,2,21600,1.41787178934
408296,408302,411686,6,3384,2,18000,1.00177304965
408297,408308,411535,11,3227,2,18000,1.00340873877
408321,408330,411662,9,3332,2,18000,1.00270108043
408337,408343,411812,6,3469,2,18000,1.00172960507
408338,408349,411721,11,3372,2,18000,1.00326215896
408371,408379,411584,8,3205,2,18000,1.00249609984
408386,408392,411723,6,3331,2,18000,1.00180126088
408387,408398,411816,11,3418,2,18000,1.00321825629
408388,408403,411670,15,3267,2,18000,1.00459136823
408403,408409,411647,6,3238,2,18000,1.00185299568
408404,408415,411748,11,3333,2,18000,1.00330033003
408419,408425,411838,6,3413,2,18000,1.00175798418
408420,408431,411866,11,3435,2,18000,1.00320232897
408435,408441,411798,6,3357,2,18000,1.0017873101
408436,408447,411814,11,3367,2,18000,1.00326700327
408438,408452,411922,14,3470,2,18000,1.00403458213
408439,408457,411653,18,3196,2,18000,1.00563204005
408440,408462,411574,22,3112,2,18000,1.00706940874
408479,408492,411645,13,3153,2,18000,1.00412305741
408739,412268,471524,3529,59256,1,72000,1.05955515053
408739,412263,484303,3524,72040,1,72000,1.04891726818
408739,408959,419519,220,10560,1,72000,1.02083333333
408740,413037,485068,4297,72031,1,72000,1.05965487082
408740,423163,423164,14423,1,1,72000,1442.4
408740,412580,433525,3840,20945,1,72000,1.18333731201
408740,423158,423159,14418,1,1,72000,1441.9
408741,423179,423180,14438,1,1,72000,1443.9
408741,423168,423169,14427,1,1,72000,1442.8
408741,423174,423175,14433,1,1,72000,1443.4
408742,423190,435715,14448,12525,1,72000,2.15353293413
408742,423184,434748,14442,11564,1,72000,2.24887582152
408743,423201,495235,14458,72034,1,72000,1.20071077547
408743,423195,495234,14452,72039,1,72000,1.20061355655
408744,423229,495242,14485,72013,1,72000,1.20114423785
408744,423234,445815,14490,22581,1,72000,1.6416899163
408744,423219,434279,14475,11060,1,72000,2.30877034358
408744,423206,487618,14462,64412,1,72000,1.22452338074
408744,423224,446131,14480,22907,1,72000,1.63212118566
408744,423211,427237,14467,4026,1,72000,4.59339294585
408745,423251,423252,14506,1,1,72000,1450.7
408745,423263,423264,14518,1,1,72000,1451.9
408745,423275,423276,14530,1,1,72000,1453.1
408746,415645,480598,6899,64953,1,72000,1.10621526334
408746,413042,426297,4296,13255,1,72000,1.32410411166
408746,413787,422445,5041,8658,1,72000,1.58223608224
408746,415650,464752,6904,49102,1,72000,1.14060527066
408746,415655,423884,6909,8229,1,72000,1.83959168793
408746,413792,483752,5046,69960,1,72000,1.07212692967
408747,419530,419531,10783,1,1,72000,1078.4
408747,415660,423576,6913,7916,1,72000,1.87329459323
408747,419355,485259,10608,65904,1,72000,1.1609613984
408747,417707,489745,8960,72038,1,72000,1.12437880008
408747,417638,440606,8891,22968,1,72000,1.38710379659
408747,419542,419543,10795,1,1,72000,1079.6
408748,419590,429748,10842,10158,1,72000,2.06733608978
408748,419566,419567,10818,1,1,72000,1081.9
408748,419554,419555,10806,1,1,72000,1080.7
408748,419578,419579,10830,1,1,72000,1083.1
408748,421441,492636,12693,71195,1,72000,1.17828499192
408748,421436,428151,12688,6715,1,72000,2.8895011169
408749,423152,444985,14403,21833,1,72000,1.65968946091
408749,422457,434951,13708,12494,1,72000,2.09716663999
409256,412223,413026,2967,803,2,21600,4.69489414695
411047,411057,414473,10,3416,2,18000,1.00292740047
411185,411194,414529,9,3335,2,18000,1.00269865067
411221,411231,414672,10,3441,2,18000,1.00290613194
411235,411241,414427,6,3186,2,18000,1.00188323917
411298,411309,414752,11,3443,2,18000,1.00319488818
411352,411362,414783,10,3421,2,18000,1.00292312189
411463,411473,414814,10,3341,2,18000,1.00299311583
411478,411484,414873,6,3389,2,18000,1.00177043376
411493,411499,415002,6,3503,2,18000,1.00171281758
411508,411514,415021,6,3507,2,18000,1.00171086399
411509,411519,414969,10,3450,2,18000,1.00289855072
411523,411533,414860,10,3327,2,18000,1.00300571085
411538,411546,414754,8,3208,2,18000,1.00249376559
411552,411559,414970,7,3411,2,18000,1.00205218411
411576,411586,414923,10,3337,2,18000,1.00299670363
411591,411597,415013,6,3416,2,18000,1.00175644028
411606,411612,414847,6,3235,2,18000,1.00185471406
411620,411626,415020,6,3394,2,18000,1.00176782557
411647,411656,415031,9,3375,2,18000,1.00266666667
411662,411668,414891,6,3223,2,18000,1.00186161961
411663,411674,415054,11,3380,2,18000,1.00325443787
411665,411679,415028,14,3349,2,18000,1.00418035234
411666,411684,414963,18,3279,2,18000,1.0054894785
411681,411690,415134,9,3444,2,18000,1.00261324042
411695,411701,415233,6,3532,2,18000,1.00169875425
411697,411708,414909,11,3201,2,18000,1.00343642612
411698,411713,415002,15,3289,2,18000,1.00456065673
411713,411719,415004,6,3285,2,18000,1.00182648402
411728,411734,414861,6,3127,2,18000,1.00191877199
411729,411740,415018,11,3278,2,18000,1.0033557047
411744,411750,415040,6,3290,2,18000,1.00182370821
411758,411764,414924,6,3160,2,18000,1.00189873418
411800,411809,415230,9,3421,2,18000,1.0026308097
411815,411829,415287,14,3458,2,18000,1.004048583
411816,411823,415324,7,3501,2,18000,1.00199942873
411831,411837,415340,6,3503,2,18000,1.00171281758
411846,411852,414989,6,3137,2,18000,1.0019126554
411847,411858,415226,11,3368,2,18000,1.00326603325
411868,411878,415431,10,3553,2,18000,1.00281452294
411922,411933,415266,11,3333,2,18000,1.00330033003
414427,414438,417715,11,3277,2,18000,1.00335672872
414475,414484,417967,9,3483,2,18000,1.00258397933
414532,414540,418023,8,3483,2,18000,1.00229687051
414673,414683,418058,10,3375,2,18000,1.00296296296
414754,414763,418303,9,3540,2,18000,1.00254237288
414756,414769,418081,13,3312,2,18000,1.00392512077
414786,414795,418223,9,3428,2,18000,1.00262543757
414815,414825,418266,10,3441,2,18000,1.00290613194
414848,414858,418134,10,3276,2,18000,1.00305250305
414863,414871,418397,8,3526,2,18000,1.0022688599
414864,414877,418112,13,3235,2,18000,1.00401854714
414879,414885,418331,6,3446,2,18000,1.00174114916
414894,414902,418366,8,3464,2,18000,1.00230946882
414911,414920,418181,9,3261,2,18000,1.0027598896
414927,414934,418329,7,3395,2,18000,1.00206185567
414929,414940,418321,11,3381,2,18000,1.0032534753
414964,414974,418284,10,3310,2,18000,1.00302114804
414979,414985,418360,6,3375,2,18000,1.00177777778
414980,414991,418275,11,3284,2,18000,1.00334957369
414995,415001,418354,6,3353,2,18000,1.00178944229
415010,415016,418229,6,3213,2,18000,1.00186741363
415011,415022,418384,11,3362,2,18000,1.00327186199
415012,415027,418370,15,3343,2,18000,1.00448698774
415028,415034,418515,6,3481,2,18000,1.00172364263
415029,415040,418453,11,3413,2,18000,1.00322297099
415030,415045,418275,15,3230,2,18000,1.00464396285
415031,415050,418520,19,3470,2,18000,1.00547550432
415046,415056,418523,10,3467,2,18000,1.00288433804
415048,415061,418404,13,3343,2,18000,1.0038887227
415049,415066,418423,17,3357,2,18000,1.00506404528
415063,415072,418471,9,3399,2,18000,1.0026478376
415137,415145,418498,8,3353,2,18000,1.00238592305
415226,415237,418723,11,3486,2,18000,1.00315547906
415241,415248,418737,7,3489,2,18000,1.00200630553
415243,415254,418584,11,3330,2,18000,1.0033033033
415269,415278,418739,9,3461,2,18000,1.00260040451
415290,415298,418564,8,3266,2,18000,1.00244947949
415326,415336,418490,10,3154,2,18000,1.00317057705
415340,415351,418811,11,3460,2,18000,1.00317919075
415433,415442,418769,9,3327,2,18000,1.00270513977
417718,417727,421231,9,3504,2,18000,1.00256849315
417971,417978,421408,7,3430,2,18000,1.00204081633
418024,418034,421052,10,3018,2,18000,1.00331345262
418060,418069,421384,9,3315,2,18000,1.00271493213
418084,418092,421414,8,3322,2,18000,1.00240818784
418113,418124,421477,11,3353,2,18000,1.0032806442
418134,418145,421514,11,3369,2,18000,1.00326506382
418182,418193,421383,11,3190,2,18000,1.00344827586
418225,418235,421703,10,3468,2,18000,1.00288350634
418239,418246,421620,7,3374,2,18000,1.0020746888
418269,418277,421682,8,3405,2,18000,1.00234948605
418284,418290,421666,6,3376,2,18000,1.00177725118
418285,418296,421588,11,3292,2,18000,1.00334143378
418286,418301,421591,15,3290,2,18000,1.00455927052
418305,418314,421707,9,3393,2,18000,1.00265251989
418323,418332,421710,9,3378,2,18000,1.0026642984
418338,418344,421646,6,3302,2,18000,1.00181708056
418339,418350,421673,11,3323,2,18000,1.00331026181
418356,418365,421593,9,3228,2,18000,1.00278810409
418371,418377,421635,6,3258,2,18000,1.00184162063
418373,418383,421954,10,3571,2,18000,1.00280033604
418374,418388,421697,14,3309,2,18000,1.00423088546
418389,418395,421955,6,3560,2,18000,1.00168539326
418404,418410,421758,6,3348,2,18000,1.0017921147
418405,418416,421950,11,3534,2,18000,1.00311262026
418423,418434,421651,11,3217,2,18000,1.00341933478
418456,418464,421950,8,3486,2,18000,1.00229489386
418473,418482,421951,9,3469,2,18000,1.00259440761
418493,418502,421951,9,3449,2,18000,1.00260945202
418508,418514,421950,6,3436,2,18000,1.00174621653
418523,418529,421950,6,3421,2,18000,1.00175387314
418524,418535,421946,11,3411,2,18000,1.00322486074
418526,418540,421951,14,3411,2,18000,1.00410436822
418564,418575,421946,11,3371,2,18000,1.00326312667
418585,418595,421950,10,3355,2,18000,1.00298062593
418726,418734,422218,8,3484,2,18000,1.00229621125
418741,418748,422142,7,3394,2,18000,1.00206246317
418742,418754,422117,12,3363,2,18000,1.00356824264
418770,418780,422093,10,3313,2,18000,1.00301841232
418813,418823,422185,10,3362,2,18000,1.00297441999
421047,423896,423944,2849,48,2,3600,60.3541666667
421054,421064,424342,10,3278,2,18000,1.00305064063
421232,421242,424472,10,3230,2,18000,1.00309597523
421262,423299,570665,2037,147366,1,180000,1.01382272709
421385,421394,424737,9,3343,2,18000,1.00269219264
421386,421400,424637,14,3237,2,18000,1.00432499228
421410,421419,424803,9,3384,2,18000,1.00265957447
421424,421430,424817,6,3387,2,18000,1.00177147919
421479,421489,424808,10,3319,2,18000,1.00301295571
421517,421525,425041,8,3516,2,18000,1.00227531286
421590,421599,425047,9,3448,2,18000,1.00261020882
421604,421611,424910,7,3299,2,18000,1.00212185511
421606,421616,425027,10,3411,2,18000,1.00293169159
421623,421632,425051,9,3419,2,18000,1.00263234864
421639,421646,424845,7,3199,2,18000,1.00218818381
421654,421660,424987,6,3327,2,18000,1.00180342651
421655,421666,424878,11,3212,2,18000,1.00342465753
421669,421678,425054,9,3376,2,18000,1.00266587678
421684,421690,425190,6,3500,2,18000,1.00171428571
421686,421696,425107,10,3411,2,18000,1.00293169159
421700,421708,425079,8,3371,2,18000,1.00237318303
421715,421721,425006,6,3285,2,18000,1.00182648402
421717,421727,424993,10,3266,2,18000,1.00306184936
421718,421732,425129,14,3397,2,18000,1.00412128349
421760,421769,425284,9,3515,2,18000,1.00256045519
421948,421957,425256,9,3299,2,18000,1.00272809942
421950,421962,425399,12,3437,2,18000,1.00349141693
421966,421972,425353,6,3381,2,18000,1.00177462289
421967,421978,425360,11,3382,2,18000,1.00325251331
421969,421983,425334,14,3351,2,18000,1.00417785736
421970,421988,425311,18,3323,2,18000,1.00541679206
421971,421993,425245,22,3252,2,18000,1.00676506765
421972,421998,425356,26,3358,2,18000,1.00774270399
421974,422004,425399,30,3395,2,18000,1.0088365243
421975,422009,425344,34,3335,2,18000,1.01019490255
421976,422014,425321,38,3307,2,18000,1.01149077714
421977,422019,425536,42,3517,2,18000,1.01194199602
422095,422104,425296,9,3192,2,18000,1.00281954887
422119,422128,425634,9,3506,2,18000,1.00256702795
422145,422154,425556,9,3402,2,18000,1.00264550265
422187,422200,425607,13,3407,2,18000,1.00381567361
422220,422229,425606,9,3377,2,18000,1.00266508736
423296,423955,423988,659,33,2,300,20.9696969697
423414,423999,424007,585,8,2,300,59.3
423995,424018,424328,23,310,2,300,1.07419354839
424022,424339,424475,317,136,2,300,3.33088235294
424345,424353,427612,8,3259,2,18000,1.00245474072
424350,424490,424525,140,35,2,360,5.0
424474,424484,427858,10,3374,2,18000,1.00296384114
424534,424540,424851,6,311,2,300,1.0192926045
424640,424648,428087,8,3439,2,18000,1.00232625763
424739,424748,428184,9,3436,2,18000,1.0026193248
424805,424815,428237,10,3422,2,18000,1.00292226768
424820,424826,428126,6,3300,2,18000,1.00181818182
424822,424832,428234,10,3402,2,18000,1.00293944738
424848,424857,428142,9,3285,2,18000,1.00273972603
424878,424889,428361,11,3472,2,18000,1.00316820276
424911,424922,428149,11,3227,2,18000,1.00340873877
424989,424999,428527,10,3528,2,18000,1.00283446712
425004,425010,428265,6,3255,2,18000,1.00184331797
425019,425025,428346,6,3321,2,18000,1.00180668473
425034,425041,428502,7,3461,2,18000,1.00202253684
425049,425055,428291,6,3236,2,18000,1.00185414091
425050,425061,428364,11,3303,2,18000,1.00333030578
425065,425071,428542,6,3471,2,18000,1.00172860847
425066,425077,428140,11,3063,2,18000,1.00359125041
425082,425091,428401,9,3310,2,18000,1.00271903323
425109,425118,428488,9,3370,2,18000,1.00267062315
425130,425140,428605,10,3465,2,18000,1.00288600289
425192,425202,428568,10,3366,2,18000,1.00297088532
425246,425257,428459,11,3202,2,18000,1.0034353529
425261,425267,428411,6,3144,2,18000,1.00190839695
425285,425295,428466,10,3171,2,18000,1.00315357931
425300,425307,428616,7,3309,2,18000,1.00211544273
425314,425322,428666,8,3344,2,18000,1.0023923445
425329,425335,428514,6,3179,2,18000,1.00188738597
425344,425350,428620,6,3270,2,18000,1.00183486239
425359,425365,428794,6,3429,2,18000,1.00174978128
425360,425371,428629,11,3258,2,18000,1.00337630448
425362,425376,428578,14,3202,2,18000,1.00437226733
425376,425382,428915,6,3533,2,18000,1.00169827342
425401,425410,428773,9,3363,2,18000,1.00267618198
425402,425415,428721,13,3306,2,18000,1.0039322444
425538,425547,428883,9,3336,2,18000,1.00269784173
425559,425567,428978,8,3411,2,18000,1.00234535327
425607,425617,428806,10,3189,2,18000,1.00313577924
425622,425628,429000,6,3372,2,18000,1.00177935943
425636,425645,428967,9,3322,2,18000,1.00270921132
426385,426391,426596,6,205,4,432000,1.02926829268
426614,426620,426872,6,252,4,432000,1.02380952381
426890,426896,427659,6,763,4,432000,1.00786369594
427506,427670,427733,164,63,4,3540,3.60317460317
427616,427623,430942,7,3319,2,18000,1.002109069
427667,427744,456521,77,28777,4,432000,1.00267574799
427859,427869,431075,10,3206,2,18000,1.00311915159
428090,428099,431451,9,3352,2,18000,1.0026849642
428127,428137,431550,10,3413,2,18000,1.00292997363
428142,428151,431753,9,3602,2,18000,1.00249861188
428156,428162,431415,6,3253,2,18000,1.00184445128
428158,428168,431435,10,3267,2,18000,1.00306091215
428184,428195,431483,11,3288,2,18000,1.00334549878
428235,428245,431493,10,3248,2,18000,1.00307881773
428250,428256,431616,6,3360,2,18000,1.00178571429
428267,428276,431729,9,3453,2,18000,1.00260642919
428291,428302,431656,11,3354,2,18000,1.00327966607
428348,428357,431811,9,3454,2,18000,1.00260567458
428363,428372,431745,9,3373,2,18000,1.00266824785
428377,428383,431725,6,3342,2,18000,1.00179533214
428401,428412,431957,11,3545,2,18000,1.00310296192
428416,428422,431680,6,3258,2,18000,1.00184162063
428460,428470,431723,10,3253,2,18000,1.00307408546
428475,428481,431819,6,3338,2,18000,1.00179748352
428490,428499,431728,9,3229,2,18000,1.00278724063
428505,428513,431746,8,3233,2,18000,1.00247448191
428520,428526,431967,6,3441,2,18000,1.00174367916
428534,428540,431907,6,3367,2,18000,1.00178200178
428549,428555,431751,6,3196,2,18000,1.00187734668
428570,428579,431798,9,3219,2,18000,1.00279589935
428576,428585,428648,9,63,2,3540,1.14285714286
428584,428591,431894,7,3303,2,18000,1.0021192855
428608,428616,431987,8,3371,2,18000,1.00237318303
428623,428629,431994,6,3365,2,18000,1.00178306092
428624,428635,432060,11,3425,2,18000,1.00321167883
428638,428645,432109,7,3464,2,18000,1.00202078522
428668,428677,431921,9,3244,2,18000,1.00277435265
428722,428732,432186,10,3454,2,18000,1.00289519398
428775,428785,432190,10,3405,2,18000,1.00293685756
428796,428805,432046,9,3241,2,18000,1.0027769207
428811,428817,432315,6,3498,2,18000,1.00171526587
428886,428894,432066,8,3172,2,18000,1.0025220681
428915,428926,432408,11,3482,2,18000,1.00315910396
428969,428978,432403,9,3425,2,18000,1.00262773723
428984,428990,432373,6,3383,2,18000,1.00177357375
429001,429011,432269,10,3258,2,18000,1.00306936771
430943,430953,434403,10,3450,2,18000,1.00289855072
431075,431086,434574,11,3488,2,18000,1.00315366972
431415,431426,434824,11,3398,2,18000,1.00323719835
431436,431446,434926,10,3480,2,18000,1.00287356322
431454,431462,434891,8,3429,2,18000,1.0023330417
431487,431495,434943,8,3448,2,18000,1.00232018561
431501,431507,434954,6,3447,2,18000,1.00174064404
431552,431562,434822,10,3260,2,18000,1.00306748466
431618,431627,434916,9,3289,2,18000,1.00273639404
431657,431667,435078,10,3411,2,18000,1.00293169159
431681,431691,435099,10,3408,2,18000,1.0029342723
431726,431734,435158,8,3424,2,18000,1.0023364486
431727,431740,435283,13,3543,2,18000,1.00366920689
431742,431748,435002,6,3254,2,18000,1.00184388445
431743,431754,435256,11,3502,2,18000,1.00314106225
431758,431764,435008,6,3244,2,18000,1.00184956843
431759,431770,434994,11,3224,2,18000,1.00341191067
431760,431775,435217,15,3442,2,18000,1.00435793144
431762,431780,435049,18,3269,2,18000,1.00550627103
431801,431809,435031,8,3222,2,18000,1.00248292986
431815,431822,435101,7,3279,2,18000,1.00213479719
431830,431836,435221,6,3385,2,18000,1.00177252585
431896,431905,435346,9,3441,2,18000,1.00261551874
431910,431918,435401,8,3483,2,18000,1.00229687051
431925,431932,435478,7,3546,2,18000,1.00197405527
431958,431968,435195,10,3227,2,18000,1.00309885342
431972,431978,435263,6,3285,2,18000,1.00182648402
431990,431999,435239,9,3240,2,18000,1.00277777778
432005,432011,435237,6,3226,2,18000,1.00185988841
432047,432057,435491,10,3434,2,18000,1.00291205591
432061,432071,435357,10,3286,2,18000,1.00304321363
432076,432082,435451,6,3369,2,18000,1.0017809439
432111,432120,435516,9,3396,2,18000,1.00265017668
432186,432197,435303,11,3106,2,18000,1.00354153252
432201,432207,435584,6,3377,2,18000,1.0017767249
432270,432280,435389,10,3109,2,18000,1.00321646832
432317,432326,435732,9,3406,2,18000,1.00264239577
432374,432385,435746,11,3361,2,18000,1.00327283547
432404,432414,435747,10,3333,2,18000,1.00300030003
432418,432425,435771,7,3346,2,18000,1.00209205021
434405,434414,437753,9,3339,2,18000,1.00269541779
434577,434585,438094,8,3509,2,18000,1.00227985181
434823,434833,437988,10,3155,2,18000,1.00316957211
434838,434844,437958,6,3114,2,18000,1.00192678227
434891,434902,438302,11,3400,2,18000,1.00323529412
434918,434927,438297,9,3370,2,18000,1.00267062315
434933,434939,437951,6,3012,2,18000,1.00199203187
434948,434953,438106,5,3153,2,18000,1.00158579131
434962,434968,438379,6,3411,2,18000,1.00175901495
434995,435005,438383,10,3378,2,18000,1.00296033156
435010,435016,438334,6,3318,2,18000,1.00180831826
435011,435022,438311,11,3289,2,18000,1.00334448161
435032,435042,438317,10,3275,2,18000,1.00305343511
435052,435061,438474,9,3413,2,18000,1.00263697627
435079,435090,438564,11,3474,2,18000,1.00316637881
435100,435110,438375,10,3265,2,18000,1.00306278714
435114,435121,438561,7,3440,2,18000,1.00203488372
435159,435169,438529,10,3360,2,18000,1.00297619048
435198,435206,438588,8,3382,2,18000,1.00236546422
435218,435228,438452,10,3224,2,18000,1.00310173697
435233,435239,438802,6,3563,2,18000,1.00168397418
435248,435254,438627,6,3373,2,18000,1.0017788319
435249,435260,438598,11,3338,2,18000,1.00329538646
435264,435270,438831,6,3561,2,18000,1.00168491997
435265,435276,438662,11,3386,2,18000,1.003248671
435286,435294,438716,8,3422,2,18000,1.00233781414
435306,435314,438759,8,3445,2,18000,1.0023222061
435348,435357,438522,9,3165,2,18000,1.0028436019
435363,435368,438678,5,3310,2,18000,1.00151057402
435393,435401,438768,8,3367,2,18000,1.00237600238
435407,435414,438683,7,3269,2,18000,1.00214132762
435452,435462,438651,10,3189,2,18000,1.00313577924
435479,435489,438951,10,3462,2,18000,1.00288850376
435494,435502,438896,8,3394,2,18000,1.00235710077
435517,435527,438771,10,3244,2,18000,1.00308261406
435586,435595,439010,9,3415,2,18000,1.00263543192
435733,435743,439278,10,3535,2,18000,1.00282885431
435748,435757,439260,9,3503,2,18000,1.00256922638
435749,435763,439084,14,3321,2,18000,1.00421559771
435773,435783,439274,10,3491,2,18000,1.00286450874
437365,437371,437386,6,15,2,3600,1.4
437382,437388,439817,6,2429,2,3600,1.00247015233
437756,437765,441200,9,3435,2,18000,1.00262008734
437952,437963,441434,11,3471,2,18000,1.00316911553
437966,437973,441537,7,3564,2,18000,1.0019640853
437990,438000,441294,10,3294,2,18000,1.00303582271
438095,438105,441383,10,3278,2,18000,1.00305064063
438110,438118,441425,8,3307,2,18000,1.00241911098
438299,438308,441566,9,3258,2,18000,1.00276243094
438314,438320,441490,6,3170,2,18000,1.00189274448
438315,438326,441785,11,3459,2,18000,1.00318010986
438330,438336,441835,6,3499,2,18000,1.00171477565
438344,438350,441843,6,3493,2,18000,1.00171772116
438377,438386,441613,9,3227,2,18000,1.00278896808
438392,438398,441602,6,3204,2,18000,1.00187265918
438393,438404,441596,11,3192,2,18000,1.00344611529
438456,438464,441642,8,3178,2,18000,1.00251730648
438476,438485,441689,9,3204,2,18000,1.00280898876
438524,438533,442017,9,3484,2,18000,1.00258323766
438539,438545,441880,6,3335,2,18000,1.00179910045
438562,438572,441825,10,3253,2,18000,1.00307408546
438578,438584,441845,6,3261,2,18000,1.0018399264
438592,438599,442023,7,3424,2,18000,1.00204439252
438607,438613,441957,6,3344,2,18000,1.00179425837
438627,438638,441964,11,3326,2,18000,1.00330727601
438651,438662,442034,11,3372,2,18000,1.00326215896
438666,438673,442113,7,3440,2,18000,1.00203488372
438680,438689,442124,9,3435,2,18000,1.00262008734
438695,438701,441903,6,3202,2,18000,1.00187382886
438719,438727,442019,8,3292,2,18000,1.00243013366
438760,438770,442060,10,3290,2,18000,1.00303951368
438776,438782,442254,6,3472,2,18000,1.0017281106
438777,438788,442303,11,3515,2,18000,1.00312944523
438803,438813,442222,10,3409,2,18000,1.00293341156
438833,438842,442211,9,3369,2,18000,1.00267141585
438896,438907,442348,11,3441,2,18000,1.00319674513
438953,438962,442431,9,3469,2,18000,1.00259440761
439013,439021,442313,8,3292,2,18000,1.00243013366
439085,439095,442453,10,3358,2,18000,1.00297796307
439263,439271,442380,8,3109,2,18000,1.00257317465
439277,439285,442661,8,3376,2,18000,1.00236966825
439292,439298,442610,6,3312,2,18000,1.0018115942
441200,441211,444670,11,3459,2,18000,1.00318010986
441296,441305,444646,9,3341,2,18000,1.00269380425
441383,441394,444838,11,3444,2,18000,1.00319396051
441428,441436,444739,8,3303,2,18000,1.00242204057
441442,441449,444891,7,3442,2,18000,1.00203370134
441490,441501,444846,11,3345,2,18000,1.00328849028
441538,441548,445059,10,3511,2,18000,1.0028481914
441568,441577,444883,9,3306,2,18000,1.00272232305
441599,441608,445060,9,3452,2,18000,1.00260718424
441614,441620,444992,6,3372,2,18000,1.00177935943
441615,441626,445048,11,3422,2,18000,1.00321449445
441645,441654,445003,9,3349,2,18000,1.00268736936
441689,441700,445088,11,3388,2,18000,1.00324675325
441788,441797,445279,9,3482,2,18000,1.00258472142
441827,441837,445307,10,3470,2,18000,1.00288184438
441842,441848,445324,6,3476,2,18000,1.00172612198
441857,441863,445063,6,3200,2,18000,1.001875
441858,441869,444986,11,3117,2,18000,1.00352903433
441882,441892,445377,10,3485,2,18000,1.00286944046
441905,441914,445287,9,3373,2,18000,1.00266824785
441959,441969,445222,10,3253,2,18000,1.00307408546
441974,441980,445416,6,3436,2,18000,1.00174621653
442019,442028,445416,9,3388,2,18000,1.00265643447
442034,442040,445449,6,3409,2,18000,1.00176004693
442035,442046,445542,11,3496,2,18000,1.00314645309
442036,442051,445308,15,3257,2,18000,1.00460546515
442063,442071,445574,8,3503,2,18000,1.00228375678
442114,442124,445612,10,3488,2,18000,1.00286697248
442128,442135,445487,7,3352,2,18000,1.00208830549
442212,442222,445529,10,3307,2,18000,1.00302388872
442227,442232,445740,5,3508,2,18000,1.00142531357
442257,442265,445606,8,3341,2,18000,1.00239449267
442305,442315,445649,10,3334,2,18000,1.00299940012
442319,442325,445664,6,3339,2,18000,1.00179694519
442349,442359,445729,10,3370,2,18000,1.00296735905
442382,442391,445837,9,3446,2,18000,1.00261172374
442433,442443,445829,10,3386,2,18000,1.00295333727
442453,442464,445596,11,3132,2,18000,1.00351213282
442613,442621,445800,8,3179,2,18000,1.00251651463
442663,442672,446211,9,3539,2,18000,1.00254309127
444648,444657,447868,9,3211,2,18000,1.00280286515
444672,444682,448132,10,3450,2,18000,1.00289855072
444741,444750,448075,9,3325,2,18000,1.00270676692
444839,444849,448242,10,3393,2,18000,1.00294724433
444854,444860,448381,6,3521,2,18000,1.00170406135
444884,444894,448190,10,3296,2,18000,1.00303398058
444898,444905,448273,7,3368,2,18000,1.0020783848
444989,444996,448380,7,3384,2,18000,1.00206855792
445003,445010,448274,7,3264,2,18000,1.00214460784
445005,445016,448494,11,3478,2,18000,1.00316273721
445050,445059,448441,9,3382,2,18000,1.00266114725
445065,445070,448465,5,3395,2,18000,1.00147275405
445066,445076,448477,10,3401,2,18000,1.00294031167
445067,445081,448513,14,3432,2,18000,1.00407925408
445091,445099,448390,8,3291,2,18000,1.00243087208
445223,445233,448437,10,3204,2,18000,1.00312109863
445280,445290,448654,10,3364,2,18000,1.00297265161
445295,445301,448558,6,3257,2,18000,1.00184218606
445310,445318,448857,8,3539,2,18000,1.00226052557
445311,445324,448533,13,3209,2,18000,1.00405110626
445325,445336,448617,11,3281,2,18000,1.00335263639
445379,445388,448642,9,3254,2,18000,1.00276582667
445418,445427,448938,9,3511,2,18000,1.00256337226
445419,445432,448811,13,3379,2,18000,1.0038472921
445449,445460,448771,11,3311,2,18000,1.00332225914
445488,445499,448860,11,3361,2,18000,1.00327283547
445530,445540,448817,10,3277,2,18000,1.00305157156
445545,445554,448726,9,3172,2,18000,1.00283732661
445577,445585,448941,8,3356,2,18000,1.00238379023
445598,445607,449041,9,3434,2,18000,1.00262085032
445613,445619,448889,6,3270,2,18000,1.00183486239
445614,445625,449112,11,3487,2,18000,1.00315457413
445650,445660,449044,10,3384,2,18000,1.00295508274
445667,445675,449059,8,3384,2,18000,1.00236406619
445730,445741,449161,11,3420,2,18000,1.00321637427
445745,445751,449150,6,3399,2,18000,1.00176522507
445802,445811,449150,9,3339,2,18000,1.00269541779
445832,445840,449007,8,3167,2,18000,1.00252604989
445847,445853,449188,6,3335,2,18000,1.00179910045
446214,446223,449592,9,3369,2,18000,1.00267141585
447869,447879,451283,10,3404,2,18000,1.00293772033
448076,448086,451315,10,3229,2,18000,1.00309693404
448133,448144,451554,11,3410,2,18000,1.00322580645
448193,448202,451703,9,3501,2,18000,1.00257069409
448244,448253,451533,9,3280,2,18000,1.00274390244
448274,448284,451727,10,3443,2,18000,1.0029044438
448288,448294,451807,6,3513,2,18000,1.00170794193
448381,448397,451719,16,3322,2,18000,1.00481637568
448383,448391,451515,8,3124,2,18000,1.00256081946
448397,448403,451875,6,3472,2,18000,1.0017281106
448439,448449,451877,10,3428,2,18000,1.00291715286
448454,448460,451628,6,3168,2,18000,1.00189393939
448468,448476,451879,8,3403,2,18000,1.00235086688
448483,448489,451900,6,3411,2,18000,1.00175901495
448505,448510,451875,5,3365,2,18000,1.0014858841
448519,448525,451898,6,3373,2,18000,1.0017788319
448534,448544,451749,10,3205,2,18000,1.0031201248
448561,448569,451989,8,3420,2,18000,1.00233918129
448618,448628,451741,10,3113,2,18000,1.00321233537
448644,448653,452109,9,3456,2,18000,1.00260416667
448659,448665,451995,6,3330,2,18000,1.0018018018
448728,448737,452016,9,3279,2,18000,1.00274473925
448773,448783,452134,10,3351,2,18000,1.00298418383
448812,448822,452063,10,3241,2,18000,1.00308546745
448826,448833,452260,7,3427,2,18000,1.00204260286
448859,448869,452451,10,3582,2,18000,1.00279173646
448874,448880,452173,6,3293,2,18000,1.00182204677
448891,448900,452257,9,3357,2,18000,1.00268096515
448939,448950,452360,11,3410,2,18000,1.00322580645
448954,448960,452345,6,3385,2,18000,1.00177252585
449010,449018,452455,8,3437,2,18000,1.00232761129
449043,449053,452466,10,3413,2,18000,1.00292997363
449058,449064,452387,6,3323,2,18000,1.00180559735
449072,449078,452468,6,3390,2,18000,1.0017699115
449114,449123,452406,9,3283,2,18000,1.00274139507
449153,449162,452432,9,3270,2,18000,1.00275229358
449154,449167,452596,13,3429,2,18000,1.00379119277
449169,449175,452533,6,3358,2,18000,1.00178677784
449189,449199,452494,10,3295,2,18000,1.00303490137
449593,449603,452968,10,3365,2,18000,1.0029717682
451284,451294,454642,10,3348,2,18000,1.00298685783
451317,451326,454780,9,3454,2,18000,1.00260567458
451516,451526,454981,10,3455,2,18000,1.00289435601
451534,451544,454947,10,3403,2,18000,1.0029385836
451554,451565,454823,11,3258,2,18000,1.00337630448
451629,451639,454905,10,3266,2,18000,1.00306184936
451704,451715,455074,11,3359,2,18000,1.00327478416
451719,451730,454907,11,3177,2,18000,1.0034623859
451733,451740,455177,7,3437,2,18000,1.00203665988
451748,451754,455103,6,3349,2,18000,1.00179157958
451763,451769,454909,6,3140,2,18000,1.00191082803
451808,451818,455169,10,3351,2,18000,1.00298418383
451877,451886,455332,9,3446,2,18000,1.00261172374
451878,451891,455070,13,3179,2,18000,1.00408933627
451880,451897,455368,17,3471,2,18000,1.004897724
451894,451903,455325,9,3422,2,18000,1.00263004091
451909,451915,455481,6,3566,2,18000,1.00168255749
451910,451921,455031,11,3110,2,18000,1.00353697749
451991,452000,455252,9,3252,2,18000,1.00276752768
452006,452012,455256,6,3244,2,18000,1.00184956843
452021,452027,455276,6,3249,2,18000,1.00184672207
452065,452074,455332,9,3258,2,18000,1.00276243094
452110,452120,455459,10,3339,2,18000,1.00299490866
452134,452145,455573,11,3428,2,18000,1.00320886814
452176,452184,455574,8,3390,2,18000,1.00235988201
452260,452269,455673,9,3404,2,18000,1.0026439483
452274,452280,455547,6,3267,2,18000,1.00183654729
452346,452356,455885,10,3529,2,18000,1.00283366393
452361,452372,455750,11,3378,2,18000,1.00325636471
452387,452398,455833,11,3435,2,18000,1.00320232897
452408,452417,455956,9,3539,2,18000,1.00254309127
452435,452443,455642,8,3199,2,18000,1.00250078149
452452,452462,455988,10,3526,2,18000,1.00283607487
452467,452473,455930,6,3457,2,18000,1.00173560891
452469,452479,455783,10,3304,2,18000,1.00302663438
452483,452490,455939,7,3449,2,18000,1.00202957379
452498,452505,455835,7,3330,2,18000,1.0021021021
452534,452544,455968,10,3424,2,18000,1.00292056075
452597,452607,455841,10,3234,2,18000,1.00309214595
452970,452980,456383,10,3403,2,18000,1.0029385836
454642,454653,457856,11,3203,2,18000,1.00343428036
454780,454791,458236,11,3445,2,18000,1.00319303338
454825,454834,458275,9,3441,2,18000,1.00261551874
454906,454916,458281,10,3365,2,18000,1.0029717682
454921,454927,458257,6,3330,2,18000,1.0018018018
454922,454933,458369,11,3436,2,18000,1.00320139697
454949,454958,458392,9,3434,2,18000,1.00262085032
454982,454992,458370,10,3378,2,18000,1.00296033156
455033,455042,458349,9,3307,2,18000,1.00272149985
455072,455081,458380,9,3299,2,18000,1.00272809942
455086,455092,458496,6,3404,2,18000,1.0017626322
455104,455114,458491,10,3377,2,18000,1.00296120817
455170,455180,458482,10,3302,2,18000,1.0030284676
455184,455190,458510,6,3320,2,18000,1.00180722892
455254,455264,458478,10,3214,2,18000,1.00311138768
455268,455274,458603,6,3329,2,18000,1.00180234305
455283,455288,458719,5,3431,2,18000,1.00145730108
455328,455336,458724,8,3388,2,18000,1.00236127509
455342,455348,458899,6,3551,2,18000,1.00168966488
455343,455354,458612,11,3258,2,18000,1.00337630448
455370,455379,458613,9,3234,2,18000,1.00278293135
455460,455470,458852,10,3382,2,18000,1.00295683028
455478,455492,458895,14,3403,2,18000,1.00411401704
455550,455558,458910,8,3352,2,18000,1.00238663484
455576,455584,458910,8,3326,2,18000,1.00240529164
455578,455590,458902,12,3312,2,18000,1.00362318841
455644,455654,458918,10,3264,2,18000,1.00306372549
455673,455684,458960,11,3276,2,18000,1.00335775336
455751,455761,458976,10,3215,2,18000,1.00311041991
455784,455794,459103,10,3309,2,18000,1.00302206105
455835,455844,459052,9,3208,2,18000,1.00280548628
455850,455856,459337,6,3481,2,18000,1.00172364263
455851,455862,459366,11,3504,2,18000,1.00313926941
455887,455897,459357,10,3460,2,18000,1.00289017341
455932,455941,459427,9,3486,2,18000,1.00258175559
455946,455952,459091,6,3139,2,18000,1.00191143676
455961,455966,459467,5,3501,2,18000,1.00142816338
455976,455982,459459,6,3477,2,18000,1.00172562554
455990,455999,459396,9,3397,2,18000,1.00264939653
456385,456394,459742,9,3348,2,18000,1.00268817204
457859,457868,461258,9,3390,2,18000,1.00265486726
458239,458247,461596,8,3349,2,18000,1.00238877277
458259,458268,461688,9,3420,2,18000,1.00263157895
458277,458286,461598,9,3312,2,18000,1.0027173913
458292,458298,461646,6,3348,2,18000,1.0017921147
458352,458360,461548,8,3188,2,18000,1.00250941029
458369,458380,461608,11,3228,2,18000,1.00340768278
458384,458390,461785,6,3395,2,18000,1.00176730486
458386,458396,461803,10,3407,2,18000,1.00293513355
458397,458403,461901,6,3498,3,3600,1.00171526587
458400,458409,461793,9,3384,2,18000,1.00265957447
458481,458489,461974,8,3485,2,18000,1.00229555237
458496,458502,461899,6,3397,2,18000,1.00176626435
458497,458508,461820,11,3312,2,18000,1.00332125604
458512,458518,461742,6,3224,2,18000,1.00186104218
458513,458524,462038,11,3514,2,18000,1.0031303358
458606,458614,462109,8,3495,2,18000,1.00228898426
458621,458627,461789,6,3162,2,18000,1.00189753321
458622,458633,462082,11,3449,2,18000,1.00318933024
458721,458730,462097,9,3367,2,18000,1.00267300267
458736,458742,462232,6,3490,2,18000,1.00171919771
458853,458863,462236,10,3373,2,18000,1.00296471983
458898,458906,462320,8,3414,2,18000,1.00234329233
458913,458919,462211,6,3292,2,18000,1.00182260024
458914,458925,462405,11,3480,2,18000,1.00316091954
458915,458930,462248,15,3318,2,18000,1.00452079566
458917,458935,462267,18,3332,2,18000,1.00540216086
458931,458941,462293,10,3352,2,18000,1.00298329356
458961,458972,462379,11,3407,2,18000,1.0032286469
458979,458987,462497,8,3510,2,18000,1.00227920228
459054,459063,462539,9,3476,2,18000,1.00258918297
459092,459102,462356,10,3254,2,18000,1.00307314075
459107,459115,462264,8,3149,2,18000,1.00254048904
459338,459348,462841,10,3493,2,18000,1.00286286859
459359,459369,462715,10,3346,2,18000,1.00298864316
459374,459380,462871,6,3491,2,18000,1.00171870524
459397,459407,462812,10,3405,2,18000,1.00293685756
459430,459438,462943,8,3505,2,18000,1.00228245364
459460,459470,462810,10,3340,2,18000,1.00299401198
459475,459481,462919,6,3438,2,18000,1.0017452007
459743,459753,463108,10,3355,2,18000,1.00298062593
461260,461270,464750,10,3480,2,18000,1.00287356322
461552,461559,464753,7,3194,2,18000,1.00219160927
461596,461607,465019,11,3412,2,18000,1.00322391559
461611,461617,464742,6,3125,2,18000,1.00192
461612,461623,465124,11,3501,2,18000,1.00314195944
461648,461657,465090,9,3433,2,18000,1.00262161375
461690,461699,464940,9,3241,2,18000,1.0027769207
461744,461754,465107,10,3353,2,18000,1.00298240382
461786,461796,465156,10,3360,2,18000,1.00297619048
461801,461807,465107,6,3300,2,18000,1.00181818182
461802,461813,465320,11,3507,2,18000,1.00313658397
461817,461823,465074,6,3251,2,18000,1.00184558597
461831,461837,465352,6,3515,2,18000,1.00170697013
461900,461911,465231,11,3320,2,18000,1.00331325301
461975,461985,465470,10,3485,2,18000,1.00286944046
462041,462050,465535,9,3485,2,18000,1.00258249641
462083,462093,465598,10,3505,2,18000,1.00285306705
462098,462108,465465,10,3357,2,18000,1.00297885016
462112,462121,465202,9,3081,2,18000,1.0029211295
462211,462222,465656,11,3434,2,18000,1.0032032615
462232,462243,465609,11,3366,2,18000,1.00326797386
462247,462253,465653,6,3400,2,18000,1.00176470588
462262,462268,465691,6,3423,2,18000,1.00175284838
462276,462283,465724,7,3441,2,18000,1.00203429236
462278,462288,465734,10,3446,2,18000,1.00290191526
462295,462304,465595,9,3291,2,18000,1.00273473108
462326,462331,465658,5,3327,2,18000,1.00150285543
462359,462368,465763,9,3395,2,18000,1.00265095729
462380,462390,465770,10,3380,2,18000,1.00295857988
462407,462416,465754,9,3338,2,18000,1.00269622528
462500,462508,465833,8,3325,2,18000,1.00240601504
462542,462550,466065,8,3515,2,18000,1.00227596017
462716,462726,465981,10,3255,2,18000,1.00307219662
462813,462822,466205,9,3383,2,18000,1.00266036063
462814,462828,466214,14,3386,2,18000,1.00413467218
462844,462852,466256,8,3404,2,18000,1.00235017626
462873,462882,466334,9,3452,2,18000,1.00260718424
462921,462931,466375,10,3444,2,18000,1.00290360046
462945,462954,466420,9,3466,2,18000,1.0025966532
463111,463119,466271,8,3152,2,18000,1.00253807107
463205,463212,490075,7,26863,2,108000,1.00026058147
463537,463544,505804,7,42260,2,108000,1.00016564127
464744,464753,468165,9,3412,2,18000,1.00263774912
464759,464765,468098,6,3333,2,18000,1.00180018002
464760,464771,468187,11,3416,2,18000,1.00322014052
464941,464951,468249,10,3298,2,18000,1.00303214069
465022,465030,468403,8,3373,2,18000,1.00237177587
465076,465085,468464,9,3379,2,18000,1.00266350991
465091,465101,468291,10,3190,2,18000,1.00313479624
465109,465118,468555,9,3437,2,18000,1.0026185627
465110,465123,468381,13,3258,2,18000,1.00399017802
465125,465135,468274,10,3139,2,18000,1.00318572794
465158,465167,468662,9,3495,2,18000,1.0025751073
465203,465213,468615,10,3402,2,18000,1.00293944738
465232,465242,468671,10,3429,2,18000,1.00291630213
465322,465331,468873,9,3542,2,18000,1.00254093732
465355,465363,468667,8,3304,2,18000,1.00242130751
465467,465476,468763,9,3287,2,18000,1.00273805902
465481,465487,469025,6,3538,2,18000,1.00169587337
465535,465546,468679,11,3133,2,18000,1.00351101181
465595,465606,469101,11,3495,2,18000,1.00314735336
465610,465616,469063,6,3447,2,18000,1.00174064404
465611,465622,469137,11,3515,2,18000,1.00312944523
465656,465664,468899,8,3235,2,18000,1.00247295209
465671,465677,469085,6,3408,2,18000,1.00176056338
465672,465683,468938,11,3255,2,18000,1.00337941628
465693,465703,469169,10,3466,2,18000,1.00288517023
465726,465735,469235,9,3500,2,18000,1.00257142857
465741,465747,469190,6,3443,2,18000,1.00174266628
465755,465765,469069,10,3304,2,18000,1.00302663438
465770,465776,469277,6,3501,2,18000,1.00171379606
465771,465782,469196,11,3414,2,18000,1.00322202695
465834,465844,469350,10,3506,2,18000,1.00285225328
465981,465992,469393,11,3401,2,18000,1.00323434284
466012,466018,469364,6,3346,2,21600,1.00179318589
466065,466076,469533,11,3457,2,18000,1.00318194967
466207,466216,469699,9,3483,2,18000,1.00258397933
466222,466228,469716,6,3488,2,18000,1.00172018349
466259,466268,469539,9,3271,2,18000,1.00275145216
466274,466282,469568,8,3286,2,18000,1.00243457091
466339,466344,469875,5,3531,2,18000,1.00141602945
466379,466386,469713,7,3327,2,18000,1.0021039976
466421,466431,469639,10,3208,2,18000,1.00311720698
466484,466495,466538,11,43,2,3600,1.25581395349
466484,466500,466543,16,43,2,3600,1.37209302326
466484,466506,466549,22,43,2,3600,1.51162790698
466484,466511,466553,27,42,2,3600,1.64285714286
466484,466489,466536,5,47,2,3600,1.10638297872
466485,466526,466579,41,53,2,3600,1.77358490566
466485,466516,466559,31,43,2,3600,1.72093023256
466485,466521,466568,36,47,2,3600,1.76595744681
466485,466531,466577,46,46,2,3600,2.0
466485,466542,466585,57,43,2,3600,2.32558139535
466485,466537,466585,52,48,2,3600,2.08333333333
466485,466547,466596,62,49,2,3600,2.26530612245
466486,466567,466611,81,44,2,3600,2.84090909091
466486,466573,466615,87,42,2,3600,3.07142857143
466486,466562,466607,76,45,2,3600,2.68888888889
466486,466583,466630,97,47,2,3600,3.06382978723
466486,466552,466597,66,45,2,3600,2.46666666667
466486,466578,466625,92,47,2,3600,2.95744680851
466486,466557,466607,71,50,2,3600,2.42
466487,466624,466668,137,44,2,3600,4.11363636364
466487,466619,466664,132,45,2,3600,3.93333333333
466487,466608,466654,121,46,2,3600,3.63043478261
466487,466593,466635,106,42,2,3600,3.52380952381
466487,466603,466648,116,45,2,3600,3.57777777778
466487,466588,466641,101,53,2,3600,2.90566037736
466487,466598,466642,111,44,2,3600,3.52272727273
466487,466613,466659,126,46,2,3600,3.73913043478
466488,466641,466685,153,44,2,3600,4.47727272727
466488,466636,466678,148,42,2,3600,4.52380952381
466488,466629,466671,141,42,2,3600,4.35714285714
466857,466868,466908,11,40,2,3600,1.275
466857,466873,466919,16,46,2,3600,1.34782608696
466857,466863,466903,6,40,2,3600,1.15
466858,466894,466937,36,43,2,3600,1.83720930233
466858,466883,466936,25,53,2,3600,1.47169811321
466858,466878,466923,20,45,2,3600,1.44444444444
466858,466889,466930,31,41,2,3600,1.75609756098
466859,466909,466953,50,44,2,3600,2.13636363636
466859,466914,466957,55,43,2,3600,2.27906976744
466859,466904,466949,45,45,2,3600,2.0
466859,466899,466940,40,41,2,3600,1.9756097561
466859,466919,466964,60,45,2,3600,2.33333333333
466860,466924,466967,64,43,2,3600,2.48837209302
466860,466930,466971,70,41,2,3600,2.70731707317
466860,466935,466976,75,41,2,3600,2.82926829268
466860,466940,466983,80,43,2,3600,2.86046511628
466860,466945,466988,85,43,2,3600,2.97674418605
466861,466950,466991,89,41,2,3600,3.17073170732
466861,466955,466998,94,43,2,3600,3.18604651163
466861,466960,467002,99,42,2,3600,3.35714285714
466861,466965,467007,104,42,2,3600,3.47619047619
466861,466970,467010,109,40,2,3600,3.725
466861,466976,467017,115,41,2,3600,3.80487804878
466861,466981,467024,120,43,2,3600,3.79069767442
466862,471024,471065,4162,41,2,3600,102.512195122
466862,466986,467029,124,43,2,3600,3.88372093023
466862,466991,467037,129,46,2,3600,3.80434782609
466862,466996,467039,134,43,2,3600,4.11627906977
466862,467001,467044,139,43,2,3600,4.23255813953
466862,471018,471064,4156,46,2,3600,91.347826087
466869,471051,471092,4182,41,2,3600,103.0
466869,471045,471090,4176,45,2,3600,93.8
466870,471056,471098,4186,42,2,3600,100.666666667
466870,471061,471102,4191,41,2,3600,103.219512195
466870,471088,471132,4218,44,2,3600,96.8636363636
466870,471104,471147,4234,43,2,3600,99.4651162791
466870,471109,471150,4239,41,2,3600,104.390243902
466870,471136,471177,4266,41,2,3600,105.048780488
466870,471142,471183,4272,41,2,3600,105.195121951
466871,471206,471246,4335,40,2,3600,109.375
466871,471200,471247,4329,47,2,3600,93.1063829787
466871,471227,471267,4356,40,2,3600,109.9
466871,471147,471187,4276,40,2,3600,107.9
466871,471152,471193,4281,41,2,3600,105.414634146
466871,471179,471220,4308,41,2,3600,106.073170732
466871,471184,471227,4313,43,2,3600,101.302325581
466872,471260,471301,4388,41,2,3600,108.024390244
466872,471265,471306,4393,41,2,3600,108.146341463
466872,471254,471296,4382,42,2,3600,105.333333333
466872,471249,471291,4377,42,2,3600,105.214285714
466872,471244,471285,4372,41,2,3600,107.634146341
466872,471237,471278,4365,41,2,3600,107.463414634
466872,471232,471273,4360,41,2,3600,107.341463415
466873,471290,471331,4417,41,2,3600,108.731707317
466873,471285,471326,4412,41,2,3600,108.609756098
466873,471280,471321,4407,41,2,3600,108.487804878
466873,471275,471321,4402,46,2,3600,96.6956521739
466873,471270,471313,4397,43,2,3600,103.255813953
466873,471295,471339,4422,44,2,3600,101.5
466874,471301,471345,4427,44,2,3600,101.613636364
466894,470398,470414,3504,16,32,3600,220.0
466894,470403,470414,3509,11,32,3600,320.0
466894,470408,470416,3514,8,32,3600,352.2
466894,470414,470427,3520,13,32,3600,271.769230769
466895,470453,470461,3558,8,32,3600,356.6
466895,470459,470477,3564,18,32,3600,199.0
466895,470425,470432,3530,7,32,3600,353.7
466895,470448,470455,3553,7,32,3600,356.0
466895,470436,470448,3541,12,32,3600,296.083333333
466895,470442,470455,3547,13,32,3600,273.846153846
466895,470430,470437,3535,7,32,3600,354.2
466896,470471,470478,3575,7,32,3600,358.2
466896,470477,470484,3581,7,32,3600,358.8
466896,470484,470499,3588,15,32,3600,240.2
466896,470495,470505,3599,10,32,3600,360.9
466896,470490,470505,3594,15,32,3600,240.6
466896,470466,470473,3570,7,32,3600,357.7
466896,470506,470513,3610,7,32,3600,361.7
466897,470512,470519,3615,7,32,3600,362.2
466897,470518,470542,3621,24,32,3600,151.875
466897,470523,470547,3626,24,32,3600,152.083333333
466897,470529,470552,3632,23,32,3600,158.913043478
466897,470535,470559,3638,24,32,3600,152.583333333
466897,470553,470566,3656,13,32,3600,282.230769231
466897,470559,470567,3662,8,32,3600,367.0
466898,470589,470601,3691,12,32,3600,308.583333333
466898,470583,470592,3685,9,32,3600,369.4
466898,470571,470589,3673,18,32,3600,205.055555556
466898,470565,470573,3667,8,32,3600,367.5
466898,470577,470590,3679,13,32,3600,284.0
466909,470600,470608,3691,8,32,3600,369.9
466909,470606,470615,3697,9,32,3600,370.6
466909,470611,470619,3702,8,32,3600,371.0
466909,470623,470630,3714,7,32,3600,372.1
466909,470617,470634,3708,17,32,3600,219.117647059
466909,470629,470636,3720,7,32,3600,372.7
466910,470670,470677,3760,7,32,3600,376.7
466910,470664,470671,3754,7,32,3600,376.1
466910,470658,470665,3748,7,32,3600,375.5
466910,470647,470654,3737,7,32,3600,374.4
466910,470641,470648,3731,7,32,3600,373.8
466910,470635,470642,3725,7,32,3600,373.2
466910,470652,470660,3742,8,32,3600,375.0
466911,470676,470683,3765,7,32,3600,377.2
466911,470681,470689,3770,8,32,3600,377.8
466911,470687,470694,3776,7,32,3600,378.3
466911,470699,470706,3788,7,32,3600,379.5
466911,470704,470711,3793,7,32,3600,380.0
466911,470693,470700,3782,7,32,3600,378.9
466912,470727,470738,3815,11,32,3600,347.818181818
466912,470722,470729,3810,7,32,3600,381.7
466912,470745,470752,3833,7,32,3600,384.0
466912,470716,470723,3804,7,32,3600,381.1
466912,470733,470740,3821,7,32,3600,382.8
466912,470739,470746,3827,7,32,3600,383.4
466912,470710,470719,3798,9,32,3600,380.7
466913,470762,470778,3849,16,32,3600,241.5625
466913,470768,470778,3855,10,32,3600,386.5
466913,470751,470759,3838,8,32,3600,384.6
466913,470756,470769,3843,13,32,3600,296.615384615
466923,470774,470784,3851,10,32,3600,386.1
466923,470780,470788,3857,8,32,3600,386.5
466924,470790,470798,3866,8,32,3600,387.4
466924,470795,470809,3871,14,32,3600,277.5
466924,470806,470814,3882,8,32,3600,389.0
466924,470818,470826,3894,8,32,3600,390.2
466924,470824,470832,3900,8,32,3600,390.8
466924,470829,470837,3905,8,32,3600,391.3
466924,470801,470809,3877,8,32,3600,388.5
466925,470865,470872,3940,7,32,3600,394.7
466925,470877,470886,3952,9,32,3600,396.1
466925,470871,470879,3946,8,32,3600,395.4
466925,470847,470855,3922,8,32,3600,393.0
466925,470853,470861,3928,8,32,3600,393.6
466925,470859,470868,3934,9,32,3600,394.3
466925,470841,470849,3916,8,32,3600,392.4
466925,470835,470843,3910,8,32,3600,391.8
466926,470883,470891,3957,8,32,3600,396.5
466926,470888,470896,3962,8,32,3600,397.0
466926,470894,470902,3968,8,32,3600,397.6
466926,470900,470910,3974,10,32,3600,398.4
466926,470906,470914,3980,8,32,3600,398.8
466926,470912,470919,3986,7,32,3600,399.3
466926,470918,470926,3992,8,32,3600,400.0
466927,470957,470965,4030,8,32,3600,403.8
466927,470951,470959,4024,8,32,3600,403.2
466927,470935,470945,4008,10,32,3600,401.8
466927,470924,470932,3997,8,32,3600,400.5
466927,470946,470954,4019,8,32,3600,402.7
466927,470930,470938,4003,8,32,3600,401.1
466934,470962,470973,4028,11,32,3600,367.181818182
466934,470968,470979,4034,11,32,3600,367.727272727
466934,470974,470985,4040,11,32,3600,368.272727273
466934,470980,470995,4046,15,32,3600,270.733333333
466934,470997,471008,4063,11,32,3600,370.363636364
466934,470986,470997,4052,11,32,3600,369.363636364
466935,471002,471013,4067,11,32,3600,370.727272727
466935,471013,471024,4078,11,32,3600,371.727272727
466935,471035,471046,4100,11,32,3600,373.727272727
466935,471030,471047,4095,17,32,3600,241.882352941
466935,471040,471051,4105,11,32,3600,374.181818182
466935,471067,471078,4132,11,32,3600,376.636363636
466935,471072,471083,4137,11,32,3600,377.090909091
466935,471008,471019,4073,11,32,3600,371.272727273
466936,471126,471140,4190,14,32,3600,300.285714286
466936,471121,471132,4185,11,32,3600,381.454545455
466936,471116,471127,4180,11,32,3600,381.0
466936,471099,471110,4163,11,32,3600,379.454545455
466936,471094,471105,4158,11,32,3600,379.0
466936,471083,471094,4147,11,32,3600,378.0
466936,471077,471088,4141,11,32,3600,377.454545455
466937,471163,471175,4226,12,32,3600,353.166666667
466937,471158,471178,4221,20,32,3600,212.05
466937,471168,471184,4231,16,32,3600,265.4375
466937,471190,471201,4253,11,32,3600,387.636363636
466937,471195,471207,4258,12,32,3600,355.833333333
466937,471212,471223,4275,11,32,3600,389.636363636
466937,471174,471185,4237,11,32,3600,386.181818182
466937,471217,471227,4280,10,32,3600,429.0
466938,471222,471237,4284,15,32,3600,286.6
466949,467018,467040,69,22,128,3600,4.13636363636
466949,467051,467067,102,16,128,3600,7.375
466949,467078,467091,129,13,128,3600,10.9230769231
466949,467103,467122,154,19,128,3600,9.10526315789
466950,467133,467142,183,9,128,3600,19.2
466950,467153,467173,203,20,128,3600,11.15
466950,467184,467198,234,14,128,3600,17.7142857143
466950,467210,467227,260,17,128,3600,16.2941176471
466950,467238,467250,288,12,128,3600,25.0
466950,467261,467276,311,15,128,3600,21.7333333333
466951,467316,467325,365,9,128,3600,37.4
466951,467287,467305,336,18,128,3600,19.6666666667
466951,467336,467354,385,18,128,3600,22.3888888889
466951,467415,467428,464,13,128,3600,36.6923076923
466951,467365,467374,414,9,128,3600,42.3
466951,467385,467404,434,19,128,3600,23.8421052632
466952,467569,467582,617,13,128,3600,48.4615384615
466952,467594,467606,642,12,128,3600,54.5
466952,467439,467457,487,18,128,3600,28.0555555556
466952,467517,467532,565,15,128,3600,38.6666666667
466952,467468,467482,516,14,128,3600,37.8571428571
466952,467493,467506,541,13,128,3600,42.6153846154
466952,467544,467558,592,14,128,3600,43.2857142857
466953,467681,467690,728,9,128,3600,73.7
466953,467617,467629,664,12,128,3600,56.3333333333
466953,467701,467726,748,25,128,3600,30.92
466953,467737,467755,784,18,128,3600,44.5555555556
466953,467767,467776,814,9,128,3600,82.3
466953,467661,467670,708,9,128,3600,71.7
466953,467640,467649,687,9,128,3600,69.6
466959,467788,467809,829,21,128,3600,40.4761904762
466960,467821,467843,861,22,128,3600,40.1363636364
466960,467854,467867,894,13,128,3600,69.7692307692
466960,467916,467935,956,19,128,3600,51.3157894737
466960,467946,467962,986,16,128,3600,62.625
466960,467973,467986,1013,13,128,3600,78.9230769231
466960,467878,467905,918,27,128,3600,35.0
466961,468107,468121,1146,14,128,3600,82.8571428571
466961,468133,468150,1172,17,128,3600,69.9411764706
466961,467997,468012,1036,15,128,3600,70.0666666667
466961,468161,468178,1200,17,128,3600,71.5882352941
466961,468024,468041,1063,17,128,3600,63.5294117647
466961,468052,468073,1091,21,128,3600,52.9523809524
466961,468084,468097,1123,13,128,3600,87.3846153846
466962,468267,468280,1305,13,128,3600,101.384615385
466962,468358,468367,1396,9,128,3600,140.5
466962,468335,468347,1373,12,128,3600,115.416666667
466962,468241,468254,1279,13,128,3600,99.3846153846
466962,468190,468206,1228,16,128,3600,77.75
466962,468314,468323,1352,9,128,3600,136.1
466962,468291,468303,1329,12,128,3600,111.75
466962,468217,468230,1255,13,128,3600,97.5384615385
466963,468528,468541,1565,13,128,3600,121.384615385
466963,468505,468517,1542,12,128,3600,129.5
466963,468482,468494,1519,12,128,3600,127.583333333
466963,468403,468416,1440,13,128,3600,111.769230769
466963,468454,468467,1491,13,128,3600,115.692307692
466963,468427,468443,1464,16,128,3600,92.5
466963,468378,468392,1415,14,128,3600,102.071428571
466964,468552,468565,1588,13,128,3600,123.153846154
466970,468605,468624,1635,19,128,3600,87.0526315789
466970,468576,468594,1606,18,128,3600,90.2222222222
466971,468702,468714,1731,12,128,3600,145.25
466971,468726,468746,1755,20,128,3600,88.75
466971,468781,468806,1810,25,128,3600,73.4
466971,468817,468840,1846,23,128,3600,81.2608695652
466971,468666,468680,1695,14,128,3600,122.071428571
466971,468635,468655,1664,20,128,3600,84.2
466971,468757,468770,1786,13,128,3600,138.384615385
466972,468851,468864,1879,13,128,3600,145.538461538
466972,468900,468923,1928,23,128,3600,84.8260869565
466972,468934,468954,1962,20,128,3600,99.1
466972,468965,468981,1993,16,128,3600,125.5625
466972,468992,469015,2020,23,128,3600,88.8260869565
466972,468875,468889,1903,14,128,3600,136.928571429
466973,469158,469171,2185,13,128,3600,169.076923077
466973,469133,469147,2160,14,128,3600,155.285714286
466973,469082,469096,2109,14,128,3600,151.642857143
466973,469026,469041,2053,15,128,3600,137.866666667
466973,469052,469071,2079,19,128,3600,110.421052632
466973,469107,469122,2134,15,128,3600,143.266666667
466973,469186,469199,2213,13,128,3600,171.230769231
466974,469318,469333,2344,15,128,3600,157.266666667
466974,469294,469307,2320,13,128,3600,179.461538462
466974,469211,469224,2237,13,128,3600,173.076923077
466974,469264,469281,2290,17,128,3600,135.705882353
466974,469371,469389,2397,18,128,3600,134.166666667
466974,469235,469252,2261,17,128,3600,134.0
466974,469344,469360,2370,16,128,3600,149.125
466975,469400,469414,2425,14,128,3600,174.214285714
466981,469483,469509,2502,26,128,3600,97.2307692308
466981,469455,469472,2474,17,128,3600,146.529411765
466981,469425,469444,2444,19,128,3600,129.631578947
466982,469722,469748,2740,26,128,3600,106.384615385
466982,469657,469675,2675,18,128,3600,149.611111111
466982,469686,469710,2704,24,128,3600,113.666666667
466982,469520,469540,2538,20,128,3600,127.9
466982,469552,469579,2570,27,128,3600,96.1851851852
466982,469624,469645,2642,21,128,3600,126.80952381
466982,469590,469613,2608,23,128,3600,114.391304348
466983,469759,469777,2776,18,128,3600,155.222222222
466983,469788,469807,2805,19,128,3600,148.631578947
466983,469818,469840,2835,22,128,3600,129.863636364
466983,469851,469870,2868,19,128,3600,151.947368421
466983,469881,469898,2898,17,128,3600,171.470588235
466983,469909,469937,2926,28,128,3600,105.5
466983,469949,469972,2966,23,128,3600,129.956521739
466984,469983,470009,2999,26,128,3600,116.346153846
466984,470020,470045,3036,25,128,3600,122.44
466984,470056,470075,3072,19,128,3600,162.684210526
466984,470340,470357,3356,17,128,3600,198.411764706
466985,470179,470197,3194,18,128,3600,178.444444444
466985,470150,470168,3165,18,128,3600,176.833333333
466985,470116,470139,3131,23,128,3600,137.130434783
466985,470086,470104,3101,18,128,3600,173.277777778
466986,470242,470264,3256,22,128,3600,149.0
466986,470275,470295,3289,20,128,3600,165.45
466986,470208,470231,3222,23,128,3600,141.086956522
466986,470306,470329,3320,23,128,3600,145.347826087
466987,470368,470387,3381,19,128,3600,178.947368421
468102,468114,471536,12,3422,2,18000,1.00350672122
468168,468176,471599,8,3423,2,18000,1.00233713117
468189,468199,471539,10,3340,2,18000,1.00299401198
468249,468261,471536,12,3275,2,18000,1.00366412214
468276,468285,471771,9,3486,2,18000,1.00258175559
468294,468302,471577,8,3275,2,18000,1.00244274809
468381,468392,471837,11,3445,2,18000,1.00319303338
468406,468415,471638,9,3223,2,18000,1.00279242941
468466,468476,471847,10,3371,2,18000,1.00296647879
468559,468566,471759,7,3193,2,18000,1.00219229565
468618,468626,471865,8,3239,2,18000,1.00246989812
468665,468674,471960,9,3286,2,18000,1.00273889227
468680,468686,471851,6,3165,2,18000,1.0018957346
468682,468692,472077,10,3385,2,18000,1.00295420975
468683,468697,472206,14,3509,2,18000,1.00398974067
468764,468774,472100,10,3326,2,18000,1.00300661455
468876,468884,472058,8,3174,2,18000,1.00252047889
468899,468910,472409,11,3499,2,18000,1.00314375536
468938,468949,472366,11,3417,2,18000,1.00321919813
469028,469036,472427,8,3391,2,18000,1.00235918608
469065,469074,472400,9,3326,2,18000,1.0027059531
469079,469088,472526,9,3438,2,18000,1.00261780105
469095,469101,472611,6,3510,2,18000,1.00170940171
469109,469115,472339,6,3224,2,18000,1.00186104218
469139,469148,472506,9,3358,2,18000,1.00268016677
469169,469180,472420,11,3240,2,18000,1.00339506173
469193,469201,472585,8,3384,2,18000,1.00236406619
469207,469217,472666,10,3449,2,18000,1.00289939113
469239,469245,472453,6,3208,2,18000,1.00187032419
469278,469288,472653,10,3365,2,18000,1.0029717682
469354,469361,472560,7,3199,2,18000,1.00218818381
469396,469406,472915,10,3509,2,18000,1.00284981476
469534,469544,472799,10,3255,2,18000,1.00307219662
469549,469558,473016,9,3458,2,18000,1.0026026605
469570,469579,473053,9,3474,2,18000,1.00259067358
469642,469651,473086,9,3435,2,18000,1.00262008734
469703,469711,472960,8,3249,2,18000,1.00246229609
469718,469728,473028,10,3300,2,18000,1.00303030303
469719,469733,473157,14,3424,2,18000,1.00408878505
469876,469887,473322,11,3435,2,18000,1.00320232897
470790,470812,475137,22,4325,2,21600,1.0050867052
471539,471546,474763,7,3217,2,18000,1.00217594032
471540,471551,474921,11,3370,2,18000,1.00326409496
471557,471563,474871,6,3308,2,18000,1.00181378476
471582,471588,474922,6,3334,2,18000,1.00179964007
471602,471611,474764,9,3153,2,18000,1.00285442436
471641,471649,475089,8,3440,2,18000,1.0023255814
471761,471771,475103,10,3332,2,18000,1.00300120048
471775,471781,475282,6,3501,2,18000,1.00171379606
471838,471848,475265,10,3417,2,18000,1.00292654375
471853,471859,475044,6,3185,2,18000,1.00188383046
471854,471865,475307,11,3442,2,18000,1.00319581639
471869,471877,475035,8,3158,2,18000,1.00253324889
471962,471971,475375,9,3404,2,18000,1.0026439483
472061,472069,475422,8,3353,2,18000,1.00238592305
472079,472089,475573,10,3484,2,18000,1.00287026406
472103,472111,475481,8,3370,2,18000,1.00237388724
472208,472217,475494,9,3277,2,18000,1.0027464144
472340,472350,475508,10,3158,2,18000,1.00316656111
472367,472377,475772,10,3395,2,18000,1.0029455081
472403,472411,475658,8,3247,2,18000,1.00246381275
472417,472423,475932,6,3509,2,18000,1.00170988886
472432,472438,475757,6,3319,2,18000,1.00180777343
472433,472444,475833,11,3389,2,18000,1.00324579522
472454,472464,475984,10,3520,2,18000,1.00284090909
472508,472517,475706,9,3189,2,18000,1.00282220132
472529,472538,475985,9,3447,2,18000,1.00261096606
472551,472557,635049,6,162492,12,345600,1.00003692489
472562,472572,476005,10,3433,2,18000,1.00291290417
472588,472596,475990,8,3394,2,18000,1.00235710077
472612,472622,475986,10,3364,2,18000,1.00297265161
472654,472665,476111,11,3446,2,18000,1.00319210679
472669,472677,475957,8,3280,2,18000,1.00243902439
472801,472810,476247,9,3437,2,18000,1.0026185627
472919,472927,476033,8,3106,2,18000,1.00257566001
472964,472972,476513,8,3541,2,18000,1.0022592488
473018,473027,476439,9,3412,2,18000,1.00263774912
473032,473039,476391,7,3352,2,18000,1.00208830549
473056,473064,476486,8,3422,2,18000,1.00233781414
473089,473097,476580,8,3483,2,18000,1.00229687051
473158,473168,476716,10,3548,2,18000,1.00281848929
473324,473333,476627,9,3294,2,18000,1.00273224044
473469,473476,481317,7,7841,2,21600,1.00089274327
473797,473803,473926,6,123,2,21600,1.0487804878
473883,473889,474186,6,297,1,1200,1.0202020202
474112,474118,483602,6,9484,2,21600,1.00063264445
474764,474774,478170,10,3396,2,18000,1.00294464075
474766,474780,478230,14,3450,2,18000,1.00405797101
474874,474882,478331,8,3449,2,18000,1.0023195129
474922,474932,478265,10,3333,2,18000,1.00300030003
474923,474938,478365,15,3427,2,18000,1.00437700613
475037,475046,478345,9,3299,2,18000,1.00272809942
475052,475058,478316,6,3258,2,18000,1.00184162063
475091,475101,478380,10,3279,2,18000,1.00304971028
475106,475115,478260,9,3145,2,18000,1.00286168521
475268,475276,478522,8,3246,2,18000,1.00246457178
475283,475293,478668,10,3375,2,18000,1.00296296296
475309,475318,478792,9,3474,2,18000,1.00259067358
475375,475386,478866,11,3480,2,18000,1.00316091954
475423,475433,478789,10,3356,2,18000,1.00297973778
475483,475493,479004,10,3511,2,18000,1.0028481914
475498,475505,478823,7,3318,2,18000,1.00210970464
475512,475519,478823,7,3304,2,18000,1.00211864407
475575,475584,478887,9,3303,2,18000,1.00272479564
475659,475670,479141,11,3471,2,18000,1.00316911553
475707,475717,478992,10,3275,2,18000,1.00305343511
475758,475768,479179,10,3411,2,18000,1.00293169159
475773,475783,479167,10,3384,2,18000,1.00295508274
475836,475845,479344,9,3499,2,18000,1.00257216348
475935,475943,479180,8,3237,2,18000,1.00247142416
475959,475968,479291,9,3323,2,18000,1.00270839603
475986,475995,479159,9,3164,2,18000,1.00284450063
475987,476001,479144,14,3143,2,18000,1.00445434298
476002,476008,479336,6,3328,2,18000,1.00180288462
476003,476014,479184,11,3170,2,18000,1.00347003155
476018,476024,479498,6,3474,2,18000,1.00172711572
476036,476044,479435,8,3391,2,18000,1.00235918608
476114,476122,479516,8,3394,2,18000,1.00235710077
476249,476259,479665,10,3406,2,18000,1.0029359953
476394,476402,479910,8,3508,2,18000,1.00228050171
476442,476451,479687,9,3236,2,18000,1.00278121137
476490,476498,479771,8,3273,2,18000,1.00244424076
476514,476524,479825,10,3301,2,18000,1.00302938503
476583,476591,479933,8,3342,2,18000,1.00239377618
476627,476638,480116,11,3478,2,18000,1.00316273721
476718,476727,480032,9,3305,2,18000,1.00272314675
478173,478181,481654,8,3473,2,18000,1.00230348402
478233,478241,481582,8,3341,2,18000,1.00239449267
478263,478271,481645,8,3374,2,18000,1.00237107291
478277,478284,481642,7,3358,2,18000,1.00208457415
478316,478327,481584,11,3257,2,18000,1.00337734111
478331,478342,481811,11,3469,2,18000,1.00317094263
478349,478357,481834,8,3477,2,18000,1.00230083405
478366,478377,481755,11,3378,2,18000,1.00325636471
478381,478391,481861,10,3470,2,18000,1.00288184438
478507,478513,478603,6,90,1,1800,1.06666666667
478525,478533,481856,8,3323,2,18000,1.00240746314
478670,478679,481974,9,3295,2,18000,1.00273141123
478790,478801,482290,11,3489,2,18000,1.00315276584
478805,478811,482229,6,3418,2,18000,1.00175541252
478826,478850,482275,24,3425,2,18000,1.00700729927
478827,478855,482192,28,3337,2,18000,1.00839077015
478866,478877,482221,11,3344,2,18000,1.00328947368
478890,478898,482263,8,3365,2,18000,1.00237741456
478907,478913,479014,6,101,1,1800,1.05940594059
478995,479003,482509,8,3506,2,18000,1.00228180262
479010,479016,482292,6,3276,2,18000,1.00183150183
479142,479152,482167,10,3015,2,18000,1.00331674959
479157,479163,482742,6,3579,2,18000,1.00167644593
479172,479178,482618,6,3440,2,18000,1.00174418605
479173,479184,482597,11,3413,2,18000,1.00322297099
479188,479194,482564,6,3370,2,18000,1.00178041543
479189,479200,482673,11,3473,2,18000,1.00316729053
479190,479205,482532,15,3327,2,18000,1.00450856628
479293,479302,482691,9,3389,2,18000,1.00265565063
479309,479315,480029,6,714,6,172800,1.00840336134
479338,479347,482683,9,3336,2,18000,1.00269784173
479353,479359,482594,6,3235,2,18000,1.00185471406
479437,479446,482739,9,3293,2,18000,1.00273307015
479497,479509,482984,12,3475,2,18000,1.00345323741
479518,479527,482855,9,3328,2,18000,1.00270432692
479638,479644,480164,6,520,1,1800,1.01153846154
479668,479676,482881,8,3205,2,18000,1.00249609984
479689,479699,483161,10,3462,2,18000,1.00288850376
479716,479722,483191,6,3469,2,3600,1.00172960507
479773,479782,483007,9,3225,2,18000,1.00279069767
479827,479837,483217,10,3380,2,18000,1.00295857988
479911,479921,483086,10,3165,2,18000,1.00315955766
479935,479944,483361,9,3417,2,18000,1.00263388938
480034,480044,483465,10,3421,2,18000,1.00292312189
480118,480127,483626,9,3499,2,18000,1.00257216348
480132,480138,483000,6,2862,2,7200,1.00209643606
480837,480843,481296,6,453,60,1200,1.01324503311
481584,481594,484902,10,3308,2,18000,1.00302297461
481598,481604,485082,6,3478,2,18000,1.00172512938
481643,481653,484914,10,3261,2,18000,1.003066544
481658,481664,484966,6,3302,2,18000,1.00181708056
481659,481670,485199,11,3529,2,18000,1.00311703032
481758,481766,485130,8,3364,2,18000,1.00237812128
481812,481823,485036,11,3213,2,18000,1.00342359166
481836,481845,485264,9,3419,2,18000,1.00263234864
481857,481867,485137,10,3270,2,18000,1.00305810398
481871,481877,485299,6,3422,2,18000,1.00175336061
481950,481956,481998,6,42,1,1800,1.14285714286
481976,481986,485471,10,3485,2,18000,1.00286944046
482126,482132,568554,6,86422,2,86400,1.00006942677
482169,482178,485414,9,3236,2,18000,1.00278121137
482190,482203,485591,13,3388,2,18000,1.00383707202
482223,482232,485591,9,3359,2,18000,1.00267936886
482238,482244,485590,6,3346,2,18000,1.00179318589
482265,482275,485591,10,3316,2,18000,1.00301568154
482279,482285,485553,6,3268,2,18000,1.00183598531
482294,482301,485529,7,3228,2,18000,1.0021685254
482295,482307,485543,12,3236,2,18000,1.00370828183
482319,482326,482403,7,77,1,1800,1.09090909091
482509,482520,485591,11,3071,2,18000,1.00358189515
482533,482543,485591,10,3048,2,18000,1.0032808399
482566,482575,485591,9,3016,2,18000,1.00298408488
482596,482605,485591,9,2986,2,18000,1.00301406564
482611,482617,485591,6,2974,2,18000,1.00201748487
482626,482632,485591,6,2959,2,18000,1.00202771206
482674,482685,485591,11,2906,2,18000,1.00378527185
482689,482694,485591,5,2897,2,18000,1.00172592337
482703,482709,485591,6,2882,2,18000,1.00208188758
482740,482750,485591,10,2841,2,18000,1.00351988736
482754,482761,485591,7,2830,2,18000,1.00247349823
482857,482866,485591,9,2725,2,18000,1.00330275229
482884,482892,485591,8,2699,2,18000,1.00296406076
482953,482959,482960,6,1,2,21600,1.0
482987,482995,485591,8,2596,2,18000,1.0030816641
483008,483018,485591,10,2573,2,18000,1.0038865138
483086,483097,485591,11,2494,2,18000,1.0044105854
483165,483172,485591,7,2419,2,18000,1.00289375775
483219,483229,485591,10,2362,2,18000,1.00423370025
483291,483297,483560,6,263,1,1800,1.02281368821
483311,483317,494507,6,11190,2,21600,1.00053619303
483363,483373,485591,10,2218,2,18000,1.00450856628
483468,483477,485591,9,2114,2,18000,1.00425733207
483628,483637,485591,9,1954,2,18000,1.00460593654
484682,484693,484748,11,55,2,3600,1.2
484682,484704,484749,22,45,2,3600,1.48888888889
484682,484698,484741,16,43,2,3600,1.37209302326
484682,484687,484734,5,47,2,3600,1.10638297872
484682,484709,484755,27,46,2,3600,1.58695652174
484683,484714,484757,31,43,2,3600,1.72093023256
484683,484719,484762,36,43,2,3600,1.83720930233
484683,484735,484782,52,47,2,3600,2.10638297872
484683,484740,484783,57,43,2,3600,2.32558139535
484683,484745,484787,62,42,2,3600,2.47619047619
484683,484724,484767,41,43,2,3600,1.95348837209
484683,484730,484779,47,49,2,3600,1.95918367347
484684,484760,484802,76,42,2,3600,2.80952380952
484684,484765,484819,81,54,2,3600,2.5
484684,484776,484817,92,41,2,3600,3.24390243902
484684,484750,484793,66,43,2,3600,2.53488372093
484684,484770,484817,86,47,2,3600,2.82978723404
484684,484755,484802,71,47,2,3600,2.51063829787
484685,484781,484825,96,44,2,3600,3.18181818182
484685,484786,484829,101,43,2,3600,3.3488372093
484685,484796,484839,111,43,2,3600,3.58139534884
484685,484791,484841,106,50,2,3600,3.12
484685,484801,484845,116,44,2,3600,3.63636363636
484685,484812,484858,127,46,2,3600,3.76086956522
484685,484807,484850,122,43,2,3600,3.83720930233
484686,511678,511720,26992,42,2,3600,643.666666667
484686,484827,484875,141,48,2,3600,3.9375
484686,511305,511352,26619,47,2,3600,567.361702128
484686,484817,484859,131,42,2,3600,4.11904761905
484686,484822,484865,136,43,2,3600,4.16279069767
484715,505682,505707,20967,25,4,3600,839.68
484715,505719,505744,21004,25,4,3600,841.16
484715,505755,505780,21040,25,4,3600,842.6
484715,505791,505816,21076,25,4,3600,844.04
484715,505827,505851,21112,24,4,3600,880.666666667
484715,505862,505888,21147,26,4,3600,814.346153846
484716,506088,506113,21372,25,4,3600,855.88
484716,506052,506076,21336,24,4,3600,890.0
484716,506015,506041,21299,26,4,3600,820.192307692
484716,505936,505962,21220,26,4,3600,817.153846154
484716,505899,505925,21183,26,4,3600,815.730769231
484716,506276,506302,21560,26,4,3600,830.230769231
484716,505973,506000,21257,27,4,3600,788.296296296
484717,506198,506227,21481,29,4,3600,741.724137931
484717,506352,506378,21635,26,4,3600,833.115384615
484717,506238,506265,21521,27,4,3600,798.074074074
484717,506577,506602,21860,25,4,3600,875.4
484717,506124,506149,21407,25,4,3600,857.28
484717,506313,506341,21596,28,4,3600,772.285714286
484717,506161,506187,21444,26,4,3600,825.769230769
484718,506503,506530,21785,27,4,3600,807.851851852
484718,506467,506492,21749,25,4,3600,870.96
484718,506428,506456,21710,28,4,3600,776.357142857
484718,506389,506417,21671,28,4,3600,774.964285714
484718,506966,506991,22248,25,4,3600,890.92
484718,507969,507994,23251,25,4,3600,931.04
484718,506541,506566,21823,25,4,3600,873.92
484719,506685,506709,21966,24,4,3600,916.25
484719,506613,506638,21894,25,4,3600,876.76
484719,506649,506674,21930,25,4,3600,878.2
484724,501551,501564,16827,13,8,3600,1295.38461538
484724,501422,501436,16698,14,8,3600,1193.71428571
484725,501479,501492,16754,13,8,3600,1289.76923077
484725,501427,501441,16702,14,8,3600,1194.0
484725,501503,501517,16778,14,8,3600,1199.42857143
484725,501447,501461,16722,14,8,3600,1195.42857143
484725,501453,501468,16728,15,8,3600,1116.2
484725,501497,501512,16772,15,8,3600,1119.13333333
484725,501472,501486,16747,14,8,3600,1197.21428571
484726,501527,501540,16801,13,8,3600,1293.38461538
484726,501563,501576,16837,13,8,3600,1296.15384615
484726,501538,501552,16812,14,8,3600,1201.85714286
484727,501589,501605,16862,16,8,3600,1054.875
484727,501640,501653,16913,13,8,3600,1302.0
484727,501616,501629,16889,13,8,3600,1300.15384615
484727,501604,501619,16877,15,8,3600,1126.13333333
484727,501577,501590,16850,13,8,3600,1297.15384615
484728,501696,501709,16968,13,8,3600,1306.23076923
484728,501646,501661,16918,15,8,3600,1128.86666667
484728,501664,501685,16936,21,8,3600,807.476190476
484728,501677,501692,16949,15,8,3600,1130.93333333
484729,501732,501746,17003,14,8,3600,1215.5
484729,501703,501721,16974,18,8,3600,944.0
484729,501747,501762,17018,15,8,3600,1135.53333333
484729,501757,501771,17028,14,8,3600,1217.28571429
484729,501774,501788,17045,14,8,3600,1218.5
484729,501782,501797,17053,15,8,3600,1137.86666667
484729,501721,501735,16992,14,8,3600,1214.71428571
484730,501808,501824,17078,16,8,3600,1068.375
484730,501800,501815,17070,15,8,3600,1139.0
484742,487140,487152,2398,12,16,3600,200.833333333
484742,487145,487156,2403,11,16,3600,219.454545455
484742,487216,487227,2474,11,16,3600,225.909090909
484743,487163,487173,2420,10,16,3600,243.0
484743,487169,487179,2426,10,16,3600,243.6
484743,487184,487194,2441,10,16,3600,245.1
484743,487190,487200,2447,10,16,3600,245.7
484743,487205,487216,2462,11,16,3600,224.818181818
484743,487211,487221,2468,10,16,3600,247.8
484743,487221,487232,2478,11,16,3600,226.272727273
484744,487246,487256,2502,10,16,3600,251.2
484744,487240,487250,2496,10,16,3600,250.6
484744,487234,487244,2490,10,16,3600,250.0
484744,487228,487238,2484,10,16,3600,249.4
484744,487258,487268,2514,10,16,3600,252.4
484744,487252,487262,2508,10,16,3600,251.8
484745,487302,487312,2557,10,16,3600,256.7
484745,487276,487286,2531,10,16,3600,254.1
484745,487270,487280,2525,10,16,3600,253.5
484745,487264,487280,2519,16,16,3600,158.4375
484745,487282,487292,2537,10,16,3600,254.7
484745,487296,487305,2551,9,16,3600,256.0
484745,487290,487301,2545,11,16,3600,232.363636364
484746,487314,487324,2568,10,16,3600,257.8
484746,487308,487318,2562,10,16,3600,257.2
484746,487326,487336,2580,10,16,3600,259.0
484746,487338,487348,2592,10,16,3600,260.2
484746,493872,493882,9126,10,16,3600,913.6
484746,493898,493908,9152,10,16,3600,916.2
484747,487320,487331,2573,11,16,3600,234.909090909
484753,484859,484872,106,13,32,3600,9.15384615385
484753,484834,484842,81,8,32,3600,8.9
484753,484839,484848,86,9,32,3600,9.5
484753,484844,484856,91,12,32,3600,8.58333333333
484753,484868,484877,115,9,32,3600,12.4
484753,484852,484859,99,7,32,3600,10.6
484754,484905,484913,151,8,32,3600,15.9
484754,484879,484893,125,14,32,3600,9.92857142857
484754,484885,484893,131,8,32,3600,13.9
484754,484874,484881,120,7,32,3600,12.7
484754,484897,484904,143,7,32,3600,15.0
484754,484910,484921,156,11,32,3600,15.1818181818
484754,484891,484907,137,16,32,3600,9.5625
484755,484943,484957,188,14,32,3600,14.4285714286
484755,484960,484967,205,7,32,3600,21.2
484755,484921,484928,166,7,32,3600,17.3
484755,484937,484945,182,8,32,3600,19.0
484755,484948,484955,193,7,32,3600,20.0
484755,484931,484939,176,8,32,3600,18.4
484755,484953,484961,198,8,32,3600,20.6
484756,484966,484973,210,7,32,3600,21.7
484756,484994,485006,238,12,32,3600,20.8333333333
484756,484972,484984,216,12,32,3600,19.0
484756,484977,484991,221,14,32,3600,16.7857142857
484756,485005,485012,249,7,32,3600,25.6
484756,484999,485007,243,8,32,3600,25.1
484756,485011,485019,255,8,32,3600,26.3
484756,484988,484996,232,8,32,3600,24.0
484757,485017,485024,260,7,32,3600,26.7
484757,485023,485046,266,23,32,3600,12.5652173913
484784,511560,511656,26776,96,2,3600,279.916666667
484784,511555,511649,26771,94,2,3600,285.79787234
484784,511364,511452,26580,88,2,3600,303.045454545
484784,511463,511557,26679,94,2,3600,284.819148936
484785,511683,511775,26898,92,2,3600,293.369565217
484785,511673,511765,26888,92,2,3600,293.260869565
484785,511667,511764,26882,97,2,3600,278.134020619
484785,511660,511752,26875,92,2,3600,293.119565217
484785,511596,511693,26811,97,2,3600,277.402061856
484785,511601,511689,26816,88,2,3600,305.727272727
484785,511568,511660,26783,92,2,3600,292.119565217
484786,511785,511872,26999,87,2,3600,311.333333333
484786,511705,511795,26919,90,2,3600,300.1
484786,511700,511792,26914,92,2,3600,293.543478261
484786,511694,511799,26908,105,2,3600,257.266666667
484786,511689,511789,26903,100,2,3600,270.03
484786,511710,511800,26924,90,2,3600,300.155555556
484787,511738,511828,26951,90,2,3600,300.455555556
484787,511726,511812,26939,86,2,3600,314.244186047
484787,511721,511813,26934,92,2,3600,293.760869565
484787,511732,511823,26945,91,2,3600,297.098901099
484787,511716,511805,26929,89,2,3600,303.573033708
484787,511795,511882,27008,87,2,3600,311.436781609
484787,511790,511887,27003,97,2,3600,279.381443299
484788,511807,511899,27019,92,2,3600,294.684782609
484788,511774,511870,26986,96,2,3600,282.104166667
484788,511769,511866,26981,97,2,3600,279.154639175
484788,511763,511861,26975,98,2,3600,276.255102041
484788,511743,511838,26955,95,2,3600,284.736842105
484788,511780,511870,26992,90,2,3600,300.911111111
484794,506721,506771,21927,50,4,3600,439.54
484794,506782,506834,21988,52,4,3600,423.846153846
484795,508065,508113,23270,48,4,3600,485.791666667
484795,508012,508059,23217,47,4,3600,494.978723404
484795,508005,508054,23210,49,4,3600,474.673469388
484795,506845,506895,22050,50,4,3600,442.0
484795,507003,507053,22208,50,4,3600,445.16
484795,506905,506955,22110,50,4,3600,443.2
484795,507974,508023,23179,49,4,3600,474.040816327
484796,508035,508083,23239,48,4,3600,485.145833333
484796,508094,508142,23298,48,4,3600,486.375
484796,508071,508120,23275,49,4,3600,476.0
484796,508078,508126,23282,48,4,3600,486.041666667
484796,508124,508174,23328,50,4,3600,467.56
484796,508017,508067,23221,50,4,3600,465.42
484797,508137,508193,23340,56,4,3600,417.785714286
484797,508273,508325,23476,52,4,3600,452.461538462
484797,508131,508179,23334,48,4,3600,487.125
484797,508196,508248,23399,52,4,3600,450.980769231
484797,508191,508240,23394,49,4,3600,478.428571429
484797,508186,508239,23389,53,4,3600,442.301886792
484797,508153,508201,23356,48,4,3600,487.583333333
484798,508267,508316,23469,49,4,3600,479.959183673
484798,508261,508310,23463,49,4,3600,479.836734694
484798,508255,508303,23457,48,4,3600,489.6875
484798,508202,508253,23404,51,4,3600,459.901960784
484798,508208,508259,23410,51,4,3600,460.019607843
484798,508214,508262,23416,48,4,3600,488.833333333
484798,508250,508298,23452,48,4,3600,489.583333333
484799,508278,508329,23479,51,4,3600,461.37254902
484804,501837,501867,17033,30,8,3600,568.766666667
484804,501871,501902,17067,31,8,3600,551.548387097
484804,501879,501907,17075,28,8,3600,610.821428571
484804,501913,501939,17109,26,8,3600,659.038461538
484804,501831,501856,17027,25,8,3600,682.08
484805,502031,502060,17226,29,8,3600,595.0
484805,502025,502053,17220,28,8,3600,616.0
484805,501994,502019,17189,25,8,3600,688.56
484805,501957,501983,17152,26,8,3600,660.692307692
484805,501950,501977,17145,27,8,3600,636.0
484805,501919,501946,17114,27,8,3600,634.851851852
484805,501988,502014,17183,26,8,3600,661.884615385
484806,502064,502091,17258,27,8,3600,640.185185185
484806,502071,502097,17265,26,8,3600,665.038461538
484806,502102,502128,17296,26,8,3600,666.230769231
484806,502108,502134,17302,26,8,3600,666.461538462
484806,502139,502165,17333,26,8,3600,667.653846154
484806,502145,502170,17339,25,8,3600,694.56
484806,502176,502201,17370,25,8,3600,695.8
484807,502285,502311,17478,26,8,3600,673.230769231
484807,502255,502282,17448,27,8,3600,647.222222222
484807,502182,502206,17375,24,8,3600,724.958333333
484807,502218,502244,17411,26,8,3600,670.653846154
484807,502212,502237,17405,25,8,3600,697.2
484807,502248,502274,17441,26,8,3600,671.807692308
484808,502293,502318,17485,25,8,3600,700.4
484808,502323,502348,17515,25,8,3600,701.6
484808,502359,502385,17551,26,8,3600,676.038461538
484808,502428,502454,17620,26,8,3600,678.692307692
484808,502329,502354,17521,25,8,3600,701.84
484814,487350,487373,2536,23,16,3600,111.260869565
484814,487344,487360,2530,16,16,3600,159.125
484814,487332,487349,2518,17,16,3600,149.117647059
484815,493951,493967,9136,16,16,3600,572.0
484815,487359,487375,2544,16,16,3600,160.0
484815,487365,487382,2550,17,16,3600,151.0
484815,487371,487387,2556,16,16,3600,160.75
484815,493923,493940,9108,17,16,3600,536.764705882
484815,493839,493857,9024,18,16,3600,502.333333333
484816,494031,494048,9215,17,16,3600,543.058823529
484816,494004,494020,9188,16,16,3600,575.25
484816,493978,493993,9162,15,16,3600,611.8
484817,494145,494161,9328,16,16,3600,584.0
484817,494172,494191,9355,19,16,3600,493.368421053
484817,494118,494134,9301,16,16,3600,582.3125
484817,494086,494102,9269,16,16,3600,580.3125
484817,494059,494075,9242,16,16,3600,578.625
484817,494202,494218,9385,16,16,3600,587.5625
484818,494229,494244,9411,15,16,3600,628.4
484818,494389,494404,9571,15,16,3600,639.066666667
484818,494416,494432,9598,16,16,3600,600.875
484818,494255,494271,9437,16,16,3600,590.8125
484818,494362,494378,9544,16,16,3600,597.5
484818,494281,494297,9463,16,16,3600,592.4375
484818,494308,494324,9490,16,16,3600,594.125
484818,494335,494351,9517,16,16,3600,595.8125
484819,494523,494542,9704,19,16,3600,511.736842105
484819,494496,494512,9677,16,16,3600,605.8125
484819,494469,494485,9650,16,16,3600,604.125
484819,494443,494458,9624,15,16,3600,642.6
484825,485028,485039,203,11,32,3600,19.4545454545
484825,485040,485050,215,10,32,3600,22.5
484825,485053,485064,228,11,32,3600,21.7272727273
484825,485059,485070,234,11,32,3600,22.2727272727
484825,485064,485075,239,11,32,3600,22.7272727273
484825,485070,485081,245,11,32,3600,23.2727272727
484825,485034,485046,209,12,32,3600,18.4166666667
484826,485110,485121,284,11,32,3600,26.8181818182
484826,485099,485110,273,11,32,3600,25.8181818182
484826,485088,485099,262,11,32,3600,24.8181818182
484826,485105,485116,279,11,32,3600,26.3636363636
484826,485082,485093,256,11,32,3600,24.2727272727
484826,485076,485087,250,11,32,3600,23.7272727273
484826,485116,485127,290,11,32,3600,27.3636363636
484827,485162,485174,335,12,32,3600,28.9166666667
484827,485122,485133,295,11,32,3600,27.8181818182
484827,485134,485145,307,11,32,3600,28.9090909091
484827,485128,485139,301,11,32,3600,28.3636363636
484827,485140,485152,313,12,32,3600,27.0833333333
484827,485151,485162,324,11,32,3600,30.4545454545
484828,485197,485208,369,11,32,3600,34.5454545455
484828,485191,485202,363,11,32,3600,34.0
484828,485185,485196,357,11,32,3600,33.4545454545
484828,485178,485189,350,11,32,3600,32.8181818182
484828,485167,485178,339,11,32,3600,31.8181818182
484828,485173,485184,345,11,32,3600,32.3636363636
484829,485209,485224,380,15,32,3600,26.3333333333
484829,485203,485214,374,11,32,3600,35.0
484829,485220,485233,391,13,32,3600,31.0769230769
484829,485226,485237,397,11,32,3600,37.0909090909
484896,511824,512007,26928,183,2,3600,148.147540984
484896,511813,512008,26917,195,2,3600,139.035897436
484896,511819,512010,26923,191,2,3600,141.958115183
484896,511829,512020,26933,191,2,3600,142.010471204
484896,511835,512023,26939,188,2,3600,144.292553191
484897,511862,512053,26965,191,2,3600,142.178010471
484897,511846,512035,26949,189,2,3600,143.587301587
484897,511851,512036,26954,185,2,3600,146.697297297
484897,511840,512022,26943,182,2,3600,149.038461538
484897,511856,512046,26959,190,2,3600,142.889473684
484897,511868,512048,26971,180,2,3600,150.838888889
484898,511913,512111,27015,198,2,3600,137.439393939
484898,511902,512093,27004,191,2,3600,142.382198953
484898,511907,512085,27009,178,2,3600,152.735955056
484898,511896,512077,26998,181,2,3600,150.160220994
484898,511891,512071,26993,180,2,3600,150.961111111
484898,511874,512059,26976,185,2,3600,146.816216216
484898,511880,512063,26982,183,2,3600,148.442622951
484898,511886,512066,26988,180,2,3600,150.933333333
484899,512018,512187,27119,169,2,3600,161.467455621
484899,512030,512223,27131,193,2,3600,141.575129534
484899,512036,512231,27137,195,2,3600,140.164102564
484899,512041,512232,27142,191,2,3600,143.104712042
484899,512023,512201,27124,178,2,3600,153.382022472
484899,512046,512216,27147,170,2,3600,160.688235294
484900,512064,512274,27164,210,2,3600,130.352380952
484900,512074,512272,27174,198,2,3600,138.242424242
484900,512069,512250,27169,181,2,3600,151.104972376
484900,512058,512248,27158,190,2,3600,143.936842105
484900,512053,512235,27153,182,2,3600,150.192307692
484904,484915,485591,11,676,2,18000,1.01627218935
484908,508327,508430,23419,103,4,3600,228.368932039
484908,508321,508424,23413,103,4,3600,228.310679612
484908,508309,508417,23401,108,4,3600,217.675925926
484908,508315,508415,23407,100,4,3600,235.07
484909,508337,508444,23428,107,4,3600,219.953271028
484909,508456,508556,23547,100,4,3600,236.47
484909,508444,508547,23535,103,4,3600,229.495145631
484909,508438,508541,23529,103,4,3600,229.436893204
484909,508426,508539,23517,113,4,3600,209.115044248
484909,508432,508530,23523,98,4,3600,241.030612245
484909,508343,508455,23434,112,4,3600,210.232142857
484910,508551,508660,23641,109,4,3600,217.889908257
484910,508558,508659,23648,101,4,3600,235.138613861
484910,508569,508669,23659,100,4,3600,237.59
484910,508466,508572,23556,106,4,3600,223.226415094
484910,508563,508667,23653,104,4,3600,228.432692308
484910,508583,508686,23673,103,4,3600,230.834951456
484910,508541,508641,23631,100,4,3600,237.31
484911,508697,508793,23786,96,4,3600,248.770833333
484911,508683,508785,23772,102,4,3600,234.058823529
484911,508676,508780,23765,104,4,3600,229.509615385
484911,508671,508776,23760,105,4,3600,227.285714286
484911,508688,508800,23777,112,4,3600,213.294642857
484911,508766,508877,23855,111,4,3600,215.90990991
484911,508652,508754,23741,102,4,3600,233.754901961
484911,509301,509408,24390,107,4,3600,228.943925234
484912,509456,509562,24544,106,4,3600,232.547169811
484912,509444,509548,24532,104,4,3600,236.884615385
484912,509419,509519,24507,100,4,3600,246.07
484912,509336,509445,24424,109,4,3600,225.073394495
484918,502365,502416,17447,51,8,3600,343.098039216
484918,502397,502448,17479,51,8,3600,343.725490196
484918,502459,502510,17541,51,8,3600,344.941176471
484919,484926,485591,7,665,2,18000,1.01052631579
484919,502465,502515,17546,50,8,3600,351.92
484919,502527,502576,17608,49,8,3600,360.346938776
484919,502653,502705,17734,52,8,3600,342.038461538
484919,502521,502570,17602,49,8,3600,360.224489796
484920,502717,502768,17797,51,8,3600,349.960784314
484920,502709,502761,17789,52,8,3600,343.096153846
484920,506601,506651,21681,50,8,3600,434.62
484920,502647,502698,17727,51,8,3600,348.588235294
484920,502588,502638,17668,50,8,3600,354.36
484920,502581,502636,17661,55,8,3600,322.109090909
484920,502772,502824,17852,52,8,3600,344.307692308
484921,502898,502948,17977,50,8,3600,360.54
484921,502835,502887,17914,52,8,3600,345.5
484921,502841,502893,17920,52,8,3600,345.615384615
484921,502904,502957,17983,53,8,3600,340.301886792
484921,502779,502830,17858,51,8,3600,351.156862745
484921,502959,503008,18038,49,8,3600,369.12244898
484922,502968,503018,18046,50,8,3600,361.92
484922,503141,503191,18219,50,8,3600,365.38
484922,503080,503130,18158,50,8,3600,364.16
484922,503090,503141,18168,51,8,3600,357.235294118
484922,503029,503079,18107,50,8,3600,363.14
484922,503019,503068,18097,49,8,3600,370.326530612
484923,503152,503202,18229,50,8,3600,365.58
484923,503202,503253,18279,51,8,3600,359.411764706
484923,503214,503265,18291,51,8,3600,359.647058824
484923,503265,503315,18342,50,8,3600,367.84
484934,494553,494584,9619,31,16,3600,311.290322581
484935,494879,494908,9944,29,16,3600,343.896551724
484935,494801,494829,9866,28,16,3600,353.357142857
484935,494761,494790,9826,29,16,3600,339.827586207
484935,494720,494749,9785,29,16,3600,338.413793103
484935,494681,494709,9746,28,16,3600,349.071428571
484935,494636,494670,9701,34,16,3600,286.323529412
484935,494840,494868,9905,28,16,3600,354.75
484935,494596,494625,9661,29,16,3600,334.137931034
484936,494959,494987,10023,28,16,3600,358.964285714
484936,494999,495029,10063,30,16,3600,336.433333333
484936,495040,495069,10104,29,16,3600,349.413793103
484936,495081,495109,10145,28,16,3600,363.321428571
484936,496605,496633,11669,28,16,3600,417.75
484936,494919,494948,9983,29,16,3600,345.24137931
484937,495121,495152,10184,31,16,3600,329.516129032
484937,495163,495191,10226,28,16,3600,366.214285714
484937,495202,495231,10265,29,16,3600,354.965517241
484937,495242,495272,10305,30,16,3600,344.5
484937,495283,495313,10346,30,16,3600,345.866666667
484937,495324,495357,10387,33,16,3600,315.757575758
484937,495368,495398,10431,30,16,3600,348.7
484938,495605,495636,10667,31,16,3600,345.096774194
484938,495565,495594,10627,29,16,3600,367.448275862
484938,495647,495676,10709,29,16,3600,370.275862069
484938,495487,495515,10549,28,16,3600,377.75
484938,495448,495476,10510,28,16,3600,376.357142857
484938,495409,495437,10471,28,16,3600,374.964285714
484938,495526,495554,10588,28,16,3600,379.142857143
484939,495688,495717,10749,29,16,3600,371.655172414
484944,485232,485254,288,22,32,3600,14.0909090909
484944,485238,485261,294,23,32,3600,13.7826086957
484945,485295,485314,350,19,32,3600,19.4210526316
484945,485306,485327,361,21,32,3600,18.1904761905
484945,485244,485266,299,22,32,3600,14.5909090909
484945,485265,485283,320,18,32,3600,18.7777777778
484945,485272,485295,327,23,32,3600,15.2173913043
484945,485283,485306,338,23,32,3600,15.6956521739
484945,485289,485307,344,18,32,3600,20.1111111111
484945,485250,485268,305,18,32,3600,17.9444444444
484946,485348,485365,402,17,32,3600,24.6470588235
484946,485329,485347,383,18,32,3600,22.2777777778
484946,485323,485345,377,22,32,3600,18.1363636364
484946,485318,485336,372,18,32,3600,21.6666666667
484946,485356,485374,410,18,32,3600,23.7777777778
484946,485338,485365,392,27,32,3600,15.5185185185
484947,485405,485424,458,19,32,3600,25.1052631579
484947,485376,485393,429,17,32,3600,26.2352941176
484947,485393,485411,446,18,32,3600,25.7777777778
484947,485387,485406,440,19,32,3600,24.1578947368
484947,485381,485405,434,24,32,3600,19.0833333333
484947,485416,485435,469,19,32,3600,25.6842105263
484947,485362,485380,415,18,32,3600,24.0555555556
484948,485469,485488,521,19,32,3600,28.4210526316
484948,485458,485476,510,18,32,3600,29.3333333333
484948,485422,485440,474,18,32,3600,27.3333333333
484948,485427,485447,479,20,32,3600,24.95
484948,485452,485470,504,18,32,3600,29.0
484948,485446,485467,498,21,32,3600,24.7142857143
484948,485439,485458,491,19,32,3600,26.8421052632
484967,484983,485591,16,608,2,18000,1.02631578947
484968,512080,512510,27112,430,2,3600,64.0511627907
484969,512090,512479,27121,389,2,3600,70.7197943445
484969,512085,512451,27116,366,2,3600,75.087431694
484969,512199,512568,27230,369,2,3600,74.7940379404
484969,512096,512467,27127,371,2,3600,74.1185983827
484969,512113,512503,27144,390,2,3600,70.6
484969,512106,512485,27137,379,2,3600,72.6015831135
484969,512122,512498,27153,376,2,3600,73.2154255319
484969,512101,512468,27132,367,2,3600,74.9291553134
484970,512259,512663,27289,404,2,3600,68.547029703
484970,512212,512584,27242,372,2,3600,74.2311827957
484970,512234,512612,27264,378,2,3600,73.126984127
484970,512253,512634,27283,381,2,3600,72.6089238845
484970,512265,512649,27295,384,2,3600,72.0807291667
484970,512227,512691,27257,464,2,3600,59.7435344828
484971,512248,512641,27277,393,2,3600,70.4071246819
484971,512242,512635,27271,393,2,3600,70.3918575064
484971,512462,512836,27491,374,2,3600,74.5053475936
484971,512478,512855,27507,377,2,3600,73.9628647215
484971,512484,512858,27513,374,2,3600,74.564171123
484971,512289,512689,27318,400,2,3600,69.295
484971,512283,512668,27312,385,2,3600,71.9402597403
484972,512490,512860,27518,370,2,3600,75.372972973
484972,512506,512885,27534,379,2,3600,73.6490765172
484972,512512,512892,27540,380,2,3600,73.4736842105
484972,512640,513028,27668,388,2,3600,72.3092783505
484972,512634,513031,27662,397,2,3600,70.677581864
484972,512646,513045,27674,399,2,3600,70.35839599
484972,512651,513061,27679,410,2,3600,68.5097560976
484973,512706,513115,27733,409,2,3600,68.8068459658
484978,508792,508997,23814,205,4,3600,117.165853659
484979,508803,509016,23824,213,4,3600,112.849765258
484979,508798,509017,23819,219,4,3600,109.762557078
484979,509009,509221,24030,212,4,3600,114.349056604
484979,508820,509028,23841,208,4,3600,115.620192308
484979,509028,509235,24049,207,4,3600,117.178743961
484979,508809,509032,23830,223,4,3600,107.860986547
484979,508889,509107,23910,218,4,3600,110.678899083
484980,509040,509260,24060,220,4,3600,110.363636364
484980,509033,509246,24053,213,4,3600,113.924882629
484980,509051,509282,24071,231,4,3600,105.203463203
484980,509062,509279,24082,217,4,3600,111.976958525
484981,509118,509325,24137,207,4,3600,117.603864734
484981,509480,509695,24499,215,4,3600,114.948837209
484981,509232,509433,24251,201,4,3600,121.651741294
484981,509248,509469,24267,221,4,3600,110.805429864
484982,509493,509712,24511,219,4,3600,112.922374429
484982,509486,509698,24504,212,4,3600,116.58490566
484982,509295,509521,24313,226,4,3600,108.579646018
484982,509272,509482,24290,210,4,3600,116.666666667
484982,509261,509470,24279,209,4,3600,117.167464115
484983,509706,509916,24723,210,4,3600,118.728571429
484983,509559,509762,24576,203,4,3600,122.064039409
484983,509530,509743,24547,213,4,3600,116.244131455
484983,509536,509741,24553,205,4,3600,120.770731707
484983,509573,509773,24590,200,4,3600,123.95
484984,509723,509933,24739,210,4,3600,118.804761905
484984,509712,509940,24728,228,4,3600,109.456140351
484984,509752,509967,24768,215,4,3600,116.2
484984,509758,509975,24774,217,4,3600,115.165898618
484990,503503,503603,18513,100,8,3600,186.13
484990,503276,503376,18286,100,8,3600,183.86
484990,503614,503717,18624,103,8,3600,181.815533981
484990,503553,503654,18563,101,8,3600,184.792079208
484990,503327,503429,18337,102,8,3600,180.774509804
484990,503440,503542,18450,102,8,3600,181.882352941
484990,503387,503492,18397,105,8,3600,176.20952381
484991,503665,503765,18674,100,8,3600,187.74
484991,503955,504063,18964,108,8,3600,176.592592593
484991,503885,503987,18894,102,8,3600,186.235294118
484991,503843,503944,18852,101,8,3600,187.653465347
484991,503728,503832,18737,104,8,3600,181.163461538
484991,503776,503874,18785,98,8,3600,192.683673469
484992,504223,504322,19231,99,8,3600,195.252525253
484992,503998,504095,19006,97,8,3600,196.93814433
484992,504074,504177,19082,103,8,3600,186.262135922
484992,504188,504287,19196,99,8,3600,194.898989899
484992,504333,504435,19341,102,8,3600,190.617647059
484992,504113,504212,19121,99,8,3600,194.141414141
484992,504298,504400,19306,102,8,3600,190.274509804
484993,504668,504775,19675,107,8,3600,184.878504673
484993,504749,504850,19756,101,8,3600,196.603960396
484993,504637,504738,19644,101,8,3600,195.495049505
484993,504558,504657,19565,99,8,3600,198.626262626
484993,504525,504626,19532,101,8,3600,194.386138614
484993,504446,504547,19453,101,8,3600,193.603960396
484993,504411,504514,19418,103,8,3600,189.524271845
484994,504861,504962,19867,101,8,3600,197.702970297
484994,504895,504994,19901,99,8,3600,202.02020202
484994,504786,504884,19792,98,8,3600,202.959183673
485000,495799,495854,10799,55,16,3600,197.345454545
485000,495728,495788,10728,60,16,3600,179.8
485000,495864,495920,10864,56,16,3600,195.0
485001,495931,495991,10930,60,16,3600,183.166666667
485001,496002,496057,11001,55,16,3600,201.018181818
485001,496133,496194,11132,61,16,3600,183.491803279
485001,496205,496261,11204,56,16,3600,201.071428571
485001,496272,496327,11271,55,16,3600,205.927272727
485001,496338,496393,11337,55,16,3600,207.127272727
485001,496068,496122,11067,54,16,3600,205.944444444
485002,496469,496527,11467,58,16,3600,198.706896552
485002,496403,496457,11401,54,16,3600,212.12962963
485002,496539,496594,11537,55,16,3600,210.763636364
485002,496842,496897,11840,55,16,3600,216.272727273
485002,496645,496700,11643,55,16,3600,212.690909091
485002,496711,496766,11709,55,16,3600,213.890909091
485002,496777,496831,11775,54,16,3600,219.055555556
485003,497105,497159,12102,54,16,3600,225.111111111
485003,496908,496962,11905,54,16,3600,221.462962963
485003,496973,497027,11970,54,16,3600,222.666666667
485003,497039,497094,12036,55,16,3600,219.836363636
485003,497234,497288,12231,54,16,3600,227.5
485003,497170,497223,12167,53,16,3600,230.566037736
485004,497500,497554,12496,54,16,3600,232.407407407
485004,497299,497354,12295,55,16,3600,224.545454545
485004,497435,497489,12431,54,16,3600,231.203703704
485004,497632,497687,12628,55,16,3600,230.6
485004,497365,497424,12361,59,16,3600,210.508474576
485004,497565,497621,12561,56,16,3600,225.303571429
485005,497703,497761,12698,58,16,3600,219.931034483
485011,485478,485512,467,34,32,3600,14.7352941176
485011,485495,485531,484,36,32,3600,14.4444444444
485011,485501,485532,490,31,32,3600,16.8064516129
485011,485524,485556,513,32,32,3600,17.03125
485011,485489,485520,478,31,32,3600,16.4193548387
485012,485579,485611,567,32,32,3600,18.71875
485012,485568,485605,556,37,32,3600,16.027027027
485012,485553,485585,541,32,32,3600,17.90625
485012,485542,485573,530,31,32,3600,18.0967741935
485012,485531,485561,519,30,32,3600,18.3
485012,485622,485653,610,31,32,3600,20.6774193548
485013,485714,485745,701,31,32,3600,23.6129032258
485013,485646,485678,633,32,32,3600,20.78125
485013,485585,485616,572,31,32,3600,19.4516129032
485013,485616,485646,603,30,32,3600,21.1
485013,485596,485635,583,39,32,3600,15.9487179487
485013,485628,485662,615,34,32,3600,19.0882352941
485013,485662,485692,649,30,32,3600,22.6333333333
485014,485828,485863,814,35,32,3600,24.2571428571
485014,485833,485868,819,35,32,3600,24.4
485014,485838,485875,824,37,32,3600,23.2702702703
485014,485851,485884,837,33,32,3600,26.3636363636
485014,486037,486070,1023,33,32,3600,32.0
485014,486042,486076,1028,34,32,3600,31.2352941176
485014,486048,486080,1034,32,32,3600,33.3125
485015,486094,486129,1079,35,32,3600,31.8285714286
485015,486183,486214,1168,31,32,3600,38.6774193548
485015,486191,486223,1176,32,32,3600,37.75
485015,486345,486380,1330,35,32,3600,39.0
485015,486053,486091,1038,38,32,3600,28.3157894737
485032,512574,512609,27542,35,2,3600,787.914285714
485032,512711,512751,27679,40,2,3600,692.975
485032,512568,512613,27536,45,2,3600,612.911111111
485032,512760,512796,27728,36,2,3600,771.222222222
485032,512518,512557,27486,39,2,3600,705.769230769
485032,512524,512558,27492,34,2,3600,809.588235294
485033,512580,512614,27547,34,2,3600,811.205882353
485033,512595,512631,27562,36,2,3600,766.611111111
485033,512766,512839,27733,73,2,3600,380.904109589
485033,512624,512662,27591,38,2,3600,727.078947368
485033,512782,512823,27749,41,2,3600,677.804878049
485033,512777,512813,27744,36,2,3600,771.666666667
485034,512679,512761,27645,82,2,3600,338.134146341
485034,512656,512693,27622,37,2,3600,747.540540541
485034,512685,512749,27651,64,2,3600,433.046875
485034,512662,512750,27628,88,2,3600,314.954545455
485034,512667,512750,27633,83,2,3600,333.927710843
485034,512700,512751,27666,51,2,3600,543.470588235
485034,512690,512766,27656,76,2,3600,364.894736842
485035,512824,512880,27789,56,2,3600,497.232142857
485035,512841,512951,27806,110,2,3600,253.781818182
485035,512807,512879,27772,72,2,3600,386.722222222
485035,512836,512930,27801,94,2,3600,296.755319149
485035,512787,512822,27752,35,2,3600,793.914285714
485035,512792,512831,27757,39,2,3600,712.717948718
485035,512798,512905,27763,107,2,3600,260.46728972
485036,512860,512897,27824,37,2,3600,753.0
485036,512855,512882,27819,27,2,3600,1031.33333333
485036,512871,512908,27835,37,2,3600,753.297297297
485036,485047,485591,11,544,2,18000,1.02022058824
485042,509986,510421,24944,435,4,3600,58.3425287356
485042,509978,510412,24936,434,4,3600,58.4562211982
485042,509945,510371,24903,426,4,3600,59.4577464789
485042,509927,510344,24885,417,4,3600,60.6762589928
485042,509784,510224,24742,440,4,3600,57.2318181818
485042,509773,510215,24731,442,4,3600,56.9524886878
485042,509951,510390,24909,439,4,3600,57.7403189066
485043,510235,510678,25192,443,4,3600,57.8668171558
485043,510356,510788,25313,432,4,3600,59.5949074074
485043,510382,510814,25339,432,4,3600,59.6550925926
485043,510401,510841,25358,440,4,3600,58.6318181818
485043,510227,510664,25184,437,4,3600,58.6292906178
485043,510423,510855,25380,432,4,3600,59.75
485044,510675,511101,25631,426,4,3600,61.1666666667
485044,510689,511116,25645,427,4,3600,61.0585480094
485044,510433,510864,25389,431,4,3600,59.9071925754
485044,510799,511235,25755,436,4,3600,60.0711009174
485045,511113,511544,26068,431,4,3600,61.4825986079
485045,510866,511289,25821,423,4,3600,62.0425531915
485045,510876,511316,25831,440,4,3600,59.7068181818
485045,510852,511295,25807,443,4,3600,59.2550790068
485045,510825,511255,25780,430,4,3600,60.9534883721
485046,511300,511726,26254,426,4,3600,62.6291079812
485046,511217,511659,26171,442,4,3600,60.2104072398
485046,511128,511585,26082,457,4,3600,58.0722100656
485047,511312,511766,26265,454,4,3600,58.8524229075
485047,511266,511694,26219,428,4,3600,62.2593457944
485047,511246,511683,26199,437,4,3600,60.9519450801
485047,511222,511666,26175,444,4,3600,59.9527027027
485047,511327,511753,26280,426,4,3600,62.6901408451
485053,505671,505894,20618,223,8,3600,93.4573991031
485053,505005,505216,19952,211,8,3600,95.5592417062
485053,505434,505660,20381,226,8,3600,91.1814159292
485053,505452,505664,20399,212,8,3600,97.2216981132
485053,505229,505441,20176,212,8,3600,96.1698113208
485053,505204,505423,20151,219,8,3600,93.0136986301
485053,504973,505192,19920,219,8,3600,91.9589041096
485054,505677,505891,20623,214,8,3600,97.3691588785
485054,505910,506128,20856,218,8,3600,96.6697247706
485054,506130,506354,21076,224,8,3600,95.0892857143
485054,506139,506356,21085,217,8,3600,98.1658986175
485054,506365,506583,21311,218,8,3600,98.7568807339
485054,506371,506587,21317,216,8,3600,99.6898148148
485054,505905,506118,20851,213,8,3600,98.8920187793
485055,506885,507104,21830,219,8,3600,100.680365297
485055,507115,507331,22060,216,8,3600,103.12962963
485055,507264,507480,22209,216,8,3600,103.819444444
485055,506816,507031,21761,215,8,3600,102.213953488
485055,507042,507258,21987,216,8,3600,102.791666667
485055,506662,506874,21607,212,8,3600,102.919811321
485055,506595,506805,21540,210,8,3600,103.571428571
485056,507562,507780,22506,218,8,3600,104.23853211
485056,507500,507726,22444,226,8,3600,100.309734513
485056,507491,507707,22435,216,8,3600,104.865740741
485056,507342,507551,22286,209,8,3600,107.631578947
485056,507270,507489,22214,219,8,3600,102.433789954
485056,507737,507956,22681,219,8,3600,104.566210046
485056,507719,507937,22663,218,8,3600,104.958715596
485057,507792,508001,22735,209,8,3600,109.779904306
485057,507948,508175,22891,227,8,3600,101.841409692
485062,498017,498128,12955,111,16,3600,117.711711712
485062,498139,498249,13077,110,16,3600,119.881818182
485062,497896,498006,12834,110,16,3600,117.672727273
485062,497777,497885,12715,108,16,3600,118.731481481
485063,498260,498370,13197,110,16,3600,120.972727273
485063,498381,498492,13318,111,16,3600,120.981981982
485063,498863,498972,13800,109,16,3600,127.605504587
485063,498742,498852,13679,110,16,3600,125.354545455
485063,498623,498731,13560,108,16,3600,126.555555556
485063,498503,498612,13440,109,16,3600,124.302752294
485064,499103,499215,14039,112,16,3600,126.348214286
485064,499226,499336,14162,110,16,3600,129.745454545
485064,499587,499697,14523,110,16,3600,133.027272727
485064,498983,499092,13919,109,16,3600,128.697247706
485064,499708,499819,14644,111,16,3600,132.927927928
485064,499347,499456,14283,109,16,3600,132.036697248
485064,499467,499576,14403,109,16,3600,133.137614679
485065,499830,499939,14765,109,16,3600,136.458715596
485065,499950,500058,14885,108,16,3600,138.824074074
485065,500069,500180,15004,111,16,3600,136.171171171
485065,500191,500300,15126,109,16,3600,139.770642202
485065,500311,500421,15246,110,16,3600,139.6
485065,500432,500544,15367,112,16,3600,138.205357143
485065,500555,500667,15490,112,16,3600,139.303571429
485066,500678,500786,15612,108,16,3600,145.555555556
485066,501177,501286,16111,109,16,3600,148.80733945
485066,500928,501044,15862,116,16,3600,137.74137931
485066,500797,500914,15731,117,16,3600,135.452991453
485066,501303,501411,16237,108,16,3600,151.342592593
485066,501055,501166,15989,111,16,3600,145.045045045
485072,486569,486628,1497,59,32,3600,26.3728813559
485072,486563,486621,1491,58,32,3600,26.7068965517
485072,486500,486557,1428,57,32,3600,26.0526315789
485072,486494,486552,1422,58,32,3600,25.5172413793
485072,486430,486488,1358,58,32,3600,24.4137931034
485072,486425,486483,1353,58,32,3600,24.3275862069
485072,486350,486410,1278,60,32,3600,22.3
485073,487069,487127,1996,58,32,3600,35.4137931034
485073,487120,487178,2047,58,32,3600,36.2931034483
485073,487051,487109,1978,58,32,3600,35.1034482759
485073,486639,486698,1566,59,32,3600,27.5423728814
485073,486632,486700,1559,68,32,3600,23.9264705882
485073,486709,486767,1636,58,32,3600,29.2068965517
485073,487128,487184,2055,56,32,3600,37.6964285714
485074,487134,487199,2060,65,32,3600,32.6923076923
485074,486715,486774,1641,59,32,3600,28.813559322
485074,486779,486837,1705,58,32,3600,30.3965517241
485074,486785,486843,1711,58,32,3600,30.5
485074,486855,486914,1781,59,32,3600,31.186440678
485074,486849,486907,1775,58,32,3600,31.6034482759
485074,486908,486968,1834,60,32,3600,31.5666666667
485075,486913,486972,1838,59,32,3600,32.1525423729
485075,486919,486980,1844,61,32,3600,31.2295081967
485075,486925,486983,1850,58,32,3600,32.8965517241
485075,486979,487040,1904,61,32,3600,32.2131147541
485075,486985,487045,1910,60,32,3600,32.8333333333
485075,486991,487047,1916,56,32,3600,35.2142857143
485075,486997,487057,1922,60,32,3600,33.0333333333
485076,487063,487121,1987,58,32,3600,35.2586206897
485076,487057,487117,1981,60,32,3600,34.0166666667
485084,485094,485591,10,497,2,18000,1.02012072435
485132,485146,485591,14,445,2,18000,1.03146067416
485147,485157,485591,10,434,2,18000,1.02304147465
485201,485215,485591,14,376,2,18000,1.03723404255
485267,485278,485591,11,313,2,18000,1.03514376997
485301,485312,485591,11,279,2,18000,1.0394265233
485417,485433,485591,16,158,2,18000,1.10126582278
485474,485484,485591,10,107,2,18000,1.09345794393
485537,485548,485591,11,43,2,18000,1.25581395349
485552,485559,485591,7,32,2,18000,1.21875
485568,485574,485591,6,17,2,18000,1.35294117647
485650,485657,485693,7,36,2,18000,1.19444444444
485652,485668,485705,16,37,2,18000,1.43243243243
485653,485673,485709,20,36,2,18000,1.55555555556
485654,485678,485715,24,37,2,18000,1.64864864865
485655,485683,485721,28,38,2,18000,1.73684210526
485657,485689,485725,32,36,2,18000,1.88888888889
485658,485694,485732,36,38,2,18000,1.94736842105
485659,485699,485735,40,36,2,18000,2.11111111111
485660,485704,485741,44,37,2,18000,2.18918918919
485662,485709,485746,47,37,2,18000,2.27027027027
485663,485720,485751,57,31,2,18000,2.83870967742
485664,485725,485751,61,26,2,18000,3.34615384615
485665,485731,485751,66,20,2,18000,4.3
485667,485736,485751,69,15,2,18000,5.6
485668,485741,485751,73,10,2,18000,8.3
485669,485746,485751,77,5,2,18000,8.2
485670,485751,485752,81,1,2,18000,8.2
485672,485756,485757,84,1,2,18000,8.5
485673,485761,485762,88,1,2,18000,8.9
485674,485766,485767,92,1,2,18000,9.3
485675,485772,485773,97,1,2,18000,9.8
485677,485777,485778,100,1,2,18000,10.1
485678,485782,485783,104,1,2,18000,10.5
485680,485787,485788,107,1,2,18000,10.8
485681,485792,485805,111,13,2,18000,9.53846153846
485682,485797,485805,115,8,2,18000,12.3
485684,485802,485805,118,3,2,18000,12.1
485685,485807,485808,122,1,2,18000,12.3
485686,485813,485814,127,1,2,18000,12.8
485687,485818,485819,131,1,2,18000,13.2
485689,485823,485824,134,1,2,18000,13.5
485838,485846,485882,8,36,2,18000,1.22222222222
485840,485857,485894,17,37,2,18000,1.45945945946
485841,485862,485899,21,37,2,18000,1.56756756757
485842,485867,485904,25,37,2,18000,1.67567567568
485843,485872,485909,29,37,2,18000,1.78378378378
485844,485877,485918,33,41,2,18000,1.80487804878
485846,485883,485919,37,36,2,18000,2.02777777778
485847,485888,485924,41,36,2,18000,2.13888888889
485848,485893,485931,45,38,2,18000,2.18421052632
485850,485898,485934,48,36,2,18000,2.33333333333
485851,485903,485940,52,37,2,18000,2.40540540541
485852,485909,485945,57,36,2,18000,2.58333333333
485853,485914,485952,61,38,2,18000,2.60526315789
485855,485919,485956,64,37,2,18000,2.72972972973
485856,485925,485961,69,36,2,18000,2.91666666667
485857,485930,485966,73,36,2,18000,3.02777777778
485858,485935,485971,77,36,2,18000,3.13888888889
485860,485940,485978,80,38,2,18000,3.10526315789
485861,485945,485982,84,37,2,18000,3.27027027027
485862,485950,485987,88,37,2,18000,3.37837837838
485864,485955,485993,91,38,2,18000,3.39473684211
485865,485960,485997,95,37,2,18000,3.56756756757
485866,485966,486002,100,36,2,18000,3.77777777778
485868,485971,486008,103,37,2,18000,3.78378378378
485869,485976,486012,107,36,2,18000,3.97222222222
485871,485981,486018,110,37,2,18000,3.97297297297
485872,485986,486023,114,37,2,18000,4.08108108108
485873,485991,486028,118,37,2,18000,4.18918918919
485875,485996,486033,121,37,2,18000,4.27027027027
485876,486001,486039,125,38,2,18000,4.28947368421
485877,486006,486045,129,39,2,18000,4.30769230769
485879,486012,486050,133,38,2,18000,4.5
485880,486017,486054,137,37,2,18000,4.7027027027
485881,486022,486059,141,37,2,18000,4.81081081081
485882,486027,486059,145,32,2,18000,5.53125
485884,486032,486059,148,27,2,18000,6.48148148148
485885,486061,486062,176,1,2,18000,17.7
485886,486066,486067,180,1,2,18000,18.1
485887,486071,486072,184,1,2,18000,18.5
485889,486076,486077,187,1,2,18000,18.8
486005,486081,494598,76,8517,2,21600,1.00892332981
486067,486088,486497,21,409,64,600,1.05134474328
486091,486100,486136,9,36,2,18000,1.25
486093,486105,486142,12,37,2,18000,1.32432432432
486094,486110,486147,16,37,2,18000,1.43243243243
486095,486116,486153,21,37,2,18000,1.56756756757
486097,486121,486158,24,37,2,18000,1.64864864865
486098,486126,486163,28,37,2,18000,1.75675675676
486099,486131,486168,32,37,2,18000,1.86486486486
486100,486136,486173,36,37,2,18000,1.97297297297
486102,486142,486179,40,37,2,18000,2.08108108108
486103,486147,486181,44,34,2,18000,2.29411764706
486104,486152,486181,48,29,2,18000,2.65517241379
486105,486157,486181,52,24,2,18000,3.16666666667
486107,486162,486181,55,19,2,18000,3.89473684211
486108,486168,486181,60,13,2,18000,5.61538461538
486109,486173,486181,64,8,2,18000,7.2
486111,486178,486181,67,3,2,18000,7.0
486199,486205,490131,6,3926,2,18000,1.00152827305
486201,486211,490112,10,3901,2,18000,1.00256344527
486202,486216,489839,14,3623,2,18000,1.00386420094
486203,486221,489956,18,3735,2,18000,1.00481927711
486204,486226,489931,22,3705,2,18000,1.00593792173
486206,486231,490088,25,3857,2,18000,1.00648172155
486207,486238,489962,31,3724,2,18000,1.00832438238
486208,486243,490037,35,3794,2,18000,1.00922509225
486209,486248,490010,39,3762,2,18000,1.01036682616
486211,486253,490239,42,3986,2,18000,1.01053687908
486212,486258,490229,46,3971,2,18000,1.01158398388
486213,486263,489910,50,3647,2,18000,1.01370989855
486214,486268,490120,54,3852,2,18000,1.01401869159
486216,486274,490196,58,3922,2,18000,1.01478837328
486217,486279,490290,62,4011,2,18000,1.0154574919
486218,486284,490219,66,3935,2,18000,1.016772554
486219,486289,489987,70,3698,2,18000,1.01892915089
486221,486294,490202,73,3908,2,18000,1.01867963153
486222,486299,490221,77,3922,2,18000,1.01963284039
486223,486304,490084,81,3780,2,18000,1.02142857143
486224,486309,490061,85,3752,2,18000,1.02265458422
486226,486315,490077,89,3762,2,18000,1.02365762892
486227,486320,490163,93,3843,2,18000,1.02419984387
486228,486325,489789,97,3464,2,18000,1.02800230947
486229,486330,490256,101,3926,2,18000,1.0257259297
486231,486335,490251,104,3916,2,18000,1.02655771195
486232,486340,490003,108,3663,2,18000,1.02948402948
486233,486357,490111,124,3754,2,18000,1.03303143314
486235,486362,490057,127,3695,2,18000,1.03437077131
486236,486367,489876,131,3509,2,18000,1.03733257338
486237,486372,490274,135,3902,2,18000,1.03459764223
486238,486377,490121,139,3744,2,18000,1.03712606838
486240,486383,490011,143,3628,2,18000,1.03941565601
486241,486388,489839,147,3451,2,18000,1.04259634888
486242,486393,490049,151,3656,2,18000,1.04130196937
486243,486398,490339,155,3941,2,18000,1.03933011926
486245,486403,490421,158,4018,2,18000,1.03932304629
486246,486408,490277,162,3869,2,18000,1.04187128457
486247,486413,490308,166,3895,2,18000,1.04261874198
486249,486419,490200,170,3781,2,18000,1.04496165036
487144,487196,569480,52,82284,60,86400,1.00063195761
487378,487398,491017,20,3619,64,3600,1.00552638851
488432,488438,490918,6,2480,2,7200,1.00241935484
488899,488905,488917,6,12,4,900,1.5
488933,488939,492217,6,3278,2,7200,1.00183038438
489296,489302,489304,6,2,2,7200,1.0
489454,491028,556496,1574,65468,64,86400,1.0240422802
489716,494528,495341,4812,813,2,7200,6.91881918819
489791,489801,493456,10,3655,2,18000,1.00273597811
489839,489850,493723,11,3873,2,18000,1.00284017557
489840,489855,493482,15,3627,2,18000,1.0041356493
489879,489887,493803,8,3916,2,18000,1.00204290092
489912,489922,493851,10,3929,2,18000,1.00254517689
489933,489943,493869,10,3926,2,18000,1.00254712175
489956,489967,493793,11,3826,2,18000,1.00287506534
489971,489977,493757,6,3780,2,18000,1.00158730159
489988,489998,493465,10,3467,2,18000,1.00288433804
490003,490014,493743,11,3729,2,18000,1.00294985251
490017,490024,493795,7,3771,2,18000,1.00185627155
490019,490029,493741,10,3712,2,18000,1.00269396552
490039,490048,493846,9,3798,2,18000,1.00236966825
490054,490060,493657,6,3597,2,18000,1.00166805671
490069,490075,493706,6,3631,2,18000,1.00165243735
490070,490081,493917,11,3836,2,18000,1.00286757039
490085,490091,493861,6,3770,2,18000,1.00159151194
490086,490097,493605,11,3508,2,18000,1.00313568985
490101,490107,493836,6,3729,2,18000,1.00160901046
490116,490121,493909,5,3788,2,18000,1.00131995776
490117,490128,493909,11,3781,2,18000,1.00290928326
490132,490138,494087,6,3949,2,18000,1.00151937199
490133,490144,493943,11,3799,2,18000,1.00289549882
490135,490149,493906,14,3757,2,18000,1.00372637743
490164,490174,493875,10,3701,2,18000,1.00270197244
490197,490207,494084,10,3877,2,18000,1.0025793139
490211,490217,494041,6,3824,2,18000,1.00156903766
490213,490223,494196,10,3973,2,18000,1.00251698968
490228,490234,494092,6,3858,2,18000,1.00155520995
490229,490239,493967,10,3728,2,18000,1.00268240343
490243,490250,494008,7,3758,2,18000,1.00186269292
490245,490256,493979,11,3723,2,18000,1.0029546065
490260,490266,493944,6,3678,2,18000,1.00163132137
490261,490272,494258,11,3986,2,18000,1.00275965881
490275,490285,494087,10,3802,2,18000,1.00263019463
490290,490296,494153,6,3857,2,18000,1.00155561317
490291,490302,494276,11,3974,2,18000,1.00276799195
490309,490320,494289,11,3969,2,18000,1.00277147896
490342,490351,494119,9,3768,2,18000,1.00238853503
490423,490432,494067,9,3635,2,18000,1.00247592847
491283,494609,498421,3326,3812,2,7200,1.87250786988
491486,495288,499016,3802,3728,2,7200,2.01984978541
491653,556507,556748,64854,241,64,3600,270.10373444
492582,495352,509042,2770,13690,2,108000,1.20233747261
493313,496544,497890,3231,1346,2,36000,3.40044576523
493459,493468,497149,9,3681,2,18000,1.00244498778
493474,493480,497299,6,3819,2,18000,1.00157109191
493488,493495,497246,7,3751,2,18000,1.00186616902
493606,493616,497294,10,3678,2,18000,1.00271886895
493660,493669,497546,9,3877,2,18000,1.00232138251
493708,493718,497656,10,3938,2,18000,1.00253936008
493725,493734,497519,9,3785,2,18000,1.00237780713
493743,493752,497662,9,3910,2,18000,1.00230179028
493745,493758,497213,13,3455,2,18000,1.00376266281
493760,493768,497636,8,3868,2,18000,1.00206825233
493796,493804,497371,8,3567,2,18000,1.00224278105
493797,493810,497446,13,3636,2,18000,1.00357535754
493812,493818,497575,6,3757,2,18000,1.0015970189
493839,493848,497746,9,3898,2,18000,1.00230887635
493854,493860,497627,6,3767,2,18000,1.0015927794
493856,493866,497368,10,3502,2,18000,1.00285551114
493871,493878,497703,7,3825,2,18000,1.00183006536
493872,493884,497384,12,3500,2,18000,1.00342857143
493886,493893,497628,7,3735,2,18000,1.00187416332
493908,493917,497834,9,3917,2,18000,1.00229767679
493923,493929,497556,6,3627,2,18000,1.00165425972
493924,493935,497662,11,3727,2,18000,1.00295143547
493925,493940,497502,15,3562,2,18000,1.00421111735
493943,493957,497864,14,3907,2,18000,1.003583312
493958,493964,497797,6,3833,2,18000,1.00156535351
493973,493984,497858,11,3874,2,18000,1.00283944244
493988,493994,497671,6,3677,2,18000,1.00163176503
494012,494020,497727,8,3707,2,18000,1.00215807931
494042,494052,497662,10,3610,2,18000,1.0027700831
494069,494079,498031,10,3952,2,18000,1.00253036437
494087,494101,497656,14,3555,2,18000,1.00393811533
494088,494095,497999,7,3904,2,18000,1.00179303279
494089,494106,498007,17,3901,2,18000,1.00435785696
494104,494112,497842,8,3730,2,18000,1.00214477212
494122,494130,497761,8,3631,2,18000,1.00220324979
494155,494165,498056,10,3891,2,18000,1.00257003341
494197,494208,497997,11,3789,2,18000,1.00290314067
494260,494270,497707,10,3437,2,18000,1.00290951411
494275,494287,498225,12,3938,2,18000,1.0030472321
494290,494300,498121,10,3821,2,18000,1.00261711594
494762,497902,499582,3140,1680,2,36000,2.86904761905
495603,498432,507053,2829,8621,2,21600,1.32815218652
496222,499027,507890,2805,8863,2,21600,1.31648426041
497151,497160,500556,9,3396,2,18000,1.00265017668
497213,497224,501019,11,3795,2,18000,1.00289855072
497246,497257,500981,11,3724,2,18000,1.0029538131
497294,497305,500899,11,3594,2,18000,1.00306065665
497309,497315,500911,6,3596,2,18000,1.00166852058
497372,497379,501295,7,3916,2,18000,1.0017875383
497373,497385,501210,12,3825,2,18000,1.0031372549
497388,497395,501214,7,3819,2,18000,1.00183294056
497447,497458,501343,11,3885,2,18000,1.00283140283
497505,497513,501496,8,3983,2,18000,1.00200853628
497522,497530,501021,8,3491,2,18000,1.00229160699
497549,497558,501392,9,3834,2,18000,1.00234741784
497564,497571,501267,7,3696,2,18000,1.00189393939
497578,497586,501448,8,3862,2,18000,1.00207146556
497629,497638,501545,9,3907,2,18000,1.00230355772
497631,497644,501509,13,3865,2,18000,1.00336351876
497649,497655,501473,6,3818,2,18000,1.0015715034
497664,497670,501560,6,3890,2,18000,1.00154241645
497665,497676,501286,11,3610,2,18000,1.00304709141
497666,497681,501375,15,3694,2,18000,1.00406063887
497667,497686,501580,19,3894,2,18000,1.00487930149
497669,497691,501384,22,3693,2,18000,1.00595721636
497683,497698,501416,15,3718,2,18000,1.00403442711
497704,497714,501512,10,3798,2,18000,1.00263296472
497719,497725,501619,6,3894,2,18000,1.00154083205
497733,497740,501658,7,3918,2,18000,1.00178662583
497748,497757,501248,9,3491,2,18000,1.00257805786
497763,497772,501524,9,3752,2,18000,1.00239872068
497798,497808,501566,10,3758,2,18000,1.00266098989
497837,497846,501803,9,3957,2,18000,1.00227445034
497852,497858,501337,6,3479,2,18000,1.00172463352
497867,497873,501618,6,3745,2,18000,1.00160213618
497868,497879,501808,11,3929,2,18000,1.00279969458
497997,498008,501896,11,3888,2,18000,1.00282921811
498012,498023,501755,11,3732,2,18000,1.00294748124
498013,498028,501700,15,3672,2,18000,1.00408496732
498035,498042,501854,7,3812,2,18000,1.0018363064
498058,498067,501693,9,3626,2,18000,1.00248207391
498121,498132,501952,11,3820,2,18000,1.00287958115
498226,498236,502147,10,3911,2,18000,1.00255689082
500556,500567,504418,11,3851,2,18000,1.00285640093
500902,500911,504820,9,3909,2,18000,1.00230237913
500917,500922,504420,5,3498,2,18000,1.00142938822
500982,500993,504974,11,3981,2,18000,1.00276312484
501021,501030,504873,9,3843,2,18000,1.00234192037
501023,501036,504940,13,3904,2,18000,1.00332991803
501213,501221,504879,8,3658,2,18000,1.00218698742
501227,501233,505128,6,3895,2,18000,1.00154043646
501248,501259,505020,11,3761,2,18000,1.00292475405
501269,501278,505127,9,3849,2,18000,1.00233826968
501287,501298,505253,11,3955,2,18000,1.00278128951
501301,501309,504978,8,3669,2,18000,1.00218043064
501337,501348,505145,11,3797,2,18000,1.00289702397
501352,501358,505112,6,3754,2,18000,1.00159829515
501379,501387,504905,8,3518,2,18000,1.00227401933
501394,501400,505350,6,3950,2,18000,1.00151898734
501395,501406,505102,11,3696,2,18000,1.00297619048
501419,501433,504947,14,3514,2,18000,1.00398406375
501449,501459,505412,10,3953,2,18000,1.00252972426
501475,501485,505211,10,3726,2,18000,1.00268384326
501493,501509,505249,16,3740,2,18000,1.00427807487
501511,501520,505201,9,3681,2,18000,1.00244498778
501526,501533,505317,7,3784,2,18000,1.00184989429
501527,501544,505375,17,3831,2,18000,1.00443748369
501548,501557,505488,9,3931,2,18000,1.00228949377
501562,501571,505482,9,3911,2,18000,1.00230120174
501577,501583,505240,6,3657,2,18000,1.00164068909
501592,501598,505615,6,4017,2,18000,1.00149365198
501622,501629,505386,7,3757,2,18000,1.00186318871
501623,501635,505513,12,3878,2,18000,1.00309437855
501659,501671,505558,12,3887,2,18000,1.00308721379
501695,501709,505551,14,3842,2,18000,1.00364393545
501710,501715,505454,5,3739,2,18000,1.00133725595
501758,501766,505642,8,3876,2,18000,1.00206398349
501806,501814,505721,8,3907,2,18000,1.00204760686
501820,501826,505797,6,3971,2,18000,1.00151095442
501856,501865,505596,9,3731,2,18000,1.00241222192
501898,501907,505686,9,3779,2,18000,1.00238158243
501952,501963,505550,11,3587,2,18000,1.0030666295
502148,502158,505998,10,3840,2,18000,1.00260416667
504096,504102,504103,6,1,2,300,1.0
504096,504107,504108,11,1,2,300,1.2
504421,504429,508169,8,3740,2,18000,1.00213903743
504422,504435,508212,13,3777,2,18000,1.00344188509
504822,504831,508803,9,3972,2,18000,1.00226586103
504876,504884,508772,8,3888,2,18000,1.00205761317
504891,504901,508730,10,3829,2,18000,1.00261164795
504908,504916,508842,8,3926,2,18000,1.0020376974
504941,504951,508764,10,3813,2,18000,1.00262260687
504956,504962,508896,6,3934,2,18000,1.00152516523
504977,504986,508578,9,3592,2,18000,1.00250556793
504991,504998,508849,7,3851,2,18000,1.00181770969
505021,505031,508689,10,3658,2,18000,1.00273373428
505102,505113,509070,11,3957,2,18000,1.00277988375
505117,505123,508910,6,3787,2,18000,1.00158436757
505132,505138,508961,6,3823,2,18000,1.00156944808
505133,505144,508721,11,3577,2,18000,1.00307520268
505148,505156,509092,8,3936,2,18000,1.00203252033
505202,505213,508811,11,3598,2,18000,1.00305725403
505217,505222,509133,5,3911,2,18000,1.00127844541
505243,505251,509128,8,3877,2,18000,1.00206345112
505258,505264,509200,6,3936,2,18000,1.00152439024
505260,505270,509033,10,3763,2,18000,1.00265745416
505320,505328,509279,8,3951,2,18000,1.00202480385
505353,505361,509377,8,4016,2,18000,1.00199203187
505376,505386,509153,10,3767,2,18000,1.00265463233
505391,505397,509182,6,3785,2,18000,1.00158520476
505412,505423,509358,11,3935,2,18000,1.00279542567
505457,505465,509354,8,3889,2,18000,1.00205708408
505484,505493,509042,9,3549,2,18000,1.00253592561
505498,505504,509380,6,3876,2,18000,1.00154798762
505516,505525,509391,9,3866,2,18000,1.00232798758
505552,505561,509173,9,3612,2,18000,1.00249169435
505553,505567,509294,14,3727,2,18000,1.00375637242
505568,505574,509055,6,3481,2,18000,1.00172364263
505592,505607,509230,15,3623,2,18000,1.00414021529
505618,505627,509549,9,3922,2,18000,1.00229474758
505645,505653,509244,8,3591,2,18000,1.0022277917
505687,505697,509605,10,3908,2,18000,1.00255885363
505723,505732,509375,9,3643,2,18000,1.00247049135
505798,505809,509574,11,3765,2,18000,1.00292164675
506000,506009,509803,9,3794,2,18000,1.00237216658
506848,506855,506859,7,4,2,300,1.1
506850,506870,506894,20,24,2,300,1.83333333333
506867,506910,506936,43,26,2,300,2.65384615385
506903,506947,507006,44,59,2,360,1.74576271186
507014,507020,507252,6,232,2,300,1.02586206897
507676,507901,507919,225,18,2,300,13.5
507865,507930,507951,65,21,2,300,4.09523809524
507926,507962,507984,36,22,2,300,2.63636363636
507958,507995,508029,37,34,2,300,2.08823529412
507991,508041,508072,50,31,2,300,2.61290322581
508079,508086,508198,7,112,2,300,1.0625
508172,508180,511929,8,3749,2,18000,1.00213390237
508214,508224,511789,10,3565,2,18000,1.00280504909
508581,508590,512485,9,3895,2,18000,1.00231065469
508692,508703,512483,11,3780,2,18000,1.00291005291
508722,508732,512415,10,3683,2,18000,1.00271517784
508737,508743,512426,6,3683,2,18000,1.00162910671
508766,508775,512659,9,3884,2,18000,1.00231719876
508781,508787,512460,6,3673,2,18000,1.00163354206
508805,508815,512366,10,3551,2,18000,1.00281610814
508820,508826,512607,6,3781,2,18000,1.00158688178
508844,508853,512838,9,3985,2,18000,1.00225846926
508858,508864,512585,6,3721,2,18000,1.00161246977
508897,508907,512702,10,3795,2,18000,1.00263504611
508912,508921,512761,9,3840,2,18000,1.00234375
508963,508972,512723,9,3751,2,18000,1.00239936017
509035,509046,512907,11,3861,2,18000,1.00284900285
509050,509057,512992,7,3935,2,18000,1.00177890724
509065,509071,513005,6,3934,2,18000,1.00152516523
509079,509086,512981,7,3895,2,18000,1.00179717587
509094,509103,512817,9,3714,2,18000,1.00242326333
509130,509139,512741,9,3602,2,18000,1.00249861188
509145,509151,512985,6,3834,2,18000,1.00156494523
509159,509165,513023,6,3858,2,18000,1.00155520995
509174,509184,512881,10,3697,2,18000,1.00270489586
509189,509195,512860,6,3665,2,18000,1.00163710778
509204,509211,512932,7,3721,2,18000,1.00188121473
509231,509242,513237,11,3995,2,18000,1.0027534418
509245,509255,512866,10,3611,2,18000,1.00276931598
509282,509290,512906,8,3616,2,18000,1.00221238938
509296,509307,512975,11,3668,2,18000,1.00299890949
509357,509365,513136,8,3771,2,18000,1.0021214532
509371,509377,513252,6,3875,2,18000,1.0015483871
509386,509392,513014,6,3622,2,18000,1.00165654335
509388,509398,513306,10,3908,2,18000,1.00255885363
509389,509403,513091,14,3688,2,18000,1.00379609544
509404,509409,512992,5,3583,2,18000,1.00139547865
509551,509565,513510,14,3945,2,18000,1.00354879594
509575,509585,513209,10,3624,2,18000,1.0027593819
509608,509617,513230,9,3613,2,18000,1.00249100471
509807,509815,513714,8,3899,2,18000,1.00205180816
511791,511802,515754,11,3952,2,18000,1.00278340081
511932,511940,515727,8,3787,2,18000,1.0021124901
512369,512378,516232,9,3854,2,18000,1.00233523612
512417,512426,516404,9,3978,2,18000,1.00226244344
512432,512438,516263,6,3825,2,18000,1.00156862745
512462,512471,516266,9,3795,2,18000,1.0023715415
512486,512496,516388,10,3892,2,18000,1.00256937307
512487,512501,516007,14,3506,2,18000,1.00399315459
512586,512601,516137,15,3536,2,18000,1.00424208145
512610,512618,516444,8,3826,2,18000,1.00209095661
512661,512673,516607,12,3934,2,18000,1.00305033045
512703,512717,516362,14,3645,2,18000,1.00384087791
512724,512734,516344,10,3610,2,18000,1.0027700831
512742,512752,516622,10,3870,2,18000,1.00258397933
512763,512772,516472,9,3700,2,18000,1.00243243243
512820,512830,516709,10,3879,2,18000,1.00257798402
512841,512866,516734,25,3868,2,18000,1.00646328852
512862,512877,516531,15,3654,2,18000,1.00410509031
512877,512883,516696,6,3813,2,18000,1.00157356412
512892,512898,516729,6,3831,2,18000,1.00156617071
512907,512917,516693,10,3776,2,18000,1.00264830508
512908,512923,516660,15,3737,2,18000,1.00401391491
512935,512944,516818,9,3874,2,18000,1.00232318018
512977,512986,516843,9,3857,2,18000,1.00233341976
512992,512999,516744,7,3745,2,18000,1.00186915888
512994,513004,516958,10,3954,2,18000,1.00252908447
512995,513010,516725,15,3715,2,18000,1.00403768506
512996,513015,516485,19,3470,2,18000,1.00547550432
513011,513021,516429,10,3408,2,18000,1.0029342723
513027,513033,516680,6,3647,2,18000,1.00164518783
513028,513039,516914,11,3875,2,18000,1.00283870968
513094,513102,517077,8,3975,2,18000,1.00201257862
513139,513148,516652,9,3504,2,18000,1.00256849315
513211,513221,517029,10,3808,2,18000,1.00262605042
513232,513241,517192,9,3951,2,18000,1.00227790433
513247,513253,516655,6,3402,2,18000,1.00176366843
513261,513267,517009,6,3742,2,18000,1.00160342063
513310,513317,517169,7,3852,2,18000,1.0018172378
513511,513521,517244,10,3723,2,18000,1.00268600591
513716,513726,517302,10,3576,2,18000,1.00279642058
515727,515738,519362,11,3624,2,18000,1.00303532009
515757,515766,519689,9,3923,2,18000,1.00229416263
516009,516018,519862,9,3844,2,18000,1.00234131113
516139,516148,519881,9,3733,2,18000,1.00241092955
516235,516243,519801,8,3558,2,18000,1.00224845419
516265,516274,520222,9,3948,2,18000,1.00227963526
516280,516286,520254,6,3968,2,18000,1.00151209677
516346,516356,520132,10,3776,2,18000,1.00264830508
516364,516374,520219,10,3845,2,18000,1.00260078023
516391,516399,520244,8,3845,2,18000,1.00208062419
516406,516416,520160,10,3744,2,18000,1.00267094017
516429,516440,520364,11,3924,2,18000,1.00280326198
516447,516456,520392,9,3936,2,18000,1.00228658537
516474,516483,520364,9,3881,2,18000,1.00231898995
516489,516497,520367,8,3870,2,18000,1.00206718346
516534,516543,520158,9,3615,2,18000,1.00248962656
516609,516618,520331,9,3713,2,18000,1.00242391597
516624,516633,520531,9,3898,2,18000,1.00230887635
516654,516664,520316,10,3652,2,18000,1.00273822563
516669,516675,520197,6,3522,2,18000,1.00170357751
516670,516681,520572,11,3891,2,18000,1.00282703675
516685,516690,520421,5,3731,2,18000,1.00134012329
516700,516706,520202,6,3496,2,18000,1.00171624714
516701,516712,520349,11,3637,2,18000,1.00302447072
516716,516722,520367,6,3645,2,18000,1.00164609053
516730,516736,520609,6,3873,2,18000,1.00154918668
516732,516742,520396,10,3654,2,18000,1.00273672687
516747,516753,520359,6,3606,2,18000,1.00166389351
516748,516759,520462,11,3703,2,18000,1.00297056441
516820,516829,520718,9,3889,2,18000,1.00231421959
516844,516854,520607,10,3753,2,18000,1.00266453504
516916,516925,520400,9,3475,2,18000,1.00258992806
516958,516969,520706,11,3737,2,18000,1.0029435376
517012,517020,520763,8,3743,2,18000,1.002137323
517030,517041,521004,11,3963,2,18000,1.00277567499
517078,517088,520924,10,3836,2,18000,1.00260688217
517171,517180,520881,9,3701,2,18000,1.0024317752
517192,517203,520894,11,3691,2,18000,1.00298022216
517246,517255,520955,9,3700,2,18000,1.00243243243
517303,517313,520945,10,3632,2,18000,1.00275330396
518596,518602,518611,6,9,10,468000,1.5
518717,518723,1058736,6,540013,10,540000,1.00001111084
518804,550181,1090199,31377,540018,10,540000,1.05810361877
519374,519380,523122,6,3742,2,18000,1.00160342063
519693,519700,523427,7,3727,2,18000,1.00187818621
519806,519812,523560,6,3748,2,18000,1.00160085379
519863,519874,523391,11,3517,2,18000,1.00312766562
519884,519892,523784,8,3892,2,18000,1.00205549846
520059,556512,556520,36453,8,10,540000,3646.1
520147,520153,523870,6,3717,2,18000,1.001614205
520167,520173,524054,6,3881,2,18000,1.0015459933
520168,520179,524166,11,3987,2,18000,1.00275896664
520205,520211,523972,6,3761,2,18000,1.00159532039
520206,520217,524057,11,3840,2,18000,1.00286458333
520224,520230,523975,6,3745,2,18000,1.00160213618
520226,520236,524079,10,3843,2,18000,1.00260213375
520247,520255,524108,8,3853,2,18000,1.00207630418
520263,520270,523855,7,3585,2,18000,1.0019525802
520319,520327,524058,8,3731,2,18000,1.00214419727
520354,520360,524083,6,3723,2,18000,1.00161160355
520355,520366,524250,11,3884,2,18000,1.00283213182
520383,520389,523984,6,3595,2,18000,1.0016689847
520384,520395,524335,11,3940,2,18000,1.00279187817
520386,520400,524368,14,3968,2,18000,1.00352822581
520387,520405,524266,18,3861,2,18000,1.00466200466
520388,520410,524325,22,3915,2,18000,1.00561941252
520410,520416,523946,6,3530,2,18000,1.00169971671
520411,520422,524205,11,3783,2,18000,1.00290774518
520412,520427,524030,15,3603,2,18000,1.00416319734
520435,520441,524314,6,3873,2,18000,1.00154918668
520466,520473,524184,7,3711,2,18000,1.00188628402
520537,520544,524489,7,3945,2,18000,1.00177439797
520577,520583,524065,6,3482,2,18000,1.00172314762
520614,520620,524202,6,3582,2,18000,1.00167504188
520615,520626,524426,11,3800,2,18000,1.00289473684
520708,520717,524464,9,3747,2,18000,1.00240192154
520723,520729,524426,6,3697,2,18000,1.00162293752
520765,520774,524244,9,3470,2,18000,1.00259365994
520883,520893,524423,10,3530,2,18000,1.00283286119
520898,520905,524835,7,3930,2,18000,1.00178117048
520925,520935,524703,10,3768,2,18000,1.00265392781
520945,520956,524866,11,3910,2,18000,1.00281329923
520960,520967,524848,7,3881,2,18000,1.00180365885
521005,521015,524750,10,3735,2,18000,1.00267737617
523122,523133,526850,11,3717,2,18000,1.00295937584
523394,523402,527193,8,3791,2,18000,1.00211026114
523430,523438,527290,8,3852,2,18000,1.0020768432
523562,523572,527248,10,3676,2,18000,1.0027203482
523785,523795,527379,10,3584,2,18000,1.00279017857
523857,523866,527787,9,3921,2,18000,1.00229533282
523872,523881,527577,9,3696,2,18000,1.00243506494
523947,523957,527700,10,3743,2,18000,1.00267165375
523974,523984,527911,10,3927,2,18000,1.00254647313
523989,523995,527865,6,3870,2,18000,1.0015503876
523990,524001,527872,11,3871,2,18000,1.00284164299
524032,524041,527985,9,3944,2,18000,1.00228194726
524057,524065,527995,8,3930,2,18000,1.00203562341
524072,524078,527911,6,3833,2,18000,1.00156535351
524073,524084,527879,11,3795,2,18000,1.00289855072
524075,524089,527974,14,3885,2,18000,1.0036036036
524089,524095,528018,6,3923,2,18000,1.00152944175
524091,524101,527924,10,3823,2,18000,1.0026157468
524109,524119,527607,10,3488,2,18000,1.00286697248
524169,524177,528095,8,3918,2,18000,1.00204185809
524184,524195,527834,11,3639,2,18000,1.00302280846
524205,524213,528103,8,3890,2,18000,1.00205655527
524206,524219,528018,13,3799,2,18000,1.00342195315
524246,524255,528249,9,3994,2,18000,1.00225338007
524261,524267,527952,6,3685,2,18000,1.00162822252
524276,524282,527825,6,3543,2,18000,1.0016934801
524315,524326,528001,11,3675,2,18000,1.00299319728
524330,524336,528112,6,3776,2,18000,1.00158898305
524345,524351,528195,6,3844,2,18000,1.00156087409
524372,524380,528147,8,3767,2,18000,1.00212370587
524426,524434,528350,8,3916,2,18000,1.00204290092
524428,524440,527974,12,3534,2,18000,1.00339558574
524429,524445,528351,16,3906,2,18000,1.00409626216
524465,524475,528407,10,3932,2,18000,1.00254323499
524493,524501,528335,8,3834,2,18000,1.00208659364
524704,524714,528583,10,3869,2,18000,1.0025846472
524752,524761,528405,9,3644,2,18000,1.00246981339
524837,524846,528462,9,3616,2,18000,1.00248893805
524851,524859,528624,8,3765,2,18000,1.002124834
524867,524877,528777,10,3900,2,18000,1.00256410256
526852,526862,530682,10,3820,2,18000,1.00261780105
527193,527204,530731,11,3527,2,18000,1.00311879785
527250,527259,530817,9,3558,2,18000,1.00252951096
527292,527302,530903,10,3601,2,18000,1.00277700639
527382,527390,531178,8,3788,2,18000,1.00211193242
527578,527588,531374,10,3786,2,18000,1.00264131009
527608,527618,531483,10,3865,2,18000,1.00258732212
527701,527711,531473,10,3762,2,18000,1.00265816055
527788,527798,531740,10,3942,2,18000,1.00253678336
527827,527836,531619,9,3783,2,18000,1.00237906423
527842,527848,531476,6,3628,2,18000,1.00165380375
527866,527876,531639,10,3763,2,18000,1.00265745416
527880,527887,531800,7,3913,2,18000,1.00178890877
527882,527893,531546,11,3653,2,18000,1.00301122365
527912,527922,531752,10,3830,2,18000,1.00261096606
527913,527927,531666,14,3739,2,18000,1.00374431666
527928,527935,531620,7,3685,2,18000,1.00189959294
527955,527963,531824,8,3861,2,18000,1.00207200207
527976,527985,531703,9,3718,2,18000,1.00242065627
527977,527990,531584,13,3594,2,18000,1.00361713968
527992,527998,531971,6,3973,2,18000,1.00151019381
528007,528013,531623,6,3610,2,18000,1.00166204986
528008,528019,531751,11,3732,2,18000,1.00294748124
528023,528030,532050,7,4020,2,18000,1.00174129353
528025,528036,531911,11,3875,2,18000,1.00283870968
528097,528106,532080,9,3974,2,18000,1.00226472068
528112,528118,531787,6,3669,2,18000,1.00163532298
528114,528124,531789,10,3665,2,18000,1.00272851296
528150,528158,532097,8,3939,2,18000,1.00203097233
528198,528207,532165,9,3958,2,18000,1.00227387569
528252,528261,532131,9,3870,2,18000,1.0023255814
528337,528346,532070,9,3724,2,18000,1.00241675618
528352,528361,531792,9,3431,2,18000,1.00262314194
528353,528367,532117,14,3750,2,18000,1.00373333333
528408,528416,532298,8,3882,2,18000,1.00206079341
528409,528422,532100,13,3678,2,18000,1.00353452964
528463,528473,532440,10,3967,2,18000,1.00252079657
528583,528594,532313,11,3719,2,18000,1.00295778435
528626,528635,532257,9,3622,2,18000,1.00248481502
528780,528789,532314,9,3525,2,18000,1.00255319149
530684,530693,534620,9,3927,2,18000,1.00229182582
530732,530743,534605,11,3862,2,18000,1.00284826515
530819,530828,534659,9,3831,2,18000,1.00234925607
530906,530914,534691,8,3777,2,18000,1.00211808313
531180,531189,534911,9,3722,2,18000,1.00241805481
531375,531385,535012,10,3627,2,18000,1.00275709953
531475,531484,535234,9,3750,2,18000,1.0024
531490,531496,535152,6,3656,2,18000,1.00164113786
531491,531502,535244,11,3742,2,18000,1.00293960449
531548,531557,535203,9,3646,2,18000,1.00246845858
531584,531595,534986,11,3391,2,18000,1.00324388086
531620,531636,535619,16,3983,2,18000,1.00401707256
531621,531630,535513,9,3883,2,18000,1.00231779552
531636,531642,535520,6,3878,2,18000,1.00154718927
531651,531657,535511,6,3854,2,18000,1.00155682408
531669,531678,535622,9,3944,2,18000,1.00228194726
531705,531714,535409,9,3695,2,18000,1.00243572395
531741,531751,535658,10,3907,2,18000,1.00255950857
531756,531761,535686,5,3925,2,18000,1.00127388535
531757,531768,535663,11,3895,2,18000,1.0028241335
531787,531798,535664,11,3866,2,18000,1.00284531816
531803,531809,535697,6,3888,2,18000,1.00154320988
531804,531815,535596,11,3781,2,18000,1.00290928326
531805,531820,535589,15,3769,2,18000,1.0039798355
531826,531836,535728,10,3892,2,18000,1.00256937307
531913,531922,535827,9,3905,2,18000,1.00230473752
531974,531982,535556,8,3574,2,18000,1.00223838836
532052,532061,535864,9,3803,2,18000,1.00236655272
532073,532081,535941,8,3860,2,18000,1.00207253886
532088,532094,535915,6,3821,2,18000,1.00157026956
532103,532109,535974,6,3865,2,18000,1.00155239327
532104,532115,535932,11,3817,2,18000,1.00288184438
532119,532128,535634,9,3506,2,18000,1.00256702795
532134,532142,535963,8,3821,2,18000,1.00209369275
532167,532176,535890,9,3714,2,18000,1.00242326333
532260,532268,536118,8,3850,2,18000,1.00207792208
532299,532309,535895,10,3586,2,18000,1.00278862242
532314,532330,535889,16,3559,2,18000,1.00449564484
532316,532324,535927,8,3603,2,18000,1.00222037191
532443,532451,536249,8,3798,2,18000,1.00210637177
534607,534616,538395,9,3779,2,18000,1.00238158243
534622,534632,538341,10,3709,2,18000,1.00269614451
534661,534671,538523,10,3852,2,18000,1.002596054
534691,534702,538143,11,3441,2,18000,1.00319674513
534914,534922,538943,8,4021,2,18000,1.00198955484
534989,534997,538858,8,3861,2,18000,1.00207200207
535013,535023,538919,10,3896,2,18000,1.00256673511
535154,535163,539074,9,3911,2,18000,1.00230120174
535205,535215,539164,10,3949,2,18000,1.00253228665
535235,535245,539077,10,3832,2,18000,1.00260960334
535250,535256,539101,6,3845,2,18000,1.00156046814
535412,535420,539035,8,3615,2,18000,1.00221300138
535515,535524,539271,9,3747,2,18000,1.00240192154
535516,535529,539071,13,3542,2,18000,1.0036702428
535530,535537,539046,7,3509,2,18000,1.00199487033
535557,535567,539352,10,3785,2,18000,1.00264200793
535590,535600,539487,10,3887,2,18000,1.00257267816
535605,535611,539500,6,3889,2,18000,1.00154281306
535620,535630,539484,10,3854,2,18000,1.0025947068
535635,535641,539534,6,3893,2,18000,1.00154122784
535636,535647,539739,11,4092,2,18000,1.00268817204
535660,535669,539352,9,3683,2,18000,1.00244366006
535675,535681,539539,6,3858,2,18000,1.00155520995
535677,535687,539411,10,3724,2,18000,1.00268528464
535691,535697,539617,6,3920,2,18000,1.00153061224
535706,535712,539304,6,3592,2,18000,1.00167037862
535730,535740,539695,10,3955,2,18000,1.00252844501
535830,535839,539762,9,3923,2,18000,1.00229416263
535866,535876,539769,10,3893,2,18000,1.00256871307
535890,535900,539616,10,3716,2,18000,1.00269106566
535905,535911,539669,6,3758,2,18000,1.00159659393
535906,535917,539782,11,3865,2,18000,1.00284605433
535921,535927,539839,6,3912,2,18000,1.00153374233
535936,535942,539397,6,3455,2,18000,1.0017366136
535937,535948,539728,11,3780,2,18000,1.00291005291
535952,535958,539816,6,3858,2,18000,1.00155520995
535967,535974,539661,7,3687,2,18000,1.00189856252
535982,535988,539618,6,3630,2,18000,1.00165289256
536120,536129,540069,9,3940,2,18000,1.00228426396
536250,536261,539944,11,3683,2,18000,1.00298669563
538144,538154,541951,10,3797,2,18000,1.00263365815
538342,538352,542028,10,3676,2,18000,1.0027203482
538397,538407,542211,10,3804,2,18000,1.00262881178
538526,538534,542331,8,3797,2,18000,1.00210692652
538762,538769,538844,7,75,1,10,1.09333333333
538856,538862,539863,6,1001,1,1200,1.00599400599
538860,538869,542583,9,3714,2,18000,1.00242326333
538920,538930,542497,10,3567,2,18000,1.00280347631
538944,538954,542766,10,3812,2,18000,1.00262329486
539037,539046,542646,9,3600,2,18000,1.0025
539052,539058,542874,6,3816,2,18000,1.00157232704
539073,539083,542883,10,3800,2,18000,1.00263157895
539088,539094,542815,6,3721,2,18000,1.00161246977
539089,539100,542850,11,3750,2,18000,1.00293333333
539104,539112,542680,8,3568,2,18000,1.00224215247
539167,539175,542988,8,3813,2,18000,1.0020980855
539272,539282,543221,10,3939,2,18000,1.00253871541
539305,539315,543241,10,3926,2,18000,1.00254712175
539354,539363,543243,9,3880,2,18000,1.00231958763
539355,539368,543112,13,3744,2,18000,1.00347222222
539400,539408,543273,8,3865,2,18000,1.0020698577
539415,539422,543366,7,3944,2,18000,1.00177484787
539487,539495,543399,8,3904,2,18000,1.00204918033
539488,539501,543330,13,3829,2,18000,1.00339514233
539503,539511,543499,8,3988,2,18000,1.00200601805
539537,539545,543397,8,3852,2,18000,1.0020768432
539551,539557,543136,6,3579,2,18000,1.00167644593
539618,539627,543511,9,3884,2,18000,1.00231719876
539619,539632,543455,13,3823,2,18000,1.00340047083
539634,539640,543453,6,3813,2,18000,1.00157356412
539664,539672,543605,8,3933,2,18000,1.00203407068
539679,539685,543438,6,3753,2,18000,1.00159872102
539697,539706,543351,9,3645,2,18000,1.0024691358
539730,539740,543612,10,3872,2,18000,1.00258264463
539744,539750,543497,6,3747,2,18000,1.00160128102
539762,539773,543674,11,3901,2,18000,1.0028197898
539777,539783,543644,6,3861,2,18000,1.00155400155
539792,539798,543454,6,3656,2,18000,1.00164113786
539819,539827,543475,8,3648,2,18000,1.00219298246
539843,539851,543760,8,3909,2,18000,1.00204655922
539945,539955,543799,10,3844,2,18000,1.00260145682
540072,540080,543893,8,3813,2,18000,1.0020980855
541952,541962,545882,10,3920,2,18000,1.00255102041
542030,542039,545937,9,3898,2,18000,1.00230887635
542214,542222,546058,8,3836,2,18000,1.00208550574
542334,542343,546166,9,3823,2,18000,1.00235417212
542496,542508,546383,12,3875,2,18000,1.00309677419
542583,542594,546644,11,4050,2,18000,1.00271604938
542646,542657,546590,11,3933,2,18000,1.00279684719
542682,542691,546575,9,3884,2,18000,1.00231719876
542767,542777,546290,10,3513,2,18000,1.00284656988
542818,542826,546620,8,3794,2,18000,1.00210859251
542851,542861,546433,10,3572,2,18000,1.00279955207
542875,542886,546580,11,3694,2,18000,1.00297780184
542889,542895,546749,6,3854,2,18000,1.00155682408
542992,543000,546549,8,3549,2,18000,1.0022541561
543115,543124,546660,9,3536,2,18000,1.00254524887
543139,543147,546868,8,3721,2,18000,1.00214995969
543223,543233,546973,10,3740,2,18000,1.00267379679
543245,543254,546875,9,3621,2,18000,1.00248550124
543246,543259,547125,13,3866,2,18000,1.00336264873
543276,543284,547034,8,3750,2,18000,1.00213333333
543333,543341,546966,8,3625,2,18000,1.00220689655
543354,543362,547217,8,3855,2,18000,1.00207522698
543369,543378,547273,9,3895,2,18000,1.00231065469
543400,543408,547091,8,3683,2,18000,1.00217214228
543401,543414,547105,13,3691,2,18000,1.00352208074
543440,543449,547108,9,3659,2,18000,1.00245968844
543456,543464,547362,8,3898,2,18000,1.00205233453
543457,543470,547151,13,3681,2,18000,1.00353164901
543459,543475,547152,16,3677,2,18000,1.0043513734
543477,543486,547371,9,3885,2,18000,1.00231660232
543498,543509,547083,11,3574,2,18000,1.003077784
543513,543519,547079,6,3560,2,18000,1.00168539326
543514,543525,547475,11,3950,2,18000,1.00278481013
543608,543616,547328,8,3712,2,18000,1.00215517241
543622,543628,547429,6,3801,2,18000,1.00157853197
543647,543655,547253,8,3598,2,18000,1.00222345748
543677,543685,547376,8,3691,2,18000,1.0021674343
543761,543771,547659,10,3888,2,18000,1.00257201646
543800,543810,547309,10,3499,2,18000,1.00285795942
543894,543904,547826,10,3922,2,18000,1.00254971953
545882,545893,549838,11,3945,2,18000,1.00278833967
545939,545948,549653,9,3705,2,18000,1.0024291498
546060,546069,549866,9,3797,2,18000,1.00237029234
546168,546177,549880,9,3703,2,18000,1.00243046179
546291,546301,549669,10,3368,2,18000,1.00296912114
546384,546394,550246,10,3852,2,18000,1.002596054
546436,546444,550249,8,3805,2,18000,1.00210249671
546550,546561,550511,11,3950,2,18000,1.00278481013
546577,546587,550551,10,3964,2,18000,1.00252270434
546592,546598,550504,6,3906,2,18000,1.00153609831
546593,546604,550304,11,3700,2,18000,1.00297297297
546623,546631,550668,8,4037,2,18000,1.00198166956
546644,546655,550558,11,3903,2,18000,1.00281834486
546662,546671,550336,9,3665,2,18000,1.00245566166
546752,546760,550381,8,3621,2,18000,1.00220933444
546870,546879,550394,9,3515,2,18000,1.00256045519
546884,546891,550790,7,3899,2,18000,1.00179533214
546969,546977,550858,8,3881,2,18000,1.0020613244
546983,546989,550700,6,3711,2,18000,1.00161681487
547034,547045,550943,11,3898,2,18000,1.00282195998
547080,547090,550980,10,3890,2,18000,1.00257069409
547095,547101,550947,6,3846,2,18000,1.0015600624
547096,547107,551023,11,3916,2,18000,1.00280898876
547112,547118,550930,6,3812,2,18000,1.00157397692
547113,547124,551052,11,3928,2,18000,1.00280040733
547128,547136,551105,8,3969,2,18000,1.00201562106
547152,547162,551081,10,3919,2,18000,1.00255167134
547153,547168,550868,15,3700,2,18000,1.00405405405
547220,547228,550789,8,3561,2,18000,1.00224655996
547256,547264,551085,8,3821,2,18000,1.00209369275
547274,547284,551076,10,3792,2,18000,1.0026371308
547310,547320,550677,10,3357,2,18000,1.00297885016
547331,547339,551226,8,3887,2,18000,1.00205814253
547364,547373,551098,9,3725,2,18000,1.00241610738
547379,547385,551021,6,3636,2,18000,1.00165016502
547380,547391,551116,11,3725,2,18000,1.00295302013
547432,547440,551303,8,3863,2,18000,1.00207092933
547477,547486,551258,9,3772,2,18000,1.00238600212
547550,547557,548189,7,632,1,600,1.01107594937
547661,547670,551421,9,3751,2,18000,1.00239936017
547828,547837,551573,9,3736,2,18000,1.00240899358
549656,549665,553571,9,3906,2,18000,1.00230414747
549670,549680,553563,10,3883,2,18000,1.00257532835
549839,549849,553684,10,3835,2,18000,1.00260756193
549869,549878,553697,9,3819,2,18000,1.00235663786
549884,549891,553803,7,3912,2,18000,1.00178936605
550265,550271,554177,6,3906,2,18000,1.00153609831
550266,550277,554010,11,3733,2,18000,1.00294669167
550324,550331,554057,7,3726,2,18000,1.00187869028
550342,550348,554123,6,3775,2,18000,1.00158940397
550386,550392,554176,6,3784,2,18000,1.00158562368
550402,550408,553946,6,3538,2,18000,1.00169587337
550513,550519,554309,6,3790,2,18000,1.00158311346
550514,550525,554381,11,3856,2,18000,1.0028526971
550555,550562,554050,7,3488,2,18000,1.00200688073
550573,550579,554474,6,3895,2,18000,1.00154043646
550679,550685,554538,6,3853,2,18000,1.00155722813
550680,550691,554388,11,3697,2,18000,1.00297538545
550707,550713,554277,6,3564,2,18000,1.00168350168
550797,550803,554471,6,3668,2,18000,1.00163576881
550799,550809,554441,10,3632,2,18000,1.00275330396
550866,550872,554421,6,3549,2,18000,1.00169061708
550881,550887,554643,6,3756,2,18000,1.00159744409
550933,550941,554612,8,3671,2,18000,1.00217924271
550948,550954,554600,6,3646,2,18000,1.00164563906
550949,550960,554743,11,3783,2,18000,1.00290774518
550982,550991,554856,9,3865,2,18000,1.00232858991
551022,551032,554702,10,3670,2,18000,1.00272479564
551037,551043,554649,6,3606,2,18000,1.00166389351
551055,551063,554774,8,3711,2,18000,1.00215575317
551079,551087,554839,8,3752,2,18000,1.00213219616
551100,551106,554933,6,3827,2,18000,1.00156780768
551101,551112,554982,11,3870,2,18000,1.00284237726
551103,551117,554707,14,3590,2,18000,1.00389972145
551124,551130,554904,6,3774,2,18000,1.00158982512
551126,551136,554667,10,3531,2,18000,1.00283205891
551248,551254,555055,6,3801,2,18000,1.00157853197
551268,551274,554936,6,3662,2,18000,1.00163844894
551330,551336,555067,6,3731,2,18000,1.00160814795
551428,551434,555379,6,3945,2,18000,1.00152091255
551576,551584,555299,8,3715,2,18000,1.00215343203
553564,553575,557241,11,3666,2,18000,1.00300054555
553579,553585,557550,6,3965,2,18000,1.00151324086
553687,553696,557536,9,3840,2,18000,1.00234375
553702,553708,557681,6,3973,2,18000,1.00151019381
553805,553814,557562,9,3748,2,18000,1.00240128068
553949,553957,557744,8,3787,2,18000,1.0021124901
554012,554022,557608,10,3586,2,18000,1.00278862242
554052,554062,558021,10,3959,2,18000,1.00252589038
554067,554073,557930,6,3857,2,18000,1.00155561317
554127,554135,558018,8,3883,2,18000,1.00206026268
554178,554187,557884,9,3697,2,18000,1.00243440628
554180,554192,557968,12,3776,2,18000,1.0031779661
554279,554288,558203,9,3915,2,18000,1.00229885057
554312,554321,558164,9,3843,2,18000,1.00234192037
554381,554392,558356,11,3964,2,18000,1.00277497477
554396,554402,558341,6,3939,2,18000,1.00152322925
554423,554432,558179,9,3747,2,18000,1.00240192154
554444,554452,558182,8,3730,2,18000,1.00214477212
554471,554482,558442,11,3960,2,18000,1.00277777778
554486,554492,558455,6,3963,2,18000,1.00151400454
554540,554549,558358,9,3809,2,18000,1.00236282489
554600,554611,558394,11,3783,2,18000,1.00290774518
554615,554623,558479,8,3856,2,18000,1.0020746888
554646,554654,558318,8,3664,2,18000,1.00218340611
554661,554667,558453,6,3786,2,18000,1.00158478605
554676,554682,558321,6,3639,2,18000,1.00164880462
554703,554713,558483,10,3770,2,18000,1.00265251989
554718,554724,558533,6,3809,2,18000,1.00157521659
554745,554754,558414,9,3660,2,18000,1.00245901639
554775,554785,558242,10,3457,2,18000,1.00289268152
554842,554850,558406,8,3556,2,18000,1.00224971879
554856,554867,558495,11,3628,2,18000,1.00303197354
554904,554915,558584,11,3669,2,18000,1.00299809212
554935,554944,558646,9,3702,2,18000,1.00243111831
554950,554956,558854,6,3898,2,18000,1.0015392509
554983,554993,558935,10,3942,2,18000,1.00253678336
555058,555067,558747,9,3680,2,18000,1.00244565217
555073,555079,559005,6,3926,2,18000,1.00152827305
555301,555310,559236,9,3926,2,18000,1.00229240958
555383,555391,559302,8,3911,2,18000,1.00204551266
557242,557252,560696,10,3444,2,18000,1.00290360046
557537,557548,560696,11,3148,2,18000,1.00349428208
557552,557561,560696,9,3135,2,18000,1.0028708134
557567,557573,560696,6,3123,2,18000,1.00192122959
557609,557619,560696,10,3077,2,18000,1.00324991875
557682,557692,560697,10,3005,2,18000,1.00332778702
557745,557755,560696,10,2941,2,18000,1.00340020401
557886,557895,560696,9,2801,2,18000,1.00321313816
557932,557941,560697,9,2756,2,18000,1.00326560232
557971,557979,560697,8,2718,2,18000,1.00294334069
558020,558030,560697,10,2667,2,18000,1.00374953131
558035,558041,560697,6,2656,2,18000,1.00225903614
558167,558175,560697,8,2522,2,18000,1.00317208565
558182,558193,560697,11,2504,2,18000,1.00439297125
558184,558198,560697,14,2499,2,18000,1.0056022409
558205,558214,560697,9,2483,2,18000,1.0036246476
558244,558253,560697,9,2444,2,18000,1.00368248773
558319,558329,560697,10,2368,2,18000,1.00422297297
558334,558340,560697,6,2357,2,18000,1.00254560882
558349,558355,560697,6,2342,2,18000,1.00256191289
558364,558369,560697,5,2328,2,18000,1.00214776632
558365,558375,560697,10,2322,2,18000,1.00430663221
558395,558405,560697,10,2292,2,18000,1.00436300175
558410,558417,560697,7,2280,2,18000,1.00307017544
558425,558431,560697,6,2266,2,18000,1.0026478376
558443,558454,560697,11,2243,2,18000,1.00490414623
558458,558464,560697,6,2233,2,18000,1.0026869682
558459,558470,560698,11,2228,2,18000,1.00493716338
558480,558490,560697,10,2207,2,18000,1.00453103761
558495,558502,560698,7,2196,2,18000,1.00318761384
558497,558508,560698,11,2190,2,18000,1.00502283105
558537,558544,560698,7,2154,2,18000,1.00324976787
558585,558595,560698,10,2103,2,18000,1.00475511175
558649,558658,560698,9,2040,2,18000,1.00441176471
558748,558758,560698,10,1940,2,18000,1.00515463918
558857,558866,560698,9,1832,2,18000,1.00491266376
558938,558946,560698,8,1752,2,18000,1.00456621005
559008,559016,560698,8,1682,2,18000,1.00475624257
559238,559247,560698,9,1451,2,18000,1.00620261888
559305,559313,560698,8,1385,2,18000,1.00577617329
560924,560930,561384,6,454,2,18000,1.01321585903
560925,560936,561384,11,448,2,18000,1.02455357143
560926,560941,561384,15,443,2,18000,1.03386004515
560928,560946,561384,18,438,2,18000,1.04109589041
560929,560951,561384,22,433,2,18000,1.05080831409
560930,560956,561384,26,428,2,18000,1.06074766355
560932,560962,561386,30,424,2,18000,1.07075471698
560933,560967,561384,34,417,2,18000,1.08153477218
560934,560972,561384,38,412,2,18000,1.09223300971
560935,560977,561384,42,407,2,18000,1.10319410319
560937,560982,561384,45,402,2,18000,1.11194029851
560938,560987,561384,49,397,2,18000,1.1234256927
560940,560993,561384,53,391,2,18000,1.13554987212
560941,560998,561384,57,386,2,18000,1.14766839378
560942,561003,561384,61,381,2,18000,1.16010498688
560944,561008,561384,64,376,2,18000,1.17021276596
560945,561013,561384,68,371,2,18000,1.1832884097
560946,561018,561386,72,368,2,18000,1.19565217391
560948,561023,561384,75,361,2,18000,1.20775623269
560949,561028,561384,79,356,2,18000,1.22191011236
560950,561034,561384,84,350,2,18000,1.24
560951,561039,561384,88,345,2,18000,1.25507246377
560953,561044,561386,91,342,2,18000,1.26608187135
560954,561049,561384,95,335,2,18000,1.28358208955
560955,561054,561384,99,330,2,18000,1.3
560956,561059,561384,103,325,2,18000,1.31692307692
560958,561065,561384,107,319,2,18000,1.33542319749
560959,561070,561384,111,314,2,18000,1.35350318471
560960,561075,561384,115,309,2,18000,1.37216828479
560962,561080,561384,118,304,2,18000,1.38815789474
560963,561085,561384,122,299,2,18000,1.40802675585
560964,561091,561384,127,293,2,18000,1.43344709898
560965,561096,561384,131,288,2,18000,1.45486111111
560967,561101,561384,134,283,2,18000,1.47349823322
560968,561106,561384,138,278,2,18000,1.4964028777
560969,561111,561384,142,273,2,18000,1.52014652015
560970,561116,561384,146,268,2,18000,1.5447761194
560972,561122,561384,150,262,2,18000,1.57251908397
560973,561127,561384,154,257,2,18000,1.59922178988
560974,561132,561386,158,254,2,18000,1.62204724409
561421,561427,561473,6,46,2,3600,1.13043478261
561421,561432,561476,11,44,2,3600,1.25
561421,561437,561483,16,46,2,3600,1.34782608696
561421,561442,561484,21,42,2,3600,1.5
561422,561474,561515,52,41,2,3600,2.26829268293
561422,561468,561514,46,46,2,3600,2.0
561422,561479,561523,57,44,2,3600,2.29545454545
561422,561458,561502,36,44,2,3600,1.81818181818
561422,561453,561500,31,47,2,3600,1.65957446809
561422,561448,561495,26,47,2,3600,1.55319148936
561422,561463,561506,41,43,2,3600,1.95348837209
561423,561484,561526,61,42,2,3600,2.45238095238
561423,561489,561533,66,44,2,3600,2.5
561423,561494,561535,71,41,2,3600,2.73170731707
561423,561499,561543,76,44,2,3600,2.72727272727
561423,561504,561545,81,41,2,3600,2.9756097561
561423,561509,561556,86,47,2,3600,2.82978723404
561424,561540,561586,116,46,2,3600,3.52173913043
561424,561535,561577,111,42,2,3600,3.64285714286
561424,561545,561588,121,43,2,3600,3.81395348837
561424,561520,561570,96,50,2,3600,2.92
561424,561525,561570,101,45,2,3600,3.24444444444
561424,561515,561556,91,41,2,3600,3.21951219512
561424,561530,561573,106,43,2,3600,3.46511627907
561425,561571,561621,146,50,2,3600,3.92
561425,561566,561608,141,42,2,3600,4.35714285714
561425,561709,561755,284,46,2,3600,7.17391304348
561425,561556,561599,131,43,2,3600,4.04651162791
561425,561551,561594,126,43,2,3600,3.93023255814
561425,561561,561602,136,41,2,3600,4.31707317073
561460,561580,562809,120,1229,2,18000,1.09764035801
561462,561585,562809,123,1224,2,18000,1.10049019608
561463,561590,562809,127,1219,2,18000,1.10418375718
561464,561596,562809,132,1213,2,18000,1.1088211047
561465,561601,562809,136,1208,2,18000,1.11258278146
561467,561606,562809,139,1203,2,18000,1.11554447215
561468,561611,562809,143,1198,2,18000,1.11936560935
561469,561616,562809,147,1193,2,18000,1.12321877619
561470,561621,562809,151,1188,2,18000,1.1271043771
561472,561627,562809,155,1182,2,18000,1.13113367174
561473,561632,562809,159,1177,2,18000,1.13508920986
561474,561637,562809,163,1172,2,18000,1.13907849829
561475,561642,562809,167,1167,2,18000,1.14310197087
561477,561647,562809,170,1162,2,18000,1.14629948365
561478,561652,562809,174,1157,2,18000,1.15038893691
561479,561658,562809,179,1151,2,18000,1.15551694179
561480,561663,562809,183,1146,2,18000,1.15968586387
561482,561668,562809,186,1141,2,18000,1.16301489921
561483,561673,562809,190,1136,2,18000,1.16725352113
561484,561678,562809,194,1131,2,18000,1.17152961981
561485,561683,562809,198,1126,2,18000,1.17584369449
561487,561688,562809,201,1121,2,18000,1.17930419269
561488,561694,562809,206,1115,2,18000,1.18475336323
561489,561699,562809,210,1110,2,18000,1.18918918919
561490,561704,562809,214,1105,2,18000,1.19366515837
561492,561716,562809,224,1093,2,18000,1.20494053065
561493,561721,562809,228,1088,2,18000,1.20955882353
561494,561726,562809,232,1083,2,18000,1.21421975993
561495,561731,562809,236,1078,2,18000,1.21892393321
561497,561736,562809,239,1073,2,18000,1.22273998136
561498,561741,562809,243,1068,2,18000,1.22752808989
561499,561747,562809,248,1062,2,18000,1.23352165725
561500,561752,562809,252,1057,2,18000,1.23841059603
561502,561757,562809,255,1052,2,18000,1.24239543726
561503,561762,562809,259,1047,2,18000,1.24737344795
561504,561767,562809,263,1042,2,18000,1.25239923225
561505,562298,562809,793,511,2,18000,2.5518590998
561507,562303,562809,796,506,2,18000,2.57312252964
561508,562308,562809,800,501,2,18000,2.59680638723
561510,562313,562809,803,496,2,18000,2.6189516129
561743,567233,567259,5490,26,4,3600,212.153846154
561743,567228,567253,5485,25,4,3600,220.4
561744,567250,567274,5506,24,4,3600,230.416666667
561744,567244,567270,5500,26,4,3600,212.538461538
561744,567239,567263,5495,24,4,3600,229.958333333
561744,567294,567318,5550,24,4,3600,232.25
561744,567276,567300,5532,24,4,3600,231.5
561744,567270,567294,5526,24,4,3600,231.25
561744,567255,567279,5511,24,4,3600,230.625
561745,567288,567316,5543,28,4,3600,198.964285714
561745,567282,567307,5537,25,4,3600,222.48
561745,567264,567288,5519,24,4,3600,230.958333333
561745,567357,567383,5612,26,4,3600,216.846153846
561745,567351,567376,5606,25,4,3600,225.24
561745,567300,567325,5555,25,4,3600,223.2
561746,567306,567331,5560,25,4,3600,223.4
561746,567362,567386,5616,24,4,3600,235.0
561746,567328,567353,5582,25,4,3600,224.28
561746,567334,567358,5588,24,4,3600,233.833333333
561746,567318,567342,5572,24,4,3600,233.166666667
561746,567312,567335,5566,23,4,3600,243.0
561746,567340,567364,5594,24,4,3600,234.083333333
561747,567346,567369,5599,23,4,3600,244.434782609
561747,567378,567402,5631,24,4,3600,235.625
561747,567367,567395,5620,28,4,3600,201.714285714
561747,567373,567399,5626,26,4,3600,217.384615385
561747,567389,567413,5642,24,4,3600,236.083333333
561747,567383,567409,5636,26,4,3600,217.769230769
561748,567394,567421,5646,27,4,3600,210.111111111
561748,567399,567423,5651,24,4,3600,236.458333333
561756,561773,561786,17,13,8,3600,2.30769230769
561756,561778,561792,22,14,8,3600,2.57142857143
561756,561788,561804,32,16,8,3600,3.0
561756,561793,561807,37,14,8,3600,3.64285714286
561756,561783,561797,27,14,8,3600,2.92857142857
561757,561824,561840,67,16,8,3600,5.1875
561757,565512,565526,3755,14,8,3600,269.214285714
561757,561809,561823,52,14,8,3600,4.71428571429
561757,561804,561818,47,14,8,3600,4.35714285714
561757,561799,561813,42,14,8,3600,4.0
561757,561819,561834,62,15,8,3600,5.13333333333
561757,561814,561829,57,15,8,3600,4.8
561758,565638,565651,3880,13,8,3600,299.461538462
561758,565561,565574,3803,13,8,3600,293.538461538
561758,565537,565550,3779,13,8,3600,291.692307692
561758,565662,565675,3904,13,8,3600,301.307692308
561758,565614,565627,3856,13,8,3600,297.615384615
561758,565585,565599,3827,14,8,3600,274.357142857
561759,565840,565853,4081,13,8,3600,314.923076923
561759,565811,565824,4052,13,8,3600,312.692307692
561759,565736,565750,3977,14,8,3600,285.071428571
561759,565711,565725,3952,14,8,3600,283.285714286
561759,565786,565800,4027,14,8,3600,288.642857143
561759,565761,565775,4002,14,8,3600,286.857142857
561759,565687,565700,3928,13,8,3600,303.153846154
561760,565975,565988,4215,13,8,3600,325.230769231
561760,565945,565958,4185,13,8,3600,322.923076923
561760,565918,565934,4158,16,8,3600,260.875
561760,565893,565907,4133,14,8,3600,296.214285714
561760,565864,565877,4104,13,8,3600,316.692307692
561793,563789,563803,1996,14,16,3600,143.571428571
561793,561902,561912,109,10,16,3600,11.9
561793,561881,561891,88,10,16,3600,9.8
561794,563961,563971,2167,10,16,3600,217.7
561794,563841,563858,2047,17,16,3600,121.411764706
561794,563870,563880,2076,10,16,3600,208.6
561794,563894,563904,2100,10,16,3600,211.0
561794,563915,563925,2121,10,16,3600,213.1
561794,563814,563830,2020,16,16,3600,127.25
561794,563936,563946,2142,10,16,3600,215.2
561795,564098,564108,2303,10,16,3600,231.3
561795,564077,564086,2282,9,16,3600,229.1
561795,564034,564044,2239,10,16,3600,224.9
561795,564003,564023,2208,20,16,3600,111.4
561795,563982,563992,2187,10,16,3600,219.7
561795,564055,564066,2260,11,16,3600,206.454545455
561796,564256,564266,2460,10,16,3600,247.0
561796,564119,564129,2323,10,16,3600,233.3
561796,564142,564151,2346,9,16,3600,235.5
561796,564163,564173,2367,10,16,3600,237.7
561796,564184,564194,2388,10,16,3600,239.8
561796,564214,564224,2418,10,16,3600,242.8
561796,564235,564245,2439,10,16,3600,244.9
561797,564286,564296,2489,10,16,3600,249.9
561797,564354,564364,2557,10,16,3600,256.7
561797,564328,564338,2531,10,16,3600,254.1
561797,564375,564384,2578,9,16,3600,258.7
561797,564396,564406,2599,10,16,3600,260.9
561797,564307,564317,2510,10,16,3600,252.0
561798,564421,564431,2623,10,16,3600,263.3
561807,561831,561839,24,8,32,3600,3.2
561807,561837,561844,30,7,32,3600,3.7
561807,561850,561858,43,8,32,3600,5.1
561808,561856,561863,48,7,32,3600,5.5
561808,561869,561876,61,7,32,3600,6.8
561808,561887,561898,79,11,32,3600,8.18181818182
561808,561896,561903,88,7,32,3600,9.5
561808,561909,561920,101,11,32,3600,10.1818181818
561808,561916,561923,108,7,32,3600,11.5
561808,561875,561885,67,10,32,3600,7.7
561809,561977,561985,168,8,32,3600,17.6
561809,561937,561948,128,11,32,3600,12.6363636364
561809,561949,561957,140,8,32,3600,14.8
561809,561959,561966,150,7,32,3600,15.7
561809,561968,561975,159,7,32,3600,16.6
561809,561986,561993,177,7,32,3600,18.4
561809,561931,561939,122,8,32,3600,13.0
561810,562014,562021,204,7,32,3600,21.1
561810,561996,562003,186,7,32,3600,19.3
561810,562004,562012,194,8,32,3600,20.2
561810,562022,562029,212,7,32,3600,21.9
561810,562033,562040,223,7,32,3600,23.0
561810,562041,562049,231,8,32,3600,23.9
561811,562108,562115,297,7,32,3600,30.4
561811,562083,562091,272,8,32,3600,28.0
561811,562070,562077,259,7,32,3600,26.6
561811,562102,562109,291,7,32,3600,29.8
561811,562051,562059,240,8,32,3600,24.8
561811,562060,562072,249,12,32,3600,21.75
561811,562090,562097,279,7,32,3600,28.6
561865,568464,568549,6599,85,2,3600,78.6352941176
561866,568475,568562,6609,87,2,3600,76.9655172414
561866,568511,568595,6645,84,2,3600,80.1071428571
561866,568490,568586,6624,96,2,3600,70.0
561866,568480,568572,6614,92,2,3600,72.8913043478
561866,568469,568557,6603,88,2,3600,76.0340909091
561866,568593,568683,6727,90,2,3600,75.7444444444
561867,568516,568606,6649,90,2,3600,74.8777777778
561867,568506,568595,6639,89,2,3600,75.595505618
561867,568501,568588,6634,87,2,3600,77.2528735632
561867,568495,568585,6628,90,2,3600,74.6444444444
561867,568598,568693,6731,95,2,3600,71.8526315789
561867,568523,568608,6656,85,2,3600,79.3058823529
561867,568528,568618,6661,90,2,3600,75.0111111111
561868,568582,568665,6714,83,2,3600,81.8915662651
561868,568588,568680,6720,92,2,3600,74.0434782609
561868,568604,568692,6736,88,2,3600,77.5454545455
561868,568566,568657,6698,91,2,3600,74.6043956044
561868,568577,568660,6709,83,2,3600,81.8313253012
561868,568572,568656,6704,84,2,3600,80.8095238095
561868,568560,568647,6692,87,2,3600,77.9195402299
561869,568619,568709,6750,90,2,3600,76.0
561869,568609,568703,6740,94,2,3600,72.7021276596
561869,568624,568711,6755,87,2,3600,78.6436781609
561869,568631,568715,6762,84,2,3600,81.5
561869,568614,568704,6745,90,2,3600,75.9444444444
561869,568636,568730,6767,94,2,3600,72.9893617021
561869,568641,568726,6772,85,2,3600,80.6705882353
561870,568646,568730,6776,84,2,3600,81.6666666667
561870,568651,568741,6781,90,2,3600,76.3444444444
561878,567415,567464,5537,49,4,3600,114.0
561878,567405,567452,5527,47,4,3600,118.595744681
561878,567410,567457,5532,47,4,3600,118.70212766
561879,567431,567482,5552,51,4,3600,109.862745098
561879,567437,567484,5558,47,4,3600,119.255319149
561879,567443,567490,5564,47,4,3600,119.382978723
561879,567448,567503,5569,55,4,3600,102.254545455
561879,567426,567473,5547,47,4,3600,119.021276596
561879,567421,567470,5542,49,4,3600,114.102040816
561880,567468,567520,5588,52,4,3600,108.461538462
561880,567463,567509,5583,46,4,3600,122.369565217
561880,567458,567506,5578,48,4,3600,117.208333333
561880,567473,567523,5593,50,4,3600,112.86
561880,567478,567531,5598,53,4,3600,106.622641509
561880,567484,567534,5604,50,4,3600,113.08
561880,567453,567499,5573,46,4,3600,122.152173913
561881,567510,567557,5629,47,4,3600,120.765957447
561881,567516,567565,5635,49,4,3600,116.0
561881,567504,567553,5623,49,4,3600,115.755102041
561881,567499,567546,5618,47,4,3600,120.531914894
561881,567521,567570,5640,49,4,3600,116.102040816
561881,567489,567535,5608,46,4,3600,122.913043478
561881,567494,567544,5613,50,4,3600,113.26
561882,567531,567579,5649,48,4,3600,118.6875
561882,567769,567814,5887,45,4,3600,131.822222222
561882,567775,567822,5893,47,4,3600,126.382978723
561882,567780,567831,5898,51,4,3600,116.647058824
561882,567786,567836,5904,50,4,3600,119.08
561882,567526,567578,5644,52,4,3600,109.538461538
561883,567791,567837,5908,46,4,3600,129.434782609
561888,566042,566066,4154,24,8,3600,174.083333333
561888,566081,566105,4193,24,8,3600,175.708333333
561888,566090,566115,4202,25,8,3600,169.08
561888,566095,566122,4207,27,8,3600,156.814814815
561888,565999,566030,4111,31,8,3600,133.612903226
561888,566101,566126,4213,25,8,3600,169.52
561889,566130,566157,4241,27,8,3600,158.074074074
561889,566116,566141,4227,25,8,3600,170.08
561889,566125,566150,4236,25,8,3600,170.44
561889,566106,566131,4217,25,8,3600,169.68
561890,566135,566161,4245,26,8,3600,164.269230769
561890,566142,566167,4252,25,8,3600,171.08
561890,566147,566173,4257,26,8,3600,164.730769231
561890,566152,566176,4262,24,8,3600,178.583333333
561890,566158,566183,4268,25,8,3600,171.72
561891,566164,566188,4273,24,8,3600,179.041666667
561891,566170,566195,4279,25,8,3600,172.16
561891,566176,566200,4285,24,8,3600,179.541666667
561891,566181,566207,4290,26,8,3600,166.0
561892,566192,566217,4300,25,8,3600,173.0
561892,566202,566227,4310,25,8,3600,173.4
561892,566209,566233,4317,24,8,3600,180.875
561892,566197,566222,4305,25,8,3600,173.2
561892,566186,566213,4294,27,8,3600,160.037037037
561893,566214,566243,4321,29,8,3600,150.0
561893,566220,566246,4327,26,8,3600,167.423076923
561893,566225,566250,4332,25,8,3600,174.28
561893,566230,566255,4337,25,8,3600,174.48
561893,566236,566263,4343,27,8,3600,161.851851852
561893,566241,566266,4348,25,8,3600,174.92
561901,564559,564575,2658,16,16,3600,167.125
561901,564442,564459,2541,17,16,3600,150.470588235
561901,564499,564518,2598,19,16,3600,137.736842105
561901,564471,564488,2570,17,16,3600,152.176470588
561901,564529,564547,2628,18,16,3600,147.0
561902,564616,564632,2714,16,16,3600,170.625
561902,564611,564627,2709,16,16,3600,170.3125
561902,564622,564637,2720,15,16,3600,182.333333333
561902,564586,564601,2684,15,16,3600,179.933333333
561902,564633,564649,2731,16,16,3600,171.6875
561902,564639,564655,2737,16,16,3600,172.0625
561902,564628,564645,2726,17,16,3600,161.352941176
561903,564651,564667,2748,16,16,3600,172.75
561903,564657,564673,2754,16,16,3600,173.125
561903,564663,564679,2760,16,16,3600,173.5
561903,564669,564685,2766,16,16,3600,173.875
561903,564675,564695,2772,20,16,3600,139.6
561903,564681,564697,2778,16,16,3600,174.625
561903,564645,564663,2742,18,16,3600,153.333333333
561904,564693,564709,2789,16,16,3600,175.3125
561904,564724,564739,2820,15,16,3600,189.0
561904,564718,564733,2814,15,16,3600,188.6
561904,564712,564731,2808,19,16,3600,148.789473684
561904,564706,564722,2802,16,16,3600,176.125
561904,564699,564716,2795,17,16,3600,165.411764706
561904,564687,564703,2783,16,16,3600,174.9375
561905,564742,564759,2837,17,16,3600,167.882352941
561905,564736,564753,2831,17,16,3600,167.529411765
561905,564730,564745,2825,15,16,3600,189.333333333
561905,564748,564763,2843,15,16,3600,190.533333333
561912,562164,562179,252,15,32,3600,17.8
561912,562142,562152,230,10,32,3600,24.0
561912,562154,562165,242,11,32,3600,23.0
561912,562120,562131,208,11,32,3600,19.9090909091
561912,562126,562143,214,17,32,3600,13.5882352941
561913,562176,562187,263,11,32,3600,24.9090909091
561913,562190,562201,277,11,32,3600,26.1818181818
561913,562198,562212,285,14,32,3600,21.3571428571
561913,562212,562224,299,12,32,3600,25.9166666667
561913,562224,562235,311,11,32,3600,29.2727272727
561913,562235,562246,322,11,32,3600,30.2727272727
561914,562324,562335,410,11,32,3600,38.2727272727
561914,562246,562257,332,11,32,3600,31.1818181818
561914,562257,562268,343,11,32,3600,32.1818181818
561914,562268,562279,354,11,32,3600,33.1818181818
561914,562279,562290,365,11,32,3600,34.1818181818
561914,562290,562308,376,18,32,3600,21.8888888889
561914,562319,562330,405,11,32,3600,37.8181818182
561915,562369,562389,454,20,32,3600,23.7
561915,562419,562430,504,11,32,3600,46.8181818182
561915,562403,562420,488,17,32,3600,29.7058823529
561915,562397,562408,482,11,32,3600,44.8181818182
561915,562375,562386,460,11,32,3600,42.8181818182
561915,562341,562359,426,18,32,3600,24.6666666667
561915,562347,562359,432,12,32,3600,37.0
561916,562477,562488,561,11,32,3600,52.0
561916,562471,562482,555,11,32,3600,51.4545454545
561916,562454,562464,538,10,32,3600,54.8
561916,562441,562459,525,18,32,3600,30.1666666667
561916,562432,562443,516,11,32,3600,47.9090909091
561932,568958,569133,7026,175,2,3600,41.1485714286
561932,568953,569128,7021,175,2,3600,41.12
561932,568656,568860,6724,204,2,3600,33.9607843137
561932,568948,569139,7016,191,2,3600,37.7329842932
561932,568943,569142,7011,199,2,3600,36.2311557789
561933,568677,568851,6744,174,2,3600,39.7586206897
561933,568661,568855,6728,194,2,3600,35.6804123711
561933,568672,568855,6739,183,2,3600,37.825136612
561933,568666,568841,6733,175,2,3600,39.4742857143
561933,568682,568869,6749,187,2,3600,37.0909090909
561933,568687,568874,6754,187,2,3600,37.1176470588
561934,568713,568905,6779,192,2,3600,36.3072916667
561934,568718,568896,6784,178,2,3600,39.1123595506
561934,568702,568904,6768,202,2,3600,34.504950495
561934,568692,568882,6758,190,2,3600,36.5684210526
561934,568697,568879,6763,182,2,3600,38.1593406593
561934,568963,569147,7029,184,2,3600,39.2010869565
561934,568708,568891,6774,183,2,3600,38.0163934426
561935,568740,568915,6805,175,2,3600,39.8857142857
561935,568730,568919,6795,189,2,3600,36.9523809524
561935,568725,568923,6790,198,2,3600,35.2929292929
561935,568735,568924,6800,189,2,3600,36.9788359788
561935,568755,568925,6820,170,2,3600,41.1176470588
561935,568745,568932,6810,187,2,3600,37.4171122995
561935,568750,568940,6815,190,2,3600,36.8684210526
561936,568781,568973,6845,192,2,3600,36.6510416667
561936,568761,568940,6825,179,2,3600,39.1284916201
561936,568776,568959,6840,183,2,3600,38.3770491803
561936,568766,568963,6830,197,2,3600,35.6700507614
561936,568771,568957,6835,186,2,3600,37.747311828
561944,567546,567643,5602,97,4,3600,58.7525773196
561944,567541,567638,5597,97,4,3600,58.7010309278
561944,567536,567637,5592,101,4,3600,56.3663366337
561944,567796,567898,5852,102,4,3600,58.3725490196
561945,567579,567681,5634,102,4,3600,56.2352941176
561945,567574,567680,5629,106,4,3600,54.1037735849
561945,567584,567698,5639,114,4,3600,50.4649122807
561945,567562,567662,5617,100,4,3600,57.17
561945,567551,567657,5606,106,4,3600,53.8867924528
561945,567569,567670,5624,101,4,3600,56.6831683168
561945,567557,567657,5612,100,4,3600,57.12
561946,567620,567719,5674,99,4,3600,58.3131313131
561946,567610,567705,5664,95,4,3600,60.6210526316
561946,567615,567713,5669,98,4,3600,58.8469387755
561946,567599,567696,5653,97,4,3600,59.2783505155
561946,567589,567689,5643,100,4,3600,57.43
561946,567594,567688,5648,94,4,3600,61.085106383
561946,567604,567704,5658,100,4,3600,57.58
561947,567636,567735,5689,99,4,3600,58.4646464646
561947,567631,567738,5684,107,4,3600,54.1214953271
561947,567642,567743,5695,101,4,3600,57.3861386139
561947,567647,567752,5700,105,4,3600,55.2857142857
561947,567653,567762,5706,109,4,3600,53.3486238532
561947,567625,567727,5678,102,4,3600,56.6666666667
561948,567681,567778,5733,97,4,3600,60.1030927835
561948,567658,567761,5710,103,4,3600,56.4368932039
561948,567664,567766,5716,102,4,3600,57.0392156863
561948,567670,567768,5722,98,4,3600,59.387755102
561948,567675,567771,5727,96,4,3600,60.65625
561948,567686,567786,5738,100,4,3600,58.38
561953,566247,566298,4294,51,8,3600,85.1960784314
561954,566252,566302,4298,50,8,3600,86.96
561954,566257,566309,4303,52,8,3600,83.75
561954,566263,566314,4309,51,8,3600,85.4901960784
561954,566268,566318,4314,50,8,3600,87.28
561955,566284,566333,4329,49,8,3600,89.3469387755
561955,566273,566323,4318,50,8,3600,87.36
561955,566278,566329,4323,51,8,3600,85.7647058824
561955,566290,566343,4335,53,8,3600,82.7924528302
561955,566295,566347,4340,52,8,3600,84.4615384615
561956,566327,566378,4371,51,8,3600,86.7058823529
561956,566321,566372,4365,51,8,3600,86.5882352941
561956,566309,566361,4353,52,8,3600,84.7115384615
561956,566315,566365,4359,50,8,3600,88.18
561956,566333,566387,4377,54,8,3600,82.0555555556
561956,566300,566351,4344,51,8,3600,86.1764705882
561957,566356,566403,4399,47,8,3600,94.5957446809
561957,566362,566414,4405,52,8,3600,85.7115384615
561957,566350,566399,4393,49,8,3600,90.6530612245
561957,566367,566414,4410,47,8,3600,94.829787234
561957,566339,566389,4382,50,8,3600,88.64
561957,566344,566392,4387,48,8,3600,92.3958333333
561958,566373,566426,4415,53,8,3600,84.3018867925
561958,566404,566452,4446,48,8,3600,93.625
561958,566409,566460,4451,51,8,3600,88.2745098039
561958,566398,566448,4440,50,8,3600,89.8
561958,566391,566443,4433,52,8,3600,86.25
561958,566385,566432,4427,47,8,3600,95.1914893617
561958,566379,566430,4421,51,8,3600,87.6862745098
561959,566415,566462,4456,47,8,3600,95.8085106383
561964,564760,564788,2796,28,16,3600,100.857142857
561964,564772,564802,2808,30,16,3600,94.6
561964,564766,564795,2802,29,16,3600,97.6206896552
561964,564754,564786,2790,32,16,3600,88.1875
561965,564809,564843,2844,34,16,3600,84.6470588235
561965,564836,564864,2871,28,16,3600,103.535714286
561965,564821,564849,2856,28,16,3600,103.0
561965,564803,564833,2838,30,16,3600,95.6
561965,564797,564825,2832,28,16,3600,102.142857143
561965,564778,564807,2813,29,16,3600,98.0
561965,564815,564844,2850,29,16,3600,99.275862069
561966,564860,564888,2894,28,16,3600,104.357142857
561966,564854,564882,2888,28,16,3600,104.142857143
561966,564844,564873,2878,29,16,3600,100.24137931
561966,564884,564912,2918,28,16,3600,105.214285714
561966,564875,564906,2909,31,16,3600,94.8387096774
561966,564865,564893,2899,28,16,3600,104.535714286
561967,564939,564966,2972,27,16,3600,111.074074074
561967,564893,564921,2926,28,16,3600,105.5
561967,564899,564928,2932,29,16,3600,102.103448276
561967,564905,564937,2938,32,16,3600,92.8125
561967,564917,564945,2950,28,16,3600,106.357142857
561967,564923,564955,2956,32,16,3600,93.375
561967,564932,564960,2965,28,16,3600,106.892857143
561968,564988,565017,3020,29,16,3600,105.137931034
561968,564956,564983,2988,27,16,3600,111.666666667
561968,564972,565001,3004,29,16,3600,104.586206897
561968,564966,565002,2998,36,16,3600,84.2777777778
561968,564978,565006,3010,28,16,3600,108.5
561968,564948,564976,2980,28,16,3600,107.428571429
561974,562529,562546,555,17,32,3600,33.6470588235
561974,562558,562579,584,21,32,3600,28.8095238095
561974,562552,562569,578,17,32,3600,35.0
561974,562522,562541,548,19,32,3600,29.8421052632
561974,562499,562518,525,19,32,3600,28.6315789474
561974,562493,562511,519,18,32,3600,29.8333333333
561975,562678,562704,703,26,32,3600,28.0384615385
561975,562590,562607,615,17,32,3600,37.1764705882
561975,562580,562598,605,18,32,3600,34.6111111111
561975,562609,562630,634,21,32,3600,31.1904761905
561975,562641,562658,666,17,32,3600,40.1764705882
561975,562618,562635,643,17,32,3600,38.8235294118
561975,562743,562761,768,18,32,3600,43.6666666667
561976,562698,562719,722,21,32,3600,35.380952381
561976,562670,562687,694,17,32,3600,41.8235294118
561976,562647,562667,671,20,32,3600,34.55
561976,562730,562747,754,17,32,3600,45.3529411765
561976,562758,562779,782,21,32,3600,38.2380952381
561976,562715,562732,739,17,32,3600,44.4705882353
561977,562828,562846,851,18,32,3600,48.2777777778
561977,562772,562789,795,17,32,3600,47.7647058824
561977,562790,562807,813,17,32,3600,48.8235294118
561977,562800,562817,823,17,32,3600,49.4117647059
561977,562850,562868,873,18,32,3600,49.5
561977,562818,562839,841,21,32,3600,41.0476190476
561978,562914,562931,936,17,32,3600,56.0588235294
561978,562907,562923,929,16,32,3600,59.0625
561978,562885,562903,907,18,32,3600,51.3888888889
561978,562879,562896,901,17,32,3600,54.0
561978,562857,562874,879,17,32,3600,52.7058823529
561996,568786,569196,6790,410,2,3600,17.5609756098
561996,568791,569217,6795,426,2,3600,16.9507042254
561997,568824,569199,6827,375,2,3600,19.2053333333
561997,568829,569172,6832,343,2,3600,20.9183673469
561997,568797,569177,6800,380,2,3600,18.8947368421
561997,568808,569182,6811,374,2,3600,19.2112299465
561997,568813,569193,6816,380,2,3600,18.9368421053
561997,568819,569202,6822,383,2,3600,18.8120104439
561997,568835,569216,6838,381,2,3600,18.9475065617
561998,568863,569248,6865,385,2,3600,18.8311688312
561998,568847,569234,6849,387,2,3600,18.6976744186
561998,568868,569231,6870,363,2,3600,19.9256198347
561998,568852,569218,6854,366,2,3600,19.7267759563
561998,568841,569194,6843,353,2,3600,20.3852691218
561998,568858,569235,6860,377,2,3600,19.1962864721
561999,568900,569269,6901,369,2,3600,19.701897019
561999,568880,569249,6881,369,2,3600,19.647696477
561999,568874,569251,6875,377,2,3600,19.2360742706
561999,568890,569253,6891,363,2,3600,19.9834710744
561999,568885,569275,6886,390,2,3600,18.6564102564
561999,568895,569294,6896,399,2,3600,18.2832080201
562000,568915,569283,6915,368,2,3600,19.7907608696
562000,568927,569330,6927,403,2,3600,18.1885856079
562000,568933,569303,6933,370,2,3600,19.7378378378
562000,568910,569301,6910,391,2,3600,18.6726342711
562000,568921,569292,6921,371,2,3600,19.6549865229
562000,568905,569276,6905,371,2,3600,19.6118598383
562001,569064,569424,7063,360,2,3600,20.6194444444
562001,569058,569407,7057,349,2,3600,21.2206303725
562001,568938,569325,6937,387,2,3600,18.9250645995
562006,567692,567900,5686,208,4,3600,28.3365384615
562006,567697,567903,5691,206,4,3600,28.6262135922
562007,567725,567934,5718,209,4,3600,28.3588516746
562007,567735,567943,5728,208,4,3600,28.5384615385
562007,567730,567948,5723,218,4,3600,27.252293578
562007,567708,567912,5701,204,4,3600,28.9460784314
562007,567714,567925,5707,211,4,3600,28.0473933649
562007,567719,567933,5712,214,4,3600,27.691588785
562007,567703,567899,5696,196,4,3600,30.0612244898
562008,567758,567968,5750,210,4,3600,28.380952381
562008,567802,568011,5794,209,4,3600,28.7224880383
562008,567747,567956,5739,209,4,3600,28.4593301435
562008,567742,567942,5734,200,4,3600,29.67
562008,567764,567972,5756,208,4,3600,28.6730769231
562008,567753,567962,5745,209,4,3600,28.4880382775
562009,567807,568016,5798,209,4,3600,28.7416267943
562009,567825,568035,5816,210,4,3600,28.6952380952
562009,567853,568065,5844,212,4,3600,28.5660377358
562009,567842,568052,5833,210,4,3600,28.7761904762
562009,567848,568046,5839,198,4,3600,30.4898989899
562009,567833,568036,5824,203,4,3600,29.6896551724
562009,567910,568122,5901,212,4,3600,28.8349056604
562010,567938,568155,5928,217,4,3600,28.3179723502
562010,567945,568154,5935,209,4,3600,29.3971291866
562010,567932,568137,5922,205,4,3600,29.887804878
562010,567921,568130,5911,209,4,3600,29.2822966507
562010,567926,568125,5916,199,4,3600,30.7286432161
562010,567950,568155,5940,205,4,3600,29.9756097561
562010,567915,568121,5905,206,4,3600,29.6650485437
562011,567956,568159,5945,203,4,3600,30.2857142857
562016,566420,566516,4404,96,8,3600,46.875
562016,566431,566528,4415,97,8,3600,46.5154639175
562016,566426,566524,4410,98,8,3600,46.0
562017,566455,566554,4438,99,8,3600,45.8282828283
562017,566437,566535,4420,98,8,3600,46.1020408163
562017,566443,566546,4426,103,8,3600,43.9708737864
562017,566448,566553,4431,105,8,3600,43.2
562017,566461,566565,4444,104,8,3600,43.7307692308
562018,566467,566566,4449,99,8,3600,45.9393939394
562018,566473,566573,4455,100,8,3600,45.55
562018,566478,566577,4460,99,8,3600,46.0505050505
562018,566528,566629,4510,101,8,3600,45.6534653465
562018,566535,566638,4517,103,8,3600,44.854368932
562019,566557,566661,4538,104,8,3600,44.6346153846
562019,566564,566664,4545,100,8,3600,46.45
562019,566547,566649,4528,102,8,3600,45.3921568627
562019,566570,566668,4551,98,8,3600,47.4387755102
562019,566541,566637,4522,96,8,3600,48.1041666667
562020,566660,566757,4640,97,8,3600,48.8350515464
562020,566640,566736,4620,96,8,3600,49.125
562020,566593,566692,4573,99,8,3600,47.1919191919
562020,566588,566683,4568,95,8,3600,49.0842105263
562020,566582,566681,4562,99,8,3600,47.0808080808
562020,566576,566677,4556,101,8,3600,46.1089108911
562020,566648,566745,4628,97,8,3600,48.7113402062
562021,566690,566785,4669,95,8,3600,50.1473684211
562021,566679,566778,4658,99,8,3600,48.0505050505
562021,566653,566752,4632,99,8,3600,47.7878787879
562021,566673,566770,4652,97,8,3600,48.9587628866
562021,566684,566783,4663,99,8,3600,48.101010101
562027,564995,565049,2968,54,16,3600,55.962962963
562028,565012,565067,2984,55,16,3600,55.2545454545
562028,565018,565073,2990,55,16,3600,55.3636363636
562028,565023,565076,2995,53,16,3600,57.5094339623
562028,565029,565083,3001,54,16,3600,56.5740740741
562028,565061,565114,3033,53,16,3600,58.2264150943
562028,565078,565132,3050,54,16,3600,57.4814814815
562029,565084,565139,3055,55,16,3600,56.5454545455
562029,565151,565207,3122,56,16,3600,56.75
562029,565144,565197,3115,53,16,3600,59.7735849057
562029,565125,565179,3096,54,16,3600,58.3333333333
562029,565096,565148,3067,52,16,3600,59.9807692308
562029,565090,565146,3061,56,16,3600,55.6607142857
562029,565157,565213,3128,56,16,3600,56.8571428571
562030,565163,565217,3133,54,16,3600,59.0185185185
562030,565190,565243,3160,53,16,3600,60.6226415094
562030,565208,565261,3178,53,16,3600,60.9622641509
562030,565218,565270,3188,52,16,3600,62.3076923077
562030,565224,565278,3194,54,16,3600,60.1481481481
562030,565230,565283,3200,53,16,3600,61.3773584906
562030,565254,565307,3224,53,16,3600,61.8301886792
562031,565318,565373,3287,55,16,3600,60.7636363636
562031,565413,565466,3382,53,16,3600,64.8113207547
562031,565346,565401,3315,55,16,3600,61.2727272727
562031,565296,565351,3265,55,16,3600,60.3636363636
562031,565281,565335,3250,54,16,3600,61.1851851852
562031,565272,565327,3241,55,16,3600,59.9272727273
562031,565290,565343,3259,53,16,3600,62.4905660377
562032,565338,565393,3306,55,16,3600,61.1090909091
562032,565507,565566,3475,59,16,3600,59.8983050847
562038,563026,563056,988,30,32,3600,33.9333333333
562038,563018,563048,980,30,32,3600,33.6666666667
562038,562985,563015,947,30,32,3600,32.5666666667
562038,563059,563088,1021,29,32,3600,36.2068965517
562038,562943,562974,905,31,32,3600,30.1935483871
562038,562935,562966,897,31,32,3600,29.935483871
562038,562977,563007,939,30,32,3600,32.3
562039,563067,563097,1028,30,32,3600,35.2666666667
562039,563099,563133,1060,34,32,3600,32.1764705882
562039,563145,563179,1106,34,32,3600,33.5294117647
562039,563151,563181,1112,30,32,3600,38.0666666667
562039,563196,563226,1157,30,32,3600,39.5666666667
562039,563108,563138,1069,30,32,3600,36.6333333333
562039,563190,563227,1151,37,32,3600,32.1081081081
562040,563326,563360,1286,34,32,3600,38.8235294118
562040,563332,563362,1292,30,32,3600,44.0666666667
562040,563279,563317,1239,38,32,3600,33.6052631579
562040,563285,563315,1245,30,32,3600,42.5
562040,563243,563272,1203,29,32,3600,42.4827586207
562040,563237,563268,1197,31,32,3600,39.6129032258
562041,563462,563492,1421,30,32,3600,48.3666666667
562041,563496,563530,1455,34,32,3600,43.7941176471
562041,563503,563533,1462,30,32,3600,49.7333333333
562041,563455,563484,1414,29,32,3600,49.7586206897
562041,563371,563404,1330,33,32,3600,41.303030303
562041,563377,563408,1336,31,32,3600,44.0967741935
562041,563415,563444,1374,29,32,3600,48.3793103448
562041,563421,563451,1380,30,32,3600,47.0
562042,564090,564120,2048,30,32,3600,69.2666666667
562042,563541,563571,1499,30,32,3600,50.9666666667
562057,569117,569158,7060,41,2,3600,173.195121951
562057,569123,569158,7066,35,2,3600,202.885714286
562057,569129,569164,7072,35,2,3600,203.057142857
562057,569070,569105,7013,35,2,3600,201.371428571
562058,568969,569006,6911,37,2,3600,187.783783784
562058,568974,569008,6916,34,2,3600,204.411764706
562058,569134,569170,7076,36,2,3600,197.555555556
562058,568985,569021,6927,36,2,3600,193.416666667
562058,568991,569025,6933,34,2,3600,204.911764706
562058,568979,569014,6921,35,2,3600,198.742857143
562059,569001,569036,6942,35,2,3600,199.342857143
562059,569011,569047,6952,36,2,3600,194.111111111
562059,568996,569050,6937,54,2,3600,129.462962963
562059,569016,569052,6957,36,2,3600,194.25
562059,569006,569042,6947,36,2,3600,193.972222222
562059,569022,569060,6963,38,2,3600,184.236842105
562059,569027,569087,6968,60,2,3600,117.133333333
562060,569032,569088,6972,56,2,3600,125.5
562060,569037,569088,6977,51,2,3600,137.803921569
562060,569053,569090,6993,37,2,3600,190.0
562060,569043,569093,6983,50,2,3600,140.66
562060,569081,569116,7021,35,2,3600,201.6
562060,569075,569123,7015,48,2,3600,147.145833333
562060,569048,569091,6988,43,2,3600,163.511627907
562061,569112,569537,7051,425,2,3600,17.5905882353
562061,569107,569144,7046,37,2,3600,191.432432432
562061,569102,569137,7041,35,2,3600,202.171428571
562061,569096,569131,7035,35,2,3600,202.0
562061,569086,569126,7025,40,2,3600,176.625
562061,569091,569125,7030,34,2,3600,207.764705882
562066,567961,568382,5895,421,4,3600,15.0023752969
562066,567967,568393,5901,426,4,3600,14.8521126761
562067,567972,568398,5905,426,4,3600,14.8615023474
562067,567978,568400,5911,422,4,3600,15.0071090047
562067,567984,568408,5917,424,4,3600,14.9551886792
562067,567989,568413,5922,424,4,3600,14.9669811321
562067,568022,568439,5955,417,4,3600,15.2805755396
562067,568028,568453,5961,425,4,3600,15.0258823529
562067,568046,568461,5979,415,4,3600,15.4072289157
562068,568132,568563,6064,431,4,3600,15.0696055684
562068,568058,568484,5990,426,4,3600,15.0610328638
562068,568064,568482,5996,418,4,3600,15.3444976077
562068,568052,568478,5984,426,4,3600,15.0469483568
562068,568143,568563,6075,420,4,3600,15.4642857143
562068,568138,568568,6070,430,4,3600,15.1162790698
562068,568077,568504,6009,427,4,3600,15.0725995316
562069,568149,568560,6080,411,4,3600,15.7931873479
562069,568154,568582,6085,428,4,3600,15.2172897196
562069,568171,568586,6102,415,4,3600,15.7036144578
562069,568165,568595,6096,430,4,3600,15.176744186
562069,568176,568600,6107,424,4,3600,15.4033018868
562069,568266,568688,6197,422,4,3600,15.6848341232
562070,568181,568605,6111,424,4,3600,15.4127358491
562070,568428,568850,6358,422,4,3600,16.0663507109
562070,568392,568815,6322,423,4,3600,15.9456264775
562070,568405,568826,6335,421,4,3600,16.0475059382
562070,568411,568841,6341,430,4,3600,15.7465116279
562070,568416,568848,6346,432,4,3600,15.6898148148
562070,568422,568848,6352,426,4,3600,15.9107981221
562071,568451,568870,6380,419,4,3600,16.2267303103
562076,566696,566903,4620,207,8,3600,23.3188405797
562076,566769,566979,4693,210,8,3600,23.3476190476
562076,566701,566912,4625,211,8,3600,22.9194312796
562077,566781,566990,4704,209,8,3600,23.5071770335
562077,566789,566996,4712,207,8,3600,23.7632850242
562077,566763,566976,4686,213,8,3600,23.0
562077,566748,566960,4671,212,8,3600,23.0330188679
562077,566707,566918,4630,211,8,3600,22.9431279621
562077,566756,566964,4679,208,8,3600,23.4951923077
562078,566977,567182,4899,205,8,3600,24.8975609756
562078,567001,567204,4923,203,8,3600,25.2512315271
562078,566795,567006,4717,211,8,3600,23.355450237
562078,566801,567017,4723,216,8,3600,22.8657407407
562078,566914,567119,4836,205,8,3600,24.5902439024
562078,566923,567132,4845,209,8,3600,24.1818181818
562078,566929,567137,4851,208,8,3600,24.3221153846
562079,566993,567199,4914,206,8,3600,24.854368932
562079,566971,567179,4892,208,8,3600,24.5192307692
562079,566987,567207,4908,220,8,3600,23.3090909091
562079,567007,567216,4928,209,8,3600,24.5789473684
562079,567018,567228,4939,210,8,3600,24.519047619
562079,567028,567235,4949,207,8,3600,24.9082125604
562080,567190,567395,5110,205,8,3600,25.9268292683
562080,567144,567352,5064,208,8,3600,25.3461538462
562080,567150,567363,5070,213,8,3600,24.8028169014
562080,567131,567340,5051,209,8,3600,25.1674641148
562081,567210,567421,5129,211,8,3600,25.308056872
562081,567222,567427,5141,205,8,3600,26.0780487805
562081,567216,567417,5135,201,8,3600,26.5472636816
562081,567196,567413,5115,217,8,3600,24.5714285714
562087,565355,565466,3268,111,16,3600,30.4414414414
562087,565362,565472,3275,110,16,3600,30.7727272727
562087,565385,565495,3298,110,16,3600,30.9818181818
562087,565404,565514,3317,110,16,3600,31.1545454545
562087,565608,565717,3521,109,16,3600,33.3027522936
562088,565477,565585,3389,108,16,3600,32.3796296296
562088,565482,565589,3394,107,16,3600,32.7196261682
562088,565488,565596,3400,108,16,3600,32.4814814815
562088,565525,565635,3437,110,16,3600,32.2454545455
562088,565578,565688,3490,110,16,3600,32.7272727273
562088,565646,565754,3558,108,16,3600,33.9444444444
562089,565596,565703,3507,107,16,3600,33.7757009346
562089,565602,565707,3513,105,16,3600,34.4571428571
562089,565699,565805,3610,106,16,3600,35.0566037736
562089,565717,565824,3628,107,16,3600,34.9065420561
562089,565729,565844,3640,115,16,3600,32.652173913
562089,565723,565829,3634,106,16,3600,35.2830188679
562089,565767,565876,3678,109,16,3600,34.7431192661
562090,565887,565994,3797,107,16,3600,36.4859813084
562090,565835,565946,3745,111,16,3600,34.7387387387
562090,565847,565959,3757,112,16,3600,34.5446428571
562090,565957,566064,3867,107,16,3600,37.1401869159
562090,565855,565962,3765,107,16,3600,36.1869158879
562090,565817,565927,3727,110,16,3600,34.8818181818
562090,565938,566046,3848,108,16,3600,36.6296296296
562091,565970,566079,3879,109,16,3600,36.5871559633
562091,565981,566090,3890,109,16,3600,36.6880733945
562091,566005,566114,3914,109,16,3600,36.9082568807
562091,566057,566165,3966,108,16,3600,37.7222222222
562091,566075,566186,3984,111,16,3600,36.8918918919
562101,563582,563638,1481,56,32,3600,27.4464285714
562101,563547,563606,1446,59,32,3600,25.5084745763
562101,563617,563674,1516,57,32,3600,27.5964912281
562102,563649,563705,1547,56,32,3600,28.625
562102,563685,563743,1583,58,32,3600,28.2931034483
562102,563717,563773,1615,56,32,3600,29.8392857143
562102,563754,563810,1652,56,32,3600,30.5
562102,563784,563840,1682,56,32,3600,31.0357142857
562102,563821,563876,1719,55,32,3600,32.2545454545
562102,563851,563908,1749,57,32,3600,31.6842105263
562103,563955,564010,1852,55,32,3600,34.6727272727
562103,564022,564079,1919,57,32,3600,34.6666666667
562103,564131,564193,2028,62,32,3600,33.7096774194
562103,564061,564120,1958,59,32,3600,34.186440678
562103,563888,563944,1785,56,32,3600,32.875
562103,563988,564045,1885,57,32,3600,34.0701754386
562103,563921,563977,1818,56,32,3600,33.4642857143
562104,564341,564399,2237,58,32,3600,39.5689655172
562104,564281,564338,2177,57,32,3600,39.1929824561
562104,564275,564330,2171,55,32,3600,40.4727272727
562104,564208,564264,2104,56,32,3600,38.5714285714
562104,564203,564265,2099,62,32,3600,34.8548387097
562104,564136,564192,2032,56,32,3600,37.2857142857
562105,564553,564613,2448,60,32,3600,41.8
562105,564349,564405,2244,56,32,3600,41.0714285714
562105,564544,564599,2439,55,32,3600,45.3454545455
562105,564485,564542,2380,57,32,3600,42.7543859649
562105,564478,564533,2373,55,32,3600,44.1454545455
562105,564416,564474,2311,58,32,3600,40.8448275862
562105,564410,564466,2305,56,32,3600,42.1607142857
562991,562998,572166,7,9168,2,18000,1.00076352531
572376,572382,580583,6,8201,2,18000,1.0007316181
572865,572871,572874,6,3,2,18000,1.0
572924,572931,573047,7,116,78,18000,1.06034482759
573037,573959,580918,922,6959,78,18000,1.13249030033
579935,579941,585146,6,5205,1,36000,1.00115273775
580879,580886,581040,7,154,2,18000,1.04545454545
581068,581074,581250,6,176,2,18000,1.03409090909
581344,581350,588619,6,7269,2,18000,1.00082542303
583581,583587,583593,6,6,1,36000,1.2
583715,583721,588953,6,5232,1,36000,1.00114678899
583812,583818,588948,6,5130,1,36000,1.00116959064
588792,588798,592711,6,3913,2,18000,1.00153335037
588793,588803,592322,10,3519,2,18000,1.0028417164
588794,588808,592224,14,3416,2,18000,1.00409836066
588795,588814,592472,19,3658,2,18000,1.00519409513
588797,588819,592618,22,3799,2,18000,1.00579099763
588798,588824,592635,26,3811,2,18000,1.00682235634
588799,588830,592581,31,3751,2,18000,1.00826446281
588800,588835,592501,35,3666,2,18000,1.0095471904
588802,588840,592588,38,3748,2,18000,1.01013874066
588803,588845,592446,42,3601,2,18000,1.01166342683
588804,588850,592433,46,3583,2,18000,1.01283840357
588806,588855,592433,49,3578,2,18000,1.01369480157
588807,588861,592648,54,3787,2,18000,1.01425930816
588808,588866,592561,58,3695,2,18000,1.01569688769
588809,588871,592705,62,3834,2,18000,1.01617110068
588811,588876,592632,65,3756,2,18000,1.0173056443
588812,588881,592701,69,3820,2,18000,1.01806282723
588813,588886,592310,73,3424,2,18000,1.02132009346
588815,588891,592592,76,3701,2,18000,1.02053499054
588816,588898,592579,82,3681,2,18000,1.02227655528
588818,588903,592860,85,3957,2,18000,1.02148091989
588819,588908,592596,89,3688,2,18000,1.02413232104
588820,588913,592660,93,3747,2,18000,1.02481985588
588821,588918,592532,97,3614,2,18000,1.02684006641
588822,588923,592794,101,3871,2,18000,1.02609144924
588824,588928,592680,104,3752,2,18000,1.02771855011
588825,588935,592650,110,3715,2,18000,1.02960969044
588826,588940,592563,114,3623,2,18000,1.03146563621
588828,588945,592628,117,3683,2,18000,1.03176758078
588829,588950,592492,121,3542,2,18000,1.03416149068
588830,588955,592503,125,3548,2,18000,1.03523111612
588831,588961,592839,130,3878,2,18000,1.03352243424
588833,588966,592734,133,3768,2,18000,1.03529723992
588834,588971,592834,137,3863,2,18000,1.03546466477
588835,588976,592687,141,3711,2,18000,1.03799514956
588836,588981,592911,145,3930,2,18000,1.0368956743
588838,588986,592697,148,3711,2,18000,1.03988143358
588839,588992,592841,153,3849,2,18000,1.03975058457
588840,588997,592804,157,3807,2,18000,1.04123982138
588842,589002,592762,160,3760,2,18000,1.04255319149
590525,590532,590533,7,1,2,300,1.0
590764,590770,590771,6,1,2,300,1.0
592225,592235,595735,10,3500,2,18000,1.00285714286
592313,592321,596049,8,3728,2,18000,1.00214592275
592327,592333,595933,6,3600,2,18000,1.00166666667
592436,592444,596221,8,3777,2,18000,1.00211808313
592437,592449,596269,12,3820,2,18000,1.00314136126
592452,592457,596271,5,3814,2,18000,1.00131095962
592472,592483,596291,11,3808,2,18000,1.00288865546
592493,592504,595983,11,3479,2,18000,1.00316182811
592507,592514,596295,7,3781,2,18000,1.00185136207
592509,592520,596136,11,3616,2,18000,1.0030420354
592533,592543,596382,10,3839,2,18000,1.00260484501
592563,592572,596409,9,3837,2,18000,1.00234558249
592564,592578,596376,14,3798,2,18000,1.00368615061
592583,592592,596243,9,3651,2,18000,1.00246507806
592584,592597,596096,13,3499,2,18000,1.00371534724
592599,592605,596378,6,3773,2,18000,1.00159024649
592600,592611,596377,11,3766,2,18000,1.00292087095
592602,592616,595970,14,3354,2,18000,1.00417412045
592619,592629,596423,10,3794,2,18000,1.00263574064
592635,592641,596356,6,3715,2,18000,1.00161507402
592636,592647,596278,11,3631,2,18000,1.00302946847
592651,592657,596463,6,3806,2,18000,1.00157645822
592652,592663,596542,11,3879,2,18000,1.00283578242
592654,592668,596274,14,3606,2,18000,1.00388241819
592668,592674,596213,6,3539,2,18000,1.00169539418
592683,592691,596556,8,3865,2,18000,1.0020698577
592697,592704,596528,7,3824,2,18000,1.00183054393
592699,592710,596426,11,3716,2,18000,1.00296017223
592714,592720,596613,6,3893,2,18000,1.00154122784
592715,592726,596618,11,3892,2,18000,1.00282631038
592716,592731,596267,15,3536,2,18000,1.00424208145
592737,592746,596382,9,3636,2,18000,1.00247524752
592764,592773,596311,9,3538,2,18000,1.00254381006
592797,592806,596657,9,3851,2,18000,1.00233705531
592812,592818,596660,6,3842,2,18000,1.00156168662
592836,592845,596585,9,3740,2,18000,1.00240641711
592851,592857,596833,6,3976,2,18000,1.00150905433
592852,592863,596257,11,3394,2,18000,1.00324101355
592867,592873,596519,6,3646,2,18000,1.00164563906
592914,592923,596630,9,3707,2,18000,1.00242783922
593450,593457,593483,7,26,2,300,1.26923076923
593452,593463,593518,11,55,2,360,1.2
593491,593497,593553,6,56,2,300,1.10714285714
593526,593532,593743,6,211,2,300,1.02843601896
593561,593567,593787,6,220,2,300,1.02727272727
593751,593757,593772,6,15,2,300,1.4
593779,593785,593820,6,35,2,300,1.17142857143
593795,593801,593817,6,16,2,300,1.375
593824,593831,593846,7,15,2,300,1.46666666667
593827,593837,593863,10,26,2,300,1.38461538462
593853,593859,593887,6,28,2,360,1.21428571429
593870,593877,594188,7,311,2,300,1.02250803859
593894,593901,594212,7,311,2,300,1.02250803859
594202,594208,594436,6,228,2,360,1.02631578947
594226,594232,594543,6,311,2,360,1.0192926045
595737,595747,599527,10,3780,2,18000,1.00264550265
595935,595945,599439,10,3494,2,18000,1.00286204923
595972,595981,599470,9,3489,2,18000,1.00257953568
595987,595994,599668,7,3674,2,18000,1.00190528035
596050,596060,599810,10,3750,2,18000,1.00266666667
596098,596107,599564,9,3457,2,18000,1.00260341336
596137,596147,599895,10,3748,2,18000,1.00266808965
596215,596224,599985,9,3761,2,18000,1.00239298059
596230,596236,600008,6,3772,2,18000,1.00159066808
596244,596254,599869,10,3615,2,18000,1.00276625173
596259,596268,599939,9,3671,2,18000,1.00245164805
596274,596280,600081,6,3801,2,18000,1.00157853197
596275,596286,600149,11,3863,2,18000,1.00284752783
596277,596291,600008,14,3717,2,18000,1.00376647834
596278,596297,599833,19,3536,2,18000,1.00537330317
596294,596303,599740,9,3437,2,18000,1.0026185627
596295,596308,599894,13,3586,2,18000,1.00362520915
596310,596316,600082,6,3766,2,18000,1.00159320234
596325,596331,600014,6,3683,2,18000,1.00162910671
596358,596367,600079,9,3712,2,18000,1.00242456897
596379,596388,599756,9,3368,2,18000,1.00267220903
596380,596399,600158,19,3759,2,18000,1.00505453578
596381,596393,600235,12,3842,2,18000,1.00312337324
596396,596405,599939,9,3534,2,18000,1.0025466893
596397,596410,600130,13,3720,2,18000,1.00349462366
596412,596420,600271,8,3851,2,18000,1.0020773825
596427,596434,600071,7,3637,2,18000,1.00192466318
596428,596440,600275,12,3835,2,18000,1.00312907432
596464,596474,600075,10,3601,2,18000,1.00277700639
596521,596530,600235,9,3705,2,18000,1.0024291498
596536,596542,600368,6,3826,2,18000,1.00156821746
596551,596557,600412,6,3855,2,18000,1.00155642023
596566,596572,600164,6,3592,2,18000,1.00167037862
596586,596598,600195,12,3597,2,18000,1.00333611343
596587,596592,596666,5,74,4,3540,1.06756756757
596588,596603,596665,15,62,2,3540,1.24193548387
596613,596624,600248,11,3624,2,18000,1.00303532009
596628,596634,600256,6,3622,2,18000,1.00165654335
596643,596649,600503,6,3854,2,18000,1.00155682408
596658,596668,600378,10,3710,2,18000,1.00269541779
596672,596679,600532,7,3853,2,18000,1.00181676616
596802,596808,596882,6,74,4,3540,1.08108108108
596804,596814,596882,10,68,4,3540,1.14705882353
596805,596819,596881,14,62,2,3540,1.22580645161
596835,596845,600546,10,3701,2,18000,1.00270197244
597227,597238,597566,11,328,2,3600,1.03353658537
597227,597249,597585,22,336,2,3600,1.06547619048
597227,597254,597599,27,345,2,3600,1.07826086957
597227,597243,597578,16,335,2,3600,1.04776119403
597227,597232,597580,5,348,2,3600,1.01436781609
597228,597269,597609,41,340,2,3600,1.12058823529
597228,597264,597595,36,331,2,3600,1.10876132931
597228,597275,597625,47,350,2,3600,1.13428571429
597228,597259,597592,31,333,2,3600,1.09309309309
597228,597285,597628,57,343,2,3600,1.16618075802
597228,597280,597620,52,340,2,3600,1.15294117647
597229,597316,597670,87,354,2,3600,1.24576271186
597229,597295,597637,66,342,2,3600,1.19298245614
597229,597290,597621,61,331,2,3600,1.18429003021
597229,597321,597653,92,332,2,3600,1.27710843373
597229,597310,597642,81,332,2,3600,1.24397590361
597229,597305,597653,76,348,2,3600,1.2183908046
597229,597300,597651,71,351,2,3600,1.20227920228
597230,597357,597713,127,356,2,3600,1.35674157303
597230,597351,597709,121,358,2,3600,1.33798882682
597230,597326,597684,96,358,2,3600,1.26815642458
597230,597336,597680,106,344,2,3600,1.30813953488
597230,597331,597660,101,329,2,3600,1.30699088146
597230,597341,597681,111,340,2,3600,1.32647058824
597230,597346,597694,116,348,2,3600,1.33333333333
597231,597372,597735,141,363,2,3600,1.38842975207
597231,599409,599758,2178,349,2,3600,7.24068767908
597231,599432,599781,2201,349,2,3600,7.30659025788
597231,597362,597715,131,353,2,3600,1.37110481586
597231,597367,597727,136,360,2,3600,1.37777777778
597247,599030,599227,1783,197,4,3600,10.0507614213
597247,599060,599256,1813,196,4,3600,10.25
597247,599070,599268,1823,198,4,3600,10.2070707071
597247,598813,599019,1566,206,4,3600,8.60194174757
597247,599065,599253,1818,188,4,3600,10.670212766
597247,599129,599321,1882,192,4,3600,10.8020833333
597248,599208,599406,1960,198,4,3600,10.898989899
597248,599214,599406,1966,192,4,3600,11.2395833333
597248,599219,599415,1971,196,4,3600,11.056122449
597248,599225,599427,1977,202,4,3600,10.7871287129
597248,599139,599336,1891,197,4,3600,10.5989847716
597248,599203,599393,1955,190,4,3600,11.2894736842
597248,599134,599325,1886,191,4,3600,10.8743455497
597249,599086,599278,1837,192,4,3600,10.5677083333
597249,599081,599273,1832,192,4,3600,10.5416666667
597249,599092,599288,1843,196,4,3600,10.4030612245
597249,599102,599294,1853,192,4,3600,10.6510416667
597249,599097,599298,1848,201,4,3600,10.1940298507
597249,599075,599269,1826,194,4,3600,10.412371134
597250,599107,599305,1857,198,4,3600,10.3787878788
597250,599113,599307,1863,194,4,3600,10.6030927835
597250,599123,599312,1873,189,4,3600,10.9100529101
597250,599118,599317,1868,199,4,3600,10.3869346734
597250,599230,599429,1980,199,4,3600,10.9497487437
597250,599358,599555,2108,197,4,3600,11.7005076142
597251,599368,599564,2117,196,4,3600,11.8010204082
597251,599383,599573,2132,190,4,3600,12.2210526316
597251,599378,599570,2127,192,4,3600,12.078125
597251,599373,599562,2122,189,4,3600,12.2275132275
597251,599363,599562,2112,199,4,3600,11.6130653266
597288,598353,598451,1065,98,8,3600,11.8673469388
597288,598647,598747,1359,100,8,3600,14.59
597288,598691,598790,1403,99,8,3600,15.1717171717
597288,598598,598697,1310,99,8,3600,14.2323232323
597288,598592,598690,1304,98,8,3600,14.306122449
597288,598468,598567,1180,99,8,3600,12.9191919192
597288,598230,598328,942,98,8,3600,10.612244898
597289,598582,598681,1293,99,8,3600,14.0606060606
597289,598696,598796,1407,100,8,3600,15.07
597289,598702,598799,1413,97,8,3600,15.5670103093
597289,598707,598808,1418,101,8,3600,15.0396039604
597289,598713,598813,1424,100,8,3600,15.24
597289,598587,598683,1298,96,8,3600,14.5208333333
597289,598603,598706,1314,103,8,3600,13.7572815534
597290,598631,598730,1341,99,8,3600,14.5454545455
597290,598614,598717,1324,103,8,3600,13.854368932
597290,598609,598709,1319,100,8,3600,14.19
597290,598636,598737,1346,101,8,3600,14.3267326733
597290,598619,598719,1329,100,8,3600,14.29
597290,598624,598723,1334,99,8,3600,14.4747474747
597291,598749,598852,1458,103,8,3600,15.1553398058
597291,598641,598749,1350,108,8,3600,13.5
597291,598744,598845,1453,101,8,3600,15.3861386139
597291,598718,598818,1427,100,8,3600,15.27
597291,598723,598821,1432,98,8,3600,15.612244898
597291,598739,598836,1448,97,8,3600,15.9278350515
597291,598728,598829,1437,101,8,3600,15.2277227723
597292,598755,598855,1463,100,8,3600,15.63
597292,598760,598859,1468,99,8,3600,15.8282828283
597292,598733,598836,1441,103,8,3600,14.9902912621
597317,597383,597442,66,59,16,3600,2.1186440678
597317,597378,597435,61,57,16,3600,2.0701754386
597318,597393,597459,75,66,16,3600,2.13636363636
597318,597404,597462,86,58,16,3600,2.48275862069
597318,597399,597456,81,57,16,3600,2.42105263158
597318,597388,597450,70,62,16,3600,2.12903225806
597318,597453,597509,135,56,16,3600,3.41071428571
597318,597461,597520,143,59,16,3600,3.42372881356
597319,597524,597579,205,55,16,3600,4.72727272727
597319,597518,597574,199,56,16,3600,4.55357142857
597319,597467,597521,148,54,16,3600,3.74074074074
597319,597473,597527,154,54,16,3600,3.85185185185
597319,597479,597535,160,56,16,3600,3.85714285714
597319,597537,597592,218,55,16,3600,4.96363636364
597319,597531,597588,212,57,16,3600,4.71929824561
597320,597605,597663,285,58,16,3600,5.91379310345
597320,597610,597672,290,62,16,3600,5.67741935484
597320,597599,597657,279,58,16,3600,5.81034482759
597320,597543,597600,223,57,16,3600,4.91228070175
597320,597549,597607,229,58,16,3600,4.94827586207
597320,597592,597651,272,59,16,3600,5.61016949153
597320,597586,597642,266,56,16,3600,5.75
597321,597446,597507,125,61,16,3600,3.04918032787
597321,598103,598163,782,60,16,3600,14.0333333333
597321,597760,597819,439,59,16,3600,8.4406779661
597321,598037,598092,716,55,16,3600,14.0181818182
597321,597833,597889,512,56,16,3600,10.1428571429
597321,597900,597958,579,58,16,3600,10.9827586207
597321,597969,598026,648,57,16,3600,12.3684210526
597322,598174,598232,852,58,16,3600,15.6896551724
597499,599388,599792,1889,404,4,3600,5.67574257426
597499,599335,599749,1836,414,4,3600,5.4347826087
597499,599341,599747,1842,406,4,3600,5.53694581281
597500,599235,599629,1735,394,4,3600,5.40355329949
597500,599399,599796,1899,397,4,3600,5.78337531486
597500,599346,599743,1846,397,4,3600,5.64987405542
597500,599351,599752,1851,401,4,3600,5.61596009975
597500,599393,599789,1893,396,4,3600,5.7803030303
597500,599404,599807,1904,403,4,3600,5.72456575682
597501,599272,599673,1771,401,4,3600,5.41645885287
597501,599262,599671,1761,409,4,3600,5.30562347188
597501,599241,599641,1740,400,4,3600,5.35
597501,599267,599660,1766,393,4,3600,5.49363867684
597501,599257,599660,1756,403,4,3600,5.35732009926
597501,599246,599644,1745,398,4,3600,5.38442211055
597501,599251,599649,1750,398,4,3600,5.39698492462
597502,599283,599680,1781,397,4,3600,5.48614609572
597502,599278,599675,1776,397,4,3600,5.47355163728
597502,599310,599713,1808,403,4,3600,5.48635235732
597502,599288,599685,1786,397,4,3600,5.49874055416
597502,599294,599706,1792,412,4,3600,5.34951456311
597502,599305,599702,1803,397,4,3600,5.54156171285
597502,599300,599700,1798,400,4,3600,5.495
597503,599330,599736,1827,406,4,3600,5.5
597503,599421,599819,1918,398,4,3600,5.81909547739
597503,599415,599814,1912,399,4,3600,5.79197994987
597503,599320,599721,1817,401,4,3600,5.53117206983
597503,599325,599731,1822,406,4,3600,5.48768472906
597503,599315,599712,1812,397,4,3600,5.56423173804
597504,599426,599824,1922,398,4,3600,5.82914572864
597531,598847,599048,1316,201,8,3600,7.54726368159
597531,598765,598972,1234,207,8,3600,6.961352657
597531,598858,599057,1327,199,8,3600,7.66834170854
597531,598853,599056,1322,203,8,3600,7.51231527094
597531,598842,599046,1311,204,8,3600,7.42647058824
597532,598776,598978,1244,202,8,3600,7.15841584158
597532,598782,598981,1250,199,8,3600,7.28140703518
597532,598771,598982,1239,211,8,3600,6.87203791469
597532,598787,598990,1255,203,8,3600,7.18226600985
597532,598869,599075,1337,206,8,3600,7.49029126214
597532,598864,599066,1332,202,8,3600,7.59405940594
597533,598875,599080,1342,205,8,3600,7.54634146341
597533,598808,599011,1275,203,8,3600,7.28078817734
597533,598830,599034,1297,204,8,3600,7.35784313725
597533,598824,599031,1291,207,8,3600,7.23671497585
597533,598819,599023,1286,204,8,3600,7.30392156863
597533,598801,599006,1268,205,8,3600,7.18536585366
597533,598836,599039,1303,203,8,3600,7.41871921182
597534,598996,599205,1462,209,8,3600,7.995215311
597534,598880,599084,1346,204,8,3600,7.59803921569
597534,598984,599192,1450,208,8,3600,7.97115384615
597534,599007,599210,1473,203,8,3600,8.25615763547
597534,599001,599209,1467,208,8,3600,8.05288461538
597534,599017,599224,1483,207,8,3600,8.16425120773
597534,598990,599193,1456,203,8,3600,8.1724137931
597535,599023,599223,1488,200,8,3600,8.44
597535,599036,599241,1501,205,8,3600,8.32195121951
597535,599042,599247,1507,205,8,3600,8.3512195122
597535,599054,599257,1519,203,8,3600,8.48275862069
597535,599048,599256,1513,208,8,3600,8.27403846154
597562,598186,598299,624,113,16,3600,6.52212389381
597562,598191,598304,629,113,16,3600,6.56637168142
597562,598197,598314,635,117,16,3600,6.42735042735
597562,598202,598316,640,114,16,3600,6.61403508772
597563,598214,598330,651,116,16,3600,6.61206896552
597563,598220,598331,657,111,16,3600,6.91891891892
597563,598225,598341,662,116,16,3600,6.70689655172
597563,598244,598358,681,114,16,3600,6.97368421053
597563,598310,598424,747,114,16,3600,7.55263157895
597563,598316,598434,753,118,16,3600,7.3813559322
597563,598209,598323,646,114,16,3600,6.66666666667
597564,598343,598462,779,119,16,3600,7.54621848739
597564,598331,598444,767,113,16,3600,7.78761061947
597564,598325,598439,761,114,16,3600,7.67543859649
597564,598337,598451,773,114,16,3600,7.78070175439
597564,598369,598480,805,111,16,3600,8.25225225225
597564,598360,598477,796,117,16,3600,7.80341880342
597564,598348,598464,784,116,16,3600,7.75862068966
597565,598445,598556,880,111,16,3600,8.92792792793
597565,598457,598569,892,112,16,3600,8.96428571429
597565,598463,598576,898,113,16,3600,8.94690265487
597565,598474,598594,909,120,16,3600,8.575
597565,598451,598565,886,114,16,3600,8.77192982456
597565,598434,598552,869,118,16,3600,8.36440677966
597566,598494,598606,928,112,16,3600,9.28571428571
597566,598569,598680,1003,111,16,3600,10.036036036
597566,598480,598597,914,117,16,3600,8.81196581197
597566,598576,598687,1010,111,16,3600,10.0990990991
597566,598488,598600,922,112,16,3600,9.23214285714
597566,598563,598681,997,118,16,3600,9.44915254237
597604,597618,597679,14,61,32,3600,1.22950819672
597604,597668,597727,64,59,32,3600,2.08474576271
597604,597653,597713,49,60,32,3600,1.81666666667
597605,597724,597784,119,60,32,3600,2.98333333333
597605,597739,597799,134,60,32,3600,3.23333333333
597605,597755,597816,150,61,32,3600,3.45901639344
597605,597684,597744,79,60,32,3600,2.31666666667
597605,597690,597751,85,61,32,3600,2.39344262295
597605,597766,597824,161,58,32,3600,3.77586206897
597606,597795,597855,189,60,32,3600,4.15
597606,597810,597870,204,60,32,3600,4.4
597606,597839,597898,233,59,32,3600,4.94915254237
597606,597827,597899,221,72,32,3600,4.06944444444
597606,597866,597925,260,59,32,3600,5.40677966102
597606,597881,597947,275,66,32,3600,5.16666666667
597607,597909,597972,302,63,32,3600,5.79365079365
597607,597984,598044,377,60,32,3600,7.28333333333
597607,597915,597975,308,60,32,3600,6.13333333333
597607,597936,597995,329,59,32,3600,6.57627118644
597607,597958,598018,351,60,32,3600,6.85
597607,597990,598050,383,60,32,3600,7.38333333333
597608,598007,598067,399,60,32,3600,7.65
597608,598109,598175,501,66,32,3600,8.59090909091
597608,598078,598137,470,59,32,3600,8.96610169492
597608,598061,598121,453,60,32,3600,8.55
597608,598030,598094,422,64,32,3600,7.59375
597608,598055,598115,447,60,32,3600,8.45
597609,598148,598206,539,58,32,3600,10.2931034483
597609,598132,598192,523,60,32,3600,9.71666666667
597609,598126,598185,517,59,32,3600,9.76271186441
599440,599451,602931,11,3480,2,18000,1.00316091954
599473,599481,603060,8,3579,2,18000,1.00223526125
599527,599538,603150,11,3612,2,18000,1.00304540421
599566,599575,603302,9,3727,2,18000,1.00241481084
599668,599679,603449,11,3770,2,18000,1.00291777188
599743,599752,603460,9,3708,2,18000,1.00242718447
599758,599767,603686,9,3919,2,18000,1.00229650421
599812,599821,603626,9,3805,2,18000,1.0023653088
599835,599844,603349,9,3505,2,18000,1.00256776034
599871,599880,603316,9,3436,2,18000,1.0026193248
599895,599905,603264,10,3359,2,18000,1.00297707651
599896,599911,603552,15,3641,2,18000,1.00411974732
599942,599994,603808,52,3814,2,18000,1.01363398007
599943,599999,603936,56,3937,2,18000,1.01422402845
599988,600005,603731,17,3726,2,18000,1.00456253355
600009,600019,603369,10,3350,2,18000,1.00298507463
600010,600024,603672,14,3648,2,18000,1.0038377193
600025,600031,603847,6,3816,2,18000,1.00157232704
600074,600082,603855,8,3773,2,18000,1.00212032865
600089,600095,603786,6,3691,2,18000,1.00162557572
600090,600101,603753,11,3652,2,18000,1.00301204819
600092,600106,603885,14,3779,2,18000,1.00370468378
600093,600111,603505,18,3394,2,18000,1.00530347672
600132,600141,603992,9,3851,2,18000,1.00233705531
600150,600160,603766,10,3606,2,18000,1.00277315585
600165,600171,603554,6,3383,2,18000,1.00177357375
600166,600177,603981,11,3804,2,18000,1.00289169295
600193,600207,603800,14,3593,2,18000,1.00389646535
600235,600245,604115,10,3870,2,18000,1.00258397933
600237,600250,603780,13,3530,2,18000,1.00368271955
600251,600259,603793,8,3534,2,18000,1.00226372383
600266,600272,604124,6,3852,2,18000,1.0015576324
600281,600287,603951,6,3664,2,18000,1.00163755459
600283,600293,603956,10,3663,2,18000,1.00273000273
600370,600379,604102,9,3723,2,18000,1.00241740532
600384,600391,604110,7,3719,2,18000,1.0018822264
600414,600424,604053,10,3629,2,18000,1.00275558005
600504,600514,603908,10,3394,2,18000,1.00294637596
600534,600544,604369,10,3825,2,18000,1.00261437908
600549,600558,604213,9,3655,2,18000,1.0024623803
602933,602942,606855,9,3913,2,18000,1.00230002556
603062,603071,606659,9,3588,2,18000,1.0025083612
603152,603162,606843,10,3681,2,18000,1.00271665308
603266,603276,606874,10,3598,2,18000,1.00277932185
603305,603313,607195,8,3882,2,18000,1.00206079341
603320,603327,607090,7,3763,2,18000,1.00186021791
603350,603360,607179,10,3819,2,18000,1.00261848651
603371,603381,607281,10,3900,2,18000,1.00256410256
603452,603461,607122,9,3661,2,18000,1.00245834471
603466,603472,607227,6,3755,2,18000,1.00159786951
603505,603516,607285,11,3769,2,18000,1.00291854603
603553,603563,607264,10,3701,2,18000,1.00270197244
603568,603574,607371,6,3797,2,18000,1.00158019489
603628,603637,607220,9,3583,2,18000,1.00251186157
603673,603683,607310,10,3627,2,18000,1.00275709953
603688,603697,607577,9,3880,2,18000,1.00231958763
603733,603742,607277,9,3535,2,18000,1.00254596888
603753,603764,607370,11,3606,2,18000,1.00305047144
603768,603777,607470,9,3693,2,18000,1.00243704305
603783,603791,607531,8,3740,2,18000,1.00213903743
603798,603804,607610,6,3806,2,18000,1.00157645822
603799,603810,607533,11,3723,2,18000,1.0029546065
603814,603820,607336,6,3516,2,18000,1.00170648464
603815,603826,607616,11,3790,2,18000,1.00290237467
603848,603858,607551,10,3693,2,18000,1.00270782562
603863,603869,607707,6,3838,2,18000,1.00156331423
603887,603896,607386,9,3490,2,18000,1.00257879656
603911,603919,607713,8,3794,2,18000,1.00210859251
603938,603948,607631,10,3683,2,18000,1.00271517784
603952,603962,607586,10,3624,2,18000,1.0027593819
603967,603973,607716,6,3743,2,18000,1.00160299225
603982,603992,607710,10,3718,2,18000,1.00268961807
603997,604002,607437,5,3435,2,18000,1.00145560408
604054,604064,607659,10,3595,2,18000,1.00278164117
604105,604113,607884,8,3771,2,18000,1.0021214532
604120,604126,607883,6,3757,2,18000,1.0015970189
604122,604132,607881,10,3749,2,18000,1.00266737797
604136,604142,607993,6,3851,2,18000,1.00155803687
604214,604224,607893,10,3669,2,18000,1.00272553829
604371,604380,608151,9,3771,2,18000,1.00238663484
