SubmitTime,StartTime,EndTime,QueuedTime,RunTime,NodesRequested,walltime,bslowdown
56,63,6028,7,5965,2,36000,1.00117351215
125,135,6022,10,5887,2,36000,1.00169865806
149,158,6210,9,6052,2,36000,1.0014871117
164,171,6058,7,5887,2,36000,1.00118906064
192,200,4932,8,4732,2,36000,1.00169061708
261,270,6189,9,5919,2,36000,1.00152052712
276,282,6161,6,5879,2,36000,1.00102058173
278,288,6300,10,6012,2,36000,1.00166333999
292,298,6231,6,5933,2,36000,1.00101129277
314,323,6210,9,5887,2,36000,1.00152879225
351,365,6398,14,6033,2,36000,1.0023205702
352,359,6300,7,5941,2,36000,1.00117825282
367,373,6343,6,5970,2,36000,1.00100502513
397,407,6294,10,5887,2,36000,1.00169865806
446,456,6319,10,5863,2,36000,1.00170561146
461,468,6432,7,5964,2,36000,1.00117370892
488,498,6614,10,6116,2,36000,1.00163505559
537,546,6542,9,5996,2,36000,1.00150100067
570,581,6501,11,5920,2,36000,1.00185810811
586,594,6391,8,5797,2,36000,1.00138002415
601,611,6640,10,6029,2,36000,1.00165864986
615,623,6547,8,5924,2,36000,1.00135043889
642,650,6450,8,5800,2,36000,1.00137931034
2206,2215,8149,9,5934,2,36000,1.00151668352
3033,3044,7599,11,4555,2,36000,1.00241492865
3278,3287,9186,9,5899,2,36000,1.00152568232
3824,3834,9924,10,6090,2,36000,1.00164203612
4457,4466,10248,9,5782,2,36000,1.00155655483
4651,4660,10704,9,6044,2,36000,1.00148908008
4892,4900,10655,8,5755,2,36000,1.00139009557
4935,4943,10853,8,5910,2,36000,1.0013536379
5001,5011,10807,10,5796,2,36000,1.00172532781
5037,5045,11020,8,5975,2,36000,1.00133891213
5115,5125,11091,10,5966,2,36000,1.00167616493
5232,5243,11120,11,5877,2,36000,1.00187170325
5313,5324,11301,11,5977,2,36000,1.00184038815
5328,5334,11221,6,5887,2,36000,1.00101919484
5434,5443,11393,9,5950,2,36000,1.00151260504
5552,5561,11612,9,6051,2,36000,1.00148735746
5838,5848,11731,10,5883,2,36000,1.00169981302
5853,5860,11828,7,5968,2,36000,1.00117292225
6025,6033,11935,8,5902,2,36000,1.00135547272
6040,6046,11944,6,5898,2,36000,1.001017294
6061,6069,11754,8,5685,2,36000,1.00140721196
6164,6172,12229,8,6057,2,36000,1.00132078587
6191,6200,12210,9,6010,2,36000,1.00149750416
6212,6221,12180,9,5959,2,36000,1.00151032052
6214,6226,12200,12,5974,2,36000,1.00200870439
6232,6242,12203,10,5961,2,36000,1.00167757088
6295,6305,12190,10,5885,2,36000,1.00169923534
6310,6316,12259,6,5943,2,36000,1.00100959112
6311,6322,12306,11,5984,2,36000,1.00183823529
6326,6332,12354,6,6022,2,36000,1.00099634673
6344,6354,12368,10,6014,2,36000,1.00166278683
6392,6402,12438,10,6036,2,36000,1.00165672631
6407,6413,12168,6,5755,2,36000,1.00104257168
6434,6443,12418,9,5975,2,36000,1.00150627615
6452,6461,12474,9,6013,2,36000,1.00149675703
6503,6512,12465,9,5953,2,36000,1.00151184277
6546,6553,12403,7,5850,2,36000,1.0011965812
6561,6567,12508,6,5941,2,36000,1.00100993099
6615,6625,12585,10,5960,2,36000,1.00167785235
6642,6652,12637,10,5985,2,36000,1.00167084378
7600,7610,13555,10,5945,2,36000,1.00168208579
8152,8160,13620,8,5460,2,36000,1.00146520147
9191,9196,14990,5,5794,2,36000,1.00086296168
9928,9935,15847,7,5912,2,36000,1.00118403248
10250,10259,16258,9,5999,2,36000,1.00150025004
10658,10667,16603,9,5936,2,36000,1.00151617251
10706,10715,16813,9,6098,2,36000,1.00147589374
10809,10819,16675,10,5856,2,36000,1.00170765027
10854,10864,15684,10,4820,2,36000,1.0020746888
11022,11031,17009,9,5978,2,36000,1.00150552024
11092,11102,16986,10,5884,2,36000,1.00169952413
11122,11132,17060,10,5928,2,36000,1.00168690958
11222,11232,17266,10,6034,2,36000,1.00165727544
11304,11312,17190,8,5878,2,36000,1.00136100715
11394,11404,17334,10,5930,2,36000,1.00168634064
11615,11623,17628,8,6005,2,36000,1.00133222315
11735,11742,17839,7,6097,2,36000,1.00114810563
11756,11765,17757,9,5992,2,36000,1.00150200267
11834,11839,17889,5,6050,2,36000,1.00082644628
11937,11947,17743,10,5796,2,36000,1.00172532781
11951,11958,17834,7,5876,2,36000,1.00119128659
12170,12179,18208,9,6029,2,36000,1.00149278487
12185,12191,18171,6,5980,2,36000,1.00100334448
12200,12206,18132,6,5926,2,36000,1.00101248734
12201,12212,18093,11,5881,2,36000,1.0018704302
12217,12223,18051,6,5828,2,36000,1.0010295127
12218,12229,18214,11,5985,2,36000,1.00183792815
12233,12240,18102,7,5862,2,36000,1.0011941317
12260,12270,18199,10,5929,2,36000,1.00168662506
12308,12317,18242,9,5925,2,36000,1.00151898734
12356,12365,18338,9,5973,2,36000,1.00150678051
12371,12379,18414,8,6035,2,36000,1.00132560066
12404,12415,18279,11,5864,2,36000,1.00187585266
12419,12429,18351,10,5922,2,36000,1.00168861871
12440,12449,18318,9,5869,2,36000,1.001533481
12467,12476,18305,9,5829,2,36000,1.00154400412
12482,12489,18462,7,5973,2,36000,1.0011719404
12509,12519,18457,10,5938,2,36000,1.00168406871
12588,12596,18517,8,5921,2,36000,1.00135112312
12639,12648,18553,9,5905,2,36000,1.00152413209
13560,13566,19623,6,6057,2,36000,1.0009905894
13623,13631,19520,8,5889,2,36000,1.00135846493
14993,15001,20902,8,5901,2,36000,1.00135570242
15688,15695,21568,7,5873,2,36000,1.00119189511
15849,15858,21843,9,5985,2,36000,1.0015037594
16261,16269,22221,8,5952,2,36000,1.00134408602
16604,16619,22598,15,5979,2,36000,1.00250878073
16607,16613,16720,6,107,1,1800,1.05607476636
16677,16686,22611,9,5925,2,36000,1.00151898734
16817,16824,22537,7,5713,2,36000,1.00122527569
16987,16998,23105,11,6107,2,36000,1.00180121172
17011,17020,23074,9,6054,2,36000,1.00148662042
17026,17032,17134,6,102,1,1800,1.05882352941
17063,17071,22868,8,5797,2,36000,1.00138002415
17193,17202,23019,9,5817,2,36000,1.00154718927
17268,17277,23296,9,6019,2,36000,1.00149526499
17338,17345,23444,7,6099,2,36000,1.00114772914
17631,17640,23540,9,5900,2,36000,1.00152542373
17722,17729,18205,7,476,1,1800,1.01470588235
17746,17754,23733,8,5979,2,36000,1.00133801639
17761,17768,23769,7,6001,2,36000,1.00116647225
17836,17845,23708,9,5863,2,36000,1.00153505032
17851,17857,23776,6,5919,2,36000,1.00101368474
17891,17901,23813,10,5912,2,36000,1.00169147497
18054,18062,24081,8,6019,2,36000,1.00132912444
18098,18104,24086,6,5982,2,36000,1.00100300903
18112,18118,24108,6,5990,2,36000,1.00100166945
18133,18144,24211,11,6067,2,36000,1.00181308719
18172,18182,24077,10,5895,2,36000,1.00169635284
18200,18210,24222,10,6012,2,36000,1.00166333999
18215,18222,24135,7,5913,2,36000,1.00118383223
18217,18228,24042,11,5814,2,36000,1.00189198486
18244,18253,23293,9,5040,2,36000,1.00178571429
18280,18290,24219,10,5929,2,36000,1.00168662506
18307,18316,24159,9,5843,2,36000,1.00154030464
18322,18329,24312,7,5983,2,36000,1.00116998161
18340,18349,24344,9,5995,2,36000,1.00150125104
18355,18363,24304,8,5941,2,36000,1.00134657465
18416,18425,24325,9,5900,2,36000,1.00152542373
18458,18468,24446,10,5978,2,36000,1.00167280027
18473,18479,24453,6,5974,2,36000,1.00100435219
18518,18528,24453,10,5925,2,36000,1.00168776371
18554,18565,24561,11,5996,2,36000,1.00183455637
19525,19592,25509,67,5917,2,36000,1.01132330573
19627,19634,25730,7,6096,2,36000,1.00114829396
19913,19919,19961,6,42,1,1800,1.14285714286
19928,19934,19982,6,48,1,1800,1.125
20238,20244,20318,6,74,1,1800,1.08108108108
20292,20299,20369,7,70,1,1800,1.1
20817,20824,21049,7,225,1,1800,1.03111111111
20907,20913,26926,6,6013,2,36000,1.00099783802
21181,21187,21454,6,267,1,1800,1.02247191011
21572,21579,27536,7,5957,2,36000,1.00117508813
21846,21854,25940,8,4086,2,36000,1.00195790504
22223,22233,28152,10,5919,2,36000,1.00168947457
22302,22309,22345,7,36,1,1800,1.19444444444
22540,22548,28465,8,5917,2,36000,1.0013520365
22601,22610,28418,9,5808,2,36000,1.00154958678
22616,22622,28650,6,6028,2,36000,1.00099535501
22641,22647,22710,6,63,1,1800,1.09523809524
22871,22879,28742,8,5863,2,36000,1.00136448917
23020,23030,29008,10,5978,2,36000,1.00167280027
23078,23086,28971,8,5885,2,36000,1.00135938828
23108,23116,29142,8,6026,2,36000,1.00132758048
23296,23305,29112,9,5807,2,36000,1.00154985362
23311,23317,29377,6,6060,2,36000,1.00099009901
23390,23396,23516,6,120,1,1800,1.05
23448,23456,29460,8,6004,2,36000,1.00133244504
23541,23552,29537,11,5985,2,36000,1.00183792815
23712,23720,29722,8,6002,2,36000,1.00133288904
23736,23744,29792,8,6048,2,36000,1.00132275132
23773,23781,29692,8,5911,2,36000,1.0013534089
23788,23794,29794,6,6000,2,36000,1.001
23815,23824,29721,9,5897,2,36000,1.00152619976
24045,24053,29957,8,5904,2,36000,1.00135501355
24081,24092,29977,11,5885,2,36000,1.00186915888
24082,24097,29791,15,5694,2,36000,1.00263435195
24098,24104,30106,6,6002,2,36000,1.00099966678
24113,24119,30077,6,5958,2,36000,1.00100704935
24137,24146,30082,9,5936,2,36000,1.00151617251
24161,24170,30236,9,6066,2,36000,1.00148367953
24212,24222,30220,10,5998,2,36000,1.00166722241
24227,24233,30066,6,5833,2,36000,1.00102863021
24229,24239,30155,10,5916,2,36000,1.0016903313
24308,24316,30350,8,6034,2,36000,1.00132582035
24323,24329,30262,6,5933,2,36000,1.00101129277
24337,24344,30263,7,5919,2,36000,1.0011826322
24353,24359,30105,6,5746,2,36000,1.00104420466
24447,24457,28913,10,4456,2,36000,1.00224416517
24462,24468,30433,6,5965,2,36000,1.00100586756
24464,24474,30436,10,5962,2,36000,1.0016772895
24563,24573,30335,10,5762,2,36000,1.0017355085
25512,25520,31519,8,5999,2,36000,1.00133355559
25733,25741,31691,8,5950,2,36000,1.00134453782
25941,25951,31967,10,6016,2,36000,1.00166223404
26930,26938,32921,8,5983,2,36000,1.00133712185
27538,27547,33490,9,5943,2,36000,1.00151438667
28153,28163,34127,10,5964,2,36000,1.00167672703
28421,28429,34371,8,5942,2,36000,1.00134634803
28466,28476,34440,10,5964,2,36000,1.00167672703
28654,28662,34607,8,5945,2,36000,1.00134566863
28744,28753,34804,9,6051,2,36000,1.00148735746
28914,28925,34864,11,5939,2,36000,1.00185216366
28975,28983,34922,8,5939,2,36000,1.00134702812
29011,29019,35084,8,6065,2,36000,1.00131904369
29114,29124,35112,10,5988,2,36000,1.00167000668
29144,29154,35112,10,5958,2,36000,1.00167841558
29380,29388,35281,8,5893,2,36000,1.00135754285
29461,29471,35329,10,5858,2,36000,1.00170706726
29540,29549,32905,9,3356,2,36000,1.002681764
29694,29703,35729,9,6026,2,36000,1.00149352805
29725,29732,35712,7,5980,2,36000,1.00117056856
29726,29738,35610,12,5872,2,36000,1.00204359673
29793,29802,35871,9,6069,2,36000,1.00148294612
29795,29808,35751,13,5943,2,36000,1.00218744742
29809,29816,35703,7,5887,2,36000,1.00118906064
29961,29969,35956,8,5987,2,36000,1.0013362285
29979,29989,35878,10,5889,2,36000,1.00169808117
30067,30077,36006,10,5929,2,36000,1.00168662506
30081,30088,35977,7,5889,2,36000,1.00118865682
30096,30102,35902,6,5800,2,36000,1.00103448276
30112,30118,36128,6,6010,2,36000,1.00099833611
30113,30124,36002,11,5878,2,36000,1.00187138482
30155,30166,35933,11,5767,2,36000,1.0019074042
30222,30231,36258,9,6027,2,36000,1.00149328024
30237,30247,36199,10,5952,2,36000,1.00168010753
30264,30279,36259,15,5980,2,36000,1.0025083612
30265,30273,36150,8,5877,2,36000,1.00136123873
30338,30346,36361,8,6015,2,36000,1.00133000831
30353,30361,36251,8,5890,2,36000,1.0013582343
30435,30444,36474,9,6030,2,36000,1.00149253731
30450,30456,36418,6,5962,2,36000,1.0010063737
31521,31530,37503,9,5973,2,36000,1.00150678051
31694,31702,37627,8,5925,2,36000,1.00135021097
31969,31979,38001,10,6022,2,36000,1.00166057788
32906,32912,42943,6,10031,1,14400,1.00059814575
32908,32918,38948,10,6030,2,36000,1.00165837479
32923,32932,38891,9,5959,2,36000,1.00151032052
33060,33067,112421,7,79354,2,180000,1.00008821231
33491,33501,39492,10,5991,2,36000,1.00166917042
34129,34138,39530,9,5392,2,36000,1.00166913947
34372,34382,40373,10,5991,2,36000,1.00166917042
34442,34451,40422,9,5971,2,36000,1.00150728521
34610,34618,40497,8,5879,2,36000,1.00136077564
34806,34815,40751,9,5936,2,36000,1.00151617251
34867,34875,40866,8,5991,2,36000,1.00133533634
34925,34933,40873,8,5940,2,36000,1.00134680135
35085,35095,41073,10,5978,2,36000,1.00167280027
35115,35122,41057,7,5935,2,36000,1.00117944398
35117,35129,41075,12,5946,2,36000,1.00201816347
35284,35292,41280,8,5988,2,36000,1.00133600534
35332,35341,41394,9,6053,2,36000,1.00148686602
35518,35524,150846,6,115322,1,216000,1.00005202823
35604,35610,151040,6,115430,1,216000,1.00005197955
35611,35621,41594,10,5973,2,36000,1.00167420057
35658,35664,152934,6,117270,1,216000,1.00005116398
35700,35706,153062,6,117356,1,216000,1.00005112649
35705,35714,41635,9,5921,2,36000,1.00152001351
35720,35726,41644,6,5918,2,36000,1.00101385603
35730,35736,151599,6,115863,1,216000,1.0000517853
35735,35742,41808,7,6066,2,36000,1.00115397296
35753,35762,41703,9,5941,2,36000,1.00151489648
35874,35882,41776,8,5894,2,36000,1.00135731252
35889,35895,41878,6,5983,2,36000,1.00100284138
35904,35913,41917,9,6004,2,36000,1.00149900067
35934,35944,41929,10,5985,2,36000,1.00167084378
35959,35967,41971,8,6004,2,36000,1.00133244504
35980,35988,41984,8,5996,2,36000,1.00133422282
36005,36013,42054,8,6041,2,36000,1.00132428406
36013,36019,36033,6,14,48,86400,1.42857142857
36020,36026,41903,6,5877,2,36000,1.00102092905
36052,36058,36059,6,1,48,86400,1.0
36129,36140,42183,11,6043,2,36000,1.00182028794
36153,36162,42104,9,5942,2,36000,1.00151464153
36202,36210,42104,8,5894,2,36000,1.00135731252
36253,36263,42038,10,5775,2,36000,1.00173160173
36268,36274,42149,6,5875,2,36000,1.0010212766
36269,36280,42348,11,6068,2,36000,1.0018127884
36364,36372,42432,8,6060,2,36000,1.00132013201
36421,36430,42340,9,5910,2,36000,1.00152284264
36476,36486,42424,10,5938,2,36000,1.00168406871
37506,37515,43437,9,5922,2,36000,1.00151975684
37630,37638,43635,8,5997,2,36000,1.00133400033
38002,38012,43893,10,5881,2,36000,1.00170039109
38892,38903,45032,11,6129,2,36000,1.00179474629
38950,38959,45030,9,6071,2,36000,1.00148245759
39494,39504,45488,10,5984,2,36000,1.00167112299
39534,39541,45377,7,5836,2,36000,1.00119945168
40374,40385,46399,11,6014,2,36000,1.00182906551
40425,40433,46345,8,5912,2,36000,1.00135317997
40498,40509,46329,11,5820,2,36000,1.00189003436
40753,40762,46895,9,6133,2,36000,1.00146747106
40869,40877,46982,8,6105,2,36000,1.00131040131
40884,40890,46899,6,6009,2,36000,1.00099850225
41059,41068,46893,9,5825,2,36000,1.00154506438
41075,41085,47077,10,5992,2,36000,1.00166889186
41090,41096,47107,6,6011,2,36000,1.00099817002
41280,41291,47346,11,6055,2,36000,1.00181668043
41395,41405,44788,10,3383,2,36000,1.00295595625
41596,41606,47472,10,5866,2,36000,1.00170473917
41639,41646,47583,7,5937,2,36000,1.00117904666
41654,41660,47597,6,5937,2,36000,1.00101061142
41705,41714,47688,9,5974,2,36000,1.00150652829
41778,41787,47771,9,5984,2,36000,1.0015040107
41809,41819,47856,10,6037,2,36000,1.00165645188
41881,41889,47889,8,6000,2,36000,1.00133333333
41906,41914,47872,8,5958,2,36000,1.00134273246
41921,41928,47890,7,5962,2,36000,1.00117410265
41936,41942,47787,6,5845,2,36000,1.00102651839
41972,41982,47979,10,5997,2,36000,1.00166750042
41987,41996,47917,9,5921,2,36000,1.00152001351
42039,42049,48024,10,5975,2,36000,1.00167364017
42057,42065,47957,8,5892,2,36000,1.00135777325
42106,42115,48130,9,6015,2,36000,1.00149625935
42107,42120,48086,13,5966,2,36000,1.00217901442
42149,42160,48158,11,5998,2,36000,1.00183394465
42186,42195,48185,9,5990,2,36000,1.00150250417
42341,42351,48205,10,5854,2,36000,1.00170823369
42356,42362,48218,6,5856,2,36000,1.00102459016
42425,42435,48485,10,6050,2,36000,1.00165289256
42440,42446,48344,6,5898,2,36000,1.001017294
43439,43448,49410,9,5962,2,36000,1.00150956055
43636,43647,49671,11,6024,2,36000,1.00182602922
43896,43904,49951,8,6047,2,36000,1.00132297007
44790,44800,50731,10,5931,2,36000,1.00168605631
45035,45041,50997,6,5956,2,36000,1.00100738751
45036,45047,51063,11,6016,2,36000,1.00182845745
45379,45388,51348,9,5960,2,36000,1.00151006711
45489,45499,51135,10,5636,2,36000,1.00177430802
46332,46341,52326,9,5985,2,36000,1.0015037594
46347,46357,52350,10,5993,2,36000,1.00166861338
46402,46411,52387,9,5976,2,36000,1.0015060241
46891,46904,52606,13,5702,2,36000,1.00227990179
46906,46912,52741,6,5829,2,36000,1.00102933608
46907,46918,52974,11,6056,2,36000,1.00181638045
46987,46993,52822,6,5829,2,36000,1.00102933608
47078,47088,52975,10,5887,2,36000,1.00169865806
47109,47118,53098,9,5980,2,36000,1.00150501672
47348,47357,53007,9,5650,2,36000,1.00159292035
47475,47483,51826,8,4343,2,36000,1.00184204467
47585,47595,53528,10,5933,2,36000,1.00168548795
47600,47608,53618,8,6010,2,36000,1.00133111481
47690,47699,53651,9,5952,2,36000,1.00151209677
47772,47782,53703,10,5921,2,36000,1.0016889039
47790,47798,53686,8,5888,2,36000,1.00135869565
47857,47867,53630,10,5763,2,36000,1.00173520736
47875,47883,53866,8,5983,2,36000,1.00133712185
47890,47900,53908,10,6008,2,36000,1.0016644474
47905,47911,53866,6,5955,2,36000,1.00100755668
47920,47928,53868,8,5940,2,36000,1.00134680135
47959,47968,53946,9,5978,2,36000,1.00150552024
47981,47990,53989,9,5999,2,36000,1.00150025004
48026,48036,53900,10,5864,2,36000,1.0017053206
48090,48098,54109,8,6011,2,36000,1.00133089336
48132,48141,54143,9,6002,2,36000,1.00149950017
48159,48170,54121,11,5951,2,36000,1.00184842884
48186,48196,54171,10,5975,2,36000,1.00167364017
48207,48216,54202,9,5986,2,36000,1.00150350819
48223,48228,54091,5,5863,2,36000,1.00085280573
48347,48355,54269,8,5914,2,36000,1.00135272235
48486,48496,54454,10,5958,2,36000,1.00167841558
49411,49421,55359,10,5938,2,36000,1.00168406871
49673,49682,55407,9,5725,2,36000,1.0015720524
49954,49962,55953,8,5991,2,36000,1.00133533634
50734,50742,56542,8,5800,2,36000,1.00137931034
50998,51008,56962,10,5954,2,36000,1.00167954316
51065,51074,57023,9,5949,2,36000,1.0015128593
51137,51146,57087,9,5941,2,36000,1.00151489648
51350,51359,57435,9,6076,2,36000,1.00148123766
51828,51837,57740,9,5903,2,36000,1.00152464848
52327,52337,58266,10,5929,2,36000,1.00168662506
52351,52361,58489,10,6128,2,36000,1.00163185379
52388,52398,58004,10,5606,2,36000,1.00178380307
52610,52617,58440,7,5823,2,36000,1.00120212949
52743,52753,58517,10,5764,2,36000,1.00173490632
52825,52834,58828,9,5994,2,36000,1.0015015015
52978,52986,59038,8,6052,2,36000,1.00132187707
52979,52992,58621,13,5629,2,36000,1.00230946882
53010,53018,59075,8,6057,2,36000,1.00132078587
53101,53109,59093,8,5984,2,36000,1.0013368984
53529,53539,59496,10,5957,2,36000,1.00167869733
53620,53629,59696,9,6067,2,36000,1.00148343498
53635,53641,59507,6,5866,2,36000,1.0010228435
53654,53663,59099,9,5436,2,36000,1.00165562914
53687,53697,59671,10,5974,2,36000,1.00167392032
53705,53715,59611,10,5896,2,36000,1.00169606513
53870,53877,59860,7,5983,2,36000,1.00116998161
53872,53883,59908,11,6025,2,36000,1.00182572614
53873,53888,59854,15,5966,2,36000,1.0025142474
53904,53911,59975,7,6064,2,36000,1.00115435356
53919,53925,59814,6,5889,2,36000,1.0010188487
53949,53958,59961,9,6003,2,36000,1.00149925037
53991,54000,59981,9,5981,2,36000,1.00150476509
54088,54102,60105,14,6003,2,36000,1.00233216725
54112,54121,60033,9,5912,2,36000,1.00152232747
54127,54133,60112,6,5979,2,36000,1.00100351229
54145,54154,59970,9,5816,2,36000,1.0015474553
54172,54182,60078,10,5896,2,36000,1.00169606513
54203,54213,60212,10,5999,2,36000,1.00166694449
54272,54280,60221,8,5941,2,36000,1.00134657465
54454,54465,60427,11,5962,2,36000,1.00184501845
55360,55370,61440,10,6070,2,36000,1.00164744646
55408,55419,61465,11,6046,2,36000,1.00181938472
55955,55964,61884,9,5920,2,36000,1.00152027027
56543,56553,62576,10,6023,2,36000,1.00166030217
56965,56974,62997,9,6023,2,36000,1.00149427196
57025,57034,63042,9,6008,2,36000,1.00149800266
57089,57098,63105,9,6007,2,36000,1.00149825204
57438,57446,63465,8,6019,2,36000,1.00132912444
57464,57470,57471,6,1,16,3600,1.0
57741,57751,63826,10,6075,2,36000,1.00164609053
58006,58015,64040,9,6025,2,36000,1.00149377593
58268,58277,64346,9,6069,2,36000,1.00148294612
58339,58345,58349,6,4,21,3600,1.0
58441,58451,64430,10,5979,2,36000,1.00167252049
58490,58500,64446,10,5946,2,36000,1.00168180289
58518,58528,64439,10,5911,2,36000,1.00169176112
58622,58632,64573,10,5941,2,36000,1.00168321831
58832,58840,64791,8,5951,2,36000,1.00134431188
59042,59049,65119,7,6070,2,36000,1.00115321252
59078,59086,65060,8,5974,2,36000,1.00133913626
59096,59104,65053,8,5949,2,36000,1.00134476383
59111,59117,64984,6,5867,2,36000,1.00102266917
59497,59507,65350,10,5843,2,36000,1.0017114496
59511,59518,65586,7,6068,2,36000,1.00115359262
59614,59623,65584,9,5961,2,36000,1.00150981379
59672,59682,65560,10,5878,2,36000,1.00170125893
59700,59707,65652,7,5945,2,36000,1.00117746005
59815,59826,65725,11,5899,2,36000,1.00186472283
59855,59865,65846,10,5981,2,36000,1.00167196121
59869,59876,65765,7,5889,2,36000,1.00118865682
59909,59919,65821,10,5902,2,36000,1.0016943409
59964,59972,65873,8,5901,2,36000,1.00135570242
59979,59985,66078,6,6093,2,36000,1.00098473658
59980,59991,65974,11,5983,2,36000,1.00183854254
59995,60001,65898,6,5897,2,36000,1.00101746651
60035,60044,65911,9,5867,2,36000,1.00153400375
60081,60089,66185,8,6096,2,36000,1.00131233596
60108,60117,66031,9,5914,2,36000,1.00152181265
60123,60129,66170,6,6041,2,36000,1.00099321304
60214,60223,66110,9,5887,2,36000,1.00152879225
60229,60235,66124,6,5889,2,36000,1.0010188487
60429,60438,66264,9,5826,2,36000,1.00154479918
61442,61452,67396,10,5944,2,36000,1.00168236878
61466,61477,67408,11,5931,2,36000,1.00185466195
61887,61895,67878,8,5983,2,36000,1.00133712185
62578,62587,68583,9,5996,2,36000,1.00150100067
62998,63008,68788,10,5780,2,36000,1.00173010381
63044,63053,68934,9,5881,2,36000,1.00153035198
63108,63116,69069,8,5953,2,36000,1.00134386024
63467,63476,69566,9,6090,2,36000,1.00147783251
63829,63837,69812,8,5975,2,36000,1.00133891213
64041,64051,70089,10,6038,2,36000,1.00165617754
64348,64357,70139,9,5782,2,36000,1.00155655483
64433,64441,70349,8,5908,2,36000,1.00135409614
64448,64454,70349,6,5895,2,36000,1.0010178117
64449,64460,70398,11,5938,2,36000,1.00185247558
64576,64585,70446,9,5861,2,36000,1.00153557413
64794,64803,70837,9,6034,2,36000,1.0014915479
64985,64995,70884,10,5889,2,36000,1.00169808117
65055,65064,71072,9,6008,2,36000,1.00149800266
65070,65076,71035,6,5959,2,36000,1.00100688035
65122,65130,71209,8,6079,2,36000,1.00131600592
65328,65334,65363,6,29,4,72000,1.20689655172
65354,65361,71281,7,5920,2,36000,1.00118243243
65373,65379,65985,6,606,4,72000,1.0099009901
65417,65423,65986,6,563,4,72000,1.01065719361
65452,65458,65987,6,529,4,72000,1.01134215501
65533,65540,65988,7,448,4,72000,1.015625
65562,65571,71486,9,5915,2,36000,1.00152155537
65580,65586,65990,6,404,4,72000,1.01485148515
65589,65595,71636,6,6041,2,36000,1.00099321304
65590,65601,71650,11,6049,2,36000,1.00181848239
65616,65622,65993,6,371,4,72000,1.01617250674
65653,65663,71453,10,5790,2,36000,1.00172711572
65684,65690,65995,6,305,4,72000,1.01967213115
65723,65730,65997,7,267,4,72000,1.02621722846
65726,65736,71695,10,5959,2,36000,1.00167813392
65762,65776,71744,14,5968,2,36000,1.0023458445
65797,65803,66000,6,197,4,72000,1.03045685279
65815,65822,66003,7,181,4,72000,1.03867403315
65822,65828,66005,6,177,4,72000,1.03389830508
65823,65834,71773,11,5939,2,36000,1.00185216366
65829,65840,66007,11,167,4,72000,1.06586826347
65847,65858,71785,11,5927,2,36000,1.00185591362
65875,65884,71966,9,6082,2,36000,1.00147977639
65902,65910,71833,8,5923,2,36000,1.00135066689
65917,65923,71811,6,5888,2,36000,1.00101902174
65978,65985,71950,7,5965,2,36000,1.00117351215
66036,66042,71831,6,5789,2,36000,1.00103644844
66081,66089,71930,8,5841,2,36000,1.00136962849
66087,66095,68725,8,2630,4,72000,1.0030418251
66091,66101,84610,10,18509,4,72000,1.0005402777
66095,66106,82569,11,16463,4,72000,1.00066816498
66103,66112,88960,9,22848,4,72000,1.00039390756
66109,66117,96290,8,30173,4,72000,1.00026513771
66112,66122,96293,10,30171,4,72000,1.0003314441
66112,66129,72187,17,6058,2,36000,1.00280620667
66119,66134,96295,15,30161,4,72000,1.00049733099
66122,66139,96298,17,30159,4,72000,1.00056367917
66126,66150,96304,24,30154,4,72000,1.00079591431
66127,66145,72104,18,5959,2,36000,1.00302064105
66133,66155,96307,22,30152,4,72000,1.00072963651
66136,66161,96309,25,30148,4,72000,1.0008292424
66140,66167,96314,27,30147,4,72000,1.0008956115
66173,66181,72085,8,5904,2,36000,1.00135501355
66188,66196,72152,8,5956,2,36000,1.00134318334
66267,66275,72174,8,5899,2,36000,1.00135616206
67398,67407,73263,9,5856,2,36000,1.00153688525
67413,67419,73373,6,5954,2,36000,1.0010077259
67881,67889,73799,8,5910,2,36000,1.0013536379
68586,68594,74553,8,5959,2,36000,1.00134250713
68789,68800,74805,11,6005,2,36000,1.00183180683
68935,68945,74894,10,5949,2,36000,1.00168095478
69072,69080,75160,8,6080,2,36000,1.00131578947
69567,69577,75178,10,5601,2,36000,1.00178539547
69814,69823,75178,9,5355,2,36000,1.00168067227
70091,70100,75178,9,5078,2,36000,1.00177235132
70142,70150,75178,8,5028,2,36000,1.0015910899
70353,70360,75178,7,4818,2,36000,1.00145288501
70354,70365,75178,11,4813,2,36000,1.00228547683
70400,70410,75178,10,4768,2,36000,1.00209731544
70449,70457,75178,8,4721,2,36000,1.00169455624
70841,70849,75178,8,4329,2,36000,1.00184800185
70886,70895,75178,9,4283,2,36000,1.00210133084
71037,71046,75178,9,4132,2,36000,1.00217812197
71074,71084,75178,10,4094,2,36000,1.00244259893
71210,71220,75178,10,3958,2,36000,1.00252652855
71283,71292,75178,9,3886,2,36000,1.00231600618
71455,71464,75178,9,3714,2,36000,1.00242326333
71489,71497,75178,8,3681,2,36000,1.00217332247
71638,71647,75178,9,3531,2,36000,1.00254885302
71653,71661,75178,8,3517,2,36000,1.00227466591
71698,71710,75178,12,3468,2,36000,1.00346020761
71699,71704,114947,5,43243,40,43199,1.00011562565
71747,71755,75178,8,3423,2,36000,1.00233713117
71774,71784,75178,10,3394,2,36000,1.00294637596
71789,71796,75178,7,3382,2,36000,1.00206978119
71813,71822,75178,9,3356,2,36000,1.002681764
71834,71844,75178,10,3334,2,36000,1.00299940012
71836,71849,75178,13,3329,2,36000,1.0039050766
71933,71941,75178,8,3237,2,36000,1.00247142416
71951,71961,75178,10,3217,2,36000,1.00310848617
71969,71977,75178,8,3201,2,36000,1.00249921899
72087,72096,75178,9,3082,2,36000,1.0029201817
72105,72115,75178,10,3063,2,36000,1.0032647731
72154,72163,75178,9,3015,2,36000,1.00298507463
72175,72185,75178,10,2993,2,36000,1.0033411293
72190,72198,75178,8,2980,2,36000,1.00268456376
72990,72996,72997,6,1,2,3540,1.0
73265,73274,75178,9,1904,2,36000,1.00472689076
73374,73384,75178,10,1794,2,36000,1.00557413601
73800,73811,75178,11,1367,2,36000,1.00804681785
74555,74564,75178,9,614,2,36000,1.01465798046
74807,74816,75178,9,362,2,36000,1.02486187845
74895,74905,75178,10,273,2,36000,1.03663003663
75163,75171,75178,8,7,2,36000,1.5
75343,75349,78999,6,3650,2,36000,1.00164383562
75344,75355,79583,11,4228,2,36000,1.00260170293
75345,75360,78952,15,3592,2,36000,1.00417594655
75347,75365,79024,18,3659,2,36000,1.00491937688
75348,75370,79483,22,4113,2,36000,1.00534889375
75350,75376,79230,26,3854,2,36000,1.00674623768
75351,75381,80476,30,5095,2,36000,1.00588812561
75353,75387,78914,34,3527,2,36000,1.00963992061
75354,75392,79010,38,3618,2,36000,1.01050304035
75355,75397,78972,42,3575,2,36000,1.01174825175
75357,75402,79259,45,3857,2,36000,1.01166709878
75358,75407,79486,49,4079,2,36000,1.01201274822
75359,75412,79220,53,3808,2,36000,1.01391806723
75360,75418,80864,58,5446,2,36000,1.01065001836
75362,75423,79782,61,4359,2,36000,1.01399403533
75363,75428,78959,65,3531,2,36000,1.01840838289
75364,75433,80198,69,4765,2,36000,1.01448058762
75366,75438,79491,72,4053,2,36000,1.0177646188
75367,75443,78900,76,3457,2,36000,1.02198437952
75368,75448,79198,80,3750,2,36000,1.02133333333
75370,75454,79235,84,3781,2,36000,1.02221634488
75371,75459,79288,88,3829,2,36000,1.02298250196
75372,75465,79255,93,3790,2,36000,1.02453825858
75374,75470,80445,96,4975,2,36000,1.01929648241
75375,75475,79209,100,3734,2,36000,1.02678093198
75376,75481,80194,105,4713,2,36000,1.02227880331
75377,75486,80030,109,4544,2,36000,1.02398767606
75379,75491,79342,112,3851,2,36000,1.02908335497
75380,75496,79582,116,4086,2,36000,1.0283896231
75381,75501,79089,120,3588,2,36000,1.03344481605
75382,75506,79483,124,3977,2,36000,1.03117928086
75384,75511,79516,127,4005,2,36000,1.03171036205
75385,75517,79495,132,3978,2,36000,1.03318250377
75386,75522,79436,136,3914,2,36000,1.03474706183
75388,75527,79209,139,3682,2,36000,1.03775122216
75389,75532,79896,143,4364,2,36000,1.03276810266
75390,75537,79020,147,3483,2,36000,1.04220499569
75391,75542,79556,151,4014,2,36000,1.03761833582
75393,75547,79441,154,3894,2,36000,1.0395480226
75394,75553,79300,159,3747,2,36000,1.04243394716
78901,78911,82619,10,3708,2,36000,1.00269687163
78915,78926,82598,11,3672,2,36000,1.0029956427
78954,78963,83020,9,4057,2,36000,1.00221838797
78968,78974,82877,6,3903,2,36000,1.00153727902
78983,78989,82860,6,3871,2,36000,1.00154998708
79001,79010,82895,9,3885,2,36000,1.00231660232
79015,79021,82730,6,3709,2,36000,1.00161768671
79030,79036,82747,6,3711,2,36000,1.00161681487
79031,79042,82397,11,3355,2,36000,1.00327868852
79092,79100,82975,8,3875,2,36000,1.00206451613
79200,79210,83181,10,3971,2,36000,1.00251825737
79216,79222,83605,6,4383,2,36000,1.00136892539
79217,79228,82992,11,3764,2,36000,1.00292242295
79232,79238,82880,6,3642,2,36000,1.00164744646
79233,79244,82868,11,3624,2,36000,1.00303532009
79248,79254,83534,6,4280,2,36000,1.00140186916
79263,79269,83279,6,4010,2,36000,1.00149625935
79264,79275,83553,11,4278,2,36000,1.002571295
79288,79299,83128,11,3829,2,36000,1.00287281274
79302,79311,83295,9,3984,2,36000,1.00225903614
79345,79353,83230,8,3877,2,36000,1.00206345112
79438,79447,83045,9,3598,2,36000,1.00250138966
79452,79459,83412,7,3953,2,36000,1.00177080698
79486,79494,83447,8,3953,2,36000,1.00202377941
79487,79500,83262,13,3762,2,36000,1.00345560872
79502,79509,84199,7,4690,2,36000,1.00149253731
79504,79515,83353,11,3838,2,36000,1.00286607608
79505,79520,83206,15,3686,2,36000,1.00406945198
79520,79527,83155,7,3628,2,36000,1.00192943771
79559,79568,84072,9,4504,2,36000,1.0019982238
79583,79593,83551,10,3958,2,36000,1.00252652855
79598,79604,83397,6,3793,2,36000,1.00158186132
79785,79793,84151,8,4358,2,36000,1.00183570445
79900,79908,83562,8,3654,2,36000,1.0021893815
80033,80041,84201,8,4160,2,36000,1.00192307692
80193,80205,84320,12,4115,2,36000,1.00291616039
80207,80214,84003,7,3789,2,36000,1.00184745315
80446,80457,84096,11,3639,2,36000,1.00302280846
80479,80488,84337,9,3849,2,36000,1.00233826968
80866,80876,84810,10,3934,2,36000,1.00254194204
82399,82408,86533,9,4125,2,36000,1.00218181818
82599,82609,86764,10,4155,2,36000,1.00240673887
82620,82630,86378,10,3748,2,36000,1.00266808965
82734,82742,86973,8,4231,2,36000,1.00189080596
82749,82758,87254,9,4496,2,36000,1.00200177936
82861,82871,86427,10,3556,2,36000,1.00281214848
82875,82882,88138,7,5256,2,36000,1.00133181126
82890,82897,88218,7,5321,2,36000,1.00131554219
82892,82903,87023,11,4120,2,36000,1.00266990291
82906,82912,86512,6,3600,2,36000,1.00166666667
82976,82987,86439,11,3452,2,36000,1.00318655852
82994,83003,87050,9,4047,2,36000,1.00222386953
83021,83031,87300,10,4269,2,36000,1.00234246896
83045,83056,87308,11,4252,2,36000,1.00258701787
83130,83139,87714,9,4575,2,36000,1.00196721311
83157,83167,87314,10,4147,2,36000,1.00241138172
83184,83192,86707,8,3515,2,36000,1.00227596017
83208,83218,87630,10,4412,2,36000,1.00226654578
83232,83241,87390,9,4149,2,36000,1.0021691974
83265,83275,88211,10,4936,2,36000,1.00202593193
83279,83290,87243,11,3953,2,36000,1.00278269669
83297,83306,87381,9,4075,2,36000,1.00220858896
83355,83364,89488,9,6124,2,36000,1.00146962769
83400,83408,87660,8,4252,2,36000,1.00188146754
83415,83423,87473,8,4050,2,36000,1.00197530864
83448,83458,90137,10,6679,2,36000,1.00149723012
83535,83546,88045,11,4499,2,36000,1.00244498778
83553,83563,87423,10,3860,2,36000,1.00259067358
83568,83574,87790,6,4216,2,36000,1.00142314991
83570,83580,87165,10,3585,2,36000,1.00278940028
83606,83616,87674,10,4058,2,36000,1.00246426811
84006,84014,87881,8,3867,2,36000,1.00206878717
84073,84083,88287,10,4204,2,36000,1.00237868696
84097,84107,87518,10,3411,2,36000,1.00293169159
84152,84162,88106,10,3944,2,36000,1.00253549696
84201,84211,87890,10,3679,2,36000,1.00271812993
84215,84222,88630,7,4408,2,36000,1.00158802178
84322,84331,89786,9,5455,2,36000,1.00164986251
84340,84349,88569,9,4220,2,36000,1.00213270142
84387,84393,84394,6,1,2,3540,1.0
84813,84821,88987,8,4166,2,36000,1.00192030725
86379,86389,90055,10,3666,2,36000,1.00272776869
86428,86438,91319,10,4881,2,36000,1.0020487605
86444,86450,90832,6,4382,2,36000,1.00136923779
86514,86523,90711,9,4188,2,36000,1.00214899713
86535,86544,91856,9,5312,2,36000,1.00169427711
86711,86719,90998,8,4279,2,36000,1.0018695957
86766,86776,91091,10,4315,2,36000,1.0023174971
86973,86984,90967,11,3983,2,36000,1.00276173738
87024,87034,91014,10,3980,2,36000,1.00251256281
87054,87062,91498,8,4436,2,36000,1.00180342651
87168,87176,91509,8,4333,2,36000,1.00184629587
87244,87254,91055,10,3801,2,36000,1.00263088661
87259,87265,92861,6,5596,2,36000,1.00107219442
87302,87312,91430,10,4118,2,36000,1.00242836328
87317,87323,91038,6,3715,2,36000,1.00161507402
87318,87329,91470,11,4141,2,36000,1.0026563632
87381,87392,91418,11,4026,2,36000,1.00273224044
87396,87402,93109,6,5707,2,36000,1.00105134046
87426,87434,92624,8,5190,2,36000,1.00154142582
87474,87484,92005,10,4521,2,36000,1.00221190002
87519,87529,91664,10,4135,2,36000,1.00241837969
87632,87641,91590,9,3949,2,36000,1.00227905799
87662,87671,91511,9,3840,2,36000,1.00234375
87677,87685,91867,8,4182,2,36000,1.00191296031
87716,87725,92119,9,4394,2,36000,1.00204824761
87791,87801,92353,10,4552,2,36000,1.00219683656
87882,87892,91686,10,3794,2,36000,1.00263574064
87898,87904,91482,6,3578,2,36000,1.00167691448
88048,88057,92789,9,4732,2,36000,1.00190194421
88109,88118,92792,9,4674,2,36000,1.00192554557
88139,88149,91703,10,3554,2,36000,1.00281373101
88214,88223,93321,9,5098,2,36000,1.0017653982
88229,88235,92055,6,3820,2,36000,1.00157068063
88289,88298,92652,9,4354,2,36000,1.00206706477
88570,88581,93484,11,4903,2,36000,1.00224352437
88630,88641,94480,11,5839,2,36000,1.00188388423
88990,88998,94326,8,5328,2,36000,1.0015015015
89489,89499,94185,10,4686,2,36000,1.00213401622
89788,89797,94177,9,4380,2,36000,1.00205479452
90057,90066,94229,9,4163,2,36000,1.00216190247
90138,90149,95806,11,5657,2,36000,1.00194449355
90712,90722,94375,10,3653,2,36000,1.00273747605
90835,90844,94595,9,3751,2,36000,1.00239936017
90968,90979,95406,11,4427,2,36000,1.00248475265
91001,91009,97629,8,6620,2,36000,1.00120845921
91016,91026,95005,10,3979,2,36000,1.00251319427
91040,91049,96155,9,5106,2,36000,1.0017626322
91055,91066,94618,11,3552,2,36000,1.00309684685
91094,91102,95270,8,4168,2,36000,1.0019193858
91321,91330,95879,9,4549,2,36000,1.0019784568
91420,91429,96477,9,5048,2,36000,1.00178288431
91435,91441,96082,6,4641,2,36000,1.00129282482
91471,91482,95370,11,3888,2,36000,1.00282921811
91486,91493,95444,7,3951,2,36000,1.00177170337
91501,91509,95226,8,3717,2,36000,1.00215227334
91516,91522,96968,6,5446,2,36000,1.00110172604
91518,91528,97237,10,5709,2,36000,1.00175162025
91593,91602,95362,9,3760,2,36000,1.00239361702
91664,91675,95729,11,4054,2,36000,1.00271336951
91688,91697,95576,9,3879,2,36000,1.00232018561
91703,91714,95693,11,3979,2,36000,1.0027645137
91858,91867,95817,9,3950,2,36000,1.00227848101
91872,91878,95530,6,3652,2,36000,1.00164293538
92007,92016,96896,9,4880,2,36000,1.0018442623
92056,92066,98380,10,6314,2,36000,1.00158378207
92121,92130,96341,9,4211,2,36000,1.00213725956
92357,92365,97194,8,4829,2,36000,1.00165665769
92626,92636,96770,10,4134,2,36000,1.00241896468
92653,92664,97395,11,4731,2,36000,1.00232508983
92793,92800,96729,7,3929,2,36000,1.00178162382
92794,92806,98342,12,5536,2,36000,1.00216763006
92863,92873,97078,10,4205,2,36000,1.00237812128
93111,93121,97888,10,4767,2,36000,1.0020977554
93323,93332,96761,9,3429,2,36000,1.00262467192
93486,93495,96961,9,3466,2,36000,1.0025966532
94178,94188,98529,10,4341,2,36000,1.00230361668
94193,94199,100560,6,6361,2,36000,1.00094324792
94229,94240,98166,11,3926,2,36000,1.00280183393
94329,94337,98760,8,4423,2,36000,1.00180872711
94377,94386,99067,9,4681,2,36000,1.0019226661
94483,94491,98488,8,3997,2,36000,1.00200150113
94596,94606,98014,10,3408,2,36000,1.0029342723
94620,94629,98622,9,3993,2,36000,1.0022539444
95007,95016,99038,9,4022,2,36000,1.00223769269
95227,95237,99103,10,3866,2,36000,1.00258665287
95272,95281,99074,9,3793,2,36000,1.00237279199
95363,95373,99501,10,4128,2,36000,1.00242248062
95378,95384,98912,6,3528,2,36000,1.00170068027
95408,95417,100481,9,5064,2,36000,1.00177725118
95447,95455,101903,8,6448,2,36000,1.00124069479
95531,95541,99397,10,3856,2,36000,1.002593361
95577,95587,99471,10,3884,2,36000,1.00257466529
95694,95704,100475,10,4771,2,36000,1.00209599665
95730,95740,99634,10,3894,2,36000,1.00256805342
95809,95817,99613,8,3796,2,36000,1.00210748156
95824,95830,99717,6,3887,2,36000,1.00154360689
95881,95890,99437,9,3547,2,36000,1.00253735551
96083,96093,99734,10,3641,2,36000,1.00274649821
96156,96166,99750,10,3584,2,36000,1.00279017857
96343,96352,100711,9,4359,2,36000,1.00206469374
96479,96489,100666,10,4177,2,36000,1.00239406272
96667,152678,208029,56011,55351,4,72000,2.01192390381
96731,96740,101752,9,5012,2,36000,1.00179569034
96764,96773,100832,9,4059,2,36000,1.0022172949
96779,96785,101319,6,4534,2,36000,1.0013233348
96899,96907,100972,8,4065,2,36000,1.00196801968
96963,96973,100921,10,3948,2,36000,1.00253292806
96977,96984,100539,7,3555,2,36000,1.00196905767
97080,97089,103413,9,6324,2,36000,1.00142314991
97194,97205,101985,11,4780,2,36000,1.00230125523
97240,97248,101118,8,3870,2,36000,1.00206718346
97397,97406,103440,9,6034,2,36000,1.0014915479
97634,97639,102471,5,4832,2,36000,1.00103476821
97890,97899,101940,9,4041,2,36000,1.00222717149
98014,98025,102927,11,4902,2,36000,1.00224398205
98170,98177,102864,7,4687,2,36000,1.00149349264
98346,98353,102746,7,4393,2,36000,1.00159344412
98382,98392,102377,10,3985,2,36000,1.00250941029
98490,98500,102818,10,4318,2,36000,1.00231588698
98532,98541,102733,9,4192,2,36000,1.00214694656
98623,98633,102794,10,4161,2,36000,1.00240326845
98762,98771,103008,9,4237,2,36000,1.00212414444
98914,98923,104105,9,5182,2,36000,1.00173678117
99041,99050,103485,9,4435,2,36000,1.00202931229
99066,99077,103238,11,4161,2,36000,1.00264359529
99080,99086,103000,6,3914,2,36000,1.00153295861
99104,99114,103318,10,4204,2,36000,1.00237868696
99399,99409,104426,10,5017,2,36000,1.00199322304
99439,99449,103664,10,4215,2,36000,1.00237247924
99472,99482,103117,10,3635,2,36000,1.00275103164
99502,99512,103730,10,4218,2,36000,1.00237079184
99614,99624,103414,10,3790,2,36000,1.00263852243
99638,99646,103497,8,3851,2,36000,1.0020773825
99719,99728,103910,9,4182,2,36000,1.00215208034
99737,99745,104452,8,4707,2,36000,1.00169959635
99752,99761,103841,9,4080,2,36000,1.00220588235
100480,100486,104666,6,4180,2,36000,1.0014354067
100495,100501,104745,6,4244,2,36000,1.0014137606
100540,100551,107415,11,6864,2,36000,1.0016025641
100561,100571,104258,10,3687,2,36000,1.00271223217
100666,100677,104811,11,4134,2,36000,1.00266086115
100711,100722,105389,11,4667,2,36000,1.0023569745
100836,100844,105710,8,4866,2,36000,1.00164406083
100923,100932,105043,9,4111,2,36000,1.00218924836
100978,100984,107087,6,6103,2,36000,1.00098312305
101121,101129,105516,8,4387,2,36000,1.00182356964
101323,101331,106488,8,5157,2,36000,1.00155128951
101753,101763,106952,10,5189,2,36000,1.00192715359
101905,101914,106211,9,4297,2,36000,1.00209448452
101942,101951,106256,9,4305,2,36000,1.00209059233
101987,101996,107071,9,5075,2,36000,1.00177339901
102380,102388,106474,8,4086,2,36000,1.00195790504
102474,102482,106644,8,4162,2,36000,1.00192215281
102735,102744,106891,9,4147,2,36000,1.00217024355
102750,102758,107739,8,4981,2,36000,1.00160610319
102795,102805,106757,10,3952,2,36000,1.00253036437
102819,102829,107493,10,4664,2,36000,1.00214408233
102864,102875,107011,11,4136,2,36000,1.00265957447
102930,102939,106548,9,3609,2,36000,1.00249376559
102951,102957,103063,6,106,1,1800,1.05660377358
103003,103012,107236,9,4224,2,36000,1.00213068182
103017,103024,108347,7,5323,2,36000,1.00131504791
103120,103128,108520,8,5392,2,36000,1.00148367953
103241,103249,107861,8,4612,2,36000,1.00173460538
103319,103329,107822,10,4493,2,36000,1.0022256844
103361,103368,103472,7,104,1,1800,1.06730769231
103417,103424,107327,7,3903,2,36000,1.00179349219
103418,103430,108782,12,5352,2,36000,1.00224215247
103442,103451,107662,9,4211,2,36000,1.00213725956
103487,103496,107685,9,4189,2,36000,1.00214848413
103502,103507,108437,5,4930,2,36000,1.00101419878
103665,103676,108650,11,4974,2,36000,1.0022114998
103731,103742,107946,11,4204,2,36000,1.00261655566
103843,103852,108496,9,4644,2,36000,1.0019379845
103912,103921,107920,9,3999,2,36000,1.00225056264
104081,104087,104583,6,496,1,1800,1.01209677419
104106,104116,109318,10,5202,2,36000,1.00192233756
104260,104269,109674,9,5405,2,36000,1.00166512488
104427,104437,108868,10,4431,2,36000,1.0022568269
104454,104463,108098,9,3635,2,36000,1.00247592847
104668,104677,109813,9,5136,2,36000,1.00175233645
104747,104756,109940,9,5184,2,36000,1.00173611111
104813,104823,108885,10,4062,2,36000,1.00246184146
105043,105054,109041,11,3987,2,36000,1.00275896664
105391,105401,110994,10,5593,2,36000,1.00178794922
105519,105527,109674,8,4147,2,36000,1.00192910538
105713,105722,110110,9,4388,2,36000,1.00205104831
106202,106208,106249,6,41,1,1800,1.14634146341
106215,106223,111831,8,5608,2,36000,1.00142653352
106258,106267,111254,9,4987,2,36000,1.0018046922
106329,106335,106376,6,41,1,1800,1.14634146341
106477,106485,111018,8,4533,2,36000,1.00176483565
106491,106499,111827,8,5328,2,36000,1.0015015015
106549,106559,110754,10,4195,2,36000,1.00238379023
106569,106575,106651,6,76,1,1800,1.07894736842
106646,106655,111839,9,5184,2,36000,1.00173611111
106659,106665,106745,6,80,1,1800,1.075
106759,106768,112081,9,5313,2,36000,1.00169395822
106893,106902,112162,9,5260,2,36000,1.00171102662
106953,106964,110831,11,3867,2,36000,1.00284458236
107014,107022,112612,8,5590,2,36000,1.00143112701
107072,107082,111134,10,4052,2,36000,1.00246791708
107090,107098,111872,8,4774,2,36000,1.00167574361
107238,107247,111088,9,3841,2,36000,1.00234313981
107271,107277,107504,6,227,1,1800,1.02643171806
107329,107339,111900,10,4561,2,36000,1.00219250164
107416,107426,111726,10,4300,2,36000,1.0023255814
107495,107504,111394,9,3890,2,36000,1.00231362468
107531,107537,107805,6,268,1,1800,1.0223880597
107666,107673,113694,7,6021,2,36000,1.00116259758
107687,107696,112029,9,4333,2,36000,1.00207708285
107742,107751,112364,9,4613,2,36000,1.00195100802
107825,107833,112214,8,4381,2,36000,1.00182606711
107865,107872,113356,7,5484,2,36000,1.00127644055
107922,107932,113430,10,5498,2,36000,1.00181884322
107950,107958,112279,8,4321,2,36000,1.00185142328
108102,108109,112263,7,4154,2,36000,1.00168512277
108351,108358,112316,7,3958,2,36000,1.00176856998
108440,108448,113449,8,5001,2,36000,1.00159968006
108497,108507,112517,10,4010,2,36000,1.00249376559
108521,108531,112365,10,3834,2,36000,1.00260824204
108653,108661,113620,8,4959,2,36000,1.00161322847
108784,108793,112464,9,3671,2,36000,1.00245164805
108813,108819,108847,6,28,1,1800,1.21428571429
108870,108880,115340,10,6460,2,36000,1.00154798762
108888,108897,113166,9,4269,2,36000,1.00210822207
109043,109052,114421,9,5369,2,36000,1.00167628981
109141,109147,109206,6,59,1,1800,1.10169491525
109319,109330,114268,11,4938,2,36000,1.00222762252
109676,109686,113269,10,3583,2,36000,1.0027909573
109677,109691,113603,14,3912,2,36000,1.00357873211
109816,109824,113350,8,3526,2,36000,1.0022688599
109878,109885,110001,7,116,1,1800,1.06034482759
109943,109951,114192,8,4241,2,36000,1.00188634756
110113,110122,114349,9,4227,2,36000,1.00212916962
110755,110765,116299,10,5534,2,36000,1.0018070112
110833,110842,115112,9,4270,2,36000,1.00210772834
110996,111005,116365,9,5360,2,36000,1.00167910448
111020,111029,116180,9,5151,2,36000,1.00174723355
111089,111099,114978,10,3879,2,36000,1.00257798402
111134,111145,115822,11,4677,2,36000,1.002351935
111255,111265,115816,10,4551,2,36000,1.00219731927
111397,111405,115811,8,4406,2,36000,1.00181570586
111729,111737,116535,8,4798,2,36000,1.0016673614
111830,111838,117262,8,5424,2,36000,1.00147492625
111845,111852,116988,7,5136,2,36000,1.00136292835
111847,111857,115794,10,3937,2,36000,1.00254000508
111874,111884,115818,10,3934,2,36000,1.00254194204
111901,111911,116395,10,4484,2,36000,1.00223015165
112030,112040,115772,10,3732,2,36000,1.0026795284
112082,112092,116654,10,4562,2,36000,1.00219202104
112163,112174,116314,11,4140,2,36000,1.00265700483
112217,112225,116017,8,3792,2,36000,1.00210970464
112266,112274,115921,8,3647,2,36000,1.00219358377
112281,112290,116627,9,4337,2,36000,1.00207516717
112317,112327,117621,10,5294,2,36000,1.00188893087
112365,112375,116912,10,4537,2,36000,1.00220409963
112366,112381,116860,15,4479,2,36000,1.00334896182
112466,112475,117152,9,4677,2,36000,1.00192431046
112520,112528,117252,8,4724,2,36000,1.0016934801
112614,112624,116766,10,4142,2,36000,1.00241429261
113167,113177,118150,10,4973,2,36000,1.00201085864
113273,113280,117627,7,4347,2,36000,1.00161030596
113351,113361,117858,10,4497,2,36000,1.00222370469
113365,113372,118265,7,4893,2,36000,1.00143061516
113432,113442,119117,10,5675,2,36000,1.00176211454
113450,113461,116953,11,3492,2,36000,1.00315005727
113606,113615,119139,9,5524,2,36000,1.00162925416
113621,113632,117308,11,3676,2,36000,1.00299238303
113696,113706,117846,10,4140,2,36000,1.00241545894
114192,114203,119102,11,4899,2,36000,1.0022453562
114271,114280,118296,9,4016,2,36000,1.00224103586
114349,114360,118598,11,4238,2,36000,1.00259556395
114422,114432,119114,10,4682,2,36000,1.00213583938
114864,114870,115338,6,468,60,900,1.01282051282
114981,114990,119439,9,4449,2,36000,1.0020229265
115114,115124,119491,10,4367,2,36000,1.00228990153
115340,115351,120013,11,4662,2,36000,1.00235950236
115775,115784,120228,9,4444,2,36000,1.00202520252
115796,115805,120197,9,4392,2,36000,1.00204918033
115814,115822,120065,8,4243,2,36000,1.0018854584
115829,115835,119579,6,3744,2,36000,1.0016025641
115830,115841,120137,11,4296,2,36000,1.00256052142
115832,115846,121089,14,5243,2,36000,1.00267022697
115922,115932,120039,10,4107,2,36000,1.0024348673
116019,116028,120977,9,4949,2,36000,1.0018185492
116176,116191,120686,15,4495,2,36000,1.00333704116
116300,116310,120178,10,3868,2,36000,1.00258531541
116315,116325,120208,10,3883,2,36000,1.00257532835
116360,116376,120414,16,4038,2,36000,1.0039623576
116397,116406,120505,9,4099,2,36000,1.00219565748
116539,116546,121345,7,4799,2,36000,1.00145863722
116629,116638,122184,9,5546,2,36000,1.0016227912
116656,116665,120729,9,4064,2,36000,1.00221456693
116712,116718,117129,6,411,60,900,1.01459854015
116768,116778,120758,10,3980,2,36000,1.00251256281
116862,116871,122053,9,5182,2,36000,1.00173678117
116914,116923,121189,9,4266,2,36000,1.00210970464
116956,116965,121879,9,4914,2,36000,1.00183150183
116988,116999,120856,11,3857,2,36000,1.00285195748
117152,117163,121667,11,4504,2,36000,1.00244227353
117256,117263,120856,7,3593,2,36000,1.00194823267
117271,117277,121456,6,4179,2,36000,1.00143575018
117310,117319,122066,9,4747,2,36000,1.00189593427
117622,117633,121958,11,4325,2,36000,1.0025433526
117637,117643,123171,6,5528,2,36000,1.0010853835
117849,117858,122474,9,4616,2,36000,1.00194974003
117863,117870,122136,7,4266,2,36000,1.00164088139
118153,118161,123837,8,5676,2,36000,1.00140944327
118267,118276,122902,9,4626,2,36000,1.00194552529
118297,118308,123761,11,5453,2,36000,1.00201723822
118412,118418,118430,6,12,60,900,1.5
118601,118609,123625,8,5016,2,36000,1.00159489633
119104,119113,123715,9,4602,2,36000,1.00195567145
119119,119124,123733,5,4609,2,36000,1.00108483402
119120,119131,123425,11,4294,2,36000,1.00256171402
119141,119150,123850,9,4700,2,36000,1.00191489362
119356,119363,122671,7,3308,1,86400,1.00211608222
119386,119392,137397,6,18005,16,18000,1.00033324077
119440,119451,125098,11,5647,2,36000,1.00194793696
119448,174819,213642,55371,38823,40,43199,2.42624217603
119474,122682,135854,3208,13172,2,180000,1.2435469177
119492,119502,124203,10,4701,2,36000,1.00212720698
119582,119590,123393,8,3803,2,36000,1.00210360242
119823,119830,119841,7,11,3,1800,1.63636363636
120014,120024,125504,10,5480,2,36000,1.00182481752
120041,120051,125743,10,5692,2,36000,1.00175685172
120068,120076,124630,8,4554,2,36000,1.00175669741
120137,120148,124061,11,3913,2,36000,1.00281114235
120179,120189,124237,10,4048,2,36000,1.00247035573
120201,120208,124329,7,4121,2,36000,1.00169861684
120215,120222,124150,7,3928,2,36000,1.00178207739
120230,120239,124553,9,4314,2,36000,1.00208623088
120417,120425,124249,8,3824,2,36000,1.00209205021
120508,120516,124755,8,4239,2,36000,1.00188723756
120689,120697,124626,8,3929,2,36000,1.00203614151
120717,120723,121171,6,448,60,900,1.01339285714
120731,120740,125145,9,4405,2,36000,1.0020431328
120759,120769,125147,10,4378,2,36000,1.00228414801
120859,120927,125452,68,4525,2,36000,1.01502762431
120860,120932,125197,72,4265,2,36000,1.01688159437
120978,120989,124689,11,3700,2,36000,1.00297297297
121091,121100,125594,9,4494,2,36000,1.00200267023
121191,121200,126686,9,5486,2,36000,1.00164053956
121348,121356,126486,8,5130,2,36000,1.00155945419
121457,121468,126279,11,4811,2,36000,1.00228642694
121669,121678,127228,9,5550,2,36000,1.00162162162
121880,121890,125686,10,3796,2,36000,1.00263435195
121958,121969,126889,11,4920,2,36000,1.00223577236
122055,122065,126574,10,4509,2,36000,1.00221778665
122070,122077,127449,7,5372,2,36000,1.00130305287
122136,122147,127330,11,5183,2,36000,1.00212232298
122188,122196,127203,8,5007,2,36000,1.00159776313
122476,122485,127089,9,4604,2,36000,1.00195482189
122582,122588,122596,6,8,3,1800,1.4
122823,122829,122832,6,3,1,3600,1.0
122905,122913,126840,8,3927,2,36000,1.00203717851
123174,123183,127600,9,4417,2,36000,1.00203758207
123395,123404,127585,9,4181,2,36000,1.00215259507
123428,123437,127550,9,4113,2,36000,1.00218818381
123479,123485,123983,6,498,64,2340,1.01204819277
123627,123636,127876,9,4240,2,36000,1.00212264151
123718,123726,127904,8,4178,2,36000,1.00191479177
123736,123745,128279,9,4534,2,36000,1.00198500221
123763,123773,129788,10,6015,2,36000,1.00166251039
123838,123848,128680,10,4832,2,36000,1.00206953642
123853,123862,128469,9,4607,2,36000,1.00195354895
124062,124072,129689,10,5617,2,36000,1.00178030977
124153,124162,128801,9,4639,2,36000,1.00194007329
124204,124214,128590,10,4376,2,36000,1.00228519196
124237,124248,128468,11,4220,2,36000,1.00260663507
124252,124260,128940,8,4680,2,36000,1.00170940171
124288,124294,124297,6,3,1,1800,1.0
124331,124340,129770,9,5430,2,36000,1.00165745856
124357,124363,125456,6,1093,64,2340,1.0054894785
124555,124565,128799,10,4234,2,36000,1.00236183278
124627,124637,128972,10,4335,2,36000,1.00230680507
124642,124648,128431,6,3783,2,36000,1.00158604282
124690,124700,129664,10,4964,2,36000,1.00201450443
124756,124766,129023,10,4257,2,36000,1.00234907212
125101,125109,129289,8,4180,2,36000,1.0019138756
125147,125156,130929,9,5773,2,36000,1.00155898147
125161,125168,131508,7,6340,2,36000,1.00110410095
125198,125208,130161,10,4953,2,36000,1.0020189784
125452,125463,130318,11,4855,2,36000,1.00226570546
125501,174840,370240,49339,195400,6,360000,1.25250255885
125507,125516,131097,9,5581,2,36000,1.00161261423
125595,125605,130811,10,5206,2,36000,1.00192086055
125689,125697,130351,8,4654,2,36000,1.00171895144
125743,125754,129732,11,3978,2,36000,1.00276520865
126280,126290,131873,10,5583,2,36000,1.00179115171
126489,126497,130559,8,4062,2,36000,1.00196947317
126576,126585,131668,9,5083,2,36000,1.00177060791
126688,126697,131895,9,5198,2,36000,1.00173143517
126843,126852,131600,9,4748,2,36000,1.00189553496
126891,126900,131806,9,4906,2,36000,1.00183448838
127090,127100,131330,10,4230,2,36000,1.00236406619
127205,127214,132243,9,5029,2,36000,1.0017896202
127229,127239,132085,10,4846,2,36000,1.00206355757
127332,127341,131908,9,4567,2,36000,1.00197065908
127451,127460,132477,9,5017,2,36000,1.00179390074
127550,127561,132276,11,4715,2,36000,1.00233297985
127586,127596,132002,10,4406,2,36000,1.00226963232
127601,127611,132028,10,4417,2,36000,1.00226398008
127877,127887,132939,10,5052,2,36000,1.00197941409
127908,127915,131885,7,3970,2,36000,1.00176322418
128280,128290,132051,10,3761,2,36000,1.00265886732
128434,128443,134516,9,6073,2,36000,1.00148196937
128471,128478,133991,7,5513,2,36000,1.0012697261
128472,128484,134468,12,5984,2,36000,1.00200534759
128591,128601,133310,10,4709,2,36000,1.00212359312
128682,128692,133459,10,4767,2,36000,1.0020977554
128801,128810,133432,9,4622,2,36000,1.001947209
128802,128816,133820,14,5004,2,36000,1.00279776179
128940,128951,134147,11,5196,2,36000,1.00211701309
128974,128984,134054,10,5070,2,36000,1.00197238659
129026,129034,133861,8,4827,2,36000,1.00165734411
129291,129301,133956,10,4655,2,36000,1.00214822771
129666,129675,134504,9,4829,2,36000,1.0018637399
129690,129701,133832,11,4131,2,36000,1.00266279351
129735,129743,134437,8,4694,2,36000,1.00170430337
129771,129781,135316,10,5535,2,36000,1.00180668473
129790,129800,134527,10,4727,2,36000,1.00211550666
130163,130172,135148,9,4976,2,36000,1.00180868167
130320,130330,135762,10,5432,2,36000,1.00184094256
130353,130362,135780,9,5418,2,36000,1.00166112957
130562,130570,135514,8,4944,2,36000,1.00161812298
130812,130823,135450,11,4627,2,36000,1.00237735033
130931,130941,136387,10,5446,2,36000,1.00183621006
131097,131108,136896,11,5788,2,36000,1.00190048376
131333,131342,136187,9,4845,2,36000,1.00185758514
131509,131520,136734,11,5214,2,36000,1.00210970464
131598,131611,136110,13,4499,2,36000,1.00288953101
131670,131680,136717,10,5037,2,36000,1.00198530872
131807,131817,136700,10,4883,2,36000,1.00204792136
131877,131884,136244,7,4360,2,36000,1.00160550459
131892,131898,136457,6,4559,2,36000,1.00131607809
131906,131913,136562,7,4649,2,36000,1.00150570015
131921,131927,136147,6,4220,2,36000,1.00142180095
132007,132013,136688,6,4675,2,36000,1.00128342246
132031,132039,136843,8,4804,2,36000,1.00166527893
132052,132062,136776,10,4714,2,36000,1.00212134069
132088,132096,136223,8,4127,2,36000,1.00193845408
132245,132254,137225,9,4971,2,36000,1.00181050091
132278,132288,137172,10,4884,2,36000,1.00204750205
132478,132488,136898,10,4410,2,36000,1.0022675737
132940,132950,138195,10,5245,2,36000,1.00190657769
133312,133321,137240,9,3919,2,36000,1.00229650421
133433,133443,138677,10,5234,2,36000,1.00191058464
133460,133470,138820,10,5350,2,36000,1.00186915888
133820,133831,138855,11,5024,2,36000,1.00218949045
133835,133843,139060,8,5217,2,36000,1.00153344834
133862,133872,138636,10,4764,2,36000,1.00209907641
133959,133967,138481,8,4514,2,36000,1.00177226407
133992,134003,139324,11,5321,2,36000,1.00206728059
134055,134065,139215,10,5150,2,36000,1.00194174757
134149,134158,139149,9,4991,2,36000,1.00180324584
134439,134448,139720,9,5272,2,36000,1.00170713202
134470,134480,140805,10,6325,2,36000,1.00158102767
134506,134515,139439,9,4924,2,36000,1.00182778229
134521,134527,139904,6,5377,2,36000,1.00111586386
134535,134542,139171,7,4629,2,36000,1.00151220566
135151,135159,140123,8,4964,2,36000,1.00161160355
135317,135327,140201,10,4874,2,36000,1.00205170291
135453,135461,139874,8,4413,2,36000,1.00181282574
135517,135525,140257,8,4732,2,36000,1.00169061708
135764,135773,140950,9,5177,2,36000,1.00173845857
135782,135791,141073,9,5282,2,36000,1.00170390004
136111,136121,141058,10,4937,2,36000,1.00202552157
136148,136158,141599,10,5441,2,36000,1.00183789745
136190,136198,141590,8,5392,2,36000,1.00148367953
136226,136234,140267,8,4033,2,36000,1.00198363501
136247,136255,140771,8,4516,2,36000,1.00177147919
136389,136398,141447,9,5049,2,36000,1.00178253119
136458,136468,142600,10,6132,2,36000,1.0016307893
136563,136573,141397,10,4824,2,36000,1.00207296849
136690,136699,141759,9,5060,2,36000,1.00177865613
136705,136711,141916,6,5205,2,36000,1.00115273775
136720,136727,141868,7,5141,2,36000,1.0013616028
136735,136745,143392,10,6647,2,36000,1.00150443809
136777,136787,141052,10,4265,2,36000,1.00234466589
136844,136854,141703,10,4849,2,36000,1.00206228088
136898,136907,142293,9,5386,2,36000,1.00167099889
136900,136913,141962,13,5049,2,36000,1.00257476728
137175,137183,142645,8,5462,2,36000,1.00146466496
137226,137236,142704,10,5468,2,36000,1.00182882224
137241,137252,142312,11,5060,2,36000,1.00217391304
138198,138206,143961,8,5755,2,36000,1.00139009557
138214,138221,138230,7,9,3,1800,1.6
138479,138484,138492,5,8,3,1800,1.3
138485,138493,143330,8,4837,2,36000,1.00165391772
138587,138594,138601,7,7,3,1800,1.4
138638,138648,142696,10,4048,2,36000,1.00247035573
138678,138688,143941,10,5253,2,36000,1.00190367409
138823,138831,144213,8,5382,2,36000,1.00148643627
138856,138866,144267,10,5401,2,36000,1.00185150898
138956,138962,138969,6,7,3,1800,1.3
139061,139071,143490,10,4419,2,36000,1.00226295542
139152,139160,143952,8,4792,2,36000,1.00166944908
139173,139182,143695,9,4513,2,36000,1.00199423887
139218,139226,144912,8,5686,2,36000,1.00140696447
139256,139262,139269,6,7,3,1800,1.3
139327,139335,143734,8,4399,2,36000,1.00181859514
139442,139450,144867,8,5417,2,36000,1.00147683219
139722,139731,144067,9,4336,2,36000,1.00207564576
139828,139834,140544,6,710,3,1800,1.00845070423
139876,139885,145388,9,5503,2,36000,1.00163547156
139906,139915,145098,9,5183,2,36000,1.00173644607
140124,140134,145222,10,5088,2,36000,1.00196540881
140202,140212,144993,10,4781,2,36000,1.00209161263
140260,140268,145181,8,4913,2,36000,1.00162833299
140274,140280,144866,6,4586,2,36000,1.0013083297
140710,140717,141415,7,698,3,1800,1.0100286533
140772,140782,144459,10,3677,2,36000,1.00271960838
140809,140817,145204,8,4387,2,36000,1.00182356964
140951,140961,145630,10,4669,2,36000,1.00214178625
141053,141064,146017,11,4953,2,36000,1.00222087624
141068,141074,145624,6,4550,2,36000,1.00131868132
141083,141089,146321,6,5232,2,36000,1.00114678899
141397,141408,145695,11,4287,2,36000,1.0025658969
141448,141458,146377,10,4919,2,36000,1.00203293352
141516,141522,141531,6,9,3,1800,1.5
141593,141601,146906,8,5305,2,36000,1.00150801131
141608,141614,146664,6,5050,2,36000,1.00118811881
141704,141714,146481,10,4767,2,36000,1.0020977554
141716,141722,141916,6,194,3,1800,1.03092783505
141761,141770,147485,9,5715,2,36000,1.00157480315
141870,141880,146940,10,5060,2,36000,1.00197628458
141918,141926,146750,8,4824,2,36000,1.00165837479
141963,141973,146992,10,5019,2,36000,1.00199242877
142293,142304,146853,11,4549,2,36000,1.00241811387
142314,142323,147400,9,5077,2,36000,1.00177270041
142563,174855,388897,32292,214042,8,216000,1.15086758674
142601,142611,147740,10,5129,2,36000,1.0019496978
142646,142656,147678,10,5022,2,36000,1.00199123855
142698,142707,146944,9,4237,2,36000,1.00212414444
142712,142718,148201,6,5483,2,36000,1.00109429145
143331,143342,148818,11,5476,2,36000,1.00200876552
143395,143404,148965,9,5561,2,36000,1.00161841395
143492,143501,147755,9,4254,2,36000,1.00211565585
143697,143706,148424,9,4718,2,36000,1.00190758796
143736,143745,148851,9,5106,2,36000,1.0017626322
143944,143952,148706,8,4754,2,36000,1.00168279344
143959,143965,148538,6,4573,2,36000,1.00131204898
143974,143980,149408,6,5428,2,36000,1.00110537951
144064,144078,148718,14,4640,2,36000,1.00301724138
144215,144224,149792,9,5568,2,36000,1.00161637931
144270,144278,149570,8,5292,2,36000,1.0015117158
144460,144470,149233,10,4763,2,36000,1.00209951711
144613,150857,152667,6244,1810,3,1800,4.44972375691
144869,144877,149455,8,4578,2,36000,1.00174748799
144870,144883,149647,13,4764,2,36000,1.00272879933
144915,144924,149020,9,4096,2,36000,1.00219726562
144997,145005,150416,8,5411,2,36000,1.00147846978
145099,145109,149289,10,4180,2,36000,1.0023923445
145184,145192,150232,8,5040,2,36000,1.00158730159
145205,145215,150876,10,5661,2,36000,1.00176647235
145223,145233,150694,10,5461,2,36000,1.00183116645
145391,145400,149957,9,4557,2,36000,1.00197498354
145625,145635,149299,10,3664,2,36000,1.00272925764
145640,145646,150537,6,4891,2,36000,1.001226743
145697,145706,150392,9,4686,2,36000,1.0019206146
146018,146028,151322,10,5294,2,36000,1.00188893087
146324,146333,150601,9,4268,2,36000,1.00210871603
146378,146388,150901,10,4513,2,36000,1.00221582096
146484,146492,151622,8,5130,2,36000,1.00155945419
146665,146675,151673,10,4998,2,36000,1.00200080032
146753,146762,151534,9,4772,2,36000,1.00188600168
146856,146865,151689,9,4824,2,36000,1.00186567164
146907,146918,152224,11,5306,2,36000,1.00207312476
146945,146951,151073,6,4122,2,36000,1.00145560408
146946,146957,152408,11,5451,2,36000,1.00201797835
146995,147004,151786,9,4782,2,36000,1.00188205772
147116,147122,147517,6,395,1,72000,1.01518987342
147121,147133,147232,12,99,1,72000,1.12121212121
147127,147243,147520,116,277,1,72000,1.41877256318
147400,147411,152955,11,5544,2,36000,1.00198412698
147488,147496,152492,8,4996,2,36000,1.00160128102
147679,147690,151911,11,4221,2,36000,1.00260601753
147743,147751,154264,8,6513,2,36000,1.00122831261
147758,147766,152783,8,5017,2,36000,1.00159457843
148203,148212,152283,9,4071,2,36000,1.00221075903
148427,148436,153519,9,5083,2,36000,1.00177060791
148459,148466,148468,7,2,1,600,1.0
148541,148549,153655,8,5106,2,36000,1.00156678418
148708,148717,153664,9,4947,2,36000,1.00181928441
148723,148730,153780,7,5050,2,36000,1.00138613861
148820,148829,153937,9,5108,2,36000,1.00176194205
148853,148862,153405,9,4543,2,36000,1.00198106978
148968,148976,153506,8,4530,2,36000,1.00176600442
149023,149031,153823,8,4792,2,36000,1.00166944908
149235,149245,153993,10,4748,2,36000,1.00210614996
149290,149301,154739,11,5438,2,36000,1.0020228025
149305,149311,154985,6,5674,2,36000,1.00105745506
149411,149419,154265,8,4846,2,36000,1.00165084606
149456,149467,154325,11,4858,2,36000,1.0022643063
149572,149581,155156,9,5575,2,36000,1.00161434978
149648,149658,154578,10,4920,2,36000,1.00203252033
149794,149803,155328,9,5525,2,36000,1.00162895928
149958,149968,155189,10,5221,2,36000,1.00191534189
150235,150244,155629,9,5385,2,36000,1.00167130919
150392,150403,155290,11,4887,2,36000,1.00225086965
150417,150427,154889,10,4462,2,36000,1.00224114747
150538,150548,155591,10,5043,2,36000,1.00198294666
150601,150612,154845,11,4233,2,36000,1.00259862981
150696,150705,155894,9,5189,2,36000,1.00173443823
150878,150888,155719,10,4831,2,36000,1.00206996481
150902,150913,156952,11,6039,2,36000,1.00182149362
151076,151085,156343,9,5258,2,36000,1.00171167744
151323,151333,156369,10,5036,2,36000,1.00198570294
151536,151545,157017,9,5472,2,36000,1.00164473684
151623,151633,155731,10,4098,2,36000,1.00244021474
151674,151684,156273,10,4589,2,36000,1.00217912399
151689,151700,156132,11,4432,2,36000,1.00248194946
151786,151797,156605,11,4808,2,36000,1.00228785358
151913,151922,156712,9,4790,2,36000,1.00187891441
152227,152236,157377,9,5141,2,36000,1.00175063217
152284,152295,157686,11,5391,2,36000,1.00204043777
152411,152419,158176,8,5757,2,36000,1.00138961265
152493,152504,157438,11,4934,2,36000,1.00222942846
152785,152794,157635,9,4841,2,36000,1.00185912002
152958,152966,157666,8,4700,2,36000,1.00170212766
153317,174845,182751,21528,7906,16,21600,3.72299519352
153408,153417,158706,9,5289,2,36000,1.00170164492
153507,153517,157734,10,4217,2,36000,1.00237135404
153522,153530,158792,8,5262,2,36000,1.00152033447
153658,153666,158645,8,4979,2,36000,1.00160674834
153672,153679,158825,7,5146,2,36000,1.00136027983
153781,153791,158411,10,4620,2,36000,1.00216450216
153826,153834,159343,8,5509,2,36000,1.00145216918
153940,153948,159226,8,5278,2,36000,1.00151572565
153989,154004,159164,15,5160,2,36000,1.00290697674
154267,154276,159831,9,5555,2,36000,1.00162016202
154268,154281,159577,13,5296,2,36000,1.00245468278
154331,154336,159422,5,5086,2,36000,1.00098309084
154581,154589,159453,8,4864,2,36000,1.00164473684
154741,154750,159194,9,4444,2,36000,1.00202520252
154847,154857,158986,10,4129,2,36000,1.00242189392
154889,154900,159735,11,4835,2,36000,1.00227507756
154986,154996,159917,10,4921,2,36000,1.0020321073
155157,155167,160301,10,5134,2,36000,1.00194779899
155190,155200,159601,10,4401,2,36000,1.00227221086
155293,155301,160017,8,4716,2,36000,1.00169635284
155329,155339,161344,10,6005,2,36000,1.00166527893
155591,155602,160695,11,5093,2,36000,1.00215982721
155630,155641,161358,11,5717,2,36000,1.00192408606
155721,155730,160134,9,4404,2,36000,1.00204359673
155736,155742,160753,6,5011,2,36000,1.0011973658
155896,155905,160912,9,5007,2,36000,1.00179748352
156134,156144,160904,10,4760,2,36000,1.00210084034
156276,156284,161399,8,5115,2,36000,1.00156402737
156346,156354,160607,8,4253,2,36000,1.00188102516
156373,156381,160236,8,3855,2,36000,1.00207522698
156605,156616,161901,11,5285,2,36000,1.00208136235
156714,156724,160527,10,3803,2,36000,1.00262950302
156955,156964,162410,9,5446,2,36000,1.00165258906
157019,157029,162036,10,5007,2,36000,1.00199720391
157378,157388,161892,10,4504,2,36000,1.00222024867
157441,157449,162622,8,5173,2,36000,1.0015464914
157637,157646,163073,9,5427,2,36000,1.00165837479
157667,157677,162979,10,5302,2,36000,1.00188608072
157688,157697,163304,9,5607,2,36000,1.00160513644
157736,157745,162312,9,4567,2,36000,1.00197065908
158178,158187,162117,9,3930,2,36000,1.00229007634
158413,158422,163940,9,5518,2,36000,1.00163102573
158646,158656,163238,10,4582,2,36000,1.00218245308
158707,158717,163520,10,4803,2,36000,1.00208203206
158794,158804,163851,10,5047,2,36000,1.00198137507
158827,158836,163609,9,4773,2,36000,1.00188560654
158987,158998,163106,11,4108,2,36000,1.00267770204
159166,159176,163802,10,4626,2,36000,1.00216169477
159196,159206,164612,10,5406,2,36000,1.00184979652
159229,159237,164363,8,5126,2,36000,1.00156067109
159347,159355,164169,8,4814,2,36000,1.00166181969
159422,159433,163837,11,4404,2,36000,1.00249772934
159455,159464,164471,9,5007,2,36000,1.00179748352
159579,159588,163626,9,4038,2,36000,1.00222882615
159601,159607,159609,6,2,2,3540,1.0
159603,159613,164746,10,5133,2,36000,1.00194817845
159736,159746,164946,10,5200,2,36000,1.00192307692
159833,159842,164002,9,4160,2,36000,1.00216346154
159920,159929,165212,9,5283,2,36000,1.00170357751
160020,160029,164926,9,4897,2,36000,1.00183785991
160135,160145,164955,10,4810,2,36000,1.00207900208
160238,160247,165014,9,4767,2,36000,1.00188797986
160304,160312,165298,8,4986,2,36000,1.00160449258
160531,160539,165035,8,4496,2,36000,1.00177935943
160609,160618,165746,9,5128,2,36000,1.0017550702
160697,160706,164996,9,4290,2,36000,1.0020979021
160754,160764,166088,10,5324,2,36000,1.001878287
160905,160915,166163,10,5248,2,36000,1.0019054878
160920,160926,166165,6,5239,2,36000,1.00114525673
161347,161355,166510,8,5155,2,36000,1.00155189137
161361,161369,166687,8,5318,2,36000,1.00150432493
161401,161411,166540,10,5129,2,36000,1.0019496978
161894,161903,167016,9,5113,2,36000,1.00176021905
161909,161915,166830,6,4915,2,36000,1.0012207528
162036,162047,166393,11,4346,2,36000,1.00253106305
162118,162128,167197,10,5069,2,36000,1.0019727757
162314,162323,166538,9,4215,2,36000,1.00213523132
162411,162421,167602,10,5181,2,36000,1.00193012932
162625,162633,167876,8,5243,2,36000,1.00152584398
162979,162990,167977,11,4987,2,36000,1.00220573491
163076,163084,167369,8,4285,2,36000,1.00186697783
163109,163118,168408,9,5290,2,36000,1.00170132325
163238,163249,168163,11,4914,2,36000,1.00223850224
163308,163316,167896,8,4580,2,36000,1.00174672489
163522,163532,169270,10,5738,2,36000,1.00174276751
163610,163620,168442,10,4822,2,36000,1.00207382829
163628,163637,167987,9,4350,2,36000,1.00206896552
163632,163643,167277,11,3634,1,3600,1.00302696753
163804,163813,168292,9,4479,2,36000,1.00200937709
163840,163849,168521,9,4672,2,36000,1.00192636986
163855,163862,168863,7,5001,2,36000,1.00139972006
163942,163952,168715,10,4763,2,36000,1.00209951711
164005,164014,168301,9,4287,2,36000,1.00209937019
164172,164180,169126,8,4946,2,36000,1.00161746866
164365,164374,169792,9,5418,2,36000,1.00166112957
164474,164482,168948,8,4466,2,36000,1.00179131214
164613,164624,170319,11,5695,2,36000,1.00193151888
164748,164757,169776,9,5019,2,36000,1.00179318589
164926,164937,170626,11,5689,2,36000,1.00193355599
164947,164957,169506,10,4549,2,36000,1.00219828534
164962,164968,170168,6,5200,2,36000,1.00115384615
164998,165007,169830,9,4823,2,36000,1.00186605847
165016,165025,169419,9,4394,2,36000,1.00204824761
165037,165046,170068,9,5022,2,36000,1.0017921147
165216,165224,170559,8,5335,2,36000,1.0014995314
165300,165310,170149,10,4839,2,36000,1.00206654267
165748,165757,170526,9,4769,2,36000,1.00188718809
166089,166100,170656,11,4556,2,36000,1.0024143986
166165,166175,170949,10,4774,2,36000,1.00209467951
166180,166186,171572,6,5386,2,36000,1.00111399926
166394,166404,170874,10,4470,2,36000,1.00223713647
166511,166521,172804,10,6283,2,36000,1.00159159637
166542,166549,171664,7,5115,2,36000,1.00136852395
166543,166555,171037,12,4482,2,36000,1.00267737617
166691,166699,172152,8,5453,2,36000,1.00146708234
166831,166842,170842,11,4000,2,36000,1.00275
167018,167027,171657,9,4630,2,36000,1.00194384449
167199,167209,173021,10,5812,2,36000,1.00172057811
167285,167291,167433,6,142,1,3600,1.04225352113
167372,167380,172328,8,4948,2,36000,1.00161681487
167724,174850,192889,7126,18039,16,18000,1.39503298409
167758,167764,172874,6,5110,2,36000,1.0011741683
167879,167887,173142,8,5255,2,36000,1.00152235966
167897,167907,172273,10,4366,2,36000,1.00229042602
167978,167989,173824,11,5835,2,36000,1.00188517566
167993,167999,172755,6,4756,2,36000,1.00126156434
168165,168174,172911,9,4737,2,36000,1.00189993667
168293,168303,172641,10,4338,2,36000,1.00230520977
168308,168314,172926,6,4612,2,36000,1.00130095403
168411,168419,173633,8,5214,2,36000,1.00153433065
168444,168454,173823,10,5369,2,36000,1.00186254424
168522,168533,173251,11,4718,2,36000,1.0023314964
168716,168726,173332,10,4606,2,36000,1.0021710812
168864,168874,173090,10,4216,2,36000,1.00237191651
168949,168959,174716,10,5757,2,36000,1.00173701581
169127,169137,174081,10,4944,2,36000,1.00202265372
169272,169282,173888,10,4606,2,36000,1.0021710812
169420,169430,174318,10,4888,2,36000,1.00204582651
169509,169517,174694,8,5177,2,36000,1.0015452965
169778,169787,174898,9,5111,2,36000,1.00176090785
169793,169803,175092,10,5289,2,36000,1.00189071658
169832,169842,174275,10,4433,2,36000,1.00225580871
170069,170080,174726,11,4646,2,36000,1.00236762807
170151,170160,175120,9,4960,2,36000,1.00181451613
170171,170180,175142,9,4962,2,36000,1.00181378476
170216,170222,170223,6,1,2,3540,1.0
170320,170330,174862,10,4532,2,36000,1.00220653133
170529,170537,175881,8,5344,2,36000,1.00149700599
170562,170570,175875,8,5305,2,36000,1.00150801131
170629,170638,175817,9,5179,2,36000,1.00173778722
170656,170667,175506,11,4839,2,36000,1.00227319694
170845,170853,175945,8,5092,2,36000,1.00157109191
170876,170885,176517,9,5632,2,36000,1.00159801136
170953,170961,175907,8,4946,2,36000,1.00161746866
171038,171048,175907,10,4859,2,36000,1.00205803663
171575,171584,176609,9,5025,2,36000,1.00179104478
171658,171668,176302,10,4634,2,36000,1.00215796288
171675,171681,176432,6,4751,2,36000,1.00126289202
172153,172163,176610,10,4447,2,36000,1.00224870699
172276,172285,177119,9,4834,2,36000,1.00186181216
172331,172340,177091,9,4751,2,36000,1.00189433803
172642,172652,178237,10,5585,2,36000,1.0017905103
172757,172766,177485,9,4719,2,36000,1.00190718373
172805,172815,177850,10,5035,2,36000,1.00198609732
172875,172885,177228,10,4343,2,36000,1.00230255584
172914,172923,178031,9,5108,2,36000,1.00176194205
172929,172937,178199,8,5262,2,36000,1.00152033447
173023,173033,178171,10,5138,2,36000,1.0019462826
173092,173102,177864,10,4762,2,36000,1.002099958
173144,173153,178305,9,5152,2,36000,1.00174689441
173252,173263,178149,11,4886,2,36000,1.00225133033
173334,173343,178370,9,5027,2,36000,1.00179033221
173636,173645,178358,9,4713,2,36000,1.00190961171
173827,173834,178705,7,4871,2,36000,1.00143707658
173828,173840,178061,12,4221,2,36000,1.00284292822
173892,173899,178356,7,4457,2,36000,1.00157056316
174082,174092,178420,10,4328,2,36000,1.00231053604
174279,174286,179681,7,5395,2,36000,1.00129749768
174321,174329,179448,8,5119,2,36000,1.00156280524
174696,174705,179647,9,4942,2,36000,1.00182112505
174717,174727,179942,10,5215,2,36000,1.00191754554
174732,174738,180180,6,5442,2,36000,1.00110253583
174864,174873,179899,9,5026,2,36000,1.00179068842
174903,174909,180187,6,5278,2,36000,1.00113679424
175093,175103,180384,10,5281,2,36000,1.00189358076
175120,175131,181353,11,6222,2,36000,1.00176792028
175144,175153,179951,9,4798,2,36000,1.00187578158
175508,175517,180642,9,5125,2,36000,1.00175609756
175820,175828,181046,8,5218,2,36000,1.00153315447
175877,175886,181236,9,5350,2,36000,1.00168224299
175892,175898,181251,6,5353,2,36000,1.0011208668
175910,175954,180738,44,4784,2,36000,1.00919732441
175911,175959,181312,48,5353,2,36000,1.00896693443
175947,175965,180776,18,4811,2,36000,1.0037414259
176303,176313,181184,10,4871,2,36000,1.00205296654
176433,176443,182097,10,5654,2,36000,1.00176865936
176518,176528,181223,10,4695,2,36000,1.00212992545
176611,176620,181636,9,5016,2,36000,1.00179425837
176613,176626,181838,13,5212,2,36000,1.00249424405
177092,177103,182523,11,5420,2,36000,1.0020295203
177119,177130,182659,11,5529,2,36000,1.00198950986
177231,177240,182175,9,4935,2,36000,1.00182370821
177488,177496,182449,8,4953,2,36000,1.00161518272
177852,177861,182914,9,5053,2,36000,1.00178112013
177867,177875,183391,8,5516,2,36000,1.00145032632
178033,178043,183706,10,5663,2,36000,1.00176584849
178063,178072,183260,9,5188,2,36000,1.00173477255
178151,178160,183020,9,4860,2,36000,1.00185185185
178172,178183,183438,11,5255,2,36000,1.00209324453
178203,178211,184451,8,6240,2,36000,1.00128205128
178239,178248,182392,9,4144,2,36000,1.00217181467
178306,178317,182465,11,4148,2,36000,1.00265188042
178358,178368,182624,10,4256,2,36000,1.00234962406
178373,178379,183837,6,5458,2,36000,1.00109930377
178374,178385,183175,11,4790,2,36000,1.00229645094
178423,178431,184486,8,6055,2,36000,1.00132122213
178706,178717,183814,11,5097,2,36000,1.00215813223
179450,179459,184865,9,5406,2,36000,1.00166481687
179650,179659,184815,9,5156,2,36000,1.00174553918
179683,179692,184485,9,4793,2,36000,1.00187773837
179900,179911,185254,11,5343,2,36000,1.00205876848
179946,179954,185685,8,5731,2,36000,1.00139591694
179961,179967,184297,6,4330,2,36000,1.00138568129
180182,180191,184688,9,4497,2,36000,1.00200133422
180197,180203,184960,6,4757,2,36000,1.00126129914
180387,180395,185729,8,5334,2,36000,1.00149981252
180644,180653,185468,9,4815,2,36000,1.00186915888
180741,180749,186588,8,5839,2,36000,1.00137009762
180777,180787,186036,10,5249,2,36000,1.00190512479
181051,181058,185760,7,4702,2,36000,1.0014887282
181187,181195,186114,8,4919,2,36000,1.00162634682
181226,181235,186026,9,4791,2,36000,1.00187852223
181242,181247,186682,5,5435,2,36000,1.0009199632
181256,181262,186314,6,5052,2,36000,1.00118764846
181314,181324,186475,10,5151,2,36000,1.00194137061
181356,181364,185695,8,4331,2,36000,1.00184714846
181637,181647,186038,10,4391,2,36000,1.00227738556
181841,181850,186296,9,4446,2,36000,1.0020242915
182099,182108,186715,9,4607,2,36000,1.00195354895
182177,182186,187016,9,4830,2,36000,1.00186335404
182395,182404,187020,9,4616,2,36000,1.00194974003
182450,182461,187173,11,4712,2,36000,1.0023344652
182468,182476,186864,8,4388,2,36000,1.00182315406
182525,182534,186794,9,4260,2,36000,1.00211267606
182625,182635,187288,10,4653,2,36000,1.00214915109
182661,182670,187665,9,4995,2,36000,1.0018018018
182842,182848,182921,6,73,16,21600,1.08219178082
182916,182925,187825,9,4900,2,36000,1.00183673469
182990,182996,223159,6,40163,16,57600,1.00014939123
183022,183031,188013,9,4982,2,36000,1.00180650341
183176,183186,187714,10,4528,2,36000,1.00220848057
183264,183272,188968,8,5696,2,36000,1.00140449438
183300,183306,184238,6,932,74,900,1.00643776824
183394,183402,188740,8,5338,2,36000,1.00149868865
183439,183449,187604,10,4155,2,36000,1.00240673887
183708,183717,188241,9,4524,2,36000,1.00198938992
183818,183825,189861,7,6036,2,36000,1.00115970842
183839,183848,188681,9,4833,2,36000,1.00186219739
184302,184308,189025,6,4717,2,36000,1.00127199491
184398,184404,185311,6,907,74,900,1.00661521499
184453,184463,189859,10,5396,2,36000,1.00185322461
184487,184496,188704,9,4208,2,36000,1.00213878327
184488,184502,188624,14,4122,2,36000,1.00339640951
184693,184699,189220,6,4521,2,36000,1.00132714001
184817,184826,189271,9,4445,2,36000,1.00202474691
184866,184876,190834,10,5958,2,36000,1.00167841558
184963,184971,189584,8,4613,2,36000,1.00173422935
185258,185265,190545,7,5280,2,36000,1.00132575758
185470,185480,191412,10,5932,2,36000,1.00168577208
185505,185512,189135,7,3623,74,3600,1.00193210047
185686,185696,192496,10,6800,2,36000,1.00147058824
185701,185708,191098,7,5390,2,36000,1.0012987013
185732,185740,191094,8,5354,2,36000,1.00149420994
185762,185771,190567,9,4796,2,36000,1.0018765638
186031,186038,191505,7,5467,2,36000,1.00128040973
186047,186053,192529,6,6476,2,36000,1.00092649784
186048,186059,191030,11,4971,2,36000,1.00221283444
186118,186126,190569,8,4443,2,36000,1.00180058519
186300,186308,191194,8,4886,2,36000,1.00163733115
186318,186325,191341,7,5016,2,36000,1.00139553429
186478,186486,191602,8,5116,2,36000,1.00156372166
186590,186599,191509,9,4910,2,36000,1.00183299389
186684,186694,193322,10,6628,2,36000,1.00150875075
186717,186726,192201,9,5475,2,36000,1.00164383562
186796,186805,190954,9,4149,2,36000,1.0021691974
186865,186876,191316,11,4440,2,36000,1.00247747748
187019,187027,192315,8,5288,2,36000,1.0015128593
187034,187040,191620,6,4580,2,36000,1.00131004367
187176,187184,191506,8,4322,2,36000,1.00185099491
187291,187299,192356,8,5057,2,36000,1.00158196559
187607,187616,192683,9,5067,2,36000,1.00177619893
187668,187676,192411,8,4735,2,36000,1.00168954593
187716,187725,192502,9,4777,2,36000,1.00188402763
187828,187836,192626,8,4790,2,36000,1.00167014614
188016,188024,194062,8,6038,2,36000,1.00132494203
188243,188252,193296,9,5044,2,36000,1.00178429818
188628,188636,193618,8,4982,2,36000,1.00160578081
188683,188693,194235,10,5542,2,36000,1.00180440274
188708,188715,193097,7,4382,2,36000,1.00159744409
188741,188751,193419,10,4668,2,36000,1.00214224507
188972,188980,193522,8,4542,2,36000,1.00176133862
189027,189036,194435,9,5399,2,36000,1.00166697537
189222,189231,194259,9,5028,2,36000,1.00178997613
189274,189283,193624,9,4341,2,36000,1.00207325501
189490,189496,189601,6,105,1,1800,1.05714285714
189563,189569,193191,6,3622,74,3600,1.00165654335
189587,189595,194785,8,5190,2,36000,1.00154142582
189862,189871,194723,9,4852,2,36000,1.00185490519
189877,189883,194864,6,4981,2,36000,1.00120457739
189904,189910,190013,6,103,1,1800,1.05825242718
190546,190556,195075,10,4519,2,36000,1.00221287896
190570,190579,195747,9,5168,2,36000,1.00174148607
190572,190585,196271,13,5686,2,36000,1.00228631727
190616,190622,191120,6,498,1,1800,1.01204819277
190836,190845,195563,9,4718,2,36000,1.00190758796
190957,190965,195696,8,4731,2,36000,1.00169097442
191030,191041,196799,11,5758,2,36000,1.00191038555
191097,191105,196231,8,5126,2,36000,1.00156067109
191112,191118,196240,6,5122,2,36000,1.00117141742
191196,191205,195983,9,4778,2,36000,1.00188363332
191317,191327,195362,10,4035,2,36000,1.00247831475
191344,191352,195767,8,4415,2,36000,1.00181200453
191415,191423,196903,8,5480,2,36000,1.00145985401
191509,191516,196507,7,4991,2,36000,1.00140252454
191511,191522,196757,11,5235,2,36000,1.00210124164
191512,191527,197013,15,5486,2,36000,1.00273423259
191604,191613,196568,9,4955,2,36000,1.00181634712
191622,191632,196485,10,4853,2,36000,1.00206058108
192204,192212,196999,8,4787,2,36000,1.00167119281
192317,192326,197805,9,5479,2,36000,1.00164263552
192359,192367,197474,8,5107,2,36000,1.00156647738
192415,192423,197362,8,4939,2,36000,1.00161976109
192498,192507,197277,9,4770,2,36000,1.00188679245
192514,192520,197045,6,4525,2,36000,1.00132596685
192532,192541,197665,9,5124,2,36000,1.00175644028
192626,192637,197434,11,4797,2,36000,1.00229309985
192678,192694,197949,16,5255,2,36000,1.00304471931
192878,192884,192941,6,57,1,1800,1.10526315789
192894,192901,192968,7,67,1,1800,1.10447761194
193104,193110,199011,6,5901,2,36000,1.00101677682
193246,193252,193332,6,80,1,1800,1.075
193297,193307,198671,10,5364,2,36000,1.00186428039
193314,193320,193398,6,78,1,1800,1.07692307692
193324,193334,199168,10,5834,2,36000,1.00171408982
193422,193431,199143,9,5712,2,36000,1.00157563025
193522,193533,198080,11,4547,2,36000,1.00241917748
193620,193629,198055,9,4426,2,36000,1.00203343877
193635,193641,199028,6,5387,2,36000,1.00111379246
193852,193858,194084,6,226,1,1800,1.02654867257
194064,194073,198513,9,4440,2,36000,1.00202702703
194238,194246,198332,8,4086,2,36000,1.00195790504
194258,194264,194531,6,267,1,1800,1.02247191011
194262,194270,198867,8,4597,2,36000,1.00174026539
194438,194447,199719,9,5272,2,36000,1.00170713202
194728,194734,201405,6,6671,2,36000,1.00089941538
194788,194796,199592,8,4796,2,36000,1.00166805671
194867,194875,198989,8,4114,2,36000,1.00194457948
195076,195086,200722,10,5636,2,36000,1.00177430802
195364,195373,199754,9,4381,2,36000,1.0020543255
195453,195459,195489,6,30,1,1800,1.2
195564,195574,200365,10,4791,2,36000,1.00208724692
195697,195707,200108,10,4401,2,36000,1.00227221086
195749,195758,200852,9,5094,2,36000,1.00176678445
195770,195779,200824,9,5045,2,36000,1.0017839445
195787,195793,195853,6,60,1,1800,1.1
195985,195994,200588,9,4594,2,36000,1.00195907706
196234,196242,202239,8,5997,2,36000,1.00133400033
196249,196255,201052,6,4797,2,36000,1.00125078174
196273,196283,201896,10,5613,2,36000,1.00178157848
196486,196496,202104,10,5608,2,36000,1.0017831669
196510,196519,201634,9,5115,2,36000,1.00175953079
196539,196545,200186,6,3641,74,3600,1.00164789893
196570,196579,201316,9,4737,2,36000,1.00189993667
196585,196591,196732,6,141,1,1800,1.04255319149
196759,196768,201634,9,4866,2,36000,1.00184956843
196801,196811,202081,10,5270,2,36000,1.00189753321
196904,196914,202051,10,5137,2,36000,1.00194666148
196962,200198,203832,3236,3634,74,3600,1.89047881123
197001,197010,202006,9,4996,2,36000,1.00180144115
197016,197024,202004,8,4980,2,36000,1.0016064257
197046,197056,202180,10,5124,2,36000,1.00195160031
197279,197288,202865,9,5577,2,36000,1.00161377084
197364,197373,202074,9,4701,2,36000,1.00191448628
197436,197445,202485,9,5040,2,36000,1.00178571429
197476,197485,203001,9,5516,2,36000,1.00163161711
197660,197666,197985,6,319,16,10800,1.01880877743
197666,197676,203157,10,5481,2,36000,1.00182448458
197805,197816,202196,11,4380,2,36000,1.00251141553
197886,203843,207478,5957,3635,74,3600,2.63878954608
197917,207489,211122,9572,3633,74,3600,3.63473713185
197951,197960,203688,9,5728,2,36000,1.00157122905
197954,211133,214767,13179,3634,74,3600,4.62658227848
198057,198067,202847,10,4780,2,36000,1.00209205021
198081,198091,202454,10,4363,2,36000,1.00229200092
198335,198343,203968,8,5625,2,36000,1.00142222222
198514,198524,203028,10,4504,2,36000,1.00222024867
198674,198683,204107,9,5424,2,36000,1.00165929204
198868,198878,204306,10,5428,2,36000,1.00184229919
198992,199001,203622,9,4621,2,36000,1.00194763038
199013,199022,204082,9,5060,2,36000,1.00177865613
199032,199039,204199,7,5160,2,36000,1.00135658915
199144,199154,203604,10,4450,2,36000,1.00224719101
199171,199179,204018,8,4839,2,36000,1.00165323414
199595,199604,204628,9,5024,2,36000,1.00179140127
199722,199731,205027,9,5296,2,36000,1.00169939577
199755,199766,204421,11,4655,2,36000,1.00236305048
200111,200119,204405,8,4286,2,36000,1.00186654223
200366,200376,205252,10,4876,2,36000,1.00205086136
200591,200599,205528,8,4929,2,36000,1.00162304727
200724,200733,206193,9,5460,2,36000,1.00164835165
200827,200835,205761,8,4926,2,36000,1.00162403573
200854,200863,205906,9,5043,2,36000,1.00178465199
201055,201063,206228,8,5165,2,36000,1.00154888674
201318,201327,206539,9,5212,2,36000,1.00172678434
201409,201417,205682,8,4265,2,36000,1.00187573271
201636,201705,206098,69,4393,2,36000,1.01570680628
201638,201710,206723,72,5013,2,36000,1.01436265709
201898,201907,206435,9,4528,2,36000,1.00198763251
202008,202015,207114,7,5099,2,36000,1.0013728182
202009,202021,207083,12,5062,2,36000,1.0023706045
202055,202062,206597,7,4535,2,36000,1.00154355017
202076,202085,206608,9,4523,2,36000,1.00198982976
202091,202097,207054,6,4957,2,36000,1.00121040952
202106,202115,207624,9,5509,2,36000,1.00163369032
202181,202192,206846,11,4654,2,36000,1.00236355823
202199,202207,206886,8,4679,2,36000,1.00170976704
202241,202250,209004,9,6754,2,36000,1.00133254368
202421,213654,292881,11233,79227,74,79200,1.14178247315
202456,202465,207560,9,5095,2,36000,1.00176643768
202486,202496,207354,10,4858,2,36000,1.00205846027
202849,202858,208208,9,5350,2,36000,1.00168224299
202867,202876,207931,9,5055,2,36000,1.00178041543
203004,203013,207131,9,4118,2,36000,1.00218552695
203028,203039,207480,11,4441,2,36000,1.00247691961
203158,203168,207557,10,4389,2,36000,1.00227842333
203605,203615,208369,10,4754,2,36000,1.0021034918
203626,203634,208284,8,4650,2,36000,1.00172043011
203690,203699,208992,9,5293,2,36000,1.00170035896
203971,203979,209222,8,5243,2,36000,1.00152584398
203983,214778,294021,10795,79243,74,79200,1.13622654367
204020,204029,208967,9,4938,2,36000,1.00182260024
204083,204093,208636,10,4543,2,36000,1.00220118864
204108,204118,209546,10,5428,2,36000,1.00184229919
204202,204210,209439,8,5229,2,36000,1.00152992924
204308,204317,209596,9,5279,2,36000,1.00170486835
204408,204416,208833,8,4417,2,36000,1.00181118406
204423,204432,209526,9,5094,2,36000,1.00176678445
204629,204639,210137,10,5498,2,36000,1.00181884322
205030,205039,210732,9,5693,2,36000,1.00158088881
205254,205263,209902,9,4639,2,36000,1.00194007329
205531,205539,210837,8,5298,2,36000,1.00151000378
205685,205693,210923,8,5230,2,36000,1.00152963671
205763,205772,210036,9,4264,2,36000,1.00211069418
205909,205918,210401,9,4483,2,36000,1.00200758421
206100,206110,211439,10,5329,2,36000,1.00187652468
206194,206204,210562,10,4358,2,36000,1.00229463056
206230,206239,210736,9,4497,2,36000,1.00200133422
206436,206446,211225,10,4779,2,36000,1.00209248797
206542,206551,211149,9,4598,2,36000,1.00195737277
206597,206608,212447,11,5839,2,36000,1.00188388423
206612,206619,211894,7,5275,2,36000,1.00132701422
206724,206734,213402,10,6668,2,36000,1.00149970006
206848,206858,212053,10,5195,2,36000,1.00192492782
206887,206897,211652,10,4755,2,36000,1.00210304942
207057,207066,212139,9,5073,2,36000,1.00177409817
207084,207094,211728,10,4634,2,36000,1.00215796288
207115,207125,212491,10,5366,2,36000,1.00186358554
207133,207142,212266,9,5124,2,36000,1.00175644028
207357,207365,212267,8,4902,2,36000,1.00163198694
207481,207495,212385,14,4890,2,36000,1.00286298569
207560,207568,211872,8,4304,2,36000,1.00185873606
207561,207574,213310,13,5736,2,36000,1.00226638773
207609,292893,372132,85284,79239,74,79200,2.07628819142
207626,207636,212133,10,4497,2,36000,1.00222370469
207933,207943,212421,10,4478,2,36000,1.00223313979
208210,208220,213067,10,4847,2,36000,1.00206313183
208285,208295,213439,10,5144,2,36000,1.00194401244
208370,208380,212495,10,4115,2,36000,1.00243013366
208637,208647,213861,10,5214,2,36000,1.00191791331
208834,208844,213845,10,5001,2,36000,1.00199960008
208968,208978,213327,10,4349,2,36000,1.00229937917
208995,209003,214441,8,5438,2,36000,1.00147112909
209010,209016,213846,6,4830,2,36000,1.00124223602
209223,209233,214668,10,5435,2,36000,1.0018399264
209442,209450,214595,8,5145,2,36000,1.00155490768
209527,209537,214094,10,4557,2,36000,1.00219442616
209548,209557,214883,9,5326,2,36000,1.00168982351
209599,209607,214628,8,5021,2,36000,1.00159330811
209905,209914,214800,9,4886,2,36000,1.00184199754
210038,210048,214908,10,4860,2,36000,1.00205761317
210138,210148,214982,10,4834,2,36000,1.00206868018
210403,210412,216066,9,5654,2,36000,1.00159179342
210564,210574,215010,10,4436,2,36000,1.00225428314
210734,210744,215560,10,4816,2,36000,1.00207641196
210749,210755,215473,6,4718,2,36000,1.00127172531
210840,210848,215603,8,4755,2,36000,1.00168243954
210925,210934,215567,9,4633,2,36000,1.0019425858
211150,211160,215917,10,4757,2,36000,1.00210216523
211226,211236,215755,10,4519,2,36000,1.00221287896
211441,211450,217381,9,5931,2,36000,1.00151745068
211654,211663,216423,9,4760,2,36000,1.0018907563
211730,211739,215846,9,4107,2,36000,1.00219138057
211873,211883,216690,10,4807,2,36000,1.00208029956
211877,294033,373271,82156,79238,74,79200,2.03682576542
211897,211905,217228,8,5323,2,36000,1.00150291189
212055,212064,217504,9,5440,2,36000,1.00165441176
212134,212144,217243,10,5099,2,36000,1.00196116886
212149,212155,217357,6,5202,2,36000,1.00115340254
212268,212278,216676,10,4398,2,36000,1.0022737608
212269,212283,217039,14,4756,2,36000,1.00294365013
212387,212396,217187,9,4791,2,36000,1.00187852223
212424,212432,217216,8,4784,2,36000,1.0016722408
212448,212458,217209,10,4751,2,36000,1.00210482004
212494,212502,217745,8,5243,2,36000,1.00152584398
212509,212515,217300,6,4785,2,36000,1.0012539185
213070,213079,218674,9,5595,2,36000,1.00160857909
213314,213322,218356,8,5034,2,36000,1.00158919348
213329,213338,218267,9,4929,2,36000,1.00182592818
213404,213414,218660,10,5246,2,36000,1.00190621426
213441,213450,218107,9,4657,2,36000,1.00193257462
213848,213862,218989,14,5127,2,36000,1.0027306417
213849,213856,219050,7,5194,2,36000,1.00134770889
213864,213872,218120,8,4248,2,36000,1.00188323917
214097,214105,219792,8,5687,2,36000,1.00140671707
214444,214453,219921,9,5468,2,36000,1.00164594001
214597,214607,219341,10,4734,2,36000,1.00211237854
214630,214640,219275,10,4635,2,36000,1.0021574973
214669,214679,219300,10,4621,2,36000,1.00216403376
214802,214811,221045,9,6234,2,36000,1.00144369586
214884,214894,220355,10,5461,2,36000,1.00183116645
214908,214919,220178,11,5259,2,36000,1.00209165241
214984,214993,218995,9,4002,2,36000,1.00224887556
215011,215021,220410,10,5389,2,36000,1.00185563184
215474,215484,220811,10,5327,2,36000,1.00187722921
215562,215571,219852,9,4281,2,36000,1.00210231254
215576,215582,220946,6,5364,2,36000,1.00111856823
215604,215614,220079,10,4465,2,36000,1.00223964166
215756,215767,220632,11,4865,2,36000,1.0022610483
215847,215857,221887,10,6030,2,36000,1.00165837479
215919,215929,221432,10,5503,2,36000,1.00181719062
216068,216078,220952,10,4874,2,36000,1.00205170291
216425,216435,220983,10,4548,2,36000,1.00219876869
216679,216687,220947,8,4260,2,36000,1.00187793427
216694,216701,221953,7,5252,2,36000,1.00133282559
217040,217050,222291,10,5241,2,36000,1.00190803282
217189,217199,221900,10,4701,2,36000,1.00212720698
217210,217220,222317,10,5097,2,36000,1.0019619384
217225,217231,222936,6,5705,2,36000,1.00105170903
217240,217246,222351,6,5105,2,36000,1.00117531832
217254,217261,221906,7,4645,2,36000,1.00150699677
217303,217312,222292,9,4980,2,36000,1.00180722892
217360,217369,222769,9,5400,2,36000,1.00166666667
217385,217392,222763,7,5371,2,36000,1.00130329548
217506,217515,222367,9,4852,2,36000,1.00185490519
217746,217756,222055,10,4299,2,36000,1.00232612235
218108,218119,222675,11,4556,2,36000,1.0024143986
218123,218131,222600,8,4469,2,36000,1.00179010964
218268,218278,223653,10,5375,2,36000,1.00186046512
218359,218368,223641,9,5273,2,36000,1.00170680827
218661,218671,222603,10,3932,2,36000,1.00254323499
218676,218686,223492,10,4806,2,36000,1.00208073242
218991,219000,224284,9,5284,2,36000,1.00170325511
219006,219012,224586,6,5574,2,36000,1.00107642626
219052,219061,224417,9,5356,2,36000,1.00168035848
219277,219286,224311,9,5025,2,36000,1.00179104478
219304,219312,224674,8,5362,2,36000,1.0014919806
219344,219352,224046,8,4694,2,36000,1.00170430337
219794,219803,224494,9,4691,2,36000,1.00191856747
219854,219864,224900,10,5036,2,36000,1.00198570294
219923,219932,225121,9,5189,2,36000,1.00173443823
220080,220090,223956,10,3866,2,36000,1.00258665287
220180,220189,225087,9,4898,2,36000,1.00183748469
220356,220366,225028,10,4662,2,36000,1.00214500215
220414,220421,224931,7,4510,2,36000,1.00155210643
220635,220643,225843,8,5200,2,36000,1.00153846154
220813,220823,226366,10,5543,2,36000,1.00180407721
220950,220957,226006,7,5049,2,36000,1.00138641315
220952,220963,226010,11,5047,2,36000,1.00217951258
220966,220973,225591,7,4618,2,36000,1.00151580771
220984,220994,225345,10,4351,2,36000,1.00229832222
221048,221056,226771,8,5715,2,36000,1.00139982502
221436,221444,226309,8,4865,2,36000,1.00164439877
221888,221899,227211,11,5312,2,36000,1.00207078313
221903,221912,226638,9,4726,2,36000,1.00190435887
221918,221925,226899,7,4974,2,36000,1.00140731805
221955,221964,226300,9,4336,2,36000,1.00207564576
222058,222066,228295,8,6229,2,36000,1.0012843153
222294,222302,227462,8,5160,2,36000,1.0015503876
222295,222308,227718,13,5410,2,36000,1.00240295749
222320,222328,227862,8,5534,2,36000,1.00144560896
222353,222362,227535,9,5173,2,36000,1.00173980282
222368,222378,227337,10,4959,2,36000,1.00201653559
222600,222611,227338,11,4727,2,36000,1.00232705733
222615,222621,227645,6,5024,2,36000,1.00119426752
222676,222686,227306,10,4620,2,36000,1.00216450216
222764,222774,227961,10,5187,2,36000,1.00192789666
222779,222785,227553,6,4768,2,36000,1.00125838926
222940,222947,228331,7,5384,2,36000,1.00130014859
223494,223504,227905,10,4401,2,36000,1.00227221086
223642,223653,229117,11,5464,2,36000,1.00201317716
223657,223664,228027,7,4363,2,36000,1.00160440064
224053,224242,228623,189,4381,2,36000,1.04314083543
224053,224237,228987,184,4750,2,36000,1.03873684211
224150,224156,224170,6,14,1,900,1.42857142857
224286,224295,229468,9,5173,2,36000,1.00173980282
224313,224323,228651,10,4328,2,36000,1.00231053604
224420,224428,229185,8,4757,2,36000,1.00168173218
224496,224505,230006,9,5501,2,36000,1.00163606617
224587,224597,228652,10,4055,2,36000,1.00246609125
224675,224686,229431,11,4745,2,36000,1.00231822972
224901,224911,230502,10,5591,2,36000,1.0017885888
224931,224942,229838,11,4896,2,36000,1.00224673203
225031,225040,230837,9,5797,2,36000,1.00155252717
225089,225098,230311,9,5213,2,36000,1.0017264531
225122,225132,230090,10,4958,2,36000,1.00201694232
225346,225356,230605,10,5249,2,36000,1.00190512479
225592,225603,231610,11,6007,2,36000,1.00183119694
225846,225854,230295,8,4441,2,36000,1.00180139608
226007,226017,230427,10,4410,2,36000,1.0022675737
226021,226028,230931,7,4903,2,36000,1.00142769733
226303,226311,230478,8,4167,2,36000,1.00191984641
226317,226324,231191,7,4867,2,36000,1.00143825765
226369,226377,230627,8,4250,2,36000,1.00188235294
226641,226649,231391,8,4742,2,36000,1.00168705188
226774,226783,231276,9,4493,2,36000,1.00200311596
226901,226910,231692,9,4782,2,36000,1.00188205772
227213,227222,232502,9,5280,2,36000,1.00170454545
227307,227318,233246,11,5928,2,36000,1.00185560054
227341,227348,232286,7,4938,2,36000,1.00141757797
227342,227354,232863,12,5509,2,36000,1.00217825377
227463,227473,231659,10,4186,2,36000,1.00238891543
227539,227547,232126,8,4579,2,36000,1.00174710636
227557,227565,232168,8,4603,2,36000,1.00173799696
227648,227656,232351,8,4695,2,36000,1.00170394036
227720,227729,232321,9,4592,2,36000,1.00195993031
227863,227873,232914,10,5041,2,36000,1.00198373339
227908,227916,232783,8,4867,2,36000,1.00164372303
227963,227972,232791,9,4819,2,36000,1.00186760739
228021,228028,229425,7,1397,4,72000,1.00501073729
228029,228038,233500,9,5462,2,36000,1.00164774808
228062,228068,229617,6,1549,4,72000,1.00387346675
228110,228117,229760,7,1643,4,72000,1.00426049909
228193,229437,231186,1244,1749,4,72000,1.71126357919
228296,228306,232974,10,4668,2,36000,1.00214224507
228332,228342,233052,10,4710,2,36000,1.00212314225
228624,228634,234004,10,5370,2,36000,1.00186219739
228652,228662,234198,10,5536,2,36000,1.00180635838
228667,228673,233566,6,4893,2,36000,1.00122624157
228987,228998,233959,11,4961,2,36000,1.0022172949
229120,229129,234883,9,5754,2,36000,1.0015641293
229187,229196,233820,9,4624,2,36000,1.00194636678
229433,229443,234022,10,4579,2,36000,1.00218388294
229469,229479,235039,10,5560,2,36000,1.00179856115
229839,229849,235091,10,5242,2,36000,1.00190766883
230009,230018,234520,9,4502,2,36000,1.00199911151
230091,230101,234974,10,4873,2,36000,1.00205212395
230297,230307,235696,10,5389,2,36000,1.00185563184
230312,230322,235051,10,4729,2,36000,1.00211461197
230429,230438,235820,9,5382,2,36000,1.0016722408
230481,230489,235227,8,4738,2,36000,1.00168847615
230505,230513,235848,8,5335,2,36000,1.0014995314
230608,230617,235351,9,4734,2,36000,1.00190114068
230629,230639,235498,10,4859,2,36000,1.00205803663
230838,230848,236025,10,5177,2,36000,1.00193162063
230931,230942,235552,11,4610,2,36000,1.00238611714
230986,230992,273108,6,42116,16,57600,1.00014246367
231191,231202,236253,11,5051,2,36000,1.00217778658
231273,231287,235780,14,4493,2,36000,1.00311595816
231388,231402,235874,14,4472,2,36000,1.00313059034
231467,231473,255905,6,24432,16,57600,1.00024557957
231612,231621,236570,9,4949,2,36000,1.0018185492
231660,231670,236800,10,5130,2,36000,1.00194931774
231694,231703,236746,9,5043,2,36000,1.00178465199
232092,255916,256271,23824,355,16,57600,68.1098591549
232127,232138,236821,11,4683,2,36000,1.00234892163
232169,232179,238050,10,5871,2,36000,1.00170328734
232288,232297,237116,9,4819,2,36000,1.00186760739
232324,232333,236740,9,4407,2,36000,1.00204220558
232352,232362,237663,10,5301,2,36000,1.00188643652
232503,232513,237654,10,5141,2,36000,1.00194514686
232784,232794,237075,10,4281,2,36000,1.00233590283
232799,232806,237279,7,4473,2,36000,1.00156494523
232866,232874,237006,8,4132,2,36000,1.00193610842
232917,232926,237693,9,4767,2,36000,1.00188797986
232978,232985,237698,7,4713,2,36000,1.00148525355
233053,233063,237314,10,4251,2,36000,1.00235238767
233247,233258,238199,11,4941,2,36000,1.00222626999
233502,233511,237871,9,4360,2,36000,1.00206422018
233569,233577,237506,8,3929,2,36000,1.00203614151
233823,233831,238100,8,4269,2,36000,1.00187397517
233963,233971,238737,8,4766,2,36000,1.00167855644
234005,234016,238971,11,4955,2,36000,1.00221997982
234023,234034,239231,11,5197,2,36000,1.00211660573
234201,234210,239356,9,5146,2,36000,1.00174893121
234522,234532,239647,10,5115,2,36000,1.00195503421
234885,234894,239708,9,4814,2,36000,1.00186954715
234976,234985,240665,9,5680,2,36000,1.00158450704
235039,235050,240315,11,5265,2,36000,1.00208926876
235054,235062,239957,8,4895,2,36000,1.00163432074
235093,235102,239069,9,3967,2,36000,1.00226871691
235229,235238,239620,9,4382,2,36000,1.00205385669
235354,235362,241038,8,5676,2,36000,1.00140944327
235500,235509,239970,9,4461,2,36000,1.00201748487
235554,235563,240868,9,5305,2,36000,1.00169651272
235699,235708,241261,9,5553,2,36000,1.00162074554
235784,235791,240160,7,4369,2,36000,1.0016021973
235823,235831,241108,8,5277,2,36000,1.00151601289
235850,235860,240902,10,5042,2,36000,1.00198333994
235874,235885,240994,11,5109,2,36000,1.00215306322
236026,236037,240446,11,4409,2,36000,1.0024948968
236256,236264,240980,8,4716,2,36000,1.00169635284
236571,236581,242196,10,5615,2,36000,1.0017809439
236740,236751,241434,11,4683,2,36000,1.00234892163
236755,236761,241596,6,4835,2,36000,1.0012409514
236800,236811,241985,11,5174,2,36000,1.00212601469
236822,236832,240943,10,4111,2,36000,1.00243249818
237009,237018,241446,9,4428,2,36000,1.00203252033
237076,237086,242776,10,5690,2,36000,1.00175746924
237118,237127,241772,9,4645,2,36000,1.00193756728
237282,237291,242599,9,5308,2,36000,1.00169555388
237315,237325,241927,10,4602,2,36000,1.00217296827
237509,237518,242656,9,5138,2,36000,1.00175165434
237658,237666,242946,8,5280,2,36000,1.00151515152
237673,237679,242760,6,5081,2,36000,1.00118086991
237697,237705,241994,8,4289,2,36000,1.00186523665
237712,237718,242422,6,4704,2,36000,1.0012755102
237872,237882,242744,10,4862,2,36000,1.00205676676
238051,238062,243188,11,5126,2,36000,1.00214592275
238103,238111,242541,8,4430,2,36000,1.00180586907
238200,238210,243574,10,5364,2,36000,1.00186428039
238739,238748,243723,9,4975,2,36000,1.00180904523
238973,238982,244127,9,5145,2,36000,1.00174927114
239072,239080,243376,8,4296,2,36000,1.00186219739
239233,239243,244007,10,4764,2,36000,1.00209907641
239357,239368,243820,11,4452,2,36000,1.00247079964
239621,239631,243849,10,4218,2,36000,1.00237079184
239648,239658,244915,10,5257,2,36000,1.0019022256
239712,239720,243751,8,4031,2,36000,1.0019846192
239961,239968,244519,7,4551,2,36000,1.00153812349
239976,239981,244738,5,4757,2,36000,1.00105108262
240163,240171,244746,8,4575,2,36000,1.00174863388
240317,240326,245457,9,5131,2,36000,1.00175404405
240448,240457,244926,9,4469,2,36000,1.00201387335
240666,240676,245153,10,4477,2,36000,1.0022336386
240872,240880,245853,8,4973,2,36000,1.00160868691
240905,240914,245960,9,5046,2,36000,1.00178359096
240945,240954,245834,9,4880,2,36000,1.0018442623
240981,240991,245565,10,4574,2,36000,1.00218627022
240996,241005,244816,9,3811,2,36000,1.00236158489
241039,241049,246359,10,5310,2,36000,1.00188323917
241111,241119,246147,8,5028,2,36000,1.0015910899
241263,241273,245646,10,4373,2,36000,1.00228675966
241436,241445,246987,9,5542,2,36000,1.00162396247
241451,241457,246348,6,4891,2,36000,1.001226743
241599,241607,246601,8,4994,2,36000,1.00160192231
241775,241783,246436,8,4653,2,36000,1.00171932087
241929,241938,246884,9,4946,2,36000,1.00181965224
241986,241996,247314,10,5318,2,36000,1.00188040617
242001,242007,246430,6,4423,2,36000,1.00135654533
242199,242207,247289,8,5082,2,36000,1.00157418339
242424,242433,247810,9,5377,2,36000,1.0016737958
242542,242552,247453,10,4901,2,36000,1.00204039992
242600,242610,247616,10,5006,2,36000,1.00199760288
242657,242667,247858,10,5191,2,36000,1.0019264111
242745,242755,247241,10,4486,2,36000,1.00222915738
242763,242772,247385,9,4613,2,36000,1.00195100802
242778,242788,248052,10,5264,2,36000,1.00189969605
242948,242958,248165,10,5207,2,36000,1.00192049165
243189,243199,247815,10,4616,2,36000,1.00216637782
243377,243388,248198,11,4810,2,36000,1.00228690229
243574,243586,248315,12,4729,2,36000,1.00253753436
243725,243734,248611,9,4877,2,36000,1.00184539676
243753,243762,249048,9,5286,2,36000,1.00170261067
243822,243831,248709,9,4878,2,36000,1.00184501845
243850,243860,248676,10,4816,2,36000,1.00207641196
244007,244018,249597,11,5579,2,36000,1.00197167951
244129,244138,248942,9,4804,2,36000,1.0018734388
244522,244531,249754,9,5223,2,36000,1.00172314762
244740,244749,249836,9,5087,2,36000,1.00176921565
244755,244761,249898,6,5137,2,36000,1.00116799689
244819,244827,249255,8,4428,2,36000,1.00180668473
244916,244926,250186,10,5260,2,36000,1.00190114068
244930,244937,249934,7,4997,2,36000,1.0014008405
245154,245164,250574,10,5410,2,36000,1.00184842884
245459,245468,250585,9,5117,2,36000,1.00175884307
245566,245576,250142,10,4566,2,36000,1.00219010074
245647,245658,250222,11,4564,2,36000,1.00241016652
245782,245788,245789,6,1,2,3540,1.0
245835,245845,251171,10,5326,2,36000,1.00187758167
245856,245864,251488,8,5624,2,36000,1.00142247511
245962,245971,250436,9,4465,2,36000,1.00201567749
246149,246158,252145,9,5987,2,36000,1.00150325706
246349,246360,251632,11,5272,2,36000,1.00208649469
246364,246370,250625,6,4255,2,36000,1.00141010576
246431,246441,251459,10,5018,2,36000,1.00199282583
246445,246452,251001,7,4549,2,36000,1.00153879974
246603,246612,251483,9,4871,2,36000,1.00184766988
246885,246895,252431,10,5536,2,36000,1.00180635838
246988,246998,252593,10,5595,2,36000,1.0017873101
247243,247253,252509,10,5256,2,36000,1.00190258752
247291,247300,252220,9,4920,2,36000,1.00182926829
247315,247326,252483,11,5157,2,36000,1.00213302308
247388,247396,252542,8,5146,2,36000,1.00155460552
247455,247464,252212,9,4748,2,36000,1.00189553496
247618,247627,252009,9,4382,2,36000,1.00205385669
247811,247821,252229,10,4408,2,36000,1.00226860254
247826,247833,252938,7,5105,2,36000,1.0013712047
247860,247869,252343,9,4474,2,36000,1.00201162271
248054,248063,253077,9,5014,2,36000,1.00179497407
248169,248176,253323,7,5147,2,36000,1.00136001554
248199,248209,253144,10,4935,2,36000,1.00202634245
248317,248327,253383,10,5056,2,36000,1.0019778481
248614,248622,253025,8,4403,2,36000,1.00181694299
248677,248688,253337,11,4649,2,36000,1.00236610024
248710,248721,254032,11,5311,2,36000,1.00207117304
248943,248954,254200,11,5246,2,36000,1.00209683568
249049,249059,253812,10,4753,2,36000,1.00210393436
249258,249266,254618,8,5352,2,36000,1.00149476831
249601,249608,255229,7,5621,2,36000,1.00124533001
249755,249765,254694,10,4929,2,36000,1.00202880909
249837,249847,254612,10,4765,2,36000,1.00209863589
249900,249909,254085,9,4176,2,36000,1.00215517241
249936,249945,255024,9,5079,2,36000,1.00177200236
250143,250153,255044,10,4891,2,36000,1.00204457166
250188,250197,254834,9,4637,2,36000,1.00194091007
250225,250233,255227,8,4994,2,36000,1.00160192231
250438,250447,254824,9,4377,2,36000,1.00205620288
250577,250585,255750,8,5165,2,36000,1.00154888674
250592,250598,255170,6,4572,2,36000,1.00131233596
250628,250636,255698,8,5062,2,36000,1.001580403
251003,251012,256139,9,5127,2,36000,1.00175541252
251174,251183,255992,9,4809,2,36000,1.00187149095
251461,251471,256547,10,5076,2,36000,1.00197005516
251485,251494,255647,9,4153,2,36000,1.00216710811
251500,251506,256388,6,4882,2,36000,1.00122900451
251633,251643,256810,10,5167,2,36000,1.00193535901
252012,252021,256461,9,4440,2,36000,1.00202702703
252148,252156,257072,8,4916,2,36000,1.0016273393
252215,252223,258141,8,5918,2,36000,1.00135180804
252231,252237,256798,6,4561,2,36000,1.00131550099
252232,252243,257523,11,5280,2,36000,1.00208333333
252344,252354,257817,10,5463,2,36000,1.00183049606
252435,252443,257361,8,4918,2,36000,1.00162667751
252487,252494,257768,7,5274,2,36000,1.00132726583
252511,252520,257364,9,4844,2,36000,1.00185796862
252544,252553,257127,9,4574,2,36000,1.0019676432
252595,252605,257596,10,4991,2,36000,1.00200360649
252941,252949,257881,8,4932,2,36000,1.00162206002
253028,253036,258164,8,5128,2,36000,1.0015600624
253080,253088,257800,8,4712,2,36000,1.00169779287
253147,253155,257551,8,4396,2,36000,1.00181983621
253325,253334,258037,9,4703,2,36000,1.00191367212
253340,253348,257884,8,4536,2,36000,1.00176366843
253386,253395,257622,9,4227,2,36000,1.00212916962
253813,253823,258738,10,4915,2,36000,1.002034588
254034,254043,258988,9,4945,2,36000,1.00182002022
254088,254097,259171,9,5074,2,36000,1.00177374852
254203,254212,258768,9,4556,2,36000,1.00197541703
254614,254624,259763,10,5139,2,36000,1.00194590387
254628,254635,259764,7,5129,2,36000,1.00136478846
254695,254706,259481,11,4775,2,36000,1.00230366492
254826,254835,259743,9,4908,2,36000,1.00183374083
254841,254847,259026,6,4179,2,36000,1.00143575018
255025,255035,260192,10,5157,2,36000,1.00193911189
255046,255055,260494,9,5439,2,36000,1.00165471594
255171,255181,259683,10,4502,2,36000,1.00222123501
255228,255239,260121,11,4882,2,36000,1.00225317493
255243,255249,259654,6,4405,2,36000,1.00136208854
255649,255658,260082,9,4424,2,36000,1.00203435805
255700,255709,260505,9,4796,2,36000,1.0018765638
255751,255761,260998,10,5237,2,36000,1.00190949017
255972,257183,299223,1211,42040,16,57600,1.02880589914
255994,256004,260856,10,4852,2,36000,1.00206100577
256143,256150,261000,7,4850,2,36000,1.00144329897
256283,292898,307364,36615,14466,16,57600,3.53110742431
256390,256399,261282,9,4883,2,36000,1.00184312922
256463,256473,261256,10,4783,2,36000,1.00209073803
256551,256559,261764,8,5205,2,36000,1.00153698367
256629,256635,256636,6,1,2,3540,1.0
256800,256809,261496,9,4687,2,36000,1.00192020482
256815,256820,261756,5,4936,2,36000,1.00101296596
257073,257083,261975,10,4892,2,36000,1.00204415372
257130,257139,262496,9,5357,2,36000,1.0016800448
257365,257372,261444,7,4072,2,36000,1.00171905697
257366,257378,262410,12,5032,2,36000,1.00238473768
257525,257534,262934,9,5400,2,36000,1.00166666667
257552,257562,262779,10,5217,2,36000,1.00191681043
257598,257607,263082,9,5475,2,36000,1.00164383562
257625,257633,262629,8,4996,2,36000,1.00160128102
257770,257780,262959,10,5179,2,36000,1.00193087469
257801,257811,262499,10,4688,2,36000,1.0021331058
257819,257828,262725,9,4897,2,36000,1.00183785991
257883,257892,262781,9,4889,2,36000,1.00184086725
257898,257904,263655,6,5751,2,36000,1.00104329682
258040,258048,262521,8,4473,2,36000,1.00178850883
258143,258153,262870,10,4717,2,36000,1.00211999152
258167,258175,262577,8,4402,2,36000,1.00181735575
258739,258749,263175,10,4426,2,36000,1.00225937641
258769,258780,263163,11,4383,2,36000,1.00250969655
258990,258999,264335,9,5336,2,36000,1.00168665667
259027,259037,263746,10,4709,2,36000,1.00212359312
259172,259182,263325,10,4143,2,36000,1.00241370987
259484,259493,264540,9,5047,2,36000,1.00178323757
259657,259665,265090,8,5425,2,36000,1.00147465438
259684,259694,264542,10,4848,2,36000,1.00206270627
259745,259754,264033,9,4279,2,36000,1.00210329516
259766,259774,264154,8,4380,2,36000,1.00182648402
259767,259780,264249,13,4469,2,36000,1.00290892817
260085,260093,264440,8,4347,2,36000,1.00184034967
260122,260132,265313,10,5181,2,36000,1.00193012932
260194,260203,265581,9,5378,2,36000,1.00167348457
260495,260506,265108,11,4602,2,36000,1.0023902651
260510,260517,265099,7,4582,2,36000,1.00152771715
260859,260867,265903,8,5036,2,36000,1.00158856235
261001,261009,266112,8,5103,2,36000,1.00156770527
261003,261015,265628,12,4613,2,36000,1.00260134403
261257,261267,266368,10,5101,2,36000,1.00196039992
261284,261294,266185,10,4891,2,36000,1.00204457166
261448,261456,266057,8,4601,2,36000,1.00173875245
261500,261507,267380,7,5873,2,36000,1.00119189511
261760,261768,266818,8,5050,2,36000,1.00158415842
261775,261781,266440,6,4659,2,36000,1.00128783001
261976,261986,266427,10,4441,2,36000,1.0022517451
262412,262422,266430,10,4008,2,36000,1.00249500998
262498,262507,267296,9,4789,2,36000,1.00187930674
262513,262519,266381,6,3862,2,36000,1.00155359917
262553,262559,267505,6,4946,2,36000,1.0012131015
262579,262589,267520,10,4931,2,36000,1.00202798621
262631,262640,268035,9,5395,2,36000,1.00166821131
262726,262736,268333,10,5597,2,36000,1.00178667143
262781,262790,267250,9,4460,2,36000,1.00201793722
262796,262802,267766,6,4964,2,36000,1.00120870266
262871,262881,267901,10,5020,2,36000,1.00199203187
262935,262945,267161,10,4216,2,36000,1.00237191651
262961,262970,267609,9,4639,2,36000,1.00194007329
263087,263093,268151,6,5058,2,36000,1.00118623962
263166,263175,267360,9,4185,2,36000,1.00215053763
263181,263187,268021,6,4834,2,36000,1.00124120811
263326,263336,268182,10,4846,2,36000,1.00206355757
263657,263666,268173,9,4507,2,36000,1.00199689372
263748,263757,267726,9,3969,2,36000,1.0022675737
264037,264044,268876,7,4832,2,36000,1.0014486755
264158,264166,269219,8,5053,2,36000,1.00158321789
264252,264260,270072,8,5812,2,36000,1.00137646249
264337,264346,268994,9,4648,2,36000,1.0019363167
264443,264452,269419,9,4967,2,36000,1.00181195893
264543,264552,269635,9,5083,2,36000,1.00177060791
264544,264558,269385,14,4827,2,36000,1.00290035219
265094,265101,269580,7,4479,2,36000,1.00156284885
265109,265115,269418,6,4303,2,36000,1.00139437602
265110,265121,269697,11,4576,2,36000,1.00240384615
265316,265325,269536,9,4211,2,36000,1.00213725956
265583,265592,269899,9,4307,2,36000,1.00208962155
265629,265639,270576,10,4937,2,36000,1.00202552157
265905,265915,270801,10,4886,2,36000,1.00204666394
266060,266068,271540,8,5472,2,36000,1.0014619883
266114,266123,270868,9,4745,2,36000,1.0018967334
266187,266196,270941,9,4745,2,36000,1.0018967334
266371,266379,271336,8,4957,2,36000,1.00161387936
266386,266392,271569,6,5177,2,36000,1.00115897238
266429,266438,271329,9,4891,2,36000,1.0018401145
266444,266451,271637,7,5186,2,36000,1.00134978789
266446,266457,271353,11,4896,2,36000,1.00224673203
266818,266829,272278,11,5449,2,36000,1.00201871903
267164,267173,271593,9,4420,2,36000,1.0020361991
267252,267261,272747,9,5486,2,36000,1.00164053956
267297,267307,272074,10,4767,2,36000,1.0020977554
267363,267371,272428,8,5057,2,36000,1.00158196559
267382,267391,272107,9,4716,2,36000,1.00190839695
267509,267516,271649,7,4133,2,36000,1.00169368497
267524,267531,272251,7,4720,2,36000,1.00148305085
267611,267620,273186,9,5566,2,36000,1.00161696011
267730,267738,272906,8,5168,2,36000,1.00154798762
267766,267777,272888,11,5111,2,36000,1.0021522207
267903,267912,272307,9,4395,2,36000,1.00204778157
268024,268032,272437,8,4405,2,36000,1.00181611805
268039,268046,273346,7,5300,2,36000,1.00132075472
268154,268162,272596,8,4434,2,36000,1.00180423996
268175,268184,272810,9,4626,2,36000,1.00194552529
268190,268197,272787,7,4590,2,36000,1.00152505447
268336,268344,272792,8,4448,2,36000,1.00179856115
268879,268887,274191,8,5304,2,36000,1.00150829563
268997,269005,272987,8,3982,2,36000,1.00200904068
269220,269230,274443,10,5213,2,36000,1.00191828122
269387,269397,273760,10,4363,2,36000,1.00229200092
269421,269430,274197,9,4767,2,36000,1.00188797986
269422,269435,273951,13,4516,2,36000,1.00287865368
269537,269547,274506,10,4959,2,36000,1.00201653559
269582,269591,274587,9,4996,2,36000,1.00180144115
269637,269647,274747,10,5100,2,36000,1.00196078431
269698,269708,274476,10,4768,2,36000,1.00209731544
269901,269910,274675,9,4765,2,36000,1.0018887723
270074,270083,275500,9,5417,2,36000,1.00166143622
270580,270588,274921,8,4333,2,36000,1.00184629587
270804,270812,276040,8,5228,2,36000,1.00153022188
270871,270879,275263,8,4384,2,36000,1.00182481752
270946,270952,275393,6,4441,2,36000,1.00135104706
271334,271340,275931,6,4591,2,36000,1.00130690481
271349,271355,276513,6,5158,2,36000,1.00116324157
271364,271370,276093,6,4723,2,36000,1.001270379
271543,271551,275740,8,4189,2,36000,1.00190976367
271571,271580,276993,9,5413,2,36000,1.00166266396
271595,271604,276318,9,4714,2,36000,1.00190920662
271640,271648,277221,8,5573,2,36000,1.00143549255
271656,271661,276674,5,5013,2,36000,1.00099740674
272078,272085,277397,7,5312,2,36000,1.00131777108
272109,272118,277133,9,5015,2,36000,1.00179461615
272252,272262,277411,10,5149,2,36000,1.00194212468
272279,272290,276696,11,4406,2,36000,1.00249659555
272309,272318,277380,9,5062,2,36000,1.00177795338
272431,272439,277622,8,5183,2,36000,1.00154350762
272446,272452,277891,6,5439,2,36000,1.00110314396
272598,272607,277702,9,5095,2,36000,1.00176643768
272750,272758,277811,8,5053,2,36000,1.00158321789
272789,272798,276949,9,4151,2,36000,1.00216815225
272804,272810,277719,6,4909,2,36000,1.00122224486
272819,272825,277526,6,4701,2,36000,1.00127632419
272889,272899,278376,10,5477,2,36000,1.00182581705
272907,272917,277792,10,4875,2,36000,1.00205128205
272989,272999,278037,10,5038,2,36000,1.00198491465
273187,273197,277798,10,4601,2,36000,1.00217344056
273352,273357,278268,5,4911,2,36000,1.00101812258
273762,273771,278837,9,5066,2,36000,1.00177654955
273953,273962,278784,9,4822,2,36000,1.00186644546
274193,274202,278792,9,4590,2,36000,1.00196078431
274208,274214,278936,6,4722,2,36000,1.00127064803
274445,274454,279210,9,4756,2,36000,1.00189234651
274479,274487,279826,8,5339,2,36000,1.00149840794
274510,274517,279145,7,4628,2,36000,1.00151253241
274589,274598,280403,9,5805,2,36000,1.0015503876
274678,274687,279181,9,4494,2,36000,1.00200267023
274750,274758,279826,8,5068,2,36000,1.00157853197
274923,274932,280656,9,5724,2,36000,1.00157232704
275264,275274,280199,10,4925,2,36000,1.00203045685
275395,275405,280076,10,4671,2,36000,1.00214086919
275502,275511,280852,9,5341,2,36000,1.0016850777
275742,275751,280582,9,4831,2,36000,1.00186296833
275804,275811,275921,7,110,1,1800,1.06363636364
275935,275942,280936,7,4994,2,36000,1.00140168202
276041,276051,280704,10,4653,2,36000,1.00214915109
276096,276104,281095,8,4991,2,36000,1.00160288519
276226,276232,276334,6,102,1,1800,1.05882352941
276320,276329,281053,9,4724,2,36000,1.00190516511
276515,276525,281598,10,5073,2,36000,1.00197122019
276676,276685,280677,9,3992,2,36000,1.00225450902
276697,276707,282184,10,5477,2,36000,1.00182581705
276950,276960,282935,10,5975,2,36000,1.00167364017
276983,276989,277514,6,525,1,1800,1.01142857143
276996,277004,282110,8,5106,2,36000,1.00156678418
277135,277145,282358,10,5213,2,36000,1.00191828122
277223,277233,282620,10,5387,2,36000,1.00185632077
277386,277392,282147,6,4755,2,36000,1.00126182965
277401,277407,282314,6,4907,2,36000,1.00122274302
277417,277423,282126,6,4703,2,36000,1.00127578142
277530,277537,282251,7,4714,2,36000,1.00148493848
277625,277633,282049,8,4416,2,36000,1.0018115942
277703,277713,282732,10,5019,2,36000,1.00199242877
277721,277730,282141,9,4411,2,36000,1.00204035366
277793,277804,283024,11,5220,2,36000,1.00210727969
277808,277814,282589,6,4775,2,36000,1.0012565445
277823,277829,283007,6,5178,2,36000,1.00115874855
277893,277902,282529,9,4627,2,36000,1.00194510482
278038,278048,282858,10,4810,2,36000,1.00207900208
278269,278279,283186,10,4907,2,36000,1.00203790503
278378,278388,283555,10,5167,2,36000,1.00193535901
278786,278795,283939,9,5144,2,36000,1.0017496112
278801,278807,283795,6,4988,2,36000,1.00120288693
278840,278848,283746,8,4898,2,36000,1.00163331972
278937,278947,283847,10,4900,2,36000,1.00204081633
279115,279121,279161,6,40,1,1800,1.15
279147,279157,284190,10,5033,2,36000,1.00198688655
279183,279192,283474,9,4282,2,36000,1.00210182158
279211,279221,283689,10,4468,2,36000,1.00223813787
279324,279330,279374,6,44,1,1800,1.13636363636
279444,279450,279524,6,74,1,1800,1.08108108108
279695,279701,279777,6,76,1,1800,1.07894736842
279830,279836,285450,6,5614,2,36000,1.00106875668
279832,279843,285061,11,5218,2,36000,1.00210808739
280042,280048,280286,6,238,1,1800,1.02521008403
280078,280088,285072,10,4984,2,36000,1.00200642055
280203,280211,284878,8,4667,2,36000,1.00171416327
280405,280415,285583,10,5168,2,36000,1.00193498452
280582,280593,285847,11,5254,2,36000,1.00209364294
280658,280668,285299,10,4631,2,36000,1.00215936083
280680,280688,285181,8,4493,2,36000,1.00178054752
280692,280698,280967,6,269,1,1800,1.02230483271
280707,280715,285520,8,4805,2,36000,1.00166493236
280853,280863,286081,10,5218,2,36000,1.00191644308
280939,280947,286186,8,5239,2,36000,1.00152700897
281055,281064,286322,9,5258,2,36000,1.00171167744
281098,281106,286597,8,5491,2,36000,1.00145692952
281599,281609,286487,10,4878,2,36000,1.0020500205
281671,281677,281707,6,30,1,1800,1.2
282005,282011,282071,6,60,1,1800,1.1
282053,282061,287048,8,4987,2,36000,1.00160417084
282111,282121,286691,10,4570,2,36000,1.00218818381
282129,282138,287311,9,5173,2,36000,1.00173980282
282144,282153,287052,9,4899,2,36000,1.00183710961
282160,282166,286883,6,4717,2,36000,1.00127199491
282187,282195,288446,8,6251,2,36000,1.00127979523
282254,282262,287566,8,5304,2,36000,1.00150829563
282318,282325,287033,7,4708,2,36000,1.00148683093
282360,282370,287229,10,4859,2,36000,1.00205803663
282531,282540,287510,9,4970,2,36000,1.00181086519
282591,282600,287304,9,4704,2,36000,1.00191326531
282622,282631,287513,9,4882,2,36000,1.00184350676
282735,282744,287853,9,5109,2,36000,1.00176159718
282791,282798,282912,7,114,1,1800,1.06140350877
282859,282870,287532,11,4662,2,36000,1.00235950236
282938,282946,287712,8,4766,2,36000,1.00167855644
283008,283018,288715,10,5697,2,36000,1.00175530981
283026,283035,288710,9,5675,2,36000,1.00158590308
283187,283197,288604,10,5407,2,36000,1.00184945441
283476,283485,288543,9,5058,2,36000,1.00177935943
283558,283567,289029,9,5462,2,36000,1.00164774808
283690,283700,288851,10,5151,2,36000,1.00194137061
283749,283757,288527,8,4770,2,36000,1.00167714885
283798,283807,289015,9,5208,2,36000,1.0017281106
283851,283858,289194,7,5336,2,36000,1.00131184408
283940,283950,288704,10,4754,2,36000,1.0021034918
284193,284201,288834,8,4633,2,36000,1.00172674293
284879,284889,289798,10,4909,2,36000,1.00203707476
285066,285072,289938,6,4866,2,36000,1.00123304562
285081,285087,291122,6,6035,2,36000,1.0009942005
285184,285192,290465,8,5273,2,36000,1.00151716291
285300,285310,290169,10,4859,2,36000,1.00205803663
285451,285461,290020,10,4559,2,36000,1.00219346348
285521,285531,290179,10,4648,2,36000,1.00215146299
285585,285594,290299,9,4705,2,36000,1.00191285866
285849,285858,290617,9,4759,2,36000,1.0018911536
286083,286092,290452,9,4360,2,36000,1.00206422018
286187,286197,291526,10,5329,2,36000,1.00187652468
286323,286333,291020,10,4687,2,36000,1.00213356091
286490,286498,291520,8,5022,2,36000,1.00159299084
286599,286608,291348,9,4740,2,36000,1.00189873418
286692,286702,291570,10,4868,2,36000,1.00205423172
286884,286894,291224,10,4330,2,36000,1.00230946882
287036,287045,291738,9,4693,2,36000,1.00191774984
287051,287059,291859,8,4800,2,36000,1.00166666667
287066,287072,292808,6,5736,2,36000,1.0010460251
287231,287240,291448,9,4208,2,36000,1.00213878327
287306,287315,292393,9,5078,2,36000,1.00177235132
287321,287328,292888,7,5560,2,36000,1.00125899281
287512,287521,292816,9,5295,2,36000,1.00169971671
287527,287533,292357,6,4824,2,36000,1.00124378109
287542,287548,292396,6,4848,2,36000,1.00123762376
287569,287577,292282,8,4705,2,36000,1.00170031881
287714,287723,293049,9,5326,2,36000,1.00168982351
287856,287864,292796,8,4932,2,36000,1.00162206002
288447,288457,293312,10,4855,2,36000,1.00205973223
288529,288538,293205,9,4667,2,36000,1.00192843368
288545,288554,293891,9,5337,2,36000,1.00168634064
288605,288615,293634,10,5019,2,36000,1.00199242877
288706,288715,293371,9,4656,2,36000,1.00193298969
288721,288727,293392,6,4665,2,36000,1.00128617363
288722,288733,294184,11,5451,2,36000,1.00201797835
288837,288845,293355,8,4510,2,36000,1.00177383592
288853,288863,293854,10,4991,2,36000,1.00200360649
289016,289026,294064,10,5038,2,36000,1.00198491465
289031,289040,294097,9,5057,2,36000,1.00177971129
289196,289205,294131,9,4926,2,36000,1.00182704019
289801,289809,294650,8,4841,2,36000,1.00165255113
289940,289949,294584,9,4635,2,36000,1.00194174757
290022,290031,294901,9,4870,2,36000,1.00184804928
290171,290180,295051,9,4871,2,36000,1.00184766988
290186,290192,294580,6,4388,2,36000,1.00136736554
290302,290310,295142,8,4832,2,36000,1.00165562914
290455,290464,295220,9,4756,2,36000,1.00189234651
290470,290476,296000,6,5524,2,36000,1.00108616944
290619,290628,295313,9,4685,2,36000,1.00192102455
291021,291031,295327,10,4296,2,36000,1.00232774674
291124,291133,296257,9,5124,2,36000,1.00175644028
291228,291236,296011,8,4775,2,36000,1.00167539267
291349,291359,296852,10,5493,2,36000,1.00182049882
291450,291459,295623,9,4164,2,36000,1.00216138329
291524,291532,296463,8,4931,2,36000,1.00162238897
291541,291547,296944,6,5397,2,36000,1.00111172874
291571,291581,296977,10,5396,2,36000,1.00185322461
291742,291750,297161,8,5411,2,36000,1.00147846978
291860,291870,297005,10,5135,2,36000,1.00194741967
292284,292293,297472,9,5179,2,36000,1.00173778722
292360,292368,297516,8,5148,2,36000,1.00155400155
292394,292404,297489,10,5085,2,36000,1.00196656834
292408,292415,298077,7,5662,2,36000,1.00123631226
292799,292807,297371,8,4564,2,36000,1.00175284838
292815,292821,297262,6,4441,2,36000,1.00135104706
292830,292836,297325,6,4489,2,36000,1.00133660058
292890,292915,297435,25,4520,2,36000,1.00553097345
293053,293060,297990,7,4930,2,36000,1.0014198783
293207,293216,298563,9,5347,2,36000,1.00168318683
293314,293323,297734,9,4411,2,36000,1.00204035366
293357,293366,297261,9,3895,2,36000,1.00231065469
293372,293382,298488,10,5106,2,36000,1.00195848022
293396,293404,298214,8,4810,2,36000,1.00166320166
293637,293646,299262,9,5616,2,36000,1.0016025641
293856,293865,299405,9,5540,2,36000,1.00162454874
293893,293902,299179,9,5277,2,36000,1.0017055145
294067,294076,299753,9,5677,2,36000,1.00158534437
294098,294108,298958,10,4850,2,36000,1.00206185567
294131,294142,298939,11,4797,2,36000,1.00229309985
294186,294195,298734,9,4539,2,36000,1.0019828156
294581,294591,299456,10,4865,2,36000,1.00205549846
294596,294602,298906,6,4304,2,36000,1.00139405204
294656,294661,299526,5,4865,2,36000,1.00102774923
294901,294912,300183,11,5271,2,36000,1.00208689053
295053,295063,299639,10,4576,2,36000,1.00218531469
295144,295153,299557,9,4404,2,36000,1.00204359673
295223,295231,300224,8,4993,2,36000,1.00160224314
295315,295325,299765,10,4440,2,36000,1.00225225225
295330,295338,300049,8,4711,2,36000,1.00169815326
295624,295634,300111,10,4477,2,36000,1.0022336386
296001,296011,301217,10,5206,2,36000,1.00192086055
296017,296022,301160,5,5138,2,36000,1.0009731413
296259,296268,300698,9,4430,2,36000,1.00203160271
296466,296475,301391,9,4916,2,36000,1.00183075671
296854,296863,301144,9,4281,2,36000,1.00210231254
296945,296955,301870,10,4915,2,36000,1.002034588
296978,296989,301736,11,4747,2,36000,1.002317253
297006,297016,300722,10,3706,2,36000,1.00269832704
297164,297172,301819,8,4647,2,36000,1.00172154078
297264,297271,301811,7,4540,2,36000,1.00154185022
297265,297278,302539,13,5261,2,36000,1.00247101312
297326,297337,302126,11,4789,2,36000,1.00229693047
297375,297383,302109,8,4726,2,36000,1.00169276344
297436,297446,302902,10,5456,2,36000,1.00183284457
297476,297483,302729,7,5246,2,36000,1.00133434998
297491,297500,302012,9,4512,2,36000,1.00199468085
297518,297527,302427,9,4900,2,36000,1.00183673469
297737,297746,302776,9,5030,2,36000,1.00178926441
297993,298001,302506,8,4505,2,36000,1.00177580466
298078,298088,302511,10,4423,2,36000,1.00226090889
298214,298225,303409,11,5184,2,36000,1.00212191358
298490,298500,304031,10,5531,2,36000,1.00180799132
298566,298574,303414,8,4840,2,36000,1.00165289256
298736,298745,303780,9,5035,2,36000,1.00178748759
298909,298917,303473,8,4556,2,36000,1.00175592625
298943,298951,304553,8,5602,2,36000,1.00142806141
298961,298969,303781,8,4812,2,36000,1.00166251039
299182,299190,304210,8,5020,2,36000,1.0015936255
299264,299273,304332,9,5059,2,36000,1.00177900771
299406,299416,304346,10,4930,2,36000,1.00202839757
299458,299467,303812,9,4345,2,36000,1.00207134638
299528,299537,304460,9,4923,2,36000,1.00182815356
299558,299568,304511,10,4943,2,36000,1.00202306292
299639,299650,304534,11,4884,2,36000,1.00225225225
299755,299764,304754,9,4990,2,36000,1.00180360721
299770,299776,304358,6,4582,2,36000,1.00130947185
300052,300061,304752,9,4691,2,36000,1.00191856747
300113,300123,305438,10,5315,2,36000,1.00188146754
300185,300194,304671,9,4477,2,36000,1.00201027474
300225,300235,304452,10,4217,2,36000,1.00237135404
300701,300709,305791,8,5082,2,36000,1.00157418339
300725,300734,305914,9,5180,2,36000,1.00173745174
301145,301156,306292,11,5136,2,36000,1.00214174455
301163,301172,306691,9,5519,2,36000,1.0016307302
301218,301229,306042,11,4813,2,36000,1.00228547683
301392,301402,306244,10,4842,2,36000,1.00206526229
301738,301747,306838,9,5091,2,36000,1.00176782557
301814,301822,306091,8,4269,2,36000,1.00187397517
301829,301835,307479,6,5644,2,36000,1.00106307583
301871,301881,307239,10,5358,2,36000,1.00186636805
302014,302024,306992,10,4968,2,36000,1.00201288245
302111,302120,306329,9,4209,2,36000,1.00213827512
302129,302138,307615,9,5477,2,36000,1.00164323535
302430,302438,306951,8,4513,2,36000,1.00177265677
302510,302518,306903,8,4385,2,36000,1.00182440137
302525,302531,307460,6,4929,2,36000,1.00121728545
302543,302551,307515,8,4964,2,36000,1.00161160355
302731,302740,309105,9,6365,2,36000,1.00141398272
302777,302787,307998,10,5211,2,36000,1.00191901746
302904,302913,307760,9,4847,2,36000,1.00185681865
303410,303420,308295,10,4875,2,36000,1.00205128205
303425,303431,308615,6,5184,2,36000,1.00115740741
303474,303484,308230,10,4746,2,36000,1.00210703751
303782,303791,308693,9,4902,2,36000,1.00183598531
303783,303796,308735,13,4939,2,36000,1.00263211176
303814,303823,308212,9,4389,2,36000,1.002050581
304032,304042,308121,10,4079,2,36000,1.00245158127
304211,304221,308951,10,4730,2,36000,1.0021141649
304336,304343,309608,7,5265,2,36000,1.00132953466
304350,304357,308410,7,4053,2,36000,1.00172711572
304365,304372,308798,7,4426,2,36000,1.00158156349
304454,304463,309264,9,4801,2,36000,1.00187460946
304469,304475,309144,6,4669,2,36000,1.00128507175
304514,304523,309552,9,5029,2,36000,1.0017896202
304535,304546,309904,11,5358,2,36000,1.00205300485
304556,304565,309393,9,4828,2,36000,1.00186412593
304675,304683,309532,8,4849,2,36000,1.00164982471
304754,304769,310646,15,5877,2,36000,1.00255232261
304755,304763,310057,8,5294,2,36000,1.00151114469
305442,305450,310846,8,5396,2,36000,1.00148257969
305795,305802,310531,7,4729,2,36000,1.00148022838
305916,305925,310288,9,4363,2,36000,1.00206280083
306044,306054,310586,10,4532,2,36000,1.00220653133
306092,306102,311266,10,5164,2,36000,1.00193648335
306247,306255,310722,8,4467,2,36000,1.00179091113
306296,306304,311208,8,4904,2,36000,1.00163132137
306332,306340,311062,8,4722,2,36000,1.00169419737
306695,306702,311548,7,4846,2,36000,1.0014444903
306840,306854,311245,14,4391,2,36000,1.00318833979
306841,306848,306854,7,6,16,120,1.3
306904,306915,311796,11,4881,2,36000,1.00225363655
306933,306939,348681,6,41742,16,57600,1.00014374012
306953,306962,311167,9,4205,2,36000,1.00214030916
306997,307003,312014,6,5011,2,36000,1.0011973658
307187,307376,348978,189,41602,16,57600,1.00454305081
307244,307250,311712,6,4462,2,36000,1.00134468848
307465,307471,311758,6,4287,2,36000,1.00139958013
307480,307490,312893,10,5403,2,36000,1.00185082362
307493,348701,363440,41208,14739,16,57600,3.79584775087
307516,307526,312136,10,4610,2,36000,1.0021691974
307616,307626,311692,10,4066,2,36000,1.00245941958
307735,348998,349155,41263,157,16,120,263.821656051
307762,307771,312692,9,4921,2,36000,1.00182889657
308001,308010,313197,9,5187,2,36000,1.001735107
308122,308132,312373,10,4241,2,36000,1.00235793445
308213,308223,313201,10,4978,2,36000,1.00200883889
308231,308242,312552,11,4310,2,36000,1.00255220418
308298,308306,312722,8,4416,2,36000,1.0018115942
308410,308421,313105,11,4684,2,36000,1.00234842015
308617,308627,313516,10,4889,2,36000,1.00204540806
308697,308704,312948,7,4244,2,36000,1.00164938737
308737,308747,313538,10,4791,2,36000,1.00208724692
308801,308809,314376,8,5567,2,36000,1.0014370397
308952,308962,313679,10,4717,2,36000,1.00211999152
309107,309116,314482,9,5366,2,36000,1.00167722698
309146,309155,314219,9,5064,2,36000,1.00177725118
309268,309275,313752,7,4477,2,36000,1.00156354702
309395,309404,314377,9,4973,2,36000,1.00180977277
309534,309544,315075,10,5531,2,36000,1.00180799132
309553,309563,314982,10,5419,2,36000,1.00184535892
309610,309619,313930,9,4311,2,36000,1.00208768267
309907,309915,314423,8,4508,2,36000,1.00177462289
310059,310068,315159,9,5091,2,36000,1.00176782557
310289,310299,315738,10,5439,2,36000,1.00183857327
310534,310542,315852,8,5310,2,36000,1.00150659134
310589,310597,315660,8,5063,2,36000,1.00158009086
310650,310658,315260,8,4602,2,36000,1.00173837462
310723,310733,315716,10,4983,2,36000,1.0020068232
310848,310857,315632,9,4775,2,36000,1.00188481675
311064,311073,316018,9,4945,2,36000,1.00182002022
311170,311178,315766,8,4588,2,36000,1.00174367916
311209,311219,316320,10,5101,2,36000,1.00196039992
311248,311256,315675,8,4419,2,36000,1.00181036434
311270,311277,315967,7,4690,2,36000,1.00149253731
311549,311559,316365,10,4806,2,36000,1.00208073242
311695,311703,317227,8,5524,2,36000,1.00144822592
311713,311723,316978,10,5255,2,36000,1.00190294957
311758,311769,316913,11,5144,2,36000,1.00213841369
311798,311807,316224,9,4417,2,36000,1.00203758207
312016,312025,317160,9,5135,2,36000,1.0017526777
312138,312147,317358,9,5211,2,36000,1.00172711572
312375,312384,317054,9,4670,2,36000,1.00192719486
312554,312563,317411,9,4848,2,36000,1.00185643564
312694,312704,317123,10,4419,2,36000,1.00226295542
312724,312733,317838,9,5105,2,36000,1.00176297747
312894,312904,317218,10,4314,2,36000,1.00231803431
312949,312959,317224,10,4265,2,36000,1.00234466589
313107,313116,317795,9,4679,2,36000,1.00192348792
313198,313208,318000,10,4792,2,36000,1.00208681135
313213,313219,318425,6,5206,2,36000,1.00115251633
313517,313527,319877,10,6350,2,36000,1.00157480315
313541,313549,318319,8,4770,2,36000,1.00167714885
313680,313690,318580,10,4890,2,36000,1.00204498978
313756,313763,318712,7,4949,2,36000,1.00141442716
313931,313941,319056,10,5115,2,36000,1.00195503421
314222,314230,319404,8,5174,2,36000,1.0015461925
314377,314387,318899,10,4512,2,36000,1.00221631206
314392,314398,319032,6,4634,2,36000,1.00129477773
314425,314434,319331,9,4897,2,36000,1.00183785991
314486,314494,319820,8,5326,2,36000,1.00150206534
314983,314993,320209,10,5216,2,36000,1.00191717791
315077,315086,319871,9,4785,2,36000,1.00188087774
315162,315170,320506,8,5336,2,36000,1.00149925037
315262,315271,319720,9,4449,2,36000,1.0020229265
315634,315643,320961,9,5318,2,36000,1.00169236555
315661,315671,320830,10,5159,2,36000,1.00193836015
315676,315686,320327,10,4641,2,36000,1.00215470804
315718,315727,320617,9,4890,2,36000,1.0018404908
315740,315749,321148,9,5399,2,36000,1.00166697537
315767,315778,320937,11,5159,2,36000,1.00213219616
315855,315864,320931,9,5067,2,36000,1.00177619893
315968,315978,320427,10,4449,2,36000,1.00224769611
316019,316030,320550,11,4520,2,36000,1.00243362832
316226,316236,321413,10,5177,2,36000,1.00193162063
316320,316331,321041,11,4710,2,36000,1.00233545648
316368,316376,321035,8,4659,2,36000,1.00171710668
316916,316925,321105,9,4180,2,36000,1.00215311005
316979,316989,321513,10,4524,2,36000,1.00221043324
317055,317065,322262,10,5197,2,36000,1.00192418703
317125,317134,321784,9,4650,2,36000,1.00193548387
317161,317171,322185,10,5014,2,36000,1.00199441564
317219,317229,322566,10,5337,2,36000,1.00187371182
317234,317240,322808,6,5568,2,36000,1.00107758621
317235,317246,322385,11,5139,2,36000,1.00214049426
317361,317369,322235,8,4866,2,36000,1.00164406083
317412,317422,321949,10,4527,2,36000,1.00220896841
317796,317806,322730,10,4924,2,36000,1.00203086921
317841,317850,322152,9,4302,2,36000,1.00209205021
318002,318011,322757,9,4746,2,36000,1.00189633375
318322,318330,323437,8,5107,2,36000,1.00156647738
318428,318436,323497,8,5061,2,36000,1.00158071527
318582,318591,323124,9,4533,2,36000,1.00198544011
318712,318723,324010,11,5287,2,36000,1.002080575
318900,318910,323447,10,4537,2,36000,1.00220409963
319034,319044,323970,10,4926,2,36000,1.00203004466
319058,319067,324198,9,5131,2,36000,1.00175404405
319334,319342,324548,8,5206,2,36000,1.00153668844
319406,319415,324687,9,5272,2,36000,1.00170713202
319722,319731,324062,9,4331,2,36000,1.00207804202
319822,319831,324497,9,4666,2,36000,1.00192884698
319874,319883,324837,9,4954,2,36000,1.00181671377
319889,319895,324413,6,4518,2,36000,1.00132802125
320210,320220,325244,10,5024,2,36000,1.00199044586
320328,320338,325310,10,4972,2,36000,1.00201126307
320429,320438,325947,9,5509,2,36000,1.00163369032
320508,320517,325901,9,5384,2,36000,1.00167161961
320553,320561,325628,8,5067,2,36000,1.0015788435
320620,320628,325465,8,4837,2,36000,1.00165391772
320832,320841,325203,9,4362,2,36000,1.00206327373
320932,320942,325868,10,4926,2,36000,1.00203004466
320947,320953,325851,6,4898,2,36000,1.00122498979
320962,320972,325355,10,4383,2,36000,1.00228154232
321038,321046,325122,8,4076,2,36000,1.00196270854
321053,321059,325241,6,4182,2,36000,1.00143472023
321107,321116,326214,9,5098,2,36000,1.0017653982
321149,321159,326262,10,5103,2,36000,1.00195963159
321416,321424,326036,8,4612,2,36000,1.00173460538
321516,321525,326244,9,4719,2,36000,1.00190718373
321786,321795,326801,9,5006,2,36000,1.00179784259
321953,321960,326659,7,4699,2,36000,1.00148967866
322152,322163,326643,11,4480,2,36000,1.00245535714
322186,322196,327148,10,4952,2,36000,1.00201938611
322249,322255,327706,6,5451,2,36000,1.00110071547
322264,322273,326916,9,4643,2,36000,1.0019384019
322386,322396,326807,10,4411,2,36000,1.00226705962
322569,322577,328010,8,5433,2,36000,1.00147248297
322733,322741,327759,8,5018,2,36000,1.00159426066
322761,322768,326957,7,4189,2,36000,1.00167104321
322809,322819,327621,10,4802,2,36000,1.00208246564
323128,323136,328470,8,5334,2,36000,1.00149981252
323439,323448,328198,9,4750,2,36000,1.00189473684
323454,323460,328948,6,5488,2,36000,1.00109329446
323499,323508,328269,9,4761,2,36000,1.00189035917
323973,323982,328710,9,4728,2,36000,1.0019035533
324013,324021,328708,8,4687,2,36000,1.00170684873
324064,324074,329296,10,5222,2,36000,1.00191497511
324200,324209,328544,9,4335,2,36000,1.00207612457
324416,324425,328939,9,4514,2,36000,1.00199379708
324498,324508,329074,10,4566,2,36000,1.00219010074
324550,324559,329582,9,5023,2,36000,1.00179175791
324689,324698,329100,9,4402,2,36000,1.00204452522
324838,324848,330182,10,5334,2,36000,1.00187476565
325126,325133,330821,7,5688,2,36000,1.00123066104
325205,325214,329738,9,4524,2,36000,1.00198938992
325244,325252,330512,8,5260,2,36000,1.00152091255
325246,325258,329772,12,4514,2,36000,1.0026583961
325313,325321,330023,8,4702,2,36000,1.00170140366
325358,325366,329790,8,4424,2,36000,1.00180831826
325468,325476,330197,8,4721,2,36000,1.00169455624
325631,325639,330771,8,5132,2,36000,1.00155884645
325852,325862,330493,10,4631,2,36000,1.00215936083
325870,325880,331019,10,5139,2,36000,1.00194590387
325903,325912,330789,9,4877,2,36000,1.00184539676
325949,325959,331169,10,5210,2,36000,1.0019193858
326037,326047,330812,10,4765,2,36000,1.00209863589
326216,326225,330679,9,4454,2,36000,1.00202065559
326246,326255,331089,9,4834,2,36000,1.00186181216
326264,326273,331707,9,5434,2,36000,1.0016562385
326646,326654,332014,8,5360,2,36000,1.00149253731
326661,326670,331117,9,4447,2,36000,1.00202383629
326803,326812,332132,9,5320,2,36000,1.00169172932
326818,326825,331944,7,5119,2,36000,1.00136745458
326919,326927,331804,8,4877,2,36000,1.00164035268
326958,326968,331557,10,4589,2,36000,1.00217912399
327150,327160,331606,10,4446,2,36000,1.00224921278
327623,327632,332337,9,4705,2,36000,1.00191285866
327707,327717,332810,10,5093,2,36000,1.00196347929
327762,327770,332580,8,4810,2,36000,1.00166320166
328013,328022,332384,9,4362,2,36000,1.00206327373
328201,328209,332965,8,4756,2,36000,1.00168208579
328271,328280,333049,9,4769,2,36000,1.00188718809
328471,328482,333627,11,5145,2,36000,1.00213799806
328547,328555,333735,8,5180,2,36000,1.00154440154
328712,328719,332940,7,4221,2,36000,1.00165837479
328713,328726,333225,13,4499,2,36000,1.00288953101
328940,328950,333403,10,4453,2,36000,1.00224567707
328955,328961,334951,6,5990,2,36000,1.00100166945
329076,329085,334264,9,5179,2,36000,1.00173778722
329103,329112,333984,9,4872,2,36000,1.00184729064
329297,329307,334515,10,5208,2,36000,1.00192012289
329585,329594,334497,9,4903,2,36000,1.00183561085
329739,329749,335181,10,5432,2,36000,1.00184094256
329773,329783,334656,10,4873,2,36000,1.00205212395
329794,329801,334965,7,5164,2,36000,1.00135553834
330024,330034,335244,10,5210,2,36000,1.0019193858
330185,330194,334908,9,4714,2,36000,1.00190920662
330200,330208,334448,8,4240,2,36000,1.00188679245
330494,330504,335209,10,4705,2,36000,1.00212539851
330512,330523,335165,11,4642,2,36000,1.00236966825
330682,330690,335909,8,5219,2,36000,1.0015328607
330773,330782,334997,9,4215,2,36000,1.00213523132
330792,330800,335877,8,5077,2,36000,1.0015757337
330816,330824,335877,8,5053,2,36000,1.00158321789
330831,330837,335250,6,4413,2,36000,1.00135961931
331021,331030,336322,9,5292,2,36000,1.00170068027
331091,331100,335915,9,4815,2,36000,1.00186915888
331118,331129,335976,11,4847,2,36000,1.00226944502
331170,331180,335660,10,4480,2,36000,1.00223214286
331559,331568,336136,9,4568,2,36000,1.00197022767
331608,331617,337421,9,5804,2,36000,1.00155065472
331708,331718,336209,10,4491,2,36000,1.00222667557
331805,331815,336219,10,4404,2,36000,1.00227066303
331947,331955,337256,8,5301,2,36000,1.00150914922
332017,332025,336087,8,4062,2,36000,1.00196947317
332135,332143,336953,8,4810,2,36000,1.00166320166
332193,332199,332200,6,1,2,3540,1.0
332338,332348,337485,10,5137,2,36000,1.00194666148
332387,332395,336728,8,4333,2,36000,1.00184629587
332584,332592,337504,8,4912,2,36000,1.0016286645
332811,332821,337813,10,4992,2,36000,1.00200320513
332942,332951,338134,9,5183,2,36000,1.00173644607
332966,332976,338075,10,5099,2,36000,1.00196116886
333051,333060,338098,9,5038,2,36000,1.00178642318
333226,333237,338639,11,5402,2,36000,1.00203628286
333405,333414,338242,9,4828,2,36000,1.00186412593
333627,333638,339040,11,5402,2,36000,1.00203628286
333736,333746,338809,10,5063,2,36000,1.00197511357
333985,333995,339515,10,5520,2,36000,1.0018115942
334266,334275,339003,9,4728,2,36000,1.0019035533
334451,334459,339761,8,5302,2,36000,1.00150886458
334499,334508,339431,9,4923,2,36000,1.00182815356
334518,334526,339413,8,4887,2,36000,1.00163699611
334657,334668,339507,11,4839,2,36000,1.00227319694
334912,334920,339851,8,4931,2,36000,1.00162238897
334955,334963,339710,8,4747,2,36000,1.00168527491
334970,334976,339992,6,5016,2,36000,1.00119617225
335001,335008,339571,7,4563,2,36000,1.00153407846
335167,335176,339691,9,4515,2,36000,1.00199335548
335182,335193,339746,11,4553,2,36000,1.00241598946
335213,335220,339543,7,4323,2,36000,1.00161924589
335246,335256,339544,10,4288,2,36000,1.00233208955
335261,335267,340271,6,5004,2,36000,1.00119904077
335664,335672,340093,8,4421,2,36000,1.00180954535
335879,335888,340862,9,4974,2,36000,1.00180940893
335880,335893,340806,13,4913,2,36000,1.00264604112
335911,335920,341114,9,5194,2,36000,1.00173276858
335926,335932,340406,6,4474,2,36000,1.00134108181
335977,335988,339967,11,3979,2,36000,1.0027645137
336089,336098,340877,9,4779,2,36000,1.00188323917
336137,336148,341315,11,5167,2,36000,1.00212889491
336211,336220,340915,9,4695,2,36000,1.00191693291
336226,336232,340964,6,4732,2,36000,1.00126796281
336323,336333,341185,10,4852,2,36000,1.00206100577
336731,336739,341878,8,5139,2,36000,1.0015567231
336955,336964,342067,9,5103,2,36000,1.00176366843
337259,337267,342342,8,5075,2,36000,1.00157635468
337423,337432,342763,9,5331,2,36000,1.0016882386
337487,337496,341914,9,4418,2,36000,1.00203712087
337508,337515,342786,7,5271,2,36000,1.00132802125
337814,337824,342559,10,4735,2,36000,1.00211193242
338077,338086,342828,9,4742,2,36000,1.00189793336
338101,338109,342924,8,4815,2,36000,1.00166147456
338138,338146,343162,8,5016,2,36000,1.00159489633
338244,338253,343240,9,4987,2,36000,1.0018046922
338640,338650,342984,10,4334,2,36000,1.00230733733
338810,338820,343465,10,4645,2,36000,1.00215285253
339004,339014,344552,10,5538,2,36000,1.00180570603
339041,339051,343159,10,4108,2,36000,1.00243427459
339416,339424,344477,8,5053,2,36000,1.00158321789
339434,339443,343677,9,4234,2,36000,1.0021256495
339510,339519,344304,9,4785,2,36000,1.00188087774
339525,339531,343843,6,4312,2,36000,1.00139146568
339547,339554,344674,7,5120,2,36000,1.0013671875
339548,339561,344672,13,5111,2,36000,1.00254353356
339572,339582,344254,10,4672,2,36000,1.00214041096
339694,339702,344058,8,4356,2,36000,1.00183654729
339712,339722,344113,10,4391,2,36000,1.00227738556
339748,339757,344440,9,4683,2,36000,1.00192184497
339763,339773,345184,10,5411,2,36000,1.00184808723
339854,339862,344928,8,5066,2,36000,1.00157915515
339969,339978,344889,9,4911,2,36000,1.00183262065
339994,340003,344839,9,4836,2,36000,1.00186104218
340094,340104,345190,10,5086,2,36000,1.00196618168
340273,340282,344271,9,3989,2,36000,1.00225620456
340409,340417,345146,8,4729,2,36000,1.00169168957
340809,340817,345730,8,4913,2,36000,1.00162833299
340864,340874,345704,10,4830,2,36000,1.00207039337
340879,340888,345538,9,4650,2,36000,1.00193548387
340918,340926,345558,8,4632,2,36000,1.00172711572
340967,340975,345767,8,4792,2,36000,1.00166944908
341115,341125,345509,10,4384,2,36000,1.0022810219
341188,341196,346763,8,5567,2,36000,1.0014370397
341316,341326,346278,10,4952,2,36000,1.00201938611
341881,341889,346847,8,4958,2,36000,1.00161355385
341915,341925,346268,10,4343,2,36000,1.00230255584
342067,342078,346860,11,4782,2,36000,1.00230029276
342344,342353,346914,9,4561,2,36000,1.00197325148
342562,342570,347715,8,5145,2,36000,1.00155490768
342766,342774,346998,8,4224,2,36000,1.00189393939
342787,342797,347529,10,4732,2,36000,1.00211327134
342829,342839,348061,10,5222,2,36000,1.00191497511
342926,342935,348356,9,5421,2,36000,1.00166021029
342987,342995,349603,8,6608,2,36000,1.00121065375
343059,343065,343066,6,1,2,3540,1.0
343163,343170,347950,7,4780,2,36000,1.00146443515
343164,343176,347914,12,4738,2,36000,1.00253271423
343243,343251,347669,8,4418,2,36000,1.00181077411
343467,343476,348262,9,4786,2,36000,1.00188048475
343679,343688,348384,9,4696,2,36000,1.0019165247
343846,343854,348278,8,4424,2,36000,1.00180831826
344060,344070,348574,10,4504,2,36000,1.00222024867
344115,344124,348761,9,4637,2,36000,1.00194091007
344257,344265,348642,8,4377,2,36000,1.00182773589
344272,344282,348908,10,4626,2,36000,1.00216169477
344305,344315,349252,10,4937,2,36000,1.00202552157
344442,344451,349591,9,5140,2,36000,1.00175097276
344479,344488,349416,9,4928,2,36000,1.0018262987
344555,344563,350011,8,5448,2,36000,1.00146842878
344673,344683,349905,10,5222,2,36000,1.00191497511
344688,344694,349793,6,5099,2,36000,1.00117670131
344843,344850,349406,7,4556,2,36000,1.00153643547
344891,344900,349961,9,5061,2,36000,1.00177830468
344931,344939,349759,8,4820,2,36000,1.00165975104
345148,345158,349996,10,4838,2,36000,1.00206696982
345188,345196,349576,8,4380,2,36000,1.00182648402
345203,345210,349840,7,4630,2,36000,1.00151187905
345461,345467,345468,6,1,2,3540,1.0
345509,345520,350705,11,5185,2,36000,1.00212150434
345540,345549,350730,9,5181,2,36000,1.00173711639
345561,345569,350583,8,5014,2,36000,1.00159553251
345707,345716,349984,9,4268,2,36000,1.00210871603
345731,345741,350363,10,4622,2,36000,1.00216356556
345768,345778,350886,10,5108,2,36000,1.00195771339
346271,346279,351545,8,5266,2,36000,1.00151917964
346286,346292,350686,6,4394,2,36000,1.00136549841
346764,346774,351047,10,4273,2,36000,1.00234027615
346849,346858,353599,9,6741,2,36000,1.00133511348
346864,346871,351293,7,4422,2,36000,1.00158299412
346916,346926,351283,10,4357,2,36000,1.00229515722
347001,347009,352389,8,5380,2,36000,1.00148698885
347531,347540,351674,9,4134,2,36000,1.00217706821
347670,347680,351901,10,4221,2,36000,1.00236910685
347716,347726,353309,10,5583,2,36000,1.00179115171
347917,347925,352922,8,4997,2,36000,1.00160096058
347953,347961,352480,8,4519,2,36000,1.00177030316
348062,348073,353623,11,5550,2,36000,1.00198198198
348265,348273,353883,8,5610,2,36000,1.00142602496
348280,348289,354240,9,5951,2,36000,1.00151235087
348359,348368,353354,9,4986,2,36000,1.00180505415
348387,348395,352414,8,4019,2,36000,1.00199054491
348575,348585,353172,10,4587,2,36000,1.00218007412
348645,348653,353856,8,5203,2,36000,1.00153757448
348763,348772,353475,9,4703,2,36000,1.00191367212
348912,348919,353625,7,4706,2,36000,1.00148746281
349252,349263,353928,11,4665,2,36000,1.00235798499
349407,349417,354260,10,4843,2,36000,1.00206483585
349422,349428,353833,6,4405,2,36000,1.00136208854
349577,349588,354499,11,4911,2,36000,1.00223986968
349592,349602,354963,10,5361,2,36000,1.00186532363
349607,349614,354017,7,4403,2,36000,1.00158982512
349760,349770,354507,10,4737,2,36000,1.00211104074
349796,349804,355125,8,5321,2,36000,1.00150347679
349842,349851,354431,9,4580,2,36000,1.0019650655
349908,349916,354774,8,4858,2,36000,1.00164676822
349963,349972,354547,9,4575,2,36000,1.00196721311
349987,349995,355145,8,5150,2,36000,1.00155339806
350003,350008,354955,5,4947,2,36000,1.00101071356
350018,350024,354532,6,4508,2,36000,1.00133096717
350365,350375,355023,10,4648,2,36000,1.00215146299
350583,350594,355383,11,4789,2,36000,1.00229693047
350689,350698,355861,9,5163,2,36000,1.00174317257
350707,350717,355525,10,4808,2,36000,1.00207986689
350732,350741,355511,9,4770,2,36000,1.00188679245
350890,350897,355645,7,4748,2,36000,1.00147430497
351047,351058,355861,11,4803,2,36000,1.00229023527
351284,351294,356005,10,4711,2,36000,1.00212269157
351300,351305,356280,5,4975,2,36000,1.00100502513
351548,351556,356125,8,4569,2,36000,1.00175093018
351675,351685,356480,10,4795,2,36000,1.00208550574
351903,351912,357460,9,5548,2,36000,1.0016222062
352391,352400,356912,9,4512,2,36000,1.00199468085
352415,352425,357235,10,4810,2,36000,1.00207900208
352482,352491,357537,9,5046,2,36000,1.00178359096
352923,352933,358244,10,5311,2,36000,1.00188288458
353175,353183,358741,8,5558,2,36000,1.00143936668
353312,353320,358780,8,5460,2,36000,1.00146520147
353358,353365,358009,7,4644,2,36000,1.00150732127
353418,353424,368340,6,14916,16,57600,1.00040225261
353477,353486,357718,9,4232,2,36000,1.00212665406
353601,353611,358091,10,4480,2,36000,1.00223214286
353626,353634,358348,8,4714,2,36000,1.00169707255
353627,353640,358047,13,4407,2,36000,1.00294985251
353839,353845,359638,6,5793,2,36000,1.00103573278
353857,353867,358956,10,5089,2,36000,1.0019650226
353884,353894,359880,10,5986,2,36000,1.00167056465
353930,353940,358390,10,4450,2,36000,1.00224719101
354018,354028,358663,10,4635,2,36000,1.0021574973
354242,354252,359071,10,4819,2,36000,1.00207511932
354261,354271,359143,10,4872,2,36000,1.00205254516
354434,354443,359507,9,5064,2,36000,1.00177725118
354501,354510,359669,9,5159,2,36000,1.00174452413
354516,354522,359820,6,5298,2,36000,1.00113250283
354535,354543,359577,8,5034,2,36000,1.00158919348
354550,354558,359139,8,4581,2,36000,1.00174634359
354777,354785,359498,8,4713,2,36000,1.00169743263
354956,354966,360243,10,5277,2,36000,1.00189501611
354971,354977,360098,6,5121,2,36000,1.00117164616
355026,355034,359806,8,4772,2,36000,1.00167644593
355126,355136,360353,10,5217,2,36000,1.00191681043
355148,355156,359218,8,4062,2,36000,1.00196947317
355384,355394,359822,10,4428,2,36000,1.00225835592
355512,355522,360551,10,5029,2,36000,1.00198846689
355526,355536,360076,10,4540,2,36000,1.00220264317
355648,355656,360679,8,5023,2,36000,1.0015926737
355864,355872,360977,8,5105,2,36000,1.00156709109
355865,355877,361550,12,5673,2,36000,1.00211528292
356007,356017,361157,10,5140,2,36000,1.00194552529
356125,356136,360555,11,4419,2,36000,1.00248925096
356283,356292,361547,9,5255,2,36000,1.00171265461
356483,356492,361368,9,4876,2,36000,1.00184577523
356917,356923,361996,6,5073,2,36000,1.00118273211
357236,357246,362155,10,4909,2,36000,1.00203707476
357463,357471,361470,8,3999,2,36000,1.00200050013
357539,357548,362171,9,4623,2,36000,1.0019467878
357723,357729,362628,6,4899,2,36000,1.00122473974
358011,358020,362587,9,4567,2,36000,1.00197065908
358051,358058,362544,7,4486,2,36000,1.00156041016
358094,358102,362474,8,4372,2,36000,1.00182982617
358246,358255,363166,9,4911,2,36000,1.00183262065
358350,358360,363010,10,4650,2,36000,1.00215053763
358392,358401,362953,9,4552,2,36000,1.0019771529
358666,358675,363047,9,4372,2,36000,1.00205855444
358742,358752,364146,10,5394,2,36000,1.00185391175
358782,358791,364099,9,5308,2,36000,1.00169555388
358958,358968,363424,10,4456,2,36000,1.00224416517
359073,359082,363809,9,4727,2,36000,1.001903956
359140,359150,363460,10,4310,2,36000,1.00232018561
359155,359161,363479,6,4318,2,36000,1.00138953219
359222,359229,364220,7,4991,2,36000,1.00140252454
359499,359509,364517,10,5008,2,36000,1.00199680511
359514,359520,364224,6,4704,2,36000,1.0012755102
359578,359589,363921,11,4332,2,36000,1.00253924284
359639,359649,364955,10,5306,2,36000,1.00188465888
359672,359681,364702,9,5021,2,36000,1.00179247162
359810,359817,364250,7,4433,2,36000,1.0015790661
359826,359832,364943,6,5111,2,36000,1.00117393856
359827,359838,365234,11,5396,2,36000,1.00203854707
359882,359891,364561,9,4670,2,36000,1.00192719486
360080,360088,364636,8,4548,2,36000,1.00175901495
360101,360110,365217,9,5107,2,36000,1.00176228706
360244,360254,365281,10,5027,2,36000,1.00198925801
360356,360364,365668,8,5304,2,36000,1.00150829563
360554,360562,365191,8,4629,2,36000,1.00172823504
360569,360576,365183,7,4607,2,36000,1.00151942696
360682,360690,365718,8,5028,2,36000,1.0015910899
360977,360988,366205,11,5217,2,36000,1.00210849147
361160,361168,366588,8,5420,2,36000,1.00147601476
361370,361379,365864,9,4485,2,36000,1.00200668896
361471,361482,366024,11,4542,2,36000,1.0024218406
361551,361558,366432,7,4874,2,36000,1.00143619204
361552,361564,366630,12,5066,2,36000,1.00236873273
361999,362007,367080,8,5073,2,36000,1.00157697615
362158,362166,367604,8,5438,2,36000,1.00147112909
362173,362182,366396,9,4214,2,36000,1.00213573802
362179,362188,362294,9,106,1,1800,1.08490566038
362480,362486,367112,6,4626,2,36000,1.00129701686
362547,362555,367464,8,4909,2,36000,1.00162965981
362590,362598,368028,8,5430,2,36000,1.0014732965
362605,362611,362717,6,106,1,1800,1.05660377358
362629,362639,367635,10,4996,2,36000,1.00200160128
362956,362964,367461,8,4497,2,36000,1.00177896375
363014,363022,367853,8,4831,2,36000,1.00165597185
363050,363059,368216,9,5157,2,36000,1.0017452007
363169,363177,368969,8,5792,2,36000,1.00138121547
363362,363368,363869,6,501,1,1800,1.0119760479
363423,363451,363474,28,23,16,57600,2.21739130435
363425,363435,367970,10,4535,2,36000,1.00220507166
363461,363471,368179,10,4708,2,36000,1.00212404418
363480,363490,368143,10,4653,2,36000,1.00214915109
363717,363723,363738,6,15,16,57600,1.4
363810,363820,368613,10,4793,2,36000,1.00208637596
363897,363903,363917,6,14,16,57600,1.42857142857
363924,363932,369051,8,5119,2,36000,1.00156280524
364101,364110,368666,9,4556,2,36000,1.00197541703
364149,364157,368659,8,4502,2,36000,1.00177698801
364222,364231,369236,9,5005,2,36000,1.0017982018
364237,364243,368744,6,4501,2,36000,1.0013330371
364252,364261,369097,9,4836,2,36000,1.00186104218
364256,364267,364280,11,13,16,57600,1.84615384615
364475,364481,364496,6,15,16,57600,1.4
364521,364528,369281,7,4753,2,36000,1.00147275405
364564,364573,369167,9,4594,2,36000,1.00195907706
364638,364651,369476,13,4825,2,36000,1.00269430052
364639,364645,364658,6,13,16,57600,1.46153846154
364706,364713,369258,7,4545,2,36000,1.00154015402
364946,364954,369949,8,4995,2,36000,1.0016016016
364961,364967,369383,6,4416,2,36000,1.00135869565
365025,365031,368761,6,3730,16,57600,1.00160857909
365187,365194,369548,7,4354,2,36000,1.00160771704
365202,365208,369392,6,4184,2,36000,1.00143403442
365220,365229,369985,9,4756,2,36000,1.00189234651
365236,365245,369966,9,4721,2,36000,1.00190637577
365284,365292,369491,8,4199,2,36000,1.00190521553
365537,365544,365584,7,40,1,1800,1.175
365573,365579,365624,6,45,1,1800,1.13333333333
365673,365679,370451,6,4772,2,36000,1.00125733445
365719,365729,371097,10,5368,2,36000,1.00186289121
365864,365870,365941,6,71,1,1800,1.08450704225
365868,365876,370207,8,4331,2,36000,1.00184714846
365939,365945,366015,6,70,1,1800,1.08571428571
366027,366037,371101,10,5064,2,36000,1.00197472354
366206,366216,370286,10,4070,2,36000,1.00245700246
366398,366407,371171,9,4764,2,36000,1.00188916877
366435,366443,370219,8,3776,2,36000,1.00211864407
366456,366462,366686,6,224,1,1800,1.02678571429
366590,366599,371935,9,5336,2,36000,1.00168665667
366632,366642,372177,10,5535,2,36000,1.00180668473
366905,366911,367179,6,268,1,1800,1.0223880597
367083,367091,371682,8,4591,2,36000,1.00174253975
367114,367123,371686,9,4563,2,36000,1.00197238659
367465,367472,372227,7,4755,2,36000,1.0014721346
367467,367478,372733,11,5255,2,36000,1.00209324453
367607,367615,372529,8,4914,2,36000,1.00162800163
367637,367646,372367,9,4721,2,36000,1.00190637577
367856,367864,372732,8,4868,2,36000,1.00164338537
367971,367981,372732,10,4751,2,36000,1.00210482004
368013,368019,368050,6,31,1,1800,1.1935483871
368029,368040,372732,11,4692,2,36000,1.00234441603
368145,368154,372569,9,4415,2,36000,1.0020385051
368175,368190,372222,15,4032,2,36000,1.0037202381
368218,368228,372732,10,4504,2,36000,1.00222024867
368355,368361,368430,6,69,1,1800,1.08695652174
368462,368468,403381,6,34913,16,57600,1.00017185576
368616,368624,372732,8,4108,2,36000,1.00194741967
368661,368670,372732,9,4062,2,36000,1.00221565731
368676,368682,372732,6,4050,2,36000,1.00148148148
368746,368755,372732,9,3977,2,36000,1.00226301232
368971,368980,372732,9,3752,2,36000,1.00239872068
369052,369062,372732,10,3670,2,36000,1.00272479564
369098,369108,372733,10,3625,2,36000,1.00275862069
369168,369180,372732,12,3552,2,36000,1.00337837838
369168,369173,369310,5,137,1,1800,1.03649635036
369238,369248,372733,10,3485,2,36000,1.00286944046
369259,369269,372733,10,3464,2,36000,1.00288683603
369284,369292,372733,8,3441,2,36000,1.00232490555
369384,369394,372733,10,3339,2,36000,1.00299490866
369399,369405,372733,6,3328,2,36000,1.00180288462
369478,369488,372733,10,3245,2,36000,1.0030816641
369493,369502,372733,9,3231,2,36000,1.00278551532
369551,369559,372733,8,3174,2,36000,1.00252047889
369950,369960,372733,10,2773,2,36000,1.00360620267
369969,369977,372733,8,2756,2,36000,1.00290275762
369987,369996,372733,9,2737,2,36000,1.00328827183
370208,370218,372733,10,2515,2,36000,1.00397614314
370224,370229,372733,5,2504,2,36000,1.00199680511
370287,370297,372733,10,2436,2,36000,1.00410509031
370454,370462,372733,8,2271,2,36000,1.00352267723
371099,371108,372733,9,1625,2,36000,1.00553846154
371114,371120,372733,6,1613,2,36000,1.00371977681
371174,371182,372733,8,1551,2,36000,1.0051579626
371685,371693,372733,8,1040,2,36000,1.00769230769
371700,371706,372733,6,1027,2,36000,1.00584225901
371937,371946,372733,9,787,2,36000,1.01143583227
372180,372189,372733,9,544,2,36000,1.01654411765
372225,372233,372733,8,500,2,36000,1.016
372240,372246,372733,6,487,2,36000,1.01232032854
372368,372378,372733,10,355,2,36000,1.02816901408
372531,372540,372733,9,193,2,36000,1.04663212435
372571,372580,372733,9,153,2,36000,1.05882352941
372805,372812,376202,7,3390,2,36000,1.00206489676
372807,372817,376170,10,3353,2,36000,1.00298240382
372808,372823,376046,15,3223,2,36000,1.00465404902
372809,372828,376368,19,3540,2,36000,1.00536723164
372811,372833,376251,22,3418,2,36000,1.00643651258
372812,372838,376309,26,3471,2,36000,1.0074906367
372813,372843,376371,30,3528,2,36000,1.00850340136
372815,372849,376584,34,3735,2,36000,1.00910307898
372816,372854,376359,38,3505,2,36000,1.01084165478
372818,372859,376380,41,3521,2,36000,1.0116444192
372820,372865,376214,45,3349,2,36000,1.01343684682
372821,372870,376319,49,3449,2,36000,1.01420701653
372823,372875,376132,52,3257,2,36000,1.01596561253
372824,372880,376332,56,3452,2,36000,1.01622247972
372826,372885,376324,59,3439,2,36000,1.01715615004
372827,372890,376399,63,3509,2,36000,1.017953833
372828,372895,376416,67,3521,2,36000,1.01902868503
372830,372901,376170,71,3269,2,36000,1.02171918018
372831,372906,376408,75,3502,2,36000,1.02141633352
372833,372911,376356,78,3445,2,36000,1.02264150943
372834,372916,376115,82,3199,2,36000,1.02563301032
372836,372921,376215,85,3294,2,36000,1.02580449302
372837,372926,376388,89,3462,2,36000,1.02570768342
372838,372931,376196,93,3265,2,36000,1.02848392037
372840,372937,376290,97,3353,2,36000,1.02892931703
372841,372942,376234,101,3292,2,36000,1.03068043742
372842,372947,376242,105,3295,2,36000,1.03186646434
372843,372952,376398,109,3446,2,36000,1.03163087638
372845,372957,376389,112,3432,2,36000,1.03263403263
372846,372962,376423,116,3461,2,36000,1.03351632476
372848,372968,376291,120,3323,2,36000,1.03611194704
372849,372973,376405,124,3432,2,36000,1.03613053613
372850,372978,376334,128,3356,2,36000,1.03814064362
372851,372983,376377,132,3394,2,36000,1.03889216264
372853,372989,376507,136,3518,2,36000,1.0386583286
372854,372994,376331,140,3337,2,36000,1.04195385076
372855,372999,376303,144,3304,2,36000,1.04358353511
372857,373004,376465,147,3461,2,36000,1.04247327362
372858,373010,376302,152,3292,2,36000,1.04617253949
372859,373015,376413,156,3398,2,36000,1.04590935845
374040,374046,734066,6,360020,6,360000,1.00001666574
376048,376058,379315,10,3257,2,36000,1.0030703101
376117,376126,379444,9,3318,2,36000,1.0027124774
376134,376144,379500,10,3356,2,36000,1.00297973778
376173,376181,379571,8,3390,2,36000,1.00235988201
376175,376186,379521,11,3335,2,36000,1.00329835082
376199,376208,379574,9,3366,2,36000,1.00267379679
376213,376219,379636,6,3417,2,36000,1.00175592625
376228,376234,379731,6,3497,2,36000,1.00171575636
376229,376240,379656,11,3416,2,36000,1.00322014052
376244,376250,379732,6,3482,2,36000,1.00172314762
376245,376256,379677,11,3421,2,36000,1.00321543408
376260,376266,379727,6,3461,2,36000,1.001733603
376293,376302,379814,9,3512,2,36000,1.00256264237
376294,376307,379742,13,3435,2,36000,1.0037845706
376309,376315,379905,6,3590,2,36000,1.00167130919
376310,376321,379774,11,3453,2,36000,1.00318563568
376325,376330,379723,5,3393,2,36000,1.00147362216
376326,376336,379844,10,3508,2,36000,1.00285062714
376327,376341,379851,14,3510,2,36000,1.00398860399
376343,376349,379626,6,3277,2,36000,1.00183094294
376344,376355,379778,11,3423,2,36000,1.00321355536
376345,376360,379749,15,3389,2,36000,1.00442608439
376360,376367,379839,7,3472,2,36000,1.00201612903
376362,376373,379432,11,3059,2,36000,1.00359594639
376378,376384,379830,6,3446,2,36000,1.00174114916
376379,376390,379707,11,3317,2,36000,1.00331624962
376380,376395,379805,15,3410,2,36000,1.00439882698
376396,376402,379741,6,3339,2,36000,1.00179694519
376397,376408,379920,11,3512,2,36000,1.00313211845
376399,376413,379815,14,3402,2,36000,1.00411522634
376415,376421,379634,6,3213,2,36000,1.00186741363
376416,376427,379965,11,3538,2,36000,1.00310910119
376417,376432,379742,15,3310,2,36000,1.00453172205
376418,376437,379896,19,3459,2,36000,1.00549291703
376420,376442,379866,22,3424,2,36000,1.00642523364
376435,376449,379870,14,3421,2,36000,1.00409237065
376436,376454,379886,18,3432,2,36000,1.00524475524
376466,376476,380062,10,3586,2,36000,1.00278862242
376509,376518,379987,9,3469,2,36000,1.00259440761
376584,376595,379991,11,3396,2,36000,1.00323910483
378236,378242,378277,6,35,16,57600,1.17142857143
379219,379225,379237,6,12,16,57600,1.5
379350,379361,406613,11,27252,15,57600,1.0004036401
394526,394532,469670,6,75138,1,216000,1.00007985307
394716,394722,469670,6,74948,1,216000,1.00008005551
394812,394818,469670,6,74852,1,216000,1.00008015818
394888,394895,469670,7,74775,1,216000,1.00009361418
401462,401469,403208,7,1739,16,3600,1.0040253019
403895,403901,404237,6,336,51,86400,1.01785714286
403962,403968,618035,6,214067,8,216000,1.00002802861
404266,404272,407592,6,3320,51,86400,1.00180722892
408409,408415,458616,6,50201,101,86400,1.00011951953
418575,418581,418582,6,1,2,3540,1.0
428190,428196,431722,6,3526,2,36000,1.00170164492
428191,428201,431629,10,3428,2,36000,1.00291715286
428192,428207,431483,15,3276,2,36000,1.00457875458
428193,428212,431646,19,3434,2,36000,1.00553290623
428195,428217,431506,22,3289,2,36000,1.00668896321
428196,428222,431654,26,3432,2,36000,1.00757575758
428197,428228,431555,31,3327,2,36000,1.00931770364
428199,428233,431735,34,3502,2,36000,1.00970873786
428200,428238,431549,38,3311,2,36000,1.0114768952
428201,428243,431678,42,3435,2,36000,1.01222707424
428202,428248,431661,46,3413,2,36000,1.0134778787
428204,428254,431527,50,3273,2,36000,1.01527650474
428205,428259,431435,54,3176,2,36000,1.01700251889
428206,428264,431759,58,3495,2,36000,1.01659513591
428207,428269,431462,62,3193,2,36000,1.01941747573
428209,428274,431918,65,3644,2,36000,1.01783754116
428210,428279,431744,69,3465,2,36000,1.01991341991
428211,428285,431542,74,3257,2,36000,1.02272029475
428212,428290,431823,78,3533,2,36000,1.02207755449
428214,428295,431706,81,3411,2,36000,1.02374670185
428215,428300,431892,85,3592,2,36000,1.0236636971
428216,428305,431601,89,3296,2,36000,1.02700242718
428218,428310,431767,92,3457,2,36000,1.02661266995
428219,428316,431821,97,3505,2,36000,1.02767475036
428220,428321,431556,101,3235,2,36000,1.03122102009
428221,428326,431749,105,3423,2,36000,1.03067484663
428223,428331,431620,108,3289,2,36000,1.03283672849
428224,428337,431819,113,3482,2,36000,1.03245261344
428225,428342,431801,117,3459,2,36000,1.03382480486
428226,428347,431775,121,3428,2,36000,1.03529754959
428228,428352,431957,124,3605,2,36000,1.03439667129
428229,428358,431693,129,3335,2,36000,1.03868065967
428230,428363,431769,133,3406,2,36000,1.03904873752
428231,428368,431847,137,3479,2,36000,1.03937913193
428233,428373,431918,140,3545,2,36000,1.0394922426
428234,428378,431633,144,3255,2,36000,1.04423963134
428235,428383,431494,148,3111,2,36000,1.04757312761
428237,428389,431814,152,3425,2,36000,1.04437956204
428238,428394,431840,156,3446,2,36000,1.04526987812
428239,428399,431871,160,3472,2,36000,1.04608294931
429444,429450,429451,6,1,2,3540,1.0
431437,431447,434866,10,3419,2,36000,1.00292483182
431464,431473,434746,9,3273,2,36000,1.00274977085
431486,431494,434712,8,3218,2,36000,1.00248601616
431500,431506,434861,6,3355,2,36000,1.00178837556
431515,431522,434833,7,3311,2,36000,1.0021141649
431530,431538,435073,8,3535,2,36000,1.00226308345
431545,431553,434917,8,3364,2,36000,1.00237812128
431561,431567,434903,6,3336,2,36000,1.00179856115
431562,431573,435099,11,3526,2,36000,1.00311968236
431563,431578,434977,15,3399,2,36000,1.00441306267
431602,431612,435043,10,3431,2,36000,1.00291460216
431620,431631,435220,11,3589,2,36000,1.00306492059
431636,431642,435061,6,3419,2,36000,1.00175489909
431637,431648,435159,11,3511,2,36000,1.00313301054
431652,431658,435020,6,3362,2,36000,1.00178465199
431667,431674,435092,7,3418,2,36000,1.00204798128
431669,431680,435146,11,3466,2,36000,1.00317368725
431684,431690,435265,6,3575,2,36000,1.00167832168
431698,431704,435172,6,3468,2,36000,1.00173010381
431713,431719,434985,6,3266,2,36000,1.00183710961
431728,431733,434946,5,3213,2,36000,1.00155617803
431742,431749,435317,7,3568,2,36000,1.00196188341
431757,431763,435245,6,3482,2,36000,1.00172314762
431758,431769,435524,11,3755,2,36000,1.00292942743
431773,431779,435250,6,3471,2,36000,1.00172860847
431775,431785,435320,10,3535,2,36000,1.00282885431
431776,431790,434883,14,3093,2,36000,1.00452634982
431791,431797,435281,6,3484,2,36000,1.00172215844
431806,431812,435172,6,3360,2,36000,1.00178571429
431821,431827,435234,6,3407,2,36000,1.00176108013
431823,431833,435187,10,3354,2,36000,1.00298151461
431824,431838,435354,14,3516,2,36000,1.0039817975
431840,431846,435344,6,3498,2,36000,1.00171526587
431841,431852,435346,11,3494,2,36000,1.00314825415
431856,431862,435170,6,3308,2,36000,1.00181378476
431874,431883,435306,9,3423,2,36000,1.00262927257
431895,431904,435413,9,3509,2,36000,1.00256483329
431920,431929,435298,9,3369,2,36000,1.00267141585
431921,431934,435327,13,3393,2,36000,1.00383141762
431957,431968,435561,11,3593,2,36000,1.00306150849
434712,434723,438157,11,3434,2,36000,1.0032032615
434748,434757,438164,9,3407,2,36000,1.00264162019
434835,434844,438073,9,3229,2,36000,1.00278724063
434862,434872,438373,10,3501,2,36000,1.00285632676
434877,434883,438096,6,3213,2,36000,1.00186741363
434892,434898,438071,6,3173,2,36000,1.00189095493
434907,434914,438292,7,3378,2,36000,1.00207223209
434921,434928,438435,7,3507,2,36000,1.00199600798
434948,434958,438451,10,3493,2,36000,1.00286286859
434979,434988,438536,9,3548,2,36000,1.00253664036
434993,435000,438671,7,3671,2,36000,1.00190683737
435021,435031,438428,10,3397,2,36000,1.00294377392
435044,435055,438467,11,3412,2,36000,1.00322391559
435063,435072,438320,9,3248,2,36000,1.00277093596
435077,435084,438499,7,3415,2,36000,1.00204978038
435095,435103,438490,8,3387,2,36000,1.00236197225
435110,435116,438265,6,3149,2,36000,1.00190536678
435149,435157,438573,8,3416,2,36000,1.00234192037
435164,435170,438633,6,3463,2,36000,1.00173260179
435179,435185,438814,6,3629,2,36000,1.00165334803
435180,435191,438253,11,3062,2,36000,1.00359242325
435182,435196,438312,14,3116,2,36000,1.00449293967
435196,435202,438556,6,3354,2,36000,1.00178890877
435223,435232,438493,9,3261,2,36000,1.0027598896
435238,435245,438578,7,3333,2,36000,1.00210021002
435253,435259,438679,6,3420,2,36000,1.00175438596
435254,435265,438683,11,3418,2,36000,1.00321825629
435269,435276,438690,7,3414,2,36000,1.00205038079
435285,435291,438626,6,3335,2,36000,1.00179910045
435300,435309,438633,9,3324,2,36000,1.00270758123
435315,435321,438681,6,3360,2,36000,1.00178571429
435330,435336,438617,6,3281,2,36000,1.00182871076
435331,435342,438929,11,3587,2,36000,1.0030666295
435333,435347,438672,14,3325,2,36000,1.00421052632
435348,435355,438747,7,3392,2,36000,1.00206367925
435349,435361,439067,12,3706,2,36000,1.00323799244
435364,435370,438838,6,3468,2,36000,1.00173010381
435415,435424,438832,9,3408,2,36000,1.00264084507
435528,435535,438843,7,3308,2,36000,1.00211608222
435564,435572,439063,8,3491,2,36000,1.00229160699
438075,438084,441532,9,3448,2,36000,1.00261020882
438076,438089,441469,13,3380,2,36000,1.00384615385
438100,438108,441719,8,3611,2,36000,1.00221545278
438160,438168,441660,8,3492,2,36000,1.00229095074
438174,438180,441615,6,3435,2,36000,1.00174672489
438256,438264,441706,8,3442,2,36000,1.0023242301
438271,438276,441876,5,3600,2,36000,1.00138888889
438295,438304,441814,9,3510,2,36000,1.00256410256
438312,438323,441600,11,3277,2,36000,1.00335672872
438327,438333,441839,6,3506,2,36000,1.00171135197
438376,438385,441748,9,3363,2,36000,1.00267618198
438430,438439,441864,9,3425,2,36000,1.00262773723
438445,438451,441894,6,3443,2,36000,1.00174266628
438459,438466,441839,7,3373,2,36000,1.00207530388
438474,438480,441743,6,3263,2,36000,1.00183879865
438492,438502,441828,10,3326,2,36000,1.00300661455
438507,438513,441726,6,3213,2,36000,1.00186741363
438509,438519,441949,10,3430,2,36000,1.0029154519
438539,438547,441902,8,3355,2,36000,1.00238450075
438560,438568,441986,8,3418,2,36000,1.00234055003
438575,438584,442098,9,3514,2,36000,1.00256118384
438589,438595,442288,6,3693,2,36000,1.00162469537
438619,438628,442058,9,3430,2,36000,1.00262390671
438635,438641,441892,6,3251,2,36000,1.00184558597
438636,438647,441939,11,3292,2,36000,1.00334143378
438637,438652,442125,15,3473,2,36000,1.00431903254
438674,438682,442115,8,3433,2,36000,1.00233032333
438675,438688,442229,13,3541,2,36000,1.0036712793
438690,438697,441863,7,3166,2,36000,1.00221099179
438692,438702,442233,10,3531,2,36000,1.00283205891
438693,438708,442166,15,3458,2,36000,1.0043377675
438694,438713,442104,19,3391,2,36000,1.00560306694
438749,438758,442232,9,3474,2,36000,1.00259067358
438816,438826,442231,10,3405,2,36000,1.00293685756
438834,438844,442234,10,3390,2,36000,1.00294985251
438849,438854,442222,5,3368,2,36000,1.00148456057
438850,438860,442419,10,3559,2,36000,1.00280977803
438932,438940,442370,8,3430,2,36000,1.00233236152
439065,439075,442515,10,3440,2,36000,1.00290697674
439080,439086,442452,6,3366,2,36000,1.00178253119
441477,441483,444973,6,3490,2,36000,1.00171919771
441534,441543,444975,9,3432,2,36000,1.00262237762
441600,441611,445215,11,3604,2,36000,1.00305216426
441618,441627,445044,9,3417,2,36000,1.00263388938
441660,441676,444987,16,3311,2,36000,1.00483237693
441708,441717,445220,9,3503,2,36000,1.00256922638
441723,441730,445121,7,3391,2,36000,1.00206428782
441738,441745,445260,7,3515,2,36000,1.00199146515
441753,441759,445115,6,3356,2,36000,1.00178784267
441755,441765,445311,10,3546,2,36000,1.00282007896
441815,441825,445178,10,3353,2,36000,1.00298240382
441830,441839,445318,9,3479,2,36000,1.00258695027
441845,441851,445367,6,3516,2,36000,1.00170648464
441846,441857,445268,11,3411,2,36000,1.00322486074
441865,441874,445243,9,3369,2,36000,1.00267141585
441866,441880,445457,14,3577,2,36000,1.00391389432
441881,441887,445285,6,3398,2,36000,1.00176574456
441896,441903,445428,7,3525,2,36000,1.0019858156
441898,441909,445307,11,3398,2,36000,1.00323719835
441913,441919,445316,6,3397,2,36000,1.00176626435
441940,441950,445199,10,3249,2,36000,1.00307787011
441955,441960,445122,5,3162,2,36000,1.00158127767
441988,441997,445511,9,3514,2,36000,1.00256118384
442060,442070,445617,10,3547,2,36000,1.0028192839
442100,442110,445384,10,3274,2,36000,1.00305436775
442115,442121,445441,6,3320,2,36000,1.00180722892
442130,442136,445400,6,3264,2,36000,1.00183823529
442131,442142,445472,11,3330,2,36000,1.0033033033
442167,442177,445730,10,3553,2,36000,1.00281452294
442225,442233,445642,8,3409,2,36000,1.00234672925
442241,442248,445420,7,3172,2,36000,1.00220680958
442243,442254,445763,11,3509,2,36000,1.00313479624
442245,442259,445547,14,3288,2,36000,1.00425790754
442246,442264,445567,18,3303,2,36000,1.00544959128
442247,442269,445733,22,3464,2,36000,1.00635103926
442289,442299,445659,10,3360,2,36000,1.00297619048
442371,442382,445669,11,3287,2,36000,1.00334651658
442422,442430,445932,8,3502,2,36000,1.00228440891
442456,442464,445907,8,3443,2,36000,1.00232355504
442516,442527,446347,11,3820,2,36000,1.00287958115
444975,444984,448423,9,3439,2,36000,1.00261703984
444990,444996,448418,6,3422,2,36000,1.00175336061
444991,445002,448462,11,3460,2,36000,1.00317919075
445046,445055,448523,9,3468,2,36000,1.00259515571
445117,445126,448588,9,3462,2,36000,1.00259965338
445132,445138,448485,6,3347,2,36000,1.00179265013
445133,445144,448402,11,3258,2,36000,1.00337630448
445181,445189,448386,8,3197,2,36000,1.00250234595
445199,445210,448633,11,3423,2,36000,1.00321355536
445217,445226,448650,9,3424,2,36000,1.00262850467
445232,445238,448641,6,3403,2,36000,1.00176315016
445247,445254,448695,7,3441,2,36000,1.00203429236
445261,445272,448561,11,3289,2,36000,1.00334448161
445276,445283,448740,7,3457,2,36000,1.00202487706
445291,445297,448698,6,3401,2,36000,1.001764187
445309,445318,448663,9,3345,2,36000,1.00269058296
445324,445330,448632,6,3302,2,36000,1.00181708056
445326,445336,448807,10,3471,2,36000,1.00288101412
445327,445341,448842,14,3501,2,36000,1.00399885747
445369,445378,448943,9,3565,2,36000,1.00252454418
445384,445395,448804,11,3409,2,36000,1.00322675271
445402,445412,449022,10,3610,2,36000,1.0027700831
445423,445431,448913,8,3482,2,36000,1.00229753016
445438,445444,448750,6,3306,2,36000,1.00181488203
445452,445458,449064,6,3606,2,36000,1.00166389351
445467,445473,448862,6,3389,2,36000,1.00177043376
445482,445488,448942,6,3454,2,36000,1.00173711639
445512,445522,449044,10,3522,2,36000,1.00283929585
445548,445558,449135,10,3577,2,36000,1.0027956388
445569,445579,449035,10,3456,2,36000,1.00289351852
445618,445628,449122,10,3494,2,36000,1.00286204923
445645,445653,449054,8,3401,2,36000,1.00235224934
445663,445671,449216,8,3545,2,36000,1.00225669958
445678,445684,449040,6,3356,2,36000,1.00178784267
445732,445741,449202,9,3461,2,36000,1.00260040451
445747,445753,449050,6,3297,2,36000,1.00181983621
445765,445774,449373,9,3599,2,36000,1.00250069464
445908,445919,449415,11,3496,2,36000,1.00314645309
445935,445944,449499,9,3555,2,36000,1.00253164557
446350,446359,449824,9,3465,2,36000,1.0025974026
448391,448396,451876,5,3480,2,36000,1.00143678161
448406,448413,451680,7,3267,2,36000,1.00214263851
448421,448429,451808,8,3379,2,36000,1.00236756437
448435,448442,451832,7,3390,2,36000,1.00206489676
448466,448473,451950,7,3477,2,36000,1.0020132298
448486,448497,451902,11,3405,2,36000,1.00323054332
448529,448535,451948,6,3413,2,36000,1.00175798418
448563,448572,451882,9,3310,2,36000,1.00271903323
448590,448599,451941,9,3342,2,36000,1.0026929982
448618,448624,448748,6,124,1,1800,1.04838709677
448635,448643,452112,8,3469,2,36000,1.0023061401
448637,448649,452157,12,3508,2,36000,1.00342075257
448652,448658,452134,6,3476,2,36000,1.00172612198
448653,448664,451982,11,3318,2,36000,1.00331525015
448668,448674,452216,6,3542,2,36000,1.00169395822
448699,448706,452118,7,3412,2,36000,1.00205158265
448700,448712,452047,12,3335,2,36000,1.0035982009
448742,448751,452025,9,3274,2,36000,1.00274893097
448757,448763,452284,6,3521,2,36000,1.00170406135
448805,448815,452194,10,3379,2,36000,1.00295945546
448820,448826,452353,6,3527,2,36000,1.00170116246
448844,448853,452065,9,3212,2,36000,1.00280199253
448865,448874,452119,9,3245,2,36000,1.00277349769
448915,448924,452202,9,3278,2,36000,1.00274557657
448945,448953,452409,8,3456,2,36000,1.00231481481
448947,448959,452443,12,3484,2,36000,1.00344431688
449026,449033,452444,7,3411,2,36000,1.00205218411
449041,449048,452545,7,3497,2,36000,1.00200171576
449043,449054,452473,11,3419,2,36000,1.003217315
449050,449060,449163,10,103,1,1800,1.09708737864
449058,449066,452672,8,3606,2,36000,1.00221852468
449059,449071,452540,12,3469,2,36000,1.00345921015
449060,449076,452826,16,3750,2,36000,1.00426666667
449075,449082,452569,7,3487,2,36000,1.00200745627
449123,449133,452542,10,3409,2,36000,1.00293341156
449138,449147,452413,9,3266,2,36000,1.00275566442
449205,449213,452711,8,3498,2,36000,1.00228702115
449220,449227,452679,7,3452,2,36000,1.00202780997
449372,449384,452933,12,3549,2,36000,1.00338123415
449417,449426,452826,9,3400,2,36000,1.00264705882
449502,449510,452879,8,3369,2,36000,1.00237459187
449813,449819,450369,6,550,1,1800,1.01090909091
449826,449835,453222,9,3387,2,36000,1.00265721878
451684,451691,454930,7,3239,2,36000,1.00216116085
451809,451819,455195,10,3376,2,36000,1.00296208531
451834,451843,455265,9,3422,2,36000,1.00263004091
451873,451887,455454,14,3567,2,36000,1.00392486683
451888,451894,455411,6,3517,2,36000,1.00170599943
451894,451900,451941,6,41,1,1800,1.14634146341
451903,451913,455308,10,3395,2,36000,1.0029455081
451942,451952,455446,10,3494,2,36000,1.00286204923
451958,451964,455455,6,3491,2,36000,1.00171870524
451959,451970,455377,11,3407,2,36000,1.0032286469
451983,451993,455379,10,3386,2,36000,1.00295333727
452025,452036,455263,11,3227,2,36000,1.00340873877
452049,452058,455589,9,3531,2,36000,1.00254885302
452067,452076,455350,9,3274,2,36000,1.00274893097
452116,452124,455439,8,3315,2,36000,1.002413273
452131,452137,455582,6,3445,2,36000,1.00174165457
452132,452143,455478,11,3335,2,36000,1.00329835082
452147,452153,455456,6,3303,2,36000,1.00181653043
452151,452159,452204,8,45,1,1800,1.17777777778
452162,452167,455497,5,3330,2,36000,1.0015015015
452195,452205,455605,10,3400,2,36000,1.00294117647
452210,452216,455635,6,3419,2,36000,1.00175489909
452223,452230,452306,7,76,1,1800,1.09210526316
452225,452236,455724,11,3488,2,36000,1.00315366972
452286,452295,455559,9,3264,2,36000,1.00275735294
452356,452364,455898,8,3534,2,36000,1.00226372383
452411,452421,455781,10,3360,2,36000,1.00297619048
452425,452432,455803,7,3371,2,36000,1.00207653515
452447,452454,455885,7,3431,2,36000,1.00204022151
452448,452460,455809,12,3349,2,36000,1.00358315915
452475,452485,455915,10,3430,2,36000,1.0029154519
452527,452534,452611,7,77,1,1800,1.09090909091
452541,452551,455978,10,3427,2,36000,1.00291800409
452543,452557,455994,14,3437,2,36000,1.00407331976
452558,452564,455822,6,3258,2,36000,1.00184162063
452573,452580,455822,7,3242,2,36000,1.00215916101
452676,452683,456051,7,3368,2,36000,1.0020783848
452691,452697,456141,6,3444,2,36000,1.00174216028
452712,452722,456055,10,3333,2,36000,1.00300030003
452824,452831,453064,7,233,1,1800,1.03004291845
452828,452836,456093,8,3257,2,36000,1.00245624808
452829,452842,456242,13,3400,2,36000,1.00382352941
452880,452890,456240,10,3350,2,36000,1.00298507463
452935,452944,456500,9,3556,2,36000,1.00253093363
453225,453233,456432,8,3199,2,36000,1.00250078149
453531,453537,453824,6,287,1,1800,1.02090592334
454461,454467,454496,6,29,1,1800,1.20689655172
454803,454809,454869,6,60,1,1800,1.1
454934,454941,458164,7,3223,2,36000,1.00217188954
455197,455207,458585,10,3378,2,36000,1.00296033156
455267,455274,458741,7,3467,2,36000,1.00201903663
455268,455280,458741,12,3461,2,36000,1.00346720601
455310,455320,458797,10,3477,2,36000,1.00287604257
455353,455361,458701,8,3340,2,36000,1.00239520958
455380,455388,458810,8,3422,2,36000,1.00233781414
455381,455394,458890,13,3496,2,36000,1.00371853547
455414,455422,458823,8,3401,2,36000,1.00235224934
455442,455450,458856,8,3406,2,36000,1.00234879624
455457,455463,459024,6,3561,2,36000,1.00168491997
455459,455469,458775,10,3306,2,36000,1.00302480339
455460,455474,458841,14,3367,2,36000,1.00415800416
455461,455479,459081,18,3602,2,36000,1.00499722376
455479,455489,458909,10,3420,2,36000,1.00292397661
455497,455508,459036,11,3528,2,36000,1.00311791383
455561,455570,458731,9,3161,2,36000,1.00284720025
455585,455594,459031,9,3437,2,36000,1.0026185627
455599,455606,458946,7,3340,2,36000,1.00209580838
455602,455612,455735,10,123,1,1800,1.08130081301
455614,455620,459253,6,3633,2,36000,1.00165152766
455635,455646,459027,11,3381,2,36000,1.0032534753
455726,455735,459230,9,3495,2,36000,1.0025751073
455784,455793,458902,9,3109,2,36000,1.00289482149
455805,455814,459380,9,3566,2,36000,1.00252383623
455820,455827,459269,7,3442,2,36000,1.00203370134
455835,455842,459179,7,3337,2,36000,1.00209769254
455837,455848,459140,11,3292,2,36000,1.00334143378
455888,455896,459271,8,3375,2,36000,1.00237037037
455903,455909,459422,6,3513,2,36000,1.00170794193
455918,455926,459433,8,3507,2,36000,1.00228115198
455982,455989,459290,7,3301,2,36000,1.00212056952
455996,456005,459389,9,3384,2,36000,1.00265957447
456054,456062,459419,8,3357,2,36000,1.00238308013
456068,456075,459522,7,3447,2,36000,1.00203075138
456095,456104,459686,9,3582,2,36000,1.00251256281
456144,456152,459651,8,3499,2,36000,1.00228636753
456244,456251,459613,7,3362,2,36000,1.00208209399
456245,456257,459641,12,3384,2,36000,1.00354609929
456433,456443,459752,10,3309,2,36000,1.00302206105
456503,456511,459898,8,3387,2,36000,1.00236197225
458165,458175,461647,10,3472,2,36000,1.00288018433
458587,458596,462102,9,3506,2,36000,1.00256702795
458702,458712,462016,10,3304,2,36000,1.00302663438
458732,458742,462146,10,3404,2,36000,1.00293772033
458747,458754,462181,7,3427,2,36000,1.00204260286
458749,458760,462340,11,3580,2,36000,1.0030726257
458776,458786,462177,10,3391,2,36000,1.0029489826
458800,458808,462182,8,3374,2,36000,1.00237107291
458814,458821,462274,7,3453,2,36000,1.0020272227
458829,458835,462326,6,3491,2,36000,1.00171870524
458844,458852,462258,8,3406,2,36000,1.00234879624
458859,458867,462187,8,3320,2,36000,1.00240963855
458892,458901,462235,9,3334,2,36000,1.00269946011
458907,458913,462482,6,3569,2,36000,1.00168114318
458922,458928,462281,6,3353,2,36000,1.00178944229
458949,458957,462552,8,3595,2,36000,1.00222531293
459025,459035,462435,10,3400,2,36000,1.00294117647
459041,459046,462320,5,3274,2,36000,1.00152718387
459042,459053,462359,11,3306,2,36000,1.00332728373
459043,459058,462514,15,3456,2,36000,1.00434027778
459083,459092,462521,9,3429,2,36000,1.00262467192
459143,459152,462540,9,3388,2,36000,1.00265643447
459179,459190,462502,11,3312,2,36000,1.00332125604
459231,459241,462663,10,3422,2,36000,1.00292226768
459255,459264,462434,9,3170,2,36000,1.00283911672
459270,459280,462929,10,3649,2,36000,1.00274047684
459285,459291,462612,6,3321,2,36000,1.00180668473
459300,459306,462727,6,3421,2,36000,1.00175387314
459381,459392,462800,11,3408,2,36000,1.00322769953
459396,459402,462844,6,3442,2,36000,1.00174317257
459420,459430,462679,10,3249,2,36000,1.00307787011
459436,459442,462984,6,3542,2,36000,1.00169395822
459437,459448,463010,11,3562,2,36000,1.00308815272
459525,459534,462687,9,3153,2,36000,1.00285442436
459616,459624,462982,8,3358,2,36000,1.00238237046
459643,459652,463137,9,3485,2,36000,1.00258249641
459658,459664,463103,6,3439,2,36000,1.00174469322
459689,459697,463000,8,3303,2,36000,1.00242204057
459755,459763,463171,8,3408,2,36000,1.00234741784
459901,459909,463682,8,3773,2,36000,1.00212032865
461648,461659,465169,11,3510,2,36000,1.00313390313
462019,462027,465289,8,3262,2,36000,1.00245248314
462104,462113,465489,9,3376,2,36000,1.00266587678
462149,462157,465324,8,3167,2,36000,1.00252604989
462179,462188,465470,9,3282,2,36000,1.00274223035
462195,462201,465652,6,3451,2,36000,1.00173862649
462196,462207,465483,11,3276,2,36000,1.00335775336
462197,462212,465539,15,3327,2,36000,1.00450856628
462236,462246,465792,10,3546,2,36000,1.00282007896
462260,462269,465637,9,3368,2,36000,1.00267220903
462275,462285,465657,10,3372,2,36000,1.00296559905
462290,462296,465807,6,3511,2,36000,1.00170891484
462321,462331,465794,10,3463,2,36000,1.00288766965
462335,462342,465772,7,3430,2,36000,1.00204081633
462350,462357,465798,7,3441,2,36000,1.00203429236
462365,462371,465808,6,3437,2,36000,1.00174570847
462435,462445,465830,10,3385,2,36000,1.00295420975
462450,462456,465914,6,3458,2,36000,1.001735107
462483,462493,465602,10,3109,2,36000,1.00321646832
462505,462513,465787,8,3274,2,36000,1.0024434942
462520,462525,465967,5,3442,2,36000,1.00145264381
462535,462541,465872,6,3331,2,36000,1.00180126088
462549,462555,465913,6,3358,2,36000,1.00178677784
462564,462570,466043,6,3473,2,36000,1.00172761301
462613,462623,465847,10,3224,2,36000,1.00310173697
462664,462674,466196,10,3522,2,36000,1.00283929585
462679,462690,466061,11,3371,2,36000,1.00326312667
462694,462700,465913,6,3213,2,36000,1.00186741363
462727,462738,466071,11,3333,2,36000,1.00330033003
462803,462811,466185,8,3374,2,36000,1.00237107291
462845,462855,466400,10,3545,2,36000,1.00282087447
462933,462941,466267,8,3326,2,36000,1.00240529164
462985,462993,466319,8,3326,2,36000,1.00240529164
462986,462999,466284,13,3285,2,36000,1.00395738204
463001,463011,466394,10,3383,2,36000,1.00295595625
463016,463022,466445,6,3423,2,36000,1.00175284838
463104,463115,466464,11,3349,2,36000,1.00328456256
463141,463149,466806,8,3657,2,36000,1.00218758545
463171,463182,466372,11,3190,2,36000,1.00344827586
463682,463693,466805,11,3112,2,36000,1.00353470437
465171,465180,468785,9,3605,2,36000,1.00249653259
465290,465300,468610,10,3310,2,36000,1.00302114804
465326,465335,468772,9,3437,2,36000,1.0026185627
465472,465482,468994,10,3512,2,36000,1.00284738041
465487,465494,468774,7,3280,2,36000,1.00213414634
465501,465508,468918,7,3410,2,36000,1.00205278592
465541,465550,468898,9,3348,2,36000,1.00268817204
465605,465613,469184,8,3571,2,36000,1.00224026883
465638,465648,469042,10,3394,2,36000,1.00294637596
465653,465663,469048,10,3385,2,36000,1.00295420975
465668,465674,469066,6,3392,2,36000,1.00176886792
465775,465784,469136,9,3352,2,36000,1.0026849642
465790,465801,469283,11,3482,2,36000,1.00315910396
465808,465814,469202,6,3388,2,36000,1.00177095632
465809,465820,469065,11,3245,2,36000,1.00338983051
465811,465825,469170,14,3345,2,36000,1.00418535127
465814,465830,469261,16,3431,2,36000,1.00466336345
465815,465836,468821,21,2985,2,36000,1.00703517588
465834,465842,469191,8,3349,2,36000,1.00238877277
465849,465858,469122,9,3264,2,36000,1.00275735294
465873,465883,469077,10,3194,2,36000,1.00313087038
465916,465923,469325,7,3402,2,36000,1.00205761317
465918,465930,469350,12,3420,2,36000,1.00350877193
465919,465935,469238,16,3303,2,36000,1.00484408114
465968,465978,469388,10,3410,2,36000,1.00293255132
466044,466054,469562,10,3508,2,36000,1.00285062714
466062,466072,469482,10,3410,2,36000,1.00293255132
466077,466083,469604,6,3521,2,36000,1.00170406135
466187,466196,469626,9,3430,2,36000,1.00262390671
466202,466207,469705,5,3498,2,36000,1.00142938822
466269,466279,469728,10,3449,2,36000,1.00289939113
466287,466295,469654,8,3359,2,36000,1.00238166121
466320,466330,469848,10,3518,2,36000,1.00284252416
466375,466383,469602,8,3219,2,36000,1.00248524386
466396,466405,469831,9,3426,2,36000,1.00262697023
466411,466417,469908,6,3491,2,36000,1.00171870524
466447,466456,469607,9,3151,2,36000,1.00285623612
466465,466476,469746,11,3270,2,36000,1.00336391437
466806,466822,469952,16,3130,2,36000,1.00511182109
466807,466816,469999,9,3183,2,36000,1.00282752121
468611,468621,472164,10,3543,2,36000,1.00282246684
468776,468783,472379,7,3596,2,36000,1.00194660734
468777,468789,472429,12,3640,2,36000,1.0032967033
468792,468798,472363,6,3565,2,36000,1.00168302945
468822,468832,472028,10,3196,2,36000,1.00312891114
468901,468909,472416,8,3507,2,36000,1.00228115198
468919,468930,472361,11,3431,2,36000,1.00320606237
468997,469005,472312,8,3307,2,36000,1.00241911098
469043,469053,472288,10,3235,2,36000,1.00309119011
469059,469065,472445,6,3380,2,36000,1.00177514793
469075,469081,472632,6,3551,2,36000,1.00168966488
469076,469087,472494,11,3407,2,36000,1.0032286469
469091,469098,472557,7,3459,2,36000,1.00202370627
469125,469133,472888,8,3755,2,36000,1.00213049268
469141,469148,472681,7,3533,2,36000,1.00198131899
469174,469181,472536,7,3355,2,36000,1.00208643815
469190,469195,472635,5,3440,2,36000,1.00145348837
469205,469211,472698,6,3487,2,36000,1.0017206768
469206,469217,472776,11,3559,2,36000,1.00309075583
469240,469250,473226,10,3976,2,36000,1.00251509054
469269,469275,472873,6,3598,2,36000,1.00166759311
469284,469294,472542,10,3248,2,36000,1.00307881773
469327,469336,472723,9,3387,2,36000,1.00265721878
469351,469361,472765,10,3404,2,36000,1.00293772033
469391,469399,472883,8,3484,2,36000,1.00229621125
469485,469493,473074,8,3581,2,36000,1.00223401285
469566,469573,472749,7,3176,2,36000,1.00220403023
469603,469613,473384,10,3771,2,36000,1.00265181649
469619,469625,472930,6,3305,2,36000,1.00181543116
469620,469631,473165,11,3534,2,36000,1.00311262026
469634,469641,473039,7,3398,2,36000,1.00206003531
469656,469665,473023,9,3358,2,36000,1.00268016677
469706,469716,473152,10,3436,2,36000,1.00291036088
469730,469739,473071,9,3332,2,36000,1.00270108043
469748,469758,473254,10,3496,2,36000,1.0028604119
469833,469842,473444,9,3602,2,36000,1.00249861188
469851,469860,473179,9,3319,2,36000,1.00271166014
469912,469920,473182,8,3262,2,36000,1.00245248314
469955,469963,473546,8,3583,2,36000,1.00223276584
470000,470011,473394,11,3383,2,36000,1.00325155188
472029,472039,475309,10,3270,2,36000,1.00305810398
472118,472124,788272,6,316148,4,604800,1.00001897845
472166,472176,475408,10,3232,2,36000,1.00309405941
472290,472299,475640,9,3341,2,36000,1.00269380425
472314,472324,475912,10,3588,2,36000,1.002787068
472363,472372,475533,9,3161,2,36000,1.00284720025
472377,472384,475923,7,3539,2,36000,1.00197795988
472392,472398,475818,6,3420,2,36000,1.00175438596
472416,472427,475881,11,3454,2,36000,1.00318471338
472431,472441,475932,10,3491,2,36000,1.00286450874
472446,472457,475688,11,3231,2,36000,1.00340451872
472495,472505,476065,10,3560,2,36000,1.00280898876
472537,472547,475992,10,3445,2,36000,1.00290275762
472552,472559,475885,7,3326,2,36000,1.00210463019
472567,472573,476039,6,3466,2,36000,1.00173110214
472608,472615,617058,7,144443,1,216000,1.00004846202
472634,472643,476083,9,3440,2,36000,1.00261627907
472649,472655,475844,6,3189,2,36000,1.00188146754
472682,472692,476164,10,3472,2,36000,1.00288018433
472700,472709,476041,9,3332,2,36000,1.00270108043
472724,472736,476210,12,3474,2,36000,1.00345423143
472725,472730,619562,5,146832,1,216000,1.00003405252
472751,472760,476203,9,3443,2,36000,1.00261399942
472767,472776,476177,9,3401,2,36000,1.00264628051
472782,472787,476108,5,3321,2,36000,1.00150557061
472872,472884,476369,12,3485,2,36000,1.00344332855
472888,472894,476452,6,3558,2,36000,1.00168634064
472889,472900,476366,11,3466,2,36000,1.00317368725
472931,472941,476482,10,3541,2,36000,1.002824061
473026,473035,476155,9,3120,2,36000,1.00288461538
473041,473050,476472,9,3422,2,36000,1.00263004091
473074,473082,476681,8,3599,2,36000,1.00222283968
473076,473088,476515,12,3427,2,36000,1.0035016049
473155,473164,476366,9,3202,2,36000,1.00281074329
473169,473175,476481,6,3306,2,36000,1.00181488203
473185,473191,476714,6,3523,2,36000,1.00170309395
473186,473197,476682,11,3485,2,36000,1.00315638451
473229,473237,476442,8,3205,2,36000,1.00249609984
473256,473265,476682,9,3417,2,36000,1.00263388938
473386,473395,476827,9,3432,2,36000,1.00262237762
473401,473407,476879,6,3472,2,36000,1.0017281106
473446,473455,476696,9,3241,2,36000,1.0027769207
473549,473557,476933,8,3376,2,36000,1.00236966825
475311,475320,478975,9,3655,2,36000,1.0024623803
475411,475419,478668,8,3249,2,36000,1.00246229609
475534,475544,479190,10,3646,2,36000,1.00274273176
484453,484460,549127,7,64667,64,86400,1.00010824686
504207,504213,611146,6,106933,16,230400,1.0000561099
504959,504965,504966,6,1,2,3540,1.0
515833,515839,515840,6,1,2,3540,1.0
516323,516329,519692,6,3363,2,36000,1.00178412132
516324,516335,519508,11,3173,2,36000,1.00346675071
516326,516340,519875,14,3535,2,36000,1.00396039604
516327,516345,519635,18,3290,2,36000,1.00547112462
516328,516350,519609,22,3259,2,36000,1.00675053697
516329,516356,519871,27,3515,2,36000,1.00768136558
516331,516362,519809,31,3447,2,36000,1.00899332753
516332,516367,519550,35,3183,2,36000,1.0109959158
516333,516372,519745,39,3373,2,36000,1.01156240735
516334,516377,519844,43,3467,2,36000,1.01240265359
516336,516382,519864,46,3482,2,36000,1.01321079839
516337,516388,519887,51,3499,2,36000,1.01457559303
516338,516393,519655,55,3262,2,36000,1.01686082158
516340,516398,519857,58,3459,2,36000,1.01676785198
516341,516403,520069,62,3666,2,36000,1.01691216585
516343,516408,520140,65,3732,2,36000,1.01741693462
516344,516413,519722,69,3309,2,36000,1.02085222121
516345,516419,519758,74,3339,2,36000,1.02216232405
516346,516424,520309,78,3885,2,36000,1.02007722008
516348,516429,519795,81,3366,2,36000,1.02406417112
516349,516434,519919,85,3485,2,36000,1.0243902439
516350,516439,519809,89,3370,2,36000,1.02640949555
516351,516444,519681,93,3237,2,36000,1.02873030584
516353,516449,519797,96,3348,2,36000,1.02867383513
516354,516455,519823,101,3368,2,36000,1.02998812352
516355,516460,519734,105,3274,2,36000,1.03207086133
516356,516465,519938,109,3473,2,36000,1.03138496977
516358,516471,519725,113,3254,2,36000,1.03472649047
516359,516476,519962,117,3486,2,36000,1.03356282272
516360,516481,519960,121,3479,2,36000,1.03478010923
516362,516486,519844,124,3358,2,36000,1.03692674211
516363,516492,519858,129,3366,2,36000,1.03832442068
516364,516497,519739,133,3242,2,36000,1.04102405922
516365,516502,519728,137,3226,2,36000,1.04246745195
516367,516507,519951,140,3444,2,36000,1.0406504065
516368,516512,519984,144,3472,2,36000,1.04147465438
516369,516517,520018,148,3501,2,36000,1.0422736361
516370,516523,519874,153,3351,2,36000,1.04565801253
516372,516528,520038,156,3510,2,36000,1.04444444444
516373,516533,519844,160,3311,2,36000,1.04832376925
519511,519519,522930,8,3411,2,36000,1.00234535327
519553,519561,522885,8,3324,2,36000,1.00240673887
519611,519620,523178,9,3558,2,36000,1.00252951096
519638,519646,523213,8,3567,2,36000,1.00224278105
519656,519666,522943,10,3277,2,36000,1.00305157156
519682,519692,523305,10,3613,2,36000,1.00276778301
519698,519704,523029,6,3325,2,36000,1.00180451128
519726,519736,523082,10,3346,2,36000,1.00298864316
519727,519741,523180,14,3439,2,36000,1.00407095086
519743,519749,523203,6,3454,2,36000,1.00173711639
519744,519755,523003,11,3248,2,36000,1.00338669951
519745,519760,523302,15,3542,2,36000,1.00423489554
519761,519767,523036,6,3269,2,36000,1.00183542368
519762,519773,523158,11,3385,2,36000,1.00324963072
519799,519809,523108,10,3299,2,36000,1.00303122158
519800,519814,523187,14,3373,2,36000,1.00415060777
519815,519821,522997,6,3176,2,36000,1.00188916877
519817,519827,523372,10,3545,2,36000,1.00282087447
519832,519838,523239,6,3401,2,36000,1.001764187
519848,519855,523227,7,3372,2,36000,1.00207591934
519849,519860,523211,11,3351,2,36000,1.00328260221
519850,519866,523508,16,3642,2,36000,1.00439319055
519866,519872,523070,6,3198,2,36000,1.00187617261
519867,519878,523445,11,3567,2,36000,1.00308382394
519868,519883,523077,15,3194,2,36000,1.00469630557
519884,519890,523463,6,3573,2,36000,1.00167926113
519885,519896,523363,11,3467,2,36000,1.00317277185
519887,519901,523383,14,3482,2,36000,1.00402067777
519901,519907,523389,6,3482,2,36000,1.00172314762
519919,519930,523072,11,3142,2,36000,1.00350095481
519940,519950,523265,10,3315,2,36000,1.00301659125
519955,519962,523368,7,3406,2,36000,1.00205519671
519971,519977,523414,6,3437,2,36000,1.00174570847
519972,519983,523357,11,3374,2,36000,1.00326022525
519987,519996,523409,9,3413,2,36000,1.00263697627
520020,520029,523375,9,3346,2,36000,1.00268977884
520041,520050,523544,9,3494,2,36000,1.0025758443
520071,520081,523366,10,3285,2,36000,1.00304414003
520141,520152,523731,11,3579,2,36000,1.00307348421
520312,520320,523801,8,3481,2,36000,1.00229819018
522887,522897,526264,10,3367,2,36000,1.00297000297
522933,522941,526495,8,3554,2,36000,1.00225098481
522948,522954,526320,6,3366,2,36000,1.00178253119
522999,523009,526307,10,3298,2,36000,1.00303214069
523014,523020,526249,6,3229,2,36000,1.00185816042
523032,523040,526450,8,3410,2,36000,1.00234604106
523047,523053,526657,6,3604,2,36000,1.00166481687
523074,523081,526513,7,3432,2,36000,1.00203962704
523075,523087,526396,12,3309,2,36000,1.00362647325
523090,523096,526293,6,3197,2,36000,1.00187675946
523091,523102,526562,11,3460,2,36000,1.00317919075
523109,523119,526704,10,3585,2,36000,1.00278940028
523160,523169,526476,9,3307,2,36000,1.00272149985
523182,523189,526618,7,3429,2,36000,1.00204141149
523184,523195,526684,11,3489,2,36000,1.00315276584
523198,523204,526669,6,3465,2,36000,1.00173160173
523214,523220,526678,6,3458,2,36000,1.001735107
523215,523226,526661,11,3435,2,36000,1.00320232897
523216,523231,526720,15,3489,2,36000,1.00429922614
523231,523237,526636,6,3399,2,36000,1.00176522507
523247,523253,526534,6,3281,2,36000,1.00182871076
523268,523276,526721,8,3445,2,36000,1.0023222061
523304,523314,526774,10,3460,2,36000,1.00289017341
523319,523325,526511,6,3186,2,36000,1.00188323917
523358,523368,526637,10,3269,2,36000,1.00305903946
523375,523381,527130,6,3749,2,36000,1.00160042678
523376,523387,526792,11,3405,2,36000,1.00323054332
523377,523392,526656,15,3264,2,36000,1.00459558824
523379,523397,526595,18,3198,2,36000,1.00562851782
523380,523403,526748,23,3345,2,36000,1.00687593423
523395,523409,526849,14,3440,2,36000,1.00406976744
523396,523414,526727,18,3313,2,36000,1.00543314217
523411,523420,526674,9,3254,2,36000,1.00276582667
523426,523432,526858,6,3426,2,36000,1.00175131349
523447,523457,526883,10,3426,2,36000,1.00291885581
523465,523474,526754,9,3280,2,36000,1.00274390244
523507,523519,526797,12,3278,2,36000,1.00366076876
523546,523555,526885,9,3330,2,36000,1.0027027027
523732,523743,527370,11,3627,2,36000,1.00303280948
523805,523813,527247,8,3434,2,36000,1.00232964473
526250,526260,529690,10,3430,2,36000,1.0029154519
526265,526275,529573,10,3298,2,36000,1.00303214069
526295,526304,529924,9,3620,2,36000,1.00248618785
526310,526318,529649,8,3331,2,36000,1.00240168118
526325,526331,529717,6,3386,2,36000,1.00177200236
526397,526408,529679,11,3271,2,36000,1.00336288597
526452,526461,529788,9,3327,2,36000,1.00270513977
526479,526487,529950,8,3463,2,36000,1.00231013572
526497,526507,529889,10,3382,2,36000,1.00295683028
526512,526522,529955,10,3433,2,36000,1.00291290417
526527,526533,530013,6,3480,2,36000,1.00172413793
526542,526548,529891,6,3343,2,36000,1.00179479509
526563,526573,529867,10,3294,2,36000,1.00303582271
526596,526606,530129,10,3523,2,36000,1.00283848992
526620,526630,530107,10,3477,2,36000,1.00287604257
526639,526647,529779,8,3132,2,36000,1.00255427842
526640,526653,530093,13,3440,2,36000,1.00377906977
526659,526667,530132,8,3465,2,36000,1.00230880231
526660,526673,529870,13,3197,2,36000,1.00406631217
526676,526682,530461,6,3779,2,36000,1.00158772162
526677,526688,530060,11,3372,2,36000,1.00326215896
526678,526693,529931,15,3238,2,36000,1.00463248919
526694,526699,530175,5,3476,2,36000,1.00143843498
526695,526705,530099,10,3394,2,36000,1.00294637596
526710,526716,530084,6,3368,2,36000,1.00178147268
526725,526731,530154,6,3423,2,36000,1.00175284838
526727,526737,530175,10,3438,2,36000,1.00290866783
526741,526747,530202,6,3455,2,36000,1.0017366136
526756,526762,530228,6,3466,2,36000,1.00173110214
526758,526768,529879,10,3111,2,36000,1.00321440051
526776,526785,530259,9,3474,2,36000,1.00259067358
526794,526803,530205,9,3402,2,36000,1.00264550265
526809,526815,530391,6,3576,2,36000,1.00167785235
526851,526861,530443,10,3582,2,36000,1.00279173646
526866,526872,530259,6,3387,2,36000,1.00177147919
526884,526894,530238,10,3344,2,36000,1.00299043062
526899,526905,530432,6,3527,2,36000,1.00170116246
527124,527142,530581,18,3439,2,36000,1.00523407967
527248,527258,530450,10,3192,2,36000,1.00313283208
527372,527381,530431,9,3050,2,36000,1.00295081967
529575,529584,532994,9,3410,2,36000,1.00263929619
529650,529660,533028,10,3368,2,36000,1.00296912114
529680,529690,532945,10,3255,2,36000,1.00307219662
529695,529701,532901,6,3200,2,36000,1.001875
529719,529728,533171,9,3443,2,36000,1.00261399942
529780,529790,533294,10,3504,2,36000,1.00285388128
529795,529801,533065,6,3264,2,36000,1.00183823529
529868,529878,533179,10,3301,2,36000,1.00302938503
529883,529889,533205,6,3316,2,36000,1.00180940893
529884,529895,533210,11,3315,2,36000,1.00331825038
529900,529906,533298,6,3392,2,36000,1.00176886792
529901,529912,533316,11,3404,2,36000,1.00323149236
529925,529935,533402,10,3467,2,36000,1.00288433804
529940,529946,533428,6,3482,2,36000,1.00172314762
529955,529961,533225,6,3264,2,36000,1.00183823529
529970,529976,533220,6,3244,2,36000,1.00184956843
530016,530025,533282,9,3257,2,36000,1.00276327909
530061,530071,533665,10,3594,2,36000,1.00278241514
530085,530095,533563,10,3468,2,36000,1.00288350634
530100,530107,533496,7,3389,2,36000,1.00206550605
530102,530113,533293,11,3180,2,36000,1.0034591195
530117,530123,533226,6,3103,2,36000,1.00193361263
530132,530141,533545,9,3404,2,36000,1.0026439483
530147,530153,533564,6,3411,2,36000,1.00175901495
530162,530168,533420,6,3252,2,36000,1.00184501845
530177,530185,533797,8,3612,2,36000,1.00221483942
530178,530190,533568,12,3378,2,36000,1.00355239787
530206,530213,533753,7,3540,2,36000,1.00197740113
530207,530219,533905,12,3686,2,36000,1.00325556158
530231,530240,533577,9,3337,2,36000,1.00269703326
530247,530253,533446,6,3193,2,36000,1.00187911055
530262,530270,533493,8,3223,2,36000,1.00248215948
530263,530275,533468,12,3193,2,36000,1.00375822111
530393,530403,533850,10,3447,2,36000,1.0029010734
530433,530442,533772,9,3330,2,36000,1.0027027027
530435,530448,533920,13,3472,2,36000,1.00374423963
530450,530456,533860,6,3404,2,36000,1.0017626322
530465,530472,533825,7,3353,2,36000,1.00208768267
530467,530478,533834,11,3356,2,36000,1.00327771156
530582,530593,534109,11,3516,2,36000,1.00312855518
532903,532912,536280,9,3368,2,36000,1.00267220903
532948,532957,536376,9,3419,2,36000,1.00263234864
532996,533006,536410,10,3404,2,36000,1.00293772033
533029,533039,536403,10,3364,2,36000,1.00297265161
533066,533076,536697,10,3621,2,36000,1.00276166805
533175,533183,536536,8,3353,2,36000,1.00238592305
533189,533196,536611,7,3415,2,36000,1.00204978038
533208,533216,536306,8,3090,2,36000,1.00258899676
533223,533229,536559,6,3330,2,36000,1.0018018018
533224,533235,536760,11,3525,2,36000,1.00312056738
533239,533245,536743,6,3498,2,36000,1.00171526587
533240,533251,536554,11,3303,2,36000,1.00333030578
533286,533294,536747,8,3453,2,36000,1.00231682595
533302,533308,536655,6,3347,2,36000,1.00179265013
533303,533314,536843,11,3529,2,36000,1.00311703032
533304,533319,536727,15,3408,2,36000,1.00440140845
533319,533327,536744,8,3417,2,36000,1.002341235
533404,533414,536780,10,3366,2,36000,1.00297088532
533422,533431,536789,9,3358,2,36000,1.00268016677
533437,533443,536808,6,3365,2,36000,1.00178306092
533452,533458,537041,6,3583,2,36000,1.00167457438
533470,533480,536808,10,3328,2,36000,1.00300480769
533496,533504,537154,8,3650,2,36000,1.00219178082
533497,533510,536965,13,3455,2,36000,1.00376266281
533546,533556,536975,10,3419,2,36000,1.00292483182
533565,533580,537083,15,3503,2,36000,1.00428204396
533566,533574,537137,8,3563,2,36000,1.00224529891
533581,533592,536774,11,3182,2,36000,1.00345694532
533583,533597,537137,14,3540,2,36000,1.00395480226
533668,533676,537643,8,3967,2,36000,1.00201663726
533756,533765,537081,9,3316,2,36000,1.00271411339
533774,533783,537077,9,3294,2,36000,1.00273224044
533798,533808,536975,10,3167,2,36000,1.00315756236
533826,533836,537274,10,3438,2,36000,1.00290866783
533841,533847,537367,6,3520,2,36000,1.00170454545
533856,533862,537203,6,3341,2,36000,1.0017958695
533871,533877,537383,6,3506,2,36000,1.00171135197
533907,533916,537394,9,3478,2,36000,1.00258769408
533922,533931,537324,9,3393,2,36000,1.00265251989
534110,534120,537533,10,3413,2,36000,1.00292997363
534986,534992,535112,6,120,1,1800,1.05
535420,535426,535528,6,102,1,1800,1.05882352941
536169,536175,536732,6,557,1,1800,1.01077199282
536281,536291,539719,10,3428,2,36000,1.00291715286
536308,536317,539707,9,3390,2,36000,1.00265486726
536378,536387,539753,9,3366,2,36000,1.00267379679
536405,536414,539799,9,3385,2,36000,1.00265878877
536420,536426,539784,6,3358,2,36000,1.00178677784
536538,536547,540125,9,3578,2,36000,1.00251537172
536556,536565,540006,9,3441,2,36000,1.00261551874
536571,536577,540039,6,3462,2,36000,1.00173310225
536613,536622,539982,9,3360,2,36000,1.00267857143
536656,536666,539934,10,3268,2,36000,1.00305997552
536698,536709,540128,11,3419,2,36000,1.003217315
536728,536738,540107,10,3369,2,36000,1.00296823983
536747,536754,540170,7,3416,2,36000,1.00204918033
536748,536759,540070,11,3311,2,36000,1.00332225914
536750,536765,540169,15,3404,2,36000,1.00440658049
536765,536771,540227,6,3456,2,36000,1.00173611111
536780,536786,540452,6,3666,2,36000,1.00163666121
536782,536792,540061,10,3269,2,36000,1.00305903946
536797,536803,540322,6,3519,2,36000,1.00170502984
536812,536820,540317,8,3497,2,36000,1.00228767515
536814,536825,540168,11,3343,2,36000,1.00329045767
536844,536854,540253,10,3399,2,36000,1.00294204178
536968,536976,540487,8,3511,2,36000,1.00227855312
536983,536990,540273,7,3283,2,36000,1.00213219616
536985,536995,540330,10,3335,2,36000,1.00299850075
537042,537052,540327,10,3275,2,36000,1.00305343511
537079,537088,540576,9,3488,2,36000,1.00258027523
537094,537100,540415,6,3315,2,36000,1.00180995475
537095,537106,540464,11,3358,2,36000,1.00327575938
537138,537148,540615,10,3467,2,36000,1.00288433804
537139,537153,540265,14,3112,2,36000,1.00449871465
537158,537165,540309,7,3144,2,36000,1.0022264631
537206,537215,540524,9,3309,2,36000,1.00271985494
537275,537285,540761,10,3476,2,36000,1.00287686997
537327,537335,540826,8,3491,2,36000,1.00229160699
537370,537378,540758,8,3380,2,36000,1.00236686391
537385,537394,540881,9,3487,2,36000,1.0025810152
537400,537405,540725,5,3320,2,36000,1.0015060241
537534,537545,540847,11,3302,2,36000,1.00333131435
537646,537654,541072,8,3418,2,36000,1.00234055003
538300,538307,538346,7,39,1,1800,1.17948717949
538515,538522,538572,7,50,1,1800,1.14
538629,538635,538707,6,72,1,1800,1.08333333333
538892,538898,538974,6,76,1,1800,1.07894736842
539222,539228,539474,6,246,1,1800,1.0243902439
539709,539718,543016,9,3298,2,36000,1.00272892662
539724,539729,543242,5,3513,2,36000,1.00142328494
539754,539764,543295,10,3531,2,36000,1.00283205891
539790,539796,543076,6,3280,2,36000,1.00182926829
539806,539812,543167,6,3355,2,36000,1.00178837556
539888,539894,540179,6,285,1,1800,1.02105263158
539936,539946,543424,10,3478,2,36000,1.00287521564
539984,539994,543573,10,3579,2,36000,1.00279407656
540008,540018,543317,10,3299,2,36000,1.00303122158
540041,540050,543462,9,3412,2,36000,1.00263774912
540062,540072,543596,10,3524,2,36000,1.00283768445
540077,540084,543595,7,3511,2,36000,1.00199373398
540108,540118,543434,10,3316,2,36000,1.00301568154
540126,540136,543510,10,3374,2,36000,1.00296384114
540141,540147,543262,6,3115,2,36000,1.00192616372
540171,540180,543476,9,3296,2,36000,1.00273058252
540173,540185,543498,12,3313,2,36000,1.00362209478
540174,540191,543385,17,3194,2,36000,1.00532247965
540228,540238,543631,10,3393,2,36000,1.00294724433
540255,540264,543622,9,3358,2,36000,1.00268016677
540270,540276,543672,6,3396,2,36000,1.00176678445
540285,540291,543803,6,3512,2,36000,1.00170842825
540312,540320,543707,8,3387,2,36000,1.00236197225
540328,540333,543806,5,3473,2,36000,1.00143967751
540329,540339,543545,10,3206,2,36000,1.00311915159
540330,540344,543718,14,3374,2,36000,1.00414937759
540345,540352,543848,7,3496,2,36000,1.00200228833
540418,540426,543716,8,3290,2,36000,1.00243161094
540454,540463,543881,9,3418,2,36000,1.00263311878
540469,540475,543769,6,3294,2,36000,1.00182149362
540490,540498,543890,8,3392,2,36000,1.00235849057
540526,540536,543739,10,3203,2,36000,1.00312207306
540578,540587,544076,9,3489,2,36000,1.00257953568
540617,540627,544096,10,3469,2,36000,1.00288267512
540726,540736,544051,10,3315,2,36000,1.00301659125
540759,540769,544108,10,3339,2,36000,1.00299490866
540774,540781,544286,7,3505,2,36000,1.00199714693
540829,540837,544236,8,3399,2,36000,1.00235363342
540850,540858,544112,8,3254,2,36000,1.0024585126
540882,540888,540916,6,28,1,1800,1.21428571429
540883,540894,544405,11,3511,2,36000,1.00313301054
541074,541083,544443,9,3360,2,36000,1.00267857143
541209,541215,541276,6,61,1,1800,1.09836065574
542021,542027,542148,6,121,1,1800,1.04958677686
543017,543027,546646,10,3619,2,36000,1.00276319425
543077,543087,546488,10,3401,2,36000,1.00294031167
543168,543178,546408,10,3230,2,36000,1.00309597523
543244,543253,546717,9,3464,2,36000,1.00259815242
543266,543273,546714,7,3441,2,36000,1.00203429236
543299,543307,546616,8,3309,2,36000,1.00241764884
543320,543328,546487,8,3159,2,36000,1.00253244698
543386,543397,546586,11,3189,2,36000,1.00344935717
543426,543436,546785,10,3349,2,36000,1.00298596596
543441,543447,546967,6,3520,2,36000,1.00170454545
543465,543473,546778,8,3305,2,36000,1.00242057489
543480,543487,547002,7,3515,2,36000,1.00199146515
543501,543510,546728,9,3218,2,36000,1.00279676818
543516,543522,546799,6,3277,2,36000,1.00183094294
543546,543556,546845,10,3289,2,36000,1.00304043782
543576,543584,547040,8,3456,2,36000,1.00231481481
543598,543607,546748,9,3141,2,36000,1.00286532951
543599,543612,546959,13,3347,2,36000,1.00388407529
543623,543633,547006,10,3373,2,36000,1.00296471983
543638,543644,547423,6,3779,2,36000,1.00158772162
543675,543683,547209,8,3526,2,36000,1.0022688599
543708,543719,547197,11,3478,2,36000,1.00316273721
543724,543730,547016,6,3286,2,36000,1.00182592818
543725,543736,546996,11,3260,2,36000,1.00337423313
543740,543750,546886,10,3136,2,36000,1.00318877551
543770,543780,547005,10,3225,2,36000,1.00310077519
543803,543814,547090,11,3276,2,36000,1.00335775336
543818,543824,547193,6,3369,2,36000,1.0017809439
543848,543859,547138,11,3279,2,36000,1.00335468131
543882,543892,547151,10,3259,2,36000,1.0030684259
543897,543903,547235,6,3332,2,36000,1.00180072029
544055,544062,547342,7,3280,2,36000,1.00213414634
544078,544088,547677,10,3589,2,36000,1.00278629145
544096,544107,547799,11,3692,2,36000,1.00297941495
544112,544120,547674,8,3554,2,36000,1.00225098481
544126,544133,547684,7,3551,2,36000,1.0019712757
544238,544247,547752,9,3505,2,36000,1.00256776034
544288,544297,547718,9,3421,2,36000,1.0026308097
544406,544416,547721,10,3305,2,36000,1.00302571861
544445,544455,547840,10,3385,2,36000,1.00295420975
546410,546420,549953,10,3533,2,36000,1.0028304557
546489,546498,549901,9,3403,2,36000,1.00264472524
546490,546504,549914,14,3410,2,36000,1.00410557185
546587,546597,549731,10,3134,2,36000,1.00319081047
546617,546627,550074,10,3447,2,36000,1.0029010734
546647,546657,550094,10,3437,2,36000,1.00290951411
546717,546725,550143,8,3418,2,36000,1.00234055003
546732,546739,550167,7,3428,2,36000,1.002042007
546734,546744,550186,10,3442,2,36000,1.00290528762
546752,546759,550026,7,3267,2,36000,1.00214263851
546780,546790,550079,10,3289,2,36000,1.00304043782
546795,546801,550220,6,3419,2,36000,1.00175489909
546810,546816,550255,6,3439,2,36000,1.00174469322
546847,546856,550224,9,3368,2,36000,1.00267220903
546889,546897,550190,8,3293,2,36000,1.00242939569
546962,546970,550524,8,3554,2,36000,1.00225098481
546977,546983,550214,6,3231,2,36000,1.00185701021
546998,547008,550462,10,3454,2,36000,1.00289519398
547014,547020,550438,6,3418,2,36000,1.00175541252
547015,547026,550352,11,3326,2,36000,1.00330727601
547016,547031,550402,15,3371,2,36000,1.00444971818
547031,547037,550417,6,3380,2,36000,1.00177514793
547046,547052,550437,6,3385,2,36000,1.00177252585
547092,547101,550276,9,3175,2,36000,1.00283464567
547140,547150,550874,10,3724,2,36000,1.00268528464
547155,547161,550708,6,3547,2,36000,1.00169157034
547195,547204,550481,9,3277,2,36000,1.0027464144
547210,547216,550693,6,3477,2,36000,1.00172562554
547212,547222,550607,10,3385,2,36000,1.00295420975
547236,547246,550684,10,3438,2,36000,1.00290866783
547345,547354,550590,9,3236,2,36000,1.00278121137
547424,547434,550538,10,3104,2,36000,1.00322164948
547678,547685,550918,7,3233,2,36000,1.00216517167
547679,547691,551084,12,3393,2,36000,1.00353669319
547694,547700,550972,6,3272,2,36000,1.00183374083
547719,547729,551193,10,3464,2,36000,1.00288683603
547733,547739,551097,6,3358,2,36000,1.00178677784
547754,547763,551147,9,3384,2,36000,1.00265957447
547800,547810,551186,10,3376,2,36000,1.00296208531
547842,547851,551383,9,3532,2,36000,1.00254813137
548171,548178,577014,7,28836,16,28800,1.00024275212
549734,549742,552964,8,3222,2,36000,1.00248292986
549902,549912,553329,10,3417,2,36000,1.00292654375
549917,549925,553233,8,3308,2,36000,1.00241837969
549956,549964,553164,8,3200,2,36000,1.0025
550029,550037,553161,8,3124,2,36000,1.00256081946
550075,550086,553545,11,3459,2,36000,1.00318010986
550090,550096,553331,6,3235,2,36000,1.00185471406
550105,550111,553360,6,3249,2,36000,1.00184672207
550145,550154,553507,9,3353,2,36000,1.00268416344
550169,550178,553497,9,3319,2,36000,1.00271166014
550187,550197,553598,10,3401,2,36000,1.00294031167
550202,550209,553758,7,3549,2,36000,1.00197238659
550217,550226,553681,9,3455,2,36000,1.00260492041
550233,550239,553788,6,3549,2,36000,1.00169061708
550234,550245,553733,11,3488,2,36000,1.00315366972
550259,550267,553584,8,3317,2,36000,1.00241181791
550277,550287,553641,10,3354,2,36000,1.00298151461
550354,550364,553684,10,3320,2,36000,1.00301204819
550402,550413,553769,11,3356,2,36000,1.00327771156
550421,550429,553695,8,3266,2,36000,1.00244947949
550439,550448,553861,9,3413,2,36000,1.00263697627
550440,550454,553820,14,3366,2,36000,1.00415923945
550465,550473,553644,8,3171,2,36000,1.00252286345
550483,550493,553879,10,3386,2,36000,1.00295333727
550526,550535,554061,9,3526,2,36000,1.00255246739
550540,550549,553597,9,3048,2,36000,1.00295275591
550592,550601,554002,9,3401,2,36000,1.00264628051
550610,550618,553833,8,3215,2,36000,1.00248833593
550687,550695,554172,8,3477,2,36000,1.00230083405
550702,550708,553912,6,3204,2,36000,1.00187265918
550717,550723,554210,6,3487,2,36000,1.0017206768
550875,550886,554233,11,3347,2,36000,1.00328652525
550921,550929,554401,8,3472,2,36000,1.00230414747
550973,550983,554368,10,3385,2,36000,1.00295420975
551085,551096,554280,11,3184,2,36000,1.00345477387
551100,551108,554395,8,3287,2,36000,1.00243383024
551149,551158,554629,9,3471,2,36000,1.00259291271
551188,551197,554740,9,3543,2,36000,1.00254022015
551203,551210,554795,7,3585,2,36000,1.0019525802
551386,551394,554836,8,3442,2,36000,1.0023242301
552966,552975,556553,9,3578,2,36000,1.00251537172
553163,553173,556319,10,3146,2,36000,1.00317863954
553178,553185,556483,7,3298,2,36000,1.00212249848
553233,553244,556571,11,3327,2,36000,1.00330628194
553339,553345,556725,6,3380,2,36000,1.00177514793
553340,553351,556836,11,3485,2,36000,1.00315638451
553362,553371,556952,9,3581,2,36000,1.00251326445
553499,553509,557041,10,3532,2,36000,1.00283125708
553515,553521,556835,6,3314,2,36000,1.00181050091
553546,553557,557063,11,3506,2,36000,1.00313747861
553585,553595,556950,10,3355,2,36000,1.00298062593
553600,553609,557033,9,3424,2,36000,1.00262850467
553602,553614,557128,12,3514,2,36000,1.00341491178
553644,553652,557010,8,3358,2,36000,1.00238237046
553645,553658,557027,13,3369,2,36000,1.00385871178
553683,553693,556969,10,3276,2,36000,1.00305250305
553698,553704,557044,6,3340,2,36000,1.00179640719
553699,553710,557089,11,3379,2,36000,1.00325540101
553736,553745,557061,9,3316,2,36000,1.00271411339
553743,553751,553829,8,78,16,120,1.10256410256
553760,553769,557237,9,3468,2,36000,1.00259515571
553775,553780,557056,5,3276,2,36000,1.00152625153
553790,553799,557286,9,3487,2,36000,1.0025810152
553824,553831,557300,7,3469,2,36000,1.00201787259
553839,553846,557142,7,3296,2,36000,1.00212378641
553867,553873,557364,6,3491,2,36000,1.00171870524
553879,553885,553916,6,31,16,120,1.1935483871
553882,553891,557138,9,3247,2,36000,1.00277178934
553914,553924,557198,10,3274,2,36000,1.00305436775
554005,554013,557507,8,3494,2,36000,1.00228963938
554063,554072,557392,9,3320,2,36000,1.00271084337
554180,554186,557554,6,3368,2,36000,1.00178147268
554211,554221,558090,10,3869,2,36000,1.0025846472
554235,554244,557677,9,3433,2,36000,1.00262161375
554283,554291,557908,8,3617,2,36000,1.00221177772
554371,554379,557796,8,3417,2,36000,1.002341235
554398,554407,557947,9,3540,2,36000,1.00254237288
554414,554420,557734,6,3314,2,36000,1.00181050091
554632,554640,558144,8,3504,2,36000,1.00228310502
554741,554752,558111,11,3359,2,36000,1.00327478416
554796,554806,558191,10,3385,2,36000,1.00295420975
554838,554847,558422,9,3575,2,36000,1.00251748252
556323,556331,559911,8,3580,2,36000,1.00223463687
556483,556494,560018,11,3524,2,36000,1.00312145289
556556,556564,559627,8,3063,2,36000,1.00261181848
556574,556582,559919,8,3337,2,36000,1.0023973629
556727,556736,560155,9,3419,2,36000,1.00263234864
556836,556846,560238,10,3392,2,36000,1.00294811321
556851,556857,560174,6,3317,2,36000,1.00180886343
556954,556963,560287,9,3324,2,36000,1.00270758123
556955,556968,560443,13,3475,2,36000,1.00374100719
556970,556980,560437,10,3457,2,36000,1.00289268152
557013,557021,560270,8,3249,2,36000,1.00246229609
557028,557038,560620,10,3582,2,36000,1.00279173646
557043,557049,560522,6,3473,2,36000,1.00172761301
557044,557055,560186,11,3131,2,36000,1.00351325455
557060,557066,560511,6,3445,2,36000,1.00174165457
557061,557072,560267,11,3195,2,36000,1.0034428795
557076,557082,560494,6,3412,2,36000,1.00175849941
557077,557088,560648,11,3560,2,36000,1.00308988764
557092,557100,560578,8,3478,2,36000,1.00230017251
557132,557140,560655,8,3515,2,36000,1.00227596017
557147,557153,560465,6,3312,2,36000,1.0018115942
557148,557159,560486,11,3327,2,36000,1.00330628194
557197,557209,560453,12,3244,2,36000,1.00369913687
557239,557248,560714,9,3466,2,36000,1.0025966532
557288,557297,560761,9,3464,2,36000,1.00259815242
557303,557311,560641,8,3330,2,36000,1.0024024024
557367,557376,560743,9,3367,2,36000,1.00267300267
557394,557404,560726,10,3322,2,36000,1.0030102348
557510,557519,560964,9,3445,2,36000,1.00261248186
557556,557565,561057,9,3492,2,36000,1.00257731959
557680,557688,561075,8,3387,2,36000,1.00236197225
557735,557746,561165,11,3419,2,36000,1.003217315
557799,557807,561070,8,3263,2,36000,1.00245173154
557911,557920,561098,9,3178,2,36000,1.00283196979
557950,557958,561320,8,3362,2,36000,1.00237953599
558093,558101,561462,8,3361,2,36000,1.00238024398
558114,558122,561675,8,3553,2,36000,1.00225161835
558147,558155,561567,8,3412,2,36000,1.00234466589
558192,558202,561551,10,3349,2,36000,1.00298596596
558423,558433,561891,10,3458,2,36000,1.002891845
559629,559638,562928,9,3290,2,36000,1.00273556231
559914,559922,563330,8,3408,2,36000,1.00234741784
559929,559935,563133,6,3198,2,36000,1.00187617261
560020,560029,563216,9,3187,2,36000,1.00282397239
560156,560166,563462,10,3296,2,36000,1.00303398058
560178,560186,563440,8,3254,2,36000,1.0024585126
560193,560199,563754,6,3555,2,36000,1.00168776371
560242,560249,563774,7,3525,2,36000,1.0019858156
560270,560279,564273,9,3994,2,36000,1.00225338007
560285,560291,563816,6,3525,2,36000,1.00170212766
560300,560306,563731,6,3425,2,36000,1.00175182482
560439,560448,563968,9,3520,2,36000,1.00255681818
560455,560461,563973,6,3512,2,36000,1.00170842825
560456,560467,563852,11,3385,2,36000,1.00324963072
560472,560477,564056,5,3579,2,36000,1.00139703828
560490,560497,563733,7,3236,2,36000,1.0021631644
560504,560511,563826,7,3315,2,36000,1.00211161388
560519,560526,564080,7,3554,2,36000,1.00196961171
560534,560541,563598,7,3057,2,36000,1.00228982663
560580,560590,563937,10,3347,2,36000,1.00298775022
560623,560631,563895,8,3264,2,36000,1.00245098039
560643,560652,564065,9,3413,2,36000,1.00263697627
560658,560665,563994,7,3329,2,36000,1.00210273355
560660,560671,564050,11,3379,2,36000,1.00325540101
560715,560725,564077,10,3352,2,36000,1.00298329356
560730,560737,564114,7,3377,2,36000,1.00207284572
560745,560754,564150,9,3396,2,36000,1.00265017668
560763,560772,564189,9,3417,2,36000,1.00263388938
560967,560975,564368,8,3393,2,36000,1.00235779546
561058,561068,564507,10,3439,2,36000,1.00290782204
561073,561081,564653,8,3572,2,36000,1.00223964166
561088,561095,564510,7,3415,2,36000,1.00204978038
561103,561109,564515,6,3406,2,36000,1.00176159718
561167,561176,564434,9,3258,2,36000,1.00276243094
561322,561332,564887,10,3555,2,36000,1.00281293952
561465,561473,564734,8,3261,2,36000,1.0024532352
561553,561562,565004,9,3442,2,36000,1.00261475886
561571,561579,564955,8,3376,2,36000,1.00236966825
561677,561686,565242,9,3556,2,36000,1.00253093363
561893,561903,565241,10,3338,2,36000,1.00299580587
562932,562939,566283,7,3344,2,36000,1.00209330144
563135,563144,566643,9,3499,2,36000,1.00257216348
563219,563227,566439,8,3212,2,36000,1.00249066002
563331,563341,566714,10,3373,2,36000,1.00296471983
563443,563451,566884,8,3433,2,36000,1.00233032333
563464,563473,567081,9,3608,2,36000,1.00249445676
563601,563610,566785,9,3175,2,36000,1.00283464567
563734,563742,567115,8,3373,2,36000,1.00237177587
563736,563748,567136,12,3388,2,36000,1.00354191263
563757,563765,567206,8,3441,2,36000,1.00232490555
563775,563785,567108,10,3323,2,36000,1.00300932892
563817,563827,567308,10,3481,2,36000,1.00287273772
563832,563838,567309,6,3471,2,36000,1.00172860847
563854,563864,567257,10,3393,2,36000,1.00294724433
563896,563906,567257,10,3351,2,36000,1.00298418383
563938,563949,567238,11,3289,2,36000,1.00334448161
563969,563979,567305,10,3326,2,36000,1.00300661455
563984,563990,567284,6,3294,2,36000,1.00182149362
563998,564005,567078,7,3073,2,36000,1.00227790433
564053,564061,567616,8,3555,2,36000,1.00225035162
564068,564075,567225,7,3150,2,36000,1.00222222222
564070,564081,567663,11,3582,2,36000,1.00307091011
564085,564091,567492,6,3401,2,36000,1.001764187
564086,564097,567409,11,3312,2,36000,1.00332125604
564117,564125,567636,8,3511,2,36000,1.00227855312
564153,564161,567582,8,3421,2,36000,1.00233849752
564190,564200,567749,10,3549,2,36000,1.00281769513
564275,564285,567641,10,3356,2,36000,1.00297973778
564369,564379,567882,10,3503,2,36000,1.00285469597
564435,564445,567987,10,3542,2,36000,1.00282326369
564509,564518,568023,9,3505,2,36000,1.00256776034
564524,564530,567991,6,3461,2,36000,1.001733603
564525,564536,567985,11,3449,2,36000,1.00318933024
564655,564664,568007,9,3343,2,36000,1.00269219264
564734,564745,567928,11,3183,2,36000,1.00345585925
564889,564898,568293,9,3395,2,36000,1.00265095729
564959,564967,568268,8,3301,2,36000,1.00242350803
565007,565015,568503,8,3488,2,36000,1.00229357798
565244,565252,568712,8,3460,2,36000,1.00231213873
565246,565258,568632,12,3374,2,36000,1.00355660937
566284,566301,569616,17,3315,2,36000,1.00512820513
566441,566450,569836,9,3386,2,36000,1.00265800354
566645,566654,570159,9,3505,2,36000,1.00256776034
566718,566726,570225,8,3499,2,36000,1.00228636753
566787,566796,570260,9,3464,2,36000,1.00259815242
566887,566895,570505,8,3610,2,36000,1.00221606648
567081,567089,570459,8,3370,2,36000,1.00237388724
567096,567102,570480,6,3378,2,36000,1.00177619893
567111,567120,570635,9,3515,2,36000,1.00256045519
567126,567132,570527,6,3395,2,36000,1.00176730486
567141,567147,570626,6,3479,2,36000,1.00172463352
567208,567217,570515,9,3298,2,36000,1.00272892662
567226,567236,570548,10,3312,2,36000,1.00301932367
567241,567249,570474,8,3225,2,36000,1.00248062016
567260,567291,570661,31,3370,2,36000,1.00919881306
567261,567296,570622,35,3326,2,36000,1.01052315093
567285,567302,570628,17,3326,2,36000,1.00511124474
567307,567316,570575,9,3259,2,36000,1.00276158331
567322,567328,570609,6,3281,2,36000,1.00182871076
567323,567334,570618,11,3284,2,36000,1.00334957369
567411,567421,570814,10,3393,2,36000,1.00294724433
567496,567503,570880,7,3377,2,36000,1.00207284572
567584,567593,570873,9,3280,2,36000,1.00274390244
567617,567627,571239,10,3612,2,36000,1.00276854928
567638,567647,571045,9,3398,2,36000,1.00264861683
567654,567660,570888,6,3228,2,36000,1.00185873606
567669,567674,571093,5,3419,2,36000,1.00146241591
567751,567760,571057,9,3297,2,36000,1.00272975432
567884,567893,571178,9,3285,2,36000,1.00273972603
567930,567940,571270,10,3330,2,36000,1.003003003
567987,567996,571464,9,3468,2,36000,1.00259515571
567989,568002,571408,13,3406,2,36000,1.00381679389
568004,568010,571597,6,3587,2,36000,1.001672707
568019,568025,571565,6,3540,2,36000,1.00169491525
568034,568040,571512,6,3472,2,36000,1.0017281106
568268,568279,571755,11,3476,2,36000,1.00316455696
568296,568304,571674,8,3370,2,36000,1.00237388724
568504,568514,571773,10,3259,2,36000,1.0030684259
568635,568644,571844,9,3200,2,36000,1.0028125
568714,568723,571955,9,3232,2,36000,1.00278465347
569620,569627,573051,7,3424,2,36000,1.00204439252
569837,569847,573244,10,3397,2,36000,1.00294377392
570161,570170,573646,9,3476,2,36000,1.00258918297
570228,570236,573618,8,3382,2,36000,1.00236546422
570261,570271,573822,10,3551,2,36000,1.00281610814
570460,570470,573825,10,3355,2,36000,1.00298062593
570475,570485,573771,10,3286,2,36000,1.00304321363
570490,570496,573692,6,3196,2,36000,1.00187734668
570506,570516,573714,10,3198,2,36000,1.00312695435
570521,570527,573972,6,3445,2,36000,1.00174165457
570536,570542,574108,6,3566,2,36000,1.00168255749
570551,570560,574005,9,3445,2,36000,1.00261248186
570578,570586,574152,8,3566,2,36000,1.00224340998
570612,570620,574010,8,3390,2,36000,1.00235988201
570627,570633,574122,6,3489,2,36000,1.00171969046
570629,570639,573833,10,3194,2,36000,1.00313087038
570630,570644,574193,14,3549,2,36000,1.00394477318
570645,570651,574066,6,3415,2,36000,1.00175695461
570646,570657,574224,11,3567,2,36000,1.00308382394
570664,570673,574206,9,3533,2,36000,1.00254741013
570816,570826,574091,10,3265,2,36000,1.00306278714
570864,570870,570878,6,8,8,120,1.4
570876,570884,574358,8,3474,2,36000,1.00230282096
570892,570898,574141,6,3243,2,36000,1.00185013876
570893,570904,574176,11,3272,2,36000,1.00336185819
570986,570993,571001,7,8,8,120,1.5
571032,571038,571049,6,11,8,120,1.54545454545
571049,571056,574301,7,3245,2,36000,1.00215716487
571064,571070,574749,6,3679,2,36000,1.00163087796
571094,571104,574556,10,3452,2,36000,1.00289687138
571144,571150,571158,6,8,16,120,1.4
571179,571189,574259,10,3070,2,36000,1.00325732899
571207,571213,571223,6,10,32,120,1.6
571239,571250,574734,11,3484,2,36000,1.00315729047
571273,571282,574558,9,3276,2,36000,1.00274725275
571409,571419,574707,10,3288,2,36000,1.00304136253
571467,571475,574739,8,3264,2,36000,1.00245098039
571515,571524,574906,9,3382,2,36000,1.00266114725
571561,571576,575017,15,3441,2,36000,1.00435919791
571597,571608,575072,11,3464,2,36000,1.00317551963
571616,571622,571716,6,94,16,3600,1.06382978723
571676,571685,575301,9,3616,2,36000,1.00248893805
571758,571766,575132,8,3366,2,36000,1.00237670826
571769,571775,571924,6,149,16,7200,1.04026845638
571776,571784,575146,8,3362,2,36000,1.00237953599
571846,571856,575269,10,3413,2,36000,1.00292997363
571958,571966,575241,8,3275,2,36000,1.00244274809
571974,571980,579189,6,7209,16,7200,1.00083229297
573053,573062,576449,9,3387,2,36000,1.00265721878
573246,573255,576640,9,3385,2,36000,1.00265878877
573621,573629,577096,8,3467,2,36000,1.00230747044
573648,573657,576934,9,3277,2,36000,1.0027464144
573694,573703,577161,9,3458,2,36000,1.0026026605
573715,573725,576993,10,3268,2,36000,1.00305997552
573772,573782,577358,10,3576,2,36000,1.00279642058
573824,573833,577130,9,3297,2,36000,1.00272975432
573839,573845,577302,6,3457,2,36000,1.00173560891
573840,573851,577059,11,3208,2,36000,1.00342892768
573974,573983,577312,9,3329,2,36000,1.00270351457
574007,574016,577504,9,3488,2,36000,1.00258027523
574022,574028,577348,6,3320,2,36000,1.00180722892
574067,574077,577400,10,3323,2,36000,1.00300932892
574095,574102,577592,7,3490,2,36000,1.00200573066
574110,574119,577508,9,3389,2,36000,1.00265565063
574125,574133,577516,8,3383,2,36000,1.002364765
574143,574152,577614,9,3462,2,36000,1.00259965338
574158,574164,577442,6,3278,2,36000,1.00183038438
574179,574187,577546,8,3359,2,36000,1.00238166121
574194,574204,577654,10,3450,2,36000,1.00289855072
574209,574217,577791,8,3574,2,36000,1.00223838836
574224,574235,577787,11,3552,2,36000,1.00309684685
574261,574271,577528,10,3257,2,36000,1.0030703101
574303,574312,577864,9,3552,2,36000,1.00253378378
574361,574369,577714,8,3345,2,36000,1.0023916293
574558,574573,577907,15,3334,2,36000,1.00449910018
574560,574567,578033,7,3466,2,36000,1.00201961916
574708,574718,577971,10,3253,2,36000,1.00307408546
574736,574746,578141,10,3395,2,36000,1.0029455081
574751,574758,578114,7,3356,2,36000,1.00208581645
574753,574764,578191,11,3427,2,36000,1.00320980449
574907,574917,578370,10,3453,2,36000,1.00289603244
575019,575029,578954,10,3925,2,36000,1.0025477707
575074,575084,578632,10,3548,2,36000,1.00281848929
575135,575143,578579,8,3436,2,36000,1.00232828871
575150,575158,578625,8,3467,2,36000,1.00230747044
575244,575252,578488,8,3236,2,36000,1.00247218789
575271,575280,578767,9,3487,2,36000,1.0025810152
575302,575312,578554,10,3242,2,36000,1.00308451573
576452,576460,580068,8,3608,2,36000,1.0022172949
576642,576651,580154,9,3503,2,36000,1.00256922638
576935,576945,580486,10,3541,2,36000,1.002824061
576995,577004,580387,9,3383,2,36000,1.00266036063
577061,577070,580492,9,3422,2,36000,1.00263004091
577098,577107,580541,9,3434,2,36000,1.00262085032
577131,577141,580568,10,3427,2,36000,1.00291800409
577161,577172,580581,11,3409,2,36000,1.00322675271
577304,577313,580834,9,3521,2,36000,1.00255609202
577318,577324,580739,6,3415,2,36000,1.00175695461
577349,577359,580812,10,3453,2,36000,1.00289603244
577364,577369,580805,5,3436,2,36000,1.00145518044
577403,577411,580840,8,3429,2,36000,1.0023330417
577445,577453,580916,8,3463,2,36000,1.00231013572
577506,577515,580713,9,3198,2,36000,1.00281425891
577521,577527,581509,6,3982,2,36000,1.00150678051
577522,577533,581019,11,3486,2,36000,1.00315547906
577538,577544,581010,6,3466,2,36000,1.00173110214
577553,577559,581105,6,3546,2,36000,1.00169204738
577595,577603,580823,8,3220,2,36000,1.00248447205
577616,577625,580997,9,3372,2,36000,1.00266903915
577656,577666,581197,10,3531,2,36000,1.00283205891
577716,577725,581136,9,3411,2,36000,1.00263852243
577790,577798,581016,8,3218,2,36000,1.00248601616
577805,577812,581285,7,3473,2,36000,1.00201554852
577866,577875,581215,9,3340,2,36000,1.00269461078
577909,577918,581048,9,3130,2,36000,1.00287539936
577972,577982,581471,10,3489,2,36000,1.00286615076
578036,578044,581502,8,3458,2,36000,1.002313476
578117,578125,581314,8,3189,2,36000,1.00250862339
578144,578153,581394,9,3241,2,36000,1.0027769207
578193,578202,581414,9,3212,2,36000,1.00280199253
578372,578381,581887,9,3506,2,36000,1.00256702795
578490,578499,581986,9,3487,2,36000,1.0025810152
578557,578566,581749,9,3183,2,36000,1.00282752121
578581,578590,581951,9,3361,2,36000,1.00267777447
578627,578637,582106,10,3469,2,36000,1.00288267512
578642,578648,582031,6,3383,2,36000,1.00177357375
578769,578778,582241,9,3463,2,36000,1.00259890269
578957,578965,582381,8,3416,2,36000,1.00234192037
580071,580079,583580,8,3501,2,36000,1.00228506141
580156,580165,583472,9,3307,2,36000,1.00272149985
580389,580398,583723,9,3325,2,36000,1.00270676692
580489,580498,583929,9,3431,2,36000,1.00262314194
580504,580510,583661,6,3151,2,36000,1.00190415741
580543,580552,583839,9,3287,2,36000,1.00273805902
580570,580579,583738,9,3159,2,36000,1.00284900285
580585,580592,583914,7,3322,2,36000,1.00210716436
580715,580724,584097,9,3373,2,36000,1.00266824785
580742,580750,584128,8,3378,2,36000,1.00236826525
580806,580816,583898,10,3082,2,36000,1.00324464633
580821,580827,584285,6,3458,2,36000,1.001735107
580836,580843,584150,7,3307,2,36000,1.0021167221
580838,580850,584326,12,3476,2,36000,1.00345224396
580853,580859,584259,6,3400,2,36000,1.00176470588
580919,580927,584341,8,3414,2,36000,1.00234329233
581001,581009,584316,8,3307,2,36000,1.00241911098
581016,581022,584484,6,3462,2,36000,1.00173310225
581031,581037,584412,6,3375,2,36000,1.00177777778
581033,581043,584401,10,3358,2,36000,1.00297796307
581051,581060,584380,9,3320,2,36000,1.00271084337
581108,581116,584488,8,3372,2,36000,1.00237247924
581139,581147,584564,8,3417,2,36000,1.002341235
581199,581209,584721,10,3512,2,36000,1.00284738041
581218,581226,584544,8,3318,2,36000,1.00241109102
581288,581296,584640,8,3344,2,36000,1.0023923445
581315,581325,584672,10,3347,2,36000,1.00298775022
581396,581405,584961,9,3556,2,36000,1.00253093363
581418,581425,584744,7,3319,2,36000,1.002109069
581472,581482,584949,10,3467,2,36000,1.00288433804
581506,581514,584981,8,3467,2,36000,1.00230747044
581521,581527,584795,6,3268,2,36000,1.00183598531
581751,581761,585222,10,3461,2,36000,1.00288933834
581888,581898,585364,10,3466,2,36000,1.00288517023
581954,581962,585478,8,3516,2,36000,1.00227531286
581988,581997,585278,9,3281,2,36000,1.00274306614
582033,582043,585390,10,3347,2,36000,1.00298775022
582109,582117,585375,8,3258,2,36000,1.00245549417
582242,582252,585688,10,3436,2,36000,1.00291036088
582382,582392,585786,10,3394,2,36000,1.00294637596
583473,583483,586816,10,3333,2,36000,1.00300030003
583582,583592,587050,10,3458,2,36000,1.002891845
583664,583672,587164,8,3492,2,36000,1.00229095074
583724,583734,587295,10,3561,2,36000,1.00280819994
583739,583749,587364,10,3615,2,36000,1.00276625173
583842,583851,587391,9,3540,2,36000,1.00254237288
583900,583909,587226,9,3317,2,36000,1.00271329515
583915,583926,587308,11,3382,2,36000,1.00325251331
583930,583940,587482,10,3542,2,36000,1.00282326369
584100,584108,587243,8,3135,2,36000,1.00255183413
584131,584140,587634,9,3494,2,36000,1.0025758443
584152,584161,587473,9,3312,2,36000,1.0027173913
584261,584270,587714,9,3444,2,36000,1.00261324042
584288,584296,587609,8,3313,2,36000,1.00241472985
584318,584327,587618,9,3291,2,36000,1.00273473108
584333,584340,587508,7,3168,2,36000,1.00220959596
584348,584355,587650,7,3295,2,36000,1.00212443096
584382,584391,587801,9,3410,2,36000,1.00263929619
584403,584413,587679,10,3266,2,36000,1.00306184936
584418,584424,587857,6,3433,2,36000,1.0017477425
584488,584499,588252,11,3753,2,36000,1.00293098854
584489,584504,587889,15,3385,2,36000,1.00443131462
584547,584555,587924,8,3369,2,36000,1.00237459187
584565,584575,588149,10,3574,2,36000,1.00279798545
584640,584651,587945,11,3294,2,36000,1.00333940498
584674,584684,588076,10,3392,2,36000,1.00294811321
584722,584732,588140,10,3408,2,36000,1.0029342723
584746,584755,587999,9,3244,2,36000,1.00277435265
584798,584807,588269,9,3462,2,36000,1.00259965338
584950,584960,588181,10,3221,2,36000,1.00310462589
584965,584973,588511,8,3538,2,36000,1.0022611645
584983,584992,588373,9,3381,2,36000,1.00266193434
585225,585233,588448,8,3215,2,36000,1.00248833593
585280,585290,588690,10,3400,2,36000,1.00294117647
585368,585376,588591,8,3215,2,36000,1.00248833593
585383,585390,588752,7,3362,2,36000,1.00208209399
585398,585404,588860,6,3456,2,36000,1.00173611111
585480,585489,589004,9,3515,2,36000,1.00256045519
585690,585699,589007,9,3308,2,36000,1.00272067715
585790,585797,589240,7,3443,2,36000,1.00203311066
586820,586827,590382,7,3555,2,36000,1.00196905767
587052,587061,590518,9,3457,2,36000,1.00260341336
587167,587176,590665,9,3489,2,36000,1.00257953568
587228,587237,590664,9,3427,2,36000,1.00262620368
587246,587254,590771,8,3517,2,36000,1.00227466591
587297,587306,590794,9,3488,2,36000,1.00258027523
587312,587318,590641,6,3323,2,36000,1.00180559735
587367,587376,590664,9,3288,2,36000,1.00273722628
587395,587402,590869,7,3467,2,36000,1.00201903663
587476,587484,590777,8,3293,2,36000,1.00242939569
587491,587497,591027,6,3530,2,36000,1.00169971671
587509,587519,590864,10,3345,2,36000,1.00298953662
587612,587620,590945,8,3325,2,36000,1.00240601504
587627,587633,591004,6,3371,2,36000,1.00177988727
587642,587649,590743,7,3094,2,36000,1.00226244344
587657,587664,591043,7,3379,2,36000,1.00207161882
587682,587690,591115,8,3425,2,36000,1.00233576642
587715,587726,591332,11,3606,2,36000,1.00305047144
587803,587812,591278,9,3466,2,36000,1.0025966532
587858,587868,591270,10,3402,2,36000,1.00293944738
587891,587900,591177,9,3277,2,36000,1.0027464144
587928,587935,591287,7,3352,2,36000,1.00208830549
587946,587956,591418,10,3462,2,36000,1.00288850376
588001,588010,591530,9,3520,2,36000,1.00255681818
588079,588088,591542,9,3454,2,36000,1.00260567458
588143,588151,591658,8,3507,2,36000,1.00228115198
588158,588164,591333,6,3169,2,36000,1.00189334175
588182,588192,591556,10,3364,2,36000,1.00297265161
588255,588264,591716,9,3452,2,36000,1.00260718424
588270,588280,591655,10,3375,2,36000,1.00296296296
588376,588385,591681,9,3296,2,36000,1.00273058252
588449,588459,591836,10,3377,2,36000,1.00296120817
588512,588523,591697,11,3174,2,36000,1.00346565848
588594,588602,592035,8,3433,2,36000,1.00233032333
588691,588701,592078,10,3377,2,36000,1.00296120817
588755,588763,592064,8,3301,2,36000,1.00242350803
588861,588872,592145,11,3273,2,36000,1.00336083104
589007,589015,592410,8,3395,2,36000,1.00235640648
589008,589021,592486,13,3465,2,36000,1.00375180375
589241,589251,592844,10,3593,2,36000,1.00278318954
590383,590393,593809,10,3416,2,36000,1.00292740047
590519,590529,593965,10,3436,2,36000,1.00291036088
590643,590652,593929,9,3277,2,36000,1.0027464144
590668,590675,594096,7,3421,2,36000,1.00204618533
590670,590681,594079,11,3398,2,36000,1.00323719835
590671,590686,594205,15,3519,2,36000,1.0042625746
590744,590754,593978,10,3224,2,36000,1.00310173697
590774,590782,594341,8,3559,2,36000,1.00224782242
590789,590795,594197,6,3402,2,36000,1.00176366843
590804,590810,594228,6,3418,2,36000,1.00175541252
590868,590875,594203,7,3328,2,36000,1.00210336538
590883,590889,594332,6,3443,2,36000,1.00174266628
590946,590956,594337,10,3381,2,36000,1.00295770482
591007,591015,594592,8,3577,2,36000,1.00223651104
591028,591039,594470,11,3431,2,36000,1.00320606237
591043,591054,594392,11,3338,2,36000,1.00329538646
591116,591126,594639,10,3513,2,36000,1.00284656988
591180,591188,594481,8,3293,2,36000,1.00242939569
591271,591281,594981,10,3700,2,36000,1.0027027027
591286,591292,594809,6,3517,2,36000,1.00170599943
591301,591307,594546,6,3239,2,36000,1.00185242359
591336,591343,594877,7,3534,2,36000,1.00198075835
591337,591349,594697,12,3348,2,36000,1.00358422939
591352,591359,591360,7,1,2,3540,1.0
591419,591430,594767,11,3337,2,36000,1.00329637399
591531,591541,595305,10,3764,2,36000,1.00265674814
591546,591552,594932,6,3380,2,36000,1.00177514793
591562,591567,594916,5,3349,2,36000,1.00149298298
591659,591667,595097,8,3430,2,36000,1.00233236152
591660,591673,595081,13,3408,2,36000,1.00381455399
591682,591692,595055,10,3363,2,36000,1.00297353553
591700,591708,595032,8,3324,2,36000,1.00240673887
591718,591727,595209,9,3482,2,36000,1.00258472142
591839,591847,595102,8,3255,2,36000,1.0024577573
592036,592047,595369,11,3322,2,36000,1.00331125828
592067,592075,595433,8,3358,2,36000,1.00238237046
592082,592089,595634,7,3545,2,36000,1.00197461213
592149,592157,595552,8,3395,2,36000,1.00235640648
592412,592421,595925,9,3504,2,36000,1.00256849315
592488,592497,595948,9,3451,2,36000,1.00260793973
592846,592855,596327,9,3472,2,36000,1.0025921659
593811,593821,597075,10,3254,2,36000,1.00307314075
593929,593940,597473,11,3533,2,36000,1.00311350127
593969,593977,597293,8,3316,2,36000,1.00241254524
593984,593990,597361,6,3371,2,36000,1.00177988727
594081,594090,597472,9,3382,2,36000,1.00266114725
594099,594107,597510,8,3403,2,36000,1.00235086688
594200,594208,597637,8,3429,2,36000,1.0023330417
594215,594221,597610,6,3389,2,36000,1.00177043376
594216,594227,597590,11,3363,2,36000,1.00327088909
594231,594240,597732,9,3492,2,36000,1.00257731959
594334,594343,597636,9,3293,2,36000,1.00273307015
594349,594355,597758,6,3403,2,36000,1.00176315016
594350,594361,597597,11,3236,2,36000,1.00339925834
594396,594404,597866,8,3462,2,36000,1.002310803
594472,594481,597995,9,3514,2,36000,1.00256118384
594486,594493,597894,7,3401,2,36000,1.00205821817
594547,594557,597843,10,3286,2,36000,1.00304321363
594593,594603,598095,10,3492,2,36000,1.00286368843
594641,594651,597872,10,3221,2,36000,1.00310462589
594699,594708,598269,9,3561,2,36000,1.00252737995
594768,594778,598082,10,3304,2,36000,1.00302663438
594811,594821,598246,10,3425,2,36000,1.00291970803
594878,594888,598364,10,3476,2,36000,1.00287686997
594917,594928,598180,11,3252,2,36000,1.00338253383
594935,594943,598442,8,3499,2,36000,1.00228636753
594984,594992,598565,8,3573,2,36000,1.00223901483
595035,595043,598321,8,3278,2,36000,1.00244051251
595056,595066,598561,10,3495,2,36000,1.00286123033
595083,595092,598371,9,3279,2,36000,1.00274473925
595099,595109,598598,10,3489,2,36000,1.00286615076
595114,595120,598390,6,3270,2,36000,1.00183486239
595210,595220,598710,10,3490,2,36000,1.00286532951
595308,595316,598603,8,3287,2,36000,1.00243383024
595372,595380,598844,8,3464,2,36000,1.00230946882
595436,595445,598915,9,3470,2,36000,1.00259365994
595555,595564,599032,9,3468,2,36000,1.00259515571
595637,595645,599017,8,3372,2,36000,1.00237247924
595931,595937,599423,6,3486,2,36000,1.0017211704
595949,595960,599460,11,3500,2,36000,1.00314285714
596328,596338,599535,10,3197,2,36000,1.00312793244
597041,597047,597058,6,11,15,57600,1.54545454545
597079,597087,600402,8,3315,2,36000,1.002413273
597088,597094,637497,6,40403,15,57600,1.00014850382
597278,597284,625459,6,28175,15,57600,1.00021295475
597294,597305,600681,11,3376,2,36000,1.00325829384
597364,597373,600810,9,3437,2,36000,1.0026185627
597475,597489,600905,14,3416,2,36000,1.00409836066
597476,597483,600839,7,3356,2,36000,1.00208581645
597511,597521,600945,10,3424,2,36000,1.00292056075
597591,597601,601003,10,3402,2,36000,1.00293944738
597606,597612,600850,6,3238,2,36000,1.00185299568
597621,597627,600983,6,3356,2,36000,1.00178784267
597640,597648,600844,8,3196,2,36000,1.00250312891
597641,597653,600917,12,3264,2,36000,1.00367647059
597735,597743,601095,8,3352,2,36000,1.00238663484
597759,597769,601026,10,3257,2,36000,1.0030703101
597847,597855,601264,8,3409,2,36000,1.00234672925
597869,597878,601431,9,3553,2,36000,1.00253307064
597884,597890,601292,6,3402,2,36000,1.00176366843
597899,597906,601198,7,3292,2,36000,1.00212636695
597998,598006,601353,8,3347,2,36000,1.00239020018
598083,598093,601252,10,3159,2,36000,1.00316555872
598098,598107,601537,9,3430,2,36000,1.00262390671
598183,598191,601500,8,3309,2,36000,1.00241764884
598250,598258,601562,8,3304,2,36000,1.00242130751
598271,598280,601813,9,3533,2,36000,1.00254741013
598323,598332,602176,9,3844,2,36000,1.00234131113
598365,598375,601690,10,3315,2,36000,1.00301659125
598380,598387,601668,7,3281,2,36000,1.00213349589
598395,598401,601722,6,3321,2,36000,1.00180668473
598444,598454,601633,10,3179,2,36000,1.00314564328
598562,598572,602029,10,3457,2,36000,1.00289268152
598577,598583,602077,6,3494,2,36000,1.00171722954
598601,598610,602042,9,3432,2,36000,1.00262237762
598616,598623,602112,7,3489,2,36000,1.00200630553
598713,598721,602329,8,3608,2,36000,1.0022172949
598847,598856,602252,9,3396,2,36000,1.00265017668
598917,598926,602404,9,3478,2,36000,1.00258769408
599020,599029,602375,9,3346,2,36000,1.00268977884
599036,599044,602445,8,3401,2,36000,1.00235224934
599424,599434,602890,10,3456,2,36000,1.00289351852
599464,599471,602847,7,3376,2,36000,1.00207345972
599537,599546,602801,9,3255,2,36000,1.00276497696
600403,600413,603881,10,3468,2,36000,1.00288350634
600683,600693,604215,10,3522,2,36000,1.00283929585
600813,600821,604111,8,3290,2,36000,1.00243161094
600841,600850,604364,9,3514,2,36000,1.00256118384
600857,600863,604291,6,3428,2,36000,1.00175029172
600858,600869,604093,11,3224,2,36000,1.00341191067
600907,600916,604489,9,3573,2,36000,1.00251889169
600922,600928,604317,6,3389,2,36000,1.00177043376
600946,600956,604761,10,3805,2,36000,1.00262812089
600986,600994,604566,8,3572,2,36000,1.00223964166
601004,601014,604393,10,3379,2,36000,1.00295945546
601028,601038,604472,10,3434,2,36000,1.00291205591
601098,601106,604524,8,3418,2,36000,1.00234055003
601200,601209,604635,9,3426,2,36000,1.00262697023
601255,601263,604552,8,3289,2,36000,1.00243235026
601270,601277,604584,7,3307,2,36000,1.0021167221
601295,601303,604650,8,3347,2,36000,1.00239020018
601355,601364,604754,9,3390,2,36000,1.00265486726
601434,601442,604942,8,3500,2,36000,1.00228571429
601503,601512,605001,9,3489,2,36000,1.00257953568
601540,601548,604757,8,3209,2,36000,1.00249298847
601564,601573,604874,9,3301,2,36000,1.00272644653
601634,601644,605081,10,3437,2,36000,1.00290951411
601670,601679,605020,9,3341,2,36000,1.00269380425
601691,601702,605293,11,3591,2,36000,1.00306321359
601724,601733,605125,9,3392,2,36000,1.00265330189
601815,601824,605171,9,3347,2,36000,1.0026889752
602032,602040,605414,8,3374,2,36000,1.00237107291
602047,602053,605558,6,3505,2,36000,1.00171184023
602080,602089,605534,9,3445,2,36000,1.00261248186
602113,602123,605637,10,3514,2,36000,1.00284575982
602179,602187,605466,8,3279,2,36000,1.00243976822
602220,602226,602227,6,1,2,3540,1.0
602253,602263,605619,10,3356,2,36000,1.00297973778
602331,602340,605740,9,3400,2,36000,1.00264705882
602377,602386,605963,9,3577,2,36000,1.00251607492
602407,602415,605795,8,3380,2,36000,1.00236686391
602446,602457,605880,11,3423,2,36000,1.00321355536
602804,602813,606325,9,3512,2,36000,1.00256264237
602850,602858,606155,8,3297,2,36000,1.00242644829
602892,602901,606328,9,3427,2,36000,1.00262620368
603885,603892,607210,7,3318,2,36000,1.00210970464
604096,604105,607245,9,3140,2,36000,1.00286624204
604115,604122,607395,7,3273,2,36000,1.00213871066
604217,604226,607346,9,3120,2,36000,1.00288461538
604293,604302,607752,9,3450,2,36000,1.00260869565
604317,604328,607778,11,3450,2,36000,1.0031884058
604366,604375,607918,9,3543,2,36000,1.00254022015
604396,604405,607784,9,3379,2,36000,1.00266350991
604475,604483,607714,8,3231,2,36000,1.00247601362
604490,604500,607844,10,3344,2,36000,1.00299043062
604526,604536,607990,10,3454,2,36000,1.00289519398
604554,604563,608055,9,3492,2,36000,1.00257731959
604569,604577,607959,8,3382,2,36000,1.00236546422
604587,604596,607835,9,3239,2,36000,1.00277863538
604639,604647,607889,8,3242,2,36000,1.00246761258
604654,604661,607952,7,3291,2,36000,1.00212701307
604757,604765,608078,8,3313,2,36000,1.00241472985
604772,604779,608218,7,3439,2,36000,1.00203547543
604774,604784,608334,10,3550,2,36000,1.00281690141
