SubmitTime,StartTime,EndTime,QueuedTime,RunTime,NodesRequested,walltime,bslowdown
119,125,3013,6,2888,2,14400,1.00207756233
159,165,3068,6,2903,2,14400,1.00206682742
353,359,531,6,172,2,3540,1.03488372093
461,467,3562,6,3095,2,14400,1.00193861066
509,516,3515,7,2999,2,14400,1.00233411137
667,674,3462,7,2788,2,14400,1.0025107604
694,701,4300,7,3599,2,14400,1.00194498472
748,756,3715,8,2959,2,14400,1.00270361609
764,776,3750,12,2974,2,14400,1.00403496974
765,781,3674,16,2893,2,14400,1.00553059108
795,802,3266,7,2464,2,14400,1.00284090909
847,853,4111,6,3258,2,14400,1.00184162063
849,859,4058,10,3199,2,14400,1.00312597687
958,964,4176,6,3212,2,14400,1.00186799502
982,989,4051,7,3062,2,14400,1.00228608752
1046,1053,4181,7,3128,2,14400,1.00223785166
1106,1112,4244,6,3132,2,14400,1.00191570881
1212,1219,4242,7,3023,2,14400,1.00231558055
1403,1409,4532,6,3123,2,14400,1.00192122959
1418,1424,4481,6,3057,2,14400,1.00196270854
1491,1498,4609,7,3111,2,14400,1.00225008036
1492,1505,4400,13,2895,2,14400,1.00449050086
1508,1514,4442,6,2928,2,14400,1.00204918033
1538,1544,4498,6,2954,2,14400,1.00203114421
1580,1588,2047,8,459,2,14400,1.0174291939
1644,1651,4510,7,2859,2,14400,1.00244840853
1762,1768,4474,6,2706,2,14400,1.0022172949
1801,1807,4854,6,3047,2,14400,1.00196914998
1859,1865,5033,6,3168,2,14400,1.00189393939
1874,1881,4651,7,2770,2,14400,1.00252707581
1875,1888,4670,13,2782,2,14400,1.0046728972
1897,1903,5229,6,3326,2,14400,1.00180396873
1912,1919,4857,7,2938,2,14400,1.00238257318
1985,1992,5230,7,3238,2,14400,1.00216182829
2048,2054,4890,6,2836,2,14400,1.00211565585
2202,2209,5266,7,3057,2,14400,1.00228982663
2342,2348,5263,6,2915,2,14400,1.00205831904
2414,2422,5246,8,2824,2,14400,1.00283286119
2460,2467,5516,7,3049,2,14400,1.0022958347
2478,2484,5729,6,3245,2,14400,1.00184899846
2508,2515,5426,7,2911,2,14400,1.00240467193
3017,3024,5923,7,2899,2,14400,1.00241462573
3050,3057,6346,7,3289,2,14400,1.00212830648
3071,3078,6165,7,3087,2,14400,1.0022675737
3268,3274,6522,6,3248,2,14400,1.00184729064
3465,3471,6529,6,3058,2,14400,1.00196206671
3516,3524,6458,8,2934,2,14400,1.00272665303
3558,3566,6441,8,2875,2,14400,1.0027826087
3677,3684,6821,7,3137,2,14400,1.0022314313
3716,3722,6903,6,3181,2,14400,1.00188619931
3752,3760,6904,8,3144,2,14400,1.00254452926
4052,4058,6933,6,2875,2,14400,1.00208695652
4067,4074,6843,7,2769,2,14400,1.00252798844
4112,4118,7335,6,3217,2,14400,1.0018650917
4176,4182,6917,6,2735,2,14400,1.00219378428
4191,4198,7160,7,2962,2,14400,1.00236326806
4245,4251,7434,6,3183,2,14400,1.00188501414
4247,4258,7316,11,3058,2,14400,1.0035971223
4302,4310,7270,8,2960,2,14400,1.0027027027
4402,4408,7359,6,2951,2,14400,1.00203320908
4445,4451,7627,6,3176,2,14400,1.00188916877
4475,4481,7767,6,3286,2,14400,1.00182592818
4490,4496,7472,6,2976,2,14400,1.00201612903
4505,4511,7767,6,3256,2,14400,1.00184275184
4520,4526,7414,6,2888,2,14400,1.00207756233
4535,4541,7475,6,2934,2,14400,1.00204498978
4610,4617,7766,7,3149,2,14400,1.00222292791
4653,4659,7818,6,3159,2,14400,1.00189933523
4674,4681,7664,7,2983,2,14400,1.00234663091
4855,4861,7475,6,2614,2,14400,1.00229533282
4870,4877,7832,7,2955,2,14400,1.00236886633
4891,4898,7921,7,3023,2,14400,1.00231558055
5034,5041,8007,7,2966,2,14400,1.00236008092
5231,5238,8127,7,2889,2,14400,1.00242298373
5232,5245,8252,13,3007,2,14400,1.00432324576
5247,5255,8306,8,3051,2,14400,1.00262209112
5266,5272,8234,6,2962,2,14400,1.00202565834
5281,5287,8353,6,3066,2,14400,1.00195694716
5429,5436,8740,7,3304,2,14400,1.00211864407
5517,5524,8644,7,3120,2,14400,1.00224358974
5731,5738,8691,7,2953,2,14400,1.00237047071
5925,5931,9330,6,3399,2,14400,1.00176522507
6166,6174,9185,8,3011,2,14400,1.00265692461
6348,6355,9212,7,2857,2,14400,1.00245012251
6442,6448,9551,6,3103,2,14400,1.00193361263
6460,6466,9300,6,2834,2,14400,1.00211714891
6523,6529,9636,6,3107,2,14400,1.00193112327
6538,6545,9065,7,2520,2,14400,1.00277777778
6823,6830,9746,7,2916,2,14400,1.0024005487
6844,6851,9947,7,3096,2,14400,1.00226098191
6904,6912,9942,8,3030,2,14400,1.00264026403
6906,6919,10204,13,3285,2,14400,1.00395738204
6921,6928,10174,7,3246,2,14400,1.00215650031
6936,6942,9868,6,2926,2,14400,1.002050581
7163,7169,10323,6,3154,2,14400,1.00190234623
7272,7279,10505,7,3226,2,14400,1.00216986981
7317,7324,10422,7,3098,2,14400,1.00225952227
7338,7344,10186,6,2842,2,14400,1.0021111893
7360,7367,10440,7,3073,2,14400,1.00227790433
7414,7422,10320,8,2898,2,14400,1.0027605245
7436,7443,10409,7,2966,2,14400,1.00236008092
7476,7483,10122,7,2639,2,14400,1.00265251989
7477,7490,10770,13,3280,2,14400,1.00396341463
7478,7495,10247,17,2752,2,14400,1.00617732558
7627,7634,10982,7,3348,2,14400,1.00209080048
7666,7673,10816,7,3143,2,14400,1.00222717149
7767,7773,11159,6,3386,2,14400,1.00177200236
7782,7788,10910,6,3122,2,14400,1.00192184497
7783,7795,10945,12,3150,2,14400,1.00380952381
7819,7826,10794,7,2968,2,14400,1.00235849057
7835,7842,10963,7,3121,2,14400,1.00224287087
7922,7929,11017,7,3088,2,14400,1.00226683938
8010,8016,11160,6,3144,2,14400,1.00190839695
8128,8134,11253,6,3119,2,14400,1.00192369349
8237,8243,11225,6,2982,2,14400,1.00201207243
8252,8258,11092,6,2834,2,14400,1.00211714891
8307,8314,11294,7,2980,2,14400,1.00234899329
8355,8361,11534,6,3173,2,14400,1.00189095493
8645,8653,11982,8,3329,2,14400,1.00240312406
8687,8693,12294,6,3601,1,3600,1.00166620383
8694,8701,11717,7,3016,2,14400,1.00232095491
8742,8750,11553,8,2803,2,14400,1.00285408491
9066,9072,12211,6,3139,2,14400,1.00191143676
9187,9194,11893,7,2699,2,14400,1.00259355317
9215,9221,12131,6,2910,2,14400,1.00206185567
9302,9308,12325,6,3017,2,14400,1.00198873053
9332,9339,12097,7,2758,2,14400,1.00253807107
9553,9559,12601,6,3042,2,14400,1.00197238659
9638,9644,12413,6,2769,2,14400,1.00216684724
9747,9753,13223,6,3470,2,14400,1.00172910663
9871,9878,13033,7,3155,2,14400,1.00221870048
9943,9951,13066,8,3115,2,14400,1.0025682183
9958,9964,13176,6,3212,2,14400,1.00186799502
10125,10131,13166,6,3035,2,14400,1.00197693575
10176,10183,13123,7,2940,2,14400,1.00238095238
10191,10197,12947,6,2750,2,14400,1.00218181818
10206,10212,13288,6,3076,2,14400,1.00195058518
10249,10255,13299,6,3044,2,14400,1.00197109067
10321,10328,13422,7,3094,2,14400,1.00226244344
10336,10344,13459,8,3115,2,14400,1.0025682183
10412,10418,13673,6,3255,2,14400,1.00184331797
10427,10434,13610,7,3176,2,14400,1.00220403023
10442,10449,13434,7,2985,2,14400,1.00234505863
10506,10512,13858,6,3346,2,14400,1.00179318589
10772,10779,13999,7,3220,2,14400,1.00217391304
10796,10803,13645,7,2842,2,14400,1.00246305419
10818,10825,14086,7,3261,2,14400,1.0021465808
10912,10919,14015,7,3096,2,14400,1.00226098191
10948,10954,13793,6,2839,2,14400,1.00211342022
10963,10969,14054,6,3085,2,14400,1.00194489465
10984,10991,13911,7,2920,2,14400,1.00239726027
11017,11023,14348,6,3325,2,14400,1.00180451128
11093,11099,14196,6,3097,2,14400,1.00193735873
11160,11166,14236,6,3070,2,14400,1.00195439739
11161,11173,14011,12,2838,2,14400,1.00422832981
11228,11234,14277,6,3043,2,14400,1.00197173842
11255,11261,11297,6,36,2,14400,1.16666666667
11294,11302,14230,8,2928,2,14400,1.00273224044
11309,11316,14545,7,3229,2,14400,1.00216785382
11537,11544,14841,7,3297,2,14400,1.00212314225
11555,11562,14514,7,2952,2,14400,1.00237127371
11718,11725,14738,7,3013,2,14400,1.00232326585
11894,11900,15060,6,3160,2,14400,1.00189873418
11985,11991,15173,6,3182,2,14400,1.00188560654
12100,12107,15128,7,3021,2,14400,1.00231711354
12133,12140,15371,7,3231,2,14400,1.00216651192
12211,12218,15267,7,3049,2,14400,1.0022958347
12251,12257,12265,6,8,1,1800,1.4
12326,12332,15225,6,2893,2,14400,1.00207397166
12399,12405,12562,6,157,1,3600,1.03821656051
12414,12420,15778,6,3358,2,14400,1.00178677784
12420,12426,12505,6,79,1,1800,1.07594936709
12601,12609,15692,8,3083,2,14400,1.00259487512
12691,12698,12995,7,297,1,3600,1.02356902357
12737,13006,13103,269,97,1,1800,3.77319587629
12949,12955,16032,6,3077,2,14400,1.00194995125
13034,13040,16104,6,3064,2,14400,1.00195822454
13067,13073,15942,6,2869,2,14400,1.00209132102
13125,13131,16036,6,2905,2,14400,1.00206540448
13167,13173,16380,6,3207,2,14400,1.00187090739
13182,13189,16232,7,3043,2,14400,1.00230036149
13224,13232,16313,8,3081,2,14400,1.00259655956
13229,13239,13877,10,638,1,3600,1.01567398119
13291,13297,16211,6,2914,2,14400,1.00205902539
13306,13312,16492,6,3180,2,14400,1.00188679245
13424,13430,16573,6,3143,2,14400,1.00190900414
13439,13445,16706,6,3261,2,14400,1.0018399264
13461,13467,16209,6,2742,2,14400,1.00218818381
13603,13610,13988,7,378,1,1800,1.01851851852
13612,13619,16675,7,3056,2,14400,1.00229057592
13646,13652,16912,6,3260,2,14400,1.0018404908
13673,13680,17015,7,3335,2,14400,1.00209895052
13794,13800,17064,6,3264,2,14400,1.00183823529
13861,13868,16885,7,3017,2,14400,1.00232018561
13912,13919,17082,7,3163,2,14400,1.00221308884
14000,14006,17216,6,3210,2,14400,1.00186915888
14015,14021,17094,6,3073,2,14400,1.00195248942
14017,14028,16831,11,2803,2,14400,1.00392436675
14056,14063,17253,7,3190,2,14400,1.00219435737
14090,14097,17072,7,2975,2,14400,1.00235294118
14199,14205,17511,6,3306,2,14400,1.00181488203
14232,14238,17389,6,3151,2,14400,1.00190415741
14247,14253,17146,6,2893,2,14400,1.00207397166
14281,14288,17233,7,2945,2,14400,1.00237691002
14350,14356,17523,6,3167,2,14400,1.00189453742
14378,14561,14569,183,8,1,3600,19.1
14517,14523,17929,6,3406,2,14400,1.00176159718
14547,14554,17122,7,2568,2,14400,1.0027258567
14629,14635,14642,6,7,1,1800,1.3
14677,14683,14785,6,102,1,3600,1.05882352941
14738,14744,17855,6,3111,2,14400,1.00192864031
14756,14762,14796,6,34,1,1800,1.17647058824
14844,14850,17581,6,2731,2,14400,1.00219699744
14921,14928,15219,7,291,1,3600,1.02405498282
15039,15046,15124,7,78,1,1800,1.08974358974
15062,15068,18175,6,3107,2,14400,1.00193112327
15128,15134,18315,6,3181,2,14400,1.00188619931
15174,15181,18041,7,2860,2,14400,1.00244755245
15225,15232,18436,7,3204,2,14400,1.00218476904
15268,15274,18241,6,2967,2,14400,1.00202224469
15374,15380,18301,6,2921,2,14400,1.00205409106
15503,15510,16042,7,532,1,3600,1.01315789474
15694,15700,18677,6,2977,2,14400,1.0020154518
15748,15754,16004,6,250,1,1800,1.024
15779,15785,18810,6,3025,2,14400,1.00198347107
15942,15949,18704,7,2755,2,14400,1.00254083485
16033,16040,18968,7,2928,2,14400,1.00239071038
16048,16054,18977,6,2923,2,14400,1.0020526856
16106,16112,19243,6,3131,2,14400,1.00191632066
16212,16219,19242,7,3023,2,14400,1.00231558055
16214,16227,19448,13,3221,2,14400,1.00403601366
16233,16241,19489,8,3248,2,14400,1.00246305419
16315,16322,19379,7,3057,2,14400,1.00228982663
16382,16388,19319,6,2931,2,14400,1.00204708291
16494,16500,19626,6,3126,2,14400,1.0019193858
16576,16582,19653,6,3071,2,14400,1.00195376099
16676,16682,19985,6,3303,2,14400,1.00181653043
16706,16712,19662,6,2950,2,14400,1.00203389831
16833,16839,19589,6,2750,2,14400,1.00218181818
16888,16894,19852,6,2958,2,14400,1.00202839757
16915,16924,19835,9,2911,2,14400,1.00309172106
17015,17021,20402,6,3381,2,14400,1.00177462289
17067,17073,20138,6,3065,2,14400,1.00195758564
17082,17088,20226,6,3138,2,14400,1.00191204589
17083,17095,20099,12,3004,2,14400,1.00399467377
17099,17105,20210,6,3105,2,14400,1.00193236715
17123,17130,20237,7,3107,2,14400,1.00225297715
17147,17153,20433,6,3280,2,14400,1.00182926829
17216,17223,20036,7,2813,2,14400,1.0024884465
17235,17241,20423,6,3182,2,14400,1.00188560654
17256,17262,20343,6,3081,2,14400,1.00194741967
17392,17399,20388,7,2989,2,14400,1.00234192037
17513,17519,20637,6,3118,2,14400,1.00192431046
17528,17534,20728,6,3194,2,14400,1.00187852223
17583,17589,20862,6,3273,2,14400,1.00183318057
17858,17864,20662,6,2798,2,14400,1.00214438885
17931,17937,20802,6,2865,2,14400,1.00209424084
18043,18049,21067,6,3018,2,14400,1.00198807157
18176,18182,21058,6,2876,2,14400,1.00208623088
18242,18250,21300,8,3050,2,14400,1.00262295082
18303,18309,21513,6,3204,2,14400,1.00187265918
18318,18324,21484,6,3160,2,14400,1.00189873418
18439,18445,21660,6,3215,2,14400,1.00186625194
18678,18685,21886,7,3201,2,14400,1.00218681662
18705,18712,21772,7,3060,2,14400,1.0022875817
18811,18819,22073,8,3254,2,14400,1.0024585126
18969,18975,21929,6,2954,2,14400,1.00203114421
18984,18991,22005,7,3014,2,14400,1.00232249502
19244,19251,22178,7,2927,2,14400,1.00239152716
19245,19258,22235,13,2977,2,14400,1.00436681223
19321,19328,22262,7,2934,2,14400,1.0023858214
19381,19388,22161,7,2773,2,14400,1.00252434187
19448,19455,22593,7,3138,2,14400,1.0022307202
19491,19498,22600,7,3102,2,14400,1.00225660864
19590,19598,22935,8,3337,2,14400,1.0023973629
19627,19633,22811,6,3178,2,14400,1.00188797986
19654,19660,22561,6,2901,2,14400,1.00206825233
19669,19675,22854,6,3179,2,14400,1.00188738597
19838,19844,22815,6,2971,2,14400,1.00201952205
19853,19860,23164,7,3304,2,14400,1.00211864407
19987,19994,23049,7,3055,2,14400,1.0022913257
20040,20047,22914,7,2867,2,14400,1.00244157656
20100,20106,22849,6,2743,2,14400,1.00218738607
20140,20147,23115,7,2968,2,14400,1.00235849057
20212,20219,23464,7,3245,2,14400,1.00215716487
20227,20234,22902,7,2668,2,14400,1.00262368816
20242,20249,23112,7,2863,2,14400,1.00244498778
20285,20359,20402,74,43,1,1800,2.72093023256
20345,20353,23478,8,3125,2,14400,1.00256
20391,20397,23489,6,3092,2,14400,1.00194049159
20406,20413,23521,7,3108,2,14400,1.00225225225
20424,20431,23446,7,3015,2,14400,1.00232172471
20439,20445,23412,6,2967,2,14400,1.00202224469
20639,20646,23617,7,2971,2,14400,1.00235610905
20646,20652,20732,6,80,1,1800,1.075
20663,20670,23858,7,3188,2,14400,1.002195734
20730,20737,23954,7,3217,2,14400,1.00217594032
20803,20809,23290,6,2481,2,14400,1.00241837969
20863,20870,24004,7,3134,2,14400,1.00223356733
21060,21066,24024,6,2958,2,14400,1.00202839757
21075,21081,24245,6,3164,2,14400,1.00189633375
21302,21308,24520,6,3212,2,14400,1.00186799502
21367,21373,21622,6,249,1,1800,1.02409638554
21486,21492,24598,6,3106,2,14400,1.00193174501
21513,21519,24459,6,2940,2,14400,1.00204081633
21662,21669,24644,7,2975,2,14400,1.00235294118
21773,21781,24680,8,2899,2,14400,1.00275957227
21888,21896,25133,8,3237,2,14400,1.00247142416
21931,21937,25067,6,3130,2,14400,1.00191693291
22006,22013,25054,7,3041,2,14400,1.00230187438
22076,22082,25246,6,3164,2,14400,1.00189633375
22164,22170,25139,6,2969,2,14400,1.00202088245
22179,22185,25251,6,3066,2,14400,1.00195694716
22236,22243,25375,7,3132,2,14400,1.00223499361
22264,22270,25164,6,2894,2,14400,1.00207325501
22563,22570,25521,7,2951,2,14400,1.00237207726
22593,22600,25396,7,2796,2,14400,1.00250357654
22608,22614,25726,6,3112,2,14400,1.00192802057
22736,35280,71330,12544,36050,5,360000,1.34796116505
22811,22817,25588,6,2771,2,14400,1.00216528329
22826,22832,26096,6,3264,2,14400,1.00183823529
22850,22856,25706,6,2850,2,14400,1.00210526316
22865,22872,26092,7,3220,2,14400,1.00217391304
22904,22911,25994,7,3083,2,14400,1.00227051573
22919,22926,26222,7,3296,2,14400,1.00212378641
22937,22943,26014,6,3071,2,14400,1.00195376099
23053,23060,26310,7,3250,2,14400,1.00215384615
23114,23120,26405,6,3285,2,14400,1.00182648402
23128,23134,26191,6,3057,2,14400,1.00196270854
23168,23174,26300,6,3126,2,14400,1.0019193858
23292,23299,26322,7,3023,2,14400,1.00231558055
23413,23420,26890,7,3470,2,14400,1.00201729107
23450,23457,26609,7,3152,2,14400,1.00222081218
23468,23475,26161,7,2686,2,14400,1.00260610573
23483,23489,26371,6,2882,2,14400,1.00208188758
23498,23505,26394,7,2889,2,14400,1.00242298373
23522,23528,26383,6,2855,2,14400,1.00210157618
23619,23625,26691,6,3066,2,14400,1.00195694716
23858,23864,27066,6,3202,2,14400,1.00187382886
23955,23962,27097,7,3135,2,14400,1.00223285486
24007,24014,26730,7,2716,2,14400,1.00257731959
24025,24031,26890,6,2859,2,14400,1.00209863589
24246,24252,27592,6,3340,2,14400,1.00179640719
24461,24468,27382,7,2914,2,14400,1.00240219629
24521,24527,27724,6,3197,2,14400,1.00187675946
24600,24607,27478,7,2871,2,14400,1.00243817485
24646,24652,27736,6,3084,2,14400,1.00194552529
24682,24689,27606,7,2917,2,14400,1.00239972575
25054,25061,28235,7,3174,2,14400,1.00220541903
25069,25076,28028,7,2952,2,14400,1.00237127371
25136,25142,27974,6,2832,2,14400,1.00211864407
25151,25158,28416,7,3258,2,14400,1.0021485574
25166,25172,28051,6,2879,2,14400,1.00208405696
25247,25254,28424,7,3170,2,14400,1.00220820189
25262,25269,28363,7,3094,2,14400,1.00226244344
25377,25384,27996,7,2612,2,14400,1.00267993874
25398,25406,28548,8,3142,2,14400,1.00254614895
25522,25530,28740,8,3210,2,14400,1.00249221184
25589,25595,28434,6,2839,2,14400,1.00211342022
25707,25714,29089,7,3375,2,14400,1.00207407407
25728,25736,28470,8,2734,2,14400,1.00292611558
25995,26001,29289,6,3288,2,14400,1.00182481752
26016,26022,28993,6,2971,2,14400,1.00201952205
26095,26102,29011,7,2909,2,14400,1.0024063252
26110,26116,29187,6,3071,2,14400,1.00195376099
26161,26168,29041,7,2873,2,14400,1.00243647755
26194,26202,29342,8,3140,2,14400,1.0025477707
26225,26231,29376,6,3145,2,14400,1.00190779014
26300,26308,29146,8,2838,2,14400,1.00281888654
26315,26321,28964,6,2643,2,14400,1.00227014756
26330,26337,29306,7,2969,2,14400,1.00235769619
26373,26380,29679,7,3299,2,14400,1.00212185511
26388,26395,29379,7,2984,2,14400,1.0023458445
26403,26409,29718,6,3309,2,14400,1.00181323663
26418,26424,29311,6,2887,2,14400,1.00207828195
26612,26618,29617,6,2999,2,14400,1.00200066689
26694,26700,29459,6,2759,2,14400,1.00217470098
26733,26740,29558,7,2818,2,14400,1.00248403123
26891,26898,29673,7,2775,2,14400,1.00252252252
26892,26904,30033,12,3129,2,14400,1.00383509108
27068,27074,30071,6,2997,2,14400,1.002002002
27098,27106,30058,8,2952,2,14400,1.0027100271
27383,27389,30476,6,3087,2,14400,1.0019436346
27480,27486,30881,6,3395,2,14400,1.00176730486
27595,27602,30686,7,3084,2,14400,1.00226977951
27610,27617,30634,7,3017,2,14400,1.00232018561
27725,27731,30921,6,3190,2,14400,1.00188087774
27740,27746,30963,6,3217,2,14400,1.0018650917
27976,27982,31036,6,3054,2,14400,1.00196463654
27997,28004,30984,7,2980,2,14400,1.00234899329
28031,28038,31091,7,3053,2,14400,1.00229282673
28052,28058,31028,6,2970,2,14400,1.00202020202
28236,28243,31083,7,2840,2,14400,1.00246478873
28363,28370,31508,7,3138,2,14400,1.0022307202
28418,28425,31475,7,3050,2,14400,1.00229508197
28433,28440,31631,7,3191,2,14400,1.0021936697
28448,28456,31481,8,3025,2,14400,1.0026446281
28473,28479,31697,6,3218,2,14400,1.00186451212
28549,28556,31479,7,2923,2,14400,1.00239479986
28742,28749,32198,7,3449,2,14400,1.00202957379
28966,28972,32293,6,3321,2,14400,1.00180668473
28993,29000,32142,7,3142,2,14400,1.00222788033
29011,29019,32206,8,3187,2,14400,1.00251019768
29042,29048,32199,6,3151,2,14400,1.00190415741
29090,29097,31881,7,2784,2,14400,1.00251436782
29148,29154,32041,6,2887,2,14400,1.00207828195
29190,29196,32124,6,2928,2,14400,1.00204918033
29290,29297,32421,7,3124,2,14400,1.00224071703
29308,29314,32333,6,3019,2,14400,1.00198741305
29323,29330,32105,7,2775,2,14400,1.00252252252
29344,29350,32320,6,2970,2,14400,1.00202020202
29378,29384,32488,6,3104,2,14400,1.00193298969
29393,29400,32287,7,2887,2,14400,1.00242466228
29463,29469,32317,6,2848,2,14400,1.00210674157
29560,29567,32632,7,3065,2,14400,1.00228384992
29620,29627,32732,7,3105,2,14400,1.00225442834
29675,29682,32734,7,3052,2,14400,1.00229357798
29690,29697,32749,7,3052,2,14400,1.00229357798
29720,29726,32478,6,2752,2,14400,1.00218023256
30036,30042,32916,6,2874,2,14400,1.00208768267
30060,30067,33084,7,3017,2,14400,1.00232018561
30075,30082,33117,7,3035,2,14400,1.00230642504
30477,30483,33497,6,3014,2,14400,1.00199071002
30635,30641,33541,6,2900,2,14400,1.00206896552
30686,30693,33511,7,2818,2,14400,1.00248403123
30883,30889,34130,6,3241,2,14400,1.00185128047
30922,30928,34289,6,3361,2,14400,1.00178518298
30964,30971,33903,7,2932,2,14400,1.00238744884
30986,30992,33965,6,2973,2,14400,1.00201816347
31031,31038,34102,7,3064,2,14400,1.0022845953
31046,31052,34137,6,3085,2,14400,1.00194489465
31086,31092,34369,6,3277,2,14400,1.00183094294
31101,31108,34207,7,3099,2,14400,1.00225879316
31476,31482,34095,6,2613,2,14400,1.00229621125
31491,31499,34500,8,3001,2,14400,1.00266577807
31493,31506,34808,13,3302,2,14400,1.00393700787
31511,31517,34513,6,2996,2,14400,1.00200267023
31632,31639,34632,7,2993,2,14400,1.00233879051
31699,31705,34687,6,2982,2,14400,1.00201207243
31884,31891,34968,7,3077,2,14400,1.00227494313
32041,32048,35269,7,3221,2,14400,1.00217323812
32108,32115,35221,7,3106,2,14400,1.00225370251
32126,32132,35324,6,3192,2,14400,1.00187969925
32144,32151,35261,7,3110,2,14400,1.00225080386
32199,32205,35373,6,3168,2,14400,1.00189393939
32200,32212,35359,12,3147,2,14400,1.00381315539
32216,32222,35630,6,3408,2,14400,1.00176056338
32288,32296,34881,8,2585,2,14400,1.00309477756
32303,32310,35453,7,3143,2,14400,1.00222717149
32319,32325,35405,6,3080,2,14400,1.00194805195
32334,32341,35521,7,3180,2,14400,1.00220125786
32336,32347,35256,11,2909,2,14400,1.00378136817
32424,32430,35560,6,3130,2,14400,1.00191693291
32481,32487,35589,6,3102,2,14400,1.00193423598
32496,32502,35557,6,3055,2,14400,1.00196399345
32635,32642,35568,7,2926,2,14400,1.0023923445
32736,32742,35949,6,3207,2,14400,1.00187090739
32737,32749,35913,12,3164,2,14400,1.00379266751
32752,32760,35835,8,3075,2,14400,1.00260162602
32919,32925,36164,6,3239,2,14400,1.00185242359
33085,33092,36044,7,2952,2,14400,1.00237127371
33119,33126,36283,7,3157,2,14400,1.0022172949
33500,33506,36515,6,3009,2,14400,1.00199401795
33515,33521,36683,6,3162,2,14400,1.00189753321
33542,33548,36457,6,2909,2,14400,1.00206256446
33905,33912,36954,7,3042,2,14400,1.00230111769
33966,33972,37082,6,3110,2,14400,1.00192926045
34096,34102,37301,6,3199,2,14400,1.00187558612
34111,34117,37085,6,2968,2,14400,1.00202156334
34132,34138,37264,6,3126,2,14400,1.0019193858
34147,34153,36932,6,2779,2,14400,1.00215905002
34208,34215,37169,7,2954,2,14400,1.00236966825
34290,34296,37370,6,3074,2,14400,1.00195185426
34372,34378,37088,6,2710,2,14400,1.00221402214
34502,34508,37258,6,2750,2,14400,1.00218181818
34517,34524,37449,7,2925,2,14400,1.00239316239
34635,34641,37592,6,2951,2,14400,1.00203320908
34687,34693,37716,6,3023,2,14400,1.00198478333
34811,34817,37654,6,2837,2,14400,1.00211491012
34883,34889,37946,6,3057,2,14400,1.00196270854
34968,34974,38009,6,3035,2,14400,1.00197693575
35222,35228,38432,6,3204,2,14400,1.00187265918
35259,35266,38056,7,2790,2,14400,1.00250896057
35274,35285,38405,11,3120,2,14400,1.00352564103
35275,35293,38344,18,3051,2,14400,1.00589970501
35327,35333,38141,6,2808,2,14400,1.00213675214
35361,35367,38197,6,2830,2,14400,1.00212014134
35376,35382,38219,6,2837,2,14400,1.00211491012
35406,35413,38436,7,3023,2,14400,1.00231558055
35447,37099,91140,1652,54041,4,54000,1.03056938251
35454,35461,38380,7,2919,2,14400,1.00239808153
35524,35531,38626,7,3095,2,14400,1.00226171244
35557,35564,38660,7,3096,2,14400,1.00226098191
35573,35580,38644,7,3064,2,14400,1.0022845953
35574,35586,38505,12,2919,2,14400,1.00411099692
35592,35599,38978,7,3379,2,14400,1.00207161882
35631,35639,38502,8,2863,2,14400,1.00279427174
35838,35844,38847,6,3003,2,14400,1.001998002
35913,35920,39042,7,3122,2,14400,1.00224215247
35950,35956,38803,6,2847,2,14400,1.00210748156
36047,36053,38940,6,2887,2,14400,1.00207828195
36165,36171,39305,6,3134,2,14400,1.00191448628
36286,36292,39176,6,2884,2,14400,1.00208044383
36458,36466,39398,8,2932,2,14400,1.00272851296
36516,36522,39560,6,3038,2,14400,1.00197498354
36685,36692,39675,7,2983,2,14400,1.00234663091
36934,36940,40061,6,3121,2,14400,1.00192246075
36958,36964,40063,6,3099,2,14400,1.00193610842
37085,37092,40110,7,3018,2,14400,1.00231941683
37087,37104,40377,17,3273,2,14400,1.00519401161
37102,37110,40407,8,3297,2,14400,1.00242644829
37172,37179,40099,7,2920,2,14400,1.00239726027
37259,37271,40134,12,2863,2,14400,1.00419140761
37274,37282,40295,8,3013,2,14400,1.00265516097
37302,37308,40232,6,2924,2,14400,1.00205198358
37371,37377,40326,6,2949,2,14400,1.002034588
37450,37456,40144,6,2688,2,14400,1.00223214286
37592,37598,40599,6,3001,2,14400,1.00199933356
37656,37662,40678,6,3016,2,14400,1.00198938992
37717,37723,40714,6,2991,2,14400,1.00200601805
37920,37927,110997,7,73070,1,86400,1.00009579855
37950,37957,41225,7,3268,2,14400,1.00214198286
38010,38016,41019,6,3003,2,14400,1.001998002
38055,38073,78479,18,40406,1,86400,1.00044547839
38059,38066,41165,7,3099,2,14400,1.00225879316
38120,38211,75395,91,37184,1,86400,1.00244728916
38144,38150,41082,6,2932,2,14400,1.00204638472
38198,38204,40987,6,2783,2,14400,1.00215594682
38220,38226,41199,6,2973,2,14400,1.00201816347
38347,38353,41258,6,2905,2,14400,1.00206540448
38383,38390,41409,7,3019,2,14400,1.00231864856
38406,38412,41667,6,3255,2,14400,1.00184331797
38433,38439,41228,6,2789,2,14400,1.00215130871
38448,38455,41556,7,3101,2,14400,1.00225733634
38503,38509,41540,6,3031,2,14400,1.0019795447
38518,38524,41921,6,3397,2,14400,1.00176626435
38627,38634,41521,7,2887,2,14400,1.00242466228
38645,38651,41814,6,3163,2,14400,1.00189693329
38663,38669,41532,6,2863,2,14400,1.00209570381
38805,38812,41620,7,2808,2,14400,1.00249287749
38848,38854,41782,6,2928,2,14400,1.00204918033
38942,38948,41776,6,2828,2,14400,1.00212164074
38978,39039,42155,61,3116,2,14400,1.01957637997
39044,39116,42106,72,2990,2,14400,1.02408026756
39178,39228,42333,50,3105,2,14400,1.01610305958
39308,39314,42447,6,3133,2,14400,1.00191509735
39399,39405,42564,6,3159,2,14400,1.00189933523
39562,39569,42753,7,3184,2,14400,1.00219849246
39678,39684,42850,6,3166,2,14400,1.00189513582
40065,40072,43164,7,3092,2,14400,1.00226390686
40066,40079,43079,13,3000,2,14400,1.00433333333
40099,40107,42845,8,2738,2,14400,1.00292184076
40114,40121,43334,7,3213,2,14400,1.00217864924
40136,40142,43206,6,3064,2,14400,1.00195822454
40151,40157,42796,6,2639,2,14400,1.00227358848
40235,40242,42932,7,2690,2,14400,1.00260223048
40296,40302,43136,6,2834,2,14400,1.00211714891
40329,40335,43321,6,2986,2,14400,1.00200937709
40378,40384,43782,6,3398,2,14400,1.00176574456
40408,40414,43506,6,3092,2,14400,1.00194049159
40602,40608,43780,6,3172,2,14400,1.00189155107
40681,40687,43614,6,2927,2,14400,1.00204988042
40717,40725,43651,8,2926,2,14400,1.002734108
40990,40996,44208,6,3212,2,14400,1.00186799502
41020,41027,44241,7,3214,2,14400,1.00217797138
41084,41090,44221,6,3131,2,14400,1.00191632066
41166,41172,44224,6,3052,2,14400,1.00196592398
41202,41208,44253,6,3045,2,14400,1.00197044335
41226,41233,44189,7,2956,2,14400,1.00236806495
41241,41247,44225,6,2978,2,14400,1.00201477502
41260,41267,44411,7,3144,2,14400,1.0022264631
41411,41417,44626,6,3209,2,14400,1.00186974135
41523,41531,44337,8,2806,2,14400,1.0028510335
41539,41546,44574,7,3028,2,14400,1.00231175694
41554,41561,44662,7,3101,2,14400,1.00225733634
41569,41575,44674,6,3099,2,14400,1.00193610842
41619,48685,77520,7066,28835,8,28800,1.24504941911
41621,41628,44649,7,3021,2,14400,1.00231711354
41670,41676,41713,6,37,2,14400,1.16216216216
41715,41722,44824,7,3102,2,14400,1.00225660864
41779,41786,42246,7,460,2,14400,1.0152173913
41794,41801,44963,7,3162,2,14400,1.00221378874
41815,41822,45124,7,3302,2,14400,1.00211992732
41921,41928,42374,7,446,2,14400,1.01569506726
42109,42116,44922,7,2806,2,14400,1.00249465431
42158,42164,45168,6,3004,2,14400,1.00199733688
42249,42255,45619,6,3364,2,14400,1.00178359096
42334,42341,45093,7,2752,2,14400,1.00254360465
42376,42383,45083,7,2700,2,14400,1.00259259259
42449,42455,45434,6,2979,2,14400,1.00201409869
42567,42573,45852,6,3279,2,14400,1.00182982617
42755,42761,45848,6,3087,2,14400,1.0019436346
42797,42804,45814,7,3010,2,14400,1.0023255814
42846,42896,45856,50,2960,2,14400,1.01689189189
42861,42940,43386,79,446,2,14400,1.17713004484
42934,42992,45927,58,2935,2,14400,1.01976149915
43080,43087,46245,7,3158,2,14400,1.00221659278
43138,43144,45975,6,2831,2,14400,1.00211939244
43168,43174,46316,6,3142,2,14400,1.00190961171
43208,43215,46207,7,2992,2,14400,1.00233957219
43323,43329,46417,6,3088,2,14400,1.00194300518
43338,43344,46401,6,3057,2,14400,1.00196270854
43389,43397,46598,8,3201,2,14400,1.00249921899
43507,43515,46843,8,3328,2,14400,1.00240384615
43617,43624,46813,7,3189,2,14400,1.00219504547
43653,43659,46876,6,3217,2,14400,1.0018650917
43783,43790,46833,7,3043,2,14400,1.00230036149
43785,43797,46951,12,3154,2,14400,1.00380469245
44190,44197,47238,7,3041,2,14400,1.00230187438
44211,44217,47206,6,2989,2,14400,1.00200736032
44227,44234,47112,7,2878,2,14400,1.00243224461
44228,44241,47194,13,2953,2,14400,1.00440230274
44230,44246,47301,16,3055,2,14400,1.00523731588
44245,44252,47233,7,2981,2,14400,1.0023482053
44260,44266,47228,6,2962,2,14400,1.00202565834
44338,44346,47497,8,3151,2,14400,1.00253887655
44414,44421,44870,7,449,2,14400,1.01559020045
44575,44582,47609,7,3027,2,14400,1.00231252065
44630,44636,47813,6,3177,2,14400,1.00188857413
44651,44658,47685,7,3027,2,14400,1.00231252065
44666,44673,47713,7,3040,2,14400,1.00230263158
44681,44688,47822,7,3134,2,14400,1.00223356733
44827,44833,47844,6,3011,2,14400,1.00199269346
44872,44878,48196,6,3318,2,14400,1.00180831826
44923,44930,47882,7,2952,2,14400,1.00237127371
44966,44973,47968,7,2995,2,14400,1.00233722871
45084,45090,47923,6,2833,2,14400,1.00211789622
45099,45107,48182,8,3075,2,14400,1.00260162602
45127,45134,48306,7,3172,2,14400,1.00220680958
45170,45176,48379,6,3203,2,14400,1.00187324383
45430,45437,48320,7,2883,2,14400,1.00242802636
45620,45628,48331,8,2703,2,14400,1.00295967444
45817,45823,48745,6,2922,2,14400,1.00205338809
45851,45857,48850,6,2993,2,14400,1.00200467758
45867,45874,48635,7,2761,2,14400,1.00253531329
45868,45881,48907,13,3026,2,14400,1.00429610046
45929,45936,49038,7,3102,2,14400,1.00225660864
45977,45984,48877,7,2893,2,14400,1.0024196336
46210,46217,49186,7,2969,2,14400,1.00235769619
46247,46253,49407,6,3154,2,14400,1.00190234623
46317,46324,49539,7,3215,2,14400,1.00217729393
46405,46412,49098,7,2686,2,14400,1.00260610573
46420,46426,49374,6,2948,2,14400,1.00203527815
46602,46608,49675,6,3067,2,14400,1.0019563091
46814,46821,49774,7,2953,2,14400,1.00237047071
46836,46843,49922,7,3079,2,14400,1.00227346541
46851,46857,49788,6,2931,2,14400,1.00204708291
46879,46886,49792,7,2906,2,14400,1.00240880936
46951,46957,49636,6,2679,2,14400,1.00223964166
47115,47121,50483,6,3362,2,14400,1.00178465199
47197,47203,50263,6,3060,2,14400,1.00196078431
47212,47220,50254,8,3034,2,14400,1.00263678312
47230,47237,50406,7,3169,2,14400,1.00220889871
47245,47251,50312,6,3061,2,14400,1.00196014374
47247,47257,50234,10,2977,2,14400,1.00335908633
47302,47309,50289,7,2980,2,14400,1.00234899329
47498,47506,50405,8,2899,2,14400,1.00275957227
47610,47617,50809,7,3192,2,14400,1.00219298246
47662,56155,70953,8493,14798,32,86400,1.57392890931
47687,47694,50773,7,3079,2,14400,1.00227346541
47714,47720,50835,6,3115,2,14400,1.00192616372
47814,47821,50792,7,2971,2,14400,1.00235610905
47829,47836,50881,7,3045,2,14400,1.00229885057
47847,47854,50834,7,2980,2,14400,1.00234899329
47884,47890,50985,6,3095,2,14400,1.00193861066
47926,47934,51026,8,3092,2,14400,1.00258732212
47969,47975,51103,6,3128,2,14400,1.00191815857
48184,48191,51244,7,3053,2,14400,1.00229282673
48199,48205,51246,6,3041,2,14400,1.00197303519
48309,48316,51172,7,2856,2,14400,1.00245098039
48324,48330,51679,6,3349,2,14400,1.00179157958
48339,48345,51379,6,3034,2,14400,1.00197758734
48382,48389,51428,7,3039,2,14400,1.00230338927
48636,48642,51757,6,3115,2,14400,1.00192616372
48748,48755,51568,7,2813,2,14400,1.0024884465
48852,48861,52024,9,3163,2,14400,1.00284539994
48879,48885,51766,6,2881,2,14400,1.0020826102
48909,48917,51816,8,2899,2,14400,1.00275957227
49039,49045,52263,6,3218,2,14400,1.00186451212
49100,49107,52032,7,2925,2,14400,1.00239316239
49188,49194,52111,6,2917,2,14400,1.00205690778
49376,49382,52493,6,3111,2,14400,1.00192864031
49409,49417,52417,8,3000,2,14400,1.00266666667
49540,49547,52477,7,2930,2,14400,1.0023890785
49637,49643,52839,6,3196,2,14400,1.00187734668
49676,49682,52619,6,2937,2,14400,1.00204290092
49776,49782,53080,6,3298,2,14400,1.00181928441
49791,49799,52878,8,3079,2,14400,1.00259824618
49807,49813,52918,6,3105,2,14400,1.00193236715
49925,49932,52755,7,2823,2,14400,1.0024796316
50237,50243,53282,6,3039,2,14400,1.00197433366
50255,50261,53314,6,3053,2,14400,1.00196528005
50270,50276,53081,6,2805,2,14400,1.00213903743
50291,50297,53375,6,3078,2,14400,1.00194931774
50315,50323,53428,8,3105,2,14400,1.00257648953
50404,50411,53272,7,2861,2,14400,1.00244669696
50419,50426,53522,7,3096,2,14400,1.00226098191
50486,50492,53402,6,2910,2,14400,1.00206185567
50778,50784,53923,6,3139,2,14400,1.00191143676
50793,50799,53986,6,3187,2,14400,1.00188264826
50811,50819,53984,8,3165,2,14400,1.00252764613
50836,50842,53938,6,3096,2,14400,1.0019379845
50837,50849,53980,12,3131,2,14400,1.00383264133
50883,50889,53813,6,2924,2,14400,1.00205198358
50986,50992,54195,6,3203,2,14400,1.00187324383
51028,51035,54245,7,3210,2,14400,1.00218068536
51104,51111,54233,7,3122,2,14400,1.00224215247
51174,51180,54200,6,3020,2,14400,1.00198675497
51248,51255,54423,7,3168,2,14400,1.00220959596
51249,51261,54112,12,2851,2,14400,1.00420904946
51383,51389,54199,6,2810,2,14400,1.00213523132
51428,51434,54596,6,3162,2,14400,1.00189753321
51525,70970,71738,19445,768,8,3540,26.3190104167
51571,51577,54620,6,3043,2,14400,1.00197173842
51580,51587,148742,7,97155,1,504000,1.00007204982
51680,51686,54698,6,3012,2,14400,1.00199203187
51759,51766,54665,7,2899,2,14400,1.00241462573
51774,51780,54784,6,3004,2,14400,1.00199733688
51816,51822,54626,6,2804,2,14400,1.00213980029
52025,52032,55283,7,3251,2,14400,1.00215318364
52040,52047,55067,7,3020,2,14400,1.00231788079
52113,52120,55018,7,2898,2,14400,1.00241545894
52265,52272,55526,7,3254,2,14400,1.00215119852
52419,52426,55415,7,2989,2,14400,1.00234192037
52480,52487,55665,7,3178,2,14400,1.00220264317
52495,52502,55767,7,3265,2,14400,1.002143951
52620,52626,55689,6,3063,2,14400,1.00195886386
52757,52763,55607,6,2844,2,14400,1.00210970464
52842,52849,55698,7,2849,2,14400,1.00245700246
52879,52886,55778,7,2892,2,14400,1.00242047026
52882,52935,53110,53,175,2,3540,1.30285714286
52921,52928,56032,7,3104,2,14400,1.00225515464
53081,53088,56065,7,2977,2,14400,1.00235136043
53083,53095,56098,12,3003,2,14400,1.003996004
53274,53281,56133,7,2852,2,14400,1.00245441795
53289,53295,56133,6,2838,2,14400,1.0021141649
53316,53322,56030,6,2708,2,14400,1.00221565731
53377,53383,56133,6,2750,2,14400,1.00218181818
53405,53412,56133,7,2721,2,14400,1.00257258361
53429,53441,56134,12,2693,2,14400,1.00445599703
53523,53529,56134,6,2605,2,14400,1.00230326296
53814,53821,56134,7,2313,2,14400,1.00302637268
53926,53932,56134,6,2202,2,14400,1.00272479564
53942,53948,56134,6,2186,2,14400,1.00274473925
53981,53988,56134,7,2146,2,14400,1.00326188257
53997,54003,56134,6,2131,2,14400,1.00281557954
53998,54010,56134,12,2124,2,14400,1.00564971751
54113,54120,56134,7,2014,2,14400,1.00347567031
54198,54204,56134,6,1930,2,14400,1.00310880829
54213,54219,56134,6,1915,2,14400,1.00313315927
54215,54227,56134,12,1907,2,14400,1.00629260619
54236,54242,56134,6,1892,2,14400,1.00317124736
54251,54257,56134,6,1877,2,14400,1.0031965903
54424,54431,56134,7,1703,2,14400,1.00411039342
54597,54603,56134,6,1531,2,14400,1.00391900718
54621,54627,56134,6,1507,2,14400,1.00398142004
54636,54642,56134,6,1492,2,14400,1.00402144772
54667,54673,56134,6,1461,2,14400,1.00410677618
54700,54706,56134,6,1428,2,14400,1.00420168067
54785,54792,56134,7,1342,2,14400,1.00521609538
55012,55019,56134,7,1115,2,14400,1.00627802691
55070,55076,56134,6,1058,2,14400,1.0056710775
55285,55292,56134,7,842,2,14400,1.00831353919
55393,56146,76513,753,20367,10,604800,1.03697157166
55415,55423,56134,8,711,2,14400,1.01125175809
55469,59081,60481,3612,1400,5,604800,3.58
55528,55534,56134,6,600,2,14400,1.01
55530,73939,73942,18409,3,8,10800,1841.2
55584,60494,61625,4910,1131,5,604800,5.34129089302
55609,55616,56134,7,518,2,14400,1.01351351351
55650,71750,73928,16100,2178,10,604800,8.39210284665
55667,55674,56134,7,460,2,14400,1.0152173913
55692,55699,56134,7,435,2,14400,1.01609195402
55707,55713,56134,6,421,2,14400,1.01425178147
55770,55776,56134,6,358,2,14400,1.01675977654
55785,55792,56134,7,342,2,14400,1.02046783626
56034,56041,56134,7,93,2,14400,1.0752688172
56036,56048,56134,12,86,2,14400,1.13953488372
56066,56073,56134,7,61,2,14400,1.11475409836
56099,56105,56134,6,29,2,14400,1.20689655172
56802,56808,60063,6,3255,2,14400,1.00184331797
56803,56814,59652,11,2838,2,14400,1.00387596899
56805,56820,59803,15,2983,2,14400,1.0050284948
56806,56825,59926,19,3101,2,14400,1.00612705579
56807,56830,59658,23,2828,2,14400,1.00813295615
56809,56836,59800,27,2964,2,14400,1.00910931174
56810,56842,59823,32,2981,2,14400,1.0107346528
56811,56847,60193,36,3346,2,14400,1.01075911536
56813,56852,59847,39,2995,2,14400,1.01302170284
56814,56857,60151,43,3294,2,14400,1.01305403764
56816,56863,59668,47,2805,2,14400,1.01675579323
56817,56868,60065,51,3197,2,14400,1.01595245543
56819,56873,59874,54,3001,2,14400,1.017994002
56820,56879,59752,59,2873,2,14400,1.02053602506
56821,56884,59926,63,3042,2,14400,1.02071005917
56823,56889,60124,66,3235,2,14400,1.02040185471
56824,56895,59853,71,2958,2,14400,1.02400270453
56826,56900,59805,74,2905,2,14400,1.02547332186
56827,56905,60069,78,3164,2,14400,1.02465233881
56828,56911,60098,83,3187,2,14400,1.02604330091
56830,56916,59948,86,3032,2,14400,1.02836411609
56831,56922,59970,91,3048,2,14400,1.02985564304
56833,56928,59779,95,2851,2,14400,1.03332164153
56834,56933,60134,99,3201,2,14400,1.03092783505
56836,56938,57418,102,480,2,14400,1.2125
56837,56943,60048,106,3105,2,14400,1.03413848631
56838,56949,59766,111,2817,2,14400,1.03940362087
56840,56954,60016,114,3062,2,14400,1.03723056826
56841,56959,57136,118,177,2,14400,1.66666666667
56843,56965,60105,122,3140,2,14400,1.03885350318
56844,56970,60182,126,3212,2,14400,1.03922789539
56846,56975,60092,129,3117,2,14400,1.04138594803
56847,56981,59978,134,2997,2,14400,1.04471137804
56848,56986,59966,138,2980,2,14400,1.04630872483
56850,56991,59926,141,2935,2,14400,1.04804088586
56851,56997,59944,146,2947,2,14400,1.04954190702
56853,57002,60240,149,3238,2,14400,1.0460160593
56854,57007,60171,153,3164,2,14400,1.04835651075
56855,57012,60060,157,3048,2,14400,1.05150918635
56857,57018,60014,161,2996,2,14400,1.05373831776
57420,57427,60124,7,2697,2,14400,1.00259547646
57422,57433,60288,11,2855,2,14400,1.00385288967
59652,59659,62687,7,3028,2,14400,1.00231175694
59667,59674,61127,7,1453,2,14400,1.00481761872
59682,59688,62783,6,3095,2,14400,1.00193861066
59754,59760,62900,6,3140,2,14400,1.00191082803
59768,59776,62823,8,3047,2,14400,1.00262553331
59783,59789,62924,6,3135,2,14400,1.0019138756
59801,59807,62514,6,2707,2,14400,1.0022164758
59815,59822,63178,7,3356,2,14400,1.00208581645
59817,59828,63050,11,3222,2,14400,1.00341402855
59831,59839,63051,8,3212,2,14400,1.00249066002
59849,59856,62887,7,3031,2,14400,1.00230946882
59864,59870,63122,6,3252,2,14400,1.00184501845
59879,59885,63282,6,3397,2,14400,1.00176626435
59928,59934,63167,6,3233,2,14400,1.00185586143
59929,59940,63040,11,3100,2,14400,1.0035483871
59931,59946,62752,15,2806,2,14400,1.00534568781
59946,59952,63129,6,3177,2,14400,1.00188857413
59960,59967,63141,7,3174,2,14400,1.00220541903
59976,59981,62199,5,2218,2,14400,1.00225428314
59977,59988,62877,11,2889,2,14400,1.00380754586
59992,59998,63149,6,3151,2,14400,1.00190415741
60016,60023,62955,7,2932,2,14400,1.00238744884
60031,60038,62981,7,2943,2,14400,1.00237852531
60049,60055,63080,6,3025,2,14400,1.00198347107
60064,60071,63049,7,2978,2,14400,1.00235057085
60065,60078,63345,13,3267,2,14400,1.0039791858
60081,60087,63087,6,3000,2,14400,1.002
60082,60093,63132,11,3039,2,14400,1.00361961171
60097,60103,63372,6,3269,2,14400,1.00183542368
60112,60118,63107,6,2989,2,14400,1.00200736032
60113,60125,63135,12,3010,2,14400,1.00398671096
60128,60135,63052,7,2917,2,14400,1.00239972575
60130,60141,63193,11,3052,2,14400,1.00360419397
60145,60151,63001,6,2850,2,14400,1.00210526316
60159,60166,63224,7,3058,2,14400,1.00228907783
60174,60181,63287,7,3106,2,14400,1.00225370251
60189,60195,63115,6,2920,2,14400,1.00205479452
60204,60210,63490,6,3280,2,14400,1.00182926829
60243,60249,63462,6,3213,2,14400,1.00186741363
60288,60295,63238,7,2943,2,14400,1.00237852531
61130,61136,64034,6,2898,2,14400,1.00207039337
62201,62208,65137,7,2929,2,14400,1.00238989416
62517,62523,65442,6,2919,2,14400,1.00205549846
62688,62694,65882,6,3188,2,14400,1.00188205772
62754,62760,65767,6,3007,2,14400,1.0019953442
62784,62790,65661,6,2871,2,14400,1.00208986416
62826,62832,65750,6,2918,2,14400,1.00205620288
62877,62883,66073,6,3190,2,14400,1.00188087774
62892,62898,65914,6,3016,2,14400,1.00198938992
62907,62913,65710,6,2797,2,14400,1.00214515552
62925,62931,65937,6,3006,2,14400,1.00199600798
62957,62964,65920,7,2956,2,14400,1.00236806495
62981,62987,65754,6,2767,2,14400,1.00216841344
63002,63009,65832,7,2823,2,14400,1.0024796316
63041,63047,65957,6,2910,2,14400,1.00206185567
63056,63062,65939,6,2877,2,14400,1.00208550574
63058,63069,63520,11,451,2,14400,1.0243902439
63059,63074,65955,15,2881,2,14400,1.00520652551
63061,63079,66157,18,3078,2,14400,1.00584795322
63082,63093,63557,11,464,2,14400,1.02370689655
63096,63104,65937,8,2833,2,14400,1.00282386163
63111,63118,66261,7,3143,2,14400,1.00222717149
63127,63133,65914,6,2781,2,14400,1.0021574973
63128,63140,63581,12,441,2,14400,1.02721088435
63143,63150,66472,7,3322,2,14400,1.00210716436
63145,63157,65953,12,2796,2,14400,1.00429184549
63146,63162,65928,16,2766,2,14400,1.00578452639
63148,63167,66342,19,3175,2,14400,1.00598425197
63162,63174,66161,12,2987,2,14400,1.00401740877
63178,63184,66190,6,3006,2,14400,1.00199600798
63193,63199,66282,6,3083,2,14400,1.00194615634
63208,63214,66185,6,2971,2,14400,1.00201952205
63226,63233,65039,7,1806,2,14400,1.00387596899
63240,63247,66292,7,3045,2,14400,1.00229885057
63283,63289,66340,6,3051,2,14400,1.00196656834
63298,63305,66417,7,3112,2,14400,1.00224935733
63346,63352,66571,6,3219,2,14400,1.0018639329
63373,63379,66575,6,3196,2,14400,1.00187734668
63463,63470,66491,7,3021,2,14400,1.00231711354
63494,63500,66708,6,3208,2,14400,1.00187032419
63521,63527,66651,6,3124,2,14400,1.0019206146
63560,63566,66358,6,2792,2,14400,1.00214899713
63584,63590,66580,6,2990,2,14400,1.00200668896
64037,64043,67114,6,3071,2,14400,1.00195376099
65039,65047,68016,8,2969,2,14400,1.00269450994
65139,65145,68014,6,2869,2,14400,1.00209132102
65443,65449,68581,6,3132,2,14400,1.00191570881
65665,65671,68592,6,2921,2,14400,1.00205409106
65713,65719,68586,6,2867,2,14400,1.00209277991
65752,65759,68591,7,2832,2,14400,1.00247175141
65767,65773,68196,6,2423,2,14400,1.00247626909
65769,65780,68979,11,3199,2,14400,1.00343857455
65835,65841,68790,6,2949,2,14400,1.002034588
65883,65890,69242,7,3352,2,14400,1.00208830549
65916,65922,68710,6,2788,2,14400,1.00215208034
65918,65929,68738,11,2809,2,14400,1.00391598434
65933,65939,68730,6,2791,2,14400,1.00214976711
65934,65946,68954,12,3008,2,14400,1.0039893617
65936,65951,69061,15,3110,2,14400,1.00482315113
65951,65958,68746,7,2788,2,14400,1.0025107604
65953,65964,69270,11,3306,2,14400,1.00332728373
65968,65974,69034,6,3060,2,14400,1.00196078431
65970,65981,68874,11,2893,2,14400,1.00380228137
65971,65987,69066,16,3079,2,14400,1.00519649237
66076,66083,69260,7,3177,2,14400,1.00220333648
66158,66164,69064,6,2900,2,14400,1.00206896552
66172,66179,69140,7,2961,2,14400,1.00236406619
66187,66193,66632,6,439,2,14400,1.01366742597
66202,66208,69168,6,2960,2,14400,1.00202702703
66262,66268,69487,6,3219,2,14400,1.0018639329
66283,66290,69355,7,3065,2,14400,1.00228384992
66298,66304,69417,6,3113,2,14400,1.00192740122
66341,66348,69549,7,3201,2,14400,1.00218681662
66356,66362,69438,6,3076,2,14400,1.00195058518
66371,66377,69636,6,3259,2,14400,1.00184105554
66419,66426,69672,7,3246,2,14400,1.00215650031
66473,66479,69660,6,3181,2,14400,1.00188619931
66494,66502,69447,8,2945,2,14400,1.00271646859
66574,66580,69661,6,3081,2,14400,1.00194741967
66589,66596,69522,7,2926,2,14400,1.0023923445
66590,66602,69733,12,3131,2,14400,1.00383264133
66636,66643,69577,7,2934,2,14400,1.0023858214
66654,66661,67122,7,461,2,14400,1.01518438178
66711,66718,70212,7,3494,2,14400,1.00200343446
67115,67121,70194,6,3073,2,14400,1.00195248942
67130,67136,70072,6,2936,2,14400,1.00204359673
68015,68022,71311,7,3289,2,14400,1.00212830648
68030,68036,70960,6,2924,2,14400,1.00205198358
68199,68205,68667,6,462,2,14400,1.01298701299
68581,68588,71667,7,3079,2,14400,1.00227346541
68597,68603,71580,6,2977,2,14400,1.0020154518
68598,68609,71677,11,3068,2,14400,1.00358539765
68600,68615,70911,15,2296,2,14400,1.00653310105
68669,68675,71936,6,3261,2,14400,1.0018399264
68711,68717,71750,6,3033,2,14400,1.00197823937
68732,68738,71823,6,3085,2,14400,1.00194489465
68747,68753,71848,6,3095,2,14400,1.00193861066
68748,68760,71839,12,3079,2,14400,1.00389736928
68790,68796,71678,6,2882,2,14400,1.00208188758
68874,68882,71761,8,2879,2,14400,1.00277874262
68955,68962,71879,7,2917,2,14400,1.00239972575
68979,68986,71924,7,2938,2,14400,1.00238257318
69037,69043,72273,6,3230,2,14400,1.00185758514
69064,69071,69503,7,432,2,14400,1.0162037037
69066,69078,72143,12,3065,2,14400,1.00391517129
69081,69087,72210,6,3123,2,14400,1.00192122959
69141,69147,72033,6,2886,2,14400,1.00207900208
69171,69177,72191,6,3014,2,14400,1.00199071002
69243,69249,72319,6,3070,2,14400,1.00195439739
69261,69268,72258,7,2990,2,14400,1.00234113712
69276,69282,72135,6,2853,2,14400,1.00210304942
69357,69363,72167,6,2804,2,14400,1.00213980029
69417,69424,72746,7,3322,2,14400,1.00210716436
69438,69444,72397,6,2953,2,14400,1.00203183204
69453,69459,72615,6,3156,2,14400,1.00190114068
69489,69495,72320,6,2825,2,14400,1.00212389381
69504,69510,72346,6,2836,2,14400,1.00211565585
69522,69528,72462,6,2934,2,14400,1.00204498978
69549,69555,72683,6,3128,2,14400,1.00191815857
69579,69585,72703,6,3118,2,14400,1.00192431046
69636,69643,72601,7,2958,2,14400,1.00236646383
69660,69667,72546,7,2879,2,14400,1.00243139979
69675,69682,72530,7,2848,2,14400,1.00245786517
69677,69688,72421,11,2733,2,14400,1.00402488108
69734,69741,72520,7,2779,2,14400,1.00251889169
70075,70082,72956,7,2874,2,14400,1.00243562978
70196,70202,73270,6,3068,2,14400,1.00195567145
70214,70221,73461,7,3240,2,14400,1.00216049383
70912,70919,73896,7,2977,2,14400,1.00235136043
70960,70977,74354,17,3377,2,14400,1.00503405389
71313,71320,74254,7,2934,2,14400,1.0023858214
71581,71587,74852,6,3265,2,14400,1.00183767228
71668,71674,74825,6,3151,2,14400,1.00190415741
71683,71690,74965,7,3275,2,14400,1.00213740458
71685,71696,74594,11,2898,2,14400,1.00379572119
71751,71757,74858,6,3101,2,14400,1.00193485972
71766,71772,74666,6,2894,2,14400,1.00207325501
71826,71832,74724,6,2892,2,14400,1.0020746888
71834,71859,122643,25,50784,5,360000,1.00049228103
71841,71847,74637,6,2790,2,14400,1.00215053763
71856,71866,75022,10,3156,2,14400,1.00316856781
71880,71886,75115,6,3229,2,14400,1.00185816042
71925,71931,74969,6,3038,2,14400,1.00197498354
71939,71946,75052,7,3106,2,14400,1.00225370251
72036,72042,74946,6,2904,2,14400,1.0020661157
72135,72142,75052,7,2910,2,14400,1.00240549828
72150,72156,75394,6,3238,2,14400,1.00185299568
72168,72174,75220,6,3046,2,14400,1.00196979645
72192,72198,75360,6,3162,2,14400,1.00189753321
72213,72219,74987,6,2768,2,14400,1.00216763006
72258,72264,75459,6,3195,2,14400,1.00187793427
72273,72280,75330,7,3050,2,14400,1.00229508197
72321,72328,75039,7,2711,2,14400,1.00258207304
72323,72335,75173,12,2838,2,14400,1.00422832981
72347,72354,75215,7,2861,2,14400,1.00244669696
72398,72404,75507,6,3103,2,14400,1.00193361263
72422,72428,75459,6,3031,2,14400,1.0019795447
72464,72471,75566,7,3095,2,14400,1.00226171244
72521,72527,75634,6,3107,2,14400,1.00193112327
72535,72543,75713,8,3170,2,14400,1.00252365931
72550,72556,75535,6,2979,2,14400,1.00201409869
72602,72608,76064,6,3456,2,14400,1.00173611111
72616,72624,75524,8,2900,2,14400,1.00275862069
72686,72692,75679,6,2987,2,14400,1.00200870439
72704,72711,75768,7,3057,2,14400,1.00228982663
72749,72755,75743,6,2988,2,14400,1.00200803213
72942,73945,73946,1003,1,2,3540,100.4
72957,72963,76174,6,3211,2,14400,1.00186857677
73271,73278,76296,7,3018,2,14400,1.00231941683
73461,73468,76073,7,2605,2,14400,1.00268714012
73898,73904,76789,6,2885,2,14400,1.0020797227
74256,74262,77320,6,3058,2,14400,1.00196206671
74356,74362,77144,6,2782,2,14400,1.00215672178
74596,74604,77520,8,2916,2,14400,1.00274348422
74638,74646,76946,8,2300,2,14400,1.00347826087
74668,74675,77415,7,2740,2,14400,1.00255474453
74726,74732,77662,6,2930,2,14400,1.00204778157
74828,74835,77935,7,3100,2,14400,1.00225806452
74855,74863,77948,8,3085,2,14400,1.00259319287
74870,74876,77768,6,2892,2,14400,1.0020746888
74948,74956,78157,8,3201,2,14400,1.00249921899
74967,74974,77731,7,2757,2,14400,1.00253899166
74982,74993,78189,11,3196,2,14400,1.00344180225
74996,75003,77830,7,2827,2,14400,1.0024761231
75023,75031,78112,8,3081,2,14400,1.00259655956
75041,75047,78103,6,3056,2,14400,1.00196335079
75057,75063,78015,6,2952,2,14400,1.00203252033
75058,75069,77903,11,2834,2,14400,1.00388143966
75115,75122,78145,7,3023,2,14400,1.00231558055
75176,75183,78524,7,3341,2,14400,1.00209518108
75218,75224,78376,6,3152,2,14400,1.0019035533
75232,75239,78175,7,2936,2,14400,1.00238419619
75332,75338,78384,6,3046,2,14400,1.00196979645
75362,75369,78432,7,3063,2,14400,1.00228534117
75395,75401,78610,6,3209,2,14400,1.00186974135
75462,75469,78576,7,3107,2,14400,1.00225297715
75463,75476,78417,13,2941,2,14400,1.00442026522
75508,75514,78597,6,3083,2,14400,1.00194615634
75526,75532,78655,6,3123,2,14400,1.00192122959
75541,75547,78558,6,3011,2,14400,1.00199269346
75568,75575,78599,7,3024,2,14400,1.00231481481
75631,75638,78401,7,2763,2,14400,1.0025334781
75682,75688,78778,6,3090,2,14400,1.00194174757
75715,75721,78862,6,3141,2,14400,1.00191021968
75745,75752,78854,7,3102,2,14400,1.00225660864
75769,75776,78796,7,3020,2,14400,1.00231788079
76065,76072,79309,7,3237,2,14400,1.00216249614
76079,76086,78780,7,2694,2,14400,1.00259836674
76176,76182,79037,6,2855,2,14400,1.00210157618
76296,76302,79286,6,2984,2,14400,1.00201072386
76790,76797,78825,7,2028,2,14400,1.00345167653
76946,76953,79992,7,3039,2,14400,1.00230338927
77145,77152,80236,7,3084,2,14400,1.00226977951
77323,77329,80401,6,3072,2,14400,1.001953125
77416,77423,80072,7,2649,2,14400,1.00264250661
77522,77528,80496,6,2968,2,14400,1.00202156334
77663,77670,80966,7,3296,2,14400,1.00212378641
77714,77721,78208,7,487,3,3540,1.01437371663
77732,77739,80845,7,3106,2,14400,1.00225370251
77771,77778,80615,7,2837,2,14400,1.00246739514
77832,77839,80855,7,3016,2,14400,1.00232095491
77904,77911,80995,7,3084,2,14400,1.00226977951
77937,77943,81176,6,3233,2,14400,1.00185586143
77952,77959,81104,7,3145,2,14400,1.00222575517
78018,78024,80984,6,2960,2,14400,1.00202702703
78105,78113,81053,8,2940,2,14400,1.00272108844
78120,78127,80993,7,2866,2,14400,1.00244242847
78147,78153,81008,6,2855,2,14400,1.00210157618
78162,78168,81059,6,2891,2,14400,1.00207540643
78177,78183,81269,6,3086,2,14400,1.00194426442
78192,78199,81480,7,3281,2,14400,1.00213349589
78379,78391,81685,12,3294,2,14400,1.00364298725
78394,78400,78856,6,456,2,14400,1.01315789474
78409,78415,81512,6,3097,2,14400,1.00193735873
78424,78431,81487,7,3056,2,14400,1.00229057592
78439,78445,81406,6,2961,2,14400,1.00202634245
78526,78532,81534,6,3002,2,14400,1.00199866755
78559,78566,81686,7,3120,2,14400,1.00224358974
78577,78583,81683,6,3100,2,14400,1.00193548387
78598,78604,81534,6,2930,2,14400,1.00204778157
78613,78619,81442,6,2823,2,14400,1.00212539851
78614,78626,82026,12,3400,2,14400,1.00352941176
78657,78663,81967,6,3304,2,14400,1.00181598063
78780,78786,81858,6,3072,2,14400,1.001953125
78782,78793,81879,11,3086,2,14400,1.00356448477
78800,78806,81988,6,3182,2,14400,1.00188560654
78827,78833,81830,6,2997,2,14400,1.002002002
78857,78864,82049,7,3185,2,14400,1.0021978022
78859,78871,81726,12,2855,2,14400,1.00420315236
78874,78880,81646,6,2766,2,14400,1.0021691974
78921,78928,384951,7,306023,4,306000,1.0000228741
78930,78937,384943,7,306006,4,306000,1.00002287537
78934,78944,384960,10,306016,4,306000,1.00003267803
79039,79046,82228,7,3182,2,14400,1.00219987429
79287,79293,79737,6,444,2,14400,1.01351351351
79311,79318,82583,7,3265,2,14400,1.002143951
79646,79653,385675,7,306022,4,306000,1.00002287417
79655,79661,385683,6,306022,4,306000,1.00001960643
79712,79752,385763,40,306011,4,306000,1.00013071426
79739,79746,82650,7,2904,2,14400,1.00241046832
79992,79999,82879,7,2880,2,14400,1.00243055556
80073,80079,83074,6,2995,2,14400,1.0020033389
80239,80246,83427,7,3181,2,14400,1.00220056586
80401,80407,83068,6,2661,2,14400,1.00225479143
80498,80504,83451,6,2947,2,14400,1.00203596878
80615,80622,83586,7,2964,2,14400,1.00236167341
80844,80850,83621,6,2771,2,14400,1.00216528329
80859,80866,83884,7,3018,2,14400,1.00231941683
80968,80975,84363,7,3388,2,14400,1.0020661157
80986,80993,84189,7,3196,2,14400,1.0021902378
81001,81007,84208,6,3201,2,14400,1.00187441425
81002,81013,83707,11,2694,2,14400,1.00408314774
81017,81024,83988,7,2964,2,14400,1.00236167341
81056,81063,84210,7,3147,2,14400,1.00222434064
81071,81077,84005,6,2928,2,14400,1.00204918033
81104,81110,84006,6,2896,2,14400,1.0020718232
81177,81184,84369,7,3185,2,14400,1.0021978022
81270,81277,84251,7,2974,2,14400,1.00235373235
81408,81416,84396,8,2980,2,14400,1.00268456376
81445,81451,84174,6,2723,2,14400,1.00220345207
81481,81488,84283,7,2795,2,14400,1.00250447227
81496,81502,84458,6,2956,2,14400,1.00202976996
81514,81521,84584,7,3063,2,14400,1.00228534117
81535,81541,84893,6,3352,2,14400,1.00178997613
81537,81549,84445,12,2896,2,14400,1.00414364641
81648,81654,82101,6,447,2,14400,1.01342281879
81651,100412,103924,18761,3512,8,10800,6.34197038724
81685,81691,84649,6,2958,2,14400,1.00202839757
81686,81698,84595,12,2897,2,14400,1.00414221609
81701,81708,84645,7,2937,2,14400,1.00238338441
81728,81734,84663,6,2929,2,14400,1.00204848071
81830,81837,84803,7,2966,2,14400,1.00236008092
81861,81868,84989,7,3121,2,14400,1.00224287087
81881,81888,84976,7,3088,2,14400,1.00226683938
81969,81975,82422,6,447,2,14400,1.01342281879
81990,81996,85088,6,3092,2,14400,1.00194049159
82029,82036,85102,7,3066,2,14400,1.00228310502
82050,82057,85057,7,3000,2,14400,1.00233333333
82102,82108,85361,6,3253,2,14400,1.00184445128
82228,82234,85446,6,3212,2,14400,1.00186799502
82331,114680,143501,32349,28821,8,28800,2.12241074217
82424,82430,85452,6,3022,2,14400,1.00198544011
82584,82593,85649,9,3056,2,14400,1.00294502618
82653,82659,85621,6,2962,2,14400,1.00202565834
82879,82886,85816,7,2930,2,14400,1.0023890785
83069,83076,86031,7,2955,2,14400,1.00236886633
83084,83090,86128,6,3038,2,14400,1.00197498354
83430,83437,86364,7,2927,2,14400,1.00239152716
83451,83459,83481,8,22,2,14400,1.36363636364
83482,83488,86564,6,3076,2,14400,1.00195058518
83587,83593,86603,6,3010,2,14400,1.00199335548
83623,83630,86681,7,3051,2,14400,1.00229432973
83708,83715,86838,7,3123,2,14400,1.00224143452
83885,83892,86940,7,3048,2,14400,1.00229658793
83926,83933,83942,7,9,2,3540,1.6
83991,83998,86795,7,2797,2,14400,1.00250268144
84006,84012,87137,6,3125,2,14400,1.00192
84021,84027,86854,6,2827,2,14400,1.00212239123
84175,84182,86491,7,2309,2,14400,1.00303161542
84190,84196,87249,6,3053,2,14400,1.00196528005
84211,84218,87162,7,2944,2,14400,1.00237771739
84212,84225,87323,13,3098,2,14400,1.00419625565
84251,84259,87223,8,2964,2,14400,1.00269905533
84285,84291,87400,6,3109,2,14400,1.00192988099
84366,84373,87580,7,3207,2,14400,1.00218272529
84381,84388,87196,7,2808,2,14400,1.00249287749
84399,84405,87638,6,3233,2,14400,1.00185586143
84447,84453,87576,6,3123,2,14400,1.00192122959
84462,84469,87481,7,3012,2,14400,1.00232403718
84585,84591,87463,6,2872,2,14400,1.00208913649
84600,84607,87602,7,2995,2,14400,1.00233722871
84649,84656,87661,7,3005,2,14400,1.00232945092
84664,84671,87669,7,2998,2,14400,1.00233488993
84665,84678,88082,13,3404,2,14400,1.00381903643
84804,84811,87783,7,2972,2,14400,1.00235531629
84894,84900,87925,6,3025,2,14400,1.00198347107
84979,84986,88101,7,3115,2,14400,1.00224719101
84993,85001,88139,8,3138,2,14400,1.00254939452
85057,85063,88013,6,2950,2,14400,1.00203389831
85090,85097,88084,7,2987,2,14400,1.00234348845
85105,85111,87977,6,2866,2,14400,1.00209351012
85364,85371,88525,7,3154,2,14400,1.00221940393
85449,85456,88359,7,2903,2,14400,1.00241129866
85464,85471,88536,7,3065,2,14400,1.00228384992
85623,85630,88639,7,3009,2,14400,1.00232635427
85650,85657,88722,7,3065,2,14400,1.00228384992
85819,85825,88860,6,3035,2,14400,1.00197693575
86033,86040,88965,7,2925,2,14400,1.00239316239
86122,88919,89996,2797,1077,10,604800,3.59702878366
86129,86135,88971,6,2836,2,14400,1.00211565585
86173,90013,90979,3840,966,10,604800,4.9751552795
86204,90991,114669,4787,23678,10,604800,1.20217079145
86223,103935,143922,17712,39987,10,604800,1.44294395679
86267,90201,91159,3934,958,5,604800,5.10647181628
86302,91151,131819,4849,40668,5,604800,1.11923379561
86333,91170,158934,4837,67764,5,604800,1.07138008382
86367,86374,89518,7,3144,2,14400,1.0022264631
86399,91177,141065,4778,49888,5,604800,1.09577453496
86429,92761,164119,6332,71358,5,604800,1.08873567084
86494,86501,89468,7,2967,2,14400,1.00235928547
86566,86573,89481,7,2908,2,14400,1.00240715268
86606,86612,89764,6,3152,2,14400,1.0019035533
86681,86687,89997,6,3310,2,14400,1.00181268882
86795,86802,89702,7,2900,2,14400,1.0024137931
86840,86847,89867,7,3020,2,14400,1.00231788079
86855,86861,89895,6,3034,2,14400,1.00197758734
86943,86949,89859,6,2910,2,14400,1.00206185567
87139,87146,90048,7,2902,2,14400,1.00241212957
87163,87169,90317,6,3148,2,14400,1.00190597205
87199,87205,90155,6,2950,2,14400,1.00203389831
87223,87230,90524,7,3294,2,14400,1.0021250759
87250,87256,90293,6,3037,2,14400,1.00197563385
87326,87333,90293,7,2960,2,14400,1.00236486486
87401,87408,90422,7,3014,2,14400,1.00232249502
87464,87470,90505,6,3035,2,14400,1.00197693575
87482,87489,90103,7,2614,2,14400,1.00267788829
87579,87585,90831,6,3246,2,14400,1.00184842884
87593,87600,90742,7,3142,2,14400,1.00222788033
87608,87614,90975,6,3361,2,14400,1.00178518298
87641,87647,90456,6,2809,2,14400,1.00213599146
87662,87669,90336,7,2667,2,14400,1.00262467192
87677,87683,90449,6,2766,2,14400,1.0021691974
87786,87792,90699,6,2907,2,14400,1.00206398349
87928,87934,90833,6,2899,2,14400,1.0020696792
87979,87985,91083,6,3098,2,14400,1.00193673338
88015,88022,91074,7,3052,2,14400,1.00229357798
88085,88091,91164,6,3073,2,14400,1.00195248942
88086,88098,91143,12,3045,2,14400,1.0039408867
88104,88111,91214,7,3103,2,14400,1.00225588141
88140,88146,91166,6,3020,2,14400,1.00198675497
88360,88366,91282,6,2916,2,14400,1.00205761317
88526,88532,91573,6,3041,2,14400,1.00197303519
88541,88547,91509,6,2962,2,14400,1.00202565834
88641,88647,91369,6,2722,2,14400,1.00220426157
88725,88731,91771,6,3040,2,14400,1.00197368421
88861,88868,92165,7,3297,2,14400,1.00212314225
88966,88973,92279,7,3306,2,14400,1.00211736237
88981,88988,92200,7,3212,2,14400,1.00217932752
89469,89476,92389,7,2913,2,14400,1.00240302094
89484,89491,92288,7,2797,2,14400,1.00250268144
89520,89526,92351,6,2825,2,14400,1.00212389381
89704,89711,92764,7,3053,2,14400,1.00229282673
89767,89773,92750,6,2977,2,14400,1.0020154518
89860,89867,93018,7,3151,2,14400,1.00222151698
89875,89881,92750,6,2869,2,14400,1.00209132102
89896,89903,92986,7,3083,2,14400,1.00227051573
89999,90006,92865,7,2859,2,14400,1.00244840853
90050,90062,92920,12,2858,2,14400,1.00419874038
90104,90111,93218,7,3107,2,14400,1.00225297715
90156,90162,93173,6,3011,2,14400,1.00199269346
90294,90301,93191,7,2890,2,14400,1.00242214533
90296,90308,93265,12,2957,2,14400,1.00405816706
90320,90327,93221,7,2894,2,14400,1.00241879751
90338,90344,93383,6,3039,2,14400,1.00197433366
90422,90428,93179,6,2751,2,14400,1.00218102508
90449,90456,93027,7,2571,2,14400,1.002722676
90464,90470,93046,6,2576,2,14400,1.00232919255
90506,90513,93530,7,3017,2,14400,1.00232018561
90527,90534,93578,7,3044,2,14400,1.00229960578
90699,90705,93767,6,3062,2,14400,1.00195950359
90744,90751,93988,7,3237,2,14400,1.00216249614
90832,90838,93982,6,3144,2,14400,1.00190839695
90847,90853,93816,6,2963,2,14400,1.00202497469
90977,90984,94142,7,3158,2,14400,1.00221659278
91076,91082,94287,6,3205,2,14400,1.00187207488
91091,91098,94469,7,3371,2,14400,1.00207653515
91145,91156,94001,11,2845,2,14400,1.00386643234
91166,91183,94434,17,3251,2,14400,1.00522916026
91168,91188,94101,20,2913,2,14400,1.00686577412
91216,91225,94243,9,3018,2,14400,1.00298210736
91285,91291,94154,6,2863,2,14400,1.00209570381
91370,91376,94395,6,3019,2,14400,1.00198741305
91511,91518,94303,7,2785,2,14400,1.00251346499
91575,91582,94217,7,2635,2,14400,1.00265654649
91774,91780,94834,6,3054,2,14400,1.00196463654
92166,92172,95292,6,3120,2,14400,1.00192307692
92202,92208,95184,6,2976,2,14400,1.00201612903
92280,92286,95333,6,3047,2,14400,1.00196914998
92294,92300,95280,6,2980,2,14400,1.00201342282
92352,92358,95265,6,2907,2,14400,1.00206398349
92391,92400,95317,9,2917,2,14400,1.00308536167
92747,92754,95551,7,2797,2,14400,1.00250268144
92762,92769,95649,7,2880,2,14400,1.00243055556
92776,92784,95927,8,3143,2,14400,1.00254533885
92867,92873,96145,6,3272,2,14400,1.00183374083
92921,92927,95857,6,2930,2,14400,1.00204778157
92987,92993,95737,6,2744,2,14400,1.00218658892
93021,93028,95947,7,2919,2,14400,1.00239808153
93035,93041,95834,6,2793,2,14400,1.00214822771
93050,93056,95989,6,2933,2,14400,1.00204568701
93174,93181,96043,7,2862,2,14400,1.00244584207
93189,93195,96226,6,3031,2,14400,1.0019795447
93204,93210,96442,6,3232,2,14400,1.00185643564
93219,93226,96428,7,3202,2,14400,1.00218613367
93234,93240,96170,6,2930,2,14400,1.00204778157
93267,93273,96354,6,3081,2,14400,1.00194741967
93384,93390,96601,6,3211,2,14400,1.00186857677
93532,93538,96667,6,3129,2,14400,1.00191754554
93580,93586,96824,6,3238,2,14400,1.00185299568
93767,93774,96574,7,2800,2,14400,1.0025
93819,93826,96746,7,2920,2,14400,1.00239726027
93984,93990,97208,6,3218,2,14400,1.00186451212
93999,94005,96889,6,2884,2,14400,1.00208044383
94014,94020,97185,6,3165,2,14400,1.0018957346
94101,94108,97264,7,3156,2,14400,1.00221799747
94143,94150,97503,7,3353,2,14400,1.00208768267
94158,94166,97407,8,3241,2,14400,1.00246837396
94219,94226,96938,7,2712,2,14400,1.00258112094
94246,94252,97306,6,3054,2,14400,1.00196463654
94288,94294,97286,6,2992,2,14400,1.00200534759
94306,94312,97459,6,3147,2,14400,1.00190657769
94397,94404,97466,7,3062,2,14400,1.00228608752
94436,94442,97558,6,3116,2,14400,1.00192554557
94472,94478,97732,6,3254,2,14400,1.00184388445
94834,94842,97698,8,2856,2,14400,1.00280112045
95086,95092,95098,6,6,1,3600,1.2
95184,95191,98001,7,2810,2,14400,1.0024911032
95203,95209,95336,6,127,1,3600,1.04724409449
95265,95273,98359,8,3086,2,14400,1.00259235256
95283,95291,98112,8,2821,2,14400,1.0028358738
95298,95304,98547,6,3243,2,14400,1.00185013876
95319,95326,98388,7,3062,2,14400,1.00228608752
95334,95340,98299,6,2959,2,14400,1.00202771206
95458,95465,95759,7,294,1,3600,1.02380952381
95554,95560,98583,6,3023,2,14400,1.00198478333
95651,95658,98461,7,2803,2,14400,1.0024973243
95738,95744,98684,6,2940,2,14400,1.00204081633
95835,95841,99065,6,3224,2,14400,1.00186104218
95859,95866,98679,7,2813,2,14400,1.0024884465
95928,95934,99091,6,3157,2,14400,1.00190053849
95949,95955,98866,6,2911,2,14400,1.00206114737
95980,95986,96623,6,637,1,3600,1.00941915228
95991,95997,99218,6,3221,2,14400,1.00186277554
96046,96052,98922,6,2870,2,14400,1.00209059233
96145,96152,99310,7,3158,2,14400,1.00221659278
96172,96178,99540,6,3362,2,14400,1.00178465199
96229,96235,99386,6,3151,2,14400,1.00190415741
96356,96363,99121,7,2758,2,14400,1.00253807107
96428,96436,99577,8,3141,2,14400,1.00254695957
96443,96450,99625,7,3175,2,14400,1.00220472441
96576,96582,99499,6,2917,2,14400,1.00205690778
96603,96610,99491,7,2881,2,14400,1.00242971191
96669,96676,99285,7,2609,2,14400,1.00268302031
96748,96754,100099,6,3345,2,14400,1.00179372197
96827,96833,99998,6,3165,2,14400,1.0018957346
96890,96896,100177,6,3281,2,14400,1.00182871076
96941,96947,99940,6,2993,2,14400,1.00200467758
97136,97142,100744,6,3602,1,3600,1.00166574125
97189,97196,100104,7,2908,2,14400,1.00240715268
97210,97216,100207,6,2991,2,14400,1.00200601805
97267,97274,100372,7,3098,2,14400,1.00225952227
97288,97294,100131,6,2837,2,14400,1.00211491012
97309,97315,99966,6,2651,2,14400,1.00226329687
97409,97416,100659,7,3243,2,14400,1.00215849522
97460,97466,100659,6,3193,2,14400,1.00187911055
97475,97482,100414,7,2932,2,14400,1.00238744884
97505,97512,100583,7,3071,2,14400,1.00227938782
97559,97566,100558,7,2992,2,14400,1.00233957219
97701,97708,100658,7,2950,2,14400,1.00237288136
97734,97740,100576,6,2836,2,14400,1.00211565585
98003,98010,101093,7,3083,2,14400,1.00227051573
98114,98120,101193,6,3073,2,14400,1.00195248942
98301,98308,101029,7,2721,2,14400,1.00257258361
98362,98368,101185,6,2817,2,14400,1.00212992545
98389,98396,101473,7,3077,2,14400,1.00227494313
98464,98470,101504,6,3034,2,14400,1.00197758734
98548,98555,101572,7,3017,2,14400,1.00232018561
98584,98591,101832,7,3241,2,14400,1.00215982721
98681,98688,101944,7,3256,2,14400,1.00214987715
98696,98703,101617,7,2914,2,14400,1.00240219629
98697,98710,98717,13,7,1,1800,2.0
98868,98874,101673,6,2799,2,14400,1.00214362272
98879,98886,98962,7,76,1,1800,1.09210526316
98925,98931,101972,6,3041,2,14400,1.00197303519
99067,99073,101974,6,2901,2,14400,1.00206825233
99091,99098,101896,7,2798,2,14400,1.00250178699
99124,99131,102284,7,3153,2,14400,1.00222010783
99190,99196,99293,6,97,1,1800,1.0618556701
99220,99226,102357,6,3131,2,14400,1.00191632066
99287,99292,102218,5,2926,2,14400,1.0017088175
99311,99317,102452,6,3135,2,14400,1.0019138756
99386,99392,102462,6,3070,2,14400,1.00195439739
99492,99499,102311,7,2812,2,14400,1.00248933144
99506,99514,102420,8,2906,2,14400,1.00275292498
99543,99549,102839,6,3290,2,14400,1.00182370821
99579,99585,102690,6,3105,2,14400,1.00193236715
99627,99633,102634,6,3001,2,14400,1.00199933356
99778,99784,100160,6,376,1,1800,1.01595744681
99941,99948,103205,7,3257,2,14400,1.00214921707
99968,99975,103096,7,3121,2,14400,1.00224287087
100001,100007,102956,6,2949,2,14400,1.002034588
100100,100107,103031,7,2924,2,14400,1.00239398085
100115,100121,103125,6,3004,2,14400,1.00199733688
100133,100140,103068,7,2928,2,14400,1.00239071038
100178,100185,103214,7,3029,2,14400,1.00231099373
100209,100215,103320,6,3105,2,14400,1.00193236715
100374,100381,103599,7,3218,2,14400,1.00217526414
100417,100424,103516,7,3092,2,14400,1.00226390686
100559,100566,103641,7,3075,2,14400,1.00227642276
100577,100584,103729,7,3145,2,14400,1.00222575517
100591,100598,103531,7,2933,2,14400,1.00238663484
100662,100669,103888,7,3219,2,14400,1.00217458838
100664,100676,103838,12,3162,2,14400,1.00379506641
100665,100681,103940,16,3259,2,14400,1.00490948144
100782,100790,100797,8,7,1,1800,1.5
100853,100859,101018,6,159,1,3600,1.03773584906
100958,100964,101006,6,42,1,1800,1.14285714286
101030,101037,104215,7,3178,2,14400,1.00220264317
101093,101099,104063,6,2964,2,14400,1.0020242915
101151,101157,101449,6,292,1,3600,1.02054794521
101187,101194,104178,7,2984,2,14400,1.0023458445
101201,101209,104586,8,3377,2,14400,1.00236896654
101245,101252,101329,7,77,1,1800,1.09090909091
101476,101483,104390,7,2907,2,14400,1.00240798074
101503,101510,104658,7,3148,2,14400,1.00222363405
101572,101579,104471,7,2892,2,14400,1.00242047026
101617,101623,104507,6,2884,2,14400,1.00208044383
101674,101681,104714,7,3033,2,14400,1.00230794593
101735,101742,102278,7,536,1,3600,1.01305970149
101834,101841,104804,7,2963,2,14400,1.00236247047
101897,101904,105185,7,3281,2,14400,1.00213349589
101946,101953,105069,7,3116,2,14400,1.00224646983
101958,101987,102241,29,254,1,1800,1.11417322835
101973,101980,105348,7,3368,2,14400,1.0020783848
101988,101994,105023,6,3029,2,14400,1.00198085177
102220,102227,105512,7,3285,2,14400,1.00213089802
102286,102293,105153,7,2860,2,14400,1.00244755245
102314,102320,105459,6,3139,2,14400,1.00191143676
102359,102366,105200,7,2834,2,14400,1.00247000706
102422,102428,105532,6,3104,2,14400,1.00193298969
102452,102458,105381,6,2923,2,14400,1.0020526856
102467,102473,105506,6,3033,2,14400,1.00197823937
102636,102642,105753,6,3111,2,14400,1.00192864031
102690,102696,105731,6,3035,2,14400,1.00197693575
102841,102847,105791,6,2944,2,14400,1.00203804348
102956,102962,105814,6,2852,2,14400,1.00210378682
103035,103042,106197,7,3155,2,14400,1.00221870048
103071,103078,106058,7,2980,2,14400,1.00234899329
103098,103104,106082,6,2978,2,14400,1.00201477502
103125,103131,105854,6,2723,2,14400,1.00220345207
103206,103213,106184,7,2971,2,14400,1.00235610905
103221,103227,106436,6,3209,2,14400,1.00186974135
103320,103327,106580,7,3253,2,14400,1.00215185982
103517,103524,106222,7,2698,2,14400,1.00259451446
103532,103538,106764,6,3226,2,14400,1.00185988841
103601,103608,106634,7,3026,2,14400,1.00231328486
103643,103649,104635,6,986,2,14400,1.0060851927
103731,103738,106861,7,3123,2,14400,1.00224143452
103839,103845,106945,6,3100,2,14400,1.00193548387
103890,103897,106504,7,2607,2,14400,1.00268507863
103942,103948,107049,6,3101,2,14400,1.00193485972
104066,104073,106883,7,2810,2,14400,1.0024911032
104180,104187,107121,7,2934,2,14400,1.0023858214
104216,104222,107178,6,2956,2,14400,1.00202976996
104391,104398,107301,7,2903,2,14400,1.00241129866
104473,104479,107631,6,3152,2,14400,1.0019035533
104509,104515,107512,6,2997,2,14400,1.002002002
104587,104593,107560,6,2967,2,14400,1.00202224469
104639,104646,107474,7,2828,2,14400,1.00247524752
104660,104666,107760,6,3094,2,14400,1.00193923723
104717,104723,107719,6,2996,2,14400,1.00200267023
104804,104810,107741,6,2931,2,14400,1.00204708291
105024,105032,107789,8,2757,2,14400,1.00290170475
105070,105076,108084,6,3008,2,14400,1.00199468085
105154,105161,108106,7,2945,2,14400,1.00237691002
105187,105193,108381,6,3188,2,14400,1.00188205772
105202,105208,108256,6,3048,2,14400,1.00196850394
105350,105356,108273,6,2917,2,14400,1.00205690778
105383,105390,108481,7,3091,2,14400,1.00226463928
105461,105467,108334,6,2867,2,14400,1.00209277991
105506,105513,108764,7,3251,2,14400,1.00215318364
105521,105527,108640,6,3113,2,14400,1.00192740122
105536,105542,108282,6,2740,2,14400,1.00218978102
105732,105738,108757,6,3019,2,14400,1.00198741305
105753,105759,108440,6,2681,2,14400,1.00223797091
105792,105799,108549,7,2750,2,14400,1.00254545455
105816,105822,108792,6,2970,2,14400,1.00202020202
105855,105863,109063,8,3200,2,14400,1.0025
106061,106067,109154,6,3087,2,14400,1.0019436346
106085,106092,108873,7,2781,2,14400,1.00251708019
106187,106193,108903,6,2710,2,14400,1.00221402214
106203,106209,108982,6,2773,2,14400,1.0021637216
106224,106230,109104,6,2874,2,14400,1.00208768267
106438,106445,109487,7,3042,2,14400,1.00230111769
106504,106510,109438,6,2928,2,14400,1.00204918033
106583,106590,109745,7,3155,2,14400,1.00221870048
106634,106641,109816,7,3175,2,14400,1.00220472441
106767,106774,109547,7,2773,2,14400,1.00252434187
106864,106871,110016,7,3145,2,14400,1.00222575517
106885,106892,109788,7,2896,2,14400,1.00241712707
106945,106952,109916,7,2964,2,14400,1.00236167341
107050,107058,109814,8,2756,2,14400,1.00290275762
107123,107129,109916,6,2787,2,14400,1.00215285253
107180,107187,110270,7,3083,2,14400,1.00227051573
107304,107310,109979,6,2669,2,14400,1.00224803297
107476,107483,110337,7,2854,2,14400,1.00245269797
107515,107521,110577,6,3056,2,14400,1.00196335079
107560,107566,110620,6,3054,2,14400,1.00196463654
107633,107640,110642,7,3002,2,14400,1.00233177881
107720,107727,110626,7,2899,2,14400,1.00241462573
107744,107751,110361,7,2610,2,14400,1.00268199234
107762,107768,110898,6,3130,2,14400,1.00191693291
107792,107798,110800,6,3002,2,14400,1.00199866755
108086,108093,110785,7,2692,2,14400,1.00260029718
108107,108113,111141,6,3028,2,14400,1.00198150594
108258,108265,111327,7,3062,2,14400,1.00228608752
108276,108283,111703,7,3420,2,14400,1.00204678363
108290,108297,111423,7,3126,2,14400,1.00223928343
108336,108342,111624,6,3282,2,14400,1.00182815356
108384,108390,111126,6,2736,2,14400,1.00219298246
108441,108447,111644,6,3197,2,14400,1.00187675946
108483,108490,111675,7,3185,2,14400,1.0021978022
108550,108556,111629,6,3073,2,14400,1.00195248942
108643,108649,111629,6,2980,2,14400,1.00201342282
108758,108764,111104,6,2340,2,14400,1.00256410256
108773,108780,111836,7,3056,2,14400,1.00229057592
108794,108800,111726,6,2926,2,14400,1.002050581
108875,108882,109356,7,474,2,14400,1.01476793249
108906,108913,111947,7,3034,2,14400,1.00230718523
108984,108990,111753,6,2763,2,14400,1.00217155266
109066,109073,112018,7,2945,2,14400,1.00237691002
109105,109112,112513,7,3401,2,14400,1.00205821817
109156,109162,112155,6,2993,2,14400,1.00200467758
109359,109365,112286,6,2921,2,14400,1.00205409106
109440,109447,112568,7,3121,2,14400,1.00224287087
109488,109495,112586,7,3091,2,14400,1.00226463928
109549,109556,112938,7,3382,2,14400,1.00206978119
109748,109754,112737,6,2983,2,14400,1.00201139792
109790,109796,112982,6,3186,2,14400,1.00188323917
109817,109825,110318,8,493,2,14400,1.01622718053
109819,109832,113005,13,3173,2,14400,1.00409706902
109919,109925,113056,6,3131,2,14400,1.00191632066
109921,109932,113122,11,3190,2,14400,1.00344827586
109981,109987,112971,6,2984,2,14400,1.00201072386
110017,110023,110457,6,434,2,14400,1.01382488479
110271,110277,113550,6,3273,2,14400,1.00183318057
110322,110329,113350,7,3021,2,14400,1.00231711354
110340,110347,113139,7,2792,2,14400,1.00250716332
110364,110371,110821,7,450,2,14400,1.01555555556
110458,110464,113512,6,3048,2,14400,1.00196850394
110578,110584,113565,6,2981,2,14400,1.0020127474
110623,110629,113491,6,2862,2,14400,1.00209643606
110638,110644,113886,6,3242,2,14400,1.00185070944
110653,110659,113625,6,2966,2,14400,1.0020229265
110786,110793,113667,7,2874,2,14400,1.00243562978
110801,110808,113800,7,2992,2,14400,1.00233957219
110822,110828,113959,6,3131,2,14400,1.00191632066
110900,110906,114131,6,3225,2,14400,1.00186046512
111105,111112,113846,7,2734,2,14400,1.00256035113
111130,111136,114179,6,3043,2,14400,1.00197173842
111144,111152,114425,8,3273,2,14400,1.00244424076
111328,111336,114202,8,2866,2,14400,1.00279134682
111425,111431,114580,6,3149,2,14400,1.00190536678
111627,111634,114785,7,3151,2,14400,1.00222151698
111642,111650,114604,8,2954,2,14400,1.00270819228
111644,111656,114815,12,3159,2,14400,1.00379867047
111659,111666,114602,7,2936,2,14400,1.00238419619
111677,111683,114455,6,2772,2,14400,1.00216450216
111704,111710,114932,6,3222,2,14400,1.00186219739
111728,111734,114644,6,2910,2,14400,1.00206185567
111755,111761,114956,6,3195,2,14400,1.00187793427
111836,111842,114855,6,3013,2,14400,1.00199137073
111948,111954,115031,6,3077,2,14400,1.00194995125
112020,112027,115126,7,3099,2,14400,1.00225879316
112156,112163,115140,7,2977,2,14400,1.00235136043
112289,112295,115637,6,3342,2,14400,1.00179533214
112515,112522,115481,7,2959,2,14400,1.00236566408
112569,112576,115661,7,3085,2,14400,1.00226904376
112587,112593,115829,6,3236,2,14400,1.00185414091
112738,112744,115188,6,2444,2,14400,1.00245499182
112940,112946,116133,6,3187,2,14400,1.00188264826
112973,112980,115990,7,3010,2,14400,1.0023255814
112988,112994,116052,6,3058,2,14400,1.00196206671
113006,113012,116093,6,3081,2,14400,1.00194741967
113057,113064,115934,7,2870,2,14400,1.00243902439
113124,113130,115842,6,2712,2,14400,1.00221238938
113142,113149,116316,7,3167,2,14400,1.00221029365
113353,113359,116356,6,2997,2,14400,1.002002002
113492,113499,116412,7,2913,2,14400,1.00240302094
113513,113519,116396,6,2877,2,14400,1.00208550574
113552,113560,116405,8,2845,2,14400,1.00281195079
113567,113574,116717,7,3143,2,14400,1.00222717149
113628,113634,116498,6,2864,2,14400,1.00209497207
113667,113674,116540,7,2866,2,14400,1.00244242847
113803,113810,116816,7,3006,2,14400,1.00232867598
113848,113854,116969,6,3115,2,14400,1.00192616372
113887,113893,117142,6,3249,2,14400,1.00184672207
113959,113967,117074,8,3107,2,14400,1.00257483103
114131,114139,117375,8,3236,2,14400,1.00247218789
114180,114186,117008,6,2822,2,14400,1.00212615167
114204,114210,117089,6,2879,2,14400,1.00208405696
114428,114434,117509,6,3075,2,14400,1.00195121951
114458,114464,117042,6,2578,2,14400,1.00232738557
114581,114588,117301,7,2713,2,14400,1.00258016955
114603,114609,117871,6,3262,2,14400,1.00183936235
114617,114624,117320,7,2696,2,14400,1.00259643917
114644,114651,117674,7,3023,2,14400,1.00231558055
114786,114792,117655,6,2863,2,14400,1.00209570381
114816,114823,117724,7,2901,2,14400,1.00241296105
114858,114865,117743,7,2878,2,14400,1.00243224461
114934,114941,117901,7,2960,2,14400,1.00236486486
114958,114965,118256,7,3291,2,14400,1.00212701307
115030,115038,118092,8,3054,2,14400,1.00261951539
115127,115134,118495,7,3361,2,14400,1.00208271348
115142,115148,118186,6,3038,2,14400,1.00197498354
115190,115196,118393,6,3197,2,14400,1.00187675946
115496,115502,118483,6,2981,2,14400,1.0020127474
115638,115645,118727,7,3082,2,14400,1.00227125243
115662,115668,118613,6,2945,2,14400,1.00203735144
115831,115837,118856,6,3019,2,14400,1.00198741305
115846,115853,119001,7,3148,2,14400,1.00222363405
115936,115943,119181,7,3238,2,14400,1.00216182829
115994,116000,118898,6,2898,2,14400,1.00207039337
116054,116061,119014,7,2953,2,14400,1.00237047071
116093,116100,119127,7,3027,2,14400,1.00231252065
116135,116141,119313,6,3172,2,14400,1.00189155107
116319,116327,119202,8,2875,2,14400,1.0027826087
116355,116363,119254,8,2891,2,14400,1.00276720858
116397,116404,119436,7,3032,2,14400,1.00230870712
116413,116420,119589,7,3169,2,14400,1.00220889871
116414,116427,119394,13,2967,2,14400,1.00438153017
116499,116506,119395,7,2889,2,14400,1.00242298373
116541,116547,119405,6,2858,2,14400,1.00209937019
116721,116728,119819,7,3091,2,14400,1.00226463928
116817,116825,120018,8,3193,2,14400,1.00250548074
116971,116977,120088,6,3111,2,14400,1.00192864031
117010,117017,120112,7,3095,2,14400,1.00226171244
117043,117050,119771,7,2721,2,14400,1.00257258361
117077,117083,120086,6,3003,2,14400,1.001998002
117093,117100,120339,7,3239,2,14400,1.00216116085
117144,117151,120107,7,2956,2,14400,1.00236806495
117301,117308,120216,7,2908,2,14400,1.00240715268
117322,117329,120386,7,3057,2,14400,1.00228982663
117376,117383,120772,7,3389,2,14400,1.00206550605
117512,117519,120788,7,3269,2,14400,1.00214132762
117657,117663,120439,6,2776,2,14400,1.00216138329
117675,117681,120343,6,2662,2,14400,1.0022539444
117726,117732,120563,6,2831,2,14400,1.00211939244
117744,117750,120866,6,3116,2,14400,1.00192554557
117874,117880,120821,6,2941,2,14400,1.00204012241
117901,117908,120775,7,2867,2,14400,1.00244157656
118095,118101,121057,6,2956,2,14400,1.00202976996
118190,118197,121163,7,2966,2,14400,1.00236008092
118256,118262,121183,6,2921,2,14400,1.00205409106
118395,118402,121535,7,3133,2,14400,1.00223428024
118485,118491,121335,6,2844,2,14400,1.00210970464
118500,118507,121697,7,3190,2,14400,1.00219435737
118615,118621,121724,6,3103,2,14400,1.00193361263
118729,118735,121910,6,3175,2,14400,1.00188976378
118859,118866,121769,7,2903,2,14400,1.00241129866
118898,118904,122067,6,3163,2,14400,1.00189693329
119004,119011,122253,7,3242,2,14400,1.00215916101
119019,119025,122032,6,3007,2,14400,1.0019953442
119131,119138,122144,7,3006,2,14400,1.00232867598
119182,119189,122274,7,3085,2,14400,1.00226904376
119203,119209,122025,6,2816,2,14400,1.00213068182
119254,119261,122222,7,2961,2,14400,1.00236406619
119315,119321,122376,6,3055,2,14400,1.00196399345
119397,119404,122398,7,2994,2,14400,1.00233800935
119398,119411,122459,13,3048,2,14400,1.00426509186
119413,119420,122469,7,3049,2,14400,1.0022958347
119437,119443,122447,6,3004,2,14400,1.00199733688
119591,119598,122606,7,3008,2,14400,1.00232712766
119772,119778,122776,6,2998,2,14400,1.00200133422
119820,119828,122876,8,3048,2,14400,1.00262467192
120020,120027,123143,7,3116,2,14400,1.00224646983
120089,120095,123014,6,2919,2,14400,1.00205549846
120091,120102,123079,11,2977,2,14400,1.00369499496
120109,120116,122994,7,2878,2,14400,1.00243224461
120124,120130,123095,6,2965,2,14400,1.00202360877
120217,120223,123150,6,2927,2,14400,1.00204988042
120341,120347,123325,6,2978,2,14400,1.00201477502
120356,120363,123108,7,2745,2,14400,1.00255009107
120389,120395,123387,6,2992,2,14400,1.00200534759
120440,120446,123335,6,2889,2,14400,1.0020768432
120564,120571,123755,7,3184,2,14400,1.00219849246
120775,120781,123020,6,2239,2,14400,1.00267976775
120790,120797,123869,7,3072,2,14400,1.00227864583
120792,120804,123900,12,3096,2,14400,1.00387596899
120822,120829,123713,7,2884,2,14400,1.00242718447
120867,120873,123762,6,2889,2,14400,1.0020768432
121060,121066,123977,6,2911,2,14400,1.00206114737
121166,121172,123931,6,2759,2,14400,1.00217470098
121184,121190,124189,6,2999,2,14400,1.00200066689
121338,121345,124617,7,3272,2,14400,1.0021393643
121537,121543,124562,6,3019,2,14400,1.00198741305
121650,121657,164889,7,43232,2,43200,1.0001619171
121688,122655,122656,967,1,4,600,96.8
121700,121706,124941,6,3235,2,14400,1.00185471406
121727,121733,124643,6,2910,2,14400,1.00206185567
121772,121778,124975,6,3197,2,14400,1.00187675946
121784,121790,165019,6,43229,2,43200,1.00013879572
121865,121924,165150,59,43226,2,43200,1.00136491926
121911,121917,125046,6,3129,2,14400,1.00191754554
121954,122040,165250,86,43210,2,43200,1.00199028003
122026,122033,125075,7,3042,2,14400,1.00230111769
122041,122047,125214,6,3167,2,14400,1.00189453742
122063,122080,165317,17,43237,2,43200,1.00039318177
122068,122074,125228,6,3154,2,14400,1.00190234623
122127,122160,165378,33,43218,2,43200,1.00076357073
122146,122153,125125,7,2972,2,14400,1.00235531629
122222,122228,125264,6,3036,2,14400,1.00197628458
122255,122262,125400,7,3138,2,14400,1.0022307202
122276,122283,125352,7,3069,2,14400,1.00228087325
122315,122321,158340,6,36019,2,36000,1.00016657875
122379,122386,125329,7,2943,2,14400,1.00237852531
122400,122406,125074,6,2668,2,14400,1.00224887556
122419,122476,122478,57,2,2,43200,5.9
122448,122456,125394,8,2938,2,14400,1.00272294078
122463,122469,125602,6,3133,2,14400,1.00191509735
122478,122485,125608,7,3123,2,14400,1.00224143452
122501,122507,122509,6,2,2,43200,1.0
122574,122580,165806,6,43226,2,43200,1.00013880535
122608,122615,125703,7,3088,2,14400,1.00226683938
122622,122630,165842,8,43212,2,43200,1.00018513376
122777,122783,125780,6,2997,2,14400,1.002002002
122877,122884,125368,7,2484,2,14400,1.00281803543
122926,122933,482967,7,360034,5,360000,1.00001944261
122994,123002,126246,8,3244,2,14400,1.00246609125
123015,123023,125996,8,2973,2,14400,1.00269088463
123030,123036,126106,6,3070,2,14400,1.00195439739
123081,123088,126086,7,2998,2,14400,1.00233488993
123096,123103,126078,7,2975,2,14400,1.00235294118
123111,123118,125938,7,2820,2,14400,1.0024822695
123142,123148,126225,6,3077,2,14400,1.00194995125
123156,385954,386110,262798,156,128,1800,1685.6025641
123156,123162,126268,6,3106,2,14400,1.00193174501
123207,386127,386325,262920,198,128,1800,1328.87878788
123325,123332,126215,7,2883,2,14400,1.00242802636
123340,123346,126360,6,3014,2,14400,1.00199071002
123389,123396,126495,7,3099,2,14400,1.00225879316
123410,133137,134052,9727,915,10,604800,11.6306010929
123462,134064,157494,10602,23430,10,604800,1.45249679898
123715,123721,126666,6,2945,2,14400,1.00203735144
123757,123764,126678,7,2914,2,14400,1.00240219629
123772,123778,126947,6,3169,2,14400,1.00189334175
123872,123879,127199,7,3320,2,14400,1.00210843373
123902,123908,127219,6,3311,2,14400,1.00181214135
123932,123938,127200,6,3262,2,14400,1.00183936235
123980,123986,127217,6,3231,2,14400,1.00185701021
124191,124198,127201,7,3003,2,14400,1.00233100233
124563,124569,127852,6,3283,2,14400,1.00182759671
124620,124626,127824,6,3198,2,14400,1.00187617261
124644,124650,127853,6,3203,2,14400,1.00187324383
124942,124949,127792,7,2843,2,14400,1.00246218783
124976,124982,128020,6,3038,2,14400,1.00197498354
125048,125055,128260,7,3205,2,14400,1.00218408736
125076,125082,127904,6,2822,2,14400,1.00212615167
125077,125089,128040,12,2951,2,14400,1.00406641816
125126,125132,128162,6,3030,2,14400,1.00198019802
125216,125223,128137,7,2914,2,14400,1.00240219629
125231,125238,128068,7,2830,2,14400,1.00247349823
125267,125273,128100,6,2827,2,14400,1.00212239123
125330,125337,125794,7,457,2,14400,1.01531728665
125355,125361,125820,6,459,2,14400,1.01307189542
125369,125376,128464,7,3088,2,14400,1.00226683938
125397,125404,128569,7,3165,2,14400,1.00221169036
125411,125418,128459,7,3041,2,14400,1.00230187438
125605,125611,128721,6,3110,2,14400,1.00192926045
125619,125627,128739,8,3112,2,14400,1.00257069409
125701,125707,128729,6,3022,2,14400,1.00198544011
125782,125790,128816,8,3026,2,14400,1.00264375413
125797,125804,128620,7,2816,2,14400,1.00248579545
125822,125828,128949,6,3121,2,14400,1.00192246075
125939,125946,128887,7,2941,2,14400,1.00238014281
126000,126007,128892,7,2885,2,14400,1.00242634315
126078,126084,128726,6,2642,2,14400,1.00227100681
126093,126138,129140,45,3002,2,14400,1.01499000666
126108,126145,129511,37,3366,2,14400,1.0109922757
126217,126223,129213,6,2990,2,14400,1.00200668896
126232,126238,128850,6,2612,2,14400,1.00229709035
126247,126254,129311,7,3057,2,14400,1.00228982663
126271,126278,129069,7,2791,2,14400,1.00250806163
126361,126367,129105,6,2738,2,14400,1.00219138057
126497,126504,129608,7,3104,2,14400,1.00225515464
126669,126675,129748,6,3073,2,14400,1.00195248942
126684,126690,129767,6,3077,2,14400,1.00194995125
126949,126956,130123,7,3167,2,14400,1.00221029365
127201,127206,130239,5,3033,2,14400,1.00164853281
127202,127213,130357,11,3144,2,14400,1.00349872774
127218,127224,130423,6,3199,2,14400,1.00187558612
127220,127232,130488,12,3256,2,14400,1.00368550369
127235,127242,130376,7,3134,2,14400,1.00223356733
127287,127293,127610,6,317,1,72000,1.01892744479
127488,127495,127604,7,109,1,300,1.06422018349
127658,127664,128102,6,438,1,72000,1.01369863014
127701,127707,127845,6,138,1,1200,1.04347826087
127793,127799,130968,6,3169,2,14400,1.00189334175
127826,127834,130566,8,2732,2,14400,1.00292825769
127854,127861,131045,7,3184,2,14400,1.00219849246
127855,127868,130816,13,2948,2,14400,1.00440976934
127856,127873,128836,17,963,1,1200,1.01765316719
127906,127913,131000,7,3087,2,14400,1.0022675737
128021,128028,130803,7,2775,2,14400,1.00252252252
128042,128048,130856,6,2808,2,14400,1.00213675214
128069,128076,130674,7,2598,2,14400,1.00269438029
128103,128109,131167,6,3058,2,14400,1.00196206671
128139,128145,131049,6,2904,2,14400,1.0020661157
128163,128169,130909,6,2740,2,14400,1.00218978102
128262,128269,131147,7,2878,2,14400,1.00243224461
128461,128468,131092,7,2624,2,14400,1.00266768293
128476,128483,131532,7,3049,2,14400,1.0022958347
128570,128577,131541,7,2964,2,14400,1.00236167341
128621,128627,131691,6,3064,2,14400,1.00195822454
128724,128731,131570,7,2839,2,14400,1.00246565692
128739,128745,131950,6,3205,2,14400,1.00187207488
128741,128752,131791,11,3039,2,14400,1.00361961171
128742,128757,131839,15,3082,2,14400,1.0048669695
128818,128825,131735,7,2910,2,14400,1.00240549828
128851,128857,131797,6,2940,2,14400,1.00204081633
128887,128893,131664,6,2771,2,14400,1.00216528329
128902,128909,131968,7,3059,2,14400,1.00228832952
128950,128958,131924,8,2966,2,14400,1.00269723533
129071,129077,132043,6,2966,2,14400,1.0020229265
129107,129114,132375,7,3261,2,14400,1.0021465808
129140,129146,132342,6,3196,2,14400,1.00187734668
129216,129223,132332,7,3109,2,14400,1.00225152782
129313,129319,132491,6,3172,2,14400,1.00189155107
129512,129518,132509,6,2991,2,14400,1.00200601805
129609,129616,132543,7,2927,2,14400,1.00239152716
129747,129754,132641,7,2887,2,14400,1.00242466228
129769,129776,132882,7,3106,2,14400,1.00225370251
130090,130097,131125,7,1028,1,16200,1.00680933852
130125,130131,133078,6,2947,2,14400,1.00203596878
130243,130249,133602,6,3353,2,14400,1.00178944229
130360,130366,133644,6,3278,2,14400,1.00183038438
130378,130384,133739,6,3355,2,14400,1.00178837556
130425,131879,132655,1454,776,16,900,2.87371134021
130426,130433,133346,7,2913,2,14400,1.00240302094
130489,130497,133483,8,2986,2,14400,1.00267916946
130568,130574,133830,6,3256,2,14400,1.00184275184
130639,130646,131851,7,1205,1,259200,1.00580912863
130646,130653,131856,7,1203,1,259200,1.00581878637
130652,130690,131867,38,1177,1,259200,1.03228547154
130661,130695,131867,34,1172,1,259200,1.02901023891
130675,130872,131867,197,995,1,259200,1.19798994975
130677,130683,133541,6,2858,2,14400,1.00209937019
130681,131014,131867,333,853,1,259200,1.39038686987
130686,131020,131867,334,847,1,259200,1.39433293979
130691,131061,131867,370,806,1,259200,1.45905707196
130733,131066,131867,333,801,1,259200,1.41573033708
130741,131071,131867,330,796,1,259200,1.41457286432
130749,131107,131868,358,761,1,259200,1.47043363995
130757,131112,131867,355,755,1,259200,1.4701986755
130775,131137,131867,362,730,1,259200,1.49589041096
130782,131181,131867,399,686,1,259200,1.58163265306
130788,131186,131867,398,681,1,259200,1.58443465492
130795,131548,131867,753,319,1,259200,3.3605015674
130804,132668,133125,1864,457,16,600,5.07877461707
130806,131553,131867,747,314,1,259200,3.37898089172
130806,130812,133817,6,3005,2,14400,1.00199667221
130821,130828,133699,7,2871,2,14400,1.00243817485
130857,130865,133805,8,2940,2,14400,1.00272108844
130912,130918,133978,6,3060,2,14400,1.00196078431
130969,130976,133890,7,2914,2,14400,1.00240219629
131002,131008,134133,6,3125,2,14400,1.00192
131048,131054,134197,6,3143,2,14400,1.00190900414
131062,131077,133616,15,2539,2,14400,1.00590783773
131093,131100,134029,7,2929,2,14400,1.00238989416
131150,131157,134485,7,3328,2,14400,1.00210336538
131168,131174,133490,6,2316,2,14400,1.00259067358
131533,131541,134615,8,3074,2,14400,1.00260247235
131548,131560,134875,12,3315,2,14400,1.0036199095
131572,131579,134198,7,2619,2,14400,1.00267277587
131666,131673,134708,7,3035,2,14400,1.00230642504
131693,131700,134757,7,3057,2,14400,1.00228982663
131736,131743,134864,7,3121,2,14400,1.00224287087
131793,131800,135045,7,3245,2,14400,1.00215716487
131808,131814,134706,6,2892,2,14400,1.0020746888
131841,131848,132390,7,542,2,14400,1.01291512915
131926,131933,134951,7,3018,2,14400,1.00231941683
131953,131959,134804,6,2845,2,14400,1.00210896309
131971,131977,134931,6,2954,2,14400,1.00203114421
131975,131983,650398,8,518415,1,518400,1.00001543165
132005,132012,650441,7,518429,1,518400,1.00001350233
132024,132030,650470,6,518440,1,518400,1.00001157318
132043,132050,134962,7,2912,2,14400,1.00240384615
132046,132347,650777,301,518430,1,518400,1.00058059912
132072,132352,650758,280,518406,1,518400,1.00054011721
132091,132405,650846,314,518441,1,518400,1.00060566198
132107,132411,650857,304,518446,1,518400,1.00058636772
132127,132506,650942,379,518436,1,518400,1.00073104491
132158,132558,650972,400,518414,1,518400,1.0007715841
132175,132563,650992,388,518429,1,518400,1.00074841492
132194,132657,651074,463,518417,1,518400,1.00089310343
132211,132662,651089,451,518427,1,518400,1.00086993926
132239,133095,651541,856,518446,1,518400,1.00165108806
132255,133142,651563,887,518421,1,518400,1.00171096464
132275,133147,651563,872,518416,1,518400,1.00168204685
132293,133153,651555,860,518402,1,518400,1.00165894422
132312,133158,651582,846,518424,1,518400,1.00163186889
132333,132340,135044,7,2704,2,14400,1.0025887574
132348,132358,135521,10,3163,2,14400,1.00316155549
132378,132386,135546,8,3160,2,14400,1.00253164557
132393,132399,135624,6,3225,2,14400,1.00186046512
132493,132499,135479,6,2980,2,14400,1.00201342282
132511,132518,135771,7,3253,2,14400,1.00215185982
132544,132551,135417,7,2866,2,14400,1.00244242847
132644,132650,135874,6,3224,2,14400,1.00186104218
132884,132890,136093,6,3203,2,14400,1.00187324383
133081,133088,136388,7,3300,2,14400,1.00212121212
133346,133353,136329,7,2976,2,14400,1.00235215054
133485,133491,136692,6,3201,2,14400,1.00187441425
133500,133506,136511,6,3005,2,14400,1.00199667221
133542,133549,136664,7,3115,2,14400,1.00224719101
133559,135260,138912,1701,3652,5,14400,1.46577217963
133602,133609,136597,7,2988,2,14400,1.00234270415
133617,133623,136557,6,2934,2,14400,1.00204498978
133647,133654,136676,7,3022,2,14400,1.00231634679
133702,133709,136950,7,3241,2,14400,1.00215982721
133741,133748,136722,7,2974,2,14400,1.00235373235
133789,143892,153525,10103,9633,16,9600,2.04879061559
133807,133814,136906,7,3092,2,14400,1.00226390686
133822,133828,136931,6,3103,2,14400,1.00193361263
133837,133844,136815,7,2971,2,14400,1.00235610905
133865,149713,165086,15848,15373,16,16200,2.03089832824
133891,133897,137026,6,3129,2,14400,1.00191754554
133979,133985,137222,6,3237,2,14400,1.00185356812
134030,134037,137074,7,3037,2,14400,1.00230490616
134136,134142,136854,6,2712,2,14400,1.00221238938
134199,134205,137026,6,2821,2,14400,1.00212690535
134200,134212,137588,12,3376,2,14400,1.00355450237
134487,134494,137620,7,3126,2,14400,1.00223928343
134617,134624,137716,7,3092,2,14400,1.00226390686
134707,134714,137415,7,2701,2,14400,1.00259163273
134709,134721,137562,12,2841,2,14400,1.00422386484
134760,134767,137800,7,3033,2,14400,1.00230794593
134805,134811,138102,6,3291,2,14400,1.00182315406
134865,134872,138047,7,3175,2,14400,1.00220472441
134880,134887,135334,7,447,2,14400,1.01565995526
134932,134939,137778,7,2839,2,14400,1.00246565692
134953,134959,137924,6,2965,2,14400,1.00202360877
134968,134974,138301,6,3327,2,14400,1.00180342651
135047,135053,138024,6,2971,2,14400,1.00201952205
135048,135060,137991,12,2931,2,14400,1.00409416581
135335,135342,135786,7,444,2,14400,1.01576576577
135420,135427,138402,7,2975,2,14400,1.00235294118
135480,135487,138471,7,2984,2,14400,1.0023458445
135522,135528,137967,6,2439,2,14400,1.0024600246
135549,135555,138419,6,2864,2,14400,1.00209497207
135625,135631,138537,6,2906,2,14400,1.00206469374
135773,135780,138631,7,2851,2,14400,1.00245527885
135788,135794,138618,6,2824,2,14400,1.00212464589
135875,135881,138894,6,3013,2,14400,1.00199137073
136095,136102,139009,7,2907,2,14400,1.00240798074
136331,136338,139426,7,3088,2,14400,1.00226683938
136342,139825,149701,3483,9876,4,10800,1.35267314702
136391,136398,139027,7,2629,2,14400,1.00266260936
136511,136518,139241,7,2723,2,14400,1.00257069409
136560,136566,139524,6,2958,2,14400,1.00202839757
136599,136605,139659,6,3054,2,14400,1.00196463654
136665,136671,139694,6,3023,2,14400,1.00198478333
136680,136688,139875,8,3187,2,14400,1.00251019768
136695,136702,139506,7,2804,2,14400,1.00249643367
136722,136728,139689,6,2961,2,14400,1.00202634245
136816,136822,139916,6,3094,2,14400,1.00193923723
136855,136861,139857,6,2996,2,14400,1.00200267023
136906,136913,139842,7,2929,2,14400,1.00238989416
136934,136940,139937,6,2997,2,14400,1.002002002
136951,136958,139955,7,2997,2,14400,1.002335669
137027,137034,139904,7,2870,2,14400,1.00243902439
137029,137041,140229,12,3188,2,14400,1.00376411543
137077,137084,139972,7,2888,2,14400,1.00242382271
137225,137231,140205,6,2974,2,14400,1.00201748487
137416,137422,140479,6,3057,2,14400,1.00196270854
137563,137571,140496,8,2925,2,14400,1.00273504274
137591,137597,140408,6,2811,2,14400,1.00213447172
137621,137628,140582,7,2954,2,14400,1.00236966825
137717,137724,140415,7,2691,2,14400,1.00260126347
137781,137787,140700,6,2913,2,14400,1.00205973223
137802,137808,141092,6,3284,2,14400,1.00182704019
137925,137933,140885,8,2952,2,14400,1.0027100271
137968,137975,141148,7,3173,2,14400,1.00220611409
137989,137995,140786,6,2791,2,14400,1.00214976711
138025,138032,140987,7,2955,2,14400,1.00236886633
138049,138055,141186,6,3131,2,14400,1.00191632066
138103,138110,141162,7,3052,2,14400,1.00229357798
138303,138309,141239,6,2930,2,14400,1.00204778157
138402,138409,141294,7,2885,2,14400,1.00242634315
138420,138427,141284,7,2857,2,14400,1.00245012251
138472,138478,141550,6,3072,2,14400,1.001953125
138538,138544,141605,6,3061,2,14400,1.00196014374
138620,138627,141792,7,3165,2,14400,1.00221169036
138635,138641,141801,6,3160,2,14400,1.00189873418
138894,138900,141932,6,3032,2,14400,1.00197889182
139012,139018,141943,6,2925,2,14400,1.00205128205
139030,139036,141955,6,2919,2,14400,1.00205549846
139207,139704,148327,497,8623,10,360000,1.0576365534
139242,139249,142337,7,3088,2,14400,1.00226683938
139429,139436,139876,7,440,2,14400,1.01590909091
139464,143901,347555,4437,203654,30,604800,1.02178695238
139507,139513,142619,6,3106,2,14400,1.00193174501
139525,139531,142607,6,3076,2,14400,1.00195058518
139661,139667,142975,6,3308,2,14400,1.00181378476
139691,139697,142704,6,3007,2,14400,1.0019953442
139706,139713,142789,7,3076,2,14400,1.0022756827
139844,139852,142902,8,3050,2,14400,1.00262295082
139859,139865,143058,6,3193,2,14400,1.00187911055
139878,139884,143263,6,3379,2,14400,1.00177567328
139879,139891,142826,12,2935,2,14400,1.00408858603
139906,139913,142844,7,2931,2,14400,1.00238826339
139921,139927,143104,6,3177,2,14400,1.00188857413
139939,139945,142913,6,2968,2,14400,1.00202156334
139957,139964,142481,7,2517,2,14400,1.0027810886
139975,139981,143010,6,3029,2,14400,1.00198085177
140207,140214,143102,7,2888,2,14400,1.00242382271
140232,140238,143495,6,3257,2,14400,1.00184218606
140410,140416,143491,6,3075,2,14400,1.00195121951
140425,140432,143305,7,2873,2,14400,1.00243647755
140479,140486,143693,7,3207,2,14400,1.00218272529
140497,140503,143520,6,3017,2,14400,1.00198873053
140585,140592,143849,7,3257,2,14400,1.00214921707
140702,140710,143502,8,2792,2,14400,1.00286532951
140787,140793,143820,6,3027,2,14400,1.00198216056
140886,140892,143877,6,2985,2,14400,1.00201005025
140989,140995,143877,6,2882,2,14400,1.00208188758
141095,141102,143877,7,2775,2,14400,1.00252252252
141149,141156,143877,7,2721,2,14400,1.00257258361
141164,141171,143877,7,2706,2,14400,1.00258684405
141188,141194,143879,6,2685,2,14400,1.00223463687
141242,141249,143879,7,2630,2,14400,1.00266159696
141284,141291,143879,7,2588,2,14400,1.00270479134
141299,141306,143879,7,2573,2,14400,1.00272055966
141553,141559,143879,6,2320,2,14400,1.0025862069
141608,141614,143879,6,2265,2,14400,1.00264900662
141795,141802,143879,7,2077,2,14400,1.00337024555
141812,141818,143881,6,2063,2,14400,1.00290838585
141932,141940,143879,8,1939,2,14400,1.00412583806
141947,141953,143879,6,1926,2,14400,1.0031152648
141962,141968,143879,6,1911,2,14400,1.00313971743
142339,142345,143879,6,1534,2,14400,1.00391134289
142485,142491,143879,6,1388,2,14400,1.00432276657
142609,142616,143879,7,1263,2,14400,1.00554235946
142625,142631,143879,6,1248,2,14400,1.00480769231
142706,142714,143879,8,1165,2,14400,1.00686695279
142791,142798,143879,7,1081,2,14400,1.00647548566
142828,142834,143879,6,1045,2,14400,1.00574162679
142847,142854,143879,7,1025,2,14400,1.00682926829
142904,142912,143880,8,968,2,14400,1.00826446281
142920,142927,143880,7,953,2,14400,1.0073452256
142978,142984,143880,6,896,2,14400,1.00669642857
143011,143017,143880,6,863,2,14400,1.00695249131
143060,143067,143880,7,813,2,14400,1.0086100861
143106,143112,143880,6,768,2,14400,1.0078125
143108,143119,143880,11,761,2,14400,1.01445466491
143265,143272,143880,7,608,2,14400,1.01151315789
143308,143314,143880,6,566,2,14400,1.01060070671
143709,143715,143880,6,165,2,14400,1.03636363636
143716,143723,143880,7,157,2,14400,1.04458598726
143723,143730,143880,7,150,2,14400,1.04666666667
143730,143737,143886,7,149,2,14400,1.04697986577
143737,143744,143880,7,136,2,14400,1.05147058824
143822,143829,143880,7,51,2,14400,1.13725490196
143853,143859,143880,6,21,2,14400,1.28571428571
144225,144231,170053,6,25822,5,86400,1.00023236
144285,144291,170054,6,25763,5,86400,1.00023289213
144342,144348,170053,6,25705,5,86400,1.00023341762
144342,144354,170053,12,25699,5,86400,1.00046694424
144353,144360,170053,7,25693,5,86400,1.00027244775
148449,148455,173712,6,25257,10,360000,1.0002375579
158532,158539,159197,7,658,10,604800,1.01063829787
158564,158570,197644,6,39074,10,604800,1.00015355479
158595,158601,181912,6,23311,10,604800,1.00025738922
158642,158945,171404,303,12459,5,604800,1.02431976884
158695,159209,199233,514,40024,5,604800,1.01284229462
158715,159214,228332,499,69118,5,604800,1.0072195376
158756,164131,166212,5375,2081,5,604800,3.58289283998
159008,165030,202771,6022,37741,5,604800,1.15956121989
159023,165099,233198,6076,68099,5,604800,1.08922304292
159318,164900,164902,5582,2,2,3540,558.4
163037,163044,163189,7,145,1,3600,1.04827586207
163303,163309,166915,6,3606,1,3600,1.00166389351
168253,168259,171894,6,3635,1,3600,1.00165061898
168254,168265,171911,11,3646,1,3600,1.00301700494
168256,168271,171904,15,3633,1,3600,1.00412881916
168257,168276,171879,19,3603,1,3600,1.00527338329
168259,168281,171906,22,3625,1,3600,1.00606896552
168260,168288,171892,28,3604,1,3600,1.00776914539
168261,168293,171911,32,3618,1,3600,1.00884466556
168263,168299,171920,36,3621,1,3600,1.00994200497
168264,168304,171906,40,3602,1,3600,1.0111049417
168266,168310,171949,44,3639,1,3600,1.01209123386
168267,168315,171954,48,3639,1,3600,1.01319043693
168269,168320,171956,51,3636,1,3600,1.01402640264
168270,168326,171934,56,3608,1,3600,1.0155210643
168271,168331,171977,60,3646,1,3600,1.01645639057
168273,168336,171945,63,3609,1,3600,1.0174563591
168274,168342,171951,68,3609,1,3600,1.01884178443
168276,168347,171972,71,3625,1,3600,1.0195862069
168277,168353,171978,76,3625,1,3600,1.02096551724
168279,168358,171990,79,3632,1,3600,1.02175110132
168280,168363,171995,83,3632,1,3600,1.02285242291
168282,168369,172008,87,3639,1,3600,1.02390766694
168283,168376,172000,93,3624,1,3600,1.02566225166
168285,168381,172026,96,3645,1,3600,1.02633744856
168286,168386,172025,100,3639,1,3600,1.02748007694
168287,168392,172017,105,3625,1,3600,1.02896551724
168289,168397,172028,108,3631,1,3600,1.02974387221
168290,168402,172036,112,3634,1,3600,1.03082003302
168292,168408,172047,116,3639,1,3600,1.03187688926
168293,168413,172059,120,3646,1,3600,1.03291278113
168295,168419,172057,124,3638,1,3600,1.0340846619
168296,168424,172070,128,3646,1,3600,1.03510696654
168298,168430,172041,132,3611,1,3600,1.03655497092
168299,168435,172041,136,3606,1,3600,1.03771491958
168301,171089,174722,2788,3633,1,3600,1.76740985412
168302,171099,174735,2797,3636,1,3600,1.76925192519
168304,171104,174740,2800,3636,1,3600,1.7700770077
168305,171110,174729,2805,3619,1,3600,1.77507598784
168306,171416,175039,3110,3623,1,3600,1.85840463704
168308,171421,175028,3113,3607,1,3600,1.86304408095
168309,171426,175064,3117,3638,1,3600,1.85678944475
168311,171432,175042,3121,3610,1,3600,1.86454293629
168312,171437,175076,3125,3639,1,3600,1.85875240451
168314,171891,175524,3577,3633,1,3600,1.98458574181
168315,171903,175538,3588,3635,1,3600,1.98707015131
168317,171910,175539,3593,3629,1,3600,1.99007991182
168318,171917,175549,3599,3632,1,3600,1.99091409692
168320,171924,175556,3604,3632,1,3600,1.9922907489
168321,171929,175551,3608,3622,1,3600,1.99613473219
168323,171934,175556,3611,3622,1,3600,1.99696300387
168324,171940,175551,3616,3611,1,3600,2.00138465799
168326,171947,175004,3621,3057,1,3600,2.18449460255
168327,171952,175579,3625,3627,1,3600,1.99944858009
168329,171959,175590,3630,3631,1,3600,1.99972459378
168330,171965,175132,3635,3167,1,3600,2.14777391853
168331,171970,175595,3639,3625,1,3600,2.00386206897
168333,171977,175599,3644,3622,1,3600,2.00607399227
168334,171982,175601,3648,3619,1,3600,2.00801326333
168336,171988,175390,3652,3402,1,3600,2.0734861846
168337,171994,175617,3657,3623,1,3600,2.00938448799
168339,172000,175623,3661,3623,1,3600,2.0104885454
168340,172007,175636,3667,3629,1,3600,2.01047120419
168342,172013,175640,3671,3627,1,3600,2.01213123794
168343,172019,175653,3676,3634,1,3600,2.01155751238
168345,172024,175645,3679,3621,1,3600,2.01601767468
168346,172031,175662,3685,3631,1,3600,2.01487193611
168348,172037,175672,3689,3635,1,3600,2.01485557084
168349,172043,175670,3694,3627,1,3600,2.01847256686
168351,172050,175673,3699,3623,1,3600,2.02097709081
168352,172055,175681,3703,3626,1,3600,2.02123552124
168353,172061,175693,3708,3632,1,3600,2.02092511013
168355,172067,175686,3712,3619,1,3600,2.02569770655
168356,172072,175685,3716,3613,1,3600,2.02850816496
168358,172078,175704,3720,3626,1,3600,2.02592388307
168359,172084,175702,3725,3618,1,3600,2.02957435047
168361,172090,175715,3729,3625,1,3600,2.02868965517
168362,172851,176483,4489,3632,1,3600,2.23595814978
168364,172857,176486,4493,3629,1,3600,2.23808211629
168365,172862,176484,4497,3622,1,3600,2.24157923799
168367,174734,178366,6367,3632,1,3600,2.75302863436
168368,174741,178374,6373,3633,1,3600,2.75419763281
168369,174747,178380,6378,3633,1,3600,2.75557390586
168371,174754,178384,6383,3630,1,3600,2.75840220386
168372,175015,178625,6643,3610,1,3600,2.84016620499
168374,175039,178673,6665,3634,1,3600,2.83406714364
168375,175050,178684,6675,3634,1,3600,2.83681893231
168377,175056,178687,6679,3631,1,3600,2.8394381713
168378,175075,178709,6697,3634,1,3600,2.84287286736
168380,175088,178721,6708,3633,1,3600,2.84640792733
168381,175143,178789,6762,3646,1,3600,2.85463521668
168383,175401,179042,7018,3641,1,3600,2.92749244713
168384,175535,179169,7151,3634,1,3600,2.96780407265
168386,175550,179182,7164,3632,1,3600,2.97246696035
168387,175556,179184,7169,3628,1,3600,2.97601984564
168389,175564,179194,7175,3630,1,3600,2.97658402204
168390,175569,179196,7179,3627,1,3600,2.97932175352
168392,175574,179196,7182,3622,1,3600,2.98288238542
168393,175581,179201,7188,3620,1,3600,2.98563535912
168394,175586,179201,7192,3615,1,3600,2.98948824343
168396,175593,179223,7197,3630,1,3600,2.9826446281
168398,175602,179235,7204,3633,1,3600,2.98293421415
168399,175609,179241,7210,3632,1,3600,2.98513215859
170265,170271,170278,6,7,16,86400,1.3
170276,170287,170297,11,10,16,86400,2.1
170276,170282,170288,6,6,16,86400,1.2
170287,170294,170299,7,5,16,86400,1.2
170288,170300,170306,12,6,16,86400,1.8
170343,170350,256777,7,86427,16,86400,1.00008099321
170354,170361,256797,7,86436,16,86400,1.00008098477
170355,170366,256783,11,86417,16,86400,1.00012728977
170366,170372,256819,6,86447,16,86400,1.00006940669
170366,170378,256784,12,86406,16,86400,1.00013887924
171886,175615,179244,3729,3629,1,3600,2.0275558005
171948,175621,179246,3673,3625,1,3600,2.01324137931
171950,175628,179262,3678,3634,1,3600,2.01210787012
171951,175634,179268,3683,3634,1,3600,2.01348376445
171953,175647,179280,3694,3633,1,3600,2.01679053124
171954,175654,179285,3700,3631,1,3600,2.01900302947
171956,175660,179290,3704,3630,1,3600,2.02038567493
171957,175666,179298,3709,3632,1,3600,2.02120044053
171959,175673,179307,3714,3634,1,3600,2.0220143093
171960,175681,179315,3721,3634,1,3600,2.02394056136
171962,175688,179317,3726,3629,1,3600,2.02672912648
171963,175694,179318,3731,3624,1,3600,2.02952538631
171964,175700,179326,3736,3626,1,3600,2.03033645891
171966,175706,179330,3740,3624,1,3600,2.03200883002
171967,175711,179331,3744,3620,1,3600,2.03425414365
172029,175717,179338,3688,3621,1,3600,2.01850317592
172031,175723,179349,3692,3626,1,3600,2.01820187534
172032,175728,179347,3696,3619,1,3600,2.02127659574
172033,175734,179360,3701,3626,1,3600,2.02068394926
172035,176494,180128,4459,3634,1,3600,2.22702256467
172036,176501,180131,4465,3630,1,3600,2.23002754821
172038,176506,180129,4468,3623,1,3600,2.23323212807
172039,178378,182012,6339,3634,1,3600,2.74435883324
172041,178386,182019,6345,3633,1,3600,2.74649050372
172042,178393,182025,6351,3632,1,3600,2.74862334802
172044,178400,182030,6356,3630,1,3600,2.75096418733
172045,178636,182270,6591,3634,1,3600,2.81370390754
172047,178684,182318,6637,3634,1,3600,2.82636213539
172048,178696,182329,6648,3633,1,3600,2.8298926507
172110,178703,182332,6593,3629,1,3600,2.8167539267
172111,178720,182354,6609,3634,1,3600,2.81865712713
172113,178733,182366,6620,3633,1,3600,2.82218552161
172114,178801,182434,6687,3633,1,3600,2.84062758051
172125,188483,192716,16358,4233,25,7200,4.86439877156
173826,174625,534654,799,360029,10,360000,1.00221926567
174760,179054,182687,4294,3633,1,3600,2.18194329755
174762,179180,182814,4418,3634,1,3600,2.21574023115
174763,179194,182828,4431,3634,1,3600,2.21931755641
174764,179200,182829,4436,3629,1,3600,2.22237531
175066,179207,182839,4141,3632,1,3600,2.14014317181
175068,179213,182841,4145,3628,1,3600,2.14250275634
175070,179218,182841,4148,3623,1,3600,2.14490753519
175071,179224,182846,4153,3622,1,3600,2.14660408614
175073,179230,182846,4157,3616,1,3600,2.14961283186
175134,179236,182869,4102,3633,1,3600,2.12909441233
175196,179247,182880,4051,3633,1,3600,2.1150564272
175438,179253,182886,3815,3633,1,3600,2.05009633911
175560,179260,182889,3700,3629,1,3600,2.01956461835
175561,179265,182891,3704,3626,1,3600,2.02151130723
175563,179274,182907,3711,3633,1,3600,2.02146985962
175564,179281,182913,3717,3632,1,3600,2.0234030837
175566,179292,182926,3726,3634,1,3600,2.0253164557
175567,179299,182930,3732,3631,1,3600,2.02781602864
175569,179306,182935,3737,3629,1,3600,2.02976026454
175570,179312,182943,3742,3631,1,3600,2.03057009088
175632,179319,182952,3687,3633,1,3600,2.01486374897
175633,179326,182960,3693,3634,1,3600,2.01623555311
175635,179333,182962,3698,3629,1,3600,2.01901350234
175636,179338,182963,3702,3625,1,3600,2.02124137931
175638,179344,182972,3706,3628,1,3600,2.02149944873
175639,179350,182976,3711,3626,1,3600,2.02344180916
175641,179355,182976,3714,3621,1,3600,2.02568351284
175642,179362,182983,3720,3621,1,3600,2.02734051367
175704,179367,182994,3663,3627,1,3600,2.00992555831
175705,179372,182992,3667,3620,1,3600,2.01298342541
175707,179378,183005,3671,3627,1,3600,2.01213123794
175708,180140,183773,4432,3633,1,3600,2.2199284338
175710,180146,183053,4436,2907,1,3600,2.52597179223
175729,180153,180402,4424,249,1,3600,18.7670682731
175731,180414,180718,4683,304,1,3600,16.4046052632
175732,180731,181114,4999,383,1,3600,14.0522193211
175734,181125,181499,5391,374,1,3600,15.4144385027
175735,181511,181838,5776,327,1,3600,18.6636085627
175737,181850,182190,6113,340,1,3600,18.9794117647
175738,181924,182261,6186,337,1,3600,19.3560830861
175739,181929,182246,6190,317,1,3600,20.5268138801
175741,181935,182216,6194,281,1,3600,23.0427046263
176523,181940,182211,5417,271,1,3600,20.9889298893
176525,181946,182267,5421,321,1,3600,17.8878504673
176526,181951,182292,5425,341,1,3600,16.9090909091
178390,181957,182197,3567,240,1,3600,15.8625
178391,181962,182320,3571,358,1,3600,10.9748603352
178392,181968,182299,3576,331,1,3600,11.8036253776
178394,181973,182328,3579,355,1,3600,11.0816901408
178636,182023,182320,3387,297,1,3600,12.404040404
178697,182031,182367,3334,336,1,3600,10.9226190476
178699,182037,182296,3338,259,1,3600,13.888030888
178700,182045,182289,3345,244,1,3600,14.7090163934
178762,182201,182510,3439,309,1,3600,12.1294498382
178763,182208,182537,3445,329,1,3600,11.4711246201
178825,182223,182505,3398,282,1,3600,13.0496453901
179066,182230,182586,3164,356,1,3600,9.88764044944
179188,182257,182521,3069,264,1,3600,12.625
179189,182272,182607,3083,335,1,3600,10.2029850746
179191,182280,182648,3089,368,1,3600,9.39402173913
179252,182287,182635,3035,348,1,3600,9.72126436782
179254,182300,182649,3046,349,1,3600,9.72779369628
179255,182307,182568,3052,261,1,3600,12.69348659
179256,182314,182653,3058,339,1,3600,10.0206489676
179258,182319,182655,3061,336,1,3600,10.1101190476
179259,182329,182590,3070,261,1,3600,12.7624521073
179261,182336,182657,3075,321,1,3600,10.5794392523
179262,182341,182741,3079,400,1,3600,8.6975
179264,182349,182698,3085,349,1,3600,9.83954154728
179265,182354,182717,3089,363,1,3600,9.50964187328
179327,182359,182700,3032,341,1,3600,9.89149560117
179328,182366,182719,3038,353,1,3600,9.60623229462
179329,182378,182688,3049,310,1,3600,10.835483871
179331,182384,182631,3053,247,1,3600,13.3603238866
179332,182445,182805,3113,360,1,3600,9.64722222222
179334,182517,182818,3183,301,1,3600,11.5747508306
179335,182524,182850,3189,326,1,3600,10.782208589
179337,182533,182815,3196,282,1,3600,12.3333333333
179338,182550,182786,3212,236,1,3600,14.6101694915
179339,182580,182969,3241,389,1,3600,9.33161953728
179341,182598,182872,3257,274,1,3600,12.8868613139
179342,182605,182873,3263,268,1,3600,13.1753731343
179344,182618,182936,3274,318,1,3600,11.2955974843
179345,182642,183035,3297,393,1,3600,9.3893129771
179407,182650,182925,3243,275,1,3600,12.7927272727
179408,182660,183021,3252,361,1,3600,10.0083102493
179409,182665,182987,3256,322,1,3600,11.1118012422
180192,182672,182983,2480,311,1,3600,8.97427652733
180193,182677,182964,2484,287,1,3600,9.65505226481
180195,182682,183034,2487,352,1,3600,8.06534090909
180436,182699,182955,2263,256,1,3600,9.83984375
180738,182706,183066,1968,360,1,3600,6.46666666667
181161,182713,182998,1552,285,1,3600,6.44561403509
181490,188217,188223,6727,6,1,3600,673.3
181523,182718,183002,1195,284,1,3600,5.20774647887
181885,182728,183040,843,312,1,3600,3.70192307692
182067,182735,183071,668,336,1,3600,2.9880952381
182069,182753,183067,684,314,1,3600,3.17834394904
182070,182797,183039,727,242,1,3600,4.0041322314
182072,182818,183182,746,364,1,3600,3.04945054945
182253,182825,183055,572,230,1,3600,3.48695652174
182255,182833,183128,578,295,1,3600,2.9593220339
182257,182838,183187,581,349,1,3600,2.66475644699
182258,182845,183112,587,267,1,3600,3.19850187266
182260,182850,183141,590,291,1,3600,3.02749140893
182321,182857,183097,536,240,1,3600,3.23333333333
182323,182862,183127,539,265,1,3600,3.03396226415
182324,182867,183156,543,289,1,3600,2.87889273356
182326,182874,183166,548,292,1,3600,2.87671232877
182327,182879,183192,552,313,1,3600,2.76357827476
182329,182885,183300,556,415,1,3600,2.33975903614
182330,182891,183263,561,372,1,3600,2.50806451613
182332,182897,183194,565,297,1,3600,2.90235690236
182333,182902,183273,569,371,1,3600,2.53369272237
182335,182907,183187,572,280,1,3600,3.04285714286
182336,182913,183217,577,304,1,3600,2.89802631579
182338,182919,183303,581,384,1,3600,2.51302083333
182339,182924,183265,585,341,1,3600,2.71554252199
182401,182931,183344,530,413,1,3600,2.28329297821
182402,182936,183241,534,305,1,3600,2.75081967213
182404,182943,183255,539,312,1,3600,2.72756410256
182465,182948,183272,483,324,1,3600,2.49074074074
182527,182954,183221,427,267,1,3600,2.59925093633
182529,182960,183269,431,309,1,3600,2.39482200647
182530,182965,183275,435,310,1,3600,2.40322580645
182592,182971,183251,379,280,1,3600,2.35357142857
182593,182978,183258,385,280,1,3600,2.375
182595,182983,183255,388,272,1,3600,2.42647058824
182596,182989,183308,393,319,1,3600,2.23197492163
182658,182994,183285,336,291,1,3600,2.15463917526
182659,182999,183359,340,360,1,3600,1.94444444444
182661,183005,183383,344,378,1,3600,1.91005291005
182663,183012,183395,349,383,1,3600,1.91122715405
182664,183017,183275,353,258,1,3600,2.36821705426
182665,183023,183307,358,284,1,3600,2.26056338028
182667,183028,183253,361,225,1,3600,2.60444444444
182669,183033,183366,364,333,1,3600,2.09309309309
182730,183039,183343,309,304,1,3600,2.01644736842
182732,183044,183348,312,304,1,3600,2.02631578947
182733,183050,183410,317,360,1,3600,1.88055555556
182735,183055,183390,320,335,1,3600,1.9552238806
182737,183060,183457,323,397,1,3600,1.81360201511
182738,183067,183436,329,369,1,3600,1.89159891599
182800,183073,183349,273,276,1,3600,1.98913043478
182801,183078,183418,277,340,1,3600,1.81470588235
182863,183083,183464,220,381,1,3600,1.57742782152
182865,183089,183420,224,331,1,3600,1.67673716012
182866,183094,183399,228,305,1,3600,1.74754098361
182868,183099,183357,231,258,1,3600,1.89534883721
182869,183105,183404,236,299,1,3600,1.78929765886
182871,183110,183466,239,356,1,3600,1.67134831461
182873,183117,183427,244,310,1,3600,1.78709677419
182874,183122,183467,248,345,1,3600,1.71884057971
182876,183127,183481,251,354,1,3600,1.70903954802
182878,183133,183381,255,248,1,3600,2.02822580645
182879,183139,183466,260,327,1,3600,1.79510703364
182881,183144,183577,263,433,1,3600,1.60739030023
182883,183149,183503,266,354,1,3600,1.75141242938
182884,183156,183515,272,359,1,3600,1.75766016713
182886,183168,183513,282,345,1,3600,1.81739130435
182887,183178,183442,291,264,1,3600,2.10227272727
182949,183194,183558,245,364,1,3600,1.67307692308
182951,183201,183535,250,334,1,3600,1.74850299401
182952,183206,183458,254,252,1,3600,2.00793650794
182954,183213,183448,259,235,1,3600,2.10212765957
182956,183218,183524,262,306,1,3600,1.85620915033
182957,183229,183548,272,319,1,3600,1.8526645768
182959,183236,183510,277,274,1,3600,2.01094890511
182961,183253,183579,292,326,1,3600,1.89570552147
182962,183263,183538,301,275,1,3600,2.09454545455
182964,183269,183583,305,314,1,3600,1.97133757962
182966,183275,183590,309,315,1,3600,1.98095238095
182968,183280,183569,312,289,1,3600,2.07958477509
182969,183285,183611,316,326,1,3600,1.96932515337
182971,183292,183614,321,322,1,3600,1.99689440994
182972,183297,183566,325,269,1,3600,2.20817843866
182974,183303,183694,329,391,1,3600,1.84143222506
182976,183308,183624,332,316,1,3600,2.05063291139
182977,183313,183653,336,340,1,3600,1.98823529412
182979,183319,183685,340,366,1,3600,1.92896174863
183041,183324,183610,283,286,1,3600,1.98951048951
183042,183331,183621,289,290,1,3600,1.99655172414
183044,183336,183630,292,294,1,3600,1.99319727891
183046,183342,183709,296,367,1,3600,1.80653950954
183047,183347,183749,300,402,1,3600,1.74626865672
183049,183352,183615,303,263,1,3600,2.15209125475
183050,183359,183655,309,296,1,3600,2.04391891892
183052,183364,183787,312,423,1,3600,1.73758865248
183053,183370,183737,317,367,1,3600,1.86376021798
183055,183376,183710,321,334,1,3600,1.96107784431
183057,183381,183718,324,337,1,3600,1.96142433234
183059,183386,183761,327,375,1,3600,1.872
183060,183393,183872,333,479,1,3600,1.69519832985
183062,183398,183644,336,246,1,3600,2.36585365854
183064,183404,183781,340,377,1,3600,1.90185676393
183066,183410,183749,344,339,1,3600,2.01474926254
183067,183417,183722,350,305,1,3600,2.14754098361
183129,183422,183752,293,330,1,3600,1.88787878788
183131,183427,183734,296,307,1,3600,1.96416938111
183132,183434,183693,302,259,1,3600,2.16602316602
183134,183439,183770,305,331,1,3600,1.92145015106
183143,183444,185083,301,1639,1,3600,1.1836485662
183144,183450,184399,306,949,1,3600,1.32244467861
183146,183456,184502,310,1046,1,3600,1.29636711281
183147,183462,184888,315,1426,1,3600,1.22089761571
183182,188274,548305,5092,360031,10,360000,1.01414322656
183209,183468,184518,259,1050,1,3600,1.24666666667
183210,183474,184665,264,1191,1,3600,1.22166246851
183212,183480,184489,268,1009,1,3600,1.26560951437
183213,183487,184886,274,1399,1,3600,1.19585418156
183215,183492,184644,277,1152,1,3600,1.24045138889
183216,183497,184849,281,1352,1,3600,1.20784023669
183217,183503,184739,286,1236,1,3600,1.23139158576
183279,183509,184593,230,1084,1,3600,1.21217712177
183280,183516,184354,236,838,1,3600,1.28162291169
183282,183522,184662,240,1140,1,3600,1.21052631579
183283,183529,185025,246,1496,1,3600,1.16443850267
183285,183535,184727,250,1192,1,3600,1.20973154362
183286,183542,184796,256,1254,1,3600,1.20414673046
183288,183549,184553,261,1004,1,3600,1.25996015936
183289,183555,184697,266,1142,1,3600,1.23292469352
183291,183567,184571,276,1004,1,3600,1.27490039841
183292,183573,184694,281,1121,1,3600,1.2506690455
183294,183581,185001,287,1420,1,3600,1.20211267606
183295,183586,184405,291,819,1,3600,1.35531135531
183297,183593,184720,296,1127,1,3600,1.26264418811
183298,183598,184856,300,1258,1,3600,1.23847376789
183300,183605,185137,305,1532,1,3600,1.19908616188
183301,183610,184822,309,1212,1,3600,1.25495049505
183363,183621,184741,258,1120,1,3600,1.23035714286
183364,183629,184750,265,1121,1,3600,1.23639607493
183365,183634,184742,269,1108,1,3600,1.24277978339
183367,183639,184640,272,1001,1,3600,1.27172827173
183368,183647,185116,279,1469,1,3600,1.18992511913
183370,183652,184561,282,909,1,3600,1.3102310231
183371,183657,184709,286,1052,1,3600,1.27186311787
183373,183663,184681,290,1018,1,3600,1.28487229862
183374,183670,184662,296,992,1,3600,1.29838709677
183375,183676,184700,301,1024,1,3600,1.2939453125
183377,183696,185040,319,1344,1,3600,1.23735119048
183438,183705,185132,267,1427,1,3600,1.1871058164
183440,183711,184822,271,1111,1,3600,1.24392439244
183441,183721,185012,280,1291,1,3600,1.21688613478
183443,183727,184963,284,1236,1,3600,1.22977346278
183444,183733,184957,289,1224,1,3600,1.23611111111
183446,183739,184963,293,1224,1,3600,1.23937908497
183447,183745,184821,298,1076,1,3600,1.27695167286
183448,183752,185009,304,1257,1,3600,1.24184566428
183450,183762,184776,312,1014,1,3600,1.30769230769
183452,183767,184915,315,1148,1,3600,1.2743902439
183453,183774,185115,321,1341,1,3600,1.23937360179
183455,183779,185204,324,1425,1,3600,1.22736842105
183456,183786,184919,330,1133,1,3600,1.29126213592
183518,183791,184832,273,1041,1,3600,1.26224783862
183519,183797,184784,278,987,1,3600,1.28166160081
183521,183803,184960,282,1157,1,3600,1.2437337943
183522,183884,185255,362,1371,1,3600,1.2640408461
183524,184366,185464,842,1098,1,3600,1.76684881603
183525,184410,185635,885,1225,1,3600,1.72244897959
183527,184417,185380,890,963,1,3600,1.92419522326
183528,184500,185692,972,1192,1,3600,1.81543624161
183530,184515,185599,985,1084,1,3600,1.90867158672
183531,184531,185626,1000,1095,1,3600,1.91324200913
183533,184566,185655,1033,1089,1,3600,1.94857667585
183534,184572,185470,1038,898,1,3600,2.15590200445
183596,184583,185472,987,889,1,3600,2.11023622047
183597,184604,185975,1007,1371,1,3600,1.7345003647
183599,184652,185568,1053,916,1,3600,2.14956331878
183600,184659,185822,1059,1163,1,3600,1.9105760963
183602,184673,185737,1071,1064,1,3600,2.00657894737
183603,184679,186135,1076,1456,1,3600,1.73901098901
183605,184685,186032,1080,1347,1,3600,1.80178173719
183606,184692,185709,1086,1017,1,3600,2.06784660767
183608,184707,185748,1099,1041,1,3600,2.05571565802
183609,184714,185970,1105,1256,1,3600,1.87977707006
183671,184719,185820,1048,1101,1,3600,1.95186194369
183672,184725,186013,1053,1288,1,3600,1.81754658385
183674,184732,185795,1058,1063,1,3600,1.99529633114
183675,184739,186084,1064,1345,1,3600,1.79107806691
183677,184750,185528,1073,778,1,3600,2.37917737789
183678,184757,185759,1079,1002,1,3600,2.07684630739
183680,184762,185912,1082,1150,1,3600,1.94086956522
183681,184769,186000,1088,1231,1,3600,1.88383428107
183683,184788,185918,1105,1130,1,3600,1.97787610619
183684,184795,186324,1111,1529,1,3600,1.72661870504
183746,184807,185717,1061,910,1,3600,2.16593406593
183747,184833,186283,1086,1450,1,3600,1.74896551724
183749,184839,185966,1090,1127,1,3600,1.96716947649
183750,184844,186128,1094,1284,1,3600,1.85202492212
183752,184850,185723,1098,873,1,3600,2.25773195876
183753,184861,186013,1108,1152,1,3600,1.96180555556
183755,184867,185826,1112,959,1,3600,2.15954118874
183756,184898,186182,1142,1284,1,3600,1.88940809969
183758,184905,186303,1147,1398,1,3600,1.82045779685
183759,184927,186149,1168,1222,1,3600,1.9558101473
183761,184934,186114,1173,1180,1,3600,1.99406779661
183762,184969,186502,1207,1533,1,3600,1.78734507502
183824,184976,185929,1152,953,1,3600,2.20881427072
183826,184981,186287,1155,1306,1,3600,1.8843797856
183827,184986,186097,1159,1111,1,3600,2.04320432043
183829,185012,186224,1183,1212,1,3600,1.97607260726
183830,185020,186039,1190,1019,1,3600,2.16781157998
183892,185026,186071,1134,1045,1,3600,2.08516746411
184374,185036,186433,662,1397,1,3600,1.47387258411
184436,185053,186235,617,1182,1,3600,1.52199661591
184437,185095,186324,658,1229,1,3600,1.53539462978
184499,185126,186274,627,1148,1,3600,1.54616724739
184561,185132,186622,571,1490,1,3600,1.38322147651
184562,185143,186295,581,1152,1,3600,1.50434027778
184564,185150,186476,586,1326,1,3600,1.4419306184
184625,185216,186314,591,1098,1,3600,1.53825136612
184627,185266,186036,639,770,1,3600,1.82987012987
184629,185391,186780,762,1389,1,3600,1.54859611231
184690,185477,186846,787,1369,1,3600,1.57487216947
184692,185483,186505,791,1022,1,3600,1.77397260274
184693,185488,186819,795,1331,1,3600,1.59729526672
184695,185540,186787,845,1247,1,3600,1.67762630313
184696,185580,186809,884,1229,1,3600,1.71928397071
184698,185611,186933,913,1322,1,3600,1.69062027231
184759,185637,186826,878,1189,1,3600,1.73843566022
184761,185647,186821,886,1174,1,3600,1.75468483816
184762,185667,186657,905,990,1,3600,1.91414141414
184764,185703,186855,939,1152,1,3600,1.81510416667
184766,185720,186989,954,1269,1,3600,1.75177304965
184767,185729,187098,962,1369,1,3600,1.7027027027
184769,185736,187196,967,1460,1,3600,1.66232876712
184770,185749,186791,979,1042,1,3600,1.93953934741
184771,185759,186982,988,1223,1,3600,1.80784955029
184773,185771,186769,998,998,1,3600,2.0
184835,185808,187118,973,1310,1,3600,1.7427480916
184836,185832,186867,996,1035,1,3600,1.96231884058
184838,185838,186996,1000,1158,1,3600,1.86355785838
184839,185844,187182,1005,1338,1,3600,1.75112107623
184841,185924,187212,1083,1288,1,3600,1.84083850932
184842,185931,186921,1089,990,1,3600,2.1
184844,185941,187191,1097,1250,1,3600,1.8776
184905,185977,186975,1072,998,1,3600,2.07414829659
184907,185985,187022,1078,1037,1,3600,2.03953712633
184909,185992,187267,1083,1275,1,3600,1.84941176471
184910,186013,187510,1103,1497,1,3600,1.73680694723
184972,186025,187285,1053,1260,1,3600,1.83571428571
184974,186030,187074,1056,1044,1,3600,2.01149425287
184975,186043,186899,1068,856,1,3600,2.2476635514
184977,186050,187248,1073,1198,1,3600,1.89565943239
184979,186057,187006,1078,949,1,3600,2.13593256059
184980,186082,187035,1102,953,1,3600,2.15634837356
185042,186095,187372,1053,1277,1,3600,1.82458888019
185044,186108,187541,1064,1433,1,3600,1.74249825541
185045,186125,187318,1080,1193,1,3600,1.90528080469
185047,186141,187238,1094,1097,1,3600,1.99726526892
185048,186147,187328,1099,1181,1,3600,1.93056731583
185071,188223,188231,3152,8,1,1800,316.0
185110,186161,187287,1051,1126,1,3600,1.93339253996
185172,186194,187116,1022,922,1,3600,2.10845986985
185173,186235,187647,1062,1412,1,3600,1.75212464589
185175,186247,187776,1072,1529,1,3600,1.7011118378
185176,186285,187244,1109,959,1,3600,2.15641293014
185238,186295,187363,1057,1068,1,3600,1.98970037453
185301,186301,187334,1000,1033,1,3600,1.96805421104
185423,186309,187513,886,1204,1,3600,1.73588039867
185485,186315,187463,830,1148,1,3600,1.72299651568
185486,186327,187252,841,925,1,3600,1.90918918919
185488,186335,187507,847,1172,1,3600,1.72269624573
185550,186341,187478,791,1137,1,3600,1.69569041337
185571,188233,188334,2662,101,1,3600,27.3564356436
185611,186444,187263,833,819,1,3600,2.01709401709
185613,186487,187832,874,1345,1,3600,1.64981412639
185675,186513,187633,838,1120,1,3600,1.74821428571
185677,186520,187584,843,1064,1,3600,1.79229323308
185678,186634,187858,956,1224,1,3600,1.78104575163
185740,186670,187655,930,985,1,3600,1.94416243655
185762,186780,187012,1018,232,1,3600,5.38793103448
185763,186791,187174,1028,383,1,3600,3.68407310705
185765,186798,187073,1033,275,1,3600,4.75636363636
185766,186804,187235,1038,431,1,3600,3.40835266821
185768,186821,187141,1053,320,1,3600,4.290625
185769,186831,187183,1062,352,1,3600,4.01704545455
185831,186838,187304,1007,466,1,3600,3.16094420601
185832,186843,187300,1011,457,1,3600,3.21225382932
185834,186857,187113,1023,256,1,3600,4.99609375
185835,186866,187299,1031,433,1,3600,3.38106235566
185957,186880,187276,923,396,1,3600,3.33080808081
185958,186910,187181,952,271,1,3600,4.51291512915
185960,186932,187304,972,372,1,3600,3.61290322581
186021,186944,187459,923,515,1,3600,2.79223300971
186023,186987,187320,964,333,1,3600,3.89489489489
186024,186994,187446,970,452,1,3600,3.14601769912
186026,187000,187335,974,335,1,3600,3.90746268657
186027,187009,187392,982,383,1,3600,3.56396866841
186028,187017,187528,989,511,1,3600,2.93542074364
186090,187025,187341,935,316,1,3600,3.95886075949
186092,187033,187350,941,317,1,3600,3.96845425868
186093,187048,187417,955,369,1,3600,3.58807588076
186094,187084,187495,990,411,1,3600,3.40875912409
186096,187092,187406,996,314,1,3600,4.17197452229
186158,187110,187534,952,424,1,3600,3.24528301887
186159,187125,187411,966,286,1,3600,4.37762237762
186160,187132,187536,972,404,1,3600,3.40594059406
186162,187137,187571,975,434,1,3600,3.2465437788
186163,187154,187523,991,369,1,3600,3.68563685637
186225,187186,187482,961,296,1,3600,4.24662162162
186286,187194,187577,908,383,1,3600,3.37075718016
186288,187199,187603,911,404,1,3600,3.25495049505
186289,187206,187599,917,393,1,3600,3.33333333333
186291,187211,187463,920,252,1,3600,4.65079365079
186292,187218,187733,926,515,1,3600,2.79805825243
186354,187225,187616,871,391,1,3600,3.22762148338
186355,187246,187545,891,299,1,3600,3.97993311037
186357,187253,187654,896,401,1,3600,3.23441396509
186358,187261,187611,903,350,1,3600,3.58
186360,187266,187586,906,320,1,3600,3.83125
186481,187273,187556,792,283,1,3600,3.79858657244
186483,187280,187614,797,334,1,3600,3.38622754491
186544,187285,187651,741,366,1,3600,3.02459016393
186545,187292,187691,747,399,1,3600,2.87218045113
186667,187299,187693,632,394,1,3600,2.60406091371
186668,187304,187604,636,300,1,3600,3.12
186790,187311,187646,521,335,1,3600,2.5552238806
186792,187318,187768,526,450,1,3600,2.16888888889
186793,187323,187716,530,393,1,3600,2.34860050891
186855,187328,187609,473,281,1,3600,2.68327402135
186856,187334,187706,478,372,1,3600,2.28494623656
186858,187340,187651,482,311,1,3600,2.5498392283
186859,187346,187617,487,271,1,3600,2.79704797048
186861,187351,187727,490,376,1,3600,2.30319148936
186862,187357,187791,495,434,1,3600,2.14055299539
186864,187364,187797,500,433,1,3600,2.15473441109
186925,187369,187844,444,475,1,3600,1.93473684211
186927,187375,187734,448,359,1,3600,2.24791086351
186928,187384,187789,456,405,1,3600,2.12592592593
186990,187404,187730,414,326,1,3600,2.26993865031
186992,187418,187694,426,276,1,3600,2.54347826087
186993,187424,187775,431,351,1,3600,2.22792022792
186995,187430,187878,435,448,1,3600,1.97098214286
187056,187458,187804,402,346,1,3600,2.16184971098
187058,187470,187909,412,439,1,3600,1.93849658314
187059,187478,187809,419,331,1,3600,2.26586102719
187061,187483,187807,422,324,1,3600,2.3024691358
187062,187490,187799,428,309,1,3600,2.38511326861
187124,187497,187923,373,426,1,3600,1.87558685446
187126,187506,187958,380,452,1,3600,1.8407079646
187127,187518,187906,391,388,1,3600,2.00773195876
187129,187526,187906,397,380,1,3600,2.04473684211
187130,187531,187935,401,404,1,3600,1.99257425743
187132,187538,187828,406,290,1,3600,2.4
187194,187545,188125,351,580,1,3600,1.60517241379
187195,187551,188029,356,478,1,3600,1.74476987448
187197,187557,187957,360,400,1,3600,1.9
187198,187564,187852,366,288,1,3600,2.27083333333
187200,187569,187950,369,381,1,3600,1.96850393701
187202,187575,187955,373,380,1,3600,1.98157894737
187203,187583,187933,380,350,1,3600,2.08571428571
187265,187590,187952,325,362,1,3600,1.89779005525
187267,187596,187931,329,335,1,3600,1.98208955224
187268,187603,187911,335,308,1,3600,2.08766233766
187270,187611,187997,341,386,1,3600,1.88341968912
187272,187617,188066,345,449,1,3600,1.76837416481
187273,187623,188159,350,536,1,3600,1.65298507463
187275,187630,188011,355,381,1,3600,1.93175853018
187277,187635,188087,358,452,1,3600,1.79203539823
187338,187641,188071,303,430,1,3600,1.70465116279
187340,187646,188027,306,381,1,3600,1.8031496063
187341,187651,188032,310,381,1,3600,1.81364829396
187343,187658,188049,315,391,1,3600,1.80562659847
187345,187663,188095,318,432,1,3600,1.73611111111
187346,187670,188045,324,375,1,3600,1.864
187348,187675,188134,327,459,1,3600,1.71241830065
187349,187680,188093,331,413,1,3600,1.8014527845
187351,187686,188011,335,325,1,3600,2.03076923077
187353,187691,188221,338,530,1,3600,1.63773584906
187354,187703,188220,349,517,1,3600,1.6750483559
187356,187710,188140,354,430,1,3600,1.82325581395
187358,187715,188098,357,383,1,3600,1.93211488251
187359,187722,188056,363,334,1,3600,2.08682634731
187421,187729,187973,308,244,1,3600,2.26229508197
187422,187738,187991,316,253,1,3600,2.24901185771
187424,187745,188133,321,388,1,3600,1.82731958763
187426,187751,188082,325,331,1,3600,1.98187311178
187427,187758,188098,331,340,1,3600,1.97352941176
187429,187780,188109,351,329,1,3600,2.06686930091
187491,187787,188097,296,310,1,3600,1.95483870968
187492,187793,188170,301,377,1,3600,1.79840848806
187494,187800,188203,306,403,1,3600,1.75930521092
187496,187807,188122,311,315,1,3600,1.9873015873
187497,187813,188153,316,340,1,3600,1.92941176471
187499,187819,188292,320,473,1,3600,1.67653276956
187501,187826,188366,325,540,1,3600,1.60185185185
187563,187831,188199,268,368,1,3600,1.72826086957
187564,187836,188263,272,427,1,3600,1.63700234192
187566,187843,188240,277,397,1,3600,1.69773299748
187568,187850,188208,282,358,1,3600,1.78770949721
187569,187856,188261,287,405,1,3600,1.70864197531
187571,187864,188296,293,432,1,3600,1.67824074074
187572,187870,188289,298,419,1,3600,1.71121718377
187574,187889,188253,315,364,1,3600,1.86538461538
187576,187917,188226,341,309,1,3600,2.10355987055
187578,187922,188305,344,383,1,3600,1.89817232376
187579,187928,188304,349,376,1,3600,1.92819148936
187641,187934,188314,293,380,1,3600,1.77105263158
187643,187941,188243,298,302,1,3600,1.98675496689
187644,187948,188296,304,348,1,3600,1.87356321839
187646,187953,188247,307,294,1,3600,2.04421768707
187648,187958,188337,310,379,1,3600,1.81794195251
187649,187964,188341,315,377,1,3600,1.83554376658
187651,187970,188290,319,320,1,3600,1.996875
187653,187976,188277,323,301,1,3600,2.073089701
187654,187982,188336,328,354,1,3600,1.92655367232
187656,187987,188431,331,444,1,3600,1.7454954955
187658,187994,188320,336,326,1,3600,2.03067484663
187659,188003,188446,344,443,1,3600,1.77652370203
187661,188010,188319,349,309,1,3600,2.12944983819
187662,188023,188380,361,357,1,3600,2.01120448179
187664,188028,188290,364,262,1,3600,2.3893129771
187666,188038,188506,372,468,1,3600,1.79487179487
187667,188045,188380,378,335,1,3600,2.12835820896
187669,188051,188402,382,351,1,3600,2.08831908832
187731,188058,188489,327,431,1,3600,1.75870069606
187733,188065,188502,332,437,1,3600,1.75972540046
187734,188072,188467,338,395,1,3600,1.85569620253
187736,188078,188419,342,341,1,3600,2.00293255132
187738,188084,188457,346,373,1,3600,1.92761394102
187739,188093,188483,354,390,1,3600,1.90769230769
187741,188099,188501,358,402,1,3600,1.89054726368
187742,188105,188520,363,415,1,3600,1.87469879518
187744,188112,188576,368,464,1,3600,1.79310344828
187806,188117,188423,311,306,1,3600,2.01633986928
187808,188122,188553,314,431,1,3600,1.72853828306
187809,188128,188499,319,371,1,3600,1.85983827493
187811,188135,188449,324,314,1,3600,2.03184713376
187813,188140,188530,327,390,1,3600,1.83846153846
187815,188147,188566,332,419,1,3600,1.7923627685
187816,188152,188497,336,345,1,3600,1.97391304348
187818,188157,188555,339,398,1,3600,1.85175879397
187820,188163,188539,343,376,1,3600,1.91223404255
187821,188170,188594,349,424,1,3600,1.82311320755
187883,188175,188744,292,569,1,3600,1.51318101933
187885,188182,188570,297,388,1,3600,1.76546391753
187886,188210,188483,324,273,1,3600,2.18681318681
188329,188335,188464,6,129,1,3600,1.04651162791
188389,188396,188473,7,77,1,1800,1.09090909091
188450,188456,188745,6,289,1,3600,1.02076124567
188593,188599,188916,6,317,1,3600,1.01892744479
188710,188716,188811,6,95,1,1800,1.06315789474
189012,189018,189537,6,519,1,3600,1.01156069364
189152,189158,189792,6,634,1,3600,1.0094637224
189308,189314,189680,6,366,1,1800,1.01639344262
190306,190312,190319,6,7,1,3600,1.3
190334,190340,190347,6,7,1,1800,1.3
190425,190431,190528,6,97,1,3600,1.0618556701
190507,190514,190555,7,41,1,1800,1.17073170732
190659,190665,190949,6,284,1,3600,1.02112676056
190797,190803,190877,6,74,1,1800,1.08108108108
191239,191246,191778,7,532,1,3600,1.01315789474
191506,191512,191755,6,243,1,1800,1.02469135802
193082,193089,193129,7,40,1,1800,1.175
193378,193385,193458,7,73,1,1800,1.09589041096
194096,194102,194340,6,238,1,1800,1.02521008403
195368,197655,557678,2287,360023,10,360000,1.00635237193
198329,198335,199281,6,946,1,1200,1.00634249471
198358,199292,199688,934,396,2,1200,3.35858585859
198383,199245,199465,862,220,4,1200,4.91818181818
198456,199637,199782,1181,145,8,1200,9.14482758621
199081,199793,199920,712,127,8,1200,6.6062992126
199106,199913,200047,807,134,8,1200,7.0223880597
199265,200058,200176,793,118,16,1200,7.72033898305
199366,200187,200188,821,1,16,1200,82.2
199478,200199,200200,721,1,16,1200,72.2
199519,200211,200212,692,1,16,1200,69.3
201799,201805,201907,6,102,16,1200,1.05882352941
201827,201918,202013,91,95,16,1200,1.95789473684
201853,202024,202121,171,97,16,1200,2.76288659794
203412,203418,203550,6,132,16,1200,1.04545454545
204074,204080,204092,6,12,4,600,1.5
204157,204163,204579,6,416,4,600,1.01442307692
204582,204588,206978,6,2390,16,14400,1.00251046025
208503,208509,212580,6,4071,16,14400,1.00147383935
210289,210295,424982,6,214687,4,216000,1.00002794766
210323,210329,424982,6,214653,4,216000,1.00002795209
210361,210367,424982,6,214615,4,216000,1.00002795704
210401,210407,239214,6,28807,8,28800,1.00020828271
212580,212587,213250,7,663,16,14400,1.01055806938
212967,212973,213979,6,1006,1,3600,1.00596421471
213249,213255,218123,6,4868,16,14400,1.00123253903
214173,214179,217395,6,3216,1,3600,1.00186567164
214249,214256,225489,7,11233,1,14400,1.00062316389
215020,215026,218653,6,3627,1,3600,1.00165425972
215022,215033,218646,11,3613,1,3600,1.00304456131
215023,215039,218659,16,3620,1,3600,1.0044198895
215024,215044,218663,20,3619,1,3600,1.00552638851
215026,215050,218677,24,3627,1,3600,1.00661703888
215027,215055,218701,28,3646,1,3600,1.00767964893
215029,215061,218699,32,3638,1,3600,1.00879604178
215030,215067,218712,37,3645,1,3600,1.01015089163
215032,215072,218718,40,3646,1,3600,1.01097092704
215033,215077,218717,44,3640,1,3600,1.01208791209
215035,215083,218693,48,3610,1,3600,1.01329639889
215036,215088,218734,52,3646,1,3600,1.01426220516
215037,215093,218707,56,3614,1,3600,1.01549529607
215039,215099,218706,60,3607,1,3600,1.01663432215
215040,215104,218736,64,3632,1,3600,1.01762114537
215042,215110,218755,68,3645,1,3600,1.01865569273
215043,215115,218726,72,3611,1,3600,1.01993907505
215045,215120,218735,75,3615,1,3600,1.02074688797
215046,215126,218747,80,3621,1,3600,1.02209334438
215047,215131,218748,84,3617,1,3600,1.02322366602
215049,215136,218740,87,3604,1,3600,1.02413984462
215050,215142,218776,92,3634,1,3600,1.0253164557
215052,215147,218752,95,3605,1,3600,1.02635228849
215053,215153,218756,100,3603,1,3600,1.0277546489
215055,215158,218796,103,3638,1,3600,1.02831225948
215056,215165,218810,109,3645,1,3600,1.02990397805
215058,215170,218773,112,3603,1,3600,1.03108520677
215059,215175,218810,116,3635,1,3600,1.03191196699
215061,215181,218795,120,3614,1,3600,1.03320420587
215062,215186,218805,124,3619,1,3600,1.03426360873
215063,215191,218818,128,3627,1,3600,1.035290874
215065,215197,218832,132,3635,1,3600,1.03631361761
215066,215202,218818,136,3616,1,3600,1.03761061947
215068,215208,218844,140,3636,1,3600,1.03850385039
215070,215213,218851,143,3638,1,3600,1.03930731171
215072,215218,218833,146,3615,1,3600,1.04038727524
215073,215224,218852,151,3628,1,3600,1.04162072767
215075,215229,218855,154,3626,1,3600,1.04247104247
215076,215234,218873,158,3639,1,3600,1.04341852157
215077,215240,218886,163,3646,1,3600,1.0447065277
215079,215245,218853,166,3608,1,3600,1.04600886918
215080,215251,218866,171,3615,1,3600,1.04730290456
215082,215256,218889,174,3633,1,3600,1.04789430223
215083,215261,218871,178,3610,1,3600,1.04930747922
215085,215267,218872,182,3605,1,3600,1.05048543689
215086,215275,218886,189,3611,1,3600,1.052340072
215088,215280,218920,192,3640,1,3600,1.05274725275
215089,215286,218924,197,3638,1,3600,1.05415063222
215091,215291,218931,200,3640,1,3600,1.05494505495
215092,215296,218933,204,3637,1,3600,1.05609018422
215093,215302,218948,209,3646,1,3600,1.0573230938
215095,215307,218931,212,3624,1,3600,1.05849889625
215096,215313,218937,217,3624,1,3600,1.0598785872
215098,215318,218924,220,3606,1,3600,1.06100942873
215099,215323,218939,224,3616,1,3600,1.06194690265
215101,217406,221012,2305,3606,1,3600,1.63921242374
215102,218657,222291,3555,3634,1,3600,1.97826086957
215104,218664,222298,3560,3634,1,3600,1.9796367639
215105,218670,222304,3565,3634,1,3600,1.98101265823
215107,218676,222308,3569,3632,1,3600,1.98265418502
215108,218689,222322,3581,3633,1,3600,1.98568676025
215110,218704,222338,3594,3634,1,3600,1.98899284535
215111,218712,222344,3601,3632,1,3600,1.99146475771
215112,218718,222346,3606,3628,1,3600,1.99393605292
215114,218723,222352,3609,3629,1,3600,1.9944888399
215115,218729,222351,3614,3622,1,3600,1.99779127554
215117,218735,222357,3618,3622,1,3600,1.99889563777
215118,218741,222363,3623,3622,1,3600,2.00027609056
215120,218746,222362,3626,3616,1,3600,2.00276548673
215121,218753,222379,3632,3626,1,3600,2.00165471594
215123,218758,222381,3635,3623,1,3600,2.00331217223
215124,218763,222371,3639,3608,1,3600,2.00859201774
215126,218769,222380,3643,3611,1,3600,2.00886181113
215127,218774,222385,3647,3611,1,3600,2.00996953752
215129,218781,222400,3652,3619,1,3600,2.00911854103
215130,218786,222392,3656,3606,1,3600,2.01386577926
215132,218791,222393,3659,3602,1,3600,2.01582454192
215133,218797,222443,3664,3646,1,3600,2.00493691717
215134,218802,222448,3668,3646,1,3600,2.00603400987
215136,218809,222421,3673,3612,1,3600,2.01688815061
215137,218814,222441,3677,3627,1,3600,2.01378549766
215139,218819,222464,3680,3645,1,3600,2.00960219479
215140,218825,222440,3685,3615,1,3600,2.0193637621
215142,218832,222455,3690,3623,1,3600,2.01849296163
215143,218837,222454,3694,3617,1,3600,2.02128836052
215145,218842,222450,3697,3608,1,3600,2.02466740576
215146,218848,222463,3702,3615,1,3600,2.02406639004
215148,218853,222463,3705,3610,1,3600,2.02631578947
215149,218860,222477,3711,3617,1,3600,2.02598838817
215151,218865,222489,3714,3624,1,3600,2.02483443709
215152,218870,222478,3718,3608,1,3600,2.03048780488
215154,218877,222496,3723,3619,1,3600,2.02873722023
215155,218882,222497,3727,3615,1,3600,2.03098201936
215156,218888,222500,3732,3612,1,3600,2.03322259136
215158,218893,222498,3735,3605,1,3600,2.03606102635
215160,218900,222518,3740,3618,1,3600,2.03372028745
215161,218905,222531,3744,3626,1,3600,2.03254274683
215162,218910,222556,3748,3646,1,3600,2.02797586396
215164,218916,222562,3752,3646,1,3600,2.02907295666
215165,218921,222562,3756,3641,1,3600,2.03158472947
215167,218926,222531,3759,3605,1,3600,2.0427184466
216769,235731,238972,18962,3241,8,10800,6.8506633755
217271,235810,239277,18539,3467,8,10800,6.34727430055
218123,218136,232574,13,14438,16,14400,1.00090040172
218655,218934,222580,279,3646,1,3600,1.07652221613
218717,218939,222565,222,3626,1,3600,1.0612244898
218719,218946,222569,227,3623,1,3600,1.06265525807
218720,218951,222576,231,3625,1,3600,1.06372413793
218722,218956,222578,234,3622,1,3600,1.0646051905
218723,218962,222576,239,3614,1,3600,1.06613171002
218725,218967,222569,242,3602,1,3600,1.06718489728
218726,218974,222593,248,3619,1,3600,1.06852721746
218728,218979,222582,251,3603,1,3600,1.06966416875
218729,218984,222630,255,3646,1,3600,1.0699396599
218731,221024,224657,2293,3633,1,3600,1.63115882191
218732,222302,225936,3570,3634,1,3600,1.98238855256
218733,222310,225943,3577,3633,1,3600,1.98458574181
218735,222317,225949,3582,3632,1,3600,1.98623348018
218797,222323,225953,3526,3630,1,3600,1.97134986226
218798,222334,225967,3536,3633,1,3600,1.97330030278
218800,222349,225983,3549,3634,1,3600,1.97660979637
218801,222356,225989,3555,3633,1,3600,1.97853014038
218803,222363,225991,3560,3628,1,3600,1.98125689085
218804,222368,225996,3564,3628,1,3600,1.98235942668
218805,222375,226002,3570,3627,1,3600,1.98428453267
218807,222380,226008,3573,3628,1,3600,1.9848401323
218808,222385,226007,3577,3622,1,3600,1.9875759249
218810,222391,225997,3581,3606,1,3600,1.99306711037
218811,222398,226024,3587,3626,1,3600,1.98924434639
218813,222403,226026,3590,3623,1,3600,1.99089152636
218814,222408,226016,3594,3608,1,3600,1.99611973392
218816,222414,226025,3598,3611,1,3600,1.99639988923
218817,222419,226030,3602,3611,1,3600,1.99750761562
218819,222426,226045,3607,3619,1,3600,1.9966841669
218880,222431,226037,3551,3606,1,3600,1.98474764282
218882,222436,226039,3554,3603,1,3600,1.98640022204
218883,222444,226066,3561,3622,1,3600,1.98315847598
218885,222452,226085,3567,3633,1,3600,1.98183319571
218886,222459,226088,3573,3629,1,3600,1.98456875172
218888,222464,226085,3576,3621,1,3600,1.98757249379
218889,222471,226093,3582,3622,1,3600,1.98895637769
218891,222476,226099,3585,3623,1,3600,1.9895114546
218892,222481,226100,3589,3619,1,3600,1.99171041724
218894,222487,226095,3593,3608,1,3600,1.99584257206
218895,222494,226110,3599,3616,1,3600,1.99529867257
218896,222499,226107,3603,3608,1,3600,1.99861419069
218898,222504,226122,3606,3618,1,3600,1.99668325041
218899,222510,226156,3611,3646,1,3600,1.99040043884
218901,222515,226123,3614,3608,1,3600,2.00166297118
218902,222522,226134,3620,3612,1,3600,2.00221483942
218964,222527,226141,3563,3614,1,3600,1.98588821251
218966,222532,226142,3566,3610,1,3600,1.98781163435
218967,222538,226145,3571,3607,1,3600,1.99001940671
218969,222543,226189,3574,3646,1,3600,1.98025233132
218970,222550,226163,3580,3613,1,3600,1.99086631608
218972,222555,226176,3583,3621,1,3600,1.98950566142
218973,222560,226176,3587,3616,1,3600,1.9919800885
218974,222568,226201,3594,3633,1,3600,1.98926507019
218976,222575,226207,3599,3632,1,3600,1.99091409692
219019,235634,386342,16615,150708,1,504000,1.11024630411
219311,222580,279216,3269,56636,1,504000,1.05771947171
219338,222587,287169,3249,64582,1,504000,1.05030813539
221022,222592,226214,1570,3622,1,3600,1.43346217559
221372,236015,241771,14643,5756,16,21600,3.54395413482
222346,222597,226214,251,3617,1,3600,1.06939452585
222348,222604,226225,256,3621,1,3600,1.07069870202
222350,222609,226221,259,3612,1,3600,1.07170542636
222351,222614,226223,263,3609,1,3600,1.07287337213
222353,222620,226266,267,3646,1,3600,1.07323093801
222354,222625,226227,271,3602,1,3600,1.07523598001
222356,222632,226238,276,3606,1,3600,1.0765391015
222357,222642,226275,285,3633,1,3600,1.078447564
222358,224668,228302,2310,3634,1,3600,1.63566318107
222360,225500,229130,3140,3630,1,3600,1.8650137741
222380,225948,226801,3568,853,1,3600,5.18288393904
222381,225955,226652,3574,697,1,3600,6.12769010043
222382,225961,226936,3579,975,1,3600,4.67076923077
222384,225968,226740,3584,772,1,3600,5.64248704663
222385,225979,226886,3594,907,1,3600,4.9625137817
222387,225994,226702,3607,708,1,3600,6.09463276836
222388,226001,226827,3613,826,1,3600,5.37409200969
222450,226007,226893,3557,886,1,3600,5.01467268623
222451,226012,226685,3561,673,1,3600,6.2912332838
222452,226019,226908,3567,889,1,3600,5.01237345332
222454,226024,226857,3570,833,1,3600,5.28571428571
222455,226029,226654,3574,625,1,3600,6.7184
222457,226037,226718,3580,681,1,3600,6.25697503671
222458,226042,226963,3584,921,1,3600,4.89142236699
222460,226047,226924,3587,877,1,3600,5.09007981756
222461,226053,226857,3592,804,1,3600,5.46766169154
222462,226060,226667,3598,607,1,3600,6.92751235585
222464,226065,226866,3601,801,1,3600,5.49563046192
222465,226071,226780,3606,709,1,3600,6.08603667137
222527,226076,226777,3549,701,1,3600,6.06276747504
222528,226082,226838,3554,756,1,3600,5.70105820106
222530,226089,226793,3559,704,1,3600,6.05539772727
222531,226097,227030,3566,933,1,3600,4.82207931404
222532,226102,226807,3570,705,1,3600,6.06382978723
222534,226109,226919,3575,810,1,3600,5.41358024691
222535,226114,226907,3579,793,1,3600,5.5132408575
222537,226119,226761,3582,642,1,3600,6.57943925234
222538,226126,226935,3588,809,1,3600,5.43510506799
222540,226131,227026,3591,895,1,3600,5.01229050279
222541,226136,226863,3595,727,1,3600,5.94497936726
222542,226142,226873,3600,731,1,3600,5.92476060192
222544,226148,226725,3604,577,1,3600,7.24610051993
222605,226154,226913,3549,759,1,3600,5.67588932806
222607,226159,227001,3552,842,1,3600,5.21852731591
222608,226166,226939,3558,773,1,3600,5.60284605433
222610,226171,226912,3561,741,1,3600,5.80566801619
222611,226177,226972,3566,795,1,3600,5.48553459119
222613,226184,226927,3571,743,1,3600,5.80619111709
222614,226189,226946,3575,757,1,3600,5.72258916777
222615,226195,227017,3580,822,1,3600,5.35523114355
222617,226201,226997,3584,796,1,3600,5.50251256281
222618,226208,227056,3590,848,1,3600,5.23349056604
222620,226215,226998,3595,783,1,3600,5.59131545338
222621,226222,226989,3601,767,1,3600,5.69491525424
222683,226228,227174,3545,946,1,3600,4.74735729387
224666,226234,226996,1568,762,1,3600,3.05774278215
225989,226240,226896,251,656,1,3600,1.38262195122
225991,226246,226903,255,657,1,3600,1.38812785388
225992,226251,227072,259,821,1,3600,1.31546894032
225994,226256,227075,262,819,1,3600,1.3199023199
225995,226263,227059,268,796,1,3600,1.33668341709
225997,226277,227023,280,746,1,3600,1.37533512064
225998,226286,227061,288,775,1,3600,1.37161290323
226000,226663,227537,663,874,1,3600,1.7585812357
226061,226670,227513,609,843,1,3600,1.72241992883
226063,226678,227382,615,704,1,3600,1.87357954545
226064,226697,227486,633,789,1,3600,1.80228136882
226066,226713,227444,647,731,1,3600,1.88508891929
226067,226729,227415,662,686,1,3600,1.96501457726
226069,226737,227448,668,711,1,3600,1.93952180028
226070,226752,227426,682,674,1,3600,2.0118694362
226072,226772,227497,700,725,1,3600,1.96551724138
226073,226789,227533,716,744,1,3600,1.9623655914
226075,226796,227502,721,706,1,3600,2.02124645892
226076,226805,227644,729,839,1,3600,1.86889153754
226078,226812,227704,734,892,1,3600,1.82286995516
226079,226818,227690,739,872,1,3600,1.84747706422
226081,226838,227631,757,793,1,3600,1.95460277427
226142,226850,227655,708,805,1,3600,1.87950310559
226144,226868,227731,724,863,1,3600,1.83893395133
226145,226873,227784,728,911,1,3600,1.79912184413
226147,226880,227674,733,794,1,3600,1.92317380353
226148,226885,227930,737,1045,1,3600,1.70526315789
226149,226892,227803,743,911,1,3600,1.81558726674
226151,226900,227808,749,908,1,3600,1.82488986784
226152,226907,227637,755,730,1,3600,2.03424657534
226154,226913,227661,759,748,1,3600,2.01470588235
226156,226928,227796,772,868,1,3600,1.88940092166
226157,226933,227781,776,848,1,3600,1.91509433962
226158,226947,227746,789,799,1,3600,1.98748435544
226160,226953,227976,793,1023,1,3600,1.77517106549
226161,226959,227815,798,856,1,3600,1.93224299065
226163,226965,227620,802,655,1,3600,2.22442748092
226164,226984,227704,820,720,1,3600,2.13888888889
226226,226989,227769,763,780,1,3600,1.97820512821
226228,227001,227929,773,928,1,3600,1.83297413793
226229,227007,227879,778,872,1,3600,1.89220183486
226231,227014,227929,783,915,1,3600,1.85573770492
226232,227019,227850,787,831,1,3600,1.94705174489
226234,227024,227829,790,805,1,3600,1.98136645963
226235,227031,227895,796,864,1,3600,1.9212962963
226237,227037,227923,800,886,1,3600,1.90293453725
226238,227043,227719,805,676,1,3600,2.19082840237
226240,227049,227778,809,729,1,3600,2.109739369
226241,227068,227847,827,779,1,3600,2.06161745828
226243,227074,227853,831,779,1,3600,2.06675224647
226245,227080,227857,835,777,1,3600,2.07464607465
226306,227086,227907,780,821,1,3600,1.95006090134
226308,227091,227961,783,870,1,3600,1.9
226670,227185,228000,515,815,1,3600,1.63190184049
226672,227394,228270,722,876,1,3600,1.82420091324
226673,227427,228080,754,653,1,3600,2.15467075038
226735,227437,228227,702,790,1,3600,1.88860759494
226736,227456,228367,720,911,1,3600,1.7903402854
226738,227463,228087,725,624,1,3600,2.16185897436
226740,227497,228142,757,645,1,3600,2.17364341085
226740,226920,831749,180,604829,3,604800,1.00029760478
226757,226940,728180,183,501240,3,604800,1.00036509457
226801,227509,228355,708,846,1,3600,1.83687943262
226803,227516,228335,713,819,1,3600,1.87057387057
226804,227524,228282,720,758,1,3600,1.94986807388
226806,227545,228243,739,698,1,3600,2.05873925501
226808,227551,228315,743,764,1,3600,1.97251308901
226809,227631,228401,822,770,1,3600,2.06753246753
226871,227643,228382,772,739,1,3600,2.04465493911
226873,227649,228333,776,684,1,3600,2.13450292398
226874,227655,228556,781,901,1,3600,1.86681465039
226876,227667,228523,791,856,1,3600,1.92406542056
226877,227674,228498,797,824,1,3600,1.96723300971
226879,227685,228295,806,610,1,3600,2.32131147541
226881,227703,228411,822,708,1,3600,2.16101694915
226882,227715,228489,833,774,1,3600,2.07622739018
226944,227721,228490,777,769,1,3600,2.01040312094
226946,227731,228719,785,988,1,3600,1.79453441296
226947,227743,228669,796,926,1,3600,1.8596112311
226949,227758,228425,809,667,1,3600,2.21289355322
226951,227780,228456,829,676,1,3600,2.22633136095
226952,227790,228537,838,747,1,3600,2.1218206158
226954,227796,228480,842,684,1,3600,2.23099415205
226955,227802,228637,847,835,1,3600,2.01437125749
226957,227809,228726,852,917,1,3600,1.92911668484
226959,227815,228725,856,910,1,3600,1.94065934066
226960,227823,228481,863,658,1,3600,2.31155015198
226962,227829,228695,867,866,1,3600,2.00115473441
226964,227841,228602,877,761,1,3600,2.15243101183
226965,227858,228675,893,817,1,3600,2.09302325581
226967,227864,228609,897,745,1,3600,2.20402684564
226968,227870,228615,902,745,1,3600,2.21073825503
227030,227876,228663,846,787,1,3600,2.0749682338
227032,227892,228648,860,756,1,3600,2.13756613757
227033,227907,228702,874,795,1,3600,2.09937106918
227035,227919,228729,884,810,1,3600,2.09135802469
227037,227934,228787,897,853,1,3600,2.05158264947
227038,227941,228869,903,928,1,3600,1.97306034483
227040,227946,228699,906,753,1,3600,2.203187251
227042,227953,228832,911,879,1,3600,2.03640500569
227043,227973,228866,930,893,1,3600,2.04143337066
227045,227988,228742,943,754,1,3600,2.25066312997
227107,228011,228793,904,782,1,3600,2.15601023018
227108,228092,228848,984,756,1,3600,2.30158730159
227110,228099,229042,989,943,1,3600,2.0487804878
227111,228153,228945,1042,792,1,3600,2.31565656566
227113,228239,228941,1126,702,1,3600,2.60398860399
227170,232585,340620,5415,108035,16,108000,1.05012264544
227235,228255,229092,1020,837,1,3600,2.21863799283
227416,228281,229104,865,823,1,3600,2.0510328068
227478,228294,229087,816,793,1,3600,2.0290037831
227480,228306,229008,826,702,1,3600,2.17663817664
227481,228314,228971,833,657,1,3600,2.26788432268
227483,228326,229163,843,837,1,3600,2.00716845878
227545,228344,229185,799,841,1,3600,1.95005945303
227546,228349,229090,803,741,1,3600,2.08367071525
227548,228355,229323,807,968,1,3600,1.83367768595
227550,228360,229168,810,808,1,3600,2.00247524752
227552,228366,229203,814,837,1,3600,1.972520908
227553,228373,229305,820,932,1,3600,1.87982832618
227675,228378,229090,703,712,1,3600,1.98735955056
227677,228383,229273,706,890,1,3600,1.79325842697
227679,228389,229259,710,870,1,3600,1.81609195402
227680,228396,228844,716,448,1,3600,2.59821428571
227689,228413,230476,724,2063,1,3600,1.3509452254
227690,228422,229715,732,1293,1,3600,1.56612529002
227692,228436,230072,744,1636,1,3600,1.45476772616
227753,228467,230035,714,1568,1,3600,1.45535714286
227755,228491,230316,736,1825,1,3600,1.40328767123
227756,228499,230159,743,1660,1,3600,1.44759036145
227758,228506,229981,748,1475,1,3600,1.50711864407
227759,228511,230161,752,1650,1,3600,1.45575757576
227761,228518,230216,757,1698,1,3600,1.44581861013
227822,228534,230715,712,2181,1,3600,1.32645575424
227824,228548,230524,724,1976,1,3600,1.36639676113
227825,228568,230015,743,1447,1,3600,1.51347615757
227827,228613,230357,786,1744,1,3600,1.45068807339
227828,228620,230298,792,1678,1,3600,1.47199046484
227829,228627,230784,798,2157,1,3600,1.36995827538
227831,228649,230556,818,1907,1,3600,1.42894598846
227832,228659,230378,827,1719,1,3600,1.4810936591
227894,228675,230199,781,1524,1,3600,1.5124671916
227895,228682,230228,787,1546,1,3600,1.50905562743
227897,228688,230303,791,1615,1,3600,1.48978328173
227898,228707,230646,809,1939,1,3600,1.4172253739
227900,228713,230155,813,1442,1,3600,1.56380027739
227901,228718,230391,817,1673,1,3600,1.48834429169
227902,228730,230575,828,1845,1,3600,1.4487804878
227964,228738,230272,774,1534,1,3600,1.50456323338
227965,228743,230606,778,1863,1,3600,1.41760601181
227967,228750,230437,783,1687,1,3600,1.46413752223
227968,228757,230311,789,1554,1,3600,1.50772200772
227970,228798,230269,828,1471,1,3600,1.56288239293
227971,228806,230487,835,1681,1,3600,1.49672813801
228033,228844,230822,811,1978,1,3600,1.41001011122
228034,228855,230611,821,1756,1,3600,1.46753986333
228095,228863,230365,768,1502,1,3600,1.51131824234
228097,228877,230304,780,1427,1,3600,1.54660126139
228158,228884,230310,726,1426,1,3600,1.50911640954
228280,228953,230849,673,1896,1,3600,1.35495780591
228281,228959,230697,678,1738,1,3600,1.39010356732
228283,228983,230515,700,1532,1,3600,1.45691906005
228344,229020,231002,676,1982,1,3600,1.34106962664
228346,229054,230676,708,1622,1,3600,1.43649815043
228347,229099,230974,752,1875,1,3600,1.40106666667
228349,229106,230705,757,1599,1,3600,1.47342088806
228350,229111,230559,761,1448,1,3600,1.52555248619
228351,229116,230882,765,1766,1,3600,1.43318233296
228413,229123,230641,710,1518,1,3600,1.46772068511
228414,229142,230767,728,1625,1,3600,1.448
228416,229175,231023,759,1848,1,3600,1.41071428571
228417,229182,231082,765,1900,1,3600,1.40263157895
228419,229197,231117,778,1920,1,3600,1.40520833333
228480,229214,230853,734,1639,1,3600,1.44783404515
228482,229271,230994,789,1723,1,3600,1.45792222867
228543,229284,231391,741,2107,1,3600,1.35168485999
228545,229316,231161,771,1845,1,3600,1.41788617886
228546,229335,231085,789,1750,1,3600,1.45085714286
228548,229726,231526,1178,1800,1,3600,1.65444444444
228549,229993,231540,1444,1547,1,3600,1.93341952165
228551,230026,231893,1475,1867,1,3600,1.7900374933
228552,230047,231679,1495,1632,1,3600,1.91605392157
228614,230083,231732,1469,1649,1,3600,1.89084293511
228615,230167,231883,1552,1716,1,3600,1.90442890443
228617,230174,232129,1557,1955,1,3600,1.79641943734
228679,230179,231888,1500,1709,1,3600,1.87770626097
228680,230210,232012,1530,1802,1,3600,1.84905660377
228682,230227,232116,1545,1889,1,3600,1.81789306511
228683,230240,232004,1557,1764,1,3600,1.88265306122
228685,230281,232012,1596,1731,1,3600,1.92201039861
228686,230288,232439,1602,2151,1,3600,1.74476987448
228748,230309,232222,1561,1913,1,3600,1.81599581809
228749,230317,231998,1568,1681,1,3600,1.93277810827
228751,230322,231939,1571,1617,1,3600,1.97155225727
228752,230329,232031,1577,1702,1,3600,1.92655699177
228754,230334,232348,1580,2014,1,3600,1.78450844091
228755,230339,232323,1584,1984,1,3600,1.79838709677
228757,230369,232182,1612,1813,1,3600,1.88913403199
228758,230376,232327,1618,1951,1,3600,1.82931829831
228820,230390,231402,1570,1012,1,3600,2.55138339921
228821,230402,232147,1581,1745,1,3600,1.90601719198
228883,230448,231982,1565,1534,1,3600,2.02020860495
228885,230487,232216,1602,1729,1,3600,1.92654713707
228886,230499,232500,1613,2001,1,3600,1.80609695152
228888,230527,232285,1639,1758,1,3600,1.93230944255
228889,230535,232109,1646,1574,1,3600,2.0457433291
228951,230567,232640,1616,2073,1,3600,1.77954655089
228952,230574,232514,1622,1940,1,3600,1.83608247423
229014,230586,232203,1572,1617,1,3600,1.97217068646
229015,230618,231979,1603,1361,1,3600,2.1778104335
229077,230625,231995,1548,1370,1,3600,2.1299270073
229139,230653,232391,1514,1738,1,3600,1.87111622555
229140,230659,232026,1519,1367,1,3600,2.1111923921
229142,230688,232701,1546,2013,1,3600,1.76800794834
229143,230709,232533,1566,1824,1,3600,1.85855263158
229145,230716,232112,1571,1396,1,3600,2.12535816619
229146,230727,232866,1581,2139,1,3600,1.73913043478
229208,230779,232860,1571,2081,1,3600,1.75492551658
229209,230797,232210,1588,1413,1,3600,2.12384996461
229211,230834,232762,1623,1928,1,3600,1.84180497925
229212,230861,232625,1649,1764,1,3600,1.93480725624
229274,230867,232581,1593,1714,1,3600,1.92940490082
229336,230894,232574,1558,1680,1,3600,1.92738095238
229337,230985,232715,1648,1730,1,3600,1.95260115607
229339,231006,232941,1667,1935,1,3600,1.86149870801
229761,231014,232722,1253,1708,1,3600,1.73360655738
230003,231035,232694,1032,1659,1,3600,1.62206148282
230065,231093,233416,1028,2323,1,3600,1.44253120964
230066,231100,233037,1034,1937,1,3600,1.53381517811
230128,231128,232846,1000,1718,1,3600,1.58207217695
230189,231173,232953,984,1780,1,3600,1.55280898876
230191,231402,233186,1211,1784,1,3600,1.67881165919
230192,231414,232905,1222,1491,1,3600,1.8195841717
230254,231538,233311,1284,1773,1,3600,1.7241962775
230256,231552,233456,1296,1904,1,3600,1.68067226891
230257,231690,233930,1433,2240,1,3600,1.63973214286
230319,231744,233529,1425,1785,1,3600,1.79831932773
230320,231895,233633,1575,1738,1,3600,1.90621403913
230322,231902,233984,1580,2082,1,3600,1.75888568684
230323,231909,233846,1586,1937,1,3600,1.81879194631
230325,231951,233777,1626,1826,1,3600,1.89047097481
230326,231991,233638,1665,1647,1,3600,2.01092896175
230328,231998,233608,1670,1610,1,3600,2.03726708075
230329,232007,233385,1678,1378,1,3600,2.21770682148
230391,232015,234025,1624,2010,1,3600,1.807960199
230393,232022,233921,1629,1899,1,3600,1.85781990521
230394,232028,234199,1634,2171,1,3600,1.75264854906
230456,232034,233951,1578,1917,1,3600,1.82316118936
230457,232040,233731,1583,1691,1,3600,1.936132466
230519,232047,234185,1528,2138,1,3600,1.71468662301
230520,232121,233654,1601,1533,1,3600,2.04435746902
230522,232127,233918,1605,1791,1,3600,1.89614740369
230584,232132,233707,1548,1575,1,3600,1.98285714286
230585,232141,234101,1556,1960,1,3600,1.79387755102
230587,232159,233901,1572,1742,1,3600,1.90241102181
230588,232194,234464,1606,2270,1,3600,1.70748898678
230650,232215,233671,1565,1456,1,3600,2.07486263736
230651,232222,233831,1571,1609,1,3600,1.97638284649
230653,232228,234093,1575,1865,1,3600,1.84450402145
230654,232236,233762,1582,1526,1,3600,2.03669724771
230716,232296,234378,1580,2082,1,3600,1.75888568684
230717,232335,234800,1618,2465,1,3600,1.65638945233
230719,232341,234013,1622,1672,1,3600,1.97009569378
230721,232360,234119,1639,1759,1,3600,1.93177942013
230782,232403,234083,1621,1680,1,3600,1.96488095238
230844,232450,234100,1606,1650,1,3600,1.97333333333
230845,232512,234421,1667,1909,1,3600,1.87323205867
230907,232526,234120,1619,1594,1,3600,2.0156838143
230909,232544,234326,1635,1782,1,3600,1.91750841751
230910,232591,234455,1681,1864,1,3600,1.90182403433
231032,232598,234414,1566,1816,1,3600,1.86233480176
231033,232637,234177,1604,1540,1,3600,2.04155844156
231035,232652,234233,1617,1581,1,3600,2.02277039848
231036,232705,234755,1669,2050,1,3600,1.81414634146
231098,232713,234455,1615,1742,1,3600,1.92709529277
231100,232726,234651,1626,1925,1,3600,1.84467532468
231161,232733,234165,1572,1432,1,3600,2.09776536313
231223,232773,234672,1550,1899,1,3600,1.81621906266
231405,232857,234918,1452,2061,1,3600,1.70451237263
231466,232871,234551,1405,1680,1,3600,1.83630952381
231588,232878,234538,1290,1660,1,3600,1.77710843373
231591,232916,234653,1325,1737,1,3600,1.76280944157
231713,232953,235123,1240,2170,1,3600,1.57142857143
231775,232965,234733,1190,1768,1,3600,1.67307692308
231896,233049,234836,1153,1787,1,3600,1.64521544488
231898,233197,235298,1299,2101,1,3600,1.61827701095
231899,233210,234843,1311,1633,1,3600,1.80281690141
231961,233215,234963,1254,1748,1,3600,1.71739130435
232023,233221,234710,1198,1489,1,3600,1.80456682337
232024,233226,234865,1202,1639,1,3600,1.73337400854
232026,233232,234284,1206,1052,1,3600,2.1463878327
232034,233323,234072,1289,749,1,3600,2.72096128171
232035,233396,233767,1361,371,1,3600,4.66846361186
232037,233427,234043,1390,616,1,3600,3.25649350649
232038,233467,234311,1429,844,1,3600,2.69312796209
232040,233541,234124,1501,583,1,3600,3.57461406518
232041,233620,234407,1579,787,1,3600,3.00635324015
232163,233644,234005,1481,361,1,3600,5.10249307479
232164,233652,234249,1488,597,1,3600,3.49246231156
232165,233666,234158,1501,492,1,3600,4.05081300813
232167,233683,234392,1516,709,1,3600,3.13822284908
232168,233719,234364,1551,645,1,3600,3.40465116279
232230,233743,234192,1513,449,1,3600,4.36971046771
232231,233774,234288,1543,514,1,3600,4.00194552529
232233,233781,234387,1548,606,1,3600,3.55445544554
232234,233789,234381,1555,592,1,3600,3.62668918919
232236,233842,234463,1606,621,1,3600,3.58615136876
232297,233857,234423,1560,566,1,3600,3.75618374558
232359,233913,234452,1554,539,1,3600,3.88311688312
232360,233929,234440,1569,511,1,3600,4.07045009785
232362,233937,234527,1575,590,1,3600,3.66949152542
232423,233943,234548,1520,605,1,3600,3.51239669421
232485,233963,234393,1478,430,1,3600,4.43720930233
232546,233997,234569,1451,572,1,3600,3.53671328671
232548,234017,234652,1469,635,1,3600,3.31338582677
232549,234024,234477,1475,453,1,3600,4.25607064018
232611,234037,234625,1426,588,1,3600,3.42517006803
232612,234055,234606,1443,551,1,3600,3.61887477314
232674,234083,234608,1409,525,1,3600,3.68380952381
232675,234094,234636,1419,542,1,3600,3.61808118081
232737,234105,234660,1368,555,1,3600,3.46486486486
232738,234112,234811,1374,699,1,3600,2.96566523605
232739,234118,234868,1379,750,1,3600,2.83866666667
232741,234131,234708,1390,577,1,3600,3.40901213172
232802,234137,234623,1335,486,1,3600,3.74691358025
232864,234143,234601,1279,458,1,3600,3.79257641921
232925,234169,234860,1244,691,1,3600,2.8002894356
232927,234177,234788,1250,611,1,3600,3.04582651391
232928,234189,234709,1261,520,1,3600,3.425
232990,234197,234760,1207,563,1,3600,3.14387211368
232991,234203,234667,1212,464,1,3600,3.61206896552
233053,234212,234720,1159,508,1,3600,3.28149606299
233234,234245,234883,1011,638,1,3600,2.58463949843
233356,234261,234864,905,603,1,3600,2.5008291874
233417,234295,234892,878,597,1,3600,2.47068676717
233479,234301,234883,822,582,1,3600,2.41237113402
233480,234322,234966,842,644,1,3600,2.30745341615
233542,234338,234932,796,594,1,3600,2.34006734007
233664,234377,234991,713,614,1,3600,2.16123778502
233665,234389,235095,724,706,1,3600,2.02549575071
233667,234395,234872,728,477,1,3600,2.52620545073
233668,234402,234946,734,544,1,3600,2.34926470588
233730,234409,235303,679,894,1,3600,1.75950782998
233731,234414,235100,683,686,1,3600,1.99562682216
233793,234421,234994,628,573,1,3600,2.09598603839
233794,234428,235062,634,634,1,3600,2.0
233796,234434,234970,638,536,1,3600,2.19029850746
233797,234439,235015,642,576,1,3600,2.11458333333
233859,234452,234993,593,541,1,3600,2.09611829945
233860,234463,235051,603,588,1,3600,2.02551020408
233922,234471,235166,549,695,1,3600,1.78992805755
233924,234476,235185,552,709,1,3600,1.77856135402
233985,234483,235028,498,545,1,3600,1.91376146789
233987,234488,235190,501,702,1,3600,1.71367521368
233988,234495,235247,507,752,1,3600,1.67420212766
234050,234539,235127,489,588,1,3600,1.83163265306
234051,234550,235310,499,760,1,3600,1.65657894737
234053,234559,235119,506,560,1,3600,1.90357142857
234054,234566,235068,512,502,1,3600,2.01992031873
234056,234581,235470,525,889,1,3600,1.5905511811
234118,234621,235160,503,539,1,3600,1.9332096475
234119,234626,235113,507,487,1,3600,2.04106776181
234121,234633,235218,512,585,1,3600,1.87521367521
234122,234639,235261,517,622,1,3600,1.83118971061
234124,234645,235167,521,522,1,3600,1.99808429119
234125,234651,235200,526,549,1,3600,1.95810564663
234127,234663,235117,536,454,1,3600,2.18061674009
234157,234614,234621,457,7,1,14400,46.4
234189,234670,235509,481,839,1,3600,1.57330154946
234190,234675,235376,485,701,1,3600,1.69186875892
234192,234682,235299,490,617,1,3600,1.79416531605
234193,234687,235365,494,678,1,3600,1.72861356932
234195,234694,235307,499,613,1,3600,1.81402936378
234256,234721,235286,465,565,1,3600,1.82300884956
234258,234726,235393,468,667,1,3600,1.70164917541
234259,234732,235494,473,762,1,3600,1.62073490814
234261,234738,235201,477,463,1,3600,2.03023758099
234322,234745,235408,423,663,1,3600,1.63800904977
234324,234767,235367,443,600,1,3600,1.73833333333
234326,234773,235276,447,503,1,3600,1.88866799205
234387,234800,235405,413,605,1,3600,1.6826446281
234389,234812,235387,423,575,1,3600,1.73565217391
234391,234822,235390,431,568,1,3600,1.7588028169
234392,234848,235451,456,603,1,3600,1.75621890547
234394,234855,235538,461,683,1,3600,1.67496339678
234455,234872,235480,417,608,1,3600,1.68585526316
234457,234879,235368,422,489,1,3600,1.86298568507
234459,234884,235536,425,652,1,3600,1.6518404908
234460,234890,235687,430,797,1,3600,1.53952321205
234462,234895,235469,433,574,1,3600,1.7543554007
234463,234901,235384,438,483,1,3600,1.90683229814
234465,234907,235368,442,461,1,3600,1.95878524946
234467,234914,235504,447,590,1,3600,1.75762711864
234468,234930,235588,462,658,1,3600,1.70212765957
234470,234943,235482,473,539,1,3600,1.87755102041
234471,234959,235626,488,667,1,3600,1.73163418291
234473,234976,235646,503,670,1,3600,1.75074626866
234535,234982,235471,447,489,1,3600,1.91411042945
234536,234988,235527,452,539,1,3600,1.83858998145
234598,235003,235778,405,775,1,3600,1.52258064516
234600,235010,235631,410,621,1,3600,1.66022544283
234601,235015,235501,414,486,1,3600,1.85185185185
234603,235026,235605,423,579,1,3600,1.73056994819
234665,235040,235841,375,801,1,3600,1.46816479401
234666,235062,235597,396,535,1,3600,1.74018691589
234668,235074,235534,406,460,1,3600,1.88260869565
234670,235080,235798,410,718,1,3600,1.57103064067
234671,235106,235848,435,742,1,3600,1.58625336927
234673,235112,235777,439,665,1,3600,1.66015037594
234674,235125,235779,451,654,1,3600,1.68960244648
234676,235132,235622,456,490,1,3600,1.9306122449
234678,235137,235599,459,462,1,3600,1.99350649351
234679,235144,235713,465,569,1,3600,1.81722319859
234681,235149,235650,468,501,1,3600,1.93413173653
234682,235172,235750,490,578,1,3600,1.84775086505
234744,235178,235719,434,541,1,3600,1.8022181146
234746,235184,235869,438,685,1,3600,1.63941605839
234747,235196,235820,449,624,1,3600,1.71955128205
234749,235204,235669,455,465,1,3600,1.97849462366
234751,235212,235748,461,536,1,3600,1.86007462687
234813,235218,235764,405,546,1,3600,1.74175824176
234814,235230,235824,416,594,1,3600,1.70033670034
234816,235260,235895,444,635,1,3600,1.69921259843
234817,235272,235967,455,695,1,3600,1.65467625899
234819,235288,235819,469,531,1,3600,1.88323917137
234881,235298,235887,417,589,1,3600,1.70797962649
234882,235310,235948,428,638,1,3600,1.67084639498
234884,235316,235868,432,552,1,3600,1.78260869565
234886,235322,236010,436,688,1,3600,1.63372093023
234887,235329,236004,442,675,1,3600,1.65481481481
234889,235334,235794,445,460,1,3600,1.96739130435
234891,235377,236044,486,667,1,3600,1.72863568216
234892,235384,236026,492,642,1,3600,1.76635514019
234894,235389,236135,495,746,1,3600,1.66353887399
234956,235394,236002,438,608,1,3600,1.72039473684
234957,235401,236012,444,611,1,3600,1.72667757774
234959,235406,236109,447,703,1,3600,1.63584637269
234961,235412,236032,451,620,1,3600,1.72741935484
235022,235417,236041,395,624,1,3600,1.63301282051
235024,235424,235986,400,562,1,3600,1.71174377224
235026,235429,235988,403,559,1,3600,1.72093023256
235027,235434,236016,407,582,1,3600,1.69931271478
235029,235463,236103,434,640,1,3600,1.678125
235031,235480,236016,449,536,1,3600,1.83768656716
235032,235486,236153,454,667,1,3600,1.68065967016
235034,235492,236209,458,717,1,3600,1.63877266388
235096,235499,236145,403,646,1,3600,1.62383900929
235097,235504,236173,407,669,1,3600,1.60837070254
235099,235510,236081,411,571,1,3600,1.71978984238
235101,235518,236201,417,683,1,3600,1.61054172767
235162,235523,236261,361,738,1,3600,1.4891598916
235164,235529,236137,365,608,1,3600,1.60032894737
235166,235539,236087,373,548,1,3600,1.68065693431
235167,235545,236116,378,571,1,3600,1.66199649737
235169,235552,236100,383,548,1,3600,1.69890510949
235171,235557,236291,386,734,1,3600,1.52588555858
235173,235599,236064,426,465,1,3600,1.91612903226
235174,235608,236103,434,495,1,3600,1.87676767677
235176,235615,235962,439,347,1,3600,2.265129683
235566,235621,236086,55,465,1,14400,1.11827956989
240675,240682,240912,7,230,51,1200,1.03043478261
241010,385687,385941,144677,254,125,1200,570.594488189
244050,244056,244172,6,116,1,1200,1.05172413793
244274,244280,244344,6,64,3,60,1.09375
244344,244351,244401,7,50,9,60,1.14
244557,244564,244638,7,74,3,60,1.09459459459
244768,244774,244828,6,54,3,60,1.11111111111
245028,245034,245114,6,80,2,1200,1.075
245216,245223,245224,7,1,2,1200,1.0
245248,245254,245336,6,82,2,1200,1.07317073171
245709,245716,245717,7,1,2,3540,1.0
247288,247294,247360,6,66,3,60,1.09090909091
247568,247574,247628,6,54,3,60,1.11111111111
247854,247860,247911,6,51,6,120,1.11764705882
247889,247895,247896,6,1,6,120,1.0
247929,247935,247936,6,1,6,120,1.0
248000,248007,248008,7,1,6,120,1.0
248340,248346,248347,6,1,6,120,1.0
248521,248527,248528,6,1,6,120,1.0
248579,248585,248586,6,1,6,120,1.0
248658,248664,248711,6,47,6,120,1.12765957447
248723,248729,248771,6,42,6,120,1.14285714286
248760,248766,248813,6,47,6,120,1.12765957447
248784,248790,248842,6,52,6,120,1.11538461538
248805,248811,248861,6,50,6,120,1.12
248830,248837,248882,7,45,6,120,1.15555555556
248862,248868,248932,6,64,6,120,1.09375
249316,249323,249386,7,63,6,120,1.11111111111
250022,250029,250090,7,61,3,60,1.11475409836
250076,250083,250154,7,71,3,60,1.0985915493
250772,250778,254387,6,3609,1,3600,1.00166251039
250774,250785,254392,11,3607,1,3600,1.00304962573
250776,250791,254428,15,3637,1,3600,1.00412427825
250778,250796,254442,18,3646,1,3600,1.00493691717
250779,250801,254432,22,3631,1,3600,1.00605893693
250781,250808,254453,27,3645,1,3600,1.00740740741
250783,250813,254423,30,3610,1,3600,1.00831024931
250785,250818,254447,33,3629,1,3600,1.00909341416
250786,250824,254470,38,3646,1,3600,1.01042238069
250788,250829,254441,41,3612,1,3600,1.01135105205
250790,250834,254480,44,3646,1,3600,1.01206801975
250792,250840,254479,48,3639,1,3600,1.01319043693
250794,250845,254448,51,3603,1,3600,1.01415487094
250795,250850,254465,55,3615,1,3600,1.01521438451
250797,250856,254493,59,3637,1,3600,1.01622216112
250799,250861,254469,62,3608,1,3600,1.01718403548
250800,250866,254512,66,3646,1,3600,1.01810202962
250802,250874,254477,72,3603,1,3600,1.01998334721
250804,250879,254492,75,3613,1,3600,1.02075837254
250806,250884,254513,78,3629,1,3600,1.02149352439
250808,250890,254536,82,3646,1,3600,1.02249040044
250809,250895,254530,86,3635,1,3600,1.02365887208
250811,250900,254532,89,3632,1,3600,1.02450440529
250813,250906,254532,93,3626,1,3600,1.02564809708
250815,250911,254549,96,3638,1,3600,1.02638812534
250816,250916,254523,100,3607,1,3600,1.02772387025
250818,250922,254568,104,3646,1,3600,1.02852441031
250820,250927,254545,107,3618,1,3600,1.02957435047
250822,250932,254540,110,3608,1,3600,1.03048780488
250823,250938,254563,115,3625,1,3600,1.03172413793
250825,250943,254557,118,3614,1,3600,1.03265080243
250827,250949,254573,122,3624,1,3600,1.03366445916
250829,250954,254556,125,3602,1,3600,1.03470294281
250830,250959,254579,129,3620,1,3600,1.03563535912
250832,250965,254611,133,3646,1,3600,1.03647833242
250834,250970,254572,136,3602,1,3600,1.03775680178
250836,250975,254613,139,3638,1,3600,1.03820780649
250837,250981,254609,144,3628,1,3600,1.03969128997
250839,250986,254597,147,3611,1,3600,1.04070894489
250841,250991,254616,150,3625,1,3600,1.04137931034
250843,250997,254634,154,3637,1,3600,1.04234259005
250845,251002,254648,157,3646,1,3600,1.04306088865
250846,251008,254641,162,3633,1,3600,1.0445912469
250848,251013,254619,165,3606,1,3600,1.04575707155
250850,251018,254631,168,3613,1,3600,1.0464987545
250852,251024,254638,172,3614,1,3600,1.04759269507
250853,251029,254653,176,3624,1,3600,1.04856512141
250855,251034,254670,179,3636,1,3600,1.04922992299
250857,251040,254679,183,3639,1,3600,1.05028854081
250859,251045,254660,186,3615,1,3600,1.05145228216
250860,251050,254676,190,3626,1,3600,1.05239933811
250862,251056,254676,194,3620,1,3600,1.05359116022
250864,251061,254698,197,3637,1,3600,1.05416552103
250866,251066,254712,200,3646,1,3600,1.05485463522
250867,251072,254674,205,3602,1,3600,1.05691282621
250869,251078,254690,209,3612,1,3600,1.05786267996
250871,251084,254714,213,3630,1,3600,1.05867768595
250873,251089,254710,216,3621,1,3600,1.05965202983
250874,251094,254698,220,3604,1,3600,1.06104328524
250876,251100,254708,224,3608,1,3600,1.06208425721
250878,251105,254751,227,3646,1,3600,1.06226001097
250880,251111,254756,231,3645,1,3600,1.0633744856
250881,251116,254735,235,3619,1,3600,1.06493506494
250883,251121,254755,238,3634,1,3600,1.06549257017
250885,251127,254762,242,3635,1,3600,1.06657496561
250887,251132,254746,245,3614,1,3600,1.06779192031
250889,251137,254760,248,3623,1,3600,1.06845155948
250890,254400,258032,3510,3632,1,3600,1.96640969163
250892,254406,258037,3514,3631,1,3600,1.96777747177
250894,254434,258068,3540,3634,1,3600,1.97413318657
250896,254442,258073,3546,3631,1,3600,1.97659047094
250897,254448,258077,3551,3629,1,3600,1.97850647561
250899,254455,258087,3556,3632,1,3600,1.97907488987
250901,254460,258085,3559,3625,1,3600,1.98179310345
250903,254467,258098,3564,3631,1,3600,1.98154778298
250904,254472,258092,3568,3620,1,3600,1.98563535912
250906,254477,258093,3571,3616,1,3600,1.98755530973
250908,254485,258115,3577,3630,1,3600,1.98539944904
250910,254490,258110,3580,3620,1,3600,1.98895027624
250911,254495,258114,3584,3619,1,3600,1.99032882012
250913,254502,258125,3589,3623,1,3600,1.99061551201
250915,254507,258124,3592,3617,1,3600,1.99308819464
250917,254512,258122,3595,3610,1,3600,1.99584487535
250919,254519,258138,3600,3619,1,3600,1.99474993092
250921,254525,258137,3604,3612,1,3600,1.99778516058
250923,254531,258157,3608,3626,1,3600,1.99503585218
250925,254537,258158,3612,3621,1,3600,1.99751449876
250926,254543,258175,3617,3632,1,3600,1.99587004405
250928,254549,258177,3621,3628,1,3600,1.99807056229
250930,254554,258177,3624,3623,1,3600,2.00027601435
250932,254559,258168,3627,3609,1,3600,2.00498753117
250933,254566,258181,3633,3615,1,3600,2.00497925311
250935,254571,258194,3636,3623,1,3600,2.00358818659
250937,254576,258191,3639,3615,1,3600,2.00663900415
250939,254582,258185,3643,3603,1,3600,2.01110185956
250940,254596,258224,3656,3628,1,3600,2.00771775083
250942,254609,258241,3667,3632,1,3600,2.00963656388
250944,254621,258254,3677,3633,1,3600,2.01211120286
250946,254627,258256,3681,3629,1,3600,2.01432901626
250947,254633,258258,3686,3625,1,3600,2.01682758621
250949,254638,258261,3689,3623,1,3600,2.01821694728
251525,254589,283413,3064,28824,6,28800,1.1063003053
252059,258267,285102,6208,26835,6,28800,1.23133966834
252121,254691,294911,2570,40220,5,604800,1.06389855793
252156,258096,327269,5940,69173,5,604800,1.08587165513
252186,258121,298442,5935,40321,5,604800,1.14719377
252243,258136,261139,5893,3003,5,604800,2.96237096237
252292,258180,260079,5888,1899,5,604800,4.10057925224
252324,258316,297829,5992,39513,10,604800,1.15164629362
252359,258407,281575,6048,23168,10,604800,1.26104972376
252406,260091,261171,7685,1080,10,604800,8.11574074074
252454,258196,317086,5742,58890,5,604800,1.09750382068
253044,283424,312261,30380,28837,32,28800,2.05350764643
254443,254645,258264,202,3619,1,3600,1.0558165239
254445,254650,258276,205,3626,1,3600,1.05653612796
254447,254656,258279,209,3623,1,3600,1.05768699972
254449,254662,258286,213,3624,1,3600,1.05877483444
254450,254667,258283,217,3616,1,3600,1.06001106195
254452,254674,258293,222,3619,1,3600,1.06134291241
254454,254679,258298,225,3619,1,3600,1.06217187068
254456,254684,258305,228,3621,1,3600,1.06296603148
254457,254701,258335,244,3634,1,3600,1.06714364337
254459,254709,258343,250,3634,1,3600,1.06879471657
254521,254715,258342,194,3627,1,3600,1.05348773091
254523,254722,258355,199,3633,1,3600,1.05477566749
254524,254727,258353,203,3626,1,3600,1.05598455598
254526,254734,258357,208,3623,1,3600,1.05741098537
254528,254739,258359,211,3620,1,3600,1.05828729282
254530,254746,258380,216,3634,1,3600,1.05943863511
254531,254758,258391,227,3633,1,3600,1.06248279659
254533,254764,258396,231,3632,1,3600,1.06360132159
254535,254770,258401,235,3631,1,3600,1.06472046268
254537,254776,258400,239,3624,1,3600,1.06594922737
254539,254783,258407,244,3624,1,3600,1.06732891832
254540,254788,258405,248,3617,1,3600,1.06856510921
255156,258044,259615,2888,1571,1,43200,2.83831954169
267891,267899,267905,8,6,1,3600,1.4
268009,268015,268143,6,128,1,3600,1.046875
268266,268273,268575,7,302,1,3600,1.02317880795
268795,268801,269430,6,629,1,3600,1.00953895072
269938,269944,269949,6,5,1,3600,1.1
270056,270062,270152,6,90,1,3600,1.06666666667
270273,270279,270558,6,279,1,3600,1.02150537634
270833,270839,271367,6,528,1,3600,1.01136363636
271485,271492,271499,7,7,1,1800,1.4
271659,271665,271740,6,75,1,1800,1.08
271964,271970,272058,6,88,1,1800,1.06818181818
272541,272547,272914,6,367,1,1800,1.01634877384
273537,273543,273549,6,6,1,1800,1.2
273712,273718,273754,6,36,1,1800,1.16666666667
273984,273990,274061,6,71,1,1800,1.08450704225
274674,274681,274926,7,245,1,1800,1.02857142857
279498,279504,279546,6,42,1,1800,1.14285714286
279797,279803,279875,6,72,1,1800,1.08333333333
280519,280525,280764,6,239,1,1800,1.02510460251
289531,289537,289583,6,46,1,604800,1.13043478261
289822,289829,310481,7,20652,1,604800,1.00033895022
289900,289908,309568,8,19660,1,604800,1.0004069176
289994,290000,290309,6,309,1,604800,1.01941747573
290575,290581,290587,6,6,1,1200,1.2
290703,290710,290953,7,243,1,1200,1.02880658436
290765,290771,290919,6,148,2,1200,1.04054054054
290786,290793,291231,7,438,1,604800,1.01598173516
290824,290830,290942,6,112,4,1200,1.05357142857
290934,290954,291049,20,95,8,1200,1.21052631579
291194,291201,291299,7,98,4,1200,1.07142857143
291228,291234,291335,6,101,4,1200,1.05940594059
291265,291311,291406,46,95,4,1200,1.48421052632
291326,291347,291439,21,92,4,1200,1.22826086957
291381,291417,291509,36,92,4,1200,1.39130434783
291862,291869,298772,7,6903,1,604800,1.00101405186
292353,319067,322706,26714,3639,16,3600,8.34102775488
292409,319707,335946,27298,16239,16,16200,2.68101484082
292703,292710,292781,7,71,8,1200,1.0985915493
292744,292793,292878,49,85,8,1200,1.57647058824
292773,292890,292967,117,77,8,1200,2.51948051948
292804,292978,293053,174,75,8,1200,3.32
292838,293064,293141,226,77,8,1200,3.93506493506
292883,293152,293222,269,70,8,1200,4.84285714286
293083,293233,293299,150,66,8,1200,3.27272727273
293343,293350,293414,7,64,8,1200,1.109375
293521,293528,322817,7,29289,1,604800,1.00023899758
293555,293562,327392,7,33830,1,604800,1.00020691694
293658,293666,305060,8,11394,1,604800,1.00070212392
293668,312278,313506,18610,1228,16,1200,16.154723127
293761,313518,314721,19757,1203,16,1200,17.4231088944
293790,314732,315940,20942,1208,16,1200,18.3360927152
293823,315953,317196,22130,1243,16,1200,18.8037007241
293868,316535,316544,22667,9,16,1200,2267.6
293909,316557,316562,22648,5,16,1200,2265.3
293967,316573,317796,22606,1223,16,1200,19.484055601
294009,317207,318440,23198,1233,16,1200,19.8142741281
294087,317807,319056,23720,1249,16,1200,19.9911929544
294149,318451,319696,24302,1245,16,1200,20.5196787149
294499,294505,294540,6,35,1,3600,1.17142857143
294596,294602,294832,6,230,1,604800,1.02608695652
294695,294701,294863,6,162,1,604800,1.03703703704
294729,294736,294836,7,100,1,600,1.07
294869,294923,294936,54,13,8,600,5.15384615385
294922,294949,309376,27,14427,8,14400,1.00187149095
294954,294960,295042,6,82,1,604800,1.07317073171
295027,295033,295381,6,348,1,604800,1.01724137931
295070,297582,312020,2512,14438,8,14400,1.17398531653
295109,297842,312263,2733,14421,8,14400,1.1895152902
295157,309389,323835,14232,14446,8,14400,1.98518621072
295181,295188,295383,7,195,1,604800,1.0358974359
297087,297094,901934,7,604840,3,604800,1.00001157331
297132,297847,902657,715,604810,3,604800,1.00118218945
297409,297415,300374,6,2959,2,7200,1.00202771206
297411,297421,300306,10,2885,2,7200,1.00346620451
297412,297426,300326,14,2900,2,7200,1.00482758621
297413,297432,300332,19,2900,2,7200,1.00655172414
297415,297437,300486,22,3049,2,7200,1.00721548049
297416,297443,300232,27,2789,2,7200,1.00968088921
297418,297449,300377,31,2928,2,7200,1.01058743169
297419,297454,300619,35,3165,2,7200,1.01105845182
297420,297459,300548,39,3089,2,7200,1.01262544513
297422,297465,300625,43,3160,2,7200,1.01360759494
297423,297470,300718,47,3248,2,7200,1.01447044335
297425,297475,300688,50,3213,2,7200,1.01556178027
297426,297481,300769,55,3288,2,7200,1.01672749392
297427,297486,300315,59,2829,2,7200,1.02085542595
297429,297491,300613,62,3122,2,7200,1.0198590647
297430,297497,300501,67,3004,2,7200,1.02230359521
297432,297502,300481,70,2979,2,7200,1.02349781806
297433,297507,300548,74,3041,2,7200,1.02433410062
297435,297513,300443,78,2930,2,7200,1.02662116041
297436,297518,300643,82,3125,2,7200,1.02624
297437,297523,300599,86,3076,2,7200,1.02795838752
297439,297530,300197,91,2667,2,7200,1.03412073491
297440,297536,300524,96,2988,2,7200,1.03212851406
297442,297541,300702,99,3161,2,7200,1.03131920278
297443,297546,300569,103,3023,2,7200,1.03407211379
297445,297552,300736,107,3184,2,7200,1.03360552764
297446,297557,300700,111,3143,2,7200,1.03531657652
297447,297562,300717,115,3155,2,7200,1.03645007924
297449,297568,300497,119,2929,2,7200,1.04062820075
297450,297573,300682,123,3109,2,7200,1.03956256031
297452,301149,304137,3697,2988,2,7200,2.23728246319
297454,304809,307700,7355,2891,2,7200,3.54410238672
297455,308433,311730,10978,3297,2,7200,4.3296936609
297457,308439,311623,10982,3184,2,7200,4.44912060302
297458,308444,311395,10986,2951,2,7200,4.72280582853
297459,308449,311585,10990,3136,2,7200,4.50446428571
297461,308455,311373,10994,2918,2,7200,4.76764907471
297462,312092,315081,14630,2989,2,7200,5.89461358314
297464,312098,315120,14634,3022,2,7200,5.84248841827
297465,312103,315163,14638,3060,2,7200,5.78366013072
297466,312108,314909,14642,2801,2,7200,6.22741877901
297468,312114,315482,14646,3368,2,7200,5.34857482185
297469,312119,315269,14650,3150,2,7200,5.65079365079
297471,312124,315174,14653,3050,2,7200,5.80426229508
297472,312130,315214,14658,3084,2,7200,5.75291828794
297474,312135,315217,14661,3082,2,7200,5.75697598962
297475,312140,314889,14665,2749,2,7200,6.33466715169
297476,312146,315039,14670,2893,2,7200,6.07086069824
297478,312151,315018,14673,2867,2,7200,6.11789326822
297479,312156,315168,14677,3012,2,7200,5.87284196547
297481,312162,315266,14681,3104,2,7200,5.72970360825
297482,312167,315259,14685,3092,2,7200,5.74935316947
297483,312172,315189,14689,3017,2,7200,5.86874378522
297485,312177,315071,14692,2894,2,7200,6.07671043538
297486,312183,315303,14697,3120,2,7200,5.71057692308
297488,312188,315294,14700,3106,2,7200,5.73277527366
297489,312193,315314,14704,3121,2,7200,5.71131047741
297491,312199,315339,14708,3140,2,7200,5.68407643312
297492,312204,315252,14712,3048,2,7200,5.82677165354
297493,312210,315190,14717,2980,2,7200,5.93859060403
297495,312215,315320,14720,3105,2,7200,5.74074074074
297496,312220,315330,14724,3110,2,7200,5.73440514469
297498,312226,315293,14728,3067,2,7200,5.8020867297
297499,312231,315425,14732,3194,2,7200,5.61239824671
297500,315704,318863,18204,3159,2,7200,6.76258309592
297502,319316,322307,21814,2991,2,7200,8.29321297225
297503,322950,326091,25447,3141,2,7200,9.10156001273
297505,326593,329753,29088,3160,2,7200,10.2050632911
297506,333809,336878,36303,3069,2,7200,12.8289345064
297507,337412,340518,39905,3106,2,7200,13.8477141017
297509,341035,343861,43526,2826,2,7200,16.4019815994
297510,344663,347702,47153,3039,2,7200,16.5159591971
297512,348315,351404,50803,3089,2,7200,17.4464227905
297513,348321,351504,50808,3183,2,7200,16.9622997172
297515,348326,351439,50811,3113,2,7200,17.3221972374
297775,309580,533654,11805,224074,8,604800,1.05268348849
300201,303832,306573,3631,2741,2,7200,2.32469901496
300234,303862,306760,3628,2898,2,7200,2.25189786059
300309,300315,303309,6,2994,2,7200,1.00200400802
300324,300330,303183,6,2853,2,7200,1.00210304942
300339,300345,303535,6,3190,2,7200,1.00188087774
300340,300352,303292,12,2940,2,7200,1.00408163265
300376,300382,303348,6,2966,2,7200,1.0020229265
300391,300397,303440,6,3043,2,7200,1.00197173842
300445,300451,303671,6,3220,2,7200,1.00186335404
300484,300490,303543,6,3053,2,7200,1.00196528005
300499,300505,303580,6,3075,2,7200,1.00195121951
300501,300511,303380,10,2869,2,7200,1.00348553503
300515,300522,303551,7,3029,2,7200,1.00231099373
300530,300536,303509,6,2973,2,7200,1.00201816347
300549,300555,303751,6,3196,2,7200,1.00187734668
300550,300562,303728,12,3166,2,7200,1.00379027164
300571,300577,303667,6,3090,2,7200,1.00194174757
300601,300607,303645,6,3038,2,7200,1.00197498354
300616,300622,304013,6,3391,2,7200,1.00176938956
300631,300637,303777,6,3140,2,7200,1.00191082803
300632,300643,303864,11,3221,2,7200,1.00341508848
300647,300653,303757,6,3104,2,7200,1.00193298969
300683,300689,303852,6,3163,2,7200,1.00189693329
300698,300704,303634,6,2930,2,7200,1.00204778157
300713,300719,303782,6,3063,2,7200,1.00195886386
300715,300725,303677,10,2952,2,7200,1.00338753388
300730,300736,303572,6,2836,2,7200,1.00211565585
300731,300742,303825,11,3083,2,7200,1.00356795329
300746,300752,304011,6,3259,2,7200,1.00184105554
300770,300776,304073,6,3297,2,7200,1.00181983621
303151,312273,316524,9122,4251,25,7200,3.14584803576
303188,303194,306121,6,2927,2,7200,1.00204988042
303293,306902,309710,3609,2808,2,7200,2.28525641026
303311,303317,306386,6,3069,2,7200,1.00195503421
303350,303356,306238,6,2882,2,7200,1.00208188758
303383,303389,306371,6,2982,2,7200,1.00201207243
303440,303446,306446,6,3000,2,7200,1.002
303509,303515,306256,6,2741,2,7200,1.00218898212
303536,303543,306496,7,2953,2,7200,1.00237047071
303551,303558,306695,7,3137,2,7200,1.0022314313
303553,303566,306782,13,3216,2,7200,1.00404228856
303574,303580,306550,6,2970,2,7200,1.00202020202
303589,303595,306724,6,3129,2,7200,1.00191754554
303637,303643,306645,6,3002,2,7200,1.00199866755
303652,303658,306713,6,3055,2,7200,1.00196399345
303669,303676,306795,7,3119,2,7200,1.00224430907
303684,303691,306550,7,2859,2,7200,1.00244840853
303686,303698,306766,12,3068,2,7200,1.00391134289
303731,303737,306855,6,3118,2,7200,1.00192431046
303752,303758,306834,6,3076,2,7200,1.00195058518
303767,303773,306579,6,2806,2,7200,1.00213827512
303782,303788,306767,6,2979,2,7200,1.00201409869
303783,303795,306682,12,2887,2,7200,1.00415656391
303825,307478,310460,3653,2982,2,7200,2.22501676727
303856,307484,310539,3628,3055,2,7200,2.1875613748
303870,303877,306891,7,3014,2,7200,1.00232249502
304012,304018,307059,6,3041,2,7200,1.00197303519
304027,304033,307210,6,3177,2,7200,1.00188857413
304075,304081,307167,6,3086,2,7200,1.00194426442
304139,304145,307340,6,3195,2,7200,1.00187793427
306123,309749,312669,3626,2920,2,7200,2.24178082192
306241,306247,309478,6,3231,2,7200,1.00185701021
306258,306264,309262,6,2998,2,7200,1.00200133422
306373,306379,309226,6,2847,2,7200,1.00210748156
306388,306394,309491,6,3097,2,7200,1.00193735873
306448,306454,309457,6,3003,2,7200,1.001998002
306499,306505,309645,6,3140,2,7200,1.00191082803
306553,306559,309560,6,3001,2,7200,1.00199933356
306555,306566,309780,11,3214,2,7200,1.00342252645
306575,306582,309536,7,2954,2,7200,1.00236966825
306590,306596,309808,6,3212,2,7200,1.00186799502
306647,306653,309286,6,2633,2,7200,1.00227876946
306683,306689,309738,6,3049,2,7200,1.00196785831
306698,306704,309758,6,3054,2,7200,1.00196463654
306713,306719,309794,6,3075,2,7200,1.00195121951
306728,306734,309503,6,2769,2,7200,1.00216684724
306761,306767,309708,6,2941,2,7200,1.00204012241
306776,306782,309641,6,2859,2,7200,1.00209863589
306777,306789,309970,12,3181,2,7200,1.00377239862
306793,306799,309779,6,2980,2,7200,1.00201342282
306807,306814,309845,7,3031,2,7200,1.00230946882
306837,306844,309984,7,3140,2,7200,1.00222929936
311740,311746,314742,6,2996,2,7200,1.00200267023
312278,312284,319969,6,7685,8,10800,1.0007807417
312319,316541,319833,4222,3292,8,10800,2.28250303767
312670,327226,330269,14556,3043,2,7200,5.78343739731
314744,314751,317746,7,2995,2,7200,1.00233722871
314892,314898,317918,6,3020,2,7200,1.00198675497
314910,314916,317823,6,2907,2,7200,1.00206398349
315021,315027,318142,6,3115,2,7200,1.00192616372
315042,315048,317980,6,2932,2,7200,1.00204638472
315072,315078,317888,6,2810,2,7200,1.00213523132
315087,315093,318117,6,3024,2,7200,1.00198412698
315123,315129,318158,6,3029,2,7200,1.00198085177
315165,315171,318199,6,3028,2,7200,1.00198150594
315180,315186,318226,6,3040,2,7200,1.00197368421
315182,315192,318142,10,2950,2,7200,1.00338983051
315197,315203,318092,6,2889,2,7200,1.0020768432
315198,315209,318234,11,3025,2,7200,1.00363636364
315216,315222,318181,6,2959,2,7200,1.00202771206
315231,315237,318336,6,3099,2,7200,1.00193610842
315255,315261,318194,6,2933,2,7200,1.00204568701
315271,315277,318288,6,3011,2,7200,1.00199269346
315272,315284,318323,12,3039,2,7200,1.00394866732
315273,315290,318229,17,2939,2,7200,1.00578428037
315295,315301,318140,6,2839,2,7200,1.00211342022
315296,315308,318380,12,3072,2,7200,1.00390625
315312,315318,318526,6,3208,2,7200,1.00187032419
315327,315332,318524,5,3192,2,7200,1.00156641604
315328,315339,318085,11,2746,2,7200,1.00400582666
315343,315349,318574,6,3225,2,7200,1.00186046512
315345,315356,318335,11,2979,2,7200,1.00369251427
315426,315432,318293,6,2861,2,7200,1.00209716882
315483,315489,318395,6,2906,2,7200,1.00206469374
315636,317099,317708,1463,609,4,7200,3.40229885057
317748,321381,324387,3633,3006,2,7200,2.20858283433
317827,317833,321033,6,3200,2,7200,1.001875
317890,317896,320821,6,2925,2,7200,1.00205128205
317920,317926,321098,6,3172,2,7200,1.00189155107
317983,317989,320900,6,2911,2,7200,1.00206114737
318085,318092,320873,7,2781,2,7200,1.00251708019
318100,318107,321030,7,2923,2,7200,1.00239479986
318118,318124,321210,6,3086,2,7200,1.00194426442
318143,318149,321099,6,2950,2,7200,1.00203389831
318144,318156,321195,12,3039,2,7200,1.00394866732
318145,318162,321304,17,3142,2,7200,1.00541056652
318160,318168,321120,8,2952,2,7200,1.0027100271
318181,318187,321218,6,3031,2,7200,1.0019795447
318196,318202,321195,6,2993,2,7200,1.00200467758
318211,318217,321216,6,2999,2,7200,1.00200066689
318229,318235,321235,6,3000,2,7200,1.002
318231,318241,321130,10,2889,2,7200,1.00346140533
318245,318252,321143,7,2891,2,7200,1.00242130751
318291,318297,321374,6,3077,2,7200,1.00194995125
318305,318312,321588,7,3276,2,7200,1.00213675214
318323,318329,321292,6,2963,2,7200,1.00202497469
318338,318344,321403,6,3059,2,7200,1.0019614253
318339,318352,321270,13,2918,2,7200,1.00445510624
318382,318388,321484,6,3096,2,7200,1.0019379845
318396,318403,321385,7,2982,2,7200,1.00234741784
318526,318532,321587,6,3055,2,7200,1.00196399345
318528,318538,321617,10,3079,2,7200,1.00324780773
318576,318582,321545,6,2963,2,7200,1.00202497469
318866,318872,321788,6,2916,2,7200,1.00205761317
320823,324487,327385,3664,2898,2,7200,2.26432022084
320874,320880,323895,6,3015,2,7200,1.00199004975
320901,320907,323866,6,2959,2,7200,1.00202771206
321031,321036,324090,5,3054,2,7200,1.00163719712
321045,321052,323909,7,2857,2,7200,1.00245012251
321100,321106,323998,6,2892,2,7200,1.0020746888
321101,321113,324270,12,3157,2,7200,1.00380107697
321122,321128,324172,6,3044,2,7200,1.00197109067
321137,321143,324017,6,2874,2,7200,1.00208768267
321151,321158,324055,7,2897,2,7200,1.00241629272
321197,321203,324395,6,3192,2,7200,1.00187969925
321198,321210,324073,12,2863,2,7200,1.00419140761
321213,321219,324060,6,2841,2,7200,1.00211193242
321228,321234,324136,6,2902,2,7200,1.00206753963
321230,321241,324213,11,2972,2,7200,1.00370121131
321244,321251,324341,7,3090,2,7200,1.00226537217
321271,321278,324319,7,3041,2,7200,1.00230187438
321293,321299,324241,6,2942,2,7200,1.00203942896
321308,321314,324287,6,2973,2,7200,1.00201816347
321377,321388,324396,11,3008,2,7200,1.00365691489
321392,321398,324483,6,3085,2,7200,1.00194489465
321407,325050,327966,3643,2916,2,7200,2.24931412894
321448,321454,321455,6,1,8,3600,1.0
321485,321491,324519,6,3028,2,7200,1.00198150594
321548,321555,324562,7,3007,2,7200,1.00232790156
321588,321594,324394,6,2800,2,7200,1.00214285714
321589,321601,324523,12,2922,2,7200,1.00410677618
321619,321625,324536,6,2911,2,7200,1.00206114737
321788,321794,324853,6,3059,2,7200,1.0019614253
322310,322316,325311,6,2995,2,7200,1.0020033389
322574,322580,322581,6,1,8,3600,1.0
323871,323877,326751,6,2874,2,7200,1.00208768267
323898,327524,330756,3626,3232,2,7200,2.12190594059
323913,323919,326847,6,2928,2,7200,1.00204918033
324001,324007,327114,6,3107,2,7200,1.00193112327
324019,324025,327015,6,2990,2,7200,1.00200668896
324058,324064,327190,6,3126,2,7200,1.0019193858
324073,324079,327179,6,3100,2,7200,1.00193548387
324087,324094,327231,7,3137,2,7200,1.0022314313
324102,324108,327053,6,2945,2,7200,1.00203735144
324138,324144,327084,6,2940,2,7200,1.00204081633
324174,324180,327516,6,3336,2,7200,1.00179856115
324216,324223,327217,7,2994,2,7200,1.00233800935
324244,324250,327123,6,2873,2,7200,1.00208840933
324271,324277,327276,6,2999,2,7200,1.00200066689
324288,324295,327233,7,2938,2,7200,1.00238257318
324322,324328,327112,6,2784,2,7200,1.00215517241
324343,324349,327447,6,3098,2,7200,1.00193673338
324388,324394,327360,6,2966,2,7200,1.0020229265
324403,324409,327462,6,3053,2,7200,1.00196528005
324404,324415,327073,11,2658,2,7200,1.00413844996
324406,324420,327335,14,2915,2,7200,1.00480274443
324484,328097,331195,3613,3098,2,7200,2.16623628147
324520,324527,327727,7,3200,2,7200,1.0021875
324536,324542,327760,6,3218,2,7200,1.00186451212
324550,324556,327446,6,2890,2,7200,1.00207612457
324565,324571,327543,6,2972,2,7200,1.00201884253
324855,324861,328023,6,3162,2,7200,1.00189753321
325313,332562,335579,7249,3017,2,7200,3.40271793172
325360,325366,325368,6,2,8,3600,1.0
326093,326099,329134,6,3035,2,7200,1.00197693575
326752,330404,333416,3652,3012,2,7200,2.21248339973
326848,326854,329885,6,3031,2,7200,1.0019795447
327017,327023,330075,6,3052,2,7200,1.00196592398
327056,327062,330188,6,3126,2,7200,1.0019193858
327074,327080,330276,6,3196,2,7200,1.00187734668
327089,327095,330087,6,2992,2,7200,1.00200534759
327113,327119,330009,6,2890,2,7200,1.00207612457
327128,327134,330149,6,3015,2,7200,1.00199004975
327129,327140,330092,11,2952,2,7200,1.00372628726
327181,327187,330284,6,3097,2,7200,1.00193735873
327195,327202,330084,7,2882,2,7200,1.00242886884
327219,330830,334002,3611,3172,2,7200,2.13839848676
327235,327241,330230,6,2989,2,7200,1.00200736032
327236,327247,330216,11,2969,2,7200,1.00370495116
327278,327284,330233,6,2949,2,7200,1.002034588
327338,327344,330662,6,3318,2,7200,1.00180831826
327362,327369,330329,7,2960,2,7200,1.00236486486
327387,327393,330439,6,3046,2,7200,1.00196979645
327447,327453,330463,6,3010,2,7200,1.00199335548
327448,327459,330610,11,3151,2,7200,1.00349095525
327464,327470,330459,6,2989,2,7200,1.00200736032
327518,331147,334207,3629,3060,2,7200,2.18594771242
327545,327551,330458,6,2907,2,7200,1.00206398349
327730,327737,330614,7,2877,2,7200,1.00243309002
327763,327770,330868,7,3098,2,7200,1.00225952227
327970,327976,331070,6,3094,2,7200,1.00193923723
328024,328030,330986,6,2956,2,7200,1.00202976996
329135,332751,335668,3616,2917,2,7200,2.2396297566
329755,329761,332679,6,2918,2,7200,1.00205620288
329888,329894,332785,6,2891,2,7200,1.00207540643
330011,330017,333037,6,3020,2,7200,1.00198675497
330077,330083,332865,6,2782,2,7200,1.00215672178
330093,330099,333030,6,2931,2,7200,1.00204708291
330094,330105,333030,11,2925,2,7200,1.00376068376
330095,330111,332936,16,2825,2,7200,1.00566371681
330150,330156,333294,6,3138,2,7200,1.00191204589
330189,330195,333256,6,3061,2,7200,1.00196014374
330219,330225,333308,6,3083,2,7200,1.00194615634
330234,330240,333264,6,3024,2,7200,1.00198412698
330236,330246,333361,10,3115,2,7200,1.00321027287
330272,330278,333422,6,3144,2,7200,1.00190839695
330287,330293,333379,6,3086,2,7200,1.00194426442
330288,330299,333204,11,2905,2,7200,1.00378657487
330331,330337,333554,6,3217,2,7200,1.0018650917
330442,334074,337061,3632,2987,2,7200,2.21593572146
330460,330467,333507,7,3040,2,7200,1.00230263158
330462,330473,333472,11,2999,2,7200,1.0036678893
330477,330483,333580,6,3097,2,7200,1.00193735873
330612,330619,333551,7,2932,2,7200,1.00238744884
330627,330634,333595,7,2961,2,7200,1.00236406619
330663,330670,333734,7,3064,2,7200,1.0022845953
330757,330763,333673,6,2910,2,7200,1.00206185567
330871,334527,337753,3656,3226,2,7200,2.13329200248
330989,330995,334113,6,3118,2,7200,1.00192431046
331074,331080,334118,6,3038,2,7200,1.00197498354
331197,338425,341156,7228,2731,2,7200,3.64664957891
332111,332117,332119,6,2,2,3540,1.0
332682,336293,339297,3611,3004,2,7200,2.20206391478
332788,336440,339513,3652,3073,2,7200,2.18841522942
332866,332872,335957,6,3085,2,7200,1.00194489465
332938,332944,336150,6,3206,2,7200,1.00187149095
333032,333038,336136,6,3098,2,7200,1.00193673338
333033,333044,336141,11,3097,2,7200,1.00355182435
333035,333050,336081,15,3031,2,7200,1.00494886176
333207,333213,336064,6,2851,2,7200,1.00210452473
333258,333264,336372,6,3108,2,7200,1.00193050193
333273,333279,336330,6,3051,2,7200,1.00196656834
333297,333303,336183,6,2880,2,7200,1.00208333333
333311,333318,336090,7,2772,2,7200,1.00252525253
333363,333369,336286,6,2917,2,7200,1.00205690778
333381,333387,336266,6,2879,2,7200,1.00208405696
333417,333423,336431,6,3008,2,7200,1.00199468085
333432,333438,336311,6,2873,2,7200,1.00208840933
333474,333480,336559,6,3079,2,7200,1.00194868464
333510,333516,336333,6,2817,2,7200,1.00212992545
333552,333558,336630,6,3072,2,7200,1.001953125
333567,333573,336659,6,3086,2,7200,1.00194426442
333582,333588,336517,6,2929,2,7200,1.00204848071
333597,333603,336486,6,2883,2,7200,1.00208116545
333675,333681,336791,6,3110,2,7200,1.00192926045
333735,333741,336613,6,2872,2,7200,1.00208913649
334004,341319,344280,7315,2961,2,7200,3.47044917258
334116,348593,351601,14477,3008,2,7200,5.81283244681
334131,334137,337132,6,2995,2,7200,1.0020033389
334209,334215,337395,6,3180,2,7200,1.00188679245
335582,339219,342137,3637,2918,2,7200,2.24640164496
335669,335675,338729,6,3054,2,7200,1.00196463654
335958,335964,339212,6,3248,2,7200,1.00184729064
336067,336073,339227,6,3154,2,7200,1.00190234623
336081,336088,339056,7,2968,2,7200,1.00235849057
336096,336102,339118,6,3016,2,7200,1.00198938992
336138,336145,339088,7,2943,2,7200,1.00237852531
336154,336160,339123,6,2963,2,7200,1.00202497469
336155,336166,339073,11,2907,2,7200,1.00378396973
336185,336191,339119,6,2928,2,7200,1.00204918033
336266,336272,339146,6,2874,2,7200,1.00208768267
336287,339915,343325,3628,3410,2,7200,2.06392961877
336314,336320,339355,6,3035,2,7200,1.00197693575
336332,336338,339511,6,3173,2,7200,1.00189095493
336347,336353,339348,6,2995,2,7200,1.0020033389
336374,336380,339404,6,3024,2,7200,1.00198412698
336434,340070,342938,3636,2868,2,7200,2.26778242678
336463,336469,396086,6,59617,4,86400,1.00010064243
336488,336494,339384,6,2890,2,7200,1.00207612457
336518,336524,339635,6,3111,2,7200,1.00192864031
336561,336567,339588,6,3021,2,7200,1.00198609732
336615,336621,339570,6,2949,2,7200,1.002034588
336633,336639,339908,6,3269,2,7200,1.00183542368
336660,336666,339685,6,3019,2,7200,1.00198741305
336793,336799,339921,6,3122,2,7200,1.00192184497
336880,336886,339995,6,3109,2,7200,1.00192988099
337064,337070,340100,6,3030,2,7200,1.00198019802
337133,337139,340406,6,3267,2,7200,1.00183654729
337398,337405,340306,7,2901,2,7200,1.00241296105
337754,348659,351560,10905,2901,2,7200,4.75904860393
338730,342340,345360,3610,3020,2,7200,2.19536423841
339058,342665,345738,3607,3073,2,7200,2.17377155874
339073,346367,349448,7294,3081,2,7200,3.36741317754
339091,350001,353048,10910,3047,2,7200,4.5805710535
339122,342788,345892,3666,3104,2,7200,2.18105670103
339123,339129,342082,6,2953,2,7200,1.00203183204
339138,339144,342113,6,2969,2,7200,1.00202088245
339153,339158,342201,5,3043,2,7200,1.00164311535
339213,353775,356881,14562,3106,2,7200,5.68834513844
339228,339234,342513,6,3279,2,7200,1.00182982617
339300,339306,342332,6,3026,2,7200,1.0019828156
339351,339357,342425,6,3068,2,7200,1.00195567145
339366,339372,342451,6,3079,2,7200,1.00194868464
339387,339393,342226,6,2833,2,7200,1.00211789622
339405,339411,342591,6,3180,2,7200,1.00188679245
339513,339520,342700,7,3180,2,7200,1.00220125786
339515,343122,346115,3607,2993,2,7200,2.20514533912
339572,339578,342703,6,3125,2,7200,1.00192
339590,339596,342528,6,2932,2,7200,1.00204638472
339638,339644,343057,6,3413,2,7200,1.00175798418
339686,339692,342896,6,3204,2,7200,1.00187265918
339909,339921,342893,12,2972,2,7200,1.00403768506
339924,339930,343128,6,3198,2,7200,1.00187617261
339996,340002,343107,6,3105,2,7200,1.00193236715
340102,343733,346707,3631,2974,2,7200,2.22091459314
340307,340313,343348,6,3035,2,7200,1.00197693575
340409,340415,343467,6,3052,2,7200,1.00196592398
340521,340527,343655,6,3128,2,7200,1.00191815857
341159,348421,351538,7262,3117,2,7200,3.32980429901
342084,345706,348586,3622,2880,2,7200,2.25763888889
342114,342120,345218,6,3098,2,7200,1.00193673338
342138,342144,345277,6,3133,2,7200,1.00191509735
342204,342210,345279,6,3069,2,7200,1.00195503421
342228,342235,345383,7,3148,2,7200,1.00222363405
342334,345976,348828,3642,2852,2,7200,2.27699859748
342427,342433,345757,6,3324,2,7200,1.00180505415
342454,342460,345425,6,2965,2,7200,1.00202360877
342514,342520,345628,6,3108,2,7200,1.00193050193
342529,342535,345579,6,3044,2,7200,1.00197109067
342592,342598,345705,6,3107,2,7200,1.00193112327
342701,357280,360223,14579,2943,2,7200,5.95378865104
342716,342722,345802,6,3080,2,7200,1.00194805195
342897,346550,349589,3653,3039,2,7200,2.20204014478
342898,342904,345892,6,2988,2,7200,1.00200803213
342940,342947,346054,7,3107,2,7200,1.00225297715
343043,343050,343051,7,1,2,3540,1.0
343058,343065,346233,7,3168,2,7200,1.00220959596
343109,343115,346240,6,3125,2,7200,1.00192
343130,346781,349804,3651,3023,2,7200,2.20774065498
343326,343332,346478,6,3146,2,7200,1.00190718373
343350,343356,346287,6,2931,2,7200,1.00204708291
343468,343474,346560,6,3086,2,7200,1.00194426442
343658,343664,346800,6,3136,2,7200,1.00191326531
343863,347516,350531,3653,3015,2,7200,2.21160862355
344281,344287,347380,6,3093,2,7200,1.00193986421
345221,348836,352107,3615,3271,2,7200,2.10516661571
345278,345284,348414,6,3130,2,7200,1.00191693291
345293,345299,348238,6,2939,2,7200,1.00204151072
345362,345368,348651,6,3283,2,7200,1.00182759671
345383,345389,348441,6,3052,2,7200,1.00196592398
345425,345432,348467,7,3035,2,7200,1.00230642504
345584,345590,348700,6,3110,2,7200,1.00192926045
345631,345637,348704,6,3067,2,7200,1.0019563091
345706,349322,352661,3616,3339,2,7200,2.08295896975
345739,345745,348780,6,3035,2,7200,1.00197693575
345760,345766,349081,6,3315,2,7200,1.00180995475
345805,345811,349021,6,3210,2,7200,1.00186915888
345896,345902,349026,6,3124,2,7200,1.0019206146
345897,345909,348910,12,3001,2,7200,1.00399866711
346057,349665,352668,3608,3003,2,7200,2.20146520147
346117,346124,349225,7,3101,2,7200,1.00225733634
346234,346241,349263,7,3022,2,7200,1.00231634679
346249,346255,349536,6,3281,2,7200,1.00182871076
346288,346300,349314,12,3014,2,7200,1.00398142004
346481,357385,360479,10904,3094,2,7200,4.52424046542
346563,357454,360473,10891,3019,2,7200,4.60748592249
346707,346713,349570,6,2857,2,7200,1.00210010501
346804,350416,353298,3612,2882,2,7200,2.253296322
347382,347388,350619,6,3231,2,7200,1.00185701021
347704,347710,350740,6,3030,2,7200,1.00198019802
348240,348246,351424,6,3178,2,7200,1.00188797986
348415,352029,355143,3614,3114,2,7200,2.16056518947
348442,348448,351505,6,3057,2,7200,1.00196270854
348469,348475,351361,6,2886,2,7200,1.00207900208
348587,355842,358990,7255,3148,2,7200,3.30463786531
348653,359530,362429,10877,2899,2,7200,4.75198344257
348701,348707,351749,6,3042,2,7200,1.00197238659
348716,348722,351783,6,3061,2,7200,1.00196014374
348782,348788,351845,6,3057,2,7200,1.00196270854
348830,352466,355442,3636,2976,2,7200,2.22177419355
348911,348918,351792,7,2874,2,7200,1.00243562978
349023,349029,351898,6,2869,2,7200,1.00209132102
349038,349044,351995,6,2951,2,7200,1.00203320908
349083,349089,351966,6,2877,2,7200,1.00208550574
349226,349232,352286,6,3054,2,7200,1.00196463654
349265,349271,352459,6,3188,2,7200,1.00188205772
349316,352947,355965,3631,3018,2,7200,2.20311464546
349449,349455,352486,6,3031,2,7200,1.0019795447
349539,349545,352809,6,3264,2,7200,1.00183823529
349572,349578,352521,6,2943,2,7200,1.00203873598
349590,349596,352572,6,2976,2,7200,1.00201612903
349807,353436,356271,3629,2835,2,7200,2.28007054674
350534,357766,360614,7232,2848,2,7200,3.5393258427
350621,350627,353699,6,3072,2,7200,1.001953125
350741,350748,353685,7,2937,2,7200,1.00238338441
351362,351368,354259,6,2891,2,7200,1.00207540643
351407,351413,354610,6,3197,2,7200,1.00187675946
351425,351431,354417,6,2986,2,7200,1.00200937709
351440,351446,354197,6,2751,2,7200,1.00218102508
351506,351513,354658,7,3145,2,7200,1.00222575517
351508,351520,354609,12,3089,2,7200,1.00388475235
351541,351547,354295,6,2748,2,7200,1.00218340611
351562,351568,354622,6,3054,2,7200,1.00196463654
351604,351610,354592,6,2982,2,7200,1.00201207243
351752,351758,354868,6,3110,2,7200,1.00192926045
351785,351791,355019,6,3228,2,7200,1.00185873606
351799,351806,354678,7,2872,2,7200,1.00243732591
351848,351854,354791,6,2937,2,7200,1.00204290092
351899,351905,354752,6,2847,2,7200,1.00210748156
351968,351974,354869,6,2895,2,7200,1.00207253886
351995,352002,355140,7,3138,2,7200,1.0022307202
352110,352126,355088,16,2962,2,7200,1.00540175557
352288,355920,358895,3632,2975,2,7200,2.22084033613
352460,359706,362739,7246,3033,2,7200,3.38905374217
352487,352493,355502,6,3009,2,7200,1.00199401795
352523,352529,355549,6,3020,2,7200,1.00198675497
352574,352581,355869,7,3288,2,7200,1.00212895377
352662,352668,355683,6,3015,2,7200,1.00199004975
352676,352683,355718,7,3035,2,7200,1.00230642504
352812,352818,355641,6,2823,2,7200,1.00212539851
353050,356702,359633,3652,2931,2,7200,2.24599112931
353300,353306,356172,6,2866,2,7200,1.00209351012
353686,360905,363797,7219,2892,2,7200,3.49619640387
353701,353707,356787,6,3080,2,7200,1.00194805195
354198,357828,360815,3630,2987,2,7200,2.21526615333
354261,354267,357379,6,3112,2,7200,1.00192802057
354282,354288,354295,6,7,1,3600,1.3
354297,354303,357280,6,2977,2,7200,1.0020154518
354400,354407,354534,7,127,1,3600,1.05511811024
354417,354424,357297,7,2873,2,7200,1.00243647755
354595,354602,357522,7,2920,2,7200,1.00239726027
354611,354617,357482,6,2865,2,7200,1.00209424084
354612,354624,357691,12,3067,2,7200,1.00391261819
354627,354633,357552,6,2919,2,7200,1.00205549846
354658,354664,354969,6,305,1,3600,1.01967213115
354660,354671,357824,11,3153,2,7200,1.00348874088
354681,354687,357632,6,2945,2,7200,1.00203735144
354753,354760,357633,7,2873,2,7200,1.00243647755
354793,354799,357819,6,3020,2,7200,1.00198675497
354871,354878,358011,7,3133,2,7200,1.00223428024
354873,354884,357787,11,2903,2,7200,1.0037891836
355020,355026,358127,6,3101,2,7200,1.00193485972
355090,355095,358097,5,3002,2,7200,1.0016655563
355141,355147,358278,6,3131,2,7200,1.00191632066
355156,355162,358382,6,3220,2,7200,1.00186335404
355196,355203,355836,7,633,1,3600,1.01105845182
355445,355451,358372,6,2921,2,7200,1.00205409106
355505,355511,358549,6,3038,2,7200,1.00197498354
355550,355557,358602,7,3045,2,7200,1.00229885057
355644,355650,358562,6,2912,2,7200,1.00206043956
355683,355689,358778,6,3089,2,7200,1.00194237617
355719,355725,358619,6,2894,2,7200,1.00207325501
355870,363154,366209,7284,3055,2,7200,3.38428805237
355966,355978,358885,12,2907,2,7200,1.00412796698
356174,363409,366141,7235,2732,2,7200,3.64824304539
356274,356280,359207,6,2927,2,7200,1.00204988042
356354,356360,356366,6,6,1,3600,1.2
356473,356479,356573,6,94,1,3600,1.06382978723
356697,356708,356991,11,283,1,3600,1.03886925795
356789,360400,363514,3611,3114,2,7200,2.15960179833
356882,356888,359788,6,2900,2,7200,1.00206896552
357274,357286,357847,12,561,1,3600,1.02139037433
357283,357292,360032,9,2740,2,7200,1.00328467153
357298,364514,367607,7216,3093,2,7200,3.33301002263
357379,364592,367679,7213,3087,2,7200,3.33657272433
357485,364725,368059,7240,3334,2,7200,3.17156568686
357524,357530,360509,6,2979,2,7200,1.00201409869
357554,357560,360612,6,3052,2,7200,1.00196592398
357632,357639,360697,7,3058,2,7200,1.00228907783
357647,357653,360522,6,2869,2,7200,1.00209132102
357692,357698,360489,6,2791,2,7200,1.00214976711
357789,361397,364406,3608,3009,2,7200,2.19906945829
357822,365072,368098,7250,3026,2,7200,3.3959021811
357837,357843,360681,6,2838,2,7200,1.0021141649
357889,357896,357904,7,8,1,1800,1.5
358012,358018,361113,6,3095,2,7200,1.00193861066
358065,358071,358147,6,76,1,1800,1.07894736842
358099,358105,361181,6,3076,2,7200,1.00195058518
358129,358135,361212,6,3077,2,7200,1.00194995125
358280,358286,361376,6,3090,2,7200,1.00194174757
358373,358379,361606,6,3227,2,7200,1.00185931205
358379,358385,358476,6,91,1,1800,1.06593406593
358388,358395,361476,7,3081,2,7200,1.00227198961
358551,358557,361606,6,3049,2,7200,1.00196785831
358566,358572,361490,6,2918,2,7200,1.00205620288
358605,358611,361708,6,3097,2,7200,1.00193735873
358620,358626,361811,6,3185,2,7200,1.00188383046
358779,358785,361777,6,2992,2,7200,1.00200534759
358888,358894,362100,6,3206,2,7200,1.00187149095
358902,358909,362069,7,3160,2,7200,1.00221518987
358966,358973,359341,7,368,1,1800,1.01902173913
358993,358999,362046,6,3047,2,7200,1.00196914998
359210,359216,362242,6,3026,2,7200,1.0019828156
359635,366884,370105,7249,3221,2,7200,3.25054330953
359792,370636,373908,10844,3272,2,7200,4.3141809291
359980,359987,359993,7,6,1,1800,1.3
360033,360039,362896,6,2857,2,7200,1.00210010501
360159,360166,360203,7,37,1,1800,1.18918918919
360225,360232,363386,7,3154,2,7200,1.00221940393
360438,360444,360516,6,72,1,1800,1.08333333333
360475,364102,367165,3627,3063,2,7200,2.18413320274
360491,360497,363400,6,2903,2,7200,1.00206682742
360492,360504,363754,12,3250,2,7200,1.00369230769
360510,360516,363843,6,3327,2,7200,1.00180342651
360525,360531,363439,6,2908,2,7200,1.00206327373
360615,360621,363519,6,2898,2,7200,1.00207039337
360617,360627,363678,10,3051,2,7200,1.0032776139
360683,360689,363610,6,2921,2,7200,1.00205409106
360698,360704,363723,6,3019,2,7200,1.00198741305
360818,360828,363628,10,2800,2,7200,1.00357142857
361114,368353,371445,7239,3092,2,7200,3.34120310479
361140,361146,361390,6,244,1,1800,1.02459016393
361183,361189,364248,6,3059,2,7200,1.0019614253
361213,361219,364506,6,3287,2,7200,1.00182537268
361379,361385,364524,6,3139,2,7200,1.00191143676
361478,368746,371954,7268,3208,2,7200,3.26558603491
361494,361500,364524,6,3024,2,7200,1.00198412698
361608,361615,364577,7,2962,2,7200,1.00236326806
361610,361622,364762,12,3140,2,7200,1.00382165605
361709,361715,364790,6,3075,2,7200,1.00195121951
361779,361785,364650,6,2865,2,7200,1.00209424084
361812,361823,364599,11,2776,2,7200,1.00396253602
362047,362053,365122,6,3069,2,7200,1.00195503421
362071,362077,365182,6,3105,2,7200,1.00193236715
362101,362113,365134,12,3021,2,7200,1.00397219464
362243,362249,365095,6,2846,2,7200,1.00210822207
362432,362438,365524,6,3086,2,7200,1.00194426442
362740,362746,365982,6,3236,2,7200,1.00185414091
362896,362903,366027,7,3124,2,7200,1.00224071703
363388,366995,370094,3607,3099,2,7200,2.1639238464
363402,374291,377259,10889,2968,2,7200,4.66880053908
363442,363448,366568,6,3120,2,7200,1.00192307692
363517,363523,366638,6,3115,2,7200,1.00192616372
363532,363538,366613,6,3075,2,7200,1.00195121951
363613,363620,366535,7,2915,2,7200,1.00240137221
363628,363634,366540,6,2906,2,7200,1.00206469374
363679,363686,366951,7,3265,2,7200,1.002143951
363725,363731,366709,6,2978,2,7200,1.00201477502
363755,363761,366949,6,3188,2,7200,1.00188205772
363800,363806,366706,6,2900,2,7200,1.00206896552
363845,363851,366586,6,2735,2,7200,1.00219378428
364249,367893,371170,3644,3277,2,7200,2.11199267623
364409,364415,367189,6,2774,2,7200,1.0021629416
364508,368173,371262,3665,3089,2,7200,2.18646811266
364523,364529,367431,6,2902,2,7200,1.00206753963
364524,364535,367443,11,2908,2,7200,1.0037826685
364579,364585,367705,6,3120,2,7200,1.00192307692
364600,375517,378665,10917,3148,2,7200,4.46791613723
364651,364657,367818,6,3161,2,7200,1.0018981335
364762,372027,375292,7265,3265,2,7200,3.22511485452
364793,364799,367763,6,2964,2,7200,1.0020242915
365097,372369,375380,7272,3011,2,7200,3.41514447028
365124,365131,368079,7,2948,2,7200,1.00237449118
365139,365145,368219,6,3074,2,7200,1.00195185426
365185,365191,367996,6,2805,2,7200,1.00213903743
365525,365531,368491,6,2960,2,7200,1.00202702703
365983,365989,368890,6,2901,2,7200,1.00206825233
366028,366034,368892,6,2858,2,7200,1.00209937019
366142,366149,369127,7,2978,2,7200,1.00235057085
366212,366217,369122,5,2905,2,7200,1.0017211704
366537,366543,369606,6,3063,2,7200,1.00195886386
366552,366558,369308,6,2750,2,7200,1.00218181818
366570,366576,369652,6,3076,2,7200,1.00195058518
366588,366594,369768,6,3174,2,7200,1.00189035917
366615,366621,369546,6,2925,2,7200,1.00205128205
366639,366645,369734,6,3089,2,7200,1.00194237617
366708,366718,369810,10,3092,2,7200,1.00323415265
366723,366735,369961,12,3226,2,7200,1.00371977681
366952,370607,373931,3655,3324,2,7200,2.0995788207
366954,366960,370035,6,3075,2,7200,1.00195121951
367168,370788,373737,3620,2949,2,7200,2.22753475754
367190,367196,370349,6,3153,2,7200,1.00190294957
367434,367440,370544,6,3104,2,7200,1.00193298969
367449,367455,370255,6,2800,2,7200,1.00214285714
367609,367615,370712,6,3097,2,7200,1.00193735873
367681,367687,370860,6,3173,2,7200,1.00189095493
367705,367711,370844,6,3133,2,7200,1.00191509735
367765,367771,370808,6,3037,2,7200,1.00197563385
367819,367826,371100,7,3274,2,7200,1.00213805742
367997,371605,374317,3608,2712,2,7200,2.33038348083
368061,368067,371252,6,3185,2,7200,1.00188383046
368082,368088,370909,6,2821,2,7200,1.00212690535
368100,368106,371078,6,2972,2,7200,1.00201884253
368220,379167,382060,10947,2893,2,7200,4.78396128586
368492,375729,378865,7237,3136,2,7200,3.30771683673
368893,372532,375671,3639,3139,2,7200,2.15928639694
368894,379775,382985,10881,3210,2,7200,4.38971962617
369123,369129,372096,6,2967,2,7200,1.00202224469
369138,369144,372168,6,3024,2,7200,1.00198412698
369309,369316,372459,7,3143,2,7200,1.00222717149
369547,369554,372698,7,3144,2,7200,1.0022264631
369608,369614,372675,6,3061,2,7200,1.00196014374
369653,369659,372565,6,2906,2,7200,1.00206469374
369734,369740,372616,6,2876,2,7200,1.00208623088
369770,369776,372844,6,3068,2,7200,1.00195567145
369812,369819,372575,7,2756,2,7200,1.00253991292
369963,369969,373022,6,3053,2,7200,1.00196528005
370038,370045,372972,7,2927,2,7200,1.00239152716
370096,370102,373059,6,2957,2,7200,1.00202908353
370110,370116,373269,6,3153,2,7200,1.00190294957
370255,370261,373291,6,3030,2,7200,1.00198019802
370352,370358,373490,6,3132,2,7200,1.00191570881
370544,370551,373404,7,2853,2,7200,1.00245355766
370713,377929,380918,7216,2989,2,7200,3.41418534627
370810,374421,377414,3611,2993,2,7200,2.20648179085
370846,370852,374120,6,3268,2,7200,1.00183598531
370861,370867,373958,6,3091,2,7200,1.00194111938
370912,370918,374283,6,3365,2,7200,1.00178306092
371081,371087,374149,6,3062,2,7200,1.00195950359
371102,371108,374139,6,3031,2,7200,1.0019795447
371171,371177,374319,6,3142,2,7200,1.00190961171
371252,371259,374351,7,3092,2,7200,1.00226390686
371267,371273,374395,6,3122,2,7200,1.00192184497
371448,371454,374411,6,2957,2,7200,1.00202908353
371954,379207,382195,7253,2988,2,7200,3.42737617135
372099,375735,378789,3636,3054,2,7200,2.1905697446
372171,372178,375097,7,2919,2,7200,1.00239808153
372461,376096,379198,3635,3102,2,7200,2.17182462927
372566,383466,386610,10900,3144,2,7200,4.46692111959
372581,372588,375512,7,2924,2,7200,1.00239398085
372617,372623,375672,6,3049,2,7200,1.00196785831
372674,372681,375808,7,3127,2,7200,1.00223856732
372701,372708,375721,7,3013,2,7200,1.00232326585
372846,372852,375913,6,3061,2,7200,1.00196014374
372972,372979,376018,7,3039,2,7200,1.00230338927
373023,373030,376198,7,3168,2,7200,1.00220959596
373060,373066,375992,6,2926,2,7200,1.002050581
373270,373277,376249,7,2972,2,7200,1.00235531629
373295,373301,376439,6,3138,2,7200,1.00191204589
373406,373412,376370,6,2958,2,7200,1.00202839757
373491,373497,376461,6,2964,2,7200,1.0020242915
373741,373747,376738,6,2991,2,7200,1.00200601805
373906,373914,376959,8,3045,2,7200,1.0026272578
373933,373948,376787,15,2839,2,7200,1.00528355055
373961,373972,377101,11,3129,2,7200,1.00351550016
374121,374127,377183,6,3056,2,7200,1.00196335079
374142,374148,377052,6,2904,2,7200,1.0020661157
374156,374163,377126,7,2963,2,7200,1.00236247047
374286,374298,377492,12,3194,2,7200,1.00375704446
374319,381588,384633,7269,3045,2,7200,3.38719211823
374321,374327,377328,6,3001,2,7200,1.00199933356
374354,374360,377728,6,3368,2,7200,1.00178147268
374396,374403,377462,7,3059,2,7200,1.00228832952
374414,381683,384547,7269,2864,2,7200,3.53805865922
375104,375109,378110,5,3001,2,7200,1.0016661113
375294,375300,378219,6,2919,2,7200,1.00205549846
375381,375387,378293,6,2906,2,7200,1.00206469374
375513,375524,378618,11,3094,2,7200,1.00355526826
375673,379288,382446,3615,3158,2,7200,2.14471184294
375675,386498,389375,10823,2877,2,7200,4.7619047619
375723,379357,382329,3634,2972,2,7200,2.22274562584
375810,375817,379031,7,3214,2,7200,1.00217797138
375916,375922,378873,6,2951,2,7200,1.00203320908
375994,376001,379179,7,3178,2,7200,1.00220264317
376021,376028,378967,7,2939,2,7200,1.0023817625
376199,387108,390245,10909,3137,2,7200,4.47752629901
376250,376257,378980,7,2723,2,7200,1.00257069409
376371,376377,379281,6,2904,2,7200,1.0020661157
376440,376446,379438,6,2992,2,7200,1.00200534759
376461,376467,379575,6,3108,2,7200,1.00193050193
376739,376745,379978,6,3233,2,7200,1.00185586143
376790,376796,379820,6,3024,2,7200,1.00198412698
376962,376968,380064,6,3096,2,7200,1.0019379845
377055,377061,380137,6,3076,2,7200,1.00195058518
377103,377109,380153,6,3044,2,7200,1.00197109067
377127,377135,379901,8,2766,2,7200,1.0028922632
377185,377191,380220,6,3029,2,7200,1.00198085177
377260,377266,380327,6,3061,2,7200,1.00196014374
377329,377336,380405,7,3069,2,7200,1.00228087325
377417,377423,380442,6,3019,2,7200,1.00198741305
377465,377471,380531,6,3060,2,7200,1.00196078431
377495,377501,380512,6,3011,2,7200,1.00199269346
377730,377737,380523,7,2786,2,7200,1.00251256281
378114,385370,388670,7256,3300,2,7200,3.19878787879
378222,378228,381211,6,2983,2,7200,1.00201139792
378294,378301,381510,7,3209,2,7200,1.00218136491
378620,378626,381611,6,2985,2,7200,1.00201005025
378668,378674,381970,6,3296,2,7200,1.00182038835
378791,378798,381884,7,3086,2,7200,1.00226830849
378867,378873,381864,6,2991,2,7200,1.00200601805
378882,378888,381911,6,3023,2,7200,1.00198478333
378969,378975,382110,6,3135,2,7200,1.0019138756
378984,378990,382082,6,3092,2,7200,1.00194049159
379032,379038,382037,6,2999,2,7200,1.00200066689
379180,382838,385770,3658,2932,2,7200,2.24761255116
379201,390134,393282,10933,3148,2,7200,4.47299872935
379282,393791,396786,14509,2995,2,7200,5.84440734558
379439,383049,386114,3610,3065,2,7200,2.17781402936
379578,379584,382701,6,3117,2,7200,1.00192492782
379822,390725,393844,10903,3119,2,7200,4.49567168964
379904,379910,382880,6,2970,2,7200,1.00202020202
379979,379986,383039,7,3053,2,7200,1.00229282673
380067,380073,383107,6,3034,2,7200,1.00197758734
380139,380145,383250,6,3105,2,7200,1.00193236715
380154,380160,383256,6,3096,2,7200,1.0019379845
380220,380226,383220,6,2994,2,7200,1.00200400802
380329,380335,383327,6,2992,2,7200,1.00200534759
380407,380413,383270,6,2857,2,7200,1.00210010501
380443,380449,383509,6,3060,2,7200,1.00196078431
380471,380478,466896,7,86418,1,86400,1.00008100164
380515,380522,383656,7,3134,2,7200,1.00223356733
380531,380537,383473,6,2936,2,7200,1.00204359673
380545,380552,383642,7,3090,2,7200,1.00226537217
380919,380925,383915,6,2990,2,7200,1.00200668896
381211,381217,384564,6,3347,2,7200,1.00179265013
381512,381519,384404,7,2885,2,7200,1.00242634315
381612,385241,388416,3629,3175,2,7200,2.14299212598
381865,385524,388291,3659,2767,2,7200,2.3223707987
381886,381892,384959,6,3067,2,7200,1.0019563091
381913,381919,385058,6,3139,2,7200,1.00191143676
381973,381979,384901,6,2922,2,7200,1.00205338809
382040,382046,385146,6,3100,2,7200,1.00193548387
382061,382067,384980,6,2913,2,7200,1.00205973223
382084,382091,385154,7,3063,2,7200,1.00228534117
382112,382118,385138,6,3020,2,7200,1.00198675497
382196,382202,385232,6,3030,2,7200,1.00198019802
382331,382337,385517,6,3180,2,7200,1.00188679245
382446,382452,385389,6,2937,2,7200,1.00204290092
382702,382708,385790,6,3082,2,7200,1.0019467878
382883,397423,398544,14540,1121,2,7200,13.9705619982
382985,382991,385935,6,2944,2,7200,1.00203804348
383042,386658,389617,3616,2959,2,7200,2.22203447111
383109,383115,386135,6,3020,2,7200,1.00198675497
383223,383229,386266,6,3037,2,7200,1.00197563385
383253,383259,386263,6,3004,2,7200,1.00199733688
383268,383274,386293,6,3019,2,7200,1.00198741305
383283,383289,386308,6,3019,2,7200,1.00198741305
383328,383335,386419,7,3084,2,7200,1.00226977951
383476,394354,397416,10878,3062,2,7200,4.55258001306
383509,383515,386650,6,3135,2,7200,1.0019138756
383645,383651,386677,6,3026,2,7200,1.0019828156
383660,383666,386527,6,2861,2,7200,1.00209716882
383916,383922,386908,6,2986,2,7200,1.00200937709
384407,384414,387562,7,3148,2,7200,1.00222363405
384549,384555,387567,6,3012,2,7200,1.00199203187
384567,384573,387566,6,2993,2,7200,1.00200467758
384636,384643,387954,7,3311,2,7200,1.0021141649
384904,384910,387842,6,2932,2,7200,1.00204638472
384961,384968,388114,7,3146,2,7200,1.00222504768
384982,384989,387809,7,2820,2,7200,1.0024822695
385061,385067,388119,6,3052,2,7200,1.00196592398
385139,385145,388232,6,3087,2,7200,1.0019436346
385154,385160,388414,6,3254,2,7200,1.00184388445
385169,385175,388128,6,2953,2,7200,1.00203183204
385235,388859,392036,3624,3177,2,7200,2.14069877243
385392,389003,391930,3611,2927,2,7200,2.2336863683
385519,385531,388457,12,2926,2,7200,1.004101162
385688,385694,385714,6,20,1,610,1.3
385772,389383,392374,3611,2991,2,7200,2.20728853226
385793,385799,388759,6,2960,2,7200,1.00202702703
385938,385944,388996,6,3052,2,7200,1.00196592398
386116,386121,388851,5,2730,2,7200,1.00183150183
386137,386143,388807,6,2664,2,7200,1.00225225225
386263,386269,389194,6,2925,2,7200,1.00205128205
386278,386284,389325,6,3041,2,7200,1.00197303519
386296,386302,389358,6,3056,2,7200,1.00196335079
386311,386317,389235,6,2918,2,7200,1.00205620288
386422,386429,389544,7,3115,2,7200,1.00224719101
386528,397430,398544,10902,1114,2,7200,10.7863554758
386612,386619,389683,7,3064,2,7200,1.0022845953
386652,390317,393331,3665,3014,2,7200,2.21599203716
386679,386685,389997,6,3312,2,7200,1.0018115942
386911,386917,389828,6,2911,2,7200,1.00206114737
387563,391197,394156,3634,2959,2,7200,2.2281176073
387578,387584,390468,6,2884,2,7200,1.00208044383
387580,387591,390790,11,3199,2,7200,1.00343857455
387812,387818,390837,6,3019,2,7200,1.00198741305
387845,387851,390853,6,3002,2,7200,1.00199866755
387928,387934,387936,6,2,1,610,1.0
387956,387962,391188,6,3226,2,7200,1.00185988841
388116,388122,391135,6,3013,2,7200,1.00199137073
388131,388137,391295,6,3158,2,7200,1.00189993667
388132,388144,391041,12,2897,2,7200,1.00414221609
388235,388241,391087,6,2846,2,7200,1.00210822207
388285,388291,388292,6,1,1,610,1.0
388292,388298,391266,6,2968,2,7200,1.00202156334
388416,388422,391439,6,3017,2,7200,1.00198873053
388430,388437,391418,7,2981,2,7200,1.0023482053
388461,388467,391521,6,3054,2,7200,1.00196463654
388671,388678,391593,7,2915,2,7200,1.00240137221
388762,388768,391815,6,3047,2,7200,1.00196914998
388810,388816,391893,6,3077,2,7200,1.00194995125
388852,392462,395317,3610,2855,2,7200,2.26444833625
388997,392622,395590,3625,2968,2,7200,2.22136118598
389061,389068,389133,7,65,1,3600,1.10769230769
389156,389163,390209,7,1046,1,3600,1.00669216061
389196,389202,391988,6,2786,2,7200,1.00215362527
389238,389244,392276,6,3032,2,7200,1.00197889182
389325,389332,392456,7,3124,2,7200,1.00224071703
389358,389365,392430,7,3065,2,7200,1.00228384992
389376,393027,395941,3651,2914,2,7200,2.25291695264
389545,389551,392408,6,2857,2,7200,1.00210010501
389620,389627,392544,7,2917,2,7200,1.00239972575
389684,389690,392704,6,3014,2,7200,1.00199071002
389828,389835,392890,7,3055,2,7200,1.0022913257
390000,390006,393157,6,3151,2,7200,1.00190415741
390247,393858,397097,3611,3239,2,7200,2.11485026243
390467,394078,397028,3611,2950,2,7200,2.22406779661
390793,398053,398544,7260,491,2,7200,15.7861507128
390838,390844,394021,6,3177,2,7200,1.00188857413
390856,390862,393819,6,2957,2,7200,1.00202908353
391043,391049,393874,6,2825,2,7200,1.00212389381
391088,391094,394069,6,2975,2,7200,1.00201680672
391136,391142,394081,6,2939,2,7200,1.00204151072
391191,394816,397860,3625,3044,2,7200,2.19086727989
391269,391275,393933,6,2658,2,7200,1.00225733634
391296,391302,394515,6,3213,2,7200,1.00186741363
391419,391425,394569,6,3144,2,7200,1.00190839695
391440,391446,394599,6,3153,2,7200,1.00190294957
391522,391528,394576,6,3048,2,7200,1.00196850394
391594,391600,394687,6,3087,2,7200,1.0019436346
391817,391823,394962,6,3139,2,7200,1.00191143676
391896,391902,394809,6,2907,2,7200,1.00206398349
391932,391938,394839,6,2901,2,7200,1.00206825233
391989,391995,395165,6,3170,2,7200,1.00189274448
392037,392044,395488,7,3444,2,7200,1.00203252033
392279,392285,395324,6,3039,2,7200,1.00197433366
392375,392381,395466,6,3085,2,7200,1.00194489465
392411,392417,395260,6,2843,2,7200,1.00211044671
392432,392438,395595,6,3157,2,7200,1.00190053849
392456,396072,398544,3616,2472,2,7200,2.46278317152
392547,392553,395473,6,2920,2,7200,1.00205479452
392707,396331,398544,3624,2213,2,7200,2.6375960235
392890,392897,395994,7,3097,2,7200,1.00226025186
393159,396790,398544,3631,1754,2,7200,3.07012542759
393285,393292,396532,7,3240,2,7200,1.00216049383
393334,393340,396136,6,2796,2,7200,1.00214592275
393423,393430,396787,7,3357,4,108000,1.00208519511
393448,393455,397130,7,3675,4,108000,1.0019047619
393480,393486,397278,6,3792,4,108000,1.00158227848
393507,393513,397047,6,3534,4,108000,1.00169779287
393530,393537,396969,7,3432,4,108000,1.00203962704
393558,393564,397293,6,3729,4,108000,1.00160901046
393585,393593,397287,8,3694,4,108000,1.00216567407
393612,393620,396778,8,3158,4,108000,1.00253324889
393637,393643,396541,6,2898,4,108000,1.00207039337
393657,393664,397209,7,3545,4,108000,1.00197461213
393846,393852,396688,6,2836,2,7200,1.00211565585
393876,397527,398544,3651,1017,2,7200,4.58997050147
393936,393942,397098,6,3156,2,7200,1.00190114068
394024,394030,397127,6,3097,2,7200,1.00193735873
394072,397680,398544,3608,864,2,7200,5.17592592593
394087,394093,397168,6,3075,2,7200,1.00195121951
394159,394165,397033,6,2868,2,7200,1.00209205021
394573,394579,397545,6,2966,2,7200,1.0020229265
394587,394594,397454,7,2860,2,7200,1.00244755245
394602,394608,397813,6,3205,2,7200,1.00187207488
394690,394696,397855,6,3159,2,7200,1.00189933523
394810,398455,398546,3645,91,2,7200,41.0549450549
394840,394846,397830,6,2984,2,7200,1.00201072386
394964,394970,397977,6,3007,2,7200,1.0019953442
395169,395175,398138,6,2963,2,7200,1.00202497469
395259,395265,398386,6,3121,2,7200,1.00192246075
395320,395326,398182,6,2856,2,7200,1.00210084034
395334,395340,398446,6,3106,2,7200,1.00193174501
395467,395473,398531,6,3058,2,7200,1.00196206671
395482,395488,398544,6,3056,2,7200,1.00196335079
395496,395503,398544,7,3041,2,7200,1.00230187438
395593,395599,398478,6,2879,2,7200,1.00208405696
395608,395614,398544,6,2930,2,7200,1.00204778157
395942,395948,398544,6,2596,2,7200,1.00231124807
395997,396003,398544,6,2541,2,7200,1.00236127509
396690,396696,398544,6,1848,2,7200,1.00324675325
396789,396797,398544,8,1747,2,7200,1.00457927876
397045,397051,398544,6,1493,2,7200,1.00401875419
397099,397106,398544,7,1438,2,7200,1.00486787204
397101,397113,398544,12,1431,2,7200,1.00838574423
397128,397134,398544,6,1410,2,7200,1.00425531915
397170,397176,398544,6,1368,2,7200,1.00438596491
397830,397837,398545,7,708,2,7200,1.00988700565
397858,397864,398545,6,681,2,7200,1.00881057269
397872,397879,398545,7,666,2,7200,1.01051051051
397978,397984,398545,6,561,2,7200,1.01069518717
398183,398189,398545,6,356,2,7200,1.01685393258
398388,398394,398545,6,151,2,7200,1.03973509934
398568,398574,406695,6,8121,5,86400,1.00073882527
398579,398590,406784,11,8194,5,86400,1.00134244569
398579,398585,406700,6,8115,5,86400,1.00073937153
398590,398597,406785,7,8188,5,86400,1.00085490962
398591,398603,406702,12,8099,5,86400,1.0014816644
398805,398811,470945,6,72134,5,86400,1.00008317853
398806,398818,470945,12,72127,5,86400,1.0001663732
398817,398831,470945,14,72114,5,86400,1.00019413706
398817,398825,470945,8,72120,5,86400,1.00011092623
398828,398837,470945,9,72108,5,86400,1.00012481278
398959,398965,402228,6,3263,5,86400,1.00183879865
398960,398972,402304,12,3332,5,86400,1.00360144058
398971,398979,402339,8,3360,5,86400,1.00238095238
398971,398985,403616,14,4631,5,86400,1.00302310516
398982,398991,402314,9,3323,5,86400,1.00270839603
403602,403609,404203,7,594,1,3600,1.01178451178
405196,405203,406965,7,1762,1,3600,1.00397275823
405498,405504,475496,6,69992,5,604800,1.00008572408
405523,405529,445922,6,40393,5,604800,1.00014854059
405561,405567,411454,6,5887,5,604800,1.00101919484
405603,405610,406675,7,1065,5,604800,1.00657276995
405638,405645,428929,7,23284,10,604800,1.00030063563
405673,405680,416837,7,11157,5,604800,1.0006274088
405713,405720,407052,7,1332,10,604800,1.00525525526
406998,407004,483776,6,76772,10,86400,1.00007815349
407767,407775,407776,8,1,9,172800,1.0
407871,407878,564977,7,157099,3,259200,1.00004455789
408653,408660,408758,7,98,1,3600,1.07142857143
412595,412601,420704,6,8103,5,86400,1.00074046649
412596,412608,420807,12,8199,5,86400,1.00146359312
412607,412621,420794,14,8173,5,86400,1.0017129573
412607,412615,420732,8,8117,5,86400,1.00098558581
412618,412627,420858,9,8231,5,86400,1.00109342729
412628,412634,415904,6,3270,5,86400,1.00183486239
412629,412641,415935,12,3294,5,86400,1.00364298725
412640,412647,415953,7,3306,5,86400,1.00211736237
412640,412652,415975,12,3323,5,86400,1.0036111947
412651,412659,416027,8,3368,5,86400,1.00237529691
413711,413718,413725,7,7,8,3600,1.4
414899,414911,415957,12,1046,8,3600,1.01147227533
414926,414932,418571,6,3639,8,3600,1.00164880462
415089,415097,418731,8,3634,8,3600,1.00220143093
415160,415168,415204,8,36,8,600,1.22222222222
415291,415298,418923,7,3625,8,3600,1.00193103448
415633,415640,415678,7,38,8,600,1.18421052632
416146,416153,416162,7,9,8,14400,1.6
416464,416470,426073,6,9603,8,28800,1.00062480475
416998,417009,417178,11,169,5,86400,1.0650887574
416998,417004,417178,6,174,5,86400,1.03448275862
417009,417016,417178,7,162,5,86400,1.04320987654
417010,417021,417178,11,157,5,86400,1.07006369427
417020,417028,417178,8,150,5,86400,1.05333333333
417211,417217,425327,6,8110,5,86400,1.00073982737
417212,417223,425386,11,8163,5,86400,1.0013475438
417222,417229,425326,7,8097,5,86400,1.00086451772
417223,417234,425333,11,8099,5,86400,1.00135819237
417234,417240,425307,6,8067,5,86400,1.00074377092
417813,417819,417851,6,32,8,600,1.1875
418518,418523,418525,5,2,2,3540,1.0
418560,418566,421235,6,2669,5,9000,1.00224803297
418560,420715,423468,2155,2753,5,9000,1.78278241918
420042,420049,420487,7,438,5,604800,1.01598173516
420060,420066,425566,6,5500,5,604800,1.00109090909
420083,420090,420190,7,100,10,604800,1.07
420101,420107,420261,6,154,5,604800,1.03896103896
420116,420122,420276,6,154,5,604800,1.03896103896
420139,420146,420313,7,167,5,604800,1.04191616766
420153,420159,420317,6,158,5,604800,1.03797468354
420176,420182,420333,6,151,5,604800,1.03973509934
420249,420255,420348,6,93,10,28800,1.06451612903
420274,420280,420413,6,133,10,28800,1.04511278195
420293,420300,420391,7,91,10,28800,1.07692307692
420311,420317,420447,6,130,10,604800,1.04615384615
420330,420336,420427,6,91,10,28800,1.06593406593
420712,420743,423374,31,2631,5,9000,1.01178259217
420733,420805,423544,72,2739,5,9000,1.02628696605
420750,420757,429540,7,8783,32,86400,1.00079699419
420795,420819,423384,24,2565,5,9000,1.00935672515
420816,420870,423144,54,2274,5,9000,1.02374670185
420868,421246,423863,378,2617,5,9000,1.1444401987
421238,423155,425088,1917,1933,5,9000,1.99172271081
423145,423385,425597,240,2212,5,9000,1.10849909584
423381,423395,426107,14,2712,5,9000,1.00516224189
423392,423480,425508,88,2028,5,9000,1.04339250493
423474,423555,425592,81,2037,5,9000,1.03976435935
423547,423875,426466,328,2591,5,9000,1.1265920494
423865,425099,427225,1234,2126,5,9000,1.58043273754
425095,425319,427795,224,2476,5,9000,1.09046849758
425118,425126,641136,8,216010,4,216000,1.00003703532
425176,425182,480182,6,55000,4,216000,1.00010909091
425240,425246,641265,6,216019,4,216000,1.00002777533
425311,425338,427579,27,2241,5,9000,1.01204819277
425332,425343,427247,11,1904,5,9000,1.00577731092
425343,425350,427766,7,2416,5,9000,1.00289735099
425343,425397,427783,54,2386,5,9000,1.02263202012
425395,425519,428256,124,2737,5,9000,1.04530507855
425509,425604,428161,95,2557,5,9000,1.03715291357
425601,425611,428042,10,2431,5,9000,1.00411353353
425602,426118,428797,516,2679,5,9000,1.19260918253
426115,426477,428984,362,2507,5,9000,1.14439569206
426474,427236,429905,762,2669,5,9000,1.28550018734
427233,427258,429980,25,2722,5,9000,1.00918442322
427254,427794,429848,540,2054,5,9000,1.26290165531
427367,427375,432877,8,5502,5,604800,1.00145401672
427583,427591,430108,8,2517,5,9000,1.00317838697
427768,427777,430334,9,2557,5,9000,1.00351974971
427789,427806,429834,17,2028,5,9000,1.008382643
427799,428053,429911,254,1858,5,9000,1.13670613563
428046,428172,430556,126,2384,5,9000,1.05285234899
428169,428267,430636,98,2369,5,9000,1.04136766568
428262,428809,430898,547,2089,5,9000,1.26184777405
428806,428996,431214,190,2218,5,9000,1.08566275924
428991,429845,431876,854,2031,5,9000,1.42048252093
429299,429306,430314,7,1008,10,604800,1.00694444444
429414,429422,429423,8,1,2,3540,1.0
429842,429858,432555,16,2697,5,9000,1.00593251761
429852,429916,432535,64,2619,5,9000,1.02443680794
429915,429991,432103,76,2112,5,9000,1.03598484848
429915,429923,432650,8,2727,5,9000,1.0029336267
429987,430119,432124,132,2005,5,9000,1.06583541147
430111,430345,432976,234,2631,5,9000,1.0889395667
430337,430567,432629,230,2062,5,9000,1.11154219205
430556,430648,432552,92,1904,5,9000,1.04831932773
430643,430910,433533,267,2623,5,9000,1.1017918414
430676,430683,438342,7,7659,8,10800,1.00091395744
430901,431225,433550,324,2325,5,9000,1.13935483871
431219,431888,434473,669,2585,5,9000,1.25880077369
431886,432117,434315,231,2198,5,9000,1.1050955414
432112,432136,434512,24,2376,5,9000,1.0101010101
432133,432547,434446,414,1899,5,9000,1.21800947867
432543,432563,434735,20,2172,5,9000,1.00920810313
432554,432569,434904,15,2335,5,9000,1.00642398287
432564,432640,435204,76,2564,5,9000,1.02964118565
432637,432661,434495,24,1834,5,9000,1.01308615049
432658,432988,435278,330,2290,5,9000,1.14410480349
432986,433544,435825,558,2281,5,9000,1.24462954844
433158,433164,433644,6,480,1,3600,1.0125
433540,433561,436311,21,2750,5,9000,1.00763636364
433561,434457,437202,896,2745,5,9000,1.32641165756
433712,433718,434271,6,553,10,172800,1.01084990958
434319,434326,437021,7,2695,5,9000,1.0025974026
434453,434485,437165,32,2680,5,9000,1.01194029851
434474,434507,436500,33,1993,5,9000,1.01655795283
434505,434524,436530,19,2006,5,9000,1.00947158524
434516,434746,437296,230,2550,5,9000,1.09019607843
434742,434916,437364,174,2448,5,9000,1.07107843137
434906,435215,437312,309,2097,5,9000,1.14735336195
435030,435036,606181,6,171145,10,172800,1.00003505799
435214,435289,437332,75,2043,5,9000,1.03671071953
435286,435836,437821,550,1985,5,9000,1.27707808564
435830,436323,438228,493,1905,5,9000,1.25879265092
436312,436511,438643,199,2132,5,9000,1.09333958724
436507,436542,438970,35,2428,5,9000,1.01441515651
436538,437032,439720,494,2688,5,9000,1.1837797619
437030,437177,439414,147,2237,5,9000,1.06571300849
437174,437213,439912,39,2699,5,9000,1.01444979622
437206,437307,439977,101,2670,5,9000,1.03782771536
437298,437323,439996,25,2673,5,9000,1.00935278713
437319,437343,439566,24,2223,5,9000,1.01079622132
437340,437376,439387,36,2011,5,9000,1.01790154152
437372,437832,440596,460,2764,5,9000,1.16642547033
437823,438239,440208,416,1969,5,9000,1.21127475876
438233,438654,440603,421,1949,5,9000,1.21600820934
438653,438982,441751,329,2769,5,9000,1.11881545684
438971,439398,442214,427,2816,5,9000,1.15163352273
439392,439426,441545,34,2119,5,9000,1.01604530439
439423,439578,441534,155,1956,5,9000,1.07924335378
439567,439732,441789,165,2057,5,9000,1.08021390374
439721,439923,442511,202,2588,5,9000,1.07805255023
439917,439988,442836,71,2848,5,9000,1.02492977528
439979,440008,442563,29,2555,5,9000,1.01135029354
440000,440219,442904,219,2685,5,9000,1.08156424581
440217,440607,442753,390,2146,5,9000,1.1817334576
440606,440614,443334,8,2720,5,9000,1.00294117647
440607,441545,444085,938,2540,5,9000,1.36929133858
440678,440686,444294,8,3608,1,3600,1.0022172949
441540,441556,443981,16,2425,5,9000,1.00659793814
441551,441762,444230,211,2468,5,9000,1.08549432739
441756,441801,443997,45,2196,5,9000,1.02049180328
441797,442226,444563,429,2337,5,9000,1.18356867779
442218,442522,445143,304,2621,5,9000,1.11598626478
442515,442574,444777,59,2203,5,9000,1.02678166137
442567,442764,444937,197,2173,5,9000,1.09065807639
442762,442847,444849,85,2002,5,9000,1.04245754246
442842,442915,447689,73,4774,5,9000,1.01529116045
442914,443345,448009,431,4664,5,9000,1.09240994854
443335,444009,448468,674,4459,5,9000,1.15115496748
443982,443992,448649,10,4657,5,9000,1.00214730513
444003,444096,448543,93,4447,5,9000,1.02091297504
444085,444241,448228,156,3987,5,9000,1.03912716328
444240,444574,450657,334,6083,5,9000,1.0549071182
444277,444283,444290,6,7,1,1800,1.3
444400,444407,444538,7,131,1,3600,1.0534351145
444447,444454,444533,7,79,1,1800,1.08860759494
444569,444789,448422,220,3633,5,9000,1.06055601431
444666,444673,444975,7,302,1,3600,1.02317880795
444775,444782,444872,7,90,1,1800,1.07777777778
444784,444860,449038,76,4178,5,9000,1.01819052178
444857,445154,449796,297,4642,5,9000,1.06398104265
444940,444948,448609,8,3661,5,9000,1.0021851953
445145,447700,451380,2555,3680,5,9000,1.69429347826
445206,445214,445839,8,625,1,3600,1.0128
445379,445385,445751,6,366,1,1800,1.01639344262
446352,446358,446364,6,6,1,3600,1.2
446413,446420,446426,7,6,1,1800,1.3
446470,446477,446572,7,95,1,3600,1.07368421053
446589,446596,446639,7,43,1,1800,1.16279069767
446701,446707,446997,6,290,1,3600,1.02068965517
446883,446890,446971,7,81,1,1800,1.08641975309
447284,447290,447812,6,522,1,3600,1.01149425287
447607,447613,447859,6,246,1,1800,1.0243902439
447695,448021,452718,326,4697,5,9000,1.06940600383
448015,448239,452218,224,3979,5,9000,1.05629555165
448231,448434,452815,203,4381,5,9000,1.04633645286
448426,448479,452567,53,4088,5,9000,1.01296477495
448478,448555,452106,77,3551,5,9000,1.02168403267
448550,448621,453327,71,4706,5,9000,1.01508712282
448612,448660,452869,48,4209,5,9000,1.011404134
448653,449049,454904,396,5855,5,9000,1.06763450043
449043,449807,454302,764,4495,5,9000,1.16996662959
449802,450668,454849,866,4181,5,9000,1.20712748146
450663,451391,455895,728,4504,5,9000,1.16163410302
451381,452117,456368,736,4251,5,9000,1.17313573277
452109,452578,457392,469,4814,5,9000,1.09742417948
452222,452230,456717,8,4487,5,9000,1.00178292846
452314,452322,452370,8,48,1,1800,1.16666666667
452571,452730,456371,159,3641,5,9000,1.04366932161
452653,452659,452733,6,74,1,1800,1.08108108108
452657,452667,452704,10,37,4,14400,1.27027027027
452708,452714,453129,6,415,4,14400,1.01445783133
452725,452826,456964,101,4138,5,9000,1.02440792653
452818,453338,457533,520,4195,5,9000,1.12395709178
452870,452880,456630,10,3750,5,9000,1.00266666667
453044,453050,461765,6,8715,1,14400,1.00068846816
453331,454860,458310,1529,3450,5,9000,1.4431884058
453493,453500,453757,7,257,1,1800,1.02723735409
454305,454314,458260,9,3946,5,9000,1.00228079067
454859,454915,458742,56,3827,5,9000,1.0146328717
454910,455906,459454,996,3548,5,9000,1.28072153326
455905,456380,460563,475,4183,5,9000,1.11355486493
456376,456387,460107,11,3720,5,9000,1.00295698925
456377,456642,461451,265,4809,5,9000,1.05510501144
456633,456728,461118,95,4390,5,9000,1.02164009112
456726,456975,461871,249,4896,5,9000,1.05085784314
456972,457403,461099,431,3696,5,9000,1.11661255411
457393,457545,461166,152,3621,5,9000,1.04197735432
457537,458271,462676,734,4405,5,9000,1.16662883087
458264,458322,462087,58,3765,5,9000,1.01540504648
458316,458753,462479,437,3726,5,9000,1.11728395062
458747,459465,464097,718,4632,5,9000,1.15500863558
459454,460576,464935,1122,4359,5,9000,1.25739848589
460110,460119,464823,9,4704,5,9000,1.00191326531
460406,460413,461480,7,1067,2,14400,1.00656044986
460572,461111,465488,539,4377,5,9000,1.12314370573
461105,461129,465474,24,4345,5,9000,1.00552359033
461126,461180,464718,54,3538,5,9000,1.01526286037
461140,461148,474989,8,13841,8,14400,1.00057799292
461168,461462,465521,294,4059,5,9000,1.07243163341
461437,461443,475869,6,14426,8,14400,1.00041591571
461455,461882,465972,427,4090,5,9000,1.104400978
461486,461493,461566,7,73,4,14400,1.09589041096
461580,461587,461608,7,21,4,28800,1.33333333333
461631,461637,462065,6,428,4,28800,1.01401869159
461876,462687,466927,811,4240,5,9000,1.19127358491
462083,462089,462094,6,5,8,28800,1.1
462091,462099,465327,8,3228,5,9000,1.00247831475
462102,462110,462501,8,391,4,14400,1.02046035806
462260,462266,462271,6,5,8,28800,1.1
462378,462384,479810,6,17426,8,28800,1.0003443131
462481,462490,466673,9,4183,5,9000,1.00215156586
462514,462520,469042,6,6522,4,28800,1.0009199632
462514,469055,469199,6541,144,4,28800,46.4236111111
462515,469211,469277,6696,66,4,28800,102.454545455
462516,469290,469342,6774,52,4,28800,131.269230769
462516,469354,469407,6838,53,4,28800,130.018867925
462517,469418,469529,6901,111,4,28800,63.1711711712
462518,469535,469588,7017,53,4,28800,133.396226415
462519,469594,469648,7075,54,4,28800,132.018518519
462520,469712,469765,7192,53,4,28800,136.698113208
462520,469654,469706,7134,52,4,28800,138.192307692
462677,464109,467908,1432,3799,5,9000,1.37694130034
462717,462724,549135,7,86411,1,86400,1.0000810082
462770,462777,466389,7,3612,8,3600,1.0019379845
462968,462974,477410,6,14436,8,14400,1.0004156276
464108,464729,468714,621,3985,5,9000,1.15583437892
464726,464834,468714,108,3880,5,9000,1.02783505155
464832,464946,468714,114,3768,5,9000,1.03025477707
464937,465338,468714,401,3376,5,9000,1.11877962085
465335,465499,468714,164,3215,5,9000,1.05101088647
465337,465346,472584,9,7238,64,7200,1.00124343741
465477,465485,468714,8,3229,5,9000,1.00247754723
465498,465532,468714,34,3182,5,9000,1.01068510371
465530,465984,468714,454,2730,5,9000,1.1663003663
465981,466684,468714,703,2030,5,9000,1.34630541872
466679,466938,468714,259,1776,5,9000,1.14583333333
466936,467919,468714,983,795,5,9000,2.23647798742
468047,468053,469406,6,1353,8,10800,1.0044345898
469083,469089,473294,6,4205,5,9000,1.00142687277
469091,469097,473294,6,4197,5,9000,1.00142959257
469100,469106,473294,6,4188,5,9000,1.00143266476
469107,469113,473294,6,4181,5,9000,1.00143506338
469116,469122,473294,6,4172,5,9000,1.00143815916
469117,469128,473295,11,4167,5,9000,1.00263978882
469128,469141,473294,13,4153,5,9000,1.00313026728
469128,469135,473294,7,4159,5,9000,1.0016830969
469139,469147,473294,8,4147,5,9000,1.00192910538
469139,469152,473294,13,4142,5,9000,1.0031385804
469150,469159,473294,9,4135,5,9000,1.00217654172
469151,470956,473294,1805,2338,5,9000,1.77202737382
470232,470238,471330,6,1092,4,14400,1.00549450549
470955,470962,473294,7,2332,5,9000,1.00300171527
470956,470967,473294,11,2327,5,9000,1.00472711646
470966,470974,473294,8,2320,5,9000,1.00344827586
470967,470980,473294,13,2314,5,9000,1.00561797753
471337,471343,471360,6,17,4,28800,1.35294117647
471466,471473,476539,7,5066,4,28800,1.00138176076
471467,476681,479281,5214,2600,4,28800,3.00538461538
471467,476546,476674,5079,128,4,28800,40.6796875
471468,479287,479685,7819,398,4,28800,20.6457286432
471469,479691,480095,8222,404,4,28800,21.3514851485
471470,480101,480496,8631,395,4,28800,22.8506329114
471470,480503,480898,9033,395,4,28800,23.8683544304
471471,480905,481298,9434,393,4,28800,25.0050890585
471472,481305,481705,9833,400,4,28800,25.5825
471473,481711,482110,10238,399,4,28800,26.6591478697
471473,482117,482504,10644,387,4,28800,28.503875969
471474,482510,482915,11036,405,4,28800,28.249382716
471475,482922,483319,11447,397,4,28800,29.8337531486
471476,483326,483720,11850,394,4,28800,31.076142132
471477,483728,484116,12251,388,4,28800,32.574742268
472400,472597,472608,197,11,32,7200,18.9090909091
473094,473101,473200,7,99,32,7200,1.07070707071
473243,473256,473265,13,9,32,7200,2.2
473313,473320,473324,7,4,32,7200,1.1
473385,473391,480237,6,6846,5,9000,1.00087642419
473395,473401,480237,6,6836,5,9000,1.00087770626
473396,473407,480237,11,6830,5,9000,1.00161054173
473407,473413,480237,6,6824,5,9000,1.00087924971
473407,473419,480237,12,6818,5,9000,1.00176004693
473418,473425,480237,7,6812,5,9000,1.00102759836
473419,473431,480237,12,6806,5,9000,1.00176315016
473426,473448,475582,22,2134,32,7200,1.01030927835
473429,473437,480237,8,6800,5,9000,1.00117647059
473430,473442,480237,12,6795,5,9000,1.00176600442
473441,473460,480237,19,6777,5,9000,1.00280360041
473441,473454,480237,13,6783,5,9000,1.0019165561
473452,473466,480237,14,6771,5,9000,1.00206764141
473463,473473,480237,10,6764,5,9000,1.00147841514
473463,473479,480237,16,6758,5,9000,1.00236756437
473474,473485,480237,11,6752,5,9000,1.00162914692
473475,474207,480237,732,6030,5,9000,1.12139303483
476833,476839,516810,6,39971,5,604800,1.00015010883
476872,476878,477766,6,888,5,28800,1.00675675676
476902,476909,477411,7,502,5,604800,1.01394422311
476914,476921,477018,7,97,10,604800,1.07216494845
478396,478403,619074,7,140671,1,504000,1.0000497615
478425,478432,673573,7,195141,1,504000,1.0000358715
478452,478459,582826,7,104367,1,504000,1.00006707101
478489,478496,584729,7,106233,1,504000,1.0000658929
478834,478840,567535,6,88695,1,504000,1.00006764756
479213,479221,694208,8,214987,1,504000,1.00003721155
479413,479421,773424,8,294003,1,504000,1.00002721061
480237,480249,480254,12,5,5,9000,1.7
480361,480367,487915,6,7548,5,43200,1.00079491256
480371,480378,487371,7,6993,5,43200,1.001001001
480372,480383,487664,11,7281,5,43200,1.00151078149
480383,480390,489054,7,8664,5,43200,1.0008079409
480383,480395,487158,12,6763,5,43200,1.00177436049
480394,480402,486109,8,5707,5,43200,1.00140178728
480395,480407,488492,12,8085,5,43200,1.00148423006
480405,480414,485018,9,4604,5,43200,1.00195482189
480406,480419,486072,13,5653,5,43200,1.0022996639
480417,480431,485443,14,5012,5,43200,1.00279329609
480417,480426,488431,9,8005,5,43200,1.00112429731
480428,480443,488574,15,8131,5,43200,1.00184479154
480428,480438,485139,10,4701,5,43200,1.00212720698
480439,480450,485887,11,5437,5,43200,1.00202317454
480440,480455,487064,15,6609,5,43200,1.00226963232
480451,485030,489447,4579,4417,5,43200,2.03667647725
480451,480462,486140,11,5678,5,43200,1.00193730187
482311,482318,641972,7,159654,1,504000,1.00004384481
482571,482577,555835,6,73258,1,504000,1.00008190232
483870,483876,483898,6,22,10,86400,1.27272727273
483915,483921,493469,6,9548,10,86400,1.00062840385
484382,484390,808518,8,324128,16,324000,1.00002468161
485021,485151,490251,130,5100,5,43200,1.02549019608
485144,485454,491153,310,5699,5,43200,1.05439550798
485438,485445,622632,7,137187,12,604800,1.00005102524
485452,485898,494588,446,8690,5,43200,1.05132336018
485893,486083,493075,190,6992,5,43200,1.02717391304
486078,486120,492163,42,6043,5,43200,1.0069501903
486109,486152,492984,43,6832,5,43200,1.00629391101
486151,487075,493671,924,6596,5,43200,1.14008489994
487073,487170,495391,97,8221,5,43200,1.01179905121
487166,487675,495784,509,8109,5,43200,1.06276976199
487372,487382,491877,10,4495,5,43200,1.0022246941
487498,487504,487656,6,152,5,604800,1.03947368421
487669,487926,494786,257,6860,5,43200,1.03746355685
487824,487832,490896,8,3064,5,604800,1.00261096606
487916,488442,495221,526,6779,5,43200,1.07759256528
488092,488098,488162,6,64,6,360000,1.09375
488110,488117,488118,7,1,4,600,1.0
488133,488140,488152,7,12,6,360000,1.58333333333
488175,488181,848203,6,360022,6,360000,1.00001666565
488439,488503,493546,64,5043,5,43200,1.01269085862
488501,488585,493055,84,4470,5,43200,1.01879194631
488584,489065,494834,481,5769,5,43200,1.0833766684
489056,489459,495298,403,5839,5,43200,1.06901866758
489456,490262,494819,806,4557,5,43200,1.1768707483
490256,491164,497441,908,6277,5,43200,1.14465509001
491158,491888,496497,730,4609,5,43200,1.15838576698
491779,491786,492243,7,457,1,604800,1.01531728665
491817,491824,493075,7,1251,1,604800,1.00559552358
491887,492175,501324,288,9149,5,43200,1.03147885015
492174,492995,498990,821,5995,5,43200,1.13694745621
492994,493066,502235,72,9169,5,43200,1.00785254662
493056,493557,498155,501,4598,5,43200,1.10896041757
493077,493087,497880,10,4793,5,43200,1.00208637596
493112,493124,497910,12,4786,1,604800,1.002507313
493157,493165,493937,8,772,1,604800,1.0103626943
493549,494600,502784,1051,8184,5,43200,1.12842130987
493673,493682,498294,9,4612,5,43200,1.00195143105
493698,493704,565240,6,71536,10,86400,1.00008387385
494596,494797,499342,201,4545,5,43200,1.04422442244
494791,494830,503443,39,8613,5,43200,1.00452803901
494822,494845,501052,23,6207,5,43200,1.0037054938
494843,495232,501969,389,6737,5,43200,1.0577408342
495223,495310,500774,87,5464,5,43200,1.01592240117
495305,495403,502081,98,6678,5,43200,1.01467505241
495398,495795,500350,397,4555,5,43200,1.08715697036
495609,495615,499241,6,3626,8,3600,1.00165471594
495719,495726,515140,7,19414,8,28800,1.00036056454
495788,496508,501904,720,5396,5,43200,1.13343217198
496391,496397,496699,6,302,4,28800,1.01986754967
496391,496706,525552,315,28846,4,28800,1.01092005824
496392,525558,554370,29166,28812,4,28800,2.01228654727
496393,554376,569763,57983,15387,4,28800,4.76831091181
496394,569770,569834,73376,64,4,28800,1147.5
496394,569841,569900,73447,59,4,28800,1245.86440678
496395,569906,569961,73511,55,4,28800,1337.56363636
496396,569967,570020,73571,53,4,28800,1389.13207547
496397,570085,570138,73688,53,4,28800,1391.33962264
496397,570026,570079,73629,53,4,28800,1390.22641509
496506,497453,503264,947,5811,5,43200,1.16296678713
496871,496879,497963,8,1084,8,3600,1.0073800738
496930,496937,500558,7,3621,8,3600,1.00193316763
497052,497058,500506,6,3448,8,14400,1.00174013921
497377,497384,498217,7,833,8,7200,1.00840336134
497450,497891,505190,441,7299,5,43200,1.06041923551
497881,498166,502464,285,4298,5,43200,1.06630991159
498158,498306,504688,148,6382,5,43200,1.0231902225
498302,499002,504698,700,5696,5,43200,1.12289325843
499001,499354,507032,353,7678,5,43200,1.04597551446
499350,500361,508240,1011,7879,5,43200,1.12831577611
500355,500785,509070,430,8285,5,43200,1.05190102595
500775,501064,508002,289,6938,5,43200,1.04165465552
501063,501335,506183,272,4848,5,43200,1.05610561056
501330,501915,506445,585,4530,5,43200,1.12913907285
501915,501981,509497,66,7516,5,43200,1.00878126663
501977,502092,509005,115,6913,5,43200,1.01663532475
502090,502246,507329,156,5083,5,43200,1.03069053708
502244,502475,507055,231,4580,5,43200,1.05043668122
502470,502795,507294,325,4499,5,43200,1.07223827517
502789,503275,507806,486,4531,5,43200,1.10726109027
503271,503454,508804,183,5350,5,43200,1.03420560748
503446,504699,511119,1253,6420,5,43200,1.19517133956
504697,504710,513342,13,8632,5,43200,1.0015060241
504708,505201,509882,493,4681,5,43200,1.1053193762
504901,504908,504909,7,1,2,3540,1.0
505200,506194,514110,994,7916,5,43200,1.12556846892
506184,506456,514443,272,7987,5,43200,1.03405533993
506451,507043,514067,592,7024,5,43200,1.08428246014
506998,507005,606812,7,99807,1,604800,1.00007013536
507036,507066,512845,30,5779,5,43200,1.00519120955
507057,507305,511880,248,4575,5,43200,1.05420765027
507123,507130,620961,7,113831,1,604800,1.00006149467
507304,507341,513397,37,6056,5,43200,1.00610964333
507335,507817,512540,482,4723,5,43200,1.10205377938
507517,507524,521965,7,14441,8,14400,1.00048473097
507591,507598,522023,7,14425,8,14400,1.00048526863
507645,507651,522055,6,14404,8,14400,1.00041655096
507678,507684,522086,6,14402,8,14400,1.0004166088
507722,507729,522165,7,14436,8,14400,1.00048489886
507783,507791,522196,8,14405,8,14400,1.00055536272
507807,508014,512484,207,4470,5,43200,1.04630872483
508013,508251,517323,238,9072,5,43200,1.0262345679
508249,508816,516448,567,7632,5,43200,1.07429245283
508431,508438,886940,7,378502,6,604800,1.00001849396
508813,509016,513906,203,4890,5,43200,1.04151329243
509009,509081,513597,72,4516,5,43200,1.01594331267
509071,509508,514577,437,5069,5,43200,1.08621029789
509502,509893,517658,391,7765,5,43200,1.05035415325
509892,511130,519769,1238,8639,5,43200,1.1433036231
511123,511893,518824,770,6931,5,43200,1.11109508008
511882,512495,521140,613,8645,5,43200,1.07090803933
512488,512551,517737,63,5186,5,43200,1.01214809101
512550,512856,521796,306,8940,5,43200,1.03422818792
512848,513353,519859,505,6506,5,43200,1.07762065785
513195,513201,513350,6,149,5,604800,1.04026845638
513254,513361,560381,107,47020,5,604800,1.00227562739
513350,513409,519931,59,6522,5,43200,1.00904630481
513402,513609,520352,207,6743,5,43200,1.03069850215
513608,513917,518652,309,4735,5,43200,1.06525871172
513916,514078,519480,162,5402,5,43200,1.029988893
514070,514121,521195,51,7074,5,43200,1.00720949958
514112,514454,519912,342,5458,5,43200,1.06266031513
514451,514588,519771,137,5183,5,43200,1.02643256801
514585,517334,522223,2749,4889,5,43200,1.56228267539
516097,516103,516105,6,2,2,3540,1.0
516449,516460,528776,11,12316,5,43200,1.00089314713
517056,517063,518983,7,1920,5,28800,1.00364583333
517331,517669,529520,338,11851,5,43200,1.02852079993
517660,517748,529127,88,11379,5,43200,1.00773354425
517743,518663,531397,920,12734,5,43200,1.07224752631
518656,518835,530647,179,11812,5,43200,1.0151540806
518831,519492,529377,661,9885,5,43200,1.06686899342
519487,519780,531406,293,11626,5,43200,1.02520213315
519775,519787,527921,12,8134,5,43200,1.00147528891
519786,519870,529048,84,9178,5,43200,1.00915232077
519868,519924,532423,56,12499,5,43200,1.00448035843
519920,519942,528996,22,9054,5,43200,1.00242986525
519941,520363,529219,422,8856,5,43200,1.04765130985
520362,521151,533601,789,12450,5,43200,1.06337349398
521141,521206,530820,65,9614,5,43200,1.00676097358
521180,521186,521397,6,211,5,28800,1.02843601896
521203,521808,533107,605,11299,5,43200,1.05354456147
521799,522234,532387,435,10153,5,43200,1.04284447946
522230,527932,535921,5702,7989,5,43200,1.71373138065
527110,527117,527124,7,7,1,3600,1.4
527229,527235,527362,6,127,1,3600,1.04724409449
527485,527491,527793,6,302,1,3600,1.01986754967
527927,528788,538106,861,9318,5,43200,1.09240180296
528017,528024,528658,7,634,1,3600,1.01104100946
528779,529007,539526,228,10519,5,43200,1.02167506417
529005,529059,542940,54,13881,5,43200,1.00389020964
529056,529231,541367,175,12136,5,43200,1.01441990771
529129,529139,539097,10,9958,5,43200,1.00100421771
529169,529175,529182,6,7,1,3600,1.3
529222,529388,539935,166,10547,5,43200,1.01573907272
529288,529294,529388,6,94,1,3600,1.06382978723
529386,529531,541634,145,12103,5,43200,1.0119805007
529510,529516,529802,6,286,1,3600,1.02097902098
529530,530831,544393,1301,13562,5,43200,1.09592980386
530081,530087,530615,6,528,1,3600,1.01136363636
530650,530658,543666,8,13008,5,43200,1.00061500615
530717,530724,530731,7,7,1,1800,1.4
530825,531408,539472,583,8064,5,43200,1.07229662698
530895,530901,530980,6,79,1,1800,1.07594936709
531216,531222,531316,6,94,1,1800,1.06382978723
531399,531417,544150,18,12733,5,43200,1.00141364957
531410,532398,543799,988,11401,5,43200,1.08665906499
531808,531815,532183,7,368,1,1800,1.01902173913
532394,532434,541098,40,8664,5,43200,1.00461680517
532425,533118,541191,693,8073,5,43200,1.08584169454
532824,532831,532836,7,5,1,1800,1.2
533002,533009,533047,7,38,1,1800,1.18421052632
533116,533612,543136,496,9524,5,43200,1.05207895842
533281,533288,533360,7,72,1,1800,1.09722222222
533608,535932,546133,2324,10201,5,43200,1.22782080188
533831,533839,615795,8,81956,8,604800,1.00009761335
533983,533989,534250,6,261,1,1800,1.02298850575
535924,538117,546292,2193,8175,5,43200,1.26825688073
538117,539108,548864,991,9756,5,43200,1.10157851579
538740,538747,538791,7,44,1,1800,1.15909090909
539049,539055,539128,6,73,1,1800,1.08219178082
539100,539483,547817,383,8334,5,43200,1.04595632349
539480,539537,551828,57,12291,5,43200,1.00463753966
539531,539946,550517,415,10571,5,43200,1.03925834831
539789,539795,540033,6,238,1,1800,1.02521008403
539941,541109,553289,1168,12180,5,43200,1.09589490969
541101,541202,549670,101,8468,5,43200,1.01192725555
541193,542951,551562,1758,8611,5,43200,1.204157473
541368,541378,554194,10,12816,5,43200,1.00078027466
541635,541646,550006,11,8360,5,43200,1.00131578947
542947,543148,551302,201,8154,5,43200,1.02465047829
543143,543677,555804,534,12127,5,43200,1.04403397378
543676,543810,553412,134,9602,5,43200,1.01395542595
543799,544161,555851,362,11690,5,43200,1.03096663815
544158,544404,554357,246,9953,5,43200,1.02471616598
544395,546145,559159,1750,13014,5,43200,1.13447057016
546136,546303,554784,167,8481,5,43200,1.01969107417
546301,547828,557431,1527,9603,5,43200,1.1590128085
547828,548875,559835,1047,10960,5,43200,1.09552919708
548873,549681,560405,808,10724,5,43200,1.07534502051
549672,550017,557747,345,7730,5,43200,1.0446313066
550011,550528,562173,517,11645,5,43200,1.0443967368
550523,551313,560920,790,9607,5,43200,1.08223170605
551302,551573,564751,271,13178,5,43200,1.02056457733
551569,551839,565754,270,13915,5,43200,1.01940352138
551836,553300,566134,1464,12834,5,43200,1.11407199626
553290,553423,565720,133,12297,5,43200,1.01081564609
553414,554206,562776,792,8570,5,43200,1.09241540257
554203,554369,562757,166,8388,5,43200,1.01979017644
554367,554796,566404,429,11608,5,43200,1.03695727085
554560,554567,621997,7,67430,1,86400,1.00010381136
554788,555816,568076,1028,12260,5,43200,1.08384991843
555733,555739,555747,6,8,1,86400,1.4
555813,555863,565456,50,9593,5,43200,1.00521213385
555854,557761,566307,1907,8546,5,43200,1.22314533115
556072,556078,556092,6,14,1,86400,1.42857142857
556114,556120,556324,6,204,1,86400,1.02941176471
556165,556171,556183,6,12,1,86400,1.5
556330,556336,563582,6,7246,8,7200,1.00082804306
556486,556492,557827,6,1335,1,86400,1.00449438202
556500,556507,562147,7,5640,8,7200,1.00124113475
556508,556514,556521,6,7,1,86400,1.3
556851,556858,577318,7,20460,8,28800,1.00034213099
556990,556997,557548,7,551,1,86400,1.01270417423
557004,557011,560110,7,3099,8,7200,1.00225879316
557152,557159,571605,7,14446,8,14400,1.0004845632
557299,557306,560377,7,3071,8,7200,1.00227938782
557397,557403,565143,6,7740,8,14400,1.0007751938
557404,557412,557837,8,425,1,86400,1.01882352941
557432,557442,565511,10,8069,5,43200,1.00123931094
557505,557512,557841,7,329,1,86400,1.02127659574
557516,557523,564337,7,6814,8,7200,1.00102729674
557601,557608,557612,7,4,8,14400,1.1
557674,557680,557681,6,1,8,14400,1.0
557702,557709,557846,7,137,1,86400,1.05109489051
557748,557755,563361,7,5606,8,14400,1.00124866215
557751,559171,567108,1420,7937,5,43200,1.17890890765
557917,557924,557937,7,13,1,86400,1.53846153846
557957,557964,557976,7,12,1,86400,1.58333333333
557958,557969,557979,11,10,1,86400,2.1
557963,557976,603081,13,45105,1,86400,1.00028821638
558003,558009,625073,6,67064,1,86400,1.00008946678
558014,558020,605196,6,47176,1,86400,1.00012718331
558024,558031,603099,7,45068,1,86400,1.00015532085
558035,558041,606628,6,48587,1,86400,1.00012348982
558085,558092,558128,7,36,1,86400,1.19444444444
558160,558167,644569,7,86402,1,86400,1.00008101664
558190,558197,644620,7,86423,1,86400,1.00008099696
558333,558339,644763,6,86424,1,86400,1.00006942516
558384,558390,644814,6,86424,1,86400,1.00006942516
558511,558517,644962,6,86445,1,86400,1.00006940829
559165,559847,568852,682,9005,5,43200,1.07573570239
559843,560416,571857,573,11441,5,43200,1.0500830347
560407,560931,573265,524,12334,5,43200,1.04248419004
560798,560804,560899,6,95,35,600,1.06315789474
560930,562184,570544,1254,8360,5,43200,1.15
561049,561055,561152,6,97,35,600,1.0618556701
561286,561293,561401,7,108,35,600,1.06481481481
562181,562769,574229,588,11460,5,43200,1.05130890052
562765,562787,576291,22,13504,5,43200,1.00162914692
562786,564763,575615,1977,10852,5,43200,1.18217840029
564754,565467,575656,713,10189,5,43200,1.06997742664
565275,565281,565407,6,126,1,14400,1.04761904762
565379,565386,595235,7,29849,10,86400,1.00023451372
565461,565522,575139,61,9617,5,43200,1.00634293439
565513,565731,575732,218,10001,5,43200,1.02179782022
565540,565547,566438,7,891,1,14400,1.00785634119
565729,565765,574116,36,8351,5,43200,1.00431086097
565760,566145,574156,385,8011,5,43200,1.04805891899
566046,566052,570484,6,4432,1,86400,1.00135379061
566140,566318,579356,178,13038,5,43200,1.01365240067
566315,566415,579103,100,12688,5,43200,1.0078814628
566407,567120,575852,713,8732,5,43200,1.08165368759
567115,568087,576334,972,8247,5,43200,1.11786104038
567646,567653,567749,7,96,2,1800,1.07291666667
567652,567661,567773,9,112,4,1800,1.08035714286
567657,567667,567792,10,125,8,1800,1.08
567662,567673,567781,11,108,8,1800,1.10185185185
567663,567679,567790,16,111,8,1800,1.14414414414
567665,567684,567787,19,103,4,1800,1.18446601942
567666,567690,567789,24,99,4,1800,1.24242424242
567669,567695,567794,26,99,2,1800,1.26262626263
567670,567700,567794,30,94,2,1800,1.31914893617
567957,567965,568106,8,141,16,1800,1.05673758865
567959,567970,568108,11,138,16,1800,1.07971014493
567960,568118,568254,158,136,16,1800,2.16176470588
567964,567976,568130,12,154,32,1800,1.07792207792
567965,568141,568300,176,159,32,1800,2.10691823899
567967,568267,568420,300,153,32,1800,2.96078431373
567973,568432,568584,459,152,64,1800,4.01973684211
567974,568596,568755,622,159,64,1800,4.91194968553
567975,568767,568918,792,151,64,1800,6.24503311258
567980,896642,896976,328662,334,128,1800,985.017964072
567981,896987,897334,329006,347,128,1800,949.144092219
567982,897345,897715,329363,370,128,1800,891.17027027
568021,897726,897873,329705,147,128,1800,2243.89115646
568023,897885,898041,329862,156,128,1800,2115.5
568030,898052,898260,330022,208,128,1800,1587.64423077
568031,898271,898488,330240,217,128,1800,1522.84331797
568078,568863,577579,785,8716,5,43200,1.09006424966
568858,570555,581887,1697,11332,5,43200,1.14975291211
570549,571868,586385,1319,14517,5,43200,1.0908589929
570985,570991,571509,6,518,4,14400,1.01158301158
571860,573277,584344,1417,11067,5,43200,1.1280383121
572406,572412,932418,6,360006,10,360000,1.00001666639
572419,572426,733523,7,161097,30,604800,1.00004345208
572596,572602,932643,6,360041,10,360000,1.00001666477
572684,572691,573004,7,313,1,3600,1.02236421725
572695,572702,932742,7,360040,10,360000,1.00001944228
573274,574127,585999,853,11872,5,43200,1.07184973046
574125,574167,583066,42,8899,5,43200,1.00471963142
574157,574241,588861,84,14620,5,43200,1.00574555404
574239,575151,586323,912,11172,5,43200,1.08163265306
575141,575626,586156,485,10530,5,43200,1.04605887939
575623,575667,587401,44,11734,5,43200,1.00374978694
575665,575743,584392,78,8649,5,43200,1.00901838363
575737,575863,585732,126,9869,5,43200,1.01276725099
575861,576303,589549,442,13246,5,43200,1.03336856409
576302,576345,586204,43,9859,5,43200,1.00436149711
576343,577590,586092,1247,8502,5,43200,1.14667137144
576396,576402,662819,6,86417,1,86400,1.00006943078
577583,579114,587360,1531,8246,5,43200,1.18566577735
579108,579367,592697,259,13330,5,43200,1.01942985746
579365,581898,593771,2533,11873,5,43200,1.21334119431
579996,580003,580103,7,100,1,1800,1.07
579997,580015,580111,18,96,1,1800,1.1875
579998,580021,580117,23,96,1,1800,1.23958333333
580002,580009,580108,7,99,2,1800,1.07070707071
580012,580028,580128,16,100,4,1800,1.16
580595,580602,590427,7,9825,4,180600,1.00071246819
581896,583077,594672,1181,11595,5,43200,1.10185424752
583074,584404,598011,1330,13607,5,43200,1.09774380833
584345,584356,595912,11,11556,5,43200,1.00095188647
584397,585743,595089,1346,9346,5,43200,1.14401883159
585739,586010,598593,271,12583,5,43200,1.02153699436
586006,586103,594410,97,8307,5,43200,1.011676899
586099,586167,595652,68,9485,5,43200,1.00716921455
586161,586215,598142,54,11927,5,43200,1.00452754255
586213,586334,594637,121,8303,5,43200,1.01457304589
586326,586396,594974,70,8578,5,43200,1.00816041035
586388,587371,601878,983,14507,5,43200,1.06776039154
587362,588872,597817,1510,8945,5,43200,1.16880939072
587383,587389,588162,6,773,4,14400,1.00776196636
587403,587412,598855,9,11443,5,43200,1.00078650703
588212,588218,611201,6,22983,4,28800,1.00026106252
588212,611207,611241,22995,34,4,28800,677.323529412
588213,611247,611271,23034,24,4,28800,960.75
588214,611277,611332,23063,55,4,28800,420.327272727
588215,611368,611425,23153,57,4,28800,407.192982456
588215,611338,611361,23123,23,4,28800,1006.34782609
588216,611432,611455,23216,23,4,28800,1010.39130435
588217,611461,611547,23244,86,4,28800,271.279069767
588218,611553,611576,23335,23,4,28800,1015.56521739
588218,611582,611635,23364,53,4,28800,441.830188679
588598,588604,588611,6,7,8,14400,1.3
588833,588840,593741,7,4901,8,7200,1.00142827994
588868,589561,598934,693,9373,5,43200,1.07393577296
588940,588946,602436,6,13490,8,14400,1.00044477391
589556,592708,600790,3152,8082,5,43200,1.39000247463
591315,591323,591325,8,2,2,3540,1.0
592703,593782,603270,1079,9488,5,43200,1.11372259696
593780,594421,604576,641,10155,5,43200,1.06312161497
594416,594648,608773,232,14125,5,43200,1.01642477876
594642,594684,606084,42,11400,5,43200,1.00368421053
594673,594985,605238,312,10253,5,43200,1.03043011801
594981,595100,606410,119,11310,5,43200,1.01052166225
595094,595663,607447,569,11784,5,43200,1.04828581127
595658,595923,608763,265,12840,5,43200,1.02063862928
595915,597828,610609,1913,12781,5,43200,1.14967529927
597282,597289,856538,7,259249,10,259200,1.00002700107
597578,597584,664350,6,66766,5,604800,1.0000898661
597822,598022,606426,200,8404,5,43200,1.02379819134
598018,598154,609809,136,11655,5,43200,1.01166881167
598151,598604,610122,453,11518,5,43200,1.03932974475
598603,598866,607525,263,8659,5,43200,1.03037302229
598860,598946,607241,86,8295,5,43200,1.01036769138
598942,600802,610394,1860,9592,5,43200,1.19391159299
600798,601890,611923,1092,10033,5,43200,1.10884082528
601509,601516,766090,7,164574,1,604800,1.00004253406
601559,601566,785798,7,184232,1,604800,1.00003799557
601884,603281,611313,1397,8032,5,43200,1.17392928287
602193,602199,602201,6,2,2,3540,1.0
603279,604587,614371,1308,9784,5,43200,1.13368765331
604581,605249,613653,668,8404,5,43200,1.07948595907
