SubmitTime,StartTime,EndTime,QueuedTime,RunTime,NodesRequested,walltime,bslowdown
195,201,3568,6,3367,2,7200,1.00178200178
246,252,3864,6,3612,2,7200,1.00166112957
267,273,3771,6,3498,2,7200,1.00171526587
312,318,3810,6,3492,2,7200,1.00171821306
313,325,3650,12,3325,2,7200,1.00360902256
365,371,3723,6,3352,2,7200,1.00178997613
366,378,3868,12,3490,2,7200,1.00343839542
367,383,4135,16,3752,2,7200,1.00426439232
464,470,4106,6,3636,2,7200,1.00165016502
608,615,4342,7,3727,2,7200,1.00187818621
702,708,4377,6,3669,2,7200,1.00163532298
792,798,4363,6,3565,2,7200,1.00168302945
852,858,4265,6,3407,2,7200,1.00176108013
885,891,4638,6,3747,2,7200,1.00160128102
909,915,4352,6,3437,2,7200,1.00174570847
936,942,4299,6,3357,2,7200,1.0017873101
993,999,4396,6,3397,2,7200,1.00176626435
1008,1013,4434,5,3421,2,7200,1.00146156095
1021,1027,4560,6,3533,2,7200,1.00169827342
1071,1077,4702,6,3625,2,7200,1.00165517241
1194,1200,4865,6,3665,2,7200,1.00163710778
1313,1319,4816,6,3497,2,7200,1.00171575636
1366,1372,5185,6,3813,2,7200,1.00157356412
2112,2119,5634,7,3515,2,7200,1.00199146515
2190,2196,5785,6,3589,2,7200,1.00167177487
2245,2251,5807,6,3556,2,7200,1.00168728909
2305,2311,5898,6,3587,2,7200,1.001672707
2429,2435,5807,6,3372,2,7200,1.00177935943
2480,2486,5996,6,3510,2,7200,1.00170940171
2877,2883,6172,6,3289,2,7200,1.00182426269
3054,3060,6522,6,3462,2,7200,1.00173310225
3093,3099,6621,6,3522,2,7200,1.00170357751
3205,3211,7097,6,3886,2,7200,1.00154400412
3206,3217,6544,11,3327,2,7200,1.00330628194
3221,3227,6663,6,3436,2,7200,1.00174621653
3239,3245,6722,6,3477,2,7200,1.00172562554
3314,3321,6926,7,3605,2,7200,1.00194174757
3317,3327,6475,10,3148,2,7200,1.00317662008
3525,3531,6968,6,3437,2,7200,1.00174570847
3564,3570,6974,6,3404,2,7200,1.0017626322
3579,3585,6828,6,3243,2,7200,1.00185013876
3651,3657,7008,6,3351,2,7200,1.0017905103
3723,3730,7225,7,3495,2,7200,1.00200286123
3768,3774,7397,6,3623,2,7200,1.00165608612
3810,3816,7138,6,3322,2,7200,1.00180614088
3864,3870,7083,6,3213,2,7200,1.00186741363
3879,3885,7129,6,3244,2,7200,1.00184956843
4108,4115,7579,7,3464,2,7200,1.00202078522
4135,4143,7848,8,3705,2,7200,1.00215924426
4268,4274,7829,6,3555,2,7200,1.00168776371
4301,4307,8015,6,3708,2,7200,1.00161812298
4343,4349,7678,6,3329,2,7200,1.00180234305
4358,4364,7732,6,3368,2,7200,1.00178147268
4373,4379,8174,6,3795,2,7200,1.00158102767
4387,4393,7794,6,3401,2,7200,1.001764187
4402,4408,8149,6,3741,2,7200,1.00160384924
4435,4445,7970,10,3525,2,7200,1.00283687943
4560,4566,8211,6,3645,2,7200,1.00164609053
4640,4646,8230,6,3584,2,7200,1.00167410714
4703,4709,8292,6,3583,2,7200,1.00167457438
4815,4821,8060,6,3239,2,7200,1.00185242359
4866,4872,8510,6,3638,2,7200,1.00164925783
5186,5192,8851,6,3659,2,7200,1.00163979229
5631,5637,9035,6,3398,2,7200,1.00176574456
5787,5793,9041,6,3248,2,7200,1.00184729064
5809,5815,9151,6,3336,2,7200,1.00179856115
5810,5821,9072,11,3251,2,7200,1.00338357428
5895,5901,9197,6,3296,2,7200,1.00182038835
5997,6003,9321,6,3318,2,7200,1.00180831826
6175,6181,9274,6,3093,2,7200,1.00193986421
6477,6483,9895,6,3412,2,7200,1.00175849941
6525,6531,10277,6,3746,2,7200,1.00160170849
6546,6552,10242,6,3690,2,7200,1.00162601626
6621,6627,10242,6,3615,2,7200,1.00165975104
6666,6672,10260,6,3588,2,7200,1.0016722408
6724,6730,10021,6,3291,2,7200,1.00182315406
6828,6835,10497,7,3662,2,7200,1.00191152376
6928,6934,10335,6,3401,2,7200,1.001764187
6970,6976,10435,6,3459,2,7200,1.00173460538
6985,6991,10420,6,3429,2,7200,1.00174978128
7009,7015,10500,6,3485,2,7200,1.00172166428
7084,7090,10166,6,3076,2,7200,1.00195058518
7099,7105,10528,6,3423,2,7200,1.00175284838
7129,7135,10339,6,3204,2,7200,1.00187265918
7143,7150,10905,7,3755,2,7200,1.00186418109
7228,7234,10524,6,3290,2,7200,1.00182370821
7399,7405,10984,6,3579,2,7200,1.00167644593
7580,7586,11050,6,3464,2,7200,1.00173210162
7679,7685,11226,6,3541,2,7200,1.0016944366
7733,7739,11150,6,3411,2,7200,1.00175901495
7796,7802,10897,6,3095,2,7200,1.00193861066
7829,7835,11393,6,3558,2,7200,1.00168634064
7850,7856,11329,6,3473,2,7200,1.00172761301
7970,7976,11452,6,3476,2,7200,1.00172612198
8015,8021,11456,6,3435,2,7200,1.00174672489
8061,8067,11467,6,3400,2,7200,1.00176470588
8153,8159,11800,6,3641,2,7200,1.00164789893
8177,8183,11600,6,3417,2,7200,1.00175592625
8212,8218,11559,6,3341,2,7200,1.0017958695
8231,8238,11718,7,3480,2,7200,1.00201149425
8295,8301,11966,6,3665,2,7200,1.00163710778
8512,8518,11738,6,3220,2,7200,1.00186335404
8852,8859,12180,7,3321,2,7200,1.00210779886
9036,9042,12586,6,3544,2,7200,1.00169300226
9043,9048,12450,5,3402,2,7200,1.00146972369
9072,9079,12512,7,3433,2,7200,1.00203903292
9151,9157,12603,6,3446,2,7200,1.00174114916
9199,9205,12587,6,3382,2,7200,1.00177409817
9274,9280,12628,6,3348,2,7200,1.0017921147
9319,9325,12810,6,3485,2,7200,1.00172166428
9339,9345,9518,6,173,1,3600,1.03468208092
9693,9700,10046,7,346,1,3600,1.02023121387
9898,9904,13407,6,3503,2,7200,1.00171281758
10021,10027,13749,6,3722,2,7200,1.00161203654
10169,10175,13726,6,3551,2,7200,1.00168966488
10244,10251,13763,7,3512,2,7200,1.00199316629
10246,10256,13806,10,3550,2,7200,1.00281690141
10260,10267,13787,7,3520,2,7200,1.00198863636
10278,10284,13743,6,3459,2,7200,1.00173460538
10338,10345,13771,7,3426,2,7200,1.00204319907
10353,10359,14110,6,3751,2,7200,1.00159957345
10408,10414,11271,6,857,1,3600,1.00700116686
10422,10429,14174,7,3745,2,7200,1.00186915888
10437,10443,13903,6,3460,2,7200,1.00173410405
10500,10507,14228,7,3721,2,7200,1.00188121473
10502,10513,13997,11,3484,2,7200,1.00315729047
10526,10532,13943,6,3411,2,7200,1.00175901495
10540,10547,13963,7,3416,2,7200,1.00204918033
10899,10905,14087,6,3182,2,7200,1.00188560654
10914,10920,14230,6,3310,2,7200,1.00181268882
10986,10992,14417,6,3425,2,7200,1.00175182482
11052,11058,14268,6,3210,2,7200,1.00186915888
11074,11081,11095,7,14,12,43200,1.5
11115,11121,25593,6,14472,12,57600,1.0004145937
11151,11158,14662,7,3504,2,7200,1.00199771689
11227,11233,14963,6,3730,2,7200,1.00160857909
11330,11337,14919,7,3582,2,7200,1.00195421552
11394,11400,14835,6,3435,2,7200,1.00174672489
11454,11460,14769,6,3309,2,7200,1.00181323663
11467,11473,14611,6,3138,2,7200,1.00191204589
11468,11479,14874,11,3395,2,7200,1.00324005891
11557,11564,15168,7,3604,2,7200,1.00194228635
11601,11607,15084,6,3477,2,7200,1.00172562554
11720,11726,15069,6,3343,2,7200,1.00179479509
11741,11747,15195,6,3448,2,7200,1.00174013921
11801,11808,15219,7,3411,2,7200,1.00205218411
11967,11973,15668,6,3695,2,7200,1.00162381597
12182,12188,15702,6,3514,2,7200,1.00170745589
12455,12461,16195,6,3734,2,7200,1.00160685592
12513,12519,15679,6,3160,2,7200,1.00189873418
12585,12591,16046,6,3455,2,7200,1.0017366136
12586,12597,16162,11,3565,2,7200,1.003085554
12587,12602,12721,15,119,1,3600,1.12605042017
12604,12611,16263,7,3652,2,7200,1.00191675794
12629,12635,15971,6,3336,2,7200,1.00179856115
12814,12820,16290,6,3470,2,7200,1.00172910663
12865,12871,13039,6,168,1,3600,1.03571428571
12903,12909,13233,6,324,1,3600,1.01851851852
13222,13228,13580,6,352,1,3600,1.01704545455
13411,13418,16877,7,3459,2,7200,1.00202370627
13720,13726,14340,6,614,1,3600,1.00977198697
13729,13735,16889,6,3154,2,7200,1.00190234623
13743,13750,17175,7,3425,2,7200,1.00204379562
13749,13756,16925,7,3169,2,7200,1.00220889871
13764,13770,17497,6,3727,2,7200,1.00160987389
13779,13785,17397,6,3612,2,7200,1.00166112957
13794,13800,17251,6,3451,2,7200,1.00173862649
13809,13815,17226,6,3411,2,7200,1.00175901495
13905,13911,17479,6,3568,2,7200,1.00168161435
13940,13946,14783,6,837,1,3600,1.00716845878
13944,13952,17247,8,3295,2,7200,1.00242792109
13965,13971,17504,6,3533,2,7200,1.00169827342
13998,14004,17251,6,3247,2,7200,1.00184785956
14089,14095,17381,6,3286,2,7200,1.00182592818
14112,14119,17675,7,3556,2,7200,1.00196850394
14175,14182,17588,7,3406,2,7200,1.00205519671
14230,14236,17721,6,3485,2,7200,1.00172166428
14231,14242,17783,11,3541,2,7200,1.0031064671
14270,14276,17814,6,3538,2,7200,1.00169587337
14419,14425,17686,6,3261,2,7200,1.0018399264
14611,14617,18098,6,3481,2,7200,1.00172364263
14663,14669,17999,6,3330,2,7200,1.0018018018
14771,14778,18414,7,3636,2,7200,1.00192519252
14839,14845,18257,6,3412,2,7200,1.00175849941
14875,14881,18534,6,3653,2,7200,1.00164248563
14919,14926,18431,7,3505,2,7200,1.00199714693
14965,14971,18474,6,3503,2,7200,1.00171281758
15070,15076,18744,6,3668,2,7200,1.00163576881
15085,15091,18648,6,3557,2,7200,1.00168681473
15169,15175,18737,6,3562,2,7200,1.00168444694
15196,15202,18857,6,3655,2,7200,1.00164158687
15220,15226,18579,6,3353,2,7200,1.00178944229
15671,15677,19114,6,3437,2,7200,1.00174570847
15682,15688,19031,6,3343,2,7200,1.00179479509
15704,15710,19017,6,3307,2,7200,1.00181433323
15972,15978,19537,6,3559,2,7200,1.00168586682
16044,16050,19461,6,3411,2,7200,1.00175901495
16074,16080,16194,6,114,1,3600,1.05263157895
16165,16171,19663,6,3492,2,7200,1.00171821306
16196,16202,19757,6,3555,2,7200,1.00168776371
16265,16271,19594,6,3323,2,7200,1.00180559735
16292,16298,19836,6,3538,2,7200,1.00169587337
16371,16377,16706,6,329,1,3600,1.01823708207
16650,16656,16779,6,123,1,1800,1.0487804878
16880,16886,20433,6,3547,2,7200,1.00169157034
16893,16899,20379,6,3480,2,7200,1.00172413793
16925,16931,20429,6,3498,2,7200,1.00171526587
17083,17090,17206,7,116,1,1800,1.06034482759
17176,17183,20859,7,3676,2,7200,1.00190424374
17203,17209,17824,6,615,1,3600,1.00975609756
17229,17235,20717,6,3482,2,7200,1.00172314762
17250,17256,20566,6,3310,2,7200,1.00181268882
17265,17271,20947,6,3676,2,7200,1.00163220892
17266,17277,20755,11,3478,2,7200,1.00316273721
17384,17390,20628,6,3238,2,7200,1.00185299568
17399,17405,21015,6,3610,2,7200,1.00166204986
17480,17486,20793,6,3307,2,7200,1.00181433323
17498,17504,21016,6,3512,2,7200,1.00170842825
17513,17519,21060,6,3541,2,7200,1.0016944366
17588,17594,21062,6,3468,2,7200,1.00173010381
17679,17685,21217,6,3532,2,7200,1.00169875425
17693,17699,21227,6,3528,2,7200,1.00170068027
17723,17729,21371,6,3642,2,7200,1.00164744646
17783,17790,21436,7,3646,2,7200,1.00191991223
17816,17823,21473,7,3650,2,7200,1.00191780822
17880,17886,18463,6,577,1,1800,1.01039861352
18002,18008,21488,6,3480,2,7200,1.00172413793
18101,18107,21736,6,3629,2,7200,1.00165334803
18258,18264,21607,6,3343,2,7200,1.00179479509
18418,18424,22107,6,3683,2,7200,1.00162910671
18432,18439,21756,7,3317,2,7200,1.00211034067
18476,18482,22113,6,3631,2,7200,1.00165243735
18537,18543,21886,6,3343,2,7200,1.00179479509
18582,18588,22110,6,3522,2,7200,1.00170357751
18645,18651,22109,6,3458,2,7200,1.001735107
18737,18744,22044,7,3300,2,7200,1.00212121212
18744,18750,22155,6,3405,2,7200,1.00176211454
18859,18865,22282,6,3417,2,7200,1.00175592625
19019,19025,22641,6,3616,2,7200,1.00165929204
19033,19039,22405,6,3366,2,7200,1.00178253119
19115,19121,22636,6,3515,2,7200,1.00170697013
19464,19471,22716,7,3245,2,7200,1.00215716487
19537,19543,22987,6,3444,2,7200,1.00174216028
19594,19600,23169,6,3569,2,7200,1.00168114318
19663,19669,22792,6,3123,2,7200,1.00192122959
19758,19764,23205,6,3441,2,7200,1.00174367916
19829,19835,23404,6,3569,2,7200,1.00168114318
20258,20264,20381,6,117,1,1800,1.05128205128
20315,20321,20368,6,47,1,1800,1.12765957447
20381,20391,23897,10,3506,2,7200,1.00285225328
20429,20435,23868,6,3433,2,7200,1.0017477425
20444,20450,23710,6,3260,2,7200,1.0018404908
20569,20575,24319,6,3744,2,7200,1.0016025641
20629,20635,24203,6,3568,2,7200,1.00168161435
20683,20689,20769,6,80,1,1800,1.075
20708,20714,20828,6,114,1,1800,1.05263157895
20719,20725,24096,6,3371,2,7200,1.00177988727
20758,20765,24249,7,3484,2,7200,1.00200918485
20794,20801,24419,7,3618,2,7200,1.00193477059
20862,20868,24579,6,3711,2,7200,1.00161681487
20950,20956,24475,6,3519,2,7200,1.00170502984
21016,21022,24726,6,3704,2,7200,1.00161987041
21017,21029,24847,12,3818,2,7200,1.00314300681
21063,21069,24733,6,3664,2,7200,1.00163755459
21064,21075,24521,11,3446,2,7200,1.00319210679
21219,21226,24793,7,3567,2,7200,1.00196243342
21234,21240,24961,6,3721,2,7200,1.00161246977
21373,21379,24949,6,3570,2,7200,1.00168067227
21439,21445,24992,6,3547,2,7200,1.00169157034
21475,21481,24815,6,3334,2,7200,1.00179964007
21490,21496,24960,6,3464,2,7200,1.00173210162
21543,21549,22129,6,580,1,1800,1.01034482759
21608,21614,25232,6,3618,2,7200,1.00165837479
21737,21744,25040,7,3296,2,7200,1.00212378641
21746,21752,22032,6,280,1,1800,1.02142857143
21758,21764,25256,6,3492,2,7200,1.00171821306
21888,21894,25574,6,3680,2,7200,1.00163043478
22046,22052,25231,6,3179,2,7200,1.00188738597
22108,22114,25760,6,3646,2,7200,1.00164563906
22123,22130,25795,7,3665,2,7200,1.00190995907
22125,22136,25741,11,3605,2,7200,1.00305131761
22126,22142,25783,16,3641,2,7200,1.00439439714
22157,22163,25740,6,3577,2,7200,1.00167738328
22285,22291,25747,6,3456,2,7200,1.00173611111
22405,22411,25788,6,3377,2,7200,1.0017767249
22638,22644,26054,6,3410,2,7200,1.00175953079
22652,22658,26261,6,3603,2,7200,1.00166527893
22715,22721,26202,6,3481,2,7200,1.00172364263
22793,22800,26005,7,3205,2,7200,1.00218408736
22989,22995,26450,6,3455,2,7200,1.0017366136
23167,23173,26293,6,3120,2,7200,1.00192307692
23208,23214,26760,6,3546,2,7200,1.00169204738
23405,23411,27069,6,3658,2,7200,1.00164024057
23710,23716,27074,6,3358,2,7200,1.00178677784
23866,23872,27156,6,3284,2,7200,1.00182704019
23898,23905,27260,7,3355,2,7200,1.00208643815
24079,24085,24131,6,46,1,1800,1.13043478261
24097,24103,27517,6,3414,2,7200,1.00175746924
24206,24212,27730,6,3518,2,7200,1.0017055145
24251,24257,27763,6,3506,2,7200,1.00171135197
24320,24326,27872,6,3546,2,7200,1.00169204738
24416,24422,28003,6,3581,2,7200,1.00167550963
24476,24482,28104,6,3622,2,7200,1.00165654335
24482,24488,24571,6,83,1,1800,1.07228915663
24521,24528,28310,7,3782,2,7200,1.00185087255
24582,24588,28077,6,3489,2,7200,1.00171969046
24728,24734,28452,6,3718,2,7200,1.00161377084
24743,24749,28462,6,3713,2,7200,1.00161594398
24794,24800,28324,6,3524,2,7200,1.00170261067
24818,24824,28487,6,3663,2,7200,1.00163800164
24848,24854,28161,6,3307,2,7200,1.00181433323
24950,24956,28411,6,3455,2,7200,1.0017366136
24965,24971,28448,6,3477,2,7200,1.00172562554
24967,24977,28296,10,3319,2,7200,1.00301295571
24994,25000,28492,6,3492,2,7200,1.00171821306
25042,25048,28755,6,3707,2,7200,1.00161855948
25232,25238,28906,6,3668,2,7200,1.00163576881
25232,25243,28487,11,3244,2,7200,1.00339087546
25256,25262,28866,6,3604,2,7200,1.00166481687
25576,25582,29110,6,3528,2,7200,1.00170068027
25622,25629,25918,7,289,1,1800,1.02422145329
25710,25716,25730,6,14,12,57600,1.42857142857
25742,25748,29312,6,3564,2,7200,1.00168350168
25744,25755,29359,11,3604,2,7200,1.00305216426
25759,25765,29270,6,3505,2,7200,1.00171184023
25773,25779,29367,6,3588,2,7200,1.0016722408
25787,25793,29149,6,3356,2,7200,1.00178784267
25788,25800,29466,12,3666,2,7200,1.00327332242
25803,25809,29197,6,3388,2,7200,1.00177095632
25934,25941,28317,7,2376,12,57600,1.00294612795
26007,26013,29375,6,3362,2,7200,1.00178465199
26057,26063,29606,6,3543,2,7200,1.0016934801
26200,26206,29501,6,3295,2,7200,1.00182094082
26262,26268,29433,6,3165,2,7200,1.0018957346
26295,26301,29847,6,3546,2,7200,1.00169204738
26451,26457,29923,6,3466,2,7200,1.00173110214
26760,26767,30266,7,3499,2,7200,1.00200057159
27069,27075,30425,6,3350,2,7200,1.00179104478
27084,27090,30833,6,3743,2,7200,1.00160299225
27156,27162,30463,6,3301,2,7200,1.00181763102
27224,27229,27241,5,12,1,86400,1.41666666667
27260,27267,30748,7,3481,2,7200,1.0020109164
27353,27360,28766,7,1406,1,86400,1.00497866287
27519,27525,31091,6,3566,2,7200,1.00168255749
27730,27736,31427,6,3691,2,7200,1.00162557572
27763,27769,31109,6,3340,2,7200,1.00179640719
27853,27859,55774,6,27915,3,108000,1.00021493821
27875,27881,31377,6,3496,2,7200,1.00171624714
28004,28010,31436,6,3426,2,7200,1.00175131349
28028,28034,42393,6,14359,1,36000,1.0004178564
28080,28086,31737,6,3651,2,7200,1.00164338537
28087,28094,37402,7,9308,1,36000,1.00075204125
28104,28111,31833,7,3722,2,7200,1.0018807093
28164,28170,31800,6,3630,2,7200,1.00165289256
28299,28305,31673,6,3368,2,7200,1.00178147268
28314,28320,31866,6,3546,2,7200,1.00169204738
28329,28335,32090,6,3755,2,7200,1.00159786951
28413,28419,32051,6,3632,2,7200,1.00165198238
28449,28455,32054,6,3599,2,7200,1.00166712976
28464,28470,31987,6,3517,2,7200,1.00170599943
28465,28476,32109,11,3633,2,7200,1.00302780072
28488,28494,31706,6,3212,2,7200,1.00186799502
28489,28505,32043,16,3538,2,7200,1.004522329
28504,28511,32055,7,3544,2,7200,1.0019751693
28537,28543,82732,6,54189,12,57600,1.00011072358
28752,28759,32107,7,3348,2,7200,1.00209080048
28869,28875,32353,6,3478,2,7200,1.00172512938
28908,28914,32711,6,3797,2,7200,1.00158019489
29121,29128,32397,7,3269,2,7200,1.00214132762
29150,29156,32584,6,3428,2,7200,1.00175029172
29199,29206,32717,7,3511,2,7200,1.00199373398
29272,29278,32598,6,3320,2,7200,1.00180722892
29308,29314,32632,6,3318,2,7200,1.00180831826
29359,29365,32724,6,3359,2,7200,1.00178624591
29374,29380,32715,6,3335,2,7200,1.00179910045
29376,29386,32717,10,3331,2,7200,1.00300210147
29434,29440,32865,6,3425,2,7200,1.00175182482
29467,29473,33007,6,3534,2,7200,1.00169779287
29502,29508,32962,6,3454,2,7200,1.00173711639
29608,29615,32945,7,3330,2,7200,1.0021021021
29848,29854,33337,6,3483,2,7200,1.00172265289
29923,29930,33330,7,3400,2,7200,1.00205882353
30105,30111,38567,6,8456,16,36000,1.00070955535
30267,30273,34092,6,3819,2,7200,1.00157109191
30423,30430,33693,7,3263,2,7200,1.00214526509
30466,30472,34039,6,3567,2,7200,1.00168208579
30749,30756,33990,7,3234,2,7200,1.00216450216
30833,30839,34198,6,3359,2,7200,1.00178624591
31094,31100,34809,6,3709,2,7200,1.00161768671
31112,31118,34804,6,3686,2,7200,1.00162778079
31378,31384,34871,6,3487,2,7200,1.0017206768
31429,31435,34893,6,3458,2,7200,1.001735107
31444,31450,34811,6,3361,2,7200,1.00178518298
31676,31683,35320,7,3637,2,7200,1.00192466318
31707,31713,34911,6,3198,2,7200,1.00187617261
31740,31746,35362,6,3616,2,7200,1.00165929204
31803,31809,35286,6,3477,2,7200,1.00172562554
31836,31842,35379,6,3537,2,7200,1.00169635284
31866,31872,35319,6,3447,2,7200,1.00174064404
31990,31996,35591,6,3595,2,7200,1.0016689847
32044,32050,35801,6,3751,2,7200,1.00159957345
32059,32065,35669,6,3604,2,7200,1.00166481687
32060,32071,35359,11,3288,2,7200,1.00334549878
32062,32077,35827,15,3750,2,7200,1.004
32092,32098,35628,6,3530,2,7200,1.00169971671
32104,32111,35438,7,3327,2,7200,1.0021039976
32109,32118,35539,9,3421,2,7200,1.0026308097
32208,32214,32215,6,1,1,900,1.0
32255,32262,61349,7,29087,3,72000,1.00024065734
32292,32299,43871,7,11572,1,72000,1.0006049084
32339,32346,61361,7,29015,3,72000,1.00024125452
32354,32360,35972,6,3612,2,7200,1.00166112957
32399,32405,35872,6,3467,2,7200,1.00173060283
32584,32590,36022,6,3432,2,7200,1.00174825175
32601,32608,35994,7,3386,2,7200,1.00206733609
32634,32640,35766,6,3126,2,7200,1.0019193858
32713,32719,36144,6,3425,2,7200,1.00175182482
32716,32725,36317,9,3592,2,7200,1.00250556793
32728,32734,36097,6,3363,2,7200,1.00178412132
32729,32740,36207,11,3467,2,7200,1.00317277185
32731,32746,36150,15,3404,2,7200,1.00440658049
32866,32873,36328,7,3455,2,7200,1.0020260492
32945,32951,36549,6,3598,2,7200,1.00166759311
32962,32968,36335,6,3367,2,7200,1.00178200178
33008,33014,36384,6,3370,2,7200,1.00178041543
33330,33336,36820,6,3484,2,7200,1.00172215844
33345,33351,36689,6,3338,2,7200,1.00179748352
33695,33702,37215,7,3513,2,7200,1.00199259892
33991,33998,37208,7,3210,2,7200,1.00218068536
34041,34047,37342,6,3295,2,7200,1.00182094082
34094,34100,37763,6,3663,2,7200,1.00163800164
34198,34204,37840,6,3636,2,7200,1.00165016502
34280,34287,44980,7,10693,3,86400,1.00065463387
34807,34813,38055,6,3242,2,7200,1.00185070944
34822,34828,38731,6,3903,2,7200,1.00153727902
34823,34835,38405,12,3570,2,7200,1.00336134454
34874,34880,38619,6,3739,2,7200,1.00160470714
34895,34901,38350,6,3449,2,7200,1.00173963468
34909,34915,38298,6,3383,2,7200,1.00177357375
35288,35294,38920,6,3626,2,7200,1.00165471594
35321,35327,38900,6,3573,2,7200,1.00167926113
35322,35334,38882,12,3548,2,7200,1.00338218715
35361,35367,38724,6,3357,2,7200,1.0017873101
35376,35382,38893,6,3511,2,7200,1.00170891484
35391,35397,38873,6,3476,2,7200,1.00172612198
35439,35445,38902,6,3457,2,7200,1.00173560891
35541,35547,39018,6,3471,2,7200,1.00172860847
35589,35596,39115,7,3519,2,7200,1.00198920148
35628,35635,39258,7,3623,2,7200,1.00193210047
35670,35677,39214,7,3537,2,7200,1.00197907831
35704,35710,46616,6,10906,1,10800,1.00055015588
35767,35778,39436,11,3658,2,7200,1.00300710771
35803,35813,39200,10,3387,2,7200,1.00295246531
35830,35839,39067,9,3228,2,7200,1.00278810409
35872,35883,39614,11,3731,2,7200,1.00294827124
35975,35983,39346,8,3363,2,7200,1.00237882843
35996,36005,39720,9,3715,2,7200,1.00242261104
36023,36029,39323,6,3294,2,7200,1.00182149362
36098,36104,39601,6,3497,2,7200,1.00171575636
36146,36152,39761,6,3609,2,7200,1.00166251039
36161,36167,39658,6,3491,2,7200,1.00171870524
36209,36215,39637,6,3422,2,7200,1.00175336061
36318,36324,39576,6,3252,2,7200,1.00184501845
36330,36336,39990,6,3654,2,7200,1.00164203612
36336,36342,39891,6,3549,2,7200,1.00169061708
36387,36393,39357,6,2964,2,7200,1.0020242915
36550,36556,40073,6,3517,2,7200,1.00170599943
36689,36695,40296,6,3601,2,7200,1.00166620383
36822,36828,40267,6,3439,2,7200,1.00174469322
37210,37217,40332,7,3115,2,7200,1.00224719101
37216,37224,40791,8,3567,2,7200,1.00224278105
37343,37349,40881,6,3532,2,7200,1.00169875425
37764,37770,41417,6,3647,2,7200,1.00164518783
37840,37847,41670,7,3823,2,7200,1.00183102276
38056,38062,41524,6,3462,2,7200,1.00173310225
38298,38304,41588,6,3284,2,7200,1.00182704019
38352,38358,41868,6,3510,2,7200,1.00170940171
38406,38412,41945,6,3533,2,7200,1.00169827342
38620,38626,42356,6,3730,2,7200,1.00160857909
38707,94617,115180,55910,20563,16,144000,3.71896124106
38725,38732,42546,7,3814,2,7200,1.00183534347
38740,38746,42243,6,3497,2,7200,1.00171575636
38876,38882,42299,6,3417,2,7200,1.00175592625
38891,38897,42446,6,3549,2,7200,1.00169061708
38901,38907,42283,6,3376,2,7200,1.00177725118
38906,38915,42373,9,3458,2,7200,1.0026026605
38907,38920,42379,13,3459,2,7200,1.00375831165
38922,38928,42140,6,3212,2,7200,1.00186799502
39018,39025,42640,7,3615,2,7200,1.00193637621
39069,39076,42837,7,3761,2,7200,1.00186120713
39118,39124,42573,6,3449,2,7200,1.00173963468
39202,39208,43027,6,3819,2,7200,1.00157109191
39217,39223,42703,6,3480,2,7200,1.00172413793
39259,39265,42316,6,3051,2,7200,1.00196656834
39322,39329,42769,7,3440,2,7200,1.00203488372
39346,39352,42863,6,3511,2,7200,1.00170891484
39361,39367,42790,6,3423,2,7200,1.00175284838
39436,39442,42961,6,3519,2,7200,1.00170502984
39576,39582,43263,6,3681,2,7200,1.00162999185
39602,39608,43238,6,3630,2,7200,1.00165289256
39617,39623,42957,6,3334,2,7200,1.00179964007
39638,39644,42985,6,3341,2,7200,1.0017958695
39659,39665,43332,6,3667,2,7200,1.00163621489
39722,39728,43107,6,3379,2,7200,1.00177567328
39764,39771,43263,7,3492,2,7200,1.0020045819
39893,39899,43595,6,3696,2,7200,1.00162337662
39990,39996,43457,6,3461,2,7200,1.001733603
40075,40081,43666,6,3585,2,7200,1.00167364017
40128,40134,46176,6,6042,8,14400,1.00099304866
40267,40273,43822,6,3549,2,7200,1.00169061708
40297,40303,43617,6,3314,2,7200,1.00181050091
40335,40341,43928,6,3587,2,7200,1.001672707
40791,40798,44037,7,3239,2,7200,1.00216116085
40882,40888,44198,6,3310,2,7200,1.00181268882
41420,41426,45069,6,3643,2,7200,1.00164699424
41525,41531,45070,6,3539,2,7200,1.00169539418
41588,41594,44943,6,3349,2,7200,1.00179157958
41669,41675,45127,6,3452,2,7200,1.00173812283
41868,41876,45457,8,3581,2,7200,1.00223401285
41947,41953,45374,6,3421,2,7200,1.00175387314
42143,42149,45664,6,3515,2,7200,1.00170697013
42246,42252,45789,6,3537,2,7200,1.00169635284
42285,42291,45729,6,3438,2,7200,1.0017452007
42300,42306,45739,6,3433,2,7200,1.0017477425
42318,42324,45898,6,3574,2,7200,1.00167879127
42357,42363,45878,6,3515,2,7200,1.00170697013
42375,42381,45691,6,3310,2,7200,1.00181268882
42389,42396,45803,7,3407,2,7200,1.00205459348
42446,42453,45913,7,3460,2,7200,1.00202312139
42549,42555,46108,6,3553,2,7200,1.00168871376
42576,42582,46132,6,3550,2,7200,1.00169014085
42642,42648,45908,6,3260,2,7200,1.0018404908
42705,42712,46319,7,3607,2,7200,1.00194067092
42770,42776,46212,6,3436,2,7200,1.00174621653
42790,42796,45997,6,3201,2,7200,1.00187441425
42838,42845,46246,7,3401,2,7200,1.00205821817
42865,42871,46420,6,3549,2,7200,1.00169061708
42958,42965,46785,7,3820,2,7200,1.00183246073
42973,42979,46430,6,3451,2,7200,1.00173862649
42988,42994,46425,6,3431,2,7200,1.00174876129
43027,43033,46275,6,3242,2,7200,1.00185070944
43108,43114,46409,6,3295,2,7200,1.00182094082
43238,43245,46757,7,3512,2,7200,1.00199316629
43265,43276,46653,11,3377,2,7200,1.00325732899
43265,43271,46601,6,3330,2,7200,1.0018018018
43334,43340,46706,6,3366,2,7200,1.00178253119
43458,43464,47024,6,3560,2,7200,1.00168539326
43597,43603,47253,6,3650,2,7200,1.00164383562
43618,43624,47117,6,3493,2,7200,1.00171772116
43669,43675,47327,6,3652,2,7200,1.00164293538
43823,43829,47028,6,3199,2,7200,1.00187558612
43928,43934,47330,6,3396,2,7200,1.00176678445
44037,44043,47514,6,3471,2,7200,1.00172860847
44197,44203,47725,6,3522,2,7200,1.00170357751
44945,44951,48352,6,3401,2,7200,1.001764187
45071,45077,48777,6,3700,2,7200,1.00162162162
45073,45083,48577,10,3494,2,7200,1.00286204923
45128,45135,48782,7,3647,2,7200,1.0019193858
45378,45384,48864,6,3480,2,7200,1.00172413793
45459,45465,49042,6,3577,2,7200,1.00167738328
45664,45671,49436,7,3765,2,7200,1.00185922975
45691,45697,49014,6,3317,2,7200,1.00180886343
45728,45735,49244,7,3509,2,7200,1.00199487033
45742,45748,49236,6,3488,2,7200,1.00172018349
45790,45796,49289,6,3493,2,7200,1.00171772116
45805,45811,49239,6,3428,2,7200,1.00175029172
45880,45887,49551,7,3664,2,7200,1.00191048035
45901,45908,49569,7,3661,2,7200,1.00191204589
45916,45923,49307,7,3384,2,7200,1.00206855792
45918,45929,49477,11,3548,2,7200,1.00310033822
45999,46005,49593,6,3588,2,7200,1.0016722408
46107,46114,49574,7,3460,2,7200,1.00202312139
46134,46141,49553,7,3412,2,7200,1.00205158265
46183,62655,71283,16472,8628,8,86400,2.90913305517
46210,46217,49583,7,3366,2,7200,1.00207961973
46246,46252,49808,6,3556,2,7200,1.00168728909
46276,46282,49774,6,3492,2,7200,1.00171821306
46321,46327,49959,6,3632,2,7200,1.00165198238
46412,46418,49864,6,3446,2,7200,1.00174114916
46427,46432,49933,5,3501,2,7200,1.00142816338
46428,46439,50104,11,3665,2,7200,1.00300136426
46443,46449,50062,6,3613,2,7200,1.0016606698
46603,46609,49779,6,3170,2,7200,1.00189274448
46654,46660,49850,6,3190,2,7200,1.00188087774
46708,46714,49916,6,3202,2,7200,1.00187382886
46759,46765,50342,6,3577,2,7200,1.00167738328
46786,46792,50219,6,3427,2,7200,1.00175080245
47025,47031,50730,6,3699,2,7200,1.00162206002
47028,47037,50355,9,3318,2,7200,1.0027124774
47118,47124,50730,6,3606,2,7200,1.00166389351
47253,47260,50949,7,3689,2,7200,1.00189753321
47330,47336,50876,6,3540,2,7200,1.00169491525
47331,47344,51133,13,3789,2,7200,1.00343098443
47516,47522,50839,6,3317,2,7200,1.00180886343
47727,47733,51317,6,3584,2,7200,1.00167410714
48155,48161,48165,6,4,1,86400,1.0
48354,48360,51633,6,3273,2,7200,1.00183318057
48356,48368,63233,12,14865,2,21600,1.00080726539
48542,48548,54948,6,6400,1,10800,1.0009375
48576,48583,48585,7,2,2,21600,1.0
48579,48591,52215,12,3624,2,7200,1.00331125828
48714,48720,67669,6,18949,1,86400,1.0003166394
48778,48784,52487,6,3703,2,7200,1.00162030786
48781,48791,52511,10,3720,2,7200,1.00268817204
48865,48872,52570,7,3698,2,7200,1.00189291509
49016,49022,52102,6,3080,2,7200,1.00194805195
49043,49049,52346,6,3297,2,7200,1.00181983621
49239,49245,52748,6,3503,2,7200,1.00171281758
49240,49253,53024,13,3771,2,7200,1.00344736144
49245,49258,52544,13,3286,2,7200,1.00395617772
49291,49297,52473,6,3176,2,7200,1.00188916877
49309,49315,53094,6,3779,2,7200,1.00158772162
49320,49327,70968,7,21641,2,21600,1.0003234601
49439,49445,53027,6,3582,2,7200,1.00167504188
49478,49484,53073,6,3589,2,7200,1.00167177487
49554,49560,53216,6,3656,2,7200,1.00164113786
49555,49566,53247,11,3681,2,7200,1.00298831839
49570,49576,53116,6,3540,2,7200,1.00169491525
49582,49589,52887,7,3298,2,7200,1.00212249848
49585,49595,52926,10,3331,2,7200,1.00300210147
49600,49605,52958,5,3353,2,7200,1.00149120191
49775,49781,53358,6,3577,2,7200,1.00167738328
49790,49796,52985,6,3189,2,7200,1.00188146754
49810,49817,53451,7,3634,2,7200,1.00192625206
49850,49856,53298,6,3442,2,7200,1.00174317257
49865,49871,53474,6,3603,2,7200,1.00166527893
49919,49925,53423,6,3498,2,7200,1.00171526587
49933,49940,53520,7,3580,2,7200,1.00195530726
49960,49966,53579,6,3613,2,7200,1.0016606698
50063,50069,53316,6,3247,2,7200,1.00184785956
50105,50111,53660,6,3549,2,7200,1.00169061708
50124,50130,56485,6,6355,2,14400,1.00094413847
50219,50226,53835,7,3609,2,7200,1.00193959546
50343,50349,53831,6,3482,2,7200,1.00172314762
50354,50360,53860,6,3500,2,7200,1.00171428571
50549,50555,63061,6,12506,2,21600,1.00047976971
50652,50659,50715,7,56,1,86400,1.125
50731,50743,54255,12,3512,2,7200,1.00341685649
50732,50738,54245,6,3507,2,7200,1.00171086399
50766,50773,66155,7,15382,2,21600,1.00045507736
50840,50846,54205,6,3359,2,7200,1.00178624591
50877,50888,50922,11,34,1,86400,1.32352941176
50877,50883,54389,6,3506,2,7200,1.00171135197
50948,50954,54406,6,3452,2,7200,1.00173812283
50989,50995,72627,6,21632,2,21600,1.00027736686
51094,51100,51130,6,30,1,86400,1.2
51136,51142,54701,6,3559,2,7200,1.00168586682
51222,51229,51263,7,34,1,86400,1.20588235294
51232,51239,72872,7,21633,2,21600,1.00032357972
51316,51322,54617,6,3295,2,7200,1.00182094082
51380,51386,53217,6,1831,8,3600,1.00327689787
51532,53231,57999,1699,4768,1,86400,1.35633389262
51632,51639,55217,7,3578,2,7200,1.00195640022
52103,52109,55766,6,3657,2,7200,1.00164068909
52215,52221,55477,6,3256,2,7200,1.00184275184
52347,52353,55931,6,3578,2,7200,1.00167691448
52474,52481,55779,7,3298,2,7200,1.00212249848
52489,52495,56080,6,3585,2,7200,1.00167364017
52512,52518,55883,6,3365,2,7200,1.00178306092
52545,52551,56019,6,3468,2,7200,1.00173010381
52573,52579,55785,6,3206,2,7200,1.00187149095
52748,52755,56257,7,3502,2,7200,1.0019988578
52885,52891,56515,6,3624,2,7200,1.00165562914
52926,52934,56377,8,3443,2,7200,1.00232355504
52960,52966,56765,6,3799,2,7200,1.00157936299
52986,52993,56524,7,3531,2,7200,1.00198244123
53026,53032,56536,6,3504,2,7200,1.00171232877
53040,53046,56290,6,3244,2,7200,1.00184956843
53070,53076,56695,6,3619,2,7200,1.00165791655
53094,53100,56694,6,3594,2,7200,1.00166944908
53118,53124,56704,6,3580,2,7200,1.00167597765
53218,53224,56632,6,3408,2,7200,1.00176056338
53247,53254,56997,7,3743,2,7200,1.00187015763
53299,53305,56572,6,3267,2,7200,1.00183654729
53317,53323,56778,6,3455,2,7200,1.0017366136
53359,53365,57026,6,3661,2,7200,1.00163889648
53425,53432,57056,7,3624,2,7200,1.00193156733
53452,53458,56975,6,3517,2,7200,1.00170599943
53476,53482,56973,6,3491,2,7200,1.00171870524
53521,53527,57232,6,3705,2,7200,1.0016194332
53581,53587,56946,6,3359,2,7200,1.00178624591
53663,53669,57250,6,3581,2,7200,1.00167550963
53832,53838,57491,6,3653,2,7200,1.00164248563
53846,53853,57420,7,3567,2,7200,1.00196243342
53860,53866,57361,6,3495,2,7200,1.0017167382
54115,54122,54136,7,14,1,86400,1.5
54206,54212,57618,6,3406,2,7200,1.00176159718
54245,54251,58010,6,3759,2,7200,1.00159616919
54254,54261,57585,7,3324,2,7200,1.00210589651
54390,54396,57825,6,3429,2,7200,1.00174978128
54408,54414,57970,6,3556,2,7200,1.00168728909
54616,54622,58033,6,3411,2,7200,1.00175901495
54704,54710,58074,6,3364,2,7200,1.00178359096
54847,54853,62644,6,7791,1,86400,1.00077011937
54887,55787,55790,900,3,16,7200,90.3
55216,55223,58913,7,3690,2,7200,1.00189701897
55481,55794,59441,313,3647,2,7200,1.0858239649
55767,55801,59204,34,3403,2,7200,1.00999118425
55782,55806,59366,24,3560,2,7200,1.00674157303
55797,55813,59248,16,3435,2,7200,1.00465793304
55883,55889,59586,6,3697,2,7200,1.00162293752
55929,55935,59295,6,3360,2,7200,1.00178571429
56019,56025,59494,6,3469,2,7200,1.00172960507
56083,56090,59774,7,3684,2,7200,1.00190010858
56257,56264,59812,7,3548,2,7200,1.0019729425
56291,56297,59508,6,3211,2,7200,1.00186857677
56378,56384,59935,6,3551,2,7200,1.00168966488
56513,56519,59895,6,3376,2,7200,1.00177725118
56525,56532,60276,7,3744,2,7200,1.00186965812
56540,56547,60043,7,3496,2,7200,1.00200228833
56570,56576,59982,6,3406,2,7200,1.00176159718
56634,56640,60080,6,3440,2,7200,1.00174418605
56697,56703,60259,6,3556,2,7200,1.00168728909
56698,56710,60485,12,3775,2,7200,1.00317880795
56713,56719,60238,6,3519,2,7200,1.00170502984
56767,56773,60134,6,3361,2,7200,1.00178518298
56782,56788,60283,6,3495,2,7200,1.0017167382
56948,56954,60459,6,3505,2,7200,1.00171184023
56975,56981,60520,6,3539,2,7200,1.00169539418
56976,56989,60702,13,3713,2,7200,1.00350121196
56998,57004,60361,6,3357,2,7200,1.0017873101
57027,57034,60679,7,3645,2,7200,1.00192043896
57057,57064,60806,7,3742,2,7200,1.0018706574
57232,57238,60978,6,3740,2,7200,1.00160427807
57253,57259,60597,6,3338,2,7200,1.00179748352
57286,57377,57385,91,8,16,7200,9.9
57364,57370,60708,6,3338,2,7200,1.00179748352
57423,57429,61023,6,3594,2,7200,1.00166944908
57492,57498,60932,6,3434,2,7200,1.00174723355
57586,57593,61061,7,3468,2,7200,1.00201845444
57617,57624,61169,7,3545,2,7200,1.00197461213
57705,57712,70936,7,13224,8,21600,1.00052934059
57828,57834,61205,6,3371,2,7200,1.00177988727
57969,57975,61221,6,3246,2,7200,1.00184842884
58011,58018,61566,7,3548,2,7200,1.0019729425
58035,58041,61430,6,3389,2,7200,1.00177043376
58075,58081,61513,6,3432,2,7200,1.00174825175
58367,59379,63216,1012,3837,16,7200,1.26374771957
58915,58921,62439,6,3518,2,7200,1.0017055145
59207,59454,62937,247,3483,2,7200,1.07091587712
59249,59507,63071,258,3564,2,7200,1.07239057239
59297,59520,63085,223,3565,2,7200,1.06255259467
59366,59600,63242,234,3642,2,7200,1.06425041186
59444,59785,63412,341,3627,2,7200,1.09401709402
59494,59501,63110,7,3609,2,7200,1.00193959546
59510,59823,63246,313,3423,2,7200,1.09144025708
59587,59594,62863,7,3269,2,7200,1.00214132762
59776,59908,63508,132,3600,2,7200,1.03666666667
59815,59947,63454,132,3507,2,7200,1.0376390077
59894,59901,63222,7,3321,2,7200,1.00210779886
59938,59995,63463,57,3468,2,7200,1.01643598616
59982,59988,63362,6,3374,2,7200,1.00177830468
60044,60055,63839,11,3784,2,7200,1.00290697674
60080,60092,63741,12,3649,2,7200,1.00328857221
60137,60147,63743,10,3596,2,7200,1.00278086763
60239,60250,63850,11,3600,2,7200,1.00305555556
60260,60271,63676,11,3405,2,7200,1.00323054332
60278,60287,64028,9,3741,2,7200,1.00240577386
60293,60300,64037,7,3737,2,7200,1.00187316029
60362,60374,63817,12,3443,2,7200,1.00348533256
60458,60471,63682,13,3211,2,7200,1.004048583
60486,60498,63894,12,3396,2,7200,1.0035335689
60522,60532,64076,10,3544,2,7200,1.00282167043
60600,60609,64094,9,3485,2,7200,1.00258249641
60681,60691,64356,10,3665,2,7200,1.00272851296
60702,60715,64212,13,3497,2,7200,1.00371747212
60709,60721,64010,12,3289,2,7200,1.00364852539
60808,60817,64288,9,3471,2,7200,1.00259291271
60932,60944,64573,12,3629,2,7200,1.00330669606
60980,60990,64774,10,3784,2,7200,1.00264270613
61025,61034,64600,9,3566,2,7200,1.00252383623
61063,61069,64422,6,3353,2,7200,1.00178944229
61168,61174,64705,6,3531,2,7200,1.00169923534
61205,61212,64713,7,3501,2,7200,1.00199942873
61222,61228,64752,6,3524,2,7200,1.00170261067
61433,61439,64988,6,3549,2,7200,1.00169061708
61516,61522,64932,6,3410,2,7200,1.00175953079
61567,61573,65113,6,3540,2,7200,1.00169491525
62441,62452,65641,11,3189,2,7200,1.00344935717
62863,62870,66280,7,3410,2,7200,1.00205278592
62939,62949,66232,10,3283,2,7200,1.00304599452
63072,63078,66330,6,3252,2,7200,1.00184501845
63087,63093,66594,6,3501,2,7200,1.00171379606
63092,63099,63100,7,1,1,900,1.0
63111,63117,66568,6,3451,2,7200,1.00173862649
63117,63227,92467,110,29240,1,86400,1.0037619699
63222,63234,66669,12,3435,2,7200,1.00349344978
63244,63250,66856,6,3606,2,7200,1.00166389351
63258,63264,66943,6,3679,2,7200,1.00163087796
63364,63375,77804,11,14429,2,14400,1.00076235359
63364,63370,67009,6,3639,2,7200,1.00164880462
63415,63421,66940,6,3519,2,7200,1.00170502984
63457,63463,67140,6,3677,2,7200,1.00163176503
63472,63478,66922,6,3444,2,7200,1.00174216028
63508,63514,67039,6,3525,2,7200,1.00170212766
63515,63756,67344,241,3588,16,7200,1.06716833891
63677,63830,67238,153,3408,2,7200,1.0448943662
63691,63850,67324,159,3474,2,7200,1.04576856649
63743,63862,67187,119,3325,2,7200,1.03578947368
63757,63905,67175,148,3270,2,7200,1.04525993884
63817,64041,67389,224,3348,2,7200,1.06690561529
63841,64048,67329,207,3281,2,7200,1.06309052118
63856,64087,67583,231,3496,2,7200,1.06607551487
63895,64106,67647,211,3541,2,7200,1.05958768709
64007,64013,67471,6,3458,2,7200,1.001735107
64031,64146,67533,115,3387,2,7200,1.03395335105
64046,64224,67828,178,3604,2,7200,1.04938956715
64079,64299,67923,220,3624,2,7200,1.06070640177
64096,64369,67739,273,3370,2,7200,1.08100890208
64214,64586,68033,372,3447,2,7200,1.10791993037
64290,64612,68141,322,3529,2,7200,1.09124397846
64359,64719,68324,360,3605,2,7200,1.09986130374
64423,64430,67700,7,3270,2,7200,1.00214067278
64574,64725,68294,151,3569,2,7200,1.04230876996
64601,64764,68331,163,3567,2,7200,1.04569666386
64706,64712,67855,6,3143,2,7200,1.00190900414
64715,64786,68284,71,3498,2,7200,1.02029731275
64751,64757,68381,6,3624,2,7200,1.00165562914
64775,64944,68462,169,3518,2,7200,1.04803865833
64933,65002,68524,69,3522,2,7200,1.0195911414
64989,64996,68430,7,3434,2,7200,1.00203843914
65114,65125,68405,11,3280,2,7200,1.00335365854
65643,65649,68912,6,3263,2,7200,1.00183879865
66234,66241,69740,7,3499,2,7200,1.00200057159
66279,66285,69600,6,3315,2,7200,1.00180995475
66331,66337,69415,6,3078,2,7200,1.00194931774
66571,66577,70007,6,3430,2,7200,1.00174927114
66596,66602,70160,6,3558,2,7200,1.00168634064
66668,66674,70095,6,3421,2,7200,1.00175387314
66856,66862,70439,6,3577,2,7200,1.00167738328
66922,66930,70400,8,3470,2,7200,1.0023054755
66940,66947,70403,7,3456,2,7200,1.00202546296
66955,66961,70310,6,3349,2,7200,1.00179157958
67011,67017,70677,6,3660,2,7200,1.00163934426
67039,67045,70464,6,3419,2,7200,1.00175489909
67142,67148,70660,6,3512,2,7200,1.00170842825
67178,67184,70353,6,3169,2,7200,1.00189334175
67193,67198,70751,5,3553,2,7200,1.00140726147
67241,67247,70956,6,3709,2,7200,1.00161768671
67325,67331,70921,6,3590,2,7200,1.00167130919
67340,67346,70705,6,3359,2,7200,1.00178624591
67391,67397,70963,6,3566,2,7200,1.00168255749
67473,67479,70966,6,3487,2,7200,1.0017206768
67536,67542,71191,6,3649,2,7200,1.00164428611
67584,67590,70717,6,3127,2,7200,1.00191877199
67647,67653,70975,6,3322,2,7200,1.00180614088
67702,67708,71002,6,3294,2,7200,1.00182149362
67740,67746,70928,6,3182,2,7200,1.00188560654
67830,67837,71328,7,3491,2,7200,1.00200515612
67855,67861,70930,6,3069,2,7200,1.00195503421
67924,67930,71491,6,3561,2,7200,1.00168491997
68036,68042,71611,6,3569,2,7200,1.00168114318
68141,68147,71778,6,3631,2,7200,1.00165243735
68286,68292,71909,6,3617,2,7200,1.00165883329
68301,68307,71926,6,3619,2,7200,1.00165791655
68325,68331,71876,6,3545,2,7200,1.00169252468
68340,68346,71383,6,3037,2,7200,1.00197563385
68383,68389,71870,6,3481,2,7200,1.00172364263
68406,68412,71729,6,3317,2,7200,1.00180886343
68431,68437,72150,6,3713,2,7200,1.00161594398
68463,68469,71918,6,3449,2,7200,1.00173963468
68526,68533,71854,7,3321,2,7200,1.00210779886
68911,68917,72185,6,3268,2,7200,1.00183598531
69416,69422,72999,6,3577,2,7200,1.00167738328
69598,69604,73216,6,3612,2,7200,1.00166112957
69739,69745,73334,6,3589,2,7200,1.00167177487
70005,70011,73397,6,3386,2,7200,1.00177200236
70095,70102,73718,7,3616,2,7200,1.00193584071
70161,70167,73628,6,3461,2,7200,1.001733603
70312,70318,73782,6,3464,2,7200,1.00173210162
70354,70360,73776,6,3416,2,7200,1.00175644028
70402,70408,74259,6,3851,2,7200,1.00155803687
70404,70414,74191,10,3777,2,7200,1.00264760392
70440,70446,73923,6,3477,2,7200,1.00172562554
70467,70473,73977,6,3504,2,7200,1.00171232877
70660,70666,74054,6,3388,2,7200,1.00177095632
70676,70683,74125,7,3442,2,7200,1.00203370134
70705,70711,74479,6,3768,2,7200,1.00159235669
70720,70726,74182,6,3456,2,7200,1.00173611111
70753,70759,74260,6,3501,2,7200,1.00171379606
70919,70925,74654,6,3729,2,7200,1.00160901046
70929,70936,74385,7,3449,2,7200,1.00202957379
70934,70946,74445,12,3499,2,7200,1.0034295513
70958,70964,74638,6,3674,2,7200,1.00163309744
70965,70972,74252,7,3280,2,7200,1.00213414634
70973,70979,74406,6,3427,2,7200,1.00175080245
70988,70994,74302,6,3308,2,7200,1.00181378476
71002,71008,74498,6,3490,2,7200,1.00171919771
71193,71199,74652,6,3453,2,7200,1.00173761946
71329,71335,74990,6,3655,2,7200,1.00164158687
71383,71389,75118,6,3729,2,7200,1.00160901046
71492,71499,74866,7,3367,2,7200,1.00207900208
71612,71619,75064,7,3445,2,7200,1.00203193033
71730,71736,75303,6,3567,2,7200,1.00168208579
71778,71784,75544,6,3760,2,7200,1.00159574468
71857,71863,75604,6,3741,2,7200,1.00160384924
71870,71876,75245,6,3369,2,7200,1.0017809439
71877,71884,75155,7,3271,2,7200,1.00214001834
71910,71917,75482,7,3565,2,7200,1.00196353436
71925,71931,75352,6,3421,2,7200,1.00175387314
71940,71946,75444,6,3498,2,7200,1.00171526587
72148,72154,75728,6,3574,2,7200,1.00167879127
72184,72190,75887,6,3697,2,7200,1.00162293752
73002,73008,76434,6,3426,2,7200,1.00175131349
73216,73223,76700,7,3477,2,7200,1.0020132298
73336,73342,76912,6,3570,2,7200,1.00168067227
73397,73404,76794,7,3390,2,7200,1.00206489676
73631,73637,77109,6,3472,2,7200,1.0017281106
73719,73726,77328,7,3602,2,7200,1.0019433648
73779,73785,77340,6,3555,2,7200,1.00168776371
73794,73800,77001,6,3201,2,7200,1.00187441425
73926,73933,77566,7,3633,2,7200,1.00192678227
73977,73984,77726,7,3742,2,7200,1.0018706574
74056,74063,77768,7,3705,2,7200,1.00188933873
74123,74129,77567,6,3438,2,7200,1.0017452007
74182,74188,77756,6,3568,2,7200,1.00168161435
74197,74203,77732,6,3529,2,7200,1.00170019836
74252,74259,77674,7,3415,2,7200,1.00204978038
74261,74266,77660,5,3394,2,7200,1.00147318798
74262,74274,77815,12,3541,2,7200,1.0033888732
74304,74310,77786,6,3476,2,7200,1.00172612198
74385,74391,77866,6,3475,2,7200,1.00172661871
74407,74413,77902,6,3489,2,7200,1.00171969046
74446,74452,77688,6,3236,2,7200,1.00185414091
74482,74488,78118,6,3630,2,7200,1.00165289256
74496,74502,77787,6,3285,2,7200,1.00182648402
74612,74618,113068,6,38450,3,86400,1.00015604681
74639,74645,78159,6,3514,2,7200,1.00170745589
74654,74660,77984,6,3324,2,7200,1.00180505415
74655,74667,78330,12,3663,2,7200,1.00327600328
74870,74876,78402,6,3526,2,7200,1.00170164492
74991,74997,78395,6,3398,2,7200,1.00176574456
75066,75072,78569,6,3497,2,7200,1.00171575636
75120,75126,78759,6,3633,2,7200,1.00165152766
75156,75162,78540,6,3378,2,7200,1.00177619893
75241,75247,78909,6,3662,2,7200,1.00163844894
75304,75310,78773,6,3463,2,7200,1.00173260179
75355,75361,78939,6,3578,2,7200,1.00167691448
75445,75451,78981,6,3530,2,7200,1.00169971671
75484,75490,78865,6,3375,2,7200,1.00177777778
75547,75553,79157,6,3604,2,7200,1.00166481687
75605,75611,78764,6,3153,2,7200,1.00190294957
75729,75735,79237,6,3502,2,7200,1.00171330668
75886,75892,79105,6,3213,2,7200,1.00186741363
76437,76443,79802,6,3359,2,7200,1.00178624591
76696,76704,79828,8,3124,2,7200,1.00256081946
76796,76802,80139,6,3337,2,7200,1.00179802218
76913,76919,80411,6,3492,2,7200,1.00171821306
77003,77009,80305,6,3296,2,7200,1.00182038835
77112,77118,80609,6,3491,2,7200,1.00171870524
77329,77335,80637,6,3302,2,7200,1.00181708056
77341,77347,80929,6,3582,2,7200,1.00167504188
77567,77578,81200,11,3622,2,7200,1.00303699613
77567,77573,81325,6,3752,2,7200,1.00159914712
77661,77667,81425,6,3758,2,7200,1.00159659393
77672,77679,81115,7,3436,2,7200,1.00203725262
77688,77694,81489,6,3795,2,7200,1.00158102767
77727,77733,81130,6,3397,2,7200,1.00176626435
77742,77748,81407,6,3659,2,7200,1.00163979229
77756,77763,81197,7,3434,2,7200,1.00203843914
77771,77777,81441,6,3664,2,7200,1.00163755459
77787,77793,81241,6,3448,2,7200,1.00174013921
77789,77800,81613,11,3813,2,7200,1.00288486756
77816,77822,81341,6,3519,2,7200,1.00170502984
77868,77874,81488,6,3614,2,7200,1.00166021029
77903,77910,81725,7,3815,2,7200,1.00183486239
77985,77991,81620,6,3629,2,7200,1.00165334803
78121,78128,81345,7,3217,2,7200,1.00217594032
78161,78167,81643,6,3476,2,7200,1.00172612198
78334,78340,81763,6,3423,2,7200,1.00175284838
78397,78403,81979,6,3576,2,7200,1.00167785235
78412,78418,81976,6,3558,2,7200,1.00168634064
78541,78548,82031,7,3483,2,7200,1.0020097617
78571,78577,81948,6,3371,2,7200,1.00177988727
78761,78767,82311,6,3544,2,7200,1.00169300226
78778,78785,82466,7,3681,2,7200,1.00190165716
78779,78791,82248,12,3457,2,7200,1.00347121782
78866,78873,82395,7,3522,2,7200,1.0019875071
78909,78916,82357,7,3441,2,7200,1.00203429236
78942,78948,82313,6,3365,2,7200,1.00178306092
78984,78990,82506,6,3516,2,7200,1.00170648464
79105,79111,82552,6,3441,2,7200,1.00174367916
79159,79165,82533,6,3368,2,7200,1.00178147268
79238,79244,82653,6,3409,2,7200,1.00176004693
79804,79810,83271,6,3461,2,7200,1.001733603
79826,79832,83552,6,3720,2,7200,1.00161290323
80140,80146,83555,6,3409,2,7200,1.00176004693
80306,80312,83957,6,3645,2,7200,1.00164609053
80411,80417,83974,6,3557,2,7200,1.00168681473
80610,80616,84191,6,3575,2,7200,1.00167832168
80638,80644,84075,6,3431,2,7200,1.00174876129
80929,80936,84634,7,3698,2,7200,1.00189291509
81115,81121,84403,6,3282,2,7200,1.00182815356
81131,81137,84747,6,3610,2,7200,1.00166204986
81197,81203,85047,6,3844,2,7200,1.00156087409
81199,81209,84454,10,3245,2,7200,1.0030816641
81241,81247,84660,6,3413,2,7200,1.00175798418
81327,81333,84873,6,3540,2,7200,1.00169491525
81342,81348,84830,6,3482,2,7200,1.00172314762
81357,81363,85097,6,3734,2,7200,1.00160685592
81408,81414,85038,6,3624,2,7200,1.00165562914
81426,81432,84833,6,3401,2,7200,1.001764187
81444,81450,84779,6,3329,2,7200,1.00180234305
81489,81500,84897,11,3397,2,7200,1.00323815131
81489,81495,84783,6,3288,2,7200,1.00182481752
81616,81622,85174,6,3552,2,7200,1.00168918919
81630,81636,85303,6,3667,2,7200,1.00163621489
81645,81651,85127,6,3476,2,7200,1.00172612198
81704,81710,88840,6,7130,2,21600,1.00084151473
81726,81733,85309,7,3576,2,7200,1.00195749441
81765,81772,85106,7,3334,2,7200,1.00209958008
81950,81956,85517,6,3561,2,7200,1.00168491997
81976,81983,85515,7,3532,2,7200,1.00198187995
81991,81997,85545,6,3548,2,7200,1.00169109357
82033,82040,85533,7,3493,2,7200,1.00200400802
82248,82255,85717,7,3462,2,7200,1.00202195263
82311,82318,85788,7,3470,2,7200,1.00201729107
82326,82332,85814,6,3482,2,7200,1.00172314762
82358,82364,85566,6,3202,2,7200,1.00187382886
82396,82402,85814,6,3412,2,7200,1.00175849941
82468,82474,85942,6,3468,2,7200,1.00173010381
82507,82513,86048,6,3535,2,7200,1.00169731259
82534,82540,86072,6,3532,2,7200,1.00169875425
82551,82557,85617,6,3060,2,7200,1.00196078431
82654,82660,85885,6,3225,2,7200,1.00186046512
83272,83278,86853,6,3575,2,7200,1.00167832168
83552,83558,87025,6,3467,2,7200,1.00173060283
83567,83573,86765,6,3192,2,7200,1.00187969925
83959,83965,87663,6,3698,2,7200,1.00162249865
83977,83983,87619,6,3636,2,7200,1.00165016502
84078,84084,87715,6,3631,2,7200,1.00165243735
84194,84200,87659,6,3459,2,7200,1.00173460538
84400,84406,87776,6,3370,2,7200,1.00178041543
84454,84461,87847,7,3386,2,7200,1.00206733609
84635,84642,88177,7,3535,2,7200,1.00198019802
84662,84668,87941,6,3273,2,7200,1.00183318057
84750,84756,87923,6,3167,2,7200,1.00189453742
84780,84786,88346,6,3560,2,7200,1.00168539326
84795,84801,88149,6,3348,2,7200,1.0017921147
84831,84837,88182,6,3345,2,7200,1.00179372197
84846,84852,88361,6,3509,2,7200,1.00170988886
84876,84882,88376,6,3494,2,7200,1.00171722954
84897,84903,88360,6,3457,2,7200,1.00173560891
85038,85045,88736,7,3691,2,7200,1.00189650501
85053,85059,88517,6,3458,2,7200,1.001735107
85098,85104,88250,6,3146,2,7200,1.00190718373
85113,85119,88673,6,3554,2,7200,1.0016882386
85128,85134,88708,6,3574,2,7200,1.00167879127
85176,85182,88743,6,3561,2,7200,1.00168491997
85306,85312,89047,6,3735,2,7200,1.0016064257
85320,85327,88893,7,3566,2,7200,1.00196298374
85517,85523,88967,6,3444,2,7200,1.00174216028
85532,85538,89145,6,3607,2,7200,1.00166343222
85547,85553,89285,6,3732,2,7200,1.00160771704
85548,85559,89029,11,3470,2,7200,1.00317002882
85565,85571,89045,6,3474,2,7200,1.00172711572
85619,85625,89012,6,3387,2,7200,1.00177147919
85717,85723,89424,6,3701,2,7200,1.00162118346
85790,85796,89271,6,3475,2,7200,1.00172661871
85817,85823,89554,6,3731,2,7200,1.00160814795
85818,85830,89253,12,3423,2,7200,1.00350569676
85887,85893,89338,6,3445,2,7200,1.00174165457
85945,85951,89703,6,3752,2,7200,1.00159914712
86050,86056,89989,6,3933,2,7200,1.00152555301
86074,86080,89584,6,3504,2,7200,1.00171232877
86766,86772,90133,6,3361,2,7200,1.00178518298
86855,86861,90196,6,3335,2,7200,1.00179910045
87022,87029,90308,7,3279,2,7200,1.00213479719
87621,87628,91280,7,3652,2,7200,1.00191675794
87661,87669,91191,8,3522,2,7200,1.00227143668
87675,87681,91151,6,3470,2,7200,1.00172910663
87716,87722,91290,6,3568,2,7200,1.00168161435
87776,87782,91130,6,3348,2,7200,1.0017921147
87849,87855,91422,6,3567,2,7200,1.00168208579
87926,88851,92539,925,3688,2,7200,1.25081344902
87942,87948,90984,6,3036,2,7200,1.00197628458
88151,91163,94599,3012,3436,2,7200,1.87660069849
88179,91203,94442,3024,3239,2,7200,1.93362148811
88193,91292,94573,3099,3281,2,7200,1.94452910698
88250,92479,95993,4229,3514,2,7200,2.20347182698
88347,92550,96110,4203,3560,2,7200,2.18061797753
88359,88365,91729,6,3364,2,7200,1.00178359096
88362,94456,97806,6094,3350,2,7200,2.81910447761
88376,94585,98120,6209,3535,2,7200,2.75643564356
88518,94610,98175,6092,3565,2,7200,2.70883590463
88675,94622,98285,5947,3663,2,7200,2.62353262353
88711,94628,98024,5917,3396,2,7200,2.74234393404
88738,94633,98088,5895,3455,2,7200,2.70622286541
88752,94638,97921,5886,3283,2,7200,2.79287237283
88891,94643,97977,5752,3334,2,7200,2.72525494901
88969,94649,98301,5680,3652,2,7200,2.55531215772
89014,89021,92467,7,3446,2,7200,1.00203134068
89029,94654,98184,5625,3530,2,7200,2.59348441926
89047,89053,92506,6,3453,2,7200,1.00173761946
89047,94659,98140,5612,3481,2,7200,2.61218040793
89146,94664,98501,5518,3837,2,7200,2.43810268439
89255,94670,98150,5415,3480,2,7200,2.55603448276
89273,94675,98074,5402,3399,2,7200,2.58929096793
89288,94680,98146,5392,3466,2,7200,2.55568378534
89336,89344,92898,8,3554,2,7200,1.00225098481
89426,94686,98394,5260,3708,2,7200,2.41855447681
89556,94691,98611,5135,3920,2,7200,2.30994897959
89586,94696,98437,5110,3741,2,7200,2.36594493451
89706,94701,98138,4995,3437,2,7200,2.45330229852
89989,94707,98245,4718,3538,2,7200,2.33352176371
90132,90139,93544,7,3405,2,7200,1.00205580029
90198,94712,98060,4514,3348,2,7200,2.34826762246
90310,90317,93462,7,3145,2,7200,1.00222575517
90982,90988,94156,6,3168,2,7200,1.00189393939
91129,91136,94695,7,3559,2,7200,1.00196684462
91152,94717,98288,3565,3571,2,7200,1.99831979838
91192,94722,98536,3530,3814,2,7200,1.92553749345
91282,94728,98073,3446,3345,2,7200,2.03019431988
91289,91299,94537,10,3238,2,7200,1.00308832613
91418,91425,94628,7,3203,2,7200,1.00218545114
91729,91735,94928,6,3193,2,7200,1.00187911055
92467,92473,95875,6,3402,2,7200,1.00176366843
92503,92509,95761,6,3252,2,7200,1.00184501845
92521,94754,131260,2233,36506,1,86400,1.06116802717
92542,94733,98266,2191,3533,2,7200,1.62015284461
92898,92904,96310,6,3406,2,7200,1.00176159718
93462,93468,96876,6,3408,2,7200,1.00176056338
93546,93552,96787,6,3235,2,7200,1.00185471406
94155,94162,97266,7,3104,2,7200,1.00225515464
94444,94738,98568,294,3830,2,7200,1.07676240209
94540,94546,98153,6,3607,2,7200,1.00166343222
94574,94744,98123,170,3379,2,7200,1.05031074282
94601,94749,98308,148,3559,2,7200,1.04158471481
94632,94760,98221,128,3461,2,7200,1.03698353077
94695,94766,98248,71,3482,2,7200,1.02039058013
94925,94931,98472,6,3541,2,7200,1.0016944366
95184,95190,95264,6,74,16,540000,1.08108108108
95295,95301,635332,6,540031,12,540000,1.00001111047
95764,95771,99057,7,3286,2,7200,1.00213024954
95780,95786,95959,6,173,1,3600,1.03468208092
95873,95879,99267,6,3388,2,7200,1.00177095632
95994,96000,99424,6,3424,2,7200,1.00175233645
96108,96119,96477,11,358,1,3600,1.03072625698
96108,96114,99231,6,3117,2,7200,1.00192492782
96311,96317,99707,6,3390,2,7200,1.0017699115
96786,96792,100483,6,3691,2,7200,1.00162557572
96847,96853,97598,6,745,1,3600,1.00805369128
96876,96882,99917,6,3035,2,7200,1.00197693575
97265,97271,100641,6,3370,2,7200,1.00178041543
97809,97815,101147,6,3332,2,7200,1.00180072029
97923,97929,101456,6,3527,2,7200,1.00170116246
97977,97983,101483,6,3500,2,7200,1.00171428571
98025,98031,101314,6,3283,2,7200,1.00182759671
98061,98067,101673,6,3606,2,7200,1.00166389351
98077,98083,101624,6,3541,2,7200,1.0016944366
98078,98089,101519,11,3430,2,7200,1.00320699708
98093,98099,101623,6,3524,2,7200,1.00170261067
98121,98127,101409,6,3282,2,7200,1.00182815356
98136,98142,101499,6,3357,2,7200,1.0017873101
98151,98157,101729,6,3572,2,7200,1.00167973124
98153,98163,101740,10,3577,2,7200,1.0027956388
98154,98168,101588,14,3420,2,7200,1.00409356725
98155,98179,101673,24,3494,2,7200,1.00686891815
98155,98174,101771,19,3597,2,7200,1.00528217959
98178,98185,101462,7,3277,2,7200,1.00213610009
98193,98199,101727,6,3528,2,7200,1.00170068027
98222,98228,101680,6,3452,2,7200,1.00173812283
98245,98251,101557,6,3306,2,7200,1.00181488203
98249,98257,101830,8,3573,2,7200,1.00223901483
98269,98275,101851,6,3576,2,7200,1.00167785235
98286,98293,101568,7,3275,2,7200,1.00213740458
98302,98308,101623,6,3315,2,7200,1.00180995475
98304,98314,101577,10,3263,2,7200,1.00306466442
98318,98324,101590,6,3266,2,7200,1.00183710961
98397,98403,101929,6,3526,2,7200,1.00170164492
98439,98445,101986,6,3541,2,7200,1.0016944366
98472,98479,101969,7,3490,2,7200,1.00200573066
98502,98508,101882,6,3374,2,7200,1.00177830468
98538,98544,102054,6,3510,2,7200,1.00170940171
98571,98578,101859,7,3281,2,7200,1.00213349589
98614,98620,102154,6,3534,2,7200,1.00169779287
98914,98921,99037,7,116,1,3600,1.06034482759
99059,99065,102573,6,3508,2,7200,1.00171037628
99213,99219,99539,6,320,1,3600,1.01875
99234,99240,102734,6,3494,2,7200,1.00171722954
99267,99273,102754,6,3481,2,7200,1.00172364263
99349,99355,99523,6,168,1,3600,1.03571428571
99427,99433,102817,6,3384,2,7200,1.00177304965
99697,99703,100060,6,357,1,3600,1.01680672269
99709,99716,103135,7,3419,2,7200,1.00204738228
99918,99924,103405,6,3481,2,7200,1.00172364263
100029,100035,100644,6,609,1,3600,1.00985221675
100419,100425,101275,6,850,1,3600,1.00705882353
100483,100489,103670,6,3181,2,7200,1.00188619931
100640,100646,104177,6,3531,2,7200,1.00169923534
101148,101155,104925,7,3770,2,7200,1.00185676393
101316,101322,104666,6,3344,2,7200,1.00179425837
101411,101417,105037,6,3620,2,7200,1.00165745856
101459,101465,104815,6,3350,2,7200,1.00179104478
101474,101480,105010,6,3530,2,7200,1.00169971671
101489,101494,104831,5,3337,2,7200,1.00149835181
101503,101509,105166,6,3657,2,7200,1.00164068909
101521,101527,104971,6,3444,2,7200,1.00174216028
101557,101564,105161,7,3597,2,7200,1.00194606617
101572,101578,104953,6,3375,2,7200,1.00177777778
101587,101593,105103,6,3510,2,7200,1.00170940171
101602,101609,105359,7,3750,2,7200,1.00186666667
101604,101615,105031,11,3416,2,7200,1.00322014052
101625,101631,104952,6,3321,2,7200,1.00180668473
101626,101637,104884,11,3247,2,7200,1.00338774253
101628,101643,105326,15,3683,2,7200,1.00407276677
101676,101682,105265,6,3583,2,7200,1.00167457438
101676,101687,105121,11,3434,2,7200,1.0032032615
101691,101697,105176,6,3479,2,7200,1.00172463352
101730,101737,105436,7,3699,2,7200,1.00189240335
101732,101743,105243,11,3500,2,7200,1.00314285714
101747,101753,105256,6,3503,2,7200,1.00171281758
101768,101774,104984,6,3210,2,7200,1.00186915888
101829,101835,105324,6,3489,2,7200,1.00171969046
101852,101858,105498,6,3640,2,7200,1.00164835165
101867,101873,105265,6,3392,2,7200,1.00176886792
101885,101891,105226,6,3335,2,7200,1.00179910045
101930,101936,105732,6,3796,2,7200,1.00158061117
101968,101974,105439,6,3465,2,7200,1.00173160173
101987,101993,105445,6,3452,2,7200,1.00173812283
102057,102063,105679,6,3616,2,7200,1.00165929204
102156,102162,105494,6,3332,2,7200,1.00180072029
102570,102576,102689,6,113,1,3600,1.05309734513
102576,102582,105976,6,3394,2,7200,1.00176782557
102738,102744,106471,6,3727,2,7200,1.00160987389
102754,102761,106135,7,3374,2,7200,1.0020746888
102817,102823,106660,6,3837,2,7200,1.00156372166
102870,102876,103192,6,316,1,3600,1.01898734177
103050,103056,103175,6,119,1,1800,1.05042016807
103134,103140,106866,6,3726,2,7200,1.00161030596
103407,103413,106856,6,3443,2,7200,1.00174266628
103476,103482,103601,6,119,1,1800,1.05042016807
103670,103676,106939,6,3263,2,7200,1.00183879865
103675,103682,104290,7,608,1,3600,1.01151315789
103794,103801,118375,7,14574,20,259200,1.0004803074
104177,104183,107476,6,3293,2,7200,1.00182204677
104278,104284,104872,6,588,1,1800,1.01020408163
104668,104674,108324,6,3650,2,7200,1.00164383562
104816,104822,108363,6,3541,2,7200,1.0016944366
104834,104840,108512,6,3672,2,7200,1.00163398693
104887,104893,108452,6,3559,2,7200,1.00168586682
104927,104933,108580,6,3647,2,7200,1.00164518783
104954,104960,108444,6,3484,2,7200,1.00172215844
104955,104966,108452,11,3486,2,7200,1.00315547906
104973,104979,108519,6,3540,2,7200,1.00169491525
104988,104994,108696,6,3702,2,7200,1.00162074554
105012,105018,108708,6,3690,2,7200,1.00162601626
105033,105039,108724,6,3685,2,7200,1.00162822252
105048,105054,108461,6,3407,2,7200,1.00176108013
105105,105111,108490,6,3379,2,7200,1.00177567328
105125,105131,108530,6,3399,2,7200,1.00176522507
105162,105168,108902,6,3734,2,7200,1.00160685592
105176,105182,108717,6,3535,2,7200,1.00169731259
105177,105188,108459,11,3271,2,7200,1.00336288597
105228,105234,108613,6,3379,2,7200,1.00177567328
105246,105252,108731,6,3479,2,7200,1.00172463352
105261,105267,108609,6,3342,2,7200,1.00179533214
105276,105282,108947,6,3665,2,7200,1.00163710778
105278,105288,108740,10,3452,2,7200,1.00289687138
105323,105330,109043,7,3713,2,7200,1.00188526798
105329,105336,108884,7,3548,2,7200,1.0019729425
105356,105362,108952,6,3590,2,7200,1.00167130919
105437,105444,108946,7,3502,2,7200,1.0019988578
105441,105450,108759,9,3309,2,7200,1.00271985494
105452,105458,108930,6,3472,2,7200,1.0017281106
105495,105501,108864,6,3363,2,7200,1.00178412132
105509,105515,109233,6,3718,2,7200,1.00161377084
105681,105687,108988,6,3301,2,7200,1.00181763102
105732,105739,109325,7,3586,2,7200,1.00195203569
105977,105983,109563,6,3580,2,7200,1.00167597765
106137,106143,109467,6,3324,2,7200,1.00180505415
106474,106481,109855,7,3374,2,7200,1.0020746888
106661,106668,110245,7,3577,2,7200,1.00195694716
106688,106694,106807,6,113,1,1800,1.05309734513
106700,106706,106755,6,49,1,1800,1.12244897959
106856,106862,110337,6,3475,2,7200,1.00172661871
106871,106877,110226,6,3349,2,7200,1.00179157958
106940,106946,110726,6,3780,2,7200,1.00158730159
107079,107085,107160,6,75,1,1800,1.08
107134,107140,107245,6,105,1,1800,1.05714285714
107479,107485,110989,6,3504,2,7200,1.00171232877
107953,107959,108533,6,574,1,1800,1.01045296167
108102,108108,108384,6,276,1,1800,1.02173913043
108328,108334,111681,6,3347,2,7200,1.00179265013
108364,108370,111701,6,3331,2,7200,1.00180126088
108446,108452,112111,6,3659,2,7200,1.00163979229
108461,108468,112147,7,3679,2,7200,1.00190269095
108463,108474,112071,11,3597,2,7200,1.00305810398
108464,108480,111606,16,3126,2,7200,1.00511836212
108465,108485,112261,20,3776,2,7200,1.00529661017
108492,108499,112105,7,3606,2,7200,1.0019412091
108513,108519,112202,6,3683,2,7200,1.00162910671
108528,108534,111965,6,3431,2,7200,1.00174876129
108532,108540,111840,8,3300,2,7200,1.00242424242
108584,108590,111906,6,3316,2,7200,1.00180940893
108611,108617,112198,6,3581,2,7200,1.00167550963
108625,108631,112277,6,3646,2,7200,1.00164563906
108698,108704,112132,6,3428,2,7200,1.00175029172
108713,108719,112252,6,3533,2,7200,1.00169827342
108716,108725,111987,9,3262,2,7200,1.00275904353
108728,108734,112351,6,3617,2,7200,1.00165883329
108743,108749,112296,6,3547,2,7200,1.00169157034
108744,108755,112173,11,3418,2,7200,1.00321825629
108758,108764,112403,6,3639,2,7200,1.00164880462
108865,108871,112103,6,3232,2,7200,1.00185643564
108886,108892,112137,6,3245,2,7200,1.00184899846
108904,108910,112419,6,3509,2,7200,1.00170988886
108931,108937,112360,6,3423,2,7200,1.00175284838
108949,108955,112465,6,3510,2,7200,1.00170940171
108950,108961,112257,11,3296,2,7200,1.00333737864
108965,108971,112470,6,3499,2,7200,1.00171477565
108989,108995,112598,6,3603,2,7200,1.00166527893
109041,109048,112275,7,3227,2,7200,1.0021691974
109234,109241,112432,7,3191,2,7200,1.0021936697
109328,109334,112643,6,3309,2,7200,1.00181323663
109467,109473,113020,6,3547,2,7200,1.00169157034
109564,109570,112942,6,3372,2,7200,1.00177935943
109856,109862,113233,6,3371,2,7200,1.00177988727
110229,110234,113497,5,3263,2,7200,1.00153233221
110246,110252,113932,6,3680,2,7200,1.00163043478
110337,110343,113661,6,3318,2,7200,1.00180831826
110425,110432,110478,7,46,1,1800,1.15217391304
110727,110733,113864,6,3131,2,7200,1.00191632066
110816,110822,110905,6,83,1,1800,1.07228915663
110927,111852,127294,925,15442,12,21600,1.05990156715
110992,110998,114299,6,3301,2,7200,1.00181763102
111608,111614,115263,6,3649,2,7200,1.00164428611
111681,111687,115159,6,3472,2,7200,1.0017281106
111702,111708,115104,6,3396,2,7200,1.00176678445
111840,111846,115394,6,3548,2,7200,1.00169109357
111907,111918,115252,11,3334,2,7200,1.00329934013
111950,111957,112234,7,277,1,1800,1.02527075812
111967,111976,115665,9,3689,2,7200,1.00243968555
111988,111994,115482,6,3488,2,7200,1.00172018349
112073,112079,115533,6,3454,2,7200,1.00173711639
112103,112109,115658,6,3549,2,7200,1.00169061708
112118,112124,115744,6,3620,2,7200,1.00165745856
112120,112131,115702,11,3571,2,7200,1.00308036964
112135,112141,115590,6,3449,2,7200,1.00173963468
112150,112156,115632,6,3476,2,7200,1.00172612198
112151,112162,115852,11,3690,2,7200,1.00298102981
112175,112181,115913,6,3732,2,7200,1.00160771704
112199,112205,115545,6,3340,2,7200,1.00179640719
112214,112220,115608,6,3388,2,7200,1.00177095632
112254,112260,115902,6,3642,2,7200,1.00164744646
112269,112275,115641,6,3366,2,7200,1.00178253119
112270,112281,115760,11,3479,2,7200,1.00316182811
112278,112287,115764,9,3477,2,7200,1.00258843831
112285,112293,115901,8,3608,2,7200,1.0022172949
112300,112306,115796,6,3490,2,7200,1.00171919771
112354,112360,115791,6,3431,2,7200,1.00174876129
112369,112375,115587,6,3212,2,7200,1.00186799502
112405,112411,115803,6,3392,2,7200,1.00176886792
112420,112426,115907,6,3481,2,7200,1.00172364263
112435,112441,116108,6,3667,2,7200,1.00163621489
112468,112474,115821,6,3347,2,7200,1.00179265013
112483,112489,116099,6,3610,2,7200,1.00166204986
112598,112604,116123,6,3519,2,7200,1.00170502984
112646,112652,116101,6,3449,2,7200,1.00173963468
112945,112951,116074,6,3123,2,7200,1.00192122959
113020,113026,116443,6,3417,2,7200,1.00175592625
113234,113240,116937,6,3697,2,7200,1.00162293752
113497,113503,117039,6,3536,2,7200,1.00169683258
113660,113666,116975,6,3309,2,7200,1.00181323663
113865,113871,117318,6,3447,2,7200,1.00174064404
113933,113939,117419,6,3480,2,7200,1.00172413793
114300,114306,117490,6,3184,2,7200,1.00188442211
115105,115111,118670,6,3559,2,7200,1.00168586682
115159,115165,118777,6,3612,2,7200,1.00166112957
115253,115259,118852,6,3593,2,7200,1.00166991372
115268,115274,118525,6,3251,2,7200,1.00184558597
115393,115400,118768,7,3368,2,7200,1.0020783848
115481,115487,119102,6,3615,2,7200,1.00165975104
115534,115540,119014,6,3474,2,7200,1.00172711572
115549,115555,119261,6,3706,2,7200,1.00161899622
115588,115594,119108,6,3514,2,7200,1.00170745589
115603,115609,119001,6,3392,2,7200,1.00176886792
115618,115624,119253,6,3629,2,7200,1.00165334803
115633,115639,119264,6,3625,2,7200,1.00165517241
115647,115653,119286,6,3633,2,7200,1.00165152766
115662,115669,118982,7,3313,2,7200,1.00211288862
115677,115683,119157,6,3474,2,7200,1.00172711572
115704,115710,119351,6,3641,2,7200,1.00164789893
115746,115753,119270,7,3517,2,7200,1.00199033267
115761,115768,119328,7,3560,2,7200,1.00196629213
115764,115774,119181,10,3407,2,7200,1.00293513355
115791,115798,119375,7,3577,2,7200,1.00195694716
115804,115810,119225,6,3415,2,7200,1.00175695461
115806,115816,119310,10,3494,2,7200,1.00286204923
115821,115827,119347,6,3520,2,7200,1.00170454545
115854,115860,119634,6,3774,2,7200,1.00158982512
115903,115909,119516,6,3607,2,7200,1.00166343222
115904,115916,119265,12,3349,2,7200,1.00358315915
115919,115925,119618,6,3693,2,7200,1.00162469537
115921,115931,119294,10,3363,2,7200,1.00297353553
116073,116079,119411,6,3332,2,7200,1.00180072029
116102,116109,119852,7,3743,2,7200,1.00187015763
116104,116115,119375,11,3260,2,7200,1.00337423313
116119,116125,119717,6,3592,2,7200,1.00167037862
116134,116140,119808,6,3668,2,7200,1.00163576881
116288,116294,117875,6,1581,2,21600,1.00379506641
116445,116451,119748,6,3297,2,7200,1.00181983621
116940,116946,120551,6,3605,2,7200,1.00166435506
116976,116983,120506,7,3523,2,7200,1.00198694295
117040,117046,120455,6,3409,2,7200,1.00176004693
117188,117194,118624,6,1430,3,86400,1.0041958042
117317,117324,120574,7,3250,2,7200,1.00215384615
117343,118387,118581,1044,194,16,144000,6.38144329897
117420,118393,121644,973,3251,2,7200,1.29929252538
117489,117496,120820,7,3324,2,7200,1.00210589651
117787,118403,118404,616,1,3,7200,61.7
117790,117797,117966,7,169,4,3540,1.04142011834
117860,118398,120242,538,1844,2,14400,1.29175704989
117965,117972,117980,7,8,1,900,1.5
117985,117991,118084,6,93,4,3540,1.06451612903
118082,118089,118096,7,7,1,900,1.4
118099,118105,118188,6,83,4,3540,1.07228915663
118188,118195,118200,7,5,1,900,1.2
118209,118215,118301,6,86,4,3540,1.06976744186
118301,118307,118317,6,10,1,900,1.6
118315,118321,118355,6,34,4,3540,1.17647058824
118384,118409,120373,25,1964,3,7200,1.01272912424
118528,118534,122146,6,3612,2,7200,1.00166112957
118673,118679,122426,6,3747,2,7200,1.00160128102
118768,118774,122111,6,3337,2,7200,1.00179802218
118778,118784,122301,6,3517,2,7200,1.00170599943
118854,118860,122397,6,3537,2,7200,1.00169635284
118983,118990,122490,7,3500,2,7200,1.002
119001,119007,122443,6,3436,2,7200,1.00174621653
119016,119022,122591,6,3569,2,7200,1.00168114318
119058,119064,120358,6,1294,1,7200,1.00463678516
119103,119109,122324,6,3215,2,7200,1.00186625194
119110,119115,122673,5,3558,2,7200,1.00140528387
119158,119164,122473,6,3309,2,7200,1.00181323663
119181,119187,122628,6,3441,2,7200,1.00174367916
119226,119232,122600,6,3368,2,7200,1.00178147268
119254,119260,123009,6,3749,2,7200,1.00160042678
119270,119276,122703,6,3427,2,7200,1.00175080245
119271,119282,122852,11,3570,2,7200,1.00308123249
119273,119288,123085,15,3797,2,7200,1.00395048723
119274,119293,122959,19,3666,2,7200,1.0051827605
119289,119299,122811,10,3512,2,7200,1.00284738041
119304,119310,122826,6,3516,2,7200,1.00170648464
119319,119325,122887,6,3562,2,7200,1.00168444694
119334,119339,122871,5,3532,2,7200,1.00141562854
119349,119355,122869,6,3514,2,7200,1.00170745589
119363,119370,122971,7,3601,2,7200,1.00194390447
119379,119385,122701,6,3316,2,7200,1.00180940893
119380,119391,122843,11,3452,2,7200,1.00318655852
119414,119420,123084,6,3664,2,7200,1.00163755459
119516,119522,123025,6,3503,2,7200,1.00171281758
119619,119625,123240,6,3615,2,7200,1.00165975104
119637,119643,123271,6,3628,2,7200,1.00165380375
119637,119648,119770,11,122,4,3540,1.09016393443
119716,119722,123190,6,3468,2,7200,1.00173010381
119748,119754,123288,6,3534,2,7200,1.00169779287
119770,119776,119792,6,16,1,900,1.375
119784,119791,120352,7,561,4,3540,1.01247771836
119809,119815,123412,6,3597,2,7200,1.00166805671
119854,119861,123273,7,3412,2,7200,1.00205158265
120287,120294,123417,7,3123,2,14400,1.00224143452
120457,120464,123829,7,3365,2,7200,1.00208023774
120505,120512,123987,7,3475,2,7200,1.00201438849
120517,120523,120656,6,133,4,3540,1.04511278195
120554,120560,124194,6,3634,2,7200,1.0016510732
120575,120581,123963,6,3382,2,7200,1.00177409817
120655,120662,120674,7,12,1,900,1.58333333333
120673,120679,120805,6,126,4,3540,1.04761904762
120805,120811,120820,6,9,1,900,1.5
120822,120828,124230,6,3402,2,7200,1.00176366843
120832,120839,120968,7,129,4,3540,1.05426356589
120967,120973,120984,6,11,1,900,1.54545454545
120996,121002,121134,6,132,4,3540,1.04545454545
121132,121138,121148,6,10,1,900,1.6
121149,121155,121187,6,32,4,3540,1.1875
121186,121192,121193,6,1,1,900,1.0
121645,121651,125098,6,3447,2,7200,1.00174064404
122115,122121,125627,6,3506,2,7200,1.00171135197
122147,122154,125756,7,3602,2,7200,1.0019433648
122301,122307,125933,6,3626,2,7200,1.00165471594
122322,122329,125811,7,3482,2,7200,1.00201033889
122398,122404,125853,6,3449,2,7200,1.00173963468
122428,122434,125906,6,3472,2,7200,1.0017281106
122446,122452,126106,6,3654,2,7200,1.00164203612
122469,122476,124880,7,2404,16,144000,1.00291181364
122476,122482,126066,6,3584,2,7200,1.00167410714
122491,122497,125923,6,3426,2,7200,1.00175131349
122548,122603,209901,55,87298,20,259200,1.00063002589
122594,122616,126065,22,3449,2,7200,1.00637866048
122600,122610,126164,10,3554,2,7200,1.00281373101
122627,122633,126176,6,3543,2,7200,1.0016934801
122675,122681,125968,6,3287,2,7200,1.00182537268
122702,122708,125963,6,3255,2,7200,1.00184331797
122717,122723,126400,6,3677,2,7200,1.00163176503
122814,122820,126506,6,3686,2,7200,1.00162778079
122828,122835,126190,7,3355,2,7200,1.00208643815
122843,122850,126626,7,3776,2,7200,1.00185381356
122858,122864,126345,6,3481,2,7200,1.00172364263
122873,122879,126180,6,3301,2,7200,1.00181763102
122875,122885,126638,10,3753,2,7200,1.00266453504
122889,122896,126550,7,3654,2,7200,1.00191570881
122962,122968,126443,6,3475,2,7200,1.00172661871
122977,122983,126477,6,3494,2,7200,1.00171722954
123010,123016,126371,6,3355,2,7200,1.00178837556
123025,123031,126337,6,3306,2,7200,1.00181488203
123082,123088,126830,6,3742,2,7200,1.00160342063
123088,123095,126664,7,3569,2,7200,1.00196133371
123191,123197,126783,6,3586,2,7200,1.00167317345
123242,123248,126941,6,3693,2,7200,1.00162469537
123269,123275,126895,6,3620,2,7200,1.00165745856
123284,123290,126542,6,3252,2,7200,1.00184501845
123287,123296,126748,9,3452,2,7200,1.00260718424
123414,123420,126952,6,3532,2,7200,1.00169875425
123543,123600,126960,57,3360,2,10800,1.01696428571
123828,123834,127420,6,3586,2,7200,1.00167317345
123961,123967,127586,6,3619,2,7200,1.00165791655
123965,124333,124469,368,136,4,3540,3.70588235294
123988,123994,127501,6,3507,2,7200,1.00171086399
124195,124201,127882,6,3681,2,7200,1.00162999185
124232,124239,127738,7,3499,2,7200,1.00200057159
124468,124481,124487,13,6,1,900,1.9
124484,124498,124627,14,129,4,3540,1.10852713178
124626,124639,124646,13,7,1,900,2.0
124657,124663,124792,6,129,4,3540,1.04651162791
124791,124803,124810,12,7,1,900,1.9
124817,124824,124960,7,136,4,3540,1.05147058824
124959,124971,124977,12,6,1,900,1.8
124976,124988,125022,12,34,4,3540,1.35294117647
125021,125034,125035,13,1,1,900,1.4
125100,125106,128608,6,3502,2,7200,1.00171330668
125628,125634,129004,6,3370,2,7200,1.00178041543
125756,125762,129243,6,3481,2,7200,1.00172364263
125810,125816,129075,6,3259,2,7200,1.00184105554
125853,125859,129310,6,3451,2,7200,1.00173862649
125907,125913,129617,6,3704,2,7200,1.00161987041
125925,125931,129353,6,3422,2,7200,1.00175336061
125940,125946,129350,6,3404,2,7200,1.0017626322
125964,125970,129457,6,3487,2,7200,1.0017206768
125979,125985,129670,6,3685,2,7200,1.00162822252
126067,126073,129378,6,3305,2,7200,1.00181543116
126068,126079,129919,11,3840,2,7200,1.00286458333
126108,126114,129476,6,3362,2,7200,1.00178465199
126166,126172,129776,6,3604,2,7200,1.00166481687
126180,126186,129536,6,3350,2,7200,1.00179104478
126184,126192,129701,8,3509,2,7200,1.00227985181
126198,126205,129748,7,3543,2,7200,1.00197572679
126340,126346,129869,6,3523,2,7200,1.00170309395
126355,126361,129908,6,3547,2,7200,1.00169157034
126373,126379,129864,6,3485,2,7200,1.00172166428
126403,126409,130128,6,3719,2,7200,1.00161333692
126445,126452,129792,7,3340,2,7200,1.00209580838
126479,126485,130121,6,3636,2,7200,1.00165016502
126509,126515,130048,6,3533,2,7200,1.00169827342
126542,126548,130077,6,3529,2,7200,1.00170019836
126557,126563,130272,6,3709,2,7200,1.00161768671
126629,126636,130321,7,3685,2,7200,1.00189959294
126644,126650,130389,6,3739,2,7200,1.00160470714
126665,126671,130213,6,3542,2,7200,1.00169395822
126748,126754,130550,6,3796,2,7200,1.00158061117
126786,126792,130274,6,3482,2,7200,1.00172314762
126830,126836,130085,6,3249,2,7200,1.00184672207
126898,126903,130469,5,3566,2,7200,1.00140213124
126943,126949,130400,6,3451,2,7200,1.00173862649
126958,126964,130379,6,3415,2,7200,1.00175695461
126981,126987,127168,6,181,4,3540,1.03314917127
126989,126995,134226,6,7231,2,14400,1.00082976075
127168,127174,127183,6,9,1,900,1.5
127183,127189,127370,6,181,4,3540,1.03314917127
127369,127375,127382,6,7,1,900,1.3
127394,127400,127586,6,186,4,3540,1.03225806452
127415,127421,137195,6,9774,16,144000,1.00061387354
127421,127427,130659,6,3232,2,7200,1.00185643564
127502,127508,131167,6,3659,2,7200,1.00163979229
127584,127590,127599,6,9,1,900,1.5
127587,127596,131027,9,3431,2,7200,1.00262314194
127608,127614,127791,6,177,4,3540,1.03389830508
127738,127744,131235,6,3491,2,7200,1.00171870524
127789,127795,127805,6,10,1,900,1.6
127807,127813,127848,6,35,4,3540,1.17142857143
127847,127853,127854,6,1,1,900,1.0
127883,127890,131415,7,3525,2,7200,1.0019858156
128610,128616,132234,6,3618,2,7200,1.00165837479
128978,128984,129007,6,23,13,43200,1.26086956522
129006,129012,132222,6,3210,2,7200,1.00186915888
129021,129365,132366,344,3001,13,43200,1.11462845718
129072,129078,132764,6,3686,2,7200,1.00162778079
129245,129390,132930,145,3540,2,7200,1.04096045198
129311,129468,133041,157,3573,2,7200,1.04394066611
129350,129487,133066,137,3579,2,7200,1.03827884884
129365,129550,133187,185,3637,2,7200,1.05086609843
129380,129629,133165,249,3536,2,7200,1.07041855204
129458,129682,133120,224,3438,2,7200,1.06515415939
129476,129713,133162,237,3449,2,7200,1.06871556973
129537,129544,132845,7,3301,2,7200,1.00212056952
129618,129759,133200,141,3441,2,7200,1.04097646033
129672,129789,133213,117,3424,2,7200,1.03417056075
129702,129803,133314,101,3511,2,7200,1.02876673312
129750,129876,133431,126,3555,2,7200,1.03544303797
129776,129783,133343,7,3560,2,7200,1.00196629213
129792,129883,133165,91,3282,2,7200,1.02772699573
129865,129919,133290,54,3371,2,7200,1.01601898546
129880,129925,133401,45,3476,2,7200,1.01294591484
129910,129930,133418,20,3488,2,7200,1.00573394495
129925,129936,133556,11,3620,2,7200,1.00303867403
129974,129980,140818,6,10838,1,10800,1.00055360768
130048,130054,133872,6,3818,2,7200,1.0015715034
130078,130085,133703,7,3618,2,7200,1.00193477059
130086,130092,133614,6,3522,2,7200,1.00170357751
130124,130130,133664,6,3534,2,7200,1.00169779287
130139,130145,133463,6,3318,2,7200,1.00180831826
130215,130221,133624,6,3403,2,7200,1.00176315016
130272,130278,133771,6,3493,2,7200,1.00171772116
130287,130293,133832,6,3539,2,7200,1.00169539418
130323,130329,133817,6,3488,2,7200,1.00172018349
130380,130386,133867,6,3481,2,7200,1.00172364263
130395,130401,133602,6,3201,2,7200,1.00187441425
130410,130416,133844,6,3428,2,7200,1.00175029172
130470,130476,134094,6,3618,2,7200,1.00165837479
130552,130558,133956,6,3398,2,7200,1.00176574456
130660,130666,134075,6,3409,2,7200,1.00176004693
131025,131034,134646,9,3612,2,7200,1.00249169435
131167,131173,134349,6,3176,2,7200,1.00188916877
131236,131243,134616,7,3373,2,7200,1.00207530388
131350,131357,132422,7,1065,1,86400,1.00657276995
131418,131424,135065,6,3641,2,7200,1.00164789893
131487,131493,131770,6,277,1,3600,1.02166064982
131943,131949,132151,6,202,1,3600,1.0297029703
132221,132227,135917,6,3690,2,7200,1.00162601626
132237,132244,135729,7,3485,2,7200,1.00200860832
132542,132548,137082,6,4534,1,86400,1.0013233348
132764,132771,136230,7,3459,2,7200,1.00202370627
132846,132852,136054,6,3202,2,7200,1.00187382886
132932,132938,136504,6,3566,2,7200,1.00168255749
133043,133049,136613,6,3564,2,7200,1.00168350168
133067,133073,136666,6,3593,2,7200,1.00166991372
133121,133127,136705,6,3578,2,7200,1.00167691448
133164,133170,136569,6,3399,2,7200,1.00176522507
133179,133185,136593,6,3408,2,7200,1.00176056338
133180,133191,136730,11,3539,2,7200,1.00310822266
133195,133201,136809,6,3608,2,7200,1.00166297118
133210,133216,136829,6,3613,2,7200,1.0016606698
133225,133231,136823,6,3592,2,7200,1.00167037862
133291,133297,136858,6,3561,2,7200,1.00168491997
133315,133321,136784,6,3463,2,7200,1.00173260179
133341,133347,136630,6,3283,2,7200,1.00182759671
133402,133409,137123,7,3714,2,7200,1.00188476037
133420,133427,136989,7,3562,2,7200,1.0019651881
133435,133441,136905,6,3464,2,7200,1.00173210162
133465,133472,136833,7,3361,2,7200,1.00208271348
133556,133562,136921,6,3359,2,7200,1.00178624591
133604,133610,137048,6,3438,2,7200,1.0017452007
133612,133618,136871,6,3253,2,7200,1.00184445128
133625,133631,137196,6,3565,2,7200,1.00168302945
133665,133671,137265,6,3594,2,7200,1.00166944908
133704,133710,136997,6,3287,2,7200,1.00182537268
133773,133779,137307,6,3528,2,7200,1.00170068027
133818,133825,137380,7,3555,2,7200,1.00196905767
133833,133839,137277,6,3438,2,7200,1.0017452007
133848,133854,137196,6,3342,2,7200,1.00179533214
133869,133875,137308,6,3433,2,7200,1.0017477425
133884,133890,137207,6,3317,2,7200,1.00180886343
133957,133963,137114,6,3151,2,7200,1.00190415741
134077,134083,137523,6,3440,2,7200,1.00174418605
134096,134102,137410,6,3308,2,7200,1.00181378476
134346,134352,137988,6,3636,2,7200,1.00165016502
134616,134622,138309,6,3687,2,7200,1.0016273393
134646,134652,137991,6,3339,2,7200,1.00179694519
134895,134901,137054,6,2153,2,14400,1.0027868091
135067,135074,138695,7,3621,2,7200,1.00193316763
135731,135737,139044,6,3307,2,7200,1.00181433323
135919,135925,139287,6,3362,2,7200,1.00178465199
136055,136062,139377,7,3315,2,7200,1.00211161388
136230,136236,139764,6,3528,2,7200,1.00170068027
136505,136511,139998,6,3487,2,7200,1.0017206768
136572,136577,139989,5,3412,2,7200,1.00146541618
136596,136602,140059,6,3457,2,7200,1.00173560891
136613,136620,140264,7,3644,2,7200,1.00192096597
136629,136635,140177,6,3542,2,7200,1.00169395822
136668,136674,140326,6,3652,2,7200,1.00164293538
136701,136707,140228,6,3521,2,7200,1.00170406135
136731,136737,140083,6,3346,2,7200,1.00179318589
136785,136791,140484,6,3693,2,7200,1.00162469537
136812,136819,140314,7,3495,2,7200,1.00200286123
136827,136834,140400,7,3566,2,7200,1.00196298374
136842,136848,140479,6,3631,2,7200,1.00165243735
136844,136855,140495,11,3640,2,7200,1.00302197802
136859,136865,140296,6,3431,2,7200,1.00174876129
136871,136877,140308,6,3431,2,7200,1.00174876129
136886,136892,138760,6,1868,8,3600,1.00321199143
136907,136917,140346,10,3429,2,7200,1.00291630213
136922,136932,140372,10,3440,2,7200,1.00290697674
136991,137001,140476,10,3475,2,7200,1.00287769784
137006,137012,140557,6,3545,2,7200,1.00169252468
137051,137060,140547,9,3487,2,7200,1.0025810152
137113,137119,140477,6,3358,2,7200,1.00178677784
137126,137133,140515,7,3382,2,7200,1.00206978119
137136,137143,137635,7,492,1,86400,1.01422764228
137199,137205,140888,6,3683,2,7200,1.00162910671
137200,137211,140616,11,3405,2,7200,1.00323054332
137215,137221,140812,6,3591,2,7200,1.00167084378
137266,137273,140834,7,3561,2,7200,1.00196573996
137281,137287,140560,6,3273,2,7200,1.00183318057
137309,137315,140889,6,3574,2,7200,1.00167879127
137310,137321,140691,11,3370,2,7200,1.00326409496
137382,137388,140726,6,3338,2,7200,1.00179748352
137412,137419,140928,7,3509,2,7200,1.00199487033
137524,137530,141155,6,3625,2,7200,1.00165517241
137658,137664,166489,6,28825,2,28800,1.00020815265
137679,137686,204644,7,66958,1,86400,1.00010454315
137989,137995,141028,6,3033,2,7200,1.00197823937
137990,138001,141394,11,3393,2,7200,1.00324196876
138310,138316,141515,6,3199,2,7200,1.00187558612
138442,140412,150156,1970,9744,64,14400,1.20217569787
138526,150221,179036,11695,28815,2,28800,1.40586500087
138696,140491,143776,1795,3285,2,7200,1.54642313546
139046,140497,144059,1451,3562,2,7200,1.4073554183
139288,139295,142657,7,3362,2,7200,1.00208209399
139378,139386,142845,8,3459,2,7200,1.00231280717
139762,139768,143160,6,3392,2,7200,1.00176886792
139990,140503,143912,513,3409,2,7200,1.15048401291
140005,140509,143963,504,3454,2,7200,1.14591777649
140062,140527,143966,465,3439,2,7200,1.13521372492
140086,140559,144168,473,3609,2,7200,1.1310612358
140176,140183,143578,7,3395,2,7200,1.00206185567
140231,140568,143763,337,3195,2,7200,1.10547730829
140267,140575,144037,308,3462,2,7200,1.08896591566
140297,140627,144101,330,3474,2,7200,1.09499136442
140309,140315,143710,6,3395,2,7200,1.00176730486
140315,140703,144339,388,3636,2,7200,1.10671067107
140330,140738,144262,408,3524,2,7200,1.11577752554
140348,140828,144388,480,3560,2,7200,1.13483146067
140375,140834,144404,459,3570,2,7200,1.12857142857
140402,140845,144034,443,3189,2,7200,1.13891502038
140474,140900,144331,426,3431,2,7200,1.12416205188
140478,140485,144011,7,3526,2,7200,1.00198525241
140489,140907,144564,418,3657,2,7200,1.1143013399
140491,140940,144508,449,3568,2,7200,1.12584080717
140506,141042,144496,536,3454,2,7200,1.15518239722
140521,141169,144547,648,3378,2,7200,1.1918294849
140548,141407,145210,859,3803,2,7200,1.22587430976
140563,141528,145288,965,3760,2,7200,1.25664893617
140564,144115,147672,3551,3557,2,7200,1.99831318527
140618,144179,147791,3561,3612,2,7200,1.98588039867
140693,144274,147383,3581,3109,2,7200,2.1518173046
140727,144072,147793,3345,3721,2,7200,1.89895189465
140814,144077,147539,3263,3462,2,7200,1.94251877527
140835,144082,147639,3247,3557,2,7200,1.91284790554
140889,144088,147525,3199,3437,2,7200,1.93075356415
140904,144093,147795,3189,3702,2,7200,1.86142625608
140931,144098,147556,3167,3458,2,7200,1.91584731058
141029,141036,144693,7,3657,2,7200,1.00191413727
141156,141163,144498,7,3335,2,7200,1.00209895052
141229,150226,160253,8997,10027,1,10800,1.89727735115
141395,141401,144345,6,2944,2,7200,1.00203804348
141516,141522,144937,6,3415,2,7200,1.00175695461
142659,142666,146173,7,3507,2,7200,1.00199600798
142845,142852,146412,7,3560,2,7200,1.00196629213
143160,143167,146427,7,3260,2,7200,1.00214723926
143580,143587,146955,7,3368,2,7200,1.0020783848
143709,143715,147166,6,3451,2,7200,1.00173862649
143763,144103,147706,340,3603,2,7200,1.09436580627
143778,144109,147616,331,3507,2,7200,1.09438266324
143913,144342,147737,429,3395,2,7200,1.1263622975
143965,144351,147968,386,3617,2,7200,1.10671827481
143980,144399,147990,419,3591,2,7200,1.11668059036
144011,144018,147293,7,3275,2,7200,1.00213740458
144037,144416,148061,379,3645,2,7200,1.10397805213
144038,144511,148224,473,3713,2,7200,1.12739025047
144059,144519,148043,460,3524,2,7200,1.13053348468
144102,144558,148007,456,3449,2,7200,1.13221223543
144168,144576,148066,408,3490,2,7200,1.11690544413
144265,145222,148762,957,3540,2,7200,1.27033898305
144331,145300,148873,969,3573,2,7200,1.2712006717
144345,144357,148011,12,3654,2,7200,1.00328407225
144346,147396,150840,3050,3444,2,7200,1.8855981417
144389,147537,151123,3148,3586,2,7200,1.87785833798
144406,147550,151171,3144,3621,2,7200,1.86826843413
144497,147567,151207,3070,3640,2,7200,1.84340659341
144499,144505,148085,6,3580,2,7200,1.00167597765
144512,147627,150707,3115,3080,2,7200,2.01136363636
144548,147651,151256,3103,3605,2,7200,1.86074895978
144566,148067,151413,3501,3346,2,7200,2.04632396892
144693,144699,148152,6,3453,2,7200,1.00173761946
144937,144943,148302,6,3359,2,7200,1.00178624591
145210,148074,151838,2864,3764,2,7200,1.76089266738
145268,147685,151418,2417,3733,1,3600,1.64746852398
145289,148081,151475,2792,3394,2,7200,1.82262816735
146173,146180,149696,7,3516,2,7200,1.00199089875
146408,146414,149778,6,3364,2,7200,1.00178359096
146426,146432,149775,6,3343,2,7200,1.00179479509
146954,146961,150240,7,3279,2,7200,1.00213479719
147168,147175,150885,7,3710,2,7200,1.00188679245
147291,147297,150651,6,3354,2,7200,1.00178890877
147385,148024,151718,639,3694,2,7200,1.17298321603
147527,148029,151549,502,3520,2,7200,1.14261363636
147542,148034,151256,492,3222,2,7200,1.15270018622
147557,148040,151462,483,3422,2,7200,1.14114552893
147617,148045,151839,428,3794,2,7200,1.11280969953
147642,148050,151714,408,3664,2,7200,1.11135371179
147675,148055,151656,380,3601,2,7200,1.10552624271
147708,148061,151613,353,3552,2,7200,1.09938063063
147738,148236,151640,498,3404,2,7200,1.14629847239
147792,148773,152327,981,3554,2,7200,1.27602701182
147807,148885,152583,1078,3698,2,7200,1.29150892374
147808,150168,153424,2360,3256,2,7200,1.72481572482
147971,150174,153723,2203,3549,2,7200,1.62073823612
147992,150179,153455,2187,3276,2,7200,1.66758241758
148007,150184,153393,2177,3209,2,7200,1.67840448738
148011,148017,151524,6,3507,2,7200,1.00171086399
148046,150189,153872,2143,3683,2,7200,1.581862612
148061,150195,153347,2134,3152,2,7200,1.67703045685
148076,150200,153826,2124,3626,2,7200,1.58576944291
148081,148089,151539,8,3450,2,7200,1.00231884058
148153,148160,151663,7,3503,2,7200,1.00199828718
148225,150205,153458,1980,3253,2,7200,1.608668921
148304,148310,151637,6,3327,2,7200,1.00180342651
148762,150210,154006,1448,3796,2,7200,1.38145416228
148874,150216,153451,1342,3235,2,7200,1.41483771252
149698,149704,153150,6,3446,2,7200,1.00174114916
149776,149784,153106,8,3322,2,7200,1.00240818784
149791,149799,153197,8,3398,2,7200,1.00235432607
150242,150248,153815,6,3567,2,7200,1.00168208579
150652,150658,154034,6,3376,2,7200,1.00177725118
150708,150714,154009,6,3295,2,7200,1.00182094082
150841,150847,154530,6,3683,2,7200,1.00162910671
150884,150890,154451,6,3561,2,7200,1.00168491997
151126,151132,154427,6,3295,2,7200,1.00182094082
151171,151177,154514,6,3337,2,7200,1.00179802218
151207,151214,154725,7,3511,2,7200,1.00199373398
151259,151265,154655,6,3390,2,7200,1.0017699115
151260,151271,154855,11,3584,2,7200,1.00306919643
151414,151420,154828,6,3408,2,7200,1.00176056338
151463,151469,154730,6,3261,2,7200,1.0018399264
151478,151484,155053,6,3569,2,7200,1.00168114318
151524,151530,154801,6,3271,2,7200,1.00183430144
151542,151548,155244,6,3696,2,7200,1.00162337662
151550,151556,155290,6,3734,2,7200,1.00160685592
151614,151620,155080,6,3460,2,7200,1.00173410405
151638,151644,155028,6,3384,2,7200,1.00177304965
151641,151650,155194,9,3544,2,7200,1.00253950339
151659,151665,155032,6,3367,2,7200,1.00178200178
151666,151671,155160,5,3489,2,7200,1.00143307538
151716,151722,155329,6,3607,2,7200,1.00166343222
151731,151737,154967,6,3230,2,7200,1.00185758514
151840,151846,155661,6,3815,2,7200,1.00157273919
151841,151852,155436,11,3584,2,7200,1.00306919643
152330,152336,155793,6,3457,2,7200,1.00173560891
152585,152591,156095,6,3504,2,7200,1.00171232877
153107,153113,156320,6,3207,2,7200,1.00187090739
153152,153158,156861,6,3703,2,7200,1.00162030786
153197,153203,156622,6,3419,2,7200,1.00175489909
153348,153354,156871,6,3517,2,7200,1.00170599943
153396,153402,157101,6,3699,2,7200,1.00162206002
153426,153432,157167,6,3735,2,7200,1.0016064257
153453,153459,156905,6,3446,2,7200,1.00174114916
153468,153474,156926,6,3452,2,7200,1.00173812283
153469,153480,156900,11,3420,2,7200,1.00321637427
153726,153732,157276,6,3544,2,7200,1.00169300226
153816,153822,157354,6,3532,2,7200,1.00169875425
153828,153835,157227,7,3392,2,7200,1.00206367925
153874,153880,157323,6,3443,2,7200,1.00174266628
154007,154013,157472,6,3459,2,7200,1.00173460538
154022,154028,157627,6,3599,2,7200,1.00166712976
154036,154042,157255,6,3213,2,7200,1.00186741363
154429,154435,157828,6,3393,2,7200,1.0017683466
154450,154456,157831,6,3375,2,7200,1.00177777778
154516,154523,158148,7,3625,2,7200,1.00193103448
154531,154538,158043,7,3505,2,7200,1.00199714693
154658,154664,158062,6,3398,2,7200,1.00176574456
154727,154734,158309,7,3575,2,7200,1.00195804196
154742,154749,158191,7,3442,2,7200,1.00203370134
154753,154759,173524,6,18765,1,86400,1.0003197442
154803,154809,158305,6,3496,2,7200,1.00171624714
154830,154836,158192,6,3356,2,7200,1.00178784267
154857,154863,158024,6,3161,2,7200,1.0018981335
154968,154974,158629,6,3655,2,7200,1.00164158687
155027,155033,158456,6,3423,2,7200,1.00175284838
155035,155041,158727,6,3686,2,7200,1.00162778079
155053,155059,158827,6,3768,2,7200,1.00159235669
155083,155089,158553,6,3464,2,7200,1.00173210162
155160,155166,158655,6,3489,2,7200,1.00171969046
155195,155201,158401,6,3200,2,7200,1.001875
155244,155251,158746,7,3495,2,7200,1.00200286123
155291,155297,158775,6,3478,2,7200,1.00172512938
155331,155337,158770,6,3433,2,7200,1.0017477425
155436,155442,159080,6,3638,2,7200,1.00164925783
155663,155669,159158,6,3489,2,7200,1.00171969046
155795,155801,159495,6,3694,2,7200,1.00162425555
156095,156102,159475,7,3373,2,7200,1.00207530388
156318,156325,159360,7,3035,2,7200,1.00230642504
156623,156630,160056,7,3426,2,7200,1.00204319907
156860,156866,159977,6,3111,2,7200,1.00192864031
156871,156877,160204,6,3327,2,7200,1.00180342651
156901,156907,160413,6,3506,2,7200,1.00171135197
156916,156922,160407,6,3485,2,7200,1.00172166428
156931,156937,160183,6,3246,2,7200,1.00184842884
157082,157088,168101,6,11013,13,43200,1.00054481068
157103,157109,160528,6,3419,2,7200,1.00175489909
157169,157176,160581,7,3405,2,7200,1.00205580029
157230,157236,161107,6,3871,2,7200,1.00154998708
157255,157261,160605,6,3344,2,7200,1.00179425837
157278,157284,160838,6,3554,2,7200,1.0016882386
157324,157330,160874,6,3544,2,7200,1.00169300226
157352,157358,160602,6,3244,2,7200,1.00184956843
157475,157481,160994,6,3513,2,7200,1.00170794193
157628,157635,161275,7,3640,2,7200,1.00192307692
157831,157837,161515,6,3678,2,7200,1.00163132137
157833,157843,161307,10,3464,2,7200,1.00288683603
158024,158031,161611,7,3580,2,7200,1.00195530726
158046,158052,161351,6,3299,2,7200,1.00181873295
158064,158070,161980,6,3910,2,7200,1.00153452685
158148,158154,161652,6,3498,2,7200,1.00171526587
158194,158200,161694,6,3494,2,7200,1.00171722954
158195,158206,161645,11,3439,2,7200,1.00319860425
158307,158313,161589,6,3276,2,7200,1.00183150183
158310,158319,161785,9,3466,2,7200,1.0025966532
158404,158410,162110,6,3700,2,7200,1.00162162162
158457,158464,161879,7,3415,2,7200,1.00204978038
158555,158561,162138,6,3577,2,7200,1.00167738328
158631,158637,162087,6,3450,2,7200,1.00173913043
158654,158660,162280,6,3620,2,7200,1.00165745856
158727,158733,162161,6,3428,2,7200,1.00175029172
158748,158754,162099,6,3345,2,7200,1.00179372197
158772,158778,162253,6,3475,2,7200,1.00172661871
158787,158793,162231,6,3438,2,7200,1.0017452007
158829,158836,162484,7,3648,2,7200,1.00191885965
159080,159502,163175,422,3673,2,7200,1.11489245848
159158,159508,163071,350,3563,2,7200,1.09823182711
159361,159367,162840,6,3473,2,7200,1.00172761301
159391,159488,160245,97,757,1,86400,1.12813738441
159478,159513,162785,35,3272,2,7200,1.01069682152
159496,159518,162932,22,3414,2,7200,1.0064440539
159776,159782,172423,6,12641,1,86400,1.00047464599
159977,159983,163289,6,3306,2,7200,1.00181488203
160055,160062,163312,7,3250,2,7200,1.00215384615
160183,160189,163707,6,3518,2,7200,1.0017055145
160205,160211,163781,6,3570,2,7200,1.00168067227
160410,160416,163902,6,3486,2,7200,1.0017211704
160425,160431,163898,6,3467,2,7200,1.00173060283
160530,160537,164107,7,3570,2,7200,1.00196078431
160579,160585,164115,6,3530,2,7200,1.00169971671
160603,160609,164104,6,3495,2,7200,1.0017167382
160604,160615,164170,11,3555,2,7200,1.00309423347
160839,160845,164493,6,3648,2,7200,1.00164473684
160875,160881,164455,6,3574,2,7200,1.00167879127
160996,161002,164258,6,3256,2,7200,1.00184275184
161108,161114,164516,6,3402,2,7200,1.00176366843
161274,161280,165006,6,3726,2,7200,1.00161030596
161306,161312,164918,6,3606,2,7200,1.00166389351
161353,161359,164591,6,3232,2,7200,1.00185643564
161516,161522,164841,6,3319,2,7200,1.00180777343
161592,161598,164956,6,3358,2,7200,1.00178677784
161613,161619,165116,6,3497,2,7200,1.00171575636
161646,161652,164912,6,3260,2,7200,1.0018404908
161661,161667,165267,6,3600,2,7200,1.00166666667
161697,161703,165293,6,3590,2,7200,1.00167130919
161788,161794,165316,6,3522,2,7200,1.00170357751
161879,161885,165501,6,3616,2,7200,1.00165929204
161981,161987,165432,6,3445,2,7200,1.00174165457
162090,162096,165479,6,3383,2,7200,1.00177357375
162100,162106,165393,6,3287,2,7200,1.00182537268
162111,162117,165572,6,3455,2,7200,1.0017366136
162141,162147,165658,6,3511,2,7200,1.00170891484
162162,162168,165793,6,3625,2,7200,1.00165517241
162232,162238,165726,6,3488,2,7200,1.00172018349
162256,162262,165702,6,3440,2,7200,1.00174418605
162281,162287,165903,6,3616,2,7200,1.00165929204
162485,162491,165976,6,3485,2,7200,1.00172166428
162787,162793,166296,6,3503,2,7200,1.00171281758
162840,162846,166310,6,3464,2,7200,1.00173210162
162934,162941,166402,7,3461,2,7200,1.00202253684
163073,163080,166684,7,3604,2,7200,1.00194228635
163176,163781,167451,605,3670,2,7200,1.16485013624
163290,163296,166571,6,3275,2,7200,1.00183206107
163314,163320,166711,6,3391,2,7200,1.00176938956
163710,163787,166969,77,3182,2,7200,1.02419861722
163782,163793,167137,11,3344,2,7200,1.00328947368
163900,163906,167528,6,3622,2,7200,1.00165654335
163915,163921,167603,6,3682,2,7200,1.00162954916
164105,164111,167692,6,3581,2,7200,1.00167550963
164106,164117,167652,11,3535,2,7200,1.00311173975
164121,164126,167829,5,3703,2,7200,1.00135025655
164172,164178,167778,6,3600,2,7200,1.00166666667
164259,164265,167984,6,3719,2,7200,1.00161333692
164455,164462,167833,7,3371,2,7200,1.00207653515
164495,164501,168328,6,3827,2,7200,1.00156780768
164519,164525,167951,6,3426,2,7200,1.00175131349
164591,164597,167961,6,3364,2,7200,1.00178359096
164843,164849,168215,6,3366,2,7200,1.00178253119
164912,164918,168268,6,3350,2,7200,1.00179104478
164918,164924,168497,6,3573,2,7200,1.00167926113
164954,164960,168041,6,3081,2,7200,1.00194741967
165009,165015,168535,6,3520,2,7200,1.00170454545
165117,165124,168935,7,3811,2,7200,1.00183678824
165268,165274,168794,6,3520,2,7200,1.00170454545
165295,165302,168765,7,3463,2,7200,1.00202136876
165317,165323,168807,6,3484,2,7200,1.00172215844
165391,165397,168675,6,3278,2,7200,1.00183038438
165434,165440,168967,6,3527,2,7200,1.00170116246
165479,165486,169284,7,3798,2,7200,1.0018430753
165503,165509,169037,6,3528,2,7200,1.00170068027
165573,165579,169098,6,3519,2,7200,1.00170502984
165661,165667,169178,6,3511,2,7200,1.00170891484
165703,165709,169208,6,3499,2,7200,1.00171477565
165727,165733,169143,6,3410,2,7200,1.00175953079
165796,165802,169033,6,3231,2,7200,1.00185701021
165904,165910,169417,6,3507,2,7200,1.00171086399
165977,165984,169122,7,3138,2,7200,1.0022307202
166298,166304,169977,6,3673,2,7200,1.00163354206
166309,166315,170027,6,3712,2,7200,1.00161637931
166403,166409,169805,6,3396,2,7200,1.00176678445
166572,166578,170168,6,3590,2,7200,1.00167130919
166685,166691,170198,6,3507,2,7200,1.00171086399
166710,166717,170045,7,3328,2,7200,1.00210336538
166972,166978,170419,6,3441,2,7200,1.00174367916
167138,167144,170601,6,3457,2,7200,1.00173560891
167451,167660,171268,209,3608,2,7200,1.05792682927
167530,167665,171026,135,3361,2,7200,1.04016661708
167605,167671,171071,66,3400,2,7200,1.01941176471
167653,167676,171288,23,3612,2,7200,1.00636766334
167687,167693,171279,6,3586,2,7200,1.00167317345
167781,167787,171053,6,3266,2,7200,1.00183710961
167832,167838,171263,6,3425,2,7200,1.00175182482
167847,167853,171373,6,3520,2,7200,1.00170454545
167953,167959,171663,6,3704,2,7200,1.00161987041
167968,167974,171584,6,3610,2,7200,1.00166204986
167986,167992,171576,6,3584,2,7200,1.00167410714
168043,168050,171426,7,3376,2,7200,1.00207345972
168216,168222,171703,6,3481,2,7200,1.00172364263
168270,168276,171568,6,3292,2,7200,1.00182260024
168330,168336,172107,6,3771,2,7200,1.0015910899
168497,168503,171885,6,3382,2,7200,1.00177409817
168536,168543,172062,7,3519,2,7200,1.00198920148
168618,168688,189542,70,20854,13,43200,1.00335667018
168676,168682,172126,6,3444,2,7200,1.00174216028
168766,168777,172445,11,3668,2,7200,1.00299890949
168796,168806,172423,10,3617,2,7200,1.00276472215
168811,168818,172101,7,3283,2,7200,1.00213219616
168938,168947,172389,9,3442,2,7200,1.00261475886
168968,168978,172546,10,3568,2,7200,1.00280269058
169034,169040,172514,6,3474,2,7200,1.00172711572
169036,169046,172297,10,3251,2,7200,1.00307597662
169101,169107,172813,6,3706,2,7200,1.00161899622
169125,169131,172547,6,3416,2,7200,1.00175644028
169146,169152,172612,6,3460,2,7200,1.00173410405
169179,169185,172622,6,3437,2,7200,1.00174570847
169209,169215,172788,6,3573,2,7200,1.00167926113
169285,169291,172734,6,3443,2,7200,1.00174266628
169417,169423,172861,6,3438,2,7200,1.0017452007
169804,169810,173386,6,3576,2,7200,1.00167785235
169979,169986,173593,7,3607,2,7200,1.00194067092
170028,170034,173262,6,3228,2,7200,1.00185873606
170046,170052,173301,6,3249,2,7200,1.00184672207
170167,170173,173581,6,3408,2,7200,1.00176056338
170200,170206,173597,6,3391,2,7200,1.00176938956
170421,170427,174007,6,3580,2,7200,1.00167597765
170602,170608,174056,6,3448,2,7200,1.00174013921
171029,171035,174763,6,3728,2,7200,1.00160944206
171054,171060,174268,6,3208,2,7200,1.00187032419
171074,171081,174504,7,3423,2,7200,1.00204498978
171264,171275,174742,11,3467,2,7200,1.00317277185
171279,171299,174893,20,3594,2,7200,1.00556483027
171280,171286,174823,6,3537,2,7200,1.00169635284
171294,171305,174800,11,3495,2,7200,1.00314735336
171376,171382,175082,6,3700,2,7200,1.00162162162
171426,171432,174664,6,3232,2,7200,1.00185643564
171570,171576,174880,6,3304,2,7200,1.00181598063
171585,171591,175186,6,3595,2,7200,1.0016689847
171587,171597,175030,10,3433,2,7200,1.00291290417
171665,171671,175023,6,3352,2,7200,1.00178997613
171704,171710,175159,6,3449,2,7200,1.00173963468
171888,171895,175488,7,3593,2,7200,1.00194823267
172064,172070,175715,6,3645,2,7200,1.00164609053
172103,172109,175464,6,3355,2,7200,1.00178837556
172118,172124,175584,6,3460,2,7200,1.00173410405
172128,172134,175614,6,3480,2,7200,1.00172413793
172297,172303,175603,6,3300,2,7200,1.00181818182
172391,172397,175874,6,3477,2,7200,1.00172562554
172424,172430,175959,6,3529,2,7200,1.00170019836
172447,172453,175841,6,3388,2,7200,1.00177095632
172516,172522,176228,6,3706,2,7200,1.00161899622
172546,172552,176002,6,3450,2,7200,1.00173913043
172548,172558,176126,10,3568,2,7200,1.00280269058
172614,172621,176293,7,3672,2,7200,1.00190631808
172629,172636,176243,7,3607,2,7200,1.00194067092
172735,172741,176312,6,3571,2,7200,1.00168020162
172789,172796,176655,7,3859,2,7200,1.00181394144
172814,172820,176292,6,3472,2,7200,1.0017281106
172862,172868,176203,6,3335,2,7200,1.00179910045
173263,173269,176582,6,3313,2,7200,1.00181104739
173302,173309,176846,7,3537,2,7200,1.00197907831
173386,173392,176659,6,3267,2,7200,1.00183654729
173583,173590,177109,7,3519,2,7200,1.00198920148
173595,173601,177004,6,3403,2,7200,1.00176315016
173610,173616,177175,6,3559,2,7200,1.00168586682
173935,174018,204182,83,30164,16,36600,1.00275162445
174008,174068,177688,60,3620,2,7200,1.01657458564
174056,174281,177459,225,3178,2,7200,1.07079924481
174269,174275,177814,6,3539,2,7200,1.00169539418
174505,174515,178232,10,3717,2,7200,1.00269034167
174664,174671,178079,7,3408,2,7200,1.00205399061
174744,174750,177880,6,3130,2,7200,1.00191693291
174765,174771,178014,6,3243,2,7200,1.00185013876
174801,174807,178165,6,3358,2,7200,1.00178677784
174825,174831,178145,6,3314,2,7200,1.00181050091
174882,174891,178588,9,3697,2,7200,1.00243440628
174897,175585,178947,688,3362,2,7200,1.20464009518
175024,175590,178805,566,3215,2,7200,1.17604976672
175039,175596,179082,557,3486,2,7200,1.15978198508
175084,175503,179156,419,3653,2,7200,1.11470024637
175160,175508,179169,348,3661,2,7200,1.09505599563
175187,175513,179101,326,3588,2,7200,1.09085841695
175465,175519,178932,54,3413,2,7200,1.0158218576
175490,175496,178810,6,3314,2,7200,1.00181050091
175586,175602,179228,16,3626,2,7200,1.00441257584
175602,175608,179063,6,3455,2,7200,1.0017366136
175617,175623,178994,6,3371,2,7200,1.00177988727
175716,175722,179033,6,3311,2,7200,1.00181214135
175843,175849,179309,6,3460,2,7200,1.00173410405
175876,175887,179446,11,3559,2,7200,1.00309075583
175961,175967,179298,6,3331,2,7200,1.00180126088
176003,176009,179480,6,3471,2,7200,1.00172860847
176127,176133,179934,6,3801,2,7200,1.00157853197
176206,176212,179709,6,3497,2,7200,1.00171575636
176230,176236,179814,6,3578,2,7200,1.00167691448
176245,176251,179627,6,3376,2,7200,1.00177725118
176294,176300,179820,6,3520,2,7200,1.00170454545
176295,176306,180111,11,3805,2,7200,1.00289093298
176313,176319,179796,6,3477,2,7200,1.00172562554
176584,176590,180228,6,3638,2,7200,1.00164925783
176656,176662,180323,6,3661,2,7200,1.00163889648
176671,176677,179661,6,2984,2,7200,1.00201072386
176847,176853,180460,6,3607,2,7200,1.00166343222
177005,177011,180797,6,3786,2,7200,1.00158478605
177109,177115,180404,6,3289,2,7200,1.00182426269
177177,177183,180695,6,3512,2,7200,1.00170842825
177459,177465,180884,6,3419,2,7200,1.00175489909
177689,177695,180713,6,3018,2,7200,1.00198807157
177814,177820,181157,6,3337,2,7200,1.00179802218
177879,177891,181577,12,3686,2,7200,1.00325556158
178015,178026,181532,11,3506,2,7200,1.00313747861
178080,178086,181502,6,3416,2,7200,1.00175644028
178147,178152,181860,5,3708,2,7200,1.00134843581
178166,178172,181619,6,3447,2,7200,1.00174064404
178235,178242,181624,7,3382,2,7200,1.00206978119
178589,178595,182155,6,3560,2,7200,1.00168539326
178806,178812,182137,6,3325,2,7200,1.00180451128
178809,178818,182273,9,3455,2,7200,1.00260492041
178933,178944,182551,11,3607,2,7200,1.00304962573
178948,178958,182617,10,3659,2,7200,1.00273298715
178994,179000,182559,6,3559,2,7200,1.00168586682
179036,179042,182572,6,3530,2,7200,1.00169971671
179063,179070,182319,7,3249,2,7200,1.00215450908
179084,179090,182650,6,3560,2,7200,1.00168539326
179102,179397,183056,295,3659,2,7200,1.08062312107
179157,179402,182861,245,3459,2,7200,1.07082971957
179172,179408,182880,236,3472,2,7200,1.06797235023
179229,179321,182811,92,3490,2,7200,1.02636103152
179298,179326,182720,28,3394,2,7200,1.00824985268
179313,179331,182683,18,3352,2,7200,1.0053699284
179446,179452,183097,6,3645,2,7200,1.00164609053
179483,179489,183300,6,3811,2,7200,1.00157438992
179628,179634,183043,6,3409,2,7200,1.00176004693
179661,179667,183209,6,3542,2,7200,1.00169395822
179707,179713,183352,6,3639,2,7200,1.00164880462
179797,179804,183179,7,3375,2,7200,1.00207407407
179812,179818,183489,6,3671,2,7200,1.00163443203
179827,179833,183157,6,3324,2,7200,1.00180505415
179936,179942,183670,6,3728,2,7200,1.00160944206
180112,180118,183719,6,3601,2,7200,1.00166620383
180230,180237,183459,7,3222,2,7200,1.00217256363
180324,180330,183558,6,3228,2,7200,1.00185873606
180406,180412,184007,6,3595,2,7200,1.0016689847
180460,180466,183957,6,3491,2,7200,1.00171870524
180696,180703,184246,7,3543,2,7200,1.00197572679
180714,180720,184229,6,3509,2,7200,1.00170988886
180799,180805,184273,6,3468,2,7200,1.00173010381
180886,180892,184302,6,3410,2,7200,1.00175953079
181159,181165,184211,6,3046,2,7200,1.00196979645
181503,181509,184915,6,3406,2,7200,1.00176159718
181534,181540,184798,6,3258,2,7200,1.00184162063
181579,181585,185044,6,3459,2,7200,1.00173460538
181622,181628,184955,6,3327,2,7200,1.00180342651
181637,181643,185293,6,3650,2,7200,1.00164383562
181861,181867,185275,6,3408,2,7200,1.00176056338
182139,182284,182450,145,166,1,3600,1.8734939759
182139,182148,185619,9,3471,2,7200,1.00259291271
182157,182166,185658,9,3492,2,7200,1.00257731959
182272,182278,185691,6,3413,2,7200,1.00175798418
182320,182326,185874,6,3548,2,7200,1.00169109357
182553,182560,185802,7,3242,2,7200,1.00215916101
182559,182566,185948,7,3382,2,7200,1.00206978119
182575,182581,185960,6,3379,2,7200,1.00177567328
182620,182626,186166,6,3540,2,7200,1.00169491525
182636,182642,182995,6,353,1,3600,1.01699716714
182650,182662,186213,12,3551,2,7200,1.00337932977
182686,182695,186202,9,3507,2,7200,1.00256629598
182716,182731,186291,15,3560,2,7200,1.00421348315
182813,182822,186348,9,3526,2,7200,1.00255246739
182864,182873,186359,9,3486,2,7200,1.00258175559
182882,182891,186673,9,3782,2,7200,1.00237969328
183046,183358,186783,312,3425,2,7200,1.09109489051
183061,183363,186822,302,3459,2,7200,1.08730847066
183100,183369,186741,269,3372,2,7200,1.07977461447
183158,183312,186873,154,3561,2,7200,1.04324627914
183182,183317,186788,135,3471,2,7200,1.03889369058
183212,183322,186803,110,3481,2,7200,1.03160011491
183302,183328,186694,26,3366,2,7200,1.00772430184
183352,183374,187022,22,3648,2,7200,1.00603070175
183353,183380,184178,27,798,1,3600,1.03383458647
183458,183464,187085,6,3621,2,7200,1.00165700083
183490,183497,186963,7,3466,2,7200,1.00201961916
183560,183566,187120,6,3554,2,7200,1.0016882386
183672,183678,187298,6,3620,2,7200,1.00165745856
183720,183726,187146,6,3420,2,7200,1.00175438596
183957,183963,187511,6,3548,2,7200,1.00169109357
184008,184015,187561,7,3546,2,7200,1.00197405527
184214,184220,187862,6,3642,2,7200,1.00164744646
184230,184236,187718,6,3482,2,7200,1.00172314762
184249,184255,188009,6,3754,2,7200,1.00159829515
184276,184282,187957,6,3675,2,7200,1.00163265306
184303,184309,187620,6,3311,2,7200,1.00181214135
184801,184807,188116,6,3309,2,7200,1.00181323663
184918,184924,188283,6,3359,2,7200,1.00178624591
184958,184964,188480,6,3516,2,7200,1.00170648464
185046,185052,188566,6,3514,2,7200,1.00170745589
185279,185285,188888,6,3603,2,7200,1.00166527893
185294,185300,188567,6,3267,2,7200,1.00183654729
185483,185488,185597,5,109,1,3600,1.04587155963
185623,185629,189172,6,3543,2,7200,1.0016934801
185659,185665,189123,6,3458,2,7200,1.001735107
185688,185694,185865,6,171,1,3600,1.0350877193
185694,185700,189360,6,3660,2,7200,1.00163934426
185773,185875,186196,102,321,1,3600,1.31775700935
185804,185813,189245,9,3432,2,7200,1.00262237762
185879,185885,189294,6,3409,2,7200,1.00176004693
185949,185955,189371,6,3416,2,7200,1.00175644028
185961,185967,189383,6,3416,2,7200,1.00175644028
186053,186059,186411,6,352,1,3600,1.01704545455
186167,186178,189808,11,3630,2,7200,1.00303030303
186204,186210,189448,6,3238,2,7200,1.00185299568
186219,186225,189678,6,3453,2,7200,1.00173761946
186292,186298,189866,6,3568,2,7200,1.00168161435
186349,186355,189723,6,3368,2,7200,1.00178147268
186364,186370,190161,6,3791,2,7200,1.00158269586
186678,186684,189946,6,3262,2,7200,1.00183936235
186681,186690,187312,9,622,1,3600,1.01446945338
186696,186702,190147,6,3445,2,7200,1.00174165457
186741,186747,190148,6,3401,2,7200,1.001764187
186764,186770,187563,6,793,1,3600,1.00756620429
186783,186794,190211,11,3417,2,7200,1.00321919813
186798,186804,190229,6,3425,2,7200,1.00175182482
186813,186819,190296,6,3477,2,7200,1.00172562554
186828,186834,190313,6,3479,2,7200,1.00172463352
186877,186885,190408,8,3523,2,7200,1.00227079194
186964,187575,191104,611,3529,2,7200,1.17313686597
187022,187028,190195,6,3167,2,7200,1.00189453742
187086,187092,190423,6,3331,2,7200,1.00180126088
187121,187627,191238,506,3611,2,7200,1.14012738854
187148,187632,191205,484,3573,2,7200,1.13546039743
187299,187638,190983,339,3345,2,7200,1.10134529148
187513,187520,190885,7,3365,2,7200,1.00208023774
187561,187568,190965,7,3397,2,7200,1.00206064174
187621,187643,191356,22,3713,2,7200,1.00592512793
187721,187727,191409,6,3682,2,7200,1.00162954916
187864,187870,191460,6,3590,2,7200,1.00167130919
187960,187966,191504,6,3538,2,7200,1.00169587337
188009,188015,191708,6,3693,2,7200,1.00162469537
188117,188124,191449,7,3325,2,7200,1.00210526316
188285,188291,191887,6,3596,2,7200,1.00166852058
188482,188488,192171,6,3683,2,7200,1.00162910671
188566,188573,192139,7,3566,2,7200,1.00196298374
188581,188587,191897,6,3310,2,7200,1.00181268882
188787,188793,188910,6,117,1,3600,1.05128205128
188889,188895,192251,6,3356,2,7200,1.00178784267
189090,189096,189412,6,316,1,3600,1.01898734177
189127,189133,192404,6,3271,2,7200,1.00183430144
189172,189178,193126,6,3948,2,7200,1.00151975684
189248,189254,192800,6,3546,2,7200,1.00169204738
189298,189304,192858,6,3554,2,7200,1.0016882386
189361,189367,192966,6,3599,2,7200,1.00166712976
189377,189383,192928,6,3545,2,7200,1.00169252468
189384,189390,193115,6,3725,2,7200,1.00161073826
189419,189425,189540,6,115,1,1800,1.05217391304
189451,189457,193137,6,3680,2,7200,1.00163043478
189680,189686,193312,6,3626,2,7200,1.00165471594
189725,189731,193253,6,3522,2,7200,1.00170357751
189810,189816,193290,6,3474,2,7200,1.00172711572
189852,189858,189971,6,113,1,1800,1.05309734513
189867,189874,193414,7,3540,2,7200,1.00197740113
189916,189922,190537,6,615,1,3600,1.00975609756
189949,189955,193374,6,3419,2,7200,1.00175489909
190151,190157,193705,6,3548,2,7200,1.00169109357
190152,190164,193646,12,3482,2,7200,1.00344629523
190167,190173,193529,6,3356,2,7200,1.00178784267
190195,190201,193529,6,3328,2,7200,1.00180288462
190212,190219,193740,7,3521,2,7200,1.00198807157
190230,190237,193838,7,3601,2,7200,1.00194390447
190297,190303,193727,6,3424,2,7200,1.00175233645
190315,190321,193906,6,3585,2,7200,1.00167364017
190409,190415,193998,6,3583,2,7200,1.00167457438
190424,190431,193551,7,3120,2,7200,1.00224358974
190651,190657,191238,6,581,1,1800,1.01032702238
190885,190891,194245,6,3354,2,7200,1.00178890877
190965,190971,194168,6,3197,2,7200,1.00187675946
190985,190991,194438,6,3447,2,7200,1.00174064404
191106,191112,194636,6,3524,2,7200,1.00170261067
191202,191209,194857,7,3648,2,7200,1.00191885965
191239,191416,194944,177,3528,2,7200,1.05017006803
191358,191422,194697,64,3275,2,7200,1.01954198473
191410,191427,195016,17,3589,2,7200,1.00473669546
191449,191455,195113,6,3658,2,7200,1.00164024057
191460,191466,194219,6,2753,2,7200,1.00217944061
191506,191512,194957,6,3445,2,7200,1.00174165457
191709,191716,195271,7,3555,2,7200,1.00196905767
191887,191893,195476,6,3583,2,7200,1.00167457438
191898,191904,195499,6,3595,2,7200,1.0016689847
192137,192143,195942,6,3799,2,7200,1.00157936299
192173,192179,195428,6,3249,2,7200,1.00184672207
192252,192258,195836,6,3578,2,7200,1.00167691448
192407,192413,195763,6,3350,2,7200,1.00179104478
192802,192809,196240,7,3431,2,7200,1.00204022151
192860,192866,196285,6,3419,2,7200,1.00175489909
192929,192935,196499,6,3564,2,7200,1.00168350168
192968,192975,196540,7,3565,2,7200,1.00196353436
193070,193076,193126,6,50,1,1800,1.12
193098,193105,193218,7,113,1,1800,1.06194690265
193117,193123,196360,6,3237,2,7200,1.00185356812
193133,193139,196690,6,3551,2,7200,1.00168966488
193148,193154,196543,6,3389,2,7200,1.00177043376
193254,193260,196680,6,3420,2,7200,1.00175438596
193293,193299,196977,6,3678,2,7200,1.00163132137
193314,193320,196759,6,3439,2,7200,1.00174469322
193375,193381,197045,6,3664,2,7200,1.00163755459
193417,193423,196928,6,3505,2,7200,1.00171184023
193447,193453,193535,6,82,1,1800,1.07317073171
193531,193537,196744,6,3207,2,7200,1.00187090739
193532,193543,197305,11,3762,2,7200,1.00292397661
193552,193558,196812,6,3254,2,7200,1.00184388445
193553,193564,193682,11,118,1,1800,1.09322033898
193648,193654,197210,6,3556,2,7200,1.00168728909
193706,193712,197269,6,3557,2,7200,1.00168681473
193727,193733,197021,6,3288,2,7200,1.00182481752
193742,193748,197102,6,3354,2,7200,1.00178890877
193839,193845,197312,6,3467,2,7200,1.00173060283
193909,193915,197599,6,3684,2,7200,1.0016286645
194000,194006,197401,6,3395,2,7200,1.00176730486
194169,194176,197382,7,3206,2,7200,1.00218340611
194218,194224,197740,6,3516,2,7200,1.00170648464
194245,194251,197600,6,3349,2,7200,1.00179157958
194391,194397,194976,6,579,1,1800,1.0103626943
194438,194444,197858,6,3414,2,7200,1.00175746924
194510,194516,194817,6,301,1,1800,1.01993355482
194639,194645,198221,6,3576,2,7200,1.00167785235
194699,194705,198099,6,3394,2,7200,1.00176782557
194861,194867,198425,6,3558,2,7200,1.00168634064
194945,194952,198553,7,3601,2,7200,1.00194390447
194960,194967,198534,7,3567,2,7200,1.00196243342
195013,195186,198573,173,3387,2,7200,1.05107764984
195117,195192,198878,75,3686,2,7200,1.0203472599
195271,195277,198925,6,3648,2,7200,1.00164473684
195429,195435,199038,6,3603,2,7200,1.00166527893
195479,195485,199031,6,3546,2,7200,1.00169204738
195501,195507,199075,6,3568,2,7200,1.00168161435
195765,195771,199460,6,3689,2,7200,1.00162645703
195839,195845,199390,6,3545,2,7200,1.00169252468
195943,195949,199288,6,3339,2,7200,1.00179694519
196242,196249,199709,7,3460,2,7200,1.00202312139
196283,196289,199786,6,3497,2,7200,1.00171575636
196361,196368,199869,7,3501,2,7200,1.00199942873
196502,196508,200076,6,3568,2,7200,1.00168161435
196541,196547,199755,6,3208,2,7200,1.00187032419
196545,196553,199910,8,3357,2,7200,1.00238308013
196681,196687,200082,6,3395,2,7200,1.00176730486
196696,196702,200170,6,3468,2,7200,1.00173010381
196744,196750,200052,6,3302,2,7200,1.00181708056
196760,196766,200184,6,3418,2,7200,1.00175541252
196814,196820,200216,6,3396,2,7200,1.00176678445
196867,196873,196922,6,49,1,1800,1.12244897959
196930,196937,200766,7,3829,2,7200,1.00182815356
196979,196985,200582,6,3597,2,7200,1.00166805671
197021,197028,200355,7,3327,2,7200,1.0021039976
197046,197052,200815,6,3763,2,7200,1.0015944725
197103,197109,200360,6,3251,2,7200,1.00184558597
197212,197218,200715,6,3497,2,7200,1.00171575636
197262,197268,197350,6,82,1,1800,1.07317073171
197270,197276,200798,6,3522,2,7200,1.00170357751
197306,197312,200814,6,3502,2,7200,1.00171330668
197321,197327,200869,6,3542,2,7200,1.00169395822
197379,197385,200965,6,3580,2,7200,1.00167597765
197403,197409,200854,6,3445,2,7200,1.00174165457
197600,197606,201065,6,3459,2,7200,1.00173460538
197600,197611,201149,11,3538,2,7200,1.00310910119
197739,197745,201310,6,3565,2,7200,1.00168302945
197860,197866,201438,6,3572,2,7200,1.00167973124
198100,198106,201792,6,3686,2,7200,1.00162778079
198224,198230,201545,6,3315,2,7200,1.00180995475
198397,198403,198692,6,289,1,1800,1.02076124567
198427,198433,201986,6,3553,2,7200,1.00168871376
198535,198542,201811,7,3269,2,7200,1.00214132762
198553,198560,202031,7,3471,2,7200,1.00201670988
198575,198581,202043,6,3462,2,7200,1.00173310225
198881,198998,202481,117,3483,2,7200,1.03359173127
198926,199003,202493,77,3490,2,7200,1.02206303725
199030,199036,202339,6,3303,2,7200,1.00181653043
199041,199047,202744,6,3697,2,7200,1.00162293752
199074,199081,202588,7,3507,2,7200,1.00199600798
199289,199295,202804,6,3509,2,7200,1.00170988886
199392,199398,202894,6,3496,2,7200,1.00171624714
199462,199468,203062,6,3594,2,7200,1.00166944908
199709,199715,203311,6,3596,2,7200,1.00166852058
199755,199761,203440,6,3679,2,7200,1.00163087796
199788,199794,202911,6,3117,2,7200,1.00192492782
199869,199875,203601,6,3726,2,7200,1.00161030596
199912,199918,203452,6,3534,2,7200,1.00169779287
200054,200060,203655,6,3595,2,7200,1.0016689847
200075,200081,203216,6,3135,2,7200,1.0019138756
200084,200091,203589,7,3498,2,7200,1.00200114351
200172,200179,203808,7,3629,2,7200,1.00192890603
200187,200194,203737,7,3543,2,7200,1.00197572679
200216,200223,203880,7,3657,2,7200,1.00191413727
200357,200363,203952,6,3589,2,7200,1.00167177487
200372,200379,203815,7,3436,2,7200,1.00203725262
200561,200567,201014,6,447,1,14400,1.01342281879
200584,200591,203971,7,3380,2,7200,1.00207100592
200718,200724,204260,6,3536,2,7200,1.00169683258
200766,200773,204323,7,3550,2,7200,1.00197183099
200800,200806,204247,6,3441,2,7200,1.00174367916
200815,200821,204407,6,3586,2,7200,1.00167317345
200816,200827,204216,11,3389,2,7200,1.00324579522
200855,200862,204263,7,3401,2,7200,1.00205821817
200870,200876,203991,6,3115,2,7200,1.00192616372
200964,200970,204338,6,3368,2,7200,1.00178147268
201066,201072,215571,6,14499,3,14400,1.00041382164
201067,201078,204455,11,3377,2,7200,1.00325732899
201149,201155,204676,6,3521,2,7200,1.00170406135
201312,201318,204652,6,3334,2,7200,1.00179964007
201440,201446,205141,6,3695,2,7200,1.00162381597
201546,201552,205278,6,3726,2,7200,1.00161030596
201794,201800,205308,6,3508,2,7200,1.00171037628
201812,201818,205230,6,3412,2,7200,1.00175849941
201988,201994,205457,6,3463,2,7200,1.00173260179
202020,202026,204926,6,2900,1,14400,1.00206896552
202034,202040,205398,6,3358,2,7200,1.00178677784
202049,202055,205667,6,3612,2,7200,1.00166112957
202339,202345,205855,6,3510,2,7200,1.00170940171
202482,202488,205775,6,3287,2,7200,1.00182537268
202498,202504,205848,6,3344,2,7200,1.00179425837
202589,202917,206293,328,3376,2,7200,1.0971563981
202747,202923,206675,176,3752,2,7200,1.04690831557
202804,202928,206394,124,3466,2,7200,1.03577611079
202895,202902,206550,7,3648,2,7200,1.00191885965
202910,202933,206293,23,3360,2,7200,1.0068452381
203064,203070,206569,6,3499,2,7200,1.00171477565
203216,203222,206683,6,3461,2,7200,1.001733603
203311,203318,206969,7,3651,2,7200,1.00191728294
203443,203450,206847,7,3397,2,7200,1.00206064174
203453,203460,207094,7,3634,2,7200,1.00192625206
203589,203596,207364,7,3768,2,7200,1.00185774947
203604,203611,207074,7,3463,2,7200,1.00202136876
203655,203661,206913,6,3252,2,7200,1.00184501845
203738,203744,207156,6,3412,2,7200,1.00175849941
203807,203813,207225,6,3412,2,7200,1.00175849941
203822,203828,207598,6,3770,2,7200,1.00159151194
203882,203889,207430,7,3541,2,7200,1.0019768427
203953,203959,207361,6,3402,2,7200,1.00176366843
203974,203980,207428,6,3448,2,7200,1.00174013921
203992,203998,207407,6,3409,2,7200,1.00176004693
204110,204116,210197,6,6081,8,14400,1.00098667982
204216,204222,208071,6,3849,2,7200,1.00155884645
204249,204255,207587,6,3332,2,7200,1.00180072029
204264,204271,207755,7,3484,2,7200,1.00200918485
204266,204277,207920,11,3643,2,7200,1.00301948943
204318,204324,223701,6,19377,2,43200,1.00030964546
204326,204333,207825,7,3492,2,7200,1.0020045819
204339,204345,208117,6,3772,2,7200,1.00159066808
204408,204415,207935,7,3520,2,7200,1.00198863636
204457,204463,208258,6,3795,2,7200,1.00158102767
204651,204657,208280,6,3623,2,7200,1.00165608612
204654,204663,224951,9,20288,2,43200,1.00044361199
204676,204682,208227,6,3545,2,7200,1.00169252468
204697,204705,223843,8,19138,1,86400,1.00041801651
205143,205149,208534,6,3385,2,7200,1.00177252585
205231,205237,208697,6,3460,2,7200,1.00173410405
205280,205286,208686,6,3400,2,7200,1.00176470588
205310,205316,208752,6,3436,2,7200,1.00174621653
205400,205407,208937,7,3530,2,7200,1.00198300283
205458,205464,209201,6,3737,2,7200,1.00160556596
205514,205520,208551,6,3031,8,21600,1.0019795447
205615,205621,205679,6,58,2,21600,1.10344827586
205670,205676,209162,6,3486,2,7200,1.0017211704
205776,205782,209377,6,3595,2,7200,1.0016689847
205849,205855,209244,6,3389,2,7200,1.00177043376
205857,205864,209540,7,3676,2,7200,1.00190424374
206028,206034,206097,6,63,2,21600,1.09523809524
206295,206306,209964,11,3658,2,7200,1.00300710771
206295,206301,209755,6,3454,2,7200,1.00173711639
206395,206401,210035,6,3634,2,7200,1.0016510732
206552,206558,210243,6,3685,2,7200,1.00162822252
206570,206973,210266,403,3293,2,7200,1.12238080777
206676,206981,210653,305,3672,2,7200,1.08306100218
206685,206691,210024,6,3333,2,7200,1.00180018002
206727,206987,211050,260,4063,2,28800,1.06399212405
206848,206854,210188,6,3334,2,7200,1.00179964007
206914,206920,210297,6,3377,2,7200,1.0017767249
206917,206927,208180,10,1253,1,10800,1.00798084597
206962,206968,226687,6,19719,6,25200,1.00030427506
206969,206993,210733,24,3740,2,7200,1.0064171123
207076,207082,210380,6,3298,2,7200,1.00181928441
207094,207100,210543,6,3443,2,7200,1.00174266628
207158,207164,210799,6,3635,2,7200,1.00165061898
207227,207233,210652,6,3419,2,7200,1.00175489909
207364,207370,210847,6,3477,2,7200,1.00172562554
207366,207376,210909,10,3533,2,7200,1.0028304557
207408,207414,210930,6,3516,2,7200,1.00170648464
207429,207435,210843,6,3408,2,7200,1.00176056338
207431,207441,210881,10,3440,2,7200,1.00290697674
207590,207596,211238,6,3642,2,7200,1.00164744646
207605,207611,211125,6,3514,2,7200,1.00170745589
207757,207763,211203,6,3440,2,7200,1.00174418605
207826,207832,211270,6,3438,2,7200,1.0017452007
207923,207929,211456,6,3527,2,7200,1.00170116246
207938,207944,211682,6,3738,2,7200,1.00160513644
208042,208048,211986,6,3938,2,28800,1.00152361605
208071,208077,211362,6,3285,2,7200,1.00182648402
208116,208122,211328,6,3206,2,7200,1.00187149095
208186,208192,219123,6,10931,2,10800,1.00054889763
208228,208234,211642,6,3408,2,7200,1.00176056338
208259,208265,211873,6,3608,2,7200,1.00166297118
208279,208285,211639,6,3354,2,7200,1.00178890877
208535,208541,211896,6,3355,2,7200,1.00178837556
208590,208596,237427,6,28831,8,72000,1.00020810933
208691,208697,212344,6,3647,2,7200,1.00164518783
208691,208703,219325,12,10622,2,28800,1.00112973075
208706,208712,212305,6,3593,2,7200,1.00166991372
208754,208765,212339,11,3574,2,7200,1.003077784
208939,208948,212447,9,3499,2,7200,1.00257216348
209128,209134,217077,6,7943,1,14400,1.0007553821
209165,209174,212605,9,3431,2,7200,1.00262314194
209202,209212,212333,10,3121,2,7200,1.00320410125
209247,209256,212933,9,3677,2,7200,1.00244764754
209378,209388,212853,10,3465,2,7200,1.00288600289
209521,210203,218344,682,8141,32,14400,1.0837734922
209542,209548,213179,6,3631,2,7200,1.00165243735
209758,210209,213780,451,3571,2,7200,1.12629515542
209909,210917,212748,1008,1831,3,7200,1.55051884216
209958,210928,212216,970,1288,1,7200,1.75310559006
209969,209975,213318,6,3343,2,7200,1.00179479509
210026,210033,213585,7,3552,2,7200,1.00197072072
210037,210214,213677,177,3463,2,7200,1.05111175282
210183,210922,222979,739,12057,2,21600,1.06129219541
210187,210194,213464,7,3270,2,7200,1.00214067278
210244,210250,213463,6,3213,2,7200,1.00186741363
210267,210278,213752,11,3474,2,7200,1.00316637881
210298,210305,213793,7,3488,2,7200,1.00200688073
210381,210392,213718,11,3326,2,7200,1.00330727601
210545,210934,214474,389,3540,2,7200,1.10988700565
210654,210940,214502,286,3562,2,7200,1.0802919708
210655,210946,214578,291,3632,2,7200,1.08012114537
210662,295144,536724,84482,241580,4,432000,1.3497061015
210734,210896,214259,162,3363,2,7200,1.04817127565
210801,210901,214279,100,3378,2,7200,1.02960331557
210808,295150,316996,84342,21846,4,432000,4.86075254051
210843,210906,214181,63,3275,2,7200,1.01923664122
210856,309995,488037,99139,178042,2,432000,1.55682928747
210858,210912,214533,54,3621,2,7200,1.01491300746
210882,210889,214355,7,3466,2,7200,1.00201961916
210894,211695,211698,801,3,1,600,80.4
210902,317007,321345,106105,4338,2,432000,25.459428308
210910,211061,214848,151,3787,2,7200,1.03987325059
210931,211136,214701,205,3565,2,7200,1.05750350631
211127,211215,214605,88,3390,2,7200,1.02595870206
211155,232260,235062,21105,2802,2,28800,8.53211991435
211203,211249,214681,46,3432,2,7200,1.0134032634
211239,211282,214446,43,3164,2,7200,1.01359039191
211272,211342,214578,70,3236,2,7200,1.021631644
211293,317013,334288,105720,17275,2,432000,7.11982633864
211329,211335,214628,6,3293,2,7200,1.00182204677
211363,211373,214813,10,3440,2,7200,1.00290697674
211457,211468,215052,11,3584,2,7200,1.00306919643
211460,295160,298823,83700,3663,4,432000,23.8501228501
211641,211647,214872,6,3225,2,7200,1.00186046512
211642,211654,214979,12,3325,2,7200,1.00360902256
211684,212864,216026,1180,3162,2,7200,1.37318153068
211687,211997,242091,310,30094,8,72000,1.01030105669
211695,212355,284374,660,72019,8,72000,1.00916424832
211702,212760,284775,1058,72015,8,72000,1.01469138374
211721,317045,432066,105324,115021,2,259200,1.91569365594
211772,232268,232461,20496,193,2,28800,107.196891192
211875,212959,216264,1084,3305,2,7200,1.32798789713
211890,215064,218632,3174,3568,2,7200,1.88957399103
212048,212229,212230,181,1,1,600,18.2
212279,232273,253037,19994,20764,2,21600,1.9629165864
212307,214826,218278,2519,3452,2,7200,1.72972190035
212334,214831,218423,2497,3592,2,7200,1.695155902
212349,214836,218302,2487,3466,2,7200,1.71754183497
212351,214842,218135,2491,3293,2,7200,1.7564530823
212426,232473,253012,20047,20539,2,21600,1.97604557184
212447,214847,218331,2400,3484,2,7200,1.68886337543
212604,214852,218250,2248,3398,2,7200,1.66156562684
212827,286677,288480,73850,1803,2,36000,41.9595119246
212855,214858,218216,2003,3358,2,7200,1.59648600357
212936,214863,217993,1927,3130,2,7200,1.61565495208
212937,212946,212948,9,2,1,9000,1.1
213024,213689,216463,665,2774,1,9000,1.2397260274
213178,213185,216572,7,3387,2,7200,1.00206672572
213301,218355,261605,5054,43250,13,43200,1.11685549133
213320,213326,216759,6,3433,2,7200,1.0017477425
213462,213469,217113,7,3644,2,7200,1.00192096597
213464,213476,216740,12,3264,2,7200,1.00367647059
213584,213591,217199,7,3608,2,7200,1.00194013304
213640,214192,324977,552,110785,8,129600,1.004982624
213667,214485,325883,818,111398,8,129600,1.00734304027
213678,216475,219886,2797,3411,2,7200,1.81999413662
213688,215581,299598,1893,84017,8,129600,1.02253115441
213710,307593,327969,93883,20376,4,345600,5.60752846486
213721,218004,221636,4283,3632,2,7200,2.17924008811
213754,218228,221471,4474,3243,2,7200,2.37958680234
213781,218262,221764,4481,3502,2,7200,2.27955454026
213796,213803,217364,7,3561,2,7200,1.00196573996
214167,286682,293042,72515,6360,2,36000,12.4017295597
214182,218360,221699,4178,3339,2,7200,2.25127283618
214261,218366,221990,4105,3624,2,7200,2.13272626932
214279,218371,222050,4092,3679,2,7200,2.11225876597
214355,214361,217683,6,3322,2,7200,1.00180614088
214449,218376,221970,3927,3594,2,7200,2.09265442404
214476,218382,221781,3906,3399,2,7200,2.14916151809
214503,218387,221988,3884,3601,2,7200,2.07858928076
214533,218392,222158,3859,3766,2,7200,2.02469463622
214579,218397,221764,3818,3367,2,7200,2.13394713395
214580,218403,221926,3823,3523,2,7200,2.0851546977
214607,218408,221870,3801,3462,2,7200,2.0979202773
214629,214636,217947,7,3311,2,7200,1.0021141649
214683,218413,221906,3730,3493,2,7200,2.06784998569
214704,218418,221976,3714,3558,2,7200,2.04384485666
214805,286688,288737,71883,2049,2,36000,36.0819912152
214815,218424,221882,3609,3458,2,7200,2.04366685946
214848,218429,221901,3581,3472,2,7200,2.03139400922
214874,214880,218608,6,3728,2,7200,1.00160944206
214980,214987,218563,7,3576,2,7200,1.00195749441
215055,218643,222280,3588,3637,2,7200,1.98652735771
215091,308275,331740,93184,23465,4,345600,4.97119113573
215476,309531,446244,94055,136713,4,345600,1.68797407708
215794,286693,290248,70899,3555,2,28800,20.9434599156
215987,315038,320021,99051,4983,4,259200,20.8777844672
216028,219337,223225,3309,3888,2,7200,1.85108024691
216266,219897,223201,3631,3304,2,7200,2.09897094431
216486,216492,216503,6,11,2,9000,1.54545454545
216572,216579,219770,7,3191,2,7200,1.0021936697
216615,216621,221023,6,4402,2,9000,1.00136301681
216741,216747,220359,6,3612,2,7200,1.00166112957
216759,216766,220167,7,3401,2,7200,1.00205821817
217112,217119,220674,7,3555,2,7200,1.00196905767
217200,217206,220648,6,3442,2,7200,1.00174317257
217357,217363,220843,6,3480,2,7200,1.00172413793
217360,317040,356777,99680,39737,4,345600,3.50849334374
217683,217689,220840,6,3151,2,7200,1.00190415741
217949,217956,221406,7,3450,2,7200,1.00202898551
217993,222292,225829,4299,3537,2,7200,2.21543681086
218024,322412,342379,104388,19967,2,345600,6.2280262433
218138,224962,228462,6824,3500,2,7200,2.94971428571
218216,225841,229341,7625,3500,2,7200,3.17857142857
218253,226697,230271,8444,3574,2,7200,3.36261891438
218280,226702,230263,8422,3561,2,7200,3.3650659927
218304,226707,230194,8403,3487,2,7200,3.40980785776
218331,228475,232247,10144,3772,2,7200,3.68928950159
218425,230275,233697,11850,3422,2,7200,4.46288720047
218511,322601,344348,104090,21747,2,345600,5.78640732055
218565,218573,221999,8,3426,2,7200,1.00233508465
218608,218614,221949,6,3335,2,7200,1.00179910045
218634,230282,233866,11648,3584,2,7200,4.25
219498,322943,336635,103445,13692,2,345600,8.55514168858
219771,219777,223373,6,3596,2,7200,1.00166852058
219831,322949,336617,103118,13668,2,345600,8.54448346503
219886,230914,234400,11028,3486,2,7200,4.16351118761
220036,220043,221939,7,1896,1,3600,1.00369198312
220076,256964,259034,36888,2070,2,25200,18.8202898551
220169,220175,223747,6,3572,2,7200,1.00167973124
220235,322954,373330,102719,50376,2,345600,3.03904637129
220359,220365,223632,6,3267,2,7200,1.00183654729
220646,220653,224030,7,3377,2,7200,1.00207284572
220676,220682,223955,6,3273,2,7200,1.00183318057
220679,221913,233517,1234,11604,8,21600,1.10634264047
220679,221987,243598,1308,21611,8,21600,1.06052473277
220680,221777,243412,1097,21635,8,21600,1.05070487636
220680,222169,234591,1489,12422,8,21600,1.11986797617
220753,291914,298198,71161,6284,2,28800,12.3241565882
220806,221782,230897,976,9115,8,14400,1.10707624794
220806,223855,238262,3049,14407,8,14400,1.21163323384
220807,237440,251861,16633,14421,8,14400,2.15338742112
220807,234602,244282,13795,9680,8,14400,2.42510330579
220842,220849,224184,7,3335,2,7200,1.00209895052
220844,220856,223958,12,3102,2,7200,1.00386847195
220974,278868,280469,57894,1601,8,21600,37.1611492817
220975,280539,282261,59564,1722,8,21600,35.5900116144
220975,280480,282753,59505,2273,8,21600,27.179058513
220976,282272,284383,61296,2111,8,21600,30.036475604
220976,282764,284680,61788,1916,8,21600,33.248434238
220977,284386,286103,63409,1717,8,21600,37.9301106581
220978,284394,286051,63416,1657,8,21600,39.2715751358
220979,284691,286657,63712,1966,8,21600,33.4069175992
220979,284786,286666,63807,1880,8,21600,34.939893617
220979,286062,288170,65083,2108,8,21600,31.874288425
220980,286669,288378,65689,1709,8,21600,39.437097718
220980,286114,288051,65134,1937,8,21600,34.6262261229
221407,221413,225023,6,3610,2,7200,1.00166204986
221473,232278,235780,10805,3502,2,7200,4.08537978298
221637,233709,237203,12072,3494,2,7200,4.45506582713
221700,233879,237580,12179,3701,2,7200,4.29073223453
221776,234131,237630,12355,3499,2,7200,4.53100885967
221778,234413,237813,12635,3400,2,7200,4.71617647059
221793,234724,238450,12931,3726,2,7200,4.4704777241
221871,237215,240733,15344,3518,2,7200,5.36156907334
221887,237593,241016,15706,3423,2,7200,5.58837277242
221901,237642,241324,15741,3682,2,7200,5.27512221619
221916,237825,241327,15909,3502,2,7200,5.54283266705
221932,238273,241830,16341,3557,2,7200,5.59403992128
221951,221958,225312,7,3354,2,7200,1.00208706023
221971,238278,241836,16307,3558,2,7200,5.58319280495
221986,238284,241719,16298,3435,2,7200,5.74468704512
221988,238289,241750,16301,3461,2,7200,5.70991043051
222000,222007,225652,7,3645,2,7200,1.00192043896
222002,238463,242162,16461,3699,2,7200,5.4501216545
222027,222991,224673,964,1682,1,3600,1.57312722949
222051,240746,244071,18695,3325,2,7200,6.62255639098
222153,319092,437123,96939,118031,4,259200,1.82130118359
222160,241028,244564,18868,3536,2,7200,6.33597285068
222280,241337,244838,19057,3501,2,7200,6.44330191374
222319,291929,315025,69610,23096,2,36000,4.01394180811
222744,294551,317746,71807,23195,2,36000,4.09579650787
222866,320032,348812,97166,28780,4,259200,4.37616400278
222997,295155,307992,72158,12837,2,43200,6.62109527148
222999,322272,369001,99273,46729,4,345600,3.12444092534
223200,241344,244771,18144,3427,2,7200,6.2944266122
223228,241732,245379,18504,3647,2,7200,6.07375925418
223373,223380,226938,7,3558,2,7200,1.00196739741
223644,223650,226752,6,3102,2,7200,1.00193423598
223676,290230,293628,66554,3398,12,43200,20.5862271925
223749,223756,227277,7,3521,2,7200,1.00198807157
223953,225847,247684,1894,21837,1,86400,1.08673352567
223954,223960,227366,6,3406,2,7200,1.00176159718
223969,223976,227566,7,3590,2,7200,1.00194986072
223994,295165,301970,71171,6805,2,28800,11.4586333578
224032,224039,227751,7,3712,2,7200,1.00188577586
224105,251085,256639,26980,5554,64,7200,5.85776017285
224184,224190,227596,6,3406,2,7200,1.00176159718
224956,224968,228870,12,3902,1,10800,1.00307534598
224975,296034,302556,71059,6522,8,172800,11.8952775222
224975,298210,302774,73235,4564,2,43200,17.046231376
225024,225032,228307,8,3275,2,7200,1.00244274809
225224,299609,317589,74385,17980,8,172800,5.13709677419
225314,225321,228770,7,3449,2,7200,1.00202957379
225425,302567,524172,77142,221605,8,345600,1.34810586404
225538,305523,537659,79985,232136,8,259200,1.34456094703
225632,307588,378168,81956,70580,8,259200,2.16117880419
225652,225659,228762,7,3103,2,7200,1.00225588141
225836,241763,245023,15927,3260,2,7200,5.88558282209
226194,256650,318870,30456,62220,24,72000,1.48948891032
226206,307599,314598,81393,6999,2,28800,12.6292327475
226664,256655,260005,29991,3350,24,72000,9.95253731343
226747,278862,307577,52115,28715,16,64800,2.81490510186
226752,226758,230231,6,3473,2,7200,1.00172761301
226939,226946,230380,7,3434,2,7200,1.00203843914
227278,227285,230544,7,3259,2,7200,1.00214789813
227321,230909,231294,3588,385,6,28800,10.3194805195
227321,231307,231678,3986,371,6,28800,11.74393531
227322,232072,232255,4750,183,6,28800,26.956284153
227322,231691,232059,4369,368,6,28800,12.8722826087
227365,227372,230612,7,3240,2,7200,1.00216049383
227369,256661,322031,29292,65370,24,72000,1.44809545663
227568,227575,231087,7,3512,2,7200,1.00199316629
227598,227605,231251,7,3646,2,7200,1.00191991223
227660,260016,290216,32356,30200,24,72000,2.07139072848
227752,227758,231034,6,3276,2,7200,1.00183150183
227754,261616,278851,33862,17235,24,72000,2.96472294749
227949,316899,364656,88950,47757,8,259200,2.86255418054
228308,228316,231827,8,3511,2,7200,1.00227855312
228463,241842,245427,13379,3585,2,7200,4.73193863319
228764,228771,232048,7,3277,2,7200,1.00213610009
228779,228786,232140,7,3354,2,7200,1.00208706023
228802,229354,234119,552,4765,2,19800,1.11584470094
229290,230206,234712,916,4506,2,18000,1.20328450954
229343,241849,245264,12506,3415,2,7200,4.66207906296
229495,322959,324935,93464,1976,4,86400,48.2995951417
229598,322964,324875,93366,1911,4,86400,49.8571428571
230194,242103,245494,11909,3391,2,7200,4.51194337953
230234,230241,233552,7,3311,2,7200,1.0021141649
230263,242108,245549,11845,3441,2,7200,4.44231328102
230278,242113,245524,11835,3411,2,7200,4.46965699208
230319,317248,327114,86929,9866,2,28800,9.81096695723
230381,230389,233756,8,3367,2,7200,1.00237600238
230545,230551,233860,6,3309,2,7200,1.00181323663
230612,230619,233674,7,3055,2,7200,1.0022913257
231035,231041,234302,6,3261,2,7200,1.0018399264
231086,231094,234643,8,3549,2,7200,1.0022541561
231253,231259,234768,6,3509,2,7200,1.00170988886
231358,318908,332541,87550,13633,2,28800,7.42191740629
231831,231837,235556,6,3719,2,7200,1.00161333692
231931,323374,538710,91443,215336,2,432000,1.42465263588
231931,323385,541752,91454,218367,2,432000,1.41880870278
231931,323390,484532,91459,161142,2,432000,1.56756773529
231931,323379,526153,91448,202774,2,432000,1.45098484027
231932,323395,429957,91463,106562,2,432000,1.85830783957
232048,232054,235390,6,3336,2,7200,1.00179856115
232098,318913,322889,86815,3976,2,28800,22.8347585513
232142,232148,235231,6,3083,2,7200,1.00194615634
232250,242119,245831,9869,3712,2,7200,3.65867456897
232644,233528,251079,884,17551,8,21600,1.05036750043
232772,288062,316884,55290,28822,6,28800,2.91832627854
232772,288389,317234,55617,28845,6,28800,2.92813312533
232772,290235,319072,57463,28837,6,28800,2.99268301141
232772,288181,317026,55409,28845,6,28800,2.92092217022
232773,290241,295872,57468,5631,6,28800,11.2056473095
232773,294546,323354,61773,28808,6,28800,3.14430019439
232773,294540,323355,61767,28815,6,28800,3.14357105674
232773,290246,292448,57473,2202,6,28800,27.1003633061
232773,292461,304334,59688,11873,6,28800,6.02720458182
232808,244082,247711,11274,3629,2,3600,4.10664094792
233024,318918,323017,85894,4099,2,28800,21.9548670407
233553,233559,236850,6,3291,2,7200,1.00182315406
233643,317253,322578,83610,5325,4,36000,16.7014084507
233676,233682,236997,6,3315,2,7200,1.00180995475
233698,242175,245576,8477,3401,2,7200,3.49250220523
233758,233765,237191,7,3426,2,7200,1.00204319907
233861,233868,237152,7,3284,2,7200,1.00213154689
233865,243423,247118,9558,3695,2,7200,3.58673883627
233894,317600,327166,83706,9566,4,36000,9.75036587916
233905,317605,328201,83700,10596,4,36000,8.89920724802
233913,318881,325571,84968,6690,4,36000,13.7007473842
233921,318887,328128,84966,9241,4,36000,10.1944594741
233933,318892,322259,84959,3367,4,36000,26.2328482328
233943,318897,322396,84954,3499,4,36000,25.279508431
233955,318902,324318,84947,5416,4,36000,16.6844534712
234043,319086,334729,85043,15643,2,28800,6.43648916448
234302,234309,237669,7,3360,2,7200,1.00208333333
234400,243429,246944,9029,3515,2,7200,3.56870554765
234644,234650,238029,6,3379,2,7200,1.00177567328
234768,234774,238197,6,3423,2,7200,1.00175284838
234849,257094,259262,22245,2168,2,21600,11.2606088561
235053,235074,245561,21,10487,2,18000,1.00200247926
235059,235793,245566,734,9773,2,19800,1.07510488079
235233,235239,238692,6,3453,2,7200,1.00173761946
235329,259047,272113,23718,13066,2,21600,2.8152456758
235393,235400,238897,7,3497,2,7200,1.00200171576
235557,235563,238975,6,3412,2,7200,1.00175849941
235782,243434,246932,7652,3498,2,7200,3.18753573471
235849,322277,323530,86428,1253,2,28800,69.9768555467
236147,322407,324383,86260,1976,2,28800,44.6538461538
236659,322590,324561,85931,1971,2,28800,44.5976661593
236853,236860,240333,7,3473,2,7200,1.00201554852
236913,322901,325018,85988,2117,2,28800,41.6178554558
236998,237005,240594,7,3589,2,7200,1.00195040401
237152,237160,240420,8,3260,2,7200,1.00245398773
237192,237199,240604,7,3405,2,7200,1.00205580029
237203,243439,247024,6236,3585,2,7200,2.73947001395
237582,243610,247125,6028,3515,2,7200,2.71493598862
237634,243615,247031,5981,3416,2,7200,2.75087822014
237670,237677,240913,7,3236,2,7200,1.0021631644
237816,243620,246841,5804,3221,2,7200,2.80192486805
238029,238036,241527,7,3491,2,7200,1.00200515612
238198,238206,241557,8,3351,2,7200,1.00238734706
238452,243625,247034,5173,3409,2,7200,2.51745379877
238694,238700,242319,6,3619,2,7200,1.00165791655
238899,238906,242406,7,3500,2,7200,1.002
238978,238984,242401,6,3417,2,7200,1.00175592625
239561,278999,285645,39438,6646,1,86400,6.93409569666
240335,240343,243859,8,3516,2,7200,1.00227531286
240420,240426,244027,6,3601,2,7200,1.00166620383
240596,240602,244085,6,3483,2,7200,1.00172265289
240611,240619,243877,8,3258,2,7200,1.00245549417
240734,244294,247780,3560,3486,2,7200,2.02122776822
240914,240920,244331,6,3411,2,7200,1.00175901495
241016,244299,247776,3283,3477,2,7200,1.94420477423
241325,244304,247883,2979,3579,2,7200,1.83235540654
241340,244309,247657,2969,3348,2,7200,1.88679808841
241528,241535,245012,7,3477,2,7200,1.0020132298
241558,241564,244900,6,3336,2,7200,1.00179856115
241719,244577,248222,2858,3645,2,7200,1.7840877915
241752,244784,248195,3032,3411,2,7200,1.88888888889
241831,244850,248352,3019,3502,2,7200,1.86207881211
241846,245036,248378,3190,3342,2,7200,1.95451825254
242164,245277,248829,3113,3552,2,7200,1.87640765766
242320,242326,245614,6,3288,2,7200,1.00182481752
242375,285661,318386,43286,32725,1,86400,2.32271963331
242401,242407,245721,6,3314,2,7200,1.00181050091
242416,242422,245734,6,3312,2,7200,1.0018115942
242652,318398,400397,75746,81999,1,172800,1.92374297248
243306,326100,368441,82794,42341,1,172800,2.95540965022
243375,326430,431512,83055,105082,1,172800,1.79038274871
243426,326612,344818,83186,18206,1,172800,5.56915302647
243860,243866,247283,6,3417,2,7200,1.00175592625
243878,243885,247388,7,3503,2,7200,1.00199828718
244029,244036,247674,7,3638,2,7200,1.00192413414
244074,245391,248784,1317,3393,2,7200,1.38815207781
244087,244093,247650,6,3557,2,7200,1.00168681473
244332,244339,247989,7,3650,2,7200,1.00191780822
244565,245440,249081,875,3641,2,7200,1.24031859379
244774,245507,249096,733,3589,2,7200,1.204235163
244841,245536,248976,695,3440,2,7200,1.20203488372
244901,244908,248457,7,3549,2,7200,1.00197238659
245013,245021,248272,8,3251,2,7200,1.0024607813
245026,245562,249144,536,3582,2,7200,1.14963707426
245265,245572,248989,307,3417,2,7200,1.08984489318
245380,245581,249014,201,3433,2,7200,1.05854937373
245429,245588,249124,159,3536,2,7200,1.04496606335
245495,245843,249015,348,3172,2,7200,1.10970996217
245525,253459,257078,7934,3619,2,7200,3.19231831998
245550,253464,257009,7914,3545,2,7200,3.23244005642
245577,253469,256913,7892,3444,2,7200,3.29152148664
245616,245623,248969,7,3346,2,7200,1.00209205021
245722,245728,249269,6,3541,2,7200,1.0016944366
245737,245743,249376,6,3633,2,7200,1.00165152766
245832,253475,256913,7643,3438,2,7200,3.22309482257
245934,246854,246856,920,2,2,3540,92.2
245961,256666,273102,10705,16436,2,19800,1.65131418837
245978,256671,272260,10693,15589,2,18000,1.68593238822
246840,253480,256919,6640,3439,2,7200,2.93079383542
246931,253485,257037,6554,3552,2,7200,2.84515765766
246946,253490,256952,6544,3462,2,7200,2.89023685731
247025,253496,257082,6471,3586,2,7200,2.80451756832
247040,259274,262774,12234,3500,2,7200,4.49542857143
247042,262786,266262,15744,3476,2,7200,5.52934407365
247120,266273,269740,19153,3467,2,7200,6.52437265648
247135,269752,273079,22617,3327,2,7200,7.79801623084
247284,247290,250856,6,3566,2,7200,1.00168255749
247386,247394,250639,8,3245,2,7200,1.00246533128
247653,247660,250717,7,3057,2,7200,1.00228982663
247659,272126,275664,24467,3538,2,7200,7.91548897682
247674,247681,251062,7,3381,2,7200,1.00207039337
247724,327133,386807,79409,59674,1,86400,2.33071354359
247777,272272,275702,24495,3430,2,7200,8.14139941691
247792,273091,276520,25299,3429,2,7200,8.37795275591
247876,273113,276701,25237,3588,2,7200,8.03372352285
247989,247996,251473,7,3477,2,7200,1.0020132298
248196,275677,279321,27481,3644,2,7200,8.54143798024
248223,275714,278986,27491,3272,2,7200,9.40189486553
248274,248281,251668,7,3387,2,7200,1.00206672572
248353,276531,280100,28178,3569,2,7200,8.89520874194
248380,276714,280345,28334,3631,2,7200,8.80335995594
248458,248464,251982,6,3518,2,7200,1.0017055145
248785,288187,291913,39402,3726,2,7200,11.5748792271
248830,288395,291902,39565,3507,2,7200,12.2817222697
248969,248975,252597,6,3622,2,7200,1.00165654335
248978,292467,296022,43489,3555,2,7200,13.2331926864
248993,298835,302387,49842,3552,2,7200,15.0320945946
249014,298841,302383,49827,3542,2,7200,15.0674760023
249029,301981,305510,52952,3529,2,7200,16.0048172287
249083,302401,305984,53318,3583,2,7200,15.8808261234
249098,302406,305911,53308,3505,2,7200,16.2091298146
249125,305925,309181,56800,3256,2,7200,18.4447174447
249146,305998,309518,56852,3520,2,7200,17.1511363636
249271,249278,252739,7,3461,2,7200,1.00202253684
249377,249383,253024,6,3641,2,7200,1.00164789893
250558,251872,252024,1314,152,4,3600,9.64473684211
250641,250648,253819,7,3171,2,7200,1.00220750552
250720,250726,254045,6,3319,2,7200,1.00180777343
250853,250860,254317,7,3457,2,7200,1.00202487706
251064,251070,254418,6,3348,2,7200,1.0017921147
251475,251481,254751,6,3270,2,7200,1.00183486239
251668,251676,255226,8,3550,2,7200,1.00225352113
251982,251988,255364,6,3376,2,7200,1.00177725118
252600,252607,255949,7,3342,2,7200,1.00209455416
252739,252746,256155,7,3409,2,7200,1.00205338809
253026,253033,256323,7,3290,2,7200,1.00212765957
253823,253830,257357,7,3527,2,7200,1.00198468954
253994,324329,338742,70335,14413,2,14400,5.879969472
253998,324334,338765,70336,14431,2,14400,5.87395190908
254046,254054,257124,8,3070,2,7200,1.00260586319
254318,254326,257634,8,3308,2,7200,1.00241837969
254419,254425,257926,6,3501,2,7200,1.00171379606
254754,254761,258267,7,3506,2,7200,1.0019965773
255228,255235,258697,7,3462,2,7200,1.00202195263
255364,255371,258534,7,3163,2,7200,1.00221308884
255949,255956,259395,7,3439,2,7200,1.00203547543
256155,256161,259623,6,3462,2,7200,1.00173310225
256324,256330,259792,6,3462,2,7200,1.00173310225
256917,306421,309983,49504,3562,2,7200,14.897810219
256918,322970,326240,66052,3270,2,7200,21.1993883792
256933,322975,326316,66042,3341,2,7200,20.7671355881
256954,322980,326426,66026,3446,2,7200,20.1601857226
257011,322986,326088,65975,3102,2,7200,22.2685364281
257038,322991,326411,65953,3420,2,7200,20.284502924
257081,323029,326600,65948,3571,2,7200,19.4676561187
257082,323369,326865,66287,3496,2,7200,19.960812357
257124,257131,260743,7,3612,2,7200,1.0019379845
257360,257366,261007,6,3641,2,7200,1.00164789893
257634,257641,261159,7,3518,2,7200,1.00198976691
257928,257934,261026,6,3092,2,7200,1.00194049159
258269,258276,261789,7,3513,2,7200,1.00199259892
258535,258542,262045,7,3503,2,7200,1.00199828718
258698,258705,262376,7,3671,2,7200,1.00190683737
259396,259402,263050,6,3648,2,7200,1.00164473684
259625,259631,262987,6,3356,2,7200,1.00178784267
259794,259800,262942,6,3142,2,7200,1.00190961171
260741,260748,264105,7,3357,2,7200,1.00208519511
261008,261015,264348,7,3333,2,7200,1.00210021002
261029,261036,264516,7,3480,2,7200,1.00201149425
261159,261165,264613,6,3448,2,7200,1.00174013921
261791,261798,265209,7,3411,2,7200,1.00205218411
262044,262051,265535,7,3484,2,7200,1.00200918485
262377,262383,265778,6,3395,2,7200,1.00176730486
262775,323542,326983,60767,3441,2,7200,18.65969195
262943,262950,266291,7,3341,2,7200,1.00209518108
262989,262996,266444,7,3448,2,7200,1.00203016241
263049,263055,266676,6,3621,2,7200,1.00165700083
264105,264113,267440,8,3327,2,7200,1.00240456868
264350,264356,267799,6,3443,2,7200,1.00174266628
264516,264522,267875,6,3353,2,7200,1.00178944229
264616,264622,268175,6,3553,2,7200,1.00168871376
265211,265217,268290,6,3073,2,7200,1.00195248942
265537,265544,268909,7,3365,2,7200,1.00208023774
265779,265787,269263,8,3476,2,7200,1.00230149597
266265,324395,328021,58130,3626,2,7200,17.0314396029
266291,266297,269732,6,3435,2,7200,1.00174672489
266445,266452,269930,7,3478,2,7200,1.00201265095
266677,266684,270204,7,3520,2,7200,1.00198863636
267443,267450,270866,7,3416,2,7200,1.00204918033
267800,267807,271080,7,3273,2,7200,1.00213871066
267875,267881,271248,6,3367,2,7200,1.00178200178
268175,268181,271700,6,3519,2,7200,1.00170502984
268290,268297,271590,7,3293,2,7200,1.00212572123
268545,271715,271884,3170,169,1,3600,19.7573964497
268909,268916,272332,7,3416,2,7200,1.00204918033
269263,269269,272754,6,3485,2,7200,1.00172166428
269731,269739,273311,8,3572,2,7200,1.00223964166
269742,325894,329319,56152,3425,2,7200,17.3947445255
269931,269937,273523,6,3586,2,7200,1.00167317345
270203,270210,273675,7,3465,2,7200,1.00202020202
270867,270874,274019,7,3145,2,7200,1.00222575517
271083,271089,274548,6,3459,2,7200,1.00173460538
271249,271255,274807,6,3552,2,7200,1.00168918919
271591,271598,275020,7,3422,2,7200,1.00204558738
271702,271709,274940,7,3231,2,7200,1.00216651192
272069,272075,272429,6,354,1,3600,1.01694915254
272091,272440,272609,349,169,1,3600,3.0650887574
272333,272341,275650,8,3309,2,7200,1.00241764884
272758,272764,276334,6,3570,2,7200,1.00168067227
272783,276349,276709,3566,360,1,3600,10.9055555556
272787,276721,277577,3934,856,1,3600,5.59579439252
273084,326438,329858,53354,3420,2,7200,16.6005847953
273312,273319,276638,7,3319,2,7200,1.002109069
273523,273531,276881,8,3350,2,7200,1.0023880597
273678,273685,277195,7,3510,2,7200,1.00199430199
274020,274027,277639,7,3612,2,7200,1.0019379845
274549,274555,277983,6,3428,2,7200,1.00175029172
274809,274815,278591,6,3776,2,7200,1.00158898305
274942,274949,278419,7,3470,2,7200,1.00201729107
275020,275027,278211,7,3184,2,7200,1.00219849246
275654,275661,279177,7,3516,2,7200,1.00199089875
275667,326878,330358,51211,3480,2,7200,15.7158045977
275703,326995,330525,51292,3530,2,7200,15.5303116147
275833,277587,277679,1754,92,1,1800,20.0652173913
276335,276343,279810,8,3467,2,7200,1.00230747044
276518,327127,330192,50609,3065,2,7200,17.511908646
276640,276647,280033,7,3386,2,7200,1.00206733609
276702,327177,330511,50475,3334,2,7200,16.1394721056
276883,276890,280345,7,3455,2,7200,1.0020260492
277078,277690,278532,612,842,1,3600,1.72684085511
277198,277204,280788,6,3584,2,7200,1.00167410714
277640,277647,280992,7,3345,2,7200,1.00209267564
277959,278542,278658,583,116,1,1800,6.02586206897
277986,277994,281375,8,3381,2,7200,1.00236616386
278213,278220,281553,7,3333,2,7200,1.00210021002
278422,278429,281701,7,3272,2,7200,1.0021393643
278594,278601,282073,7,3472,2,7200,1.00201612903
278824,278830,278949,6,119,1,3600,1.05042016807
278992,327183,330737,48191,3554,2,7200,14.5596510974
279112,279118,279442,6,324,1,3600,1.01851851852
279181,279188,282619,7,3431,2,7200,1.00204022151
279284,279291,279881,7,590,1,1800,1.01186440678
279325,327980,331469,48655,3489,2,7200,14.9452565205
279446,279453,279576,7,123,1,1800,1.05691056911
279725,279732,279849,7,117,1,3600,1.05982905983
279814,279821,283110,7,3289,2,7200,1.00212830648
279896,279902,280015,6,113,1,1800,1.05309734513
279896,279907,280529,11,622,1,3600,1.01768488746
280021,280029,280359,8,330,1,3600,1.02424242424
280036,280043,283080,7,3037,2,7200,1.00230490616
280102,327985,331517,47883,3532,2,7200,14.5569082673
280347,280353,283578,6,3225,2,7200,1.00186046512
280347,328033,331527,47686,3494,2,7200,14.647967945
280692,288068,288647,7376,579,1,1800,13.7392055268
280790,280797,284030,7,3233,2,7200,1.00216517167
280791,288073,288694,7282,621,1,3600,12.7262479871
280993,281000,284364,7,3364,2,7200,1.00208085612
281377,281384,284599,7,3215,2,7200,1.00217729393
281553,281560,284798,7,3238,2,7200,1.00216182829
281629,288493,288541,6864,48,1,1800,144.0
281704,281711,285166,7,3455,2,7200,1.0020260492
282075,282082,285603,7,3521,2,7200,1.00198807157
282618,282625,286164,7,3539,2,7200,1.00197795988
283081,283088,286561,7,3473,2,7200,1.00201554852
283112,283118,286611,6,3493,2,7200,1.00171772116
283578,283585,286849,7,3264,2,7200,1.00214460784
284030,284037,287449,7,3412,2,7200,1.00205158265
284365,284373,287490,8,3117,2,7200,1.00256657042
284601,284609,288281,8,3672,2,7200,1.00217864924
284800,284808,288352,8,3544,2,7200,1.00225733634
285166,285172,288846,6,3674,2,7200,1.00163309744
285604,285610,289189,6,3579,2,7200,1.00167644593
286165,286171,289723,6,3552,2,7200,1.00168918919
286561,286568,290059,7,3491,2,7200,1.00200515612
286613,286620,289911,7,3291,2,7200,1.00212701307
286851,286858,290228,7,3370,2,7200,1.00207715134
287449,287455,290893,6,3438,2,7200,1.0017452007
287492,287498,291128,6,3630,2,7200,1.00165289256
288279,288286,291770,7,3484,2,7200,1.00200918485
288351,288357,291912,6,3555,2,7200,1.00168776371
288848,288855,292193,7,3338,2,7200,1.00209706411
288864,288870,288954,6,84,1,1800,1.07142857143
289191,289198,292504,7,3306,2,7200,1.00211736237
289724,289731,292912,7,3181,2,7200,1.00220056586
289914,289920,293407,6,3487,2,7200,1.0017206768
289936,289942,290220,6,278,1,1800,1.02158273381
290059,290067,293488,8,3421,2,7200,1.00233849752
290218,335960,337391,45742,1431,2,28800,32.965059399
290231,290254,293323,23,3069,2,7200,1.00749429782
290455,290461,290511,6,50,1,1800,1.12
290607,340109,341251,49502,1142,2,28800,44.3467600701
290642,330537,343435,39895,12898,8,43200,4.09311521166
290674,331539,344117,40865,12578,8,43200,4.24892669741
290766,337404,347174,46638,9770,8,43200,5.7735926305
290799,338777,348515,47978,9738,8,43200,5.92688437051
290853,290859,290930,6,71,1,1800,1.08450704225
290875,343446,345232,52571,1786,8,21600,30.4350503919
290876,345946,348229,55070,2283,8,21600,25.1217696014
290876,344128,345935,53252,1807,8,21600,30.469839513
290876,345243,347025,54367,1782,8,21600,31.5089786756
290877,347040,349375,56163,2335,8,21600,25.0526766595
290877,347186,350317,56309,3131,8,21600,18.9843500479
290881,348241,350023,57360,1782,8,21600,33.1885521886
290882,349386,351187,58504,1801,8,21600,33.4841754581
290882,348527,350380,57645,1853,8,21600,32.1090124123
290883,350035,352298,59152,2263,8,21600,27.1387538665
290883,350329,352674,59446,2345,8,21600,26.3501066098
290884,350391,353523,59507,3132,8,21600,19.9996807152
290898,290904,294148,6,3244,2,7200,1.00184956843
291131,291137,294465,6,3328,2,7200,1.00180288462
291773,291780,295230,7,3450,2,7200,1.00202898551
291903,332554,335947,40651,3393,2,7200,12.9808429119
291912,291921,295302,9,3381,2,7200,1.00266193434
291918,334300,337951,42382,3651,2,7200,12.6083264859
291987,291993,292284,6,291,1,1800,1.0206185567
292000,344829,380313,52829,35484,1,86400,2.48881185887
292016,352661,372868,60645,20207,2,86400,4.00118770723
292028,352685,367138,60657,14453,3,86400,5.19684494569
292194,292201,295584,7,3383,2,7200,1.00206916938
292506,292513,295598,7,3085,2,7200,1.00226904376
292816,341264,355282,48448,14018,2,43200,4.45612783564
292913,292920,296327,7,3407,2,7200,1.00205459348
293013,326424,787231,33411,460807,16,460800,1.07250540899
293269,344361,358808,51092,14447,2,43200,4.53651277082
293323,293330,296737,7,3407,2,7200,1.00205459348
293408,293414,296817,6,3403,2,7200,1.00176315016
293489,293497,296607,8,3110,2,7200,1.00257234727
294148,294154,297536,6,3382,2,7200,1.00177409817
294465,294472,297997,7,3525,2,7200,1.0019858156
295232,295240,298543,8,3303,2,7200,1.00242204057
295278,352691,363607,57413,10916,2,43200,6.25952729938
295302,295308,298905,6,3597,2,7200,1.00166805671
295585,295591,299185,6,3594,2,7200,1.00166944908
295600,295608,299097,8,3489,2,7200,1.00229292061
295613,329871,359805,34258,29934,12,396000,2.14445112581
296022,334743,338167,38721,3424,2,7200,12.308703271
296329,296335,300005,6,3670,2,7200,1.00163487738
296447,302786,306411,6339,3625,2,3600,2.74868965517
296607,296614,300108,7,3494,2,7200,1.00200343446
296741,296748,300353,7,3605,2,7200,1.00194174757
296820,296827,299924,7,3097,2,7200,1.00226025186
296826,352696,359175,55870,6479,2,25200,9.62324432783
297541,297548,301205,7,3657,2,7200,1.00191413727
298001,298007,301302,6,3295,2,7200,1.00182094082
298443,304348,305127,5905,779,1,1800,8.58023106547
298543,298549,302199,6,3650,2,7200,1.00164383562
298801,353546,357919,54745,4373,2,25200,13.5188657672
298905,298912,302386,7,3474,2,7200,1.00201496834
298933,304354,304801,5421,447,1,900,13.1275167785
299044,304359,304807,5315,448,1,900,12.8638392857
299098,299105,302598,7,3493,2,7200,1.00200400802
299186,299192,302356,6,3164,2,7200,1.00189633375
299928,299934,303319,6,3385,2,7200,1.00177252585
300006,300012,303467,6,3455,2,7200,1.0017366136
300010,352653,462419,52643,109766,8,129600,1.47959295228
300109,300115,303480,6,3365,2,7200,1.00178306092
300353,300359,303734,6,3375,2,7200,1.00177777778
301209,301215,304533,6,3318,2,7200,1.00180831826
301303,301310,304905,7,3595,2,7200,1.00194714882
302200,302211,305708,11,3497,2,7200,1.00314555333
302357,302364,305713,7,3349,2,7200,1.00209017617
302388,336629,340090,34241,3461,2,7200,10.8933834152
302388,302394,305825,6,3431,2,7200,1.00174876129
302390,342392,345926,40002,3534,2,7200,12.3191850594
302407,353562,360137,51155,6575,2,25200,8.78022813688
302600,302607,305949,7,3342,2,7200,1.00209455416
303322,303329,306883,7,3554,2,7200,1.00196961171
303468,303475,306939,7,3464,2,7200,1.00202078522
303483,303489,307145,6,3656,2,7200,1.00164113786
303737,303743,307054,6,3311,2,7200,1.00181214135
304536,304542,308178,6,3636,2,7200,1.00165016502
304906,304912,308366,6,3454,2,7200,1.00173711639
305145,352309,366782,47164,14473,12,396000,4.25875768673
305513,345940,349309,40427,3369,2,7200,12.999703176
305710,305717,309274,7,3557,2,7200,1.00196795052
305726,305732,308978,6,3246,2,7200,1.00184842884
305826,305832,309342,6,3510,2,7200,1.00170940171
305912,348824,352407,42912,3583,2,7200,12.9765559587
305950,305957,309097,7,3140,2,7200,1.00222929936
305985,348829,352640,42844,3811,2,7200,12.24219365
306867,307604,308264,737,660,2,1800,2.11666666667
306886,306893,310050,7,3157,2,7200,1.0022172949
306941,306948,310279,7,3331,2,7200,1.00210147103
307056,307062,310621,6,3559,2,7200,1.00168586682
307147,307155,310783,8,3628,2,7200,1.00220507166
308181,308187,311268,6,3081,2,7200,1.00194741967
308352,325583,584792,17231,259209,20,259200,1.06647531529
308366,308373,311520,7,3147,2,7200,1.00222434064
308662,360847,366822,52185,5975,2,28800,9.73389121339
308979,308987,312409,8,3422,2,7200,1.00233781414
309066,355296,359934,46230,4638,2,21600,10.9676584735
309098,309105,312513,7,3408,2,7200,1.00205399061
309182,349322,352642,40140,3320,2,7200,13.0903614458
309277,309283,312764,6,3481,2,7200,1.00172364263
309341,309348,312864,7,3516,2,7200,1.00199089875
309519,353551,357038,44032,3487,2,7200,13.6274734729
309986,353556,357137,43570,3581,2,7200,13.1669924602
310051,310058,313381,7,3323,2,7200,1.00210653024
310279,310285,313329,6,3044,2,7200,1.00197109067
310625,310632,313936,7,3304,2,7200,1.00211864407
310786,310793,314281,7,3488,2,7200,1.00200688073
311269,311275,314645,6,3370,2,7200,1.00178041543
311523,311530,315221,7,3691,2,7200,1.00189650501
311866,359816,370689,47950,10873,12,14400,5.41000643797
311884,360829,371603,48945,10774,12,14400,5.54288100984
311887,367149,377891,55262,10742,12,14400,6.14447961274
312413,312420,316111,7,3691,2,7200,1.00189650501
312514,312521,315863,7,3342,2,7200,1.00209455416
312718,353535,353536,40817,1,8,21600,4081.8
312765,312771,316403,6,3632,2,7200,1.00165198238
312865,312872,316606,7,3734,2,7200,1.00187466524
313331,313337,316711,6,3374,2,7200,1.00177830468
313341,356790,364104,43449,7314,2,7200,6.94052502051
313383,313390,316954,7,3564,2,7200,1.0019640853
313936,313942,317471,6,3529,2,7200,1.00170019836
314065,363863,380334,49798,16471,2,43200,4.02337441564
314281,314288,317740,7,3452,2,7200,1.00202780997
314649,314655,318091,6,3436,2,7200,1.00174621653
315223,315229,318678,6,3449,2,7200,1.00173963468
315829,367155,705508,51326,338353,2,360000,1.15169364539
315864,315870,319204,6,3334,2,7200,1.00179964007
316113,316120,319365,7,3245,2,7200,1.00215716487
316406,316412,319628,6,3216,2,7200,1.00186567164
316607,316613,319942,6,3329,2,7200,1.00180234305
316714,316721,320049,7,3328,2,7200,1.00210336538
316956,316963,320023,7,3060,2,7200,1.0022875817
317475,317482,320895,7,3413,2,7200,1.00205098154
317742,317749,321165,7,3416,2,7200,1.00204918033
318093,318101,321506,8,3405,2,7200,1.00234948605
318218,367705,374929,49487,7224,2,7200,7.85035991141
318255,367710,374960,49455,7250,2,7200,7.82137931034
318682,318688,322150,6,3462,2,7200,1.00173310225
318852,324574,324710,5722,136,1,3600,43.0735294118
319020,324579,324718,5559,139,1,3600,40.9928057554
319205,319211,322771,6,3560,2,7200,1.00168539326
319369,319376,322657,7,3281,2,7200,1.00213349589
319632,319638,322982,6,3344,2,7200,1.00179425837
319639,324722,325904,5083,1182,1,5940,5.30033840948
319943,319951,323637,8,3686,2,7200,1.00217037439
320026,320038,323398,12,3360,2,7200,1.00357142857
320050,320058,323541,8,3483,2,7200,1.00229687051
320896,320903,324364,7,3461,2,7200,1.00202253684
321166,321172,324652,6,3480,2,7200,1.00172413793
321507,321513,324798,6,3285,2,7200,1.00182648402
322153,322160,325843,7,3683,2,7200,1.00190062449
322662,322668,326010,6,3342,2,7200,1.00179533214
322768,322776,325949,8,3173,2,7200,1.00252127324
322984,322999,326183,15,3184,2,7200,1.00471105528
323234,370728,374223,47494,3495,2,25200,14.5891273247
323400,323407,326810,7,3403,2,7200,1.00205700852
323536,323548,326690,12,3142,2,7200,1.00381922342
323640,323647,327184,7,3537,2,7200,1.00197907831
324367,324374,327704,7,3330,2,7200,1.0021021021
324652,324660,327999,8,3339,2,7200,1.00239592692
324802,324808,328263,6,3455,2,7200,1.0017366136
325845,325851,329372,6,3521,2,7200,1.00170406135
325952,325958,329427,6,3469,2,7200,1.00172960507
326010,326017,329381,7,3364,2,7200,1.00208085612
326090,356795,360383,30705,3588,2,7200,9.55769230769
326186,326193,329609,7,3416,2,7200,1.00204918033
326242,357053,360816,30811,3763,2,7200,9.18788200904
326319,357151,360749,30832,3598,2,7200,9.56920511395
326413,357933,361386,31520,3453,2,7200,10.1282942369
326429,361399,364896,34970,3497,2,7200,11.0
326602,364114,367568,37512,3454,2,7200,11.8604516503
326691,326698,330190,7,3492,2,7200,1.0020045819
326813,326819,330448,6,3629,2,7200,1.00165334803
326866,367581,371093,40715,3512,2,7200,12.5931093394
326985,367694,371282,40709,3588,2,7200,12.3458751394
327185,327191,330492,6,3301,2,7200,1.00181763102
327706,327713,331256,7,3543,2,7200,1.00197572679
327999,328005,331561,6,3556,2,7200,1.00168728909
328021,367700,371152,39679,3452,2,7200,12.4944959444
328264,328271,331505,7,3234,2,7200,1.00216450216
328657,371293,536576,42636,165283,2,432000,1.25795756369
328657,371561,538198,42904,166637,2,432000,1.25746982963
328657,371300,429691,42643,58391,2,432000,1.73030090254
328658,371614,535961,42956,164347,2,432000,1.26137380056
328658,371619,536006,42961,164387,2,432000,1.26134061696
328674,371625,393178,42951,21553,2,432000,2.99280842574
328674,371630,410991,42956,39361,2,432000,2.09133406163
328674,371635,536529,42961,164894,2,432000,1.2605370723
328674,371640,466974,42966,95334,2,432000,1.45068915602
328675,372632,423220,43957,50588,2,432000,1.86892148336
328682,372641,499557,43959,126916,2,432000,1.34636294872
328682,372879,551017,44197,178138,2,432000,1.24810540143
328683,373342,400566,44659,27224,2,432000,2.64042756391
328683,374132,469781,45449,95649,2,432000,1.47516440318
328683,374099,537498,45416,163399,2,432000,1.27794539746
329321,367715,371061,38394,3346,2,7200,12.4745965332
329373,329380,332947,7,3567,2,7200,1.00196243342
329388,329395,332704,7,3309,2,7200,1.00211544273
329428,329436,333142,8,3706,2,7200,1.00215866163
329610,329617,333024,7,3407,2,7200,1.00205459348
329861,367721,371288,37860,3567,2,7200,11.613961312
330191,368179,371542,37988,3363,2,7200,12.2958667856
330192,330198,333722,6,3524,2,7200,1.00170261067
330362,369014,372615,38652,3601,2,7200,11.7336850875
330449,330456,334048,7,3592,2,7200,1.00194877506
330495,330501,333939,6,3438,2,7200,1.0017452007
330513,369019,372626,38506,3607,2,7200,11.6753534793
330529,370701,374161,40172,3460,2,7200,12.6104046243
330738,370706,374088,39968,3382,2,7200,12.8178592549
331260,331266,334330,6,3064,2,7200,1.00195822454
331468,370712,374396,39244,3684,2,7200,11.6525515744
331505,331512,335008,7,3496,2,7200,1.00200228833
331517,370717,374164,39200,3447,2,7200,12.3722077169
331533,370722,374121,39189,3399,2,7200,12.5295675199
331564,331570,335268,6,3698,2,7200,1.00162249865
332706,332713,335783,7,3070,2,7200,1.00228013029
332948,332955,336493,7,3538,2,7200,1.00197851894
333027,333035,336579,8,3544,2,7200,1.00225733634
333143,333150,336380,7,3230,2,7200,1.00216718266
333357,333364,333366,7,2,2,3540,1.0
333723,333730,337290,7,3560,2,7200,1.00196629213
333941,333948,337555,7,3607,2,7200,1.00194067092
334051,334058,337545,7,3487,2,7200,1.00200745627
334329,334335,337661,6,3326,2,7200,1.00180396873
335010,335017,338533,7,3516,2,7200,1.00199089875
335270,335277,338416,7,3139,2,7200,1.00223000956
335785,335792,339201,7,3409,2,7200,1.00205338809
335948,371074,374343,35126,3269,2,7200,11.7451820128
336380,336386,339940,6,3554,2,7200,1.0016882386
336495,336502,339984,7,3482,2,7200,1.00201033889
336581,336586,340093,5,3507,2,7200,1.00142571999
337285,337292,340415,7,3123,2,7200,1.00224143452
337548,337554,341004,6,3450,2,7200,1.00173913043
337564,337570,340885,6,3315,2,7200,1.00180995475
337664,337672,341234,8,3562,2,7200,1.00224592925
337954,371106,374578,33152,3472,2,7200,10.5483870968
338167,371170,374573,33003,3403,2,7200,10.698207464
338417,338423,341701,6,3278,2,7200,1.00183038438
338535,338542,342077,7,3535,2,7200,1.00198019802
339203,339210,342598,7,3388,2,7200,1.0020661157
339943,339950,343447,7,3497,2,7200,1.00200171576
339983,339989,343385,6,3396,2,7200,1.00176678445
340093,374172,377657,34079,3485,2,7200,10.7787661406
340095,340102,343512,7,3410,2,7200,1.00205278592
340416,340422,343839,6,3417,2,7200,1.00175592625
340885,340892,344571,7,3679,2,7200,1.00190269095
341006,341014,344604,8,3590,2,7200,1.00222841226
341236,341244,344727,8,3483,2,7200,1.00229687051
341699,341706,345351,7,3645,2,7200,1.00192043896
342081,342087,345559,6,3472,2,7200,1.0017281106
342601,342607,345733,6,3126,2,7200,1.0019193858
343387,343394,346863,7,3469,2,7200,1.00201787259
343449,343456,347026,7,3570,2,7200,1.00196078431
343513,343520,346792,7,3272,2,7200,1.0021393643
343798,343805,347318,7,3513,2,7200,1.00199259892
344572,344578,348063,6,3485,2,7200,1.00172166428
344606,344613,347867,7,3254,2,7200,1.00215119852
344728,344734,348360,6,3626,2,7200,1.00165471594
345351,345358,348962,7,3604,2,7200,1.00194228635
345561,345568,348991,7,3423,2,7200,1.00204498978
345734,345741,349304,7,3563,2,7200,1.00196463654
345927,374586,378236,28659,3650,2,7200,8.85178082192
346792,346799,350367,7,3568,2,7200,1.00196188341
346866,346872,350277,6,3405,2,7200,1.00176211454
347027,347034,350673,7,3639,2,7200,1.00192360539
347172,360189,361137,13017,948,1,25140,14.7310126582
347177,361338,361342,14161,4,1,25140,1416.5
347180,361355,361358,14175,3,1,25140,1417.8
347181,361371,361374,14190,3,1,25140,1419.3
347183,361387,361390,14204,3,1,25140,1420.7
347184,361438,361441,14254,3,1,25140,1425.7
347184,361454,361457,14270,3,1,25140,1427.3
347184,361422,361425,14238,3,1,25140,1424.1
347184,361406,361409,14222,3,1,25140,1422.5
347186,361470,361473,14284,3,1,25140,1428.7
347187,361553,361556,14366,3,1,25140,1436.9
347187,361537,361540,14350,3,1,25140,1435.3
347187,361505,361508,14318,3,1,25140,1432.1
347187,361521,361524,14334,3,1,25140,1433.7
347187,361489,361492,14302,3,1,25140,1430.5
347188,361569,361572,14381,3,1,25140,1438.4
347188,361585,361588,14397,3,1,25140,1440.0
347188,361601,361604,14413,3,1,25140,1441.6
347188,361617,361620,14429,3,1,25140,1443.2
347188,361632,361636,14444,4,1,25140,1444.8
347189,361647,361651,14458,4,1,25140,1446.2
347190,361710,361713,14520,3,1,25140,1452.3
347190,361726,361729,14536,3,1,25140,1453.9
347190,361662,361666,14472,4,1,25140,1447.6
347190,361694,361697,14504,3,1,25140,1450.7
347190,361678,361681,14488,3,1,25140,1449.1
347191,361741,361745,14550,4,1,25140,1455.4
347191,361757,361760,14566,3,1,25140,1456.9
347191,361773,361776,14582,3,1,25140,1458.5
347191,361789,361792,14598,3,1,25140,1460.1
347191,361805,361808,14614,3,1,25140,1461.7
347192,361821,361824,14629,3,1,25140,1463.2
347192,362221,362224,15029,3,1,25140,1503.2
347192,362253,362256,15061,3,1,25140,1506.4
347192,362269,362272,15077,3,1,25140,1508.0
347192,362291,362294,15099,3,1,25140,1510.2
347192,362237,362240,15045,3,1,25140,1504.8
347193,362356,362359,15163,3,1,25140,1516.6
347193,362337,362341,15144,4,1,25140,1514.8
347193,362322,362325,15129,3,1,25140,1513.2
347193,362306,362310,15113,4,1,25140,1511.7
347193,362372,362375,15179,3,1,25140,1518.2
347194,362388,362391,15194,3,1,25140,1519.7
347194,362404,362407,15210,3,1,25140,1521.3
347194,362436,362439,15242,3,1,25140,1524.5
347194,362420,362423,15226,3,1,25140,1522.9
347195,362452,362455,15257,3,1,25140,1526.0
347195,362468,362471,15273,3,1,25140,1527.6
347195,362484,362487,15289,3,1,25140,1529.2
347195,362500,362503,15305,3,1,25140,1530.8
347195,362516,362519,15321,3,1,25140,1532.4
347196,362594,362597,15398,3,1,25140,1540.1
347196,362563,362566,15367,3,1,25140,1537.0
347196,362531,362535,15335,4,1,25140,1533.9
347196,362578,362582,15382,4,1,25140,1538.6
347196,362547,362551,15351,4,1,25140,1535.5
347197,362610,362613,15413,3,1,25140,1541.6
347197,362626,362629,15429,3,1,25140,1543.2
347197,362642,362645,15445,3,1,25140,1544.8
347197,362658,362661,15461,3,1,25140,1546.4
347197,362674,362677,15477,3,1,25140,1548.0
347198,362753,362757,15555,4,1,25140,1555.9
347198,362738,362741,15540,3,1,25140,1554.3
347198,362722,362725,15524,3,1,25140,1552.7
347198,362690,362693,15492,3,1,25140,1549.5
347198,362706,362709,15508,3,1,25140,1551.1
347199,362801,362804,15602,3,1,25140,1560.5
347199,362817,362820,15618,3,1,25140,1562.1
347199,362832,362836,15633,4,1,25140,1563.7
347199,362769,362772,15570,3,1,25140,1557.3
347199,362785,362788,15586,3,1,25140,1558.9
347200,362912,362915,15712,3,1,25140,1571.5
347200,362880,362883,15680,3,1,25140,1568.3
347200,362848,362851,15648,3,1,25140,1565.1
347200,362864,362867,15664,3,1,25140,1566.7
347200,362896,362899,15696,3,1,25140,1569.9
347201,362928,362931,15727,3,1,25140,1573.0
347201,362944,362947,15743,3,1,25140,1574.6
347201,362960,362963,15759,3,1,25140,1576.2
347201,362976,362979,15775,3,1,25140,1577.8
347201,362992,362995,15791,3,1,25140,1579.4
347202,363040,363043,15838,3,1,25140,1584.1
347202,363008,363011,15806,3,1,25140,1580.9
347202,363056,363059,15854,3,1,25140,1585.7
347202,363024,363027,15822,3,1,25140,1582.5
347203,368453,368457,21250,4,1,25140,2125.4
347203,368476,368479,21273,3,1,25140,2127.6
347203,368492,368495,21289,3,1,25140,2129.2
347203,368508,368511,21305,3,1,25140,2130.8
347203,368524,368527,21321,3,1,25140,2132.4
347204,368540,368543,21336,3,1,25140,2133.9
347204,369863,369866,22659,3,1,25140,2266.2
347204,369846,369850,22642,4,1,25140,2264.6
347204,368556,368559,21352,3,1,25140,2135.5
347205,369910,369914,22705,4,1,25140,2270.9
347205,369926,369929,22721,3,1,25140,2272.4
347205,369895,369898,22690,3,1,25140,2269.3
347205,369879,369882,22674,3,1,25140,2267.7
347205,369942,369945,22737,3,1,25140,2274.0
347206,369973,369977,22767,4,1,25140,2277.1
347206,369989,369992,22783,3,1,25140,2278.6
347206,370005,370008,22799,3,1,25140,2280.2
347206,369958,369961,22752,3,1,25140,2275.5
347206,370021,370024,22815,3,1,25140,2281.8
347207,370037,370040,22830,3,1,25140,2283.3
347207,370052,370056,22845,4,1,25140,2284.9
347207,370068,370071,22861,3,1,25140,2286.4
347207,370084,370087,22877,3,1,25140,2288.0
347208,370116,370119,22908,3,1,25140,2291.1
347208,370100,370103,22892,3,1,25140,2289.5
347208,370132,370135,22924,3,1,25140,2292.7
347208,370148,370151,22940,3,1,25140,2294.3
347208,370247,370251,23039,4,1,25140,2304.3
347209,370279,370282,23070,3,1,25140,2307.3
347209,370326,370330,23117,4,1,25140,2312.1
347209,370295,370298,23086,3,1,25140,2308.9
347209,370311,370314,23102,3,1,25140,2310.5
347209,370263,370266,23054,3,1,25140,2305.7
347210,370373,370377,23163,4,1,25140,2316.7
347210,370358,370361,23148,3,1,25140,2315.1
347210,370405,370408,23195,3,1,25140,2319.8
347210,370342,370345,23132,3,1,25140,2313.5
347210,370389,370392,23179,3,1,25140,2318.2
347211,370454,370457,23243,3,1,25140,2324.6
347211,370470,370473,23259,3,1,25140,2326.2
347211,370486,370489,23275,3,1,25140,2327.8
347211,370438,370441,23227,3,1,25140,2323.0
347211,370422,370425,23211,3,1,25140,2321.4
347212,370549,370552,23337,3,1,25140,2334.0
347212,370533,370537,23321,4,1,25140,2332.5
347212,370502,370505,23290,3,1,25140,2329.3
347212,370518,370521,23306,3,1,25140,2330.9
347213,370581,370584,23368,3,1,25140,2337.1
347213,370596,370600,23383,4,1,25140,2338.7
347213,370612,370615,23399,3,1,25140,2340.2
347213,370628,370631,23415,3,1,25140,2341.8
347213,370564,370568,23351,4,1,25140,2335.5
347214,370660,370663,23446,3,1,25140,2344.9
347214,370644,370647,23430,3,1,25140,2343.3
347214,370676,370679,23462,3,1,25140,2346.5
347214,370692,370695,23478,3,1,25140,2348.1
347215,370767,370770,23552,3,1,25140,2355.5
347215,370751,370754,23536,3,1,25140,2353.9
347215,370735,370738,23520,3,1,25140,2352.3
347215,370783,370786,23568,3,1,25140,2357.1
347215,370799,370802,23584,3,1,25140,2358.7
347216,370862,370865,23646,3,1,25140,2364.9
347216,370846,370849,23630,3,1,25140,2363.3
347216,370830,370834,23614,4,1,25140,2361.8
347216,370815,370818,23599,3,1,25140,2360.2
347217,370878,370881,23661,3,1,25140,2366.4
347217,370910,370913,23693,3,1,25140,2369.6
347217,370894,370897,23677,3,1,25140,2368.0
347217,370926,370929,23709,3,1,25140,2371.2
347217,370942,370945,23725,3,1,25140,2372.8
347218,370989,370992,23771,3,1,25140,2377.4
347218,371005,371008,23787,3,1,25140,2379.0
347218,370973,370977,23755,4,1,25140,2375.9
347218,370958,370961,23740,3,1,25140,2374.3
347219,371036,371040,23817,4,1,25140,2382.1
347219,371051,371055,23832,4,1,25140,2383.6
347219,371021,371024,23802,3,1,25140,2380.5
347219,371067,371070,23848,3,1,25140,2385.1
347220,371115,371118,23895,3,1,25140,2389.8
347220,371099,371102,23879,3,1,25140,2388.2
347220,371083,371086,23863,3,1,25140,2386.6
347220,371131,371134,23911,3,1,25140,2391.4
347221,371147,371150,23926,3,1,25140,2392.9
347221,371163,371166,23942,3,1,25140,2394.5
347221,371179,371182,23958,3,1,25140,2396.1
347221,371488,371492,24267,4,1,25140,2427.1
347222,371553,371556,24331,3,1,25140,2433.4
347222,371537,371540,24315,3,1,25140,2431.8
347222,371568,371572,24346,4,1,25140,2435.0
347222,371505,371508,24283,3,1,25140,2428.6
347222,371521,371524,24299,3,1,25140,2430.2
347223,371584,371587,24361,3,1,25140,2436.4
347223,371662,371665,24439,3,1,25140,2444.2
347223,371678,371681,24455,3,1,25140,2445.8
347223,371694,371697,24471,3,1,25140,2447.4
347224,371773,371776,24549,3,1,25140,2455.2
347224,371710,371713,24486,3,1,25140,2448.9
347224,371726,371729,24502,3,1,25140,2450.5
347224,371741,371744,24517,3,1,25140,2452.0
347224,371757,371760,24533,3,1,25140,2453.6
347225,371821,371825,24596,4,1,25140,2460.0
347225,371806,371810,24581,4,1,25140,2458.5
347225,371791,371794,24566,3,1,25140,2456.9
347226,371882,371886,24656,4,1,25140,2466.0
347226,371867,371870,24641,3,1,25140,2464.4
347226,371851,371855,24625,4,1,25140,2462.9
347226,371898,371901,24672,3,1,25140,2467.5
347226,371836,371840,24610,4,1,25140,2461.4
347227,371913,371917,24686,4,1,25140,2469.0
347227,371928,371932,24701,4,1,25140,2470.5
347227,371943,371947,24716,4,1,25140,2472.0
347227,371959,371962,24732,3,1,25140,2473.5
347228,371975,371978,24747,3,1,25140,2475.0
347228,371991,371994,24763,3,1,25140,2476.6
347228,372090,372094,24862,4,1,25140,2486.6
347228,372106,372109,24878,3,1,25140,2488.1
347228,372122,372125,24894,3,1,25140,2489.7
347229,372167,372171,24938,4,1,25140,2494.2
347229,372137,372141,24908,4,1,25140,2491.2
347229,372152,372156,24923,4,1,25140,2492.7
347229,372183,372186,24954,3,1,25140,2495.7
347229,372199,372202,24970,3,1,25140,2497.3
347230,372262,372265,25032,3,1,25140,2503.5
347230,372230,372233,25000,3,1,25140,2500.3
347230,372214,372218,24984,4,1,25140,2498.8
347230,372278,372281,25048,3,1,25140,2505.1
347230,372246,372249,25016,3,1,25140,2501.9
347231,372357,372360,25126,3,1,25140,2512.9
347231,372325,372328,25094,3,1,25140,2509.7
347231,372310,372313,25079,3,1,25140,2508.2
347231,372341,372344,25110,3,1,25140,2511.3
347231,372294,372297,25063,3,1,25140,2506.6
347232,372420,372423,25188,3,1,25140,2519.1
347232,372372,372376,25140,4,1,25140,2514.4
347232,372404,372407,25172,3,1,25140,2517.5
347232,372388,372391,25156,3,1,25140,2515.9
347233,372436,372439,25203,3,1,25140,2520.6
347233,372452,372455,25219,3,1,25140,2522.2
347233,372468,372471,25235,3,1,25140,2523.8
347233,372484,372487,25251,3,1,25140,2525.4
347233,372500,372503,25267,3,1,25140,2527.0
347234,372531,372535,25297,4,1,25140,2530.1
347234,372547,372550,25313,3,1,25140,2531.6
347234,372563,372566,25329,3,1,25140,2533.2
347234,372516,372519,25282,3,1,25140,2528.5
347235,372579,372582,25344,3,1,25140,2534.7
347235,372595,372598,25360,3,1,25140,2536.3
347235,372610,372613,25375,3,1,25140,2537.8
347235,372626,372629,25391,3,1,25140,2539.4
347235,372646,372649,25411,3,1,25140,2541.4
347236,372661,372665,25425,4,1,25140,2542.9
347236,372678,372681,25442,3,1,25140,2544.5
347236,372694,372697,25458,3,1,25140,2546.1
347237,372710,372713,25473,3,1,25140,2547.6
347238,372725,372729,25487,4,1,25140,2549.1
347238,372741,372744,25503,3,1,25140,2550.6
347239,372807,372810,25568,3,1,25140,2557.1
347239,372760,372764,25521,4,1,25140,2552.5
347239,372776,372779,25537,3,1,25140,2554.0
347239,372791,372795,25552,4,1,25140,2555.6
347240,372823,372826,25583,3,1,25140,2558.6
347240,372838,372842,25598,4,1,25140,2560.2
347240,372854,372857,25614,3,1,25140,2561.7
347240,372870,372873,25630,3,1,25140,2563.3
347241,372886,372890,25645,4,1,25140,2564.9
347241,372902,372905,25661,3,1,25140,2566.4
347242,372934,372937,25692,3,1,25140,2569.5
347242,372950,372953,25708,3,1,25140,2571.1
347242,372918,372921,25676,3,1,25140,2567.9
347243,372966,372969,25723,3,1,25140,2572.6
347243,372982,372985,25739,3,1,25140,2574.2
347244,373014,373017,25770,3,1,25140,2577.3
347244,372998,373001,25754,3,1,25140,2575.7
347245,373044,373048,25799,4,1,25140,2580.3
347245,373059,373063,25814,4,1,25140,2581.8
347245,373029,373033,25784,4,1,25140,2578.8
347246,373091,373094,25845,3,1,25140,2584.8
347246,373395,373398,26149,3,1,25140,2615.2
347246,373410,373414,26164,4,1,25140,2616.8
347246,373426,373429,26180,3,1,25140,2618.3
347246,373075,373078,25829,3,1,25140,2583.2
347247,373442,373445,26195,3,1,25140,2619.8
347247,373473,373476,26226,3,1,25140,2622.9
347247,373489,373492,26242,3,1,25140,2624.5
347247,373457,373461,26210,4,1,25140,2621.4
347248,373537,373540,26289,3,1,25140,2629.2
347248,373521,373524,26273,3,1,25140,2627.6
347248,373505,373508,26257,3,1,25140,2626.0
347248,373552,373556,26304,4,1,25140,2630.8
347248,376979,376982,29731,3,1,25140,2973.4
347249,377049,377052,29800,3,1,25140,2980.3
347249,377033,377036,29784,3,1,25140,2978.7
347249,377001,377004,29752,3,1,25140,2975.5
347249,377017,377020,29768,3,1,25140,2977.1
347250,377128,377131,29878,3,1,25140,2988.1
347250,377111,377115,29861,4,1,25140,2986.5
347250,377096,377100,29846,4,1,25140,2985.0
347250,377081,377084,29831,3,1,25140,2983.4
347250,377065,377068,29815,3,1,25140,2981.8
347251,377144,377147,29893,3,1,25140,2989.6
347251,377160,377163,29909,3,1,25140,2991.2
347252,377224,377227,29972,3,1,25140,2997.5
347252,377208,377211,29956,3,1,25140,2995.9
347252,377192,377195,29940,3,1,25140,2994.3
347252,377176,377179,29924,3,1,25140,2992.7
347253,377273,377276,30020,3,1,25140,3002.3
347253,377289,377292,30036,3,1,25140,3003.9
347253,377305,377308,30052,3,1,25140,3005.5
347253,377240,377243,29987,3,1,25140,2999.0
347253,377257,377260,30004,3,1,25140,3000.7
347254,377321,377324,30067,3,1,25140,3007.0
347254,377337,377340,30083,3,1,25140,3008.6
347254,377353,377356,30099,3,1,25140,3010.2
347254,377368,377372,30114,4,1,25140,3011.8
347254,377384,377387,30130,3,1,25140,3013.3
347255,377399,377403,30144,4,1,25140,3014.8
347255,377600,377603,30345,3,1,25140,3034.8
347255,377584,377587,30329,3,1,25140,3033.2
347255,377632,377635,30377,3,1,25140,3038.0
347255,377616,377619,30361,3,1,25140,3036.4
347256,377648,377651,30392,3,1,25140,3039.5
347256,377696,377699,30440,3,1,25140,3044.3
347256,377680,377683,30424,3,1,25140,3042.7
347256,377664,377667,30408,3,1,25140,3041.1
347257,377712,377715,30455,3,1,25140,3045.8
347257,377728,377731,30471,3,1,25140,3047.4
347257,377744,377747,30487,3,1,25140,3049.0
347257,377760,377763,30503,3,1,25140,3050.6
347257,377776,377779,30519,3,1,25140,3052.2
347258,377792,377795,30534,3,1,25140,3053.7
347258,377807,377811,30549,4,1,25140,3055.3
347258,377824,377827,30566,3,1,25140,3056.9
347258,377839,377840,30581,1,1,25140,3058.2
347321,347327,350999,6,3672,2,7200,1.00163398693
347869,347875,351610,6,3735,2,7200,1.0016064257
348066,348073,351671,7,3598,2,7200,1.00194552529
348363,348370,351974,7,3604,2,7200,1.00194228635
348965,348973,352454,8,3481,2,7200,1.00229819018
348993,349001,352313,8,3312,2,7200,1.00241545894
349284,349290,352825,6,3535,2,7200,1.00169731259
349311,374594,378057,25283,3463,2,7200,8.30089517759
350276,350283,353802,7,3519,2,7200,1.00198920148
350367,350374,353603,7,3229,2,7200,1.00216785382
350676,350682,354236,6,3554,2,7200,1.0016882386
351000,351006,354150,6,3144,2,7200,1.00190839695
351612,351618,354949,6,3331,2,7200,1.00180126088
351673,351680,354953,7,3273,2,7200,1.00213871066
351976,351984,355735,8,3751,2,7200,1.0021327646
352316,352322,355664,6,3342,2,7200,1.00179533214
352409,377915,381297,25506,3382,2,7200,8.54169130692
352456,352462,355851,6,3389,2,7200,1.00177043376
352587,380100,381450,27513,1350,8,36000,21.38
352640,378068,381580,25428,3512,2,7200,8.24031890661
352656,378180,381638,25524,3458,2,7200,8.38114517062
352828,352834,356193,6,3359,2,7200,1.00178624591
353606,353613,357310,7,3697,2,7200,1.0018934271
353806,353813,357320,7,3507,2,7200,1.00199600798
354152,354158,357851,6,3693,2,7200,1.00162469537
354237,354243,357885,6,3642,2,7200,1.00164744646
354948,354954,358057,6,3103,2,7200,1.00193361263
354964,354970,358564,6,3594,2,7200,1.00166944908
355666,355672,359082,6,3410,2,7200,1.00175953079
355736,355742,359266,6,3524,2,7200,1.00170261067
355855,355861,359245,6,3384,2,7200,1.00177304965
356191,356199,359508,8,3309,2,7200,1.00241764884
357037,357043,357211,6,168,1,3600,1.03571428571
357038,378185,381745,21147,3560,2,7200,6.94016853933
357139,378191,381860,21052,3669,2,7200,6.73780321614
357306,357313,360175,7,2862,2,7200,1.00244584207
357322,357329,360811,7,3482,2,7200,1.00201033889
357695,358822,359180,1127,358,1,3600,4.14804469274
357855,357862,361237,7,3375,2,7200,1.00207407407
357886,357893,361479,7,3586,2,7200,1.00195203569
358059,358066,361263,7,3197,2,7200,1.00218955271
358566,358572,362274,6,3702,2,7200,1.00162074554
359084,359091,362735,7,3644,2,7200,1.00192096597
359248,359255,362799,7,3544,2,7200,1.0019751693
359267,359273,362339,6,3066,2,7200,1.00195694716
359510,359517,362453,7,2936,2,7200,1.00238419619
359773,374971,394114,15198,19143,12,360000,1.79391944836
360024,360030,360837,6,807,1,3600,1.00743494424
360171,360177,363351,6,3174,2,7200,1.00189035917
360384,378196,381942,17812,3746,2,7200,5.75493860117
360576,361150,361328,574,178,1,3600,4.22471910112
360750,378248,381545,17498,3297,2,7200,6.30724901426
360812,360819,364273,7,3454,2,7200,1.00202663578
360817,380095,383362,19278,3267,2,7200,6.90082644628
361214,361221,364697,7,3476,2,7200,1.00201380898
361265,361271,364574,6,3303,2,7200,1.00181653043
361387,380106,383591,18719,3485,2,7200,6.37130559541
361475,361481,365148,6,3667,2,7200,1.00163621489
361815,361837,362211,22,374,1,3600,1.05882352941
362277,362284,365791,7,3507,2,7200,1.00199600798
362341,362349,365867,8,3518,2,7200,1.00227401933
362454,362461,365945,7,3484,2,7200,1.00200918485
362738,362746,366224,8,3478,2,7200,1.00230017251
362796,362810,366238,14,3428,2,7200,1.004084014
363058,363072,363856,14,784,1,3600,1.01785714286
363349,363357,367000,8,3643,2,7200,1.00219599231
364077,364084,364200,7,116,1,1800,1.06034482759
364184,377909,381221,13725,3312,12,360000,5.14402173913
364278,364285,367817,7,3532,2,7200,1.00198187995
364460,364668,364783,208,115,1,3600,2.80869565217
364578,364586,368223,8,3637,2,7200,1.00219961507
364699,364707,368079,8,3372,2,7200,1.00237247924
364902,380111,383727,15209,3616,2,7200,5.20602876106
364938,364944,365050,6,106,1,1800,1.05660377358
365153,365160,368461,7,3301,2,7200,1.00212056952
365273,365279,365605,6,326,1,3600,1.01840490798
365794,365802,369240,8,3438,2,7200,1.00232693426
365870,365878,369166,8,3288,2,7200,1.00243309002
365947,365954,369200,7,3246,2,7200,1.00215650031
366227,366234,369744,7,3510,2,7200,1.00199430199
366242,366250,369616,8,3366,2,7200,1.00237670826
366489,366495,367096,6,601,1,1800,1.00998336106
366629,366636,367261,7,625,1,3600,1.0112
367005,367013,370402,8,3389,2,7200,1.00236057834
367307,367313,367428,6,115,1,3600,1.05217391304
367571,380116,383788,12545,3672,2,7200,4.41639433551
367610,367616,367734,6,118,1,1800,1.05084745763
367783,367790,368114,7,324,1,3600,1.02160493827
367819,367826,371423,7,3597,2,7200,1.00194606617
368056,368063,368172,7,109,1,1800,1.06422018349
368082,368090,371676,8,3586,2,7200,1.00223089794
368225,368233,371776,8,3543,2,7200,1.00225797347
368461,368468,371860,7,3392,2,7200,1.00206367925
368551,368572,369183,21,611,1,3600,1.03436988543
368865,369194,369777,329,583,1,1800,1.56432246998
369168,369175,372593,7,3418,2,7200,1.00204798128
369203,369210,372687,7,3477,2,7200,1.0020132298
369237,369244,372746,7,3502,2,7200,1.0019988578
369302,369787,369836,485,49,1,1800,10.8979591837
369618,369625,373179,7,3554,2,7200,1.00196961171
369747,369755,373197,8,3442,2,7200,1.0023242301
370157,370164,370237,7,73,1,1800,1.09589041096
370253,384986,385880,14733,894,4,414000,17.4798657718
370404,370412,373557,8,3145,2,7200,1.00254372019
371064,381361,384797,10297,3436,2,7200,3.99679860303
371095,381366,384910,10271,3544,2,7200,3.89813769752
371152,381372,384872,10220,3500,2,7200,3.92
371186,371195,371478,9,283,1,1800,1.03180212014
371283,381377,385068,10094,3691,2,7200,3.73476022758
371298,381463,385030,10165,3567,2,7200,3.84973366975
371420,371426,374697,6,3271,2,7200,1.00183430144
371544,381468,384924,9924,3456,2,7200,3.87152777778
371592,371601,371652,9,51,1,1800,1.17647058824
371677,371684,375393,7,3709,2,7200,1.00188730116
371777,371783,375122,6,3339,2,7200,1.00179694519
371862,371874,375294,12,3420,2,7200,1.00350877193
371998,372007,372080,9,73,1,1800,1.12328767123
372596,372603,375784,7,3181,2,7200,1.00220056586
372615,381474,384975,8859,3501,2,7200,3.53041988003
372630,381479,384934,8849,3455,2,7200,3.56121562952
372690,372702,376238,12,3536,2,7200,1.00339366516
372747,372753,376004,6,3251,2,7200,1.00184558597
373092,373106,373385,14,279,1,1800,1.05017921147
373182,373188,376606,6,3418,2,7200,1.00175541252
373197,373203,376503,6,3300,2,7200,1.00181818182
373561,373568,376963,7,3395,2,7200,1.00206185567
374085,388662,421182,14577,32520,4,32400,1.44824723247
374090,381484,385062,7394,3578,2,7200,3.0665176076
374120,381558,385077,7438,3519,2,7200,3.11366865587
374162,381594,385086,7432,3492,2,7200,3.1282932417
374177,381607,385072,7430,3465,2,7200,3.1443001443
374344,383373,386868,9029,3495,2,7200,3.58340486409
374399,383603,386996,9204,3393,2,7200,3.71264367816
374574,383739,387354,9165,3615,2,7200,3.53526970954
374589,383799,387393,9210,3594,2,7200,3.56260434057
374699,374706,378104,7,3398,2,7200,1.00206003531
375122,375129,378850,7,3721,2,7200,1.00188121473
375295,375301,378872,6,3571,2,7200,1.00168020162
375395,375402,378719,7,3317,2,7200,1.00211034067
375785,375792,379258,7,3466,2,7200,1.00201961916
376006,376013,379241,7,3228,2,7200,1.0021685254
376020,381223,381577,5203,354,8,43200,15.697740113
376240,376247,379673,7,3426,2,7200,1.00204319907
376504,376511,379967,7,3456,2,7200,1.00202546296
376604,376611,379976,7,3365,2,7200,1.00208023774
376728,381232,381596,4504,364,8,43200,13.3736263736
376906,403262,416412,26356,13150,2,43200,3.00425855513
376965,376972,380249,7,3277,2,7200,1.00213610009
377247,403282,422363,26035,19081,2,43200,2.36444630785
377405,377415,377481,10,66,1,3600,1.15151515152
377469,377493,377572,24,79,1,3600,1.30379746835
377659,388667,392114,11008,3447,2,7200,4.19350159559
378058,388968,392475,10910,3507,2,7200,4.11092101511
378105,378111,381448,6,3337,2,7200,1.00179802218
378236,388973,392607,10737,3634,2,7200,3.95459548707
378676,381309,381350,2633,41,8,10800,65.2195121951
378719,378725,382141,6,3416,2,7200,1.00175644028
378852,378859,382311,7,3452,2,7200,1.00202780997
378873,378879,382254,6,3375,2,7200,1.00177777778
379240,379247,382713,7,3466,2,7200,1.00201961916
379258,379264,382825,6,3561,2,7200,1.00168491997
379441,382407,462917,2966,80510,13,172800,1.03684014408
379676,379682,383186,6,3504,2,7200,1.00171232877
379969,379977,383647,8,3670,2,7200,1.00217983651
379984,379990,383427,6,3437,2,7200,1.00174570847
380252,380259,383751,7,3492,2,7200,1.0020045819
380425,417858,430926,37433,13068,2,25200,3.86447811448
381205,381588,382396,383,808,8,21600,1.47400990099
381300,389640,393237,8340,3597,2,7200,3.31859883236
381351,418453,434568,37102,16115,2,36000,3.30232702451
381450,381456,384817,6,3361,2,7200,1.00178518298
381457,381613,381700,156,87,1,3600,2.79310344828
381547,389646,393245,8099,3599,2,7200,3.2503473187
381580,389651,393127,8071,3476,2,7200,3.32192174914
381637,381711,385082,74,3371,8,10800,1.02195194304
381641,389656,393172,8015,3516,2,7200,3.27957906712
381747,393139,396618,11392,3479,2,7200,4.27450416786
381859,393206,396691,11347,3485,2,7200,4.25595408895
381941,396356,399943,14415,3587,2,7200,5.01867856147
382143,382149,385427,6,3278,2,7200,1.00183038438
382249,382256,385678,7,3422,2,7200,1.00204558738
382313,382319,385860,6,3541,2,7200,1.0016944366
382673,382679,382804,6,125,1,3600,1.048
382713,382719,386181,6,3462,2,7200,1.00173310225
382828,382834,386364,6,3530,2,7200,1.00169971671
382893,384935,385503,2042,568,8,21600,4.59507042254
383024,384810,384909,1786,99,1,3600,19.0404040404
383189,383196,386426,7,3230,2,7200,1.00216718266
383326,385083,390775,1757,5692,8,43200,1.30867884751
383362,396703,400249,13341,3546,2,7200,4.76226734349
383378,385094,388645,1716,3551,8,43200,1.48324415658
383429,383436,386883,7,3447,2,7200,1.00203075138
383593,398591,402141,14998,3550,2,7200,5.22478873239
383612,418464,425680,34852,7216,2,7200,5.82982261641
383650,383657,386931,7,3274,2,7200,1.00213805742
383730,398597,401839,14867,3242,2,7200,5.58574953732
383751,383757,387527,6,3770,2,7200,1.00159151194
383787,399816,403440,16029,3624,2,7200,5.42301324503
384002,418458,418462,34456,4,3,18000,3446.0
384797,385514,396344,717,10830,8,10800,1.06620498615
384805,399822,403694,15017,3872,2,7200,4.87835743802
384819,384825,388348,6,3523,2,7200,1.00170309395
384875,399827,403271,14952,3444,2,7200,5.34146341463
384911,399835,403250,14924,3415,2,7200,5.3701317716
384927,399955,403592,15028,3637,2,7200,5.13197690404
384942,400260,403888,15318,3628,2,7200,5.22216097023
384950,384956,384957,6,1,1,18000,1.0
384975,400475,403936,15500,3461,2,7200,5.47847442936
385030,400481,403744,15451,3263,2,7200,5.73521299418
385063,400486,403861,15423,3375,2,7200,5.56977777778
385078,400491,404107,15413,3616,2,7200,5.26244469027
385080,400578,404016,15498,3438,2,7200,5.50785340314
385081,401851,405222,16770,3371,2,7200,5.97478493029
385096,402152,405476,17056,3324,2,7200,6.13116726835
385218,385225,388958,7,3733,4,3600,1.00187516743
385286,388656,389628,3370,972,8,21600,4.4670781893
385428,385435,388870,7,3435,2,7200,1.00203784571
385681,385687,389165,6,3478,2,7200,1.00172512938
385803,386882,390256,1079,3374,8,10800,1.3197984588
385863,385869,389290,6,3421,2,7200,1.00175387314
386121,432079,432832,45958,753,2,43200,62.0332005312
386181,386187,389485,6,3298,2,7200,1.00181928441
386367,386374,389660,7,3286,2,7200,1.00213024954
386429,386436,389719,7,3283,2,7200,1.00213219616
386872,404118,407572,17246,3454,2,7200,5.99305153445
386887,386894,390474,7,3580,2,7200,1.00195530726
386933,386940,390335,7,3395,2,7200,1.00206185567
386998,405234,408712,18236,3478,2,7200,6.24324324324
387039,439555,440279,52516,724,2,43200,73.5359116022
387358,405488,408721,18130,3233,2,7200,6.607794618
387395,407584,411146,20189,3562,2,7200,6.66788321168
387533,387540,390817,7,3277,2,7200,1.00213610009
387740,432845,433170,45105,325,2,21600,139.784615385
388352,388359,391752,7,3393,2,7200,1.00206307103
388358,433211,433384,44853,173,2,14400,260.265895954
388851,433396,433466,44545,70,2,10800,637.357142857
388875,388882,392567,7,3685,2,7200,1.00189959294
389175,389183,392696,8,3513,2,7200,1.00227725591
389294,389301,392723,7,3422,2,7200,1.00204558738
389491,389497,392965,6,3468,2,7200,1.00173010381
389530,433478,433790,43948,312,2,10800,141.858974359
389676,389683,393004,7,3321,2,7200,1.00210779886
389720,389727,393245,7,3518,2,7200,1.00198976691
389778,433802,434049,44024,247,2,10800,179.234817814
389976,394126,397078,4150,2952,12,360000,2.40582655827
390043,390786,736466,743,345680,16,345600,1.00214938672
390047,390268,390657,221,389,1,900,1.56812339332
390271,396629,397094,6358,465,8,21600,14.6731182796
390339,390347,393827,8,3480,2,7200,1.00229885057
390397,397090,398575,6693,1485,8,43200,5.50707070707
390476,390482,393870,6,3388,2,7200,1.00177095632
390817,390824,394019,7,3195,2,7200,1.00219092332
390950,439474,439478,48524,4,4,14400,4852.8
390951,439493,439497,48542,4,4,14400,4854.6
390951,439510,439512,48559,2,4,14400,4856.1
390952,439525,439527,48573,2,4,14400,4857.5
390953,439540,439542,48587,2,4,14400,4858.9
390962,398586,399804,7624,1218,8,43200,7.25944170772
391345,397106,400464,5761,3358,8,10800,2.7156045265
391756,391762,394933,6,3171,2,7200,1.00189214759
392120,408724,412020,16604,3296,2,7200,6.03762135922
392477,408733,412340,16256,3607,2,7200,5.50679234821
392568,392574,396337,6,3763,2,7200,1.0015944725
392607,411586,414912,18979,3326,2,7200,6.70625375827
392698,392706,396254,8,3548,2,7200,1.00225479143
392720,392726,396049,6,3323,2,7200,1.00180559735
392965,392972,396317,7,3345,2,7200,1.00209267564
392972,392978,393899,6,921,1,900,1.00651465798
393004,393010,396537,6,3527,2,7200,1.00170116246
393128,411592,415060,18464,3468,2,7200,6.32410611303
393170,393177,394470,7,1293,1,2410,1.00541376643
393171,423377,426592,30206,3215,2,7200,10.3953343701
393172,393183,394923,11,1740,1,2410,1.00632183908
393174,393189,394923,15,1734,1,2410,1.00865051903
393175,393194,394924,19,1730,1,2410,1.01098265896
393176,393200,394570,24,1370,1,2410,1.01751824818
393229,393235,396345,6,3110,2,7200,1.00192926045
393237,426616,430241,33379,3625,2,7200,10.208
393252,427119,430557,33867,3438,2,7200,10.8507853403
393827,393834,397338,7,3504,2,7200,1.00199771689
393873,393880,397130,7,3250,2,7200,1.00215384615
394014,442899,460831,48885,17932,2,43200,3.72613205443
394022,394028,397307,6,3279,2,7200,1.00182982617
394099,394935,449546,836,54611,12,360000,1.01530827123
394935,394943,398251,8,3308,2,7200,1.00241837969
394937,396362,396475,1425,113,1,610,13.610619469
395249,476844,482257,81595,5413,2,36000,16.0738961759
395263,488066,493507,92803,5441,4,18000,18.0562396618
395303,464491,471891,69188,7400,1,72000,10.3497297297
395453,455832,455885,60379,53,2,10800,1140.22641509
395869,843884,1448716,448015,604832,4,604800,1.74072635046
395877,843889,1448737,448012,604848,4,604800,1.74070179615
396046,396052,399830,6,3778,2,7200,1.00158814187
396161,455897,459776,59736,3879,2,21600,16.399845321
396248,396255,399649,7,3394,2,7200,1.00206246317
396318,396324,399728,6,3404,2,7200,1.0017626322
396339,396345,399760,6,3415,2,7200,1.00175695461
396354,396368,400081,14,3713,2,7200,1.00377053595
396540,396546,400274,6,3728,2,7200,1.00160944206
396622,429703,433199,33081,3496,2,7200,10.4625286041
396694,433182,436622,36488,3440,2,7200,11.6069767442
397117,456062,456179,58945,117,2,10800,504.803418803
397132,397138,400488,6,3350,2,7200,1.00179104478
397141,415219,422095,18078,6876,8,10800,3.62914485166
397307,397313,400682,6,3369,2,7200,1.0017809439
397338,397344,400946,6,3602,2,7200,1.00166574125
397731,418448,428953,20717,10505,8,10800,2.97210851975
398255,398261,401732,6,3471,2,7200,1.00172860847
399309,456073,456526,56764,453,2,10800,126.306843267
399368,400412,400555,1044,143,1,610,8.3006993007
399649,399656,403173,7,3517,2,7200,1.00199033267
399730,399738,403069,8,3331,2,7200,1.00240168118
399761,399768,403423,7,3655,2,7200,1.00191518468
399830,399841,403423,11,3582,2,7200,1.00307091011
399944,434062,437577,34118,3515,2,7200,10.706401138
400072,400079,403672,7,3593,2,7200,1.00194823267
400249,434425,438059,34176,3634,2,7200,10.4045129334
400274,400281,403687,7,3406,2,7200,1.00205519671
400357,465818,542561,65461,76743,12,252000,1.85298984924
400490,400498,403946,8,3448,2,7200,1.00232018561
400683,400689,404029,6,3340,2,7200,1.00179640719
400809,422109,423360,21300,1251,8,14400,18.0263788969
400933,423392,425038,22459,1646,8,14400,14.6445929526
400949,400955,404303,6,3348,2,7200,1.0017921147
401308,424606,426056,23298,1450,8,28800,17.0675862069
401309,426633,428083,25324,1450,8,28800,18.4648275862
401309,425049,426594,23740,1545,8,28800,16.3656957929
401309,426068,427636,24759,1568,8,28800,16.7901785714
401309,421189,424594,19880,3405,8,10800,6.83847283407
401310,427726,429813,26416,2087,8,28800,13.6574029708
401310,428095,430795,26785,2700,8,28800,10.9203703704
401311,428966,430223,27655,1257,8,28800,23.0007955449
401408,429825,433519,28417,3694,8,28800,8.69274499188
401409,430806,433969,29397,3163,8,28800,10.2940246601
401409,433532,436316,32123,2784,8,28800,12.538433908
401409,430235,433755,28826,3520,8,28800,9.18920454545
401410,433766,451884,32356,18118,8,28800,2.78584832763
401410,433891,449269,32481,15378,8,28800,3.11217323449
401411,433980,435598,32569,1618,8,28800,21.1291718171
401732,401739,405122,7,3383,2,7200,1.00206916938
401790,435609,441119,33819,5510,8,28800,7.13774954628
401790,436328,442225,34538,5897,8,28800,6.85687637782
401790,438071,440715,36281,2644,8,28800,14.7220121029
401791,440726,448940,38935,8214,8,28800,5.74007791575
401791,441130,448005,39339,6875,8,28800,6.72203636364
401792,442236,447698,40444,5462,8,28800,8.40461369462
401793,447709,455305,45916,7596,8,28800,7.04476040021
401794,448951,451140,47157,2189,8,28800,22.5427135678
401794,448017,456045,46223,8028,8,28800,6.75772296961
401795,449280,455809,47485,6529,8,28800,8.27293613111
401795,449557,456183,47762,6626,8,28800,8.20827044974
401796,450512,457152,48716,6640,8,28800,8.33674698795
401838,439560,442886,37722,3326,2,7200,12.3415514131
401916,451152,454167,49236,3015,8,28800,17.3303482587
401916,451896,455691,49980,3795,8,28800,14.1699604743
401917,471621,474596,69704,2975,8,28800,24.4299159664
401918,472528,476470,70610,3942,8,28800,18.9122272958
402140,440292,443700,38152,3408,2,7200,12.1948356808
403073,403080,406565,7,3485,2,7200,1.00200860832
403173,403181,406454,8,3273,2,7200,1.00244424076
403252,443714,447222,40462,3508,2,7200,12.5342075257
403273,449563,453109,46290,3546,2,7200,14.0541455161
403422,403430,406958,8,3528,2,7200,1.0022675737
403424,403437,406697,13,3260,2,7200,1.00398773006
403442,450517,454102,47075,3585,2,7200,14.1311018131
403593,453121,456925,49528,3804,2,7200,14.0199789695
403610,404027,418436,417,14409,16,14400,1.02894024568
403661,403668,407197,7,3529,2,7200,1.00198356475
403689,403696,407314,7,3618,2,7200,1.00193477059
403696,454113,457728,50417,3615,2,7200,14.9466113416
403744,455703,459117,51959,3414,2,7200,16.219390744
403862,455708,459100,51846,3392,2,7200,16.2847877358
403889,455713,459128,51824,3415,2,7200,16.1754026354
403937,455718,459426,51781,3708,2,7200,14.9646709817
403944,403951,407500,7,3549,2,7200,1.00197238659
404016,455822,459306,51806,3484,2,7200,15.8696900115
404032,404039,407362,7,3323,2,7200,1.00210653024
404107,455827,459413,51720,3586,2,7200,15.422755159
404305,404312,407374,7,3062,2,7200,1.00228608752
405127,405134,408772,7,3638,2,7200,1.00192413414
405209,457164,471610,51955,14446,2,14400,4.59649730029
405226,455837,459239,50611,3402,2,7200,15.8768371546
405234,457169,471605,51935,14436,2,14400,4.59760321419
405261,457174,471085,51913,13911,2,14400,4.73179498239
405477,456057,459345,50580,3288,2,7200,16.3832116788
405782,405789,442581,7,36792,1,58800,1.00019025875
406455,406461,409812,6,3351,2,7200,1.0017905103
406567,406573,409719,6,3146,2,7200,1.00190718373
406697,406704,409979,7,3275,2,7200,1.00213740458
406959,406965,410406,6,3441,2,7200,1.00174367916
407128,469793,470326,62665,533,2,28800,118.570356473
407198,407205,410850,7,3645,2,7200,1.00192043896
407316,407323,410702,7,3379,2,7200,1.00207161882
407365,407371,410919,6,3548,2,7200,1.00169109357
407380,407386,411052,6,3666,2,7200,1.00163666121
407498,407504,410869,6,3365,2,7200,1.00178306092
407572,456067,459495,48495,3428,2,7200,15.1467327888
408308,457180,457393,48872,213,2,14400,230.44600939
408715,456192,459607,47477,3415,2,7200,14.902489019
408730,456199,459736,47469,3537,2,7200,14.4206955047
408774,408782,412063,8,3281,2,7200,1.00243828101
409114,470338,470392,61224,54,2,25200,1134.77777778
409479,470404,474138,60925,3734,2,25200,17.3162828066
409720,409726,413395,6,3669,2,7200,1.00163532298
409811,409818,413198,7,3380,2,7200,1.00207100592
409969,409976,413262,7,3286,2,7200,1.00213024954
410409,410415,413696,6,3281,2,7200,1.00182871076
410704,410711,414177,7,3466,2,7200,1.00201961916
410765,411002,411012,237,10,1,18000,24.7
410853,410859,414136,6,3277,2,7200,1.00183094294
410871,410877,414301,6,3424,2,7200,1.00175233645
410920,410927,414583,7,3656,2,7200,1.00191466083
411053,411060,414679,7,3619,2,7200,1.00193423598
411147,456204,459827,45057,3623,2,7200,13.4363786917
412021,456209,459886,44188,3677,2,7200,13.0174054936
412065,412072,415475,7,3403,2,7200,1.00205700852
412343,456215,459773,43872,3558,2,7200,13.3305227656
413087,472533,504770,59446,32237,16,36600,2.84403015169
413200,413206,416700,6,3494,2,7200,1.00171722954
413263,413271,416538,8,3267,2,7200,1.00244872972
413397,413404,416904,7,3500,2,7200,1.002
413699,413705,417264,6,3559,2,7200,1.00168586682
413700,413712,413930,12,218,1,610,1.05504587156
413860,413866,413867,6,1,1,18000,1.0
414001,414007,414015,6,8,1,18000,1.4
414139,414145,417573,6,3428,2,7200,1.00175029172
414157,414163,414174,6,11,2,18000,1.54545454545
414178,414186,417653,8,3467,2,7200,1.00230747044
414303,414309,417898,6,3589,2,7200,1.00167177487
414585,414592,418204,7,3612,2,7200,1.0019379845
414671,414678,418225,7,3547,2,7200,1.00197349873
414758,414765,415208,7,443,1,1210,1.0158013544
414914,456540,460061,41626,3521,2,7200,12.8222095995
415059,456937,460425,41878,3488,2,7200,13.0063073394
415478,415485,419056,7,3571,2,7200,1.00196023523
416540,416547,420216,7,3669,2,7200,1.00190787681
416702,416708,420065,6,3357,2,7200,1.0017873101
416905,416911,420415,6,3504,2,7200,1.00171232877
417266,417273,420740,7,3467,2,7200,1.00201903663
417572,417578,421275,6,3697,2,7200,1.00162293752
417654,417661,421089,7,3428,2,7200,1.002042007
417837,418469,418945,632,476,1,1210,2.32773109244
417851,465001,472517,47150,7516,64,14400,7.27328366152
417900,417907,421142,7,3235,2,7200,1.00216383308
418197,418203,421835,6,3632,2,7200,1.00165198238
418225,418231,421671,6,3440,2,7200,1.00174418605
419056,419063,422337,7,3274,2,7200,1.00213805742
419381,422376,424778,2995,2402,1,3600,2.246877602
419487,419493,420730,6,1237,4,1210,1.00485044462
420051,420058,423389,7,3331,2,7200,1.00210147103
420217,420224,423885,7,3661,2,7200,1.00191204589
420417,420424,423931,7,3507,2,7200,1.00199600798
420741,420747,424174,6,3427,2,7200,1.00175080245
420851,436633,439462,15782,2829,4,3610,6.57864969954
421086,421093,424575,7,3482,2,7200,1.00201033889
421144,421150,424410,6,3260,2,7200,1.0018404908
421278,421284,424983,6,3699,2,7200,1.00162206002
421672,421678,424860,6,3182,2,7200,1.00188560654
421836,421842,425300,6,3458,2,7200,1.001735107
422338,422345,425340,7,2995,2,7200,1.00233722871
422554,422561,422572,7,11,1,900,1.63636363636
422557,423232,423243,675,11,2,900,62.3636363636
422560,423372,423379,812,7,4,900,81.9
423027,423383,427027,356,3644,1,3600,1.09769484083
423391,423399,426919,8,3520,2,7200,1.00227272727
423887,423894,427532,7,3638,2,7200,1.00192413414
423932,423940,427515,8,3575,2,7200,1.00223776224
424172,454179,464988,30007,10809,8,10800,3.77611249884
424174,424182,427631,8,3449,2,7200,1.0023195129
424411,424417,428063,6,3646,2,7200,1.00164563906
424577,424584,427873,7,3289,2,7200,1.00212830648
424734,446871,450502,22137,3631,6,3600,7.09666758469
424739,430254,433881,5515,3627,4,3600,2.52054039151
424742,424790,428417,48,3627,1,3600,1.01323407775
424862,424868,428345,6,3477,2,7200,1.00172562554
424986,424993,428337,7,3344,2,7200,1.00209330144
425301,425307,428829,6,3522,2,7200,1.00170357751
425343,425349,428860,6,3511,2,7200,1.00170891484
425698,455316,465539,29618,10223,8,10800,3.89719260491
425929,425936,446224,7,20288,1,30000,1.00034503155
426217,426223,426238,6,15,1,900,1.4
426220,426611,426621,391,10,2,900,40.1
426224,426605,426612,381,7,4,900,38.8
426594,457406,461030,30812,3624,2,7200,9.50220750552
426759,426766,426834,7,68,1,900,1.10294117647
426761,427037,427107,276,70,2,900,4.94285714286
426763,427648,427714,885,66,4,900,14.4090909091
426922,426929,430368,7,3439,2,7200,1.00203547543
427513,427520,431189,7,3669,2,7200,1.00190787681
427534,427541,431077,7,3536,2,7200,1.00197963801
427631,427638,431135,7,3497,2,7200,1.00200171576
427873,427880,431135,7,3255,2,7200,1.00215053763
428065,428071,431381,6,3310,2,7200,1.00181268882
428341,428349,431777,8,3428,2,7200,1.00233372229
428356,428363,431974,7,3611,2,7200,1.00193852119
428831,428837,432313,6,3476,2,7200,1.00172612198
428862,428868,432294,6,3426,2,7200,1.00175131349
430245,457741,461018,27496,3277,2,7200,9.3906011596
430368,430376,433837,8,3461,2,7200,1.00231147067
430560,459113,462698,28553,3585,2,7200,8.96457461646
431078,431086,434409,8,3323,2,7200,1.00240746314
431137,431144,434426,7,3282,2,7200,1.00213284583
431138,431151,434606,13,3455,2,7200,1.00376266281
431190,431197,434433,7,3236,2,7200,1.0021631644
431384,431390,434946,6,3556,2,7200,1.00168728909
431775,431781,435008,6,3227,2,7200,1.00185931205
431976,431982,435557,6,3575,2,7200,1.00167832168
432293,432299,435586,6,3287,2,7200,1.00182537268
432314,432321,435439,7,3118,2,7200,1.00224502886
433199,459129,462291,25930,3162,2,7200,9.20050600886
433840,433847,437037,7,3190,2,7200,1.00219435737
434411,434417,437867,6,3450,2,7200,1.00173913043
434426,434433,437884,7,3451,2,7200,1.00202839757
434441,434449,437783,8,3334,2,7200,1.0023995201
434608,434614,438015,6,3401,2,7200,1.001764187
434947,434954,438333,7,3379,2,7200,1.00207161882
435011,435018,438457,7,3439,2,7200,1.00203547543
435440,435447,438792,7,3345,2,7200,1.00209267564
435558,435565,439022,7,3457,2,7200,1.00202487706
435589,435595,439206,6,3611,2,7200,1.00166158959
436624,459142,462719,22518,3577,2,7200,7.29521945765
437039,437046,440606,7,3560,2,7200,1.00196629213
437578,459252,462767,21674,3515,2,7200,7.16614509246
437777,437785,441085,8,3300,2,7200,1.00242424242
437868,437876,441422,8,3546,2,7200,1.00225606317
437887,437894,441276,7,3382,2,7200,1.00206978119
438017,438023,441499,6,3476,2,7200,1.00172612198
438058,459318,462884,21260,3566,2,7200,6.96186203029
438333,438339,441598,6,3259,2,7200,1.00184105554
438457,438463,441803,6,3340,2,7200,1.00179640719
438794,438801,442024,7,3223,2,7200,1.00217188954
439025,439031,442360,6,3329,2,7200,1.00180234305
439206,439213,442550,7,3337,2,7200,1.00209769254
440289,472539,724566,32250,252027,12,252000,1.12796248021
440608,440616,443827,8,3211,2,7200,1.00249143569
440924,442593,442762,1669,169,1,3600,10.875739645
441088,441095,444459,7,3364,2,7200,1.00208085612
441277,441284,444417,7,3133,2,7200,1.00223428024
441422,441428,444989,6,3561,2,7200,1.00168491997
441501,441507,444819,6,3312,2,7200,1.0018115942
441598,441605,445100,7,3495,2,7200,1.00200286123
441804,441810,445208,6,3398,2,7200,1.00176574456
442025,442031,445724,6,3693,2,7200,1.00162469537
442361,442367,445886,6,3519,2,7200,1.00170502984
442551,442557,446049,6,3492,2,7200,1.00171821306
442866,442873,443221,7,348,1,3600,1.02011494253
442888,459358,462850,16470,3492,2,7200,5.71649484536
443592,443598,444449,6,851,1,3600,1.00705052879
443701,459425,462799,15724,3374,2,7200,5.66034380557
443829,443836,447333,7,3497,2,7200,1.00200171576
444419,444426,448115,7,3689,2,7200,1.00189753321
444463,444469,447903,6,3434,2,7200,1.00174723355
444821,444828,448310,7,3482,2,7200,1.00201033889
444947,444954,445125,7,171,1,3600,1.04093567251
444991,444997,448346,6,3349,2,7200,1.00179157958
445101,445108,448519,7,3411,2,7200,1.00205218411
445211,445217,448745,6,3528,2,7200,1.00170068027
445310,445317,445671,7,354,1,3600,1.0197740113
445728,445734,449060,6,3326,2,7200,1.00180396873
445763,445770,445882,7,112,1,3600,1.0625
445889,445896,449179,7,3283,2,7200,1.00213219616
446030,446036,446864,6,828,1,3600,1.00724637681
446049,446056,449654,7,3598,2,7200,1.00194552529
446054,446237,446563,183,326,1,3600,1.56134969325
447226,459439,463045,12213,3606,2,7200,4.38685524126
447336,447343,450888,7,3545,2,7200,1.00197461213
447907,447914,450958,7,3044,2,7200,1.00229960578
448077,462437,462477,14360,40,1,3600,360.0
448116,448123,451627,7,3504,2,7200,1.00199771689
448179,448186,448304,7,118,1,1800,1.0593220339
448311,448317,451478,6,3161,2,7200,1.0018981335
448347,448353,451748,6,3395,2,7200,1.00176730486
448417,448424,448483,7,59,1,1800,1.1186440678
448521,448528,451816,7,3288,2,7200,1.00212895377
448557,448564,448629,7,65,1,1800,1.10769230769
448750,448757,452191,7,3434,2,7200,1.00203843914
449062,449068,452310,6,3242,2,7200,1.00185070944
449180,449187,452541,7,3354,2,7200,1.00208706023
449653,449659,453153,6,3494,2,7200,1.00171722954
449752,462443,462499,12691,56,1,1800,227.625
450888,450894,454434,6,3540,2,7200,1.00169491525
450958,450964,454447,6,3483,2,7200,1.00172265289
451479,451485,454890,6,3405,2,7200,1.00176211454
451627,451634,455101,7,3467,2,7200,1.00201903663
451727,451735,455314,8,3579,2,7200,1.00223526125
451819,451826,455196,7,3370,2,7200,1.00207715134
452182,452189,455641,7,3452,2,7200,1.00202780997
452279,462448,462567,10169,119,1,1800,86.4537815126
452310,452316,455761,6,3445,2,7200,1.00174165457
452542,452549,456138,7,3589,2,7200,1.00195040401
453109,459507,463201,6398,3694,2,7200,2.73199783433
453155,453161,456461,6,3300,2,7200,1.00181818182
454102,459620,463084,5518,3464,2,7200,2.59295612009
454429,454435,457681,6,3246,2,7200,1.00184842884
454447,454454,458201,7,3747,2,7200,1.0018681612
454891,454897,458232,6,3335,2,7200,1.00179910045
455103,455110,458797,7,3687,2,7200,1.00189856252
455197,455203,458670,6,3467,2,7200,1.00173060283
455316,455323,458736,7,3413,2,7200,1.00205098154
455644,455651,459418,7,3767,2,7200,1.00185824263
455756,455762,459390,6,3628,2,7200,1.00165380375
456133,456140,459687,7,3547,2,7200,1.00197349873
456463,456469,459930,6,3461,2,7200,1.001733603
456931,459748,463253,2817,3505,2,7200,1.80370898716
457683,457690,461307,7,3617,2,7200,1.0019353055
457729,459786,463272,2057,3486,2,7200,1.59007458405
458202,458209,461635,7,3426,2,7200,1.00204319907
458232,458239,461823,7,3584,2,7200,1.001953125
458374,472560,472637,14186,77,4,288000,185.233766234
458383,472649,472671,14266,22,4,288000,649.454545455
458672,458679,462110,7,3431,2,7200,1.00204022151
458739,458746,462202,7,3456,2,7200,1.00202546296
458781,458787,462377,6,3590,2,7200,1.00167130919
459102,459793,463294,691,3501,2,7200,1.19737217938
459117,459839,463218,722,3379,2,7200,1.21367268423
459132,459899,463432,767,3533,2,7200,1.21709595245
459241,460074,463663,833,3589,2,7200,1.23209807746
459305,460437,463849,1132,3412,2,7200,1.33177022274
459347,460843,464292,1496,3449,2,7200,1.43374891273
459388,459394,462764,6,3370,2,7200,1.00178041543
459414,461031,464479,1617,3448,2,7200,1.4689675174
459419,459431,462877,12,3446,2,7200,1.00348229832
459429,461043,464611,1614,3568,2,7200,1.45235426009
459495,462304,465806,2809,3502,2,7200,1.80211307824
459608,474150,474233,14542,83,2,7200,176.204819277
459685,459692,463166,7,3474,2,7200,1.00201496834
459735,474250,474322,14515,72,2,7200,202.597222222
459775,474339,474412,14564,73,2,7200,200.506849315
459826,474429,474500,14603,71,2,7200,206.676056338
459887,474517,474589,14630,72,2,7200,204.194444444
459925,459931,463306,6,3375,2,7200,1.00177777778
460060,474606,474678,14546,72,2,7200,203.027777778
460426,474694,474766,14268,72,2,7200,199.166666667
461021,474782,474856,13761,74,2,7200,186.959459459
461036,474873,474944,13837,71,2,7200,195.887323944
461307,461313,464651,6,3338,2,7200,1.00179748352
461550,471903,507159,10353,35256,1,58800,1.29365214432
461563,487013,509266,25450,22253,1,30000,2.14366602256
461637,461644,465336,7,3692,2,7200,1.00189599133
461825,461832,465070,7,3238,2,7200,1.00216182829
462106,462112,465498,6,3386,2,7200,1.00177200236
462203,462210,465242,7,3032,2,7200,1.00230870712
462253,472544,474759,10291,2215,8,14400,5.6460496614
462292,474961,475032,12669,71,2,7200,179.436619718
462330,472549,474116,10219,1567,8,28800,7.52137843012
462331,472554,474443,10223,1889,8,28800,6.41185812599
462331,474127,476197,11796,2070,8,28800,6.69855072464
462331,474454,476977,12123,2523,8,28800,5.8049940547
462332,474612,475890,12280,1278,8,28800,10.6087636933
462332,474771,476067,12439,1296,8,28800,10.5979938272
462333,475901,477924,13568,2023,8,28800,7.70687098369
462379,462386,465732,7,3346,2,7200,1.00209205021
462393,476079,477834,13686,1755,8,28800,8.79829059829
462394,476208,478826,13814,2618,8,28800,6.27654698243
462394,476481,478690,14087,2209,8,28800,7.37709370756
462395,477845,480687,15450,2842,8,28800,6.43631245602
462395,476988,479874,14593,2886,8,28800,6.05647955648
462396,477935,481642,15539,3707,8,28800,5.19179929862
462400,478702,481249,16302,2547,8,28800,7.40047114252
462400,478837,481420,16437,2583,8,28800,7.36353077816
462401,480698,484245,18297,3547,8,28800,6.15844375529
462401,479885,481913,17484,2028,8,28800,9.62130177515
462402,481437,484798,19035,3361,8,28800,6.66349300803
462402,481261,484478,18859,3217,8,28800,6.86229406279
462468,481653,482745,19185,1092,8,14400,18.5686813187
462482,481925,482737,19443,812,8,28800,24.9445812808
462482,482756,483889,20274,1133,8,28800,18.894086496
462482,482748,505462,20266,22714,8,28800,1.89222505943
462483,484256,485646,21773,1390,8,28800,16.664028777
462483,483900,485353,21417,1453,8,28800,15.7398485891
462484,484490,485744,22006,1254,8,28800,18.5486443381
462484,482754,505479,20270,22725,8,28800,1.89196919692
462622,462628,462698,6,70,1,1800,1.08571428571
462660,482268,484040,19608,1772,2,18000,12.065462754
462668,462674,463015,6,341,1,3600,1.01759530792
462702,475049,475121,12347,72,2,7200,172.486111111
462720,475138,475211,12418,73,2,7200,171.109589041
462767,462773,466227,6,3454,2,7200,1.00173711639
462769,475228,475301,12459,73,2,7200,171.671232877
462787,462793,462876,6,83,1,1800,1.07228915663
462799,475317,475390,12518,73,2,7200,172.479452055
462850,475407,475479,12557,72,2,7200,175.402777778
462880,462886,466229,6,3343,2,7200,1.00179479509
462881,484052,485889,21171,1837,2,18000,12.5247686445
462887,475496,475568,12609,72,2,7200,176.125
462889,462896,463110,7,214,4,3610,1.03271028037
462911,462917,463053,6,136,1,1800,1.04411764706
463048,475585,475657,12537,72,2,7200,175.125
463086,475674,475746,12588,72,2,7200,175.833333333
463168,463174,466737,6,3563,2,7200,1.00168397418
463201,475763,475836,12562,73,2,7200,173.082191781
463219,475853,475925,12634,72,2,7200,176.472222222
463255,475942,476014,12687,72,2,7200,177.208333333
463273,476031,476103,12758,72,2,7200,178.194444444
463294,476119,476192,12825,73,2,7200,176.684931507
463298,490469,526652,27171,36183,1,58800,1.75093275848
463307,463314,466744,7,3430,2,7200,1.00204081633
463314,507035,529563,43721,22528,1,30000,2.94074041193
463427,472683,490452,9256,17769,4,32400,1.52090719793
463434,476214,476287,12780,73,2,7200,176.068493151
463513,463520,464136,7,616,1,3600,1.01136363636
463664,476304,476377,12640,73,2,7200,174.150684932
463775,463782,464361,7,579,1,1800,1.01208981002
463851,476393,476466,12542,73,2,7200,172.808219178
464295,476487,476560,12192,73,2,7200,168.01369863
464465,464472,464613,7,141,4,610,1.04964539007
464481,476577,476648,12096,71,2,7200,171.366197183
464608,476665,476737,12057,72,2,7200,168.458333333
464652,464659,471865,7,7206,2,7200,1.00097141271
464800,485901,491221,21101,5320,2,28800,4.96635338346
465071,465077,472289,6,7212,2,7200,1.00083194676
465244,465250,472456,6,7206,2,7200,1.00083263947
465349,465356,472588,7,7232,2,7200,1.00096792035
465357,487466,491363,22109,3897,2,28800,6.67333846549
465500,465507,472746,7,7239,2,7200,1.00096698439
465731,465737,472960,6,7223,2,7200,1.00083067977
465809,476754,476826,10945,72,2,7200,153.013888889
466019,487471,490852,21452,3381,2,28800,7.34486838214
466228,466234,473462,6,7228,2,7200,1.00083010515
466241,466986,467051,745,65,1,1800,12.4615384615
466243,466249,473485,6,7236,2,7200,1.0008291874
466410,487477,491062,21067,3585,2,28800,6.87642956764
466739,466745,473948,6,7203,2,7200,1.00083298626
466754,466760,473970,6,7210,2,7200,1.00083217753
466842,488060,746813,21218,258753,2,288000,1.08200098163
467154,487482,492252,20328,4770,2,28800,5.26163522013
467384,467390,467462,6,72,1,1800,1.08333333333
467722,488048,488085,20326,37,2,28800,550.351351351
468076,488055,490773,19979,2718,2,28800,8.3506254599
468463,488097,491705,19634,3608,1,3600,6.44179600887
468476,468484,468764,8,280,1,1800,1.02857142857
469382,484809,488438,15427,3629,8,3600,5.25103334252
469604,527196,541766,57592,14570,3,18000,4.95277968428
471093,489283,490554,18190,1271,2,14400,15.3115656963
471566,490463,492786,18897,2323,2,43200,9.13473956091
471964,535129,537677,63165,2548,2,43200,25.7900313972
473052,535134,542288,62082,7154,2,43200,9.67794240984
473241,484843,484844,11602,1,2,900,1160.3
473651,535139,540276,61488,5137,2,43200,12.969632081
474041,535180,541022,61139,5842,2,43200,11.4654228004
474257,488448,513108,14191,24660,4,288000,1.57546634225
474481,535992,539935,61511,3943,2,43200,16.6000507228
474756,489277,489367,14521,90,6,900,162.344444444
474822,535997,540408,61175,4411,2,43200,14.8687372478
475089,488453,747673,13364,259220,4,259200,1.05155466399
475102,493518,752762,18416,259244,4,259200,1.07103732391
477166,484862,484990,7696,128,1,1800,61.125
477736,489380,490004,11644,624,2,3600,19.6602564103
478996,536003,539824,57007,3821,2,43200,15.9193928291
479344,484856,485782,5512,926,1,900,6.9524838013
479466,536542,541574,57076,5032,2,43200,12.3426073132
480003,485364,486995,5361,1631,8,28800,4.28694052728
480003,485657,488044,5654,2387,8,28800,3.36866359447
480005,485755,487455,5750,1700,8,28800,4.38235294118
480006,487007,489265,7001,2258,8,28800,4.10053144376
480046,536758,538636,56712,1878,2,43200,31.1980830671
480544,536763,540923,56219,4160,2,43200,14.5141826923
480615,484543,484647,3928,104,2,7200,38.7692307692
480616,484663,484736,4047,73,2,7200,56.4383561644
480618,484753,484826,4135,73,2,7200,57.6438356164
481168,536797,536798,55629,1,2,43200,5563.0
483341,485370,493351,2029,7981,1,14400,1.25422879338
485085,489385,489414,4300,29,2,900,149.275862069
485096,485103,485167,7,64,1,1800,1.109375
485105,536813,536814,51708,1,2,28800,5170.9
485213,843873,1131923,358660,288050,4,288000,2.24513105364
485226,485233,485305,7,72,1,1800,1.09722222222
485363,843879,1131928,358516,288049,4,288000,2.24463546133
485495,536818,536819,51323,1,2,28800,5132.4
485560,488704,489366,3144,662,2,1800,5.74924471299
485560,488699,489336,3139,637,2,1800,5.92778649922
485561,488726,489356,3165,630,2,1800,6.02380952381
485561,488715,489371,3154,656,2,1800,5.80792682927
485561,488710,489371,3149,661,2,1800,5.76399394856
485561,488721,489376,3160,655,2,1800,5.82442748092
485562,488742,489376,3180,634,2,1800,6.01577287066
485562,488747,489381,3185,634,2,1800,6.02365930599
485562,488752,489375,3190,623,2,1800,6.12038523274
485562,488731,489381,3169,650,2,1800,5.87538461538
485562,488736,489379,3174,643,2,1800,5.93623639191
485563,488758,489366,3195,608,2,1800,6.25493421053
485563,488768,489375,3205,607,2,1800,6.28006589786
485563,488773,489381,3210,608,2,1800,6.27960526316
485563,488763,489388,3200,625,2,1800,6.12
485564,488784,489381,3220,597,2,1800,6.39363484087
485564,488794,489381,3230,587,2,1800,6.50255536627
485564,488789,489382,3225,593,2,1800,6.43844856661
485564,488800,489382,3236,582,2,1800,6.56013745704
485564,488779,489381,3215,602,2,1800,6.34053156146
485983,536824,549292,50841,12468,2,28800,5.07771896054
486251,486258,486309,7,51,1,1800,1.13725490196
486409,486415,486473,6,58,1,1800,1.10344827586
486494,536829,536830,50335,1,2,28800,5033.6
486538,486544,486609,6,65,1,1800,1.09230769231
487853,844664,1085105,356811,240441,4,288000,2.48398567632
487912,488103,489533,191,1430,1,7200,1.13356643357
487920,489554,489874,1634,320,1,3600,6.10625
488693,489390,489795,697,405,2,14400,2.72098765432
488966,489427,489703,461,276,2,14400,2.67028985507
489071,493362,506375,4291,13013,16,22800,1.3297471759
489422,490458,501273,1036,10815,8,10800,1.09579288026
489573,489715,489716,142,1,1,7200,14.3
489673,489728,489731,55,3,2,1800,5.8
489875,489883,490299,8,416,2,900,1.01923076923
489884,489891,489923,7,32,2,1800,1.21875
489885,489909,490306,24,397,2,1800,1.0604534005
489885,489896,490082,11,186,2,1800,1.05913978495
489885,489914,490313,29,399,2,1800,1.07268170426
489885,489902,490313,17,411,2,1800,1.04136253041
489886,489936,490369,50,433,2,1800,1.11547344111
489886,489931,490325,45,394,2,1800,1.11421319797
489886,489919,490316,33,397,2,1800,1.08312342569
489886,489924,490320,38,396,2,1800,1.09595959596
489887,489961,490371,74,410,2,1800,1.18048780488
489887,489956,490378,69,422,2,1800,1.163507109
489887,489951,490358,64,407,2,1800,1.15724815725
489887,489941,490361,54,420,2,1800,1.12857142857
489888,489967,490336,79,369,2,1800,1.21409214092
489888,489972,490371,84,399,2,1800,1.21052631579
489888,489977,490371,89,394,2,1800,1.22588832487
489889,489982,490372,93,390,2,1800,1.23846153846
489889,489993,490376,104,383,2,1800,1.27154046997
489889,489998,490376,109,378,2,1800,1.28835978836
489889,489988,490361,99,373,2,1800,1.2654155496
490270,519454,527178,29184,7724,8,22800,4.77835318488
490370,490870,492031,500,1161,1,3600,1.43066322136
490591,490814,505235,223,14421,2,14400,1.01546356009
490606,490865,491183,259,318,1,7200,1.81446540881
490695,490786,490802,91,16,2,1200,6.6875
491020,632904,633157,141884,253,151,86400,561.806324111
491114,491125,491327,11,202,2,1800,1.05445544554
491114,491141,491415,27,274,2,1800,1.09854014599
491114,491131,491362,17,231,2,1800,1.07359307359
491114,491120,491295,6,175,2,1800,1.03428571429
491115,491146,491523,31,377,2,1800,1.08222811671
491115,491157,491531,42,374,2,1800,1.11229946524
491115,491151,491535,36,384,2,1800,1.09375
491115,491162,491641,47,479,2,1800,1.09812108559
491116,491170,491695,54,525,2,1800,1.10285714286
491116,491180,491696,64,516,2,1800,1.12403100775
491116,491175,491719,59,544,2,1800,1.10845588235
491117,491196,491719,79,523,2,1800,1.15105162524
491117,491185,491683,68,498,2,1800,1.13654618474
491117,491191,491698,74,507,2,1800,1.1459566075
491117,491201,491796,84,595,2,1800,1.14117647059
491118,491206,491696,88,490,2,1800,1.17959183673
491118,491212,491831,94,619,2,1800,1.15185783522
491118,491217,491870,99,653,2,1800,1.15160796325
491118,491222,491743,104,521,2,1800,1.19961612284
491119,491228,491807,109,579,2,1800,1.18825561313
491375,491382,491930,7,548,2,1800,1.01277372263
491376,491398,491930,22,532,2,1800,1.04135338346
491376,491393,491888,17,495,2,1800,1.03434343434
491376,491387,491918,11,531,2,1800,1.02071563089
491377,491409,491928,32,519,2,1800,1.06165703276
491377,491404,491918,27,514,2,1800,1.05252918288
491377,491414,491927,37,513,2,1800,1.07212475634
491378,491430,491925,52,495,2,1800,1.10505050505
491378,491436,491936,58,500,2,1800,1.116
491378,491425,491926,47,501,2,1800,1.09381237525
491378,491420,491927,42,507,2,1800,1.08284023669
491379,491441,491926,62,485,2,1800,1.12783505155
491379,491451,491927,72,476,2,1800,1.1512605042
491379,491457,491928,78,471,2,1800,1.16560509554
491379,491446,491932,67,486,2,1800,1.1378600823
491380,491478,491936,98,458,2,1800,1.21397379913
491380,491462,491933,82,471,2,1800,1.17409766454
491380,491472,491930,92,458,2,1800,1.20087336245
491380,491467,491931,87,464,2,1800,1.1875
491381,491483,491929,102,446,2,1800,1.22869955157
491595,491602,491624,7,22,1,7200,1.31818181818
491626,491637,492045,11,408,1,7200,1.02696078431
492307,492323,492439,16,116,2,1800,1.13793103448
492307,492330,492547,23,217,2,1800,1.10599078341
492307,492318,492370,11,52,2,1800,1.21153846154
492307,492313,492344,6,31,2,1800,1.1935483871
492308,492335,492521,27,186,2,1800,1.14516129032
492308,492340,492562,32,222,2,1800,1.14414414414
492308,492345,492559,37,214,2,1800,1.17289719626
492309,492356,492637,47,281,2,1800,1.16725978648
492309,492366,492585,57,219,2,1800,1.2602739726
492309,492351,492552,42,201,2,1800,1.20895522388
492309,492361,492569,52,208,2,1800,1.25
492310,492372,492657,62,285,2,1800,1.21754385965
492310,492382,492677,72,295,2,1800,1.24406779661
492310,492377,492679,67,302,2,1800,1.22185430464
492311,492398,492701,87,303,2,1800,1.28712871287
492311,492403,492740,92,337,2,1800,1.27299703264
492311,492387,492747,76,360,2,1800,1.21111111111
492311,492393,492736,82,343,2,1800,1.23906705539
492312,492408,492701,96,293,2,1800,1.32764505119
492312,492414,492753,102,339,2,1800,1.30088495575
492316,492419,492765,103,346,2,1800,1.29768786127
492316,492430,492793,114,363,2,1800,1.31404958678
492316,492435,492761,119,326,2,1800,1.36503067485
492316,492424,492792,108,368,2,1800,1.29347826087
492317,492451,492804,134,353,2,1800,1.37960339943
492317,492456,492805,139,349,2,1800,1.39828080229
492317,492445,492781,128,336,2,1800,1.38095238095
492317,492440,492751,123,311,2,1800,1.39549839228
492318,492466,492805,148,339,2,1800,1.43657817109
492318,492461,492797,143,336,2,1800,1.4255952381
492318,492472,492808,154,336,2,1800,1.45833333333
492319,492482,492796,163,314,2,1800,1.51910828025
492319,492487,492805,168,318,2,1800,1.52830188679
492319,492477,492779,158,302,2,1800,1.52317880795
492320,492493,492811,173,318,2,1800,1.54402515723
492320,492503,492805,183,302,2,1800,1.6059602649
492320,492498,492802,178,304,2,1800,1.58552631579
492320,492508,492805,188,297,2,1800,1.632996633
492321,492519,492806,198,287,2,1800,1.68989547038
492321,492514,492808,193,294,2,1800,1.65646258503
492956,492963,493143,7,180,2,1800,1.03888888889
492957,492979,493252,22,273,2,1800,1.08058608059
492957,492973,493270,16,297,2,1800,1.05387205387
492957,492984,493249,27,265,2,1800,1.10188679245
492957,492968,493180,11,212,2,1800,1.05188679245
492958,493005,493266,47,261,2,1800,1.18007662835
492958,492990,493275,32,285,2,1800,1.11228070175
492958,492995,493257,37,262,2,1800,1.14122137405
492958,493000,493261,42,261,2,1800,1.16091954023
492959,493027,493278,68,251,2,1800,1.27091633466
492959,493021,493273,62,252,2,1800,1.24603174603
492959,493016,493278,57,262,2,1800,1.21755725191
492959,493011,493279,52,268,2,1800,1.19402985075
492960,493042,493280,82,238,2,1800,1.34453781513
492960,493069,493320,109,251,1,3600,1.43426294821
492960,493037,493281,77,244,2,1800,1.31557377049
492960,493048,493282,88,234,2,1800,1.37606837607
492960,493032,493288,72,256,2,1800,1.28125
492961,493058,493281,97,223,2,1800,1.43497757848
492961,493053,493281,92,228,2,1800,1.40350877193
492961,493063,493281,102,218,2,1800,1.46788990826
493134,505248,505558,12114,310,1,7200,40.0774193548
493176,493261,493296,85,35,6,5100,3.42857142857
493234,536850,536851,43616,1,2,14400,4361.7
493371,505253,505575,11882,322,1,3600,37.900621118
493672,493678,493700,6,22,2,1800,1.27272727273
493672,493683,493756,11,73,2,1800,1.15068493151
493672,493689,493802,17,113,2,1800,1.15044247788
493673,493701,493865,28,164,2,1800,1.17073170732
493673,493706,493848,33,142,2,1800,1.2323943662
493673,493696,493852,23,156,2,1800,1.14743589744
493674,493722,493860,48,138,2,1800,1.34782608696
493674,493711,493874,37,163,2,1800,1.22699386503
493674,493717,493878,43,161,2,1800,1.26708074534
493674,493727,493883,53,156,2,1800,1.33974358974
493675,493738,493863,63,125,2,1800,1.504
493675,493733,493883,58,150,2,1800,1.38666666667
493675,493743,493884,68,141,2,1800,1.48226950355
493675,493748,493889,73,141,2,1800,1.51773049645
493676,493764,493898,88,134,2,1800,1.65671641791
493676,493754,493875,78,121,2,1800,1.64462809917
493676,493759,493888,83,129,2,1800,1.64341085271
493676,493769,493893,93,124,2,1800,1.75
493677,493780,493888,103,108,2,1800,1.9537037037
493677,493775,493898,98,123,2,1800,1.79674796748
494098,519459,519636,25361,177,6,10559,144.282485876
494110,536887,551198,42777,14311,2,28800,3.98909929425
494157,505570,505695,11413,125,1,1800,92.304
494327,494333,494674,6,341,2,3600,1.01759530792
494926,537020,537021,42094,1,2,25200,4209.5
494969,494975,495311,6,336,8,1500,1.01785714286
494969,494981,495320,12,339,8,1500,1.03539823009
494970,494992,495327,22,335,8,1500,1.06567164179
494970,494997,495330,27,333,8,1500,1.08108108108
494970,494986,495318,16,332,8,1500,1.04819277108
494971,495019,495353,48,334,8,1500,1.14371257485
494971,495003,495340,32,337,8,1500,1.09495548961
494971,495008,495346,37,338,8,1500,1.10946745562
494971,495013,495350,42,337,8,1500,1.12462908012
494972,495323,495655,351,332,8,1500,2.05722891566
494972,495024,495357,52,333,8,1500,1.15615615616
494972,495330,495660,358,330,8,1500,2.08484848485
494973,495336,495668,363,332,8,1500,2.09337349398
494973,495343,495676,370,333,8,1500,2.11111111111
494973,495348,495681,375,333,8,1500,2.12612612613
494973,495356,495685,383,329,8,1500,2.1641337386
494974,495363,495694,389,331,8,1500,2.1752265861
494974,495368,495701,394,333,8,1500,2.18318318318
494974,495375,495704,401,329,8,1500,2.2188449848
494974,495380,495712,406,332,8,1500,2.22289156627
494975,495682,496016,707,334,8,1500,3.11676646707
494975,495669,496000,694,331,8,1500,3.09667673716
494975,495676,496009,701,333,8,1500,3.10510510511
494976,495702,496037,726,335,8,1500,3.1671641791
494976,495697,496028,721,331,8,1500,3.17824773414
494976,495690,496020,714,330,8,1500,3.16363636364
494977,495709,496043,732,334,8,1500,3.19161676647
494977,495721,496047,744,326,8,1500,3.28220858896
494977,495716,496051,739,335,8,1500,3.20597014925
494977,495728,496058,751,330,8,1500,3.27575757576
494978,496012,496453,1034,441,8,1500,3.34467120181
494978,496030,496453,1052,423,8,1500,3.48699763593
494978,496020,496453,1042,433,8,1500,3.4064665127
494979,496043,496453,1064,410,8,1500,3.59512195122
494979,496057,496453,1078,396,8,1500,3.72222222222
494979,496051,496453,1072,402,8,1500,3.66666666667
494979,496037,496453,1058,416,8,1500,3.54326923077
494980,496077,496453,1097,376,8,1500,3.91755319149
494980,496065,496453,1085,388,8,1500,3.79639175258
494980,496070,496453,1090,383,8,1500,3.84595300261
494980,496466,496799,1486,333,8,1500,5.46246246246
494981,496481,496815,1500,334,8,1500,5.49101796407
494981,496471,496803,1490,332,8,1500,5.48795180723
494981,496476,496806,1495,330,8,1500,5.5303030303
494982,496504,496839,1522,335,8,1500,5.54328358209
494982,496487,496819,1505,332,8,1500,5.53313253012
494982,496494,496829,1512,335,8,1500,5.51343283582
494982,496499,496831,1517,332,8,1500,5.56927710843
494983,496510,496844,1527,334,8,1500,5.57185628743
494983,496515,496846,1532,331,8,1500,5.62839879154
494983,496811,497145,1828,334,8,1500,6.47305389222
494983,496818,497151,1835,333,8,1500,6.51051051051
494984,496823,497156,1839,333,8,1500,6.52252252252
494984,496836,497169,1852,333,8,1500,6.56156156156
494984,496831,497171,1847,340,8,1500,6.43235294118
494984,496843,497173,1859,330,8,1500,6.63333333333
494985,496861,497195,1876,334,8,1500,6.61676646707
494985,496868,497202,1883,334,8,1500,6.6377245509
494985,496848,497179,1863,331,8,1500,6.62839879154
494985,496855,497187,1870,332,8,1500,6.63253012048
494986,497157,497488,2171,331,8,1500,7.55891238671
494986,497163,497494,2177,331,8,1500,7.57703927492
494986,497171,497501,2185,330,8,1500,7.62121212121
494987,497181,497516,2194,335,8,1500,7.54925373134
494987,497188,497518,2201,330,8,1500,7.6696969697
494987,497193,497526,2206,333,8,1500,7.62462462462
494988,497201,497531,2213,330,8,1500,7.70606060606
494988,497206,497538,2218,332,8,1500,7.68072289157
494988,497213,497546,2225,333,8,1500,7.68168168168
494988,497218,497551,2230,333,8,1500,7.6966966967
494989,497528,497859,2539,331,8,1500,8.67069486405
494989,497507,497839,2518,332,8,1500,8.5843373494
494989,497500,497831,2511,331,8,1500,8.58610271903
494989,497514,497845,2525,331,8,1500,8.62839879154
494990,497535,497868,2545,333,8,1500,8.64264264264
494990,497542,497873,2552,331,8,1500,8.70996978852
494990,497549,497883,2559,334,8,1500,8.66167664671
494991,497556,497888,2565,332,8,1500,8.72590361446
494991,497563,497897,2572,334,8,1500,8.7005988024
494991,497568,497903,2577,335,8,1500,8.69253731343
494991,497843,498172,2852,329,8,1500,9.66869300912
494992,497871,498202,2879,331,8,1500,9.69788519637
494992,497851,498181,2859,330,8,1500,9.66363636364
494992,497857,498191,2865,334,8,1500,9.57784431138
494993,497895,498228,2902,333,8,1500,9.71471471471
494993,497888,498219,2895,331,8,1500,9.74622356495
494993,497902,498234,2909,332,8,1500,9.76204819277
494993,497881,498208,2888,327,8,1500,9.83180428135
494994,498183,498520,3189,337,8,1500,10.4629080119
494994,497909,498241,2915,332,8,1500,9.78012048193
494994,497915,498247,2921,332,8,1500,9.79819277108
494995,498194,498525,3199,331,8,1500,10.664652568
494995,498203,498534,3208,331,8,1500,10.6918429003
494995,498221,498552,3226,331,8,1500,10.746223565
494995,498214,498553,3219,339,8,1500,10.4955752212
494996,498232,498562,3236,330,8,1500,10.8060606061
494996,498241,498573,3245,332,8,1500,10.7740963855
494996,498248,498580,3252,332,8,1500,10.7951807229
494996,498255,498593,3259,338,8,1500,10.6420118343
494997,498546,498883,3549,337,8,1500,11.53115727
494997,498262,498594,3265,332,8,1500,10.8343373494
494997,498532,498864,3535,332,8,1500,11.6475903614
494997,498539,498872,3542,333,8,1500,11.6366366366
494998,498571,498905,3573,334,8,1500,11.6976047904
494998,498564,498899,3566,335,8,1500,11.6447761194
494998,498578,498907,3580,329,8,1500,11.8814589666
494999,498611,498944,3612,333,8,1500,11.8468468468
494999,498584,498917,3585,333,8,1500,11.7657657658
494999,498592,498924,3593,332,8,1500,11.8222891566
494999,498605,498937,3606,332,8,1500,11.8614457831
495000,498895,499226,3895,331,8,1500,12.7673716012
495000,498884,499215,3884,331,8,1500,12.7341389728
495000,498876,499206,3876,330,8,1500,12.7454545455
495001,498919,499251,3918,332,8,1500,12.8012048193
495001,498912,499245,3911,333,8,1500,12.7447447447
495001,498931,499264,3930,333,8,1500,12.8018018018
495001,498924,499256,3923,332,8,1500,12.8162650602
495002,498937,499269,3935,332,8,1500,12.8524096386
495002,498948,499283,3946,335,8,1500,12.7791044776
495002,498957,499289,3955,332,8,1500,12.9126506024
495003,499217,499552,4214,335,8,1500,13.5791044776
495003,499227,499559,4224,332,8,1500,13.7228915663
495004,499264,499595,4260,331,8,1500,13.8700906344
495004,499237,499569,4233,332,8,1500,13.75
495004,499256,499588,4252,332,8,1500,13.8072289157
495005,499277,499612,4272,335,8,1500,13.752238806
495005,499271,499601,4266,330,8,1500,13.9272727273
495005,499285,499618,4280,333,8,1500,13.8528528529
495006,499570,499907,4564,337,8,1500,14.5430267062
495006,499563,499898,4557,335,8,1500,14.6029850746
495006,499303,499634,4297,331,8,1500,13.9818731118
495006,499296,499629,4290,333,8,1500,13.8828828829
495007,499606,499939,4599,333,8,1500,14.8108108108
495007,499600,499933,4593,333,8,1500,14.7927927928
495007,499581,499911,4574,330,8,1500,14.8606060606
495008,499623,499955,4615,332,8,1500,14.9006024096
495008,499613,499944,4605,331,8,1500,14.9123867069
495009,499647,499976,4638,329,8,1500,15.0972644377
495009,499630,499968,4621,338,8,1500,14.6715976331
495009,499640,499970,4631,330,8,1500,15.0333333333
495010,499946,500278,4936,332,8,1500,15.8674698795
495010,499911,500240,4901,329,8,1500,15.896656535
495010,499919,500250,4909,331,8,1500,15.83081571
495010,499926,500258,4916,332,8,1500,15.8072289157
495011,499952,500284,4941,332,8,1500,15.8825301205
495011,499960,500293,4949,333,8,1500,15.8618618619
495011,499967,500299,4956,332,8,1500,15.9277108434
495012,499986,500320,4974,334,8,1500,15.8922155689
495012,499994,500324,4982,330,8,1500,16.096969697
495012,499980,500312,4968,332,8,1500,15.9638554217
495013,500252,500586,5239,334,8,1500,16.6856287425
495013,500263,500603,5250,340,8,1500,16.4411764706
495013,500270,500604,5257,334,8,1500,16.7395209581
495014,500306,500635,5292,329,8,1500,17.085106383
495014,500290,500626,5276,336,8,1500,16.7023809524
495014,500297,500629,5283,332,8,1500,16.9126506024
495015,500332,500668,5317,336,8,1500,16.8244047619
495015,500323,500656,5308,333,8,1500,16.9399399399
495015,500313,500643,5298,330,8,1500,17.0545454545
495016,500339,500670,5323,331,8,1500,17.081570997
495016,500598,500930,5582,332,8,1500,17.813253012
495016,500615,500946,5599,331,8,1500,17.915407855
495017,500637,500971,5620,334,8,1500,17.8263473054
495017,500645,500976,5628,331,8,1500,18.003021148
495017,500652,500983,5635,331,8,1500,18.0241691843
495017,500621,500959,5604,338,8,1500,17.5798816568
495018,500659,500990,5641,331,8,1500,18.0422960725
495018,500680,501014,5662,334,8,1500,17.9520958084
495018,500668,501002,5650,334,8,1500,17.9161676647
495019,500687,501015,5668,328,8,1500,18.2804878049
495019,500942,501275,5923,333,8,1500,18.7867867868
495019,500959,501293,5940,334,8,1500,18.7844311377
495020,500970,501303,5950,333,8,1500,18.8678678679
495020,500983,501314,5963,331,8,1500,19.0151057402
495020,500990,501323,5970,333,8,1500,18.9279279279
495020,500997,501337,5977,340,8,1500,18.5794117647
495021,501014,501345,5993,331,8,1500,19.1057401813
495021,501026,501364,6005,338,8,1500,18.7662721893
495021,501004,501338,5983,334,8,1500,18.9131736527
495022,501291,501623,6269,332,8,1500,19.8825301205
495022,501283,501625,6261,342,8,1500,19.3070175439
495022,501306,501640,6284,334,8,1500,19.8143712575
495022,501033,501365,6011,332,8,1500,19.1054216867
495023,501335,501666,6312,331,8,1500,20.0694864048
495023,501315,501647,6292,332,8,1500,19.9518072289
495023,501326,501659,6303,333,8,1500,19.9279279279
495024,501362,501694,6338,332,8,1500,20.0903614458
495024,501349,501679,6325,330,8,1500,20.1666666667
495024,501355,501688,6331,333,8,1500,20.012012012
495025,501376,501709,6351,333,8,1500,20.0720720721
495025,501383,501714,6358,331,8,1500,20.2084592145
495025,501636,501968,6611,332,8,1500,20.9126506024
495026,501643,501974,6617,331,8,1500,20.9909365559
495026,501652,501986,6626,334,8,1500,20.8383233533
495026,501660,501993,6634,333,8,1500,20.9219219219
495027,501700,502038,6673,338,8,1500,20.7426035503
495027,501692,502026,6665,334,8,1500,20.9550898204
495027,501678,502010,6651,332,8,1500,21.0331325301
495027,501671,502008,6644,337,8,1500,20.7151335312
495028,501707,502040,6679,333,8,1500,21.0570570571
495028,501721,502055,6693,334,8,1500,21.0389221557
495028,501728,502061,6700,333,8,1500,21.1201201201
495029,501998,502330,6969,332,8,1500,21.9909638554
495029,501980,502311,6951,331,8,1500,22.0
495029,501987,502319,6958,332,8,1500,21.9578313253
495030,502027,502357,6997,330,8,1500,22.203030303
495030,502005,502335,6975,330,8,1500,22.1363636364
495030,502020,502353,6990,333,8,1500,21.990990991
495031,502038,502368,7007,330,8,1500,22.2333333333
495031,502050,502388,7019,338,8,1500,21.7662721893
495031,502057,502390,7026,333,8,1500,22.0990990991
495031,502071,502406,7040,335,8,1500,22.0149253731
495032,502078,502407,7046,329,8,1500,22.4164133739
495032,502324,502654,7292,330,8,1500,23.096969697
495032,502331,502662,7299,331,8,1500,23.0513595166
495033,502343,502674,7310,331,8,1500,23.084592145
495033,502350,502681,7317,331,8,1500,23.1057401813
495033,502365,502697,7332,332,8,1500,23.0843373494
495034,502372,502703,7338,331,8,1500,23.16918429
495034,502400,502730,7366,330,8,1500,23.3212121212
495034,502381,502711,7347,330,8,1500,23.2636363636
495035,502407,502739,7372,332,8,1500,23.2048192771
495035,502418,502747,7383,329,8,1500,23.4407294833
495035,502425,502762,7390,337,8,1500,22.9287833828
495036,502666,503000,7630,334,8,1500,23.8443113772
495036,502674,503004,7638,330,8,1500,24.1454545455
495036,502687,503023,7651,336,8,1500,23.7708333333
495036,502694,503026,7658,332,8,1500,24.0662650602
495037,502710,503043,7673,333,8,1500,24.042042042
495037,502724,503059,7687,335,8,1500,23.9462686567
495037,502717,503048,7680,331,8,1500,24.2024169184
495038,502751,503080,7713,329,8,1500,24.443768997
495038,502759,503092,7721,333,8,1500,24.1861861862
495038,502774,503104,7736,330,8,1500,24.4424242424
495038,502742,503074,7704,332,8,1500,24.2048192771
495039,503020,503350,7981,330,8,1500,25.1848484848
495039,503013,503346,7974,333,8,1500,24.9459459459
495039,503035,503367,7996,332,8,1500,25.0843373494
495040,503042,503377,8002,335,8,1500,24.8865671642
495040,503055,503386,8015,331,8,1500,25.2145015106
495040,503062,503394,8022,332,8,1500,25.1626506024
495041,503087,503419,8046,332,8,1500,25.234939759
495041,503094,503427,8053,333,8,1500,25.1831831832
495041,503071,503402,8030,331,8,1500,25.2598187311
495042,503365,503696,8323,331,8,1500,26.1450151057
495042,503104,503437,8062,333,8,1500,25.2102102102
495042,503117,503446,8075,329,8,1500,25.5440729483
495042,503358,503690,8316,332,8,1500,26.0481927711
495043,503379,503712,8336,333,8,1500,26.033033033
495043,503398,503730,8355,332,8,1500,26.1656626506
495043,503389,503718,8346,329,8,1500,26.367781155
495044,503406,503741,8362,335,8,1500,25.9611940299
495044,503414,503747,8370,333,8,1500,26.1351351351
495044,503431,503761,8387,330,8,1500,26.4151515152
495045,503439,503769,8394,330,8,1500,26.4363636364
495045,503449,503780,8404,331,8,1500,26.3897280967
495045,503458,503788,8413,330,8,1500,26.4939393939
495046,503725,504058,8679,333,8,1500,27.0630630631
495046,503710,504041,8664,331,8,1500,27.1752265861
495046,503703,504034,8657,331,8,1500,27.1540785498
495047,503732,504068,8685,336,8,1500,26.8482142857
495047,503743,504077,8696,334,8,1500,27.0359281437
495047,503753,504086,8706,333,8,1500,27.1441441441
495049,503760,504093,8711,333,8,1500,27.1591591592
495049,503773,504108,8724,335,8,1500,27.0417910448
495049,503781,504113,8732,332,8,1500,27.3012048193
495050,503791,504123,8741,332,8,1500,27.328313253
495050,503801,504135,8751,334,8,1500,27.2005988024
495050,504046,504377,8996,331,8,1500,28.1782477341
495051,504053,504382,9002,329,8,1500,28.3617021277
495051,504070,504402,9019,332,8,1500,28.1656626506
495051,504080,504407,9029,327,8,1500,28.6116207951
495052,504089,504419,9037,330,8,1500,28.3848484848
495052,504098,504430,9046,332,8,1500,28.2469879518
495052,504105,504439,9053,334,8,1500,28.1047904192
495053,504147,504481,9094,334,8,1500,28.2275449102
495053,504120,504452,9067,332,8,1500,28.3102409639
495053,504127,504463,9074,336,8,1500,28.005952381
495053,504136,504468,9083,332,8,1500,28.3584337349
495054,504396,504727,9342,331,8,1500,29.2235649547
495054,504415,504746,9361,331,8,1500,29.2809667674
495054,504389,504720,9335,331,8,1500,29.2024169184
495055,504430,504762,9375,332,8,1500,29.2379518072
495055,504422,504755,9367,333,8,1500,29.1291291291
495055,504442,504776,9387,334,8,1500,29.1047904192
495056,504452,504781,9396,329,8,1500,29.5592705167
495056,504475,504803,9419,328,8,1500,29.7164634146
495056,504464,504796,9408,332,8,1500,29.3373493976
495057,504493,504826,9436,333,8,1500,29.3363363363
495057,504482,504818,9425,336,8,1500,29.0505952381
495057,504733,505071,9676,338,8,1500,29.6272189349
495057,504740,505071,9683,331,8,1500,30.253776435
495058,504768,505100,9710,332,8,1500,30.2469879518
495058,504759,505092,9701,333,8,1500,30.1321321321
495058,504775,505110,9717,335,8,1500,30.0059701493
495059,504782,505120,9723,338,8,1500,29.7662721893
495059,504795,505125,9736,330,8,1500,30.503030303
495059,504787,505123,9728,336,8,1500,29.9523809524
495060,504815,505146,9755,331,8,1500,30.4712990937
495060,504808,505141,9748,333,8,1500,30.2732732733
495060,504800,505131,9740,331,8,1500,30.4259818731
495061,504830,505161,9769,331,8,1500,30.5135951662
495061,505083,505423,10022,340,8,1500,30.4764705882
495061,505089,505420,10028,331,8,1500,31.2960725076
495061,504838,505170,9777,332,8,1500,30.4487951807
495062,505123,505462,10061,339,8,1500,30.6784660767
495062,505112,505446,10050,334,8,1500,31.0898203593
495062,505104,505436,10042,332,8,1500,31.2469879518
495063,505146,505473,10083,327,8,1500,31.8348623853
495063,505141,505474,10078,333,8,1500,31.2642642643
495063,505133,505467,10070,334,8,1500,31.1497005988
495064,505159,505488,10095,329,8,1500,31.6838905775
495064,505166,505494,10102,328,8,1500,31.7987804878
495064,505154,505484,10090,330,8,1500,31.5757575758
495065,505182,505512,10117,330,8,1500,31.6575757576
495065,505174,505505,10109,331,8,1500,31.5407854985
495066,505432,505767,10366,335,8,1500,31.9432835821
495066,505439,505770,10373,331,8,1500,32.3383685801
495066,505448,505782,10382,334,8,1500,32.0838323353
495066,505458,505792,10392,334,8,1500,32.1137724551
495067,505474,505806,10407,332,8,1500,32.3463855422
495067,505488,505820,10421,332,8,1500,32.3885542169
495067,505481,505815,10414,334,8,1500,32.1796407186
495068,505493,505827,10425,334,8,1500,32.2125748503
495068,505501,505836,10433,335,8,1500,32.1432835821
495068,505506,505839,10438,333,8,1500,32.3453453453
495069,505524,505857,10455,333,8,1500,32.3963963964
495069,505511,505844,10442,333,8,1500,32.3573573574
495069,505519,505849,10450,330,8,1500,32.6666666667
495070,505531,505864,10461,333,8,1500,32.4144144144
495070,505780,506117,10710,337,8,1500,32.7804154303
495070,505787,506118,10717,331,8,1500,33.3776435045
495070,505795,506130,10725,335,8,1500,33.0149253731
495071,505828,506160,10757,332,8,1500,33.4006024096
495071,505818,506153,10747,335,8,1500,33.0805970149
495071,505804,506137,10733,333,8,1500,33.2312312312
495072,505850,506183,10778,333,8,1500,33.3663663664
495072,505835,506167,10763,332,8,1500,33.4186746988
495072,505843,506173,10771,330,8,1500,33.6393939394
495073,506179,506512,11106,333,8,1500,34.3513513514
495073,505857,506191,10784,334,8,1500,33.2874251497
495073,506185,506519,11112,334,8,1500,34.2694610778
495074,506482,506812,11408,330,8,1500,35.5696969697
495074,506195,506531,11121,336,8,1500,34.0982142857
495074,506470,506800,11396,330,8,1500,35.5333333333
495074,505862,506200,10788,338,8,1500,32.9171597633
495075,505883,506216,10808,333,8,1500,33.4564564565
495075,505870,506207,10795,337,8,1500,33.0326409496
495075,505875,506209,10800,334,8,1500,33.3353293413
495076,506144,506479,11068,335,8,1500,34.0388059701
495076,506136,506470,11060,334,8,1500,34.1137724551
495076,506129,506458,11053,329,8,1500,34.5957446809
495077,506151,506483,11074,332,8,1500,34.3554216867
495077,506561,506897,11484,336,8,1500,35.1785714286
495077,506165,506512,11088,347,8,1500,32.9538904899
495077,506172,506512,11095,340,8,1500,33.6323529412
495078,506568,506900,11490,332,8,1500,35.6084337349
495078,506203,506535,11125,332,8,1500,34.5090361446
495078,506876,507208,11798,332,8,1500,36.5361445783
495078,506871,507204,11793,333,8,1500,36.4144144144
495079,506227,506558,11148,331,8,1500,34.6797583082
495079,506213,506544,11134,331,8,1500,34.6374622356
495079,506220,506551,11141,331,8,1500,34.6586102719
495080,506234,506566,11154,332,8,1500,34.5963855422
495080,506392,506730,11312,338,8,1500,34.4674556213
495080,506884,507218,11804,334,8,1500,36.3413173653
495080,506387,506724,11307,337,8,1500,34.5519287834
495081,507082,507412,12001,330,8,1500,37.3666666667
495081,506524,506860,11443,336,8,1500,35.056547619
495081,506498,506840,11417,342,8,1500,34.3830409357
495081,506491,506840,11410,349,8,1500,33.6934097421
495082,506542,506873,11460,331,8,1500,35.6223564955
495082,506535,506866,11453,331,8,1500,35.6012084592
495082,506529,506859,11447,330,8,1500,35.6878787879
495083,506549,506882,11466,333,8,1500,35.4324324324
495083,507246,507577,12163,331,8,1500,37.746223565
495083,507090,507422,12007,332,8,1500,37.1656626506
495083,506554,506884,11471,330,8,1500,35.7606060606
495084,506575,506907,11491,332,8,1500,35.6114457831
495084,506583,506913,11499,330,8,1500,35.8454545455
495084,506737,507070,11653,333,8,1500,35.993993994
495084,506744,507077,11660,333,8,1500,36.015015015
495085,506824,507156,11739,332,8,1500,36.3584337349
495085,506852,507181,11767,329,8,1500,36.7659574468
495085,506813,507146,11728,333,8,1500,36.2192192192
495086,507259,507592,12173,333,8,1500,37.5555555556
495086,507251,507582,12165,331,8,1500,37.752265861
495086,506857,507189,11771,332,8,1500,36.4548192771
495087,506903,507234,11816,331,8,1500,36.6978851964
495087,507540,507877,12453,337,8,1500,37.9525222552
495087,506891,507226,11804,335,8,1500,36.2358208955
495087,506898,507229,11811,331,8,1500,36.6827794562
495088,506931,507264,11843,333,8,1500,36.5645645646
495088,506926,507262,11838,336,8,1500,36.2321428571
495088,506918,507253,11830,335,8,1500,36.3134328358
495088,506911,507243,11823,332,8,1500,36.6114457831
495089,507159,507491,12070,332,8,1500,37.3554216867
495089,507547,507877,12458,330,8,1500,38.7515151515
495089,507561,507893,12472,332,8,1500,38.5662650602
495089,507621,507952,12532,331,8,1500,38.8610271903
495090,507201,507532,12111,331,8,1500,37.5891238671
495090,507168,507500,12078,332,8,1500,37.3795180723
495090,507194,507528,12104,334,8,1500,37.2395209581
495091,507224,507554,12133,330,8,1500,37.7666666667
495091,507239,507570,12148,331,8,1500,37.7009063444
495091,507217,507548,12126,331,8,1500,37.6344410876
495091,507231,507564,12140,333,8,1500,37.4564564565
495092,507576,507908,12484,332,8,1500,38.6024096386
495092,507568,507902,12476,334,8,1500,38.3532934132
495092,507266,507601,12174,335,8,1500,37.3402985075
495092,507273,507608,12181,335,8,1500,37.3611940299
495093,507281,507612,12188,331,8,1500,37.8217522659
495093,507503,507834,12410,331,8,1500,38.4924471299
495093,507434,507766,12341,332,8,1500,38.171686747
495093,507424,507759,12331,335,8,1500,37.8089552239
495094,507590,507923,12496,333,8,1500,38.5255255255
495094,507583,507918,12489,335,8,1500,38.2805970149
495094,507513,507848,12419,335,8,1500,38.071641791
495095,507604,507937,12509,333,8,1500,38.5645645646
495095,507597,507925,12502,328,8,1500,39.1158536585
495096,507629,507962,12533,333,8,1500,38.6366366366
495096,507614,507947,12518,333,8,1500,38.5915915916
495097,507771,508106,12674,335,8,1500,38.8328358209
495097,507846,508177,12749,331,8,1500,39.5166163142
495097,507779,508115,12682,336,8,1500,38.744047619
495098,507894,508228,12796,334,8,1500,39.3113772455
495098,507861,508194,12763,333,8,1500,39.3273273273
495098,507889,508221,12791,332,8,1500,39.5271084337
495099,507906,508240,12807,334,8,1500,39.3443113772
495099,507914,508244,12815,330,8,1500,39.8333333333
495099,507921,508253,12822,332,8,1500,39.6204819277
495100,507942,508273,12842,331,8,1500,39.7975830816
495100,507950,508282,12850,332,8,1500,39.7048192771
495100,507930,508259,12830,329,8,1500,39.9969604863
495100,507937,508267,12837,330,8,1500,39.9
495101,507959,508295,12858,336,8,1500,39.2678571429
495101,507974,508307,12873,333,8,1500,39.6576576577
495101,507966,508298,12865,332,8,1500,39.75
495102,508252,508585,13150,333,8,1500,40.4894894895
495102,508127,508458,13025,331,8,1500,40.3504531722
495102,508119,508459,13017,340,8,1500,39.2852941176
495102,508232,508563,13130,331,8,1500,40.667673716
495103,508190,508522,13087,332,8,1500,40.4186746988
495103,508206,508540,13103,334,8,1500,40.2305389222
495103,508241,508573,13138,332,8,1500,40.5722891566
495104,508259,508593,13155,334,8,1500,40.3862275449
495104,508266,508599,13162,333,8,1500,40.5255255255
495105,508294,508621,13189,327,8,1500,41.3333333333
495105,508307,508640,13202,333,8,1500,40.6456456456
495106,508273,508606,13167,333,8,1500,40.5405405405
495106,508280,508614,13174,334,8,1500,40.4431137725
495107,508321,508653,13214,332,8,1500,40.8012048193
495107,508287,508617,13180,330,8,1500,40.9393939394
495107,508314,508647,13207,333,8,1500,40.6606606607
495108,508470,508805,13362,335,8,1500,40.8865671642
495108,508477,508808,13369,331,8,1500,41.3897280967
495108,508534,508862,13426,328,8,1500,41.9329268293
495109,508552,508882,13443,330,8,1500,41.7363636364
495109,508575,508905,13466,330,8,1500,41.8060606061
495109,508598,508933,13489,335,8,1500,41.2656716418
495109,508605,508936,13496,331,8,1500,41.7734138973
495110,508627,508957,13517,330,8,1500,41.9606060606
495110,508585,508919,13475,334,8,1500,41.3443113772
495110,508634,508968,13524,334,8,1500,41.4910179641
495110,508639,508969,13529,330,8,1500,41.996969697
495111,508669,509005,13558,336,8,1500,41.3511904762
495111,508662,508994,13551,332,8,1500,41.8162650602
495111,508655,508987,13544,332,8,1500,41.7951807229
495112,508612,508944,13500,332,8,1500,41.6626506024
495112,508817,509151,13705,334,8,1500,42.0329341317
495112,508894,509224,13782,330,8,1500,42.7636363636
495112,508619,508948,13507,329,8,1500,42.0547112462
495113,508825,509157,13712,332,8,1500,42.3012048193
495113,508875,509206,13762,331,8,1500,42.5770392749
495113,508917,509246,13804,329,8,1500,42.9574468085
495113,508931,509263,13818,332,8,1500,42.6204819277
495114,508945,509279,13831,334,8,1500,42.4101796407
495114,508952,509280,13838,328,8,1500,43.1890243902
495114,508959,509293,13845,334,8,1500,42.4520958084
495115,508965,509296,13850,331,8,1500,42.8429003021
495115,508973,509304,13858,331,8,1500,42.8670694864
495115,508980,509313,13865,333,8,1500,42.6366366366
495115,508985,509315,13870,330,8,1500,43.0303030303
495116,509000,509332,13884,332,8,1500,42.8192771084
495116,509007,509341,13891,334,8,1500,42.5898203593
495116,509017,509348,13901,331,8,1500,42.996978852
495116,509163,509497,14047,334,8,1500,43.0568862275
495117,509170,509500,14053,330,8,1500,43.5848484848
495117,509218,509551,14101,333,8,1500,43.3453453453
495117,509236,509569,14119,333,8,1500,43.3993993994
495117,509275,509613,14158,338,8,1500,42.8875739645
495118,509298,509633,14180,335,8,1500,43.328358209
495118,509258,509595,14140,337,8,1500,42.9584569733
495118,509291,509621,14173,330,8,1500,43.9484848485
495118,509305,509640,14187,335,8,1500,43.3492537313
495119,509326,509658,14207,332,8,1500,43.7921686747
495119,509319,509655,14200,336,8,1500,43.2619047619
495119,509312,509650,14193,338,8,1500,42.9911242604
495120,509509,509842,14389,333,8,1500,44.2102102102
495120,509333,509667,14213,334,8,1500,43.5538922156
495120,509344,509677,14224,333,8,1500,43.7147147147
495120,509517,509854,14397,337,8,1500,43.7210682493
495121,509353,509688,14232,335,8,1500,43.4835820896
495121,509360,509691,14239,331,8,1500,44.0181268882
495121,509563,509892,14442,329,8,1500,44.896656535
495121,509581,509915,14460,334,8,1500,44.2934131737
495122,509625,509959,14503,334,8,1500,44.4221556886
495122,509633,509969,14511,336,8,1500,44.1875
495122,509676,510007,14554,331,8,1500,44.9697885196
495122,509607,509940,14485,333,8,1500,44.4984984985
495123,509645,509978,14522,333,8,1500,44.6096096096
495123,509683,510017,14560,334,8,1500,44.5928143713
495123,509690,510022,14567,332,8,1500,44.8765060241
495124,509652,509987,14528,335,8,1500,44.3671641791
495124,509662,509993,14538,331,8,1500,44.9214501511
495124,509669,510001,14545,332,8,1500,44.8102409639
495124,509700,510035,14576,335,8,1500,44.5104477612
495125,509866,510197,14741,331,8,1500,45.5347432024
495125,509707,510037,14582,330,8,1500,45.1878787879
495125,509854,510184,14729,330,8,1500,45.6333333333
495125,509981,510312,14856,331,8,1500,45.8821752266
495126,509999,510332,14873,333,8,1500,45.6636636637
495126,509904,510237,14778,333,8,1500,45.3783783784
495126,509927,510259,14801,332,8,1500,45.5813253012
495126,509990,510327,14864,337,8,1500,45.1068249258
495127,509952,510284,14825,332,8,1500,45.6536144578
495127,510006,510337,14879,331,8,1500,45.9516616314
495127,509971,510304,14844,333,8,1500,45.5765765766
495128,510029,510360,14901,331,8,1500,46.0181268882
495128,510021,510351,14893,330,8,1500,46.1303030303
495128,510209,510540,15081,331,8,1500,46.5619335347
495128,510014,510345,14886,331,8,1500,45.9728096677
495129,510271,510602,15142,331,8,1500,46.746223565
495129,510036,510368,14907,332,8,1500,45.9006024096
495129,510048,510378,14919,330,8,1500,46.2090909091
495129,510248,510582,15119,334,8,1500,46.2664670659
495130,510197,510533,15067,336,8,1500,45.8422619048
495130,510055,510388,14925,333,8,1500,45.8198198198
495130,510317,510649,15187,332,8,1500,46.7439759036
495130,510297,510630,15167,333,8,1500,46.5465465465
495131,510324,510662,15193,338,8,1500,45.949704142
495131,510374,510705,15243,331,8,1500,47.0513595166
495131,510382,510715,15251,333,8,1500,46.7987987988
495131,510340,510675,15209,335,8,1500,46.4
495132,510354,510688,15222,334,8,1500,46.5748502994
495132,510347,510680,15215,333,8,1500,46.6906906907
495132,510391,510723,15259,332,8,1500,46.9608433735
495133,510361,510700,15228,339,8,1500,45.9203539823
495133,510368,510696,15235,328,8,1500,47.4481707317
495288,509282,511018,13994,1736,5,3600,9.06105990783
495289,510620,512322,15331,1702,5,3600,10.0076380729
495290,510642,512400,15352,1758,5,3600,9.73265073948
495290,510661,512391,15371,1730,5,3600,9.88497109827
495291,510666,512408,15375,1742,5,3600,9.8260619977
495292,510674,512478,15382,1804,5,3600,9.5266075388
495293,510687,512323,15394,1636,5,3600,10.4095354523
495294,510400,512175,15106,1775,5,3600,9.51042253521
495295,510546,512323,15251,1777,5,3600,9.58244231851
495296,510551,512288,15255,1737,5,3600,9.78238341969
495297,510558,512245,15261,1687,5,3600,10.0462359218
495298,510594,512352,15296,1758,5,3600,9.7007963595
495299,510599,512347,15300,1748,5,3600,9.7528604119
495300,510615,512352,15315,1737,5,3600,9.81692573402
495300,510692,512498,15392,1806,5,3600,9.5227021041
495301,510699,512427,15398,1728,5,3600,9.91087962963
495302,510704,512462,15402,1758,5,3600,9.76109215017
495303,510711,512439,15408,1728,5,3600,9.91666666667
495304,510716,512410,15412,1694,5,3600,10.0979929162
495305,510721,512492,15416,1771,5,3600,9.70468661773
495306,510729,512400,15423,1671,5,3600,10.2298025135
495307,510734,512499,15427,1765,5,3600,9.74050991501
495308,510739,512466,15431,1727,5,3600,9.93514765489
495309,510744,512489,15435,1745,5,3600,9.8452722063
495310,510757,512527,15447,1770,5,3600,9.72711864407
495311,510750,512415,15439,1665,5,3600,10.2726726727
495312,511030,512760,15718,1730,5,3600,10.0855491329
495313,512187,513961,16874,1774,5,3600,10.511837655
495314,512335,514154,17021,1819,5,3600,10.3573391974
495315,512257,513904,16942,1647,5,3600,11.2865816636
495316,512301,514076,16985,1775,5,3600,10.5690140845
495317,512345,513965,17028,1620,5,3600,11.5111111111
495317,512340,514086,17023,1746,5,3600,10.7497136312
495318,512360,514086,17042,1726,5,3600,10.8736964079
495319,512367,514128,17048,1761,5,3600,10.6808631459
495320,512372,514148,17052,1776,5,3600,10.6013513514
495321,512402,514148,17081,1746,5,3600,10.782932417
495322,512412,514131,17090,1719,5,3600,10.9418266434
495323,512437,514172,17114,1735,5,3600,10.8639769452
495324,512444,514177,17120,1733,5,3600,10.8788228505
495325,512417,514208,17092,1791,5,3600,10.5432719151
495326,512425,514145,17099,1720,5,3600,10.9412790698
495327,512430,514145,17103,1715,5,3600,10.9725947522
495328,512451,514195,17123,1744,5,3600,10.818233945
495329,512474,514150,17145,1676,5,3600,11.2297136038
495330,512481,514160,17151,1679,5,3600,11.2150089339
495331,512490,514286,17159,1796,5,3600,10.5540089087
495332,512501,514282,17169,1781,5,3600,10.6400898372
495333,512508,514222,17175,1714,5,3600,11.02042007
495334,512515,514124,17181,1609,5,3600,11.6780609074
495335,512520,514328,17185,1808,5,3600,10.5049778761
495336,513916,515689,18580,1773,5,3600,11.4794134236
495337,513973,515685,18636,1712,5,3600,11.8855140187
495338,512540,514266,17202,1726,5,3600,10.966396292
495339,512772,514463,17433,1691,5,3600,11.3092844471
495340,513120,514865,17780,1745,5,3600,11.1891117479
495341,513980,515677,18639,1697,5,3600,11.9835002946
495342,514089,515779,18747,1690,5,3600,12.0928994083
495343,514098,515688,18755,1590,5,3600,12.7955974843
495345,514103,515803,18758,1700,5,3600,12.0341176471
495346,514136,515905,18790,1769,5,3600,11.6218202374
495347,514144,515929,18797,1785,5,3600,11.5305322129
495348,514180,515892,18832,1712,5,3600,12.0
495349,514185,515905,18836,1720,5,3600,11.9511627907
495350,514193,515940,18843,1747,5,3600,11.7859187178
495351,514199,515990,18848,1791,5,3600,11.5237297599
495352,514149,515822,18797,1673,5,3600,12.2355050807
495353,514157,515893,18804,1736,5,3600,11.831797235
495354,514162,515867,18808,1705,5,3600,12.031085044
495355,514169,515914,18814,1745,5,3600,11.7816618911
495356,514175,515976,18819,1801,5,3600,11.4491948917
495357,514204,515971,18847,1767,5,3600,11.6661007357
495358,514211,515936,18853,1725,5,3600,11.9292753623
495359,514220,515879,18861,1659,5,3600,12.3688969259
495360,514235,515936,18875,1701,5,3600,12.0964138742
495361,514278,516051,18917,1773,5,3600,11.6694867456
495362,514294,515986,18932,1692,5,3600,12.1891252955
495363,514301,516076,18938,1775,5,3600,11.6692957746
495365,514340,516114,18975,1774,5,3600,11.6961668546
495366,514475,516150,19109,1675,5,3600,12.408358209
495367,514877,516634,19510,1757,5,3600,12.1041548093
495368,515690,517422,20322,1732,5,3600,12.733256351
495369,515697,517349,20328,1652,5,3600,13.3050847458
495370,515704,517493,20334,1789,5,3600,12.3661263276
495371,515709,517485,20338,1776,5,3600,12.4515765766
495372,515792,517495,20420,1703,5,3600,12.990604815
495373,515816,517536,20443,1720,5,3600,12.8854651163
495374,515884,517587,20510,1703,5,3600,13.0434527305
495375,515904,517538,20529,1634,5,3600,13.5636474908
495376,515910,517633,20534,1723,5,3600,12.9175856065
495377,515917,517623,20540,1706,5,3600,13.03985932
495378,515948,517600,20570,1652,5,3600,13.4515738499
495379,515953,517710,20574,1757,5,3600,12.7097324986
495380,515961,517618,20581,1657,5,3600,13.4206397103
495382,515983,517820,20601,1837,5,3600,12.2144801306
495383,515998,517722,20615,1724,5,3600,12.9576566125
495384,516005,517754,20621,1749,5,3600,12.790165809
495385,516063,517790,20678,1727,5,3600,12.9733642154
495386,516126,517858,20740,1732,5,3600,12.974595843
495387,516646,518309,21259,1663,5,3600,13.7835237523
495388,517361,519097,21973,1736,5,3600,13.6572580645
495389,517554,519295,22165,1741,5,3600,13.7311889719
495390,517507,519288,22117,1781,5,3600,13.4183043234
495391,517548,519324,22157,1776,5,3600,13.4757882883
495393,517599,519301,22206,1702,5,3600,14.0470035253
495394,517612,519357,22218,1745,5,3600,13.7323782235
495395,517630,519249,22235,1619,5,3600,14.7337862878
495396,517767,519546,22371,1779,5,3600,13.5750421585
495397,517637,519365,22240,1728,5,3600,13.8703703704
495398,517646,519335,22248,1689,5,3600,14.1722912966
495399,517722,519366,22323,1644,5,3600,14.5784671533
495400,517734,519388,22334,1654,5,3600,14.5030229746
495401,517832,519622,22431,1790,5,3600,13.5312849162
495402,519110,520804,23708,1694,5,3600,14.9952774498
495403,517803,519563,22400,1760,5,3600,13.7272727273
495404,517870,519528,22466,1658,5,3600,14.5500603136
495406,518321,520138,22915,1817,5,3600,13.6114474408
495407,519261,520938,23854,1677,5,3600,15.2242098986
495408,519299,521052,23891,1753,5,3600,14.6286366229
495411,519306,521061,23895,1755,5,3600,14.6153846154
495412,519314,520968,23902,1654,5,3600,15.4510278114
495413,519543,521328,24130,1785,5,3600,14.5182072829
495414,519558,521281,24144,1723,5,3600,15.0127684272
495415,519575,521364,24160,1789,5,3600,14.5047512577
495416,519336,521035,23920,1699,5,3600,15.0788699235
495417,519347,521090,23930,1743,5,3600,14.7292025244
495418,519369,521002,23951,1633,5,3600,15.66687079
495420,519378,521129,23958,1751,5,3600,14.6824671616
495421,519383,521145,23962,1762,5,3600,14.5993189557
495422,519400,521077,23978,1677,5,3600,15.2981514609
495423,519635,521307,24212,1672,5,3600,15.480861244
495424,519649,521414,24225,1765,5,3600,14.7252124646
495425,520149,521973,24724,1824,5,3600,14.5548245614
495427,520816,522563,25389,1747,5,3600,15.5329135661
495428,521157,522925,25729,1768,5,3600,15.55260181
495429,521294,522986,25865,1692,5,3600,16.286643026
495430,521319,523106,25889,1787,5,3600,15.4874090655
495431,521340,523117,25909,1777,5,3600,15.5801913337
495432,521377,523154,25945,1777,5,3600,15.600450197
495433,520950,522740,25517,1790,5,3600,15.2553072626
495435,520980,522744,25545,1764,5,3600,15.481292517
495436,521014,522670,25578,1656,5,3600,16.4456521739
495437,521048,522786,25611,1738,5,3600,15.7359033372
495438,521064,522830,25626,1766,5,3600,15.5107587769
495439,521073,522781,25634,1708,5,3600,16.0081967213
495440,521090,522789,25650,1699,5,3600,16.0971159506
495441,521102,522858,25661,1756,5,3600,15.6133257403
495442,521141,522741,25699,1600,5,3600,17.061875
495443,521426,523093,25983,1667,5,3600,16.5866826635
495445,521986,523714,26541,1728,5,3600,16.359375
495446,522575,524363,27129,1788,5,3600,16.1728187919
495447,522682,524476,27235,1794,5,3600,16.1811594203
495448,522752,524455,27304,1703,5,3600,17.0328831474
495449,522808,524590,27359,1782,5,3600,16.3529741863
495450,522842,524545,27392,1703,5,3600,17.0845566647
495452,522870,524591,27418,1721,5,3600,16.9314352121
495454,522937,524677,27483,1740,5,3600,16.7948275862
495455,522759,524467,27304,1708,5,3600,16.9859484778
495457,522764,524544,27307,1780,5,3600,16.341011236
495458,522796,524525,27338,1729,5,3600,16.8114517062
495460,522803,524427,27343,1624,5,3600,17.8368226601
495460,537057,546897,41597,9840,2,28800,5.22733739837
495461,522998,524777,27537,1779,5,3600,16.478920742
495462,523105,524823,27643,1718,5,3600,17.0902211874
495463,523119,524822,27656,1703,5,3600,17.2395772167
495464,523726,525447,28262,1721,5,3600,17.4218477629
495465,524185,525929,28720,1744,5,3600,17.4678899083
495466,524190,525877,28724,1687,5,3600,18.0266745702
495468,524375,526172,28907,1797,5,3600,17.0862548692
495469,524440,526187,28971,1747,5,3600,17.5832856325
495470,524467,526250,28997,1783,5,3600,17.2630398205
495471,524479,526232,29008,1753,5,3600,17.5476326298
495472,524609,526340,29137,1731,5,3600,17.8324667822
495473,523129,524894,27656,1765,5,3600,16.669121813
495475,523166,524906,27691,1740,5,3600,16.9143678161
495476,524789,526588,29313,1799,5,3600,17.2940522513
495477,524488,526249,29011,1761,5,3600,17.4741624077
495478,524537,526252,29059,1715,5,3600,17.9440233236
495479,524556,526322,29077,1766,5,3600,17.4648924122
495480,524562,526299,29082,1737,5,3600,17.7426597582
495481,524602,526283,29121,1681,5,3600,18.3236168947
495483,524689,526424,29206,1735,5,3600,17.8334293948
495484,524834,526570,29350,1736,5,3600,17.9066820276
495485,524841,526569,29356,1728,5,3600,17.9884259259
495539,524906,526670,29367,1764,5,3600,17.6479591837
495541,524918,526720,29377,1802,5,3600,17.3024417314
495542,525459,527147,29917,1688,5,3600,18.7233412322
495543,526268,527983,30725,1715,5,3600,18.915451895
495544,526273,527975,30729,1702,5,3600,19.0546415981
495545,525889,527610,30344,1721,5,3600,18.6316095293
495547,525942,527654,30395,1712,5,3600,18.754088785
495548,526184,527868,30636,1684,5,3600,19.1923990499
495549,526199,527924,30650,1725,5,3600,18.768115942
495550,526245,528010,30695,1765,5,3600,18.3909348442
495551,526261,528065,30710,1804,5,3600,18.0232815965
495553,526295,527996,30742,1701,5,3600,19.0728982951
495554,526311,528033,30757,1722,5,3600,18.8612078978
495555,526335,528132,30780,1797,5,3600,18.1285475793
495556,526352,528046,30796,1694,5,3600,19.1794569067
495557,526436,528175,30879,1739,5,3600,18.7567567568
495559,526581,528294,31022,1713,5,3600,19.1097489784
495560,526588,528345,31028,1757,5,3600,18.6596471258
495561,527622,529306,32061,1684,5,3600,20.0385985748
495562,527666,529360,32104,1694,5,3600,19.9515938607
495564,527880,529679,32316,1799,5,3600,18.9633129516
495565,526600,528362,31035,1762,5,3600,18.613507378
495566,526664,528476,31098,1812,5,3600,18.1622516556
495567,526683,528411,31116,1728,5,3600,19.0069444444
495569,526732,528362,31163,1630,5,3600,20.118404908
495570,527159,528896,31589,1737,5,3600,19.1859527922
495571,527191,528888,31620,1697,5,3600,19.6328815557
495573,527936,529679,32363,1743,5,3600,19.5674125072
495574,527987,529669,32413,1682,5,3600,20.2705112961
495575,527996,529645,32421,1649,5,3600,20.6610066707
495576,528008,529763,32432,1755,5,3600,19.4797720798
495578,528022,529717,32444,1695,5,3600,20.1410029499
495579,528358,530139,32779,1781,5,3600,19.4048287479
495580,528374,530107,32794,1733,5,3600,19.923254472
495581,528379,530114,32798,1735,5,3600,19.9037463977
495583,528424,530213,32841,1789,5,3600,19.3571827837
495584,528488,530135,32904,1647,5,3600,20.9781420765
495585,528900,530672,33315,1772,5,3600,19.8007900677
495586,528908,530662,33322,1754,5,3600,19.9977194983
495588,529319,530986,33731,1667,5,3600,21.2345530894
495589,529809,531500,34220,1691,5,3600,21.2365464222
495590,529859,531592,34269,1733,5,3600,20.7743796884
495592,529883,531559,34291,1676,5,3600,21.4600238663
495593,528045,529796,32452,1751,5,3600,19.5334094803
495594,528058,529765,32464,1707,5,3600,20.0181605155
495596,528077,529847,32481,1770,5,3600,19.3508474576
495597,528143,529909,32546,1766,5,3600,19.429218573
495598,528187,529871,32589,1684,5,3600,20.3521377672
495599,528306,529969,32707,1663,5,3600,20.6674684305
495601,529922,531674,34321,1752,5,3600,20.5896118721
495602,529981,531644,34379,1663,5,3600,21.6728803367
495604,530119,531902,34515,1783,5,3600,20.3578238923
495605,530126,531899,34521,1773,5,3600,20.4703891709
495606,529373,531107,33767,1734,5,3600,20.4734717416
495607,529657,531331,34050,1674,5,3600,21.3405017921
495609,529681,531444,34072,1763,5,3600,20.3261486103
495610,529691,531485,34081,1794,5,3600,19.997212932
495611,529696,531355,34085,1659,5,3600,21.545509343
495613,529729,531494,34116,1765,5,3600,20.3291784703
495614,529775,531566,34161,1791,5,3600,20.0737018425
495615,529782,531561,34167,1779,5,3600,20.2057335582
495616,530147,531918,34531,1771,5,3600,20.4980237154
495618,530154,531953,34536,1799,5,3600,20.197331851
495619,530225,531947,34606,1722,5,3600,21.0963995354
495621,530674,532400,35053,1726,5,3600,21.308806489
495622,530684,532512,35062,1828,5,3600,20.1805251641
495623,530998,532773,35375,1775,5,3600,20.9295774648
495625,531119,532904,35494,1785,5,3600,20.8845938375
495626,531343,533082,35717,1739,5,3600,21.5388154112
495628,531514,533167,35886,1653,5,3600,22.7096188748
495629,531367,533087,35738,1720,5,3600,21.7779069767
495630,531456,533258,35826,1802,5,3600,20.8812430633
495632,531497,533187,35865,1690,5,3600,22.2218934911
495633,531507,533137,35874,1630,5,3600,23.0085889571
495634,531571,533347,35937,1776,5,3600,21.2347972973
495635,531578,533332,35943,1754,5,3600,21.492018244
495637,531583,533280,35946,1697,5,3600,22.1820860342
495638,531605,533405,35967,1800,5,3600,20.9816666667
495639,531656,533356,36017,1700,5,3600,22.1864705882
495641,531687,533425,36046,1738,5,3600,21.7399309551
495643,531911,533577,36268,1666,5,3600,22.7695078031
495644,531918,533694,36274,1776,5,3600,21.4245495495
495645,531930,533688,36285,1758,5,3600,21.6399317406
495647,533095,534799,37448,1704,5,3600,22.9765258216
495648,533101,534723,37453,1622,5,3600,24.0906288533
495650,533149,534952,37499,1803,5,3600,21.798114254
495651,531959,533638,36308,1679,5,3600,22.6247766528
495653,531966,533679,36313,1713,5,3600,22.198482195
495654,532412,534101,36758,1689,5,3600,22.7631734754
495655,532524,534278,36869,1754,5,3600,22.01995439
495657,532786,534481,37129,1695,5,3600,22.9050147493
495659,532916,534604,37257,1688,5,3600,23.0716824645
495660,533179,534960,37519,1781,5,3600,22.066254913
495662,533199,534982,37537,1783,5,3600,22.0527201346
495663,533270,534970,37607,1700,5,3600,23.1217647059
495666,533292,535058,37626,1766,5,3600,22.3057757644
495667,533344,535135,37677,1791,5,3600,22.0368509213
495669,533359,535041,37690,1682,5,3600,23.4078478002
495670,533691,535399,38021,1708,5,3600,23.2605386417
495672,533700,535493,38028,1793,5,3600,22.2091466815
495673,533707,535442,38034,1735,5,3600,22.9216138329
495674,534113,535782,38439,1669,5,3600,24.0311563811
495676,533368,535117,37692,1749,5,3600,22.5506003431
495677,533417,535161,37740,1744,5,3600,22.6399082569
495679,533437,535163,37758,1726,5,3600,22.876013905
495680,533589,535314,37909,1725,5,3600,22.9762318841
495682,533651,535394,37969,1743,5,3600,22.7837062536
495683,534291,535979,38608,1688,5,3600,23.8720379147
495685,534493,536274,38808,1781,5,3600,22.7900056148
495686,534616,536309,38930,1693,5,3600,23.9946839929
495688,534735,538337,39047,3602,5,3600,11.8403664631
495689,535173,538781,39484,3608,5,3600,11.94345898
495690,535327,538959,39637,3632,5,3600,11.9132709251
495692,535406,539019,39714,3613,5,3600,11.9919734293
495693,535413,537163,39720,1750,5,3600,23.6971428571
495695,535454,537202,39759,1748,5,3600,23.745423341
495696,535510,539156,39814,3646,5,3600,11.9199122326
495698,535794,537483,40096,1689,5,3600,24.739490823
495699,534811,536515,39112,1704,5,3600,23.9530516432
495700,534964,536777,39264,1813,5,3600,22.6569222284
495702,534972,536707,39270,1735,5,3600,23.6340057637
495703,534982,538628,39279,3646,5,3600,11.7731760834
495705,534994,536662,39289,1668,5,3600,24.5545563549
495706,535053,538675,39347,3622,5,3600,11.8633351739
495708,535070,538672,39362,3602,5,3600,11.927817879
495709,535147,538760,39438,3613,5,3600,11.9155826183
495711,536287,539926,40576,3639,5,3600,12.1503160209
495712,536321,536322,40609,1,5,3600,4061.0
495714,536334,536335,40620,1,5,3600,4062.1
495715,536347,539960,40632,3613,5,3600,12.2460559092
495716,536527,536530,40811,3,5,3600,4081.4
495718,536549,536550,40831,1,5,3600,4083.2
495719,536562,536563,40843,1,5,3600,4084.4
495721,536575,536576,40854,1,5,3600,4085.5
495722,536587,538374,40865,1787,5,3600,23.8679350867
495727,536700,540313,40973,3613,5,3600,12.3404373097
495728,536720,536724,40992,4,5,3600,4099.6
495730,536736,536738,41006,2,5,3600,4100.8
495731,536790,540421,41059,3631,5,3600,12.3079041586
495733,536834,536838,41101,4,5,3600,4110.5
495734,536840,536841,41106,1,5,3600,4110.7
495736,536845,536846,41109,1,5,3600,4111.0
495737,536855,536856,41118,1,5,3600,4111.9
495740,536866,536867,41126,1,5,3600,4112.7
495742,536871,536872,41129,1,5,3600,4113.0
495743,536876,536882,41133,6,5,3600,4113.9
495745,536882,536883,41137,1,5,3600,4113.8
495746,536916,536917,41170,1,5,3600,4117.1
495748,536900,536901,41152,1,5,3600,4115.3
495749,536905,536906,41156,1,5,3600,4115.7
495751,536910,536911,41159,1,5,3600,4116.0
495752,536921,536922,41169,1,5,3600,4117.0
495754,536926,536927,41172,1,5,3600,4117.3
495755,536931,536936,41176,5,5,3600,4118.1
495757,536937,536938,41180,1,5,3600,4118.1
495758,536965,536966,41207,1,5,3600,4120.8
495760,536970,536971,41210,1,5,3600,4121.1
495761,536942,536943,41181,1,5,3600,4118.2
495764,536947,536953,41183,6,5,3600,4118.9
495765,536952,536958,41187,6,5,3600,4119.3
495768,537062,537063,41294,1,5,3600,4129.5
495771,536981,536982,41210,1,5,3600,4121.1
495773,536986,536987,41213,1,5,3600,4121.4
495776,536997,536998,41221,1,5,3600,4122.2
495777,537002,537003,41225,1,5,3600,4122.6
495779,537007,537008,41228,1,5,3600,4122.9
495781,537013,537016,41232,3,5,3600,4123.5
495782,537026,537027,41244,1,5,3600,4124.5
495784,537031,537032,41247,1,5,3600,4124.8
495785,537036,537037,41251,1,5,3600,4125.2
495787,537041,537042,41254,1,5,3600,4125.5
495790,537052,537053,41262,1,5,3600,4126.3
495791,537073,537074,41282,1,5,3600,4128.3
495795,537086,537087,41291,1,5,3600,4129.2
495796,537091,537092,41295,1,5,3600,4129.6
495799,537096,537097,41297,1,5,3600,4129.8
495802,537107,537108,41305,1,5,3600,4130.6
495804,537112,537113,41308,1,5,3600,4130.9
495805,537117,537123,41312,6,5,3600,4131.8
495807,537123,537124,41316,1,5,3600,4131.7
495808,537206,537208,41398,2,5,3600,4140.0
495810,537217,537218,41407,1,5,3600,4140.8
495812,537135,537136,41323,1,5,3600,4132.4
495815,537146,537147,41331,1,5,3600,4133.2
495816,537151,537152,41335,1,5,3600,4133.6
495820,537162,537163,41342,1,5,3600,4134.3
495821,537167,537168,41346,1,5,3600,4134.7
495823,537172,537173,41349,1,5,3600,4135.0
495824,537180,537183,41356,3,5,3600,4135.9
495826,537185,537186,41359,1,5,3600,4136.0
495829,537196,537197,41367,1,5,3600,4136.8
495831,537201,537202,41370,1,5,3600,4137.1
495835,537222,537223,41387,1,5,3600,4138.8
495836,537227,537228,41391,1,5,3600,4139.2
495838,537235,537236,41397,1,5,3600,4139.8
495839,537240,537241,41401,1,5,3600,4140.2
495841,537245,537246,41404,1,5,3600,4140.5
495847,537287,537291,41440,4,5,3600,4144.4
495848,537256,537257,41408,1,5,3600,4140.9
495850,537261,537262,41411,1,5,3600,4141.2
495852,537266,537267,41414,1,5,3600,4141.5
495853,537277,537278,41424,1,5,3600,4142.5
495855,537282,537287,41427,5,5,3600,4143.2
495857,537295,537296,41438,1,5,3600,4143.9
495858,537311,537312,41453,1,5,3600,4145.4
495862,537306,537307,41444,1,5,3600,4144.5
495864,537316,537317,41452,1,5,3600,4145.3
495866,537382,537383,41516,1,5,3600,4151.7
495867,537387,537388,41520,1,5,3600,4152.1
495871,537327,537328,41456,1,5,3600,4145.7
495872,537332,537333,41460,1,5,3600,4146.1
495874,537337,537338,41463,1,5,3600,4146.4
495877,537350,537351,41473,1,5,3600,4147.4
495881,537361,537362,41480,1,5,3600,4148.1
495883,537366,537367,41483,1,5,3600,4148.4
495886,537377,537378,41491,1,5,3600,4149.2
495890,537398,537402,41508,4,5,3600,4151.2
495892,537403,537407,41511,4,5,3600,4151.5
495894,537416,537417,41522,1,5,3600,4152.3
495897,537427,537428,41530,1,5,3600,4153.1
495899,537432,537433,41533,1,5,3600,4153.4
495901,537443,537444,41542,1,5,3600,4154.3
495904,537448,537449,41544,1,5,3600,4154.5
495906,537453,537454,41547,1,5,3600,4154.8
495908,537471,537472,41563,1,5,3600,4156.4
495911,537464,537465,41553,1,5,3600,4155.4
495915,537482,537483,41567,1,5,3600,4156.8
495917,537487,537489,41570,2,5,3600,4157.2
495918,537492,537493,41574,1,5,3600,4157.5
495922,537503,537504,41581,1,5,3600,4158.2
495923,537537,537538,41614,1,5,3600,4161.5
495925,537579,537580,41654,1,5,3600,4165.5
495927,537508,537512,41581,4,5,3600,4158.5
495931,537519,537520,41588,1,5,3600,4158.9
495933,537524,537525,41591,1,5,3600,4159.2
495935,537531,537532,41596,1,5,3600,4159.7
495936,537542,537548,41606,6,5,3600,4161.2
495938,537547,537551,41609,4,5,3600,4161.3
495940,537553,537554,41613,1,5,3600,4161.4
495942,537558,537559,41616,1,5,3600,4161.7
495944,537563,537567,41619,4,5,3600,4162.3
495946,537568,537569,41622,1,5,3600,4162.3
495949,537584,537589,41635,5,5,3600,4164.0
495953,537603,537604,41650,1,5,3600,4165.1
495955,537608,537609,41653,1,5,3600,4165.4
495957,537613,537614,41656,1,5,3600,4165.7
495958,537640,537641,41682,1,5,3600,4168.3
495962,537624,537625,41662,1,5,3600,4166.3
495965,537629,537630,41664,1,5,3600,4166.5
495966,537634,537635,41668,1,5,3600,4166.9
495968,537645,537646,41677,1,5,3600,4167.8
495970,537650,537653,41680,3,5,3600,4168.3
495972,537656,537657,41684,1,5,3600,4168.5
495976,537669,537670,41693,1,5,3600,4169.4
495977,537674,537675,41697,1,5,3600,4169.8
495980,537679,537680,41699,1,5,3600,4170.0
495981,537685,537686,41704,1,5,3600,4170.5
495983,537777,539612,41794,1835,5,3600,23.7760217984
495985,537782,539598,41797,1816,5,3600,24.015969163
495987,537690,537691,41703,1,5,3600,4170.4
495989,537695,537696,41706,1,5,3600,4170.7
495992,537706,537707,41714,1,5,3600,4171.5
495994,537711,537712,41717,1,5,3600,4171.8
495996,537716,537717,41720,1,5,3600,4172.1
496000,537735,537736,41735,1,5,3600,4173.6
496002,537740,537741,41738,1,5,3600,4173.9
496004,537745,537746,41741,1,5,3600,4174.2
496006,537751,537752,41745,1,5,3600,4174.6
496008,537756,537757,41748,1,5,3600,4174.9
496010,537761,537762,41751,1,5,3600,4175.2
496011,537766,537767,41755,1,5,3600,4175.6
496013,537772,539526,41759,1754,5,3600,24.8078677309
496016,537788,539527,41772,1739,5,3600,25.0207015526
496018,537793,539455,41775,1662,5,3600,26.1353790614
496019,537798,539528,41779,1730,5,3600,25.1497109827
496023,537803,539528,41780,1725,5,3600,25.2202898551
496026,537811,539544,41785,1733,5,3600,25.1113675707
496028,537817,539526,41789,1709,5,3600,25.4523112932
496030,537822,539535,41792,1713,5,3600,25.39696439
496031,537827,539639,41796,1812,5,3600,24.0662251656
496033,537833,539529,41800,1696,5,3600,25.6462264151
496035,537838,539635,41803,1797,5,3600,24.2626599889
496037,537843,537863,41806,20,5,3600,2091.3
496041,537848,539529,41807,1681,5,3600,25.8703152885
496043,537880,537881,41837,1,5,3600,4183.8
496045,537898,537899,41853,1,5,3600,4185.4
496049,537923,537924,41874,1,5,3600,4187.5
496053,537946,537947,41893,1,5,3600,4189.4
496055,537958,537959,41903,1,5,3600,4190.4
496070,538155,538156,42085,1,5,3600,4208.6
496073,538054,538055,41981,1,5,3600,4198.2
496075,538066,538067,41991,1,5,3600,4199.2
496077,538078,538079,42001,1,5,3600,4200.2
496083,538116,538118,42033,2,5,3600,4203.5
496085,538167,538168,42082,1,5,3600,4208.3
496087,538179,538180,42092,1,5,3600,4209.3
496089,538192,538193,42103,1,5,3600,4210.4
496093,538204,538205,42111,1,5,3600,4211.2
496094,538211,538212,42117,1,5,3600,4211.8
496101,538239,538240,42138,1,5,3600,4213.9
496103,538246,538247,42143,1,5,3600,4214.4
496105,538253,538254,42148,1,5,3600,4214.9
496109,538266,538267,42157,1,5,3600,4215.8
496114,538287,538288,42173,1,5,3600,4217.4
496118,538294,538295,42176,1,5,3600,4217.7
496123,538308,538309,42185,1,5,3600,4218.6
496127,538357,538358,42230,1,5,3600,4223.1
496131,538322,538323,42191,1,5,3600,4219.2
496135,538336,538337,42201,1,5,3600,4220.2
496651,535695,535746,39044,51,2,1800,766.568627451
496651,535313,535364,38662,51,2,1800,759.078431373
496651,535250,535301,38599,51,2,1800,757.843137255
496651,535185,535238,38534,53,2,1800,728.056603774
496652,535503,535554,38851,51,2,1800,762.784313725
496652,535440,535491,38788,51,2,1800,761.549019608
496652,535376,535427,38724,51,2,1800,760.294117647
496652,536746,538577,40094,1831,2,1800,22.8973238667
496653,535631,535683,38978,52,2,1800,750.576923077
496653,535758,537586,39105,1828,2,1800,22.3922319475
496653,536892,538716,40239,1824,2,1800,23.0608552632
496653,535567,535619,38914,52,2,1800,749.346153846
496654,535973,537794,39319,1821,2,1800,22.5919824272
496654,536592,538397,39938,1805,2,1800,23.1263157895
496654,536741,538579,40087,1838,2,1800,22.8101196953
496654,536018,537830,39364,1812,2,1800,22.7240618102
496655,537128,538967,40473,1839,2,1800,23.0081566069
496655,538036,538037,41381,1,2,1800,4138.2
496655,538048,538049,41393,1,2,1800,4139.4
496656,537409,539222,40753,1813,2,1800,23.4782129068
496711,537590,539429,40879,1839,2,1800,23.2289287656
496711,537722,537723,41011,1,2,1800,4101.2
496712,537873,537874,41161,1,2,1800,4116.2
496712,537854,539676,41142,1822,2,1800,23.5806805708
496712,537859,537860,41147,1,2,1800,4114.8
496712,537866,537867,41154,1,2,1800,4115.5
496713,537904,537905,41191,1,2,1800,4119.2
496713,537892,537893,41179,1,2,1800,4118.0
496713,537885,537886,41172,1,2,1800,4117.3
496714,537928,537929,41214,1,2,1800,4121.5
496714,537916,537917,41202,1,2,1800,4120.3
496714,537940,537941,41226,1,2,1800,4122.7
496715,537964,537965,41249,1,2,1800,4125.0
496715,537952,537953,41237,1,2,1800,4123.8
496715,537976,537977,41261,1,2,1800,4126.2
496716,538024,538025,41308,1,2,1800,4130.9
496716,538012,538013,41296,1,2,1800,4129.7
496716,538000,538001,41284,1,2,1800,4128.5
496716,537988,537989,41272,1,2,1800,4127.3
496717,538060,538061,41343,1,2,1800,4134.4
501120,519448,526904,18328,7456,64,14400,3.45815450644
501123,526915,534367,25792,7452,64,14400,4.46108427268
501126,534379,536725,33253,2346,64,14400,15.1743393009
501129,536752,536758,35623,6,64,14400,3562.9
501133,536770,536771,35637,1,64,14400,3563.8
501137,536783,536784,35646,1,64,14400,3564.7
505913,506398,507025,485,627,1,3600,1.77352472089
505967,507175,507300,1208,125,1,1800,10.664
507446,507453,507574,7,121,1,1800,1.05785123967
508471,508484,508531,13,47,1,1800,1.27659574468
508641,508647,508709,6,62,1,1800,1.09677419355
508872,508882,508989,10,107,1,1800,1.09345794393
512809,536958,544165,24149,7207,4,7200,4.35077008464
513945,513952,537302,7,23350,1,86400,1.00029978587
516329,526166,526612,9837,446,2,3600,23.0560538117
527340,529575,529734,2235,159,1,3600,15.0566037736
529805,529816,530122,11,306,1,3600,1.03594771242
530470,530477,531321,7,844,1,3600,1.00829383886
531294,531331,531493,37,162,1,3600,1.22839506173
531672,531678,532028,6,350,1,3600,1.01714285714
532379,532386,533219,7,833,1,3600,1.00840336134
532606,533229,533337,623,108,1,3600,6.76851851852
533517,533524,533843,7,319,1,3600,1.02194357367
534255,534262,534870,7,608,1,3600,1.01151315789
534433,534880,534992,447,112,1,3600,4.99107142857
534567,535002,535116,435,114,1,1800,4.81578947368
535174,535515,535846,341,331,1,3600,2.03021148036
535250,535856,535858,606,2,1,1800,60.8
535854,535868,535896,14,28,1,3600,1.5
535894,535906,535907,12,1,1,1800,1.3
542736,542742,542870,6,128,16,90000,1.046875
542879,542885,632893,6,90008,16,90000,1.00006666074
546434,546440,549222,6,2782,1,86400,1.00215672178
548483,548489,591721,6,43232,13,43200,1.00013878608
552672,552678,567119,6,14441,2,14400,1.00041548369
553378,553384,560841,6,7457,64,14400,1.00080461312
553523,560852,568295,7329,7443,64,14400,1.98468359532
553538,568306,575770,14768,7464,64,14400,2.97856377278
555322,555328,557226,6,1898,1,86400,1.00316122234
555429,555435,558770,6,3335,4,72000,1.00179910045
556840,556846,556999,6,153,8,72000,1.03921568627
557191,557198,557231,7,33,1,86400,1.21212121212
557466,557472,557697,6,225,1,86400,1.02666666667
557865,557871,601118,6,43247,13,43200,1.00013873795
558945,575782,583228,16837,7446,64,14400,3.26121407467
559156,559163,560034,7,871,8,72000,1.00803673938
560033,560039,564062,6,4023,4,72000,1.00149142431
560037,560047,560558,10,511,1,86400,1.01956947162
560385,560391,562394,6,2003,4,72000,1.00299550674
560649,560655,561764,6,1109,1,86400,1.00541027953
561877,561883,561933,6,50,1,86400,1.12
562215,562222,562313,7,91,1,86400,1.07692307692
562381,562387,562466,6,79,1,86400,1.07594936709
562454,562460,562465,6,5,4,72000,1.1
562942,562948,579124,6,16176,4,72000,1.00037091988
563441,563448,565296,7,1848,1,86400,1.00378787879
564096,580041,592809,15945,12768,4,72000,2.24882518797
565058,565307,566079,249,772,1,86400,1.3225388601
565269,566090,575431,821,9341,1,86400,1.08789208864
565574,575442,575450,9868,8,1,86400,987.6
565800,575462,575605,9662,143,1,86400,68.5664335664
566101,575618,575619,9517,1,1,86400,951.8
566470,566476,580922,6,14446,1,14400,1.00041533989
567533,567539,574765,6,7226,7,7200,1.0008303349
573430,573437,573611,7,174,6,10559,1.04022988506
573449,573456,573656,7,200,6,10559,1.035
573480,573623,573836,143,213,6,10559,1.67136150235
573500,573668,574007,168,339,6,10559,1.49557522124
574992,575630,576005,638,375,1,86400,2.70133333333
576432,576438,578508,6,2070,1,3600,1.00289855072
579273,593722,597868,14449,4146,4,72000,4.4850458273
580285,580290,581672,5,1382,1,86400,1.00361794501
581796,581802,581886,6,84,1,86400,1.07142857143
581932,581938,583432,6,1494,1,86400,1.00401606426
583555,583561,665459,6,81898,1,86400,1.00007326186
583658,597880,597885,14222,5,1,86400,1422.7
591181,597886,630048,6705,32162,1,86400,1.20847584105
591323,597891,626529,6568,28638,1,86400,1.22934562469
591381,591387,591389,6,2,2,3540,1.0
591497,597896,614589,6399,16693,1,86400,1.38333433176
591569,597902,630022,6333,32120,1,86400,1.19716687422
597990,597996,599450,6,1454,4,7200,1.00412654746
599213,599219,600659,6,1440,4,7200,1.00416666667
599704,599711,600659,7,948,4,7200,1.00738396624
600755,600761,607980,6,7219,4,7200,1.00083114005
601567,601573,602487,6,914,4,7200,1.00656455142
602156,614601,666020,12445,51419,1,86400,1.2420311558
602444,602450,602456,6,6,4,7200,1.2
602485,626540,630616,24055,4076,1,86400,6.90161923454
602486,602492,604050,6,1558,4,7200,1.00385109114
603236,603242,613416,6,10174,64,14400,1.00058973855
604125,604131,609938,6,5807,4,7200,1.00103323575
