SubmitTime,StartTime,EndTime,QueuedTime,RunTime,NodesRequested,walltime,bslowdown
36,42,3357,6,3315,2,36000,1.00180995475
38,48,3360,10,3312,2,36000,1.00301932367
39,53,3386,14,3333,2,36000,1.00420042004
73,79,3333,6,3254,2,36000,1.00184388445
75,85,3179,10,3094,2,36000,1.00323206206
76,91,3220,15,3129,2,36000,1.00479386385
78,97,3394,19,3297,2,36000,1.00576281468
111,117,3344,6,3227,2,36000,1.00185931205
126,133,3241,7,3108,2,36000,1.00225225225
172,178,3569,6,3391,2,36000,1.00176938956
188,194,3509,6,3315,2,36000,1.00180995475
203,210,3154,7,2944,2,36000,1.00237771739
210,1871,5039,1661,3168,2,36000,1.52430555556
323,329,3707,6,3378,2,36000,1.00177619893
340,346,43582,6,43236,14,43200,1.00013877324
1226,1232,4499,6,3267,2,36000,1.00183654729
1338,1344,4618,6,3274,2,36000,1.00183262065
1367,1373,4681,6,3308,2,36000,1.00181378476
1499,1506,4757,7,3251,2,36000,1.00215318364
1501,1886,4917,385,3031,2,36000,1.12702078522
1531,2123,5266,592,3143,2,36000,1.18835507477
1547,1553,4737,6,3184,2,36000,1.00188442211
1563,2128,5004,565,2876,2,36000,1.19645340751
1694,2133,5417,439,3284,2,36000,1.13367844093
1734,2138,5292,404,3154,2,36000,1.12809131262
2225,2231,5439,6,3208,2,36000,1.00187032419
2406,2412,5627,6,3215,2,36000,1.00186625194
2413,2419,5616,6,3197,2,36000,1.00187675946
2443,2450,5671,7,3221,2,36000,1.00217323812
2445,2456,5548,11,3092,2,36000,1.00355756792
2471,2477,5431,6,2954,2,36000,1.00203114421
2489,2495,5736,6,3241,2,36000,1.00185128047
2490,2501,5504,11,3003,2,36000,1.00366300366
2523,2529,5476,6,2947,2,36000,1.00203596878
2539,2546,5772,7,3226,2,36000,1.00216986981
2572,2578,5563,6,2985,2,36000,1.00201005025
2588,2594,5425,6,2831,2,36000,1.00211939244
2590,2600,5589,10,2989,2,36000,1.00334560054
2607,2613,5943,6,3330,2,36000,1.0018018018
2608,2619,5662,11,3043,2,36000,1.00361485376
2627,2632,5770,5,3138,2,36000,1.00159337157
2628,2638,6046,10,3408,2,36000,1.0029342723
2658,2665,5524,7,2859,2,36000,1.00244840853
2701,2707,5720,6,3013,2,36000,1.00199137073
2730,2736,5966,6,3230,2,36000,1.00185758514
2737,2743,5931,6,3188,2,36000,1.00188205772
2753,2759,5890,6,3131,2,36000,1.00191632066
2755,2765,5841,10,3076,2,36000,1.00325097529
2771,2777,6028,6,3251,2,36000,1.00184558597
2777,2783,6101,6,3318,2,36000,1.00180831826
2794,2800,5997,6,3197,2,36000,1.00187675946
2795,2806,6082,11,3276,2,36000,1.00335775336
2797,2811,6047,14,3236,2,36000,1.0043263288
2798,2816,6057,18,3241,2,36000,1.00555384141
2817,2824,6107,7,3283,2,36000,1.00213219616
2818,2829,6100,11,3271,2,36000,1.00336288597
2820,2835,6007,15,3172,2,36000,1.00472887768
2827,2840,6016,13,3176,2,36000,1.00409319899
2851,2857,6034,6,3177,2,36000,1.00188857413
2852,2863,6124,11,3261,2,36000,1.00337319841
2868,4681,7868,1813,3187,2,36000,1.56887354879
2899,2905,6079,6,3174,2,36000,1.00189035917
2915,2921,6041,6,3120,2,36000,1.00192307692
2917,2927,6145,10,3218,2,36000,1.0031075202
2918,2932,6065,14,3133,2,36000,1.00446856049
2934,2940,6317,6,3377,2,36000,1.0017767249
2941,4692,7691,1751,2999,2,36000,1.5838612871
2957,2964,6088,7,3124,2,36000,1.00224071703
2959,2970,5946,11,2976,2,36000,1.00369623656
2960,2975,6169,15,3194,2,36000,1.00469630557
2962,2980,6235,18,3255,2,36000,1.00552995392
2978,2986,6203,8,3217,2,36000,1.00248678893
2993,3000,6273,7,3273,2,36000,1.00213871066
3027,3033,6103,6,3070,2,36000,1.00195439739
3048,3054,6284,6,3230,2,36000,1.00185758514
3063,3069,6254,6,3185,2,36000,1.00188383046
3084,3090,6319,6,3229,2,36000,1.00185816042
3142,3148,6514,6,3366,2,36000,1.00178253119
3143,3154,6328,11,3174,2,36000,1.00346565848
3165,3171,6409,6,3238,2,36000,1.00185299568
3181,3187,6429,6,3242,2,36000,1.00185070944
3187,3193,6494,6,3301,2,36000,1.00181763102
3203,3210,6507,7,3297,2,36000,1.00212314225
3205,3216,6227,11,3011,2,36000,1.00365327134
3229,3235,6432,6,3197,2,36000,1.00187675946
3250,4703,7979,1453,3276,2,36000,1.44352869353
3341,4711,8033,1370,3322,2,36000,1.41240216737
3357,4720,7656,1363,2936,2,36000,1.46423705722
3364,4727,7986,1363,3259,2,36000,1.41822644983
3382,4734,7697,1352,2963,2,36000,1.45629429632
3400,4740,8005,1340,3265,2,36000,1.41041347626
3402,4748,8020,1346,3272,2,36000,1.41136919315
3520,3526,6769,6,3243,2,36000,1.00185013876
3577,3583,6732,6,3149,2,36000,1.00190536678
3716,3723,7006,7,3283,2,36000,1.00213219616
4508,4758,7818,250,3060,2,36000,1.08169934641
4626,4633,7785,7,3152,2,36000,1.00222081218
4691,4697,8091,6,3394,2,36000,1.00176782557
4746,4752,7852,6,3100,2,36000,1.00193548387
4766,4772,7822,6,3050,2,36000,1.00196721311
4767,4778,8401,11,3623,2,36000,1.00303615788
4814,4820,8009,6,3189,2,36000,1.00188146754
4821,4908,8075,87,3167,2,36000,1.02747079255
4866,4872,7882,6,3010,2,36000,1.00199335548
4882,8503,11813,3621,3310,2,36000,2.09395770393
4883,8634,11842,3751,3208,2,36000,2.16926433915
4904,15841,19107,10937,3266,2,36000,4.34874464176
4920,4926,8314,6,3388,2,36000,1.00177095632
4927,30341,33220,25414,2879,2,36000,9.8273706148
4987,8594,11817,3607,3223,2,36000,2.11914365498
5011,33955,37048,28944,3093,2,36000,10.3579049467
5027,37464,40503,32437,3039,2,36000,11.6735768345
5048,5054,8311,6,3257,2,36000,1.00184218606
5049,8676,11722,3627,3046,2,36000,2.19074195666
5101,8714,11760,3613,3046,2,36000,2.18614576494
5137,8745,11768,3608,3023,2,36000,2.19351637446
5171,8797,12057,3626,3260,2,36000,2.11226993865
5173,8802,11978,3629,3176,2,36000,2.14263224181
5174,12413,15469,7239,3056,2,36000,3.36878272251
5176,16054,19284,10878,3230,2,36000,4.36780185759
5192,5198,8365,6,3167,2,36000,1.00189453742
5193,5204,8393,11,3189,2,36000,1.00344935717
5209,8834,11954,3625,3120,2,36000,2.16185897436
5216,12442,15665,7226,3223,2,36000,3.24201054918
5242,8878,12139,3636,3261,2,36000,2.11499540018
5243,12479,15599,7236,3120,2,36000,3.31923076923
5250,16094,19320,10844,3226,2,36000,4.3614383137
5274,5281,8492,7,3211,2,36000,1.00218000623
5276,5287,8519,11,3232,2,36000,1.00340346535
5278,8888,12172,3610,3284,2,36000,2.09926918392
5279,12499,15669,7220,3170,2,36000,3.27760252366
5281,30582,33612,25301,3030,2,36000,9.3501650165
5306,8930,12023,3624,3093,2,36000,2.17167798254
5323,12544,15684,7221,3140,2,36000,3.29968152866
5342,8954,12222,3612,3268,2,36000,2.10526315789
5343,12560,15776,7217,3216,2,36000,3.2440920398
5345,27087,30285,21742,3198,2,36000,7.79862414009
5367,8974,12104,3607,3130,2,36000,2.15239616613
5396,12643,15724,7247,3081,2,36000,3.35215839013
5404,5409,8569,5,3160,2,36000,1.00158227848
5426,5432,8622,6,3190,2,36000,1.00188087774
5427,5438,8634,11,3196,2,36000,1.00344180225
5429,5443,8427,14,2984,2,36000,1.00469168901
5436,5449,8751,13,3302,2,36000,1.00393700787
5454,5461,8574,7,3113,2,36000,1.00224863476
5456,9117,12278,3661,3161,2,36000,2.15817779184
5473,5479,8574,6,3095,2,36000,1.00193861066
5489,5495,8757,6,3262,2,36000,1.00183936235
5490,5501,8734,11,3233,2,36000,1.00340241262
5511,5517,8918,6,3401,2,36000,1.001764187
5532,5538,8777,6,3239,2,36000,1.00185242359
5556,5562,8780,6,3218,2,36000,1.00186451212
5572,5578,8664,6,3086,2,36000,1.00194426442
5601,5607,8943,6,3336,2,36000,1.00179856115
5625,5632,8758,7,3126,2,36000,1.00223928343
5641,5647,8867,6,3220,2,36000,1.00186335404
5671,5677,8703,6,3026,2,36000,1.0019828156
5678,5684,8888,6,3204,2,36000,1.00187265918
5732,5738,8756,6,3018,2,36000,1.00198807157
5748,5754,8750,6,2996,2,36000,1.00200267023
5778,5783,8823,5,3040,2,36000,1.00164473684
5779,5790,8869,11,3079,2,36000,1.0035725885
5850,5856,8963,6,3107,2,36000,1.00193112327
5898,5904,9262,6,3358,2,36000,1.00178677784
5940,5946,9223,6,3277,2,36000,1.00183094294
5958,5965,9265,7,3300,2,36000,1.00212121212
5960,5971,9152,11,3181,2,36000,1.00345803207
5977,5983,9049,6,3066,2,36000,1.00195694716
6007,6013,9270,6,3257,2,36000,1.00184218606
6014,6020,9326,6,3306,2,36000,1.00181488203
6032,6039,9307,7,3268,2,36000,1.00214198286
6034,6045,9391,11,3346,2,36000,1.00328750747
6060,6066,9314,6,3248,2,36000,1.00184729064
6061,6072,9244,11,3172,2,36000,1.00346784363
6063,6077,9182,14,3105,2,36000,1.00450885668
6065,6082,9256,17,3174,2,36000,1.00535601764
6066,6088,9475,22,3387,2,36000,1.00649542368
6085,6094,9280,9,3186,2,36000,1.00282485876
6087,6099,9233,12,3134,2,36000,1.00382897256
6089,6105,9341,16,3236,2,36000,1.00494437577
6105,6112,9264,7,3152,2,36000,1.00222081218
6107,6118,9247,11,3129,2,36000,1.00351550016
6108,6123,9105,15,2982,2,36000,1.00503018109
6110,6128,9412,18,3284,2,36000,1.00548112058
6126,6134,9477,8,3343,2,36000,1.00239306013
6133,6140,9269,7,3129,2,36000,1.00223713647
6153,6160,9455,7,3295,2,36000,1.00212443096
6178,6184,9389,6,3205,2,36000,1.00187207488
6211,6217,9240,6,3023,2,36000,1.00198478333
6235,6241,9377,6,3136,2,36000,1.00191326531
6242,6248,9405,6,3157,2,36000,1.00190053849
6264,6270,9533,6,3263,2,36000,1.00183879865
6286,6292,9423,6,3131,2,36000,1.00191632066
6292,6298,9572,6,3274,2,36000,1.00183262065
6328,6334,9452,6,3118,2,36000,1.00192431046
6329,6340,9574,11,3234,2,36000,1.00340136054
6345,6351,9408,6,3057,2,36000,1.00196270854
6421,6427,9696,6,3269,2,36000,1.00183542368
6436,6443,9410,7,2967,2,36000,1.00235928547
6438,6449,9775,11,3326,2,36000,1.00330727601
6504,20982,24271,14478,3289,2,36000,5.40194588021
6523,6529,9545,6,3016,2,36000,1.00198938992
6524,6535,9854,11,3319,2,36000,1.00331425128
6740,21271,24114,14531,2843,2,36000,6.11115019346
6776,6782,9992,6,3210,2,36000,1.00186915888
7013,14252,17375,7239,3123,2,36000,3.31796349664
7665,14930,18275,7265,3345,2,36000,3.17189835575
7703,18568,21770,10865,3202,2,36000,4.39319175515
7705,22172,25427,14467,3255,2,36000,5.444546851
7795,15012,18201,7217,3189,2,36000,3.26309187833
7830,11437,14535,3607,3098,2,36000,2.1642995481
7831,15046,18401,7215,3355,2,36000,3.15052160954
7860,15116,18299,7256,3183,2,36000,3.27961043041
7876,7882,11102,6,3220,2,36000,1.00186335404
7893,7899,10964,6,3065,2,36000,1.00195758564
7988,7994,10935,6,2941,2,36000,1.00204012241
7994,8000,11200,6,3200,2,36000,1.001875
8016,8022,11239,6,3217,2,36000,1.0018650917
8017,8028,11161,11,3133,2,36000,1.00351101181
8036,8042,11407,6,3365,2,36000,1.00178306092
8043,8049,11426,6,3377,2,36000,1.0017767249
8086,8092,11358,6,3266,2,36000,1.00183710961
8102,8108,11333,6,3225,2,36000,1.00186046512
8323,8329,11616,6,3287,2,36000,1.00182537268
8325,8335,11700,10,3365,2,36000,1.0029717682
8373,8379,11645,6,3266,2,36000,1.00183710961
8405,8411,11779,6,3368,2,36000,1.00178147268
8412,8418,11501,6,3083,2,36000,1.00194615634
8438,8444,11774,6,3330,2,36000,1.0018018018
8504,12115,15216,3611,3101,2,36000,2.16446307643
8532,8538,11846,6,3308,2,36000,1.00181378476
8582,8588,11709,6,3121,2,36000,1.00192246075
8584,8599,11577,15,2978,2,36000,1.00503693754
8585,12227,15461,3642,3234,2,36000,2.12615955473
8634,12282,15363,3648,3081,2,36000,2.18403115871
8651,8657,11850,6,3193,2,36000,1.00187911055
8674,15893,18966,7219,3073,2,36000,3.34917019199
8716,12327,15275,3611,2948,2,36000,2.22489823609
8744,12387,15463,3643,3076,2,36000,2.18433029909
8764,8769,11981,5,3212,2,36000,1.00155666252
8765,8775,12215,10,3440,2,36000,1.00290697674
8767,8780,12043,13,3263,2,36000,1.00398406375
8768,8785,12062,17,3277,2,36000,1.00518767165
8770,8790,11646,20,2856,2,36000,1.00700280112
8788,19655,22975,10867,3320,2,36000,4.27319277108
8789,30517,33693,21728,3176,2,36000,7.84130982368
8834,34176,37440,25342,3264,2,36000,8.76409313725
8882,34234,37554,25352,3320,2,36000,8.63614457831
8883,37516,40872,28633,3356,2,36000,9.53188319428
8900,8906,12270,6,3364,2,36000,1.00178359096
8926,30701,33643,21775,2942,2,36000,8.40142760027
8955,12581,15834,3626,3253,2,36000,2.11466338764
8972,34352,37514,25380,3162,2,36000,9.0265654649
9057,9063,12376,6,3313,2,36000,1.00181104739
9117,12735,15797,3618,3062,2,36000,2.18158066623
9161,9167,12430,6,3263,2,36000,1.00183879865
9195,9201,12143,6,2942,2,36000,1.00203942896
9232,9238,12163,6,2925,2,36000,1.00205128205
9254,9260,12493,6,3233,2,36000,1.00185586143
9256,9266,12461,10,3195,2,36000,1.00312989045
9258,9271,12625,13,3354,2,36000,1.00387596899
9259,9276,12569,17,3293,2,36000,1.00516246584
9281,9288,12451,7,3163,2,36000,1.00221308884
9283,9294,12299,11,3005,2,36000,1.00366056572
9284,9299,12543,15,3244,2,36000,1.00462392109
9286,9304,12287,18,2983,2,36000,1.00603419376
9287,9309,11963,22,2654,2,36000,1.00828937453
9289,9315,12412,26,3097,2,36000,1.00839522118
9290,9320,12686,30,3366,2,36000,1.00891265597
9321,9326,12488,5,3162,2,36000,1.00158127767
9322,9332,12401,10,3069,2,36000,1.00325839036
9338,9345,12316,7,2971,2,36000,1.00235610905
9357,9363,12096,6,2733,2,36000,1.00219538968
9384,9391,12491,7,3100,2,36000,1.00225806452
9401,9407,12543,6,3136,2,36000,1.00191326531
9403,9413,12594,10,3181,2,36000,1.00314366551
9419,9425,12502,6,3077,2,36000,1.00194995125
9421,9431,12587,10,3156,2,36000,1.00316856781
9422,9436,12449,14,3013,2,36000,1.0046465317
9424,9441,12724,17,3283,2,36000,1.00517819068
9440,9447,12742,7,3295,2,36000,1.00212443096
9461,9467,12681,6,3214,2,36000,1.00186683261
9463,9473,12337,10,2864,2,36000,1.00349162011
9484,9490,12532,6,3042,2,36000,1.00197238659
9485,9496,12625,11,3129,2,36000,1.00351550016
9545,9551,12492,6,2941,2,36000,1.00204012241
9552,9558,12935,6,3377,2,36000,1.0017767249
9579,9585,12937,6,3352,2,36000,1.00178997613
9581,9591,12793,10,3202,2,36000,1.00312304809
9708,9714,12871,6,3157,2,36000,1.00190053849
9784,9790,13023,6,3233,2,36000,1.00185586143
9860,9867,13105,7,3238,2,36000,1.00216182829
9999,10005,13390,6,3385,2,36000,1.00177252585
10944,10950,13930,6,2980,2,36000,1.00201342282
10971,10977,14024,6,3047,2,36000,1.00196914998
11110,11116,14418,6,3302,2,36000,1.00181708056
11171,11177,14241,6,3064,2,36000,1.00195822454
11211,11217,14651,6,3434,2,36000,1.00174723355
11251,11258,14582,7,3324,2,36000,1.00210589651
11341,11348,14433,7,3085,2,36000,1.00226904376
11365,11371,14558,6,3187,2,36000,1.00188264826
11414,11420,14728,6,3308,2,36000,1.00181378476
11435,18649,21773,7214,3124,2,36000,3.30921895006
11508,11514,14695,6,3181,2,36000,1.00188619931
11586,11592,14638,6,3046,2,36000,1.00196979645
11623,11629,14824,6,3195,2,36000,1.00187793427
11653,11659,14849,6,3190,2,36000,1.00188087774
11655,11665,14931,10,3266,2,36000,1.00306184936
11711,11717,14817,6,3100,2,36000,1.00193548387
11717,11723,15034,6,3311,2,36000,1.00181214135
11733,11740,14933,7,3193,2,36000,1.00219229565
11773,11778,14899,5,3121,2,36000,1.00160205062
11774,11784,14632,10,2848,2,36000,1.00351123596
11791,11797,14918,6,3121,2,36000,1.00192246075
11792,11803,15072,11,3269,2,36000,1.00336494341
11824,11830,14792,6,2962,2,36000,1.00202565834
11825,11836,14992,11,3156,2,36000,1.00348542459
11860,11866,15065,6,3199,2,36000,1.00187558612
11861,11872,14900,11,3028,2,36000,1.0036327609
11863,11877,15055,14,3178,2,36000,1.00440528634
11965,11971,15109,6,3138,2,36000,1.00191204589
11972,11978,15066,6,3088,2,36000,1.00194300518
11992,11998,15140,6,3142,2,36000,1.00190961171
11993,12004,15105,11,3101,2,36000,1.00354724282
12031,12037,15168,6,3131,2,36000,1.00191632066
12052,12058,15261,6,3203,2,36000,1.00187324383
12068,12074,15248,6,3174,2,36000,1.00189035917
12070,12080,15374,10,3294,2,36000,1.00303582271
12103,12109,14989,6,2880,2,36000,1.00208333333
12119,15735,18630,3616,2895,2,36000,2.24905008636
12146,12152,15453,6,3301,2,36000,1.00181763102
12153,12158,15527,5,3369,2,36000,1.00148411992
12174,12180,15426,6,3246,2,36000,1.00184842884
12181,12187,15055,6,2868,2,36000,1.00209205021
12223,12233,15545,10,3312,2,36000,1.00301932367
12230,37521,40698,25291,3177,2,36000,8.9606547057
12279,15898,18975,3619,3077,2,36000,2.17614559636
12286,12292,15525,6,3233,2,36000,1.00185586143
12302,12308,15353,6,3045,2,36000,1.00197044335
12308,12314,15489,6,3175,2,36000,1.00188976378
12324,30452,33558,18128,3106,2,36000,6.83644558918
12345,12351,15554,6,3203,2,36000,1.00187324383
12385,15995,19001,3610,3006,2,36000,2.20093147039
12409,37527,40625,25118,3098,2,36000,9.10781149128
12427,12433,15528,6,3095,2,36000,1.00193861066
12442,37532,40641,25090,3109,2,36000,9.07011900933
12461,12467,15582,6,3115,2,36000,1.00192616372
12463,12473,15677,10,3204,2,36000,1.00312109863
12470,37537,40669,25067,3132,2,36000,9.00351213282
12498,12505,15695,7,3190,2,36000,1.00219435737
12500,12511,15875,11,3364,2,36000,1.00326991677
12502,12516,15523,14,3007,2,36000,1.00465580313
12503,16114,19505,3611,3391,2,36000,2.06487761722
12523,12529,15817,6,3288,2,36000,1.00182481752
12547,12554,15869,7,3315,2,36000,1.00211161388
12549,37542,40548,24993,3006,2,36000,9.31437125749
12551,37547,40422,24996,2875,2,36000,9.69426086957
12581,37552,40515,24971,2963,2,36000,9.42760715491
12600,12605,15893,5,3288,2,36000,1.00152068127
12601,12611,15784,10,3173,2,36000,1.00315159155
12637,12648,15830,11,3182,2,36000,1.00345694532
12639,27155,30401,14516,3246,2,36000,5.471965496
12690,12696,15876,6,3180,2,36000,1.00188679245
12691,12702,16083,11,3381,2,36000,1.0032534753
12736,23654,27064,10918,3410,2,36000,4.20175953079
12752,12758,15977,6,3219,2,36000,1.0018639329
12800,12807,16043,7,3236,2,36000,1.0021631644
12880,12886,15797,6,2911,2,36000,1.00206114737
12944,12950,16257,6,3307,2,36000,1.00181433323
12945,12956,16103,11,3147,2,36000,1.00349539244
13031,13037,16290,6,3253,2,36000,1.00184445128
13114,13120,16301,6,3181,2,36000,1.00188619931
13401,13408,16610,7,3202,2,36000,1.00218613367
13938,13945,17332,7,3387,2,36000,1.00206672572
14032,14039,17167,7,3128,2,36000,1.00223785166
14250,17861,21009,3611,3148,2,36000,2.14707750953
14427,14433,17787,6,3354,2,36000,1.00178890877
14443,14449,17406,6,2957,2,36000,1.00202908353
14543,14549,17342,6,2793,2,36000,1.00214822771
14567,14573,17780,6,3207,2,36000,1.00187090739
14591,14597,17783,6,3186,2,36000,1.00188323917
14640,14646,17774,6,3128,2,36000,1.00191815857
14647,14652,17912,5,3260,2,36000,1.00153374233
14662,14669,17926,7,3257,2,36000,1.00214921707
14702,14708,18058,6,3350,2,36000,1.00179104478
14735,14741,17812,6,3071,2,36000,1.00195376099
14799,14805,18066,6,3261,2,36000,1.0018399264
14826,14832,17985,6,3153,2,36000,1.00190294957
14833,14839,18037,6,3198,2,36000,1.00187617261
14857,14863,17847,6,2984,2,36000,1.00201072386
14910,14916,18511,6,3595,2,36000,1.0016689847
14912,14922,18071,10,3149,2,36000,1.00317561131
14930,22177,25417,7247,3240,2,36000,3.23672839506
14947,14953,18102,6,3149,2,36000,1.00190536678
14949,14959,18167,10,3208,2,36000,1.00311720698
15000,15006,18108,6,3102,2,36000,1.00193423598
15002,22243,25412,7241,3169,2,36000,3.2849479331
15055,18663,21706,3608,3043,2,36000,2.18567203418
15074,15081,18298,7,3217,2,36000,1.00217594032
15076,15087,18087,11,3000,2,36000,1.00366666667
15078,15092,18391,14,3299,2,36000,1.00424371022
15079,15097,17915,18,2818,2,36000,1.00638750887
15081,15102,18307,21,3205,2,36000,1.00655226209
15117,15123,18462,6,3339,2,36000,1.00179694519
15118,18730,21914,3612,3184,2,36000,2.13442211055
15149,15155,18221,6,3066,2,36000,1.00195694716
15176,15182,18304,6,3122,2,36000,1.00192184497
15224,15230,18342,6,3112,2,36000,1.00192802057
15260,15271,18508,11,3237,2,36000,1.00339820822
15276,15282,18557,6,3275,2,36000,1.00183206107
15283,15288,18161,5,2873,2,36000,1.00174034111
15362,15368,18686,6,3318,2,36000,1.00180831826
15378,15384,18494,6,3110,2,36000,1.00192926045
15380,15390,18379,10,2989,2,36000,1.00334560054
15437,15443,18487,6,3044,2,36000,1.00197109067
15461,15468,18647,7,3179,2,36000,1.0022019503
15468,15474,18727,6,3253,2,36000,1.00184445128
15486,15492,18635,6,3143,2,36000,1.00190900414
15487,15498,18805,11,3307,2,36000,1.00332627759
15503,15510,18869,7,3359,2,36000,1.00208395356
15540,15546,18839,6,3293,2,36000,1.00182204677
15542,15552,18888,10,3336,2,36000,1.00299760192
15543,15557,18830,14,3273,2,36000,1.00427742133
15545,15562,18806,17,3244,2,36000,1.0052404439
15565,15571,18817,6,3246,2,36000,1.00184842884
15566,15577,18800,11,3223,2,36000,1.00341296928
15594,15600,18485,6,2885,2,36000,1.0020797227
15611,15617,18859,6,3242,2,36000,1.00185070944
15678,15684,18632,6,2948,2,36000,1.00203527815
15680,15690,18946,10,3256,2,36000,1.00307125307
15687,15696,18719,9,3023,2,36000,1.00297717499
15705,15711,18836,6,3125,2,36000,1.00192
15707,15717,18827,10,3110,2,36000,1.00321543408
15733,26656,29839,10923,3183,2,36000,4.43166823751
15786,15792,19076,6,3284,2,36000,1.00182704019
15793,15798,18897,5,3099,2,36000,1.00161342369
15809,15815,18900,6,3085,2,36000,1.00194489465
15810,15821,19094,11,3273,2,36000,1.00336083104
15826,15832,18974,6,3142,2,36000,1.00190961171
15842,15848,19035,6,3187,2,36000,1.00188264826
15844,37557,40750,21713,3193,2,36000,7.80018791106
15881,15887,19124,6,3237,2,36000,1.00185356812
15883,37562,40925,21679,3363,2,36000,7.44632768362
15884,37567,40592,21683,3025,2,36000,8.1679338843
15902,15908,19009,6,3101,2,36000,1.00193485972
15988,37572,40444,21584,2872,2,36000,8.51532033426
16053,37577,40623,21524,3046,2,36000,8.06631648063
16092,37582,40860,21490,3278,2,36000,7.55582672361
16113,37587,40651,21474,3064,2,36000,8.00848563969
16266,16272,19244,6,2972,2,36000,1.00201884253
16297,16303,19412,6,3109,2,36000,1.00192988099
16314,16320,19643,6,3323,2,36000,1.00180559735
16619,16625,19653,6,3028,2,36000,1.00198150594
16676,16682,16809,6,127,1,1800,1.04724409449
17139,17145,17259,6,114,1,1800,1.05263157895
17177,17183,20423,6,3240,2,36000,1.00185185185
17344,17350,20362,6,3012,2,36000,1.00199203187
17351,17356,20648,5,3292,2,36000,1.00151883354
17385,17391,20780,6,3389,2,36000,1.00177043376
17415,17421,20548,6,3127,2,36000,1.00191877199
17782,17788,20997,6,3209,2,36000,1.00186974135
17789,17795,20665,6,2870,2,36000,1.00209059233
17805,17811,20996,6,3185,2,36000,1.00188383046
17807,17817,20794,10,2977,2,36000,1.00335908633
17818,17825,20911,7,3086,2,36000,1.00226830849
17855,21492,24524,3637,3032,2,36000,2.19953825858
17916,17922,18406,6,484,1,1800,1.01239669421
17919,17928,21103,9,3175,2,36000,1.00283464567
17920,17933,20869,13,2936,2,36000,1.00442779292
17936,17942,21060,6,3118,2,36000,1.00192431046
17994,18000,21260,6,3260,2,36000,1.0018404908
18045,18051,21383,6,3332,2,36000,1.00180072029
18068,18075,21384,7,3309,2,36000,1.00211544273
18075,18081,21349,6,3268,2,36000,1.00183598531
18094,18100,21272,6,3172,2,36000,1.00189155107
18096,18106,21261,10,3155,2,36000,1.00316957211
18114,18120,21125,6,3005,2,36000,1.00199667221
18116,18126,21300,10,3174,2,36000,1.00315059861
18171,18178,21481,7,3303,2,36000,1.0021192855
18173,18184,20971,11,2787,2,36000,1.0039468963
18210,18216,21500,6,3284,2,36000,1.00182704019
18235,18241,21247,6,3006,2,36000,1.00199600798
18283,18289,21586,6,3297,2,36000,1.00181983621
18307,18314,21201,7,2887,2,36000,1.00242466228
18309,18320,21619,11,3299,2,36000,1.00333434374
18311,18325,21421,14,3096,2,36000,1.00452196382
18317,18331,21421,14,3090,2,36000,1.00453074434
18351,18357,21567,6,3210,2,36000,1.00186915888
18388,18394,21688,6,3294,2,36000,1.00182149362
18404,18410,21733,6,3323,2,36000,1.00180559735
18411,18417,21422,6,3005,2,36000,1.00199667221
18469,18475,21599,6,3124,2,36000,1.0019206146
18494,18500,21655,6,3155,2,36000,1.00190174326
18495,18506,21816,11,3310,2,36000,1.00332326284
18511,18517,21764,6,3247,2,36000,1.00184785956
18518,18524,21607,6,3083,2,36000,1.00194615634
18520,18530,21739,10,3209,2,36000,1.00311623559
18570,25796,29034,7226,3238,2,36000,3.23162445954
18637,18643,22017,6,3374,2,36000,1.00177830468
18639,18654,21794,15,3140,2,36000,1.00477707006
18640,37592,40977,18952,3385,2,36000,6.5988183161
18656,22276,25676,3620,3400,2,36000,2.06470588235
18698,18704,21945,6,3241,2,36000,1.00185128047
18731,22344,25785,3613,3441,2,36000,2.04998546934
18738,18744,22133,6,3389,2,36000,1.00177043376
18816,18822,21910,6,3088,2,36000,1.00194300518
18817,18828,21813,11,2985,2,36000,1.00368509213
18820,18833,22081,13,3248,2,36000,1.00400246305
18842,18847,22038,5,3191,2,36000,1.00156690693
18843,18853,22099,10,3246,2,36000,1.00308071473
18845,18858,22157,13,3299,2,36000,1.00394058806
18847,18863,22035,16,3172,2,36000,1.00504413619
18848,18869,22126,21,3257,2,36000,1.00644765121
18873,18879,22075,6,3196,2,36000,1.00187734668
18879,18885,22199,6,3314,2,36000,1.00181050091
18899,18906,22069,7,3163,2,36000,1.00221308884
18906,18912,22142,6,3230,2,36000,1.00185758514
18926,18932,22231,6,3299,2,36000,1.00181873295
18958,18965,22198,7,3233,2,36000,1.00216517167
18978,18984,22046,6,3062,2,36000,1.00195950359
18985,18992,22129,7,3137,2,36000,1.0022314313
18987,18998,22209,11,3211,2,36000,1.00342572407
19010,19016,21959,6,2943,2,36000,1.00203873598
19017,19023,22333,6,3310,2,36000,1.00181268882
19044,19050,22392,6,3342,2,36000,1.00179533214
19084,19090,22094,6,3004,2,36000,1.00199733688
19105,19111,22264,6,3153,2,36000,1.00190294957
19121,19127,22115,6,2988,2,36000,1.00200803213
19137,19143,22104,6,2961,2,36000,1.00202634245
19253,19260,22512,7,3252,2,36000,1.00215252153
19293,19299,22302,6,3003,2,36000,1.001998002
19330,19337,22637,7,3300,2,36000,1.00212121212
19425,19431,22810,6,3379,2,36000,1.00177567328
19518,19525,22885,7,3360,2,36000,1.00208333333
19654,37598,40499,17944,2901,2,36000,7.18545329197
19660,19667,22798,7,3131,2,36000,1.00223570744
19968,19974,20016,6,42,1,1800,1.14285714286
20184,20190,20255,6,65,1,1800,1.09230769231
20309,20315,20396,6,81,1,1800,1.07407407407
20369,20376,23579,7,3203,2,36000,1.00218545114
20431,20437,23642,6,3205,2,36000,1.00187207488
20557,20563,23782,6,3219,2,36000,1.0018639329
20597,20604,20683,7,79,1,1800,1.08860759494
20658,20664,23882,6,3218,2,36000,1.00186451212
20674,20680,23930,6,3250,2,36000,1.00184615385
20795,20801,23862,6,3061,2,36000,1.00196014374
20801,20807,24087,6,3280,2,36000,1.00182926829
20883,20890,24215,7,3325,2,36000,1.00210526316
20922,20928,24032,6,3104,2,36000,1.00193298969
20927,20934,21181,7,247,1,1800,1.02834008097
20978,24634,27958,3656,3324,2,36000,2.09987966306
21008,21014,24220,6,3206,2,36000,1.00187149095
21010,21020,24252,10,3232,2,36000,1.00309405941
21026,21032,24227,6,3195,2,36000,1.00187793427
21069,21075,24043,6,2968,2,36000,1.00202156334
21111,21117,24450,6,3333,2,36000,1.00180018002
21132,21139,24078,7,2939,2,36000,1.0023817625
21208,21214,24570,6,3356,2,36000,1.00178784267
21259,21265,24434,6,3169,2,36000,1.00189334175
21275,21281,24393,6,3112,2,36000,1.00192802057
21276,21287,24418,11,3131,2,36000,1.00351325455
21278,24905,28115,3627,3210,2,36000,2.12990654206
21309,21315,24623,6,3308,2,36000,1.00181378476
21357,21364,24631,7,3267,2,36000,1.00214263851
21395,21402,24529,7,3127,2,36000,1.00223856732
21397,21408,24809,11,3401,2,36000,1.00323434284
21433,21439,24541,6,3102,2,36000,1.00193423598
21435,21445,24672,10,3227,2,36000,1.00309885342
21437,21450,24698,13,3248,2,36000,1.00400246305
21493,25133,28494,3640,3361,2,36000,2.08301100863
21512,21518,24824,6,3306,2,36000,1.00181488203
21580,21586,24735,6,3149,2,36000,1.00190536678
21602,21608,24666,6,3058,2,36000,1.00196206671
21609,21615,24729,6,3114,2,36000,1.00192678227
21625,21630,21922,5,292,1,1800,1.01712328767
21628,21636,24982,8,3346,2,36000,1.00239091452
21629,21641,25046,12,3405,2,36000,1.00352422907
21663,21669,24624,6,2955,2,36000,1.00203045685
21697,21703,24729,6,3026,2,36000,1.0019828156
21718,21724,24981,6,3257,2,36000,1.00184218606
21742,21748,24849,6,3101,2,36000,1.00193485972
21749,21755,24976,6,3221,2,36000,1.00186277554
21776,21782,25043,6,3261,2,36000,1.0018399264
21777,21788,24659,11,2871,2,36000,1.00383141762
21779,21793,24909,14,3116,2,36000,1.00449293967
21803,21809,24894,6,3085,2,36000,1.00194489465
21825,21831,25157,6,3326,2,36000,1.00180396873
21827,21837,25025,10,3188,2,36000,1.00313676286
21919,21925,25132,6,3207,2,36000,1.00187090739
21920,21931,25156,11,3225,2,36000,1.00341085271
21954,21960,25065,6,3105,2,36000,1.00193236715
21970,21976,25140,6,3164,2,36000,1.00189633375
22025,22031,25327,6,3296,2,36000,1.00182038835
22047,22053,25282,6,3229,2,36000,1.00185816042
22048,22059,25303,11,3244,2,36000,1.00339087546
22055,22065,25286,10,3221,2,36000,1.00310462589
22086,22092,25145,6,3053,2,36000,1.00196528005
22088,22098,25339,10,3241,2,36000,1.00308546745
22089,22103,25387,14,3284,2,36000,1.00426309379
22111,22117,25123,6,3006,2,36000,1.00199600798
22113,22123,25411,10,3288,2,36000,1.00304136253
22115,22128,25301,13,3173,2,36000,1.00409706902
22138,22144,25420,6,3276,2,36000,1.00183150183
22140,22150,25404,10,3254,2,36000,1.00307314075
22142,22155,25460,13,3305,2,36000,1.00393343419
22144,22160,25539,16,3379,2,36000,1.00473512874
22166,25774,28824,3608,3050,2,36000,2.18295081967
22167,36658,39848,14491,3190,2,36000,5.54263322884
22215,22221,25485,6,3264,2,36000,1.00183823529
22216,22227,25122,11,2895,2,36000,1.00379965458
22218,22232,25146,14,2914,2,36000,1.00480439259
22244,37603,40620,15359,3017,2,36000,6.09081869407
22280,25911,28686,3631,2775,2,36000,2.30846846847
22309,22315,25583,6,3268,2,36000,1.00183598531
22340,37608,40808,15268,3200,2,36000,5.77125
22401,22407,25759,6,3352,2,36000,1.00178997613
22520,22527,25651,7,3124,2,36000,1.00224071703
22631,22637,22668,6,31,1,1800,1.1935483871
22649,22655,25900,6,3245,2,36000,1.00184899846
22809,22816,26075,7,3259,2,36000,1.00214789813
22827,22833,26110,6,3277,2,36000,1.00183094294
22895,22901,26048,6,3147,2,36000,1.00190657769
22976,22982,23047,6,65,1,1800,1.09230769231
22982,22988,26234,6,3246,2,36000,1.00184842884
23591,23597,26645,6,3048,2,36000,1.00196850394
23653,27274,30436,3621,3162,2,36000,2.14516129032
23795,23801,27084,6,3283,2,36000,1.00182759671
23810,23816,23935,6,119,1,1800,1.05042016807
23873,23879,27144,6,3265,2,36000,1.00183767228
23892,23898,27186,6,3288,2,36000,1.00182481752
23942,23948,27202,6,3254,2,36000,1.00184388445
24045,24052,27087,7,3035,2,36000,1.00230642504
24053,24059,27195,6,3136,2,36000,1.00191326531
24091,24097,27263,6,3166,2,36000,1.00189513582
24093,24103,27330,10,3227,2,36000,1.00309885342
24124,24130,27285,6,3155,2,36000,1.00190174326
24225,24231,27425,6,3194,2,36000,1.00187852223
24227,24237,27456,10,3219,2,36000,1.00310655483
24244,24251,27530,7,3279,2,36000,1.00213479719
24262,24268,27281,6,3013,2,36000,1.00199137073
24281,24287,27522,6,3235,2,36000,1.00185471406
24402,24408,27402,6,2994,2,36000,1.00200400802
24430,24436,27653,6,3217,2,36000,1.0018650917
24448,24454,27487,6,3033,2,36000,1.00197823937
24464,24470,27690,6,3220,2,36000,1.00186335404
24532,24538,27634,6,3096,2,36000,1.0019379845
24538,24544,27740,6,3196,2,36000,1.00187734668
24554,24560,27899,6,3339,2,36000,1.00179694519
24578,24584,27730,6,3146,2,36000,1.00190718373
24631,24640,27674,9,3034,2,36000,1.00296638102
24633,28241,31570,3608,3329,2,36000,2.08380895164
24639,24646,27636,7,2990,2,36000,1.00234113712
24667,24673,27620,6,2947,2,36000,1.00203596878
24674,24680,27874,6,3194,2,36000,1.00187852223
24690,24697,27804,7,3107,2,36000,1.00225297715
24706,24712,27838,6,3126,2,36000,1.0019193858
24737,24743,28111,6,3368,2,36000,1.00178147268
24739,24749,27897,10,3148,2,36000,1.00317662008
24741,24754,27816,13,3062,2,36000,1.00424559112
24817,24823,28143,6,3320,2,36000,1.00180722892
24833,24839,28171,6,3332,2,36000,1.00180072029
24857,24863,28075,6,3212,2,36000,1.00186799502
24903,28513,31697,3610,3184,2,36000,2.13379396985
24919,24925,28188,6,3263,2,36000,1.00183879865
24984,24990,28280,6,3290,2,36000,1.00182370821
24991,24997,28254,6,3257,2,36000,1.00184218606
24993,25003,28323,10,3320,2,36000,1.00301204819
25032,25039,28158,7,3119,2,36000,1.00224430907
25054,25061,28156,7,3095,2,36000,1.00226171244
25056,25067,28227,11,3160,2,36000,1.00348101266
25072,25078,28236,6,3158,2,36000,1.00189993667
25131,25139,28285,8,3146,2,36000,1.00254291163
25133,36056,39373,10923,3317,2,36000,4.29303587579
25150,25156,28510,6,3354,2,36000,1.00178890877
25152,25162,28203,10,3041,2,36000,1.00328839198
25153,25167,28534,14,3367,2,36000,1.00415800416
25155,25172,28475,17,3303,2,36000,1.00514683621
25171,25178,28478,7,3300,2,36000,1.00212121212
25173,25183,28475,10,3292,2,36000,1.00303766707
25295,25301,28374,6,3073,2,36000,1.00195248942
25297,25307,28532,10,3225,2,36000,1.00310077519
25317,25323,28501,6,3178,2,36000,1.00188797986
25319,25329,28578,10,3249,2,36000,1.00307787011
25339,25345,28523,6,3178,2,36000,1.00188797986
25346,25352,28447,6,3095,2,36000,1.00193861066
25404,25410,28389,6,2979,2,36000,1.00201409869
25411,25417,28796,6,3379,2,36000,1.00177567328
25428,25434,28791,6,3357,2,36000,1.0017873101
25429,25440,28325,11,2885,2,36000,1.00381282496
25431,25445,28463,14,3018,2,36000,1.00463883366
25432,25450,28693,18,3243,2,36000,1.00555041628
25434,25455,28614,21,3159,2,36000,1.00664767331
25468,25474,28684,6,3210,2,36000,1.00186915888
25497,25504,28561,7,3057,2,36000,1.00228982663
25546,25553,28942,7,3389,2,36000,1.00206550605
25592,25599,28647,7,3048,2,36000,1.00229658793
25660,25666,28642,6,2976,2,36000,1.00201612903
25685,25691,28466,6,2775,2,36000,1.00216216216
25768,29380,32613,3612,3233,2,36000,2.11722858027
25796,37613,40820,11817,3207,2,36000,4.68475210477
25912,37618,40760,11706,3142,2,36000,4.72565245067
26060,26066,29218,6,3152,2,36000,1.0019035533
26084,26091,29022,7,2931,2,36000,1.00238826339
26118,26124,29501,6,3377,2,36000,1.0017767249
26244,26250,29362,6,3112,2,36000,1.00192802057
26662,30296,33476,3634,3180,2,36000,2.1427672956
27081,37623,40393,10542,2770,2,36000,4.80577617329
27097,27103,30329,6,3226,2,36000,1.00185988841
27098,27109,30497,11,3388,2,36000,1.00324675325
27153,30767,34021,3614,3254,2,36000,2.11063306699
27198,27204,30227,6,3023,2,36000,1.00198478333
27205,27211,30423,6,3212,2,36000,1.00186799502
27221,27227,30163,6,2936,2,36000,1.00204359673
27275,30900,33968,3625,3068,2,36000,2.18155149935
27292,27298,30485,6,3187,2,36000,1.00188264826
27293,27304,30663,11,3359,2,36000,1.00327478416
27341,27347,30498,6,3151,2,36000,1.00190415741
27412,27418,30530,6,3112,2,36000,1.00192802057
27433,27439,30516,6,3077,2,36000,1.00194995125
27464,27470,30571,6,3101,2,36000,1.00193485972
27500,27506,30747,6,3241,2,36000,1.00185128047
27531,27537,30649,6,3112,2,36000,1.00192802057
27537,27543,30690,6,3147,2,36000,1.00190657769
27632,27638,30736,6,3098,2,36000,1.00193673338
27648,27654,30627,6,2973,2,36000,1.00201816347
27649,27660,30921,11,3261,2,36000,1.00337319841
27666,27672,31025,6,3353,2,36000,1.00178944229
27682,27688,30942,6,3254,2,36000,1.00184388445
27698,27704,30844,6,3140,2,36000,1.00191082803
27742,27748,30889,6,3141,2,36000,1.00191021968
27749,27754,30580,5,2826,2,36000,1.00176928521
27818,27824,31066,6,3242,2,36000,1.00185070944
27825,27831,31131,6,3300,2,36000,1.00181818182
27850,27856,30907,6,3051,2,36000,1.00196656834
27885,27891,31087,6,3196,2,36000,1.00187734668
27908,27915,31309,7,3394,2,36000,1.00206246317
27910,27921,31166,11,3245,2,36000,1.00338983051
27972,27978,31014,6,3036,2,36000,1.00197628458
28082,28088,31162,6,3074,2,36000,1.00195185426
28119,28125,31427,6,3302,2,36000,1.00181708056
28121,28131,31269,10,3138,2,36000,1.00318674315
28151,28157,31304,6,3147,2,36000,1.00190657769
28167,28173,31240,6,3067,2,36000,1.0019563091
28169,28179,31238,10,3059,2,36000,1.00326904217
28185,28191,31387,6,3196,2,36000,1.00187734668
28201,28207,31214,6,3007,2,36000,1.0019953442
28219,28225,31225,6,3000,2,36000,1.002
28235,31855,35064,3620,3209,2,36000,2.12807728264
28251,28257,31419,6,3162,2,36000,1.00189753321
28267,28273,31675,6,3402,2,36000,1.00176366843
28289,28295,31242,6,2947,2,36000,1.00203596878
28295,28301,31562,6,3261,2,36000,1.0018399264
28332,28339,31611,7,3272,2,36000,1.0021393643
28334,28345,31653,11,3308,2,36000,1.00332527207
28385,28392,31610,7,3218,2,36000,1.00217526414
28389,28398,28417,9,19,16,54000,1.47368421053
28397,28404,28421,7,17,16,43200,1.41176470588
28402,28410,31496,8,3086,2,36000,1.00259235256
28434,28440,43302,6,14862,16,54000,1.00040371417
28459,28465,31612,6,3147,2,36000,1.00190657769
28475,28481,31613,6,3132,2,36000,1.00191570881
28477,28487,31368,10,2881,2,36000,1.00347101701
28484,28493,31658,9,3165,2,36000,1.0028436019
28501,28507,31641,6,3134,2,36000,1.00191448628
28502,28518,31660,16,3142,2,36000,1.0050922979
28504,28523,31482,19,2959,2,36000,1.00642108821
28521,28529,31633,8,3104,2,36000,1.00257731959
28522,32141,35126,3619,2985,2,36000,2.21239530988
28538,28544,31761,6,3217,2,36000,1.0018650917
28540,28550,31745,10,3195,2,36000,1.00312989045
28542,28555,31693,13,3138,2,36000,1.00414276609
28569,28576,31789,7,3213,2,36000,1.00217864924
28585,28592,31844,7,3252,2,36000,1.00215252153
28622,28628,31753,6,3125,2,36000,1.00192
28650,28656,31853,6,3197,2,36000,1.00187675946
28657,28663,31898,6,3235,2,36000,1.00185471406
28697,28703,31949,6,3246,2,36000,1.00184842884
28698,28709,31892,11,3183,2,36000,1.00345585925
28700,28714,32130,14,3416,2,36000,1.00409836066
28799,28805,31875,6,3070,2,36000,1.00195439739
28805,28811,32089,6,3278,2,36000,1.00183038438
28833,28839,32054,6,3215,2,36000,1.00186625194
28949,28955,32065,6,3110,2,36000,1.00192926045
29036,29042,32032,6,2990,2,36000,1.00200668896
29043,29049,31970,6,2921,2,36000,1.00205409106
29229,29235,32323,6,3088,2,36000,1.00194300518
29374,36602,39698,7228,3096,2,36000,3.334625323
29508,29515,32722,7,3207,2,36000,1.00218272529
29847,29854,33135,7,3281,2,36000,1.00213349589
30175,30181,33420,6,3239,2,36000,1.00185242359
30239,30245,33332,6,3087,2,36000,1.0019436346
30294,33904,37292,3610,3388,2,36000,2.06552538371
30341,37628,40753,7287,3125,2,36000,3.33184
30409,30415,33710,6,3295,2,36000,1.00182094082
30430,30436,33756,6,3320,2,36000,1.00180722892
30446,34055,37201,3609,3146,2,36000,2.14717101081
30498,30504,33892,6,3388,2,36000,1.00177095632
30505,30511,33640,6,3129,2,36000,1.00191754554
30506,37633,40796,7127,3163,2,36000,3.25324059437
30528,30534,33638,6,3104,2,36000,1.00193298969
30544,30550,33912,6,3362,2,36000,1.00178465199
30583,37638,40801,7055,3163,2,36000,3.23047739488
30590,30596,33711,6,3115,2,36000,1.00192616372
30636,30642,33790,6,3148,2,36000,1.00190597205
30657,30664,33944,7,3280,2,36000,1.00213414634
30673,30680,33802,7,3122,2,36000,1.00224215247
30698,37643,40851,6945,3208,2,36000,3.16490024938
30744,30751,33915,7,3164,2,36000,1.00221238938
30761,34378,37431,3617,3053,2,36000,2.18473632493
30853,30859,34005,6,3146,2,36000,1.00190718373
30896,34508,37870,3612,3362,2,36000,2.0743604997
30917,30923,34044,6,3121,2,36000,1.00192246075
30933,30939,34028,6,3089,2,36000,1.00194237617
30954,30960,34165,6,3205,2,36000,1.00187207488
31026,31032,34092,6,3060,2,36000,1.00196078431
31033,31039,34269,6,3230,2,36000,1.00185758514
31083,31089,34222,6,3133,2,36000,1.00191509735
31103,31109,34276,6,3167,2,36000,1.00189453742
31145,31151,34250,6,3099,2,36000,1.00193610842
31175,31181,34394,6,3213,2,36000,1.00186741363
31177,31187,34493,10,3306,2,36000,1.00302480339
31226,31233,34446,7,3213,2,36000,1.00217864924
31233,31239,34367,6,3128,2,36000,1.00191815857
31252,31259,34573,7,3314,2,36000,1.00211225106
31254,31265,34534,11,3269,2,36000,1.00336494341
31256,31270,34558,14,3288,2,36000,1.00425790754
31277,31283,34615,6,3332,2,36000,1.00180072029
31317,31323,34416,6,3093,2,36000,1.00193986421
31318,31329,34089,11,2760,2,36000,1.00398550725
31377,31383,34341,6,2958,2,36000,1.00202839757
31399,31405,34672,6,3267,2,36000,1.00183654729
31432,31437,34707,5,3270,2,36000,1.00152905199
31433,31443,34635,10,3192,2,36000,1.00313283208
31494,31501,34619,7,3118,2,36000,1.00224502886
31510,31516,34853,6,3337,2,36000,1.00179802218
31571,31577,34997,6,3420,2,36000,1.00175438596
31578,31584,34816,6,3232,2,36000,1.00185643564
31621,31628,34765,7,3137,2,36000,1.0022314313
31623,31634,34703,11,3069,2,36000,1.00358422939
31624,31639,34943,15,3304,2,36000,1.00453995157
31626,31644,34962,18,3318,2,36000,1.00542495479
31642,31651,34912,9,3261,2,36000,1.0027598896
31649,31657,34762,8,3105,2,36000,1.00257648953
31666,31672,34851,6,3179,2,36000,1.00188738597
31667,31678,34906,11,3228,2,36000,1.00340768278
31669,31683,34757,14,3074,2,36000,1.00455432661
31686,31692,35049,6,3357,2,36000,1.0017873101
31702,31709,34711,7,3002,2,36000,1.00233177881
31704,31715,35031,11,3316,2,36000,1.0033172497
31758,31764,34973,6,3209,2,36000,1.00186974135
31759,31770,34777,11,3007,2,36000,1.00365813103
31780,31786,35147,6,3361,2,36000,1.00178518298
31799,31805,35135,6,3330,2,36000,1.0018018018
31858,31864,35273,6,3409,2,36000,1.00176004693
31860,37649,40751,5789,3102,2,36000,2.86621534494
31885,31891,34997,6,3106,2,36000,1.00193174501
31903,31909,35134,6,3225,2,36000,1.00186046512
31905,31915,35215,10,3300,2,36000,1.00303030303
31961,31968,35155,7,3187,2,36000,1.00219642297
31979,31985,35308,6,3323,2,36000,1.00180559735
32040,32047,35291,7,3244,2,36000,1.00215782984
32062,32068,35181,6,3113,2,36000,1.00192740122
32078,32084,35376,6,3292,2,36000,1.00182260024
32099,32105,34957,6,2852,2,36000,1.00210378682
32139,37654,40856,5515,3202,2,36000,2.72236102436
32335,32341,35534,6,3193,2,36000,1.00187911055
32621,32627,35981,6,3354,2,36000,1.00178890877
32731,32737,36045,6,3308,2,36000,1.00181378476
33144,33150,36217,6,3067,2,36000,1.0019563091
33232,33238,36534,6,3296,2,36000,1.00182038835
33339,33345,36590,6,3245,2,36000,1.00184899846
33428,33434,36647,6,3213,2,36000,1.00186741363
33486,33492,36761,6,3269,2,36000,1.00183542368
33566,33572,36905,6,3333,2,36000,1.00180018002
33619,33625,36833,6,3208,2,36000,1.00187032419
33651,33657,36544,6,2887,2,36000,1.00207828195
33653,33663,36742,10,3079,2,36000,1.00324780773
33654,33668,36958,14,3290,2,36000,1.00425531915
33705,33711,36964,6,3253,2,36000,1.00184445128
33730,33737,37078,7,3341,2,36000,1.00209518108
33732,33743,37007,11,3264,2,36000,1.00337009804
33769,33775,37101,6,3326,2,36000,1.00180396873
33803,33810,37110,7,3300,2,36000,1.00212121212
33810,33816,36939,6,3123,2,36000,1.00192122959
33900,37659,40890,3759,3231,2,36000,2.16341689879
33922,33928,37064,6,3136,2,36000,1.00191326531
33924,33934,37343,10,3409,2,36000,1.00293341156
33952,37664,40813,3712,3149,2,36000,2.17878691648
33976,33982,37144,6,3162,2,36000,1.00189753321
34013,34019,37301,6,3282,2,36000,1.00182815356
34029,34035,37220,6,3185,2,36000,1.00188383046
34036,34042,37173,6,3131,2,36000,1.00191632066
34053,37669,40940,3616,3271,2,36000,2.10547233262
34101,34107,37052,6,2945,2,36000,1.00203735144
34103,34113,37405,10,3292,2,36000,1.00303766707
34173,37674,40906,3501,3232,2,36000,2.08323019802
34231,37679,40875,3448,3196,2,36000,2.0788485607
34260,34266,37551,6,3285,2,36000,1.00182648402
34278,34284,37335,6,3051,2,36000,1.00196656834
34286,34292,37310,6,3018,2,36000,1.00198807157
34352,37684,40775,3332,3091,2,36000,2.07796829505
34376,37689,40783,3313,3094,2,36000,2.07078215902
34405,34411,37680,6,3269,2,36000,1.00183542368
34429,34436,37635,7,3199,2,36000,1.00218818381
34458,34464,37697,6,3233,2,36000,1.00185586143
34502,37694,40856,3192,3162,2,36000,2.00948766603
34543,34549,37392,6,2843,2,36000,1.00211044671
34567,34573,37595,6,3022,2,36000,1.00198544011
34583,34589,37738,6,3149,2,36000,1.00190536678
34623,34629,37770,6,3141,2,36000,1.00191021968
34630,34636,37907,6,3271,2,36000,1.00183430144
34646,34652,37731,6,3079,2,36000,1.00194868464
34680,34686,37698,6,3012,2,36000,1.00199203187
34711,34717,37807,6,3090,2,36000,1.00194174757
34712,34723,37823,11,3100,2,36000,1.0035483871
34719,34729,37976,10,3247,2,36000,1.00307976594
34766,34772,37954,6,3182,2,36000,1.00188560654
34773,34778,37880,5,3102,2,36000,1.00161186331
34774,34784,38036,10,3252,2,36000,1.00307503075
34790,34797,38054,7,3257,2,36000,1.00214921707
34824,34830,38079,6,3249,2,36000,1.00184672207
34863,34869,38184,6,3315,2,36000,1.00180995475
34865,34875,38199,10,3324,2,36000,1.00300842359
34916,34922,38140,6,3218,2,36000,1.00186451212
34922,34928,38297,6,3369,2,36000,1.0017809439
34958,34965,38055,7,3090,2,36000,1.00226537217
34965,34971,38358,6,3387,2,36000,1.00177147919
34989,34995,38106,6,3111,2,36000,1.00192864031
34991,35001,38173,10,3172,2,36000,1.00315258512
35008,35015,38201,7,3186,2,36000,1.00219711237
35010,35021,38044,11,3023,2,36000,1.00363876943
35058,35064,38071,6,3007,2,36000,1.0019953442
35059,35070,38269,11,3199,2,36000,1.00343857455
35082,35088,38317,6,3229,2,36000,1.00185816042
35135,35141,38091,6,2950,2,36000,1.00203389831
35142,35148,38079,6,2931,2,36000,1.00204708291
35143,35154,38312,11,3158,2,36000,1.00348321723
35160,35166,38472,6,3306,2,36000,1.00181488203
35162,35172,38293,10,3121,2,36000,1.00320410125
35190,35196,38339,6,3143,2,36000,1.00190900414
35224,35230,38372,6,3142,2,36000,1.00190961171
35282,35289,38494,7,3205,2,36000,1.00218408736
35298,35304,38561,6,3257,2,36000,1.00184218606
35319,35326,38519,7,3193,2,36000,1.00219229565
35384,35390,38477,6,3087,2,36000,1.0019436346
35546,35553,38985,7,3432,2,36000,1.00203962704
35990,35996,39316,6,3320,2,36000,1.00180722892
36054,37699,41089,1645,3390,2,36000,1.48525073746
36228,36234,39388,6,3154,2,36000,1.00190234623
36543,36549,39767,6,3218,2,36000,1.00186451212
36559,36565,39752,6,3187,2,36000,1.00188264826
36599,37704,40901,1105,3197,2,36000,1.34563653425
36654,37709,41011,1055,3302,2,36000,1.31950333131
36749,36755,39824,6,3069,2,36000,1.00195503421
36771,36777,40043,6,3266,2,36000,1.00183710961
36846,36852,40031,6,3179,2,36000,1.00188738597
36914,36921,40043,7,3122,2,36000,1.00224215247
36951,36957,40223,6,3266,2,36000,1.00183710961
36970,36976,40279,6,3303,2,36000,1.00181653043
36972,36982,40144,10,3162,2,36000,1.00316255534
37019,37025,40228,6,3203,2,36000,1.00187324383
37056,37062,40130,6,3068,2,36000,1.00195567145
37062,37068,40326,6,3258,2,36000,1.00184162063
37079,37085,40246,6,3161,2,36000,1.0018981335
37086,37092,40256,6,3164,2,36000,1.00189633375
37110,37117,40301,7,3184,2,36000,1.00219849246
37126,37133,40520,7,3387,2,36000,1.00206672572
37156,37162,40291,6,3129,2,36000,1.00191754554
37180,37187,40319,7,3132,2,36000,1.00223499361
37208,37214,40301,6,3087,2,36000,1.0019436346
37229,37235,40570,6,3335,2,36000,1.00179910045
37300,37306,40602,6,3296,2,36000,1.00182038835
37317,37323,40564,6,3241,2,36000,1.00185128047
37318,37329,40337,11,3008,2,36000,1.00365691489
37343,37349,40588,6,3239,2,36000,1.00185242359
37359,37365,40498,6,3133,2,36000,1.00191509735
37402,37408,40455,6,3047,2,36000,1.00196914998
37419,37426,40693,7,3267,2,36000,1.00214263851
37444,37450,40510,6,3060,2,36000,1.00196078431
37446,37456,40552,10,3096,2,36000,1.00322997416
37528,37534,40840,6,3306,2,36000,1.00181488203
37565,38094,41326,529,3232,2,36000,1.16367574257
37567,38099,41069,532,2970,2,36000,1.17912457912
37605,38104,41221,499,3117,2,36000,1.16008982996
37649,38109,41086,460,2977,2,36000,1.15451797111
37689,38114,41247,425,3133,2,36000,1.13565272901
37705,37712,40889,7,3177,2,36000,1.00220333648
37707,37718,40650,11,2932,2,36000,1.00375170532
37743,37749,41023,6,3274,2,36000,1.00183262065
37745,37755,41013,10,3258,2,36000,1.00306936771
37778,38119,41419,341,3300,2,36000,1.10333333333
37815,38124,41248,309,3124,2,36000,1.09891165173
37831,38129,41398,298,3269,2,36000,1.09115937596
37878,38134,40959,256,2825,2,36000,1.09061946903
37894,38139,41180,245,3041,2,36000,1.08056560342
37915,38144,41391,229,3247,2,36000,1.07052663998
37961,38149,41541,188,3392,2,36000,1.0554245283
37988,38155,41370,167,3215,2,36000,1.05194401244
38048,38491,41758,443,3267,2,36000,1.13559840833
38050,38496,41757,446,3261,2,36000,1.13676786262
38067,38501,41757,434,3256,2,36000,1.13329238329
38069,38506,41438,437,2932,2,36000,1.14904502046
38091,38511,41670,420,3159,2,36000,1.13295346629
38093,38516,41634,423,3118,2,36000,1.13566388711
38094,38522,41569,428,3047,2,36000,1.14046603216
38101,38434,41586,333,3152,2,36000,1.10564720812
38120,38439,41501,319,3062,2,36000,1.10418027433
38156,38444,41752,288,3308,2,36000,1.08706166868
38188,38449,41576,261,3127,2,36000,1.08346658139
38190,38454,41500,264,3046,2,36000,1.08667104399
38211,38217,41333,6,3116,2,36000,1.00192554557
38212,38459,41526,247,3067,2,36000,1.08053472449
38281,38287,41421,6,3134,2,36000,1.00191448628
38310,38316,41601,6,3285,2,36000,1.00182648402
38312,38322,41636,10,3314,2,36000,1.00301750151
38329,38335,41363,6,3028,2,36000,1.00198150594
38330,38341,41563,11,3222,2,36000,1.00341402855
38346,38353,41659,7,3306,2,36000,1.00211736237
38368,38374,41636,6,3262,2,36000,1.00183936235
38384,38390,41565,6,3175,2,36000,1.00188976378
38488,38505,41736,17,3231,2,36000,1.00526152894
38490,38496,41712,6,3216,2,36000,1.00186567164
38514,38531,41612,17,3081,2,36000,1.00551768906
38534,39327,41758,793,2431,2,36000,1.32620320856
38575,38581,41758,6,3177,2,36000,1.00188857413
38998,39004,41758,6,2754,2,36000,1.00217864924
39323,39385,41758,62,2373,2,36000,1.02612726507
39381,39859,41758,478,1899,2,36000,1.25171142707
39397,41313,41758,1916,445,2,36000,5.30561797753
39708,41319,41758,1611,439,2,36000,4.66970387244
39760,39766,41758,6,1992,2,36000,1.00301204819
39776,39782,41758,6,1976,2,36000,1.00303643725
39834,39840,41758,6,1918,2,36000,1.0031282586
39856,40054,41758,198,1704,2,36000,1.1161971831
40040,40046,41758,6,1712,2,36000,1.0035046729
40056,40062,41758,6,1696,2,36000,1.00353773585
40058,41327,41758,1269,431,2,36000,3.94431554524
40137,40144,41758,7,1614,2,36000,1.00433705081
40153,40159,41758,6,1599,2,36000,1.00375234522
40235,40242,41758,7,1516,2,36000,1.00461741425
40237,41334,41758,1097,424,2,36000,3.58726415094
40253,41341,41758,1088,417,2,36000,3.60911270983
40269,41348,41758,1079,410,2,36000,3.63170731707
40291,40297,41758,6,1461,2,36000,1.00410677618
40308,40313,41758,5,1445,2,36000,1.00346020761
40309,40319,41758,10,1439,2,36000,1.00694927033
40311,40324,41758,13,1434,2,36000,1.00906555091
40327,41355,41758,1028,403,2,36000,3.55086848635
40334,41362,41758,1028,396,2,36000,3.59595959596
40350,40356,41758,6,1402,2,36000,1.00427960057
40402,40408,41758,6,1350,2,36000,1.00444444444
40429,40435,41758,6,1323,2,36000,1.00453514739
40456,41369,41758,913,389,2,36000,3.3470437018
40463,41376,41758,913,382,2,36000,3.39005235602
40507,40513,41758,6,1245,2,36000,1.00481927711
40509,40519,41758,10,1239,2,36000,1.00807102502
40510,40524,41758,14,1234,2,36000,1.0113452188
40528,40535,41758,7,1223,2,36000,1.00572363042
40530,40541,41758,11,1217,2,36000,1.00903861956
40532,40546,41758,14,1212,2,36000,1.01155115512
40557,40563,41758,6,1195,2,36000,1.0050209205
40558,40569,41758,11,1189,2,36000,1.00925147183
40575,40582,41758,7,1176,2,36000,1.00595238095
40577,40588,41758,11,1170,2,36000,1.0094017094
40599,40605,41758,6,1153,2,36000,1.00520381613
40600,41383,41758,783,375,2,36000,3.088
40616,40622,41758,6,1136,2,36000,1.00528169014
40634,40640,41759,6,1119,2,36000,1.00536193029
40635,40646,41758,11,1112,2,36000,1.00989208633
40637,40651,41758,14,1107,2,36000,1.01264679313
40654,40660,41759,6,1099,2,36000,1.00545950864
40660,40666,41759,6,1093,2,36000,1.0054894785
40662,40672,41759,10,1087,2,36000,1.00919963201
40678,40684,41759,6,1075,2,36000,1.00558139535
40706,40712,41759,6,1047,2,36000,1.00573065903
40707,40718,41759,11,1041,2,36000,1.01056676273
40761,40767,41759,6,992,2,36000,1.0060483871
40763,40773,41759,10,986,2,36000,1.01014198783
40764,40778,41759,14,981,2,36000,1.01427115189
40771,41391,41759,620,368,2,36000,2.6847826087
40788,40794,41759,6,965,2,36000,1.00621761658
40789,40800,41759,11,959,2,36000,1.01147028154
40806,40811,41759,5,948,2,36000,1.0052742616
40807,40818,41759,11,941,2,36000,1.01168969182
40823,40830,41759,7,929,2,36000,1.00753498385
40825,40836,41759,11,923,2,36000,1.0119176598
40827,41398,41759,571,361,2,36000,2.58171745152
40848,40854,41759,6,905,2,36000,1.00662983425
40868,40874,41759,6,885,2,36000,1.00677966102
40870,40880,41759,10,879,2,36000,1.01137656428
40871,40885,41759,14,874,2,36000,1.01601830664
40873,40890,41759,17,869,2,36000,1.01956271577
40890,40896,41759,6,863,2,36000,1.00695249131
40891,40902,41759,11,857,2,36000,1.01283547258
40898,40908,41759,10,851,2,36000,1.01175088132
40915,40922,41759,7,837,2,36000,1.00836320191
40917,40928,41759,11,831,2,36000,1.01323706378
40918,41405,41759,487,354,2,36000,2.37570621469
40935,40942,41759,7,817,2,36000,1.00856793146
40952,40958,41759,6,801,2,36000,1.0074906367
40967,41022,41759,55,737,2,36000,1.07462686567
40984,40990,41759,6,769,2,36000,1.0078023407
41018,41028,41759,10,731,2,36000,1.01367989056
41020,41413,41759,393,346,2,36000,2.13583815029
41036,41042,41759,6,717,2,36000,1.00836820084
41076,41421,41759,345,338,2,36000,2.02071005917
41098,41104,41759,6,655,2,36000,1.00916030534
41100,41344,41759,244,415,2,36000,1.58795180723
41189,41432,41759,243,327,2,36000,1.74311926606
41229,41441,41759,212,318,2,36000,1.66666666667
41257,41449,41759,192,310,2,36000,1.61935483871
41258,41456,41759,198,303,2,36000,1.65346534653
41335,41470,41759,135,289,2,36000,1.46712802768
41342,41478,41759,136,281,2,36000,1.48398576512
41375,41381,41759,6,378,2,36000,1.01587301587
41377,41488,41764,111,276,2,36000,1.40217391304
41398,41494,41759,96,265,2,36000,1.36226415094
41415,41506,41759,91,253,2,36000,1.35968379447
41431,41437,41759,6,322,2,36000,1.01863354037
41433,41512,41759,79,247,2,36000,1.31983805668
41449,41518,41759,69,241,2,36000,1.28630705394
41573,41579,41759,6,180,2,36000,1.03333333333
41576,41585,41759,9,174,2,36000,1.05172413793
41610,41616,41759,6,143,2,36000,1.04195804196
41626,41632,41759,6,127,2,36000,1.04724409449
41644,41650,41759,6,109,2,36000,1.05504587156
41743,41749,41759,6,10,2,36000,1.6
41888,41894,45023,6,3129,2,36000,1.00191754554
41889,41900,45099,11,3199,2,36000,1.00343857455
41891,41905,44954,14,3049,2,36000,1.0045916694
41892,41910,45334,18,3424,2,36000,1.00525700935
41894,41915,45061,21,3146,2,36000,1.00667514304
41896,41921,45068,25,3147,2,36000,1.00794407372
41897,41926,45061,29,3135,2,36000,1.00925039872
41899,41931,45109,32,3178,2,36000,1.01006922593
41901,41936,45312,35,3376,2,36000,1.01036729858
41903,41941,45025,38,3084,2,36000,1.01232166018
41904,41946,45105,42,3159,2,36000,1.01329534663
41906,41952,45131,46,3179,2,36000,1.01446995911
41908,41957,45145,49,3188,2,36000,1.01537013802
41910,41962,45137,52,3175,2,36000,1.01637795276
41912,41967,45126,55,3159,2,36000,1.01741057297
41914,41972,45140,58,3168,2,36000,1.01830808081
41915,41978,45167,63,3189,2,36000,1.01975540922
41917,41983,45109,66,3126,2,36000,1.02111324376
41919,41988,45054,69,3066,2,36000,1.02250489237
41922,41994,45242,72,3248,2,36000,1.02216748768
41923,41999,45232,76,3233,2,36000,1.0235075781
41925,42004,45182,79,3178,2,36000,1.02485840151
41927,42009,45371,82,3362,2,36000,1.0243902439
41929,42014,45199,85,3185,2,36000,1.02668759812
41931,42019,45224,88,3205,2,36000,1.02745709828
41933,42025,45197,92,3172,2,36000,1.0290037831
41934,42030,45296,96,3266,2,36000,1.02939375383
41936,42035,45326,99,3291,2,36000,1.03008204193
41938,42040,45142,102,3102,2,36000,1.03288201161
41939,42045,45215,106,3170,2,36000,1.0334384858
41941,42050,45396,109,3346,2,36000,1.0325762104
41942,42055,45195,113,3140,2,36000,1.03598726115
41944,42061,45294,117,3233,2,36000,1.03618929787
41945,42066,45490,121,3424,2,36000,1.03533878505
41947,42071,45228,124,3157,2,36000,1.03927779538
41948,42076,45329,128,3253,2,36000,1.03934829388
41950,42081,45248,131,3167,2,36000,1.04136406694
41951,42086,45167,135,3081,2,36000,1.04381694255
41953,42092,45199,139,3107,2,36000,1.04473768909
41954,42097,45343,143,3246,2,36000,1.04405422058
41956,42102,45380,146,3278,2,36000,1.04453935326
41958,42107,45339,149,3232,2,36000,1.04610148515
41959,42113,45482,154,3369,2,36000,1.04571089344
41961,42118,45362,157,3244,2,36000,1.04839704069
41962,42123,45277,161,3154,2,36000,1.05104629042
41964,42128,45468,164,3340,2,36000,1.04910179641
41966,42134,45212,168,3078,2,36000,1.05458089669
41967,42139,45280,172,3141,2,36000,1.05475963069
41969,42144,45402,175,3258,2,36000,1.05371393493
41970,42149,45351,179,3202,2,36000,1.0559025609
41972,42154,45236,182,3082,2,36000,1.05905256327
41973,42159,45409,186,3250,2,36000,1.05723076923
41975,42164,45354,189,3190,2,36000,1.0592476489
41976,42170,45412,194,3242,2,36000,1.05983960518
41978,42175,45402,197,3227,2,36000,1.06104741246
41979,42180,45397,201,3217,2,36000,1.06248057196
41981,42185,45401,204,3216,2,36000,1.06343283582
41983,42190,45393,207,3203,2,36000,1.06462691227
41984,42195,45456,211,3261,2,36000,1.0647040785
41986,42201,45428,215,3227,2,36000,1.06662534862
41987,42206,45394,219,3188,2,36000,1.06869510665
41989,42211,45376,222,3165,2,36000,1.07014218009
41991,42216,45458,225,3242,2,36000,1.06940160395
41992,42221,45362,229,3141,2,36000,1.07290671761
41994,42226,45345,232,3119,2,36000,1.074382815
41995,42232,45392,237,3160,2,36000,1.075
41997,42237,45364,240,3127,2,36000,1.07675087944
41998,42303,45507,305,3204,2,36000,1.09519350811
42000,42308,45252,308,2944,2,36000,1.10461956522
42002,42313,45563,311,3250,2,36000,1.09569230769
42003,42318,45504,315,3186,2,36000,1.0988700565
42005,42323,45554,318,3231,2,36000,1.09842154132
42006,42329,45673,323,3344,2,36000,1.09659090909
42008,42334,45590,326,3256,2,36000,1.10012285012
42010,42339,45591,329,3252,2,36000,1.10116851169
42011,42344,45394,333,3050,2,36000,1.10918032787
42013,42349,45508,336,3159,2,36000,1.10636277303
42014,42355,45399,341,3044,2,36000,1.11202365309
42016,42360,45416,344,3056,2,36000,1.11256544503
42017,42365,45625,348,3260,2,36000,1.10674846626
42019,49860,53095,7841,3235,2,36000,3.42380216383
42021,49865,53036,7844,3171,2,36000,3.47366761274
42022,49870,53027,7848,3157,2,36000,3.48590433956
42024,49875,53154,7851,3279,2,36000,3.39432753888
42026,49880,53054,7854,3174,2,36000,3.47448015123
42028,49885,53069,7857,3184,2,36000,3.46765075377
42029,49890,53184,7861,3294,2,36000,3.38646023072
42031,49895,53118,7864,3223,2,36000,3.43996276761
42032,49900,53055,7868,3155,2,36000,3.49381933439
42034,49905,53032,7871,3127,2,36000,3.51710905021
42035,49910,53007,7875,3097,2,36000,3.54278333871
42037,49915,53121,7878,3206,2,36000,3.45726762321
42039,49920,53093,7881,3173,2,36000,3.4837693035
42040,49925,52921,7885,2996,2,36000,3.63184245661
42042,49930,53075,7888,3145,2,36000,3.50810810811
42043,49935,53173,7892,3238,2,36000,3.43730697962
42045,49940,53322,7895,3382,2,36000,3.33441750444
42047,49946,53140,7899,3194,2,36000,3.47307451472
42048,49951,53292,7903,3341,2,36000,3.36545944328
42050,49956,53182,7906,3226,2,36000,3.45071295722
42051,49961,53220,7910,3259,2,36000,3.42712488493
42053,49966,53274,7913,3308,2,36000,3.39207980653
42054,49971,53333,7917,3362,2,36000,3.35484830458
42056,49976,53159,7920,3183,2,36000,3.48821866164
42058,49981,53263,7923,3282,2,36000,3.41407678245
42059,49986,53175,7927,3189,2,36000,3.48573220445
42061,49991,53296,7930,3305,2,36000,3.39939485628
42062,49996,53094,7934,3098,2,36000,3.56100710136
42064,50001,53142,7937,3141,2,36000,3.52690226043
42066,50006,53075,7940,3069,2,36000,3.587161942
42067,50011,53211,7944,3200,2,36000,3.4825
42069,50016,53213,7947,3197,2,36000,3.48576790741
42070,50021,53033,7951,3012,2,36000,3.63977423639
42072,50026,53389,7954,3363,2,36000,3.36515016354
42074,50031,53175,7957,3144,2,36000,3.5308524173
42075,50036,53315,7961,3279,2,36000,3.42787435194
42077,50041,53323,7964,3282,2,36000,3.42656916514
42078,50046,53207,7968,3161,2,36000,3.52072129073
42080,50051,53251,7971,3200,2,36000,3.4909375
42082,50056,53224,7974,3168,2,36000,3.51704545455
43566,43572,45735,6,2163,16,54000,1.0027739251
44965,44971,47918,6,2947,2,36000,1.00203596878
45032,45038,48200,6,3162,2,36000,1.00189753321
45033,45044,48154,11,3110,2,36000,1.00353697749
45063,45069,48318,6,3249,2,36000,1.00184672207
45070,45076,48432,6,3356,2,36000,1.00178784267
45071,45082,48320,11,3238,2,36000,1.00339715874
45086,45092,48372,6,3280,2,36000,1.00182926829
45108,45114,48221,6,3107,2,36000,1.00193112327
45114,45120,48471,6,3351,2,36000,1.0017905103
45132,45138,48582,6,3444,2,36000,1.00174216028
45134,45144,48233,10,3089,2,36000,1.00323729362
45135,45149,48359,14,3210,2,36000,1.00436137072
45137,45154,48422,17,3268,2,36000,1.00520195838
45153,45160,48352,7,3192,2,36000,1.00219298246
45154,45165,48342,11,3177,2,36000,1.0034623859
45156,45171,48296,15,3125,2,36000,1.0048
45157,45176,48412,19,3236,2,36000,1.00587144623
45179,45185,48354,6,3169,2,36000,1.00189334175
45180,45191,48420,11,3229,2,36000,1.00340662744
45197,45203,48510,6,3307,2,36000,1.00181433323
45210,45216,48394,6,3178,2,36000,1.00188797986
45212,45222,48440,10,3218,2,36000,1.0031075202
45229,45235,48436,6,3201,2,36000,1.00187441425
45231,45241,48471,10,3230,2,36000,1.00309597523
45233,45246,48418,13,3172,2,36000,1.00409836066
45234,45251,48499,17,3248,2,36000,1.00523399015
45236,45256,48438,20,3182,2,36000,1.00628535512
45237,45264,48430,27,3166,2,36000,1.00852811118
45253,45269,48550,16,3281,2,36000,1.00487656202
45255,45274,48435,19,3161,2,36000,1.00601075609
45256,45279,48469,23,3190,2,36000,1.00721003135
45258,45285,48385,27,3100,2,36000,1.00870967742
45260,45290,48478,30,3188,2,36000,1.00941028858
45284,45296,48443,12,3147,2,36000,1.00381315539
45286,45301,48505,15,3204,2,36000,1.00468164794
45302,45308,48559,6,3251,2,36000,1.00184558597
45303,45314,48538,11,3224,2,36000,1.00341191067
45319,45325,48549,6,3224,2,36000,1.00186104218
45335,45342,48613,7,3271,2,36000,1.00214001834
45337,45348,48527,11,3179,2,36000,1.00346020761
45344,45354,48537,10,3183,2,36000,1.00314169023
45361,45367,48657,6,3290,2,36000,1.00182370821
45362,45373,48823,11,3450,2,36000,1.0031884058
45364,45378,48627,14,3249,2,36000,1.00430901816
45366,45383,48562,17,3179,2,36000,1.00534759358
45367,45388,48514,21,3126,2,36000,1.00671785029
45385,45394,48656,9,3262,2,36000,1.00275904353
45387,45399,48644,12,3245,2,36000,1.00369799692
45388,45405,48577,17,3172,2,36000,1.0053593947
45390,45411,48785,21,3374,2,36000,1.00622406639
45391,45416,48516,25,3100,2,36000,1.00806451613
45393,45421,48807,28,3386,2,36000,1.00826934436
45411,45427,48731,16,3304,2,36000,1.00484261501
45413,45433,48643,20,3210,2,36000,1.0062305296
45414,45438,48692,24,3254,2,36000,1.0073755378
45416,45443,48525,27,3082,2,36000,1.0087605451
45417,45448,48628,31,3180,2,36000,1.00974842767
45419,45453,48680,34,3227,2,36000,1.01053610164
45420,45458,48612,38,3154,2,36000,1.01204819277
45422,45465,48630,43,3165,2,36000,1.01358609795
45423,45471,48751,48,3280,2,36000,1.01463414634
45425,45476,48658,51,3182,2,36000,1.01602765556
45426,45481,48830,55,3349,2,36000,1.01642281278
45442,45486,48799,44,3313,2,36000,1.01328101419
45444,45492,48682,48,3190,2,36000,1.01504702194
45446,45497,48679,51,3182,2,36000,1.01602765556
45467,45503,48837,36,3334,2,36000,1.01079784043
45468,45508,48662,40,3154,2,36000,1.01268230818
45484,45514,48859,30,3345,2,36000,1.00896860987
45492,45519,48728,27,3209,2,36000,1.00841383609
45509,45525,48626,16,3101,2,36000,1.00515962593
45510,45530,48734,20,3204,2,36000,1.00624219725
45517,45535,48690,18,3155,2,36000,1.00570522979
45519,45540,48812,21,3272,2,36000,1.00641809291
45563,45569,48617,6,3048,2,36000,1.00196850394
45578,45584,48829,6,3245,2,36000,1.00184899846
45600,45606,48872,6,3266,2,36000,1.00183710961
45601,45612,48953,11,3341,2,36000,1.00329242742
45637,45643,49051,6,3408,2,36000,1.00176056338
45682,45688,49058,6,3370,2,36000,1.00178041543
45767,45773,45825,6,52,16,54000,1.11538461538
45812,45818,45822,6,4,16,54000,1.0
45837,45843,46347,6,504,16,54000,1.0119047619
46371,46377,59368,6,12991,16,54000,1.00046185821
47925,47931,51131,6,3200,2,36000,1.001875
48161,48167,51399,6,3232,2,36000,1.00185643564
48209,48216,51461,7,3245,2,36000,1.00215716487
48231,48237,51419,6,3182,2,36000,1.00188560654
48246,48252,51400,6,3148,2,36000,1.00190597205
48303,48309,51588,6,3279,2,36000,1.00182982617
48329,48336,51418,7,3082,2,36000,1.00227125243
48331,48342,51424,11,3082,2,36000,1.00356911097
48352,48358,51602,6,3244,2,36000,1.00184956843
48368,48374,51691,6,3317,2,36000,1.00180886343
48369,48380,51491,11,3111,2,36000,1.00353584057
48371,48385,51539,14,3154,2,36000,1.00443880786
48387,48393,51564,6,3171,2,36000,1.00189214759
48393,48399,51539,6,3140,2,36000,1.00191082803
48409,48415,51529,6,3114,2,36000,1.00192678227
48426,48432,51364,6,2932,2,36000,1.00204638472
48427,48438,51498,11,3060,2,36000,1.00359477124
48429,48443,51515,14,3072,2,36000,1.00455729167
48430,48448,51785,18,3337,2,36000,1.00539406653
48448,48454,51674,6,3220,2,36000,1.00186335404
48450,48460,51710,10,3250,2,36000,1.00307692308
48451,48465,51789,14,3324,2,36000,1.00421179302
48453,48470,51672,17,3202,2,36000,1.00530918176
48454,48475,51642,21,3167,2,36000,1.00663088096
48456,48481,51718,25,3237,2,36000,1.00772320049
48457,48486,51617,29,3131,2,36000,1.00926221654
48479,48492,51594,13,3102,2,36000,1.00419084462
48480,48497,51744,17,3247,2,36000,1.00523560209
48482,48502,51808,20,3306,2,36000,1.00604960678
48488,48508,51719,20,3211,2,36000,1.00622858922
48511,48516,51691,5,3175,2,36000,1.00157480315
48512,48522,51740,10,3218,2,36000,1.0031075202
48519,48528,51727,9,3199,2,36000,1.00281337918
48536,48543,51765,7,3222,2,36000,1.00217256363
48538,48549,51773,11,3224,2,36000,1.00341191067
48539,48554,51760,15,3206,2,36000,1.00467872739
48541,48559,51730,18,3171,2,36000,1.00567644276
48558,48565,51713,7,3148,2,36000,1.00222363405
48560,48570,51759,10,3189,2,36000,1.00313577924
48561,48576,51859,15,3283,2,36000,1.00456899178
48563,48581,51741,18,3160,2,36000,1.00569620253
48579,48587,51978,8,3391,2,36000,1.00235918608
48581,48592,51829,11,3237,2,36000,1.00339820822
48582,48598,51803,16,3205,2,36000,1.00499219969
48597,48604,51833,7,3229,2,36000,1.00216785382
48625,48631,51876,6,3245,2,36000,1.00184899846
48626,48636,51865,10,3229,2,36000,1.00309693404
48628,48642,51866,14,3224,2,36000,1.00434243176
48647,48653,51788,6,3135,2,36000,1.0019138756
48649,48659,51855,10,3196,2,36000,1.00312891114
48650,48664,51936,14,3272,2,36000,1.00427872861
48652,48669,51790,17,3121,2,36000,1.00544697212
48653,48676,51925,23,3249,2,36000,1.00707910126
48655,48682,52094,27,3412,2,36000,1.00791324736
48672,48687,51882,15,3195,2,36000,1.00469483568
48674,48692,51822,18,3130,2,36000,1.00575079872
48675,48698,51848,23,3150,2,36000,1.0073015873
48677,48704,52029,27,3325,2,36000,1.00812030075
48694,48709,51900,15,3191,2,36000,1.00470072078
48695,48714,52027,19,3313,2,36000,1.0057349834
48697,48720,51964,23,3244,2,36000,1.00709001233
48698,48726,51915,28,3189,2,36000,1.00878018188
48700,48732,51832,32,3100,2,36000,1.01032258065
48737,48744,51942,7,3198,2,36000,1.00218886804
48739,48750,51901,11,3151,2,36000,1.00349095525
48741,48755,52078,14,3323,2,36000,1.00421306049
48762,48768,52097,6,3329,2,36000,1.00180234305
48795,48801,51878,6,3077,2,36000,1.00194995125
48810,48817,52095,7,3278,2,36000,1.00213544844
48817,48823,52044,6,3221,2,36000,1.00186277554
48833,48839,52119,6,3280,2,36000,1.00182926829
48835,48845,52034,10,3189,2,36000,1.00313577924
48836,48850,52051,14,3201,2,36000,1.00437363324
48838,48855,52064,17,3209,2,36000,1.0052976005
48853,48861,52147,8,3286,2,36000,1.00243457091
48869,48875,52098,6,3223,2,36000,1.00186161961
48884,48890,52118,6,3228,2,36000,1.00185873606
48962,48969,52147,7,3178,2,36000,1.00220264317
49060,49066,52322,6,3256,2,36000,1.00184275184
49068,49074,52120,6,3046,2,36000,1.00196979645
51143,51150,54449,7,3299,2,36000,1.00212185511
51374,51380,54610,6,3230,2,36000,1.00185758514
51408,51414,54646,6,3232,2,36000,1.00185643564
51409,51420,54530,11,3110,2,36000,1.00353697749
51426,51432,54642,6,3210,2,36000,1.00186915888
51427,51438,54765,11,3327,2,36000,1.00330628194
51434,51444,54633,10,3189,2,36000,1.00313577924
51471,51477,54653,6,3176,2,36000,1.00188916877
51498,51504,54796,6,3292,2,36000,1.00182260024
51505,51510,54712,5,3202,2,36000,1.00156152405
51526,51532,54674,6,3142,2,36000,1.00190961171
51541,51548,54750,7,3202,2,36000,1.00218613367
51548,51554,54839,6,3285,2,36000,1.00182648402
51550,61666,64766,10116,3100,2,36000,4.26322580645
51576,51582,54829,6,3247,2,36000,1.00184785956
51597,51603,54789,6,3186,2,36000,1.00188323917
51604,51609,54973,5,3364,2,36000,1.0014863258
51619,51626,54818,7,3192,2,36000,1.00219298246
51626,61671,64860,10045,3189,2,36000,4.14989024773
51650,51656,54783,6,3127,2,36000,1.00191877199
51681,51687,54862,6,3175,2,36000,1.00188976378
51682,51693,54854,11,3161,2,36000,1.00347991142
51698,51704,55132,6,3428,2,36000,1.00175029172
51700,51710,54981,10,3271,2,36000,1.00305716906
51722,51728,55015,6,3287,2,36000,1.00182537268
51723,51734,54932,11,3198,2,36000,1.00343964978
51725,61676,64772,9951,3096,2,36000,4.21414728682
51726,61681,64826,9955,3145,2,36000,4.1653418124
51743,51749,54965,6,3216,2,36000,1.00186567164
51744,61687,64928,9943,3241,2,36000,4.06788028386
51746,61692,64912,9946,3220,2,36000,4.08881987578
51747,51755,54959,8,3204,2,36000,1.0024968789
51764,51770,55002,6,3232,2,36000,1.00185643564
51765,51775,54942,10,3167,2,36000,1.00315756236
51767,61697,65049,9930,3352,2,36000,3.96241050119
51783,51789,54922,6,3133,2,36000,1.00191509735
51784,61702,64890,9918,3188,2,36000,4.11104140527
51801,51807,55040,6,3233,2,36000,1.00185586143
51803,51813,54941,10,3128,2,36000,1.00319693095
51804,51818,55071,14,3253,2,36000,1.00430371964
51806,61707,64828,9901,3121,2,36000,4.17238064723
51822,51828,54956,6,3128,2,36000,1.00191815857
51823,61712,64943,9889,3231,2,36000,4.06066233364
51830,51836,54955,6,3119,2,36000,1.00192369349
51847,51853,54941,6,3088,2,36000,1.00194300518
51848,61717,64954,9869,3237,2,36000,4.04881062712
51850,61722,64838,9872,3116,2,36000,4.16816431322
51867,51873,55088,6,3215,2,36000,1.00186625194
51868,61727,64915,9859,3188,2,36000,4.09253450439
51870,61732,64898,9862,3166,2,36000,4.11497157296
51871,61737,64947,9866,3210,2,36000,4.07352024922
51873,61742,65016,9869,3274,2,36000,4.01435552841
51889,51895,55151,6,3256,2,36000,1.00184275184
51890,51901,55032,11,3131,2,36000,1.00351325455
51892,61747,64953,9855,3206,2,36000,4.0739238927
51907,61752,64957,9845,3205,2,36000,4.07176287051
51909,61757,64809,9848,3052,2,36000,4.22673656619
51925,61762,64919,9837,3157,2,36000,4.11593284764
51931,61767,64841,9836,3074,2,36000,4.19973975277
51948,51954,55387,6,3433,2,36000,1.0017477425
51949,61772,64906,9823,3134,2,36000,4.13433312061
51975,61777,64859,9802,3082,2,36000,4.18040233615
51990,51996,55187,6,3191,2,36000,1.00188028831
52036,61782,64969,9746,3187,2,36000,4.05804832131
52037,61787,65061,9750,3274,2,36000,3.97800855223
52044,61792,65003,9748,3211,2,36000,4.03581438804
52060,61797,65034,9737,3237,2,36000,4.00803212851
52061,61802,65053,9741,3251,2,36000,3.99630882805
52077,61807,65082,9730,3275,2,36000,3.97099236641
52093,61812,64880,9719,3068,2,36000,4.16786179922
52109,61817,64875,9708,3058,2,36000,4.17462393721
52110,61822,64965,9712,3143,2,36000,4.09004136176
52112,61828,64995,9716,3167,2,36000,4.06788759078
52113,61833,65043,9720,3210,2,36000,4.02803738318
52129,61838,64996,9709,3158,2,36000,4.07441418619
52130,61843,65005,9713,3162,2,36000,4.07179000633
52132,61848,65181,9716,3333,2,36000,3.91509150915
52156,61853,65006,9697,3153,2,36000,4.07548366635
52158,61858,65159,9700,3301,2,36000,3.93850348379
52333,61863,65130,9530,3267,2,36000,3.91704928069
52928,61868,65128,8940,3260,2,36000,3.74233128834
53019,61873,65099,8854,3226,2,36000,3.74457532548
53035,61878,65065,8843,3187,2,36000,3.77470975839
53042,61883,65051,8841,3168,2,36000,3.79071969697
53044,61888,65096,8844,3208,2,36000,3.75685785536
53062,61893,65096,8831,3203,2,36000,3.7571027162
53063,61898,65114,8835,3216,2,36000,3.74720149254
53065,61903,65141,8838,3238,2,36000,3.72946263125
53081,61908,65078,8827,3170,2,36000,3.78454258675
53083,61913,65124,8830,3211,2,36000,3.74992214263
53084,61918,65331,8834,3413,2,36000,3.58833870495
53101,61923,65318,8822,3395,2,36000,3.59852724595
53102,61928,65060,8826,3132,2,36000,3.81800766284
53104,61933,65103,8829,3170,2,36000,3.78517350158
53130,61938,65140,8808,3202,2,36000,3.75078076202
53131,61943,65195,8812,3252,2,36000,3.70971709717
53147,61948,65169,8801,3221,2,36000,3.73238124806
53148,61953,65101,8805,3148,2,36000,3.79701397713
53165,61958,65203,8793,3245,2,36000,3.70970724191
53166,61963,65136,8797,3173,2,36000,3.77245508982
53183,61969,65212,8786,3243,2,36000,3.70921985816
53184,61974,65247,8790,3273,2,36000,3.68560953254
53186,61979,65132,8793,3153,2,36000,3.78877259753
53192,61984,65163,8792,3179,2,36000,3.76564957534
53208,61989,65191,8781,3202,2,36000,3.74234853217
53215,61994,65081,8779,3087,2,36000,3.84386135407
53231,61999,65242,8768,3243,2,36000,3.70366944187
53233,62004,65295,8771,3291,2,36000,3.66514737162
53235,62009,65197,8774,3188,2,36000,3.752195734
53236,62014,65174,8778,3160,2,36000,3.77784810127
53260,62019,65173,8759,3154,2,36000,3.77710843373
53276,62024,65208,8748,3184,2,36000,3.74748743719
53283,62029,65243,8746,3214,2,36000,3.72121966397
53304,62034,65260,8730,3226,2,36000,3.70613763174
53305,62039,65197,8734,3158,2,36000,3.76567447752
53327,62044,65275,8717,3231,2,36000,3.69792633859
53328,62049,65184,8721,3135,2,36000,3.78181818182
53329,62054,65188,8725,3134,2,36000,3.78398213146
53345,62059,65335,8714,3276,2,36000,3.65995115995
53396,62064,65200,8668,3136,2,36000,3.76403061224
54457,61944,65148,7487,3204,2,36000,3.33676654182
54538,61995,65167,7457,3172,2,36000,3.35088272383
54617,62000,65083,7383,3083,2,36000,3.39474537788
54640,62005,65216,7365,3211,2,36000,3.29367798194
54656,62010,65287,7354,3277,2,36000,3.24412572475
54658,62015,65310,7357,3295,2,36000,3.23277693475
54659,62021,65213,7362,3192,2,36000,3.30639097744
54683,62026,65235,7343,3209,2,36000,3.28825179184
54719,62031,65111,7312,3080,2,36000,3.37402597403
54758,62036,65319,7278,3283,2,36000,3.21687480963
54773,62041,65337,7268,3296,2,36000,3.20509708738
54794,62047,65257,7253,3210,2,36000,3.25950155763
54796,62069,65291,7273,3222,2,36000,3.25729360646
54811,62074,65266,7263,3192,2,36000,3.27537593985
54826,62079,65321,7253,3242,2,36000,3.23719925972
54842,62084,65160,7242,3076,2,36000,3.35435630689
54848,62089,65225,7241,3136,2,36000,3.30899234694
54864,62094,65254,7230,3160,2,36000,3.28797468354
54871,62099,65329,7228,3230,2,36000,3.23777089783
54928,62152,65330,7224,3178,2,36000,3.2731277533
54944,62157,65398,7213,3241,2,36000,3.22554767047
54951,62162,65361,7211,3199,2,36000,3.25414191935
54952,62167,65318,7215,3151,2,36000,3.28974928594
54954,62172,65565,7218,3393,2,36000,3.12732095491
54970,62177,65401,7207,3224,2,36000,3.23542183623
54971,62182,65422,7211,3240,2,36000,3.22561728395
54973,62187,65315,7214,3128,2,36000,3.30626598465
54974,62192,65344,7218,3152,2,36000,3.28997461929
54990,62198,65466,7208,3268,2,36000,3.20563035496
54991,62203,65345,7212,3142,2,36000,3.29535327817
55012,62208,65400,7196,3192,2,36000,3.25438596491
55028,62213,65432,7185,3219,2,36000,3.23205964585
55044,62218,65358,7174,3140,2,36000,3.2847133758
55051,62223,65427,7172,3204,2,36000,3.23845193508
55078,62228,65431,7150,3203,2,36000,3.2322822354
55098,62233,65422,7135,3189,2,36000,3.23737848855
55140,62238,65460,7098,3222,2,36000,3.20297951583
55161,62243,65445,7082,3202,2,36000,3.21174266084
55194,62248,65404,7054,3156,2,36000,3.23510773131
55395,62253,65682,6858,3429,2,36000,3.0
59669,59676,64390,7,4714,16,54000,1.00148493848
62995,63001,63004,6,3,17,1800,1.0
64776,66409,69454,1633,3045,2,36000,1.53628899836
64778,66414,69595,1636,3181,2,36000,1.51430367809
64817,66419,69607,1602,3188,2,36000,1.50250941029
64833,66424,69671,1591,3247,2,36000,1.4899907607
64834,66429,69639,1595,3210,2,36000,1.4968847352
64850,66434,69633,1584,3199,2,36000,1.49515473585
64851,66439,69628,1588,3189,2,36000,1.49796174349
64859,64865,84357,6,19492,4,86400,1.00030781859
64868,66444,69639,1576,3195,2,36000,1.49327073552
64869,66449,69645,1580,3196,2,36000,1.49436795995
64885,66454,69766,1569,3312,2,36000,1.47373188406
64886,66459,69568,1573,3109,2,36000,1.50595046639
64903,66464,69640,1561,3176,2,36000,1.49149874055
64904,66469,69698,1565,3229,2,36000,1.48467017653
64904,64910,80810,6,15900,4,50400,1.00037735849
64921,66474,69527,1553,3053,2,36000,1.5086799869
64922,66479,69647,1557,3168,2,36000,1.49147727273
64924,66484,69765,1560,3281,2,36000,1.47546479732
64925,66489,69691,1564,3202,2,36000,1.48844472205
64941,66494,69712,1553,3218,2,36000,1.48259788689
64958,66499,69868,1541,3369,2,36000,1.45740575839
64959,66504,69781,1545,3277,2,36000,1.47146780592
64961,66509,69849,1548,3340,2,36000,1.46347305389
64962,66514,69766,1552,3252,2,36000,1.47724477245
64964,66519,69870,1555,3351,2,36000,1.4640405849
64979,66524,69730,1545,3206,2,36000,1.48190892077
64981,66529,69724,1548,3195,2,36000,1.48450704225
65008,66534,69744,1526,3210,2,36000,1.4753894081
65010,66539,69685,1529,3146,2,36000,1.48601398601
65012,66544,69577,1532,3033,2,36000,1.5051104517
65013,66549,69852,1536,3303,2,36000,1.46503178928
65015,66554,69866,1539,3312,2,36000,1.46467391304
65030,66559,69834,1529,3275,2,36000,1.46687022901
65046,66564,69711,1518,3147,2,36000,1.48236415634
65053,66570,69724,1517,3154,2,36000,1.48097653773
65070,66575,69788,1505,3213,2,36000,1.46840958606
65072,66580,69732,1508,3152,2,36000,1.47842639594
65073,66585,70018,1512,3433,2,36000,1.44043110982
65075,66590,69987,1515,3397,2,36000,1.4459817486
65077,66595,69800,1518,3205,2,36000,1.4736349454
65078,66600,69741,1522,3141,2,36000,1.48455905762
65095,66539,69782,1444,3243,2,36000,1.44526672834
65096,66605,69828,1509,3223,2,36000,1.46819733168
65098,66610,69829,1512,3219,2,36000,1.4697110904
65099,66615,69760,1516,3145,2,36000,1.48203497615
65117,66544,69822,1427,3278,2,36000,1.43532641855
65118,66620,69960,1502,3340,2,36000,1.4497005988
65120,66625,69922,1505,3297,2,36000,1.45647558386
65121,66630,69793,1509,3163,2,36000,1.47707872273
65123,66635,69911,1512,3276,2,36000,1.46153846154
65124,66640,69797,1516,3157,2,36000,1.48020272411
65126,66645,69824,1519,3179,2,36000,1.47782321485
65142,66650,69888,1508,3238,2,36000,1.46571957999
65145,66655,69895,1510,3240,2,36000,1.46604938272
65147,66660,69952,1513,3292,2,36000,1.45959902795
65148,66665,69686,1517,3021,2,36000,1.50215160543
65150,66670,70088,1520,3418,2,36000,1.44470450556
65151,66675,69847,1524,3172,2,36000,1.48045397226
65153,66680,70008,1527,3328,2,36000,1.45883413462
65176,66610,69801,1434,3191,2,36000,1.4493889063
65178,66615,69943,1437,3328,2,36000,1.43179086538
65179,66620,69781,1441,3161,2,36000,1.45586839608
65181,66685,69907,1504,3222,2,36000,1.46679081316
65182,66690,69936,1508,3246,2,36000,1.46457178065
65184,66695,69952,1511,3257,2,36000,1.46392385631
65185,66700,69923,1515,3223,2,36000,1.47005895129
65187,66705,69867,1518,3162,2,36000,1.48007590133
65207,66710,69952,1503,3242,2,36000,1.46360271437
65209,66715,69906,1506,3191,2,36000,1.47195236603
65210,66720,69732,1510,3012,2,36000,1.50132802125
65212,66725,69939,1513,3214,2,36000,1.47075295582
65213,66731,69945,1518,3214,2,36000,1.47230864966
65215,66736,69900,1521,3164,2,36000,1.48072060683
65216,66741,69838,1525,3097,2,36000,1.49241201162
65218,66746,70030,1528,3284,2,36000,1.4652862363
65219,66687,69893,1468,3206,2,36000,1.45789145352
65236,66692,69908,1456,3216,2,36000,1.45273631841
65237,66697,69932,1460,3235,2,36000,1.4513137558
65239,66751,69975,1512,3224,2,36000,1.46898263027
65240,66756,69945,1516,3189,2,36000,1.47538413296
65242,66702,69989,1460,3287,2,36000,1.44417401886
65243,66761,69933,1518,3172,2,36000,1.47856242119
65261,66708,69930,1447,3222,2,36000,1.44909993793
65262,66713,70040,1451,3327,2,36000,1.43612864442
65264,66766,69924,1502,3158,2,36000,1.47561747942
65266,66771,69920,1505,3149,2,36000,1.47792950143
65267,66776,70065,1509,3289,2,36000,1.4588020675
65269,66781,69950,1512,3169,2,36000,1.47712212054
65285,66786,69995,1501,3209,2,36000,1.46774696167
65286,66791,70061,1505,3270,2,36000,1.46024464832
65302,66796,70098,1494,3302,2,36000,1.45245305875
65304,66801,70188,1497,3387,2,36000,1.44198405669
65305,66806,70042,1501,3236,2,36000,1.46384425216
65323,66811,70058,1488,3247,2,36000,1.45826917154
65324,66816,70032,1492,3216,2,36000,1.46393034826
65326,66821,70167,1495,3346,2,36000,1.44680215182
65328,66826,70141,1498,3315,2,36000,1.45188536953
65329,66831,70249,1502,3418,2,36000,1.43943826799
65331,66836,70074,1505,3238,2,36000,1.46479308215
65348,66841,69926,1493,3085,2,36000,1.48395461912
65350,66846,70032,1496,3186,2,36000,1.46955430006
65351,66851,70031,1500,3180,2,36000,1.47169811321
65353,66856,70078,1503,3222,2,36000,1.46648044693
65354,66861,70031,1507,3170,2,36000,1.47539432177
65356,66866,70051,1510,3185,2,36000,1.47409733124
65357,66871,69834,1514,2963,2,36000,1.51096861289
65372,66876,70069,1504,3193,2,36000,1.47103037895
65374,66881,70127,1507,3246,2,36000,1.46426370918
65408,66886,70020,1478,3134,2,36000,1.47160178685
65409,66892,70047,1483,3155,2,36000,1.47004754358
65411,66897,70243,1486,3346,2,36000,1.44411237298
65412,66902,70113,1490,3211,2,36000,1.46402989723
65434,66907,70123,1473,3216,2,36000,1.45802238806
65435,66912,70125,1477,3213,2,36000,1.45969498911
65437,66917,70175,1480,3258,2,36000,1.45426642112
65438,66922,70087,1484,3165,2,36000,1.46887835703
65440,66927,70178,1487,3251,2,36000,1.45739772378
65455,66932,70077,1477,3145,2,36000,1.46963434022
65471,66937,70126,1466,3189,2,36000,1.45970523675
65472,66942,70127,1470,3185,2,36000,1.46153846154
65572,66947,70195,1375,3248,2,36000,1.42333743842
65689,66952,70007,1263,3055,2,36000,1.41342062193
69464,70069,73386,605,3317,2,36000,1.18239372927
69539,70074,73240,535,3166,2,36000,1.16898294378
69575,70079,73205,504,3126,2,36000,1.16122840691
69590,70084,73278,494,3194,2,36000,1.15466499687
69606,70089,73530,483,3441,2,36000,1.14036617262
69621,70094,73347,473,3253,2,36000,1.14540424224
69637,70099,73301,462,3202,2,36000,1.14428482199
69639,70104,73256,465,3152,2,36000,1.14752538071
69655,70109,73268,454,3159,2,36000,1.14371636594
69657,70114,73420,457,3306,2,36000,1.13823351482
69658,70119,73362,461,3243,2,36000,1.14215232809
69660,70124,73324,464,3200,2,36000,1.145
69661,70129,73262,468,3133,2,36000,1.14937759336
69682,70134,73476,452,3342,2,36000,1.13524835428
69698,70140,73431,442,3291,2,36000,1.13430568216
69700,70145,73381,445,3236,2,36000,1.13751545117
69701,70150,73290,449,3140,2,36000,1.14299363057
69708,70155,73454,447,3299,2,36000,1.13549560473
69724,70160,73341,436,3181,2,36000,1.13706381641
69726,70165,73413,439,3248,2,36000,1.13516009852
69733,70170,73199,437,3029,2,36000,1.14427203698
69734,70175,73280,441,3105,2,36000,1.14202898551
69752,70180,73427,428,3247,2,36000,1.13181398214
69753,70185,73345,432,3160,2,36000,1.13670886076
69754,70190,73254,436,3064,2,36000,1.14229765013
69756,70195,73493,439,3298,2,36000,1.13311097635
69758,70200,73434,442,3234,2,36000,1.13667285096
69774,70205,73547,431,3342,2,36000,1.1289646918
69775,70210,73339,435,3129,2,36000,1.13902205177
69777,70215,73334,438,3119,2,36000,1.14042962488
69778,70220,73583,442,3363,2,36000,1.13143027059
69795,70100,73225,305,3125,2,36000,1.0976
69796,70106,73178,310,3072,2,36000,1.10091145833
69798,70225,73664,427,3439,2,36000,1.12416400116
69799,70230,73694,431,3464,2,36000,1.12442263279
69801,70235,73507,434,3272,2,36000,1.1326405868
69817,70120,73029,303,2909,2,36000,1.10415950498
69819,70240,73243,421,3003,2,36000,1.14019314019
69820,70245,73439,425,3194,2,36000,1.13306199123
69838,70126,73459,288,3333,2,36000,1.08640864086
69840,70250,73396,410,3146,2,36000,1.13032422123
69841,70255,73390,414,3135,2,36000,1.13205741627
69843,70260,73278,417,3018,2,36000,1.13817097416
69844,70265,73403,421,3138,2,36000,1.13416188655
69846,70270,73502,424,3232,2,36000,1.13118811881
69847,70275,73447,428,3172,2,36000,1.13493064313
69863,70280,73427,417,3147,2,36000,1.13250714967
69865,70285,73472,420,3187,2,36000,1.1317853781
69866,70290,73469,424,3179,2,36000,1.13337527524
69882,70295,73548,413,3253,2,36000,1.12695972948
69884,70300,73475,416,3175,2,36000,1.13102362205
69886,70305,73571,419,3266,2,36000,1.12829148806
69887,70310,73458,423,3148,2,36000,1.13437102922
69904,70199,73273,295,3074,2,36000,1.09596616786
69905,70316,73599,411,3283,2,36000,1.12519037466
69907,70321,73561,414,3240,2,36000,1.12777777778
69909,70326,73516,417,3190,2,36000,1.13072100313
69927,70206,73471,279,3265,2,36000,1.0854517611
69928,70331,73315,403,2984,2,36000,1.1350536193
69930,70336,73514,406,3178,2,36000,1.12775330396
69932,70254,73402,322,3148,2,36000,1.10228716645
69933,70341,73680,408,3339,2,36000,1.12219227314
69935,70346,73483,411,3137,2,36000,1.13101689512
69936,70259,73404,323,3145,2,36000,1.1027027027
69938,70264,73489,326,3225,2,36000,1.10108527132
69939,70351,73605,412,3254,2,36000,1.12661339889
69958,70269,73428,311,3159,2,36000,1.09844887623
69960,70356,73480,396,3124,2,36000,1.12676056338
69961,70361,73786,400,3425,2,36000,1.11678832117
69963,70366,73553,403,3187,2,36000,1.12645120803
69964,70371,73528,407,3157,2,36000,1.12891986063
69966,70376,73491,410,3115,2,36000,1.1316211878
69967,70381,73750,414,3369,2,36000,1.12288512912
69969,70386,73506,417,3120,2,36000,1.13365384615
69970,70391,73397,421,3006,2,36000,1.14005322688
69972,70396,73482,424,3086,2,36000,1.13739468568
69973,70401,73585,428,3184,2,36000,1.13442211055
69975,70406,73604,431,3198,2,36000,1.13477173233
69991,70411,73547,420,3136,2,36000,1.13392857143
69993,70416,73631,423,3215,2,36000,1.13157076205
69994,70421,73594,427,3173,2,36000,1.13457295934
69996,70337,73392,341,3055,2,36000,1.1116202946
70012,70342,73566,330,3224,2,36000,1.1023573201
70014,70347,73572,333,3225,2,36000,1.10325581395
70015,70426,73549,411,3123,2,36000,1.13160422671
70035,70352,73534,317,3182,2,36000,1.09962287869
70037,70357,73558,320,3201,2,36000,1.09996875976
70038,70363,73551,325,3188,2,36000,1.10194479297
70040,70368,73504,328,3136,2,36000,1.10459183673
70041,70624,73799,583,3175,2,36000,1.18362204724
70043,70629,73441,586,2812,2,36000,1.20839260313
70044,70634,73950,590,3316,2,36000,1.1779252111
70063,70639,73816,576,3177,2,36000,1.18130311615
70065,70644,73939,579,3295,2,36000,1.17572078907
70066,70649,73869,583,3220,2,36000,1.18105590062
70068,70654,73854,586,3200,2,36000,1.183125
70069,70659,73814,590,3155,2,36000,1.18700475436
70071,70664,73795,593,3131,2,36000,1.18939635899
70088,70669,73889,581,3220,2,36000,1.18043478261
70089,70674,73999,585,3325,2,36000,1.17593984962
70091,70679,73900,588,3221,2,36000,1.18255200248
70092,70684,73849,592,3165,2,36000,1.18704581359
70094,70689,73937,595,3248,2,36000,1.18318965517
70095,70694,73907,599,3213,2,36000,1.18643012761
70097,70700,73846,603,3146,2,36000,1.1916719644
70114,70705,73950,591,3245,2,36000,1.18212634823
70120,70710,74095,590,3385,2,36000,1.17429837518
70139,70715,74052,576,3337,2,36000,1.17261012886
70140,70720,73888,580,3168,2,36000,1.18308080808
70142,70725,73932,583,3207,2,36000,1.18178983474
70143,70730,73908,587,3178,2,36000,1.18470736312
70145,70735,73936,590,3201,2,36000,1.18431740081
70160,70740,73972,580,3232,2,36000,1.17945544554
70177,70745,73826,568,3081,2,36000,1.18435572866
70184,70750,73864,566,3114,2,36000,1.18175979448
70200,70755,74072,555,3317,2,36000,1.16731986735
70201,70760,74014,559,3254,2,36000,1.17178856792
70203,70765,74120,562,3355,2,36000,1.16751117735
70252,70770,74064,518,3294,2,36000,1.15725561627
70259,70775,73968,516,3193,2,36000,1.16160350767
71763,71770,82427,7,10657,16,54000,1.00065684527
73003,73009,73010,6,1,2,3540,1.0
73040,76225,79400,3185,3175,2,36000,2.0031496063
73187,76234,79395,3047,3161,2,36000,1.96393546346
73208,75164,78512,1956,3348,2,36000,1.58422939068
73214,75169,78255,1955,3086,2,36000,1.63350615684
73236,75174,78401,1938,3227,2,36000,1.60055779362
73252,75179,78360,1927,3181,2,36000,1.60578434455
73253,75184,78333,1931,3149,2,36000,1.61321054303
73270,75189,78484,1919,3295,2,36000,1.58239757208
73271,75194,78508,1923,3314,2,36000,1.58026554013
73273,75199,78295,1926,3096,2,36000,1.62209302326
73274,75204,78445,1930,3241,2,36000,1.59549521753
73291,75209,78382,1918,3173,2,36000,1.60447526001
73292,75214,78343,1922,3129,2,36000,1.61425375519
73294,75219,78398,1925,3179,2,36000,1.60553633218
73295,75224,78554,1929,3330,2,36000,1.57927927928
73297,75229,78434,1932,3205,2,36000,1.60280811232
73312,75234,78451,1922,3217,2,36000,1.59745104134
73328,75239,78649,1911,3410,2,36000,1.56041055718
73330,75244,78503,1914,3259,2,36000,1.58729671678
73347,75251,78479,1904,3228,2,36000,1.58983890954
73348,75256,78505,1908,3249,2,36000,1.58725761773
73350,75261,78503,1911,3242,2,36000,1.5894509562
73351,75266,78465,1915,3199,2,36000,1.59862457018
73353,75271,78527,1918,3256,2,36000,1.58906633907
73374,75276,78419,1902,3143,2,36000,1.60515431117
73390,75281,78489,1891,3208,2,36000,1.5894638404
73392,75286,78431,1894,3145,2,36000,1.60222575517
73399,73404,76436,5,3032,2,36000,1.00164907652
73416,73422,76606,6,3184,2,36000,1.00188442211
73418,73428,76536,10,3108,2,36000,1.00321750322
73419,75291,78590,1872,3299,2,36000,1.56744468021
73421,75296,78620,1875,3324,2,36000,1.56407942238
73422,75301,78450,1879,3149,2,36000,1.59669736424
73424,75306,78430,1882,3124,2,36000,1.60243277849
73425,75311,78678,1886,3367,2,36000,1.56014256014
73443,75223,78365,1780,3142,2,36000,1.56651814131
73444,75316,78507,1872,3191,2,36000,1.58664995299
73446,75321,78461,1875,3140,2,36000,1.59713375796
73447,75326,78551,1879,3225,2,36000,1.58263565891
73449,75331,78362,1882,3031,2,36000,1.62091718905
73450,75336,78586,1886,3250,2,36000,1.58030769231
73452,75341,78529,1889,3188,2,36000,1.59253450439
73453,75346,78532,1893,3186,2,36000,1.59416195857
73471,75289,78413,1818,3124,2,36000,1.58194622279
73473,75351,78324,1878,2973,2,36000,1.6316851665
73474,75356,78501,1882,3145,2,36000,1.59841017488
73476,75361,78647,1885,3286,2,36000,1.57364576993
73477,75294,78483,1817,3189,2,36000,1.56977108812
73496,75299,78513,1803,3214,2,36000,1.56098319851
73498,75366,78580,1868,3214,2,36000,1.58120721842
73499,75371,78760,1872,3389,2,36000,1.55237533196
73501,75376,78586,1875,3210,2,36000,1.58411214953
73502,75381,78561,1879,3180,2,36000,1.59088050314
73504,75386,78559,1882,3173,2,36000,1.59312953041
73505,75392,78588,1887,3196,2,36000,1.59042553191
73507,75397,78667,1890,3270,2,36000,1.57798165138
73509,75402,78581,1893,3179,2,36000,1.59547027367
73510,75335,78499,1825,3164,2,36000,1.57680151707
73528,75407,78657,1879,3250,2,36000,1.57815384615
73529,75412,78540,1883,3128,2,36000,1.60198209719
73531,75417,78583,1886,3166,2,36000,1.59570435881
73532,75422,78697,1890,3275,2,36000,1.57709923664
73534,75427,78649,1893,3222,2,36000,1.58752327747
73535,75432,78684,1897,3252,2,36000,1.58333333333
73556,75340,78699,1784,3359,2,36000,1.53111044954
73557,75345,78618,1788,3273,2,36000,1.54628780935
73559,75437,78636,1878,3199,2,36000,1.58705845577
73560,75442,78663,1882,3221,2,36000,1.58429059298
73562,75447,78522,1885,3075,2,36000,1.61300813008
73563,75411,78634,1848,3223,2,36000,1.57337883959
73565,75452,78692,1887,3240,2,36000,1.58240740741
73566,75457,78826,1891,3369,2,36000,1.56129415257
73568,75462,78680,1894,3218,2,36000,1.58856432567
73585,75416,78754,1831,3338,2,36000,1.54853205512
73586,75421,78595,1835,3174,2,36000,1.57813484562
73588,75467,78634,1879,3167,2,36000,1.59330596779
73589,75472,78694,1883,3222,2,36000,1.58441961515
73590,75477,78756,1887,3279,2,36000,1.57548032937
73592,75482,78447,1890,2965,2,36000,1.63743676223
73593,75487,78871,1894,3384,2,36000,1.55969267139
73610,75492,78616,1882,3124,2,36000,1.60243277849
73612,75497,78831,1885,3334,2,36000,1.56538692262
73613,75502,78683,1889,3181,2,36000,1.59383841559
73615,75507,78818,1892,3311,2,36000,1.57142857143
73638,75512,78555,1874,3043,2,36000,1.61583963194
73673,75517,78617,1844,3100,2,36000,1.59483870968
73689,75522,78631,1833,3109,2,36000,1.58957864265
73704,75527,78695,1823,3168,2,36000,1.57544191919
73757,75532,78593,1775,3061,2,36000,1.57987585756
73794,75537,78750,1743,3213,2,36000,1.54248366013
73810,75487,78720,1677,3233,2,36000,1.51871326941
73812,75543,78750,1731,3207,2,36000,1.53975678204
73828,75492,78664,1664,3172,2,36000,1.52459016393
73829,75548,78717,1719,3169,2,36000,1.54244241086
73836,75497,78685,1661,3188,2,36000,1.52101631117
73858,75553,78764,1695,3211,2,36000,1.52787293678
73859,75558,78707,1699,3149,2,36000,1.53953636075
73861,75563,78657,1702,3094,2,36000,1.55009696186
73877,75502,78675,1625,3173,2,36000,1.51213362748
73878,75508,78681,1630,3173,2,36000,1.51370942326
73900,75568,78803,1668,3235,2,36000,1.51561051005
73902,75573,78770,1671,3197,2,36000,1.52267751017
73908,75578,78884,1670,3306,2,36000,1.50514216576
73924,75583,78722,1659,3139,2,36000,1.52851226505
73926,75588,78797,1662,3209,2,36000,1.51791835463
73943,75593,78896,1650,3303,2,36000,1.49954586739
73944,75598,78808,1654,3210,2,36000,1.51526479751
73946,75603,78923,1657,3320,2,36000,1.49909638554
73947,75608,78899,1661,3291,2,36000,1.50470981465
73963,75613,78784,1650,3171,2,36000,1.52034058657
73964,75618,78816,1654,3198,2,36000,1.51719824891
73980,75623,78825,1643,3202,2,36000,1.513116802
73981,75628,79023,1647,3395,2,36000,1.48512518409
74010,75633,78796,1623,3163,2,36000,1.51312045526
74025,75638,78855,1613,3217,2,36000,1.50139881878
74064,75643,78895,1579,3252,2,36000,1.48554735547
74071,75653,78882,1582,3229,2,36000,1.48993496439
74086,75658,78758,1572,3100,2,36000,1.50709677419
74102,75663,78832,1561,3169,2,36000,1.49258441149
74129,75668,78895,1539,3227,2,36000,1.47691354199
76448,78495,81546,2047,3051,2,36000,1.67092756473
76545,78500,81860,1955,3360,2,36000,1.5818452381
76614,78505,81692,1891,3187,2,36000,1.59334797615
76698,78510,164949,1812,86439,14,86400,1.02096275987
78262,78515,81528,253,3013,2,36000,1.08396946565
78301,78520,81808,219,3288,2,36000,1.06660583942
78331,78525,81807,194,3282,2,36000,1.0591102986
78347,78530,81469,183,2939,2,36000,1.0622660769
78349,78535,81775,186,3240,2,36000,1.05740740741
78370,78540,81735,170,3195,2,36000,1.05320813772
78372,78545,81801,173,3256,2,36000,1.05313267813
78373,78550,81800,177,3250,2,36000,1.05446153846
78389,78556,81706,167,3150,2,36000,1.05301587302
78405,78561,81670,156,3109,2,36000,1.05017690576
78406,78566,81960,160,3394,2,36000,1.04714201532
78422,78571,81846,149,3275,2,36000,1.04549618321
78429,78576,81768,147,3192,2,36000,1.04605263158
78445,78581,81778,136,3197,2,36000,1.04253988114
78447,78586,81920,139,3334,2,36000,1.04169166167
78448,78591,81776,143,3185,2,36000,1.04489795918
78455,78596,81714,141,3118,2,36000,1.0452212957
78472,78791,82086,319,3295,2,36000,1.09681335357
78474,78796,82076,322,3280,2,36000,1.09817073171
78475,78801,81839,326,3038,2,36000,1.1073074391
78476,78806,81850,330,3044,2,36000,1.10840998686
78478,78811,82109,333,3298,2,36000,1.10097028502
78495,78501,81775,6,3274,2,36000,1.00183262065
78496,78816,81946,320,3130,2,36000,1.10223642173
78498,78821,81911,323,3090,2,36000,1.10453074434
78499,78826,82104,327,3278,2,36000,1.09975594875
78518,78523,81627,5,3104,2,36000,1.00161082474
78519,78529,81574,10,3045,2,36000,1.00328407225
78521,78831,82123,310,3292,2,36000,1.09416767922
78522,78836,81956,314,3120,2,36000,1.10064102564
78524,78841,82046,317,3205,2,36000,1.09890795632
78525,78846,81920,321,3074,2,36000,1.10442420299
78527,78851,82230,324,3379,2,36000,1.09588635691
78528,78856,82193,328,3337,2,36000,1.09829187893
78530,78861,82016,331,3155,2,36000,1.10491283677
78547,78866,82059,319,3193,2,36000,1.09990604447
78548,78871,82119,323,3248,2,36000,1.09944581281
78549,78876,82018,327,3142,2,36000,1.10407383832
78551,78881,82208,330,3327,2,36000,1.09918845807
78553,78886,82175,333,3289,2,36000,1.10124657951
78569,78891,82155,322,3264,2,36000,1.09865196078
78571,78896,82260,325,3364,2,36000,1.09661117717
78572,78901,82145,329,3244,2,36000,1.10141800247
78574,78906,81958,332,3052,2,36000,1.10878112713
78576,78911,82206,335,3295,2,36000,1.10166919575
78594,78916,82219,322,3303,2,36000,1.09748713291
78596,78921,82215,325,3294,2,36000,1.09866423801
78597,78926,82045,329,3119,2,36000,1.10548252645
78599,78931,82121,332,3190,2,36000,1.10407523511
78600,78814,81986,214,3172,2,36000,1.06746532156
78602,78936,82176,334,3240,2,36000,1.10308641975
78603,78941,82067,338,3126,2,36000,1.10812539987
78605,78946,82272,341,3326,2,36000,1.10252555622
78623,78951,81997,328,3046,2,36000,1.10768220617
78624,78832,82113,208,3281,2,36000,1.06339530631
78626,78957,82150,331,3193,2,36000,1.10366426558
78627,78962,82167,335,3205,2,36000,1.10452418097
78629,78967,82146,338,3179,2,36000,1.106322743
78645,78848,81873,203,3025,2,36000,1.06710743802
78647,78972,82066,325,3094,2,36000,1.10504201681
78649,78977,81918,328,2941,2,36000,1.1115266916
78650,78982,82217,332,3235,2,36000,1.10262751159
78668,78987,82199,319,3212,2,36000,1.09931506849
78670,78867,82028,197,3161,2,36000,1.06232204998
78671,78992,82166,321,3174,2,36000,1.1011342155
78673,78997,82178,324,3181,2,36000,1.10185476265
78674,79002,81980,328,2978,2,36000,1.11014103425
78676,79007,82179,331,3172,2,36000,1.10435056747
78678,79012,82251,334,3239,2,36000,1.10311824637
78679,79017,82125,338,3108,2,36000,1.10875160875
78699,78901,82175,202,3274,2,36000,1.06169822847
78700,78907,82049,207,3142,2,36000,1.06588160407
78702,78912,82243,210,3331,2,36000,1.06304413089
78703,79022,82147,319,3125,2,36000,1.10208
78705,78918,82219,213,3301,2,36000,1.06452590124
78706,79027,82307,321,3280,2,36000,1.09786585366
78708,79032,82111,324,3079,2,36000,1.10522897044
78709,79037,82024,328,2987,2,36000,1.10980917308
78711,79042,82397,331,3355,2,36000,1.09865871833
78712,79047,82022,335,2975,2,36000,1.11260504202
78714,79052,82189,338,3137,2,36000,1.10774625438
78731,78934,82180,203,3246,2,36000,1.06253850893
78733,78940,82122,207,3182,2,36000,1.06505342552
78734,79057,82380,323,3323,2,36000,1.0972013241
78735,79062,82142,327,3080,2,36000,1.10616883117
78737,79067,82203,330,3136,2,36000,1.10522959184
78760,79873,83153,1113,3280,2,36000,1.33932926829
78761,79006,82330,245,3324,2,36000,1.07370637786
78763,79878,82929,1115,3051,2,36000,1.36545394952
78764,79011,82209,247,3198,2,36000,1.07723577236
78766,79883,83087,1117,3204,2,36000,1.3486267166
78782,79016,82127,234,3111,2,36000,1.07521697203
78783,79888,83179,1105,3291,2,36000,1.33576420541
78785,79893,83011,1108,3118,2,36000,1.35535599743
78801,79021,82018,220,2997,2,36000,1.07340674007
78802,79027,82227,225,3200,2,36000,1.0703125
78804,79898,83197,1094,3299,2,36000,1.3316156411
78821,79032,82222,211,3190,2,36000,1.06614420063
78822,79903,82903,1081,3000,2,36000,1.36033333333
78824,79908,83103,1084,3195,2,36000,1.3392801252
78825,79914,83124,1089,3210,2,36000,1.33925233645
78842,79919,83078,1077,3159,2,36000,1.34093067426
78844,79924,83092,1080,3168,2,36000,1.34090909091
78845,79929,83049,1084,3120,2,36000,1.34743589744
78847,79934,83286,1087,3352,2,36000,1.32428400955
78862,79939,83045,1077,3106,2,36000,1.34674822923
78878,79944,83155,1066,3211,2,36000,1.33198380567
78894,79949,83090,1055,3141,2,36000,1.3358802929
78896,79954,83027,1058,3073,2,36000,1.34428896843
78913,79959,83099,1046,3140,2,36000,1.33312101911
78914,79964,83272,1050,3308,2,36000,1.31741233374
78916,79969,83243,1053,3274,2,36000,1.32162492364
78917,79974,83266,1057,3292,2,36000,1.32108140948
78932,79979,83306,1047,3327,2,36000,1.31469792606
79031,79984,83185,953,3201,2,36000,1.29771946267
79405,79989,83075,584,3086,2,36000,1.18924173688
79406,79994,83201,588,3207,2,36000,1.18334892423
81377,282647,282655,201270,8,12,129599,20127.8
81403,282652,282659,201249,7,12,129599,20125.6
81476,81957,85217,481,3260,2,36000,1.14754601227
81536,81962,85176,426,3214,2,36000,1.13254511512
81557,81967,85121,410,3154,2,36000,1.12999365885
81581,81972,85263,391,3291,2,36000,1.11880887268
81635,81977,85049,342,3072,2,36000,1.111328125
81677,81982,85279,305,3297,2,36000,1.09250834092
81701,81987,85304,286,3317,2,36000,1.0862224902
81717,81992,85277,275,3285,2,36000,1.08371385084
81724,81997,85358,273,3361,2,36000,1.08122582565
81745,82002,85244,257,3242,2,36000,1.07927205429
81775,82007,85167,232,3160,2,36000,1.07341772152
81782,82012,85097,230,3085,2,36000,1.07455429498
81784,82017,85138,233,3121,2,36000,1.07465555912
81801,82022,85190,221,3168,2,36000,1.06976010101
81802,82027,85213,225,3186,2,36000,1.07062146893
81809,82032,85312,223,3280,2,36000,1.06798780488
81810,82037,85319,227,3282,2,36000,1.06916514321
81827,82042,84935,215,2893,2,36000,1.07431731766
81829,82047,85281,218,3234,2,36000,1.06740878169
81850,82052,85097,202,3045,2,36000,1.06633825944
81857,82059,85323,202,3264,2,36000,1.0618872549
81858,82064,85271,206,3207,2,36000,1.06423448706
81874,82069,85238,195,3169,2,36000,1.06153360682
81881,82074,85230,193,3156,2,36000,1.06115335868
81924,82372,85715,448,3343,2,36000,1.13401136704
81925,82377,85505,452,3128,2,36000,1.14450127877
81927,82382,85448,455,3066,2,36000,1.14840182648
81928,82387,85472,459,3085,2,36000,1.14878444084
81956,82392,85538,436,3146,2,36000,1.13858868404
81972,81978,85195,6,3217,2,36000,1.0018650917
81973,82397,85644,424,3247,2,36000,1.13058207576
81975,82402,85529,427,3127,2,36000,1.13655260633
81990,82407,85780,417,3373,2,36000,1.12362881708
81992,81998,85342,6,3344,2,36000,1.00179425837
82008,82412,85612,404,3200,2,36000,1.12625
82026,82032,85386,6,3354,2,36000,1.00178890877
82027,82417,85532,390,3115,2,36000,1.12520064205
82029,82422,85634,393,3212,2,36000,1.12235367372
82030,82427,85719,397,3292,2,36000,1.12059538275
82032,82432,85592,400,3160,2,36000,1.12658227848
82049,82437,85719,388,3282,2,36000,1.1182205972
82051,82442,85576,391,3134,2,36000,1.12476068922
82052,82448,85527,396,3079,2,36000,1.1286131861
82059,82065,85039,6,2974,2,36000,1.00201748487
82076,82453,85648,377,3195,2,36000,1.11799687011
82078,82458,85753,380,3295,2,36000,1.1153262519
82079,82463,85661,384,3198,2,36000,1.1200750469
82086,82468,85749,382,3281,2,36000,1.11642791832
82103,82473,85802,370,3329,2,36000,1.11114448783
82121,82127,85326,6,3199,2,36000,1.00187558612
82122,82478,85710,356,3232,2,36000,1.11014851485
82124,82483,85458,359,2975,2,36000,1.12067226891
82125,82488,85712,363,3224,2,36000,1.11259305211
82127,82133,85340,6,3207,2,36000,1.00187090739
82129,82493,85646,364,3153,2,36000,1.11544560736
82146,82152,85222,6,3070,2,36000,1.00195439739
82148,82498,85676,350,3178,2,36000,1.11013215859
82150,82503,85830,353,3327,2,36000,1.10610159303
82151,82508,85885,357,3377,2,36000,1.10571513177
82153,82513,85818,360,3305,2,36000,1.10892586989
82154,82518,85561,364,3043,2,36000,1.11961879724
82156,82523,85714,367,3191,2,36000,1.11501096835
82173,82528,85807,355,3279,2,36000,1.10826471485
82174,82533,85846,359,3313,2,36000,1.10836100211
82176,82538,85531,362,2993,2,36000,1.12094888072
82178,82543,85611,365,3068,2,36000,1.11897001304
82179,82548,85678,369,3130,2,36000,1.1178913738
82198,82438,85765,240,3327,2,36000,1.07213706041
82199,82443,85687,244,3244,2,36000,1.07521578298
82201,82553,85662,352,3109,2,36000,1.11321968479
82202,82558,85642,356,3084,2,36000,1.11543450065
82204,82563,85841,359,3278,2,36000,1.10951799878
82205,82568,85471,363,2903,2,36000,1.1250430589
82207,82573,85689,366,3116,2,36000,1.11745827985
82208,82578,85767,370,3189,2,36000,1.11602383192
82227,82509,85771,282,3262,2,36000,1.08645003066
82228,82514,85750,286,3236,2,36000,1.08838071693
82230,82519,85673,289,3154,2,36000,1.0916296766
82232,82583,85828,351,3245,2,36000,1.10816640986
82233,82524,85640,291,3116,2,36000,1.09338896021
82235,82588,85675,353,3087,2,36000,1.11435050211
82236,82593,85833,357,3240,2,36000,1.11018518519
82238,82598,85781,360,3183,2,36000,1.11310084826
82239,82603,85870,364,3267,2,36000,1.11141720233
82241,82608,85697,367,3089,2,36000,1.11880867595
82242,82613,85744,371,3131,2,36000,1.11849249441
82260,82619,85835,359,3216,2,36000,1.11162935323
82261,82624,85869,363,3245,2,36000,1.11186440678
82263,82629,85831,366,3202,2,36000,1.11430356027
82279,82634,85783,355,3149,2,36000,1.11273420133
82280,82639,85826,359,3187,2,36000,1.1126451208
82316,82644,85978,328,3334,2,36000,1.09838032394
82338,82734,86049,396,3315,2,36000,1.11945701357
82391,82742,85926,351,3184,2,36000,1.11023869347
82407,82755,86158,348,3403,2,36000,1.10226270937
82915,83682,86797,767,3115,2,36000,1.24622792937
82936,83687,86896,751,3209,2,36000,1.23402929261
83023,83692,87013,669,3321,2,36000,1.20144534779
83038,83697,86836,659,3139,2,36000,1.20993947117
83054,83702,86956,648,3254,2,36000,1.19913952059
83056,83707,86996,651,3289,2,36000,1.19793250228
83083,83712,86861,629,3149,2,36000,1.1997459511
83085,83717,86816,632,3099,2,36000,1.20393675379
83101,83722,87003,621,3281,2,36000,1.18927156355
83102,83727,86985,625,3258,2,36000,1.19183548189
83104,83732,87121,628,3389,2,36000,1.18530539982
83105,83737,86955,632,3218,2,36000,1.19639527657
83121,83742,86803,621,3061,2,36000,1.20287487749
83136,83747,86951,611,3204,2,36000,1.19069912609
83160,83752,87019,592,3267,2,36000,1.18120599939
83162,83757,86939,595,3182,2,36000,1.1869893149
83187,83762,86956,575,3194,2,36000,1.18002504696
83193,83767,86903,574,3136,2,36000,1.18303571429
83209,83772,86832,563,3060,2,36000,1.1839869281
83211,83777,87099,566,3322,2,36000,1.17037928958
83250,83782,86982,532,3200,2,36000,1.16625
83274,83787,86883,513,3096,2,36000,1.16569767442
83281,83792,86968,511,3176,2,36000,1.16089420655
83297,83797,87011,500,3214,2,36000,1.15556938395
83312,83802,87014,490,3212,2,36000,1.15255292653
84943,86755,90034,1812,3279,2,36000,1.55260750229
85051,86760,89978,1709,3218,2,36000,1.53107520199
85058,86765,90161,1707,3396,2,36000,1.50265017668
85109,86770,89842,1661,3072,2,36000,1.54069010417
85110,86775,89877,1665,3102,2,36000,1.53675048356
85131,86780,90025,1649,3245,2,36000,1.50816640986
85146,86785,89947,1639,3162,2,36000,1.518342821
85179,86791,89994,1612,3203,2,36000,1.50327817671
85186,86796,89967,1610,3171,2,36000,1.50772626932
85201,86801,90029,1600,3228,2,36000,1.49566294919
85203,86806,89953,1603,3147,2,36000,1.50937400699
85224,86811,90057,1587,3246,2,36000,1.48890942699
85226,86816,90098,1590,3282,2,36000,1.4844606947
85232,86821,90002,1589,3181,2,36000,1.49952845017
85249,86826,90162,1577,3336,2,36000,1.47272182254
85250,86831,89893,1581,3062,2,36000,1.5163291966
85252,86836,90065,1584,3229,2,36000,1.49055435119
85272,86841,89911,1569,3070,2,36000,1.51107491857
85279,86846,89936,1567,3090,2,36000,1.5071197411
85295,85302,88603,7,3301,2,36000,1.00212056952
85297,86851,90110,1554,3259,2,36000,1.47683338447
85299,86856,90110,1557,3254,2,36000,1.47848801475
85314,86861,89975,1547,3114,2,36000,1.49678869621
85321,86866,89922,1545,3056,2,36000,1.50556282723
85337,85343,88493,6,3150,2,36000,1.0019047619
85338,85349,88408,11,3059,2,36000,1.00359594639
85340,86871,90029,1531,3158,2,36000,1.48480050665
85356,85362,88539,6,3177,2,36000,1.00188857413
85357,85368,88599,11,3231,2,36000,1.00340451872
85373,86876,90040,1503,3164,2,36000,1.47503160556
85393,85399,88645,6,3246,2,36000,1.00184842884
85460,86881,90212,1421,3331,2,36000,1.42659861903
85467,86886,90011,1419,3125,2,36000,1.45408
85482,86891,90084,1409,3193,2,36000,1.44127779518
85484,86896,90146,1412,3250,2,36000,1.43446153846
85514,86901,90190,1387,3289,2,36000,1.42170872606
85535,86906,90168,1371,3262,2,36000,1.42029429798
85537,86911,90093,1374,3182,2,36000,1.43180389692
85538,86916,90089,1378,3173,2,36000,1.4342893161
85540,86921,90084,1381,3163,2,36000,1.43661081252
85555,86926,90053,1371,3127,2,36000,1.43843939878
85571,86931,90161,1360,3230,2,36000,1.42105263158
85587,86936,90187,1349,3251,2,36000,1.41494924639
85603,86941,90280,1338,3339,2,36000,1.40071877808
85618,86946,90313,1328,3367,2,36000,1.39441639442
85620,86952,90342,1332,3390,2,36000,1.39292035398
85648,86808,89882,1160,3074,2,36000,1.37735849057
85649,86957,90248,1308,3291,2,36000,1.39744758432
85651,86962,90143,1311,3181,2,36000,1.41213454888
85652,86967,90085,1315,3118,2,36000,1.42174470815
85654,86972,90212,1318,3240,2,36000,1.40679012346
85670,86977,89916,1307,2939,2,36000,1.44470908472
85672,86982,90165,1310,3183,2,36000,1.41156142004
85673,86987,90226,1314,3239,2,36000,1.40568076567
85690,86872,90118,1182,3246,2,36000,1.36414048059
85691,86992,90295,1301,3303,2,36000,1.39388434756
85693,86997,90237,1304,3240,2,36000,1.4024691358
85694,86878,90188,1184,3310,2,36000,1.35770392749
85696,87002,90280,1306,3278,2,36000,1.39841366687
85697,87007,90194,1310,3187,2,36000,1.41104486978
85714,87012,89996,1298,2984,2,36000,1.43498659517
85715,87017,90240,1302,3223,2,36000,1.40397145517
85722,87022,90226,1300,3204,2,36000,1.40574282147
85739,86907,90143,1168,3236,2,36000,1.3609394314
85740,87027,90074,1287,3047,2,36000,1.42238267148
85742,87032,90172,1290,3140,2,36000,1.41082802548
85743,87037,90385,1294,3348,2,36000,1.38649940263
85760,86919,90200,1159,3281,2,36000,1.3532459616
85761,87042,90125,1281,3083,2,36000,1.41550437885
85763,87048,90094,1285,3046,2,36000,1.42186474064
85764,87053,90198,1289,3145,2,36000,1.40985691574
85781,86951,90176,1170,3225,2,36000,1.36279069767
85782,86956,90161,1174,3205,2,36000,1.36630265211
85784,87058,90335,1274,3277,2,36000,1.38877021666
85785,87063,90374,1278,3311,2,36000,1.38598610692
85802,87068,90039,1266,2971,2,36000,1.4261191518
85803,87073,90182,1270,3109,2,36000,1.40849147636
85810,87078,90232,1268,3154,2,36000,1.40202916931
85827,87083,90293,1256,3210,2,36000,1.39127725857
85829,87088,90232,1259,3144,2,36000,1.40044529262
85836,87093,90228,1257,3135,2,36000,1.4009569378
85852,86973,90178,1121,3205,2,36000,1.34976599064
85854,87098,90261,1244,3163,2,36000,1.39329750237
85855,87103,90169,1248,3066,2,36000,1.40704500978
85857,87108,90388,1251,3280,2,36000,1.38140243902
85858,87113,90495,1255,3382,2,36000,1.37108219988
85860,87118,90153,1258,3035,2,36000,1.41449752883
85861,87124,90199,1263,3075,2,36000,1.41073170732
85877,87129,90127,1252,2998,2,36000,1.41761174116
85878,87134,90174,1256,3040,2,36000,1.41315789474
85894,87140,90440,1246,3300,2,36000,1.37757575758
85933,87145,90323,1212,3178,2,36000,1.38137193203
85984,87150,90136,1166,2986,2,36000,1.39048894843
86056,87030,90278,974,3248,2,36000,1.29987684729
86165,87155,90397,990,3242,2,36000,1.30536705737
86806,87036,90267,230,3231,2,36000,1.07118539152
86812,87706,90766,894,3060,2,36000,1.29215686275
86828,87042,90228,214,3186,2,36000,1.06716886378
86844,87108,90266,264,3158,2,36000,1.08359721343
86845,87113,90347,268,3234,2,36000,1.08286951144
86869,87711,90992,842,3281,2,36000,1.2566290765
86890,87717,90817,827,3100,2,36000,1.26677419355
86906,87722,91064,816,3342,2,36000,1.24416517056
86913,87727,91067,814,3340,2,36000,1.24371257485
86947,87732,90989,785,3257,2,36000,1.24101934295
86964,87737,90705,773,2968,2,36000,1.26044474394
86965,87742,90846,777,3104,2,36000,1.25032216495
86967,87747,91003,780,3256,2,36000,1.23955773956
86969,87752,90732,783,2980,2,36000,1.26275167785
86985,87757,91095,772,3338,2,36000,1.2312762133
86992,87762,91046,770,3284,2,36000,1.23447015834
86993,87767,91047,774,3280,2,36000,1.23597560976
87010,87772,91000,762,3228,2,36000,1.23605947955
87011,87777,91059,766,3282,2,36000,1.23339427179
87028,87782,90988,754,3206,2,36000,1.23518402994
87030,87787,90993,757,3206,2,36000,1.23611977542
87031,87792,90893,761,3101,2,36000,1.24540470816
87033,87797,90854,764,3057,2,36000,1.24991822048
87106,87802,90857,696,3055,2,36000,1.22782324059
87127,87807,90828,680,3021,2,36000,1.22509102946
88420,88762,92047,342,3285,2,36000,1.10410958904
88501,88801,91994,300,3193,2,36000,1.09395552772
88546,92186,95455,3640,3269,2,36000,2.11349036403
88608,92252,95470,3644,3218,2,36000,2.13238036047
88609,92257,95478,3648,3221,2,36000,2.13256752561
88657,92323,95360,3666,3037,2,36000,2.20711228186
89849,93563,96762,3714,3199,2,36000,2.16098780869
89887,114887,118015,25000,3128,2,36000,8.99232736573
89889,93568,96461,3679,2893,2,36000,2.2716902869
89904,93573,96833,3669,3260,2,36000,2.1254601227
89920,93579,96990,3659,3411,2,36000,2.07270595133
89922,114938,118034,25016,3096,2,36000,9.08010335917
89937,114943,118034,25006,3091,2,36000,9.08993853122
89944,114948,118034,25004,3086,2,36000,9.10239792612
89961,114953,117971,24992,3018,2,36000,9.28098078197
89962,114958,117984,24996,3026,2,36000,9.26040978189
89978,114963,118034,24985,3071,2,36000,9.1357863888
89985,93651,96751,3666,3100,2,36000,2.18258064516
89987,93656,96989,3669,3333,2,36000,2.10081008101
90014,93661,96855,3647,3194,2,36000,2.1418284283
90031,93666,96857,3635,3191,2,36000,2.139141335
90038,93671,96935,3633,3264,2,36000,2.11305147059
90071,90077,93091,6,3014,2,36000,1.00199071002
90135,90141,93374,6,3233,2,36000,1.00185586143
90152,90158,93253,6,3095,2,36000,1.00193861066
90169,90176,93198,7,3022,2,36000,1.00231634679
90171,90182,93398,11,3216,2,36000,1.00342039801
90172,90187,93392,15,3205,2,36000,1.00468018721
90184,90193,93439,9,3246,2,36000,1.00277264325
90186,90198,93425,12,3227,2,36000,1.00371862411
90198,90204,93339,6,3135,2,36000,1.0019138756
90210,90216,93275,6,3059,2,36000,1.0019614253
90238,90244,93409,6,3165,2,36000,1.0018957346
90276,90282,93552,6,3270,2,36000,1.00183486239
90278,90288,93389,10,3101,2,36000,1.0032247662
90285,90294,93497,9,3203,2,36000,1.00280986575
90378,90384,93415,6,3031,2,36000,1.0019795447
90717,90723,93845,6,3122,2,36000,1.00192184497
90828,90834,94100,6,3266,2,36000,1.00183710961
90856,90862,94193,6,3331,2,36000,1.00180126088
90994,90999,94101,5,3102,2,36000,1.00161186331
91001,91007,94358,6,3351,2,36000,1.0017905103
91007,91013,94178,6,3165,2,36000,1.0018957346
91056,91062,94405,6,3343,2,36000,1.00179479509
91057,91068,94161,11,3093,2,36000,1.00355641772
91075,91081,94371,6,3290,2,36000,1.00182370821
91102,91108,94236,6,3128,2,36000,1.00191815857
92005,92011,95072,6,3061,2,36000,1.00196014374
92053,92059,95353,6,3294,2,36000,1.00182149362
93101,93107,96142,6,3035,2,36000,1.00197693575
93205,93211,96468,6,3257,2,36000,1.00184218606
93258,93264,96552,6,3288,2,36000,1.00182481752
93281,93287,96768,6,3481,2,36000,1.00172364263
93349,93355,96595,6,3240,2,36000,1.00185185185
93381,93387,96687,6,3300,2,36000,1.00181818182
93398,93404,96605,6,3201,2,36000,1.00187441425
93400,93410,96694,10,3284,2,36000,1.00304506699
93406,93416,96650,10,3234,2,36000,1.00309214595
93418,93424,96780,6,3356,2,36000,1.00178784267
93425,93431,96627,6,3196,2,36000,1.00187734668
93432,93437,96686,5,3249,2,36000,1.00153893506
93449,93455,96718,6,3263,2,36000,1.00183879865
93507,93513,96679,6,3166,2,36000,1.00189513582
93560,93585,96656,25,3071,2,36000,1.00814067079
93853,93859,97084,6,3225,2,36000,1.00186046512
94112,94118,97387,6,3269,2,36000,1.00183542368
94113,94124,97362,11,3238,2,36000,1.00339715874
94167,94172,97216,5,3044,2,36000,1.00164257556
94184,94190,97237,6,3047,2,36000,1.00196914998
94201,94207,97580,6,3373,2,36000,1.0017788319
94244,94250,97472,6,3222,2,36000,1.00186219739
94371,94377,97646,6,3269,2,36000,1.00183542368
94377,94383,97453,6,3070,2,36000,1.00195439739
94415,94421,97600,6,3179,2,36000,1.00188738597
95079,95085,98266,6,3181,2,36000,1.00188619931
95363,95369,98595,6,3226,2,36000,1.00185988841
95370,95375,98391,5,3016,2,36000,1.00165782493
95464,95470,98761,6,3291,2,36000,1.00182315406
95476,95482,98743,6,3261,2,36000,1.0018399264
95488,95494,98630,6,3136,2,36000,1.00191326531
96152,96158,99472,6,3314,2,36000,1.00181050091
96468,96474,99814,6,3340,2,36000,1.00179640719
96474,96480,99646,6,3166,2,36000,1.00189513582
96564,96570,99856,6,3286,2,36000,1.00182592818
96602,96608,99833,6,3225,2,36000,1.00186046512
96614,96620,99818,6,3198,2,36000,1.00187617261
96636,96642,99798,6,3156,2,36000,1.00190114068
96658,96665,99790,7,3125,2,36000,1.00224
96665,96671,99888,6,3217,2,36000,1.0018650917
96688,96694,99585,6,2891,2,36000,1.00207540643
96694,96700,99801,6,3101,2,36000,1.00193485972
96696,96706,99831,10,3125,2,36000,1.0032
96702,96712,99952,10,3240,2,36000,1.00308641975
96725,96731,99996,6,3265,2,36000,1.00183767228
96757,96763,99898,6,3135,2,36000,1.0019138756
96769,96775,99857,6,3082,2,36000,1.0019467878
96776,96782,99778,6,2996,2,36000,1.00200267023
96788,96794,100105,6,3311,2,36000,1.00181214135
96841,96847,100108,6,3261,2,36000,1.0018399264
96863,96869,99959,6,3090,2,36000,1.00194174757
96865,96875,99732,10,2857,2,36000,1.00350017501
96948,96954,100020,6,3066,2,36000,1.00195694716
96996,97002,100028,6,3026,2,36000,1.0019828156
96997,97008,100354,11,3346,2,36000,1.00328750747
97091,97098,100269,7,3171,2,36000,1.00220750552
97227,97233,100393,6,3160,2,36000,1.00189873418
97244,97250,100580,6,3330,2,36000,1.0018018018
97369,97375,100535,6,3160,2,36000,1.00189873418
97397,97403,100630,6,3227,2,36000,1.00185931205
97464,97471,100518,7,3047,2,36000,1.00229734165
97482,97488,100826,6,3338,2,36000,1.00179748352
97591,97597,100825,6,3228,2,36000,1.00185873606
97608,97614,100927,6,3313,2,36000,1.00181104739
97656,97662,101023,6,3361,2,36000,1.00178518298
98274,98281,101513,7,3232,2,36000,1.00216584158
98400,98406,101495,6,3089,2,36000,1.00194237617
98606,98612,101862,6,3250,2,36000,1.00184615385
98639,98645,101844,6,3199,2,36000,1.00187558612
98753,98759,102010,6,3251,2,36000,1.00184558597
98770,98776,101979,6,3203,2,36000,1.00187324383
98922,98931,100832,9,1901,1,1800,1.00473435034
99482,99488,102765,6,3277,2,36000,1.00183094294
99592,99598,102923,6,3325,2,36000,1.00180451128
99659,99666,102919,7,3253,2,36000,1.00215185982
99743,99749,102909,6,3160,2,36000,1.00189873418
99786,99792,103040,6,3248,2,36000,1.00184729064
99798,99804,102889,6,3085,2,36000,1.00194489465
99805,99810,102963,5,3153,2,36000,1.00158579131
99811,99817,103051,6,3234,2,36000,1.00185528757
99823,99829,103156,6,3327,2,36000,1.00180342651
99825,99835,102992,10,3157,2,36000,1.00316756414
99842,99848,102893,6,3045,2,36000,1.00197044335
99843,99854,103096,11,3242,2,36000,1.0033929673
99865,99872,103001,7,3129,2,36000,1.00223713647
99867,99878,103145,11,3267,2,36000,1.00336700337
99895,99901,103131,6,3230,2,36000,1.00185758514
99907,99913,102952,6,3039,2,36000,1.00197433366
99960,99966,103079,6,3113,2,36000,1.00192740122
99967,99973,103236,6,3263,2,36000,1.00183879865
100005,100011,103391,6,3380,2,36000,1.00177514793
100027,100033,103189,6,3156,2,36000,1.00190114068
100033,100039,103292,6,3253,2,36000,1.00184445128
100119,100125,103130,6,3005,2,36000,1.00199667221
100120,100131,103269,11,3138,2,36000,1.00350541746
100276,100282,103554,6,3272,2,36000,1.00183374083
100365,100371,103470,6,3099,2,36000,1.00193610842
100403,100409,103600,6,3191,2,36000,1.00188028831
100529,100535,103635,6,3100,2,36000,1.00193548387
100546,100552,103855,6,3303,2,36000,1.00181653043
100589,100595,103582,6,2987,2,36000,1.00200870439
100637,100643,103670,6,3027,2,36000,1.00198216056
100834,100840,104142,6,3302,2,36000,1.00181708056
100836,100846,104038,10,3192,2,36000,1.00313283208
100935,100941,103898,6,2957,2,36000,1.00202908353
101034,101040,104271,6,3231,2,36000,1.00185701021
101503,101509,104752,6,3243,2,36000,1.00185013876
101520,101526,104920,6,3394,2,36000,1.00176782557
101852,101858,105207,6,3349,2,36000,1.00179157958
101869,101875,105051,6,3176,2,36000,1.00188916877
101989,101996,105204,7,3208,2,36000,1.00218204489
102017,102023,105091,6,3068,2,36000,1.00195567145
102775,102781,105846,6,3065,2,36000,1.00195758564
102900,102907,106199,7,3292,2,36000,1.00212636695
102902,102913,106243,11,3330,2,36000,1.0033033033
102919,102925,106127,6,3202,2,36000,1.00187382886
102926,102931,106081,5,3150,2,36000,1.00158730159
102932,102939,106081,7,3142,2,36000,1.00222788033
102960,102966,106383,6,3417,2,36000,1.00175592625
102972,102978,106187,6,3209,2,36000,1.00186974135
102999,103005,106308,6,3303,2,36000,1.00181653043
103011,103017,106137,6,3120,2,36000,1.00192307692
103047,103053,103179,6,126,1,1800,1.04761904762
103049,103059,106350,10,3291,2,36000,1.00303859009
103061,103067,106150,6,3083,2,36000,1.00194615634
103088,103095,106390,7,3295,2,36000,1.00212443096
103105,103112,106415,7,3303,2,36000,1.0021192855
103138,103144,106390,6,3246,2,36000,1.00184842884
103140,103150,106287,10,3137,2,36000,1.00318775901
103151,103158,106258,7,3100,2,36000,1.00225806452
103163,103169,106421,6,3252,2,36000,1.00184501845
103196,103202,106486,6,3284,2,36000,1.00182704019
103244,103250,106529,6,3279,2,36000,1.00182982617
103277,103283,106448,6,3165,2,36000,1.0018957346
103299,103305,106583,6,3278,2,36000,1.00183038438
103404,103410,106652,6,3242,2,36000,1.00185070944
103474,103480,103586,6,106,1,1800,1.05660377358
103477,103486,106644,9,3158,2,36000,1.002849905
103561,103567,106570,6,3003,2,36000,1.001998002
103589,103595,106719,6,3124,2,36000,1.0019206146
103606,103612,107005,6,3393,2,36000,1.0017683466
103644,103650,106888,6,3238,2,36000,1.00185299568
103676,103682,106939,6,3257,2,36000,1.00184218606
103865,103871,107226,6,3355,2,36000,1.00178837556
103903,103909,106925,6,3016,2,36000,1.00198938992
104044,104050,107458,6,3408,2,36000,1.00176056338
104149,104155,107454,6,3299,2,36000,1.00181873295
104233,104239,104794,6,555,1,1800,1.01081081081
104279,104286,107445,7,3159,2,36000,1.0022158911
104761,104767,108012,6,3245,2,36000,1.00184899846
104928,104935,108194,7,3259,2,36000,1.00214789813
105060,105066,108171,6,3105,2,36000,1.00193236715
105098,105104,108277,6,3173,2,36000,1.00189095493
105214,105221,108480,7,3259,2,36000,1.00214789813
105216,105227,108495,11,3268,2,36000,1.00336597307
105856,105862,109075,6,3213,2,36000,1.00186741363
106089,106095,109307,6,3212,2,36000,1.00186799502
106091,106101,109394,10,3293,2,36000,1.00303674461
106134,106140,109351,6,3211,2,36000,1.00186857677
106146,106152,109321,6,3169,2,36000,1.00189334175
106157,106164,109144,7,2980,2,36000,1.00234899329
106195,106201,109397,6,3196,2,36000,1.00187734668
106207,106213,109243,6,3030,2,36000,1.00198019802
106250,106256,109151,6,2895,2,36000,1.00207253886
106267,106274,109579,7,3305,2,36000,1.00211800303
106295,106301,109540,6,3239,2,36000,1.00185242359
106317,106323,109445,6,3122,2,36000,1.00192184497
106328,106334,106375,6,41,1,1800,1.14634146341
106360,106366,109592,6,3226,2,36000,1.00185988841
106393,106399,109502,6,3103,2,36000,1.00193361263
106399,106405,109557,6,3152,2,36000,1.0019035533
106401,106411,109703,10,3292,2,36000,1.00303766707
106423,106429,109672,6,3243,2,36000,1.00185013876
106430,106436,109637,6,3201,2,36000,1.00187441425
106457,106463,109647,6,3184,2,36000,1.00188442211
106495,106501,109730,6,3229,2,36000,1.00185816042
106538,106544,109919,6,3375,2,36000,1.00177777778
106576,106582,109774,6,3192,2,36000,1.00187969925
106590,106596,106644,6,48,1,1800,1.125
106593,106602,110005,9,3403,2,36000,1.00264472524
106652,106658,109834,6,3176,2,36000,1.00188916877
106658,106664,109767,6,3103,2,36000,1.00193361263
106659,106669,106741,10,72,1,1800,1.13888888889
106734,106740,109903,6,3163,2,36000,1.00189693329
106895,106901,110038,6,3137,2,36000,1.0019126554
106933,106939,110283,6,3344,2,36000,1.00179425837
106950,106956,110156,6,3200,2,36000,1.001875
106960,106966,107043,6,77,1,1800,1.07792207792
107019,107025,110322,6,3297,2,36000,1.00181983621
107238,107244,110234,6,2990,2,36000,1.00200668896
107260,107266,107503,6,237,1,1800,1.0253164557
107456,107462,110623,6,3161,2,36000,1.0018981335
107463,107468,110721,5,3253,2,36000,1.00153704273
107464,107474,110592,10,3118,2,36000,1.00320718409
107744,107750,107754,6,4,17,1800,1.0
107982,107988,108260,6,272,1,1800,1.02205882353
108024,108030,111248,6,3218,2,36000,1.00186451212
108180,108186,111352,6,3166,2,36000,1.00189513582
108202,108209,111566,7,3357,2,36000,1.00208519511
108289,108295,111548,6,3253,2,36000,1.00184445128
108490,108496,111574,6,3078,2,36000,1.00194931774
108502,108508,111415,6,2907,2,36000,1.00206398349
108882,108888,108917,6,29,1,1800,1.20689655172
109085,109091,112315,6,3224,2,36000,1.00186104218
109156,109161,112528,5,3367,2,36000,1.00148500149
109157,109168,112391,11,3223,2,36000,1.00341296928
109215,109222,109282,7,60,1,1800,1.11666666667
109254,109260,112460,6,3200,2,36000,1.001875
109322,109328,112382,6,3054,2,36000,1.00196463654
109329,109335,112577,6,3242,2,36000,1.00185070944
109361,109367,112671,6,3304,2,36000,1.00181598063
109399,109405,112675,6,3270,2,36000,1.00183486239
109406,109412,112799,6,3387,2,36000,1.00177147919
109454,109460,112610,6,3150,2,36000,1.0019047619
109507,109513,112781,6,3268,2,36000,1.00183598531
109551,109557,112822,6,3265,2,36000,1.00183767228
109568,109574,112790,6,3216,2,36000,1.00186567164
109585,109590,112726,5,3136,2,36000,1.00159438776
109602,109608,112937,6,3329,2,36000,1.00180234305
109645,109651,112888,6,3237,2,36000,1.00185356812
109657,109663,112991,6,3328,2,36000,1.00180288462
109679,109685,113058,6,3373,2,36000,1.0017788319
109712,109718,113004,6,3286,2,36000,1.00182592818
109739,109745,112927,6,3182,2,36000,1.00188560654
109777,109783,113046,6,3263,2,36000,1.00183879865
109784,109790,113032,6,3242,2,36000,1.00185070944
109842,109849,112958,7,3109,2,36000,1.00225152782
109916,109923,112873,7,2950,2,36000,1.00237288136
109928,109934,113019,6,3085,2,36000,1.00194489465
110012,110018,113235,6,3217,2,36000,1.0018650917
110030,110036,110155,6,119,1,1800,1.05042016807
110045,110051,113210,6,3159,2,36000,1.00189933523
110166,110172,113273,6,3101,2,36000,1.00193485972
110245,110251,113555,6,3304,2,36000,1.00181598063
110293,110299,113417,6,3118,2,36000,1.00192431046
110331,110337,113773,6,3436,2,36000,1.00174621653
110603,110609,113660,6,3051,2,36000,1.00196656834
110630,110637,113792,7,3155,2,36000,1.00221870048
110730,110736,113868,6,3132,2,36000,1.00191570881
111256,111262,114513,6,3251,2,36000,1.00184558597
111363,111370,114464,7,3094,2,36000,1.00226244344
111422,111428,114776,6,3348,2,36000,1.0017921147
111556,111562,114780,6,3218,2,36000,1.00186451212
111573,111579,114610,6,3031,2,36000,1.0019795447
111580,111586,114847,6,3261,2,36000,1.0018399264
112322,112328,115726,6,3398,2,36000,1.00176574456
112390,112396,115677,6,3281,2,36000,1.00182871076
112397,112403,115580,6,3177,2,36000,1.00188857413
112470,112476,115790,6,3314,2,36000,1.00181050091
112538,112545,115639,7,3094,2,36000,1.00226244344
112587,112593,115734,6,3141,2,36000,1.00191021968
112620,112626,115935,6,3309,2,36000,1.00181323663
112678,112684,115811,6,3127,2,36000,1.00191877199
112685,112691,115824,6,3133,2,36000,1.00191509735
112734,112740,115740,6,3000,2,36000,1.002
112787,112793,116068,6,3275,2,36000,1.00183206107
112799,112805,115635,6,2830,2,36000,1.00212014134
112806,112812,116070,6,3258,2,36000,1.00184162063
112828,112834,116079,6,3245,2,36000,1.00184899846
112881,112888,116247,7,3359,2,36000,1.00208395356
112893,112899,116248,6,3349,2,36000,1.00179157958
112937,112943,116098,6,3155,2,36000,1.00190174326
112944,112949,116223,5,3274,2,36000,1.00152718387
112966,112972,116315,6,3343,2,36000,1.00179479509
112999,113005,116356,6,3351,2,36000,1.0017905103
113011,113017,115993,6,2976,2,36000,1.00201612903
113028,113034,116163,6,3129,2,36000,1.00191754554
113040,113046,116565,6,3519,2,36000,1.00170502984
113051,113057,116226,6,3169,2,36000,1.00189334175
113064,113069,116225,5,3156,2,36000,1.0015842839
113217,113223,116390,6,3167,2,36000,1.00189453742
113244,113251,116401,7,3150,2,36000,1.00222222222
113282,113288,116378,6,3090,2,36000,1.00194174757
113424,113430,116820,6,3390,2,36000,1.0017699115
113564,113570,116834,6,3264,2,36000,1.00183823529
113670,113676,116784,6,3108,2,36000,1.00193050193
113785,113791,116678,6,2887,2,36000,1.00207828195
113802,113808,117122,6,3314,2,36000,1.00181050091
113875,113881,116902,6,3021,2,36000,1.00198609732
114107,114113,118928,6,4815,16,54000,1.00124610592
114475,114481,117705,6,3224,2,36000,1.00186104218
114523,114530,117684,7,3154,2,36000,1.00221940393
114618,114624,117857,6,3233,2,36000,1.00185586143
114784,114790,118034,6,3244,2,36000,1.00184956843
114786,114796,118002,10,3206,2,36000,1.00311915159
114854,114861,118034,7,3173,2,36000,1.00220611409
115587,115593,118034,6,2441,2,36000,1.00245800901
115645,115651,118034,6,2383,2,36000,1.00251783466
115646,115657,118034,11,2377,2,36000,1.00462768195
115686,115692,118034,6,2342,2,36000,1.00256191289
115734,115740,118034,6,2294,2,36000,1.00261551874
115741,115746,118034,5,2288,2,36000,1.00218531469
115747,115754,118034,7,2280,2,36000,1.00307017544
115796,115802,118034,6,2232,2,36000,1.00268817204
115818,115824,118034,6,2210,2,36000,1.00271493213
115830,115836,118034,6,2198,2,36000,1.00272975432
115946,115952,118034,6,2082,2,36000,1.00288184438
116000,116006,118034,6,2028,2,36000,1.00295857988
116079,116086,118034,7,1948,2,36000,1.00359342916
116081,116092,118034,11,1942,2,36000,1.00566426365
116088,116098,118034,10,1936,2,36000,1.00516528926
116105,116111,118034,6,1923,2,36000,1.0031201248
116173,116179,118034,6,1855,2,36000,1.00323450135
116231,116237,118034,6,1797,2,36000,1.00333889816
116233,116243,118034,10,1791,2,36000,1.00558347292
116235,116248,118034,13,1786,2,36000,1.00727883539
116257,116263,118034,6,1771,2,36000,1.00338791643
116258,116269,118034,11,1765,2,36000,1.00623229462
116327,116333,118034,6,1701,2,36000,1.00352733686
116365,116371,118034,6,1663,2,36000,1.00360793746
116387,116393,118034,6,1641,2,36000,1.00365630713
116399,116405,118034,6,1629,2,36000,1.00368324125
116411,116417,118034,6,1617,2,36000,1.00371057514
116573,116580,118034,7,1454,2,36000,1.00481430536
116689,116695,118034,6,1339,2,36000,1.00448095594
116796,116802,118034,6,1232,2,36000,1.00487012987
116829,116835,118034,6,1199,2,36000,1.00500417014
116841,116847,118034,6,1187,2,36000,1.0050547599
116910,116916,118034,6,1118,2,36000,1.0053667263
117134,117140,118034,6,894,2,36000,1.0067114094
117691,117697,118034,6,337,2,36000,1.0178041543
117714,117720,118034,6,314,2,36000,1.01910828025
117865,117871,118034,6,163,2,36000,1.03680981595
118469,118475,121547,6,3072,2,36000,1.001953125
118470,118481,121620,11,3139,2,36000,1.00350430073
118471,118486,121641,15,3155,2,36000,1.00475435816
118472,118491,121588,19,3097,2,36000,1.00613496933
118474,118496,121687,22,3191,2,36000,1.00689439047
118475,118501,121684,26,3183,2,36000,1.0081683946
118476,118508,121673,32,3165,2,36000,1.01011058452
118478,118513,121724,35,3211,2,36000,1.01090003114
118479,118518,121703,39,3185,2,36000,1.01224489796
118480,118523,121670,43,3147,2,36000,1.0136638068
118482,118528,121715,46,3187,2,36000,1.01443363665
118483,118534,121722,51,3188,2,36000,1.01599749059
118484,118539,121623,55,3084,2,36000,1.01783398184
118486,118544,121612,58,3068,2,36000,1.01890482399
118487,118549,121768,62,3219,2,36000,1.01926063995
118488,118554,121749,66,3195,2,36000,1.020657277
118490,118559,121634,69,3075,2,36000,1.02243902439
118491,118565,121711,74,3146,2,36000,1.02352193261
118492,118570,121828,78,3258,2,36000,1.02394106814
118493,118575,121706,82,3131,2,36000,1.02618971575
118500,118580,118582,80,2,2,21600,8.2
119244,119251,119252,7,1,1,900,1.0
119376,119382,122587,6,3205,2,36000,1.00187207488
119378,119388,122644,10,3256,2,36000,1.00307125307
119379,119393,122591,14,3198,2,36000,1.00437773609
119380,119398,122547,18,3149,2,36000,1.00571610035
119381,119403,122585,22,3182,2,36000,1.00691389063
119383,119410,122514,27,3104,2,36000,1.00869845361
119384,119415,122565,31,3150,2,36000,1.00984126984
119385,119420,122567,35,3147,2,36000,1.01112170321
119387,119425,122515,38,3090,2,36000,1.01229773463
119388,119431,122513,43,3082,2,36000,1.01395197923
119389,119436,122729,47,3293,2,36000,1.01427269967
119391,119441,122725,50,3284,2,36000,1.01522533496
119392,119446,122528,54,3082,2,36000,1.0175210902
119393,119452,122613,59,3161,2,36000,1.01866497944
119395,119457,122705,62,3248,2,36000,1.01908866995
119396,119462,122580,66,3118,2,36000,1.02116741501
119397,119467,122700,70,3233,2,36000,1.02165171667
119399,119472,122665,73,3193,2,36000,1.02286251174
119400,119478,122571,78,3093,2,36000,1.02521823472
119401,119483,122537,82,3054,2,36000,1.02685003274
119477,119489,123842,12,4353,2,21600,1.0027567195
121550,121558,124841,8,3283,2,36000,1.00243679561
121589,121599,124786,10,3187,2,36000,1.0031377471
121613,121623,124852,10,3229,2,36000,1.00309693404
121627,121634,124865,7,3231,2,36000,1.00216651192
121629,121640,124816,11,3176,2,36000,1.00346347607
121644,121650,124724,6,3074,2,36000,1.00195185426
121645,121656,124827,11,3171,2,36000,1.00346893724
121664,121670,143315,6,21645,2,21600,1.00027720028
121672,121682,125017,10,3335,2,36000,1.00299850075
121687,121693,124872,6,3179,2,36000,1.00188738597
121689,121699,124853,10,3154,2,36000,1.00317057705
121690,121704,124786,14,3082,2,36000,1.00454250487
121705,121714,124798,9,3084,2,36000,1.00291828794
121721,121726,124872,5,3146,2,36000,1.00158931977
121722,121732,124775,10,3043,2,36000,1.00328623069
121723,121737,124897,14,3160,2,36000,1.00443037975
121738,121744,124887,6,3143,2,36000,1.00190900414
121740,121750,124902,10,3152,2,36000,1.00317258883
121754,121760,124938,6,3178,2,36000,1.00188797986
121769,121779,125043,10,3264,2,36000,1.00306372549
121829,121839,125012,10,3173,2,36000,1.00315159155
121944,121950,124078,6,2128,1,3600,1.00281954887
122516,122524,125735,8,3211,2,36000,1.00249143569
122518,122530,125586,12,3056,2,36000,1.00392670157
122519,122535,125634,16,3099,2,36000,1.00516295579
122534,122541,125711,7,3170,2,36000,1.00220820189
122549,122555,125625,6,3070,2,36000,1.00195439739
122550,122561,125611,11,3050,2,36000,1.00360655738
122568,122576,125830,8,3254,2,36000,1.0024585126
122569,122582,125808,13,3226,2,36000,1.00402975821
122585,122591,125859,6,3268,2,36000,1.00183598531
122586,122597,125785,11,3188,2,36000,1.00345043915
122587,122602,125758,15,3156,2,36000,1.00475285171
122601,122608,129190,7,6582,16,54000,1.00106350653
122604,122614,125840,10,3226,2,36000,1.00309981401
122605,122619,125978,14,3359,2,36000,1.00416790712
122620,122626,125921,6,3295,2,36000,1.00182094082
122647,122656,125769,9,3113,2,36000,1.00289110183
122668,122676,125873,8,3197,2,36000,1.00250234595
122701,122711,125873,10,3162,2,36000,1.00316255534
122716,122722,125953,6,3231,2,36000,1.00185701021
122731,122737,125975,6,3238,2,36000,1.00185299568
122733,122743,125862,10,3119,2,36000,1.00320615582
123031,123037,123040,6,3,17,1800,1.0
123914,123920,123923,6,3,17,1800,1.0
124526,124533,124535,7,2,17,1800,1.0
124724,124735,127974,11,3239,2,36000,1.00339610991
124775,124786,128094,11,3308,2,36000,1.00332527207
124790,124796,127914,6,3118,2,36000,1.00192431046
124792,124802,127950,10,3148,2,36000,1.00317662008
124806,124812,127992,6,3180,2,36000,1.00188679245
124821,124827,128024,6,3197,2,36000,1.00187675946
124836,124842,127841,6,2999,2,36000,1.00200066689
124851,124857,128001,6,3144,2,36000,1.00190839695
124867,124873,128011,6,3138,2,36000,1.00191204589
124868,124879,127932,11,3053,2,36000,1.00360301343
124869,124884,128062,15,3178,2,36000,1.00471994965
124884,124890,128052,6,3162,2,36000,1.00189753321
124885,124896,128033,11,3137,2,36000,1.00350653491
124900,124906,128062,6,3156,2,36000,1.00190114068
124901,124912,128215,11,3303,2,36000,1.00333030578
124917,124923,128158,6,3235,2,36000,1.00185471406
124940,124949,128098,9,3149,2,36000,1.00285805017
125013,125023,128205,10,3182,2,36000,1.00314267756
125028,125034,128157,6,3123,2,36000,1.00192122959
125045,125054,128228,9,3174,2,36000,1.00283553875
125588,125598,128724,10,3126,2,36000,1.00319897633
125612,125622,128801,10,3179,2,36000,1.00314564328
125627,125637,128859,10,3222,2,36000,1.00310366232
125642,125648,129022,6,3374,2,36000,1.00177830468
125714,125723,128912,9,3189,2,36000,1.00282220132
125735,125746,128909,11,3163,2,36000,1.00347771103
125759,125769,128938,10,3169,2,36000,1.00315556958
125774,125780,128995,6,3215,2,36000,1.00186625194
125789,125796,128900,7,3104,2,36000,1.00225515464
125810,125819,129030,9,3211,2,36000,1.00280286515
125831,125842,129086,11,3244,2,36000,1.00339087546
125846,125851,128950,5,3099,2,36000,1.00161342369
125861,125870,129050,9,3180,2,36000,1.00283018868
125876,125882,129159,6,3277,2,36000,1.00183094294
125877,125888,129093,11,3205,2,36000,1.00343213729
125879,125893,129048,14,3155,2,36000,1.00443740095
125924,125932,129073,8,3141,2,36000,1.00254695957
125954,125964,129084,10,3120,2,36000,1.00320512821
125979,125989,129212,10,3223,2,36000,1.00310269935
125980,125994,129060,14,3066,2,36000,1.00456621005
127322,127328,127330,6,2,17,1800,1.0
127720,127726,127728,6,2,17,1800,1.0
127843,127852,131147,9,3295,2,36000,1.00273141123
127915,127925,131145,10,3220,2,36000,1.00310559006
127933,127944,131144,11,3200,2,36000,1.0034375
127950,127961,131147,11,3186,2,36000,1.00345260515
127975,127986,131333,11,3347,2,36000,1.00328652525
127992,128003,131174,11,3171,2,36000,1.00346893724
128007,128013,131198,6,3185,2,36000,1.00188383046
128022,128028,131245,6,3217,2,36000,1.0018650917
128037,128043,131261,6,3218,2,36000,1.00186451212
128038,128049,131324,11,3275,2,36000,1.00335877863
128053,128063,131188,10,3125,2,36000,1.0032
128068,128075,131351,7,3276,2,36000,1.00213675214
128070,128081,131251,11,3170,2,36000,1.00347003155
128097,128105,131349,8,3244,2,36000,1.00246609125
128111,128118,131349,7,3231,2,36000,1.00216651192
128160,128168,131391,8,3223,2,36000,1.00248215948
128161,128174,131373,13,3199,2,36000,1.00406376993
128207,128216,131515,9,3299,2,36000,1.00272809942
128221,128229,131366,8,3137,2,36000,1.0025502072
128236,128243,131427,7,3184,2,36000,1.00219849246
128726,128735,131815,9,3080,2,36000,1.00292207792
128804,128813,131947,9,3134,2,36000,1.00287172942
128861,128871,132055,10,3184,2,36000,1.00314070352
128900,128911,132043,11,3132,2,36000,1.00351213282
128916,128922,132020,6,3098,2,36000,1.00193673338
128917,128928,132212,11,3284,2,36000,1.00334957369
128941,128949,132018,8,3069,2,36000,1.00260671228
128956,128961,132117,5,3156,2,36000,1.0015842839
128998,129006,132086,8,3080,2,36000,1.0025974026
129025,129033,132235,8,3202,2,36000,1.00249843848
129039,129045,132286,6,3241,2,36000,1.00185128047
129054,129060,132202,6,3142,2,36000,1.00190961171
129056,129066,132309,10,3243,2,36000,1.0030835646
129070,129077,132147,7,3070,2,36000,1.00228013029
129086,129092,132339,6,3247,2,36000,1.00184785956
129087,129098,132333,11,3235,2,36000,1.00340030912
129088,129103,132253,15,3150,2,36000,1.00476190476
129103,129109,132262,6,3153,2,36000,1.00190294957
129160,129170,132517,10,3347,2,36000,1.00298775022
129215,129223,132451,8,3228,2,36000,1.00247831475
131145,131155,134385,10,3230,2,36000,1.00309597523
131160,131166,134316,6,3150,2,36000,1.0019047619
131161,131172,134406,11,3234,2,36000,1.00340136054
131162,131177,134276,15,3099,2,36000,1.00484027106
131177,131186,134521,9,3335,2,36000,1.00269865067
131192,131199,134352,7,3153,2,36000,1.00222010783
131207,131213,134413,6,3200,2,36000,1.001875
131246,131257,134459,11,3202,2,36000,1.0034353529
131261,131267,134450,6,3183,2,36000,1.00188501414
131262,131273,134446,11,3173,2,36000,1.00346675071
131326,131335,134516,9,3181,2,36000,1.00282929896
131341,131347,134490,6,3143,2,36000,1.00190900414
131355,131361,157689,6,26328,16,43200,1.00022789426
131356,131367,134532,11,3165,2,36000,1.00347551343
131357,131372,134566,15,3194,2,36000,1.00469630557
131359,131377,134533,18,3156,2,36000,1.00570342205
131374,131383,134633,9,3250,2,36000,1.00276923077
131375,131394,134573,19,3179,2,36000,1.00597672224
131393,131402,134559,9,3157,2,36000,1.00285080773
131429,131438,134601,9,3163,2,36000,1.00284539994
131517,131527,134770,10,3243,2,36000,1.0030835646
131815,131826,134962,11,3136,2,36000,1.00350765306
131948,131958,135127,10,3169,2,36000,1.00315556958
132020,132029,135215,9,3186,2,36000,1.00282485876
132021,132035,135054,14,3019,2,36000,1.00463729712
132046,132054,135243,8,3189,2,36000,1.00250862339
132060,132066,135305,6,3239,2,36000,1.00185242359
132087,132097,135270,10,3173,2,36000,1.00315159155
132117,132128,135224,11,3096,2,36000,1.00355297158
132150,132158,135398,8,3240,2,36000,1.0024691358
132204,132214,135319,10,3105,2,36000,1.00322061192
132219,132225,135487,6,3262,2,36000,1.00183936235
132237,132246,135371,9,3125,2,36000,1.00288
132240,132251,153609,11,21358,14,43200,1.0005150295
132255,132264,135543,9,3279,2,36000,1.00274473925
132270,132276,135593,6,3317,2,36000,1.00180886343
132288,132298,135407,10,3109,2,36000,1.00321646832
132312,132320,135464,8,3144,2,36000,1.00254452926
132336,132344,135669,8,3325,2,36000,1.00240601504
132351,132357,135449,6,3092,2,36000,1.00194049159
132453,132462,135474,9,3012,2,36000,1.00298804781
132520,132528,135715,8,3187,2,36000,1.00251019768
132899,132905,132909,6,4,17,1800,1.0
133252,133258,133962,6,704,2,14400,1.00852272727
133568,133574,133579,6,5,1,3600,1.1
133696,133702,133705,6,3,1,3600,1.0
133711,133717,133776,6,59,10,43200,1.10169491525
133937,133943,133968,6,25,2,14400,1.24
133966,133972,139719,6,5747,2,14400,1.00104402297
133985,133992,150417,7,16425,10,43200,1.0004261796
134277,134287,137616,10,3329,2,36000,1.00300390508
134319,134327,137500,8,3173,2,36000,1.00252127324
134355,134363,137556,8,3193,2,36000,1.00250548074
134377,134383,150039,6,15656,12,43200,1.00038323965
134388,134396,137568,8,3172,2,36000,1.0025220681
134409,134417,137719,8,3302,2,36000,1.00242277408
134423,134430,137521,7,3091,2,36000,1.00226463928
134447,134457,137492,10,3035,2,36000,1.00329489292
134463,134469,137594,6,3125,2,36000,1.00192
134464,134475,137642,11,3167,2,36000,1.0034733186
134491,134501,137747,10,3246,2,36000,1.00308071473
134511,134517,134930,6,413,2,43200,1.01452784504
134518,134527,137648,9,3121,2,36000,1.00288369112
134534,134540,137631,6,3091,2,36000,1.00194111938
134535,134546,137713,11,3167,2,36000,1.0034733186
134536,134551,137785,15,3234,2,36000,1.00463821892
134560,134570,137661,10,3091,2,36000,1.00323519896
134575,134582,137769,7,3187,2,36000,1.00219642297
134577,134588,137748,11,3160,2,36000,1.00348101266
134604,134612,137879,8,3267,2,36000,1.00244872972
134633,134644,137763,11,3119,2,36000,1.0035267714
134772,134782,137947,10,3165,2,36000,1.00315955766
134962,134973,138257,11,3284,2,36000,1.00334957369
135056,135065,138215,9,3150,2,36000,1.00285714286
135128,135138,138335,10,3197,2,36000,1.00312793244
135176,135182,145409,6,10227,2,28800,1.00058668231
135215,135226,138424,11,3198,2,36000,1.00343964978
135230,135236,138305,6,3069,2,36000,1.00195503421
135245,135254,138529,9,3275,2,36000,1.0027480916
135272,135281,138660,9,3379,2,36000,1.00266350991
135305,135316,138459,11,3143,2,36000,1.00349984092
135320,135330,138501,10,3171,2,36000,1.00315357931
135372,135382,138527,10,3145,2,36000,1.00317965024
135399,135409,138745,10,3336,2,36000,1.00299760192
135414,135420,138646,6,3226,2,36000,1.00185988841
135450,135460,138627,10,3167,2,36000,1.00315756236
135465,135476,138651,11,3175,2,36000,1.00346456693
135480,135486,138671,6,3185,2,36000,1.00188383046
135494,135501,138653,7,3152,2,36000,1.00222081218
135545,135555,138812,10,3257,2,36000,1.0030703101
135593,135604,138774,11,3170,2,36000,1.00347003155
135672,135680,138818,8,3138,2,36000,1.00254939452
135717,135727,138676,10,2949,2,36000,1.00339097999
136033,136040,150946,7,14906,14,43200,1.00046960955
136220,136226,136634,6,408,2,43200,1.01470588235
136333,136339,158568,6,22229,4,28800,1.00026991768
137495,137503,140725,8,3222,2,36000,1.00248292986
137509,137516,140752,7,3236,2,36000,1.0021631644
137524,137532,140673,8,3141,2,36000,1.00254695957
137557,137567,140699,10,3132,2,36000,1.00319284802
137572,137579,140803,7,3224,2,36000,1.00217121588
137596,137606,140841,10,3235,2,36000,1.00309119011
137617,137627,140825,10,3198,2,36000,1.00312695435
137632,137643,140800,11,3157,2,36000,1.00348432056
137647,137653,140879,6,3226,2,36000,1.00185988841
137662,137668,141030,6,3362,2,36000,1.00178465199
137664,137674,140766,10,3092,2,36000,1.00323415265
137715,137725,140928,10,3203,2,36000,1.00312207306
137730,137736,140965,6,3229,2,36000,1.00185816042
137748,137758,140939,10,3181,2,36000,1.00314366551
137763,137769,140848,6,3079,2,36000,1.00194868464
137764,137775,140954,11,3179,2,36000,1.00346020761
137779,137785,140982,6,3197,2,36000,1.00187675946
137794,137800,141011,6,3211,2,36000,1.00186857677
137881,137890,141181,9,3291,2,36000,1.00273473108
137947,137958,141138,11,3180,2,36000,1.0034591195
138216,138227,141396,11,3169,2,36000,1.00347112654
138258,138268,141395,10,3127,2,36000,1.00319795331
138306,138317,141542,11,3225,2,36000,1.00341085271
138336,138347,141594,11,3247,2,36000,1.00338774253
138426,138436,141846,10,3410,2,36000,1.00293255132
138463,138471,141760,8,3289,2,36000,1.00243235026
138502,138512,141539,10,3027,2,36000,1.00330360093
138529,138538,141727,9,3189,2,36000,1.00282220132
138530,138544,141602,14,3058,2,36000,1.00457815566
138628,138638,141708,10,3070,2,36000,1.00325732899
138646,138657,141934,11,3277,2,36000,1.00335672872
138662,138668,141862,6,3194,2,36000,1.00187852223
138663,138674,141851,11,3177,2,36000,1.0034623859
138664,138679,141870,15,3191,2,36000,1.00470072078
138680,138685,142037,5,3352,2,36000,1.00149164678
138681,138691,141767,10,3076,2,36000,1.00325097529
138747,138757,141882,10,3125,2,36000,1.0032
138777,138786,142069,9,3283,2,36000,1.00274139507
138814,138823,141955,9,3132,2,36000,1.00287356322
138829,138835,141990,6,3155,2,36000,1.00190174326
140674,140685,143946,11,3261,2,36000,1.00337319841
140701,140711,143898,10,3187,2,36000,1.0031377471
140728,140736,143918,8,3182,2,36000,1.00251414205
140752,140764,143930,12,3166,2,36000,1.00379027164
140767,140777,143990,10,3213,2,36000,1.00311235605
140800,140811,143985,11,3174,2,36000,1.00346565848
140815,140821,144021,6,3200,2,36000,1.001875
140830,140836,144061,6,3225,2,36000,1.00186046512
140845,140852,144012,7,3160,2,36000,1.00221518987
140860,140866,144074,6,3208,2,36000,1.00187032419
140880,140890,144167,10,3277,2,36000,1.00305157156
140895,140901,168180,6,27279,2,43200,1.00021994941
140929,140940,144163,11,3223,2,36000,1.00341296928
140944,140950,144025,6,3075,2,36000,1.00195121951
140959,140965,144037,6,3072,2,36000,1.001953125
140973,140980,144229,7,3249,2,36000,1.00215450908
140988,140994,144145,6,3151,2,36000,1.00190415741
141012,141023,144249,11,3226,2,36000,1.00340979541
141033,141041,144319,8,3278,2,36000,1.00244051251
141139,141150,144305,11,3155,2,36000,1.00348652932
141181,141192,144383,11,3191,2,36000,1.00344719524
141398,141406,144494,8,3088,2,36000,1.00259067358
141399,141412,144581,13,3169,2,36000,1.00410224045
141541,141550,144808,9,3258,2,36000,1.00276243094
141547,141556,147086,9,5530,2,14400,1.00162748644
141556,141562,144744,6,3182,2,36000,1.00188560654
141595,141605,144751,10,3146,2,36000,1.00317863954
141601,141611,169007,10,27396,2,28800,1.00036501679
141610,141617,144824,7,3207,2,36000,1.00218272529
141709,141719,144904,10,3185,2,36000,1.00313971743
141730,141739,144941,9,3202,2,36000,1.00281074329
141760,141771,144959,11,3188,2,36000,1.00345043915
141776,141782,144937,6,3155,2,36000,1.00190174326
141848,141858,145186,10,3328,2,36000,1.00300480769
141863,141869,144951,6,3082,2,36000,1.0019467878
141864,141875,145135,11,3260,2,36000,1.00337423313
141879,141885,144964,6,3079,2,36000,1.00194868464
141894,141900,145047,6,3147,2,36000,1.00190657769
141936,141945,145185,9,3240,2,36000,1.00277777778
141956,141966,145124,10,3158,2,36000,1.00316656111
141992,142001,145059,9,3058,2,36000,1.00294310007
142038,142048,145153,10,3105,2,36000,1.00322061192
142071,142080,145373,9,3293,2,36000,1.00273307015
143106,143112,171955,6,28843,4,28800,1.00020802274
143898,143909,147006,11,3097,2,36000,1.00355182435
143919,143929,147125,10,3196,2,36000,1.00312891114
143934,143941,147153,7,3212,2,36000,1.00217932752
143949,143957,147085,8,3128,2,36000,1.00255754476
143985,143996,147268,11,3272,2,36000,1.00336185819
144000,144006,147221,6,3215,2,36000,1.00186625194
144015,144023,147197,8,3174,2,36000,1.00252047889
144030,144036,147304,6,3268,2,36000,1.00183598531
144031,144042,147196,11,3154,2,36000,1.00348763475
144046,144052,147185,6,3133,2,36000,1.00191509735
144064,144072,147293,8,3221,2,36000,1.00248370071
144079,144084,147155,5,3071,2,36000,1.00162813416
144145,144156,147302,11,3146,2,36000,1.0034965035
144167,144174,147383,7,3209,2,36000,1.00218136491
144182,144188,147309,6,3121,2,36000,1.00192246075
144230,144241,147418,11,3177,2,36000,1.0034623859
144250,144260,147337,10,3077,2,36000,1.00324991875
144308,144316,147380,8,3064,2,36000,1.00261096606
144322,144330,147475,8,3145,2,36000,1.00254372019
144386,144395,147540,9,3145,2,36000,1.00286168521
144494,144505,147700,11,3195,2,36000,1.0034428795
144582,144593,147768,11,3175,2,36000,1.00346456693
144745,144755,147911,10,3156,2,36000,1.00316856781
144759,144766,148067,7,3301,2,36000,1.00212056952
144810,144819,147945,9,3126,2,36000,1.00287907869
144825,144835,148093,10,3258,2,36000,1.00306936771
144907,144915,148164,8,3249,2,36000,1.00246229609
144940,144949,148108,9,3159,2,36000,1.00284900285
144955,144961,148174,6,3213,2,36000,1.00186741363
144957,144967,148062,10,3095,2,36000,1.00323101777
144972,144978,148068,6,3090,2,36000,1.00194174757
144973,144984,148212,11,3228,2,36000,1.00340768278
145048,145058,148203,10,3145,2,36000,1.00317965024
145063,145070,148223,7,3153,2,36000,1.00222010783
145124,145135,148201,11,3066,2,36000,1.00358773646
145139,145146,148435,7,3289,2,36000,1.00212830648
145154,145164,148288,10,3124,2,36000,1.00320102433
145187,145196,148414,9,3218,2,36000,1.00279676818
145189,145202,148390,13,3188,2,36000,1.00407779172
145376,145384,148580,8,3196,2,36000,1.00250312891
145432,235932,236701,90500,769,1,72000,118.685305592
145433,235943,236712,90510,769,1,72000,118.698309493
145433,236254,237918,90821,1664,1,72000,55.5799278846
145433,236712,237366,91279,654,1,72000,140.570336391
145433,236249,237308,90816,1059,1,72000,86.7563739377
145433,235938,237216,90505,1278,1,72000,71.8176838811
145433,235949,236771,90516,822,1,72000,111.116788321
145433,236723,241973,91290,5250,1,72000,18.3885714286
145434,237228,238150,91794,922,1,72000,100.559652928
145434,237319,238866,91885,1547,1,72000,60.3956043956
145434,237929,238411,92495,482,1,72000,192.898340249
145434,237377,237917,91943,540,1,72000,171.264814815
145434,243258,245743,97824,2485,1,72000,40.3657947686
145434,243122,245716,97688,2594,1,72000,38.6592135698
145434,242849,243433,97415,584,1,72000,167.806506849
145434,236782,241727,91348,4945,1,72000,19.4728008089
145435,245087,249517,99652,4430,1,72000,23.4948081264
145435,243698,252023,98263,8325,1,72000,12.8033633634
145435,245754,246601,100319,847,1,72000,119.440377804
145435,244334,246408,98899,2074,1,72000,48.6851494696
145435,243609,244323,98174,714,1,72000,138.49859944
145435,243444,246787,98009,3343,1,72000,30.3176787317
145435,245728,246785,100293,1057,1,72000,95.8845789972
145436,237934,242597,92498,4663,1,72000,20.8365858889
145436,238878,243598,93442,4720,1,72000,20.7970338983
145436,246420,246864,100984,444,1,72000,228.441441441
145436,238161,242838,92725,4677,1,72000,20.8257429976
145436,241738,242387,96302,649,1,72000,149.385208012
145436,239007,240236,93571,1229,1,72000,77.1358828316
145436,238422,238996,92986,574,1,72000,162.996515679
145436,240247,242282,94811,2035,1,72000,47.5901719902
145437,242398,243687,96961,1289,1,72000,76.2218774244
145437,241984,243110,96547,1126,1,72000,86.743339254
145437,242608,245075,97171,2467,1,72000,40.3883259019
145437,242293,242761,96856,468,1,72000,207.957264957
147009,147018,150239,9,3221,2,36000,1.0027941633
147087,147097,150279,10,3182,2,36000,1.00314267756
147127,147136,150227,9,3091,2,36000,1.00291167907
147154,147164,150359,10,3195,2,36000,1.00312989045
147168,147174,150367,6,3193,2,36000,1.00187911055
147186,147197,150746,11,3549,2,36000,1.00309946464
147202,147207,150432,5,3225,2,36000,1.0015503876
147203,147213,150225,10,3012,2,36000,1.00332005312
147224,147232,150427,8,3195,2,36000,1.00250391236
147270,147279,150470,9,3191,2,36000,1.00282043247
147294,147304,150493,10,3189,2,36000,1.00313577924
147309,147315,150539,6,3224,2,36000,1.00186104218
147310,147321,150640,11,3319,2,36000,1.00331425128
147312,147326,150442,14,3116,2,36000,1.00449293967
147339,147348,150537,9,3189,2,36000,1.00282220132
147381,147391,150619,10,3228,2,36000,1.00309789343
147396,147402,150536,6,3134,2,36000,1.00191448628
147420,147429,150673,9,3244,2,36000,1.00277435265
147477,147486,150590,9,3104,2,36000,1.00289948454
147543,147552,150755,9,3203,2,36000,1.00280986575
147700,147711,150893,11,3182,2,36000,1.00345694532
147770,147780,150949,10,3169,2,36000,1.00315556958
147911,147922,151007,11,3085,2,36000,1.00356564019
147947,147957,151023,10,3066,2,36000,1.0032615786
148065,148074,151209,9,3135,2,36000,1.0028708134
148080,148086,151407,6,3321,2,36000,1.00180668473
148081,148092,151217,11,3125,2,36000,1.00352
148096,148104,151209,8,3105,2,36000,1.00257648953
148113,148119,151341,6,3222,2,36000,1.00186219739
148167,148175,151244,8,3069,2,36000,1.00260671228
148182,148188,151412,6,3224,2,36000,1.00186104218
148203,148212,151383,9,3171,2,36000,1.00283822138
148204,148218,151295,14,3077,2,36000,1.00454988625
148219,148226,151341,7,3115,2,36000,1.00224719101
148234,148240,151375,6,3135,2,36000,1.0019138756
148288,148299,151402,11,3103,2,36000,1.00354495649
148391,148401,151587,10,3186,2,36000,1.00313873195
148415,148426,151600,11,3174,2,36000,1.00346565848
148436,148446,151649,10,3203,2,36000,1.00312207306
148581,148592,151851,11,3259,2,36000,1.00337526849
149034,235719,235720,86685,1,4,172800,8668.6
149034,235682,235685,86648,3,4,172800,8665.1
149035,235772,235773,86737,1,4,172800,8673.8
149035,235760,235761,86725,1,4,172800,8672.6
149035,235736,235737,86701,1,4,172800,8670.2
149035,235748,235749,86713,1,4,172800,8671.4
150228,150236,153415,8,3179,2,36000,1.00251651463
150229,150242,153422,13,3180,2,36000,1.00408805031
150244,150249,153441,5,3192,2,36000,1.00156641604
150280,150290,153446,10,3156,2,36000,1.00316856781
150361,150371,153605,10,3234,2,36000,1.00309214595
150376,150382,153669,6,3287,2,36000,1.00182537268
150427,150438,153650,11,3212,2,36000,1.00342465753
150442,150448,153660,6,3212,2,36000,1.00186799502
150444,150454,153711,10,3257,2,36000,1.0030703101
150471,150481,153776,10,3295,2,36000,1.00303490137
150495,150504,153669,9,3165,2,36000,1.0028436019
150537,150547,153758,10,3211,2,36000,1.00311429461
150538,150553,153774,15,3221,2,36000,1.00465693884
150553,150559,153817,6,3258,2,36000,1.00184162063
150592,150601,153832,9,3231,2,36000,1.00278551532
150622,150631,153854,9,3223,2,36000,1.00279242941
150640,150651,153893,11,3242,2,36000,1.0033929673
150676,150684,153758,8,3074,2,36000,1.00260247235
150749,150757,153947,8,3190,2,36000,1.00250783699
150764,150770,153944,6,3174,2,36000,1.00189035917
150781,150787,156013,6,5226,2,14400,1.00114810563
150893,150904,153983,11,3079,2,36000,1.0035725885
150950,150960,154129,10,3169,2,36000,1.00315556958
151011,151019,154119,8,3100,2,36000,1.00258064516
151026,151034,153947,8,2913,2,36000,1.00274630965
151210,151220,154382,10,3162,2,36000,1.00316255534
151211,151225,154363,14,3138,2,36000,1.00446144041
151226,151232,154549,6,3317,2,36000,1.00180886343
151247,151255,154440,8,3185,2,36000,1.00251177394
151298,151306,154575,8,3269,2,36000,1.00244723157
151344,151352,154536,8,3184,2,36000,1.00251256281
151346,151358,154538,12,3180,2,36000,1.00377358491
151364,151370,178874,6,27504,2,43200,1.00021815009
151376,151386,154605,10,3219,2,36000,1.00310655483
151391,151397,154552,6,3155,2,36000,1.00190174326
151406,151413,154487,7,3074,2,36000,1.00227716331
151421,151427,154614,6,3187,2,36000,1.00188264826
151422,151433,154616,11,3183,2,36000,1.00345585925
151588,151598,154848,10,3250,2,36000,1.00307692308
151603,151611,154766,8,3155,2,36000,1.00253565769
151651,151660,154826,9,3166,2,36000,1.00284270373
151820,151826,166500,6,14674,14,43200,1.00040888647
151853,151862,155028,9,3166,2,36000,1.00284270373
153009,153015,160945,6,7930,4,50400,1.00075662043
153256,235784,235916,82528,132,4,86400,626.212121212
153416,153426,156601,10,3175,2,36000,1.0031496063
153431,153437,156733,6,3296,2,36000,1.00182038835
153446,153452,156703,6,3251,2,36000,1.00184558597
153460,153466,156689,6,3223,2,36000,1.00186161961
153608,153617,156780,9,3163,2,36000,1.00284539994
153650,153661,156714,11,3053,2,36000,1.00360301343
153665,153671,156858,6,3187,2,36000,1.00188264826
153680,153686,156730,6,3044,2,36000,1.00197109067
153682,153692,156853,10,3161,2,36000,1.00316355584
153715,153722,156931,7,3209,2,36000,1.00218136491
153760,153769,157068,9,3299,2,36000,1.00272809942
153761,153774,156953,13,3179,2,36000,1.00408933627
153776,153786,156995,10,3209,2,36000,1.00311623559
153778,153792,157068,14,3276,2,36000,1.00427350427
153820,153828,156929,8,3101,2,36000,1.00257981296
153834,153843,157022,9,3179,2,36000,1.00283107896
153855,153865,157030,10,3165,2,36000,1.00315955766
153894,153904,157123,10,3219,2,36000,1.00310655483
153946,153956,157153,10,3197,2,36000,1.00312793244
153960,153967,157039,7,3072,2,36000,1.00227864583
153962,153972,157110,10,3138,2,36000,1.00318674315
153986,153994,157156,8,3162,2,36000,1.00253004428
154121,154130,157267,9,3137,2,36000,1.0028689831
154136,154142,157379,6,3237,2,36000,1.00185356812
154365,154374,157529,9,3155,2,36000,1.0028526149
154383,154393,157578,10,3185,2,36000,1.00313971743
154440,154451,157549,11,3098,2,36000,1.00355067786
154488,154499,157645,11,3146,2,36000,1.0034965035
154540,154547,157776,7,3229,2,36000,1.00216785382
154541,154553,157618,12,3065,2,36000,1.00391517129
154557,154562,157618,5,3056,2,36000,1.00163612565
154558,154568,157839,10,3271,2,36000,1.00305716906
154576,154586,157776,10,3190,2,36000,1.00313479624
154606,154616,157756,10,3140,2,36000,1.00318471338
154621,154627,157728,6,3101,2,36000,1.00193485972
154622,154633,157879,11,3246,2,36000,1.0033887862
154768,154777,157958,9,3181,2,36000,1.00282929896
154828,154838,157933,10,3095,2,36000,1.00323101777
154849,154859,158089,10,3230,2,36000,1.00309597523
155030,155039,158218,9,3179,2,36000,1.00283107896
156601,156612,159697,11,3085,2,36000,1.00356564019
156692,156700,159909,8,3209,2,36000,1.00249298847
156707,156715,159818,8,3103,2,36000,1.00257815018
156721,156728,159899,7,3171,2,36000,1.00220750552
156736,156743,159989,7,3246,2,36000,1.00215650031
156738,156749,159867,11,3118,2,36000,1.0035279025
156783,156791,160004,8,3213,2,36000,1.00248988484
156855,156865,160142,10,3277,2,36000,1.00305157156
156870,156876,160075,6,3199,2,36000,1.00187558612
156931,156940,160023,9,3083,2,36000,1.00291923451
156945,156952,160195,7,3243,2,36000,1.00215849522
156960,156966,160138,6,3172,2,36000,1.00189155107
156996,157006,160170,10,3164,2,36000,1.00316055626
157023,157033,160254,10,3221,2,36000,1.00310462589
157038,157044,160121,6,3077,2,36000,1.00194995125
157053,157059,160224,6,3165,2,36000,1.0018957346
157071,157079,160326,8,3247,2,36000,1.00246381275
157072,157084,160277,12,3193,2,36000,1.00375822111
157112,157121,160414,9,3293,2,36000,1.00273307015
157126,157135,160388,9,3253,2,36000,1.00276667691
157154,157164,160301,10,3137,2,36000,1.00318775901
157168,157174,160351,6,3177,2,36000,1.00188857413
157268,157279,160400,11,3121,2,36000,1.00352451137
157379,157390,160529,11,3139,2,36000,1.00350430073
157530,157540,160838,10,3298,2,36000,1.00303214069
157551,157560,160734,9,3174,2,36000,1.00283553875
157581,157589,160721,8,3132,2,36000,1.00255427842
157620,157652,160724,32,3072,2,36000,1.01041666667
157621,157657,160867,36,3210,2,36000,1.01121495327
157645,157663,160833,18,3170,2,36000,1.00567823344
157730,157739,160964,9,3225,2,36000,1.00279069767
157756,157767,160819,11,3052,2,36000,1.00360419397
157775,157786,161018,11,3232,2,36000,1.00340346535
157789,157796,161105,7,3309,2,36000,1.00211544273
157840,157850,161053,10,3203,2,36000,1.00312207306
157880,157890,161060,10,3170,2,36000,1.00315457413
157934,157945,160986,11,3041,2,36000,1.00361723117
157961,157969,161157,8,3188,2,36000,1.00250941029
158090,158101,161336,11,3235,2,36000,1.00340030912
158220,158229,161417,9,3188,2,36000,1.00282308657
159418,159423,159424,5,1,2,3540,1.0
159699,159708,162891,9,3183,2,36000,1.00282752121
159821,159830,163054,9,3224,2,36000,1.00279156328
159869,159879,163104,10,3225,2,36000,1.00310077519
159902,159910,163180,8,3270,2,36000,1.00244648318
159917,159923,163120,6,3197,2,36000,1.00187675946
159989,160000,163122,11,3122,2,36000,1.00352338245
160007,160015,163159,8,3144,2,36000,1.00254452926
160024,160034,163158,10,3124,2,36000,1.00320102433
160076,160087,163245,11,3158,2,36000,1.00348321723
160121,160132,163280,11,3148,2,36000,1.00349428208
160139,160149,163380,10,3231,2,36000,1.00309501702
160154,160160,163239,6,3079,2,36000,1.00194868464
160172,160181,163192,9,3011,2,36000,1.00298904019
160196,160206,163454,10,3248,2,36000,1.00307881773
160226,160235,163427,9,3192,2,36000,1.00281954887
160255,160265,163520,10,3255,2,36000,1.00307219662
160280,160288,163421,8,3133,2,36000,1.00255346313
160304,160312,163471,8,3159,2,36000,1.00253244698
160327,160337,163522,10,3185,2,36000,1.00313971743
160351,160362,163457,11,3095,2,36000,1.00355411955
160390,160400,163547,10,3147,2,36000,1.00317762949
160405,160411,163660,6,3249,2,36000,1.00184672207
160420,160426,163626,6,3200,2,36000,1.001875
160532,160541,163627,9,3086,2,36000,1.00291639663
160722,160732,163743,10,3011,2,36000,1.00332115576
160737,160743,163840,6,3097,2,36000,1.00193735873
160738,160749,163946,11,3197,2,36000,1.00344072568
160820,160830,164082,10,3252,2,36000,1.00307503075
160835,160844,164126,9,3282,2,36000,1.00274223035
160850,160856,164052,6,3196,2,36000,1.00187734668
160868,160878,164160,10,3282,2,36000,1.00304692261
160967,160976,164146,9,3170,2,36000,1.00283911672
160988,160997,163924,9,2927,2,36000,1.00307482064
161021,161030,164150,9,3120,2,36000,1.00288461538
161054,161064,164260,10,3196,2,36000,1.00312891114
161069,161075,164340,6,3265,2,36000,1.00183767228
161108,161117,164279,9,3162,2,36000,1.00284629981
161160,161168,164321,8,3153,2,36000,1.0025372661
161337,161347,164394,10,3047,2,36000,1.00328191664
161419,161428,164618,9,3190,2,36000,1.00282131661
162892,162902,166176,10,3274,2,36000,1.00305436775
163055,163066,166302,11,3236,2,36000,1.00339925834
163106,163115,166197,9,3082,2,36000,1.0029201817
163121,163131,166296,10,3165,2,36000,1.00315955766
163136,163142,166210,6,3068,2,36000,1.00195567145
163160,163169,166269,9,3100,2,36000,1.00290322581
163161,163175,166375,14,3200,2,36000,1.004375
163182,163191,166415,9,3224,2,36000,1.00279156328
163197,163203,166283,6,3080,2,36000,1.00194805195
163239,163250,166474,11,3224,2,36000,1.00341191067
163254,163261,166491,7,3230,2,36000,1.00216718266
163282,163291,166366,9,3075,2,36000,1.00292682927
163381,163391,166547,10,3156,2,36000,1.00316856781
163423,163433,166578,10,3145,2,36000,1.00317965024
163438,163444,166496,6,3052,2,36000,1.00196592398
163456,163466,166635,10,3169,2,36000,1.00315556958
163471,163477,166765,6,3288,2,36000,1.00182481752
163485,163491,166440,6,2949,2,36000,1.002034588
163522,163532,166612,10,3080,2,36000,1.00324675325
163523,163538,166687,15,3149,2,36000,1.00476341696
163550,163558,166640,8,3082,2,36000,1.00259571707
163628,163637,166866,9,3229,2,36000,1.00278724063
163630,163643,166771,13,3128,2,36000,1.00415601023
163663,163672,166894,9,3222,2,36000,1.00279329609
163744,163754,166966,10,3212,2,36000,1.00311332503
163840,163851,166944,11,3093,2,36000,1.00355641772
163925,163935,167120,10,3185,2,36000,1.00313971743
163949,163958,167157,9,3199,2,36000,1.00281337918
164054,164063,167256,9,3193,2,36000,1.00281866583
164084,164093,167308,9,3215,2,36000,1.00279937792
164129,164138,167225,9,3087,2,36000,1.0029154519
164147,164157,167311,10,3154,2,36000,1.00317057705
164163,164169,167258,6,3089,2,36000,1.00194237617
164164,164175,167384,11,3209,2,36000,1.00342785915
164260,164271,167451,11,3180,2,36000,1.0034591195
164281,164290,167425,9,3135,2,36000,1.0028708134
164323,164333,167509,10,3176,2,36000,1.00314861461
164341,164351,167581,10,3230,2,36000,1.00309597523
164395,164406,167505,11,3099,2,36000,1.00354953211
164619,164630,167712,11,3082,2,36000,1.00356911097
166177,166187,169267,10,3080,2,36000,1.00324675325
166197,166209,169461,12,3252,2,36000,1.0036900369
166212,166221,169306,9,3085,2,36000,1.00291734198
166270,166280,169468,10,3188,2,36000,1.00313676286
166284,166294,169410,10,3116,2,36000,1.00320924262
166300,166307,169553,7,3246,2,36000,1.00215650031
166314,166320,169513,6,3193,2,36000,1.00187911055
166369,166377,169644,8,3267,2,36000,1.00244872972
166383,166389,169505,6,3116,2,36000,1.00192554557
166416,166426,169698,10,3272,2,36000,1.00305623472
166440,166451,169640,11,3189,2,36000,1.00344935717
166477,166486,169684,9,3198,2,36000,1.00281425891
166492,166502,169604,10,3102,2,36000,1.00322372663
166507,166513,169740,6,3227,2,36000,1.00185931205
166549,166558,169698,9,3140,2,36000,1.00286624204
166579,166589,169805,10,3216,2,36000,1.00310945274
166615,166623,169868,8,3245,2,36000,1.00246533128
166636,166646,169854,10,3208,2,36000,1.00311720698
166651,166657,169765,6,3108,2,36000,1.00193050193
166690,166698,169866,8,3168,2,36000,1.00252525253
166765,166776,169924,11,3148,2,36000,1.00349428208
166780,166786,170051,6,3265,2,36000,1.00183767228
166868,166877,170068,9,3191,2,36000,1.00282043247
166895,166905,170010,10,3105,2,36000,1.00322061192
166946,166955,170099,9,3144,2,36000,1.00286259542
166967,166977,170114,10,3137,2,36000,1.00318775901
167121,167132,170217,11,3085,2,36000,1.00356564019
167160,167168,170369,8,3201,2,36000,1.00249921899
167227,167237,170386,10,3149,2,36000,1.00317561131
167257,167268,170598,11,3330,2,36000,1.0033033033
167272,167278,170515,6,3237,2,36000,1.00185356812
167308,167319,170422,11,3103,2,36000,1.00354495649
167323,167329,170562,6,3233,2,36000,1.00185586143
167386,167395,170511,9,3116,2,36000,1.00288831836
167426,167436,170717,10,3281,2,36000,1.00304785126
167453,167463,170733,10,3270,2,36000,1.00305810398
167507,167516,170599,9,3083,2,36000,1.00291923451
167521,167527,170694,6,3167,2,36000,1.00189453742
167582,167592,170863,10,3271,2,36000,1.00305716906
167714,167723,170697,9,2974,2,36000,1.0030262273
169269,238487,241069,69218,2582,2,36000,27.8079008521
169308,238451,241035,69143,2584,2,36000,27.758126935
169411,238473,241081,69062,2608,2,36000,27.4808282209
169462,238510,240962,69048,2452,2,36000,29.1598694943
169476,238385,241008,68909,2623,2,36000,27.2710636676
169506,238547,241226,69041,2679,2,36000,26.7711832773
169521,238430,241048,68909,2618,2,36000,27.3212375859
169554,238498,240980,68944,2482,2,36000,28.7775987107
169605,238626,241142,69021,2516,2,36000,28.4328298887
169641,238521,241023,68880,2502,2,36000,28.5299760192
169656,238515,241133,68859,2618,2,36000,27.3021390374
169686,238504,240954,68818,2450,2,36000,29.0889795918
169701,238558,241286,68857,2728,2,36000,26.2408357771
169703,238583,241181,68880,2598,2,36000,27.5127020785
169742,238575,241185,68833,2610,2,36000,27.3727969349
169766,238552,241115,68786,2563,2,36000,27.8380803746
169808,238564,241259,68756,2695,2,36000,26.5124304267
169857,238440,241005,68583,2565,2,36000,27.7380116959
169872,238527,241102,68655,2575,2,36000,27.6621359223
169873,238467,240994,68594,2527,2,36000,28.1444400475
169927,235806,238475,65879,2669,2,36000,25.6830273511
170011,235811,238439,65800,2628,2,36000,26.0380517504
170054,235816,238457,65762,2641,2,36000,25.9004165089
170068,235822,238494,65754,2672,2,36000,25.6085329341
170102,235827,238374,65725,2547,2,36000,26.8048684727
170117,235832,238536,65715,2704,2,36000,25.3028846154
170219,235837,238419,65618,2582,2,36000,26.4136328428
170369,235842,238486,65473,2644,2,36000,25.7628593041
170387,235847,238615,65460,2768,2,36000,24.6488439306
170423,235853,238507,65430,2654,2,36000,25.6533534288
170514,235858,238499,65344,2641,2,36000,25.7421431276
170529,235863,238489,65334,2626,2,36000,25.8796648896
170564,235868,238545,65304,2677,2,36000,25.3944714232
170601,235873,238571,65272,2698,2,36000,25.1927353595
170602,235878,238564,65276,2686,2,36000,25.3023082651
170696,235883,238536,65187,2653,2,36000,25.5710516397
170710,235889,238549,65179,2660,2,36000,25.5033834586
170725,235894,238429,65169,2535,2,36000,26.7076923077
170740,235899,238511,65159,2612,2,36000,25.9460183767
170864,235904,238456,65040,2552,2,36000,26.4858934169
178504,282657,292887,104153,10230,14,43200,11.1811339198
187701,282787,369204,95086,86417,8,86400,2.10031591006
188026,282792,369203,94766,86411,8,86400,2.09668907894
189454,189460,189579,6,119,1,1800,1.05042016807
189886,189893,189998,7,105,1,1800,1.06666666667
190652,190658,191229,6,571,1,1800,1.01050788091
192713,192719,192762,6,43,1,1800,1.13953488372
193043,193049,193120,6,71,1,1800,1.08450704225
193071,193077,193127,6,50,1,1800,1.12
193447,193453,193528,6,75,1,1800,1.08
193640,193646,193884,6,238,1,1800,1.02521008403
194445,194452,194727,7,275,1,1800,1.02545454545
195314,195320,195350,6,30,1,1800,1.2
195653,195659,195720,6,61,1,1800,1.09836065574
196457,196463,196587,6,124,1,1800,1.04838709677
205818,282802,887634,76984,604832,4,604800,1.12728162531
209496,235692,236238,26196,546,2,10800,48.978021978
209888,282807,283216,72919,409,2,10800,179.28606357
210548,282662,294505,72114,11843,4,28800,7.0891665963
211104,282818,311650,71714,28832,2,28800,3.48730577137
211340,282823,310827,71483,28004,2,43200,3.55259962862
211741,282797,300982,71056,18185,10,43200,4.90739620566
212321,282828,288128,70507,5300,2,14400,14.3032075472
212761,282720,310045,69959,27325,14,43200,3.56025617566
214887,282813,294257,67926,11444,2,43200,6.93551205872
214971,261166,275755,46195,14589,2,259200,4.16642675989
214971,261244,275918,46273,14674,2,259200,4.15340057244
214971,246875,261155,31904,14280,2,259200,3.23417366947
214971,246797,261233,31826,14436,2,259200,3.20462732059
214971,252035,266571,37064,14536,2,259200,3.54980737479
214972,275929,286256,60957,10327,2,259200,6.90268228914
214972,282730,286256,67758,3526,2,259200,20.2166761202
214972,266582,281070,51610,14488,2,259200,4.56225842076
214972,282725,286256,67753,3531,2,259200,20.1880487114
214972,275766,286256,60794,10490,2,259200,6.79542421354
214973,282735,286256,67762,3521,2,259200,20.2451008236
214973,282740,286256,67767,3516,2,259200,20.273890785
214973,282746,286256,67773,3510,2,259200,20.3085470085
214973,282751,286256,67778,3505,2,259200,20.3375178317
214973,282756,286256,67783,3500,2,259200,20.3665714286
214974,281082,286257,66108,5175,2,259200,13.7744927536
214974,282777,286256,67803,3479,2,259200,20.4892210405
214974,282771,286256,67797,3485,2,259200,20.4539454806
214974,282761,286256,67787,3495,2,259200,20.3954220315
214974,282766,286256,67792,3490,2,259200,20.4246418338
214975,282683,286257,67708,3574,2,259200,19.9445998881
214975,282688,286257,67713,3569,2,259200,19.9725413281
214975,282678,286257,67703,3579,2,259200,19.9167365186
214975,282673,286257,67698,3584,2,259200,19.8889508929
214975,282668,286257,67693,3589,2,259200,19.861242686
214976,282693,286257,67717,3564,2,259200,20.0002805836
214976,282699,286257,67723,3558,2,259200,20.0340078696
214976,282704,286257,67728,3553,2,259200,20.0622009569
214977,282709,286257,67732,3548,2,259200,20.0901916573
214977,282715,286257,67738,3542,2,259200,20.1242236025
215027,282833,496063,67806,213230,8,216000,1.31799465366
218107,282782,297131,64675,14349,14,43200,5.50728273747
218313,282875,285928,64562,3053,2,43200,22.1470684573
233147,282869,282871,49722,2,2,36000,4972.4
233147,282844,282845,49697,1,2,72000,4969.8
233147,235730,397194,2583,161464,1,216000,1.01599737403
233147,282864,296908,49717,14044,2,36000,4.54008829393
233147,242772,458783,9625,216011,1,216000,1.04455791603
233147,282854,330960,49707,48106,2,72000,2.03328067185
233147,282849,328098,49702,45249,2,72000,2.09841101461
233147,235697,235704,2550,7,17,1800,255.7
233147,282839,305133,49692,22294,2,43200,3.22894052211
233147,235687,235795,2540,108,8,75,24.5185185185
233147,235927,235992,2780,65,256,10800,43.7692307692
233147,282859,311499,49712,28640,2,72000,2.73575418994
234213,234220,234463,7,243,256,900,1.02880658436
234493,234499,234503,6,4,4,3600,1.0
234494,234514,234517,20,3,4,3600,2.3
234495,234528,234531,33,3,4,3600,3.6
234496,234543,234546,47,3,4,3600,5.0
234496,234557,234560,61,3,4,3600,6.4
235664,235702,235719,38,17,1,900,3.23529411765
236520,282911,294621,46391,11710,4,144000,4.96165670367
236606,282885,286267,46279,3382,4,172800,14.6839148433
236606,282890,286267,46284,3377,4,172800,14.7056559076
236606,282901,286267,46295,3366,4,172800,14.7537136067
236606,282896,286267,46290,3371,4,172800,14.7318303174
236606,282906,286267,46300,3361,4,172800,14.7756620054
236606,282880,286267,46274,3387,4,172800,14.6622379687
237439,237445,237449,6,4,17,1800,1.0
237463,237470,237479,7,9,16,10800,1.6
237766,237772,237952,6,180,256,18000,1.03333333333
238015,238021,238127,6,106,256,1200,1.05660377358
238068,238142,238253,74,111,256,16800,1.66666666667
238188,238264,246898,76,8634,256,18000,1.00880240908
238497,246910,247021,8413,111,256,10800,76.7927927928
241621,247032,257869,5411,10837,256,10800,1.49930792655
246866,257880,261176,11014,3296,256,18000,4.34162621359
279148,279154,279158,6,4,17,1800,1.0
279396,279402,279407,6,5,17,1800,1.1
279649,279655,279659,6,4,17,1800,1.0
279769,279775,279779,6,4,17,1800,1.0
286429,286435,300804,6,14369,2,259200,1.00041756559
288118,288125,290731,7,2606,2,36000,1.00268610898
288120,288130,290796,10,2666,2,36000,1.00375093773
288121,288136,290681,15,2545,2,36000,1.00589390963
288122,288141,290730,19,2589,2,36000,1.00733874083
288124,288146,290734,22,2588,2,36000,1.0085007728
288125,288151,290842,26,2691,2,36000,1.00966183575
288126,288157,290685,31,2528,2,36000,1.01226265823
288128,288162,290853,34,2691,2,36000,1.01263470829
288129,288167,290779,38,2612,2,36000,1.0145482389
288130,288172,290773,42,2601,2,36000,1.01614763552
288131,288178,290840,47,2662,2,36000,1.01765589782
288133,288183,290750,50,2567,2,36000,1.01947798987
288134,288188,290822,54,2634,2,36000,1.02050113895
288136,288193,290748,57,2555,2,36000,1.02230919765
288137,288199,290863,62,2664,2,36000,1.02327327327
288138,288204,290782,66,2578,2,36000,1.02560124127
288140,288209,290765,69,2556,2,36000,1.02699530516
288141,288214,290842,73,2628,2,36000,1.02777777778
288142,288219,290761,77,2542,2,36000,1.03029110936
288144,288224,290852,80,2628,2,36000,1.0304414003
288145,290747,293354,2602,2607,2,36000,1.99808208669
288146,290808,293286,2662,2478,2,36000,2.07425343019
288148,290692,293264,2544,2572,2,36000,1.98911353033
288149,290741,293339,2592,2598,2,36000,1.99769053118
288150,290752,293409,2602,2657,2,36000,1.97929996236
288151,290857,293478,2706,2621,2,36000,2.03243037009
288153,290698,293283,2545,2585,2,36000,1.98452611219
288154,290868,293513,2714,2645,2,36000,2.02608695652
288155,290790,293421,2635,2631,2,36000,2.00152033447
288157,290795,293458,2638,2663,2,36000,1.99061209163
288158,290851,293411,2693,2560,2,36000,2.051953125
288159,290765,293406,2606,2641,2,36000,1.98674744415
288161,290834,293466,2673,2632,2,36000,2.0155775076
288162,290759,293363,2597,2604,2,36000,1.99731182796
288163,290880,293463,2717,2583,2,36000,2.05187766163
288165,290801,293498,2636,2697,2,36000,1.9773822766
288166,290777,293458,2611,2681,2,36000,1.97389033943
288167,290862,293557,2695,2695,2,36000,2.0
288168,290771,293451,2603,2680,2,36000,1.97126865672
288170,290874,293530,2704,2656,2,36000,2.01807228916
289239,289246,290346,7,1100,128,10800,1.00636363636
290686,294625,297406,3939,2781,2,36000,2.4163969795
290700,294630,297276,3930,2646,2,36000,2.48526077098
290731,294635,297250,3904,2615,2,36000,2.49292543021
290732,294640,297270,3908,2630,2,36000,2.48593155894
290744,294646,297248,3902,2602,2,36000,2.49961568025
290759,294651,297341,3892,2690,2,36000,2.4468401487
290760,294656,297304,3896,2648,2,36000,2.47129909366
290776,294661,297192,3885,2531,2,36000,2.53496641644
290777,294666,297248,3889,2582,2,36000,2.50619674671
290778,294671,297272,3893,2601,2,36000,2.49673202614
290794,294677,297191,3883,2514,2,36000,2.5445505171
290795,294682,297377,3887,2695,2,36000,2.44230055659
290810,294687,297282,3877,2595,2,36000,2.49402697495
290825,294692,297289,3867,2597,2,36000,2.489025799
290840,294697,297313,3857,2616,2,36000,2.4743883792
290841,294702,297310,3861,2608,2,36000,2.48044478528
290857,294707,297320,3850,2613,2,36000,2.47340221967
290858,294713,297285,3855,2572,2,36000,2.49883359253
290860,294718,297303,3858,2585,2,36000,2.49245647969
290874,294723,297421,3849,2698,2,36000,2.42661230541
291096,291102,308040,6,16938,2,43200,1.00035423309
291954,2655926,2658856,2363972,2930,256,18000,807.816382253
292276,292898,294613,622,1715,162,14400,1.36268221574
293265,294728,297333,1463,2605,2,36000,1.56161228407
293286,294733,297254,1447,2521,2,36000,1.57397857993
293287,294740,297421,1453,2681,2,36000,1.54196195449
293342,294745,297410,1403,2665,2,36000,1.52645403377
293357,294750,297255,1393,2505,2,36000,1.55608782435
293371,294755,297452,1384,2697,2,36000,1.51316277345
293408,294760,297370,1352,2610,2,36000,1.51800766284
293423,294766,297416,1343,2650,2,36000,1.50679245283
293425,294771,297358,1346,2587,2,36000,1.52029377658
293426,294776,297450,1350,2674,2,36000,1.50486163052
293453,294781,297331,1328,2550,2,36000,1.52078431373
293469,294786,297445,1317,2659,2,36000,1.49529898458
293470,294791,297438,1321,2647,2,36000,1.49905553457
293471,294797,297468,1326,2671,2,36000,1.49644327967
293472,294802,297378,1330,2576,2,36000,1.51630434783
293487,294807,297354,1320,2547,2,36000,1.51825677267
293502,294812,297331,1310,2519,2,36000,1.52004763795
293517,294817,297368,1300,2551,2,36000,1.50960407683
293532,294823,297430,1291,2607,2,36000,1.49520521672
293559,294828,297469,1269,2641,2,36000,1.48049981068
294650,310056,324515,15406,14459,162,14400,2.06549553911
295514,295520,295553,6,33,1,900,1.18181818182
295618,295624,295901,6,277,1,900,1.02166064982
295943,295949,296972,6,1023,1,900,1.00586510264
297009,297015,301238,6,4223,1,72000,1.00142079091
297107,324527,367757,27420,43230,70,43200,1.63428174879
297194,297203,299829,9,2626,2,36000,1.0034272658
297196,297208,299785,12,2577,2,36000,1.00465657742
297251,297259,299825,8,2566,2,36000,1.00311769291
297252,297264,299871,12,2607,2,36000,1.00460299194
297254,297270,299861,16,2591,2,36000,1.00617522192
297269,297276,299854,7,2578,2,36000,1.00271528317
297271,297281,299836,10,2555,2,36000,1.00391389432
297287,297292,299980,5,2688,2,36000,1.00186011905
297288,297299,299811,11,2512,2,36000,1.00437898089
297289,297304,299803,15,2499,2,36000,1.00600240096
297291,297309,299971,18,2662,2,36000,1.00676183321
297292,297314,299899,22,2585,2,36000,1.0085106383
297308,297320,299908,12,2588,2,36000,1.00463678516
297309,297325,299930,16,2605,2,36000,1.00614203455
297310,297330,299881,20,2551,2,36000,1.00784006272
297326,297337,300071,11,2734,2,36000,1.00402340892
297328,297342,299963,14,2621,2,36000,1.00534147272
297329,297347,300067,18,2720,2,36000,1.00661764706
297345,297353,299972,8,2619,2,36000,1.00305460099
297346,297358,300055,12,2697,2,36000,1.00444938821
297347,297364,300041,17,2677,2,36000,1.00635039223
297349,297370,299950,21,2580,2,36000,1.00813953488
297365,297376,299971,11,2595,2,36000,1.004238921
297366,297381,300118,15,2737,2,36000,1.00548045305
297382,297388,299983,6,2595,2,36000,1.00231213873
297383,297394,300018,11,2624,2,36000,1.00419207317
297384,297399,299956,15,2557,2,36000,1.00586624951
297386,297404,299994,18,2590,2,36000,1.00694980695
297407,297418,300063,11,2645,2,36000,1.00415879017
297408,297424,300086,16,2662,2,36000,1.00601051841
297424,297430,300080,6,2650,2,36000,1.00226415094
297425,297436,300047,11,2611,2,36000,1.00421294523
297427,297441,300049,14,2608,2,36000,1.00536809816
297442,297448,300059,6,2611,2,36000,1.00229797013
297443,297454,300093,11,2639,2,36000,1.00416824555
297459,297466,299998,7,2532,2,36000,1.00276461295
297461,297472,300042,11,2570,2,36000,1.00428015564
297463,297477,300130,14,2653,2,36000,1.00527704485
297478,297483,299874,5,2391,2,36000,1.00209117524
297479,297489,300061,10,2572,2,36000,1.00388802488
298834,298840,298950,6,110,4,86400,1.05454545455
299788,299796,302382,8,2586,2,36000,1.00309358082
299806,299815,302411,9,2596,2,36000,1.00346687211
299820,299827,302408,7,2581,2,36000,1.00271212708
299836,299842,302364,6,2522,2,36000,1.00237906423
299837,299848,302477,11,2629,2,36000,1.00418410042
299852,299858,302535,6,2677,2,36000,1.0022413149
299867,299873,302397,6,2524,2,36000,1.00237717908
299868,299879,302485,11,2606,2,36000,1.0042210284
299883,299890,302495,7,2605,2,36000,1.00268714012
299885,299895,302590,10,2695,2,36000,1.00371057514
299886,299901,302472,15,2571,2,36000,1.00583430572
299901,299910,302388,9,2478,2,36000,1.00363196126
299916,299922,302674,6,2752,2,36000,1.00218023256
299923,299929,314156,6,14227,4,72000,1.00042173332
299931,299941,302449,10,2508,2,36000,1.00398724083
299952,299961,302585,9,2624,2,36000,1.00342987805
299967,299973,302604,6,2631,2,36000,1.00228050171
299968,299979,302637,11,2658,2,36000,1.00413844996
299984,299990,302655,6,2665,2,36000,1.00225140713
299985,299996,302665,11,2669,2,36000,1.00412139378
299987,300001,302697,14,2696,2,36000,1.00519287834
299988,300006,302640,18,2634,2,36000,1.00683371298
299989,300012,302674,23,2662,2,36000,1.00864012021
300005,300018,302664,13,2646,2,36000,1.00491307634
300006,300023,302673,17,2650,2,36000,1.00641509434
300021,300029,302634,8,2605,2,36000,1.00307101727
300043,300052,302669,9,2617,2,36000,1.00343905235
300044,300058,302702,14,2644,2,36000,1.00529500756
300061,300067,302672,6,2605,2,36000,1.00230326296
300062,300073,302613,11,2540,2,36000,1.00433070866
300064,300078,302613,14,2535,2,36000,1.00552268245
300066,300083,302606,17,2523,2,36000,1.00673801031
300067,300088,302762,21,2674,2,36000,1.00785340314
300083,300094,302753,11,2659,2,36000,1.00413689357
300084,300099,302636,15,2537,2,36000,1.00591249507
300086,300104,302723,18,2619,2,36000,1.00687285223
300087,300110,302668,23,2558,2,36000,1.00899139953
300102,300116,302675,14,2559,2,36000,1.00547088707
300103,300121,302751,18,2630,2,36000,1.00684410646
300117,300127,300364,10,237,1,72000,1.04219409283
300121,300133,302648,12,2515,2,36000,1.00477137177
300136,300142,302806,6,2664,2,36000,1.00225225225
300358,300364,300369,6,5,17,10800,1.1
300363,300370,314768,7,14398,4,72000,1.00048617864
300657,300663,301098,6,435,1,72000,1.01379310345
300728,300734,306066,6,5332,1,72000,1.00112528132
302366,302375,305078,9,2703,2,36000,1.00332963374
302384,302393,305023,9,2630,2,36000,1.00342205323
302399,302405,305043,6,2638,2,36000,1.00227445034
302400,302411,304933,11,2522,2,36000,1.00436161776
302415,302422,305066,7,2644,2,36000,1.00264750378
302417,302428,304982,11,2554,2,36000,1.00430696946
302450,302460,305115,10,2655,2,36000,1.00376647834
302475,302484,305023,9,2539,2,36000,1.00354470264
302490,302496,305109,6,2613,2,36000,1.00229621125
302491,302502,305032,11,2530,2,36000,1.00434782609
302506,302512,305133,6,2621,2,36000,1.00228920259
302536,302547,305116,11,2569,2,36000,1.00428182172
302585,302591,316681,6,14090,4,72000,1.00042583392
302587,302597,305163,10,2566,2,36000,1.00389711613
302602,302608,305273,6,2665,2,36000,1.00225140713
302618,302624,305299,6,2675,2,36000,1.00224299065
302619,302630,305270,11,2640,2,36000,1.00416666667
302620,302635,305142,15,2507,2,36000,1.00598324691
302622,302640,305196,18,2556,2,36000,1.00704225352
302637,302646,305260,9,2614,2,36000,1.00344299923
302638,302652,305244,14,2592,2,36000,1.00540123457
302640,302657,305307,17,2650,2,36000,1.00641509434
302656,302663,305242,7,2579,2,36000,1.00271423032
302657,302668,305245,11,2577,2,36000,1.0042685293
302659,302674,305289,15,2615,2,36000,1.00573613767
302676,302682,305300,6,2618,2,36000,1.00229182582
302677,302688,305276,11,2588,2,36000,1.0042503864
302678,302693,305234,15,2541,2,36000,1.00590318772
302680,302698,305354,18,2656,2,36000,1.00677710843
302681,302703,305330,22,2627,2,36000,1.00837457175
302682,302709,305330,27,2621,2,36000,1.01030141167
302683,302715,305295,32,2580,2,36000,1.01240310078
302685,302720,305275,35,2555,2,36000,1.01369863014
302686,302725,305315,39,2590,2,36000,1.01505791506
302702,302730,305317,28,2587,2,36000,1.01082334751
302703,302736,305286,33,2550,2,36000,1.01294117647
302725,302742,305204,17,2462,2,36000,1.00690495532
302752,302762,305336,10,2574,2,36000,1.00388500389
302767,302773,305374,6,2601,2,36000,1.00230680507
302769,302779,305259,10,2480,2,36000,1.00403225806
302782,302788,317431,6,14643,1,180000,1.0004097521
302808,302818,305233,10,2415,2,36000,1.00414078675
302859,302865,353361,6,50496,1,180000,1.00011882129
304623,324537,355427,19914,30890,20,43200,1.64467465199
304935,304944,307593,9,2649,2,36000,1.00339750849
304983,304993,307582,10,2589,2,36000,1.00386249517
305026,305034,307639,8,2605,2,36000,1.00307101727
305027,305039,307588,12,2549,2,36000,1.00470772852
305042,305048,307628,6,2580,2,36000,1.0023255814
305057,305063,307752,6,2689,2,36000,1.00223131276
305072,305078,307686,6,2608,2,36000,1.0023006135
305087,305093,307701,6,2608,2,36000,1.0023006135
305111,305120,307772,9,2652,2,36000,1.00339366516
305126,305132,307656,6,2524,2,36000,1.00237717908
305127,305138,307716,11,2578,2,36000,1.00426687355
305143,305149,307809,6,2660,2,36000,1.0022556391
305144,305155,307760,11,2605,2,36000,1.00422264875
305165,305174,307820,9,2646,2,36000,1.00340136054
305199,305207,307825,8,2618,2,36000,1.00305576776
305214,305220,307759,6,2539,2,36000,1.00236313509
305235,305244,307770,9,2526,2,36000,1.00356294537
305237,305250,307848,13,2598,2,36000,1.00500384911
305253,305259,307919,6,2660,2,36000,1.0022556391
305254,305265,307873,11,2608,2,36000,1.00421779141
305255,305270,307878,15,2608,2,36000,1.00575153374
305271,305278,307877,7,2599,2,36000,1.00269334359
305273,305284,307876,11,2592,2,36000,1.00424382716
305274,305289,307963,15,2674,2,36000,1.00560957367
305291,305297,307913,6,2616,2,36000,1.00229357798
305292,305303,307938,11,2635,2,36000,1.00417457306
305294,305308,307923,14,2615,2,36000,1.00535372849
305295,305313,307873,18,2560,2,36000,1.00703125
305296,305318,307965,22,2647,2,36000,1.00831129581
305312,305325,307914,13,2589,2,36000,1.00502124372
305314,305330,307987,16,2657,2,36000,1.00602182913
305315,305335,307852,20,2517,2,36000,1.00794596742
305316,305341,308015,25,2674,2,36000,1.00934928945
305332,305347,307928,15,2581,2,36000,1.00581170089
305334,305352,307920,18,2568,2,36000,1.00700934579
305336,305357,307988,21,2631,2,36000,1.00798175599
305337,305362,308036,25,2674,2,36000,1.00934928945
305352,305368,308015,16,2647,2,36000,1.00604457877
305367,305374,308001,7,2627,2,36000,1.00266463647
305382,305388,307831,6,2443,2,36000,1.00245599673
306842,324543,340998,17701,16455,10,43200,2.07572166515
307583,307593,310188,10,2595,2,36000,1.00385356455
307598,307604,310179,6,2575,2,36000,1.00233009709
307600,307610,310257,10,2647,2,36000,1.00377786173
307630,307639,310285,9,2646,2,36000,1.00340136054
307645,307651,310219,6,2568,2,36000,1.0023364486
307660,307667,310194,7,2527,2,36000,1.0027700831
307687,307698,310195,11,2497,2,36000,1.00440528634
307703,307712,310298,9,2586,2,36000,1.00348027842
307717,307727,310241,10,2514,2,36000,1.00397772474
307754,307763,310342,9,2579,2,36000,1.0034897247
307770,307776,310359,6,2583,2,36000,1.00232288037
307771,307782,310496,11,2714,2,36000,1.00405305822
307786,307792,310286,6,2494,2,36000,1.00240577386
307787,307798,310405,11,2607,2,36000,1.00421940928
307806,307820,310378,14,2558,2,36000,1.0054730258
307824,307831,310524,7,2693,2,36000,1.0025993316
307839,307845,310499,6,2654,2,36000,1.00226073851
307840,307851,310478,11,2627,2,36000,1.00418728588
307856,307862,310414,6,2552,2,36000,1.00235109718
307857,307868,310435,11,2567,2,36000,1.00428515777
307876,307884,310452,8,2568,2,36000,1.0031152648
307878,307891,310443,13,2552,2,36000,1.00509404389
307879,307896,310481,17,2585,2,36000,1.00657640232
307887,307912,448144,25,140232,2,259200,1.000178276
307895,307902,310600,7,2698,2,36000,1.00259451446
307896,307907,310469,11,2562,2,36000,1.00429352069
307914,307924,310613,10,2689,2,36000,1.00371885459
307915,307930,310414,15,2484,2,36000,1.00603864734
307932,307938,310577,6,2639,2,36000,1.00227358848
307933,307944,310468,11,2524,2,36000,1.00435816165
307935,307949,310627,14,2678,2,36000,1.00522778193
307936,307954,310495,18,2541,2,36000,1.00708382527
307951,307961,310609,10,2648,2,36000,1.00377643505
307966,307973,310642,7,2669,2,36000,1.00262270513
307967,307979,310628,12,2649,2,36000,1.00453001133
307989,307999,310498,10,2499,2,36000,1.00400160064
307991,308004,310535,13,2531,2,36000,1.00513630976
308006,308012,310527,6,2515,2,36000,1.00238568588
308021,308028,310664,7,2636,2,36000,1.00265553869
308023,308034,310743,11,2709,2,36000,1.00406053894
308038,308047,310651,9,2604,2,36000,1.0034562212
308574,308580,371496,6,62916,1,180000,1.00009536525
308657,308663,348505,6,39842,1,180000,1.00015059485
308731,308737,311965,6,3228,1,180000,1.00185873606
308918,308924,314205,6,5281,1,180000,1.00113614846
309822,311510,320395,1688,8885,4,144000,1.18998311761
310180,310190,312836,10,2646,2,36000,1.00377928949
310195,310201,312868,6,2667,2,36000,1.00224971879
310197,310207,312890,10,2683,2,36000,1.00372717108
310198,310212,312899,14,2687,2,36000,1.00521027168
310219,310225,316429,6,6204,1,180000,1.00096711799
310219,310231,312786,12,2555,2,36000,1.00469667319
310243,310252,312951,9,2699,2,36000,1.00333456836
310258,310268,312906,10,2638,2,36000,1.00379075057
310289,310296,312836,7,2540,2,36000,1.00275590551
310290,310302,312920,12,2618,2,36000,1.00458365164
310305,310311,312839,6,2528,2,36000,1.00237341772
310344,310353,312974,9,2621,2,36000,1.00343380389
310362,310371,313004,9,2633,2,36000,1.0034181542
310380,310389,312992,9,2603,2,36000,1.00345754898
310407,310416,312995,9,2579,2,36000,1.0034897247
310422,310428,313088,6,2660,2,36000,1.0022556391
310424,310434,313104,10,2670,2,36000,1.00374531835
310439,310446,312962,7,2516,2,36000,1.00278219396
310454,310460,313111,6,2651,2,36000,1.00226329687
310455,310466,313110,11,2644,2,36000,1.00416036309
310471,310479,313183,8,2704,2,36000,1.00295857988
310472,310485,313032,13,2547,2,36000,1.00510404397
310488,310494,313059,6,2565,2,36000,1.00233918129
310490,310500,313150,10,2650,2,36000,1.00377358491
310506,310512,313081,6,2569,2,36000,1.00233553912
310507,310518,313051,11,2533,2,36000,1.00434267667
310508,310523,313190,15,2667,2,36000,1.00562429696
310510,310528,313062,18,2534,2,36000,1.00710339384
310524,310534,313053,10,2519,2,36000,1.0039698293
310540,310546,313188,6,2642,2,36000,1.00227100681
310541,310552,313140,11,2588,2,36000,1.0042503864
310580,310588,313284,8,2696,2,36000,1.00296735905
310601,310611,313094,10,2483,2,36000,1.00402738623
310617,310623,313152,6,2529,2,36000,1.00237247924
310618,310629,313219,11,2590,2,36000,1.00424710425
310633,310640,313301,7,2661,2,36000,1.00263059
310635,310646,313262,11,2616,2,36000,1.00420489297
310650,310656,313184,6,2528,2,36000,1.00237341772
310665,310671,313205,6,2534,2,36000,1.00236779795
310666,310677,313337,11,2660,2,36000,1.00413533835
310745,310754,313408,9,2654,2,36000,1.00339110776
311407,311413,392552,6,81139,1,180000,1.00007394718
311535,311662,343009,127,31347,1,180000,1.00405142438
311635,311667,321495,32,9828,1,180000,1.00325600326
311683,311976,316573,293,4597,1,180000,1.06373721993
311695,314184,316686,2489,2502,1,180000,1.99480415667
311780,314189,329918,2409,15729,1,180000,1.15315658974
311792,314195,321031,2403,6836,1,180000,1.35152135752
311795,314200,320499,2405,6299,1,180000,1.38180663597
311799,314216,323983,2417,9767,1,180000,1.24746595679
311826,314780,334197,2954,19417,1,180000,1.1521347273
311875,314785,316400,2910,1615,1,180000,2.80185758514
311934,314791,316202,2857,1411,1,180000,3.02480510276
312518,314796,327479,2278,12683,1,180000,1.17961050225
312526,316213,326576,3687,10363,1,180000,1.35578500434
312529,316411,342615,3882,26204,1,180000,1.14814532132
312533,316440,328138,3907,11698,1,180000,1.33398871602
312541,316584,321586,4043,5002,1,180000,1.80827668932
312545,316703,319670,4158,2967,1,180000,2.40141557128
312549,317442,323104,4893,5662,1,180000,1.86418226775
312555,319682,339540,7127,19858,1,180000,1.35889817706
312557,320510,320511,7953,1,1,180000,795.4
312571,324548,324610,11977,62,17,1800,194.177419355
312778,320522,323070,7744,2548,1,180000,4.03924646782
312788,312798,315362,10,2564,2,36000,1.00390015601
312830,321042,322285,8212,1243,1,180000,7.60659694288
312837,312847,315459,10,2612,2,36000,1.00382848392
312839,312852,315415,13,2563,2,36000,1.00507218104
312853,312860,315486,7,2626,2,36000,1.00266565118
312871,312879,315332,8,2453,2,36000,1.00326131268
312885,321506,323066,8621,1560,1,180000,6.52628205128
312886,312901,315546,15,2645,2,36000,1.0056710775
312901,312910,315548,9,2638,2,36000,1.00341167551
312916,312922,315575,6,2653,2,36000,1.00226159065
312931,312937,315550,6,2613,2,36000,1.00229621125
312948,321598,359355,8650,37757,1,180000,1.22909659136
312952,312962,315662,10,2700,2,36000,1.0037037037
312967,312973,315569,6,2596,2,36000,1.00231124807
312982,312988,315643,6,2655,2,36000,1.00225988701
312997,313003,315596,6,2593,2,36000,1.0023139221
312999,313009,315562,10,2553,2,36000,1.00391696044
313014,313020,315610,6,2590,2,36000,1.00231660232
313030,322296,369143,9266,46847,1,180000,1.19779281491
313035,313043,315777,8,2734,2,36000,1.00292611558
313054,313063,315679,9,2616,2,36000,1.00344036697
313055,313069,315761,14,2692,2,36000,1.00520059435
313071,313077,315666,6,2589,2,36000,1.0023174971
313072,313083,315779,11,2696,2,36000,1.00408011869
313087,313093,315637,6,2544,2,36000,1.00235849057
313103,313109,315710,6,2601,2,36000,1.00230680507
313104,313115,315599,11,2484,2,36000,1.00442834138
313119,313125,315751,6,2626,2,36000,1.00228484387
313120,313131,315661,11,2530,2,36000,1.00434782609
313122,313136,315820,14,2684,2,36000,1.00521609538
313143,313151,315750,8,2599,2,36000,1.00307810696
313157,323077,373296,9920,50219,1,180000,1.19753479759
313158,313164,315703,6,2539,2,36000,1.00236313509
313160,313170,315798,10,2628,2,36000,1.00380517504
313188,313194,315886,6,2692,2,36000,1.00222882615
313189,313200,315813,11,2613,2,36000,1.00420972063
313203,323088,369591,9885,46503,1,180000,1.21256693117
313206,313212,315790,6,2578,2,36000,1.00232738557
313208,313218,315857,10,2639,2,36000,1.00378931413
313209,313223,315784,14,2561,2,36000,1.0054666146
313224,313230,315883,6,2653,2,36000,1.00226159065
313263,313273,315842,10,2569,2,36000,1.0038925652
313288,313296,315918,8,2622,2,36000,1.00305110603
313303,313312,315865,9,2553,2,36000,1.00352526439
313339,313349,315943,10,2594,2,36000,1.00385505012
313358,323115,329161,9757,6046,1,180000,2.61379424413
313403,323995,332847,10592,8852,1,180000,2.19656574785
313409,313419,316014,10,2595,2,36000,1.00385356455
313625,324553,366212,10928,41659,1,180000,1.26232026693
313673,324558,325901,10885,1343,1,180000,9.10498883098
313729,324564,342643,10835,18079,1,180000,1.59931412136
313769,324569,326448,10800,1879,1,180000,6.74773815859
313798,324574,342590,10776,18016,1,180000,1.59813499112
313965,314167,314173,202,6,4,3600,20.8
315333,315343,317890,10,2547,2,36000,1.00392618767
315363,315373,317929,10,2556,2,36000,1.00391236307
315418,315426,318086,8,2660,2,36000,1.0030075188
315461,315471,318028,10,2557,2,36000,1.00391083301
315488,315497,318047,9,2550,2,36000,1.00352941176
315550,315558,318227,8,2669,2,36000,1.00299737729
315551,315564,318183,13,2619,2,36000,1.00496372661
315552,315569,318197,17,2628,2,36000,1.00646879756
315568,315576,318167,8,2591,2,36000,1.00308761096
315583,315590,318209,7,2619,2,36000,1.00267277587
315585,315595,318196,10,2601,2,36000,1.00384467512
315600,315607,318192,7,2585,2,36000,1.00270793037
315601,315613,318155,12,2542,2,36000,1.00472069237
315616,315622,318181,6,2559,2,36000,1.00234466589
315638,315648,318363,10,2715,2,36000,1.00368324125
315653,315659,318239,6,2580,2,36000,1.0023255814
315669,315675,318280,6,2605,2,36000,1.00230326296
315670,315681,318376,11,2695,2,36000,1.00408163265
315671,315686,318248,15,2562,2,36000,1.00585480094
315686,315692,318377,6,2685,2,36000,1.00223463687
315704,315714,318292,10,2578,2,36000,1.00387897595
315719,315725,318270,6,2545,2,36000,1.00235756385
315733,316692,316984,959,292,2,43200,4.28424657534
315753,315761,318273,8,2512,2,36000,1.00318471338
315755,315767,318444,12,2677,2,36000,1.00448262981
315770,315776,318424,6,2648,2,36000,1.00226586103
315785,315791,318433,6,2642,2,36000,1.00227100681
315786,315797,318342,11,2545,2,36000,1.00432220039
315788,315802,318409,14,2607,2,36000,1.00537015727
315804,315809,318427,5,2618,2,36000,1.00190985485
315805,315815,318376,10,2561,2,36000,1.00390472472
315820,315826,318461,6,2635,2,36000,1.00227703985
315821,315832,318500,11,2668,2,36000,1.00412293853
315846,315854,318546,8,2692,2,36000,1.0029717682
315861,315868,318458,7,2590,2,36000,1.0027027027
315876,315882,318517,6,2635,2,36000,1.00227703985
315891,315897,318631,6,2734,2,36000,1.00219458669
315892,315903,318563,11,2660,2,36000,1.00413533835
315920,315929,318482,9,2553,2,36000,1.00352526439
315944,315954,318501,10,2547,2,36000,1.00392618767
316017,316025,318659,8,2634,2,36000,1.00303720577
316300,316697,321607,397,4910,2,14400,1.08085539715
316859,316995,328602,136,11607,2,28800,1.01171706729
317890,317901,320537,11,2636,2,36000,1.00417298938
317930,317940,320540,10,2600,2,36000,1.00384615385
318030,318039,320619,9,2580,2,36000,1.00348837209
318048,318058,320759,10,2701,2,36000,1.00370233247
318088,318097,320758,9,2661,2,36000,1.00338218715
318100,321618,342536,3518,20918,2,43200,1.16818051439
318158,318166,320897,8,2731,2,36000,1.00292932992
318173,318178,320690,5,2512,2,36000,1.00199044586
318188,318194,320871,6,2677,2,36000,1.0022413149
318189,318200,320788,11,2588,2,36000,1.0042503864
318205,318211,320797,6,2586,2,36000,1.00232018561
318206,318217,320735,11,2518,2,36000,1.00436854647
318208,318222,320905,14,2683,2,36000,1.00521803951
318222,318228,320886,6,2658,2,36000,1.00225733634
318237,318243,320765,6,2522,2,36000,1.00237906423
318252,318259,320914,7,2655,2,36000,1.00263653484
318254,318265,320795,11,2530,2,36000,1.00434782609
318272,318281,320962,9,2681,2,36000,1.00335695636
318288,318294,320887,6,2593,2,36000,1.0023139221
318289,318300,320846,11,2546,2,36000,1.00432050275
318305,318311,320907,6,2596,2,36000,1.00231124807
318320,324622,325001,6302,379,2,43200,17.6279683377
318344,318353,320890,9,2537,2,36000,1.00354749704
318365,318374,320957,9,2583,2,36000,1.00348432056
318381,318387,321006,6,2619,2,36000,1.00229095074
318382,318393,320958,11,2565,2,36000,1.00428849903
318384,318398,320990,14,2592,2,36000,1.00540123457
318411,318420,321039,9,2619,2,36000,1.00343642612
318427,318435,321091,8,2656,2,36000,1.00301204819
318442,318448,321048,6,2600,2,36000,1.00230769231
318443,318454,321101,11,2647,2,36000,1.0041556479
318458,318464,321014,6,2550,2,36000,1.00235294118
318459,318470,321171,11,2701,2,36000,1.00407256572
318475,318481,321068,6,2587,2,36000,1.00231928875
318490,318496,321176,6,2680,2,36000,1.00223880597
318505,318511,321039,6,2528,2,36000,1.00237341772
318506,318517,321168,11,2651,2,36000,1.00414937759
318522,318527,321170,5,2643,2,36000,1.00189178963
318549,318558,321062,9,2504,2,36000,1.0035942492
318564,318574,321228,10,2654,2,36000,1.00376789751
318634,318642,321210,8,2568,2,36000,1.0031152648
318661,318670,321228,9,2558,2,36000,1.00351837373
319984,324532,367748,4548,43216,40,43199,1.10523880044
320357,321307,330368,950,9061,4,72000,1.10484493985
320448,324627,329800,4179,5173,1,72000,1.80784844384
320540,320548,323109,8,2561,2,36000,1.00312377977
320555,320561,323178,6,2617,2,36000,1.00229270157
320621,320630,323143,9,2513,2,36000,1.00358137684
320691,320701,323265,10,2564,2,36000,1.00390015601
320736,320746,323327,10,2581,2,36000,1.00387446726
320761,320776,323399,15,2623,2,36000,1.00571864278
320762,320769,323480,7,2711,2,36000,1.00258207304
320777,320783,323332,6,2549,2,36000,1.00235386426
320792,320799,323337,7,2538,2,36000,1.00275807723
320807,320813,323325,6,2512,2,36000,1.00238853503
320808,320819,323490,11,2671,2,36000,1.00411830775
320847,320857,323484,10,2627,2,36000,1.00380662352
320871,320882,323582,11,2700,2,36000,1.00407407407
320890,320897,323557,7,2660,2,36000,1.00263157895
320892,320903,323573,11,2670,2,36000,1.00411985019
320893,320908,323579,15,2671,2,36000,1.0056158742
320910,320916,323376,6,2460,2,36000,1.00243902439
320911,320922,323506,11,2584,2,36000,1.00425696594
320912,320927,323497,15,2570,2,36000,1.00583657588
320927,320933,323518,6,2585,2,36000,1.00232108317
320961,320969,323617,8,2648,2,36000,1.00302114804
320962,320974,323570,12,2596,2,36000,1.00462249615
320977,320983,323556,6,2573,2,36000,1.00233190828
320992,321001,323483,9,2482,2,36000,1.00362610798
321007,321017,323691,10,2674,2,36000,1.00373971578
321022,321028,323605,6,2577,2,36000,1.00232828871
321040,321050,323666,10,2616,2,36000,1.00382262997
321042,321055,323624,13,2569,2,36000,1.00506033476
321057,321063,323742,6,2679,2,36000,1.00223964166
321072,321078,323718,6,2640,2,36000,1.00227272727
321073,321084,323626,11,2542,2,36000,1.00432730134
321094,321102,323631,8,2529,2,36000,1.00316330565
321109,321115,323697,6,2582,2,36000,1.00232378002
321169,321180,323799,11,2619,2,36000,1.00420007637
321185,321191,323746,6,2555,2,36000,1.00234833659
321186,321197,323733,11,2536,2,36000,1.00433753943
321187,321202,323750,15,2548,2,36000,1.00588697017
321211,321221,323760,10,2539,2,36000,1.00393855849
321230,321239,323852,9,2613,2,36000,1.00344431688
321231,321244,323915,13,2671,2,36000,1.00486709098
323110,323121,325743,11,2622,2,36000,1.00419527079
323146,323154,325693,8,2539,2,36000,1.00315084679
323179,323189,325823,10,2634,2,36000,1.00379650721
323266,323276,325834,10,2558,2,36000,1.00390930414
323327,323336,325966,9,2630,2,36000,1.00342205323
323329,323342,325931,13,2589,2,36000,1.00502124372
323344,323350,326045,6,2695,2,36000,1.00222634508
323345,323356,325823,11,2467,2,36000,1.00445885691
323378,323387,325985,9,2598,2,36000,1.00346420323
323400,323410,326114,10,2704,2,36000,1.00369822485
323481,323491,326012,10,2521,2,36000,1.00396667989
323497,323503,326175,6,2672,2,36000,1.00224550898
323498,323509,326178,11,2669,2,36000,1.00412139378
323500,323514,326113,14,2599,2,36000,1.00538668719
323515,323520,326104,5,2584,2,36000,1.00193498452
323516,323526,326162,10,2636,2,36000,1.00379362671
323531,323537,326113,6,2576,2,36000,1.00232919255
323558,323567,326110,9,2543,2,36000,1.00353912702
323559,323573,326182,14,2609,2,36000,1.00536604063
323575,323581,326183,6,2602,2,36000,1.00230591852
323576,323587,326144,11,2557,2,36000,1.00430191631
323577,323593,326271,16,2678,2,36000,1.00597460792
323593,323599,326220,6,2621,2,36000,1.00228920259
323607,323616,326339,9,2723,2,36000,1.00330517811
323622,323629,326264,7,2635,2,36000,1.00265654649
323638,323643,326113,5,2470,2,36000,1.0020242915
323639,323649,326215,10,2566,2,36000,1.00389711613
323640,323654,326340,14,2686,2,36000,1.00521221147
323667,323677,326275,10,2598,2,36000,1.0038491147
323691,323702,326343,11,2641,2,36000,1.00416508898
323706,323712,326181,6,2469,2,36000,1.00243013366
323721,323730,326305,9,2575,2,36000,1.00349514563
323736,323744,326360,8,2616,2,36000,1.00305810398
323752,323758,326407,6,2649,2,36000,1.00226500566
323753,323764,326301,11,2537,2,36000,1.00433582972
323754,323769,326420,15,2651,2,36000,1.00565824217
323769,323775,326377,6,2602,2,36000,1.00230591852
323802,323810,326453,8,2643,2,36000,1.00302686341
323853,323863,326439,10,2576,2,36000,1.00388198758
323914,323927,326468,13,2541,2,36000,1.00511609603
325694,325705,328290,11,2585,2,36000,1.00425531915
325746,325755,328408,9,2653,2,36000,1.00339238598
325825,325834,328436,9,2602,2,36000,1.00345887779
325826,325839,328422,13,2583,2,36000,1.00503290747
325841,325847,328401,6,2554,2,36000,1.00234925607
325932,325942,328568,10,2626,2,36000,1.00380807312
325968,325977,328582,9,2605,2,36000,1.00345489443
325986,325996,328646,10,2650,2,36000,1.00377358491
326013,326024,328603,11,2579,2,36000,1.00426521908
326043,326056,328647,13,2591,2,36000,1.00501736781
326107,326115,328695,8,2580,2,36000,1.00310077519
326123,326129,328705,6,2576,2,36000,1.00232919255
326124,326135,328688,11,2553,2,36000,1.00430865648
326125,326140,328648,15,2508,2,36000,1.00598086124
326127,326145,328738,18,2593,2,36000,1.00694176629
326128,326150,328656,22,2506,2,36000,1.00877893057
326146,326157,328764,11,2607,2,36000,1.00421940928
326164,326174,328887,10,2713,2,36000,1.00368595651
326179,326186,328709,7,2523,2,36000,1.00277447483
326181,326192,328880,11,2688,2,36000,1.0040922619
326196,326202,328796,6,2594,2,36000,1.00231303007
326198,326208,328870,10,2662,2,36000,1.003756574
326199,326213,328875,14,2662,2,36000,1.00525920361
326217,326226,328898,9,2672,2,36000,1.00336826347
326232,326238,328829,6,2591,2,36000,1.00231570822
326265,326275,328781,10,2506,2,36000,1.00399042298
326281,326287,328834,6,2547,2,36000,1.0023557126
326282,326293,328845,11,2552,2,36000,1.00431034483
326303,326312,328900,9,2588,2,36000,1.00347758887
326318,326324,328924,6,2600,2,36000,1.00230769231
326340,326350,328925,10,2575,2,36000,1.00388349515
326355,326361,328959,6,2598,2,36000,1.00230946882
326356,326367,328903,11,2536,2,36000,1.00433753943
326371,326377,328892,6,2515,2,36000,1.00238568588
326386,326392,329103,6,2711,2,36000,1.00221320546
326410,326418,328968,8,2550,2,36000,1.0031372549
326425,326431,329014,6,2583,2,36000,1.00232288037
326440,326450,329026,10,2576,2,36000,1.00388198758
326455,326465,329033,10,2568,2,36000,1.003894081
326470,326479,329041,9,2562,2,36000,1.00351288056
328291,328301,330905,10,2604,2,36000,1.00384024578
328402,328412,330987,10,2575,2,36000,1.00388349515
328417,328423,330988,6,2565,2,36000,1.00233918129
328432,328438,330863,6,2425,2,36000,1.0024742268
328447,328453,331025,6,2572,2,36000,1.00233281493
328572,328580,331095,8,2515,2,36000,1.00318091451
328587,328593,331121,6,2528,2,36000,1.00237341772
328605,328614,331128,9,2514,2,36000,1.00357995227
328648,328658,331264,10,2606,2,36000,1.00383729854
328649,328663,331259,14,2596,2,36000,1.00539291217
328651,328669,331195,18,2526,2,36000,1.00712589074
328666,328675,331274,9,2599,2,36000,1.00346287033
328690,328699,331262,9,2563,2,36000,1.00351150995
328705,328711,331447,6,2736,2,36000,1.00219298246
328706,328717,331280,11,2563,2,36000,1.00429184549
328721,328728,331279,7,2551,2,36000,1.00274402195
328739,328749,331278,10,2529,2,36000,1.00395413207
328766,328775,331322,9,2547,2,36000,1.0035335689
328784,328793,331320,9,2527,2,36000,1.00356153542
328799,328807,331525,8,2718,2,36000,1.00294334069
328833,328840,331440,7,2600,2,36000,1.00269230769
328848,328854,331425,6,2571,2,36000,1.00233372229
328849,328860,331390,11,2530,2,36000,1.00434782609
328874,328882,331490,8,2608,2,36000,1.00306748466
328889,328895,331525,6,2630,2,36000,1.00228136882
328891,328901,331427,10,2526,2,36000,1.00395882819
328892,328906,331381,14,2475,2,36000,1.00565656566
328908,328914,331508,6,2594,2,36000,1.00231303007
328909,328920,331435,11,2515,2,36000,1.00437375746
328911,328925,331430,14,2505,2,36000,1.00558882236
328912,328930,331585,18,2655,2,36000,1.00677966102
328928,328936,331538,8,2602,2,36000,1.00307455803
328929,328941,331542,12,2601,2,36000,1.00461361015
328962,328970,331623,8,2653,2,36000,1.0030154542
328977,328983,331650,6,2667,2,36000,1.00224971879
329018,329025,331691,7,2666,2,36000,1.00262565641
329033,329039,331585,6,2546,2,36000,1.00235663786
329035,329045,331592,10,2547,2,36000,1.00392618767
329050,329056,331651,6,2595,2,36000,1.00231213873
329106,329115,331765,9,2650,2,36000,1.00339622642
330864,330874,333418,10,2544,2,36000,1.00393081761
330906,330916,333432,10,2516,2,36000,1.0039745628
330991,330998,333584,7,2586,2,36000,1.00270688322
330992,331004,333543,12,2539,2,36000,1.00472627019
331026,331036,333697,10,2661,2,36000,1.00375798572
331097,331106,333663,9,2557,2,36000,1.00351974971
331124,331132,333788,8,2656,2,36000,1.00301204819
331139,331145,333754,6,2609,2,36000,1.0022997317
331197,331206,333848,9,2642,2,36000,1.00340651022
331260,331270,333768,10,2498,2,36000,1.00400320256
331276,331282,333825,6,2543,2,36000,1.00235941801
331277,331288,333940,11,2652,2,36000,1.00414781297
331278,331293,333879,15,2586,2,36000,1.00580046404
331294,331300,333858,6,2558,2,36000,1.00234558249
331296,331306,333952,10,2646,2,36000,1.00377928949
331297,331311,333741,14,2430,2,36000,1.00576131687
331321,331331,333981,10,2650,2,36000,1.00377358491
331336,331342,333865,6,2523,2,36000,1.00237812128
331381,331392,333963,11,2571,2,36000,1.00427849086
331396,331402,334026,6,2624,2,36000,1.00228658537
331428,331455,460042,27,128587,4,172800,1.00020997457
331428,331445,334117,17,2672,2,36000,1.00636227545
331428,331434,461361,6,129927,4,172800,1.00004617978
331428,331461,460328,33,128867,4,172800,1.00025607797
331428,331439,460537,11,129098,4,172800,1.00008520659
331429,331466,459951,37,128485,4,172800,1.00028797136
331429,331450,334065,21,2615,2,36000,1.00803059273
331429,331471,459837,42,128366,4,172800,1.00032718944
331446,331477,334110,31,2633,2,36000,1.01177364223
331447,331482,334157,35,2675,2,36000,1.01308411215
331449,331487,334114,38,2627,2,36000,1.01446516939
331453,331498,497728,45,166230,2,259200,1.00027070926
331454,331503,496841,49,165338,2,259200,1.0002963626
331454,331508,476223,54,144715,2,259200,1.00037314722
331454,331518,474236,64,142718,2,259200,1.00044843678
331454,331513,475320,59,143807,2,259200,1.0004102721
331455,341009,482514,9554,141505,2,259200,1.06751704887
331455,341014,481509,9559,140495,2,259200,1.06803800847
331455,334213,477175,2758,142962,2,259200,1.01929183979
331456,342547,508765,11091,166218,2,259200,1.06672562538
331456,341019,481876,9563,140857,2,259200,1.06789154959
331456,341030,481226,9574,140196,2,259200,1.06829010813
331456,341025,484219,9569,143194,2,259200,1.06682542565
331457,355438,523887,23981,168449,2,259200,1.14236356405
331457,342654,508864,11197,166210,2,259200,1.06736658444
331457,348516,501320,17059,152804,2,259200,1.11163974765
331457,342602,510587,11145,167985,2,259200,1.06634520939
331458,355443,508985,23985,153542,2,259200,1.1562113298
331458,355448,521779,23990,166331,2,259200,1.14423048019
331458,355453,521579,23995,166126,2,259200,1.14443855868
331459,355464,515719,24005,160255,2,259200,1.14979251817
331459,355474,509641,24015,154167,2,259200,1.15577263617
331459,355469,508257,24010,152788,2,259200,1.15714584915
331459,355459,520905,24000,165446,2,259200,1.14506243729
331460,355484,522509,24024,167025,2,259200,1.14383475528
331460,359366,526001,27906,166635,2,259200,1.16746781889
331460,355479,509669,24019,154190,2,259200,1.15577534211
331461,367769,534516,36308,166747,2,259200,1.21774304785
331461,367764,535142,36303,167378,2,259200,1.21689230365
331461,367759,536062,36298,168303,2,259200,1.21567054657
331464,331493,334017,29,2524,2,36000,1.01148969889
331492,331525,334127,33,2602,2,36000,1.01268255188
331510,331530,334240,20,2710,2,36000,1.0073800738
331525,331536,334196,11,2660,2,36000,1.00413533835
331541,331547,334221,6,2674,2,36000,1.00224382947
331542,331553,334107,11,2554,2,36000,1.00430696946
331557,331563,334276,6,2713,2,36000,1.0022115739
331588,331603,334244,15,2641,2,36000,1.00567966679
331589,331608,334128,19,2520,2,36000,1.00753968254
331604,331615,334131,11,2516,2,36000,1.00437201908
331625,331634,334166,9,2532,2,36000,1.00355450237
331653,331661,334315,8,2654,2,36000,1.00301431801
331654,331667,334315,13,2648,2,36000,1.00490936556
331693,331703,334262,10,2559,2,36000,1.00390777648
331766,331777,334390,11,2613,2,36000,1.00420972063
333419,333429,336109,10,2680,2,36000,1.00373134328
333434,333443,336015,9,2572,2,36000,1.0034992224
333546,333554,336102,8,2548,2,36000,1.00313971743
333588,333596,336235,8,2639,2,36000,1.00303145131
333663,333674,336387,11,2713,2,36000,1.00405455216
333700,333708,336268,8,2560,2,36000,1.003125
333742,333752,336374,10,2622,2,36000,1.00381388253
333757,333765,336391,8,2626,2,36000,1.00304645849
333772,333779,336313,7,2534,2,36000,1.00276243094
333790,333799,336481,9,2682,2,36000,1.0033557047
333827,333836,336375,9,2539,2,36000,1.00354470264
333851,333859,336382,8,2523,2,36000,1.00317082838
333866,333872,336449,6,2577,2,36000,1.00232828871
333867,333878,336527,11,2649,2,36000,1.00415251038
333882,333890,336433,8,2543,2,36000,1.00314589068
333942,333951,336647,9,2696,2,36000,1.00333827893
333957,333963,336517,6,2554,2,36000,1.00234925607
333972,333978,336698,6,2720,2,36000,1.00220588235
333987,333993,336645,6,2652,2,36000,1.00226244344
334020,334028,336639,8,2611,2,36000,1.00306396017
334035,334041,336709,6,2668,2,36000,1.00224887556
334068,334076,336713,8,2637,2,36000,1.00303375047
334110,334118,336634,8,2516,2,36000,1.00317965024
334112,334124,336870,12,2746,2,36000,1.00436999272
334127,334133,336776,6,2643,2,36000,1.00227014756
334129,334139,336664,10,2525,2,36000,1.00396039604
334130,334144,336805,14,2661,2,36000,1.00526118001
334145,334151,336808,6,2657,2,36000,1.00225818592
334147,334157,336722,10,2565,2,36000,1.00389863548
334162,334167,336718,5,2551,2,36000,1.00196001568
334176,334183,336674,7,2491,2,36000,1.00281011642
334197,334207,336833,10,2626,2,36000,1.00380807312
334221,334232,336774,11,2542,2,36000,1.00432730134
334243,334252,336874,9,2622,2,36000,1.00343249428
334258,334264,336790,6,2526,2,36000,1.00237529691
334273,334279,336985,6,2706,2,36000,1.0022172949
334287,334294,336896,7,2602,2,36000,1.00269023828
334318,334387,337133,69,2746,2,36000,1.02512745812
334319,334392,337093,73,2701,2,36000,1.02702702703
334391,334401,337087,10,2686,2,36000,1.00372300819
336016,336027,338660,11,2633,2,36000,1.00417774402
336104,336113,338665,9,2552,2,36000,1.00352664577
336119,336125,338840,6,2715,2,36000,1.00220994475
336236,336247,338870,11,2623,2,36000,1.00419367137
336270,336279,338870,9,2591,2,36000,1.00347356233
336315,336324,338834,9,2510,2,36000,1.00358565737
336375,336391,338958,16,2567,2,36000,1.00623295676
336377,336385,339089,8,2704,2,36000,1.00295857988
336392,336398,339027,6,2629,2,36000,1.00228223659
336394,336404,339079,10,2675,2,36000,1.00373831776
336395,336409,338932,14,2523,2,36000,1.00554894966
336434,336444,339039,10,2595,2,36000,1.00385356455
336452,336460,339065,8,2605,2,36000,1.00307101727
336482,336492,339104,10,2612,2,36000,1.00382848392
336519,336528,339129,9,2601,2,36000,1.00346020761
336534,336540,339144,6,2604,2,36000,1.00230414747
336637,336645,339220,8,2575,2,36000,1.00310679612
336652,336658,339225,6,2567,2,36000,1.00233735878
336654,336664,339246,10,2582,2,36000,1.00387296669
336655,336669,339311,14,2642,2,36000,1.0052990159
336670,336676,339306,6,2630,2,36000,1.00228136882
336685,336691,339400,6,2709,2,36000,1.00221483942
336700,336709,339338,9,2629,2,36000,1.00342335489
336715,336721,339196,6,2475,2,36000,1.00242424242
336716,336727,339381,11,2654,2,36000,1.00414468726
336731,336738,339367,7,2629,2,36000,1.00266260936
336733,336744,339306,11,2562,2,36000,1.00429352069
336775,336786,339385,11,2599,2,36000,1.00423239708
336790,336796,339513,6,2717,2,36000,1.002208318
336791,336802,339335,11,2533,2,36000,1.00434267667
336807,336816,339353,9,2537,2,36000,1.00354749704
336822,336828,339338,6,2510,2,36000,1.00239043825
336837,336844,339418,7,2574,2,36000,1.00271950272
336873,336881,339491,8,2610,2,36000,1.0030651341
336888,336894,339549,6,2655,2,36000,1.00225988701
336903,336909,339490,6,2581,2,36000,1.00232468036
336988,336996,339579,8,2583,2,36000,1.00309717383
337090,337099,339734,9,2635,2,36000,1.00341555977
337105,337111,339657,6,2546,2,36000,1.00235663786
337135,337144,339715,9,2571,2,36000,1.00350058343
338663,338671,341318,8,2647,2,36000,1.00302228938
338678,338684,341364,6,2680,2,36000,1.00223880597
338838,338845,341342,7,2497,2,36000,1.00280336404
338852,338858,341562,6,2704,2,36000,1.00221893491
338870,338881,341509,11,2628,2,36000,1.00418569254
338872,338886,341441,14,2555,2,36000,1.00547945205
338932,338943,341621,11,2678,2,36000,1.00410754294
338960,338970,341582,10,2612,2,36000,1.00382848392
339029,339038,341759,9,2721,2,36000,1.0033076075
339044,339050,341618,6,2568,2,36000,1.0023364486
339068,339076,341734,8,2658,2,36000,1.00300978179
339083,339091,341654,8,2563,2,36000,1.00312134218
339098,339104,341645,6,2541,2,36000,1.00236127509
339113,339119,341654,6,2535,2,36000,1.00236686391
339131,339140,341663,9,2523,2,36000,1.00356718193
339146,339155,341790,9,2635,2,36000,1.00341555977
339197,339207,341819,10,2612,2,36000,1.00382848392
339221,339231,341746,10,2515,2,36000,1.00397614314
339236,339242,341788,6,2546,2,36000,1.00235663786
339251,339257,341861,6,2604,2,36000,1.00230414747
339309,339317,341880,8,2563,2,36000,1.00312134218
339310,339322,341965,12,2643,2,36000,1.00454029512
339325,339331,341877,6,2546,2,36000,1.00235663786
339341,339347,341981,6,2634,2,36000,1.00227790433
339343,339353,342009,10,2656,2,36000,1.00376506024
339344,339358,341991,14,2633,2,36000,1.00531712875
339359,339365,342041,6,2676,2,36000,1.00224215247
339374,339380,341897,6,2517,2,36000,1.00238379023
339389,339395,341977,6,2582,2,36000,1.00232378002
339391,339401,341896,10,2495,2,36000,1.00400801603
339406,339412,342015,6,2603,2,36000,1.00230503265
339421,339429,342044,8,2615,2,36000,1.00305927342
339491,339501,342046,10,2545,2,36000,1.00392927308
339505,339512,342121,7,2609,2,36000,1.00268302031
339520,339526,342057,6,2531,2,36000,1.0023706045
339550,339560,342164,10,2604,2,36000,1.00384024578
339581,339590,342148,9,2558,2,36000,1.00351837373
339660,339668,342288,8,2620,2,36000,1.00305343511
339717,339727,342364,10,2637,2,36000,1.00379218809
339735,339746,342287,11,2541,2,36000,1.00432900433
341319,341329,343883,10,2554,2,36000,1.00391542678
341343,341354,343884,11,2530,2,36000,1.00434782609
341364,341375,344015,11,2640,2,36000,1.00416666667
341443,341452,344091,9,2639,2,36000,1.00341038272
341512,341520,344020,8,2500,2,36000,1.0032
341563,341573,344193,10,2620,2,36000,1.00381679389
341584,341593,344088,9,2495,2,36000,1.00360721443
341621,341629,344083,8,2454,2,36000,1.0032599837
341636,341642,344193,6,2551,2,36000,1.00235201882
341650,341656,344329,6,2673,2,36000,1.00224466891
341666,341672,344265,6,2593,2,36000,1.0023139221
341667,341678,344351,11,2673,2,36000,1.00411522634
341668,341683,344361,15,2678,2,36000,1.00560119492
341735,341745,344333,10,2588,2,36000,1.00386398764
341750,341757,344295,7,2538,2,36000,1.00275807723
341765,341771,344355,6,2584,2,36000,1.00232198142
341789,341800,344421,11,2621,2,36000,1.00419687142
341804,341810,344474,6,2664,2,36000,1.00225225225
341822,341831,344239,9,2408,2,36000,1.00373754153
341861,341872,344482,11,2610,2,36000,1.00421455939
341880,341889,344452,9,2563,2,36000,1.00351150995
341894,341901,344617,7,2716,2,36000,1.00257731959
341909,341916,344617,7,2701,2,36000,1.00259163273
341911,341922,344560,11,2638,2,36000,1.00416982563
341968,341976,344666,8,2690,2,36000,1.0029739777
341983,341989,344475,6,2486,2,36000,1.00241351569
341985,341995,344638,10,2643,2,36000,1.00378357927
341999,342006,344617,7,2611,2,36000,1.00268096515
342015,342021,344679,6,2658,2,36000,1.00225733634
342016,342027,344694,11,2667,2,36000,1.00412448444
342044,342052,344604,8,2552,2,36000,1.00313479624
342059,342065,344707,6,2642,2,36000,1.00227100681
342060,342071,344509,11,2438,2,36000,1.004511895
342062,342076,344651,14,2575,2,36000,1.0054368932
342122,342132,344711,10,2579,2,36000,1.00387747189
342149,342159,344785,10,2626,2,36000,1.00380807312
342167,342176,344746,9,2570,2,36000,1.00350194553
342289,342298,344808,9,2510,2,36000,1.00358565737
342290,342304,344887,14,2583,2,36000,1.0054200542
342366,342375,344960,9,2585,2,36000,1.00348162476
343886,343894,346576,8,2682,2,36000,1.00298284862
343887,343900,346576,13,2676,2,36000,1.00485799701
344017,344026,346557,9,2531,2,36000,1.00355590676
344031,344038,346651,7,2613,2,36000,1.00267891313
344086,344094,346637,8,2543,2,36000,1.00314589068
344101,344107,346638,6,2531,2,36000,1.0023706045
344102,344113,346773,11,2660,2,36000,1.00413533835
344196,344204,346777,8,2573,2,36000,1.00310921104
344197,344209,346798,12,2589,2,36000,1.00463499421
344243,344251,346786,8,2535,2,36000,1.00315581854
344267,344276,346831,9,2555,2,36000,1.00352250489
344297,344306,346862,9,2556,2,36000,1.00352112676
344327,344340,346899,13,2559,2,36000,1.00508010942
344342,344348,346956,6,2608,2,36000,1.0023006135
344357,344363,346956,6,2593,2,36000,1.0023139221
344358,344369,347051,11,2682,2,36000,1.00410141685
344373,344379,346974,6,2595,2,36000,1.00231213873
344421,344432,346965,11,2533,2,36000,1.00434267667
344455,344463,347006,8,2543,2,36000,1.00314589068
344476,344485,347212,9,2727,2,36000,1.00330033003
344478,344491,346967,13,2476,2,36000,1.00525040388
344493,344499,347157,6,2658,2,36000,1.00225733634
344511,344521,347128,10,2607,2,36000,1.00383582662
344562,344571,347171,9,2600,2,36000,1.00346153846
344607,344616,347231,9,2615,2,36000,1.0034416826
344623,344629,347222,6,2593,2,36000,1.0023139221
344624,344635,347269,11,2634,2,36000,1.00417615793
344626,344640,347196,14,2556,2,36000,1.00547730829
344641,344649,347323,8,2674,2,36000,1.00299177263
344656,344662,347373,6,2711,2,36000,1.00221320546
344671,344677,347248,6,2571,2,36000,1.00233372229
344686,344691,347351,5,2660,2,36000,1.00187969925
344701,344707,347295,6,2588,2,36000,1.00231839258
344716,344722,347374,6,2652,2,36000,1.00226244344
344717,344728,347267,11,2539,2,36000,1.00433241434
344747,344758,347307,11,2549,2,36000,1.00431541781
344787,344797,347418,10,2621,2,36000,1.00381533766
344811,344820,347394,9,2574,2,36000,1.0034965035
344889,344898,347470,9,2572,2,36000,1.0034992224
344962,344971,347686,9,2715,2,36000,1.00331491713
346559,346569,349125,10,2556,2,36000,1.00391236307
346574,346587,349097,13,2510,2,36000,1.00517928287
346589,346595,349129,6,2534,2,36000,1.00236779795
346638,346648,349205,10,2557,2,36000,1.00391083301
346653,346659,349267,6,2608,2,36000,1.0023006135
346654,346665,349370,11,2705,2,36000,1.00406654344
346776,346785,349353,9,2568,2,36000,1.0035046729
346791,346797,349388,6,2591,2,36000,1.00231570822
346792,346803,349361,11,2558,2,36000,1.00430023456
346807,346813,349495,6,2682,2,36000,1.00223713647
346834,346842,349455,8,2613,2,36000,1.003061615
346865,346874,349517,9,2643,2,36000,1.00340522134
346901,346910,349547,9,2637,2,36000,1.00341296928
346959,346967,349604,8,2637,2,36000,1.00303375047
346960,346972,349499,12,2527,2,36000,1.00474871389
346976,346982,349600,6,2618,2,36000,1.00229182582
346977,346988,349624,11,2636,2,36000,1.00417298938
346979,346993,349501,14,2508,2,36000,1.00558213716
347009,347017,349542,8,2525,2,36000,1.00316831683
347054,347063,349607,9,2544,2,36000,1.00353773585
347129,347140,349837,11,2697,2,36000,1.00407860586
347160,347168,349849,8,2681,2,36000,1.00298396121
347175,347182,349824,7,2642,2,36000,1.00264950795
347199,347207,349907,8,2700,2,36000,1.00296296296
347214,347224,349892,10,2668,2,36000,1.00374812594
347229,347235,349742,6,2507,2,36000,1.00239329876
347244,347250,349979,6,2729,2,36000,1.00219860755
347258,347264,349818,6,2554,2,36000,1.00234925607
347274,347280,349784,6,2504,2,36000,1.00239616613
347275,347286,349840,11,2554,2,36000,1.00430696946
347296,347306,349918,10,2612,2,36000,1.00382848392
347311,347318,349792,7,2474,2,36000,1.00282942603
347326,347335,349904,9,2569,2,36000,1.00350330868
347353,347363,350005,10,2642,2,36000,1.00378501136
347374,347384,349900,10,2516,2,36000,1.0039745628
347375,347390,349905,15,2515,2,36000,1.00596421471
347397,347405,350083,8,2678,2,36000,1.00298730396
347421,347429,350073,8,2644,2,36000,1.00302571861
347470,347481,350020,11,2539,2,36000,1.00433241434
347689,347698,350382,9,2684,2,36000,1.00335320417
349098,349108,351677,10,2569,2,36000,1.0038925652
349128,349136,351695,8,2559,2,36000,1.00312622118
349143,349149,351657,6,2508,2,36000,1.0023923445
349207,349216,351784,9,2568,2,36000,1.0035046729
349270,349279,351923,9,2644,2,36000,1.00340393343
349355,349365,351987,10,2622,2,36000,1.00381388253
349370,349376,352005,6,2629,2,36000,1.00228223659
349385,349391,351908,6,2517,2,36000,1.00238379023
349400,349406,351972,6,2566,2,36000,1.00233826968
349457,349466,352058,9,2592,2,36000,1.00347222222
349496,349506,352173,10,2667,2,36000,1.00374953131
349512,349518,352080,6,2562,2,36000,1.00234192037
349513,349524,352148,11,2624,2,36000,1.00419207317
349528,349534,352119,6,2585,2,36000,1.00232108317
349543,349553,352084,10,2531,2,36000,1.00395100751
349558,349564,352112,6,2548,2,36000,1.00235478807
349600,349611,352198,11,2587,2,36000,1.00425202938
349617,349623,352180,6,2557,2,36000,1.0023464998
349618,349629,352178,11,2549,2,36000,1.00431541781
349633,349639,352218,6,2579,2,36000,1.00232648313
349743,349753,352331,10,2578,2,36000,1.00387897595
349786,349795,352363,9,2568,2,36000,1.0035046729
349801,349807,352498,6,2691,2,36000,1.0022296544
349819,349829,352511,10,2682,2,36000,1.00372856078
349834,349840,352317,6,2477,2,36000,1.00242228502
349849,349855,352481,6,2626,2,36000,1.00228484387
349850,349861,352524,11,2663,2,36000,1.00413067968
349852,349866,352310,14,2444,2,36000,1.00572831424
349895,349903,352480,8,2577,2,36000,1.00310438494
349911,349917,352496,6,2579,2,36000,1.00232648313
349912,349923,352473,11,2550,2,36000,1.00431372549
349914,349928,352494,14,2566,2,36000,1.00545596259
349915,349933,352496,18,2563,2,36000,1.0070230199
349930,349940,352586,10,2646,2,36000,1.00377928949
349982,349990,352507,8,2517,2,36000,1.00317838697
350006,350016,352660,10,2644,2,36000,1.00378214826
350021,350031,352545,10,2514,2,36000,1.00397772474
350076,350084,352755,8,2671,2,36000,1.00299513291
350091,350097,352733,6,2636,2,36000,1.00227617602
350384,350393,353085,9,2692,2,36000,1.00334323923
351657,351668,354296,11,2628,2,36000,1.00418569254
351678,351688,354334,10,2646,2,36000,1.00377928949
351696,351706,354381,10,2675,2,36000,1.00373831776
351787,351795,354391,8,2596,2,36000,1.0030816641
351910,351919,354415,9,2496,2,36000,1.00360576923
351925,351935,354585,10,2650,2,36000,1.00377358491
351974,351983,354497,9,2514,2,36000,1.00357995227
351989,351998,354525,9,2527,2,36000,1.00356153542
352007,352016,354699,9,2683,2,36000,1.00335445397
352058,352069,354646,11,2577,2,36000,1.0042685293
352083,352091,354719,8,2628,2,36000,1.00304414003
352098,352104,354653,6,2549,2,36000,1.00235386426
352113,352123,354800,10,2677,2,36000,1.00373552484
352128,352134,354746,6,2612,2,36000,1.00229709035
352149,352159,354777,10,2618,2,36000,1.0038197097
352173,352185,354584,12,2399,2,36000,1.0050020842
352188,352194,354780,6,2586,2,36000,1.00232018561
352190,352200,354744,10,2544,2,36000,1.00393081761
352204,352211,354734,7,2523,2,36000,1.00277447483
352220,352229,354796,9,2567,2,36000,1.00350603818
352313,352322,354890,9,2568,2,36000,1.0035046729
352328,352334,354901,6,2567,2,36000,1.00233735878
352343,352349,354875,6,2526,2,36000,1.00237529691
352364,352374,355028,10,2654,2,36000,1.00376789751
352476,352484,355018,8,2534,2,36000,1.00315706393
352491,352497,355084,6,2587,2,36000,1.00231928875
352492,352503,355037,11,2534,2,36000,1.0043409629
352508,352514,355134,6,2620,2,36000,1.00229007634
352510,352520,355118,10,2598,2,36000,1.0038491147
352511,352525,355115,14,2590,2,36000,1.00540540541
352512,352530,355047,18,2517,2,36000,1.00715137068
352513,352535,355123,22,2588,2,36000,1.0085007728
352529,352542,355068,13,2526,2,36000,1.00514647664
352530,352547,355059,17,2512,2,36000,1.00676751592
352548,352557,355086,9,2529,2,36000,1.00355871886
352588,352598,355191,10,2593,2,36000,1.00385653683
352663,352671,355052,8,2381,2,36000,1.0033599328
352736,352744,355338,8,2594,2,36000,1.00308404009
352757,352766,355364,9,2598,2,36000,1.00346420323
353086,353096,355701,10,2605,2,36000,1.00383877159
354296,354307,356874,11,2567,2,36000,1.00428515777
354336,354345,356947,9,2602,2,36000,1.00345887779
354384,354392,357008,8,2616,2,36000,1.00305810398
354399,354405,357017,6,2612,2,36000,1.00229709035
354417,354426,357007,9,2581,2,36000,1.00348702053
354498,354508,357101,10,2593,2,36000,1.00385653683
354525,354536,357088,11,2552,2,36000,1.00431034483
354586,354595,357269,9,2674,2,36000,1.0033657442
354587,354601,357293,14,2692,2,36000,1.00520059435
354645,354657,357166,12,2509,2,36000,1.00478278198
354647,367775,410984,13128,43209,14,43200,1.30382559189
354660,354666,357118,6,2452,2,36000,1.00244698206
354699,354710,357317,11,2607,2,36000,1.00421940928
354720,354730,357335,10,2605,2,36000,1.00383877159
354735,354745,357305,10,2560,2,36000,1.00390625
354750,354756,357414,6,2658,2,36000,1.00225733634
354752,354763,357297,11,2534,2,36000,1.0043409629
354779,354788,357368,9,2580,2,36000,1.00348837209
354794,354800,357374,6,2574,2,36000,1.00233100233
354809,354815,357411,6,2596,2,36000,1.00231124807
354810,354821,357446,11,2625,2,36000,1.00419047619
354877,354886,357391,9,2505,2,36000,1.00359281437
354892,354901,357628,9,2727,2,36000,1.00330033003
354907,354913,357595,6,2682,2,36000,1.00223713647
355019,355029,357628,10,2599,2,36000,1.00384763371
355034,355040,357705,6,2665,2,36000,1.00225140713
355049,355055,357606,6,2551,2,36000,1.00235201882
355050,355061,357591,11,2530,2,36000,1.00434782609
355066,355072,357596,6,2524,2,36000,1.00237717908
355067,355078,357474,11,2396,2,36000,1.00459098497
355082,355088,357600,6,2512,2,36000,1.00238853503
355097,355103,357585,6,2482,2,36000,1.00241740532
355098,355109,357700,11,2591,2,36000,1.00424546507
355116,355128,357666,12,2538,2,36000,1.00472813239
355132,355138,357680,6,2542,2,36000,1.00236034618
355133,355144,357636,11,2492,2,36000,1.0044141252
355148,355154,357742,6,2588,2,36000,1.00231839258
355193,355202,357825,9,2623,2,36000,1.00343118567
355338,355349,357945,11,2596,2,36000,1.00423728814
355365,355376,358015,11,2639,2,36000,1.00416824555
355704,355712,358349,8,2637,2,36000,1.00303375047
356877,356885,359427,8,2542,2,36000,1.00314712825
356949,356958,359525,9,2567,2,36000,1.00350603818
357010,357018,359592,8,2574,2,36000,1.00310800311
357011,357024,359727,13,2703,2,36000,1.00480947096
357026,357032,359574,6,2542,2,36000,1.00236034618
357090,357099,359699,9,2600,2,36000,1.00346153846
357105,357113,359694,8,2581,2,36000,1.00309957381
357119,357129,359791,10,2662,2,36000,1.003756574
357168,357177,359847,9,2670,2,36000,1.00337078652
357271,357280,359958,9,2678,2,36000,1.00336071695
357295,357304,359930,9,2626,2,36000,1.0034272658
357310,357316,359855,6,2539,2,36000,1.00236313509
357312,357322,359940,10,2618,2,36000,1.0038197097
357327,357333,359958,6,2625,2,36000,1.00228571429
357341,357348,359871,7,2523,2,36000,1.00277447483
357369,357379,359961,10,2582,2,36000,1.00387296669
357384,357390,359925,6,2535,2,36000,1.00236686391
357398,357405,360066,7,2661,2,36000,1.00263059
357414,357422,360059,8,2637,2,36000,1.00303375047
357428,357435,359958,7,2523,2,36000,1.00277447483
357449,357457,359981,8,2524,2,36000,1.00316957211
357476,357485,360192,9,2707,2,36000,1.00332471371
357585,357596,360182,11,2586,2,36000,1.00425367363
357601,357608,360229,7,2621,2,36000,1.00267073636
357603,357614,360208,11,2594,2,36000,1.00424055513
357604,357619,360246,15,2627,2,36000,1.00570993529
357605,357625,360294,20,2669,2,36000,1.00749344324
357621,357631,360335,10,2704,2,36000,1.00369822485
357636,357642,360279,6,2637,2,36000,1.00227531286
357638,357648,360294,10,2646,2,36000,1.00377928949
357639,357653,360212,14,2559,2,36000,1.00547088707
357669,357678,360263,9,2585,2,36000,1.00348162476
357684,357691,360373,7,2682,2,36000,1.00260999254
357702,357711,360342,9,2631,2,36000,1.00342075257
357717,357723,360417,6,2694,2,36000,1.00222717149
357744,357754,360303,10,2549,2,36000,1.0039231071
357826,357836,360378,10,2542,2,36000,1.00393391031
357947,357957,360482,10,2525,2,36000,1.00396039604
358017,358026,360582,9,2556,2,36000,1.00352112676
358350,358360,361059,10,2699,2,36000,1.00370507595
359428,359438,362039,10,2601,2,36000,1.00384467512
359525,359536,362050,11,2514,2,36000,1.00437549722
359577,359586,362181,9,2595,2,36000,1.00346820809
359595,359603,362122,8,2519,2,36000,1.00317586344
359695,359705,362274,10,2569,2,36000,1.0038925652
359710,359716,362365,6,2649,2,36000,1.00226500566
359728,359738,362284,10,2546,2,36000,1.00392772977
359794,359802,362517,8,2715,2,36000,1.002946593
359849,359858,362373,9,2515,2,36000,1.00357852883
359864,359870,362472,6,2602,2,36000,1.00230591852
359878,359885,362467,7,2582,2,36000,1.00271107668
359927,359937,362558,10,2621,2,36000,1.00381533766
359942,359948,362623,6,2675,2,36000,1.00224299065
359943,359954,362499,11,2545,2,36000,1.00432220039
359959,359970,362603,11,2633,2,36000,1.00417774402
359960,359975,362707,15,2732,2,36000,1.00549048316
359962,359980,362680,18,2700,2,36000,1.00666666667
359977,359987,362525,10,2538,2,36000,1.00394011032
359992,359998,362682,6,2684,2,36000,1.00223546945
360061,360070,362784,9,2714,2,36000,1.00331613854
360076,360082,362700,6,2618,2,36000,1.00229182582
360185,360193,362886,8,2693,2,36000,1.00297066469
360200,360206,362740,6,2534,2,36000,1.00236779795
360215,360221,362782,6,2561,2,36000,1.00234283483
360217,360227,362814,10,2587,2,36000,1.00386548125
360232,360240,362934,8,2694,2,36000,1.00296956199
360247,360257,362909,10,2652,2,36000,1.00377073906
360265,360274,362843,9,2569,2,36000,1.00350330868
360280,360290,362810,10,2520,2,36000,1.00396825397
360295,360305,362874,10,2569,2,36000,1.0038925652
360297,360310,362829,13,2519,2,36000,1.00516077809
360312,360318,362749,6,2431,2,36000,1.00246812012
360336,360346,362911,10,2565,2,36000,1.00389863548
360351,360357,362904,6,2547,2,36000,1.0023557126
360375,360384,362921,9,2537,2,36000,1.00354749704
360390,360396,363052,6,2656,2,36000,1.00225903614
360420,360428,362933,8,2505,2,36000,1.00319361277
360484,360494,363029,10,2535,2,36000,1.00394477318
360585,360594,363254,9,2660,2,36000,1.00338345865
361060,361070,363681,10,2611,2,36000,1.00382995021
362040,362050,364510,10,2460,2,36000,1.00406504065
362055,362062,364744,7,2682,2,36000,1.00260999254
362125,362133,364716,8,2583,2,36000,1.00309717383
362182,362192,364883,10,2691,2,36000,1.00371609067
362276,362285,364681,9,2396,2,36000,1.00375626043
362291,362297,364864,6,2567,2,36000,1.00233735878
362367,362377,364982,10,2605,2,36000,1.00383877159
362382,362388,364995,6,2607,2,36000,1.00230149597
362469,362478,365046,9,2568,2,36000,1.0035046729
362484,362490,365054,6,2564,2,36000,1.0023400936
362502,362510,365247,8,2737,2,36000,1.00292290829
362520,362528,365062,8,2534,2,36000,1.00315706393
362535,362541,365027,6,2486,2,36000,1.00241351569
362560,362569,365098,9,2529,2,36000,1.00355871886
362605,362614,365284,9,2670,2,36000,1.00337078652
362623,362634,365164,11,2530,2,36000,1.00434782609
362681,362691,365362,10,2671,2,36000,1.00374391614
362696,362702,365343,6,2641,2,36000,1.00227186672
362711,362717,365369,6,2652,2,36000,1.00226244344
362712,362723,365319,11,2596,2,36000,1.00423728814
362742,362752,365277,10,2525,2,36000,1.00396039604
362757,362764,365326,7,2562,2,36000,1.00273224044
362785,362793,365425,8,2632,2,36000,1.00303951368
362786,362799,365471,13,2672,2,36000,1.00486526946
362810,362822,365414,12,2592,2,36000,1.00462962963
362825,362831,365388,6,2557,2,36000,1.0023464998
362840,362846,365402,6,2556,2,36000,1.00234741784
362855,362861,365513,6,2652,2,36000,1.00226244344
362876,362886,365526,10,2640,2,36000,1.00378787879
362891,362897,365534,6,2637,2,36000,1.00227531286
362907,362916,365560,9,2644,2,36000,1.00340393343
362922,362928,365494,6,2566,2,36000,1.00233826968
362924,362934,365467,10,2533,2,36000,1.00394788788
362925,362939,365625,14,2686,2,36000,1.00521221147
362940,362947,365562,7,2615,2,36000,1.00267686424
362942,362953,365589,11,2636,2,36000,1.00417298938
363030,363041,365625,11,2584,2,36000,1.00425696594
363054,363064,365552,10,2488,2,36000,1.0040192926
363258,363266,365802,8,2536,2,36000,1.00315457413
363683,363692,366366,9,2674,2,36000,1.0033657442
364511,364522,367104,11,2582,2,36000,1.00426026336
364684,364693,367433,9,2740,2,36000,1.00328467153
364718,364727,367419,9,2692,2,36000,1.00334323923
364745,364755,367324,10,2569,2,36000,1.0038925652
364866,364876,367469,10,2593,2,36000,1.00385653683
364884,364894,367514,10,2620,2,36000,1.00381679389
364984,364993,367603,9,2610,2,36000,1.00344827586
364999,365006,367596,7,2590,2,36000,1.0027027027
365029,365038,367653,9,2615,2,36000,1.0034416826
365047,365058,367663,11,2605,2,36000,1.00422264875
365062,365069,367609,7,2540,2,36000,1.00275590551
365064,365075,367626,11,2551,2,36000,1.0043120345
365100,365109,367692,9,2583,2,36000,1.00348432056
365167,365175,367878,8,2703,2,36000,1.00295967444
365248,365258,367892,10,2634,2,36000,1.00379650721
365278,365288,367933,10,2645,2,36000,1.00378071834
365293,365300,367909,7,2609,2,36000,1.00268302031
365321,365330,367849,9,2519,2,36000,1.00357284637
365336,365342,367885,6,2543,2,36000,1.00235941801
365351,365357,367942,6,2585,2,36000,1.00232108317
365366,365373,368087,7,2714,2,36000,1.00257921887
365381,365387,368053,6,2666,2,36000,1.00225056264
365396,365402,368126,6,2724,2,36000,1.00220264317
365411,365417,368096,6,2679,2,36000,1.00223964166
365426,365432,368007,6,2575,2,36000,1.00233009709
365427,365438,367965,11,2527,2,36000,1.00435298773
365470,365479,368037,9,2558,2,36000,1.00351837373
365485,365491,368107,6,2616,2,36000,1.00229357798
365499,365505,368056,6,2551,2,36000,1.00235201882
365514,365524,368125,10,2601,2,36000,1.00384467512
365530,365538,368137,8,2599,2,36000,1.00307810696
365545,365551,368078,6,2527,2,36000,1.00237435694
365560,365566,368204,6,2638,2,36000,1.00227445034
365561,365572,368090,11,2518,2,36000,1.00436854647
365576,365582,368177,6,2595,2,36000,1.00231213873
365591,365601,368322,10,2721,2,36000,1.00367511944
365628,365696,368208,68,2512,2,36000,1.02707006369
365629,365701,368415,72,2714,2,36000,1.02652910833
365804,365813,368411,9,2598,2,36000,1.00346420323
366367,366377,368996,10,2619,2,36000,1.00381825124
367106,367115,369795,9,2680,2,36000,1.00335820896
367324,367335,369968,11,2633,2,36000,1.00417774402
367421,367431,370102,10,2671,2,36000,1.00374391614
367436,367444,370209,8,2765,2,36000,1.00289330922
367469,367480,370209,11,2729,2,36000,1.00403078051
367515,367525,370262,10,2737,2,36000,1.00365363537
367597,367607,370130,10,2523,2,36000,1.00396353547
367613,367619,370268,6,2649,2,36000,1.00226500566
367614,367625,370206,11,2581,2,36000,1.00426191399
367629,367637,370217,8,2580,2,36000,1.00310077519
367653,367664,370192,11,2528,2,36000,1.00435126582
367668,367674,370353,6,2679,2,36000,1.00223964166
367696,367704,370220,8,2516,2,36000,1.00317965024
367851,367861,370533,10,2672,2,36000,1.00374251497
367881,367889,370396,8,2507,2,36000,1.00319106502
367896,367903,370573,7,2670,2,36000,1.00262172285
367898,367909,370514,11,2605,2,36000,1.00422264875
367913,367920,370556,7,2636,2,36000,1.00265553869
367934,367945,370515,11,2570,2,36000,1.00428015564
367949,367955,370429,6,2474,2,36000,1.00242522231
367967,367976,370571,9,2595,2,36000,1.00346820809
368009,368018,370585,9,2567,2,36000,1.00350603818
368034,368048,370564,14,2516,2,36000,1.00556438792
368055,368064,370574,9,2510,2,36000,1.00358565737
368070,368076,370746,6,2670,2,36000,1.00224719101
368085,368091,370574,6,2483,2,36000,1.00241643174
368101,368107,370766,6,2659,2,36000,1.0022564874
368102,368113,370681,11,2568,2,36000,1.0042834891
368103,368118,370639,15,2521,2,36000,1.00595001983
368118,368124,370736,6,2612,2,36000,1.00229709035
368134,368140,370619,6,2479,2,36000,1.00242033078
368135,368146,370693,11,2547,2,36000,1.00431880644
368150,368156,370826,6,2670,2,36000,1.00224719101
368180,368188,370744,8,2556,2,36000,1.00312989045
368208,368216,370829,8,2613,2,36000,1.003061615
368223,368229,370799,6,2570,2,36000,1.00233463035
368323,368333,370874,10,2541,2,36000,1.00393545848
368414,368422,370983,8,2561,2,36000,1.00312377977
368429,368435,371081,6,2646,2,36000,1.0022675737
368999,369007,371617,8,2610,2,36000,1.0030651341
369795,369807,372378,12,2571,2,36000,1.00466744457
369971,369979,372616,8,2637,2,36000,1.00303375047
370104,370113,372681,9,2568,2,36000,1.0035046729
370131,370141,372769,10,2628,2,36000,1.00380517504
370195,370203,372730,8,2527,2,36000,1.00316580926
370211,370217,372860,6,2643,2,36000,1.00227014756
370213,370223,372788,10,2565,2,36000,1.00389863548
370214,370228,372806,14,2578,2,36000,1.00543056633
370229,370235,372831,6,2596,2,36000,1.00231124807
370230,370241,372838,11,2597,2,36000,1.00423565653
370263,370273,372905,10,2632,2,36000,1.0037993921
370278,370285,372887,7,2602,2,36000,1.00269023828
370355,370364,373023,9,2659,2,36000,1.0033847311
370397,370408,373144,11,2736,2,36000,1.00402046784
370431,370441,373109,10,2668,2,36000,1.00374812594
370516,370525,373043,9,2518,2,36000,1.00357426529
370517,370531,373244,14,2713,2,36000,1.00516033911
370536,370544,373141,8,2597,2,36000,1.00308047747
370557,370567,373136,10,2569,2,36000,1.0038925652
370574,370580,373160,6,2580,2,36000,1.0023255814
370575,370586,373165,11,2579,2,36000,1.00426521908
370576,370591,373167,15,2576,2,36000,1.00582298137
370592,370598,373149,6,2551,2,36000,1.00235201882
370594,370604,373280,10,2676,2,36000,1.00373692078
370595,370609,373132,14,2523,2,36000,1.00554894966
370622,370631,373282,9,2651,2,36000,1.0033949453
370640,370650,373275,10,2625,2,36000,1.00380952381
370683,370692,373258,9,2566,2,36000,1.00350740452
370698,370704,373351,6,2647,2,36000,1.00226671704
370738,370747,373381,9,2634,2,36000,1.00341685649
370753,370759,373362,6,2603,2,36000,1.00230503265
370755,370765,373262,10,2497,2,36000,1.00400480577
370770,370778,373346,8,2568,2,36000,1.0031152648
370800,370810,373440,10,2630,2,36000,1.00380228137
370828,370838,373405,10,2567,2,36000,1.00389559797
370843,370849,373532,6,2683,2,36000,1.00223630265
370876,370885,373595,9,2710,2,36000,1.00332103321
370984,370994,373627,10,2633,2,36000,1.00379794911
371083,371092,373667,9,2575,2,36000,1.00349514563
371618,371628,374188,10,2560,2,36000,1.00390625
372380,372389,374931,9,2542,2,36000,1.00354051928
372619,372627,375180,8,2553,2,36000,1.00313356835
372683,372692,375360,9,2668,2,36000,1.00337331334
372731,372742,375526,11,2784,2,36000,1.00395114943
372771,372780,375334,9,2554,2,36000,1.0035238841
372789,372800,375347,11,2547,2,36000,1.00431880644
372807,372817,375403,10,2586,2,36000,1.00386697602
372835,372842,375502,7,2660,2,36000,1.00263157895
372849,372856,375487,7,2631,2,36000,1.00266058533
372864,372871,375476,7,2605,2,36000,1.00268714012
372889,372899,375494,10,2595,2,36000,1.00385356455
372907,372917,375559,10,2642,2,36000,1.00378501136
373025,373034,375587,9,2553,2,36000,1.00352526439
373046,373054,375632,8,2578,2,36000,1.00310318076
373110,373120,375626,10,2506,2,36000,1.00399042298
373134,373143,375691,9,2548,2,36000,1.0035321821
373150,373156,375813,6,2657,2,36000,1.00225818592
373152,373162,375676,10,2514,2,36000,1.00397772474
373153,373167,375705,14,2538,2,36000,1.00551615445
373155,373172,375708,17,2536,2,36000,1.00670347003
373170,373178,375887,8,2709,2,36000,1.00295311923
373172,373183,375776,11,2593,2,36000,1.00424219051
373173,373189,375734,16,2545,2,36000,1.00628683694
373246,373255,375793,9,2538,2,36000,1.00354609929
373261,373270,375808,9,2538,2,36000,1.00354609929
373277,373283,375956,6,2673,2,36000,1.00224466891
373279,373289,375978,10,2689,2,36000,1.00371885459
373294,373300,375792,6,2492,2,36000,1.00240770465
373296,373306,375969,10,2663,2,36000,1.00375516335
373347,373357,375993,10,2636,2,36000,1.00379362671
373362,373368,376026,6,2658,2,36000,1.00225733634
373363,373374,375945,11,2571,2,36000,1.00427849086
373385,373393,375970,8,2577,2,36000,1.00310438494
373409,373417,375983,8,2566,2,36000,1.00311769291
373442,373451,375941,9,2490,2,36000,1.00361445783
373533,373543,376200,10,2657,2,36000,1.00376364321
373597,373606,376223,9,2617,2,36000,1.00343905235
373630,373638,376271,8,2633,2,36000,1.00303835929
373669,373679,376328,10,2649,2,36000,1.00377500944
374189,374199,376834,10,2635,2,36000,1.00379506641
374935,374943,377509,8,2566,2,36000,1.00311769291
375183,375191,377827,8,2636,2,36000,1.00303490137
375337,375345,378000,8,2655,2,36000,1.00301318267
375353,375359,378012,6,2653,2,36000,1.00226159065
375368,375374,377846,6,2472,2,36000,1.00242718447
375404,375415,378072,11,2657,2,36000,1.00414000753
375477,375487,378104,10,2617,2,36000,1.00382116928
375492,375498,378182,6,2684,2,36000,1.00223546945
375507,375513,378067,6,2554,2,36000,1.00234925607
375509,375519,377920,10,2401,2,36000,1.00416493128
375527,375537,378130,10,2593,2,36000,1.00385653683
375560,375571,378191,11,2620,2,36000,1.00419847328
375588,375598,378240,10,2642,2,36000,1.00378501136
375627,375637,378383,10,2746,2,36000,1.0036416606
375642,375648,378210,6,2562,2,36000,1.00234192037
375678,375687,378290,9,2603,2,36000,1.00345754898
375693,375702,378248,9,2546,2,36000,1.00353495679
375709,375716,378265,7,2549,2,36000,1.00274617497
375710,375722,378326,12,2604,2,36000,1.00460829493
375737,375745,378395,8,2650,2,36000,1.00301886792
375777,375787,378506,10,2719,2,36000,1.00367782273
375795,375803,378295,8,2492,2,36000,1.00321027287
375797,375809,378365,12,2556,2,36000,1.00469483568
375812,375819,378388,7,2569,2,36000,1.00272479564
375827,375833,378476,6,2643,2,36000,1.00227014756
375891,375899,378507,8,2608,2,36000,1.00306748466
375943,375952,378442,9,2490,2,36000,1.00361445783
375958,375964,378468,6,2504,2,36000,1.00239616613
375959,375970,378554,11,2584,2,36000,1.00425696594
375975,375981,378618,6,2637,2,36000,1.00227531286
375976,375987,378666,11,2679,2,36000,1.00410600971
375992,375998,378588,6,2590,2,36000,1.00231660232
375993,376004,378521,11,2517,2,36000,1.00437028208
376008,376015,378591,7,2576,2,36000,1.0027173913
376029,376038,378558,9,2520,2,36000,1.00357142857
376203,376211,378781,8,2570,2,36000,1.00311284047
376224,376234,378904,10,2670,2,36000,1.00374531835
376272,376282,378876,10,2594,2,36000,1.00385505012
376330,376339,378943,9,2604,2,36000,1.0034562212
376837,376845,379453,8,2608,2,36000,1.00306748466
377510,377520,380109,10,2589,2,36000,1.00386249517
377827,377838,380395,11,2557,2,36000,1.00430191631
377849,377857,380506,8,2649,2,36000,1.00302000755
377921,377931,380629,10,2698,2,36000,1.00370644922
378004,378012,380546,8,2534,2,36000,1.00315706393
378019,378025,380581,6,2556,2,36000,1.00234741784
378070,378078,380684,8,2606,2,36000,1.00306983883
378085,378091,380751,6,2660,2,36000,1.0022556391
378106,378115,380649,9,2534,2,36000,1.00355169692
378133,378141,380682,8,2541,2,36000,1.00314836678
378185,378193,380871,8,2678,2,36000,1.00298730396
378200,378206,380843,6,2637,2,36000,1.00227531286
378215,378220,380844,5,2624,2,36000,1.0019054878
378242,378252,380807,10,2555,2,36000,1.00391389432
378257,378263,380816,6,2553,2,36000,1.00235017626
378272,378278,380963,6,2685,2,36000,1.00223463687
378291,378301,380849,10,2548,2,36000,1.00392464678
378306,378312,380842,6,2530,2,36000,1.0023715415
378327,378342,380899,15,2557,2,36000,1.00586624951
378330,378336,379299,6,963,2,28800,1.0062305296
378367,378376,380952,9,2576,2,36000,1.00349378882
378385,378394,380780,9,2386,2,36000,1.00377200335
378400,378406,380927,6,2521,2,36000,1.00238000793
378402,378412,381010,10,2598,2,36000,1.0038491147
378444,378453,381042,9,2589,2,36000,1.00347624565
378468,378479,381082,11,2603,2,36000,1.0042258932
378483,378490,381061,7,2571,2,36000,1.002722676
378508,378520,381095,12,2575,2,36000,1.00466019417
378508,378514,378515,6,1,2,75,1.0
378509,378525,381099,16,2574,2,36000,1.00621600622
378524,378532,381079,8,2547,2,36000,1.00314095014
378558,378566,381250,8,2684,2,36000,1.00298062593
378573,378579,381091,6,2512,2,36000,1.00238853503
378591,378599,381032,8,2433,2,36000,1.00328812166
378592,378605,381213,13,2608,2,36000,1.00498466258
378620,378629,381273,9,2644,2,36000,1.00340393343
378647,378653,378738,6,85,2,75,1.07058823529
378668,378677,381305,9,2628,2,36000,1.00342465753
378741,378747,378982,6,235,2,28800,1.02553191489
378783,378793,381367,10,2574,2,36000,1.00388500389
378877,378887,381524,10,2637,2,36000,1.00379218809
378905,378915,381606,10,2691,2,36000,1.00371609067
378944,378955,381497,11,2542,2,36000,1.00432730134
379379,379389,379667,10,278,2,28800,1.03597122302
379455,379465,381957,10,2492,2,36000,1.00401284109
379508,379514,380845,6,1331,70,7200,1.00450788881
380110,380120,382691,10,2571,2,36000,1.00388953715
380398,380406,382926,8,2520,2,36000,1.00317460317
380507,380517,382939,10,2422,2,36000,1.00412881916
380547,380557,383036,10,2479,2,36000,1.00403388463
380583,380593,383325,10,2732,2,36000,1.00366032211
380631,380640,383189,9,2549,2,36000,1.00353079639
380652,380660,383236,8,2576,2,36000,1.00310559006
380686,380696,383255,10,2559,2,36000,1.00390777648
380687,380701,383283,14,2582,2,36000,1.00542215337
380754,380763,383389,9,2626,2,36000,1.0034272658
380782,380791,383341,9,2550,2,36000,1.00352941176
380809,380818,383498,9,2680,2,36000,1.00335820896
380824,380830,383311,6,2481,2,36000,1.00241837969
380838,380844,424090,6,43246,40,43199,1.00013874116
380846,380853,383512,7,2659,2,36000,1.00263256863
380847,380859,383531,12,2672,2,36000,1.00449101796
380849,380864,383490,15,2626,2,36000,1.00571210967
380863,380870,383484,7,2614,2,36000,1.00267788829
380878,380884,383581,6,2697,2,36000,1.0022246941
380899,380910,383550,11,2640,2,36000,1.00416666667
380930,380938,383614,8,2676,2,36000,1.00298953662
380954,380964,383578,10,2614,2,36000,1.00382555471
380969,380975,383568,6,2593,2,36000,1.0023139221
381011,381021,383701,10,2680,2,36000,1.00373134328
381033,381043,383695,10,2652,2,36000,1.00377073906
381048,381054,383716,6,2662,2,36000,1.0022539444
381063,381073,383650,10,2577,2,36000,1.00388048118
381081,381090,383761,9,2671,2,36000,1.00336952452
381097,381102,383685,5,2583,2,36000,1.00193573364
381098,381109,383633,11,2524,2,36000,1.00435816165
381099,381114,383658,15,2544,2,36000,1.00589622642
381114,381120,383733,6,2613,2,36000,1.00229621125
381215,381225,383720,10,2495,2,36000,1.00400801603
381251,381261,383793,10,2532,2,36000,1.00394944708
381276,381284,383664,8,2380,2,36000,1.00336134454
381306,381316,384010,10,2694,2,36000,1.00371195249
381370,381379,383933,9,2554,2,36000,1.0035238841
381498,381509,384148,11,2639,2,36000,1.00416824555
381526,381536,384074,10,2538,2,36000,1.00394011032
381609,381617,384259,8,2642,2,36000,1.00302800908
381752,523274,537735,141522,14461,162,14400,10.7864601342
381955,381962,381963,7,1,2,75,1.0
381959,381968,384607,9,2639,2,36000,1.00341038272
382530,382536,382795,6,259,1,3600,1.02316602317
382694,382703,385316,9,2613,2,36000,1.00344431688
382796,382802,384491,6,1689,2,43200,1.00355239787
382928,382937,385558,9,2621,2,36000,1.00343380389
382943,382951,385487,8,2536,2,36000,1.00315457413
383040,383048,385663,8,2615,2,36000,1.00305927342
383192,383200,385656,8,2456,2,36000,1.00325732899
383237,383247,385873,10,2626,2,36000,1.00380807312
383258,383266,385793,8,2527,2,36000,1.00316580926
383286,383295,385888,9,2593,2,36000,1.00347088315
383313,383322,385873,9,2551,2,36000,1.00352802822
383328,383336,385987,8,2651,2,36000,1.00301772916
383344,383352,385956,8,2604,2,36000,1.00307219662
383392,383400,385983,8,2583,2,36000,1.00309717383
383486,383495,386100,9,2605,2,36000,1.00345489443
383502,383508,386128,6,2620,2,36000,1.00229007634
383503,383514,386065,11,2551,2,36000,1.0043120345
383518,383524,386089,6,2565,2,36000,1.00233918129
383533,383543,386204,10,2661,2,36000,1.00375798572
383551,383561,386135,10,2574,2,36000,1.00388500389
383569,383579,386123,10,2544,2,36000,1.00393081761
383585,383591,386183,6,2592,2,36000,1.00231481481
383586,383597,386210,11,2613,2,36000,1.00420972063
383595,384502,391736,907,7234,70,7200,1.12538014929
383616,383626,386189,10,2563,2,36000,1.00390167772
383634,383644,386279,10,2635,2,36000,1.00379506641
383652,383661,386301,9,2640,2,36000,1.00340909091
383667,383674,386266,7,2592,2,36000,1.00270061728
383669,383680,386209,11,2529,2,36000,1.00434954527
383687,383696,386236,9,2540,2,36000,1.00354330709
383702,383709,386262,7,2553,2,36000,1.00274187231
383704,383715,386341,11,2626,2,36000,1.00418888043
383719,383727,386372,8,2645,2,36000,1.00302457467
383734,383740,386249,6,2509,2,36000,1.00239139099
383735,383746,386282,11,2536,2,36000,1.00433753943
383757,383772,386310,15,2538,2,36000,1.00591016548
383796,383805,386436,9,2631,2,36000,1.00342075257
383936,383944,386515,8,2571,2,36000,1.00311162972
383943,383950,383951,7,1,2,75,1.0
384012,384021,386573,9,2552,2,36000,1.00352664577
384076,384086,386771,10,2685,2,36000,1.00372439479
384149,384159,386852,10,2693,2,36000,1.00371333086
384262,384270,386910,8,2640,2,36000,1.00303030303
384609,384618,387201,9,2583,2,36000,1.00348432056
384765,391758,392387,6993,629,2,43200,12.1176470588
385317,385328,387856,11,2528,2,36000,1.00435126582
385489,385499,388065,10,2566,2,36000,1.00389711613
385559,385570,388255,11,2685,2,36000,1.00409683426
385659,385667,388304,8,2637,2,36000,1.00303375047
385665,391763,392772,6098,1009,2,43200,7.04360753221
385674,385680,388262,6,2582,2,36000,1.00232378002
385795,385804,388545,9,2741,2,36000,1.00328347318
385875,385884,388414,9,2530,2,36000,1.00355731225
385876,385889,388541,13,2652,2,36000,1.00490196078
385891,385899,388505,8,2606,2,36000,1.00306983883
385958,385967,388619,9,2652,2,36000,1.00339366516
385986,385994,388528,8,2534,2,36000,1.00315706393
386000,386007,388637,7,2630,2,36000,1.00266159696
386067,386077,388726,10,2649,2,36000,1.00377500944
386092,386101,388741,9,2640,2,36000,1.00340909091
386107,386113,388699,6,2586,2,36000,1.00232018561
386125,386135,388774,10,2639,2,36000,1.00378931413
386140,386146,388777,6,2631,2,36000,1.00228050171
386142,386152,388778,10,2626,2,36000,1.00380807312
386184,386194,388722,10,2528,2,36000,1.0039556962
386199,386205,388785,6,2580,2,36000,1.0023255814
386215,386220,388757,5,2537,2,36000,1.00197083169
386216,386226,388742,10,2516,2,36000,1.0039745628
386217,386231,388778,14,2547,2,36000,1.00549666274
386238,386247,388914,9,2667,2,36000,1.00337457818
386253,386260,388816,7,2556,2,36000,1.00273865415
386269,386275,388815,6,2540,2,36000,1.00236220472
386270,386281,388942,11,2661,2,36000,1.00413378429
386285,386292,388873,7,2581,2,36000,1.00271212708
386286,386298,388937,12,2639,2,36000,1.00454717696
386302,391747,397479,5445,5732,4,86400,1.94993021633
386305,386313,389019,8,2706,2,36000,1.0029563932
386319,386330,388999,11,2669,2,36000,1.00412139378
386344,386352,388898,8,2546,2,36000,1.00314218382
386374,386383,389008,9,2625,2,36000,1.00342857143
386437,386448,389056,11,2608,2,36000,1.00421779141
386516,386526,388904,10,2378,2,36000,1.00420521447
386574,386584,389244,10,2660,2,36000,1.0037593985
386772,386782,389421,10,2639,2,36000,1.00378931413
386773,391768,392353,4995,585,2,43200,9.53846153846
386854,386863,389391,9,2528,2,36000,1.00356012658
386912,386921,389445,9,2524,2,36000,1.00356576862
387203,387212,389713,9,2501,2,36000,1.00359856058
387858,387867,390434,9,2567,2,36000,1.00350603818
388064,391773,391948,3709,175,2,28800,22.1942857143
388068,388076,390690,8,2614,2,36000,1.00306044376
388256,388266,390771,10,2505,2,36000,1.00399201597
388272,388278,391009,6,2731,2,36000,1.00219699744
388305,388315,390876,10,2561,2,36000,1.00390472472
388415,388425,391057,10,2632,2,36000,1.0037993921
388507,388516,391243,9,2727,2,36000,1.00330033003
388521,391778,392556,3257,778,2,43200,5.18637532134
388531,388539,391243,8,2704,2,36000,1.00295857988
388547,388552,391086,5,2534,2,36000,1.00197316496
388548,388558,391243,10,2685,2,36000,1.00372439479
388620,388630,391249,10,2619,2,36000,1.00381825124
388639,388648,391243,9,2595,2,36000,1.00346820809
388702,388711,391243,9,2532,2,36000,1.00355450237
388724,388733,391420,9,2687,2,36000,1.00334946036
388739,388745,391406,6,2661,2,36000,1.00225479143
388754,388760,391459,6,2699,2,36000,1.00222304557
388756,388766,391425,10,2659,2,36000,1.00376081234
388771,388777,391507,6,2730,2,36000,1.0021978022
388786,388793,391303,7,2510,2,36000,1.00278884462
388788,388798,391386,10,2588,2,36000,1.00386398764
388789,388804,391365,15,2561,2,36000,1.00585708708
388790,388809,391339,19,2530,2,36000,1.00750988142
388792,388814,391345,22,2531,2,36000,1.00869221652
388816,388826,391452,10,2626,2,36000,1.00380807312
388831,388837,391243,6,2406,2,36000,1.00249376559
388874,388884,391482,10,2598,2,36000,1.0038491147
388898,388909,391533,11,2624,2,36000,1.00419207317
388913,388920,391526,7,2606,2,36000,1.00268610898
388929,388935,391610,6,2675,2,36000,1.00224299065
388938,391752,405097,2814,13345,4,72000,1.21086549269
388944,388950,391502,6,2552,2,36000,1.00235109718
388945,388956,391597,11,2641,2,36000,1.00416508898
389000,389011,391476,11,2465,2,36000,1.00446247465
389016,389022,391581,6,2559,2,36000,1.00234466589
389031,389037,391704,6,2667,2,36000,1.00224971879
389058,389067,391589,9,2522,2,36000,1.00356859635
389245,389256,391772,11,2516,2,36000,1.00437201908
389395,389403,391950,8,2547,2,36000,1.00314095014
389422,389432,391940,10,2508,2,36000,1.00398724083
389446,389456,391950,10,2494,2,36000,1.0040096231
389578,391783,397698,2205,5915,2,28800,1.37278106509
389592,391788,401921,2196,10133,2,28800,1.21671765519
389623,391794,413479,2171,21685,2,28800,1.10011528706
389627,391799,401057,2172,9258,2,28800,1.23460790668
389717,389724,391950,7,2226,2,36000,1.00314465409
390438,390446,391950,8,1504,2,36000,1.00531914894
390692,390701,391951,9,1250,2,36000,1.0072
390774,390782,391950,8,1168,2,36000,1.00684931507
390880,390888,391951,8,1063,2,36000,1.00752587018
391011,391020,391951,9,931,2,36000,1.0096670247
391060,391068,391951,8,883,2,36000,1.00906002265
391087,391097,391950,10,853,2,36000,1.01172332943
391244,391260,391951,16,691,2,36000,1.02315484805
391245,391254,391951,9,697,2,36000,1.01291248207
391247,391265,391950,18,685,2,36000,1.02627737226
391248,391271,391951,23,680,2,36000,1.03382352941
391249,391276,391951,27,675,2,36000,1.04
391251,391281,391951,30,670,2,36000,1.0447761194
391267,391287,391951,20,664,2,36000,1.03012048193
391306,391314,391951,8,637,2,36000,1.0125588697
391340,391350,391951,10,601,2,36000,1.01663893511
391355,391361,391951,6,590,2,36000,1.01016949153
391370,391376,391951,6,575,2,36000,1.01043478261
391388,391398,391952,10,554,2,36000,1.01805054152
391409,391417,391951,8,534,2,36000,1.01498127341
391424,391431,391951,7,520,2,36000,1.01346153846
391440,391446,391951,6,505,2,36000,1.01188118812
391455,391463,391951,8,488,2,36000,1.01639344262
391470,391476,391951,6,475,2,36000,1.01263157895
391485,391492,391951,7,459,2,36000,1.01525054466
391487,391498,391951,11,453,2,36000,1.02428256071
391505,391513,391951,8,438,2,36000,1.01826484018
391520,391526,391951,6,425,2,36000,1.01411764706
391535,391542,391951,7,409,2,36000,1.01711491443
391537,391548,391951,11,403,2,36000,1.02729528536
391583,391592,391951,9,359,2,36000,1.02506963788
391593,391601,391951,8,350,2,36000,1.02285714286
391608,391614,391951,6,337,2,36000,1.0178041543
391610,391621,391951,11,330,2,36000,1.03333333333
391705,391715,391951,10,236,2,36000,1.04237288136
391772,391805,391951,33,146,2,36000,1.22602739726
391934,391940,392147,6,207,6,1800,1.02898550725
391941,391951,391952,10,1,2,36000,1.1
392163,392169,392249,6,80,2,36000,1.075
392164,392175,392255,11,80,2,36000,1.1375
392166,392180,392261,14,81,2,36000,1.17283950617
392167,392185,392264,18,79,2,36000,1.22784810127
392168,392190,392270,22,80,2,36000,1.275
392170,392195,392276,25,81,2,36000,1.30864197531
392171,392202,392281,31,79,2,36000,1.39240506329
392172,392207,392287,35,80,2,36000,1.4375
392174,392212,392292,38,80,2,36000,1.475
392175,392217,392297,42,80,2,36000,1.525
392176,392222,392302,46,80,2,36000,1.575
392178,392228,392308,50,80,2,36000,1.625
392179,392233,392313,54,80,2,36000,1.675
392180,392238,392318,58,80,2,36000,1.725
392182,392243,392323,61,80,2,36000,1.7625
392183,392248,392329,65,81,2,36000,1.8024691358
392184,392253,392344,69,91,2,36000,1.75824175824
392186,392259,392340,73,81,2,36000,1.9012345679
392187,392264,392344,77,80,2,36000,1.9625
392188,392269,392349,81,80,2,36000,2.0125
392189,392274,392353,85,79,2,36000,2.07594936709
392191,392279,392360,88,81,2,36000,2.08641975309
392193,392284,392364,91,80,2,36000,2.1375
392194,392289,392370,95,81,2,36000,2.17283950617
392195,392295,392374,100,79,2,36000,2.26582278481
392197,392301,392380,104,79,2,36000,2.3164556962
392198,392307,392386,109,79,2,36000,2.37974683544
392199,392312,392391,113,79,2,36000,2.43037974684
392201,392317,392397,116,80,2,36000,2.45
392202,392322,392401,120,79,2,36000,2.51898734177
392203,392327,392407,124,80,2,36000,2.55
392205,392332,392412,127,80,2,36000,2.5875
392206,392337,392429,131,92,2,36000,2.42391304348
392207,392343,392422,136,79,2,36000,2.72151898734
392209,392348,392428,139,80,2,36000,2.7375
392210,392353,392433,143,80,2,36000,2.7875
392211,392358,392439,147,81,2,36000,2.81481481481
392212,392363,392443,151,80,2,36000,2.8875
392214,392368,392464,154,96,2,36000,2.60416666667
392215,392374,392454,159,80,2,36000,2.9875
392216,392379,392462,163,83,2,36000,2.96385542169
392218,392384,392467,166,83,2,36000,3.0
392219,392389,392471,170,82,2,36000,3.07317073171
392220,392394,392475,174,81,2,36000,3.14814814815
392222,392399,392479,177,80,2,36000,3.2125
392223,392405,392484,182,79,2,36000,3.30379746835
392224,392410,392490,186,80,2,36000,3.325
392225,392415,392507,190,92,2,36000,3.0652173913
392227,392428,392509,201,81,2,36000,3.48148148148
392228,392434,392513,206,79,2,36000,3.60759493671
392229,392439,392519,210,80,2,36000,3.625
392231,392444,392523,213,79,2,36000,3.69620253165
392232,392449,392542,217,93,2,36000,3.33333333333
392233,392454,392533,221,79,2,36000,3.79746835443
392235,392459,392540,224,81,2,36000,3.76543209877
392236,392465,392545,229,80,2,36000,3.8625
392237,392470,392550,233,80,2,36000,3.9125
392239,392475,392556,236,81,2,36000,3.91358024691
392240,392480,392559,240,79,2,36000,4.03797468354
392241,392485,392577,244,92,2,36000,3.65217391304
392242,392490,392584,248,94,2,36000,3.63829787234
392244,392496,392575,252,79,2,36000,4.18987341772
392245,392501,392582,256,81,2,36000,4.16049382716
392246,392506,392587,260,81,2,36000,4.20987654321
392248,392511,392603,263,92,2,36000,3.85869565217
392249,392516,392596,267,80,2,36000,4.3375
392250,392522,392603,272,81,2,36000,4.35802469136
392252,392528,392608,276,80,2,36000,4.45
392253,392533,392616,280,83,2,36000,4.3734939759
392255,392538,392620,283,82,2,36000,4.4512195122
392256,392543,392623,287,80,2,36000,4.5875
392257,392548,392628,291,80,2,36000,4.6375
392259,392556,392635,297,79,2,36000,4.75949367089
392260,392561,392640,301,79,2,36000,4.81012658228
392261,392420,392622,159,202,8,1200,1.78712871287
392261,392567,392644,306,77,2,36000,4.97402597403
392263,392572,392649,309,77,2,36000,5.01298701299
392264,392577,392655,313,78,2,36000,5.01282051282
392265,392582,392657,317,75,2,36000,5.22666666667
392267,392587,392657,320,70,2,36000,5.57142857143
392268,392592,392657,324,65,2,36000,5.98461538462
392269,392598,392657,329,59,2,36000,6.57627118644
392271,392603,392657,332,54,2,36000,7.14814814815
392272,392608,392657,336,49,2,36000,7.85714285714
392273,392613,392657,340,44,2,36000,8.72727272727
392274,392618,392657,344,39,2,36000,9.82051282051
392276,392623,392657,347,34,2,36000,11.2058823529
392277,392628,392657,351,29,2,36000,13.1034482759
392278,392634,392657,356,23,2,36000,16.4782608696
392289,392639,392657,350,18,2,36000,20.4444444444
392290,392644,392657,354,13,2,36000,28.2307692308
392292,392649,392657,357,8,2,36000,36.5
392293,392654,392657,361,3,2,36000,36.4
392294,392659,392660,365,1,2,36000,36.6
392296,392665,392666,369,1,2,36000,37.0
392297,392670,392671,373,1,2,36000,37.4
392702,392708,395402,6,2694,2,36000,1.00222717149
392704,392714,395392,10,2678,2,36000,1.00373412995
392705,392719,395356,14,2637,2,36000,1.00530906333
392706,392724,395379,18,2655,2,36000,1.00677966102
392707,392729,395361,22,2632,2,36000,1.00835866261
392709,392735,395288,26,2553,2,36000,1.01018409714
392710,392740,395475,30,2735,2,36000,1.01096892139
392711,392745,395526,34,2781,2,36000,1.01222581805
392713,392750,395369,37,2619,2,36000,1.01412752959
392714,392756,395416,42,2660,2,36000,1.01578947368
392715,392761,395253,46,2492,2,36000,1.01845906902
392716,392766,395559,50,2793,2,36000,1.0179018976
392718,392771,395375,53,2604,2,36000,1.02035330261
392719,392776,395469,57,2693,2,36000,1.02116598589
392720,392781,395463,61,2682,2,36000,1.02274422073
392722,392787,395354,65,2567,2,36000,1.02532138683
392723,392792,395371,69,2579,2,36000,1.02675455603
392724,392797,395425,73,2628,2,36000,1.02777777778
392726,392802,395432,76,2630,2,36000,1.0288973384
392727,392807,395455,80,2648,2,36000,1.03021148036
392728,392812,395497,84,2685,2,36000,1.0312849162
392730,392817,395558,87,2741,2,36000,1.03174024079
392731,392824,395568,93,2744,2,36000,1.03389212828
392732,392829,395523,97,2694,2,36000,1.03600593912
392734,392834,395503,100,2669,2,36000,1.03746721619
392735,392839,395541,104,2702,2,36000,1.0384900074
392736,392844,395455,108,2611,2,36000,1.04136346227
392737,392849,395481,112,2632,2,36000,1.04255319149
392739,392854,395558,115,2704,2,36000,1.0425295858
392740,392860,395516,120,2656,2,36000,1.04518072289
392741,392865,395446,124,2581,2,36000,1.04804339403
392743,392870,395514,127,2644,2,36000,1.0480332829
392744,392875,395563,131,2688,2,36000,1.04873511905
392745,392880,395582,135,2702,2,36000,1.04996299038
392747,392885,395467,138,2582,2,36000,1.05344694036
392748,392891,395513,143,2622,2,36000,1.05453852021
392749,392896,395573,147,2677,2,36000,1.05491221517
392750,392901,395663,151,2762,2,36000,1.0546705286
392752,392906,395511,154,2605,2,36000,1.05911708253
392753,392911,395675,158,2764,2,36000,1.05716353111
392754,395415,398114,2661,2699,2,36000,1.98592071137
392756,395409,398069,2653,2660,2,36000,1.99736842105
392757,395373,398019,2616,2646,2,36000,1.98866213152
392758,395397,397959,2639,2562,2,36000,2.03005464481
392760,395378,398003,2618,2625,2,36000,1.99733333333
392761,395299,397946,2538,2647,2,36000,1.95882130714
392763,395491,398073,2728,2582,2,36000,2.05654531371
392764,395545,398193,2781,2648,2,36000,2.0502265861
392766,395385,398004,2619,2619,2,36000,2.0
392767,395427,398074,2660,2647,2,36000,2.00491122025
392768,395265,398018,2497,2753,2,36000,1.90701053396
392770,395581,398199,2811,2618,2,36000,2.07372039725
392771,395402,397887,2631,2485,2,36000,2.05875251509
392772,395496,398132,2724,2636,2,36000,2.03338391502
392773,395479,398096,2706,2617,2,36000,2.03400840657
392775,395366,398005,2591,2639,2,36000,1.98181129216
392776,395390,398058,2614,2668,2,36000,1.97976011994
392777,395439,398159,2662,2720,2,36000,1.97867647059
392779,395451,398197,2672,2746,2,36000,1.97305171158
392780,395466,398101,2686,2635,2,36000,2.01935483871
392781,395509,398159,2728,2650,2,36000,2.02943396226
392783,395569,398148,2786,2579,2,36000,2.08026366809
392784,395586,398265,2802,2679,2,36000,2.04591265398
392785,395550,398147,2765,2597,2,36000,2.06469002695
392786,395515,398105,2729,2590,2,36000,2.05366795367
392788,395557,398195,2769,2638,2,36000,2.04965883245
392789,395473,398083,2684,2610,2,36000,2.02835249042
392790,395503,398164,2713,2661,2,36000,2.01954152574
392792,395574,398248,2782,2674,2,36000,2.04038893044
392793,395528,398242,2735,2714,2,36000,2.0077376566
392794,395458,398126,2664,2668,2,36000,1.99850074963
392796,395533,398165,2737,2632,2,36000,2.03989361702
392797,395591,398074,2794,2483,2,36000,2.12525171164
392798,395597,398194,2799,2597,2,36000,2.07778205622
392800,395485,398097,2685,2612,2,36000,2.02794793262
392801,395539,398259,2738,2720,2,36000,2.00661764706
392802,395602,398331,2800,2729,2,36000,2.02601685599
392804,395674,398300,2870,2626,2,36000,2.09291698401
392805,395522,398172,2717,2650,2,36000,2.02528301887
392806,395686,398422,2880,2736,2,36000,2.05263157895
392808,398135,400795,5327,2660,2,36000,3.00263157895
392809,398080,400654,5271,2574,2,36000,3.04778554779
392810,398033,400633,5223,2600,2,36000,3.00884615385
392811,397970,400735,5159,2765,2,36000,2.86582278481
392813,398014,400667,5201,2653,2,36000,2.96042216359
392814,397957,400518,5143,2561,2,36000,3.00819992191
392815,398087,400761,5272,2674,2,36000,2.97157816006
392817,398204,400878,5387,2674,2,36000,3.01458489155
392818,398021,400664,5203,2643,2,36000,2.96859629209
392819,398092,400684,5273,2592,2,36000,3.03433641975
392821,398038,400696,5217,2658,2,36000,2.96275395034
392822,398227,400982,5405,2755,2,36000,2.96188747731
392823,397898,400475,5075,2577,2,36000,2.96934419868
392825,398148,400780,5323,2632,2,36000,3.02241641337
392826,398111,400697,5285,2586,2,36000,3.04369682908
392828,398026,400673,5198,2647,2,36000,2.96373252739
392829,398070,400603,5241,2533,2,36000,3.0690880379
392831,398172,400832,5341,2660,2,36000,3.00789473684
392832,398210,400996,5378,2786,2,36000,2.9303661163
392833,398123,400882,5290,2759,2,36000,2.91736136281
392835,398177,400797,5342,2620,2,36000,3.03893129771
392836,398165,400905,5329,2740,2,36000,2.94489051095
392837,398276,400989,5439,2713,2,36000,3.00479174346
392839,398158,400769,5319,2611,2,36000,3.03715051704
392840,398128,400762,5288,2634,2,36000,3.00759301443
392841,398215,400837,5374,2622,2,36000,3.04958047292
392843,398104,400710,5261,2606,2,36000,3.01880276285
392844,398183,400885,5339,2702,2,36000,2.97594374537
392845,398259,400811,5414,2552,2,36000,3.12147335423
392847,398253,401038,5406,2785,2,36000,2.94111310592
392848,398141,400883,5293,2742,2,36000,2.93034281546
392849,398188,400725,5339,2537,2,36000,3.10445407962
392851,398097,400686,5246,2589,2,36000,3.02626496717
392852,398221,400819,5369,2598,2,36000,3.06658968437
392853,398116,400813,5263,2697,2,36000,2.95142751205
392854,398270,400910,5416,2640,2,36000,3.05151515152
392856,398342,400786,5486,2444,2,36000,3.24468085106
392857,398311,400998,5454,2687,2,36000,3.02977298102
392858,398193,400977,5335,2784,2,36000,2.91630747126
392860,398433,400971,5573,2538,2,36000,3.19582348306
393261,393274,401879,13,8605,1,43200,1.00151074956
393592,393599,394818,7,1219,2,3600,1.00574241181
393746,393753,410774,7,17021,20,43200,1.00041125668
394107,394113,410624,6,16511,10,43200,1.0003633941
394300,394307,394723,7,416,2,28800,1.01682692308
394831,394837,396278,6,1441,2,72000,1.00416377516
394888,394894,428590,6,33696,12,43200,1.00017806268
394921,394928,396996,7,2068,2,3600,1.00338491296
395097,395104,398750,7,3646,2,3600,1.00191991223
395176,395182,398035,6,2853,2,14400,1.00210304942
395254,400708,403331,5454,2623,2,36000,3.07929851315
395290,400530,403090,5240,2560,2,36000,3.046875
395355,400689,403358,5334,2669,2,36000,2.99850131135
395370,400644,403183,5274,2539,2,36000,3.07719574636
395371,400682,403343,5311,2661,2,36000,2.99586621571
395373,400675,403346,5302,2671,2,36000,2.98502433545
395388,400614,403282,5226,2668,2,36000,2.95877061469
395389,400746,403458,5357,2712,2,36000,2.97529498525
395390,400486,402928,5096,2442,2,36000,3.08681408681
395405,400665,403243,5260,2578,2,36000,3.04034134988
395407,400806,403466,5399,2660,2,36000,3.02969924812
395421,400695,403232,5274,2537,2,36000,3.07883326764
395422,395433,396452,11,1019,2,72000,1.01079489696
395431,395444,395832,13,388,2,43200,1.03350515464
395436,400843,403371,5407,2528,2,36000,3.13884493671
395437,401009,403610,5572,2601,2,36000,3.14225297962
395452,400896,403450,5444,2554,2,36000,3.13155833986
395467,400902,403603,5435,2701,2,36000,3.01221769715
395468,400721,403349,5253,2628,2,36000,2.99885844749
395470,400713,403351,5243,2638,2,36000,2.98749052312
395471,400829,403589,5358,2760,2,36000,2.94130434783
395486,400772,403539,5286,2767,2,36000,2.91037224431
395487,400791,403499,5304,2708,2,36000,2.95864106352
395489,400907,403658,5418,2751,2,36000,2.96946564885
395504,400812,403419,5308,2607,2,36000,3.03605677023
395505,400779,403426,5274,2647,2,36000,2.99244427654
395520,400990,403685,5470,2695,2,36000,3.02968460111
395521,401049,403588,5528,2539,2,36000,3.17723513194
395522,400736,403393,5214,2657,2,36000,2.96236356793
395524,400923,403569,5399,2646,2,36000,3.04043839758
395538,400889,403566,5351,2677,2,36000,2.99887934255
395540,400785,403439,5245,2654,2,36000,2.97626224567
395555,400849,403351,5294,2502,2,36000,3.11590727418
395570,400916,403666,5346,2750,2,36000,2.944
395571,400822,403538,5251,2716,2,36000,2.93335787923
395572,400996,403711,5424,2715,2,36000,2.99779005525
395573,401002,403593,5429,2591,2,36000,3.09532998842
395575,400702,403412,5127,2710,2,36000,2.89188191882
395589,400836,403349,5247,2513,2,36000,3.08794269797
395591,400798,403392,5207,2594,2,36000,3.00732459522
395663,401014,403573,5351,2559,2,36000,3.09105119187
395672,395845,397002,173,1157,2,72000,1.14952463267
395678,400983,403601,5305,2618,2,36000,3.02635599694
395973,396290,397484,317,1194,2,72000,1.26549413735
396317,396463,398250,146,1787,2,7200,1.08170117515
396736,397007,401234,271,4227,2,14400,1.06411166312
397328,398048,413445,720,15397,14,43200,1.0467623563
397365,397373,398017,8,644,2,72000,1.01242236025
397889,402939,405581,5050,2642,2,36000,2.91143073429
397949,403101,405766,5152,2665,2,36000,2.93320825516
397964,403469,406120,5505,2651,2,36000,3.0765748774
398009,403354,406136,5345,2782,2,36000,2.92127965492
398010,403360,406004,5350,2644,2,36000,3.02344931921
398011,403378,406147,5367,2769,2,36000,2.93824485374
398026,403194,405854,5168,2660,2,36000,2.94285714286
398028,403343,406087,5315,2744,2,36000,2.93695335277
398061,403293,405930,5232,2637,2,36000,2.98407281001
398076,403254,405680,5178,2426,2,36000,3.13437757626
398077,403556,406195,5479,2639,2,36000,3.0761652141
398078,403243,405739,5165,2496,2,36000,3.06931089744
398080,403424,406084,5344,2660,2,36000,3.00902255639
398095,403365,406171,5270,2806,2,36000,2.87811831789
398110,403383,406123,5273,2740,2,36000,2.92445255474
398112,403600,406231,5488,2631,2,36000,3.08589889776
398113,403617,406306,5504,2689,2,36000,3.04685756787
398114,403443,406039,5329,2596,2,36000,3.05277349769
398130,403477,406138,5347,2661,2,36000,3.0093949643
398131,403461,406042,5330,2581,2,36000,3.06509104998
398146,403510,406325,5364,2815,2,36000,2.9055062167
398162,403450,406145,5288,2695,2,36000,2.96215213358
398163,403679,406239,5516,2560,2,36000,3.1546875
398165,403395,406003,5230,2608,2,36000,3.00536809816
398166,403431,405949,5265,2518,2,36000,3.0909451946
398181,403672,406246,5491,2574,2,36000,3.13325563326
398182,403409,405951,5227,2542,2,36000,3.05625491739
398184,403696,406225,5512,2529,2,36000,3.17951759589
398199,403577,406319,5378,2742,2,36000,2.96134208607
398200,403629,406118,5429,2489,2,36000,3.18119726798
398202,403388,406003,5186,2615,2,36000,2.98317399618
398203,403371,405957,5168,2586,2,36000,2.99845320959
398218,403723,406375,5505,2652,2,36000,3.0757918552
398242,403605,406292,5363,2687,2,36000,2.99590621511
398257,403549,406184,5292,2635,2,36000,3.00834914611
398272,403584,406260,5312,2676,2,36000,2.98505231689
398273,403611,406304,5338,2693,2,36000,2.98217601188
398303,403589,406289,5286,2700,2,36000,2.95777777778
398333,403403,406023,5070,2620,2,36000,2.93511450382
398424,403622,406312,5198,2690,2,36000,2.93234200743
398601,398762,398956,161,194,4,18000,1.82989690722
398902,401069,402887,2167,1818,6,1800,2.19196919692
398974,401933,406923,2959,4990,4,18000,1.59298597194
399868,474248,733474,74380,259226,2,259200,1.28693109487
399893,475332,734547,75439,259215,2,259200,1.29102868275
399919,476235,735439,76316,259204,2,259200,1.29442446876
399939,477187,736404,77248,259217,2,259200,1.29800514627
400476,405593,407962,5117,2369,2,36000,3.15998311524
400521,405777,408340,5256,2563,2,36000,3.05072181038
400605,405941,408636,5336,2695,2,36000,2.97996289425
400635,405866,408394,5231,2528,2,36000,3.06922468354
400656,405691,408229,5035,2538,2,36000,2.98384554768
400671,406025,408650,5354,2625,2,36000,3.03961904762
400672,406153,408813,5481,2660,2,36000,3.06052631579
400687,406165,408815,5478,2650,2,36000,3.06716981132
400689,405750,408495,5061,2745,2,36000,2.84371584699
400690,406095,408639,5405,2544,2,36000,3.12460691824
400705,406101,408657,5396,2556,2,36000,3.11111111111
400706,406136,408841,5430,2705,2,36000,3.00739371534
400721,406183,408826,5462,2643,2,36000,3.06659099508
400736,405966,408495,5230,2529,2,36000,3.06801107157
400737,406141,408745,5404,2604,2,36000,3.0752688172
400765,406207,408875,5442,2668,2,36000,3.03973013493
400766,406050,408944,5284,2894,2,36000,2.82584657913
400781,406170,408729,5389,2559,2,36000,3.10590074248
400783,406338,408930,5555,2592,2,36000,3.14313271605
400798,406034,408593,5236,2559,2,36000,3.04611176241
400799,406158,408795,5359,2637,2,36000,3.03223359879
400801,405960,408635,5159,2675,2,36000,2.92859813084
400816,406195,408827,5379,2632,2,36000,3.04369300912
400817,406243,408950,5426,2707,2,36000,3.00443295161
400832,405973,408734,5141,2761,2,36000,2.86200651938
400833,406014,408645,5181,2631,2,36000,2.96921322691
400848,406019,408667,5171,2648,2,36000,2.95279456193
400881,406332,408972,5451,2640,2,36000,3.06477272727
400896,406320,409042,5424,2722,2,36000,2.99265246143
400897,406258,408988,5361,2730,2,36000,2.96373626374
400899,406057,408770,5158,2713,2,36000,2.90121636565
400914,406250,409037,5336,2787,2,36000,2.91460351633
400915,406271,408946,5356,2675,2,36000,3.00224299065
400972,406326,409022,5354,2696,2,36000,2.98590504451
400987,406236,408792,5249,2556,2,36000,3.05359937402
400989,406386,409021,5397,2635,2,36000,3.04819734345
401004,406314,408894,5310,2580,2,36000,3.05813953488
401006,406129,408938,5123,2809,2,36000,2.82378070488
401007,406300,408847,5293,2547,2,36000,3.07813113467
401040,406307,408793,5267,2486,2,36000,3.11866452132
401233,401246,401247,13,1,1,600,1.4
401370,401376,401379,6,3,1,600,1.0
401676,401683,401684,7,1,1,600,1.0
402393,402899,403397,506,498,2,72000,2.01606425703
402638,402904,403349,266,445,2,72000,1.59775280899
402739,402746,402861,7,115,1,1800,1.06086956522
402929,407974,410665,5045,2691,2,36000,2.87476774433
403092,408351,410926,5259,2575,2,36000,3.04233009709
403177,403184,403284,7,100,1,1800,1.07
403185,408405,411138,5220,2733,2,36000,2.90998902305
403234,408506,411114,5272,2608,2,36000,3.02147239264
403248,408240,410942,4992,2702,2,36000,2.84752035529
403284,408652,411200,5368,2548,2,36000,3.10675039246
403332,408676,411383,5344,2707,2,36000,2.97414111563
403348,408824,411438,5476,2614,2,36000,3.09487375669
403349,408664,411225,5315,2561,2,36000,3.07536118704
403365,408836,411428,5471,2592,2,36000,3.11072530864
403366,408747,411280,5381,2533,2,36000,3.12435846822
403367,408852,411458,5485,2606,2,36000,3.10475825019
403369,408830,411520,5461,2690,2,36000,3.03011152416
403370,408683,411205,5313,2522,2,36000,3.10666137986
403385,408669,411401,5284,2732,2,36000,2.93411420205
403400,408605,411251,5205,2646,2,36000,2.96712018141
403401,408511,411038,5110,2527,2,36000,3.02216066482
403416,408657,411108,5241,2451,2,36000,3.13831089351
403431,408645,411222,5214,2577,2,36000,3.02328288708
403433,408955,411729,5522,2774,2,36000,2.99062725306
403447,408740,411249,5293,2509,2,36000,3.10960542049
403463,408781,411436,5318,2655,2,36000,3.00301318267
403464,408757,411379,5293,2622,2,36000,3.01868802441
403479,408810,411502,5331,2692,2,36000,2.98031203566
403500,408941,411651,5441,2710,2,36000,3.00774907749
403503,403515,405682,12,2167,2,7200,1.0055376096
403539,408886,411462,5347,2576,2,36000,3.07569875776
403541,408843,411277,5302,2434,2,36000,3.17830731306
403568,408983,411611,5415,2628,2,36000,3.06050228311
403583,408961,411655,5378,2694,2,36000,2.99628804751
403585,408858,411461,5273,2603,2,36000,3.02573953131
403600,408815,411455,5215,2640,2,36000,2.97537878788
403602,408966,411554,5364,2588,2,36000,3.07264296754
403603,408906,411583,5303,2677,2,36000,2.98094882331
403618,409055,411650,5437,2595,2,36000,3.09518304432
403620,409039,411737,5419,2698,2,36000,3.00852483321
403621,408949,411674,5328,2725,2,36000,2.9552293578
403660,403666,406267,6,2601,2,14400,1.00230680507
403661,408999,411736,5338,2737,2,36000,2.95031055901
403676,409048,411587,5372,2539,2,36000,3.11579361954
403691,408803,411493,5112,2690,2,36000,2.90037174721
403715,409032,411668,5317,2636,2,36000,3.01707132018
403970,403976,404528,6,552,1,1800,1.01086956522
404084,404090,405522,6,1432,2,7200,1.00418994413
405582,410676,413269,5094,2593,2,36000,2.96451986116
405616,405623,410862,7,5239,2,43200,1.00133613285
405681,410953,413685,5272,2732,2,36000,2.92972181552
405742,411125,413750,5383,2625,2,36000,3.05066666667
405763,410937,413470,5174,2533,2,36000,3.0426371891
405853,411149,413668,5296,2519,2,36000,3.10242159587
405932,411211,413880,5279,2669,2,36000,2.97789434245
405950,411233,413863,5283,2630,2,36000,3.00874524715
405966,411049,413756,5083,2707,2,36000,2.87772441818
405967,411294,413938,5327,2644,2,36000,3.01475037821
406004,411412,413957,5408,2545,2,36000,3.12495088409
406005,411217,413936,5212,2719,2,36000,2.91688120633
406020,411239,413765,5219,2526,2,36000,3.06611243072
406035,411267,413861,5232,2594,2,36000,3.01696222051
406050,411740,414264,5690,2524,2,36000,3.25435816165
406051,411447,414057,5396,2610,2,36000,3.06743295019
406087,411119,413782,5032,2663,2,36000,2.88959819752
406089,411397,414049,5308,2652,2,36000,3.00150829563
406118,411686,414271,5568,2585,2,36000,3.15396518375
406131,406147,408179,16,2032,2,72000,1.00787401575
406133,411391,414059,5258,2668,2,36000,2.97076461769
406135,411474,414041,5339,2567,2,36000,3.07985975847
406151,411513,414125,5362,2612,2,36000,3.0528330781
406152,411454,414214,5302,2760,2,36000,2.92101449275
406153,411531,414259,5378,2728,2,36000,2.97140762463
406154,411260,413889,5106,2629,2,36000,2.94218333967
406172,411439,413998,5267,2559,2,36000,3.05822586948
406187,411288,413929,5101,2641,2,36000,2.93146535403
406202,411479,414122,5277,2643,2,36000,2.99659477866
406226,411504,414038,5278,2534,2,36000,3.08287292818
406241,411566,414311,5325,2745,2,36000,2.93989071038
406243,411600,414125,5357,2525,2,36000,3.12158415842
406257,411752,414461,5495,2709,2,36000,3.02842377261
406272,411668,414365,5396,2697,2,36000,3.0007415647
406290,411484,414183,5194,2699,2,36000,2.92441645054
406305,411467,414130,5162,2663,2,36000,2.93841532107
406306,411594,414299,5288,2705,2,36000,2.95489833641
406321,411661,414206,5340,2545,2,36000,3.09823182711
406323,411757,414452,5434,2695,2,36000,3.01632653061
406324,411622,414289,5298,2667,2,36000,2.98650168729
406339,411673,414294,5334,2621,2,36000,3.03510110645
406378,411680,414218,5302,2538,2,36000,3.0890464933
406421,406427,406478,6,51,1,1800,1.11764705882
406620,406626,420478,6,13852,2,14400,1.00043315045
406650,406657,409555,7,2898,2,72000,1.00241545894
406820,406828,406902,8,74,1,1800,1.10810810811
407065,407071,411958,6,4887,2,72000,1.00122774708
407067,407077,409056,10,1979,4,18000,1.0050530571
407279,410642,431962,3363,21320,4,72000,1.15773921201
407590,410636,425839,3046,15203,14,43200,1.20035519305
407906,407913,408199,7,286,1,1800,1.02447552448
407965,413281,415995,5316,2714,2,36000,2.95873249816
408231,413697,416423,5466,2726,2,36000,3.00513573001
408343,413481,416191,5138,2710,2,36000,2.89594095941
408397,413679,416256,5282,2577,2,36000,3.0496701591
408497,413761,416473,5264,2712,2,36000,2.94100294985
408499,413768,416515,5269,2747,2,36000,2.91809246451
408595,413872,416431,5277,2559,2,36000,3.06213364596
408638,413878,416552,5240,2674,2,36000,2.95961106956
408639,413891,416606,5252,2715,2,36000,2.93443830571
408655,413794,416343,5139,2549,2,36000,3.01608473911
408656,413776,416272,5120,2496,2,36000,3.05128205128
408657,413969,416620,5312,2651,2,36000,3.00377216145
408672,414063,416584,5391,2521,2,36000,3.13843712812
408674,413947,416608,5273,2661,2,36000,2.98158586997
408731,413900,416643,5169,2743,2,36000,2.88443310244
408746,413954,416405,5208,2451,2,36000,3.12484700122
408748,414076,416829,5328,2753,2,36000,2.9353432619
408772,414069,416652,5297,2583,2,36000,3.05071622145
408793,414049,416614,5256,2565,2,36000,3.04912280702
408795,414139,416761,5344,2622,2,36000,3.03813882532
408810,414151,416873,5341,2722,2,36000,2.96216017634
408811,414225,416888,5414,2663,2,36000,3.03304543748
408826,414270,416852,5444,2582,2,36000,3.10844306739
408828,414010,416568,5182,2558,2,36000,3.02580140735
408843,413940,416622,5097,2682,2,36000,2.90044742729
408844,414056,416651,5212,2595,2,36000,3.008477842
408859,414194,416869,5335,2675,2,36000,2.99439252336
408877,414133,416726,5256,2593,2,36000,3.02699575781
408895,414314,416938,5419,2624,2,36000,3.06516768293
408931,414307,416573,5376,2266,2,36000,3.37246248897
408947,414283,416956,5336,2673,2,36000,2.99625888515
408948,414276,416953,5328,2677,2,36000,2.99028763541
408949,414322,416926,5373,2604,2,36000,3.0633640553
408965,414376,417008,5411,2632,2,36000,3.05585106383
408980,414300,417082,5320,2782,2,36000,2.91229331416
408995,414472,417202,5477,2730,2,36000,3.00622710623
409022,414232,416675,5210,2443,2,36000,3.13262382317
409023,414464,417157,5441,2693,2,36000,3.02042331972
409039,414144,416819,5105,2675,2,36000,2.90841121495
409053,414217,416884,5164,2667,2,36000,2.93625796775
409212,410875,412679,1663,1804,2,72000,1.92184035477
409433,410997,412677,1564,1680,2,72000,1.93095238095
410664,416006,418672,5342,2666,2,36000,3.00375093773
410927,416202,418978,5275,2776,2,36000,2.90021613833
410945,416434,419080,5489,2646,2,36000,3.07445200302
411039,416526,419143,5487,2617,2,36000,3.09667558273
411111,416355,419099,5244,2744,2,36000,2.9110787172
411126,416485,419282,5359,2797,2,36000,2.91598140865
411141,416267,418852,5126,2585,2,36000,2.9829787234
411201,416617,419131,5416,2514,2,36000,3.15433571997
411216,416623,419047,5407,2424,2,36000,3.23061056106
411232,416563,419335,5331,2772,2,36000,2.92316017316
411233,416284,418975,5051,2691,2,36000,2.87699739874
411251,416654,419334,5403,2680,2,36000,3.01604477612
411266,416443,419222,5177,2779,2,36000,2.86290032386
411281,416636,419295,5355,2659,2,36000,3.01391500564
411283,416416,419161,5133,2745,2,36000,2.86994535519
411382,416840,419406,5458,2566,2,36000,3.12704598597
411384,416596,419302,5212,2706,2,36000,2.92609016999
411402,416641,419318,5239,2677,2,36000,2.95704146433
411429,416579,419210,5150,2631,2,36000,2.95743063474
411445,416669,419242,5224,2573,2,36000,3.03031480762
411446,416901,419606,5455,2705,2,36000,3.01663585952
411462,416887,419604,5425,2717,2,36000,2.996687523
411463,416737,419495,5274,2758,2,36000,2.91225525743
411464,416662,419361,5198,2699,2,36000,2.92589848092
411479,416880,419437,5401,2557,2,36000,3.11224090731
411494,416630,419194,5136,2564,2,36000,3.0031201248
411509,416772,419512,5263,2740,2,36000,2.92080291971
411524,416863,419591,5339,2728,2,36000,2.95711143695
411558,416937,419764,5379,2827,2,36000,2.90272373541
411585,416949,419644,5364,2695,2,36000,2.99035250464
411599,416830,419519,5231,2689,2,36000,2.94533283749
411614,417094,419804,5480,2710,2,36000,3.0221402214
411655,416895,419512,5240,2617,2,36000,3.00229270157
411656,416585,419274,4929,2689,2,36000,2.83302342878
411671,417019,419680,5348,2661,2,36000,3.00977076287
411673,416687,419250,5014,2563,2,36000,2.95630120952
411687,416970,419635,5283,2665,2,36000,2.98236397749
411718,411725,437048,7,25323,2,43200,1.00027642854
411730,416964,419819,5234,2855,2,36000,2.83327495622
411734,411746,414057,12,2311,2,14400,1.00519255733
411741,411763,415285,22,3522,2,14400,1.00624645088
411745,417213,419908,5468,2695,2,36000,3.02894248609
411746,417168,419789,5422,2621,2,36000,3.06867607783
411950,411956,416847,6,4891,2,14400,1.001226743
411953,411964,437042,11,25078,10,43200,1.00043863147
411956,411969,421066,13,9097,2,21600,1.00142904254
413271,418683,421376,5412,2693,2,36000,3.00965466023
413471,418992,421662,5521,2670,2,36000,3.06779026217
413670,418863,421516,5193,2653,2,36000,2.95740670939
413688,419092,421742,5404,2650,2,36000,3.03924528302
413752,419293,421981,5541,2688,2,36000,3.06138392857
413767,419154,421765,5387,2611,2,36000,3.06319417848
413768,418986,421376,5218,2390,2,36000,3.18326359833
413783,419111,421847,5328,2736,2,36000,2.94736842105
413862,419233,421739,5371,2506,2,36000,3.14325618516
413877,419351,422036,5474,2685,2,36000,3.03873370577
413892,419143,421825,5251,2682,2,36000,2.95786726324
413894,419345,421899,5451,2554,2,36000,3.13429913861
413930,419307,422037,5377,2730,2,36000,2.9695970696
413945,419058,421719,5113,2661,2,36000,2.92145809846
413947,419172,421660,5225,2488,2,36000,3.10008038585
413961,419329,421833,5368,2504,2,36000,3.14376996805
413987,413994,421253,7,7259,2,14400,1.00096432015
414000,419221,421955,5221,2734,2,36000,2.90965618142
414007,414017,418228,10,4211,2,14400,1.00237473284
414040,419205,421847,5165,2642,2,36000,2.95495836488
414055,419372,422093,5317,2721,2,36000,2.95406100698
414056,419313,421880,5257,2567,2,36000,3.04791585508
414071,419254,421932,5183,2678,2,36000,2.9353995519
414072,419417,421960,5345,2543,2,36000,3.10184821077
414124,419506,422203,5382,2697,2,36000,2.99555061179
414139,419523,422121,5384,2598,2,36000,3.07236335643
414140,419535,422230,5395,2695,2,36000,3.00185528757
414141,419614,422203,5473,2589,2,36000,3.11394360757
414184,419448,422107,5264,2659,2,36000,2.97969161339
414207,419528,422284,5321,2756,2,36000,2.93069666183
414223,419621,422282,5398,2661,2,36000,3.02856069147
414224,419261,421781,5037,2520,2,36000,2.99880952381
414260,419602,422285,5342,2683,2,36000,2.99105478941
414275,419831,422393,5556,2562,2,36000,3.16861826698
414277,419646,422255,5369,2609,2,36000,3.05787658107
414291,419815,422514,5524,2699,2,36000,3.04668395702
414306,419285,421949,4979,2664,2,36000,2.86899399399
414307,419655,422088,5348,2433,2,36000,3.19810933005
414322,419776,422475,5454,2699,2,36000,3.02074842534
414367,419691,422264,5324,2573,2,36000,3.06917994559
414455,419800,422372,5345,2572,2,36000,3.07814930016
414471,419919,422410,5448,2491,2,36000,3.18707346447
414625,414633,435721,8,21088,4,50400,1.00037936267
415998,421387,424068,5389,2681,2,36000,3.01007086908
416194,421679,424442,5485,2763,2,36000,2.98516105682
416257,421527,424207,5270,2680,2,36000,2.96641791045
416276,421392,424115,5116,2723,2,36000,2.87881013588
416336,416342,524389,6,108047,3,108000,1.00005553139
416345,421858,424342,5513,2484,2,36000,3.2194041868
416406,421672,424424,5266,2752,2,36000,2.91351744186
416424,421756,424315,5332,2559,2,36000,3.08362641657
416439,421750,424374,5311,2624,2,36000,3.02400914634
416475,421992,424553,5517,2561,2,36000,3.15423662632
416517,421776,424476,5259,2700,2,36000,2.94777777778
416553,422047,424528,5494,2481,2,36000,3.21442966546
416571,421967,424647,5396,2680,2,36000,3.01343283582
416587,421960,424618,5373,2658,2,36000,3.02144469526
416588,421891,424658,5303,2767,2,36000,2.9165160824
416610,421836,424348,5226,2512,2,36000,3.08041401274
416611,421731,424403,5120,2672,2,36000,2.91616766467
416627,421863,424504,5236,2641,2,36000,2.98258235517
416628,421845,424337,5217,2492,2,36000,3.09349919743
416629,422054,424637,5425,2583,2,36000,3.10027100271
416644,421910,424526,5266,2616,2,36000,3.0129969419
416660,422106,424767,5446,2661,2,36000,3.04659902292
416661,421943,424632,5282,2689,2,36000,2.96429899591
416679,421792,424518,5113,2726,2,36000,2.87564196625
416727,422214,424894,5487,2680,2,36000,3.0473880597
416764,422132,424935,5368,2803,2,36000,2.91509097396
416821,422241,424791,5420,2550,2,36000,3.12549019608
416836,421974,424515,5138,2541,2,36000,3.02203856749
416854,422301,424908,5447,2607,2,36000,3.08937476026
416870,422118,424885,5248,2767,2,36000,2.89663895916
416885,422219,424900,5334,2681,2,36000,2.98955613577
416886,422306,425026,5420,2720,2,36000,2.99264705882
416901,422294,424847,5393,2553,2,36000,3.11241676459
416928,422486,425213,5558,2727,2,36000,3.03813714705
416943,422099,424844,5156,2745,2,36000,2.87832422587
416958,422404,424958,5446,2554,2,36000,3.13234142522
416960,422267,424949,5307,2682,2,36000,2.97874720358
417011,422276,424812,5265,2536,2,36000,3.07610410095
417084,422525,425130,5441,2605,2,36000,3.0886756238
417160,422384,424828,5224,2444,2,36000,3.13747954173
417205,422421,424997,5216,2576,2,36000,3.0248447205
418613,418620,418621,7,1,2,3540,1.0
418673,424079,426896,5406,2817,2,36000,2.9190628328
418854,424218,426896,5364,2678,2,36000,3.00298730396
418972,424126,426752,5154,2626,2,36000,2.96268088347
418987,424453,427051,5466,2598,2,36000,3.103926097
419047,424414,427067,5367,2653,2,36000,3.0229928383
419083,424326,426874,5243,2548,2,36000,3.05769230769
419101,424356,427042,5255,2686,2,36000,2.95644080417
419135,424362,427007,5227,2645,2,36000,2.97618147448
419150,424487,427069,5337,2582,2,36000,3.06700232378
419165,424435,426992,5270,2557,2,36000,3.06100899492
419195,424515,427025,5320,2510,2,36000,3.11952191235
419213,424658,427350,5445,2692,2,36000,3.02265973254
419228,424385,427163,5157,2778,2,36000,2.85637149028
419243,424644,427269,5401,2625,2,36000,3.05752380952
419258,424533,427108,5275,2575,2,36000,3.04854368932
419276,424630,427350,5354,2720,2,36000,2.96838235294
419291,424564,427241,5273,2677,2,36000,2.96974224879
419307,424650,427196,5343,2546,2,36000,3.09858601728
419308,424669,427319,5361,2650,2,36000,3.02301886792
419323,424349,427053,5026,2704,2,36000,2.85872781065
419338,424540,427215,5202,2675,2,36000,2.9446728972
419340,424545,427122,5205,2577,2,36000,3.01979045402
419358,424778,427523,5420,2745,2,36000,2.97449908925
419409,424526,427190,5117,2664,2,36000,2.9207957958
419439,424896,427345,5457,2449,2,36000,3.2282564312
419497,424905,427604,5408,2699,2,36000,3.00370507595
419515,424946,427543,5431,2597,2,36000,3.09125914517
419516,425037,427547,5521,2510,2,36000,3.19960159363
419531,424803,427329,5272,2526,2,36000,3.08709422011
419592,424920,427524,5328,2604,2,36000,3.04608294931
419607,424911,427638,5304,2727,2,36000,2.94499449945
419608,424862,427440,5254,2578,2,36000,3.03801396431
419636,424960,427590,5324,2630,2,36000,3.02433460076
419651,424855,427668,5204,2813,2,36000,2.84998222538
419681,424823,427412,5142,2589,2,36000,2.98609501738
419766,425224,427933,5458,2709,2,36000,3.01476559616
419790,424839,427395,5049,2556,2,36000,2.97535211268
419805,425141,427843,5336,2702,2,36000,2.9748334567
419820,424969,427566,5149,2597,2,36000,2.98267231421
419911,425008,427453,5097,2445,2,36000,3.08466257669
421376,426763,429346,5387,2583,2,36000,3.08555942702
421391,426909,429566,5518,2657,2,36000,3.07677832142
421518,426914,429561,5396,2647,2,36000,3.03853418965
421664,427004,429661,5340,2657,2,36000,3.00978547234
421665,427063,429673,5398,2610,2,36000,3.06819923372
421722,427078,429812,5356,2734,2,36000,2.95903438186
421740,427175,429746,5435,2571,2,36000,3.11396343835
421755,426885,429624,5130,2739,2,36000,2.87294633078
421770,427085,429909,5315,2824,2,36000,2.88208215297
421785,427120,429843,5335,2723,2,36000,2.95923613661
421828,427018,429593,5190,2575,2,36000,3.01553398058
421843,427069,429731,5226,2662,2,36000,2.96318557476
421858,427053,429794,5195,2741,2,36000,2.89529368843
421859,427036,429797,5177,2761,2,36000,2.87504527345
421880,427330,429845,5450,2515,2,36000,3.16699801193
421902,427226,429921,5324,2695,2,36000,2.97551020408
421935,427280,429938,5345,2658,2,36000,3.01091045899
421950,427363,430031,5413,2668,2,36000,3.02886056972
421966,427368,430058,5402,2690,2,36000,3.00817843866
421967,427202,429985,5235,2783,2,36000,2.88106360043
421982,427252,429816,5270,2564,2,36000,3.05538221529
422037,427208,429845,5171,2637,2,36000,2.96094046265
422038,427134,429795,5096,2661,2,36000,2.91506952274
422089,427679,430372,5590,2693,2,36000,3.0757519495
422104,427535,430140,5431,2605,2,36000,3.08483685221
422119,427356,429896,5237,2540,2,36000,3.06181102362
422134,427554,430276,5420,2722,2,36000,2.99118295371
422205,427615,430245,5410,2630,2,36000,3.05703422053
422206,427649,430194,5443,2545,2,36000,3.13870333988
422234,427341,430016,5107,2675,2,36000,2.9091588785
422259,427601,430317,5342,2716,2,36000,2.96686303387
422274,427423,430115,5149,2692,2,36000,2.91270430906
422290,427451,430022,5161,2571,2,36000,3.00739012058
422291,427540,430140,5249,2600,2,36000,3.01884615385
422292,427560,430230,5268,2670,2,36000,2.97303370787
422374,427406,430165,5032,2759,2,36000,2.82384922073
422395,427577,429914,5182,2337,2,36000,3.21737270004
422410,427464,430119,5054,2655,2,36000,2.90357815443
422477,427945,430637,5468,2692,2,36000,3.03120356612
422513,427854,430478,5341,2624,2,36000,3.03544207317
424070,429579,432197,5509,2618,2,36000,3.10427807487
424119,429357,432002,5238,2645,2,36000,2.98034026465
424210,429572,432156,5362,2584,2,36000,3.07507739938
424316,429635,432131,5319,2496,2,36000,3.13100961538
424340,429742,432328,5402,2586,2,36000,3.08894044857
424355,429805,432345,5450,2540,2,36000,3.14566929134
424357,429604,432131,5247,2527,2,36000,3.0763751484
424374,429757,432450,5383,2693,2,36000,2.99888600074
424405,429823,432532,5418,2709,2,36000,3.0
424426,429672,432243,5246,2571,2,36000,3.04045118631
424444,429683,432394,5239,2711,2,36000,2.93249723349
424477,429921,432562,5444,2641,2,36000,3.06134040136
424505,429817,432485,5312,2668,2,36000,2.99100449775
424520,429996,432602,5476,2606,2,36000,3.1013046815
424522,429854,432371,5332,2517,2,36000,3.11839491458
424536,429811,432554,5275,2743,2,36000,2.92307692308
424538,429934,432608,5396,2674,2,36000,3.01795063575
424556,429830,432424,5274,2594,2,36000,3.03315343099
424620,430042,432554,5422,2512,2,36000,3.15843949045
424635,429949,432529,5314,2580,2,36000,3.05968992248
424650,429861,432389,5211,2528,2,36000,3.06131329114
424651,430069,432973,5418,2904,2,36000,2.86570247934
424666,429866,432561,5200,2695,2,36000,2.92949907236
424769,430151,432803,5382,2652,2,36000,3.02941176471
424793,430027,432802,5234,2775,2,36000,2.88612612613
424815,430126,432745,5311,2619,2,36000,3.02787323406
424830,430176,432881,5346,2705,2,36000,2.97634011091
424845,430383,433023,5538,2640,2,36000,3.09772727273
424860,430034,432518,5174,2484,2,36000,3.08293075684
424887,429908,432446,5021,2538,2,36000,2.97832939322
424902,430256,433002,5354,2746,2,36000,2.94974508376
424904,430206,432913,5302,2707,2,36000,2.958625785
424919,430156,432860,5237,2704,2,36000,2.93676035503
424937,430287,432904,5350,2617,2,36000,3.04432556362
424952,430328,432997,5376,2669,2,36000,3.01423754215
424967,429927,432517,4960,2590,2,36000,2.91505791506
424997,430132,432771,5135,2639,2,36000,2.94581280788
425028,430241,432800,5213,2559,2,36000,3.03712387651
425131,430489,433097,5358,2608,2,36000,3.05444785276
425216,430648,433343,5432,2695,2,36000,3.01558441558
426048,426055,445619,7,19564,40,43199,1.00035780004
426754,432014,434515,5260,2501,2,36000,3.10315873651
426875,432141,434786,5266,2645,2,36000,2.99092627599
426900,432208,434915,5308,2707,2,36000,2.96084226081
426901,432167,434804,5266,2637,2,36000,2.99696624953
426995,432254,434956,5259,2702,2,36000,2.94633604737
427010,432147,434911,5137,2764,2,36000,2.85853835022
427029,432496,435167,5467,2671,2,36000,3.0467989517
427044,432356,435015,5312,2659,2,36000,2.9977435126
427059,432407,434897,5348,2490,2,36000,3.14779116466
427061,432340,435054,5279,2714,2,36000,2.94509948416
427076,432548,435166,5472,2618,2,36000,3.09014514897
427077,432577,435161,5500,2584,2,36000,3.12848297214
427111,432382,435093,5271,2711,2,36000,2.94430099594
427126,432565,435006,5439,2441,2,36000,3.22818517001
427165,432463,434992,5298,2529,2,36000,3.09489916963
427193,432614,435133,5421,2519,2,36000,3.15204446209
427207,432400,435103,5193,2703,2,36000,2.92119866815
427222,432620,435278,5398,2658,2,36000,3.03085026336
427244,432435,435157,5191,2722,2,36000,2.90705363703
427271,432541,435268,5270,2727,2,36000,2.93252658599
427321,432582,435188,5261,2606,2,36000,3.01880276285
427336,432818,435619,5482,2801,2,36000,2.9571581578
427352,432457,435077,5105,2620,2,36000,2.94847328244
427353,432570,435258,5217,2688,2,36000,2.94084821429
427354,432984,435587,5630,2603,2,36000,3.16288897426
427397,432892,435822,5495,2930,2,36000,2.87542662116
427415,432756,435562,5341,2806,2,36000,2.9034212402
427442,432529,435191,5087,2662,2,36000,2.91096919609
427457,432782,435348,5325,2566,2,36000,3.07521434139
427525,432823,435281,5298,2458,2,36000,3.15541090317
427526,432871,435643,5345,2772,2,36000,2.92821067821
427544,432915,435586,5371,2671,2,36000,3.0108573568
427560,432811,435526,5251,2715,2,36000,2.93406998158
427575,432534,435178,4959,2644,2,36000,2.87556732224
427593,433008,435339,5415,2331,2,36000,3.32303732304
427608,433015,435687,5407,2672,2,36000,3.02357784431
427641,432924,435510,5283,2586,2,36000,3.04292343387
427668,433034,435687,5366,2653,2,36000,3.02261590652
427845,433108,435848,5263,2740,2,36000,2.92080291971
427936,433355,436009,5419,2654,2,36000,3.0418236624
429343,434526,437252,5183,2726,2,36000,2.90132061629
429562,434815,437477,5253,2662,2,36000,2.97332832457
429577,434929,437503,5352,2574,2,36000,3.07925407925
429595,434922,437623,5327,2701,2,36000,2.97223250648
429626,434798,437266,5172,2468,2,36000,3.09562398703
429662,434968,437694,5306,2726,2,36000,2.94644167278
429677,434908,437605,5231,2697,2,36000,2.93956247683
429732,435065,437727,5333,2662,2,36000,3.0033809166
429747,435003,437712,5256,2709,2,36000,2.94019933555
429796,435017,437555,5221,2538,2,36000,3.05713159968
429798,435026,437663,5228,2637,2,36000,2.98255593477
429813,435182,437752,5369,2570,2,36000,3.08910505837
429814,435187,437913,5373,2726,2,36000,2.97101980924
429829,435169,437849,5340,2680,2,36000,2.99253731343
429845,435200,437908,5355,2708,2,36000,2.97747415066
429846,435105,437689,5259,2584,2,36000,3.03521671827
429861,435114,437663,5253,2549,2,36000,3.06080816006
429898,435088,437708,5190,2620,2,36000,2.98091603053
429913,435175,437854,5262,2679,2,36000,2.96416573348
429928,435194,437614,5266,2420,2,36000,3.17603305785
429930,435289,437892,5359,2603,2,36000,3.05877833269
429945,435280,437897,5335,2617,2,36000,3.03859380971
429987,435144,437930,5157,2786,2,36000,2.85104091888
430018,435631,438335,5613,2704,2,36000,3.07581360947
430033,435206,437714,5173,2508,2,36000,3.06259968102
430035,435269,437842,5234,2573,2,36000,3.03420132141
430059,435603,438191,5544,2588,2,36000,3.14219474498
430118,435573,438062,5455,2489,2,36000,3.19164323021
430133,435359,438014,5226,2655,2,36000,2.96836158192
430148,435295,438017,5147,2722,2,36000,2.89088905217
430149,435654,438363,5505,2709,2,36000,3.03211517165
430167,435834,438471,5667,2637,2,36000,3.14903299204
430198,435521,438159,5323,2638,2,36000,3.01781652767
430231,435537,438173,5306,2636,2,36000,3.0128983308
430246,435698,438341,5452,2643,2,36000,3.06280741582
430277,435596,438130,5319,2534,2,36000,3.09905288082
430319,435350,438047,5031,2697,2,36000,2.86540600667
430374,435703,438240,5329,2537,2,36000,3.10051241624
430481,435859,438546,5378,2687,2,36000,3.00148864905
430639,436020,438632,5381,2612,2,36000,3.06010719755
432004,437264,439928,5260,2664,2,36000,2.97447447447
432133,437277,439786,5144,2509,2,36000,3.05021921084
432134,437634,440117,5500,2483,2,36000,3.21506242449
432158,437488,440122,5330,2634,2,36000,3.02353834472
432198,437514,440319,5316,2805,2,36000,2.89518716578
432246,437706,440399,5460,2693,2,36000,3.02747864835
432331,437738,440327,5407,2589,2,36000,3.08845113944
432346,437673,440313,5327,2640,2,36000,3.0178030303
432374,437700,440302,5326,2602,2,36000,3.04688700999
432392,437679,440308,5287,2629,2,36000,3.01103081019
432407,437616,440187,5209,2571,2,36000,3.02605989887
432425,437860,440471,5435,2611,2,36000,3.08157793949
432450,437720,440288,5270,2568,2,36000,3.05218068536
432465,437726,440457,5261,2731,2,36000,2.92640058587
432486,437763,440378,5277,2615,2,36000,3.01797323136
432520,437731,440350,5211,2619,2,36000,2.98969072165
432521,437626,440279,5105,2653,2,36000,2.92423671315
432536,437910,440520,5374,2610,2,36000,3.05900383142
432537,437925,440665,5388,2740,2,36000,2.96642335766
432556,437853,440295,5297,2442,2,36000,3.16912366912
432557,437566,440282,5009,2716,2,36000,2.8442562592
432573,437919,440544,5346,2625,2,36000,3.03657142857
432574,437866,440411,5292,2545,2,36000,3.07937131631
432605,437942,440607,5337,2665,2,36000,3.00262664165
432620,437903,440573,5283,2670,2,36000,2.97865168539
432747,438073,440861,5326,2788,2,36000,2.91032998565
432772,438025,440728,5253,2703,2,36000,2.94339622642
432803,438184,440827,5381,2643,2,36000,3.03594400303
432804,438032,440716,5228,2684,2,36000,2.9478390462
432819,438346,441153,5527,2807,2,36000,2.96900605629
432862,438374,441160,5512,2786,2,36000,2.97846374731
432883,438483,441152,5600,2669,2,36000,3.09816410641
432907,438141,440827,5234,2686,2,36000,2.94862248697
432922,438170,440818,5248,2648,2,36000,2.98187311178
432974,438202,440680,5228,2478,2,36000,3.10976594027
432998,438059,440728,5061,2669,2,36000,2.89621581117
433013,438352,440910,5339,2558,2,36000,3.08717748241
433028,438251,440901,5223,2650,2,36000,2.97094339623
433098,438557,441109,5459,2552,2,36000,3.13910658307
433345,438643,441292,5298,2649,2,36000,3.0
434517,439939,442533,5422,2594,2,36000,3.09020817271
434790,439797,442483,5007,2686,2,36000,2.86411020104
434805,440136,442770,5331,2634,2,36000,3.02391799544
434900,440198,442670,5298,2472,2,36000,3.1432038835
434915,440129,442823,5214,2694,2,36000,2.93541202673
434917,440331,442949,5414,2618,2,36000,3.0679908327
434960,440410,443006,5450,2596,2,36000,3.09938366718
434993,440469,442886,5476,2417,2,36000,3.26561853537
435008,440294,442939,5286,2645,2,36000,2.99848771267
435023,440336,442914,5313,2578,2,36000,3.06089992242
435057,440343,442901,5286,2558,2,36000,3.06645817045
435078,440306,442798,5228,2492,2,36000,3.09791332263
435096,440317,442917,5221,2600,2,36000,3.00807692308
435111,440324,442980,5213,2656,2,36000,2.96272590361
435136,440618,443176,5482,2558,2,36000,3.14308053167
435160,440482,443013,5322,2531,2,36000,3.10272619518
435176,440422,443165,5246,2743,2,36000,2.91250455705
435177,440676,443002,5499,2326,2,36000,3.364144454
435178,440390,443076,5212,2686,2,36000,2.94043186895
435194,440299,442890,5105,2591,2,36000,2.9702817445
435196,440555,443213,5359,2658,2,36000,3.01617757713
435197,440361,443037,5164,2676,2,36000,2.92974588939
435261,440311,442979,5050,2668,2,36000,2.8928035982
435277,440531,443103,5254,2572,2,36000,3.04276827372
435292,440584,443244,5292,2660,2,36000,2.98947368421
435294,440728,443263,5434,2535,2,36000,3.14358974359
435343,440745,443442,5402,2697,2,36000,3.00296625881
435358,440739,443352,5381,2613,2,36000,3.05931879066
435511,440829,443442,5318,2613,2,36000,3.03520857252
435526,440838,443479,5312,2641,2,36000,3.01135933359
435563,440872,443539,5309,2667,2,36000,2.99062617173
435587,440843,443487,5256,2644,2,36000,2.98789712557
435589,440691,443234,5102,2543,2,36000,3.00629178136
435622,441164,443415,5542,2251,2,36000,3.46201688139
435647,441176,443901,5529,2725,2,36000,3.02899082569
435690,440922,443751,5232,2829,2,36000,2.84941675504
435691,440912,443683,5221,2771,2,36000,2.88415734392
435825,441169,443694,5344,2525,2,36000,3.11643564356
435850,441120,443856,5270,2736,2,36000,2.92616959064
436011,441304,443982,5293,2678,2,36000,2.97647498133
437256,442544,445286,5288,2742,2,36000,2.92851932896
437271,442494,445213,5223,2719,2,36000,2.92092681133
437479,442781,445441,5302,2660,2,36000,2.99323308271
437506,442960,445527,5454,2567,2,36000,3.12465913518
437558,442950,445521,5392,2571,2,36000,3.09723842863
437607,442682,445435,5075,2753,2,36000,2.84344351616
437622,442904,445580,5282,2676,2,36000,2.97384155456
437637,442834,445541,5197,2707,2,36000,2.91983745844
437665,442925,445572,5260,2647,2,36000,2.98715527012
437666,442996,445523,5330,2527,2,36000,3.10922041947
437691,442931,445622,5240,2691,2,36000,2.94723151245
437706,443020,445470,5314,2450,2,36000,3.16897959184
437722,442810,445396,5088,2586,2,36000,2.96751740139
437723,443049,445815,5326,2766,2,36000,2.9255242227
437724,442897,445516,5173,2619,2,36000,2.97518136693
437739,442912,445534,5173,2622,2,36000,2.97292143402
437754,443087,445706,5333,2619,2,36000,3.03627338679
437843,442990,445447,5147,2457,2,36000,3.09483109483
437858,443026,445776,5168,2750,2,36000,2.87927272727
437860,443176,445856,5316,2680,2,36000,2.98358208955
437893,443255,445852,5362,2597,2,36000,3.06469002695
437908,443114,445719,5206,2605,2,36000,2.99846449136
437909,443224,445669,5315,2445,2,36000,3.17382413088
437925,443013,445717,5088,2704,2,36000,2.88165680473
437940,443189,445819,5249,2630,2,36000,2.99581749049
438016,443363,445975,5347,2612,2,36000,3.04709035222
438031,443274,445885,5243,2611,2,36000,3.00804289544
438050,443488,446149,5438,2661,2,36000,3.04359263435
438065,443551,446067,5486,2516,2,36000,3.18044515103
438132,443500,446142,5368,2642,2,36000,3.03179409538
438160,443493,446133,5333,2640,2,36000,3.02007575758
438175,443505,446218,5330,2713,2,36000,2.96461481755
438193,443245,445789,5052,2544,2,36000,2.9858490566
438242,443694,446288,5452,2594,2,36000,3.10177332305
438337,443427,446004,5090,2577,2,36000,2.97516492045
438353,443763,446268,5410,2505,2,36000,3.15968063872
438368,443912,446566,5544,2654,2,36000,3.08892238131
438473,443705,446315,5232,2610,2,36000,3.00459770115
438549,443867,446527,5318,2660,2,36000,2.9992481203
438634,443993,446785,5359,2792,2,36000,2.91941260745
439788,445224,447881,5436,2657,2,36000,3.04591644712
439932,445297,448045,5365,2748,2,36000,2.95232896652
440121,445558,447923,5437,2365,2,36000,3.29894291755
440136,445452,448110,5316,2658,2,36000,3.0
440188,445446,448011,5258,2565,2,36000,3.04990253411
440283,445591,448232,5308,2641,2,36000,3.00984475577
440284,445534,448135,5250,2601,2,36000,3.0184544406
440300,445458,448023,5158,2565,2,36000,3.01091617934
440301,445408,447978,5107,2570,2,36000,2.98715953307
440317,445633,448304,5316,2671,2,36000,2.99026581805
440319,445539,448097,5220,2558,2,36000,3.0406567631
440320,445546,448294,5226,2748,2,36000,2.90174672489
440335,445583,448269,5248,2686,2,36000,2.95383469844
440336,445551,448290,5215,2739,2,36000,2.90397955458
440352,445826,448429,5474,2603,2,36000,3.10295812524
440379,445717,448174,5338,2457,2,36000,3.17256817257
440401,445481,448024,5080,2543,2,36000,2.99764058199
440416,445869,448609,5453,2740,2,36000,2.9901459854
440459,445527,448271,5068,2744,2,36000,2.84693877551
440474,445788,448309,5314,2521,2,36000,3.10789369298
440523,445735,448549,5212,2814,2,36000,2.85216773276
440547,445680,448393,5133,2713,2,36000,2.89200147438
440574,445863,448517,5289,2654,2,36000,2.99284099472
440608,445832,448364,5224,2532,2,36000,3.06319115324
440666,445728,448477,5062,2749,2,36000,2.84139687159
440681,445801,448513,5120,2712,2,36000,2.88790560472
440718,445896,448625,5178,2729,2,36000,2.8973983144
440733,445986,448587,5253,2601,2,36000,3.01960784314
440734,446160,448753,5426,2593,2,36000,3.09255688392
440820,446144,448722,5324,2578,2,36000,3.06516679597
440835,446154,448859,5319,2705,2,36000,2.96635859519
440837,446230,448901,5393,2671,2,36000,3.0190939723
440864,446078,448825,5214,2747,2,36000,2.8980706225
440904,446299,448953,5395,2654,2,36000,3.03278070836
440919,446279,448995,5360,2716,2,36000,2.9734904271
441111,446538,449110,5427,2572,2,36000,3.1100311042
441154,446016,448550,4862,2534,2,36000,2.91870560379
441155,446326,449145,5171,2819,2,36000,2.83433841788
441170,446577,449291,5407,2714,2,36000,2.9922623434
441296,446797,449402,5501,2605,2,36000,3.11170825336
442484,447892,450581,5408,2689,2,36000,3.01115656378
442536,448056,450785,5520,2729,2,36000,3.02271894467
442672,448022,450607,5350,2585,2,36000,3.06963249516
442773,448121,450737,5348,2616,2,36000,3.04434250765
442800,447989,450710,5189,2721,2,36000,2.90701947813
442825,447934,450377,5109,2443,2,36000,3.09128121163
442889,448286,450845,5397,2559,2,36000,3.10902696366
442904,448243,450887,5339,2644,2,36000,3.01928895613
442905,448301,450909,5396,2608,2,36000,3.06901840491
442921,448279,450699,5358,2420,2,36000,3.21404958678
442922,448316,450981,5394,2665,2,36000,3.02401500938
442940,448146,450776,5206,2630,2,36000,2.97946768061
442955,448307,450854,5352,2547,2,36000,3.10129564193
442980,448035,450739,5055,2704,2,36000,2.86945266272
442981,448108,450700,5127,2592,2,36000,2.97800925926
443006,448488,451011,5482,2523,2,36000,3.17281014665
443007,448041,450735,5034,2694,2,36000,2.86859688196
443023,448323,451132,5300,2809,2,36000,2.88679245283
443038,448440,451109,5402,2669,2,36000,3.02397901836
443078,448185,450783,5107,2598,2,36000,2.96574287914
443105,448560,451281,5455,2721,2,36000,3.00477765527
443166,448620,451082,5454,2462,2,36000,3.21527213647
443181,448375,450933,5194,2558,2,36000,3.03049257232
443215,448404,450992,5189,2588,2,36000,3.00502318393
443236,448524,451397,5288,2873,2,36000,2.84058475461
443251,448530,451033,5279,2503,2,36000,3.10906911706
443267,448636,451197,5369,2561,2,36000,3.09644670051
443355,448599,451438,5244,2839,2,36000,2.84712927087
443419,448566,451056,5147,2490,2,36000,3.06706827309
443444,448764,451464,5320,2700,2,36000,2.97037037037
443445,448733,451224,5288,2491,2,36000,3.12284223204
443482,448871,451493,5389,2622,2,36000,3.05530129672
443497,448912,451586,5415,2674,2,36000,3.02505609574
443543,448836,451492,5293,2656,2,36000,2.99284638554
443686,448964,451638,5278,2674,2,36000,2.97382198953
443701,449157,451844,5456,2687,2,36000,3.03051730555
443753,449006,451774,5253,2768,2,36000,2.89776011561
443857,449122,451890,5265,2768,2,36000,2.90209537572
443903,449303,452018,5400,2715,2,36000,2.98895027624
443983,449413,451901,5430,2488,2,36000,3.18247588424
445215,450592,453271,5377,2679,2,36000,3.00709219858
445288,450801,453456,5513,2655,2,36000,3.07645951036
445399,450722,453186,5323,2464,2,36000,3.16030844156
445433,450618,453215,5185,2597,2,36000,2.99653446284
445449,450754,453211,5305,2457,2,36000,3.15913715914
445450,450759,453457,5309,2698,2,36000,2.96775389177
445471,450747,453396,5276,2649,2,36000,2.99169497924
445517,450857,453479,5340,2622,2,36000,3.03661327231
445534,450787,453480,5253,2693,2,36000,2.95061269959
445535,450716,453405,5181,2689,2,36000,2.92673856452
445536,450865,453512,5329,2647,2,36000,3.01322251606
445551,450920,453580,5369,2660,2,36000,3.01842105263
445553,450389,453013,4836,2624,2,36000,2.84298780488
445574,450710,453385,5136,2675,2,36000,2.92
445589,450898,453622,5309,2724,2,36000,2.94897209985
445626,450993,453548,5367,2555,2,36000,3.10058708415
445672,451003,453794,5331,2791,2,36000,2.91006807596
445709,450794,453481,5085,2687,2,36000,2.89244510607
445725,451022,453531,5297,2509,2,36000,3.11119968115
445726,451292,454023,5566,2731,2,36000,3.03808128891
445778,451143,453777,5365,2634,2,36000,3.03682611997
445793,451408,454072,5615,2664,2,36000,3.10773273273
445818,451121,453579,5303,2458,2,36000,3.1574450773
445833,450944,453692,5111,2748,2,36000,2.85989810771
445855,451045,453832,5190,2787,2,36000,2.86221743811
445870,451093,453833,5223,2740,2,36000,2.90620437956
445888,451208,453834,5320,2626,2,36000,3.02589489718
445977,451450,454129,5473,2679,2,36000,3.0429264651
446007,451068,453550,5061,2482,2,36000,3.03908138598
446069,451503,454210,5434,2707,2,36000,3.00738825268
446134,451235,453960,5101,2725,2,36000,2.8719266055
446150,451509,454198,5359,2689,2,36000,2.99293417627
446152,451475,454060,5323,2585,2,36000,3.05918762089
446219,451598,454241,5379,2643,2,36000,3.03518728717
446271,451785,454526,5514,2741,2,36000,3.01167457132
446290,451650,454355,5360,2705,2,36000,2.98151571165
446317,451855,454440,5538,2585,2,36000,3.14235976789
446530,451901,454652,5371,2751,2,36000,2.95238095238
446567,452030,454823,5463,2793,2,36000,2.9559613319
446787,451912,454636,5125,2724,2,36000,2.88142437592
447881,453283,455952,5402,2669,2,36000,3.02397901836
447924,453024,455688,5100,2664,2,36000,2.91441441441
447979,453197,455863,5218,2666,2,36000,2.95723930983
448013,453228,455936,5215,2708,2,36000,2.92577548006
448029,453468,456066,5439,2598,2,36000,3.0935334873
448030,453408,455995,5378,2587,2,36000,3.07885581755
448046,453473,456160,5427,2687,2,36000,3.01972459993
448101,453416,456087,5315,2671,2,36000,2.98989142643
448115,453222,455841,5107,2619,2,36000,2.94998090874
448134,453497,456160,5363,2663,2,36000,3.01389410439
448177,453502,456209,5325,2707,2,36000,2.96712227558
448235,453634,456197,5399,2563,2,36000,3.10651580179
448272,453396,456001,5124,2605,2,36000,2.9669865643
448273,453490,456059,5217,2569,2,36000,3.03075126508
448292,453591,456258,5299,2667,2,36000,2.98687664042
448307,453524,456194,5217,2670,2,36000,2.95393258427
448308,453560,456297,5252,2737,2,36000,2.91888929485
448324,453788,456419,5464,2631,2,36000,3.07677689092
448367,453703,456265,5336,2562,2,36000,3.08274785324
448394,453805,456217,5411,2412,2,36000,3.24336650083
448431,453596,456203,5165,2607,2,36000,2.98120444956
448480,453543,456141,5063,2598,2,36000,2.94880677444
448517,454083,456768,5566,2685,2,36000,3.0729981378
448532,453843,456458,5311,2615,2,36000,3.0309751434
448551,454034,456718,5483,2684,2,36000,3.04284649776
448552,453567,456156,5015,2589,2,36000,2.9370413287
448589,454140,456840,5551,2700,2,36000,3.05592592593
448610,453850,456444,5240,2594,2,36000,3.0200462606
448626,453855,456553,5229,2698,2,36000,2.938102298
448654,448660,448777,6,117,1,1800,1.05128205128
448723,453971,456560,5248,2589,2,36000,3.0270374662
448755,454071,456748,5316,2677,2,36000,2.9858050056
448828,454221,456763,5393,2542,2,36000,3.12155782848
448862,454209,456908,5347,2699,2,36000,2.98110411263
448904,454252,456832,5348,2580,2,36000,3.07286821705
448957,454366,456873,5409,2507,2,36000,3.15755883526
448996,454537,457162,5541,2625,2,36000,3.11085714286
449094,449101,449200,7,99,1,1800,1.07070707071
449113,454663,457385,5550,2722,2,36000,3.03894195445
449146,454451,457181,5305,2730,2,36000,2.94322344322
449293,454834,457496,5541,2662,2,36000,3.0815176559
449403,454647,457272,5244,2625,2,36000,2.99771428571
449863,449869,450418,6,549,1,1800,1.01092896175
450381,455699,458399,5318,2700,2,36000,2.96962962963
450583,455963,458615,5380,2652,2,36000,3.02865761689
450610,455947,458692,5337,2745,2,36000,2.94426229508
450702,456013,458736,5311,2723,2,36000,2.95042232831
450703,456098,458530,5395,2432,2,36000,3.21833881579
450718,455874,458505,5156,2631,2,36000,2.95971113645
450737,456006,458507,5269,2501,2,36000,3.10675729708
450753,455852,458499,5099,2647,2,36000,2.92633169626
450754,456077,458451,5323,2374,2,36000,3.24220724516
450779,456173,458691,5394,2518,2,36000,3.14217633042
450794,456224,458921,5430,2697,2,36000,3.01334816463
450795,456178,458802,5383,2624,2,36000,3.05144817073
450848,456071,458611,5223,2540,2,36000,3.0562992126
450863,456205,458992,5342,2787,2,36000,2.91675636886
450890,456212,458711,5322,2499,2,36000,3.12965186074
450911,456270,458889,5359,2619,2,36000,3.04620084002
450936,456276,458784,5340,2508,2,36000,3.12918660287
450985,456309,458907,5324,2598,2,36000,3.04926866821
451000,456230,458788,5230,2558,2,36000,3.04456606724
451016,456153,458743,5137,2590,2,36000,2.9833976834
451037,456469,458913,5432,2444,2,36000,3.22258592471
451058,456167,458841,5109,2674,2,36000,2.91062079282
451082,456455,458982,5373,2527,2,36000,3.12623664424
451113,456218,458873,5105,2655,2,36000,2.92278719397
451135,456431,459177,5296,2746,2,36000,2.92862345229
451199,456565,459262,5366,2697,2,36000,2.98961809418
451226,456572,459188,5346,2616,2,36000,3.04357798165
451281,456729,459412,5448,2683,2,36000,3.03056280283
451400,456780,459342,5380,2562,2,36000,3.09992193599
451440,456851,459491,5411,2640,2,36000,3.04962121212
451468,456759,459346,5291,2587,2,36000,3.04522613065
451495,456774,459525,5279,2751,2,36000,2.91893856779
451497,456919,459476,5422,2557,2,36000,3.12045365663
451588,456843,459499,5255,2656,2,36000,2.97853915663
451640,456884,459544,5244,2660,2,36000,2.97142857143
451775,457174,459639,5399,2465,2,36000,3.19026369168
451846,457193,459649,5347,2456,2,36000,3.17711726384
451892,457396,459998,5504,2602,2,36000,3.11529592621
451908,457284,459772,5376,2488,2,36000,3.16077170418
451961,451968,452009,7,41,1,1800,1.17073170732
452021,457507,460188,5486,2681,2,36000,3.04625139873
452213,452220,452271,7,51,1,1800,1.13725490196
452295,452301,452372,6,71,1,1800,1.08450704225
452601,452607,452684,6,77,1,1800,1.07792207792
452896,452902,453140,6,238,1,1800,1.02521008403
453015,458411,461017,5396,2606,2,36000,3.07060629317
453188,458517,461283,5329,2766,2,36000,2.9266088214
453212,458510,461115,5298,2605,2,36000,3.03378119002
453228,458703,461264,5475,2561,2,36000,3.13783678251
453274,458628,461187,5354,2559,2,36000,3.09222352481
453387,458747,461255,5360,2508,2,36000,3.13716108453
453403,458523,461232,5120,2709,2,36000,2.8899963086
453418,458541,461082,5123,2541,2,36000,3.01613537977
453459,458813,461447,5354,2634,2,36000,3.03264996203
453460,458463,460850,5003,2387,2,36000,3.09593632174
453482,458622,461133,5140,2511,2,36000,3.04699322979
453484,458708,461478,5224,2770,2,36000,2.88592057762
453485,458933,461695,5448,2762,2,36000,2.97248370746
453516,459004,461738,5488,2734,2,36000,3.00731528895
453534,458755,461509,5221,2754,2,36000,2.89578794481
453550,458919,461487,5369,2568,2,36000,3.09073208723
453565,458852,461485,5287,2633,2,36000,3.00797569313
453581,458884,461367,5303,2483,2,36000,3.13572291583
453583,458900,461560,5317,2660,2,36000,2.99887218045
453626,458722,461340,5096,2618,2,36000,2.94652406417
453640,453648,453928,8,280,1,1800,1.02857142857
453694,458795,461307,5101,2512,2,36000,3.03065286624
453780,459188,461840,5408,2652,2,36000,3.03921568627
453796,458801,461285,5005,2484,2,36000,3.01489533011
453835,458926,461661,5091,2735,2,36000,2.86142595978
453837,459274,461920,5437,2646,2,36000,3.05479969766
453839,458994,461554,5155,2560,2,36000,3.013671875
453962,459199,461865,5237,2666,2,36000,2.96436609152
454027,459424,462187,5397,2763,2,36000,2.95331161781
454064,459360,461904,5296,2544,2,36000,3.08176100629
454079,459353,461892,5274,2539,2,36000,3.07719574636
454132,459502,462098,5370,2596,2,36000,3.06856702619
454199,459487,462004,5288,2517,2,36000,3.10091378625
454214,459536,462134,5322,2598,2,36000,3.04849884527
454242,459510,462057,5268,2547,2,36000,3.06831566549
454358,459555,462259,5197,2704,2,36000,2.92196745562
454441,459660,462426,5219,2766,2,36000,2.88684020246
454528,459651,462349,5123,2698,2,36000,2.89881393625
454581,454588,454617,7,29,1,1800,1.24137931034
454638,459784,462388,5146,2604,2,36000,2.97619047619
454653,460009,462455,5356,2446,2,36000,3.18969746525
454826,460200,462882,5374,2682,2,36000,3.00372856078
454927,454933,454994,6,61,1,1800,1.09836065574
455688,461028,463747,5340,2719,2,36000,2.96395733726
455735,455742,455862,7,120,1,1800,1.05833333333
455843,461126,463714,5283,2588,2,36000,3.0413446677
455864,461294,464048,5430,2754,2,36000,2.97167755991
455938,461275,464048,5337,2773,2,36000,2.92463036423
455954,461198,463791,5244,2593,2,36000,3.02236791361
455998,461243,463953,5245,2710,2,36000,2.93542435424
456013,461266,464024,5253,2758,2,36000,2.90464104423
456062,461144,463888,5082,2744,2,36000,2.85204081633
456078,460861,463382,4783,2521,2,36000,2.89726299088
456093,461094,463794,5001,2700,2,36000,2.85222222222
456145,461521,464107,5376,2586,2,36000,3.0788863109
456161,461497,464085,5336,2588,2,36000,3.06182380216
456162,461458,464125,5296,2667,2,36000,2.98575178103
456164,461489,463954,5325,2465,2,36000,3.16024340771
456198,461749,464306,5551,2557,2,36000,3.17090340242
456200,461352,463928,5152,2576,2,36000,3.0
456216,461378,463916,5162,2538,2,36000,3.03388494878
456217,461706,464349,5489,2643,2,36000,3.0768066591
456232,461301,463997,5069,2696,2,36000,2.88019287834
456260,461572,464249,5312,2677,2,36000,2.98431079567
456275,461318,463920,5043,2602,2,36000,2.9381245196
456300,461503,464123,5203,2620,2,36000,2.9858778626
456421,461851,464551,5430,2700,2,36000,3.01111111111
456446,461565,464285,5119,2720,2,36000,2.88198529412
456461,461673,464320,5212,2647,2,36000,2.96902153381
456556,461931,464450,5375,2519,2,36000,3.13378324732
456571,461876,464473,5305,2597,2,36000,3.04274162495
456719,462198,464935,5479,2737,2,36000,3.00182681768
456747,461915,464532,5168,2617,2,36000,2.97478028277
456766,462146,464789,5380,2643,2,36000,3.0355656451
456782,461903,464560,5121,2657,2,36000,2.92736168611
456834,462068,464680,5234,2612,2,36000,3.00382848392
456849,462110,464754,5261,2644,2,36000,2.9897881997
456874,462271,464861,5397,2590,2,36000,3.08378378378
456908,462015,464699,5107,2684,2,36000,2.90275707899
457164,462360,464941,5196,2581,2,36000,3.01317318869
457183,462437,465104,5254,2667,2,36000,2.97000374953
457276,462399,464883,5123,2484,2,36000,3.06239935588
457388,462466,465160,5078,2694,2,36000,2.8849294729
457501,462894,465497,5393,2603,2,36000,3.0718401844
458403,463758,466320,5355,2562,2,36000,3.09016393443
458455,463394,466030,4939,2636,2,36000,2.87367223065
458501,463725,466373,5224,2648,2,36000,2.97280966767
458516,464059,466610,5543,2551,2,36000,3.17287338299
458518,463965,466693,5447,2728,2,36000,2.99670087977
458533,463809,466484,5276,2675,2,36000,2.9723364486
458613,463899,466504,5286,2605,2,36000,3.02917466411
458628,463802,466388,5174,2586,2,36000,3.0007733952
458693,463970,466520,5277,2550,2,36000,3.06941176471
458694,464064,466832,5370,2768,2,36000,2.94002890173
458713,463941,466656,5228,2715,2,36000,2.9255985267
458740,464035,466582,5295,2547,2,36000,3.0789163722
458755,464118,466746,5363,2628,2,36000,3.04071537291
458785,463935,466555,5150,2620,2,36000,2.96564885496
458801,464009,466555,5208,2546,2,36000,3.04556166536
458816,464141,466891,5325,2750,2,36000,2.93636363636
458844,464097,466712,5253,2615,2,36000,3.00879541109
458874,463928,466607,5054,2679,2,36000,2.8865248227
458893,464260,466830,5367,2570,2,36000,3.08832684825
458911,464134,466907,5223,2773,2,36000,2.8835196538
458927,464331,466864,5404,2533,2,36000,3.13343861034
458928,464361,467015,5433,2654,2,36000,3.04709871891
458984,464296,466924,5312,2628,2,36000,3.02130898021
458999,464318,466970,5319,2652,2,36000,3.0056561086
459180,464562,467192,5382,2630,2,36000,3.0463878327
459195,464485,467195,5290,2710,2,36000,2.9520295203
459265,464461,467228,5196,2767,2,36000,2.87784604265
459345,464571,467307,5226,2736,2,36000,2.9100877193
459361,464543,467223,5182,2680,2,36000,2.93358208955
459416,464946,467542,5530,2596,2,36000,3.13020030817
459478,464713,467361,5235,2648,2,36000,2.97696374622
459494,464769,467425,5275,2656,2,36000,2.98606927711
459509,464692,467253,5183,2561,2,36000,3.02381882077
459528,464801,467363,5273,2562,2,36000,3.05815768931
459547,464873,467444,5326,2571,2,36000,3.07156748347
459641,464953,467637,5312,2684,2,36000,2.97913561848
459656,465115,467689,5459,2574,2,36000,3.12082362082
459775,464894,467636,5119,2742,2,36000,2.86688548505
460002,465171,467935,5169,2764,2,36000,2.87011577424
460192,465508,468108,5316,2600,2,36000,3.04461538462
460853,466042,468498,5189,2456,2,36000,3.11278501629
461018,466331,468690,5313,2359,2,36000,3.25222551929
461086,466495,469026,5409,2531,2,36000,3.13709996049
461117,466384,469061,5267,2677,2,36000,2.96750093388
461136,466515,468878,5379,2363,2,36000,3.27634363098
461190,466401,468999,5211,2598,2,36000,3.00577367206
461236,466704,469271,5468,2567,2,36000,3.13011297234
461258,466597,469112,5339,2515,2,36000,3.12286282306
461273,466847,469091,5574,2244,2,36000,3.48395721925
461289,466625,469165,5336,2540,2,36000,3.10078740157
461290,466567,468591,5277,2024,2,36000,3.60721343874
461311,466572,468907,5261,2335,2,36000,3.25310492505
461342,466667,469098,5325,2431,2,36000,3.19045660222
461370,466619,469070,5249,2451,2,36000,3.1415748674
461450,466902,469262,5452,2360,2,36000,3.31016949153
461481,466532,468859,5051,2327,2,36000,3.17060593038
461496,466723,469334,5227,2611,2,36000,3.00191497511
461498,466918,469247,5420,2329,2,36000,3.3271790468
461513,466757,469276,5244,2519,2,36000,3.08177848353
461557,466935,469373,5378,2438,2,36000,3.20590648072
461558,466841,469371,5283,2530,2,36000,3.08814229249
461665,466875,469066,5210,2191,2,36000,3.37790963031
461698,467027,469754,5329,2727,2,36000,2.95416208287
461741,466981,503027,5240,36046,2,36000,1.14536980525
461843,467203,470015,5360,2812,2,36000,2.90611664296
461867,467210,469411,5343,2201,2,36000,3.42753293957
461896,467318,470304,5422,2986,2,36000,2.8158070998
461911,467234,469865,5323,2631,2,36000,3.02318510072
461926,467241,469713,5315,2472,2,36000,3.15008090615
462005,467372,469861,5367,2489,2,36000,3.15628766573
462061,467265,469625,5204,2360,2,36000,3.20508474576
462100,467436,469959,5336,2523,2,36000,3.11494252874
462137,467379,469872,5242,2493,2,36000,3.10268752507
462189,467553,470365,5364,2812,2,36000,2.90753911807
462262,467455,470082,5193,2627,2,36000,2.9767795965
462347,467649,470317,5302,2668,2,36000,2.98725637181
462390,467654,470142,5264,2488,2,36000,3.11575562701
462430,467700,470006,5270,2306,2,36000,3.28534258456
462457,467946,470367,5489,2421,2,36000,3.26724494011
462548,481521,486662,18973,5141,2,72000,4.6905271348
462884,468119,470597,5235,2478,2,36000,3.11259079903
463078,488329,776368,25251,288039,1,288000,1.087665212
463384,468510,471058,5126,2548,2,36000,3.01177394035
463716,469072,471419,5356,2347,2,36000,3.28206220707
463750,468701,471393,4951,2692,2,36000,2.83915304606
463793,469011,471348,5218,2337,2,36000,3.23277706461
463809,469038,471554,5229,2516,2,36000,3.07829888712
463891,468890,471132,4999,2242,2,36000,3.22970561998
463919,469084,471840,5165,2756,2,36000,2.87409288824
463935,468919,471661,4984,2742,2,36000,2.81765134938
463936,469109,471532,5173,2423,2,36000,3.13495666529
463955,468870,471493,4915,2623,2,36000,2.87380861609
463956,469282,471855,5326,2573,2,36000,3.06995724835
463999,468603,471046,4604,2443,2,36000,2.88456815391
464027,469123,471587,5096,2464,2,36000,3.06818181818
464052,469102,471584,5050,2482,2,36000,3.03464947623
464053,469176,471633,5123,2457,2,36000,3.08506308506
464087,469345,471886,5258,2541,2,36000,3.06926406926
464109,469289,472026,5180,2737,2,36000,2.8925831202
464124,469258,471711,5134,2453,2,36000,3.09294741133
464140,469274,471802,5134,2528,2,36000,3.03085443038
464252,469381,472009,5129,2628,2,36000,2.95167427702
464286,469388,471868,5102,2480,2,36000,3.05725806452
464308,505472,507461,41164,1989,2,36000,21.6958270488
464323,469078,471526,4755,2448,2,36000,2.94240196078
464351,469765,472559,5414,2794,2,36000,2.93772369363
464452,469725,472161,5273,2436,2,36000,3.16461412151
464477,469422,472077,4945,2655,2,36000,2.86252354049
464535,469879,472355,5344,2476,2,36000,3.15831987076
464550,470027,472438,5477,2411,2,36000,3.2716715056
464566,470315,472793,5749,2478,2,36000,3.32001614205
464682,469636,472061,4954,2425,2,36000,3.04288659794
464688,464700,464734,12,34,1,36000,1.35294117647
464701,469873,472322,5172,2449,2,36000,3.11188240098
464756,469970,472481,5214,2511,2,36000,3.07646356033
464757,464763,464926,6,163,1,36000,1.03680981595
464793,469885,472288,5092,2403,2,36000,3.1190178943
464833,481888,484785,17055,2897,2,72000,6.88712461167
464863,470093,472518,5230,2425,2,36000,3.15670103093
464885,470153,472563,5268,2410,2,36000,3.18589211618
464937,470376,472827,5439,2451,2,36000,3.21909424725
464952,470329,472618,5377,2289,2,36000,3.34906072521
465027,465035,465312,8,277,1,36000,1.02888086643
465105,470017,472378,4912,2361,2,36000,3.08047437526
465119,482532,484711,17413,2179,2,72000,8.99128040385
465163,470382,472804,5219,2422,2,36000,3.15483071841
465331,465337,466018,6,681,1,36000,1.00881057269
465500,470608,472984,5108,2376,2,36000,3.14983164983
465696,484797,487869,19101,3072,2,72000,7.2177734375
466033,471070,473784,5037,2714,2,36000,2.85593220339
466059,466065,466232,6,167,15,57600,1.03592814371
466278,466285,466974,7,689,1,36000,1.01015965167
466329,471404,474121,5075,2717,2,36000,2.86786897313
466375,471430,474114,5055,2684,2,36000,2.88338301043
466388,466395,466535,7,140,15,57600,1.05
466390,471360,474111,4970,2751,2,36000,2.80661577608
466432,466438,466451,6,13,15,57600,1.46153846154
466488,471565,473800,5077,2235,2,36000,3.27158836689
466506,471146,473735,4640,2589,2,36000,2.79219775975
466522,471504,474217,4982,2713,2,36000,2.83634353115
466559,471673,474141,5114,2468,2,36000,3.07212317666
466560,471058,473560,4498,2502,2,36000,2.79776179057
466570,466579,479185,9,12606,15,57600,1.00071394574
466585,471602,474004,5017,2402,2,36000,3.08867610325
466585,466591,466604,6,13,15,57600,1.46153846154
466609,471851,474315,5242,2464,2,36000,3.12743506494
466625,471644,474018,5019,2374,2,36000,3.11415332772
466658,471543,473949,4885,2406,2,36000,3.03034081463
466695,471867,474373,5172,2506,2,36000,3.06384676776
466714,471897,474505,5183,2608,2,36000,2.98734662577
466748,472038,474568,5290,2530,2,36000,3.09090909091
466834,472020,474441,5186,2421,2,36000,3.14209004544
466835,471595,473939,4760,2344,2,36000,3.03071672355
466866,471537,474291,4671,2754,2,36000,2.69607843137
466893,471813,474282,4920,2469,2,36000,2.99270959903
466908,471722,474256,4814,2534,2,36000,2.89976322021
466927,471879,474191,4952,2312,2,36000,3.14186851211
466973,503039,505460,36066,2421,2,36000,15.897149938
467019,472570,474809,5551,2239,2,36000,3.47923179991
467040,467046,467897,6,851,1,36000,1.00705052879
467195,472449,474854,5254,2405,2,36000,3.18461538462
467210,472089,474672,4879,2583,2,36000,2.88888888889
467225,472366,474980,5141,2614,2,36000,2.96671767406
467240,472173,474738,4933,2565,2,36000,2.92319688109
467256,472072,474733,4816,2661,2,36000,2.80984592259
467307,472805,475233,5498,2428,2,36000,3.26441515651
467363,472333,474865,4970,2532,2,36000,2.96287519747
467378,472299,474863,4921,2564,2,36000,2.91926677067
467427,472492,475223,5065,2731,2,36000,2.85463200293
467445,472529,474913,5084,2384,2,36000,3.13255033557
467544,472839,475244,5295,2405,2,36000,3.20166320166
467639,472576,474901,4937,2325,2,36000,3.12344086022
467641,472629,475119,4988,2490,2,36000,3.00321285141
467690,472389,474859,4699,2470,2,36000,2.9024291498
467932,472816,475311,4884,2495,2,36000,2.95751503006
468111,472995,475625,4884,2630,2,36000,2.85703422053
468502,473795,476232,5293,2437,2,36000,3.17193270414
468593,473572,476283,4979,2711,2,36000,2.83659166359
468692,474134,476546,5442,2412,2,36000,3.25621890547
468821,522520,536603,53699,14083,4,72000,4.81303699496
468860,474228,476563,5368,2335,2,36000,3.29892933619
468882,473746,476253,4864,2507,2,36000,2.94016753091
468910,474152,476881,5242,2729,2,36000,2.92085012825
469001,474122,476823,5121,2701,2,36000,2.89596445761
469029,473811,476279,4782,2468,2,36000,2.9376012966
469063,474128,476630,5065,2502,2,36000,3.0243804956
469079,474302,476819,5223,2517,2,36000,3.07508939213
469080,474326,477013,5246,2687,2,36000,2.95236323037
469096,473950,476313,4854,2363,2,36000,3.05416842996
469111,473960,476667,4849,2707,2,36000,2.79128186184
469126,474015,476229,4889,2214,2,36000,3.20822041554
469145,469152,469578,7,426,2,43200,1.01643192488
469167,474030,476594,4863,2564,2,36000,2.89664586583
469249,474267,476915,5018,2648,2,36000,2.89501510574
469265,474294,476836,5029,2542,2,36000,2.97836349331
469280,474384,476760,5104,2376,2,36000,3.14814814815
469281,474579,477149,5298,2570,2,36000,3.06147859922
469337,474516,476790,5179,2274,2,36000,3.27748460862
469374,474453,476890,5079,2437,2,36000,3.08411981945
469375,474202,476814,4827,2612,2,36000,2.84800918836
469413,474684,477279,5271,2595,2,36000,3.03121387283
469435,469446,491311,11,21865,10,43200,1.00050308713
469567,469574,473161,7,3587,4,28800,1.0019514915
469626,474744,477354,5118,2610,2,36000,2.96091954023
469715,474751,477187,5036,2436,2,36000,3.06732348112
469756,474820,477051,5064,2231,2,36000,3.26983415509
469863,474878,477411,5015,2533,2,36000,2.97986577181
469879,474991,477469,5112,2478,2,36000,3.06295399516
469880,474883,477316,5003,2433,2,36000,3.05630908344
469960,475234,477641,5274,2407,2,36000,3.19110926464
470010,474871,477452,4861,2581,2,36000,2.88337853545
470025,474865,477612,4840,2747,2,36000,2.76192209683
470084,474925,477611,4841,2686,2,36000,2.80230826508
470145,474913,477251,4768,2338,2,36000,3.03934987169
470215,470221,471240,6,1019,1,36000,1.00588812561
470305,475244,477733,4939,2489,2,36000,2.98433105665
470321,475130,477429,4809,2299,2,36000,3.09177903436
470367,475322,477770,4955,2448,2,36000,3.02410130719
470368,475255,477664,4887,2409,2,36000,3.02864259029
470395,470402,470604,7,202,6,3600,1.03465346535
470444,470451,471291,7,840,2,28800,1.00833333333
470599,475636,478212,5037,2576,2,36000,2.95535714286
470623,470629,470765,6,136,8,3600,1.04411764706
470704,470711,471457,7,746,2,28800,1.00938337802
471050,476297,478874,5247,2577,2,36000,3.03608847497
471066,476247,478750,5181,2503,2,36000,3.06991610068
471134,471140,472808,6,1668,2,43200,1.0035971223
471134,476265,478651,5131,2386,2,36000,3.15046102263
471227,536073,536086,64846,13,15,57600,4989.15384615
471351,476839,479284,5488,2445,2,36000,3.2445807771
471391,476557,478964,5166,2407,2,36000,3.14624013295
471422,476641,479192,5219,2551,2,36000,3.04586436691
471427,471437,472631,10,1194,2,43200,1.00837520938
471495,476574,479265,5079,2691,2,36000,2.88740245262
471529,476832,479264,5303,2432,2,36000,3.18050986842
471544,476678,479307,5134,2629,2,36000,2.9528337771
471560,476290,478907,4730,2617,2,36000,2.8074130684
471588,476324,478820,4736,2496,2,36000,2.89743589744
471589,476241,478941,4652,2700,2,36000,2.72296296296
471636,476605,478982,4969,2377,2,36000,3.09045014724
471664,476892,479430,5228,2538,2,36000,3.05988967691
471713,476926,479458,5213,2532,2,36000,3.05884676145
471729,471736,503010,7,31274,14,43200,1.0002238281
471789,471796,477195,7,5399,2,14400,1.0012965364
471805,476847,479298,5042,2451,2,36000,3.05711954304
471842,477024,479542,5182,2518,2,36000,3.05798252581
471858,476771,479152,4913,2381,2,36000,3.06341873163
471873,476825,479254,4952,2429,2,36000,3.03869905311
471889,476801,479157,4912,2356,2,36000,3.08488964346
472011,476901,479417,4890,2516,2,36000,2.94356120827
472030,477161,479574,5131,2413,2,36000,3.12639867385
472048,472055,473319,7,1264,2,43200,1.00553797468
472064,477365,480075,5301,2710,2,36000,2.95608856089
472079,477290,479836,5211,2546,2,36000,3.04673998429
472165,477199,479860,5034,2661,2,36000,2.89177001127
472291,477327,479826,5036,2499,2,36000,3.01520608243
472297,472305,473969,8,1664,2,43200,1.00480769231
472325,477422,479866,5097,2444,2,36000,3.08551554828
472359,477480,479909,5121,2429,2,36000,3.10827501029
472381,477463,480241,5082,2778,2,36000,2.82937365011
472436,477623,479952,5187,2329,2,36000,3.22713610992
472483,477652,480226,5169,2574,2,36000,3.00815850816
472520,477628,480239,5108,2611,2,36000,2.9563385676
472560,477062,479641,4502,2579,2,36000,2.74563784413
472575,477262,479673,4687,2411,2,36000,2.94400663625
472621,477441,479844,4820,2403,2,36000,3.00582605077
472671,472677,472987,6,310,8,3600,1.01935483871
472796,477744,480194,4948,2450,2,36000,3.01959183673
472812,477781,480049,4969,2268,2,36000,3.19091710758
472831,477675,480325,4844,2650,2,36000,2.8279245283
472987,478224,480556,5237,2332,2,36000,3.24571183533
473185,473191,505233,6,32042,12,43200,1.00018725423
473278,473284,502122,6,28838,4,28800,1.00020805881
473563,478886,481395,5323,2509,2,36000,3.12156237545
473736,478662,480944,4926,2282,2,36000,3.15863277826
473786,478761,481221,4975,2460,2,36000,3.02235772358
473804,478918,481470,5114,2552,2,36000,3.0039184953
473942,478832,481417,4890,2585,2,36000,2.8916827853
473957,479319,481831,5362,2512,2,36000,3.13455414013
474006,478952,481208,4946,2256,2,36000,3.19237588652
474022,478994,481758,4972,2764,2,36000,2.7988422576
474037,474043,488705,6,14662,14,43200,1.00040922112
474114,479295,481538,5181,2243,2,36000,3.30985287561
474116,479204,481555,5088,2351,2,36000,3.164185453
474131,478975,481416,4844,2441,2,36000,2.98443260959
474147,479441,481957,5294,2516,2,36000,3.10413354531
474193,479266,481267,5073,2001,2,36000,3.53523238381
474221,479281,481861,5060,2580,2,36000,2.96124031008
474258,479470,481997,5212,2527,2,36000,3.06252473288
474286,479310,481773,5024,2463,2,36000,3.03978887536
474301,479275,481721,4974,2446,2,36000,3.03352412101
474317,479553,482001,5236,2448,2,36000,3.13888888889
474376,479163,481638,4787,2475,2,36000,2.93414141414
474443,479429,482050,4986,2621,2,36000,2.90232735597
474498,474504,489386,6,14882,14,43200,1.00040317162
474508,479170,481389,4662,2219,2,36000,3.10094637224
474570,479585,482077,5015,2492,2,36000,3.01243980738
474675,479847,482373,5172,2526,2,36000,3.04750593824
474733,480086,482719,5353,2633,2,36000,3.03304215724
474749,479871,482330,5122,2459,2,36000,3.08296055307
474811,479652,482316,4841,2664,2,36000,2.81719219219
474857,479963,482507,5106,2544,2,36000,3.0070754717
474873,480257,482682,5384,2425,2,36000,3.22020618557
474875,479877,482241,5002,2364,2,36000,3.11590524535
474876,479838,482479,4962,2641,2,36000,2.87883377509
474904,479684,482309,4780,2625,2,36000,2.82095238095
474920,480250,482826,5330,2576,2,36000,3.06909937888
474982,479921,482635,4939,2714,2,36000,2.81982313928
475121,479856,482196,4735,2340,2,36000,3.0235042735
475225,480237,482510,5012,2273,2,36000,3.20501539815
475241,480205,482483,4964,2278,2,36000,3.17910447761
475256,480336,482761,5080,2425,2,36000,3.09484536082
475312,480060,482136,4748,2076,2,36000,3.28709055877
475343,475349,475372,6,23,2,7200,1.26086956522
475593,475599,475614,6,15,2,7200,1.4
475628,480567,482900,4939,2333,2,36000,3.11701671667
476233,481219,483983,4986,2764,2,36000,2.80390738061
476235,481233,484156,4998,2923,2,36000,2.70988710229
476257,480955,483392,4698,2437,2,36000,2.92778005745
476282,481482,483986,5200,2504,2,36000,3.07667731629
476297,481407,483801,5110,2394,2,36000,3.13450292398
476316,481434,483946,5118,2512,2,36000,3.03742038217
476549,481427,483955,4878,2528,2,36000,2.92958860759
476564,481873,484309,5309,2436,2,36000,3.17939244663
476595,481770,484272,5175,2502,2,36000,3.06834532374
476632,481566,484200,4934,2634,2,36000,2.87319665907
476670,481842,484394,5172,2552,2,36000,3.02664576803
476761,481650,484325,4889,2675,2,36000,2.8276635514
476792,481400,483936,4608,2536,2,36000,2.81703470032
476817,481278,483698,4461,2420,2,36000,2.84338842975
476833,481737,484135,4904,2398,2,36000,3.04503753128
476834,481549,484164,4715,2615,2,36000,2.80305927342
476850,481784,484434,4934,2650,2,36000,2.86188679245
476884,481969,484566,5085,2597,2,36000,2.95802849442
476899,482061,484453,5162,2392,2,36000,3.15802675585
476918,482008,484388,5090,2380,2,36000,3.13865546218
477015,482016,484486,5001,2470,2,36000,3.02469635628
477052,482327,484670,5275,2343,2,36000,3.25138711054
477151,482089,484376,4938,2287,2,36000,3.15916047223
477191,482341,484672,5150,2331,2,36000,3.20935220935
477253,482320,484930,5067,2610,2,36000,2.94137931034
477282,482384,484945,5102,2561,2,36000,2.99219055057
477319,482490,484946,5171,2456,2,36000,3.10545602606
477356,482731,485412,5375,2681,2,36000,3.00484893696
477370,481241,523259,3871,42018,2,108000,1.09212718359
477415,482252,484457,4837,2205,2,36000,3.19365079365
477430,482207,484597,4777,2390,2,36000,2.99874476987
477456,482694,485169,5238,2475,2,36000,3.11636363636
477471,482647,484841,5176,2194,2,36000,3.35916134913
477613,482838,485383,5225,2545,2,36000,3.05304518664
477615,482518,485184,4903,2666,2,36000,2.83908477119
477643,482524,485216,4881,2692,2,36000,2.81315007429
477668,482772,484985,5104,2213,2,36000,3.30637144148
477737,482497,484985,4760,2488,2,36000,2.91318327974
477771,482147,484407,4376,2260,2,36000,2.93628318584
478100,508776,681579,30676,172803,4,172800,1.1775200662
478100,507889,680693,29789,172804,4,172800,1.17238605588
478101,509680,682495,31579,172815,4,172800,1.18273298035
478101,508996,681823,30895,172827,4,172800,1.17876257761
478101,515730,688567,37629,172837,4,172800,1.21771379971
478102,521591,694419,43489,172828,4,172800,1.25163168005
478216,482912,485411,4696,2499,2,36000,2.87915166066
478364,478370,479888,6,1518,14,1800,1.00395256917
478653,483403,485417,4750,2014,2,36000,3.35849056604
478751,484168,486537,5417,2369,2,36000,3.28661882651
478824,483957,486569,5133,2612,2,36000,2.96516079632
478878,483812,486177,4934,2365,2,36000,3.08625792812
478909,484001,486557,5092,2556,2,36000,2.99217527387
478948,483995,486589,5047,2594,2,36000,2.94564379337
478965,483966,486200,5001,2234,2,36000,3.23858549687
478984,484283,486952,5299,2669,2,36000,2.98538778569
479154,484337,487061,5183,2724,2,36000,2.90271659325
479169,483948,486175,4779,2227,2,36000,3.14593623709
479194,484211,486721,5017,2510,2,36000,2.99880478088
479256,483711,486438,4455,2727,2,36000,2.63366336634
479272,484150,486642,4878,2492,2,36000,2.95746388443
479273,484321,486968,5048,2647,2,36000,2.90706460144
479290,484175,486896,4885,2721,2,36000,2.79529584712
479305,484445,486900,5140,2455,2,36000,3.09368635438
479323,484406,486839,5083,2433,2,36000,3.08919030004
479419,484465,486928,5046,2463,2,36000,3.04872107186
479435,484577,487100,5142,2523,2,36000,3.03804994055
479460,484400,487195,4940,2795,2,36000,2.76744186047
479525,479531,480806,6,1275,1,36000,1.00470588235
479544,484497,487127,4953,2630,2,36000,2.88326996198
479578,484388,487028,4810,2640,2,36000,2.82196969697
479642,484681,487291,5039,2610,2,36000,2.930651341
479675,484942,487392,5267,2450,2,36000,3.14979591837
479828,484962,487099,5134,2137,2,36000,3.40243331774
479843,484956,487455,5113,2499,2,36000,3.04601840736
479859,484608,486847,4749,2239,2,36000,3.12103617686
479874,484687,487318,4813,2631,2,36000,2.82934245534
479876,484471,487203,4595,2732,2,36000,2.68191800878
479912,484852,486991,4940,2139,2,36000,3.30949041608
479955,485195,487571,5240,2376,2,36000,3.20538720539
479989,479995,479997,6,2,14,1800,1.0
480010,480017,523263,7,43246,14,43200,1.00016186468
480050,484418,486984,4368,2566,2,36000,2.70226032736
480078,485428,487918,5350,2490,2,36000,3.14859437751
480195,484996,487503,4801,2507,2,36000,2.9150378939
480229,485227,487740,4998,2513,2,36000,2.98885793872
480245,485394,487889,5149,2495,2,36000,3.06372745491
480246,485180,487751,4934,2571,2,36000,2.91909762738
480327,485002,487553,4675,2551,2,36000,2.83261466092
480559,485422,487985,4863,2563,2,36000,2.89738587593
480665,537751,578873,57086,41122,15,57600,2.38821069014
480946,485433,487941,4487,2508,2,36000,2.78907496013
481210,486601,489182,5391,2581,2,36000,3.08872530027
481225,486548,488965,5323,2417,2,36000,3.2023169218
481269,486449,488788,5180,2339,2,36000,3.21462163318
481391,486186,488835,4795,2649,2,36000,2.81011702529
481407,486192,488582,4785,2390,2,36000,3.00209205021
481423,486211,488609,4788,2398,2,36000,2.99666388657
481424,486580,489169,5156,2589,2,36000,2.99150251062
481474,486569,488930,5095,2361,2,36000,3.15798390512
481539,486907,489375,5368,2468,2,36000,3.17504051864
481555,486733,489220,5178,2487,2,36000,3.082026538
481641,487073,489789,5432,2716,2,36000,3.0
481725,486653,489362,4928,2709,2,36000,2.81912144703
481762,486964,489521,5202,2557,2,36000,3.03441533047
481778,486914,489345,5136,2431,2,36000,3.11271081859
481834,486851,489217,5017,2366,2,36000,3.12045646661
481865,486979,489157,5114,2178,2,36000,3.34802571166
481960,487111,489868,5151,2757,2,36000,2.8683351469
482000,487206,489693,5206,2487,2,36000,3.09328508243
482015,487139,489615,5124,2476,2,36000,3.06946688207
482052,486939,489200,4887,2261,2,36000,3.16143299425
482080,487040,489640,4960,2600,2,36000,2.90769230769
482139,486995,489316,4856,2321,2,36000,3.09220163723
482197,486858,489369,4661,2511,2,36000,2.85623257666
482244,487214,489679,4970,2465,2,36000,3.01622718053
482312,487403,489762,5091,2359,2,36000,3.15811784655
482328,487302,489699,4974,2397,2,36000,3.07509386733
482343,487329,489809,4986,2480,2,36000,3.01048387097
482374,487466,489731,5092,2265,2,36000,3.24812362031
482483,487116,489716,4633,2600,2,36000,2.78192307692
482498,487514,489968,5016,2454,2,36000,3.04400977995
482514,487582,490004,5068,2422,2,36000,3.09248554913
482516,487751,490479,5235,2728,2,36000,2.91898826979
482639,487002,489571,4363,2569,2,36000,2.69832619696
482686,487762,490264,5076,2502,2,36000,3.02877697842
482723,487929,490643,5206,2714,2,36000,2.91820191599
482763,487564,490074,4801,2510,2,36000,2.91274900398
482828,487901,490406,5073,2505,2,36000,3.0251497006
482902,487997,490687,5095,2690,2,36000,2.89405204461
483394,487952,490569,4558,2617,2,36000,2.74168895682
483516,501335,789347,17819,288012,1,288000,1.0618689499
483524,501340,789351,17816,288011,1,288000,1.06185874845
483531,502112,790143,18581,288031,1,288000,1.06451041728
483702,488799,491446,5097,2647,2,36000,2.92557612391
483751,486674,488807,2923,2133,2,72000,2.37037037037
483804,488593,491038,4789,2445,2,36000,2.95869120654
483939,488846,491374,4907,2528,2,36000,2.94106012658
483954,489180,491570,5226,2390,2,36000,3.18661087866
483970,488621,491034,4651,2413,2,36000,2.92747617074
483985,489193,491818,5208,2625,2,36000,2.984
484001,488941,491398,4940,2457,2,36000,3.01058201058
484139,489373,492062,5234,2689,2,36000,2.94644849386
484158,488977,491335,4819,2358,2,36000,3.04368108567
484173,489387,491780,5214,2393,2,36000,3.17885499373
484204,489236,491683,5032,2447,2,36000,3.05639558643
484275,489532,492096,5257,2564,2,36000,3.05031201248
484313,489168,491683,4855,2515,2,36000,2.93041749503
484328,489800,492445,5472,2645,2,36000,3.06880907372
484378,489652,492033,5274,2381,2,36000,3.21503569929
484394,489704,492041,5310,2337,2,36000,3.27214377407
484395,489229,491992,4834,2763,2,36000,2.7495475932
484412,489327,491615,4915,2288,2,36000,3.14816433566
484436,489356,491556,4920,2200,2,36000,3.23636363636
484455,489211,491592,4756,2381,2,36000,2.9974800504
484471,489691,491944,5220,2253,2,36000,3.31691078562
484489,489626,491863,5137,2237,2,36000,3.29637907912
484569,489879,492332,5310,2453,2,36000,3.16469629026
484600,489381,491760,4781,2379,2,36000,3.0096679277
484673,489711,492139,5038,2428,2,36000,3.07495881384
484674,489820,492442,5146,2622,2,36000,2.96262395118
484845,489582,492291,4737,2709,2,36000,2.74861572536
484932,489773,492206,4841,2433,2,36000,2.98972461981
484948,489743,492304,4795,2561,2,36000,2.87231550176
484949,489727,491974,4778,2247,2,36000,3.12639074321
484987,490085,492540,5098,2455,2,36000,3.07657841141
484988,489980,492334,4992,2354,2,36000,3.12064570943
485171,490275,492753,5104,2478,2,36000,3.05972558515
485187,490015,492359,4828,2344,2,36000,3.05972696246
485218,490490,492949,5272,2459,2,36000,3.14396095974
485385,490417,492852,5032,2435,2,36000,3.06652977413
485413,490699,493087,5286,2388,2,36000,3.2135678392
485414,490654,493099,5240,2445,2,36000,3.14314928425
485430,490581,493038,5151,2457,2,36000,3.09645909646
485961,487881,493385,1920,5504,2,108000,1.3488372093
486178,491385,493999,5207,2614,2,36000,2.99196633512
486179,491052,493599,4873,2547,2,36000,2.91323125245
486201,491045,493755,4844,2710,2,36000,2.78745387454
486442,491457,493796,5015,2339,2,36000,3.1440786661
486539,491346,493765,4807,2419,2,36000,2.9871847871
486561,491410,493972,4849,2562,2,36000,2.89266198283
486576,491581,494035,5005,2454,2,36000,3.03952730236
486592,491829,494083,5237,2254,2,36000,3.32342502218
486644,492072,494495,5428,2423,2,36000,3.24019810153
486723,491695,494106,4972,2411,2,36000,3.06221484861
486843,492003,494464,5160,2461,2,36000,3.09670865502
486859,491771,494189,4912,2418,2,36000,3.03143093466
486899,491791,494325,4892,2534,2,36000,2.93054459353
486915,491567,494323,4652,2756,2,36000,2.68795355588
486930,491603,493764,4673,2161,2,36000,3.16242480333
486955,492107,494676,5152,2569,2,36000,3.00544959128
486970,491700,494321,4730,2621,2,36000,2.80465471194
486986,491626,494268,4640,2642,2,36000,2.75624526874
487001,492303,494909,5302,2606,2,36000,3.03453568688
487032,492044,494615,5012,2571,2,36000,2.94943601711
487063,492460,494874,5397,2414,2,36000,3.23570836785
487095,488819,493216,1724,4397,2,108000,1.39208551285
487103,492344,494897,5241,2553,2,36000,3.05287896592
487104,491986,494610,4882,2624,2,36000,2.86051829268
487129,491875,494501,4746,2626,2,36000,2.80731150038
487197,492052,494752,4855,2700,2,36000,2.79814814815
487212,491955,494457,4743,2502,2,36000,2.89568345324
487295,492151,494610,4856,2459,2,36000,2.97478649858
487320,492453,494824,5133,2371,2,36000,3.16490932096
487394,492217,494433,4823,2216,2,36000,3.17644404332
487458,492315,494678,4857,2363,2,36000,3.05543800254
487504,492351,494939,4847,2588,2,36000,2.8728748068
487556,492551,495014,4995,2463,2,36000,3.02801461632
487572,492370,494829,4798,2459,2,36000,2.95119967466
487706,493229,496756,5523,3527,2,108000,2.56592004536
487740,492961,495462,5221,2501,2,36000,3.08756497401
487755,492764,495353,5009,2589,2,36000,2.9347238316
487893,492863,495206,4970,2343,2,36000,3.12121212121
487921,493110,495556,5189,2446,2,36000,3.12142273099
487943,493049,495362,5106,2313,2,36000,3.2075226978
487988,493099,495384,5111,2285,2,36000,3.23676148796
488322,537746,573996,49424,36250,70,43199,2.36342068966
488585,493610,495972,5025,2362,2,36000,3.12743437765
488613,493766,496336,5153,2570,2,36000,3.00505836576
488658,493397,499038,4739,5641,2,108000,1.84009927318
488791,493807,496192,5016,2385,2,36000,3.10314465409
488837,494011,496372,5174,2361,2,36000,3.19144430326
488931,493984,496508,5053,2524,2,36000,3.00198098257
488969,493776,496216,4807,2440,2,36000,2.97008196721
489159,494332,496969,5173,2637,2,36000,2.96169890027
489174,494047,496529,4873,2482,2,36000,2.96333601934
489189,494095,496560,4906,2465,2,36000,2.99026369168
489205,493781,496164,4576,2383,2,36000,2.92026856903
489221,494475,497178,5254,2703,2,36000,2.94376618572
489222,494117,496750,4895,2633,2,36000,2.85909608811
489320,494280,496817,4960,2537,2,36000,2.95506503745
489348,494338,496846,4990,2508,2,36000,2.98963317384
489363,494506,497021,5143,2515,2,36000,3.0449304175
489379,494200,496754,4821,2554,2,36000,2.88762725137
489380,494343,496930,4963,2587,2,36000,2.91843834557
489524,494687,497239,5163,2552,2,36000,3.02311912226
489573,494920,497465,5347,2545,2,36000,3.10098231827
489616,494512,496874,4896,2362,2,36000,3.07281964437
489644,494633,497118,4989,2485,2,36000,3.00764587525
489681,494469,497131,4788,2662,2,36000,2.79864763336
489696,494763,497304,5067,2541,2,36000,2.99409681228
489712,494621,496940,4909,2319,2,36000,3.11686071583
489727,494626,496980,4899,2354,2,36000,3.08113848768
489742,494694,497306,4952,2612,2,36000,2.89586523737
489764,494445,496938,4681,2493,2,36000,2.87765744083
489792,494886,497323,5094,2437,2,36000,3.09027492819
489811,494835,497288,5024,2453,2,36000,3.04810436201
489872,494908,497433,5036,2525,2,36000,2.99445544554
489970,494950,497544,4980,2594,2,36000,2.91981495759
490007,494841,497449,4834,2608,2,36000,2.85352760736
490078,495025,497454,4947,2429,2,36000,3.03664059284
490265,495364,497612,5099,2248,2,36000,3.26823843416
490408,495217,497836,4809,2619,2,36000,2.83619702176
490482,495473,497687,4991,2214,2,36000,3.25429087624
490571,495373,498024,4802,2651,2,36000,2.81139192757
490644,495567,497997,4923,2430,2,36000,3.02592592593
490691,495395,498059,4704,2664,2,36000,2.76576576577
490953,496773,502100,5820,5327,2,90000,2.09254740004
491038,496348,498466,5310,2118,2,36000,3.50708215297
491040,495983,498816,4943,2833,2,36000,2.74479350512
491306,536097,559749,44791,23652,14,43200,2.89375105699
491337,496227,498833,4890,2606,2,36000,2.87643898695
491369,496854,499133,5485,2279,2,72000,3.40675734971
491377,496383,498935,5006,2552,2,36000,2.96159874608
491402,496519,499031,5117,2512,2,36000,3.03702229299
491448,496203,498596,4755,2393,2,36000,2.98704554952
491558,496860,499204,5302,2344,2,36000,3.26194539249
491573,496540,499203,4967,2663,2,36000,2.86518963575
491595,496176,498758,4581,2582,2,36000,2.77420604183
491617,496830,499440,5213,2610,2,36000,2.99731800766
491685,496761,498976,5076,2215,2,36000,3.29164785553
491686,496980,499413,5294,2433,2,36000,3.17591450884
491762,496767,499122,5005,2355,2,36000,3.12526539278
491781,496941,499397,5160,2456,2,36000,3.1009771987
491821,496571,498994,4750,2423,2,36000,2.96037969459
491867,496885,499246,5018,2361,2,36000,3.12537060568
491947,497142,499751,5195,2609,2,36000,2.99118436182
491978,496991,499582,5013,2591,2,36000,2.93477421845
492002,497189,499910,5187,2721,2,36000,2.90628445424
492036,497130,499787,5094,2657,2,36000,2.91719984945
492051,497315,499893,5264,2578,2,36000,3.04189294026
492067,497032,499666,4965,2634,2,36000,2.88496583144
492098,497250,499926,5152,2676,2,36000,2.92526158445
492141,496955,499706,4814,2751,2,36000,2.74990912395
492208,496949,499539,4741,2590,2,36000,2.8305019305
492294,497477,499999,5183,2522,2,36000,3.0551149881
492310,497321,499932,5011,2611,2,36000,2.91918805056
492334,497444,500186,5110,2742,2,36000,2.86360320934
492336,497556,500135,5220,2579,2,36000,3.02404032571
492361,497460,500176,5099,2716,2,36000,2.87739322533
492444,497299,499885,4855,2586,2,36000,2.87741686002
492459,497334,499783,4875,2449,2,36000,2.9906084116
492509,537756,561941,45247,24185,14,43200,2.8708703742
492542,497467,500305,4925,2838,2,36000,2.73537702607
492756,497623,500062,4867,2439,2,36000,2.9954899549
492854,497847,500425,4993,2578,2,36000,2.93677269201
492952,497699,500484,4747,2785,2,36000,2.70448833034
493040,498035,500720,4995,2685,2,36000,2.86033519553
493066,493072,498358,6,5286,2,14400,1.00113507378
493089,498070,500647,4981,2577,2,36000,2.93286767559
493105,498008,500707,4903,2699,2,36000,2.81659874027
493601,498827,501526,5226,2699,2,36000,2.93627269359
493757,498478,501075,4721,2597,2,36000,2.81786676935
493773,498844,501410,5071,2566,2,36000,2.97622759158
493774,498770,501512,4996,2742,2,36000,2.82202771699
493799,498608,501317,4809,2709,2,36000,2.77519379845
493976,499043,501762,5067,2719,2,36000,2.86355277676
494001,498946,501621,4945,2675,2,36000,2.84859813084
494038,499214,501700,5176,2486,2,36000,3.08205953339
494087,499005,501795,4918,2790,2,36000,2.76272401434
494108,498987,501631,4879,2644,2,36000,2.84531013616
494191,499133,501797,4942,2664,2,36000,2.85510510511
494270,499451,502182,5181,2731,2,36000,2.89710728671
494323,499424,502093,5101,2669,2,36000,2.91120269764
494325,499409,502180,5084,2771,2,36000,2.83471670877
494341,499220,501956,4879,2736,2,36000,2.78326023392
494435,499550,502130,5115,2580,2,36000,2.98255813953
494460,499762,502457,5302,2695,2,36000,2.96734693878
494476,499921,502528,5445,2607,2,36000,3.08860759494
494497,499678,502345,5181,2667,2,36000,2.94263217098
494513,499257,501944,4744,2687,2,36000,2.76553777447
494548,497740,506361,3192,8621,2,108000,1.37025867069
494614,499593,502464,4979,2871,2,36000,2.73423894114
494616,499717,502351,5101,2634,2,36000,2.93659832954
494631,499798,502310,5167,2512,2,36000,3.05692675159
494678,499937,502526,5259,2589,2,36000,3.03128621089
494679,499943,502527,5264,2584,2,36000,3.03715170279
494720,499145,526280,4425,27135,2,28800,1.16307352128
494756,499904,502479,5148,2575,2,36000,2.99922330097
494826,499897,502260,5071,2363,2,36000,3.14600084638
494841,500188,502931,5347,2743,2,36000,2.94932555596
494878,499803,502376,4925,2573,2,36000,2.91410804508
494900,500198,502929,5298,2731,2,36000,2.93994873673
494915,500011,502613,5096,2602,2,36000,2.95849346656
494943,500146,502855,5203,2709,2,36000,2.92063492063
495017,500316,502982,5299,2666,2,36000,2.98762190548
495207,500437,503061,5230,2624,2,36000,2.9931402439
495227,499050,507878,3823,8828,2,108000,1.43305391935
495355,500073,502692,4718,2619,2,36000,2.80145093547
495370,500731,503270,5361,2539,2,36000,3.1114612052
495386,500658,503088,5272,2430,2,36000,3.1695473251
495466,500495,503201,5029,2706,2,36000,2.85846267554
495558,500718,503297,5160,2579,2,36000,3.00077549438
495976,501538,504358,5562,2820,2,36000,2.97234042553
496167,501523,504231,5356,2708,2,36000,2.97784342688
496195,501328,503882,5133,2554,2,36000,3.00978856695
496219,501421,504121,5202,2700,2,36000,2.92666666667
496340,501086,503809,4746,2723,2,36000,2.74293059126
496374,501633,504355,5259,2722,2,36000,2.93203526819
496512,501773,504528,5261,2755,2,36000,2.90961887477
496532,501733,504306,5201,2573,2,36000,3.02137582588
496563,501807,504449,5244,2642,2,36000,2.98485995458
496751,501642,504091,4891,2449,2,36000,2.99714169049
496767,501814,504491,5047,2677,2,36000,2.88531938737
496820,502197,504711,5377,2514,2,36000,3.13882259348
496847,501968,504533,5121,2565,2,36000,2.99649122807
496875,501955,504520,5080,2565,2,36000,2.98050682261
496931,502191,504872,5260,2681,2,36000,2.96195449459
496947,502141,504692,5194,2551,2,36000,3.03606428851
496948,502362,504921,5414,2559,2,36000,3.11567018367
496970,502105,504664,5135,2559,2,36000,3.00664322001
496985,502475,505282,5490,2807,2,36000,2.9558247239
497022,502356,505070,5334,2714,2,36000,2.96536477524
497121,502330,505178,5209,2848,2,36000,2.82900280899
497136,502468,504925,5332,2457,2,36000,3.17012617013
497179,502543,505123,5364,2580,2,36000,3.07906976744
497241,502537,505274,5296,2737,2,36000,2.93496529046
497290,502271,504887,4981,2616,2,36000,2.90405198777
497306,502491,505074,5185,2583,2,36000,3.00735578784
497321,502548,505275,5227,2727,2,36000,2.9167583425
497337,502387,505196,5050,2809,2,36000,2.79779280883
497435,502940,505760,5505,2820,2,36000,2.95212765957
497451,502946,505616,5495,2670,2,36000,3.05805243446
497466,502993,505672,5527,2679,2,36000,3.06308324001
497467,502625,505295,5158,2670,2,36000,2.93183520599
497548,502866,505334,5318,2468,2,36000,3.15478119935
497613,502703,505309,5090,2606,2,36000,2.95318495779
497691,503213,505923,5522,2710,2,36000,3.03763837638
497839,503072,505753,5233,2681,2,36000,2.95188362551
497999,503309,506068,5310,2759,2,36000,2.92461036607
498027,503289,505884,5262,2595,2,36000,3.02774566474
498061,503099,505850,5038,2751,2,36000,2.83133406034
498468,503820,506485,5352,2665,2,36000,3.00825515947
498599,503893,506577,5294,2684,2,36000,2.97242921013
498761,504242,507044,5481,2802,2,36000,2.95610278373
498817,504373,506970,5556,2597,2,36000,3.1393916057
498836,504132,506894,5296,2762,2,36000,2.91745112238
498940,504367,507076,5427,2709,2,36000,3.00332225914
498978,504108,506859,5130,2751,2,36000,2.86477644493
498997,504460,507154,5463,2694,2,36000,3.02783964365
499035,504540,507227,5505,2687,2,36000,3.04875325642
499125,504516,507192,5391,2676,2,36000,3.01457399103
499206,504318,507152,5112,2834,2,36000,2.80381086803
499207,504546,507238,5339,2692,2,36000,2.98328380386
499247,504531,507137,5284,2606,2,36000,3.0276285495
499399,504883,507461,5484,2578,2,36000,3.12723041117
499416,504676,507444,5260,2768,2,36000,2.90028901734
499441,504722,507461,5281,2739,2,36000,2.92807594012
499546,504703,507305,5157,2602,2,36000,2.98193697156
499586,505297,507462,5711,2165,2,36000,3.63787528868
499672,505081,507461,5409,2380,2,36000,3.27268907563
499708,504933,507462,5225,2529,2,36000,3.06603400554
499755,504939,507462,5184,2523,2,36000,3.05469678954
499787,505207,507462,5420,2255,2,36000,3.40354767184
499788,505190,507462,5402,2272,2,36000,3.37764084507
499888,504898,507462,5010,2564,2,36000,2.95397815913
499904,505087,507462,5183,2375,2,36000,3.18231578947
499919,505135,507462,5216,2327,2,36000,3.24151267727
499935,505285,507462,5350,2177,2,36000,3.45751033532
499936,505291,507462,5355,2171,2,36000,3.46660525104
500001,505307,507462,5306,2155,2,36000,3.46218097448
500063,505321,507462,5258,2141,2,36000,3.45586174685
500137,505345,507462,5208,2117,2,36000,3.46008502598
500180,505627,507462,5447,1835,2,36000,3.96839237057
500198,505771,507462,5573,1691,2,36000,4.29568302779
500310,505683,507462,5373,1779,2,36000,4.02023608769
500428,505765,507462,5337,1697,2,36000,4.14496169711
500489,505935,507462,5446,1527,2,36000,4.56647020301
500650,505862,507462,5212,1600,2,36000,4.2575
500713,506079,507462,5366,1383,2,36000,4.87997107737
500729,505896,507462,5167,1566,2,36000,4.29948914432
501077,506497,507462,5420,965,2,36000,6.61658031088
501327,506589,507462,5262,873,2,36000,7.02749140893
501416,506905,507462,5489,557,2,36000,10.8545780969
501523,507055,507462,5532,407,2,36000,14.5921375921
501524,506981,507462,5457,481,2,36000,12.3451143451
501625,507087,507462,5462,375,2,36000,15.5653333333
501649,506870,507462,5221,592,2,36000,9.81925675676
501758,507163,507462,5405,299,2,36000,19.0769230769
501777,507239,507462,5462,223,2,36000,25.4932735426
501805,507169,507462,5364,293,2,36000,19.3071672355
501807,507203,507462,5396,259,2,36000,21.833976834
501957,507149,507462,5192,313,2,36000,17.5878594249
501972,507249,507462,5277,213,2,36000,25.7746478873
502103,507455,507462,5352,7,2,36000,535.9
502143,507316,507462,5173,146,2,36000,36.4315068493
504978,504985,504986,7,1,2,3540,1.0
507512,507518,508648,6,1130,80,36000,1.00530973451
509265,509271,509371,6,100,80,36000,1.06
509575,509581,510868,6,1287,80,36000,1.00466200466
510591,510879,511733,288,854,80,36000,1.33723653396
511609,511744,513504,135,1760,80,36000,1.07670454545
512261,513515,514380,1254,865,80,36000,2.44971098266
514669,514675,516474,6,1799,80,36000,1.00333518621
516395,516485,516967,90,482,80,36000,1.1867219917
516980,517879,518746,899,867,80,36000,2.0369088812
518928,518934,520832,6,1898,80,36000,1.00316122234
520015,520843,520947,828,104,80,36000,8.96153846154
520999,521006,522622,7,1616,80,36000,1.00433168317
534985,534991,535110,6,119,1,1800,1.05042016807
535424,535430,535532,6,102,1,1800,1.05882352941
536196,536203,536761,7,558,1,1800,1.01254480287
538328,538334,538375,6,41,1,1800,1.14634146341
538571,538577,538626,6,49,1,1800,1.12244897959
538666,538673,538746,7,73,1,1800,1.09589041096
538958,538965,539042,7,77,1,1800,1.09090909091
539278,539285,539518,7,233,1,1800,1.03004291845
539459,539466,582711,7,43245,14,43200,1.00016186842
539992,539998,540284,6,286,1,1800,1.02097902098
540912,540918,540948,6,30,1,1800,1.2
541257,541264,541327,7,63,1,1800,1.11111111111
542088,542094,542214,6,120,1,1800,1.05
550966,550972,551545,6,573,80,36000,1.01047120419
553787,553794,554192,7,398,80,36000,1.0175879397
554109,554203,555220,94,1017,80,36000,1.0924287119
555202,555231,564478,29,9247,80,39600,1.00313615227
555898,564490,567011,8592,2521,80,86400,4.40817136057
566918,567022,567414,104,392,80,86400,1.26530612245
567485,567491,567820,6,329,80,86400,1.01823708207
568013,568019,568350,6,331,80,86400,1.01812688822
568467,568473,568679,6,206,80,86400,1.02912621359
568486,568690,568942,204,252,80,86400,1.80952380952
568508,568953,569165,445,212,80,86400,3.09905660377
568527,569176,569395,649,219,80,86400,3.96347031963
574168,642272,646439,68104,4167,23,7200,17.3436525078
574168,574179,578421,11,4242,23,7200,1.00259311645
574168,574173,578240,5,4067,23,7200,1.00122940743
574168,574184,578303,16,4119,23,7200,1.00388443797
574169,650744,654787,76575,4043,23,7200,19.9401434578
574169,646450,650603,72281,4153,23,7200,18.4045268481
574169,642283,646668,68114,4385,23,7200,16.5334093501
574169,650614,654736,76445,4122,23,7200,19.5456089277
574169,642278,646506,68109,4228,23,7200,17.1090350047
574170,646519,650733,72349,4214,23,7200,18.1687233033
574170,659332,663676,85162,4344,23,7200,20.6045119705
574170,654799,658936,80629,4137,23,7200,20.4897268552
574170,655065,659321,80895,4256,23,7200,20.0072838346
574171,646680,650898,72509,4218,23,7200,18.1903745851
574171,650909,655053,76738,4144,23,7200,19.5178571429
574171,654747,659092,80576,4345,23,7200,19.5445339471
574171,658947,663283,84776,4336,23,7200,20.5516605166
574171,659104,663525,84933,4421,23,7200,20.2112644198
574172,680811,685064,106639,4253,23,7200,26.0738302375
574172,672174,676685,98002,4511,23,7200,22.7251163822
574172,667599,671822,93427,4223,23,7200,23.1233720104
574172,663295,667588,89123,4293,23,7200,21.7600745399
574172,663536,667681,89364,4145,23,7200,22.55946924
574173,672290,676449,98117,4159,23,7200,24.5914883385
574173,671833,676157,97660,4324,23,7200,23.5855689177
574173,676460,680660,102287,4200,23,7200,25.354047619
574173,667693,672279,93520,4586,23,7200,21.3924989097
574174,667990,672163,93816,4173,23,7200,23.4816678648
574174,685008,689085,110834,4077,23,7200,28.1851851852
574174,676231,680738,102057,4507,23,7200,23.6441091635
574175,680659,684997,106484,4338,23,7200,25.5467957584
574175,680671,684808,106496,4137,23,7200,26.7423253565
574175,676696,680648,102521,3952,23,7200,26.941548583
574176,685138,689312,110962,4174,23,7200,27.5840919981
574176,684819,688964,110643,4145,23,7200,27.6931242461
574176,693517,697794,119341,4277,23,7200,28.9029693711
574176,689038,693506,114862,4468,23,7200,26.7076991943
574176,663687,667978,89511,4291,23,7200,21.860172454
574177,689097,693390,114920,4293,23,7200,27.7691590962
574177,697806,702030,123629,4224,23,7200,30.2682291667
574177,689323,693578,115146,4255,23,7200,28.0613396005
574177,702034,706418,127857,4384,23,7200,30.1644616788
574177,706240,710452,132063,4212,23,7200,32.353988604
574178,710781,715068,136603,4287,23,7200,32.8644739911
574179,693589,697677,119410,4088,23,7200,30.2098825832
574179,693402,697678,119223,4276,23,7200,28.881898971
574180,702041,706229,127861,4188,23,7200,31.5303247373
574180,697690,701932,123510,4242,23,7200,30.1159830269
574181,697695,702022,123514,4327,23,7200,29.544950312
574181,701943,706211,127762,4268,23,7200,30.934864105
574181,710464,714587,136283,4123,23,7200,34.0543293718
574181,706429,710769,132248,4340,23,7200,31.4718894009
574182,715079,719250,140897,4171,23,7200,34.7801486454
574182,719261,723808,145079,4547,23,7200,32.9065317792
574182,706222,710489,132040,4267,23,7200,31.9444574643
574182,710500,714558,136318,4058,23,7200,34.5924100542
574182,714660,718875,140478,4215,23,7200,34.328113879
574183,714569,719086,140386,4517,23,7200,32.0794775293
574183,718886,722945,144703,4059,23,7200,36.6499137719
574183,719098,723262,144915,4164,23,7200,35.8018731988
574183,723820,728315,149637,4495,23,7200,34.2896551724
574183,731623,735870,157440,4247,23,7200,38.0708735578
574184,722956,727241,148772,4285,23,7200,35.7192532089
574184,723273,727708,149089,4435,23,7200,34.6164599775
574185,727719,732180,153534,4461,23,7200,35.4169468729
574185,727252,731611,153067,4359,23,7200,36.1151640284
574185,732677,736784,158492,4107,23,7200,39.5906988069
574186,736567,736699,162381,132,23,7200,1231.15909091
574186,735881,740295,161695,4414,23,7200,37.6323062981
574186,732192,736555,158006,4363,23,7200,37.214989686
574186,728329,732665,154143,4336,23,7200,36.5495848708
581484,642289,642302,60805,13,15,57600,4678.30769231
