SubmitTime,StartTime,EndTime,QueuedTime,RunTime,NodesRequested,walltime,bslowdown
0,57,1263,57,1206,2,36000,1.04726368159
21,64,1187,43,1123,2,36000,1.03829029386
36,100,2336,64,2236,2,36000,1.02862254025
52,107,1972,55,1865,2,36000,1.02949061662
53,121,1334,68,1213,2,36000,1.05605935697
90,138,1733,48,1595,2,36000,1.03009404389
106,145,2055,39,1910,2,36000,1.02041884817
121,163,1388,42,1225,2,36000,1.03428571429
137,187,1398,50,1211,2,36000,1.04128819158
138,195,2199,57,2004,2,36000,1.02844311377
154,202,2323,48,2121,2,36000,1.02263083451
178,207,1875,29,1668,2,36000,1.01738609113
194,213,1611,19,1398,2,36000,1.01359084406
196,220,1510,24,1290,2,36000,1.01860465116
197,227,2034,30,1807,2,36000,1.01660210293
198,233,1568,35,1335,2,36000,1.02621722846
214,239,1562,25,1323,2,36000,1.01889644747
230,245,1698,15,1453,2,36000,1.01032346869
232,251,1614,19,1363,2,36000,1.01393983859
233,256,2078,23,1822,2,36000,1.01262349067
249,267,1785,18,1518,2,36000,1.01185770751
250,277,2233,27,1956,2,36000,1.01380368098
252,284,2073,32,1789,2,36000,1.01788708776
268,290,1465,22,1175,2,36000,1.01872340426
269,296,2136,27,1840,2,36000,1.01467391304
270,303,1480,33,1177,2,36000,1.02803738318
272,309,1413,37,1104,2,36000,1.03351449275
287,316,2313,29,1997,2,36000,1.01452178267
303,337,1624,34,1287,2,36000,1.02641802642
304,402,1778,98,1376,2,36000,1.07122093023
320,409,1758,89,1349,2,36000,1.06597479615
335,415,2318,80,1903,2,36000,1.04203888597
393,420,2110,27,1690,2,36000,1.01597633136
395,456,2484,61,2028,2,36000,1.03007889546
411,472,1719,61,1247,2,36000,1.04891740176
412,480,2506,68,2026,2,36000,1.03356367226
446,486,2482,40,1996,2,36000,1.02004008016
461,492,1691,31,1199,2,36000,1.02585487907
478,497,2933,19,2436,2,36000,1.00779967159
479,510,1902,31,1392,2,36000,1.02227011494
480,519,1728,39,1209,2,36000,1.03225806452
481,537,2196,56,1659,2,36000,1.03375527426
500,544,2475,44,1931,2,36000,1.02278612118
515,552,1592,37,1040,2,36000,1.03557692308
531,569,2491,38,1922,2,36000,1.0197710718
546,580,2054,34,1474,2,36000,1.02306648575
548,591,2005,43,1414,2,36000,1.03041018388
563,598,2246,35,1648,2,36000,1.02123786408
578,607,1982,29,1375,2,36000,1.02109090909
594,612,1644,18,1032,2,36000,1.01744186047
596,639,1900,43,1261,2,36000,1.0340999207
611,652,1971,41,1319,2,36000,1.03108415466
613,710,2415,97,1705,2,36000,1.0568914956
628,716,2302,88,1586,2,36000,1.05548549811
644,725,2468,81,1743,2,36000,1.04647160069
699,769,2501,70,1732,2,36000,1.04041570439
715,776,2325,61,1549,2,36000,1.03938024532
716,781,2796,65,2015,2,36000,1.03225806452
761,799,2700,38,1901,2,36000,1.01998947922
762,855,2567,93,1712,2,36000,1.05432242991
778,863,2713,85,1850,2,36000,1.04594594595
793,870,2759,77,1889,2,36000,1.0407623081
845,877,1963,32,1086,2,36000,1.02946593002
861,905,2012,44,1107,2,36000,1.03974706414
862,914,2700,52,1786,2,36000,1.02911534155
878,921,2789,43,1868,2,36000,1.02301927195
896,939,1999,43,1060,2,36000,1.04056603774
912,960,2076,48,1116,2,36000,1.04301075269
913,971,2908,58,1937,2,36000,1.02994321115
929,979,2792,50,1813,2,36000,1.02757859901
950,985,3023,35,2038,2,36000,1.01717369971
966,991,2721,25,1730,2,36000,1.01445086705
982,1013,2904,31,1891,2,36000,1.01639344262
984,1040,2726,56,1686,2,36000,1.03321470937
985,1051,2030,66,979,2,36000,1.06741573034
1004,1080,3018,76,1938,2,36000,1.03921568627
1031,1092,2303,61,1211,2,36000,1.05037159372
1047,1110,2354,63,1244,2,36000,1.05064308682
1071,1117,2386,46,1269,2,36000,1.03624901497
1087,1124,2926,37,1802,2,36000,1.0205327414
1102,1131,2985,29,1854,2,36000,1.01564185545
1118,1156,2455,38,1299,2,36000,1.02925327175
1120,1163,2884,43,1721,2,36000,1.02498547356
1121,1183,2613,62,1430,2,36000,1.04335664336
1146,1189,3095,43,1906,2,36000,1.02256033578
1161,1198,3084,37,1886,2,36000,1.01961823966
1177,1205,2455,28,1250,2,36000,1.0224
1178,1212,3182,34,1970,2,36000,1.01725888325
1194,1230,2918,36,1688,2,36000,1.02132701422
1195,1245,3160,50,1915,2,36000,1.02610966057
1211,1275,3148,64,1873,2,36000,1.0341697811
1226,1287,3183,61,1896,2,36000,1.03217299578
1242,1294,3331,52,2037,2,36000,1.02552773687
1266,1304,2483,38,1179,2,36000,1.03223070399
1282,1332,3127,50,1795,2,36000,1.0278551532
1283,1339,3359,56,2020,2,36000,1.02772277228
1299,1346,2492,47,1146,2,36000,1.0410122164
1324,1353,3418,29,2065,2,36000,1.01404358354
1325,1391,2981,66,1590,2,36000,1.04150943396
1341,1399,2586,58,1187,2,36000,1.04886267902
1356,1409,2507,53,1098,2,36000,1.04826958106
1380,1424,2602,44,1178,2,36000,1.03735144312
1396,1439,2772,43,1333,2,36000,1.03225806452
1411,1452,2834,41,1382,2,36000,1.02966714906
1427,1459,2629,32,1170,2,36000,1.02735042735
1442,1465,2774,23,1309,2,36000,1.01757066463
1444,1471,3052,27,1581,2,36000,1.01707779886
1460,1477,3374,17,1897,2,36000,1.00896151819
1461,1482,2716,21,1234,2,36000,1.0170178282
1463,1491,2882,28,1391,2,36000,1.02012940331
1464,1497,2669,33,1172,2,36000,1.02815699659
1480,1522,2768,42,1246,2,36000,1.03370786517
1481,1534,2927,53,1393,2,36000,1.03804737976
1496,1545,2771,49,1226,2,36000,1.03996737357
1512,1551,3028,39,1477,2,36000,1.02640487475
1527,1573,2792,46,1219,2,36000,1.03773584906
1543,1580,3461,37,1881,2,36000,1.01967038809
1545,1587,2756,42,1169,2,36000,1.03592814371
1563,1593,2645,30,1052,2,36000,1.02851711027
1579,1606,3165,27,1559,2,36000,1.0173187941
1581,1613,2811,32,1198,2,36000,1.02671118531
1582,1599,2652,17,1053,2,36000,1.01614434948
1598,1620,3275,22,1655,2,36000,1.01329305136
1599,1626,3798,27,2172,2,36000,1.01243093923
1615,1631,2767,16,1136,2,36000,1.01408450704
1616,1637,3613,21,1976,2,36000,1.01062753036
1618,1643,3045,25,1402,2,36000,1.01783166904
1619,1655,2584,36,929,2,36000,1.03875134553
1620,1684,3311,64,1627,2,36000,1.0393362016
1636,1690,3567,54,1877,2,36000,1.02876931273
1651,1702,3357,51,1655,2,36000,1.03081570997
1673,1708,3134,35,1426,2,36000,1.02454417952
1675,1714,3151,39,1437,2,36000,1.02713987474
1693,1730,3541,37,1811,2,36000,1.02043070127
1709,1740,2863,31,1123,2,36000,1.02760463045
1710,1746,3363,36,1617,2,36000,1.02226345083
1726,1752,3591,26,1839,2,36000,1.01413811854
1741,1769,3559,28,1790,2,36000,1.0156424581
1743,1788,2959,45,1171,2,36000,1.03842869342
1744,1794,3554,50,1760,2,36000,1.02840909091
1760,1800,3301,40,1501,2,36000,1.02664890073
1779,1877,3624,98,1747,2,36000,1.05609616485
1780,1887,3214,107,1327,2,36000,1.08063300678
1796,1911,3648,115,1737,2,36000,1.06620610248
1866,1918,3007,52,1089,2,36000,1.04775022957
1882,1962,3712,80,1750,2,36000,1.04571428571
1900,1974,3933,74,1959,2,36000,1.03777437468
1916,1982,3876,66,1894,2,36000,1.0348468849
1953,1988,3763,35,1775,2,36000,1.01971830986
1968,1994,3761,26,1767,2,36000,1.01471420487
1984,2001,3462,17,1461,2,36000,1.01163586585
1985,2010,3890,25,1880,2,36000,1.01329787234
1987,2017,4095,30,2078,2,36000,1.01443695861
2002,2023,3368,21,1345,2,36000,1.0156133829
2003,2029,3344,26,1315,2,36000,1.01977186312
2019,2041,3845,22,1804,2,36000,1.01219512195
2021,2048,3355,27,1307,2,36000,1.02065799541
2022,2065,4025,43,1960,2,36000,1.02193877551
2037,2072,3755,35,1683,2,36000,1.02079619727
2039,2084,3970,45,1886,2,36000,1.02386002121
2054,2091,3181,37,1090,2,36000,1.03394495413
2056,2096,3682,40,1586,2,36000,1.02522068096
2075,2122,3349,47,1227,2,36000,1.03830480848
2090,2148,3574,58,1426,2,36000,1.04067321178
2092,2201,3881,109,1680,2,36000,1.06488095238
2113,2208,3582,95,1374,2,36000,1.0691411936
2138,2214,3901,76,1687,2,36000,1.0450503853
2191,2244,3551,53,1307,2,36000,1.04055087988
2206,2257,4094,51,1837,2,36000,1.02776265651
2208,2314,3587,106,1273,2,36000,1.08326787117
2236,2319,4264,83,1945,2,36000,1.04267352185
2251,2326,4094,75,1768,2,36000,1.04242081448
2304,2332,3614,28,1282,2,36000,1.02184087363
2305,2338,3568,33,1230,2,36000,1.02682926829
2321,2343,3895,22,1552,2,36000,1.01417525773
2322,2350,3949,28,1599,2,36000,1.01751094434
2338,2365,4149,27,1784,2,36000,1.01513452915
2340,2398,4013,58,1615,2,36000,1.03591331269
2341,2426,4074,85,1648,2,36000,1.0515776699
2356,2466,3427,110,961,2,36000,1.1144640999
2387,2471,3660,84,1189,2,36000,1.07064760303
2415,2480,4209,65,1729,2,36000,1.03759398496
2455,2487,3673,32,1186,2,36000,1.02698145025
2456,2494,4105,38,1611,2,36000,1.02358783364
2472,2499,4475,27,1976,2,36000,1.01366396761
2489,2505,4441,16,1936,2,36000,1.00826446281
2490,2511,4382,21,1871,2,36000,1.01122394441
2491,2516,3610,25,1094,2,36000,1.02285191956
2493,2522,3657,29,1135,2,36000,1.02555066079
2509,2528,4340,19,1812,2,36000,1.01048565121
2510,2533,3640,23,1107,2,36000,1.02077687444
2512,2578,3800,66,1222,2,36000,1.05400981997
2513,2596,4296,83,1700,2,36000,1.04882352941
2514,2602,3622,88,1020,2,36000,1.0862745098
2569,2613,4644,44,2031,2,36000,1.02166420483
2585,2624,4624,39,2000,2,36000,1.0195
2587,2639,4504,52,1865,2,36000,1.02788203753
2603,2656,3954,53,1298,2,36000,1.04083204931
2618,2663,4184,45,1521,2,36000,1.02958579882
2634,2680,4553,46,1873,2,36000,1.02455953017
2649,2712,4497,63,1785,2,36000,1.03529411765
2665,2718,4548,53,1830,2,36000,1.02896174863
2680,2724,4200,44,1476,2,36000,1.0298102981
2702,2731,3999,29,1268,2,36000,1.02287066246
2703,2738,3714,35,976,2,36000,1.03586065574
2719,2743,4662,24,1919,2,36000,1.01250651381
2721,2767,4010,46,1243,2,36000,1.03700724055
2737,2773,4578,36,1805,2,36000,1.01994459834
2738,2779,4579,41,1800,2,36000,1.02277777778
2757,2784,4688,27,1904,2,36000,1.01418067227
2773,2791,4267,18,1476,2,36000,1.01219512195
2774,2796,4725,22,1929,2,36000,1.01140487299
2776,2802,4820,26,2018,2,36000,1.01288404361
2777,2808,3803,31,995,2,36000,1.03115577889
2778,2814,4655,36,1841,2,36000,1.0195545899
2779,2819,4220,40,1401,2,36000,1.02855103498
2797,2824,4131,27,1307,2,36000,1.02065799541
2798,2845,4042,47,1197,2,36000,1.03926482874
2799,2875,4897,76,2022,2,36000,1.03758654797
2801,2893,4331,92,1438,2,36000,1.06397774687
2817,2831,4445,14,1614,2,36000,1.00867410161
2835,2900,4659,65,1759,2,36000,1.0369528141
2865,2915,4450,50,1535,2,36000,1.0325732899
2884,2922,4740,38,1818,2,36000,1.02090209021
2886,2930,4777,44,1847,2,36000,1.02382241473
2907,2937,4524,30,1587,2,36000,1.01890359168
2909,2943,5100,34,2157,2,36000,1.01576263329
2925,2949,4109,24,1160,2,36000,1.02068965517
2940,2971,4156,31,1185,2,36000,1.02616033755
2942,2992,4556,50,1564,2,36000,1.03196930946
2943,2999,4097,56,1098,2,36000,1.05100182149
2962,3019,4895,57,1876,2,36000,1.03038379531
2980,3029,4073,49,1044,2,36000,1.0469348659
2995,3035,4587,40,1552,2,36000,1.02577319588
3011,3041,4594,30,1553,2,36000,1.0193174501
3026,3057,4352,31,1295,2,36000,1.02393822394
3028,3063,4636,35,1573,2,36000,1.0222504768
3043,3095,4791,52,1696,2,36000,1.03066037736
3059,3106,4448,47,1342,2,36000,1.03502235469
3060,3138,5028,78,1890,2,36000,1.04126984127
3085,3145,5025,60,1880,2,36000,1.03191489362
3101,3159,5049,58,1890,2,36000,1.03068783069
3128,3166,4938,38,1772,2,36000,1.02144469526
3144,3173,5160,29,1987,2,36000,1.01459486663
3159,3179,4917,20,1738,2,36000,1.01150747986
3161,3192,5100,31,1908,2,36000,1.01624737945
3176,3199,5000,23,1801,2,36000,1.01277068295
3178,3204,4235,26,1031,2,36000,1.02521823472
3194,3225,4967,31,1742,2,36000,1.0177956372
3195,3286,5177,91,1891,2,36000,1.04812268641
3196,3312,4937,116,1625,2,36000,1.07138461538
3215,3322,4663,107,1341,2,36000,1.0797912006
3276,3342,5006,66,1664,2,36000,1.03966346154
3304,3355,4884,51,1529,2,36000,1.03335513407
3320,3361,4877,41,1516,2,36000,1.02704485488
3335,3367,4890,32,1523,2,36000,1.02101116218
3351,3374,4441,23,1067,2,36000,1.02155576382
3352,3379,4547,27,1168,2,36000,1.02311643836
3368,3385,5199,17,1814,2,36000,1.00937155458
3370,3391,4832,21,1441,2,36000,1.01457321305
3371,3396,5082,25,1686,2,36000,1.01482799526
3372,3429,4529,57,1100,2,36000,1.05181818182
3374,3438,4642,64,1204,2,36000,1.05315614618
3389,3472,5084,83,1612,2,36000,1.05148883375
3420,3479,4521,59,1042,2,36000,1.056621881
3435,3552,4819,117,1267,2,36000,1.09234411997
3463,3562,5542,99,1980,2,36000,1.05
3465,3568,5287,103,1719,2,36000,1.0599185573
3544,3575,4890,31,1315,2,36000,1.02357414449
3560,3581,4858,21,1277,2,36000,1.01644479248
3562,3586,5527,24,1941,2,36000,1.01236476043
3563,3592,5473,29,1881,2,36000,1.01541733121
3579,3598,5418,19,1820,2,36000,1.01043956044
3580,3604,5675,24,2071,2,36000,1.01158860454
3582,3609,5403,27,1794,2,36000,1.01505016722
3598,3621,5371,23,1750,2,36000,1.01314285714
3599,3628,5517,29,1889,2,36000,1.01535203812
3600,3633,5714,33,2081,2,36000,1.01585776069
3617,3640,4935,23,1295,2,36000,1.01776061776
3618,3646,5143,28,1497,2,36000,1.01870407482
3619,3652,5508,33,1856,2,36000,1.01778017241
3635,3659,4861,24,1202,2,36000,1.01996672213
3636,3669,5676,33,2007,2,36000,1.01644245142
3652,3675,5245,23,1570,2,36000,1.01464968153
3653,3684,5154,31,1470,2,36000,1.02108843537
3669,3693,5344,24,1651,2,36000,1.01453664446
3670,3723,5313,53,1590,2,36000,1.03333333333
3686,3730,5618,44,1888,2,36000,1.02330508475
3687,3767,4732,80,965,2,36000,1.0829015544
3715,3773,5607,58,1834,2,36000,1.03162486369
3716,3780,5366,64,1586,2,36000,1.04035308953
3757,3809,5899,52,2090,2,36000,1.02488038278
3772,3816,5134,44,1318,2,36000,1.03338391502
3773,3822,5179,49,1357,2,36000,1.03610906411
3802,3857,5948,55,2091,2,36000,1.02630320421
3803,3887,5815,84,1928,2,36000,1.04356846473
3819,3894,5714,75,1820,2,36000,1.04120879121
3846,3902,5770,56,1868,2,36000,1.02997858672
3880,3908,5792,28,1884,2,36000,1.01486199575
3882,3915,5840,33,1925,2,36000,1.01714285714
3898,3944,5347,46,1403,2,36000,1.03278688525
3899,3960,5906,61,1946,2,36000,1.03134635149
3914,3966,5549,52,1583,2,36000,1.03284902085
3936,3981,5870,45,1889,2,36000,1.02382212811
3951,4010,5886,59,1876,2,36000,1.03144989339
3967,4021,6069,54,2048,2,36000,1.0263671875
3982,4028,5110,46,1082,2,36000,1.04251386322
4001,4033,6010,32,1977,2,36000,1.01618614062
4017,4039,5176,22,1137,2,36000,1.01934916447
4018,4054,5242,36,1188,2,36000,1.0303030303
4034,4084,5919,50,1835,2,36000,1.0272479564
4049,4090,6156,41,2066,2,36000,1.01984511133
4074,4105,6187,31,2082,2,36000,1.0148895293
4089,4111,6032,22,1921,2,36000,1.01145236856
4106,4117,6069,11,1952,2,36000,1.0056352459
4107,4122,6171,15,2049,2,36000,1.00732064422
4108,4127,6016,19,1889,2,36000,1.01005823187
4110,4143,5975,33,1832,2,36000,1.01801310044
4111,4134,6186,23,2052,2,36000,1.011208577
4126,4160,5897,34,1737,2,36000,1.01957397812
4142,4167,5970,25,1803,2,36000,1.01386577926
4157,4195,5743,38,1548,2,36000,1.02454780362
4158,4212,5832,54,1620,2,36000,1.03333333333
4186,4220,6054,34,1834,2,36000,1.0185387132
4202,4232,6115,30,1883,2,36000,1.01593202337
4217,4246,5491,29,1245,2,36000,1.02329317269
4232,4275,6067,43,1792,2,36000,1.02399553571
4255,4281,5526,26,1245,2,36000,1.02088353414
4271,4307,5422,36,1115,2,36000,1.03228699552
4272,4342,6007,70,1665,2,36000,1.04204204204
4297,4352,5420,55,1068,2,36000,1.05149812734
4334,4364,6123,30,1759,2,36000,1.01705514497
4349,4393,6001,44,1608,2,36000,1.02736318408
4365,4452,6254,87,1802,2,36000,1.04827968923
4383,4458,5760,75,1302,2,36000,1.05760368664
4441,4464,5458,23,994,2,36000,1.023138833
4442,4469,5460,27,991,2,36000,1.02724520686
4459,4475,5745,16,1270,2,36000,1.0125984252
4460,4486,5730,26,1244,2,36000,1.02090032154
4461,4508,5473,47,965,2,36000,1.04870466321
4477,4515,6539,38,2024,2,36000,1.01877470356
4498,4532,6070,34,1538,2,36000,1.02210663199
4514,4538,6291,24,1753,2,36000,1.01369081574
4529,4545,5704,16,1159,2,36000,1.01380500431
4530,4558,6439,28,1881,2,36000,1.0148856991
4532,4565,5989,33,1424,2,36000,1.0231741573
4547,4570,5701,23,1131,2,36000,1.02033598585
4549,4576,6332,27,1756,2,36000,1.01537585421
4565,4589,6398,24,1809,2,36000,1.01326699834
4566,4596,5553,30,957,2,36000,1.03134796238
4581,4602,6187,21,1585,2,36000,1.01324921136
4583,4608,6369,25,1761,2,36000,1.01419647927
4598,4635,5825,37,1190,2,36000,1.03109243697
4600,4648,5931,48,1283,2,36000,1.03741231489
4625,4655,5746,30,1091,2,36000,1.02749770852
4640,4660,6856,20,2196,2,36000,1.00910746812
4656,4666,6674,10,2008,2,36000,1.00498007968
4657,4672,6369,15,1697,2,36000,1.00883912787
4659,4678,5890,19,1212,2,36000,1.01567656766
4675,4684,6492,9,1808,2,36000,1.00497787611
4676,4698,5952,22,1254,2,36000,1.01754385965
4677,4736,6801,59,2065,2,36000,1.02857142857
4692,4743,5902,51,1159,2,36000,1.04400345125
4726,4751,6242,25,1491,2,36000,1.01676727029
4742,4788,5789,46,1001,2,36000,1.04595404595
4743,4802,6265,59,1463,2,36000,1.04032809296
4781,4830,6627,49,1797,2,36000,1.02726766834
4796,4837,6066,41,1229,2,36000,1.03336045566
4821,4844,6500,23,1656,2,36000,1.01388888889
4822,4869,5969,47,1100,2,36000,1.04272727273
4838,4875,6588,37,1713,2,36000,1.02159953298
4860,4888,6050,28,1162,2,36000,1.02409638554
4861,4895,6376,34,1481,2,36000,1.02295746117
4880,4901,6295,21,1394,2,36000,1.01506456241
4897,4907,6685,10,1778,2,36000,1.00562429696
4898,4913,6933,15,2020,2,36000,1.00742574257
4900,4919,6053,19,1134,2,36000,1.01675485009
4901,4929,6410,28,1481,2,36000,1.0189061445
4902,4946,6899,44,1953,2,36000,1.02252944188
4919,4952,6629,33,1677,2,36000,1.01967799642
4938,4958,6119,20,1161,2,36000,1.01722652885
4940,4978,5913,38,935,2,36000,1.04064171123
4941,5011,6435,70,1424,2,36000,1.04915730337
4969,5018,6884,49,1866,2,36000,1.02625937835
5003,5037,7130,34,2093,2,36000,1.01624462494
5018,5043,6826,25,1783,2,36000,1.01402131239
5034,5061,6083,27,1022,2,36000,1.02641878669
5035,5094,6148,59,1054,2,36000,1.0559772296
5051,5101,6352,50,1251,2,36000,1.03996802558
5085,5111,7078,26,1967,2,36000,1.01321809863
5086,5116,6430,30,1314,2,36000,1.02283105023
5102,5123,6645,21,1522,2,36000,1.01379763469
5103,5146,6217,43,1071,2,36000,1.04014939309
5119,5154,6999,35,1845,2,36000,1.0189701897
5138,5165,6950,27,1785,2,36000,1.01512605042
5153,5172,6524,19,1352,2,36000,1.01405325444
5169,5187,6351,18,1164,2,36000,1.01546391753
5170,5193,6468,23,1275,2,36000,1.01803921569
5186,5198,6317,12,1119,2,36000,1.01072386059
5187,5210,7102,23,1892,2,36000,1.0121564482
5189,5253,7074,64,1821,2,36000,1.03514552444
5204,5259,7091,55,1832,2,36000,1.03002183406
5244,5299,6915,55,1616,2,36000,1.03403465347
5246,5324,7004,78,1680,2,36000,1.04642857143
5289,5355,6945,66,1590,2,36000,1.04150943396
5314,5362,6534,48,1172,2,36000,1.0409556314
5345,5377,6892,32,1515,2,36000,1.02112211221
5361,5384,7237,23,1853,2,36000,1.01241230437
5377,5414,6668,37,1254,2,36000,1.02950558214
5378,5429,6986,51,1557,2,36000,1.03275529865
5406,5436,7316,30,1880,2,36000,1.01595744681
5422,5441,7283,19,1842,2,36000,1.01031487514
5424,5448,6893,24,1445,2,36000,1.01660899654
5425,5469,6432,44,963,2,36000,1.04569055036
5459,5476,7228,17,1752,2,36000,1.00970319635
5461,5485,7197,24,1712,2,36000,1.01401869159
5476,5490,7576,14,2086,2,36000,1.0067114094
5478,5502,6954,24,1452,2,36000,1.01652892562
5494,5520,7325,26,1805,2,36000,1.01440443213
5509,5528,7568,19,2040,2,36000,1.00931372549
5525,5537,6869,12,1332,2,36000,1.00900900901
5540,5547,6772,7,1225,2,36000,1.00571428571
5542,5553,7097,11,1544,2,36000,1.00712435233
5557,5563,6544,6,981,2,36000,1.00611620795
5559,5569,7405,10,1836,2,36000,1.00544662309
5560,5619,6610,59,991,2,36000,1.0595358224
5609,5629,7091,20,1462,2,36000,1.01367989056
5625,5687,6677,62,990,2,36000,1.06262626263
5677,5692,7545,15,1853,2,36000,1.00809498111
5678,5713,7040,35,1327,2,36000,1.02637528259
5704,5720,6765,16,1045,2,36000,1.01531100478
5705,5726,7548,21,1822,2,36000,1.01152579583
5722,5732,7136,10,1404,2,36000,1.00712250712
5723,5741,7754,18,2013,2,36000,1.00894187779
5739,5755,6923,16,1168,2,36000,1.01369863014
5755,5761,7606,6,1845,2,36000,1.00325203252
5756,5767,7229,11,1462,2,36000,1.00752393981
5758,5773,7652,15,1879,2,36000,1.00798296966
5773,5781,7448,8,1667,2,36000,1.00479904019
5775,5800,7688,25,1888,2,36000,1.01324152542
5794,5806,7469,12,1663,2,36000,1.00721587492
5795,5826,7043,31,1217,2,36000,1.02547247329
5817,5836,7331,19,1495,2,36000,1.0127090301
5833,5843,7033,10,1190,2,36000,1.00840336134
5834,5851,7795,17,1944,2,36000,1.00874485597
5850,5881,7794,31,1913,2,36000,1.01620491375
5872,5897,6854,25,957,2,36000,1.02612330199
5887,5904,7104,17,1200,2,36000,1.01416666667
5903,5910,6942,7,1032,2,36000,1.00678294574
5905,5916,7772,11,1856,2,36000,1.00592672414
5906,5922,7716,16,1794,2,36000,1.00891861761
5907,5927,7688,20,1761,2,36000,1.01135718342
5925,5933,7943,8,2010,2,36000,1.0039800995
5926,5939,8133,13,2194,2,36000,1.00592525068
5928,5945,7361,17,1416,2,36000,1.01200564972
5943,5959,7480,16,1521,2,36000,1.01051939513
5959,5965,7816,6,1851,2,36000,1.00324149109
5960,5980,6850,20,870,2,36000,1.02298850575
5977,5986,7443,9,1457,2,36000,1.00617707618
5978,5991,7469,13,1478,2,36000,1.00879566982
5979,6000,7867,21,1867,2,36000,1.01124799143
5995,6012,7149,17,1137,2,36000,1.01495162709
6011,6018,7278,7,1260,2,36000,1.00555555556
6013,6024,7493,11,1469,2,36000,1.00748808713
6014,6031,7097,17,1066,2,36000,1.01594746717
6029,6043,7186,14,1143,2,36000,1.01224846894
6045,6061,7073,16,1012,2,36000,1.01581027668
6062,6067,7013,5,946,2,36000,1.00528541226
6063,6073,7313,10,1240,2,36000,1.00806451613
6064,6079,7273,15,1194,2,36000,1.01256281407
6081,6087,7973,6,1886,2,36000,1.00318133616
6082,6093,7197,11,1104,2,36000,1.00996376812
6084,6098,8064,14,1966,2,36000,1.00712105799
6085,6103,7747,18,1644,2,36000,1.01094890511
6086,6110,7423,24,1313,2,36000,1.01827875095
6102,6126,7224,24,1098,2,36000,1.0218579235
6117,6132,8028,15,1896,2,36000,1.00791139241
6133,6139,8047,6,1908,2,36000,1.00314465409
6135,6159,7993,24,1834,2,36000,1.01308615049
6150,6168,8055,18,1887,2,36000,1.00953895072
6166,6182,8097,16,1915,2,36000,1.00835509138
6182,6198,8127,16,1929,2,36000,1.00829445308
6198,6204,7938,6,1734,2,36000,1.00346020761
6199,6210,7416,11,1206,2,36000,1.00912106136
6201,6228,7466,27,1238,2,36000,1.02180936995
6220,6253,7359,33,1106,2,36000,1.02983725136
6245,6265,7348,20,1083,2,36000,1.01846722068
6261,6276,8051,15,1775,2,36000,1.00845070423
6276,6302,7288,26,986,2,36000,1.02636916836
6292,6308,8099,16,1791,2,36000,1.00893355667
6308,6329,7527,21,1198,2,36000,1.01752921536
6323,6343,8089,20,1746,2,36000,1.01145475372
6339,6363,7471,24,1108,2,36000,1.02166064982
6355,6368,7815,13,1447,2,36000,1.00898410504
6356,6380,8317,24,1937,2,36000,1.01239029427
6372,6385,8133,13,1748,2,36000,1.00743707094
6373,6391,8077,18,1686,2,36000,1.01067615658
6389,6410,8143,21,1733,2,36000,1.01211771495
6405,6421,8290,16,1869,2,36000,1.00856072766
6422,6441,8316,19,1875,2,36000,1.01013333333
6438,6447,8311,9,1864,2,36000,1.00482832618
6439,6452,7435,13,983,2,36000,1.01322482197
6441,6459,7963,18,1504,2,36000,1.01196808511
6456,6479,7683,23,1204,2,36000,1.01910299003
6472,6504,7617,32,1113,2,36000,1.02875112309
6494,6511,7756,17,1245,2,36000,1.01365461847
6509,6535,7966,26,1431,2,36000,1.01816911251
6525,6546,8550,21,2004,2,36000,1.01047904192
6541,6552,8484,11,1932,2,36000,1.00569358178
6542,6558,8365,16,1807,2,36000,1.0088544549
6557,6600,8077,43,1477,2,36000,1.02911306703
6592,6621,7778,29,1157,2,36000,1.02506482282
6610,6638,8601,28,1963,2,36000,1.01426388181
6629,6644,8407,15,1763,2,36000,1.00850822462
6630,6656,8450,26,1794,2,36000,1.01449275362
6649,6680,8061,31,1381,2,36000,1.02244750181
6671,6686,7895,15,1209,2,36000,1.01240694789
6687,6693,8825,6,2132,2,36000,1.00281425891
6688,6699,8517,11,1818,2,36000,1.00605060506
6690,6776,8076,86,1300,2,36000,1.06615384615
6767,6783,8180,16,1397,2,36000,1.01145311382
6782,6812,8487,30,1675,2,36000,1.01791044776
6804,6837,8369,33,1532,2,36000,1.02154046997
6828,6861,8325,33,1464,2,36000,1.02254098361
6850,6867,7946,17,1079,2,36000,1.01575532901
6866,6873,8009,7,1136,2,36000,1.00616197183
6867,6880,8771,13,1891,2,36000,1.00687466949
6883,6895,7976,12,1081,2,36000,1.01110083256
6899,6906,8652,7,1746,2,36000,1.0040091638
6901,6911,8452,10,1541,2,36000,1.00648929267
6902,6918,8004,16,1086,2,36000,1.01473296501
6903,6926,8086,23,1160,2,36000,1.01982758621
6919,6934,8081,15,1147,2,36000,1.01307759372
6935,6944,8880,9,1936,2,36000,1.00464876033
6936,6953,8133,17,1180,2,36000,1.01440677966
6952,6959,8569,7,1610,2,36000,1.00434782609
6954,6965,8040,11,1075,2,36000,1.01023255814
6955,6971,8260,16,1289,2,36000,1.01241272304
6971,6997,8289,26,1292,2,36000,1.02012383901
6989,7010,8573,21,1563,2,36000,1.01343570058
7005,7016,9027,11,2011,2,36000,1.00546991546
7006,7024,8154,18,1130,2,36000,1.01592920354
7022,7044,8038,22,994,2,36000,1.02213279678
7038,7051,8780,13,1729,2,36000,1.00751879699
7054,7060,8286,6,1226,2,36000,1.00489396411
7055,7084,8242,29,1158,2,36000,1.02504317789
7074,7090,9015,16,1925,2,36000,1.00831168831
7075,7096,8483,21,1387,2,36000,1.0151405912
7092,7102,8860,10,1758,2,36000,1.00568828214
7093,7108,9239,15,2131,2,36000,1.00703894885
7094,7113,8207,19,1094,2,36000,1.01736745887
7112,7119,8826,7,1707,2,36000,1.00410076157
7113,7124,8397,11,1273,2,36000,1.0086410055
7114,7130,8982,16,1852,2,36000,1.00863930886
7116,7141,8945,25,1804,2,36000,1.01385809313
7131,7148,9270,17,2122,2,36000,1.00801131008
7147,7160,9197,13,2037,2,36000,1.00638193422
7162,7197,8537,35,1340,2,36000,1.02611940299
7187,7208,8473,21,1265,2,36000,1.01660079051
7204,7214,8167,10,953,2,36000,1.01049317943
7205,7235,8782,30,1547,2,36000,1.01939237233
7227,7241,9034,14,1793,2,36000,1.00780814278
7243,7248,8722,5,1474,2,36000,1.00339213026
7244,7255,8929,11,1674,2,36000,1.00657108722
7245,7284,9323,39,2039,2,36000,1.01912702305
7273,7290,8360,17,1070,2,36000,1.01588785047
7289,7296,8969,7,1673,2,36000,1.00418410042
7291,7302,8815,11,1513,2,36000,1.00727032386
7292,7324,8870,32,1546,2,36000,1.02069857697
7313,7330,9091,17,1761,2,36000,1.00965360591
7330,7336,8618,6,1282,2,36000,1.00468018721
7331,7342,8897,11,1555,2,36000,1.00707395498
7348,7359,8574,11,1215,2,36000,1.00905349794
7349,7370,8445,21,1075,2,36000,1.01953488372
7365,7376,9195,11,1819,2,36000,1.00604727872
7366,7417,8508,51,1091,2,36000,1.04674610449
7406,7427,8551,21,1124,2,36000,1.01868327402
7422,7434,9323,12,1889,2,36000,1.0063525675
7423,7446,8477,23,1031,2,36000,1.02230843841
7439,7454,8727,15,1273,2,36000,1.01178318932
7455,7460,9491,5,2031,2,36000,1.00246184146
7456,7477,8894,21,1417,2,36000,1.01482004234
7473,7483,8523,10,1040,2,36000,1.00961538462
7474,7488,9241,14,1753,2,36000,1.00798630918
7475,7494,8983,19,1489,2,36000,1.01276024177
7476,7500,8763,24,1263,2,36000,1.0190023753
7492,7506,8587,14,1081,2,36000,1.01295097132
7508,7538,8682,30,1144,2,36000,1.02622377622
7529,7556,8576,27,1020,2,36000,1.02647058824
7549,7563,9216,14,1653,2,36000,1.00846944949
7550,7579,8909,29,1330,2,36000,1.02180451128
7569,7588,8766,19,1178,2,36000,1.01612903226
7584,7617,8717,33,1100,2,36000,1.03
7606,7628,8636,22,1008,2,36000,1.02182539683
7622,7664,9211,42,1547,2,36000,1.02714932127
7653,7694,9060,41,1366,2,36000,1.03001464129
7684,7701,9473,17,1772,2,36000,1.00959367946
7700,7707,9352,7,1645,2,36000,1.00425531915
7702,7727,9855,25,2128,2,36000,1.0117481203
7717,7758,9299,41,1541,2,36000,1.02660609994
7748,7765,8787,17,1022,2,36000,1.01663405088
7764,7771,9818,7,2047,2,36000,1.0034196385
7765,7783,9010,18,1227,2,36000,1.01466992665
7781,7789,8976,8,1187,2,36000,1.00673967987
7783,7805,8920,22,1115,2,36000,1.0197309417
7798,7812,9099,14,1287,2,36000,1.01087801088
7800,7826,8981,26,1155,2,36000,1.02251082251
7816,7833,9902,17,2069,2,36000,1.00821652972
7817,7878,9074,61,1196,2,36000,1.05100334448
7869,7907,9078,38,1171,2,36000,1.03245089667
7897,7949,9886,52,1937,2,36000,1.02684563758
7940,7956,9407,16,1451,2,36000,1.01102687802
7956,7962,9318,6,1356,2,36000,1.00442477876
7958,7974,9968,16,1994,2,36000,1.00802407222
7974,7980,9872,6,1892,2,36000,1.00317124736
7975,7986,9889,11,1903,2,36000,1.00578034682
7976,7992,9518,16,1526,2,36000,1.01048492792
7993,8004,9738,11,1734,2,36000,1.00634371396
7994,8015,9752,21,1737,2,36000,1.01208981002
8010,8021,9721,11,1700,2,36000,1.00647058824
8012,8039,9872,27,1833,2,36000,1.0147299509
8031,8049,9619,18,1570,2,36000,1.01146496815
8047,8055,9196,8,1141,2,36000,1.00701139351
8048,8061,9998,13,1937,2,36000,1.0067114094
8049,8068,9958,19,1890,2,36000,1.01005291005
8065,8074,9575,9,1501,2,36000,1.00599600266
8067,8080,10004,13,1924,2,36000,1.00675675676
8068,8086,9985,18,1899,2,36000,1.00947867299
8069,8092,9246,23,1154,2,36000,1.01993067591
8086,8098,9150,12,1052,2,36000,1.01140684411
8088,8104,9940,16,1836,2,36000,1.00871459695
8089,8109,9999,20,1890,2,36000,1.01058201058
8090,8114,9930,24,1816,2,36000,1.01321585903
8092,8120,9215,28,1095,2,36000,1.02557077626
8109,8126,10147,17,2021,2,36000,1.00841167739
8110,8132,10024,22,1892,2,36000,1.01162790698
8111,8138,9601,27,1463,2,36000,1.01845522898
8130,8144,9379,14,1235,2,36000,1.01133603239
8147,8153,9996,6,1843,2,36000,1.00325556158
8148,8159,10029,11,1870,2,36000,1.00588235294
8149,8164,9595,15,1431,2,36000,1.01048218029
8151,8171,9608,20,1437,2,36000,1.01391788448
8167,8178,9278,11,1100,2,36000,1.01
8168,8191,9370,23,1179,2,36000,1.01950805768
8183,8219,9373,36,1154,2,36000,1.03119584055
8208,8253,10196,45,1943,2,36000,1.02316006176
8243,8271,10027,28,1756,2,36000,1.0159453303
8261,8297,10177,36,1880,2,36000,1.01914893617
8286,8303,9444,17,1141,2,36000,1.01489921122
8302,8309,9388,7,1079,2,36000,1.00648748842
8304,8323,9969,19,1646,2,36000,1.01154313487
8320,8329,9783,9,1454,2,36000,1.00618982118
8321,8334,9841,13,1507,2,36000,1.00862641009
8323,8341,9505,18,1164,2,36000,1.01546391753
8338,8372,10197,34,1825,2,36000,1.01863013699
8363,8378,9798,15,1420,2,36000,1.01056338028
8379,8385,9531,6,1146,2,36000,1.00523560209
8380,8408,9448,28,1040,2,36000,1.02692307692
8399,8418,9621,19,1203,2,36000,1.01579384871
8415,8456,10181,41,1725,2,36000,1.02376811594
8446,8462,9813,16,1351,2,36000,1.0118430792
8447,8468,9546,21,1078,2,36000,1.01948051948
8463,8484,10122,21,1638,2,36000,1.01282051282
8479,8490,9699,11,1209,2,36000,1.00909842845
8480,8496,9590,16,1094,2,36000,1.01462522852
8497,8502,9565,5,1063,2,36000,1.00470366886
8498,8508,9627,10,1119,2,36000,1.00893655049
8499,8520,10218,21,1698,2,36000,1.01236749117
8514,8528,9904,14,1376,2,36000,1.0101744186
8530,8537,9966,7,1429,2,36000,1.00489853044
8532,8548,10298,16,1750,2,36000,1.00914285714
8548,8561,10163,13,1602,2,36000,1.00811485643
8564,8570,10005,6,1435,2,36000,1.00418118467
8565,8580,9873,15,1293,2,36000,1.01160092807
8581,8587,10654,6,2067,2,36000,1.00290275762
8583,8593,9630,10,1037,2,36000,1.00964320154
8584,8598,9649,14,1051,2,36000,1.013320647
8585,8605,9928,20,1323,2,36000,1.01511715797
8601,8612,10223,11,1611,2,36000,1.00682805711
8603,8629,9905,26,1276,2,36000,1.02037617555
8619,8647,10578,28,1931,2,36000,1.01450025893
8637,8663,10590,26,1927,2,36000,1.01349247535
8656,8694,10488,38,1794,2,36000,1.02118171683
8684,8729,10061,45,1332,2,36000,1.03378378378
8718,8736,10301,18,1565,2,36000,1.01150159744
8734,8742,11419,8,2677,2,36000,1.00298841987
8735,8774,10656,39,1882,2,36000,1.02072263549
8766,8780,9917,14,1137,2,36000,1.01231310466
8767,8786,10286,19,1500,2,36000,1.01266666667
8784,8792,9797,8,1005,2,36000,1.007960199
8785,8798,10581,13,1783,2,36000,1.00729108245
8787,8804,10194,17,1390,2,36000,1.01223021583
8802,8826,10832,24,2006,2,36000,1.01196410768
8818,8837,10021,19,1184,2,36000,1.0160472973
8834,8843,10340,9,1497,2,36000,1.00601202405
8835,8871,10173,36,1302,2,36000,1.02764976959
8863,8881,10427,18,1546,2,36000,1.01164294955
8878,8891,10774,13,1883,2,36000,1.00690387679
8895,8905,10445,10,1540,2,36000,1.00649350649
8896,8911,10509,15,1598,2,36000,1.00938673342
8912,8920,11007,8,2087,2,36000,1.00383325347
8914,8931,10823,17,1892,2,36000,1.00898520085
8929,8940,10831,11,1891,2,36000,1.00581702803
8931,8956,10690,25,1734,2,36000,1.01441753172
8947,8981,10143,34,1162,2,36000,1.02925989673
8971,8988,10789,17,1801,2,36000,1.00943920044
8988,8994,10238,6,1244,2,36000,1.00482315113
8989,9000,10042,11,1042,2,36000,1.01055662188
8991,9005,10153,14,1148,2,36000,1.01219512195
8992,9022,11032,30,2010,2,36000,1.01492537313
9011,9028,10651,17,1623,2,36000,1.01047443007
9027,9038,10997,11,1959,2,36000,1.00561510975
9028,9045,10110,17,1065,2,36000,1.01596244131
9044,9071,10996,27,1925,2,36000,1.01402597403
9063,9085,10898,22,1813,2,36000,1.01213458356
9079,9091,10907,12,1816,2,36000,1.00660792952
9080,9102,10786,22,1684,2,36000,1.01306413302
9096,9110,10698,14,1588,2,36000,1.00881612091
9112,9161,10160,49,999,2,36000,1.04904904905
9152,9206,10790,54,1584,2,36000,1.03409090909
9199,9213,10205,14,992,2,36000,1.01411290323
9200,9219,10452,19,1233,2,36000,1.01540957015
9202,9225,11080,23,1855,2,36000,1.01239892183
9218,9231,10704,13,1473,2,36000,1.00882552614
9219,9236,10432,17,1196,2,36000,1.01421404682
9221,9250,11024,29,1774,2,36000,1.01634723788
9239,9257,10786,18,1529,2,36000,1.01177240026
9255,9263,10536,8,1273,2,36000,1.00628436764
9257,9282,11080,25,1798,2,36000,1.01390433815
9272,9289,11292,17,2003,2,36000,1.0084872691
9282,9340,9507,58,167,1,3600,1.34730538922
9288,9311,11328,23,2017,2,36000,1.01140307387
9303,9329,10856,26,1527,2,36000,1.01702685003
9319,9335,10552,16,1217,2,36000,1.01314708299
9335,9363,10695,28,1332,2,36000,1.02102102102
9336,9382,11071,46,1689,2,36000,1.02723505033
9355,9389,11220,34,1831,2,36000,1.01856908793
9374,9396,10828,22,1432,2,36000,1.01536312849
9375,9403,11324,28,1921,2,36000,1.0145757418
9391,9418,10529,27,1111,2,36000,1.02430243024
9393,9455,11373,62,1918,2,36000,1.03232533889
9408,9462,11192,54,1730,2,36000,1.03121387283
9446,9485,11493,39,2008,2,36000,1.01942231076
9462,9502,11219,40,1717,2,36000,1.02329644729
9477,9517,11528,40,2011,2,36000,1.01989060169
9493,9524,10688,31,1164,2,36000,1.02663230241
9508,9530,10765,22,1235,2,36000,1.01781376518
9524,9542,10601,18,1059,2,36000,1.01699716714
9539,9557,10995,18,1438,2,36000,1.01251738526
9555,9576,11015,21,1439,2,36000,1.01459346769
9571,9587,11572,16,1985,2,36000,1.0080604534
9586,9601,10786,15,1185,2,36000,1.01265822785
9603,9609,11060,6,1451,2,36000,1.00413507926
9604,9615,11430,11,1815,2,36000,1.00606060606
9605,9621,11136,16,1515,2,36000,1.01056105611
9621,9631,10705,10,1074,2,36000,1.00931098696
9623,9637,10920,14,1283,2,36000,1.01091192518
9624,9643,10839,19,1196,2,36000,1.01588628763
9641,9649,11875,8,2226,2,36000,1.00359389039
9642,9660,11234,18,1574,2,36000,1.01143583227
9658,9710,11391,52,1681,2,36000,1.03093396788
9685,10463,10811,778,348,1,3600,3.23563218391
9701,9733,11587,32,1854,2,36000,1.01725997843
9723,9750,12015,27,2265,2,36000,1.0119205298
9742,9763,10790,21,1027,2,36000,1.02044790652
9757,9794,10853,37,1059,2,36000,1.03493862134
9782,9808,11594,26,1786,2,36000,1.01455767077
9798,9815,11641,17,1826,2,36000,1.00930996714
9799,9824,11648,25,1824,2,36000,1.01370614035
9815,9830,11155,15,1325,2,36000,1.01132075472
9830,9852,11180,22,1328,2,36000,1.01656626506
9846,9866,10947,20,1081,2,36000,1.0185013876
9861,9883,11304,22,1421,2,36000,1.01548205489
9878,9888,11329,10,1441,2,36000,1.00693962526
9879,9895,11310,16,1415,2,36000,1.01130742049
9880,9902,11990,22,2088,2,36000,1.01053639847
9896,9907,11570,11,1663,2,36000,1.00661455201
9898,9914,11480,16,1566,2,36000,1.01021711367
9914,9920,11107,6,1187,2,36000,1.0050547599
9915,9926,11130,11,1204,2,36000,1.00913621262
9916,9932,11789,16,1857,2,36000,1.00861604739
9933,9939,10967,6,1028,2,36000,1.00583657588
9934,9945,11819,11,1874,2,36000,1.00586979723
9935,9952,11908,17,1956,2,36000,1.00869120654
9951,9969,11018,18,1049,2,36000,1.01715919924
9968,9977,11840,9,1863,2,36000,1.00483091787
9969,9984,11741,15,1757,2,36000,1.00853727945
9970,9989,11346,19,1357,2,36000,1.01400147384
9987,9996,11836,9,1840,2,36000,1.00489130435
9988,10008,11130,20,1122,2,36000,1.01782531194
10005,10014,11936,9,1922,2,36000,1.00468262227
10007,10020,11348,13,1328,2,36000,1.00978915663
10008,10026,11116,18,1090,2,36000,1.01651376147
10009,10032,11964,23,1932,2,36000,1.0119047619
10011,10038,11196,27,1158,2,36000,1.02331606218
10028,10043,11818,15,1775,2,36000,1.00845070423
10029,10049,11988,20,1939,2,36000,1.01031459515
10031,10055,11251,24,1196,2,36000,1.02006688963
10047,10060,11754,13,1694,2,36000,1.00767414404
10048,10072,11307,24,1235,2,36000,1.01943319838
10064,10121,12025,57,1904,2,36000,1.02993697479
10110,10134,11503,24,1369,2,36000,1.01753104456
10126,10154,11786,28,1632,2,36000,1.01715686275
10144,10160,11709,16,1549,2,36000,1.01032924467
10160,10166,11187,6,1021,2,36000,1.00587659158
10161,10172,12140,11,1968,2,36000,1.00558943089
10163,10178,11538,15,1360,2,36000,1.01102941176
10180,10185,12155,5,1970,2,36000,1.00253807107
10181,10191,11426,10,1235,2,36000,1.00809716599
10182,10198,11229,16,1031,2,36000,1.01551891368
10199,10205,11370,6,1165,2,36000,1.00515021459
10201,10211,11347,10,1136,2,36000,1.0088028169
10202,10216,11595,14,1379,2,36000,1.01015228426
10203,10223,11260,20,1037,2,36000,1.01928640309
10219,10229,11621,10,1392,2,36000,1.00718390805
10221,10235,11622,14,1387,2,36000,1.01009372747
10236,10249,11980,13,1731,2,36000,1.00751010976
10252,10297,12092,45,1795,2,36000,1.02506963788
10286,10309,11335,23,1026,2,36000,1.022417154
10303,10315,11445,12,1130,2,36000,1.01061946903
10304,10351,12322,47,1971,2,36000,1.02384576357
10341,10438,12348,97,1910,2,36000,1.05078534031
10428,10444,11869,16,1425,2,36000,1.01122807018
10444,10456,12218,12,1762,2,36000,1.00681044268
10460,10500,11584,40,1084,2,36000,1.036900369
10461,10521,12433,60,1912,2,36000,1.03138075314
10489,10540,11721,51,1181,2,36000,1.04318374259
10512,10547,12569,35,2022,2,36000,1.01730959446
10530,10563,12397,33,1834,2,36000,1.01799345692
10546,10589,12194,43,1605,2,36000,1.02679127726
10561,10595,12193,34,1598,2,36000,1.02127659574
10580,10601,11539,21,938,2,36000,1.0223880597
10596,10612,11874,16,1262,2,36000,1.01267828843
10597,10662,12614,65,1952,2,36000,1.03329918033
10613,10668,11977,55,1309,2,36000,1.04201680672
10653,10674,11982,21,1308,2,36000,1.01605504587
10669,10699,12726,30,2027,2,36000,1.01480019734
10670,10706,11847,36,1141,2,36000,1.03155127082
10689,10712,12361,23,1649,2,36000,1.01394784718
10705,10718,12314,13,1596,2,36000,1.00814536341
10707,10724,12824,17,2100,2,36000,1.0080952381
10708,10729,11951,21,1222,2,36000,1.01718494272
10709,10776,11955,67,1179,2,36000,1.05682782019
10711,10785,11975,74,1190,2,36000,1.06218487395
10766,10797,11870,31,1073,2,36000,1.02889095993
10783,10803,11931,20,1128,2,36000,1.01773049645
10800,10808,12121,8,1313,2,36000,1.00609291698
10801,10814,12226,13,1412,2,36000,1.00920679887
10803,10819,12377,16,1558,2,36000,1.01026957638
10804,10825,12616,21,1791,2,36000,1.01172529313
10805,10830,12148,25,1318,2,36000,1.01896813354
10807,10837,12617,30,1780,2,36000,1.01685393258
10826,10844,12657,18,1813,2,36000,1.00992829564
10842,10850,11980,8,1130,2,36000,1.00707964602
10843,10855,12742,12,1887,2,36000,1.00635930048
10845,10861,12560,16,1699,2,36000,1.0094173043
10846,10867,12418,21,1551,2,36000,1.01353965184
10862,10873,11895,11,1022,2,36000,1.01076320939
10863,10910,11883,47,973,2,36000,1.04830421377
10900,10918,12460,18,1542,2,36000,1.01167315175
10916,10932,12091,16,1159,2,36000,1.01380500431
10931,10959,13008,28,2049,2,36000,1.01366520254
10950,10979,12197,29,1218,2,36000,1.02380952381
10968,11006,12125,38,1119,2,36000,1.03395889187
10996,11012,12723,16,1711,2,36000,1.00935125658
10998,11017,12106,19,1089,2,36000,1.01744719927
11014,11024,12644,10,1620,2,36000,1.00617283951
11016,11030,12667,14,1637,2,36000,1.00855222969
11032,11039,12960,7,1921,2,36000,1.00364393545
11034,11045,12361,11,1316,2,36000,1.00835866261
11035,11050,12511,15,1461,2,36000,1.01026694045
11036,11071,12282,35,1211,2,36000,1.0289017341
11061,11082,13125,21,2043,2,36000,1.01027900147
11077,11091,13135,14,2044,2,36000,1.00684931507
11093,11099,12097,6,998,2,36000,1.00601202405
11094,11118,12443,24,1325,2,36000,1.01811320755
11110,11127,12795,17,1668,2,36000,1.01019184652
11126,11142,12977,16,1835,2,36000,1.00871934605
11142,11148,12626,6,1478,2,36000,1.00405953992
11143,11154,12233,11,1079,2,36000,1.01019462465
11144,11166,13059,22,1893,2,36000,1.0116217644
11160,11191,13169,31,1978,2,36000,1.01567239636
11163,11349,12180,186,831,1,3600,1.2238267148
11182,11199,13048,17,1849,2,36000,1.009194159
11198,11205,12632,7,1427,2,36000,1.00490539594
11200,11212,12905,12,1693,2,36000,1.00708800945
11201,11231,12845,30,1614,2,36000,1.01858736059
11220,11236,13060,16,1824,2,36000,1.00877192982
11222,11243,12357,21,1114,2,36000,1.01885098743
11238,11249,12845,11,1596,2,36000,1.00689223058
11240,11263,12341,23,1078,2,36000,1.02133580705
11255,11271,12713,16,1442,2,36000,1.01109570042
11271,11303,12366,32,1063,2,36000,1.03010348071
11292,11315,12498,23,1183,2,36000,1.01944209637
11308,11322,12351,14,1029,2,36000,1.01360544218
11310,11328,12396,18,1068,2,36000,1.01685393258
11326,11336,12779,10,1443,2,36000,1.00693000693
11327,11343,12877,16,1534,2,36000,1.01043024772
11344,11355,13246,11,1891,2,36000,1.00581702803
11345,11362,13197,17,1835,2,36000,1.00926430518
11347,11368,12443,21,1075,2,36000,1.01953488372
11363,11374,12653,11,1279,2,36000,1.00860046912
11365,11381,12913,16,1532,2,36000,1.01044386423
11366,11387,12734,21,1347,2,36000,1.01559020045
11382,11403,13019,21,1616,2,36000,1.0129950495
11383,11431,12670,48,1239,2,36000,1.0387409201
11399,11438,12899,39,1461,2,36000,1.02669404517
11421,11444,12615,23,1171,2,36000,1.01964133219
11437,11492,13339,55,1847,2,36000,1.02977801841
11438,11456,12829,18,1373,2,36000,1.01310997815
11454,11504,12632,50,1128,2,36000,1.04432624113
11482,11514,13551,32,2037,2,36000,1.01570937653
11498,11539,12937,41,1398,2,36000,1.02932761087
11513,11549,13456,36,1907,2,36000,1.01887781856
11529,11555,13491,26,1936,2,36000,1.01342975207
11545,11581,13338,36,1757,2,36000,1.02048947069
11547,11587,12923,40,1336,2,36000,1.02994011976
11575,11595,13410,20,1815,2,36000,1.01101928375
11576,11601,12720,25,1119,2,36000,1.02234137623
11592,11608,13199,16,1591,2,36000,1.0100565682
11594,11613,13495,19,1882,2,36000,1.01009564293
11610,11632,13241,22,1609,2,36000,1.01367308888
11611,11639,12722,28,1083,2,36000,1.02585410896
11627,11653,12756,26,1103,2,36000,1.02357207616
11628,11659,12712,31,1053,2,36000,1.02943969611
11644,11721,13595,77,1874,2,36000,1.04108858058
11659,11732,12973,73,1241,2,36000,1.05882352941
11712,11752,13477,40,1725,2,36000,1.0231884058
11727,11765,12689,38,924,2,36000,1.04112554113
11743,11797,13497,54,1700,2,36000,1.03176470588
11759,11804,13866,45,2062,2,36000,1.02182347236
11787,11829,12946,42,1117,2,36000,1.0376007162
11803,11836,13116,33,1280,2,36000,1.02578125
11818,11847,13575,29,1728,2,36000,1.01678240741
11820,11853,13773,33,1920,2,36000,1.0171875
11838,11860,13026,22,1166,2,36000,1.01886792453
11855,11880,12974,25,1094,2,36000,1.02285191956
11856,11887,13815,31,1928,2,36000,1.01607883817
11872,11893,13760,21,1867,2,36000,1.01124799143
11873,11898,13092,25,1194,2,36000,1.02093802345
11890,11904,12950,14,1046,2,36000,1.01338432122
11892,11911,12955,19,1044,2,36000,1.01819923372
11893,11919,13109,26,1190,2,36000,1.0218487395
11909,11942,13080,33,1138,2,36000,1.02899824253
11910,11949,13952,39,2003,2,36000,1.01947079381
11932,11962,13144,30,1182,2,36000,1.02538071066
11948,11968,12849,20,881,2,36000,1.0227014756
11964,11975,13072,11,1097,2,36000,1.01002734731
11966,11986,13520,20,1534,2,36000,1.01303780965
11967,11993,13111,26,1118,2,36000,1.02325581395
11984,11998,13029,14,1031,2,36000,1.01357904947
11985,12003,13918,18,1915,2,36000,1.00939947781
11987,12009,13140,22,1131,2,36000,1.01945181256
11988,12015,13164,27,1149,2,36000,1.02349869452
11989,12020,13194,31,1174,2,36000,1.02640545145
12006,12026,13079,20,1053,2,36000,1.01899335233
12007,12037,13163,30,1126,2,36000,1.02664298401
12023,12102,13875,79,1773,2,36000,1.0445572476
12038,12109,12998,71,889,2,36000,1.07986501687
12094,12114,14181,20,2067,2,36000,1.00967585873
12096,12121,13149,25,1028,2,36000,1.02431906615
12112,12132,13322,20,1190,2,36000,1.01680672269
12113,12139,13217,26,1078,2,36000,1.0241187384
12129,12152,13711,23,1559,2,36000,1.01475304682
12130,12159,14003,29,1844,2,36000,1.01572668113
12146,12166,13392,20,1226,2,36000,1.0163132137
12162,12190,13521,28,1331,2,36000,1.02103681443
12163,12204,13616,41,1412,2,36000,1.0290368272
12195,12210,13216,15,1006,2,36000,1.01491053678
12196,12215,13428,19,1213,2,36000,1.01566364386
12212,12229,13632,17,1403,2,36000,1.01211689237
12228,12237,13874,9,1637,2,36000,1.00549786194
12230,12244,13713,14,1469,2,36000,1.00953029272
12246,12293,14407,47,2114,2,36000,1.02223273415
12283,12325,13525,42,1200,2,36000,1.035
12314,12333,14268,19,1935,2,36000,1.00981912145
12330,12352,13915,22,1563,2,36000,1.01407549584
12345,12359,13426,14,1067,2,36000,1.01312089972
12362,12368,13455,6,1087,2,36000,1.00551977921
12363,12374,14013,11,1639,2,36000,1.0067114094
12364,12379,13494,15,1115,2,36000,1.0134529148
12366,12385,13338,19,953,2,36000,1.01993704092
12367,12391,13404,24,1013,2,36000,1.02369200395
12383,12396,13465,13,1069,2,36000,1.01216089804
12385,12407,14027,22,1620,2,36000,1.01358024691
12401,12413,13627,12,1214,2,36000,1.00988467875
12402,12429,13818,27,1389,2,36000,1.01943844492
12421,12444,13823,23,1379,2,36000,1.01667875272
12437,12453,13540,16,1087,2,36000,1.01471941122
12452,12459,14332,7,1873,2,36000,1.00373731981
12454,12471,13643,17,1172,2,36000,1.01450511945
12469,12510,13659,41,1149,2,36000,1.03568320279
12500,12522,13602,22,1080,2,36000,1.02037037037
12516,12571,13548,55,977,2,36000,1.05629477994
12563,12580,14370,17,1790,2,36000,1.0094972067
12578,12626,14034,48,1408,2,36000,1.03409090909
12618,12631,14499,13,1868,2,36000,1.00695931478
12619,12638,13809,19,1171,2,36000,1.01622544833
12621,12644,14382,23,1738,2,36000,1.01323360184
12622,12649,13740,27,1091,2,36000,1.02474793767
12639,12655,13701,16,1046,2,36000,1.01529636711
12640,12661,14198,21,1537,2,36000,1.01366297983
12641,12666,14595,25,1929,2,36000,1.01296008294
12658,12672,14437,14,1765,2,36000,1.00793201133
12659,12677,14733,18,2056,2,36000,1.00875486381
12660,12683,14550,23,1867,2,36000,1.01231922871
12677,12688,13819,11,1131,2,36000,1.00972590628
12678,12700,14750,22,2050,2,36000,1.01073170732
12694,12723,14149,29,1426,2,36000,1.02033660589
12713,12730,14597,17,1867,2,36000,1.00910551687
12714,12737,14508,23,1771,2,36000,1.01298701299
12731,12743,13891,12,1148,2,36000,1.01045296167
12733,12748,14226,15,1478,2,36000,1.0101488498
12734,12754,14672,20,1918,2,36000,1.01042752868
12735,12760,13951,25,1191,2,36000,1.02099076406
12752,12765,14592,13,1827,2,36000,1.00711548987
12753,12771,13812,18,1041,2,36000,1.01729106628
12768,12790,14563,22,1773,2,36000,1.01240834743
12784,12806,14129,22,1323,2,36000,1.01662887377
12800,12835,14872,35,2037,2,36000,1.01718213058
12814,12862,13035,48,173,1,3600,1.2774566474
12828,12842,13852,14,1010,2,36000,1.01386138614
12844,12856,14603,12,1747,2,36000,1.00686891815
12860,12868,14710,8,1842,2,36000,1.00434310532
12861,12888,14162,27,1274,2,36000,1.02119309262
12862,12910,14138,48,1228,2,36000,1.03908794788
12878,12917,14287,39,1370,2,36000,1.02846715328
12900,12925,14021,25,1096,2,36000,1.02281021898
12916,12934,14216,18,1282,2,36000,1.01404056162
12918,12948,14044,30,1096,2,36000,1.02737226277
12934,12957,14160,23,1203,2,36000,1.01911886949
12950,12964,13980,14,1016,2,36000,1.01377952756
12952,12970,14925,18,1955,2,36000,1.00920716113
12953,12976,14195,23,1219,2,36000,1.01886792453
12969,12984,14036,15,1052,2,36000,1.01425855513
12971,12991,14871,20,1880,2,36000,1.01063829787
12987,12997,15169,10,2172,2,36000,1.00460405157
12988,13010,14436,22,1426,2,36000,1.01542776999
12990,13019,14047,29,1028,2,36000,1.02821011673
13005,13031,14480,26,1449,2,36000,1.01794340925
13021,13038,14137,17,1099,2,36000,1.01546860783
13023,13045,14712,22,1667,2,36000,1.01319736053
13041,13051,15046,10,1995,2,36000,1.00501253133
13042,13059,14140,17,1081,2,36000,1.01572617946
13058,13070,14223,12,1153,2,36000,1.01040763226
13074,13081,14491,7,1410,2,36000,1.00496453901
13076,13087,14196,11,1109,2,36000,1.00991884581
13077,13093,14098,16,1005,2,36000,1.01592039801
13093,13099,14587,6,1488,2,36000,1.00403225806
13095,13105,14274,10,1169,2,36000,1.00855431993
13096,13121,14340,25,1219,2,36000,1.02050861362
13112,13127,14932,15,1805,2,36000,1.00831024931
13113,13132,14484,19,1352,2,36000,1.01405325444
13129,13139,14325,10,1186,2,36000,1.0084317032
13130,13147,14350,17,1203,2,36000,1.01413133832
13146,13153,15065,7,1912,2,36000,1.00366108787
13147,13159,14430,12,1271,2,36000,1.00944138474
13149,13165,14199,16,1034,2,36000,1.01547388781
13165,13174,14929,9,1755,2,36000,1.00512820513
13166,13180,14998,14,1818,2,36000,1.00770077008
13167,13185,14342,18,1157,2,36000,1.01555747623
13184,13205,14218,21,1013,2,36000,1.02073050346
13200,13211,14745,11,1534,2,36000,1.00717079531
13201,13216,14476,15,1260,2,36000,1.0119047619
13202,13228,14867,26,1639,2,36000,1.0158633313
13202,13514,13858,312,344,1,3600,1.90697674419
13218,13233,14324,15,1091,2,36000,1.01374885426
13220,13252,14223,32,971,2,36000,1.03295571576
13242,13258,15086,16,1828,2,36000,1.00875273523
13257,13334,14966,77,1632,2,36000,1.04718137255
13323,13351,14987,28,1636,2,36000,1.01711491443
13340,13356,14495,16,1139,2,36000,1.01404741001
13341,13361,14700,20,1339,2,36000,1.01493651979
13342,13403,14537,61,1134,2,36000,1.05379188713
13395,13416,14461,21,1045,2,36000,1.02009569378
13397,13519,13633,122,114,1,3600,2.0701754386
13412,13423,14989,11,1566,2,36000,1.00702426564
13413,13438,14529,25,1091,2,36000,1.0229147571
13430,13445,14832,15,1387,2,36000,1.010814708
13431,13466,15426,35,1960,2,36000,1.01785714286
13453,13473,14703,20,1230,2,36000,1.0162601626
13470,13479,14855,9,1376,2,36000,1.00654069767
13471,13488,14940,17,1452,2,36000,1.01170798898
13487,13502,15053,15,1551,2,36000,1.00967117988
13503,13509,15441,6,1932,2,36000,1.00310559006
13505,13526,14857,21,1331,2,36000,1.01577761082
13506,13532,15361,26,1829,2,36000,1.01421541826
13507,13538,15011,31,1473,2,36000,1.0210454854
13523,13544,14551,21,1007,2,36000,1.02085402185
13524,13552,14783,28,1231,2,36000,1.02274573517
13540,13559,14966,19,1407,2,36000,1.01350390903
13541,13565,14567,24,1002,2,36000,1.02395209581
13557,13586,14740,29,1154,2,36000,1.02512998267
13559,13606,15494,47,1888,2,36000,1.0248940678
13577,13613,14767,36,1154,2,36000,1.03119584055
13596,13627,14971,31,1344,2,36000,1.02306547619
13612,13638,15502,26,1864,2,36000,1.01394849785
13629,13644,14861,15,1217,2,36000,1.0123253903
13630,13654,14735,24,1081,2,36000,1.02220166512
13646,13671,15629,25,1958,2,36000,1.01276813075
13647,13713,14837,66,1124,2,36000,1.05871886121
13663,13722,15082,59,1360,2,36000,1.04338235294
13704,13729,15663,25,1934,2,36000,1.01292657704
13719,13751,15572,32,1821,2,36000,1.01757276222
13721,13771,15738,50,1967,2,36000,1.02541942044
13742,13785,14890,43,1105,2,36000,1.03891402715
13762,13820,15025,58,1205,2,36000,1.04813278008
13777,13827,15143,50,1316,2,36000,1.03799392097
13812,13832,15156,20,1324,2,36000,1.01510574018
13813,13891,14207,78,316,1,3600,1.24683544304
13813,13839,14948,26,1109,2,36000,1.02344454463
13830,13845,15036,15,1191,2,36000,1.01259445844
13831,13850,14893,19,1043,2,36000,1.01821668265
13833,13863,15378,30,1515,2,36000,1.0198019802
13834,13869,15136,35,1267,2,36000,1.02762430939
13856,13877,15099,21,1222,2,36000,1.01718494272
13872,13885,14943,13,1058,2,36000,1.01228733459
13888,13902,15031,14,1129,2,36000,1.0124003543
13889,13926,14926,37,1000,2,36000,1.037
13904,13933,15346,29,1413,2,36000,1.02052370842
13921,13964,15640,43,1676,2,36000,1.02565632458
13922,13969,15111,47,1142,2,36000,1.0411558669
13955,13991,15784,36,1793,2,36000,1.02007808143
13956,14014,15914,58,1900,2,36000,1.03052631579
13981,14024,15698,43,1674,2,36000,1.0256869773
14006,14032,15231,26,1199,2,36000,1.02168473728
14022,14039,15949,17,1910,2,36000,1.00890052356
14024,14045,15891,21,1846,2,36000,1.011375948
14040,14051,15269,11,1218,2,36000,1.00903119869
14042,14057,15134,15,1077,2,36000,1.0139275766
14043,14063,15174,20,1111,2,36000,1.01800180018
14059,14109,15246,50,1137,2,36000,1.04397537379
14060,14140,15850,80,1710,2,36000,1.04678362573
14100,14149,15477,49,1328,2,36000,1.03689759036
14132,14154,15801,22,1647,2,36000,1.01335761991
14149,14160,15164,11,1004,2,36000,1.0109561753
14150,14165,15669,15,1504,2,36000,1.00997340426
14151,14172,15254,21,1082,2,36000,1.01940850277
14153,14179,15681,26,1502,2,36000,1.017310253
14169,14192,16180,23,1988,2,36000,1.0115694165
14170,14206,15343,36,1137,2,36000,1.03166226913
14187,14212,15279,25,1067,2,36000,1.02343017807
14203,14218,15313,15,1095,2,36000,1.01369863014
14204,14223,15455,19,1232,2,36000,1.01542207792
14206,14234,15584,28,1350,2,36000,1.02074074074
14207,14229,16083,22,1854,2,36000,1.01186623517
14213,14239,15051,26,812,1,3600,1.03201970443
14224,14245,17030,21,2785,2,36000,1.00754039497
14225,14250,15258,25,1008,2,36000,1.0248015873
14226,14256,15290,30,1034,2,36000,1.02901353965
14228,14279,15793,51,1514,2,36000,1.03368560106
14243,14285,15633,42,1348,2,36000,1.03115727003
14269,14298,15425,29,1127,2,36000,1.02573203194
14285,14335,16002,50,1667,2,36000,1.0299940012
14300,14342,15860,42,1518,2,36000,1.02766798419
14326,14349,16021,23,1672,2,36000,1.01375598086
14327,14356,15743,29,1387,2,36000,1.02090843547
14344,14361,15555,17,1194,2,36000,1.01423785595
14345,14368,15545,23,1177,2,36000,1.01954120646
14346,14381,15496,35,1115,2,36000,1.03139013453
14362,14393,15699,31,1306,2,36000,1.02373660031
14378,14418,15718,40,1300,2,36000,1.03076923077
14394,14441,15722,47,1281,2,36000,1.03669008587
14410,14448,16061,38,1613,2,36000,1.02355858648
14432,14453,15441,21,988,2,36000,1.02125506073
14448,14472,15560,24,1088,2,36000,1.02205882353
14450,14487,15745,37,1258,2,36000,1.02941176471
14466,14493,15715,27,1222,2,36000,1.02209492635
14482,14500,15610,18,1110,2,36000,1.01621621622
14483,14506,15690,23,1184,2,36000,1.01942567568
14499,14511,15691,12,1180,2,36000,1.01016949153
14500,14517,16278,17,1761,2,36000,1.00965360591
14502,14523,15617,21,1094,2,36000,1.01919561243
14503,14540,15643,37,1103,2,36000,1.03354487761
14519,14548,15680,29,1132,2,36000,1.02561837456
14535,14562,16222,27,1660,2,36000,1.01626506024
14551,14568,16080,17,1512,2,36000,1.01124338624
14552,14575,15592,23,1017,2,36000,1.02261553589
14554,14581,16469,27,1888,2,36000,1.01430084746
14570,14598,15739,28,1141,2,36000,1.0245398773
14572,14605,15643,33,1038,2,36000,1.03179190751
14590,14611,15917,21,1306,2,36000,1.01607963247
14607,14617,15821,10,1204,2,36000,1.00830564784
14609,14622,16230,13,1608,2,36000,1.00808457711
14610,14683,16565,73,1882,2,36000,1.03878852285
14611,14712,15805,101,1093,2,36000,1.09240622141
14673,14719,16507,46,1788,2,36000,1.02572706935
14701,14878,15462,177,584,1,3600,1.30308219178
14701,14725,16606,24,1881,2,36000,1.01275917065
14718,14730,15783,12,1053,2,36000,1.0113960114
14720,14744,16739,24,1995,2,36000,1.01203007519
14721,14751,16484,30,1733,2,36000,1.01731102135
14738,14756,16493,18,1737,2,36000,1.0103626943
14739,14763,15733,24,970,2,36000,1.02474226804
14756,14768,16585,12,1817,2,36000,1.00660429279
14757,14778,15606,21,828,2,36000,1.02536231884
14759,14794,16138,35,1344,2,36000,1.02604166667
14774,14844,15944,70,1100,2,36000,1.06363636364
14790,14851,15816,61,965,2,36000,1.06321243523
14835,14866,16192,31,1326,2,36000,1.0233785822
14851,14873,16310,22,1437,2,36000,1.01530967293
14868,14884,16196,16,1312,2,36000,1.01219512195
14869,14889,15964,20,1075,2,36000,1.01860465116
14871,14895,16776,24,1881,2,36000,1.01275917065
14872,14900,16128,28,1228,2,36000,1.02280130293
14888,14906,16071,18,1165,2,36000,1.01545064378
14890,14912,16982,22,2070,2,36000,1.01062801932
14905,14936,16719,31,1783,2,36000,1.01738642737
14907,14943,15911,36,968,2,36000,1.03719008264
14926,14948,16967,22,2019,2,36000,1.01089648341
14927,14953,16124,26,1171,2,36000,1.02220324509
14943,14960,16223,17,1263,2,36000,1.01346001584
14945,14965,16673,20,1708,2,36000,1.01170960187
14946,14971,16270,25,1299,2,36000,1.01924557352
14947,14977,16122,30,1145,2,36000,1.02620087336
14963,14982,16301,19,1319,2,36000,1.01440485216
14980,14989,16252,9,1263,2,36000,1.00712589074
14981,14998,16523,17,1525,2,36000,1.01114754098
14982,15005,16160,23,1155,2,36000,1.01991341991
14998,15011,16927,13,1916,2,36000,1.00678496868
15000,15022,16147,22,1125,2,36000,1.01955555556
15001,15036,16176,35,1140,2,36000,1.03070175439
15017,15043,16598,26,1555,2,36000,1.01672025723
15033,15049,16322,16,1273,2,36000,1.01256873527
15034,15058,16226,24,1168,2,36000,1.02054794521
15050,15064,15976,14,912,2,36000,1.01535087719
15052,15076,17028,24,1952,2,36000,1.01229508197
15067,15093,16137,26,1044,2,36000,1.02490421456
15069,15099,16657,30,1558,2,36000,1.01925545571
15085,15110,17076,25,1966,2,36000,1.01271617497
15101,15122,16509,21,1387,2,36000,1.0151405912
15102,15146,16563,44,1417,2,36000,1.03105151729
15117,15153,16779,36,1626,2,36000,1.0221402214
15137,15159,17195,22,2036,2,36000,1.01080550098
15138,15167,16185,29,1018,2,36000,1.02848722986
15154,15175,16294,21,1119,2,36000,1.01876675603
15170,15181,16374,11,1193,2,36000,1.00922045264
15172,15188,17114,16,1926,2,36000,1.00830737279
15173,15242,16339,69,1097,2,36000,1.06289881495
15189,15257,17074,68,1817,2,36000,1.03742432581
15232,15265,16264,33,999,2,36000,1.03303303303
15248,15271,16796,23,1525,2,36000,1.01508196721
15264,15281,16695,17,1414,2,36000,1.01202263083
15266,15290,16404,24,1114,2,36000,1.02154398564
15282,15301,16296,19,995,2,36000,1.01909547739
15283,15324,17074,41,1750,2,36000,1.02342857143
15299,15354,16434,55,1080,2,36000,1.05092592593
15314,15360,16406,46,1046,2,36000,1.04397705545
15346,15373,16408,27,1035,2,36000,1.02608695652
15347,15390,16941,43,1551,2,36000,1.027724049
15363,15437,17163,74,1726,2,36000,1.04287369641
15382,15442,16384,60,942,2,36000,1.06369426752
15429,15457,17127,28,1670,2,36000,1.01676646707
15431,15452,16432,21,980,2,36000,1.02142857143
15447,15466,17345,19,1879,2,36000,1.01011176158
15448,15472,16655,24,1183,2,36000,1.0202874049
15464,15488,17453,24,1965,2,36000,1.01221374046
15480,15506,17397,26,1891,2,36000,1.01374933897
15495,15513,17040,18,1527,2,36000,1.01178781925
15497,15518,17012,21,1494,2,36000,1.0140562249
15513,15556,17548,43,1992,2,36000,1.02158634538
15547,15566,16680,19,1114,2,36000,1.0170556553
15563,15572,16542,9,970,2,36000,1.00927835052
15564,15584,17580,20,1996,2,36000,1.01002004008
15580,15595,16886,15,1291,2,36000,1.01161890008
15596,15617,16906,21,1289,2,36000,1.01629169899
15597,15622,16815,25,1193,2,36000,1.02095557418
15613,15628,17719,15,2091,2,36000,1.00717360115
15614,15633,17642,19,2009,2,36000,1.00945744151
15630,15640,16947,10,1307,2,36000,1.00765110941
15632,15646,16780,14,1134,2,36000,1.01234567901
15649,15654,17638,5,1984,2,36000,1.00252016129
15650,15660,17520,10,1860,2,36000,1.00537634409
15651,15665,17007,14,1342,2,36000,1.01043219076
15652,15674,16808,22,1134,2,36000,1.01940035273
15669,15680,16930,11,1250,2,36000,1.0088
15670,15691,17542,21,1851,2,36000,1.0113452188
15686,15697,16908,11,1211,2,36000,1.00908340215
15688,15703,16856,15,1153,2,36000,1.01300954033
15705,15710,16806,5,1096,2,36000,1.0045620438
15706,15716,16682,10,966,2,36000,1.01035196687
15707,15721,17587,14,1866,2,36000,1.00750267953
15709,15727,17274,18,1547,2,36000,1.0116354234
15725,15733,17379,8,1646,2,36000,1.00486026731
15726,15738,17478,12,1740,2,36000,1.00689655172
15727,15745,16631,18,886,2,36000,1.02031602709
15745,15751,17756,6,2005,2,36000,1.0029925187
15746,15757,17311,11,1554,2,36000,1.00707850708
15748,15763,16814,15,1051,2,36000,1.01427212179
15749,15768,17685,19,1917,2,36000,1.00991131977
15750,15795,16895,45,1100,2,36000,1.04090909091
15785,15800,16770,15,970,2,36000,1.01546391753
15787,15806,16810,19,1004,2,36000,1.01892430279
15803,15812,17920,9,2108,2,36000,1.00426944972
15804,15818,17660,14,1842,2,36000,1.00760043431
15821,15827,16681,6,854,2,36000,1.00702576112
15822,15833,16824,11,991,2,36000,1.01109989909
15824,15861,16991,37,1130,2,36000,1.03274336283
15852,15872,17054,20,1182,2,36000,1.01692047377
15868,15902,17196,34,1294,2,36000,1.02627511592
15893,15922,17075,29,1153,2,36000,1.02515177797
15911,15928,17828,17,1900,2,36000,1.00894736842
15927,15934,17033,7,1099,2,36000,1.00636942675
15929,15955,16974,26,1019,2,36000,1.02551521099
15944,15961,17032,17,1071,2,36000,1.01587301587
15960,15975,17917,15,1942,2,36000,1.00772399588
15976,15987,17153,11,1166,2,36000,1.00943396226
15977,16013,17115,36,1102,2,36000,1.03266787659
16003,16033,18024,30,1991,2,36000,1.01506780512
16025,16072,17410,47,1338,2,36000,1.03512705531
16062,16082,17883,20,1801,2,36000,1.0111049417
16078,16092,18027,14,1935,2,36000,1.00723514212
16096,16102,17325,6,1223,2,36000,1.00490596893
16097,16133,17735,36,1602,2,36000,1.02247191011
16125,16139,17156,14,1017,2,36000,1.01376597837
16127,16145,18153,18,2008,2,36000,1.00896414343
16143,16150,18014,7,1864,2,36000,1.00375536481
16145,16156,17282,11,1126,2,36000,1.00976909414
16146,16162,18060,16,1898,2,36000,1.00842992624
16162,16172,17286,10,1114,2,36000,1.00897666068
16164,16188,17561,24,1373,2,36000,1.01747997087
16179,16195,17207,16,1012,2,36000,1.01581027668
16195,16201,18110,6,1909,2,36000,1.00314300681
16197,16207,17676,10,1469,2,36000,1.00680735194
16198,16212,17475,14,1263,2,36000,1.01108471892
16202,16793,16901,591,108,1,3600,6.47222222222
16214,16233,17769,19,1536,2,36000,1.01236979167
16231,16239,18012,8,1773,2,36000,1.00451212634
16232,16244,17346,12,1102,2,36000,1.0108892922
16234,16251,17237,17,986,2,36000,1.01724137931
16235,16263,17329,28,1066,2,36000,1.02626641651
16254,16275,17475,21,1200,2,36000,1.0175
16270,16282,17595,12,1313,2,36000,1.00913937548
16271,16289,17662,18,1373,2,36000,1.01310997815
16288,16305,17901,17,1596,2,36000,1.01065162907
16304,16311,17758,7,1447,2,36000,1.00483759502
16305,16317,17368,12,1051,2,36000,1.01141769743
16306,16323,18334,17,2011,2,36000,1.00845350572
16323,16333,17510,10,1177,2,36000,1.00849617672
16324,16350,17796,26,1446,2,36000,1.01798063624
16340,16385,17623,45,1238,2,36000,1.03634894992
16377,16395,17605,18,1210,2,36000,1.01487603306
16393,16415,17498,22,1083,2,36000,1.02031394275
16409,16421,18428,12,2007,2,36000,1.00597907324
16410,16426,17559,16,1133,2,36000,1.01412180053
16411,16443,17468,32,1025,2,36000,1.0312195122
16434,16450,18373,16,1923,2,36000,1.00832033281
16435,16481,17468,46,987,2,36000,1.04660587639
16473,16495,18351,22,1856,2,36000,1.01185344828
16489,16504,18460,15,1956,2,36000,1.00766871166
16499,17362,17477,863,115,1,1800,8.50434782609
16504,16518,18576,14,2058,2,36000,1.00680272109
16521,16527,17449,6,922,2,36000,1.00650759219
16522,16535,17992,13,1457,2,36000,1.00892244338
16538,16553,17520,15,967,2,36000,1.01551189245
16554,16575,17962,21,1387,2,36000,1.0151405912
16570,16582,17750,12,1168,2,36000,1.0102739726
16571,16596,17717,25,1121,2,36000,1.0223015165
16587,16609,17617,22,1008,2,36000,1.02182539683
16603,16617,17777,14,1160,2,36000,1.01206896552
16619,16643,18721,24,2078,2,36000,1.01154956689
16634,16666,17987,32,1321,2,36000,1.02422407267
16657,16673,17774,16,1101,2,36000,1.01453224342
16658,16684,17627,26,943,2,36000,1.02757158006
16674,16691,18108,17,1417,2,36000,1.01199717713
16690,16697,17885,7,1188,2,36000,1.00589225589
16692,16703,17922,11,1219,2,36000,1.00902378999
16693,16709,17841,16,1132,2,36000,1.01413427562
16709,16730,17846,21,1116,2,36000,1.0188172043
16725,16750,18634,25,1884,2,36000,1.01326963907
16740,16781,18439,41,1658,2,36000,1.02472858866
16772,16787,17828,15,1041,2,36000,1.0144092219
16794,16800,18013,6,1213,2,36000,1.00494641385
16796,16807,17884,11,1077,2,36000,1.01021355617
16797,16818,17723,21,905,2,36000,1.02320441989
16814,16825,17885,11,1060,2,36000,1.01037735849
16815,16830,17897,15,1067,2,36000,1.01405810684
16817,16835,17862,18,1027,2,36000,1.01752677702
16818,16847,18706,29,1859,2,36000,1.01559978483
16819,16842,18755,23,1913,2,36000,1.01202300052
16835,16867,18225,32,1358,2,36000,1.0235640648
16837,16898,18084,61,1186,2,36000,1.05143338954
16859,16906,18772,47,1866,2,36000,1.02518756699
16887,16912,18077,25,1165,2,36000,1.02145922747
16903,16918,18774,15,1856,2,36000,1.00808189655
16919,16925,18322,6,1397,2,36000,1.00429491768
16920,16939,18056,19,1117,2,36000,1.01700984781
16936,16945,18125,9,1180,2,36000,1.00762711864
16937,16953,18196,16,1243,2,36000,1.01287208367
16953,16959,18089,6,1130,2,36000,1.00530973451
16954,16978,18344,24,1366,2,36000,1.01756954612
16970,16985,18831,15,1846,2,36000,1.00812567714
16986,16993,18035,7,1042,2,36000,1.00671785029
16987,17002,18567,15,1565,2,36000,1.00958466454
17003,17019,18188,16,1169,2,36000,1.01368691189
17019,17025,18341,6,1316,2,36000,1.00455927052
17020,17039,18061,19,1022,2,36000,1.01859099804
17037,17045,18120,8,1075,2,36000,1.00744186047
17038,17050,18394,12,1344,2,36000,1.00892857143
17040,17057,18108,17,1051,2,36000,1.01617507136
17041,17063,18188,22,1125,2,36000,1.01955555556
17060,17069,19011,9,1942,2,36000,1.00463439753
17061,17085,18054,24,969,2,36000,1.02476780186
17078,17091,18318,13,1227,2,36000,1.01059494703
17080,17097,18584,17,1487,2,36000,1.01143241426
17081,17102,18292,21,1190,2,36000,1.01764705882
17082,17126,19129,44,2003,2,36000,1.02196704943
17088,17367,17679,279,312,1,3600,1.89423076923
17117,17131,19012,14,1881,2,36000,1.00744284955
17118,17138,18284,20,1146,2,36000,1.01745200698
17134,17164,18930,30,1766,2,36000,1.01698754247
17156,17170,18197,14,1027,2,36000,1.01363193768
17158,17177,18583,19,1406,2,36000,1.01351351351
17173,17207,18269,34,1062,2,36000,1.03201506591
17199,17212,18122,13,910,2,36000,1.01428571429
17201,17219,18330,18,1111,2,36000,1.01620162016
17216,17248,18486,32,1238,2,36000,1.02584814216
17238,17285,18238,47,953,2,36000,1.04931794334
17276,17293,18454,17,1161,2,36000,1.01464254953
17292,17299,18694,7,1395,2,36000,1.00501792115
17293,17323,19204,30,1881,2,36000,1.01594896332
17312,17337,18522,25,1185,2,36000,1.02109704641
17328,17343,18401,15,1058,2,36000,1.01417769376
17343,17356,19214,13,1858,2,36000,1.00699677072
17360,17379,18488,19,1109,2,36000,1.01713255185
17361,17390,18623,29,1233,2,36000,1.02351987024
17377,17408,19477,31,2069,2,36000,1.01498308362
17392,17421,18421,29,1000,2,36000,1.029
17408,17460,18762,52,1302,2,36000,1.03993855607
17424,17467,18820,43,1353,2,36000,1.0317812269
17456,17479,19234,23,1755,2,36000,1.01310541311
17457,17485,19461,28,1976,2,36000,1.01417004049
17473,17492,18643,19,1151,2,36000,1.01650738488
17474,17497,18665,23,1168,2,36000,1.01969178082
17491,17504,18604,13,1100,2,36000,1.01181818182
17492,17510,18625,18,1115,2,36000,1.01614349776
17493,17521,19283,28,1762,2,36000,1.01589103292
17509,17531,19392,22,1861,2,36000,1.01182160129
17510,17536,18693,26,1157,2,36000,1.02247191011
17527,17553,18733,26,1180,2,36000,1.02203389831
17528,17560,19542,32,1982,2,36000,1.01614530777
17544,17571,18551,27,980,2,36000,1.02755102041
17560,17577,18618,17,1041,2,36000,1.01633045149
17561,17592,19365,31,1773,2,36000,1.01748448957
17563,17599,19437,36,1838,2,36000,1.01958650707
17582,17606,18547,24,941,2,36000,1.02550478215
17598,17616,19531,18,1915,2,36000,1.00939947781
17599,17628,18845,29,1217,2,36000,1.02382908792
17617,17635,19512,18,1877,2,36000,1.00958977091
17619,17641,18655,22,1014,2,36000,1.02169625247
17635,17649,18667,14,1018,2,36000,1.0137524558
17637,17655,19204,18,1549,2,36000,1.01162040026
17653,17672,18800,19,1128,2,36000,1.01684397163
17654,17678,18814,24,1136,2,36000,1.02112676056
17670,17689,19500,19,1811,2,36000,1.01049144119
17671,17695,19684,24,1989,2,36000,1.01206636501
17687,17702,19176,15,1474,2,36000,1.01017639077
17689,17728,18951,39,1223,2,36000,1.03188879804
17720,17735,18919,15,1184,2,36000,1.01266891892
17721,17740,18682,19,942,2,36000,1.02016985138
17737,17746,19288,9,1542,2,36000,1.00583657588
17739,17761,19526,22,1765,2,36000,1.01246458924
17754,17768,18793,14,1025,2,36000,1.01365853659
17771,17777,19016,6,1239,2,36000,1.00484261501
17772,17783,18843,11,1060,2,36000,1.01037735849
17773,17790,18822,17,1032,2,36000,1.01647286822
17776,17795,17907,19,112,1,1800,1.16964285714
17790,17808,19022,18,1214,2,36000,1.01482701812
17791,17839,18962,48,1123,2,36000,1.04274265361
17807,17844,19525,37,1681,2,36000,1.02201070791
17829,17852,18915,23,1063,2,36000,1.02163687676
17830,17859,19671,29,1812,2,36000,1.01600441501
17846,17874,18758,28,884,2,36000,1.03167420814
17847,17894,19019,47,1125,2,36000,1.04177777778
17863,17900,19209,37,1309,2,36000,1.0282658518
17886,17911,19210,25,1299,2,36000,1.01924557352
17888,17905,19699,17,1794,2,36000,1.00947603122
17889,17917,19633,28,1716,2,36000,1.01631701632
17890,17922,19635,32,1713,2,36000,1.01868067717
17907,17928,19788,21,1860,2,36000,1.01129032258
17908,17934,19882,26,1948,2,36000,1.01334702259
17925,17939,18994,14,1055,2,36000,1.01327014218
17926,17945,19383,19,1438,2,36000,1.01321279555
17927,17973,18938,46,965,2,36000,1.04766839378
17965,17998,19008,33,1010,2,36000,1.03267326733
17990,18004,19192,14,1188,2,36000,1.01178451178
18006,18023,19119,17,1096,2,36000,1.01551094891
18023,18029,19226,6,1197,2,36000,1.00501253133
18025,18035,19874,10,1839,2,36000,1.0054377379
18027,18040,19773,13,1733,2,36000,1.00750144259
18043,18049,19247,6,1198,2,36000,1.00500834725
18044,18055,19417,11,1362,2,36000,1.0080763583
18046,18065,19562,19,1497,2,36000,1.01269205077
18063,18071,19494,8,1423,2,36000,1.00562192551
18064,18076,19711,12,1635,2,36000,1.00733944954
18065,18083,19086,18,1003,2,36000,1.01794616152
18066,18089,19135,23,1046,2,36000,1.02198852772
18082,18096,19329,14,1233,2,36000,1.01135442011
18098,18104,19226,6,1122,2,36000,1.00534759358
18099,18120,19779,21,1659,2,36000,1.01265822785
18112,18143,18753,31,610,1,3600,1.05081967213
18116,18126,19387,10,1261,2,36000,1.00793021412
18117,18131,19333,14,1202,2,36000,1.01164725458
18119,18138,20053,19,1915,2,36000,1.00992167102
18135,18149,19318,14,1169,2,36000,1.0119760479
18136,18165,19241,29,1076,2,36000,1.02695167286
18137,18198,20065,61,1867,2,36000,1.03267273701
18156,18204,19273,48,1069,2,36000,1.04490177736
18191,18210,20006,19,1796,2,36000,1.01057906459
18192,18215,19489,23,1274,2,36000,1.0180533752
18208,18236,19532,28,1296,2,36000,1.02160493827
18210,18250,19248,40,998,2,36000,1.04008016032
18226,18280,20263,54,1983,2,36000,1.02723146747
18241,18296,20332,55,2036,2,36000,1.02701375246
18270,18303,19467,33,1164,2,36000,1.02835051546
18286,18329,19607,43,1278,2,36000,1.03364632238
18301,18336,19261,35,925,2,36000,1.03783783784
18320,18342,19567,22,1225,2,36000,1.01795918367
18337,18348,19475,11,1127,2,36000,1.00976042591
18338,18355,19500,17,1145,2,36000,1.01484716157
18340,18360,19488,20,1128,2,36000,1.01773049645
18356,18366,19426,10,1060,2,36000,1.00943396226
18358,18384,19871,26,1487,2,36000,1.01748486886
18359,18405,20046,46,1641,2,36000,1.028031688
18375,18412,20030,37,1618,2,36000,1.02286773795
18396,18433,20314,37,1881,2,36000,1.01967038809
18412,18439,19916,27,1477,2,36000,1.0182802979
18428,18450,20273,22,1823,2,36000,1.01206801975
18429,18465,20431,36,1966,2,36000,1.01831129196
18445,18472,19681,27,1209,2,36000,1.0223325062
18461,18498,19676,37,1178,2,36000,1.03140916808
18463,18505,19768,42,1263,2,36000,1.03325415677
18488,18533,19674,45,1141,2,36000,1.03943908852
18489,18558,20437,69,1879,2,36000,1.03672166046
18524,18565,19931,41,1366,2,36000,1.03001464129
18549,18579,19561,30,982,2,36000,1.03054989817
18562,18572,19133,10,561,1,1800,1.01782531194
18565,18587,20187,22,1600,2,36000,1.01375
18581,18594,20542,13,1948,2,36000,1.00667351129
18582,18600,19644,18,1044,2,36000,1.01724137931
18599,18615,19719,16,1104,2,36000,1.01449275362
18600,18629,20546,29,1917,2,36000,1.01512780386
18616,18635,19623,19,988,2,36000,1.01923076923
18632,18641,19615,9,974,2,36000,1.00924024641
18633,18648,19721,15,1073,2,36000,1.01397949674
18635,18655,19928,20,1273,2,36000,1.01571091909
18651,18666,19983,15,1317,2,36000,1.01138952164
18652,18676,20302,24,1626,2,36000,1.0147601476
18669,18683,19725,14,1042,2,36000,1.01343570058
18670,18693,19769,23,1076,2,36000,1.02137546468
18672,18704,19834,32,1130,2,36000,1.02831858407
18687,18710,19698,23,988,2,36000,1.02327935223
18704,18717,19797,13,1080,2,36000,1.01203703704
18705,18732,19745,27,1013,2,36000,1.02665350444
18722,18745,20557,23,1812,2,36000,1.01269315673
18723,18766,19892,43,1126,2,36000,1.03818827709
18739,18772,19811,33,1039,2,36000,1.03176130895
18758,18778,19730,20,952,2,36000,1.02100840336
18759,18785,19871,26,1086,2,36000,1.02394106814
18776,18791,20285,15,1494,2,36000,1.01004016064
18778,18805,20247,27,1442,2,36000,1.01872399445
18779,18812,20747,33,1935,2,36000,1.01705426357
18795,18825,19939,30,1114,2,36000,1.02692998205
18810,18831,20779,21,1948,2,36000,1.01078028747
18827,18837,20251,10,1414,2,36000,1.00707213579
18828,18843,19926,15,1083,2,36000,1.01385041551
18830,18855,20026,25,1171,2,36000,1.02134927412
18846,18861,19840,15,979,2,36000,1.01532175689
18848,18927,20908,79,1981,2,36000,1.03987884907
18849,18934,20065,85,1131,2,36000,1.07515473033
18918,18941,20762,23,1821,2,36000,1.01263042284
18934,18950,19817,16,867,2,36000,1.0184544406
18935,18962,20488,27,1526,2,36000,1.01769331586
18951,18974,20049,23,1075,2,36000,1.02139534884
18952,19006,20736,54,1730,2,36000,1.03121387283
18968,19020,20840,52,1820,2,36000,1.02857142857
18996,19027,20774,31,1747,2,36000,1.01774470521
19012,19032,20667,20,1635,2,36000,1.0122324159
19013,19037,20339,24,1302,2,36000,1.01843317972
19015,19044,20219,29,1175,2,36000,1.02468085106
19031,19050,20758,19,1708,2,36000,1.01112412178
19032,19097,20155,65,1058,2,36000,1.06143667297
19034,19130,20423,96,1293,2,36000,1.07424593968
19087,19140,21226,53,2086,2,36000,1.02540747843
19121,19145,20181,24,1036,2,36000,1.02316602317
19137,19151,20460,14,1309,2,36000,1.01069518717
19138,19187,20293,49,1106,2,36000,1.04430379747
19179,19203,20424,24,1221,2,36000,1.01965601966
19195,19215,20701,20,1486,2,36000,1.0134589502
19212,19221,21264,9,2043,2,36000,1.00440528634
19213,19226,20939,13,1713,2,36000,1.0075890251
19214,19232,20817,18,1585,2,36000,1.01135646688
19216,19238,20909,22,1671,2,36000,1.013165769
19232,19243,21045,11,1802,2,36000,1.00610432852
19234,19249,21145,15,1896,2,36000,1.00791139241
19235,19254,20354,19,1100,2,36000,1.01727272727
19252,19260,20844,8,1584,2,36000,1.00505050505
19253,19266,21285,13,2019,2,36000,1.0064388311
19255,19271,20379,16,1108,2,36000,1.01444043321
19256,19277,20462,21,1185,2,36000,1.01772151899
19273,19284,21219,11,1935,2,36000,1.00568475452
19274,19295,21038,21,1743,2,36000,1.01204819277
19290,19301,20442,11,1141,2,36000,1.00964066608
19292,19329,20427,37,1098,2,36000,1.03369763206
19319,19341,21183,22,1842,2,36000,1.01194353963
19336,19347,20477,11,1130,2,36000,1.00973451327
19337,19376,21396,39,2020,2,36000,1.01930693069
19368,19394,21323,26,1929,2,36000,1.01347848626
19384,19400,20952,16,1552,2,36000,1.01030927835
19400,19406,20942,6,1536,2,36000,1.00390625
19401,19429,20496,28,1067,2,36000,1.02624179944
19420,19437,21242,17,1805,2,36000,1.00941828255
19436,19448,21544,12,2096,2,36000,1.00572519084
19438,19472,20539,34,1067,2,36000,1.03186504217
19456,19478,21054,22,1576,2,36000,1.01395939086
19472,19486,21085,14,1599,2,36000,1.00875547217
19489,19495,21246,6,1751,2,36000,1.00342661336
19490,19501,20589,11,1088,2,36000,1.01011029412
19491,19506,20511,15,1005,2,36000,1.01492537313
19492,19512,20724,20,1212,2,36000,1.01650165017
19510,19519,20793,9,1274,2,36000,1.00706436421
19511,19524,20596,13,1072,2,36000,1.01212686567
19512,19531,21341,19,1810,2,36000,1.01049723757
19529,19537,20734,8,1197,2,36000,1.0066833751
19530,19542,20684,12,1142,2,36000,1.01050788091
19531,19549,21380,18,1831,2,36000,1.00983069361
19547,19555,20526,8,971,2,36000,1.00823892894
19549,19561,21555,12,1994,2,36000,1.00601805416
19550,19572,20909,22,1337,2,36000,1.01645474944
19566,19578,21400,12,1822,2,36000,1.00658616905
19567,19584,20720,17,1136,2,36000,1.01496478873
19583,19618,21109,35,1491,2,36000,1.0234741784
19602,19626,21359,24,1733,2,36000,1.01384881708
19618,19634,20858,16,1224,2,36000,1.01307189542
19634,19644,21279,10,1635,2,36000,1.00611620795
19635,19650,20898,15,1248,2,36000,1.01201923077
19651,19657,20825,6,1168,2,36000,1.0051369863
19652,19682,21522,30,1840,2,36000,1.01630434783
19671,19689,21292,18,1603,2,36000,1.01122894573
19688,19695,21204,7,1509,2,36000,1.00463883366
19690,19701,21206,11,1505,2,36000,1.0073089701
19691,19707,21084,16,1377,2,36000,1.0116194626
19692,19713,21691,21,1978,2,36000,1.01061678463
19709,19720,20858,11,1138,2,36000,1.00966608084
19710,19726,21624,16,1898,2,36000,1.00842992624
19728,19734,20842,6,1108,2,36000,1.00541516245
19729,19740,20735,11,995,2,36000,1.01105527638
19730,19745,21590,15,1845,2,36000,1.0081300813
19731,19751,20859,20,1108,2,36000,1.01805054152
19748,19757,20834,9,1077,2,36000,1.00835654596
19749,19780,21157,31,1377,2,36000,1.02251270879
19771,19785,20789,14,1004,2,36000,1.01394422311
19773,19792,20784,19,992,2,36000,1.01915322581
19790,19798,20857,8,1059,2,36000,1.00755429651
19791,19804,20932,13,1128,2,36000,1.0115248227
19793,19810,21672,17,1862,2,36000,1.00912996778
19809,19822,21206,13,1384,2,36000,1.00939306358
19825,19831,21573,6,1742,2,36000,1.00344431688
19826,19845,20855,19,1010,2,36000,1.01881188119
19843,19851,20827,8,976,2,36000,1.00819672131
19844,19883,21813,39,1930,2,36000,1.02020725389
19874,19888,21010,14,1122,2,36000,1.01247771836
19875,19894,21196,19,1302,2,36000,1.01459293395
19891,19900,21074,9,1174,2,36000,1.00766609881
19893,19906,21118,13,1212,2,36000,1.01072607261
19894,19927,21520,33,1593,2,36000,1.02071563089
19920,19937,20999,17,1062,2,36000,1.01600753296
19937,19943,21145,6,1202,2,36000,1.00499168053
19938,19949,21682,11,1733,2,36000,1.0063473745
19939,19955,21929,16,1974,2,36000,1.00810536981
19955,19994,21109,39,1115,2,36000,1.03497757848
19983,20017,21297,34,1280,2,36000,1.0265625
20008,20038,21151,30,1113,2,36000,1.0269541779
20028,20044,21840,16,1796,2,36000,1.00890868597
20044,20058,21346,14,1288,2,36000,1.01086956522
20060,20066,21833,6,1767,2,36000,1.00339558574
20062,20072,22296,10,2224,2,36000,1.00449640288
20063,20078,21965,15,1887,2,36000,1.0079491256
20079,20085,21683,6,1598,2,36000,1.00375469337
20080,20166,21159,86,993,2,36000,1.08660624371
20139,20859,20970,720,111,1,1800,7.48648648649
20158,20192,21209,34,1017,2,36000,1.03343166175
20183,20198,21298,15,1100,2,36000,1.01363636364
20199,20230,21330,31,1100,2,36000,1.02818181818
20221,20259,21302,38,1043,2,36000,1.03643336529
20249,20265,21419,16,1154,2,36000,1.01386481802
20265,20274,21498,9,1224,2,36000,1.00735294118
20267,20285,21408,18,1123,2,36000,1.0160284951
20283,20296,21977,13,1681,2,36000,1.00773349197
20299,20305,21409,6,1104,2,36000,1.00543478261
20300,20313,21770,13,1457,2,36000,1.00892244338
20316,20325,21479,9,1154,2,36000,1.00779896014
20318,20343,21608,25,1265,2,36000,1.01976284585
20333,20350,21625,17,1275,2,36000,1.01333333333
20349,20365,21637,16,1272,2,36000,1.01257861635
20365,20390,21827,25,1437,2,36000,1.0173973556
20381,20434,21589,53,1155,2,36000,1.04588744589
20425,20441,21649,16,1208,2,36000,1.01324503311
20426,20447,21520,21,1073,2,36000,1.01957129543
20443,20453,21460,10,1007,2,36000,1.00993048659
20444,20458,21560,14,1102,2,36000,1.01270417423
20445,20463,21603,18,1140,2,36000,1.01578947368
20447,20471,21677,24,1206,2,36000,1.01990049751
20462,20477,21965,15,1488,2,36000,1.01008064516
20464,20488,21736,24,1248,2,36000,1.01923076923
20480,20499,21567,19,1068,2,36000,1.01779026217
20496,20508,22590,12,2082,2,36000,1.00576368876
20497,20523,21624,26,1101,2,36000,1.02361489555
20513,20537,21976,24,1439,2,36000,1.01667824878
20529,20550,21683,21,1133,2,36000,1.0185348632
20545,20556,22402,11,1846,2,36000,1.0059588299
20546,20562,22648,16,2086,2,36000,1.00767018217
20562,20568,22253,6,1685,2,36000,1.00356083086
20564,20600,21756,36,1156,2,36000,1.03114186851
20593,20608,22447,15,1839,2,36000,1.00815660685
20608,20678,21623,70,945,2,36000,1.07407407407
20669,20865,20911,196,46,1,1800,5.26086956522
20670,20695,22637,25,1942,2,36000,1.01287332647
20686,20713,22680,27,1967,2,36000,1.01372648704
20705,20731,22556,26,1825,2,36000,1.01424657534
20724,20737,22404,13,1667,2,36000,1.00779844031
20726,20745,21817,19,1072,2,36000,1.0177238806
20742,20752,22128,10,1376,2,36000,1.00726744186
20744,20758,21804,14,1046,2,36000,1.01338432122
20745,20764,22502,19,1738,2,36000,1.01093210587
20761,20771,22699,10,1928,2,36000,1.00518672199
20763,20778,21937,15,1159,2,36000,1.01294219154
20764,20785,21782,21,997,2,36000,1.02106318957
20781,20792,21839,11,1047,2,36000,1.01050620821
20782,20799,22154,17,1355,2,36000,1.01254612546
20798,20806,21959,8,1153,2,36000,1.00693842151
20799,20812,21968,13,1156,2,36000,1.01124567474
20801,20828,23021,27,2193,2,36000,1.0123119015
20819,20836,21813,17,977,2,36000,1.01740020471
20836,20842,22194,6,1352,2,36000,1.00443786982
20837,20848,21994,11,1146,2,36000,1.00959860384
20838,20854,21906,16,1052,2,36000,1.01520912548
20855,20872,22640,17,1768,2,36000,1.00961538462
20856,20877,21917,21,1040,2,36000,1.02019230769
20858,20882,22280,24,1398,2,36000,1.01716738197
20859,20887,22461,28,1574,2,36000,1.01778907243
20876,20893,21848,17,955,2,36000,1.01780104712
20877,20898,21941,21,1043,2,36000,1.02013422819
20878,20910,21991,32,1081,2,36000,1.02960222017
20880,20919,22877,39,1958,2,36000,1.01991828396
20899,20926,22015,27,1089,2,36000,1.02479338843
20915,20931,22116,16,1185,2,36000,1.0135021097
20917,20943,22049,26,1106,2,36000,1.02350813743
20918,20950,22059,32,1109,2,36000,1.02885482417
20933,20956,22247,23,1291,2,36000,1.01781564679
20949,20964,22680,15,1716,2,36000,1.00874125874
20951,20980,22050,29,1070,2,36000,1.02710280374
20966,21010,22033,44,1023,2,36000,1.04301075269
21001,21022,22749,21,1727,2,36000,1.01215981471
21017,21050,22249,33,1199,2,36000,1.02752293578
21042,21056,22289,14,1233,2,36000,1.01135442011
21058,21065,22892,7,1827,2,36000,1.00383141762
21059,21086,22247,27,1161,2,36000,1.02325581395
21076,21095,22836,19,1741,2,36000,1.01091326824
21093,21101,22905,8,1804,2,36000,1.0044345898
21094,21120,22063,26,943,2,36000,1.02757158006
21110,21125,22173,15,1048,2,36000,1.0143129771
21111,21132,22204,21,1072,2,36000,1.01958955224
21127,21156,22325,29,1169,2,36000,1.0248075278
21147,21161,22481,14,1320,2,36000,1.01060606061
21148,21168,22162,20,994,2,36000,1.02012072435
21164,21174,22217,10,1043,2,36000,1.00958772771
21166,21179,23016,13,1837,2,36000,1.00707675558
21167,21194,22332,27,1138,2,36000,1.0237258348
21186,21207,23027,21,1820,2,36000,1.01153846154
21202,21215,22620,13,1405,2,36000,1.00925266904
21210,21222,21299,12,77,1,1800,1.15584415584
21219,21228,22262,9,1034,2,36000,1.0087040619
21220,21234,22370,14,1136,2,36000,1.01232394366
21221,21240,22354,19,1114,2,36000,1.0170556553
21223,21245,23179,22,1934,2,36000,1.0113753878
21224,21254,23136,30,1882,2,36000,1.01594048884
21240,21260,23166,20,1906,2,36000,1.01049317943
21256,21275,22538,19,1263,2,36000,1.01504354711
21257,21290,23111,33,1821,2,36000,1.01812191104
21273,21296,22355,23,1059,2,36000,1.02171860246
21289,21303,22403,14,1100,2,36000,1.01272727273
21290,21315,21424,25,109,1,1800,1.22935779817
21290,21310,22483,20,1173,2,36000,1.01705029838
21307,21321,22737,14,1416,2,36000,1.00988700565
21308,21326,23133,18,1807,2,36000,1.00996126176
21309,21334,22917,25,1583,2,36000,1.01579279848
21311,21341,22602,30,1261,2,36000,1.02379064235
21327,21352,22342,25,990,2,36000,1.02525252525
21343,21359,22440,16,1081,2,36000,1.01480111008
21345,21370,22892,25,1522,2,36000,1.01642575558
21361,21392,22572,31,1180,2,36000,1.02627118644
21362,21406,22508,44,1102,2,36000,1.03992740472
21384,21412,22539,28,1127,2,36000,1.0248447205
21399,21419,22560,20,1141,2,36000,1.01752848379
21401,21425,22633,24,1208,2,36000,1.01986754967
21417,21431,22769,14,1338,2,36000,1.01046337818
21418,21437,22971,19,1534,2,36000,1.01238591917
21434,21471,22502,37,1031,2,36000,1.03588748788
21462,21490,23013,28,1523,2,36000,1.01838476691
21481,21509,23367,28,1858,2,36000,1.01506996771
21500,21531,22537,31,1006,2,36000,1.03081510934
21522,21536,22630,14,1094,2,36000,1.01279707495
21523,21542,22656,19,1114,2,36000,1.0170556553
21525,21555,22739,30,1184,2,36000,1.02533783784
21547,21566,22649,19,1083,2,36000,1.01754385965
21564,21572,22645,8,1073,2,36000,1.00745573159
21565,21579,22707,14,1128,2,36000,1.01241134752
21581,21587,22481,6,894,2,36000,1.0067114094
21582,21600,22712,18,1112,2,36000,1.01618705036
21599,21606,22660,7,1054,2,36000,1.00664136622
21600,21614,22669,14,1055,2,36000,1.01327014218
21616,21622,23549,6,1927,2,36000,1.00311364816
21617,21634,22872,17,1238,2,36000,1.01373182553
21634,21640,22943,6,1303,2,36000,1.00460475825
21636,21646,22882,10,1236,2,36000,1.00809061489
21637,21651,22788,14,1137,2,36000,1.01231310466
21638,21658,22864,20,1206,2,36000,1.01658374793
21654,21664,22859,10,1195,2,36000,1.00836820084
21656,21683,22797,27,1114,2,36000,1.02423698384
21675,21689,22806,14,1117,2,36000,1.01253357207
21691,21698,23354,7,1656,2,36000,1.00422705314
21693,21703,23614,10,1911,2,36000,1.00523286238
21694,21709,22678,15,969,2,36000,1.01547987616
21695,21714,22675,19,961,2,36000,1.0197710718
21697,21748,23013,51,1265,2,36000,1.04031620553
21738,21767,23799,29,2032,2,36000,1.01427165354
21757,21781,23013,24,1232,2,36000,1.01948051948
21773,21793,23079,20,1286,2,36000,1.01555209953
21789,21815,22699,26,884,2,36000,1.02941176471
21805,21824,22813,19,989,2,36000,1.01921132457
21821,21830,23709,9,1879,2,36000,1.0047897818
21823,21835,23595,12,1760,2,36000,1.00681818182
21824,21842,23008,18,1166,2,36000,1.0154373928
21842,21848,22894,6,1046,2,36000,1.00573613767
21844,21854,23830,10,1976,2,36000,1.00506072874
21845,21859,22892,14,1033,2,36000,1.01355275895
21846,21865,23469,19,1604,2,36000,1.01184538653
21862,21917,23806,55,1889,2,36000,1.02911593436
21908,21929,23948,21,2019,2,36000,1.01040118871
21924,21940,23024,16,1084,2,36000,1.0147601476
21941,21948,22944,7,996,2,36000,1.00702811245
21942,21954,23135,12,1181,2,36000,1.01016088061
21943,21970,24015,27,2045,2,36000,1.01320293399
21960,21976,23100,16,1124,2,36000,1.01423487544
21976,21982,23728,6,1746,2,36000,1.00343642612
21978,21988,23531,10,1543,2,36000,1.0064808814
21979,21993,23798,14,1805,2,36000,1.00775623269
21980,21999,24049,19,2050,2,36000,1.00926829268
21982,22005,23097,23,1092,2,36000,1.02106227106
21998,22012,23240,14,1228,2,36000,1.01140065147
22000,22026,23183,26,1157,2,36000,1.02247191011
22016,22044,23772,28,1728,2,36000,1.0162037037
22037,22060,23196,23,1136,2,36000,1.02024647887
22053,22066,23407,13,1341,2,36000,1.00969425802
22055,22073,23103,18,1030,2,36000,1.01747572816
22071,22080,22951,9,871,2,36000,1.01033295063
22072,22127,23220,55,1093,2,36000,1.05032021958
22100,22307,22875,207,568,1,1800,1.36443661972
22119,22140,23287,21,1147,2,36000,1.01830863121
22135,22313,22602,178,289,1,1800,1.61591695502
22135,22165,23648,30,1483,2,36000,1.020229265
22157,22174,23228,17,1054,2,36000,1.01612903226
22173,22184,23915,11,1731,2,36000,1.00635470826
22174,22205,23419,31,1214,2,36000,1.0255354201
22196,22215,23286,19,1071,2,36000,1.01774042951
22212,22228,23318,16,1090,2,36000,1.01467889908
22228,22258,23257,30,999,2,36000,1.03003003003
22251,22263,23254,12,991,2,36000,1.01210898083
22252,22270,24114,18,1844,2,36000,1.00976138829
22254,22276,23578,22,1302,2,36000,1.01689708141
22270,22282,23322,12,1040,2,36000,1.01153846154
22271,22292,23923,21,1631,2,36000,1.01287553648
22287,22299,23785,12,1486,2,36000,1.00807537012
22303,22336,23377,33,1041,2,36000,1.03170028818
22304,22343,24158,39,1815,2,36000,1.02148760331
22326,22353,24171,27,1818,2,36000,1.01485148515
22342,22365,23821,23,1456,2,36000,1.0157967033
22343,22371,23616,28,1245,2,36000,1.02248995984
22359,22381,23470,22,1089,2,36000,1.0202020202
22361,22413,24132,52,1719,2,36000,1.03025014543
22377,22420,23740,43,1320,2,36000,1.03257575758
22405,22425,23479,20,1054,2,36000,1.01897533207
22407,22451,23601,44,1150,2,36000,1.03826086957
22408,22458,23871,50,1413,2,36000,1.03538570418
22442,22472,24189,30,1717,2,36000,1.01747233547
22458,22492,24556,34,2064,2,36000,1.01647286822
22474,22497,23541,23,1044,2,36000,1.02203065134
22491,22503,23659,12,1156,2,36000,1.01038062284
22492,22513,23913,21,1400,2,36000,1.015
22493,22518,23723,25,1205,2,36000,1.02074688797
22510,22524,23684,14,1160,2,36000,1.01206896552
22511,22548,24635,37,2087,2,36000,1.01772879732
22512,22555,23903,43,1348,2,36000,1.03189910979
22538,22560,24605,22,2045,2,36000,1.01075794621
22539,22567,23538,28,971,2,36000,1.02883625129
22555,22573,23647,18,1074,2,36000,1.01675977654
22571,22583,23595,12,1012,2,36000,1.01185770751
22572,22601,23669,29,1068,2,36000,1.02715355805
22588,22613,24165,25,1552,2,36000,1.01610824742
22604,22631,24490,27,1859,2,36000,1.0145239376
22605,22641,23691,36,1050,2,36000,1.03428571429
22621,22647,24052,26,1405,2,36000,1.01850533808
22637,22654,23637,17,983,2,36000,1.01729399797
22639,22659,23944,20,1285,2,36000,1.01556420233
22640,22666,23761,26,1095,2,36000,1.02374429224
22658,22671,23602,13,931,2,36000,1.01396348013
22659,22676,24417,17,1741,2,36000,1.00976450316
22660,22682,23814,22,1132,2,36000,1.01943462898
22661,22687,24107,26,1420,2,36000,1.01830985915
22663,22693,24718,30,2025,2,36000,1.01481481481
22680,22699,23692,19,993,2,36000,1.01913393756
22681,22704,23725,23,1021,2,36000,1.02252693438
22682,22710,24875,28,2165,2,36000,1.0129330254
22683,22715,24124,32,1409,2,36000,1.02271114265
22685,22721,23909,36,1188,2,36000,1.0303030303
22702,22727,24682,25,1955,2,36000,1.01278772379
22704,22732,23996,28,1264,2,36000,1.02215189873
22705,22738,24435,33,1697,2,36000,1.01944608132
22721,22748,24319,27,1571,2,36000,1.01718650541
22722,22755,23904,33,1149,2,36000,1.02872062663
22738,22761,24502,23,1741,2,36000,1.01321079839
22754,22782,24555,28,1773,2,36000,1.01579244219
22755,22799,24034,44,1235,2,36000,1.03562753036
22771,22808,23736,37,928,2,36000,1.03987068966
22790,22818,24599,28,1781,2,36000,1.01572150477
22806,22825,23853,19,1028,2,36000,1.01848249027
22807,22847,23976,40,1129,2,36000,1.0354295837
22823,22870,24125,47,1255,2,36000,1.0374501992
22839,22877,24695,38,1818,2,36000,1.02090209021
22861,22885,24113,24,1228,2,36000,1.01954397394
22878,22890,24341,12,1451,2,36000,1.00827015851
22879,22897,23960,18,1063,2,36000,1.0169332079
22880,22902,23994,22,1092,2,36000,1.02014652015
22898,22908,24689,10,1781,2,36000,1.00561482313
22899,22914,24031,15,1117,2,36000,1.01342882722
22900,22919,24891,19,1972,2,36000,1.00963488844
22902,22924,24681,22,1757,2,36000,1.0125213432
22903,22930,24044,27,1114,2,36000,1.02423698384
22919,22935,24586,16,1651,2,36000,1.00969109631
22920,22954,24653,34,1699,2,36000,1.02001177163
22947,22960,23999,13,1039,2,36000,1.0125120308
22948,22966,24226,18,1260,2,36000,1.01428571429
22964,22982,24493,18,1511,2,36000,1.01191264064
22980,23019,24152,39,1133,2,36000,1.03442188879
23011,23025,24579,14,1554,2,36000,1.00900900901
23028,23034,24169,6,1135,2,36000,1.00528634361
23029,23040,24114,11,1074,2,36000,1.01024208566
23030,23045,24435,15,1390,2,36000,1.01079136691
23031,23051,25024,20,1973,2,36000,1.01013684744
23033,23056,24925,23,1869,2,36000,1.01230604601
23034,23061,24406,27,1345,2,36000,1.02007434944
23035,23090,24126,55,1036,2,36000,1.05308880309
23083,23108,24200,25,1092,2,36000,1.02289377289
23099,23115,24463,16,1348,2,36000,1.0118694362
23115,23121,24988,6,1867,2,36000,1.00321371184
23116,23127,24421,11,1294,2,36000,1.0085007728
23118,23144,24012,26,868,2,36000,1.02995391705
23133,23150,25127,17,1977,2,36000,1.0085988872
23149,23156,24178,7,1022,2,36000,1.00684931507
23151,23177,24237,26,1060,2,36000,1.02452830189
23166,23190,25129,24,1939,2,36000,1.01237751418
23182,23196,24368,14,1172,2,36000,1.01194539249
23198,23208,24451,10,1243,2,36000,1.00804505229
23200,23231,24823,31,1592,2,36000,1.01947236181
23222,23239,24264,17,1025,2,36000,1.01658536585
23237,23252,24380,15,1128,2,36000,1.01329787234
23253,23265,24704,12,1439,2,36000,1.00833912439
23255,23271,24589,16,1318,2,36000,1.01213960546
23271,23297,24363,26,1066,2,36000,1.0243902439
23287,23304,24347,17,1043,2,36000,1.0162991371
23289,23329,24703,40,1374,2,36000,1.02911208151
23320,23336,24511,16,1175,2,36000,1.01361702128
23335,23365,24548,30,1183,2,36000,1.02535925613
23354,23378,24458,24,1080,2,36000,1.02222222222
23370,23388,24620,18,1232,2,36000,1.01461038961
23386,23418,25388,32,1970,2,36000,1.01624365482
23409,23430,25357,21,1927,2,36000,1.01089776855
23424,23480,24545,56,1065,2,36000,1.05258215962
23472,23487,24616,15,1129,2,36000,1.01328609389
23473,23493,24800,20,1307,2,36000,1.01530221882
23489,23542,25244,53,1702,2,36000,1.03113983549
23532,23549,25378,17,1829,2,36000,1.00929469656
23548,23555,25512,7,1957,2,36000,1.00357690342
23550,23561,24902,11,1341,2,36000,1.00820283371
23565,23589,24546,24,957,2,36000,1.02507836991
23581,23607,24793,26,1186,2,36000,1.02192242833
23597,23612,24976,15,1364,2,36000,1.01099706745
23599,23619,25204,20,1585,2,36000,1.01261829653
23615,23625,24617,10,992,2,36000,1.01008064516
23616,23630,25660,14,2030,2,36000,1.00689655172
23618,23637,25571,19,1934,2,36000,1.00982419855
23634,23648,24776,14,1128,2,36000,1.01241134752
23650,23658,24737,8,1079,2,36000,1.00741427247
23651,23664,24801,13,1137,2,36000,1.01143359719
23653,23670,25558,17,1888,2,36000,1.00900423729
23669,23680,24975,11,1295,2,36000,1.00849420849
23670,23696,24746,26,1050,2,36000,1.02476190476
23686,23703,25217,17,1514,2,36000,1.01122853369
23702,23709,24747,7,1038,2,36000,1.00674373796
23703,23720,25660,17,1940,2,36000,1.0087628866
23719,23734,24766,15,1032,2,36000,1.01453488372
23736,23742,24752,6,1010,2,36000,1.00594059406
23737,23748,24699,11,951,2,36000,1.01156677182
23738,23753,24788,15,1035,2,36000,1.01449275362
23754,23760,25183,6,1423,2,36000,1.00421644413
23755,23772,25706,17,1934,2,36000,1.00879007239
23771,23783,24970,12,1187,2,36000,1.0101095198
23787,23796,24903,9,1107,2,36000,1.0081300813
23789,23809,24967,20,1158,2,36000,1.01727115717
23805,23815,25785,10,1970,2,36000,1.00507614213
23806,23821,25205,15,1384,2,36000,1.01083815029
23823,23829,24961,6,1132,2,36000,1.00530035336
23825,23835,25005,10,1170,2,36000,1.00854700855
23826,23841,25128,15,1287,2,36000,1.01165501166
23842,23864,24878,22,1014,2,36000,1.02169625247
23858,23882,24959,24,1077,2,36000,1.02228412256
23873,23914,25581,41,1667,2,36000,1.02459508098
23905,23921,25060,16,1139,2,36000,1.01404741001
23906,23926,25081,20,1155,2,36000,1.01731601732
23923,23932,25938,9,2006,2,36000,1.00448654038
23924,23937,25254,13,1317,2,36000,1.00987091875
23926,23944,25694,18,1750,2,36000,1.01028571429
23927,23956,25562,29,1606,2,36000,1.01805728518
23946,23962,25162,16,1200,2,36000,1.01333333333
23962,23971,25238,9,1267,2,36000,1.00710339384
23964,23988,25893,24,1905,2,36000,1.0125984252
23979,24006,25204,27,1198,2,36000,1.0225375626
23998,24012,25122,14,1110,2,36000,1.01261261261
24000,24018,25164,18,1146,2,36000,1.01570680628
24001,24024,25673,23,1649,2,36000,1.01394784718
24017,24031,25945,14,1914,2,36000,1.00731452456
24018,24042,26031,24,1989,2,36000,1.01206636501
24034,24049,25324,15,1275,2,36000,1.01176470588
24036,24056,26182,20,2126,2,36000,1.00940733772
24054,24062,26012,8,1950,2,36000,1.0041025641
24055,24068,25926,13,1858,2,36000,1.00699677072
24056,24118,25705,62,1587,2,36000,1.03906742281
24110,24124,25540,14,1416,2,36000,1.00988700565
24127,24133,25296,6,1163,2,36000,1.00515907137
24129,24139,25215,10,1076,2,36000,1.0092936803
24130,24144,25331,14,1187,2,36000,1.01179443976
24131,24150,25487,19,1337,2,36000,1.01421091997
24133,24155,25339,22,1184,2,36000,1.01858108108
24134,24161,25410,27,1249,2,36000,1.02161729384
24150,24168,25961,18,1793,2,36000,1.01003904071
24166,24174,26077,8,1903,2,36000,1.0042038886
24168,24181,25290,13,1109,2,36000,1.01172227232
24169,24186,25388,17,1202,2,36000,1.01414309484
24185,24193,25965,8,1772,2,36000,1.00451467269
24187,24203,25325,16,1122,2,36000,1.01426024955
24188,24209,25335,21,1126,2,36000,1.01865008881
24204,24215,25535,11,1320,2,36000,1.00833333333
24206,24237,25245,31,1008,2,36000,1.03075396825
24228,24248,25238,20,990,2,36000,1.0202020202
24244,24275,25398,31,1123,2,36000,1.02760463045
24265,24331,25805,66,1474,2,36000,1.0447761194
24321,24352,25642,31,1290,2,36000,1.02403100775
24343,24359,26458,16,2099,2,36000,1.00762267747
24359,24374,25544,15,1170,2,36000,1.01282051282
24375,24381,25901,6,1520,2,36000,1.00394736842
24377,24391,26258,14,1867,2,36000,1.00749866095
24392,24417,25561,25,1144,2,36000,1.02185314685
24408,24429,25440,21,1011,2,36000,1.02077151335
24424,24435,25568,11,1133,2,36000,1.00970873786
24425,24446,25565,21,1119,2,36000,1.01876675603
24441,24452,25745,11,1293,2,36000,1.00850734725
24443,24463,25589,20,1126,2,36000,1.01776198934
24458,24469,25467,11,998,2,36000,1.01102204409
24460,24475,25519,15,1044,2,36000,1.01436781609
24476,24501,26123,25,1622,2,36000,1.01541307028
24491,24507,26426,16,1919,2,36000,1.00833767587
24508,24513,26103,5,1590,2,36000,1.00314465409
24509,24522,26401,13,1879,2,36000,1.00691857371
24525,24556,26463,31,1907,2,36000,1.01625589932
24548,24562,26522,14,1960,2,36000,1.00714285714
24549,24568,25713,19,1145,2,36000,1.01659388646
24551,24574,25910,23,1336,2,36000,1.01721556886
24567,24579,26189,12,1610,2,36000,1.00745341615
24568,24590,25667,22,1077,2,36000,1.02042711235
24584,24598,25908,14,1310,2,36000,1.0106870229
24600,24606,25796,6,1190,2,36000,1.00504201681
24601,24612,26472,11,1860,2,36000,1.00591397849
24603,24619,26490,16,1871,2,36000,1.0085515767
24619,24627,25667,8,1040,2,36000,1.00769230769
24620,24635,26363,15,1728,2,36000,1.00868055556
24622,24640,26540,18,1900,2,36000,1.00947368421
24623,24646,25789,23,1143,2,36000,1.02012248469
24639,24665,25746,26,1081,2,36000,1.02405180389
24655,24692,26601,37,1909,2,36000,1.01938187533
24684,24698,25875,14,1177,2,36000,1.01189464741
24685,24704,25826,19,1122,2,36000,1.01693404635
24701,24710,25965,9,1255,2,36000,1.00717131474
24703,24715,26524,12,1809,2,36000,1.00663349917
24704,24721,25904,17,1183,2,36000,1.01437024514
24720,24727,26601,7,1874,2,36000,1.00373532551
24722,24733,25992,11,1259,2,36000,1.00873709293
24723,24749,25827,26,1078,2,36000,1.0241187384
24739,24757,26269,18,1512,2,36000,1.0119047619
24755,24763,26749,8,1986,2,36000,1.00402819738
24757,24773,26347,16,1574,2,36000,1.01016518424
24758,24779,25993,21,1214,2,36000,1.01729818781
24774,24787,25896,13,1109,2,36000,1.01172227232
24788,24812,24862,24,50,1,1800,1.48
24790,24799,26288,9,1489,2,36000,1.00604432505
24791,24805,25909,14,1104,2,36000,1.01268115942
24807,24818,25903,11,1085,2,36000,1.01013824885
24808,24835,26670,27,1835,2,36000,1.01471389646
24810,24872,26082,62,1210,2,36000,1.05123966942
24825,24886,25913,61,1027,2,36000,1.0593962999
24879,24892,26295,13,1403,2,36000,1.00926585887
24880,24902,26357,22,1455,2,36000,1.01512027491
24896,24913,26501,17,1588,2,36000,1.01070528967
24912,24919,26085,7,1166,2,36000,1.00600343053
24913,24936,26858,23,1922,2,36000,1.01196670135
24929,24971,26198,42,1227,2,36000,1.03422982885
24961,24978,26948,17,1970,2,36000,1.00862944162
24962,24983,26911,21,1928,2,36000,1.01089211618
24979,24989,26036,10,1047,2,36000,1.00955109838
24980,24994,26794,14,1800,2,36000,1.00777777778
24982,24999,26928,17,1929,2,36000,1.0088128564
24983,25005,26566,22,1561,2,36000,1.01409352979
24999,25016,26929,17,1913,2,36000,1.0088865656
25015,25035,26917,20,1882,2,36000,1.01062699256
25030,25072,27037,42,1965,2,36000,1.0213740458
25062,25092,26280,30,1188,2,36000,1.02525252525
25084,25134,26279,50,1145,2,36000,1.04366812227
25124,25140,26265,16,1125,2,36000,1.01422222222
25141,25147,26252,6,1105,2,36000,1.00542986425
25142,25153,26321,11,1168,2,36000,1.00941780822
25143,25173,26495,30,1322,2,36000,1.02269288956
25162,25180,26957,18,1777,2,36000,1.01012943163
25178,25195,27186,17,1991,2,36000,1.0085384229
25194,25215,26272,21,1057,2,36000,1.01986754967
25203,25237,25314,34,77,1,1800,1.44155844156
25210,25221,26273,11,1052,2,36000,1.01045627376
25211,25226,26326,15,1100,2,36000,1.01363636364
25213,25232,26432,19,1200,2,36000,1.01583333333
25229,25248,26780,19,1532,2,36000,1.01240208877
25230,25254,26419,24,1165,2,36000,1.02060085837
25248,25260,26588,12,1328,2,36000,1.00903614458
25249,25265,26206,16,941,2,36000,1.0170031881
25251,25272,27059,21,1787,2,36000,1.01175153889
25252,25302,26764,50,1462,2,36000,1.0341997264
25268,25308,26306,40,998,2,36000,1.04008016032
25293,25324,26489,31,1165,2,36000,1.02660944206
25309,25335,26377,26,1042,2,36000,1.02495201536
25325,25341,26713,16,1372,2,36000,1.01166180758
25326,25347,26541,21,1194,2,36000,1.0175879397
25343,25353,26535,10,1182,2,36000,1.00846023689
25344,25359,27021,15,1662,2,36000,1.00902527076
25345,25369,27053,24,1684,2,36000,1.01425178147
25361,25389,27011,28,1622,2,36000,1.01726263872
25380,25399,26880,19,1481,2,36000,1.01282916948
25396,25405,26355,9,950,2,36000,1.00947368421
25397,25411,26288,14,877,2,36000,1.01596351197
25413,25421,27161,8,1740,2,36000,1.00459770115
25415,25451,26426,36,975,2,36000,1.03692307692
25443,25478,26909,35,1431,2,36000,1.02445842068
25468,25498,26680,30,1182,2,36000,1.02538071066
25487,25524,26808,37,1284,2,36000,1.02881619938
25516,25530,26464,14,934,2,36000,1.01498929336
25531,25546,26655,15,1109,2,36000,1.01352569883
25548,25554,27330,6,1776,2,36000,1.00337837838
25550,25560,26585,10,1025,2,36000,1.00975609756
25551,25569,27233,18,1664,2,36000,1.01081730769
25568,25575,26648,7,1073,2,36000,1.00652376514
25569,25580,26804,11,1224,2,36000,1.0089869281
25570,25586,26667,16,1081,2,36000,1.01480111008
25572,25592,26641,20,1049,2,36000,1.01906577693
25588,25598,27658,10,2060,2,36000,1.00485436893
25590,25604,26739,14,1135,2,36000,1.01233480176
25591,25610,26651,19,1041,2,36000,1.01825168108
25607,25654,26832,47,1178,2,36000,1.03989813243
25644,25671,26839,27,1168,2,36000,1.02311643836
25660,25676,27249,16,1573,2,36000,1.01017164654
25662,25683,27262,21,1579,2,36000,1.01329955668
25680,25690,26570,10,880,2,36000,1.01136363636
25681,25695,26785,14,1090,2,36000,1.0128440367
25682,25705,26818,23,1113,2,36000,1.02066486972
25698,25716,27074,18,1358,2,36000,1.01325478645
25715,25722,27648,7,1926,2,36000,1.0036344756
25716,25728,27228,12,1500,2,36000,1.008
25718,25756,27288,38,1532,2,36000,1.02480417755
25746,25763,27564,17,1801,2,36000,1.00943920044
25747,25796,26855,49,1059,2,36000,1.0462700661
25788,25803,27134,15,1331,2,36000,1.01126972201
25805,25811,26987,6,1176,2,36000,1.00510204082
25806,25817,26892,11,1075,2,36000,1.01023255814
25822,25837,26863,15,1026,2,36000,1.01461988304
25837,25843,26840,6,997,2,36000,1.00601805416
25839,25886,27017,47,1131,2,36000,1.041556145
25876,25904,27155,28,1251,2,36000,1.02238209432
25895,25910,27525,15,1615,2,36000,1.0092879257
25913,25919,26992,6,1073,2,36000,1.0055917987
25914,25925,27044,11,1119,2,36000,1.00983020554
25916,25930,26994,14,1064,2,36000,1.01315789474
25917,25936,26865,19,929,2,36000,1.02045209903
25918,25941,26969,23,1028,2,36000,1.02237354086
25920,25946,27738,26,1792,2,36000,1.01450892857
25921,25952,26992,31,1040,2,36000,1.02980769231
25922,25958,27101,36,1143,2,36000,1.03149606299
25939,25963,27086,24,1123,2,36000,1.0213713268
25940,25969,27182,29,1213,2,36000,1.02390766694
25956,25975,28012,19,2037,2,36000,1.00932744232
25972,25981,27047,9,1066,2,36000,1.00844277674
25974,25986,26858,12,872,2,36000,1.01376146789
25975,26004,27972,29,1968,2,36000,1.01473577236
25995,26009,27194,14,1185,2,36000,1.01181434599
25996,26023,27681,27,1658,2,36000,1.01628468034
26015,26042,27323,27,1281,2,36000,1.02107728337
26034,26049,27525,15,1476,2,36000,1.01016260163
26049,26088,27121,39,1033,2,36000,1.03775411423
26081,26094,27870,13,1776,2,36000,1.00731981982
26098,26104,27409,6,1305,2,36000,1.00459770115
26099,26115,28005,16,1890,2,36000,1.00846560847
26115,26135,27422,20,1287,2,36000,1.01554001554
26131,26194,27986,63,1792,2,36000,1.03515625
26184,26201,27960,17,1759,2,36000,1.00966458215
26200,26210,27265,10,1055,2,36000,1.00947867299
26201,26218,27355,17,1137,2,36000,1.01495162709
26217,26263,27425,46,1162,2,36000,1.0395869191
26254,26269,27936,15,1667,2,36000,1.00899820036
26271,26277,27485,6,1208,2,36000,1.00496688742
26272,26283,27257,11,974,2,36000,1.0112936345
26274,26288,27324,14,1036,2,36000,1.01351351351
26291,26297,28160,6,1863,2,36000,1.00322061192
26292,26303,27470,11,1167,2,36000,1.00942587832
26294,26308,27507,14,1199,2,36000,1.011676397
26295,26315,27420,20,1105,2,36000,1.01809954751
26296,26320,27414,24,1094,2,36000,1.02193784278
26298,26327,27426,29,1099,2,36000,1.02638762511
26315,26333,28408,18,2075,2,36000,1.0086746988
26316,26339,27313,23,974,2,36000,1.02361396304
26332,26344,27516,12,1172,2,36000,1.01023890785
26333,26358,27470,25,1112,2,36000,1.02248201439
26349,26366,27420,17,1054,2,36000,1.01612903226
26354,26443,26725,89,282,1,1800,1.31560283688
26366,26373,27309,7,936,2,36000,1.00747863248
26367,26379,28076,12,1697,2,36000,1.0070713023
26368,26388,27910,20,1522,2,36000,1.01314060447
26384,26413,28259,29,1846,2,36000,1.01570964247
26403,26430,27612,27,1182,2,36000,1.02284263959
26422,26437,28097,15,1660,2,36000,1.00903614458
26438,26449,28373,11,1924,2,36000,1.00571725572
26439,26469,28467,30,1998,2,36000,1.01501501502
26441,26475,27546,34,1071,2,36000,1.03174603175
26460,26480,27584,20,1104,2,36000,1.01811594203
26477,26486,28450,9,1964,2,36000,1.00458248473
26478,26500,28316,22,1816,2,36000,1.01211453744
26479,26507,27565,28,1058,2,36000,1.02646502836
26495,26513,27889,18,1376,2,36000,1.01308139535
26496,26519,28629,23,2110,2,36000,1.01090047393
26498,26533,27661,35,1128,2,36000,1.03102836879
26514,26539,27698,25,1159,2,36000,1.02157031924
26530,26547,28281,17,1734,2,36000,1.00980392157
26531,26553,27914,22,1361,2,36000,1.01616458486
26548,26559,27729,11,1170,2,36000,1.0094017094
26549,26577,28568,28,1991,2,36000,1.01406328478
26550,26584,28638,34,2054,2,36000,1.01655306719
26566,26596,27887,30,1291,2,36000,1.02323780015
26582,26603,28482,21,1879,2,36000,1.01117615753
26598,26612,27722,14,1110,2,36000,1.01261261261
26599,26617,27645,18,1028,2,36000,1.01750972763
26615,26653,27720,38,1067,2,36000,1.03561387067
26617,26660,28030,43,1370,2,36000,1.03138686131
26642,26666,28285,24,1619,2,36000,1.01482396541
26658,26672,27846,14,1174,2,36000,1.01192504259
26660,26678,27754,18,1076,2,36000,1.01672862454
26661,26684,28348,23,1664,2,36000,1.01382211538
26678,26691,27675,13,984,2,36000,1.01321138211
26679,26724,27702,45,978,2,36000,1.04601226994
26695,26735,27887,40,1152,2,36000,1.03472222222
26714,26750,27913,36,1163,2,36000,1.0309544282
26742,26760,28601,18,1841,2,36000,1.00977729495
26758,26776,27945,18,1169,2,36000,1.01539777588
26774,26791,28603,17,1812,2,36000,1.00938189845
26790,26797,27884,7,1087,2,36000,1.00643974241
26791,26805,28208,14,1403,2,36000,1.00997861725
26807,26815,28455,8,1640,2,36000,1.00487804878
26808,26822,28044,14,1222,2,36000,1.01145662848
26824,26830,27939,6,1109,2,36000,1.00541027953
26825,26843,28287,18,1444,2,36000,1.01246537396
26841,26851,27905,10,1054,2,36000,1.00948766603
26843,26857,27963,14,1106,2,36000,1.01265822785
26844,26866,28468,22,1602,2,36000,1.01373283396
26861,26872,28728,11,1856,2,36000,1.00592672414
26862,26878,27912,16,1034,2,36000,1.01547388781
26863,26884,27968,21,1084,2,36000,1.01937269373
26879,26891,28015,12,1124,2,36000,1.01067615658
26881,26897,28118,16,1221,2,36000,1.0131040131
26896,26903,28281,7,1378,2,36000,1.00507982583
26898,26920,28106,22,1186,2,36000,1.01854974705
26915,26927,28115,12,1188,2,36000,1.0101010101
26916,26934,28287,18,1353,2,36000,1.0133037694
26932,26940,27952,8,1012,2,36000,1.00790513834
26934,26946,28119,12,1173,2,36000,1.01023017903
26935,26960,28758,25,1798,2,36000,1.01390433815
26951,26969,28954,18,1985,2,36000,1.00906801008
26966,26980,28404,14,1424,2,36000,1.00983146067
26982,26998,28456,16,1458,2,36000,1.0109739369
26999,27005,28083,6,1078,2,36000,1.00556586271
27000,27011,28886,11,1875,2,36000,1.00586666667
27001,27017,28496,16,1479,2,36000,1.01081812035
27003,27023,28533,20,1510,2,36000,1.01324503311
27019,27029,28186,10,1157,2,36000,1.00864304235
27020,27035,28124,15,1089,2,36000,1.01377410468
27036,27048,28584,12,1536,2,36000,1.0078125
27055,27061,28346,6,1285,2,36000,1.0046692607
27056,27067,28979,11,1912,2,36000,1.00575313808
27058,27072,28265,14,1193,2,36000,1.01173512154
27059,27079,29065,20,1986,2,36000,1.01007049345
27075,27085,28981,10,1896,2,36000,1.0052742616
27076,27097,28087,21,990,2,36000,1.02121212121
27092,27113,28302,21,1189,2,36000,1.01766190076
27108,27132,28236,24,1104,2,36000,1.02173913043
27124,27145,28164,21,1019,2,36000,1.02060843965
27140,27166,28352,26,1186,2,36000,1.02192242833
27160,27172,29050,12,1878,2,36000,1.00638977636
27176,27193,28476,17,1283,2,36000,1.01325019486
27192,27199,28640,7,1441,2,36000,1.00485773768
27193,27206,28423,13,1217,2,36000,1.01068200493
27209,27240,28618,31,1378,2,36000,1.02249637155
27231,27247,28431,16,1184,2,36000,1.01351351351
27247,27260,29268,13,2008,2,36000,1.00647410359
27263,27269,28460,6,1191,2,36000,1.00503778338
27265,27275,28366,10,1091,2,36000,1.00916590284
27266,27281,29151,15,1870,2,36000,1.00802139037
27282,27299,28422,17,1123,2,36000,1.01513802315
27298,27320,28528,22,1208,2,36000,1.01821192053
27313,27326,28913,13,1587,2,36000,1.0081915564
27315,27334,28285,19,951,2,36000,1.01997896951
27332,27340,28577,8,1237,2,36000,1.0064672595
27333,27347,29229,14,1882,2,36000,1.00743889479
27334,27367,28513,33,1146,2,36000,1.02879581152
27357,27420,28941,63,1521,2,36000,1.04142011834
27413,27427,28522,14,1095,2,36000,1.01278538813
27431,27436,29034,5,1598,2,36000,1.00312891114
27432,27442,28558,10,1116,2,36000,1.00896057348
27433,27447,28610,14,1163,2,36000,1.01203783319
27434,27453,28712,19,1259,2,36000,1.01509134234
27436,27458,29236,22,1778,2,36000,1.01237345332
27437,27482,28689,45,1207,2,36000,1.03728251864
27472,27488,29233,16,1745,2,36000,1.00916905444
27473,27497,29006,24,1509,2,36000,1.01590457256
27489,27518,29486,29,1968,2,36000,1.01473577236
27508,27527,29131,19,1604,2,36000,1.01184538653
27524,27536,28969,12,1433,2,36000,1.00837404047
27540,27546,28504,6,958,2,36000,1.00626304802
27541,27557,29448,16,1891,2,36000,1.00846113168
27557,27575,28707,18,1132,2,36000,1.01590106007
27574,27581,28865,7,1284,2,36000,1.0054517134
27575,27596,28824,21,1228,2,36000,1.0171009772
27591,27623,29217,32,1594,2,36000,1.02007528231
27613,27656,29830,43,2174,2,36000,1.01977920883
27648,27662,28634,14,972,2,36000,1.01440329218
27650,27669,29809,19,2140,2,36000,1.00887850467
27666,27675,28851,9,1176,2,36000,1.00765306122
27667,27687,28820,20,1133,2,36000,1.01765225066
27683,27693,29204,10,1511,2,36000,1.00661813369
27685,27710,28670,25,960,2,36000,1.02604166667
27700,27717,28977,17,1260,2,36000,1.01349206349
27717,27731,28588,14,857,2,36000,1.01633605601
27733,27739,28839,6,1100,2,36000,1.00545454545
27735,27745,28820,10,1075,2,36000,1.00930232558
27736,27751,28888,15,1137,2,36000,1.01319261214
27752,27765,28744,13,979,2,36000,1.01327885598
27768,27858,29799,90,1941,2,36000,1.04636785162
27849,27882,28849,33,967,2,36000,1.03412616339
27872,27894,29079,22,1185,2,36000,1.01856540084
27887,27901,29281,14,1380,2,36000,1.01014492754
27888,27907,29027,19,1120,2,36000,1.01696428571
27890,27912,28983,22,1071,2,36000,1.02054154995
27907,27918,29021,11,1103,2,36000,1.00997280145
27908,27924,28825,16,901,2,36000,1.01775804661
27924,27930,28969,6,1039,2,36000,1.00577478345
27926,27936,28986,10,1050,2,36000,1.00952380952
27927,27941,29176,14,1235,2,36000,1.01133603239
27928,27948,29078,20,1130,2,36000,1.01769911504
27945,27954,28905,9,951,2,36000,1.0094637224
27946,27961,29064,15,1103,2,36000,1.01359927471
27948,27967,29111,19,1144,2,36000,1.01660839161
27964,27973,29121,9,1148,2,36000,1.00783972125
27966,27979,29702,13,1723,2,36000,1.00754497969
27967,27985,29526,18,1541,2,36000,1.0116807268
27983,27991,29088,8,1097,2,36000,1.00729261623
27985,27997,29175,12,1178,2,36000,1.01018675722
28001,28017,29065,16,1048,2,36000,1.01526717557
28017,28023,29212,6,1189,2,36000,1.00504625736
28018,28029,29672,11,1643,2,36000,1.00669506999
28019,28041,29886,22,1845,2,36000,1.01192411924
28035,28055,29195,20,1140,2,36000,1.01754385965
28051,28071,29936,20,1865,2,36000,1.01072386059
28080,28088,29353,8,1265,2,36000,1.00632411067
28096,28102,29986,6,1884,2,36000,1.00318471338
28097,28108,28981,11,873,2,36000,1.0126002291
28114,28120,29314,6,1194,2,36000,1.00502512563
28115,28126,29880,11,1754,2,36000,1.0062713797
28132,28138,29379,6,1241,2,36000,1.00483481064
28133,28144,29295,11,1151,2,36000,1.00955690704
28134,28149,29247,15,1098,2,36000,1.01366120219
28136,28171,29849,35,1678,2,36000,1.02085816448
28161,28178,29723,17,1545,2,36000,1.01100323625
28177,28198,29369,21,1171,2,36000,1.01793339026
28193,28219,29787,26,1568,2,36000,1.01658163265
28210,28248,29407,38,1159,2,36000,1.03278688525
28238,28271,29796,33,1525,2,36000,1.02163934426
28260,28277,29345,17,1068,2,36000,1.015917603
28276,28292,29413,16,1121,2,36000,1.01427297056
28294,28300,30334,6,2034,2,36000,1.00294985251
28295,28306,29537,11,1231,2,36000,1.00893582453
28296,28311,29456,15,1145,2,36000,1.01310043668
28298,28316,29505,18,1189,2,36000,1.01513877208
28299,28322,29532,23,1210,2,36000,1.01900826446
28300,28358,29615,58,1257,2,36000,1.046141607
28316,28328,29346,12,1018,2,36000,1.01178781925
28317,28334,29490,17,1156,2,36000,1.01470588235
28349,28364,30137,15,1773,2,36000,1.00846023689
28350,28369,29491,19,1122,2,36000,1.01693404635
28366,28377,29436,11,1059,2,36000,1.0103871577
28368,28385,29669,17,1284,2,36000,1.01323987539
28384,28415,29805,31,1390,2,36000,1.02230215827
28406,28421,29480,15,1059,2,36000,1.01416430595
28422,28433,29502,11,1069,2,36000,1.01028999065
28423,28439,29689,16,1250,2,36000,1.0128
28424,28445,29342,21,897,2,36000,1.02341137124
28440,28461,29489,21,1028,2,36000,1.02042801556
28456,28467,29503,11,1036,2,36000,1.01061776062
28457,28472,29582,15,1110,2,36000,1.01351351351
28459,28478,29908,19,1430,2,36000,1.01328671329
28475,28485,29551,10,1066,2,36000,1.00938086304
28477,28490,29697,13,1207,2,36000,1.01077050539
28478,28496,30118,18,1622,2,36000,1.0110974106
28494,28502,29552,8,1050,2,36000,1.00761904762
28496,28508,29774,12,1266,2,36000,1.00947867299
28511,28517,29646,6,1129,2,36000,1.00531443756
28513,28525,29649,12,1124,2,36000,1.01067615658
28530,28536,29615,6,1079,2,36000,1.00556070436
28531,28542,30342,11,1800,2,36000,1.00611111111
28532,28548,29429,16,881,2,36000,1.01816118048
28548,28569,29966,21,1397,2,36000,1.01503221188
28564,28579,29779,15,1200,2,36000,1.0125
28580,28588,29754,8,1166,2,36000,1.00686106346
28581,28595,30569,14,1974,2,36000,1.00709219858
28597,28603,30163,6,1560,2,36000,1.00384615385
28599,28613,30646,14,2033,2,36000,1.00688637482
28615,28621,29649,6,1028,2,36000,1.00583657588
28616,28627,29701,11,1074,2,36000,1.01024208566
28618,28633,29783,15,1150,2,36000,1.01304347826
28634,28640,29810,6,1170,2,36000,1.00512820513
28635,28646,29752,11,1106,2,36000,1.00994575045
28637,28652,29873,15,1221,2,36000,1.01228501229
28654,28660,29878,6,1218,2,36000,1.00492610837
28655,28681,30460,26,1779,2,36000,1.01461495222
28674,28700,29890,26,1190,2,36000,1.0218487395
28690,28718,29609,28,891,2,36000,1.03142536476
28709,28724,29749,15,1025,2,36000,1.01463414634
28725,28739,29809,14,1070,2,36000,1.01308411215
28741,28755,29858,14,1103,2,36000,1.01269265639
28757,28769,30247,12,1478,2,36000,1.00811907984
28772,28831,30086,59,1255,2,36000,1.04701195219
28823,28836,30010,13,1174,2,36000,1.01107325383
28825,28843,30056,18,1213,2,36000,1.01483924155
28826,28849,30078,23,1229,2,36000,1.01871440195
28842,28855,30133,13,1278,2,36000,1.01017214397
28844,28861,30072,17,1211,2,36000,1.01403798514
28860,28867,30002,7,1135,2,36000,1.00616740088
28861,28876,29701,15,825,2,36000,1.01818181818
28877,28897,30289,20,1392,2,36000,1.01436781609
28894,28903,29999,9,1096,2,36000,1.00821167883
28895,28916,29901,21,985,2,36000,1.02131979695
28911,28925,29722,14,797,2,36000,1.01756587202
28926,28952,30761,26,1809,2,36000,1.01437258154
28942,28965,30747,23,1782,2,36000,1.01290684624
28958,28980,30490,22,1510,2,36000,1.01456953642
28974,28985,30043,11,1058,2,36000,1.01039697543
28975,28991,30088,16,1097,2,36000,1.01458523245
28993,28999,30696,6,1697,2,36000,1.00353565115
28994,29005,30541,11,1536,2,36000,1.00716145833
28996,29010,30004,14,994,2,36000,1.01408450704
28997,29016,30257,19,1241,2,36000,1.01531023368
28998,29021,30159,23,1138,2,36000,1.02021089631
29000,29027,30966,27,1939,2,36000,1.01392470346
29015,29033,30096,18,1063,2,36000,1.0169332079
29032,29039,30016,7,977,2,36000,1.00716479017
29033,29046,30046,13,1000,2,36000,1.013
29049,29061,30874,12,1813,2,36000,1.00661886376
29067,29075,30303,8,1228,2,36000,1.00651465798
29068,29080,30103,12,1023,2,36000,1.01173020528
29069,29087,30578,18,1491,2,36000,1.01207243461
29071,29093,30315,22,1222,2,36000,1.01800327332
29087,29098,30137,11,1039,2,36000,1.01058710298
29088,29104,30282,16,1178,2,36000,1.01358234295
29104,29122,30239,18,1117,2,36000,1.01611459266
29120,29132,30108,12,976,2,36000,1.01229508197
29122,29142,30326,20,1184,2,36000,1.01689189189
29138,29162,30384,24,1222,2,36000,1.01963993453
29154,29186,30316,32,1130,2,36000,1.02831858407
29176,29192,30402,16,1210,2,36000,1.0132231405
29178,29206,30211,28,1005,2,36000,1.02786069652
29196,29215,30171,19,956,2,36000,1.01987447699
29212,29224,30370,12,1146,2,36000,1.01047120419
29214,29230,31176,16,1946,2,36000,1.00822199383
29230,29240,30503,10,1263,2,36000,1.00791765637
29231,29247,30258,16,1011,2,36000,1.01582591494
29248,29254,31156,6,1902,2,36000,1.00315457413
29249,29260,30393,11,1133,2,36000,1.00970873786
29250,29279,30296,29,1017,2,36000,1.0285152409
29269,29292,30223,23,931,2,36000,1.02470461869
29284,29306,30984,22,1678,2,36000,1.01311084625
29300,29325,31211,25,1886,2,36000,1.01325556734
29316,29353,30368,37,1015,2,36000,1.03645320197
29344,29359,30430,15,1071,2,36000,1.01400560224
29361,29367,30443,6,1076,2,36000,1.00557620818
29362,29373,30395,11,1022,2,36000,1.01076320939
29363,29380,30535,17,1155,2,36000,1.01471861472
29379,29391,30538,12,1147,2,36000,1.01046207498
29381,29419,30628,38,1209,2,36000,1.03143093466
29411,29425,30719,14,1294,2,36000,1.01081916538
29426,29440,30602,14,1162,2,36000,1.01204819277
29443,29448,30462,5,1014,2,36000,1.00493096647
29444,29459,30476,15,1017,2,36000,1.01474926254
29460,29490,31068,30,1578,2,36000,1.01901140684
29461,29497,31410,36,1913,2,36000,1.01881860951
29484,29502,30538,18,1036,2,36000,1.01737451737
29500,29509,30785,9,1276,2,36000,1.00705329154
29502,29514,31071,12,1557,2,36000,1.00770712909
29503,29519,30614,16,1095,2,36000,1.01461187215
29504,29526,31172,22,1646,2,36000,1.01336573512
29521,29532,30731,11,1199,2,36000,1.00917431193
29522,29537,31128,15,1591,2,36000,1.00942803268
29523,29543,30826,20,1283,2,36000,1.01558846454
29540,29549,31301,9,1752,2,36000,1.0051369863
29541,29554,30890,13,1336,2,36000,1.00973053892
29543,29562,30737,19,1175,2,36000,1.01617021277
29559,29568,30792,9,1224,2,36000,1.00735294118
29560,29593,30722,33,1129,2,36000,1.02922940655
29585,29620,30813,35,1193,2,36000,1.02933780386
29611,29626,30708,15,1082,2,36000,1.01386321627
29627,29633,30747,6,1114,2,36000,1.00538599641
29628,29657,30778,29,1121,2,36000,1.02586975914
29647,29664,30851,17,1187,2,36000,1.01432181971
29663,29670,30638,7,968,2,36000,1.00723140496
29665,29681,30802,16,1121,2,36000,1.01427297056
29681,29687,30708,6,1021,2,36000,1.00587659158
29682,29701,31680,19,1979,2,36000,1.00960080849
29699,29708,30882,9,1174,2,36000,1.00766609881
29700,29714,31291,14,1577,2,36000,1.00887761573
29716,29723,30848,7,1125,2,36000,1.00622222222
29718,29729,31573,11,1844,2,36000,1.00596529284
29719,29735,30928,16,1193,2,36000,1.01341156748
29735,29741,31871,6,2130,2,36000,1.00281690141
29736,29760,30983,24,1223,2,36000,1.01962387572
29752,29767,30933,15,1166,2,36000,1.012864494
29754,29772,30880,18,1108,2,36000,1.01624548736
29770,29785,30986,15,1201,2,36000,1.01248959201
29787,29793,31193,6,1400,2,36000,1.00428571429
29788,29799,31738,11,1939,2,36000,1.00567302733
29790,29804,30874,14,1070,2,36000,1.01308411215
29806,29813,31979,7,2166,2,36000,1.00323176362
29808,29819,30924,11,1105,2,36000,1.00995475113
29809,29825,31074,16,1249,2,36000,1.0128102482
29811,29831,31006,20,1175,2,36000,1.0170212766
29827,29837,31159,10,1322,2,36000,1.00756429652
29828,29842,30865,14,1023,2,36000,1.01368523949
29830,29849,30896,19,1047,2,36000,1.01814708691
29846,29860,31749,14,1889,2,36000,1.00741132875
29862,29869,30914,7,1045,2,36000,1.00669856459
29863,29884,31145,21,1261,2,36000,1.01665344964
29879,29890,31017,11,1127,2,36000,1.00976042591
29880,29897,31004,17,1107,2,36000,1.01535682023
29897,29903,30883,6,980,2,36000,1.00612244898
29898,29909,30825,11,916,2,36000,1.01200873362
29900,29915,31359,15,1444,2,36000,1.01038781163
29916,29922,30901,6,979,2,36000,1.00612870276
29917,29948,31039,31,1091,2,36000,1.02841429881
29940,29977,31163,37,1186,2,36000,1.03119730185
29968,29997,32045,29,2048,2,36000,1.01416015625
29987,30013,31104,26,1091,2,36000,1.02383134739
30003,30018,31834,15,1816,2,36000,1.00825991189
30004,30025,31103,21,1078,2,36000,1.01948051948
30021,30031,31155,10,1124,2,36000,1.00889679715
30022,30036,31581,14,1545,2,36000,1.00906148867
30024,30054,31442,30,1388,2,36000,1.02161383285
30046,30061,31174,15,1113,2,36000,1.01347708895
30047,30068,31312,21,1244,2,36000,1.01688102894
30063,30083,31096,20,1013,2,36000,1.01974333662
30079,30089,32222,10,2133,2,36000,1.00468823254
30081,30097,31476,16,1379,2,36000,1.01160261059
30097,30103,31194,6,1091,2,36000,1.0054995417
30098,30109,31250,11,1141,2,36000,1.00964066608
30099,30115,31872,16,1757,2,36000,1.00910643142
30116,30121,31151,5,1030,2,36000,1.00485436893
30117,30129,31289,12,1160,2,36000,1.01034482759
30134,30144,31159,10,1015,2,36000,1.00985221675
30135,30150,31314,15,1164,2,36000,1.01288659794
30151,30157,31507,6,1350,2,36000,1.00444444444
30152,30171,31221,19,1050,2,36000,1.0180952381
30169,30177,31456,8,1279,2,36000,1.00625488663
30170,30184,31414,14,1230,2,36000,1.01138211382
30185,30222,31175,37,953,2,36000,1.0388247639
30214,30234,31393,20,1159,2,36000,1.01725625539
30230,30250,32309,20,2059,2,36000,1.00971345313
30246,30258,31379,12,1121,2,36000,1.01070472792
30262,30267,31310,5,1043,2,36000,1.00479386385
30263,30274,32446,11,2172,2,36000,1.00506445672
30264,30294,31234,30,940,2,36000,1.03191489362
30283,30301,31239,18,938,2,36000,1.01918976546
30300,30307,32048,7,1741,2,36000,1.00402067777
30301,30314,31363,13,1049,2,36000,1.012392755
30318,30326,31954,8,1628,2,36000,1.00491400491
30319,30332,31517,13,1185,2,36000,1.01097046414
30320,30338,31525,18,1187,2,36000,1.0151642797
30337,30346,31399,9,1053,2,36000,1.00854700855
30338,30353,31286,15,933,2,36000,1.01607717042
30354,30380,31416,26,1036,2,36000,1.0250965251
30370,30387,31660,17,1273,2,36000,1.01335428123
30371,30395,32191,24,1796,2,36000,1.01336302895
30388,30404,32285,16,1881,2,36000,1.00850611377
30404,30410,31426,6,1016,2,36000,1.00590551181
30406,30416,31541,10,1125,2,36000,1.00888888889
30407,30442,31678,35,1236,2,36000,1.0283171521
30432,30454,31536,22,1082,2,36000,1.02033271719
30448,30472,31494,24,1022,2,36000,1.02348336595
30464,30478,32348,14,1870,2,36000,1.00748663102
30466,30487,31637,21,1150,2,36000,1.01826086957
30482,30501,31933,19,1432,2,36000,1.01326815642
30497,30514,32065,17,1551,2,36000,1.01096067054
30513,30547,31648,34,1101,2,36000,1.03088101726
30538,30553,31579,15,1026,2,36000,1.01461988304
30540,30558,31545,18,987,2,36000,1.01823708207
30541,30564,31499,23,935,2,36000,1.02459893048
30558,30580,31879,22,1299,2,36000,1.0169361047
30573,30589,31681,16,1092,2,36000,1.01465201465
30589,30614,31824,25,1210,2,36000,1.02066115702
30605,30625,31627,20,1002,2,36000,1.01996007984
30621,30639,31844,18,1205,2,36000,1.01493775934
30637,30649,31761,12,1112,2,36000,1.01079136691
30653,30659,31745,6,1086,2,36000,1.00552486188
30655,30707,32457,52,1750,2,36000,1.02971428571
30699,30719,31777,20,1058,2,36000,1.01890359168
30715,30725,31630,10,905,2,36000,1.01104972376
30716,30732,31817,16,1085,2,36000,1.01474654378
30733,30739,31776,6,1037,2,36000,1.00578592093
30734,30745,31937,11,1192,2,36000,1.00922818792
30736,30751,31750,15,999,2,36000,1.01501501502
30752,30758,32192,6,1434,2,36000,1.00418410042
30753,30764,31598,11,834,2,36000,1.01318944844
30754,30772,31845,18,1073,2,36000,1.01677539609
30770,30790,31821,20,1031,2,36000,1.0193986421
30786,30796,31985,10,1189,2,36000,1.00841042893
30788,30803,31915,15,1112,2,36000,1.01348920863
30804,30813,31906,9,1093,2,36000,1.00823421775
30805,30825,31806,20,981,2,36000,1.02038735984
30821,30836,32163,15,1327,2,36000,1.01130369254
30837,30843,31877,6,1034,2,36000,1.00580270793
30839,30859,31905,20,1046,2,36000,1.01912045889
30855,30865,31839,10,974,2,36000,1.01026694045
30856,30876,31909,20,1033,2,36000,1.01936108422
30872,30885,31990,13,1105,2,36000,1.01176470588
30896,30902,31933,6,1031,2,36000,1.00581959263
30898,30908,31928,10,1020,2,36000,1.00980392157
30899,30913,31804,14,891,2,36000,1.01571268238
30900,30919,32116,19,1197,2,36000,1.01587301587
30902,30924,32915,22,1991,2,36000,1.01104972376
30903,30930,31911,27,981,2,36000,1.02752293578
30904,30936,31910,32,974,2,36000,1.03285420945
30921,30941,32348,20,1407,2,36000,1.01421464108
30923,30947,32873,24,1926,2,36000,1.01246105919
30939,30952,32148,13,1196,2,36000,1.01086956522
30940,30958,32472,18,1514,2,36000,1.01188903567
30942,30978,32343,36,1365,2,36000,1.02637362637
30967,30994,32100,27,1106,2,36000,1.02441229656
30987,31006,32946,19,1940,2,36000,1.00979381443
30988,31016,32016,28,1000,2,36000,1.028
30989,31001,32096,12,1095,2,36000,1.01095890411
31006,31022,32020,16,998,2,36000,1.01603206413
31007,31028,32251,21,1223,2,36000,1.01717089125
31023,31050,32116,27,1066,2,36000,1.02532833021
31042,31080,32932,38,1852,2,36000,1.02051835853
31070,31086,32241,16,1155,2,36000,1.01385281385
31086,31092,32347,6,1255,2,36000,1.00478087649
31087,31107,32293,20,1186,2,36000,1.01686340641
31103,31114,32132,11,1018,2,36000,1.01080550098
31105,31120,32674,15,1554,2,36000,1.00965250965
31106,31139,32225,33,1086,2,36000,1.03038674033
31132,31156,32041,24,885,2,36000,1.02711864407
31148,31163,32082,15,919,2,36000,1.01632208923
31165,31172,32148,7,976,2,36000,1.00717213115
31167,31178,32704,11,1526,2,36000,1.00720838794
31168,31183,32261,15,1078,2,36000,1.01391465677
31170,31189,32298,19,1109,2,36000,1.01713255185
31171,31194,32278,23,1084,2,36000,1.02121771218
31172,31200,32467,28,1267,2,36000,1.02209944751
31190,31206,32337,16,1131,2,36000,1.01414677277
31191,31211,32400,20,1189,2,36000,1.01682085786
31192,31216,32355,24,1139,2,36000,1.02107111501
31194,31222,32434,28,1212,2,36000,1.02310231023
31210,31227,32263,17,1036,2,36000,1.01640926641
31211,31233,32575,22,1342,2,36000,1.01639344262
31227,31239,32197,12,958,2,36000,1.01252609603
31229,31245,32535,16,1290,2,36000,1.01240310078
31245,31251,32368,6,1117,2,36000,1.00537153089
31246,31261,32319,15,1058,2,36000,1.01417769376
31262,31297,32345,35,1048,2,36000,1.03339694656
31287,31303,32554,16,1251,2,36000,1.01278976819
31304,31310,33197,6,1887,2,36000,1.00317965024
31305,31316,32524,11,1208,2,36000,1.00910596026
31307,31322,33336,15,2014,2,36000,1.00744786495
31323,31329,32364,6,1035,2,36000,1.00579710145
31324,31335,33117,11,1782,2,36000,1.00617283951
31326,31370,32359,44,989,2,36000,1.04448938322
31360,31376,32504,16,1128,2,36000,1.01418439716
31376,31390,32452,14,1062,2,36000,1.0131826742
31391,31404,32689,13,1285,2,36000,1.01011673152
31408,31414,32508,6,1094,2,36000,1.00548446069
31409,31421,33157,12,1736,2,36000,1.0069124424
31426,31433,33330,7,1897,2,36000,1.0036900369
31428,31439,32514,11,1075,2,36000,1.01023255814
31429,31444,32565,15,1121,2,36000,1.0133809099
31430,31453,32604,23,1151,2,36000,1.01998262381
31446,31467,33145,21,1678,2,36000,1.01251489869
31462,31488,32527,26,1039,2,36000,1.0250240616
31478,31505,33567,27,2062,2,36000,1.01309408341
31495,31511,32519,16,1008,2,36000,1.01587301587
31511,31528,32788,17,1260,2,36000,1.01349206349
31512,31533,32476,21,943,2,36000,1.02226935313
31529,31539,32570,10,1031,2,36000,1.00969932105
31530,31547,32699,17,1152,2,36000,1.01475694444
31547,31553,33525,6,1972,2,36000,1.00304259635
31548,31559,32608,11,1049,2,36000,1.01048617731
31549,31584,32549,35,965,2,36000,1.03626943005
31575,31591,32800,16,1209,2,36000,1.01323407775
31591,31597,32674,6,1077,2,36000,1.00557103064
31593,31609,32759,16,1150,2,36000,1.01391304348
31608,31638,32588,30,950,2,36000,1.03157894737
31631,31645,32737,14,1092,2,36000,1.01282051282
31632,31652,32889,20,1237,2,36000,1.01616814875
31648,31659,33633,11,1974,2,36000,1.00557244174
31650,31671,33607,21,1936,2,36000,1.01084710744
31666,31689,32897,23,1208,2,36000,1.0190397351
31683,31695,32690,12,995,2,36000,1.01206030151
31684,31701,32788,17,1087,2,36000,1.01563937443
31685,31749,32897,64,1148,2,36000,1.05574912892
31741,31756,32973,15,1217,2,36000,1.0123253903
31758,31764,32704,6,940,2,36000,1.00638297872
31759,31770,32879,11,1109,2,36000,1.00991884581
31761,31777,32846,16,1069,2,36000,1.01496725912
31777,31788,32884,11,1096,2,36000,1.01003649635
31779,31793,33019,14,1226,2,36000,1.01141924959
31780,31815,33745,35,1930,2,36000,1.01813471503
31807,31821,33615,14,1794,2,36000,1.00780379041
31808,31828,33819,20,1991,2,36000,1.01004520342
31824,31834,33053,10,1219,2,36000,1.00820344545
31826,31840,33796,14,1956,2,36000,1.00715746421
31827,31846,32853,19,1007,2,36000,1.01886792453
31844,31852,33196,8,1344,2,36000,1.00595238095
31845,31858,32989,13,1131,2,36000,1.01149425287
31846,31863,33157,17,1294,2,36000,1.01313755796
31862,31882,32999,20,1117,2,36000,1.01790510295
31879,31888,33081,9,1193,2,36000,1.00754400671
31880,31893,32880,13,987,2,36000,1.01317122594
31882,31900,33932,18,2032,2,36000,1.00885826772
31883,31917,32877,34,960,2,36000,1.03541666667
31906,31922,33159,16,1237,2,36000,1.012934519
31908,31928,33541,20,1613,2,36000,1.01239925604
31925,31934,33302,9,1368,2,36000,1.00657894737
31926,31939,32972,13,1033,2,36000,1.01258470474
31928,31945,33030,17,1085,2,36000,1.01566820276
31929,31951,33732,22,1781,2,36000,1.01235261089
31946,31958,33106,12,1148,2,36000,1.01045296167
31947,31963,33058,16,1095,2,36000,1.01461187215
31948,31968,33240,20,1272,2,36000,1.01572327044
31950,31975,33045,25,1070,2,36000,1.02336448598
31966,31990,33146,24,1156,2,36000,1.02076124567
31981,31997,33167,16,1170,2,36000,1.01367521368
31998,32003,33075,5,1072,2,36000,1.0046641791
31999,32028,33503,29,1475,2,36000,1.01966101695
32018,32034,33132,16,1098,2,36000,1.014571949
32034,32052,33651,18,1599,2,36000,1.01125703565
32051,32058,33848,7,1790,2,36000,1.00391061453
32052,32064,32978,12,914,2,36000,1.01312910284
32053,32076,33016,23,940,2,36000,1.02446808511
32069,32093,33211,24,1118,2,36000,1.02146690519
32085,32107,33714,22,1607,2,36000,1.01369010579
32101,32113,33225,12,1112,2,36000,1.01079136691
32103,32128,33259,25,1131,2,36000,1.02210433245
32118,32133,33258,15,1125,2,36000,1.01333333333
32120,32144,33273,24,1129,2,36000,1.02125775022
32136,32159,34029,23,1870,2,36000,1.01229946524
32152,32165,33948,13,1783,2,36000,1.00729108245
32153,32174,33452,21,1278,2,36000,1.01643192488
32169,32202,33408,33,1206,2,36000,1.02736318408
32195,32209,33262,14,1053,2,36000,1.01329534663
32196,32214,33189,18,975,2,36000,1.01846153846
32212,32234,33477,22,1243,2,36000,1.01769911504
32229,32241,33300,12,1059,2,36000,1.01133144476
32230,32252,33171,22,919,2,36000,1.0239390642
32246,32263,33456,17,1193,2,36000,1.01424979044
32263,32272,33280,9,1008,2,36000,1.00892857143
32264,32278,33373,14,1095,2,36000,1.01278538813
32266,32290,33417,24,1127,2,36000,1.02129547471
32282,32296,33364,14,1068,2,36000,1.01310861423
32298,32304,33451,6,1147,2,36000,1.00523103749
32299,32310,33465,11,1155,2,36000,1.00952380952
32301,32320,33376,19,1056,2,36000,1.01799242424
32317,32330,33472,13,1142,2,36000,1.01138353765
32333,32348,33515,15,1167,2,36000,1.01285347044
32350,32356,33399,6,1043,2,36000,1.00575263663
32351,32362,33420,11,1058,2,36000,1.01039697543
32353,32368,33459,15,1091,2,36000,1.01374885426
32354,32373,33605,19,1232,2,36000,1.01542207792
32355,32378,34414,23,2036,2,36000,1.01129666012
32356,32395,33406,39,1011,2,36000,1.03857566766
32374,32384,33683,10,1299,2,36000,1.00769822941
32375,32390,33401,15,1011,2,36000,1.01483679525
32377,32400,33400,23,1000,2,36000,1.023
32378,32411,33351,33,940,2,36000,1.03510638298
32404,32445,33359,41,914,2,36000,1.04485776805
32436,32457,33651,21,1194,2,36000,1.0175879397
32452,32464,33395,12,931,2,36000,1.01288936627
32453,32471,33582,18,1111,2,36000,1.01620162016
32469,32477,33781,8,1304,2,36000,1.00613496933
32471,32483,33504,12,1021,2,36000,1.01175318315
32487,32493,33598,6,1105,2,36000,1.00542986425
32488,32515,33814,27,1299,2,36000,1.0207852194
32505,32522,33640,17,1118,2,36000,1.01520572451
32521,32528,34212,7,1684,2,36000,1.0041567696
32523,32534,33493,11,959,2,36000,1.01147028154
32524,32540,33574,16,1034,2,36000,1.01547388781
32541,32548,33684,7,1136,2,36000,1.00616197183
32543,32554,33580,11,1026,2,36000,1.01072124756
32544,32560,33652,16,1092,2,36000,1.01465201465
32560,32566,33921,6,1355,2,36000,1.00442804428
32562,32576,33755,14,1179,2,36000,1.01187446989
32578,32584,33761,6,1177,2,36000,1.00509770603
32579,32590,34509,11,1919,2,36000,1.00573215216
32581,32599,33606,18,1007,2,36000,1.01787487587
32597,32615,33947,18,1332,2,36000,1.01351351351
32614,32621,33717,7,1096,2,36000,1.00638686131
32615,32685,34565,70,1880,2,36000,1.03723404255
32677,32691,33571,14,880,2,36000,1.01590909091
32678,32700,33816,22,1116,2,36000,1.01971326165
32694,32706,34550,12,1844,2,36000,1.00650759219
32695,32712,34548,17,1836,2,36000,1.00925925926
32712,32718,33667,6,949,2,36000,1.00632244468
32713,32724,34052,11,1328,2,36000,1.00828313253
32714,32748,33823,34,1075,2,36000,1.03162790698
32740,32770,33737,30,967,2,36000,1.0310237849
32762,32799,33713,37,914,2,36000,1.04048140044
32791,32804,33987,13,1183,2,36000,1.01098901099
32793,32812,34478,19,1666,2,36000,1.01140456182
32809,32858,34040,49,1182,2,36000,1.04145516074
32850,32864,34439,14,1575,2,36000,1.00888888889
32873,32885,34025,12,1140,2,36000,1.01052631579
32874,32891,34555,17,1664,2,36000,1.01021634615
32891,32898,33909,7,1011,2,36000,1.00692383778
32892,32903,34016,11,1113,2,36000,1.00988319856
32894,32910,34002,16,1092,2,36000,1.01465201465
32895,32915,34212,20,1297,2,36000,1.01542020046
32896,32921,34011,25,1090,2,36000,1.02293577982
32913,32927,33831,14,904,2,36000,1.01548672566
32914,32932,34249,18,1317,2,36000,1.01366742597
32930,32943,34000,13,1057,2,36000,1.01229895932
32946,32957,34110,11,1153,2,36000,1.00954032958
32948,32983,34486,35,1503,2,36000,1.02328675981
32977,32989,34088,12,1099,2,36000,1.01091901729
32978,32995,34014,17,1019,2,36000,1.01668302257
32995,33000,34154,5,1154,2,36000,1.00433275563
32996,33010,34153,14,1143,2,36000,1.01224846894
33012,33027,34480,15,1453,2,36000,1.01032346869
33028,33034,34804,6,1770,2,36000,1.00338983051
33029,33041,34151,12,1110,2,36000,1.01081081081
33045,33057,33957,12,900,2,36000,1.01333333333
33047,33064,34152,17,1088,2,36000,1.015625
33063,33070,34111,7,1041,2,36000,1.00672430355
33065,33086,34189,21,1103,2,36000,1.01903898459
33081,33092,34898,11,1806,2,36000,1.00609080842
33082,33117,34523,35,1406,2,36000,1.02489331437
33108,33129,33996,21,867,2,36000,1.02422145329
33124,33143,35114,19,1971,2,36000,1.00963977676
33140,33156,34282,16,1126,2,36000,1.01420959147
33156,33162,34311,6,1149,2,36000,1.00522193211
33158,33168,35199,10,2031,2,36000,1.00492368291
33159,33174,34240,15,1066,2,36000,1.01407129456
33176,33182,34320,6,1138,2,36000,1.00527240773
33178,33188,34340,10,1152,2,36000,1.00868055556
33179,33193,34122,14,929,2,36000,1.01506996771
33180,33200,34400,20,1200,2,36000,1.01666666667
33196,33208,35088,12,1880,2,36000,1.00638297872
33198,33213,34211,15,998,2,36000,1.01503006012
33214,33222,35147,8,1925,2,36000,1.00415584416
33215,33236,34524,21,1288,2,36000,1.01630434783
33231,33251,34385,20,1134,2,36000,1.0176366843
33247,33269,34383,22,1114,2,36000,1.0197486535
33263,33276,34622,13,1346,2,36000,1.00965824666
33265,33281,34537,16,1256,2,36000,1.0127388535
33266,33288,34332,22,1044,2,36000,1.02107279693
33283,33295,34431,12,1136,2,36000,1.01056338028
33284,33312,34718,28,1406,2,36000,1.01991465149
33303,33317,34362,14,1045,2,36000,1.01339712919
33305,33341,34464,36,1123,2,36000,1.0320569902
33333,33348,35427,15,2079,2,36000,1.00721500722
33349,33362,34439,13,1077,2,36000,1.01207056639
33366,33372,34513,6,1141,2,36000,1.00525854514
33367,33378,34483,11,1105,2,36000,1.00995475113
33369,33384,34537,15,1153,2,36000,1.01300954033
33384,33390,35390,6,2000,2,36000,1.003
33386,33406,34532,20,1126,2,36000,1.01776198934
33402,33412,34477,10,1065,2,36000,1.00938967136
33403,33418,34537,15,1119,2,36000,1.01340482574
33405,33423,35132,18,1709,2,36000,1.01053247513
33406,33429,34793,23,1364,2,36000,1.01686217009
33426,33436,34765,10,1329,2,36000,1.00752445448
33427,33441,34503,14,1062,2,36000,1.0131826742
33429,33447,34648,18,1201,2,36000,1.01498751041
33442,33462,34494,20,1032,2,36000,1.01937984496
33458,33468,35008,10,1540,2,36000,1.00649350649
33459,33474,34564,15,1090,2,36000,1.01376146789
33461,33480,35343,19,1863,2,36000,1.0101986044
33478,33486,34674,8,1188,2,36000,1.00673400673
33479,33491,34556,12,1065,2,36000,1.01126760563
33480,33498,34779,18,1281,2,36000,1.01405152225
33481,33504,34548,23,1044,2,36000,1.02203065134
33497,33514,34415,17,901,2,36000,1.01886792453
33514,33520,34796,6,1276,2,36000,1.00470219436
33515,33526,34595,11,1069,2,36000,1.01028999065
33531,33537,35181,6,1644,2,36000,1.00364963504
33532,33552,35158,20,1606,2,36000,1.01245330012
33549,33578,34669,29,1091,2,36000,1.02658111824
33568,33584,34647,16,1063,2,36000,1.01505174036
33569,33590,34703,21,1113,2,36000,1.01886792453
33587,33597,34537,10,940,2,36000,1.01063829787
33588,33602,34720,14,1118,2,36000,1.01252236136
33589,33609,34734,20,1125,2,36000,1.01777777778
33605,33617,34700,12,1083,2,36000,1.01108033241
33606,33622,34637,16,1015,2,36000,1.0157635468
33608,33628,34648,20,1020,2,36000,1.01960784314
33624,33634,34678,10,1044,2,36000,1.00957854406
33626,33644,34817,18,1173,2,36000,1.01534526854
33646,33652,34727,6,1075,2,36000,1.00558139535
33647,33663,34674,16,1011,2,36000,1.01582591494
33664,33670,34995,6,1325,2,36000,1.00452830189
33665,33676,34785,11,1109,2,36000,1.00991884581
33666,33682,34766,16,1084,2,36000,1.0147601476
33682,33695,34681,13,986,2,36000,1.01318458418
33699,33705,35692,6,1987,2,36000,1.00301962758
33700,33725,34901,25,1176,2,36000,1.0212585034
33716,33730,35622,14,1892,2,36000,1.00739957717
33718,33737,34881,19,1144,2,36000,1.01660839161
33736,33743,35006,7,1263,2,36000,1.00554235946
33738,33749,35089,11,1340,2,36000,1.00820895522
33739,33757,35639,18,1882,2,36000,1.0095642933
33755,33766,34999,11,1233,2,36000,1.00892133009
33756,33773,34867,17,1094,2,36000,1.0155393053
33772,33792,34795,20,1003,2,36000,1.01994017946
33788,33807,35704,19,1897,2,36000,1.01001581444
33804,33825,34705,21,880,2,36000,1.02386363636
33820,33831,34982,11,1151,2,36000,1.00955690704
33821,33836,35572,15,1736,2,36000,1.008640553
33823,33843,34928,20,1085,2,36000,1.01843317972
33839,33849,35157,10,1308,2,36000,1.00764525994
33840,33859,34909,19,1050,2,36000,1.0180952381
33856,33920,35730,64,1810,2,36000,1.03535911602
33912,33932,35649,20,1717,2,36000,1.01164822365
33928,33943,34980,15,1037,2,36000,1.01446480231
33944,33958,35051,14,1093,2,36000,1.01280878317
33961,33967,35357,6,1390,2,36000,1.00431654676
33962,33973,35336,11,1363,2,36000,1.00807043287
33963,33998,35118,35,1120,2,36000,1.03125
33989,34007,35121,18,1114,2,36000,1.01615798923
34005,34013,34992,8,979,2,36000,1.00817160368
34006,34018,35565,12,1547,2,36000,1.00775694893
34008,34024,35940,16,1916,2,36000,1.00835073069
34025,34030,35180,5,1150,2,36000,1.00434782609
34026,34036,35161,10,1125,2,36000,1.00888888889
34027,34041,35331,14,1290,2,36000,1.01085271318
34029,34048,35678,19,1630,2,36000,1.01165644172
34045,34054,35871,9,1817,2,36000,1.00495321959
34046,34063,35184,17,1121,2,36000,1.01516503122
34062,34099,35610,37,1511,2,36000,1.02448709464
34091,34121,35211,30,1090,2,36000,1.02752293578
34113,34127,35683,14,1556,2,36000,1.00899742931
34114,34133,35203,19,1070,2,36000,1.01775700935
34130,34162,35229,32,1067,2,36000,1.02999062793
34153,34169,35288,16,1119,2,36000,1.01429848079
34154,34174,35151,20,977,2,36000,1.02047082907
34156,34180,35387,24,1207,2,36000,1.01988400994
34172,34200,35151,28,951,2,36000,1.0294426919
34191,34222,35404,31,1182,2,36000,1.02622673435
34214,34228,35339,14,1111,2,36000,1.01260126013
34216,34233,35195,17,962,2,36000,1.01767151767
34217,34252,36042,35,1790,2,36000,1.01955307263
34242,34261,35384,19,1123,2,36000,1.01691896705
34258,34293,35300,35,1007,2,36000,1.03475670308
34283,34323,35298,40,975,2,36000,1.04102564103
34315,34331,35486,16,1155,2,36000,1.01385281385
34330,34343,36115,13,1772,2,36000,1.00733634312
34346,34352,35357,6,1005,2,36000,1.00597014925
34348,34374,35573,26,1199,2,36000,1.02168473728
34363,34395,35688,32,1293,2,36000,1.02474864656
34386,34402,35465,16,1063,2,36000,1.01505174036
34387,34411,36055,24,1644,2,36000,1.01459854015
34403,34425,36064,22,1639,2,36000,1.01342281879
34419,34431,36274,12,1843,2,36000,1.00651112317
34420,34442,35551,22,1109,2,36000,1.01983769161
34436,34450,35608,14,1158,2,36000,1.01208981002
34452,34458,35511,6,1053,2,36000,1.0056980057
34453,34475,35718,22,1243,2,36000,1.01769911504
34469,34488,35817,19,1329,2,36000,1.01429646351
34486,34494,35707,8,1213,2,36000,1.00659521847
34487,34499,36465,12,1966,2,36000,1.00610376399
34489,34504,36539,15,2035,2,36000,1.00737100737
34490,34511,35545,21,1034,2,36000,1.02030947776
34491,34516,35440,25,924,2,36000,1.02705627706
34508,34522,35673,14,1151,2,36000,1.01216333623
34509,34528,35648,19,1120,2,36000,1.01696428571
34526,34534,35534,8,1000,2,36000,1.008
34527,34539,35764,12,1225,2,36000,1.00979591837
34528,34545,35703,17,1158,2,36000,1.01468048359
34530,34551,35712,21,1161,2,36000,1.0180878553
34548,34558,35690,10,1132,2,36000,1.00883392226
34549,34563,35805,14,1242,2,36000,1.01127214171
34550,34568,36408,18,1840,2,36000,1.0097826087
34552,34573,35835,21,1262,2,36000,1.01664025357
34553,34579,35787,26,1208,2,36000,1.02152317881
34554,34585,35709,31,1124,2,36000,1.02758007117
34556,34590,35861,34,1271,2,36000,1.02675059009
34574,34597,35927,23,1330,2,36000,1.01729323308
34575,34602,36027,27,1425,2,36000,1.01894736842
34576,34608,35669,32,1061,2,36000,1.0301602262
34578,34613,35740,35,1127,2,36000,1.03105590062
34579,34619,35582,40,963,2,36000,1.04153686397
34598,34633,35766,35,1133,2,36000,1.03089143866
34624,34648,35842,24,1194,2,36000,1.02010050251
34639,34658,35571,19,913,2,36000,1.02081051479
34656,34665,35738,9,1073,2,36000,1.00838769804
34657,34670,35915,13,1245,2,36000,1.01044176707
34659,34681,36473,22,1792,2,36000,1.01227678571
34676,34687,35763,11,1076,2,36000,1.01022304833
34677,34692,36624,15,1932,2,36000,1.00776397516
34678,34699,35707,21,1008,2,36000,1.02083333333
34695,34705,35802,10,1097,2,36000,1.00911577028
34696,34712,35751,16,1039,2,36000,1.01539942252
34715,34722,35797,7,1075,2,36000,1.00651162791
34717,34728,35673,11,945,2,36000,1.01164021164
34718,34734,35828,16,1094,2,36000,1.01462522852
34734,34740,35896,6,1156,2,36000,1.00519031142
34736,34746,35835,10,1089,2,36000,1.00918273646
34737,34751,35631,14,880,2,36000,1.01590909091
34738,34776,35914,38,1138,2,36000,1.03339191564
34767,34782,35874,15,1092,2,36000,1.01373626374
34768,34790,36822,22,2032,2,36000,1.01082677165
34784,34796,35884,12,1088,2,36000,1.01102941176
34801,34807,35978,6,1171,2,36000,1.00512382579
34802,34813,35880,11,1067,2,36000,1.01030927835
34803,34818,36000,15,1182,2,36000,1.01269035533
34805,34825,35884,20,1059,2,36000,1.01888574127
34821,34831,36026,10,1195,2,36000,1.00836820084
34822,34879,36108,57,1229,2,36000,1.04637917006
34869,34892,35808,23,916,2,36000,1.02510917031
34885,34910,36356,25,1446,2,36000,1.01728907331
34901,34916,35980,15,1064,2,36000,1.01409774436
34902,34922,35986,20,1064,2,36000,1.01879699248
34918,34940,35922,22,982,2,36000,1.02240325866
34934,34991,36473,57,1482,2,36000,1.03846153846
34982,34997,36077,15,1080,2,36000,1.01388888889
34998,35004,36073,6,1069,2,36000,1.00561272217
34999,35010,36040,11,1030,2,36000,1.01067961165
35001,35015,36672,14,1657,2,36000,1.00844900422
35017,35023,35995,6,972,2,36000,1.00617283951
35018,35029,36185,11,1156,2,36000,1.00951557093
35020,35063,36133,43,1070,2,36000,1.04018691589
35054,35099,36159,45,1060,2,36000,1.04245283019
35089,35105,36206,16,1101,2,36000,1.01453224342
35090,35125,36453,35,1328,2,36000,1.02635542169
35116,35131,37169,15,2038,2,36000,1.00736015702
35132,35138,36691,6,1553,2,36000,1.00386349002
35133,35144,36216,11,1072,2,36000,1.01026119403
35134,35160,36341,26,1181,2,36000,1.02201524132
35151,35167,37038,16,1871,2,36000,1.0085515767
35152,35173,36345,21,1172,2,36000,1.01791808874
35153,35179,36237,26,1058,2,36000,1.02457466919
35170,35184,36259,14,1075,2,36000,1.01302325581
35171,35189,36157,18,968,2,36000,1.01859504132
35173,35195,36270,22,1075,2,36000,1.02046511628
35189,35200,36315,11,1115,2,36000,1.00986547085
35190,35207,36404,17,1197,2,36000,1.0142021721
35192,35212,36213,20,1001,2,36000,1.01998001998
35208,35218,36253,10,1035,2,36000,1.00966183575
35209,35223,36302,14,1079,2,36000,1.01297497683
35211,35230,36828,19,1598,2,36000,1.01188986233
35227,35241,36362,14,1121,2,36000,1.01248884924
35243,35300,36325,57,1025,2,36000,1.0556097561
35289,35309,36396,20,1087,2,36000,1.01839926403
35305,35315,37092,10,1777,2,36000,1.00562746201
35306,35342,36397,36,1055,2,36000,1.03412322275
35335,35348,36463,13,1115,2,36000,1.01165919283
35351,35358,37148,7,1790,2,36000,1.00391061453
35353,35364,36407,11,1043,2,36000,1.01054650048
35354,35370,36615,16,1245,2,36000,1.01285140562
35370,35376,36515,6,1139,2,36000,1.00526777875
35371,35398,36474,27,1076,2,36000,1.0250929368
35388,35404,36803,16,1399,2,36000,1.01143674053
35389,35410,36305,21,895,2,36000,1.02346368715
35405,35416,36490,11,1074,2,36000,1.01024208566
35407,35438,36626,31,1188,2,36000,1.02609427609
35429,35452,36545,23,1093,2,36000,1.02104300091
35444,35476,36567,32,1091,2,36000,1.02933088909
35467,35497,36565,30,1068,2,36000,1.02808988764
35489,35523,36739,34,1216,2,36000,1.02796052632
35514,35545,36554,31,1009,2,36000,1.0307234886
35536,35556,36732,20,1176,2,36000,1.01700680272
35553,35562,36721,9,1159,2,36000,1.00776531493
35554,35576,36971,22,1395,2,36000,1.01577060932
35570,35582,36644,12,1062,2,36000,1.01129943503
35587,35593,36640,6,1047,2,36000,1.00573065903
35588,35599,36668,11,1069,2,36000,1.01028999065
35589,35604,36699,15,1095,2,36000,1.01369863014
35591,35619,36800,28,1181,2,36000,1.02370872142
35610,35626,36744,16,1118,2,36000,1.01431127013
35611,35633,36739,22,1106,2,36000,1.0198915009
35627,35642,37073,15,1431,2,36000,1.01048218029
35643,35651,37091,8,1440,2,36000,1.00555555556
35645,35659,36899,14,1240,2,36000,1.01129032258
35661,35667,36771,6,1104,2,36000,1.00543478261
35662,35681,37106,19,1425,2,36000,1.01333333333
35678,35687,36663,9,976,2,36000,1.00922131148
35680,35693,36611,13,918,2,36000,1.01416122004
35681,35699,36867,18,1168,2,36000,1.0154109589
35682,35704,36869,22,1165,2,36000,1.01888412017
35700,35710,36812,10,1102,2,36000,1.00907441016
35702,35715,36876,13,1161,2,36000,1.01119724376
35703,35721,36816,18,1095,2,36000,1.01643835616
35704,35727,36842,23,1115,2,36000,1.02062780269
35722,35733,36880,11,1147,2,36000,1.0095902354
35723,35739,36752,16,1013,2,36000,1.0157946693
35724,35744,36843,20,1099,2,36000,1.01819836215
35725,35749,36813,24,1064,2,36000,1.02255639098
35727,35755,36893,28,1138,2,36000,1.02460456942
35728,35760,37014,32,1254,2,36000,1.02551834131
35730,35766,36767,36,1001,2,36000,1.03596403596
35746,35772,36838,26,1066,2,36000,1.0243902439
35747,35777,36865,30,1088,2,36000,1.02757352941
35749,35782,37027,33,1245,2,36000,1.0265060241
35765,35788,36849,23,1061,2,36000,1.02167766258
35766,35794,36937,28,1143,2,36000,1.02449693788
35768,35799,36832,31,1033,2,36000,1.03000968054
35769,35805,36902,36,1097,2,36000,1.03281677302
35789,35811,36907,22,1096,2,36000,1.0200729927
35805,35817,36993,12,1176,2,36000,1.01020408163
35806,35823,36873,17,1050,2,36000,1.01619047619
35808,35829,36928,21,1099,2,36000,1.01910828025
35825,35835,36918,10,1083,2,36000,1.00923361034
35826,35841,36960,15,1119,2,36000,1.01340482574
35843,35849,36928,6,1079,2,36000,1.00556070436
35844,35855,36968,11,1113,2,36000,1.00988319856
35845,35860,37877,15,2017,2,36000,1.00743678731
35847,35872,37072,25,1200,2,36000,1.02083333333
35863,35882,36902,19,1020,2,36000,1.01862745098
35879,35888,37144,9,1256,2,36000,1.0071656051
35880,35894,37287,14,1393,2,36000,1.01005025126
35897,35903,36902,6,999,2,36000,1.00600600601
35898,35909,37005,11,1096,2,36000,1.01003649635
35900,35914,37213,14,1299,2,36000,1.01077752117
35901,35925,37081,24,1156,2,36000,1.02076124567
35917,35931,36954,14,1023,2,36000,1.01368523949
35919,35937,37024,18,1087,2,36000,1.01655933763
35935,35943,37232,8,1289,2,36000,1.00620636152
35936,35951,37084,15,1133,2,36000,1.013239188
35952,35990,37141,38,1151,2,36000,1.03301476977
35980,35997,37889,17,1892,2,36000,1.00898520085
35982,36002,37055,20,1053,2,36000,1.01899335233
36000,36008,37003,8,995,2,36000,1.00804020101
36001,36014,37054,13,1040,2,36000,1.0125
36002,36037,37198,35,1161,2,36000,1.0301464255
36028,36044,37816,16,1772,2,36000,1.00902934537
36029,36051,37136,22,1085,2,36000,1.0202764977
36046,36058,37083,12,1025,2,36000,1.01170731707
36047,36066,37134,19,1068,2,36000,1.01779026217
36063,36076,37143,13,1067,2,36000,1.0121836926
36079,36085,37917,6,1832,2,36000,1.00327510917
36080,36091,37166,11,1075,2,36000,1.01023255814
36082,36119,37170,37,1051,2,36000,1.03520456708
36111,36126,37366,15,1240,2,36000,1.01209677419
36127,36144,37127,17,983,2,36000,1.01729399797
36143,36168,37188,25,1020,2,36000,1.02450980392
36158,36175,37281,17,1106,2,36000,1.01537070524
36160,36196,37212,36,1016,2,36000,1.03543307087
36188,36217,37626,29,1409,2,36000,1.02058197303
36207,36224,37247,17,1023,2,36000,1.01661779081
36223,36230,37325,7,1095,2,36000,1.00639269406
36224,36248,37471,24,1223,2,36000,1.01962387572
36240,36264,37609,24,1345,2,36000,1.01784386617
36256,36270,37307,14,1037,2,36000,1.01350048216
36273,36281,37220,8,939,2,36000,1.00851970181
36274,36287,37413,13,1126,2,36000,1.01154529307
36290,36313,37328,23,1015,2,36000,1.02266009852
36306,36320,37436,14,1116,2,36000,1.01254480287
36307,36326,37423,19,1097,2,36000,1.01731996354
36323,36336,37430,13,1094,2,36000,1.01188299817
36339,36352,37295,13,943,2,36000,1.01378579003
36355,36361,37247,6,886,2,36000,1.00677200903
36356,36367,37432,11,1065,2,36000,1.0103286385
36372,36379,37449,7,1070,2,36000,1.00654205607
36374,36407,37605,33,1198,2,36000,1.02754590985
36399,36413,37535,14,1122,2,36000,1.01247771836
36400,36419,38296,19,1877,2,36000,1.01012253596
36417,36425,37315,8,890,2,36000,1.00898876404
36418,36430,37493,12,1063,2,36000,1.01128880527
36419,36465,37562,46,1097,2,36000,1.0419325433
36457,36474,37697,17,1223,2,36000,1.0139002453
36474,36480,37670,6,1190,2,36000,1.00504201681
36475,36486,37649,11,1163,2,36000,1.00945829751
36476,36492,37481,16,989,2,36000,1.01617795753
36478,36497,38260,19,1763,2,36000,1.01077708452
36479,36503,38396,24,1893,2,36000,1.01267828843
36495,36527,37553,32,1026,2,36000,1.03118908382
36518,36550,37832,32,1282,2,36000,1.02496099844
36543,36556,37770,13,1214,2,36000,1.01070840198
36559,36564,37614,5,1050,2,36000,1.00476190476
36560,36576,37631,16,1055,2,36000,1.01516587678
36576,36582,37688,6,1106,2,36000,1.00542495479
36578,36622,37692,44,1070,2,36000,1.04112149533
36612,36628,37781,16,1153,2,36000,1.01387684302
36628,36635,37874,7,1239,2,36000,1.00564971751
36630,36642,37812,12,1170,2,36000,1.01025641026
36631,36651,37977,20,1326,2,36000,1.01508295626
36647,36657,37733,10,1076,2,36000,1.0092936803
36649,36674,37829,25,1155,2,36000,1.02164502165
36664,36680,37836,16,1156,2,36000,1.01384083045
36681,36686,37841,5,1155,2,36000,1.00432900433
36682,36703,37806,21,1103,2,36000,1.01903898459
36698,36710,37924,12,1214,2,36000,1.00988467875
36714,36732,37689,18,957,2,36000,1.01880877743
36730,36744,37904,14,1160,2,36000,1.01206896552
36747,36753,37876,6,1123,2,36000,1.0053428317
36748,36759,38404,11,1645,2,36000,1.00668693009
36749,36765,37920,16,1155,2,36000,1.01385281385
36751,36771,37892,20,1121,2,36000,1.0178412132
36767,36779,37775,12,996,2,36000,1.01204819277
36768,36785,38020,17,1235,2,36000,1.01376518219
36784,36810,38015,26,1205,2,36000,1.02157676349
36803,36817,37989,14,1172,2,36000,1.01194539249
36804,36824,38398,20,1574,2,36000,1.0127064803
36822,36830,37823,8,993,2,36000,1.00805639476
36823,36835,38622,12,1787,2,36000,1.00671516508
36824,36841,37951,17,1110,2,36000,1.01531531532
36826,36846,37994,20,1148,2,36000,1.01742160279
36843,36852,37955,9,1103,2,36000,1.00815956482
36845,36857,37939,12,1082,2,36000,1.01109057301
36846,36864,37898,18,1034,2,36000,1.01740812379
36847,36870,38039,23,1169,2,36000,1.01967493584
36849,36875,37823,26,948,2,36000,1.02742616034
36865,36881,37881,16,1000,2,36000,1.016
36866,36886,37921,20,1035,2,36000,1.0193236715
36884,36892,38879,8,1987,2,36000,1.00402617011
36885,36897,38308,12,1411,2,36000,1.00850460666
36886,36903,38003,17,1100,2,36000,1.01545454545
36888,36909,38071,21,1162,2,36000,1.01807228916
36889,36914,38041,25,1127,2,36000,1.02218278616
36907,36920,37915,13,995,2,36000,1.01306532663
36908,36926,37952,18,1026,2,36000,1.01754385965
36910,36931,37982,21,1051,2,36000,1.0199809705
36911,36936,37965,25,1029,2,36000,1.02429543246
36912,36941,38054,29,1113,2,36000,1.0260557053
36913,36947,38011,34,1064,2,36000,1.03195488722
36931,36952,37958,21,1006,2,36000,1.02087475149
36932,36958,38035,26,1077,2,36000,1.02414113278
36933,36964,38045,31,1081,2,36000,1.02867715079
36949,36971,38126,22,1155,2,36000,1.01904761905
36965,36977,38019,12,1042,2,36000,1.01151631478
36966,36983,38133,17,1150,2,36000,1.0147826087
36982,36989,38166,7,1177,2,36000,1.0059473237
36984,37004,38209,20,1205,2,36000,1.01659751037
37002,37014,38069,12,1055,2,36000,1.01137440758
37018,37024,38061,6,1037,2,36000,1.00578592093
37020,37030,37963,10,933,2,36000,1.01071811361
37021,37039,38134,18,1095,2,36000,1.01643835616
37037,37045,37999,8,954,2,36000,1.00838574423
37039,37051,38907,12,1856,2,36000,1.00646551724
37054,37065,38158,11,1093,2,36000,1.01006404392
37056,37071,38192,15,1121,2,36000,1.0133809099
37057,37083,38217,26,1134,2,36000,1.02292768959
37075,37089,38022,14,933,2,36000,1.01500535906
37076,37095,38280,19,1185,2,36000,1.01603375527
37094,37101,38208,7,1107,2,36000,1.00632339657
37095,37106,38233,11,1127,2,36000,1.00976042591
37096,37112,38166,16,1054,2,36000,1.01518026565
37098,37117,38215,19,1098,2,36000,1.01730418944
37099,37124,38063,25,939,2,36000,1.02662406816
37116,37139,38265,23,1126,2,36000,1.02042628774
37131,37145,38106,14,961,2,36000,1.01456815817
37148,37154,38300,6,1146,2,36000,1.00523560209
37150,37160,38288,10,1128,2,36000,1.00886524823
37151,37165,38307,14,1142,2,36000,1.0122591944
37152,37171,38365,19,1194,2,36000,1.01591289782
37154,37176,38342,22,1166,2,36000,1.01886792453
37155,37182,38454,27,1272,2,36000,1.02122641509
37172,37187,38233,15,1046,2,36000,1.01434034417
37173,37193,38153,20,960,2,36000,1.02083333333
37174,37199,38436,25,1237,2,36000,1.02021018593
37190,37210,38352,20,1142,2,36000,1.01751313485
37206,37223,38272,17,1049,2,36000,1.01620591039
37223,37229,38357,6,1128,2,36000,1.00531914894
37224,37235,38371,11,1136,2,36000,1.00968309859
37226,37243,38295,17,1052,2,36000,1.01615969582
37242,37258,38046,16,788,2,36000,1.02030456853
37258,37264,38241,6,977,2,36000,1.00614124872
37259,37293,38325,34,1032,2,36000,1.03294573643
37285,37299,38261,14,962,2,36000,1.01455301455
37301,37307,38367,6,1060,2,36000,1.00566037736
37302,37318,38448,16,1130,2,36000,1.01415929204
37319,37326,38273,7,947,2,36000,1.00739176346
37320,37336,38432,16,1096,2,36000,1.01459854015
37337,37343,38576,6,1233,2,36000,1.00486618005
37338,37377,38372,39,995,2,36000,1.0391959799
37367,37424,38413,57,989,2,36000,1.05763397371
37414,37434,38477,20,1043,2,36000,1.01917545542
37430,37441,38587,11,1146,2,36000,1.00959860384
37432,37447,38385,15,938,2,36000,1.01599147122
37448,37454,38559,6,1105,2,36000,1.00542986425
37449,37460,38556,11,1096,2,36000,1.01003649635
37465,37483,38529,18,1046,2,36000,1.017208413
37481,37492,38474,11,982,2,36000,1.01120162933
37483,37504,38631,21,1127,2,36000,1.01863354037
37499,37546,38820,47,1274,2,36000,1.03689167975
37537,37564,38729,27,1165,2,36000,1.02317596567
37556,37574,38694,18,1120,2,36000,1.01607142857
37571,37616,38586,45,970,2,36000,1.04639175258
37606,37622,38678,16,1056,2,36000,1.01515151515
37622,37628,38813,6,1185,2,36000,1.00506329114
37623,37637,38588,14,951,2,36000,1.01472134595
37640,37646,38830,6,1184,2,36000,1.00506756757
37641,37660,38766,19,1106,2,36000,1.01717902351
37657,37681,38804,24,1123,2,36000,1.0213713268
37673,37699,38748,26,1049,2,36000,1.02478551001
37689,37706,38751,17,1045,2,36000,1.01626794258
37705,37712,38993,7,1281,2,36000,1.00546448087
37706,37717,38923,11,1206,2,36000,1.00912106136
37708,37744,38580,36,836,2,36000,1.04306220096
37736,37781,38772,45,991,2,36000,1.0454086781
37771,37787,39177,16,1390,2,36000,1.01151079137
37787,37793,38856,6,1063,2,36000,1.00564440263
37788,37818,38951,30,1133,2,36000,1.02647837599
37807,37825,38716,18,891,2,36000,1.0202020202
37823,37831,39670,8,1839,2,36000,1.00435019032
37825,37849,38819,24,970,2,36000,1.02474226804
37826,37837,38993,11,1156,2,36000,1.00951557093
37827,37842,38922,15,1080,2,36000,1.01388888889
37845,37855,38996,10,1141,2,36000,1.00876424189
37846,37860,38835,14,975,2,36000,1.01435897436
37847,37866,38898,19,1032,2,36000,1.01841085271
37849,37885,39035,36,1150,2,36000,1.03130434783
37877,37892,38848,15,956,2,36000,1.01569037657
37878,37897,39257,19,1360,2,36000,1.01397058824
37879,37902,38955,23,1053,2,36000,1.02184235518
37896,37908,39315,12,1407,2,36000,1.00852878465
37897,37913,38961,16,1048,2,36000,1.01526717557
37899,37919,39062,20,1143,2,36000,1.01749781277
37915,37925,39037,10,1112,2,36000,1.00899280576
37917,37931,38919,14,988,2,36000,1.01417004049
37918,37937,39477,19,1540,2,36000,1.01233766234
37935,37943,39093,8,1150,2,36000,1.00695652174
37936,37948,39017,12,1069,2,36000,1.01122544434
37938,37954,39039,16,1085,2,36000,1.01474654378
37939,37960,38990,21,1030,2,36000,1.02038834951
37955,37966,39000,11,1034,2,36000,1.01063829787
37957,37971,39031,14,1060,2,36000,1.01320754717
37958,37976,39041,18,1065,2,36000,1.01690140845
37959,37982,38905,23,923,2,36000,1.02491874323
37976,37987,39205,11,1218,2,36000,1.00903119869
37978,37993,39096,15,1103,2,36000,1.01359927471
37979,37999,38843,20,844,2,36000,1.02369668246
37995,38005,39288,10,1283,2,36000,1.00779423227
37997,38010,39038,13,1028,2,36000,1.0126459144
37998,38015,39026,17,1011,2,36000,1.01681503462
37999,38022,39039,23,1017,2,36000,1.02261553589
38017,38028,39232,11,1204,2,36000,1.00913621262
38018,38033,39185,15,1152,2,36000,1.01302083333
38020,38038,39247,18,1209,2,36000,1.01488833747
38021,38045,39070,24,1025,2,36000,1.02341463415
38039,38050,39140,11,1090,2,36000,1.01009174312
38040,38056,39170,16,1114,2,36000,1.01436265709
38041,38061,39270,20,1209,2,36000,1.01654259719
38043,38066,39144,23,1078,2,36000,1.02133580705
38044,38072,39898,28,1826,2,36000,1.01533406353
38063,38078,39201,15,1123,2,36000,1.01335707925
38064,38084,39245,20,1161,2,36000,1.01722652885
38065,38089,39161,24,1072,2,36000,1.0223880597
38067,38094,39310,27,1216,2,36000,1.02220394737
38068,38099,39082,31,983,2,36000,1.03153611394
38085,38105,39125,20,1020,2,36000,1.01960784314
38086,38110,39161,24,1051,2,36000,1.02283539486
38087,38117,39181,30,1064,2,36000,1.02819548872
38109,38138,39126,29,988,2,36000,1.02935222672
38129,38145,39130,16,985,2,36000,1.01624365482
38145,38151,39167,6,1016,2,36000,1.00590551181
38146,38164,39303,18,1139,2,36000,1.01580333626
38163,38170,39272,7,1102,2,36000,1.00635208711
38164,38177,39217,13,1040,2,36000,1.0125
38180,38186,39280,6,1094,2,36000,1.00548446069
38181,38203,39133,22,930,2,36000,1.02365591398
38197,38220,39423,23,1203,2,36000,1.01911886949
38213,38225,39379,12,1154,2,36000,1.01039861352
38215,38231,39373,16,1142,2,36000,1.01401050788
38231,38237,39338,6,1101,2,36000,1.00544959128
38232,38244,39468,12,1224,2,36000,1.00980392157
38249,38255,39578,6,1323,2,36000,1.00453514739
38250,38261,39318,11,1057,2,36000,1.01040681173
38251,38271,39353,20,1082,2,36000,1.01848428835
38268,38277,39334,9,1057,2,36000,1.00851466414
38270,38282,39324,12,1042,2,36000,1.01151631478
38271,38289,39443,18,1154,2,36000,1.01559792028
38288,38295,39581,7,1286,2,36000,1.00544323484
38289,38300,39354,11,1054,2,36000,1.01043643264
38290,38307,39552,17,1245,2,36000,1.01365461847
38292,38312,39549,20,1237,2,36000,1.01616814875
38311,38318,39379,7,1061,2,36000,1.00659754948
38312,38323,39282,11,959,2,36000,1.01147028154
38313,38329,39458,16,1129,2,36000,1.01417183348
38315,38334,39518,19,1184,2,36000,1.0160472973
38316,38341,39380,25,1039,2,36000,1.02406159769
38332,38353,39462,21,1109,2,36000,1.01893597836
38348,38363,39576,15,1213,2,36000,1.01236603462
38365,38371,39376,6,1005,2,36000,1.00597014925
38366,38377,39472,11,1095,2,36000,1.0100456621
38367,38383,39525,16,1142,2,36000,1.01401050788
38385,38391,39428,6,1037,2,36000,1.00578592093
38386,38397,39444,11,1047,2,36000,1.01050620821
38387,38402,39609,15,1207,2,36000,1.01242750621
38389,38409,39514,20,1105,2,36000,1.01809954751
38405,38415,39498,10,1083,2,36000,1.00923361034
38407,38420,39445,13,1025,2,36000,1.01268292683
38408,38426,39624,18,1198,2,36000,1.01502504174
38424,38443,39422,19,979,2,36000,1.01940755873
38440,38449,39406,9,957,2,36000,1.00940438871
38441,38459,39681,18,1222,2,36000,1.0147299509
38457,38465,39566,8,1101,2,36000,1.00726612171
38459,38485,39448,26,963,2,36000,1.02699896158
38475,38492,39479,17,987,2,36000,1.01722391084
38491,38540,39463,49,923,2,36000,1.05308775731
38531,38567,39798,36,1231,2,36000,1.02924451665
38554,38573,39715,19,1142,2,36000,1.01663747811
38569,38587,39676,18,1089,2,36000,1.01652892562
38586,38593,39656,7,1063,2,36000,1.00658513641
38588,38599,39728,11,1129,2,36000,1.00974313552
38589,38604,39501,15,897,2,36000,1.01672240803
38590,38610,39725,20,1115,2,36000,1.01793721973
38607,38634,39618,27,984,2,36000,1.02743902439
38626,38642,39647,16,1005,2,36000,1.01592039801
38642,38690,39896,48,1206,2,36000,1.03980099502
38679,38705,39693,26,988,2,36000,1.02631578947
38697,38727,39731,30,1004,2,36000,1.02988047809
38719,38740,39754,21,1014,2,36000,1.02071005917
38735,38760,39876,25,1116,2,36000,1.02240143369
38751,38767,39948,16,1181,2,36000,1.01354784081
38752,38777,39732,25,955,2,36000,1.02617801047
38768,38783,39673,15,890,2,36000,1.01685393258
38784,38815,39763,31,948,2,36000,1.03270042194
38806,38824,39920,18,1096,2,36000,1.01642335766
38823,38830,40033,7,1203,2,36000,1.00581878637
38824,38836,39969,12,1133,2,36000,1.0105913504
38826,38842,40389,16,1547,2,36000,1.01034259858
38842,38848,39877,6,1029,2,36000,1.00583090379
38843,38854,39957,11,1103,2,36000,1.00997280145
38860,38866,39762,6,896,2,36000,1.00669642857
38861,38872,40106,11,1234,2,36000,1.00891410049
38862,38891,40117,29,1226,2,36000,1.02365415987
38881,38909,40089,28,1180,2,36000,1.02372881356
38901,38917,39991,16,1074,2,36000,1.01489757914
38917,38923,39958,6,1035,2,36000,1.00579710145
38918,38930,40017,12,1087,2,36000,1.01103955842
38935,38941,40294,6,1353,2,36000,1.0044345898
38936,38947,40798,11,1851,2,36000,1.00594273366
38937,38962,40078,25,1116,2,36000,1.02240143369
38953,38968,40037,15,1069,2,36000,1.01403180543
38970,38976,39990,6,1014,2,36000,1.00591715976
38971,39001,40121,30,1120,2,36000,1.02678571429
38993,39008,40218,15,1210,2,36000,1.01239669421
38995,39013,40112,18,1099,2,36000,1.01637852593
38996,39019,40110,23,1091,2,36000,1.02108157654
39013,39025,40096,12,1071,2,36000,1.01120448179
39014,39031,40097,17,1066,2,36000,1.01594746717
39031,39037,40114,6,1077,2,36000,1.00557103064
39032,39043,40230,11,1187,2,36000,1.00926705981
39033,39049,40190,16,1141,2,36000,1.01402278703
39051,39058,40135,7,1077,2,36000,1.00649953575
39053,39064,40104,11,1040,2,36000,1.01057692308
39054,39069,40037,15,968,2,36000,1.01549586777
39055,39074,40119,19,1045,2,36000,1.01818181818
39057,39080,40147,23,1067,2,36000,1.02155576382
39058,39086,40288,28,1202,2,36000,1.02329450915
39074,39091,40050,17,959,2,36000,1.01772679875
39075,39098,40231,23,1133,2,36000,1.02030008826
39091,39104,40470,13,1366,2,36000,1.00951683748
39107,39113,40300,6,1187,2,36000,1.0050547599
39108,39135,40191,27,1056,2,36000,1.02556818182
39127,39141,40227,14,1086,2,36000,1.01289134438
39129,39146,40262,17,1116,2,36000,1.01523297491
39145,39152,40103,7,951,2,36000,1.00736067298
39147,39158,40179,11,1021,2,36000,1.01077375122
39148,39164,40155,16,991,2,36000,1.01614530777
39149,39172,40180,23,1008,2,36000,1.02281746032
39166,39179,40363,13,1184,2,36000,1.01097972973
39167,39184,40429,17,1245,2,36000,1.01365461847
39184,39190,40321,6,1131,2,36000,1.00530503979
39185,39196,40346,11,1150,2,36000,1.00956521739
39187,39201,40264,14,1063,2,36000,1.01317027281
39188,39207,40347,19,1140,2,36000,1.01666666667
39204,39213,40401,9,1188,2,36000,1.00757575758
39206,39229,40359,23,1130,2,36000,1.0203539823
39207,39219,40187,12,968,2,36000,1.01239669421
39223,39244,40263,21,1019,2,36000,1.02060843965
39239,39256,40184,17,928,2,36000,1.01831896552
39255,39262,40543,7,1281,2,36000,1.00546448087
39257,39269,40879,12,1610,2,36000,1.00745341615
39273,39281,40324,8,1043,2,36000,1.00767018217
39275,39293,40410,18,1117,2,36000,1.01611459266
39276,39287,40349,11,1062,2,36000,1.01035781544
39292,39299,40342,7,1043,2,36000,1.0067114094
39294,39304,40462,10,1158,2,36000,1.00863557858
39295,39315,40294,20,979,2,36000,1.02042900919
39311,39321,40406,10,1085,2,36000,1.00921658986
39312,39327,40532,15,1205,2,36000,1.01244813278
39329,39335,40405,6,1070,2,36000,1.00560747664
39330,39341,40394,11,1053,2,36000,1.01044634378
39332,39351,40506,19,1155,2,36000,1.01645021645
39350,39357,40362,7,1005,2,36000,1.00696517413
39351,39364,40470,13,1106,2,36000,1.01175406872
39367,39373,40305,6,932,2,36000,1.00643776824
39368,39384,40436,16,1052,2,36000,1.01520912548
39386,39391,40404,5,1013,2,36000,1.00493583416
39387,39397,40440,10,1043,2,36000,1.00958772771
39388,39402,40442,14,1040,2,36000,1.01346153846
39390,39408,40236,18,828,2,36000,1.02173913043
39391,39418,40588,27,1170,2,36000,1.02307692308
39410,39433,40547,23,1114,2,36000,1.02064631957
39426,39440,40510,14,1070,2,36000,1.01308411215
39427,39446,40406,19,960,2,36000,1.01979166667
39444,39454,40487,10,1033,2,36000,1.00968054211
39445,39460,40619,15,1159,2,36000,1.01294219154
39446,39466,40486,20,1020,2,36000,1.01960784314
39448,39471,40695,23,1224,2,36000,1.01879084967
39465,39477,40554,12,1077,2,36000,1.01114206128
39467,39483,40663,16,1180,2,36000,1.01355932203
39468,39488,40497,20,1009,2,36000,1.01982160555
39469,39494,40463,25,969,2,36000,1.0257997936
39487,39499,40621,12,1122,2,36000,1.01069518717
39488,39505,40515,17,1010,2,36000,1.01683168317
39489,39511,40595,22,1084,2,36000,1.02029520295
39491,39516,40451,25,935,2,36000,1.02673796791
39507,39522,40574,15,1052,2,36000,1.01425855513
39508,39528,40770,20,1242,2,36000,1.01610305958
39524,39534,40688,10,1154,2,36000,1.00866551127
39526,39540,40704,14,1164,2,36000,1.01202749141
39541,39560,40683,19,1123,2,36000,1.01691896705
39558,39566,40647,8,1081,2,36000,1.00740055504
39559,39577,40645,18,1068,2,36000,1.01685393258
39575,39587,40776,12,1189,2,36000,1.01009251472
39577,39594,40438,17,844,2,36000,1.02014218009
39593,39601,40637,8,1036,2,36000,1.00772200772
39594,39621,40590,27,969,2,36000,1.02786377709
39611,39630,40774,19,1144,2,36000,1.01660839161
39627,39636,40720,9,1084,2,36000,1.00830258303
39629,39658,40851,29,1193,2,36000,1.02430846605
39648,39668,40760,20,1092,2,36000,1.01831501832
39664,39681,40805,17,1124,2,36000,1.01512455516
39681,39687,40876,6,1189,2,36000,1.00504625736
39682,39693,40795,11,1102,2,36000,1.00998185118
39684,39698,40796,14,1098,2,36000,1.01275045537
39685,39704,40929,19,1225,2,36000,1.01551020408
39702,39726,40821,24,1095,2,36000,1.02191780822
39718,39736,40828,18,1092,2,36000,1.01648351648
39735,39742,40738,7,996,2,36000,1.00702811245
39737,39747,40804,10,1057,2,36000,1.00946073794
39738,39753,40826,15,1073,2,36000,1.01397949674
39739,39765,40899,26,1134,2,36000,1.02292768959
39755,39773,40748,18,975,2,36000,1.01846153846
39772,39779,41030,7,1251,2,36000,1.00559552358
39773,39809,40913,36,1104,2,36000,1.03260869565
39799,39887,40875,88,988,2,36000,1.08906882591
39878,39893,40997,15,1104,2,36000,1.01358695652
39880,39907,40915,27,1008,2,36000,1.02678571429
39899,39913,40966,14,1053,2,36000,1.01329534663
39900,39931,41110,31,1179,2,36000,1.02629346904
39922,39959,41008,37,1049,2,36000,1.03527168732
39951,39968,41261,17,1293,2,36000,1.01314771848
39967,39974,41046,7,1072,2,36000,1.00652985075
39968,39980,41144,12,1164,2,36000,1.01030927835
39984,40001,41067,17,1066,2,36000,1.01594746717
40000,40007,41065,7,1058,2,36000,1.00661625709
40002,40029,41240,27,1211,2,36000,1.02229562345
40021,40044,41321,23,1277,2,36000,1.01801096319
40037,40051,41205,14,1154,2,36000,1.01213171577
40038,40056,41209,18,1153,2,36000,1.0156114484
40039,40063,41142,24,1079,2,36000,1.02224281742
40056,40089,41208,33,1119,2,36000,1.02949061662
40082,40100,41229,18,1129,2,36000,1.01594331267
40099,40107,41198,8,1091,2,36000,1.00733272227
40100,40113,41241,13,1128,2,36000,1.0115248227
40101,40119,41045,18,926,2,36000,1.01943844492
40120,40126,41183,6,1057,2,36000,1.00567644276
40121,40132,41167,11,1035,2,36000,1.01062801932
40123,40137,41255,14,1118,2,36000,1.01252236136
40124,40142,41125,18,983,2,36000,1.01831129196
40125,40147,41451,22,1304,2,36000,1.01687116564
40126,40154,41210,28,1056,2,36000,1.02651515152
40128,40159,41249,31,1090,2,36000,1.02844036697
40129,40165,41287,36,1122,2,36000,1.0320855615
40146,40170,41253,24,1083,2,36000,1.02216066482
40147,40176,41312,29,1136,2,36000,1.02552816901
40164,40182,41275,18,1093,2,36000,1.0164684355
40165,40190,41219,25,1029,2,36000,1.02429543246
40182,40196,41254,14,1058,2,36000,1.01323251418
40183,40201,41338,18,1137,2,36000,1.01583113456
40201,40207,41153,6,946,2,36000,1.00634249471
40202,40213,41181,11,968,2,36000,1.01136363636
40204,40218,41301,14,1083,2,36000,1.01292705448
40205,40229,41432,24,1203,2,36000,1.01995012469
40221,40238,41178,17,940,2,36000,1.01808510638
40238,40244,41190,6,946,2,36000,1.00634249471
40239,40250,41329,11,1079,2,36000,1.01019462465
40241,40255,41418,14,1163,2,36000,1.01203783319
40242,40273,41365,31,1092,2,36000,1.02838827839
40265,40280,41368,15,1088,2,36000,1.01378676471
40266,40285,41333,19,1048,2,36000,1.01812977099
40267,40299,41468,32,1169,2,36000,1.02737382378
40290,40305,41378,15,1073,2,36000,1.01397949674
40307,40313,41521,6,1208,2,36000,1.00496688742
40308,40319,41472,11,1153,2,36000,1.00954032958
40309,40324,41465,15,1141,2,36000,1.01314636284
40311,40332,41441,21,1109,2,36000,1.01893597836
40328,40338,41473,10,1135,2,36000,1.00881057269
40329,40353,41539,24,1186,2,36000,1.02023608769
40345,40359,41435,14,1076,2,36000,1.01301115242
40362,40368,41299,6,931,2,36000,1.00644468314
40363,40374,41559,11,1185,2,36000,1.00928270042
40365,40380,41400,15,1020,2,36000,1.01470588235
40366,40385,41578,19,1193,2,36000,1.01592623638
40367,40390,41569,23,1179,2,36000,1.01950805768
40384,40400,41464,16,1064,2,36000,1.01503759398
40400,40406,41553,6,1147,2,36000,1.00523103749
40402,40412,41537,10,1125,2,36000,1.00888888889
40419,40426,41557,7,1131,2,36000,1.00618921309
40421,40432,41503,11,1071,2,36000,1.01027077498
40422,40437,41594,15,1157,2,36000,1.01296456353
40423,40442,41476,19,1034,2,36000,1.01837524178
40425,40447,41617,22,1170,2,36000,1.0188034188
40426,40453,41450,27,997,2,36000,1.02708124373
40443,40459,41639,16,1180,2,36000,1.01355932203
40444,40464,41574,20,1110,2,36000,1.01801801802
40446,40469,41579,23,1110,2,36000,1.02072072072
40447,40474,41463,27,989,2,36000,1.02730030334
40448,40480,41497,32,1017,2,36000,1.03146509341
40465,40485,41652,20,1167,2,36000,1.01713796058
40466,40491,41608,25,1117,2,36000,1.02238137869
40468,40497,41606,29,1109,2,36000,1.0261496844
40484,40502,41546,18,1044,2,36000,1.01724137931
40485,40507,41480,22,973,2,36000,1.02261048304
40501,40513,41583,12,1070,2,36000,1.01121495327
40503,40518,41708,15,1190,2,36000,1.01260504202
40504,40525,41423,21,898,2,36000,1.02338530067
40521,40531,41672,10,1141,2,36000,1.00876424189
40522,40536,41702,14,1166,2,36000,1.01200686106
40523,40543,41634,20,1091,2,36000,1.01833180568
40539,40554,41655,15,1101,2,36000,1.0136239782
40556,40562,41571,6,1009,2,36000,1.00594648167
40557,40568,41637,11,1069,2,36000,1.01028999065
40558,40586,41510,28,924,2,36000,1.0303030303
40578,40599,41692,21,1093,2,36000,1.01921317475
40595,40605,41669,10,1064,2,36000,1.00939849624
40596,40611,41602,15,991,2,36000,1.01513622603
40612,40630,41852,18,1222,2,36000,1.0147299509
40628,40636,41964,8,1328,2,36000,1.00602409639
40630,40648,41837,18,1189,2,36000,1.01513877208
40646,40658,41822,12,1164,2,36000,1.01030927835
40647,40664,41631,17,967,2,36000,1.01758014478
40663,40674,41610,11,936,2,36000,1.01175213675
40664,40694,41760,30,1066,2,36000,1.02814258912
40684,40700,41776,16,1076,2,36000,1.01486988848
40701,40706,41723,5,1017,2,36000,1.00491642085
40702,40715,41867,13,1152,2,36000,1.01128472222
40718,40732,41809,14,1077,2,36000,1.01299907149
40734,40749,41867,15,1118,2,36000,1.01341681574
40750,40759,41765,9,1006,2,36000,1.00894632207
40751,40771,41741,20,970,2,36000,1.0206185567
40768,40781,41793,13,1012,2,36000,1.0128458498
40784,40790,41882,6,1092,2,36000,1.00549450549
40786,40796,41980,10,1184,2,36000,1.00844594595
40787,40806,41784,19,978,2,36000,1.01942740286
40804,40812,41760,8,948,2,36000,1.00843881857
40805,40818,41912,13,1094,2,36000,1.01188299817
40806,40824,41947,18,1123,2,36000,1.0160284951
40823,40830,41944,7,1114,2,36000,1.00628366248
40824,40836,42017,12,1181,2,36000,1.01016088061
40826,40842,41995,16,1153,2,36000,1.01387684302
40842,40848,41940,6,1092,2,36000,1.00549450549
40843,40862,41946,19,1084,2,36000,1.01752767528
40859,40888,41949,29,1061,2,36000,1.027332705
40879,40893,42391,14,1498,2,36000,1.00934579439
40880,40900,42039,20,1139,2,36000,1.01755926251
40896,40910,42159,14,1249,2,36000,1.01120896717
40913,40924,41885,11,961,2,36000,1.01144640999
40914,40930,41947,16,1017,2,36000,1.01573254671
40930,40940,41902,10,962,2,36000,1.0103950104
40931,40978,42138,47,1160,2,36000,1.04051724138
40969,41009,42123,40,1114,2,36000,1.03590664273
41001,41019,42111,18,1092,2,36000,1.01648351648
41017,41041,42017,24,976,2,36000,1.02459016393
41033,41056,42200,23,1144,2,36000,1.0201048951
41049,41062,42170,13,1108,2,36000,1.01173285199
41050,41076,41950,26,874,2,36000,1.02974828375
41067,41082,42110,15,1028,2,36000,1.01459143969
41082,41121,42285,39,1164,2,36000,1.03350515464
41114,41135,42244,21,1109,2,36000,1.01893597836
41129,41154,42220,25,1066,2,36000,1.0234521576
41146,41161,42215,15,1054,2,36000,1.01423149905
41147,41167,42123,20,956,2,36000,1.02092050209
41164,41179,42289,15,1110,2,36000,1.01351351351
41180,41189,42068,9,879,2,36000,1.01023890785
41181,41195,42185,14,990,2,36000,1.01414141414
41197,41203,42282,6,1079,2,36000,1.00556070436
41198,41209,42374,11,1165,2,36000,1.00944206009
41199,41214,42497,15,1283,2,36000,1.0116913484
41217,41223,42303,6,1080,2,36000,1.00555555556
41218,41229,42314,11,1085,2,36000,1.01013824885
41220,41234,42419,14,1185,2,36000,1.01181434599
41221,41240,42295,19,1055,2,36000,1.01800947867
41222,41245,42462,23,1217,2,36000,1.0188989318
41238,41251,42345,13,1094,2,36000,1.01188299817
41240,41257,42420,17,1163,2,36000,1.01461736887
41257,41263,42301,6,1038,2,36000,1.00578034682
41258,41269,42335,11,1066,2,36000,1.01031894934
41260,41275,42445,15,1170,2,36000,1.01282051282
41261,41280,42443,19,1163,2,36000,1.01633705933
41262,41285,42375,23,1090,2,36000,1.02110091743
41264,41291,42335,27,1044,2,36000,1.02586206897
41280,41297,42428,17,1131,2,36000,1.01503094607
41282,41303,42420,21,1117,2,36000,1.0188003581
41298,41310,42326,12,1016,2,36000,1.01181102362
41314,41321,42396,7,1075,2,36000,1.00651162791
41316,41327,42365,11,1038,2,36000,1.0105973025
41317,41333,42901,16,1568,2,36000,1.01020408163
41333,41340,42767,7,1427,2,36000,1.00490539594
41335,41346,42361,11,1015,2,36000,1.01083743842
41336,41352,42515,16,1163,2,36000,1.01375752365
41353,41376,42451,23,1075,2,36000,1.02139534884
41369,41382,42392,13,1010,2,36000,1.01287128713
41370,41389,42382,19,993,2,36000,1.01913393756
41386,41411,42418,25,1007,2,36000,1.02482621648
41402,41430,42516,28,1086,2,36000,1.02578268877
41422,41436,42422,14,986,2,36000,1.01419878296
41438,41444,42509,6,1065,2,36000,1.00563380282
41440,41450,42528,10,1078,2,36000,1.00927643785
41441,41456,42478,15,1022,2,36000,1.01467710372
41458,41464,42640,6,1176,2,36000,1.00510204082
41459,41470,42649,11,1179,2,36000,1.00932994063
41460,41476,42571,16,1095,2,36000,1.01461187215
41478,41483,42674,5,1191,2,36000,1.00419815281
41479,41490,42538,11,1048,2,36000,1.01049618321
41480,41495,42708,15,1213,2,36000,1.01236603462
41482,41501,42603,19,1102,2,36000,1.01724137931
41483,41506,42765,23,1259,2,36000,1.01826846704
41484,41511,42594,27,1083,2,36000,1.02493074792
41486,41517,42645,31,1128,2,36000,1.0274822695
41502,41523,42648,21,1125,2,36000,1.01866666667
41504,41528,42744,24,1216,2,36000,1.01973684211
41520,41534,42591,14,1057,2,36000,1.01324503311
41522,41539,42749,17,1210,2,36000,1.01404958678
41538,41548,42660,10,1112,2,36000,1.00899280576
41540,41554,42757,14,1203,2,36000,1.01163757273
41557,41563,42642,6,1079,2,36000,1.00556070436
41558,41569,42598,11,1029,2,36000,1.01068999028
41560,41574,42683,14,1109,2,36000,1.01262398557
41561,41580,42635,19,1055,2,36000,1.01800947867
41578,41586,42676,8,1090,2,36000,1.00733944954
41579,41591,42702,12,1111,2,36000,1.01080108011
41581,41597,42758,16,1161,2,36000,1.01378122308
41582,41602,42500,20,898,2,36000,1.02227171492
41583,41608,42546,25,938,2,36000,1.02665245203
41601,41614,42833,13,1219,2,36000,1.01066447908
41602,41620,42672,18,1052,2,36000,1.01711026616
41604,41625,42654,21,1029,2,36000,1.02040816327
41620,41631,42855,11,1224,2,36000,1.0089869281
41621,41636,42634,15,998,2,36000,1.01503006012
41623,41641,42833,18,1192,2,36000,1.01510067114
41624,41647,42606,23,959,2,36000,1.02398331595
41625,41653,42788,28,1135,2,36000,1.02466960352
41642,41658,42770,16,1112,2,36000,1.01438848921
41644,41664,42820,20,1156,2,36000,1.01730103806
41645,41669,42576,24,907,2,36000,1.02646085998
41646,41675,43106,29,1431,2,36000,1.02026554857
41663,41680,42748,17,1068,2,36000,1.015917603
41664,41686,42856,22,1170,2,36000,1.0188034188
41680,41691,42710,11,1019,2,36000,1.01079489696
41682,41703,42615,21,912,2,36000,1.02302631579
41698,41714,42738,16,1024,2,36000,1.015625
41715,41720,42844,5,1124,2,36000,1.00444839858
41716,41734,42854,18,1120,2,36000,1.01607142857
41732,41752,42703,20,951,2,36000,1.02103049422
41749,41771,42898,22,1127,2,36000,1.01952085182
41765,41776,42738,11,962,2,36000,1.01143451143
41766,41782,42967,16,1185,2,36000,1.0135021097
41768,41788,42849,20,1061,2,36000,1.01885014138
41783,41795,42856,12,1061,2,36000,1.01131008483
41799,41805,42989,6,1184,2,36000,1.00506756757
41801,41821,42870,20,1049,2,36000,1.01906577693
41817,41834,43045,17,1211,2,36000,1.01403798514
41834,41849,42816,15,967,2,36000,1.01551189245
41850,41864,42850,14,986,2,36000,1.01419878296
41866,41878,42874,12,996,2,36000,1.01204819277
41867,41883,42953,16,1070,2,36000,1.01495327103
41884,41893,43219,9,1326,2,36000,1.00678733032
41885,41899,42976,14,1077,2,36000,1.01299907149
41902,41914,43087,12,1173,2,36000,1.01023017903
41903,41924,43117,21,1193,2,36000,1.01760268231
41919,41951,42960,32,1009,2,36000,1.03171456888
41942,41957,43035,15,1078,2,36000,1.01391465677
41961,41967,42975,6,1008,2,36000,1.00595238095
41962,41973,42924,11,951,2,36000,1.01156677182
41963,41978,43011,15,1033,2,36000,1.01452081317
41964,41983,42998,19,1015,2,36000,1.01871921182
41966,41990,43127,24,1137,2,36000,1.02110817942
41967,41996,43057,29,1061,2,36000,1.027332705
41983,42002,42997,19,995,2,36000,1.01909547739
41985,42008,43153,23,1145,2,36000,1.02008733624
42001,42028,43104,27,1076,2,36000,1.0250929368
42020,42050,43140,30,1090,2,36000,1.02752293578
42021,42033,43105,12,1072,2,36000,1.01119402985
42041,42080,43140,39,1060,2,36000,1.03679245283
42072,42122,43811,50,1689,2,36000,1.02960331557
42113,42127,43219,14,1092,2,36000,1.01282051282
42114,42134,43115,20,981,2,36000,1.02038735984
42131,42140,43199,9,1059,2,36000,1.00849858357
42132,42150,43206,18,1056,2,36000,1.01704545455
42148,42170,43324,22,1154,2,36000,1.01906412478
42164,42181,43335,17,1154,2,36000,1.01473136915
42180,42196,43338,16,1142,2,36000,1.01401050788
42196,42211,43661,15,1450,2,36000,1.01034482759
42212,42226,43301,14,1075,2,36000,1.01302325581
42228,42234,43395,6,1161,2,36000,1.00516795866
42229,42255,43223,26,968,2,36000,1.02685950413
42245,42293,43382,48,1089,2,36000,1.04407713499
42283,42300,43332,17,1032,2,36000,1.01647286822
42300,42306,43434,6,1128,2,36000,1.00531914894
42301,42312,43361,11,1049,2,36000,1.01048617731
42302,42317,43408,15,1091,2,36000,1.01374885426
42319,42324,43435,5,1111,2,36000,1.00450045005
42320,42331,43394,11,1063,2,36000,1.0103480715
42321,42338,43187,17,849,2,36000,1.02002355713
42338,42345,43555,7,1210,2,36000,1.00578512397
42339,42351,43512,12,1161,2,36000,1.01033591731
42341,42357,43481,16,1124,2,36000,1.01423487544
42357,42372,43525,15,1153,2,36000,1.01300954033
42374,42380,43545,6,1165,2,36000,1.00515021459
42375,42386,43399,11,1013,2,36000,1.01085883514
42376,42391,43336,15,945,2,36000,1.01587301587
42394,42400,43350,6,950,2,36000,1.00631578947
42395,42406,43468,11,1062,2,36000,1.01035781544
42396,42411,43385,15,974,2,36000,1.01540041068
42397,42418,43537,21,1119,2,36000,1.01876675603
42416,42430,43422,14,992,2,36000,1.01411290323
42433,42439,44260,6,1821,2,36000,1.00329489292
42434,42445,43493,11,1048,2,36000,1.01049618321
42436,42450,43322,14,872,2,36000,1.01605504587
42437,42456,43575,19,1119,2,36000,1.01697944593
42438,42461,43442,23,981,2,36000,1.02344546381
42440,42467,43568,27,1101,2,36000,1.02452316076
42457,42473,43566,16,1093,2,36000,1.01463860933
42458,42478,43634,20,1156,2,36000,1.01730103806
42459,42484,43776,25,1292,2,36000,1.0193498452
42475,42491,43554,16,1063,2,36000,1.01505174036
42491,42508,43606,17,1098,2,36000,1.01548269581
42507,42514,43570,7,1056,2,36000,1.00662878788
42509,42521,43696,12,1175,2,36000,1.01021276596
42525,42531,43489,6,958,2,36000,1.00626304802
42527,42537,43523,10,986,2,36000,1.01014198783
42528,42543,43500,15,957,2,36000,1.01567398119
42529,42550,43606,21,1056,2,36000,1.01988636364
42546,42557,43841,11,1284,2,36000,1.00856697819
42547,42583,43767,36,1184,2,36000,1.03040540541
42573,42590,43717,17,1127,2,36000,1.01508429459
42589,42602,43697,13,1095,2,36000,1.01187214612
42607,42613,43678,6,1065,2,36000,1.00563380282
42608,42619,43740,11,1121,2,36000,1.00981266726
42610,42624,43639,14,1015,2,36000,1.01379310345
42611,42630,43768,19,1138,2,36000,1.01669595782
42612,42636,43682,24,1046,2,36000,1.02294455067
42629,42645,43710,16,1065,2,36000,1.01502347418
42646,42651,43726,5,1075,2,36000,1.00465116279
42647,42657,44281,10,1624,2,36000,1.00615763547
42648,42662,44262,14,1600,2,36000,1.00875
42649,42667,43661,18,994,2,36000,1.01810865191
42651,42674,43689,23,1015,2,36000,1.02266009852
42669,42680,43851,11,1171,2,36000,1.00939368061
42670,42685,43819,15,1134,2,36000,1.01322751323
42672,42691,43885,19,1194,2,36000,1.01591289782
42673,42697,43690,24,993,2,36000,1.02416918429
42690,42703,43981,13,1278,2,36000,1.01017214397
42691,42708,43807,17,1099,2,36000,1.01546860783
42693,42714,43797,21,1083,2,36000,1.01939058172
42694,42719,43689,25,970,2,36000,1.02577319588
42710,42725,43967,15,1242,2,36000,1.01207729469
42712,42730,43901,18,1171,2,36000,1.01537147737
42713,42736,43685,23,949,2,36000,1.02423603793
42714,42749,43749,35,1000,2,36000,1.035
42740,42755,43782,15,1027,2,36000,1.01460564752
42741,42761,43744,20,983,2,36000,1.02034587996
42759,42767,43752,8,985,2,36000,1.00812182741
42760,42772,43764,12,992,2,36000,1.01209677419
42761,42779,43731,18,952,2,36000,1.01890756303
42762,42784,43916,22,1132,2,36000,1.01943462898
42764,42790,43809,26,1019,2,36000,1.02551521099
42780,42796,44470,16,1674,2,36000,1.00955794504
42781,42801,43896,20,1095,2,36000,1.01826484018
42783,42807,43857,24,1050,2,36000,1.02285714286
42799,42827,44897,28,2070,2,36000,1.01352657005
42818,42833,43877,15,1044,2,36000,1.01436781609
42835,42843,43944,8,1101,2,36000,1.00726612171
42836,42849,43674,13,825,2,36000,1.01575757576
42838,42855,43990,17,1135,2,36000,1.01497797357
42854,42861,43803,7,942,2,36000,1.00743099788
42856,42867,44006,11,1139,2,36000,1.00965759438
42857,42873,43885,16,1012,2,36000,1.01581027668
42858,42878,43994,20,1116,2,36000,1.01792114695
42860,42884,43816,24,932,2,36000,1.02575107296
42877,42890,44067,13,1177,2,36000,1.01104502974
42878,42895,43870,17,975,2,36000,1.01743589744
42880,42901,44049,21,1148,2,36000,1.01829268293
42881,42910,43995,29,1085,2,36000,1.0267281106
42900,42917,44016,17,1099,2,36000,1.01546860783
42916,42935,44148,19,1213,2,36000,1.01566364386
42933,42964,43996,31,1032,2,36000,1.03003875969
42955,42971,44014,16,1043,2,36000,1.01534036433
42972,42978,43955,6,977,2,36000,1.00614124872
42973,42986,44115,13,1129,2,36000,1.0115146147
42990,42996,44307,6,1311,2,36000,1.00457665904
42991,43002,44051,11,1049,2,36000,1.01048617731
42992,43009,44156,17,1147,2,36000,1.01482127289
43009,43015,44121,6,1106,2,36000,1.00542495479
43010,43023,44168,13,1145,2,36000,1.01135371179
43026,43047,44050,21,1003,2,36000,1.02093718843
43042,43056,44180,14,1124,2,36000,1.01245551601
43059,43068,44066,9,998,2,36000,1.00901803607
43060,43098,44135,38,1037,2,36000,1.03664416586
43088,43115,44302,27,1187,2,36000,1.02274641955
43109,43121,44284,12,1163,2,36000,1.01031814273
43110,43126,44228,16,1102,2,36000,1.01451905626
43112,43133,44098,21,965,2,36000,1.02176165803
43128,43139,44271,11,1132,2,36000,1.00971731449
43129,43144,44225,15,1081,2,36000,1.0138760407
43130,43151,44174,21,1023,2,36000,1.02052785924
43147,43157,44089,10,932,2,36000,1.01072961373
43148,43164,44204,16,1040,2,36000,1.01538461538
43164,43198,44303,34,1105,2,36000,1.03076923077
43190,43210,44393,20,1183,2,36000,1.01690617075
43206,43217,44275,11,1058,2,36000,1.01039697543
43207,43230,44309,23,1079,2,36000,1.02131603336
43224,43236,44436,12,1200,2,36000,1.01
43225,43242,44254,17,1012,2,36000,1.01679841897
43226,43313,44333,87,1020,2,36000,1.08529411765
43305,43334,44525,29,1191,2,36000,1.02434928631
43324,43340,44354,16,1014,2,36000,1.0157790927
43326,43347,44715,21,1368,2,36000,1.01535087719
43344,43353,44348,9,995,2,36000,1.00904522613
43345,43358,44411,13,1053,2,36000,1.01234567901
43346,43363,44531,17,1168,2,36000,1.01455479452
43348,43369,44467,21,1098,2,36000,1.01912568306
43364,43376,44355,12,979,2,36000,1.01225740552
43365,43393,44355,28,962,2,36000,1.02910602911
43384,43399,44648,15,1249,2,36000,1.01200960769
43401,43407,44582,6,1175,2,36000,1.00510638298
43403,43413,44417,10,1004,2,36000,1.00996015936
43404,43418,44521,14,1103,2,36000,1.01269265639
43405,43425,44333,20,908,2,36000,1.02202643172
43422,43433,44475,11,1042,2,36000,1.01055662188
43423,43445,44782,22,1337,2,36000,1.01645474944
43440,43452,44544,12,1092,2,36000,1.01098901099
43441,43459,44563,18,1104,2,36000,1.01630434783
43457,43479,44917,22,1438,2,36000,1.01529902643
43473,43493,44756,20,1263,2,36000,1.01583531275
43489,43500,44530,11,1030,2,36000,1.01067961165
43490,43506,44590,16,1084,2,36000,1.0147601476
43507,43513,44411,6,898,2,36000,1.00668151448
43509,43523,44616,14,1093,2,36000,1.01280878317
43525,43534,44611,9,1077,2,36000,1.00835654596
43527,43541,44633,14,1092,2,36000,1.01282051282
43528,43548,44517,20,969,2,36000,1.02063983488
43544,43556,44629,12,1073,2,36000,1.01118359739
43546,43566,44550,20,984,2,36000,1.02032520325
43563,43572,44811,9,1239,2,36000,1.00726392252
43564,43578,44672,14,1094,2,36000,1.01279707495
43581,43587,44590,6,1003,2,36000,1.00598205384
43583,43593,44777,10,1184,2,36000,1.00844594595
43584,43598,44609,14,1011,2,36000,1.01384767557
43585,43617,45126,32,1509,2,36000,1.02120609675
43608,43622,44549,14,927,2,36000,1.01510248112
43609,43646,44679,37,1033,2,36000,1.03581800581
43637,43653,44649,16,996,2,36000,1.01606425703
43653,43672,44785,19,1113,2,36000,1.01707097934
43670,43679,44678,9,999,2,36000,1.00900900901
43671,43685,44772,14,1087,2,36000,1.01287948482
43688,43695,44733,7,1038,2,36000,1.00674373796
43690,43700,44727,10,1027,2,36000,1.00973709834
43691,43706,44711,15,1005,2,36000,1.01492537313
43692,43711,44705,19,994,2,36000,1.01911468813
43694,43717,44877,23,1160,2,36000,1.01982758621
43696,43722,44789,26,1067,2,36000,1.02436738519
43713,43728,44615,15,887,2,36000,1.01691093574
43714,43734,44800,20,1066,2,36000,1.01876172608
43716,43739,44847,23,1108,2,36000,1.02075812274
43717,43744,44822,27,1078,2,36000,1.02504638219
43734,43750,44767,16,1017,2,36000,1.01573254671
43735,43755,44929,20,1174,2,36000,1.01703577513
43737,43762,44900,25,1138,2,36000,1.02196836555
43754,43767,44787,13,1020,2,36000,1.01274509804
43755,43773,44746,18,973,2,36000,1.01849948613
43756,43779,44805,23,1026,2,36000,1.022417154
43758,43785,44779,27,994,2,36000,1.02716297787
43775,43791,44829,16,1038,2,36000,1.01541425819
43776,43796,44944,20,1148,2,36000,1.01742160279
43777,43802,44810,25,1008,2,36000,1.0248015873
43794,43809,44876,15,1067,2,36000,1.01405810684
43795,43814,44826,19,1012,2,36000,1.01877470356
43812,43820,44845,8,1025,2,36000,1.00780487805
43815,43826,44818,11,992,2,36000,1.01108870968
43816,43831,44867,15,1036,2,36000,1.01447876448
43817,43836,44909,19,1073,2,36000,1.01770736253
43819,43843,44950,24,1107,2,36000,1.0216802168
43835,43848,44785,13,937,2,36000,1.01387406617
43836,43854,44835,18,981,2,36000,1.01834862385
43853,43863,45057,10,1194,2,36000,1.00837520938
43854,43869,44861,15,992,2,36000,1.01512096774
43870,43881,44760,11,879,2,36000,1.01251422071
43871,43888,44959,17,1071,2,36000,1.01587301587
43888,43896,44746,8,850,2,36000,1.00941176471
43890,43902,45048,12,1146,2,36000,1.01047120419
43891,43908,45007,17,1099,2,36000,1.01546860783
43907,43914,44973,7,1059,2,36000,1.00661000944
43909,43927,44965,18,1038,2,36000,1.01734104046
43925,43955,45018,30,1063,2,36000,1.02822201317
43948,43966,45126,18,1160,2,36000,1.01551724138
43964,43978,45070,14,1092,2,36000,1.01282051282
43980,43993,45184,13,1191,2,36000,1.01091519731
43997,44003,45068,6,1065,2,36000,1.00563380282
43998,44009,45222,11,1213,2,36000,1.00906842539
44000,44015,45130,15,1115,2,36000,1.0134529148
44001,44020,44960,19,940,2,36000,1.02021276596
44002,44026,45257,24,1231,2,36000,1.01949634444
44019,44031,45110,12,1079,2,36000,1.01112140871
44020,44037,45150,17,1113,2,36000,1.01527403414
44021,44060,45193,39,1133,2,36000,1.03442188879
44051,44067,44993,16,926,2,36000,1.01727861771
44052,44073,45061,21,988,2,36000,1.02125506073
44054,44079,45406,25,1327,2,36000,1.01883948757
44070,44084,45038,14,954,2,36000,1.01467505241
44072,44100,45249,28,1149,2,36000,1.02436901654
44091,44109,45116,18,1007,2,36000,1.01787487587
44107,44126,45339,19,1213,2,36000,1.01566364386
44123,44132,45246,9,1114,2,36000,1.00807899461
44124,44146,45242,22,1096,2,36000,1.0200729927
44141,44159,45157,18,998,2,36000,1.01803607214
44157,44167,45201,10,1034,2,36000,1.00967117988
44158,44179,45244,21,1065,2,36000,1.01971830986
44175,44185,45263,10,1078,2,36000,1.00927643785
44176,44191,45252,15,1061,2,36000,1.01413760603
44192,44215,45310,23,1095,2,36000,1.02100456621
44208,44237,45167,29,930,2,36000,1.0311827957
44228,44243,45267,15,1024,2,36000,1.0146484375
44229,44265,45250,36,985,2,36000,1.03654822335
44258,44272,45395,14,1123,2,36000,1.0124666073
44274,44280,45325,6,1045,2,36000,1.00574162679
44275,44286,45182,11,896,2,36000,1.01227678571
44277,44291,45283,14,992,2,36000,1.01411290323
44293,44300,45408,7,1108,2,36000,1.00631768953
44295,44305,45320,10,1015,2,36000,1.00985221675
44296,44313,45441,17,1128,2,36000,1.01507092199
44313,44319,45378,6,1059,2,36000,1.00566572238
44315,44325,45476,10,1151,2,36000,1.00868809731
44316,44330,45421,14,1091,2,36000,1.01283226398
44317,44344,45364,27,1020,2,36000,1.02647058824
44333,44349,45410,16,1061,2,36000,1.0150801131
44335,44359,45447,24,1088,2,36000,1.02205882353
44351,44366,45504,15,1138,2,36000,1.01318101933
44368,44374,45388,6,1014,2,36000,1.00591715976
44369,44380,45504,11,1124,2,36000,1.00978647687
44370,44404,45532,34,1128,2,36000,1.03014184397
44396,44422,45550,26,1128,2,36000,1.02304964539
44416,44428,45394,12,966,2,36000,1.01242236025
44417,44434,45600,17,1166,2,36000,1.01457975986
44434,44447,45509,13,1062,2,36000,1.01224105461
44450,44478,45461,28,983,2,36000,1.02848423194
44469,44484,45451,15,967,2,36000,1.01551189245
44485,44491,45508,6,1017,2,36000,1.00589970501
44487,44528,45644,41,1116,2,36000,1.03673835125
44518,44534,45566,16,1032,2,36000,1.01550387597
44535,44541,45741,6,1200,2,36000,1.005
44536,44547,45693,11,1146,2,36000,1.00959860384
44538,44552,45603,14,1051,2,36000,1.013320647
44539,44559,45887,20,1328,2,36000,1.01506024096
44556,44565,45596,9,1031,2,36000,1.00872938894
44557,44570,45727,13,1157,2,36000,1.01123595506
44558,44577,45665,19,1088,2,36000,1.01746323529
44574,44593,45486,19,893,2,36000,1.02127659574
44591,44601,45604,10,1003,2,36000,1.00997008973
44592,44606,45687,14,1081,2,36000,1.01295097132
44593,44620,45638,27,1018,2,36000,1.02652259332
44614,44626,45694,12,1068,2,36000,1.01123595506
44615,44631,45634,16,1003,2,36000,1.01595214357
44632,44637,45744,5,1107,2,36000,1.00451671183
44633,44643,45679,10,1036,2,36000,1.00965250965
44634,44649,45776,15,1127,2,36000,1.01330967169
44652,44660,45862,8,1202,2,36000,1.00665557404
44653,44665,45763,12,1098,2,36000,1.01092896175
44654,44683,45692,29,1009,2,36000,1.02874132805
44675,44689,45728,14,1039,2,36000,1.01347449471
44691,44697,45721,6,1024,2,36000,1.005859375
44692,44716,45769,24,1053,2,36000,1.02279202279
44708,44723,45938,15,1215,2,36000,1.01234567901
44725,44731,45875,6,1144,2,36000,1.00524475524
44726,44738,45893,12,1155,2,36000,1.01038961039
44742,44748,45949,6,1201,2,36000,1.0049958368
44744,44758,45857,14,1099,2,36000,1.0127388535
44761,44767,45778,6,1011,2,36000,1.0059347181
44762,44773,45770,11,997,2,36000,1.0110330993
44763,44778,45762,15,984,2,36000,1.01524390244
44765,44784,45652,19,868,2,36000,1.02188940092
44782,44790,46009,8,1219,2,36000,1.00656275636
44783,44795,46082,12,1287,2,36000,1.00932400932
44785,44801,45913,16,1112,2,36000,1.01438848921
44786,44806,45941,20,1135,2,36000,1.01762114537
44787,44812,45910,25,1098,2,36000,1.02276867031
44807,44818,45928,11,1110,2,36000,1.00990990991
44808,44823,45821,15,998,2,36000,1.01503006012
44809,44828,45902,19,1074,2,36000,1.01769087523
44811,44834,45833,23,999,2,36000,1.02302302302
44812,44839,45882,27,1043,2,36000,1.02588686481
44813,44846,45894,33,1048,2,36000,1.03148854962
44831,44851,46032,20,1181,2,36000,1.01693480102
44833,44856,45896,23,1040,2,36000,1.02211538462
44834,44861,45973,27,1112,2,36000,1.02428057554
44835,44866,45977,31,1111,2,36000,1.02790279028
44837,44872,46070,35,1198,2,36000,1.02921535893
44838,44893,46024,55,1131,2,36000,1.04862953139
44855,44878,45951,23,1073,2,36000,1.02143522833
44857,44883,45976,26,1093,2,36000,1.02378774016
44858,44888,45944,30,1056,2,36000,1.02840909091
44874,44899,45809,25,910,2,36000,1.02747252747
44876,44905,46040,29,1135,2,36000,1.02555066079
44892,44910,46062,18,1152,2,36000,1.015625
44893,44916,46000,23,1084,2,36000,1.02121771218
44909,44922,46067,13,1145,2,36000,1.01135371179
44910,44933,45966,23,1033,2,36000,1.02226524685
44912,44928,46061,16,1133,2,36000,1.01412180053
44928,44940,46077,12,1137,2,36000,1.01055408971
44944,44958,46049,14,1091,2,36000,1.01283226398
44945,44964,45994,19,1030,2,36000,1.01844660194
44962,44970,46146,8,1176,2,36000,1.00680272109
44964,44975,45908,11,933,2,36000,1.01178992497
44965,44982,46049,17,1067,2,36000,1.01593252109
44981,44988,46147,7,1159,2,36000,1.00603968939
44983,45004,46206,21,1202,2,36000,1.01747088186
44999,45019,46028,20,1009,2,36000,1.01982160555
45015,45029,46031,14,1002,2,36000,1.01397205589
45032,45049,46089,17,1040,2,36000,1.01634615385
45048,45059,46176,11,1117,2,36000,1.00984780662
45049,45068,46220,19,1152,2,36000,1.01649305556
45066,45074,46091,8,1017,2,36000,1.00786627335
45068,45080,46143,12,1063,2,36000,1.01128880527
45084,45090,46172,6,1082,2,36000,1.00554528651
45085,45122,46196,37,1074,2,36000,1.03445065177
45111,45128,46182,17,1054,2,36000,1.01612903226
45127,45138,46241,11,1103,2,36000,1.00997280145
45128,45143,46370,15,1227,2,36000,1.01222493888
45130,45149,46225,19,1076,2,36000,1.01765799257
45146,45161,46140,15,979,2,36000,1.01532175689
45163,45169,46284,6,1115,2,36000,1.00538116592
45164,45179,46192,15,1013,2,36000,1.01480750247
45180,45194,46217,14,1023,2,36000,1.01368523949
45197,45203,46338,6,1135,2,36000,1.00528634361
45198,45209,46448,11,1239,2,36000,1.00887812752
45200,45215,46234,15,1019,2,36000,1.01472031403
45216,45234,46375,18,1141,2,36000,1.01577563541
45231,45253,46429,22,1176,2,36000,1.01870748299
45249,45259,46314,10,1055,2,36000,1.00947867299
45250,45264,46404,14,1140,2,36000,1.01228070175
45251,45271,46304,20,1033,2,36000,1.01936108422
45253,45276,46419,23,1143,2,36000,1.02012248469
45270,45283,46199,13,916,2,36000,1.01419213974
45271,45288,46382,17,1094,2,36000,1.0155393053
45273,45294,46317,21,1023,2,36000,1.02052785924
45274,45299,47117,25,1818,2,36000,1.01375137514
45275,45305,46287,30,982,2,36000,1.03054989817
45291,45321,46396,30,1075,2,36000,1.02790697674
45314,45332,46402,18,1070,2,36000,1.01682242991
45330,45338,46336,8,998,2,36000,1.00801603206
45332,45351,46347,19,996,2,36000,1.01907630522
45348,45375,46569,27,1194,2,36000,1.02261306533
45367,45389,46446,22,1057,2,36000,1.02081362346
45383,45399,46468,16,1069,2,36000,1.01496725912
45400,45406,46634,6,1228,2,36000,1.00488599349
45401,45412,46522,11,1110,2,36000,1.00990990991
45403,45418,46386,15,968,2,36000,1.01549586777
45420,45426,46537,6,1111,2,36000,1.00540054005
45421,45432,46503,11,1071,2,36000,1.01027077498
45423,45437,46462,14,1025,2,36000,1.01365853659
45439,45452,46497,13,1045,2,36000,1.01244019139
45456,45462,46490,6,1028,2,36000,1.00583657588
45457,45468,46635,11,1167,2,36000,1.00942587832
45458,45474,46514,16,1040,2,36000,1.01538461538
45475,45487,47008,12,1521,2,36000,1.00788954635
45491,45497,46533,6,1036,2,36000,1.00579150579
45492,45515,46636,23,1121,2,36000,1.02051739518
45509,45521,46576,12,1055,2,36000,1.01137440758
45510,45527,46517,17,990,2,36000,1.01717171717
45511,45532,46617,21,1085,2,36000,1.01935483871
45527,45543,46538,16,995,2,36000,1.01608040201
45543,45561,46637,18,1076,2,36000,1.01672862454
45560,45577,46447,17,870,2,36000,1.01954022989
45575,45607,46710,32,1103,2,36000,1.02901178604
45598,45613,46563,15,950,2,36000,1.01578947368
45615,45621,46595,6,974,2,36000,1.00616016427
45616,45627,46570,11,943,2,36000,1.01166489926
45618,45645,46611,27,966,2,36000,1.02795031056
45637,45652,47286,15,1634,2,36000,1.00917992656
45653,45659,46824,6,1165,2,36000,1.00515021459
45655,45665,46623,10,958,2,36000,1.01043841336
45656,45676,46888,20,1212,2,36000,1.01650165017
45672,45690,46623,18,933,2,36000,1.0192926045
45688,45698,46599,10,901,2,36000,1.01109877913
45690,45705,46866,15,1161,2,36000,1.01291989664
45706,45713,46636,7,923,2,36000,1.00758396533
45708,45718,46938,10,1220,2,36000,1.00819672131
45709,45733,47020,24,1287,2,36000,1.01864801865
45725,45739,46798,14,1059,2,36000,1.01322001889
45742,45748,46820,6,1072,2,36000,1.00559701493
45743,45754,46928,11,1174,2,36000,1.00936967632
45744,45760,46809,16,1049,2,36000,1.01525262154
45762,45774,46835,12,1061,2,36000,1.01131008483
45780,45786,46828,6,1042,2,36000,1.00575815739
45781,45792,46856,11,1064,2,36000,1.01033834586
45782,45797,46850,15,1053,2,36000,1.01424501425
45784,45803,46814,19,1011,2,36000,1.01879327399
45785,45808,46905,23,1097,2,36000,1.02096627165
45786,45820,46863,34,1043,2,36000,1.03259827421
45812,45832,47037,20,1205,2,36000,1.01659751037
45828,45844,46827,16,983,2,36000,1.01627670397
45844,45868,47149,24,1281,2,36000,1.018735363
45860,45874,46993,14,1119,2,36000,1.01251117069
45877,45887,46936,10,1049,2,36000,1.00953288847
45878,45893,46947,15,1054,2,36000,1.01423149905
45895,45901,46977,6,1076,2,36000,1.00557620818
45896,45907,47013,11,1106,2,36000,1.00994575045
45898,45913,47105,15,1192,2,36000,1.01258389262
45899,45918,46941,19,1023,2,36000,1.01857282502
45900,45924,47112,24,1188,2,36000,1.0202020202
45918,45930,47049,12,1119,2,36000,1.01072386059
45919,45936,47032,17,1096,2,36000,1.01551094891
45920,45941,46987,21,1046,2,36000,1.02007648184
45921,45948,47189,27,1241,2,36000,1.02175664786
45938,45954,46947,16,993,2,36000,1.01611278953
45955,45961,46965,6,1004,2,36000,1.00597609562
45956,45967,47201,11,1234,2,36000,1.00891410049
45958,45972,47039,14,1067,2,36000,1.01312089972
45959,45978,47020,19,1042,2,36000,1.01823416507
45960,45984,47095,24,1111,2,36000,1.02160216022
45976,45989,47137,13,1148,2,36000,1.01132404181
45977,45996,47106,19,1110,2,36000,1.01711711712
45979,46002,47224,23,1222,2,36000,1.01882160393
45995,46008,47122,13,1114,2,36000,1.01166965889
45997,46014,47158,17,1144,2,36000,1.01486013986
46013,46020,47067,7,1047,2,36000,1.00668576886
46015,46035,47192,20,1157,2,36000,1.0172860847
46032,46041,47023,9,982,2,36000,1.00916496945
46033,46048,47086,15,1038,2,36000,1.01445086705
46034,46053,47214,19,1161,2,36000,1.01636520241
46036,46060,47175,24,1115,2,36000,1.02152466368
46053,46065,47126,12,1061,2,36000,1.01131008483
46055,46071,47069,16,998,2,36000,1.01603206413
46056,46077,47145,21,1068,2,36000,1.01966292135
46073,46083,47237,10,1154,2,36000,1.00866551127
46075,46088,47094,13,1006,2,36000,1.01292246521
46076,46094,47047,18,953,2,36000,1.01888772298
46077,46100,47140,23,1040,2,36000,1.02211538462
46094,46105,47303,11,1198,2,36000,1.00918196995
46096,46112,47161,16,1049,2,36000,1.01525262154
46097,46117,47262,20,1145,2,36000,1.01746724891
46098,46151,47324,53,1173,2,36000,1.04518329071
46143,46158,47274,15,1116,2,36000,1.01344086022
46144,46163,47175,19,1012,2,36000,1.01877470356
46161,46169,47214,8,1045,2,36000,1.00765550239
46162,46183,47161,21,978,2,36000,1.02147239264
46178,46189,47268,11,1079,2,36000,1.01019462465
46180,46195,47280,15,1085,2,36000,1.01382488479
46196,46203,47133,7,930,2,36000,1.00752688172
46198,46209,47294,11,1085,2,36000,1.01013824885
46199,46215,47225,16,1010,2,36000,1.01584158416
46216,46222,47454,6,1232,2,36000,1.00487012987
46218,46228,47335,10,1107,2,36000,1.00903342367
46234,46241,47280,7,1039,2,36000,1.00673724735
46236,46246,47329,10,1083,2,36000,1.00923361034
46237,46252,47432,15,1180,2,36000,1.01271186441
46238,46258,47273,20,1015,2,36000,1.0197044335
46254,46295,47316,41,1021,2,36000,1.04015670911
46286,46301,47462,15,1161,2,36000,1.01291989664
46302,46316,47301,14,985,2,36000,1.01421319797
46320,46325,47503,5,1178,2,36000,1.00424448217
46321,46331,47406,10,1075,2,36000,1.00930232558
46322,46347,47307,25,960,2,36000,1.02604166667
46339,46353,47399,14,1046,2,36000,1.01338432122
46340,46359,47435,19,1076,2,36000,1.01765799257
46357,46381,47448,24,1067,2,36000,1.02249297095
46373,46387,47505,14,1118,2,36000,1.01252236136
46390,46396,47443,6,1047,2,36000,1.00573065903
46391,46402,47515,11,1113,2,36000,1.00988319856
46393,46408,47500,15,1092,2,36000,1.01373626374
46409,46415,48352,6,1937,2,36000,1.00309757357
46410,46421,47407,11,986,2,36000,1.01115618661
46412,46431,47520,19,1089,2,36000,1.01744719927
46428,46441,47507,13,1066,2,36000,1.01219512195
46445,46457,47387,12,930,2,36000,1.01290322581
46462,46468,47552,6,1084,2,36000,1.00553505535
46463,46474,47729,11,1255,2,36000,1.00876494024
46464,46479,47360,15,881,2,36000,1.0170261067
46466,46486,47545,20,1059,2,36000,1.01888574127
46482,46501,47557,19,1056,2,36000,1.01799242424
46499,46509,47613,10,1104,2,36000,1.00905797101
46500,46515,47568,15,1053,2,36000,1.01424501425
46518,46525,47606,7,1081,2,36000,1.00647548566
46519,46532,47642,13,1110,2,36000,1.01171171171
46520,46538,47524,18,986,2,36000,1.01825557809
46538,46544,47578,6,1034,2,36000,1.00580270793
46539,46550,47654,11,1104,2,36000,1.00996376812
46540,46555,47582,15,1027,2,36000,1.01460564752
46542,46574,47653,32,1079,2,36000,1.0296570899
46566,46580,47793,14,1213,2,36000,1.01154163232
46583,46589,47722,6,1133,2,36000,1.0052956752
46584,46595,47696,11,1101,2,36000,1.00999091735
46585,46606,47639,21,1033,2,36000,1.02032913843
46602,46612,47495,10,883,2,36000,1.01132502831
46603,46622,47653,19,1031,2,36000,1.01842870999
46620,46628,47682,8,1054,2,36000,1.00759013283
46622,46633,47758,11,1125,2,36000,1.00977777778
46639,46645,47642,6,997,2,36000,1.00601805416
46641,46651,47759,10,1108,2,36000,1.00902527076
46642,46657,47675,15,1018,2,36000,1.01473477407
46643,46662,47630,19,968,2,36000,1.01962809917
46645,46667,47643,22,976,2,36000,1.02254098361
46646,46673,47794,27,1121,2,36000,1.02408563782
46647,46678,47898,31,1220,2,36000,1.02540983607
46714,46720,47793,6,1073,2,36000,1.0055917987
46802,46808,48131,6,1323,2,36000,1.00453514739
46820,46825,47995,5,1170,2,36000,1.00427350427
46821,46831,47869,10,1038,2,36000,1.00963391137
46822,46836,48071,14,1235,2,36000,1.01133603239
46840,46846,47969,6,1123,2,36000,1.0053428317
46841,46852,47913,11,1061,2,36000,1.01036757776
46842,46857,48116,15,1259,2,36000,1.01191421763
46843,46862,47869,19,1007,2,36000,1.01886792453
46860,46868,47910,8,1042,2,36000,1.00767754319
46861,46873,47977,12,1104,2,36000,1.01086956522
46878,46884,48062,6,1178,2,36000,1.00509337861
46879,46890,47864,11,974,2,36000,1.0112936345
46896,46902,47991,6,1089,2,36000,1.00550964187
46912,46919,47980,7,1061,2,36000,1.00659754948
46932,46938,48176,6,1238,2,36000,1.00484652666
46949,46955,48056,6,1101,2,36000,1.00544959128
46951,46961,48100,10,1139,2,36000,1.00877963126
46952,46966,48042,14,1076,2,36000,1.01301115242
46953,46972,48086,19,1114,2,36000,1.0170556553
46954,46977,47942,23,965,2,36000,1.02383419689
46971,46983,48299,12,1316,2,36000,1.00911854103
46987,46993,48132,6,1139,2,36000,1.00526777875
46988,46999,48088,11,1089,2,36000,1.0101010101
47004,47010,47962,6,952,2,36000,1.00630252101
47020,47026,48035,6,1009,2,36000,1.00594648167
47022,47032,48242,10,1210,2,36000,1.00826446281
47023,47037,48086,14,1049,2,36000,1.01334604385
47024,47043,48119,19,1076,2,36000,1.01765799257
47042,47049,48090,7,1041,2,36000,1.00672430355
47043,47054,48177,11,1123,2,36000,1.00979519145
47045,47060,48065,15,1005,2,36000,1.01492537313
47046,47066,48193,20,1127,2,36000,1.01774622893
47063,47072,48077,9,1005,2,36000,1.00895522388
47064,47077,48084,13,1007,2,36000,1.01290963257
47081,47087,47941,6,854,2,36000,1.00702576112
47082,47093,48194,11,1101,2,36000,1.00999091735
47101,47107,48384,6,1277,2,36000,1.00469851214
47102,47113,48263,11,1150,2,36000,1.00956521739
47103,47118,48161,15,1043,2,36000,1.01438159156
47120,47126,48294,6,1168,2,36000,1.0051369863
47122,47132,48400,10,1268,2,36000,1.00788643533
47123,47137,48064,14,927,2,36000,1.01510248112
47124,47143,48159,19,1016,2,36000,1.0187007874
47143,47149,48263,6,1114,2,36000,1.00538599641
47144,47155,48243,11,1088,2,36000,1.01011029412
47145,47160,48294,15,1134,2,36000,1.01322751323
47147,47166,48200,19,1034,2,36000,1.01837524178
47148,47171,48233,23,1062,2,36000,1.02165725047
47165,47177,48325,12,1148,2,36000,1.01045296167
47166,47182,48171,16,989,2,36000,1.01617795753
47167,47188,48320,21,1132,2,36000,1.01855123675
47169,47193,48293,24,1100,2,36000,1.02181818182
47170,47198,48266,28,1068,2,36000,1.02621722846
47186,47204,48331,18,1127,2,36000,1.01597160603
47187,47210,48275,23,1065,2,36000,1.02159624413
47203,47216,48272,13,1056,2,36000,1.01231060606
47205,47221,48260,16,1039,2,36000,1.01539942252
47206,47227,48437,21,1210,2,36000,1.0173553719
47223,47233,48287,10,1054,2,36000,1.00948766603
47224,47238,48330,14,1092,2,36000,1.01282051282
47240,47246,48145,6,899,2,36000,1.00667408231
47242,47252,48304,10,1052,2,36000,1.00950570342
47243,47257,48385,14,1128,2,36000,1.01241134752
47266,47272,48368,6,1096,2,36000,1.00547445255
47283,47290,48264,7,974,2,36000,1.00718685832
47285,47296,48353,11,1057,2,36000,1.01040681173
47286,47302,48413,16,1111,2,36000,1.01440144014
47287,47307,48364,20,1057,2,36000,1.01892147588
47289,47313,48243,24,930,2,36000,1.02580645161
47306,47319,48305,13,986,2,36000,1.01318458418
47307,47325,48342,18,1017,2,36000,1.01769911504
47309,47330,48393,21,1063,2,36000,1.01975540922
47310,47335,48370,25,1035,2,36000,1.02415458937
47328,47341,48522,13,1181,2,36000,1.01100762066
47329,47347,48340,18,993,2,36000,1.01812688822
47330,47352,48394,22,1042,2,36000,1.02111324376
47347,47358,48459,11,1101,2,36000,1.00999091735
47348,47363,48348,15,985,2,36000,1.0152284264
47364,47370,48380,6,1010,2,36000,1.00594059406
47390,47396,48376,6,980,2,36000,1.00612244898
47406,47413,48433,7,1020,2,36000,1.0068627451
47408,47419,48515,11,1096,2,36000,1.01003649635
47409,47424,48573,15,1149,2,36000,1.01305483029
47435,47442,48489,7,1047,2,36000,1.00668576886
47437,47447,48459,10,1012,2,36000,1.00988142292
47454,47459,48496,5,1037,2,36000,1.00482160077
47455,47465,48487,10,1022,2,36000,1.00978473581
47456,47470,48839,14,1369,2,36000,1.01022644266
47473,47479,49225,6,1746,2,36000,1.00343642612
47498,47505,48660,7,1155,2,36000,1.00606060606
47500,47511,48552,11,1041,2,36000,1.01056676273
47517,47523,48613,6,1090,2,36000,1.00550458716
47518,47529,48590,11,1061,2,36000,1.01036757776
47519,47534,48621,15,1087,2,36000,1.01379944802
47520,47540,48726,20,1186,2,36000,1.01686340641
47537,47546,48490,9,944,2,36000,1.00953389831
47538,47551,48572,13,1021,2,36000,1.01273261508
47555,47561,48729,6,1168,2,36000,1.0051369863
47556,47567,48744,11,1177,2,36000,1.00934579439
47573,47579,48737,6,1158,2,36000,1.00518134715
47574,47585,48649,11,1064,2,36000,1.01033834586
47591,47597,48618,6,1021,2,36000,1.00587659158
47592,47603,48749,11,1146,2,36000,1.00959860384
47608,47615,48693,7,1078,2,36000,1.00649350649
47625,47631,48652,6,1021,2,36000,1.00587659158
47642,47648,48788,6,1140,2,36000,1.00526315789
47643,47654,48681,11,1027,2,36000,1.01071080818
47644,47659,48647,15,988,2,36000,1.01518218623
47646,47665,48786,19,1121,2,36000,1.01694915254
47663,47671,48680,8,1009,2,36000,1.00792864222
47665,47676,48665,11,989,2,36000,1.0111223458
47666,47683,48732,17,1049,2,36000,1.01620591039
47667,47688,48761,21,1073,2,36000,1.01957129543
47684,47695,48806,11,1111,2,36000,1.0099009901
47685,47700,48748,15,1048,2,36000,1.0143129771
47701,47707,48832,6,1125,2,36000,1.00533333333
47724,47730,48823,6,1093,2,36000,1.0054894785
47740,47746,48967,6,1221,2,36000,1.00491400491
47760,47766,48860,6,1094,2,36000,1.00548446069
47761,47772,48965,11,1193,2,36000,1.00922045264
47797,47803,48921,6,1118,2,36000,1.0053667263
47798,47809,48784,11,975,2,36000,1.01128205128
47800,47814,48933,14,1119,2,36000,1.01251117069
47866,47873,49046,7,1173,2,36000,1.00596760443
47883,47889,48946,6,1057,2,36000,1.00567644276
47884,47895,48916,11,1021,2,36000,1.01077375122
47900,47906,49048,6,1142,2,36000,1.00525394046
47917,47923,48906,6,983,2,36000,1.00610376399
47918,47929,48919,11,990,2,36000,1.01111111111
47945,47951,48925,6,974,2,36000,1.00616016427
47946,47957,49042,11,1085,2,36000,1.01013824885
47965,47972,49027,7,1055,2,36000,1.00663507109
47982,47988,48998,6,1010,2,36000,1.00594059406
47983,47994,49035,11,1041,2,36000,1.01056676273
47985,47999,49047,14,1048,2,36000,1.01335877863
48001,48007,49195,6,1188,2,36000,1.00505050505
48003,48013,49000,10,987,2,36000,1.01013171226
48037,48043,49162,6,1119,2,36000,1.00536193029
48054,48060,49120,6,1060,2,36000,1.00566037736
48070,48076,49142,6,1066,2,36000,1.00562851782
48072,48082,49095,10,1013,2,36000,1.00987166831
48073,48087,49213,14,1126,2,36000,1.01243339254
48074,48092,49117,18,1025,2,36000,1.01756097561
48092,48098,49173,6,1075,2,36000,1.00558139535
48094,48104,49050,10,946,2,36000,1.01057082452
48095,48109,49251,14,1142,2,36000,1.0122591944
48096,48115,49176,19,1061,2,36000,1.01790763431
48097,48120,49093,23,973,2,36000,1.02363823227
48099,48126,49371,27,1245,2,36000,1.02168674699
48100,48131,49315,31,1184,2,36000,1.02618243243
48116,48136,49061,20,925,2,36000,1.02162162162
48117,48142,49243,25,1101,2,36000,1.02270663034
48135,48148,49278,13,1130,2,36000,1.01150442478
48136,48154,49206,18,1052,2,36000,1.01711026616
48138,48159,49088,21,929,2,36000,1.02260495156
48154,48165,49256,11,1091,2,36000,1.01008249313
48170,48176,49362,6,1186,2,36000,1.00505902192
48171,48182,49350,11,1168,2,36000,1.00941780822
48190,48196,49286,6,1090,2,36000,1.00550458716
48192,48202,49213,10,1011,2,36000,1.00989119683
48193,48207,49264,14,1057,2,36000,1.01324503311
48209,48215,49308,6,1093,2,36000,1.0054894785
48210,48221,49231,11,1010,2,36000,1.01089108911
48212,48226,49326,14,1100,2,36000,1.01272727273
48234,48240,49214,6,974,2,36000,1.00616016427
48251,48257,49283,6,1026,2,36000,1.00584795322
48252,48263,49593,11,1330,2,36000,1.00827067669
48254,48268,49334,14,1066,2,36000,1.01313320826
48272,48278,49314,6,1036,2,36000,1.00579150579
48273,48284,49324,11,1040,2,36000,1.01057692308
48275,48289,49433,14,1144,2,36000,1.01223776224
48276,48294,49216,18,922,2,36000,1.01952277657
48277,48300,49415,23,1115,2,36000,1.02062780269
48279,48305,49331,26,1026,2,36000,1.0253411306
48296,48312,49513,16,1201,2,36000,1.01332223147
48298,48317,49258,19,941,2,36000,1.02019128587
48299,48322,49358,23,1036,2,36000,1.0222007722
48300,48327,49423,27,1096,2,36000,1.0246350365
48301,48332,49420,31,1088,2,36000,1.02849264706
48318,48338,49340,20,1002,2,36000,1.01996007984
48319,48344,49349,25,1005,2,36000,1.02487562189
48321,48349,49490,28,1141,2,36000,1.0245398773
48337,48355,49391,18,1036,2,36000,1.01737451737
48339,48361,49388,22,1027,2,36000,1.02142161636
48340,48366,49390,26,1024,2,36000,1.025390625
48341,48371,49450,30,1079,2,36000,1.02780352178
48359,48377,49580,18,1203,2,36000,1.01496259352
48361,48383,49543,22,1160,2,36000,1.01896551724
48362,48388,49400,26,1012,2,36000,1.0256916996
48363,48393,49569,30,1176,2,36000,1.02551020408
48365,48398,49515,33,1117,2,36000,1.02954341987
48383,48405,49454,22,1049,2,36000,1.02097235462
48384,48410,49523,26,1113,2,36000,1.02336028751
48385,48415,49345,30,930,2,36000,1.03225806452
48387,48420,49471,33,1051,2,36000,1.03139866794
48388,48425,49410,37,985,2,36000,1.03756345178
48405,48431,49504,26,1073,2,36000,1.02423112768
48406,48437,49510,31,1073,2,36000,1.02889095993
48407,48442,49517,35,1075,2,36000,1.03255813953
48409,48447,49378,38,931,2,36000,1.04081632653
48410,48452,49472,42,1020,2,36000,1.04117647059
48426,48458,49579,32,1121,2,36000,1.02854594112
48443,48464,49506,21,1042,2,36000,1.02015355086
48444,48469,49482,25,1013,2,36000,1.02467917078
48461,48475,49357,14,882,2,36000,1.01587301587
48462,48480,49507,18,1027,2,36000,1.01752677702
48488,48494,49609,6,1115,2,36000,1.00538116592
48489,48500,49641,11,1141,2,36000,1.00964066608
48507,48513,49659,6,1146,2,36000,1.00523560209
48508,48519,49519,11,1000,2,36000,1.011
48524,48530,49565,6,1035,2,36000,1.00579710145
48526,48536,49469,10,933,2,36000,1.01071811361
48554,48560,49693,6,1133,2,36000,1.0052956752
48574,48580,49713,6,1133,2,36000,1.0052956752
48575,48586,49593,11,1007,2,36000,1.01092353525
48592,48598,49593,6,995,2,36000,1.00603015075
48616,48622,49806,6,1184,2,36000,1.00506756757
48632,48639,49824,7,1185,2,36000,1.005907173
48634,48645,49666,11,1021,2,36000,1.01077375122
48651,48657,49716,6,1059,2,36000,1.00566572238
48652,48663,49608,11,945,2,36000,1.01164021164
48672,48678,49711,6,1033,2,36000,1.00580832527
48673,48684,49736,11,1052,2,36000,1.01045627376
48675,48689,49704,14,1015,2,36000,1.01379310345
48692,48698,49871,6,1173,2,36000,1.00511508951
48693,48704,49756,11,1052,2,36000,1.01045627376
48710,48716,49816,6,1100,2,36000,1.00545454545
48729,48735,49854,6,1119,2,36000,1.00536193029
48730,48741,49838,11,1097,2,36000,1.01002734731
48748,48755,49859,7,1104,2,36000,1.00634057971
48750,48761,49839,11,1078,2,36000,1.01020408163
48751,48766,49853,15,1087,2,36000,1.01379944802
48752,48771,49919,19,1148,2,36000,1.01655052265
48754,48777,49776,23,999,2,36000,1.02302302302
48770,48783,49730,13,947,2,36000,1.01372756072
48786,48792,49734,6,942,2,36000,1.00636942675
48788,48798,49924,10,1126,2,36000,1.00888099467
48804,48810,49855,6,1045,2,36000,1.00574162679
48820,48826,49681,6,855,2,36000,1.00701754386
48836,48842,49902,6,1060,2,36000,1.00566037736
48837,48848,49809,11,961,2,36000,1.01144640999
48854,48860,49900,6,1040,2,36000,1.00576923077
48870,48876,50046,6,1170,2,36000,1.00512820513
48913,48919,49954,6,1035,2,36000,1.00579710145
48929,48935,50091,6,1156,2,36000,1.00519031142
48930,48941,49872,11,931,2,36000,1.01181525242
48932,48946,49945,14,999,2,36000,1.01401401401
48933,48952,49966,19,1014,2,36000,1.01873767258
48950,48958,49843,8,885,2,36000,1.00903954802
48951,48963,50590,12,1627,2,36000,1.0073755378
48967,48974,50025,7,1051,2,36000,1.0066603235
48969,48979,50125,10,1146,2,36000,1.00872600349
49002,49008,50127,6,1119,2,36000,1.00536193029
49003,49014,50064,11,1050,2,36000,1.01047619048
49029,49035,50098,6,1063,2,36000,1.00564440263
49046,49052,49978,6,926,2,36000,1.00647948164
49048,49058,50091,10,1033,2,36000,1.00968054211
49049,49064,50188,15,1124,2,36000,1.01334519573
49066,49072,50191,6,1119,2,36000,1.00536193029
49067,49078,50149,11,1071,2,36000,1.01027077498
49069,49083,50196,14,1113,2,36000,1.01257861635
49070,49089,50275,19,1186,2,36000,1.01602023609
49093,49099,50213,6,1114,2,36000,1.00538599641
49094,49105,50369,11,1264,2,36000,1.00870253165
49111,49117,50220,6,1103,2,36000,1.00543970988
49127,49133,50219,6,1086,2,36000,1.00552486188
49128,49139,50148,11,1009,2,36000,1.01090188305
49145,49151,50169,6,1018,2,36000,1.00589390963
49164,49170,50212,6,1042,2,36000,1.00575815739
49180,49186,50252,6,1066,2,36000,1.00562851782
49181,49192,50245,11,1053,2,36000,1.01044634378
49197,49203,50222,6,1019,2,36000,1.00588812561
49214,49220,50377,6,1157,2,36000,1.00518582541
49215,49226,50251,11,1025,2,36000,1.01073170732
49217,49232,50277,15,1045,2,36000,1.01435406699
49218,49237,50484,19,1247,2,36000,1.01523656776
49235,49243,50351,8,1108,2,36000,1.00722021661
49237,49249,50230,12,981,2,36000,1.0122324159
49238,49255,50399,17,1144,2,36000,1.01486013986
49255,49261,50327,6,1066,2,36000,1.00562851782
49256,49267,50225,11,958,2,36000,1.0114822547
49272,49279,50417,7,1138,2,36000,1.00615114236
49274,49285,50313,11,1028,2,36000,1.01070038911
49275,49290,50363,15,1073,2,36000,1.01397949674
49292,49298,50657,6,1359,2,36000,1.00441501104
49293,49304,50355,11,1051,2,36000,1.01046622265
49295,49309,50367,14,1058,2,36000,1.01323251418
49311,49317,50411,6,1094,2,36000,1.00548446069
49327,49333,50486,6,1153,2,36000,1.00520381613
49329,49339,50464,10,1125,2,36000,1.00888888889
49330,49345,50449,15,1104,2,36000,1.01358695652
49331,49350,50390,19,1040,2,36000,1.01826923077
49348,49356,50333,8,977,2,36000,1.00818833163
49350,49361,50487,11,1126,2,36000,1.00976909414
49351,49367,50392,16,1025,2,36000,1.0156097561
49352,49373,50507,21,1134,2,36000,1.01851851852
49354,49378,50502,24,1124,2,36000,1.02135231317
49372,49384,50496,12,1112,2,36000,1.01079136691
49374,49389,50373,15,984,2,36000,1.01524390244
49375,49395,50458,20,1063,2,36000,1.01881467545
49376,49400,50384,24,984,2,36000,1.0243902439
49378,49405,50749,27,1344,2,36000,1.02008928571
49395,49411,50478,16,1067,2,36000,1.01499531396
49396,49417,50469,21,1052,2,36000,1.01996197719
49397,49422,50574,25,1152,2,36000,1.02170138889
49399,49427,50567,28,1140,2,36000,1.02456140351
49416,49433,50609,17,1176,2,36000,1.01445578231
49417,49439,50497,22,1058,2,36000,1.02079395085
49418,49444,50416,26,972,2,36000,1.02674897119
49436,49450,50704,14,1254,2,36000,1.01116427432
49437,49455,50488,18,1033,2,36000,1.0174249758
49438,49461,50572,23,1111,2,36000,1.02070207021
49454,49467,50582,13,1115,2,36000,1.01165919283
49456,49472,50631,16,1159,2,36000,1.01380500431
49472,49479,50553,7,1074,2,36000,1.00651769088
49474,49484,50480,10,996,2,36000,1.01004016064
49475,49491,50658,16,1167,2,36000,1.01371036847
49492,49498,50437,6,939,2,36000,1.00638977636
49493,49504,50830,11,1326,2,36000,1.00829562594
49511,49517,50472,6,955,2,36000,1.00628272251
49513,49523,50591,10,1068,2,36000,1.00936329588
49514,49528,50697,14,1169,2,36000,1.0119760479
49515,49534,50662,19,1128,2,36000,1.01684397163
49534,49540,50597,6,1057,2,36000,1.00567644276
49536,49547,50706,11,1159,2,36000,1.00949094047
49537,49552,50735,15,1183,2,36000,1.01267962806
49538,49557,50556,19,999,2,36000,1.01901901902
49540,49563,50700,23,1137,2,36000,1.02022867194
49556,49569,50556,13,987,2,36000,1.01317122594
49573,49579,51152,6,1573,2,36000,1.00381436745
49574,49585,50717,11,1132,2,36000,1.00971731449
49591,49598,50511,7,913,2,36000,1.00766703176
49593,49604,50636,11,1032,2,36000,1.01065891473
49610,49616,50623,6,1007,2,36000,1.00595829196
49611,49622,50620,11,998,2,36000,1.01102204409
49613,49627,50649,14,1022,2,36000,1.01369863014
49614,49633,50715,19,1082,2,36000,1.01756007394
49615,49638,50649,23,1011,2,36000,1.02274975272
49646,49652,50591,6,939,2,36000,1.00638977636
49663,49669,50696,6,1027,2,36000,1.00584225901
49679,49685,50932,6,1247,2,36000,1.00481154771
49697,49703,50889,6,1186,2,36000,1.00505902192
49698,49709,50779,11,1070,2,36000,1.01028037383
49715,49721,50816,6,1095,2,36000,1.00547945205
49717,49727,50719,10,992,2,36000,1.01008064516
49718,49732,50881,14,1149,2,36000,1.01218450827
49735,49741,50889,6,1148,2,36000,1.00522648084
49736,49747,50958,11,1211,2,36000,1.00908340215
49738,49752,50845,14,1093,2,36000,1.01280878317
49739,49758,50889,19,1131,2,36000,1.01679929266
49760,49766,50889,6,1123,2,36000,1.0053428317
49776,49782,50816,6,1034,2,36000,1.00580270793
49808,49815,51333,7,1518,2,36000,1.0046113307
49825,49831,50988,6,1157,2,36000,1.00518582541
49826,49837,50942,11,1105,2,36000,1.00995475113
49827,49842,51029,15,1187,2,36000,1.01263689975
49844,49850,50820,6,970,2,36000,1.00618556701
49846,49856,50937,10,1081,2,36000,1.0092506938
49847,49861,50910,14,1049,2,36000,1.01334604385
49864,49870,50929,6,1059,2,36000,1.00566572238
49865,49876,51028,11,1152,2,36000,1.00954861111
49867,49881,50986,14,1105,2,36000,1.01266968326
49868,49886,51054,18,1168,2,36000,1.0154109589
49885,49892,51055,7,1163,2,36000,1.0060189166
49886,49897,51033,11,1136,2,36000,1.00968309859
49902,49908,50908,6,1000,2,36000,1.006
49904,49914,50911,10,997,2,36000,1.01003009027
49921,49927,51484,6,1557,2,36000,1.00385356455
49937,49943,51109,6,1166,2,36000,1.0051457976
49954,49960,50953,6,993,2,36000,1.00604229607
49955,49966,51197,11,1231,2,36000,1.00893582453
49972,49978,50923,6,945,2,36000,1.00634920635
49989,49995,51126,6,1131,2,36000,1.00530503979
50027,50033,51074,6,1041,2,36000,1.00576368876
50050,50056,51304,6,1248,2,36000,1.00480769231
50067,50073,51307,6,1234,2,36000,1.00486223663
50094,50100,51126,6,1026,2,36000,1.00584795322
50095,50106,51276,11,1170,2,36000,1.0094017094
50112,50118,51174,6,1056,2,36000,1.00568181818
50129,50135,51212,6,1077,2,36000,1.00557103064
50131,50141,50991,10,850,2,36000,1.01176470588
50150,50157,51159,7,1002,2,36000,1.00698602794
50152,50162,51243,10,1081,2,36000,1.0092506938
50172,50178,51273,6,1095,2,36000,1.00547945205
50192,50198,51159,6,961,2,36000,1.00624349636
50193,50204,51260,11,1056,2,36000,1.01041666667
50212,50218,51828,6,1610,2,36000,1.00372670807
50230,50236,51310,6,1074,2,36000,1.00558659218
50231,50242,51266,11,1024,2,36000,1.0107421875
50232,50247,51335,15,1088,2,36000,1.01378676471
50234,50252,51269,18,1017,2,36000,1.01769911504
50235,50258,51240,23,982,2,36000,1.02342158859
50236,50263,51313,27,1050,2,36000,1.02571428571
50237,50269,51474,32,1205,2,36000,1.0265560166
50257,50275,51353,18,1078,2,36000,1.01669758813
50259,50280,51372,21,1092,2,36000,1.01923076923
50260,50285,51208,25,923,2,36000,1.02708559047
50276,50291,51269,15,978,2,36000,1.01533742331
50278,50296,51544,18,1248,2,36000,1.01442307692
50316,50322,51424,6,1102,2,36000,1.0054446461
50334,50340,51408,6,1068,2,36000,1.00561797753
50335,50346,51320,11,974,2,36000,1.0112936345
50353,50359,51539,6,1180,2,36000,1.00508474576
50369,50376,51520,7,1144,2,36000,1.00611888112
50371,50382,51364,11,982,2,36000,1.01120162933
50372,50387,51418,15,1031,2,36000,1.01454898157
50373,50393,51544,20,1151,2,36000,1.01737619461
50391,50399,51471,8,1072,2,36000,1.00746268657
50392,50404,51303,12,899,2,36000,1.01334816463
50393,50410,51528,17,1118,2,36000,1.01520572451
50395,50416,51527,21,1111,2,36000,1.01890189019
50412,50422,51587,10,1165,2,36000,1.00858369099
50413,50427,51503,14,1076,2,36000,1.01301115242
50415,50433,51398,18,965,2,36000,1.01865284974
50432,50439,51460,7,1021,2,36000,1.00685602351
50433,50444,51522,11,1078,2,36000,1.01020408163
50452,50458,51472,6,1014,2,36000,1.00591715976
50453,50464,51558,11,1094,2,36000,1.01005484461
50470,50476,51629,6,1153,2,36000,1.00520381613
50471,50482,51635,11,1153,2,36000,1.00954032958
50473,50487,51573,14,1086,2,36000,1.01289134438
50491,50497,51681,6,1184,2,36000,1.00506756757
50492,50503,51530,11,1027,2,36000,1.01071080818
50493,50508,51492,15,984,2,36000,1.01524390244
50495,50514,51535,19,1021,2,36000,1.01860920666
50496,50519,51536,23,1017,2,36000,1.02261553589
50497,50524,51655,27,1131,2,36000,1.02387267905
50499,50530,51649,31,1119,2,36000,1.02770330652
50518,50535,51548,17,1013,2,36000,1.01678183613
50519,50541,51670,22,1129,2,36000,1.01948627104
50520,50546,51660,26,1114,2,36000,1.02333931777
50522,50551,51732,29,1181,2,36000,1.02455546147
50523,50556,51601,33,1045,2,36000,1.03157894737
50555,50562,51592,7,1030,2,36000,1.0067961165
50573,50578,51642,5,1064,2,36000,1.00469924812
50574,50584,51598,10,1014,2,36000,1.00986193294
50575,50589,51592,14,1003,2,36000,1.01395812562
50576,50594,51406,18,812,2,36000,1.02216748768
50594,50601,51589,7,988,2,36000,1.00708502024
50596,50607,51609,11,1002,2,36000,1.01097804391
50597,50613,51735,16,1122,2,36000,1.01426024955
50598,50618,51620,20,1002,2,36000,1.01996007984
50600,50623,51699,23,1076,2,36000,1.02137546468
50616,50629,51843,13,1214,2,36000,1.01070840198
50617,50635,51694,18,1059,2,36000,1.01699716714
50634,50641,51721,7,1080,2,36000,1.00648148148
50635,50646,51740,11,1094,2,36000,1.01005484461
50637,50652,51715,15,1063,2,36000,1.01411100659
50653,50659,51709,6,1050,2,36000,1.00571428571
50655,50665,51720,10,1055,2,36000,1.00947867299
50656,50670,51667,14,997,2,36000,1.01404212638
50673,50679,51685,6,1006,2,36000,1.00596421471
50674,50685,51759,11,1074,2,36000,1.01024208566
50675,50690,51722,15,1032,2,36000,1.01453488372
50698,50704,51785,6,1081,2,36000,1.00555041628
50699,50710,51800,11,1090,2,36000,1.01009174312
50716,50722,51821,6,1099,2,36000,1.00545950864
50717,50728,51789,11,1061,2,36000,1.01036757776
50719,50733,51710,14,977,2,36000,1.01432958035
50720,50739,51873,19,1134,2,36000,1.01675485009
50721,50744,51676,23,932,2,36000,1.02467811159
50739,50750,51791,11,1041,2,36000,1.01056676273
50740,50755,51897,15,1142,2,36000,1.01313485114
50756,50762,51796,6,1034,2,36000,1.00580270793
50782,50788,51914,6,1126,2,36000,1.0053285968
50817,50823,51806,6,983,2,36000,1.00610376399
50819,50829,51952,10,1123,2,36000,1.0089047195
50835,50841,51813,6,972,2,36000,1.00617283951
50836,50847,51903,11,1056,2,36000,1.01041666667
50853,50859,52012,6,1153,2,36000,1.00520381613
50885,50891,51883,6,992,2,36000,1.0060483871
50902,50908,51986,6,1078,2,36000,1.00556586271
50903,50914,51843,11,929,2,36000,1.01184068891
50905,50919,52096,14,1177,2,36000,1.01189464741
50906,50925,51989,19,1064,2,36000,1.01785714286
50923,50931,52065,8,1134,2,36000,1.00705467372
50924,50937,51910,13,973,2,36000,1.01336073998
50926,50942,51946,16,1004,2,36000,1.01593625498
50927,50948,52032,21,1084,2,36000,1.01937269373
50944,50954,51963,10,1009,2,36000,1.00991080278
50946,50959,52046,13,1087,2,36000,1.01195952162
50947,50964,52088,17,1124,2,36000,1.01512455516
50948,50969,52014,21,1045,2,36000,1.02009569378
50965,50976,52111,11,1135,2,36000,1.00969162996
50966,50981,52053,15,1072,2,36000,1.01399253731
50989,50995,52136,6,1141,2,36000,1.00525854514
50991,51001,51962,10,961,2,36000,1.01040582726
51007,51013,52291,6,1278,2,36000,1.00469483568
51029,51035,52179,6,1144,2,36000,1.00524475524
51030,51041,52061,11,1020,2,36000,1.01078431373
51047,51053,52282,6,1229,2,36000,1.0048820179
51064,51070,52095,6,1025,2,36000,1.00585365854
51065,51076,52260,11,1184,2,36000,1.00929054054
51082,51088,52265,6,1177,2,36000,1.00509770603
51112,51119,52279,7,1160,2,36000,1.00603448276
51129,51135,52046,6,911,2,36000,1.00658616905
51130,51141,52228,11,1087,2,36000,1.01011959522
51157,51163,52343,6,1180,2,36000,1.00508474576
51173,51179,52358,6,1179,2,36000,1.00508905852
51174,51185,52162,11,977,2,36000,1.01125895599
51190,51196,52120,6,924,2,36000,1.00649350649
51207,51213,52253,6,1040,2,36000,1.00576923077
51223,51229,52109,6,880,2,36000,1.00681818182
51225,51235,52420,10,1185,2,36000,1.00843881857
51241,51247,52336,6,1089,2,36000,1.00550964187
51257,51263,52501,6,1238,2,36000,1.00484652666
51274,51280,52294,6,1014,2,36000,1.00591715976
51275,51286,52358,11,1072,2,36000,1.01026119403
51277,51291,52414,14,1123,2,36000,1.0124666073
51278,51297,52476,19,1179,2,36000,1.01611535199
51279,51302,52354,23,1052,2,36000,1.02186311787
51296,51308,52238,12,930,2,36000,1.01290322581
51313,51319,52442,6,1123,2,36000,1.0053428317
51314,51325,52339,11,1014,2,36000,1.01084812623
51316,51331,52367,15,1036,2,36000,1.01447876448
51317,51336,52406,19,1070,2,36000,1.01775700935
51318,51341,52569,23,1228,2,36000,1.01872964169
51336,51347,52444,11,1097,2,36000,1.01002734731
51337,51352,52531,15,1179,2,36000,1.01272264631
51338,51358,52539,20,1181,2,36000,1.01693480102
51355,51364,52272,9,908,2,36000,1.00991189427
51372,51378,52423,6,1045,2,36000,1.00574162679
51373,51384,52404,11,1020,2,36000,1.01078431373
51402,51408,52516,6,1108,2,36000,1.00541516245
51418,51425,52474,7,1049,2,36000,1.00667302193
51420,51431,52474,11,1043,2,36000,1.01054650048
51421,51436,52424,15,988,2,36000,1.01518218623
51437,51443,52590,6,1147,2,36000,1.00523103749
51463,51469,52559,6,1090,2,36000,1.00550458716
51480,51486,53036,6,1550,2,36000,1.00387096774
51481,51492,52556,11,1064,2,36000,1.01033834586
51482,51497,52548,15,1051,2,36000,1.01427212179
51499,51505,52531,6,1026,2,36000,1.00584795322
51500,51511,52445,11,934,2,36000,1.01177730193
51517,51523,52660,6,1137,2,36000,1.00527704485
51534,51540,52616,6,1076,2,36000,1.00557620818
51535,51546,52565,11,1019,2,36000,1.01079489696
51537,51551,52581,14,1030,2,36000,1.01359223301
51538,51557,52774,19,1217,2,36000,1.01561216105
51539,51562,52562,23,1000,2,36000,1.023
51557,51568,52809,11,1241,2,36000,1.0088638195
51558,51573,52776,15,1203,2,36000,1.01246882793
51560,51579,52531,19,952,2,36000,1.01995798319
51561,51584,52613,23,1029,2,36000,1.02235179786
51562,51589,52592,27,1003,2,36000,1.02691924227
51563,51595,52884,32,1289,2,36000,1.02482544608
51580,51600,52579,20,979,2,36000,1.02042900919
51582,51605,52617,23,1012,2,36000,1.02272727273
51599,51612,52770,13,1158,2,36000,1.01122625216
51601,51617,52620,16,1003,2,36000,1.01595214357
51602,51622,52619,20,997,2,36000,1.02006018054
51603,51627,52756,24,1129,2,36000,1.02125775022
51604,51632,52810,28,1178,2,36000,1.02376910017
51621,51639,52699,18,1060,2,36000,1.01698113208
51622,51644,52857,22,1213,2,36000,1.01813685078
51624,51649,52734,25,1085,2,36000,1.02304147465
51640,51656,52775,16,1119,2,36000,1.01429848079
51641,51661,52807,20,1146,2,36000,1.01745200698
51658,51668,52741,10,1073,2,36000,1.00931966449
51659,51673,52903,14,1230,2,36000,1.01138211382
51661,51678,52644,17,966,2,36000,1.01759834369
51678,51685,52589,7,904,2,36000,1.00774336283
51679,51690,52546,11,856,2,36000,1.01285046729
51680,51696,53028,16,1332,2,36000,1.01201201201
51682,51702,52861,20,1159,2,36000,1.01725625539
51699,51708,52846,9,1138,2,36000,1.0079086116
51700,51713,52840,13,1127,2,36000,1.0115350488
51701,51719,52839,18,1120,2,36000,1.01607142857
51720,51726,52708,6,982,2,36000,1.00610997963
51722,51732,52734,10,1002,2,36000,1.00998003992
51723,51737,52921,14,1184,2,36000,1.01182432432
51724,51743,52815,19,1072,2,36000,1.0177238806
51726,51748,52872,22,1124,2,36000,1.01957295374
51727,51754,52910,27,1156,2,36000,1.02335640138
51745,51759,52894,14,1135,2,36000,1.01233480176
51746,51765,52932,19,1167,2,36000,1.01628106255
51748,51770,52990,22,1220,2,36000,1.01803278689
51749,51776,53071,27,1295,2,36000,1.02084942085
51765,51781,52813,16,1032,2,36000,1.01550387597
51788,51794,53038,6,1244,2,36000,1.00482315113
51805,51811,52965,6,1154,2,36000,1.00519930676
51806,51817,52859,11,1042,2,36000,1.01055662188
51807,51822,52916,15,1094,2,36000,1.01371115174
51809,51828,52990,19,1162,2,36000,1.01635111876
51825,51834,52779,9,945,2,36000,1.00952380952
51826,51839,52902,13,1063,2,36000,1.01222953904
51827,51845,52878,18,1033,2,36000,1.0174249758
51845,51850,52980,5,1130,2,36000,1.00442477876
51846,51856,52827,10,971,2,36000,1.01029866117
51847,51861,53049,14,1188,2,36000,1.01178451178
51876,51883,53182,7,1299,2,36000,1.00538876059
51893,51899,53065,6,1166,2,36000,1.0051457976
51910,51916,52907,6,991,2,36000,1.00605449041
51911,51922,53096,11,1174,2,36000,1.00936967632
51912,51927,52935,15,1008,2,36000,1.01488095238
51929,51935,52939,6,1004,2,36000,1.00597609562
51948,51955,52886,7,931,2,36000,1.00751879699
51966,51972,53000,6,1028,2,36000,1.00583657588
51967,51978,52960,11,982,2,36000,1.01120162933
51968,51983,53207,15,1224,2,36000,1.01225490196
51988,51994,52977,6,983,2,36000,1.00610376399
52004,52010,52992,6,982,2,36000,1.00610997963
52021,52027,52970,6,943,2,36000,1.00636267232
52022,52033,53054,11,1021,2,36000,1.01077375122
52039,52044,53081,5,1037,2,36000,1.00482160077
52055,52061,52946,6,885,2,36000,1.00677966102
52056,52067,53021,11,954,2,36000,1.01153039832
52058,52072,53259,14,1187,2,36000,1.01179443976
52074,52080,53085,6,1005,2,36000,1.00597014925
52076,52086,53081,10,995,2,36000,1.01005025126
52092,52098,53119,6,1021,2,36000,1.00587659158
52109,52115,53114,6,999,2,36000,1.00600600601
52110,52121,53091,11,970,2,36000,1.01134020619
52111,52126,53337,15,1211,2,36000,1.01238645747
52113,52132,53368,19,1236,2,36000,1.01537216828
52129,52138,53248,9,1110,2,36000,1.00810810811
52145,52152,53219,7,1067,2,36000,1.00656044986
52165,52171,53126,6,955,2,36000,1.00628272251
52181,52187,53292,6,1105,2,36000,1.00542986425
52232,52238,53399,6,1161,2,36000,1.00516795866
52248,52254,53243,6,989,2,36000,1.00606673407
52264,52270,53145,6,875,2,36000,1.00685714286
52266,52276,53328,10,1052,2,36000,1.00950570342
52283,52289,53315,6,1026,2,36000,1.00584795322
52284,52295,53407,11,1112,2,36000,1.00989208633
52285,52300,54150,15,1850,2,36000,1.00810810811
52287,52306,53400,19,1094,2,36000,1.01736745887
52303,52312,53377,9,1065,2,36000,1.00845070423
52305,52317,53439,12,1122,2,36000,1.01069518717
52340,52346,53396,6,1050,2,36000,1.00571428571
52341,52352,53464,11,1112,2,36000,1.00989208633
52358,52364,53295,6,931,2,36000,1.00644468314
52359,52370,53345,11,975,2,36000,1.01128205128
52361,52375,53491,14,1116,2,36000,1.01254480287
52362,52381,53408,19,1027,2,36000,1.01850048685
52379,52387,53596,8,1209,2,36000,1.00661703888
52408,52415,53437,7,1022,2,36000,1.00684931507
52410,52420,53464,10,1044,2,36000,1.00957854406
52427,52433,53553,6,1120,2,36000,1.00535714286
52428,52439,53403,11,964,2,36000,1.01141078838
52429,52444,53617,15,1173,2,36000,1.01278772379
52431,52450,53494,19,1044,2,36000,1.01819923372
52448,52456,53640,8,1184,2,36000,1.00675675676
52449,52461,53464,12,1003,2,36000,1.01196410768
52450,52466,53441,16,975,2,36000,1.01641025641
52476,52482,53624,6,1142,2,36000,1.00525394046
52477,52488,53671,11,1183,2,36000,1.00929839391
52478,52494,53583,16,1089,2,36000,1.01469237833
52505,52511,53532,6,1021,2,36000,1.00587659158
52521,52527,53649,6,1122,2,36000,1.00534759358
52538,52543,53602,5,1059,2,36000,1.00472143532
52539,52549,53595,10,1046,2,36000,1.00956022945
52540,52554,53772,14,1218,2,36000,1.01149425287
52558,52564,53537,6,973,2,36000,1.00616649538
52560,52570,53667,10,1097,2,36000,1.00911577028
52561,52575,53588,14,1013,2,36000,1.01382033564
52562,52580,53600,18,1020,2,36000,1.01764705882
52564,52586,53686,22,1100,2,36000,1.02
52582,52592,53569,10,977,2,36000,1.01023541453
52584,52597,53682,13,1085,2,36000,1.01198156682
52585,52603,53705,18,1102,2,36000,1.01633393829
52586,52608,53560,22,952,2,36000,1.0231092437
52587,52614,53671,27,1057,2,36000,1.02554399243
52606,52619,53715,13,1096,2,36000,1.01186131387
52608,52624,53635,16,1011,2,36000,1.01582591494
52609,52630,53660,21,1030,2,36000,1.02038834951
52627,52636,53699,9,1063,2,36000,1.00846660395
52628,52641,53786,13,1145,2,36000,1.01135371179
52629,52647,53644,18,997,2,36000,1.01805416249
52631,52652,53839,21,1187,2,36000,1.01769165965
52632,52658,53651,26,993,2,36000,1.02618328298
52648,52663,53787,15,1124,2,36000,1.01334519573
52664,52671,53740,7,1069,2,36000,1.00654817587
52703,52709,53720,6,1011,2,36000,1.0059347181
52719,52725,53747,6,1022,2,36000,1.00587084149
52736,52742,53774,6,1032,2,36000,1.00581395349
52737,52748,53807,11,1059,2,36000,1.0103871577
52753,52759,53782,6,1023,2,36000,1.00586510264
52770,52776,53912,6,1136,2,36000,1.00528169014
52771,52782,53918,11,1136,2,36000,1.00968309859
52788,52794,53896,6,1102,2,36000,1.0054446461
52789,52800,53761,11,961,2,36000,1.01144640999
52790,52805,53863,15,1058,2,36000,1.01417769376
52792,52811,53835,19,1024,2,36000,1.0185546875
52808,52817,53835,9,1018,2,36000,1.00884086444
52826,52832,53799,6,967,2,36000,1.00620475698
52827,52838,53896,11,1058,2,36000,1.01039697543
52828,52843,53735,15,892,2,36000,1.0168161435
52830,52849,54065,19,1216,2,36000,1.015625
52831,52854,53789,23,935,2,36000,1.02459893048
52848,52860,53824,12,964,2,36000,1.01244813278
52850,52866,53954,16,1088,2,36000,1.01470588235
52851,52871,53929,20,1058,2,36000,1.01890359168
52867,52877,53943,10,1066,2,36000,1.00938086304
52869,52883,53904,14,1021,2,36000,1.01371204701
52870,52888,54026,18,1138,2,36000,1.0158172232
52887,52894,53969,7,1075,2,36000,1.00651162791
52889,52899,54098,10,1199,2,36000,1.00834028357
52890,52905,53906,15,1001,2,36000,1.01498501499
52891,52910,53978,19,1068,2,36000,1.01779026217
52908,52916,53899,8,983,2,36000,1.00813835198
52910,52922,53881,12,959,2,36000,1.01251303441
52911,52928,54056,17,1128,2,36000,1.01507092199
52912,52934,54002,22,1068,2,36000,1.02059925094
52914,52939,54723,25,1784,2,36000,1.01401345291
52931,52945,53881,14,936,2,36000,1.01495726496
52932,52950,54052,18,1102,2,36000,1.01633393829
52950,52957,53982,7,1025,2,36000,1.00682926829
52951,52962,54099,11,1137,2,36000,1.00967458223
52953,52968,53976,15,1008,2,36000,1.01488095238
52954,52973,54004,19,1031,2,36000,1.01842870999
52971,52979,54112,8,1133,2,36000,1.00706090026
52972,52984,53965,12,981,2,36000,1.0122324159
52974,52990,53997,16,1007,2,36000,1.01588877855
52991,52997,54003,6,1006,2,36000,1.00596421471
52992,53003,53961,11,958,2,36000,1.0114822547
52994,53008,54101,14,1093,2,36000,1.01280878317
52995,53014,53993,19,979,2,36000,1.01940755873
53012,53020,54221,8,1201,2,36000,1.00666111574
53013,53025,54286,12,1261,2,36000,1.00951625694
53030,53036,54161,6,1125,2,36000,1.00533333333
53031,53042,54139,11,1097,2,36000,1.01002734731
53048,53054,54016,6,962,2,36000,1.00623700624
53049,53060,54111,11,1051,2,36000,1.01046622265
53051,53065,54289,14,1224,2,36000,1.0114379085
53067,53074,54129,7,1055,2,36000,1.00663507109
53069,53079,54102,10,1023,2,36000,1.00977517107
53086,53092,54150,6,1058,2,36000,1.0056710775
53087,53098,54310,11,1212,2,36000,1.00907590759
53089,53103,54264,14,1161,2,36000,1.0120585702
53090,53109,54177,19,1068,2,36000,1.01779026217
53107,53115,54295,8,1180,2,36000,1.00677966102
53108,53121,54145,13,1024,2,36000,1.0126953125
53124,53130,54250,6,1120,2,36000,1.00535714286
53126,53136,54133,10,997,2,36000,1.01003009027
53142,53148,54150,6,1002,2,36000,1.00598802395
53160,53166,54408,6,1242,2,36000,1.00483091787
53185,53191,54206,6,1015,2,36000,1.00591133005
53211,53217,54537,6,1320,2,36000,1.00454545455
53227,53234,54289,7,1055,2,36000,1.00663507109
53249,53255,54357,6,1102,2,36000,1.0054446461
53250,53261,54294,11,1033,2,36000,1.01064859632
53267,53273,54298,6,1025,2,36000,1.00585365854
53293,53299,54305,6,1006,2,36000,1.00596421471
53309,53315,54338,6,1023,2,36000,1.00586510264
53325,53332,54356,7,1024,2,36000,1.0068359375
53342,53348,54404,6,1056,2,36000,1.00568181818
53343,53354,54408,11,1054,2,36000,1.01043643264
53360,53366,54400,6,1034,2,36000,1.00580270793
53376,53382,54397,6,1015,2,36000,1.00591133005
53392,53399,54532,7,1133,2,36000,1.00617828773
53410,53417,54539,7,1122,2,36000,1.00623885918
53412,53423,54431,11,1008,2,36000,1.01091269841
53413,53428,54409,15,981,2,36000,1.01529051988
53414,53433,54583,19,1150,2,36000,1.01652173913
53416,53439,54588,23,1149,2,36000,1.02001740644
53417,53444,54664,27,1220,2,36000,1.02213114754
53440,53450,54374,10,924,2,36000,1.01082251082
53441,53455,54572,14,1117,2,36000,1.01253357207
53458,53464,54550,6,1086,2,36000,1.00552486188
53475,53481,54559,6,1078,2,36000,1.00556586271
53476,53487,54614,11,1127,2,36000,1.00976042591
53477,53492,54567,15,1075,2,36000,1.01395348837
53494,53500,54608,6,1108,2,36000,1.00541516245
53495,53506,54571,11,1065,2,36000,1.0103286385
53537,53543,54643,6,1100,2,36000,1.00545454545
53538,53549,54630,11,1081,2,36000,1.01017576318
53555,53561,54718,6,1157,2,36000,1.00518582541
53571,53577,54496,6,919,2,36000,1.00652883569
53573,53583,54654,10,1071,2,36000,1.00933706816
53589,53595,54710,6,1115,2,36000,1.00538116592
53591,53601,54673,10,1072,2,36000,1.00932835821
53608,53613,54629,5,1016,2,36000,1.00492125984
53609,53619,54569,10,950,2,36000,1.01052631579
53610,53624,54708,14,1084,2,36000,1.01291512915
53611,53630,54843,19,1213,2,36000,1.01566364386
53628,53635,54864,7,1229,2,36000,1.00569568755
53630,53641,54579,11,938,2,36000,1.01172707889
53647,53653,54711,6,1058,2,36000,1.0056710775
53648,53659,54551,11,892,2,36000,1.01233183857
53650,53664,54807,14,1143,2,36000,1.01224846894
53667,53672,54697,5,1025,2,36000,1.00487804878
53668,53678,54783,10,1105,2,36000,1.00904977376
53669,53683,54867,14,1184,2,36000,1.01182432432
53671,53689,54802,18,1113,2,36000,1.01617250674
53689,53695,54586,6,891,2,36000,1.00673400673
53690,53701,54724,11,1023,2,36000,1.01075268817
53691,53706,54793,15,1087,2,36000,1.01379944802
53693,53712,54863,19,1151,2,36000,1.01650738488
53709,53718,54847,9,1129,2,36000,1.00797165633
53710,53724,54719,14,995,2,36000,1.01407035176
53727,53733,54752,6,1019,2,36000,1.00588812561
53728,53739,54709,11,970,2,36000,1.01134020619
53745,53751,54818,6,1067,2,36000,1.00562324274
53746,53757,54740,11,983,2,36000,1.01119023398
53762,53769,54838,7,1069,2,36000,1.00654817587
53764,53775,54866,11,1091,2,36000,1.01008249313
53780,53786,54782,6,996,2,36000,1.00602409639
53782,53792,55113,10,1321,2,36000,1.00757002271
53799,53805,54810,6,1005,2,36000,1.00597014925
53801,53811,54777,10,966,2,36000,1.01035196687
53802,53816,55554,14,1738,2,36000,1.0080552359
53803,53822,54827,19,1005,2,36000,1.01890547264
53805,53827,54978,22,1151,2,36000,1.01911381407
53822,53833,54947,11,1114,2,36000,1.00987432675
53838,53844,54963,6,1119,2,36000,1.00536193029
53839,53850,55096,11,1246,2,36000,1.0088282504
53841,53856,54757,15,901,2,36000,1.0166481687
53842,53861,54928,19,1067,2,36000,1.01780693533
53866,53872,54848,6,976,2,36000,1.00614754098
53886,53891,54867,5,976,2,36000,1.00512295082
53887,53898,54918,11,1020,2,36000,1.01078431373
53904,53910,55014,6,1104,2,36000,1.00543478261
53906,53916,55145,10,1229,2,36000,1.0081366965
53907,53921,55267,14,1346,2,36000,1.01040118871
53908,53926,54942,18,1016,2,36000,1.01771653543
53926,53933,55072,7,1139,2,36000,1.00614574188
53927,53938,55114,11,1176,2,36000,1.0093537415
53928,53944,55090,16,1146,2,36000,1.01396160558
53945,53951,55011,6,1060,2,36000,1.00566037736
53947,53957,55080,10,1123,2,36000,1.0089047195
53963,53970,55046,7,1076,2,36000,1.00650557621
53965,53976,55051,11,1075,2,36000,1.01023255814
53982,53988,54954,6,966,2,36000,1.00621118012
53983,53994,55056,11,1062,2,36000,1.01035781544
53985,54000,55067,15,1067,2,36000,1.01405810684
53986,54005,55041,19,1036,2,36000,1.01833976834
53987,54010,54904,23,894,2,36000,1.02572706935
54006,54016,55129,10,1113,2,36000,1.00898472597
54007,54021,55100,14,1079,2,36000,1.01297497683
54008,54027,55433,19,1406,2,36000,1.01351351351
54010,54032,55115,22,1083,2,36000,1.02031394275
54011,54038,55048,27,1010,2,36000,1.02673267327
54028,54043,55272,15,1229,2,36000,1.01220504475
54030,54049,55084,19,1035,2,36000,1.01835748792
54056,54062,55167,6,1105,2,36000,1.00542986425
54057,54068,55160,11,1092,2,36000,1.01007326007
54073,54079,55336,6,1257,2,36000,1.00477326969
54099,54105,55313,6,1208,2,36000,1.00496688742
54101,54111,55216,10,1105,2,36000,1.00904977376
54118,54124,55147,6,1023,2,36000,1.00586510264
54119,54130,55336,11,1206,2,36000,1.00912106136
54121,54135,55166,14,1031,2,36000,1.01357904947
54122,54140,55208,18,1068,2,36000,1.01685393258
54139,54147,55311,8,1164,2,36000,1.00687285223
54140,54153,55074,13,921,2,36000,1.01411509229
54157,54163,55329,6,1166,2,36000,1.0051457976
54159,54169,55298,10,1129,2,36000,1.00885739593
54160,54174,55400,14,1226,2,36000,1.01141924959
54161,54179,55148,18,969,2,36000,1.01857585139
54162,54185,55312,23,1127,2,36000,1.02040816327
54180,54191,55816,11,1625,2,36000,1.00676923077
54181,54196,55227,15,1031,2,36000,1.01454898157
54207,54213,55142,6,929,2,36000,1.00645855759
54223,54229,55319,6,1090,2,36000,1.00550458716
54252,54258,55283,6,1025,2,36000,1.00585365854
54268,54274,55417,6,1143,2,36000,1.00524934383
54287,54294,55490,7,1196,2,36000,1.00585284281
54304,54310,55495,6,1185,2,36000,1.00506329114
54305,54316,55325,11,1009,2,36000,1.01090188305
54307,54321,55371,14,1050,2,36000,1.01333333333
54308,54326,55369,18,1043,2,36000,1.01725790988
54309,54332,55476,23,1144,2,36000,1.0201048951
54311,54338,55443,27,1105,2,36000,1.02443438914
54327,54343,55346,16,1003,2,36000,1.01595214357
54344,54349,55569,5,1220,2,36000,1.00409836066
54360,54367,55490,7,1123,2,36000,1.00623330365
54362,54373,55397,11,1024,2,36000,1.0107421875
54378,54384,55356,6,972,2,36000,1.00617283951
54400,54407,55435,7,1028,2,36000,1.00680933852
54402,54412,55672,10,1260,2,36000,1.00793650794
54419,54425,55643,6,1218,2,36000,1.00492610837
54421,54431,55506,10,1075,2,36000,1.00930232558
54422,54436,55472,14,1036,2,36000,1.01351351351
54423,54442,55455,19,1013,2,36000,1.01875616979
54440,54448,55579,8,1131,2,36000,1.00707338638
54499,54505,55550,6,1045,2,36000,1.00574162679
54534,54540,55762,6,1222,2,36000,1.00490998363
54551,54557,55691,6,1134,2,36000,1.00529100529
54552,54563,55453,11,890,2,36000,1.01235955056
54553,54569,55624,16,1055,2,36000,1.01516587678
54571,54577,55711,6,1134,2,36000,1.00529100529
54572,54583,55648,11,1065,2,36000,1.0103286385
54574,54589,55675,15,1086,2,36000,1.0138121547
54575,54594,55813,19,1219,2,36000,1.01558654635
54576,54599,55721,23,1122,2,36000,1.02049910873
54595,54605,55569,10,964,2,36000,1.01037344398
54596,54611,55662,15,1051,2,36000,1.01427212179
54598,54616,55697,18,1081,2,36000,1.01665124884
54599,54621,55750,22,1129,2,36000,1.01948627104
54600,54627,55727,27,1100,2,36000,1.02454545455
54618,54632,55769,14,1137,2,36000,1.01231310466
54619,54638,55668,19,1030,2,36000,1.01844660194
54636,54644,55747,8,1103,2,36000,1.00725294651
54637,54649,55839,12,1190,2,36000,1.01008403361
54654,54660,55724,6,1064,2,36000,1.00563909774
54655,54666,55615,11,949,2,36000,1.01159114858
54671,54677,55725,6,1048,2,36000,1.00572519084
54687,54694,55844,7,1150,2,36000,1.00608695652
54704,54710,55869,6,1159,2,36000,1.00517687662
54721,54727,55938,6,1211,2,36000,1.00495458299
54722,54733,55815,11,1082,2,36000,1.0101663586
54724,54738,55739,14,1001,2,36000,1.01398601399
54725,54744,55820,19,1076,2,36000,1.01765799257
54726,54749,55955,23,1206,2,36000,1.01907131012
54728,54754,55836,26,1082,2,36000,1.02402957486
54744,54760,55929,16,1169,2,36000,1.01368691189
54746,54766,56002,20,1236,2,36000,1.01618122977
54747,54771,55865,24,1094,2,36000,1.02193784278
54764,54777,56030,13,1253,2,36000,1.01037509976
54765,54782,55793,17,1011,2,36000,1.01681503462
54782,54788,55883,6,1095,2,36000,1.00547945205
54783,54794,55880,11,1086,2,36000,1.01012891344
54784,54800,55919,16,1119,2,36000,1.01429848079
54801,54807,55840,6,1033,2,36000,1.00580832527
54817,54824,55893,7,1069,2,36000,1.00654817587
54819,54830,55990,11,1160,2,36000,1.00948275862
54820,54835,55963,15,1128,2,36000,1.01329787234
54837,54844,55954,7,1110,2,36000,1.00630630631
54839,54850,55904,11,1054,2,36000,1.01043643264
54840,54855,55913,15,1058,2,36000,1.01417769376
54858,54864,55966,6,1102,2,36000,1.0054446461
54860,54870,55966,10,1096,2,36000,1.00912408759
54861,54875,56004,14,1129,2,36000,1.0124003543
54880,54886,56022,6,1136,2,36000,1.00528169014
54881,54892,56169,11,1277,2,36000,1.00861393892
54883,54897,56047,14,1150,2,36000,1.01217391304
54884,54902,55937,18,1035,2,36000,1.01739130435
54885,54908,55956,23,1048,2,36000,1.02194656489
54908,54914,56065,6,1151,2,36000,1.00521285838
54924,54930,56169,6,1239,2,36000,1.00484261501
54941,54947,55959,6,1012,2,36000,1.00592885375
54958,54964,56207,6,1243,2,36000,1.00482703138
54959,54970,56008,11,1038,2,36000,1.0105973025
54960,54975,55965,15,990,2,36000,1.01515151515
54977,54983,56196,6,1213,2,36000,1.00494641385
54993,54999,56083,6,1084,2,36000,1.00553505535
55013,55019,56165,6,1146,2,36000,1.00523560209
55029,55035,56438,6,1403,2,36000,1.00427655025
55045,55051,56235,6,1184,2,36000,1.00506756757
55046,55057,56082,11,1025,2,36000,1.01073170732
55064,55070,56120,6,1050,2,36000,1.00571428571
55065,55076,56247,11,1171,2,36000,1.00939368061
55067,55081,56055,14,974,2,36000,1.01437371663
55085,55091,56183,6,1092,2,36000,1.00549450549
55086,55097,56210,11,1113,2,36000,1.00988319856
55088,55102,56221,14,1119,2,36000,1.01251117069
55089,55107,56159,18,1052,2,36000,1.01711026616
55090,55113,56248,23,1135,2,36000,1.02026431718
55107,55119,56075,12,956,2,36000,1.01255230126
55109,55124,56217,15,1093,2,36000,1.01372369625
55110,55130,56146,20,1016,2,36000,1.01968503937
55127,55136,56302,9,1166,2,36000,1.0077186964
55128,55142,56229,14,1087,2,36000,1.01287948482
55129,55147,56152,18,1005,2,36000,1.01791044776
55146,55153,56238,7,1085,2,36000,1.0064516129
55148,55159,56169,11,1010,2,36000,1.01089108911
55149,55165,56172,16,1007,2,36000,1.01588877855
55150,55170,56246,20,1076,2,36000,1.01858736059
55169,55176,56118,7,942,2,36000,1.00743099788
55171,55182,56202,11,1020,2,36000,1.01078431373
55172,55188,56235,16,1047,2,36000,1.0152817574
55173,55193,56542,20,1349,2,36000,1.01482579689
55211,55218,56332,7,1114,2,36000,1.00628366248
55228,55234,56387,6,1153,2,36000,1.00520381613
55230,55240,56429,10,1189,2,36000,1.00841042893
55271,55277,56447,6,1170,2,36000,1.00512820513
55287,55293,56376,6,1083,2,36000,1.0055401662
55288,55299,56386,11,1087,2,36000,1.01011959522
55305,55311,56693,6,1382,2,36000,1.00434153401
55322,55328,56322,6,994,2,36000,1.0060362173
55323,55334,56487,11,1153,2,36000,1.00954032958
55325,55339,56353,14,1014,2,36000,1.01380670611
55326,55345,56369,19,1024,2,36000,1.0185546875
55344,55351,56457,7,1106,2,36000,1.00632911392
55345,55356,56419,11,1063,2,36000,1.0103480715
55346,55362,56366,16,1004,2,36000,1.01593625498
55347,55367,56415,20,1048,2,36000,1.01908396947
55365,55374,56496,9,1122,2,36000,1.00802139037
55366,55379,56333,13,954,2,36000,1.01362683438
55382,55388,56525,6,1137,2,36000,1.00527704485
55384,55394,56453,10,1059,2,36000,1.00944287063
55400,55406,56418,6,1012,2,36000,1.00592885375
55401,55412,56491,11,1079,2,36000,1.01019462465
55421,55427,56542,6,1115,2,36000,1.00538116592
55437,55443,56439,6,996,2,36000,1.00602409639
55439,55449,56391,10,942,2,36000,1.01061571125
55456,55462,56593,6,1131,2,36000,1.00530503979
55457,55468,56536,11,1068,2,36000,1.01029962547
55458,55473,56576,15,1103,2,36000,1.01359927471
55475,55481,56681,6,1200,2,36000,1.005
55492,55498,56489,6,991,2,36000,1.00605449041
55493,55504,56481,11,977,2,36000,1.01125895599
55495,55509,56806,14,1297,2,36000,1.01079414032
55512,55518,56611,6,1093,2,36000,1.0054894785
55513,55524,56599,11,1075,2,36000,1.01023255814
55552,55558,56678,6,1120,2,36000,1.00535714286
55569,55575,56646,6,1071,2,36000,1.0056022409
55570,55581,56742,11,1161,2,36000,1.00947459087
55572,55586,56615,14,1029,2,36000,1.01360544218
55589,55595,56565,6,970,2,36000,1.00618556701
55618,55624,56763,6,1139,2,36000,1.00526777875
55634,55640,56879,6,1239,2,36000,1.00484261501
55650,55657,56837,7,1180,2,36000,1.00593220339
55652,55664,56734,12,1070,2,36000,1.01121495327
55669,55675,56947,6,1272,2,36000,1.00471698113
55670,55681,56586,11,905,2,36000,1.01215469613
55687,55694,56711,7,1017,2,36000,1.00688298918
55689,55700,56962,11,1262,2,36000,1.0087163233
55705,55711,56983,6,1272,2,36000,1.00471698113
55707,55717,56790,10,1073,2,36000,1.00931966449
55723,55730,56707,7,977,2,36000,1.00716479017
55725,55736,56778,11,1042,2,36000,1.01055662188
55726,55742,56775,16,1033,2,36000,1.01548886738
55744,55750,56599,6,849,2,36000,1.00706713781
55745,55756,56917,11,1161,2,36000,1.00947459087
55747,55761,56865,14,1104,2,36000,1.01268115942
55763,55769,56778,6,1009,2,36000,1.00594648167
55764,55775,56795,11,1020,2,36000,1.01078431373
55766,55780,56854,14,1074,2,36000,1.01303538175
55782,55788,56960,6,1172,2,36000,1.00511945392
55799,55804,56904,5,1100,2,36000,1.00454545455
55816,55822,57063,6,1241,2,36000,1.00483481064
55817,55828,56975,11,1147,2,36000,1.0095902354
55818,55833,56812,15,979,2,36000,1.01532175689
55835,55841,57113,6,1272,2,36000,1.00471698113
55852,55859,56947,7,1088,2,36000,1.00643382353
55854,55864,57082,10,1218,2,36000,1.00821018062
55855,55871,56889,16,1018,2,36000,1.01571709234
55856,55876,57023,20,1147,2,36000,1.01743679163
55873,55882,56944,9,1062,2,36000,1.00847457627
55874,55887,56926,13,1039,2,36000,1.0125120308
55890,55897,56976,7,1079,2,36000,1.00648748842
55892,55903,56949,11,1046,2,36000,1.01051625239
55909,55915,56935,6,1020,2,36000,1.00588235294
55910,55921,56995,11,1074,2,36000,1.01024208566
55927,55933,56889,6,956,2,36000,1.00627615063
55928,55939,57001,11,1062,2,36000,1.01035781544
55945,55951,56875,6,924,2,36000,1.00649350649
55946,55957,57061,11,1104,2,36000,1.00996376812
55948,55962,57574,14,1612,2,36000,1.00868486352
55966,55972,57019,6,1047,2,36000,1.00573065903
55967,55978,57006,11,1028,2,36000,1.01070038911
55968,55984,57045,16,1061,2,36000,1.0150801131
55969,55989,56989,20,1000,2,36000,1.02
55971,55994,57117,23,1123,2,36000,1.02048085485
55972,55999,56992,27,993,2,36000,1.02719033233
55973,56005,57039,32,1034,2,36000,1.03094777563
55975,56010,57251,35,1241,2,36000,1.02820306205
55998,56016,57087,18,1071,2,36000,1.01680672269
56015,56022,57005,7,983,2,36000,1.00712105799
56016,56027,57066,11,1039,2,36000,1.01058710298
56017,56033,57011,16,978,2,36000,1.0163599182
56034,56040,57276,6,1236,2,36000,1.00485436893
56036,56046,57039,10,993,2,36000,1.01007049345
56052,56058,57274,6,1216,2,36000,1.00493421053
56069,56075,57153,6,1078,2,36000,1.00556586271
56070,56081,57065,11,984,2,36000,1.01117886179
56087,56093,57106,6,1013,2,36000,1.00592300099
56088,56099,57226,11,1127,2,36000,1.00976042591
56089,56104,57159,15,1055,2,36000,1.01421800948
56122,56128,57273,6,1145,2,36000,1.00524017467
56123,56134,57228,11,1094,2,36000,1.01005484461
56149,56155,57109,6,954,2,36000,1.00628930818
56166,56173,57283,7,1110,2,36000,1.00630630631
56168,56179,57330,11,1151,2,36000,1.00955690704
56169,56184,57254,15,1070,2,36000,1.01401869159
56187,56193,57374,6,1181,2,36000,1.0050804403
56189,56199,57312,10,1113,2,36000,1.00898472597
56190,56204,57275,14,1071,2,36000,1.01307189542
56191,56209,57267,18,1058,2,36000,1.01701323251
56193,56215,57153,22,938,2,36000,1.02345415778
56210,56221,57197,11,976,2,36000,1.0112704918
56211,56226,57369,15,1143,2,36000,1.01312335958
56212,56231,57177,19,946,2,36000,1.0200845666
56214,56236,57275,22,1039,2,36000,1.02117420597
56236,56242,57299,6,1057,2,36000,1.00567644276
56237,56248,57284,11,1036,2,36000,1.01061776062
56238,56254,57429,16,1175,2,36000,1.01361702128
56240,56259,57455,19,1196,2,36000,1.01588628763
56241,56264,57235,23,971,2,36000,1.0236869207
56259,56270,57241,11,971,2,36000,1.01132852729
56260,56276,57374,16,1098,2,36000,1.014571949
56261,56281,57376,20,1095,2,36000,1.01826484018
56263,56286,57361,23,1075,2,36000,1.02139534884
56304,56310,57381,6,1071,2,36000,1.0056022409
56324,56330,57461,6,1131,2,36000,1.00530503979
56340,56346,57362,6,1016,2,36000,1.00590551181
56341,56352,57486,11,1134,2,36000,1.00970017637
56358,56364,57426,6,1062,2,36000,1.00564971751
56375,56381,57457,6,1076,2,36000,1.00557620818
56376,56387,57685,11,1298,2,36000,1.00847457627
56393,56400,57489,7,1089,2,36000,1.00642791552
56395,56406,57450,11,1044,2,36000,1.01053639847
56396,56411,57617,15,1206,2,36000,1.01243781095
56397,56417,57483,20,1066,2,36000,1.01876172608
56418,56424,57605,6,1181,2,36000,1.0050804403
56419,56430,57583,11,1153,2,36000,1.00954032958
56436,56442,57628,6,1186,2,36000,1.00505902192
56437,56448,57537,11,1089,2,36000,1.0101010101
56454,56460,57512,6,1052,2,36000,1.00570342205
56455,56466,57652,11,1186,2,36000,1.00927487352
56457,56471,57458,14,987,2,36000,1.01418439716
56458,56477,57683,19,1206,2,36000,1.01575456053
56474,56483,57511,9,1028,2,36000,1.00875486381
56491,56497,57627,6,1130,2,36000,1.00530973451
56492,56503,57588,11,1085,2,36000,1.01013824885
56494,56509,57693,15,1184,2,36000,1.01266891892
56495,56514,57612,19,1098,2,36000,1.01730418944
56512,56520,57579,8,1059,2,36000,1.00755429651
56528,56534,57566,6,1032,2,36000,1.00581395349
56545,56551,57494,6,943,2,36000,1.00636267232
56546,56557,57608,11,1051,2,36000,1.01046622265
56548,56562,57520,14,958,2,36000,1.01461377871
56568,56574,57709,6,1135,2,36000,1.00528634361
56584,56590,57634,6,1044,2,36000,1.00574712644
56601,56607,57818,6,1211,2,36000,1.00495458299
56602,56613,57735,11,1122,2,36000,1.00980392157
56603,56618,57733,15,1115,2,36000,1.0134529148
56605,56624,57747,19,1123,2,36000,1.01691896705
56622,56630,57788,8,1158,2,36000,1.00690846287
56623,56635,57707,12,1072,2,36000,1.01119402985
56648,56655,57732,7,1077,2,36000,1.00649953575
56680,56687,57820,7,1133,2,36000,1.00617828773
56682,56692,57645,10,953,2,36000,1.01049317943
56698,56704,57923,6,1219,2,36000,1.00492206727
56715,56721,57756,6,1035,2,36000,1.00579710145
56716,56727,57720,11,993,2,36000,1.0110775428
56736,56742,57741,6,999,2,36000,1.00600600601
56752,56758,57810,6,1052,2,36000,1.00570342205
56769,56774,57816,5,1042,2,36000,1.00479846449
56786,56792,57859,6,1067,2,36000,1.00562324274
56787,56798,57830,11,1032,2,36000,1.01065891473
56788,56803,57889,15,1086,2,36000,1.0138121547
56805,56811,57826,6,1015,2,36000,1.00591133005
56806,56817,57822,11,1005,2,36000,1.01094527363
56823,56829,57871,6,1042,2,36000,1.00575815739
56824,56835,57865,11,1030,2,36000,1.01067961165
56841,56847,57927,6,1080,2,36000,1.00555555556
56857,56863,57774,6,911,2,36000,1.00658616905
56873,56879,57962,6,1083,2,36000,1.0055401662
56889,56896,58039,7,1143,2,36000,1.00612423447
56891,56901,57898,10,997,2,36000,1.01003009027
56892,56907,57863,15,956,2,36000,1.01569037657
56893,56912,57917,19,1005,2,36000,1.01890547264
56911,56918,58018,7,1100,2,36000,1.00636363636
56928,56934,58143,6,1209,2,36000,1.00496277916
56929,56940,57897,11,957,2,36000,1.01149425287
56946,56952,58000,6,1048,2,36000,1.00572519084
56948,56958,58094,10,1136,2,36000,1.0088028169
56949,56963,58058,14,1095,2,36000,1.01278538813
56968,56974,58248,6,1274,2,36000,1.00470957614
56969,56980,58195,11,1215,2,36000,1.00905349794
56971,56985,58169,14,1184,2,36000,1.01182432432
56972,56991,58123,19,1132,2,36000,1.0167844523
56990,56997,58246,7,1249,2,36000,1.00560448359
56991,57003,58157,12,1154,2,36000,1.01039861352
56993,57009,58082,16,1073,2,36000,1.01491146319
56994,57014,58052,20,1038,2,36000,1.01926782274
57013,57020,58078,7,1058,2,36000,1.00661625709
57015,57026,58098,11,1072,2,36000,1.01026119403
57016,57031,58029,15,998,2,36000,1.01503006012
57017,57036,58120,19,1084,2,36000,1.01752767528
57019,57042,58081,23,1039,2,36000,1.02213666987
57020,57047,58033,27,986,2,36000,1.02738336714
57038,57053,58161,15,1108,2,36000,1.01353790614
57040,57059,58280,19,1221,2,36000,1.01556101556
57041,57064,58024,23,960,2,36000,1.02395833333
57061,57070,58179,9,1109,2,36000,1.0081154193
57062,57075,58031,13,956,2,36000,1.01359832636
57080,57086,58161,6,1075,2,36000,1.00558139535
57081,57092,58314,11,1222,2,36000,1.00900163666
57082,57097,58202,15,1105,2,36000,1.01357466063
57084,57102,58394,18,1292,2,36000,1.01393188854
57102,57108,58269,6,1161,2,36000,1.00516795866
57103,57114,58041,11,927,2,36000,1.01186623517
57121,57127,58572,6,1445,2,36000,1.00415224913
57122,57133,58180,11,1047,2,36000,1.01050620821
57123,57138,58123,15,985,2,36000,1.0152284264
57125,57144,58329,19,1185,2,36000,1.01603375527
57157,57163,58233,6,1070,2,36000,1.00560747664
57158,57169,58256,11,1087,2,36000,1.01011959522
57176,57182,58127,6,945,2,36000,1.00634920635
57193,57200,58261,7,1061,2,36000,1.00659754948
57210,57216,58336,6,1120,2,36000,1.00535714286
57231,57237,58300,6,1063,2,36000,1.00564440263
57232,57243,58194,11,951,2,36000,1.01156677182
57248,57254,58250,6,996,2,36000,1.00602409639
57250,57260,58417,10,1157,2,36000,1.00864304235
57268,57274,58389,6,1115,2,36000,1.00538116592
57269,57280,58397,11,1117,2,36000,1.00984780662
57270,57285,58303,15,1018,2,36000,1.01473477407
57291,57297,58299,6,1002,2,36000,1.00598802395
57292,57303,58454,11,1151,2,36000,1.00955690704
57293,57308,58370,15,1062,2,36000,1.01412429379
57295,57313,58459,18,1146,2,36000,1.01570680628
57296,57318,58518,22,1200,2,36000,1.01833333333
57297,57324,58424,27,1100,2,36000,1.02454545455
57299,57330,58396,31,1066,2,36000,1.02908067542
57316,57336,58439,20,1103,2,36000,1.01813236627
57317,57341,58463,24,1122,2,36000,1.02139037433
57334,57347,58578,13,1231,2,36000,1.0105605199
57365,57371,58261,6,890,2,36000,1.00674157303
57366,57377,58545,11,1168,2,36000,1.00941780822
57385,57391,58443,6,1052,2,36000,1.00570342205
57386,57397,58699,11,1302,2,36000,1.00844854071
57388,57402,58377,14,975,2,36000,1.01435897436
57389,57407,58507,18,1100,2,36000,1.01636363636
57390,57413,58593,23,1180,2,36000,1.01949152542
57430,57436,58295,6,859,2,36000,1.00698486612
57431,57442,58388,11,946,2,36000,1.01162790698
57455,57461,58557,6,1096,2,36000,1.00547445255
57456,57467,58629,11,1162,2,36000,1.00946643718
57474,57480,58426,6,946,2,36000,1.00634249471
57475,57486,58720,11,1234,2,36000,1.00891410049
57476,57491,58669,15,1178,2,36000,1.01273344652
57493,57500,58492,7,992,2,36000,1.00705645161
57495,57506,58550,11,1044,2,36000,1.01053639847
57496,57511,58583,15,1072,2,36000,1.01399253731
57514,57520,58638,6,1118,2,36000,1.0053667263
57515,57526,58604,11,1078,2,36000,1.01020408163
57517,57531,58563,14,1032,2,36000,1.01356589147
57533,57540,58569,7,1029,2,36000,1.00680272109
57550,57556,58637,6,1081,2,36000,1.00555041628
57570,57576,58737,6,1161,2,36000,1.00516795866
57589,57594,58755,5,1161,2,36000,1.00430663221
57590,57600,58672,10,1072,2,36000,1.00932835821
57591,57605,58578,14,973,2,36000,1.01438848921
57592,57611,58729,19,1118,2,36000,1.01699463327
57609,57617,58677,8,1060,2,36000,1.00754716981
57611,57622,58576,11,954,2,36000,1.01153039832
57629,57636,58600,7,964,2,36000,1.00726141079
57631,57642,58713,11,1071,2,36000,1.01027077498
57632,57648,58676,16,1028,2,36000,1.01556420233
57633,57653,58849,20,1196,2,36000,1.01672240803
57652,57659,58841,7,1182,2,36000,1.00592216582
57653,57664,58828,11,1164,2,36000,1.00945017182
57654,57670,58714,16,1044,2,36000,1.0153256705
57688,57694,58817,6,1123,2,36000,1.0053428317
57689,57700,58859,11,1159,2,36000,1.00949094047
57706,57712,58830,6,1118,2,36000,1.0053667263
57724,57730,58806,6,1076,2,36000,1.00557620818
57725,57736,58567,11,831,2,36000,1.01323706378
57726,57741,58936,15,1195,2,36000,1.01255230126
57745,57751,58960,6,1209,2,36000,1.00496277916
57746,57757,58785,11,1028,2,36000,1.01070038911
57747,57762,58911,15,1149,2,36000,1.01305483029
57749,57767,58804,18,1037,2,36000,1.01735776278
57766,57773,58812,7,1039,2,36000,1.00673724735
57768,57779,58820,11,1041,2,36000,1.01056676273
57785,57791,58774,6,983,2,36000,1.00610376399
57802,57808,58983,6,1175,2,36000,1.00510638298
57819,57826,58912,7,1086,2,36000,1.00644567219
57821,57831,59119,10,1288,2,36000,1.00776397516
57822,57837,58998,15,1161,2,36000,1.01291989664
57823,57842,58907,19,1065,2,36000,1.01784037559
57842,57849,58884,7,1035,2,36000,1.00676328502
57843,57854,58992,11,1138,2,36000,1.00966608084
57844,57860,58990,16,1130,2,36000,1.01415929204
57861,57867,59036,6,1169,2,36000,1.00513259196
57879,57885,58982,6,1097,2,36000,1.00546946217
57880,57891,58921,11,1030,2,36000,1.01067961165
57881,57896,58835,15,939,2,36000,1.01597444089
57898,57904,58736,6,832,2,36000,1.00721153846
57899,57910,59007,11,1097,2,36000,1.01002734731
57901,57915,58756,14,841,2,36000,1.01664684899
57922,57928,59077,6,1149,2,36000,1.00522193211
57940,57946,59201,6,1255,2,36000,1.00478087649
57941,57952,58934,11,982,2,36000,1.01120162933
57964,57970,59030,6,1060,2,36000,1.00566037736
58003,58009,59045,6,1036,2,36000,1.00579150579
58020,58026,58950,6,924,2,36000,1.00649350649
58037,58044,59032,7,988,2,36000,1.00708502024
58039,58050,59019,11,969,2,36000,1.01135190918
58040,58055,59113,15,1058,2,36000,1.01417769376
58041,58060,59086,19,1026,2,36000,1.01851851852
58060,58067,59011,7,944,2,36000,1.00741525424
58061,58072,59190,11,1118,2,36000,1.00983899821
58062,58078,59249,16,1171,2,36000,1.01366353544
58064,58083,59089,19,1006,2,36000,1.01888667992
58082,58089,59084,7,995,2,36000,1.00703517588
58083,58095,59086,12,991,2,36000,1.01210898083
58101,58107,59097,6,990,2,36000,1.00606060606
58102,58113,59196,11,1083,2,36000,1.01015697138
58104,58118,59212,14,1094,2,36000,1.01279707495
58123,58130,59271,7,1141,2,36000,1.00613496933
58125,58135,59282,10,1147,2,36000,1.00871839582
58126,58142,59112,16,970,2,36000,1.01649484536
58145,58151,59347,6,1196,2,36000,1.00501672241
58146,58157,59264,11,1107,2,36000,1.00993676603
58165,58171,59216,6,1045,2,36000,1.00574162679
58166,58177,59251,11,1074,2,36000,1.01024208566
58167,58183,59274,16,1091,2,36000,1.01466544455
58185,58191,59249,6,1058,2,36000,1.0056710775
58186,58197,59278,11,1081,2,36000,1.01017576318
58188,58202,59408,14,1206,2,36000,1.01160862355
58205,58211,59248,6,1037,2,36000,1.00578592093
58207,58217,59218,10,1001,2,36000,1.00999000999
58208,58222,59247,14,1025,2,36000,1.01365853659
58237,58243,59368,6,1125,2,36000,1.00533333333
58255,58261,59424,6,1163,2,36000,1.00515907137
58256,58267,59385,11,1118,2,36000,1.00983899821
58258,58272,59157,14,885,2,36000,1.01581920904
58275,58282,59475,7,1193,2,36000,1.00586756077
58277,58288,59388,11,1100,2,36000,1.01
58278,58293,59328,15,1035,2,36000,1.01449275362
58279,58299,59417,20,1118,2,36000,1.01788908766
58297,58305,59281,8,976,2,36000,1.00819672131
58298,58310,59399,12,1089,2,36000,1.01101928375
58316,58323,59381,7,1058,2,36000,1.00661625709
58318,58328,59469,10,1141,2,36000,1.00876424189
58319,58334,59287,15,953,2,36000,1.01573976915
58320,58339,59296,19,957,2,36000,1.01985370951
58337,58345,59413,8,1068,2,36000,1.0074906367
58338,58350,59546,12,1196,2,36000,1.01003344482
58376,58381,59338,5,957,2,36000,1.0052246604
58394,58400,59365,6,965,2,36000,1.00621761658
58395,58406,59402,11,996,2,36000,1.01104417671
58397,58411,59441,14,1030,2,36000,1.01359223301
58398,58416,59569,18,1153,2,36000,1.0156114484
58415,58423,59454,8,1031,2,36000,1.00775945684
58417,58428,59398,11,970,2,36000,1.01134020619
58434,58440,59476,6,1036,2,36000,1.00579150579
58435,58446,59636,11,1190,2,36000,1.00924369748
58437,58451,59471,14,1020,2,36000,1.0137254902
58454,58461,59520,7,1059,2,36000,1.00661000944
58456,58467,59513,11,1046,2,36000,1.01051625239
58457,58472,59585,15,1113,2,36000,1.01347708895
58475,58481,59519,6,1038,2,36000,1.00578034682
58476,58487,59667,11,1180,2,36000,1.0093220339
58496,58502,59651,6,1149,2,36000,1.00522193211
58513,58519,59591,6,1072,2,36000,1.00559701493
58529,58535,59711,6,1176,2,36000,1.00510204082
58550,58556,59748,6,1192,2,36000,1.00503355705
58551,58562,59788,11,1226,2,36000,1.00897226754
58569,58575,59470,6,895,2,36000,1.00670391061
58570,58581,59669,11,1088,2,36000,1.01011029412
58572,58586,59674,14,1088,2,36000,1.01286764706
58573,58592,59666,19,1074,2,36000,1.01769087523
58596,58602,59770,6,1168,2,36000,1.0051369863
58597,58608,59505,11,897,2,36000,1.01226309922
58598,58613,59745,15,1132,2,36000,1.01325088339
58600,58618,59749,18,1131,2,36000,1.01591511936
58601,58623,59771,22,1148,2,36000,1.01916376307
58602,58629,59833,27,1204,2,36000,1.02242524917
58621,58635,59692,14,1057,2,36000,1.01324503311
58622,58640,59624,18,984,2,36000,1.01829268293
58639,58646,59681,7,1035,2,36000,1.00676328502
58641,58652,59638,11,986,2,36000,1.01115618661
58642,58658,59874,16,1216,2,36000,1.01315789474
58672,58678,59712,6,1034,2,36000,1.00580270793
58689,58695,59755,6,1060,2,36000,1.00566037736
58690,58701,59823,11,1122,2,36000,1.00980392157
58692,58706,59666,14,960,2,36000,1.01458333333
58708,58714,59893,6,1179,2,36000,1.00508905852
58725,58731,59982,6,1251,2,36000,1.00479616307
58727,58737,59779,10,1042,2,36000,1.00959692898
58729,58742,59833,13,1091,2,36000,1.01191567369
58747,58753,59851,6,1098,2,36000,1.00546448087
58748,58759,59774,11,1015,2,36000,1.01083743842
58750,58764,59694,14,930,2,36000,1.01505376344
58769,58775,59859,6,1084,2,36000,1.00553505535
58770,58781,59852,11,1071,2,36000,1.01027077498
58789,58795,59956,6,1161,2,36000,1.00516795866
58791,58801,59857,10,1056,2,36000,1.00946969697
58807,58814,59909,7,1095,2,36000,1.00639269406
58809,58819,59911,10,1092,2,36000,1.00915750916
58826,58832,59953,6,1121,2,36000,1.00535236396
58827,58838,59792,11,954,2,36000,1.01153039832
58828,58843,60020,15,1177,2,36000,1.01274426508
58846,58852,59951,6,1099,2,36000,1.00545950864
58847,58858,59950,11,1092,2,36000,1.01007326007
58848,58863,59980,15,1117,2,36000,1.01342882722
58850,58869,59934,19,1065,2,36000,1.01784037559
58866,58875,59871,9,996,2,36000,1.00903614458
58868,58880,59998,12,1118,2,36000,1.01073345259
58887,58893,60040,6,1147,2,36000,1.00523103749
58910,58916,59951,6,1035,2,36000,1.00579710145
58927,58933,59967,6,1034,2,36000,1.00580270793
58928,58939,59998,11,1059,2,36000,1.0103871577
58929,58944,60015,15,1071,2,36000,1.01400560224
58946,58952,59983,6,1031,2,36000,1.00581959263
58947,58958,59960,11,1002,2,36000,1.01097804391
58964,58970,60291,6,1321,2,36000,1.00454201363
58965,58976,60018,11,1042,2,36000,1.01055662188
58986,58992,60040,6,1048,2,36000,1.00572519084
58987,58998,60104,11,1106,2,36000,1.00994575045
59004,59011,60133,7,1122,2,36000,1.00623885918
59006,59016,59979,10,963,2,36000,1.01038421599
59007,59023,60093,16,1070,2,36000,1.01495327103
59025,59031,60211,6,1180,2,36000,1.00508474576
59027,59037,60036,10,999,2,36000,1.01001001001
59028,59042,60045,14,1003,2,36000,1.01395812562
59045,59051,60038,6,987,2,36000,1.00607902736
59046,59057,60015,11,958,2,36000,1.0114822547
59047,59062,60206,15,1144,2,36000,1.01311188811
59048,59067,60207,19,1140,2,36000,1.01666666667
59081,59087,60299,6,1212,2,36000,1.00495049505
59099,59105,60132,6,1027,2,36000,1.00584225901
59100,59111,60319,11,1208,2,36000,1.00910596026
59101,59116,60299,15,1183,2,36000,1.01267962806
59103,59121,60174,18,1053,2,36000,1.01709401709
59104,59127,60223,23,1096,2,36000,1.02098540146
59120,59133,60187,13,1054,2,36000,1.01233396584
59122,59138,60186,16,1048,2,36000,1.01526717557
59123,59144,60360,21,1216,2,36000,1.01726973684
59161,59168,60158,7,990,2,36000,1.00707070707
59194,59200,60149,6,949,2,36000,1.00632244468
59210,59217,60268,7,1051,2,36000,1.0066603235
59212,59223,60288,11,1065,2,36000,1.0103286385
59228,59234,60361,6,1127,2,36000,1.00532386868
59230,59240,60225,10,985,2,36000,1.01015228426
59231,59245,60208,14,963,2,36000,1.01453790239
59252,59258,60349,6,1091,2,36000,1.0054995417
59253,59264,60156,11,892,2,36000,1.01233183857
59254,59269,60435,15,1166,2,36000,1.012864494
59255,59275,60390,20,1115,2,36000,1.01793721973
59257,59280,60244,23,964,2,36000,1.02385892116
59275,59286,60371,11,1085,2,36000,1.01013824885
59276,59292,60402,16,1110,2,36000,1.01441441441
59277,59297,60530,20,1233,2,36000,1.01622060016
59296,59303,60412,7,1109,2,36000,1.00631199279
59297,59308,60352,11,1044,2,36000,1.01053639847
59299,59315,60415,16,1100,2,36000,1.01454545455
59300,59320,60551,20,1231,2,36000,1.0162469537
59301,59325,60366,24,1041,2,36000,1.02305475504
59330,59336,60354,6,1018,2,36000,1.00589390963
59347,59353,60505,6,1152,2,36000,1.00520833333
59348,59359,60449,11,1090,2,36000,1.01009174312
59367,59374,60482,7,1108,2,36000,1.00631768953
59385,59391,60498,6,1107,2,36000,1.0054200542
59386,59397,60529,11,1132,2,36000,1.00971731449
59387,59403,60447,16,1044,2,36000,1.0153256705
59406,59412,60579,6,1167,2,36000,1.00514138817
59407,59418,60574,11,1156,2,36000,1.00951557093
59409,59423,60611,14,1188,2,36000,1.01178451178
59410,59429,60573,19,1144,2,36000,1.01660839161
59427,59435,60628,8,1193,2,36000,1.00670578374
59428,59440,60478,12,1038,2,36000,1.01156069364
59430,59446,60574,16,1128,2,36000,1.01418439716
59431,59451,60364,20,913,2,36000,1.02190580504
59448,59457,60473,9,1016,2,36000,1.00885826772
59464,59470,60504,6,1034,2,36000,1.00580270793
59482,59489,60523,7,1034,2,36000,1.00676982592
59484,59495,60574,11,1079,2,36000,1.01019462465
59485,59500,60574,15,1074,2,36000,1.01396648045
59486,59505,60528,19,1023,2,36000,1.01857282502
59488,59511,60741,23,1230,2,36000,1.01869918699
59507,59517,60657,10,1140,2,36000,1.00877192982
59525,59531,60643,6,1112,2,36000,1.00539568345
59526,59537,60607,11,1070,2,36000,1.01028037383
59527,59542,60531,15,989,2,36000,1.01516683519
59544,59550,61001,6,1451,2,36000,1.00413507926
59573,59579,60608,6,1029,2,36000,1.00583090379
59589,59595,60697,6,1102,2,36000,1.0054446461
59606,59612,60652,6,1040,2,36000,1.00576923077
59625,59631,60744,6,1113,2,36000,1.00539083558
59642,59648,60651,6,1003,2,36000,1.00598205384
59643,59654,60670,11,1016,2,36000,1.01082677165
59660,59666,60822,6,1156,2,36000,1.00519031142
59678,59684,60678,6,994,2,36000,1.0060362173
59679,59690,60826,11,1136,2,36000,1.00968309859
59681,59695,60794,14,1099,2,36000,1.0127388535
59682,59701,60709,19,1008,2,36000,1.01884920635
59683,59706,60695,23,989,2,36000,1.02325581395
59701,59712,60753,11,1041,2,36000,1.01056676273
59702,59717,60699,15,982,2,36000,1.01527494908
59704,59723,60800,19,1077,2,36000,1.01764159703
59720,59729,60782,9,1053,2,36000,1.00854700855
59722,59735,60752,13,1017,2,36000,1.0127826942
59748,59754,60956,6,1202,2,36000,1.00499168053
59749,59760,60811,11,1051,2,36000,1.01046622265
59766,59772,61827,6,2055,2,36000,1.00291970803
59767,59778,60827,11,1049,2,36000,1.01048617731
59784,59790,60849,6,1059,2,36000,1.00566572238
59786,59796,60910,10,1114,2,36000,1.00897666068
59787,59801,60903,14,1102,2,36000,1.01270417423
59788,59806,61193,18,1387,2,36000,1.0129776496
59805,59812,60851,7,1039,2,36000,1.00673724735
59806,59817,60906,11,1089,2,36000,1.0101010101
59826,59832,61076,6,1244,2,36000,1.00482315113
59843,59849,60944,6,1095,2,36000,1.00547945205
59844,59855,60949,11,1094,2,36000,1.01005484461
59861,59868,61123,7,1255,2,36000,1.00557768924
59863,59874,60833,11,959,2,36000,1.01147028154
59864,59879,60751,15,872,2,36000,1.01720183486
59865,59885,61037,20,1152,2,36000,1.01736111111
59882,59891,61147,9,1256,2,36000,1.0071656051
59883,59897,60991,14,1094,2,36000,1.01279707495
59899,59906,61049,7,1143,2,36000,1.00612423447
59916,59922,61029,6,1107,2,36000,1.0054200542
59917,59928,61088,11,1160,2,36000,1.00948275862
59937,59943,61045,6,1102,2,36000,1.0054446461
59954,59960,61043,6,1083,2,36000,1.0055401662
59955,59966,60957,11,991,2,36000,1.01109989909
59957,59972,61080,15,1108,2,36000,1.01353790614
59958,59979,61099,21,1120,2,36000,1.01875
59976,59985,61102,9,1117,2,36000,1.00805729633
59977,59990,61162,13,1172,2,36000,1.01109215017
59979,59996,61050,17,1054,2,36000,1.01612903226
59996,60002,61137,6,1135,2,36000,1.00528634361
59998,60008,61364,10,1356,2,36000,1.00737463127
59999,60013,61028,14,1015,2,36000,1.01379310345
60000,60019,61089,19,1070,2,36000,1.01775700935
60018,60025,61182,7,1157,2,36000,1.00605012965
60019,60030,61064,11,1034,2,36000,1.01063829787
60020,60036,61130,16,1094,2,36000,1.01462522852
60022,60042,61120,20,1078,2,36000,1.0185528757
60023,60047,61175,24,1128,2,36000,1.02127659574
60040,60053,61163,13,1110,2,36000,1.01171171171
60041,60058,61057,17,999,2,36000,1.01701701702
60042,60064,61167,22,1103,2,36000,1.0199456029
60044,60069,61205,25,1136,2,36000,1.02200704225
60045,60074,61206,29,1132,2,36000,1.02561837456
60062,60080,60947,18,867,2,36000,1.02076124567
60097,60103,61120,6,1017,2,36000,1.00589970501
60113,60119,61338,6,1219,2,36000,1.00492206727
60137,60143,61272,6,1129,2,36000,1.00531443756
60138,60149,61206,11,1057,2,36000,1.01040681173
60155,60160,61358,5,1198,2,36000,1.0041736227
60171,60177,61271,6,1094,2,36000,1.00548446069
60173,60183,61238,10,1055,2,36000,1.00947867299
60189,60196,61180,7,984,2,36000,1.00711382114
60191,60202,61209,11,1007,2,36000,1.01092353525
60192,60208,61289,16,1081,2,36000,1.01480111008
60208,60214,61359,6,1145,2,36000,1.00524017467
60210,60220,61260,10,1040,2,36000,1.00961538462
60211,60226,61360,15,1134,2,36000,1.01322751323
60228,60234,61361,6,1127,2,36000,1.00532386868
60229,60240,61315,11,1075,2,36000,1.01023255814
60231,60245,61145,14,900,2,36000,1.01555555556
60247,60253,61411,6,1158,2,36000,1.00518134715
60270,60276,61190,6,914,2,36000,1.00656455142
60293,60299,61294,6,995,2,36000,1.00603015075
60294,60305,61323,11,1018,2,36000,1.01080550098
60311,60317,61400,6,1083,2,36000,1.0055401662
60313,60323,61438,10,1115,2,36000,1.00896860987
60329,60335,61308,6,973,2,36000,1.00616649538
60352,60358,61278,6,920,2,36000,1.00652173913
60370,60376,61398,6,1022,2,36000,1.00587084149
60371,60382,61476,11,1094,2,36000,1.01005484461
60373,60387,61725,14,1338,2,36000,1.01046337818
60374,60393,61508,19,1115,2,36000,1.01704035874
60375,60398,61432,23,1034,2,36000,1.02224371373
60377,60403,61405,26,1002,2,36000,1.02594810379
60378,60409,61823,31,1414,2,36000,1.02192362093
60394,60414,61516,20,1102,2,36000,1.01814882033
60411,60420,61308,9,888,2,36000,1.01013513514
60428,60434,61408,6,974,2,36000,1.00616016427
60429,60440,61404,11,964,2,36000,1.01141078838
60446,60452,61519,6,1067,2,36000,1.00562324274
60447,60458,61482,11,1024,2,36000,1.0107421875
60464,60471,61528,7,1057,2,36000,1.00662251656
60481,60487,61501,6,1014,2,36000,1.00591715976
60483,60493,61551,10,1058,2,36000,1.00945179584
60484,60499,61537,15,1038,2,36000,1.01445086705
60501,60507,61596,6,1089,2,36000,1.00550964187
60518,60524,61579,6,1055,2,36000,1.00568720379
60519,60530,61578,11,1048,2,36000,1.01049618321
60538,60544,61557,6,1013,2,36000,1.00592300099
60539,60550,61533,11,983,2,36000,1.01119023398
60540,60555,61689,15,1134,2,36000,1.01322751323
60542,60560,61627,18,1067,2,36000,1.01686972821
60543,60566,61552,23,986,2,36000,1.02332657201
60570,60576,61633,6,1057,2,36000,1.00567644276
60589,60595,61664,6,1069,2,36000,1.00561272217
60590,60601,61688,11,1087,2,36000,1.01011959522
60591,60606,61675,15,1069,2,36000,1.01403180543
60593,60612,61606,19,994,2,36000,1.01911468813
60594,60617,61683,23,1066,2,36000,1.02157598499
60595,60622,61686,27,1064,2,36000,1.02537593985
60613,60628,61775,15,1147,2,36000,1.01307759372
60614,60634,61700,20,1066,2,36000,1.01876172608
60616,60639,61742,23,1103,2,36000,1.02085222121
60632,60645,61817,13,1172,2,36000,1.01109215017
60648,60654,61625,6,971,2,36000,1.0061791967
60665,60671,61682,6,1011,2,36000,1.0059347181
60666,60677,61769,11,1092,2,36000,1.01007326007
60668,60682,61721,14,1039,2,36000,1.01347449471
60684,60691,61836,7,1145,2,36000,1.00611353712
60686,60697,61856,11,1159,2,36000,1.00949094047
60703,60709,61807,6,1098,2,36000,1.00546448087
60705,60715,61948,10,1233,2,36000,1.00811030008
60706,60720,61719,14,999,2,36000,1.01401401401
60723,60729,61782,6,1053,2,36000,1.0056980057
60743,60749,61964,6,1215,2,36000,1.0049382716
60760,60767,61794,7,1027,2,36000,1.00681596884
60762,60772,61806,10,1034,2,36000,1.00967117988
60763,60779,61774,16,995,2,36000,1.01608040201
60764,60784,61913,20,1129,2,36000,1.01771479185
60784,60791,61977,7,1186,2,36000,1.00590219224
60800,60806,61892,6,1086,2,36000,1.00552486188
60802,60812,62032,10,1220,2,36000,1.00819672131
60818,60824,61794,6,970,2,36000,1.00618556701
60836,60842,61895,6,1053,2,36000,1.0056980057
60837,60848,61879,11,1031,2,36000,1.01066925315
60839,60853,61901,14,1048,2,36000,1.01335877863
60840,60859,61919,19,1060,2,36000,1.0179245283
60857,60865,61949,8,1084,2,36000,1.0073800738
60858,60871,61930,13,1059,2,36000,1.01227573182
60905,60911,61951,6,1040,2,36000,1.00576923077
60907,60917,61991,10,1074,2,36000,1.00931098696
60924,60930,62069,6,1139,2,36000,1.00526777875
60946,60952,61927,6,975,2,36000,1.00615384615
60947,60958,62074,11,1116,2,36000,1.00985663082
60965,60971,62068,6,1097,2,36000,1.00546946217
60966,60977,61945,11,968,2,36000,1.01136363636
60967,60982,61947,15,965,2,36000,1.01554404145
60993,60999,62070,6,1071,2,36000,1.0056022409
61010,61016,62147,6,1131,2,36000,1.00530503979
61032,61039,62000,7,961,2,36000,1.00728407908
61034,61045,62045,11,1000,2,36000,1.011
61052,61058,62241,6,1183,2,36000,1.00507185123
61053,61064,62118,11,1054,2,36000,1.01043643264
61054,61070,62156,16,1086,2,36000,1.01473296501
61055,61075,62106,20,1031,2,36000,1.0193986421
61057,61080,62105,23,1025,2,36000,1.02243902439
61074,61086,62120,12,1034,2,36000,1.01160541586
61076,61091,62079,15,988,2,36000,1.01518218623
61094,61100,61985,6,885,2,36000,1.00677966102
61095,61106,62041,11,935,2,36000,1.01176470588
61096,61111,62353,15,1242,2,36000,1.01207729469
61098,61117,62146,19,1029,2,36000,1.01846452867
61115,61123,62289,8,1166,2,36000,1.00686106346
61116,61129,62277,13,1148,2,36000,1.01132404181
61134,61140,62062,6,922,2,36000,1.00650759219
61135,61146,62413,11,1267,2,36000,1.00868192581
61137,61151,62195,14,1044,2,36000,1.01340996169
61138,61157,62115,19,958,2,36000,1.01983298539
61155,61163,62246,8,1083,2,36000,1.00738688827
61156,61168,62172,12,1004,2,36000,1.01195219124
61158,61174,62194,16,1020,2,36000,1.01568627451
61175,61181,62906,6,1725,2,36000,1.00347826087
61176,61187,62272,11,1085,2,36000,1.01013824885
61177,61192,62247,15,1055,2,36000,1.01421800948
61179,61197,62294,18,1097,2,36000,1.01640838651
61196,61204,62341,8,1137,2,36000,1.00703605981
61198,61209,62193,11,984,2,36000,1.01117886179
61199,61215,62285,16,1070,2,36000,1.01495327103
61200,61220,62352,20,1132,2,36000,1.01766784452
61219,61226,62200,7,974,2,36000,1.00718685832
61220,61232,62268,12,1036,2,36000,1.01158301158
61221,61238,62258,17,1020,2,36000,1.01666666667
61222,61243,62364,21,1121,2,36000,1.01873327386
61242,61249,62331,7,1082,2,36000,1.00646950092
61262,61268,62366,6,1098,2,36000,1.00546448087
61279,61285,62257,6,972,2,36000,1.00617283951
61280,61291,62433,11,1142,2,36000,1.00963222417
61281,61296,62353,15,1057,2,36000,1.01419110691
61298,61304,62397,6,1093,2,36000,1.0054894785
61299,61310,62239,11,929,2,36000,1.01184068891
61317,61323,62937,6,1614,2,36000,1.00371747212
61318,61329,62349,11,1020,2,36000,1.01078431373
61319,61334,62452,15,1118,2,36000,1.01341681574
61336,61342,62431,6,1089,2,36000,1.00550964187
61352,61358,62302,6,944,2,36000,1.0063559322
61370,61376,62397,6,1021,2,36000,1.00587659158
61372,61382,62705,10,1323,2,36000,1.00755857899
61373,61387,62356,14,969,2,36000,1.01444788442
61374,61393,62653,19,1260,2,36000,1.01507936508
61375,61398,62456,23,1058,2,36000,1.02173913043
61399,61406,62351,7,945,2,36000,1.00740740741
61401,61412,62530,11,1118,2,36000,1.00983899821
61419,61425,62277,6,852,2,36000,1.00704225352
61420,61431,62482,11,1051,2,36000,1.01046622265
61421,61436,62505,15,1069,2,36000,1.01403180543
61422,61441,62708,19,1267,2,36000,1.01499605367
61439,61448,62585,9,1137,2,36000,1.00791556728
61440,61453,62526,13,1073,2,36000,1.01211556384
61479,61485,62426,6,941,2,36000,1.00637619554
61496,61502,62716,6,1214,2,36000,1.00494233937
61513,61519,62618,6,1099,2,36000,1.00545950864
61514,61525,62674,11,1149,2,36000,1.00957354221
61532,61538,62507,6,969,2,36000,1.00619195046
61533,61544,62586,11,1042,2,36000,1.01055662188
61534,61550,62427,16,877,2,36000,1.01824401368
61551,61557,62605,6,1048,2,36000,1.00572519084
61553,61563,62683,10,1120,2,36000,1.00892857143
61554,61568,62654,14,1086,2,36000,1.01289134438
61571,61577,62472,6,895,2,36000,1.00670391061
61573,61583,62579,10,996,2,36000,1.01004016064
61589,61596,62613,7,1017,2,36000,1.00688298918
61591,61601,62755,10,1154,2,36000,1.00866551127
61608,61614,62713,6,1099,2,36000,1.00545950864
61609,61620,62561,11,941,2,36000,1.01168969182
61629,61636,62651,7,1015,2,36000,1.00689655172
61631,61642,62751,11,1109,2,36000,1.00991884581
61647,61653,62864,6,1211,2,36000,1.00495458299
61667,61673,62609,6,936,2,36000,1.00641025641
61683,61689,62712,6,1023,2,36000,1.00586510264
61685,61695,62806,10,1111,2,36000,1.00900090009
61686,61700,62785,14,1085,2,36000,1.01290322581
61704,61710,62799,6,1089,2,36000,1.00550964187
61705,61716,62839,11,1123,2,36000,1.00979519145
61706,61721,62848,15,1127,2,36000,1.01330967169
61708,61727,62803,19,1076,2,36000,1.01765799257
61724,61733,62904,9,1171,2,36000,1.00768573868
61726,61738,62788,12,1050,2,36000,1.01142857143
61727,61743,62914,16,1171,2,36000,1.01366353544
61747,61753,62712,6,959,2,36000,1.00625651721
61770,61776,63009,6,1233,2,36000,1.00486618005
61787,61793,62797,6,1004,2,36000,1.00597609562
61789,61799,62838,10,1039,2,36000,1.00962463908
61790,61804,62936,14,1132,2,36000,1.01236749117
61807,61813,62968,6,1155,2,36000,1.00519480519
61808,61819,62904,11,1085,2,36000,1.01013824885
61810,61824,62863,14,1039,2,36000,1.01347449471
61811,61830,62932,19,1102,2,36000,1.01724137931
61829,61836,62802,7,966,2,36000,1.00724637681
61830,61841,62851,11,1010,2,36000,1.01089108911
61832,61847,62892,15,1045,2,36000,1.01435406699
61848,61854,62891,6,1037,2,36000,1.00578592093
61865,61871,62856,6,985,2,36000,1.00609137056
61881,61887,63033,6,1146,2,36000,1.00523560209
61898,61904,63005,6,1101,2,36000,1.00544959128
61899,61910,62870,11,960,2,36000,1.01145833333
61916,61922,62860,6,938,2,36000,1.00639658849
61917,61928,63122,11,1194,2,36000,1.00921273032
61934,61940,63181,6,1241,2,36000,1.00483481064
61935,61946,63140,11,1194,2,36000,1.00921273032
61937,61951,63046,14,1095,2,36000,1.01278538813
61955,61961,62915,6,954,2,36000,1.00628930818
61956,61967,63130,11,1163,2,36000,1.00945829751
61957,61972,63040,15,1068,2,36000,1.01404494382
61959,61978,62976,19,998,2,36000,1.01903807615
61960,61983,63186,23,1203,2,36000,1.01911886949
61978,61989,63173,11,1184,2,36000,1.00929054054
61979,61994,63086,15,1092,2,36000,1.01373626374
61996,62003,62996,7,993,2,36000,1.00704934542
61998,62008,63065,10,1057,2,36000,1.00946073794
62014,62020,63093,6,1073,2,36000,1.0055917987
62034,62040,63010,6,970,2,36000,1.00618556701
62051,62057,63176,6,1119,2,36000,1.00536193029
62052,62063,63115,11,1052,2,36000,1.01045627376
62069,62075,63227,6,1152,2,36000,1.00520833333
62070,62081,63225,11,1144,2,36000,1.00961538462
62071,62087,63122,16,1035,2,36000,1.0154589372
62073,62092,63150,19,1058,2,36000,1.0179584121
62090,62098,63226,8,1128,2,36000,1.00709219858
62091,62104,63199,13,1095,2,36000,1.01187214612
62108,62115,63198,7,1083,2,36000,1.00646352724
62110,62120,63173,10,1053,2,36000,1.00949667616
62127,62133,63209,6,1076,2,36000,1.00557620818
62128,62139,63274,11,1135,2,36000,1.00969162996
62129,62144,63177,15,1033,2,36000,1.01452081317
62149,62155,63285,6,1130,2,36000,1.00530973451
62150,62161,63236,11,1075,2,36000,1.01023255814
62167,62173,63177,6,1004,2,36000,1.00597609562
62184,62190,63309,6,1119,2,36000,1.00536193029
62201,62206,63301,5,1095,2,36000,1.00456621005
62202,62212,63161,10,949,2,36000,1.0105374078
62203,62217,63304,14,1087,2,36000,1.01287948482
62204,62223,63311,19,1088,2,36000,1.01746323529
62243,62250,63207,7,957,2,36000,1.00731452456
62245,62256,63404,11,1148,2,36000,1.00958188153
62262,62268,63445,6,1177,2,36000,1.00509770603
62264,62274,63144,10,870,2,36000,1.01149425287
62265,62279,63271,14,992,2,36000,1.01411290323
62266,62285,63398,19,1113,2,36000,1.01707097934
62284,62291,63463,7,1172,2,36000,1.00597269625
62285,62296,63371,11,1075,2,36000,1.01023255814
62286,62302,63423,16,1121,2,36000,1.01427297056
62288,62307,63399,19,1092,2,36000,1.0173992674
62307,62313,63289,6,976,2,36000,1.00614754098
62308,62319,63316,11,997,2,36000,1.0110330993
62309,62324,63430,15,1106,2,36000,1.01356238698
62311,62329,63218,18,889,2,36000,1.02024746907
62336,62342,63369,6,1027,2,36000,1.00584225901
62354,62360,63495,6,1135,2,36000,1.00528634361
62355,62366,63199,11,833,2,36000,1.01320528211
62356,62371,63320,15,949,2,36000,1.0158061117
62358,62377,63711,19,1334,2,36000,1.01424287856
62359,62382,63438,23,1056,2,36000,1.02178030303
62360,62387,63462,27,1075,2,36000,1.02511627907
62381,62393,63557,12,1164,2,36000,1.01030927835
62382,62399,63415,17,1016,2,36000,1.01673228346
62383,62404,63297,21,893,2,36000,1.0235162374
62401,62410,63360,9,950,2,36000,1.00947368421
62402,62416,63415,14,999,2,36000,1.01401401401
62419,62425,63577,6,1152,2,36000,1.00520833333
62437,62442,63562,5,1120,2,36000,1.00446428571
62438,62448,63531,10,1083,2,36000,1.00923361034
62439,62453,63517,14,1064,2,36000,1.01315789474
62441,62459,63581,18,1122,2,36000,1.01604278075
62457,62465,63618,8,1153,2,36000,1.00693842151
62459,62470,63494,11,1024,2,36000,1.0107421875
62475,62482,63488,7,1006,2,36000,1.0069582505
62492,62498,63481,6,983,2,36000,1.00610376399
62509,62515,63635,6,1120,2,36000,1.00535714286
62510,62521,63633,11,1112,2,36000,1.00989208633
62530,62536,63749,6,1213,2,36000,1.00494641385
62531,62542,63595,11,1053,2,36000,1.01044634378
62565,62571,63700,6,1129,2,36000,1.00531443756
62583,62589,63793,6,1204,2,36000,1.0049833887
62600,62607,63634,7,1027,2,36000,1.00681596884
62602,62613,63617,11,1004,2,36000,1.0109561753
62620,62626,63913,6,1287,2,36000,1.00466200466
62621,62632,63616,11,984,2,36000,1.01117886179
62623,62637,63712,14,1075,2,36000,1.01302325581
62624,62642,63767,18,1125,2,36000,1.016
62654,62661,63873,7,1212,2,36000,1.00577557756
62656,62666,63769,10,1103,2,36000,1.00906618314
62657,62672,63792,15,1120,2,36000,1.01339285714
62678,62684,63774,6,1090,2,36000,1.00550458716
62696,62702,63821,6,1119,2,36000,1.00536193029
62713,62719,63840,6,1121,2,36000,1.00535236396
62714,62725,63818,11,1093,2,36000,1.01006404392
62716,62731,63831,15,1100,2,36000,1.01363636364
62717,62736,63874,19,1138,2,36000,1.01669595782
62718,62741,63645,23,904,2,36000,1.02544247788
62736,62747,63800,11,1053,2,36000,1.01044634378
62752,62758,63869,6,1111,2,36000,1.00540054005
62769,62775,63763,6,988,2,36000,1.00607287449
62788,62795,63837,7,1042,2,36000,1.00671785029
62790,62800,63776,10,976,2,36000,1.01024590164
62807,62813,63997,6,1184,2,36000,1.00506756757
62809,62819,63794,10,975,2,36000,1.01025641026
62810,62824,63826,14,1002,2,36000,1.01397205589
62811,62830,63882,19,1052,2,36000,1.0180608365
62813,62835,63946,22,1111,2,36000,1.0198019802
62843,62849,63873,6,1024,2,36000,1.005859375
62844,62855,63818,11,963,2,36000,1.01142263759
62861,62867,63988,6,1121,2,36000,1.00535236396
62863,62873,63872,10,999,2,36000,1.01001001001
62864,62878,63926,14,1048,2,36000,1.01335877863
62865,62883,64039,18,1156,2,36000,1.01557093426
62883,62890,63960,7,1070,2,36000,1.00654205607
62884,62895,63959,11,1064,2,36000,1.01033834586
62885,62901,63960,16,1059,2,36000,1.01510859301
62903,62909,64097,6,1188,2,36000,1.00505050505
62904,62915,63919,11,1004,2,36000,1.0109561753
62921,62927,63813,6,886,2,36000,1.00677200903
62922,62933,64113,11,1180,2,36000,1.0093220339
62924,62938,64104,14,1166,2,36000,1.01200686106
62925,62943,64042,18,1099,2,36000,1.01637852593
62926,62948,64010,22,1062,2,36000,1.02071563089
62944,62955,64075,11,1120,2,36000,1.00982142857
62945,62960,64185,15,1225,2,36000,1.01224489796
62946,62966,64078,20,1112,2,36000,1.01798561151
62970,62976,64063,6,1087,2,36000,1.00551977921
62987,62993,64041,6,1048,2,36000,1.00572519084
63003,63010,64151,7,1141,2,36000,1.00613496933
63021,63027,64017,6,990,2,36000,1.00606060606
63023,63033,64197,10,1164,2,36000,1.00859106529
63024,63038,64142,14,1104,2,36000,1.01268115942
63041,63047,64109,6,1062,2,36000,1.00564971751
63042,63053,64036,11,983,2,36000,1.01119023398
63064,63070,64065,6,995,2,36000,1.00603015075
63081,63087,64345,6,1258,2,36000,1.00476947536
63098,63104,64086,6,982,2,36000,1.00610997963
63100,63110,64169,10,1059,2,36000,1.00944287063
63119,63125,64247,6,1122,2,36000,1.00534759358
63136,63143,64125,7,982,2,36000,1.00712830957
63138,63149,64360,11,1211,2,36000,1.00908340215
63139,63154,64244,15,1090,2,36000,1.01376146789
63157,63163,64557,6,1394,2,36000,1.00430416069
63159,63169,64179,10,1010,2,36000,1.0099009901
63160,63174,64312,14,1138,2,36000,1.01230228471
63179,63185,64254,6,1069,2,36000,1.00561272217
63180,63191,64341,11,1150,2,36000,1.00956521739
63182,63196,64379,14,1183,2,36000,1.01183431953
63183,63202,64452,19,1250,2,36000,1.0152
63184,63207,64209,23,1002,2,36000,1.02295409182
63186,63212,64300,26,1088,2,36000,1.02389705882
63206,63219,64440,13,1221,2,36000,1.01064701065
63208,63224,64197,16,973,2,36000,1.01644398767
63209,63229,64375,20,1146,2,36000,1.01745200698
63210,63234,64313,24,1079,2,36000,1.02224281742
63211,63239,64166,28,927,2,36000,1.03020496224
63213,63246,64319,33,1073,2,36000,1.03075489282
63233,63251,64485,18,1234,2,36000,1.01458670989
63234,63257,64264,23,1007,2,36000,1.02284011917
63235,63262,64327,27,1065,2,36000,1.02535211268
63237,63267,64292,30,1025,2,36000,1.02926829268
63238,63272,64347,34,1075,2,36000,1.03162790698
63255,63278,64289,23,1011,2,36000,1.02274975272
63275,63284,64352,9,1068,2,36000,1.00842696629
63276,63289,64371,13,1082,2,36000,1.01201478743
63294,63300,64279,6,979,2,36000,1.00612870276
63295,63306,64168,11,862,2,36000,1.01276102088
63312,63318,64341,6,1023,2,36000,1.00586510264
63314,63324,64476,10,1152,2,36000,1.00868055556
63315,63329,64372,14,1043,2,36000,1.01342281879
63316,63334,64413,18,1079,2,36000,1.01668211307
63318,63340,64484,22,1144,2,36000,1.01923076923
63334,63346,64296,12,950,2,36000,1.01263157895
63336,63351,64346,15,995,2,36000,1.01507537688
63365,63371,64525,6,1154,2,36000,1.00519930676
63381,63387,64518,6,1131,2,36000,1.00530503979
63383,63393,64464,10,1071,2,36000,1.00933706816
63402,63408,64592,6,1184,2,36000,1.00506756757
63403,63414,64522,11,1108,2,36000,1.00992779783
63421,63427,64658,6,1231,2,36000,1.00487408611
63422,63433,64446,11,1013,2,36000,1.01085883514
63424,63438,64570,14,1132,2,36000,1.01236749117
63441,63447,64411,6,964,2,36000,1.00622406639
63442,63453,64536,11,1083,2,36000,1.01015697138
63444,63458,64544,14,1086,2,36000,1.01289134438
63460,63466,64567,6,1101,2,36000,1.00544959128
63477,63483,64516,6,1033,2,36000,1.00580832527
63478,63489,64624,11,1135,2,36000,1.00969162996
63495,63501,64497,6,996,2,36000,1.00602409639
63496,63507,64590,11,1083,2,36000,1.01015697138
63497,63513,64493,16,980,2,36000,1.01632653061
63499,63518,64508,19,990,2,36000,1.01919191919
63520,63526,64597,6,1071,2,36000,1.0056022409
63536,63542,64573,6,1031,2,36000,1.00581959263
63559,63565,64570,6,1005,2,36000,1.00597014925
63577,63583,64694,6,1111,2,36000,1.00540054005
63578,63589,64654,11,1065,2,36000,1.0103286385
63595,63601,64691,6,1090,2,36000,1.00550458716
63596,63607,64586,11,979,2,36000,1.01123595506
63619,63626,64771,7,1145,2,36000,1.00611353712
63621,63632,64681,11,1049,2,36000,1.01048617731
63622,63638,64749,16,1111,2,36000,1.01440144014
63640,63646,64821,6,1175,2,36000,1.00510638298
63642,63652,64793,10,1141,2,36000,1.00876424189
63643,63657,64684,14,1027,2,36000,1.01363193768
63660,63666,64758,6,1092,2,36000,1.00549450549
63704,63710,64729,6,1019,2,36000,1.00588812561
63721,63727,64766,6,1039,2,36000,1.00577478345
63722,63733,64693,11,960,2,36000,1.01145833333
63752,63758,64841,6,1083,2,36000,1.0055401662
63769,63774,64826,5,1052,2,36000,1.00475285171
63770,63780,64915,10,1135,2,36000,1.00881057269
63771,63785,64812,14,1027,2,36000,1.01363193768
63788,63795,64940,7,1145,2,36000,1.00611353712
63790,63801,64842,11,1041,2,36000,1.01056676273
63807,63813,64909,6,1096,2,36000,1.00547445255
63808,63819,64983,11,1164,2,36000,1.00945017182
63810,63824,64927,14,1103,2,36000,1.01269265639
63811,63830,64960,19,1130,2,36000,1.01681415929
63831,63836,64840,5,1004,2,36000,1.00498007968
63832,63842,64913,10,1071,2,36000,1.00933706816
63833,63847,64971,14,1124,2,36000,1.01245551601
63835,63852,64824,17,972,2,36000,1.01748971193
63836,63858,65665,22,1807,2,36000,1.01217487548
63837,63864,65029,27,1165,2,36000,1.02317596567
63856,63869,65147,13,1278,2,36000,1.01017214397
63858,63875,64931,17,1056,2,36000,1.01609848485
63874,63881,64903,7,1022,2,36000,1.00684931507
63875,63886,64876,11,990,2,36000,1.01111111111
63877,63893,64941,16,1048,2,36000,1.01526717557
63878,63898,65138,20,1240,2,36000,1.01612903226
63879,63903,64943,24,1040,2,36000,1.02307692308
63897,63909,64991,12,1082,2,36000,1.01109057301
63921,63927,65005,6,1078,2,36000,1.00556586271
63922,63933,65035,11,1102,2,36000,1.00998185118
63939,63945,65017,6,1072,2,36000,1.00559701493
63956,63962,65055,6,1093,2,36000,1.0054894785
63973,63979,65017,6,1038,2,36000,1.00578034682
63975,63985,65056,10,1071,2,36000,1.00933706816
63976,63991,64869,15,878,2,36000,1.01708428246
63993,63999,65113,6,1114,2,36000,1.00538599641
64009,64015,64967,6,952,2,36000,1.00630252101
64026,64032,65062,6,1030,2,36000,1.00582524272
64028,64038,65194,10,1156,2,36000,1.00865051903
64045,64051,65162,6,1111,2,36000,1.00540054005
64047,64057,65162,10,1105,2,36000,1.00904977376
64048,64062,65123,14,1061,2,36000,1.01319509896
64049,64068,65153,19,1085,2,36000,1.01751152074
64066,64074,65251,8,1177,2,36000,1.00679694138
64067,64079,65181,12,1102,2,36000,1.0108892922
64085,64091,65023,6,932,2,36000,1.00643776824
64086,64097,65110,11,1013,2,36000,1.01085883514
64103,64109,65178,6,1069,2,36000,1.00561272217
64105,64115,65261,10,1146,2,36000,1.00872600349
64122,64128,65223,6,1095,2,36000,1.00547945205
64123,64134,65229,11,1095,2,36000,1.0100456621
64125,64139,65344,14,1205,2,36000,1.01161825726
64141,64147,65067,6,920,2,36000,1.00652173913
64142,64153,65232,11,1079,2,36000,1.01019462465
64160,64166,65179,6,1013,2,36000,1.00592300099
64176,64182,65299,6,1117,2,36000,1.00537153089
64178,64188,65231,10,1043,2,36000,1.00958772771
64179,64193,65158,14,965,2,36000,1.01450777202
64195,64202,65090,7,888,2,36000,1.00788288288
64197,64207,65150,10,943,2,36000,1.01060445387
64214,64220,65365,6,1145,2,36000,1.00524017467
64216,64226,65251,10,1025,2,36000,1.00975609756
64217,64231,65180,14,949,2,36000,1.01475237092
64245,64251,65412,6,1161,2,36000,1.00516795866
64262,64269,65405,7,1136,2,36000,1.00616197183
64264,64275,65419,11,1144,2,36000,1.00961538462
64281,64287,65285,6,998,2,36000,1.00601202405
64282,64293,65266,11,973,2,36000,1.01130524152
64299,64304,65419,5,1115,2,36000,1.00448430493
64300,64310,65294,10,984,2,36000,1.01016260163
64301,64315,65274,14,959,2,36000,1.01459854015
64318,64324,65634,6,1310,2,36000,1.00458015267
64320,64330,65525,10,1195,2,36000,1.00836820084
64321,64335,65558,14,1223,2,36000,1.01144726083
64322,64340,65330,18,990,2,36000,1.01818181818
64339,64347,66399,8,2052,2,36000,1.00389863548
64357,64363,65467,6,1104,2,36000,1.00543478261
64359,64369,65395,10,1026,2,36000,1.00974658869
64360,64374,65415,14,1041,2,36000,1.01344860711
64361,64380,65393,19,1013,2,36000,1.01875616979
64363,64385,65622,22,1237,2,36000,1.01778496362
64364,64391,65770,27,1379,2,36000,1.01957940537
64365,64396,65343,31,947,2,36000,1.03273495248
64383,64402,65402,19,1000,2,36000,1.019
64385,64407,65358,22,951,2,36000,1.02313354364
64386,64413,65502,27,1089,2,36000,1.02479338843
64387,64418,65406,31,988,2,36000,1.03137651822
64413,64424,65406,11,982,2,36000,1.01120162933
64414,64429,65708,15,1279,2,36000,1.01172791243
64444,64450,65447,6,997,2,36000,1.00601805416
64461,64468,65513,7,1045,2,36000,1.00669856459
64463,64473,65550,10,1077,2,36000,1.00928505107
64480,64486,65499,6,1013,2,36000,1.00592300099
64481,64492,65570,11,1078,2,36000,1.01020408163
64498,64504,65690,6,1186,2,36000,1.00505902192
64499,64510,65516,11,1006,2,36000,1.01093439364
64501,64515,65595,14,1080,2,36000,1.01296296296
64502,64521,65652,19,1131,2,36000,1.01679929266
64520,64527,65785,7,1258,2,36000,1.00556438792
64521,64532,65589,11,1057,2,36000,1.01040681173
64523,64538,65710,15,1172,2,36000,1.01279863481
64541,64547,65684,6,1137,2,36000,1.00527704485
64542,64553,65602,11,1049,2,36000,1.01048617731
64544,64558,65566,14,1008,2,36000,1.01388888889
64560,64567,65605,7,1038,2,36000,1.00674373796
64562,64573,65629,11,1056,2,36000,1.01041666667
64580,64586,65737,6,1151,2,36000,1.00521285838
64581,64592,65753,11,1161,2,36000,1.00947459087
64582,64597,65899,15,1302,2,36000,1.01152073733
64584,64603,65688,19,1085,2,36000,1.01751152074
64601,64609,65553,8,944,2,36000,1.00847457627
64602,64615,65768,13,1153,2,36000,1.01127493495
64604,64620,65603,16,983,2,36000,1.01627670397
64605,64626,65661,21,1035,2,36000,1.02028985507
64628,64634,65699,6,1065,2,36000,1.00563380282
64657,64663,65754,6,1091,2,36000,1.0054995417
64673,64679,65669,6,990,2,36000,1.00606060606
64690,64695,65709,5,1014,2,36000,1.00493096647
64691,64701,65614,10,913,2,36000,1.01095290252
64708,64714,65840,6,1126,2,36000,1.0053285968
64709,64720,65765,11,1045,2,36000,1.01052631579
64711,64725,65737,14,1012,2,36000,1.01383399209
64730,64736,65937,6,1201,2,36000,1.0049958368
64754,64760,65901,6,1141,2,36000,1.00525854514
64771,64777,65783,6,1006,2,36000,1.00596421471
64772,64783,65725,11,942,2,36000,1.01167728238
64789,64795,65746,6,951,2,36000,1.00630914826
64806,64813,66022,7,1209,2,36000,1.00578990902
64823,64829,65940,6,1111,2,36000,1.00540054005
64824,64835,65975,11,1140,2,36000,1.00964912281
64841,64848,65859,7,1011,2,36000,1.00692383778
64843,64853,66032,10,1179,2,36000,1.00848176421
64844,64860,65963,16,1103,2,36000,1.01450589302
64845,64865,65976,20,1111,2,36000,1.01800180018
64863,64871,65994,8,1123,2,36000,1.0071237756
64879,64886,66040,7,1154,2,36000,1.00606585789
64881,64892,66084,11,1192,2,36000,1.00922818792
64911,64917,65965,6,1048,2,36000,1.00572519084
64912,64923,66060,11,1137,2,36000,1.00967458223
64930,64936,66083,6,1147,2,36000,1.00523103749
64931,64942,66106,11,1164,2,36000,1.00945017182
64932,64947,66095,15,1148,2,36000,1.01306620209
64950,64956,66152,6,1196,2,36000,1.00501672241
64951,64962,66042,11,1080,2,36000,1.01018518519
64953,64967,66092,14,1125,2,36000,1.01244444444
64954,64973,66126,19,1153,2,36000,1.01647875108
64971,64979,66093,8,1114,2,36000,1.00718132855
64972,64984,66177,12,1193,2,36000,1.01005867561
64974,64990,65959,16,969,2,36000,1.01651186791
64991,64997,65957,6,960,2,36000,1.00625
64992,65003,66050,11,1047,2,36000,1.01050620821
65010,65016,66161,6,1145,2,36000,1.00524017467
65027,65033,66435,6,1402,2,36000,1.00427960057
65029,65039,66113,10,1074,2,36000,1.00931098696
65030,65044,66232,14,1188,2,36000,1.01178451178
65047,65053,66044,6,991,2,36000,1.00605449041
65049,65059,66162,10,1103,2,36000,1.00906618314
65067,65073,66061,6,988,2,36000,1.00607287449
65068,65079,66192,11,1113,2,36000,1.00988319856
65069,65084,66401,15,1317,2,36000,1.01138952164
65071,65090,66327,19,1237,2,36000,1.01535974131
65088,65096,66221,8,1125,2,36000,1.00711111111
65114,65120,66296,6,1176,2,36000,1.00510204082
65115,65126,66142,11,1016,2,36000,1.01082677165
65132,65138,66044,6,906,2,36000,1.00662251656
65149,65155,66076,6,921,2,36000,1.00651465798
65150,65161,66309,11,1148,2,36000,1.00958188153
65169,65175,66198,6,1023,2,36000,1.00586510264
65170,65181,66288,11,1107,2,36000,1.00993676603
65171,65186,66256,15,1070,2,36000,1.01401869159
65173,65192,66267,19,1075,2,36000,1.0176744186
65174,65197,66193,23,996,2,36000,1.02309236948
65191,65203,66150,12,947,2,36000,1.01267159451
65192,65208,66284,16,1076,2,36000,1.01486988848
65194,65214,66237,20,1023,2,36000,1.01955034213
65195,65219,66409,24,1190,2,36000,1.02016806723
65212,65225,66389,13,1164,2,36000,1.01116838488
65228,65234,66417,6,1183,2,36000,1.00507185123
65230,65240,66252,10,1012,2,36000,1.00988142292
65247,65253,66375,6,1122,2,36000,1.00534759358
65248,65259,66314,11,1055,2,36000,1.01042654028
65265,65272,66326,7,1054,2,36000,1.00664136622
65267,65278,66400,11,1122,2,36000,1.00980392157
65268,65283,66402,15,1119,2,36000,1.01340482574
65292,65298,66521,6,1223,2,36000,1.00490596893
65293,65304,66477,11,1173,2,36000,1.00937766411
65295,65309,66417,14,1108,2,36000,1.01263537906
65312,65318,66353,6,1035,2,36000,1.00579710145
65313,65324,66392,11,1068,2,36000,1.01029962547
65333,65339,66353,6,1014,2,36000,1.00591715976
65349,65356,66505,7,1149,2,36000,1.00609225413
65351,65361,66505,10,1144,2,36000,1.00874125874
65367,65374,66550,7,1176,2,36000,1.00595238095
65369,65380,66390,11,1010,2,36000,1.01089108911
65395,65401,66593,6,1192,2,36000,1.00503355705
65396,65407,66445,11,1038,2,36000,1.0105973025
65414,65421,66484,7,1063,2,36000,1.00658513641
65416,65427,66477,11,1050,2,36000,1.01047619048
65417,65432,66460,15,1028,2,36000,1.01459143969
65418,65437,66513,19,1076,2,36000,1.01765799257
65420,65443,66688,23,1245,2,36000,1.01847389558
65421,65448,66441,27,993,2,36000,1.02719033233
65439,65455,66332,16,877,2,36000,1.01824401368
65440,65461,66455,21,994,2,36000,1.02112676056
65456,65467,66458,11,991,2,36000,1.01109989909
65473,65478,66653,5,1175,2,36000,1.00425531915
65501,65508,66494,7,986,2,36000,1.00709939148
65519,65525,66562,6,1037,2,36000,1.00578592093
65520,65531,66528,11,997,2,36000,1.0110330993
65522,65537,66591,15,1054,2,36000,1.01423149905
65538,65545,66829,7,1284,2,36000,1.0054517134
65556,65562,66701,6,1139,2,36000,1.00526777875
65557,65568,66664,11,1096,2,36000,1.01003649635
65574,65580,66585,6,1005,2,36000,1.00597014925
65576,65586,66698,10,1112,2,36000,1.00899280576
65577,65591,66669,14,1078,2,36000,1.01298701299
65593,65599,66852,6,1253,2,36000,1.00478850758
65611,65617,66677,6,1060,2,36000,1.00566037736
65612,65623,66627,11,1004,2,36000,1.0109561753
65614,65628,66780,14,1152,2,36000,1.01215277778
65615,65633,66988,18,1355,2,36000,1.01328413284
65632,65639,66581,7,942,2,36000,1.00743099788
65634,65645,66776,11,1131,2,36000,1.00972590628
65635,65651,66683,16,1032,2,36000,1.01550387597
65651,65657,66665,6,1008,2,36000,1.00595238095
65668,65675,66692,7,1017,2,36000,1.00688298918
65670,65680,66849,10,1169,2,36000,1.00855431993
65671,65686,66827,15,1141,2,36000,1.01314636284
65672,65691,66944,19,1253,2,36000,1.01516360734
65694,65699,66764,5,1065,2,36000,1.00469483568
65695,65706,66943,11,1237,2,36000,1.00889248181
65696,65711,66756,15,1045,2,36000,1.01435406699
65714,65720,66718,6,998,2,36000,1.00601202405
65715,65726,66879,11,1153,2,36000,1.00954032958
65717,65731,66789,14,1058,2,36000,1.01323251418
65718,65737,66842,19,1105,2,36000,1.01719457014
65737,65743,67246,6,1503,2,36000,1.00399201597
65738,65749,66846,11,1097,2,36000,1.01002734731
65740,65754,67374,14,1620,2,36000,1.00864197531
65758,65764,66933,6,1169,2,36000,1.00513259196
65759,65770,66779,11,1009,2,36000,1.01090188305
65760,65775,66745,15,970,2,36000,1.01546391753
65777,65784,66895,7,1111,2,36000,1.00630063006
65779,65790,66911,11,1121,2,36000,1.00981266726
65780,65795,66820,15,1025,2,36000,1.01463414634
65797,65803,66720,6,917,2,36000,1.00654307525
65798,65809,66946,11,1137,2,36000,1.00967458223
65843,65849,66902,6,1053,2,36000,1.0056980057
65862,65868,67001,6,1133,2,36000,1.0052956752
65901,65907,66896,6,989,2,36000,1.00606673407
65902,65913,66845,11,932,2,36000,1.01180257511
65943,65949,67013,6,1064,2,36000,1.00563909774
65944,65955,67009,11,1054,2,36000,1.01043643264
65961,65967,67137,6,1170,2,36000,1.00512820513
65963,65973,66849,10,876,2,36000,1.01141552511
65980,65986,67171,6,1185,2,36000,1.00506329114
65981,65992,67227,11,1235,2,36000,1.00890688259
65983,65997,66971,14,974,2,36000,1.01437371663
65984,66003,66952,19,949,2,36000,1.02002107482
66002,66009,67111,7,1102,2,36000,1.00635208711
66025,66031,67190,6,1159,2,36000,1.00517687662
66041,66047,67190,6,1143,2,36000,1.00524934383
66042,66053,67182,11,1129,2,36000,1.00974313552
66059,66065,67095,6,1030,2,36000,1.00582524272
66061,66071,67088,10,1017,2,36000,1.00983284169
66062,66076,67118,14,1042,2,36000,1.01343570058
66063,66081,67032,18,951,2,36000,1.01892744479
66081,66088,66987,7,899,2,36000,1.00778642937
66082,66093,67105,11,1012,2,36000,1.01086956522
66083,66099,67099,16,1000,2,36000,1.016
66102,66108,67449,6,1341,2,36000,1.00447427293
66104,66114,67394,10,1280,2,36000,1.0078125
66105,66119,67301,14,1182,2,36000,1.01184433164
66106,66124,67232,18,1108,2,36000,1.01624548736
66108,66130,67329,22,1199,2,36000,1.01834862385
66124,66136,67231,12,1095,2,36000,1.01095890411
66125,66142,67099,17,957,2,36000,1.01776384535
66142,66147,67295,5,1148,2,36000,1.0043554007
66143,66154,67102,11,948,2,36000,1.01160337553
66160,66166,67104,6,938,2,36000,1.00639658849
66162,66172,67171,10,999,2,36000,1.01001001001
66163,66177,67299,14,1122,2,36000,1.01247771836
66180,66186,67088,6,902,2,36000,1.0066518847
66181,66192,67248,11,1056,2,36000,1.01041666667
66198,66204,67208,6,1004,2,36000,1.00597609562
66199,66210,67331,11,1121,2,36000,1.00981266726
66200,66215,67286,15,1071,2,36000,1.01400560224
66224,66230,67380,6,1150,2,36000,1.0052173913
66241,66247,67374,6,1127,2,36000,1.00532386868
66242,66253,67337,11,1084,2,36000,1.01014760148
66258,66265,67353,7,1088,2,36000,1.00643382353
66260,66271,67351,11,1080,2,36000,1.01018518519
66276,66282,67359,6,1077,2,36000,1.00557103064
66293,66299,67325,6,1026,2,36000,1.00584795322
66294,66305,67484,11,1179,2,36000,1.00932994063
66312,66318,67450,6,1132,2,36000,1.00530035336
66313,66324,67175,11,851,2,36000,1.01292596945
66330,66336,67350,6,1014,2,36000,1.00591715976
66332,66342,67219,10,877,2,36000,1.01140250855
66333,66348,67476,15,1128,2,36000,1.01329787234
66349,66356,67555,7,1199,2,36000,1.0058381985
66366,66372,67339,6,967,2,36000,1.00620475698
66367,66378,67591,11,1213,2,36000,1.00906842539
66385,66391,67486,6,1095,2,36000,1.00547945205
66403,66409,67605,6,1196,2,36000,1.00501672241
66404,66415,67663,11,1248,2,36000,1.00881410256
66406,66420,67485,14,1065,2,36000,1.01314553991
66407,66426,67520,19,1094,2,36000,1.01736745887
66408,66431,67345,23,914,2,36000,1.02516411379
66410,66436,67462,26,1026,2,36000,1.0253411306
66411,66442,67458,31,1016,2,36000,1.03051181102
66429,66448,67460,19,1012,2,36000,1.01877470356
66430,66453,67495,23,1042,2,36000,1.02207293666
66432,66458,67688,26,1230,2,36000,1.02113821138
66450,66464,67524,14,1060,2,36000,1.01320754717
66451,66470,67502,19,1032,2,36000,1.01841085271
66453,66475,67604,22,1129,2,36000,1.01948627104
66470,66481,67530,11,1049,2,36000,1.01048617731
66472,66487,67607,15,1120,2,36000,1.01339285714
66473,66492,67510,19,1018,2,36000,1.01866404715
66491,66498,67648,7,1150,2,36000,1.00608695652
66492,66503,67652,11,1149,2,36000,1.00957354221
66493,66509,67646,16,1137,2,36000,1.01407211961
66510,66517,67456,7,939,2,36000,1.00745473908
66512,66522,67540,10,1018,2,36000,1.00982318271
66513,66529,67523,16,994,2,36000,1.01609657948
66530,66537,67604,7,1067,2,36000,1.00656044986
66532,66543,67545,11,1002,2,36000,1.01097804391
66533,66548,67429,15,881,2,36000,1.0170261067
66553,66559,67525,6,966,2,36000,1.00621118012
66570,66576,67635,6,1059,2,36000,1.00566572238
66586,66592,67892,6,1300,2,36000,1.00461538462
66588,66598,67801,10,1203,2,36000,1.00831255195
66606,66612,67696,6,1084,2,36000,1.00553505535
66607,66618,67585,11,967,2,36000,1.0113753878
66630,66636,67650,6,1014,2,36000,1.00591715976
66656,66662,67740,6,1078,2,36000,1.00556586271
66672,66679,67840,7,1161,2,36000,1.0060292851
66674,66685,67788,11,1103,2,36000,1.00997280145
66675,66691,67898,16,1207,2,36000,1.01325600663
66693,66699,67779,6,1080,2,36000,1.00555555556
66694,66705,67771,11,1066,2,36000,1.01031894934
66696,66710,67848,14,1138,2,36000,1.01230228471
66697,66715,67833,18,1118,2,36000,1.01610017889
66715,66722,67762,7,1040,2,36000,1.00673076923
66716,66727,67857,11,1130,2,36000,1.00973451327
66733,66739,67816,6,1077,2,36000,1.00557103064
66734,66745,67800,11,1055,2,36000,1.01042654028
66751,66757,68219,6,1462,2,36000,1.00410396717
66768,66774,67881,6,1107,2,36000,1.0054200542
66769,66780,67850,11,1070,2,36000,1.01028037383
66786,66792,67839,6,1047,2,36000,1.00573065903
66787,66798,67856,11,1058,2,36000,1.01039697543
66789,66803,67722,14,919,2,36000,1.01523394995
66805,66812,67861,7,1049,2,36000,1.00667302193
66822,66828,67844,6,1016,2,36000,1.00590551181
66840,66846,68065,6,1219,2,36000,1.00492206727
66841,66852,67920,11,1068,2,36000,1.01029962547
66860,66866,67886,6,1020,2,36000,1.00588235294
66861,66872,67978,11,1106,2,36000,1.00994575045
66862,66877,67997,15,1120,2,36000,1.01339285714
66864,66882,68210,18,1328,2,36000,1.01355421687
66865,66888,68051,23,1163,2,36000,1.01977644024
66866,66894,67991,28,1097,2,36000,1.02552415679
66883,66900,68013,17,1113,2,36000,1.01527403414
66901,66907,67939,6,1032,2,36000,1.00581395349
66902,66913,67910,11,997,2,36000,1.0110330993
66919,66925,68021,6,1096,2,36000,1.00547445255
66920,66931,68033,11,1102,2,36000,1.00998185118
66937,66943,68069,6,1126,2,36000,1.0053285968
66955,66961,68375,6,1414,2,36000,1.00424328147
66956,66967,68101,11,1134,2,36000,1.00970017637
66957,66972,67984,15,1012,2,36000,1.01482213439
66959,66978,68067,19,1089,2,36000,1.01744719927
66975,66984,68023,9,1039,2,36000,1.00866217517
66992,66999,67957,7,958,2,36000,1.00730688935
66994,67005,68242,11,1237,2,36000,1.00889248181
67011,67017,68005,6,988,2,36000,1.00607287449
67013,67023,68068,10,1045,2,36000,1.00956937799
67029,67035,68210,6,1175,2,36000,1.00510638298
67045,67051,68164,6,1113,2,36000,1.00539083558
67090,67096,68098,6,1002,2,36000,1.00598802395
67091,67102,68236,11,1134,2,36000,1.00970017637
67110,67116,68196,6,1080,2,36000,1.00555555556
67111,67122,68186,11,1064,2,36000,1.01033834586
67112,67127,68276,15,1149,2,36000,1.01305483029
67114,67132,68215,18,1083,2,36000,1.01662049861
67115,67137,68138,22,1001,2,36000,1.02197802198
67116,67143,68130,27,987,2,36000,1.0273556231
67133,67149,68278,16,1129,2,36000,1.01417183348
67134,67154,68089,20,935,2,36000,1.02139037433
67151,67161,68125,10,964,2,36000,1.01037344398
67175,67181,68260,6,1079,2,36000,1.00556070436
67176,67187,68437,11,1250,2,36000,1.0088
67177,67193,68249,16,1056,2,36000,1.01515151515
67195,67201,68329,6,1128,2,36000,1.00531914894
67197,67207,68232,10,1025,2,36000,1.00975609756
67198,67212,68425,14,1213,2,36000,1.01154163232
67215,67220,68368,5,1148,2,36000,1.0043554007
67232,67238,68368,6,1130,2,36000,1.00530973451
67233,67244,68354,11,1110,2,36000,1.00990990991
67234,67249,68341,15,1092,2,36000,1.01373626374
67235,67255,68289,20,1034,2,36000,1.01934235977
67253,67261,68487,8,1226,2,36000,1.00652528548
67254,67266,68332,12,1066,2,36000,1.01125703565
67289,67295,68367,6,1072,2,36000,1.00559701493
67306,67312,68381,6,1069,2,36000,1.00561272217
67307,67318,68380,11,1062,2,36000,1.01035781544
67309,67323,68415,14,1092,2,36000,1.01282051282
67328,67334,68487,6,1153,2,36000,1.00520381613
67330,67340,68370,10,1030,2,36000,1.00970873786
67348,67354,68377,6,1023,2,36000,1.00586510264
67349,67360,68359,11,999,2,36000,1.01101101101
67350,67366,69076,16,1710,2,36000,1.00935672515
67352,67371,68360,19,989,2,36000,1.01921132457
67370,67377,68401,7,1024,2,36000,1.0068359375
67371,67382,68364,11,982,2,36000,1.01120162933
67373,67389,68474,16,1085,2,36000,1.01474654378
67374,67395,68498,21,1103,2,36000,1.01903898459
67391,67401,68587,10,1186,2,36000,1.0084317032
67393,67406,68432,13,1026,2,36000,1.0126705653
67394,67411,68456,17,1045,2,36000,1.01626794258
67411,67418,68509,7,1091,2,36000,1.00641613199
67434,67440,68458,6,1018,2,36000,1.00589390963
67454,67460,68628,6,1168,2,36000,1.0051369863
67456,67466,68571,10,1105,2,36000,1.00904977376
67473,67479,68655,6,1176,2,36000,1.00510204082
67474,67485,68727,11,1242,2,36000,1.00885668277
67476,67490,68601,14,1111,2,36000,1.01260126013
67477,67495,68519,18,1024,2,36000,1.017578125
67495,67501,68579,6,1078,2,36000,1.00556586271
67496,67507,68473,11,966,2,36000,1.01138716356
67497,67512,68531,15,1019,2,36000,1.01472031403
67499,67517,68659,18,1142,2,36000,1.01576182137
67500,67523,68693,23,1170,2,36000,1.01965811966
67520,67529,68624,9,1095,2,36000,1.00821917808
67521,67535,68635,14,1100,2,36000,1.01272727273
67539,67545,69050,6,1505,2,36000,1.00398671096
67540,67551,68454,11,903,2,36000,1.01218161683
67542,67556,68646,14,1090,2,36000,1.0128440367
67543,67562,68701,19,1139,2,36000,1.01668129939
67544,67567,68709,23,1142,2,36000,1.02014010508
67562,67573,68679,11,1106,2,36000,1.00994575045
67563,67578,68702,15,1124,2,36000,1.01334519573
67564,67584,68548,20,964,2,36000,1.02074688797
67588,67594,68714,6,1120,2,36000,1.00535714286
67604,67610,68708,6,1098,2,36000,1.00546448087
67606,67616,68521,10,905,2,36000,1.01104972376
67607,67622,68796,15,1174,2,36000,1.01277683135
67608,67627,68863,19,1236,2,36000,1.01537216828
67626,67633,68648,7,1015,2,36000,1.00689655172
67642,67648,68770,6,1122,2,36000,1.00534759358
67660,67666,68568,6,902,2,36000,1.0066518847
67661,67672,68774,11,1102,2,36000,1.00998185118
67663,67677,68849,14,1172,2,36000,1.01194539249
67664,67683,69028,19,1345,2,36000,1.01412639405
67681,67689,68725,8,1036,2,36000,1.00772200772
67698,67704,68722,6,1018,2,36000,1.00589390963
67699,67710,68685,11,975,2,36000,1.01128205128
67725,67731,68798,6,1067,2,36000,1.00562324274
67743,67749,68981,6,1232,2,36000,1.00487012987
67767,67773,68845,6,1072,2,36000,1.00559701493
67783,67790,68790,7,1000,2,36000,1.007
67785,67796,68848,11,1052,2,36000,1.01045627376
67801,67808,68981,7,1173,2,36000,1.00596760443
67803,67813,68979,10,1166,2,36000,1.00857632933
67804,67820,68903,16,1083,2,36000,1.01477377655
67822,67827,68936,5,1109,2,36000,1.00450856628
67838,67844,68851,6,1007,2,36000,1.00595829196
67840,67850,68850,10,1000,2,36000,1.01
67857,67864,68852,7,988,2,36000,1.00708502024
67859,67870,68967,11,1097,2,36000,1.01002734731
67860,67876,68827,16,951,2,36000,1.01682439537
67861,67881,68951,20,1070,2,36000,1.01869158879
67863,67886,69071,23,1185,2,36000,1.0194092827
67864,67891,68969,27,1078,2,36000,1.02504638219
67881,67897,69046,16,1149,2,36000,1.01392515231
67883,67902,68994,19,1092,2,36000,1.0173992674
67900,67908,68947,8,1039,2,36000,1.00769971126
67901,67913,69022,12,1109,2,36000,1.01082055906
67903,67918,69132,15,1214,2,36000,1.01235584843
67920,67925,69014,5,1089,2,36000,1.00459136823
67921,67931,68865,10,934,2,36000,1.01070663812
67940,67947,69002,7,1055,2,36000,1.00663507109
67960,67966,69062,6,1096,2,36000,1.00547445255
67980,67986,69130,6,1144,2,36000,1.00524475524
67997,68003,69571,6,1568,2,36000,1.00382653061
67999,68009,69036,10,1027,2,36000,1.00973709834
68000,68014,69015,14,1001,2,36000,1.01398601399
68017,68023,69157,6,1134,2,36000,1.00529100529
68019,68029,68999,10,970,2,36000,1.01030927835
68036,68042,69036,6,994,2,36000,1.0060362173
68037,68048,69110,11,1062,2,36000,1.01035781544
68038,68053,69133,15,1080,2,36000,1.01388888889
68055,68061,69080,6,1019,2,36000,1.00588812561
68073,68078,69269,5,1191,2,36000,1.00419815281
68074,68084,69243,10,1159,2,36000,1.0086281277
68075,68089,69139,14,1050,2,36000,1.01333333333
68077,68095,69242,18,1147,2,36000,1.01569311247
68093,68101,69141,8,1040,2,36000,1.00769230769
68110,68116,69155,6,1039,2,36000,1.00577478345
68111,68122,69033,11,911,2,36000,1.01207464325
68128,68134,69285,6,1151,2,36000,1.00521285838
68144,68150,69169,6,1019,2,36000,1.00588812561
68145,68156,69377,11,1221,2,36000,1.00900900901
68168,68174,69306,6,1132,2,36000,1.00530035336
68188,68194,69252,6,1058,2,36000,1.0056710775
68204,68211,69287,7,1076,2,36000,1.00650557621
68222,68228,69192,6,964,2,36000,1.00622406639
68223,68234,69300,11,1066,2,36000,1.01031894934
68224,68239,69334,15,1095,2,36000,1.01369863014
68226,68244,69381,18,1137,2,36000,1.01583113456
68243,68251,69296,8,1045,2,36000,1.00765550239
68244,68256,69420,12,1164,2,36000,1.01030927835
68246,68262,69401,16,1139,2,36000,1.01404741001
68263,68269,69773,6,1504,2,36000,1.0039893617
68264,68275,69276,11,1001,2,36000,1.01098901099
68282,68287,69267,5,980,2,36000,1.00510204082
68283,68293,69456,10,1163,2,36000,1.00859845228
68299,68306,69459,7,1153,2,36000,1.00607111882
68331,68338,69383,7,1045,2,36000,1.00669856459
68333,68343,69426,10,1083,2,36000,1.00923361034
68350,68356,69376,6,1020,2,36000,1.00588235294
68368,68374,69506,6,1132,2,36000,1.00530035336
68370,68380,69554,10,1174,2,36000,1.00851788756
68371,68386,69420,15,1034,2,36000,1.01450676983
68372,68391,69505,19,1114,2,36000,1.0170556553
68374,68396,69574,22,1178,2,36000,1.01867572156
68375,68402,69439,27,1037,2,36000,1.02603664417
68376,68407,69506,31,1099,2,36000,1.02820746133
68395,68413,69473,18,1060,2,36000,1.01698113208
68396,68418,69409,22,991,2,36000,1.02219979818
68397,68424,69573,27,1149,2,36000,1.02349869452
68399,68429,69499,30,1070,2,36000,1.02803738318
68400,68434,69479,34,1045,2,36000,1.03253588517
68417,68439,69421,22,982,2,36000,1.02240325866
68418,68445,69553,27,1108,2,36000,1.02436823105
68435,68451,69549,16,1098,2,36000,1.014571949
68437,68457,69760,20,1303,2,36000,1.01534919417
68453,68463,69524,10,1061,2,36000,1.00942507069
68471,68477,69609,6,1132,2,36000,1.00530035336
68472,68483,69490,11,1007,2,36000,1.01092353525
68473,68488,69531,15,1043,2,36000,1.01438159156
68491,68497,69316,6,819,2,36000,1.00732600733
68492,68503,69626,11,1123,2,36000,1.00979519145
68494,68508,69699,14,1191,2,36000,1.01175482788
68495,68514,69595,19,1081,2,36000,1.01757631822
68512,68520,69548,8,1028,2,36000,1.00778210117
68513,68525,69606,12,1081,2,36000,1.01110083256
68530,68536,69581,6,1045,2,36000,1.00574162679
68531,68542,69491,11,949,2,36000,1.01159114858
68548,68554,69721,6,1167,2,36000,1.00514138817
68549,68560,69638,11,1078,2,36000,1.01020408163
68572,68578,69605,6,1027,2,36000,1.00584225901
68574,68584,69616,10,1032,2,36000,1.00968992248
68590,68596,69577,6,981,2,36000,1.00611620795
68591,68602,69681,11,1079,2,36000,1.01019462465
68608,68614,69774,6,1160,2,36000,1.00517241379
68628,68634,69666,6,1032,2,36000,1.00581395349
68629,68640,69786,11,1146,2,36000,1.00959860384
68646,68652,69935,6,1283,2,36000,1.00467653936
68648,68658,69698,10,1040,2,36000,1.00961538462
68665,68671,69933,6,1262,2,36000,1.00475435816
68667,68677,69793,10,1116,2,36000,1.00896057348
68668,68682,69787,14,1105,2,36000,1.01266968326
68684,68690,69613,6,923,2,36000,1.00650054171
68701,68707,69762,6,1055,2,36000,1.00568720379
68703,68713,69677,10,964,2,36000,1.01037344398
68704,68718,69750,14,1032,2,36000,1.01356589147
68705,68724,69706,19,982,2,36000,1.01934826884
68725,68731,69825,6,1094,2,36000,1.00548446069
68726,68737,69772,11,1035,2,36000,1.01062801932
68727,68742,69797,15,1055,2,36000,1.01421800948
68729,68748,69779,19,1031,2,36000,1.01842870999
68730,68753,69784,23,1031,2,36000,1.02230843841
68749,68759,69843,10,1084,2,36000,1.00922509225
68772,68778,69722,6,944,2,36000,1.0063559322
68788,68795,69835,7,1040,2,36000,1.00673076923
68805,68811,69792,6,981,2,36000,1.00611620795
68806,68817,69887,11,1070,2,36000,1.01028037383
68808,68822,69863,14,1041,2,36000,1.01344860711
68830,68837,69868,7,1031,2,36000,1.00678952473
68847,68854,70055,7,1201,2,36000,1.00582847627
68865,68871,69996,6,1125,2,36000,1.00533333333
68866,68877,70005,11,1128,2,36000,1.00975177305
68868,68882,69943,14,1061,2,36000,1.01319509896
68869,68888,70032,19,1144,2,36000,1.01660839161
68870,68893,70263,23,1370,2,36000,1.01678832117
68872,68899,69931,27,1032,2,36000,1.0261627907
68873,68905,70056,32,1151,2,36000,1.02780191138
68906,68912,70013,6,1101,2,36000,1.00544959128
68938,68944,70119,6,1175,2,36000,1.00510638298
68955,68961,69976,6,1015,2,36000,1.00591133005
68956,68967,70023,11,1056,2,36000,1.01041666667
68974,68980,69968,6,988,2,36000,1.00607287449
68975,68986,69906,11,920,2,36000,1.01195652174
68993,68999,70141,6,1142,2,36000,1.00525394046
68994,69005,70059,11,1054,2,36000,1.01043643264
68995,69010,70034,15,1024,2,36000,1.0146484375
69013,69019,70095,6,1076,2,36000,1.00557620818
69014,69025,70077,11,1052,2,36000,1.01045627376
69016,69030,70243,14,1213,2,36000,1.01154163232
69034,69040,70175,6,1135,2,36000,1.00528634361
69035,69046,70076,11,1030,2,36000,1.01067961165
69037,69051,69980,14,929,2,36000,1.01506996771
69038,69057,70060,19,1003,2,36000,1.01894317049
69039,69062,70040,23,978,2,36000,1.02351738241
69057,69068,70145,11,1077,2,36000,1.01021355617
69058,69073,70089,15,1016,2,36000,1.01476377953
69059,69079,70174,20,1095,2,36000,1.01826484018
69061,69084,70063,23,979,2,36000,1.02349336057
69078,69090,70176,12,1086,2,36000,1.01104972376
69080,69095,70222,15,1127,2,36000,1.01330967169
69081,69101,70206,20,1105,2,36000,1.01809954751
69098,69107,70952,9,1845,2,36000,1.00487804878
69114,69120,70284,6,1164,2,36000,1.00515463918
69134,69140,70212,6,1072,2,36000,1.00559701493
69136,69146,70237,10,1091,2,36000,1.00916590284
69137,69151,70135,14,984,2,36000,1.01422764228
69154,69161,70218,7,1057,2,36000,1.00662251656
69156,69167,70252,11,1085,2,36000,1.01013824885
69157,69172,70249,15,1077,2,36000,1.0139275766
69174,69180,70305,6,1125,2,36000,1.00533333333
69175,69186,70323,11,1137,2,36000,1.00967458223
69195,69201,70204,6,1003,2,36000,1.00598205384
69246,69252,70311,6,1059,2,36000,1.00566572238
69247,69258,70340,11,1082,2,36000,1.0101663586
69265,69271,70419,6,1148,2,36000,1.00522648084
69286,69293,70376,7,1083,2,36000,1.00646352724
69288,69299,70490,11,1191,2,36000,1.00923593619
69289,69304,70454,15,1150,2,36000,1.01304347826
69290,69310,70307,20,997,2,36000,1.02006018054
69292,69315,70326,23,1011,2,36000,1.02274975272
69313,69321,70347,8,1026,2,36000,1.00779727096
69315,69327,70301,12,974,2,36000,1.01232032854
69316,69333,70424,17,1091,2,36000,1.01558203483
69333,69339,70221,6,882,2,36000,1.00680272109
69349,69355,70438,6,1083,2,36000,1.0055401662
69379,69385,70556,6,1171,2,36000,1.00512382579
69380,69391,70510,11,1119,2,36000,1.00983020554
69397,69403,70269,6,866,2,36000,1.00692840647
69398,69409,70450,11,1041,2,36000,1.01056676273
69415,69421,70566,6,1145,2,36000,1.00524017467
69416,69427,70550,11,1123,2,36000,1.00979519145
69433,69439,70603,6,1164,2,36000,1.00515463918
69435,69445,70534,10,1089,2,36000,1.00918273646
69436,69450,70472,14,1022,2,36000,1.01369863014
69437,69455,70388,18,933,2,36000,1.0192926045
69454,69461,70586,7,1125,2,36000,1.00622222222
69460,69502,98747,42,29245,18,43200,1.00143614293
69471,69477,70592,6,1115,2,36000,1.00538116592
69472,69483,70636,11,1153,2,36000,1.00954032958
69489,69496,70553,7,1057,2,36000,1.00662251656
69491,69508,70618,17,1110,2,36000,1.01531531532
69492,69513,70560,21,1047,2,36000,1.02005730659
69510,69519,70529,9,1010,2,36000,1.00891089109
69511,69525,70677,14,1152,2,36000,1.01215277778
69512,69530,70646,18,1116,2,36000,1.01612903226
69514,69536,70536,22,1000,2,36000,1.022
69515,69542,70513,27,971,2,36000,1.02780638517
69531,69547,70691,16,1144,2,36000,1.01398601399
69533,69552,70524,19,972,2,36000,1.0195473251
69551,69559,70753,8,1194,2,36000,1.0067001675
69552,69566,71478,14,1912,2,36000,1.00732217573
69569,69575,70804,6,1229,2,36000,1.0048820179
69570,69581,70718,11,1137,2,36000,1.00967458223
69587,69594,70603,7,1009,2,36000,1.00693756194
69589,69599,70676,10,1077,2,36000,1.00928505107
69590,69605,70526,15,921,2,36000,1.01628664495
69591,69610,70635,19,1025,2,36000,1.01853658537
69593,69616,70955,23,1339,2,36000,1.01717699776
69610,69622,70655,12,1033,2,36000,1.01161665053
69611,69628,70573,17,945,2,36000,1.01798941799
69613,69633,70512,20,879,2,36000,1.02275312856
69614,69638,70690,24,1052,2,36000,1.02281368821
69631,69644,70625,13,981,2,36000,1.01325178389
69632,69650,70883,18,1233,2,36000,1.01459854015
69634,69655,70759,21,1104,2,36000,1.01902173913
69650,69661,70690,11,1029,2,36000,1.01068999028
69670,69677,70645,7,968,2,36000,1.00723140496
69687,69694,70716,7,1022,2,36000,1.00684931507
69689,69699,70773,10,1074,2,36000,1.00931098696
69706,69711,70886,5,1175,2,36000,1.00425531915
69707,69717,70729,10,1012,2,36000,1.00988142292
69725,69731,70889,6,1158,2,36000,1.00518134715
69726,69737,70715,11,978,2,36000,1.01124744376
69728,69742,70913,14,1171,2,36000,1.01195559351
69753,69761,70733,8,972,2,36000,1.00823045267
69770,69776,70814,6,1038,2,36000,1.00578034682
69772,69782,70769,10,987,2,36000,1.01013171226
69791,69797,70818,6,1021,2,36000,1.00587659158
69792,69803,70883,11,1080,2,36000,1.01018518519
69793,69808,70933,15,1125,2,36000,1.01333333333
69795,69814,70840,19,1026,2,36000,1.01851851852
69796,69819,70936,23,1117,2,36000,1.0205908684
69797,69824,70841,27,1017,2,36000,1.02654867257
69799,69830,70891,31,1061,2,36000,1.02921771913
69817,69835,70940,18,1105,2,36000,1.01628959276
69818,69841,70835,23,994,2,36000,1.023138833
69819,69846,70951,27,1105,2,36000,1.02443438914
69837,69852,70909,15,1057,2,36000,1.01419110691
69838,69857,70861,19,1004,2,36000,1.01892430279
69855,69863,70973,8,1110,2,36000,1.00720720721
69872,69878,71028,6,1150,2,36000,1.0052173913
69873,69884,70949,11,1065,2,36000,1.0103286385
69890,69899,71003,9,1104,2,36000,1.00815217391
69910,69917,71066,7,1149,2,36000,1.00609225413
69933,69942,71138,9,1196,2,36000,1.00752508361
69934,69948,70999,14,1051,2,36000,1.013320647
69951,69958,71066,7,1108,2,36000,1.00631768953
69953,69963,70930,10,967,2,36000,1.01034126163
69972,69979,71022,7,1043,2,36000,1.0067114094
69989,69996,71179,7,1183,2,36000,1.00591715976
69991,70002,71176,11,1174,2,36000,1.00936967632
70008,70014,71122,6,1108,2,36000,1.00541516245
70009,70020,71148,11,1128,2,36000,1.00975177305
70026,70032,71137,6,1105,2,36000,1.00542986425
70028,70038,71014,10,976,2,36000,1.01024590164
70054,70060,71078,6,1018,2,36000,1.00589390963
70055,70066,71009,11,943,2,36000,1.01166489926
70057,70071,71063,14,992,2,36000,1.01411290323
70077,70084,71236,7,1152,2,36000,1.00607638889
70079,70090,71259,11,1169,2,36000,1.00940975192
70080,70095,71142,15,1047,2,36000,1.01432664756
70081,70100,71150,19,1050,2,36000,1.0180952381
70083,70105,71160,22,1055,2,36000,1.02085308057
70084,70111,71109,27,998,2,36000,1.02705410822
70085,70117,71261,32,1144,2,36000,1.02797202797
70103,70122,71249,19,1127,2,36000,1.01685891748
70104,70128,71148,24,1020,2,36000,1.02352941176
70124,70134,71129,10,995,2,36000,1.01005025126
70141,70147,71298,6,1151,2,36000,1.00521285838
70158,70164,71173,6,1009,2,36000,1.00594648167
70159,70170,71323,11,1153,2,36000,1.00954032958
70177,70185,71184,8,999,2,36000,1.00800800801
70178,70191,71285,13,1094,2,36000,1.01188299817
70179,70196,71311,17,1115,2,36000,1.01524663677
70206,70215,71357,9,1142,2,36000,1.00788091068
70208,70221,71174,13,953,2,36000,1.01364113326
70226,70232,71211,6,979,2,36000,1.00612870276
70227,70238,71481,11,1243,2,36000,1.00884955752
70228,70243,71328,15,1085,2,36000,1.01382488479
70229,70248,71468,19,1220,2,36000,1.01557377049
70246,70255,71383,9,1128,2,36000,1.0079787234
70248,70261,71277,13,1016,2,36000,1.01279527559
70266,70272,71388,6,1116,2,36000,1.00537634409
70267,70278,71474,11,1196,2,36000,1.00919732441
70268,70283,71265,15,982,2,36000,1.01527494908
70285,70291,71340,6,1049,2,36000,1.00571973308
70287,70297,71332,10,1035,2,36000,1.00966183575
70303,70312,71292,9,980,2,36000,1.00918367347
70320,70326,71488,6,1162,2,36000,1.00516351119
70321,70332,71309,11,977,2,36000,1.01125895599
70323,70337,71349,14,1012,2,36000,1.01383399209
70340,70346,71447,6,1101,2,36000,1.00544959128
70341,70352,71444,11,1092,2,36000,1.01007326007
70358,70364,71390,6,1026,2,36000,1.00584795322
70359,70370,71523,11,1153,2,36000,1.00954032958
70379,70387,71286,8,899,2,36000,1.00889877642
70396,70402,71366,6,964,2,36000,1.00622406639
70422,70430,71476,8,1046,2,36000,1.00764818356
70439,70445,71486,6,1041,2,36000,1.00576368876
70440,70451,71389,11,938,2,36000,1.01172707889
70457,70464,71609,7,1145,2,36000,1.00611353712
70459,70470,71591,11,1121,2,36000,1.00981266726
70475,70484,71529,9,1045,2,36000,1.00861244019
70492,70501,71423,9,922,2,36000,1.00976138829
70516,70522,71536,6,1014,2,36000,1.00591715976
70517,70528,71649,11,1121,2,36000,1.00981266726
70518,70533,71532,15,999,2,36000,1.01501501502
70536,70543,71596,7,1053,2,36000,1.00664767331
70538,70549,71680,11,1131,2,36000,1.00972590628
70539,70554,71712,15,1158,2,36000,1.01295336788
70540,70560,71764,20,1204,2,36000,1.01661129568
70542,70565,71581,23,1016,2,36000,1.02263779528
70559,70571,71635,12,1064,2,36000,1.01127819549
70560,70577,71669,17,1092,2,36000,1.01556776557
70562,70582,71525,20,943,2,36000,1.02120890774
70579,70588,71672,9,1084,2,36000,1.00830258303
70580,70594,71587,14,993,2,36000,1.01409869084
70582,70599,71633,17,1034,2,36000,1.0164410058
70600,70605,71676,5,1071,2,36000,1.00466853408
70601,70611,71773,10,1162,2,36000,1.00860585198
70618,70624,71631,6,1007,2,36000,1.00595829196
70619,70630,71728,11,1098,2,36000,1.01001821494
70620,70635,71750,15,1115,2,36000,1.0134529148
70638,70644,71683,6,1039,2,36000,1.00577478345
70639,70650,71592,11,942,2,36000,1.01167728238
70640,70655,71758,15,1103,2,36000,1.01359927471
70658,70664,71584,6,920,2,36000,1.00652173913
70659,70670,71638,11,968,2,36000,1.01136363636
70661,70675,71759,14,1084,2,36000,1.01291512915
70678,70687,71660,9,973,2,36000,1.00924974306
70679,70693,71703,14,1010,2,36000,1.01386138614
70696,70702,71695,6,993,2,36000,1.00604229607
70697,70708,71763,11,1055,2,36000,1.01042654028
70699,70713,71972,14,1259,2,36000,1.01111993646
70718,70726,71854,8,1128,2,36000,1.00709219858
70720,70732,71774,12,1042,2,36000,1.01151631478
70721,70737,71743,16,1006,2,36000,1.01590457256
70739,70744,71724,5,980,2,36000,1.00510204082
70740,70750,71884,10,1134,2,36000,1.00881834215
70757,70764,71749,7,985,2,36000,1.00710659898
70773,70779,71782,6,1003,2,36000,1.00598205384
70775,70785,71944,10,1159,2,36000,1.0086281277
70776,70791,71927,15,1136,2,36000,1.01320422535
70805,70815,71938,10,1123,2,36000,1.0089047195
70822,70828,71904,6,1076,2,36000,1.00557620818
70824,70834,71879,10,1045,2,36000,1.00956937799
70840,70846,71852,6,1006,2,36000,1.00596421471
70842,70852,71909,10,1057,2,36000,1.00946073794
70858,70864,71984,6,1120,2,36000,1.00535714286
70875,70881,71926,6,1045,2,36000,1.00574162679
70893,70900,71886,7,986,2,36000,1.00709939148
70895,70906,72070,11,1164,2,36000,1.00945017182
70896,70911,72211,15,1300,2,36000,1.01153846154
70897,70917,71918,20,1001,2,36000,1.01998001998
70899,70922,72097,23,1175,2,36000,1.01957446809
70916,70928,72028,12,1100,2,36000,1.01090909091
70917,70933,71855,16,922,2,36000,1.01735357918
70934,70941,72053,7,1112,2,36000,1.00629496403
70935,70947,72086,12,1139,2,36000,1.01053555751
70954,70960,71904,6,944,2,36000,1.0063559322
70955,70966,71995,11,1029,2,36000,1.01068999028
70956,70972,72100,16,1128,2,36000,1.01418439716
70958,70977,72210,19,1233,2,36000,1.01540957015
70959,70982,72227,23,1245,2,36000,1.01847389558
70976,70988,72114,12,1126,2,36000,1.01065719361
70977,70993,72076,16,1083,2,36000,1.01477377655
71001,71010,72048,9,1038,2,36000,1.00867052023
71017,71024,72045,7,1021,2,36000,1.00685602351
71019,71030,72140,11,1110,2,36000,1.00990990991
71020,71036,71968,16,932,2,36000,1.01716738197
71037,71043,71886,6,843,2,36000,1.00711743772
71038,71049,72192,11,1143,2,36000,1.00962379703
71068,71074,72067,6,993,2,36000,1.00604229607
71069,71080,72242,11,1162,2,36000,1.00946643718
71071,71085,72168,14,1083,2,36000,1.01292705448
71088,71094,72166,6,1072,2,36000,1.00559701493
71112,71120,72104,8,984,2,36000,1.0081300813
71129,71135,72120,6,985,2,36000,1.00609137056
71130,71141,72119,11,978,2,36000,1.01124744376
71148,71154,72185,6,1031,2,36000,1.00581959263
71149,71160,72216,11,1056,2,36000,1.01041666667
71151,71165,72237,14,1072,2,36000,1.01305970149
71152,71171,72260,19,1089,2,36000,1.01744719927
71153,71176,72305,23,1129,2,36000,1.02037201063
71155,71182,72158,27,976,2,36000,1.02766393443
71172,71187,72240,15,1053,2,36000,1.01424501425
71189,71196,72207,7,1011,2,36000,1.00692383778
71191,71201,72288,10,1087,2,36000,1.00919963201
71192,71208,72187,16,979,2,36000,1.01634320735
71193,71213,72114,20,901,2,36000,1.02219755827
71195,71218,72178,23,960,2,36000,1.02395833333
71214,71224,72304,10,1080,2,36000,1.00925925926
71237,71247,72238,10,991,2,36000,1.01009081736
71254,71260,72240,6,980,2,36000,1.00612244898
71271,71278,72421,7,1143,2,36000,1.00612423447
71273,71284,72402,11,1118,2,36000,1.00983899821
71274,71289,72397,15,1108,2,36000,1.01353790614
71292,71298,72300,6,1002,2,36000,1.00598802395
71293,71304,72214,11,910,2,36000,1.01208791209
71294,71309,72308,15,999,2,36000,1.01501501502
71312,71318,72406,6,1088,2,36000,1.00551470588
71313,71324,72327,11,1003,2,36000,1.0109670987
71315,71329,72340,14,1011,2,36000,1.01384767557
71316,71334,72570,18,1236,2,36000,1.0145631068
71333,71340,72369,7,1029,2,36000,1.00680272109
71335,71345,72471,10,1126,2,36000,1.00888099467
71336,71352,72337,16,985,2,36000,1.01624365482
71353,71360,72471,7,1111,2,36000,1.00630063006
71355,71366,72427,11,1061,2,36000,1.01036757776
71371,71377,72333,6,956,2,36000,1.00627615063
71373,71383,72459,10,1076,2,36000,1.0092936803
71390,71396,72504,6,1108,2,36000,1.00541516245
71391,71402,72537,11,1135,2,36000,1.00969162996
71393,71408,72548,15,1140,2,36000,1.01315789474
71394,71413,72448,19,1035,2,36000,1.01835748792
71427,71435,72545,8,1110,2,36000,1.00720720721
71447,71455,72644,8,1189,2,36000,1.00672834315
71448,71461,72389,13,928,2,36000,1.01400862069
71471,71479,72512,8,1033,2,36000,1.00774443369
71490,71496,72596,6,1100,2,36000,1.00545454545
71491,71502,72619,11,1117,2,36000,1.00984780662
71492,71507,72710,15,1203,2,36000,1.01246882793
71494,71513,72510,19,997,2,36000,1.01905717151
71495,71518,72561,23,1043,2,36000,1.02205177373
71496,71524,72727,28,1203,2,36000,1.02327514547
71526,71534,72513,8,979,2,36000,1.00817160368
71527,71540,72824,13,1284,2,36000,1.01012461059
71545,71551,72613,6,1062,2,36000,1.00564971751
71546,71557,72577,11,1020,2,36000,1.01078431373
71548,71562,72747,14,1185,2,36000,1.01181434599
71583,71592,72621,9,1029,2,36000,1.00874635569
71600,71606,72616,6,1010,2,36000,1.00594059406
71602,71612,72834,10,1222,2,36000,1.00818330606
71603,71617,72647,14,1030,2,36000,1.01359223301
71604,71623,72679,19,1056,2,36000,1.01799242424
71605,71628,72638,23,1010,2,36000,1.02277227723
71622,71634,72836,12,1202,2,36000,1.00998336106
71639,71646,72608,7,962,2,36000,1.00727650728
71641,71652,72702,11,1050,2,36000,1.01047619048
71642,71657,72540,15,883,2,36000,1.01698754247
71643,71663,72672,20,1009,2,36000,1.01982160555
71660,71669,72751,9,1082,2,36000,1.00831792976
71661,71675,72822,14,1147,2,36000,1.01220575414
71680,71686,72558,6,872,2,36000,1.00688073394
71681,71692,72728,11,1036,2,36000,1.01061776062
71682,71697,72735,15,1038,2,36000,1.01445086705
71684,71702,72713,18,1011,2,36000,1.0178041543
71700,71709,72744,9,1035,2,36000,1.00869565217
71702,71714,72798,12,1084,2,36000,1.0110701107
71719,71725,72844,6,1119,2,36000,1.00536193029
71720,71731,72699,11,968,2,36000,1.01136363636
71737,71743,72762,6,1019,2,36000,1.00588812561
71738,71749,72816,11,1067,2,36000,1.01030927835
71756,71763,72752,7,989,2,36000,1.00707785642
71758,71769,72743,11,974,2,36000,1.0112936345
71759,71774,72886,15,1112,2,36000,1.01348920863
71778,71784,72885,6,1101,2,36000,1.00544959128
71779,71790,72968,11,1178,2,36000,1.00933786078
71780,71795,72891,15,1096,2,36000,1.01368613139
71782,71800,72816,18,1016,2,36000,1.01771653543
71783,71806,72982,23,1176,2,36000,1.01955782313
71784,71811,73012,27,1201,2,36000,1.02248126561
71801,71817,73063,16,1246,2,36000,1.01284109149
71855,71864,73148,9,1284,2,36000,1.00700934579
71856,71870,73014,14,1144,2,36000,1.01223776224
71857,71875,73156,18,1281,2,36000,1.01405152225
71881,71890,72958,9,1068,2,36000,1.00842696629
71898,71904,72926,6,1022,2,36000,1.00587084149
71899,71910,72938,11,1028,2,36000,1.01070038911
71901,71915,72955,14,1040,2,36000,1.01346153846
71919,71925,72897,6,972,2,36000,1.00617283951
71921,71931,72996,10,1065,2,36000,1.00938967136
71922,71936,72998,14,1062,2,36000,1.0131826742
71923,71942,72997,19,1055,2,36000,1.01800947867
71942,71948,73041,6,1093,2,36000,1.0054894785
71943,71954,73094,11,1140,2,36000,1.00964912281
71945,71959,73149,14,1190,2,36000,1.01176470588
71992,71998,73191,6,1193,2,36000,1.0050293378
71995,72004,73043,9,1039,2,36000,1.00866217517
71996,72009,73008,13,999,2,36000,1.01301301301
71997,72015,72985,18,970,2,36000,1.01855670103
72028,72034,73261,6,1227,2,36000,1.00488997555
72030,72040,73285,10,1245,2,36000,1.00803212851
72047,72056,73147,9,1091,2,36000,1.00824931256
72049,72062,73014,13,952,2,36000,1.01365546218
72067,72073,73189,6,1116,2,36000,1.00537634409
72068,72079,73240,11,1161,2,36000,1.00947459087
72086,72092,73056,6,964,2,36000,1.00622406639
72087,72098,73232,11,1134,2,36000,1.00970017637
72088,72103,73237,15,1134,2,36000,1.01322751323
72108,72114,73273,6,1159,2,36000,1.00517687662
72109,72120,73117,11,997,2,36000,1.0110330993
72110,72125,73351,15,1226,2,36000,1.01223491028
72131,72137,73310,6,1173,2,36000,1.00511508951
72132,72143,73159,11,1016,2,36000,1.01082677165
72133,72148,72981,15,833,2,36000,1.01800720288
72135,72153,73096,18,943,2,36000,1.01908801697
72152,72159,73273,7,1114,2,36000,1.00628366248
72170,72176,73422,6,1246,2,36000,1.00481540931
72171,72182,73236,11,1054,2,36000,1.01043643264
72173,72187,73315,14,1128,2,36000,1.01241134752
72194,72200,73246,6,1046,2,36000,1.00573613767
72195,72206,73375,11,1169,2,36000,1.00940975192
72197,72211,73219,14,1008,2,36000,1.01388888889
72198,72217,73309,19,1092,2,36000,1.0173992674
72216,72223,73329,7,1106,2,36000,1.00632911392
72217,72228,73371,11,1143,2,36000,1.00962379703
72218,72234,73230,16,996,2,36000,1.01606425703
72220,72239,73101,19,862,2,36000,1.02204176334
72237,72245,73429,8,1184,2,36000,1.00675675676
72238,72250,73296,12,1046,2,36000,1.01147227533
72239,72263,73355,24,1092,2,36000,1.02197802198
72241,72257,73303,16,1046,2,36000,1.01529636711
72259,72269,73335,10,1066,2,36000,1.00938086304
72260,72274,73366,14,1092,2,36000,1.01282051282
72262,72279,73233,17,954,2,36000,1.0178197065
72278,72285,73347,7,1062,2,36000,1.0065913371
72295,72301,73308,6,1007,2,36000,1.00595829196
72313,72319,73436,6,1117,2,36000,1.00537153089
72314,72325,73225,11,900,2,36000,1.01222222222
72315,72330,73642,15,1312,2,36000,1.01143292683
72316,72335,73499,19,1164,2,36000,1.01632302405
72333,72342,73397,9,1055,2,36000,1.00853080569
72334,72349,73404,15,1055,2,36000,1.01421800948
72351,72357,73313,6,956,2,36000,1.00627615063
72353,72363,73428,10,1065,2,36000,1.00938967136
72372,72381,73585,9,1204,2,36000,1.00747508306
72392,72401,73416,9,1015,2,36000,1.00886699507
72409,72415,73506,6,1091,2,36000,1.0054995417
72410,72421,73580,11,1159,2,36000,1.00949094047
72412,72426,73564,14,1138,2,36000,1.01230228471
72428,72434,73595,6,1161,2,36000,1.00516795866
72429,72440,73395,11,955,2,36000,1.01151832461
72453,72459,73570,6,1111,2,36000,1.00540054005
72470,72476,73535,6,1059,2,36000,1.00566572238
72487,72493,73599,6,1106,2,36000,1.00542495479
72488,72499,73546,11,1047,2,36000,1.01050620821
72508,72515,73674,7,1159,2,36000,1.00603968939
72525,72531,73622,6,1091,2,36000,1.0054995417
72526,72537,73658,11,1121,2,36000,1.00981266726
72527,72542,73591,15,1049,2,36000,1.0142993327
72545,72551,73683,6,1132,2,36000,1.00530035336
72546,72557,73590,11,1033,2,36000,1.01064859632
72547,72562,73679,15,1117,2,36000,1.01342882722
72565,72571,73685,6,1114,2,36000,1.00538599641
72566,72577,73719,11,1142,2,36000,1.00963222417
72567,72582,73608,15,1026,2,36000,1.01461988304
72584,72590,73535,6,945,2,36000,1.00634920635
72586,72596,73717,10,1121,2,36000,1.0089206066
72605,72611,73813,6,1202,2,36000,1.00499168053
72622,72628,73768,6,1140,2,36000,1.00526315789
72623,72634,73732,11,1098,2,36000,1.01001821494
72624,72639,73726,15,1087,2,36000,1.01379944802
72626,72645,73818,19,1173,2,36000,1.01619778346
72627,72650,73571,23,921,2,36000,1.02497285559
72644,72656,73721,12,1065,2,36000,1.01126760563
72645,72662,73783,17,1121,2,36000,1.01516503122
72662,72668,73826,6,1158,2,36000,1.00518134715
72678,72684,73866,6,1182,2,36000,1.00507614213
72695,72701,73725,6,1024,2,36000,1.005859375
72713,72719,73808,6,1089,2,36000,1.00550964187
72714,72725,73859,11,1134,2,36000,1.00970017637
72715,72730,73900,15,1170,2,36000,1.01282051282
72717,72736,73817,19,1081,2,36000,1.01757631822
72735,72742,73744,7,1002,2,36000,1.00698602794
72737,72747,73878,10,1131,2,36000,1.00884173298
72738,72753,73681,15,928,2,36000,1.0161637931
72758,72764,73712,6,948,2,36000,1.00632911392
72759,72770,73849,11,1079,2,36000,1.01019462465
72761,72775,73828,14,1053,2,36000,1.01329534663
72762,72780,73791,18,1011,2,36000,1.0178041543
72764,72786,73959,22,1173,2,36000,1.01875532822
72780,72792,73923,12,1131,2,36000,1.01061007958
72800,72809,74078,9,1269,2,36000,1.00709219858
72821,72827,73895,6,1068,2,36000,1.00561797753
72823,72833,74018,10,1185,2,36000,1.00843881857
72824,72838,74041,14,1203,2,36000,1.01163757273
72848,72854,73887,6,1033,2,36000,1.00580832527
72850,72860,73901,10,1041,2,36000,1.00960614793
72851,72865,73993,14,1128,2,36000,1.01241134752
72852,72870,73975,18,1105,2,36000,1.01628959276
72924,72930,74006,6,1076,2,36000,1.00557620818
72926,72936,73975,10,1039,2,36000,1.00962463908
72927,72941,74038,14,1097,2,36000,1.0127620784
72928,72947,74014,19,1067,2,36000,1.01780693533
72947,72952,74026,5,1074,2,36000,1.00465549348
72948,72959,73957,11,998,2,36000,1.01102204409
72967,72973,74125,6,1152,2,36000,1.00520833333
72968,72979,74076,11,1097,2,36000,1.01002734731
72987,72993,74139,6,1146,2,36000,1.00523560209
72989,72999,73989,10,990,2,36000,1.0101010101
72990,73005,74028,15,1023,2,36000,1.0146627566
72991,73010,74084,19,1074,2,36000,1.01769087523
73013,73019,74138,6,1119,2,36000,1.00536193029
73015,73025,74063,10,1038,2,36000,1.00963391137
73016,73030,74175,14,1145,2,36000,1.01222707424
73017,73035,74054,18,1019,2,36000,1.01766437684
73019,73040,74077,21,1037,2,36000,1.02025072324
73038,73047,74165,9,1118,2,36000,1.00805008945
73040,73052,74210,12,1158,2,36000,1.0103626943
73057,73063,74246,6,1183,2,36000,1.00507185123
73059,73069,74022,10,953,2,36000,1.01049317943
73060,73074,74219,14,1145,2,36000,1.01222707424
73078,73084,74336,6,1252,2,36000,1.00479233227
73099,73105,74104,6,999,2,36000,1.00600600601
73100,73111,74007,11,896,2,36000,1.01227678571
73117,73123,74305,6,1182,2,36000,1.00507614213
73118,73129,74299,11,1170,2,36000,1.0094017094
73151,73160,74276,9,1116,2,36000,1.00806451613
73152,73165,74448,13,1283,2,36000,1.01013250195
73154,73171,74240,17,1069,2,36000,1.01590271282
73170,73177,74267,7,1090,2,36000,1.00642201835
73172,73182,74244,10,1062,2,36000,1.00941619586
73192,73200,74318,8,1118,2,36000,1.00715563506
73193,73207,74252,14,1045,2,36000,1.01339712919
73223,73236,74352,13,1116,2,36000,1.01164874552
73224,73242,74329,18,1087,2,36000,1.01655933763
73242,73248,74340,6,1092,2,36000,1.00549450549
73243,73254,74291,11,1037,2,36000,1.0106075217
73244,73259,74393,15,1134,2,36000,1.01322751323
73245,73264,74158,19,894,2,36000,1.02125279642
73247,73269,74422,22,1153,2,36000,1.01908065915
73248,73274,74596,26,1322,2,36000,1.01966717095
73265,73281,74306,16,1025,2,36000,1.0156097561
73266,73287,74228,21,941,2,36000,1.02231668438
73283,73293,74324,10,1031,2,36000,1.00969932105
73285,73299,74553,14,1254,2,36000,1.01116427432
73302,73309,74369,7,1060,2,36000,1.00660377358
73304,73314,74341,10,1027,2,36000,1.00973709834
73322,73328,74328,6,1000,2,36000,1.006
73323,73334,74298,11,964,2,36000,1.01141078838
73324,73339,74374,15,1035,2,36000,1.01449275362
73325,73344,74285,19,941,2,36000,1.02019128587
73327,73350,74357,23,1007,2,36000,1.02284011917
73328,73355,74325,27,970,2,36000,1.02783505155
73345,73361,74457,16,1096,2,36000,1.01459854015
73347,73366,74470,19,1104,2,36000,1.01721014493
73364,73373,74429,9,1056,2,36000,1.00852272727
73366,73378,74382,12,1004,2,36000,1.01195219124
73367,73383,74395,16,1012,2,36000,1.01581027668
73383,73389,74465,6,1076,2,36000,1.00557620818
73385,73395,74519,10,1124,2,36000,1.00889679715
73386,73400,74419,14,1019,2,36000,1.01373895976
73403,73410,74453,7,1043,2,36000,1.0067114094
73405,73415,74474,10,1059,2,36000,1.00944287063
73422,73428,74699,6,1271,2,36000,1.00472069237
73424,73434,74336,10,902,2,36000,1.0110864745
73425,73439,74618,14,1179,2,36000,1.01187446989
73444,73450,74469,6,1019,2,36000,1.00588812561
73445,73456,74414,11,958,2,36000,1.0114822547
73446,73461,74643,15,1182,2,36000,1.01269035533
73501,73511,74639,10,1128,2,36000,1.00886524823
73518,73524,74563,6,1039,2,36000,1.00577478345
73538,73546,74605,8,1059,2,36000,1.00755429651
73540,73551,74556,11,1005,2,36000,1.01094527363
73557,73563,74616,6,1053,2,36000,1.0056980057
73575,73581,74588,6,1007,2,36000,1.00595829196
73576,73587,74613,11,1026,2,36000,1.01072124756
73578,73592,74693,14,1101,2,36000,1.01271571299
73596,73602,74596,6,994,2,36000,1.0060362173
73597,73608,74845,11,1237,2,36000,1.00889248181
73599,73613,74736,14,1123,2,36000,1.0124666073
73600,73618,74679,18,1061,2,36000,1.01696512724
73601,73624,74911,23,1287,2,36000,1.01787101787
73622,73629,74580,7,951,2,36000,1.00736067298
73624,73635,74682,11,1047,2,36000,1.01050620821
73625,73641,74793,16,1152,2,36000,1.01388888889
73645,73653,74801,8,1148,2,36000,1.00696864111
73661,73669,74972,8,1303,2,36000,1.00613967767
73678,73686,74729,8,1043,2,36000,1.00767018217
73696,73702,74716,6,1014,2,36000,1.00591715976
73698,73708,75509,10,1801,2,36000,1.00555247085
73699,73713,74793,14,1080,2,36000,1.01296296296
73700,73718,74921,18,1203,2,36000,1.01496259352
73718,73724,74814,6,1090,2,36000,1.00550458716
73719,73730,74793,11,1063,2,36000,1.0103480715
73738,73744,74793,6,1049,2,36000,1.00571973308
73739,73750,74966,11,1216,2,36000,1.00904605263
73740,73755,74817,15,1062,2,36000,1.01412429379
73742,73761,74800,19,1039,2,36000,1.01828681424
73743,73766,74968,23,1202,2,36000,1.01913477537
73760,73772,74674,12,902,2,36000,1.0133037694
73777,73783,74793,6,1010,2,36000,1.00594059406
73795,73801,74911,6,1110,2,36000,1.00540540541
73796,73807,74879,11,1072,2,36000,1.01026119403
73814,73819,74960,5,1141,2,36000,1.00438212095
73815,73825,74943,10,1118,2,36000,1.00894454383
73833,73839,74967,6,1128,2,36000,1.00531914894
73834,73845,74822,11,977,2,36000,1.01125895599
73835,73851,74805,16,954,2,36000,1.01677148847
73837,73856,74889,19,1033,2,36000,1.01839303001
73854,73862,74961,8,1099,2,36000,1.00727934486
73871,73877,74953,6,1076,2,36000,1.00557620818
73873,73883,75197,10,1314,2,36000,1.00761035008
73889,73895,74978,6,1083,2,36000,1.0055401662
73891,73901,75571,10,1670,2,36000,1.00598802395
73892,73907,74984,15,1077,2,36000,1.0139275766
73910,73916,75046,6,1130,2,36000,1.00530973451
73911,73922,75082,11,1160,2,36000,1.00948275862
73928,73934,75023,6,1089,2,36000,1.00550964187
73962,73968,75104,6,1136,2,36000,1.00528169014
73963,73974,75112,11,1138,2,36000,1.00966608084
73981,73987,75054,6,1067,2,36000,1.00562324274
73982,73993,75319,11,1326,2,36000,1.00829562594
74000,74006,75141,6,1135,2,36000,1.00528634361
74001,74012,75086,11,1074,2,36000,1.01024208566
74019,74025,75007,6,982,2,36000,1.00610997963
74020,74031,75017,11,986,2,36000,1.01115618661
74022,74036,75181,14,1145,2,36000,1.01222707424
74023,74042,75005,19,963,2,36000,1.01973001038
74041,74048,75099,7,1051,2,36000,1.0066603235
74043,74054,75155,11,1101,2,36000,1.00999091735
74044,74059,75307,15,1248,2,36000,1.01201923077
74045,74065,75198,20,1133,2,36000,1.01765225066
74047,74070,75219,23,1149,2,36000,1.02001740644
74064,74076,75081,12,1005,2,36000,1.01194029851
74065,74081,75085,16,1004,2,36000,1.01593625498
74084,74090,75117,6,1027,2,36000,1.00584225901
74085,74096,75231,11,1135,2,36000,1.00969162996
74087,74101,75218,14,1117,2,36000,1.01253357207
74088,74106,75187,18,1081,2,36000,1.01665124884
74108,74115,75182,7,1067,2,36000,1.00656044986
74128,74137,75239,9,1102,2,36000,1.00816696915
74146,74152,75198,6,1046,2,36000,1.00573613767
74147,74158,75362,11,1204,2,36000,1.00913621262
74165,74171,75248,6,1077,2,36000,1.00557103064
74166,74177,75075,11,898,2,36000,1.01224944321
74183,74189,75246,6,1057,2,36000,1.00567644276
74213,74221,75370,8,1149,2,36000,1.00696257615
74229,74235,75213,6,978,2,36000,1.00613496933
74231,74241,75240,10,999,2,36000,1.01001001001
74250,74255,75313,5,1058,2,36000,1.00472589792
74251,74261,75472,10,1211,2,36000,1.00825763832
74252,74266,75240,14,974,2,36000,1.01437371663
74271,74277,75253,6,976,2,36000,1.00614754098
74272,74283,75164,11,881,2,36000,1.01248581158
74289,74296,75437,7,1141,2,36000,1.00613496933
74291,74302,75351,11,1049,2,36000,1.01048617731
74309,74315,75419,6,1104,2,36000,1.00543478261
74310,74327,75375,17,1048,2,36000,1.01622137405
74311,74332,75355,21,1023,2,36000,1.02052785924
74313,74338,75430,25,1092,2,36000,1.02289377289
74314,74321,74338,7,17,4,360000,1.41176470588
74314,74343,75376,29,1033,2,36000,1.02807357212
74333,74350,75348,17,998,2,36000,1.01703406814
74334,74356,75497,22,1141,2,36000,1.01928133216
74335,74361,75354,26,993,2,36000,1.02618328298
74337,74366,75329,29,963,2,36000,1.03011422638
74338,74371,75270,33,899,2,36000,1.03670745273
74357,74377,75377,20,1000,2,36000,1.02
74358,74382,75463,24,1081,2,36000,1.02220166512
74359,74388,75344,29,956,2,36000,1.03033472803
74360,74393,75506,33,1113,2,36000,1.02964959569
74362,74398,75664,36,1266,2,36000,1.02843601896
74363,74403,75545,40,1142,2,36000,1.0350262697
74381,74410,75433,29,1023,2,36000,1.02834799609
74382,74415,75509,33,1094,2,36000,1.03016453382
74401,74420,75386,19,966,2,36000,1.01966873706
74402,74425,75465,23,1040,2,36000,1.02211538462
74404,74430,75565,26,1135,2,36000,1.02290748899
74421,74436,75464,15,1028,2,36000,1.01459143969
74422,74441,75712,19,1271,2,36000,1.01494885917
74440,74448,76037,8,1589,2,36000,1.00503461296
74442,74453,75589,11,1136,2,36000,1.00968309859
74459,74465,75526,6,1061,2,36000,1.00565504241
74460,74471,75547,11,1076,2,36000,1.01022304833
74462,74476,75570,14,1094,2,36000,1.01279707495
74480,74489,75594,9,1105,2,36000,1.00814479638
74482,74495,75491,13,996,2,36000,1.01305220884
74483,74500,75602,17,1102,2,36000,1.01542649728
74484,74506,75543,22,1037,2,36000,1.02121504339
74521,74530,75484,9,954,2,36000,1.00943396226
74528,74592,74600,64,8,4,360000,7.2
74557,74564,75487,7,923,2,36000,1.00758396533
74558,74570,75707,12,1137,2,36000,1.01055408971
74575,74599,76249,24,1650,2,36000,1.01454545455
74581,74614,74622,33,8,4,360000,4.1
74592,74607,75751,15,1144,2,36000,1.01311188811
74594,74619,75720,25,1101,2,36000,1.02270663034
74612,74625,75703,13,1078,2,36000,1.0120593692
74613,74631,75731,18,1100,2,36000,1.01636363636
74614,74642,75601,28,959,2,36000,1.02919708029
74629,74637,74643,8,6,4,360000,1.4
74633,74649,75625,16,976,2,36000,1.01639344262
74634,74655,75759,21,1104,2,36000,1.01902173913
74635,74661,75743,26,1082,2,36000,1.02402957486
74653,74667,75653,14,986,2,36000,1.01419878296
74654,74672,75733,18,1061,2,36000,1.01696512724
74679,74685,75760,6,1075,2,36000,1.00558139535
74680,74691,75916,11,1225,2,36000,1.00897959184
74700,74706,75672,6,966,2,36000,1.00621118012
74701,74712,75802,11,1090,2,36000,1.01009174312
74702,74717,75751,15,1034,2,36000,1.01450676983
74727,74741,74760,14,19,4,360000,1.73684210526
74733,74771,74782,38,11,4,360000,4.45454545455
74801,74808,75857,7,1049,2,36000,1.00667302193
74803,74814,76083,11,1269,2,36000,1.00866824271
74804,74819,75934,15,1115,2,36000,1.0134529148
74805,74824,75897,19,1073,2,36000,1.01770736253
74807,74830,76018,23,1188,2,36000,1.01936026936
74808,74835,75900,27,1065,2,36000,1.02535211268
74809,74847,75802,38,955,2,36000,1.03979057592
74811,74852,75764,41,912,2,36000,1.04495614035
74811,74841,74857,30,16,4,360000,2.875
74837,74858,74867,21,9,4,360000,3.0
74847,74864,75999,17,1135,2,36000,1.01497797357
74849,74869,75908,20,1039,2,36000,1.01924927815
74850,74874,76020,24,1146,2,36000,1.02094240838
74851,74896,75997,45,1101,2,36000,1.0408719346
74853,74880,75870,27,990,2,36000,1.02727272727
74854,74885,76045,31,1160,2,36000,1.02672413793
74855,74890,75868,35,978,2,36000,1.03578732106
74888,74902,75943,14,1041,2,36000,1.01344860711
74912,74918,76164,6,1246,2,36000,1.00481540931
74913,74924,75948,11,1024,2,36000,1.0107421875
74915,74929,76081,14,1152,2,36000,1.01215277778
74940,74946,75983,6,1037,2,36000,1.00578592093
74964,74970,76072,6,1102,2,36000,1.0054446461
74966,74976,76099,10,1123,2,36000,1.0089047195
74967,74982,75951,15,969,2,36000,1.01547987616
74968,74987,75887,19,900,2,36000,1.02111111111
75015,75021,76190,6,1169,2,36000,1.00513259196
75016,75027,76082,11,1055,2,36000,1.01042654028
75018,75032,76194,14,1162,2,36000,1.01204819277
75019,75038,76061,19,1023,2,36000,1.01857282502
75020,75043,76005,23,962,2,36000,1.02390852391
75022,75048,76052,26,1004,2,36000,1.02589641434
75023,75059,76154,36,1095,2,36000,1.03287671233
75024,75065,76249,41,1184,2,36000,1.03462837838
75041,75054,93371,13,18317,4,360000,1.00070972321
75043,75099,76325,56,1226,2,36000,1.04567699837
75045,75104,76196,59,1092,2,36000,1.05402930403
75058,75071,93533,13,18462,4,360000,1.00070414906
75062,75110,76214,48,1104,2,36000,1.04347826087
75064,75117,76252,53,1135,2,36000,1.04669603524
75080,75092,94969,12,19877,4,360000,1.00060371283
75081,75123,76078,42,955,2,36000,1.04397905759
75082,75199,76204,117,1005,2,36000,1.11641791045
75084,75208,76299,124,1091,2,36000,1.11365719523
75097,75130,93727,33,18597,4,360000,1.00177447975
75103,75221,76454,118,1233,2,36000,1.09570154096
75104,75229,76280,125,1051,2,36000,1.11893434824
75106,75236,76287,130,1051,2,36000,1.12369172217
75113,75166,94142,53,18976,4,360000,1.00279300169
75123,75243,76247,120,1004,2,36000,1.11952191235
75124,75257,76394,133,1137,2,36000,1.11697449428
75126,75262,76342,136,1080,2,36000,1.12592592593
75128,75192,93451,64,18259,4,360000,1.00350512076
75143,75268,76364,125,1096,2,36000,1.11405109489
75144,75215,95014,71,19799,4,360000,1.0035860397
75171,75274,76298,103,1024,2,36000,1.1005859375
75172,75279,76422,107,1143,2,36000,1.09361329834
75187,75250,75254,63,4,4,360000,6.7
75193,75285,76339,92,1054,2,36000,1.08728652751
75194,75290,76264,96,974,2,36000,1.09856262834
75196,75297,76211,101,914,2,36000,1.11050328228
75215,75318,76383,103,1065,2,36000,1.09671361502
75217,75325,76475,108,1150,2,36000,1.09391304348
75218,75332,76363,114,1031,2,36000,1.11057225994
75219,75340,76532,121,1192,2,36000,1.10151006711
75240,75355,76657,115,1302,2,36000,1.08832565284
75242,75362,76460,120,1098,2,36000,1.10928961749
75243,75367,76214,124,847,2,36000,1.14639905549
75244,75374,76407,130,1033,2,36000,1.12584704743
75246,75380,76392,134,1012,2,36000,1.13241106719
75247,75385,76340,138,955,2,36000,1.1445026178
75267,75391,76465,124,1074,2,36000,1.11545623836
75268,75397,76508,129,1111,2,36000,1.11611161116
75270,75402,76405,132,1003,2,36000,1.13160518445
75288,75407,76408,119,1001,2,36000,1.11888111888
75313,75413,76326,100,913,2,36000,1.10952902519
75314,75430,76397,116,967,2,36000,1.11995863495
75352,75441,76486,89,1045,2,36000,1.08516746411
75353,75448,76517,95,1069,2,36000,1.08886810103
75354,75453,76453,99,1000,2,36000,1.099
75356,75474,76536,118,1062,2,36000,1.11111111111
75357,75480,76454,123,974,2,36000,1.12628336756
75378,75485,76518,107,1033,2,36000,1.10358180058
75379,75492,76738,113,1246,2,36000,1.09069020867
75380,75499,76554,119,1055,2,36000,1.11279620853
75382,75504,76532,122,1028,2,36000,1.1186770428
75383,75511,76632,128,1121,2,36000,1.1141837645
75384,75516,76584,132,1068,2,36000,1.12359550562
75386,75523,76498,137,975,2,36000,1.14051282051
75404,75529,76612,125,1083,2,36000,1.11542012927
75421,75534,76543,113,1009,2,36000,1.11199207136
75439,75541,76559,102,1018,2,36000,1.10019646365
75440,75554,76598,114,1044,2,36000,1.1091954023
75442,75560,76625,118,1065,2,36000,1.11079812207
75466,75566,76591,100,1025,2,36000,1.09756097561
75467,75576,76624,109,1048,2,36000,1.10400763359
75468,75583,76659,115,1076,2,36000,1.10687732342
75500,75588,76597,88,1009,2,36000,1.08721506442
75501,75601,76637,100,1036,2,36000,1.09652509653
75503,75608,76607,105,999,2,36000,1.10510510511
75504,75615,76924,111,1309,2,36000,1.08479755539
75505,75620,76680,115,1060,2,36000,1.10849056604
75525,75636,76824,111,1188,2,36000,1.09343434343
75526,75664,76638,138,974,2,36000,1.14168377823
75528,75675,76838,147,1163,2,36000,1.1263972485
75529,75684,76800,155,1116,2,36000,1.13888888889
75547,75714,76957,167,1243,2,36000,1.13435237329
75549,75721,76685,172,964,2,36000,1.17842323651
75550,75728,76691,178,963,2,36000,1.18483904465
75568,75735,76849,167,1114,2,36000,1.14991023339
75585,75742,76869,157,1127,2,36000,1.13930789707
75587,75749,77033,162,1284,2,36000,1.1261682243
75609,75756,76699,147,943,2,36000,1.1558854719
75610,75763,76811,153,1048,2,36000,1.14599236641
75612,75768,76722,156,954,2,36000,1.16352201258
75613,75775,76832,162,1057,2,36000,1.15326395459
75639,75780,76853,141,1073,2,36000,1.13140726934
75656,75785,76865,129,1080,2,36000,1.11944444444
75673,75813,76822,140,1009,2,36000,1.13875123885
75675,75819,76969,144,1150,2,36000,1.1252173913
75706,75869,76909,163,1040,2,36000,1.15673076923
75724,75879,76934,155,1055,2,36000,1.14691943128
75725,75886,76890,161,1004,2,36000,1.16035856574
75726,75899,77110,173,1211,2,36000,1.14285714286
75744,75908,77034,164,1126,2,36000,1.14564831261
75745,75915,76977,170,1062,2,36000,1.16007532957
75746,75921,77052,175,1131,2,36000,1.15473032714
75767,75928,77016,161,1088,2,36000,1.14797794118
75768,75946,77058,178,1112,2,36000,1.16007194245
75769,75954,77056,185,1102,2,36000,1.16787658802
75771,75960,76953,189,993,2,36000,1.19033232628
75772,75967,77183,195,1216,2,36000,1.16036184211
75805,75994,77044,189,1050,2,36000,1.18
75807,76008,77242,201,1234,2,36000,1.16288492707
75861,76015,77228,154,1213,2,36000,1.12695795548
75878,76022,77129,144,1107,2,36000,1.13008130081
75879,76029,77036,150,1007,2,36000,1.14895729891
75896,76036,77088,140,1052,2,36000,1.13307984791
75914,76048,77077,134,1029,2,36000,1.13022351798
75916,76056,77198,140,1142,2,36000,1.12259194396
75917,76063,77156,146,1093,2,36000,1.13357731016
75943,76072,77130,129,1058,2,36000,1.12192816635
75944,76083,77211,139,1128,2,36000,1.12322695035
75945,76090,77230,145,1140,2,36000,1.12719298246
75964,76097,77169,133,1072,2,36000,1.12406716418
75965,76103,77179,138,1076,2,36000,1.1282527881
75985,76108,77211,123,1103,2,36000,1.11151405258
76003,76114,77313,111,1199,2,36000,1.09257714762
76004,76165,77238,161,1073,2,36000,1.15004659832
76022,76175,77374,153,1199,2,36000,1.12760633862
76023,76201,77223,178,1022,2,36000,1.17416829746
76024,76208,77345,184,1137,2,36000,1.16182937555
76042,76213,77233,171,1020,2,36000,1.16764705882
76060,76220,77324,160,1104,2,36000,1.14492753623
76061,76227,77243,166,1016,2,36000,1.16338582677
76080,76233,77395,153,1162,2,36000,1.13166953528
76081,76238,77336,157,1098,2,36000,1.14298724954
76082,76258,77273,176,1015,2,36000,1.17339901478
76104,76265,77252,161,987,2,36000,1.16312056738
76105,76270,77429,165,1159,2,36000,1.14236410699
76107,76275,77459,168,1184,2,36000,1.14189189189
76108,76282,77521,174,1239,2,36000,1.14043583535
76156,76291,77390,135,1099,2,36000,1.12283894449
76173,76299,77346,126,1047,2,36000,1.12034383954
76194,76310,77357,116,1047,2,36000,1.11079274117
76195,76315,77330,120,1015,2,36000,1.11822660099
76213,76336,77529,123,1193,2,36000,1.10310142498
76214,76343,77403,129,1060,2,36000,1.12169811321
76216,76350,77394,134,1044,2,36000,1.12835249042
76217,76357,77344,140,987,2,36000,1.14184397163
76239,76363,77522,124,1159,2,36000,1.10698878343
76256,76374,77425,118,1051,2,36000,1.11227402474
76258,76381,77415,123,1034,2,36000,1.11895551257
76259,76394,77469,135,1075,2,36000,1.12558139535
76260,76403,77390,143,987,2,36000,1.14488348531
76277,76410,77464,133,1054,2,36000,1.12618595825
76295,76416,77450,121,1034,2,36000,1.1170212766
76296,76422,77367,126,945,2,36000,1.13333333333
76314,76427,77584,113,1157,2,36000,1.09766637857
76315,76433,77496,118,1063,2,36000,1.11100658514
76332,76439,77596,107,1157,2,36000,1.09248055315
76333,76465,77605,132,1140,2,36000,1.11578947368
76351,76470,77475,119,1005,2,36000,1.1184079602
76352,76477,77460,125,983,2,36000,1.12716174975
76354,76483,77551,129,1068,2,36000,1.12078651685
76378,76488,77797,110,1309,2,36000,1.08403361345
76380,76495,77603,115,1108,2,36000,1.10379061372
76397,76502,77544,105,1042,2,36000,1.10076775432
76398,76509,77569,111,1060,2,36000,1.10471698113
76399,76519,77573,120,1054,2,36000,1.11385199241
76401,76528,77593,127,1065,2,36000,1.11924882629
76419,76534,77715,115,1181,2,36000,1.09737510584
76420,76543,77532,123,989,2,36000,1.12436804853
76422,76548,77577,126,1029,2,36000,1.12244897959
76439,76555,77531,116,976,2,36000,1.11885245902
76456,76560,77713,104,1153,2,36000,1.09019947962
76457,76566,77592,109,1026,2,36000,1.10623781676
76458,76573,77657,115,1084,2,36000,1.10608856089
76476,76595,77530,119,935,2,36000,1.12727272727
76477,76602,77678,125,1076,2,36000,1.11617100372
76478,76609,77631,131,1022,2,36000,1.12818003914
76495,76614,77696,119,1082,2,36000,1.10998151571
76518,76621,77806,103,1185,2,36000,1.08691983122
76519,76628,77755,109,1127,2,36000,1.09671694765
76521,76635,77828,114,1193,2,36000,1.09555741827
76522,76642,77885,120,1243,2,36000,1.09654062751
76542,76649,77665,107,1016,2,36000,1.10531496063
76543,76655,77543,112,888,2,36000,1.12612612613
76545,76660,77759,115,1099,2,36000,1.10464058235
76546,76669,77863,123,1194,2,36000,1.10301507538
76563,76676,78059,113,1383,2,36000,1.08170643529
76564,76691,77824,127,1133,2,36000,1.1120917917
76588,76698,77683,110,985,2,36000,1.1116751269
76606,76705,77815,99,1110,2,36000,1.08918918919
76607,76712,77747,105,1035,2,36000,1.10144927536
76608,76733,77732,125,999,2,36000,1.12512512513
76626,76750,77876,124,1126,2,36000,1.11012433393
76627,76811,77964,184,1153,2,36000,1.15958369471
76628,76823,77870,195,1047,2,36000,1.18624641834
76630,76834,77861,204,1027,2,36000,1.19863680623
76654,76841,77983,187,1142,2,36000,1.16374781086
76656,76848,78055,192,1207,2,36000,1.15907207954
76657,76855,77738,198,883,2,36000,1.22423556059
76675,76862,77903,187,1041,2,36000,1.17963496638
76677,76869,77962,192,1093,2,36000,1.17566331199
76700,76876,78086,176,1210,2,36000,1.14545454545
76701,76883,77979,182,1096,2,36000,1.16605839416
76703,76901,77745,198,844,2,36000,1.2345971564
76704,76921,78041,217,1120,2,36000,1.19375
76724,76935,77847,211,912,2,36000,1.23135964912
76741,76946,77874,205,928,2,36000,1.22090517241
76801,76964,78124,163,1160,2,36000,1.14051724138
76818,76971,78071,153,1100,2,36000,1.13909090909
76837,76980,78143,143,1163,2,36000,1.12295786758
76838,76988,78050,150,1062,2,36000,1.14124293785
76840,77028,78122,188,1094,2,36000,1.1718464351
76865,77044,78098,179,1054,2,36000,1.16982922201
76866,77051,78097,185,1046,2,36000,1.17686424474
76867,77056,78079,189,1023,2,36000,1.18475073314
76869,77063,78075,194,1012,2,36000,1.19169960474
76886,77068,78343,182,1275,2,36000,1.14274509804
76903,77075,78126,172,1051,2,36000,1.16365366318
76920,77080,78144,160,1064,2,36000,1.15037593985
76937,77088,78067,151,979,2,36000,1.15423901941
76938,77099,78150,161,1051,2,36000,1.15318744053
76955,77121,78108,166,987,2,36000,1.16818642351
76972,77140,78177,168,1037,2,36000,1.16200578592
76974,77147,78069,173,922,2,36000,1.18763557484
76990,77167,78198,177,1031,2,36000,1.17167798254
77020,77180,78436,160,1256,2,36000,1.12738853503
77044,77191,78380,147,1189,2,36000,1.1236333053
77046,77198,78296,152,1098,2,36000,1.13843351548
77047,77209,78197,162,988,2,36000,1.16396761134
77048,77225,78358,177,1133,2,36000,1.15622241836
77067,77231,78283,164,1052,2,36000,1.15589353612
77068,77237,78297,169,1060,2,36000,1.15943396226
77069,77244,78223,175,979,2,36000,1.17875383044
77086,77249,78368,163,1119,2,36000,1.14566577301
77088,77255,78463,167,1208,2,36000,1.13824503311
77115,77262,78314,147,1052,2,36000,1.1397338403
77131,77268,78424,137,1156,2,36000,1.11851211073
77133,77273,78436,140,1163,2,36000,1.1203783319
77159,77280,78364,121,1084,2,36000,1.11162361624
77176,77287,78321,111,1034,2,36000,1.10735009671
77196,77324,78353,128,1029,2,36000,1.12439261419
77198,77336,78365,138,1029,2,36000,1.13411078717
77222,77343,78361,121,1018,2,36000,1.11886051081
77223,77350,78470,127,1120,2,36000,1.11339285714
77224,77357,78481,133,1124,2,36000,1.11832740214
77243,77362,78407,119,1045,2,36000,1.11387559809
77244,77367,78420,123,1053,2,36000,1.11680911681
77245,77374,78513,129,1139,2,36000,1.1132572432
77246,77381,78368,135,987,2,36000,1.1367781155
77248,77388,78444,140,1056,2,36000,1.13257575758
77249,77401,78389,152,988,2,36000,1.15384615385
77250,77406,78506,156,1100,2,36000,1.14181818182
77268,77413,78332,145,919,2,36000,1.15778019587
77285,77418,78471,133,1053,2,36000,1.12630579297
77318,77425,78516,107,1091,2,36000,1.0980751604
77335,77432,78660,97,1228,2,36000,1.07899022801
77336,77439,78440,103,1001,2,36000,1.1028971029
77354,77446,78432,92,986,2,36000,1.09330628803
77355,77461,78469,106,1008,2,36000,1.10515873016
77357,77470,78578,113,1108,2,36000,1.10198555957
77358,77477,78696,119,1219,2,36000,1.09762100082
77380,77482,78576,102,1094,2,36000,1.09323583181
77382,77489,78557,107,1068,2,36000,1.10018726592
77383,77495,78596,112,1101,2,36000,1.10172570391
77401,77508,78398,107,890,2,36000,1.1202247191
77402,77533,78634,131,1101,2,36000,1.11898274296
77404,77538,78503,134,965,2,36000,1.13886010363
77405,77545,78617,140,1072,2,36000,1.13059701493
77423,77550,78543,127,993,2,36000,1.12789526687
77424,77555,78502,131,947,2,36000,1.13833157339
77426,77560,78687,134,1127,2,36000,1.11889973381
77446,77567,78476,121,909,2,36000,1.13311331133
77464,77572,78680,108,1108,2,36000,1.09747292419
77465,77578,78571,113,993,2,36000,1.11379657603
77467,77584,78799,117,1215,2,36000,1.0962962963
77468,77589,78610,121,1021,2,36000,1.11851126347
77486,77596,78666,110,1070,2,36000,1.10280373832
77487,77602,78715,115,1113,2,36000,1.10332434861
77504,77608,78660,104,1052,2,36000,1.09885931559
77532,77614,78647,82,1033,2,36000,1.0793804453
77534,77619,78713,85,1094,2,36000,1.07769652651
77535,77626,78759,91,1133,2,36000,1.08031774051
77536,77631,78575,95,944,2,36000,1.10063559322
77537,77642,78705,105,1063,2,36000,1.0987770461
77539,77669,78556,130,887,2,36000,1.14656144307
77558,77676,78906,118,1230,2,36000,1.09593495935
77559,77689,78723,130,1034,2,36000,1.12572533849
77560,77696,78816,136,1120,2,36000,1.12142857143
77577,77707,78615,130,908,2,36000,1.14317180617
77579,77725,78811,146,1086,2,36000,1.13443830571
77580,77732,78798,152,1066,2,36000,1.1425891182
77598,77743,78777,145,1034,2,36000,1.14023210832
77599,77749,78755,150,1006,2,36000,1.14910536779
77600,77756,78845,156,1089,2,36000,1.14325068871
77602,77763,78968,161,1205,2,36000,1.13360995851
77619,77770,78906,151,1136,2,36000,1.13292253521
77620,77776,78780,156,1004,2,36000,1.15537848606
77637,77808,78841,171,1033,2,36000,1.16553727009
77661,77817,79005,156,1188,2,36000,1.13131313131
77684,77827,78896,143,1069,2,36000,1.13376987839
77685,77835,78625,150,790,2,36000,1.18987341772
77686,77842,78891,156,1049,2,36000,1.14871306006
77704,77858,79026,154,1168,2,36000,1.13184931507
77722,77874,78951,152,1077,2,36000,1.14113277623
77723,77879,79080,156,1201,2,36000,1.12989175687
77740,77886,79078,146,1192,2,36000,1.12248322148
77742,77891,79022,149,1131,2,36000,1.1317418214
77759,77898,78989,139,1091,2,36000,1.1274060495
77761,77904,78876,143,972,2,36000,1.14711934156
77762,77914,78981,152,1067,2,36000,1.14245548266
77763,77974,79145,211,1171,2,36000,1.18018787361
77800,77981,79019,181,1038,2,36000,1.17437379576
77816,77994,79138,178,1144,2,36000,1.15559440559
77818,78000,79114,182,1114,2,36000,1.16337522442
77835,78052,79129,217,1077,2,36000,1.20148560817
77837,78061,79164,224,1103,2,36000,1.20308250227
77860,78068,78979,208,911,2,36000,1.22832052689
77879,78075,79074,196,999,2,36000,1.1961961962
77880,78082,79102,202,1020,2,36000,1.19803921569
77881,78087,79178,206,1091,2,36000,1.18881759853
77883,78093,79153,210,1060,2,36000,1.19811320755
77884,78099,79220,215,1121,2,36000,1.19179304193
77902,78105,79918,203,1813,2,36000,1.11196911197
77918,78110,79258,192,1148,2,36000,1.16724738676
77964,78117,79121,153,1004,2,36000,1.15239043825
77965,78123,79211,158,1088,2,36000,1.14522058824
77982,78129,79224,147,1095,2,36000,1.13424657534
77984,78136,79073,152,937,2,36000,1.16221985059
78045,78141,79159,96,1018,2,36000,1.09430255403
78063,78148,79171,85,1023,2,36000,1.08308895406
78065,78155,79348,90,1193,2,36000,1.07544006706
78066,78160,79141,94,981,2,36000,1.09582059123
78084,78167,79250,83,1083,2,36000,1.07663896584
78085,78188,79337,103,1149,2,36000,1.08964316797
78086,78209,79449,123,1240,2,36000,1.09919354839
78088,78215,79570,127,1355,2,36000,1.09372693727
78089,78235,79194,146,959,2,36000,1.15224191867
78108,78294,79482,186,1188,2,36000,1.15656565657
78109,78308,79369,199,1061,2,36000,1.18755890669
78110,78313,79354,203,1041,2,36000,1.19500480307
78128,78332,79238,204,906,2,36000,1.22516556291
78129,78354,79410,225,1056,2,36000,1.21306818182
78130,78364,79357,234,993,2,36000,1.23564954683
78131,78371,79395,240,1024,2,36000,1.234375
78149,78378,79459,229,1081,2,36000,1.21184088807
78151,78384,79371,233,987,2,36000,1.23606889564
78152,78389,79499,237,1110,2,36000,1.21351351351
78181,78395,79525,214,1130,2,36000,1.18938053097
78199,78400,79453,201,1053,2,36000,1.19088319088
78200,78405,79520,205,1115,2,36000,1.18385650224
78226,78412,79389,186,977,2,36000,1.19037871034
78287,78418,79562,131,1144,2,36000,1.11451048951
78304,78424,79532,120,1108,2,36000,1.1083032491
78306,78431,79472,125,1041,2,36000,1.12007684918
78308,78344,97729,36,19385,4,360000,1.00185710601
78323,78438,79540,115,1102,2,36000,1.10435571688
78324,78445,79436,121,991,2,36000,1.12209889001
78341,78452,79637,111,1185,2,36000,1.09367088608
78358,78457,79626,99,1169,2,36000,1.08468776732
78359,78462,79437,103,975,2,36000,1.10564102564
78361,78468,79454,107,986,2,36000,1.10851926978
78379,78474,79502,95,1028,2,36000,1.09241245136
78381,78481,79516,100,1035,2,36000,1.09661835749
78382,78486,79519,104,1033,2,36000,1.10067763795
78383,78493,79542,110,1049,2,36000,1.10486177312
78385,78498,79546,113,1048,2,36000,1.10782442748
78386,78503,79561,117,1058,2,36000,1.11058601134
78404,78514,79554,110,1040,2,36000,1.10576923077
78405,78519,79630,114,1111,2,36000,1.10261026103
78422,78526,79658,104,1132,2,36000,1.09187279152
78423,78531,79670,108,1139,2,36000,1.09482001756
78442,78538,79425,96,887,2,36000,1.10822998873
78443,78555,79561,112,1006,2,36000,1.11133200795
78444,78567,79686,123,1119,2,36000,1.10991957105
78446,78574,79744,128,1170,2,36000,1.1094017094
78447,78582,79603,135,1021,2,36000,1.13222331048
78465,78589,79742,124,1153,2,36000,1.10754553339
78466,78594,79656,128,1062,2,36000,1.12052730697
78484,78600,79802,116,1202,2,36000,1.09650582363
78486,78607,79788,121,1181,2,36000,1.10245554615
78487,78621,79745,134,1124,2,36000,1.11921708185
78488,78628,79618,140,990,2,36000,1.14141414141
78495,78633,79598,138,965,2,36000,1.14300518135
78513,78639,79693,126,1054,2,36000,1.11954459203
78515,78646,79670,131,1024,2,36000,1.1279296875
78516,78658,79752,142,1094,2,36000,1.12979890311
78517,78671,79665,154,994,2,36000,1.15492957746
78535,78676,79777,141,1101,2,36000,1.1280653951
78551,78683,79757,132,1074,2,36000,1.12290502793
78568,78691,79804,123,1113,2,36000,1.11051212938
78570,78698,79627,128,929,2,36000,1.13778256189
78588,78707,79755,119,1048,2,36000,1.11354961832
78589,78716,79679,127,963,2,36000,1.13187954309
78591,78724,79794,133,1070,2,36000,1.12429906542
78592,78731,79801,139,1070,2,36000,1.12990654206
78609,78738,79837,129,1099,2,36000,1.11737943585
78626,78767,79912,141,1145,2,36000,1.1231441048
78628,78774,79893,146,1119,2,36000,1.13047363718
78629,78788,79829,159,1041,2,36000,1.15273775216
78630,78795,79780,165,985,2,36000,1.16751269036
78648,78810,80205,162,1395,2,36000,1.11612903226
78650,78815,79816,165,1001,2,36000,1.16483516484
78667,78822,79844,155,1022,2,36000,1.15166340509
78668,78829,79878,161,1049,2,36000,1.15347950429
78669,78853,79853,184,1000,2,36000,1.184
78706,78860,79900,154,1040,2,36000,1.14807692308
78707,78887,79906,180,1019,2,36000,1.1766437684
78710,78902,79910,192,1008,2,36000,1.19047619048
78755,78909,80048,154,1139,2,36000,1.13520632133
78756,78917,80057,161,1140,2,36000,1.14122807018
78757,78922,79969,165,1047,2,36000,1.15759312321
78758,78962,80122,204,1160,2,36000,1.17586206897
78760,78979,80019,219,1040,2,36000,1.21057692308
78778,78990,80110,212,1120,2,36000,1.18928571429
78779,78997,80009,218,1012,2,36000,1.21541501976
78798,79004,80069,206,1065,2,36000,1.19342723005
78800,79017,80340,217,1323,2,36000,1.16402116402
78801,79030,80209,229,1179,2,36000,1.19423240034
78821,79037,80062,216,1025,2,36000,1.21073170732
78822,79042,80357,220,1315,2,36000,1.16730038023
78844,79084,80216,240,1132,2,36000,1.21201413428
78862,79091,80152,229,1061,2,36000,1.21583411876
78881,79097,80025,216,928,2,36000,1.23275862069
78898,79102,80244,204,1142,2,36000,1.17863397548
78900,79114,80200,214,1086,2,36000,1.197053407
78918,79125,80114,207,989,2,36000,1.20930232558
78919,79133,80168,214,1035,2,36000,1.20676328502
78955,79140,80165,185,1025,2,36000,1.18048780488
78972,79149,80114,177,965,2,36000,1.18341968912
78989,79156,80076,167,920,2,36000,1.18152173913
78990,79161,80251,171,1090,2,36000,1.15688073394
79007,79168,80449,161,1281,2,36000,1.12568306011
79008,79175,80391,167,1216,2,36000,1.13733552632
79026,79181,80243,155,1062,2,36000,1.14595103578
79027,79187,80296,160,1109,2,36000,1.14427412083
79029,79194,80347,165,1153,2,36000,1.14310494363
79078,79205,80259,127,1054,2,36000,1.12049335863
79079,79222,80352,143,1130,2,36000,1.12654867257
79081,79231,80319,150,1088,2,36000,1.13786764706
79098,79238,80528,140,1290,2,36000,1.10852713178
79115,79249,80402,134,1153,2,36000,1.11621856028
79116,79261,80466,145,1205,2,36000,1.12033195021
79133,79269,80325,136,1056,2,36000,1.12878787879
79134,79348,80561,214,1213,2,36000,1.17642209398
79152,79360,80490,208,1130,2,36000,1.18407079646
79154,79367,80557,213,1190,2,36000,1.17899159664
79155,79374,80465,219,1091,2,36000,1.20073327223
79172,79381,80375,209,994,2,36000,1.21026156942
79174,79388,80493,214,1105,2,36000,1.19366515837
79175,79400,80637,225,1237,2,36000,1.1818916734
79176,79407,80591,231,1184,2,36000,1.19510135135
79193,79421,80436,228,1015,2,36000,1.22463054187
79211,79436,80577,225,1141,2,36000,1.19719544259
79212,79448,80655,236,1207,2,36000,1.19552609776
79229,79454,80677,225,1223,2,36000,1.18397383483
79231,79462,80552,231,1090,2,36000,1.2119266055
79248,79469,80706,221,1237,2,36000,1.17865804365
79265,79474,80647,209,1173,2,36000,1.17817561807
79266,79481,80578,215,1097,2,36000,1.19598906108
79341,79487,80648,146,1161,2,36000,1.12575366064
79358,79494,80543,136,1049,2,36000,1.12964728313
79359,79511,80599,152,1088,2,36000,1.13970588235
79361,79518,80600,157,1082,2,36000,1.14510166359
79379,79527,80503,148,976,2,36000,1.15163934426
79380,79534,80586,154,1052,2,36000,1.1463878327
79397,79539,80634,142,1095,2,36000,1.1296803653
79399,79546,80656,147,1110,2,36000,1.13243243243
79416,79551,80605,135,1054,2,36000,1.12808349146
79433,79558,80651,125,1093,2,36000,1.11436413541
79451,79563,80660,112,1097,2,36000,1.10209662716
79452,79569,80678,117,1109,2,36000,1.10550045086
79453,79577,80598,124,1021,2,36000,1.12144955926
79471,79582,80539,111,957,2,36000,1.11598746082
79472,79587,80582,115,995,2,36000,1.11557788945
79474,79592,81191,118,1599,2,36000,1.07379612258
79475,79599,80726,124,1127,2,36000,1.11002661934
79492,79609,80680,117,1071,2,36000,1.10924369748
79510,79616,80677,106,1061,2,36000,1.09990574929
79511,79629,80679,118,1050,2,36000,1.11238095238
79531,79637,80579,106,942,2,36000,1.11252653928
79532,79644,80697,112,1053,2,36000,1.10636277303
79534,79649,80681,115,1032,2,36000,1.11143410853
79535,79656,80809,121,1153,2,36000,1.10494362533
79536,79667,80791,131,1124,2,36000,1.1165480427
79554,79674,80680,120,1006,2,36000,1.11928429423
79555,79681,80718,126,1037,2,36000,1.12150433944
79557,79687,80793,130,1106,2,36000,1.11754068716
79558,79692,80864,134,1172,2,36000,1.11433447099
79576,79699,80892,123,1193,2,36000,1.10310142498
79577,79704,80739,127,1035,2,36000,1.12270531401
79579,79711,80727,132,1016,2,36000,1.12992125984
79580,79754,80760,174,1006,2,36000,1.17296222664
79601,79761,80970,160,1209,2,36000,1.1323407775
79618,79766,80740,148,974,2,36000,1.15195071869
79620,79773,80790,153,1017,2,36000,1.15044247788
79637,79778,80806,141,1028,2,36000,1.13715953307
79639,79784,80883,145,1099,2,36000,1.13193812557
79640,79790,80859,150,1069,2,36000,1.14031805426
79641,79797,80830,156,1033,2,36000,1.15101645692
79658,79804,80768,146,964,2,36000,1.15145228216
79660,79811,80856,151,1045,2,36000,1.14449760766
79678,79818,81060,140,1242,2,36000,1.11272141707
79679,79823,80930,144,1107,2,36000,1.13008130081
79680,79828,81037,148,1209,2,36000,1.12241521919
79698,79835,80879,137,1044,2,36000,1.13122605364
79699,79842,80891,143,1049,2,36000,1.13632030505
79701,79849,80838,148,989,2,36000,1.14964610718
79744,79856,80903,112,1047,2,36000,1.10697230181
79745,79864,81018,119,1154,2,36000,1.10311958406
79764,79890,80911,126,1021,2,36000,1.12340842311
79765,79904,80848,139,944,2,36000,1.14724576271
79766,79910,81021,144,1111,2,36000,1.1296129613
79767,79917,81011,150,1094,2,36000,1.13711151737
79785,79924,81065,139,1141,2,36000,1.12182296231
79786,79930,81041,144,1111,2,36000,1.1296129613
79804,79936,80971,132,1035,2,36000,1.12753623188
79805,79980,81138,175,1158,2,36000,1.15112262522
79807,80021,80953,214,932,2,36000,1.22961373391
79808,80031,81123,223,1092,2,36000,1.20421245421
79809,80038,81150,229,1112,2,36000,1.2059352518
79827,80060,81111,233,1051,2,36000,1.22169362512
79844,80068,81167,224,1099,2,36000,1.20382165605
79845,80075,81105,230,1030,2,36000,1.22330097087
79847,80081,81269,234,1188,2,36000,1.19696969697
79865,80088,81126,223,1038,2,36000,1.21483622351
79881,80121,81002,240,881,2,36000,1.27241770715
79898,80128,81121,230,993,2,36000,1.23162134945
79916,80133,81291,217,1158,2,36000,1.18739205527
79918,80140,81291,222,1151,2,36000,1.19287576021
79919,80164,81098,245,934,2,36000,1.26231263383
79920,80177,81340,257,1163,2,36000,1.22098022356
79937,80184,81209,247,1025,2,36000,1.24097560976
79972,80211,81215,239,1004,2,36000,1.23804780876
80011,80218,81206,207,988,2,36000,1.20951417004
80028,80225,81259,197,1034,2,36000,1.19052224371
80030,80232,81324,202,1092,2,36000,1.18498168498
80052,80254,81402,202,1148,2,36000,1.17595818815
80069,80261,81273,192,1012,2,36000,1.18972332016
80071,80268,81429,197,1161,2,36000,1.16968130922
80072,80275,81207,203,932,2,36000,1.2178111588
80089,80307,81360,218,1053,2,36000,1.20702754036
80112,80330,81539,218,1209,2,36000,1.18031430935
80130,80337,81446,207,1109,2,36000,1.18665464382
80131,80351,81491,220,1140,2,36000,1.19298245614
80132,80359,81543,227,1184,2,36000,1.19172297297
80156,80366,81302,210,936,2,36000,1.22435897436
80173,80373,81407,200,1034,2,36000,1.19342359768
80174,80386,81500,212,1114,2,36000,1.19030520646
80204,80403,81569,199,1166,2,36000,1.17066895369
80221,80413,81457,192,1044,2,36000,1.18390804598
80222,80447,81527,225,1080,2,36000,1.20833333333
80223,80462,81578,239,1116,2,36000,1.21415770609
80247,80476,81573,229,1097,2,36000,1.20875113947
80249,80483,81548,234,1065,2,36000,1.21971830986
80266,80501,81518,235,1017,2,36000,1.23107177974
80267,80508,81525,241,1017,2,36000,1.23697148476
80300,80515,81680,215,1165,2,36000,1.18454935622
80323,80539,81583,216,1044,2,36000,1.20689655172
80339,80550,81569,211,1019,2,36000,1.20706575074
80341,80557,81637,216,1080,2,36000,1.2
80358,80564,81877,206,1313,2,36000,1.15689261234
80360,80571,81519,211,948,2,36000,1.22257383966
80361,80578,81628,217,1050,2,36000,1.20666666667
80378,80588,81499,210,911,2,36000,1.23051591658
80394,80595,81699,201,1104,2,36000,1.18206521739
80412,80600,81705,188,1105,2,36000,1.17013574661
80438,80606,81769,168,1163,2,36000,1.14445399828
80454,80612,81703,158,1091,2,36000,1.14482126489
80472,80618,81728,146,1110,2,36000,1.13153153153
80473,80623,81775,150,1152,2,36000,1.13020833333
80493,80628,81696,135,1068,2,36000,1.12640449438
80494,80633,81734,139,1101,2,36000,1.12624886467
80511,80640,81704,129,1064,2,36000,1.1212406015
80531,80647,81697,116,1050,2,36000,1.11047619048
80548,80654,81708,106,1054,2,36000,1.10056925996
80550,80661,81855,111,1194,2,36000,1.09296482412
80568,80667,81737,99,1070,2,36000,1.09252336449
80569,80673,81634,104,961,2,36000,1.10822060354
80570,80679,81716,109,1037,2,36000,1.10511089682
80590,80684,81766,94,1082,2,36000,1.08687615527
80591,80689,81857,98,1168,2,36000,1.08390410959
80593,80697,81859,104,1162,2,36000,1.08950086059
80594,80702,81716,108,1014,2,36000,1.10650887574
80595,80707,81670,112,963,2,36000,1.11630321911
80641,80712,81880,71,1168,2,36000,1.06078767123
80642,80717,81708,75,991,2,36000,1.07568113017
80643,80723,81774,80,1051,2,36000,1.07611798287
80645,80728,81856,83,1128,2,36000,1.07358156028
80646,80734,81805,88,1071,2,36000,1.08216619981
80648,80740,81789,92,1049,2,36000,1.08770257388
80650,80745,81715,95,970,2,36000,1.09793814433
80690,80751,81877,61,1126,2,36000,1.0541740675
80691,80756,81707,65,951,2,36000,1.0683491062
80692,80762,81860,70,1098,2,36000,1.06375227687
80694,80767,81804,73,1037,2,36000,1.07039537126
80695,80774,81607,79,833,2,36000,1.09483793517
80696,80781,81878,85,1097,2,36000,1.0774840474
80698,80803,81887,105,1084,2,36000,1.09686346863
80699,80808,82000,109,1192,2,36000,1.09144295302
80700,80815,81969,115,1154,2,36000,1.09965337955
80702,80822,81959,120,1137,2,36000,1.1055408971
80703,80827,81821,124,994,2,36000,1.12474849095
80704,80841,82001,137,1160,2,36000,1.11810344828
80706,80849,81848,143,999,2,36000,1.14314314314
80728,80859,81894,131,1035,2,36000,1.12657004831
80730,80867,82084,137,1217,2,36000,1.11257189811
80731,80874,81961,143,1087,2,36000,1.13155473781
80732,80881,81931,149,1050,2,36000,1.1419047619
80734,80891,82002,157,1111,2,36000,1.14131413141
80754,80898,81936,144,1038,2,36000,1.1387283237
80755,80905,81945,150,1040,2,36000,1.14423076923
80773,80910,82034,137,1124,2,36000,1.121886121
80774,80918,81898,144,980,2,36000,1.14693877551
80792,80924,81981,132,1057,2,36000,1.12488174078
80794,80942,82110,148,1168,2,36000,1.12671232877
80795,80965,82036,170,1071,2,36000,1.15873015873
80816,80981,82033,165,1052,2,36000,1.15684410646
80817,80988,82181,171,1193,2,36000,1.14333612741
80835,81013,82151,178,1138,2,36000,1.15641476274
80854,81022,82223,168,1201,2,36000,1.13988343047
80855,81031,82174,176,1143,2,36000,1.15398075241
80873,81038,82002,165,964,2,36000,1.17116182573
80874,81049,82069,175,1020,2,36000,1.17156862745
80876,81056,82076,180,1020,2,36000,1.17647058824
80905,81072,82154,167,1082,2,36000,1.15434380776
80906,81079,82234,173,1155,2,36000,1.14978354978
80908,81109,82166,201,1057,2,36000,1.19016083254
80909,81116,82237,207,1121,2,36000,1.18465655665
80910,81123,82277,213,1154,2,36000,1.18457538995
80928,81132,82229,204,1097,2,36000,1.18596171376
80945,81139,82191,194,1052,2,36000,1.18441064639
80962,81144,82260,182,1116,2,36000,1.16308243728
80979,81151,82130,172,979,2,36000,1.17568947906
80980,81161,82177,181,1016,2,36000,1.1781496063
81004,81178,82219,174,1041,2,36000,1.16714697406
81022,81202,82264,180,1062,2,36000,1.16949152542
81023,81217,82352,194,1135,2,36000,1.17092511013
81024,81224,82250,200,1026,2,36000,1.19493177388
81053,81229,82141,176,912,2,36000,1.19298245614
81054,81236,82253,182,1017,2,36000,1.17895771878
81071,81271,82163,200,892,2,36000,1.22421524664
81073,81280,82342,207,1062,2,36000,1.19491525424
81103,81287,82318,184,1031,2,36000,1.17846750727
81123,81302,82362,179,1060,2,36000,1.16886792453
81124,81307,82393,183,1086,2,36000,1.16850828729
81126,81314,82369,188,1055,2,36000,1.17819905213
81127,81335,82431,208,1096,2,36000,1.1897810219
81144,81351,82225,207,874,2,36000,1.23684210526
81146,81371,82520,225,1149,2,36000,1.19582245431
81163,81413,82413,250,1000,2,36000,1.25
81188,81420,82656,232,1236,2,36000,1.18770226537
81205,81440,82623,235,1183,2,36000,1.19864750634
81207,81457,82475,250,1018,2,36000,1.24557956778
81224,81468,82619,244,1151,2,36000,1.21198957428
81226,81502,82447,276,945,2,36000,1.29206349206
81227,81510,82458,283,948,2,36000,1.29852320675
81263,81517,82598,254,1081,2,36000,1.23496762257
81280,81529,82613,249,1084,2,36000,1.22970479705
81282,81536,82649,254,1113,2,36000,1.22821203953
81299,81541,82571,242,1030,2,36000,1.23495145631
81300,81548,82775,248,1227,2,36000,1.20211898941
81317,81555,82705,238,1150,2,36000,1.20695652174
81337,81560,82784,223,1224,2,36000,1.18218954248
81354,81567,82629,213,1062,2,36000,1.20056497175
81371,81579,82600,208,1021,2,36000,1.20372184133
81404,81585,82612,181,1027,2,36000,1.17624148004
81421,81591,82664,170,1073,2,36000,1.15843429637
81438,81597,82599,159,1002,2,36000,1.15868263473
81455,81603,82686,148,1083,2,36000,1.13665743306
81472,81618,82648,146,1030,2,36000,1.14174757282
81497,81640,82749,143,1109,2,36000,1.12894499549
81515,81647,82572,132,925,2,36000,1.1427027027
81516,81654,82842,138,1188,2,36000,1.11616161616
81534,81682,82742,148,1060,2,36000,1.13962264151
81535,81691,82769,156,1078,2,36000,1.14471243043
81536,81707,82835,171,1128,2,36000,1.15159574468
81538,81714,82931,176,1217,2,36000,1.1446179129
81555,81719,82893,164,1174,2,36000,1.13969335605
81556,81724,83009,168,1285,2,36000,1.13073929961
81557,81732,82708,175,976,2,36000,1.17930327869
81579,81737,82805,158,1068,2,36000,1.14794007491
81581,81742,82798,161,1056,2,36000,1.15246212121
81582,81747,82671,165,924,2,36000,1.17857142857
81583,81752,82816,169,1064,2,36000,1.15883458647
81601,81758,82886,157,1128,2,36000,1.13918439716
81618,81763,82857,145,1094,2,36000,1.13254113346
81643,81768,82798,125,1030,2,36000,1.1213592233
81644,81775,82917,131,1142,2,36000,1.11471103327
81645,81780,82712,135,932,2,36000,1.14484978541
81672,81785,82918,113,1133,2,36000,1.09973521624
81689,81793,83033,104,1240,2,36000,1.08387096774
81708,81798,82817,90,1019,2,36000,1.0883218842
81709,81803,82844,94,1041,2,36000,1.09029779059
81711,81808,83083,97,1275,2,36000,1.07607843137
81712,81815,82920,103,1105,2,36000,1.09321266968
81713,81820,82869,107,1049,2,36000,1.10200190658
81715,81827,82932,112,1105,2,36000,1.10135746606
81716,81834,82889,118,1055,2,36000,1.11184834123
81717,81860,82840,143,980,2,36000,1.14591836735
81719,81867,82865,148,998,2,36000,1.14829659319
81738,81873,82951,135,1078,2,36000,1.12523191095
81739,81879,82937,140,1058,2,36000,1.13232514178
81741,81885,83061,144,1176,2,36000,1.12244897959
81742,81890,83045,148,1155,2,36000,1.12813852814
81743,81897,82869,154,972,2,36000,1.15843621399
81745,81903,82913,158,1010,2,36000,1.15643564356
81769,81908,83082,139,1174,2,36000,1.11839863714
81770,81913,83029,143,1116,2,36000,1.12813620072
81790,81920,83063,130,1143,2,36000,1.11373578303
81792,81926,82996,134,1070,2,36000,1.12523364486
81793,81931,82941,138,1010,2,36000,1.13663366337
81811,81942,83036,131,1094,2,36000,1.1197440585
81812,81949,83092,137,1143,2,36000,1.1198600175
81830,81957,83091,127,1134,2,36000,1.11199294533
81854,81970,83007,116,1037,2,36000,1.1118611379
81856,81977,83058,121,1081,2,36000,1.111933395
81874,81984,83192,110,1208,2,36000,1.09105960265
81875,81993,83046,118,1053,2,36000,1.11206077873
81877,82011,83224,134,1213,2,36000,1.11046990932
81878,82018,83149,140,1131,2,36000,1.12378426172
81895,82023,83165,128,1142,2,36000,1.11208406305
81897,82029,83028,132,999,2,36000,1.13213213213
81898,82044,83060,146,1016,2,36000,1.1437007874
81899,82051,83135,152,1084,2,36000,1.14022140221
81900,82057,83065,157,1008,2,36000,1.15575396825
81902,82081,83071,179,990,2,36000,1.18080808081
81920,82088,83279,168,1191,2,36000,1.14105793451
81941,82095,83235,154,1140,2,36000,1.1350877193
81943,82121,83261,178,1140,2,36000,1.15614035088
81960,82141,83189,181,1048,2,36000,1.17270992366
81961,82153,83245,192,1092,2,36000,1.17582417582
81979,82162,83247,183,1085,2,36000,1.16866359447
81980,82169,83270,189,1101,2,36000,1.17166212534
81998,82176,83362,178,1186,2,36000,1.15008431703
82018,82182,83141,164,959,2,36000,1.17101147028
82019,82188,83196,169,1008,2,36000,1.16765873016
82020,82193,83339,173,1146,2,36000,1.15095986038
82022,82202,83336,180,1134,2,36000,1.15873015873
82039,82208,83492,169,1284,2,36000,1.13161993769
82040,82230,83150,190,920,2,36000,1.20652173913
82042,82237,83216,195,979,2,36000,1.19918283963
82079,82243,83347,164,1104,2,36000,1.14855072464
82080,82249,83220,169,971,2,36000,1.17404737384
82098,82254,83288,156,1034,2,36000,1.15087040619
82115,82260,83351,145,1091,2,36000,1.1329055912
82132,82266,83322,134,1056,2,36000,1.12689393939
82149,82272,83289,123,1017,2,36000,1.1209439528
82167,82278,83259,111,981,2,36000,1.11314984709
82169,82283,83339,114,1056,2,36000,1.10795454545
82170,82290,83307,120,1017,2,36000,1.11799410029
82171,82330,83285,159,955,2,36000,1.1664921466
82189,82353,83421,164,1068,2,36000,1.15355805243
82190,82363,83449,173,1086,2,36000,1.15930018416
82192,82373,83412,181,1039,2,36000,1.17420596728
82209,82380,83478,171,1098,2,36000,1.15573770492
82231,82404,83462,173,1058,2,36000,1.16351606805
82233,82424,83712,191,1288,2,36000,1.14829192547
82234,82442,83472,208,1030,2,36000,1.20194174757
82235,82459,83608,224,1149,2,36000,1.19495213229
82254,82469,83447,215,978,2,36000,1.21983640082
82255,82486,83576,231,1090,2,36000,1.2119266055
82257,82531,83621,274,1090,2,36000,1.25137614679
82258,82583,83692,325,1109,2,36000,1.29305680794
82276,82607,83738,331,1131,2,36000,1.29266136163
82277,82614,83751,337,1137,2,36000,1.29639401935
82294,82619,83566,325,947,2,36000,1.34318901795
82320,82625,83600,305,975,2,36000,1.31282051282
82344,82631,83777,287,1146,2,36000,1.25043630017
82367,82637,83834,270,1197,2,36000,1.22556390977
82368,82642,83669,274,1027,2,36000,1.26679649464
82386,82648,83697,262,1049,2,36000,1.24976167779
82403,82653,83792,250,1139,2,36000,1.21949078139
82420,82660,83883,240,1223,2,36000,1.19623875715
82437,82665,83742,228,1077,2,36000,1.21169916435
82455,82672,83944,217,1272,2,36000,1.17059748428
82472,82678,83732,206,1054,2,36000,1.1954459203
82489,82685,83676,196,991,2,36000,1.19778002018
82525,82697,83635,172,938,2,36000,1.18336886994
82574,82717,83870,143,1153,2,36000,1.12402428448
82575,82723,83755,148,1032,2,36000,1.14341085271
82601,82729,83841,128,1112,2,36000,1.11510791367
82602,82753,83848,151,1095,2,36000,1.13789954338
82604,82760,83835,156,1075,2,36000,1.14511627907
82622,82781,83995,159,1214,2,36000,1.13097199341
82624,82787,83815,163,1028,2,36000,1.15856031128
82625,82796,83849,171,1053,2,36000,1.16239316239
82645,82809,83817,164,1008,2,36000,1.1626984127
82646,82814,83985,168,1171,2,36000,1.14346712212
82666,82821,83827,155,1006,2,36000,1.15407554672
82667,82828,83772,161,944,2,36000,1.17055084746
82668,82833,84061,165,1228,2,36000,1.13436482085
82670,82847,83926,177,1079,2,36000,1.1640407785
82687,82854,83976,167,1122,2,36000,1.14884135472
82688,82860,83972,172,1112,2,36000,1.15467625899
82709,82866,83752,157,886,2,36000,1.17720090293
82710,82873,83923,163,1050,2,36000,1.15523809524
82727,82880,83899,153,1019,2,36000,1.15014720314
82745,82885,84043,140,1158,2,36000,1.12089810017
82762,82890,84012,128,1122,2,36000,1.11408199643
82779,82898,83704,119,806,2,36000,1.1476426799
82780,82904,84055,124,1151,2,36000,1.1077324066
82797,82910,83969,113,1059,2,36000,1.10670443815
82799,82925,83850,126,925,2,36000,1.13621621622
82829,82932,84061,103,1129,2,36000,1.09123117803
82830,82937,84063,107,1126,2,36000,1.09502664298
82832,82943,84097,111,1154,2,36000,1.09618717504
82833,82949,84038,116,1089,2,36000,1.10651974288
82851,82955,83895,104,940,2,36000,1.11063829787
82852,82960,84058,108,1098,2,36000,1.09836065574
82854,82966,83988,112,1022,2,36000,1.1095890411
82855,82971,84079,116,1108,2,36000,1.10469314079
82873,83007,84115,134,1108,2,36000,1.12093862816
82874,83018,84130,144,1112,2,36000,1.12949640288
82876,83025,84060,149,1035,2,36000,1.14396135266
82877,83040,84083,163,1043,2,36000,1.15627996165
82894,83045,83945,151,900,2,36000,1.16777777778
82895,83052,84192,157,1140,2,36000,1.13771929825
82896,83057,84004,161,947,2,36000,1.17001055966
82917,83064,84364,147,1300,2,36000,1.11307692308
82918,83069,84065,151,996,2,36000,1.1516064257
82937,83076,84172,139,1096,2,36000,1.12682481752
82938,83081,84239,143,1158,2,36000,1.12348877375
82939,83087,84202,148,1115,2,36000,1.13273542601
82941,83092,84214,151,1122,2,36000,1.13458110517
82942,83097,84243,155,1146,2,36000,1.1352530541
82960,83104,84224,144,1120,2,36000,1.12857142857
82961,83110,84406,149,1296,2,36000,1.1149691358
83000,83115,84103,115,988,2,36000,1.11639676113
83018,83120,84266,102,1146,2,36000,1.0890052356
83019,83125,84568,106,1443,2,36000,1.07345807346
83038,83147,84298,109,1151,2,36000,1.09470026064
83039,83154,84191,115,1037,2,36000,1.11089681774
83040,83161,84338,121,1177,2,36000,1.10280373832
83042,83166,84312,124,1146,2,36000,1.10820244328
83061,83177,84175,116,998,2,36000,1.11623246493
83062,83200,84147,138,947,2,36000,1.14572333685
83063,83207,84244,144,1037,2,36000,1.13886210222
83065,83213,84331,148,1118,2,36000,1.13237924866
83066,83228,84235,162,1007,2,36000,1.16087388282
83067,83234,84372,167,1138,2,36000,1.1467486819
83087,83241,84217,154,976,2,36000,1.15778688525
83088,83248,84404,160,1156,2,36000,1.1384083045
83089,83256,84524,167,1268,2,36000,1.13170347003
83091,83263,84285,172,1022,2,36000,1.16829745597
83108,83270,84439,162,1169,2,36000,1.13857998289
83109,83277,84525,168,1248,2,36000,1.13461538462
83139,83284,84371,145,1087,2,36000,1.13339466421
83161,83291,84363,130,1072,2,36000,1.12126865672
83163,83298,84308,135,1010,2,36000,1.13366336634
83164,83305,84489,141,1184,2,36000,1.11908783784
83182,83310,84435,128,1125,2,36000,1.11377777778
83201,83319,84410,118,1091,2,36000,1.10815765353
83202,83333,84419,131,1086,2,36000,1.12062615101
83203,83348,84401,145,1053,2,36000,1.13770180437
83220,83355,84495,135,1140,2,36000,1.11842105263
83222,83361,84450,139,1089,2,36000,1.12764003673
83239,83367,84378,128,1011,2,36000,1.12660731949
83241,83373,84326,132,953,2,36000,1.13850996852
83259,83379,84821,120,1442,2,36000,1.08321775312
83260,83423,84664,163,1241,2,36000,1.13134568896
83277,83432,84481,155,1049,2,36000,1.14775977121
83278,83458,84612,180,1154,2,36000,1.15597920277
83280,83465,84611,185,1146,2,36000,1.16143106457
83297,83473,84514,176,1041,2,36000,1.16906820365
83298,83483,84609,185,1126,2,36000,1.16429840142
83300,83490,84497,190,1007,2,36000,1.18867924528
83301,83503,84929,202,1426,2,36000,1.14165497896
83319,83577,84729,258,1152,2,36000,1.22395833333
83338,83587,84622,249,1035,2,36000,1.24057971014
83339,83611,84657,272,1046,2,36000,1.26003824092
83358,83619,84679,261,1060,2,36000,1.24622641509
83359,83632,84725,273,1093,2,36000,1.24977127173
83361,83646,84861,285,1215,2,36000,1.23456790123
83362,83680,84775,318,1095,2,36000,1.2904109589
83379,83687,84708,308,1021,2,36000,1.30166503428
83417,83703,84653,286,950,2,36000,1.30105263158
83434,83709,84868,275,1159,2,36000,1.23727351165
83451,83716,84755,265,1039,2,36000,1.25505293551
83453,83723,84764,270,1041,2,36000,1.25936599424
83472,83743,84844,271,1101,2,36000,1.24613987284
83473,83750,84788,277,1038,2,36000,1.26685934489
83498,83757,84730,259,973,2,36000,1.26618705036
83499,83764,84935,265,1171,2,36000,1.22630230572
83569,83770,84697,201,927,2,36000,1.21682847896
83586,83776,84830,190,1054,2,36000,1.18026565465
83603,83783,84760,180,977,2,36000,1.18423746162
83621,83791,84936,170,1145,2,36000,1.14847161572
83623,83803,84862,180,1059,2,36000,1.16997167139
83641,83826,84787,185,961,2,36000,1.19250780437
83672,83833,84847,161,1014,2,36000,1.15877712032
83689,83840,84986,151,1146,2,36000,1.13176265271
83709,83847,84961,138,1114,2,36000,1.12387791741
83710,83852,84949,142,1097,2,36000,1.12944393801
83711,83859,84916,148,1057,2,36000,1.14001892148
83729,83864,84941,135,1077,2,36000,1.12534818942
83747,83871,84864,124,993,2,36000,1.12487411883
83748,83877,84951,129,1074,2,36000,1.12011173184
83749,83883,85050,134,1167,2,36000,1.1148243359
83767,83894,84950,127,1056,2,36000,1.12026515152
83768,83907,84965,139,1058,2,36000,1.13137996219
83770,83914,85062,144,1148,2,36000,1.12543554007
83789,83934,84947,145,1013,2,36000,1.14313919052
83790,83940,84940,150,1000,2,36000,1.15
83814,83955,84983,141,1028,2,36000,1.13715953307
83815,83962,85089,147,1127,2,36000,1.13043478261
83835,83980,85082,145,1102,2,36000,1.13157894737
83837,83987,85059,150,1072,2,36000,1.13992537313
83838,83992,85131,154,1139,2,36000,1.13520632133
83839,83999,84959,160,960,2,36000,1.16666666667
83859,84004,85076,145,1072,2,36000,1.13526119403
83860,84010,85073,150,1063,2,36000,1.14111006585
83861,84017,84966,156,949,2,36000,1.16438356164
83862,84024,85196,162,1172,2,36000,1.13822525597
83881,84049,85043,168,994,2,36000,1.16901408451
83899,84056,85512,157,1456,2,36000,1.10782967033
83900,84067,85160,167,1093,2,36000,1.1527904849
83902,84074,85236,172,1162,2,36000,1.14802065404
83926,84079,85228,153,1149,2,36000,1.13315926893
83927,84084,85142,157,1058,2,36000,1.14839319471
83950,84089,85053,139,964,2,36000,1.14419087137
83951,84096,85283,145,1187,2,36000,1.12215669756
83971,84101,85129,130,1028,2,36000,1.12645914397
83988,84107,85097,119,990,2,36000,1.1202020202
83990,84112,85328,122,1216,2,36000,1.10032894737
83991,84119,85152,128,1033,2,36000,1.12391093901
83992,84124,85403,132,1279,2,36000,1.1032056294
84010,84131,85139,121,1008,2,36000,1.12003968254
84012,84141,85104,129,963,2,36000,1.13395638629
84029,84159,85216,130,1057,2,36000,1.12298959319
84046,84184,85231,138,1047,2,36000,1.13180515759
84047,84191,85213,144,1022,2,36000,1.14090019569
84066,84203,85333,137,1130,2,36000,1.12123893805
84068,84208,85273,140,1065,2,36000,1.13145539906
84069,84215,85314,146,1099,2,36000,1.13284804368
84070,84226,85169,156,943,2,36000,1.16542948038
84072,84233,85251,161,1018,2,36000,1.15815324165
84073,84240,85564,167,1324,2,36000,1.12613293051
84075,84247,85347,172,1100,2,36000,1.15636363636
84094,84254,85290,160,1036,2,36000,1.15444015444
84095,84259,85474,164,1215,2,36000,1.13497942387
84113,84266,85234,153,968,2,36000,1.15805785124
84114,84277,85343,163,1066,2,36000,1.15290806754
84131,84296,85504,165,1208,2,36000,1.13658940397
84132,84309,85506,177,1197,2,36000,1.14786967419
84153,84319,85430,166,1111,2,36000,1.14941494149
84178,84326,85391,148,1065,2,36000,1.13896713615
84180,84337,85463,157,1126,2,36000,1.13943161634
84198,84344,85268,146,924,2,36000,1.15800865801
84199,84351,85428,152,1077,2,36000,1.14113277623
84218,84374,85445,156,1071,2,36000,1.14565826331
84219,84381,85407,162,1026,2,36000,1.15789473684
84220,84388,85328,168,940,2,36000,1.17872340426
84240,84394,85754,154,1360,2,36000,1.11323529412
84241,84400,85431,159,1031,2,36000,1.15421920466
84242,84413,85477,171,1064,2,36000,1.16071428571
84261,84420,85606,159,1186,2,36000,1.13406408094
84262,84425,85479,163,1054,2,36000,1.15464895636
84279,84431,85463,152,1032,2,36000,1.14728682171
84296,84437,85528,141,1091,2,36000,1.12923923006
84313,84447,85585,134,1138,2,36000,1.11775043937
84314,84454,85622,140,1168,2,36000,1.1198630137
84315,84461,85523,146,1062,2,36000,1.13747645951
84332,84492,85567,160,1075,2,36000,1.1488372093
84334,84500,85527,166,1027,2,36000,1.16163583252
84351,84507,85728,156,1221,2,36000,1.12776412776
84369,84514,85636,145,1122,2,36000,1.12923351159
84371,84526,85484,155,958,2,36000,1.1617954071
84389,84535,85625,146,1090,2,36000,1.13394495413
84390,84542,85581,152,1039,2,36000,1.14629451396
84391,84579,85717,188,1138,2,36000,1.16520210896
84410,84620,85788,210,1168,2,36000,1.17979452055
84411,84627,85763,216,1136,2,36000,1.19014084507
84412,84632,85688,220,1056,2,36000,1.20833333333
84414,84639,86078,225,1439,2,36000,1.15635858235
84432,84664,85582,232,918,2,36000,1.25272331155
84449,84671,85687,222,1016,2,36000,1.21850393701
84451,84678,85799,227,1121,2,36000,1.20249776985
84467,84690,85813,223,1123,2,36000,1.19857524488
84484,84708,85895,224,1187,2,36000,1.18871103623
84503,84719,85741,216,1022,2,36000,1.21135029354
84505,84736,85935,231,1199,2,36000,1.19266055046
84506,84743,85755,237,1012,2,36000,1.23418972332
84523,84748,85750,225,1002,2,36000,1.2245508982
84525,84766,85874,241,1108,2,36000,1.21750902527
84542,84773,85768,231,995,2,36000,1.23216080402
84573,84780,85780,207,1000,2,36000,1.207
84613,84786,85937,173,1151,2,36000,1.15030408341
84614,84798,85788,184,990,2,36000,1.18585858586
84615,84805,85768,190,963,2,36000,1.19730010384
84635,84832,85916,197,1084,2,36000,1.18173431734
84655,84841,85793,186,952,2,36000,1.19537815126
84673,84855,85786,182,931,2,36000,1.1954887218
84674,84862,86039,188,1177,2,36000,1.15972812234
84692,84873,85933,181,1060,2,36000,1.17075471698
84711,84878,85961,167,1083,2,36000,1.15420129271
84712,84885,86009,173,1124,2,36000,1.15391459075
84729,84890,86069,161,1179,2,36000,1.13655640373
84731,84928,86118,197,1190,2,36000,1.16554621849
84732,84940,86115,208,1175,2,36000,1.1770212766
84760,84947,86031,187,1084,2,36000,1.17250922509
84762,84953,85894,191,941,2,36000,1.20297555792
84780,84959,85989,179,1030,2,36000,1.17378640777
84781,84965,86049,184,1084,2,36000,1.16974169742
84798,84970,85995,172,1025,2,36000,1.16780487805
84799,84977,86107,178,1130,2,36000,1.15752212389
84823,84982,86177,159,1195,2,36000,1.13305439331
84840,84987,86010,147,1023,2,36000,1.14369501466
84859,84992,86130,133,1138,2,36000,1.11687170475
84860,84998,86119,138,1121,2,36000,1.1231043711
84878,85003,86118,125,1115,2,36000,1.11210762332
84879,85008,85999,129,991,2,36000,1.1301715439
84881,85015,86101,134,1086,2,36000,1.12338858195
84882,85021,86127,139,1106,2,36000,1.12567811935
84918,85055,86066,137,1011,2,36000,1.13550939664
84936,85062,86059,126,997,2,36000,1.12637913741
84937,85069,86116,132,1047,2,36000,1.12607449857
84938,85076,86463,138,1387,2,36000,1.09949531363
84958,85081,86312,123,1231,2,36000,1.09991876523
84959,85088,86270,129,1182,2,36000,1.10913705584
84961,85093,86126,132,1033,2,36000,1.12778315586
84962,85100,86244,138,1144,2,36000,1.12062937063
84963,85105,86040,142,935,2,36000,1.15187165775
84965,85112,86021,147,909,2,36000,1.16171617162
84984,85119,86296,135,1177,2,36000,1.11469838573
84985,85140,86193,155,1053,2,36000,1.14719848053
84987,85146,86215,159,1069,2,36000,1.14873713751
84988,85153,86208,165,1055,2,36000,1.15639810427
84989,85158,86249,169,1091,2,36000,1.15490375802
85009,85165,86144,156,979,2,36000,1.15934627171
85046,85172,86216,126,1044,2,36000,1.12068965517
85067,85180,86335,113,1155,2,36000,1.09783549784
85068,85207,86282,139,1075,2,36000,1.12930232558
85069,85225,86249,156,1024,2,36000,1.15234375
85071,85232,86295,161,1063,2,36000,1.15145813735
85090,85240,86254,150,1014,2,36000,1.14792899408
85091,85247,86115,156,868,2,36000,1.1797235023
85092,85252,86273,160,1021,2,36000,1.15670910872
85094,85258,86261,164,1003,2,36000,1.16350947159
85111,85264,86508,153,1244,2,36000,1.1229903537
85112,85279,86433,167,1154,2,36000,1.14471403813
85134,85286,86334,152,1048,2,36000,1.14503816794
85135,85294,86345,159,1051,2,36000,1.15128449096
85152,85301,86310,149,1009,2,36000,1.14767096135
85154,85325,86408,171,1083,2,36000,1.15789473684
85155,85339,86609,184,1270,2,36000,1.14488188976
85174,85344,86578,170,1234,2,36000,1.13776337115
85175,85351,86468,176,1117,2,36000,1.157564906
85199,85358,86366,159,1008,2,36000,1.15773809524
85216,85363,86413,147,1050,2,36000,1.14
85218,85402,86491,184,1089,2,36000,1.16896235078
85236,85414,86633,178,1219,2,36000,1.14602132896
85237,85421,86360,184,939,2,36000,1.19595314164
85239,85439,86339,200,900,2,36000,1.22222222222
85240,85446,86552,206,1106,2,36000,1.18625678119
85259,85451,86739,192,1288,2,36000,1.14906832298
85277,85458,86800,181,1342,2,36000,1.1348733234
85278,85474,86566,196,1092,2,36000,1.17948717949
85296,85479,86607,183,1128,2,36000,1.16223404255
85297,85486,86558,189,1072,2,36000,1.17630597015
85317,85493,86447,176,954,2,36000,1.18448637317
85336,85498,86603,162,1105,2,36000,1.14660633484
85338,85505,86510,167,1005,2,36000,1.16616915423
85339,85515,86598,176,1083,2,36000,1.16251154201
85356,85522,86560,166,1038,2,36000,1.15992292871
85358,85529,86641,171,1112,2,36000,1.15377697842
85396,85535,86602,139,1067,2,36000,1.13027179007
85413,85542,86657,129,1115,2,36000,1.11569506726
85414,85547,86507,133,960,2,36000,1.13854166667
85433,85576,86590,143,1014,2,36000,1.14102564103
85434,85582,86544,148,962,2,36000,1.15384615385
85435,85592,86725,157,1133,2,36000,1.1385701677
85454,85599,86439,145,840,2,36000,1.17261904762
85472,85605,86460,133,855,2,36000,1.15555555556
85473,85618,86561,145,943,2,36000,1.15376458112
85493,85633,86709,140,1076,2,36000,1.13011152416
85494,85640,86725,146,1085,2,36000,1.13456221198
85496,85647,86811,151,1164,2,36000,1.12972508591
85497,85698,86854,201,1156,2,36000,1.17387543253
85515,85704,86835,189,1131,2,36000,1.16710875332
85516,85729,86905,213,1176,2,36000,1.18112244898
85518,85739,86770,221,1031,2,36000,1.21435499515
85536,85752,86763,216,1011,2,36000,1.21364985163
85537,85761,86738,224,977,2,36000,1.22927328557
85538,85768,87003,230,1235,2,36000,1.18623481781
85570,85774,86724,204,950,2,36000,1.21473684211
85571,85780,87018,209,1238,2,36000,1.16882067851
85590,85786,86825,196,1039,2,36000,1.18864292589
85591,85791,86812,200,1021,2,36000,1.1958863859
85592,85797,86822,205,1025,2,36000,1.2
85609,85802,86996,193,1194,2,36000,1.16164154104
85626,85809,86751,183,942,2,36000,1.19426751592
85628,85814,86883,186,1069,2,36000,1.17399438728
85645,85820,86839,175,1019,2,36000,1.17173699706
85691,85826,86754,135,928,2,36000,1.14547413793
85693,85831,86975,138,1144,2,36000,1.12062937063
85719,85885,86987,166,1102,2,36000,1.15063520871
85737,85906,87081,169,1175,2,36000,1.14382978723
85755,85911,86921,156,1010,2,36000,1.15445544554
85756,85927,86912,171,985,2,36000,1.17360406091
85758,85944,86897,186,953,2,36000,1.19517313746
85759,85951,86983,192,1032,2,36000,1.18604651163
85778,85957,86994,179,1037,2,36000,1.17261330762
85779,85972,87093,193,1121,2,36000,1.1721677074
85780,86000,87016,220,1016,2,36000,1.21653543307
85801,86007,87094,206,1087,2,36000,1.1895124195
85802,86014,87054,212,1040,2,36000,1.20384615385
85803,86021,87058,218,1037,2,36000,1.21022179364
85805,86028,87189,223,1161,2,36000,1.19207579673
85806,86035,87109,229,1074,2,36000,1.21322160149
85807,86042,86994,235,952,2,36000,1.2468487395
85825,86050,87089,225,1039,2,36000,1.21655437921
85878,86056,87134,178,1078,2,36000,1.16512059369
85898,86062,87125,164,1063,2,36000,1.15428033866
85899,86071,87155,172,1084,2,36000,1.15867158672
85919,86078,87158,159,1080,2,36000,1.14722222222
85936,86085,87148,149,1063,2,36000,1.14016933208
85937,86092,87397,155,1305,2,36000,1.11877394636
85954,86112,87092,158,980,2,36000,1.1612244898
85972,86119,87340,147,1221,2,36000,1.12039312039
85994,86126,87138,132,1012,2,36000,1.13043478261
85995,86132,87212,137,1080,2,36000,1.12685185185
86012,86138,87319,126,1181,2,36000,1.1066892464
86014,86143,87070,129,927,2,36000,1.13915857605
86015,86148,87130,133,982,2,36000,1.13543788187
86032,86154,87306,122,1152,2,36000,1.10590277778
86033,86159,87177,126,1018,2,36000,1.12377210216
86051,86164,87337,113,1173,2,36000,1.09633418585
86052,86171,87217,119,1046,2,36000,1.1137667304
86054,86176,87303,122,1127,2,36000,1.10825199645
86072,86188,87280,116,1092,2,36000,1.10622710623
86074,86204,87201,130,997,2,36000,1.13039117352
86075,86220,87278,145,1058,2,36000,1.1370510397
86092,86226,87399,134,1173,2,36000,1.11423699915
86110,86233,87179,123,946,2,36000,1.13002114165
86112,86256,87252,144,996,2,36000,1.14457831325
86132,86263,87272,131,1009,2,36000,1.12983151635
86133,86269,87299,136,1030,2,36000,1.13203883495
86135,86275,87117,140,842,2,36000,1.16627078385
86136,86281,87346,145,1065,2,36000,1.13615023474
86137,86287,87307,150,1020,2,36000,1.14705882353
86139,86293,87337,154,1044,2,36000,1.14750957854
86140,86299,87329,159,1030,2,36000,1.15436893204
86141,86305,87254,164,949,2,36000,1.17281348788
86143,86312,87411,169,1099,2,36000,1.15377616015
86160,86322,87476,162,1154,2,36000,1.1403812825
86180,86329,87416,149,1087,2,36000,1.13707451702
86198,86345,87458,147,1113,2,36000,1.1320754717
86215,86352,87443,137,1091,2,36000,1.12557286893
86216,86358,87546,142,1188,2,36000,1.11952861953
86233,86364,87636,131,1272,2,36000,1.10298742138
86252,86372,87572,120,1200,2,36000,1.1
86254,86378,87671,124,1293,2,36000,1.09590100541
86255,86420,87462,165,1042,2,36000,1.15834932821
86273,86427,87630,154,1203,2,36000,1.12801330008
86274,86444,87560,170,1116,2,36000,1.1523297491
86275,86451,87488,176,1037,2,36000,1.16972034716
86277,86458,87608,181,1150,2,36000,1.15739130435
86294,86472,87500,178,1028,2,36000,1.17315175097
86295,86478,87526,183,1048,2,36000,1.17461832061
86314,86483,87649,169,1166,2,36000,1.14493996569
86315,86503,87567,188,1064,2,36000,1.17669172932
86317,86518,87627,201,1109,2,36000,1.18124436429
86341,86525,87609,184,1084,2,36000,1.16974169742
86342,86531,87544,189,1013,2,36000,1.1865745311
86344,86555,87610,211,1055,2,36000,1.2
86362,86563,87758,201,1195,2,36000,1.16820083682
86363,86570,87710,207,1140,2,36000,1.18157894737
86381,86577,87748,196,1171,2,36000,1.16737830914
86412,86583,87865,171,1282,2,36000,1.13338533541
86429,86588,87784,159,1196,2,36000,1.13294314381
86447,86595,87545,148,950,2,36000,1.15578947368
86448,86602,87693,154,1091,2,36000,1.14115490376
86467,86609,87675,142,1066,2,36000,1.13320825516
86469,86616,87727,147,1111,2,36000,1.13231323132
86470,86622,87584,152,962,2,36000,1.158004158
86471,86628,87676,157,1048,2,36000,1.14980916031
86495,86634,87754,139,1120,2,36000,1.12410714286
86513,86644,87746,131,1102,2,36000,1.11887477314
86515,86652,87846,137,1194,2,36000,1.11474036851
86516,86668,87753,152,1085,2,36000,1.1400921659
86550,86721,87832,171,1111,2,36000,1.15391539154
86568,86735,87888,167,1153,2,36000,1.144839549
86569,86742,88048,173,1306,2,36000,1.13246554364
86570,86747,87631,177,884,2,36000,1.20022624434
86572,86754,87838,182,1084,2,36000,1.16789667897
86573,86760,87803,187,1043,2,36000,1.17929050815
86591,86766,87963,175,1197,2,36000,1.14619883041
86593,86772,87788,179,1016,2,36000,1.17618110236
86613,86778,87976,165,1198,2,36000,1.13772954925
86615,86785,87944,170,1159,2,36000,1.14667817084
86616,86811,87862,195,1051,2,36000,1.18553758325
86617,86822,87973,205,1151,2,36000,1.17810599479
86618,86829,87832,211,1003,2,36000,1.21036889332
86636,86836,87847,200,1011,2,36000,1.1978239367
86653,86841,87996,188,1155,2,36000,1.16277056277
86670,86848,87914,178,1066,2,36000,1.1669793621
86713,86854,87985,141,1131,2,36000,1.12466843501
86730,86865,87963,135,1098,2,36000,1.12295081967
86732,86894,87962,162,1068,2,36000,1.15168539326
86733,86908,88013,175,1105,2,36000,1.15837104072
86752,86916,87921,164,1005,2,36000,1.1631840796
86753,86923,87818,170,895,2,36000,1.18994413408
86754,86933,88070,179,1137,2,36000,1.15743183817
86772,86986,88087,214,1101,2,36000,1.19436875568
86774,86995,88129,221,1134,2,36000,1.19488536155
86775,87002,88021,227,1019,2,36000,1.22276741904
86802,87009,88044,207,1035,2,36000,1.2
86821,87014,88172,193,1158,2,36000,1.16666666667
86822,87020,88122,198,1102,2,36000,1.17967332123
86840,87026,88134,186,1108,2,36000,1.1678700361
86842,87033,88173,191,1140,2,36000,1.16754385965
86843,87038,88040,195,1002,2,36000,1.19461077844
86844,87065,88352,221,1287,2,36000,1.17171717172
86862,87072,88067,210,995,2,36000,1.21105527638
86885,87081,88176,196,1095,2,36000,1.17899543379
86902,87092,88167,190,1075,2,36000,1.17674418605
86920,87101,88022,181,921,2,36000,1.19652551574
86922,87108,88086,186,978,2,36000,1.19018404908
86939,87113,88230,174,1117,2,36000,1.1557743957
86978,87119,88254,141,1135,2,36000,1.12422907489
86996,87125,88233,129,1108,2,36000,1.11642599278
86997,87132,88484,135,1352,2,36000,1.09985207101
86998,87139,88135,141,996,2,36000,1.14156626506
87000,87146,88099,146,953,2,36000,1.15320041973
87001,87151,87986,150,835,2,36000,1.17964071856
87019,87158,88021,139,863,2,36000,1.16106604867
87020,87164,88172,144,1008,2,36000,1.14285714286
87022,87171,88282,149,1111,2,36000,1.13411341134
87056,87177,88216,121,1039,2,36000,1.11645813282
87073,87188,88280,115,1092,2,36000,1.10531135531
87075,87195,88126,120,931,2,36000,1.12889366273
87093,87202,88303,109,1101,2,36000,1.09900090827
87094,87212,88311,118,1099,2,36000,1.10737033667
87095,87224,88294,129,1070,2,36000,1.12056074766
87097,87231,88370,134,1139,2,36000,1.11764705882
87115,87263,88364,148,1101,2,36000,1.13442325159
87116,87270,88453,154,1183,2,36000,1.13017751479
87134,87283,88277,149,994,2,36000,1.14989939638
87135,87290,88490,155,1200,2,36000,1.12916666667
87137,87297,88478,160,1181,2,36000,1.13547840813
87138,87310,88384,172,1074,2,36000,1.16014897579
87156,87317,88313,161,996,2,36000,1.16164658635
87157,87324,88438,167,1114,2,36000,1.14991023339
87159,87329,88340,170,1011,2,36000,1.16815034619
87176,87336,88480,160,1144,2,36000,1.13986013986
87195,87343,88436,148,1093,2,36000,1.13540713632
87196,87350,88356,154,1006,2,36000,1.15308151093
87197,87355,88364,158,1009,2,36000,1.15659068385
87214,87362,88319,148,957,2,36000,1.15464994775
87215,87367,88360,152,993,2,36000,1.1530715005
87233,87409,88449,176,1040,2,36000,1.16923076923
87257,87416,88503,159,1087,2,36000,1.14627414903
87258,87423,88467,165,1044,2,36000,1.15804597701
87276,87430,88650,154,1220,2,36000,1.1262295082
87294,87454,88598,160,1144,2,36000,1.13986013986
87295,87469,88643,174,1174,2,36000,1.14821124361
87313,87476,88567,163,1091,2,36000,1.14940421632
87315,87487,88628,172,1141,2,36000,1.15074496056
87316,87500,88711,184,1211,2,36000,1.151940545
87317,87511,88480,194,969,2,36000,1.20020639835
87334,87537,88694,203,1157,2,36000,1.17545375972
87336,87556,88701,220,1145,2,36000,1.19213973799
87355,87561,88438,206,877,2,36000,1.23489167617
87356,87568,88497,212,929,2,36000,1.22820236814
87358,87575,88561,217,986,2,36000,1.2200811359
87359,87582,88671,223,1089,2,36000,1.20477502296
87398,87589,88604,191,1015,2,36000,1.1881773399
87400,87596,88701,196,1105,2,36000,1.17737556561
87418,87620,88646,202,1026,2,36000,1.19688109162
87419,87627,88755,208,1128,2,36000,1.18439716312
87446,87632,88776,186,1144,2,36000,1.16258741259
87463,87639,88578,176,939,2,36000,1.18743343983
87465,87646,88800,181,1154,2,36000,1.1568457539
87483,87651,88769,168,1118,2,36000,1.15026833631
87500,87658,88689,158,1031,2,36000,1.15324927255
87501,87665,88694,164,1029,2,36000,1.15937803693
87529,87682,88848,153,1166,2,36000,1.13121783877
87547,87689,88761,142,1072,2,36000,1.13246268657
87548,87694,88744,146,1050,2,36000,1.13904761905
87550,87704,88825,154,1121,2,36000,1.13737734166
87567,87721,88840,154,1119,2,36000,1.13762287757
87569,87739,88941,170,1202,2,36000,1.14143094842
87587,87758,88846,171,1088,2,36000,1.15716911765
87588,87765,88919,177,1154,2,36000,1.15337954939
87612,87770,88816,158,1046,2,36000,1.15105162524
87613,87775,88851,162,1076,2,36000,1.15055762082
87615,87782,89061,167,1279,2,36000,1.13057075841
87634,87795,88837,161,1042,2,36000,1.15451055662
87635,87802,88766,167,964,2,36000,1.17323651452
87636,87814,88926,178,1112,2,36000,1.16007194245
87654,87829,88867,175,1038,2,36000,1.16859344894
87656,87843,88859,187,1016,2,36000,1.18405511811
87676,87849,88909,173,1060,2,36000,1.16320754717
87677,87855,88936,178,1081,2,36000,1.16466234968
87678,87862,88969,184,1107,2,36000,1.16621499548
87696,87867,88907,171,1040,2,36000,1.16442307692
87713,87874,88868,161,994,2,36000,1.16197183099
87731,87881,89065,150,1184,2,36000,1.12668918919
87752,87899,88955,147,1056,2,36000,1.13920454545
87753,87925,89068,172,1143,2,36000,1.15048118985
87775,87932,89063,157,1131,2,36000,1.13881520778
87776,87956,89088,180,1132,2,36000,1.15901060071
87777,87973,89077,196,1104,2,36000,1.17753623188
87795,87980,88930,185,950,2,36000,1.19473684211
87796,87985,89065,189,1080,2,36000,1.175
87813,87992,89087,179,1095,2,36000,1.16347031963
87831,87997,89119,166,1122,2,36000,1.14795008913
87832,88004,89019,172,1015,2,36000,1.16945812808
87851,88009,89152,158,1143,2,36000,1.13823272091
87852,88016,89088,164,1072,2,36000,1.15298507463
87854,88025,89201,171,1176,2,36000,1.14540816327
87855,88032,89100,177,1068,2,36000,1.16573033708
87873,88037,89154,164,1117,2,36000,1.14682184423
87874,88044,89064,170,1020,2,36000,1.16666666667
87891,88051,89015,160,964,2,36000,1.16597510373
87917,88058,89044,141,986,2,36000,1.1430020284
87935,88065,89188,130,1123,2,36000,1.11576135352
87952,88078,89150,126,1072,2,36000,1.11753731343
87970,88085,89091,115,1006,2,36000,1.11431411531
87971,88097,89142,126,1045,2,36000,1.12057416268
87973,88104,89229,131,1125,2,36000,1.11644444444
87992,88111,89215,119,1104,2,36000,1.10778985507
87993,88133,89226,140,1093,2,36000,1.12808783166
87995,88140,89322,145,1182,2,36000,1.12267343486
87996,88146,89278,150,1132,2,36000,1.13250883392
88013,88152,89358,139,1206,2,36000,1.11525704809
88015,88157,89177,142,1020,2,36000,1.13921568627
88033,88180,89231,147,1051,2,36000,1.13986679353
88034,88187,89204,153,1017,2,36000,1.15044247788
88035,88192,89261,157,1069,2,36000,1.14686623012
88053,88198,89231,145,1033,2,36000,1.1403678606
88055,88203,89430,148,1227,2,36000,1.1206193969
88056,88227,89461,171,1234,2,36000,1.13857374392
88074,88241,89268,167,1027,2,36000,1.16260954236
88076,88249,89293,173,1044,2,36000,1.16570881226
88093,88265,89422,172,1157,2,36000,1.14866032844
88095,88289,89286,194,997,2,36000,1.19458375125
88112,88296,89437,184,1141,2,36000,1.16126205083
88130,88302,89352,172,1050,2,36000,1.16380952381
88131,88308,89439,177,1131,2,36000,1.15649867374
88132,88315,89462,183,1147,2,36000,1.15954664342
88150,88322,89418,172,1096,2,36000,1.15693430657
88152,88328,89532,176,1204,2,36000,1.14617940199
88172,88335,89522,163,1187,2,36000,1.13732097725
88174,88351,89474,177,1123,2,36000,1.15761353517
88175,88364,89356,189,992,2,36000,1.19052419355
88176,88371,89419,195,1048,2,36000,1.18606870229
88194,88376,89540,182,1164,2,36000,1.15635738832
88219,88383,89671,164,1288,2,36000,1.12732919255
88237,88389,89442,152,1053,2,36000,1.14434947768
88238,88394,90080,156,1686,2,36000,1.09252669039
88258,88401,89512,143,1111,2,36000,1.12871287129
88281,88447,89528,166,1081,2,36000,1.15356151711
88283,88454,89713,171,1259,2,36000,1.13582208102
88284,88459,89551,175,1092,2,36000,1.16025641026
88302,88467,89707,165,1240,2,36000,1.13306451613
88320,88472,89551,152,1079,2,36000,1.14087117702
88321,88479,89466,158,987,2,36000,1.1600810537
88322,88490,89446,168,956,2,36000,1.17573221757
88324,88497,89565,173,1068,2,36000,1.16198501873
88345,88503,89544,158,1041,2,36000,1.15177713737
88364,88508,89589,144,1081,2,36000,1.13320999075
88365,88514,89636,149,1122,2,36000,1.13279857398
88367,88519,89613,152,1094,2,36000,1.13893967093
88368,88525,89598,157,1073,2,36000,1.14631873253
88369,88572,89580,203,1008,2,36000,1.20138888889
88391,88579,89739,188,1160,2,36000,1.16206896552
88392,88589,89709,197,1120,2,36000,1.17589285714
88439,88609,89579,170,970,2,36000,1.17525773196
88440,88616,89761,176,1145,2,36000,1.15371179039
88441,88639,89662,198,1023,2,36000,1.1935483871
88461,88654,89880,193,1226,2,36000,1.15742251223
88462,88660,89638,198,978,2,36000,1.20245398773
88480,88666,89914,186,1248,2,36000,1.14903846154
88481,88682,89750,201,1068,2,36000,1.18820224719
88482,88700,89681,218,981,2,36000,1.22222222222
88484,88707,89836,223,1129,2,36000,1.19751992914
88503,88713,89635,210,922,2,36000,1.22776572668
88505,88719,89791,214,1072,2,36000,1.19962686567
88506,88725,89919,219,1194,2,36000,1.18341708543
88507,88731,89754,224,1023,2,36000,1.21896383187
88564,88756,89814,192,1058,2,36000,1.18147448015
88582,88766,89775,184,1009,2,36000,1.18235877106
88584,88773,89893,189,1120,2,36000,1.16875
88602,88779,89791,177,1012,2,36000,1.17490118577
88620,88786,89780,166,994,2,36000,1.16700201207
88637,88793,89843,156,1050,2,36000,1.14857142857
88656,88811,89756,155,945,2,36000,1.16402116402
88657,88827,89961,170,1134,2,36000,1.14991181658
88659,88837,89841,178,1004,2,36000,1.17729083665
88676,88848,89995,172,1147,2,36000,1.14995640802
88695,88855,89842,160,987,2,36000,1.16210739615
88696,88861,90006,165,1145,2,36000,1.14410480349
88697,88866,90107,169,1241,2,36000,1.1361804996
88716,88874,89754,158,880,2,36000,1.17954545455
88718,88879,89953,161,1074,2,36000,1.14990689013
88719,88886,89947,167,1061,2,36000,1.15739868049
88747,88891,90032,144,1141,2,36000,1.12620508326
88767,88918,89909,151,991,2,36000,1.15237134208
88768,88925,90060,157,1135,2,36000,1.13832599119
88770,88932,90020,162,1088,2,36000,1.14889705882
88791,88939,89909,148,970,2,36000,1.15257731959
88792,88946,89936,154,990,2,36000,1.15555555556
88809,88953,89873,144,920,2,36000,1.15652173913
88827,88958,90021,131,1063,2,36000,1.12323612418
88828,88966,89947,138,981,2,36000,1.14067278287
88847,88980,90128,133,1148,2,36000,1.11585365854
88848,89026,90184,178,1158,2,36000,1.15371329879
88849,89033,90148,184,1115,2,36000,1.16502242152
88869,89055,90016,186,961,2,36000,1.1935483871
88871,89073,90149,202,1076,2,36000,1.18773234201
88872,89081,90065,209,984,2,36000,1.21239837398
88873,89086,90246,213,1160,2,36000,1.18362068966
88875,89091,90163,216,1072,2,36000,1.20149253731
88913,89096,90051,183,955,2,36000,1.19162303665
88914,89101,90446,187,1345,2,36000,1.13903345725
88933,89108,90330,175,1222,2,36000,1.14320785597
88935,89114,90343,179,1229,2,36000,1.14564686737
88936,89119,90276,183,1157,2,36000,1.15816767502
88954,89124,90175,170,1051,2,36000,1.16175071361
88956,89129,90321,173,1192,2,36000,1.14513422819
88957,89136,90167,179,1031,2,36000,1.17361784675
88975,89141,90228,166,1087,2,36000,1.15271389144
89018,89154,90339,136,1185,2,36000,1.11476793249
89036,89161,90273,125,1112,2,36000,1.11241007194
89054,89168,90384,114,1216,2,36000,1.09375
89075,89174,90141,99,967,2,36000,1.10237849018
89076,89188,90336,112,1148,2,36000,1.09756097561
89078,89199,90358,121,1159,2,36000,1.10440034513
89079,89213,90073,134,860,2,36000,1.15581395349
89080,89220,90290,140,1070,2,36000,1.1308411215
89082,89227,90271,145,1044,2,36000,1.13888888889
89100,89237,90473,137,1236,2,36000,1.11084142395
89101,89244,90388,143,1144,2,36000,1.125
89102,89250,90322,148,1072,2,36000,1.13805970149
89104,89255,90289,151,1034,2,36000,1.14603481625
89105,89273,90341,168,1068,2,36000,1.15730337079
89106,89280,90263,174,983,2,36000,1.17700915565
89125,89290,90443,165,1153,2,36000,1.14310494363
89146,89298,90295,152,997,2,36000,1.15245737212
89165,89305,90346,140,1041,2,36000,1.13448607109
89166,89335,90324,169,989,2,36000,1.17087967644
89168,89363,90301,195,938,2,36000,1.2078891258
89185,89370,90431,185,1061,2,36000,1.17436380773
89202,89376,90569,174,1193,2,36000,1.14585079631
89204,89429,90453,225,1024,2,36000,1.2197265625
89222,89436,90496,214,1060,2,36000,1.20188679245
89224,89442,90606,218,1164,2,36000,1.18728522337
89241,89448,90596,207,1148,2,36000,1.18031358885
89242,89454,90638,212,1184,2,36000,1.17905405405
89243,89460,90460,217,1000,2,36000,1.217
89245,89465,90607,220,1142,2,36000,1.19264448336
89264,89471,90526,207,1055,2,36000,1.19620853081
89282,89477,90603,195,1126,2,36000,1.17317939609
89283,89483,90700,200,1217,2,36000,1.16433853739
89301,89488,90540,187,1052,2,36000,1.17775665399
89302,89495,90647,193,1152,2,36000,1.16753472222
89326,89523,90574,197,1051,2,36000,1.18744053283
89357,89534,90584,177,1050,2,36000,1.16857142857
89358,89541,90454,183,913,2,36000,1.2004381161
89376,89547,90498,171,951,2,36000,1.17981072555
89423,89554,90671,131,1117,2,36000,1.11727842435
89425,89561,90558,136,997,2,36000,1.13640922768
89426,89567,90684,141,1117,2,36000,1.12623097583
89445,89572,90742,127,1170,2,36000,1.10854700855
89447,89579,90704,132,1125,2,36000,1.11733333333
89448,89590,90635,142,1045,2,36000,1.13588516746
89449,89597,90711,148,1114,2,36000,1.1328545781
89451,89604,90731,153,1127,2,36000,1.13575865129
89470,89610,90703,140,1093,2,36000,1.12808783166
89471,89624,90798,153,1174,2,36000,1.13032367973
89472,89646,90708,174,1062,2,36000,1.16384180791
89490,89653,90735,163,1082,2,36000,1.15064695009
89516,89659,90654,143,995,2,36000,1.14371859296
89534,89673,90777,139,1104,2,36000,1.1259057971
89535,89682,90796,147,1114,2,36000,1.13195691203
89536,89692,90814,156,1122,2,36000,1.13903743316
89555,89718,90654,163,936,2,36000,1.17414529915
89556,89725,90678,169,953,2,36000,1.17733473242
89558,89730,90821,172,1091,2,36000,1.15765352887
89559,89750,90725,191,975,2,36000,1.1958974359
89577,89761,90851,184,1090,2,36000,1.16880733945
89597,89768,90809,171,1041,2,36000,1.16426512968
89598,89774,90984,176,1210,2,36000,1.14545454545
89600,89779,91078,179,1299,2,36000,1.13779830639
89601,89786,90957,185,1171,2,36000,1.15798462852
89619,89791,90900,172,1109,2,36000,1.15509467989
89640,89798,90812,158,1014,2,36000,1.15581854043
89641,89804,90765,163,961,2,36000,1.16961498439
89643,89809,90795,166,986,2,36000,1.16835699797
89665,89825,90804,160,979,2,36000,1.16343207354
89686,89847,90900,161,1053,2,36000,1.15289648623
89687,89854,90953,167,1099,2,36000,1.15195632393
89713,89859,90989,146,1130,2,36000,1.12920353982
89714,89865,90926,151,1061,2,36000,1.14231856739
89716,89884,90963,168,1079,2,36000,1.15569972196
89742,89891,90947,149,1056,2,36000,1.14109848485
89762,89905,91050,143,1145,2,36000,1.12489082969
89763,89920,91049,157,1129,2,36000,1.13906111603
89765,89925,91078,160,1153,2,36000,1.13876843018
89766,89932,91037,166,1105,2,36000,1.15022624434
89767,89938,91120,171,1182,2,36000,1.14467005076
89786,89948,91056,162,1108,2,36000,1.14620938628
89788,89958,91031,170,1073,2,36000,1.15843429637
89806,89963,91078,157,1115,2,36000,1.14080717489
89808,89970,91238,162,1268,2,36000,1.12776025237
89825,89978,91076,153,1098,2,36000,1.1393442623
89844,90006,91058,162,1052,2,36000,1.15399239544
89845,90018,91113,173,1095,2,36000,1.15799086758
89847,90028,91052,181,1024,2,36000,1.1767578125
89848,90035,91184,187,1149,2,36000,1.16275021758
89877,90040,91171,163,1131,2,36000,1.14412024757
89895,90047,91174,152,1127,2,36000,1.13487133984
89896,90062,91286,166,1224,2,36000,1.13562091503
89915,90071,91284,156,1213,2,36000,1.1286067601
89917,90078,91066,161,988,2,36000,1.16295546559
89918,90085,91110,167,1025,2,36000,1.16292682927
89936,90092,91161,156,1069,2,36000,1.14593077643
89937,90118,91243,181,1125,2,36000,1.16088888889
89958,90140,91122,182,982,2,36000,1.18533604888
89960,90153,91241,193,1088,2,36000,1.17738970588
89961,90160,91219,199,1059,2,36000,1.18791312559
89979,90165,91217,186,1052,2,36000,1.17680608365
89997,90174,91230,177,1056,2,36000,1.16761363636
90015,90181,91373,166,1192,2,36000,1.13926174497
90035,90188,91309,153,1121,2,36000,1.136485281
90036,90195,91276,159,1081,2,36000,1.14708603145
90037,90239,91451,202,1212,2,36000,1.16666666667
90039,90257,91255,218,998,2,36000,1.21843687375
90057,90275,91374,218,1099,2,36000,1.19836214741
90076,90282,91322,206,1040,2,36000,1.19807692308
90077,90289,91466,212,1177,2,36000,1.18011894647
90078,90294,91493,216,1199,2,36000,1.1801501251
90096,90301,91406,205,1105,2,36000,1.18552036199
90114,90306,91435,192,1129,2,36000,1.17006200177
90132,90313,91480,181,1167,2,36000,1.15509854327
90150,90318,91516,168,1198,2,36000,1.14023372287
90151,90332,91372,181,1040,2,36000,1.17403846154
90153,90339,91450,186,1111,2,36000,1.16741674167
90171,90344,91404,173,1060,2,36000,1.16320754717
90172,90351,91483,179,1132,2,36000,1.15812720848
90190,90357,91411,167,1054,2,36000,1.15844402277
90191,90362,91564,171,1202,2,36000,1.14226289517
90231,90368,91333,137,965,2,36000,1.14196891192
90248,90373,91478,125,1105,2,36000,1.11312217195
90266,90379,91534,113,1155,2,36000,1.09783549784
90284,90385,91581,101,1196,2,36000,1.08444816054
90286,90395,91565,109,1170,2,36000,1.09316239316
90287,90402,91472,115,1070,2,36000,1.10747663551
90305,90443,91500,138,1057,2,36000,1.13055818354
90307,90454,91445,147,991,2,36000,1.14833501514
90308,90461,91547,153,1086,2,36000,1.1408839779
90309,90468,91594,159,1126,2,36000,1.14120781528
90327,90474,91647,147,1173,2,36000,1.12531969309
90328,90480,91640,152,1160,2,36000,1.13103448276
90330,90487,91584,157,1097,2,36000,1.14311759344
90348,90507,91562,159,1055,2,36000,1.15071090047
90349,90514,91409,165,895,2,36000,1.1843575419
90351,90537,91608,186,1071,2,36000,1.17366946779
90352,90551,91705,199,1154,2,36000,1.17244367418
90353,90569,91700,216,1131,2,36000,1.19098143236
90355,90581,91647,226,1066,2,36000,1.21200750469
90372,90588,91779,216,1191,2,36000,1.18136020151
90389,90595,91678,206,1083,2,36000,1.19021237304
90390,90607,91662,217,1055,2,36000,1.20568720379
90434,90614,91643,180,1029,2,36000,1.1749271137
90452,90621,91783,169,1162,2,36000,1.14543889845
90453,90626,91692,173,1066,2,36000,1.16228893058
90472,90646,91756,174,1110,2,36000,1.15675675676
90474,90653,91862,179,1209,2,36000,1.14805624483
90475,90660,91671,185,1011,2,36000,1.18298714144
90492,90666,91624,174,958,2,36000,1.18162839248
90510,90671,91722,161,1051,2,36000,1.15318744053
90511,90682,91697,171,1015,2,36000,1.1684729064
90528,90689,91814,161,1125,2,36000,1.14311111111
90545,90695,91922,150,1227,2,36000,1.12224938875
90563,90712,91778,149,1066,2,36000,1.13977485929
90580,90719,91676,139,957,2,36000,1.14524555904
90582,90724,91765,142,1041,2,36000,1.13640730067
90599,90729,91918,130,1189,2,36000,1.10933557611
90601,90736,91866,135,1130,2,36000,1.11946902655
90618,90741,91713,123,972,2,36000,1.12654320988
90620,90748,91858,128,1110,2,36000,1.11531531532
90621,90753,91882,132,1129,2,36000,1.11691762622
90638,90759,91881,121,1122,2,36000,1.10784313725
90639,90776,91717,137,941,2,36000,1.14558979809
90658,90788,91852,130,1064,2,36000,1.12218045113
90659,90806,91853,147,1047,2,36000,1.14040114613
90660,90813,91951,153,1138,2,36000,1.13444639719
90677,90818,91865,141,1047,2,36000,1.13467048711
90695,90825,92541,130,1716,2,36000,1.07575757576
90696,90830,91950,134,1120,2,36000,1.11964285714
90715,90836,91920,121,1084,2,36000,1.11162361624
90716,90841,91996,125,1155,2,36000,1.10822510823
90717,90847,91898,130,1051,2,36000,1.12369172217
90719,90862,92034,143,1172,2,36000,1.12201365188
90720,90911,92093,191,1182,2,36000,1.16159052453
90739,90916,91820,177,904,2,36000,1.19579646018
90741,90937,91988,196,1051,2,36000,1.18648905804
90742,90958,92016,216,1058,2,36000,1.20415879017
90760,90965,92052,205,1087,2,36000,1.1885924563
90777,90972,92072,195,1100,2,36000,1.17727272727
90778,90979,92090,201,1111,2,36000,1.18091809181
90799,90996,91914,197,918,2,36000,1.21459694989
90800,91002,91960,202,958,2,36000,1.2108559499
90802,91043,92124,241,1081,2,36000,1.22294172063
90821,91050,92075,229,1025,2,36000,1.22341463415
90822,91061,92040,239,979,2,36000,1.24412665986
90823,91066,92250,243,1184,2,36000,1.20523648649
90825,91073,92330,248,1257,2,36000,1.19729514718
90826,91079,91977,253,898,2,36000,1.28173719376
90853,91084,92117,231,1033,2,36000,1.22362052275
90903,91092,92103,189,1011,2,36000,1.18694362018
90904,91097,92239,193,1142,2,36000,1.16900175131
90929,91102,92225,173,1123,2,36000,1.15405164737
90950,91107,92067,157,960,2,36000,1.16354166667
90968,91112,92219,144,1107,2,36000,1.13008130081
90969,91122,92122,153,1000,2,36000,1.153
90970,91129,92259,159,1130,2,36000,1.1407079646
90987,91136,92104,149,968,2,36000,1.15392561983
91005,91141,92232,136,1091,2,36000,1.12465627864
91034,91172,92366,138,1194,2,36000,1.11557788945
91053,91182,92213,129,1031,2,36000,1.12512124151
91054,91189,92291,135,1102,2,36000,1.12250453721
91055,91196,92461,141,1265,2,36000,1.11146245059
91057,91228,92430,171,1202,2,36000,1.14226289517
91075,91235,92528,160,1293,2,36000,1.12374323279
91076,91242,92406,166,1164,2,36000,1.14261168385
91078,91249,92229,171,980,2,36000,1.17448979592
91079,91255,92328,176,1073,2,36000,1.16402609506
91098,91261,92511,163,1250,2,36000,1.1304
91099,91267,92305,168,1038,2,36000,1.16184971098
91100,91287,92393,187,1106,2,36000,1.16907775769
91118,91295,92615,177,1320,2,36000,1.13409090909
91120,91302,92334,182,1032,2,36000,1.17635658915
91138,91320,92468,182,1148,2,36000,1.15853658537
91139,91333,92302,194,969,2,36000,1.20020639835
91166,91344,92351,178,1007,2,36000,1.17676266137
91184,91383,92411,199,1028,2,36000,1.19357976654
91186,91390,92464,204,1074,2,36000,1.18994413408
91187,91396,92454,209,1058,2,36000,1.19754253308
91220,91416,92460,196,1044,2,36000,1.1877394636
91221,91423,92469,202,1046,2,36000,1.1931166348
91239,91429,92536,190,1107,2,36000,1.17163504968
91241,91434,92521,193,1087,2,36000,1.17755289788
91259,91446,92512,187,1066,2,36000,1.17542213884
91260,91457,92552,197,1095,2,36000,1.1799086758
91261,91464,92654,203,1190,2,36000,1.17058823529
91279,91470,92551,191,1081,2,36000,1.17668825162
91296,91477,92558,181,1081,2,36000,1.16743755782
91298,91484,92573,186,1089,2,36000,1.17079889807
91315,91491,92564,176,1073,2,36000,1.16402609506
91332,91497,92779,165,1282,2,36000,1.12870514821
91334,91503,92627,169,1124,2,36000,1.15035587189
91374,91510,92590,136,1080,2,36000,1.12592592593
91376,91517,92553,141,1036,2,36000,1.1361003861
91377,91528,92649,151,1121,2,36000,1.13470115968
91408,91545,92629,137,1084,2,36000,1.12638376384
91409,91558,92603,149,1045,2,36000,1.14258373206
91427,91573,92642,146,1069,2,36000,1.13657623948
91428,91580,92701,152,1121,2,36000,1.13559322034
91446,91585,92584,139,999,2,36000,1.13913913914
91447,91592,92585,145,993,2,36000,1.14602215509
91465,91599,92576,134,977,2,36000,1.13715455476
91466,91606,92742,140,1136,2,36000,1.12323943662
91486,91619,92681,133,1062,2,36000,1.1252354049
91487,91636,92676,149,1040,2,36000,1.14326923077
91488,91651,92844,163,1193,2,36000,1.13663034367
91489,91658,92640,169,982,2,36000,1.17209775967
91491,91663,92756,172,1093,2,36000,1.15736505032
91509,91669,92765,160,1096,2,36000,1.14598540146
91510,91675,92668,165,993,2,36000,1.16616314199
91528,91682,92802,154,1120,2,36000,1.1375
91545,91689,92777,144,1088,2,36000,1.13235294118
91563,91695,92726,132,1031,2,36000,1.12803103783
91564,91703,92776,139,1073,2,36000,1.12954333644
91583,91710,92760,127,1050,2,36000,1.12095238095
91584,91717,92702,133,985,2,36000,1.13502538071
91586,91723,92868,137,1145,2,36000,1.11965065502
91603,91729,92729,126,1000,2,36000,1.126
91605,91735,92731,130,996,2,36000,1.13052208835
91622,91741,92758,119,1017,2,36000,1.11701081613
91639,91767,92870,128,1103,2,36000,1.11604714415
91641,91776,92819,135,1043,2,36000,1.12943432407
91660,91789,92845,129,1056,2,36000,1.12215909091
91661,91796,92902,135,1106,2,36000,1.12206148282
91662,91801,92722,139,921,2,36000,1.15092290988
91681,91825,92812,144,987,2,36000,1.14589665653
91683,91832,93031,149,1199,2,36000,1.12427022519
91684,91863,93048,179,1185,2,36000,1.15105485232
91685,91870,92971,185,1101,2,36000,1.16802906449
91705,91876,92879,171,1003,2,36000,1.1704885344
91706,91882,93045,176,1163,2,36000,1.1513327601
91707,91887,93000,180,1113,2,36000,1.16172506739
91709,91893,93080,184,1187,2,36000,1.1550126369
91727,91899,92989,172,1090,2,36000,1.15779816514
91728,91904,93000,176,1096,2,36000,1.16058394161
91729,91911,93049,182,1138,2,36000,1.15992970123
91761,91925,93008,164,1083,2,36000,1.1514312096
91778,91932,93051,154,1119,2,36000,1.13762287757
91779,91938,93018,159,1080,2,36000,1.14722222222
91781,91944,92968,163,1024,2,36000,1.1591796875
91799,91961,93155,162,1194,2,36000,1.13567839196
91817,91968,93072,151,1104,2,36000,1.13677536232
91835,91975,92939,140,964,2,36000,1.14522821577
91858,91988,93083,130,1095,2,36000,1.11872146119
91859,91999,93088,140,1089,2,36000,1.12855831038
91861,92007,93030,146,1023,2,36000,1.14271749756
91880,92027,93317,147,1290,2,36000,1.11395348837
91881,92046,93039,165,993,2,36000,1.16616314199
91882,92053,93152,171,1099,2,36000,1.15559599636
91901,92063,93156,162,1093,2,36000,1.14821591949
91902,92078,93363,176,1285,2,36000,1.13696498054
91904,92085,93176,181,1091,2,36000,1.16590284143
91922,92091,93242,169,1151,2,36000,1.14682884448
91923,92101,93038,178,937,2,36000,1.18996798292
91924,92108,93200,184,1092,2,36000,1.1684981685
91926,92115,93218,189,1103,2,36000,1.17135086129
91955,92120,93118,165,998,2,36000,1.16533066132
91957,92129,93177,172,1048,2,36000,1.1641221374
91974,92135,93143,161,1008,2,36000,1.15972222222
91993,92140,93159,147,1019,2,36000,1.14425907753
91994,92226,93262,232,1036,2,36000,1.22393822394
92012,92232,93349,220,1117,2,36000,1.1969561325
92029,92239,93219,210,980,2,36000,1.21428571429
92046,92246,93314,200,1068,2,36000,1.1872659176
92048,92252,93404,204,1152,2,36000,1.17708333333
92065,92258,93220,193,962,2,36000,1.20062370062
92083,92265,93446,182,1181,2,36000,1.15410668925
92084,92272,93431,188,1159,2,36000,1.16220880069
92086,92302,93346,216,1044,2,36000,1.20689655172
92103,92313,93302,210,989,2,36000,1.21233569262
92104,92320,93302,216,982,2,36000,1.2199592668
92105,92339,93240,234,901,2,36000,1.25971143174
92123,92346,93451,223,1105,2,36000,1.20180995475
92124,92351,93284,227,933,2,36000,1.24330117899
92125,92363,93421,238,1058,2,36000,1.22495274102
92143,92378,93471,235,1093,2,36000,1.21500457457
92217,92405,93560,188,1155,2,36000,1.16277056277
92236,92417,93591,181,1174,2,36000,1.15417376491
92238,92424,93405,186,981,2,36000,1.18960244648
92239,92441,93545,202,1104,2,36000,1.18297101449
92240,92466,94019,226,1553,2,36000,1.14552479073
92258,92473,93591,215,1118,2,36000,1.19230769231
92259,92479,93640,220,1161,2,36000,1.1894918174
92261,92485,93551,224,1066,2,36000,1.21013133208
92295,92490,93609,195,1119,2,36000,1.17426273458
92313,92496,93455,183,959,2,36000,1.19082377477
92314,92522,93504,208,982,2,36000,1.21181262729
92331,92529,93646,198,1117,2,36000,1.17726051925
92332,92536,93652,204,1116,2,36000,1.18279569892
92351,92543,93679,192,1136,2,36000,1.16901408451
92352,92550,93448,198,898,2,36000,1.22048997773
92370,92557,93586,187,1029,2,36000,1.18172983479
92396,92564,93877,168,1313,2,36000,1.12795125666
92413,92570,93462,157,892,2,36000,1.17600896861
92415,92575,93585,160,1010,2,36000,1.15841584158
92435,92582,93807,147,1225,2,36000,1.12
92460,92588,93649,128,1061,2,36000,1.12064090481
92461,92594,93578,133,984,2,36000,1.13516260163
92463,92599,93521,136,922,2,36000,1.14750542299
92481,92606,93697,125,1091,2,36000,1.11457378552
92482,92611,93784,129,1173,2,36000,1.10997442455
92484,92617,93627,133,1010,2,36000,1.13168316832
92515,92623,93731,108,1108,2,36000,1.09747292419
92516,92630,93619,114,989,2,36000,1.11526794742
92533,92638,93751,105,1113,2,36000,1.09433962264
92535,92645,93784,110,1139,2,36000,1.09657594381
92553,92652,93750,99,1098,2,36000,1.09016393443
92555,92659,93747,104,1088,2,36000,1.09558823529
92556,92666,93704,110,1038,2,36000,1.10597302505
92557,92671,93752,114,1081,2,36000,1.10545790934
92559,92680,93827,121,1147,2,36000,1.10549258936
92577,92687,93769,110,1082,2,36000,1.10166358595
92579,92693,93710,114,1017,2,36000,1.11209439528
92580,92712,93841,132,1129,2,36000,1.11691762622
92581,92719,93876,138,1157,2,36000,1.11927398444
92599,92734,93716,135,982,2,36000,1.13747454175
92601,92741,93789,140,1048,2,36000,1.13358778626
92602,92746,93705,144,959,2,36000,1.15015641293
92620,92753,93839,133,1086,2,36000,1.12246777164
92621,92759,94015,138,1256,2,36000,1.10987261146
92639,92767,93779,128,1012,2,36000,1.12648221344
92641,92774,93738,133,964,2,36000,1.13796680498
92658,92779,93791,121,1012,2,36000,1.11956521739
92660,92786,93919,126,1133,2,36000,1.11120917917
92661,92793,94009,132,1216,2,36000,1.10855263158
92662,92799,93860,137,1061,2,36000,1.12912346843
92681,92804,94100,123,1296,2,36000,1.09490740741
92682,92813,93935,131,1122,2,36000,1.11675579323
92683,92824,93912,141,1088,2,36000,1.12959558824
92705,92831,93872,126,1041,2,36000,1.12103746398
92706,92855,93936,149,1081,2,36000,1.13783533765
92727,92862,93994,135,1132,2,36000,1.11925795053
92729,92880,93952,151,1072,2,36000,1.14085820896
92747,92887,93918,140,1031,2,36000,1.13579049467
92748,92893,94101,145,1208,2,36000,1.12003311258
92749,92913,93976,164,1063,2,36000,1.15428033866
92767,92951,94422,184,1471,2,36000,1.12508497621
92768,92981,94170,213,1189,2,36000,1.17914213625
92770,92989,94108,219,1119,2,36000,1.19571045576
92771,93000,94048,229,1048,2,36000,1.21851145038
92790,93012,94062,222,1050,2,36000,1.21142857143
92791,93018,94162,227,1144,2,36000,1.19842657343
92792,93024,94031,232,1007,2,36000,1.23038728898
92810,93031,94133,221,1102,2,36000,1.20054446461
92827,93041,94049,214,1008,2,36000,1.2123015873
92829,93048,94074,219,1026,2,36000,1.2134502924
92849,93055,94041,206,986,2,36000,1.20892494929
92851,93061,94119,210,1058,2,36000,1.19848771267
92871,93067,94121,196,1054,2,36000,1.18595825427
92872,93073,94274,201,1201,2,36000,1.16736053289
92890,93078,94147,188,1069,2,36000,1.17586529467
92907,93083,94177,176,1094,2,36000,1.16087751371
92943,93089,94122,146,1033,2,36000,1.14133591481
92972,93096,94250,124,1154,2,36000,1.10745233969
92974,93101,94801,127,1700,2,36000,1.07470588235
92995,93108,94004,113,896,2,36000,1.12611607143
93013,93130,94115,117,985,2,36000,1.11878172589
93015,93154,94190,139,1036,2,36000,1.13416988417
93016,93163,94179,147,1016,2,36000,1.14468503937
93036,93170,94361,134,1191,2,36000,1.11251049538
93037,93175,94207,138,1032,2,36000,1.13372093023
93038,93180,94737,142,1557,2,36000,1.09120102762
93057,93187,94209,130,1022,2,36000,1.12720156556
93058,93193,94348,135,1155,2,36000,1.11688311688
93060,93211,94391,151,1180,2,36000,1.12796610169
93061,93230,94370,169,1140,2,36000,1.14824561404
93062,93235,94320,173,1085,2,36000,1.15944700461
93064,93242,94317,178,1075,2,36000,1.16558139535
93081,93251,94364,170,1113,2,36000,1.15274034142
93082,93258,94352,176,1094,2,36000,1.16087751371
93104,93273,94318,169,1045,2,36000,1.16172248804
93105,93295,94309,190,1014,2,36000,1.18737672584
93122,93313,94337,191,1024,2,36000,1.1865234375
93145,93318,94471,173,1153,2,36000,1.15004336513
93164,93325,94433,161,1108,2,36000,1.14530685921
93165,93332,94515,167,1183,2,36000,1.14116652578
93167,93357,94423,190,1066,2,36000,1.17823639775
93168,93364,94428,196,1064,2,36000,1.18421052632
93185,93374,94385,189,1011,2,36000,1.18694362018
93186,93382,94460,196,1078,2,36000,1.18181818182
93204,93387,94659,183,1272,2,36000,1.14386792453
93221,93416,94786,195,1370,2,36000,1.14233576642
93222,93421,94429,199,1008,2,36000,1.19742063492
93223,93433,94466,210,1033,2,36000,1.20329138432
93245,93442,94476,197,1034,2,36000,1.19052224371
93246,93457,94482,211,1025,2,36000,1.20585365854
93265,93464,94704,199,1240,2,36000,1.16048387097
93289,93470,94486,181,1016,2,36000,1.1781496063
93308,93475,94586,167,1111,2,36000,1.1503150315
93309,93480,94532,171,1052,2,36000,1.16254752852
93327,93487,94722,160,1235,2,36000,1.12955465587
93328,93493,94594,165,1101,2,36000,1.14986376022
93349,93498,94697,149,1199,2,36000,1.12427022519
93350,93516,94558,166,1042,2,36000,1.15930902111
93368,93533,94537,165,1004,2,36000,1.16434262948
93408,93544,94591,136,1047,2,36000,1.12989493792
93409,93549,94624,140,1075,2,36000,1.13023255814
93427,93556,94683,129,1127,2,36000,1.11446317657
93444,93563,94607,119,1044,2,36000,1.11398467433
93445,93572,94693,127,1121,2,36000,1.11329170384
93446,93589,94638,143,1049,2,36000,1.13632030505
93464,93596,94671,132,1075,2,36000,1.12279069767
93466,93603,94750,137,1147,2,36000,1.11944202267
93467,93609,94823,142,1214,2,36000,1.11696869852
93484,93614,94637,130,1023,2,36000,1.12707722385
93505,93621,94661,116,1040,2,36000,1.11153846154
93525,93630,94790,105,1160,2,36000,1.09051724138
93549,93639,94782,90,1143,2,36000,1.07874015748
93566,93652,94805,86,1153,2,36000,1.07458803122
93568,93659,94812,91,1153,2,36000,1.07892454467
93585,93666,94915,81,1249,2,36000,1.06485188151
93586,93671,94766,85,1095,2,36000,1.07762557078
93605,93691,94819,86,1128,2,36000,1.07624113475
93607,93708,94767,101,1059,2,36000,1.09537299339
93608,93715,94780,107,1065,2,36000,1.10046948357
93626,93722,94784,96,1062,2,36000,1.09039548023
93627,93727,94825,100,1098,2,36000,1.09107468124
93644,93734,94821,90,1087,2,36000,1.08279668813
93645,93741,94768,96,1027,2,36000,1.09347614411
93663,93746,94843,83,1097,2,36000,1.07566089335
93664,93753,94751,89,998,2,36000,1.08917835671
93666,93758,94903,92,1145,2,36000,1.08034934498
93683,93765,94922,82,1157,2,36000,1.07087294728
93700,93770,94784,70,1014,2,36000,1.06903353057
93718,93775,95007,57,1232,2,36000,1.04626623377
93719,93780,94983,61,1203,2,36000,1.05070656692
93721,93787,94877,66,1090,2,36000,1.06055045872
93722,93794,94822,72,1028,2,36000,1.07003891051
93740,93801,94904,61,1103,2,36000,1.05530371714
93741,93806,94789,65,983,2,36000,1.06612410987
93759,93812,94888,53,1076,2,36000,1.04925650558
93760,93818,94969,58,1151,2,36000,1.05039096438
93761,93823,94803,62,980,2,36000,1.06326530612
93763,93838,94994,75,1156,2,36000,1.06487889273
93780,93850,94925,70,1075,2,36000,1.06511627907
93782,93857,94816,75,959,2,36000,1.07820646507
93801,93871,94899,70,1028,2,36000,1.06809338521
93803,93882,94910,79,1028,2,36000,1.07684824903
93804,93889,94894,85,1005,2,36000,1.08457711443
93805,93894,95474,89,1580,2,36000,1.05632911392
93823,93923,95097,100,1174,2,36000,1.08517887564
93840,93930,94998,90,1068,2,36000,1.08426966292
93841,93935,95083,94,1148,2,36000,1.0818815331
93859,93946,95013,87,1067,2,36000,1.08153701968
93877,93953,94892,76,939,2,36000,1.0809371672
93878,93965,94879,87,914,2,36000,1.09518599562
93879,93988,95501,109,1513,2,36000,1.07204230007
93897,94005,95124,108,1119,2,36000,1.09651474531
93915,94015,94982,100,967,2,36000,1.10341261634
93933,94022,95123,89,1101,2,36000,1.080835604
93934,94029,95246,95,1217,2,36000,1.07806080526
93952,94035,95194,83,1159,2,36000,1.07161345988
93953,94042,95167,89,1125,2,36000,1.07911111111
93970,94053,95134,83,1081,2,36000,1.07678075856
93987,94060,95127,73,1067,2,36000,1.06841611996
94004,94065,95539,61,1474,2,36000,1.04138398915
94023,94073,95176,50,1103,2,36000,1.04533091568
94024,94085,95155,61,1070,2,36000,1.05700934579
94025,94111,95314,86,1203,2,36000,1.0714879468
94027,94118,95111,91,993,2,36000,1.09164149043
94045,94124,95262,79,1138,2,36000,1.06942003515
94046,94131,95257,85,1126,2,36000,1.07548845471
94064,94137,95269,73,1132,2,36000,1.06448763251
94066,94143,95260,77,1117,2,36000,1.06893464637
94067,94149,95110,82,961,2,36000,1.08532778356
94084,94155,95223,71,1068,2,36000,1.06647940075
94106,94160,95244,54,1084,2,36000,1.04981549815
94107,94166,95267,59,1101,2,36000,1.05358764759
94127,94172,95385,45,1213,2,36000,1.03709810387
94128,94179,95142,51,963,2,36000,1.05295950156
94129,94186,95164,57,978,2,36000,1.05828220859
94131,94193,95293,62,1100,2,36000,1.05636363636
94132,94199,95361,67,1162,2,36000,1.05765920826
94150,94205,95398,55,1193,2,36000,1.0461022632
94152,94219,95267,67,1048,2,36000,1.06393129771
94169,94226,95245,57,1019,2,36000,1.05593719333
94186,94262,95399,76,1137,2,36000,1.06684256816
94188,94285,95503,97,1218,2,36000,1.07963875205
94189,94320,95302,131,982,2,36000,1.133401222
94206,94328,95440,122,1112,2,36000,1.10971223022
94224,94335,95358,111,1023,2,36000,1.10850439883
94225,94341,95453,116,1112,2,36000,1.10431654676
94254,94349,95439,95,1090,2,36000,1.0871559633
94278,94358,95504,80,1146,2,36000,1.06980802792
94312,94365,95404,53,1039,2,36000,1.0510105871
94330,94372,95431,42,1059,2,36000,1.03966005666
94332,94379,95495,47,1116,2,36000,1.04211469534
94333,94385,95280,52,895,2,36000,1.05810055866
94351,94397,95549,46,1152,2,36000,1.03993055556
94352,94403,95399,51,996,2,36000,1.05120481928
94370,94432,95407,62,975,2,36000,1.06358974359
94371,94439,95779,68,1340,2,36000,1.05074626866
94373,94445,95700,72,1255,2,36000,1.05737051793
94374,94451,95593,77,1142,2,36000,1.06742556918
94391,94456,95478,65,1022,2,36000,1.06360078278
94393,94471,95528,78,1057,2,36000,1.07379375591
94427,94478,95605,51,1127,2,36000,1.04525288376
94428,94485,95528,57,1043,2,36000,1.05465004794
94446,94492,95715,46,1223,2,36000,1.03761242845
94447,94498,95545,51,1047,2,36000,1.04871060172
94449,94504,95635,55,1131,2,36000,1.04862953139
94467,94526,95637,59,1111,2,36000,1.05310531053
94468,94543,95545,75,1002,2,36000,1.0748502994
94486,94550,95714,64,1164,2,36000,1.05498281787
94487,94569,95706,82,1137,2,36000,1.07211961302
94488,94597,95862,109,1265,2,36000,1.08616600791
94490,94604,95689,114,1085,2,36000,1.10506912442
94517,94611,95595,94,984,2,36000,1.09552845528
94535,94618,95671,83,1053,2,36000,1.07882241216
94552,94636,95803,84,1167,2,36000,1.07197943445
94570,94649,95703,79,1054,2,36000,1.07495256167
94590,94654,95638,64,984,2,36000,1.06504065041
94609,94670,95736,61,1066,2,36000,1.05722326454
94611,94677,95748,66,1071,2,36000,1.06162464986
94612,94684,95793,72,1109,2,36000,1.06492335437
94629,94694,95769,65,1075,2,36000,1.06046511628
94646,94704,95767,58,1063,2,36000,1.0545625588
94647,94711,95720,64,1009,2,36000,1.06342913776
94665,94718,95863,53,1145,2,36000,1.04628820961
94666,94733,95877,67,1144,2,36000,1.05856643357
94683,94748,95747,65,999,2,36000,1.06506506507
94685,94761,95847,76,1086,2,36000,1.06998158379
94704,94768,95923,64,1155,2,36000,1.05541125541
94705,94778,95855,73,1077,2,36000,1.06778087279
94706,94784,95842,78,1058,2,36000,1.07372400756
94725,94790,95847,65,1057,2,36000,1.06149479659
94742,94797,95835,55,1038,2,36000,1.05298651252
94760,94802,95751,42,949,2,36000,1.04425711275
94761,94807,95910,46,1103,2,36000,1.04170444243
94779,94813,95998,34,1185,2,36000,1.02869198312
94780,94818,95720,38,902,2,36000,1.0421286031
94781,94840,95917,59,1077,2,36000,1.0547818013
94802,94824,95886,22,1062,2,36000,1.02071563089
94803,94830,95845,27,1015,2,36000,1.02660098522
94804,94835,95947,31,1112,2,36000,1.02787769784
94806,94845,96012,39,1167,2,36000,1.03341902314
94807,94850,95882,43,1032,2,36000,1.04166666667
94808,94884,95964,76,1080,2,36000,1.07037037037
94810,94889,95793,79,904,2,36000,1.08738938053
94811,94896,96042,85,1146,2,36000,1.07417102967
94831,94858,95783,27,925,2,36000,1.02918918919
94832,94863,95980,31,1117,2,36000,1.02775290958
94833,94868,96066,35,1198,2,36000,1.02921535893
94834,94873,95902,39,1029,2,36000,1.03790087464
94836,94878,95782,42,904,2,36000,1.04646017699
94837,94908,95962,71,1054,2,36000,1.06736242884
94838,94914,96090,76,1176,2,36000,1.06462585034
94840,94919,96122,79,1203,2,36000,1.06566916043
94841,94925,96224,84,1299,2,36000,1.06466512702
94859,94901,95931,42,1030,2,36000,1.04077669903
94880,94930,95950,50,1020,2,36000,1.04901960784
94881,94936,95917,55,981,2,36000,1.05606523955
94900,94941,96052,41,1111,2,36000,1.03690369037
94902,94952,95972,50,1020,2,36000,1.04901960784
94903,94958,96023,55,1065,2,36000,1.05164319249
94904,94980,96054,76,1074,2,36000,1.07076350093
94923,94947,96010,24,1063,2,36000,1.02257761054
94924,94985,96132,61,1147,2,36000,1.05318221447
94926,94991,96104,65,1113,2,36000,1.05840071878
94927,94997,95970,70,973,2,36000,1.07194244604
94928,95003,96084,75,1081,2,36000,1.06938020352
94946,95009,96000,63,991,2,36000,1.06357214934
94973,95014,96099,41,1085,2,36000,1.03778801843
94991,95021,96032,30,1011,2,36000,1.0296735905
94992,95028,96065,36,1037,2,36000,1.03471552555
95010,95033,96182,23,1149,2,36000,1.02001740644
95012,95039,96160,27,1121,2,36000,1.02408563782
95013,95095,96160,82,1065,2,36000,1.07699530516
95030,95108,96316,78,1208,2,36000,1.06456953642
95087,95121,96112,34,991,2,36000,1.03430877901
95104,95127,96256,23,1129,2,36000,1.02037201063
95122,95134,96151,12,1017,2,36000,1.01179941003
95123,95140,96264,17,1124,2,36000,1.01512455516
95142,95148,96087,6,939,2,36000,1.00638977636
95143,95154,96296,11,1142,2,36000,1.00963222417
95145,95159,96130,14,971,2,36000,1.01441812564
95146,95167,96131,21,964,2,36000,1.02178423237
95147,95177,96240,30,1063,2,36000,1.02822201317
95165,95183,96358,18,1175,2,36000,1.01531914894
95166,95189,96222,23,1033,2,36000,1.02226524685
95184,95206,96279,22,1073,2,36000,1.02050326188
95185,95235,96336,50,1101,2,36000,1.04541326067
95203,95256,96105,53,849,2,36000,1.06242638398
95226,95262,96393,36,1131,2,36000,1.03183023873
95247,95268,96335,21,1067,2,36000,1.01968134958
95248,95273,96296,25,1023,2,36000,1.02443792766
95250,95279,96341,29,1062,2,36000,1.02730696798
95269,95284,96801,15,1517,2,36000,1.00988793672
95270,95290,96445,20,1155,2,36000,1.01731601732
95272,95295,96316,23,1021,2,36000,1.02252693438
95273,95301,96420,28,1119,2,36000,1.02502234138
95274,95306,96549,32,1243,2,36000,1.02574416734
95276,95312,96380,36,1068,2,36000,1.03370786517
95294,95319,96352,25,1033,2,36000,1.02420135528
95295,95326,96665,31,1339,2,36000,1.02315160568
95313,95369,96637,56,1268,2,36000,1.04416403785
95330,95376,96496,46,1120,2,36000,1.04107142857
95361,95397,96480,36,1083,2,36000,1.03324099723
95362,95409,96427,47,1018,2,36000,1.04616895874
95389,95415,96523,26,1108,2,36000,1.02346570397
95408,95421,96447,13,1026,2,36000,1.0126705653
95410,95426,96367,16,941,2,36000,1.0170031881
95411,95432,96450,21,1018,2,36000,1.02062868369
95412,95442,96501,30,1059,2,36000,1.0283286119
95413,95450,96371,37,921,2,36000,1.04017372421
95434,95456,96529,22,1073,2,36000,1.02050326188
95452,95464,96732,12,1268,2,36000,1.0094637224
95453,95485,96771,32,1286,2,36000,1.02488335925
95470,95491,96492,21,1001,2,36000,1.02097902098
95488,95506,96533,18,1027,2,36000,1.01752677702
95489,95512,96540,23,1028,2,36000,1.02237354086
95508,95518,96717,10,1199,2,36000,1.00834028357
95509,95523,96629,14,1106,2,36000,1.01265822785
95510,95539,96533,29,994,2,36000,1.0291750503
95512,95544,96514,32,970,2,36000,1.03298969072
95533,95550,96776,17,1226,2,36000,1.01386623165
95534,95556,96645,22,1089,2,36000,1.0202020202
95552,95562,96755,10,1193,2,36000,1.00838222967
95554,95567,96632,13,1065,2,36000,1.01220657277
95555,95605,96524,50,919,2,36000,1.05440696409
95556,95612,96767,56,1155,2,36000,1.04848484848
95596,95618,96858,22,1240,2,36000,1.01774193548
95597,95646,96723,49,1077,2,36000,1.04549675023
95615,95653,96654,38,1001,2,36000,1.03796203796
95639,95658,96649,19,991,2,36000,1.01917255298
95640,95686,96856,46,1170,2,36000,1.03931623932
95641,95701,96741,60,1040,2,36000,1.05769230769
95674,95680,95829,6,149,1,3600,1.04026845638
95676,95712,96828,36,1116,2,36000,1.03225806452
95693,95718,96700,25,982,2,36000,1.02545824847
95711,95724,96807,13,1083,2,36000,1.01200369344
95713,95730,96838,17,1108,2,36000,1.01534296029
95714,95735,96767,21,1032,2,36000,1.02034883721
95733,95742,96753,9,1011,2,36000,1.00890207715
95734,95747,97170,13,1423,2,36000,1.00913562895
95735,95754,96813,19,1059,2,36000,1.0179414542
95737,95760,96808,23,1048,2,36000,1.02194656489
95755,95766,96736,11,970,2,36000,1.01134020619
95756,95772,96784,16,1012,2,36000,1.01581027668
95757,95778,96888,21,1110,2,36000,1.01891891892
95759,95784,96817,25,1033,2,36000,1.02420135528
95776,95791,97015,15,1224,2,36000,1.01225490196
95777,95797,96833,20,1036,2,36000,1.01930501931
95795,95803,97025,8,1222,2,36000,1.00654664484
95797,95809,96841,12,1032,2,36000,1.01162790698
95798,95814,96948,16,1134,2,36000,1.01410934744
95799,95821,96966,22,1145,2,36000,1.0192139738
95800,95848,96966,48,1118,2,36000,1.04293381038
95819,95855,97062,36,1207,2,36000,1.02982601491
95839,95861,96800,22,939,2,36000,1.02342917998
95857,95867,96968,10,1101,2,36000,1.00908265213
95859,95872,96784,13,912,2,36000,1.01425438596
95860,95877,96968,17,1091,2,36000,1.01558203483
95861,95884,97041,23,1157,2,36000,1.01987899741
95863,95889,96966,26,1077,2,36000,1.02414113278
95881,95895,96888,14,993,2,36000,1.01409869084
95886,95900,96900,14,1000,2,36000,1.014
95887,95907,97069,20,1162,2,36000,1.01721170396
95888,95913,97106,25,1193,2,36000,1.02095557418
95906,95921,96956,15,1035,2,36000,1.01449275362
95908,95928,96914,20,986,2,36000,1.02028397566
95926,95934,96888,8,954,2,36000,1.00838574423
95927,95939,97117,12,1178,2,36000,1.01018675722
95928,95946,96977,18,1031,2,36000,1.01745877789
95930,95959,96906,29,947,2,36000,1.03062302006
95947,95965,96968,18,1003,2,36000,1.01794616152
95948,95973,97085,25,1112,2,36000,1.02248201439
95968,95979,96969,11,990,2,36000,1.01111111111
95969,95987,96934,18,947,2,36000,1.01900739176
95970,95992,97203,22,1211,2,36000,1.01816680429
95989,95998,96973,9,975,2,36000,1.00923076923
95990,96011,97168,21,1157,2,36000,1.01815038894
95991,96016,97089,25,1073,2,36000,1.02329916123
95995,96004,96341,9,337,1,3600,1.02670623145
96010,96023,97085,13,1062,2,36000,1.01224105461
96011,96028,97127,17,1099,2,36000,1.01546860783
96012,96035,97150,23,1115,2,36000,1.02062780269
96031,96043,97158,12,1115,2,36000,1.01076233184
96032,96054,97100,22,1046,2,36000,1.02103250478
96034,96063,97061,29,998,2,36000,1.02905811623
96052,96070,97082,18,1012,2,36000,1.01778656126
96053,96076,97126,23,1050,2,36000,1.0219047619
96072,96082,97226,10,1144,2,36000,1.00874125874
96073,96095,97156,22,1061,2,36000,1.02073515551
96075,96101,97111,26,1010,2,36000,1.02574257426
96093,96106,97080,13,974,2,36000,1.01334702259
96094,96113,97175,19,1062,2,36000,1.01789077213
96095,96119,97159,24,1040,2,36000,1.02307692308
96114,96125,97262,11,1137,2,36000,1.00967458223
96115,96131,97212,16,1081,2,36000,1.01480111008
96117,96137,97155,20,1018,2,36000,1.01964636542
96118,96143,97327,25,1184,2,36000,1.02111486486
96137,96148,97226,11,1078,2,36000,1.01020408163
96138,96154,97148,16,994,2,36000,1.01609657948
96140,96162,97295,22,1133,2,36000,1.01941747573
96141,96171,97264,30,1093,2,36000,1.0274473925
96158,96177,97224,19,1047,2,36000,1.01814708691
96175,96193,97285,18,1092,2,36000,1.01648351648
96177,96233,97426,56,1193,2,36000,1.04694048617
96194,96239,97347,45,1108,2,36000,1.04061371841
96224,96251,97387,27,1136,2,36000,1.02376760563
96226,96267,97282,41,1015,2,36000,1.04039408867
96243,96275,97317,32,1042,2,36000,1.03071017274
96261,96290,97319,29,1029,2,36000,1.02818270165
96278,96307,97269,29,962,2,36000,1.03014553015
96295,96313,97470,18,1157,2,36000,1.01555747623
96312,96327,97512,15,1185,2,36000,1.01265822785
96314,96332,97518,18,1186,2,36000,1.01517706577
96331,96346,97232,15,886,2,36000,1.01693002257
96332,96352,97399,20,1047,2,36000,1.01910219675
96351,96358,97307,7,949,2,36000,1.00737618546
96352,96364,97522,12,1158,2,36000,1.0103626943
96353,96370,97408,17,1038,2,36000,1.01637764933
96371,96379,97488,8,1109,2,36000,1.00721370604
96372,96386,97466,14,1080,2,36000,1.01296296296
96373,96392,97441,19,1049,2,36000,1.01811248808
96374,96404,97531,30,1127,2,36000,1.02661934339
96392,96431,97607,39,1176,2,36000,1.03316326531
96410,96437,97513,27,1076,2,36000,1.0250929368
96428,96456,97464,28,1008,2,36000,1.02777777778
96429,96462,97549,33,1087,2,36000,1.03035878565
96453,96467,97525,14,1058,2,36000,1.01323251418
96454,96492,97505,38,1013,2,36000,1.03751233959
96455,96503,97639,48,1136,2,36000,1.04225352113
96483,96509,97528,26,1019,2,36000,1.02551521099
96501,96516,97517,15,1001,2,36000,1.01498501499
96502,96525,97596,23,1071,2,36000,1.02147525677
96504,96535,97612,31,1077,2,36000,1.02878365831
96521,96540,98163,19,1623,2,36000,1.01170671596
96540,96546,97585,6,1039,2,36000,1.00577478345
96541,96552,97518,11,966,2,36000,1.01138716356
96543,96557,97509,14,952,2,36000,1.01470588235
96544,96562,97622,18,1060,2,36000,1.01698113208
96545,96569,97705,24,1136,2,36000,1.02112676056
96547,96640,97776,93,1136,2,36000,1.08186619718
96564,96647,97699,83,1052,2,36000,1.0788973384
96632,96654,97904,22,1250,2,36000,1.0176
96634,96660,97672,26,1012,2,36000,1.0256916996
96653,96665,97846,12,1181,2,36000,1.01016088061
96655,96671,97793,16,1122,2,36000,1.01426024955
96656,96677,97729,21,1052,2,36000,1.01996197719
96674,96711,97879,37,1168,2,36000,1.03167808219
96675,96729,97697,54,968,2,36000,1.05578512397
96683,96689,97493,6,804,1,3600,1.00746268657
96703,96735,97835,32,1100,2,36000,1.02909090909
96720,96743,97856,23,1113,2,36000,1.02066486972
96742,96749,97882,7,1133,2,36000,1.00617828773
96743,96755,97768,12,1013,2,36000,1.01184600197
96744,96764,97926,20,1162,2,36000,1.01721170396
96746,96770,98060,24,1290,2,36000,1.01860465116
96764,96779,97707,15,928,2,36000,1.0161637931
96765,96784,97861,19,1077,2,36000,1.01764159703
96784,96790,97899,6,1109,2,36000,1.00541027953
96785,96796,97719,11,923,2,36000,1.0119176598
96786,96801,97925,15,1124,2,36000,1.01334519573
96788,96807,97738,19,931,2,36000,1.02040816327
96807,96813,97878,6,1065,2,36000,1.00563380282
96809,96819,97896,10,1077,2,36000,1.00928505107
96810,96824,97862,14,1038,2,36000,1.01348747592
96811,96830,97975,19,1145,2,36000,1.01659388646
96813,96836,97794,23,958,2,36000,1.02400835073
96814,96841,97713,27,872,2,36000,1.03096330275
96834,96847,97883,13,1036,2,36000,1.01254826255
96836,96853,97811,17,958,2,36000,1.01774530271
96837,96859,97854,22,995,2,36000,1.02211055276
96838,96864,97929,26,1065,2,36000,1.02441314554
96857,96870,97860,13,990,2,36000,1.01313131313
96858,96875,97897,17,1022,2,36000,1.01663405088
96860,96899,97993,39,1094,2,36000,1.03564899452
96861,96904,97987,43,1083,2,36000,1.03970452447
96894,96911,97951,17,1040,2,36000,1.01634615385
96895,96916,97973,21,1057,2,36000,1.01986754967
96896,96922,98086,26,1164,2,36000,1.02233676976
96914,96928,98000,14,1072,2,36000,1.01305970149
96916,96946,97988,30,1042,2,36000,1.02879078695
96917,96959,98123,42,1164,2,36000,1.03608247423
96938,96968,98153,30,1185,2,36000,1.0253164557
96956,96977,98214,21,1237,2,36000,1.01697655618
96957,96983,97887,26,904,2,36000,1.02876106195
96980,96990,98046,10,1056,2,36000,1.00946969697
96981,96995,98039,14,1044,2,36000,1.01340996169
96982,97000,98052,18,1052,2,36000,1.01711026616
96983,97005,98029,22,1024,2,36000,1.021484375
96985,97011,98096,26,1085,2,36000,1.02396313364
96986,97016,98017,30,1001,2,36000,1.02997002997
96987,97022,98063,35,1041,2,36000,1.03362151777
96989,97028,98095,39,1067,2,36000,1.03655107779
96990,97036,98206,46,1170,2,36000,1.03931623932
97018,97053,98002,35,949,2,36000,1.03688092729
97035,97072,97971,37,899,2,36000,1.04115684093
97053,97078,98089,25,1011,2,36000,1.02472799209
97071,97084,98156,13,1072,2,36000,1.01212686567
97072,97092,98384,20,1292,2,36000,1.01547987616
97074,97099,98142,25,1043,2,36000,1.02396931927
97093,97104,98227,11,1123,2,36000,1.00979519145
97094,97110,98204,16,1094,2,36000,1.01462522852
97095,97115,98122,20,1007,2,36000,1.01986097319
97097,97121,98158,24,1037,2,36000,1.0231436837
97098,97126,98223,28,1097,2,36000,1.02552415679
97117,97132,98157,15,1025,2,36000,1.01463414634
97119,97137,98295,18,1158,2,36000,1.01554404145
97121,97144,98131,23,987,2,36000,1.0233029382
97122,97149,98278,27,1129,2,36000,1.023914969
97140,97159,98155,19,996,2,36000,1.01907630522
97141,97166,98098,25,932,2,36000,1.02682403433
97160,97172,98229,12,1057,2,36000,1.01135288553
97162,97178,98205,16,1027,2,36000,1.01557935735
97163,97183,98223,20,1040,2,36000,1.01923076923
97164,97188,98157,24,969,2,36000,1.02476780186
97166,97194,98481,28,1287,2,36000,1.02175602176
97167,97199,98352,32,1153,2,36000,1.02775368604
97186,97205,98231,19,1026,2,36000,1.01851851852
97188,97214,98291,26,1077,2,36000,1.02414113278
97189,97224,98150,35,926,2,36000,1.03779697624
97207,97235,98335,28,1100,2,36000,1.02545454545
97224,97242,98383,18,1141,2,36000,1.01577563541
97226,97248,98391,22,1143,2,36000,1.01924759405
97244,97254,98257,10,1003,2,36000,1.00997008973
97246,97274,98257,28,983,2,36000,1.02848423194
97247,97280,98314,33,1034,2,36000,1.03191489362
97268,97285,98331,17,1046,2,36000,1.01625239006
97270,97293,98334,23,1041,2,36000,1.02209414025
97288,97299,98509,11,1210,2,36000,1.00909090909
97289,97306,98341,17,1035,2,36000,1.01642512077
97291,97318,98413,27,1095,2,36000,1.02465753425
97309,97328,98446,19,1118,2,36000,1.01699463327
97310,97334,98364,24,1030,2,36000,1.02330097087
97328,97340,98380,12,1040,2,36000,1.01153846154
97329,97359,98316,30,957,2,36000,1.03134796238
97330,97399,98551,69,1152,2,36000,1.05989583333
97351,97410,98385,59,975,2,36000,1.06051282051
97391,97419,98470,28,1051,2,36000,1.02664129401
97408,97437,98400,29,963,2,36000,1.03011422638
97410,97453,98575,43,1122,2,36000,1.03832442068
97427,97475,98492,48,1017,2,36000,1.04719764012
97445,97482,98663,37,1181,2,36000,1.03132938188
97469,97487,98592,18,1105,2,36000,1.01628959276
97471,97499,98509,28,1010,2,36000,1.02772277228
97487,97516,98548,29,1032,2,36000,1.02810077519
97505,97523,98730,18,1207,2,36000,1.01491300746
97506,97528,98632,22,1104,2,36000,1.01992753623
97525,97535,98662,10,1127,2,36000,1.00887311446
97526,97540,98598,14,1058,2,36000,1.01323251418
97528,97546,98618,18,1072,2,36000,1.01679104478
97529,97551,98599,22,1048,2,36000,1.02099236641
97530,97557,98692,27,1135,2,36000,1.02378854626
97532,97563,98625,31,1062,2,36000,1.02919020716
97533,97568,98604,35,1036,2,36000,1.03378378378
97534,97573,98731,39,1158,2,36000,1.03367875648
97554,97579,98576,25,997,2,36000,1.02507522568
97555,97595,98613,40,1018,2,36000,1.03929273084
97557,97608,98779,51,1171,2,36000,1.04355251921
97590,97618,98615,28,997,2,36000,1.02808425276
97608,97625,98774,17,1149,2,36000,1.01479547433
97609,97633,98806,24,1173,2,36000,1.02046035806
97626,97651,98830,25,1179,2,36000,1.02120441052
97628,97683,98716,55,1033,2,36000,1.05324298161
97645,97708,98789,63,1081,2,36000,1.05827937095
97675,97714,98701,39,987,2,36000,1.03951367781
97699,97721,98772,22,1051,2,36000,1.02093244529
97700,97726,98825,26,1099,2,36000,1.02365787079
97719,97733,98727,14,994,2,36000,1.01408450704
97720,97739,98841,19,1102,2,36000,1.01724137931
97722,97745,98760,23,1015,2,36000,1.02266009852
97723,97751,98843,28,1092,2,36000,1.02564102564
97741,97757,98786,16,1029,2,36000,1.01554907677
97742,97762,98972,20,1210,2,36000,1.01652892562
97773,97779,98802,6,1023,2,36000,1.00586510264
97790,97796,98750,6,954,2,36000,1.00628930818
97808,97814,98743,6,929,2,36000,1.00645855759
97809,97820,99005,11,1185,2,36000,1.00928270042
97826,97833,99010,7,1177,2,36000,1.0059473237
97844,97850,98945,6,1095,2,36000,1.00547945205
97862,97868,98985,6,1117,2,36000,1.00537153089
97863,97874,98829,11,955,2,36000,1.01151832461
97865,97880,98947,15,1067,2,36000,1.01405810684
97866,97885,98984,19,1099,2,36000,1.01728844404
97867,97890,98981,23,1091,2,36000,1.02108157654
97869,97895,98818,26,923,2,36000,1.02816901408
97889,97901,98986,12,1085,2,36000,1.01105990783
97891,97907,99144,16,1237,2,36000,1.012934519
97892,97912,99075,20,1163,2,36000,1.01719690456
97893,97917,99004,24,1087,2,36000,1.02207911684
97895,97922,99073,27,1151,2,36000,1.02345786273
97913,97928,99029,15,1101,2,36000,1.0136239782
97915,97933,99125,18,1192,2,36000,1.01510067114
97916,97939,99103,23,1164,2,36000,1.01975945017
97917,97944,98975,27,1031,2,36000,1.02618816683
97935,97950,99071,15,1121,2,36000,1.0133809099
97937,97955,98918,18,963,2,36000,1.01869158879
97938,97961,99085,23,1124,2,36000,1.02046263345
97956,97967,99175,11,1208,2,36000,1.00910596026
97974,97982,99275,8,1293,2,36000,1.00618716164
97975,97988,99210,13,1222,2,36000,1.01063829787
97994,98000,99023,6,1023,2,36000,1.00586510264
97995,98006,98988,11,982,2,36000,1.01120162933
97997,98011,99159,14,1148,2,36000,1.01219512195
97998,98016,99163,18,1147,2,36000,1.01569311247
98017,98023,99854,6,1831,2,36000,1.00327689787
98019,98029,99029,10,1000,2,36000,1.01
98020,98034,98958,14,924,2,36000,1.01515151515
98038,98044,99098,6,1054,2,36000,1.00569259962
98056,98062,99206,6,1144,2,36000,1.00524475524
98057,98068,99238,11,1170,2,36000,1.0094017094
98058,98073,99190,15,1117,2,36000,1.01342882722
98076,98082,99297,6,1215,2,36000,1.0049382716
98077,98088,99055,11,967,2,36000,1.0113753878
98095,98102,99182,7,1080,2,36000,1.00648148148
98097,98108,99019,11,911,2,36000,1.01207464325
98098,98113,99156,15,1043,2,36000,1.01438159156
98117,98123,99222,6,1099,2,36000,1.00545950864
98118,98129,99106,11,977,2,36000,1.01125895599
98136,98142,99235,6,1093,2,36000,1.0054894785
98138,98148,99229,10,1081,2,36000,1.0092506938
98139,98153,99309,14,1156,2,36000,1.01211072664
98159,98164,99117,5,953,2,36000,1.00524658972
98160,98171,99550,11,1379,2,36000,1.00797679478
98161,98176,99204,15,1028,2,36000,1.01459143969
98163,98182,99214,19,1032,2,36000,1.01841085271
98164,98187,99296,23,1109,2,36000,1.02073940487
98165,98192,99227,27,1035,2,36000,1.02608695652
98166,98198,99202,32,1004,2,36000,1.03187250996
98168,98203,99306,35,1103,2,36000,1.03173164098
98187,98208,99263,21,1055,2,36000,1.01990521327
98209,98215,99344,6,1129,2,36000,1.00531443756
98210,98221,99393,11,1172,2,36000,1.00938566553
98211,98227,99350,16,1123,2,36000,1.0142475512
98231,98237,99369,6,1132,2,36000,1.00530035336
98232,98243,99226,11,983,2,36000,1.01119023398
98233,98248,99304,15,1056,2,36000,1.01420454545
98235,98254,99395,19,1141,2,36000,1.0166520596
98236,98259,99727,23,1468,2,36000,1.01566757493
98237,98264,99262,27,998,2,36000,1.02705410822
98262,98270,99451,8,1181,2,36000,1.00677392041
98264,98275,99199,11,924,2,36000,1.0119047619
98281,98289,99295,8,1006,2,36000,1.00795228628
98299,98305,99428,6,1123,2,36000,1.0053428317
98300,98311,99425,11,1114,2,36000,1.00987432675
98318,98325,99381,7,1056,2,36000,1.00662878788
98319,98331,99525,12,1194,2,36000,1.01005025126
98338,98344,99450,6,1106,2,36000,1.00542495479
98340,98350,99536,10,1186,2,36000,1.0084317032
98341,98355,99435,14,1080,2,36000,1.01296296296
98359,98366,99478,7,1112,2,36000,1.00629496403
98361,98372,99507,11,1135,2,36000,1.00969162996
98379,98385,99452,6,1067,2,36000,1.00562324274
98401,98407,99432,6,1025,2,36000,1.00585365854
98402,98413,99385,11,972,2,36000,1.01131687243
98404,98418,99722,14,1304,2,36000,1.01073619632
98405,98424,99402,19,978,2,36000,1.01942740286
98406,98429,99388,23,959,2,36000,1.02398331595
98408,98434,99554,26,1120,2,36000,1.02321428571
98426,98440,100237,14,1797,2,36000,1.00779076238
98450,98457,99385,7,928,2,36000,1.00754310345
98474,98481,99617,7,1136,2,36000,1.00616197183
98492,98498,99543,6,1045,2,36000,1.00574162679
98509,98515,99698,6,1183,2,36000,1.00507185123
98510,98521,99454,11,933,2,36000,1.01178992497
98512,98526,99603,14,1077,2,36000,1.01299907149
98554,98559,99597,5,1038,2,36000,1.00481695568
98555,98565,99661,10,1096,2,36000,1.00912408759
98579,98587,99550,8,963,2,36000,1.00830737279
98580,98593,99750,13,1157,2,36000,1.01123595506
98598,98604,99688,6,1084,2,36000,1.00553505535
98599,98610,99676,11,1066,2,36000,1.01031894934
98618,98624,99794,6,1170,2,36000,1.00512820513
98619,98630,99691,11,1061,2,36000,1.01036757776
98620,98635,99716,15,1081,2,36000,1.0138760407
98622,98640,99824,18,1184,2,36000,1.0152027027
98623,98646,99639,23,993,2,36000,1.02316213494
98641,98652,99636,11,984,2,36000,1.01117886179
98642,98657,99814,15,1157,2,36000,1.01296456353
98666,98673,99801,7,1128,2,36000,1.00620567376
98667,98679,99817,12,1138,2,36000,1.01054481547
98672,98684,98791,12,107,1,3600,1.11214953271
98695,98703,99820,8,1117,2,36000,1.00716204118
98712,98718,99677,6,959,2,36000,1.00625651721
98730,98736,99766,6,1030,2,36000,1.00582524272
98731,98742,99796,11,1054,2,36000,1.01043643264
98732,98748,99777,16,1029,2,36000,1.01554907677
98751,98757,99836,6,1079,2,36000,1.00556070436
98752,98763,99848,11,1085,2,36000,1.01013824885
98753,98768,99827,15,1059,2,36000,1.01416430595
98771,98778,99744,7,966,2,36000,1.00724637681
98773,98784,99917,11,1133,2,36000,1.00970873786
98791,98797,100060,6,1263,2,36000,1.00475059382
98793,98803,99904,10,1101,2,36000,1.00908265213
98794,98808,99852,14,1044,2,36000,1.01340996169
98795,98814,99965,19,1151,2,36000,1.01650738488
98813,98820,99951,7,1131,2,36000,1.00618921309
98814,98826,99888,12,1062,2,36000,1.01129943503
98833,98839,99732,6,893,2,36000,1.00671892497
98835,98845,99899,10,1054,2,36000,1.00948766603
98836,98851,99863,15,1012,2,36000,1.01482213439
98837,98856,99913,19,1057,2,36000,1.01797540208
98855,98862,99808,7,946,2,36000,1.00739957717
98857,98868,99809,11,941,2,36000,1.01168969182
98923,98929,100115,6,1186,2,36000,1.00505902192
98947,98953,100062,6,1109,2,36000,1.00541027953
98948,98959,99862,11,903,2,36000,1.01218161683
98958,98965,99278,7,313,1,3600,1.02236421725
98966,98972,99923,6,951,2,36000,1.00630914826
98986,98992,100179,6,1187,2,36000,1.0050547599
98987,98998,100040,11,1042,2,36000,1.01055662188
98988,99003,100175,15,1172,2,36000,1.01279863481
98989,99009,100599,20,1590,2,36000,1.01257861635
98991,99014,100012,23,998,2,36000,1.02304609218
98992,99019,100249,27,1230,2,36000,1.02195121951
99013,99025,100073,12,1048,2,36000,1.01145038168
99015,99031,100097,16,1066,2,36000,1.01500938086
99016,99036,100009,20,973,2,36000,1.02055498458
99017,99041,99985,24,944,2,36000,1.02542372881
99037,99047,100064,10,1017,2,36000,1.00983284169
99038,99052,100043,14,991,2,36000,1.0141271443
99039,99058,100091,19,1033,2,36000,1.01839303001
99041,99063,100105,22,1042,2,36000,1.02111324376
99059,99070,100083,11,1013,2,36000,1.01085883514
99078,99084,100064,6,980,2,36000,1.00612244898
99079,99090,100086,11,996,2,36000,1.01104417671
99080,99095,100072,15,977,2,36000,1.0153531218
99098,99104,100138,6,1034,2,36000,1.00580270793
99099,99110,100071,11,961,2,36000,1.01144640999
99118,99124,100273,6,1149,2,36000,1.00522193211
99119,99130,100158,11,1028,2,36000,1.01070038911
99121,99135,100259,14,1124,2,36000,1.01245551601
99138,99145,100250,7,1105,2,36000,1.00633484163
99156,99162,100260,6,1098,2,36000,1.00546448087
99157,99168,100283,11,1115,2,36000,1.00986547085
99176,99182,100365,6,1183,2,36000,1.00507185123
99177,99188,100416,11,1228,2,36000,1.00895765472
99179,99193,100317,14,1124,2,36000,1.01245551601
99197,99203,100209,6,1006,2,36000,1.00596421471
99198,99209,100184,11,975,2,36000,1.01128205128
99210,99215,99380,5,165,1,3600,1.0303030303
99218,99224,100415,6,1191,2,36000,1.00503778338
99219,99230,100262,11,1032,2,36000,1.01065891473
99220,99235,100275,15,1040,2,36000,1.01442307692
99222,99240,100323,18,1083,2,36000,1.01662049861
99223,99246,100353,23,1107,2,36000,1.02077687444
99224,99251,100363,27,1112,2,36000,1.02428057554
99258,99264,100281,6,1017,2,36000,1.00589970501
99259,99270,100403,11,1133,2,36000,1.00970873786
99260,99275,100326,15,1051,2,36000,1.01427212179
99262,99280,100322,18,1042,2,36000,1.01727447217
99263,99286,100460,23,1174,2,36000,1.0195911414
99264,99291,100461,27,1170,2,36000,1.02307692308
99283,99297,100440,14,1143,2,36000,1.01224846894
99284,99302,100489,18,1187,2,36000,1.0151642797
99286,99308,100452,22,1144,2,36000,1.01923076923
99305,99314,100363,9,1049,2,36000,1.00857959962
99306,99320,100452,14,1132,2,36000,1.01236749117
99307,99325,100193,18,868,2,36000,1.02073732719
99309,99330,100386,21,1056,2,36000,1.01988636364
99327,99336,100314,9,978,2,36000,1.00920245399
99328,99341,100354,13,1013,2,36000,1.01283316881
99346,99352,100463,6,1111,2,36000,1.00540054005
99363,99369,100443,6,1074,2,36000,1.00558659218
99380,99386,100857,6,1471,2,36000,1.00407885792
99399,99405,100346,6,941,2,36000,1.00637619554
99400,99411,100486,11,1075,2,36000,1.01023255814
99401,99416,100324,15,908,2,36000,1.01651982379
99403,99422,100478,19,1056,2,36000,1.01799242424
99404,99427,100423,23,996,2,36000,1.02309236948
99405,99432,100422,27,990,2,36000,1.02727272727
99423,99438,100501,15,1063,2,36000,1.01411100659
99442,99449,100421,7,972,2,36000,1.00720164609
99444,99454,100603,10,1149,2,36000,1.00870322019
99445,99461,100494,16,1033,2,36000,1.01548886738
99446,99466,100468,20,1002,2,36000,1.01996007984
99476,99482,100637,6,1155,2,36000,1.00519480519
99477,99488,100490,11,1002,2,36000,1.01097804391
99479,99493,100548,14,1055,2,36000,1.01327014218
99480,99499,100531,19,1032,2,36000,1.01841085271
99497,99505,100533,8,1028,2,36000,1.00778210117
99514,99521,100564,7,1043,2,36000,1.0067114094
99532,99538,100710,6,1172,2,36000,1.00511945392
99538,99544,99889,6,345,1,3600,1.01739130435
99551,99557,100573,6,1016,2,36000,1.00590551181
99552,99563,100593,11,1030,2,36000,1.01067961165
99554,99569,100738,15,1169,2,36000,1.0128314799
99555,99574,100599,19,1025,2,36000,1.01853658537
99573,99580,100826,7,1246,2,36000,1.00561797753
99600,99607,100834,7,1227,2,36000,1.00570497148
99618,99624,100684,6,1060,2,36000,1.00566037736
99619,99630,100789,11,1159,2,36000,1.00949094047
99640,99646,100680,6,1034,2,36000,1.00580270793
99641,99652,100760,11,1108,2,36000,1.00992779783
99665,99672,100682,7,1010,2,36000,1.00693069307
99684,99690,100766,6,1076,2,36000,1.00557620818
99685,99696,100808,11,1112,2,36000,1.00989208633
99703,99709,100807,6,1098,2,36000,1.00546448087
99704,99715,100801,11,1086,2,36000,1.01012891344
99706,99720,100758,14,1038,2,36000,1.01348747592
99724,99730,100867,6,1137,2,36000,1.00527704485
99725,99736,100869,11,1133,2,36000,1.00970873786
99727,99741,100317,14,576,1,3600,1.02430555556
99744,99750,100757,6,1007,2,36000,1.00595829196
99745,99756,100704,11,948,2,36000,1.01160337553
99747,99761,100973,14,1212,2,36000,1.01155115512
99765,99771,100929,6,1158,2,36000,1.00518134715
99783,99789,100849,6,1060,2,36000,1.00566037736
99784,99795,100748,11,953,2,36000,1.01154249738
99802,99808,100871,6,1063,2,36000,1.00564440263
99803,99814,101063,11,1249,2,36000,1.00880704564
99805,99819,101028,14,1209,2,36000,1.01157981803
99825,99831,100936,6,1105,2,36000,1.00542986425
99826,99837,101032,11,1195,2,36000,1.00920502092
99828,99842,100965,14,1123,2,36000,1.0124666073
99829,99847,100874,18,1027,2,36000,1.01752677702
99830,99853,100895,23,1042,2,36000,1.02207293666
99832,99858,100727,26,869,2,36000,1.02991944764
99850,99864,100874,14,1010,2,36000,1.01386138614
99852,99869,100818,17,949,2,36000,1.01791359326
99853,99875,100983,22,1108,2,36000,1.01985559567
99873,99881,100931,8,1050,2,36000,1.00761904762
99874,99886,100835,12,949,2,36000,1.01264488936
99875,99892,100969,17,1077,2,36000,1.01578458682
99877,99898,100966,21,1068,2,36000,1.01966292135
99894,99904,100924,10,1020,2,36000,1.00980392157
99912,99918,100977,6,1059,2,36000,1.00566572238
99914,99924,101041,10,1117,2,36000,1.00895255148
99931,99937,101202,6,1265,2,36000,1.004743083
99932,99943,101057,11,1114,2,36000,1.00987432675
99934,99948,100975,14,1027,2,36000,1.01363193768
99955,99961,101147,6,1186,2,36000,1.00505902192
99972,99978,100926,6,948,2,36000,1.00632911392
99990,99996,100932,6,936,2,36000,1.00641025641
100014,100020,101065,6,1045,2,36000,1.00574162679
100015,100026,101177,11,1151,2,36000,1.00955690704
100043,100049,101101,6,1052,2,36000,1.00570342205
100045,100055,101174,10,1119,2,36000,1.00893655049
100068,100073,101211,5,1138,2,36000,1.00439367311
100069,100079,101128,10,1049,2,36000,1.00953288847
100070,100084,101107,14,1023,2,36000,1.01368523949
100072,100090,101078,18,988,2,36000,1.01821862348
100092,100098,101189,6,1091,2,36000,1.0054995417
100093,100104,101191,11,1087,2,36000,1.01011959522
100095,100110,101112,15,1002,2,36000,1.01497005988
100096,100115,101115,19,1000,2,36000,1.019
100097,100120,101184,23,1064,2,36000,1.02161654135
100099,100125,101169,26,1044,2,36000,1.02490421456
100116,100131,101245,15,1114,2,36000,1.01346499102
100118,100136,101247,18,1111,2,36000,1.01620162016
100119,100142,101228,23,1086,2,36000,1.0211786372
100143,100149,101227,6,1078,2,36000,1.00556586271
100161,100167,101378,6,1211,2,36000,1.00495458299
100178,100184,101267,6,1083,2,36000,1.0055401662
100196,100202,101282,6,1080,2,36000,1.00555555556
100197,100208,101291,11,1083,2,36000,1.01015697138
100199,100213,101305,14,1092,2,36000,1.01282051282
100217,100223,101340,6,1117,2,36000,1.00537153089
100237,100244,101413,7,1169,2,36000,1.00598802395
100253,100259,100977,6,718,1,3600,1.00835654596
100256,100265,101395,9,1130,2,36000,1.00796460177
100257,100270,101257,13,987,2,36000,1.01317122594
100276,100282,101328,6,1046,2,36000,1.00573613767
100277,100288,101480,11,1192,2,36000,1.00922818792
100278,100293,101407,15,1114,2,36000,1.01346499102
100280,100299,101450,19,1151,2,36000,1.01650738488
100281,100304,101548,23,1244,2,36000,1.01848874598
100299,100310,101511,11,1201,2,36000,1.00915903414
100300,100315,101414,15,1099,2,36000,1.01364877161
100318,100323,101397,5,1074,2,36000,1.00465549348
100319,100329,101314,10,985,2,36000,1.01015228426
100338,100344,101501,6,1157,2,36000,1.00518582541
100339,100350,101372,11,1022,2,36000,1.01076320939
100341,100355,101346,14,991,2,36000,1.0141271443
100342,100361,101440,19,1079,2,36000,1.01760889713
100360,100367,101618,7,1251,2,36000,1.00559552358
100361,100373,101656,12,1283,2,36000,1.00935307872
100363,100379,101433,16,1054,2,36000,1.01518026565
100380,100387,101502,7,1115,2,36000,1.00627802691
100382,100392,101448,10,1056,2,36000,1.00946969697
100383,100398,101529,15,1131,2,36000,1.01326259947
100401,100407,101477,6,1070,2,36000,1.00560747664
100419,100425,101499,6,1074,2,36000,1.00558659218
100420,100431,101588,11,1157,2,36000,1.00950734659
100422,100436,101525,14,1089,2,36000,1.01285583104
100440,100446,101551,6,1105,2,36000,1.00542986425
100442,100452,101780,10,1328,2,36000,1.00753012048
100443,100457,101570,14,1113,2,36000,1.01257861635
100444,100463,101567,19,1104,2,36000,1.01721014493
100462,100469,101617,7,1148,2,36000,1.00609756098
100464,100475,101484,11,1009,2,36000,1.01090188305
100465,100481,101538,16,1057,2,36000,1.0151371807
100466,100486,101492,20,1006,2,36000,1.01988071571
100468,100492,101470,24,978,2,36000,1.0245398773
100488,100498,101570,10,1072,2,36000,1.00932835821
100489,100503,101567,14,1064,2,36000,1.01315789474
100491,100508,101665,17,1157,2,36000,1.014693172
100492,100513,101561,21,1048,2,36000,1.02003816794
100493,100519,101607,26,1088,2,36000,1.02389705882
100512,100525,101551,13,1026,2,36000,1.0126705653
100513,100530,101700,17,1170,2,36000,1.01452991453
100515,100536,101638,21,1102,2,36000,1.01905626134
100533,100542,101631,9,1089,2,36000,1.00826446281
100551,100557,101536,6,979,2,36000,1.00612870276
100552,100563,101589,11,1026,2,36000,1.01072124756
100570,100576,101730,6,1154,2,36000,1.00519930676
100587,100593,101770,6,1177,2,36000,1.00509770603
100605,100611,101729,6,1118,2,36000,1.0053667263
100606,100617,101941,11,1324,2,36000,1.0083081571
100608,100622,101688,14,1066,2,36000,1.01313320826
100609,100628,101696,19,1068,2,36000,1.01779026217
100640,100646,101639,6,993,2,36000,1.00604229607
100683,100689,101727,6,1038,2,36000,1.00578034682
100684,100695,101849,11,1154,2,36000,1.00953206239
100685,100700,101840,15,1140,2,36000,1.01315789474
100710,100716,101780,6,1064,2,36000,1.00563909774
100712,100722,101909,10,1187,2,36000,1.00842459983
100732,100738,101842,6,1104,2,36000,1.00543478261
100750,100756,101824,6,1068,2,36000,1.00561797753
100751,100762,101861,11,1099,2,36000,1.01000909918
100770,100776,101835,6,1059,2,36000,1.00566572238
100771,100782,101926,11,1144,2,36000,1.00961538462
100773,100787,101841,14,1054,2,36000,1.01328273245
100774,100793,101930,19,1137,2,36000,1.01671064204
100791,100799,101826,8,1027,2,36000,1.00778967868
100809,100815,101827,6,1012,2,36000,1.00592885375
100811,100821,101936,10,1115,2,36000,1.00896860987
100812,100826,101899,14,1073,2,36000,1.01304753029
100830,100836,101870,6,1034,2,36000,1.00580270793
100832,100842,101939,10,1097,2,36000,1.00911577028
100849,100855,101929,6,1074,2,36000,1.00558659218
100850,100861,101878,11,1017,2,36000,1.01081612586
100852,100866,101985,14,1119,2,36000,1.01251117069
100871,100877,102015,6,1138,2,36000,1.00527240773
100873,100883,101987,10,1104,2,36000,1.00905797101
100874,100888,101957,14,1069,2,36000,1.01309635173
100875,100894,101888,19,994,2,36000,1.01911468813
100893,100900,102270,7,1370,2,36000,1.00510948905
100895,100906,101979,11,1073,2,36000,1.01025163094
100911,100917,101952,6,1035,2,36000,1.00579710145
100929,100935,101975,6,1040,2,36000,1.00576923077
100930,100941,101999,11,1058,2,36000,1.01039697543
100932,100946,102091,14,1145,2,36000,1.01222707424
100950,100956,101995,6,1039,2,36000,1.00577478345
100951,100962,101999,11,1037,2,36000,1.0106075217
100953,100967,102038,14,1071,2,36000,1.01307189542
100971,100977,101972,6,995,2,36000,1.00603015075
100972,100987,101982,15,995,2,36000,1.01507537688
100974,100992,101961,18,969,2,36000,1.01857585139
100993,100999,102131,6,1132,2,36000,1.00530035336
100994,101005,102026,11,1021,2,36000,1.01077375122
100995,101010,102065,15,1055,2,36000,1.01421800948
100997,101015,102074,18,1059,2,36000,1.01699716714
101031,101037,102070,6,1033,2,36000,1.00580832527
101049,101055,102004,6,949,2,36000,1.00632244468
101050,101061,102351,11,1290,2,36000,1.00852713178
101070,101076,102085,6,1009,2,36000,1.00594648167
101071,101082,102255,11,1173,2,36000,1.00937766411
101072,101087,102095,15,1008,2,36000,1.01488095238
101090,101096,102091,6,995,2,36000,1.00603015075
101107,101113,102179,6,1066,2,36000,1.00562851782
101108,101119,102276,11,1157,2,36000,1.00950734659
101128,101134,102256,6,1122,2,36000,1.00534759358
101129,101140,102113,11,973,2,36000,1.01130524152
101131,101145,102292,14,1147,2,36000,1.01220575414
101152,101158,102306,6,1148,2,36000,1.00522648084
101175,101180,102375,5,1195,2,36000,1.00418410042
101176,101186,102145,10,959,2,36000,1.01042752868
101197,101202,102210,5,1008,2,36000,1.00496031746
101198,101208,102259,10,1051,2,36000,1.00951474786
101199,101213,102264,14,1051,2,36000,1.013320647
101200,101219,102268,19,1049,2,36000,1.01811248808
101218,101225,102222,7,997,2,36000,1.00702106319
101220,101231,102198,11,967,2,36000,1.0113753878
101238,101245,102332,7,1087,2,36000,1.00643974241
101240,101251,102526,11,1275,2,36000,1.00862745098
101258,101264,102396,6,1132,2,36000,1.00530035336
101259,101270,102222,11,952,2,36000,1.01155462185
101260,101275,102370,15,1095,2,36000,1.01369863014
101279,101286,102278,7,992,2,36000,1.00705645161
101298,101304,102356,6,1052,2,36000,1.00570342205
101299,101310,102312,11,1002,2,36000,1.01097804391
101318,101324,102386,6,1062,2,36000,1.00564971751
101319,101330,102312,11,982,2,36000,1.01120162933
101336,101342,102426,6,1084,2,36000,1.00553505535
101354,101360,102505,6,1145,2,36000,1.00524017467
101355,101366,102544,11,1178,2,36000,1.00933786078
101376,101382,102472,6,1090,2,36000,1.00550458716
101394,101401,102448,7,1047,2,36000,1.00668576886
101413,101419,102322,6,903,2,36000,1.00664451827
101414,101425,102640,11,1215,2,36000,1.00905349794
101416,101430,102604,14,1174,2,36000,1.01192504259
101417,101435,102418,18,983,2,36000,1.01831129196
101418,101441,102610,23,1169,2,36000,1.01967493584
101436,101447,102405,11,958,2,36000,1.0114822547
101455,101461,102592,6,1131,2,36000,1.00530503979
101456,101467,102693,11,1226,2,36000,1.00897226754
101458,101472,102539,14,1067,2,36000,1.01312089972
101476,101482,102578,6,1096,2,36000,1.00547445255
101494,101500,102540,6,1040,2,36000,1.00576923077
101495,101506,102543,11,1037,2,36000,1.0106075217
101497,101511,102533,14,1022,2,36000,1.01369863014
101498,101517,102513,19,996,2,36000,1.01907630522
101517,101523,102583,6,1060,2,36000,1.00566037736
101518,101529,102515,11,986,2,36000,1.01115618661
101520,101534,102507,14,973,2,36000,1.01438848921
101521,101540,102565,19,1025,2,36000,1.01853658537
101541,101547,102591,6,1044,2,36000,1.00574712644
101542,101553,102725,11,1172,2,36000,1.00938566553
101543,101559,102582,16,1023,2,36000,1.0156402737
101545,101564,102747,19,1183,2,36000,1.01606086221
101563,101570,102572,7,1002,2,36000,1.00698602794
101564,101575,102681,11,1106,2,36000,1.00994575045
101565,101581,102745,16,1164,2,36000,1.01374570447
101567,101586,102646,19,1060,2,36000,1.0179245283
101586,101593,102692,7,1099,2,36000,1.00636942675
101588,101598,102669,10,1071,2,36000,1.00933706816
101589,101604,102571,15,967,2,36000,1.01551189245
101590,101609,102632,19,1023,2,36000,1.01857282502
101609,101616,102700,7,1084,2,36000,1.00645756458
101611,101621,102683,10,1062,2,36000,1.00941619586
101612,101627,102651,15,1024,2,36000,1.0146484375
101630,101636,102668,6,1032,2,36000,1.00581395349
101631,101642,102869,11,1227,2,36000,1.00896495518
101650,101656,102594,6,938,2,36000,1.00639658849
101651,101662,102725,11,1063,2,36000,1.0103480715
101652,101667,102956,15,1289,2,36000,1.01163692785
101670,101676,102854,6,1178,2,36000,1.00509337861
101671,101682,102988,11,1306,2,36000,1.00842266462
101691,101698,102717,7,1019,2,36000,1.00686947988
101709,101715,102592,6,877,2,36000,1.00684150513
101710,101721,102931,11,1210,2,36000,1.00909090909
101730,101737,102702,7,965,2,36000,1.00725388601
101732,101743,102685,11,942,2,36000,1.01167728238
101733,101748,102746,15,998,2,36000,1.01503006012
101777,101782,102859,5,1077,2,36000,1.00464252553
101795,101801,102778,6,977,2,36000,1.00614124872
101796,101807,102910,11,1103,2,36000,1.00997280145
101827,101834,103037,7,1203,2,36000,1.00581878637
101829,101839,102917,10,1078,2,36000,1.00927643785
101830,101845,102855,15,1010,2,36000,1.01485148515
101849,101855,102958,6,1103,2,36000,1.00543970988
101850,101861,103027,11,1166,2,36000,1.00943396226
101851,101866,102937,15,1071,2,36000,1.01400560224
101853,101872,102967,19,1095,2,36000,1.01735159817
101854,101877,103024,23,1147,2,36000,1.02005231037
101872,101883,102941,11,1058,2,36000,1.01039697543
101873,101888,103099,15,1211,2,36000,1.01238645747
101893,101899,103009,6,1110,2,36000,1.00540540541
101894,101905,103059,11,1154,2,36000,1.00953206239
101912,101918,103007,6,1089,2,36000,1.00550964187
101913,101924,103040,11,1116,2,36000,1.00985663082
101931,101937,103012,6,1075,2,36000,1.00558139535
101932,101943,102994,11,1051,2,36000,1.01046622265
101934,101949,103045,15,1096,2,36000,1.01368613139
101954,101960,102891,6,931,2,36000,1.00644468314
101955,101966,103234,11,1268,2,36000,1.00867507886
101956,101971,102896,15,925,2,36000,1.01621621622
101958,101976,103057,18,1081,2,36000,1.01665124884
101976,101983,103042,7,1059,2,36000,1.00661000944
101977,101989,103012,12,1023,2,36000,1.01173020528
101979,101994,103044,15,1050,2,36000,1.01428571429
101980,101999,102967,19,968,2,36000,1.01962809917
102000,102007,103108,7,1101,2,36000,1.00635785649
102002,102013,103160,11,1147,2,36000,1.0095902354
102003,102018,103200,15,1182,2,36000,1.01269035533
102004,102023,102953,19,930,2,36000,1.02043010753
102006,102028,103005,22,977,2,36000,1.02251791198
102007,102034,103038,27,1004,2,36000,1.02689243028
102008,102040,103012,32,972,2,36000,1.0329218107
102027,102045,103069,18,1024,2,36000,1.017578125
102029,102051,103241,22,1190,2,36000,1.01848739496
102030,102056,103227,26,1171,2,36000,1.02220324509
102048,102062,103220,14,1158,2,36000,1.01208981002
102068,102074,103229,6,1155,2,36000,1.00519480519
102086,102092,103150,6,1058,2,36000,1.0056710775
102088,102098,103044,10,946,2,36000,1.01057082452
102089,102103,103232,14,1129,2,36000,1.0124003543
102108,102114,103346,6,1232,2,36000,1.00487012987
102109,102120,103127,11,1007,2,36000,1.01092353525
102110,102125,103171,15,1046,2,36000,1.01434034417
102128,102134,103381,6,1247,2,36000,1.00481154771
102146,102152,103182,6,1030,2,36000,1.00582524272
102148,102158,103292,10,1134,2,36000,1.00881834215
102182,102188,103240,6,1052,2,36000,1.00570342205
102205,102211,103219,6,1008,2,36000,1.00595238095
102223,102229,103312,6,1083,2,36000,1.0055401662
102224,102241,103325,17,1084,2,36000,1.01568265683
102224,102234,102345,10,111,1,3600,1.09009009009
102226,102246,103417,20,1171,2,36000,1.0170794193
102262,102267,103277,5,1010,2,36000,1.00495049505
102263,102274,103313,11,1039,2,36000,1.01058710298
102264,102279,103317,15,1038,2,36000,1.01445086705
102283,102289,103383,6,1094,2,36000,1.00548446069
102285,102295,103500,10,1205,2,36000,1.00829875519
102286,102300,103355,14,1055,2,36000,1.01327014218
102287,102306,103369,19,1063,2,36000,1.01787394167
102289,102311,103401,22,1090,2,36000,1.02018348624
102306,102317,103405,11,1088,2,36000,1.01011029412
102307,102322,103425,15,1103,2,36000,1.01359927471
102327,102333,103285,6,952,2,36000,1.00630252101
102328,102339,103377,11,1038,2,36000,1.0105973025
102329,102344,103421,15,1077,2,36000,1.0139275766
102347,102355,103354,8,999,2,36000,1.00800800801
102366,102372,103444,6,1072,2,36000,1.00559701493
102367,102378,103437,11,1059,2,36000,1.0103871577
102386,102392,103666,6,1274,2,36000,1.00470957614
102387,102398,103431,11,1033,2,36000,1.01064859632
102388,102403,103495,15,1092,2,36000,1.01373626374
102406,102412,103453,6,1041,2,36000,1.00576368876
102407,102418,103535,11,1117,2,36000,1.00984780662
102425,102431,103472,6,1041,2,36000,1.00576368876
102442,102449,103500,7,1051,2,36000,1.0066603235
102460,102466,103674,6,1208,2,36000,1.00496688742
102478,102483,103601,5,1118,2,36000,1.00447227191
102506,102512,102813,6,301,1,3600,1.01993355482
102509,102518,103787,9,1269,2,36000,1.00709219858
102511,102524,103613,13,1089,2,36000,1.01193755739
102530,102536,103623,6,1087,2,36000,1.00551977921
102531,102542,103650,11,1108,2,36000,1.00992779783
102533,102547,103658,14,1111,2,36000,1.01260126013
102553,102560,103587,7,1027,2,36000,1.00681596884
102555,102566,103669,11,1103,2,36000,1.00997280145
102556,102571,103586,15,1015,2,36000,1.01477832512
102557,102576,103667,19,1091,2,36000,1.0174152154
102559,102581,103698,22,1117,2,36000,1.01969561325
102577,102588,103694,11,1106,2,36000,1.00994575045
102579,102594,103697,15,1103,2,36000,1.01359927471
102580,102599,103662,19,1063,2,36000,1.01787394167
102600,102606,103550,6,944,2,36000,1.0063559322
102601,102612,103824,11,1212,2,36000,1.00907590759
102602,102617,103744,15,1127,2,36000,1.01330967169
102604,102622,103704,18,1082,2,36000,1.01663585952
102605,102628,103797,23,1169,2,36000,1.01967493584
102606,102633,103559,27,926,2,36000,1.02915766739
102608,102639,103784,31,1145,2,36000,1.02707423581
102626,102644,103798,18,1154,2,36000,1.01559792028
102627,102649,103712,22,1063,2,36000,1.02069614299
102645,102656,103739,11,1083,2,36000,1.01015697138
102646,102661,103709,15,1048,2,36000,1.0143129771
102664,102670,103798,6,1128,2,36000,1.00531914894
102665,102676,103764,11,1088,2,36000,1.01011029412
102684,102690,103650,6,960,2,36000,1.00625
102685,102696,103749,11,1053,2,36000,1.01044634378
102687,102701,103676,14,975,2,36000,1.01435897436
102688,102707,103757,19,1050,2,36000,1.0180952381
102707,102713,103722,6,1009,2,36000,1.00594648167
102708,102719,103626,11,907,2,36000,1.01212789416
102709,102724,103739,15,1015,2,36000,1.01477832512
102711,102730,103867,19,1137,2,36000,1.01671064204
102712,102735,103795,23,1060,2,36000,1.02169811321
102731,102741,103878,10,1137,2,36000,1.00879507476
102732,102747,103765,15,1018,2,36000,1.01473477407
102733,102752,103753,19,1001,2,36000,1.01898101898
102751,102758,103838,7,1080,2,36000,1.00648148148
102753,102763,103883,10,1120,2,36000,1.00892857143
102754,102769,103974,15,1205,2,36000,1.01244813278
102782,102788,103852,6,1064,2,36000,1.00563909774
102857,102863,104011,6,1148,2,36000,1.00522648084
102858,102869,104091,11,1222,2,36000,1.00900163666
102877,102883,103862,6,979,2,36000,1.00612870276
102878,102889,103960,11,1071,2,36000,1.01027077498
102896,102902,103988,6,1086,2,36000,1.00552486188
102897,102908,103974,11,1066,2,36000,1.01031894934
102915,102921,103996,6,1075,2,36000,1.00558139535
102928,102934,103044,6,110,1,1800,1.05454545455
102932,102940,104023,8,1083,2,36000,1.00738688827
102934,102945,103969,11,1024,2,36000,1.0107421875
102952,102958,104102,6,1144,2,36000,1.00524475524
102953,102964,104181,11,1217,2,36000,1.00903861956
102971,102977,104086,6,1109,2,36000,1.00541027953
102973,102983,103883,10,900,2,36000,1.01111111111
102974,102988,104067,14,1079,2,36000,1.01297497683
102975,102994,104036,19,1042,2,36000,1.01823416507
102977,102999,104255,22,1256,2,36000,1.01751592357
102994,103005,104094,11,1089,2,36000,1.0101010101
102996,103010,104231,14,1221,2,36000,1.01146601147
103014,103020,103993,6,973,2,36000,1.00616649538
103015,103026,104203,11,1177,2,36000,1.00934579439
103017,103031,104073,14,1042,2,36000,1.01343570058
103018,103037,104066,19,1029,2,36000,1.01846452867
103019,103042,104182,23,1140,2,36000,1.0201754386
103021,103047,104092,26,1045,2,36000,1.02488038278
103041,103054,104082,13,1028,2,36000,1.0126459144
103042,103059,104066,17,1007,2,36000,1.01688182721
103044,103065,104083,21,1018,2,36000,1.02062868369
103045,103071,104145,26,1074,2,36000,1.02420856611
103046,103076,104243,30,1167,2,36000,1.02570694087
103066,103082,104008,16,926,2,36000,1.01727861771
103068,103087,104163,19,1076,2,36000,1.01765799257
103069,103093,104237,24,1144,2,36000,1.02097902098
103070,103098,104178,28,1080,2,36000,1.02592592593
103071,103103,104020,32,917,2,36000,1.03489640131
103073,103108,104031,35,923,2,36000,1.03791982665
103091,103114,104234,23,1120,2,36000,1.02053571429
103109,103119,104255,10,1136,2,36000,1.0088028169
103110,103126,104390,16,1264,2,36000,1.01265822785
103131,103137,104329,6,1192,2,36000,1.00503355705
103152,103158,104276,6,1118,2,36000,1.0053667263
103170,103176,104230,6,1054,2,36000,1.00569259962
103189,103195,104308,6,1113,2,36000,1.00539083558
103190,103201,104203,11,1002,2,36000,1.01097804391
103208,103214,104351,6,1137,2,36000,1.00527704485
103227,103233,104423,6,1190,2,36000,1.00504201681
103228,103239,104257,11,1018,2,36000,1.01080550098
103230,103244,104106,14,862,2,36000,1.0162412993
103251,103257,104248,6,991,2,36000,1.00605449041
103252,103263,104550,11,1287,2,36000,1.00854700855
103252,103284,103888,32,604,1,3600,1.05298013245
103254,103268,104358,14,1090,2,36000,1.0128440367
103255,103274,104358,19,1084,2,36000,1.01752767528
103256,103279,104285,23,1006,2,36000,1.02286282306
103281,103290,104297,9,1007,2,36000,1.00893743793
103299,103305,104505,6,1200,2,36000,1.005
103300,103311,104444,11,1133,2,36000,1.00970873786
103318,103324,104517,6,1193,2,36000,1.0050293378
103319,103330,104346,11,1016,2,36000,1.01082677165
103321,103335,104924,14,1589,2,36000,1.00881057269
103339,103345,104481,6,1136,2,36000,1.00528169014
103342,103351,103465,9,114,1,1800,1.07894736842
103357,103363,104412,6,1049,2,36000,1.00571973308
103359,103369,104416,10,1047,2,36000,1.00955109838
103360,103374,104455,14,1081,2,36000,1.01295097132
103378,103384,104457,6,1073,2,36000,1.0055917987
103379,103390,104410,11,1020,2,36000,1.01078431373
103398,103404,104511,6,1107,2,36000,1.0054200542
103399,103410,104496,11,1086,2,36000,1.01012891344
103417,103423,104350,6,927,2,36000,1.00647249191
103418,103429,104564,11,1135,2,36000,1.00969162996
103420,103434,104556,14,1122,2,36000,1.01247771836
103439,103445,104495,6,1050,2,36000,1.00571428571
103440,103451,104536,11,1085,2,36000,1.01013824885
103441,103456,104526,15,1070,2,36000,1.01401869159
103443,103461,104689,18,1228,2,36000,1.01465798046
103460,103468,104682,8,1214,2,36000,1.00658978583
103461,103473,104576,12,1103,2,36000,1.01087941976
103479,103485,104543,6,1058,2,36000,1.0056710775
103501,103507,104643,6,1136,2,36000,1.00528169014
103502,103513,104507,11,994,2,36000,1.01106639839
103503,103518,104735,15,1217,2,36000,1.0123253903
103539,103546,104623,7,1077,2,36000,1.00649953575
103557,103563,104703,6,1140,2,36000,1.00526315789
103575,103581,104576,6,995,2,36000,1.00603015075
103592,103598,104543,6,945,2,36000,1.00634920635
103593,103604,104630,11,1026,2,36000,1.01072124756
103611,103617,104523,6,906,2,36000,1.00662251656
103628,103634,104562,6,928,2,36000,1.00646551724
103629,103640,104678,11,1038,2,36000,1.0105973025
103630,103645,104744,15,1099,2,36000,1.01364877161
103656,103661,104672,5,1011,2,36000,1.00494559842
103657,103667,104817,10,1150,2,36000,1.00869565217
103677,103683,104719,6,1036,2,36000,1.00579150579
103678,103689,104847,11,1158,2,36000,1.00949913644
103680,103694,104574,14,880,2,36000,1.01590909091
103681,103700,104655,19,955,2,36000,1.01989528796
103682,103705,104794,23,1089,2,36000,1.02112029385
103683,103710,104732,27,1022,2,36000,1.02641878669
103685,103716,104715,31,999,2,36000,1.03103103103
103704,103722,104747,18,1025,2,36000,1.01756097561
103706,103727,104843,21,1116,2,36000,1.0188172043
103707,103732,104684,25,952,2,36000,1.0262605042
103726,103738,104694,12,956,2,36000,1.01255230126
103727,103743,104573,16,830,2,36000,1.01927710843
103729,103749,104906,20,1157,2,36000,1.0172860847
103730,103754,104896,24,1142,2,36000,1.02101576182
103749,103760,104873,11,1113,2,36000,1.00988319856
103750,103766,104919,16,1153,2,36000,1.01387684302
103752,103771,104887,19,1116,2,36000,1.01702508961
103753,103776,104796,23,1020,2,36000,1.02254901961
103774,103782,104844,8,1062,2,36000,1.00753295669
103775,103788,104815,13,1027,2,36000,1.01265822785
103776,103793,104919,17,1126,2,36000,1.01509769094
103778,103799,104947,21,1148,2,36000,1.01829268293
103796,103805,104733,9,928,2,36000,1.00969827586
103797,103810,105003,13,1193,2,36000,1.01089689858
103799,103816,104800,17,984,2,36000,1.01727642276
103800,103822,104884,22,1062,2,36000,1.02071563089
103820,103829,104866,9,1037,2,36000,1.00867888139
103821,103834,104951,13,1117,2,36000,1.01163831692
103839,103845,104949,6,1104,2,36000,1.00543478261
103840,103851,104836,11,985,2,36000,1.01116751269
103858,103863,104823,5,960,2,36000,1.00520833333
103875,103881,104982,6,1101,2,36000,1.00544959128
103876,103887,105029,11,1142,2,36000,1.00963222417
103895,103902,104988,7,1086,2,36000,1.00644567219
103897,103907,105135,10,1228,2,36000,1.00814332248
103898,103913,105106,15,1193,2,36000,1.01257334451
103963,103970,105111,7,1141,2,36000,1.00613496933
103982,103988,105225,6,1237,2,36000,1.00485044462
103984,103994,105159,10,1165,2,36000,1.00858369099
103985,103999,105106,14,1107,2,36000,1.01264679313
104004,104010,105039,6,1029,2,36000,1.00583090379
104005,104016,105080,11,1064,2,36000,1.01033834586
104007,104021,105027,14,1006,2,36000,1.01391650099
104026,104031,105048,5,1017,2,36000,1.00491642085
104027,104037,105158,10,1121,2,36000,1.0089206066
104028,104042,104994,14,952,2,36000,1.01470588235
104029,104047,105082,18,1035,2,36000,1.01739130435
104048,104054,105147,6,1093,2,36000,1.0054894785
104049,104060,105166,11,1106,2,36000,1.00994575045
104071,104077,105205,6,1128,2,36000,1.00531914894
104073,104083,105284,10,1201,2,36000,1.00832639467
104074,104088,105069,14,981,2,36000,1.01427115189
104093,104099,105086,6,987,2,36000,1.00607902736
104094,104105,105113,11,1008,2,36000,1.01091269841
104096,104110,105305,14,1195,2,36000,1.01171548117
104097,104116,105276,19,1160,2,36000,1.01637931034
104098,104121,105221,23,1100,2,36000,1.02090909091
104100,104127,105166,27,1039,2,36000,1.02598652551
104119,104132,105281,13,1149,2,36000,1.01131418625
104120,104138,105114,18,976,2,36000,1.01844262295
104121,104143,105300,22,1157,2,36000,1.01901469317
104132,104149,104700,17,551,1,1800,1.03085299456
104149,104155,105449,6,1294,2,36000,1.00463678516
104166,104173,105271,7,1098,2,36000,1.00637522769
104186,104192,105275,6,1083,2,36000,1.0055401662
104187,104198,105346,11,1148,2,36000,1.00958188153
104188,104203,105112,15,909,2,36000,1.01650165017
104207,104213,105185,6,972,2,36000,1.00617283951
104208,104219,105247,11,1028,2,36000,1.01070038911
104233,104239,105353,6,1114,2,36000,1.00538599641
104234,104245,105126,11,881,2,36000,1.01248581158
104253,104260,105492,7,1232,2,36000,1.00568181818
104255,104266,105380,11,1114,2,36000,1.00987432675
104256,104271,105371,15,1100,2,36000,1.01363636364
104257,104277,105434,20,1157,2,36000,1.0172860847
104276,104283,105329,7,1046,2,36000,1.00669216061
104278,104288,105368,10,1080,2,36000,1.00925925926
104279,104294,105529,15,1235,2,36000,1.01214574899
104280,104299,105409,19,1110,2,36000,1.01711711712
104298,104305,105431,7,1126,2,36000,1.00621669627
104299,104310,105340,11,1030,2,36000,1.01067961165
104317,104323,105401,6,1078,2,36000,1.00556586271
104335,104340,105445,5,1105,2,36000,1.00452488688
104352,104359,105496,7,1137,2,36000,1.00615655233
104354,104365,105342,11,977,2,36000,1.01125895599
104355,104370,105444,15,1074,2,36000,1.01396648045
104373,104379,105483,6,1104,2,36000,1.00543478261
104374,104385,105511,11,1126,2,36000,1.00976909414
104395,104401,105559,6,1158,2,36000,1.00518134715
104414,104420,105343,6,923,2,36000,1.00650054171
104415,104426,105442,11,1016,2,36000,1.01082677165
104434,104440,105467,6,1027,2,36000,1.00584225901
104435,104446,105700,11,1254,2,36000,1.00877192982
104453,104459,105563,6,1104,2,36000,1.00543478261
104471,104477,105538,6,1061,2,36000,1.00565504241
104472,104483,105432,11,949,2,36000,1.01159114858
104490,104496,105570,6,1074,2,36000,1.00558659218
104509,104515,105711,6,1196,2,36000,1.00501672241
104510,104521,105539,11,1018,2,36000,1.01080550098
104512,104526,105607,14,1081,2,36000,1.01295097132
104513,104532,105651,19,1119,2,36000,1.01697944593
104533,104538,105616,5,1078,2,36000,1.00463821892
104534,104545,105585,11,1040,2,36000,1.01057692308
104535,104550,105635,15,1085,2,36000,1.01382488479
104537,104556,105657,19,1101,2,36000,1.01725703906
104555,104562,105451,7,889,2,36000,1.00787401575
104556,104567,105497,11,930,2,36000,1.01182795699
104558,104574,105666,16,1092,2,36000,1.01465201465
104559,104579,105679,20,1100,2,36000,1.01818181818
104581,104587,105626,6,1039,2,36000,1.00577478345
104583,104593,105625,10,1032,2,36000,1.00968992248
104584,104598,105713,14,1115,2,36000,1.01255605381
104585,104604,105676,19,1072,2,36000,1.0177238806
104587,104609,105582,22,973,2,36000,1.02261048304
104588,104615,105639,27,1024,2,36000,1.0263671875
104589,104620,105670,31,1050,2,36000,1.02952380952
104627,104633,105712,6,1079,2,36000,1.00556070436
104644,104650,105761,6,1111,2,36000,1.00540054005
104646,104656,105805,10,1149,2,36000,1.00870322019
104663,104669,105605,6,936,2,36000,1.00641025641
104681,104687,105847,6,1160,2,36000,1.00517241379
104683,104693,105848,10,1155,2,36000,1.00865800866
104684,104698,105696,14,998,2,36000,1.01402805611
104703,104709,105815,6,1106,2,36000,1.00542495479
104704,104715,105689,11,974,2,36000,1.0112936345
104705,104720,105906,15,1186,2,36000,1.01264755481
104723,104729,105692,6,963,2,36000,1.0062305296
104724,104735,105837,11,1102,2,36000,1.00998185118
104726,104740,105879,14,1139,2,36000,1.01229148376
104745,104751,105898,6,1147,2,36000,1.00523103749
104746,104757,105895,11,1138,2,36000,1.00966608084
104748,104762,105863,14,1101,2,36000,1.01271571299
104749,104768,105840,19,1072,2,36000,1.0177238806
104767,104774,105819,7,1045,2,36000,1.00669856459
104797,104803,105919,6,1116,2,36000,1.00537634409
104799,104809,106005,10,1196,2,36000,1.00836120401
104817,104823,105853,6,1030,2,36000,1.00582524272
104818,104829,105859,11,1030,2,36000,1.01067961165
104819,104834,105888,15,1054,2,36000,1.01423149905
104838,104844,105870,6,1026,2,36000,1.00584795322
104839,104850,105818,11,968,2,36000,1.01136363636
104862,104868,105884,6,1016,2,36000,1.00590551181
104864,104874,105841,10,967,2,36000,1.01034126163
104865,104879,105861,14,982,2,36000,1.01425661914
104883,104889,105843,6,954,2,36000,1.00628930818
104884,104895,105878,11,983,2,36000,1.01119023398
104902,104908,105975,6,1067,2,36000,1.00562324274
104904,104914,105940,10,1026,2,36000,1.00974658869
104905,104919,106087,14,1168,2,36000,1.01198630137
104924,104930,105956,6,1026,2,36000,1.00584795322
104926,104936,105995,10,1059,2,36000,1.00944287063
104927,104941,106221,14,1280,2,36000,1.0109375
104928,104947,106098,19,1151,2,36000,1.01650738488
104950,104956,106022,6,1066,2,36000,1.00562851782
104951,104962,105859,11,897,2,36000,1.01226309922
104969,104976,105995,7,1019,2,36000,1.00686947988
104987,104993,106191,6,1198,2,36000,1.00500834725
105006,105012,106600,6,1588,2,36000,1.00377833753
105007,105018,106139,11,1121,2,36000,1.00981266726
105008,105023,106070,15,1047,2,36000,1.01432664756
105033,105039,106069,6,1030,2,36000,1.00582524272
105034,105045,106168,11,1123,2,36000,1.00979519145
105052,105058,106303,6,1245,2,36000,1.00481927711
105054,105064,106186,10,1122,2,36000,1.00891265597
105075,105080,106146,5,1066,2,36000,1.00469043152
105098,105104,106050,6,946,2,36000,1.00634249471
105100,105110,106212,10,1102,2,36000,1.00907441016
105101,105115,106257,14,1142,2,36000,1.0122591944
105121,105127,106216,6,1089,2,36000,1.00550964187
105122,105133,106190,11,1057,2,36000,1.01040681173
105124,105138,106262,14,1124,2,36000,1.01245551601
105125,105143,106212,18,1069,2,36000,1.01683816651
105126,105149,106196,23,1047,2,36000,1.02196752627
105128,105154,106180,26,1026,2,36000,1.0253411306
105145,105160,106122,15,962,2,36000,1.01559251559
105147,105165,106139,18,974,2,36000,1.01848049281
105166,105173,106165,7,992,2,36000,1.00705645161
105168,105179,106347,11,1168,2,36000,1.00941780822
105169,105184,106362,15,1178,2,36000,1.01273344652
105170,105190,106265,20,1075,2,36000,1.01860465116
105172,105195,106309,23,1114,2,36000,1.02064631957
105189,105201,106280,12,1079,2,36000,1.01112140871
105208,105214,106345,6,1131,2,36000,1.00530503979
105225,105231,106370,6,1139,2,36000,1.00526777875
105226,105237,106286,11,1049,2,36000,1.01048617731
105253,105259,106138,6,879,2,36000,1.00682593857
105274,105280,106419,6,1139,2,36000,1.00526777875
105275,105286,106414,11,1128,2,36000,1.00975177305
105294,105300,106341,6,1041,2,36000,1.00576368876
105296,105306,106396,10,1090,2,36000,1.00917431193
105297,105311,106315,14,1004,2,36000,1.01394422311
105316,105322,106225,6,903,2,36000,1.00664451827
105317,105328,106464,11,1136,2,36000,1.00968309859
105335,105341,106369,6,1028,2,36000,1.00583657588
105354,105360,106556,6,1196,2,36000,1.00501672241
105355,105366,106259,11,893,2,36000,1.01231802912
105356,105371,106552,15,1181,2,36000,1.01270110076
105358,105376,106403,18,1027,2,36000,1.01752677702
105359,105382,106811,23,1429,2,36000,1.01609517145
105379,105388,106500,9,1112,2,36000,1.00809352518
105380,105394,106338,14,944,2,36000,1.01483050847
105398,105404,106499,6,1095,2,36000,1.00547945205
105416,105422,106587,6,1165,2,36000,1.00515021459
105417,105428,106489,11,1061,2,36000,1.01036757776
105434,105441,106504,7,1063,2,36000,1.00658513641
105436,105447,106493,11,1046,2,36000,1.01051625239
105437,105452,106599,15,1147,2,36000,1.01307759372
105456,105462,106509,6,1047,2,36000,1.00573065903
105458,105468,106668,10,1200,2,36000,1.00833333333
105459,105473,106508,14,1035,2,36000,1.01352657005
105460,105478,106624,18,1146,2,36000,1.01570680628
105462,105484,106605,22,1121,2,36000,1.01962533452
105479,105490,106504,11,1014,2,36000,1.01084812623
105497,105503,106630,6,1127,2,36000,1.00532386868
105498,105509,106595,11,1086,2,36000,1.01012891344
105499,105514,106552,15,1038,2,36000,1.01445086705
105501,105519,106464,18,945,2,36000,1.01904761905
105518,105526,106632,8,1106,2,36000,1.00723327306
105537,105543,106638,6,1095,2,36000,1.00547945205
105555,105562,106704,7,1142,2,36000,1.0061295972
105557,105567,106776,10,1209,2,36000,1.00827129859
105576,105581,106778,5,1197,2,36000,1.00417710944
105577,105587,106604,10,1017,2,36000,1.00983284169
105578,105592,106795,14,1203,2,36000,1.01163757273
105596,105603,106700,7,1097,2,36000,1.0063810392
105598,105608,106592,10,984,2,36000,1.01016260163
105616,105622,106588,6,966,2,36000,1.00621118012
105617,105628,106815,11,1187,2,36000,1.00926705981
105619,105633,106702,14,1069,2,36000,1.01309635173
105637,105643,106710,6,1067,2,36000,1.00562324274
105638,105649,106752,11,1103,2,36000,1.00997280145
105640,105654,106840,14,1186,2,36000,1.01180438449
105658,105664,106755,6,1091,2,36000,1.0054995417
105659,105670,106751,11,1081,2,36000,1.01017576318
105661,105675,106694,14,1019,2,36000,1.01373895976
105680,105686,106612,6,926,2,36000,1.00647948164
105681,105692,106712,11,1020,2,36000,1.01078431373
105683,105697,106761,14,1064,2,36000,1.01315789474
105684,105703,106757,19,1054,2,36000,1.01802656546
105702,105709,106899,7,1190,2,36000,1.00588235294
105704,105715,106823,11,1108,2,36000,1.00992779783
105705,105721,106874,16,1153,2,36000,1.01387684302
105706,105726,106717,20,991,2,36000,1.02018163471
105725,105732,106742,7,1010,2,36000,1.00693069307
105726,105737,106732,11,995,2,36000,1.01105527638
105728,105743,106739,15,996,2,36000,1.01506024096
105765,105771,106907,6,1136,2,36000,1.00528169014
105807,105814,106753,7,939,2,36000,1.00745473908
105833,105839,107029,6,1190,2,36000,1.00504201681
105834,105845,106846,11,1001,2,36000,1.01098901099
105835,105850,106820,15,970,2,36000,1.01546391753
105859,105865,106927,6,1062,2,36000,1.00564971751
105861,105871,107004,10,1133,2,36000,1.00882612533
105862,105877,107073,15,1196,2,36000,1.01254180602
105863,105882,106973,19,1091,2,36000,1.0174152154
105864,105887,107035,23,1148,2,36000,1.02003484321
105866,105893,106847,27,954,2,36000,1.02830188679
105867,105898,106975,31,1077,2,36000,1.02878365831
105868,105904,107065,36,1161,2,36000,1.03100775194
105870,105909,106982,39,1073,2,36000,1.03634669152
105891,105915,107127,24,1212,2,36000,1.0198019802
105893,105921,107012,28,1091,2,36000,1.02566452796
105894,105926,107014,32,1088,2,36000,1.02941176471
105895,105931,107035,36,1104,2,36000,1.03260869565
105897,105936,106949,39,1013,2,36000,1.03849950642
105898,105941,106933,43,992,2,36000,1.04334677419
105899,105947,106972,48,1025,2,36000,1.04682926829
105919,105953,107177,34,1224,2,36000,1.02777777778
105920,105959,107073,39,1114,2,36000,1.03500897666
105922,105964,107058,42,1094,2,36000,1.03839122486
105923,105969,107204,46,1235,2,36000,1.03724696356
105945,105974,107351,29,1377,2,36000,1.02106027596
105962,105980,106893,18,913,2,36000,1.01971522453
105980,105986,106925,6,939,2,36000,1.00638977636
105998,106004,106992,6,988,2,36000,1.00607287449
105999,106010,107062,11,1052,2,36000,1.01045627376
106018,106024,107247,6,1223,2,36000,1.00490596893
106038,106044,107200,6,1156,2,36000,1.00519031142
106055,106061,107126,6,1065,2,36000,1.00563380282
106073,106079,107164,6,1085,2,36000,1.00552995392
106074,106085,107176,11,1091,2,36000,1.01008249313
106093,106098,107160,5,1062,2,36000,1.00470809793
106110,106116,107132,6,1016,2,36000,1.00590551181
106128,106134,107260,6,1126,2,36000,1.0053285968
106147,106153,107196,6,1043,2,36000,1.00575263663
106148,106159,107295,11,1136,2,36000,1.00968309859
106150,106164,107389,14,1225,2,36000,1.01142857143
106151,106170,107175,19,1005,2,36000,1.01890547264
106169,106176,107335,7,1159,2,36000,1.00603968939
106171,106182,107412,11,1230,2,36000,1.00894308943
106190,106196,107334,6,1138,2,36000,1.00527240773
106191,106202,107327,11,1125,2,36000,1.00977777778
106192,106208,107342,16,1134,2,36000,1.01410934744
106212,106218,107182,6,964,2,36000,1.00622406639
106213,106224,107248,11,1024,2,36000,1.0107421875
106215,106229,107246,14,1017,2,36000,1.01376597837
106216,106235,107291,19,1056,2,36000,1.01799242424
106234,106241,107333,7,1092,2,36000,1.00641025641
106235,106246,107239,11,993,2,36000,1.0110775428
106237,106252,107404,15,1152,2,36000,1.01302083333
106261,106267,107408,6,1141,2,36000,1.00525854514
106263,106273,107359,10,1086,2,36000,1.00920810313
106281,106287,107349,6,1062,2,36000,1.00564971751
106282,106293,107366,11,1073,2,36000,1.01025163094
106284,106298,107252,14,954,2,36000,1.01467505241
106302,106308,107331,6,1023,2,36000,1.00586510264
106303,106314,107330,11,1016,2,36000,1.01082677165
106322,106328,107481,6,1153,2,36000,1.00520381613
106323,106334,107504,11,1170,2,36000,1.0094017094
106345,106351,107443,6,1092,2,36000,1.00549450549
106347,106357,107319,10,962,2,36000,1.0103950104
106348,106362,107459,14,1097,2,36000,1.0127620784
106367,106373,107519,6,1146,2,36000,1.00523560209
106368,106379,107371,11,992,2,36000,1.01108870968
106383,106390,106439,7,49,1,1800,1.14285714286
106386,106396,107380,10,984,2,36000,1.01016260163
106388,106401,107430,13,1029,2,36000,1.01263362488
106406,106412,107454,6,1042,2,36000,1.00575815739
106407,106418,107440,11,1022,2,36000,1.01076320939
106425,106431,107622,6,1191,2,36000,1.00503778338
106426,106437,107437,11,1000,2,36000,1.011
106468,106474,107688,6,1214,2,36000,1.00494233937
106469,106480,107644,11,1164,2,36000,1.00945017182
106493,106499,107536,6,1037,2,36000,1.00578592093
106494,106505,107569,11,1064,2,36000,1.01033834586
106514,106520,107526,6,1006,2,36000,1.00596421471
106515,106526,107603,11,1077,2,36000,1.01021355617
106517,106531,107695,14,1164,2,36000,1.01202749141
106518,106537,107678,19,1141,2,36000,1.0166520596
106519,106542,107435,23,893,2,36000,1.02575587906
106521,106547,107548,26,1001,2,36000,1.02597402597
106555,106562,107609,7,1047,2,36000,1.00668576886
106557,106568,107640,11,1072,2,36000,1.01026119403
106569,106575,106691,6,116,1,1800,1.05172413793
106575,106581,107530,6,949,2,36000,1.00632244468
106593,106599,107749,6,1150,2,36000,1.0052173913
106594,106605,107593,11,988,2,36000,1.01113360324
106596,106610,107760,14,1150,2,36000,1.01217391304
106615,106621,107691,6,1070,2,36000,1.00560747664
106616,106627,107634,11,1007,2,36000,1.01092353525
106618,106632,107587,14,955,2,36000,1.01465968586
106619,106637,107594,18,957,2,36000,1.01880877743
106620,106643,107786,23,1143,2,36000,1.02012248469
106622,106648,107736,26,1088,2,36000,1.02389705882
106641,106655,107928,14,1273,2,36000,1.01099764336
106642,106660,107699,18,1039,2,36000,1.01732435034
106644,106665,107734,21,1069,2,36000,1.0196445276
106645,106670,107741,25,1071,2,36000,1.0233426704
106673,106679,107802,6,1123,2,36000,1.0053428317
106696,106703,107821,7,1118,2,36000,1.00626118068
106716,106722,107865,6,1143,2,36000,1.00524934383
106717,106728,107796,11,1068,2,36000,1.01029962547
106718,106733,107850,15,1117,2,36000,1.01342882722
106720,106739,107830,19,1091,2,36000,1.0174152154
106721,106744,107800,23,1056,2,36000,1.02178030303
106739,106750,107903,11,1153,2,36000,1.00954032958
106740,106755,107771,15,1016,2,36000,1.01476377953
106741,106760,107811,19,1051,2,36000,1.01807802093
106750,106766,106846,16,80,1,1800,1.2
106761,106772,107780,11,1008,2,36000,1.01091269841
106762,106777,107816,15,1039,2,36000,1.01443695861
106764,106783,107724,19,941,2,36000,1.02019128587
106765,106788,107645,23,857,2,36000,1.0268378063
106766,106793,107880,27,1087,2,36000,1.02483900644
106767,106799,107842,32,1043,2,36000,1.03068072867
106769,106804,107819,35,1015,2,36000,1.03448275862
106790,106810,107738,20,928,2,36000,1.02155172414
106791,106815,107936,24,1121,2,36000,1.02140945584
106809,106821,107776,12,955,2,36000,1.01256544503
106827,106833,107891,6,1058,2,36000,1.0056710775
106829,106839,108005,10,1166,2,36000,1.00857632933
106830,106844,107897,14,1053,2,36000,1.01329534663
106831,106850,107908,19,1058,2,36000,1.0179584121
106850,106856,108154,6,1298,2,36000,1.00462249615
106851,106863,107840,12,977,2,36000,1.01228249744
106852,106868,107895,16,1027,2,36000,1.01557935735
106877,106883,107991,6,1108,2,36000,1.00541516245
106898,106904,107928,6,1024,2,36000,1.005859375
106900,106910,107962,10,1052,2,36000,1.00950570342
106918,106924,108039,6,1115,2,36000,1.00538116592
106936,106942,108008,6,1066,2,36000,1.00562851782
106937,106948,108050,11,1102,2,36000,1.00998185118
106938,106953,107988,15,1035,2,36000,1.01449275362
106956,106963,107999,7,1036,2,36000,1.00675675676
106974,106981,108058,7,1077,2,36000,1.00649953575
106976,106987,107973,11,986,2,36000,1.01115618661
106977,106993,107961,16,968,2,36000,1.01652892562
106997,107003,107927,6,924,2,36000,1.00649350649
106998,107009,107996,11,987,2,36000,1.01114488349
107009,107015,107127,6,112,1,1800,1.05357142857
107016,107022,108155,6,1133,2,36000,1.0052956752
107018,107028,108022,10,994,2,36000,1.01006036217
107019,107033,108167,14,1134,2,36000,1.01234567901
107040,107046,107927,6,881,2,36000,1.00681044268
107041,107052,108240,11,1188,2,36000,1.00925925926
107042,107057,108194,15,1137,2,36000,1.01319261214
107061,107067,108235,6,1168,2,36000,1.0051369863
107080,107086,108102,6,1016,2,36000,1.00590551181
107081,107092,108019,11,927,2,36000,1.01186623517
107083,107097,108025,14,928,2,36000,1.0150862069
107084,107102,108341,18,1239,2,36000,1.01452784504
107130,107137,108272,7,1135,2,36000,1.00616740088
107131,107143,108153,12,1010,2,36000,1.01188118812
107149,107155,108417,6,1262,2,36000,1.00475435816
107166,107173,108283,7,1110,2,36000,1.00630630631
107170,107179,108291,9,1112,2,36000,1.00809352518
107190,107196,108288,6,1092,2,36000,1.00549450549
107192,107202,108271,10,1069,2,36000,1.00935453695
107193,107207,108301,14,1094,2,36000,1.01279707495
107194,107213,108151,19,938,2,36000,1.02025586354
107212,107219,108286,7,1067,2,36000,1.00656044986
107214,107224,108189,10,965,2,36000,1.0103626943
107215,107231,108231,16,1000,2,36000,1.016
107243,107249,108138,6,889,2,36000,1.00674915636
107262,107268,108346,6,1078,2,36000,1.00556586271
107263,107274,108207,11,933,2,36000,1.01178992497
107264,107279,108378,15,1099,2,36000,1.01364877161
107265,107285,108420,20,1135,2,36000,1.01762114537
107267,107290,108227,23,937,2,36000,1.02454642476
107295,107301,108296,6,995,2,36000,1.00603015075
107296,107307,108412,11,1105,2,36000,1.00995475113
107324,107330,108334,6,1004,2,36000,1.00597609562
107344,107350,108291,6,941,2,36000,1.00637619554
107346,107356,108420,10,1064,2,36000,1.00939849624
107347,107361,108464,14,1103,2,36000,1.01269265639
107348,107367,108625,19,1258,2,36000,1.01510333863
107350,107372,108471,22,1099,2,36000,1.02001819836
107351,107378,108421,27,1043,2,36000,1.02588686481
107352,107383,108427,31,1044,2,36000,1.02969348659
107372,107388,108536,16,1148,2,36000,1.01393728223
107374,107395,108473,21,1078,2,36000,1.01948051948
107375,107400,108525,25,1125,2,36000,1.02222222222
107376,107406,108493,30,1087,2,36000,1.02759889604
107378,107411,108582,33,1171,2,36000,1.02818104184
107396,107417,108475,21,1058,2,36000,1.01984877127
107397,107422,108583,25,1161,2,36000,1.02153316107
107415,107428,108653,13,1225,2,36000,1.0106122449
107417,107433,108509,16,1076,2,36000,1.01486988848
107418,107439,108538,21,1099,2,36000,1.01910828025
107436,107445,108565,9,1120,2,36000,1.00803571429
107437,107450,108468,13,1018,2,36000,1.01277013752
107457,107463,108611,6,1148,2,36000,1.00522648084
107458,107469,108483,11,1014,2,36000,1.01084812623
107460,107474,108445,14,971,2,36000,1.01441812564
107461,107480,108615,19,1135,2,36000,1.01674008811
107478,107486,108646,8,1160,2,36000,1.00689655172
107496,107502,108470,6,968,2,36000,1.00619834711
107514,107520,108558,6,1038,2,36000,1.00578034682
107533,107540,108719,7,1179,2,36000,1.00593723494
107535,107546,108638,11,1092,2,36000,1.01007326007
107536,107551,108780,15,1229,2,36000,1.01220504475
107554,107560,108682,6,1122,2,36000,1.00534759358
107555,107566,108600,11,1034,2,36000,1.01063829787
107573,107580,108759,7,1179,2,36000,1.00593723494
107592,107598,108551,6,953,2,36000,1.00629590766
107610,107616,108725,6,1109,2,36000,1.00541027953
107611,107622,108747,11,1125,2,36000,1.00977777778
107613,107627,108623,14,996,2,36000,1.0140562249
107614,107632,108663,18,1031,2,36000,1.01745877789
107632,107639,108722,7,1083,2,36000,1.00646352724
107651,107657,108742,6,1085,2,36000,1.00552995392
107652,107663,108885,11,1222,2,36000,1.00900163666
107654,107668,108673,14,1005,2,36000,1.01393034826
107655,107673,108804,18,1131,2,36000,1.01591511936
107681,107688,108710,7,1022,2,36000,1.00684931507
107700,107706,108693,6,987,2,36000,1.00607902736
107702,107712,108812,10,1100,2,36000,1.00909090909
107703,107717,108795,14,1078,2,36000,1.01298701299
107704,107722,108833,18,1111,2,36000,1.01620162016
107705,107728,108006,23,278,1,1800,1.08273381295
107729,107735,109016,6,1281,2,36000,1.00468384075
107749,107756,108837,7,1081,2,36000,1.00647548566
107751,107762,108786,11,1024,2,36000,1.0107421875
107752,107767,108869,15,1102,2,36000,1.01361161525
107753,107772,108900,19,1128,2,36000,1.01684397163
107755,107778,108767,23,989,2,36000,1.02325581395
107773,107784,108908,11,1124,2,36000,1.00978647687
107774,107790,108812,16,1022,2,36000,1.0156555773
107792,107798,108296,6,498,1,1800,1.01204819277
107794,107804,108880,10,1076,2,36000,1.0092936803
107795,107809,108950,14,1141,2,36000,1.01226993865
107796,107814,108991,18,1177,2,36000,1.0152931181
107816,107822,109158,6,1336,2,36000,1.00449101796
107817,107828,108890,11,1062,2,36000,1.01035781544
107818,107833,108893,15,1060,2,36000,1.0141509434
107820,107839,108886,19,1047,2,36000,1.01814708691
107821,107844,108945,23,1101,2,36000,1.02089009991
107840,107850,108753,10,903,2,36000,1.01107419712
107841,107855,109001,14,1146,2,36000,1.01221640489
107843,107860,109088,17,1228,2,36000,1.01384364821
107844,107865,108913,21,1048,2,36000,1.02003816794
107862,107871,109049,9,1178,2,36000,1.00764006791
107864,107877,108977,13,1100,2,36000,1.01181818182
107881,107887,108929,6,1042,2,36000,1.00575815739
107883,107893,109110,10,1217,2,36000,1.00821692687
107902,107908,108956,6,1048,2,36000,1.00572519084
107903,107914,109034,11,1120,2,36000,1.00982142857
107904,107919,109006,15,1087,2,36000,1.01379944802
107923,107929,109160,6,1231,2,36000,1.00487408611
107924,107935,108891,11,956,2,36000,1.01150627615
107943,107950,108955,7,1005,2,36000,1.00696517413
107945,107956,109119,11,1163,2,36000,1.00945829751
107946,107961,108999,15,1038,2,36000,1.01445086705
107947,107967,109050,20,1083,2,36000,1.01846722068
107949,107972,108982,23,1010,2,36000,1.02277227723
107969,107978,109079,9,1101,2,36000,1.00817438692
107971,107983,108970,12,987,2,36000,1.01215805471
107988,107994,109171,6,1177,2,36000,1.00509770603
107990,108000,109239,10,1239,2,36000,1.00807102502
108009,108016,109043,7,1027,2,36000,1.00681596884
108010,108022,109116,12,1094,2,36000,1.01096892139
108012,108027,108958,15,931,2,36000,1.01611170784
108013,108033,109127,20,1094,2,36000,1.01828153565
108014,108038,109143,24,1105,2,36000,1.02171945701
108034,108044,109142,10,1098,2,36000,1.00910746812
108035,108049,109071,14,1022,2,36000,1.01369863014
108037,108055,109234,18,1179,2,36000,1.01526717557
108055,108060,109095,5,1035,2,36000,1.00483091787
108056,108066,108918,10,852,2,36000,1.0117370892
108073,108080,109158,7,1078,2,36000,1.00649350649
108104,108111,109123,7,1012,2,36000,1.00691699605
108141,108148,109415,7,1267,2,36000,1.00552486188
108161,108167,109207,6,1040,2,36000,1.00576923077
108163,108173,109316,10,1143,2,36000,1.00874890639
108164,108178,109257,14,1079,2,36000,1.01297497683
108165,108184,109273,19,1089,2,36000,1.01744719927
108184,108189,109213,5,1024,2,36000,1.0048828125
108202,108208,109410,6,1202,2,36000,1.00499168053
108203,108214,109173,11,959,2,36000,1.01147028154
108221,108227,109140,6,913,2,36000,1.00657174151
108239,108245,109436,6,1191,2,36000,1.00503778338
108241,108251,109509,10,1258,2,36000,1.0079491256
108242,108256,109350,14,1094,2,36000,1.01279707495
108260,108266,109357,6,1091,2,36000,1.0054995417
108278,108283,109344,5,1061,2,36000,1.00471253534
108279,108289,109356,10,1067,2,36000,1.00937207123
108298,108304,109357,6,1053,2,36000,1.0056980057
108300,108310,109365,10,1055,2,36000,1.00947867299
108301,108315,109379,14,1064,2,36000,1.01315789474
108302,108320,109418,18,1098,2,36000,1.01639344262
108303,108326,109492,23,1166,2,36000,1.01972555746
108305,108332,109517,27,1185,2,36000,1.02278481013
108323,108337,109424,14,1087,2,36000,1.01287948482
108341,108347,110028,6,1681,2,36000,1.00356930399
108343,108353,109499,10,1146,2,36000,1.00872600349
108361,108367,109380,6,1013,2,36000,1.00592300099
108381,108388,109573,7,1185,2,36000,1.005907173
108415,108421,109534,6,1113,2,36000,1.00539083558
108434,108440,109474,6,1034,2,36000,1.00580270793
108435,108446,109605,11,1159,2,36000,1.00949094047
108436,108451,109545,15,1094,2,36000,1.01371115174
108438,108456,109426,18,970,2,36000,1.01855670103
108439,108462,109755,23,1293,2,36000,1.01778808971
108457,108468,109568,11,1100,2,36000,1.01
108477,108483,109608,6,1125,2,36000,1.00533333333
108478,108489,109521,11,1032,2,36000,1.01065891473
108479,108494,109546,15,1052,2,36000,1.01425855513
108481,108499,109637,18,1138,2,36000,1.0158172232
108482,108505,109609,23,1104,2,36000,1.02083333333
108483,108510,109656,27,1146,2,36000,1.02356020942
108503,108516,109683,13,1167,2,36000,1.01113967438
108505,108522,109648,17,1126,2,36000,1.01509769094
108522,108528,109582,6,1054,2,36000,1.00569259962
108540,108546,109620,6,1074,2,36000,1.00558659218
108542,108552,109772,10,1220,2,36000,1.00819672131
108543,108558,109572,15,1014,2,36000,1.01479289941
108562,108568,109569,6,1001,2,36000,1.00599400599
108563,108574,109657,11,1083,2,36000,1.01015697138
108581,108587,109652,6,1065,2,36000,1.00563380282
108599,108605,109736,6,1131,2,36000,1.00530503979
108600,108611,109711,11,1100,2,36000,1.01
108619,108625,109694,6,1069,2,36000,1.00561272217
108620,108631,109886,11,1255,2,36000,1.00876494024
108622,108636,109683,14,1047,2,36000,1.01337153773
108640,108647,109855,7,1208,2,36000,1.00579470199
108642,108653,109664,11,1011,2,36000,1.01088031652
108643,108658,109737,15,1079,2,36000,1.01390176089
108662,108668,109591,6,923,2,36000,1.00650054171
108663,108674,109839,11,1165,2,36000,1.00944206009
108680,108687,109767,7,1080,2,36000,1.00648148148
108682,108693,109910,11,1217,2,36000,1.00903861956
108699,108705,109775,6,1070,2,36000,1.00560747664
108701,108711,109834,10,1123,2,36000,1.0089047195
108718,108724,109762,6,1038,2,36000,1.00578034682
108737,108743,109894,6,1151,2,36000,1.00521285838
108739,108749,109768,10,1019,2,36000,1.00981354269
108740,108754,109871,14,1117,2,36000,1.01253357207
108758,108764,109843,6,1079,2,36000,1.00556070436
108759,108770,109816,11,1046,2,36000,1.01051625239
108761,108775,109807,14,1032,2,36000,1.01356589147
108762,108781,109816,19,1035,2,36000,1.01835748792
108780,108787,110013,7,1226,2,36000,1.0057096248
108781,108792,109746,11,954,2,36000,1.01153039832
108800,108806,109834,6,1028,2,36000,1.00583657588
108801,108812,109920,11,1108,2,36000,1.00992779783
108820,108826,110023,6,1197,2,36000,1.00501253133
108821,108832,109985,11,1153,2,36000,1.00954032958
108822,108837,109881,15,1044,2,36000,1.01436781609
108840,108847,109913,7,1066,2,36000,1.00656660413
108842,108853,109949,11,1096,2,36000,1.01003649635
108872,108878,110052,6,1174,2,36000,1.00511073254
108891,108897,109938,6,1041,2,36000,1.00576368876
108892,108903,109889,11,986,2,36000,1.01115618661
108894,108908,109925,14,1017,2,36000,1.01376597837
108895,108914,109969,19,1055,2,36000,1.01800947867
108896,108919,110052,23,1133,2,36000,1.02030008826
108915,108925,110071,10,1146,2,36000,1.00872600349
108917,108930,110069,13,1139,2,36000,1.01141352063
108918,108935,109977,17,1042,2,36000,1.01631477927
108919,108941,109971,22,1030,2,36000,1.0213592233
108937,108947,110265,10,1318,2,36000,1.00758725341
108939,108952,110017,13,1065,2,36000,1.01220657277
108956,108963,110023,7,1060,2,36000,1.00660377358
108958,108969,110069,11,1100,2,36000,1.01
108959,108975,110018,16,1043,2,36000,1.01534036433
108960,108980,110057,20,1077,2,36000,1.01857010214
108980,108986,110051,6,1065,2,36000,1.00563380282
108981,108992,109972,11,980,2,36000,1.0112244898
108983,108997,110093,14,1096,2,36000,1.01277372263
109002,109008,110155,6,1147,2,36000,1.00523103749
109003,109014,110000,11,986,2,36000,1.01115618661
109004,109019,110017,15,998,2,36000,1.01503006012
109006,109025,110197,19,1172,2,36000,1.0162116041
109024,109031,110275,7,1244,2,36000,1.00562700965
109025,109036,110096,11,1060,2,36000,1.01037735849
109043,109049,110075,6,1026,2,36000,1.00584795322
109045,109055,110069,10,1014,2,36000,1.00986193294
109063,109069,110193,6,1124,2,36000,1.00533807829
109064,109075,110155,11,1080,2,36000,1.01018518519
109082,109088,110059,6,971,2,36000,1.0061791967
109084,109094,110204,10,1110,2,36000,1.00900900901
109102,109108,110211,6,1103,2,36000,1.00543970988
109103,109114,110285,11,1171,2,36000,1.00939368061
109122,109128,110278,6,1150,2,36000,1.0052173913
109123,109134,110127,11,993,2,36000,1.0110775428
109124,109139,110190,15,1051,2,36000,1.01427212179
109143,109149,110394,6,1245,2,36000,1.00481927711
109145,109155,110064,10,909,2,36000,1.01100110011
109146,109160,110200,14,1040,2,36000,1.01346153846
109147,109166,110211,19,1045,2,36000,1.01818181818
109148,109171,110401,23,1230,2,36000,1.01869918699
109169,109177,110164,8,987,2,36000,1.00810536981
109171,109183,110276,12,1093,2,36000,1.010978957
109172,109189,110208,17,1019,2,36000,1.01668302257
109190,109196,110210,6,1014,2,36000,1.00591715976
109191,109202,110342,11,1140,2,36000,1.00964912281
109212,109218,110357,6,1139,2,36000,1.00526777875
109231,109237,110296,6,1059,2,36000,1.00566572238
109249,109255,110391,6,1136,2,36000,1.00528169014
109250,109261,110411,11,1150,2,36000,1.00956521739
109268,109274,110386,6,1112,2,36000,1.00539568345
109286,109292,110321,6,1029,2,36000,1.00583090379
109320,109326,110314,6,988,2,36000,1.00607287449
109347,109353,110477,6,1124,2,36000,1.00533807829
109365,109371,110443,6,1072,2,36000,1.00559701493
109366,109377,110488,11,1111,2,36000,1.0099009901
109367,109382,110342,15,960,2,36000,1.015625
109369,109387,110487,18,1100,2,36000,1.01636363636
109370,109393,110505,23,1112,2,36000,1.02068345324
109388,109399,110488,11,1089,2,36000,1.0101010101
109389,109404,110490,15,1086,2,36000,1.0138121547
109413,109419,110497,6,1078,2,36000,1.00556586271
109432,109437,110459,5,1022,2,36000,1.00489236791
109433,109443,110386,10,943,2,36000,1.01060445387
109434,109448,110616,14,1168,2,36000,1.01198630137
109435,109454,111108,19,1654,2,36000,1.01148730351
109453,109460,110573,7,1113,2,36000,1.00628930818
109477,109483,110567,6,1084,2,36000,1.00553505535
109495,109501,110566,6,1065,2,36000,1.00563380282
109513,109519,110641,6,1122,2,36000,1.00534759358
109514,109525,110582,11,1057,2,36000,1.01040681173
109532,109538,110586,6,1048,2,36000,1.00572519084
109534,109544,110637,10,1093,2,36000,1.00914913083
109552,109559,110566,7,1007,2,36000,1.00695134062
109554,109565,110762,11,1197,2,36000,1.00918964077
109555,109570,110581,15,1011,2,36000,1.01483679525
109574,109579,110612,5,1033,2,36000,1.00484027106
109575,109585,110658,10,1073,2,36000,1.00931966449
109576,109590,110688,14,1098,2,36000,1.01275045537
109577,109596,110527,19,931,2,36000,1.02040816327
109595,109602,110630,7,1028,2,36000,1.00680933852
109596,109607,110699,11,1092,2,36000,1.01007326007
109615,109621,110728,6,1107,2,36000,1.0054200542
109617,109627,110587,10,960,2,36000,1.01041666667
109618,109632,110656,14,1024,2,36000,1.013671875
109636,109642,110791,6,1149,2,36000,1.00522193211
109655,109661,110793,6,1132,2,36000,1.00530035336
109656,109667,110776,11,1109,2,36000,1.00991884581
109657,109672,110849,15,1177,2,36000,1.01274426508
109676,109682,110748,6,1066,2,36000,1.00562851782
109677,109688,110881,11,1193,2,36000,1.00922045264
109679,109694,110764,15,1070,2,36000,1.01401869159
109697,109703,110756,6,1053,2,36000,1.0056980057
109698,109709,110635,11,926,2,36000,1.01187904968
109700,109714,110938,14,1224,2,36000,1.0114379085
109718,109724,110792,6,1068,2,36000,1.00561797753
109740,109746,110809,6,1063,2,36000,1.00564440263
109741,109752,110916,11,1164,2,36000,1.00945017182
109759,109765,110932,6,1167,2,36000,1.00514138817
109761,109771,110874,10,1103,2,36000,1.00906618314
109780,109786,110889,6,1103,2,36000,1.00543970988
109782,109792,110786,10,994,2,36000,1.01006036217
109783,109797,110835,14,1038,2,36000,1.01348747592
109784,109802,110993,18,1191,2,36000,1.01511335013
109786,109808,110914,22,1106,2,36000,1.0198915009
109810,109816,110879,6,1063,2,36000,1.00564440263
109828,109834,110780,6,946,2,36000,1.00634249471
109830,109840,110857,10,1017,2,36000,1.00983284169
109848,109854,110805,6,951,2,36000,1.00630914826
109850,109860,110888,10,1028,2,36000,1.00972762646
109851,109865,110959,14,1094,2,36000,1.01279707495
109852,109871,111230,19,1359,2,36000,1.01398086829
109871,109877,111030,6,1153,2,36000,1.00520381613
109873,109883,110998,10,1115,2,36000,1.00896860987
109891,109897,111030,6,1133,2,36000,1.0052956752
109893,109903,110923,10,1020,2,36000,1.00980392157
109894,109908,110880,14,972,2,36000,1.01440329218
109913,109919,111113,6,1194,2,36000,1.00502512563
109914,109925,110957,11,1032,2,36000,1.01065891473
109915,109930,111012,15,1082,2,36000,1.01386321627
109934,109940,110882,6,942,2,36000,1.00636942675
109935,109947,110965,12,1018,2,36000,1.01178781925
109954,109960,111051,6,1091,2,36000,1.0054995417
109955,109966,111133,11,1167,2,36000,1.00942587832
109975,109980,111072,5,1092,2,36000,1.00457875458
109976,109986,110938,10,952,2,36000,1.01050420168
109977,109991,111204,14,1213,2,36000,1.01154163232
109996,110002,111130,6,1128,2,36000,1.00531914894
109997,110008,111092,11,1084,2,36000,1.01014760148
110017,110023,111173,6,1150,2,36000,1.0052173913
110018,110029,110947,11,918,2,36000,1.01198257081
110020,110034,111113,14,1079,2,36000,1.01297497683
110021,110040,111025,19,985,2,36000,1.0192893401
110040,110046,111065,6,1019,2,36000,1.00588812561
110041,110052,111123,11,1071,2,36000,1.01027077498
110043,110057,111119,14,1062,2,36000,1.0131826742
110044,110062,111191,18,1129,2,36000,1.01594331267
110064,110070,110944,6,874,2,36000,1.00686498856
110066,110076,111199,10,1123,2,36000,1.0089047195
110067,110081,111174,14,1093,2,36000,1.01280878317
110068,110087,111073,19,986,2,36000,1.01926977688
110070,110092,111067,22,975,2,36000,1.02256410256
110071,110098,111293,27,1195,2,36000,1.02259414226
110090,110103,111115,13,1012,2,36000,1.0128458498
110092,110109,111273,17,1164,2,36000,1.014604811
110093,110115,111137,22,1022,2,36000,1.02152641879
110094,110120,111099,26,979,2,36000,1.02655771195
110096,110126,111386,30,1260,2,36000,1.02380952381
110114,110132,111165,18,1033,2,36000,1.0174249758
110115,110137,111147,22,1010,2,36000,1.02178217822
110132,110144,111135,12,991,2,36000,1.01210898083
110161,110167,111371,6,1204,2,36000,1.0049833887
110162,110173,111206,11,1033,2,36000,1.01064859632
110180,110186,111326,6,1140,2,36000,1.00526315789
110198,110204,111442,6,1238,2,36000,1.00484652666
110199,110210,111243,11,1033,2,36000,1.01064859632
110200,110215,111231,15,1016,2,36000,1.01476377953
110221,110228,111189,7,961,2,36000,1.00728407908
110223,110233,111410,10,1177,2,36000,1.00849617672
110224,110239,111372,15,1133,2,36000,1.013239188
110225,110244,111384,19,1140,2,36000,1.01666666667
110227,110250,111411,23,1161,2,36000,1.01981050818
110228,110255,111368,27,1113,2,36000,1.02425876011
110245,110261,110309,16,48,1,1800,1.33333333333
110268,110274,111414,6,1140,2,36000,1.00526315789
110286,110293,111345,7,1052,2,36000,1.0066539924
110288,110298,111351,10,1053,2,36000,1.00949667616
110289,110305,111369,16,1064,2,36000,1.01503759398
110290,110310,111350,20,1040,2,36000,1.01923076923
110308,110316,111506,8,1190,2,36000,1.00672268908
110327,110333,111415,6,1082,2,36000,1.00554528651
110328,110339,111267,11,928,2,36000,1.01185344828
110346,110352,111401,6,1049,2,36000,1.00571973308
110348,110358,111445,10,1087,2,36000,1.00919963201
110365,110371,111526,6,1155,2,36000,1.00519480519
110389,110395,111378,6,983,2,36000,1.00610376399
110391,110401,111547,10,1146,2,36000,1.00872600349
110409,110415,112201,6,1786,2,36000,1.00335946249
110410,110421,111359,11,938,2,36000,1.01172707889
110411,110426,111502,15,1076,2,36000,1.01394052045
110429,110435,111487,6,1052,2,36000,1.00570342205
110447,110453,111573,6,1120,2,36000,1.00535714286
110465,110470,111431,5,961,2,36000,1.00520291363
110482,110488,111555,6,1067,2,36000,1.00562324274
110503,110509,111636,6,1127,2,36000,1.00532386868
110504,110515,111614,11,1099,2,36000,1.01000909918
110506,110520,111541,14,1021,2,36000,1.01371204701
110507,110525,111529,18,1004,2,36000,1.01792828685
110508,110531,111616,23,1085,2,36000,1.02119815668
110526,110537,111536,11,999,2,36000,1.01101101101
110544,110550,111539,6,989,2,36000,1.00606673407
110574,110580,111611,6,1031,2,36000,1.00581959263
110575,110586,111653,11,1067,2,36000,1.01030927835
110576,110591,111747,15,1156,2,36000,1.01297577855
110578,110596,111555,18,959,2,36000,1.01876955162
110596,110602,111649,6,1047,2,36000,1.00573065903
110598,110609,111661,11,1052,2,36000,1.01045627376
110599,110614,111600,15,986,2,36000,1.01521298174
110600,110619,111671,19,1052,2,36000,1.0180608365
110618,110625,111899,7,1274,2,36000,1.00549450549
110619,110630,111678,11,1048,2,36000,1.01049618321
110638,110644,111841,6,1197,2,36000,1.00501253133
110639,110650,111778,11,1128,2,36000,1.00975177305
110641,110655,111642,14,987,2,36000,1.01418439716
110644,110660,110731,16,71,1,1800,1.22535211268
110659,110666,111651,7,985,2,36000,1.00710659898
110661,110672,111680,11,1008,2,36000,1.01091269841
110662,110678,111722,16,1044,2,36000,1.0153256705
110693,110699,111729,6,1030,2,36000,1.00582524272
110712,110718,111871,6,1153,2,36000,1.00520381613
110732,110738,111792,6,1054,2,36000,1.00569259962
110750,110757,111823,7,1066,2,36000,1.00656660413
110770,110775,111819,5,1044,2,36000,1.00478927203
110771,110781,111814,10,1033,2,36000,1.00968054211
110772,110786,111971,14,1185,2,36000,1.01181434599
110791,110797,111863,6,1066,2,36000,1.00562851782
110792,110803,111869,11,1066,2,36000,1.01031894934
110794,110808,111927,14,1119,2,36000,1.01251117069
110795,110813,111964,18,1151,2,36000,1.01563857515
110796,110819,111865,23,1046,2,36000,1.02198852772
110815,110825,111861,10,1036,2,36000,1.00965250965
110816,110830,111926,14,1096,2,36000,1.01277372263
110817,110836,111916,19,1080,2,36000,1.01759259259
110838,110844,111922,6,1078,2,36000,1.00556586271
110856,110862,111932,6,1070,2,36000,1.00560747664
110873,110879,111833,6,954,2,36000,1.00628930818
110893,110899,111894,6,995,2,36000,1.00603015075
110894,110905,111816,11,911,2,36000,1.01207464325
110895,110910,111894,15,984,2,36000,1.01524390244
110897,110915,112014,18,1099,2,36000,1.01637852593
110898,110921,111949,23,1028,2,36000,1.02237354086
110899,110926,111884,27,958,2,36000,1.02818371608
110901,110932,111908,31,976,2,36000,1.03176229508
110919,110937,112063,18,1126,2,36000,1.01598579041
110920,110943,111968,23,1025,2,36000,1.02243902439
110939,110948,112266,9,1318,2,36000,1.00682852807
110941,110954,111962,13,1008,2,36000,1.0128968254
110942,110959,111909,17,950,2,36000,1.01789473684
110943,110965,111949,22,984,2,36000,1.02235772358
110963,110971,111880,8,909,2,36000,1.00880088009
110964,110976,112079,12,1103,2,36000,1.01087941976
110965,110981,112132,16,1151,2,36000,1.01390095569
110967,110988,112144,21,1156,2,36000,1.01816608997
110985,110994,112179,9,1185,2,36000,1.00759493671
111003,111009,112041,6,1032,2,36000,1.00581395349
111004,111015,112110,11,1095,2,36000,1.0100456621
111022,111028,112182,6,1154,2,36000,1.00519930676
111040,111047,112235,7,1188,2,36000,1.00589225589
111042,111053,112157,11,1104,2,36000,1.00996376812
111043,111058,112224,15,1166,2,36000,1.012864494
111061,111067,112104,6,1037,2,36000,1.00578592093
111079,111086,112144,7,1058,2,36000,1.00661625709
111081,111092,112192,11,1100,2,36000,1.01
111082,111097,112302,15,1205,2,36000,1.01244813278
111083,111103,112084,20,981,2,36000,1.02038735984
111101,111109,112129,8,1020,2,36000,1.00784313725
111102,111114,112332,12,1218,2,36000,1.00985221675
111124,111130,112048,6,918,2,36000,1.00653594771
111125,111136,112167,11,1031,2,36000,1.01066925315
111127,111141,112282,14,1141,2,36000,1.01226993865
111128,111146,112226,18,1080,2,36000,1.01666666667
111129,111152,112267,23,1115,2,36000,1.02062780269
111130,111157,112093,27,936,2,36000,1.02884615385
111150,111164,112276,14,1112,2,36000,1.01258992806
111152,111169,112221,17,1052,2,36000,1.01615969582
111153,111174,112377,21,1203,2,36000,1.0174563591
111154,111179,112384,25,1205,2,36000,1.02074688797
111155,111184,112125,29,941,2,36000,1.03081827843
111174,111190,112335,16,1145,2,36000,1.01397379913
111175,111195,112305,20,1110,2,36000,1.01801801802
111177,111201,112184,24,983,2,36000,1.02441505595
111194,111207,112268,13,1061,2,36000,1.01225259189
111196,111212,112245,16,1033,2,36000,1.01548886738
111214,111220,112263,6,1043,2,36000,1.00575263663
111216,111226,112391,10,1165,2,36000,1.00858369099
111217,111231,112147,14,916,2,36000,1.01528384279
111235,111241,112806,6,1565,2,36000,1.00383386581
111237,111247,112171,10,924,2,36000,1.01082251082
111254,111260,112379,6,1119,2,36000,1.00536193029
111272,111278,112300,6,1022,2,36000,1.00587084149
111290,111296,112390,6,1094,2,36000,1.00548446069
111308,111314,112375,6,1061,2,36000,1.00565504241
111329,111335,112328,6,993,2,36000,1.00604229607
111351,111357,112396,6,1039,2,36000,1.00577478345
111352,111363,112486,11,1123,2,36000,1.00979519145
111354,111369,112447,15,1078,2,36000,1.01391465677
111373,111379,112330,6,951,2,36000,1.00630914826
111374,111385,112546,11,1161,2,36000,1.00947459087
111375,111390,112453,15,1063,2,36000,1.01411100659
111377,111396,112263,19,867,2,36000,1.02191464821
111378,111401,112454,23,1053,2,36000,1.02184235518
111398,111407,112534,9,1127,2,36000,1.00798580302
111399,111413,112612,14,1199,2,36000,1.011676397
111401,111418,112599,17,1181,2,36000,1.01439458086
111421,111427,112575,6,1148,2,36000,1.00522648084
111422,111433,112539,11,1106,2,36000,1.00994575045
111423,111438,112395,15,957,2,36000,1.01567398119
111425,111443,112583,18,1140,2,36000,1.01578947368
111426,111449,112532,23,1083,2,36000,1.02123730379
111444,111455,113031,11,1576,2,36000,1.00697969543
111445,111460,112487,15,1027,2,36000,1.01460564752
111463,111469,112418,6,949,2,36000,1.00632244468
111490,111496,112438,6,942,2,36000,1.00636942675
111507,111513,112562,6,1049,2,36000,1.00571973308
111508,111519,112668,11,1149,2,36000,1.00957354221
111530,111537,112478,7,941,2,36000,1.00743889479
111532,111543,112577,11,1034,2,36000,1.01063829787
111553,111558,112600,5,1042,2,36000,1.00479846449
111554,111565,112531,11,966,2,36000,1.01138716356
111555,111570,112769,15,1199,2,36000,1.01251042535
111556,111575,112568,19,993,2,36000,1.01913393756
111575,111581,112638,6,1057,2,36000,1.00567644276
111576,111587,112735,11,1148,2,36000,1.00958188153
111577,111592,112631,15,1039,2,36000,1.01443695861
111603,111609,112569,6,960,2,36000,1.00625
111621,111627,112601,6,974,2,36000,1.00616016427
111622,111633,112709,11,1076,2,36000,1.01022304833
111624,111638,112656,14,1018,2,36000,1.0137524558
111641,111647,112831,6,1184,2,36000,1.00506756757
111659,111664,112865,5,1201,2,36000,1.00416319734
111660,111670,112813,10,1143,2,36000,1.00874890639
111661,111675,112692,14,1017,2,36000,1.01376597837
111663,111681,112673,18,992,2,36000,1.01814516129
111681,111687,112873,6,1186,2,36000,1.00505902192
111682,111693,112703,11,1010,2,36000,1.01089108911
111684,111699,112672,15,973,2,36000,1.01541623844
111685,111704,112698,19,994,2,36000,1.01911468813
111726,111732,112867,6,1135,2,36000,1.00528634361
111744,111750,113300,6,1550,2,36000,1.00387096774
111762,111768,112775,6,1007,2,36000,1.00595829196
111772,111778,112049,6,271,1,1800,1.0221402214
111783,111789,112978,6,1189,2,36000,1.00504625736
111801,111807,112928,6,1121,2,36000,1.00535236396
111818,111824,112869,6,1045,2,36000,1.00574162679
111820,111830,112847,10,1017,2,36000,1.00983284169
111821,111835,112848,14,1013,2,36000,1.01382033564
111839,111845,113089,6,1244,2,36000,1.00482315113
111840,111851,112901,11,1050,2,36000,1.01047619048
111858,111864,112808,6,944,2,36000,1.0063559322
111877,111882,112722,5,840,2,36000,1.00595238095
111878,111888,112971,10,1083,2,36000,1.00923361034
111879,111893,113015,14,1122,2,36000,1.01247771836
111881,111898,112994,17,1096,2,36000,1.01551094891
111882,111904,112994,22,1090,2,36000,1.02018348624
111900,111910,113016,10,1106,2,36000,1.00904159132
111902,111915,112835,13,920,2,36000,1.01413043478
111903,111920,113008,17,1088,2,36000,1.015625
111904,111926,113023,22,1097,2,36000,1.02005469462
111905,111932,112970,27,1038,2,36000,1.02601156069
111924,111938,112897,14,959,2,36000,1.01459854015
111925,111943,113043,18,1100,2,36000,1.01636363636
111927,111948,113099,21,1151,2,36000,1.01824500434
111928,111954,112914,26,960,2,36000,1.02708333333
111947,111960,112911,13,951,2,36000,1.01366982124
111949,111966,112937,17,971,2,36000,1.017507724
111950,111972,113019,22,1047,2,36000,1.02101241643
111951,111977,112987,26,1010,2,36000,1.02574257426
111971,111983,113081,12,1098,2,36000,1.01092896175
111973,111989,112994,16,1005,2,36000,1.01592039801
111974,111994,112999,20,1005,2,36000,1.01990049751
111975,111999,112989,24,990,2,36000,1.02424242424
111977,112004,113077,27,1073,2,36000,1.02516309413
112021,112027,113182,6,1155,2,36000,1.00519480519
112045,112051,113026,6,975,2,36000,1.00615384615
112063,112069,113143,6,1074,2,36000,1.00558659218
112064,112075,113159,11,1084,2,36000,1.01014760148
112081,112088,113191,7,1103,2,36000,1.0063463282
112100,112106,113398,6,1292,2,36000,1.00464396285
112101,112112,113171,11,1059,2,36000,1.0103871577
112120,112126,113175,6,1049,2,36000,1.00571973308
112121,112132,113197,11,1065,2,36000,1.0103286385
112139,112145,113145,6,1000,2,36000,1.006
112141,112151,113205,10,1054,2,36000,1.00948766603
112142,112156,113202,14,1046,2,36000,1.01338432122
112161,112167,113297,6,1130,2,36000,1.00530973451
112162,112173,113259,11,1086,2,36000,1.01012891344
112163,112178,113220,15,1042,2,36000,1.01439539347
112165,112183,113159,18,976,2,36000,1.01844262295
112184,112190,113220,6,1030,2,36000,1.00582524272
112185,112196,113299,11,1103,2,36000,1.00997280145
112186,112201,113219,15,1018,2,36000,1.01473477407
112188,112207,113302,19,1095,2,36000,1.01735159817
112189,112212,113140,23,928,2,36000,1.02478448276
112208,112218,113479,10,1261,2,36000,1.00793021412
112209,112223,113444,14,1221,2,36000,1.01146601147
112228,112234,113137,6,903,2,36000,1.00664451827
112229,112240,113328,11,1088,2,36000,1.01011029412
112230,112245,113209,15,964,2,36000,1.01556016598
112248,112255,113323,7,1068,2,36000,1.00655430712
112250,112261,113339,11,1078,2,36000,1.01020408163
112268,112274,113347,6,1073,2,36000,1.0055917987
112269,112280,113242,11,962,2,36000,1.01143451143
112270,112285,113409,15,1124,2,36000,1.01334519573
112271,112291,113378,20,1087,2,36000,1.01839926403
112273,112296,113442,23,1146,2,36000,1.02006980803
112292,112302,113339,10,1037,2,36000,1.00964320154
112293,112307,113417,14,1110,2,36000,1.01261261261
112311,112317,113538,6,1221,2,36000,1.00491400491
112313,112323,113529,10,1206,2,36000,1.00829187396
112314,112328,113358,14,1030,2,36000,1.01359223301
112332,112338,113485,6,1147,2,36000,1.00523103749
112333,112344,113534,11,1190,2,36000,1.00924369748
112335,112349,113316,14,967,2,36000,1.01447776629
112353,112359,113413,6,1054,2,36000,1.00569259962
112381,112387,113533,6,1146,2,36000,1.00523560209
112383,112393,113475,10,1082,2,36000,1.00924214418
112384,112399,113487,15,1088,2,36000,1.01378676471
112403,112410,113471,7,1061,2,36000,1.00659754948
112405,112416,113411,11,995,2,36000,1.01105527638
112406,112421,113488,15,1067,2,36000,1.01405810684
112407,112426,113606,19,1180,2,36000,1.01610169492
112409,112432,113745,23,1313,2,36000,1.01751713633
112426,112438,113520,12,1082,2,36000,1.01109057301
112443,112449,113892,6,1443,2,36000,1.00415800416
112462,112468,113510,6,1042,2,36000,1.00575815739
112463,112474,113529,11,1055,2,36000,1.01042654028
112464,112479,113535,15,1056,2,36000,1.01420454545
112482,112488,113632,6,1144,2,36000,1.00524475524
112500,112506,113673,6,1167,2,36000,1.00514138817
112501,112512,113601,11,1089,2,36000,1.0101010101
112536,112542,113595,6,1053,2,36000,1.0056980057
112537,112548,113516,11,968,2,36000,1.01136363636
112538,112554,113791,16,1237,2,36000,1.012934519
112556,112562,113592,6,1030,2,36000,1.00582524272
112557,112568,113665,11,1097,2,36000,1.01002734731
112577,112583,113633,6,1050,2,36000,1.00571428571
112578,112589,113722,11,1133,2,36000,1.00970873786
112580,112594,113596,14,1002,2,36000,1.01397205589
112581,112600,113587,19,987,2,36000,1.01925025329
112582,112605,113484,23,879,2,36000,1.02616609784
112602,112611,113700,9,1089,2,36000,1.00826446281
112603,112616,113686,13,1070,2,36000,1.01214953271
112604,112621,113695,17,1074,2,36000,1.01582867784
112606,112628,113813,22,1185,2,36000,1.01856540084
112624,112634,113838,10,1204,2,36000,1.00830564784
112643,112649,113760,6,1111,2,36000,1.00540054005
112644,112655,113740,11,1085,2,36000,1.01013824885
112663,112669,113777,6,1108,2,36000,1.00541516245
112682,112688,113705,6,1017,2,36000,1.00589970501
112683,112694,113742,11,1048,2,36000,1.01049618321
112684,112699,113694,15,995,2,36000,1.01507537688
112703,112709,113557,6,848,2,36000,1.0070754717
112705,112715,113886,10,1171,2,36000,1.00853970965
112706,112720,113910,14,1190,2,36000,1.01176470588
112724,112730,113681,6,951,2,36000,1.00630914826
112725,112737,113980,12,1243,2,36000,1.00965406275
112744,112750,113880,6,1130,2,36000,1.00530973451
112771,112777,113702,6,925,2,36000,1.00648648649
112789,112795,113825,6,1030,2,36000,1.00582524272
112810,112816,113844,6,1028,2,36000,1.00583657588
112811,112822,113900,11,1078,2,36000,1.01020408163
112830,112836,113860,6,1024,2,36000,1.005859375
112848,112854,113922,6,1068,2,36000,1.00561797753
112849,112860,113896,11,1036,2,36000,1.01061776062
112850,112866,113960,16,1094,2,36000,1.01462522852
112868,112875,113896,7,1021,2,36000,1.00685602351
112870,112880,114029,10,1149,2,36000,1.00870322019
112871,112886,114027,15,1141,2,36000,1.01314636284
112872,112892,113969,20,1077,2,36000,1.01857010214
112891,112898,114013,7,1115,2,36000,1.00627802691
112909,112915,113875,6,960,2,36000,1.00625
112911,112921,113964,10,1043,2,36000,1.00958772771
112929,112935,113998,6,1063,2,36000,1.00564440263
112930,112941,113968,11,1027,2,36000,1.01071080818
112932,112946,114068,14,1122,2,36000,1.01247771836
112950,112956,113865,6,909,2,36000,1.00660066007
112976,112981,113963,5,982,2,36000,1.00509164969
112977,112987,113924,10,937,2,36000,1.01067235859
112996,113002,114138,6,1136,2,36000,1.00528169014
112997,113008,114097,11,1089,2,36000,1.0101010101
112999,113014,113982,15,968,2,36000,1.01549586777
113000,113019,114220,19,1201,2,36000,1.01582014988
113001,113024,114114,23,1090,2,36000,1.02110091743
113003,113029,114096,26,1067,2,36000,1.02436738519
113023,113035,114070,12,1035,2,36000,1.0115942029
113025,113041,114153,16,1112,2,36000,1.01438848921
113026,113046,114112,20,1066,2,36000,1.01876172608
113027,113051,114000,24,949,2,36000,1.02528977871
113029,113056,114133,27,1077,2,36000,1.02506963788
113030,113062,114196,32,1134,2,36000,1.02821869489
113049,113068,114175,19,1107,2,36000,1.01716350497
113050,113073,114151,23,1078,2,36000,1.02133580705
113051,113078,114145,27,1067,2,36000,1.02530459231
113082,113088,114218,6,1130,2,36000,1.00530973451
113084,113094,114134,10,1040,2,36000,1.00961538462
113102,113108,114136,6,1028,2,36000,1.00583657588
113103,113114,114228,11,1114,2,36000,1.00987432675
113141,113147,114150,6,1003,2,36000,1.00598205384
113143,113153,114131,10,978,2,36000,1.01022494888
113161,113167,114214,6,1047,2,36000,1.00573065903
113162,113173,114290,11,1117,2,36000,1.00984780662
113163,113178,114312,15,1134,2,36000,1.01322751323
113165,113184,114154,19,970,2,36000,1.01958762887
113183,113190,114291,7,1101,2,36000,1.00635785649
113185,113195,114354,10,1159,2,36000,1.0086281277
113186,113201,114347,15,1146,2,36000,1.01308900524
113205,113211,114287,6,1076,2,36000,1.00557620818
113206,113217,114183,11,966,2,36000,1.01138716356
113207,113222,114368,15,1146,2,36000,1.01308900524
113209,113227,114356,18,1129,2,36000,1.01594331267
113229,113234,114451,5,1217,2,36000,1.00410846343
113230,113240,114330,10,1090,2,36000,1.00917431193
113231,113245,114260,14,1015,2,36000,1.01379310345
113233,113250,114323,17,1073,2,36000,1.01584342964
113250,113257,114285,7,1028,2,36000,1.00680933852
113268,113274,114425,6,1151,2,36000,1.00521285838
113300,113306,114450,6,1144,2,36000,1.00524475524
113301,113312,114638,11,1326,2,36000,1.00829562594
113302,113318,114395,16,1077,2,36000,1.01485608171
113322,113327,114348,5,1021,2,36000,1.00489715965
113323,113334,114366,11,1032,2,36000,1.01065891473
113341,113347,114395,6,1048,2,36000,1.00572519084
113342,113353,114437,11,1084,2,36000,1.01014760148
113344,113358,114365,14,1007,2,36000,1.01390268123
113345,113364,114478,19,1114,2,36000,1.0170556553
113364,113369,114380,5,1011,2,36000,1.00494559842
113365,113375,114358,10,983,2,36000,1.01017293998
113383,113389,114559,6,1170,2,36000,1.00512820513
113401,113407,114698,6,1291,2,36000,1.00464756003
113421,113427,114417,6,990,2,36000,1.00606060606
113422,113433,114501,11,1068,2,36000,1.01029962547
113423,113438,114430,15,992,2,36000,1.01512096774
113425,113444,114566,19,1122,2,36000,1.01693404635
113446,113452,114499,6,1047,2,36000,1.00573065903
113447,113458,114485,11,1027,2,36000,1.01071080818
113475,113481,114588,6,1107,2,36000,1.0054200542
113476,113487,114465,11,978,2,36000,1.01124744376
113497,113503,114551,6,1048,2,36000,1.00572519084
113498,113509,114539,11,1030,2,36000,1.01067961165
113500,113514,115183,14,1669,2,36000,1.00838825644
113501,113520,114611,19,1091,2,36000,1.0174152154
113502,113525,114553,23,1028,2,36000,1.02237354086
113521,113531,114539,10,1008,2,36000,1.00992063492
113522,113536,114708,14,1172,2,36000,1.01194539249
113524,113542,114654,18,1112,2,36000,1.01618705036
113544,113550,114883,6,1333,2,36000,1.00450112528
113546,113556,114491,10,935,2,36000,1.01069518717
113547,113561,114727,14,1166,2,36000,1.01200686106
113548,113567,114586,19,1019,2,36000,1.01864573111
113549,113572,114832,23,1260,2,36000,1.01825396825
113551,113578,114653,27,1075,2,36000,1.02511627907
113568,113584,114573,16,989,2,36000,1.01617795753
113593,113598,114700,5,1102,2,36000,1.00453720508
113594,113605,114675,11,1070,2,36000,1.01028037383
113613,113619,114719,6,1100,2,36000,1.00545454545
113615,113625,114719,10,1094,2,36000,1.00914076782
113616,113630,114660,14,1030,2,36000,1.01359223301
113617,113636,114660,19,1024,2,36000,1.0185546875
113635,113642,114713,7,1071,2,36000,1.00653594771
113637,113647,114725,10,1078,2,36000,1.00927643785
113671,113677,114736,6,1059,2,36000,1.00566572238
113690,113696,114713,6,1017,2,36000,1.00589970501
113691,113702,114941,11,1239,2,36000,1.00887812752
113693,113707,114959,14,1252,2,36000,1.01118210863
113714,113720,114988,6,1268,2,36000,1.0047318612
113715,113726,114759,11,1033,2,36000,1.01064859632
113717,113731,114881,14,1150,2,36000,1.01217391304
113718,113737,114886,19,1149,2,36000,1.01653611836
113719,113742,114880,23,1138,2,36000,1.02021089631
113738,113748,114752,10,1004,2,36000,1.00996015936
113756,113762,114824,6,1062,2,36000,1.00564971751
113757,113768,114871,11,1103,2,36000,1.00997280145
113759,113773,114839,14,1066,2,36000,1.01313320826
113777,113783,114776,6,993,2,36000,1.00604229607
113778,113789,114733,11,944,2,36000,1.01165254237
113796,113802,114854,6,1052,2,36000,1.00570342205
113817,113823,114856,6,1033,2,36000,1.00580832527
113835,113841,115013,6,1172,2,36000,1.00511945392
113853,113859,114968,6,1109,2,36000,1.00541027953
113854,113865,114720,11,855,2,36000,1.01286549708
113872,113878,114969,6,1091,2,36000,1.0054995417
113873,113884,115005,11,1121,2,36000,1.00981266726
113892,113898,114914,6,1016,2,36000,1.00590551181
113894,113904,114911,10,1007,2,36000,1.00993048659
113895,113909,115040,14,1131,2,36000,1.01237842617
113896,113915,114946,19,1031,2,36000,1.01842870999
113916,113922,115014,6,1092,2,36000,1.00549450549
113917,113928,115039,11,1111,2,36000,1.0099009901
113918,113933,115068,15,1135,2,36000,1.01321585903
113920,113938,115065,18,1127,2,36000,1.01597160603
113938,113945,115087,7,1142,2,36000,1.0061295972
113940,113950,114920,10,970,2,36000,1.01030927835
113964,113970,115095,6,1125,2,36000,1.00533333333
113965,113976,115131,11,1155,2,36000,1.00952380952
113967,113982,115234,15,1252,2,36000,1.01198083067
113986,113992,115027,6,1035,2,36000,1.00579710145
113987,113998,115029,11,1031,2,36000,1.01066925315
113989,114003,114956,14,953,2,36000,1.01469045121
113990,114009,115094,19,1085,2,36000,1.01751152074
114009,114015,115131,6,1116,2,36000,1.00537634409
114010,114021,115106,11,1085,2,36000,1.01013824885
114028,114034,115043,6,1009,2,36000,1.00594648167
114029,114040,115000,11,960,2,36000,1.01145833333
114047,114053,115064,6,1011,2,36000,1.0059347181
114077,114084,115143,7,1059,2,36000,1.00661000944
114079,114090,115199,11,1109,2,36000,1.00991884581
114100,114106,115306,6,1200,2,36000,1.005
114101,114112,115218,11,1106,2,36000,1.00994575045
114120,114125,115105,5,980,2,36000,1.00510204082
114121,114131,115099,10,968,2,36000,1.01033057851
114139,114145,115245,6,1100,2,36000,1.00545454545
114141,114151,115276,10,1125,2,36000,1.00888888889
114142,114156,115109,14,953,2,36000,1.01469045121
114143,114163,115127,20,964,2,36000,1.02074688797
114145,114168,115131,23,963,2,36000,1.02388369678
114165,114174,115261,9,1087,2,36000,1.00827966881
114166,114180,115224,14,1044,2,36000,1.01340996169
114167,114185,115300,18,1115,2,36000,1.01614349776
114168,114190,115282,22,1092,2,36000,1.02014652015
114170,114196,115332,26,1136,2,36000,1.02288732394
114188,114202,115254,14,1052,2,36000,1.01330798479
114189,114207,115286,18,1079,2,36000,1.01668211307
114207,114213,115350,6,1137,2,36000,1.00527704485
114226,114232,115259,6,1027,2,36000,1.00584225901
114227,114238,115220,11,982,2,36000,1.01120162933
114229,114243,115312,14,1069,2,36000,1.01309635173
114247,114253,115339,6,1086,2,36000,1.00552486188
114264,114270,115407,6,1137,2,36000,1.00527704485
114288,114295,115273,7,978,2,36000,1.00715746421
114290,114301,115263,11,962,2,36000,1.01143451143
114308,114315,115425,7,1110,2,36000,1.00630630631
114310,114320,115482,10,1162,2,36000,1.00860585198
114328,114333,115422,5,1089,2,36000,1.00459136823
114329,114340,115408,11,1068,2,36000,1.01029962547
114347,114353,115498,6,1145,2,36000,1.00524017467
114348,114359,115490,11,1131,2,36000,1.00972590628
114368,114374,115520,6,1146,2,36000,1.00523560209
114369,114380,115413,11,1033,2,36000,1.01064859632
114370,114385,115299,15,914,2,36000,1.01641137856
114372,114390,115506,18,1116,2,36000,1.01612903226
114373,114396,115375,23,979,2,36000,1.02349336057
114374,114401,115348,27,947,2,36000,1.02851108765
114376,114407,115286,31,879,2,36000,1.03526734926
114394,114413,115389,19,976,2,36000,1.01946721311
114412,114419,115562,7,1143,2,36000,1.00612423447
114413,114424,115432,11,1008,2,36000,1.01091269841
114432,114438,115643,6,1205,2,36000,1.00497925311
114433,114444,115517,11,1073,2,36000,1.01025163094
114434,114449,115537,15,1088,2,36000,1.01378676471
114455,114461,115569,6,1108,2,36000,1.00541516245
114456,114467,115562,11,1095,2,36000,1.0100456621
114457,114472,115651,15,1179,2,36000,1.01272264631
114476,114482,115682,6,1200,2,36000,1.005
114495,114501,115544,6,1043,2,36000,1.00575263663
114496,114507,115561,11,1054,2,36000,1.01043643264
114498,114512,115555,14,1043,2,36000,1.01342281879
114518,114524,115559,6,1035,2,36000,1.00579710145
114519,114530,115608,11,1078,2,36000,1.01020408163
114545,114550,115543,5,993,2,36000,1.00503524673
114546,114556,115583,10,1027,2,36000,1.00973709834
114565,114571,115854,6,1283,2,36000,1.00467653936
114566,114577,115693,11,1116,2,36000,1.00985663082
114568,114582,115744,14,1162,2,36000,1.01204819277
114569,114588,115854,19,1266,2,36000,1.01500789889
114587,114594,115674,7,1080,2,36000,1.00648148148
114589,114600,115599,11,999,2,36000,1.01101101101
114590,114606,115573,16,967,2,36000,1.01654601861
114614,114621,115710,7,1089,2,36000,1.00642791552
114642,114648,115792,6,1144,2,36000,1.00524475524
114660,114666,115711,6,1045,2,36000,1.00574162679
114661,114672,115733,11,1061,2,36000,1.01036757776
114663,114677,115640,14,963,2,36000,1.01453790239
114664,114683,115742,19,1059,2,36000,1.0179414542
114682,114689,115777,7,1088,2,36000,1.00643382353
114703,114709,115830,6,1121,2,36000,1.00535236396
114704,114715,115854,11,1139,2,36000,1.00965759438
114723,114729,115838,6,1109,2,36000,1.00541027953
114725,114736,115699,11,963,2,36000,1.01142263759
114726,114741,115854,15,1113,2,36000,1.01347708895
114727,114746,115650,19,904,2,36000,1.02101769912
114729,114751,115689,22,938,2,36000,1.02345415778
114730,114756,115854,26,1098,2,36000,1.02367941712
114750,114763,115787,13,1024,2,36000,1.0126953125
114751,114768,115841,17,1073,2,36000,1.01584342964
114753,114773,115701,20,928,2,36000,1.02155172414
114754,114779,115854,25,1075,2,36000,1.02325581395
114773,114785,115854,12,1069,2,36000,1.01122544434
114774,114790,115854,16,1064,2,36000,1.01503759398
114792,114798,115854,6,1056,2,36000,1.00568181818
114830,114836,115837,6,1001,2,36000,1.00599400599
114848,114854,115856,6,1002,2,36000,1.00598802395
114850,114860,115854,10,994,2,36000,1.01006036217
114867,114873,115857,6,984,2,36000,1.00609756098
114869,114879,115854,10,975,2,36000,1.01025641026
114888,114894,115854,6,960,2,36000,1.00625
114889,114900,115854,11,954,2,36000,1.01153039832
114890,114905,115854,15,949,2,36000,1.0158061117
114892,114910,115854,18,944,2,36000,1.01906779661
114893,114916,115854,23,938,2,36000,1.02452025586
114914,114921,115854,7,933,2,36000,1.00750267953
114916,114927,115854,11,927,2,36000,1.01186623517
114934,114940,115854,6,914,2,36000,1.00656455142
114952,114959,115854,7,895,2,36000,1.00782122905
114954,114965,115854,11,889,2,36000,1.01237345332
114972,114978,115854,6,876,2,36000,1.00684931507
114974,114984,115854,10,870,2,36000,1.01149425287
114975,114989,115854,14,865,2,36000,1.0161849711
114976,114995,115854,19,859,2,36000,1.02211874272
114994,115001,115854,7,853,2,36000,1.0082063306
115013,115019,115854,6,835,2,36000,1.00718562874
115014,115025,115854,11,829,2,36000,1.01326899879
115016,115030,115854,14,824,2,36000,1.01699029126
115035,115041,115854,6,813,2,36000,1.0073800738
115036,115047,115854,11,807,2,36000,1.0136307311
115038,115052,115854,14,802,2,36000,1.0174563591
115057,115063,115854,6,791,2,36000,1.00758533502
115058,115069,115854,11,785,2,36000,1.01401273885
115059,115074,115854,15,780,2,36000,1.01923076923
115079,115085,115854,6,769,2,36000,1.0078023407
115080,115091,115854,11,763,2,36000,1.01441677588
115081,115096,115854,15,758,2,36000,1.01978891821
115100,115106,115854,6,748,2,36000,1.00802139037
115102,115112,115854,10,742,2,36000,1.01347708895
115103,115117,115854,14,737,2,36000,1.01899592944
115104,115123,115854,19,731,2,36000,1.02599179207
115124,115129,115854,5,725,2,36000,1.00689655172
115125,115135,115854,10,719,2,36000,1.01390820584
115126,115140,115854,14,714,2,36000,1.01960784314
115145,115151,115854,6,703,2,36000,1.00853485064
115146,115157,115854,11,697,2,36000,1.01578192253
115147,115162,115854,15,692,2,36000,1.02167630058
115149,115168,115854,19,686,2,36000,1.027696793
115150,115173,115854,23,681,2,36000,1.03377386197
115187,115193,115854,6,661,2,36000,1.00907715582
115206,115212,115854,6,642,2,36000,1.00934579439
115223,115229,115854,6,625,2,36000,1.0096
115225,115235,115854,10,619,2,36000,1.01615508885
115243,115249,115854,6,605,2,36000,1.00991735537
115244,115255,115854,11,599,2,36000,1.0183639399
115263,115269,115854,6,585,2,36000,1.01025641026
115265,115275,115854,10,579,2,36000,1.01727115717
115266,115281,115854,15,573,2,36000,1.02617801047
115267,115286,115854,19,568,2,36000,1.03345070423
115269,115291,115854,22,563,2,36000,1.03907637655
115288,115298,115854,10,556,2,36000,1.01798561151
115289,115303,115854,14,551,2,36000,1.02540834846
115290,115309,115854,19,545,2,36000,1.03486238532
115292,115314,115854,22,540,2,36000,1.04074074074
115293,115320,115854,27,534,2,36000,1.05056179775
115313,115326,115854,13,528,2,36000,1.02462121212
115314,115331,115854,17,523,2,36000,1.03250478011
115315,115337,115854,22,517,2,36000,1.04255319149
115317,115342,115854,25,512,2,36000,1.048828125
115339,115348,115854,9,506,2,36000,1.01778656126
115340,115353,115854,13,501,2,36000,1.02594810379
115359,115365,115854,6,489,2,36000,1.01226993865
115360,115371,115855,11,484,2,36000,1.02272727273
115378,115384,115855,6,471,2,36000,1.0127388535
115396,115402,115855,6,453,2,36000,1.01324503311
115415,115421,115855,6,434,2,36000,1.01382488479
115416,115427,115855,11,428,2,36000,1.02570093458
115417,115433,115855,16,422,2,36000,1.03791469194
115436,115442,115855,6,413,2,36000,1.01452784504
115437,115448,115855,11,407,2,36000,1.02702702703
115439,115453,115855,14,402,2,36000,1.03482587065
115486,115492,115855,6,363,2,36000,1.01652892562
115503,115509,115855,6,346,2,36000,1.01734104046
115505,115515,115855,10,340,2,36000,1.02941176471
115523,115529,115855,6,326,2,36000,1.01840490798
115524,115535,115855,11,320,2,36000,1.034375
115526,115540,115855,14,315,2,36000,1.04444444444
115544,115550,115855,6,305,2,36000,1.01967213115
115545,115556,115855,11,299,2,36000,1.03678929766
115547,115562,115855,15,293,2,36000,1.05119453925
115567,115573,115855,6,282,2,36000,1.02127659574
115569,115579,115855,10,276,2,36000,1.03623188406
115570,115584,115855,14,271,2,36000,1.05166051661
115571,115589,115855,18,266,2,36000,1.06766917293
115573,115595,115855,22,260,2,36000,1.08461538462
115591,115601,115855,10,254,2,36000,1.03937007874
115593,115607,115855,14,248,2,36000,1.0564516129
115594,115612,115855,18,243,2,36000,1.07407407407
115618,115624,115855,6,231,2,36000,1.02597402597
115619,115630,115855,11,225,2,36000,1.04888888889
115643,115649,115855,6,206,2,36000,1.02912621359
115645,115655,115855,10,200,2,36000,1.05
115663,115669,115855,6,186,2,36000,1.03225806452
115665,115675,115855,10,180,2,36000,1.05555555556
115682,115689,115855,7,166,2,36000,1.0421686747
115684,115695,115855,11,160,2,36000,1.06875
115704,115710,115855,6,145,2,36000,1.04137931034
115705,115716,115855,11,139,2,36000,1.07913669065
115706,115721,115855,15,134,2,36000,1.11194029851
115708,115727,115855,19,128,2,36000,1.1484375
115726,115733,115855,7,122,2,36000,1.05737704918
115727,115738,115855,11,117,2,36000,1.09401709402
115745,115751,115855,6,104,2,36000,1.05769230769
115747,115757,115855,10,98,2,36000,1.10204081633
115748,115763,115855,15,92,2,36000,1.16304347826
115782,115788,115855,6,67,2,36000,1.08955223881
115799,115805,115855,6,50,2,36000,1.12
115800,115811,115855,11,44,2,36000,1.25
115837,115843,115855,6,12,2,36000,1.5
115838,115849,115855,11,6,2,36000,1.7
115930,115937,115963,7,26,2,36000,1.26923076923
115932,115943,115963,11,20,2,36000,1.55
115934,115948,115963,14,15,2,36000,1.93333333333
115935,115953,115963,18,10,2,36000,2.8
115937,115959,115963,22,4,2,36000,2.6
115939,115965,115966,26,1,2,36000,2.7
115940,115970,115971,30,1,2,36000,3.1
115942,115975,115976,33,1,2,36000,3.4
116220,116226,117261,6,1035,2,36000,1.00579710145
116221,116232,118421,11,2189,2,36000,1.00502512563
116222,116237,118016,15,1779,2,36000,1.0084317032
116224,116242,117260,18,1018,2,36000,1.01768172888
116225,116248,117215,23,967,2,36000,1.02378490176
116226,116253,117173,27,920,2,36000,1.02934782609
116228,116259,117402,31,1143,2,36000,1.0271216098
116231,116264,117225,33,961,2,36000,1.03433922997
116232,116269,117879,37,1610,2,36000,1.02298136646
116234,116275,117345,41,1070,2,36000,1.03831775701
116236,116280,117099,44,819,2,36000,1.05372405372
116237,116285,117289,48,1004,2,36000,1.04780876494
116239,116290,117035,51,745,2,36000,1.06845637584
116241,116296,117241,55,945,2,36000,1.0582010582
116242,116301,117217,59,916,2,36000,1.06441048035
116244,116306,118220,62,1914,2,36000,1.03239289446
116246,116311,117694,65,1383,2,36000,1.04699927693
116247,116317,117276,70,959,2,36000,1.07299270073
116249,116322,117291,73,969,2,36000,1.07533539732
116251,116327,118188,76,1861,2,36000,1.040838259
116253,116332,117380,79,1048,2,36000,1.07538167939
116254,116338,117245,84,907,2,36000,1.09261300992
116256,116343,117385,87,1042,2,36000,1.08349328215
116257,116349,117877,92,1528,2,36000,1.06020942408
116259,116354,118148,95,1794,2,36000,1.05295429208
116261,116359,117412,98,1053,2,36000,1.0930674264
116263,116364,117459,101,1095,2,36000,1.09223744292
116264,116370,118153,106,1783,2,36000,1.05945036455
116267,116375,117357,108,982,2,36000,1.1099796334
116268,116380,118128,112,1748,2,36000,1.06407322654
116270,116385,117241,115,856,2,36000,1.13434579439
116271,116391,117326,120,935,2,36000,1.12834224599
116273,116396,118298,123,1902,2,36000,1.06466876972
116275,116401,117399,126,998,2,36000,1.12625250501
116278,116406,117510,128,1104,2,36000,1.11594202899
116280,116411,118307,131,1896,2,36000,1.069092827
116281,116417,117711,136,1294,2,36000,1.10510046368
116283,116422,118098,139,1676,2,36000,1.08293556086
116285,116427,117425,142,998,2,36000,1.14228456914
116286,116432,118208,146,1776,2,36000,1.08220720721
116288,116438,117447,150,1009,2,36000,1.14866204163
116290,116443,117340,153,897,2,36000,1.17056856187
116291,116448,117480,157,1032,2,36000,1.15213178295
116293,116453,117293,160,840,2,36000,1.19047619048
116294,116459,117411,165,952,2,36000,1.17331932773
116296,116464,117502,168,1038,2,36000,1.16184971098
116298,116469,117562,171,1093,2,36000,1.15645013724
116299,116474,117408,175,934,2,36000,1.18736616702
116301,116480,118310,179,1830,2,36000,1.09781420765
116303,116485,117386,182,901,2,36000,1.20199778024
116305,116490,117540,185,1050,2,36000,1.17619047619
116306,116495,117479,189,984,2,36000,1.19207317073
116309,116500,117488,191,988,2,36000,1.19331983806
116311,116509,117576,198,1067,2,36000,1.18556701031
116313,116514,118423,201,1909,2,36000,1.10529072813
116314,116519,118264,205,1745,2,36000,1.11747851003
116316,116525,117570,209,1045,2,36000,1.2
116317,116530,118284,213,1754,2,36000,1.12143671608
116319,116535,118363,216,1828,2,36000,1.1181619256
116321,116540,118338,219,1798,2,36000,1.12180200222
116323,116546,118198,223,1652,2,36000,1.13498789346
116325,116551,117825,226,1274,2,36000,1.17739403454
116326,116556,117432,230,876,2,36000,1.26255707763
116328,116561,117724,233,1163,2,36000,1.20034393809
116330,116566,118563,236,1997,2,36000,1.1181772659
116332,116572,117557,240,985,2,36000,1.24365482234
116333,116578,117909,245,1331,2,36000,1.18407212622
116335,116583,118256,248,1673,2,36000,1.14823670054
116336,116589,117637,253,1048,2,36000,1.24141221374
116338,116594,117934,256,1340,2,36000,1.19104477612
116340,116599,117580,259,981,2,36000,1.26401630989
116342,116604,117668,262,1064,2,36000,1.2462406015
116344,116610,117985,266,1375,2,36000,1.19345454545
116345,116615,117624,270,1009,2,36000,1.26759167493
116347,116620,117698,273,1078,2,36000,1.25324675325
116349,116625,117678,276,1053,2,36000,1.26210826211
116351,116630,117378,279,748,2,36000,1.37299465241
116352,116636,118079,284,1443,2,36000,1.19681219681
116354,116641,118618,287,1977,2,36000,1.14516944866
116356,116646,117640,290,994,2,36000,1.29175050302
116357,116651,117751,294,1100,2,36000,1.26727272727
116359,116657,117641,298,984,2,36000,1.30284552846
116361,116662,117813,301,1151,2,36000,1.26151172893
116362,116667,117677,305,1010,2,36000,1.30198019802
116364,116672,117753,308,1081,2,36000,1.2849213691
116366,116677,118668,311,1991,2,36000,1.15620291311
116367,116683,118622,316,1939,2,36000,1.1629706034
116369,116688,118156,319,1468,2,36000,1.21730245232
116371,116693,118486,322,1793,2,36000,1.17958728388
116372,116698,118397,326,1699,2,36000,1.19187757504
116374,116704,117879,330,1175,2,36000,1.28085106383
116375,116710,118361,335,1651,2,36000,1.20290732889
116377,116715,117686,338,971,2,36000,1.34809474768
116379,116720,118159,341,1439,2,36000,1.23697011814
116380,116725,117573,345,848,2,36000,1.40683962264
116383,116731,118011,348,1280,2,36000,1.271875
116385,116736,118332,351,1596,2,36000,1.21992481203
116386,116741,117830,355,1089,2,36000,1.32598714417
116388,116746,117821,358,1075,2,36000,1.33302325581
116390,116752,117594,362,842,2,36000,1.42992874109
116391,116757,117773,366,1016,2,36000,1.36023622047
116393,116762,118485,369,1723,2,36000,1.21416134649
116395,116767,117949,372,1182,2,36000,1.31472081218
116396,116773,117863,377,1090,2,36000,1.34587155963
116398,116778,117880,380,1102,2,36000,1.34482758621
116400,116783,118019,383,1236,2,36000,1.30987055016
116402,116789,117797,387,1008,2,36000,1.38392857143
116403,116794,118545,391,1751,2,36000,1.22330097087
116405,116799,118794,394,1995,2,36000,1.19749373434
116407,116805,118187,398,1382,2,36000,1.28798842258
116408,116810,117815,402,1005,2,36000,1.4
116410,116815,118734,405,1919,2,36000,1.21104742053
116411,116820,117741,409,921,2,36000,1.444082519
116413,116826,117833,413,1007,2,36000,1.41012909633
116415,116831,118694,416,1863,2,36000,1.22329575953
116416,116836,117910,420,1074,2,36000,1.39106145251
116418,116841,117924,423,1083,2,36000,1.39058171745
116420,116846,117951,426,1105,2,36000,1.38552036199
116422,116852,117869,430,1017,2,36000,1.42281219272
116423,116857,117854,434,997,2,36000,1.43530591775
116425,116862,118021,437,1159,2,36000,1.37704918033
116427,116867,117859,440,992,2,36000,1.4435483871
116428,116873,117829,445,956,2,36000,1.46548117155
116430,116878,117979,448,1101,2,36000,1.40690281562
116431,116883,118793,452,1910,2,36000,1.23664921466
117417,117423,118584,6,1161,2,36000,1.00516795866
117419,117429,118806,10,1377,2,36000,1.00726216412
117420,117434,118690,14,1256,2,36000,1.01114649682
117435,117441,118400,6,959,2,36000,1.00625651721
117436,117447,118976,11,1529,2,36000,1.0071942446
117451,117457,118662,6,1205,2,36000,1.00497925311
117466,117472,118723,6,1251,2,36000,1.00479616307
117481,117487,118478,6,991,2,36000,1.00605449041
117482,117493,118620,11,1127,2,36000,1.00976042591
117498,117504,118472,6,968,2,36000,1.00619834711
117513,117519,118612,6,1093,2,36000,1.0054894785
117514,117525,118427,11,902,2,36000,1.01219512195
117542,117548,119537,6,1989,2,36000,1.00301659125
117557,117563,118810,6,1247,2,36000,1.00481154771
117573,117579,118950,6,1371,2,36000,1.00437636761
117574,117585,119268,11,1683,2,36000,1.00653594771
117576,117591,118690,15,1099,2,36000,1.01364877161
117591,117597,118645,6,1048,2,36000,1.00572519084
117592,117603,118766,11,1163,2,36000,1.00945829751
117607,117613,119346,6,1733,2,36000,1.00346220427
117626,117632,119050,6,1418,2,36000,1.00423131171
117641,117647,118692,6,1045,2,36000,1.00574162679
117642,117653,118739,11,1086,2,36000,1.01012891344
117657,117664,118850,7,1186,2,36000,1.00590219224
117674,117679,119653,5,1974,2,36000,1.00253292806
117689,117695,118857,6,1162,2,36000,1.00516351119
117691,117701,118793,10,1092,2,36000,1.00915750916
117692,117706,118658,14,952,2,36000,1.01470588235
117708,117714,118897,6,1183,2,36000,1.00507185123
117709,117720,118873,11,1153,2,36000,1.00954032958
117724,117730,118814,6,1084,2,36000,1.00553505535
117725,117736,118894,11,1158,2,36000,1.00949913644
117744,117750,118975,6,1225,2,36000,1.00489795918
117760,117765,119097,5,1332,2,36000,1.00375375375
117761,117771,118833,10,1062,2,36000,1.00941619586
117776,117782,119672,6,1890,2,36000,1.00317460317
117797,117803,153817,6,36014,2,36000,1.00016660188
117816,117823,119000,7,1177,2,36000,1.0059473237
117818,117829,118809,11,980,2,36000,1.0112244898
117834,117840,119492,6,1652,2,36000,1.00363196126
117835,117846,119789,11,1943,2,36000,1.00566134843
117837,117851,119784,14,1933,2,36000,1.00724262804
117838,117857,118788,19,931,2,36000,1.02040816327
117839,117862,118863,23,1001,2,36000,1.02297702298
117857,117868,119834,11,1966,2,36000,1.00559511699
117873,117880,118800,7,920,2,36000,1.00760869565
117875,117886,119606,11,1720,2,36000,1.00639534884
117876,117891,119138,15,1247,2,36000,1.01202886929
117893,117899,119275,6,1376,2,36000,1.00436046512
117894,117905,119053,11,1148,2,36000,1.00958188153
117896,117910,118940,14,1030,2,36000,1.01359223301
117897,117915,118956,18,1041,2,36000,1.01729106628
117913,117922,119036,9,1114,2,36000,1.00807899461
117914,117927,119099,13,1172,2,36000,1.01109215017
117929,117935,153956,6,36021,2,36000,1.0001665695
117944,117950,123809,6,5859,2,108000,1.00102406554
117944,117955,119211,11,1256,2,36000,1.00875796178
117959,117965,118951,6,986,2,36000,1.0060851927
117961,117971,119174,10,1203,2,36000,1.00831255195
117979,117985,118966,6,981,2,36000,1.00611620795
117994,118000,119346,6,1346,2,36000,1.0044576523
118012,118018,119159,6,1141,2,36000,1.00525854514
118028,118034,119169,6,1135,2,36000,1.00528634361
118029,118040,119031,11,991,2,36000,1.01109989909
118031,118045,119022,14,977,2,36000,1.01432958035
118080,118086,119178,6,1092,2,36000,1.00549450549
118098,118104,119119,6,1015,2,36000,1.00591133005
118128,118134,119879,6,1745,2,36000,1.00343839542
118150,118156,120245,6,2089,2,36000,1.00287218765
118165,118171,119229,6,1058,2,36000,1.0056710775
118166,118177,120020,11,1843,2,36000,1.00596852957
118168,118182,119184,14,1002,2,36000,1.01397205589
118190,118196,120060,6,1864,2,36000,1.00321888412
118191,118202,120042,11,1840,2,36000,1.00597826087
118207,118213,119486,6,1273,2,36000,1.00471327573
118222,118228,119945,6,1717,2,36000,1.00349446709
118223,118234,119981,11,1747,2,36000,1.0062965083
118257,118264,119427,7,1163,2,36000,1.0060189166
118273,118279,119732,6,1453,2,36000,1.00412938747
118288,118294,119257,6,963,2,36000,1.0062305296
118305,118311,119406,6,1095,2,36000,1.00547945205
118320,118326,120250,6,1924,2,36000,1.00311850312
118321,118332,119297,11,965,2,36000,1.01139896373
118337,118343,119220,6,877,2,36000,1.00684150513
118352,118358,120197,6,1839,2,36000,1.00326264274
118368,118374,120320,6,1946,2,36000,1.00308324769
118369,118380,119622,11,1242,2,36000,1.00885668277
118397,118403,120100,6,1697,2,36000,1.00353565115
118412,118418,119492,6,1074,2,36000,1.00558659218
118428,118434,119948,6,1514,2,36000,1.00396301189
118429,118440,119813,11,1373,2,36000,1.00801165331
118431,118445,120077,14,1632,2,36000,1.00857843137
118474,118480,119672,6,1192,2,36000,1.00503355705
118490,118496,120235,6,1739,2,36000,1.00345025877
118491,118502,119493,11,991,2,36000,1.01109989909
118492,118507,120385,15,1878,2,36000,1.00798722045
118541,118548,120263,7,1715,2,36000,1.00408163265
118565,118571,119705,6,1134,2,36000,1.00529100529
118587,118593,119622,6,1029,2,36000,1.00583090379
118615,118621,119624,6,1003,2,36000,1.00598205384
118630,118636,119910,6,1274,2,36000,1.00470957614
118632,118642,119634,10,992,2,36000,1.01008064516
118633,118647,120123,14,1476,2,36000,1.00948509485
118648,118654,119642,6,988,2,36000,1.00607287449
118664,118669,120191,5,1522,2,36000,1.00328515112
118665,118675,119684,10,1009,2,36000,1.00991080278
118681,118687,119873,6,1186,2,36000,1.00505902192
118698,118703,119722,5,1019,2,36000,1.00490677134
118699,118709,119956,10,1247,2,36000,1.00801924619
118700,118714,119878,14,1164,2,36000,1.01202749141
118702,118720,120226,18,1506,2,36000,1.01195219124
118723,118729,120491,6,1762,2,36000,1.00340522134
118738,118744,120893,6,2149,2,36000,1.00279199628
118753,118759,120077,6,1318,2,36000,1.00455235205
118768,118774,120089,6,1315,2,36000,1.00456273764
118790,118796,120373,6,1577,2,36000,1.00380469245
118807,118813,119771,6,958,2,36000,1.00626304802
118809,118819,119955,10,1136,2,36000,1.0088028169
118810,118824,119951,14,1127,2,36000,1.01242236025
118811,118830,120043,19,1213,2,36000,1.01566364386
118812,118835,119867,23,1032,2,36000,1.02228682171
118829,118841,120747,12,1906,2,36000,1.00629590766
118830,118846,119723,16,877,2,36000,1.01824401368
118831,118852,120746,21,1894,2,36000,1.0110876452
118846,118858,119829,12,971,2,36000,1.01235839341
118862,118868,120223,6,1355,2,36000,1.00442804428
118863,118874,119972,11,1098,2,36000,1.01001821494
118879,118885,119834,6,949,2,36000,1.00632244468
118880,118891,120057,11,1166,2,36000,1.00943396226
118895,118901,120654,6,1753,2,36000,1.00342270394
118910,118916,120212,6,1296,2,36000,1.00462962963
118941,118947,120150,6,1203,2,36000,1.00498753117
118957,118962,120214,5,1252,2,36000,1.00399361022
118958,118968,120078,10,1110,2,36000,1.00900900901
118959,118973,120781,14,1808,2,36000,1.00774336283
118976,118982,120875,6,1893,2,36000,1.00316957211
118977,118988,120191,11,1203,2,36000,1.00914380715
118992,118999,119943,7,944,2,36000,1.00741525424
119007,119014,120081,7,1067,2,36000,1.00656044986
119023,119029,120790,6,1761,2,36000,1.00340715503
119038,119044,120068,6,1024,2,36000,1.005859375
119039,119050,120253,11,1203,2,36000,1.00914380715
119055,119061,120079,6,1018,2,36000,1.00589390963
119056,119067,121569,11,2502,2,36000,1.00439648281
119098,119104,120154,6,1050,2,36000,1.00571428571
119113,119119,120297,6,1178,2,36000,1.00509337861
119128,119134,120243,6,1109,2,36000,1.00541027953
119144,119149,120363,5,1214,2,36000,1.00411861614
119163,119169,120384,6,1215,2,36000,1.0049382716
119180,119185,120264,5,1079,2,36000,1.0046339203
119181,119191,120201,10,1010,2,36000,1.0099009901
119182,119196,120122,14,926,2,36000,1.0151187905
119198,119203,120466,5,1263,2,36000,1.00395882819
119213,119219,120159,6,940,2,36000,1.00638297872
119228,119234,155236,6,36002,2,36000,1.00016665741
119244,119250,120298,6,1048,2,36000,1.00572519084
119259,119265,121138,6,1873,2,36000,1.00320341698
119274,119280,155302,6,36022,2,36000,1.00016656488
119289,119295,120230,6,935,2,36000,1.0064171123
119304,119311,120318,7,1007,2,36000,1.00695134062
119340,119346,196200,6,76854,2,108000,1.00007807011
119348,119354,121085,6,1731,2,36000,1.00346620451
119349,119360,120360,11,1000,2,36000,1.011
119408,119414,120440,6,1026,2,36000,1.00584795322
119427,119433,120549,6,1116,2,36000,1.00537634409
119489,119495,121253,6,1758,2,36000,1.00341296928
119504,119511,120642,7,1131,2,36000,1.00618921309
119506,119516,120573,10,1057,2,36000,1.00946073794
119507,119523,120465,16,942,2,36000,1.016985138
119538,119544,120957,6,1413,2,36000,1.0042462845
119609,119615,120739,6,1124,2,36000,1.00533807829
119624,119630,120746,6,1116,2,36000,1.00537634409
119625,119636,121458,11,1822,2,36000,1.00603732162
119627,119642,121454,15,1812,2,36000,1.0082781457
119642,119647,120730,5,1083,2,36000,1.00461680517
119643,119654,120506,11,852,2,36000,1.01291079812
119659,119665,120892,6,1227,2,36000,1.00488997555
119674,119681,120768,7,1087,2,36000,1.00643974241
119676,119686,121230,10,1544,2,36000,1.00647668394
119692,119698,120943,6,1245,2,36000,1.00481927711
119707,119713,120816,6,1103,2,36000,1.00543970988
119723,119729,121605,6,1876,2,36000,1.00319829424
119724,119735,120723,11,988,2,36000,1.01113360324
119740,119746,121397,6,1651,2,36000,1.00363416111
119773,119779,121192,6,1413,2,36000,1.0042462845
119788,119794,121495,6,1701,2,36000,1.00352733686
119803,119810,121463,7,1653,2,36000,1.00423472474
119819,119824,121440,5,1616,2,36000,1.00309405941
119834,119840,121195,6,1355,2,36000,1.00442804428
119836,119846,120972,10,1126,2,36000,1.00888099467
119837,119851,121055,14,1204,2,36000,1.01162790698
119868,119874,120932,6,1058,2,36000,1.0056710775
119883,119889,121012,6,1123,2,36000,1.0053428317
119884,119895,121676,11,1781,2,36000,1.00617630545
119886,119900,121684,14,1784,2,36000,1.00784753363
119913,119919,120896,6,977,2,36000,1.00614124872
119945,119951,121094,6,1143,2,36000,1.00524934383
119961,119967,120915,6,948,2,36000,1.00632911392
119963,119973,121066,10,1093,2,36000,1.00914913083
119964,119978,121193,14,1215,2,36000,1.01152263374
119965,119983,121245,18,1262,2,36000,1.01426307448
119967,119989,121669,22,1680,2,36000,1.0130952381
119982,119995,121144,13,1149,2,36000,1.01131418625
119983,120000,121097,17,1097,2,36000,1.01549680948
120023,120029,121250,6,1221,2,36000,1.00491400491
120045,120051,121983,6,1932,2,36000,1.00310559006
120046,120057,156065,11,36008,2,36000,1.00030548767
120062,120068,121848,6,1780,2,36000,1.00337078652
120063,120074,121915,11,1841,2,36000,1.00597501358
120079,120086,122347,7,2261,2,36000,1.00309597523
120081,120091,121893,10,1802,2,36000,1.00554938957
120082,120097,121282,15,1185,2,36000,1.01265822785
120083,120103,121370,20,1267,2,36000,1.01578531965
120085,120108,121157,23,1049,2,36000,1.02192564347
120101,120114,121972,13,1858,2,36000,1.00699677072
120102,120119,121209,17,1090,2,36000,1.01559633028
120103,120125,121123,22,998,2,36000,1.02204408818
120126,120132,121309,6,1177,2,36000,1.00509770603
120127,120138,121457,11,1319,2,36000,1.00833965125
120152,120158,121394,6,1236,2,36000,1.00485436893
120167,120174,121129,7,955,2,36000,1.00732984293
120169,120180,121210,11,1030,2,36000,1.01067961165
120194,120200,121301,6,1101,2,36000,1.00544959128
120195,120206,121639,11,1433,2,36000,1.00767620377
120211,120217,122146,6,1929,2,36000,1.00311041991
120213,120223,122016,10,1793,2,36000,1.00557724484
120229,120234,121566,5,1332,2,36000,1.00375375375
120230,120240,121699,10,1459,2,36000,1.0068540096
120231,120245,121221,14,976,2,36000,1.0143442623
120233,120251,121294,18,1043,2,36000,1.01725790988
120249,120257,121393,8,1136,2,36000,1.00704225352
120251,120262,121706,11,1444,2,36000,1.00761772853
120252,120268,122238,16,1970,2,36000,1.00812182741
120253,120273,122212,20,1939,2,36000,1.01031459515
120255,120278,121382,23,1104,2,36000,1.02083333333
120271,120285,121604,14,1319,2,36000,1.01061410159
120272,120290,121177,18,887,2,36000,1.02029312289
120274,120296,122013,22,1717,2,36000,1.01281304601
120299,120305,121603,6,1298,2,36000,1.00462249615
120300,120311,121402,11,1091,2,36000,1.01008249313
120318,120324,122263,6,1939,2,36000,1.00309437855
120333,120339,121532,6,1193,2,36000,1.0050293378
120361,120367,121259,6,892,2,36000,1.0067264574
120363,120373,120374,10,1,1,900,1.1
120376,120382,121623,6,1241,2,36000,1.00483481064
120378,120388,122251,10,1863,2,36000,1.00536768653
120393,120399,121292,6,893,2,36000,1.00671892497
120394,120405,121534,11,1129,2,36000,1.00974313552
120423,120430,169600,7,49170,2,108000,1.00014236323
120441,120447,121553,6,1106,2,36000,1.00542495479
120467,120474,122276,7,1802,2,36000,1.0038845727
120469,120480,121496,11,1016,2,36000,1.01082677165
120493,120499,156509,6,36010,2,36000,1.00016662038
120509,120515,121950,6,1435,2,36000,1.00418118467
120552,120558,121728,6,1170,2,36000,1.00512820513
120574,120580,156604,6,36024,2,36000,1.00016655563
120645,120651,122590,6,1939,2,36000,1.00309437855
120660,120666,122573,6,1907,2,36000,1.00314630309
120727,120732,122234,5,1502,2,36000,1.00332889481
120743,120750,122637,7,1887,2,36000,1.00370959194
120745,120756,122097,11,1341,2,36000,1.00820283371
120761,120767,122743,6,1976,2,36000,1.00303643725
120762,120773,122080,11,1307,2,36000,1.00841622035
120764,120778,122714,14,1936,2,36000,1.00723140496
120779,120785,121817,6,1032,2,36000,1.00581395349
120795,120801,121870,6,1069,2,36000,1.00561272217
120796,120807,121689,11,882,2,36000,1.01247165533
120818,120824,121725,6,901,2,36000,1.00665926748
120876,120882,122811,6,1929,2,36000,1.00311041991
120898,120904,122671,6,1767,2,36000,1.00339558574
120899,120910,122934,11,2024,2,36000,1.00543478261
120901,120915,122509,14,1594,2,36000,1.00878293601
120918,120924,122783,6,1859,2,36000,1.00322754169
120935,120941,121999,6,1058,2,36000,1.0056710775
120951,120957,122096,6,1139,2,36000,1.00526777875
120967,120973,122386,6,1413,2,36000,1.0042462845
120983,120989,122751,6,1762,2,36000,1.00340522134
121013,121020,122265,7,1245,2,36000,1.00562248996
121057,121063,122263,6,1200,2,36000,1.005
121072,121078,122298,6,1220,2,36000,1.00491803279
121088,121094,122890,6,1796,2,36000,1.00334075724
121104,121110,122239,6,1129,2,36000,1.00531443756
121105,121116,123060,11,1944,2,36000,1.00565843621
121123,121129,122444,6,1315,2,36000,1.00456273764
121139,121145,122670,6,1525,2,36000,1.00393442623
121140,121151,122341,11,1190,2,36000,1.00924369748
121155,121161,123097,6,1936,2,36000,1.00309917355
121171,121177,122868,6,1691,2,36000,1.00354819633
121186,121192,123014,6,1822,2,36000,1.00329308452
121202,121208,122030,6,822,2,36000,1.00729927007
121203,121214,123176,11,1962,2,36000,1.00560652396
121205,121219,122328,14,1109,2,36000,1.01262398557
121220,121226,122624,6,1398,2,36000,1.00429184549
121222,121232,122913,10,1681,2,36000,1.00594883998
121223,121237,122292,14,1055,2,36000,1.01327014218
121239,121245,122325,6,1080,2,36000,1.00555555556
121255,121261,122556,6,1295,2,36000,1.00463320463
121257,121267,122741,10,1474,2,36000,1.00678426052
121258,121272,122663,14,1391,2,36000,1.01006470165
121273,121279,122743,6,1464,2,36000,1.00409836066
121288,121294,122331,6,1037,2,36000,1.00578592093
121304,121310,122488,6,1178,2,36000,1.00509337861
121306,121316,122364,10,1048,2,36000,1.00954198473
121307,121321,122234,14,913,2,36000,1.01533406353
121322,121328,122713,6,1385,2,36000,1.00433212996
121371,121377,123014,6,1637,2,36000,1.0036652413
121388,121394,122483,6,1089,2,36000,1.00550964187
121406,121412,122338,6,926,2,36000,1.00647948164
121407,121418,122377,11,959,2,36000,1.01147028154
121408,121423,123086,15,1663,2,36000,1.00901984366
121409,121429,122534,20,1105,2,36000,1.01809954751
121441,121447,122632,6,1185,2,36000,1.00506329114
121456,121462,123199,6,1737,2,36000,1.00345423143
121457,121468,123133,11,1665,2,36000,1.00660660661
121473,121479,122521,6,1042,2,36000,1.00575815739
121474,121485,122820,11,1335,2,36000,1.00823970037
121496,121502,123272,6,1770,2,36000,1.00338983051
121498,121508,122437,10,929,2,36000,1.01076426265
121532,121538,122623,6,1085,2,36000,1.00552995392
121546,121553,122472,7,919,2,36000,1.00761697497
121562,121568,122788,6,1220,2,36000,1.00491803279
121578,121584,123361,6,1777,2,36000,1.00337647721
121579,121590,122946,11,1356,2,36000,1.0081120944
121605,121611,122656,6,1045,2,36000,1.00574162679
121606,121617,122754,11,1137,2,36000,1.00967458223
121607,121622,122789,15,1167,2,36000,1.01285347044
121624,121630,122734,6,1104,2,36000,1.00543478261
121639,121645,122883,6,1238,2,36000,1.00484652666
121670,121676,122996,6,1320,2,36000,1.00454545455
121685,121692,123375,7,1683,2,36000,1.00415923945
121687,121698,122841,11,1143,2,36000,1.00962379703
121702,121708,122773,6,1065,2,36000,1.00563380282
121703,121714,123266,11,1552,2,36000,1.00708762887
121719,121725,122816,6,1091,2,36000,1.0054995417
121735,121742,123085,7,1343,2,36000,1.00521221147
121737,121748,122913,11,1165,2,36000,1.00944206009
121791,121797,131947,6,10150,2,108000,1.000591133
121820,121826,123308,6,1482,2,36000,1.004048583
121848,121855,123702,7,1847,2,36000,1.00378992962
121871,121878,123261,7,1383,2,36000,1.00506146059
121894,121900,123297,6,1397,2,36000,1.00429491768
121916,121922,122960,6,1038,2,36000,1.00578034682
121953,121960,123533,7,1573,2,36000,1.00445009536
121972,121978,123046,6,1068,2,36000,1.00561797753
121987,121993,123352,6,1359,2,36000,1.00441501104
122002,122008,123181,6,1173,2,36000,1.00511508951
122018,122024,124096,6,2072,2,36000,1.0028957529
122020,122030,158057,10,36027,2,36000,1.0002775696
122035,122041,123856,6,1815,2,36000,1.00330578512
122081,122087,124042,6,1955,2,36000,1.00306905371
122096,122102,123081,6,979,2,36000,1.00612870276
122098,122108,123341,10,1233,2,36000,1.00811030008
122148,122154,123998,6,1844,2,36000,1.0032537961
122233,122239,123193,6,954,2,36000,1.00628930818
122253,122259,123452,6,1193,2,36000,1.0050293378
122255,122265,124035,10,1770,2,36000,1.00564971751
122256,122270,123383,14,1113,2,36000,1.01257861635
122257,122275,123256,18,981,2,36000,1.01834862385
122259,122281,123512,22,1231,2,36000,1.01787164907
122278,122287,123503,9,1216,2,36000,1.00740131579
122279,122293,123418,14,1125,2,36000,1.01244444444
122281,122298,124129,17,1831,2,36000,1.00928454397
122282,122304,123211,22,907,2,36000,1.02425578831
122300,122310,123411,10,1101,2,36000,1.00908265213
122301,122315,123499,14,1184,2,36000,1.01182432432
122329,122336,123351,7,1015,2,36000,1.00689655172
122331,122342,123451,11,1109,2,36000,1.00991884581
122350,122356,123707,6,1351,2,36000,1.0044411547
122351,122362,123220,11,858,2,36000,1.01282051282
122352,122367,124115,15,1748,2,36000,1.0085812357
122354,122373,123638,19,1265,2,36000,1.01501976285
122371,122379,123562,8,1183,2,36000,1.0067624683
122389,122395,123618,6,1223,2,36000,1.00490596893
122390,122401,124222,11,1821,2,36000,1.00604063701
122440,122446,123493,6,1047,2,36000,1.00573065903
122456,122462,123677,6,1215,2,36000,1.0049382716
122475,122481,123523,6,1042,2,36000,1.00575815739
122492,122498,123538,6,1040,2,36000,1.00576923077
122493,122504,123681,11,1177,2,36000,1.00934579439
122511,122518,123711,7,1193,2,36000,1.00586756077
122527,122533,123617,6,1084,2,36000,1.00553505535
122542,122548,124070,6,1522,2,36000,1.00394218134
122557,122563,123725,6,1162,2,36000,1.00516351119
122575,122581,123508,6,927,2,36000,1.00647249191
122593,122600,123709,7,1109,2,36000,1.00631199279
122624,122630,124442,6,1812,2,36000,1.00331125828
122626,122636,123661,10,1025,2,36000,1.00975609756
122641,122647,123653,6,1006,2,36000,1.00596421471
122642,122653,124171,11,1518,2,36000,1.00724637681
122657,122663,124403,6,1740,2,36000,1.00344827586
122658,122668,554684,10,432016,2,432000,1.00002314729
122673,122679,124338,6,1659,2,36000,1.00361663653
122674,122685,124522,11,1837,2,36000,1.00598802395
122675,122690,124438,15,1748,2,36000,1.0085812357
122716,122722,123918,6,1196,2,36000,1.00501672241
122717,122728,123979,11,1251,2,36000,1.00879296563
122736,122742,124179,6,1437,2,36000,1.00417536534
122744,122751,132117,7,9366,2,108000,1.00074738416
122752,122758,124708,6,1950,2,36000,1.00307692308
122754,122764,124001,10,1237,2,36000,1.00808407437
122755,122769,123838,14,1069,2,36000,1.01309635173
122756,122775,123867,19,1092,2,36000,1.0173992674
122777,122783,123876,6,1093,2,36000,1.0054894785
122779,122790,124591,11,1801,2,36000,1.00610771793
122795,122801,123958,6,1157,2,36000,1.00518582541
122796,122807,124620,11,1813,2,36000,1.00606729178
122797,122812,124389,15,1577,2,36000,1.00951173114
122813,122819,124179,6,1360,2,36000,1.00441176471
122829,122835,124639,6,1804,2,36000,1.00332594235
122830,122841,123910,11,1069,2,36000,1.01028999065
122845,122851,123884,6,1033,2,36000,1.00580832527
122870,122877,124790,7,1913,2,36000,1.00365917407
122887,122893,124307,6,1414,2,36000,1.00424328147
122906,122912,124091,6,1179,2,36000,1.00508905852
122939,122945,124880,6,1935,2,36000,1.00310077519
122941,122951,124963,10,2012,2,36000,1.00497017893
122942,122956,124270,14,1314,2,36000,1.01065449011
122959,122965,123909,6,944,2,36000,1.0063559322
122968,122974,145267,6,22293,4,172800,1.00026914278
122973,122980,124733,7,1753,2,36000,1.00399315459
122998,123004,123987,6,983,2,36000,1.00610376399
123016,123022,124802,6,1780,2,36000,1.00337078652
123018,123028,124089,10,1061,2,36000,1.00942507069
123038,123097,272831,59,149734,4,172800,1.00039403208
123045,123051,124171,6,1120,2,36000,1.00535714286
123060,123067,124478,7,1411,2,36000,1.00496102055
123083,123089,125324,6,2235,2,36000,1.00268456376
123102,123108,124075,6,967,2,36000,1.00620475698
123103,123114,124288,11,1174,2,36000,1.00936967632
123104,123119,124092,15,973,2,36000,1.01541623844
123133,123139,124615,6,1476,2,36000,1.00406504065
123179,123185,124548,6,1363,2,36000,1.00440205429
123197,123204,124284,7,1080,2,36000,1.00648148148
123199,123210,124296,11,1086,2,36000,1.01012891344
123216,123222,124587,6,1365,2,36000,1.0043956044
123217,123228,124464,11,1236,2,36000,1.00889967638
123232,123239,124555,7,1316,2,36000,1.00531914894
123258,123264,124497,6,1233,2,36000,1.00486618005
123274,123280,124939,6,1659,2,36000,1.00361663653
123275,123286,125083,11,1797,2,36000,1.0061213133
123277,123291,124535,14,1244,2,36000,1.01125401929
123299,123305,124354,6,1049,2,36000,1.00571973308
123317,123323,124423,6,1100,2,36000,1.00545454545
123344,123350,124709,6,1359,2,36000,1.00441501104
123348,123363,123407,15,44,4,172800,1.34090909091
123360,123369,124433,9,1064,2,36000,1.00845864662
123362,123374,124504,12,1130,2,36000,1.01061946903
123381,123386,125153,5,1767,2,36000,1.00282965478
123382,123392,125207,10,1815,2,36000,1.00550964187
123408,123414,124607,6,1193,2,36000,1.0050293378
123414,123422,139389,8,15967,2,172800,1.00050103338
123424,123430,124846,6,1416,2,36000,1.00423728814
123425,123436,124404,11,968,2,36000,1.01136363636
123455,123462,124405,7,943,2,36000,1.00742311771
123457,123468,124560,11,1092,2,36000,1.01007326007
123497,123503,124888,6,1385,2,36000,1.00433212996
123514,123521,125224,7,1703,2,36000,1.00411039342
123516,123527,125040,11,1513,2,36000,1.00727032386
123517,123532,124490,15,958,2,36000,1.01565762004
123518,123537,124665,19,1128,2,36000,1.01684397163
123538,123543,125319,5,1776,2,36000,1.00281531532
123539,123550,124783,11,1233,2,36000,1.00892133009
123564,123571,159596,7,36025,2,36000,1.00019430951
123566,123576,124507,10,931,2,36000,1.01074113856
123633,123639,124670,6,1031,2,36000,1.00581959263
123634,123645,124777,11,1132,2,36000,1.00971731449
123657,123663,124791,6,1128,2,36000,1.00531914894
123658,123669,125039,11,1370,2,36000,1.00802919708
123672,123679,231714,7,108035,2,108000,1.00006479382
123674,123685,124583,11,898,2,36000,1.01224944321
123691,123697,125530,6,1833,2,36000,1.00327332242
123692,123703,125014,11,1311,2,36000,1.00839054157
123712,123718,124639,6,921,2,36000,1.00651465798
123713,123724,124904,11,1180,2,36000,1.0093220339
123714,123729,125219,15,1490,2,36000,1.01006711409
123716,123736,124908,20,1172,2,36000,1.01706484642
123734,123742,125699,8,1957,2,36000,1.00408788963
123851,123857,165048,6,41191,2,43200,1.00014566289
123863,123870,124919,7,1049,2,36000,1.00667302193
123865,123876,125031,11,1155,2,36000,1.00952380952
123883,123889,124977,6,1088,2,36000,1.00551470588
123884,123895,125337,11,1442,2,36000,1.00762829404
123901,123907,125007,6,1100,2,36000,1.00545454545
123918,123924,125812,6,1888,2,36000,1.0031779661
123919,123930,125293,11,1363,2,36000,1.00807043287
123920,123935,125035,15,1100,2,36000,1.01363636364
123959,123965,126077,6,2112,2,36000,1.00284090909
123982,123988,125171,6,1183,2,36000,1.00507185123
124003,124010,125152,7,1142,2,36000,1.0061295972
124005,124016,125051,11,1035,2,36000,1.01062801932
124006,124021,125006,15,985,2,36000,1.0152284264
124038,124044,125946,6,1902,2,36000,1.00315457413
124053,124059,125448,6,1389,2,36000,1.00431965443
124085,124092,125257,7,1165,2,36000,1.00600858369
124087,124098,125092,11,994,2,36000,1.01106639839
124117,124123,125766,6,1643,2,36000,1.00365185636
124118,124129,125284,11,1155,2,36000,1.00952380952
124119,124134,125843,15,1709,2,36000,1.00877706261
124121,124140,125282,19,1142,2,36000,1.01663747811
124122,124145,125283,23,1138,2,36000,1.02021089631
124190,124197,125189,7,992,2,36000,1.00705645161
124192,124203,124996,11,793,2,36000,1.01387137453
124193,124208,125965,15,1757,2,36000,1.00853727945
124194,124214,125274,20,1060,2,36000,1.01886792453
124196,124219,125991,23,1772,2,36000,1.01297968397
124228,124234,125300,6,1066,2,36000,1.00562851782
124271,124277,125473,6,1196,2,36000,1.00501672241
124288,124294,125567,6,1273,2,36000,1.00471327573
124290,124300,126142,10,1842,2,36000,1.00542888165
124306,124312,126106,6,1794,2,36000,1.00334448161
124325,124331,126251,6,1920,2,36000,1.003125
124341,124348,126176,7,1828,2,36000,1.00382932166
124358,124364,125596,6,1232,2,36000,1.00487012987
124392,124398,126157,6,1759,2,36000,1.00341102899
124409,124415,160453,6,36038,2,36000,1.00016649093
124410,124421,125549,11,1128,2,36000,1.00975177305
124412,124426,126264,14,1838,2,36000,1.00761697497
124428,124434,160440,6,36006,2,36000,1.00016663889
124444,124451,125700,7,1249,2,36000,1.00560448359
124446,124457,126149,11,1692,2,36000,1.00650118203
124447,124462,125381,15,919,2,36000,1.01632208923
124466,124472,125728,6,1256,2,36000,1.00477707006
124482,124489,125656,7,1167,2,36000,1.0059982862
124501,124507,125573,6,1066,2,36000,1.00562851782
124502,124513,125535,11,1022,2,36000,1.01076320939
124529,124536,126429,7,1893,2,36000,1.00369783413
124531,124542,126147,11,1605,2,36000,1.00685358255
124532,124547,125809,15,1262,2,36000,1.0118858954
124548,124554,126457,6,1903,2,36000,1.00315291645
124550,124560,125816,10,1256,2,36000,1.00796178344
124566,124572,126272,6,1700,2,36000,1.00352941176
124568,124578,125927,10,1349,2,36000,1.00741289844
124588,124594,125534,6,940,2,36000,1.00638297872
124589,124600,126204,11,1604,2,36000,1.00685785536
124605,124612,126098,7,1486,2,36000,1.00471063257
124609,124618,150562,9,25944,2,108000,1.00034690102
124624,124630,125804,6,1174,2,36000,1.00511073254
124625,124636,126301,11,1665,2,36000,1.00660660661
124626,124641,125691,15,1050,2,36000,1.01428571429
124647,124653,126015,6,1362,2,36000,1.00440528634
124648,124659,125871,11,1212,2,36000,1.00907590759
124669,124675,125707,6,1032,2,36000,1.00581395349
124687,124693,125974,6,1281,2,36000,1.00468384075
124711,124717,125768,6,1051,2,36000,1.00570884872
124712,124723,125840,11,1117,2,36000,1.00984780662
124735,124741,125749,6,1008,2,36000,1.00595238095
124780,124786,126358,6,1572,2,36000,1.00381679389
124803,124809,125899,6,1090,2,36000,1.00550458716
124804,124815,125879,11,1064,2,36000,1.01033834586
124806,124820,126592,14,1772,2,36000,1.0079006772
124807,124826,125974,19,1148,2,36000,1.01655052265
124850,124856,125911,6,1055,2,36000,1.00568720379
124881,124887,126768,6,1881,2,36000,1.00318979266
124898,124904,126059,6,1155,2,36000,1.00519480519
124917,124924,126036,7,1112,2,36000,1.00629496403
124919,124929,125937,10,1008,2,36000,1.00992063492
124936,124942,125860,6,918,2,36000,1.00653594771
124955,124961,126030,6,1069,2,36000,1.00561272217
124976,124982,126914,6,1932,2,36000,1.00310559006
125006,125012,126212,6,1200,2,36000,1.005
125007,125018,126177,11,1159,2,36000,1.00949094047
125029,125035,126783,6,1748,2,36000,1.00343249428
125030,125041,126102,11,1061,2,36000,1.01036757776
125032,125046,126223,14,1177,2,36000,1.01189464741
125069,125075,126139,6,1064,2,36000,1.00563909774
125070,125081,126097,11,1016,2,36000,1.01082677165
125071,125086,127017,15,1931,2,36000,1.00776799586
125073,125092,126195,19,1103,2,36000,1.01722574796
125074,125097,125979,23,882,2,36000,1.02607709751
125102,125108,126692,6,1584,2,36000,1.00378787879
125103,125114,127050,11,1936,2,36000,1.00568181818
125164,125170,126615,6,1445,2,36000,1.00415224913
125165,125176,126348,11,1172,2,36000,1.00938566553
125183,125189,126100,6,911,2,36000,1.00658616905
125210,125216,127241,6,2025,2,36000,1.00296296296
125211,125222,126158,11,936,2,36000,1.01175213675
125229,125235,126614,6,1379,2,36000,1.00435097897
125230,125241,126388,11,1147,2,36000,1.0095902354
125293,125313,154515,20,29202,10,43200,1.0006848846
125294,125301,126367,7,1066,2,36000,1.00656660413
125296,125307,127212,11,1905,2,36000,1.00577427822
125297,125318,126466,21,1148,2,36000,1.01829268293
125298,125324,126635,26,1311,2,36000,1.01983218917
125300,125329,126415,29,1086,2,36000,1.02670349908
125301,125334,126443,33,1109,2,36000,1.02975653742
125326,125340,127219,14,1879,2,36000,1.00745077169
125327,125345,126449,18,1104,2,36000,1.01630434783
125328,125351,127004,23,1653,2,36000,1.01391409558
125345,125357,126391,12,1034,2,36000,1.01160541586
125384,125390,126318,6,928,2,36000,1.00646551724
125450,125456,126915,6,1459,2,36000,1.00411240576
125475,125481,131935,6,6454,2,108000,1.00092965603
125478,125487,127508,9,2021,2,36000,1.00445324097
125534,125540,126541,6,1001,2,36000,1.00599400599
125535,125546,127502,11,1956,2,36000,1.00562372188
125554,125559,126712,5,1153,2,36000,1.00433651344
125555,125566,127552,11,1986,2,36000,1.0055387714
125573,125579,127146,6,1567,2,36000,1.00382897256
125574,125585,127078,11,1493,2,36000,1.00736771601
125601,125607,126817,6,1210,2,36000,1.00495867769
125658,125664,126640,6,976,2,36000,1.00614754098
125695,125701,127329,6,1628,2,36000,1.00368550369
125711,125717,126925,6,1208,2,36000,1.00496688742
125712,125723,126780,11,1057,2,36000,1.01040681173
125714,125728,126634,14,906,2,36000,1.01545253863
125730,125736,127010,6,1274,2,36000,1.00470957614
125752,125758,127511,6,1753,2,36000,1.00342270394
125768,125774,127751,6,1977,2,36000,1.00303490137
125769,125780,161807,11,36027,2,36000,1.00030532656
125806,125812,127503,6,1691,2,36000,1.00354819633
125823,125829,161850,6,36021,2,36000,1.0001665695
125824,125840,127818,16,1978,2,36000,1.00808897877
125825,125845,127072,20,1227,2,36000,1.0162999185
125827,125835,222805,8,96970,2,108000,1.00008249974
125842,125851,126757,9,906,2,36000,1.00993377483
125857,125863,127093,6,1230,2,36000,1.00487804878
125874,125880,127011,6,1131,2,36000,1.00530503979
125875,125886,126943,11,1057,2,36000,1.01040681173
125891,125897,127440,6,1543,2,36000,1.00388852884
125906,125912,127543,6,1631,2,36000,1.00367872471
125922,125929,126941,7,1012,2,36000,1.00691699605
125939,125945,127003,6,1058,2,36000,1.0056710775
125940,125951,127837,11,1886,2,36000,1.00583244963
125956,125962,126907,6,945,2,36000,1.00634920635
125972,125978,127007,6,1029,2,36000,1.00583090379
125988,125995,127088,7,1093,2,36000,1.00640439158
125990,126000,126993,10,993,2,36000,1.01007049345
125991,126007,127231,16,1224,2,36000,1.01307189542
126009,126015,127990,6,1975,2,36000,1.00303797468
126025,126031,127144,6,1113,2,36000,1.00539083558
126040,126047,127097,7,1050,2,36000,1.00666666667
126042,126053,127726,11,1673,2,36000,1.00657501494
126062,126068,127251,6,1183,2,36000,1.00507185123
126079,126086,127224,7,1138,2,36000,1.00615114236
126099,126105,127158,6,1053,2,36000,1.0056980057
126101,126111,127381,10,1270,2,36000,1.00787401575
126118,126124,127065,6,941,2,36000,1.00637619554
126119,126130,127523,11,1393,2,36000,1.00789662599
126120,126135,127192,15,1057,2,36000,1.01419110691
126139,126147,127342,8,1195,2,36000,1.00669456067
126156,126163,127298,7,1135,2,36000,1.00616740088
126158,126169,127256,11,1087,2,36000,1.01011959522
126159,126174,127182,15,1008,2,36000,1.01488095238
126177,126183,127206,6,1023,2,36000,1.00586510264
126178,126189,127248,11,1059,2,36000,1.0103871577
126180,126194,127866,14,1672,2,36000,1.00837320574
126196,126202,127369,6,1167,2,36000,1.00514138817
126197,126208,127420,11,1212,2,36000,1.00907590759
126214,126220,127232,6,1012,2,36000,1.00592885375
126215,126226,127439,11,1213,2,36000,1.00906842539
126230,126237,127264,7,1027,2,36000,1.00681596884
126252,126258,127285,6,1027,2,36000,1.00584225901
126269,126275,127942,6,1667,2,36000,1.00359928014
126271,126626,164623,355,37997,18,288000,1.00934284286
126285,126291,127384,6,1093,2,36000,1.0054894785
126304,126310,128208,6,1898,2,36000,1.00316122234
126320,126327,128028,7,1701,2,36000,1.00411522634
126349,126356,127394,7,1038,2,36000,1.00674373796
126366,126372,127367,6,995,2,36000,1.00603015075
126384,126390,127408,6,1018,2,36000,1.00589390963
126400,126406,128063,6,1657,2,36000,1.00362100181
126402,126412,128270,10,1858,2,36000,1.00538213132
126417,126423,127575,6,1152,2,36000,1.00520833333
126435,126440,128062,5,1622,2,36000,1.00308261406
126451,126457,128288,6,1831,2,36000,1.00327689787
126452,126463,128128,11,1665,2,36000,1.00660660661
126479,126485,127682,6,1197,2,36000,1.00501253133
126480,126491,127643,11,1152,2,36000,1.00954861111
126542,126548,127566,6,1018,2,36000,1.00589390963
126596,126602,127677,6,1075,2,36000,1.00558139535
126644,126650,128509,6,1859,2,36000,1.00322754169
126645,126656,127516,11,860,2,36000,1.01279069767
126646,126661,127694,15,1033,2,36000,1.01452081317
126648,126667,127763,19,1096,2,36000,1.01733576642
126649,126672,127968,23,1296,2,36000,1.01774691358
126696,126702,127871,6,1169,2,36000,1.00513259196
126714,126721,127983,7,1262,2,36000,1.00554675119
126723,126729,128898,6,2169,2,108000,1.00276625173
126758,126764,127927,6,1163,2,36000,1.00515907137
126774,126779,127750,5,971,2,36000,1.00514933059
126790,126796,128585,6,1789,2,36000,1.00335382895
126791,126802,127846,11,1044,2,36000,1.01053639847
126818,126824,128073,6,1249,2,36000,1.00480384307
126908,126915,128065,7,1150,2,36000,1.00608695652
126925,126931,128823,6,1892,2,36000,1.00317124736
126926,126937,128440,11,1503,2,36000,1.00731869594
126943,126949,128855,6,1906,2,36000,1.00314795383
126944,126955,128245,11,1290,2,36000,1.00852713178
126946,126960,128436,14,1476,2,36000,1.00948509485
126996,127002,128142,6,1140,2,36000,1.00526315789
127013,127020,128676,7,1656,2,36000,1.00422705314
127015,127025,128076,10,1051,2,36000,1.00951474786
127016,127032,128662,16,1630,2,36000,1.00981595092
127017,127037,163040,20,36003,2,36000,1.00055550926
127019,127042,128275,23,1233,2,36000,1.01865369019
127035,127049,128016,14,967,2,36000,1.01447776629
127050,127056,128086,6,1030,2,36000,1.00582524272
127066,127072,128167,6,1095,2,36000,1.00547945205
127083,127089,128460,6,1371,2,36000,1.00437636761
127085,127095,128107,10,1012,2,36000,1.00988142292
127100,127107,128431,7,1324,2,36000,1.00528700906
127102,127113,129037,11,1924,2,36000,1.00571725572
127103,127118,128364,15,1246,2,36000,1.01203852327
127147,127153,128426,6,1273,2,36000,1.00471327573
127149,127159,129172,10,2013,2,36000,1.00496770989
127164,127170,128202,6,1032,2,36000,1.00581395349
127184,127190,128429,6,1239,2,36000,1.00484261501
127200,127206,128569,6,1363,2,36000,1.00440205429
127212,127218,127234,6,16,1,3600,1.375
127217,127224,129107,7,1883,2,36000,1.00371747212
127218,127229,128168,11,939,2,36000,1.01171458999
127235,127242,128542,7,1300,2,36000,1.00538461538
127237,127248,128106,11,858,2,36000,1.01282051282
127238,127253,128433,15,1180,2,36000,1.01271186441
127239,127259,128719,20,1460,2,36000,1.01369863014
127258,127265,128608,7,1343,2,36000,1.00521221147
127259,127270,128165,11,895,2,36000,1.01229050279
127260,127282,128350,22,1068,2,36000,1.02059925094
127262,127287,128323,25,1036,2,36000,1.02413127413
127270,127276,127539,6,263,1,3600,1.02281368821
127279,127293,128480,14,1187,2,36000,1.01179443976
127295,127301,163315,6,36014,2,36000,1.00016660188
127295,127309,127314,14,5,1,1200,1.9
127311,127317,128375,6,1058,2,36000,1.0056710775
127330,127336,128799,6,1463,2,36000,1.004101162
127346,127352,129359,6,2007,2,36000,1.00298953662
127369,127375,129060,6,1685,2,36000,1.00356083086
127371,127381,128967,10,1586,2,36000,1.00630517024
127386,127392,129201,6,1809,2,36000,1.00331674959
127387,127398,128550,11,1152,2,36000,1.00954861111
127404,127410,128865,6,1455,2,36000,1.00412371134
127424,127430,128585,6,1155,2,36000,1.00519480519
127425,127436,129189,11,1753,2,36000,1.00627495722
127441,127447,128502,6,1055,2,36000,1.00568720379
127442,127453,129217,11,1764,2,36000,1.00623582766
127504,127510,128505,6,995,2,36000,1.00603015075
127505,127516,128677,11,1161,2,36000,1.00947459087
127523,127530,128568,7,1038,2,36000,1.00674373796
127525,127535,128806,10,1271,2,36000,1.00786782061
127526,127541,128607,15,1066,2,36000,1.01407129456
127527,127546,129138,19,1592,2,36000,1.01193467337
127547,127554,129005,7,1451,2,36000,1.00482425913
127564,127570,128605,6,1035,2,36000,1.00579710145
127580,127586,129347,6,1761,2,36000,1.00340715503
127582,127592,129617,10,2025,2,36000,1.0049382716
127646,127652,128758,6,1106,2,36000,1.00542495479
127678,127684,129340,6,1656,2,36000,1.00362318841
127693,127699,128874,6,1175,2,36000,1.00510638298
127708,127714,163725,6,36011,2,36000,1.00016661576
127728,127734,129438,6,1704,2,36000,1.00352112676
127733,127740,127743,7,3,1,1200,1.0
127753,127759,129260,6,1501,2,36000,1.00399733511
127755,127765,128896,10,1131,2,36000,1.00884173298
127771,127777,129088,6,1311,2,36000,1.00457665904
127840,127846,129014,6,1168,2,36000,1.0051369863
127858,127864,129235,6,1371,2,36000,1.00437636761
127859,127870,128863,11,993,2,36000,1.0110775428
127875,127881,129034,6,1153,2,36000,1.00520381613
127876,127887,129023,11,1136,2,36000,1.00968309859
127930,127936,129088,6,1152,2,36000,1.00520833333
127946,127952,128818,6,866,2,36000,1.00692840647
127988,127994,129604,6,1610,2,36000,1.00372670807
127990,128000,129130,10,1130,2,36000,1.00884955752
128006,128012,130076,6,2064,2,36000,1.00290697674
128024,128030,128966,6,936,2,36000,1.00641025641
128057,128063,129655,6,1592,2,36000,1.00376884422
128076,128082,129530,6,1448,2,36000,1.00414364641
128077,128088,130007,11,1919,2,36000,1.00573215216
128078,128093,130044,15,1951,2,36000,1.00768836494
128080,128099,129220,19,1121,2,36000,1.01694915254
128081,128104,129266,23,1162,2,36000,1.01979345955
128097,128110,129907,13,1797,2,36000,1.00723427935
128114,128120,129337,6,1217,2,36000,1.00493015612
128115,128126,129238,11,1112,2,36000,1.00989208633
128131,128137,129330,6,1193,2,36000,1.0050293378
128147,128153,129591,6,1438,2,36000,1.00417246175
128167,128173,129808,6,1635,2,36000,1.00366972477
128172,128179,139007,7,10828,1,10800,1.00064647211
128184,128190,129314,6,1124,2,36000,1.00533807829
128185,128196,129157,11,961,2,36000,1.01144640999
128204,128210,129375,6,1165,2,36000,1.00515021459
128221,128227,129846,6,1619,2,36000,1.00370599135
128248,128254,129617,6,1363,2,36000,1.00440205429
128271,128277,129496,6,1219,2,36000,1.00492206727
128288,128294,164340,6,36046,2,36000,1.00016645398
128289,128300,129521,11,1221,2,36000,1.00900900901
128326,128332,129239,6,907,2,36000,1.00661521499
128352,128359,129376,7,1017,2,36000,1.00688298918
128368,128374,129312,6,938,2,36000,1.00639658849
128384,128391,129404,7,1013,2,36000,1.00691016782
128428,128434,129562,6,1128,2,36000,1.00531914894
128448,128454,129342,6,888,2,36000,1.00675675676
128449,128460,129670,11,1210,2,36000,1.00909090909
128451,128465,130070,14,1605,2,36000,1.00872274143
128452,128471,129777,19,1306,2,36000,1.0145482389
128453,128476,129662,23,1186,2,36000,1.01939291737
128470,128482,130319,12,1837,2,36000,1.00653238977
128486,128492,129380,6,888,2,36000,1.00675675676
128506,128512,130103,6,1591,2,36000,1.00377121307
128507,128518,129436,11,918,2,36000,1.01198257081
128524,128530,130388,6,1858,2,36000,1.00322927879
128543,128549,129591,6,1042,2,36000,1.00575815739
128560,128566,129659,6,1093,2,36000,1.0054894785
128576,128582,130434,6,1852,2,36000,1.00323974082
128577,128588,129732,11,1144,2,36000,1.00961538462
128595,128601,130543,6,1942,2,36000,1.00308959835
128596,128607,130037,11,1430,2,36000,1.00769230769
128613,128618,129540,5,922,2,36000,1.00542299349
128614,128624,130396,10,1772,2,36000,1.00564334086
128615,128630,129556,15,926,2,36000,1.0161987041
128663,128669,130429,6,1760,2,36000,1.00340909091
128679,128685,129683,6,998,2,36000,1.00601202405
128680,128691,130072,11,1381,2,36000,1.00796524258
128721,128727,129873,6,1146,2,36000,1.00523560209
128760,128766,129788,6,1022,2,36000,1.00587084149
128786,128822,236837,36,108015,2,108000,1.00033328704
128810,128816,130461,6,1645,2,36000,1.00364741641
128812,128827,129830,15,1003,2,36000,1.0149551346
128842,128849,130562,7,1713,2,36000,1.00408639813
128844,128854,130710,10,1856,2,36000,1.00538793103
128860,128866,130544,6,1678,2,36000,1.00357568534
128877,128883,130750,6,1867,2,36000,1.00321371184
128878,128889,130410,11,1521,2,36000,1.00723208416
128879,128894,129917,15,1023,2,36000,1.0146627566
128898,128904,130101,6,1197,2,36000,1.00501253133
128981,128987,130107,6,1120,2,36000,1.00535714286
128983,128993,130133,10,1140,2,36000,1.00877192982
129005,129011,130605,6,1594,2,36000,1.00376411543
129020,129027,130823,7,1796,2,36000,1.00389755011
129036,129042,130179,6,1137,2,36000,1.00527704485
129038,129048,130833,10,1785,2,36000,1.0056022409
129039,129053,130665,14,1612,2,36000,1.00868486352
129061,129067,130322,6,1255,2,36000,1.00478087649
129089,129096,130845,7,1749,2,36000,1.00400228702
129091,129102,130480,11,1378,2,36000,1.00798258345
129109,129115,130211,6,1096,2,36000,1.00547445255
129131,129138,131286,7,2148,2,36000,1.00325884544
129147,129153,130524,6,1371,2,36000,1.00437636761
129163,129168,130983,5,1815,2,36000,1.00275482094
129178,129184,130901,6,1717,2,36000,1.00349446709
129193,129199,131170,6,1971,2,36000,1.00304414003
129208,129215,130194,7,979,2,36000,1.00715015322
129224,129231,130440,7,1209,2,36000,1.00578990902
129226,129237,130611,11,1374,2,36000,1.00800582242
129242,129248,131315,6,2067,2,36000,1.00290275762
129243,129254,130744,11,1490,2,36000,1.00738255034
129245,129259,130201,14,942,2,36000,1.01486199575
129260,129266,130790,6,1524,2,36000,1.00393700787
129276,129282,130440,6,1158,2,36000,1.00518134715
129313,129319,130479,6,1160,2,36000,1.00517241379
129328,129335,130701,7,1366,2,36000,1.00512445095
129345,129351,130443,6,1092,2,36000,1.00549450549
129346,129357,130414,11,1057,2,36000,1.01040681173
129348,129362,131282,14,1920,2,36000,1.00729166667
129349,129368,130261,19,893,2,36000,1.02127659574
129365,129374,130657,9,1283,2,36000,1.00701480904
129366,129379,130844,13,1465,2,36000,1.00887372014
129382,129389,130371,7,982,2,36000,1.00712830957
129384,129395,130720,11,1325,2,36000,1.00830188679
129385,129400,130369,15,969,2,36000,1.01547987616
129405,129411,131084,6,1673,2,36000,1.00358637179
129436,129442,131121,6,1679,2,36000,1.00357355569
129451,129457,130629,6,1172,2,36000,1.00511945392
129496,129502,130595,6,1093,2,36000,1.0054894785
129521,129527,131422,6,1895,2,36000,1.00316622691
129537,129543,130679,6,1136,2,36000,1.00528169014
129552,129559,130693,7,1134,2,36000,1.00617283951
129569,129574,130773,5,1199,2,36000,1.00417014178
129570,129580,130637,10,1057,2,36000,1.00946073794
129593,129599,130505,6,906,2,36000,1.00662251656
129594,129605,130524,11,919,2,36000,1.0119695321
129611,129617,131007,6,1390,2,36000,1.00431654676
129628,129634,130708,6,1074,2,36000,1.00558659218
129629,129640,131687,11,2047,2,36000,1.00537371764
129658,129664,131021,6,1357,2,36000,1.00442151805
129674,129680,130663,6,983,2,36000,1.00610376399
129675,129686,130804,11,1118,2,36000,1.00983899821
129677,129691,130682,14,991,2,36000,1.0141271443
129692,129698,130788,6,1090,2,36000,1.00550458716
129733,129739,131387,6,1648,2,36000,1.0036407767
129739,129745,205925,6,76180,2,108000,1.00007876083
129780,129786,131720,6,1934,2,36000,1.00310237849
129796,129802,130904,6,1102,2,36000,1.0054446461
129811,129817,131544,6,1727,2,36000,1.00347423277
129833,129839,130794,6,955,2,36000,1.00628272251
129849,129855,130859,6,1004,2,36000,1.00597609562
129877,129883,130802,6,919,2,36000,1.00652883569
129909,129915,131703,6,1788,2,36000,1.0033557047
129928,129935,131437,7,1502,2,36000,1.00466045273
130008,130014,131144,6,1130,2,36000,1.00530973451
130038,130045,131908,7,1863,2,36000,1.00375738057
130054,130060,131683,6,1623,2,36000,1.00369685767
130073,130079,131783,6,1704,2,36000,1.00352112676
130074,130085,131262,11,1177,2,36000,1.00934579439
130090,130096,131100,6,1004,2,36000,1.00597609562
130106,130112,131463,6,1351,2,36000,1.0044411547
130107,130118,131538,11,1420,2,36000,1.00774647887
130122,130129,131391,7,1262,2,36000,1.00554675119
130138,130144,131899,6,1755,2,36000,1.00341880342
130179,130185,131382,6,1197,2,36000,1.00501253133
130197,130203,131194,6,991,2,36000,1.00605449041
130214,130220,131618,6,1398,2,36000,1.00429184549
130215,130226,131354,11,1128,2,36000,1.00975177305
130262,130268,131361,6,1093,2,36000,1.0054894785
130322,130328,132076,6,1748,2,36000,1.00343249428
130323,130334,132430,11,2096,2,36000,1.0052480916
130372,130378,131969,6,1591,2,36000,1.00377121307
130373,130384,131572,11,1188,2,36000,1.00925925926
130389,130395,132022,6,1627,2,36000,1.0036877689
130410,130416,132296,6,1880,2,36000,1.00319148936
130435,130440,131325,5,885,2,36000,1.00564971751
130436,130446,132255,10,1809,2,36000,1.00552791598
130437,130451,131488,14,1037,2,36000,1.01350048216
130438,130456,132382,18,1926,2,36000,1.00934579439
130456,130463,131427,7,964,2,36000,1.00726141079
130457,130468,132188,11,1720,2,36000,1.00639534884
130458,130474,131585,16,1111,2,36000,1.01440144014
130474,130480,131511,6,1031,2,36000,1.00581959263
130489,130496,131818,7,1322,2,36000,1.00529500756
130491,130501,132005,10,1504,2,36000,1.00664893617
130506,130512,131773,6,1261,2,36000,1.00475812847
130525,130531,132437,6,1906,2,36000,1.00314795383
130526,130537,132301,11,1764,2,36000,1.00623582766
130545,130551,131543,6,992,2,36000,1.0060483871
130546,130557,166577,11,36020,2,36000,1.0003053859
130566,130572,132414,6,1842,2,36000,1.00325732899
130597,130603,131646,6,1043,2,36000,1.00575263663
130613,130619,132416,6,1797,2,36000,1.00333889816
130614,130625,131794,11,1169,2,36000,1.00940975192
130630,130636,132023,6,1387,2,36000,1.0043258832
130646,130652,131674,6,1022,2,36000,1.00587084149
130662,130668,132627,6,1959,2,36000,1.00306278714
130678,130684,131733,6,1049,2,36000,1.00571973308
130679,130690,132120,11,1430,2,36000,1.00769230769
130696,130703,132421,7,1718,2,36000,1.00407450524
130697,130708,132483,11,1775,2,36000,1.0061971831
130699,130714,132275,15,1561,2,36000,1.00960922486
130716,130722,131798,6,1076,2,36000,1.00557620818
130717,130728,132053,11,1325,2,36000,1.00830188679
130719,130733,132231,14,1498,2,36000,1.00934579439
130734,130740,131893,6,1153,2,36000,1.00520381613
130751,130756,131896,5,1140,2,36000,1.00438596491
130752,130762,132601,10,1839,2,36000,1.0054377379
130776,130782,132788,6,2006,2,36000,1.00299102692
130792,130799,132246,7,1447,2,36000,1.00483759502
130794,130805,132187,11,1382,2,36000,1.00795947902
130811,130817,132558,6,1741,2,36000,1.00344629523
130812,130823,132102,11,1279,2,36000,1.00860046912
130814,130828,132685,14,1857,2,36000,1.00753904146
130830,130837,131900,7,1063,2,36000,1.00658513641
130847,130853,132029,6,1176,2,36000,1.00510204082
130848,130859,132882,11,2023,2,36000,1.00543746911
130850,130864,132146,14,1282,2,36000,1.01092043682
130865,130871,132096,6,1225,2,36000,1.00489795918
130903,130909,132590,6,1681,2,36000,1.00356930399
130905,130915,132214,10,1299,2,36000,1.00769822941
130984,130991,132561,7,1570,2,36000,1.00445859873
131007,131013,132127,6,1114,2,36000,1.00538599641
131022,131029,131983,7,954,2,36000,1.00733752621
131084,131091,132105,7,1014,2,36000,1.00690335306
131101,131107,132914,6,1807,2,36000,1.00332042059
131124,131130,133052,6,1922,2,36000,1.00312174818
131146,131153,132353,7,1200,2,36000,1.00583333333
131172,131178,133099,6,1921,2,36000,1.00312337324
131195,131201,132189,6,988,2,36000,1.00607287449
131262,131268,132353,6,1085,2,36000,1.00552995392
131284,131290,133243,6,1953,2,36000,1.00307219662
131300,131306,132614,6,1308,2,36000,1.00458715596
131318,131324,133316,6,1992,2,36000,1.00301204819
131333,131339,132514,6,1175,2,36000,1.00510638298
131355,131361,132783,6,1422,2,36000,1.00421940928
131370,131376,132420,6,1044,2,36000,1.00574712644
131386,131392,132406,6,1014,2,36000,1.00591715976
131401,131407,132730,6,1323,2,36000,1.00453514739
131403,131413,132435,10,1022,2,36000,1.00978473581
131425,131431,132556,6,1125,2,36000,1.00533333333
131441,131447,133422,6,1975,2,36000,1.00303797468
131442,131453,132842,11,1389,2,36000,1.00791936645
131464,131470,132691,6,1221,2,36000,1.00491400491
131488,131494,167508,6,36014,2,36000,1.00016660188
131511,131517,133534,6,2017,2,36000,1.00297471492
131539,131545,132515,6,970,2,36000,1.00618556701
131555,131561,167573,6,36012,2,36000,1.00016661113
131556,131567,132677,11,1110,2,36000,1.00990990991
131571,131578,132566,7,988,2,36000,1.00708502024
131587,131593,132990,6,1397,2,36000,1.00429491768
131621,131627,132899,6,1272,2,36000,1.00471698113
131650,131657,132991,7,1334,2,36000,1.00524737631
131678,131684,132557,6,873,2,36000,1.00687285223
131706,131712,133455,6,1743,2,36000,1.00344234079
131708,131718,132656,10,938,2,36000,1.01066098081
131709,131723,132815,14,1092,2,36000,1.01282051282
131726,131732,132989,6,1257,2,36000,1.00477326969
131742,131749,132780,7,1031,2,36000,1.00678952473
131773,131779,133076,6,1297,2,36000,1.00462606014
131789,131794,132913,5,1119,2,36000,1.00446827525
131804,131811,133315,7,1504,2,36000,1.00465425532
131806,131816,133363,10,1547,2,36000,1.00646412411
131821,131827,133642,6,1815,2,36000,1.00330578512
131896,131902,133579,6,1677,2,36000,1.00357781753
131898,131908,133801,10,1893,2,36000,1.00528262018
131919,131925,133029,6,1104,2,36000,1.00543478261
131920,131931,132792,11,861,2,36000,1.01277584204
131921,131936,132981,15,1045,2,36000,1.01435406699
131971,131977,133105,6,1128,2,36000,1.00531914894
131990,131996,133003,6,1007,2,36000,1.00595829196
132007,132013,133048,6,1035,2,36000,1.00579710145
132026,132033,133055,7,1022,2,36000,1.00684931507
132028,132039,133102,11,1063,2,36000,1.0103480715
132044,132050,134090,6,2040,2,36000,1.00294117647
132059,132065,133169,6,1104,2,36000,1.00543478261
132078,132084,133240,6,1156,2,36000,1.00519031142
132097,132103,133230,6,1127,2,36000,1.00532386868
132113,132119,133108,6,989,2,36000,1.00606673407
132114,132125,168151,11,36026,2,36000,1.00030533504
132129,132136,133107,7,971,2,36000,1.00720906282
132131,132141,133939,10,1798,2,36000,1.00556173526
132146,132153,133313,7,1160,2,36000,1.00603448276
132191,132197,133636,6,1439,2,36000,1.0041695622
132192,132203,133439,11,1236,2,36000,1.00889967638
132193,132209,133362,16,1153,2,36000,1.01387684302
132216,132222,134066,6,1844,2,36000,1.0032537961
132231,132237,133574,6,1337,2,36000,1.00448765894
132250,132256,134408,6,2152,2,36000,1.00278810409
132265,132271,133834,6,1563,2,36000,1.00383877159
132280,132286,133441,6,1155,2,36000,1.00519480519
132299,132305,134093,6,1788,2,36000,1.0033557047
132314,132320,134087,6,1767,2,36000,1.00339558574
132354,132360,133417,6,1057,2,36000,1.00567644276
132356,132366,134108,10,1742,2,36000,1.00574052813
132384,132390,133663,6,1273,2,36000,1.00471327573
132408,132415,133688,7,1273,2,36000,1.00549882168
132426,132432,134244,6,1812,2,36000,1.00331125828
132427,132438,134193,11,1755,2,36000,1.00626780627
132429,132443,134274,14,1831,2,36000,1.00764609503
132430,132449,134249,19,1800,2,36000,1.01055555556
132446,132455,133502,9,1047,2,36000,1.00859598854
132447,132461,134112,14,1651,2,36000,1.00847970927
132449,132466,133423,17,957,2,36000,1.01776384535
132476,132482,133508,6,1026,2,36000,1.00584795322
132516,132522,134212,6,1690,2,36000,1.00355029586
132517,132528,133749,11,1221,2,36000,1.00900900901
132559,132565,168599,6,36034,2,36000,1.00016650941
132560,132571,134188,11,1617,2,36000,1.00680272109
132561,132577,133603,16,1026,2,36000,1.01559454191
132577,132583,134380,6,1797,2,36000,1.00333889816
132579,132589,133833,10,1244,2,36000,1.00803858521
132594,132600,133826,6,1226,2,36000,1.00489396411
132610,132616,133584,6,968,2,36000,1.00619834711
132625,132631,134297,6,1666,2,36000,1.00360144058
132641,132647,133743,6,1096,2,36000,1.00547445255
132660,132666,168712,6,36046,2,36000,1.00016645398
132680,132686,133965,6,1279,2,36000,1.00469116497
132705,132711,133849,6,1138,2,36000,1.00527240773
132707,132717,133664,10,947,2,36000,1.01055966209
132734,132740,134464,6,1724,2,36000,1.00348027842
132784,132790,133757,6,967,2,36000,1.00620475698
132786,132796,133908,10,1112,2,36000,1.00899280576
132802,132808,134549,6,1741,2,36000,1.00344629523
132803,132814,134447,11,1633,2,36000,1.00673606859
132827,132834,134829,7,1995,2,36000,1.00350877193
132846,132852,134495,6,1643,2,36000,1.00365185636
132883,132889,134082,6,1193,2,36000,1.0050293378
132901,132908,134089,7,1181,2,36000,1.00592718036
132917,132923,134693,6,1770,2,36000,1.00338983051
132918,132929,134005,11,1076,2,36000,1.01022304833
132983,132989,134979,6,1990,2,36000,1.00301507538
132999,133005,134140,6,1135,2,36000,1.00528634361
133001,133011,134099,10,1088,2,36000,1.00919117647
133002,133016,134128,14,1112,2,36000,1.01258992806
133017,133023,134007,6,984,2,36000,1.00609756098
133057,133063,134521,6,1458,2,36000,1.00411522634
133058,133069,134792,11,1723,2,36000,1.00638421358
133060,133074,134288,14,1214,2,36000,1.01153212521
133061,133079,134034,18,955,2,36000,1.01884816754
133062,133085,134066,23,981,2,36000,1.02344546381
133063,133090,134059,27,969,2,36000,1.02786377709
133065,133096,134890,31,1794,2,36000,1.01727982163
133066,133101,134109,35,1008,2,36000,1.03472222222
133067,133106,134399,39,1293,2,36000,1.03016241299
133069,133112,134116,43,1004,2,36000,1.04282868526
133070,133117,134219,47,1102,2,36000,1.04264972777
133071,133122,133979,51,857,2,36000,1.05950991832
133073,133127,134954,54,1827,2,36000,1.02955665025
133074,133139,134814,65,1675,2,36000,1.03880597015
133089,133145,134099,56,954,2,36000,1.05870020964
133105,133150,134436,45,1286,2,36000,1.03499222395
133106,133155,134150,49,995,2,36000,1.04924623116
133108,133160,134204,52,1044,2,36000,1.04980842912
133124,133180,134288,56,1108,2,36000,1.05054151625
133126,133242,134099,116,857,2,36000,1.13535589265
133172,133251,134351,79,1100,2,36000,1.07181818182
133232,133257,134375,25,1118,2,36000,1.02236135957
133247,133325,135132,78,1807,2,36000,1.04316546763
133249,133332,135084,83,1752,2,36000,1.04737442922
133314,133337,134570,23,1233,2,36000,1.01865369019
133330,133373,134390,43,1017,2,36000,1.04228121927
133331,133379,135328,48,1949,2,36000,1.02462801437
133362,133429,134815,67,1386,2,36000,1.04834054834
133377,133436,134580,59,1144,2,36000,1.05157342657
133418,133441,134505,23,1064,2,36000,1.02161654135
133433,133450,134403,17,953,2,36000,1.01783840504
133434,133456,134607,22,1151,2,36000,1.01911381407
133450,133467,135084,17,1617,2,36000,1.01051329623
133451,133514,169538,63,36024,2,36000,1.00174883411
133466,133521,134863,55,1342,2,36000,1.04098360656
133503,133546,134917,43,1371,2,36000,1.03136396791
133518,133586,135526,68,1940,2,36000,1.03505154639
133537,133592,134605,55,1013,2,36000,1.05429417572
133576,133598,134727,22,1129,2,36000,1.01948627104
133618,133624,135456,6,1832,2,36000,1.00327510917
133619,133647,134957,28,1310,2,36000,1.0213740458
133621,133654,135316,33,1662,2,36000,1.01985559567
133638,133674,135211,36,1537,2,36000,1.02342225114
133654,133680,135458,26,1778,2,36000,1.0146231721
133670,133699,135243,29,1544,2,36000,1.01878238342
133671,133755,134944,84,1189,2,36000,1.07064760303
133689,133761,134739,72,978,2,36000,1.0736196319
133744,133768,135042,24,1274,2,36000,1.01883830455
133760,133812,135084,52,1272,2,36000,1.04088050314
133761,133837,134955,76,1118,2,36000,1.06797853309
133804,133844,134891,40,1047,2,36000,1.03820439351
133827,133850,135017,23,1167,2,36000,1.01970865467
133839,133860,135104,21,1244,2,36000,1.01688102894
133840,133919,135652,79,1733,2,36000,1.04558568956
133853,133951,135431,98,1480,2,36000,1.06621621622
133909,133976,135644,67,1668,2,36000,1.04016786571
133940,133990,135177,50,1187,2,36000,1.04212299916
133968,134024,135317,56,1293,2,36000,1.04331013148
133983,134045,135058,62,1013,2,36000,1.06120434353
133997,134018,136978,21,2960,2,7200,1.00709459459
134009,134070,135283,61,1213,2,36000,1.05028854081
134010,134078,135417,68,1339,2,36000,1.05078416729
134037,134083,135194,46,1111,2,36000,1.04140414041
134067,134094,135101,27,1007,2,36000,1.0268123138
134069,134100,135182,31,1082,2,36000,1.02865064695
134070,134106,135407,36,1301,2,36000,1.02767102229
134111,134117,135213,6,1096,2,36000,1.00547445255
134112,134123,135248,11,1125,2,36000,1.00977777778
134114,134128,135240,14,1112,2,36000,1.01258992806
134115,134134,135998,19,1864,2,36000,1.01019313305
134117,134139,135854,22,1715,2,36000,1.01282798834
134118,134145,135136,27,991,2,36000,1.02724520686
134119,134151,135618,32,1467,2,36000,1.02181322427
134120,134156,135283,36,1127,2,36000,1.03194321207
134122,134161,135925,39,1764,2,36000,1.02210884354
134123,134166,135422,43,1256,2,36000,1.03423566879
134144,134172,135569,28,1397,2,36000,1.02004294918
134145,134177,135712,32,1535,2,36000,1.02084690554
134147,134200,170246,53,36046,2,36000,1.00147034345
134148,134207,135409,59,1202,2,36000,1.04908485857
134168,134216,135589,48,1373,2,36000,1.03495994173
134190,134224,135383,34,1159,2,36000,1.02933563417
134215,134231,135300,16,1069,2,36000,1.01496725912
134217,134255,135273,38,1018,2,36000,1.0373280943
134218,134261,136165,43,1904,2,36000,1.02258403361
134236,134285,135339,49,1054,2,36000,1.04648956357
134252,134299,135631,47,1332,2,36000,1.03528528529
134253,134305,136190,52,1885,2,36000,1.0275862069
134276,134312,135298,36,986,2,36000,1.03651115619
134291,134362,135511,71,1149,2,36000,1.06179286336
134292,134386,135575,94,1189,2,36000,1.07905803196
134310,134393,136136,83,1743,2,36000,1.04761904762
134354,134401,135700,47,1299,2,36000,1.03618167821
134376,134410,135447,34,1037,2,36000,1.03278688525
134378,134416,135370,38,954,2,36000,1.03983228512
134393,134423,135969,30,1546,2,36000,1.01940491591
134409,134448,136167,39,1719,2,36000,1.02268760908
134410,134458,135442,48,984,2,36000,1.0487804878
134411,134475,170486,64,36011,2,36000,1.00177723473
134440,134506,135744,66,1238,2,36000,1.05331179321
134455,134516,136323,61,1807,2,36000,1.0337576093
134470,134532,135634,62,1102,2,36000,1.05626134301
134496,134561,135708,65,1147,2,36000,1.0566695728
134512,134582,136065,70,1483,2,36000,1.04720161834
134527,134591,136074,64,1483,2,36000,1.04315576534
134553,134616,136584,63,1968,2,36000,1.03201219512
134572,134622,136474,50,1852,2,36000,1.02699784017
134587,134705,136075,118,1370,2,36000,1.08613138686
134606,134738,136166,132,1428,2,36000,1.09243697479
134620,134750,135842,130,1092,2,36000,1.11904761905
134697,134804,136569,107,1765,2,36000,1.06062322946
134725,134826,135876,101,1050,2,36000,1.09619047619
134740,134831,136800,91,1969,2,36000,1.04621635348
134795,134840,135828,45,988,2,36000,1.0455465587
134817,134874,136049,57,1175,2,36000,1.0485106383
134819,134901,136394,82,1493,2,36000,1.05492297388
134834,134908,135893,74,985,2,36000,1.07512690355
134865,134928,136054,63,1126,2,36000,1.05595026643
134891,134956,135846,65,890,2,36000,1.07303370787
134906,134965,137016,59,2051,2,36000,1.02876645539
134923,134972,136497,49,1525,2,36000,1.03213114754
134945,134978,136138,33,1160,2,36000,1.02844827586
134961,134990,136239,29,1249,2,36000,1.02321857486
134963,135028,171040,65,36012,2,36000,1.0018049539
134964,135053,136088,89,1035,2,36000,1.08599033816
134980,135069,135983,89,914,2,36000,1.09737417943
135019,135096,136023,77,927,2,36000,1.08306364617
135043,135102,136297,59,1195,2,36000,1.04937238494
135059,135107,136266,48,1159,2,36000,1.04141501294
135085,135113,136468,28,1355,2,36000,1.02066420664
135086,135120,136200,34,1080,2,36000,1.03148148148
135087,135143,136303,56,1160,2,36000,1.04827586207
135103,135150,136241,47,1091,2,36000,1.04307974335
135118,135188,136914,70,1726,2,36000,1.0405561993
135134,135195,136379,61,1184,2,36000,1.05152027027
135149,135205,136187,56,982,2,36000,1.05702647658
135177,135222,137035,45,1813,2,36000,1.02482073911
135192,135228,136954,36,1726,2,36000,1.02085747393
135208,135254,136655,46,1401,2,36000,1.03283369022
135223,135259,136519,36,1260,2,36000,1.02857142857
135225,135266,136599,41,1333,2,36000,1.03075768942
135243,135285,137070,42,1785,2,36000,1.02352941176
135245,135294,136351,49,1057,2,36000,1.04635761589
135260,135299,136458,39,1159,2,36000,1.03364969802
135276,135309,137037,33,1728,2,36000,1.01909722222
135291,135316,137082,25,1766,2,36000,1.01415628539
135293,135327,136372,34,1045,2,36000,1.03253588517
135309,135334,137243,25,1909,2,36000,1.01309586171
135311,135340,136304,29,964,2,36000,1.03008298755
135327,135350,136364,23,1014,2,36000,1.02268244576
135329,135381,136429,52,1048,2,36000,1.04961832061
135345,135394,136442,49,1048,2,36000,1.04675572519
135346,135418,136559,72,1141,2,36000,1.06310254163
135371,135424,136496,53,1072,2,36000,1.04944029851
135386,135430,137511,44,2081,2,36000,1.02114368092
135408,135436,136424,28,988,2,36000,1.02834008097
135424,135442,136729,18,1287,2,36000,1.01398601399
135425,135453,136732,28,1279,2,36000,1.02189210321
135426,135460,136849,34,1389,2,36000,1.02447804176
135446,135467,171513,21,36046,2,36000,1.00058258891
135447,135473,137181,26,1708,2,36000,1.01522248244
135479,135522,137757,43,2235,2,36000,1.0192393736
135480,135537,136558,57,1021,2,36000,1.05582761998
135481,135580,137557,99,1977,2,36000,1.05007587253
135513,135587,137583,74,1996,2,36000,1.0370741483
135528,135600,136742,72,1142,2,36000,1.06304728546
135572,135629,136955,57,1326,2,36000,1.04298642534
135587,135643,136573,56,930,2,36000,1.06021505376
135602,135649,136670,47,1021,2,36000,1.04603330069
135620,135655,137627,35,1972,2,36000,1.0177484787
135637,135664,137290,27,1626,2,36000,1.01660516605
135638,135712,136669,74,957,2,36000,1.07732497388
135653,135719,137315,66,1596,2,36000,1.04135338346
135655,135726,136994,71,1268,2,36000,1.05599369085
135711,135755,137000,44,1245,2,36000,1.03534136546
135712,135839,137761,127,1922,2,36000,1.06607700312
135730,135853,137575,123,1722,2,36000,1.07142857143
135746,135859,136934,113,1075,2,36000,1.10511627907
135828,135865,171895,37,36030,2,36000,1.00102692201
135843,135887,137251,44,1364,2,36000,1.03225806452
135859,135904,136879,45,975,2,36000,1.04615384615
135860,135936,137555,76,1619,2,36000,1.04694255713
135878,135980,137093,102,1113,2,36000,1.09164420485
135894,135994,137118,100,1124,2,36000,1.08896797153
135928,136034,137281,106,1247,2,36000,1.08500400962
135970,136060,137186,90,1126,2,36000,1.07992895204
135986,136066,172112,80,36046,2,36000,1.00221938634
135989,136010,208879,21,72869,2,108000,1.00028818839
136002,136076,137002,74,926,2,36000,1.07991360691
136024,136085,137372,61,1287,2,36000,1.0473970474
136052,136092,137080,40,988,2,36000,1.04048582996
136067,136100,137980,33,1880,2,36000,1.01755319149
136069,136147,137301,78,1154,2,36000,1.06759098787
136085,136154,137899,69,1745,2,36000,1.03954154728
136086,136176,137517,90,1341,2,36000,1.06711409396
136102,136183,137962,81,1779,2,36000,1.0455311973
136136,136188,137910,52,1722,2,36000,1.03019744483
136151,136198,137235,47,1037,2,36000,1.04532304725
136167,136205,137795,38,1590,2,36000,1.02389937107
136168,136212,137309,44,1097,2,36000,1.04010938924
136170,136250,138027,80,1777,2,36000,1.04501969612
136189,136257,137399,68,1142,2,36000,1.05954465849
136204,136277,138098,73,1821,2,36000,1.04008786381
136205,136309,138300,104,1991,2,36000,1.05223505776
136239,136316,137442,77,1126,2,36000,1.06838365897
136254,136321,137437,67,1116,2,36000,1.06003584229
136269,136334,137944,65,1610,2,36000,1.04037267081
136300,136363,138071,63,1708,2,36000,1.0368852459
136316,136375,137333,59,958,2,36000,1.06158663883
136318,136384,137604,66,1220,2,36000,1.05409836066
136333,136405,137927,72,1522,2,36000,1.04730617608
136355,136440,137686,85,1246,2,36000,1.06821829856
136370,136469,138139,99,1670,2,36000,1.05928143713
136379,136507,173801,128,37294,10,57600,1.00343218748
136386,136512,137810,126,1298,2,36000,1.09707241911
136387,136518,137671,131,1153,2,36000,1.11361665221
136402,136530,137625,128,1095,2,36000,1.11689497717
136425,136569,137994,144,1425,2,36000,1.10105263158
136440,136576,137680,136,1104,2,36000,1.1231884058
136457,136583,137813,126,1230,2,36000,1.10243902439
136485,136590,138508,105,1918,2,36000,1.05474452555
136486,136597,137668,111,1071,2,36000,1.10364145658
136487,136610,137766,123,1156,2,36000,1.10640138408
136504,136666,137728,162,1062,2,36000,1.15254237288
136505,136680,137934,175,1254,2,36000,1.13955342903
136520,136686,137660,166,974,2,36000,1.1704312115
136559,136741,138601,182,1860,2,36000,1.09784946237
136560,136748,138598,188,1850,2,36000,1.10162162162
136594,136755,138521,161,1766,2,36000,1.09116647792
136595,136811,137845,216,1034,2,36000,1.20889748549
136597,136860,138486,263,1626,2,36000,1.16174661747
136613,136890,138293,277,1403,2,36000,1.19743406985
136656,136926,138841,270,1915,2,36000,1.1409921671
136672,136967,138287,295,1320,2,36000,1.22348484848
136673,137005,138935,332,1930,2,36000,1.17202072539
136730,137012,138529,282,1517,2,36000,1.18589321028
136745,137046,138417,301,1371,2,36000,1.21954777535
136746,137053,138693,307,1640,2,36000,1.18719512195
136802,137082,138952,280,1870,2,36000,1.14973262032
136849,137098,138859,249,1761,2,36000,1.14139693356
136874,137105,138450,231,1345,2,36000,1.1717472119
136894,137027,180124,133,43097,10,43200,1.00308606167
136917,137129,138078,212,949,2,36000,1.22339304531
136935,137192,139042,257,1850,2,36000,1.13891891892
136957,137198,138341,241,1143,2,36000,1.21084864392
136958,137247,138152,289,905,2,36000,1.31933701657
136995,137312,173327,317,36015,2,36000,1.0088018881
137011,137344,138328,333,984,2,36000,1.33841463415
137013,137383,138788,370,1405,2,36000,1.26334519573
137029,137411,138587,382,1176,2,36000,1.32482993197
137045,137449,139291,404,1842,2,36000,1.21932681868
137046,137456,138607,410,1151,2,36000,1.35621198957
137071,137522,139237,451,1715,2,36000,1.26297376093
137079,137091,140701,12,3610,2,3600,1.00332409972
137084,137254,144055,170,6801,2,7200,1.02499632407
137087,137529,139215,442,1686,2,36000,1.26215895611
137089,137566,138575,477,1009,2,36000,1.47274529237
137104,137573,138765,469,1192,2,36000,1.39345637584
137119,137586,138998,467,1412,2,36000,1.33073654391
137185,137594,139055,409,1461,2,36000,1.27994524298
137201,137616,138666,415,1050,2,36000,1.39523809524
137237,137636,138698,399,1062,2,36000,1.37570621469
137253,137327,185871,74,48544,10,57600,1.00152439024
137253,137643,138747,390,1104,2,36000,1.35326086957
137254,137671,139425,417,1754,2,36000,1.23774230331
137281,137679,139611,398,1932,2,36000,1.20600414079
137297,137686,138772,389,1086,2,36000,1.35819521179
137312,137693,138625,381,932,2,36000,1.40879828326
137314,137699,138745,385,1046,2,36000,1.36806883365
137330,137739,138716,409,977,2,36000,1.41862845445
137345,137768,138887,423,1119,2,36000,1.37801608579
137373,137807,139553,434,1746,2,36000,1.24856815578
137401,137856,139193,455,1337,2,36000,1.34031413613
137438,137910,139805,472,1895,2,36000,1.24907651715
137453,137938,139113,485,1175,2,36000,1.41276595745
137512,137955,139373,443,1418,2,36000,1.31241184767
137527,137973,139076,446,1103,2,36000,1.40435176791
137558,137991,139231,433,1240,2,36000,1.34919354839
137559,138018,139794,459,1776,2,36000,1.25844594595
137577,138038,139953,461,1915,2,36000,1.2407310705
137593,138082,139092,489,1010,2,36000,1.48415841584
137608,138090,139046,482,956,2,36000,1.50418410042
137626,138109,139854,483,1745,2,36000,1.27679083095
137627,138150,139247,523,1097,2,36000,1.47675478578
137661,138163,139257,502,1094,2,36000,1.45886654479
137677,138299,139830,622,1531,2,36000,1.4062704115
137679,138306,139929,627,1623,2,36000,1.38632162662
137694,138340,140073,646,1733,2,36000,1.37276399308
137696,138352,139452,656,1100,2,36000,1.59636363636
137729,138397,139684,668,1287,2,36000,1.51903651904
137757,138428,140260,671,1832,2,36000,1.36626637555
137758,137945,183657,187,45712,12,57600,1.00409082954
137773,138461,139488,688,1027,2,36000,1.66991236611
137774,138497,139656,723,1159,2,36000,1.62381363244
137796,138519,139677,723,1158,2,36000,1.62435233161
137811,138532,140592,721,2060,2,36000,1.35
137827,138540,139570,713,1030,2,36000,1.69223300971
137846,138587,140351,741,1764,2,36000,1.42006802721
137865,137871,137873,6,2,2,60,1.0
137871,137878,137880,7,2,2,60,1.0
137903,138598,140420,695,1822,2,36000,1.38144895719
137918,138609,139493,691,884,2,36000,1.78167420814
137934,138616,139562,682,946,2,36000,1.72093023256
137935,138622,139653,687,1031,2,36000,1.66634335597
137953,138636,139555,683,919,2,36000,1.74319912949
137968,138005,138006,37,1,2,60,3.8
137975,138677,140623,702,1946,2,36000,1.36073997945
137991,138704,139792,713,1088,2,36000,1.65533088235
138006,138711,140026,705,1315,2,36000,1.536121673
138027,138727,140052,700,1325,2,36000,1.52830188679
138073,138756,139921,683,1165,2,36000,1.58626609442
138089,138777,139885,688,1108,2,36000,1.62093862816
138104,138784,140461,680,1677,2,36000,1.40548598688
138141,138799,140378,658,1579,2,36000,1.41671944269
138156,138853,140604,697,1751,2,36000,1.39805825243
138189,138313,138386,124,73,2,60,2.69863013699
138290,138870,139907,580,1037,2,36000,1.55930568949
138306,138898,139960,592,1062,2,36000,1.55743879473
138308,138946,140025,638,1079,2,36000,1.59128822984
138329,138963,140567,634,1604,2,36000,1.39526184539
138345,139010,140568,665,1558,2,36000,1.42682926829
138418,139018,140063,600,1045,2,36000,1.57416267943
138453,139053,140189,600,1136,2,36000,1.52816901408
138486,139059,140211,573,1152,2,36000,1.49739583333
138511,139066,140307,555,1241,2,36000,1.44721998388
138526,139087,140188,561,1101,2,36000,1.50953678474
138541,139103,140159,562,1056,2,36000,1.5321969697
138578,139125,140406,547,1281,2,36000,1.42701014832
138594,139188,140424,594,1236,2,36000,1.48058252427
138610,139205,140197,595,992,2,36000,1.5997983871
138611,139226,140322,615,1096,2,36000,1.56113138686
138612,139242,140292,630,1050,2,36000,1.6
138628,139249,140131,621,882,2,36000,1.70408163265
138668,139258,141162,590,1904,2,36000,1.30987394958
138696,139268,140294,572,1026,2,36000,1.55750487329
138725,138763,139177,38,414,2,600,1.09178743961
139304,139310,140360,6,1050,2,36000,1.00571428571
139321,139437,139473,116,36,2,120,4.22222222222
139375,139385,141157,10,1772,2,36000,1.00564334086
139392,153074,284642,13682,131568,2,172800,1.10399185212
139427,139463,140507,36,1044,2,36000,1.03448275862
139451,139499,141263,48,1764,2,36000,1.02721088435
139469,139484,161049,15,21565,2,108000,1.00069557153
139488,139505,175551,17,36046,2,36000,1.0004716196
139503,139565,141372,62,1807,2,36000,1.03431101273
139555,139572,175587,17,36015,2,36000,1.00047202554
139556,139578,140763,22,1185,2,36000,1.01856540084
139572,139584,140662,12,1078,2,36000,1.01113172542
139573,139622,140893,49,1271,2,36000,1.03855232101
139614,139664,140577,50,913,2,36000,1.0547645126
139654,139670,141612,16,1942,2,36000,1.00823892894
139671,139689,140755,18,1066,2,36000,1.01688555347
139686,139695,140883,9,1188,2,36000,1.00757575758
139688,139810,140913,122,1103,2,36000,1.11060743427
139778,139803,139842,25,39,2,120,1.64102564103
139793,139816,142423,23,2607,2,36000,1.00882240123
139808,139841,140925,33,1084,2,36000,1.03044280443
139809,139854,141007,45,1153,2,36000,1.03902862099
139831,139865,140957,34,1092,2,36000,1.03113553114
139855,139896,141658,41,1762,2,36000,1.02326901249
139886,139918,141091,32,1173,2,36000,1.02728047741
139908,139933,141883,25,1950,2,36000,1.01282051282
139925,139941,140935,16,994,2,36000,1.01609657948
139943,139964,140818,21,854,2,36000,1.02459016393
139959,139972,141003,13,1031,2,36000,1.01260911736
139963,140037,248055,74,108018,2,108000,1.00068507101
139979,140042,141001,63,959,2,36000,1.06569343066
140021,140063,140187,42,124,1,28800,1.33870967742
140027,140074,141092,47,1018,2,36000,1.04616895874
140028,140084,141122,56,1038,2,36000,1.05394990366
140054,140142,141094,88,952,2,36000,1.09243697479
140069,140170,141176,101,1006,2,36000,1.10039761431
140088,140198,141350,110,1152,2,36000,1.09548611111
140131,140205,141290,74,1085,2,36000,1.06820276498
140159,140210,141092,51,882,2,36000,1.05782312925
140190,140217,141330,27,1113,2,36000,1.02425876011
140191,140224,141339,33,1115,2,36000,1.02959641256
140207,140271,141263,64,992,2,36000,1.06451612903
140222,140301,141607,79,1306,2,36000,1.06049004594
140262,140308,141248,46,940,2,36000,1.04893617021
140293,140313,141338,20,1025,2,36000,1.01951219512
140308,140320,141288,12,968,2,36000,1.01239669421
140310,140333,141373,23,1040,2,36000,1.02211538462
140325,140362,141376,37,1014,2,36000,1.03648915187
140346,140371,141455,25,1084,2,36000,1.02306273063
140362,140389,142249,27,1860,2,36000,1.01451612903
140380,140417,141567,37,1150,2,36000,1.03217391304
140408,140431,141668,23,1237,2,36000,1.01859337106
140424,140438,141637,14,1199,2,36000,1.011676397
140425,140472,141698,47,1226,2,36000,1.0383360522
140463,140519,141848,56,1329,2,36000,1.04213694507
140510,140579,141600,69,1021,2,36000,1.06758080313
140569,140584,141695,15,1111,2,36000,1.01350135014
140571,140591,141805,20,1214,2,36000,1.01647446458
140586,140603,141646,17,1043,2,36000,1.0162991371
140601,140616,141649,15,1033,2,36000,1.01452081317
140608,140712,143980,104,3268,2,7200,1.03182374541
140616,140634,141530,18,896,2,36000,1.02008928571
140631,140673,141605,42,932,2,36000,1.04506437768
140666,140767,142569,101,1802,2,36000,1.05604883463
140757,140774,141806,17,1032,2,36000,1.01647286822
140773,140829,141923,56,1094,2,36000,1.05118829982
140820,140894,141971,74,1077,2,36000,1.0687093779
140885,140905,141865,20,960,2,36000,1.02083333333
140900,140925,142728,25,1803,2,36000,1.01386577926
140917,140937,142007,20,1070,2,36000,1.01869158879
140932,140946,141913,14,967,2,36000,1.01447776629
140934,140968,141982,34,1014,2,36000,1.03353057199
140958,141013,141929,55,916,2,36000,1.06004366812
141002,141019,142067,17,1048,2,36000,1.01622137405
141004,141024,141957,20,933,2,36000,1.02143622722
141020,141102,142136,82,1034,2,36000,1.07930367505
141087,141109,141134,22,25,1,120,1.88
141114,141120,142435,6,1315,2,36000,1.00456273764
141115,141126,142549,11,1423,2,36000,1.00773014758
141117,141133,142130,16,997,2,36000,1.01604814443
141118,141168,142229,50,1061,2,36000,1.04712535344
141126,141145,142385,19,1240,2,7200,1.01532258065
141133,141174,142194,41,1020,2,36000,1.04019607843
141157,141187,142243,30,1056,2,36000,1.02840909091
141173,141259,142394,86,1135,2,36000,1.07577092511
141189,141274,142422,85,1148,2,36000,1.07404181185
141249,141279,142322,30,1043,2,36000,1.02876318313
141264,141306,142301,42,995,2,36000,1.04221105528
141266,141341,142319,75,978,2,36000,1.07668711656
141278,141299,141338,21,39,2,120,1.53846153846
141290,141349,143024,59,1675,2,36000,1.0352238806
141292,141355,142600,63,1245,2,36000,1.05060240964
141332,141361,142265,29,904,2,36000,1.03207964602
141348,141366,142448,18,1082,2,36000,1.01663585952
141349,141384,142528,35,1144,2,36000,1.03059440559
141365,141389,142426,24,1037,2,36000,1.0231436837
141381,141395,142441,14,1046,2,36000,1.01338432122
141382,141467,142504,85,1037,2,36000,1.08196721311
141383,141541,142453,158,912,2,36000,1.17324561404
141457,141578,142623,121,1045,2,36000,1.11578947368
141531,141611,142606,80,995,2,36000,1.08040201005
141569,141618,142493,49,875,2,36000,1.056
141600,141623,142677,23,1054,2,36000,1.02182163188
141616,141629,142542,13,913,2,36000,1.01423877327
141617,141648,142673,31,1025,2,36000,1.03024390244
141618,141657,142632,39,975,2,36000,1.04
141637,141664,143385,27,1721,2,36000,1.01568855317
141652,141671,142728,19,1057,2,36000,1.01797540208
141654,141679,142910,25,1231,2,36000,1.02030869212
141669,141708,143255,39,1547,2,36000,1.02521008403
141671,141714,142949,43,1235,2,36000,1.03481781377
141699,141816,142775,117,959,2,36000,1.12200208551
141700,141823,142878,123,1055,2,36000,1.11658767773
141806,141859,142924,53,1065,2,36000,1.04976525822
141807,141877,143156,70,1279,2,36000,1.05473025801
141848,141894,142886,46,992,2,36000,1.04637096774
141868,141925,142954,57,1029,2,36000,1.05539358601
141884,141934,142863,50,929,2,36000,1.05382131324
141911,145621,154573,3710,8952,1,10800,1.41443252904
141915,141941,143047,26,1106,2,36000,1.02350813743
141931,141968,142872,37,904,2,36000,1.04092920354
141932,141982,142946,50,964,2,36000,1.05186721992
141958,141996,142905,38,909,2,36000,1.04180418042
141973,142018,143214,45,1196,2,36000,1.03762541806
141989,142079,143339,90,1260,2,36000,1.07142857143
142007,142141,143023,134,882,2,36000,1.15192743764
142070,142148,143393,78,1245,2,36000,1.06265060241
142133,142205,143233,72,1028,2,36000,1.07003891051
142149,142240,143243,91,1003,2,36000,1.09072781655
142199,142254,143350,55,1096,2,36000,1.05018248175
142230,142261,143275,31,1014,2,36000,1.03057199211
142245,142276,143522,31,1246,2,36000,1.02487961477
142261,142312,143513,51,1201,2,36000,1.04246461282
142276,142332,143488,56,1156,2,36000,1.04844290657
142303,142339,143354,36,1015,2,36000,1.0354679803
142323,142396,143300,73,904,2,36000,1.08075221239
142324,142407,143599,83,1192,2,36000,1.06963087248
142400,142434,143477,34,1043,2,36000,1.03259827421
142425,142439,143523,14,1084,2,36000,1.01291512915
142426,142446,143662,20,1216,2,36000,1.01644736842
142442,142452,143735,10,1283,2,36000,1.00779423227
142443,142457,143876,14,1419,2,36000,1.00986610289
142445,142463,143417,18,954,2,36000,1.01886792453
142464,142469,144297,5,1828,2,36000,1.00273522976
142465,142515,144276,50,1761,2,36000,1.02839295855
142481,142504,177058,23,34554,2,108000,1.00066562482
142494,142539,144334,45,1795,2,36000,1.02506963788
142509,142553,143446,44,893,2,36000,1.04927211646
142531,142560,143737,29,1177,2,36000,1.02463891249
142546,142580,143492,34,912,2,36000,1.03728070175
142561,142611,143625,50,1014,2,36000,1.04930966469
142577,142618,143594,41,976,2,36000,1.04200819672
142602,142634,143730,32,1096,2,36000,1.02919708029
142617,142643,143630,26,987,2,36000,1.02634245187
142633,142684,143639,51,955,2,36000,1.05340314136
142634,142691,144137,57,1446,2,36000,1.03941908714
142673,142739,143813,66,1074,2,36000,1.06145251397
142688,142744,143717,56,973,2,36000,1.05755395683
142729,142786,143881,57,1095,2,36000,1.05205479452
142731,142875,143923,144,1048,2,36000,1.13740458015
142777,142883,143977,106,1094,2,36000,1.09689213894
142836,142916,224255,80,81339,2,108000,1.00098353803
142864,142890,144236,26,1346,2,36000,1.01931649331
142880,142897,143894,17,997,2,36000,1.01705115346
142881,142923,144169,42,1246,2,36000,1.03370786517
142897,142935,144092,38,1157,2,36000,1.03284356093
142913,142958,143902,45,944,2,36000,1.04766949153
142914,142965,143844,51,879,2,36000,1.05802047782
142929,142970,143963,41,993,2,36000,1.04128902316
142948,143034,144203,86,1169,2,36000,1.07356715141
142963,143040,144057,77,1017,2,36000,1.07571288102
142965,143058,144169,93,1111,2,36000,1.08370837084
143023,143168,144234,145,1066,2,36000,1.13602251407
143038,143225,144230,187,1005,2,36000,1.18606965174
143054,143245,144366,191,1121,2,36000,1.17038358608
143159,143254,144234,95,980,2,36000,1.09693877551
143215,143266,144320,51,1054,2,36000,1.04838709677
143234,143286,144089,52,803,2,36000,1.06475716065
143250,143312,144173,62,861,2,36000,1.07200929152
143266,143350,144527,84,1177,2,36000,1.07136788445
143283,143361,144416,78,1055,2,36000,1.07393364929
143302,143368,144399,66,1031,2,36000,1.06401551891
143346,143396,144916,50,1520,2,36000,1.03289473684
143362,143404,144380,42,976,2,36000,1.04303278689
143363,143428,145261,65,1833,2,36000,1.03546099291
143388,143458,144484,70,1026,2,36000,1.06822612086
143403,143489,144504,86,1015,2,36000,1.08472906404
143419,143499,145525,80,2026,2,36000,1.03948667325
143446,143506,144580,60,1074,2,36000,1.05586592179
143477,143524,144433,47,909,2,36000,1.05170517052
143493,143533,144530,40,997,2,36000,1.04012036108
143495,143539,144681,44,1142,2,36000,1.03852889667
143514,143605,144509,91,904,2,36000,1.10066371681
143529,143612,145323,83,1711,2,36000,1.04850964348
143531,143637,144619,106,982,2,36000,1.10794297352
143596,143644,144917,48,1273,2,36000,1.03770620581
143612,143650,144629,38,979,2,36000,1.03881511747
143627,143673,144637,46,964,2,36000,1.04771784232
143643,143728,144894,85,1166,2,36000,1.07289879931
143644,143741,144750,97,1009,2,36000,1.09613478692
143663,143748,144631,85,883,2,36000,1.09626274066
143718,143753,145763,35,2010,2,36000,1.01741293532
143733,143887,144770,154,883,2,36000,1.17440543601
143749,143894,145784,145,1890,2,36000,1.07671957672
143751,143905,144897,154,992,2,36000,1.15524193548
143794,143824,151491,30,7667,2,108000,1.00391287335
143816,143913,145566,97,1653,2,36000,1.05868118572
143820,143856,144109,36,253,1,28800,1.14229249012
143846,143934,144983,88,1049,2,36000,1.08388941849
143877,143974,145022,97,1048,2,36000,1.09255725191
143892,143988,144956,96,968,2,36000,1.09917355372
143907,144106,144957,199,851,2,36000,1.23384253819
143909,144120,145172,211,1052,2,36000,1.20057034221
143924,144148,145322,224,1174,2,36000,1.19080068143
143924,146845,154190,2921,7345,4,14400,1.39768550034
143960,144066,145604,106,1538,2,7200,1.0689206762
143964,144185,145227,221,1042,2,36000,1.21209213052
143979,144192,145230,213,1038,2,36000,1.20520231214
144050,144073,145609,23,1536,2,7200,1.01497395833
144060,144214,145052,154,838,2,36000,1.18377088305
144083,144100,145622,17,1522,2,7200,1.0111695138
144091,144241,145219,150,978,2,36000,1.15337423313
144106,144248,145207,142,959,2,36000,1.14807090719
144135,147398,154355,3263,6957,4,10800,1.4690240046
144140,144253,145389,113,1136,2,36000,1.09947183099
144151,144180,172987,29,28807,1,28800,1.00100669976
144171,144259,145271,88,1012,2,36000,1.08695652174
144173,144287,145397,114,1110,2,36000,1.1027027027
144189,144308,145301,119,993,2,36000,1.1198388721
144204,144331,145295,127,964,2,36000,1.13174273859
144233,144345,145388,112,1043,2,36000,1.10738255034
144234,144377,145390,143,1013,2,36000,1.14116485686
144251,144391,145579,140,1188,2,36000,1.11784511785
144252,144410,145709,158,1299,2,36000,1.12163202463
144277,144427,145379,150,952,2,36000,1.15756302521
144299,144444,146154,145,1710,2,36000,1.08479532164
144325,144495,145585,170,1090,2,36000,1.15596330275
144341,144515,145726,174,1211,2,36000,1.14368290669
144366,144522,145556,156,1034,2,36000,1.15087040619
144382,144538,145711,156,1173,2,36000,1.13299232737
144399,144545,145718,146,1173,2,36000,1.12446717818
144422,144592,145664,170,1072,2,36000,1.15858208955
144438,144630,145514,192,884,2,36000,1.21719457014
144486,144647,145648,161,1001,2,36000,1.16083916084
144507,144659,145611,152,952,2,36000,1.15966386555
144522,144692,145839,170,1147,2,36000,1.14821272886
144537,144762,145658,225,896,2,36000,1.25111607143
144539,144782,146020,243,1238,2,36000,1.19628432956
144579,144640,147179,61,2539,2,3600,1.02402520677
144582,144892,145872,310,980,2,36000,1.31632653061
144619,144906,146017,287,1111,2,36000,1.25832583258
144634,144913,146718,279,1805,2,36000,1.15457063712
144636,144927,145927,291,1000,2,36000,1.291
144638,144654,144719,16,65,1,1800,1.24615384615
144652,144934,145939,282,1005,2,36000,1.28059701493
144683,144968,146755,285,1787,2,36000,1.15948517068
144751,144973,146019,222,1046,2,36000,1.21223709369
144773,144994,146412,221,1418,2,36000,1.15585331453
144897,145034,146100,137,1066,2,36000,1.12851782364
144899,145063,145831,164,768,2,36000,1.21354166667
144918,145189,146204,271,1015,2,36000,1.26699507389
144919,145218,146347,299,1129,2,36000,1.26483613818
144957,145230,146136,273,906,2,36000,1.30132450331
144958,145239,146297,281,1058,2,36000,1.26559546314
144987,145246,146337,259,1091,2,36000,1.23739688359
145024,145272,146201,248,929,2,36000,1.26695371367
145055,145279,146274,224,995,2,36000,1.22512562814
145129,145184,145194,55,10,1,900,6.5
145175,145284,146354,109,1070,2,36000,1.10186915888
145201,145207,145306,6,99,1,600,1.06060606061
145209,145291,146563,82,1272,2,36000,1.06446540881
145225,145306,146236,81,930,2,36000,1.08709677419
145241,145313,146304,72,991,2,36000,1.07265388496
145242,145333,146413,91,1080,2,36000,1.08425925926
145263,145340,146365,77,1025,2,36000,1.07512195122
145279,145391,147058,112,1667,2,36000,1.06718656269
145298,145400,146468,102,1068,2,36000,1.09550561798
145313,145406,146473,93,1067,2,36000,1.08716026242
145329,145417,146500,88,1083,2,36000,1.08125577101
145330,145423,146315,93,892,2,36000,1.10426008969
145375,145412,145559,37,147,1,600,1.25170068027
145386,145526,146529,140,1003,2,36000,1.13958125623
145408,145536,146713,128,1177,2,36000,1.10875106202
145409,145567,146590,158,1023,2,36000,1.15444770283
145410,145577,146593,167,1016,2,36000,1.16437007874
145412,145590,146629,178,1039,2,36000,1.17131857555
145515,145597,147320,82,1723,2,36000,1.04759141033
145530,145615,146619,85,1004,2,36000,1.08466135458
145556,145627,146833,71,1206,2,36000,1.05887230514
145572,145633,146540,61,907,2,36000,1.06725468578
145587,145659,146621,72,962,2,36000,1.07484407484
145588,145669,146775,81,1106,2,36000,1.07323688969
145615,145676,146488,61,812,2,36000,1.07512315271
145651,145720,146757,69,1037,2,36000,1.06653809065
145666,145726,146781,60,1055,2,36000,1.05687203791
145668,145733,146851,65,1118,2,36000,1.05813953488
145710,154548,169285,8838,14737,2,43200,1.59971500305
145718,145740,147005,22,1265,2,36000,1.01739130435
145719,145774,146877,55,1103,2,36000,1.04986400725
145721,145795,146904,74,1109,2,36000,1.06672678088
145737,145843,146809,106,966,2,36000,1.10973084886
145765,145850,146894,85,1044,2,36000,1.08141762452
145787,145938,146716,151,778,2,36000,1.1940874036
145825,145883,153102,58,7219,2,7200,1.00803435379
145834,145951,147148,117,1197,2,36000,1.0977443609
145849,146035,147246,186,1211,2,36000,1.15359207267
145871,146041,147056,170,1015,2,36000,1.16748768473
145905,146028,153237,123,7209,2,7200,1.01706200583
145929,146112,147067,183,955,2,36000,1.19162303665
145935,154543,159631,8608,5088,1,10800,2.69182389937
145942,146165,151139,223,4974,2,7200,1.04483313229
145945,146147,147242,202,1095,2,36000,1.18447488584
146021,146213,147197,192,984,2,36000,1.19512195122
146022,146220,147435,198,1215,2,36000,1.16296296296
146023,146248,147247,225,999,2,36000,1.22522522523
146102,146285,147190,183,905,2,36000,1.20220994475
146139,146309,147660,170,1351,2,36000,1.12583271651
146154,146316,147488,162,1172,2,36000,1.13822525597
146202,146326,147796,124,1470,2,36000,1.0843537415
146217,146349,147382,132,1033,2,36000,1.12778315586
146239,146358,147427,119,1069,2,36000,1.11131898971
146276,146365,147530,89,1165,2,36000,1.07639484979
146301,146376,147380,75,1004,2,36000,1.07470119522
146316,146423,147421,107,998,2,36000,1.10721442886
146317,146430,147580,113,1150,2,36000,1.09826086957
146339,146479,147579,140,1100,2,36000,1.12727272727
146354,146486,147655,132,1169,2,36000,1.1129170231
146355,146499,147804,144,1305,2,36000,1.11034482759
146371,146511,147626,140,1115,2,36000,1.12556053812
146422,146538,147581,116,1043,2,36000,1.11121764142
146423,146545,147636,122,1091,2,36000,1.11182401467
146470,146552,147509,82,957,2,36000,1.08568443051
146486,146574,147706,88,1132,2,36000,1.0777385159
146504,146602,147754,98,1152,2,36000,1.08506944444
146506,146609,147650,103,1041,2,36000,1.09894332373
146532,146630,147683,98,1053,2,36000,1.0930674264
146547,146637,148680,90,2043,2,36000,1.04405286344
146570,146643,148468,73,1825,2,36000,1.04
146594,146724,147829,130,1105,2,36000,1.11764705882
146595,146731,147808,136,1077,2,36000,1.12627669452
146621,146736,147695,115,959,2,36000,1.11991657977
146622,146767,147948,145,1181,2,36000,1.12277730737
146638,146774,147795,136,1021,2,36000,1.13320274241
146716,146786,147900,70,1114,2,36000,1.06283662478
146717,146820,148390,103,1570,2,36000,1.06560509554
146732,146863,148767,131,1904,2,36000,1.06880252101
146758,146888,147846,130,958,2,36000,1.1356993737
146759,146906,148255,147,1349,2,36000,1.10896960712
146778,146915,148169,137,1254,2,36000,1.10925039872
146793,147016,148488,223,1472,2,36000,1.15149456522
146811,147067,148019,256,952,2,36000,1.26890756303
146835,147074,148203,239,1129,2,36000,1.21169176262
146854,147081,148261,227,1180,2,36000,1.19237288136
146879,147160,148244,281,1084,2,36000,1.25922509225
146895,147202,148540,307,1338,2,36000,1.22944693572
146907,154685,175875,7778,21190,2,43200,1.36705993393
146910,147209,148301,299,1092,2,36000,1.27380952381
146956,147191,147192,235,1,1,1800,23.6
147006,147214,148189,208,975,2,36000,1.21333333333
147061,147254,148354,193,1100,2,36000,1.17545454545
147062,147261,149056,199,1795,2,36000,1.11086350975
147077,147331,148292,254,961,2,36000,1.26430801249
147151,147391,148440,240,1049,2,36000,1.22878932316
147191,147432,148432,241,1000,2,36000,1.241
147206,147438,148600,232,1162,2,36000,1.19965576592
147243,147446,149086,203,1640,2,36000,1.1237804878
147258,147500,148346,242,846,2,36000,1.28605200946
147260,147520,148651,260,1131,2,36000,1.22988505747
147273,147279,147301,6,22,1,1800,1.27272727273
147321,147541,148472,220,931,2,36000,1.23630504834
147383,147590,148544,207,954,2,36000,1.21698113208
147384,147602,148653,218,1051,2,36000,1.20742150333
147422,147611,148779,189,1168,2,36000,1.16181506849
147438,147638,148780,200,1142,2,36000,1.17513134851
147439,147648,148698,209,1050,2,36000,1.19904761905
147488,147661,149318,173,1657,2,36000,1.1044055522
147510,147668,148717,158,1049,2,36000,1.15061963775
147534,147675,148790,141,1115,2,36000,1.1264573991
147547,147597,147600,50,3,1,1800,5.3
147579,147694,148875,115,1181,2,36000,1.09737510584
147594,147706,149266,112,1560,2,36000,1.07179487179
147596,147717,148750,121,1033,2,36000,1.11713455954
147627,147765,148616,138,851,2,36000,1.16216216216
147649,147806,148870,157,1064,2,36000,1.14755639098
147666,147813,148788,147,975,2,36000,1.15076923077
147668,147820,148839,152,1019,2,36000,1.14916584887
147669,147826,148768,157,942,2,36000,1.16666666667
147684,147840,149163,156,1323,2,36000,1.1179138322
147700,147857,148874,157,1017,2,36000,1.15437561455
147716,147911,149012,195,1101,2,36000,1.17711171662
147756,147960,149129,204,1169,2,36000,1.1745081266
147797,148031,149042,234,1011,2,36000,1.23145400593
147798,148180,149377,382,1197,2,36000,1.31913116124
147815,148200,149277,385,1077,2,36000,1.35747446611
147816,148214,149574,398,1360,2,36000,1.29264705882
147831,148255,149384,424,1129,2,36000,1.37555358725
147840,154697,183884,6857,29187,2,43200,1.23493336074
147847,148266,149376,419,1110,2,36000,1.37747747748
147902,148273,149375,371,1102,2,36000,1.33666061706
147950,148304,149296,354,992,2,36000,1.35685483871
148020,148312,149261,292,949,2,36000,1.30769230769
148171,148357,149506,186,1149,2,36000,1.16187989556
148189,148365,149454,176,1089,2,36000,1.16161616162
148205,148401,149583,196,1182,2,36000,1.16582064298
148245,148443,149562,198,1119,2,36000,1.17694369973
148260,148451,149472,191,1021,2,36000,1.18707149853
148261,148480,149564,219,1084,2,36000,1.2020295203
148295,148499,149616,204,1117,2,36000,1.18263205013
148311,148551,149822,240,1271,2,36000,1.18882769473
148348,148558,149627,210,1069,2,36000,1.19644527596
148362,148611,149679,249,1068,2,36000,1.23314606742
148390,148627,149655,237,1028,2,36000,1.23054474708
148434,148662,149653,228,991,2,36000,1.23007063572
148441,148487,149777,46,1290,2,7200,1.03565891473
148449,148669,149820,220,1151,2,36000,1.19113814075
148471,148691,150016,220,1325,2,36000,1.16603773585
148486,148709,149755,223,1046,2,36000,1.21319311663
148501,148729,149745,228,1016,2,36000,1.22440944882
148542,148761,149849,219,1088,2,36000,1.20128676471
148556,148779,149882,223,1103,2,36000,1.20217588395
148602,148784,149793,182,1009,2,36000,1.18037661051
148622,148791,149751,169,960,2,36000,1.17604166667
148653,148796,150712,143,1916,2,36000,1.07463465553
148654,148802,149744,148,942,2,36000,1.15711252654
148684,148807,150212,123,1405,2,36000,1.08754448399
148701,148850,149737,149,887,2,36000,1.16798196167
148720,148881,150173,161,1292,2,36000,1.1246130031
148751,148888,149899,137,1011,2,36000,1.13550939664
148770,148894,149925,124,1031,2,36000,1.12027158099
148771,149023,150099,252,1076,2,36000,1.23420074349
148787,149053,150072,266,1019,2,36000,1.26104023553
148789,149068,150177,279,1109,2,36000,1.2515779982
148790,149098,150195,308,1097,2,36000,1.2807657247
148805,149141,150039,336,898,2,36000,1.37416481069
148843,149174,150066,331,892,2,36000,1.37107623318
148873,149272,150829,399,1557,2,36000,1.25626204239
148875,149279,150509,404,1230,2,36000,1.32845528455
148890,149288,150448,398,1160,2,36000,1.34310344828
149013,149307,150339,294,1032,2,36000,1.28488372093
149044,149330,151119,286,1789,2,36000,1.15986584684
149059,149386,150358,327,972,2,36000,1.33641975309
149087,149392,150431,305,1039,2,36000,1.29355149182
149130,149397,150669,267,1272,2,36000,1.20990566038
149164,149404,150916,240,1512,2,36000,1.15873015873
149262,149465,150705,203,1240,2,36000,1.16370967742
149278,149483,150453,205,970,2,36000,1.21134020619
149279,149518,150576,239,1058,2,36000,1.2258979206
149298,149573,150699,275,1126,2,36000,1.24422735346
149319,149580,150601,261,1021,2,36000,1.25563173359
149376,149587,150613,211,1026,2,36000,1.20565302144
149391,149594,150703,203,1109,2,36000,1.1830477908
149392,149628,150796,236,1168,2,36000,1.20205479452
149394,149638,150757,244,1119,2,36000,1.21805183199
149456,149664,151306,208,1642,2,36000,1.12667478685
149475,149670,150813,195,1143,2,36000,1.17060367454
149514,149690,150967,176,1277,2,36000,1.13782302271
149562,149748,150894,186,1146,2,36000,1.16230366492
149579,149755,150855,176,1100,2,36000,1.16
149580,149762,150776,182,1014,2,36000,1.17948717949
149600,149767,150858,167,1091,2,36000,1.15307057745
149619,149774,150812,155,1038,2,36000,1.1493256262
149634,149788,150893,154,1105,2,36000,1.13936651584
149656,149804,151120,148,1316,2,36000,1.11246200608
149658,149839,150901,181,1062,2,36000,1.17043314501
149679,149861,150784,182,923,2,36000,1.19718309859
149738,149893,150981,155,1088,2,36000,1.14246323529
149755,149910,151085,155,1175,2,36000,1.13191489362
149756,149936,151175,180,1239,2,36000,1.14527845036
149758,150027,151012,269,985,2,36000,1.2730964467
149759,150050,151093,291,1043,2,36000,1.27900287632
149794,150077,151040,283,963,2,36000,1.29387331256
149796,149832,154659,36,4827,2,7200,1.00745804848
149823,150084,151083,261,999,2,36000,1.26126126126
149824,150110,151067,286,957,2,36000,1.29885057471
149853,150185,151377,332,1192,2,36000,1.27852348993
149884,150192,151208,308,1016,2,36000,1.3031496063
149902,150206,151149,304,943,2,36000,1.32237539767
149927,150223,151002,296,779,2,36000,1.37997432606
150018,150350,151469,332,1119,2,36000,1.29669347632
150036,150370,152164,334,1794,2,36000,1.1861761427
150067,150443,151412,376,969,2,36000,1.38802889577
150082,150459,151432,377,973,2,36000,1.3874614594
150100,150466,151653,366,1187,2,36000,1.30834035383
150174,150520,151617,346,1097,2,36000,1.31540565178
150189,150573,151425,384,852,2,36000,1.45070422535
150204,150587,151277,383,690,2,36000,1.55507246377
150219,150612,151617,393,1005,2,36000,1.39104477612
150340,150624,151691,284,1067,2,36000,1.26616682287
150359,150680,151796,321,1116,2,36000,1.2876344086
150435,150711,151641,276,930,2,36000,1.29677419355
150457,150718,151677,261,959,2,36000,1.27215849844
150458,150723,151818,265,1095,2,36000,1.24200913242
150510,150730,151797,220,1067,2,36000,1.20618556701
150578,150768,151668,190,900,2,36000,1.21111111111
150602,150788,151715,186,927,2,36000,1.20064724919
150619,150796,151761,177,965,2,36000,1.18341968912
150671,150807,151706,136,899,2,36000,1.15127919911
150702,150823,151871,121,1048,2,36000,1.11545801527
150704,150830,152008,126,1178,2,36000,1.10696095076
150720,150840,151971,120,1131,2,36000,1.10610079576
150722,150866,152070,144,1204,2,36000,1.1196013289
150758,150873,152002,115,1129,2,36000,1.10186005314
150777,150904,151895,127,991,2,36000,1.12815338042
150792,150911,152137,119,1226,2,36000,1.09706362153
150808,150918,151953,110,1035,2,36000,1.10628019324
150825,150927,152095,102,1168,2,36000,1.08732876712
150826,150978,153088,152,2110,2,36000,1.07203791469
150841,150993,152646,152,1653,2,36000,1.09195402299
150857,151013,152334,156,1321,2,36000,1.11809235428
150872,151024,151957,152,933,2,36000,1.1629153269
150894,151052,151974,158,922,2,36000,1.17136659436
150896,151079,151965,183,886,2,36000,1.2065462754
150911,151094,152114,183,1020,2,36000,1.17941176471
150926,151101,152144,175,1043,2,36000,1.1677852349
150969,151108,152404,139,1296,2,36000,1.10725308642
150984,151131,152300,147,1169,2,36000,1.12574850299
151003,151136,152309,133,1173,2,36000,1.11338448423
151018,151150,152085,132,935,2,36000,1.14117647059
151043,151160,152146,117,986,2,36000,1.11866125761
151068,151186,153172,118,1986,2,36000,1.05941591138
151083,151219,152118,136,899,2,36000,1.15127919911
151099,151289,152594,190,1305,2,36000,1.14559386973
151100,151318,152167,218,849,2,36000,1.25677267373
151122,151389,152391,267,1002,2,36000,1.26646706587
151123,151424,152499,301,1075,2,36000,1.28
151151,151444,152475,293,1031,2,36000,1.28419010669
151175,151480,152178,305,698,2,36000,1.43696275072
151210,151502,152517,292,1015,2,36000,1.28768472906
151280,151518,152452,238,934,2,36000,1.25481798715
151308,151629,152602,321,973,2,36000,1.32990750257
151379,151635,152908,256,1273,2,36000,1.20109976434
151413,151652,152712,239,1060,2,36000,1.22547169811
151428,151437,151508,9,71,1,60,1.12676056338
151432,151664,152723,232,1059,2,36000,1.21907459868
151433,151679,152800,246,1121,2,36000,1.21944692239
151476,151689,152635,213,946,2,36000,1.22515856237
151619,151702,152606,83,904,2,36000,1.09181415929
151621,151717,152854,96,1137,2,36000,1.08443271768
151643,151727,152714,84,987,2,36000,1.08510638298
151658,151772,152904,114,1132,2,36000,1.10070671378
151673,151807,152973,134,1166,2,36000,1.11492281304
151689,151830,152949,141,1119,2,36000,1.12600536193
151704,151882,153084,178,1202,2,36000,1.14808652246
151721,151906,152931,185,1025,2,36000,1.18048780488
151722,151971,152890,249,919,2,36000,1.27094668118
151758,151814,152225,56,411,1,300,1.13625304136
151762,151978,153100,216,1122,2,36000,1.19251336898
151796,151984,153427,188,1443,2,36000,1.13028413028
151798,151991,152985,193,994,2,36000,1.19416498994
151821,152013,153133,192,1120,2,36000,1.17142857143
151873,152020,153620,147,1600,2,36000,1.091875
151895,152081,153693,186,1612,2,36000,1.11538461538
151922,151964,154673,42,2709,2,7200,1.01550387597
151954,152096,153063,142,967,2,36000,1.1468459152
151970,152106,153086,136,980,2,36000,1.1387755102
151971,152124,153142,153,1018,2,36000,1.15029469548
151986,152131,153103,145,972,2,36000,1.14917695473
151988,152148,153130,160,982,2,36000,1.16293279022
152003,152156,153288,153,1132,2,36000,1.1351590106
152018,152163,153252,145,1089,2,36000,1.1331496786
152073,152175,153178,102,1003,2,36000,1.10169491525
152088,152181,153918,93,1737,2,36000,1.05354058722
152103,152189,153277,86,1088,2,36000,1.07904411765
152118,152236,153258,118,1022,2,36000,1.11545988258
152119,152312,153557,193,1245,2,36000,1.15502008032
152138,152320,153370,182,1050,2,36000,1.17333333333
152153,152346,153348,193,1002,2,36000,1.19261477046
152155,152402,153418,247,1016,2,36000,1.24311023622
152170,152415,153440,245,1025,2,36000,1.23902439024
152172,152463,153690,291,1227,2,36000,1.23716381418
152187,152487,153598,300,1111,2,36000,1.2700270027
152301,152510,153594,209,1084,2,36000,1.19280442804
152317,152529,153504,212,975,2,36000,1.21743589744
152335,152605,154284,270,1679,2,36000,1.16081000596
152391,152613,153694,222,1081,2,36000,1.20536540241
152407,152620,153752,213,1132,2,36000,1.18816254417
152453,152646,153845,193,1199,2,36000,1.16096747289
152477,152658,153679,181,1021,2,36000,1.17727717924
152499,152724,153860,225,1136,2,36000,1.19806338028
152518,152730,153784,212,1054,2,36000,1.20113851992
152595,152737,153928,142,1191,2,36000,1.11922753988
152611,152812,153741,201,929,2,36000,1.21636167922
152612,152865,154197,253,1332,2,36000,1.18993993994
152637,152902,154014,265,1112,2,36000,1.23830935252
152652,152915,153813,263,898,2,36000,1.29287305122
152713,152922,153979,209,1057,2,36000,1.19772942289
152715,152942,153947,227,1005,2,36000,1.22587064677
152730,152961,153997,231,1036,2,36000,1.22297297297
152801,152985,154158,184,1173,2,36000,1.1568627451
152856,152996,154208,140,1212,2,36000,1.11551155116
152893,153095,154161,202,1066,2,36000,1.1894934334
152908,153102,155042,194,1940,2,36000,1.1
152910,153107,154173,197,1066,2,36000,1.18480300188
152932,153114,153877,182,763,2,36000,1.23853211009
152951,153119,154194,168,1075,2,36000,1.15627906977
152975,153125,154263,150,1138,2,36000,1.13181019332
152990,153141,154031,151,890,2,36000,1.16966292135
153064,153147,154183,83,1036,2,36000,1.08011583012
153086,153153,154141,67,988,2,36000,1.06781376518
153087,153183,154230,96,1047,2,36000,1.09169054441
153103,153190,154332,87,1142,2,36000,1.0761821366
153104,153248,154261,144,1013,2,36000,1.14215202369
153106,153264,154476,158,1212,2,36000,1.1303630363
153131,153271,154280,140,1009,2,36000,1.13875123885
153146,153288,154406,142,1118,2,36000,1.12701252236
153148,153299,154252,151,953,2,36000,1.15844700944
153173,153359,154537,186,1178,2,36000,1.15789473684
153188,153381,154494,193,1113,2,36000,1.17340521114
153255,153429,154475,174,1046,2,36000,1.16634799235
153273,153438,154350,165,912,2,36000,1.18092105263
153290,153453,154633,163,1180,2,36000,1.13813559322
153291,153515,154696,224,1181,2,36000,1.18966977138
153357,153568,154682,211,1114,2,36000,1.18940754039
153372,153605,154823,233,1218,2,36000,1.19129720854
153421,153611,154972,190,1361,2,36000,1.13960323292
153436,153631,155491,195,1860,2,36000,1.10483870968
153452,153690,154889,238,1199,2,36000,1.19849874896
153504,153701,154887,197,1186,2,36000,1.16610455312
153560,153708,154797,148,1089,2,36000,1.13590449954
153597,153713,154923,116,1210,2,36000,1.0958677686
153599,153752,154772,153,1020,2,36000,1.15
153623,153763,155022,140,1259,2,36000,1.11119936458
153682,153795,154854,113,1059,2,36000,1.10670443815
153698,153824,155596,126,1772,2,36000,1.07110609481
153699,153830,154915,131,1085,2,36000,1.12073732719
153700,153857,154801,157,944,2,36000,1.16631355932
153744,153871,155077,127,1206,2,36000,1.10530679934
153759,153888,154822,129,934,2,36000,1.13811563169
153784,153929,154894,145,965,2,36000,1.15025906736
153813,153940,154889,127,949,2,36000,1.13382507903
153847,153958,154848,111,890,2,36000,1.12471910112
153862,153967,155122,105,1155,2,36000,1.09090909091
153877,153991,155109,114,1118,2,36000,1.10196779964
153920,154008,155759,88,1751,2,36000,1.050256996
153935,154025,154958,90,933,2,36000,1.09646302251
153950,154042,155119,92,1077,2,36000,1.08542246982
153981,154152,155558,171,1406,2,36000,1.12162162162
153999,154169,155250,170,1081,2,36000,1.15726179463
154015,154176,155193,161,1017,2,36000,1.15830875123
154033,154185,155169,152,984,2,36000,1.15447154472
154143,154195,155241,52,1046,2,36000,1.04971319312
154156,154220,154264,64,44,6,356400,2.45454545455
154158,154208,156389,50,2181,2,36000,1.02292526364
154174,154225,155898,51,1673,2,36000,1.03048416019
154175,154242,155364,67,1122,2,36000,1.05971479501
154191,154263,155334,72,1071,2,36000,1.06722689076
154206,154272,155339,66,1067,2,36000,1.0618556701
154207,154280,155367,73,1087,2,36000,1.06715731371
154222,154292,155274,70,982,2,36000,1.07128309572
154237,154299,155357,62,1058,2,36000,1.05860113422
154252,154343,155220,91,877,2,36000,1.10376282782
154268,154361,155526,93,1165,2,36000,1.07982832618
154269,154368,155399,99,1031,2,36000,1.09602327837
154284,154373,155399,89,1026,2,36000,1.08674463938
154285,154417,156235,132,1818,2,36000,1.07260726073
154335,154486,156192,151,1706,2,36000,1.08851113716
154350,154493,156021,143,1528,2,36000,1.09358638743
154408,154505,155512,97,1007,2,36000,1.09632571996
154476,154527,155618,51,1091,2,36000,1.04674610449
154477,154532,156276,55,1744,2,36000,1.03153669725
154495,154537,155747,42,1210,2,36000,1.0347107438
154539,154554,155752,15,1198,2,36000,1.01252086811
154634,154640,155716,6,1076,2,36000,1.00557620818
154683,154691,156270,8,1579,2,36000,1.00506649778
154695,154707,160363,12,5656,2,7200,1.00212164074
154708,154783,156613,75,1830,2,36000,1.04098360656
154735,154983,155786,248,803,6,356400,1.30884184309
154773,154813,155992,40,1179,2,36000,1.03392705683
154781,154866,161053,85,6187,7,7200,1.01373848392
154799,154860,155895,61,1035,2,36000,1.05893719807
154817,154901,156010,84,1109,2,36000,1.07574391344
154832,154907,156184,75,1277,2,36000,1.05873140172
154833,154913,156365,80,1452,2,36000,1.05509641873
154848,154934,155978,86,1044,2,36000,1.08237547893
154864,154969,156110,105,1141,2,36000,1.09202453988
154888,155037,155994,149,957,2,36000,1.15569487983
154905,155053,156197,148,1144,2,36000,1.12937062937
154906,155088,156198,182,1110,2,36000,1.16396396396
154907,155121,156031,214,910,2,36000,1.23516483516
154922,155131,156253,209,1122,2,36000,1.1862745098
154924,155138,156372,214,1234,2,36000,1.1734197731
154961,155180,156249,219,1069,2,36000,1.20486435921
154976,155187,156078,211,891,2,36000,1.23681257015
155022,155192,156262,170,1070,2,36000,1.15887850467
155043,155198,156498,155,1300,2,36000,1.11923076923
155077,155204,156353,127,1149,2,36000,1.11053089643
155111,155231,156338,120,1107,2,36000,1.10840108401
155126,155247,156258,121,1011,2,36000,1.1196834817
155128,155254,156383,126,1129,2,36000,1.11160318866
155171,155261,156368,90,1107,2,36000,1.08130081301
155196,155285,156470,89,1185,2,36000,1.07510548523
155222,155313,156990,91,1677,2,36000,1.05426356589
155243,155346,156346,103,1000,2,36000,1.103
155259,155353,156204,94,851,2,36000,1.11045828437
155277,155368,156430,91,1062,2,36000,1.0856873823
155336,155376,157084,40,1708,2,36000,1.02341920375
155351,155382,157053,31,1671,2,36000,1.01855176541
155366,155410,156616,44,1206,2,36000,1.03648424544
155368,155415,156373,47,958,2,36000,1.0490605428
155369,155502,157089,133,1587,2,36000,1.08380592313
155400,155523,156553,123,1030,2,36000,1.11941747573
155401,155537,156550,136,1013,2,36000,1.13425468904
155493,155569,156715,76,1146,2,36000,1.06631762653
155517,155585,156804,68,1219,2,36000,1.05578342904
155533,155607,156624,74,1017,2,36000,1.07276302852
155558,155630,156724,72,1094,2,36000,1.06581352834
155597,155727,156787,130,1060,2,36000,1.12264150943
155619,155758,156814,139,1056,2,36000,1.13162878788
155718,155765,156961,47,1196,2,36000,1.03929765886
155746,155771,156955,25,1184,2,36000,1.02111486486
155762,155798,156770,36,972,2,36000,1.03703703704
155763,155803,156703,40,900,2,36000,1.04444444444
155900,155906,156995,6,1089,2,36000,1.00550964187
155901,155912,156908,11,996,2,36000,1.01104417671
155980,155986,157053,6,1067,2,36000,1.00562324274
155996,156003,156855,7,852,2,36000,1.00821596244
155998,156009,156861,11,852,2,36000,1.01291079812
156013,156019,157071,6,1052,2,36000,1.00570342205
156028,156035,157144,7,1109,2,36000,1.00631199279
156044,156050,157306,6,1256,2,36000,1.00477707006
156081,156087,156945,6,858,2,36000,1.00699300699
156112,156118,157839,6,1721,2,36000,1.00348634515
156186,156192,157184,6,992,2,36000,1.0060483871
156202,156208,157265,6,1057,2,36000,1.00567644276
156203,156214,157307,11,1093,2,36000,1.01006404392
156204,156219,157266,15,1047,2,36000,1.01432664756
156219,156225,157265,6,1040,2,36000,1.00576923077
156237,156244,157367,7,1123,2,36000,1.00623330365
156253,156259,157342,6,1083,2,36000,1.0055401662
156255,156265,157206,10,941,2,36000,1.01062699256
156270,156277,157250,7,973,2,36000,1.0071942446
156272,156282,157274,10,992,2,36000,1.01008064516
156273,156289,157226,16,937,2,36000,1.01707577375
156288,156295,157423,7,1128,2,36000,1.00620567376
156338,156344,157366,6,1022,2,36000,1.00587084149
156354,156360,157330,6,970,2,36000,1.00618556701
156355,156366,157562,11,1196,2,36000,1.00919732441
156371,156377,157336,6,959,2,36000,1.00625651721
156372,156383,157853,11,1470,2,36000,1.0074829932
156389,156394,157382,5,988,2,36000,1.00506072874
156390,156400,157344,10,944,2,36000,1.01059322034
156391,156405,158335,14,1930,2,36000,1.00725388601
156392,156410,157540,18,1130,2,36000,1.01592920354
156432,156438,157379,6,941,2,36000,1.00637619554
156473,156479,157645,6,1166,2,36000,1.0051457976
156498,156504,157571,6,1067,2,36000,1.00562324274
156551,156557,157532,6,975,2,36000,1.00615384615
156566,156572,157682,6,1110,2,36000,1.00540540541
156616,156622,158414,6,1792,2,36000,1.00334821429
156617,156628,157747,11,1119,2,36000,1.00983020554
156633,156639,157730,6,1091,2,36000,1.0054995417
156701,156707,158313,6,1606,2,36000,1.00373599004
156716,156722,157713,6,991,2,36000,1.00605449041
156731,156737,157699,6,962,2,36000,1.00623700624
156770,156776,157937,6,1161,2,36000,1.00516795866
156788,156795,158364,7,1569,2,36000,1.00446144041
156807,156813,157709,6,896,2,36000,1.00669642857
156823,156829,157698,6,869,2,36000,1.00690448792
156857,156863,158030,6,1167,2,36000,1.00514138817
156872,156878,157798,6,920,2,36000,1.00652173913
156909,156915,157914,6,999,2,36000,1.00600600601
156947,156953,157948,6,995,2,36000,1.00603015075
156962,156968,158007,6,1039,2,36000,1.00577478345
156964,156974,157991,10,1017,2,36000,1.00983284169
156993,156999,157915,6,916,2,36000,1.00655021834
157011,157017,157893,6,876,2,36000,1.00684931507
157025,157100,157620,75,520,6,356400,1.14423076923
157054,157060,158233,6,1173,2,36000,1.00511508951
157055,157066,157998,11,932,2,36000,1.01180257511
157071,157077,158763,6,1686,2,36000,1.00355871886
157088,157094,158077,6,983,2,36000,1.00610376399
157104,157110,158217,6,1107,2,36000,1.0054200542
157144,157150,158244,6,1094,2,36000,1.00548446069
157184,157190,158138,6,948,2,36000,1.00632911392
157207,157213,158260,6,1047,2,36000,1.00573065903
157229,157235,159011,6,1776,2,36000,1.00337837838
157251,157257,159132,6,1875,2,36000,1.0032
157268,157274,158274,6,1000,2,36000,1.006
157269,157280,158646,11,1366,2,36000,1.00805270864
157271,157285,158409,14,1124,2,36000,1.01245551601
157286,157292,158438,6,1146,2,36000,1.00523560209
157307,157314,158169,7,855,2,36000,1.0081871345
157309,157320,158441,11,1121,2,36000,1.00981266726
157331,157337,158378,6,1041,2,36000,1.00576368876
157347,157353,158435,6,1082,2,36000,1.00554528651
157348,157359,158585,11,1226,2,36000,1.00897226754
157349,157364,158584,15,1220,2,36000,1.01229508197
157368,157374,158506,6,1132,2,36000,1.00530035336
157370,157380,158343,10,963,2,36000,1.01038421599
157385,157392,158405,7,1013,2,36000,1.00691016782
157387,157397,158496,10,1099,2,36000,1.00909918107
157424,157430,158458,6,1028,2,36000,1.00583657588
157534,157540,159398,6,1858,2,36000,1.00322927879
157549,157555,159111,6,1556,2,36000,1.00385604113
157564,157570,159631,6,2061,2,36000,1.00291120815
157580,157586,158827,6,1241,2,36000,1.00483481064
157649,157655,158667,6,1012,2,36000,1.00592885375
157683,157689,158655,6,966,2,36000,1.00621118012
157701,157708,159479,7,1771,2,36000,1.00395256917
157703,157713,158843,10,1130,2,36000,1.00884955752
157718,157724,158784,6,1060,2,36000,1.00566037736
157719,157730,158545,11,815,2,36000,1.01349693252
157735,157741,158993,6,1252,2,36000,1.00479233227
157750,157756,158837,6,1081,2,36000,1.00555041628
157800,157806,158934,6,1128,2,36000,1.00531914894
157839,157846,159056,7,1210,2,36000,1.00578512397
157855,157861,158848,6,987,2,36000,1.00607902736
157895,157901,158878,6,977,2,36000,1.00614124872
157913,157920,158999,7,1079,2,36000,1.00648748842
157929,157935,158871,6,936,2,36000,1.00641025641
157944,157950,158910,6,960,2,36000,1.00625
157959,157965,159113,6,1148,2,36000,1.00522648084
157993,157999,159178,6,1179,2,36000,1.00508905852
158008,158014,158928,6,914,2,36000,1.00656455142
158009,158020,159791,11,1771,2,36000,1.00621118012
158031,158037,159025,6,988,2,36000,1.00607287449
158077,158083,159116,6,1033,2,36000,1.00580832527
158139,158145,159191,6,1046,2,36000,1.00573613767
158170,158176,159114,6,938,2,36000,1.00639658849
158219,158225,159186,6,961,2,36000,1.00624349636
158234,158240,159195,6,955,2,36000,1.00628272251
158249,158255,159250,6,995,2,36000,1.00603015075
158265,158271,159218,6,947,2,36000,1.00633579725
158280,158286,159230,6,944,2,36000,1.0063559322
158314,158320,159365,6,1045,2,36000,1.00574162679
158335,158341,194373,6,36032,2,36000,1.00016651865
158351,158357,159460,6,1103,2,36000,1.00543970988
158367,158373,159448,6,1075,2,36000,1.00558139535
158382,158388,159453,6,1065,2,36000,1.00563380282
158415,158421,160176,6,1755,2,36000,1.00341880342
158416,158427,159392,11,965,2,36000,1.01139896373
158417,158432,160364,15,1932,2,36000,1.00776397516
158437,158443,159432,6,989,2,36000,1.00606673407
158453,158459,159604,6,1145,2,36000,1.00524017467
158454,158465,159472,11,1007,2,36000,1.01092353525
158469,158475,159883,6,1408,2,36000,1.00426136364
158506,158512,159565,6,1053,2,36000,1.0056980057
158508,158518,159588,10,1070,2,36000,1.00934579439
158547,158554,158873,7,319,1,300,1.02194357367
158549,158560,159613,11,1053,2,36000,1.01044634378
158586,158593,160356,7,1763,2,36000,1.00397050482
158588,158599,160432,11,1833,2,36000,1.00600109111
158649,158655,159970,6,1315,2,36000,1.00456273764
158665,158671,159790,6,1119,2,36000,1.00536193029
158681,158687,159618,6,931,2,36000,1.00644468314
158753,158839,159574,86,735,6,356400,1.11700680272
158766,158773,159777,7,1004,2,36000,1.00697211155
158784,158791,160531,7,1740,2,36000,1.00402298851
158827,158833,159755,6,922,2,36000,1.00650759219
158843,158848,159981,5,1133,2,36000,1.00441306267
158844,158854,159881,10,1027,2,36000,1.00973709834
158859,158865,159752,6,887,2,36000,1.0067643743
158874,158881,160036,7,1155,2,36000,1.00606060606
158889,158896,159858,7,962,2,36000,1.00727650728
158911,158917,160041,6,1124,2,36000,1.00533807829
158929,158935,159875,6,940,2,36000,1.00638297872
158945,158951,160302,6,1351,2,36000,1.0044411547
158994,159000,159996,6,996,2,36000,1.00602409639
159011,159017,160031,6,1014,2,36000,1.00591715976
159026,159032,160572,6,1540,2,36000,1.0038961039
159028,159038,160082,10,1044,2,36000,1.00957854406
159059,159065,159937,6,872,2,36000,1.00688073394
159113,159119,160178,6,1059,2,36000,1.00566572238
159114,159125,160086,11,961,2,36000,1.01144640999
159116,159130,160171,14,1041,2,36000,1.01344860711
159131,159137,160017,6,880,2,36000,1.00681818182
159132,159143,160219,11,1076,2,36000,1.01022304833
159181,159187,160243,6,1056,2,36000,1.00568181818
159197,159203,160369,6,1166,2,36000,1.0051457976
159199,159209,160205,10,996,2,36000,1.01004016064
159200,159214,160279,14,1065,2,36000,1.01314553991
159224,159230,160077,6,847,2,36000,1.00708382527
159241,159247,160179,6,932,2,36000,1.00643776824
159256,159262,160315,6,1053,2,36000,1.0056980057
159341,159347,159672,6,325,1,300,1.01846153846
159367,159373,160327,6,954,2,36000,1.00628930818
159392,159399,160857,7,1458,2,36000,1.00480109739
159407,159586,160248,179,662,4,356400,1.27039274924
159408,159413,160513,5,1100,2,36000,1.00454545455
159436,159442,160637,6,1195,2,36000,1.0050209205
159451,159458,160363,7,905,2,36000,1.00773480663
159479,159485,160577,6,1092,2,36000,1.00549450549
159480,159491,160540,11,1049,2,36000,1.01048617731
159481,159496,160428,15,932,2,36000,1.0160944206
159482,159501,160671,19,1170,2,36000,1.01623931624
159568,159574,160777,6,1203,2,36000,1.00498753117
159599,159605,160670,6,1065,2,36000,1.00563380282
159615,159626,159628,11,2,2,3540,1.3
159615,159621,160896,6,1275,2,36000,1.00470588235
159617,159632,160672,15,1040,2,36000,1.01442307692
159632,159638,160802,6,1164,2,36000,1.00515463918
159634,159644,160618,10,974,2,36000,1.01026694045
159756,159762,160800,6,1038,2,36000,1.00578034682
159757,159768,160747,11,979,2,36000,1.01123595506
159779,159785,160856,6,1071,2,36000,1.0056022409
159795,159801,160653,6,852,2,36000,1.00704225352
159796,159807,160805,11,998,2,36000,1.01102204409
159816,159822,160194,6,372,1,356400,1.01612903226
159861,159867,160739,6,872,2,36000,1.00688073394
159877,159883,161083,6,1200,2,36000,1.005
159893,159899,161191,6,1292,2,36000,1.00464396285
159894,159905,161645,11,1740,2,36000,1.00632183908
159938,159944,161003,6,1059,2,36000,1.00566572238
159971,159978,161000,7,1022,2,36000,1.00684931507
159987,159992,161194,5,1202,2,36000,1.00415973378
160002,160007,161082,5,1075,2,36000,1.00465116279
160017,160024,161223,7,1199,2,36000,1.0058381985
160033,160039,160899,6,860,2,36000,1.00697674419
160049,160055,162021,6,1966,2,36000,1.00305188199
160050,160061,161123,11,1062,2,36000,1.01035781544
160079,160085,161129,6,1044,2,36000,1.00574712644
160095,160101,161338,6,1237,2,36000,1.00485044462
160096,160107,161063,11,956,2,36000,1.01150627615
160175,160181,161096,6,915,2,36000,1.00655737705
160191,160197,161293,6,1096,2,36000,1.00547445255
160192,160203,161266,11,1063,2,36000,1.0103480715
160194,160208,161601,14,1393,2,36000,1.01005025126
160210,160216,161281,6,1065,2,36000,1.00563380282
160226,160232,161143,6,911,2,36000,1.00658616905
160245,160251,161313,6,1062,2,36000,1.00564971751
160282,160289,161220,7,931,2,36000,1.00751879699
160304,160310,161454,6,1144,2,36000,1.00524475524
160319,160325,161445,6,1120,2,36000,1.00535714286
160335,160341,162024,6,1683,2,36000,1.00356506239
160357,160364,161371,7,1007,2,36000,1.00695134062
160374,160380,161521,6,1141,2,36000,1.00525854514
160375,160386,162064,11,1678,2,36000,1.00655542312
160377,160391,161347,14,956,2,36000,1.01464435146
160430,160436,161483,6,1047,2,36000,1.00573065903
160446,160452,161292,6,840,2,36000,1.00714285714
160514,160520,161518,6,998,2,36000,1.00601202405
160532,160538,161885,6,1347,2,36000,1.00445434298
160547,160553,161590,6,1037,2,36000,1.00578592093
160575,160581,161805,6,1224,2,36000,1.00490196078
160590,160596,161680,6,1084,2,36000,1.00553505535
160621,160627,161660,6,1033,2,36000,1.00580832527
160639,160645,161606,6,961,2,36000,1.00624349636
160654,160660,161925,6,1265,2,36000,1.004743083
160673,160679,161732,6,1053,2,36000,1.0056980057
160675,160685,161625,10,940,2,36000,1.01063829787
160676,160690,161641,14,951,2,36000,1.01472134595
160741,160747,161762,6,1015,2,36000,1.00591133005
160756,160762,161799,6,1037,2,36000,1.00578592093
160778,160784,161872,6,1088,2,36000,1.00551470588
160800,160806,161936,6,1130,2,36000,1.00530973451
160815,160821,162491,6,1670,2,36000,1.00359281437
160816,160827,162051,11,1224,2,36000,1.0089869281
160855,160861,162830,6,1969,2,36000,1.0030472321
160877,160884,161871,7,987,2,36000,1.00709219858
160897,160903,161855,6,952,2,36000,1.00630252101
160898,160909,161735,11,826,2,36000,1.01331719128
160977,160983,161572,6,589,4,356400,1.01018675722
161002,161008,161930,6,922,2,36000,1.00650759219
161003,161014,162725,11,1711,2,36000,1.0064289889
161066,161072,162264,6,1192,2,36000,1.00503355705
161084,161091,162175,7,1084,2,36000,1.00645756458
161086,161096,162320,10,1224,2,36000,1.00816993464
161101,161107,161976,6,869,2,36000,1.00690448792
161126,161132,162002,6,870,2,36000,1.00689655172
161141,161147,162239,6,1092,2,36000,1.00549450549
161156,161162,162203,6,1041,2,36000,1.00576368876
161191,161197,162365,6,1168,2,36000,1.0051369863
161206,161212,162316,6,1104,2,36000,1.00543478261
161221,161228,162314,7,1086,2,36000,1.00644567219
161237,161243,162337,6,1094,2,36000,1.00548446069
161267,161273,162362,6,1089,2,36000,1.00550964187
161283,161289,162261,6,972,2,36000,1.00617283951
161298,161304,162426,6,1122,2,36000,1.00534759358
161299,161310,162233,11,923,2,36000,1.0119176598
161314,161320,162474,6,1154,2,36000,1.00519930676
161339,161345,162313,6,968,2,36000,1.00619834711
161355,161361,162416,6,1055,2,36000,1.00568720379
161370,161376,163172,6,1796,2,36000,1.00334075724
161445,161451,162433,6,982,2,36000,1.00610997963
161461,161467,162496,6,1029,2,36000,1.00583090379
161485,161491,162557,6,1066,2,36000,1.00562851782
161519,161525,162527,6,1002,2,36000,1.00598802395
161534,161540,162545,6,1005,2,36000,1.00597014925
161590,161596,162765,6,1169,2,36000,1.00513259196
161605,161611,162637,6,1026,2,36000,1.00584795322
161606,161617,162849,11,1232,2,36000,1.00892857143
161625,161631,162779,6,1148,2,36000,1.00522648084
161643,161650,162700,7,1050,2,36000,1.00666666667
161659,161665,162556,6,891,2,36000,1.00673400673
161660,161671,163251,11,1580,2,36000,1.00696202532
161682,161688,163050,6,1362,2,36000,1.00440528634
161733,161739,162809,6,1070,2,36000,1.00560747664
161750,161756,162796,6,1040,2,36000,1.00576923077
161766,161772,162844,6,1072,2,36000,1.00559701493
161853,161859,162983,6,1124,2,36000,1.00533807829
161855,161865,162814,10,949,2,36000,1.0105374078
161871,161877,162788,6,911,2,36000,1.00658616905
161872,161883,162734,11,851,2,36000,1.01292596945
161890,161896,162904,6,1008,2,36000,1.00595238095
161891,161902,163049,11,1147,2,36000,1.0095902354
161927,161934,163050,7,1116,2,36000,1.00627240143
161945,161951,162838,6,887,2,36000,1.0067643743
161947,161957,163326,10,1369,2,36000,1.0073046019
161980,161986,163203,6,1217,2,36000,1.00493015612
162009,162015,162970,6,955,2,36000,1.00628272251
162025,162031,163256,6,1225,2,36000,1.00489795918
162027,162037,163111,10,1074,2,36000,1.00931098696
162059,162065,162858,6,793,2,36000,1.00756620429
162075,162081,163593,6,1512,2,36000,1.00396825397
162176,162182,163633,6,1451,2,36000,1.00413507926
162205,162211,163204,6,993,2,36000,1.00604229607
162251,162258,163169,7,911,2,36000,1.00768386389
162253,162264,163343,11,1079,2,36000,1.01019462465
162294,162300,163356,6,1056,2,36000,1.00568181818
162295,162306,163275,11,969,2,36000,1.01135190918
162323,162329,163148,6,819,2,36000,1.00732600733
162325,162335,163184,10,849,2,36000,1.01177856302
162326,162340,163666,14,1326,2,36000,1.01055806938
162327,162346,163436,19,1090,2,36000,1.01743119266
162366,162372,163326,6,954,2,36000,1.00628930818
162367,162378,163396,11,1018,2,36000,1.01080550098
162368,162383,163623,15,1240,2,36000,1.01209677419
162424,162430,163396,6,966,2,36000,1.00621118012
162441,162447,163473,6,1026,2,36000,1.00584795322
162443,162453,163462,10,1009,2,36000,1.00991080278
162477,162483,163484,6,1001,2,36000,1.00599400599
162493,162499,163579,6,1080,2,36000,1.00555555556
162524,162530,163605,6,1075,2,36000,1.00558139535
162551,162557,164437,6,1880,2,36000,1.00319148936
162552,162563,164456,11,1893,2,36000,1.0058108822
162569,162575,163542,6,967,2,36000,1.00620475698
162570,162581,163809,11,1228,2,36000,1.00895765472
162640,162646,163620,6,974,2,36000,1.00616016427
162702,162708,163830,6,1122,2,36000,1.00534759358
162730,162737,163734,7,997,2,36000,1.00702106319
162775,162781,163883,6,1102,2,36000,1.0054446461
162776,162787,163899,11,1112,2,36000,1.00989208633
162793,162799,163876,6,1077,2,36000,1.00557103064
162794,162805,163813,11,1008,2,36000,1.01091269841
162811,162818,163891,7,1073,2,36000,1.00652376514
162813,162824,163912,11,1088,2,36000,1.01011029412
162829,162836,164364,7,1528,2,36000,1.00458115183
162831,162842,163920,11,1078,2,36000,1.01020408163
162848,162854,163810,6,956,2,36000,1.00627615063
162850,162860,163985,10,1125,2,36000,1.00888888889
162851,162865,163965,14,1100,2,36000,1.01272727273
162859,162871,172585,12,9714,4,14400,1.00123533045
162868,162877,163882,9,1005,2,36000,1.00895522388
162906,162913,163858,7,945,2,36000,1.00740740741
162970,162976,164158,6,1182,2,36000,1.00507614213
162978,162995,169980,17,6985,4,10800,1.00243378669
163016,163023,164170,7,1147,2,36000,1.00610287707
163055,163060,164279,5,1219,2,36000,1.00410172272
163056,163066,164222,10,1156,2,36000,1.00865051903
163057,163071,164856,14,1785,2,36000,1.00784313725
163113,163119,164116,6,997,2,36000,1.00601805416
163151,163157,164342,6,1185,2,36000,1.00506329114
163172,163178,164163,6,985,2,36000,1.00609137056
163173,163184,164296,11,1112,2,36000,1.00989208633
163191,163198,164304,7,1106,2,36000,1.00632911392
163208,163214,164464,6,1250,2,36000,1.0048
163210,163220,164281,10,1061,2,36000,1.00942507069
163271,163277,164469,6,1192,2,36000,1.00503355705
163272,163283,164221,11,938,2,36000,1.01172707889
163291,163298,164884,7,1586,2,36000,1.00441361917
163329,163335,164626,6,1291,2,36000,1.00464756003
163330,163341,164393,11,1052,2,36000,1.01045627376
163346,163352,164644,6,1292,2,36000,1.00464396285
163365,163371,164425,6,1054,2,36000,1.00569259962
163420,163426,164530,6,1104,2,36000,1.00543478261
163421,163432,164446,11,1014,2,36000,1.01084812623
163450,163456,164463,6,1007,2,36000,1.00595829196
163467,163473,164688,6,1215,2,36000,1.0049382716
163485,163491,164479,6,988,2,36000,1.00607287449
163486,163497,164456,11,959,2,36000,1.01147028154
163546,163552,164422,6,870,2,36000,1.00689655172
163586,163592,164632,6,1040,2,36000,1.00576923077
163630,163636,164624,6,988,2,36000,1.00607287449
163632,163642,164494,10,852,2,36000,1.0117370892
163633,163647,164662,14,1015,2,36000,1.01379310345
163635,163653,165484,18,1831,2,36000,1.00983069361
163653,163659,164559,6,900,2,36000,1.00666666667
163670,163676,164717,6,1041,2,36000,1.00576368876
163758,163764,165391,6,1627,2,36000,1.0036877689
163825,163831,164910,6,1079,2,36000,1.00556070436
163827,163837,164902,10,1065,2,36000,1.00938967136
163828,163842,165105,14,1263,2,36000,1.01108471892
163846,163852,164857,6,1005,2,36000,1.00597014925
163862,163868,164847,6,979,2,36000,1.00612870276
163879,163886,164793,7,907,2,36000,1.00771775083
163898,163903,164797,5,894,2,36000,1.00559284116
163899,163909,165002,10,1093,2,36000,1.00914913083
163900,163914,164952,14,1038,2,36000,1.01348747592
163918,163923,164905,5,982,2,36000,1.00509164969
163919,163929,164976,10,1047,2,36000,1.00955109838
163936,163942,164938,6,996,2,36000,1.00602409639
163966,163972,165086,6,1114,2,36000,1.00538599641
163989,163995,165145,6,1150,2,36000,1.0052173913
164119,164125,165158,6,1033,2,36000,1.00580832527
164159,164166,165278,7,1112,2,36000,1.00629496403
164177,164183,165954,6,1771,2,36000,1.00338791643
164178,164189,165260,11,1071,2,36000,1.01027077498
164224,164230,165255,6,1025,2,36000,1.00585365854
164225,164236,165244,11,1008,2,36000,1.01091269841
164292,164298,165413,6,1115,2,36000,1.00538116592
164294,164304,165286,10,982,2,36000,1.01018329939
164311,164317,165186,6,869,2,36000,1.00690448792
164312,164323,165310,11,987,2,36000,1.01114488349
164346,164353,165222,7,869,2,36000,1.0080552359
164366,164372,165470,6,1098,2,36000,1.00546448087
164397,164403,165381,6,978,2,36000,1.00613496933
164423,164430,166143,7,1713,2,36000,1.00408639813
164441,164447,165602,6,1155,2,36000,1.00519480519
164442,164453,165534,11,1081,2,36000,1.01017576318
164461,164467,165436,6,969,2,36000,1.00619195046
164463,164473,165540,10,1067,2,36000,1.00937207123
164464,164478,165447,14,969,2,36000,1.01444788442
164482,164488,166229,6,1741,2,36000,1.00344629523
164483,164494,165338,11,844,2,36000,1.01303317536
164484,164499,166281,15,1782,2,36000,1.00841750842
164485,164504,166079,19,1575,2,36000,1.01206349206
164516,164522,165569,6,1047,2,36000,1.00573065903
164534,164540,165585,6,1045,2,36000,1.00574162679
164560,164566,165545,6,979,2,36000,1.00612870276
164626,164632,165532,6,900,2,36000,1.00666666667
164627,164638,165568,11,930,2,36000,1.01182795699
164645,164651,165663,6,1012,2,36000,1.00592885375
164646,164657,165748,11,1091,2,36000,1.01008249313
164667,164673,165753,6,1080,2,36000,1.00555555556
164667,164808,452810,141,288002,18,288000,1.00048957993
164689,164695,165795,6,1100,2,36000,1.00545454545
164719,164725,166310,6,1585,2,36000,1.00378548896
164795,164801,165834,6,1033,2,36000,1.00580832527
164811,164817,165820,6,1003,2,36000,1.00598205384
164851,164857,165984,6,1127,2,36000,1.00532386868
164868,164874,166557,6,1683,2,36000,1.00356506239
164869,164880,166011,11,1131,2,36000,1.00972590628
164886,164892,165859,6,967,2,36000,1.00620475698
164906,164912,166178,6,1266,2,36000,1.00473933649
164907,164918,166017,11,1099,2,36000,1.01000909918
164925,164931,166026,6,1095,2,36000,1.00547945205
164941,164948,166012,7,1064,2,36000,1.00657894737
164958,164963,165963,5,1000,2,36000,1.005
164977,164983,165982,6,999,2,36000,1.00600600601
165005,165011,166859,6,1848,2,36000,1.00324675325
165093,165099,166829,6,1730,2,36000,1.00346820809
165110,165116,166970,6,1854,2,36000,1.00323624595
165147,165153,166256,6,1103,2,36000,1.00543970988
165164,165170,166210,6,1040,2,36000,1.00576923077
165187,165193,166241,6,1048,2,36000,1.00572519084
165227,165233,166290,6,1057,2,36000,1.00567644276
165259,165265,166217,6,952,2,36000,1.00630252101
165260,165271,167053,11,1782,2,36000,1.00617283951
165279,165286,166436,7,1150,2,36000,1.00608695652
165281,165292,166398,11,1106,2,36000,1.00994575045
165299,165306,166493,7,1187,2,36000,1.00589721988
165316,165322,166471,6,1149,2,36000,1.00522193211
165340,165346,166383,6,1037,2,36000,1.00578592093
165384,165390,166449,6,1059,2,36000,1.00566572238
165401,165408,167274,7,1866,2,36000,1.00375133976
165418,165424,166583,6,1159,2,36000,1.00517687662
165438,165444,166623,6,1179,2,36000,1.00508905852
165454,165460,166523,6,1063,2,36000,1.00564440263
165473,165479,166475,6,996,2,36000,1.00602409639
165509,165516,167282,7,1766,2,36000,1.00396375991
165532,165538,167579,6,2041,2,36000,1.00293973542
165549,165556,166599,7,1043,2,36000,1.0067114094
165551,165562,166927,11,1365,2,36000,1.00805860806
165552,165567,166655,15,1088,2,36000,1.01378676471
165570,165576,167324,6,1748,2,36000,1.00343249428
165571,165582,167464,11,1882,2,36000,1.00584484591
165588,165594,166621,6,1027,2,36000,1.00584225901
165607,165613,166685,6,1072,2,36000,1.00559701493
165667,165674,166660,7,986,2,36000,1.00709939148
165757,165763,166675,6,912,2,36000,1.00657894737
165759,165769,166854,10,1085,2,36000,1.00921658986
165798,165804,167413,6,1609,2,36000,1.00372902424
165821,165827,166797,6,970,2,36000,1.00618556701
165858,165864,166888,6,1024,2,36000,1.005859375
165884,165890,166817,6,927,2,36000,1.00647249191
165957,165963,167903,6,1940,2,36000,1.00309278351
165973,165979,167177,6,1198,2,36000,1.00500834725
166027,166033,166877,6,844,2,36000,1.00710900474
166028,166039,167216,11,1177,2,36000,1.00934579439
166030,166044,167152,14,1108,2,36000,1.01263537906
166031,166050,167174,19,1124,2,36000,1.01690391459
166032,166055,167368,23,1313,2,36000,1.01751713633
166034,166060,166972,26,912,2,36000,1.02850877193
166082,166088,167219,6,1131,2,36000,1.00530503979
166144,166150,167071,6,921,2,36000,1.00651465798
166182,166188,167308,6,1120,2,36000,1.00535714286
166215,166221,167231,6,1010,2,36000,1.00594059406
166231,166237,167328,6,1091,2,36000,1.0054995417
166233,166243,167354,10,1111,2,36000,1.00900090009
166264,166270,167383,6,1113,2,36000,1.00539083558
166266,166276,167389,10,1113,2,36000,1.00898472597
166292,166298,167634,6,1336,2,36000,1.00449101796
166294,166304,167496,10,1192,2,36000,1.00838926174
166313,166320,168150,7,1830,2,36000,1.00382513661
166385,166391,167440,6,1049,2,36000,1.00571973308
166401,166407,167335,6,928,2,36000,1.00646551724
166436,166442,167482,6,1040,2,36000,1.00576923077
166452,166459,167646,7,1187,2,36000,1.00589721988
166471,166478,167500,7,1022,2,36000,1.00684931507
166487,166493,167658,6,1165,2,36000,1.00515021459
166511,166517,168250,6,1733,2,36000,1.00346220427
166540,166546,167555,6,1009,2,36000,1.00594648167
166558,166564,168321,6,1757,2,36000,1.00341491178
166587,166593,167672,6,1079,2,36000,1.00556070436
166603,166609,167676,6,1067,2,36000,1.00562324274
166623,166629,167606,6,977,2,36000,1.00614124872
166625,166635,167627,10,992,2,36000,1.01008064516
166656,166662,167682,6,1020,2,36000,1.00588235294
166673,166679,167743,6,1064,2,36000,1.00563909774
166690,166696,167630,6,934,2,36000,1.00642398287
166691,166702,168440,11,1738,2,36000,1.00632911392
166801,166808,167847,7,1039,2,36000,1.00673724735
166822,166828,168007,6,1179,2,36000,1.00508905852
166857,166863,168000,6,1137,2,36000,1.00527704485
166858,166869,167781,11,912,2,36000,1.01206140351
166920,166926,168376,6,1450,2,36000,1.00413793103
166921,166932,167938,11,1006,2,36000,1.01093439364
166923,166937,168058,14,1121,2,36000,1.01248884924
166942,166948,167788,6,840,2,36000,1.00714285714
166975,166981,168088,6,1107,2,36000,1.0054200542
166976,166987,168064,11,1077,2,36000,1.01021355617
167061,167068,168320,7,1252,2,36000,1.00559105431
167081,167087,168036,6,949,2,36000,1.00632244468
167153,167160,168133,7,973,2,36000,1.0071942446
167174,167180,168175,6,995,2,36000,1.00603015075
167190,167197,168354,7,1157,2,36000,1.00605012965
167220,167226,168288,6,1062,2,36000,1.00564971751
167221,167232,168178,11,946,2,36000,1.01162790698
167239,167245,168313,6,1068,2,36000,1.00561797753
167303,167310,168335,7,1025,2,36000,1.00682926829
167305,167316,168368,11,1052,2,36000,1.01045627376
167327,167333,168371,6,1038,2,36000,1.00578034682
167329,167339,168412,10,1073,2,36000,1.00931966449
167345,167351,168460,6,1109,2,36000,1.00541027953
167347,167357,168078,10,721,2,36000,1.01386962552
167364,167370,168387,6,1017,2,36000,1.00589970501
167382,167388,168737,6,1349,2,36000,1.00444773907
167399,167405,168753,6,1348,2,36000,1.00445103858
167400,167411,168575,11,1164,2,36000,1.00945017182
167417,167423,169039,6,1616,2,36000,1.00371287129
167443,167449,168521,6,1072,2,36000,1.00559701493
167466,167472,168778,6,1306,2,36000,1.0045941807
167484,167490,168488,6,998,2,36000,1.00601202405
167501,167507,169058,6,1551,2,36000,1.00386847195
167502,167513,168578,11,1065,2,36000,1.0103286385
167569,167575,169070,6,1495,2,36000,1.00401337793
167585,167591,168645,6,1054,2,36000,1.00569259962
167609,167615,169407,6,1792,2,36000,1.00334821429
167630,167636,168694,6,1058,2,36000,1.0056710775
167631,167642,168568,11,926,2,36000,1.01187904968
167648,167655,168650,7,995,2,36000,1.00703517588
167650,167661,168953,11,1292,2,36000,1.00851393189
167666,167672,168674,6,1002,2,36000,1.00598802395
167684,167690,168733,6,1043,2,36000,1.00575263663
167685,167696,168759,11,1063,2,36000,1.0103480715
167686,167701,168774,15,1073,2,36000,1.01397949674
167744,167750,168755,6,1005,2,36000,1.00597014925
167806,167812,168831,6,1019,2,36000,1.00588812561
167808,167818,168915,10,1097,2,36000,1.00911577028
167847,167853,168891,6,1038,2,36000,1.00578034682
167903,167910,169403,7,1493,2,36000,1.00468854655
167940,167946,168964,6,1018,2,36000,1.00589390963
168004,168010,169078,6,1068,2,36000,1.00561797753
168047,168053,169370,6,1317,2,36000,1.00455580866
168048,168059,169017,11,958,2,36000,1.0114822547
168079,168085,169161,6,1076,2,36000,1.00557620818
168081,168091,169054,10,963,2,36000,1.01038421599
168082,168096,169052,14,956,2,36000,1.01464435146
168101,168107,168971,6,864,2,36000,1.00694444444
168135,168141,169406,6,1265,2,36000,1.004743083
168160,168166,169254,6,1088,2,36000,1.00551470588
168176,168183,169089,7,906,2,36000,1.00772626932
168197,168203,169289,6,1086,2,36000,1.00552486188
168251,168257,169327,6,1070,2,36000,1.00560747664
168300,168306,169557,6,1251,2,36000,1.00479616307
168331,168337,170162,6,1825,2,36000,1.00328767123
168332,168343,169314,11,971,2,36000,1.01132852729
168334,168348,169328,14,980,2,36000,1.01428571429
168351,168357,169379,6,1022,2,36000,1.00587084149
168367,168374,169580,7,1206,2,36000,1.00580431177
168369,168379,169417,10,1038,2,36000,1.00963391137
168385,168391,169521,6,1130,2,36000,1.00530973451
168386,168397,169986,11,1589,2,36000,1.00692259283
168403,168409,169575,6,1166,2,36000,1.0051457976
168420,168426,169506,6,1080,2,36000,1.00555555556
168439,168445,169545,6,1100,2,36000,1.00545454545
168464,168470,170236,6,1766,2,36000,1.00339750849
168491,168497,169599,6,1102,2,36000,1.0054446461
168523,168529,169674,6,1145,2,36000,1.00524017467
168553,168580,241310,27,72730,2,345600,1.00037123608
168583,168588,169579,5,991,2,36000,1.00504540868
168584,168595,169609,11,1014,2,36000,1.01084812623
168585,168600,169486,15,886,2,36000,1.01693002257
168646,168652,169597,6,945,2,36000,1.00634920635
168664,168670,169810,6,1140,2,36000,1.00526315789
168681,168687,170027,6,1340,2,36000,1.00447761194
168697,168703,170367,6,1664,2,36000,1.00360576923
168734,168741,169798,7,1057,2,36000,1.00662251656
168751,168757,169535,6,778,2,36000,1.00771208226
168769,168775,170114,6,1339,2,36000,1.00448095594
168770,168781,169774,11,993,2,36000,1.0110775428
168771,168786,169913,15,1127,2,36000,1.01330967169
168819,168825,170041,6,1216,2,36000,1.00493421053
168820,168831,170642,11,1811,2,36000,1.00607399227
168837,168843,169829,6,986,2,36000,1.0060851927
168894,168900,169931,6,1031,2,36000,1.00581959263
168917,168923,170018,6,1095,2,36000,1.00547945205
168955,168961,170180,6,1219,2,36000,1.00492206727
168972,168978,169937,6,959,2,36000,1.00625651721
168973,168984,169911,11,927,2,36000,1.01186623517
169019,169025,170676,6,1651,2,36000,1.00363416111
169071,169077,170791,6,1714,2,36000,1.00350058343
169073,169083,170028,10,945,2,36000,1.01058201058
169074,169088,170354,14,1266,2,36000,1.01105845182
169075,169094,170224,19,1130,2,36000,1.01681415929
169076,169099,170298,23,1199,2,36000,1.01918265221
169094,169105,170329,11,1224,2,36000,1.0089869281
169095,169110,170118,15,1008,2,36000,1.01488095238
169163,169169,170216,6,1047,2,36000,1.00573065903
169257,169263,170019,6,756,2,36000,1.00793650794
169302,169308,170356,6,1048,2,36000,1.00572519084
169318,169324,170364,6,1040,2,36000,1.00576923077
169335,169341,170700,6,1359,2,36000,1.00441501104
169336,169347,170237,11,890,2,36000,1.01235955056
169373,169379,170314,6,935,2,36000,1.0064171123
169389,169396,170480,7,1084,2,36000,1.00645756458
169408,169414,170511,6,1097,2,36000,1.00546946217
169409,169420,170486,11,1066,2,36000,1.01031894934
169410,169425,170424,15,999,2,36000,1.01501501502
169431,169438,170414,7,976,2,36000,1.00717213115
169492,169498,170454,6,956,2,36000,1.00627615063
169508,169514,170466,6,952,2,36000,1.00630252101
169544,169549,170561,5,1012,2,36000,1.00494071146
169545,169555,170571,10,1016,2,36000,1.00984251969
169581,169587,170566,6,979,2,36000,1.00612870276
169583,169593,170471,10,878,2,36000,1.01138952164
169584,169598,170737,14,1139,2,36000,1.01229148376
169586,169603,170551,17,948,2,36000,1.01793248945
169587,169608,170764,21,1156,2,36000,1.01816608997
169610,169616,171418,6,1802,2,36000,1.00332963374
169612,169622,171191,10,1569,2,36000,1.0063734863
169613,169627,170857,14,1230,2,36000,1.01138211382
169676,169683,170893,7,1210,2,36000,1.00578512397
169796,169802,170801,6,999,2,36000,1.00600600601
169827,169833,170878,6,1045,2,36000,1.00574162679
169828,169839,171280,11,1441,2,36000,1.00763358779
169844,169851,171038,7,1187,2,36000,1.00589721988
169913,169920,171522,7,1602,2,36000,1.00436953808
169915,169925,171081,10,1156,2,36000,1.00865051903
169932,169939,171005,7,1066,2,36000,1.00656660413
169949,169955,171010,6,1055,2,36000,1.00568720379
169987,169993,171529,6,1536,2,36000,1.00390625
170020,170027,171028,7,1001,2,36000,1.00699300699
170022,170033,171728,11,1695,2,36000,1.00648967552
170062,170069,171141,7,1072,2,36000,1.00652985075
170064,170075,171089,11,1014,2,36000,1.01084812623
170065,170080,171210,15,1130,2,36000,1.01327433628
170115,170121,171782,6,1661,2,36000,1.00361228176
170131,170138,171266,7,1128,2,36000,1.00620567376
170165,170171,171370,6,1199,2,36000,1.00500417014
170182,170188,171821,6,1633,2,36000,1.00367421923
170217,170223,171367,6,1144,2,36000,1.00524475524
170236,170242,171509,6,1267,2,36000,1.0047355959
170237,170248,171415,11,1167,2,36000,1.00942587832
170254,170260,171125,6,865,2,36000,1.00693641618
170303,170309,171340,6,1031,2,36000,1.00581959263
170330,170336,171532,6,1196,2,36000,1.00501672241
170331,170342,171345,11,1003,2,36000,1.0109670987
170335,170372,170374,37,2,2,3540,3.9
170355,170361,171710,6,1349,2,36000,1.00444773907
170356,170367,171407,11,1040,2,36000,1.01057692308
170373,170379,171525,6,1146,2,36000,1.00523560209
170375,170385,171472,10,1087,2,36000,1.00919963201
170418,170424,171461,6,1037,2,36000,1.00578592093
170435,170441,171463,6,1022,2,36000,1.00587084149
170459,170465,172225,6,1760,2,36000,1.00340909091
170477,170484,171598,7,1114,2,36000,1.00628366248
170479,170490,171593,11,1103,2,36000,1.00997280145
170495,170501,171556,6,1055,2,36000,1.00568720379
170496,170507,171707,11,1200,2,36000,1.00916666667
170512,170518,171604,6,1086,2,36000,1.00552486188
170561,170567,171511,6,944,2,36000,1.0063559322
170584,170591,171698,7,1107,2,36000,1.00632339657
170586,170597,171580,11,983,2,36000,1.01119023398
170587,170602,171481,15,879,2,36000,1.01706484642
170643,170650,171766,7,1116,2,36000,1.00627240143
170680,170687,171877,7,1190,2,36000,1.00588235294
170702,170708,171625,6,917,2,36000,1.00654307525
170738,170744,172333,6,1589,2,36000,1.00377595972
170767,170773,171823,6,1050,2,36000,1.00571428571
170805,170811,171818,6,1007,2,36000,1.00595829196
170806,170817,171835,11,1018,2,36000,1.01080550098
170859,170865,171883,6,1018,2,36000,1.00589390963
170881,170887,171912,6,1025,2,36000,1.00585365854
170904,170910,172360,6,1450,2,36000,1.00413793103
171008,171014,172861,6,1847,2,36000,1.0032485111
171024,171030,172054,6,1024,2,36000,1.005859375
171040,171046,172068,6,1022,2,36000,1.00587084149
171041,171052,171953,11,901,2,36000,1.01220865705
171093,171099,172188,6,1089,2,36000,1.00550964187
171094,171105,171997,11,892,2,36000,1.01233183857
171127,171133,172185,6,1052,2,36000,1.00570342205
171150,171156,172136,6,980,2,36000,1.00612244898
171211,171217,172849,6,1632,2,36000,1.00367647059
171229,171235,172956,6,1721,2,36000,1.00348634515
171269,171275,172989,6,1714,2,36000,1.00350058343
171285,171291,172371,6,1080,2,36000,1.00555555556
171357,171364,172401,7,1037,2,36000,1.00675024108
171359,171370,172461,11,1091,2,36000,1.01008249313
171384,171390,172272,6,882,2,36000,1.00680272109
171385,171396,172359,11,963,2,36000,1.01142263759
171412,171418,173214,6,1796,2,36000,1.00334075724
171429,171435,172543,6,1108,2,36000,1.00541516245
171431,171441,172437,10,996,2,36000,1.01004016064
171464,171470,172478,6,1008,2,36000,1.00595238095
171465,171476,172441,11,965,2,36000,1.01139896373
171483,171489,172460,6,971,2,36000,1.0061791967
171484,171495,172455,11,960,2,36000,1.01145833333
171512,171518,172555,6,1037,2,36000,1.00578592093
171513,171524,172423,11,899,2,36000,1.01223581758
171529,171536,172769,7,1233,2,36000,1.00567721006
171531,171542,172698,11,1156,2,36000,1.00951557093
171532,171547,172698,15,1151,2,36000,1.01303214596
171591,171597,172662,6,1065,2,36000,1.00563380282
171592,171603,172600,11,997,2,36000,1.0110330993
171594,171608,173066,14,1458,2,36000,1.00960219479
171612,171619,173360,7,1741,2,36000,1.00402067777
171614,171625,172678,11,1053,2,36000,1.01044634378
171615,171630,173203,15,1573,2,36000,1.00953591863
171632,171638,172699,6,1061,2,36000,1.00565504241
171702,171708,172710,6,1002,2,36000,1.00598802395
171719,171726,173411,7,1685,2,36000,1.00415430267
171721,171732,172764,11,1032,2,36000,1.01065891473
171737,171743,173460,6,1717,2,36000,1.00349446709
171769,171775,172933,6,1158,2,36000,1.00518134715
171784,171790,172758,6,968,2,36000,1.00619834711
171831,171837,172870,6,1033,2,36000,1.00580832527
171832,171843,172757,11,914,2,36000,1.01203501094
171834,171848,173105,14,1257,2,36000,1.01113762928
171852,171858,172861,6,1003,2,36000,1.00598205384
171879,171886,172958,7,1072,2,36000,1.00652985075
171895,171902,172796,7,894,2,36000,1.00782997763
171915,171921,172970,6,1049,2,36000,1.00571973308
171954,171960,173103,6,1143,2,36000,1.00524934383
172000,172006,173036,6,1030,2,36000,1.00582524272
172076,172082,173200,6,1118,2,36000,1.0053667263
172077,172088,173076,11,988,2,36000,1.01113360324
172138,172144,173291,6,1147,2,36000,1.00523103749
172188,172194,173027,6,833,2,36000,1.00720288115
172189,172200,173355,11,1155,2,36000,1.00952380952
172224,172230,173082,6,852,2,36000,1.00704225352
172275,172281,173320,6,1039,2,36000,1.00577478345
172328,172334,178340,6,6006,2,7200,1.000999001
172351,172357,173698,6,1341,2,36000,1.00447427293
172368,172374,174022,6,1648,2,36000,1.0036407767
172370,172380,173502,10,1122,2,36000,1.00891265597
172386,172392,173328,6,936,2,36000,1.00641025641
172397,172414,174360,17,1946,2,7200,1.00873586845
172402,172408,173542,6,1134,2,36000,1.00529100529
172426,172432,173321,6,889,2,36000,1.00674915636
172438,172444,179669,6,7225,2,7200,1.00083044983
172443,172450,173553,7,1103,2,36000,1.0063463282
172444,172455,173386,11,931,2,36000,1.01181525242
172461,172467,173306,6,839,2,36000,1.00715137068
172462,172473,174390,11,1917,2,36000,1.0057381325
172463,172479,173513,16,1034,2,36000,1.01547388781
172482,172488,173529,6,1041,2,36000,1.00576368876
172548,172554,174167,6,1613,2,36000,1.00371977681
172577,172583,173642,6,1059,2,36000,1.00566572238
172608,172614,173673,6,1059,2,36000,1.00566572238
172674,172680,173778,6,1098,2,36000,1.00546448087
172693,172699,173882,6,1183,2,36000,1.00507185123
172712,172718,173732,6,1014,2,36000,1.00591715976
172713,172724,173897,11,1173,2,36000,1.00937766411
172715,172729,173608,14,879,2,36000,1.01592718999
172716,172735,173778,19,1043,2,36000,1.01821668265
172760,172766,173952,6,1186,2,36000,1.00505902192
172761,172772,173812,11,1040,2,36000,1.01057692308
172778,172784,173930,6,1146,2,36000,1.00523560209
172780,172790,173892,10,1102,2,36000,1.00907441016
172804,172810,173523,6,713,2,36000,1.00841514727
172862,172868,173760,6,892,2,36000,1.0067264574
172863,172874,173951,11,1077,2,36000,1.01021355617
172864,172879,173830,15,951,2,36000,1.01577287066
172890,172896,174277,6,1381,2,36000,1.00434467777
172933,172939,174034,6,1095,2,36000,1.00547945205
172959,172966,174041,7,1075,2,36000,1.00651162791
172961,172971,174757,10,1786,2,36000,1.00559910414
172977,172984,174044,7,1060,2,36000,1.00660377358
172994,173000,173930,6,930,2,36000,1.0064516129
173029,173036,174149,7,1113,2,36000,1.00628930818
173045,173052,174866,7,1814,2,36000,1.00385887541
173067,173073,174332,6,1259,2,36000,1.00476568705
173101,173108,174123,7,1015,2,36000,1.00689655172
173103,173114,174337,11,1223,2,36000,1.00899427637
173132,173138,175233,6,2095,2,36000,1.00286396181
173134,173144,174100,10,956,2,36000,1.01046025105
173202,173208,174240,6,1032,2,36000,1.00581395349
173219,173225,174404,6,1179,2,36000,1.00508905852
173220,173231,174316,11,1085,2,36000,1.01013824885
173293,173299,174161,6,862,2,36000,1.00696055684
173309,173315,175078,6,1763,2,36000,1.00340328985
173327,173332,174171,5,839,2,36000,1.00595947557
173328,173338,174642,10,1304,2,36000,1.00766871166
173351,173357,174606,6,1249,2,36000,1.00480384307
173382,173388,174460,6,1072,2,36000,1.00559701493
173383,173394,174924,11,1530,2,36000,1.00718954248
173400,173406,174466,6,1060,2,36000,1.00566037736
173416,173422,174494,6,1072,2,36000,1.00559701493
173462,173468,174451,6,983,2,36000,1.00610376399
173526,173532,174234,6,702,2,36000,1.00854700855
173527,173538,174653,11,1115,2,36000,1.00986547085
173529,173543,175125,14,1582,2,36000,1.00884955752
173547,173553,175150,6,1597,2,36000,1.00375704446
173548,173559,174590,11,1031,2,36000,1.01066925315
173565,173571,174506,6,935,2,36000,1.0064171123
173632,173638,174555,6,917,2,36000,1.00654307525
173661,173667,174575,6,908,2,36000,1.00660792952
173684,173691,174592,7,901,2,36000,1.00776914539
173700,173706,175721,6,2015,2,36000,1.00297766749
173734,173740,175035,6,1295,2,36000,1.00463320463
173757,173763,174930,6,1167,2,36000,1.00514138817
173782,173788,174898,6,1110,2,36000,1.00540540541
173783,173794,174745,11,951,2,36000,1.01156677182
173813,173820,174905,7,1085,2,36000,1.0064516129
173833,173839,174862,6,1023,2,36000,1.00586510264
173900,173906,174955,6,1049,2,36000,1.00571973308
173901,173912,175027,11,1115,2,36000,1.00986547085
173903,173917,175082,14,1165,2,36000,1.01201716738
173930,173936,174894,6,958,2,36000,1.00626304802
173932,173942,175039,10,1097,2,36000,1.00911577028
173951,173957,174988,6,1031,2,36000,1.00581959263
173968,173974,175114,6,1140,2,36000,1.00526315789
174025,174031,175071,6,1040,2,36000,1.00576923077
174042,174048,175001,6,953,2,36000,1.00629590766
174043,174054,175071,11,1017,2,36000,1.01081612586
174060,174066,174985,6,919,2,36000,1.00652883569
174114,174121,175162,7,1041,2,36000,1.00672430355
174141,174147,175268,6,1121,2,36000,1.00535236396
174158,174164,175896,6,1732,2,36000,1.00346420323
174177,174183,175332,6,1149,2,36000,1.00522193211
174178,174189,175245,11,1056,2,36000,1.01041666667
174180,174194,175309,14,1115,2,36000,1.01255605381
174237,174243,175320,6,1077,2,36000,1.00557103064
174255,174261,175366,6,1105,2,36000,1.00542986425
174278,174284,175246,6,962,2,36000,1.00623700624
174319,174325,175443,6,1118,2,36000,1.0053667263
174334,174341,175529,7,1188,2,36000,1.00589225589
174364,174370,175489,6,1119,2,36000,1.00536193029
174396,174401,175373,5,972,2,36000,1.00514403292
174413,174419,175617,6,1198,2,36000,1.00500834725
174452,174458,175546,6,1088,2,36000,1.00551470588
174470,174476,175803,6,1327,2,36000,1.00452147702
174471,174482,175495,11,1013,2,36000,1.01085883514
174498,174504,175550,6,1046,2,36000,1.00573613767
174515,174521,175503,6,982,2,36000,1.00610997963
174557,174564,175589,7,1025,2,36000,1.00682926829
174576,174582,175554,6,972,2,36000,1.00617283951
174592,174599,175792,7,1193,2,36000,1.00586756077
174594,174605,175752,11,1147,2,36000,1.0095902354
174626,174632,175458,6,826,2,36000,1.00726392252
174650,174656,175704,6,1048,2,36000,1.00572519084
174667,174673,175701,6,1028,2,36000,1.00583657588
174748,174760,175712,12,952,2,36000,1.01260504202
174765,174771,175744,6,973,2,36000,1.00616649538
174882,174889,176045,7,1156,2,36000,1.00605536332
174884,174895,175960,11,1065,2,36000,1.0103286385
174905,174912,176030,7,1118,2,36000,1.00626118068
174907,174918,176193,11,1275,2,36000,1.00862745098
174908,174923,175914,15,991,2,36000,1.01513622603
174952,174958,176096,6,1138,2,36000,1.00527240773
174954,174964,176018,10,1054,2,36000,1.00948766603
174971,174977,175822,6,845,2,36000,1.00710059172
174996,175002,176072,6,1070,2,36000,1.00560747664
174998,175008,176073,10,1065,2,36000,1.00938967136
175015,175021,176006,6,985,2,36000,1.00609137056
175033,175039,176009,6,970,2,36000,1.00618556701
175050,175056,176374,6,1318,2,36000,1.00455235205
175052,175062,176054,10,992,2,36000,1.01008064516
175069,175075,175929,6,854,2,36000,1.00702576112
175085,175090,176134,5,1044,2,36000,1.00478927203
175086,175096,176863,10,1767,2,36000,1.00565930956
175087,175101,176857,14,1756,2,36000,1.00797266515
175152,175158,176173,6,1015,2,36000,1.00591133005
175153,175164,176326,11,1162,2,36000,1.00946643718
175155,175169,176360,14,1191,2,36000,1.01175482788
175173,175179,176943,6,1764,2,36000,1.00340136054
175178,175185,190150,7,14965,2,36000,1.0004677581
175265,175271,176284,6,1013,2,36000,1.00592300099
175266,175277,176421,11,1144,2,36000,1.00961538462
175268,175282,176506,14,1224,2,36000,1.0114379085
175285,175291,176407,6,1116,2,36000,1.00537634409
175314,175319,177063,5,1744,2,36000,1.00286697248
175333,175340,176424,7,1084,2,36000,1.00645756458
175335,175346,176329,11,983,2,36000,1.01119023398
175387,175393,176391,6,998,2,36000,1.00601202405
175388,175399,176484,11,1085,2,36000,1.01013824885
175456,175462,176270,6,808,2,36000,1.00742574257
175472,175479,176723,7,1244,2,36000,1.00562700965
175489,175496,176402,7,906,2,36000,1.00772626932
175507,175513,177261,6,1748,2,36000,1.00343249428
175508,175519,176527,11,1008,2,36000,1.01091269841
175532,175538,176518,6,980,2,36000,1.00612244898
175548,175554,176656,6,1102,2,36000,1.0054446461
175566,175572,176606,6,1034,2,36000,1.00580270793
175567,175578,176579,11,1001,2,36000,1.01098901099
175590,175596,176767,6,1171,2,36000,1.00512382579
175619,175626,176725,7,1099,2,36000,1.00636942675
175702,175708,177055,6,1347,2,36000,1.00445434298
175719,175726,177602,7,1876,2,36000,1.00373134328
175721,175732,176717,11,985,2,36000,1.01116751269
175738,175744,176930,6,1186,2,36000,1.00505902192
175756,175762,176719,6,957,2,36000,1.00626959248
175757,175768,176865,11,1097,2,36000,1.01002734731
175796,175802,176749,6,947,2,36000,1.00633579725
175813,175819,177005,6,1186,2,36000,1.00505902192
175830,175836,177702,6,1866,2,36000,1.00321543408
175901,175908,176922,7,1014,2,36000,1.00690335306
175923,175929,176738,6,809,2,36000,1.00741656366
175939,175946,177073,7,1127,2,36000,1.00621118012
175962,175968,177158,6,1190,2,36000,1.00504201681
176006,176012,177297,6,1285,2,36000,1.0046692607
176024,176030,177865,6,1835,2,36000,1.00326975477
176025,176036,177245,11,1209,2,36000,1.00909842845
176041,176048,176999,7,951,2,36000,1.00736067298
176061,176066,177182,5,1116,2,36000,1.00448028674
176062,176072,177456,10,1384,2,36000,1.00722543353
176080,176085,177160,5,1075,2,36000,1.00465116279
176081,176091,177162,10,1071,2,36000,1.00933706816
176097,176103,177228,6,1125,2,36000,1.00533333333
176148,176155,177201,7,1046,2,36000,1.00669216061
176176,176182,177299,6,1117,2,36000,1.00537153089
176193,176199,177376,6,1177,2,36000,1.00509770603
176274,176281,177307,7,1026,2,36000,1.00682261209
176291,176297,177932,6,1635,2,36000,1.00366972477
176328,176334,177623,6,1289,2,36000,1.00465477114
176344,176350,177383,6,1033,2,36000,1.00580832527
176364,176370,177311,6,941,2,36000,1.00637619554
176391,176397,177540,6,1143,2,36000,1.00524934383
176392,176403,177493,11,1090,2,36000,1.01009174312
176425,176431,177375,6,944,2,36000,1.0063559322
176426,176437,177668,11,1231,2,36000,1.00893582453
176427,176442,177463,15,1021,2,36000,1.01469147894
176429,176448,178203,19,1755,2,36000,1.01082621083
176488,176494,177567,6,1073,2,36000,1.0055917987
176508,176514,177564,6,1050,2,36000,1.00571428571
176525,176531,177797,6,1266,2,36000,1.00473933649
176542,176548,177669,6,1121,2,36000,1.00535236396
176580,176586,177851,6,1265,2,36000,1.004743083
176608,176615,177666,7,1051,2,36000,1.0066603235
176661,176667,177791,6,1124,2,36000,1.00533807829
176720,176726,177689,6,963,2,36000,1.0062305296
176722,176732,178191,10,1459,2,36000,1.0068540096
176737,176744,178471,7,1727,2,36000,1.00405327157
176739,176750,177541,11,791,2,36000,1.01390644753
176740,176755,177915,15,1160,2,36000,1.01293103448
176759,176765,177694,6,929,2,36000,1.00645855759
176775,176781,177674,6,893,2,36000,1.00671892497
176859,176865,178649,6,1784,2,36000,1.0033632287
176874,176881,178011,7,1130,2,36000,1.00619469027
176876,176887,177862,11,975,2,36000,1.01128205128
176924,176930,178299,6,1369,2,36000,1.00438276114
176939,176945,178675,6,1730,2,36000,1.00346820809
176954,176960,178220,6,1260,2,36000,1.00476190476
177001,177007,177978,6,971,2,36000,1.0061791967
177016,177022,177971,6,949,2,36000,1.00632244468
177057,177063,178046,6,983,2,36000,1.00610376399
177072,177078,178467,6,1389,2,36000,1.00431965443
177073,177084,178186,11,1102,2,36000,1.00998185118
177158,177164,178316,6,1152,2,36000,1.00520833333
177175,177181,178399,6,1218,2,36000,1.00492610837
177176,177187,178379,11,1192,2,36000,1.00922818792
177192,177198,178198,6,1000,2,36000,1.006
177207,177213,179121,6,1908,2,36000,1.00314465409
177229,177235,178165,6,930,2,36000,1.0064516129
177247,177254,178362,7,1108,2,36000,1.00631768953
177263,177269,178548,6,1279,2,36000,1.00469116497
177300,177307,178295,7,988,2,36000,1.00708502024
177302,177312,178361,10,1049,2,36000,1.00953288847
177317,177323,178278,6,955,2,36000,1.00628272251
177319,177329,179171,10,1842,2,36000,1.00542888165
177377,177383,178407,6,1024,2,36000,1.005859375
177379,177389,178537,10,1148,2,36000,1.00871080139
177394,177400,179245,6,1845,2,36000,1.00325203252
177458,177465,178388,7,923,2,36000,1.00758396533
177474,177480,178549,6,1069,2,36000,1.00561272217
177495,177501,178586,6,1085,2,36000,1.00552995392
177542,177548,178691,6,1143,2,36000,1.00524934383
177543,177554,179359,11,1805,2,36000,1.00609418283
177565,177571,179457,6,1886,2,36000,1.00318133616
177581,177587,178559,6,972,2,36000,1.00617283951
177602,177609,178739,7,1130,2,36000,1.00619469027
177624,177630,178759,6,1129,2,36000,1.00531443756
177667,177673,178877,6,1204,2,36000,1.0049833887
177683,177689,179552,6,1863,2,36000,1.00322061192
177685,177695,178885,10,1190,2,36000,1.00840336134
177686,177700,178876,14,1176,2,36000,1.0119047619
177702,177708,178791,6,1083,2,36000,1.0055401662
177703,177714,178786,11,1072,2,36000,1.01026119403
177705,177719,178837,14,1118,2,36000,1.01252236136
177794,177800,178961,6,1161,2,36000,1.00516795866
177809,177815,178676,6,861,2,36000,1.00696864111
177852,177858,178943,6,1085,2,36000,1.00552995392
177868,177873,178931,5,1058,2,36000,1.00472589792
177869,177879,179027,10,1148,2,36000,1.00871080139
177921,177927,179651,6,1724,2,36000,1.00348027842
177937,177943,178987,6,1044,2,36000,1.00574712644
177972,177978,178973,6,995,2,36000,1.00603015075
177988,177994,179860,6,1866,2,36000,1.00321543408
178013,178020,178913,7,893,2,36000,1.0078387458
178053,178059,179138,6,1079,2,36000,1.00556070436
178165,178172,179240,7,1068,2,36000,1.00655430712
178187,178193,179256,6,1063,2,36000,1.00564440263
178203,178209,179202,6,993,2,36000,1.00604229607
178205,178215,179485,10,1270,2,36000,1.00787401575
178206,178220,179399,14,1179,2,36000,1.01187446989
178222,178229,179325,7,1096,2,36000,1.00638686131
178279,178285,192917,6,14632,2,36000,1.00041006014
178279,178290,179401,11,1111,2,36000,1.0099009901
178282,178296,191748,14,13452,2,36000,1.00104073744
178298,178305,179445,7,1140,2,36000,1.00614035088
178300,178311,179227,11,916,2,36000,1.01200873362
178318,178324,180088,6,1764,2,36000,1.00340136054
178361,178367,179361,6,994,2,36000,1.0060362173
178363,178373,180247,10,1874,2,36000,1.0053361793
178381,178387,179446,6,1059,2,36000,1.00566572238
178396,178403,179545,7,1142,2,36000,1.0061295972
178412,178418,180161,6,1743,2,36000,1.00344234079
178413,178424,179360,11,936,2,36000,1.01175213675
178469,178475,179629,6,1154,2,36000,1.00519930676
178484,178490,179446,6,956,2,36000,1.00627615063
178537,178543,179544,6,1001,2,36000,1.00599400599
178553,178559,179583,6,1024,2,36000,1.005859375
178554,178565,179661,11,1096,2,36000,1.01003649635
178570,178576,179849,6,1273,2,36000,1.00471327573
178588,178595,179725,7,1130,2,36000,1.00619469027
178650,178656,180051,6,1395,2,36000,1.00430107527
178656,178662,180017,6,1355,2,28800,1.00442804428
178679,178685,179672,6,987,2,36000,1.00607902736
178680,178691,179806,11,1115,2,36000,1.00986547085
178696,178702,179773,6,1071,2,36000,1.0056022409
178741,178747,180488,6,1741,2,36000,1.00344629523
178768,178774,180036,6,1262,2,36000,1.00475435816
178792,178797,180122,5,1325,2,36000,1.00377358491
178793,178803,179763,10,960,2,36000,1.01041666667
178839,178845,179964,6,1119,2,36000,1.00536193029
178876,178882,180537,6,1655,2,36000,1.00362537764
178878,178888,179995,10,1107,2,36000,1.00903342367
178893,178899,180163,6,1264,2,36000,1.00474683544
178915,178921,180829,6,1908,2,36000,1.00314465409
178934,178940,179758,6,818,2,36000,1.00733496333
178949,178955,180031,6,1076,2,36000,1.00557620818
178964,178971,180352,7,1381,2,36000,1.00506879073
178980,178986,180835,6,1849,2,36000,1.0032449973
178997,179003,180015,6,1012,2,36000,1.00592885375
179030,179036,180150,6,1114,2,36000,1.00538599641
179124,179130,180100,6,970,2,36000,1.00618556701
179140,179146,180477,6,1331,2,36000,1.00450788881
179172,179178,180391,6,1213,2,36000,1.00494641385
179204,179210,181216,6,2006,2,36000,1.00299102692
179228,179234,180123,6,889,2,36000,1.00674915636
179243,179249,181146,6,1897,2,36000,1.00316288877
179259,179265,180133,6,868,2,36000,1.0069124424
179261,179271,180425,10,1154,2,36000,1.00866551127
179325,179331,180481,6,1150,2,36000,1.0052173913
179362,179368,180444,6,1076,2,36000,1.00557620818
179363,179374,180420,11,1046,2,36000,1.01051625239
179364,179379,180555,15,1176,2,36000,1.01275510204
179402,179408,180532,6,1124,2,36000,1.00533807829
179403,179414,201928,11,22514,2,36000,1.00048858488
179447,179454,180617,7,1163,2,36000,1.0060189166
179449,179460,180623,11,1163,2,36000,1.00945829751
179450,179466,180443,16,977,2,36000,1.01637666325
179465,179472,180468,7,996,2,36000,1.00702811245
179487,179493,180690,6,1197,2,36000,1.00501253133
179546,179552,180763,6,1211,2,36000,1.00495458299
179547,179558,180677,11,1119,2,36000,1.00983020554
179563,179569,180733,6,1164,2,36000,1.00515463918
179584,179590,180370,6,780,2,36000,1.00769230769
179630,179637,180680,7,1043,2,36000,1.0067114094
179652,179658,180743,6,1085,2,36000,1.00552995392
179667,179673,180720,6,1047,2,36000,1.00573065903
179683,179689,180694,6,1005,2,36000,1.00597014925
179726,179732,180894,6,1162,2,36000,1.00516351119
179760,179767,180727,7,960,2,36000,1.00729166667
179776,179782,180766,6,984,2,36000,1.00609756098
179777,179788,181275,11,1487,2,36000,1.00739744452
179808,179815,180802,7,987,2,36000,1.00709219858
179852,179858,201929,6,22071,2,36000,1.00027184994
179867,179873,180828,6,955,2,36000,1.00628272251
179966,179972,181017,6,1045,2,36000,1.00574162679
179996,180003,181058,7,1055,2,36000,1.00663507109
180016,180022,181606,6,1584,2,36000,1.00378787879
180031,180037,181015,6,978,2,36000,1.00613496933
180046,180052,181042,6,990,2,36000,1.00606060606
180061,180068,181329,7,1261,2,36000,1.00555114988
180086,180092,181129,6,1037,2,36000,1.00578592093
180101,180107,181156,6,1049,2,36000,1.00571973308
180123,180129,181096,6,967,2,36000,1.00620475698
180124,180135,181387,11,1252,2,36000,1.00878594249
180139,180145,181383,6,1238,2,36000,1.00484652666
180155,180161,181059,6,898,2,36000,1.00668151448
180171,180177,181090,6,913,2,36000,1.00657174151
180172,180183,181073,11,890,2,36000,1.01235955056
180249,180256,181274,7,1018,2,36000,1.0068762279
180355,180361,181622,6,1261,2,36000,1.00475812847
180370,180376,181523,6,1147,2,36000,1.00523103749
180391,180397,184283,6,3886,2,21600,1.00154400412
180392,180402,181557,10,1155,2,36000,1.00865800866
180422,180429,181516,7,1087,2,36000,1.00643974241
180438,180444,181550,6,1106,2,36000,1.00542495479
180454,180460,181645,6,1185,2,36000,1.00506329114
180455,180466,181716,11,1250,2,36000,1.0088
180471,180477,181446,6,969,2,36000,1.00619195046
180487,180493,181509,6,1016,2,36000,1.00590551181
180488,180499,181617,11,1118,2,36000,1.00983899821
180504,180510,181790,6,1280,2,36000,1.0046875
180537,180543,181548,6,1005,2,36000,1.00597014925
180538,180549,182315,11,1766,2,36000,1.00622876557
180558,180564,181636,6,1072,2,36000,1.00559701493
180618,180624,181587,6,963,2,36000,1.0062305296
180633,180639,181744,6,1105,2,36000,1.00542986425
180680,180686,182557,6,1871,2,36000,1.00320684126
180681,180692,181768,11,1076,2,36000,1.01022304833
180697,180703,182332,6,1629,2,36000,1.00368324125
180699,180709,182010,10,1301,2,36000,1.00768639508
180720,180726,181866,6,1140,2,36000,1.00526315789
180736,180742,182785,6,2043,2,36000,1.00293685756
180737,180748,181822,11,1074,2,36000,1.01024208566
180753,180759,181783,6,1024,2,36000,1.005859375
180769,180775,181730,6,955,2,36000,1.00628272251
180770,180781,182039,11,1258,2,36000,1.00874403816
180805,180811,181932,6,1121,2,36000,1.00535236396
180830,180836,182029,6,1193,2,36000,1.0050293378
180831,180842,182067,11,1225,2,36000,1.00897959184
180846,180853,182640,7,1787,2,36000,1.00391717963
180896,180902,181815,6,913,2,36000,1.00657174151
181016,181022,182105,6,1083,2,36000,1.0055401662
181018,181028,182033,10,1005,2,36000,1.00995024876
181043,181049,182057,6,1008,2,36000,1.00595238095
181062,181068,181960,6,892,2,36000,1.0067264574
181063,181074,182778,11,1704,2,36000,1.00645539906
181080,181086,182088,6,1002,2,36000,1.00598802395
181095,181101,182198,6,1097,2,36000,1.00546946217
181111,181117,183128,6,2011,2,36000,1.00298359025
181129,181136,182102,7,966,2,36000,1.00724637681
181148,181154,182160,6,1006,2,36000,1.00596421471
181163,181169,182187,6,1018,2,36000,1.00589390963
181217,181223,182893,6,1670,2,36000,1.00359281437
181275,181282,182149,7,867,2,36000,1.00807381776
181277,181288,182365,11,1077,2,36000,1.01021355617
181332,181338,182238,6,900,2,36000,1.00666666667
181337,181344,181345,7,1,2,3540,1.0
181382,181388,182543,6,1155,2,36000,1.00519480519
181397,181403,182349,6,946,2,36000,1.00634249471
181447,181453,182468,6,1015,2,36000,1.00591133005
181511,181517,182495,6,978,2,36000,1.00613496933
181526,181532,182622,6,1090,2,36000,1.00550458716
181527,181538,182602,11,1064,2,36000,1.01033834586
181549,181555,182900,6,1345,2,36000,1.00446096654
181550,181561,182765,11,1204,2,36000,1.00913621262
181566,181572,182626,6,1054,2,36000,1.00569259962
181588,181594,183299,6,1705,2,36000,1.00351906158
181607,181613,182799,6,1186,2,36000,1.00505902192
181622,181628,182537,6,909,2,36000,1.00660066007
181624,181634,182746,10,1112,2,36000,1.00899280576
181639,181645,182605,6,960,2,36000,1.00625
181654,181661,182596,7,935,2,36000,1.00748663102
181716,181722,182753,6,1031,2,36000,1.00581959263
181732,181738,182768,6,1030,2,36000,1.00582524272
181747,181753,183041,6,1288,2,36000,1.00465838509
181769,181775,182734,6,959,2,36000,1.00625651721
181784,181791,183521,7,1730,2,36000,1.00404624277
181800,181806,183003,6,1197,2,36000,1.00501253133
181816,181822,182855,6,1033,2,36000,1.00580832527
181831,181838,183014,7,1176,2,36000,1.00595238095
181866,181872,183130,6,1258,2,36000,1.00476947536
181934,181940,183069,6,1129,2,36000,1.00531443756
181962,181968,183640,6,1672,2,36000,1.00358851675
181984,181991,182631,7,640,2,43200,1.0109375
182016,182022,183043,6,1021,2,36000,1.00587659158
182040,182046,183073,6,1027,2,36000,1.00584225901
182041,182052,182975,11,923,2,36000,1.0119176598
182043,182057,183349,14,1292,2,36000,1.01083591331
182059,182065,183107,6,1042,2,36000,1.00575815739
182074,182080,183099,6,1019,2,36000,1.00588812561
182091,182098,183079,7,981,2,36000,1.00713557594
182099,182105,182262,6,157,1,3600,1.03821656051
182114,182120,183227,6,1107,2,36000,1.0054200542
182115,182126,183149,11,1023,2,36000,1.01075268817
182150,182156,183163,6,1007,2,36000,1.00595829196
182165,182171,183385,6,1214,2,36000,1.00494233937
182190,182196,183303,6,1107,2,36000,1.0054200542
182201,182207,201402,6,19195,2,21600,1.0003125814
182205,182213,183397,8,1184,2,36000,1.00675675676
182233,182239,183045,6,806,2,36000,1.00744416873
182316,182322,183361,6,1039,2,36000,1.00577478345
182334,182341,183548,7,1207,2,36000,1.0057995029
182350,182356,183246,6,890,2,36000,1.00674157303
182368,182374,183490,6,1116,2,36000,1.00537634409
182437,182443,182790,6,347,1,3600,1.01729106628
182470,182476,183528,6,1052,2,36000,1.00570342205
182498,182504,183726,6,1222,2,36000,1.00490998363
182540,182547,183730,7,1183,2,36000,1.00591715976
182556,182562,183564,6,1002,2,36000,1.00598802395
182557,182568,183608,11,1040,2,36000,1.01057692308
182597,182603,183661,6,1058,2,36000,1.0056710775
182613,182619,184348,6,1729,2,36000,1.003470214
182614,182625,183755,11,1130,2,36000,1.00973451327
182630,182636,183642,6,1006,2,36000,1.00596421471
182631,182642,183702,11,1060,2,36000,1.01037735849
182647,182653,183743,6,1090,2,36000,1.00550458716
182739,182745,183654,6,909,2,36000,1.00660066007
182757,182763,184148,6,1385,2,36000,1.00433212996
182758,182769,183854,11,1085,2,36000,1.01013824885
182774,182780,183913,6,1133,2,36000,1.0052956752
182775,182786,184683,11,1897,2,36000,1.00579862941
182791,182797,183773,6,976,2,36000,1.00614754098
182792,182803,183835,11,1032,2,36000,1.01065891473
182808,182814,184541,6,1727,2,36000,1.00347423277
182854,182860,183896,6,1036,2,36000,1.00579150579
182895,182901,183901,6,1000,2,36000,1.006
182910,182916,184216,6,1300,2,36000,1.00461538462
182975,182981,183975,6,994,2,36000,1.0060362173
183006,183012,184136,6,1124,2,36000,1.00533807829
183022,183028,184159,6,1131,2,36000,1.00530503979
183044,183051,184355,7,1304,2,36000,1.00536809816
183046,183057,184229,11,1172,2,36000,1.00938566553
183047,183063,184057,16,994,2,36000,1.01609657948
183073,183080,184168,7,1088,2,36000,1.00643382353
183075,183086,184079,11,993,2,36000,1.0110775428
183091,183098,184088,7,990,2,36000,1.00707070707
183108,183115,184316,7,1201,2,36000,1.00582847627
183110,183121,184128,11,1007,2,36000,1.01092353525
183134,183139,184231,5,1092,2,36000,1.00457875458
183135,183145,184291,10,1146,2,36000,1.00872600349
183140,183151,183964,11,813,1,3600,1.0135301353
183151,183157,185104,6,1947,2,36000,1.0030816641
183166,183172,183993,6,821,2,36000,1.00730816078
183228,183234,184250,6,1016,2,36000,1.00590551181
183249,183255,184701,6,1446,2,36000,1.00414937759
183302,183308,184424,6,1116,2,36000,1.00537634409
183303,183314,184533,11,1219,2,36000,1.00902378999
183350,183356,184942,6,1586,2,36000,1.00378310214
183367,183373,184542,6,1169,2,36000,1.00513259196
183386,183392,184486,6,1094,2,36000,1.00548446069
183401,183408,184390,7,982,2,36000,1.00712830957
183490,183496,184480,6,984,2,36000,1.00609756098
183524,183530,184647,6,1117,2,36000,1.00537153089
183539,183545,184556,6,1011,2,36000,1.0059347181
183554,183561,184621,7,1060,2,36000,1.00660377358
183570,183576,185412,6,1836,2,36000,1.00326797386
183610,183616,184862,6,1246,2,36000,1.00481540931
183643,183649,184681,6,1032,2,36000,1.00581395349
183644,183655,184726,11,1071,2,36000,1.01027077498
183659,183665,184776,6,1111,2,36000,1.00540054005
183675,183681,184850,6,1169,2,36000,1.00513259196
183703,183709,184961,6,1252,2,36000,1.00479233227
183727,183733,184725,6,992,2,36000,1.0060483871
183743,183749,185052,6,1303,2,36000,1.00460475825
183744,183755,184852,11,1097,2,36000,1.01002734731
183760,183766,185039,6,1273,2,36000,1.00471327573
183775,183781,185050,6,1269,2,36000,1.00472813239
183836,183842,184913,6,1071,2,36000,1.0056022409
183855,183861,185008,6,1147,2,36000,1.00523103749
183898,183904,184844,6,940,2,36000,1.00638297872
183899,183910,185063,11,1153,2,36000,1.00954032958
183915,183921,185205,6,1284,2,36000,1.0046728972
183976,183982,185351,6,1369,2,36000,1.00438276114
183994,184001,185078,7,1077,2,36000,1.00649953575
184059,184065,185031,6,966,2,36000,1.00621118012
184080,184086,185767,6,1681,2,36000,1.00356930399
184096,184102,185317,6,1215,2,36000,1.0049382716
184130,184136,185334,6,1198,2,36000,1.00500834725
184145,184151,185265,6,1114,2,36000,1.00538599641
184161,184167,185143,6,976,2,36000,1.00614754098
184162,184173,185193,11,1020,2,36000,1.01078431373
184177,184184,185527,7,1343,2,36000,1.00521221147
184217,184223,185139,6,916,2,36000,1.00655021834
184233,184239,185224,6,985,2,36000,1.00609137056
184234,184245,185570,11,1325,2,36000,1.00830188679
184253,184259,185431,6,1172,2,36000,1.00511945392
184292,184299,185227,7,928,2,36000,1.00754310345
184317,184323,185359,6,1036,2,36000,1.00579150579
184351,184357,185500,6,1143,2,36000,1.00524934383
184366,184372,185531,6,1159,2,36000,1.00517687662
184391,184397,185453,6,1056,2,36000,1.00568181818
184425,184431,185458,6,1027,2,36000,1.00584225901
184482,184488,185589,6,1101,2,36000,1.00544959128
184497,184503,185593,6,1090,2,36000,1.00550458716
184539,184545,186429,6,1884,2,36000,1.00318471338
184555,184561,185521,6,960,2,36000,1.00625
184557,184567,185549,10,982,2,36000,1.01018329939
184572,184579,185577,7,998,2,36000,1.00701402806
184624,184630,185701,6,1071,2,36000,1.0056022409
184652,184658,201929,6,17271,2,36000,1.00034740316
184684,184690,186016,6,1326,2,36000,1.00452488688
184685,184696,185564,11,868,2,36000,1.01267281106
184704,184710,185752,6,1042,2,36000,1.00575815739
184726,184732,185749,6,1017,2,36000,1.00589970501
184727,184738,185766,11,1028,2,36000,1.01070038911
184777,184783,185770,6,987,2,36000,1.00607902736
184846,184852,185794,6,942,2,36000,1.00636942675
184862,184868,185898,6,1030,2,36000,1.00582524272
184863,184874,185961,11,1087,2,36000,1.01011959522
184864,184879,185823,15,944,2,36000,1.01588983051
184915,184921,186085,6,1164,2,36000,1.00515463918
184943,184949,185810,6,861,2,36000,1.00696864111
184961,184967,186174,6,1207,2,36000,1.00497100249
185008,185014,186166,6,1152,2,36000,1.00520833333
185033,185039,186226,6,1187,2,36000,1.0050547599
185049,185055,186939,6,1884,2,36000,1.00318471338
185050,185061,186116,11,1055,2,36000,1.01042654028
185066,185072,186138,6,1066,2,36000,1.00562851782
185067,185078,186114,11,1036,2,36000,1.01061776062
185082,185088,186036,6,948,2,36000,1.00632911392
185104,185110,186428,6,1318,2,36000,1.00455235205
185138,185144,186140,6,996,2,36000,1.00602409639
185153,185159,186009,6,850,2,36000,1.00705882353
185164,185170,185282,6,112,1,3600,1.05357142857
185193,185199,186324,6,1125,2,36000,1.00533333333
185208,185215,186041,7,826,2,36000,1.00847457627
185224,185231,186436,7,1205,2,36000,1.00580912863
185239,185245,186169,6,924,2,36000,1.00649350649
185266,185273,186333,7,1060,2,36000,1.00660377358
185313,185319,186526,6,1207,2,36000,1.00497100249
185335,185341,186451,6,1110,2,36000,1.00540540541
185353,185359,186374,6,1015,2,36000,1.00591133005
185369,185375,186399,6,1024,2,36000,1.005859375
185415,185422,186142,7,720,2,36000,1.00972222222
185434,185440,186564,6,1124,2,36000,1.00533807829
185448,185454,185771,6,317,1,3600,1.01892744479
185455,185462,187411,7,1949,2,36000,1.00359158543
185472,185478,186681,6,1203,2,36000,1.00498753117
185503,185509,186721,6,1212,2,36000,1.00495049505
185525,185531,186543,6,1012,2,36000,1.00592885375
185541,185547,186662,6,1115,2,36000,1.00538116592
185543,185553,186784,10,1231,2,36000,1.00812347685
185558,185565,186485,7,920,2,36000,1.00760869565
185574,185580,186670,6,1090,2,36000,1.00550458716
185575,185586,186532,11,946,2,36000,1.01162790698
185591,185597,187376,6,1779,2,36000,1.00337268128
185592,185603,186731,11,1128,2,36000,1.00975177305
185607,185614,186568,7,954,2,36000,1.00733752621
185630,185636,185797,6,161,1,3600,1.03726708075
185703,185709,186904,6,1195,2,36000,1.0050209205
185749,185756,187109,7,1353,2,36000,1.0051736881
185765,185771,186811,6,1040,2,36000,1.00576923077
185781,185787,186855,6,1068,2,36000,1.00561797753
185782,185793,186954,11,1161,2,36000,1.00947459087
185784,185798,186717,14,919,2,36000,1.01523394995
185799,185805,186698,6,893,2,36000,1.00671892497
185815,185821,187118,6,1297,2,36000,1.00462606014
185830,185836,186934,6,1098,2,36000,1.00546448087
185900,185906,187519,6,1613,2,36000,1.00371977681
185962,185968,187165,6,1197,2,36000,1.00501253133
185970,185976,186314,6,338,1,3600,1.01775147929
186020,186026,187221,6,1195,2,36000,1.0050209205
186021,186032,187077,11,1045,2,36000,1.01052631579
186038,186044,186929,6,885,2,36000,1.00677966102
186053,186059,187026,6,967,2,36000,1.00620475698
186087,186093,187172,6,1079,2,36000,1.00556070436
186115,186121,187230,6,1109,2,36000,1.00541027953
186131,186137,187277,6,1140,2,36000,1.00526315789
186148,186153,187173,5,1020,2,36000,1.00490196078
186149,186159,187212,10,1053,2,36000,1.00949667616
186150,186164,187798,14,1634,2,36000,1.00856793146
186169,186175,187309,6,1134,2,36000,1.00529100529
186170,186181,187447,11,1266,2,36000,1.00868878357
186186,186192,187303,6,1111,2,36000,1.00540054005
186228,186234,187331,6,1097,2,36000,1.00546946217
186228,186239,186836,11,597,1,3600,1.01842546064
186324,186330,187298,6,968,2,36000,1.00619834711
186339,186345,187637,6,1292,2,36000,1.00464396285
186376,186383,187231,7,848,2,36000,1.00825471698
186401,186407,187617,6,1210,2,36000,1.00495867769
186430,186436,187437,6,1001,2,36000,1.00599400599
186431,186442,187526,11,1084,2,36000,1.01014760148
186447,186453,187437,6,984,2,36000,1.00609756098
186463,186469,187503,6,1034,2,36000,1.00580270793
186485,186491,187595,6,1104,2,36000,1.00543478261
186527,186533,187620,6,1087,2,36000,1.00551977921
186544,186550,188376,6,1826,2,36000,1.00328587076
186545,186556,187467,11,911,2,36000,1.01207464325
186565,186571,187584,6,1013,2,36000,1.00592300099
186581,186587,187726,6,1139,2,36000,1.00526777875
186663,186669,187524,6,855,2,36000,1.00701754386
186673,186680,187514,7,834,1,3600,1.00839328537
186679,186686,187730,7,1044,2,36000,1.00670498084
186694,186700,187796,6,1096,2,36000,1.00547445255
186710,186716,187849,6,1133,2,36000,1.0052956752
186726,186732,187840,6,1108,2,36000,1.00541516245
186728,186738,187730,10,992,2,36000,1.01008064516
186743,186749,187682,6,933,2,36000,1.00643086817
186783,186789,188019,6,1230,2,36000,1.00487804878
186811,186817,188452,6,1635,2,36000,1.00366972477
186857,186863,187883,6,1020,2,36000,1.00588235294
186907,186913,187908,6,995,2,36000,1.00603015075
186929,186935,188248,6,1313,2,36000,1.00456968774
186945,186951,188028,6,1077,2,36000,1.00557103064
186946,186957,188025,11,1068,2,36000,1.01029962547
186962,186968,187988,6,1020,2,36000,1.00588235294
187029,187035,187994,6,959,2,36000,1.00625651721
187076,187082,187981,6,899,2,36000,1.00667408231
187110,187116,188135,6,1019,2,36000,1.00588812561
187126,187132,188144,6,1012,2,36000,1.00592885375
187166,187172,188304,6,1132,2,36000,1.00530035336
187181,187188,188852,7,1664,2,36000,1.00420673077
187183,187194,188241,11,1047,2,36000,1.01050620821
187214,187220,188293,6,1073,2,36000,1.0055917987
187230,187236,188336,6,1100,2,36000,1.00545454545
187231,187242,189040,11,1798,2,36000,1.00611790879
187232,187247,188225,15,978,2,36000,1.01533742331
187280,187286,188285,6,999,2,36000,1.00600600601
187302,187308,188522,6,1214,2,36000,1.00494233937
187303,187314,188232,11,918,2,36000,1.01198257081
187320,187326,188539,6,1213,2,36000,1.00494641385
187336,187342,188384,6,1042,2,36000,1.00575815739
187373,187379,188930,6,1551,2,36000,1.00386847195
187411,187417,188417,6,1000,2,36000,1.006
187434,187440,188395,6,955,2,36000,1.00628272251
187450,187456,188408,6,952,2,36000,1.00630252101
187452,187462,188540,10,1078,2,36000,1.00927643785
187468,187474,188463,6,989,2,36000,1.00606673407
187504,187510,188708,6,1198,2,36000,1.00500834725
187521,187528,188794,7,1266,2,36000,1.00552922591
187540,187546,188574,6,1028,2,36000,1.00583657588
187541,187552,189469,11,1917,2,36000,1.0057381325
187592,187598,188771,6,1173,2,36000,1.00511508951
187610,187616,188718,6,1102,2,36000,1.0054446461
187626,187633,188920,7,1287,2,36000,1.00543900544
187628,187639,188720,11,1081,2,36000,1.01017576318
187649,187655,188814,6,1159,2,36000,1.00517687662
187686,187692,188634,6,942,2,36000,1.00636942675
187728,187734,188590,6,856,2,36000,1.00700934579
187743,187749,188872,6,1123,2,36000,1.0053428317
187745,187755,188981,10,1226,2,36000,1.00815660685
187797,187803,188663,6,860,2,36000,1.00697674419
187798,187809,188884,11,1075,2,36000,1.01023255814
187841,187848,188710,7,862,2,36000,1.00812064965
187858,187864,188942,6,1078,2,36000,1.00556586271
187885,187891,188983,6,1092,2,36000,1.00549450549
187911,187917,189117,6,1200,2,36000,1.005
187984,187990,189151,6,1161,2,36000,1.00516795866
188000,188005,189174,5,1169,2,36000,1.00427715997
188001,188011,189159,10,1148,2,36000,1.00871080139
188020,188027,189191,7,1164,2,36000,1.0060137457
188036,188043,189128,7,1085,2,36000,1.0064516129
188038,188048,189216,10,1168,2,36000,1.00856164384
188137,188143,189663,6,1520,2,36000,1.00394736842
188153,188159,189121,6,962,2,36000,1.00623700624
188228,188234,189354,6,1120,2,36000,1.00535714286
188244,188250,190066,6,1816,2,36000,1.00330396476
188245,188256,189261,11,1005,2,36000,1.01094527363
188260,188267,189530,7,1263,2,36000,1.00554235946
188286,188292,189448,6,1156,2,36000,1.00519031142
188303,188309,189508,6,1199,2,36000,1.00500417014
188319,188326,189387,7,1061,2,36000,1.00659754948
188335,188341,189397,6,1056,2,36000,1.00568181818
188378,188385,189436,7,1051,2,36000,1.0066603235
188394,188400,189510,6,1110,2,36000,1.00540540541
188410,188416,189256,6,840,2,36000,1.00714285714
188411,188422,189543,11,1121,2,36000,1.00981266726
188427,188433,189404,6,971,2,36000,1.0061791967
188456,188462,189516,6,1054,2,36000,1.00569259962
188471,188477,189428,6,951,2,36000,1.00630914826
188523,188529,189532,6,1003,2,36000,1.00598205384
188540,188546,189861,6,1315,2,36000,1.00456273764
188541,188552,189606,11,1054,2,36000,1.01043643264
188573,188580,189563,7,983,2,36000,1.00712105799
188592,188599,190079,7,1480,2,36000,1.00472972973
188635,188641,189666,6,1025,2,36000,1.00585365854
188662,188669,189657,7,988,2,36000,1.00708502024
188709,188715,189771,6,1056,2,36000,1.00568181818
188725,188731,189784,6,1053,2,36000,1.0056980057
188726,188737,189572,11,835,2,36000,1.01317365269
188728,188742,189786,14,1044,2,36000,1.01340996169
188750,188756,188872,6,116,1,3600,1.05172413793
188775,188781,189589,6,808,2,36000,1.00742574257
188797,188803,189721,6,918,2,36000,1.00653594771
188815,188821,189789,6,968,2,36000,1.00619834711
188855,188861,189789,6,928,2,36000,1.00646551724
188874,188880,189742,6,862,2,36000,1.00696055684
188889,188895,189926,6,1031,2,36000,1.00581959263
188920,188927,189790,7,863,2,36000,1.00811123986
188937,188944,189925,7,981,2,36000,1.00713557594
188954,188961,190011,7,1050,2,36000,1.00666666667
188986,188992,189931,6,939,2,36000,1.00638977636
188988,188998,190002,10,1004,2,36000,1.00996015936
189042,189048,190224,6,1176,2,36000,1.00510204082
189045,189054,189374,9,320,1,3600,1.028125
189131,189137,190358,6,1221,2,36000,1.00491400491
189133,189143,190072,10,929,2,36000,1.01076426265
189134,189148,190801,14,1653,2,36000,1.00846944949
189154,189160,190841,6,1681,2,36000,1.00356930399
189170,189176,190129,6,953,2,36000,1.00629590766
189185,189192,190451,7,1259,2,36000,1.00555996823
189201,189207,190477,6,1270,2,36000,1.00472440945
189219,189225,190395,6,1170,2,36000,1.00512820513
189258,189264,190250,6,986,2,36000,1.0060851927
189273,189280,190444,7,1164,2,36000,1.0060137457
189350,189356,189474,6,118,1,1800,1.05084745763
189356,189362,190472,6,1110,2,36000,1.00540540541
189388,189394,190615,6,1221,2,36000,1.00491400491
189404,189410,190321,6,911,2,36000,1.00658616905
189405,189416,190341,11,925,2,36000,1.01189189189
189431,189437,190450,6,1013,2,36000,1.00592300099
189447,189453,190573,6,1120,2,36000,1.00535714286
189448,189459,190774,11,1315,2,36000,1.00836501901
189468,189474,190645,6,1171,2,36000,1.00512382579
189509,189515,190514,6,999,2,36000,1.00600600601
189510,189521,190740,11,1219,2,36000,1.00902378999
189526,189532,190706,6,1174,2,36000,1.00511073254
189542,189549,190670,7,1121,2,36000,1.00624442462
189544,189555,190505,11,950,2,36000,1.01157894737
189545,189560,190620,15,1060,2,36000,1.0141509434
189565,189571,190612,6,1041,2,36000,1.00576368876
189582,189588,190613,6,1025,2,36000,1.00585365854
189598,189604,190641,6,1037,2,36000,1.00578592093
189615,189621,190808,6,1187,2,36000,1.0050547599
189658,189665,190728,7,1063,2,36000,1.00658513641
189676,189682,191471,6,1789,2,36000,1.00335382895
189677,189688,191023,11,1335,2,36000,1.00823970037
189719,189725,190902,6,1177,2,36000,1.00509770603
189742,189748,190764,6,1016,2,36000,1.00590551181
189765,189772,189876,7,104,1,1800,1.06730769231
189773,189780,190761,7,981,2,36000,1.00713557594
189792,189797,190848,5,1051,2,36000,1.00475737393
189793,189803,191536,10,1733,2,36000,1.00577034045
189794,189808,190742,14,934,2,36000,1.01498929336
189796,189814,190720,18,906,2,36000,1.01986754967
189797,189819,190812,22,993,2,36000,1.0221550856
189811,189825,190430,14,605,1,3600,1.02314049587
189863,189869,191038,6,1169,2,36000,1.00513259196
189927,189933,190932,6,999,2,36000,1.00600600601
189928,189939,191014,11,1075,2,36000,1.01023255814
189945,189951,190865,6,914,2,36000,1.00656455142
190006,190012,191856,6,1844,2,36000,1.0032537961
190021,190027,191146,6,1119,2,36000,1.00536193029
190067,190073,191462,6,1389,2,36000,1.00431965443
190083,190089,191024,6,935,2,36000,1.0064171123
190084,190095,191673,11,1578,2,36000,1.00697084918
190131,190137,191338,6,1201,2,36000,1.0049958368
190226,190232,191082,6,850,2,36000,1.00705882353
190252,190258,191348,6,1090,2,36000,1.00550458716
190323,190329,191403,6,1074,2,36000,1.00558659218
190342,190349,191538,7,1189,2,36000,1.00588730025
190359,190366,191404,7,1038,2,36000,1.00674373796
190397,190403,191493,6,1090,2,36000,1.00550458716
190449,190455,191482,6,1027,2,36000,1.00584225901
190451,190461,191554,10,1093,2,36000,1.00914913083
190452,190466,191546,14,1080,2,36000,1.01296296296
190474,190480,191641,6,1161,2,36000,1.00516795866
190489,190496,191372,7,876,2,36000,1.00799086758
190506,190512,192315,6,1803,2,36000,1.00332778702
190525,190532,191663,7,1131,2,36000,1.00618921309
190561,190567,191137,6,570,1,1800,1.01052631579
190574,190580,191702,6,1122,2,36000,1.00534759358
190613,190619,192398,6,1779,2,36000,1.00337268128
190614,190625,191599,11,974,2,36000,1.0112936345
190631,190638,191756,7,1118,2,36000,1.00626118068
190633,190643,192141,10,1498,2,36000,1.00667556742
190648,190654,191680,6,1026,2,36000,1.00584795322
190650,190660,191729,10,1069,2,36000,1.00935453695
190669,190675,191824,6,1149,2,36000,1.00522193211
190706,190712,191827,6,1115,2,36000,1.00538116592
190722,190728,191991,6,1263,2,36000,1.00475059382
190738,190744,191825,6,1081,2,36000,1.00555041628
190754,190760,191547,6,787,2,36000,1.00762388818
190755,190766,191855,11,1089,2,36000,1.0101010101
190771,190777,192690,6,1913,2,36000,1.00313643492
190772,190783,191960,11,1177,2,36000,1.00934579439
190788,190794,192208,6,1414,2,36000,1.00424328147
190806,190812,191978,6,1166,2,36000,1.0051457976
190822,190828,191732,6,904,2,36000,1.00663716814
190823,190834,191768,11,934,2,36000,1.01177730193
190844,190850,191964,6,1114,2,36000,1.00538599641
190861,190867,191979,6,1112,2,36000,1.00539568345
190877,190883,192511,6,1628,2,36000,1.00368550369
190903,190910,192065,7,1155,2,36000,1.00606060606
190935,190941,191874,6,933,2,36000,1.00643086817
191016,191022,191888,6,866,2,36000,1.00692840647
191032,191038,192085,6,1047,2,36000,1.00573065903
191033,191044,192150,11,1106,2,36000,1.00994575045
191049,191055,192587,6,1532,2,36000,1.00391644909
191084,191090,192241,6,1151,2,36000,1.00521285838
191147,191153,192255,6,1102,2,36000,1.0054446461
191338,191345,192305,7,960,2,36000,1.00729166667
191354,191360,192415,6,1055,2,36000,1.00568720379
191373,191379,192586,6,1207,2,36000,1.00497100249
191404,191410,192461,6,1051,2,36000,1.00570884872
191405,191416,192387,11,971,2,36000,1.01132852729
191461,191468,193212,7,1744,2,36000,1.00401376147
191477,191482,192584,5,1102,2,36000,1.00453720508
191492,191499,192617,7,1118,2,36000,1.00626118068
191494,191505,192608,11,1103,2,36000,1.00997280145
191540,191546,193393,6,1847,2,36000,1.0032485111
191541,191552,192525,11,973,2,36000,1.01130524152
191557,191563,192485,6,922,2,36000,1.00650759219
191558,191569,192695,11,1126,2,36000,1.00976909414
191559,191574,192522,15,948,2,36000,1.01582278481
191600,191607,192591,7,984,2,36000,1.00711382114
191636,191642,192728,6,1086,2,36000,1.00552486188
191665,191671,192806,6,1135,2,36000,1.00528634361
191680,191687,192898,7,1211,2,36000,1.00578034682
191682,191693,192658,11,965,2,36000,1.01139896373
191701,191707,192758,6,1051,2,36000,1.00570884872
191729,191736,192876,7,1140,2,36000,1.00614035088
191746,191753,192928,7,1175,2,36000,1.00595744681
191763,191769,193540,6,1771,2,36000,1.00338791643
191785,191791,192918,6,1127,2,36000,1.00532386868
191828,191834,193075,6,1241,2,36000,1.00483481064
191829,191840,192770,11,930,2,36000,1.01182795699
191831,191845,192674,14,829,2,36000,1.01688781665
191853,191859,193012,6,1153,2,36000,1.00520381613
191869,191875,193570,6,1695,2,36000,1.00353982301
191886,191892,192872,6,980,2,36000,1.00612244898
191902,191908,192968,6,1060,2,36000,1.00566037736
191961,191967,193006,6,1039,2,36000,1.00577478345
191977,191983,192921,6,938,2,36000,1.00639658849
191978,191989,192991,11,1002,2,36000,1.01097804391
191995,192001,192824,6,823,2,36000,1.00729040097
191996,192007,192912,11,905,2,36000,1.01215469613
192072,192078,193836,6,1758,2,36000,1.00341296928
192089,192095,193116,6,1021,2,36000,1.00587659158
192148,192154,193133,6,979,2,36000,1.00612870276
192165,192171,193277,6,1106,2,36000,1.00542495479
192212,192218,193327,6,1109,2,36000,1.00541027953
192244,192250,194030,6,1780,2,36000,1.00337078652
192260,192266,193390,6,1124,2,36000,1.00533807829
192307,192314,193450,7,1136,2,36000,1.00616197183
192323,192329,193384,6,1055,2,36000,1.00568720379
192388,192394,194101,6,1707,2,36000,1.00351493849
192409,192416,193400,7,984,2,36000,1.00711382114
192425,192431,193458,6,1027,2,36000,1.00584225901
192463,192469,193461,6,992,2,36000,1.0060483871
192486,192492,193440,6,948,2,36000,1.00632911392
192512,192518,193504,6,986,2,36000,1.0060851927
192528,192534,193546,6,1012,2,36000,1.00592885375
192530,192540,194254,10,1714,2,36000,1.00583430572
192586,192592,193714,6,1122,2,36000,1.00534759358
192587,192598,193545,11,947,2,36000,1.0116156283
192588,192603,193726,15,1123,2,36000,1.01335707925
192608,192614,193721,6,1107,2,36000,1.0054200542
192609,192620,194464,11,1844,2,36000,1.00596529284
192626,192632,193733,6,1101,2,36000,1.00544959128
192659,192665,193979,6,1314,2,36000,1.00456621005
192675,192681,193613,6,932,2,36000,1.00643776824
192691,192698,193707,7,1009,2,36000,1.00693756194
192708,192714,193658,6,944,2,36000,1.0063559322
192731,192737,193713,6,976,2,36000,1.00614754098
192754,192760,193901,6,1141,2,36000,1.00525854514
192773,192779,193742,6,963,2,36000,1.0062305296
192781,192787,192842,6,55,1,1800,1.10909090909
192808,192814,194070,6,1256,2,36000,1.00477707006
192828,192835,193978,7,1143,2,36000,1.00612423447
192873,192879,194159,6,1280,2,36000,1.0046875
192889,192896,193797,7,901,2,36000,1.00776914539
192906,192912,193839,6,927,2,36000,1.00647249191
192922,192928,194105,6,1177,2,36000,1.00509770603
192924,192934,194296,10,1362,2,36000,1.00734214391
192925,192939,194038,14,1099,2,36000,1.0127388535
192941,192947,193880,6,933,2,36000,1.00643086817
192970,192976,194126,6,1150,2,36000,1.0052173913
192991,192998,193897,7,899,2,36000,1.00778642937
193008,193014,194007,6,993,2,36000,1.00604229607
193010,193020,193138,10,118,1,1800,1.08474576271
193023,193029,193982,6,953,2,36000,1.00629590766
193077,193083,194043,6,960,2,36000,1.00625
193118,193125,194036,7,911,2,36000,1.00768386389
193134,193140,194232,6,1092,2,36000,1.00549450549
193156,193162,193243,6,81,1,1800,1.07407407407
193214,193221,194275,7,1054,2,36000,1.00664136622
193280,193286,194171,6,885,2,36000,1.00677966102
193328,193334,194122,6,788,2,36000,1.0076142132
193383,193389,194521,6,1132,2,36000,1.00530035336
193400,193405,195336,5,1931,2,36000,1.00258933195
193401,193411,194453,10,1042,2,36000,1.00959692898
193402,193416,194792,14,1376,2,36000,1.0101744186
193444,193450,194405,6,955,2,36000,1.00628272251
193460,193466,193589,6,123,1,1800,1.0487804878
193466,193472,194522,6,1050,2,36000,1.00571428571
193468,193478,194635,10,1157,2,36000,1.00864304235
193469,193483,194816,14,1333,2,36000,1.01050262566
193504,193511,194638,7,1127,2,36000,1.00621118012
193540,193546,194603,6,1057,2,36000,1.00567644276
193562,193568,194438,6,870,2,36000,1.00689655172
193564,193574,194441,10,867,2,36000,1.01153402537
193580,193586,194620,6,1034,2,36000,1.00580270793
193616,193622,194853,6,1231,2,36000,1.00487408611
193658,193665,194728,7,1063,2,36000,1.00658513641
193710,193716,194793,6,1077,2,36000,1.00557103064
193728,193735,194820,7,1085,2,36000,1.0064516129
193730,193741,194912,11,1171,2,36000,1.00939368061
193731,193746,194907,15,1161,2,36000,1.01291989664
193733,193751,194773,18,1022,2,36000,1.01761252446
193751,193758,195571,7,1813,2,36000,1.00386100386
193752,193763,194978,11,1215,2,36000,1.00905349794
193798,193804,195077,6,1273,2,36000,1.00471327573
193837,193843,194876,6,1033,2,36000,1.00580832527
193853,193859,194845,6,986,2,36000,1.0060851927
193882,193888,194965,6,1077,2,36000,1.00557103064
193899,193905,195020,6,1115,2,36000,1.00538116592
193915,193921,195114,6,1193,2,36000,1.0050293378
193981,193987,194914,6,927,2,36000,1.00647249191
193983,193993,195034,10,1041,2,36000,1.00960614793
193999,194005,195108,6,1103,2,36000,1.00543970988
194017,194023,195097,6,1074,2,36000,1.00558659218
194033,194039,195164,6,1125,2,36000,1.00533333333
194050,194056,195163,6,1107,2,36000,1.0054200542
194051,194062,194865,11,803,2,36000,1.01369863014
194052,194067,195344,15,1277,2,36000,1.01174628034
194073,194079,195242,6,1163,2,36000,1.00515907137
194100,194106,194399,6,293,1,1800,1.0204778157
194102,194112,195161,10,1049,2,36000,1.00953288847
194119,194125,194956,6,831,2,36000,1.00722021661
194135,194142,195443,7,1301,2,36000,1.00538047656
194137,194147,195253,10,1106,2,36000,1.00904159132
194160,194166,195401,6,1235,2,36000,1.0048582996
194177,194182,196240,5,2058,2,36000,1.00242954325
194234,194240,195218,6,978,2,36000,1.00613496933
194256,194263,195218,7,955,2,36000,1.00732984293
194267,194273,194846,6,573,1,1800,1.01047120419
194276,194282,195298,6,1016,2,36000,1.00590551181
194296,194302,195245,6,943,2,36000,1.00636267232
194409,194415,195370,6,955,2,36000,1.00628272251
194441,194447,196258,6,1811,2,36000,1.00331308669
194442,194453,195539,11,1086,2,36000,1.01012891344
194459,194465,195689,6,1224,2,36000,1.00490196078
194475,194481,195636,6,1155,2,36000,1.00519480519
194521,194528,195605,7,1077,2,36000,1.00649953575
194523,194534,196306,11,1772,2,36000,1.00620767494
194603,194609,196562,6,1953,2,36000,1.00307219662
194623,194630,195644,7,1014,2,36000,1.00690335306
194643,194649,195751,6,1102,2,36000,1.0054446461
194645,194655,195582,10,927,2,36000,1.01078748652
194730,194736,195606,6,870,2,36000,1.00689655172
194775,194781,195925,6,1144,2,36000,1.00524475524
194795,194801,195769,6,968,2,36000,1.00619834711
194796,194807,195845,11,1038,2,36000,1.0105973025
194816,194822,195892,6,1070,2,36000,1.00560747664
194832,194838,196061,6,1223,2,36000,1.00490596893
194848,194856,195945,8,1089,2,36000,1.00734618916
194865,194871,196153,6,1282,2,36000,1.00468018721
194866,194877,196043,11,1166,2,36000,1.00943396226
194883,194890,195871,7,981,2,36000,1.00713557594
194910,194916,195936,6,1020,2,36000,1.00588235294
194926,194932,196010,6,1078,2,36000,1.00556586271
194927,194938,195968,11,1030,2,36000,1.01067961165
194957,194963,196645,6,1682,2,36000,1.00356718193
194973,194979,196051,6,1072,2,36000,1.00559701493
194990,194996,196506,6,1510,2,36000,1.00397350993
195021,195027,196453,6,1426,2,36000,1.00420757363
195038,195044,195961,6,917,2,36000,1.00654307525
195077,195083,195906,6,823,2,36000,1.00729040097
195101,195108,196099,7,991,2,36000,1.00706357215
195118,195124,196095,6,971,2,36000,1.0061791967
195119,195130,196038,11,908,2,36000,1.01211453744
195162,195168,196072,6,904,2,36000,1.00663716814
195164,195174,196252,10,1078,2,36000,1.00927643785
195180,195186,196237,6,1051,2,36000,1.00570884872
195221,195227,196933,6,1706,2,36000,1.00351699883
195222,195233,196214,11,981,2,36000,1.01121304791
195245,195251,196241,6,990,2,36000,1.00606060606
195246,195257,196322,11,1065,2,36000,1.0103286385
195262,195269,196411,7,1142,2,36000,1.0061295972
195301,195308,196292,7,984,2,36000,1.00711382114
195337,195343,196407,6,1064,2,36000,1.00563909774
195353,195359,196371,6,1012,2,36000,1.00592885375
195372,195378,196378,6,1000,2,36000,1.006
195401,195408,196533,7,1125,2,36000,1.00622222222
195446,195452,196531,6,1079,2,36000,1.00556070436
195539,195545,196560,6,1015,2,36000,1.00591133005
195571,195577,196764,6,1187,2,36000,1.0050547599
195588,195594,196744,6,1150,2,36000,1.0052173913
195608,195614,196622,6,1008,2,36000,1.00595238095
195609,195620,196757,11,1137,2,36000,1.00967458223
195638,195644,196615,6,971,2,36000,1.0061791967
195655,195661,196628,6,967,2,36000,1.00620475698
195690,195696,196622,6,926,2,36000,1.00647948164
195752,195758,196770,6,1012,2,36000,1.00592885375
195772,195778,196742,6,964,2,36000,1.00622406639
195847,195853,197082,6,1229,2,36000,1.0048820179
195873,195880,197455,7,1575,2,36000,1.00444444444
195893,195899,196876,6,977,2,36000,1.00614124872
195909,195915,197604,6,1689,2,36000,1.00355239787
195926,195932,196960,6,1028,2,36000,1.00583657588
195943,195948,196931,5,983,2,36000,1.00508646999
195960,195966,197140,6,1174,2,36000,1.00511073254
195978,195984,197807,6,1823,2,36000,1.00329127811
195979,195990,197024,11,1034,2,36000,1.01063829787
196016,196022,196964,6,942,2,36000,1.00636942675
196041,196047,197419,6,1372,2,36000,1.00437317784
196058,196064,197240,6,1176,2,36000,1.00510204082
196059,196070,197123,11,1053,2,36000,1.01044634378
196075,196082,197027,7,945,2,36000,1.00740740741
196077,196088,197197,11,1109,2,36000,1.00991884581
196096,196103,197152,7,1049,2,36000,1.00667302193
196112,196118,197229,6,1111,2,36000,1.00540054005
196163,196169,197207,6,1038,2,36000,1.00578034682
196215,196222,197355,7,1133,2,36000,1.00617828773
196238,196244,197205,6,961,2,36000,1.00624349636
196256,196262,198045,6,1783,2,36000,1.00336511497
196257,196268,197475,11,1207,2,36000,1.00911350456
196259,196273,197339,14,1066,2,36000,1.01313320826
196276,196282,197258,6,976,2,36000,1.00614754098
196297,196303,197268,6,965,2,36000,1.00621761658
196318,196324,197316,6,992,2,36000,1.0060483871
196335,196341,197471,6,1130,2,36000,1.00530973451
196374,196380,197480,6,1100,2,36000,1.00545454545
196390,196396,197461,6,1065,2,36000,1.00563380282
196410,196416,197466,6,1050,2,36000,1.00571428571
196426,196432,197429,6,997,2,36000,1.00601805416
196448,196455,197540,7,1085,2,36000,1.0064516129
196507,196513,197530,6,1017,2,36000,1.00589970501
196533,196539,197668,6,1129,2,36000,1.00531443756
196534,196545,198373,11,1828,2,36000,1.00601750547
196563,196570,197820,7,1250,2,36000,1.0056
196565,196576,197794,11,1218,2,36000,1.00903119869
196618,196624,197746,6,1122,2,36000,1.00534759358
196635,196641,197597,6,956,2,36000,1.00627615063
196636,196647,197721,11,1074,2,36000,1.01024208566
196638,196652,197703,14,1051,2,36000,1.013320647
196654,196660,198331,6,1671,2,36000,1.00359066427
196745,196751,197915,6,1164,2,36000,1.00515463918
196746,196757,198243,11,1486,2,36000,1.00740242261
196763,196770,197923,7,1153,2,36000,1.00607111882
196765,196776,197751,11,975,2,36000,1.01128205128
196782,196788,197980,6,1192,2,36000,1.00503355705
196838,196844,196895,6,51,1,1800,1.11764705882
196877,196884,197987,7,1103,2,36000,1.0063463282
196934,196940,197903,6,963,2,36000,1.0062305296
196935,196946,198367,11,1421,2,36000,1.00774102745
196962,196968,197988,6,1020,2,36000,1.00588235294
196978,196984,198585,6,1601,2,36000,1.00374765771
197028,197034,197891,6,857,2,36000,1.00700116686
197029,197040,198177,11,1137,2,36000,1.00967458223
197082,197088,198445,6,1357,2,36000,1.00442151805
197124,197130,197835,6,705,2,36000,1.0085106383
197140,197146,198415,6,1269,2,36000,1.00472813239
197156,197162,198557,6,1395,2,36000,1.00430107527
197200,197206,199358,6,2152,2,36000,1.00278810409
197217,197223,198230,6,1007,2,36000,1.00595829196
197218,197229,198296,11,1067,2,36000,1.01030927835
197232,197238,197318,6,80,1,1800,1.075
197234,197244,199035,10,1791,2,36000,1.00558347292
197251,197257,198286,6,1029,2,36000,1.00583090379
197267,197273,198202,6,929,2,36000,1.00645855759
197283,197289,198787,6,1498,2,36000,1.00400534045
197317,197323,198168,6,845,2,36000,1.00710059172
197339,197345,198460,6,1115,2,36000,1.00538116592
197357,197364,198353,7,989,2,36000,1.00707785642
197418,197425,198386,7,961,2,36000,1.00728407908
197434,197440,199049,6,1609,2,36000,1.00372902424
197456,197462,198345,6,883,2,36000,1.00679501699
197473,197479,198603,6,1124,2,36000,1.00533807829
197474,197485,198532,11,1047,2,36000,1.01050620821
197476,197490,198392,14,902,2,36000,1.0155210643
197493,197499,198539,6,1040,2,36000,1.00576923077
197494,197505,198563,11,1058,2,36000,1.01039697543
197532,197538,198731,6,1193,2,36000,1.0050293378
197548,197554,198706,6,1152,2,36000,1.00520833333
197600,197606,198885,6,1279,2,36000,1.00469116497
197616,197622,198742,6,1120,2,36000,1.00535714286
197669,197675,198703,6,1028,2,36000,1.00583657588
197704,197711,198734,7,1023,2,36000,1.00684261975
197724,197730,198784,6,1054,2,36000,1.00569259962
197749,197755,198793,6,1038,2,36000,1.00578034682
197765,197771,198800,6,1029,2,36000,1.00583090379
197796,197802,199141,6,1339,2,36000,1.00448095594
197811,197817,198829,6,1012,2,36000,1.00592885375
197827,197833,199051,6,1218,2,36000,1.00492610837
197842,197848,200132,6,2284,2,36000,1.00262697023
197891,197897,198928,6,1031,2,36000,1.00581959263
197907,197913,198815,6,902,2,36000,1.0066518847
197922,197928,199041,6,1113,2,36000,1.00539083558
197937,197943,199003,6,1060,2,36000,1.00566037736
197981,197987,198934,6,947,2,36000,1.00633579725
197996,198002,199184,6,1182,2,36000,1.00507614213
197997,198008,199122,11,1114,2,36000,1.00987432675
198047,198053,199105,6,1052,2,36000,1.00570342205
198168,198175,199230,7,1055,2,36000,1.00663507109
198184,198190,199223,6,1033,2,36000,1.00580832527
198203,198209,199929,6,1720,2,36000,1.00348837209
198231,198237,199274,6,1037,2,36000,1.00578592093
198246,198253,199335,7,1082,2,36000,1.00646950092
198286,198293,199477,7,1184,2,36000,1.00591216216
198302,198308,199350,6,1042,2,36000,1.00575815739
198333,198339,199276,6,937,2,36000,1.00640341515
198333,198344,198633,11,289,1,1800,1.03806228374
198348,198355,200040,7,1685,2,36000,1.00415430267
198364,198370,199336,6,966,2,36000,1.00621118012
198380,198386,199258,6,872,2,36000,1.00688073394
198381,198392,199480,11,1088,2,36000,1.01011029412
198398,198403,199537,5,1134,2,36000,1.00440917108
198399,198409,199484,10,1075,2,36000,1.00930232558
198418,198424,199412,6,988,2,36000,1.00607287449
198446,198452,200003,6,1551,2,36000,1.00386847195
198461,198467,199487,6,1020,2,36000,1.00588235294
198532,198538,199685,6,1147,2,36000,1.00523103749
198547,198553,200469,6,1916,2,36000,1.00313152401
198563,198569,199582,6,1013,2,36000,1.00592300099
198564,198575,200715,11,2140,2,36000,1.00514018692
198586,198592,199769,6,1177,2,36000,1.00509770603
198605,198611,199882,6,1271,2,36000,1.00472069237
198704,198710,199836,6,1126,2,36000,1.0053285968
198706,198716,199797,10,1081,2,36000,1.0092506938
198734,198740,199853,6,1113,2,36000,1.00539083558
198735,198746,199809,11,1063,2,36000,1.0103480715
198751,198757,199719,6,962,2,36000,1.00623700624
198785,198791,199975,6,1184,2,36000,1.00506756757
198801,198808,199810,7,1002,2,36000,1.00698602794
198803,198813,199737,10,924,2,36000,1.01082251082
198804,198819,199720,15,901,2,36000,1.0166481687
198819,198825,199995,6,1170,2,36000,1.00512820513
198835,198840,199928,5,1088,2,36000,1.00459558824
198888,198894,199890,6,996,2,36000,1.00602409639
198931,198937,200502,6,1565,2,36000,1.00383386581
198947,198953,199692,6,739,2,36000,1.00811907984
199007,199013,200005,6,992,2,36000,1.0060483871
199037,199043,200175,6,1132,2,36000,1.00530035336
199052,199058,200064,6,1006,2,36000,1.00596421471
199054,199064,200079,10,1015,2,36000,1.00985221675
199055,199069,200294,14,1225,2,36000,1.01142857143
199114,199120,200478,6,1358,2,36000,1.00441826215
199130,199136,200715,6,1579,2,36000,1.00379987334
199146,199152,200306,6,1154,2,36000,1.00519930676
199186,199192,200155,6,963,2,36000,1.0062305296
199223,199230,200323,7,1093,2,36000,1.00640439158
199239,199246,200984,7,1738,2,36000,1.00402761795
199255,199261,200479,6,1218,2,36000,1.00492610837
199277,199283,200382,6,1099,2,36000,1.00545950864
199279,199289,200281,10,992,2,36000,1.01008064516
199338,199344,200278,6,934,2,36000,1.00642398287
199339,199350,200561,11,1211,2,36000,1.00908340215
199355,199361,201450,6,2089,2,36000,1.00287218765
199370,199377,201093,7,1716,2,36000,1.00407925408
199411,199417,200412,6,995,2,36000,1.00603015075
199479,199485,200468,6,983,2,36000,1.00610376399
199495,199501,200580,6,1079,2,36000,1.00556070436
199496,199507,201495,11,1988,2,36000,1.0055331992
199497,199512,200524,15,1012,2,36000,1.01482213439
199537,199544,200245,7,701,2,36000,1.00998573466
199584,199590,200652,6,1062,2,36000,1.00564971751
199686,199692,200729,6,1037,2,36000,1.00578592093
199701,199707,200866,6,1159,2,36000,1.00517687662
199720,199726,201136,6,1410,2,36000,1.00425531915
199721,199732,200686,11,954,2,36000,1.01153039832
199740,199746,201474,6,1728,2,36000,1.00347222222
199771,199777,200841,6,1064,2,36000,1.00563909774
199799,199805,200796,6,991,2,36000,1.00605449041
199815,199820,200977,5,1157,2,36000,1.00432152118
199816,199826,200821,10,995,2,36000,1.01005025126
199837,199844,200819,7,975,2,36000,1.00717948718
199853,199859,200869,6,1010,2,36000,1.00594059406
199884,199890,201054,6,1164,2,36000,1.00515463918
199899,199905,201727,6,1822,2,36000,1.00329308452
199931,199937,201055,6,1118,2,36000,1.0053667263
199932,199943,201236,11,1293,2,36000,1.00850734725
199975,199981,201112,6,1131,2,36000,1.00530503979
199994,200000,200881,6,881,2,36000,1.00681044268
200010,200016,201126,6,1110,2,36000,1.00540540541
200011,200022,200896,11,874,2,36000,1.01258581236
200043,200049,201034,6,985,2,36000,1.00609137056
200065,200072,201098,7,1026,2,36000,1.00682261209
200081,200087,201317,6,1230,2,36000,1.00487804878
200135,200141,201393,6,1252,2,36000,1.00479233227
200156,200163,201280,7,1117,2,36000,1.00626678603
200175,200182,201281,7,1099,2,36000,1.00636942675
200247,200253,201288,6,1035,2,36000,1.00579710145
200282,200288,201610,6,1322,2,36000,1.00453857791
200283,200294,201435,11,1141,2,36000,1.00964066608
200299,200305,201306,6,1001,2,36000,1.00599400599
200314,200321,201929,7,1608,2,36000,1.00435323383
200332,200338,201401,6,1063,2,36000,1.00564440263
200385,200391,201929,6,1538,2,36000,1.00390117035
200414,200420,201929,6,1509,2,36000,1.00397614314
200470,200476,201599,6,1123,2,36000,1.0053428317
200472,200482,201581,10,1099,2,36000,1.00909918107
200487,200493,201427,6,934,2,36000,1.00642398287
200488,200499,201582,11,1083,2,36000,1.01015697138
200504,200510,201527,6,1017,2,36000,1.00589970501
200526,200532,201929,6,1397,2,36000,1.00429491768
200563,200569,201655,6,1086,2,36000,1.00552486188
200581,200588,201590,7,1002,2,36000,1.00698602794
200655,200661,201661,6,1000,2,36000,1.006
200686,200693,201694,7,1001,2,36000,1.00699300699
200717,200723,201744,6,1021,2,36000,1.00587659158
200718,200729,201770,11,1041,2,36000,1.01056676273
200734,200740,201823,6,1083,2,36000,1.0055401662
200799,200805,201820,6,1015,2,36000,1.00591133005
200821,200827,201848,6,1021,2,36000,1.00587659158
200822,200833,201761,11,928,2,36000,1.01185344828
200844,200850,201913,6,1063,2,36000,1.00564440263
200869,200875,201929,6,1054,2,36000,1.00569259962
200870,200881,201929,11,1048,2,36000,1.01049618321
200886,200892,201929,6,1037,2,36000,1.00578592093
200902,200908,201889,6,981,2,36000,1.00611620795
200979,200985,201929,6,944,2,36000,1.0063559322
200994,201000,201929,6,929,2,36000,1.00645855759
201035,201041,201929,6,888,2,36000,1.00675675676
201057,201063,201929,6,866,2,36000,1.00692840647
201058,201069,201930,11,861,2,36000,1.01277584204
201095,201101,201930,6,829,2,36000,1.00723763571
201110,201116,201930,6,814,2,36000,1.00737100737
201126,201132,201930,6,798,2,36000,1.00751879699
201127,201138,201930,11,792,2,36000,1.01388888889
201143,201149,201930,6,781,2,36000,1.00768245839
201239,201245,201930,6,685,2,36000,1.00875912409
201280,201286,201930,6,644,2,36000,1.00931677019
201281,201292,201930,11,638,2,36000,1.01724137931
201297,201303,201930,6,627,2,36000,1.00956937799
201312,201318,201930,6,612,2,36000,1.00980392157
201328,201334,201930,6,596,2,36000,1.01006711409
201396,201402,201930,6,528,2,36000,1.01136363636
201411,201417,201930,6,513,2,36000,1.01169590643
201427,201433,201930,6,497,2,36000,1.01207243461
201442,201448,201930,6,482,2,36000,1.01244813278
201458,201464,201930,6,466,2,36000,1.01287553648
201477,201483,201930,6,447,2,36000,1.01342281879
201495,201501,201930,6,429,2,36000,1.01398601399
201526,201532,201930,6,398,2,36000,1.01507537688
201583,201589,201930,6,341,2,36000,1.01759530792
201584,201595,201930,11,335,2,36000,1.0328358209
201600,201606,201930,6,324,2,36000,1.01851851852
201602,201612,201930,10,318,2,36000,1.03144654088
201617,201623,201931,6,308,2,36000,1.01948051948
201657,201663,201931,6,268,2,36000,1.0223880597
201673,201679,201931,6,252,2,36000,1.02380952381
201694,201700,201931,6,231,2,36000,1.02597402597
201729,201735,201931,6,196,2,36000,1.0306122449
201747,201753,201931,6,178,2,36000,1.03370786517
201763,201769,201931,6,162,2,36000,1.03703703704
201778,201784,201931,6,147,2,36000,1.04081632653
201823,201830,201931,7,101,2,36000,1.06930693069
201825,201836,201931,11,95,2,36000,1.11578947368
201849,201856,201931,7,75,2,36000,1.09333333333
201889,201896,201931,7,35,2,36000,1.2
201914,201921,201931,7,10,2,36000,1.7
202075,202081,202880,6,799,2,36000,1.00750938673
202076,202087,203029,11,942,2,36000,1.01167728238
202077,202092,203124,15,1032,2,36000,1.01453488372
202079,202097,203047,18,950,2,36000,1.01894736842
202080,202103,203030,23,927,2,36000,1.02481121899
202081,202108,203036,27,928,2,36000,1.02909482759
202084,202114,202925,30,811,2,36000,1.03699136868
202085,202119,203262,34,1143,2,36000,1.02974628171
202087,202124,203088,37,964,2,36000,1.03838174274
202088,202130,203183,42,1053,2,36000,1.03988603989
202089,202135,203077,46,942,2,36000,1.04883227176
202091,202140,203106,49,966,2,36000,1.05072463768
202093,202145,203094,52,949,2,36000,1.05479452055
202094,202151,203075,57,924,2,36000,1.06168831169
202096,202156,203067,60,911,2,36000,1.06586169045
202097,202161,203022,64,861,2,36000,1.07433217189
202098,202166,203123,68,957,2,36000,1.0710553814
202100,202172,203198,72,1026,2,36000,1.0701754386
202101,202177,203180,76,1003,2,36000,1.07577268195
202103,202182,203162,79,980,2,36000,1.0806122449
202104,202187,203337,83,1150,2,36000,1.07217391304
202106,202193,203145,87,952,2,36000,1.09138655462
202107,202198,203213,91,1015,2,36000,1.08965517241
202109,202203,203282,94,1079,2,36000,1.08711770158
202110,202209,203181,99,972,2,36000,1.10185185185
202112,202214,203174,102,960,2,36000,1.10625
202113,202219,203197,106,978,2,36000,1.10838445808
202115,202225,203200,110,975,2,36000,1.11282051282
202116,202230,203065,114,835,2,36000,1.13652694611
202118,202235,203134,117,899,2,36000,1.13014460512
202119,202240,203208,121,968,2,36000,1.125
202120,202246,203121,126,875,2,36000,1.144
202122,202251,203107,129,856,2,36000,1.15070093458
202123,202256,203210,133,954,2,36000,1.1394129979
202125,202261,203192,136,931,2,36000,1.14607948443
202126,202266,203074,140,808,2,36000,1.17326732673
202128,202272,203213,144,941,2,36000,1.15302869288
202129,202277,203243,148,966,2,36000,1.15320910973
202131,202282,203217,151,935,2,36000,1.1614973262
202132,202287,203360,155,1073,2,36000,1.14445479963
202134,202293,203227,159,934,2,36000,1.17023554604
202135,202298,203245,163,947,2,36000,1.17212249208
202137,202303,203221,166,918,2,36000,1.18082788671
202138,202308,203225,170,917,2,36000,1.18538713195
202139,202314,203272,175,958,2,36000,1.18267223382
202141,202319,203154,178,835,2,36000,1.21317365269
202142,202324,203277,182,953,2,36000,1.19097586569
202144,202329,203224,185,895,2,36000,1.20670391061
202145,202335,203209,190,874,2,36000,1.21739130435
202147,202340,203287,193,947,2,36000,1.20380147835
202148,202345,203227,197,882,2,36000,1.22335600907
202150,202350,203222,200,872,2,36000,1.22935779817
202151,202356,203351,205,995,2,36000,1.20603015075
202152,202361,203479,209,1118,2,36000,1.18694096601
202154,202366,203166,212,800,2,36000,1.265
202155,202371,203244,216,873,2,36000,1.24742268041
202157,202376,203306,219,930,2,36000,1.23548387097
202158,202382,203536,224,1154,2,36000,1.19410745234
202160,202387,203273,227,886,2,36000,1.25620767494
202161,202392,203334,231,942,2,36000,1.24522292994
202162,202397,203210,235,813,2,36000,1.28905289053
202164,202403,203375,239,972,2,36000,1.24588477366
202165,202408,203253,243,845,2,36000,1.2875739645
202167,202413,203418,246,1005,2,36000,1.2447761194
202168,202418,203431,250,1013,2,36000,1.2467917078
202170,202423,203290,253,867,2,36000,1.29181084198
202171,202429,203336,258,907,2,36000,1.28445424476
202173,202434,203344,261,910,2,36000,1.28681318681
202174,202439,203484,265,1045,2,36000,1.25358851675
202175,202444,203354,269,910,2,36000,1.2956043956
202177,202450,203330,273,880,2,36000,1.31022727273
202179,202455,203457,276,1002,2,36000,1.2754491018
202180,202460,203475,280,1015,2,36000,1.27586206897
202182,202465,203317,283,852,2,36000,1.33215962441
202184,202471,203501,287,1030,2,36000,1.2786407767
202185,202476,203417,291,941,2,36000,1.30924548353
202187,202481,203439,294,958,2,36000,1.30688935282
202189,202486,203469,297,983,2,36000,1.3021363174
202191,202491,203484,300,993,2,36000,1.30211480363
202193,202497,203461,304,964,2,36000,1.3153526971
202197,202502,203483,305,981,2,36000,1.31090723751
202200,202507,203395,307,888,2,36000,1.34572072072
202203,202512,203374,309,862,2,36000,1.35846867749
202207,202518,203360,311,842,2,36000,1.36935866983
202211,202524,203467,313,943,2,36000,1.33191940615
202882,202888,203864,6,976,2,36000,1.00614754098
202926,202933,203818,7,885,2,36000,1.00790960452
203025,203031,203994,6,963,2,36000,1.0062305296
203041,203047,204006,6,959,2,36000,1.00625651721
203042,203053,204118,11,1065,2,36000,1.0103286385
203043,203058,204063,15,1005,2,36000,1.01492537313
203059,203064,204011,5,947,2,36000,1.00527983105
203074,203080,203915,6,835,2,36000,1.00718562874
203075,203086,204018,11,932,2,36000,1.01180257511
203077,203091,204053,14,962,2,36000,1.01455301455
203093,203099,204072,6,973,2,36000,1.00616649538
203094,203105,203996,11,891,2,36000,1.01234567901
203095,203110,203995,15,885,2,36000,1.01694915254
203111,203117,204029,6,912,2,36000,1.00657894737
203112,203123,204080,11,957,2,36000,1.01149425287
203114,203128,204014,14,886,2,36000,1.0158013544
203130,203137,204064,7,927,2,36000,1.00755124056
203132,203142,204129,10,987,2,36000,1.01013171226
203133,203148,204115,15,967,2,36000,1.01551189245
203149,203155,203997,6,842,2,36000,1.00712589074
203150,203161,204198,11,1037,2,36000,1.0106075217
203166,203172,204135,6,963,2,36000,1.0062305296
203168,203178,204036,10,858,2,36000,1.01165501166
203169,203183,204158,14,975,2,36000,1.01435897436
203187,203193,204210,6,1017,2,36000,1.00589970501
203189,203199,204099,10,900,2,36000,1.01111111111
203190,203204,204254,14,1050,2,36000,1.01333333333
203191,203209,204225,18,1016,2,36000,1.01771653543
203208,203216,204256,8,1040,2,36000,1.00769230769
203210,203221,204128,11,907,2,36000,1.01212789416
203211,203227,204174,16,947,2,36000,1.01689545935
203212,203233,204231,21,998,2,36000,1.02104208417
203214,203238,204127,24,889,2,36000,1.02699662542
203235,203244,204161,9,917,2,36000,1.00981461287
203236,203250,204109,14,859,2,36000,1.01629802095
203237,203255,204291,18,1036,2,36000,1.01737451737
203239,203261,204130,22,869,2,36000,1.0253164557
203240,203267,204241,27,974,2,36000,1.02772073922
203241,203273,204233,32,960,2,36000,1.03333333333
203243,203278,204282,35,1004,2,36000,1.03486055777
203244,203283,204304,39,1021,2,36000,1.03819784525
203245,203288,204298,43,1010,2,36000,1.04257425743
203247,203294,204228,47,934,2,36000,1.05032119914
203248,203299,204234,51,935,2,36000,1.05454545455
203249,203304,204284,55,980,2,36000,1.05612244898
203267,203311,204314,44,1003,2,36000,1.04386839482
203269,203316,204215,47,899,2,36000,1.05228031146
203270,203321,204317,51,996,2,36000,1.05120481928
203271,203326,204309,55,983,2,36000,1.05595116989
203273,203332,204405,59,1073,2,36000,1.0549860205
203294,203337,204211,43,874,2,36000,1.04919908467
203296,203342,204248,46,906,2,36000,1.05077262693
203297,203347,204303,50,956,2,36000,1.05230125523
203298,203353,204251,55,898,2,36000,1.06124721604
203300,203358,204323,58,965,2,36000,1.06010362694
203301,203364,204296,63,932,2,36000,1.06759656652
203318,203371,204293,53,922,2,36000,1.05748373102
203319,203376,204218,57,842,2,36000,1.067695962
203336,203381,204328,45,947,2,36000,1.04751847941
203338,203386,204290,48,904,2,36000,1.05309734513
203339,203392,204386,53,994,2,36000,1.05331991952
203340,203397,204366,57,969,2,36000,1.05882352941
203370,203403,204352,33,949,2,36000,1.03477344573
203371,203409,204349,38,940,2,36000,1.04042553191
203372,203414,204327,42,913,2,36000,1.04600219058
203374,203419,204361,45,942,2,36000,1.04777070064
203375,203424,204433,49,1009,2,36000,1.0485629336
203391,203429,204269,38,840,2,36000,1.04523809524
203392,203435,204321,43,886,2,36000,1.04853273138
203408,203441,204405,33,964,2,36000,1.03423236515
203424,203446,204491,22,1045,2,36000,1.02105263158
203425,203452,204426,27,974,2,36000,1.02772073922
203441,203458,204392,17,934,2,36000,1.0182012848
203443,203463,204409,20,946,2,36000,1.02114164905
203458,203469,204361,11,892,2,36000,1.01233183857
203474,203480,204481,6,1001,2,36000,1.00599400599
203475,203485,204289,10,804,2,36000,1.01243781095
203477,203491,204420,14,929,2,36000,1.01506996771
203478,203496,204384,18,888,2,36000,1.02027027027
203496,203502,204333,6,831,2,36000,1.00722021661
203498,203508,204408,10,900,2,36000,1.01111111111
203499,203513,204576,14,1063,2,36000,1.01317027281
203500,203519,204448,19,929,2,36000,1.02045209903
203528,203534,204534,6,1000,2,36000,1.006
203545,203551,204547,6,996,2,36000,1.00602409639
203755,203761,203765,6,4,1,28800,1.0
203818,203824,204846,6,1022,2,36000,1.00587084149
203867,203873,204821,6,948,2,36000,1.00632911392
203907,203914,232414,7,28500,1,28800,1.00024561404
203916,203922,204858,6,936,2,36000,1.00641025641
203993,203999,204999,6,1000,2,36000,1.006
204009,204015,204997,6,982,2,36000,1.00610997963
204010,204021,205048,11,1027,2,36000,1.01071080818
204012,204026,205053,14,1027,2,36000,1.01363193768
204013,204031,205132,18,1101,2,36000,1.01634877384
204029,204038,204847,9,809,2,36000,1.01112484549
204031,204043,205043,12,1000,2,36000,1.012
204032,204048,205029,16,981,2,36000,1.01630988787
204033,204054,204965,21,911,2,36000,1.02305159166
204049,204060,204969,11,909,2,36000,1.01210121012
204064,204070,204927,6,857,2,36000,1.00700116686
204065,204076,205090,11,1014,2,36000,1.01084812623
204067,204081,205043,14,962,2,36000,1.01455301455
204083,204089,205154,6,1065,2,36000,1.00563380282
204084,204095,205138,11,1043,2,36000,1.01054650048
204099,204105,205015,6,910,2,36000,1.00659340659
204114,204120,205036,6,916,2,36000,1.00655021834
204131,204138,205097,7,959,2,36000,1.00729927007
204133,204144,205180,11,1036,2,36000,1.01061776062
204134,204149,205102,15,953,2,36000,1.01573976915
204135,204154,205140,19,986,2,36000,1.01926977688
204137,204160,205205,23,1045,2,36000,1.02200956938
204138,204165,205119,27,954,2,36000,1.02830188679
204153,204171,205211,18,1040,2,36000,1.01730769231
204169,204177,205315,8,1138,2,36000,1.00702987698
204170,204182,205135,12,953,2,36000,1.01259181532
204186,204192,205133,6,941,2,36000,1.00637619554
204201,204207,205070,6,863,2,36000,1.00695249131
204219,204225,205143,6,918,2,36000,1.00653594771
204220,204231,205143,11,912,2,36000,1.01206140351
204222,204236,205075,14,839,2,36000,1.01668653159
204223,204242,205189,19,947,2,36000,1.02006335797
204240,204248,205354,8,1106,2,36000,1.00723327306
204241,204253,205202,12,949,2,36000,1.01264488936
204242,204259,205359,17,1100,2,36000,1.01545454545
204243,204265,205306,22,1041,2,36000,1.02113352546
204245,204270,205150,25,880,2,36000,1.02840909091
204262,204276,205302,14,1026,2,36000,1.01364522417
204264,204281,205256,17,975,2,36000,1.01743589744
204265,204287,205176,22,889,2,36000,1.02474690664
204266,204292,205289,26,997,2,36000,1.0260782347
204268,204297,205388,29,1091,2,36000,1.02658111824
204284,204304,205302,20,998,2,36000,1.02004008016
204285,204309,205151,24,842,2,36000,1.02850356295
204287,204314,205223,27,909,2,36000,1.0297029703
204304,204320,205305,16,985,2,36000,1.01624365482
204305,204326,205272,21,946,2,36000,1.0221987315
204307,204331,205215,24,884,2,36000,1.02714932127
204308,204336,205238,28,902,2,36000,1.0310421286
204309,204341,205386,32,1045,2,36000,1.03062200957
204311,204347,205168,36,821,2,36000,1.04384896468
204312,204352,205266,40,914,2,36000,1.04376367615
204313,204357,205389,44,1032,2,36000,1.04263565891
204333,204363,205306,30,943,2,36000,1.03181336161
204334,204369,205315,35,946,2,36000,1.03699788584
204335,204374,205378,39,1004,2,36000,1.03884462151
204337,204379,205331,42,952,2,36000,1.04411764706
204338,204384,205354,46,970,2,36000,1.04742268041
204339,204390,205412,51,1022,2,36000,1.04990215264
204341,204395,205310,54,915,2,36000,1.05901639344
204358,204401,205342,43,941,2,36000,1.04569606801
204359,204407,205256,48,849,2,36000,1.05653710247
204361,204412,205727,51,1315,2,36000,1.03878326996
204376,204417,205352,41,935,2,36000,1.04385026738
204377,204422,205742,45,1320,2,36000,1.03409090909
204379,204428,205315,49,887,2,36000,1.05524239008
204396,204433,205310,37,877,2,36000,1.04218928164
204397,204440,205353,43,913,2,36000,1.04709748083
204398,204445,205541,47,1096,2,36000,1.04288321168
204415,204450,205306,35,856,2,36000,1.04088785047
204416,204455,205490,39,1035,2,36000,1.03768115942
204417,204460,205260,43,800,2,36000,1.05375
204419,204466,205574,47,1108,2,36000,1.04241877256
204435,204472,205439,37,967,2,36000,1.03826266805
204436,204477,205394,41,917,2,36000,1.04471101418
204438,204483,205315,45,832,2,36000,1.05408653846
204453,204488,205448,35,960,2,36000,1.03645833333
204484,204494,205375,10,881,2,36000,1.0113507378
204499,204505,205414,6,909,2,36000,1.00660066007
204534,204540,205540,6,1000,2,36000,1.006
204549,204555,205571,6,1016,2,36000,1.00590551181
204577,204584,205545,7,961,2,36000,1.00728407908
204823,204829,205752,6,923,2,36000,1.00650054171
204846,204852,205811,6,959,2,36000,1.00625651721
204847,204858,205735,11,877,2,36000,1.01254275941
204864,204870,205862,6,992,2,36000,1.0060483871
204930,204935,206097,5,1162,2,36000,1.00430292599
204966,204972,205907,6,935,2,36000,1.0064171123
204982,204988,206004,6,1016,2,36000,1.00590551181
204998,205004,205975,6,971,2,36000,1.0061791967
205018,205024,205917,6,893,2,36000,1.00671892497
205019,205030,206017,11,987,2,36000,1.01114488349
205036,205042,206071,6,1029,2,36000,1.00583090379
205064,205070,205910,6,840,2,36000,1.00714285714
205065,205076,206083,11,1007,2,36000,1.01092353525
205067,205081,205941,14,860,2,36000,1.01627906977
205068,205087,206078,19,991,2,36000,1.01917255298
205070,205092,206058,22,966,2,36000,1.02277432712
205086,205098,206095,12,997,2,36000,1.01203610832
205088,205103,206021,15,918,2,36000,1.01633986928
205105,205111,205962,6,851,2,36000,1.00705052879
205106,205117,206082,11,965,2,36000,1.01139896373
205108,205122,206050,14,928,2,36000,1.0150862069
205129,205135,205955,6,820,2,36000,1.00731707317
205148,205154,206138,6,984,2,36000,1.00609756098
205149,205160,206020,11,860,2,36000,1.01279069767
205150,205165,206153,15,988,2,36000,1.01518218623
205152,205171,206136,19,965,2,36000,1.01968911917
205153,205176,206146,23,970,2,36000,1.02371134021
205154,205181,206041,27,860,2,36000,1.03139534884
205156,205187,206056,31,869,2,36000,1.03567318757
205176,205193,206232,17,1039,2,36000,1.01636188643
205178,205198,206126,20,928,2,36000,1.02155172414
205179,205203,206206,24,1003,2,36000,1.02392821535
205181,205208,206067,27,859,2,36000,1.03143189756
205182,205214,206138,32,924,2,36000,1.03463203463
205205,205219,206274,14,1055,2,36000,1.01327014218
205207,205225,206104,18,879,2,36000,1.0204778157
205208,205230,206098,22,868,2,36000,1.02534562212
205209,205236,206217,27,981,2,36000,1.02752293578
205228,205242,206165,14,923,2,36000,1.01516793066
205230,205247,206279,17,1032,2,36000,1.01647286822
205231,205253,206245,22,992,2,36000,1.02217741935
205247,205258,206055,11,797,2,36000,1.01380175659
205264,205270,206156,6,886,2,36000,1.00677200903
205265,205276,206237,11,961,2,36000,1.01144640999
205267,205281,206191,14,910,2,36000,1.01538461538
205284,205290,206104,6,814,2,36000,1.00737100737
205285,205296,206285,11,989,2,36000,1.0111223458
205301,205307,206288,6,981,2,36000,1.00611620795
205303,205313,206325,10,1012,2,36000,1.00988142292
205331,205337,206247,6,910,2,36000,1.00659340659
205332,205343,206205,11,862,2,36000,1.01276102088
205334,205348,206322,14,974,2,36000,1.01437371663
205335,205354,206242,19,888,2,36000,1.0213963964
205336,205359,206346,23,987,2,36000,1.0233029382
205337,205364,206199,27,835,2,36000,1.03233532934
205339,205370,206416,31,1046,2,36000,1.02963671128
205340,205376,206341,36,965,2,36000,1.03730569948
205342,205381,206413,39,1032,2,36000,1.03779069767
205343,205386,206324,43,938,2,36000,1.04584221748
205344,205391,206296,47,905,2,36000,1.05193370166
205346,205396,206313,50,917,2,36000,1.05452562704
205366,205403,206305,37,902,2,36000,1.04101995565
205367,205408,206389,41,981,2,36000,1.04179408767
205369,205414,206410,45,996,2,36000,1.04518072289
205370,205419,206396,49,977,2,36000,1.05015353122
205371,205424,206382,53,958,2,36000,1.05532359081
205373,205429,206284,56,855,2,36000,1.06549707602
205392,205435,206422,43,987,2,36000,1.04356636272
205393,205440,206472,47,1032,2,36000,1.04554263566
205394,205445,206403,51,958,2,36000,1.05323590814
205396,205450,206467,54,1017,2,36000,1.05309734513
205397,205456,206371,59,915,2,36000,1.06448087432
205414,205462,206468,48,1006,2,36000,1.04771371769
205416,205468,206371,52,903,2,36000,1.05758582503
205417,205473,206468,56,995,2,36000,1.05628140704
205442,205478,206419,36,941,2,36000,1.03825717322
205458,205489,206412,31,923,2,36000,1.03358613218
205476,205484,205499,8,15,1,86400,1.53333333333
205491,205497,206384,6,887,2,36000,1.0067643743
205509,205516,291958,7,86442,1,86400,1.00008097915
205543,205550,206468,7,918,2,36000,1.00762527233
205545,205556,206428,11,872,2,36000,1.0126146789
205562,205569,206487,7,918,2,36000,1.00762527233
205581,205587,206476,6,889,2,36000,1.00674915636
205582,205593,206542,11,949,2,36000,1.01159114858
205727,205735,206886,8,1151,2,36000,1.00695047785
205745,205751,206673,6,922,2,36000,1.00650759219
205746,205757,206705,11,948,2,36000,1.01160337553
205762,205768,206723,6,955,2,36000,1.00628272251
205814,205820,206827,6,1007,2,36000,1.00595829196
205862,205868,206798,6,930,2,36000,1.0064516129
205908,205914,206842,6,928,2,36000,1.00646551724
205927,205933,206916,6,983,2,36000,1.00610376399
205928,205939,207103,11,1164,2,36000,1.00945017182
205946,205952,206856,6,904,2,36000,1.00663716814
205953,205959,281584,6,75625,2,108000,1.00007933884
205963,205969,206859,6,890,2,36000,1.00674157303
205964,205975,206858,11,883,2,36000,1.01245753114
205981,205987,206937,6,950,2,36000,1.00631578947
206004,206010,207026,6,1016,2,36000,1.00590551181
206022,206028,207106,6,1078,2,36000,1.00556586271
206023,206034,207010,11,976,2,36000,1.0112704918
206024,206040,206950,16,910,2,36000,1.01758241758
206044,206050,206909,6,859,2,36000,1.00698486612
206062,206068,207266,6,1198,2,36000,1.00500834725
206063,206074,206899,11,825,2,36000,1.01333333333
206065,206079,207190,14,1111,2,36000,1.01260126013
206066,206085,207019,19,934,2,36000,1.02034261242
206083,206090,207019,7,929,2,36000,1.00753498385
206085,206096,207127,11,1031,2,36000,1.01066925315
206086,206102,207082,16,980,2,36000,1.01632653061
206087,206108,207145,21,1037,2,36000,1.02025072324
206089,206113,207070,24,957,2,36000,1.02507836991
206107,206119,207018,12,899,2,36000,1.01334816463
206109,206125,207236,16,1111,2,36000,1.01440144014
206110,206130,207143,20,1013,2,36000,1.01974333662
206111,206135,207153,24,1018,2,36000,1.02357563851
206113,206140,207094,27,954,2,36000,1.02830188679
206130,206147,207017,17,870,2,36000,1.01954022989
206146,206153,207222,7,1069,2,36000,1.00654817587
206148,206159,207172,11,1013,2,36000,1.01085883514
206149,206165,207443,16,1278,2,36000,1.01251956182
206150,206170,207179,20,1009,2,36000,1.01982160555
206169,206176,207101,7,925,2,36000,1.00756756757
206170,206182,207040,12,858,2,36000,1.01398601399
206172,206187,207143,15,956,2,36000,1.01569037657
206194,206200,207078,6,878,2,36000,1.00683371298
206211,206217,207169,6,952,2,36000,1.00630252101
206213,206223,207265,10,1042,2,36000,1.00959692898
206214,206228,207231,14,1003,2,36000,1.01395812562
206233,206239,207244,6,1005,2,36000,1.00597014925
206234,206245,207142,11,897,2,36000,1.01226309922
206252,206258,207166,6,908,2,36000,1.00660792952
206254,206264,207192,10,928,2,36000,1.01077586207
206255,206269,207185,14,916,2,36000,1.01528384279
206256,206275,207218,19,943,2,36000,1.02014846235
206276,206283,207217,7,934,2,36000,1.00749464668
206296,206302,207436,6,1134,2,36000,1.00529100529
206297,206308,207329,11,1021,2,36000,1.01077375122
206298,206313,207320,15,1007,2,36000,1.01489572989
206300,206319,207254,19,935,2,36000,1.02032085561
206301,206324,207182,23,858,2,36000,1.02680652681
206320,206330,207237,10,907,2,36000,1.01102535832
206321,206335,207259,14,924,2,36000,1.01515151515
206338,206344,207286,6,942,2,36000,1.00636942675
206339,206350,207270,11,920,2,36000,1.01195652174
206341,206355,207311,14,956,2,36000,1.01464435146
206358,206364,207288,6,924,2,36000,1.00649350649
206359,206370,207324,11,954,2,36000,1.01153039832
206376,206382,207509,6,1127,2,36000,1.00532386868
206378,206388,207311,10,923,2,36000,1.01083423619
206385,206394,270779,9,64385,4,144000,1.00013978411
206406,206412,207467,6,1055,2,36000,1.00568720379
206407,206418,207358,11,940,2,36000,1.01170212766
206409,206423,207430,14,1007,2,36000,1.01390268123
206410,206428,207371,18,943,2,36000,1.01908801697
206412,206434,207343,22,909,2,36000,1.02420242024
206443,206449,206454,6,5,1,1800,1.1
206447,206455,207370,8,915,2,36000,1.0087431694
206448,206460,207361,12,901,2,36000,1.01331853496
206450,206465,207495,15,1030,2,36000,1.0145631068
206451,206471,207444,20,973,2,36000,1.02055498458
206452,206476,207440,24,964,2,36000,1.02489626556
206454,206482,207404,28,922,2,36000,1.03036876356
206455,206487,207323,32,836,2,36000,1.03827751196
206475,206493,207466,18,973,2,36000,1.01849948613
206477,206499,207508,22,1009,2,36000,1.02180376611
206478,206504,207473,26,969,2,36000,1.02683178535
206479,206509,207395,30,886,2,36000,1.03386004515
206481,206514,207549,33,1035,2,36000,1.03188405797
206482,206519,207568,37,1049,2,36000,1.03527168732
206499,206525,207430,26,905,2,36000,1.02872928177
206544,206550,207435,6,885,2,36000,1.00677966102
206613,206619,207268,6,649,1,1800,1.0092449923
206674,206680,207576,6,896,2,36000,1.00669642857
206707,206713,207481,6,768,2,36000,1.0078125
206726,206732,207662,6,930,2,36000,1.0064516129
206727,206738,274487,11,67749,2,108000,1.00016236402
206798,206804,207737,6,933,2,36000,1.00643086817
206828,206834,207789,6,955,2,36000,1.00628272251
206844,206850,207862,6,1012,2,36000,1.00592885375
206860,206866,207809,6,943,2,36000,1.00636267232
206861,206872,207717,11,845,2,36000,1.01301775148
206862,206877,208534,15,1657,2,36000,1.00905250453
206887,206894,207722,7,828,2,36000,1.00845410628
206903,206909,207974,6,1065,2,36000,1.00563380282
206911,206917,208153,6,1236,2,7200,1.00485436893
206920,206926,207957,6,1031,2,36000,1.00581959263
206921,206932,207953,11,1021,2,36000,1.01077375122
206938,206944,207887,6,943,2,36000,1.00636267232
206955,206961,208009,6,1048,2,36000,1.00572519084
207026,207032,208028,6,996,2,36000,1.00602409639
207028,207038,207995,10,957,2,36000,1.01044932079
207029,207043,207983,14,940,2,36000,1.01489361702
207031,207048,208065,17,1017,2,36000,1.01671583088
207032,207054,208026,22,972,2,36000,1.02263374486
207096,207102,208071,6,969,2,36000,1.00619195046
207097,207108,208213,11,1105,2,36000,1.00995475113
207099,207113,208027,14,914,2,36000,1.01531728665
207100,207119,208057,19,938,2,36000,1.02025586354
207101,207124,208150,23,1026,2,36000,1.022417154
207103,207130,208155,27,1025,2,36000,1.02634146341
207130,207136,208195,6,1059,2,36000,1.00566572238
207131,207142,208169,11,1027,2,36000,1.01071080818
207132,207147,208149,15,1002,2,36000,1.01497005988
207134,207152,208061,18,909,2,36000,1.0198019802
207159,207165,208229,6,1064,2,36000,1.00563909774
207161,207171,208222,10,1051,2,36000,1.00951474786
207162,207176,208163,14,987,2,36000,1.01418439716
207164,207181,208196,17,1015,2,36000,1.01674876847
207165,207187,208176,22,989,2,36000,1.02224469161
207191,207197,208130,6,933,2,36000,1.00643086817
207192,207203,208232,11,1029,2,36000,1.01068999028
207194,207208,208258,14,1050,2,36000,1.01333333333
207195,207214,208109,19,895,2,36000,1.02122905028
207196,207219,208144,23,925,2,36000,1.02486486486
207198,207225,208242,27,1017,2,36000,1.02654867257
207199,207230,208216,31,986,2,36000,1.03144016227
207201,207235,208127,34,892,2,36000,1.03811659193
207225,207242,208223,17,981,2,36000,1.01732925586
207226,207248,208359,22,1111,2,36000,1.0198019802
207228,207253,208199,25,946,2,36000,1.02642706131
207256,207262,208164,6,902,2,36000,1.0066518847
207258,207268,208194,10,926,2,36000,1.01079913607
207259,207273,208249,14,976,2,36000,1.0143442623
207260,207278,208245,18,967,2,36000,1.01861427094
207262,207284,208197,22,913,2,36000,1.02409638554
207277,207290,290952,13,83662,2,108000,1.00015538715
207280,207295,208207,15,912,2,36000,1.01644736842
207281,207300,208350,19,1050,2,36000,1.0180952381
207283,207306,208309,23,1003,2,36000,1.02293120638
207284,207311,208243,27,932,2,36000,1.02896995708
207316,207322,208332,6,1010,2,36000,1.00594059406
207317,207328,208285,11,957,2,36000,1.01149425287
207319,207333,208240,14,907,2,36000,1.01543550165
207320,207338,208341,18,1003,2,36000,1.01794616152
207341,207348,208272,7,924,2,36000,1.00757575758
207343,207354,208332,11,978,2,36000,1.01124744376
207344,207359,208340,15,981,2,36000,1.01529051988
207345,207364,208313,19,949,2,36000,1.02002107482
207365,207371,208295,6,924,2,36000,1.00649350649
207366,207377,209102,11,1725,2,36000,1.00637681159
207368,207382,208224,14,842,2,36000,1.01662707838
207386,207392,208530,6,1138,2,36000,1.00527240773
207387,207398,208248,11,850,2,36000,1.01294117647
207404,207410,208473,6,1063,2,36000,1.00564440263
207405,207416,208355,11,939,2,36000,1.01171458999
207419,207425,207426,6,1,1,1800,1.0
207435,207441,208472,6,1031,2,36000,1.00581959263
207437,207447,208492,10,1045,2,36000,1.00956937799
207438,207452,208319,14,867,2,36000,1.01614763552
207439,207458,208451,19,993,2,36000,1.01913393756
207458,207464,208307,6,843,2,36000,1.00711743772
207459,207470,208455,11,985,2,36000,1.01116751269
207460,207475,208375,15,900,2,36000,1.01666666667
207478,207484,208392,6,908,2,36000,1.00660792952
207481,207490,208558,9,1068,2,36000,1.00842696629
207482,207495,208488,13,993,2,36000,1.01309164149
207508,207514,208586,6,1072,2,36000,1.00559701493
207510,207520,208431,10,911,2,36000,1.01097694841
207511,207525,208569,14,1044,2,36000,1.01340996169
207512,207530,208535,18,1005,2,36000,1.01791044776
207551,207558,208566,7,1008,2,36000,1.00694444444
207569,207575,208544,6,969,2,36000,1.00619195046
207585,207591,208635,6,1044,2,36000,1.00574712644
207630,207637,207683,7,46,1,1800,1.15217391304
207664,207670,305793,6,98123,2,108000,1.00006114774
207666,207676,208664,10,988,2,36000,1.01012145749
207717,207723,208696,6,973,2,36000,1.00616649538
207734,207740,208637,6,897,2,36000,1.00668896321
207751,207757,208676,6,919,2,36000,1.00652883569
207792,207798,208834,6,1036,2,36000,1.00579150579
207814,207820,208929,6,1109,2,36000,1.00541027953
207877,207884,208852,7,968,2,36000,1.00723140496
207898,207904,208945,6,1041,2,36000,1.00576368876
207907,207914,207949,7,35,2,120,1.2
207931,207961,207962,30,1,1,1800,3.1
207956,207966,208890,10,924,2,36000,1.01082251082
207983,207990,209124,7,1134,2,36000,1.00617283951
207985,207996,209117,11,1121,2,36000,1.00981266726
207986,208001,208930,15,929,2,36000,1.01614639397
208003,208010,209018,7,1008,2,36000,1.00694444444
208013,208019,209831,6,1812,1,1800,1.00331125828
208019,208025,208956,6,931,2,36000,1.00644468314
208036,208042,208927,6,885,2,36000,1.00677966102
208037,208048,208942,11,894,2,36000,1.01230425056
208038,208053,208988,15,935,2,36000,1.01604278075
208066,208072,208989,6,917,2,36000,1.00654307525
208067,208078,208970,11,892,2,36000,1.01233183857
208069,208083,209088,14,1005,2,36000,1.01393034826
208088,208094,209099,6,1005,2,36000,1.00597014925
208111,208118,209276,7,1158,2,36000,1.00604490501
208127,208133,208155,6,22,1,120,1.27272727273
208128,208139,209090,11,951,2,36000,1.01156677182
208145,208151,209104,6,953,2,36000,1.00629590766
208147,208157,209100,10,943,2,36000,1.01060445387
208164,208170,209103,6,933,2,36000,1.00643086817
208165,208176,209096,11,920,2,36000,1.01195652174
208167,208181,209141,14,960,2,36000,1.01458333333
208168,208187,209168,19,981,2,36000,1.01936799185
208169,208192,209216,23,1024,2,36000,1.0224609375
208187,208198,209223,11,1025,2,36000,1.01073170732
208189,208203,209131,14,928,2,36000,1.0150862069
208206,208212,209110,6,898,2,36000,1.00668151448
208208,208218,209072,10,854,2,36000,1.01170960187
208209,208223,209275,14,1052,2,36000,1.01330798479
208210,208228,209222,18,994,2,36000,1.01810865191
208212,208233,209304,21,1071,2,36000,1.01960784314
208217,208240,208293,23,53,1,120,1.43396226415
208224,208245,208264,21,19,1,120,2.10526315789
208230,208251,209215,21,964,2,36000,1.02178423237
208231,208256,209173,25,917,2,36000,1.02726281352
208233,208261,209232,28,971,2,36000,1.02883625129
208234,208266,209354,32,1088,2,36000,1.02941176471
208235,208272,209187,37,915,2,36000,1.04043715847
208237,208278,209426,41,1148,2,36000,1.03571428571
208238,208283,209382,45,1099,2,36000,1.04094631483
208277,208289,209308,12,1019,2,36000,1.01177625123
208279,208294,209328,15,1034,2,36000,1.01450676983
208280,208299,209236,19,937,2,36000,1.02027748132
208281,208305,209231,24,926,2,36000,1.02591792657
208283,208310,209432,27,1122,2,36000,1.02406417112
208284,208316,209287,32,971,2,36000,1.03295571576
208286,208321,209335,35,1014,2,36000,1.03451676529
208287,208327,209258,40,931,2,36000,1.04296455424
208288,208332,210013,44,1681,2,36000,1.0261748959
208307,208337,209246,30,909,2,36000,1.03300330033
208308,208342,209324,34,982,2,36000,1.03462321792
208309,208347,209357,38,1010,2,36000,1.03762376238
208327,208353,209367,26,1014,2,36000,1.02564102564
208328,208359,209411,31,1052,2,36000,1.02946768061
208329,208364,209420,35,1056,2,36000,1.03314393939
208349,208370,209323,21,953,2,36000,1.02203567681
208351,208375,209304,24,929,2,36000,1.02583423036
208352,208381,209316,29,935,2,36000,1.03101604278
208353,208386,209361,33,975,2,36000,1.03384615385
208355,208391,209408,36,1017,2,36000,1.03539823009
208373,208397,209391,24,994,2,36000,1.02414486922
208374,208402,209446,28,1044,2,36000,1.02681992337
208390,208408,209371,18,963,2,36000,1.01869158879
208407,208414,209445,7,1031,2,36000,1.00678952473
208433,208439,209452,6,1013,2,36000,1.00592300099
208452,208459,209281,7,822,2,36000,1.00851581509
208474,208481,208500,7,19,1,120,1.36842105263
208488,208494,209518,6,1024,2,36000,1.005859375
208489,208500,209586,11,1086,2,36000,1.01012891344
208491,208505,209397,14,892,2,36000,1.01569506726
208511,208517,209450,6,933,2,36000,1.00643086817
208512,208523,209455,11,932,2,36000,1.01180257511
208533,208539,209482,6,943,2,36000,1.00636267232
208552,208558,209463,6,905,2,36000,1.00662983425
208553,208564,209579,11,1015,2,36000,1.01083743842
208555,208569,209547,14,978,2,36000,1.01431492843
208573,208579,209616,6,1037,2,36000,1.00578592093
208575,208585,209464,10,879,2,36000,1.01137656428
208576,208590,209488,14,898,2,36000,1.01559020045
208593,208599,209478,6,879,2,36000,1.00682593857
208639,208646,209655,7,1009,2,36000,1.00693756194
208641,208652,209539,11,887,2,36000,1.01240135287
208673,208679,316692,6,108013,2,108000,1.00005554887
208697,208703,209820,6,1117,2,36000,1.00537153089
208698,208709,209697,11,988,2,36000,1.01113360324
208699,208714,209715,15,1001,2,36000,1.01498501499
208822,208828,208843,6,15,1,120,1.4
208838,208844,209803,6,959,2,36000,1.00625651721
208861,208867,209853,6,986,2,36000,1.0060851927
208892,208898,210012,6,1114,2,36000,1.00538599641
208931,208937,209845,6,908,2,36000,1.00660792952
208935,208943,209947,8,1004,2,36000,1.00796812749
208936,208948,209809,12,861,2,36000,1.01393728223
208955,208961,209977,6,1016,2,36000,1.00590551181
208957,208967,209901,10,934,2,36000,1.01070663812
208984,208990,209975,6,985,2,36000,1.00609137056
208985,209001,209928,16,927,2,36000,1.01725997843
208987,208996,209035,9,39,2,120,1.23076923077
209003,209009,209973,6,964,2,36000,1.00622406639
209005,209015,210121,10,1106,2,36000,1.00904159132
209021,209027,210044,6,1017,2,36000,1.00589970501
209089,209095,210118,6,1023,2,36000,1.00586510264
209133,209139,210053,6,914,2,36000,1.00656455142
209134,209145,210175,11,1030,2,36000,1.01067961165
209136,209150,210169,14,1019,2,36000,1.01373895976
209137,209156,210157,19,1001,2,36000,1.01898101898
209138,209161,210230,23,1069,2,36000,1.02151543499
209140,209166,210202,26,1036,2,36000,1.0250965251
209141,209172,210191,31,1019,2,36000,1.03042198234
209142,209177,210133,35,956,2,36000,1.03661087866
209144,209183,210272,39,1089,2,36000,1.03581267218
209145,209188,210303,43,1115,2,36000,1.03856502242
209146,209193,210191,47,998,2,36000,1.04709418838
209148,209198,210171,50,973,2,36000,1.05138746146
209167,209203,210106,36,903,2,36000,1.03986710963
209184,209210,210264,26,1054,2,36000,1.02466793169
209185,209216,210163,31,947,2,36000,1.03273495248
209202,209221,210064,19,843,2,36000,1.02253855279
209219,209227,210175,8,948,2,36000,1.00843881857
209220,209232,210162,12,930,2,36000,1.01290322581
209239,209245,210302,6,1057,2,36000,1.00567644276
209240,209251,210185,11,934,2,36000,1.01177730193
209242,209256,210289,14,1033,2,36000,1.01355275895
209243,209262,210362,19,1100,2,36000,1.01727272727
209244,209267,210392,23,1125,2,36000,1.02044444444
209273,209280,210229,7,949,2,36000,1.00737618546
209275,209286,210302,11,1016,2,36000,1.01082677165
209293,209298,210234,5,936,2,36000,1.00534188034
209294,209304,210414,10,1110,2,36000,1.00900900901
209295,209309,210274,14,965,2,36000,1.01450777202
209297,209314,210573,17,1259,2,36000,1.01350277998
209315,209320,210589,5,1269,2,36000,1.00394011032
209316,209326,210192,10,866,2,36000,1.01154734411
209317,209331,210375,14,1044,2,36000,1.01340996169
209337,209343,210304,6,961,2,36000,1.00624349636
209338,209349,210277,11,928,2,36000,1.01185344828
209339,209354,210532,15,1178,2,36000,1.01273344652
209340,209360,210358,20,998,2,36000,1.02004008016
209342,209365,210289,23,924,2,36000,1.02489177489
209361,209371,210466,10,1095,2,36000,1.00913242009
209362,209376,210335,14,959,2,36000,1.01459854015
209364,209382,210300,18,918,2,36000,1.01960784314
209384,209390,210318,6,928,2,36000,1.00646551724
209385,209396,210487,11,1091,2,36000,1.01008249313
209387,209401,210469,14,1068,2,36000,1.01310861423
209405,209411,210365,6,954,2,36000,1.00628930818
209406,209417,210284,11,867,2,36000,1.01268742791
209424,209430,210474,6,1044,2,36000,1.00574712644
209425,209436,210452,11,1016,2,36000,1.01082677165
209426,209441,210313,15,872,2,36000,1.01720183486
209461,209467,210340,6,873,2,36000,1.00687285223
209462,209473,210372,11,899,2,36000,1.01223581758
209464,209478,210409,14,931,2,36000,1.01503759398
209465,209483,210506,18,1023,2,36000,1.01759530792
209466,209489,210395,23,906,2,36000,1.02538631347
209468,209495,210671,27,1176,2,36000,1.02295918367
209469,209500,210533,31,1033,2,36000,1.03000968054
209493,209507,210566,14,1059,2,36000,1.01322001889
209494,209512,210596,18,1084,2,36000,1.01660516605
209496,209517,210519,21,1002,2,36000,1.02095808383
209497,209523,210507,26,984,2,36000,1.02642276423
209498,209528,210427,30,899,2,36000,1.03337041157
209520,209534,210608,14,1074,2,36000,1.01303538175
209541,209547,210467,6,920,2,36000,1.00652173913
209557,209563,210574,6,1011,2,36000,1.0059347181
209582,209588,210574,6,986,2,36000,1.0060851927
209598,209604,210576,6,972,2,36000,1.00617283951
209618,209624,210693,6,1069,2,36000,1.00561272217
209664,209671,210657,7,986,2,36000,1.00709939148
209682,209821,236093,139,26272,2,108000,1.0052908039
209700,209706,210594,6,888,2,36000,1.00675675676
209717,209723,210645,6,922,2,36000,1.00650759219
209806,209812,210737,6,925,2,36000,1.00648648649
209822,209829,210730,7,901,2,36000,1.00776914539
209824,209835,210803,11,968,2,36000,1.01136363636
209853,209860,210877,7,1017,2,36000,1.00688298918
209855,209866,210956,11,1090,2,36000,1.01009174312
209902,209908,210957,6,1049,2,36000,1.00571973308
209929,209935,210967,6,1032,2,36000,1.00581395349
209950,209956,210959,6,1003,2,36000,1.00598205384
209978,209984,210906,6,922,2,36000,1.00650759219
209979,209990,211020,11,1030,2,36000,1.01067961165
209980,209995,210785,15,790,2,36000,1.01898734177
210016,210022,210865,6,843,2,36000,1.00711743772
210018,210028,210948,10,920,2,36000,1.01086956522
210049,210055,318087,6,108032,2,108000,1.0000555391
210057,210063,211214,6,1151,2,36000,1.00521285838
210059,210069,211084,10,1015,2,36000,1.00985221675
210076,210083,211090,7,1007,2,36000,1.00695134062
210108,210114,211080,6,966,2,36000,1.00621118012
210130,210136,211035,6,899,2,36000,1.00667408231
210131,210142,211264,11,1122,2,36000,1.00980392157
210148,210154,211078,6,924,2,36000,1.00649350649
210168,210173,211180,5,1007,2,36000,1.0049652433
210169,210179,211197,10,1018,2,36000,1.00982318271
210170,210184,211181,14,997,2,36000,1.01404212638
210193,210199,211267,6,1068,2,36000,1.00561797753
210194,210205,211131,11,926,2,36000,1.01187904968
210196,210210,211019,14,809,2,36000,1.0173053152
210197,210216,211253,19,1037,2,36000,1.01832208293
210198,210221,211293,23,1072,2,36000,1.02145522388
210200,210226,211234,26,1008,2,36000,1.02579365079
210201,210232,211331,31,1099,2,36000,1.02820746133
210203,210237,211174,34,937,2,36000,1.03628601921
210225,210243,211090,18,847,2,36000,1.0212514758
210257,210263,211208,6,945,2,36000,1.00634920635
210258,210269,211254,11,985,2,36000,1.01116751269
210259,210274,211243,15,969,2,36000,1.01547987616
210285,210291,211215,6,924,2,36000,1.00649350649
210286,210297,211140,11,843,2,36000,1.01304863582
210287,210303,211365,16,1062,2,36000,1.01506591337
210289,210308,211244,19,936,2,36000,1.0202991453
210312,210318,211328,6,1010,2,36000,1.00594059406
210314,210324,211251,10,927,2,36000,1.01078748652
210315,210329,211257,14,928,2,36000,1.0150862069
210316,210335,211315,19,980,2,36000,1.0193877551
210318,210340,211276,22,936,2,36000,1.0235042735
210319,210346,211245,27,899,2,36000,1.03003337041
210320,210351,211949,31,1598,2,36000,1.01939924906
210322,210356,211166,34,810,2,36000,1.04197530864
210352,210362,211285,10,923,2,36000,1.01083423619
210353,210367,211262,14,895,2,36000,1.0156424581
210354,210373,211306,19,933,2,36000,1.02036441586
210356,210378,211386,22,1008,2,36000,1.02182539683
210411,210418,211390,7,972,2,36000,1.00720164609
210413,210424,211491,11,1067,2,36000,1.01030927835
210414,210429,212093,15,1664,2,36000,1.00901442308
210416,210434,211326,18,892,2,36000,1.0201793722
210417,210439,211416,22,977,2,36000,1.02251791198
210418,210445,211386,27,941,2,36000,1.02869287991
210420,210451,211453,31,1002,2,36000,1.03093812375
210421,210456,211498,35,1042,2,36000,1.03358925144
210470,210476,211462,6,986,2,36000,1.0060851927
210472,210482,211386,10,904,2,36000,1.0110619469
210473,210488,211548,15,1060,2,36000,1.0141509434
210475,210493,211341,18,848,2,36000,1.02122641509
210476,210498,211487,22,989,2,36000,1.02224469161
210497,210504,211438,7,934,2,36000,1.00749464668
210498,210509,211373,11,864,2,36000,1.01273148148
210499,210516,211532,17,1016,2,36000,1.01673228346
210527,210534,211540,7,1006,2,36000,1.0069582505
210529,210540,211530,11,990,2,36000,1.01111111111
210531,210545,211545,14,1000,2,36000,1.014
210568,210574,211554,6,980,2,36000,1.00612244898
210569,210580,211652,11,1072,2,36000,1.01026119403
210571,210585,211581,14,996,2,36000,1.0140562249
210590,210596,211717,6,1121,2,36000,1.00535236396
210592,210602,211591,10,989,2,36000,1.01011122346
210593,210607,211685,14,1078,2,36000,1.01298701299
210594,210613,212003,19,1390,2,36000,1.01366906475
210596,210618,211543,22,925,2,36000,1.02378378378
210613,210624,211728,11,1104,2,36000,1.00996376812
210615,210629,211665,14,1036,2,36000,1.01351351351
210616,210635,211721,19,1086,2,36000,1.01749539595
210641,210799,237822,158,27023,10,43200,1.00584687118
210655,210661,211746,6,1085,2,36000,1.00552995392
210674,210680,211662,6,982,2,36000,1.00610997963
210675,210686,211759,11,1073,2,36000,1.01025163094
210694,210700,211688,6,988,2,36000,1.00607287449
210731,210737,211719,6,982,2,36000,1.00610997963
210747,210753,211739,6,986,2,36000,1.0060851927
210787,210793,211653,6,860,2,36000,1.00697674419
210806,210812,211787,6,975,2,36000,1.00615384615
210874,210880,211855,6,975,2,36000,1.00615384615
210890,210896,211865,6,969,2,36000,1.00619195046
210906,210912,211873,6,961,2,36000,1.00624349636
210951,210957,211914,6,957,2,36000,1.00626959248
210967,210973,211873,6,900,2,36000,1.00666666667
210968,210979,211774,11,795,2,36000,1.01383647799
210970,210984,211812,14,828,2,36000,1.01690821256
210971,210989,212113,18,1124,2,36000,1.01601423488
210983,211089,211470,106,381,2,43200,1.2782152231
211024,211030,211938,6,908,2,36000,1.00660792952
211025,211037,212087,12,1050,2,36000,1.01142857143
211037,211046,238488,9,27442,2,108000,1.00032796443
211041,211051,212051,10,1000,2,36000,1.01
211097,211103,212020,6,917,2,36000,1.00654307525
211098,211109,212155,11,1046,2,36000,1.01051625239
211099,211114,212110,15,996,2,36000,1.01506024096
211101,211119,212185,18,1066,2,36000,1.01688555347
211102,211125,212060,23,935,2,36000,1.02459893048
211134,211141,212204,7,1063,2,36000,1.00658513641
211150,211156,212149,6,993,2,36000,1.00604229607
211166,211172,212055,6,883,2,36000,1.00679501699
211183,211189,212339,6,1150,2,36000,1.0052173913
211184,211195,212057,11,862,2,36000,1.01276102088
211185,211200,212531,15,1331,2,36000,1.01126972201
211202,211208,212188,6,980,2,36000,1.00612244898
211218,211224,212247,6,1023,2,36000,1.00586510264
211219,211230,212152,11,922,2,36000,1.01193058568
211221,211235,212242,14,1007,2,36000,1.01390268123
211237,211243,212244,6,1001,2,36000,1.00599400599
211255,211261,212151,6,890,2,36000,1.00674157303
211256,211267,212154,11,887,2,36000,1.01240135287
211257,211273,212153,16,880,2,36000,1.01818181818
211259,211278,212251,19,973,2,36000,1.01952723535
211260,211283,212222,23,939,2,36000,1.02449414271
211261,211288,212326,27,1038,2,36000,1.02601156069
211279,211294,212245,15,951,2,36000,1.01577287066
211280,211300,212357,20,1057,2,36000,1.01892147588
211282,211305,212379,23,1074,2,36000,1.02141527002
211283,211310,212319,27,1009,2,36000,1.02675916749
211284,211315,212320,31,1005,2,36000,1.03084577114
211300,211321,212217,21,896,2,36000,1.0234375
211301,211327,212284,26,957,2,36000,1.02716823406
211319,211333,212381,14,1048,2,36000,1.01335877863
211321,211338,212260,17,922,2,36000,1.01843817787
211338,211344,212385,6,1041,2,36000,1.00576368876
211339,211350,212409,11,1059,2,36000,1.0103871577
211340,211355,212338,15,983,2,36000,1.01525940997
211356,211362,212289,6,927,2,36000,1.00647249191
211362,211449,245395,87,33946,10,43200,1.00256289401
211374,211380,212493,6,1113,2,36000,1.00539083558
211375,211386,212470,11,1084,2,36000,1.01014760148
211392,211398,212416,6,1018,2,36000,1.00589390963
211394,211404,212292,10,888,2,36000,1.01126126126
211395,211409,212523,14,1114,2,36000,1.01256732496
211396,211415,212467,19,1052,2,36000,1.0180608365
211419,211426,212288,7,862,2,36000,1.00812064965
211450,211457,212414,7,957,2,36000,1.00731452456
211467,211473,212373,6,900,2,36000,1.00666666667
211469,211479,212452,10,973,2,36000,1.01027749229
211487,211493,212367,6,874,2,36000,1.00686498856
211514,211520,212377,6,857,2,36000,1.00700116686
211516,211526,212553,10,1027,2,36000,1.00973709834
211550,211555,212663,5,1108,2,36000,1.00451263538
211551,211561,212571,10,1010,2,36000,1.0099009901
211552,211566,212509,14,943,2,36000,1.01484623542
211554,211571,212601,17,1030,2,36000,1.01650485437
211555,211577,212419,22,842,2,36000,1.02612826603
211579,211585,212615,6,1030,2,36000,1.00582524272
211580,211591,212593,11,1002,2,36000,1.01097804391
211596,211602,212726,6,1124,2,36000,1.00533807829
211597,211608,212546,11,938,2,36000,1.01172707889
211650,211657,212628,7,971,2,36000,1.00720906282
211667,211673,212724,6,1051,2,36000,1.00570884872
211669,211679,212596,10,917,2,36000,1.01090512541
211670,211684,212695,14,1011,2,36000,1.01384767557
211686,211692,212630,6,938,2,36000,1.00639658849
211701,211707,212616,6,909,2,36000,1.00660066007
211717,211723,212761,6,1038,2,36000,1.00578034682
211742,211748,212728,6,980,2,36000,1.00612244898
211744,211754,212689,10,935,2,36000,1.01069518717
211745,211759,212713,14,954,2,36000,1.01467505241
211747,211764,212773,17,1009,2,36000,1.01684836472
211764,211771,212882,7,1111,2,36000,1.00630063006
211766,211776,212747,10,971,2,36000,1.01029866117
211773,211785,218941,12,7156,2,14400,1.00167691448
211781,211791,212777,10,986,2,36000,1.01014198783
211797,211804,213374,7,1570,2,36000,1.00445859873
211813,211819,212783,6,964,2,36000,1.00622406639
211857,211863,212912,6,1049,2,36000,1.00571973308
211872,211879,212723,7,844,2,36000,1.00829383886
211874,211885,212818,11,933,2,36000,1.01178992497
211890,211896,212975,6,1079,2,36000,1.00556070436
211916,211923,212839,7,916,2,36000,1.0076419214
211945,211952,212953,7,1001,2,36000,1.00699300699
211962,211968,213065,6,1097,2,36000,1.00546946217
211979,211985,211986,6,1,2,120,1.0
212004,212010,212993,6,983,2,36000,1.00610376399
212024,212030,213042,6,1012,2,36000,1.00592885375
212051,212057,213353,6,1296,2,36000,1.00462962963
212067,212074,213201,7,1127,2,36000,1.00621118012
212069,212079,212940,10,861,2,36000,1.01161440186
212070,212085,213122,15,1037,2,36000,1.01446480231
212089,212096,213017,7,921,2,36000,1.00760043431
212102,212109,212110,7,1,2,120,1.0
212105,212115,213185,10,1070,2,36000,1.00934579439
212120,212127,213232,7,1105,2,36000,1.00633484163
212122,212133,213022,11,889,2,36000,1.01237345332
212167,212173,213151,6,978,2,36000,1.00613496933
212168,212179,222852,11,10673,2,108000,1.00103063806
212168,212184,213208,16,1024,2,36000,1.015625
212170,212190,213115,20,925,2,36000,1.02162162162
212171,212195,213173,24,978,2,36000,1.0245398773
212172,212200,213173,28,973,2,36000,1.02877697842
212174,212206,213289,32,1083,2,36000,1.02954755309
212192,212211,213274,19,1063,2,36000,1.01787394167
212193,212217,213225,24,1008,2,36000,1.02380952381
212209,212223,213281,14,1058,2,36000,1.01323251418
212227,212232,213350,5,1118,2,36000,1.00447227191
212228,212238,213214,10,976,2,36000,1.01024590164
212245,212251,213217,6,966,2,36000,1.00621118012
212247,212258,213299,11,1041,2,36000,1.01056676273
212248,212264,213278,16,1014,2,36000,1.0157790927
212249,212299,268543,50,56244,12,57600,1.00088898371
212266,212272,213240,6,968,2,36000,1.00619834711
212268,212278,213264,10,986,2,36000,1.01014198783
212269,212284,213357,15,1073,2,36000,1.01397949674
212287,212293,213235,6,942,2,36000,1.00636942675
212288,212305,213338,17,1033,2,36000,1.01645692159
212289,212310,213289,21,979,2,36000,1.02145045965
212308,212316,213334,8,1018,2,36000,1.00785854617
212324,212330,213222,6,892,2,36000,1.0067264574
212325,212336,213176,11,840,2,36000,1.0130952381
212343,212349,213307,6,958,2,36000,1.00626304802
212344,212355,213254,11,899,2,36000,1.01223581758
212345,212360,213415,15,1055,2,36000,1.01421800948
212371,212377,213329,6,952,2,36000,1.00630252101
212373,212388,213496,15,1108,2,36000,1.01353790614
212377,212383,212384,6,1,2,120,1.0
212393,212400,213414,7,1014,2,36000,1.00690335306
212395,212406,213331,11,925,2,36000,1.01189189189
212396,212411,213373,15,962,2,36000,1.01559251559
212397,212417,213557,20,1140,2,36000,1.01754385965
212399,212422,213481,23,1059,2,36000,1.02171860246
212416,212428,213362,12,934,2,36000,1.01284796574
212417,212434,213369,17,935,2,36000,1.01818181818
212418,212439,213397,21,958,2,36000,1.02192066806
212435,212445,213301,10,856,2,36000,1.01168224299
212455,212461,213471,6,1010,2,36000,1.00594059406
212471,212477,212478,6,1,2,120,1.0
212472,212483,213480,11,997,2,36000,1.0110330993
212473,212488,213581,15,1093,2,36000,1.01372369625
212497,212503,213475,6,972,2,36000,1.00617283951
212512,212518,213430,6,912,2,36000,1.00657894737
212529,212536,213397,7,861,2,36000,1.0081300813
212545,212551,213511,6,960,2,36000,1.00625
212562,212568,213602,6,1034,2,36000,1.00580270793
212563,212574,213533,11,959,2,36000,1.01147028154
212587,212593,213524,6,931,2,36000,1.00644468314
212605,212739,270371,134,57632,12,57600,1.00232509717
212605,212611,213593,6,982,2,36000,1.00610997963
212606,212617,213617,11,1000,2,36000,1.011
212608,212622,213603,14,981,2,36000,1.01427115189
212624,212631,213610,7,979,2,36000,1.00715015322
212626,212636,213728,10,1092,2,36000,1.00915750916
212641,212648,213647,7,999,2,36000,1.00700700701
212643,212654,213588,11,934,2,36000,1.01177730193
212666,212672,213757,6,1085,2,36000,1.00552995392
212692,212698,213739,6,1041,2,36000,1.00576368876
212709,212715,213692,6,977,2,36000,1.00614124872
212727,212733,213857,6,1124,2,36000,1.00533807829
212728,212744,213721,16,977,2,36000,1.01637666325
212729,212749,213743,20,994,2,36000,1.02012072435
212731,212755,213700,24,945,2,36000,1.0253968254
212732,212761,213730,29,969,2,36000,1.02992776058
212749,212773,213747,24,974,2,36000,1.02464065708
212764,212785,213802,21,1017,2,36000,1.02064896755
212781,212791,213874,10,1083,2,36000,1.00923361034
212782,212797,213847,15,1050,2,36000,1.01428571429
212798,212830,213709,32,879,2,36000,1.03640500569
212828,212851,213858,23,1007,2,36000,1.02284011917
212849,212893,213875,44,982,2,36000,1.04480651731
212885,212923,213791,38,868,2,36000,1.04377880184
212894,213300,247947,406,34647,2,43200,1.01171818628
212914,212951,213787,37,836,2,36000,1.04425837321
212940,212964,213933,24,969,2,36000,1.02476780186
212957,212987,214028,30,1041,2,36000,1.0288184438
212977,213028,214141,51,1113,2,36000,1.04582210243
212995,213004,213052,9,48,2,120,1.1875
212996,213054,214083,58,1029,2,36000,1.0563654033
213003,213034,226281,31,13247,2,36000,1.00234015249
213018,213064,213902,46,838,2,36000,1.05489260143
213034,213076,214084,42,1008,2,36000,1.04166666667
213058,213126,214301,68,1175,2,36000,1.05787234043
213075,213133,214187,58,1054,2,36000,1.055028463
213121,213162,213982,41,820,2,36000,1.05
213122,213184,214037,62,853,2,36000,1.07268464244
213154,213190,214164,36,974,2,36000,1.03696098563
213178,213226,214169,48,943,2,36000,1.05090137858
213179,213196,214220,17,1024,2,36000,1.0166015625
213180,213202,214149,22,947,2,36000,1.0232312566
213196,213232,214122,36,890,2,36000,1.0404494382
213207,213361,256591,154,43230,10,43200,1.00356234097
213217,213239,214215,22,976,2,36000,1.02254098361
213219,213245,214261,26,1016,2,36000,1.02559055118
213220,213251,214202,31,951,2,36000,1.03259726604
213221,213257,214240,36,983,2,36000,1.03662258393
213250,213263,214298,13,1035,2,36000,1.01256038647
213251,213270,214521,19,1251,2,36000,1.01518784972
213253,213277,214379,24,1102,2,36000,1.02177858439
213254,213286,214211,32,925,2,36000,1.03459459459
213256,213293,214295,37,1002,2,36000,1.0369261477
213298,213306,214306,8,1000,2,36000,1.008
213299,213311,214246,12,935,2,36000,1.0128342246
213301,213317,214312,16,995,2,36000,1.01608040201
213302,213323,214243,21,920,2,36000,1.02282608696
213305,213329,214201,24,872,2,36000,1.02752293578
213306,213340,214338,34,998,2,36000,1.03406813627
213326,213349,214326,23,977,2,36000,1.02354145343
213328,213368,214455,40,1087,2,36000,1.03679852806
213329,213374,214260,45,886,2,36000,1.05079006772
213347,213380,214423,33,1043,2,36000,1.03163950144
213348,213385,214443,37,1058,2,36000,1.03497164461
213349,213392,214355,43,963,2,36000,1.04465212876
213351,213398,214440,47,1042,2,36000,1.04510556622
213370,213408,214391,38,983,2,36000,1.03865717192
213371,213413,214465,42,1052,2,36000,1.03992395437
213372,213425,214400,53,975,2,36000,1.05435897436
213374,213432,214343,58,911,2,36000,1.06366630077
213375,213441,214431,66,990,2,36000,1.06666666667
213394,213482,214330,88,848,2,36000,1.10377358491
213396,213496,214388,100,892,2,36000,1.11210762332
213414,213501,214348,87,847,2,36000,1.10271546635
213415,213508,214531,93,1023,2,36000,1.09090909091
213416,213529,214623,113,1094,2,36000,1.10329067642
213418,213536,214626,118,1090,2,36000,1.10825688073
213431,213489,221442,58,7953,2,108000,1.00729284547
213436,213544,214582,108,1038,2,36000,1.10404624277
213470,213568,214412,98,844,2,36000,1.11611374408
213487,213592,214590,105,998,2,36000,1.10521042084
213488,213600,214488,112,888,2,36000,1.12612612613
213489,213606,214577,117,971,2,36000,1.12049433574
213524,213613,214587,89,974,2,36000,1.09137577002
213525,213620,214415,95,795,2,36000,1.11949685535
213527,213627,214630,100,1003,2,36000,1.09970089731
213544,213634,214604,90,970,2,36000,1.09278350515
213560,213658,214771,98,1113,2,36000,1.08805031447
213584,213703,214657,119,954,2,36000,1.12473794549
213601,217406,260618,3805,43212,2,43200,1.08805424419
213602,213712,214675,110,963,2,36000,1.11422637591
213604,213721,214623,117,902,2,36000,1.12971175166
213605,213733,214741,128,1008,2,36000,1.12698412698
213624,213739,214627,115,888,2,36000,1.1295045045
213625,213746,214772,121,1026,2,36000,1.1179337232
213626,213753,214682,127,929,2,36000,1.13670613563
213649,213759,214598,110,839,2,36000,1.13110846246
213695,213764,214759,69,995,2,36000,1.06934673367
213724,213771,214800,47,1029,2,36000,1.04567541302
213725,213799,214711,74,912,2,36000,1.08114035088
213726,213806,214866,80,1060,2,36000,1.07547169811
213746,213813,214956,67,1143,2,36000,1.05861767279
213747,213858,214672,111,814,2,36000,1.13636363636
213749,213868,214760,119,892,2,36000,1.13340807175
213750,213875,214832,125,957,2,36000,1.13061650993
213768,213886,214832,118,946,2,36000,1.12473572939
213769,213892,214805,123,913,2,36000,1.13472070099
213789,213913,214851,124,938,2,36000,1.13219616205
213790,213944,214947,154,1003,2,36000,1.15353938185
213806,213993,214868,187,875,2,36000,1.21371428571
213848,214039,215077,191,1038,2,36000,1.18400770713
213865,214048,215130,183,1082,2,36000,1.16913123845
213866,214095,215105,229,1010,2,36000,1.22673267327
213884,214100,215144,216,1044,2,36000,1.20689655172
213885,214133,215179,248,1046,2,36000,1.23709369025
213904,214153,215218,249,1065,2,36000,1.2338028169
213939,214160,215096,221,936,2,36000,1.23611111111
213983,214175,215186,192,1011,2,36000,1.18991097923
213998,217486,226411,3488,8925,2,43200,1.39081232493
214028,214182,215270,154,1088,2,36000,1.14154411765
214044,214198,215204,154,1006,2,36000,1.15308151093
214084,214213,215187,129,974,2,36000,1.13244353183
214085,214218,215149,133,931,2,36000,1.14285714286
214123,214225,215321,102,1096,2,36000,1.09306569343
214159,214232,215224,73,992,2,36000,1.07358870968
214160,214238,215186,78,948,2,36000,1.08227848101
214180,214252,215339,72,1087,2,36000,1.06623735051
214181,214259,215215,78,956,2,36000,1.08158995816
214198,214264,215230,66,966,2,36000,1.06832298137
214217,214271,215265,54,994,2,36000,1.05432595573
214218,214278,215296,60,1018,2,36000,1.05893909627
214219,214306,215320,87,1014,2,36000,1.08579881657
214221,214313,215360,92,1047,2,36000,1.08787010506
214239,214318,215312,79,994,2,36000,1.07947686117
214240,214325,215332,85,1007,2,36000,1.08440913605
214258,214331,215271,73,940,2,36000,1.07765957447
214260,214337,215304,77,967,2,36000,1.07962771458
214278,214344,215361,66,1017,2,36000,1.06489675516
214279,214350,215306,71,956,2,36000,1.07426778243
214296,214357,215312,61,955,2,36000,1.06387434555
214313,214364,215296,51,932,2,36000,1.05472103004
214314,214370,215434,56,1064,2,36000,1.05263157895
214315,214391,215304,76,913,2,36000,1.08324205915
214317,214399,215413,82,1014,2,36000,1.0808678501
214335,214405,215480,70,1075,2,36000,1.06511627907
214337,214412,215534,75,1122,2,36000,1.06684491979
214340,217520,258007,3180,40487,2,43200,1.07854373009
214353,214423,215562,70,1139,2,36000,1.06145741879
214355,214430,215423,75,993,2,36000,1.07552870091
214356,214437,215330,81,893,2,36000,1.09070548712
214393,214444,215363,51,919,2,36000,1.05549510337
214394,214451,215263,57,812,2,36000,1.07019704433
214396,214458,215540,62,1082,2,36000,1.0573012939
214413,214466,215689,53,1223,2,36000,1.04333605887
214415,214476,215475,61,999,2,36000,1.06106106106
214416,214499,215442,83,943,2,36000,1.08801696713
214436,214532,215536,96,1004,2,36000,1.09561752988
214437,214543,215440,106,897,2,36000,1.11817168339
214438,214588,215588,150,1000,2,36000,1.15
214456,214595,215630,139,1035,2,36000,1.13429951691
214457,214602,215644,145,1042,2,36000,1.13915547025
214459,214607,215480,148,873,2,36000,1.1695303551
214475,214614,215637,139,1023,2,36000,1.13587487781
214491,214621,215600,130,979,2,36000,1.13278855975
214517,214635,215555,118,920,2,36000,1.12826086957
214535,214640,215470,105,830,2,36000,1.1265060241
214589,214647,215523,58,876,2,36000,1.06621004566
214591,214653,215636,62,983,2,36000,1.06307222787
214592,214658,215746,66,1088,2,36000,1.06066176471
214631,214668,215533,37,865,2,36000,1.04277456647
214632,214683,215735,51,1052,2,36000,1.04847908745
214633,214691,215647,58,956,2,36000,1.06066945607
214634,214698,215568,64,870,2,36000,1.07356321839
214636,214722,215639,86,917,2,36000,1.09378407852
214637,214756,215703,119,947,2,36000,1.12565997888
214638,214771,215756,133,985,2,36000,1.13502538071
214640,214776,215736,136,960,2,36000,1.14166666667
214660,214783,215937,123,1154,2,36000,1.10658578856
214676,214788,215815,112,1027,2,36000,1.10905550146
214677,214811,215772,134,961,2,36000,1.13943808533
214696,214818,215849,122,1031,2,36000,1.11833171678
214712,214843,215767,131,924,2,36000,1.14177489177
214755,214848,215835,93,987,2,36000,1.09422492401
214778,214862,215936,84,1074,2,36000,1.0782122905
214779,214877,215851,98,974,2,36000,1.10061601643
214780,214967,215942,187,975,2,36000,1.19179487179
214782,215190,216037,408,847,2,36000,1.48170011806
214801,215216,216229,415,1013,2,36000,1.40967423495
214840,215227,216357,387,1130,2,36000,1.34247787611
214842,215234,216207,392,973,2,36000,1.40287769784
214843,215243,216098,400,855,2,36000,1.46783625731
214863,215276,216366,413,1090,2,36000,1.37889908257
214879,215283,216170,404,887,2,36000,1.45546786922
214881,215288,216329,407,1041,2,36000,1.39097022094
214950,215307,216230,357,923,2,36000,1.38678223185
214966,215313,216179,347,866,2,36000,1.40069284065
215080,215320,216271,240,951,2,36000,1.2523659306
215097,215325,216215,228,890,2,36000,1.25617977528
215113,215332,216238,219,906,2,36000,1.2417218543
215132,215337,216319,205,982,2,36000,1.20875763747
215149,215345,216247,196,902,2,36000,1.21729490022
215166,215350,216443,184,1093,2,36000,1.16834400732
215183,215358,216284,175,926,2,36000,1.18898488121
215201,215375,216378,174,1003,2,36000,1.17347956132
215203,215383,216457,180,1074,2,36000,1.16759776536
215204,215406,216360,202,954,2,36000,1.21174004193
215222,215411,216478,189,1067,2,36000,1.1771321462
215223,215417,216461,194,1044,2,36000,1.18582375479
215225,215422,216328,197,906,2,36000,1.2174392936
215241,215427,216400,186,973,2,36000,1.19116135663
215242,215432,216394,190,962,2,36000,1.19750519751
215266,215437,216417,171,980,2,36000,1.17448979592
215267,215443,216429,176,986,2,36000,1.1784989858
215303,215448,216475,145,1027,2,36000,1.141187926
215305,215453,216449,148,996,2,36000,1.14859437751
215306,215458,216240,152,782,2,36000,1.19437340153
215307,215463,216557,156,1094,2,36000,1.14259597806
215330,215469,216398,139,929,2,36000,1.14962325081
215331,215474,216478,143,1004,2,36000,1.14243027888
215332,215479,216622,147,1143,2,36000,1.12860892388
215334,215484,216595,150,1111,2,36000,1.13501350135
215335,215502,216372,167,870,2,36000,1.19195402299
215336,215507,216479,171,972,2,36000,1.17592592593
215338,215516,216504,178,988,2,36000,1.18016194332
215339,215521,216411,182,890,2,36000,1.20449438202
215349,215401,216590,52,1189,2,36000,1.04373423045
215358,215527,216554,169,1027,2,36000,1.16455696203
215360,215532,216709,172,1177,2,36000,1.14613423959
215379,215537,216538,158,1001,2,36000,1.15784215784
215380,215542,216593,162,1051,2,36000,1.15413891532
215381,215549,216516,168,967,2,36000,1.17373319545
215416,215497,216542,81,1045,2,36000,1.07751196172
215434,215554,216560,120,1006,2,36000,1.11928429423
215435,215560,216620,125,1060,2,36000,1.1179245283
215441,215492,215504,51,12,12,540000,5.25
215453,215565,216470,112,905,2,36000,1.12375690608
215455,215571,216560,116,989,2,36000,1.11729019211
215471,215577,216605,106,1028,2,36000,1.10311284047
215488,215583,216625,95,1042,2,36000,1.09117082534
215489,215600,216551,111,951,2,36000,1.1167192429
215490,215611,216608,121,997,2,36000,1.12136409228
215534,215647,216610,113,963,2,36000,1.11734164071
215552,215653,216667,101,1014,2,36000,1.09960552268
215554,215660,216597,106,937,2,36000,1.11312700107
215555,215665,216726,110,1061,2,36000,1.10367577757
215556,215714,216747,158,1033,2,36000,1.15295256534
215573,215747,216834,174,1087,2,36000,1.16007359706
215575,215752,216770,177,1018,2,36000,1.17387033399
215576,215759,216749,183,990,2,36000,1.18484848485
215577,216430,221328,853,4898,12,540000,1.17415271539
215592,215767,216760,175,993,2,36000,1.17623363545
215608,215778,216825,170,1047,2,36000,1.1623686724
215632,215785,216710,153,925,2,36000,1.16540540541
215650,215827,216797,177,970,2,36000,1.1824742268
215652,215846,216820,194,974,2,36000,1.19917864476
215653,215860,216989,207,1129,2,36000,1.18334809566
215654,215866,216914,212,1048,2,36000,1.20229007634
215655,215947,216888,292,941,2,36000,1.31030818278
215691,215954,216902,263,948,2,36000,1.27742616034
215692,215700,279841,8,64141,2,108000,1.00012472521
215706,215959,216932,253,973,2,36000,1.26002055498
215766,216049,217023,283,974,2,36000,1.29055441478
215767,216109,216996,342,887,2,36000,1.38556933484
215769,216181,217117,412,936,2,36000,1.44017094017
215770,216190,217046,420,856,2,36000,1.49065420561
215788,216219,217250,431,1031,2,36000,1.41804073715
215790,216227,217442,437,1215,2,36000,1.35967078189
215816,216241,217187,425,946,2,36000,1.44926004228
215837,216247,217244,410,997,2,36000,1.4112337011
215854,216259,217110,405,851,2,36000,1.4759106933
215855,216266,217100,411,834,2,36000,1.4928057554
215937,216282,217214,345,932,2,36000,1.37017167382
215938,216295,217324,357,1029,2,36000,1.34693877551
215955,216331,217465,376,1134,2,36000,1.3315696649
216008,216254,289451,246,73197,2,108000,1.00336079348
216058,216064,217891,6,1827,1,1800,1.00328407225
216063,216340,217289,277,949,2,36000,1.291886196
216099,216345,217322,246,977,2,36000,1.25179119754
216174,216372,217323,198,951,2,36000,1.20820189274
216196,216377,217414,181,1037,2,36000,1.17454194793
216230,216383,217469,153,1086,2,36000,1.1408839779
216232,216388,217321,156,933,2,36000,1.16720257235
216233,216395,217268,162,873,2,36000,1.18556701031
216252,216405,217380,153,975,2,36000,1.15692307692
216253,216435,217472,182,1037,2,36000,1.17550626808
216254,216442,217504,188,1062,2,36000,1.17702448211
216256,216454,217407,198,953,2,36000,1.20776495278
216272,216461,217367,189,906,2,36000,1.20860927152
216287,216469,217402,182,933,2,36000,1.19506966774
216322,216475,217475,153,1000,2,36000,1.153
216339,216482,217385,143,903,2,36000,1.15836101883
216340,216489,217586,149,1097,2,36000,1.13582497721
216361,216494,217435,133,941,2,36000,1.14133900106
216362,216499,217634,137,1135,2,36000,1.12070484581
216380,216506,217400,126,894,2,36000,1.14093959732
216381,216515,217394,134,879,2,36000,1.15244596132
216382,216527,217643,145,1116,2,36000,1.12992831541
216399,216549,217457,150,908,2,36000,1.16519823789
216400,216556,217491,156,935,2,36000,1.16684491979
216402,216563,217726,161,1163,2,36000,1.13843508169
216427,216570,217491,143,921,2,36000,1.1552660152
216429,216576,217486,147,910,2,36000,1.16153846154
216470,216582,217420,112,838,2,36000,1.13365155131
216472,216588,217624,116,1036,2,36000,1.11196911197
216474,216601,217560,127,959,2,36000,1.13242961418
216475,216607,217607,132,1000,2,36000,1.132
216476,216612,217554,136,942,2,36000,1.14437367304
216495,216619,217553,124,934,2,36000,1.13276231263
216496,216624,217580,128,956,2,36000,1.13389121339
216498,216630,217665,132,1035,2,36000,1.12753623188
216499,216636,217573,137,937,2,36000,1.1462113127
216500,216642,217516,142,874,2,36000,1.16247139588
216519,216647,217720,128,1073,2,36000,1.1192917055
216520,216652,217749,132,1097,2,36000,1.12032816773
216540,216679,217707,139,1028,2,36000,1.13521400778
216558,216720,217717,162,997,2,36000,1.16248746239
216559,216727,217725,168,998,2,36000,1.16833667335
216560,216737,217728,177,991,2,36000,1.1786074672
216562,216758,217735,196,977,2,36000,1.20061412487
216580,216765,217745,185,980,2,36000,1.1887755102
216581,216772,217811,191,1039,2,36000,1.18383060635
216599,216781,217811,182,1030,2,36000,1.17669902913
216600,216808,217881,208,1073,2,36000,1.19384902144
216602,216831,217852,229,1021,2,36000,1.22428991185
216620,216838,217823,218,985,2,36000,1.22131979695
216621,216845,217878,224,1033,2,36000,1.21684414327
216622,216899,217815,277,916,2,36000,1.30240174672
216624,216913,217887,289,974,2,36000,1.29671457906
216641,216925,217851,284,926,2,36000,1.30669546436
216642,216943,217873,301,930,2,36000,1.32365591398
216705,217000,217994,295,994,2,36000,1.2967806841
216997,217006,217992,9,986,2,36000,1.00912778905
216998,217035,218129,37,1094,2,36000,1.03382084095
217025,217057,218154,32,1097,2,36000,1.0291704649
217048,217112,217884,64,772,2,36000,1.0829015544
217102,217121,218046,19,925,2,36000,1.02054054054
217118,217129,218047,11,918,2,36000,1.01198257081
217120,217198,218161,78,963,2,36000,1.08099688474
217188,217225,218167,37,942,2,36000,1.03927813163
217214,217255,218275,41,1020,2,36000,1.04019607843
217244,217262,218192,18,930,2,36000,1.01935483871
217261,217279,218180,18,901,2,36000,1.01997780244
217277,217300,218409,23,1109,2,36000,1.02073940487
217293,217332,218337,39,1005,2,36000,1.03880597015
217325,217338,218252,13,914,2,36000,1.01422319475
217326,217344,218212,18,868,2,36000,1.02073732719
217328,217349,218253,21,904,2,36000,1.0232300885
217329,217385,218386,56,1001,2,36000,1.05594405594
217384,217391,218443,7,1052,2,36000,1.0066539924
217385,217398,218239,13,841,2,36000,1.01545778835
217410,217416,218293,6,877,2,36000,1.00684150513
217411,217422,218458,11,1036,2,36000,1.01061776062
217412,217427,218293,15,866,2,36000,1.01732101617
217414,217434,218393,20,959,2,36000,1.02085505735
217415,217439,218328,24,889,2,36000,1.02699662542
217432,217446,218469,14,1023,2,36000,1.01368523949
217434,217453,218269,19,816,2,36000,1.02328431373
217456,217469,218449,13,980,2,36000,1.01326530612
217457,217476,218497,19,1021,2,36000,1.01860920666
217485,217492,218496,7,1004,2,36000,1.00697211155
217486,217497,218358,11,861,2,36000,1.01277584204
217488,217503,218711,15,1208,2,36000,1.01241721854
217490,217508,218408,18,900,2,36000,1.02
217491,217514,218530,23,1016,2,36000,1.02263779528
217518,217527,218390,9,863,2,36000,1.01042873696
217519,217564,218488,45,924,2,36000,1.0487012987
217521,217571,218632,50,1061,2,36000,1.04712535344
217522,217576,218473,54,897,2,36000,1.0602006689
217523,217585,218389,62,804,2,36000,1.07711442786
217557,217592,218710,35,1118,2,36000,1.0313059034
217558,217598,218615,40,1017,2,36000,1.03933136676
217575,217619,218623,44,1004,2,36000,1.0438247012
217576,217635,218767,59,1132,2,36000,1.05212014134
217592,217646,218770,54,1124,2,36000,1.04804270463
217593,217655,218715,62,1060,2,36000,1.05849056604
217619,217676,218635,57,959,2,36000,1.05943691345
217641,217719,218765,78,1046,2,36000,1.07456978967
217643,217729,218625,86,896,2,36000,1.09598214286
217660,217736,218693,76,957,2,36000,1.07941483804
217677,217741,218984,64,1243,2,36000,1.05148833467
217709,217748,218732,39,984,2,36000,1.03963414634
217727,217753,218590,26,837,2,36000,1.03106332139
217728,217759,218716,31,957,2,36000,1.03239289446
217729,217765,218731,36,966,2,36000,1.03726708075
217731,217771,218716,40,945,2,36000,1.04232804233
217752,217822,218824,70,1002,2,36000,1.06986027944
217753,217827,218762,74,935,2,36000,1.07914438503
217755,217834,218903,79,1069,2,36000,1.07390084191
217756,217840,218760,84,920,2,36000,1.09130434783
217812,217863,218884,51,1021,2,36000,1.0499510284
217814,217869,218827,55,958,2,36000,1.05741127349
217830,217885,218821,55,936,2,36000,1.05876068376
217832,217891,218734,59,843,2,36000,1.0699881376
217882,217898,218794,16,896,2,36000,1.01785714286
217884,217903,218827,19,924,2,36000,1.02056277056
217886,217908,218895,22,987,2,36000,1.02228976697
217887,218002,218983,115,981,2,36000,1.11722731906
217888,218009,218936,121,927,2,36000,1.13052858684
217927,218058,218940,131,882,2,36000,1.1485260771
217928,218063,218977,135,914,2,36000,1.147702407
217995,218140,219095,145,955,2,36000,1.15183246073
217996,218165,219261,169,1096,2,36000,1.15419708029
218048,218172,219048,124,876,2,36000,1.14155251142
218050,218178,219231,128,1053,2,36000,1.12155745489
218132,218191,219163,59,972,2,36000,1.06069958848
218155,218203,219239,48,1036,2,36000,1.04633204633
218171,218223,219300,52,1077,2,36000,1.04828226555
218172,218251,219226,79,975,2,36000,1.08102564103
218189,218263,219220,74,957,2,36000,1.07732497388
218190,218270,219274,80,1004,2,36000,1.0796812749
218214,218280,219151,66,871,2,36000,1.0757749713
218241,218289,219279,48,990,2,36000,1.04848484848
218258,218305,219362,47,1057,2,36000,1.04446546831
218259,218310,219378,51,1068,2,36000,1.04775280899
218275,218342,219401,67,1059,2,36000,1.06326723324
218277,218349,219434,72,1085,2,36000,1.066359447
218296,218370,219363,74,993,2,36000,1.07452165156
218298,218397,219408,99,1011,2,36000,1.09792284866
218329,218404,219292,75,888,2,36000,1.08445945946
218348,218410,219357,62,947,2,36000,1.06546990496
218368,218415,219566,47,1151,2,36000,1.04083405734
218389,218421,219352,32,931,2,36000,1.03437164339
218391,218426,219390,35,964,2,36000,1.03630705394
218392,218454,219294,62,840,2,36000,1.07380952381
218407,218461,219484,54,1023,2,36000,1.05278592375
218424,218470,219409,46,939,2,36000,1.04898828541
218426,218481,219374,55,893,2,36000,1.06159014558
218442,218488,219480,46,992,2,36000,1.04637096774
218451,219006,219007,555,1,1,60,55.6
218459,218499,219386,40,887,2,36000,1.04509582864
218460,218507,219503,47,996,2,36000,1.04718875502
218477,218514,219474,37,960,2,36000,1.03854166667
218478,218541,219562,63,1021,2,36000,1.06170421156
218494,218601,219677,107,1076,2,36000,1.09944237918
218512,218626,219595,114,969,2,36000,1.11764705882
218513,218635,219805,122,1170,2,36000,1.10427350427
218533,218642,219599,109,957,2,36000,1.11389759666
218598,218649,219714,51,1065,2,36000,1.04788732394
218617,218655,219473,38,818,2,36000,1.04645476773
218634,218704,219904,70,1200,2,36000,1.05833333333
218635,218722,219760,87,1038,2,36000,1.0838150289
218636,218728,219697,92,969,2,36000,1.09494324045
218655,218734,219555,79,821,2,36000,1.09622411693
218697,218740,219797,43,1057,2,36000,1.04068117313
218713,218745,219815,32,1070,2,36000,1.02990654206
218715,218751,220247,36,1496,2,36000,1.02406417112
218732,218757,220128,25,1371,2,36000,1.01823486506
218733,218762,219715,29,953,2,36000,1.03043022036
218735,218771,219636,36,865,2,36000,1.04161849711
218736,218777,219696,41,919,2,36000,1.04461371055
218737,218782,219785,45,1003,2,36000,1.04486540379
218757,218789,219791,32,1002,2,36000,1.03193612774
218776,218795,219746,19,951,2,36000,1.01997896951
218777,218806,219836,29,1030,2,36000,1.02815533981
218778,218832,219925,54,1093,2,36000,1.0494053065
218780,218839,219752,59,913,2,36000,1.06462212486
218781,218845,219801,64,956,2,36000,1.06694560669
218820,218850,219720,30,870,2,36000,1.03448275862
218841,218896,220044,55,1148,2,36000,1.04790940767
218842,218906,219981,64,1075,2,36000,1.05953488372
218844,218948,220144,104,1196,2,36000,1.08695652174
218845,218954,219950,109,996,2,36000,1.109437751
218885,218959,219932,74,973,2,36000,1.07605344296
218902,218988,219960,86,972,2,36000,1.08847736626
218903,218995,219891,92,896,2,36000,1.10267857143
218905,218915,234568,10,15653,2,36000,1.00063885517
218939,219000,219941,61,941,2,36000,1.06482465462
218956,219059,220147,103,1088,2,36000,1.09466911765
218969,219231,223676,262,4445,2,21600,1.05894263217
218980,219106,220153,126,1047,2,36000,1.12034383954
218996,219163,220162,167,999,2,36000,1.16716716717
218997,219174,220069,177,895,2,36000,1.19776536313
219019,219238,226331,219,7093,2,36000,1.03087551107
219055,219245,220185,190,940,2,36000,1.20212765957
219098,219251,220204,153,953,2,36000,1.16054564533
219154,219272,220064,118,792,2,36000,1.14898989899
219170,219286,220338,116,1052,2,36000,1.1102661597
219223,219293,220312,70,1019,2,36000,1.06869479882
219241,219303,220257,62,954,2,36000,1.06498951782
219242,219309,220190,67,881,2,36000,1.07604994325
219244,219315,220348,71,1033,2,36000,1.06873184898
219260,219363,220419,103,1056,2,36000,1.09753787879
219296,219370,220302,74,932,2,36000,1.07939914163
219298,219376,220492,78,1116,2,36000,1.06989247312
219299,219381,220545,82,1164,2,36000,1.0704467354
219324,219388,220487,64,1099,2,36000,1.05823475887
219325,219394,220341,69,947,2,36000,1.07286166843
219364,219401,220305,37,904,2,36000,1.04092920354
219365,219406,220371,41,965,2,36000,1.04248704663
219367,219413,220389,46,976,2,36000,1.04713114754
219368,219419,220522,51,1103,2,36000,1.046237534
219388,219426,220571,38,1145,2,36000,1.03318777293
219389,219446,220321,57,875,2,36000,1.06514285714
219390,219485,220382,95,897,2,36000,1.10590858417
219409,219490,220475,81,985,2,36000,1.08223350254
219410,219497,220349,87,852,2,36000,1.10211267606
219412,219502,220576,90,1074,2,36000,1.08379888268
219413,219514,220434,101,920,2,36000,1.1097826087
219438,219567,220493,129,926,2,36000,1.13930885529
219476,219573,220627,97,1054,2,36000,1.09203036053
219477,219580,220611,103,1031,2,36000,1.09990300679
219494,219607,220619,113,1012,2,36000,1.11166007905
219495,219614,220564,119,950,2,36000,1.12526315789
219511,219647,220613,136,966,2,36000,1.14078674948
219567,219688,220657,121,969,2,36000,1.12487100103
219569,219707,220689,138,982,2,36000,1.14052953157
219570,219714,220726,144,1012,2,36000,1.14229249012
219597,219725,220665,128,940,2,36000,1.13617021277
219614,219731,220594,117,863,2,36000,1.13557358053
219637,219737,220773,100,1036,2,36000,1.09652509653
219678,219758,220674,80,916,2,36000,1.08733624454
219699,219766,220807,67,1041,2,36000,1.06436119116
219700,219772,220844,72,1072,2,36000,1.0671641791
219717,219796,220663,79,867,2,36000,1.09111880046
219718,219804,220755,86,951,2,36000,1.09043112513
219735,219811,220768,76,957,2,36000,1.07941483804
219750,219818,220864,68,1046,2,36000,1.06500956023
219791,219823,220963,32,1140,2,36000,1.02807017544
219793,219830,220723,37,893,2,36000,1.04143337066
219794,219848,220831,54,983,2,36000,1.05493387589
219816,219902,220978,86,1076,2,36000,1.07992565056
219817,219916,220950,99,1034,2,36000,1.09574468085
219818,219936,220805,118,869,2,36000,1.13578826237
219820,219943,220846,123,903,2,36000,1.13621262458
219821,219952,220936,131,984,2,36000,1.1331300813
219838,219962,220824,124,862,2,36000,1.14385150812
219889,219971,220877,82,906,2,36000,1.09050772627
219906,219992,220885,86,893,2,36000,1.09630459127
219927,220055,220984,128,929,2,36000,1.13778256189
219944,220075,221111,131,1036,2,36000,1.12644787645
219945,220082,220968,137,886,2,36000,1.1546275395
219962,220139,221161,177,1022,2,36000,1.17318982387
219963,220155,221263,192,1108,2,36000,1.17328519856
219982,220161,221209,179,1048,2,36000,1.17080152672
220044,220168,221074,124,906,2,36000,1.13686534216
220066,220174,221117,108,943,2,36000,1.1145281018
220082,220196,221172,114,976,2,36000,1.11680327869
220128,220203,221251,75,1048,2,36000,1.0715648855
220147,220215,221319,68,1104,2,36000,1.0615942029
220148,220258,221187,110,929,2,36000,1.11840688913
220164,220269,221236,105,967,2,36000,1.10858324716
220166,220313,221417,147,1104,2,36000,1.13315217391
220184,220319,221374,135,1055,2,36000,1.12796208531
220199,220326,221227,127,901,2,36000,1.14095449501
220215,220333,221217,118,884,2,36000,1.1334841629
220248,220349,221253,101,904,2,36000,1.11172566372
220264,220356,221298,92,942,2,36000,1.09766454352
220304,220362,221252,58,890,2,36000,1.06516853933
220320,220367,221402,47,1035,2,36000,1.04541062802
220321,220382,221322,61,940,2,36000,1.06489361702
220337,220393,221406,56,1013,2,36000,1.05528134255
220354,220399,221288,45,889,2,36000,1.05061867267
220355,220430,221413,75,983,2,36000,1.07629704985
220356,220445,221467,89,1022,2,36000,1.08708414873
220358,220486,221476,128,990,2,36000,1.12929292929
220373,220498,221545,125,1047,2,36000,1.1193887297
220388,220505,221467,117,962,2,36000,1.12162162162
220389,220510,221604,121,1094,2,36000,1.11060329068
220418,220533,221542,115,1009,2,36000,1.11397423191
220436,220556,221605,120,1049,2,36000,1.11439466158
220477,220576,221496,99,920,2,36000,1.10760869565
220493,220583,221648,90,1065,2,36000,1.08450704225
220494,220590,221660,96,1070,2,36000,1.08971962617
220495,220605,221620,110,1015,2,36000,1.10837438424
220501,220682,224028,181,3346,4,1800,1.05409444112
220524,220622,221567,98,945,2,36000,1.1037037037
220546,220629,221674,83,1045,2,36000,1.07942583732
220564,220639,221776,75,1137,2,36000,1.06596306069
220581,220668,221522,87,854,2,36000,1.1018735363
220582,220675,221633,93,958,2,36000,1.09707724426
220597,220689,221662,92,973,2,36000,1.09455292909
220620,220700,221644,80,944,2,36000,1.08474576271
220622,220734,221792,112,1058,2,36000,1.10586011342
220623,220741,221665,118,924,2,36000,1.12770562771
220640,220766,221870,126,1104,2,36000,1.11413043478
220659,220779,222062,120,1283,2,36000,1.09353078722
220675,220785,222066,110,1281,2,36000,1.08587041374
220676,220817,222061,141,1244,2,36000,1.11334405145
220678,220824,221734,146,910,2,36000,1.16043956044
220693,220836,221844,143,1008,2,36000,1.14186507937
220725,220843,221762,118,919,2,36000,1.12840043526
220741,220856,222063,115,1207,2,36000,1.09527754764
220757,220863,221852,106,989,2,36000,1.10717896866
220773,220875,221889,102,1014,2,36000,1.10059171598
220774,220888,221876,114,988,2,36000,1.11538461538
220808,220896,221896,88,1000,2,36000,1.088
220809,220948,222065,139,1117,2,36000,1.12444046553
220833,220962,222067,129,1105,2,36000,1.11674208145
220834,220974,222068,140,1094,2,36000,1.12797074954
220851,220981,222059,130,1078,2,36000,1.12059369202
220852,220989,222060,137,1071,2,36000,1.1279178338
220867,220996,222056,129,1060,2,36000,1.12169811321
220882,221085,222092,203,1007,2,36000,1.20158887786
220897,221122,222074,225,952,2,36000,1.23634453782
220912,221129,222064,217,935,2,36000,1.2320855615
220943,221173,222204,230,1031,2,36000,1.22308438409
220958,221189,222228,231,1039,2,36000,1.22232916266
220974,221220,222259,246,1039,2,36000,1.23676612127
220989,221228,222242,239,1014,2,36000,1.23570019724
220991,221238,222092,247,854,2,36000,1.28922716628
221075,221248,222180,173,932,2,36000,1.1856223176
221111,221262,222356,151,1094,2,36000,1.13802559415
221126,221269,222347,143,1078,2,36000,1.13265306122
221159,221183,221318,24,135,1,120,1.17777777778
221164,221275,222308,111,1033,2,36000,1.10745401742
221168,221198,221347,30,149,1,120,1.20134228188
221179,221281,222365,102,1084,2,36000,1.09409594096
221194,221299,222216,105,917,2,36000,1.11450381679
221209,221309,222211,100,902,2,36000,1.11086474501
221224,221329,222221,105,892,2,36000,1.11771300448
221240,221336,222303,96,967,2,36000,1.09927611169
221241,221341,222219,100,878,2,36000,1.1138952164
221258,221413,222375,155,962,2,36000,1.16112266112
221260,221418,222364,158,946,2,36000,1.16701902748
221261,221425,222346,164,921,2,36000,1.17806731813
221277,221431,222508,154,1077,2,36000,1.14298978644
221293,221437,222364,144,927,2,36000,1.15533980583
221309,221454,222440,145,986,2,36000,1.14705882353
221326,221478,222416,152,938,2,36000,1.16204690832
221327,221483,222458,156,975,2,36000,1.16
221340,221385,221402,45,17,2,108000,3.64705882353
221375,221491,222558,116,1067,2,36000,1.10871602624
221390,221533,222413,143,880,2,36000,1.1625
221407,221540,222492,133,952,2,36000,1.13970588235
221422,221615,222788,193,1173,2,36000,1.16453537937
221424,221622,222670,198,1048,2,36000,1.18893129771
221468,221631,222707,163,1076,2,36000,1.15148698885
221469,221645,222571,176,926,2,36000,1.19006479482
221474,221508,221524,34,16,1,600,3.125
221476,221513,221531,37,18,1,600,3.05555555556
221485,221656,222739,171,1083,2,36000,1.15789473684
221500,221663,222777,163,1114,2,36000,1.14631956912
221522,221674,222873,152,1199,2,36000,1.12677231026
221543,221681,222808,138,1127,2,36000,1.12244897959
221545,222253,343802,708,121549,16,540000,1.00582481139
221558,221688,222716,130,1028,2,36000,1.12645914397
221573,221745,222776,172,1031,2,36000,1.16682832202
221605,221773,222869,168,1096,2,36000,1.15328467153
221606,221787,222627,181,840,2,36000,1.21547619048
221621,221803,222868,182,1065,2,36000,1.17089201878
221636,221856,222999,220,1143,2,36000,1.19247594051
221653,221864,222779,211,915,2,36000,1.2306010929
221654,221881,222938,227,1057,2,36000,1.21475875118
221671,221888,222939,217,1051,2,36000,1.20647002854
221672,221900,223016,228,1116,2,36000,1.20430107527
221673,221907,222988,234,1081,2,36000,1.21646623497
221687,221695,222050,8,355,1,600,1.02253521127
221688,222067,223120,379,1053,2,36000,1.35992402659
221735,222074,223070,339,996,2,36000,1.34036144578
221763,222079,223110,316,1031,2,36000,1.3064985451
221778,222084,223130,306,1046,2,36000,1.29254302103
221794,222089,223056,295,967,2,36000,1.3050672182
221847,222097,223203,250,1106,2,36000,1.226039783
221863,222102,223084,239,982,2,36000,1.2433808554
221878,222107,223124,229,1017,2,36000,1.22517207473
221880,222112,223252,232,1140,2,36000,1.20350877193
221895,222117,223111,222,994,2,36000,1.22334004024
221910,222123,223113,213,990,2,36000,1.21515151515
222061,222128,223135,67,1007,2,36000,1.06653426018
222062,222134,223033,72,899,2,36000,1.08008898776
222064,222140,223257,76,1117,2,36000,1.06803939123
222065,222191,223347,126,1156,2,36000,1.10899653979
222066,222224,223089,158,865,2,36000,1.18265895954
222068,222230,223326,162,1096,2,36000,1.14781021898
222069,222237,223184,168,947,2,36000,1.17740232313
222070,222242,223129,172,887,2,36000,1.19391206313
222072,222247,223253,175,1006,2,36000,1.17395626243
222073,222258,223286,185,1028,2,36000,1.17996108949
222074,222264,223255,190,991,2,36000,1.19172552977
222100,222269,223488,169,1219,2,36000,1.13863822806
222101,222276,223251,175,975,2,36000,1.17948717949
222103,222314,223254,211,940,2,36000,1.22446808511
222182,222320,223298,138,978,2,36000,1.14110429448
222199,222205,222556,6,351,1,600,1.01709401709
222201,222212,222564,11,352,1,600,1.03125
222203,222218,222569,15,351,1,600,1.04273504274
222205,222359,223299,154,940,2,36000,1.16382978723
222223,222364,223219,141,855,2,36000,1.1649122807
222224,222371,223232,147,861,2,36000,1.17073170732
222226,222378,223301,152,923,2,36000,1.16468039003
222227,222384,223417,157,1033,2,36000,1.15198451113
222243,222389,223421,146,1032,2,36000,1.14147286822
222245,222395,223296,150,901,2,36000,1.16648168701
222260,222425,223372,165,947,2,36000,1.1742344245
222292,222464,223431,172,967,2,36000,1.1778697001
222308,222471,223404,163,933,2,36000,1.17470525188
222350,222503,223584,153,1081,2,36000,1.14153561517
222351,222520,223563,169,1043,2,36000,1.16203259827
222367,222571,223613,204,1042,2,36000,1.19577735125
222369,222578,223556,209,978,2,36000,1.21370143149
222370,222585,223621,215,1036,2,36000,1.20752895753
222371,222638,223693,267,1055,2,36000,1.25308056872
222388,222684,223722,296,1038,2,36000,1.28516377649
222421,222432,330450,11,108018,2,108000,1.00010183488
222428,222718,223846,290,1128,2,36000,1.25709219858
222429,222727,223855,298,1128,2,36000,1.26418439716
222442,222451,222452,9,1,2,3600,1.0
222448,222750,223803,302,1053,2,36000,1.28679962013
222463,222787,223755,324,968,2,36000,1.3347107438
222494,222794,223899,300,1105,2,36000,1.27149321267
222510,222799,223697,289,898,2,36000,1.32182628062
222560,222806,223714,246,908,2,36000,1.27092511013
222585,222817,223779,232,962,2,36000,1.24116424116
222623,222823,223983,200,1160,2,36000,1.1724137931
222670,222863,223830,193,967,2,36000,1.19958634953
222707,222879,223899,172,1020,2,36000,1.16862745098
222722,222885,223843,163,958,2,36000,1.17014613779
222737,222890,223799,153,909,2,36000,1.16831683168
222774,222949,223981,175,1032,2,36000,1.16957364341
222791,222956,224025,165,1069,2,36000,1.15434985968
222792,222999,223851,207,852,2,36000,1.24295774648
222793,223027,223966,234,939,2,36000,1.24920127796
222809,223045,224006,236,961,2,36000,1.24557752341
222858,223067,224103,209,1036,2,36000,1.20173745174
222860,223082,224104,222,1022,2,36000,1.21722113503
222875,223095,224138,220,1043,2,36000,1.21093000959
222986,223010,331048,24,108038,2,108000,1.00022214406
223117,223124,224095,7,971,2,36000,1.00720906282
223118,223130,224280,12,1150,2,36000,1.01043478261
223119,223136,224241,17,1105,2,36000,1.01538461538
223136,223142,224169,6,1027,2,36000,1.00584225901
223137,223148,224029,11,881,2,36000,1.01248581158
223139,223153,224338,14,1185,2,36000,1.01181434599
223140,223158,224339,18,1181,2,36000,1.01524132091
223141,223164,224128,23,964,2,36000,1.02385892116
223185,223191,224245,6,1054,2,36000,1.00569259962
223200,223206,224164,6,958,2,36000,1.00626304802
223222,223228,224185,6,957,2,36000,1.00626959248
223237,223243,224239,6,996,2,36000,1.00602409639
223238,223249,224242,11,993,2,36000,1.0110775428
223255,223263,224192,8,929,2,36000,1.00861141012
223256,223268,224225,12,957,2,36000,1.01253918495
223257,223275,224199,18,924,2,36000,1.01948051948
223259,223281,224224,22,943,2,36000,1.02332979852
223274,223287,224288,13,1001,2,36000,1.01298701299
223290,223296,224367,6,1071,2,36000,1.0056022409
223306,223312,224230,6,918,2,36000,1.00653594771
223307,223318,224287,11,969,2,36000,1.01135190918
223308,223323,224265,15,942,2,36000,1.01592356688
223310,223329,224286,19,957,2,36000,1.01985370951
223328,223335,224333,7,998,2,36000,1.00701402806
223346,223353,224214,7,861,2,36000,1.0081300813
223374,223380,224560,6,1180,2,36000,1.00508474576
223405,223411,224422,6,1011,2,36000,1.0059347181
223420,223427,224385,7,958,2,36000,1.00730688935
223422,223433,224469,11,1036,2,36000,1.01061776062
223439,223445,224426,6,981,2,36000,1.00611620795
223489,223495,224387,6,892,2,36000,1.0067264574
223529,223688,223709,159,21,2,60,8.57142857143
223529,223633,223639,104,6,1,60,11.0
223530,223922,223949,392,27,2,60,15.5185185185
223530,223854,223903,324,49,4,60,7.61224489796
223530,223721,223725,191,4,1,60,19.5
223557,223563,224588,6,1025,2,36000,1.00585365854
223572,223579,224566,7,987,2,36000,1.00709219858
223588,223594,224673,6,1079,2,36000,1.00556070436
223613,223619,224580,6,961,2,36000,1.00624349636
223628,223639,224458,11,819,2,36000,1.01343101343
223693,223701,224715,8,1014,2,36000,1.00788954635
223708,223715,224635,7,920,2,36000,1.00760869565
223724,223731,224727,7,996,2,36000,1.00702811245
223726,223736,224812,10,1076,2,36000,1.0092936803
223758,223764,224785,6,1021,2,36000,1.00587659158
223780,223786,224778,6,992,2,36000,1.0060483871
223802,223808,224813,6,1005,2,36000,1.00597014925
223803,223814,224808,11,994,2,36000,1.01106639839
223834,223840,224843,6,1003,2,36000,1.00598205384
223853,223860,224791,7,931,2,36000,1.00751879699
223854,223865,224887,11,1022,2,36000,1.01076320939
223855,223871,224797,16,926,2,36000,1.01727861771
223879,223885,224934,6,1049,2,36000,1.00571973308
223897,223910,224870,13,960,2,36000,1.01354166667
223898,223916,224924,18,1008,2,36000,1.01785714286
223955,223961,332004,6,108043,2,108000,1.00005553345
223967,223973,224850,6,877,2,36000,1.00684150513
223984,223990,224989,6,999,2,36000,1.00600600601
223985,223996,225117,11,1121,2,36000,1.00981266726
224026,224032,224988,6,956,2,36000,1.00627615063
224027,224038,224972,11,934,2,36000,1.01177730193
224029,224043,225051,14,1008,2,36000,1.01388888889
224101,224107,225049,6,942,2,36000,1.00636942675
224119,224125,225056,6,931,2,36000,1.00644468314
224120,224131,224960,11,829,2,36000,1.01326899879
224138,224144,225135,6,991,2,36000,1.00605449041
224139,224150,225166,11,1016,2,36000,1.01082677165
224166,224173,225143,7,970,2,36000,1.00721649485
224185,224191,225007,6,816,2,36000,1.00735294118
224186,224197,225089,11,892,2,36000,1.01233183857
224204,224210,225266,6,1056,2,36000,1.00568181818
224205,224216,225241,11,1025,2,36000,1.01073170732
224222,224228,225181,6,953,2,36000,1.00629590766
224243,224249,225394,6,1145,2,36000,1.00524017467
224244,224255,225239,11,984,2,36000,1.01117886179
224246,224260,225119,14,859,2,36000,1.01629802095
224247,224266,225279,19,1013,2,36000,1.01875616979
224248,224271,225259,23,988,2,36000,1.02327935223
224250,224276,225131,26,855,2,36000,1.03040935673
224271,224282,225316,11,1034,2,36000,1.01063829787
224272,224288,225231,16,943,2,36000,1.01696712619
224295,224301,225338,6,1037,2,36000,1.00578592093
224296,224307,225344,11,1037,2,36000,1.0106075217
224298,224312,225310,14,998,2,36000,1.01402805611
224299,224317,225208,18,891,2,36000,1.0202020202
224335,224341,225369,6,1028,2,36000,1.00583657588
224354,224360,225326,6,966,2,36000,1.00621118012
224356,224366,225338,10,972,2,36000,1.01028806584
224357,224371,225295,14,924,2,36000,1.01515151515
224384,224402,226232,18,1830,1,1800,1.00983606557
224390,224396,225406,6,1010,2,36000,1.00594059406
224391,224407,225394,16,987,2,36000,1.01621073961
224424,224430,225240,6,810,2,36000,1.00740740741
224441,224447,225522,6,1075,2,36000,1.00558139535
224459,224465,225598,6,1133,2,36000,1.0052956752
224477,224484,225480,7,996,2,36000,1.00702811245
224561,224567,225659,6,1092,2,36000,1.00549450549
224579,224585,225605,6,1020,2,36000,1.00588235294
224598,224604,225621,6,1017,2,36000,1.00589970501
224599,224610,225492,11,882,2,36000,1.01247165533
224636,224642,225509,6,867,2,36000,1.00692041522
224677,224683,225746,6,1063,2,36000,1.00564440263
224714,224720,225812,6,1092,2,36000,1.00549450549
224730,224736,225687,6,951,2,36000,1.00630914826
224775,224781,235184,6,10403,2,21600,1.0005767567
224781,224787,225782,6,995,2,36000,1.00603015075
224797,224803,225827,6,1024,2,36000,1.005859375
224798,224809,225906,11,1097,2,36000,1.01002734731
224799,224814,225657,15,843,2,36000,1.01779359431
224816,224822,225805,6,983,2,36000,1.00610376399
224817,224828,225804,11,976,2,36000,1.0112704918
224819,224833,225820,14,987,2,36000,1.01418439716
224844,224850,225868,6,1018,2,36000,1.00589390963
224859,224866,225765,7,899,2,36000,1.00778642937
224875,224881,225847,6,966,2,36000,1.00621118012
224890,224896,225795,6,899,2,36000,1.00667408231
224925,224931,225806,6,875,2,36000,1.00685714286
224941,224946,225813,5,867,2,36000,1.00576701269
224963,224969,225920,6,951,2,36000,1.00630914826
224978,224984,225979,6,995,2,36000,1.00603015075
224995,225001,226092,6,1091,2,36000,1.0054995417
224996,225007,226034,11,1027,2,36000,1.01071080818
225012,225018,226028,6,1010,2,36000,1.00594059406
225043,225049,226105,6,1056,2,36000,1.00568181818
225058,225065,226075,7,1010,2,36000,1.00693069307
225060,225070,225938,10,868,2,36000,1.01152073733
225091,225097,226181,6,1084,2,36000,1.00553505535
225116,225122,225930,6,808,2,36000,1.00742574257
225124,225130,296228,6,71098,2,108000,1.00008439056
225132,225138,226026,6,888,2,36000,1.00675675676
225133,225144,226224,11,1080,2,36000,1.01018518519
225149,225156,226149,7,993,2,36000,1.00704934542
225151,225161,226191,10,1030,2,36000,1.00970873786
225169,225175,226205,6,1030,2,36000,1.00582524272
225184,225191,226257,7,1066,2,36000,1.00656660413
225210,225216,226226,6,1010,2,36000,1.00594059406
225236,225242,226241,6,999,2,36000,1.00600600601
225267,225273,226195,6,922,2,36000,1.00650759219
225268,225279,226253,11,974,2,36000,1.0112936345
225269,225284,226264,15,980,2,36000,1.01530612245
225271,225290,226394,19,1104,2,36000,1.01721014493
225272,225295,226281,23,986,2,36000,1.02332657201
225290,225301,226346,11,1045,2,36000,1.01052631579
225306,225312,226324,6,1012,2,36000,1.00592885375
225323,225330,226232,7,902,2,36000,1.00776053215
225325,225336,226312,11,976,2,36000,1.0112704918
225343,225349,226382,6,1033,2,36000,1.00580832527
225345,225355,226317,10,962,2,36000,1.0103950104
225346,225360,226278,14,918,2,36000,1.01525054466
225367,225374,226326,7,952,2,36000,1.00735294118
225384,225390,226389,6,999,2,36000,1.00600600601
225401,225407,226211,6,804,2,36000,1.00746268657
225402,225413,226255,11,842,2,36000,1.01306413302
225418,225424,226460,6,1036,2,36000,1.00579150579
225428,225493,225504,65,11,1,3600,6.90909090909
225481,225487,226451,6,964,2,36000,1.00622406639
225497,225503,226401,6,898,2,36000,1.00668151448
225513,225519,226432,6,913,2,36000,1.00657174151
225528,225535,226436,7,901,2,36000,1.00776914539
225599,225605,226589,6,984,2,36000,1.00609756098
225614,225620,226619,6,999,2,36000,1.00600600601
225630,225636,226615,6,979,2,36000,1.00612870276
225658,225663,226622,5,959,2,36000,1.00521376434
225673,225680,226625,7,945,2,36000,1.00740740741
225689,225695,226713,6,1018,2,36000,1.00589390963
225745,225751,226914,6,1163,2,36000,1.00515907137
225764,225771,226839,7,1068,2,36000,1.00655430712
225783,225789,226773,6,984,2,36000,1.00609756098
225798,225805,226793,7,988,2,36000,1.00708502024
225815,225821,226912,6,1091,2,36000,1.0054995417
225816,225827,226789,11,962,2,36000,1.01143451143
225818,225832,226808,14,976,2,36000,1.0143442623
225819,225838,226830,19,992,2,36000,1.01915322581
225820,225843,226760,23,917,2,36000,1.02508178844
225836,225849,226856,13,1007,2,36000,1.01290963257
225838,225854,226762,16,908,2,36000,1.01762114537
225853,225860,226840,7,980,2,36000,1.00714285714
225869,225875,226881,6,1006,2,36000,1.00596421471
225873,225964,301897,91,75933,2,108000,1.00119842493
225887,225941,225942,54,1,2,3600,5.5
225907,225913,226833,6,920,2,36000,1.00652173913
225923,225929,226864,6,935,2,36000,1.0064171123
225939,225947,226930,8,983,2,36000,1.00813835198
225940,225952,226934,12,982,2,36000,1.01221995927
225981,225987,227011,6,1024,2,36000,1.005859375
226033,226038,227162,5,1124,2,36000,1.00444839858
226034,226044,226878,10,834,2,36000,1.01199040767
226035,226049,227046,14,997,2,36000,1.01404212638
226083,226089,227173,6,1084,2,36000,1.00553505535
226099,226106,227174,7,1068,2,36000,1.00655430712
226115,226122,227180,7,1058,2,36000,1.00661625709
226149,226155,227061,6,906,2,36000,1.00662251656
226180,226187,227231,7,1044,2,36000,1.00670498084
226197,226203,227100,6,897,2,36000,1.00668896321
226198,226209,227365,11,1156,2,36000,1.00951557093
226215,226221,227309,6,1088,2,36000,1.00551470588
226216,226227,227340,11,1113,2,36000,1.00988319856
226232,226239,227051,7,812,2,36000,1.00862068966
226234,226244,227185,10,941,2,36000,1.01062699256
226235,226250,227274,15,1024,2,36000,1.0146484375
226252,226258,227204,6,946,2,36000,1.00634249471
226268,226274,227298,6,1024,2,36000,1.005859375
226270,226280,227259,10,979,2,36000,1.0102145046
226271,226285,227423,14,1138,2,36000,1.01230228471
226272,226290,227178,18,888,2,36000,1.02027027027
226288,226302,227388,14,1086,2,36000,1.01289134438
226290,226307,227233,17,926,2,36000,1.01835853132
226314,226321,227377,7,1056,2,36000,1.00662878788
226332,226338,227231,6,893,2,36000,1.00671892497
226333,226344,227437,11,1093,2,36000,1.01006404392
226335,226349,227290,14,941,2,36000,1.01487778959
226354,226360,227408,6,1048,2,36000,1.00572519084
226384,226390,227292,6,902,2,36000,1.0066518847
226394,226400,230595,6,4195,2,36000,1.00143027414
226399,226406,227426,7,1020,2,36000,1.0068627451
226401,226411,227373,10,962,2,36000,1.0103950104
226417,226423,227306,6,883,2,36000,1.00679501699
226432,226438,227398,6,960,2,36000,1.00625
226448,226454,227389,6,935,2,36000,1.0064171123
226468,226474,227472,6,998,2,36000,1.00601202405
226469,226480,227422,11,942,2,36000,1.01167728238
226590,226596,227676,6,1080,2,36000,1.00555555556
226616,226622,227510,6,888,2,36000,1.00675675676
226627,226632,229690,5,3058,2,36000,1.00163505559
226632,226639,227538,7,899,2,36000,1.00778642937
226633,226644,227429,11,785,2,36000,1.01401273885
226635,226650,227580,15,930,2,36000,1.01612903226
226714,226720,227740,6,1020,2,36000,1.00588235294
226762,226769,227905,7,1136,2,36000,1.00616197183
226764,226775,227724,11,949,2,36000,1.01159114858
226780,226786,227892,6,1106,2,36000,1.00542495479
226796,226802,227835,6,1033,2,36000,1.00580832527
226797,226808,227792,11,984,2,36000,1.01117886179
226813,226819,227756,6,937,2,36000,1.00640341515
226832,226838,227869,6,1031,2,36000,1.00581959263
226833,226844,227834,11,990,2,36000,1.01111111111
226849,226855,227783,6,928,2,36000,1.00646551724
226851,226861,227828,10,967,2,36000,1.01034126163
226867,226873,227829,6,956,2,36000,1.00627615063
226868,226879,227887,11,1008,2,36000,1.01091269841
226884,226891,227958,7,1067,2,36000,1.00656044986
226886,226897,228022,11,1125,2,36000,1.00977777778
226915,226922,227876,7,954,2,36000,1.00733752621
226917,226928,228252,11,1324,2,36000,1.0083081571
226932,226938,227948,6,1010,2,36000,1.00594059406
226949,226955,227963,6,1008,2,36000,1.00595238095
227013,227020,228063,7,1043,2,36000,1.0067114094
227046,227052,228144,6,1092,2,36000,1.00549450549
227062,227068,228115,6,1047,2,36000,1.00573065903
227063,227074,228121,11,1047,2,36000,1.01050620821
227102,227108,228074,6,966,2,36000,1.00621118012
227105,227114,270345,9,43231,2,43200,1.00020818394
227169,227175,228215,6,1040,2,36000,1.00576923077
227186,227192,228344,6,1152,2,36000,1.00520833333
227187,227198,228095,11,897,2,36000,1.01226309922
227188,227203,228239,15,1036,2,36000,1.01447876448
227190,227208,228140,18,932,2,36000,1.01931330472
227191,227214,228066,23,852,2,36000,1.02699530516
227210,227220,228186,10,966,2,36000,1.01035196687
227238,227244,228331,6,1087,2,36000,1.00551977921
227239,227250,228247,11,997,2,36000,1.0110330993
227241,227255,228155,14,900,2,36000,1.01555555556
227263,227271,228191,8,920,2,36000,1.00869565217
227285,227291,228425,6,1134,2,36000,1.00529100529
227291,227310,238089,19,10779,2,36000,1.00176268671
227299,227317,227484,18,167,1,1800,1.10778443114
227312,227323,228274,11,951,2,36000,1.01156677182
227313,227328,228330,15,1002,2,36000,1.01497005988
227314,227334,228312,20,978,2,36000,1.02044989775
227316,227339,228259,23,920,2,36000,1.025
227317,227344,228367,27,1023,2,36000,1.02639296188
227344,227351,228261,7,910,2,36000,1.00769230769
227366,227376,228285,10,909,2,36000,1.01100110011
227383,227389,228335,6,946,2,36000,1.00634249471
227384,227395,228247,11,852,2,36000,1.01291079812
227400,227407,228287,7,880,2,36000,1.00795454545
227402,227413,228328,11,915,2,36000,1.01202185792
227403,227418,228317,15,899,2,36000,1.01668520578
227419,227425,228429,6,1004,2,36000,1.00597609562
227437,227443,228459,6,1016,2,36000,1.00590551181
227438,227449,228475,11,1026,2,36000,1.01072124756
227439,227454,228443,15,989,2,36000,1.01516683519
227440,227460,228443,20,983,2,36000,1.02034587996
227442,227465,228515,23,1050,2,36000,1.0219047619
227471,227483,228488,12,1005,2,36000,1.01194029851
227512,227521,228553,9,1032,2,36000,1.00872093023
227541,227550,228605,9,1055,2,36000,1.00853080569
227552,228277,228284,725,7,4,360000,73.2
227580,227591,228517,11,926,2,36000,1.01187904968
227676,227687,228625,11,938,2,36000,1.01172707889
227724,227735,228670,11,935,2,36000,1.01176470588
227743,227751,228642,8,891,2,36000,1.00897867565
227758,227768,228786,10,1018,2,36000,1.00982318271
227784,227795,228780,11,985,2,36000,1.01116751269
227800,227806,228772,6,966,2,36000,1.00621118012
227830,227839,228899,9,1060,2,36000,1.00849056604
227831,227846,228901,15,1055,2,36000,1.01421800948
227847,227854,228680,7,826,2,36000,1.00847457627
227849,227859,228898,10,1039,2,36000,1.00962463908
227873,227880,228843,7,963,2,36000,1.00726895119
227889,227895,228908,6,1013,2,36000,1.00592300099
227890,227901,228962,11,1061,2,36000,1.01036757776
227906,227912,228868,6,956,2,36000,1.00627615063
227907,227918,229007,11,1089,2,36000,1.0101010101
227948,227959,228968,11,1009,2,36000,1.01090188305
227963,227969,228939,6,970,2,36000,1.00618556701
227965,227975,228744,10,769,2,36000,1.01300390117
228023,228033,228962,10,929,2,36000,1.01076426265
228041,228106,228107,65,1,2,43200,6.6
228064,228075,228895,11,820,2,36000,1.01341463415
228080,228086,229031,6,945,2,36000,1.00634920635
228081,228093,229107,12,1014,2,36000,1.01183431953
228097,228127,229181,30,1054,2,36000,1.0284629981
228111,228118,229032,7,914,2,28800,1.00765864333
228116,228134,229081,18,947,2,36000,1.01900739176
228132,228151,229099,19,948,2,36000,1.02004219409
228151,228158,229070,7,912,2,36000,1.0076754386
228152,228166,229117,14,951,2,36000,1.01472134595
228172,228198,229183,26,985,2,36000,1.02639593909
228190,228205,229259,15,1054,2,36000,1.01423149905
228206,228226,229152,20,926,2,36000,1.02159827214
228222,228250,229275,28,1025,2,36000,1.02731707317
228242,228258,229149,16,891,2,36000,1.01795735129
228256,228285,232154,29,3869,2,28800,1.00749547687
228258,228264,229254,6,990,2,36000,1.00606060606
228259,228271,229207,12,936,2,36000,1.01282051282
228261,228296,229286,35,990,2,36000,1.03535353535
228262,228301,229243,39,942,2,36000,1.04140127389
228279,228306,229284,27,978,2,36000,1.02760736196
228280,228313,229295,33,982,2,36000,1.03360488798
228299,228323,229283,24,960,2,36000,1.025
228301,228329,229268,28,939,2,36000,1.02981895634
228310,228436,229124,126,688,4,1800,1.18313953488
228317,228339,229459,22,1120,2,36000,1.01964285714
228351,228357,229168,6,811,2,36000,1.00739827374
228352,228363,229419,11,1056,2,36000,1.01041666667
228354,228368,229351,14,983,2,36000,1.01424211597
228355,228378,229422,23,1044,2,36000,1.02203065134
228356,228443,229417,87,974,2,36000,1.08932238193
228358,228454,229450,96,996,2,36000,1.09638554217
228374,228459,229433,85,974,2,36000,1.08726899384
228425,228470,229549,45,1079,2,36000,1.04170528267
228441,228486,229454,45,968,2,36000,1.04648760331
228458,228498,229293,40,795,2,36000,1.05031446541
228459,228526,229448,67,922,2,36000,1.0726681128
228475,228532,229493,57,961,2,36000,1.0593132154
228476,228564,229343,88,779,2,36000,1.11296534018
228492,228637,229744,145,1107,2,36000,1.13098464318
228516,228616,235282,100,6666,2,7200,1.01500150015
228518,228653,229775,135,1122,2,36000,1.12032085561
228520,228681,229599,161,918,2,36000,1.17538126362
228554,228692,229934,138,1242,2,36000,1.11111111111
228606,228755,229764,149,1009,2,36000,1.14767096135
228628,228784,229816,156,1032,2,36000,1.1511627907
228645,228791,229708,146,917,2,36000,1.15921483097
228673,228798,229692,125,894,2,36000,1.13982102908
228689,228854,229812,165,958,2,36000,1.17223382046
228747,228879,229855,132,976,2,36000,1.13524590164
228772,228906,229739,134,833,2,36000,1.16086434574
228787,228913,229974,126,1061,2,36000,1.11875589067
228789,228919,230000,130,1081,2,36000,1.12025901943
228843,228924,229964,81,1040,2,36000,1.07788461538
228868,228930,229816,62,886,2,36000,1.06997742664
228897,228950,229850,53,900,2,36000,1.05888888889
228913,228973,229895,60,922,2,36000,1.06507592191
228914,228979,230012,65,1033,2,36000,1.06292352372
228916,228985,229815,69,830,2,36000,1.08313253012
228917,229018,230015,101,997,2,36000,1.10130391174
228940,229042,229992,102,950,2,36000,1.10736842105
228945,229049,235286,104,6237,2,14400,1.01667468334
228962,229082,230040,120,958,2,36000,1.12526096033
228964,229093,230143,129,1050,2,36000,1.12285714286
228979,229110,230144,131,1034,2,36000,1.12669245648
229008,229119,230091,111,972,2,36000,1.11419753086
229034,229129,229977,95,848,2,36000,1.11202830189
229072,229136,230161,64,1025,2,36000,1.06243902439
229087,229141,229973,54,832,2,36000,1.06490384615
229104,229161,230120,57,959,2,36000,1.05943691345
229120,229167,230128,47,961,2,36000,1.04890738814
229121,229179,230117,58,938,2,36000,1.0618336887
229150,229192,230317,42,1125,2,36000,1.03733333333
229165,229199,230175,34,976,2,36000,1.03483606557
229183,229219,230482,36,1263,2,36000,1.02850356295
229184,229254,230203,70,949,2,36000,1.07376185458
229185,229265,230166,80,901,2,36000,1.08879023307
229208,229271,230156,63,885,2,36000,1.07118644068
229246,229279,230219,33,940,2,36000,1.03510638298
229262,229286,230294,24,1008,2,36000,1.02380952381
229264,229294,230266,30,972,2,36000,1.03086419753
229280,229301,230230,21,929,2,36000,1.02260495156
229282,229307,230224,25,917,2,36000,1.02726281352
229297,229313,229484,16,171,1,1800,1.09356725146
229300,229318,230342,18,1024,2,36000,1.017578125
229301,229323,230478,22,1155,2,36000,1.01904761905
229302,229354,230436,52,1082,2,36000,1.04805914972
229304,229362,230445,58,1083,2,36000,1.05355493998
229305,229428,230242,123,814,2,36000,1.15110565111
229343,229435,230335,92,900,2,36000,1.10222222222
229359,229440,230601,81,1161,2,36000,1.06976744186
229419,229447,230415,28,968,2,36000,1.02892561983
229420,229459,230397,39,938,2,36000,1.04157782516
229436,229465,230498,29,1033,2,36000,1.02807357212
229438,229470,230334,32,864,2,36000,1.03703703704
229454,229477,230447,23,970,2,36000,1.02371134021
229455,229504,230477,49,973,2,36000,1.05035971223
229457,229565,230472,108,907,2,36000,1.1190738699
229473,229610,230349,137,739,2,36000,1.18538565629
229495,229709,230758,214,1049,2,36000,1.20400381316
229549,229719,230613,170,894,2,36000,1.19015659955
229549,229560,229638,11,78,1,1800,1.14102564103
229608,229750,230744,142,994,2,36000,1.14285714286
229652,229702,236985,50,7283,2,28800,1.00686530276
229694,229757,230848,63,1091,2,36000,1.0577451879
229704,229868,229974,164,106,2,1800,2.54716981132
229709,229776,230811,67,1035,2,36000,1.06473429952
229741,229786,230756,45,970,2,36000,1.04639175258
229756,229824,230726,68,902,2,36000,1.07538802661
229772,229831,230866,59,1035,2,36000,1.05700483092
229788,229837,230758,49,921,2,36000,1.05320304017
229813,229842,230757,29,915,2,36000,1.03169398907
229815,229861,230814,46,953,2,36000,1.04826862539
229836,229906,230804,70,898,2,36000,1.07795100223
229837,229945,230840,108,895,2,36000,1.12067039106
229853,229975,230929,122,954,2,36000,1.12788259958
229873,229984,230798,111,814,2,36000,1.13636363636
229897,229990,231080,93,1090,2,36000,1.08532110092
229934,229995,230928,61,933,2,36000,1.06538049303
229966,230001,231042,35,1041,2,36000,1.03362151777
229982,230007,230994,25,987,2,36000,1.02532928065
229984,230013,231046,29,1033,2,36000,1.02807357212
229985,230023,231048,38,1025,2,36000,1.03707317073
230002,230029,231145,27,1116,2,36000,1.02419354839
230003,230052,230915,49,863,2,36000,1.05677867903
230035,230102,231166,67,1064,2,36000,1.06296992481
230036,230129,231176,93,1047,2,36000,1.0888252149
230054,230136,231144,82,1008,2,36000,1.08134920635
230092,230142,231162,50,1020,2,36000,1.04901960784
230121,230154,231219,33,1065,2,36000,1.03098591549
230122,230160,231118,38,958,2,36000,1.03966597077
230139,230168,231126,29,958,2,36000,1.03027139875
230155,230175,231125,20,950,2,36000,1.02105263158
230157,230181,231105,24,924,2,36000,1.02597402597
230158,230188,231248,30,1060,2,36000,1.02830188679
230174,230214,231252,40,1038,2,36000,1.03853564547
230175,230230,231161,55,931,2,36000,1.05907626208
230177,230237,231125,60,888,2,36000,1.06756756757
230203,230243,231316,40,1073,2,36000,1.03727865797
230221,230254,231247,33,993,2,36000,1.0332326284
230239,230277,231179,38,902,2,36000,1.0421286031
230240,230305,231214,65,909,2,36000,1.07150715072
230256,230328,231144,72,816,2,36000,1.08823529412
230272,230345,231272,73,927,2,36000,1.07874865156
230293,230352,231313,59,961,2,36000,1.06139438085
230313,230359,230493,46,134,2,1800,1.34328358209
230319,230366,231374,47,1008,2,36000,1.04662698413
230335,230408,231604,73,1196,2,36000,1.0610367893
230336,230426,231582,90,1156,2,36000,1.07785467128
230352,230447,231298,95,851,2,36000,1.1116333725
230354,230456,231533,102,1077,2,36000,1.09470752089
230398,230463,231581,65,1118,2,36000,1.05813953488
230417,230483,231506,66,1023,2,36000,1.06451612903
230436,230490,231505,54,1015,2,36000,1.05320197044
230452,230495,231353,43,858,2,36000,1.05011655012
230453,230502,231421,49,919,2,36000,1.05331882481
230473,230508,231418,35,910,2,36000,1.03846153846
230489,230515,231515,26,1000,2,36000,1.026
230490,230606,231513,116,907,2,36000,1.12789415656
230491,230613,231502,122,889,2,36000,1.13723284589
230501,231526,231532,1025,6,1,60,103.1
230502,231142,231165,640,23,2,60,28.8260869565
230502,231305,231350,803,45,4,60,18.8444444444
230503,231761,231767,1258,6,1,60,126.4
230503,231265,231294,762,29,2,60,27.275862069
230507,230624,231527,117,903,2,36000,1.12956810631
230601,230737,231743,136,1006,2,36000,1.1351888668
230618,230755,231667,137,912,2,36000,1.15021929825
230728,230762,231688,34,926,2,36000,1.03671706263
230744,230767,231815,23,1048,2,36000,1.02194656489
230761,230774,231746,13,972,2,36000,1.0133744856
230762,230779,231778,17,999,2,36000,1.01701701702
230763,230785,231849,22,1064,2,36000,1.02067669173
230765,230790,231675,25,885,2,36000,1.02824858757
230776,230836,233828,60,2992,2,14400,1.02005347594
230777,230809,230824,32,15,2,1800,3.13333333333
230799,230816,231673,17,857,2,36000,1.01983663944
230815,230823,231811,8,988,2,36000,1.00809716599
230816,230851,231931,35,1080,2,36000,1.03240740741
230817,230829,231707,12,878,2,36000,1.01366742597
230843,230859,231866,16,1007,2,36000,1.01588877855
230858,230877,231884,19,1007,2,36000,1.01886792453
230874,230927,231939,53,1012,2,36000,1.0523715415
230918,230939,231768,21,829,2,36000,1.02533172497
230934,230946,231869,12,923,2,36000,1.01300108342
230936,231005,231958,69,953,2,36000,1.07240293809
230984,234773,580407,3789,345634,4,345600,1.01096246318
230996,231053,231994,57,941,2,36000,1.0605738576
231028,234825,580455,3797,345630,4,345600,1.01098573619
231044,231060,232085,16,1025,2,36000,1.0156097561
231060,231066,231970,6,904,2,36000,1.00663716814
231061,231091,232113,30,1022,2,36000,1.02935420744
231084,231116,232001,32,885,2,36000,1.03615819209
231106,231130,232033,24,903,2,36000,1.02657807309
231122,231137,232138,15,1001,2,36000,1.01498501499
231141,231148,232543,7,1395,2,36000,1.00501792115
231143,231155,232124,12,969,2,36000,1.01238390093
231144,231160,232032,16,872,2,36000,1.01834862385
231161,231167,232242,6,1075,2,36000,1.00558139535
231162,231174,232191,12,1017,2,36000,1.01179941003
231163,231179,232335,16,1156,2,36000,1.01384083045
231164,231186,232227,22,1041,2,36000,1.02113352546
231166,231191,232076,25,885,2,36000,1.02824858757
231184,231198,232159,14,961,2,36000,1.01456815817
231185,231204,232165,19,961,2,36000,1.0197710718
231186,231226,232306,40,1080,2,36000,1.03703703704
231215,231233,232164,18,931,2,36000,1.01933404941
231230,231259,232242,29,983,2,36000,1.02950152594
231249,231283,232373,34,1090,2,36000,1.03119266055
231251,231312,232357,61,1045,2,36000,1.05837320574
231267,231324,232321,57,997,2,36000,1.05717151454
231283,231330,232229,47,899,2,36000,1.05228031146
231301,231362,232398,61,1036,2,36000,1.05888030888
231318,231367,232313,49,946,2,36000,1.05179704017
231319,231374,232463,55,1089,2,36000,1.05050505051
231354,231385,232344,31,959,2,36000,1.03232533889
231377,231429,232371,52,942,2,36000,1.05520169851
231420,231435,232534,15,1099,2,36000,1.01364877161
231440,231513,232411,73,898,2,36000,1.08129175947
231501,231532,231547,31,15,2,1800,3.06666666667
231504,231520,232470,16,950,2,36000,1.01684210526
231523,231538,232624,15,1086,2,36000,1.0138121547
231524,231543,232630,19,1087,2,36000,1.01747930083
231526,231549,232492,23,943,2,36000,1.0243902439
231527,231555,232587,28,1032,2,36000,1.02713178295
231543,231561,232562,18,1001,2,36000,1.01798201798
231545,231593,232596,48,1003,2,36000,1.04785643071
231586,231598,232608,12,1010,2,36000,1.01188118812
231588,231616,232742,28,1126,2,36000,1.02486678508
231606,231678,232525,72,847,2,36000,1.08500590319
231671,231684,232708,13,1024,2,36000,1.0126953125
231687,231693,232620,6,927,2,36000,1.00647249191
231688,231699,232698,11,999,2,36000,1.01101101101
231704,231720,232701,16,981,2,36000,1.01630988787
231719,231727,232727,8,1000,2,36000,1.008
231744,231754,232836,10,1082,2,36000,1.00924214418
231760,231767,232809,7,1042,2,36000,1.00671785029
231776,231782,232768,6,986,2,36000,1.0060851927
231777,231789,232804,12,1015,2,36000,1.0118226601
231812,231822,232919,10,1097,2,36000,1.00911577028
231828,231835,232824,7,989,2,36000,1.00707785642
231851,231860,232787,9,927,2,36000,1.00970873786
231866,231877,233021,11,1144,2,36000,1.00961538462
231879,232149,232248,270,99,4,180000,3.72727272727
231883,231889,232908,6,1019,2,36000,1.00588812561
231898,231905,232760,7,855,2,36000,1.0081871345
231936,231942,232909,6,967,2,36000,1.00620475698
231952,231958,232867,6,909,2,36000,1.00660066007
231967,231974,232978,7,1004,2,36000,1.00697211155
231983,231989,232931,6,942,2,36000,1.00636942675
231999,232007,233036,8,1029,2,36000,1.00777453839
232014,232020,233029,6,1009,2,36000,1.00594648167
232034,232044,233025,10,981,2,36000,1.01019367992
232035,232049,233010,14,961,2,36000,1.01456815817
232076,232087,233126,11,1039,2,36000,1.01058710298
232092,232098,233132,6,1034,2,36000,1.00580270793
232107,232202,232305,95,103,4,180000,1.92233009709
232114,232135,233068,21,933,2,36000,1.02250803859
232130,232176,233256,46,1080,2,36000,1.04259259259
232146,232181,233105,35,924,2,36000,1.03787878788
232162,232239,233189,77,950,2,36000,1.08105263158
232178,232246,233083,68,837,2,36000,1.08124253286
232180,232253,233206,73,953,2,36000,1.07660020986
232195,232258,233103,63,845,2,36000,1.07455621302
232228,232265,233234,37,969,2,36000,1.03818369453
232244,232270,233203,26,933,2,36000,1.02786709539
232246,232321,233349,75,1028,2,36000,1.07295719844
232247,232328,233352,81,1024,2,36000,1.0791015625
232307,232333,233382,26,1049,2,36000,1.02478551001
232310,232316,233913,6,1597,2,21600,1.00375704446
232323,232340,233362,17,1022,2,36000,1.01663405088
232325,232346,233345,21,999,2,36000,1.02102102102
232341,232356,233287,15,931,2,36000,1.01611170784
232357,232368,233421,11,1053,2,36000,1.01044634378
232359,232382,233383,23,1001,2,36000,1.02297702298
232375,232389,233319,14,930,2,36000,1.01505376344
232376,232409,233367,33,958,2,36000,1.03444676409
232399,232422,233371,23,949,2,36000,1.02423603793
232414,232428,233403,14,975,2,36000,1.01435897436
232465,232474,233578,9,1104,2,36000,1.00815217391
232481,232487,233443,6,956,2,36000,1.00627615063
232496,232503,233477,7,974,2,36000,1.00718685832
232527,232536,233667,9,1131,2,36000,1.00795755968
232545,232551,233521,6,970,2,36000,1.00618556701
232546,232558,233441,12,883,2,36000,1.01359003398
232562,232573,233493,11,920,2,36000,1.01195652174
232587,232598,233617,11,1019,2,36000,1.01079489696
232603,232609,233589,6,980,2,36000,1.00612244898
232619,232626,233761,7,1135,2,36000,1.00616740088
232621,232632,233476,11,844,2,36000,1.01303317536
232636,232648,233623,12,975,2,36000,1.01230769231
232637,232643,232815,6,172,1,1800,1.03488372093
232638,232709,233814,71,1105,2,36000,1.06425339367
232699,232715,233784,16,1069,2,36000,1.01496725912
232714,232721,233683,7,962,2,36000,1.00727650728
232716,232737,233718,21,981,2,36000,1.02140672783
232732,232753,233745,21,992,2,36000,1.02116935484
232747,232771,233765,24,994,2,36000,1.02414486922
232763,232779,233727,16,948,2,36000,1.01687763713
232779,232799,233812,20,1013,2,36000,1.01974333662
232795,232816,233776,21,960,2,36000,1.021875
232812,232822,233713,10,891,2,36000,1.01122334456
232813,232828,233825,15,997,2,36000,1.01504513541
232837,232843,233715,6,872,2,36000,1.00688073394
232838,232849,233799,11,950,2,36000,1.01157894737
232869,232879,233778,10,899,2,36000,1.01112347052
232911,232919,233953,8,1034,2,36000,1.00773694391
232912,232926,233756,14,830,2,36000,1.01686746988
232929,232935,233941,6,1006,2,36000,1.00596421471
232945,232951,233903,6,952,2,36000,1.00630252101
232960,233066,233673,106,607,1,600,1.17462932455
232985,232992,233889,7,897,2,36000,1.00780379041
233003,233095,233121,92,26,3,1800,4.53846153846
233007,233021,233867,14,846,2,36000,1.01654846336
233023,233032,233945,9,913,2,36000,1.00985761227
233039,233045,233992,6,947,2,36000,1.00633579725
233040,233051,233983,11,932,2,36000,1.01180257511
233042,233057,234058,15,1001,2,36000,1.01498501499
233070,233079,234160,9,1081,2,36000,1.00832562442
233085,233114,234134,29,1020,2,36000,1.02843137255
233104,233121,234024,17,903,2,36000,1.01882613511
233106,233132,234117,26,985,2,36000,1.02639593909
233129,233138,234064,9,926,2,36000,1.00971922246
233145,233151,234149,6,998,2,36000,1.00601202405
233189,233200,234076,11,876,2,36000,1.01255707763
233205,233214,234202,9,988,2,36000,1.00910931174
233206,233221,234179,15,958,2,36000,1.01565762004
233235,233245,234235,10,990,2,36000,1.0101010101
233257,233268,234374,11,1106,2,36000,1.00994575045
233288,233298,234201,10,903,2,36000,1.01107419712
233320,233331,234291,11,960,2,36000,1.01145833333
233348,233356,234306,8,950,2,36000,1.00842105263
233350,233362,234459,12,1097,2,36000,1.01093892434
233366,233372,234387,6,1015,2,36000,1.00591133005
233367,233378,234345,11,967,2,36000,1.0113753878
233384,233390,234264,6,874,2,36000,1.00686498856
233386,233396,234507,10,1111,2,36000,1.00900090009
233387,233401,234465,14,1064,2,36000,1.01315789474
233388,233407,234451,19,1044,2,36000,1.01819923372
233405,233414,234396,9,982,2,36000,1.00916496945
233420,233432,234258,12,826,2,36000,1.01452784504
233440,233452,234366,12,914,2,36000,1.01312910284
233455,233462,234453,7,991,2,36000,1.00706357215
233478,233487,234605,9,1118,2,36000,1.00805008945
233479,233493,234386,14,893,2,36000,1.0156774916
233495,233505,234521,10,1016,2,36000,1.00984251969
233519,233600,249595,81,15995,2,180000,1.00506408253
233522,233532,234352,10,820,2,36000,1.01219512195
233549,233634,244487,85,10853,2,180000,1.00783193587
233579,233589,234711,10,1122,2,36000,1.00891265597
233594,233628,234564,34,936,2,36000,1.03632478632
233619,233678,234746,59,1068,2,36000,1.05524344569
233635,233691,234698,56,1007,2,36000,1.05561072493
233666,233698,234762,32,1064,2,36000,1.03007518797
233685,233725,234729,40,1004,2,36000,1.03984063745
233715,233732,234699,17,967,2,36000,1.01758014478
233716,233737,234770,21,1033,2,36000,1.02032913843
233731,233744,234726,13,982,2,36000,1.01323828921
233732,233756,234680,24,924,2,36000,1.02597402597
233748,233767,234852,19,1085,2,36000,1.01751152074
233764,233773,234747,9,974,2,36000,1.00924024641
233766,233780,234834,14,1054,2,36000,1.01328273245
233767,233788,234817,21,1029,2,36000,1.02040816327
233784,233795,234888,11,1093,2,36000,1.01006404392
233785,233800,234836,15,1036,2,36000,1.01447876448
233787,233811,234747,24,936,2,36000,1.02564102564
233803,233824,234923,21,1099,2,36000,1.01910828025
233819,233830,234720,11,890,2,36000,1.01235955056
233820,233837,234866,17,1029,2,36000,1.01652089407
233836,233878,234835,42,957,2,36000,1.04388714734
233841,234087,235132,246,1045,2,14400,1.23540669856
233868,233900,234885,32,985,2,36000,1.03248730964
233890,233914,234958,24,1044,2,36000,1.02298850575
233906,233952,235041,46,1089,2,36000,1.0422405877
233941,233959,235007,18,1048,2,36000,1.01717557252
233958,233965,235052,7,1087,2,36000,1.00643974241
233959,233995,234964,36,969,2,36000,1.03715170279
233984,234003,234996,19,993,2,36000,1.01913393756
234000,234036,235078,36,1042,2,36000,1.03454894434
234001,234093,234094,92,1,1,28800,9.3
234025,234069,234943,44,874,2,36000,1.05034324943
234060,234105,235048,45,943,2,36000,1.04772004242
234075,234146,235215,71,1069,2,36000,1.06641721235
234076,234160,235204,84,1044,2,36000,1.08045977011
234116,234128,235061,12,933,2,21600,1.01286173633
234119,234171,235211,52,1040,2,36000,1.05
234135,234190,235121,55,931,2,36000,1.05907626208
234150,234213,235306,63,1093,2,36000,1.05763952425
234165,234218,235113,53,895,2,36000,1.05921787709
234181,234258,235267,77,1009,2,36000,1.07631318137
234203,234272,235217,69,945,2,36000,1.07301587302
234204,234278,235259,74,981,2,36000,1.0754332314
234232,234246,234247,14,1,1,600,1.5
234237,234302,235085,65,783,2,36000,1.08301404853
234271,234318,235249,47,931,2,36000,1.05048335124
234273,234373,235323,100,950,2,36000,1.10526315789
234279,234403,256337,124,21934,1,28800,1.00565332361
234294,234356,234357,62,1,1,600,6.3
234295,234408,235355,113,947,2,36000,1.11932418163
234296,234361,234362,65,1,1,600,6.6
234299,234385,234386,86,1,1,600,8.7
234300,234391,234392,91,1,1,600,9.2
234311,234413,235492,102,1079,2,36000,1.09453197405
234346,234418,235410,72,992,2,36000,1.07258064516
234362,234430,235324,68,894,2,36000,1.07606263982
234378,234424,235363,46,939,2,36000,1.04898828541
234380,234463,235452,83,989,2,36000,1.0839231547
234396,234470,235539,74,1069,2,36000,1.06922357343
234397,234475,235645,78,1170,2,36000,1.06666666667
234399,234481,235516,82,1035,2,36000,1.07922705314
234453,234519,235456,66,937,2,36000,1.0704375667
234454,234532,235592,78,1060,2,36000,1.07358490566
234470,234575,235507,105,932,2,36000,1.11266094421
234472,234582,235521,110,939,2,36000,1.11714589989
234510,234616,235671,106,1055,2,36000,1.10047393365
234526,234691,235594,165,903,2,36000,1.18272425249
234565,234709,235640,144,931,2,36000,1.15467239527
234607,234715,235742,108,1027,2,36000,1.10516066212
234681,234722,235717,41,995,2,36000,1.04120603015
234701,234755,235762,54,1007,2,36000,1.05362462761
234703,234766,235711,63,945,2,36000,1.06666666667
234724,234731,234733,7,2,2,600,1.0
234725,234744,234745,19,1,2,600,2.0
234726,234737,234738,11,1,2,600,1.2
234728,234749,234750,21,1,2,600,2.2
234729,234761,234762,32,1,2,600,3.3
235118,235124,236156,6,1032,2,36000,1.00581395349
235120,235130,236166,10,1036,2,36000,1.00965250965
235121,235135,236086,14,951,2,36000,1.01472134595
235122,235140,236022,18,882,2,36000,1.02040816327
235124,235145,236129,21,984,2,36000,1.02134146341
235125,235152,236110,27,958,2,36000,1.02818371608
235126,235157,236091,31,934,2,36000,1.03319057816
235128,235162,236000,34,838,2,36000,1.04057279236
235129,235167,236197,38,1030,2,36000,1.03689320388
235130,235173,236084,43,911,2,36000,1.04720087816
235132,235178,236175,46,997,2,36000,1.04613841525
235133,235183,236262,50,1079,2,36000,1.04633920297
235134,235188,236209,54,1021,2,36000,1.05288932419
235136,235193,236099,57,906,2,36000,1.06291390728
235137,235199,236174,62,975,2,36000,1.06358974359
235138,235204,236128,66,924,2,36000,1.07142857143
235139,235209,236133,70,924,2,36000,1.07575757576
235141,235214,236277,73,1063,2,36000,1.06867356538
235142,235219,236193,77,974,2,36000,1.07905544148
235143,235225,236165,82,940,2,36000,1.08723404255
235145,235230,236149,85,919,2,36000,1.09249183896
235146,235235,236154,89,919,2,36000,1.09684439608
235147,235247,236316,100,1069,2,36000,1.0935453695
235149,235252,236455,103,1203,2,36000,1.08561928512
235150,235257,236287,107,1030,2,36000,1.10388349515
235151,235262,236318,111,1056,2,36000,1.10511363636
235153,235267,236358,114,1091,2,36000,1.10449129239
235154,235273,236222,119,949,2,36000,1.12539515279
235155,235278,236238,123,960,2,36000,1.128125
235172,235283,236280,111,997,2,36000,1.11133400201
235176,235241,238381,65,3140,2,21600,1.02070063694
235207,235290,236364,83,1074,2,36000,1.07728119181
235224,235296,236335,72,1039,2,36000,1.06929740135
235225,235301,236308,76,1007,2,36000,1.07547169811
235226,235317,236334,91,1017,2,36000,1.08947885939
235252,235334,236383,82,1049,2,36000,1.07816968541
235268,235341,236396,73,1055,2,36000,1.0691943128
235269,235366,236298,97,932,2,36000,1.10407725322
235307,235375,236235,68,860,2,36000,1.07906976744
235326,235421,236422,95,1001,2,36000,1.09490509491
235328,235463,236527,135,1064,2,36000,1.12687969925
235358,235503,236497,145,994,2,36000,1.14587525151
235372,235469,313531,97,78062,2,108000,1.00124260203
235373,235518,236489,145,971,2,36000,1.14933058702
235411,235527,236548,116,1021,2,36000,1.11361410382
235456,235533,236596,77,1063,2,36000,1.07243650047
235457,235551,236500,94,949,2,36000,1.0990516333
235496,235605,236565,109,960,2,36000,1.11354166667
235512,235656,236719,144,1063,2,36000,1.13546566322
235530,235663,236589,133,926,2,36000,1.14362850972
235531,235687,236633,156,946,2,36000,1.16490486258
235547,235722,236720,175,998,2,36000,1.1753507014
235557,235651,235669,94,18,3,1800,6.22222222222
235595,235729,236676,134,947,2,36000,1.14149947202
235596,235754,236698,158,944,2,36000,1.16737288136
235630,235680,236273,50,593,2,7200,1.08431703204
235641,235773,236621,132,848,2,36000,1.15566037736
235657,236011,236776,354,765,2,36000,1.46274509804
235683,236033,236937,350,904,2,36000,1.38716814159
235712,236095,237095,383,1000,2,36000,1.383
235727,236102,237248,375,1146,2,36000,1.32722513089
235744,236107,237063,363,956,2,36000,1.37970711297
235763,236119,237207,356,1088,2,36000,1.32720588235
235820,236114,236168,294,54,3,1800,6.44444444444
235994,236124,237161,130,1037,2,36000,1.12536162006
236023,236131,237194,108,1063,2,36000,1.10159924741
236084,236140,236954,56,814,2,36000,1.0687960688
236101,236145,237175,44,1030,2,36000,1.0427184466
236102,236151,237083,49,932,2,36000,1.0525751073
236104,236160,237116,56,956,2,36000,1.05857740586
236130,236167,237256,37,1089,2,36000,1.03397612489
236131,236181,237026,50,845,2,36000,1.05917159763
236152,236174,236727,22,553,2,7200,1.03978300181
236154,236186,237100,32,914,2,36000,1.03501094092
236156,236192,237218,36,1026,2,36000,1.0350877193
236157,236198,237242,41,1044,2,36000,1.03927203065
236158,236204,237105,46,901,2,36000,1.05105438402
236176,236209,237174,33,965,2,36000,1.03419689119
236178,236214,237314,36,1100,2,36000,1.03272727273
236179,236220,237254,41,1034,2,36000,1.03965183752
236180,236226,237385,46,1159,2,36000,1.0396893874
236182,236231,237134,49,903,2,36000,1.05426356589
236198,236237,237236,39,999,2,36000,1.03903903904
236199,236246,237182,47,936,2,36000,1.05021367521
236216,236252,237270,36,1018,2,36000,1.03536345776
236232,236274,237216,42,942,2,36000,1.04458598726
236248,236284,237354,36,1070,2,36000,1.03364485981
236249,236291,237357,42,1066,2,36000,1.03939962477
236270,236297,237287,27,990,2,36000,1.02727272727
236298,236304,237281,6,977,2,36000,1.00614124872
236300,236310,237271,10,961,2,36000,1.01040582726
236301,236320,237358,19,1038,2,36000,1.0183044316
236318,236327,237350,9,1023,2,36000,1.00879765396
236320,236334,237366,14,1032,2,36000,1.01356589147
236321,236345,237238,24,893,2,36000,1.02687569989
236322,236351,237275,29,924,2,36000,1.03138528139
236339,236370,237372,31,1002,2,36000,1.03093812375
236340,236395,237382,55,987,2,36000,1.05572441743
236359,236408,237430,49,1022,2,36000,1.04794520548
236362,236376,305126,14,68750,2,108000,1.00020363636
236374,236433,237448,59,1015,2,36000,1.05812807882
236390,236466,237631,76,1165,2,36000,1.0652360515
236405,236501,237617,96,1116,2,36000,1.08602150538
236424,236508,237517,84,1009,2,36000,1.08325074331
236456,236515,237452,59,937,2,36000,1.06296691569
236490,236538,237544,48,1006,2,36000,1.04771371769
236507,236559,237531,52,972,2,36000,1.05349794239
236508,236577,237484,69,907,2,36000,1.07607497244
236527,236600,237486,73,886,2,36000,1.08239277652
236549,236607,237668,58,1061,2,36000,1.05466540999
236569,236633,237520,64,887,2,36000,1.07215332582
236591,236644,237698,53,1054,2,36000,1.05028462998
236607,236687,237596,80,909,2,36000,1.08800880088
236623,236731,237578,108,847,2,36000,1.12750885478
236635,236710,315914,75,79204,2,108000,1.00094692187
236638,236736,237567,98,831,2,36000,1.11793020457
236678,236742,237688,64,946,2,36000,1.06765327696
236700,236787,237717,87,930,2,36000,1.0935483871
236723,236848,237703,125,855,2,36000,1.14619883041
236724,236948,237801,224,853,2,36000,1.26260257913
236778,236966,237961,188,995,2,36000,1.18894472362
236938,237074,238185,136,1111,2,36000,1.12241224122
236956,237094,238132,138,1038,2,36000,1.13294797688
236997,237037,237127,40,90,2,1800,1.44444444444
237028,237107,238171,79,1064,2,36000,1.0742481203
237064,237113,238049,49,936,2,36000,1.05235042735
237083,237120,238101,37,981,2,36000,1.0377166157
237099,237127,238086,28,959,2,36000,1.02919708029
237100,237139,237991,39,852,2,36000,1.04577464789
237116,237146,238274,30,1128,2,36000,1.02659574468
237131,237172,238105,41,933,2,36000,1.04394426581
237146,237185,238059,39,874,2,36000,1.04462242563
237161,237191,238215,30,1024,2,36000,1.029296875
237177,237197,238204,20,1007,2,36000,1.01986097319
237178,237205,238158,27,953,2,36000,1.02833158447
237194,237218,238319,24,1101,2,36000,1.02179836512
237195,237227,238150,32,923,2,36000,1.0346695558
237212,237234,238280,22,1046,2,36000,1.02103250478
237223,237253,239074,30,1821,2,21600,1.01647446458
237227,237247,238230,20,983,2,36000,1.02034587996
237228,237258,238165,30,907,2,36000,1.03307607497
237245,237265,238290,20,1025,2,36000,1.01951219512
237246,237271,238185,25,914,2,36000,1.02735229759
237248,237276,238368,28,1092,2,36000,1.02564102564
237264,237283,238246,19,963,2,36000,1.01973001038
237266,237288,238282,22,994,2,36000,1.02213279678
237267,237294,238230,27,936,2,36000,1.02884615385
237284,237299,238265,15,966,2,36000,1.01552795031
237285,237306,238301,21,995,2,36000,1.02110552764
237286,237327,238274,41,947,2,36000,1.04329461457
237287,237361,238404,74,1043,2,36000,1.07094918504
237303,237367,238414,64,1047,2,36000,1.06112702961
237319,237373,238405,54,1032,2,36000,1.0523255814
237351,237378,238458,27,1080,2,36000,1.025
237368,237385,238160,17,775,2,36000,1.02193548387
237369,237390,238341,21,951,2,36000,1.02208201893
237370,237397,238264,27,867,2,36000,1.03114186851
237371,237402,238535,31,1133,2,36000,1.02736098853
237388,237441,238398,53,957,2,36000,1.05538140021
237390,237460,238507,70,1047,2,36000,1.06685768863
237391,237467,238325,76,858,2,36000,1.08857808858
237433,237496,238524,63,1028,2,36000,1.06128404669
237451,237503,238678,52,1175,2,36000,1.04425531915
237467,237529,238609,62,1080,2,36000,1.05740740741
237486,237536,238517,50,981,2,36000,1.05096839959
237487,237543,238555,56,1012,2,36000,1.05533596838
237520,237555,238600,35,1045,2,36000,1.03349282297
237521,237578,238585,57,1007,2,36000,1.05660377358
237537,237608,238553,71,945,2,36000,1.07513227513
237553,237628,238673,75,1045,2,36000,1.07177033493
237569,237642,238685,73,1043,2,36000,1.06999041227
237572,237589,237673,17,84,2,1800,1.20238095238
237584,237680,238724,96,1044,2,36000,1.09195402299
237600,237687,238596,87,909,2,36000,1.09570957096
237623,237699,238596,76,897,2,36000,1.08472686734
237650,237709,238533,59,824,2,36000,1.07160194175
237669,237716,238536,47,820,2,36000,1.05731707317
237693,237728,238752,35,1024,2,36000,1.0341796875
237719,237813,238876,94,1063,2,36000,1.0884289746
237720,237833,238849,113,1016,2,36000,1.11122047244
237721,237838,238827,117,989,2,36000,1.11830131446
237803,237843,238896,40,1053,2,36000,1.03798670465
237961,237967,238902,6,935,2,36000,1.0064171123
237994,238000,239001,6,1001,2,36000,1.00599400599
238052,238058,238997,6,939,2,36000,1.00638977636
238068,238074,239059,6,985,2,36000,1.00609137056
238087,238093,239082,6,989,2,36000,1.00606673407
238103,238114,239424,11,1310,2,36000,1.00839694656
238104,238109,239415,5,1306,2,14400,1.00382848392
238119,238125,239084,6,959,2,36000,1.00625651721
238135,238141,239206,6,1065,2,36000,1.00563380282
238151,238157,239110,6,953,2,36000,1.00629590766
238168,238174,239215,6,1041,2,36000,1.00576368876
238169,238180,239179,11,999,2,36000,1.01101101101
238170,238185,239131,15,946,2,36000,1.01585623679
238172,238190,239150,18,960,2,36000,1.01875
238188,238197,239205,9,1008,2,36000,1.00892857143
238190,238203,239203,13,1000,2,36000,1.013
238206,238212,239216,6,1004,2,36000,1.00597609562
238221,238228,239143,7,915,2,36000,1.00765027322
238238,238244,239296,6,1052,2,36000,1.00570342205
238239,238250,239305,11,1055,2,36000,1.01042654028
238258,238264,239101,6,837,2,36000,1.00716845878
238275,238281,239607,6,1326,2,36000,1.00452488688
238276,238287,239218,11,931,2,36000,1.01181525242
238278,238292,239325,14,1033,2,36000,1.01355275895
238279,238298,239140,19,842,2,36000,1.02256532067
238297,238304,239338,7,1034,2,36000,1.00676982592
238298,238309,239175,11,866,2,36000,1.01270207852
238299,238315,239208,16,893,2,36000,1.01791713326
238315,238322,239185,7,863,2,36000,1.00811123986
238332,238338,239245,6,907,2,36000,1.00661521499
238334,238344,239287,10,943,2,36000,1.01060445387
238350,238356,239474,6,1118,2,36000,1.0053667263
238369,238375,239420,6,1045,2,36000,1.00574162679
238405,238411,239360,6,949,2,36000,1.00632244468
238406,238417,239394,11,977,2,36000,1.01125895599
238407,238423,239262,16,839,2,36000,1.01907032181
238431,238437,239397,6,960,2,36000,1.00625
238460,238466,239467,6,1001,2,36000,1.00599400599
238461,238472,241032,11,2560,2,14400,1.004296875
238509,238515,239513,6,998,2,36000,1.00601202405
238525,238531,239603,6,1072,2,36000,1.00559701493
238526,238537,239446,11,909,2,36000,1.01210121012
238543,238549,239479,6,930,2,36000,1.0064516129
238544,238555,239467,11,912,2,36000,1.01206140351
238545,238560,239562,15,1002,2,36000,1.01497005988
238563,238569,239537,6,968,2,36000,1.00619834711
238564,238575,239505,11,930,2,36000,1.01182795699
238586,238592,239589,6,997,2,36000,1.00601805416
238604,238610,239721,6,1111,2,36000,1.00540054005
238605,238616,239651,11,1035,2,36000,1.01062801932
238606,238621,239571,15,950,2,36000,1.01578947368
238623,238629,239484,6,855,2,36000,1.00701754386
238676,238682,239598,6,916,2,36000,1.00655021834
238692,238699,239725,7,1026,2,36000,1.00682261209
238694,238705,239761,11,1056,2,36000,1.01041666667
238729,238735,239852,6,1117,2,36000,1.00537153089
238756,238762,239728,6,966,2,36000,1.00621118012
238827,238833,239903,6,1070,2,36000,1.00560747664
238849,238855,239775,6,920,2,36000,1.00652173913
238859,238865,246907,6,8042,2,14400,1.00074608306
238877,238883,239944,6,1061,2,36000,1.00565504241
238899,238906,239875,7,969,2,36000,1.00722394221
238915,238921,240007,6,1086,2,36000,1.00552486188
238999,239005,239974,6,969,2,36000,1.00619195046
239000,239011,239891,11,880,2,36000,1.0125
239060,239066,240029,6,963,2,36000,1.0062305296
239082,239088,239983,6,895,2,36000,1.00670391061
239097,239103,240012,6,909,2,36000,1.00660066007
239114,239121,240147,7,1026,2,36000,1.00682261209
239116,239127,240153,11,1026,2,36000,1.01072124756
239139,239145,240046,6,901,2,36000,1.00665926748
239157,239163,240139,6,976,2,36000,1.00614754098
239158,239169,240138,11,969,2,36000,1.01135190918
239160,239174,240210,14,1036,2,36000,1.01351351351
239176,239182,240123,6,941,2,36000,1.00637619554
239192,239198,240097,6,899,2,36000,1.00667408231
239193,239204,240257,11,1053,2,36000,1.01044634378
239219,239225,240362,6,1137,2,36000,1.00527704485
239220,239231,240161,11,930,2,36000,1.01182795699
239221,239236,240287,15,1051,2,36000,1.01427212179
239223,239242,240369,19,1127,2,36000,1.01685891748
239224,239247,240242,23,995,2,36000,1.02311557789
239226,239252,240264,26,1012,2,36000,1.0256916996
239227,239258,240292,31,1034,2,36000,1.02998065764
239248,239263,240124,15,861,2,36000,1.01742160279
239263,239269,240233,6,964,2,36000,1.00622406639
239288,239295,240337,7,1042,2,36000,1.00671785029
239304,239310,240234,6,924,2,36000,1.00649350649
239305,239316,240386,11,1070,2,36000,1.01028037383
239328,239334,240247,6,913,2,36000,1.00657174151
239344,239350,240323,6,973,2,36000,1.00616649538
239362,239368,240430,6,1062,2,36000,1.00564971751
239394,239400,240473,6,1073,2,36000,1.0055917987
239411,239417,240290,6,873,2,36000,1.00687285223
239427,239433,240366,6,933,2,36000,1.00643086817
239429,239439,240443,10,1004,2,36000,1.00996015936
239448,239455,240537,7,1082,2,36000,1.00646950092
239467,239474,240468,7,994,2,36000,1.00704225352
239469,239480,240464,11,984,2,36000,1.01117886179
239485,239490,240520,5,1030,2,36000,1.00485436893
239486,239496,240402,10,906,2,36000,1.01103752759
239488,239501,240371,13,870,2,36000,1.01494252874
239507,239513,240512,6,999,2,36000,1.00600600601
239522,239528,240526,6,998,2,36000,1.00601202405
239537,239544,240660,7,1116,2,36000,1.00627240143
239563,239569,240598,6,1029,2,36000,1.00583090379
239578,239584,240604,6,1020,2,36000,1.00588235294
239594,239600,240681,6,1081,2,36000,1.00555041628
239601,239736,239799,135,63,4,1800,3.14285714286
239610,239616,240607,6,991,2,36000,1.00605449041
239611,239622,240535,11,913,2,36000,1.01204819277
239612,239628,240502,16,874,2,36000,1.01830663616
239654,239660,240670,6,1010,2,36000,1.00594059406
239723,239729,240701,6,972,2,36000,1.00617283951
239739,239745,240704,6,959,2,36000,1.00625651721
239740,239751,240734,11,983,2,36000,1.01119023398
239762,239772,240690,10,918,2,36000,1.01089324619
239778,239784,240827,6,1043,2,36000,1.00575263663
239853,239859,240823,6,964,2,36000,1.00622406639
239878,239885,240683,7,798,2,36000,1.00877192982
239894,239900,240855,6,955,2,36000,1.00628272251
239910,239916,240991,6,1075,2,36000,1.00558139535
239945,239951,240967,6,1016,2,36000,1.00590551181
239982,239988,241007,6,1019,2,36000,1.00588812561
239998,240004,241072,6,1068,2,36000,1.00561797753
240015,240022,241085,7,1063,2,36000,1.00658513641
240017,240028,240937,11,909,2,36000,1.01210121012
240041,240047,240928,6,881,2,36000,1.00681044268
240059,240065,241170,6,1105,2,36000,1.00542986425
240099,240105,240901,6,796,2,36000,1.00753768844
240124,240130,241149,6,1019,2,36000,1.00588812561
240125,240136,241088,11,952,2,36000,1.01155462185
240141,240147,241167,6,1020,2,36000,1.00588235294
240143,240153,241171,10,1018,2,36000,1.00982318271
240159,240165,241169,6,1004,2,36000,1.00597609562
240160,240171,241197,11,1026,2,36000,1.01072124756
240176,240182,241163,6,981,2,36000,1.00611620795
240213,240220,241279,7,1059,2,36000,1.00661000944
240232,240238,241177,6,939,2,36000,1.00638977636
240247,240253,241215,6,962,2,36000,1.00623700624
240248,240259,241464,11,1205,2,36000,1.00912863071
240264,240271,241754,7,1483,2,36000,1.00472016183
240266,240277,241268,11,991,2,36000,1.01109989909
240267,240282,241221,15,939,2,36000,1.01597444089
240290,240296,241209,6,913,2,36000,1.00657174151
240291,240307,241437,16,1130,2,36000,1.01415929204
240295,240302,240395,7,93,1,60,1.0752688172
240306,240313,241368,7,1055,2,36000,1.00663507109
240325,240331,241195,6,864,2,36000,1.00694444444
240340,240346,241398,6,1052,2,36000,1.00570342205
240363,240369,241266,6,897,2,36000,1.00668896321
240380,240386,241321,6,935,2,36000,1.0064171123
240381,240392,241322,11,930,2,36000,1.01182795699
240383,240397,241351,14,954,2,36000,1.01467505241
240399,240405,241506,6,1101,2,36000,1.00544959128
240404,240413,240449,9,36,1,60,1.25
240414,240420,241417,6,997,2,36000,1.00601805416
240433,240439,241526,6,1087,2,36000,1.00551977921
240448,240454,241444,6,990,2,36000,1.00606060606
240468,240474,241505,6,1031,2,36000,1.00581959263
240469,240480,241369,11,889,2,36000,1.01237345332
240485,240491,241381,6,890,2,36000,1.00674157303
240504,240510,241445,6,935,2,36000,1.0064171123
240520,240526,241542,6,1016,2,36000,1.00590551181
240521,240532,241603,11,1071,2,36000,1.01027077498
240537,240543,241453,6,910,2,36000,1.00659340659
240538,240549,241452,11,903,2,36000,1.01218161683
240540,240554,241484,14,930,2,36000,1.01505376344
240600,240606,241546,6,940,2,36000,1.00638297872
240616,240622,241585,6,963,2,36000,1.0062305296
240617,240628,241590,11,962,2,36000,1.01143451143
240661,240667,241668,6,1001,2,36000,1.00599400599
240676,240682,241640,6,958,2,36000,1.00626304802
240682,240695,240699,13,4,1,300,1.7
240692,240701,241781,9,1080,2,36000,1.00833333333
240693,240706,241663,13,957,2,36000,1.01358411703
240695,240712,241885,17,1173,2,36000,1.01449275362
240711,240718,241622,7,904,2,36000,1.00774336283
240712,240723,241844,11,1121,2,36000,1.00981266726
240734,240740,241718,6,978,2,36000,1.00613496933
240812,240838,243047,26,2209,2,7200,1.01177003169
240825,240832,241801,7,969,2,36000,1.00722394221
240842,240848,241790,6,942,2,36000,1.00636942675
240858,240864,241787,6,923,2,36000,1.00650054171
240904,240910,242016,6,1106,2,36000,1.00542495479
240929,240935,241943,6,1008,2,36000,1.00595238095
240944,240951,241913,7,962,2,36000,1.00727650728
240969,240975,241963,6,988,2,36000,1.00607287449
240994,241000,242055,6,1055,2,36000,1.00568720379
241010,241016,241997,6,981,2,36000,1.00611620795
241082,241088,241957,6,869,2,36000,1.00690448792
241098,241104,242204,6,1100,2,36000,1.00545454545
241100,241110,242104,10,994,2,36000,1.01006036217
241150,241156,242164,6,1008,2,36000,1.00595238095
241167,241173,242277,6,1104,2,36000,1.00543478261
241190,241196,242228,6,1032,2,36000,1.00581395349
241192,241202,242198,10,996,2,36000,1.01004016064
241193,241207,242325,14,1118,2,36000,1.01252236136
241195,241212,242179,17,967,2,36000,1.01758014478
241197,241218,242297,21,1079,2,36000,1.01946246525
241214,241224,242181,10,957,2,36000,1.01044932079
241215,241230,242199,15,969,2,36000,1.01547987616
241217,241235,242130,18,895,2,36000,1.02011173184
241234,241241,242119,7,878,2,36000,1.00797266515
241235,241246,242219,11,973,2,36000,1.01130524152
241266,241272,242175,6,903,2,36000,1.00664451827
241282,241289,242315,7,1026,2,36000,1.00682261209
241284,241295,242384,11,1089,2,36000,1.0101010101
241322,241328,242354,6,1026,2,36000,1.00584795322
241324,241334,242413,10,1079,2,36000,1.00926784059
241352,241358,242316,6,958,2,36000,1.00626304802
241368,241374,242355,6,981,2,36000,1.00611620795
241370,241380,242217,10,837,2,36000,1.0119474313
241386,241392,242291,6,899,2,36000,1.00667408231
241402,241408,242363,6,955,2,36000,1.00628272251
241418,241424,242503,6,1079,2,36000,1.00556070436
241437,241443,242399,6,956,2,36000,1.00627615063
241453,241459,242453,6,994,2,36000,1.0060362173
241454,241465,242561,11,1096,2,36000,1.01003649635
241456,241471,242429,15,958,2,36000,1.01565762004
241457,241476,242662,19,1186,2,36000,1.01602023609
241474,241482,242531,8,1049,2,36000,1.00762631077
241490,241495,242523,5,1028,2,36000,1.00486381323
241509,241515,242513,6,998,2,36000,1.00601202405
241511,241521,242592,10,1071,2,36000,1.00933706816
241526,241532,242496,6,964,2,36000,1.00622406639
241545,241551,242490,6,939,2,36000,1.00638977636
241561,241567,242640,6,1073,2,36000,1.0055917987
241586,241592,242568,6,976,2,36000,1.00614754098
241602,241608,242724,6,1116,2,36000,1.00537634409
241604,241614,242649,10,1035,2,36000,1.00966183575
241625,241631,242661,6,1030,2,36000,1.00582524272
241641,241647,242767,6,1120,2,36000,1.00535714286
241666,241673,242582,7,909,2,36000,1.00770077008
241682,241688,242653,6,965,2,36000,1.00621761658
241720,241726,242788,6,1062,2,36000,1.00564971751
241757,241763,242661,6,898,2,36000,1.00668151448
241783,241789,242685,6,896,2,36000,1.00669642857
241798,241804,242780,6,976,2,36000,1.00614754098
241800,241810,242893,10,1083,2,36000,1.00923361034
241815,241821,242651,6,830,2,36000,1.00722891566
241855,241861,242977,6,1116,2,36000,1.00537634409
241886,241892,242956,6,1064,2,36000,1.00563909774
241914,241920,243004,6,1084,2,36000,1.00553505535
241945,241952,242974,7,1022,2,36000,1.00684931507
241965,241971,242973,6,1002,2,36000,1.00598802395
241966,241977,242936,11,959,2,36000,1.01147028154
241980,242012,242204,32,192,4,10800,1.16666666667
241981,242194,242204,213,10,4,10800,22.3
241981,242069,242204,88,135,4,10800,1.65185185185
241984,242234,242235,250,1,4,10800,25.1
241984,242229,242230,245,1,4,10800,24.6
241984,242218,242224,234,6,4,10800,24.0
241984,242224,242226,240,2,4,10800,24.2
242000,242006,242979,6,973,2,36000,1.00616649538
242018,242025,242871,7,846,2,36000,1.00827423168
242056,242063,243073,7,1010,2,36000,1.00693069307
242064,242241,244458,177,2217,2,7200,1.0798376184
242106,242113,243270,7,1157,2,36000,1.00605012965
242121,242128,243023,7,895,2,36000,1.00782122905
242137,242144,243177,7,1033,2,36000,1.00677637948
242141,242246,244071,105,1825,2,7200,1.05753424658
242165,242171,243134,6,963,2,36000,1.0062305296
242181,242188,243152,7,964,2,36000,1.00726141079
242183,242200,243074,17,874,2,36000,1.01945080092
242184,242205,243051,21,846,2,36000,1.02482269504
242189,242251,246245,62,3994,2,7200,1.01552328493
242201,242212,243235,11,1023,2,36000,1.01075268817
242203,242256,243131,53,875,2,36000,1.06057142857
242218,242262,243170,44,908,2,36000,1.04845814978
242220,242267,243164,47,897,2,36000,1.05239687848
242221,242272,243275,51,1003,2,36000,1.05084745763
242237,242278,243299,41,1021,2,36000,1.04015670911
242278,242284,243364,6,1080,2,36000,1.00555555556
242294,242300,243295,6,995,2,36000,1.00603015075
242309,242316,243193,7,877,2,36000,1.00798175599
242325,242332,243306,7,974,2,36000,1.00718685832
242327,242338,243302,11,964,2,36000,1.01141078838
242328,242343,243348,15,1005,2,36000,1.01492537313
242357,242364,243439,7,1075,2,36000,1.00651162791
242359,242370,243359,11,989,2,36000,1.0111223458
242375,242381,243380,6,999,2,36000,1.00600600601
242385,242424,246350,39,3926,4,10800,1.00993377483
242385,242464,253295,79,10831,4,10800,1.00729387868
242386,242791,246044,405,3253,4,10800,1.12450046111
242386,242604,245297,218,2693,4,10800,1.0809506127
242386,242735,245439,349,2704,4,10800,1.12906804734
242387,243306,245830,919,2524,4,10800,1.36410459588
242387,242984,246472,597,3488,4,10800,1.17115825688
242387,243142,246572,755,3430,4,10800,1.22011661808
242387,243181,245656,794,2475,4,10800,1.32080808081
242388,243375,246362,987,2987,4,10800,1.33043187144
242388,243320,245995,932,2675,4,10800,1.34841121495
242388,244084,248060,1696,3976,4,10800,1.42655935614
242389,245412,248318,3023,2906,4,10800,2.04026152787
242389,245310,248677,2921,3367,4,10800,1.86753786754
242389,245406,249141,3017,3735,4,10800,1.8077643909
242389,244498,247327,2109,2829,4,10800,1.7454931071
242390,242398,243677,8,1279,2,36000,1.00625488663
242390,245846,248788,3456,2942,4,10800,2.1747110809
242390,245451,250323,3061,4872,4,10800,1.62828407225
242390,246008,249671,3618,3663,4,10800,1.98771498771
242390,245672,248035,3282,2363,4,10800,2.38891239949
242406,242413,243483,7,1070,2,36000,1.00654205607
242422,242431,243528,9,1097,2,36000,1.00820419325
242437,242445,243561,8,1116,2,36000,1.00716845878
242456,242502,243708,46,1206,2,36000,1.03814262023
242490,242509,243541,19,1032,2,36000,1.01841085271
242506,242516,243470,10,954,2,36000,1.01048218029
242508,242525,243483,17,958,2,36000,1.01774530271
242524,242536,243503,12,967,2,36000,1.01240951396
242525,242543,243459,18,916,2,36000,1.01965065502
242541,242580,243404,39,824,2,36000,1.04733009709
242564,242595,243676,31,1081,2,36000,1.02867715079
242579,242653,243602,74,949,2,36000,1.0779768177
242595,242663,243594,68,931,2,36000,1.07303974221
242596,242670,243653,74,983,2,36000,1.07527975585
242642,242677,243630,35,953,2,36000,1.03672612802
242658,242682,243622,24,940,2,36000,1.02553191489
242660,242687,243594,27,907,2,36000,1.02976846748
242661,242697,243705,36,1008,2,36000,1.03571428571
242678,242801,243784,123,983,2,36000,1.12512716175
242680,242883,243765,203,882,2,36000,1.23015873016
242681,242905,244089,224,1184,2,36000,1.18918918919
242697,242968,243909,271,941,2,36000,1.28799149841
242726,242992,243996,266,1004,2,36000,1.26494023904
242770,242997,244054,227,1057,2,36000,1.21475875118
242786,243016,243988,230,972,2,36000,1.2366255144
242801,243034,244112,233,1078,2,36000,1.21614100186
242874,243063,243900,189,837,2,36000,1.22580645161
242893,243086,244129,193,1043,2,36000,1.18504314477
242937,243091,244066,154,975,2,36000,1.15794871795
242957,243150,244182,193,1032,2,36000,1.18701550388
242976,243164,244157,188,993,2,36000,1.18932527694
242978,243189,244079,211,890,2,36000,1.23707865169
242994,243247,244203,253,956,2,36000,1.26464435146
242996,243282,244220,286,938,2,36000,1.30490405117
243012,243289,244269,277,980,2,36000,1.28265306122
243028,243314,244271,286,957,2,36000,1.29885057471
243054,243361,244390,307,1029,2,36000,1.29834791059
243077,243392,244597,315,1205,2,36000,1.26141078838
243078,243416,244439,338,1023,2,36000,1.33040078201
243132,243452,244666,320,1214,2,36000,1.26359143328
243149,243472,244444,323,972,2,36000,1.33230452675
243166,243482,244428,316,946,2,36000,1.33403805497
243168,243495,244586,327,1091,2,36000,1.29972502291
243185,243500,244813,315,1313,2,36000,1.23990860625
243186,243514,244472,328,958,2,36000,1.34237995825
243202,243540,244490,338,950,2,36000,1.35578947368
243245,243553,244589,308,1036,2,36000,1.2972972973
243271,243573,244561,302,988,2,36000,1.30566801619
243288,243605,244561,317,956,2,36000,1.33158995816
243308,243610,244550,302,940,2,36000,1.32127659574
243310,243618,244580,308,962,2,36000,1.32016632017
243311,243634,244714,323,1080,2,36000,1.29907407407
243313,243643,244605,330,962,2,36000,1.34303534304
243352,243665,244626,313,961,2,36000,1.32570239334
243393,243689,244655,296,966,2,36000,1.30641821946
243394,243694,244647,300,953,2,36000,1.314795383
243396,243717,244677,321,960,2,36000,1.334375
243412,243724,244510,312,786,2,36000,1.39694656489
243441,243777,244637,336,860,2,36000,1.39069767442
243461,243796,244763,335,967,2,36000,1.34643226474
243478,243913,244911,435,998,2,36000,1.43587174349
243496,243921,244800,425,879,2,36000,1.4835039818
243497,244000,245129,503,1129,2,36000,1.44552701506
243514,244008,245069,494,1061,2,36000,1.46559849199
243530,244066,245260,536,1194,2,36000,1.44891122278
243547,244078,245066,531,988,2,36000,1.53744939271
243563,244092,245141,529,1049,2,36000,1.50428979981
243597,244101,245038,504,937,2,36000,1.537886873
243598,244125,245128,527,1003,2,36000,1.52542372881
243615,244141,245099,526,958,2,36000,1.5490605428
243631,244169,245241,538,1072,2,36000,1.50186567164
243633,244195,245429,562,1234,2,36000,1.45542949757
243655,244215,245083,560,868,2,36000,1.64516129032
243676,244232,245135,556,903,2,36000,1.61572535991
243692,244281,245272,589,991,2,36000,1.59434914228
243709,244288,245259,579,971,2,36000,1.59629248198
243711,244402,245333,691,931,2,36000,1.74221267454
243765,244440,245422,675,982,2,36000,1.68737270876
243785,244452,245412,667,960,2,36000,1.69479166667
243904,244459,245584,555,1125,2,36000,1.49333333333
243921,244484,245489,563,1005,2,36000,1.56019900498
243988,244506,245593,518,1087,2,36000,1.47654093836
244005,244522,245505,517,983,2,36000,1.52594099695
244056,244562,245648,506,1086,2,36000,1.46593001842
244073,244573,245483,500,910,2,36000,1.54945054945
244090,244578,245599,488,1021,2,36000,1.47796278159
244092,244593,245623,501,1030,2,36000,1.48640776699
244115,244600,245476,485,876,2,36000,1.55365296804
244131,244607,245571,476,964,2,36000,1.49377593361
244154,244614,245647,460,1033,2,36000,1.44530493708
244183,244621,245657,438,1036,2,36000,1.42277992278
244205,244638,245638,433,1000,2,36000,1.433
244221,244649,245697,428,1048,2,36000,1.40839694656
244270,244660,245682,390,1022,2,36000,1.38160469667
244286,244667,245600,381,933,2,36000,1.40836012862
244391,244678,245718,287,1040,2,36000,1.27596153846
244431,244689,245684,258,995,2,36000,1.25929648241
244447,244727,245665,280,938,2,36000,1.29850746269
244448,244775,245847,327,1072,2,36000,1.30503731343
244474,244813,245668,339,855,2,36000,1.39649122807
244490,244825,245822,335,997,2,36000,1.33600802407
244513,244923,245903,410,980,2,36000,1.41836734694
244552,245050,245964,498,914,2,36000,1.54485776805
244568,245079,246172,511,1093,2,36000,1.46752058554
244570,245086,246229,516,1143,2,36000,1.45144356955
244594,245095,246131,501,1036,2,36000,1.48359073359
244595,245111,246708,516,1597,2,36000,1.32310582342
244597,245140,246184,543,1044,2,36000,1.52011494253
244646,245146,246107,500,961,2,36000,1.52029136316
244647,245152,246012,505,860,2,36000,1.58720930233
244649,245159,246147,510,988,2,36000,1.51619433198
244650,245253,246221,603,968,2,36000,1.6229338843
244667,245271,246394,604,1123,2,36000,1.53784505788
244669,245278,246411,609,1133,2,36000,1.53751103266
244670,245284,246294,614,1010,2,36000,1.60792079208
244687,245346,246256,659,910,2,36000,1.72417582418
244713,245424,246483,711,1059,2,36000,1.67138810198
244766,245435,246486,669,1051,2,36000,1.63653663178
244803,245442,246334,639,892,2,36000,1.716367713
244820,245489,246532,669,1043,2,36000,1.6414189837
244914,245496,246545,582,1049,2,36000,1.55481410867
244919,246013,247313,1094,1300,2,21600,1.84153846154
244942,246256,246857,1314,601,4,356400,3.18635607321
244957,246055,249674,1098,3619,2,21600,1.30339872893
245041,245503,246470,462,967,2,36000,1.47776628749
245067,245517,246536,450,1019,2,36000,1.441609421
245084,245583,246601,499,1018,2,36000,1.49017681729
245085,245597,246670,512,1073,2,36000,1.47716682199
245102,245605,246547,503,942,2,36000,1.53397027601
245128,245612,246710,484,1098,2,36000,1.44080145719
245145,245617,246598,472,981,2,36000,1.48114169215
245146,245635,246600,489,965,2,36000,1.5067357513
245148,245650,246592,502,942,2,36000,1.53290870488
245243,245659,246950,416,1291,2,36000,1.32223082881
245260,245666,246602,406,936,2,36000,1.43376068376
245261,245678,246676,417,998,2,36000,1.41783567134
245278,245684,246488,406,804,2,36000,1.50497512438
245337,245690,246643,353,953,2,36000,1.370409234
245414,245697,246592,283,895,2,36000,1.31620111732
245431,245702,246638,271,936,2,36000,1.28952991453
245432,245709,246838,277,1129,2,36000,1.24534986714
245478,245731,246684,253,953,2,36000,1.26547743966
245495,245834,246802,339,968,2,36000,1.35020661157
245497,245859,246848,362,989,2,36000,1.36602628918
245514,245915,246946,401,1031,2,36000,1.38894277401
245571,245976,246930,405,954,2,36000,1.42452830189
245588,246025,246959,437,934,2,36000,1.46788008565
245606,246119,247198,513,1079,2,36000,1.47544022243
245607,246143,247189,536,1046,2,36000,1.51242829828
245609,246158,247164,549,1006,2,36000,1.54572564612
245651,246183,247230,532,1047,2,36000,1.50811843362
245652,246195,247161,543,966,2,36000,1.56211180124
245654,246232,247200,578,968,2,36000,1.59710743802
245655,246240,247163,585,923,2,36000,1.6338028169
245674,246268,247364,594,1096,2,36000,1.54197080292
245676,246305,247393,629,1088,2,36000,1.578125
245677,246345,247301,668,956,2,36000,1.69874476987
245696,246362,247291,666,929,2,36000,1.71689989236
245697,246367,247395,670,1028,2,36000,1.65175097276
245699,246374,247486,675,1112,2,36000,1.60701438849
245719,246379,247412,660,1033,2,36000,1.63891577928
245827,246405,247493,578,1088,2,36000,1.53125
245847,246423,247330,576,907,2,36000,1.63506063947
245907,246481,247370,574,889,2,36000,1.64566929134
245966,246488,247648,522,1160,2,36000,1.45
246015,246493,247473,478,980,2,36000,1.48775510204
246111,246500,247678,389,1178,2,36000,1.33022071307
246134,246506,247437,372,931,2,36000,1.39957035446
246151,246511,247328,360,817,2,36000,1.44063647491
246174,246543,247522,369,979,2,36000,1.37691521961
246190,246550,247410,360,860,2,36000,1.41860465116
246224,246557,247526,333,969,2,36000,1.34365325077
246240,246564,247437,324,873,2,36000,1.37113402062
246259,246584,247647,325,1063,2,36000,1.30573847601
246295,246589,247601,294,1012,2,36000,1.29051383399
246337,246604,247573,267,969,2,36000,1.27554179567
246395,246610,247462,215,852,2,36000,1.25234741784
246412,246617,247717,205,1100,2,36000,1.18636363636
246472,246622,247576,150,954,2,36000,1.1572327044
246489,246627,247502,138,875,2,36000,1.15771428571
246490,246632,247646,142,1014,2,36000,1.14003944773
246492,246650,247813,158,1163,2,36000,1.135855546
246534,246657,247549,123,892,2,36000,1.13789237668
246551,246681,247671,130,990,2,36000,1.13131313131
246553,246688,247619,135,931,2,36000,1.14500537057
246554,246696,247651,142,955,2,36000,1.14869109948
246590,246721,247571,131,850,2,36000,1.15411764706
246611,246726,247776,115,1050,2,36000,1.10952380952
246613,246813,247689,200,876,2,36000,1.22831050228
246614,246849,247672,235,823,2,36000,1.28554070474
246616,246859,247892,243,1033,2,36000,1.23523717328
246617,246868,247833,251,965,2,36000,1.26010362694
246641,246873,247948,232,1075,2,36000,1.21581395349
246657,246918,247975,261,1057,2,36000,1.24692526017
246673,246941,247972,268,1031,2,36000,1.25994180407
246690,246957,247854,267,897,2,36000,1.29765886288
246691,246963,247940,272,977,2,36000,1.27840327533
246711,246971,247988,260,1017,2,36000,1.25565388397
246713,247172,248204,459,1032,2,36000,1.44476744186
246805,247178,248160,373,982,2,36000,1.37983706721
246840,247183,248187,343,1004,2,36000,1.34163346614
246856,247200,248225,344,1025,2,36000,1.3356097561
246933,247209,248172,276,963,2,36000,1.28660436137
246950,247216,248166,266,950,2,36000,1.28
246951,247241,248193,290,952,2,36000,1.30462184874
246967,247303,248413,336,1110,2,36000,1.3027027027
247163,247312,248273,149,961,2,36000,1.15504682622
247165,247324,248329,159,1005,2,36000,1.15820895522
247198,247339,248325,141,986,2,36000,1.1430020284
247200,247345,248321,145,976,2,36000,1.14856557377
247201,247350,248261,149,911,2,36000,1.16355653128
247219,247356,248400,137,1044,2,36000,1.13122605364
247235,247375,248315,140,940,2,36000,1.14893617021
247298,247382,248372,84,990,2,36000,1.08484848485
247315,247404,248764,89,1360,2,36000,1.06544117647
247331,247411,248217,80,806,2,36000,1.09925558313
247333,247421,248362,88,941,2,36000,1.09351753454
247338,247958,247999,620,41,4,356400,16.1219512195
247365,247428,248481,63,1053,2,36000,1.05982905983
247382,247448,248541,66,1093,2,36000,1.06038426349
247398,247453,248518,55,1065,2,36000,1.05164319249
247399,247473,248319,74,846,2,36000,1.08747044917
247416,247484,248494,68,1010,2,36000,1.06732673267
247417,247500,248334,83,834,2,36000,1.09952038369
247443,247507,248496,64,989,2,36000,1.06471183013
247444,247513,248464,69,951,2,36000,1.07255520505
247464,247534,248595,70,1061,2,36000,1.06597549482
247480,247541,248586,61,1045,2,36000,1.05837320574
247498,247560,248592,62,1032,2,36000,1.06007751938
247499,247582,248522,83,940,2,36000,1.08829787234
247516,247589,248479,73,890,2,36000,1.08202247191
247532,247594,248606,62,1012,2,36000,1.06126482213
247533,247612,248627,79,1015,2,36000,1.07783251232
247550,247632,248538,82,906,2,36000,1.09050772627
247573,247657,248656,84,999,2,36000,1.08408408408
247574,247663,248681,89,1018,2,36000,1.08742632613
247591,247668,248709,77,1041,2,36000,1.0739673391
247607,247674,248814,67,1140,2,36000,1.05877192982
247623,247683,248578,60,895,2,36000,1.06703910615
247648,247688,248604,40,916,2,36000,1.04366812227
247649,247694,248704,45,1010,2,36000,1.04455445545
247651,247701,248672,50,971,2,36000,1.05149330587
247668,247728,248715,60,987,2,36000,1.06079027356
247684,247787,248834,103,1047,2,36000,1.09837631328
247686,247824,248821,138,997,2,36000,1.13841524574
247687,247845,248877,158,1032,2,36000,1.15310077519
247703,247866,248911,163,1045,2,36000,1.15598086124
247719,247903,248871,184,968,2,36000,1.19008264463
247777,247951,248882,174,931,2,36000,1.18689581096
247815,247983,248905,168,922,2,36000,1.18221258134
247834,247989,249024,155,1035,2,36000,1.14975845411
247857,247999,249023,142,1024,2,36000,1.138671875
247894,248011,248993,117,982,2,36000,1.11914460285
247942,248016,249026,74,1010,2,36000,1.07326732673
247958,248047,249025,89,978,2,36000,1.09100204499
247974,248052,249044,78,992,2,36000,1.07862903226
247991,248067,249066,76,999,2,36000,1.07607607608
247992,248073,249140,81,1067,2,36000,1.07591377694
248163,248170,249244,7,1074,2,36000,1.00651769088
248179,248185,249148,6,963,2,36000,1.0062305296
248181,248191,249165,10,974,2,36000,1.01026694045
248197,248204,249192,7,988,2,36000,1.00708502024
248199,248210,249131,11,921,2,36000,1.01194353963
248215,248221,249127,6,906,2,36000,1.00662251656
248230,248236,249117,6,881,2,36000,1.00681044268
248232,248242,249278,10,1036,2,36000,1.00965250965
248265,248271,249265,6,994,2,36000,1.0060362173
248280,248286,249293,6,1007,2,36000,1.00595829196
248318,248327,249380,9,1053,2,36000,1.00854700855
248335,248340,249402,5,1062,2,36000,1.00470809793
248336,248347,249293,11,946,2,36000,1.01162790698
248338,248352,249298,14,946,2,36000,1.01479915433
248339,248357,249337,18,980,2,36000,1.01836734694
248341,248363,249383,22,1020,2,36000,1.02156862745
248364,248370,249280,6,910,2,36000,1.00659340659
248379,248385,249450,6,1065,2,36000,1.00563380282
248402,248408,249389,6,981,2,36000,1.00611620795
248418,248424,249266,6,842,2,36000,1.00712589074
248472,248478,249445,6,967,2,36000,1.00620475698
248489,248495,249541,6,1046,2,36000,1.00573613767
248491,248501,250132,10,1631,2,36000,1.00613120785
248506,248513,249510,7,997,2,36000,1.00702106319
248508,248520,249395,12,875,2,36000,1.01371428571
248524,248530,249453,6,923,2,36000,1.00650054171
248526,248536,249464,10,928,2,36000,1.01077586207
248542,248549,249431,7,882,2,36000,1.00793650794
248544,248560,249509,16,949,2,36000,1.01685985248
248546,248555,330472,9,81917,1,576000,1.0001098673
248579,248585,249624,6,1039,2,36000,1.00577478345
248595,248602,249647,7,1045,2,36000,1.00669856459
248597,248608,249607,11,999,2,36000,1.01101101101
248599,248613,249742,14,1129,2,36000,1.0124003543
248615,248621,249518,6,897,2,36000,1.00668896321
248617,248627,249612,10,985,2,36000,1.01015228426
248633,248639,249537,6,898,2,36000,1.00668151448
248659,248666,249643,7,977,2,36000,1.00716479017
248676,248682,249519,6,837,2,36000,1.00716845878
248705,248711,249747,6,1036,2,36000,1.00579150579
248706,248717,249645,11,928,2,36000,1.01185344828
248722,248729,249705,7,976,2,36000,1.00717213115
248724,248735,249689,11,954,2,36000,1.01153039832
248768,248774,249902,6,1128,2,36000,1.00531914894
248818,248824,249808,6,984,2,36000,1.00609756098
248834,248840,249739,6,899,2,36000,1.00667408231
248835,248846,249932,11,1086,2,36000,1.01012891344
248874,248880,249854,6,974,2,36000,1.00616016427
248890,248896,249911,6,1015,2,36000,1.00591133005
248892,248902,249798,10,896,2,36000,1.01116071429
248908,248914,249863,6,949,2,36000,1.00632244468
248924,248930,250006,6,1076,2,36000,1.00557620818
248995,249002,249923,7,921,2,36000,1.00760043431
249024,249030,250028,6,998,2,36000,1.00601202405
249026,249036,249962,10,926,2,36000,1.01079913607
249042,249049,249964,7,915,2,36000,1.00765027322
249044,249055,250134,11,1079,2,36000,1.01019462465
249060,249066,249953,6,887,2,36000,1.0067643743
249075,249081,250048,6,967,2,36000,1.00620475698
249119,249125,250182,6,1057,2,36000,1.00567644276
249135,249141,250128,6,987,2,36000,1.00607902736
249136,249147,250181,11,1034,2,36000,1.01063829787
249153,249159,250137,6,978,2,36000,1.00613496933
249154,249165,250166,11,1001,2,36000,1.01098901099
249170,249176,250173,6,997,2,36000,1.00601805416
249192,249198,250194,6,996,2,36000,1.00602409639
249244,249251,250278,7,1027,2,36000,1.00681596884
249267,249273,250195,6,922,2,36000,1.00650759219
249268,249279,250144,11,865,2,36000,1.01271676301
249284,249290,250323,6,1033,2,36000,1.00580832527
249286,249296,250372,10,1076,2,36000,1.0092936803
249303,249309,250274,6,965,2,36000,1.00621761658
249304,249315,250285,11,970,2,36000,1.01134020619
249306,249320,250255,14,935,2,36000,1.01497326203
249337,249344,250377,7,1033,2,36000,1.00677637948
249381,249387,250390,6,1003,2,36000,1.00598205384
249397,249403,250290,6,887,2,36000,1.0067643743
249399,249409,250398,10,989,2,36000,1.01011122346
249400,249414,250401,14,987,2,36000,1.01418439716
249416,249422,250636,6,1214,2,36000,1.00494233937
249435,249442,250393,7,951,2,36000,1.00736067298
249453,249459,250697,6,1238,2,36000,1.00484652666
249454,249465,250621,11,1156,2,36000,1.00951557093
249456,249470,250464,14,994,2,36000,1.01408450704
249478,249485,250455,7,970,2,36000,1.00721649485
249513,249519,250500,6,981,2,36000,1.00611620795
249514,249525,250512,11,987,2,36000,1.01114488349
249530,249537,250533,7,996,2,36000,1.00702811245
249532,249543,250545,11,1002,2,36000,1.01097804391
249548,249554,250603,6,1049,2,36000,1.00571973308
249549,249560,250677,11,1117,2,36000,1.00984780662
249608,249614,250605,6,991,2,36000,1.00605449041
249630,249635,250720,5,1085,2,36000,1.00460829493
249631,249642,250483,11,841,2,36000,1.01307966706
249649,249654,250613,5,959,2,36000,1.00521376434
249650,249660,250682,10,1022,2,36000,1.00978473581
249652,249665,250559,13,894,2,36000,1.01454138702
249686,249693,250677,7,984,2,36000,1.00711382114
249705,249711,250779,6,1068,2,36000,1.00561797753
249740,249746,250768,6,1022,2,36000,1.00587084149
249755,249761,250828,6,1067,2,36000,1.00562324274
249757,249767,250717,10,950,2,36000,1.01052631579
249800,249806,251057,6,1251,2,36000,1.00479616307
249814,249968,260349,154,10381,9,43200,1.01483479434
249816,249822,250927,6,1105,2,36000,1.00542986425
249856,249862,250973,6,1111,2,36000,1.00540054005
249871,249878,250853,7,975,2,36000,1.00717948718
249903,249909,250858,6,949,2,36000,1.00632244468
249919,249925,250852,6,927,2,36000,1.00647249191
249935,249941,250904,6,963,2,36000,1.0062305296
249936,249947,250992,11,1045,2,36000,1.01052631579
249955,249962,250990,7,1028,2,36000,1.00680933852
249972,249978,251098,6,1120,2,36000,1.00535714286
249973,249984,250937,11,953,2,36000,1.01154249738
250008,250014,251202,6,1188,2,36000,1.00505050505
250030,250036,251102,6,1066,2,36000,1.00562851782
250049,250055,251037,6,982,2,36000,1.00610997963
250131,250137,251118,6,981,2,36000,1.00611620795
250147,250153,251172,6,1019,2,36000,1.00588812561
250149,250159,251196,10,1037,2,36000,1.00964320154
250150,250164,251336,14,1172,2,36000,1.01194539249
250152,250169,251285,17,1116,2,36000,1.01523297491
250168,250176,251194,8,1018,2,36000,1.00785854617
250185,250191,251312,6,1121,2,36000,1.00535236396
250186,250197,251080,11,883,2,36000,1.01245753114
250188,250202,251099,14,897,2,36000,1.01560758082
250206,250212,251321,6,1109,2,36000,1.00541027953
250207,250218,251257,11,1039,2,36000,1.01058710298
250257,250263,251200,6,937,2,36000,1.00640341515
250276,250282,251292,6,1010,2,36000,1.00594059406
250292,250298,251284,6,986,2,36000,1.0060851927
250293,250304,251198,11,894,2,36000,1.01230425056
250295,250310,251162,15,852,2,36000,1.0176056338
250327,250333,251202,6,869,2,36000,1.00690448792
250373,250380,251314,7,934,2,36000,1.00749464668
250390,250396,251540,6,1144,2,36000,1.00524475524
250391,250402,251352,11,950,2,36000,1.01157894737
250408,250414,251544,6,1130,2,36000,1.00530973451
250409,250420,251441,11,1021,2,36000,1.01077375122
250411,250425,251470,14,1045,2,36000,1.01339712919
250459,250465,251385,6,920,2,36000,1.00652173913
250474,250480,251501,6,1021,2,36000,1.00587659158
250490,250496,251770,6,1274,2,36000,1.00470957614
250506,250512,251527,6,1015,2,36000,1.00591133005
250522,250528,251641,6,1113,2,36000,1.00539083558
250537,250543,251470,6,927,2,36000,1.00647249191
250553,250559,251563,6,1004,2,36000,1.00597609562
250569,250575,251574,6,999,2,36000,1.00600600601
250604,250610,251614,6,1004,2,36000,1.00597609562
250605,250616,251684,11,1068,2,36000,1.01029962547
250621,250627,251684,6,1057,2,36000,1.00567644276
250622,250633,251782,11,1149,2,36000,1.00957354221
250639,250645,251509,6,864,2,36000,1.00694444444
250679,250686,251859,7,1173,2,36000,1.00596760443
250681,250692,251673,11,981,2,36000,1.01121304791
250697,250703,251690,6,987,2,36000,1.00607902736
250698,250709,251610,11,901,2,36000,1.01220865705
250721,250727,251897,6,1170,2,36000,1.00512820513
250723,250733,251793,10,1060,2,36000,1.00943396226
250776,250782,251885,6,1103,2,36000,1.00543970988
250795,250802,251943,7,1141,2,36000,1.00613496933
250830,250837,251900,7,1063,2,36000,1.00658513641
250856,250862,251784,6,922,2,36000,1.00650759219
250857,250868,251820,11,952,2,36000,1.01155462185
250860,250948,250959,88,11,1,14400,9.0
250876,250882,251901,6,1019,2,36000,1.00588812561
250897,250953,250965,56,12,1,14400,5.66666666667
250917,250923,251821,6,898,2,36000,1.00668151448
250933,250939,251993,6,1054,2,36000,1.00569259962
250935,250970,250980,35,10,1,14400,4.5
250949,250960,251889,11,929,2,36000,1.01184068891
250974,250980,252001,6,1021,2,36000,1.00587659158
250990,250996,252305,6,1309,2,36000,1.00458365164
251005,251011,251898,6,887,2,36000,1.0067643743
251040,251046,251992,6,946,2,36000,1.00634249471
251059,251065,252036,6,971,2,36000,1.0061791967
251082,251088,252161,6,1073,2,36000,1.0055917987
251101,251107,252090,6,983,2,36000,1.00610376399
251102,251113,252191,11,1078,2,36000,1.01020408163
251114,251184,251836,70,652,4,356400,1.10736196319
251118,251124,252152,6,1028,2,36000,1.00583657588
251120,251130,252087,10,957,2,36000,1.01044932079
251164,251170,252096,6,926,2,36000,1.00647948164
251179,251190,252232,11,1042,2,36000,1.01055662188
251195,251201,252196,6,995,2,36000,1.00603015075
251197,251207,252096,10,889,2,36000,1.01124859393
251208,251214,260338,6,9124,2,14400,1.00065760631
251215,251221,252214,6,993,2,36000,1.00604229607
251216,251227,252267,11,1040,2,36000,1.01057692308
251218,251232,252278,14,1046,2,36000,1.01338432122
251219,251237,252163,18,926,2,36000,1.01943844492
251257,251263,252234,6,971,2,36000,1.0061791967
251287,251294,252252,7,958,2,36000,1.00730688935
251289,251300,252506,11,1206,2,36000,1.00912106136
251305,251311,252506,6,1195,2,36000,1.0050209205
251318,251325,424131,7,172806,4,172800,1.00004050785
251321,251331,252304,10,973,2,36000,1.01027749229
251323,251336,252366,13,1030,2,36000,1.01262135922
251324,251341,252345,17,1004,2,36000,1.01693227092
251341,251347,252188,6,841,2,36000,1.00713436385
251357,251363,252349,6,986,2,36000,1.0060851927
251386,251392,252381,6,989,2,36000,1.00606673407
251443,251449,252357,6,908,2,36000,1.00660792952
251471,251477,252524,6,1047,2,36000,1.00573065903
251473,251483,252491,10,1008,2,36000,1.00992063492
251501,251507,252473,6,966,2,36000,1.00621118012
251517,251523,252554,6,1031,2,36000,1.00581959263
251533,251539,252421,6,882,2,36000,1.00680272109
251548,251554,252557,6,1003,2,36000,1.00598205384
251550,251560,252496,10,936,2,36000,1.01068376068
251565,251571,252572,6,1001,2,36000,1.00599400599
251581,251587,252497,6,910,2,36000,1.00659340659
251612,251618,252557,6,939,2,36000,1.00638977636
251627,251633,252640,6,1007,2,36000,1.00595829196
251643,251649,252715,6,1066,2,36000,1.00562851782
251675,251681,252653,6,972,2,36000,1.00617283951
251691,251697,252718,6,1021,2,36000,1.00587659158
251693,251703,252564,10,861,2,36000,1.01161440186
251694,251708,252841,14,1133,2,36000,1.01235657546
251772,251778,252628,6,850,2,36000,1.00705882353
251788,251794,252716,6,922,2,36000,1.00650759219
251790,251800,252751,10,951,2,36000,1.01051524711
251805,251811,252738,6,927,2,36000,1.00647249191
251822,251828,252761,6,933,2,36000,1.00643086817
251824,251834,252808,10,974,2,36000,1.01026694045
251861,251867,252846,6,979,2,36000,1.00612870276
251886,251892,252975,6,1083,2,36000,1.0055401662
251903,251909,253116,6,1207,2,36000,1.00497100249
251905,251915,252933,10,1018,2,36000,1.00982318271
251906,251920,252905,14,985,2,36000,1.01421319797
251908,251925,252992,17,1067,2,36000,1.01593252109
251909,251931,252921,22,990,2,36000,1.02222222222
251944,251950,253123,6,1173,2,36000,1.00511508951
251990,251996,252902,6,906,2,36000,1.00662251656
252008,252014,252995,6,981,2,36000,1.00611620795
252010,252020,253289,10,1269,2,36000,1.00788022065
252038,252044,253121,6,1077,2,36000,1.00557103064
252087,252093,253216,6,1123,2,36000,1.0053428317
252103,252109,253147,6,1038,2,36000,1.00578034682
252104,252115,253064,11,949,2,36000,1.01159114858
252106,252120,253063,14,943,2,36000,1.01484623542
252153,252159,253821,6,1662,2,36000,1.0036101083
252169,252174,253245,5,1071,2,36000,1.00466853408
252170,252180,253183,10,1003,2,36000,1.00997008973
252189,252195,253280,6,1085,2,36000,1.00552995392
252205,252211,253023,6,812,2,36000,1.00738916256
252206,252217,253202,11,985,2,36000,1.01116751269
252222,252228,253285,6,1057,2,36000,1.00567644276
252238,252243,253215,5,972,2,36000,1.00514403292
252239,252249,253329,10,1080,2,36000,1.00925925926
252255,252261,253294,6,1033,2,36000,1.00580832527
252273,252279,253191,6,912,2,36000,1.00657894737
252298,252304,253562,6,1258,2,36000,1.00476947536
252315,252321,253407,6,1086,2,36000,1.00552486188
252316,252327,253352,11,1025,2,36000,1.01073170732
252348,252354,253271,6,917,2,36000,1.00654307525
252350,252360,253119,10,759,2,36000,1.01317523057
252372,252378,253381,6,1003,2,36000,1.00598205384
252373,252384,253254,11,870,2,36000,1.01264367816
252390,252396,253219,6,823,2,36000,1.00729040097
252424,252430,253346,6,916,2,36000,1.00655021834
252474,252480,253403,6,923,2,36000,1.00650054171
252493,252499,253535,6,1036,2,36000,1.00579150579
252510,252516,253636,6,1120,2,36000,1.00535714286
252511,252522,253648,11,1126,2,36000,1.00976909414
252513,252527,253566,14,1039,2,36000,1.01347449471
252514,252533,253583,19,1050,2,36000,1.0180952381
252530,252539,253486,9,947,2,36000,1.00950369588
252555,252561,253440,6,879,2,36000,1.00682593857
252571,252577,253446,6,869,2,36000,1.00690448792
252572,252583,253530,11,947,2,36000,1.0116156283
252574,252588,253617,14,1029,2,36000,1.01360544218
252590,252596,253593,6,997,2,36000,1.00601805416
252630,252636,253668,6,1032,2,36000,1.00581395349
252645,252651,253806,6,1155,2,36000,1.00519480519
252661,252667,253973,6,1306,2,36000,1.0045941807
252717,252723,253653,6,930,2,36000,1.0064516129
252718,252729,253818,11,1089,2,36000,1.0101010101
252734,252740,253846,6,1106,2,36000,1.00542495479
252750,252756,253776,6,1020,2,36000,1.00588235294
252765,252771,253908,6,1137,2,36000,1.00527704485
252767,252777,253825,10,1048,2,36000,1.00954198473
252810,252816,253737,6,921,2,36000,1.00651465798
252843,252849,253856,6,1007,2,36000,1.00595829196
252858,252864,253830,6,966,2,36000,1.00621118012
252905,252911,253951,6,1040,2,36000,1.00576923077
252920,252926,253789,6,863,2,36000,1.00695249131
252936,252942,254274,6,1332,2,36000,1.0045045045
252937,252948,253824,11,876,2,36000,1.01255707763
252978,252984,253922,6,938,2,36000,1.00639658849
252993,252999,253997,6,998,2,36000,1.00601202405
253009,253015,253978,6,963,2,36000,1.0062305296
253024,253031,254043,7,1012,2,36000,1.00691699605
253066,253072,254122,6,1050,2,36000,1.00571428571
253067,253078,254056,11,978,2,36000,1.01124744376
253118,253124,254134,6,1010,2,36000,1.00594059406
253134,253140,254162,6,1022,2,36000,1.00587084149
253135,253146,254157,11,1011,2,36000,1.01088031652
253137,253151,254102,14,951,2,36000,1.01472134595
253152,253158,254080,6,922,2,36000,1.00650759219
253183,253189,254238,6,1049,2,36000,1.00571973308
253210,253216,254312,6,1096,2,36000,1.00547445255
253211,253222,254287,11,1065,2,36000,1.0103286385
253228,253234,254132,6,898,2,36000,1.00668151448
253230,253240,254167,10,927,2,36000,1.01078748652
253231,253246,254259,15,1013,2,36000,1.01480750247
253246,253252,254215,6,963,2,36000,1.0062305296
253262,253268,254314,6,1046,2,36000,1.00573613767
253277,253283,254172,6,889,2,36000,1.00674915636
253293,253300,254312,7,1012,2,36000,1.00691699605
253295,253306,254403,11,1097,2,36000,1.01002734731
253296,253311,254393,15,1082,2,36000,1.01386321627
253298,253316,254358,18,1042,2,36000,1.01727447217
253332,253339,254422,7,1083,2,36000,1.00646352724
253348,253354,254394,6,1040,2,36000,1.00576923077
253364,253370,254337,6,967,2,36000,1.00620475698
253382,253389,254396,7,1007,2,36000,1.00695134062
253404,253410,254234,6,824,2,36000,1.0072815534
253420,253426,254470,6,1044,2,36000,1.00574712644
253442,253448,254314,6,866,2,36000,1.00692840647
253458,253464,254562,6,1098,2,36000,1.00546448087
253489,253495,254459,6,964,2,36000,1.00622406639
253532,253538,254528,6,990,2,36000,1.00606060606
253547,253553,254628,6,1075,2,36000,1.00558139535
253563,253569,254597,6,1028,2,36000,1.00583657588
253578,253585,254538,7,953,2,36000,1.0073452256
253594,253600,254661,6,1061,2,36000,1.00565504241
253595,253606,254667,11,1061,2,36000,1.01036757776
253619,253625,254664,6,1039,2,36000,1.00577478345
253638,253644,254666,6,1022,2,36000,1.00587084149
253654,253660,254758,6,1098,2,36000,1.00546448087
253655,253666,254721,11,1055,2,36000,1.01042654028
253671,253677,254632,6,955,2,36000,1.00628272251
253739,253745,254791,6,1046,2,36000,1.00573613767
253779,253786,254787,7,1001,2,36000,1.00699300699
253795,253801,254720,6,919,2,36000,1.00652883569
253811,253817,254897,6,1080,2,36000,1.00555555556
253827,253833,254866,6,1033,2,36000,1.00580832527
253829,253839,254636,10,797,2,36000,1.01254705144
253830,253844,254741,14,897,2,36000,1.01560758082
253832,253850,254936,18,1086,2,36000,1.01657458564
253848,253856,254794,8,938,2,36000,1.00852878465
253849,253861,254932,12,1071,2,36000,1.01120448179
253865,253871,254956,6,1085,2,36000,1.00552995392
253911,253917,254915,6,998,2,36000,1.00601202405
253927,253933,254763,6,830,2,36000,1.00722891566
253952,253958,254945,6,987,2,36000,1.00607902736
253974,253980,255004,6,1024,2,36000,1.005859375
253989,253995,254863,6,868,2,36000,1.0069124424
254005,254011,255004,6,993,2,36000,1.00604229607
254045,254051,255010,6,959,2,36000,1.00625651721
254060,254067,255131,7,1064,2,36000,1.00657894737
254083,254089,255132,6,1043,2,36000,1.00575263663
254104,254111,255142,7,1031,2,36000,1.00678952473
254123,254129,255103,6,974,2,36000,1.00616016427
254139,254145,255008,6,863,2,36000,1.00695249131
254141,254151,255225,10,1074,2,36000,1.00931098696
254159,254165,255072,6,907,2,36000,1.00661521499
254175,254181,255164,6,983,2,36000,1.00610376399
254176,254187,255381,11,1194,2,36000,1.00921273032
254178,254192,255284,14,1092,2,36000,1.01282051282
254215,254221,255184,6,963,2,36000,1.0062305296
254237,254243,255294,6,1051,2,36000,1.00570884872
254253,254259,255245,6,986,2,36000,1.0060851927
254268,254274,255342,6,1068,2,36000,1.00561797753
254284,254290,255521,6,1231,2,36000,1.00487408611
254299,254305,255485,6,1180,2,36000,1.00508474576
254316,254322,255396,6,1074,2,36000,1.00558659218
254318,254328,255214,10,886,2,36000,1.01128668172
254319,254334,255296,15,962,2,36000,1.01559251559
254321,254339,255403,18,1064,2,36000,1.01691729323
254340,254346,255325,6,979,2,36000,1.00612870276
254358,254365,255446,7,1081,2,36000,1.00647548566
254394,254400,255480,6,1080,2,36000,1.00555555556
254395,254406,255311,11,905,2,36000,1.01215469613
254397,254411,255395,14,984,2,36000,1.01422764228
254412,254419,255383,7,964,2,36000,1.00726141079
254429,254435,255594,6,1159,2,36000,1.00517687662
254459,254465,255394,6,929,2,36000,1.00645855759
254479,254485,255563,6,1078,2,36000,1.00556586271
254529,254535,255391,6,856,2,36000,1.00700934579
254544,254553,255475,9,922,2,36000,1.00976138829
254564,254570,255544,6,974,2,36000,1.00616016427
254599,254606,255510,7,904,2,36000,1.00774336283
254630,254636,255767,6,1131,2,36000,1.00530503979
254646,254652,255666,6,1014,2,36000,1.00591715976
254648,254658,255730,10,1072,2,36000,1.00932835821
254663,254670,255605,7,935,2,36000,1.00748663102
254679,254686,256070,7,1384,2,36000,1.00505780347
254681,254692,255755,11,1063,2,36000,1.0103480715
254683,254697,255604,14,907,2,36000,1.01543550165
254721,254727,255775,6,1048,2,36000,1.00572519084
254722,254733,255679,11,946,2,36000,1.01162790698
254744,254750,255619,6,869,2,36000,1.00690448792
254759,254766,255633,7,867,2,36000,1.00807381776
254775,254781,255769,6,988,2,36000,1.00607287449
254790,254796,255916,6,1120,2,36000,1.00535714286
254792,254807,255743,15,936,2,36000,1.01602564103
254808,254814,255760,6,946,2,36000,1.00634249471
254865,254872,255909,7,1037,2,36000,1.00675024108
254867,254878,255891,11,1013,2,36000,1.01085883514
254898,254904,255898,6,994,2,36000,1.0060362173
254916,254923,255993,7,1070,2,36000,1.00654205607
254935,254942,255813,7,871,2,36000,1.00803673938
254937,254948,255881,11,933,2,36000,1.01178992497
254952,254959,255972,7,1013,2,36000,1.00691016782
254968,254974,256109,6,1135,2,36000,1.00528634361
255006,255013,256066,7,1053,2,36000,1.00664767331
255008,255019,255973,11,954,2,36000,1.01153039832
255023,255030,255995,7,965,2,36000,1.00725388601
255025,255036,256033,11,997,2,36000,1.0110330993
255074,255081,256096,7,1015,2,36000,1.00689655172
255105,255112,256126,7,1014,2,36000,1.00690335306
255134,255140,256066,6,926,2,36000,1.00647948164
255135,255146,256183,11,1037,2,36000,1.0106075217
255151,255157,256145,6,988,2,36000,1.00607287449
255166,255173,256061,7,888,2,36000,1.00788288288
255185,255191,256201,6,1010,2,36000,1.00594059406
255216,255223,256168,7,945,2,36000,1.00740740741
255233,255239,256252,6,1013,2,36000,1.00592300099
255249,255255,256331,6,1076,2,36000,1.00557620818
255286,255292,256250,6,958,2,36000,1.00626304802
255302,255309,256264,7,955,2,36000,1.00732984293
255304,255315,256329,11,1014,2,36000,1.01084812623
255319,255326,256200,7,874,2,36000,1.00800915332
255335,255341,256314,6,973,2,36000,1.00616649538
255350,255356,256313,6,957,2,36000,1.00626959248
255382,255391,256358,9,967,2,36000,1.00930713547
255399,255405,256326,6,921,2,36000,1.00651465798
255401,255411,256628,10,1217,2,36000,1.00821692687
255402,255417,256323,15,906,2,36000,1.01655629139
255404,255422,256342,18,920,2,36000,1.01956521739
255405,255427,256445,22,1018,2,36000,1.02161100196
255421,255433,256341,12,908,2,36000,1.01321585903
255449,255455,256512,6,1057,2,36000,1.00567644276
255477,255483,256485,6,1002,2,36000,1.00598802395
255497,255503,256587,6,1084,2,36000,1.00553505535
255499,255509,256511,10,1002,2,36000,1.00998003992
255516,255521,256532,5,1011,2,36000,1.00494559842
255531,255537,256529,6,992,2,36000,1.0060483871
255547,255553,256478,6,925,2,36000,1.00648648649
255572,255578,256378,6,800,2,36000,1.0075
255595,255601,256680,6,1079,2,36000,1.00556070436
255611,255618,256727,7,1109,2,36000,1.00631199279
255613,255624,256652,11,1028,2,36000,1.01070038911
255628,255634,256628,6,994,2,36000,1.0060362173
255644,255650,256517,6,867,2,36000,1.00692041522
255668,255675,256835,7,1160,2,36000,1.00603448276
255684,255690,256966,6,1276,2,36000,1.00470219436
255731,255737,256857,6,1120,2,36000,1.00535714286
255747,255753,256712,6,959,2,36000,1.00625651721
255763,255769,256858,6,1089,2,36000,1.00550964187
255764,255775,256765,11,990,2,36000,1.01111111111
255780,255786,256794,6,1008,2,36000,1.00595238095
255782,255792,256630,10,838,2,36000,1.01193317422
255783,255797,256842,14,1045,2,36000,1.01339712919
255814,255821,256782,7,961,2,36000,1.00728407908
255873,255879,255960,6,81,2,345600,1.07407407407
255883,255889,256840,6,951,2,36000,1.00630914826
255899,255905,257110,6,1205,2,36000,1.00497925311
255900,255911,256894,11,983,2,36000,1.01119023398
255916,255922,257059,6,1137,2,36000,1.00527704485
255917,255928,256846,11,918,2,36000,1.01198257081
255961,255986,557003,25,301017,2,345600,1.00008305179
255973,255980,256935,7,955,2,36000,1.00732984293
255975,255991,257051,16,1060,2,36000,1.01509433962
255994,256000,256971,6,971,2,36000,1.0061791967
255996,256006,257041,10,1035,2,36000,1.00966183575
256036,256042,256988,6,946,2,36000,1.00634249471
256061,256068,257062,7,994,2,36000,1.00704225352
256077,256084,257097,7,1013,2,36000,1.00691016782
256079,256090,257085,11,995,2,36000,1.01105527638
256080,256095,257122,15,1027,2,36000,1.01460564752
256099,256105,257178,6,1073,2,36000,1.0055917987
256115,256121,257023,6,902,2,36000,1.0066518847
256130,256136,257026,6,890,2,36000,1.00674157303
256131,256142,601770,11,345628,2,345600,1.00003182613
256141,256158,280043,17,23885,2,345600,1.00071174377
256146,256152,257048,6,896,2,36000,1.00669642857
256151,256194,597217,43,341023,2,345600,1.0001260912
256171,256177,257280,6,1103,2,36000,1.00543970988
256188,256199,257211,11,1012,2,36000,1.01086956522
256204,256210,257128,6,918,2,36000,1.00653594771
256205,256216,257213,11,997,2,36000,1.0110330993
256250,256256,257296,6,1040,2,36000,1.00576923077
256267,256273,257219,6,946,2,36000,1.00634249471
256269,256279,257298,10,1019,2,36000,1.00981354269
256316,256322,257291,6,969,2,36000,1.00619195046
256318,256328,257543,10,1215,2,36000,1.00823045267
256335,256341,257289,6,948,2,36000,1.00632911392
256337,256347,257372,10,1025,2,36000,1.00975609756
256338,256352,257326,14,974,2,36000,1.01437371663
256340,256358,257289,18,931,2,36000,1.01933404941
256356,256364,257446,8,1082,2,36000,1.00739371534
256358,256369,257242,11,873,2,36000,1.0126002291
256374,256380,257258,6,878,2,36000,1.00683371298
256389,256395,257415,6,1020,2,36000,1.00588235294
256446,256454,257322,8,868,2,36000,1.00921658986
256485,256492,257410,7,918,2,36000,1.00762527233
256487,256498,257467,11,969,2,36000,1.01135190918
256513,256520,257523,7,1003,2,36000,1.00697906281
256515,256526,257653,11,1127,2,36000,1.00976042591
256531,256538,257602,7,1064,2,36000,1.00657894737
256532,256543,257532,11,989,2,36000,1.0111223458
256548,256554,257707,6,1153,2,36000,1.00520381613
256588,256594,257754,6,1160,2,36000,1.00517241379
256632,256639,257595,7,956,2,36000,1.00732217573
256634,256645,257644,11,999,2,36000,1.01101101101
256635,256650,257523,15,873,2,36000,1.01718213058
256654,256660,257647,6,987,2,36000,1.00607902736
256679,256685,257691,6,1006,2,36000,1.00596421471
256680,256691,256692,11,1,2,3540,1.2
256713,256719,257787,6,1068,2,36000,1.00561797753
256729,256735,257671,6,936,2,36000,1.00641025641
256766,256772,257819,6,1047,2,36000,1.00573065903
256781,256788,257767,7,979,2,36000,1.00715015322
256798,256804,257818,6,1014,2,36000,1.00591715976
256835,256841,257889,6,1048,2,36000,1.00572519084
256852,256857,257773,5,916,2,36000,1.00545851528
256853,256863,257952,10,1089,2,36000,1.00918273646
256855,256868,257887,13,1019,2,36000,1.0127576055
256870,256876,257890,6,1014,2,36000,1.00591715976
256872,256882,257820,10,938,2,36000,1.01066098081
256894,256900,257928,6,1028,2,36000,1.00583657588
256938,256944,257985,6,1041,2,36000,1.00576368876
256969,256975,257936,6,961,2,36000,1.00624349636
256985,256991,258011,6,1020,2,36000,1.00588235294
257000,257006,257968,6,962,2,36000,1.00623700624
257025,257032,257969,7,937,2,36000,1.00747065101
257027,257038,258069,11,1031,2,36000,1.01066925315
257044,257050,258062,6,1012,2,36000,1.00592885375
257060,257066,258076,6,1010,2,36000,1.00594059406
257062,257072,258156,10,1084,2,36000,1.00922509225
257063,257077,258228,14,1151,2,36000,1.01216333623
257079,257085,258219,6,1134,2,36000,1.00529100529
257097,257103,258005,6,902,2,36000,1.0066518847
257098,257109,258177,11,1068,2,36000,1.01029962547
257121,257127,258167,6,1040,2,36000,1.00576923077
257138,257144,258188,6,1044,2,36000,1.00574712644
257140,257150,258205,10,1055,2,36000,1.00947867299
257180,257186,258136,6,950,2,36000,1.00631578947
257212,257218,258220,6,1002,2,36000,1.00598802395
257214,257224,258227,10,1003,2,36000,1.00997008973
257229,257236,258280,7,1044,2,36000,1.00670498084
257246,257252,258289,6,1037,2,36000,1.00578592093
257269,257275,258218,6,943,2,36000,1.00636267232
257287,257293,258232,6,939,2,36000,1.00638977636
257305,257311,258271,6,960,2,36000,1.00625
257306,257317,258339,11,1022,2,36000,1.01076320939
257308,257322,258234,14,912,2,36000,1.01535087719
257309,257327,258331,18,1004,2,36000,1.01792828685
257311,257333,258323,22,990,2,36000,1.02222222222
257327,257339,258519,12,1180,2,36000,1.01016949153
257328,257344,258311,16,967,2,36000,1.01654601861
257372,257378,258279,6,901,2,36000,1.00665926748
257413,257419,258320,6,901,2,36000,1.00665926748
257428,257434,258254,6,820,2,36000,1.00731707317
257447,257453,258430,6,977,2,36000,1.00614124872
257469,257475,258318,6,843,2,36000,1.00711743772
257519,257525,258447,6,922,2,36000,1.00650759219
257536,257542,258563,6,1021,2,36000,1.00587659158
257537,257548,258467,11,919,2,36000,1.0119695321
257553,257560,258558,7,998,2,36000,1.00701402806
257596,257602,258515,6,913,2,36000,1.00657174151
257612,257618,258710,6,1092,2,36000,1.00549450549
257647,257653,258559,6,906,2,36000,1.00662251656
257648,257659,258764,11,1105,2,36000,1.00995475113
257664,257670,258716,6,1046,2,36000,1.00573613767
257679,257685,258636,6,951,2,36000,1.00630914826
257695,257701,258767,6,1066,2,36000,1.00562851782
257710,257717,258570,7,853,2,36000,1.0082063306
257754,257760,258734,6,974,2,36000,1.00616016427
257770,257776,258655,6,879,2,36000,1.00682593857
257785,257791,258775,6,984,2,36000,1.00609756098
257801,257807,258758,6,951,2,36000,1.00630914826
257820,257827,258873,7,1046,2,36000,1.00669216061
257822,257833,258767,11,934,2,36000,1.01177730193
257824,257838,258747,14,909,2,36000,1.01540154015
257889,257895,259026,6,1131,2,36000,1.00530503979
257890,257901,258782,11,881,2,36000,1.01248581158
257892,257906,259061,14,1155,2,36000,1.01212121212
257930,257936,258810,6,874,2,36000,1.00686498856
257946,257952,259061,6,1109,2,36000,1.00541027953
257962,257968,258892,6,924,2,36000,1.00649350649
257978,257984,259049,6,1065,2,36000,1.00563380282
257979,257990,259003,11,1013,2,36000,1.01085883514
257995,258001,258845,6,844,2,36000,1.00710900474
258010,258016,258884,6,868,2,36000,1.0069124424
258026,258032,259123,6,1091,2,36000,1.0054995417
258063,258070,258985,7,915,2,36000,1.00765027322
258079,258085,259223,6,1138,2,36000,1.00527240773
258081,258091,259028,10,937,2,36000,1.01067235859
258139,258145,259172,6,1027,2,36000,1.00584225901
258158,258164,259202,6,1038,2,36000,1.00578034682
258173,258179,259003,6,824,2,36000,1.0072815534
258189,258195,259304,6,1109,2,36000,1.00541027953
258190,258201,259152,11,951,2,36000,1.01156677182
258213,258219,259279,6,1060,2,36000,1.00566037736
258231,258237,259151,6,914,2,36000,1.00656455142
258233,258243,259287,10,1044,2,36000,1.00957854406
258234,258248,259158,14,910,2,36000,1.01538461538
258236,258253,259410,17,1157,2,36000,1.014693172
258237,258259,259214,22,955,2,36000,1.02303664921
258253,258265,259256,12,991,2,36000,1.01210898083
258254,258270,259258,16,988,2,36000,1.01619433198
258270,258276,259275,6,999,2,36000,1.00600600601
258271,258282,259195,11,913,2,36000,1.01204819277
258287,258293,259309,6,1016,2,36000,1.00590551181
258289,258299,259273,10,974,2,36000,1.01026694045
258304,258311,259390,7,1079,2,36000,1.00648748842
258320,258327,259312,7,985,2,36000,1.00710659898
258322,258333,259339,11,1006,2,36000,1.01093439364
258323,258338,259362,15,1024,2,36000,1.0146484375
258340,258346,259355,6,1009,2,36000,1.00594648167
258342,258352,259341,10,989,2,36000,1.01011122346
258343,258357,259263,14,906,2,36000,1.01545253863
258431,258437,259252,6,815,2,36000,1.00736196319
258449,258456,259441,7,985,2,36000,1.00710659898
258468,258474,259669,6,1195,2,36000,1.0050209205
258517,258523,259407,6,884,2,36000,1.00678733032
258533,258539,259537,6,998,2,36000,1.00601202405
258562,258568,259607,6,1039,2,36000,1.00577478345
258563,258574,259653,11,1079,2,36000,1.01019462465
258579,258585,259569,6,984,2,36000,1.00609756098
258581,258591,259527,10,936,2,36000,1.01068376068
258640,258646,259746,6,1100,2,36000,1.00545454545
258655,258661,259453,6,792,2,36000,1.00757575758
258711,258718,259579,7,861,2,36000,1.0081300813
258727,258733,259752,6,1019,2,36000,1.00588812561
258743,258749,259814,6,1065,2,36000,1.00563380282
258761,258767,259741,6,974,2,36000,1.00616016427
258762,258773,259655,11,882,2,36000,1.01247165533
258785,258791,259943,6,1152,2,36000,1.00520833333
258787,258797,259868,10,1071,2,36000,1.00933706816
258788,258802,259796,14,994,2,36000,1.01408450704
258790,258807,259962,17,1155,2,36000,1.01471861472
258791,258813,259687,22,874,2,36000,1.02517162471
258809,258819,259839,10,1020,2,36000,1.00980392157
258847,258854,259933,7,1079,2,36000,1.00648748842
258877,258884,259805,7,921,2,36000,1.00760043431
258894,258900,260104,6,1204,2,36000,1.0049833887
258895,258906,259903,11,997,2,36000,1.0110330993
258989,258995,260172,6,1177,2,36000,1.00509770603
259005,259011,260106,6,1095,2,36000,1.00547945205
259007,259017,260024,10,1007,2,36000,1.00993048659
259029,259035,259999,6,964,2,36000,1.00622406639
259031,259041,260121,10,1080,2,36000,1.00925925926
259050,259056,260000,6,944,2,36000,1.0063559322
259065,259071,260048,6,977,2,36000,1.00614124872
259067,259077,260099,10,1022,2,36000,1.00978473581
259123,259129,260030,6,901,2,36000,1.00665926748
259125,259135,604784,10,345649,2,345600,1.00002893108
259155,259161,260079,6,918,2,36000,1.00653594771
259156,259167,260120,11,953,2,36000,1.01154249738
259172,259178,260177,6,999,2,36000,1.00600600601
259174,259184,260145,10,961,2,36000,1.01040582726
259195,259202,260189,7,987,2,36000,1.00709219858
259211,259218,260262,7,1044,2,36000,1.00670498084
259228,259234,260283,6,1049,2,36000,1.00571973308
259229,259240,260203,11,963,2,36000,1.01142263759
259254,259261,260268,7,1007,2,36000,1.00695134062
259271,259277,260359,6,1082,2,36000,1.00554528651
259273,259283,260172,10,889,2,36000,1.01124859393
259274,259288,260232,14,944,2,36000,1.01483050847
259291,259297,260368,6,1071,2,36000,1.0056022409
259292,259303,260329,11,1026,2,36000,1.01072124756
259294,259308,260279,14,971,2,36000,1.01441812564
259295,259314,260274,19,960,2,36000,1.01979166667
259311,259320,260381,9,1061,2,36000,1.00848256362
259313,259325,260333,12,1008,2,36000,1.0119047619
259328,259335,260286,7,951,2,36000,1.00736067298
259345,259351,260290,6,939,2,36000,1.00638977636
259346,259357,260322,11,965,2,36000,1.01139896373
259362,259368,260300,6,932,2,36000,1.00643776824
259364,259374,260321,10,947,2,36000,1.01055966209
259393,259399,260358,6,959,2,36000,1.00625651721
259409,259415,260339,6,924,2,36000,1.00649350649
259424,259431,260490,7,1059,2,36000,1.00661000944
259443,259449,260436,6,987,2,36000,1.00607902736
259458,259464,260505,6,1041,2,36000,1.00576368876
259532,259538,260492,6,954,2,36000,1.00628930818
259547,259554,260404,7,850,2,36000,1.00823529412
259571,259577,260674,6,1097,2,36000,1.00546946217
259597,259603,260546,6,943,2,36000,1.00636267232
259616,259622,260608,6,986,2,36000,1.0060851927
259654,259660,260538,6,878,2,36000,1.00683371298
259671,259677,260680,6,1003,2,36000,1.00598205384
259672,259683,260597,11,914,2,36000,1.01203501094
259693,259699,260871,6,1172,2,36000,1.00511945392
259743,259749,260660,6,911,2,36000,1.00658616905
259758,259765,260815,7,1050,2,36000,1.00666666667
259760,259771,260770,11,999,2,36000,1.01101101101
259795,259801,260808,6,1007,2,36000,1.00595829196
259811,259816,261207,5,1391,2,36000,1.0035945363
259826,259832,260791,6,959,2,36000,1.00625651721
259841,259848,260984,7,1136,2,36000,1.00616197183
259869,259875,260727,6,852,2,36000,1.00704225352
259904,259910,261015,6,1105,2,36000,1.00542986425
259935,259941,260933,6,992,2,36000,1.0060483871
259951,259957,261046,6,1089,2,36000,1.00550964187
259966,259972,261017,6,1045,2,36000,1.00574162679
260001,260007,261048,6,1041,2,36000,1.00576368876
260002,260013,260910,11,897,2,36000,1.01226309922
260024,260031,260999,7,968,2,36000,1.00723140496
260040,260046,261018,6,972,2,36000,1.00617283951
260055,260061,261247,6,1186,2,36000,1.00505902192
260080,260086,261083,6,997,2,36000,1.00601805416
260102,260108,261117,6,1009,2,36000,1.00594648167
260118,260124,261094,6,970,2,36000,1.00618556701
260120,260130,261183,10,1053,2,36000,1.00949667616
260136,260142,261189,6,1047,2,36000,1.00573065903
260137,260148,261083,11,935,2,36000,1.01176470588
260153,260159,261294,6,1135,2,36000,1.00528634361
260171,260178,261187,7,1009,2,36000,1.00693756194
260188,260194,261185,6,991,2,36000,1.00605449041
260190,260200,261113,10,913,2,36000,1.01095290252
260191,260205,261236,14,1031,2,36000,1.01357904947
260208,260214,261255,6,1041,2,36000,1.00576368876
260233,260239,261300,6,1061,2,36000,1.00565504241
260264,260271,261302,7,1031,2,36000,1.00678952473
260281,260287,261289,6,1002,2,36000,1.00598802395
260283,260293,261392,10,1099,2,36000,1.00909918107
260284,260298,261221,14,923,2,36000,1.01516793066
260301,260307,261335,6,1028,2,36000,1.00583657588
260303,260313,261575,10,1262,2,36000,1.00792393027
260304,260318,261493,14,1175,2,36000,1.01191489362
260306,260324,261196,18,872,2,36000,1.02064220183
260322,260330,261406,8,1076,2,36000,1.00743494424
260324,260335,261325,11,990,2,36000,1.01111111111
260341,260348,261475,7,1127,2,36000,1.00621118012
260343,260354,261317,11,963,2,36000,1.01142263759
260344,260359,261350,15,991,2,36000,1.01513622603
260361,260368,261443,7,1075,2,36000,1.00651162791
260363,260374,261210,11,836,2,36000,1.01315789474
260378,260384,261371,6,987,2,36000,1.00607902736
260394,260400,261826,6,1426,2,36000,1.00420757363
260409,260415,261307,6,892,2,36000,1.0067264574
260438,260444,261530,6,1086,2,36000,1.00552486188
260491,260498,261494,7,996,2,36000,1.00702811245
260493,260504,261553,11,1049,2,36000,1.01048617731
260509,260515,261587,6,1072,2,36000,1.00559701493
260541,260547,261536,6,989,2,36000,1.00606673407
260557,260564,261576,7,1012,2,36000,1.00691699605
260598,260604,261793,6,1189,2,36000,1.00504625736
260614,260620,261595,6,975,2,36000,1.00615384615
260660,260666,261624,6,958,2,36000,1.00626304802
260676,260683,261639,7,956,2,36000,1.00732217573
260692,260698,261633,6,935,2,36000,1.0064171123
260729,260735,261740,6,1005,2,36000,1.00597014925
260773,260780,261852,7,1072,2,36000,1.00652985075
260793,260799,261794,6,995,2,36000,1.00603015075
260815,260821,261664,6,843,2,36000,1.00711743772
260816,260827,261802,11,975,2,36000,1.01128205128
260873,260879,261738,6,859,2,36000,1.00698486612
260911,260917,262058,6,1141,2,36000,1.00525854514
260934,260940,261935,6,995,2,36000,1.00603015075
260949,260955,266403,6,5448,1,14400,1.00110132159
260986,260992,262008,6,1016,2,36000,1.00590551181
260991,260998,266435,7,5437,1,14400,1.00128747471
261002,261008,262024,6,1016,2,36000,1.00590551181
261018,261025,262092,7,1067,2,36000,1.00656044986
261020,261031,261919,11,888,2,36000,1.01238738739
261022,261036,262004,14,968,2,36000,1.01446280992
261042,261048,266477,6,5429,1,14400,1.00110517591
261047,261054,262212,7,1158,2,36000,1.00604490501
261062,261068,262049,6,981,2,36000,1.00611620795
261084,261090,262150,6,1060,2,36000,1.00566037736
261086,261096,262111,10,1015,2,36000,1.00985221675
261101,261107,261987,6,880,2,36000,1.00681818182
261117,261123,262171,6,1048,2,36000,1.00572519084
261119,261129,262149,10,1020,2,36000,1.00980392157
261186,261192,262273,6,1081,2,36000,1.00555041628
261188,261198,262097,10,899,2,36000,1.01112347052
261189,261203,262277,14,1074,2,36000,1.01303538175
261206,261212,262166,6,954,2,36000,1.00628930818
261207,261218,262205,11,987,2,36000,1.01114488349
261224,261230,262373,6,1143,2,36000,1.00524934383
261226,261236,262182,10,946,2,36000,1.01057082452
261227,261241,262263,14,1022,2,36000,1.01369863014
261243,261248,262211,5,963,2,36000,1.005192108
261258,261264,262360,6,1096,2,36000,1.00547445255
261260,261270,262318,10,1048,2,36000,1.00954198473
261291,261297,262401,6,1104,2,36000,1.00543478261
261308,261314,262372,6,1058,2,36000,1.0056710775
261310,261320,262314,10,994,2,36000,1.01006036217
261311,261325,262516,14,1191,2,36000,1.01175482788
261313,261331,262416,18,1085,2,36000,1.01658986175
261329,261337,262328,8,991,2,36000,1.00807265388
261330,261342,262545,12,1203,2,36000,1.00997506234
261346,261352,262392,6,1040,2,36000,1.00576923077
261362,261368,262383,6,1015,2,36000,1.00591133005
261377,261384,262671,7,1287,2,36000,1.00543900544
261393,261399,262368,6,969,2,36000,1.00619195046
261409,261415,262421,6,1006,2,36000,1.00596421471
261444,261450,262445,6,995,2,36000,1.00603015075
261475,261481,262496,6,1015,2,36000,1.00591133005
261494,261501,262386,7,885,2,36000,1.00790960452
261496,261507,262506,11,999,2,36000,1.01101101101
261530,261537,262558,7,1021,2,36000,1.00685602351
261546,261553,262548,7,995,2,36000,1.00703517588
261562,261568,262606,6,1038,2,36000,1.00578034682
261578,261584,262555,6,971,2,36000,1.0061791967
261579,261590,262578,11,988,2,36000,1.01113360324
261596,261602,262702,6,1100,2,36000,1.00545454545
261597,261608,262600,11,992,2,36000,1.01108870968
261626,261632,262546,6,914,2,36000,1.00656455142
261642,261648,262544,6,896,2,36000,1.00669642857
261643,261654,262681,11,1027,2,36000,1.01071080818
261648,262339,274218,691,11879,18,64800,1.05816987962
261666,261672,262572,6,900,2,36000,1.00666666667
261741,261747,262763,6,1016,2,36000,1.00590551181
261743,261753,262717,10,964,2,36000,1.01037344398
261793,261800,262781,7,981,2,36000,1.00713557594
261795,261806,262830,11,1024,2,36000,1.0107421875
261811,261817,262881,6,1064,2,36000,1.00563909774
261830,261836,262705,6,869,2,36000,1.00690448792
261855,261861,262868,6,1007,2,36000,1.00595829196
261920,261926,263057,6,1131,2,36000,1.00530503979
261936,261942,262897,6,955,2,36000,1.00628272251
261989,261995,262962,6,967,2,36000,1.00620475698
262006,262012,262862,6,850,2,36000,1.00705882353
262021,262027,263086,6,1059,2,36000,1.00566572238
262037,262043,263134,6,1091,2,36000,1.0054995417
262053,262059,262889,6,830,2,36000,1.00722891566
262069,262075,263012,6,937,2,36000,1.00640341515
262096,262102,263125,6,1023,2,36000,1.00586510264
262111,262117,263152,6,1035,2,36000,1.00579710145
262113,262123,262924,10,801,2,36000,1.01248439451
262157,262163,263112,6,949,2,36000,1.00632244468
262158,262169,263093,11,924,2,36000,1.0119047619
262174,262180,263127,6,947,2,36000,1.00633579725
262176,262186,263121,10,935,2,36000,1.01069518717
262191,262197,263212,6,1015,2,36000,1.00591133005
262207,262213,263153,6,940,2,36000,1.00638297872
262223,262229,263240,6,1011,2,36000,1.0059347181
262225,262235,263256,10,1021,2,36000,1.00979431929
262271,262277,263357,6,1080,2,36000,1.00555555556
262273,262283,263236,10,953,2,36000,1.01049317943
262291,262297,263343,6,1046,2,36000,1.00573613767
262316,262322,263394,6,1072,2,36000,1.00559701493
262333,262344,263382,11,1038,2,36000,1.0105973025
262334,262350,263287,16,937,2,36000,1.01707577375
262366,262371,263473,5,1102,2,36000,1.00453720508
262382,262389,263349,7,960,2,36000,1.00729166667
262384,262395,263527,11,1132,2,36000,1.00971731449
262385,262400,263474,15,1074,2,36000,1.01396648045
262387,262405,263412,18,1007,2,36000,1.01787487587
262404,262411,263286,7,875,2,36000,1.008
262405,262417,263383,12,966,2,36000,1.01242236025
262407,262423,263420,16,997,2,36000,1.01604814443
262423,262429,263351,6,922,2,36000,1.00650759219
262424,262435,263372,11,937,2,36000,1.01173959445
262446,262452,263341,6,889,2,36000,1.00674915636
262496,262502,263508,6,1006,2,36000,1.00596421471
262512,262517,263540,5,1023,2,36000,1.00488758553
262527,262533,263531,6,998,2,36000,1.00601202405
262547,262553,263617,6,1064,2,36000,1.00563909774
262549,262559,263655,10,1096,2,36000,1.00912408759
262550,262565,263533,15,968,2,36000,1.01549586777
262552,262570,263500,18,930,2,36000,1.01935483871
262569,262576,263613,7,1037,2,36000,1.00675024108
262570,262581,263562,11,981,2,36000,1.01121304791
262586,262592,263676,6,1084,2,36000,1.00553505535
262587,262598,263632,11,1034,2,36000,1.01063829787
262603,262609,263519,6,910,2,36000,1.00659340659
262618,262625,263666,7,1041,2,36000,1.00672430355
262671,262677,263636,6,959,2,36000,1.00625651721
262687,262692,263728,5,1036,2,36000,1.00482625483
262703,262709,263616,6,907,2,36000,1.00661521499
262705,262715,263613,10,898,2,36000,1.01113585746
262721,262727,263849,6,1122,2,36000,1.00534759358
262766,262773,263718,7,945,2,36000,1.00740740741
262783,262789,263817,6,1028,2,36000,1.00583657588
262832,262839,263904,7,1065,2,36000,1.00657276995
262864,262870,263869,6,999,2,36000,1.00600600601
262880,262886,263943,6,1057,2,36000,1.00567644276
262896,262902,263912,6,1010,2,36000,1.00594059406
262897,262908,263738,11,830,2,36000,1.01325301205
262913,262920,263930,7,1010,2,36000,1.00693069307
262929,262935,264042,6,1107,2,36000,1.0054200542
262963,262970,263875,7,905,2,36000,1.00773480663
263013,263019,264026,6,1007,2,36000,1.00595829196
263059,263065,263876,6,811,2,36000,1.00739827374
263090,263096,264168,6,1072,2,36000,1.00559701493
263110,263116,264056,6,940,2,36000,1.00638297872
263127,263134,264111,7,977,2,36000,1.00716479017
263129,263140,264218,11,1078,2,36000,1.01020408163
263130,263145,264162,15,1017,2,36000,1.01474926254
263132,263151,264051,19,900,2,36000,1.02111111111
263148,263157,264189,9,1032,2,36000,1.00872093023
263164,263170,264139,6,969,2,36000,1.00619195046
263165,263176,264209,11,1033,2,36000,1.01064859632
263211,263218,264112,7,894,2,36000,1.00782997763
263236,263243,264195,7,952,2,36000,1.00735294118
263252,263258,264210,6,952,2,36000,1.00630252101
263268,263274,264260,6,986,2,36000,1.0060851927
263290,263297,264196,7,899,2,36000,1.00778642937
263292,263303,264282,11,979,2,36000,1.01123595506
263342,263348,264306,6,958,2,36000,1.00626304802
263359,263366,264458,7,1092,2,36000,1.00641025641
263361,263372,264436,11,1064,2,36000,1.01033834586
263362,263377,264403,15,1026,2,36000,1.01461988304
263364,263383,264394,19,1011,2,36000,1.01879327399
263380,263389,264450,9,1061,2,36000,1.00848256362
263395,263402,264415,7,1013,2,36000,1.00691016782
263397,263408,264489,11,1081,2,36000,1.01017576318
263398,263413,264395,15,982,2,36000,1.01527494908
263414,263420,264479,6,1059,2,36000,1.00566572238
263430,263436,264389,6,953,2,36000,1.00629590766
263475,263481,264378,6,897,2,36000,1.00668896321
263476,263487,264343,11,856,2,36000,1.01285046729
263501,263508,264561,7,1053,2,36000,1.00664767331
263517,263523,264722,6,1199,2,36000,1.00500417014
263534,263540,264528,6,988,2,36000,1.00607287449
263535,263546,264481,11,935,2,36000,1.01176470588
263537,263551,264559,14,1008,2,36000,1.01388888889
263538,263557,264582,19,1025,2,36000,1.01853658537
263554,263563,264638,9,1075,2,36000,1.00837209302
263570,263576,264440,6,864,2,36000,1.00694444444
263614,263621,264639,7,1018,2,36000,1.0068762279
263616,263627,264674,11,1047,2,36000,1.01050620821
263632,263638,264632,6,994,2,36000,1.0060362173
263633,263644,264478,11,834,2,36000,1.01318944844
263635,263649,264546,14,897,2,36000,1.01560758082
263651,263657,264574,6,917,2,36000,1.00654307525
263667,263673,264851,6,1178,2,36000,1.00509337861
263668,263679,264574,11,895,2,36000,1.01229050279
263684,263690,264807,6,1117,2,36000,1.00537153089
263722,263728,264695,6,967,2,36000,1.00620475698
263739,263745,264589,6,844,2,36000,1.00710900474
263741,263751,264860,10,1109,2,36000,1.00901713255
263818,263825,264838,7,1013,2,36000,1.00691016782
263853,263859,264720,6,861,2,36000,1.00696864111
263870,263876,264799,6,923,2,36000,1.00650054171
263886,263892,264859,6,967,2,36000,1.00620475698
263887,263898,264884,11,986,2,36000,1.01115618661
263907,263913,264943,6,1030,2,36000,1.00582524272
263923,263929,264991,6,1062,2,36000,1.00564971751
263938,263944,264862,6,918,2,36000,1.00653594771
263954,263960,264886,6,926,2,36000,1.00647948164
264026,264032,265005,6,973,2,36000,1.00616649538
264045,264051,265225,6,1174,2,36000,1.00511073254
264061,264067,265020,6,953,2,36000,1.00629590766
264063,264073,264878,10,805,2,36000,1.01242236025
264114,264120,265044,6,924,2,36000,1.00649350649
264116,264126,265160,10,1034,2,36000,1.00967117988
264141,264147,265145,6,998,2,36000,1.00601202405
264162,264169,265150,7,981,2,36000,1.00713557594
264182,264188,265177,6,989,2,36000,1.00606673407
264198,264204,265233,6,1029,2,36000,1.00583090379
264199,264211,265156,12,945,2,36000,1.0126984127
264201,264216,265152,15,936,2,36000,1.01602564103
264235,264242,265341,7,1099,2,36000,1.00636942675
264237,264248,265353,11,1105,2,36000,1.00995475113
264239,264253,265201,14,948,2,36000,1.01476793249
264261,264268,265229,7,961,2,36000,1.00728407908
264283,264290,265204,7,914,2,36000,1.00765864333
264306,264312,265271,6,959,2,36000,1.00625651721
264344,264350,265197,6,847,2,36000,1.00708382527
264378,264384,265436,6,1052,2,36000,1.00570342205
264394,264400,265438,6,1038,2,36000,1.00578034682
264395,264406,265251,11,845,2,36000,1.01301775148
264397,264411,265734,14,1323,2,36000,1.01058201058
264413,264419,265452,6,1033,2,36000,1.00580832527
264429,264435,265524,6,1089,2,36000,1.00550964187
264445,264451,265317,6,866,2,36000,1.00692840647
264446,264457,265568,11,1111,2,36000,1.0099009901
264462,264468,265257,6,789,2,36000,1.00760456274
264464,264474,265435,10,961,2,36000,1.01040582726
264481,264487,265478,6,991,2,36000,1.00605449041
264483,264493,265503,10,1010,2,36000,1.0099009901
264484,264499,265447,15,948,2,36000,1.01582278481
264507,264513,265391,6,878,2,36000,1.00683371298
264529,264535,265596,6,1061,2,36000,1.00565504241
264548,264554,265592,6,1038,2,36000,1.00578034682
264564,264570,265554,6,984,2,36000,1.00609756098
264566,264576,265619,10,1043,2,36000,1.00958772771
264585,264591,265539,6,948,2,36000,1.00632911392
264586,264597,265442,11,845,2,36000,1.01301775148
264588,264602,265533,14,931,2,36000,1.01503759398
264605,264611,265558,6,947,2,36000,1.00633579725
264642,264648,265835,6,1187,2,36000,1.0050547599
264643,264654,265590,11,936,2,36000,1.01175213675
264645,264659,265480,14,821,2,36000,1.01705237515
264678,264684,265673,6,989,2,36000,1.00606673407
264697,264703,265649,6,946,2,36000,1.00634249471
264723,264729,266061,6,1332,2,36000,1.0045045045
264725,264735,265531,10,796,2,36000,1.01256281407
264802,264808,265775,6,967,2,36000,1.00620475698
264817,264824,265633,7,809,2,36000,1.0086526576
264839,264845,265675,6,830,2,36000,1.00722891566
264855,264861,265920,6,1059,2,36000,1.00566572238
264872,264878,265972,6,1094,2,36000,1.00548446069
264873,264884,265847,11,963,2,36000,1.01142263759
264875,264889,265726,14,837,2,36000,1.01672640382
264892,264897,266046,5,1149,2,36000,1.0043516101
264893,264903,265969,10,1066,2,36000,1.00938086304
264895,264908,265751,13,843,2,36000,1.01542111507
264944,264951,266014,7,1063,2,36000,1.00658513641
264991,264997,266031,6,1034,2,36000,1.00580270793
265007,265013,266151,6,1138,2,36000,1.00527240773
265023,265029,266043,6,1014,2,36000,1.00591715976
265045,265051,266073,6,1022,2,36000,1.00587084149
265146,265152,266179,6,1027,2,36000,1.00584225901
265163,265169,266129,6,960,2,36000,1.00625
265165,265175,266272,10,1097,2,36000,1.00911577028
265166,265180,266170,14,990,2,36000,1.01414141414
265167,265185,266368,18,1183,2,36000,1.01521555368
265184,265192,266175,8,983,2,36000,1.00813835198
265199,265206,266202,7,996,2,36000,1.00702811245
265215,265221,266193,6,972,2,36000,1.00617283951
265217,265227,266198,10,971,2,36000,1.01029866117
265232,265239,266324,7,1085,2,36000,1.0064516129
265234,265245,266307,11,1062,2,36000,1.01035781544
265235,265250,266267,15,1017,2,36000,1.01474926254
265252,265258,266157,6,899,2,36000,1.00667408231
265267,265273,266306,6,1033,2,36000,1.00580832527
265282,265288,266455,6,1167,2,36000,1.00514138817
265320,265326,266297,6,971,2,36000,1.0061791967
265341,265348,266628,7,1280,2,36000,1.00546875
265357,265364,266531,7,1167,2,36000,1.0059982862
265392,265398,266417,6,1019,2,36000,1.00588812561
265437,265444,266471,7,1027,2,36000,1.00681596884
265439,265450,266302,11,852,2,36000,1.01291079812
265440,265455,266347,15,892,2,36000,1.0168161435
265457,265463,266364,6,901,2,36000,1.00665926748
265459,265469,266504,10,1035,2,36000,1.00966183575
265460,265474,266385,14,911,2,36000,1.01536772777
265480,265486,266376,6,890,2,36000,1.00674157303
265496,265502,266650,6,1148,2,36000,1.00522648084
265511,265517,266377,6,860,2,36000,1.00697674419
265529,265535,266562,6,1027,2,36000,1.00584225901
265545,265551,266571,6,1020,2,36000,1.00588235294
265547,265557,266590,10,1033,2,36000,1.00968054211
265548,265562,266424,14,862,2,36000,1.0162412993
265564,265570,266417,6,847,2,36000,1.00708382527
265566,265576,266554,10,978,2,36000,1.01022494888
265581,265587,266802,6,1215,2,36000,1.0049382716
265597,265603,266489,6,886,2,36000,1.00677200903
265599,265609,266529,10,920,2,36000,1.01086956522
265600,265614,266629,14,1015,2,36000,1.01379310345
265623,265629,266417,6,788,2,36000,1.0076142132
265638,265644,266713,6,1069,2,36000,1.00561272217
265653,265659,266607,6,948,2,36000,1.00632911392
265672,265679,266572,7,893,2,36000,1.0078387458
265688,265694,266757,6,1063,2,36000,1.00564440263
265729,265735,266656,6,921,2,36000,1.00651465798
265744,265750,266897,6,1147,2,36000,1.00523103749
265760,265766,266790,6,1024,2,36000,1.005859375
265775,265782,266843,7,1061,2,36000,1.00659754948
265835,265842,266910,7,1068,2,36000,1.00655430712
265853,265859,266867,6,1008,2,36000,1.00595238095
265923,265930,266818,7,888,2,36000,1.00788288288
265969,265976,266971,7,995,2,36000,1.00703517588
265985,265991,266984,6,993,2,36000,1.00604229607
266018,266024,267058,6,1034,2,36000,1.00580270793
266035,266041,266893,6,852,2,36000,1.00704225352
266051,266057,267087,6,1030,2,36000,1.00582524272
266052,266063,266997,11,934,2,36000,1.01177730193
266068,266074,266996,6,922,2,36000,1.00650759219
266083,266090,266976,7,886,2,36000,1.0079006772
266130,266136,267182,6,1046,2,36000,1.00573613767
266152,266158,267018,6,860,2,36000,1.00697674419
266168,266174,267159,6,985,2,36000,1.00609137056
266184,266190,267230,6,1040,2,36000,1.00576923077
266185,266196,267087,11,891,2,36000,1.01234567901
266187,266201,267317,14,1116,2,36000,1.01254480287
266203,266209,267163,6,954,2,36000,1.00628930818
266205,266215,267161,10,946,2,36000,1.01057082452
266206,266220,267199,14,979,2,36000,1.01430030644
266268,266274,267286,6,1012,2,36000,1.00592885375
266283,266289,267314,6,1025,2,36000,1.00585365854
266299,266305,267306,6,1001,2,36000,1.00599400599
266315,266321,267232,6,911,2,36000,1.00658616905
266316,266327,267294,11,967,2,36000,1.0113753878
266318,266332,267274,14,942,2,36000,1.01486199575
266333,266340,267278,7,938,2,36000,1.00746268657
266349,266355,267318,6,963,2,36000,1.0062305296
266365,266371,267452,6,1081,2,36000,1.00555041628
266385,266391,267372,6,981,2,36000,1.00611620795
266386,266397,267434,11,1037,2,36000,1.0106075217
266388,266402,267299,14,897,2,36000,1.01560758082
266389,266408,267551,19,1143,2,36000,1.01662292213
266420,266426,267425,6,999,2,36000,1.00600600601
266421,266432,267485,11,1053,2,36000,1.01044634378
266423,266438,267410,15,972,2,36000,1.01543209877
266442,266448,267483,6,1035,2,36000,1.00579710145
266457,266463,267458,6,995,2,36000,1.00603015075
266473,266479,267419,6,940,2,36000,1.00638297872
266492,266498,267381,6,883,2,36000,1.00679501699
266507,266514,267548,7,1034,2,36000,1.00676982592
266530,266536,267499,6,963,2,36000,1.0062305296
266545,266551,267723,6,1172,2,36000,1.00511945392
266561,266567,267552,6,985,2,36000,1.00609137056
266578,266583,267628,5,1045,2,36000,1.004784689
266579,266589,267567,10,978,2,36000,1.01022494888
266581,266594,267585,13,991,2,36000,1.01311806256
266596,266603,267533,7,930,2,36000,1.00752688172
266612,266618,267562,6,944,2,36000,1.0063559322
266631,266638,267672,7,1034,2,36000,1.00676982592
266633,266644,267678,11,1034,2,36000,1.01063829787
266652,266658,267710,6,1052,2,36000,1.00570342205
266668,266674,267598,6,924,2,36000,1.00649350649
266717,266723,267709,6,986,2,36000,1.0060851927
266758,266764,267621,6,857,2,36000,1.00700116686
266793,266799,267677,6,878,2,36000,1.00683371298
266809,266815,267754,6,939,2,36000,1.00638977636
266824,266831,267841,7,1010,2,36000,1.00693069307
266843,266849,267944,6,1095,2,36000,1.00547945205
266868,266874,267957,6,1083,2,36000,1.0055401662
266896,266902,267937,6,1035,2,36000,1.00579710145
266912,266918,268167,6,1249,2,36000,1.00480384307
266914,266924,268009,10,1085,2,36000,1.00921658986
266974,266980,267905,6,925,2,36000,1.00648648649
266990,266996,268090,6,1094,2,36000,1.00548446069
266992,267002,268011,10,1009,2,36000,1.00991080278
267007,267013,268069,6,1056,2,36000,1.00568181818
267009,267019,268120,10,1101,2,36000,1.00908265213
267024,267030,267975,6,945,2,36000,1.00634920635
267059,267066,268072,7,1006,2,36000,1.0069582505
267085,267091,268032,6,941,2,36000,1.00637619554
267106,267112,268127,6,1015,2,36000,1.00591133005
267162,267168,268174,6,1006,2,36000,1.00596421471
267163,267174,268215,11,1041,2,36000,1.01056676273
267179,267185,268148,6,963,2,36000,1.0062305296
267194,267200,268249,6,1049,2,36000,1.00571973308
267210,267216,268132,6,916,2,36000,1.00655021834
267232,267238,268184,6,946,2,36000,1.00634249471
267233,267244,268313,11,1069,2,36000,1.01028999065
267277,267283,268274,6,991,2,36000,1.00605449041
267293,267300,268268,7,968,2,36000,1.00723140496
267295,267306,268252,11,946,2,36000,1.01162790698
267296,267311,268209,15,898,2,36000,1.01670378619
267314,267320,268348,6,1028,2,36000,1.00583657588
267316,267326,268210,10,884,2,36000,1.01131221719
267317,267331,268472,14,1141,2,36000,1.01226993865
267346,267352,268412,6,1060,2,36000,1.00566037736
267347,267358,268417,11,1059,2,36000,1.0103871577
267373,267380,268469,7,1089,2,36000,1.00642791552
267389,267395,268311,6,916,2,36000,1.00655021834
267411,267417,268360,6,943,2,36000,1.00636267232
267427,267433,268507,6,1074,2,36000,1.00558659218
267429,267439,268552,10,1113,2,36000,1.00898472597
267444,267450,268369,6,919,2,36000,1.00652883569
267454,267460,267462,6,2,2,3540,1.0
267460,267466,268567,6,1101,2,36000,1.00544959128
267462,267472,268532,10,1060,2,36000,1.00943396226
267484,267490,268524,6,1034,2,36000,1.00580270793
267500,267506,268481,6,975,2,36000,1.00615384615
267501,267512,268588,11,1076,2,36000,1.01022304833
267535,267542,268520,7,978,2,36000,1.00715746421
267551,267557,268669,6,1112,2,36000,1.00539568345
267553,267563,268521,10,958,2,36000,1.01043841336
267554,267569,268470,15,901,2,36000,1.0166481687
267571,267577,268709,6,1132,2,36000,1.00530035336
267572,267583,268587,11,1004,2,36000,1.0109561753
267588,267594,268646,6,1052,2,36000,1.00570342205
267604,267609,268730,5,1121,2,36000,1.0044603033
267622,267628,268700,6,1072,2,36000,1.00559701493
267637,267644,268551,7,907,2,36000,1.00771775083
267675,267681,268707,6,1026,2,36000,1.00584795322
267690,267696,268631,6,935,2,36000,1.0064171123
267692,267702,268678,10,976,2,36000,1.01024590164
267711,267717,268612,6,895,2,36000,1.00670391061
267713,267723,268619,10,896,2,36000,1.01116071429
267728,267734,268723,6,989,2,36000,1.00606673407
267756,267762,268516,6,754,2,36000,1.00795755968
267844,267850,268915,6,1065,2,36000,1.00563380282
267906,267912,268932,6,1020,2,36000,1.00588235294
267938,267944,268846,6,902,2,36000,1.0066518847
267953,267960,269038,7,1078,2,36000,1.00649350649
267969,267975,268999,6,1024,2,36000,1.005859375
267984,267990,268978,6,988,2,36000,1.00607287449
268009,268016,269151,7,1135,2,36000,1.00616740088
268026,268032,269009,6,977,2,36000,1.00614124872
268044,268051,269062,7,1011,2,36000,1.00692383778
268072,268078,269089,6,1011,2,36000,1.0059347181
268074,268084,269161,10,1077,2,36000,1.00928505107
268093,268099,269193,6,1094,2,36000,1.00548446069
268121,268127,269096,6,969,2,36000,1.00619195046
268137,268143,269255,6,1112,2,36000,1.00539568345
268138,268149,269186,11,1037,2,36000,1.0106075217
268154,268160,269074,6,914,2,36000,1.00656455142
268169,268176,269147,7,971,2,36000,1.00720906282
268185,268191,269106,6,915,2,36000,1.00655737705
268187,268197,269237,10,1040,2,36000,1.00961538462
268210,268216,269123,6,907,2,36000,1.00661521499
268212,268222,269144,10,922,2,36000,1.01084598698
268228,268234,269256,6,1022,2,36000,1.00587084149
268250,268256,269416,6,1160,2,36000,1.00517241379
268268,268274,269425,6,1151,2,36000,1.00521285838
268270,268280,269293,10,1013,2,36000,1.00987166831
268297,268303,269263,6,960,2,36000,1.00625
268318,268324,269405,6,1081,2,36000,1.00555041628
268319,268330,269259,11,929,2,36000,1.01184068891
268351,268357,269224,6,867,2,36000,1.00692041522
268369,268376,269406,7,1030,2,36000,1.0067961165
268371,268382,269473,11,1091,2,36000,1.01008249313
268415,268421,269498,6,1077,2,36000,1.00557103064
268430,268437,269403,7,966,2,36000,1.00724637681
268471,268478,269415,7,937,2,36000,1.00747065101
268473,268484,269411,11,927,2,36000,1.01186623517
268474,268489,269651,15,1162,2,36000,1.01290877797
268490,268496,269511,6,1015,2,36000,1.00591133005
268509,268515,269485,6,970,2,36000,1.00618556701
268526,268532,269407,6,875,2,36000,1.00685714286
268527,268538,269592,11,1054,2,36000,1.01043643264
268528,268554,268719,26,165,1,3600,1.15757575758
268529,268544,269557,15,1013,2,36000,1.01480750247
268530,268549,269490,19,941,2,36000,1.02019128587
268546,268560,269540,14,980,2,36000,1.01428571429
268562,268568,269568,6,1000,2,36000,1.006
268563,268574,269523,11,949,2,36000,1.01159114858
268579,268585,269619,6,1034,2,36000,1.00580270793
268595,268601,269497,6,896,2,36000,1.00669642857
268597,268607,269776,10,1169,2,36000,1.00855431993
268613,268619,269721,6,1102,2,36000,1.0054446461
268629,268635,269633,6,998,2,36000,1.00601202405
268644,268650,269640,6,990,2,36000,1.00606060606
268660,268666,269837,6,1171,2,36000,1.00512382579
268676,268682,269683,6,1001,2,36000,1.00599400599
268691,268697,269775,6,1078,2,36000,1.00556586271
268707,268713,269755,6,1042,2,36000,1.00575815739
268709,268719,269784,10,1065,2,36000,1.00938967136
268710,268724,269690,14,966,2,36000,1.01449275362
268726,268732,269715,6,983,2,36000,1.00610376399
268742,268749,270018,7,1269,2,36000,1.00551615445
268848,268854,270032,6,1178,2,36000,1.00509337861
268896,268902,269243,6,341,1,3600,1.01759530792
268916,268923,270000,7,1077,2,36000,1.00649953575
268936,268942,269863,6,921,2,36000,1.00651465798
268979,268985,270043,6,1058,2,36000,1.0056710775
269001,269007,269892,6,885,2,36000,1.00677966102
269017,269023,269833,6,810,2,36000,1.00740740741
269038,269044,270092,6,1048,2,36000,1.00572519084
269063,269069,270079,6,1010,2,36000,1.00594059406
269079,269085,269921,6,836,2,36000,1.00717703349
269095,269100,270212,5,1112,2,36000,1.00449640288
269110,269117,270223,7,1106,2,36000,1.00632911392
269112,269123,270084,11,961,2,36000,1.01144640999
269128,269134,269979,6,845,2,36000,1.00710059172
269147,269153,270108,6,955,2,36000,1.00628272251
269148,269159,270252,11,1093,2,36000,1.01006404392
269164,269171,270335,7,1164,2,36000,1.0060137457
269166,269177,270128,11,951,2,36000,1.01156677182
269185,269191,270132,6,941,2,36000,1.00637619554
269201,269207,270254,6,1047,2,36000,1.00573065903
269226,269232,270170,6,938,2,36000,1.00639658849
269242,269248,270254,6,1006,2,36000,1.00596421471
269258,269264,270199,6,935,2,36000,1.0064171123
269259,269270,270270,11,1000,2,36000,1.011
269275,269281,270372,6,1091,2,36000,1.0054995417
269277,269287,270219,10,932,2,36000,1.01072961373
269296,269302,270289,6,987,2,36000,1.00607902736
269404,269410,270472,6,1062,2,36000,1.00564971751
269405,269416,270444,11,1028,2,36000,1.01070038911
269407,269421,270520,14,1099,2,36000,1.0127388535
269424,269431,270310,7,879,2,36000,1.00796359499
269426,269437,270327,11,890,2,36000,1.01235955056
269428,269442,270394,14,952,2,36000,1.01470588235
269429,269448,270431,19,983,2,36000,1.01932858596
269431,269453,270458,22,1005,2,36000,1.02189054726
269475,269481,270418,6,937,2,36000,1.00640341515
269492,269498,270421,6,923,2,36000,1.00650054171
269493,269504,270509,11,1005,2,36000,1.01094527363
269509,269515,270630,6,1115,2,36000,1.00538116592
269511,269521,270547,10,1026,2,36000,1.00974658869
269527,269533,270448,6,915,2,36000,1.00655737705
269528,269539,270648,11,1109,2,36000,1.00991884581
269544,269550,270605,6,1055,2,36000,1.00568720379
269559,269565,270533,6,968,2,36000,1.00619834711
269576,269582,270541,6,959,2,36000,1.00625651721
269595,269601,270556,6,955,2,36000,1.00628272251
269612,269618,270454,6,836,1,3600,1.00717703349
269621,269627,270670,6,1043,2,36000,1.00575263663
269637,269643,270564,6,921,2,36000,1.00651465798
269653,269659,270698,6,1039,2,36000,1.00577478345
269655,269665,270782,10,1117,2,36000,1.00895255148
269690,269696,270834,6,1138,2,36000,1.00527240773
269691,269702,270727,11,1025,2,36000,1.01073170732
269717,269723,270794,6,1071,2,36000,1.0056022409
269733,269739,270626,6,887,2,36000,1.0067643743
269759,269765,270849,6,1084,2,36000,1.00553505535
269779,269785,270738,6,953,2,36000,1.00629590766
269780,269791,270873,11,1082,2,36000,1.0101663586
269797,269804,270729,7,925,2,36000,1.00756756757
269834,269840,270826,6,986,2,36000,1.0060851927
269850,269857,270725,7,868,2,36000,1.00806451613
269866,269872,270883,6,1011,2,36000,1.0059347181
269894,269900,270858,6,958,2,36000,1.00626304802
269922,269929,270981,7,1052,2,36000,1.0066539924
269981,269988,270904,7,916,2,36000,1.0076419214
270005,270011,271106,6,1095,2,36000,1.00547945205
270021,270027,271108,6,1081,2,36000,1.00555041628
270036,270042,271616,6,1574,2,36000,1.00381194409
270052,270058,271026,6,968,2,36000,1.00619834711
270080,270086,271072,6,986,2,36000,1.0060851927
270097,270103,271087,6,984,2,36000,1.00609756098
270099,270109,271034,10,925,2,36000,1.01081081081
270114,270121,271048,7,927,2,36000,1.00755124056
270130,270136,271226,6,1090,2,36000,1.00550458716
270145,270152,271130,7,978,2,36000,1.00715746421
270174,270180,271181,6,1001,2,36000,1.00599400599
270202,270208,271187,6,979,2,36000,1.00612870276
270218,270224,271199,6,975,2,36000,1.00615384615
270220,270230,271235,10,1005,2,36000,1.00995024876
270236,270242,271365,6,1123,2,36000,1.0053428317
270255,270262,271253,7,991,2,36000,1.00706357215
270257,270268,271348,11,1080,2,36000,1.01018518519
270258,270274,271320,16,1046,2,36000,1.01529636711
270274,270280,271301,6,1021,2,36000,1.00587659158
270290,270296,271211,6,915,2,36000,1.00655737705
270311,270317,271392,6,1075,2,36000,1.00558139535
270327,270333,271316,6,983,2,36000,1.00610376399
270342,270348,271279,6,931,2,36000,1.00644468314
270374,270380,271490,6,1110,2,36000,1.00540540541
270396,270402,271411,6,1009,2,36000,1.00594648167
270421,270427,271540,6,1113,2,36000,1.00539083558
270422,270433,271482,11,1049,2,36000,1.01048617731
270438,270444,271341,6,897,2,36000,1.00668896321
270455,270461,271512,6,1051,2,36000,1.00570884872
270457,270467,271623,10,1156,2,36000,1.00865051903
270473,270479,271667,6,1188,2,36000,1.00505050505
270474,270485,271429,11,944,2,36000,1.01165254237
270512,270518,271370,6,852,2,36000,1.00704225352
270528,270534,271569,6,1035,2,36000,1.00579710145
270544,270550,271417,6,867,2,36000,1.00692041522
270545,270556,271522,11,966,2,36000,1.01138716356
270561,270567,271527,6,960,2,36000,1.00625
270562,270573,271514,11,941,2,36000,1.01168969182
270578,270584,271504,6,920,2,36000,1.00652173913
270606,270612,271549,6,937,2,36000,1.00640341515
270628,270634,271666,6,1032,2,36000,1.00581395349
270644,270650,271634,6,984,2,36000,1.00609756098
270659,270666,271804,7,1138,2,36000,1.00615114236
270675,270681,271757,6,1076,2,36000,1.00557620818
270697,270704,271631,7,927,2,36000,1.00755124056
270726,270732,271576,6,844,2,36000,1.00710900474
270727,270738,271638,11,900,2,36000,1.01222222222
270744,270750,271725,6,975,2,36000,1.00615384615
270745,270756,271751,11,995,2,36000,1.01105527638
270783,270789,271799,6,1010,2,36000,1.00594059406
270798,270805,271811,7,1006,2,36000,1.0069582505
270827,270833,271970,6,1137,2,36000,1.00527704485
270842,270848,271621,6,773,2,36000,1.00776196636
270859,270865,271763,6,898,2,36000,1.00668151448
270860,270871,271883,11,1012,2,36000,1.01086956522
270876,270882,271863,6,981,2,36000,1.00611620795
270892,270898,271730,6,832,2,36000,1.00721153846
270908,270914,271882,6,968,2,36000,1.00619834711
270984,270990,271913,6,923,2,36000,1.00650054171
271027,271033,272128,6,1095,2,36000,1.00547945205
271049,271055,272122,6,1067,2,36000,1.00562324274
271050,271061,272130,11,1069,2,36000,1.01028999065
271083,271089,271988,6,899,2,36000,1.00667408231
271099,271105,272075,6,970,2,36000,1.00618556701
271114,271121,272294,7,1173,2,36000,1.00596760443
271116,271127,272147,11,1020,2,36000,1.01078431373
271132,271138,272017,6,879,2,36000,1.00682593857
271185,271191,272249,6,1058,2,36000,1.0056710775
271215,271222,272358,7,1136,2,36000,1.00616197183
271217,271228,272167,11,939,2,36000,1.01171458999
271219,271233,272220,14,987,2,36000,1.01418439716
271235,271241,271997,6,756,2,36000,1.00793650794
271237,271247,272571,10,1324,2,36000,1.00755287009
271253,271259,272291,6,1032,2,36000,1.00581395349
271282,271289,272164,7,875,2,36000,1.008
271301,271308,272237,7,929,2,36000,1.00753498385
271317,271323,272255,6,932,2,36000,1.00643776824
271333,271339,272451,6,1112,2,36000,1.00539568345
271349,271356,272243,7,887,2,36000,1.00789177001
271351,271362,272495,11,1133,2,36000,1.00970873786
271366,271373,272545,7,1172,2,36000,1.00597269625
271382,271388,272367,6,979,2,36000,1.00612870276
271397,271404,272398,7,994,2,36000,1.00704225352
271413,271419,272432,6,1013,2,36000,1.00592300099
271429,271435,272514,6,1079,2,36000,1.00556070436
271430,271441,272359,11,918,2,36000,1.01198257081
271484,271490,272390,6,900,2,36000,1.00666666667
271499,271506,272526,7,1020,2,36000,1.0068627451
271515,271521,272719,6,1198,2,36000,1.00500834725
271517,271527,272570,10,1043,2,36000,1.00958772771
271518,271533,272487,15,954,2,36000,1.01572327044
271534,271540,272481,6,941,2,36000,1.00637619554
271536,271546,272568,10,1022,2,36000,1.00978473581
271552,271558,272648,6,1090,2,36000,1.00550458716
271553,271564,272548,11,984,2,36000,1.01117886179
271569,271576,272725,7,1149,2,36000,1.00609225413
271585,271591,272535,6,944,2,36000,1.0063559322
271617,271623,272639,6,1016,2,36000,1.00590551181
271634,271640,272618,6,978,2,36000,1.00613496933
271635,271646,272556,11,910,2,36000,1.01208791209
271637,271652,272669,15,1017,2,36000,1.01474926254
271638,271657,272676,19,1019,2,36000,1.01864573111
271649,271668,271784,19,116,1,3600,1.16379310345
271655,271663,272686,8,1023,2,36000,1.00782013685
271670,271676,272629,6,953,2,36000,1.00629590766
271672,271682,272641,10,959,2,36000,1.01042752868
271728,271734,272660,6,926,2,36000,1.00647948164
271744,271750,272794,6,1044,2,36000,1.00574712644
271760,271766,272846,6,1080,2,36000,1.00555555556
271761,271772,272604,11,832,2,36000,1.01322115385
271777,271783,272773,6,990,2,36000,1.00606060606
271804,271810,272807,6,997,2,36000,1.00601805416
271806,271816,272755,10,939,2,36000,1.01064962726
271823,271829,272795,6,966,2,36000,1.00621118012
271864,271870,272961,6,1091,2,36000,1.0054995417
271884,271890,272979,6,1089,2,36000,1.00550964187
271885,271896,272870,11,974,2,36000,1.0112936345
271914,271920,273057,6,1137,2,36000,1.00527704485
271958,271964,272279,6,315,1,3600,1.01904761905
271973,271979,273036,6,1057,2,36000,1.00567644276
271988,271995,273027,7,1032,2,36000,1.00678294574
272004,272011,272943,7,932,2,36000,1.00751072961
272020,272026,272981,6,955,2,36000,1.00628272251
272035,272042,272217,7,175,1,3600,1.04
272078,272084,273082,6,998,2,36000,1.00601202405
272126,272132,273052,6,920,2,36000,1.00652173913
272141,272148,273034,7,886,2,36000,1.0079006772
272143,272154,273138,11,984,2,36000,1.01117886179
272159,272165,272972,6,807,2,36000,1.00743494424
272176,272182,273152,6,970,2,36000,1.00618556701
272177,272188,273119,11,931,2,36000,1.01181525242
272222,272228,273283,6,1055,2,36000,1.00568720379
272241,272247,273419,6,1172,2,36000,1.00511945392
272257,272264,273324,7,1060,2,36000,1.00660377358
272259,272270,273236,11,966,2,36000,1.01138716356
272260,272275,273298,15,1023,2,36000,1.0146627566
272292,272298,273269,6,971,2,36000,1.0061791967
272308,272314,273312,6,998,2,36000,1.00601202405
272362,272368,273212,6,844,2,36000,1.00710900474
272363,272374,273356,11,982,2,36000,1.01120162933
272379,272385,273324,6,939,2,36000,1.00638977636
272394,272400,272748,6,348,1,3600,1.01724137931
272395,272406,273354,11,948,2,36000,1.01160337553
272412,272418,273362,6,944,2,36000,1.0063559322
272435,272441,273378,6,937,2,36000,1.00640341515
272450,272456,273436,6,980,2,36000,1.00612244898
272482,272489,273489,7,1000,2,36000,1.007
272498,272504,273518,6,1014,2,36000,1.00591715976
272499,272510,273498,11,988,2,36000,1.01113360324
272515,272521,273610,6,1089,2,36000,1.00550964187
272531,272537,273279,6,742,2,36000,1.00808625337
272547,272553,273741,6,1188,2,36000,1.00505050505
272549,272559,273543,10,984,2,36000,1.01016260163
272565,272571,273613,6,1042,2,36000,1.00575815739
272567,272577,273577,10,1000,2,36000,1.01
272583,272589,273718,6,1129,2,36000,1.00531443756
272585,272595,273515,10,920,2,36000,1.01086956522
272586,272600,273584,14,984,2,36000,1.01422764228
272605,272611,273690,6,1079,2,36000,1.00556070436
272621,272627,273731,6,1104,2,36000,1.00543478261
272637,272643,273694,6,1051,2,36000,1.00570884872
272653,272659,273655,6,996,2,36000,1.00602409639
272655,272665,273828,10,1163,2,36000,1.00859845228
272656,272670,273740,14,1070,2,36000,1.01308411215
272672,272679,273631,7,952,2,36000,1.00735294118
272674,272685,273734,11,1049,2,36000,1.01048617731
272690,272696,273647,6,951,2,36000,1.00630914826
272692,272702,273822,10,1120,2,36000,1.00892857143
272720,272726,273747,6,1021,2,36000,1.00587659158
272735,272741,273795,6,1054,2,36000,1.00569259962
272757,272763,273695,6,932,2,36000,1.00643776824
272763,272769,273365,6,596,1,3600,1.01006711409
272774,272780,273733,6,953,2,36000,1.00629590766
272796,272802,273841,6,1039,2,36000,1.00577478345
272798,272808,273743,10,935,2,36000,1.01069518717
272813,272819,273782,6,963,2,36000,1.0062305296
272845,272851,273840,6,989,2,36000,1.00606673407
272873,272879,273825,6,946,2,36000,1.00634249471
272944,272951,274004,7,1053,2,36000,1.00664767331
272961,272967,273776,6,809,2,36000,1.00741656366
272976,272982,274036,6,1054,2,36000,1.00569259962
272992,272998,274104,6,1106,2,36000,1.00542495479
272993,273004,273939,11,935,2,36000,1.01176470588
273028,273034,274051,6,1017,2,36000,1.00589970501
273043,273049,274053,6,1004,2,36000,1.00597609562
273045,273055,273884,10,829,2,36000,1.01206272618
273060,273067,274092,7,1025,2,36000,1.00682926829
273062,273073,274039,11,966,2,36000,1.01138716356
273081,273088,274682,7,1594,2,36000,1.00439146801
273116,273122,273955,6,833,1,3600,1.00720288115
273122,273129,274277,7,1148,2,36000,1.00609756098
273139,273145,274074,6,929,2,36000,1.00645855759
273155,273161,274216,6,1055,2,36000,1.00568720379
273213,273219,274204,6,985,2,36000,1.00609137056
273239,273245,274143,6,898,2,36000,1.00668151448
273270,273276,274172,6,896,2,36000,1.00669642857
273287,273293,274170,6,877,2,36000,1.00684150513
273289,273299,274305,10,1006,2,36000,1.00994035785
273304,273311,274235,7,924,2,36000,1.00757575758
273321,273327,274352,6,1025,2,36000,1.00585365854
273322,273333,274268,11,935,2,36000,1.01176470588
273338,273345,274516,7,1171,2,36000,1.00597779675
273358,273364,274298,6,934,2,36000,1.00642398287
273360,273370,274357,10,987,2,36000,1.01013171226
273377,273383,274288,6,905,2,36000,1.00662983425
273378,273389,274469,11,1080,2,36000,1.01018518519
273429,273435,274450,6,1015,2,36000,1.00591133005
273445,273451,274505,6,1054,2,36000,1.00569259962
273494,273500,274490,6,990,2,36000,1.00606060606
273510,273516,274493,6,977,2,36000,1.00614124872
273527,273533,274726,6,1193,2,36000,1.0050293378
273529,273539,274638,10,1099,2,36000,1.00909918107
273552,273558,274549,6,991,2,36000,1.00605449041
273578,273584,274576,6,992,2,36000,1.0060483871
273594,273600,274810,6,1210,2,36000,1.00495867769
273613,273619,274518,6,899,2,36000,1.00667408231
273615,273625,274604,10,979,2,36000,1.0102145046
273634,273640,274592,6,952,2,36000,1.00630252101
273649,273655,274557,6,902,2,36000,1.0066518847
273665,273671,274891,6,1220,2,36000,1.00491803279
273691,273697,274548,6,851,2,36000,1.00705052879
273707,273713,274782,6,1069,2,36000,1.00561272217
273709,273719,274750,10,1031,2,36000,1.00969932105
273724,273730,274734,6,1004,2,36000,1.00597609562
273741,273747,274858,6,1111,2,36000,1.00540054005
273743,273753,274791,10,1038,2,36000,1.00963391137
273744,273759,274846,15,1087,2,36000,1.01379944802
273746,273764,274803,18,1039,2,36000,1.01732435034
273747,273769,274765,22,996,2,36000,1.02208835341
273764,273775,274727,11,952,2,36000,1.01155462185
273765,273781,274769,16,988,2,36000,1.01619433198
273781,273787,274746,6,959,2,36000,1.00625651721
273797,273803,274881,6,1078,2,36000,1.00556586271
273799,273809,274786,10,977,2,36000,1.01023541453
273823,273829,274844,6,1015,2,36000,1.00591133005
273839,273845,274799,6,954,2,36000,1.00628930818
273840,273851,274733,11,882,2,36000,1.01247165533
273857,273863,274847,6,984,2,36000,1.00609756098
273858,273869,274861,11,992,2,36000,1.01108870968
273884,273890,274784,6,894,2,36000,1.0067114094
273941,273947,275123,6,1176,2,36000,1.00510204082
274006,274012,274991,6,979,2,36000,1.00612870276
274037,274043,275140,6,1097,2,36000,1.00546946217
274053,274059,275167,6,1108,2,36000,1.00541516245
274055,274065,275208,10,1143,2,36000,1.00874890639
274056,274070,275162,14,1092,2,36000,1.01282051282
274075,274082,275108,7,1026,2,36000,1.00682261209
274094,274100,275046,6,946,2,36000,1.00634249471
274110,274116,275068,6,952,2,36000,1.00630252101
274145,274151,275462,6,1311,2,36000,1.00457665904
274171,274177,275172,6,995,2,36000,1.00603015075
274187,274193,275203,6,1010,2,36000,1.00594059406
274205,274212,275290,7,1078,2,36000,1.00649350649
274222,274228,275350,6,1122,2,36000,1.00534759358
274238,274245,275043,7,798,2,36000,1.00877192982
274271,274277,275389,6,1112,2,36000,1.00539568345
274287,274293,275484,6,1191,2,36000,1.00503778338
274303,274309,275345,6,1036,2,36000,1.00579150579
274305,274315,275512,10,1197,2,36000,1.00835421888
274321,274328,275193,7,865,2,36000,1.00809248555
274346,274353,275442,7,1089,2,36000,1.00642791552
274363,274368,275538,5,1170,2,36000,1.00427350427
274451,274457,275541,6,1084,2,36000,1.00553505535
274470,274476,275414,6,938,2,36000,1.00639658849
274492,274498,275547,6,1049,2,36000,1.00571973308
274493,274504,275507,11,1003,2,36000,1.0109670987
274510,274516,275574,6,1058,2,36000,1.0056710775
274526,274532,275451,6,919,2,36000,1.00652883569
274527,274538,275469,11,931,2,36000,1.01181525242
274550,274556,275527,6,971,2,36000,1.0061791967
274551,274562,275547,11,985,2,36000,1.01116751269
274567,274574,275543,7,969,2,36000,1.00722394221
274583,274589,275391,6,802,2,36000,1.00748129676
274599,274605,275556,6,951,2,36000,1.00630914826
274617,274623,275588,6,965,2,36000,1.00621761658
274640,274646,275682,6,1036,2,36000,1.00579150579
274684,274690,275706,6,1016,2,36000,1.00590551181
274729,274735,275757,6,1022,2,36000,1.00587084149
274731,274741,275887,10,1146,2,36000,1.00872600349
274747,274753,275621,6,868,2,36000,1.0069124424
274749,274759,275747,10,988,2,36000,1.01012145749
274750,274764,275842,14,1078,2,36000,1.01298701299
274767,274773,275832,6,1059,2,36000,1.00566572238
274768,274779,275795,11,1016,2,36000,1.01082677165
274787,274793,275821,6,1028,2,36000,1.00583657588
274789,274799,275737,10,938,2,36000,1.01066098081
274790,274805,275880,15,1075,2,36000,1.01395348837
274792,274810,275719,18,909,2,36000,1.0198019802
274814,274820,275709,6,889,2,36000,1.00674915636
274816,274826,275840,10,1014,2,36000,1.00986193294
274817,274831,275664,14,833,2,36000,1.01680672269
274819,274836,275920,17,1084,2,36000,1.01568265683
274846,274852,275874,6,1022,2,36000,1.00587084149
274848,274858,275733,10,875,2,36000,1.01142857143
274849,274863,275808,14,945,2,36000,1.01481481481
274865,274871,275845,6,974,2,36000,1.00616016427
274867,274877,275955,10,1078,2,36000,1.00927643785
274883,274889,275923,6,1034,2,36000,1.00580270793
274900,274906,275837,6,931,2,36000,1.00644468314
274991,274997,276153,6,1156,2,36000,1.00519031142
275046,275052,275938,6,886,2,36000,1.00677200903
275047,275058,276078,11,1020,2,36000,1.01078431373
275070,275076,276152,6,1076,2,36000,1.00557620818
275108,275114,276027,6,913,2,36000,1.00657174151
275124,275130,276096,6,966,2,36000,1.00621118012
275143,275149,276112,6,963,2,36000,1.0062305296
275162,275168,276105,6,937,2,36000,1.00640341515
275177,275188,275299,11,111,1,3600,1.0990990991
275178,275183,276201,5,1018,2,36000,1.00491159136
275179,275194,276200,15,1006,2,36000,1.01491053678
275195,275201,276242,6,1041,2,36000,1.00576368876
275211,275217,276137,6,920,2,36000,1.00652173913
275212,275223,276260,11,1037,2,36000,1.0106075217
275291,275297,276232,6,935,2,36000,1.0064171123
275346,275352,276504,6,1152,2,36000,1.00520833333
275362,275368,276393,6,1025,2,36000,1.00585365854
275388,275395,276368,7,973,2,36000,1.0071942446
275405,275411,276540,6,1129,2,36000,1.00531443756
275421,275427,276484,6,1057,2,36000,1.00567644276
275443,275450,276478,7,1028,2,36000,1.00680933852
275459,275465,276292,6,827,2,36000,1.00725513906
275474,275480,275799,6,319,1,3600,1.01880877743
275475,275486,276553,11,1067,2,36000,1.01030927835
275477,275491,276426,14,935,2,36000,1.01497326203
275492,275499,276612,7,1113,2,36000,1.00628930818
275508,275514,276498,6,984,2,36000,1.00609756098
275526,275532,276587,6,1055,2,36000,1.00568720379
275543,275549,276598,6,1049,2,36000,1.00571973308
275545,275555,276400,10,845,2,36000,1.01183431953
275546,275560,276504,14,944,2,36000,1.01483050847
275548,275566,276505,18,939,2,36000,1.01916932907
275570,275576,276580,6,1004,2,36000,1.00597609562
275571,275582,276489,11,907,2,36000,1.01212789416
275572,275587,276493,15,906,2,36000,1.01655629139
275589,275596,276633,7,1037,2,36000,1.00675024108
275591,275602,276691,11,1089,2,36000,1.0101010101
275623,275629,276584,6,955,2,36000,1.00628272251
275664,275670,276643,6,973,2,36000,1.00616649538
275683,275689,276712,6,1023,2,36000,1.00586510264
275708,275714,276663,6,949,2,36000,1.00632244468
275710,275720,276891,10,1171,2,36000,1.00853970965
275726,275732,277015,6,1283,2,36000,1.00467653936
275742,275748,276832,6,1084,2,36000,1.00553505535
275743,275754,276667,11,913,2,36000,1.01204819277
275758,275764,275880,6,116,1,1800,1.05172413793
275759,275770,276911,11,1141,2,36000,1.00964066608
275761,275775,276653,14,878,2,36000,1.0159453303
275795,275801,276623,6,822,2,36000,1.00729927007
275811,275817,276638,6,821,2,36000,1.00730816078
275827,275833,276902,6,1069,2,36000,1.00561272217
275843,275849,276757,6,908,2,36000,1.00660792952
275845,275855,276809,10,954,2,36000,1.01048218029
275846,275860,276873,14,1013,2,36000,1.01382033564
275848,275866,277103,18,1237,2,36000,1.01455133387
275849,275871,276892,22,1021,2,36000,1.02154750245
275880,275890,276820,10,930,2,36000,1.01075268817
275881,275896,276631,15,735,2,36000,1.02040816327
275898,275904,276778,6,874,2,36000,1.00686498856
275924,275930,276836,6,906,2,36000,1.00662251656
275925,275936,276890,11,954,2,36000,1.01153039832
275942,275948,276999,6,1051,2,36000,1.00570884872
275959,275965,277006,6,1041,2,36000,1.00576368876
276028,276034,276836,6,802,2,36000,1.00748129676
276080,276086,276978,6,892,2,36000,1.0067264574
276098,276105,277130,7,1025,2,36000,1.00682926829
276114,276120,277078,6,958,2,36000,1.00626304802
276115,276126,277143,11,1017,2,36000,1.01081612586
276139,276145,277072,6,927,2,36000,1.00647249191
276155,276161,277093,6,932,2,36000,1.00643776824
276157,276167,277199,10,1032,2,36000,1.00968992248
276180,276186,276303,6,117,1,1800,1.05128205128
276204,276211,277336,7,1125,2,36000,1.00622222222
276206,276217,277218,11,1001,2,36000,1.01098901099
276239,276245,277230,6,985,2,36000,1.00609137056
276255,276261,276860,6,599,1,3600,1.01001669449
276257,276267,277297,10,1030,2,36000,1.00970873786
276274,276280,277365,6,1085,2,36000,1.00552995392
276293,276299,277262,6,963,2,36000,1.0062305296
276368,276375,277401,7,1026,2,36000,1.00682261209
276395,276401,277318,6,917,2,36000,1.00654307525
276414,276420,277337,6,917,2,36000,1.00654307525
276432,276437,277543,5,1106,2,36000,1.00452079566
276478,276484,277447,6,963,2,36000,1.0062305296
276494,276500,277586,6,1086,2,36000,1.00552486188
276496,276506,277625,10,1119,2,36000,1.00893655049
276497,276511,277486,14,975,2,36000,1.01435897436
276519,276525,277356,6,831,2,36000,1.00722021661
276520,276531,277599,11,1068,2,36000,1.01029962547
276522,276536,277542,14,1006,2,36000,1.01391650099
276523,276541,277563,18,1022,2,36000,1.01761252446
276543,276549,277624,6,1075,2,36000,1.00558139535
276558,276564,277714,6,1150,2,36000,1.0052173913
276591,276597,277582,6,985,2,36000,1.00609137056
276593,276603,277576,10,973,2,36000,1.01027749229
276594,276608,277545,14,937,2,36000,1.01494130203
276611,276617,277612,6,995,2,36000,1.00603015075
276612,276623,277765,11,1142,2,36000,1.00963222417
276629,276635,277539,6,904,2,36000,1.00663716814
276645,276651,277525,6,874,2,36000,1.00686498856
276646,276657,277769,11,1112,2,36000,1.00989208633
276648,276662,277635,14,973,2,36000,1.01438848921
276649,276668,277755,19,1087,2,36000,1.01747930083
276666,276673,277732,7,1059,2,36000,1.00661000944
276668,276679,277686,11,1007,2,36000,1.01092353525
276683,276689,277706,6,1017,2,36000,1.00589970501
276699,276705,277492,6,787,2,36000,1.00762388818
276714,276720,277751,6,1031,2,36000,1.00581959263
276758,276764,277852,6,1088,2,36000,1.00551470588
276780,276786,277831,6,1045,2,36000,1.00574162679
276811,276817,277901,6,1084,2,36000,1.00553505535
276827,276833,277829,6,996,2,36000,1.00602409639
276843,276849,277902,6,1053,2,36000,1.0056980057
276845,276855,277813,10,958,2,36000,1.01043841336
276846,276860,278163,14,1303,2,36000,1.01074443592
276875,276881,277835,6,954,2,36000,1.00628930818
276891,276897,278022,6,1125,2,36000,1.00533333333
276892,276903,277957,11,1054,2,36000,1.01043643264
276908,276915,278030,7,1115,2,36000,1.00627802691
276910,276921,277910,11,989,2,36000,1.0111223458
276926,276932,277925,6,993,2,36000,1.00604229607
276979,276985,278007,6,1022,2,36000,1.00587084149
276980,276990,277558,10,568,1,1800,1.0176056338
277002,277008,278262,6,1254,2,36000,1.004784689
277018,277025,278164,7,1139,2,36000,1.00614574188
277020,277031,278133,11,1102,2,36000,1.00998185118
277074,277081,278031,7,950,2,36000,1.00736842105
277090,277096,277994,6,898,2,36000,1.00668151448
277106,277112,278107,6,995,2,36000,1.00603015075
277107,277118,277992,11,874,2,36000,1.01258581236
277132,277138,278256,6,1118,2,36000,1.0053667263
277148,277154,278249,6,1095,2,36000,1.00547945205
277203,277209,278432,6,1223,2,36000,1.00490596893
277219,277225,278192,6,967,2,36000,1.00620475698
277240,277246,278236,6,990,2,36000,1.00606060606
277269,277275,278203,6,928,2,36000,1.00646551724
277298,277304,278366,6,1062,2,36000,1.00564971751
277320,277326,278193,6,867,2,36000,1.00692041522
277340,277346,278321,6,975,2,36000,1.00615384615
277342,277352,278316,10,964,2,36000,1.01037344398
277358,277364,278310,6,946,2,36000,1.00634249471
277383,277389,278406,6,1017,2,36000,1.00589970501
277413,277419,278341,6,922,2,36000,1.00650759219
277450,277456,278483,6,1027,2,36000,1.00584225901
277487,277493,278459,6,966,2,36000,1.00621118012
277503,277509,278522,6,1013,2,36000,1.00592300099
277526,277532,278513,6,981,2,36000,1.00611620795
277543,277549,278596,6,1047,2,36000,1.00573065903
277545,277555,278739,10,1184,2,36000,1.00844594595
277546,277561,278686,15,1125,2,36000,1.01333333333
277562,277568,278614,6,1046,2,36000,1.00573613767
277564,277574,278648,10,1074,2,36000,1.00931098696
277580,277586,278567,6,981,2,36000,1.00611620795
277596,277602,278639,6,1037,2,36000,1.00578592093
277597,277608,278670,11,1062,2,36000,1.01035781544
277615,277621,278681,6,1060,2,36000,1.00566037736
277616,277627,278723,11,1096,2,36000,1.01003649635
277633,277639,278602,6,963,2,36000,1.0062305296
277635,277645,278704,10,1059,2,36000,1.00944287063
277652,277658,278811,6,1153,2,36000,1.00520381613
277686,277692,278676,6,984,2,36000,1.00609756098
277708,277714,278710,6,996,2,36000,1.00602409639
277724,277730,278505,6,775,2,36000,1.00774193548
277739,277746,278706,7,960,2,36000,1.00729166667
277756,277762,278795,6,1033,2,36000,1.00580832527
277757,277768,278585,11,817,2,36000,1.01346389229
277773,277779,278826,6,1047,2,36000,1.00573065903
277774,277785,278726,11,941,2,36000,1.01168969182
277815,277822,278823,7,1001,2,36000,1.00699300699
277835,277842,278815,7,973,2,36000,1.0071942446
277837,277848,278964,11,1116,2,36000,1.00985663082
277839,277853,278843,14,990,2,36000,1.01414141414
277855,277862,278807,7,945,2,36000,1.00740740741
277903,277909,278970,6,1061,2,36000,1.00565504241
277905,277915,278847,10,932,2,36000,1.01072961373
277921,277927,278982,6,1055,2,36000,1.00568720379
277936,277943,278900,7,957,2,36000,1.00731452456
277962,277967,278930,5,963,2,36000,1.005192108
277994,278000,278976,6,976,2,36000,1.00614754098
277995,278006,278860,11,854,2,36000,1.01288056206
278025,278031,278943,6,912,2,36000,1.00657894737
278026,278037,279223,11,1186,2,36000,1.00927487352
278046,278052,279193,6,1141,2,36000,1.00525854514
278048,278058,279207,10,1149,2,36000,1.00870322019
278112,278118,279328,6,1210,2,36000,1.00495867769
278137,278143,279113,6,970,2,36000,1.00618556701
278166,278172,279908,6,1736,2,36000,1.0034562212
278168,278178,279127,10,949,2,36000,1.0105374078
278193,278199,279318,6,1119,2,36000,1.00536193029
278194,278205,279183,11,978,2,36000,1.01124744376
278225,278232,279384,7,1152,2,36000,1.00607638889
278249,278255,279280,6,1025,2,36000,1.00585365854
278251,278261,279264,10,1003,2,36000,1.00997008973
278272,278278,279203,6,925,2,36000,1.00648648649
278273,278284,279365,11,1081,2,36000,1.01017576318
278311,278317,279308,6,991,2,36000,1.00605449041
278328,278334,279482,6,1148,2,36000,1.00522648084
278329,278340,279355,11,1015,2,36000,1.01083743842
278346,278352,279255,6,903,2,36000,1.00664451827
278367,278374,279568,7,1194,2,36000,1.00586264657
278410,278417,279483,7,1066,2,36000,1.00656660413
278435,278441,279438,6,997,2,36000,1.00601805416
278460,278466,279830,6,1364,2,36000,1.00439882698
278490,278496,279490,6,994,2,36000,1.0060362173
278508,278514,279571,6,1057,2,36000,1.00567644276
278524,278530,279422,6,892,2,36000,1.0067264574
278525,278536,279368,11,832,2,36000,1.01322115385
278568,278574,279620,6,1046,2,36000,1.00573613767
278587,278594,279684,7,1090,2,36000,1.00642201835
278604,278610,279569,6,959,2,36000,1.00625651721
278606,278616,279523,10,907,2,36000,1.01102535832
278625,278631,279474,6,843,2,36000,1.00711743772
278640,278647,279680,7,1033,2,36000,1.00677637948
278658,278664,279557,6,893,2,36000,1.00671892497
278674,278680,279578,6,898,2,36000,1.00668151448
278695,278701,280053,6,1352,2,36000,1.00443786982
278696,278707,279760,11,1053,2,36000,1.01044634378
278698,278712,279778,14,1066,2,36000,1.01313320826
278719,278725,279828,6,1103,2,36000,1.00543970988
278721,278731,279777,10,1046,2,36000,1.00956022945
278722,278736,279690,14,954,2,36000,1.01467505241
278740,278746,279800,6,1054,2,36000,1.00569259962
278742,278752,279860,10,1108,2,36000,1.00902527076
278743,278757,279729,14,972,2,36000,1.01440329218
278799,278805,279904,6,1099,2,36000,1.00545950864
278815,278821,279919,6,1098,2,36000,1.00546448087
278817,278827,280135,10,1308,2,36000,1.00764525994
278818,278832,279837,14,1005,2,36000,1.01393034826
278836,278843,279569,7,726,2,36000,1.00964187328
278838,278849,279746,11,897,2,36000,1.01226309922
278857,278863,279858,6,995,2,36000,1.00603015075
278858,278869,279876,11,1007,2,36000,1.01092353525
278874,278880,279666,6,786,2,36000,1.00763358779
278901,278907,280030,6,1123,2,36000,1.0053428317
278933,278939,279746,6,807,2,36000,1.00743494424
278964,278971,280004,7,1033,2,36000,1.00677637948
278966,278977,279842,11,865,2,36000,1.01271676301
278985,278991,279810,6,819,2,36000,1.00732600733
278987,278997,279920,10,923,2,36000,1.01083423619
278988,279002,279938,14,936,2,36000,1.01495726496
279117,279124,280214,7,1090,2,36000,1.00642201835
279134,279140,280166,6,1026,2,36000,1.00584795322
279184,279191,280171,7,980,2,36000,1.00714285714
279201,279207,280167,6,960,2,36000,1.00625
279217,279223,280180,6,957,2,36000,1.00626959248
279218,279229,280177,11,948,2,36000,1.01160337553
279234,279240,280355,6,1115,2,36000,1.00538116592
279256,279262,280341,6,1079,2,36000,1.00556070436
279281,279287,280481,6,1194,2,36000,1.00502512563
279282,279293,280263,11,970,2,36000,1.01134020619
279297,279303,279351,6,48,1,1800,1.125
279313,279319,280228,6,909,2,36000,1.00660066007
279328,279335,280396,7,1061,2,36000,1.00659754948
279330,279341,280195,11,854,2,36000,1.01288056206
279356,279362,280363,6,1001,2,36000,1.00599400599
279372,279378,280359,6,981,2,36000,1.00611620795
279374,279384,280304,10,920,2,36000,1.01086956522
279389,279395,280269,6,874,2,36000,1.00686498856
279419,279425,279547,6,122,1,1800,1.04918032787
279424,279431,280436,7,1005,2,36000,1.00696517413
279440,279446,280580,6,1134,2,36000,1.00529100529
279481,279487,280531,6,1044,2,36000,1.00574712644
279498,279505,280571,7,1066,2,36000,1.00656660413
279500,279511,280681,11,1170,2,36000,1.0094017094
279502,279516,280423,14,907,2,36000,1.01543550165
279524,279530,280582,6,1052,2,36000,1.00570342205
279559,279565,280535,6,970,2,36000,1.00618556701
279577,279582,280280,5,698,2,36000,1.00716332378
279578,279589,280507,11,918,2,36000,1.01198257081
279580,279594,280608,14,1014,2,36000,1.01380670611
279581,279599,280568,18,969,2,36000,1.01857585139
279597,279605,280650,8,1045,2,36000,1.00765550239
279622,279628,280552,6,924,2,36000,1.00649350649
279664,279670,279768,6,98,1,1800,1.0612244898
279669,279676,280590,7,914,2,36000,1.00765864333
279685,279691,280567,6,876,2,36000,1.00684931507
279687,279697,280675,10,978,2,36000,1.01022494888
279714,279720,280688,6,968,2,36000,1.00619834711
279745,279751,281114,6,1363,2,36000,1.00440205429
279762,279768,280778,6,1010,2,36000,1.00594059406
279764,279774,280801,10,1027,2,36000,1.00973709834
279766,279779,280852,13,1073,2,36000,1.01211556384
279787,279794,280880,7,1086,2,36000,1.00644567219
279789,279800,280636,11,836,2,36000,1.01315789474
279806,279812,280758,6,946,2,36000,1.00634249471
279823,279829,280858,6,1029,2,36000,1.00583090379
279845,279851,280791,6,940,2,36000,1.00638297872
279846,279857,280991,11,1134,2,36000,1.00970017637
279848,279862,280833,14,971,2,36000,1.01441812564
279849,279868,280779,19,911,2,36000,1.02085620198
279867,279874,280919,7,1045,2,36000,1.00669856459
279868,279879,280843,11,964,2,36000,1.01141078838
279878,279885,280005,7,120,1,1800,1.05833333333
279889,279895,280952,6,1057,2,36000,1.00567644276
279905,279911,281041,6,1130,2,36000,1.00530973451
279922,279928,281029,6,1101,2,36000,1.00544959128
279924,279934,280802,10,868,2,36000,1.01152073733
279925,279940,280926,15,986,2,36000,1.01521298174
279942,279948,280835,6,887,2,36000,1.0067643743
280006,280015,280985,9,970,2,36000,1.00927835052
280031,280038,280929,7,891,2,36000,1.00785634119
280057,280063,281141,6,1078,2,36000,1.00556586271
280137,280143,281079,6,936,2,36000,1.00641025641
280170,280176,281111,6,935,2,36000,1.0064171123
280172,280182,281072,10,890,2,36000,1.01123595506
280173,280187,281212,14,1025,2,36000,1.01365853659
280196,280202,281319,6,1117,2,36000,1.00537153089
280197,280208,281293,11,1085,2,36000,1.01013824885
280199,280213,281261,14,1048,2,36000,1.01335877863
280216,280222,281144,6,922,2,36000,1.00650759219
280238,280244,281516,6,1272,2,36000,1.00471698113
280272,280278,281238,6,960,2,36000,1.00625
280273,280284,281197,11,913,2,36000,1.01204819277
280289,280295,281193,6,898,2,36000,1.00668151448
280308,280314,281125,6,811,2,36000,1.00739827374
280343,280349,281251,6,902,2,36000,1.0066518847
280359,280365,281425,6,1060,2,36000,1.00566037736
280361,280371,281435,10,1064,2,36000,1.00939849624
280377,280384,281416,7,1032,2,36000,1.00678294574
280397,280403,281453,6,1050,2,36000,1.00571428571
280425,280432,281539,7,1107,2,36000,1.00632339657
280441,280447,281352,6,905,2,36000,1.00662983425
280482,280488,281514,6,1026,2,36000,1.00584795322
280510,280516,281420,6,904,2,36000,1.00663716814
280532,280538,281521,6,983,2,36000,1.00610376399
280548,280554,281859,6,1305,2,36000,1.00459770115
280564,280570,281714,6,1144,2,36000,1.00524475524
280581,280587,281503,6,916,2,36000,1.00655021834
280583,280593,281557,10,964,2,36000,1.01037344398
280584,280598,281494,14,896,2,36000,1.015625
280586,280604,281618,18,1014,2,36000,1.01775147929
280602,280609,281649,7,1040,2,36000,1.00673076923
280604,280615,281489,11,874,2,36000,1.01258581236
280619,280625,281564,6,939,2,36000,1.00638977636
280638,280644,281741,6,1097,2,36000,1.00546946217
280644,280650,280928,6,278,1,1800,1.02158273381
280654,280660,281727,6,1067,2,36000,1.00562324274
280679,280685,281801,6,1116,2,36000,1.00537634409
280703,280714,281239,11,525,1,1800,1.02095238095
280703,280709,281857,6,1148,2,36000,1.00522648084
280704,280720,281760,16,1040,2,36000,1.01538461538
280761,280767,281576,6,809,2,36000,1.00741656366
280780,280786,281820,6,1034,2,36000,1.00580270793
280782,280792,281675,10,883,2,36000,1.01132502831
280798,280804,281683,6,879,2,36000,1.00682593857
280814,280820,281820,6,1000,2,36000,1.006
280816,280826,281830,10,1004,2,36000,1.00996015936
280834,280841,281876,7,1035,2,36000,1.00676328502
280851,280857,281983,6,1126,2,36000,1.0053285968
280852,280863,281816,11,953,2,36000,1.01154249738
280868,280874,281812,6,938,2,36000,1.00639658849
280870,280880,281854,10,974,2,36000,1.01026694045
280885,280892,281993,7,1101,2,36000,1.00635785649
280922,280929,281833,7,904,2,36000,1.00774336283
280940,280946,281977,6,1031,2,36000,1.00581959263
280941,280952,281900,11,948,2,36000,1.01160337553
280957,280963,281956,6,993,2,36000,1.00604229607
280987,280993,282185,6,1192,2,36000,1.00503355705
281006,281012,282017,6,1005,2,36000,1.00597014925
281031,281038,282081,7,1043,2,36000,1.0067114094
281048,281054,282000,6,946,2,36000,1.00634249471
281074,281080,281895,6,815,2,36000,1.00736196319
281089,281096,282117,7,1021,2,36000,1.00685602351
281120,281126,282208,6,1082,2,36000,1.00554528651
281121,281132,282202,11,1070,2,36000,1.01028037383
281138,281144,282144,6,1000,2,36000,1.006
281157,281163,282152,6,989,2,36000,1.00606673407
281158,281169,282209,11,1040,2,36000,1.01057692308
281210,281216,282224,6,1008,2,36000,1.00595238095
281212,281222,282199,10,977,2,36000,1.01023541453
281228,281234,282252,6,1018,2,36000,1.00589390963
281245,281251,282283,6,1032,2,36000,1.00581395349
281264,281270,282213,6,943,2,36000,1.00636267232
281265,281276,282328,11,1052,2,36000,1.01045627376
281296,281302,282386,6,1084,2,36000,1.00553505535
281337,281343,282338,6,995,2,36000,1.00603015075
281364,281370,282180,6,810,2,36000,1.00740740741
281422,281427,282367,5,940,2,36000,1.00531914894
281423,281433,282316,10,883,2,36000,1.01132502831
281445,281451,282205,6,754,2,36000,1.00795755968
281446,281457,282481,11,1024,2,36000,1.0107421875
281464,281470,282484,6,1014,2,36000,1.00591715976
281496,281502,282242,6,740,2,36000,1.00810810811
281498,281508,282272,10,764,2,36000,1.01308900524
281516,281522,282359,6,837,2,36000,1.00716845878
281517,281528,282566,11,1038,2,36000,1.0105973025
281519,281533,282493,14,960,2,36000,1.01458333333
281537,281543,282941,6,1398,2,36000,1.00429184549
281554,281560,282604,6,1044,2,36000,1.00574712644
281577,281583,282556,6,973,2,36000,1.00616649538
281579,281589,282648,10,1059,2,36000,1.00944287063
281580,281594,282567,14,973,2,36000,1.01438848921
281619,281625,282541,6,916,2,36000,1.00655021834
281655,281660,282730,5,1070,2,36000,1.0046728972
281677,281684,282761,7,1077,2,36000,1.00649953575
281693,281700,282603,7,903,2,36000,1.00775193798
281717,281723,282483,6,760,2,36000,1.00789473684
281733,281739,282762,6,1023,2,36000,1.00586510264
281753,281759,282617,6,858,2,36000,1.00699300699
281769,281775,282676,6,901,2,36000,1.00665926748
281805,281811,282696,6,885,2,36000,1.00677966102
281821,281827,282795,6,968,2,36000,1.00619834711
281822,281833,282856,11,1023,2,36000,1.01075268817
281824,281838,282828,14,990,2,36000,1.01414141414
281825,281844,282826,19,982,2,36000,1.01934826884
281848,281854,282824,6,970,2,36000,1.00618556701
281849,281860,282817,11,957,2,36000,1.01149425287
281866,281872,282744,6,872,2,36000,1.00688073394
281867,281878,282982,11,1104,2,36000,1.00996376812
281869,281883,282864,14,981,2,36000,1.01427115189
281890,281896,282776,6,880,2,36000,1.00681818182
281907,281913,282981,6,1068,2,36000,1.00561797753
281908,281919,282890,11,971,2,36000,1.01132852729
281958,281964,282939,6,975,2,36000,1.00615384615
281981,281987,282987,6,1000,2,36000,1.006
281997,282003,283091,6,1088,2,36000,1.00551470588
281999,282009,283086,10,1077,2,36000,1.00928505107
282015,282021,282955,6,934,2,36000,1.00642398287
282036,282042,282908,6,866,2,36000,1.00692840647
282084,282090,283017,6,927,2,36000,1.00647249191
282120,282126,283252,6,1126,2,36000,1.0053285968
282152,282158,283098,6,940,2,36000,1.00638297872
282153,282164,283179,11,1015,2,36000,1.01083743842
282183,282189,283252,6,1063,2,36000,1.00564440263
282204,282210,283093,6,883,2,36000,1.00679501699
282206,282216,283415,10,1199,2,36000,1.00834028357
282207,282221,283209,14,988,2,36000,1.01417004049
282224,282231,283074,7,843,2,36000,1.00830367734
282226,282237,283279,11,1042,2,36000,1.01055662188
282228,282242,283218,14,976,2,36000,1.0143442623
282229,282247,283311,18,1064,2,36000,1.01691729323
282231,282253,283260,22,1007,2,36000,1.02184707051
282248,282259,283294,11,1035,2,36000,1.01062801932
282263,282270,283319,7,1049,2,36000,1.00667302193
282285,282291,283283,6,992,2,36000,1.0060483871
282287,282297,283147,10,850,2,36000,1.01176470588
282323,282330,283331,7,1001,2,36000,1.00699300699
282340,282346,283473,6,1127,2,36000,1.00532386868
282341,282352,283370,11,1018,2,36000,1.01080550098
282369,282375,283913,6,1538,2,36000,1.00390117035
282370,282381,283472,11,1091,2,36000,1.01008249313
282386,282392,283398,6,1006,2,36000,1.00596421471
282489,282494,283519,5,1025,2,36000,1.00487804878
282490,282500,283584,10,1084,2,36000,1.00922509225
282492,282505,283554,13,1049,2,36000,1.012392755
282508,282514,283421,6,907,2,36000,1.00661521499
282544,282550,283555,6,1005,2,36000,1.00597014925
282560,282566,283559,6,993,2,36000,1.00604229607
282579,282585,283687,6,1102,2,36000,1.0054446461
282580,282591,283686,11,1095,2,36000,1.0100456621
282606,282612,283490,6,878,2,36000,1.00683371298
282607,282618,283603,11,985,2,36000,1.01116751269
282633,282639,283661,6,1022,2,36000,1.00587084149
282649,282655,283643,6,988,2,36000,1.00607287449
282678,282684,283750,6,1066,2,36000,1.00562851782
282697,282704,283689,7,985,2,36000,1.00710659898
282732,282738,283736,6,998,2,36000,1.00601202405
282755,282761,283696,6,935,2,36000,1.0064171123
282779,282785,283524,6,739,2,36000,1.00811907984
282781,282791,283743,10,952,2,36000,1.01050420168
282782,282796,283838,14,1042,2,36000,1.01343570058
282806,282812,283856,6,1044,2,36000,1.00574712644
282823,282828,283820,5,992,2,36000,1.00504032258
282844,282851,283869,7,1018,2,36000,1.0068762279
282846,282857,283783,11,926,2,36000,1.01187904968
282848,282862,283823,14,961,2,36000,1.01456815817
282864,282870,283963,6,1093,2,36000,1.0054894785
282866,282876,283902,10,1026,2,36000,1.00974658869
282896,282903,284106,7,1203,2,36000,1.00581878637
282912,282918,284155,6,1237,2,36000,1.00485044462
282941,282947,283742,6,795,2,36000,1.00754716981
282943,282953,283876,10,923,2,36000,1.01083423619
282958,282965,284020,7,1055,2,36000,1.00663507109
282983,282989,284006,6,1017,2,36000,1.00589970501
282984,282995,284405,11,1410,2,36000,1.00780141844
283000,283006,284012,6,1006,2,36000,1.00596421471
283026,283032,283980,6,948,2,36000,1.00632911392
283076,283082,284109,6,1027,2,36000,1.00584225901
283092,283098,284122,6,1024,2,36000,1.005859375
283093,283104,284094,11,990,2,36000,1.01111111111
283113,283119,284233,6,1114,2,36000,1.00538599641
283114,283125,284199,11,1074,2,36000,1.01024208566
283155,283161,284240,6,1079,2,36000,1.00556070436
283181,283187,284102,6,915,2,36000,1.00655737705
283209,283215,284303,6,1088,2,36000,1.00551470588
283225,283231,284158,6,927,2,36000,1.00647249191
283250,283257,284302,7,1045,2,36000,1.00669856459
283252,283263,284216,11,953,2,36000,1.01154249738
283268,283279,283329,11,50,1,1800,1.22
283268,283274,284400,6,1126,2,36000,1.0053285968
283292,283298,284357,6,1059,2,36000,1.00566572238
283294,283304,284182,10,878,2,36000,1.01138952164
283309,283315,284142,6,827,2,36000,1.00725513906
283335,283341,284232,6,891,2,36000,1.00673400673
283336,283347,284273,11,926,2,36000,1.01187904968
283338,283352,284424,14,1072,2,36000,1.01305970149
283378,283384,284471,6,1087,2,36000,1.00551977921
283400,283406,284335,6,929,2,36000,1.00645855759
283420,283426,284365,6,939,2,36000,1.00638977636
283421,283432,284401,11,969,2,36000,1.01135190918
283473,283479,284428,6,949,2,36000,1.00632244468
283474,283485,284385,11,900,2,36000,1.01222222222
283494,283500,284422,6,922,2,36000,1.00650759219
283522,283528,284591,6,1063,2,36000,1.00564440263
283546,283552,284467,6,915,2,36000,1.00655737705
283563,283569,284590,6,1021,2,36000,1.00587659158
283564,283575,284682,11,1107,2,36000,1.00993676603
283566,283580,284705,14,1125,2,36000,1.01244444444
283592,283598,284615,6,1017,2,36000,1.00589970501
283608,283614,284472,6,858,2,36000,1.00699300699
283649,283655,284662,6,1007,2,36000,1.00595829196
283664,283670,284810,6,1140,2,36000,1.00526315789
283670,283676,283761,6,85,1,1800,1.07058823529
283692,283698,284664,6,966,2,36000,1.00621118012
283694,283704,284744,10,1040,2,36000,1.00961538462
283695,283709,284790,14,1081,2,36000,1.01295097132
283711,283717,284700,6,983,2,36000,1.00610376399
283740,283746,284807,6,1061,2,36000,1.00565504241
283756,283761,284797,5,1036,2,36000,1.00482625483
283757,283767,284788,10,1021,2,36000,1.00979431929
283759,283772,285378,13,1606,2,36000,1.00809464508
283785,283791,284877,6,1086,2,36000,1.00552486188
283824,283830,284635,6,805,2,36000,1.00745341615
283826,283836,284942,10,1106,2,36000,1.00904159132
283841,283848,284965,7,1117,2,36000,1.00626678603
283862,283869,284788,7,919,2,36000,1.00761697497
283879,283885,285021,6,1136,2,36000,1.00528169014
283880,283891,284696,11,805,2,36000,1.01366459627
283912,283918,284822,6,904,2,36000,1.00663716814
283928,283934,284910,6,976,2,36000,1.00614754098
283964,283970,284807,6,837,2,36000,1.00716845878
283989,283995,285104,6,1109,2,36000,1.00541027953
284009,284015,284832,6,817,2,36000,1.00734394125
284035,284041,285065,6,1024,2,36000,1.005859375
284037,284047,284986,10,939,2,36000,1.01064962726
284095,284101,284907,6,806,2,36000,1.00744416873
284113,284119,285093,6,974,2,36000,1.00616016427
284115,284125,284878,10,753,2,36000,1.01328021248
284116,284130,285090,14,960,2,36000,1.01458333333
284133,284139,285249,6,1110,2,36000,1.00540540541
284149,284155,285168,6,1013,2,36000,1.00592300099
284171,284178,285237,7,1059,2,36000,1.00661000944
284173,284184,285246,11,1062,2,36000,1.01035781544
284190,284196,285210,6,1014,2,36000,1.00591715976
284212,284218,285188,6,970,2,36000,1.00618556701
284228,284235,285216,7,981,2,36000,1.00713557594
284253,284259,285411,6,1152,2,36000,1.00520833333
284255,284265,285249,10,984,2,36000,1.01016260163
284256,284270,285388,14,1118,2,36000,1.01252236136
284275,284281,285388,6,1107,2,36000,1.0054200542
284304,284310,285344,6,1034,2,36000,1.00580270793
284305,284316,285236,11,920,2,36000,1.01195652174
284350,284357,285255,7,898,2,36000,1.00779510022
284369,284375,285471,6,1096,2,36000,1.00547445255
284371,284381,285350,10,969,2,36000,1.01031991744
284387,284394,285511,7,1117,2,36000,1.00626678603
284404,284410,285558,6,1148,2,36000,1.00522648084
284486,284492,285579,6,1087,2,36000,1.00551977921
284487,284498,285536,11,1038,2,36000,1.0105973025
284489,284503,285568,14,1065,2,36000,1.01314553991
284490,284508,285503,18,995,2,36000,1.01809045226
284492,284514,285453,22,939,2,36000,1.02342917998
284493,284520,285476,27,956,2,36000,1.02824267782
284495,284525,285606,30,1081,2,36000,1.02775208141
284497,284530,285583,33,1053,2,36000,1.03133903134
284498,284535,285685,37,1150,2,36000,1.03217391304
284500,284541,285393,41,852,2,36000,1.04812206573
284501,284546,285467,45,921,2,36000,1.04885993485
284503,284551,285494,48,943,2,36000,1.05090137858
284505,284556,285581,51,1025,2,36000,1.04975609756
284506,284561,285553,55,992,2,36000,1.05544354839
284508,284567,285512,59,945,2,36000,1.06243386243
284509,284572,285752,63,1180,2,36000,1.05338983051
284511,284577,285675,66,1098,2,36000,1.06010928962
284513,284582,285618,69,1036,2,36000,1.0666023166
284514,284587,285642,73,1055,2,36000,1.0691943128
284516,284594,285636,78,1042,2,36000,1.07485604607
284517,284599,285523,82,924,2,36000,1.08874458874
284519,284604,285616,85,1012,2,36000,1.08399209486
284521,284610,285713,89,1103,2,36000,1.08068902992
284522,284615,285575,93,960,2,36000,1.096875
284524,284620,285689,96,1069,2,36000,1.08980355472
284525,284625,285694,100,1069,2,36000,1.0935453695
284527,284630,285610,103,980,2,36000,1.10510204082
284528,284636,285452,108,816,2,36000,1.13235294118
284530,284641,285670,111,1029,2,36000,1.10787172012
284531,284646,285660,115,1014,2,36000,1.1134122288
284533,284651,285631,118,980,2,36000,1.12040816327
284534,284656,285644,122,988,2,36000,1.12348178138
284536,284662,285704,126,1042,2,36000,1.12092130518
284537,284667,285620,130,953,2,36000,1.13641133263
284539,284672,285669,133,997,2,36000,1.1334002006
284540,284677,285781,137,1104,2,36000,1.1240942029
284542,284682,285524,140,842,2,36000,1.16627078385
284543,284688,285690,145,1002,2,36000,1.14471057884
284545,284693,285480,148,787,2,36000,1.18805590851
284546,284698,285543,152,845,2,36000,1.1798816568
284548,284703,285538,155,835,2,36000,1.18562874251
284549,284708,285750,159,1042,2,36000,1.15259117083
284551,284714,285639,163,925,2,36000,1.17621621622
284552,284719,285752,167,1033,2,36000,1.16166505324
284554,284724,285834,170,1110,2,36000,1.15315315315
284555,284729,285671,174,942,2,36000,1.1847133758
284557,284734,285483,177,749,2,36000,1.23631508678
284558,284763,285877,205,1114,2,36000,1.18402154399
284594,284742,285853,148,1111,2,36000,1.13321332133
284595,284747,285801,152,1054,2,36000,1.14421252372
284616,284752,285624,136,872,2,36000,1.15596330275
284640,284757,285618,117,861,2,36000,1.13588850174
284663,284768,285783,105,1015,2,36000,1.10344827586
284680,284773,285737,93,964,2,36000,1.09647302905
284698,284778,285728,80,950,2,36000,1.08421052632
284700,284783,285666,83,883,2,36000,1.09399773499
284716,284789,285656,73,867,2,36000,1.08419838524
284717,284794,285742,77,948,2,36000,1.08122362869
284746,284800,285989,54,1189,2,36000,1.04541631623
284789,284805,285720,16,915,2,36000,1.0174863388
284791,284811,285802,20,991,2,36000,1.02018163471
284792,284817,285731,25,914,2,36000,1.02735229759
284798,284823,285128,25,305,1,1800,1.08196721311
284819,284829,285787,10,958,2,36000,1.01043841336
284820,284834,285867,14,1033,2,36000,1.01355275895
284822,284839,285874,17,1035,2,36000,1.01642512077
284823,284845,285832,22,987,2,36000,1.02228976697
284847,284853,285755,6,902,2,36000,1.0066518847
284849,284859,285939,10,1080,2,36000,1.00925925926
284878,284888,285896,10,1008,2,36000,1.00992063492
284894,284900,285841,6,941,2,36000,1.00637619554
284911,284918,285880,7,962,2,36000,1.00727650728
284912,284924,285785,12,861,2,36000,1.01393728223
284944,284953,285931,9,978,2,36000,1.00920245399
284972,284978,286112,6,1134,2,36000,1.00529100529
284988,284997,285812,9,815,2,36000,1.01104294479
285023,285032,285932,9,900,2,36000,1.01
285065,285076,286250,11,1174,2,36000,1.00936967632
285093,285101,286265,8,1164,2,36000,1.00687285223
285094,285107,286139,13,1032,2,36000,1.01259689922
285110,285116,286221,6,1105,2,36000,1.00542986425
285169,285180,286092,11,912,2,36000,1.01206140351
285193,285199,286153,6,954,2,36000,1.00628930818
285213,285222,286211,9,989,2,36000,1.00910010111
285228,285235,286252,7,1017,2,36000,1.00688298918
285249,285256,286272,7,1016,2,36000,1.00688976378
285251,285262,286313,11,1051,2,36000,1.01046622265
285253,285268,286273,15,1005,2,36000,1.01492537313
285269,285275,286517,6,1242,2,36000,1.00483091787
285270,285281,286165,11,884,2,36000,1.01244343891
285272,285286,286325,14,1039,2,36000,1.01347449471
285345,285355,286332,10,977,2,36000,1.01023541453
285363,285369,286516,6,1147,2,36000,1.00523103749
285382,285389,286265,7,876,2,36000,1.00799086758
285407,285413,286495,6,1082,2,36000,1.00554528651
285409,285419,286387,10,968,2,36000,1.01033057851
285410,285424,286407,14,983,2,36000,1.01424211597
285426,285432,286412,6,980,2,36000,1.00612244898
285453,285463,286444,10,981,2,36000,1.01019367992
285455,285469,286467,14,998,2,36000,1.01402805611
285476,285482,286483,6,1001,2,36000,1.00599400599
285477,285488,286587,11,1099,2,36000,1.01000909918
285479,285493,286454,14,961,2,36000,1.01456815817
285499,285505,286434,6,929,2,36000,1.00645855759
285500,285511,286543,11,1032,2,36000,1.01065891473
285502,285516,286459,14,943,2,36000,1.01484623542
285519,285525,286620,6,1095,2,36000,1.00547945205
285520,285531,286603,11,1072,2,36000,1.01026119403
285522,285536,286510,14,974,2,36000,1.01437371663
285538,285545,286363,7,818,2,36000,1.00855745721
285540,285551,286613,11,1062,2,36000,1.01035781544
285542,285556,286457,14,901,2,36000,1.01553829079
285543,285562,286648,19,1086,2,36000,1.01749539595
285560,285568,286369,8,801,2,36000,1.00998751561
285562,285573,286565,11,992,2,36000,1.01108870968
285563,285579,286735,16,1156,2,36000,1.01384083045
285580,285586,286782,6,1196,2,36000,1.00501672241
285582,285592,286882,10,1290,2,36000,1.00775193798
285583,285597,286618,14,1021,2,36000,1.01371204701
285585,285602,286530,17,928,2,36000,1.01831896552
285601,285609,286649,8,1040,2,36000,1.00769230769
285618,285625,286545,7,920,2,36000,1.00760869565
285620,285631,286571,11,940,2,36000,1.01170212766
285622,285636,286671,14,1035,2,36000,1.01352657005
285623,285642,287295,19,1653,2,36000,1.01149425287
285625,285647,286727,22,1080,2,36000,1.02037037037
285643,285653,286643,10,990,2,36000,1.0101010101
285645,285658,286439,13,781,2,36000,1.0166453265
285646,285663,286653,17,990,2,36000,1.01717171717
285648,285669,286541,21,872,2,36000,1.02408256881
285649,285674,286647,25,973,2,36000,1.02569373073
285651,285679,286954,28,1275,2,36000,1.02196078431
285668,285686,286709,18,1023,2,36000,1.01759530792
285670,285691,286546,21,855,2,36000,1.02456140351
285671,285697,286642,26,945,2,36000,1.02751322751
285673,285702,286773,29,1071,2,36000,1.02707749767
285674,285707,286807,33,1100,2,36000,1.03
285692,285714,287047,22,1333,2,36000,1.01650412603
285694,285719,286738,25,1019,2,36000,1.02453385672
285695,285724,286647,29,923,2,36000,1.03141928494
285697,285729,286757,32,1028,2,36000,1.03112840467
285698,285734,286491,36,757,2,36000,1.04755614267
285700,285740,286806,40,1066,2,36000,1.03752345216
285716,285746,286540,30,794,2,36000,1.03778337531
285718,285752,286750,34,998,2,36000,1.03406813627
285719,285757,286868,38,1111,2,36000,1.03420342034
285736,285762,286698,26,936,2,36000,1.02777777778
285738,285767,286953,29,1186,2,36000,1.02445193929
285739,285772,286864,33,1092,2,36000,1.03021978022
285757,285779,286685,22,906,2,36000,1.02428256071
285759,285785,286894,26,1109,2,36000,1.02344454463
285760,285790,286778,30,988,2,36000,1.03036437247
285762,285795,287167,33,1372,2,36000,1.02405247813
285763,285800,286685,37,885,2,36000,1.0418079096
285765,285806,286840,41,1034,2,36000,1.03965183752
285785,285812,286801,27,989,2,36000,1.02730030334
285786,285817,286672,31,855,2,36000,1.03625730994
285788,285823,286859,35,1036,2,36000,1.03378378378
285805,285828,286749,23,921,2,36000,1.02497285559
285806,285833,286980,27,1147,2,36000,1.0235396687
285808,285839,286977,31,1138,2,36000,1.02724077329
285824,285844,286799,20,955,2,36000,1.02094240838
285840,285850,286912,10,1062,2,36000,1.00941619586
285842,285855,286801,13,946,2,36000,1.01374207188
285859,285864,286795,5,931,2,36000,1.00537056928
285860,285871,287001,11,1130,2,36000,1.00973451327
285877,285883,286907,6,1024,2,36000,1.005859375
285878,285889,286863,11,974,2,36000,1.0112936345
285895,285902,287024,7,1122,2,36000,1.00623885918
285897,285908,286876,11,968,2,36000,1.01136363636
285914,285921,286814,7,893,2,36000,1.0078387458
285943,285949,286909,6,960,2,36000,1.00625
285944,285955,286969,11,1014,2,36000,1.01084812623
285946,285960,287078,14,1118,2,36000,1.01252236136
285991,286001,287029,10,1028,2,36000,1.00972762646
286093,286104,287472,11,1368,2,36000,1.00804093567
286115,286124,287117,9,993,2,36000,1.00906344411
286140,286150,287150,10,1000,2,36000,1.01
286156,286165,287251,9,1086,2,36000,1.00828729282
286171,286178,287085,7,907,2,36000,1.00771775083
286213,286222,287234,9,1012,2,36000,1.00889328063
286228,286235,287138,7,903,2,36000,1.00775193798
286251,286261,287311,10,1050,2,36000,1.00952380952
286268,286274,287140,6,866,2,36000,1.00692840647
286270,286280,287310,10,1030,2,36000,1.00970873786
286271,286285,287305,14,1020,2,36000,1.0137254902
286287,286293,287299,6,1006,2,36000,1.00596421471
286289,286299,287281,10,982,2,36000,1.01018329939
286315,286324,287397,9,1073,2,36000,1.00838769804
286331,286338,287305,7,967,2,36000,1.00723888314
286347,286354,287238,7,884,2,36000,1.00791855204
286366,286375,287446,9,1071,2,36000,1.00840336134
286382,286388,287344,6,956,2,36000,1.00627615063
286398,286404,287565,6,1161,2,36000,1.00516795866
286414,286420,287486,6,1066,2,36000,1.00562851782
286415,286426,287377,11,951,2,36000,1.01156677182
286434,286445,287517,11,1072,2,36000,1.01026119403
286450,286456,287498,6,1042,2,36000,1.00575815739
286452,286462,287444,10,982,2,36000,1.01018329939
286469,286475,287518,6,1043,2,36000,1.00575263663
286470,286481,287325,11,844,2,36000,1.01303317536
286472,286486,287605,14,1119,2,36000,1.01251117069
286473,286492,287653,19,1161,2,36000,1.01636520241
286490,286498,287566,8,1068,2,36000,1.0074906367
286507,286513,287447,6,934,2,36000,1.00642398287
286508,286519,287397,11,878,2,36000,1.0125284738
286525,286531,287654,6,1123,2,36000,1.0053428317
286527,286538,287587,11,1049,2,36000,1.01048617731
286528,286543,287289,15,746,2,36000,1.02010723861
286545,286551,287419,6,868,2,36000,1.0069124424
286547,286558,287290,11,732,2,36000,1.0150273224
286549,286563,287348,14,785,2,36000,1.0178343949
286550,286568,287590,18,1022,2,36000,1.01761252446
286552,286573,287425,21,852,2,36000,1.02464788732
286568,286579,287562,11,983,2,36000,1.01119023398
286569,286584,287594,15,1010,2,36000,1.01485148515
286585,286591,287450,6,859,2,36000,1.00698486612
286601,286607,287540,6,933,2,36000,1.00643086817
286619,286625,287725,6,1100,2,36000,1.00545454545
286620,286631,287592,11,961,2,36000,1.01144640999
286622,286637,287654,15,1017,2,36000,1.01474926254
286644,286651,287712,7,1061,2,36000,1.00659754948
286646,286657,287713,11,1056,2,36000,1.01041666667
286648,286662,287746,14,1084,2,36000,1.01291512915
286665,286671,287608,6,937,2,36000,1.00640341515
286667,286677,287514,10,837,2,36000,1.0119474313
286668,286682,287622,14,940,2,36000,1.01489361702
286670,286687,287695,17,1008,2,36000,1.01686507937
286671,286693,287798,22,1105,2,36000,1.01990950226
286689,286699,287733,10,1034,2,36000,1.00967117988
286690,286704,287872,14,1168,2,36000,1.01198630137
286692,286710,287676,18,966,2,36000,1.01863354037
286693,286715,287613,22,898,2,36000,1.02449888641
286709,286721,287718,12,997,2,36000,1.01203610832
286710,286727,287780,17,1053,2,36000,1.01614434948
286731,286738,287722,7,984,2,36000,1.00711382114
286747,286753,287847,6,1094,2,36000,1.00548446069
286749,286759,287860,10,1101,2,36000,1.00908265213
286765,286771,287789,6,1018,2,36000,1.00589390963
286766,286777,287829,11,1052,2,36000,1.01045627376
286768,286782,287765,14,983,2,36000,1.01424211597
286785,286791,287753,6,962,2,36000,1.00623700624
286786,286797,287844,11,1047,2,36000,1.01050620821
286788,286802,287809,14,1007,2,36000,1.01390268123
286805,286812,287824,7,1012,2,36000,1.00691699605
286807,286818,287882,11,1064,2,36000,1.01033834586
286809,286824,287575,15,751,2,36000,1.01997336884
286810,286829,287875,19,1046,2,36000,1.01816443595
286812,286834,287732,22,898,2,36000,1.02449888641
286829,286840,287659,11,819,2,36000,1.01343101343
286830,286846,287899,16,1053,2,36000,1.01519468186
286846,286852,287889,6,1037,2,36000,1.00578592093
286862,286870,287811,8,941,2,36000,1.00850159405
286879,286885,287696,6,811,2,36000,1.00739827374
286881,286891,287815,10,924,2,36000,1.01082251082
286882,286896,287971,14,1075,2,36000,1.01302325581
286884,286901,288153,17,1252,2,36000,1.01357827476
286900,286908,287869,8,961,2,36000,1.00832466181
286901,286914,288014,13,1100,2,36000,1.01181818182
286918,286924,288010,6,1086,2,36000,1.00552486188
286919,286930,288011,11,1081,2,36000,1.01017576318
286921,286935,287656,14,721,2,36000,1.01941747573
286956,286964,288092,8,1128,2,36000,1.00709219858
286958,286970,287931,12,961,2,36000,1.01248699272
286974,286980,287970,6,990,2,36000,1.00606060606
286991,286997,288007,6,1010,2,36000,1.00594059406
286993,287003,288124,10,1121,2,36000,1.0089206066
287009,287015,287917,6,902,2,36000,1.0066518847
287026,287035,288027,9,992,2,36000,1.00907258065
287042,287048,288006,6,958,2,36000,1.00626304802
287059,287065,288170,6,1105,2,36000,1.00542986425
287082,287089,288203,7,1114,2,36000,1.00628366248
287098,287104,288038,6,934,2,36000,1.00642398287
287121,287128,288174,7,1046,2,36000,1.00669216061
287140,287149,288162,9,1013,2,36000,1.00888450148
287142,287155,287976,13,821,2,36000,1.01583434836
287158,287165,288189,7,1024,2,36000,1.0068359375
287175,287181,288179,6,998,2,36000,1.00601202405
287235,287245,288156,10,911,2,36000,1.01097694841
287251,287258,288400,7,1142,2,36000,1.0061295972
287253,287264,288257,11,993,2,36000,1.0110775428
287285,287292,288298,7,1006,2,36000,1.0069582505
287302,287308,288396,6,1088,2,36000,1.00551470588
287304,287314,288478,10,1164,2,36000,1.00859106529
287305,287320,288275,15,955,2,36000,1.01570680628
287307,287325,288395,18,1070,2,36000,1.01682242991
287323,287331,288475,8,1144,2,36000,1.00699300699
287325,287336,288488,11,1152,2,36000,1.00954861111
287326,287342,288342,16,1000,2,36000,1.016
287328,287347,288578,19,1231,2,36000,1.01543460601
287344,287354,288437,10,1083,2,36000,1.00923361034
287346,287360,288315,14,955,2,36000,1.01465968586
287362,287368,288337,6,969,2,36000,1.00619195046
287381,287389,288407,8,1018,2,36000,1.00785854617
287397,287408,288248,11,840,2,36000,1.0130952381
287399,287413,288182,14,769,2,36000,1.01820546164
287423,287430,288419,7,989,2,36000,1.00707785642
287444,287451,288492,7,1041,2,36000,1.00672430355
287446,287457,288484,11,1027,2,36000,1.01071080818
287472,287478,288620,6,1142,2,36000,1.00525394046
287473,287484,288497,11,1013,2,36000,1.01085883514
287475,287490,288414,15,924,2,36000,1.01623376623
287476,287495,288440,19,945,2,36000,1.02010582011
287493,287501,288625,8,1124,2,36000,1.00711743772
287509,287515,288512,6,997,2,36000,1.00601805416
287530,287536,288577,6,1041,2,36000,1.00576368876
287531,287542,288531,11,989,2,36000,1.0111223458
287533,287547,288435,14,888,2,36000,1.01576576577
287554,287560,288561,6,1001,2,36000,1.00599400599
287570,287576,288638,6,1062,2,36000,1.00564971751
287572,287582,288526,10,944,2,36000,1.01059322034
287573,287587,288655,14,1068,2,36000,1.01310861423
287591,287597,288595,6,998,2,36000,1.00601202405
287592,287603,288588,11,985,2,36000,1.01116751269
287594,287608,288720,14,1112,2,36000,1.01258992806
287611,287617,288749,6,1132,2,36000,1.00530035336
287613,287623,288712,10,1089,2,36000,1.00918273646
287614,287628,288538,14,910,2,36000,1.01538461538
287616,287634,288627,18,993,2,36000,1.01812688822
287632,287640,288586,8,946,2,36000,1.00845665962
287634,287645,288520,11,875,2,36000,1.01257142857
287657,287665,288777,8,1112,2,36000,1.0071942446
287658,287670,288684,12,1014,2,36000,1.01183431953
287660,287676,288736,16,1060,2,36000,1.01509433962
287661,287682,288843,21,1161,2,36000,1.0180878553
287678,287688,288751,10,1063,2,36000,1.00940733772
287679,287693,288688,14,995,2,36000,1.01407035176
287699,287707,288552,8,845,2,36000,1.00946745562
287700,287712,288713,12,1001,2,36000,1.01198801199
287716,287723,288792,7,1069,2,36000,1.00654817587
287718,287729,288541,11,812,2,36000,1.01354679803
287734,287741,288774,7,1033,2,36000,1.00677637948
287736,287747,288805,11,1058,2,36000,1.01039697543
287738,287752,288582,14,830,2,36000,1.01686746988
287739,287758,288624,19,866,2,36000,1.02193995381
287741,287763,288738,22,975,2,36000,1.02256410256
287757,287769,288847,12,1078,2,36000,1.01113172542
287759,287774,288781,15,1007,2,36000,1.01489572989
287774,287781,289006,7,1225,2,36000,1.00571428571
287791,287797,288487,6,690,2,36000,1.00869565217
287792,287803,288896,11,1093,2,36000,1.01006404392
287808,287814,288966,6,1152,2,36000,1.00520833333
287825,287831,288604,6,773,2,36000,1.00776196636
287827,287837,288907,10,1070,2,36000,1.00934579439
287828,287842,288787,14,945,2,36000,1.01481481481
287830,287847,288861,17,1014,2,36000,1.016765286
287846,287854,288876,8,1022,2,36000,1.00782778865
287848,287860,288944,12,1084,2,36000,1.0110701107
287849,287865,288964,16,1099,2,36000,1.01455868972
287866,287872,288949,6,1077,2,36000,1.00557103064
287883,287889,288997,6,1108,2,36000,1.00541516245
287884,287895,288919,11,1024,2,36000,1.0107421875
287886,287901,288838,15,937,2,36000,1.01600853789
287887,287906,288992,19,1086,2,36000,1.01749539595
287904,287912,289051,8,1139,2,36000,1.007023705
287905,287918,288967,13,1049,2,36000,1.012392755
287921,287928,288720,7,792,2,36000,1.00883838384
287937,287943,289167,6,1224,2,36000,1.00490196078
287973,287981,288908,8,927,2,36000,1.00862998921
287974,287992,289029,18,1037,2,36000,1.01735776278
287977,287987,290001,10,2014,2,7200,1.0049652433
287991,288017,289055,26,1038,2,36000,1.02504816956
288008,288024,289124,16,1100,2,36000,1.01454545455
288009,288030,289102,21,1072,2,36000,1.01958955224
288026,288036,288886,10,850,2,36000,1.01176470588
288028,288042,289032,14,990,2,36000,1.01414141414
288029,288048,289034,19,986,2,36000,1.01926977688
288045,288054,288975,9,921,2,36000,1.00977198697
288047,288104,289178,57,1074,2,36000,1.0530726257
288094,288135,289020,41,885,2,36000,1.04632768362
288125,288164,289086,39,922,2,36000,1.04229934924
288155,288171,289279,16,1108,2,36000,1.01444043321
288172,288178,289236,6,1058,2,36000,1.0056710775
288173,288184,289080,11,896,2,36000,1.01227678571
288175,288190,289133,15,943,2,36000,1.01590668081
288192,288198,289247,6,1049,2,36000,1.00571973308
288193,288204,289033,11,829,2,36000,1.01326899879
288195,288209,289209,14,1000,2,36000,1.014
288196,288216,289146,20,930,2,36000,1.02150537634
288212,288259,289190,47,931,2,36000,1.05048335124
288251,288269,289273,18,1004,2,36000,1.01792828685
288267,288286,289142,19,856,2,36000,1.02219626168
288283,288309,289345,26,1036,2,36000,1.0250965251
288298,288326,289510,28,1184,2,36000,1.02364864865
288318,288348,289263,30,915,2,36000,1.03278688525
288340,288354,289351,14,997,2,36000,1.01404212638
288356,288406,289412,50,1006,2,36000,1.04970178926
288359,288365,288392,6,27,1,28800,1.22222222222
288397,288412,291039,15,2627,2,10800,1.00570993529
288397,288417,289365,20,948,2,36000,1.02109704641
288399,288424,289514,25,1090,2,36000,1.02293577982
288416,288431,289579,15,1148,2,36000,1.01306620209
288417,288437,289488,20,1051,2,36000,1.01902949572
288419,288446,289498,27,1052,2,36000,1.02566539924
288435,288453,289383,18,930,2,36000,1.01935483871
288437,288459,289630,22,1171,2,36000,1.01878736123
288453,288486,289604,33,1118,2,36000,1.02951699463
288455,288493,289605,38,1112,2,36000,1.03417266187
288477,288500,289514,23,1014,2,36000,1.02268244576
288494,288506,289372,12,866,2,36000,1.01385681293
288496,288511,289492,15,981,2,36000,1.01529051988
288497,288517,289438,20,921,2,36000,1.0217155266
288499,288523,289611,24,1088,2,36000,1.02205882353
288500,288529,289673,29,1144,2,36000,1.02534965035
288517,288535,289463,18,928,2,36000,1.01939655172
288518,288541,289614,23,1073,2,36000,1.02143522833
288535,288547,289719,12,1172,2,36000,1.01023890785
288537,288553,289679,16,1126,2,36000,1.01420959147
288539,288559,289475,20,916,2,36000,1.02183406114
288555,288565,289383,10,818,2,36000,1.01222493888
288557,288573,289580,16,1007,2,36000,1.01588877855
288558,288588,289609,30,1021,2,36000,1.02938295788
288569,288580,292968,11,4388,1,28800,1.00250683683
288574,288594,289590,20,996,2,36000,1.02008032129
288592,288600,289452,8,852,2,36000,1.00938967136
288594,288605,289646,11,1041,2,36000,1.01056676273
288595,288612,289435,17,823,2,36000,1.02065613609
288597,288617,289739,20,1122,2,36000,1.01782531194
288599,288624,289608,25,984,2,36000,1.02540650407
288615,288631,289677,16,1046,2,36000,1.01529636711
288617,288638,289587,21,949,2,36000,1.02212855638
288634,288644,289681,10,1037,2,36000,1.00964320154
288635,288649,289797,14,1148,2,36000,1.01219512195
288637,288656,289703,19,1047,2,36000,1.01814708691
288639,288666,289787,27,1121,2,36000,1.02408563782
288655,288695,289750,40,1055,2,36000,1.03791469194
288656,288702,289703,46,1001,2,36000,1.04595404595
288686,288723,289724,37,1001,2,36000,1.03696303696
288704,288729,289753,25,1024,2,36000,1.0244140625
288720,288736,289719,16,983,2,36000,1.01627670397
288722,288741,289830,19,1089,2,36000,1.01744719927
288723,288748,289573,25,825,2,36000,1.0303030303
288725,288754,289723,29,969,2,36000,1.02992776058
288742,288761,289762,19,1001,2,36000,1.01898101898
288744,288767,289806,23,1039,2,36000,1.02213666987
288762,288785,289584,23,799,2,36000,1.02878598248
288764,288791,289792,27,1001,2,36000,1.02697302697
288780,288798,289713,18,915,2,36000,1.01967213115
288782,288803,289844,21,1041,2,36000,1.02017291066
288783,288809,289972,26,1163,2,36000,1.02235597592
288803,288816,289892,13,1076,2,36000,1.01208178439
288805,288849,289693,44,844,2,36000,1.05213270142
288831,288855,289723,24,868,2,36000,1.02764976959
288849,288861,289841,12,980,2,36000,1.01224489796
288851,288872,290483,21,1611,2,36000,1.01303538175
288852,288888,290060,36,1172,2,36000,1.03071672355
288868,288897,289717,29,820,2,36000,1.03536585366
288884,288907,289910,23,1003,2,36000,1.02293120638
288901,288919,289890,18,971,2,36000,1.01853759011
288903,288925,290013,22,1088,2,36000,1.02022058824
288920,288931,289915,11,984,2,36000,1.01117886179
288921,288955,290110,34,1155,2,36000,1.02943722944
288923,288962,289943,39,981,2,36000,1.03975535168
288946,288975,289729,29,754,2,36000,1.03846153846
288962,288982,289895,20,913,2,36000,1.02190580504
288979,288988,290067,9,1079,2,36000,1.00834105653
288981,288993,290004,12,1011,2,36000,1.0118694362
288983,289003,289964,20,961,2,36000,1.02081165453
288984,289009,290155,25,1146,2,36000,1.02181500873
289001,289018,289968,17,950,2,36000,1.01789473684
289002,289031,289851,29,820,2,36000,1.03536585366
289018,289040,290084,22,1044,2,36000,1.02107279693
289035,289046,289954,11,908,2,36000,1.01211453744
289037,289052,289896,15,844,2,36000,1.01777251185
289038,289057,290164,19,1107,2,36000,1.01716350497
289040,289063,290014,23,951,2,36000,1.02418506835
289042,289069,289853,27,784,2,36000,1.03443877551
289059,289091,290016,32,925,2,36000,1.03459459459
289061,289098,290160,37,1062,2,36000,1.03483992467
289089,289113,290112,24,999,2,36000,1.02402402402
289090,289135,290246,45,1111,2,36000,1.04050405041
289118,289153,290280,35,1127,2,36000,1.03105590062
289136,289158,290183,22,1025,2,36000,1.02146341463
289138,289165,290007,27,842,2,36000,1.03206650831
289155,289179,290154,24,975,2,36000,1.02461538462
289156,289189,290097,33,908,2,36000,1.03634361233
289172,289201,290218,29,1017,2,36000,1.0285152409
289190,289220,290178,30,958,2,36000,1.03131524008
289206,289248,290317,42,1069,2,36000,1.03928905519
289222,289258,290382,36,1124,2,36000,1.03202846975
289239,289274,290301,35,1027,2,36000,1.03407984421
289262,289284,290261,22,977,2,36000,1.02251791198
289281,289290,290356,9,1066,2,36000,1.00844277674
289282,289356,290485,74,1129,2,36000,1.06554472985
289284,289363,290389,79,1026,2,36000,1.07699805068
289348,289376,290338,28,962,2,36000,1.02910602911
289364,289384,290366,20,982,2,36000,1.02036659878
289380,289394,290225,14,831,2,36000,1.01684717208
289381,289400,290270,19,870,2,36000,1.02183908046
289397,289423,290234,26,811,2,36000,1.03205918619
289399,289446,290585,47,1139,2,36000,1.0412642669
289415,289453,290386,38,933,2,36000,1.04072883173
289438,289462,290467,24,1005,2,36000,1.02388059701
289454,289469,290599,15,1130,2,36000,1.01327433628
289456,289476,290486,20,1010,2,36000,1.0198019802
289473,289486,290620,13,1134,2,36000,1.0114638448
289489,289500,290577,11,1077,2,36000,1.01021355617
289490,289506,290496,16,990,2,36000,1.01616161616
289506,289512,290498,6,986,2,36000,1.0060851927
289508,289521,290601,13,1080,2,36000,1.01203703704
289525,289531,290389,6,858,2,36000,1.00699300699
289526,289537,290515,11,978,2,36000,1.01124744376
289528,289584,290640,56,1056,2,36000,1.05303030303
289575,289590,290688,15,1098,2,36000,1.01366120219
289593,289599,290600,6,1001,2,36000,1.00599400599
289595,289605,290643,10,1038,2,36000,1.00963391137
289596,289610,290612,14,1002,2,36000,1.01397205589
289598,289615,290403,17,788,2,36000,1.02157360406
289599,289622,290619,23,997,2,36000,1.02306920762
289618,289633,290671,15,1038,2,36000,1.01445086705
289619,289628,293419,9,3791,2,14400,1.00237404379
289619,289638,290566,19,928,2,36000,1.02047413793
289621,289644,290672,23,1028,2,36000,1.02237354086
289622,289649,290688,27,1039,2,36000,1.02598652551
289624,289655,290708,31,1053,2,36000,1.02943969611
289625,289661,290698,36,1037,2,36000,1.03471552555
289642,289684,290449,42,765,2,36000,1.05490196078
289658,289691,290590,33,899,2,36000,1.03670745273
289674,289696,290573,22,877,2,36000,1.02508551881
289691,289702,290578,11,876,2,36000,1.01255707763
289692,289709,290820,17,1111,2,36000,1.01530153015
289694,289716,290634,22,918,2,36000,1.02396514161
289714,289723,290900,9,1177,2,36000,1.00764655905
289716,289730,290867,14,1137,2,36000,1.01231310466
289718,289735,290635,17,900,2,36000,1.01888888889
289719,289741,290838,22,1097,2,36000,1.02005469462
289737,289748,290717,11,969,2,36000,1.01135190918
289739,289753,290802,14,1049,2,36000,1.01334604385
289741,289758,290664,17,906,2,36000,1.01876379691
289742,289764,290796,22,1032,2,36000,1.02131782946
289744,289770,290821,26,1051,2,36000,1.02473834443
289745,289775,290606,30,831,2,36000,1.03610108303
289747,289780,290700,33,920,2,36000,1.03586956522
289764,289786,290925,22,1139,2,36000,1.01931518876
289766,289791,290691,25,900,2,36000,1.02777777778
289767,289798,290755,31,957,2,36000,1.03239289446
289769,289804,290683,35,879,2,36000,1.03981797497
289788,289810,290687,22,877,2,36000,1.02508551881
289807,289817,290739,10,922,2,36000,1.01084598698
289809,289842,290877,33,1035,2,36000,1.03188405797
289810,289852,290802,42,950,2,36000,1.04421052632
289833,289858,290883,25,1025,2,36000,1.0243902439
289850,289865,290901,15,1036,2,36000,1.01447876448
289851,289870,290775,19,905,2,36000,1.02099447514
289868,289902,291075,34,1173,2,36000,1.02898550725
289869,289910,290951,41,1041,2,36000,1.03938520653
289892,289915,291079,23,1164,2,36000,1.01975945017
289894,289920,290824,26,904,2,36000,1.02876106195
289910,289926,290887,16,961,2,36000,1.01664932362
289912,289931,290852,19,921,2,36000,1.02062975027
289913,289956,290923,43,967,2,36000,1.04446742503
289929,289965,290996,36,1031,2,36000,1.03491755577
289952,289975,290911,23,936,2,36000,1.02457264957
289969,289981,290937,12,956,2,36000,1.01255230126
289970,289988,291028,18,1040,2,36000,1.01730769231
289972,290012,290895,40,883,2,36000,1.04530011325
289988,290018,291106,30,1088,2,36000,1.02757352941
290007,290023,290845,16,822,2,36000,1.01946472019
290009,290030,290957,21,927,2,36000,1.02265372168
290027,290036,290976,9,940,2,36000,1.00957446809
290028,290042,291266,14,1224,2,36000,1.0114379085
290030,290071,290894,41,823,2,36000,1.04981773998
290061,290078,291061,17,983,2,36000,1.01729399797
290077,290095,291148,18,1053,2,36000,1.01709401709
290093,290108,290982,15,874,2,36000,1.0171624714
290111,290121,290846,10,725,2,36000,1.01379310345
290112,290127,291159,15,1032,2,36000,1.01453488372
290128,290165,291249,37,1084,2,36000,1.03413284133
290156,290172,291179,16,1007,2,36000,1.01588877855
290157,290177,291223,20,1046,2,36000,1.01912045889
290174,290183,291221,9,1038,2,36000,1.00867052023
290176,290190,291028,14,838,2,36000,1.01670644391
290192,290198,291246,6,1048,2,36000,1.00572519084
290194,290229,291286,35,1057,2,36000,1.03311258278
290219,290237,291246,18,1009,2,36000,1.017839445
290235,290245,291253,10,1008,2,36000,1.00992063492
290236,290257,291235,21,978,2,36000,1.02147239264
290252,290273,291226,21,953,2,36000,1.02203567681
290268,290282,291121,14,839,2,36000,1.01668653159
290284,290291,291243,7,952,2,36000,1.00735294118
290286,290313,291290,27,977,2,36000,1.02763561924
290305,290328,291253,23,925,2,36000,1.02486486486
290321,290349,291422,28,1073,2,36000,1.02609506058
290340,290367,291090,27,723,2,36000,1.03734439834
290359,290378,291315,19,937,2,36000,1.02027748132
290376,290393,291283,17,890,2,36000,1.0191011236
290393,290400,291494,7,1094,2,36000,1.00639853748
290395,290406,291308,11,902,2,36000,1.01219512195
290396,290411,291460,15,1049,2,36000,1.0142993327
290398,290417,291486,19,1069,2,36000,1.01777362021
290414,290461,291384,47,923,2,36000,1.05092091008
290452,290479,291361,27,882,2,36000,1.0306122449
290471,290494,291550,23,1056,2,36000,1.02178030303
290487,290500,291526,13,1026,2,36000,1.0126705653
290488,290506,291449,18,943,2,36000,1.01908801697
290490,290512,291581,22,1069,2,36000,1.02057998129
290506,290518,291464,12,946,2,36000,1.01268498943
290508,290527,291534,19,1007,2,36000,1.01886792453
290527,290577,291603,50,1026,2,36000,1.04873294347
290573,290584,291699,11,1115,2,36000,1.00986547085
290599,290606,291670,7,1064,2,36000,1.00657894737
290601,290612,291693,11,1081,2,36000,1.01017576318
290602,290618,291611,16,993,2,36000,1.01611278953
290605,290623,291713,18,1090,2,36000,1.01651376147
290606,290628,291639,22,1011,2,36000,1.02176063304
290608,290635,291713,27,1078,2,36000,1.02504638219
290609,290640,291871,31,1231,2,36000,1.02518277823
290611,290645,291565,34,920,2,36000,1.03695652174
290629,290651,291639,22,988,2,36000,1.02226720648
290630,290656,291743,26,1087,2,36000,1.02391904324
290632,290662,291566,30,904,2,36000,1.03318584071
290634,290667,291887,33,1220,2,36000,1.02704918033
290650,290673,291610,23,937,2,36000,1.02454642476
290652,290678,291808,26,1130,2,36000,1.02300884956
290653,290684,291634,31,950,2,36000,1.03263157895
290655,290690,291692,35,1002,2,36000,1.03493013972
290671,290695,291734,24,1039,2,36000,1.02309913378
290673,290701,291640,28,939,2,36000,1.02981895634
290691,290707,291569,16,862,2,36000,1.01856148492
290693,290713,291716,20,1003,2,36000,1.01994017946
290695,290718,291624,23,906,2,36000,1.02538631347
290696,290723,291681,27,958,2,36000,1.02818371608
290698,290728,291643,30,915,2,36000,1.03278688525
290699,290736,291822,37,1086,2,36000,1.03406998158
290733,290742,291692,9,950,2,36000,1.00947368421
290734,290747,291894,13,1147,2,36000,1.01133391456
290736,290752,291824,16,1072,2,36000,1.01492537313
290737,290758,291916,21,1158,2,36000,1.01813471503
290754,290767,291764,13,997,2,36000,1.01303911735
290770,290786,291677,16,891,2,36000,1.01795735129
290786,290807,291674,21,867,2,36000,1.02422145329
290804,290813,291843,9,1030,2,36000,1.00873786408
290805,290819,292029,14,1210,2,36000,1.01157024793
290807,290831,291747,24,916,2,36000,1.02620087336
290824,290838,291867,14,1029,2,36000,1.01360544218
290825,290844,291651,19,807,2,36000,1.02354399009
290842,290850,291856,8,1006,2,36000,1.00795228628
290843,290856,292421,13,1565,2,36000,1.00830670927
290860,290866,291823,6,957,2,36000,1.00626959248
290862,290872,291859,10,987,2,36000,1.01013171226
290863,290878,291875,15,997,2,36000,1.01504513541
290879,290889,291998,10,1109,2,36000,1.00901713255
290881,290895,291732,14,837,2,36000,1.01672640382
290898,290904,291736,6,832,2,36000,1.00721153846
290900,290910,291839,10,929,2,36000,1.01076426265
290901,290916,291862,15,946,2,36000,1.01585623679
290903,290922,291820,19,898,2,36000,1.02115812918
290920,290928,291795,8,867,2,36000,1.0092272203
290921,290933,291907,12,974,2,36000,1.01232032854
290923,290939,292031,16,1092,2,36000,1.01465201465
290939,290946,291828,7,882,2,36000,1.00793650794
290941,290952,291976,11,1024,2,36000,1.0107421875
290943,290962,292262,19,1300,2,36000,1.01461538462
290959,290969,291971,10,1002,2,36000,1.00998003992
290961,290974,291878,13,904,2,36000,1.01438053097
290980,290987,291955,7,968,2,36000,1.00723140496
290996,291002,292116,6,1114,2,36000,1.00538599641
290998,291008,291998,10,990,2,36000,1.0101010101
291031,291039,292022,8,983,2,36000,1.00813835198
291032,291045,292044,13,999,2,36000,1.01301301301
291064,291070,292075,6,1005,2,36000,1.00597014925
291080,291086,291968,6,882,2,36000,1.00680272109
291081,291092,292287,11,1195,2,36000,1.00920502092
291098,291104,291828,6,724,2,36000,1.00828729282
291115,291121,292232,6,1111,2,36000,1.00540054005
291130,291136,292135,6,999,2,36000,1.00600600601
291149,291155,292231,6,1076,2,36000,1.00557620818
291165,291170,292223,5,1053,2,36000,1.00474833808
291181,291187,292178,6,991,2,36000,1.00605449041
291198,291204,296454,6,5250,2,14400,1.00114285714
291225,291233,292255,8,1022,2,36000,1.00782778865
291227,291239,292282,12,1043,2,36000,1.01150527325
291228,291245,292233,17,988,2,36000,1.01720647773
291246,291252,292081,6,829,2,36000,1.00723763571
291247,291259,292326,12,1067,2,36000,1.01124648547
291249,291264,292243,15,979,2,36000,1.01532175689
291267,291273,292251,6,978,2,36000,1.00613496933
291268,291279,292372,11,1093,2,36000,1.01006404392
291270,291285,292311,15,1026,2,36000,1.01461988304
291271,291290,292411,19,1121,2,36000,1.01694915254
291273,291295,292394,22,1099,2,36000,1.02001819836
291290,291301,292220,11,919,2,36000,1.0119695321
291291,291306,292317,15,1011,2,36000,1.01483679525
291307,291313,292230,6,917,2,36000,1.00654307525
291323,291329,292258,6,929,2,36000,1.00645855759
291325,291335,292250,10,915,2,36000,1.01092896175
291362,291372,292325,10,953,2,36000,1.01049317943
291387,291395,292446,8,1051,2,36000,1.00761179829
291425,291434,292592,9,1158,2,36000,1.00777202073
291454,291460,292571,6,1111,2,36000,1.00540054005
291470,291476,292493,6,1017,2,36000,1.00589970501
291471,291482,292559,11,1077,2,36000,1.01021355617
291488,291497,292465,9,968,2,36000,1.00929752066
291503,291510,292508,7,998,2,36000,1.00701402806
291529,291537,292467,8,930,2,36000,1.00860215054
291544,291551,292537,7,986,2,36000,1.00709939148
291560,291566,292535,6,969,2,36000,1.00619195046
291577,291584,292590,7,1006,2,36000,1.0069582505
291579,291590,292755,11,1165,2,36000,1.00944206009
291581,291595,292552,14,957,2,36000,1.01462904911
291597,291603,292680,6,1077,2,36000,1.00557103064
291613,291620,292596,7,976,2,36000,1.00717213115
291615,291626,292667,11,1041,2,36000,1.01056676273
291616,291631,292630,15,999,2,36000,1.01501501502
291632,291639,292588,7,949,2,36000,1.00737618546
291650,291656,292491,6,835,2,36000,1.00718562874
291652,291662,292684,10,1022,2,36000,1.00978473581
291653,291667,292523,14,856,2,36000,1.01635514019
291655,291672,292593,17,921,2,36000,1.01845819761
291656,291677,292741,21,1064,2,36000,1.01973684211
291670,291683,293572,13,1889,2,14400,1.00688194812
291672,291689,292503,17,814,2,36000,1.02088452088
291674,291695,292890,21,1195,2,36000,1.01757322176
291691,291702,292635,11,933,2,36000,1.01178992497
291692,291708,292776,16,1068,2,36000,1.01498127341
291694,291714,292636,20,922,2,36000,1.02169197397
291711,291720,292625,9,905,2,36000,1.00994475138
291713,291725,292693,12,968,2,36000,1.01239669421
291714,291731,292598,17,867,2,36000,1.01960784314
291716,291737,292782,21,1045,2,36000,1.02009569378
291733,291743,292726,10,983,2,36000,1.01017293998
291734,291748,292876,14,1128,2,36000,1.01241134752
291736,291754,292798,18,1044,2,36000,1.01724137931
291737,291760,292859,23,1099,2,36000,1.02092811647
291754,291766,292771,12,1005,2,36000,1.01194029851
291756,291772,292542,16,770,2,36000,1.02077922078
291757,291777,292718,20,941,2,36000,1.02125398512
291759,291783,292789,24,1006,2,36000,1.02385685885
291775,291806,292911,31,1105,2,36000,1.02805429864
291798,291819,292588,21,769,2,36000,1.02730819246
291814,291831,292604,17,773,2,36000,1.02199223803
291832,291837,292904,5,1067,2,36000,1.00468603561
291833,291843,292854,10,1011,2,36000,1.00989119683
291835,291849,292968,14,1119,2,36000,1.01251117069
291836,291854,292889,18,1035,2,36000,1.01739130435
291838,291859,292923,21,1064,2,36000,1.01973684211
291839,291865,292820,26,955,2,36000,1.02722513089
291856,291871,292916,15,1045,2,36000,1.01435406699
291857,291877,292864,20,987,2,36000,1.02026342452
291859,291883,292875,24,992,2,36000,1.02419354839
291878,291889,292814,11,925,2,36000,1.01189189189
291879,291894,292948,15,1054,2,36000,1.01423149905
291881,291899,292960,18,1061,2,36000,1.01696512724
291882,291904,292915,22,1011,2,36000,1.02176063304
291884,291911,292824,27,913,2,36000,1.0295728368
291901,291917,293036,16,1119,2,36000,1.01429848079
291902,291922,293032,20,1110,2,36000,1.01801801802
291904,291928,293057,24,1129,2,36000,1.02125775022
291921,291933,292871,12,938,2,36000,1.01279317697
291922,291968,293106,46,1138,2,36000,1.04042179262
291959,291980,292952,21,972,2,36000,1.02160493827
291988,291994,292772,6,778,2,36000,1.00771208226
291989,292000,292893,11,893,2,36000,1.01231802912
291991,292009,293067,18,1058,2,36000,1.01701323251
292007,292020,292862,13,842,2,36000,1.01543942993
292008,292034,292865,26,831,2,36000,1.03128760529
292030,292040,293104,10,1064,2,36000,1.00939849624
292032,292046,293041,14,995,2,36000,1.01407035176
292050,292056,293614,6,1558,2,36000,1.00385109114
292052,292086,292936,34,850,2,36000,1.04
292081,292092,293046,11,954,2,36000,1.01153039832
292083,292127,292899,44,772,2,36000,1.05699481865
292119,292146,293285,27,1139,2,36000,1.02370500439
292138,292189,293297,51,1108,2,36000,1.04602888087
292179,292231,293280,52,1049,2,36000,1.04957102002
292223,292243,293285,20,1042,2,36000,1.01919385797
292225,292237,293175,12,938,2,36000,1.01279317697
292243,292249,293292,6,1043,2,36000,1.00575263663
292244,292255,293213,11,958,2,36000,1.0114822547
292246,292260,293201,14,941,2,36000,1.01487778959
292247,292266,293502,19,1236,2,36000,1.01537216828
292265,292272,293295,7,1023,2,36000,1.00684261975
292267,292278,293330,11,1052,2,36000,1.01045627376
292268,292283,293270,15,987,2,36000,1.01519756839
292270,292289,293484,19,1195,2,36000,1.01589958159
292271,292294,293114,23,820,2,36000,1.02804878049
292273,292301,293321,28,1020,2,36000,1.02745098039
292289,292307,293154,18,847,2,36000,1.0212514758
292291,292322,293362,31,1040,2,36000,1.02980769231
292313,292328,293141,15,813,2,36000,1.0184501845
292329,292336,293318,7,982,2,36000,1.00712830957
292331,292343,293412,12,1069,2,36000,1.01122544434
292332,292383,293211,51,828,2,36000,1.0615942029
292374,292406,293281,32,875,2,36000,1.03657142857
292396,292422,293388,26,966,2,36000,1.02691511387
292415,292432,293432,17,1000,2,36000,1.017
292431,292457,293582,26,1125,2,36000,1.02311111111
292447,292476,293361,29,885,2,36000,1.03276836158
292466,292483,293616,17,1133,2,36000,1.01500441306
292482,292502,293528,20,1026,2,36000,1.01949317739
292498,292509,293446,11,937,2,36000,1.01173959445
292500,292515,293374,15,859,2,36000,1.01746216531
292517,292524,293647,7,1123,2,36000,1.00623330365
292519,292534,293773,15,1239,2,36000,1.01210653753
292535,292546,293590,11,1044,2,36000,1.01053639847
292537,292552,293464,15,912,2,36000,1.01644736842
292553,292559,293614,6,1055,2,36000,1.00568720379
292555,292566,293776,11,1210,2,36000,1.00909090909
292556,292572,293672,16,1100,2,36000,1.01454545455
292573,292582,293602,9,1020,2,36000,1.00882352941
292574,292599,293983,25,1384,2,36000,1.01806358382
292591,292604,293604,13,1000,2,36000,1.013
292593,292611,293766,18,1155,2,36000,1.01558441558
292594,292616,293517,22,901,2,36000,1.0244173141
292612,292622,293593,10,971,2,36000,1.01029866117
292613,292628,293461,15,833,2,36000,1.01800720288
292615,292633,293644,18,1011,2,36000,1.0178041543
292616,292638,293589,22,951,2,36000,1.02313354364
292618,292644,293493,26,849,2,36000,1.03062426384
292635,292649,293635,14,986,2,36000,1.01419878296
292637,292660,293697,23,1037,2,36000,1.02217936355
292638,292655,293532,17,877,2,36000,1.01938426454
292654,292678,293752,24,1074,2,36000,1.02234636872
292670,292691,293415,21,724,2,36000,1.02900552486
292686,292697,293763,11,1066,2,36000,1.01031894934
292688,292704,293749,16,1045,2,36000,1.01531100478
292705,292729,293778,24,1049,2,36000,1.02287893232
292721,292737,293819,16,1082,2,36000,1.01478743068
292738,292753,294205,15,1452,2,36000,1.01033057851
292757,292767,293788,10,1021,2,36000,1.00979431929
292758,292782,293823,24,1041,2,36000,1.02305475504
292788,292793,293845,5,1052,2,36000,1.00475285171
292789,292799,293737,10,938,2,36000,1.01066098081
292791,292805,293658,14,853,2,36000,1.0164126612
292792,292811,293852,19,1041,2,36000,1.01825168108
292810,292818,293885,8,1067,2,36000,1.00749765698
292812,292825,293720,13,895,2,36000,1.01452513966
292830,292836,293636,6,800,2,36000,1.0075
292831,292842,293760,11,918,2,36000,1.01198257081
292833,292865,294020,32,1155,2,36000,1.02770562771
292856,292872,293896,16,1024,2,36000,1.015625
292873,292879,293849,6,970,2,36000,1.00618556701
292875,292885,293844,10,959,2,36000,1.01042752868
292876,292890,294027,14,1137,2,36000,1.01231310466
292878,292896,293752,18,856,2,36000,1.02102803738
292879,292902,294015,23,1113,2,36000,1.02066486972
292898,292908,293935,10,1027,2,36000,1.00973709834
292900,292913,293993,13,1080,2,36000,1.01203703704
292901,292919,294004,18,1085,2,36000,1.01658986175
292903,292924,293950,21,1026,2,36000,1.02046783626
292904,292931,293948,27,1017,2,36000,1.02654867257
292923,292936,293923,13,987,2,36000,1.01317122594
292925,292941,293928,16,987,2,36000,1.01621073961
292926,292947,293811,21,864,2,36000,1.02430555556
292927,292952,294121,25,1169,2,36000,1.02138579983
292929,292958,293925,29,967,2,36000,1.02998965874
292930,292963,294049,33,1086,2,36000,1.03038674033
292947,292969,293759,22,790,2,36000,1.02784810127
292966,292975,293911,9,936,2,36000,1.00961538462
292967,292980,293850,13,870,2,36000,1.01494252874
292969,292992,293891,23,899,2,36000,1.0255839822
292971,292987,299644,16,6657,2,14400,1.00240348505
292986,293043,293955,57,912,2,36000,1.0625
293036,293050,293983,14,933,2,36000,1.01500535906
293037,293057,293964,20,907,2,36000,1.02205071665
293039,293078,293601,39,523,4,144000,1.07456978967
293055,293069,294133,14,1064,2,36000,1.01315789474
293057,293114,294180,57,1066,2,36000,1.05347091932
293076,293121,294233,45,1112,2,36000,1.0404676259
293078,293128,293982,50,854,2,36000,1.05854800937
293108,293153,294017,45,864,2,36000,1.05208333333
293110,293165,294192,55,1027,2,36000,1.0535540409
293127,293186,294325,59,1139,2,36000,1.05179982441
293148,293213,294337,65,1124,2,36000,1.05782918149
293167,293223,294160,56,937,2,36000,1.05976520811
293185,293230,294115,45,885,2,36000,1.05084745763
293212,293282,294197,70,915,2,36000,1.07650273224
293214,293292,294327,78,1035,2,36000,1.07536231884
293239,293297,294249,58,952,2,36000,1.06092436975
293289,293303,294277,14,974,2,36000,1.01437371663
293290,293309,294254,19,945,2,36000,1.02010582011
293292,293314,294523,22,1209,2,36000,1.01819685691
293294,293320,294277,26,957,2,36000,1.02716823406
293296,293325,294431,29,1106,2,36000,1.02622061483
293338,293344,294351,6,1007,2,36000,1.00595829196
293340,293350,294271,10,921,2,36000,1.0108577633
293342,293355,294106,13,751,2,36000,1.017310253
293343,293372,294388,29,1016,2,36000,1.02854330709
293345,293378,294379,33,1001,2,36000,1.03296703297
293346,293385,294418,39,1033,2,36000,1.03775411423
293364,293400,294299,36,899,2,36000,1.04004449388
293366,293423,294215,57,792,2,36000,1.07196969697
293382,293429,294392,47,963,2,36000,1.04880581516
293399,293436,294245,37,809,2,36000,1.0457354759
293415,293443,294730,28,1287,2,36000,1.02175602176
293416,293457,294442,41,985,2,36000,1.04162436548
293436,293472,294530,36,1058,2,36000,1.03402646503
293452,293479,294473,27,994,2,36000,1.02716297787
293468,293495,294546,27,1051,2,36000,1.02568981922
293469,293505,294511,36,1006,2,36000,1.03578528827
293486,293514,294505,28,991,2,36000,1.0282542886
293502,293529,294378,27,849,2,36000,1.03180212014
293504,293583,294738,79,1155,2,36000,1.0683982684
293521,293594,294613,73,1019,2,36000,1.07163886163
293530,293543,332039,13,38496,4,144000,1.00033769742
293537,293601,294492,64,891,2,36000,1.07182940516
293538,293606,294721,68,1115,2,36000,1.06098654709
293584,293617,294565,33,948,2,36000,1.03481012658
293586,293612,301462,26,7850,2,14400,1.00331210191
293604,293623,294731,19,1108,2,36000,1.01714801444
293606,293629,294618,23,989,2,36000,1.02325581395
293607,293635,294627,28,992,2,36000,1.02822580645
293609,293640,294688,31,1048,2,36000,1.02958015267
293610,293645,294755,35,1110,2,36000,1.03153153153
293656,293662,294780,6,1118,2,36000,1.0053667263
293658,293668,294803,10,1135,2,36000,1.00881057269
293659,293673,294679,14,1006,2,36000,1.01391650099
293661,293678,294651,17,973,2,36000,1.0174717369
293662,293684,294787,22,1103,2,36000,1.0199456029
293664,293690,294683,26,993,2,36000,1.02618328298
293665,293696,294729,31,1033,2,36000,1.03000968054
293688,293708,294549,20,841,2,36000,1.02378121284
293689,293731,294701,42,970,2,36000,1.04329896907
293706,293747,294783,41,1036,2,36000,1.03957528958
293723,293760,294756,37,996,2,36000,1.03714859438
293742,293766,294601,24,835,2,36000,1.02874251497
293760,293772,294852,12,1080,2,36000,1.01111111111
293761,293784,294890,23,1106,2,36000,1.02079566004
293763,293778,327898,15,34120,2,108000,1.00043962485
293763,293789,294731,26,942,2,36000,1.02760084926
293764,293794,294946,30,1152,2,36000,1.02604166667
293783,293800,294988,17,1188,2,36000,1.01430976431
293784,293805,294815,21,1010,2,36000,1.02079207921
293786,293811,295036,25,1225,2,36000,1.02040816327
293787,293816,294845,29,1029,2,36000,1.02818270165
293788,293822,294839,34,1017,2,36000,1.03343166175
293790,293830,294979,40,1149,2,36000,1.03481288077
293806,293837,294977,31,1140,2,36000,1.02719298246
293823,293855,294927,32,1072,2,36000,1.02985074627
293825,293862,294951,37,1089,2,36000,1.03397612489
293826,293868,294915,42,1047,2,36000,1.04011461318
293846,293873,294863,27,990,2,36000,1.02727272727
293847,293879,294893,32,1014,2,36000,1.0315581854
293866,293896,294722,30,826,2,36000,1.03631961259
293867,293903,294942,36,1039,2,36000,1.03464870067
293869,293909,294866,40,957,2,36000,1.04179728318
293886,293922,294965,36,1043,2,36000,1.03451581975
293913,293934,295089,21,1155,2,36000,1.01818181818
293915,293940,294971,25,1031,2,36000,1.02424830262
293916,293945,294971,29,1026,2,36000,1.02826510721
293937,293951,294878,14,927,2,36000,1.01510248112
293939,293959,295069,20,1110,2,36000,1.01801801802
293940,293966,294866,26,900,2,36000,1.02888888889
293942,293971,295045,29,1074,2,36000,1.0270018622
293959,293977,295060,18,1083,2,36000,1.01662049861
293961,293993,295146,32,1153,2,36000,1.02775368604
293962,293999,295046,37,1047,2,36000,1.03533906399
293978,294004,295080,26,1076,2,36000,1.02416356877
293997,294010,295010,13,1000,2,36000,1.013
293999,294016,295124,17,1108,2,36000,1.01534296029
294000,294027,294874,27,847,2,36000,1.0318772137
294002,294034,294985,32,951,2,36000,1.03364879075
294019,294039,295035,20,996,2,36000,1.02008032129
294020,294046,294916,26,870,2,36000,1.02988505747
294022,294060,295072,38,1012,2,36000,1.03754940711
294038,294117,295007,79,890,2,36000,1.08876404494
294040,294126,295239,86,1113,2,36000,1.07726864331
294064,294133,295160,69,1027,2,36000,1.06718597858
294108,294144,295141,36,997,2,36000,1.03610832497
294124,294171,294986,47,815,2,36000,1.05766871166
294126,294192,295594,66,1402,2,36000,1.04707560628
294142,294203,295309,61,1106,2,36000,1.05515370705
294161,294210,295177,49,967,2,36000,1.05067218201
294184,294217,295521,33,1304,2,36000,1.02530674847
294200,294226,295159,26,933,2,36000,1.02786709539
294201,294244,295328,43,1084,2,36000,1.03966789668
294218,294257,295202,39,945,2,36000,1.04126984127
294219,294264,295300,45,1036,2,36000,1.04343629344
294235,294270,295175,35,905,2,36000,1.03867403315
294252,294282,295205,30,923,2,36000,1.03250270856
294253,294289,295143,36,854,2,36000,1.04215456674
294269,294295,295394,26,1099,2,36000,1.02365787079
294286,294311,295349,25,1038,2,36000,1.02408477842
294287,294336,295514,49,1178,2,36000,1.0415959253
294289,294343,295326,54,983,2,36000,1.05493387589
294305,294350,295227,45,877,2,36000,1.05131128848
294328,294363,295280,35,917,2,36000,1.03816793893
294329,294389,295497,60,1108,2,36000,1.05415162455
294346,294396,295332,50,936,2,36000,1.05341880342
294362,294402,295167,40,765,2,36000,1.0522875817
294382,294408,295272,26,864,2,36000,1.03009259259
294383,294429,295390,46,961,2,36000,1.04786680541
294400,294442,295316,42,874,2,36000,1.04805491991
294402,294453,295432,51,979,2,36000,1.05209397344
294421,294484,295445,63,961,2,36000,1.06555671176
294437,294503,295296,66,793,2,36000,1.08322824716
294453,294516,295374,63,858,2,36000,1.07342657343
294475,294522,295702,47,1180,2,36000,1.03983050847
294494,294535,295604,41,1069,2,36000,1.0383536015
294512,294541,295518,29,977,2,36000,1.02968270215
294514,294557,295623,43,1066,2,36000,1.04033771107
294532,294564,295620,32,1056,2,36000,1.0303030303
294533,294576,295585,43,1009,2,36000,1.04261645193
294550,294613,295693,63,1080,2,36000,1.05833333333
294552,294624,295618,72,994,2,36000,1.07243460765
294568,294631,295629,63,998,2,36000,1.06312625251
294603,294638,295681,35,1043,2,36000,1.03355704698
294619,294662,295677,43,1015,2,36000,1.04236453202
294621,294698,295706,77,1008,2,36000,1.07638888889
294637,294705,295746,68,1041,2,36000,1.06532180596
294653,294712,295471,59,759,2,36000,1.07773386034
294681,294691,400951,10,106260,2,108000,1.00009410879
294681,294733,295685,52,952,2,36000,1.05462184874
294697,294738,295689,41,951,2,36000,1.04311251314
294699,294745,295858,46,1113,2,36000,1.04132973944
294715,294750,295554,35,804,2,36000,1.04353233831
294732,294756,295806,24,1050,2,36000,1.02285714286
294734,294761,295839,27,1078,2,36000,1.02504638219
294735,294767,295846,32,1079,2,36000,1.0296570899
294737,294773,295805,36,1032,2,36000,1.03488372093
294738,294778,295860,40,1082,2,36000,1.03696857671
294740,294791,295846,51,1055,2,36000,1.04834123223
294757,294797,295859,40,1062,2,36000,1.03766478343
294759,294804,295925,45,1121,2,36000,1.04014272971
294760,294815,295586,55,771,2,36000,1.07133592737
294785,294827,295794,42,967,2,36000,1.04343329886
294786,294850,295763,64,913,2,36000,1.07009857612
294804,294857,295748,53,891,2,36000,1.05948372615
294805,294864,295842,59,978,2,36000,1.06032719836
294821,294874,296082,53,1208,2,36000,1.04387417219
294841,294881,295869,40,988,2,36000,1.04048582996
294858,294887,296179,29,1292,2,36000,1.02244582043
294859,294893,295939,34,1046,2,36000,1.03250478011
294877,294899,295832,22,933,2,36000,1.02357984995
294879,294905,296083,26,1178,2,36000,1.0220713073
294880,294911,295807,31,896,2,36000,1.03459821429
294882,294927,296177,45,1250,2,36000,1.036
294899,294932,296088,33,1156,2,36000,1.0285467128
294901,294939,295923,38,984,2,36000,1.03861788618
294902,294953,296009,51,1056,2,36000,1.04829545455
294919,294960,296039,41,1079,2,36000,1.03799814643
294920,294967,295732,47,765,2,36000,1.0614379085
294936,294976,296071,40,1095,2,36000,1.03652968037
294953,294983,295920,30,937,2,36000,1.03201707577
294955,294988,295872,33,884,2,36000,1.03733031674
294956,294995,295940,39,945,2,36000,1.04126984127
294973,295001,296006,28,1005,2,36000,1.02786069652
294975,295007,295943,32,936,2,36000,1.03418803419
294976,295013,295951,37,938,2,36000,1.039445629
294994,295018,295963,24,945,2,36000,1.0253968254
294995,295024,296022,29,998,2,36000,1.02905811623
294997,295029,296095,32,1066,2,36000,1.03001876173
294998,295046,296007,48,961,2,36000,1.04994797086
295000,295052,296152,52,1100,2,36000,1.04727272727
295016,295059,296033,43,974,2,36000,1.04414784394
295018,295064,296216,46,1152,2,36000,1.03993055556
295038,295071,296091,33,1020,2,36000,1.03235294118
295040,295080,296040,40,960,2,36000,1.04166666667
295056,295086,296018,30,932,2,36000,1.0321888412
295057,295093,296209,36,1116,2,36000,1.03225806452
295074,295100,296144,26,1044,2,36000,1.02490421456
295076,295136,296272,60,1136,2,36000,1.05281690141
295077,295153,296383,76,1230,2,36000,1.06178861789
295094,295160,296112,66,952,2,36000,1.06932773109
295096,295166,296172,70,1006,2,36000,1.06958250497
295128,295172,296164,44,992,2,36000,1.04435483871
295144,295177,296128,33,951,2,36000,1.03470031546
295146,295184,296103,38,919,2,36000,1.04134929271
295164,295191,295978,27,787,2,36000,1.03430749682
295165,295196,296011,31,815,2,36000,1.03803680982
295167,295214,296262,47,1048,2,36000,1.04484732824
295183,295221,296340,38,1119,2,36000,1.03395889187
295185,295239,296308,54,1069,2,36000,1.05051449953
295186,295251,296444,65,1193,2,36000,1.05448449288
295209,295284,296103,75,819,2,36000,1.09157509158
295211,295307,296468,96,1161,2,36000,1.0826873385
295230,295314,296268,84,954,2,36000,1.08805031447
295246,295320,296306,74,986,2,36000,1.07505070994
295276,295327,296484,51,1157,2,36000,1.04407951599
295286,295292,322132,6,26840,2,108000,1.00022354694
295292,295338,296469,46,1131,2,36000,1.04067197171
295315,295345,296584,30,1239,2,36000,1.02421307506
295316,295350,296289,34,939,2,36000,1.03620873269
295318,295360,296181,42,821,2,36000,1.05115712546
295350,295385,296297,35,912,2,36000,1.03837719298
295351,295401,296572,50,1171,2,36000,1.04269854825
295353,295408,296316,55,908,2,36000,1.06057268722
295354,295444,296291,90,847,2,36000,1.10625737898
295356,295456,296252,100,796,2,36000,1.1256281407
295377,295483,296535,106,1052,2,36000,1.10076045627
295394,295508,296540,114,1032,2,36000,1.11046511628
295410,295525,296645,115,1120,2,36000,1.10267857143
295436,295532,296451,96,919,2,36000,1.10446137106
295452,295537,296505,85,968,2,36000,1.08780991736
295474,295565,296551,91,986,2,36000,1.09229208925
295503,295598,296646,95,1048,2,36000,1.09064885496
295519,295603,296590,84,987,2,36000,1.08510638298
295521,295610,296478,89,868,2,36000,1.10253456221
295537,295617,296393,80,776,2,36000,1.10309278351
295556,295629,296700,73,1071,2,36000,1.06816059757
295588,295636,296765,48,1129,2,36000,1.04251550044
295590,295641,296701,51,1060,2,36000,1.04811320755
295606,295648,296863,42,1215,2,36000,1.03456790123
295608,295688,296463,80,775,2,36000,1.10322580645
295625,295695,296711,70,1016,2,36000,1.0688976378
295626,295702,296672,76,970,2,36000,1.07835051546
295628,295708,296637,80,929,2,36000,1.08611410118
295645,295714,296638,69,924,2,36000,1.07467532468
295680,295719,296818,39,1099,2,36000,1.03548680619
295697,295726,296784,29,1058,2,36000,1.02741020794
295699,295743,296639,44,896,2,36000,1.04910714286
295701,295757,296637,56,880,2,36000,1.06363636364
295703,295764,297000,61,1236,2,36000,1.04935275081
295719,295774,296560,55,786,2,36000,1.06997455471
295721,295805,296823,84,1018,2,36000,1.08251473477
295737,295816,297095,79,1279,2,36000,1.06176700547
295754,295823,296634,69,811,2,36000,1.08508014797
295755,295829,297006,74,1177,2,36000,1.06287170773
295771,295844,296874,73,1030,2,36000,1.07087378641
295797,295850,296834,53,984,2,36000,1.05386178862
295814,295856,296878,42,1022,2,36000,1.04109589041
295816,295862,296813,46,951,2,36000,1.0483701367
295817,295868,296998,51,1130,2,36000,1.04513274336
295838,295874,296961,36,1087,2,36000,1.03311867525
295855,295880,296890,25,1010,2,36000,1.02475247525
295857,295885,296832,28,947,2,36000,1.02956705385
295858,295891,296760,33,869,2,36000,1.03797468354
295860,295897,297085,37,1188,2,36000,1.03114478114
295878,295931,296984,53,1053,2,36000,1.05033238367
295880,295937,296918,57,981,2,36000,1.05810397554
295881,295942,296926,61,984,2,36000,1.06199186992
295883,295950,296978,67,1028,2,36000,1.06517509728
295884,295957,297142,73,1185,2,36000,1.06160337553
295923,295963,297004,40,1041,2,36000,1.03842459174
295925,295969,296798,44,829,2,36000,1.05307599517
295942,295976,297031,34,1055,2,36000,1.03222748815
295943,295990,297117,47,1127,2,36000,1.04170363798
295945,296017,296867,72,850,2,36000,1.08470588235
295962,296023,297162,61,1139,2,36000,1.05355575066
295963,296028,297018,65,990,2,36000,1.06565656566
295979,296034,297706,55,1672,2,36000,1.03289473684
295980,296040,297015,60,975,2,36000,1.06153846154
296010,296045,297079,35,1034,2,36000,1.03384912959
296012,296052,297005,40,953,2,36000,1.04197271773
296014,296057,297072,43,1015,2,36000,1.04236453202
296031,296063,297119,32,1056,2,36000,1.0303030303
296033,296082,296981,49,899,2,36000,1.05450500556
296034,296093,297018,59,925,2,36000,1.06378378378
296052,296099,297046,47,947,2,36000,1.04963041183
296053,296105,296980,52,875,2,36000,1.05942857143
296055,296111,297129,56,1018,2,36000,1.05500982318
296074,296116,297078,42,962,2,36000,1.04365904366
296091,296123,297012,32,889,2,36000,1.03599550056
296092,296129,297117,37,988,2,36000,1.03744939271
296094,296134,297026,40,892,2,36000,1.04484304933
296095,296140,296952,45,812,2,36000,1.05541871921
296113,296155,296883,42,728,2,36000,1.05769230769
296115,296164,297182,49,1018,2,36000,1.04813359528
296116,296175,297280,59,1105,2,36000,1.05339366516
296118,296183,297246,65,1063,2,36000,1.0611476952
296135,296190,297085,55,895,2,36000,1.06145251397
296151,296195,297247,44,1052,2,36000,1.04182509506
296167,296201,297162,34,961,2,36000,1.0353798127
296168,296221,297266,53,1045,2,36000,1.05071770335
296186,296228,297292,42,1064,2,36000,1.03947368421
296187,296240,297145,53,905,2,36000,1.05856353591
296189,296264,297319,75,1055,2,36000,1.07109004739
296190,296274,297343,84,1069,2,36000,1.07857811038
296213,296281,297429,68,1148,2,36000,1.05923344948
296229,296288,297259,59,971,2,36000,1.06076210093
296255,296300,297391,45,1091,2,36000,1.04124656279
296274,296306,297151,32,845,2,36000,1.03786982249
296275,296313,297298,38,985,2,36000,1.0385786802
296277,296320,297015,43,695,2,36000,1.0618705036
296294,296325,297155,31,830,2,36000,1.03734939759
296296,296351,297204,55,853,2,36000,1.06447831184
296316,296394,297300,78,906,2,36000,1.08609271523
296318,296404,297368,86,964,2,36000,1.08921161826
296319,296455,297453,136,998,2,36000,1.13627254509
296321,296463,297398,142,935,2,36000,1.15187165775
296322,296332,317452,10,21120,2,108000,1.00047348485
296341,296469,297528,128,1059,2,36000,1.1208687441
296386,296475,297400,89,925,2,36000,1.09621621622
296402,296482,297543,80,1061,2,36000,1.0754005655
296445,296488,297323,43,835,2,36000,1.05149700599
296465,296494,297537,29,1043,2,36000,1.02780441035
296466,296500,297472,34,972,2,36000,1.03497942387
296468,296516,297345,48,829,2,36000,1.05790108565
296488,296548,297551,60,1003,2,36000,1.05982053838
296489,296555,297584,66,1029,2,36000,1.06413994169
296491,296562,297616,71,1054,2,36000,1.06736242884
296507,296571,297370,64,799,2,36000,1.08010012516
296539,296583,297559,44,976,2,36000,1.04508196721
296541,296595,297526,54,931,2,36000,1.05800214823
296558,296601,297316,43,715,2,36000,1.06013986014
296575,296645,297685,70,1040,2,36000,1.06730769231
296576,296651,297666,75,1015,2,36000,1.07389162562
296593,296656,297745,63,1089,2,36000,1.05785123967
296594,296662,297744,68,1082,2,36000,1.06284658041
296637,296667,297697,30,1030,2,36000,1.02912621359
296655,296673,297826,18,1153,2,36000,1.0156114484
296656,296679,297817,23,1138,2,36000,1.02021089631
296658,296685,297659,27,974,2,36000,1.02772073922
296659,296711,297658,52,947,2,36000,1.05491024287
296661,296718,297668,57,950,2,36000,1.06
296662,296725,297754,63,1029,2,36000,1.0612244898
296678,296772,297680,94,908,2,36000,1.10352422907
296701,296779,297839,78,1060,2,36000,1.07358490566
296718,296796,297923,78,1127,2,36000,1.06921029281
296720,296809,297773,89,964,2,36000,1.09232365145
296767,296824,297714,57,890,2,36000,1.06404494382
296768,296831,297823,63,992,2,36000,1.06350806452
296788,296837,297589,49,752,2,36000,1.06515957447
296803,296843,297871,40,1028,2,36000,1.03891050584
296820,296849,297616,29,767,2,36000,1.03780964798
296821,296874,297947,53,1073,2,36000,1.04939422181
296838,296880,297851,42,971,2,36000,1.04325437693
296840,296886,297798,46,912,2,36000,1.05043859649
296841,296892,297903,51,1011,2,36000,1.05044510386
296865,296898,298078,33,1180,2,36000,1.02796610169
296882,296904,297710,22,806,2,36000,1.02729528536
296884,296930,297726,46,796,2,36000,1.05778894472
296886,296937,298100,51,1163,2,36000,1.04385210662
296902,296963,297891,61,928,2,36000,1.06573275862
296904,296972,297960,68,988,2,36000,1.06882591093
296920,296989,297770,69,781,2,36000,1.08834827145
296936,296996,298108,60,1112,2,36000,1.05395683453
296955,297002,297970,47,968,2,36000,1.04855371901
296971,297007,298014,36,1007,2,36000,1.03574975174
296989,297013,298104,24,1091,2,36000,1.02199816682
296991,297018,298090,27,1072,2,36000,1.02518656716
296992,297025,297904,33,879,2,36000,1.03754266212
296994,297031,297909,37,878,2,36000,1.04214123007
297014,297036,297883,22,847,2,36000,1.02597402597
297015,297041,298179,26,1138,2,36000,1.02284710018
297017,297048,298206,31,1158,2,36000,1.02677029361
297018,297053,297948,35,895,2,36000,1.03910614525
297020,297058,298209,38,1151,2,36000,1.03301476977
297021,297063,298097,42,1034,2,36000,1.04061895551
297053,297069,298070,16,1001,2,36000,1.01598401598
297055,297074,298097,19,1023,2,36000,1.01857282502
297056,297079,298095,23,1016,2,36000,1.02263779528
297058,297086,298120,28,1034,2,36000,1.02707930368
297059,297092,298087,33,995,2,36000,1.03316582915
297061,297097,298065,36,968,2,36000,1.03719008264
297062,297104,298129,42,1025,2,36000,1.04097560976
297079,297110,297961,31,851,2,36000,1.03642773208
297080,297116,297989,36,873,2,36000,1.0412371134
297081,297130,298213,49,1083,2,36000,1.04524469067
297098,297135,298375,37,1240,2,36000,1.02983870968
297100,297141,298185,41,1044,2,36000,1.03927203065
297101,297147,298092,46,945,2,36000,1.04867724868
297119,297154,297973,35,819,2,36000,1.04273504274
297120,297161,297882,41,721,2,36000,1.05686546463
297122,297167,298077,45,910,2,36000,1.04945054945
297136,297172,298030,36,858,2,36000,1.04195804196
297153,297179,298192,26,1013,2,36000,1.02566633761
297155,297184,298049,29,865,2,36000,1.03352601156
297157,297194,298397,37,1203,2,36000,1.03075644223
297184,297215,298105,31,890,2,36000,1.03483146067
297186,297258,298291,72,1033,2,36000,1.06969990319
297187,297263,298100,76,837,2,36000,1.0908004779
297189,297270,298231,81,961,2,36000,1.08428720083
297206,297277,298272,71,995,2,36000,1.07135678392
297248,297292,298173,44,881,2,36000,1.04994324631
297249,297304,298177,55,873,2,36000,1.06300114548
297266,297310,298174,44,864,2,36000,1.05092592593
297267,297317,298388,50,1071,2,36000,1.0466853408
297283,297328,298402,45,1074,2,36000,1.04189944134
297300,297334,298284,34,950,2,36000,1.03578947368
297301,297340,298344,39,1004,2,36000,1.03884462151
297318,297354,298277,36,923,2,36000,1.03900325027
297319,297361,298499,42,1138,2,36000,1.03690685413
297335,297379,298334,44,955,2,36000,1.04607329843
297337,297385,298420,48,1035,2,36000,1.04637681159
297353,297402,298490,49,1088,2,36000,1.04503676471
297355,297410,298220,55,810,2,36000,1.06790123457
297371,297418,298270,47,852,2,36000,1.05516431925
297372,297440,298221,68,781,2,36000,1.08706786172
297395,297464,298387,69,923,2,36000,1.07475622969
297411,297483,298541,72,1058,2,36000,1.06805293006
297413,297537,298700,124,1163,2,36000,1.10662080825
297432,297544,298438,112,894,2,36000,1.12527964206
297454,297550,298634,96,1084,2,36000,1.08856088561
297473,297557,298763,84,1206,2,36000,1.06965174129
297527,297564,298603,37,1039,2,36000,1.03561116458
297544,297571,298496,27,925,2,36000,1.02918918919
297545,297595,298432,50,837,2,36000,1.05973715651
297547,297601,298734,54,1133,2,36000,1.04766107679
297563,297628,298689,65,1061,2,36000,1.06126295947
297565,297633,298675,68,1042,2,36000,1.06525911708
297587,297669,298624,82,955,2,36000,1.08586387435
297603,297676,298481,73,805,2,36000,1.09068322981
297620,297683,298759,63,1076,2,36000,1.05855018587
297621,297689,298868,68,1179,2,36000,1.05767599661
297660,297695,298707,35,1012,2,36000,1.03458498024
297662,297702,298842,40,1140,2,36000,1.0350877193
297678,297708,298722,30,1014,2,36000,1.02958579882
297679,297717,298739,38,1022,2,36000,1.03718199609
297696,297724,298761,28,1037,2,36000,1.02700096432
297698,297730,298815,32,1085,2,36000,1.02949308756
297714,297737,298629,23,892,2,36000,1.02578475336
297716,297756,298850,40,1094,2,36000,1.0365630713
297717,297761,298789,44,1028,2,36000,1.04280155642
297718,297768,298871,50,1103,2,36000,1.04533091568
297734,297781,298740,47,959,2,36000,1.04900938478
297751,297788,298895,37,1107,2,36000,1.03342366757
297752,297828,298946,76,1118,2,36000,1.06797853309
297769,297835,298969,66,1134,2,36000,1.0582010582
297770,297841,298743,71,902,2,36000,1.07871396896
297786,297850,298781,64,931,2,36000,1.06874328679
297790,297809,364500,19,66691,2,108000,1.00028489601
297803,297862,298798,59,936,2,36000,1.06303418803
297818,297882,298838,64,956,2,36000,1.06694560669
297835,297893,298834,58,941,2,36000,1.06163655685
297837,297900,298902,63,1002,2,36000,1.0628742515
297853,297907,298954,54,1047,2,36000,1.05157593123
297855,297914,299126,59,1212,2,36000,1.04867986799
297874,297921,299016,47,1095,2,36000,1.04292237443
297890,297927,298931,37,1004,2,36000,1.03685258964
297892,297934,298874,42,940,2,36000,1.04468085106
297909,297958,298883,49,925,2,36000,1.05297297297
297910,297965,299023,55,1058,2,36000,1.05198487713
297912,297972,298960,60,988,2,36000,1.06072874494
297913,297978,299072,65,1094,2,36000,1.05941499086
297930,297984,298919,54,935,2,36000,1.0577540107
297949,297990,298987,41,997,2,36000,1.04112337011
297951,298000,299095,49,1095,2,36000,1.04474885845
297968,298025,299047,57,1022,2,36000,1.05577299413
297970,298041,298919,71,878,2,36000,1.08086560364
297986,298060,299155,74,1095,2,36000,1.06757990868
297988,298076,299061,88,985,2,36000,1.08934010152
298004,298083,299130,79,1047,2,36000,1.07545367717
298020,298090,298919,70,829,2,36000,1.08443908323
298036,298096,299238,60,1142,2,36000,1.05253940455
298052,298102,299130,50,1028,2,36000,1.0486381323
298068,298107,299235,39,1128,2,36000,1.03457446809
298087,298114,299396,27,1282,2,36000,1.02106084243
298089,298120,299185,31,1065,2,36000,1.02910798122
298090,298125,299226,35,1101,2,36000,1.03178928247
298092,298130,299222,38,1092,2,36000,1.0347985348
298112,298137,299035,25,898,2,36000,1.02783964365
298113,298142,299042,29,900,2,36000,1.03222222222
298115,298148,299307,33,1159,2,36000,1.0284728214
298116,298153,299187,37,1034,2,36000,1.03578336557
298118,298158,299180,40,1022,2,36000,1.03913894325
298119,298163,299252,44,1089,2,36000,1.0404040404
298121,298185,299118,64,933,2,36000,1.06859592712
298122,298190,299247,68,1057,2,36000,1.06433301798
298124,298196,299250,72,1054,2,36000,1.06831119545
298125,298201,298927,76,726,2,36000,1.10468319559
298143,298170,299115,27,945,2,36000,1.02857142857
298145,298207,299365,62,1158,2,36000,1.05354058722
298175,298213,299173,38,960,2,36000,1.03958333333
298176,298219,299041,43,822,2,36000,1.05231143552
298194,298226,299136,32,910,2,36000,1.03516483516
298196,298231,299181,35,950,2,36000,1.03684210526
298197,298238,299304,41,1066,2,36000,1.03846153846
298199,298243,299496,44,1253,2,36000,1.03511572227
298217,298250,299247,33,997,2,36000,1.03309929789
298219,298281,299291,62,1010,2,36000,1.06138613861
298220,298288,299282,68,994,2,36000,1.06841046278
298238,298294,299233,56,939,2,36000,1.05963791267
298239,298300,299497,61,1197,2,36000,1.05096073517
298241,298306,299412,65,1106,2,36000,1.05877034358
298274,298345,299416,71,1071,2,36000,1.06629318394
298275,298355,299691,80,1336,2,36000,1.05988023952
298293,298387,299352,94,965,2,36000,1.09740932642
298294,298399,299420,105,1021,2,36000,1.1028403526
298296,298405,299361,109,956,2,36000,1.1140167364
298336,298411,299351,75,940,2,36000,1.07978723404
298352,298418,299456,66,1038,2,36000,1.06358381503
298379,298431,299371,52,940,2,36000,1.05531914894
298396,298443,299531,47,1088,2,36000,1.04319852941
298398,298450,299232,52,782,2,36000,1.06649616368
298399,298492,299604,93,1112,2,36000,1.08363309353
298417,298501,299511,84,1010,2,36000,1.08316831683
298445,298508,299514,63,1006,2,36000,1.06262425447
298446,298515,299466,69,951,2,36000,1.07255520505
298448,298552,299410,104,858,2,36000,1.12121212121
298485,298614,299570,129,956,2,36000,1.13493723849
298503,298635,299703,132,1068,2,36000,1.12359550562
298504,298641,299777,137,1136,2,36000,1.12059859155
298506,298648,299590,142,942,2,36000,1.15074309979
298542,298686,299595,144,909,2,36000,1.15841584158
298612,298701,299788,89,1087,2,36000,1.08187672493
298628,298711,299544,83,833,2,36000,1.09963985594
298645,298718,299703,73,985,2,36000,1.07411167513
298647,298733,299737,86,1004,2,36000,1.08565737052
298677,298746,299588,69,842,2,36000,1.08194774347
298693,298753,299652,60,899,2,36000,1.06674082314
298710,298758,299745,48,987,2,36000,1.04863221884
298711,298765,299913,54,1148,2,36000,1.04703832753
298733,298772,299852,39,1080,2,36000,1.03611111111
298751,298777,299709,26,932,2,36000,1.02789699571
298753,298783,299737,30,954,2,36000,1.03144654088
298754,298792,299786,38,994,2,36000,1.03822937626
298756,298801,299542,45,741,2,36000,1.06072874494
298773,298809,299631,36,822,2,36000,1.04379562044
298775,298826,299858,51,1032,2,36000,1.04941860465
298776,298845,299810,69,965,2,36000,1.07150259067
298793,298852,299757,59,905,2,36000,1.06519337017
298795,298859,299978,64,1119,2,36000,1.05719392315
298802,299029,305291,227,6262,2,14400,1.03625039923
298812,298866,299820,54,954,2,36000,1.05660377358
298829,298879,299661,50,782,2,36000,1.06393861893
298846,298886,299981,40,1095,2,36000,1.03652968037
298847,298891,299912,44,1021,2,36000,1.0430950049
298848,298898,299772,50,874,2,36000,1.05720823799
298865,298906,299976,41,1070,2,36000,1.03831775701
298883,298913,299955,30,1042,2,36000,1.02879078695
298884,298931,299995,47,1064,2,36000,1.04417293233
298886,298936,299766,50,830,2,36000,1.06024096386
298887,298941,300138,54,1197,2,36000,1.04511278195
298905,298948,299812,43,864,2,36000,1.04976851852
298906,298954,299927,48,973,2,36000,1.049331963
298924,298960,299999,36,1039,2,36000,1.03464870067
298926,298967,300012,41,1045,2,36000,1.03923444976
298928,298974,300006,46,1032,2,36000,1.04457364341
298944,298981,299908,37,927,2,36000,1.03991370011
298946,298998,299860,52,862,2,36000,1.06032482599
298964,299059,299947,95,888,2,36000,1.10698198198
298965,299078,300018,113,940,2,36000,1.12021276596
298967,299084,299878,117,794,2,36000,1.14735516373
298983,299142,300344,159,1202,2,36000,1.13227953411
299000,299168,300138,168,970,2,36000,1.17319587629
299020,299721,301304,701,1583,64,54000,1.44283006949
299020,299193,300255,173,1062,2,36000,1.16290018832
299038,299200,300191,162,991,2,36000,1.16347124117
299039,299205,300015,166,810,2,36000,1.2049382716
299056,299233,300163,177,930,2,36000,1.19032258065
299058,299241,300397,183,1156,2,36000,1.15830449827
299059,299248,300171,189,923,2,36000,1.20476706392
299064,299070,309168,6,10098,2,21600,1.00059417706
299076,299253,300310,177,1057,2,36000,1.16745506149
299078,299261,300339,183,1078,2,36000,1.16975881262
299098,299266,300296,168,1030,2,36000,1.16310679612
299118,299271,300410,153,1139,2,36000,1.13432835821
299120,299278,300197,158,919,2,36000,1.17192600653
299139,299283,300350,144,1067,2,36000,1.13495782568
299140,299363,300478,223,1115,2,36000,1.2
299141,299373,300468,232,1095,2,36000,1.21187214612
299143,299380,300175,237,795,2,36000,1.29811320755
299165,299421,300391,256,970,2,36000,1.26391752577
299182,299428,300428,246,1000,2,36000,1.246
299183,299477,300561,294,1084,2,36000,1.27121771218
299185,299508,300695,323,1187,2,36000,1.27211457456
299202,299522,300748,320,1226,2,36000,1.26101141925
299204,299529,300429,325,900,2,36000,1.36111111111
299226,299553,300657,327,1104,2,36000,1.29619565217
299246,299602,300606,356,1004,2,36000,1.35458167331
299248,299615,300550,367,935,2,36000,1.39251336898
299249,299663,300738,414,1075,2,36000,1.38511627907
299251,299672,300611,421,939,2,36000,1.44834930777
299252,299702,300685,450,983,2,36000,1.45778229908
299272,299714,300851,442,1137,2,36000,1.38874230431
299273,299748,300791,475,1043,2,36000,1.45541706616
299275,299753,300779,478,1026,2,36000,1.46588693957
299276,299760,300850,484,1090,2,36000,1.44403669725
299293,299768,300731,475,963,2,36000,1.49325025961
299294,299777,300651,483,874,2,36000,1.55263157895
299311,299783,300774,472,991,2,36000,1.47628657921
299313,299790,301004,477,1214,2,36000,1.39291598023
299352,299797,300913,445,1116,2,36000,1.39874551971
299354,299804,300740,450,936,2,36000,1.48076923077
299371,299821,300797,450,976,2,36000,1.46106557377
299373,299828,300725,455,897,2,36000,1.50724637681
299374,299835,300678,461,843,2,36000,1.54685646501
299398,299863,300863,465,1000,2,36000,1.465
299416,299870,300811,454,941,2,36000,1.48246546227
299418,299876,300948,458,1072,2,36000,1.42723880597
299419,299890,300719,471,829,2,36000,1.5681544029
299436,299919,300984,483,1065,2,36000,1.45352112676
299460,299925,301022,465,1097,2,36000,1.42388331814
299476,299930,300952,454,1022,2,36000,1.44422700587
299498,299939,300991,441,1052,2,36000,1.41920152091
299500,299958,300965,458,1007,2,36000,1.454816286
299517,299967,300870,450,903,2,36000,1.49833887043
299518,299987,300949,469,962,2,36000,1.48752598753
299535,299994,300815,459,821,2,36000,1.55907429963
299551,299999,300830,448,831,2,36000,1.53910950662
299553,300006,300963,453,957,2,36000,1.47335423197
299572,300013,300998,441,985,2,36000,1.44771573604
299592,300020,300887,428,867,2,36000,1.49365628604
299593,300026,301151,433,1125,2,36000,1.38488888889
299610,300032,301045,422,1013,2,36000,1.41658440276
299611,300038,301167,427,1129,2,36000,1.37821080602
299634,300151,301124,517,973,2,36000,1.53134635149
299654,300156,301241,502,1085,2,36000,1.46267281106
299671,300174,301088,503,914,2,36000,1.55032822757
299693,300182,301252,489,1070,2,36000,1.45700934579
299711,300189,301313,478,1124,2,36000,1.42526690391
299713,300202,301323,489,1121,2,36000,1.4362176628
299714,300209,301275,495,1066,2,36000,1.46435272045
299739,300266,301449,527,1183,2,36000,1.44547759932
299740,300308,301300,568,992,2,36000,1.57258064516
299757,300321,301369,564,1048,2,36000,1.53816793893
299758,300350,301339,592,989,2,36000,1.59858442872
299775,300357,301381,582,1024,2,36000,1.568359375
299777,300365,301343,588,978,2,36000,1.60122699387
299793,300403,301569,610,1166,2,36000,1.52315608919
299795,300409,301409,614,1000,2,36000,1.614
299796,300422,301458,626,1036,2,36000,1.60424710425
299812,300439,301477,627,1038,2,36000,1.60404624277
299814,300447,301458,633,1011,2,36000,1.62611275964
299831,300480,301514,649,1034,2,36000,1.62765957447
299865,300490,301303,625,813,2,36000,1.76875768758
299866,300561,301568,695,1007,2,36000,1.69016881827
299868,300573,301713,705,1140,2,36000,1.61842105263
299889,300617,301844,728,1227,2,36000,1.59331703341
299909,300624,301649,715,1025,2,36000,1.69756097561
299925,300668,301768,743,1100,2,36000,1.67545454545
299927,300697,301913,770,1216,2,36000,1.63322368421
299947,300707,301780,760,1073,2,36000,1.7082945014
299979,300731,301794,752,1063,2,36000,1.7074317968
299981,300744,301621,763,877,2,36000,1.87001140251
299982,300759,301824,777,1065,2,36000,1.72957746479
300000,300791,301636,791,845,2,36000,1.93609467456
300002,300808,301822,806,1014,2,36000,1.79487179487
300003,300841,301899,838,1058,2,36000,1.79206049149
300005,300861,301910,856,1049,2,36000,1.81601525262
300024,300868,301877,844,1009,2,36000,1.83647175421
300025,300875,301887,850,1012,2,36000,1.83992094862
300027,300882,301742,855,860,2,36000,1.99418604651
300028,300898,301993,870,1095,2,36000,1.79452054795
300110,300737,449856,627,149119,6,149100,1.00420469558
300139,300924,301893,785,969,2,36000,1.81011351909
300141,300959,301987,818,1028,2,36000,1.79571984436
300167,300965,302042,798,1077,2,36000,1.74094707521
300185,300970,301951,785,981,2,36000,1.8002038736
300186,300977,302156,791,1179,2,36000,1.67090754877
300203,300982,301782,779,800,2,36000,1.97375
300205,300995,301860,790,865,2,36000,1.91329479769
300241,300830,390288,589,89458,2,108000,1.00658409533
300256,301002,302004,746,1002,2,36000,1.74451097804
300263,300823,344077,560,43254,10,43200,1.01294677949
300300,301010,302032,710,1022,2,36000,1.69471624266
300316,301017,302094,701,1077,2,36000,1.65088207985
300341,301033,302193,692,1160,2,36000,1.59655172414
300357,301057,302007,700,950,2,36000,1.73684210526
300359,301100,301979,741,879,2,36000,1.84300341297
300394,301135,302190,741,1055,2,36000,1.70236966825
300411,301162,302035,751,873,2,36000,1.86025200458
300412,301178,302087,766,909,2,36000,1.84268426843
300428,301253,302251,825,998,2,36000,1.82665330661
300430,301263,302064,833,801,2,36000,2.03995006242
300469,301286,302229,817,943,2,36000,1.86638388123
300485,301312,302142,827,830,2,36000,1.99638554217
300551,301319,302349,768,1030,2,36000,1.74563106796
300567,301324,302220,757,896,2,36000,1.84486607143
300609,301330,302405,721,1075,2,36000,1.67069767442
300624,301335,302241,711,906,2,36000,1.78476821192
300653,301340,302356,687,1016,2,36000,1.67618110236
300670,301345,302290,675,945,2,36000,1.71428571429
300685,301350,302331,665,981,2,36000,1.67787971458
300687,301356,302342,669,986,2,36000,1.6784989858
300703,301361,302475,658,1114,2,36000,1.59066427289
300719,301366,302306,647,940,2,36000,1.68829787234
300735,301371,302411,636,1040,2,36000,1.61153846154
300737,301376,302330,639,954,2,36000,1.66981132075
300757,301382,302356,625,974,2,36000,1.64168377823
300759,301387,302453,628,1066,2,36000,1.58911819887
300760,301392,302478,632,1086,2,36000,1.58195211786
300781,301397,302422,616,1025,2,36000,1.60097560976
300782,301402,302527,620,1125,2,36000,1.55111111111
300799,301408,302385,609,977,2,36000,1.62333674514
300800,301413,302323,613,910,2,36000,1.67362637363
300817,301418,302400,601,982,2,36000,1.61201629328
300818,301423,302402,605,979,2,36000,1.61797752809
300835,301429,302470,594,1041,2,36000,1.57060518732
300851,301434,302416,583,982,2,36000,1.59368635438
300852,301439,302391,587,952,2,36000,1.61659663866
300868,301444,302379,576,935,2,36000,1.61604278075
300885,301449,302487,564,1038,2,36000,1.54335260116
300902,301455,302707,553,1252,2,36000,1.44169329073
300919,301460,302352,541,892,2,36000,1.60650224215
300936,309986,312555,9050,2569,2,43200,4.52277150642
300951,301465,302425,514,960,2,36000,1.53541666667
300952,301470,302559,518,1089,2,36000,1.47566574839
300969,301475,302531,506,1056,2,36000,1.47916666667
300970,301481,302427,511,946,2,36000,1.54016913319
300972,301486,302424,514,938,2,36000,1.54797441365
300989,301493,302519,504,1026,2,36000,1.49122807018
301005,301498,302446,493,948,2,36000,1.52004219409
301007,301504,302457,497,953,2,36000,1.52151101784
301008,301509,302507,501,998,2,36000,1.50200400802
301025,301514,302380,489,866,2,36000,1.56466512702
301047,301519,302528,472,1009,2,36000,1.46778989098
301092,301524,302543,432,1019,2,36000,1.42394504416
301125,301530,302477,405,947,2,36000,1.42766631468
301154,301535,303198,381,1663,2,36000,1.22910402886
301170,301540,302530,370,990,2,36000,1.37373737374
301252,301552,302513,300,961,2,36000,1.3121748179
301254,301579,302717,325,1138,2,36000,1.2855887522
301277,301587,302637,310,1050,2,36000,1.29523809524
301304,301632,302667,328,1035,2,36000,1.31690821256
301305,301648,302499,343,851,2,36000,1.40305522914
301322,301545,302538,223,993,2,36000,1.22457200403
301339,301660,302637,321,977,2,36000,1.32855680655
301340,301724,302649,384,925,2,36000,1.41513513514
301346,301916,358127,570,56211,12,57600,1.01014036399
301358,301780,302820,422,1040,2,36000,1.40576923077
301375,301791,302696,416,905,2,36000,1.45966850829
301391,301798,302804,407,1006,2,36000,1.40457256461
301411,301806,302580,395,774,2,36000,1.51033591731
301442,302208,322675,766,20467,2,108000,1.03742610055
301453,301836,302776,383,940,2,36000,1.40744680851
301470,301857,302820,387,963,2,36000,1.40186915888
301472,301889,302905,417,1016,2,36000,1.41043307087
301489,301910,302959,421,1049,2,36000,1.40133460439
301525,301922,302674,397,752,2,36000,1.52792553191
301571,301928,302965,357,1037,2,36000,1.34426229508
301572,301963,302965,391,1002,2,36000,1.39021956088
301623,301990,303090,367,1100,2,36000,1.33363636364
301640,302016,302911,376,895,2,36000,1.42011173184
301667,302022,302908,355,886,2,36000,1.4006772009
301713,302047,303106,334,1059,2,36000,1.31539187913
301742,302075,303109,333,1034,2,36000,1.32205029014
301772,302098,303346,326,1248,2,36000,1.26121794872
301789,302153,303286,364,1133,2,36000,1.32127096205
301791,302202,303248,411,1046,2,36000,1.39292543021
301808,302231,303176,423,945,2,36000,1.44761904762
301825,302240,303280,415,1040,2,36000,1.39903846154
301826,302252,303236,426,984,2,36000,1.43292682927
301843,302105,315218,262,13113,2,21600,1.01998017235
301846,302262,303097,416,835,2,36000,1.49820359281
301848,302054,350796,206,48742,10,57600,1.00422633458
301862,302301,303319,439,1018,2,36000,1.43123772102
301879,302317,303422,438,1105,2,36000,1.3963800905
301896,302334,303536,438,1202,2,36000,1.36439267887
301897,302342,303123,445,781,2,36000,1.56978233035
301914,302347,303354,433,1007,2,36000,1.42999006951
301915,302354,303199,439,845,2,36000,1.51952662722
301917,302361,303205,444,844,2,36000,1.52606635071
301953,302368,303501,415,1133,2,36000,1.36628420124
301979,302373,303426,394,1053,2,36000,1.37416904084
301995,302378,303420,383,1042,2,36000,1.36756238004
301997,302390,303277,393,887,2,36000,1.44306651635
302014,302397,303586,383,1189,2,36000,1.32211942809
302016,302402,303336,386,934,2,36000,1.41327623126
302035,302409,303315,374,906,2,36000,1.41280353201
302037,302415,303541,378,1126,2,36000,1.33570159858
302053,302420,303169,367,749,2,36000,1.48998664887
302070,302427,303563,357,1136,2,36000,1.31426056338
302090,302432,303761,342,1329,2,36000,1.25733634312
302106,302437,303445,331,1008,2,36000,1.32837301587
302119,302167,307732,48,5565,2,10800,1.00862533693
302145,302444,303401,299,957,2,36000,1.31243469175
302161,302450,303535,289,1085,2,36000,1.266359447
302194,302455,303429,261,974,2,36000,1.26796714579
302195,302460,303515,265,1055,2,36000,1.25118483412
302222,302467,303637,245,1170,2,36000,1.2094017094
302238,302472,303854,234,1382,2,36000,1.16931982634
302255,302479,303440,224,961,2,36000,1.2330905307
302257,302486,303507,229,1021,2,36000,1.22428991185
302292,302491,303683,199,1192,2,36000,1.16694630872
302308,302498,303619,190,1121,2,36000,1.16949152542
302325,302503,303543,178,1040,2,36000,1.17115384615
302342,302510,303564,168,1054,2,36000,1.15939278937
302343,302515,303465,172,950,2,36000,1.18105263158
302345,302521,303542,176,1021,2,36000,1.17238001959
302362,302527,303572,165,1045,2,36000,1.15789473684
302364,302533,303350,169,817,2,36000,1.20685434517
302365,302540,303670,175,1130,2,36000,1.15486725664
302367,302545,303708,178,1163,2,36000,1.15305245056
302383,302557,303682,174,1125,2,36000,1.15466666667
302385,302563,304245,178,1682,2,36000,1.10582639715
302401,302569,303489,168,920,2,36000,1.18260869565
302403,302575,303596,172,1021,2,36000,1.16846229187
302405,302591,303754,186,1163,2,36000,1.15993121238
302406,302648,303820,242,1172,2,36000,1.20648464164
302425,302654,303671,229,1017,2,36000,1.22517207473
302427,302660,303734,233,1074,2,36000,1.21694599628
302428,302679,303588,251,909,2,36000,1.27612761276
302430,302686,303701,256,1015,2,36000,1.25221674877
302431,302708,303708,277,1000,2,36000,1.277
302433,302719,303579,286,860,2,36000,1.33255813953
302450,302728,303736,278,1008,2,36000,1.27579365079
302452,302787,303996,335,1209,2,36000,1.27708850289
302469,302815,303852,346,1037,2,36000,1.33365477338
302470,302831,303839,361,1008,2,36000,1.35813492063
302472,302836,303899,364,1063,2,36000,1.34242709313
302490,302916,303933,426,1017,2,36000,1.41887905605
302492,302923,303992,431,1069,2,36000,1.40318054256
302493,302929,303868,436,939,2,36000,1.46432374867
302495,302970,304023,475,1053,2,36000,1.45109211776
302512,302977,304007,465,1030,2,36000,1.45145631068
302514,302983,303823,469,840,2,36000,1.55833333333
302521,309991,347256,7470,37265,2,43200,1.20045619214
302532,303101,304049,569,948,2,36000,1.60021097046
302533,303109,304321,576,1212,2,36000,1.47524752475
302535,303117,304215,582,1098,2,36000,1.53005464481
302536,303124,304180,588,1056,2,36000,1.55681818182
302538,303181,304062,643,881,2,36000,1.72985244041
302539,303188,304065,649,877,2,36000,1.74002280502
302543,302552,308061,9,5509,2,10800,1.00163369032
302557,303210,304297,653,1087,2,36000,1.60073597056
302559,303215,304285,656,1070,2,36000,1.61308411215
302575,303222,304322,647,1100,2,36000,1.58818181818
302591,303247,304183,656,936,2,36000,1.70085470085
302639,303260,304326,621,1066,2,36000,1.58255159475
302640,303288,304305,648,1017,2,36000,1.63716814159
302657,303295,304352,638,1057,2,36000,1.60359508042
302673,303302,304308,629,1006,2,36000,1.62524850895
302689,303326,304338,637,1012,2,36000,1.62944664032
302706,303333,304384,627,1051,2,36000,1.59657469077
302723,303347,304511,624,1164,2,36000,1.53608247423
302725,303357,304333,632,976,2,36000,1.64754098361
302780,303364,304368,584,1004,2,36000,1.58167330677
302806,303371,304613,565,1242,2,36000,1.45491143317
302822,303413,304355,591,942,2,36000,1.62738853503
302824,303432,304527,608,1095,2,36000,1.55525114155
302846,303134,305416,288,2282,2,14400,1.12620508326
302907,303438,304407,531,969,2,36000,1.5479876161
302923,303444,304485,521,1041,2,36000,1.5004803074
302925,303450,304388,525,938,2,36000,1.55970149254
302965,303456,304447,491,991,2,36000,1.49545913219
302967,303461,304415,494,954,2,36000,1.5178197065
302968,303476,304515,508,1039,2,36000,1.48893166506
303100,303500,304679,400,1179,2,36000,1.33927056828
303102,303512,304729,410,1217,2,36000,1.33689400164
303120,303519,304700,399,1181,2,36000,1.33784928027
303121,303526,304524,405,998,2,36000,1.40581162325
303138,303546,304538,408,992,2,36000,1.41129032258
303173,303553,304662,380,1109,2,36000,1.34265103697
303202,303558,304442,356,884,2,36000,1.40271493213
303203,303563,304491,360,928,2,36000,1.38793103448
303205,303570,304623,365,1053,2,36000,1.34662867996
303222,303582,304543,360,961,2,36000,1.37460978148
303239,303589,304669,350,1080,2,36000,1.32407407407
303255,303603,304629,348,1026,2,36000,1.33918128655
303275,303609,304680,334,1071,2,36000,1.31185807656
303292,303615,304727,323,1112,2,36000,1.2904676259
303294,303630,304753,336,1123,2,36000,1.29919857524
303317,303648,304425,331,777,2,36000,1.425997426
303333,303681,304791,348,1110,2,36000,1.31351351351
303351,303688,304516,337,828,2,36000,1.40700483092
303352,303695,304605,343,910,2,36000,1.37692307692
303354,303701,304773,347,1072,2,36000,1.32369402985
303370,303712,304842,342,1130,2,36000,1.30265486726
303409,303719,304742,310,1023,2,36000,1.30303030303
303426,303724,304536,298,812,2,36000,1.36699507389
303428,303745,304648,317,903,2,36000,1.35105204873
303445,303752,304820,307,1068,2,36000,1.28745318352
303447,303765,304828,318,1063,2,36000,1.2991533396
303448,303773,304875,325,1102,2,36000,1.29491833031
303450,303831,305015,381,1184,2,36000,1.32179054054
303467,303837,304893,370,1056,2,36000,1.35037878788
303492,303850,304916,358,1066,2,36000,1.33583489681
303508,303864,304910,356,1046,2,36000,1.34034416826
303510,303871,304792,361,921,2,36000,1.39196525516
303526,303879,304812,353,933,2,36000,1.3783494105
303543,303910,304870,367,960,2,36000,1.38229166667
303545,303944,304967,399,1023,2,36000,1.39002932551
303546,304003,304931,457,928,2,36000,1.49245689655
303548,304010,305003,462,993,2,36000,1.46525679758
303549,304018,305016,469,998,2,36000,1.46993987976
303551,303577,307625,26,4048,2,14400,1.0064229249
303566,304034,304859,468,825,2,36000,1.56727272727
303568,304060,304972,492,912,2,36000,1.53947368421
303584,304073,305144,489,1071,2,36000,1.45658263305
303586,304080,305086,494,1006,2,36000,1.49105367793
303587,303596,305529,9,1933,2,14400,1.00465597517
303610,304191,305081,581,890,2,36000,1.65280898876
303612,304198,305314,586,1116,2,36000,1.52508960573
303614,304226,305226,612,1000,2,36000,1.612
303631,304256,305373,625,1117,2,36000,1.55953446732
303647,304297,305438,650,1141,2,36000,1.56967572305
303670,304309,305269,639,960,2,36000,1.665625
303671,304315,305362,644,1047,2,36000,1.61509073543
303688,304322,305247,634,925,2,36000,1.68540540541
303690,304332,305287,642,955,2,36000,1.6722513089
303706,304339,305386,633,1047,2,36000,1.60458452722
303730,304345,305435,615,1090,2,36000,1.56422018349
303732,304351,305400,619,1049,2,36000,1.590085796
303749,304356,305502,607,1146,2,36000,1.52966841187
303750,304363,305220,613,857,2,36000,1.71528588098
303767,304370,305274,603,904,2,36000,1.66703539823
303769,304379,305283,610,904,2,36000,1.67477876106
303822,304395,305243,573,848,2,36000,1.67570754717
303838,304402,305485,564,1083,2,36000,1.52077562327
303856,304419,305496,563,1077,2,36000,1.52274837512
303858,304427,305582,569,1155,2,36000,1.49264069264
303859,304437,305285,578,848,2,36000,1.68160377358
303876,304453,305435,577,982,2,36000,1.58757637475
303900,304460,305495,560,1035,2,36000,1.54106280193
303935,304497,305436,562,939,2,36000,1.59850905218
303995,304503,305658,508,1155,2,36000,1.43982683983
304012,304522,305377,510,855,2,36000,1.59649122807
304014,304529,305592,515,1063,2,36000,1.48447789276
304035,304534,305267,499,733,2,36000,1.68076398363
304051,304541,305540,490,999,2,36000,1.49049049049
304068,304547,305510,479,963,2,36000,1.497403946
304070,304553,305652,483,1099,2,36000,1.43949044586
304182,304558,305690,376,1132,2,36000,1.33215547703
304197,304565,305537,368,972,2,36000,1.37860082305
304221,304616,305580,395,964,2,36000,1.40975103734
304247,304624,305637,377,1013,2,36000,1.37216189536
304286,304635,305853,349,1218,2,36000,1.28653530378
304308,304642,305589,334,947,2,36000,1.35269271383
304309,304659,305522,350,863,2,36000,1.40556199305
304328,304673,305760,345,1087,2,36000,1.31738730451
304329,304680,305642,351,962,2,36000,1.36486486486
304331,304690,305600,359,910,2,36000,1.39450549451
304332,304697,305538,365,841,2,36000,1.43400713436
304350,304711,305486,361,775,2,36000,1.46580645161
304352,304739,305665,387,926,2,36000,1.41792656587
304371,304746,305691,375,945,2,36000,1.39682539683
304373,304753,305757,380,1004,2,36000,1.37848605578
304374,304764,305700,390,936,2,36000,1.41666666667
304391,304785,305749,394,964,2,36000,1.40871369295
304393,304802,305782,409,980,2,36000,1.41734693878
304411,304809,305753,398,944,2,36000,1.42161016949
304431,304823,305775,392,952,2,36000,1.41176470588
304433,304831,305942,398,1111,2,36000,1.35823582358
304450,304839,305812,389,973,2,36000,1.39979445015
304452,304853,306075,401,1222,2,36000,1.32815057283
304487,304870,305930,383,1060,2,36000,1.36132075472
304504,304883,305919,379,1036,2,36000,1.36583011583
304527,304890,305899,363,1009,2,36000,1.35976214073
304528,304904,305846,376,942,2,36000,1.3991507431
304530,304921,305995,391,1074,2,36000,1.36405959032
304531,304928,305863,397,935,2,36000,1.42459893048
304554,304942,305994,388,1052,2,36000,1.36882129278
304556,304978,306118,422,1140,2,36000,1.3701754386
304557,304985,305718,428,733,2,36000,1.58390177353
304558,305015,305993,457,978,2,36000,1.4672801636
304616,305027,305993,411,966,2,36000,1.42546583851
304618,305032,306033,414,1001,2,36000,1.41358641359
304644,305093,306976,449,1883,2,36000,1.23844928306
304645,305100,306092,455,992,2,36000,1.45866935484
304662,305137,306153,475,1016,2,36000,1.46751968504
304664,305155,306285,491,1130,2,36000,1.43451327434
304689,305232,306319,543,1087,2,36000,1.4995400184
304690,305239,306125,549,886,2,36000,1.61963882619
304692,305262,306157,570,895,2,36000,1.63687150838
304708,305278,306164,570,886,2,36000,1.64334085779
304729,305285,306316,556,1031,2,36000,1.53928225024
304730,305290,306216,560,926,2,36000,1.60475161987
304748,305302,306400,554,1098,2,36000,1.50455373406
304765,305309,306203,544,894,2,36000,1.60850111857
304781,305314,306346,533,1032,2,36000,1.51647286822
304800,305325,306511,525,1186,2,36000,1.44266441821
304802,305384,306260,582,876,2,36000,1.66438356164
304818,305391,306253,573,862,2,36000,1.66473317865
304839,305398,306554,559,1156,2,36000,1.48356401384
304841,305411,306268,570,857,2,36000,1.66511085181
304857,305427,306480,570,1053,2,36000,1.54131054131
304884,305446,306431,562,985,2,36000,1.57055837563
304886,305452,306394,566,942,2,36000,1.6008492569
304887,305458,306345,571,887,2,36000,1.64374295378
304904,305463,306614,559,1151,2,36000,1.48566463944
304925,305496,306576,571,1080,2,36000,1.5287037037
304927,305502,306464,575,962,2,36000,1.59771309771
304944,305509,306366,565,857,2,36000,1.65927654609
304973,305514,306386,541,872,2,36000,1.62041284404
304974,305521,306601,547,1080,2,36000,1.50648148148
305006,305526,306401,520,875,2,36000,1.59428571429
305024,305533,306561,509,1028,2,36000,1.49513618677
305025,305555,306613,530,1058,2,36000,1.50094517958
305084,305560,306635,476,1075,2,36000,1.44279069767
305101,305591,306696,490,1105,2,36000,1.44343891403
305146,305597,306559,451,962,2,36000,1.46881496881
305211,305254,311280,43,6026,2,14400,1.0071357451
305224,305604,306512,380,908,2,36000,1.41850220264
305241,305609,306577,368,968,2,36000,1.38016528926
305258,305616,306646,358,1030,2,36000,1.34757281553
305260,305648,306612,388,964,2,36000,1.40248962656
305280,305297,310835,17,5538,2,14400,1.00306970025
305282,305655,306369,373,714,2,36000,1.52240896359
305284,305664,306746,380,1082,2,36000,1.35120147874
305286,305671,306802,385,1131,2,36000,1.34040671972
305303,305678,306808,375,1130,2,36000,1.33185840708
305305,305701,306778,396,1077,2,36000,1.36768802228
305306,305708,306741,402,1033,2,36000,1.38915779284
305325,305715,306800,390,1085,2,36000,1.35944700461
305334,305373,312574,39,7201,2,14400,1.00541591446
305365,305729,306631,364,902,2,36000,1.40354767184
305383,305761,306857,378,1096,2,36000,1.34489051095
305384,305768,306863,384,1095,2,36000,1.35068493151
305402,305773,306841,371,1068,2,36000,1.34737827715
305403,305780,306603,377,823,2,36000,1.45808019441
305436,305787,306643,351,856,2,36000,1.41004672897
305437,305794,306681,357,887,2,36000,1.40248027057
305439,305804,306688,365,884,2,36000,1.4128959276
305457,305824,306868,367,1044,2,36000,1.35153256705
305490,305859,306950,369,1091,2,36000,1.33822181485
305491,305866,306837,375,971,2,36000,1.38619979403
305509,305876,307034,367,1158,2,36000,1.31692573402
305510,305931,306703,421,772,2,36000,1.54533678756
305512,305942,306966,430,1024,2,36000,1.419921875
305530,305954,306813,424,859,2,36000,1.49359720605
305531,306005,307121,474,1116,2,36000,1.4247311828
305535,305548,309058,13,3510,2,14400,1.0037037037
305549,306010,306964,461,954,2,36000,1.48322851153
305551,306017,307169,466,1152,2,36000,1.40451388889
305552,306022,306936,470,914,2,36000,1.51422319475
305583,306044,306895,461,851,2,36000,1.54171562867
305584,306088,307194,504,1106,2,36000,1.45569620253
305602,306130,307139,528,1009,2,36000,1.52329038652
305604,306137,307076,533,939,2,36000,1.56762513312
305605,306169,307148,564,979,2,36000,1.57609805924
305638,306176,307127,538,951,2,36000,1.56572029443
305655,306265,307365,610,1100,2,36000,1.55454545455
305658,306273,307031,615,758,2,36000,1.81134564644
305675,306331,307432,656,1101,2,36000,1.59582198002
305676,306359,307329,683,970,2,36000,1.70412371134
305694,306381,307316,687,935,2,36000,1.73475935829
305695,306406,307530,711,1124,2,36000,1.63256227758
305712,306412,307247,700,835,2,36000,1.83832335329
305729,306523,307520,794,997,2,36000,1.7963891675
305752,306571,307618,819,1047,2,36000,1.78223495702
305769,306577,307511,808,934,2,36000,1.86509635974
305770,306588,307653,818,1065,2,36000,1.76807511737
305772,306593,307331,821,738,2,36000,2.11246612466
305790,306613,307543,823,930,2,36000,1.88494623656
305791,306625,307532,834,907,2,36000,1.91951488423
305799,309069,309959,3270,890,64,54000,4.67415730337
305814,306642,307536,828,894,2,36000,1.92617449664
305847,306649,307621,802,972,2,36000,1.82510288066
305867,306656,307528,789,872,2,36000,1.90481651376
305868,306663,307636,795,973,2,36000,1.8170606372
305910,306714,307459,804,745,2,36000,2.07919463087
305931,306790,307914,859,1124,2,36000,1.76423487544
305932,306814,307785,882,971,2,36000,1.90834191555
305951,306824,307891,873,1067,2,36000,1.81818181818
306003,306848,307668,845,820,2,36000,2.03048780488
306004,306855,307845,851,990,2,36000,1.8595959596
306006,306868,307855,862,987,2,36000,1.87335359676
306007,306875,307924,868,1049,2,36000,1.82745471878
306038,306882,307871,844,989,2,36000,1.85338725986
306081,306906,307758,825,852,2,36000,1.96830985915
306098,306947,307965,849,1018,2,36000,1.83398821218
306121,306961,308038,840,1077,2,36000,1.77994428969
306140,306975,307781,835,806,2,36000,2.03598014888
306157,306982,308016,825,1034,2,36000,1.79787234043
306159,306989,307800,830,811,2,36000,2.02342786683
306193,307042,307969,849,927,2,36000,1.91585760518
306210,307048,307978,838,930,2,36000,1.90107526882
306227,307087,307893,860,806,2,36000,2.06699751861
306258,307133,308089,875,956,2,36000,1.91527196653
306278,307140,308096,862,956,2,36000,1.90167364017
306279,307150,307842,871,692,2,36000,2.25867052023
306296,307159,308354,863,1195,2,36000,1.72217573222
306318,307180,308261,862,1081,2,36000,1.79740980574
306341,307205,308220,864,1015,2,36000,1.85123152709
306358,307259,308136,901,877,2,36000,2.02736602052
306360,307328,308250,968,922,2,36000,2.04989154013
306376,307340,308295,964,955,2,36000,2.00942408377
306378,307347,308201,969,854,2,36000,2.13466042155
306395,307377,308292,982,915,2,36000,2.07322404372
306397,307443,308396,1046,953,2,36000,2.09758656873
306413,307470,308479,1057,1009,2,36000,2.04757185332
306415,307522,308547,1107,1025,2,36000,2.08
306431,307540,308586,1109,1046,2,36000,2.06022944551
306467,307547,308331,1080,784,2,36000,2.37755102041
306484,307552,308457,1068,905,2,36000,2.18011049724
306518,307558,308444,1040,886,2,36000,2.17381489842
306520,307564,308515,1044,951,2,36000,2.09779179811
306556,307630,308573,1074,943,2,36000,2.13891834571
306573,307637,308653,1064,1016,2,36000,2.04724409449
306575,307648,308706,1073,1058,2,36000,2.01417769376
306592,307665,308598,1073,933,2,36000,2.15005359057
306594,307680,308493,1086,813,2,36000,2.33579335793
306611,307769,308735,1158,966,2,36000,2.19875776398
306613,307793,308908,1180,1115,2,36000,2.05829596413
306614,307800,308791,1186,991,2,36000,2.19677093845
306634,307812,308971,1178,1159,2,36000,2.01639344262
306636,307853,308911,1217,1058,2,36000,2.15028355388
306637,307859,308910,1222,1051,2,36000,2.16270218839
306655,307866,308931,1211,1065,2,36000,2.13708920188
306656,307882,308766,1226,884,2,36000,2.38687782805
306658,307903,308963,1245,1060,2,36000,2.17452830189
306681,307910,308663,1229,753,2,36000,2.63213811421
306683,307926,308985,1243,1059,2,36000,2.17374881964
306706,307935,308957,1229,1022,2,36000,2.20254403131
306708,307977,308876,1269,899,2,36000,2.41156840934
306748,307984,308907,1236,923,2,36000,2.33911159263
306750,307991,309009,1241,1018,2,36000,2.21905697446
306786,308027,309202,1241,1175,2,36000,2.05617021277
306803,308050,309302,1247,1252,2,36000,1.99600638978
306804,308100,309077,1296,977,2,36000,2.32650972364
306825,308107,309126,1282,1019,2,36000,2.25809617272
306826,308150,309167,1324,1017,2,36000,2.30186823992
306843,308212,309326,1369,1114,2,36000,2.2289048474
306845,308232,309076,1387,844,2,36000,2.64336492891
306862,308261,309212,1399,951,2,36000,2.47108307045
306864,308272,309086,1408,814,2,36000,2.72972972973
306880,308303,309246,1423,943,2,36000,2.50901378579
306897,308310,309444,1413,1134,2,36000,2.24603174603
306939,308343,309345,1404,1002,2,36000,2.40119760479
306956,308365,309413,1409,1048,2,36000,2.34446564885
306974,308407,309422,1433,1015,2,36000,2.4118226601
306975,308455,309441,1480,986,2,36000,2.50101419878
306992,308468,309414,1476,946,2,36000,2.56025369979
307036,308490,309429,1454,939,2,36000,2.54845580405
307037,308504,309507,1467,1003,2,36000,2.46261216351
307081,308527,309478,1446,951,2,36000,2.52050473186
307123,308558,309558,1435,1000,2,36000,2.435
307140,308584,309580,1444,996,2,36000,2.44979919679
307141,308597,309653,1456,1056,2,36000,2.37878787879
307159,308609,309591,1450,982,2,36000,2.47657841141
307175,308664,309732,1489,1068,2,36000,2.39419475655
307198,308674,309709,1476,1035,2,36000,2.42608695652
307249,308717,309453,1468,736,2,36000,2.99456521739
307318,308747,309713,1429,966,2,36000,2.47929606625
307340,308778,309852,1438,1074,2,36000,2.33891992551
307342,308802,309805,1460,1003,2,36000,2.4556331007
307366,308887,309976,1521,1089,2,36000,2.39669421488
307481,307531,336339,50,28808,1,28800,1.00173562899
307998,308004,308008,6,4,1,28800,1.0
308149,308157,308158,8,1,1,28800,1.0
308219,308225,324842,6,16617,1,28800,1.00036107601
308579,309981,321436,1402,11455,1,28800,1.12239196857
308940,308946,309880,6,934,2,36000,1.00642398287
308942,308953,309804,11,851,2,36000,1.01292596945
308943,308958,309913,15,955,2,36000,1.01570680628
308945,308963,310150,18,1187,2,36000,1.0151642797
308967,308973,309903,6,930,2,36000,1.0064516129
308969,308980,310030,11,1050,2,36000,1.01047619048
308988,308994,309882,6,888,2,36000,1.00675675676
308990,309001,310121,11,1120,2,36000,1.00982142857
309011,309018,310102,7,1084,2,36000,1.00645756458
309032,309970,311786,938,1816,4,10800,1.51651982379
309077,309083,310132,6,1049,2,36000,1.00571973308
309078,309089,310019,11,930,2,36000,1.01182795699
309094,309100,310122,6,1022,2,36000,1.00587084149
309138,309144,310070,6,926,2,36000,1.00647948164
309170,309177,310075,7,898,2,36000,1.00779510022
309203,309209,310287,6,1078,2,36000,1.00556586271
309219,309225,310096,6,871,2,36000,1.00688863375
309251,309257,310276,6,1019,2,36000,1.00588812561
309305,309311,310396,6,1085,2,36000,1.00552995392
309329,309335,310410,6,1075,2,36000,1.00558139535
309346,309352,310402,6,1050,2,36000,1.00571428571
309347,309975,317929,628,7954,2,14400,1.07895398542
309417,309424,310444,7,1020,2,36000,1.0068627451
309419,309431,310403,12,972,2,36000,1.01234567901
309437,309443,310234,6,791,2,36000,1.00758533502
309439,309450,310429,11,979,2,36000,1.01123595506
309455,309461,310483,6,1022,2,36000,1.00587084149
309457,309468,310470,11,1002,2,36000,1.01097804391
309458,309473,310428,15,955,2,36000,1.01570680628
309479,309485,310261,6,776,2,36000,1.00773195876
309509,309515,310716,6,1201,2,36000,1.0049958368
309561,309567,310387,6,820,2,36000,1.00731707317
309581,309587,310640,6,1053,2,36000,1.0056980057
309598,309604,310806,6,1202,2,36000,1.00499168053
309653,309659,310580,6,921,2,36000,1.00651465798
309712,309718,310522,6,804,2,36000,1.00746268657
309713,309724,310675,11,951,2,36000,1.01156677182
309734,309740,310603,6,863,2,36000,1.00695249131
309807,309814,311060,7,1246,2,36000,1.00561797753
309809,309821,310726,12,905,2,36000,1.01325966851
309854,309860,310973,6,1113,2,36000,1.00539083558
309883,309889,310915,6,1026,2,36000,1.00584795322
309885,309895,310899,10,1004,2,36000,1.00996015936
309905,309911,311049,6,1138,2,36000,1.00527240773
309922,309928,311043,6,1115,2,36000,1.00538116592
309979,309997,311194,18,1197,2,36000,1.01503759398
310020,310026,310972,6,946,2,36000,1.00634249471
310036,310042,311028,6,986,2,36000,1.0060851927
310072,310078,311027,6,949,2,36000,1.00632244468
310091,310097,311116,6,1019,2,36000,1.00588812561
310108,310114,311111,6,997,2,36000,1.00601805416
310110,310120,311065,10,945,2,36000,1.01058201058
310128,310134,311280,6,1146,2,36000,1.00523560209
310130,310140,311194,10,1054,2,36000,1.00948766603
310146,310153,311056,7,903,2,36000,1.00775193798
310163,310169,311123,6,954,2,36000,1.00628930818
310178,310184,314664,6,4480,2,14400,1.00133928571
310234,310240,311193,6,953,2,36000,1.00629590766
310263,310269,311229,6,960,2,36000,1.00625
310281,310287,311066,6,779,2,36000,1.00770218228
310299,310305,311485,6,1180,2,36000,1.00508474576
310400,310406,311499,6,1093,2,36000,1.0054894785
310402,310412,311494,10,1082,2,36000,1.00924214418
310420,310426,311257,6,831,2,36000,1.00722021661
310422,310432,311282,10,850,2,36000,1.01176470588
310423,310437,311408,14,971,2,36000,1.01441812564
310441,310447,311355,6,908,2,36000,1.00660792952
310442,310453,311374,11,921,2,36000,1.01194353963
310458,310464,311492,6,1028,2,36000,1.00583657588
310474,310480,311572,6,1092,2,36000,1.00549450549
310478,310486,310881,8,395,2,14400,1.02025316456
310490,310496,311468,6,972,2,36000,1.00617283951
310524,310530,311491,6,961,2,36000,1.00624349636
310579,310586,311723,7,1137,2,36000,1.00615655233
310605,310611,311769,6,1158,2,36000,1.00518134715
310643,310649,311686,6,1037,2,36000,1.00578592093
310687,310693,311649,6,956,2,36000,1.00627615063
310735,310741,311741,6,1000,2,36000,1.006
310737,310747,311586,10,839,2,36000,1.01191895113
310816,310822,311796,6,974,2,36000,1.00616016427
310902,310908,311895,6,987,2,36000,1.00607902736
310920,310925,312042,5,1117,2,36000,1.00447627574
310946,311076,357757,130,46681,10,57600,1.00278485894
310981,310987,312067,6,1080,2,36000,1.00555555556
310982,310993,311904,11,911,2,36000,1.01207464325
311029,311036,312037,7,1001,2,36000,1.00699300699
311031,311042,312077,11,1035,2,36000,1.01062801932
311050,311056,311969,6,913,2,36000,1.00657174151
311052,311062,312017,10,955,2,36000,1.01047120419
311086,311092,311851,6,759,2,36000,1.00790513834
311087,311098,312058,11,960,2,36000,1.01145833333
311089,311103,312174,14,1071,2,36000,1.01307189542
311090,311109,312119,19,1010,2,36000,1.01881188119
311113,311119,312205,6,1086,2,36000,1.00552486188
311144,311150,312040,6,890,2,36000,1.00674157303
311145,311156,311832,11,676,2,36000,1.01627218935
311199,311205,312301,6,1096,2,36000,1.00547445255
311200,311211,312148,11,937,2,36000,1.01173959445
311202,311216,312114,14,898,2,36000,1.01559020045
311238,311244,312211,6,967,2,36000,1.00620475698
311260,311266,312096,6,830,2,36000,1.00722891566
311282,311288,312274,6,986,2,36000,1.0060851927
311283,311294,312273,11,979,2,36000,1.01123595506
311357,311363,312354,6,991,2,36000,1.00605449041
311376,311382,312484,6,1102,2,36000,1.0054446461
311409,311416,312565,7,1149,2,36000,1.00609225413
311469,311476,312465,7,989,2,36000,1.00707785642
311489,311495,312489,6,994,2,36000,1.0060362173
311511,311517,312467,6,950,2,36000,1.00631578947
311513,311523,312584,10,1061,2,36000,1.00942507069
311514,311528,312413,14,885,2,36000,1.01581920904
311516,311533,312570,17,1037,2,36000,1.01639344262
311573,311579,312410,6,831,2,36000,1.00722021661
311589,311595,312674,6,1079,2,36000,1.00556070436
311653,311659,312809,6,1150,2,36000,1.0052173913
311697,311703,312655,6,952,2,36000,1.00630252101
311724,311730,312736,6,1006,2,36000,1.00596421471
311750,311756,312815,6,1059,2,36000,1.00566572238
311773,311779,312632,6,853,2,36000,1.00703399766
311804,311810,312874,6,1064,2,36000,1.00563909774
311833,311839,313016,6,1177,2,36000,1.00509770603
311854,311861,312971,7,1110,2,36000,1.00630630631
311894,311900,312860,6,960,2,36000,1.00625
311910,311916,313008,6,1092,2,36000,1.00549450549
311971,311977,313031,6,1054,2,36000,1.00569259962
312018,312024,313011,6,987,2,36000,1.00607902736
312041,312047,313176,6,1129,2,36000,1.00531443756
312042,312053,313075,11,1022,2,36000,1.01076320939
312044,312058,313333,14,1275,2,36000,1.01098039216
312062,312068,312868,6,800,2,36000,1.0075
312077,312084,313215,7,1131,2,36000,1.00618921309
312079,312090,313304,11,1214,2,36000,1.00906095552
312100,312106,312927,6,821,2,36000,1.00730816078
312117,312123,313230,6,1107,2,36000,1.0054200542
312139,312145,313090,6,945,2,36000,1.00634920635
312155,312162,313009,7,847,2,36000,1.00826446281
312179,312185,313171,6,986,2,36000,1.0060851927
312208,312214,313013,6,799,2,36000,1.00750938673
312212,312222,325588,10,13366,2,72000,1.00074816699
312229,312235,313445,6,1210,2,36000,1.00495867769
312274,312280,313200,6,920,2,36000,1.00652173913
312290,312296,313388,6,1092,2,36000,1.00549450549
312305,312311,313346,6,1035,2,36000,1.00579710145
312355,312361,313335,6,974,2,36000,1.00616016427
312411,312418,313420,7,1002,2,36000,1.00698602794
312427,312433,313473,6,1040,2,36000,1.00576923077
312465,312471,313595,6,1124,2,36000,1.00533807829
312481,312487,313636,6,1149,2,36000,1.00522193211
312497,312503,313300,6,797,2,36000,1.00752823087
312498,312509,313587,11,1078,2,36000,1.01020408163
312569,312575,313407,6,832,2,36000,1.00721153846
312585,312592,313390,7,798,2,36000,1.00877192982
312587,312598,313591,11,993,2,36000,1.0110775428
312634,312640,313469,6,829,2,36000,1.00723763571
312657,312663,313628,6,965,2,36000,1.00621761658
312676,312682,313604,6,922,2,36000,1.00650759219
312738,312745,313765,7,1020,2,36000,1.0068627451
312756,312762,355992,6,43230,2,43200,1.00013879251
312813,312819,313836,6,1017,2,36000,1.00589970501
312831,312837,313651,6,814,2,36000,1.00737100737
312863,312869,313794,6,925,2,36000,1.00648648649
312887,312893,313780,6,887,2,36000,1.0067643743
312888,312899,313679,11,780,2,36000,1.0141025641
312932,312938,313811,6,873,2,36000,1.00687285223
312972,312986,314883,14,1897,2,14400,1.0073800738
312974,312980,314168,6,1188,2,36000,1.00505050505
312994,313019,314935,25,1916,2,14400,1.0130480167
313023,313030,313992,7,962,2,36000,1.00727650728
313025,313036,313993,11,957,2,36000,1.01149425287
313026,313041,314005,15,964,2,36000,1.01556016598
313028,313046,314027,18,981,2,36000,1.01834862385
313030,313052,314048,22,996,2,36000,1.02208835341
313047,313058,314060,11,1002,2,36000,1.01097804391
313063,313088,318885,25,5797,2,72000,1.00431257547
313076,313082,314228,6,1146,2,36000,1.00523560209
313092,313098,313999,6,901,2,36000,1.00665926748
313174,313180,314244,6,1064,2,36000,1.00563909774
313191,313197,314150,6,953,2,36000,1.00629590766
313208,313214,314294,6,1080,2,36000,1.00555555556
313224,313230,314214,6,984,2,36000,1.00609756098
313238,313624,362108,386,48484,10,57600,1.00796138932
313240,313247,314282,7,1035,2,36000,1.00676328502
313283,313338,313353,55,15,4,7200,4.66666666667
313283,313311,313327,28,16,4,7200,2.75
313284,313364,313379,80,15,4,7200,6.33333333333
313284,313357,313372,73,15,4,7200,5.86666666667
313285,313404,313421,119,17,4,7200,8.0
313285,313390,313405,105,15,4,7200,8.0
313285,313383,313397,98,14,4,7200,8.0
313286,313416,313430,130,14,4,7200,10.2857142857
313286,313421,313436,135,15,4,7200,10.0
313287,313433,313450,146,17,4,7200,9.58823529412
313287,313438,313454,151,16,4,7200,10.4375
313288,313450,313464,162,14,4,7200,12.5714285714
313288,313456,313470,168,14,4,7200,13.0
313289,313462,313476,173,14,4,7200,13.3571428571
313289,313474,313489,185,15,4,7200,13.3333333333
313290,313486,313500,196,14,4,7200,15.0
313290,313491,313506,201,15,4,7200,14.4
313290,313481,313495,191,14,4,7200,14.6428571429
313291,313508,313523,217,15,4,7200,15.4666666667
313291,313513,313528,222,15,4,7200,15.8
313292,313519,313534,227,15,4,7200,16.1333333333
313292,313530,313545,238,15,4,7200,16.8666666667
313293,313536,313550,243,14,4,7200,18.3571428571
313293,313542,313556,249,14,4,7200,18.7857142857
313294,313547,313562,253,15,4,7200,17.8666666667
313294,313553,313567,259,14,4,7200,19.5
313295,313571,313585,276,14,4,7200,20.7142857143
313295,313564,313588,269,24,4,7200,12.2083333333
313295,313559,313574,264,15,4,7200,18.6
313296,313576,313591,280,15,4,7200,19.6666666667
313296,313583,313598,287,15,4,7200,20.1333333333
313297,313595,313610,298,15,4,7200,20.8666666667
313297,313588,313603,291,15,4,7200,20.4
313298,313602,313616,304,14,4,7200,22.7142857143
313298,313607,313622,309,15,4,7200,21.6
313298,313612,313626,314,14,4,7200,23.4285714286
313305,313317,314283,12,966,2,36000,1.01242236025
313306,313324,314043,18,719,2,36000,1.02503477051
313338,313346,314372,8,1026,2,36000,1.00779727096
313339,313351,314216,12,865,2,36000,1.01387283237
313356,313370,314534,14,1164,2,36000,1.01202749141
313391,313398,314465,7,1067,2,36000,1.00656044986
313392,313410,314386,18,976,2,36000,1.01844262295
313411,313427,314177,16,750,2,36000,1.02133333333
313427,313444,314312,17,868,2,36000,1.01958525346
313448,313468,314493,20,1025,2,36000,1.01951219512
313473,313502,314478,29,976,2,36000,1.02971311475
313491,313524,314613,33,1089,2,36000,1.0303030303
313595,313617,314538,22,921,2,36000,1.02388707926
313597,313630,314743,33,1113,2,36000,1.02964959569
313598,313635,314721,37,1086,2,36000,1.03406998158
313620,313641,314704,21,1063,2,36000,1.01975540922
313637,313647,314494,10,847,2,36000,1.01180637544
313639,313652,314651,13,999,2,36000,1.01301301301
313657,313662,314782,5,1120,2,36000,1.00446428571
313691,313698,314719,7,1021,2,36000,1.00685602351
313768,313774,314836,6,1062,2,36000,1.00564971751
313788,313794,314808,6,1014,2,36000,1.00591715976
313794,313800,320027,6,6227,2,72000,1.00096354585
313807,313813,314851,6,1038,2,36000,1.00578034682
313823,313829,314948,6,1119,2,36000,1.00536193029
313838,313845,314907,7,1062,2,36000,1.0065913371
314007,314013,315019,6,1006,2,36000,1.00596421471
314009,314019,315120,10,1101,2,36000,1.00908265213
314010,314024,314983,14,959,2,36000,1.01459854015
314012,314030,315070,18,1040,2,36000,1.01730769231
314030,314040,315067,10,1027,2,36000,1.00973709834
314046,314052,314945,6,893,2,36000,1.00671892497
314064,314505,316449,441,1944,4,7200,1.22685185185
314065,314675,316683,610,2008,4,7200,1.30378486056
314065,314729,317128,664,2399,4,7200,1.2767819925
314065,314758,316510,693,1752,4,7200,1.39554794521
314066,314867,316855,801,1988,4,7200,1.40291750503
314066,314824,316647,758,1823,4,7200,1.41579813494
314067,314959,316868,892,1909,4,7200,1.46726034573
314067,314918,316879,851,1961,4,7200,1.43396226415
314067,315030,316745,963,1715,4,7200,1.56151603499
314068,315925,318326,1857,2401,4,7200,1.77342773844
314068,315137,317123,1069,1986,4,7200,1.53826787513
314068,314074,315209,6,1135,2,36000,1.00528634361
314069,316523,318714,2454,2191,4,7200,2.12003651301
314069,316461,319256,2392,2795,4,7200,1.85581395349
314069,314081,315068,12,987,2,36000,1.01215805471
314070,316700,318919,2630,2219,4,7200,2.18521856692
314070,316757,319254,2687,2497,4,7200,2.07609130957
314070,316658,319373,2588,2715,4,7200,1.9532228361
314071,316866,318928,2795,2062,4,7200,2.35548011639
314071,316880,319154,2809,2274,4,7200,2.23526824978
314072,316891,319307,2819,2416,4,7200,2.16680463576
314072,317135,319459,3063,2324,4,7200,2.31798623064
314073,318099,322142,4026,4043,4,7200,1.99579520158
314073,317142,319709,3069,2567,4,7200,2.19555901831
314073,317469,319745,3396,2276,4,7200,2.4920913884
314074,318342,322127,4268,3785,4,7200,2.12760898283
314074,318725,321515,4651,2790,4,7200,2.66702508961
314075,318941,322213,4866,3272,4,7200,2.48716381418
314075,318934,322860,4859,3926,4,7200,2.2376464595
314075,319166,322658,5091,3492,4,7200,2.45790378007
314076,319277,323431,5201,4154,4,7200,2.25204622051
314076,319265,323237,5189,3972,4,7200,2.30639476334
314077,319385,324132,5308,4747,4,7200,2.1181799031
314077,319322,324190,5245,4868,4,7200,2.07744453574
314078,319756,323880,5678,4124,4,7200,2.3768186227
314078,319721,323988,5643,4267,4,7200,2.32247480666
314078,319470,322451,5392,2981,4,7200,2.80878899698
314079,320038,325035,5959,4997,4,7200,2.19251550931
314152,314159,315314,7,1155,2,36000,1.00606060606
314172,314178,315014,6,836,2,36000,1.00717703349
314188,314194,314979,6,785,2,36000,1.0076433121
314217,314224,315260,7,1036,2,36000,1.00675675676
314219,314231,315034,12,803,2,36000,1.01494396015
314235,314242,315329,7,1087,2,36000,1.00643974241
314253,314260,315294,7,1034,2,36000,1.00676982592
314288,314294,315231,6,937,2,36000,1.00640341515
314289,314300,315682,11,1382,2,36000,1.00795947902
314306,314312,315259,6,947,2,36000,1.00633579725
314323,314330,315468,7,1138,2,36000,1.00615114236
314375,314382,315313,7,931,2,36000,1.00751879699
314392,314398,315344,6,946,2,36000,1.00634249471
314466,314473,315346,7,873,2,36000,1.00801832761
314483,314489,315700,6,1211,2,36000,1.00495458299
314500,314512,315495,12,983,2,36000,1.01220752798
314502,314517,315603,15,1086,2,36000,1.0138121547
314537,314544,315695,7,1151,2,36000,1.00608166811
314539,314551,315684,12,1133,2,36000,1.0105913504
314616,314623,315681,7,1058,2,36000,1.00661625709
314652,314658,315764,6,1106,2,36000,1.00542495479
314707,314713,315696,6,983,2,36000,1.00610376399
314724,314735,315724,11,989,2,36000,1.0111223458
314725,314742,315863,17,1121,2,36000,1.01516503122
314745,314752,315769,7,1017,2,36000,1.00688298918
314783,314791,315715,8,924,2,36000,1.00865800866
314810,314818,315806,8,988,2,36000,1.00809716599
314819,322138,374436,7319,52298,10,57600,1.13994799036
314838,314845,315662,7,817,2,36000,1.00856793146
314854,314861,315828,7,967,2,36000,1.00723888314
314913,314925,315985,12,1060,2,36000,1.01132075472
314946,314953,315962,7,1009,2,36000,1.00693756194
314965,314972,315969,7,997,2,36000,1.00702106319
314985,314992,316006,7,1014,2,36000,1.00690335306
314987,314999,316043,12,1044,2,36000,1.01149425287
315016,315024,316262,8,1238,2,36000,1.00646203554
315034,315041,316020,7,979,2,36000,1.00715015322
315035,315048,316077,13,1029,2,36000,1.01263362488
315069,315075,316099,6,1024,2,36000,1.005859375
315070,315082,316066,12,984,2,36000,1.01219512195
315088,315094,315953,6,859,2,36000,1.00698486612
315124,315131,316038,7,907,2,36000,1.00771775083
315214,315220,316323,6,1103,2,36000,1.00543970988
315234,315240,316149,6,909,2,36000,1.00660066007
315262,315268,316149,6,881,2,36000,1.00681044268
315264,315274,316112,10,838,2,36000,1.01193317422
315298,315304,316387,6,1083,2,36000,1.0055401662
315315,315321,316245,6,924,2,36000,1.00649350649
315317,315328,316347,11,1019,2,36000,1.01079489696
315333,315339,316225,6,886,2,36000,1.00677200903
315354,315360,316412,6,1052,2,36000,1.00570342205
315355,315367,316380,12,1013,2,36000,1.01184600197
315470,315477,316428,7,951,2,36000,1.00736067298
315500,315507,316331,7,824,2,36000,1.00849514563
315609,315615,316550,6,935,2,36000,1.0064171123
315663,315670,316749,7,1079,2,36000,1.00648748842
315680,315686,316686,6,1000,2,36000,1.006
315682,315693,316611,11,918,2,36000,1.01198257081
315700,315707,316536,7,829,2,36000,1.00844390832
315701,315714,316754,13,1040,2,36000,1.0125
315703,315719,316771,16,1052,2,36000,1.01520912548
315704,315724,316763,20,1039,2,36000,1.01924927815
315721,315731,316778,10,1047,2,36000,1.00955109838
315738,315744,316565,6,821,2,36000,1.00730816078
315765,315771,316610,6,839,2,36000,1.00715137068
315781,315788,316969,7,1181,2,36000,1.00592718036
315808,315814,316694,6,880,2,36000,1.00681818182
315831,315838,316786,7,948,2,36000,1.00738396624
315866,315878,316863,12,985,2,36000,1.01218274112
315959,315965,316824,6,859,2,36000,1.00698486612
315975,315982,317056,7,1074,2,36000,1.00651769088
315977,315989,317000,12,1011,2,36000,1.0118694362
315995,316002,317008,7,1006,2,36000,1.0069582505
316012,316018,316970,6,952,2,36000,1.00630252101
316028,316035,317145,7,1110,2,36000,1.00630630631
316045,316051,316993,6,942,2,36000,1.00636942675
316047,316057,317034,10,977,2,36000,1.01023541453
316068,316075,317050,7,975,2,36000,1.00717948718
316084,316091,317043,7,952,2,36000,1.00735294118
316101,316108,317054,7,946,2,36000,1.00739957717
316119,316126,317080,7,954,2,36000,1.00733752621
316152,316158,317184,6,1026,2,36000,1.00584795322
316154,316165,317085,11,920,2,36000,1.01195652174
316228,316235,317075,7,840,2,36000,1.00833333333
316248,316260,317273,12,1013,2,36000,1.01184600197
316265,316273,317179,8,906,2,36000,1.00883002208
316321,316328,317327,7,999,2,36000,1.00700700701
316338,316344,317399,6,1055,2,36000,1.00568720379
316356,316362,317176,6,814,2,36000,1.00737100737
316382,316389,317439,7,1050,2,36000,1.00666666667
316399,316406,317562,7,1156,2,36000,1.00605536332
316416,316424,317379,8,955,2,36000,1.00837696335
316433,316440,317436,7,996,2,36000,1.00702811245
316538,316546,317389,8,843,2,36000,1.00948991696
316556,316564,317437,8,873,2,36000,1.00916380298
316573,316579,317667,6,1088,2,36000,1.00551470588
316613,316619,317705,6,1086,2,36000,1.00552486188
316614,316626,317721,12,1095,2,36000,1.01095890411
316687,316694,318167,7,1473,2,36000,1.00475220638
316704,316711,317583,7,872,2,36000,1.00802752294
316760,316768,317724,8,956,2,36000,1.00836820084
316762,316774,317907,12,1133,2,36000,1.0105913504
316816,316822,317795,6,973,2,36000,1.00616649538
316818,316828,317873,10,1045,2,36000,1.00956937799
316819,316833,317771,14,938,2,36000,1.01492537313
316821,316839,317838,18,999,2,36000,1.01801801802
316838,316846,317866,8,1020,2,36000,1.00784313725
316863,316874,317867,11,993,2,36000,1.0110775428
316971,316977,317957,6,980,2,36000,1.00612244898
316973,316984,318041,11,1057,2,36000,1.01040681173
316996,317003,318108,7,1105,2,36000,1.00633484163
317014,317022,317874,8,852,2,36000,1.00938967136
317015,317027,317837,12,810,2,36000,1.01481481481
317036,317042,318184,6,1142,2,36000,1.00525394046
317053,317060,318022,7,962,2,36000,1.00727650728
317055,317067,318189,12,1122,2,36000,1.01069518717
317057,317072,317952,15,880,2,36000,1.01704545455
317073,317080,317935,7,855,2,36000,1.0081871345
317091,317098,317902,7,804,2,36000,1.00870646766
317092,317103,318201,11,1098,2,36000,1.01001821494
317094,317111,318154,17,1043,2,36000,1.0162991371
317147,317154,318062,7,908,2,36000,1.0077092511
317181,317187,318291,6,1104,2,36000,1.00543478261
317182,317194,318196,12,1002,2,36000,1.0119760479
317203,317209,318316,6,1107,2,36000,1.0054200542
317278,317285,318296,7,1011,2,36000,1.00692383778
317329,317336,318261,7,925,2,36000,1.00756756757
317381,317388,318399,7,1011,2,36000,1.00692383778
317398,317405,318381,7,976,2,36000,1.00717213115
317400,317412,318467,12,1055,2,36000,1.01137440758
317438,317445,318513,7,1068,2,36000,1.00655430712
317439,317452,318314,13,862,2,36000,1.0150812065
317456,317463,318499,7,1036,2,36000,1.00675675676
317563,317570,318643,7,1073,2,36000,1.00652376514
317594,317600,318654,6,1054,2,36000,1.00569259962
317668,317674,318481,6,807,2,36000,1.00743494424
317707,317713,318786,6,1073,2,36000,1.0055917987
317724,317732,318533,8,801,2,36000,1.00998751561
317733,322145,322147,4412,2,2,72000,441.4
317742,317749,318741,7,992,2,36000,1.00705645161
317786,317793,318958,7,1165,2,36000,1.00600858369
317803,317811,318750,8,939,2,36000,1.00851970181
317838,317844,318898,6,1054,2,36000,1.00569259962
317840,317851,318816,11,965,2,36000,1.01139896373
317869,317876,318928,7,1052,2,36000,1.0066539924
317870,317883,318891,13,1008,2,36000,1.0128968254
317888,317895,318870,7,975,2,36000,1.00717948718
317890,317902,319033,12,1131,2,36000,1.01061007958
317908,317914,318914,6,1000,2,36000,1.006
317909,317920,318831,11,911,2,36000,1.01207464325
317940,317947,319017,7,1070,2,36000,1.00654205607
317957,317964,318986,7,1022,2,36000,1.00684931507
317959,317971,319097,12,1126,2,36000,1.01065719361
318025,318031,318860,6,829,2,36000,1.00723763571
318046,318053,319257,7,1204,2,36000,1.00581395349
318063,318070,319062,7,992,2,36000,1.00705645161
318112,318119,319217,7,1098,2,36000,1.00637522769
318159,318166,319043,7,877,2,36000,1.00798175599
318177,318184,318944,7,760,2,36000,1.00921052632
318196,318203,319278,7,1075,2,36000,1.00651162791
318197,318208,319077,11,869,2,36000,1.01265822785
318199,318215,319195,16,980,2,36000,1.01632653061
318219,318225,319206,6,981,2,36000,1.00611620795
318263,318269,319398,6,1129,2,36000,1.00531443756
318294,318302,319150,8,848,2,36000,1.00943396226
318312,318319,319256,7,937,2,36000,1.00747065101
318329,318336,319376,7,1040,2,36000,1.00673076923
318330,318348,319872,18,1524,2,36000,1.01181102362
318382,318390,319488,8,1098,2,36000,1.0072859745
318403,318410,319380,7,970,2,36000,1.00721649485
318470,318476,319370,6,894,2,36000,1.0067114094
318486,318492,319456,6,964,2,36000,1.00622406639
318503,318509,319447,6,938,2,36000,1.00639658849
318520,318526,319443,6,917,2,36000,1.00654307525
318544,318551,319483,7,932,2,36000,1.00751072961
318644,318650,319521,6,871,2,36000,1.00688863375
318661,318669,319650,8,981,2,36000,1.00815494393
318746,318753,319902,7,1149,2,36000,1.00609225413
318763,318770,319641,7,871,2,36000,1.00803673938
318786,318793,320039,7,1246,2,36000,1.00561797753
318820,318827,319795,7,968,2,36000,1.00723140496
318836,318843,319915,7,1072,2,36000,1.00652985075
318863,318870,319705,7,835,2,36000,1.00838323353
318879,318886,319729,7,843,2,36000,1.00830367734
318897,318903,319899,6,996,2,36000,1.00602409639
318915,318921,320084,6,1163,2,36000,1.00515907137
318917,318928,319996,11,1068,2,36000,1.01029962547
318934,318947,319933,13,986,2,36000,1.01318458418
318944,322462,495307,3518,172845,2,172800,1.02035349591
318951,318957,320106,6,1149,2,36000,1.00522193211
318956,322467,495277,3511,172810,2,172800,1.02031711128
318970,318976,320005,6,1029,2,36000,1.00583090379
318988,318996,319984,8,988,2,36000,1.00809716599
319018,319025,320073,7,1048,2,36000,1.00667938931
319036,319042,320573,6,1531,2,36000,1.00391900718
319054,319060,320210,6,1150,2,36000,1.0052173913
319070,319078,320237,8,1159,2,36000,1.00690250216
319088,319095,320199,7,1104,2,36000,1.00634057971
319104,319112,320214,8,1102,2,36000,1.00725952813
319151,319157,320177,6,1020,2,36000,1.00588235294
319200,319206,320241,6,1035,2,36000,1.00579710145
319217,319224,320117,7,893,2,36000,1.0078387458
319218,319231,320530,13,1299,2,36000,1.01000769823
319259,319271,320496,12,1225,2,36000,1.00979591837
319260,319288,320330,28,1042,2,36000,1.02687140115
319280,319295,320106,15,811,2,36000,1.01849568434
319343,322153,430180,2810,108027,2,108000,1.02601201551
319373,319379,320498,6,1119,2,36000,1.00536193029
319391,319397,320551,6,1154,2,36000,1.00519930676
319392,319404,320500,12,1096,2,36000,1.01094890511
319410,319417,320331,7,914,2,36000,1.00765864333
319447,319453,320334,6,881,2,36000,1.00681044268
319448,319459,320512,11,1053,2,36000,1.01044634378
319466,319478,320898,12,1420,2,36000,1.00845070423
319487,319493,320497,6,1004,2,36000,1.00597609562
319504,319511,320494,7,983,2,36000,1.00712105799
319536,319542,320799,6,1257,2,36000,1.00477326969
319644,319651,320620,7,969,2,36000,1.00722394221
319661,319667,320562,6,895,2,36000,1.00670391061
319708,319715,321854,7,2139,2,36000,1.00327255727
319731,319738,320899,7,1161,2,36000,1.0060292851
319797,319804,320900,7,1096,2,36000,1.00638686131
319873,319879,321851,6,1972,2,36000,1.00304259635
319900,319906,321849,6,1943,2,36000,1.00308800823
319917,319924,320897,7,973,2,36000,1.0071942446
319918,319931,321842,13,1911,2,36000,1.00680272109
319935,319941,321844,6,1903,2,36000,1.00315291645
319989,319996,321845,7,1849,2,36000,1.00378583018
320008,320014,321847,6,1833,2,36000,1.00327332242
320010,320020,321843,10,1823,2,36000,1.00548546352
320041,320047,321847,6,1800,2,36000,1.00333333333
320075,320081,321850,6,1769,2,36000,1.00339174675
320092,320098,321844,6,1746,2,36000,1.00343642612
320109,320116,322233,7,2117,2,36000,1.0033065659
320111,320122,321853,11,1731,2,36000,1.00635470826
320205,322670,495483,2465,172813,2,172800,1.0142639732
320225,320231,321852,6,1621,2,36000,1.00370141888
320227,320237,322331,10,2094,2,36000,1.00477554919
320228,320242,321846,14,1604,2,36000,1.00872817955
320230,320248,322509,18,2261,2,36000,1.00796107917
320232,320254,322317,22,2063,2,36000,1.01066408143
320481,322158,333322,1677,11164,2,72000,1.15021497671
320504,320511,322262,7,1751,2,36000,1.00399771559
320505,320518,322287,13,1769,2,36000,1.00734878462
320507,320523,322445,16,1922,2,36000,1.00832466181
320508,320528,322228,20,1700,2,36000,1.01176470588
320510,320533,322368,23,1835,2,36000,1.01253405995
320605,320611,322386,6,1775,2,36000,1.00338028169
320606,320618,322653,12,2035,2,36000,1.0058968059
320608,320623,322799,15,2176,2,36000,1.00689338235
320609,320628,322487,19,1859,2,36000,1.01022054868
320611,320633,322223,22,1590,2,36000,1.01383647799
320613,320640,322207,27,1567,2,36000,1.01723037652
320614,320645,322618,31,1973,2,36000,1.01571211353
320616,320650,322800,34,2150,2,36000,1.01581395349
320618,320655,322622,37,1967,2,36000,1.01881037112
320620,320660,322688,40,2028,2,36000,1.01972386588
320811,322165,333950,1354,11785,2,72000,1.11489181162
321847,321854,322857,7,1003,2,36000,1.00697906281
321850,321860,322773,10,913,2,36000,1.01095290252
321852,321865,322678,13,813,2,36000,1.0159901599
321853,321871,322885,18,1014,2,36000,1.01775147929
321855,321878,322924,23,1046,2,36000,1.02198852772
321857,321883,322683,26,800,2,36000,1.0325
321858,321888,322700,30,812,2,36000,1.03694581281
321860,321893,322955,33,1062,2,36000,1.03107344633
321862,321899,322613,37,714,2,36000,1.05182072829
321863,321904,323012,41,1108,2,36000,1.03700361011
321865,321910,322874,45,964,2,36000,1.04668049793
321867,321916,322922,49,1006,2,36000,1.04870775348
321868,321921,322886,53,965,2,36000,1.05492227979
321870,321926,322954,56,1028,2,36000,1.05447470817
321871,321931,322925,60,994,2,36000,1.06036217304
321873,321937,322960,64,1023,2,36000,1.06256109482
321874,321942,322900,68,958,2,36000,1.07098121086
321876,321948,322890,72,942,2,36000,1.07643312102
321878,321953,323013,75,1060,2,36000,1.07075471698
321918,322224,328574,306,6350,2,72000,1.04818897638
321991,321997,323095,6,1098,2,36000,1.00546448087
322186,322229,332197,43,9968,2,72000,1.00431380417
322210,322216,323259,6,1043,2,36000,1.00575263663
322226,322236,323194,10,958,2,36000,1.01043841336
322243,322249,323299,6,1050,2,36000,1.00571428571
322244,322255,323252,11,997,2,36000,1.0110330993
322261,322267,323193,6,926,2,36000,1.00647948164
322291,322297,323126,6,829,2,36000,1.00723763571
322388,322394,323457,6,1063,2,36000,1.00564440263
322391,322400,323375,9,975,2,36000,1.00923076923
322393,322405,323468,12,1063,2,36000,1.01128880527
322395,322412,323463,17,1051,2,36000,1.01617507136
322486,322492,324231,6,1739,2,36000,1.00345025877
322534,322541,323597,7,1056,2,36000,1.00662878788
322536,322547,323556,11,1009,2,36000,1.01090188305
322726,322732,323622,6,890,2,36000,1.00674157303
322728,322738,323786,10,1048,2,36000,1.00954198473
322729,322743,323870,14,1127,2,36000,1.01242236025
322731,322748,323840,17,1092,2,36000,1.01556776557
322732,322753,324004,21,1251,2,36000,1.01678657074
322734,322760,323820,26,1060,2,36000,1.02452830189
322736,322765,323980,29,1215,2,36000,1.02386831276
322737,322770,324136,33,1366,2,36000,1.02415812592
322786,322792,323957,6,1165,2,36000,1.00515021459
322803,322809,323818,6,1009,2,36000,1.00594648167
322804,322815,324217,11,1402,2,36000,1.00784593438
323007,323013,324142,6,1129,2,36000,1.00531443756
323009,323019,324189,10,1170,2,36000,1.00854700855
323011,323024,324090,13,1066,2,36000,1.01219512195
323013,323029,324196,16,1167,2,36000,1.01371036847
323038,323044,324223,6,1179,2,36000,1.00508905852
323040,323050,323993,10,943,2,36000,1.01060445387
323042,323055,324294,13,1239,2,36000,1.01049233253
323043,323060,324053,17,993,2,36000,1.01711983887
323068,323074,324369,6,1295,2,36000,1.00463320463
323094,323100,324287,6,1187,2,36000,1.0050547599
323096,323106,324145,10,1039,2,36000,1.00962463908
323267,323273,324329,6,1056,2,36000,1.00568181818
323268,323279,324283,11,1004,2,36000,1.0109561753
323270,323284,324408,14,1124,2,36000,1.01245551601
323271,323289,324415,18,1126,2,36000,1.01598579041
323273,323294,324455,21,1161,2,36000,1.0180878553
323275,323300,324404,25,1104,2,36000,1.02264492754
323276,323305,324496,29,1191,2,36000,1.02434928631
323278,323310,324091,32,781,2,36000,1.0409731114
323279,323316,324434,37,1118,2,36000,1.03309481216
323304,323322,324409,18,1087,2,36000,1.01655933763
323460,323467,324422,7,955,2,36000,1.00732984293
323463,323473,324671,10,1198,2,36000,1.00834724541
323625,323631,324654,6,1023,2,36000,1.00586510264
323627,323637,324870,10,1233,2,36000,1.00811030008
323628,323642,324737,14,1095,2,36000,1.01278538813
323630,323648,324724,18,1076,2,36000,1.01672862454
323696,323702,324761,6,1059,2,36000,1.00566572238
323787,323793,324902,6,1109,2,36000,1.00541027953
323819,323825,324787,6,962,2,36000,1.00623700624
323821,323831,324815,10,984,2,36000,1.01016260163
323887,323892,324861,5,969,2,36000,1.00515995872
323889,323898,324929,9,1031,2,36000,1.00872938894
323990,323996,325150,6,1154,2,36000,1.00519930676
323991,324002,324981,11,979,2,36000,1.01123595506
324053,324059,324241,6,182,1,3600,1.03296703297
324056,324149,324355,93,206,1,3600,1.45145631068
324056,324143,324350,87,207,1,3600,1.42028985507
324056,324065,324260,9,195,1,3600,1.04615384615
324057,324154,324372,97,218,1,3600,1.44495412844
324057,324159,324355,102,196,1,3600,1.52040816327
324058,324211,324461,153,250,1,3600,1.612
324058,324166,324388,108,222,1,3600,1.48648648649
324058,324172,324386,114,214,1,3600,1.53271028037
324059,324228,324506,169,278,1,3600,1.60791366906
324059,324222,324471,163,249,1,3600,1.6546184739
324059,324217,324450,158,233,1,3600,1.67811158798
324060,324238,324494,178,256,1,3600,1.6953125
324060,324233,324473,173,240,1,3600,1.72083333333
324061,324297,324542,236,245,1,3600,1.96326530612
324061,324279,324546,218,267,1,3600,1.81647940075
324061,324262,324495,201,233,1,3600,1.86266094421
324062,324340,324581,278,241,1,3600,2.15352697095
324062,324302,324583,240,281,1,3600,1.85409252669
324063,324361,324600,298,239,1,3600,2.24686192469
324063,324346,324732,283,386,1,3600,1.73316062176
324064,324368,324657,304,289,1,3600,2.05190311419
324064,324373,324651,309,278,1,3600,2.11151079137
324065,324383,324631,318,248,1,3600,2.28225806452
324065,324398,324621,333,223,1,3600,2.4932735426
324066,324447,324679,381,232,1,3600,2.64224137931
324066,324405,324670,339,265,1,3600,2.27924528302
324067,324453,324692,386,239,1,3600,2.61506276151
324067,324470,324714,403,244,1,3600,2.65163934426
324068,324477,324690,409,213,1,3600,2.92018779343
324068,324484,324720,416,236,1,3600,2.76271186441
324069,324505,324721,436,216,1,3600,3.01851851852
324069,324512,324723,443,211,1,3600,3.09952606635
324069,324489,324735,420,246,1,3600,2.70731707317
324070,324553,324759,483,206,1,3600,3.34466019417
324070,324523,324747,453,224,1,3600,3.02232142857
324090,324097,324772,7,675,2,36000,1.01037037037
324091,324104,325128,13,1024,2,36000,1.0126953125
324093,324109,325061,16,952,2,36000,1.01680672269
324177,324183,325351,6,1168,2,36000,1.0051369863
324179,324189,325149,10,960,2,36000,1.01041666667
324180,324194,325384,14,1190,2,36000,1.01176470588
324182,324200,325290,18,1090,2,36000,1.01651376147
324183,324205,325331,22,1126,2,36000,1.01953818828
324221,324246,325291,25,1045,2,36000,1.02392344498
324222,324251,325037,29,786,2,36000,1.0368956743
324224,324256,325225,32,969,2,36000,1.03302373581
324241,324267,325332,26,1065,2,36000,1.02441314554
324243,324273,325377,30,1104,2,36000,1.02717391304
324284,324291,325295,7,1004,2,36000,1.00697211155
324413,324419,325484,6,1065,2,36000,1.00563380282
324414,324426,325655,12,1229,2,36000,1.0097640358
324416,324431,325630,15,1199,2,36000,1.01251042535
324417,324436,325496,19,1060,2,36000,1.0179245283
324419,324441,325442,22,1001,2,36000,1.02197802198
324421,324458,325382,37,924,2,36000,1.04004329004
324423,324464,325525,41,1061,2,36000,1.03864278982
324506,324517,325451,11,934,2,36000,1.01177730193
324508,324528,325615,20,1087,2,36000,1.01839926403
324510,324534,325429,24,895,2,36000,1.02681564246
324511,324539,325683,28,1144,2,36000,1.02447552448
324513,324544,325404,31,860,2,36000,1.03604651163
324719,324725,325749,6,1024,2,36000,1.005859375
324721,324731,325812,10,1081,2,36000,1.0092506938
324739,324745,326006,6,1261,2,36000,1.00475812847
324740,324751,325756,11,1005,2,36000,1.01094527363
324764,324770,325800,6,1030,2,36000,1.00582524272
324786,324792,325701,6,909,2,36000,1.00660066007
324802,324808,325807,6,999,2,36000,1.00600600601
324818,324824,325826,6,1002,2,36000,1.00598802395
324926,324932,326240,6,1308,2,36000,1.00458715596
324927,324938,326174,11,1236,2,36000,1.00889967638
324930,324943,326009,13,1066,2,36000,1.01219512195
324999,325006,326064,7,1058,2,36000,1.00661625709
325001,325012,326025,11,1013,2,36000,1.01085883514
325073,325079,326144,6,1065,2,36000,1.00563380282
325075,325085,326173,10,1088,2,36000,1.00919117647
325212,325218,326030,6,812,2,36000,1.00738916256
325214,325224,326386,10,1162,2,36000,1.00860585198
325215,325229,326389,14,1160,2,36000,1.01206896552
325247,325253,326184,6,931,2,36000,1.00644468314
325310,325316,326464,6,1148,2,36000,1.00522648084
325312,325322,326488,10,1166,2,36000,1.00857632933
325313,325327,326394,14,1067,2,36000,1.01312089972
325333,325339,326456,6,1117,2,36000,1.00537153089
325335,325345,326253,10,908,2,36000,1.01101321586
325354,325360,326282,6,922,2,36000,1.00650759219
325382,325388,326424,6,1036,2,36000,1.00579150579
325383,325394,326585,11,1191,2,36000,1.00923593619
325486,325492,326638,6,1146,2,36000,1.00523560209
325488,325498,326615,10,1117,2,36000,1.00895255148
325489,325503,326497,14,994,2,36000,1.01408450704
325491,325508,326580,17,1072,2,36000,1.01585820896
325492,325513,326486,21,973,2,36000,1.02158273381
325494,325520,326544,26,1024,2,36000,1.025390625
325549,325556,326546,7,990,2,36000,1.00707070707
325551,325562,326630,11,1068,2,36000,1.01029962547
325686,325692,326657,6,965,2,36000,1.00621761658
325688,325698,326884,10,1186,2,36000,1.0084317032
325689,325703,326758,14,1055,2,36000,1.01327014218
325758,325764,326883,6,1119,2,36000,1.00536193029
325760,325770,326908,10,1138,2,36000,1.00878734622
325761,325775,326839,14,1064,2,36000,1.01315789474
325763,325781,326785,18,1004,2,36000,1.01792828685
325804,325810,326667,6,857,2,36000,1.00700116686
325821,325827,326986,6,1159,2,36000,1.00517687662
325823,325833,326945,10,1112,2,36000,1.00899280576
325844,325851,326846,7,995,2,36000,1.00703517588
326034,326040,327064,6,1024,2,36000,1.005859375
326036,326046,327032,10,986,2,36000,1.01014198783
326038,326051,327041,13,990,2,36000,1.01313131313
326039,326057,327098,18,1041,2,36000,1.01729106628
326084,326090,327132,6,1042,2,36000,1.00575815739
326186,326192,327286,6,1094,2,36000,1.00548446069
326188,326198,327299,10,1101,2,36000,1.00908265213
326189,326203,327306,14,1103,2,36000,1.01269265639
326220,326226,327278,6,1052,2,36000,1.00570342205
326241,326247,327807,6,1560,2,36000,1.00384615385
326258,326264,327276,6,1012,2,36000,1.00592885375
326284,326291,327415,7,1124,2,36000,1.00622775801
326342,326669,329984,327,3315,6,356400,1.09864253394
326429,326435,327529,6,1094,2,36000,1.00548446069
326430,326441,327398,11,957,2,36000,1.01149425287
326432,326446,327505,14,1059,2,36000,1.01322001889
326433,326451,327300,18,849,2,36000,1.02120141343
326493,326499,327563,6,1064,2,36000,1.00563909774
326496,326505,327606,9,1101,2,36000,1.00817438692
326498,326510,327605,12,1095,2,36000,1.01095890411
326500,326515,327491,15,976,2,36000,1.01536885246
326596,326602,327661,6,1059,2,36000,1.00566572238
326598,326608,327540,10,932,2,36000,1.01072961373
326599,326613,327547,14,934,2,36000,1.01498929336
326601,326618,327440,17,822,2,36000,1.02068126521
326603,326624,327520,21,896,2,36000,1.0234375
326670,326676,327701,6,1025,2,36000,1.00585365854
326672,326682,327886,10,1204,2,36000,1.00830564784
326673,326687,327823,14,1136,2,36000,1.01232394366
326675,326693,327765,18,1072,2,36000,1.01679104478
326677,326699,327551,22,852,2,36000,1.02582159624
326761,326767,327665,6,898,2,36000,1.00668151448
326788,326794,327941,6,1147,2,36000,1.00523103749
326842,326848,328067,6,1219,2,36000,1.00492206727
326900,326906,328013,6,1107,2,36000,1.0054200542
326902,326912,327854,10,942,2,36000,1.01061571125
326909,326918,328235,9,1317,2,36000,1.00683371298
326962,326968,328052,6,1084,2,36000,1.00553505535
326963,326974,328201,11,1227,2,36000,1.00896495518
327038,327045,327789,7,744,2,36000,1.00940860215
327041,327051,328517,10,1466,2,36000,1.0068212824
327086,327092,328091,6,999,2,36000,1.00600600601
327088,327098,328228,10,1130,2,36000,1.00884955752
327175,327181,328229,6,1048,2,36000,1.00572519084
327177,327187,328366,10,1179,2,36000,1.00848176421
327296,327302,328371,6,1069,2,36000,1.00561272217
327298,327308,328350,10,1042,2,36000,1.00959692898
327300,327313,328426,13,1113,2,36000,1.01168014376
327318,327324,328430,6,1106,2,36000,1.00542495479
327320,327330,328387,10,1057,2,36000,1.00946073794
327321,327335,328390,14,1055,2,36000,1.01327014218
327444,327450,328489,6,1039,2,36000,1.00577478345
327446,327456,328492,10,1036,2,36000,1.00965250965
327448,327461,328481,13,1020,2,36000,1.01274509804
327529,327536,328553,7,1017,2,36000,1.00688298918
327532,327542,328542,10,1000,2,36000,1.01
327533,327547,328616,14,1069,2,36000,1.01309635173
327639,327645,328679,6,1034,2,36000,1.00580270793
327640,327651,328637,11,986,2,36000,1.01115618661
327642,327656,328484,14,828,2,36000,1.01690821256
327644,327661,328762,17,1101,2,36000,1.01544050863
327645,327666,328854,21,1188,2,36000,1.01767676768
327647,327672,328528,25,856,2,36000,1.02920560748
327649,327677,328711,28,1034,2,36000,1.02707930368
327758,327764,328847,6,1083,2,36000,1.0055401662
327760,327770,328741,10,971,2,36000,1.01029866117
327761,327775,328700,14,925,2,36000,1.01513513514
327787,327793,328981,6,1188,2,36000,1.00505050505
327807,327813,328954,6,1141,2,36000,1.00525854514
327808,327819,328996,11,1177,2,36000,1.00934579439
327825,327831,328780,6,949,2,36000,1.00632244468
327855,327861,328949,6,1088,2,36000,1.00551470588
327889,327896,329046,7,1150,2,36000,1.00608695652
328002,328008,328989,6,981,2,36000,1.00611620795
328049,328055,328960,6,905,2,36000,1.00662983425
328118,328124,329354,6,1230,2,36000,1.00487804878
328120,328130,328998,10,868,2,36000,1.01152073733
328121,328135,329232,14,1097,2,36000,1.0127620784
328235,328241,329234,6,993,2,36000,1.00604229607
328237,328247,329149,10,902,2,36000,1.0110864745
328238,328252,329349,14,1097,2,36000,1.0127620784
328240,328258,329281,18,1023,2,36000,1.01759530792
328352,328358,329454,6,1096,2,36000,1.00547445255
328391,328397,329285,6,888,2,36000,1.00675675676
328397,328403,329233,6,830,2,36000,1.00722891566
328458,328464,329450,6,986,2,36000,1.0060851927
328460,328470,329393,10,923,2,36000,1.01083423619
328461,328475,329402,14,927,2,36000,1.01510248112
328463,328481,329551,18,1070,2,36000,1.01682242991
328531,328538,329486,7,948,2,36000,1.00738396624
328533,328544,329540,11,996,2,36000,1.01104417671
328535,328549,329513,14,964,2,36000,1.01452282158
328536,328554,329561,18,1007,2,36000,1.01787487587
328538,328560,329543,22,983,2,36000,1.02238046796
328540,328566,329587,26,1021,2,36000,1.02546523017
328570,328576,329763,6,1187,2,36000,1.0050547599
328571,328582,329737,11,1155,2,36000,1.00952380952
328641,328647,329849,6,1202,2,36000,1.00499168053
328643,328653,329738,10,1085,2,36000,1.00921658986
328691,328697,329791,6,1094,2,36000,1.00548446069
328707,328713,329771,6,1058,2,36000,1.0056710775
328724,328730,329721,6,991,2,36000,1.00605449041
328743,328750,329583,7,833,2,36000,1.00840336134
328804,328810,329943,6,1133,2,36000,1.0052956752
328806,328816,329755,10,939,2,36000,1.01064962726
328993,328999,329950,6,951,2,36000,1.00630914826
328996,329005,329936,9,931,2,36000,1.0096670247
328999,329010,330109,11,1099,2,36000,1.01000909918
329001,329016,330093,15,1077,2,36000,1.0139275766
329003,329021,330092,18,1071,2,36000,1.01680672269
329004,329027,329757,23,730,2,36000,1.03150684932
329079,329085,330259,6,1174,2,36000,1.00511073254
329080,329091,330090,11,999,2,36000,1.01101101101
329082,329096,330287,14,1191,2,36000,1.01175482788
329083,329101,330257,18,1156,2,36000,1.01557093426
329160,329166,330205,6,1039,2,36000,1.00577478345
329234,329240,330101,6,861,2,36000,1.00696864111
329235,329246,330340,11,1094,2,36000,1.01005484461
329236,329251,330357,15,1106,2,36000,1.01356238698
329348,329354,330358,6,1004,2,36000,1.00597609562
329350,329360,330506,10,1146,2,36000,1.00872600349
329395,329401,330478,6,1077,2,36000,1.00557103064
329396,329407,330411,11,1004,2,36000,1.0109561753
329398,329412,330503,14,1091,2,36000,1.01283226398
329454,329460,330479,6,1019,2,36000,1.00588812561
329543,329549,330578,6,1029,2,36000,1.00583090379
329545,329555,331393,10,1838,2,36000,1.00544069641
329546,329560,330549,14,989,2,36000,1.01415571284
329548,329565,330725,17,1160,2,36000,1.01465517241
329651,329657,330677,6,1020,2,36000,1.00588235294
329652,329663,330861,11,1198,2,36000,1.00918196995
329654,329668,330779,14,1111,2,36000,1.01260126013
329656,329673,330472,17,799,2,36000,1.02127659574
329657,329679,330684,22,1005,2,36000,1.02189054726
329659,329685,330513,26,828,2,36000,1.03140096618
329724,329730,330907,6,1177,2,36000,1.00509770603
329741,329747,330723,6,976,2,36000,1.00614754098
329743,329753,330685,10,932,2,36000,1.01072961373
329763,329769,330827,6,1058,2,36000,1.0056710775
329765,329775,330925,10,1150,2,36000,1.00869565217
329766,329780,330567,14,787,2,36000,1.01778907243
329783,329790,331041,7,1251,2,36000,1.00559552358
329817,329823,330845,6,1022,2,36000,1.00587084149
329872,329878,330828,6,950,2,36000,1.00631578947
329994,330000,330942,6,942,2,36000,1.00636942675
329997,330006,330784,9,778,2,36000,1.01156812339
329998,330011,331081,13,1070,2,36000,1.01214953271
330159,330165,331164,6,999,2,36000,1.00600600601
330161,330171,331104,10,933,2,36000,1.01071811361
330162,330176,331296,14,1120,2,36000,1.0125
330164,330181,331198,17,1017,2,36000,1.01671583088
330166,330187,331221,21,1034,2,36000,1.02030947776
330222,330228,331327,6,1099,2,36000,1.00545950864
330259,330265,331292,6,1027,2,36000,1.00584225901
330260,330271,331291,11,1020,2,36000,1.01078431373
330290,330296,331421,6,1125,2,36000,1.00533333333
330379,330385,331494,6,1109,2,36000,1.00541027953
330381,330391,331313,10,922,2,36000,1.01084598698
330383,330396,331349,13,953,2,36000,1.01364113326
330434,330440,331734,6,1294,2,36000,1.00463678516
330472,330478,906491,6,576013,1,576000,1.00001041643
330531,330537,331570,6,1033,2,36000,1.00580832527
330532,330543,331480,11,937,2,36000,1.01173959445
330534,330548,331300,14,752,2,36000,1.01861702128
330536,330553,331490,17,937,2,36000,1.01814300961
330538,330559,331495,21,936,2,36000,1.02243589744
330539,330565,331583,26,1018,2,36000,1.02554027505
330637,330643,331557,6,914,2,36000,1.00656455142
330638,330649,331717,11,1068,2,36000,1.01029962547
330640,330654,331644,14,990,2,36000,1.01414141414
330682,330688,331666,6,978,2,36000,1.00613496933
330699,330705,331695,6,990,2,36000,1.00606060606
330700,330711,331735,11,1024,2,36000,1.0107421875
330776,330783,331687,7,904,2,36000,1.00774336283
330779,330789,331926,10,1137,2,36000,1.00879507476
330847,330853,331947,6,1094,2,36000,1.00548446069
330849,330859,331678,10,819,2,36000,1.01221001221
330850,330864,331966,14,1102,2,36000,1.01270417423
330852,330869,331969,17,1100,2,36000,1.01545454545
330910,330916,331924,6,1008,2,36000,1.00595238095
330912,330922,332265,10,1343,2,36000,1.00744601638
330913,330927,331855,14,928,2,36000,1.0150862069
330983,330989,331779,6,790,2,36000,1.00759493671
330986,330995,332023,9,1028,2,36000,1.00875486381
331087,331093,331921,6,828,2,36000,1.00724637681
331089,331099,332095,10,996,2,36000,1.01004016064
331113,331120,331980,7,860,2,36000,1.00813953488
331150,331213,336066,63,4853,6,356400,1.01298166083
331169,331175,332213,6,1038,2,36000,1.00578034682
331201,331207,332221,6,1014,2,36000,1.00591715976
331274,331280,332281,6,1001,2,36000,1.00599400599
331332,331338,332433,6,1095,2,36000,1.00547945205
331333,331344,332521,11,1177,2,36000,1.00934579439
331335,331349,332285,14,936,2,36000,1.01495726496
331336,331354,332435,18,1081,2,36000,1.01665124884
331338,331359,332529,21,1170,2,36000,1.01794871795
331340,331365,332209,25,844,2,36000,1.02962085308
331436,331443,332445,7,1002,2,36000,1.00698602794
331438,331449,332523,11,1074,2,36000,1.01024208566
331440,331454,332261,14,807,2,36000,1.01734820322
331495,331501,740997,6,409496,1,576000,1.00001465216
331572,331579,332698,7,1119,2,36000,1.00625558534
331574,331585,332465,11,880,2,36000,1.0125
331576,331590,332740,14,1150,2,36000,1.01217391304
331577,331595,332469,18,874,2,36000,1.02059496568
331579,331601,332778,22,1177,2,36000,1.01869158879
331580,331607,332565,27,958,2,36000,1.02818371608
331610,331616,332673,6,1057,2,36000,1.00567644276
331656,331662,332813,6,1151,2,36000,1.00521285838
331673,331679,332780,6,1101,2,36000,1.00544959128
331737,331792,332059,55,267,6,5400,1.20599250936
331758,331764,332789,6,1025,2,36000,1.00585365854
331759,331770,332792,11,1022,2,36000,1.01076320939
331761,331775,332786,14,1011,2,36000,1.01384767557
331763,331781,332969,18,1188,2,36000,1.01515151515
331764,331786,332602,22,816,2,36000,1.02696078431
331766,331797,332776,31,979,2,36000,1.03166496425
331826,331833,332872,7,1039,2,36000,1.00673724735
331889,331895,332984,6,1089,2,36000,1.00550964187
332034,332040,333005,6,965,2,36000,1.00621761658
332036,332046,332993,10,947,2,36000,1.01055966209
332038,332051,333099,13,1048,2,36000,1.01240458015
332039,332056,333256,17,1200,2,36000,1.01416666667
332041,332062,333074,21,1012,2,36000,1.02075098814
332042,332068,332883,26,815,2,36000,1.03190184049
332044,332073,333405,29,1332,2,36000,1.02177177177
332046,332078,332986,32,908,2,36000,1.03524229075
332125,332131,333303,6,1172,2,36000,1.00511945392
332211,332218,333304,7,1086,2,36000,1.00644567219
332232,332238,333188,6,950,2,36000,1.00631578947
332234,332244,333411,10,1167,2,36000,1.00856898029
332364,332370,333395,6,1025,2,36000,1.00585365854
332365,332376,333453,11,1077,2,36000,1.01021355617
332367,332381,333394,14,1013,2,36000,1.01382033564
332368,332386,333454,18,1068,2,36000,1.01685393258
332498,332504,332509,6,5,2,3540,1.1
332520,332526,333395,6,869,2,36000,1.00690448792
332522,332532,333700,10,1168,2,36000,1.00856164384
332523,332537,333619,14,1082,2,36000,1.01293900185
332525,332542,333568,17,1026,2,36000,1.01656920078
332527,332549,333497,22,948,2,36000,1.02320675105
332602,332608,333708,6,1100,2,36000,1.00545454545
332604,332614,333662,10,1048,2,36000,1.00954198473
332605,332619,333617,14,998,2,36000,1.01402805611
332607,332624,333732,17,1108,2,36000,1.01534296029
332609,332631,333683,22,1052,2,36000,1.02091254753
332683,332689,333621,6,932,2,36000,1.00643776824
332699,332705,333702,6,997,2,36000,1.00601805416
332777,332783,333811,6,1028,2,36000,1.00583657588
332779,332789,333737,10,948,2,36000,1.01054852321
332872,332878,333929,6,1051,2,36000,1.00570884872
332873,332884,334006,11,1122,2,36000,1.00980392157
332875,332889,333914,14,1025,2,36000,1.01365853659
332876,332894,334129,18,1235,2,36000,1.01457489879
332878,332900,333975,22,1075,2,36000,1.02046511628
332880,332906,333916,26,1010,2,36000,1.02574257426
332940,332946,333806,6,860,2,36000,1.00697674419
332941,332952,333983,11,1031,2,36000,1.01066925315
333018,333025,334071,7,1046,2,36000,1.00669216061
333020,333031,333973,11,942,2,36000,1.01167728238
333022,333036,334038,14,1002,2,36000,1.01397205589
333024,333042,334107,18,1065,2,36000,1.01690140845
333025,333047,333998,22,951,2,36000,1.02313354364
333082,333088,334268,6,1180,2,36000,1.00508474576
333101,333107,334200,6,1093,2,36000,1.0054894785
333217,333223,334009,6,786,2,36000,1.00763358779
333307,333313,334245,6,932,2,36000,1.00643776824
333310,333319,334230,9,911,2,36000,1.00987925357
333311,333324,334369,13,1045,2,36000,1.01244019139
333499,333506,334624,7,1118,2,36000,1.00626118068
333501,333512,334669,11,1157,2,36000,1.00950734659
333503,333517,334662,14,1145,2,36000,1.01222707424
333504,333523,334584,19,1061,2,36000,1.01790763431
333506,333528,334592,22,1064,2,36000,1.02067669173
333508,333534,334711,26,1177,2,36000,1.02209005947
333509,333539,334612,30,1073,2,36000,1.02795899348
333511,333545,334473,34,928,2,36000,1.03663793103
333573,333578,334556,5,978,2,36000,1.00511247444
333623,333629,334616,6,987,2,36000,1.00607902736
333625,333635,334602,10,967,2,36000,1.01034126163
333626,333640,334710,14,1070,2,36000,1.01308411215
333701,333707,334828,6,1121,2,36000,1.00535236396
333703,333713,334859,10,1146,2,36000,1.00872600349
333704,333718,334550,14,832,2,36000,1.01682692308
333782,333789,335049,7,1260,2,36000,1.00555555556
333784,333795,334679,11,884,2,36000,1.01244343891
333786,333800,334922,14,1122,2,36000,1.01247771836
333787,333805,334631,18,826,2,36000,1.02179176755
333846,333852,334739,6,887,2,36000,1.0067643743
333847,333858,334942,11,1084,2,36000,1.01014760148
333986,333992,335233,6,1241,2,36000,1.00483481064
333987,333998,335120,11,1122,2,36000,1.00980392157
333989,334003,334913,14,910,2,36000,1.01538461538
333991,334008,335129,17,1121,2,36000,1.01516503122
333992,334014,334970,22,956,2,36000,1.0230125523
334045,334051,335372,6,1321,2,36000,1.00454201363
334047,334057,335147,10,1090,2,36000,1.00917431193
334049,334062,335078,13,1016,2,36000,1.01279527559
334051,334068,335002,17,934,2,36000,1.0182012848
334052,334074,335207,22,1133,2,36000,1.01941747573
334074,334080,335306,6,1226,2,36000,1.00489396411
334113,334119,335131,6,1012,2,36000,1.00592885375
334133,334139,335146,6,1007,2,36000,1.00595829196
334262,334268,335323,6,1055,2,36000,1.00568720379
334264,334274,335383,10,1109,2,36000,1.00901713255
334265,334279,335242,14,963,2,36000,1.01453790239
334323,334329,335445,6,1116,2,36000,1.00537634409
334414,334420,335435,6,1015,2,36000,1.00591133005
334517,334524,335639,7,1115,2,36000,1.00627802691
334600,334606,335570,6,964,2,36000,1.00622406639
334602,334612,335411,10,799,2,36000,1.01251564456
334604,334617,336022,13,1405,2,36000,1.00925266904
334606,334622,335694,16,1072,2,36000,1.01492537313
334634,334640,335605,6,965,2,36000,1.00621761658
334635,334646,335506,11,860,2,36000,1.01279069767
334637,334651,335788,14,1137,2,36000,1.01231310466
334638,334656,335906,18,1250,2,36000,1.0144
334640,334662,335698,22,1036,2,36000,1.02123552124
334666,334673,335693,7,1020,2,36000,1.0068627451
334683,334690,335755,7,1065,2,36000,1.00657276995
334685,334696,335700,11,1004,2,36000,1.0109561753
334712,334718,335880,6,1162,2,36000,1.00516351119
334713,334724,335535,11,811,2,36000,1.01356350185
334796,334802,335580,6,778,2,36000,1.00771208226
334863,334869,335706,6,837,2,36000,1.00716845878
334865,334875,336086,10,1211,2,36000,1.00825763832
335015,335021,335961,6,940,2,36000,1.00638297872
335017,335027,336021,10,994,2,36000,1.01006036217
335018,335032,336057,14,1025,2,36000,1.01365853659
335020,335037,335955,17,918,2,36000,1.01851851852
335022,335044,336237,22,1193,2,36000,1.01844090528
335158,335164,336272,6,1108,2,36000,1.00541516245
335159,335170,336263,11,1093,2,36000,1.01006404392
335161,335175,336264,14,1089,2,36000,1.01285583104
335163,335181,336111,18,930,2,36000,1.01935483871
335164,335186,336154,22,968,2,36000,1.02272727273
335166,335192,336273,26,1081,2,36000,1.02405180389
335168,335197,336223,29,1026,2,36000,1.02826510721
335219,335225,336285,6,1060,2,36000,1.00566037736
335236,335242,336310,6,1068,2,36000,1.00561797753
335255,335261,336248,6,987,2,36000,1.00607902736
335380,335386,336450,6,1064,2,36000,1.00563909774
335382,335392,336443,10,1051,2,36000,1.00951474786
335384,335397,336376,13,979,2,36000,1.01327885598
335520,335527,336481,7,954,2,36000,1.00733752621
335522,335533,336677,11,1144,2,36000,1.00961538462
335524,335538,336563,14,1025,2,36000,1.01365853659
335525,335543,336499,18,956,2,36000,1.01882845188
335527,335548,336603,21,1055,2,36000,1.01990521327
335654,335660,336621,6,961,2,36000,1.00624349636
335656,335666,336822,10,1156,2,36000,1.00865051903
335657,335671,336812,14,1141,2,36000,1.01226993865
335659,335676,336842,17,1166,2,36000,1.01457975986
335661,335682,336541,21,859,2,36000,1.02444703143
335737,335743,336657,6,914,2,36000,1.00656455142
335740,335749,336704,9,955,2,36000,1.00942408377
335741,335754,336665,13,911,2,36000,1.01427003293
335743,335759,336993,16,1234,2,36000,1.01296596434
335744,335766,336717,22,951,2,36000,1.02313354364
335777,335783,336794,6,1011,2,36000,1.0059347181
335794,335800,336804,6,1004,2,36000,1.00597609562
335952,335958,336999,6,1041,2,36000,1.00576368876
335955,335964,337081,9,1117,2,36000,1.00805729633
336084,336091,337146,7,1055,2,36000,1.00663507109
336087,336097,337178,10,1081,2,36000,1.0092506938
336089,336102,337284,13,1182,2,36000,1.01099830795
336090,336107,337226,17,1119,2,36000,1.01519213584
336092,336113,337184,21,1071,2,36000,1.01960784314
336234,336240,337065,6,825,2,36000,1.00727272727
336236,336246,337201,10,955,2,36000,1.01047120419
336238,336251,337180,13,929,2,36000,1.01399354144
336239,336256,337294,17,1038,2,36000,1.01637764933
336336,336342,337646,6,1304,2,36000,1.00460122699
336338,336348,337381,10,1033,2,36000,1.00968054211
336339,336353,337638,14,1285,2,36000,1.01089494163
336341,336358,337632,17,1274,2,36000,1.01334379906
336343,336364,337210,21,846,2,36000,1.02482269504
336344,336369,337351,25,982,2,36000,1.02545824847
336346,336374,337643,28,1269,2,36000,1.02206461781
336347,336380,337638,33,1258,2,36000,1.02623211447
336385,336392,337607,7,1215,2,36000,1.00576131687
336508,336514,337639,6,1125,2,36000,1.00533333333
336509,336520,337661,11,1141,2,36000,1.00964066608
336511,336525,337640,14,1115,2,36000,1.01255605381
336512,336530,337647,18,1117,2,36000,1.01611459266
336587,336593,337642,6,1049,2,36000,1.00571973308
336589,336599,337641,10,1042,2,36000,1.00959692898
336648,336654,337649,6,995,2,36000,1.00603015075
336651,336660,337644,9,984,2,36000,1.00914634146
336718,336724,337752,6,1028,2,36000,1.00583657588
336720,336730,337678,10,948,2,36000,1.01054852321
336721,336735,337806,14,1071,2,36000,1.01307189542
336723,336740,337889,17,1149,2,36000,1.01479547433
336847,336853,337854,6,1001,2,36000,1.00599400599
336849,336859,337890,10,1031,2,36000,1.00969932105
336850,336864,337862,14,998,2,36000,1.01402805611
336852,336869,337855,17,986,2,36000,1.01724137931
336854,336875,337829,21,954,2,36000,1.02201257862
336855,336881,337856,26,975,2,36000,1.02666666667
336954,337190,337927,236,737,6,356400,1.32021709634
336998,337004,338096,6,1092,2,36000,1.00549450549
337016,337022,337944,6,922,2,36000,1.00650759219
337149,337155,338276,6,1121,2,36000,1.00535236396
337151,337164,338415,13,1251,2,36000,1.01039168665
337152,337169,338408,17,1239,2,36000,1.01372074253
337240,337246,338632,6,1386,2,36000,1.00432900433
337241,337252,338533,11,1281,2,36000,1.00858704137
337243,337257,338332,14,1075,2,36000,1.01302325581
337245,337262,338468,17,1206,2,36000,1.01409618574
337246,337268,338249,22,981,2,36000,1.02242609582
337248,337274,338298,26,1024,2,36000,1.025390625
337657,337663,338629,6,966,2,36000,1.00621118012
337659,337669,338685,10,1016,2,36000,1.00984251969
337660,337674,338576,14,902,2,36000,1.0155210643
337662,337679,338517,17,838,2,36000,1.02028639618
337663,337685,338782,22,1097,2,36000,1.02005469462
337665,337691,338544,26,853,2,36000,1.03048065651
337667,337696,338916,29,1220,2,36000,1.0237704918
337668,337702,338715,34,1013,2,36000,1.03356367226
337670,337707,338861,37,1154,2,36000,1.03206239168
337672,337712,338820,40,1108,2,36000,1.03610108303
337673,337717,338726,44,1009,2,36000,1.04360753221
337674,337722,338661,48,939,2,36000,1.05111821086
337676,337728,338761,52,1033,2,36000,1.05033881897
337678,337733,338784,55,1051,2,36000,1.05233111323
337679,337738,338611,59,873,2,36000,1.06758304696
337681,337743,338642,62,899,2,36000,1.06896551724
337683,337748,338738,65,990,2,36000,1.06565656566
337920,337927,338828,7,901,2,36000,1.00776914539
337922,337933,338969,11,1036,2,36000,1.01061776062
337924,337938,338985,14,1047,2,36000,1.01337153773
337926,337943,338769,17,826,2,36000,1.0205811138
337927,337948,339249,21,1301,2,36000,1.01614142967
337929,337955,339024,26,1069,2,36000,1.02432179607
337930,337960,338922,30,962,2,36000,1.03118503119
337932,337966,339079,34,1113,2,36000,1.03054806828
337934,337971,338908,37,937,2,36000,1.03948772679
337936,337976,338759,40,783,2,36000,1.05108556833
337937,337981,339045,44,1064,2,36000,1.04135338346
338020,338559,339618,539,1059,6,356400,1.5089707271
338094,338100,348826,6,10726,4,14400,1.0005593884
338103,338640,346418,537,7778,4,10800,1.06904088455
338171,338177,339172,6,995,2,36000,1.00603015075
338177,338183,339307,6,1124,2,36000,1.00533807829
338259,338265,339260,6,995,2,36000,1.00603015075
338279,338285,339373,6,1088,2,36000,1.00551470588
338299,338305,339306,6,1001,2,36000,1.00599400599
338416,338422,339520,6,1098,2,36000,1.00546448087
338418,338428,339380,10,952,2,36000,1.01050420168
338420,338433,339619,13,1186,2,36000,1.01096121417
338515,338521,339518,6,997,2,36000,1.00601805416
338579,338585,339522,6,937,2,36000,1.00640341515
338580,338591,339490,11,899,2,36000,1.01223581758
338582,338596,339686,14,1090,2,36000,1.0128440367
338583,338602,339658,19,1056,2,36000,1.01799242424
338728,338735,339838,7,1103,2,36000,1.0063463282
338730,338741,339786,11,1045,2,36000,1.01052631579
338732,338746,339790,14,1044,2,36000,1.01340996169
338734,338752,339887,18,1135,2,36000,1.01585903084
338735,338757,339917,22,1160,2,36000,1.01896551724
338738,338763,339956,25,1193,2,36000,1.02095557418
338740,338768,339519,28,751,2,36000,1.03728362184
338863,339629,343782,766,4153,20,540000,1.18444497953
338863,338869,339965,6,1096,2,36000,1.00547445255
338865,338875,339902,10,1027,2,36000,1.00973709834
338867,338880,339908,13,1028,2,36000,1.0126459144
338868,338885,339909,17,1024,2,36000,1.0166015625
338870,338892,339992,22,1100,2,36000,1.02
338871,338897,339959,26,1062,2,36000,1.02448210923
338873,338903,339935,30,1032,2,36000,1.02906976744
338875,338908,339786,33,878,2,36000,1.03758542141
338877,338913,340208,36,1295,2,36000,1.0277992278
338878,338918,340021,40,1103,2,36000,1.03626473255
338932,338938,340082,6,1144,2,36000,1.00524475524
338934,338944,340003,10,1059,2,36000,1.00944287063
338935,338949,340005,14,1056,2,36000,1.01325757576
338983,338990,340032,7,1042,2,36000,1.00671785029
339082,339088,340144,6,1056,2,36000,1.00568181818
339084,339094,340272,10,1178,2,36000,1.00848896435
339085,339099,340133,14,1034,2,36000,1.01353965184
339087,339105,340255,18,1150,2,36000,1.01565217391
339246,339252,340387,6,1135,2,36000,1.00528634361
339306,339312,340370,6,1058,2,36000,1.0056710775
339309,339318,340315,9,997,2,36000,1.00902708124
339384,339390,340300,6,910,2,36000,1.00659340659
339388,339396,340263,8,867,2,36000,1.0092272203
339389,339401,340266,12,865,2,36000,1.01387283237
339449,339455,340425,6,970,2,36000,1.00618556701
339516,339522,340671,6,1149,2,36000,1.00522193211
339562,339849,342211,287,2362,6,356400,1.12150719729
339566,339572,340761,6,1189,2,36000,1.00504625736
339568,339578,340462,10,884,2,36000,1.01131221719
339570,339583,340428,13,845,2,36000,1.01538461538
339572,339588,340790,16,1202,2,36000,1.01331114809
339623,339634,340701,11,1067,2,36000,1.01030927835
339702,339709,340810,7,1101,2,36000,1.00635785649
339704,339715,340537,11,822,2,36000,1.01338199513
339959,339965,341007,6,1042,2,36000,1.00575815739
339961,339971,340871,10,900,2,36000,1.01111111111
339962,339976,341065,14,1089,2,36000,1.01285583104
339965,339982,341031,17,1049,2,36000,1.01620591039
339967,339988,341019,21,1031,2,36000,1.0203685742
339972,339993,341134,21,1141,2,36000,1.01840490798
339975,339998,340912,23,914,2,36000,1.02516411379
339977,340004,341030,27,1026,2,36000,1.02631578947
339979,340009,341122,30,1113,2,36000,1.0269541779
339981,340014,341055,33,1041,2,36000,1.03170028818
340174,340180,340968,6,788,2,36000,1.0076142132
340175,340186,341227,11,1041,2,36000,1.01056676273
340177,340191,341279,14,1088,2,36000,1.01286764706
340179,340196,341312,17,1116,2,36000,1.01523297491
340180,340202,341344,22,1142,2,36000,1.01926444834
340182,340208,341271,26,1063,2,36000,1.02445907808
340184,340213,341277,29,1064,2,36000,1.0272556391
340185,340218,341506,33,1288,2,36000,1.02562111801
340187,340224,341508,37,1284,2,36000,1.02881619938
340189,340229,341318,40,1089,2,36000,1.03673094582
340192,340234,341246,42,1012,2,36000,1.04150197628
340271,340277,341322,6,1045,2,36000,1.00574162679
340272,340283,341498,11,1215,2,36000,1.00905349794
340274,340288,341280,14,992,2,36000,1.01411290323
340275,340293,341589,18,1296,2,36000,1.01388888889
340317,340323,341440,6,1117,2,36000,1.00537153089
340319,340329,341403,10,1074,2,36000,1.00931098696
340320,340334,341321,14,987,2,36000,1.01418439716
340394,340400,341295,6,895,2,36000,1.00670391061
340396,340406,341496,10,1090,2,36000,1.00917431193
340507,340513,341422,6,909,2,36000,1.00660066007
340509,340519,341497,10,978,2,36000,1.01022494888
340510,340524,341714,14,1190,2,36000,1.01176470588
340603,340609,341707,6,1098,2,36000,1.00546448087
340697,340704,341814,7,1110,2,36000,1.00630630631
340767,340772,341829,5,1057,2,36000,1.00473036897
340768,340778,341782,10,1004,2,36000,1.00996015936
340832,340838,341923,6,1085,2,36000,1.00552995392
340833,340844,341674,11,830,2,36000,1.01325301205
340880,340887,341903,7,1016,2,36000,1.00688976378
340939,340945,342030,6,1085,2,36000,1.00552995392
340999,341005,342247,6,1242,2,36000,1.00483091787
341021,341027,342074,6,1047,2,36000,1.00573065903
341023,341033,342227,10,1194,2,36000,1.00837520938
341044,341050,342298,6,1248,2,36000,1.00480769231
341046,341056,341967,10,911,2,36000,1.01097694841
341085,341092,342007,7,915,2,36000,1.00765027322
341087,341098,342228,11,1130,2,36000,1.00973451327
341141,341147,342162,6,1015,2,36000,1.00591133005
341143,341153,342862,10,1709,2,36000,1.00585137507
341296,341302,342372,6,1070,2,36000,1.00560747664
341301,341308,342144,7,836,2,36000,1.00837320574
341303,341314,342237,11,923,2,36000,1.0119176598
341305,341319,342303,14,984,2,36000,1.01422764228
341306,341324,342435,18,1111,2,36000,1.01620162016
341308,341330,342241,22,911,2,36000,1.0241492865
341602,341608,342523,6,915,2,36000,1.00655737705
341603,341614,342656,11,1042,2,36000,1.01055662188
341605,341619,342538,14,919,2,36000,1.01523394995
341607,341624,342493,17,869,2,36000,1.01956271577
341608,341629,342579,21,950,2,36000,1.02210526316
341611,341635,342586,24,951,2,36000,1.02523659306
341612,341640,342597,28,957,2,36000,1.02925809822
341614,341645,342481,31,836,2,36000,1.03708133971
341616,341651,342620,35,969,2,36000,1.03611971104
341617,341656,342707,39,1051,2,36000,1.03710751665
341619,341661,342624,42,963,2,36000,1.04361370717
341621,341668,342648,47,980,2,36000,1.04795918367
341622,341673,342603,51,930,2,36000,1.05483870968
341624,341678,342736,54,1058,2,36000,1.05103969754
341625,341683,342805,58,1122,2,36000,1.05169340463
341768,341775,343350,7,1575,2,36000,1.00444444444
341770,341781,342765,11,984,2,36000,1.01117886179
341771,341786,342830,15,1044,2,36000,1.01436781609
341817,341823,342900,6,1077,2,36000,1.00557103064
341819,341829,342918,10,1089,2,36000,1.00918273646
341862,341868,343026,6,1158,2,36000,1.00518134715
341912,341918,343354,6,1436,2,36000,1.00417827298
342006,342012,343360,6,1348,2,36000,1.00445103858
342008,342018,342913,10,895,2,36000,1.01117318436
342090,342096,343357,6,1261,2,36000,1.00475812847
342092,342102,343358,10,1256,2,36000,1.00796178344
342093,342107,343360,14,1253,2,36000,1.01117318436
342172,342178,343360,6,1182,2,36000,1.00507614213
342174,342184,343360,10,1176,2,36000,1.00850340136
342376,342382,343366,6,984,2,36000,1.00609756098
342378,342388,343360,10,972,2,36000,1.01028806584
342379,342393,343361,14,968,2,36000,1.01446280992
342381,342398,343493,17,1095,2,36000,1.01552511416
342383,342404,343657,21,1253,2,36000,1.01675977654
342384,342410,343382,26,972,2,36000,1.02674897119
342386,342415,343487,29,1072,2,36000,1.02705223881
342471,342478,343359,7,881,2,36000,1.00794551646
342474,342484,343616,10,1132,2,36000,1.00883392226
342537,342543,343516,6,973,2,36000,1.00616649538
342538,342549,343571,11,1022,2,36000,1.01076320939
342540,342554,343640,14,1086,2,36000,1.01289134438
342582,342588,343644,6,1056,2,36000,1.00568181818
342584,342594,343452,10,858,2,36000,1.01165501166
342630,342637,343850,7,1213,2,36000,1.00577081616
342633,342643,343859,10,1216,2,36000,1.00822368421
342634,342648,343817,14,1169,2,36000,1.0119760479
342636,342653,343892,17,1239,2,36000,1.01372074253
342637,342659,343801,22,1142,2,36000,1.01926444834
342655,342665,343978,10,1313,2,36000,1.00761614623
342657,342670,343951,13,1281,2,36000,1.01014832162
342859,342865,344059,6,1194,2,36000,1.00502512563
342862,342871,343851,9,980,2,36000,1.00918367347
342863,342876,344122,13,1246,2,36000,1.01043338684
342865,342881,344001,16,1120,2,36000,1.01428571429
342867,342888,343937,21,1049,2,36000,1.02001906578
342926,342932,344114,6,1182,2,36000,1.00507614213
342928,342938,344025,10,1087,2,36000,1.00919963201
342930,342943,344188,13,1245,2,36000,1.01044176707
342931,342948,344152,17,1204,2,36000,1.01411960133
343094,343101,343352,7,251,2,3540,1.02788844622
343370,343376,344533,6,1157,2,36000,1.00518582541
343373,343382,344396,9,1014,2,36000,1.00887573964
343374,343387,344496,13,1109,2,36000,1.01172227232
343376,343393,344486,17,1093,2,36000,1.01555352242
343378,343399,344600,21,1201,2,36000,1.01748542881
343379,343404,344580,25,1176,2,36000,1.0212585034
343381,343410,344488,29,1078,2,36000,1.02690166976
343383,343415,344633,32,1218,2,36000,1.026272578
343385,343420,344530,35,1110,2,36000,1.03153153153
343386,343425,344474,39,1049,2,36000,1.03717826501
343388,343430,344598,42,1168,2,36000,1.03595890411
343390,343436,344613,46,1177,2,36000,1.03908241291
343391,343441,344662,50,1221,2,36000,1.04095004095
343583,343589,344645,6,1056,2,36000,1.00568181818
343585,343595,344869,10,1274,2,36000,1.00784929356
343586,343600,344670,14,1070,2,36000,1.01308411215
343588,343605,344717,17,1112,2,36000,1.01528776978
343589,343610,344675,21,1065,2,36000,1.01971830986
343591,343617,344862,26,1245,2,36000,1.02088353414
343950,343956,345020,6,1064,2,36000,1.00563909774
343952,343962,345011,10,1049,2,36000,1.00953288847
343954,343967,344998,13,1031,2,36000,1.01260911736
343955,343973,345036,18,1063,2,36000,1.0169332079
343957,343979,345140,22,1161,2,36000,1.01894918174
343958,343984,345003,26,1019,2,36000,1.02551521099
343960,343989,345161,29,1172,2,36000,1.0247440273
343962,343995,345142,33,1147,2,36000,1.02877070619
343963,344000,345059,37,1059,2,36000,1.03493862134
343965,344005,345103,40,1098,2,36000,1.0364298725
343966,344010,344987,44,977,2,36000,1.04503582395
343992,344499,345119,507,620,20,540000,1.81774193548
344184,344190,345330,6,1140,2,36000,1.00526315789
344186,344196,345128,10,932,2,36000,1.01072961373
344187,344201,345227,14,1026,2,36000,1.01364522417
344189,344206,345300,17,1094,2,36000,1.0155393053
344191,344212,345299,21,1087,2,36000,1.01931922723
344192,344218,345185,26,967,2,36000,1.02688728025
344194,344223,345372,29,1149,2,36000,1.02523933856
344195,344229,345266,34,1037,2,36000,1.03278688525
344268,344274,345267,6,993,2,36000,1.00604229607
344450,344456,345303,6,847,2,36000,1.00708382527
344534,344540,345637,6,1097,2,36000,1.00546946217
344535,344546,345398,11,852,2,36000,1.01291079812
344538,344551,345602,13,1051,2,36000,1.01236917222
344540,344557,345562,17,1005,2,36000,1.01691542289
344541,344563,345772,22,1209,2,36000,1.01819685691
344543,344568,345727,25,1159,2,36000,1.02157031924
344617,344623,345545,6,922,2,36000,1.00650759219
344618,344629,345749,11,1120,2,36000,1.00982142857
344620,344634,345608,14,974,2,36000,1.01437371663
344621,344639,345651,18,1012,2,36000,1.01778656126
344785,344791,345841,6,1050,2,36000,1.00571428571
344788,344797,345972,9,1175,2,36000,1.00765957447
344789,344802,345938,13,1136,2,36000,1.01144366197
344791,344808,345923,17,1115,2,36000,1.01524663677
344793,344814,345946,21,1132,2,36000,1.01855123675
344794,344819,345961,25,1142,2,36000,1.02189141856
344928,344934,345808,6,874,2,36000,1.00686498856
344930,344940,345858,10,918,2,36000,1.01089324619
345022,345028,346269,6,1241,2,36000,1.00483481064
345024,345034,346005,10,971,2,36000,1.01029866117
345026,345039,346255,13,1216,2,36000,1.01069078947
345027,345044,345917,17,873,2,36000,1.01947308133
345029,345050,346166,21,1116,2,36000,1.0188172043
345067,345073,346002,6,929,2,36000,1.00645855759
345068,345079,346189,11,1110,2,36000,1.00990990991
345144,345150,346621,6,1471,2,36000,1.00407885792
345146,345156,346627,10,1471,2,36000,1.00679809653
345147,345161,346072,14,911,2,36000,1.01536772777
345148,345167,346242,19,1075,2,36000,1.0176744186
345185,345192,346216,7,1024,2,36000,1.0068359375
345187,345198,346624,11,1426,2,36000,1.00771388499
345291,345297,346275,6,978,2,36000,1.00613496933
345293,345303,346623,10,1320,2,36000,1.00757575758
345295,345308,346622,13,1314,2,36000,1.0098934551
345404,345410,346653,6,1243,2,36000,1.00482703138
345405,345416,346258,11,842,2,36000,1.01306413302
345407,345421,346647,14,1226,2,36000,1.01141924959
345409,345426,346636,17,1210,2,36000,1.01404958678
345410,345431,346624,21,1193,2,36000,1.01760268231
345412,345438,346645,26,1207,2,36000,1.02154101077
345654,345661,346744,7,1083,2,36000,1.00646352724
345656,345667,346627,11,960,2,36000,1.01145833333
345658,345672,346765,14,1093,2,36000,1.01280878317
345660,345677,346734,17,1057,2,36000,1.01608325449
345661,345683,346735,22,1052,2,36000,1.02091254753
345775,345782,346979,7,1197,2,36000,1.00584795322
345777,345788,347194,11,1406,2,36000,1.00782361309
345779,345793,346887,14,1094,2,36000,1.01279707495
345781,345798,346996,17,1198,2,36000,1.0141903172
345841,345847,347013,6,1166,2,36000,1.0051457976
345843,345853,347082,10,1229,2,36000,1.0081366965
345870,345876,347251,6,1375,2,36000,1.00436363636
345920,345926,347226,6,1300,2,36000,1.00461538462
345943,345949,347160,6,1211,2,36000,1.00495458299
345945,345955,347235,10,1280,2,36000,1.0078125
345961,345967,347256,6,1289,2,36000,1.00465477114
345962,345973,347092,11,1119,2,36000,1.00983020554
346032,346038,347274,6,1236,2,36000,1.00485436893
346034,346044,347089,10,1045,2,36000,1.00956937799
346035,346049,347123,14,1074,2,36000,1.01303538175
346192,346198,347564,6,1366,2,36000,1.00439238653
346194,346204,347323,10,1119,2,36000,1.00893655049
346195,346209,347422,14,1213,2,36000,1.01154163232
346265,346271,347500,6,1229,2,36000,1.0048820179
346267,346277,347263,10,986,2,36000,1.01014198783
346269,346282,347453,13,1171,2,36000,1.01110162254
346271,346287,347322,16,1035,2,36000,1.0154589372
346647,346653,347619,6,966,2,36000,1.00621118012
346649,346659,347627,10,968,2,36000,1.01033057851
346651,346666,347638,15,972,2,36000,1.01543209877
346653,346672,347827,19,1155,2,36000,1.01645021645
346655,346678,347697,23,1019,2,36000,1.02257114818
346656,346683,347799,27,1116,2,36000,1.02419354839
346658,346689,347398,31,709,2,36000,1.0437235543
346660,346694,347755,34,1061,2,36000,1.03204524034
346661,346699,347811,38,1112,2,36000,1.03417266187
346663,346704,347863,41,1159,2,36000,1.03537532355
346664,346709,347692,45,983,2,36000,1.04577822991
346783,346790,347765,7,975,2,36000,1.00717948718
346785,346796,347704,11,908,2,36000,1.01211453744
346787,346801,347766,14,965,2,36000,1.01450777202
346788,346806,347759,18,953,2,36000,1.01888772298
346790,346812,347820,22,1008,2,36000,1.02182539683
346791,346818,347679,27,861,2,36000,1.03135888502
346895,346901,347899,6,998,2,36000,1.00601202405
346980,346986,347839,6,853,2,36000,1.00703399766
347001,347006,348076,5,1070,2,36000,1.0046728972
347017,347023,348159,6,1136,2,36000,1.00528169014
347085,347091,348104,6,1013,2,36000,1.00592300099
347101,347107,348287,6,1180,2,36000,1.00508474576
347102,347113,347952,11,839,2,36000,1.01311084625
347126,347133,348207,7,1074,2,36000,1.00651769088
347162,347168,348154,6,986,2,36000,1.0060851927
347200,347206,348495,6,1289,2,36000,1.00465477114
347233,347239,348194,6,955,2,36000,1.00628272251
347249,347256,348102,7,846,2,36000,1.00827423168
347251,347262,348128,11,866,2,36000,1.01270207852
347277,347283,348403,6,1120,2,36000,1.00535714286
347279,347289,348437,10,1148,2,36000,1.00871080139
347280,347294,348274,14,980,2,36000,1.01428571429
347322,347328,348475,6,1147,2,36000,1.00523103749
347338,347345,348297,7,952,2,36000,1.00735294118
347399,347405,348208,6,803,2,36000,1.00747198007
347427,347433,348293,6,860,2,36000,1.00697674419
347453,347459,348464,6,1005,2,36000,1.00597014925
347501,347507,348613,6,1106,2,36000,1.00542495479
347567,347573,348646,6,1073,2,36000,1.0055917987
347622,347628,348552,6,924,2,36000,1.00649350649
347640,347646,348408,6,762,2,36000,1.00787401575
347641,347652,348432,11,780,2,36000,1.0141025641
347684,347690,348662,6,972,2,36000,1.00617283951
347700,347706,348615,6,909,2,36000,1.00660066007
347702,347712,348756,10,1044,2,36000,1.00957854406
347719,347725,348875,6,1150,2,36000,1.0052173913
347759,347765,348676,6,911,2,36000,1.00658616905
347761,347771,348725,10,954,2,36000,1.01048218029
347777,347783,348851,6,1068,2,36000,1.00561797753
347779,347789,348817,10,1028,2,36000,1.00972762646
347801,347807,348761,6,954,2,36000,1.00628930818
347818,347824,348836,6,1012,2,36000,1.00592885375
347834,347841,348751,7,910,2,36000,1.00769230769
347836,347847,348757,11,910,2,36000,1.01208791209
347852,347858,348899,6,1041,2,36000,1.00576368876
347868,347874,348866,6,992,2,36000,1.0060483871
347890,347897,349817,7,1920,1,5400,1.00364583333
347899,347906,349010,7,1104,2,36000,1.00634057971
347953,347960,348760,7,800,2,36000,1.00875
348078,348084,349116,6,1032,2,36000,1.00581395349
348103,348110,349266,7,1156,2,36000,1.00605536332
348105,348116,349147,11,1031,2,36000,1.01066925315
348135,348141,348931,6,790,2,36000,1.00759493671
348157,348164,349383,7,1219,2,36000,1.00574241181
348182,348188,349173,6,985,2,36000,1.00609137056
348199,348205,349295,6,1090,2,36000,1.00550458716
348215,348221,349188,6,967,2,36000,1.00620475698
348217,348227,349412,10,1185,2,36000,1.00843881857
348277,348283,349279,6,996,2,36000,1.00602409639
348294,348300,349129,6,829,2,36000,1.00723763571
348295,348306,349124,11,818,2,36000,1.01344743276
348311,348317,349189,6,872,2,36000,1.00688073394
348403,348410,349328,7,918,2,36000,1.00762527233
348430,348436,349329,6,893,2,36000,1.00671892497
348447,348453,349445,6,992,2,36000,1.0060483871
348448,348459,349591,11,1132,2,36000,1.00971731449
348465,348471,349526,6,1055,2,36000,1.00568720379
348481,348487,349552,6,1065,2,36000,1.00563380282
348498,348504,349642,6,1138,2,36000,1.00527240773
348561,348567,349649,6,1082,2,36000,1.00554528651
348617,348623,349636,6,1013,2,36000,1.00592300099
348618,348629,349540,11,911,2,36000,1.01207464325
348647,348653,349697,6,1044,2,36000,1.00574712644
348663,348669,349633,6,964,2,36000,1.00622406639
348679,348686,349541,7,855,2,36000,1.0081871345
348727,348734,349670,7,936,2,36000,1.00747863248
348754,348760,350044,6,1284,2,36000,1.0046728972
348772,348778,349602,6,824,2,36000,1.0072815534
348773,348784,349856,11,1072,2,36000,1.01026119403
348774,348789,349943,15,1154,2,36000,1.0129982669
348776,348794,349816,18,1022,2,36000,1.01761252446
348821,348827,349828,6,1001,2,36000,1.00599400599
348839,348845,349974,6,1129,2,36000,1.00531443756
348856,348862,349879,6,1017,2,36000,1.00589970501
348872,348878,349952,6,1074,2,36000,1.00558659218
348888,348894,349942,6,1048,2,36000,1.00572519084
348904,348910,349705,6,795,2,36000,1.00754716981
348932,348939,349766,7,827,2,36000,1.0084643289
349012,349019,350024,7,1005,2,36000,1.00696517413
349118,349124,350168,6,1044,2,36000,1.00574712644
349135,349141,350155,6,1014,2,36000,1.00591715976
349136,349147,350253,11,1106,2,36000,1.00994575045
349152,349158,350038,6,880,2,36000,1.00681818182
349175,349181,350258,6,1077,2,36000,1.00557103064
349192,349198,350154,6,956,2,36000,1.00627615063
349194,349204,350150,10,946,2,36000,1.01057082452
349268,349274,350250,6,976,2,36000,1.00614754098
349284,349290,350435,6,1145,2,36000,1.00524017467
349301,349307,350269,6,962,2,36000,1.00623700624
349331,349337,350232,6,895,2,36000,1.00670391061
349333,349343,350457,10,1114,2,36000,1.00897666068
349384,349390,350115,6,725,2,36000,1.00827586207
349416,349422,350361,6,939,2,36000,1.00638977636
349447,349453,350560,6,1107,2,36000,1.0054200542
349529,349535,350565,6,1030,2,36000,1.00582524272
349546,349552,350671,6,1119,2,36000,1.00536193029
349547,349558,350673,11,1115,2,36000,1.00986547085
349563,349569,350380,6,811,2,36000,1.00739827374
349593,349599,350384,6,785,2,36000,1.0076433121
349609,349615,350667,6,1052,2,36000,1.00570342205
349637,349643,350512,6,869,2,36000,1.00690448792
349638,349649,350719,11,1070,2,36000,1.01028037383
349656,349662,350662,6,1000,2,36000,1.006
349657,349668,350807,11,1139,2,36000,1.00965759438
349674,349680,350753,6,1073,2,36000,1.0055917987
349700,349706,350563,6,857,2,36000,1.00700116686
349716,349722,350863,6,1141,2,36000,1.00525854514
349769,349775,350944,6,1169,2,36000,1.00513259196
349818,349824,350925,6,1101,2,36000,1.00544959128
349834,349839,350731,5,892,2,36000,1.00560538117
349859,349865,350780,6,915,2,36000,1.00655737705
349881,349888,350847,7,959,2,36000,1.00729927007
349949,349955,350808,6,853,2,36000,1.00703399766
349950,349961,350980,11,1019,2,36000,1.01079489696
349977,349984,350920,7,936,2,36000,1.00747863248
349980,349990,351077,10,1087,2,36000,1.00919963201
350026,350032,350924,6,892,2,36000,1.0067264574
350042,350048,351040,6,992,2,36000,1.0060483871
350059,350065,350833,6,768,2,36000,1.0078125
350118,350125,351153,7,1028,2,36000,1.00680933852
350154,350160,351169,6,1009,2,36000,1.00594648167
350156,350166,351370,10,1204,2,36000,1.00830564784
350158,350171,351035,13,864,2,36000,1.0150462963
350179,350185,351267,6,1082,2,36000,1.00554528651
350233,350239,350980,6,741,2,36000,1.00809716599
350253,350259,351203,6,944,2,36000,1.0063559322
350254,350265,351367,11,1102,2,36000,1.00998185118
350271,350277,351278,6,1001,2,36000,1.00599400599
350273,350283,351376,10,1093,2,36000,1.00914913083
350363,350369,351302,6,933,2,36000,1.00643086817
350382,350388,351333,6,945,2,36000,1.00634920635
350398,350404,351325,6,921,2,36000,1.00651465798
350439,350445,351234,6,789,2,36000,1.00760456274
350458,350464,351273,6,809,2,36000,1.00741656366
350515,350521,351404,6,883,2,36000,1.00679501699
350563,350569,352011,6,1442,2,36000,1.00416088766
350564,350575,351358,11,783,2,36000,1.01404853129
350580,350586,351488,6,902,2,36000,1.0066518847
350664,350670,351555,6,885,2,36000,1.00677966102
350680,350687,351691,7,1004,2,36000,1.00697211155
350682,350693,351671,11,978,2,36000,1.01124744376
350683,350698,351718,15,1020,2,36000,1.01470588235
350721,350728,351852,7,1124,2,36000,1.00622775801
350737,350744,351681,7,937,2,36000,1.00747065101
350754,350760,351917,6,1157,2,36000,1.00518582541
350783,350789,351688,6,899,2,36000,1.00667408231
350808,350814,351951,6,1137,2,36000,1.00527704485
350809,350820,351849,11,1029,2,36000,1.01068999028
350835,350841,351749,6,908,2,36000,1.00660792952
350852,350858,352028,6,1170,2,36000,1.00512820513
350868,350874,351780,6,906,2,36000,1.00662251656
350923,350929,352080,6,1151,2,36000,1.00521285838
350939,350945,352095,6,1150,2,36000,1.0052173913
350941,350951,352131,10,1180,2,36000,1.00847457627
350956,350962,352068,6,1106,2,36000,1.00542495479
350982,350988,351770,6,782,2,36000,1.00767263427
350984,350994,351892,10,898,2,36000,1.01113585746
351037,351043,352141,6,1098,2,36000,1.00546448087
351052,351059,352037,7,978,2,36000,1.00715746421
351081,351088,352109,7,1021,2,36000,1.00685602351
351154,351160,352149,6,989,2,36000,1.00606673407
351170,351176,352207,6,1031,2,36000,1.00581959263
351205,351211,352019,6,808,2,36000,1.00742574257
351237,351243,352161,6,918,2,36000,1.00653594771
351269,351275,352178,6,903,2,36000,1.00664451827
351286,351292,352447,6,1155,2,36000,1.00519480519
351287,351298,352433,11,1135,2,36000,1.00969162996
351303,351310,352442,7,1132,2,36000,1.00618374558
351326,351333,352310,7,977,2,36000,1.00716479017
351342,351348,352352,6,1004,2,36000,1.00597609562
351361,351368,352381,7,1013,2,36000,1.00691016782
351378,351384,352505,6,1121,2,36000,1.00535236396
351379,351390,352396,11,1006,2,36000,1.01093439364
351381,351395,352589,14,1194,2,36000,1.01172529313
351408,351414,352283,6,869,2,36000,1.00690448792
351493,351499,352393,6,894,2,36000,1.0067114094
351558,351564,352494,6,930,2,36000,1.0064516129
351671,351677,352522,6,845,2,36000,1.00710059172
351688,351694,352661,6,967,2,36000,1.00620475698
351689,351700,352805,11,1105,2,36000,1.00995475113
351710,351716,352778,6,1062,2,36000,1.00564971751
351731,351737,352819,6,1082,2,36000,1.00554528651
351749,351755,352696,6,941,2,36000,1.00637619554
351773,351779,352769,6,990,2,36000,1.00606060606
351789,351795,352813,6,1018,2,36000,1.00589390963
351852,351858,352790,6,932,2,36000,1.00643776824
351853,351864,352975,11,1111,2,36000,1.0099009901
351891,351898,352798,7,900,2,36000,1.00777777778
351920,351926,353141,6,1215,2,36000,1.0049382716
351951,351957,353138,6,1181,2,36000,1.0050804403
352013,352019,353040,6,1021,2,36000,1.00587659158
352030,352036,352954,6,918,2,36000,1.00653594771
352032,352042,353117,10,1075,2,36000,1.00930232558
352048,352054,353577,6,1523,2,36000,1.00393959291
352071,352077,353188,6,1111,2,36000,1.00540054005
352088,352094,353144,6,1050,2,36000,1.00571428571
352105,352111,353022,6,911,2,36000,1.00658616905
352122,352128,353059,6,931,2,36000,1.00644468314
352139,352145,353231,6,1086,2,36000,1.00552486188
352158,352164,353270,6,1106,2,36000,1.00542495479
352159,352170,353260,11,1090,2,36000,1.01009174312
352175,352182,353156,7,974,2,36000,1.00718685832
352192,352198,353085,6,887,2,36000,1.0067643743
352208,352214,353345,6,1131,2,36000,1.00530503979
352284,352290,353314,6,1024,2,36000,1.005859375
352311,352317,353261,6,944,2,36000,1.0063559322
352356,352362,353321,6,959,2,36000,1.00625651721
352386,352392,353234,6,842,2,36000,1.00712589074
352405,352411,353445,6,1034,2,36000,1.00580270793
352406,352417,353446,11,1029,2,36000,1.01068999028
352436,352442,353250,6,808,2,36000,1.00742574257
352453,352458,353464,5,1006,2,36000,1.00497017893
352454,352464,353586,10,1122,2,36000,1.00891265597
352495,352501,353617,6,1116,2,36000,1.00537634409
352512,352518,353561,6,1043,2,36000,1.00575263663
352529,352535,353608,6,1073,2,36000,1.0055917987
352591,352598,353708,7,1110,2,36000,1.00630630631
352665,352671,353557,6,886,2,36000,1.00677200903
352697,352704,353612,7,908,2,36000,1.0077092511
352770,352777,353675,7,898,2,36000,1.00779510022
352787,352793,353695,6,902,2,36000,1.0066518847
352805,352811,353952,6,1141,2,36000,1.00525854514
352807,352817,353914,10,1097,2,36000,1.00911577028
352808,352822,353800,14,978,2,36000,1.01431492843
352828,352834,354008,6,1174,2,36000,1.00511073254
352829,352840,353843,11,1003,2,36000,1.0109670987
352958,352964,353862,6,898,2,36000,1.00668151448
352978,352984,354042,6,1058,2,36000,1.0056710775
353028,353033,353885,5,852,2,36000,1.0058685446
353047,353053,353993,6,940,2,36000,1.00638297872
353065,353072,354198,7,1126,2,36000,1.00621669627
353089,353095,354150,6,1055,2,36000,1.00568720379
353118,353124,353921,6,797,2,36000,1.00752823087
353141,353147,354166,6,1019,2,36000,1.00588812561
353143,353153,354259,10,1106,2,36000,1.00904159132
353159,353166,355070,7,1904,2,36000,1.00367647059
353161,353172,354236,11,1064,2,36000,1.01033834586
353190,353196,353886,6,690,2,36000,1.00869565217
353234,353240,354338,6,1098,2,36000,1.00546448087
353236,353246,353988,10,742,2,36000,1.01347708895
353252,353258,354165,6,907,2,36000,1.00661521499
353270,353277,354319,7,1042,2,36000,1.00671785029
353272,353283,354268,11,985,2,36000,1.01116751269
353274,353288,354352,14,1064,2,36000,1.01315789474
353330,353336,354394,6,1058,2,36000,1.0056710775
353331,353342,354274,11,932,2,36000,1.01180257511
353348,353354,354215,6,861,2,36000,1.00696864111
353459,353465,354570,6,1105,2,36000,1.00542986425
353460,353471,354275,11,804,2,36000,1.01368159204
353477,353483,354555,6,1072,2,36000,1.00559701493
353559,353565,354588,6,1023,2,36000,1.00586510264
353577,353583,354480,6,897,2,36000,1.00668896321
353578,353589,354640,11,1051,2,36000,1.01046622265
353597,353603,354721,6,1118,2,36000,1.0053667263
353615,353621,354668,6,1047,2,36000,1.00573065903
353616,353627,354608,11,981,2,36000,1.01121304791
353633,353639,354682,6,1043,2,36000,1.00575263663
353678,353684,354901,6,1217,2,36000,1.00493015612
353697,353703,354742,6,1039,2,36000,1.00577478345
353714,353720,354673,6,953,2,36000,1.00629590766
353803,353809,354825,6,1016,2,36000,1.00590551181
353841,353847,353849,6,2,2,3540,1.0
353844,353853,354890,9,1037,2,36000,1.00867888139
353864,353870,354961,6,1091,2,36000,1.0054995417
353887,353894,355045,7,1151,2,36000,1.00608166811
353889,353900,354652,11,752,2,36000,1.01462765957
353915,353921,355135,6,1214,2,36000,1.00494233937
353931,353937,354858,6,921,2,36000,1.00651465798
353954,353960,355074,6,1114,2,36000,1.00538599641
353990,353996,355080,6,1084,2,36000,1.00553505535
354006,354013,354975,7,962,2,36000,1.00727650728
354022,354028,355013,6,985,2,36000,1.00609137056
354046,354052,355364,6,1312,2,36000,1.00457317073
354153,354159,355315,6,1156,2,36000,1.00519031142
354170,354176,355180,6,1004,2,36000,1.00597609562
354171,354182,354977,11,795,2,36000,1.01383647799
354200,354206,355240,6,1034,2,36000,1.00580270793
354217,354223,355118,6,895,2,36000,1.00670391061
354236,354242,355374,6,1132,2,36000,1.00530035336
354262,354269,355082,7,813,2,36000,1.0086100861
354279,354285,355307,6,1022,2,36000,1.00587084149
354281,354291,355371,10,1080,2,36000,1.00925925926
354282,354296,355313,14,1017,2,36000,1.01376597837
354321,354327,355337,6,1010,2,36000,1.00594059406
354337,354343,355316,6,973,2,36000,1.00616649538
354354,354360,355194,6,834,2,36000,1.0071942446
354395,354401,355367,6,966,2,36000,1.00621118012
354483,354490,355549,7,1059,2,36000,1.00661000944
354557,354563,355368,6,805,2,36000,1.00745341615
354574,354580,355480,6,900,2,36000,1.00666666667
354592,354599,355323,7,724,2,36000,1.00966850829
354609,354615,355691,6,1076,2,36000,1.00557620818
354642,354648,355546,6,898,2,36000,1.00668151448
354659,354665,355427,6,762,2,36000,1.00787401575
354677,354683,355753,6,1070,2,36000,1.00560747664
354678,354689,355697,11,1008,2,36000,1.01091269841
354694,354701,355671,7,970,2,36000,1.00721649485
354723,354729,355800,6,1071,2,36000,1.0056022409
354746,354752,355754,6,1002,2,36000,1.00598802395
354829,354835,355961,6,1126,2,36000,1.0053285968
354862,354868,356009,6,1141,2,36000,1.00525854514
354892,354903,355081,11,178,1,3600,1.06179775281
354893,354898,355945,5,1047,2,36000,1.00477554919
354916,354922,355932,6,1010,2,36000,1.00594059406
354962,354968,355920,6,952,2,36000,1.00630252101
354979,354985,355884,6,899,2,36000,1.00667408231
354981,354991,355886,10,895,2,36000,1.01117318436
355015,355021,356033,6,1012,2,36000,1.00592885375
355047,355053,356062,6,1009,2,36000,1.00594648167
355075,355081,356179,6,1098,2,36000,1.00546448087
355076,355087,355903,11,816,2,36000,1.01348039216
355093,355099,355947,6,848,2,36000,1.0070754717
355094,355105,356035,11,930,2,36000,1.01182795699
355120,355127,356268,7,1141,2,36000,1.00613496933
355137,355143,356077,6,934,2,36000,1.00642398287
355181,355187,356391,6,1204,2,36000,1.0049833887
355198,355204,355994,6,790,2,36000,1.00759493671
355242,355248,356129,6,881,2,36000,1.00681044268
355259,355265,355616,6,351,1,3600,1.01709401709
355310,355316,356212,6,896,2,36000,1.00669642857
355329,355335,356351,6,1016,2,36000,1.00590551181
355331,355341,356773,10,1432,2,36000,1.00698324022
355332,355346,356315,14,969,2,36000,1.01444788442
355334,355351,356344,17,993,2,36000,1.01711983887
355350,355357,356138,7,781,2,36000,1.00896286812
355367,355373,356297,6,924,2,36000,1.00649350649
355368,355379,356396,11,1017,2,36000,1.01081612586
355385,355391,356387,6,996,2,36000,1.00602409639
355387,355397,356548,10,1151,2,36000,1.00868809731
355388,355402,356318,14,916,2,36000,1.01528384279
355431,355437,356491,6,1054,2,36000,1.00569259962
355482,355488,356313,6,825,2,36000,1.00727272727
355552,355558,356620,6,1062,2,36000,1.00564971751
355554,355564,356349,10,785,2,36000,1.0127388535
355678,355685,356672,7,987,2,36000,1.00709219858
355698,355704,356716,6,1012,2,36000,1.00592885375
355699,355710,356659,11,949,2,36000,1.01159114858
355754,355760,356793,6,1033,2,36000,1.00580832527
355756,355766,356571,10,805,2,36000,1.01242236025
355803,355809,356611,6,802,2,36000,1.00748129676
355887,355894,357043,7,1149,2,36000,1.00609225413
355889,355900,356819,11,919,2,36000,1.0119695321
355908,355914,357055,6,1141,2,36000,1.00525854514
355925,355931,356902,6,971,2,36000,1.0061791967
355942,355948,356994,6,1046,2,36000,1.00573613767
355959,355965,356947,6,982,2,36000,1.00610997963
355961,355971,357065,10,1094,2,36000,1.00914076782
355970,355977,356768,7,791,1,3600,1.00884955752
355978,355984,356873,6,889,2,36000,1.00674915636
355997,356003,357049,6,1046,2,36000,1.00573613767
356013,356020,357040,7,1020,2,36000,1.0068627451
356034,356040,356938,6,898,2,36000,1.00668151448
356051,356057,357059,6,1002,2,36000,1.00598802395
356067,356073,357162,6,1089,2,36000,1.00550964187
356083,356090,356841,7,751,2,36000,1.00932090546
356132,356138,356930,6,792,2,36000,1.00757575758
356148,356154,357137,6,983,2,36000,1.00610376399
356178,356184,357067,6,883,2,36000,1.00679501699
356210,356216,357190,6,974,2,36000,1.00616016427
356272,356278,357408,6,1130,2,36000,1.00530973451
356300,356306,357289,6,983,2,36000,1.00610376399
356318,356323,357439,5,1116,2,36000,1.00448028674
356319,356330,357260,11,930,2,36000,1.01182795699
356321,356335,357347,14,1012,2,36000,1.01383399209
356347,356353,357558,6,1205,2,36000,1.00497925311
356366,356372,357351,6,979,2,36000,1.00612870276
356367,356378,357420,11,1042,2,36000,1.01055662188
356395,356402,357283,7,881,2,36000,1.00794551646
356397,356408,357282,11,874,2,36000,1.01258581236
356399,356413,357521,14,1108,2,36000,1.01263537906
356495,356501,357625,6,1124,2,36000,1.00533807829
356544,356550,357550,6,1000,2,36000,1.006
356573,356579,357650,6,1071,2,36000,1.0056022409
356617,356623,357512,6,889,2,36000,1.00674915636
356634,356640,357533,6,893,2,36000,1.00671892497
356673,356679,357601,6,922,2,36000,1.00650759219
356674,356685,357602,11,917,2,36000,1.01199563795
356720,356726,357780,6,1054,2,36000,1.00569259962
356775,356781,357741,6,960,2,36000,1.00625
356795,356801,357864,6,1063,2,36000,1.00564440263
356822,356828,357869,6,1041,2,36000,1.00576368876
356843,356849,358088,6,1239,2,36000,1.00484261501
356873,356879,357780,6,901,2,36000,1.00665926748
356906,356912,357885,6,973,2,36000,1.00616649538
356932,356939,358172,7,1233,2,36000,1.00567721006
356949,356955,358064,6,1109,2,36000,1.00541027953
356951,356961,358035,10,1074,2,36000,1.00931098696
356996,357002,357752,6,750,2,36000,1.008
357040,357046,358083,6,1037,2,36000,1.00578592093
357057,357063,358209,6,1146,2,36000,1.00523560209
357059,357069,358068,10,999,2,36000,1.01001001001
357060,357074,358031,14,957,2,36000,1.01462904911
357078,357085,358069,7,984,2,36000,1.00711382114
357080,357091,358070,11,979,2,36000,1.01123595506
357081,357096,358020,15,924,2,36000,1.01623376623
357139,357146,358190,7,1044,2,36000,1.00670498084
357165,357171,358218,6,1047,2,36000,1.00573065903
357191,357197,358109,6,912,2,36000,1.00657894737
357261,357267,358346,6,1079,2,36000,1.00556070436
357285,357291,358369,6,1078,2,36000,1.00556586271
357287,357297,358121,10,824,2,36000,1.01213592233
357348,357354,358356,6,1002,2,36000,1.00598802395
357349,357360,358432,11,1072,2,36000,1.01026119403
357366,357372,358358,6,986,2,36000,1.0060851927
357411,357417,358461,6,1044,2,36000,1.00574712644
357428,357434,358510,6,1076,2,36000,1.00557620818
357444,357450,358371,6,921,2,36000,1.00651465798
357514,357520,358373,6,853,2,36000,1.00703399766
357531,357537,358572,6,1035,2,36000,1.00579710145
357532,357543,358456,11,913,2,36000,1.01204819277
357552,357558,358651,6,1093,2,36000,1.0054894785
357568,357575,358626,7,1051,2,36000,1.0066603235
357606,357612,358681,6,1069,2,36000,1.00561272217
357608,357618,358653,10,1035,2,36000,1.00966183575
357628,357634,358587,6,953,2,36000,1.00629590766
357650,357657,358728,7,1071,2,36000,1.00653594771
357746,357752,358853,6,1101,2,36000,1.00544959128
357763,357769,358631,6,862,2,36000,1.00696055684
357783,357789,358801,6,1012,2,36000,1.00592885375
357784,357795,358652,11,857,2,36000,1.01283547258
357866,357873,358941,7,1068,2,36000,1.00655430712
357882,357889,358838,7,949,2,36000,1.00737618546
357898,357904,358920,6,1016,2,36000,1.00590551181
357999,358005,358133,6,128,1,3600,1.046875
358022,358028,359049,6,1021,2,36000,1.00587659158
358039,358045,359130,6,1085,2,36000,1.00552995392
358041,358052,359220,11,1168,2,36000,1.00941780822
358064,358070,358991,6,921,2,36000,1.00651465798
358083,358089,359257,6,1168,2,36000,1.0051369863
358085,358095,358986,10,891,2,36000,1.01122334456
358086,358100,359010,14,910,2,36000,1.01538461538
358088,358105,358977,17,872,2,36000,1.01949541284
358119,358125,359212,6,1087,2,36000,1.00551977921
358121,358131,359201,10,1070,2,36000,1.00934579439
358141,358147,359250,6,1103,2,36000,1.00543970988
358173,358180,359121,7,941,2,36000,1.00743889479
358191,358197,359249,6,1052,2,36000,1.00570342205
358215,358221,358997,6,776,2,36000,1.00773195876
358232,358238,359229,6,991,2,36000,1.00605449041
358322,358328,358644,6,316,1,3600,1.01898734177
358349,358355,359439,6,1084,2,36000,1.00553505535
358366,358372,359311,6,939,2,36000,1.00638977636
358367,358378,359345,11,967,2,36000,1.0113753878
358385,358391,359274,6,883,2,36000,1.00679501699
358386,358397,359290,11,893,2,36000,1.01231802912
358388,358402,359324,14,922,2,36000,1.01518438178
358434,358440,359527,6,1087,2,36000,1.00551977921
358458,358464,359549,6,1085,2,36000,1.00552995392
358473,358479,358636,6,157,1,3600,1.03821656051
358474,358485,359496,11,1011,2,36000,1.01088031652
358513,358519,359381,6,862,2,36000,1.00696055684
358575,358581,359518,6,937,2,36000,1.00640341515
358592,358598,359692,6,1094,2,36000,1.00548446069
358627,358633,359590,6,957,2,36000,1.00626959248
358644,358650,359493,6,843,2,36000,1.00711743772
358661,358668,359799,7,1131,2,36000,1.00618921309
358663,358674,359663,11,989,2,36000,1.0111223458
358664,358679,359666,15,987,2,36000,1.01519756839
358684,358691,359815,7,1124,2,36000,1.00622775801
358730,358736,359812,6,1076,2,36000,1.00557620818
358803,358809,359889,6,1080,2,36000,1.00555555556
358806,358815,359156,9,341,1,3600,1.02639296188
358841,358847,359817,6,970,2,36000,1.00618556701
358857,358864,359793,7,929,2,36000,1.00753498385
358922,358929,359759,7,830,2,36000,1.00843373494
358941,358948,359861,7,913,2,36000,1.00766703176
358979,358985,359862,6,877,2,36000,1.00684150513
358997,359003,359959,6,956,2,36000,1.00627615063
358999,359009,359907,10,898,2,36000,1.01113585746
359000,359014,360046,14,1032,2,36000,1.01356589147
359018,359024,360107,6,1083,2,36000,1.0055401662
359051,359057,360016,6,959,2,36000,1.00625651721
359109,359115,359719,6,604,1,3600,1.00993377483
359124,359130,360052,6,922,2,36000,1.00650759219
359140,359147,360116,7,969,2,36000,1.00722394221
359202,359208,360353,6,1145,2,36000,1.00524017467
359219,359224,360257,5,1033,2,36000,1.00484027106
359236,359242,360020,6,778,2,36000,1.00771208226
359238,359248,360327,10,1079,2,36000,1.00926784059
359255,359261,360358,6,1097,2,36000,1.00546946217
359257,359267,360259,10,992,2,36000,1.01008064516
359274,359281,360354,7,1073,2,36000,1.00652376514
359276,359287,360420,11,1133,2,36000,1.00970873786
359292,359299,360201,7,902,2,36000,1.00776053215
359312,359318,360213,6,895,2,36000,1.00670391061
359329,359335,360368,6,1033,2,36000,1.00580832527
359345,359352,360113,7,761,2,36000,1.00919842313
359384,359390,360421,6,1031,2,36000,1.00581959263
359441,359447,360554,6,1107,2,36000,1.0054200542
359504,359510,360669,6,1159,2,36000,1.00517687662
359506,359516,360245,10,729,2,36000,1.01371742112
359523,359529,360802,6,1273,2,36000,1.00471327573
359523,359534,360384,11,850,1,3600,1.01294117647
359539,359546,360538,7,992,2,36000,1.00705645161
359556,359562,360657,6,1095,2,36000,1.00547945205
359593,359599,360557,6,958,2,36000,1.00626304802
359665,359672,360911,7,1239,2,36000,1.00564971751
359667,359678,360793,11,1115,2,36000,1.00986547085
359694,359700,360519,6,819,2,36000,1.00732600733
359763,359769,360514,6,745,2,36000,1.00805369128
359795,359801,360954,6,1153,2,36000,1.00520381613
359813,359819,360777,6,958,2,36000,1.00626304802
359815,359825,360587,10,762,2,36000,1.01312335958
359831,359838,360629,7,791,2,36000,1.00884955752
359833,359844,360855,11,1011,2,36000,1.01088031652
359862,359868,360850,6,982,2,36000,1.00610997963
359864,359874,360649,10,775,2,36000,1.01290322581
359890,359896,360824,6,928,2,36000,1.00646551724
359906,359912,361005,6,1093,2,36000,1.0054894785
359961,359967,360903,6,936,2,36000,1.00641025641
360018,360024,360878,6,854,2,36000,1.00702576112
360034,360041,361142,7,1101,2,36000,1.00635785649
360051,360057,360894,6,837,2,36000,1.00716845878
360067,360073,360916,6,843,2,36000,1.00711743772
360111,360117,361261,6,1144,2,36000,1.00524475524
360128,360134,361219,6,1085,2,36000,1.00552995392
360129,360140,361000,11,860,2,36000,1.01279069767
360203,360209,361290,6,1081,2,36000,1.00555041628
360219,360226,361265,7,1039,2,36000,1.00673724735
360249,360255,361189,6,934,2,36000,1.00642398287
360266,360272,361287,6,1015,2,36000,1.00591133005
360267,360278,361367,11,1089,2,36000,1.0101010101
360328,360334,361182,6,848,2,36000,1.0070754717
360356,360362,361345,6,983,2,36000,1.00610376399
360358,360368,361407,10,1039,2,36000,1.00962463908
360376,360382,361344,6,962,2,36000,1.00623700624
360378,360388,361420,10,1032,2,36000,1.00968992248
360423,360429,361381,6,952,2,36000,1.00630252101
360424,360435,361600,11,1165,2,36000,1.00944206009
360517,360523,361565,6,1042,2,36000,1.00575815739
360534,360540,361605,6,1065,2,36000,1.00563380282
360551,360557,361376,6,819,2,36000,1.00732600733
360568,360575,361448,7,873,2,36000,1.00801832761
360570,360581,361515,11,934,2,36000,1.01177730193
360596,360602,361786,6,1184,2,36000,1.00506756757
360631,360637,361472,6,835,2,36000,1.00718562874
360652,360658,361675,6,1017,2,36000,1.00589970501
360668,360674,361751,6,1077,2,36000,1.00557103064
360685,360691,361585,6,894,2,36000,1.0067114094
360782,360788,361820,6,1032,2,36000,1.00581395349
360799,360805,361879,6,1074,2,36000,1.00558659218
360829,360834,361869,5,1035,2,36000,1.00483091787
360831,360841,361708,10,867,2,36000,1.01153402537
360853,360859,361693,6,834,2,36000,1.0071942446
360870,360876,361896,6,1020,2,36000,1.00588235294
360886,360892,361988,6,1096,2,36000,1.00547445255
360904,360910,361872,6,962,2,36000,1.00623700624
360905,360916,361695,11,779,2,36000,1.01412066752
360923,360929,361841,6,912,2,36000,1.00657894737
360925,360935,361940,10,1005,2,36000,1.00995024876
360955,360961,362046,6,1085,2,36000,1.00552995392
361001,361007,361992,6,985,2,36000,1.00609137056
361018,361024,362029,6,1005,2,36000,1.00597014925
361143,361149,362245,6,1096,2,36000,1.00547445255
361192,361199,362022,7,823,2,36000,1.0085054678
361194,361205,362312,11,1107,2,36000,1.00993676603
361221,361227,362336,6,1109,2,36000,1.00541027953
361274,361280,362340,6,1060,2,36000,1.00566037736
361275,361286,362257,11,971,2,36000,1.01132852729
361293,361299,362373,6,1074,2,36000,1.00558659218
361295,361305,362316,10,1011,2,36000,1.00989119683
361345,361352,362294,7,942,2,36000,1.00743099788
361347,361358,362463,11,1105,2,36000,1.00995475113
361367,361373,362358,6,985,2,36000,1.00609137056
361383,361390,362314,7,924,2,36000,1.00757575758
361385,361396,362435,11,1039,2,36000,1.01058710298
361409,361415,362324,6,909,2,36000,1.00660066007
361426,361432,362404,6,972,2,36000,1.00617283951
361449,361455,362476,6,1021,2,36000,1.00587659158
361473,361479,362394,6,915,2,36000,1.00655737705
361518,361524,362288,6,764,2,36000,1.00785340314
361568,361574,362559,6,985,2,36000,1.00609137056
361588,361594,362345,6,751,2,36000,1.00798934754
361604,361610,362655,6,1045,2,36000,1.00574162679
361605,361623,362570,18,947,2,36000,1.01900739176
361605,361617,361736,12,119,1,3600,1.10084033613
361676,361682,362889,6,1207,2,36000,1.00497100249
361697,361703,362924,6,1221,2,36000,1.00491400491
361699,361709,362804,10,1095,2,36000,1.00913242009
361715,361721,362736,6,1015,2,36000,1.00591133005
361753,361759,362876,6,1117,2,36000,1.00537153089
361787,361793,362805,6,1012,2,36000,1.00592885375
361823,361829,362839,6,1010,2,36000,1.00594059406
361844,361850,362879,6,1029,2,36000,1.00583090379
361873,361879,362996,6,1117,2,36000,1.00537153089
361875,361885,362844,10,959,2,36000,1.01042752868
361892,361899,362946,7,1047,2,36000,1.00668576886
361906,361912,362232,6,320,1,3600,1.01875
361909,361918,362933,9,1015,2,36000,1.00886699507
361944,361950,362973,6,1023,2,36000,1.00586510264
361991,361997,363100,6,1103,2,36000,1.00543970988
361993,362003,362982,10,979,2,36000,1.0102145046
362028,362034,362991,6,957,2,36000,1.00626959248
362029,362040,363011,11,971,2,36000,1.01132852729
362046,362053,363171,7,1118,2,36000,1.00626118068
362203,362209,362331,6,122,1,1800,1.04918032787
362246,362252,363471,6,1219,2,36000,1.00492206727
362262,362268,363481,6,1213,2,36000,1.00494641385
362291,362297,363335,6,1038,2,36000,1.00578034682
362309,362315,363479,6,1164,2,36000,1.00515463918
362328,362334,363472,6,1138,2,36000,1.00527240773
362329,362340,363258,11,918,2,36000,1.01198257081
362331,362345,363392,14,1047,2,36000,1.01337153773
362332,362351,363158,19,807,2,36000,1.02354399009
362355,362362,363340,7,978,2,36000,1.00715746421
362357,362368,363258,11,890,2,36000,1.01235955056
362359,362373,363366,14,993,2,36000,1.01409869084
362377,362384,363489,7,1105,2,36000,1.00633484163
362379,362390,363385,11,995,2,36000,1.01105527638
362396,362402,363523,6,1121,2,36000,1.00535236396
362414,362420,363349,6,929,2,36000,1.00645855759
362435,362442,363451,7,1009,2,36000,1.00693756194
362467,362473,363467,6,994,2,36000,1.0060362173
362490,362496,363555,6,1059,2,36000,1.00566572238
362560,362567,363557,7,990,2,36000,1.00707070707
362578,362585,363578,7,993,2,36000,1.00704934542
362639,362645,362775,6,130,1,1800,1.04615384615
362657,362663,363766,6,1103,2,36000,1.00543970988
362692,362699,363331,7,632,1,3600,1.01107594937
362740,362746,363866,6,1120,2,36000,1.00535714286
362805,362811,363869,6,1058,2,36000,1.0056710775
362806,362817,363815,11,998,2,36000,1.01102204409
362848,362854,363841,6,987,2,36000,1.00607902736
362849,362860,364023,11,1163,2,36000,1.00945829751
362877,362883,363983,6,1100,2,36000,1.00545454545
362895,362901,364129,6,1228,2,36000,1.00488599349
362897,362907,364076,10,1169,2,36000,1.00855431993
362927,362934,363948,7,1014,2,36000,1.00690335306
362944,362950,363871,6,921,2,36000,1.00651465798
362961,362967,363982,6,1015,2,36000,1.00591133005
362989,362996,364089,7,1093,2,36000,1.00640439158
362992,363002,364060,10,1058,2,36000,1.00945179584
363011,363017,364008,6,991,2,36000,1.00605449041
363013,363023,364092,10,1069,2,36000,1.00935453695
363014,363028,363855,14,827,2,36000,1.0169286578
363102,363108,363962,6,854,2,36000,1.00702576112
363159,363165,364077,6,912,2,36000,1.00657894737
363177,363183,364095,6,912,2,36000,1.00657894737
363262,363268,364712,6,1444,2,36000,1.00415512465
363264,363274,364355,10,1081,2,36000,1.0092506938
363339,363345,364385,6,1040,2,36000,1.00576923077
363356,363363,364152,7,789,2,36000,1.00887198986
363358,363369,364235,11,866,2,36000,1.01270207852
363381,363387,364454,6,1067,2,36000,1.00562324274
363400,363406,364471,6,1065,2,36000,1.00563380282
363401,363412,364321,11,909,2,36000,1.01210121012
363455,363461,364360,6,899,2,36000,1.00667408231
363458,363467,364063,9,596,1,1800,1.01510067114
363475,363481,364450,6,969,2,36000,1.00619195046
363476,363487,364736,11,1249,2,36000,1.00880704564
363478,363492,364392,14,900,2,36000,1.01555555556
363496,363502,364727,6,1225,2,36000,1.00489795918
363498,363508,364445,10,937,2,36000,1.01067235859
363499,363513,364622,14,1109,2,36000,1.01262398557
363526,363532,364525,6,993,2,36000,1.00604229607
363559,363566,364693,7,1127,2,36000,1.00621118012
363561,363572,364462,11,890,2,36000,1.01235955056
363581,363587,364571,6,984,2,36000,1.00609756098
363771,363776,364757,5,981,2,36000,1.00509683996
363817,363824,364695,7,871,2,36000,1.00803673938
363841,363847,364808,6,961,2,36000,1.00624349636
363857,363864,364944,7,1080,2,36000,1.00648148148
363877,363883,364889,6,1006,2,36000,1.00596421471
363879,363889,364952,10,1063,2,36000,1.00940733772
363880,363894,364888,14,994,2,36000,1.01408450704
363951,363957,365021,6,1064,2,36000,1.00563909774
363968,363974,365047,6,1073,2,36000,1.0055917987
363986,363992,365123,6,1131,2,36000,1.00530503979
363987,363998,364926,11,928,2,36000,1.01185344828
364019,364025,364900,6,875,2,36000,1.00685714286
364037,364043,365057,6,1014,2,36000,1.00591715976
364063,364073,365035,10,962,2,36000,1.0103950104
364090,364096,365218,6,1122,2,36000,1.00534759358
364092,364102,364939,10,837,2,36000,1.0119474313
364093,364107,365177,14,1070,2,36000,1.01308411215
364111,364118,365215,7,1097,2,36000,1.0063810392
364113,364124,365127,11,1003,2,36000,1.0109670987
364131,364137,365177,6,1040,2,36000,1.00576923077
364155,364161,365268,6,1107,2,36000,1.0054200542
364239,364245,365390,6,1145,2,36000,1.00524017467
364324,364330,365382,6,1052,2,36000,1.00570342205
364365,364371,365419,6,1048,2,36000,1.00572519084
364366,364377,365439,11,1062,2,36000,1.01035781544
364387,364393,365447,6,1054,2,36000,1.00569259962
364408,364414,365457,6,1043,2,36000,1.00575263663
364459,364464,365334,5,870,2,36000,1.00574712644
364460,364471,365673,11,1202,2,36000,1.00915141431
364462,364476,365374,14,898,2,36000,1.01559020045
364481,364487,365725,6,1238,2,36000,1.00484652666
364482,364493,365429,11,936,2,36000,1.01175213675
364528,364534,365400,6,866,2,36000,1.00692840647
364573,364579,365570,6,991,2,36000,1.00605449041
364625,364631,365588,6,957,2,36000,1.00626959248
364696,364703,365901,7,1198,2,36000,1.00584307179
364698,364709,365935,11,1226,2,36000,1.00897226754
364715,364721,365732,6,1011,2,36000,1.0059347181
364731,364737,365826,6,1089,2,36000,1.00550964187
364747,364753,365751,6,998,2,36000,1.00601202405
364764,364770,365891,6,1121,2,36000,1.00535236396
364811,364817,365859,6,1042,2,36000,1.00575815739
364888,364894,365915,6,1021,2,36000,1.00587659158
364890,364900,365796,10,896,2,36000,1.01116071429
364906,364913,365880,7,967,2,36000,1.00723888314
364926,364932,365834,6,902,2,36000,1.0066518847
364943,364949,365977,6,1028,2,36000,1.00583657588
364959,364965,365790,6,825,2,36000,1.00727272727
364961,364971,365771,10,800,2,36000,1.0125
365022,365028,366045,6,1017,2,36000,1.00589970501
365038,365044,366162,6,1118,2,36000,1.0053667263
365055,365061,365868,6,807,2,36000,1.00743494424
365071,365077,366169,6,1092,2,36000,1.00549450549
365126,365132,366306,6,1174,2,36000,1.00511073254
365127,365138,366048,11,910,2,36000,1.01208791209
365176,365182,366367,6,1185,2,36000,1.00506329114
365178,365188,366241,10,1053,2,36000,1.00949667616
365217,365223,365929,6,706,2,36000,1.00849858357
365219,365229,366056,10,827,2,36000,1.01209189843
365270,365276,366277,6,1001,2,36000,1.00599400599
365337,365342,366284,5,942,2,36000,1.00530785563
365376,365382,366237,6,855,2,36000,1.00701754386
365393,365399,366472,6,1073,2,36000,1.0055917987
365395,365405,366272,10,867,2,36000,1.01153402537
365412,365418,366349,6,931,2,36000,1.00644468314
365430,365437,366201,7,764,2,36000,1.00916230366
365432,365443,366469,11,1026,2,36000,1.01072124756
365450,365456,366350,6,894,2,36000,1.0067114094
365452,365462,366392,10,930,2,36000,1.01075268817
365468,365474,366606,6,1132,2,36000,1.00530035336
365571,365577,366536,6,959,2,36000,1.00625651721
365592,365598,366759,6,1161,2,36000,1.00516795866
365655,365662,365717,7,55,1,1800,1.12727272727
365674,365680,366662,6,982,2,36000,1.00610997963
365726,365732,366761,6,1029,2,36000,1.00583090379
365742,365749,366696,7,947,2,36000,1.00739176346
365759,365765,366821,6,1056,2,36000,1.00568181818
365775,365781,366794,6,1013,2,36000,1.00592300099
365792,365798,366766,6,968,2,36000,1.00619834711
365803,365810,365929,7,119,1,1800,1.05882352941
365808,365816,366823,8,1007,2,36000,1.00794438928
365828,365834,366871,6,1037,2,36000,1.00578592093
365845,365851,366752,6,901,2,36000,1.00665926748
365861,365867,366810,6,943,2,36000,1.00636267232
365878,365884,366866,6,982,2,36000,1.00610997963
365895,365901,366878,6,977,2,36000,1.00614124872
365897,365907,366709,10,802,2,36000,1.01246882793
365913,365919,366931,6,1012,2,36000,1.00592885375
365930,365939,366751,9,812,2,36000,1.01108374384
365932,365945,366817,13,872,2,36000,1.01490825688
365949,365956,366900,7,944,2,36000,1.00741525424
365980,365986,366835,6,849,2,36000,1.00706713781
366036,366043,366127,7,84,1,1800,1.08333333333
366046,366052,367178,6,1126,2,36000,1.0053285968
366066,366072,367233,6,1161,2,36000,1.00516795866
366068,366078,367054,10,976,2,36000,1.01024590164
366167,366173,367252,6,1079,2,36000,1.00556070436
366184,366191,367267,7,1076,2,36000,1.00650557621
366204,366210,367174,6,964,2,36000,1.00622406639
366241,366247,367282,6,1035,2,36000,1.00579710145
366242,366253,367155,11,902,2,36000,1.01219512195
366253,366259,366364,6,105,1,1800,1.05714285714
366275,366282,367078,7,796,2,36000,1.00879396985
366292,366298,367421,6,1123,2,36000,1.0053428317
366294,366304,367227,10,923,2,36000,1.01083423619
366310,366316,367264,6,948,2,36000,1.00632911392
366352,366358,367290,6,932,2,36000,1.00643776824
366353,366364,367324,11,960,2,36000,1.01145833333
366370,366376,367433,6,1057,2,36000,1.00567644276
366393,366399,367381,6,982,2,36000,1.00610997963
366471,366478,367491,7,1013,2,36000,1.00691016782
366473,366484,367371,11,887,2,36000,1.01240135287
366539,366545,367502,6,957,2,36000,1.00626959248
366609,366615,367273,6,658,2,36000,1.00911854103
366666,366672,367752,6,1080,2,36000,1.00555555556
366698,366705,367742,7,1037,2,36000,1.00675024108
366715,366721,367647,6,926,2,36000,1.00647948164
366751,366758,367902,7,1144,2,36000,1.00611888112
366753,366764,367795,11,1031,2,36000,1.01066925315
366771,366777,367709,6,932,2,36000,1.00643776824
366773,366783,367686,10,903,2,36000,1.01107419712
366774,366788,367817,14,1029,2,36000,1.01360544218
366798,366805,367764,7,959,2,36000,1.00729927007
366815,366822,367796,7,974,2,36000,1.00718685832
366817,366828,367767,11,939,2,36000,1.01171458999
366835,366841,367871,6,1030,2,36000,1.00582524272
366836,366847,367720,11,873,2,36000,1.0126002291
366853,366859,367860,6,1001,2,36000,1.00599400599
366869,366875,367806,6,931,2,36000,1.00644468314
366870,366881,367921,11,1040,2,36000,1.01057692308
366896,366902,367942,6,1040,2,36000,1.00576923077
366912,366918,367682,6,764,2,36000,1.00785340314
366936,366942,368001,6,1059,2,36000,1.00566572238
366968,366974,367262,6,288,1,1800,1.02083333333
367041,367047,367588,6,541,1,1800,1.01109057301
367057,367063,367993,6,930,2,36000,1.0064516129
367081,367087,368121,6,1034,2,36000,1.00580270793
367157,367163,368182,6,1019,2,36000,1.00588812561
367177,367184,368149,7,965,2,36000,1.00725388601
367179,367190,368233,11,1043,2,36000,1.01054650048
367231,367237,368369,6,1132,2,36000,1.00530035336
367248,367254,368225,6,971,2,36000,1.0061791967
367266,367272,368342,6,1070,2,36000,1.00560747664
367267,367278,368333,11,1055,2,36000,1.01042654028
367285,367291,368429,6,1138,2,36000,1.00527240773
367287,367297,368269,10,972,2,36000,1.01028806584
367288,367302,368301,14,999,2,36000,1.01401401401
367305,367311,368404,6,1093,2,36000,1.0054894785
367326,367332,368274,6,942,2,36000,1.00636942675
367375,367381,368340,6,959,2,36000,1.00625651721
367391,367397,368417,6,1020,2,36000,1.00588235294
367422,367428,368484,6,1056,2,36000,1.00568181818
367438,367444,368532,6,1088,2,36000,1.00551470588
367493,367500,368459,7,959,2,36000,1.00729927007
367513,367519,368315,6,796,2,36000,1.00753768844
367648,367654,368652,6,998,2,36000,1.00601202405
367686,367692,368725,6,1033,2,36000,1.00580832527
367688,367698,368697,10,999,2,36000,1.01001001001
367721,367727,368770,6,1043,2,36000,1.00575263663
367723,367733,368738,10,1005,2,36000,1.00995024876
367751,367758,368680,7,922,2,36000,1.00759219089
367771,367777,368712,6,935,2,36000,1.0064171123
367772,367783,368722,11,939,2,36000,1.01171458999
367774,367788,368865,14,1077,2,36000,1.01299907149
367799,367805,368936,6,1131,2,36000,1.00530503979
367800,367811,368785,11,974,2,36000,1.0112936345
367817,367824,368871,7,1047,2,36000,1.00668576886
367819,367830,368856,11,1026,2,36000,1.01072124756
367864,367870,368768,6,898,2,36000,1.00668151448
367880,367887,368898,7,1011,2,36000,1.00692383778
367904,367910,369012,6,1102,2,36000,1.0054446461
367924,367931,369013,7,1082,2,36000,1.00646950092
367945,367951,369203,6,1252,2,36000,1.00479233227
367994,368001,369070,7,1069,2,36000,1.00654817587
368012,368018,369055,6,1037,2,36000,1.00578592093
368122,368128,369033,6,905,2,36000,1.00662983425
368151,368157,369171,6,1014,2,36000,1.00591715976
368183,368189,369256,6,1067,2,36000,1.00562324274
368230,368236,369103,6,867,2,36000,1.00692041522
368246,368252,369410,6,1158,2,36000,1.00518134715
368270,368276,369315,6,1039,2,36000,1.00577478345
368286,368292,369529,6,1237,2,36000,1.00485044462
368303,368309,369377,6,1068,2,36000,1.00561797753
368320,368326,369344,6,1018,2,36000,1.00589390963
368337,368343,369524,6,1181,2,36000,1.0050804403
368353,368360,369381,7,1021,2,36000,1.00685602351
368355,368366,369346,11,980,2,36000,1.0112244898
368372,368378,369259,6,881,2,36000,1.00681044268
368405,368411,369454,6,1043,2,36000,1.00575263663
368424,368430,369285,6,855,2,36000,1.00701754386
368441,368447,369321,6,874,2,36000,1.00686498856
368463,368469,369375,6,906,2,36000,1.00662251656
368487,368493,369474,6,981,2,36000,1.00611620795
368538,368545,369307,7,762,2,36000,1.00918635171
368655,368661,369426,6,765,2,36000,1.00784313725
368682,368689,369698,7,1009,2,36000,1.00693756194
368702,368708,369540,6,832,2,36000,1.00721153846
368721,368727,369686,6,959,2,36000,1.00625651721
368739,368745,369831,6,1086,2,36000,1.00552486188
368740,368751,369685,11,934,2,36000,1.01177730193
368742,368756,369567,14,811,2,36000,1.01726263872
368776,368781,369791,5,1010,2,36000,1.00495049505
368777,368787,369919,10,1132,2,36000,1.00883392226
368795,368801,369821,6,1020,2,36000,1.00588235294
368860,368866,369858,6,992,2,36000,1.0060483871
368878,368885,370003,7,1118,2,36000,1.00626118068
368880,368891,369655,11,764,2,36000,1.01439790576
368902,368908,369867,6,959,2,36000,1.00625651721
368945,368951,369966,6,1015,2,36000,1.00591133005
369015,369021,370084,6,1063,2,36000,1.00564440263
369017,369027,370011,10,984,2,36000,1.01016260163
369035,369041,370635,6,1594,2,36000,1.00376411543
369060,369066,370156,6,1090,2,36000,1.00550458716
369079,369085,370149,6,1064,2,36000,1.00563909774
369105,369112,370052,7,940,2,36000,1.00744680851
369172,369178,370183,6,1005,2,36000,1.00597014925
369205,369212,370366,7,1154,2,36000,1.00606585789
369256,369262,370351,6,1089,2,36000,1.00550964187
369273,369279,370166,6,887,2,36000,1.0067643743
369309,369315,370233,6,918,2,36000,1.00653594771
369342,369349,370302,7,953,2,36000,1.0073452256
369344,369355,370403,11,1048,2,36000,1.01049618321
369346,369360,370359,14,999,2,36000,1.01401401401
369365,369371,370486,6,1115,2,36000,1.00538116592
369367,369377,370452,10,1075,2,36000,1.00930232558
369389,369395,370363,6,968,2,36000,1.00619834711
369390,369401,370373,11,972,2,36000,1.01131687243
369392,369406,370305,14,899,2,36000,1.01557285873
369413,369419,370457,6,1038,2,36000,1.00578034682
369431,369437,370275,6,838,2,36000,1.00715990453
369459,369465,370576,6,1111,2,36000,1.00540054005
369478,369485,370350,7,865,2,36000,1.00809248555
369525,369532,370476,7,944,2,36000,1.00741525424
369538,369545,369606,7,61,1,1800,1.11475409836
369546,369553,370412,7,859,2,36000,1.00814901048
369548,369559,370507,11,948,2,36000,1.01160337553
369571,369577,370565,6,988,2,36000,1.00607287449
369658,369664,370782,6,1118,2,36000,1.0053667263
369689,369695,370651,6,956,2,36000,1.00627615063
369690,369701,370636,11,935,2,36000,1.01176470588
369708,369714,370634,6,920,2,36000,1.00652173913
369796,369802,370794,6,992,2,36000,1.0060483871
369828,369834,371022,6,1188,2,36000,1.00505050505
369846,369852,370921,6,1069,2,36000,1.00561272217
369867,369873,370898,6,1025,2,36000,1.00585365854
369885,369891,370783,6,892,2,36000,1.0067264574
369920,369926,370905,6,979,2,36000,1.00612870276
369951,369957,370044,6,87,1,1800,1.06896551724
369970,369976,370884,6,908,2,36000,1.00660792952
370005,370011,370858,6,847,2,36000,1.00708382527
370023,370029,371149,6,1120,2,36000,1.00535714286
370059,370065,371020,6,955,2,36000,1.00628272251
370089,370095,370920,6,825,2,36000,1.00727272727
370153,370159,371323,6,1164,2,36000,1.00515463918
370174,370180,371132,6,952,2,36000,1.00630252101
370176,370186,371460,10,1274,2,36000,1.00784929356
370193,370199,371235,6,1036,2,36000,1.00579150579
370236,370242,371223,6,981,2,36000,1.00611620795
370281,370287,371249,6,962,2,36000,1.00623700624
370305,370311,371334,6,1023,2,36000,1.00586510264
370307,370317,371247,10,930,2,36000,1.01075268817
370357,370363,371410,6,1047,2,36000,1.00573065903
370358,370369,371519,11,1150,2,36000,1.00956521739
370377,370384,371503,7,1119,2,36000,1.00625558534
370379,370390,371224,11,834,2,36000,1.01318944844
370381,370395,371255,14,860,2,36000,1.01627906977
370382,370400,371459,18,1059,2,36000,1.01699716714
370411,370418,371643,7,1225,2,36000,1.00571428571
370430,370436,371520,6,1084,2,36000,1.00553505535
370456,370462,371355,6,893,2,36000,1.00671892497
370458,370468,371505,10,1037,2,36000,1.00964320154
370482,370487,371455,5,968,2,36000,1.00516528926
370499,370505,371693,6,1188,2,36000,1.00505050505
370517,370523,371662,6,1139,2,36000,1.00526777875
370576,370582,371562,6,980,2,36000,1.00612244898
370577,370588,371621,11,1033,2,36000,1.01064859632
370638,370645,371480,7,835,2,36000,1.00838323353
370640,370651,371817,11,1166,2,36000,1.00943396226
370641,370656,371707,15,1051,2,36000,1.01427212179
370661,370667,371626,6,959,2,36000,1.00625651721
370786,370792,371799,6,1007,2,36000,1.00595829196
370788,370798,371857,10,1059,2,36000,1.00944287063
370809,370815,371694,6,879,2,36000,1.00682593857
370867,370873,371871,6,998,2,36000,1.00601202405
370896,370903,371834,7,931,2,36000,1.00751879699
370914,370920,371906,6,986,2,36000,1.0060851927
370916,370926,371808,10,882,2,36000,1.01133786848
370935,370941,371865,6,924,2,36000,1.00649350649
370936,370947,371924,11,977,2,36000,1.01125895599
371041,371047,371961,6,914,2,36000,1.00656455142
371042,371053,372094,11,1041,2,36000,1.01056676273
371071,371077,371382,6,305,1,1800,1.01967213115
371135,371141,372243,6,1102,2,36000,1.0054446461
371151,371157,372210,6,1053,2,36000,1.0056980057
371225,371232,372236,7,1004,2,36000,1.00697211155
371227,371238,372208,11,970,2,36000,1.01134020619
371243,371249,372307,6,1058,2,36000,1.0056710775
371266,371272,372236,6,964,2,36000,1.00622406639
371267,371278,372373,11,1095,2,36000,1.0100456621
371269,371283,372376,14,1093,2,36000,1.01280878317
371323,371329,372303,6,974,2,36000,1.00616016427
371346,371352,372034,6,682,2,36000,1.00879765396
371362,371368,372336,6,968,2,36000,1.00619834711
371413,371419,372539,6,1120,2,36000,1.00535714286
371457,371464,372653,7,1189,2,36000,1.00588730025
371477,371483,372581,6,1098,2,36000,1.00546448087
371479,371489,372561,10,1072,2,36000,1.00932835821
371495,371502,372722,7,1220,2,36000,1.00573770492
371515,371521,372513,6,992,2,36000,1.0060483871
371517,371527,372629,10,1102,2,36000,1.00907441016
371533,371540,372683,7,1143,2,36000,1.00612423447
371535,371546,372538,11,992,2,36000,1.01108870968
371565,371571,372686,6,1115,2,36000,1.00538116592
371628,371634,372687,6,1053,2,36000,1.0056980057
371629,371640,372622,11,982,2,36000,1.01120162933
371646,371652,372524,6,872,2,36000,1.00688073394
371667,371672,372645,5,973,2,36000,1.00513874615
371706,371712,372726,6,1014,2,36000,1.00591715976
371708,371718,372742,10,1024,2,36000,1.009765625
371724,371730,372732,6,1002,2,36000,1.00598802395
371802,371808,372923,6,1115,2,36000,1.00538116592
371821,371827,372884,6,1057,2,36000,1.00567644276
371822,371833,372873,11,1040,2,36000,1.01057692308
371840,371846,372711,6,865,2,36000,1.00693641618
371857,371863,372860,6,997,2,36000,1.00601805416
371874,371881,372904,7,1023,2,36000,1.00684261975
371876,371887,372773,11,886,2,36000,1.01241534989
371908,371915,372968,7,1053,2,36000,1.00664767331
371933,371940,373120,7,1180,2,36000,1.00593220339
371963,371969,373033,6,1064,2,36000,1.00563909774
372039,372046,373040,7,994,2,36000,1.00704225352
372097,372103,373284,6,1181,2,36000,1.0050804403
372211,372218,373184,7,966,2,36000,1.00724637681
372213,372224,373128,11,904,2,36000,1.01216814159
372246,372252,373263,6,1011,2,36000,1.0059347181
372248,372258,373047,10,789,2,36000,1.01267427123
372249,372263,373531,14,1268,2,36000,1.01104100946
372310,372316,373373,6,1057,2,36000,1.00567644276
372312,372322,373509,10,1187,2,36000,1.00842459983
372338,372345,373343,7,998,2,36000,1.00701402806
372377,372383,373306,6,923,2,36000,1.00650054171
372379,372389,373446,10,1057,2,36000,1.00946073794
372515,372521,373850,6,1329,2,36000,1.00451467269
372532,372538,373634,6,1096,2,36000,1.00547445255
372549,372555,373472,6,917,2,36000,1.00654307525
372551,372561,373558,10,997,2,36000,1.01003009027
372568,372573,373504,5,931,2,36000,1.00537056928
372587,372592,373529,5,937,2,36000,1.0053361793
372627,372633,373876,6,1243,2,36000,1.00482703138
372643,372649,373632,6,983,2,36000,1.00610376399
372664,372671,373668,7,997,2,36000,1.00702106319
372666,372677,373632,11,955,2,36000,1.01151832461
372686,372692,373474,6,782,2,36000,1.00767263427
372688,372698,373698,10,1000,2,36000,1.01
372689,372703,373721,14,1018,2,36000,1.0137524558
372715,372721,373504,6,783,2,36000,1.00766283525
372743,372749,373464,6,715,2,36000,1.00839160839
372745,372755,373707,10,952,2,36000,1.01050420168
372746,372760,373750,14,990,2,36000,1.01414141414
372748,372766,373753,18,987,2,36000,1.01823708207
372790,372796,373807,6,1011,2,36000,1.0059347181
372862,372868,373996,6,1128,2,36000,1.00531914894
372890,372896,373833,6,937,2,36000,1.00640341515
372891,372902,373954,11,1052,2,36000,1.01045627376
372909,372915,374018,6,1103,2,36000,1.00543970988
372937,372943,374458,6,1515,2,36000,1.00396039604
372971,372978,374004,7,1026,2,36000,1.00682261209
373045,373051,374100,6,1049,2,36000,1.00571973308
373047,373057,374074,10,1017,2,36000,1.00983284169
373073,373079,374668,6,1589,2,36000,1.00377595972
373125,373131,374233,6,1102,2,36000,1.0054446461
373142,373148,374200,6,1052,2,36000,1.00570342205
373186,373192,374279,6,1087,2,36000,1.00551977921
373264,373270,374419,6,1149,2,36000,1.00522193211
373285,373291,374172,6,881,2,36000,1.00681044268
373315,373321,374189,6,868,2,36000,1.0069124424
373349,373355,374387,6,1032,2,36000,1.00581395349
373376,373382,374299,6,917,2,36000,1.00654307525
373449,373455,374572,6,1117,2,36000,1.00537153089
373469,373475,374471,6,996,2,36000,1.00602409639
373485,373491,374227,6,736,2,36000,1.00815217391
373487,373497,374386,10,889,2,36000,1.01124859393
373509,373515,374624,6,1109,2,36000,1.00541027953
373511,373521,374500,10,979,2,36000,1.0102145046
373513,373526,374657,13,1131,2,36000,1.01149425287
373533,373539,374580,6,1041,2,36000,1.00576368876
373535,373545,374594,10,1049,2,36000,1.00953288847
373559,373565,374581,6,1016,2,36000,1.00590551181
373635,373641,374590,6,949,2,36000,1.00632244468
373636,373647,374757,11,1110,2,36000,1.00990990991
373638,373652,374704,14,1052,2,36000,1.01330798479
373671,373678,374566,7,888,2,36000,1.00788288288
373711,373717,374879,6,1162,2,36000,1.00516351119
373713,373723,374833,10,1110,2,36000,1.00900900901
373741,373747,374894,6,1147,2,36000,1.00523103749
373769,373775,374763,6,988,2,36000,1.00607287449
373771,373781,374848,10,1067,2,36000,1.00937207123
373808,373814,374699,6,885,2,36000,1.00677966102
373844,373850,374854,6,1004,2,36000,1.00597609562
373861,373867,374941,6,1074,2,36000,1.00558659218
373879,373885,374879,6,994,2,36000,1.0060362173
373958,373964,375073,6,1109,2,36000,1.00541027953
373997,374003,374834,6,831,2,36000,1.00722021661
374014,374020,375144,6,1124,2,36000,1.00533807829
374032,374038,375009,6,971,2,36000,1.0061791967
374073,374079,375137,6,1058,2,36000,1.0056710775
374102,374108,374928,6,820,2,36000,1.00731707317
374178,374184,375213,6,1029,2,36000,1.00583090379
374195,374200,375218,5,1018,2,36000,1.00491159136
374211,374217,375167,6,950,2,36000,1.00631578947
374227,374233,375326,6,1093,2,36000,1.0054894785
374244,374250,375198,6,948,2,36000,1.00632911392
374284,374290,375217,6,927,2,36000,1.00647249191
374300,374306,375339,6,1033,2,36000,1.00580832527
374387,374393,375568,6,1175,2,36000,1.00510638298
374389,374399,375361,10,962,2,36000,1.0103950104
374423,374429,375587,6,1158,2,36000,1.00518134715
374462,374468,375444,6,976,2,36000,1.00614754098
374479,374485,375318,6,833,2,36000,1.00720288115
374501,374508,375494,7,986,2,36000,1.00709939148
374570,374576,375564,6,988,2,36000,1.00607287449
374588,374594,375584,6,990,2,36000,1.00606060606
374589,374600,375653,11,1053,2,36000,1.01044634378
374591,374605,375754,14,1149,2,36000,1.01218450827
374607,374614,375643,7,1029,2,36000,1.00680272109
374609,374620,375525,11,905,2,36000,1.01215469613
374625,374631,375469,6,838,2,36000,1.00715990453
374657,374664,375656,7,992,2,36000,1.00705645161
374675,374681,375636,6,955,2,36000,1.00628272251
374701,374707,375706,6,999,2,36000,1.00600600601
374718,374724,375770,6,1046,2,36000,1.00573613767
374761,374767,375781,6,1014,2,36000,1.00591715976
374778,374784,375820,6,1036,2,36000,1.00579150579
374836,374842,375865,6,1023,2,36000,1.00586510264
374838,374848,375909,10,1061,2,36000,1.00942507069
374855,374861,375851,6,990,2,36000,1.00606060606
374857,374867,375783,10,916,2,36000,1.01091703057
374880,374887,375933,7,1046,2,36000,1.00669216061
374882,374893,375632,11,739,2,36000,1.0148849797
374899,374905,375885,6,980,2,36000,1.00612244898
374932,374938,376076,6,1138,2,36000,1.00527240773
374949,374955,375931,6,976,2,36000,1.00614754098
375002,375008,375360,6,352,2,7200,1.01704545455
375013,375019,375877,6,858,2,36000,1.00699300699
375074,375080,376102,6,1022,2,36000,1.00587084149
375141,375146,376251,5,1105,2,36000,1.00452488688
375159,375165,376136,6,971,2,36000,1.0061791967
375179,375185,376182,6,997,2,36000,1.00601805416
375209,375215,376275,6,1060,2,36000,1.00566037736
375227,375233,376284,6,1051,2,36000,1.00570884872
375229,375239,376003,10,764,2,36000,1.01308900524
375230,375244,376230,14,986,2,36000,1.01419878296
375320,375326,376277,6,951,2,36000,1.00630914826
375338,375344,376316,6,972,2,36000,1.00617283951
375355,375362,376251,7,889,2,36000,1.00787401575
375374,375380,376448,6,1068,2,36000,1.00561797753
375447,375453,376391,6,938,2,36000,1.00639658849
375476,375482,376549,6,1067,2,36000,1.00562324274
375495,375501,376522,6,1021,2,36000,1.00587659158
375506,375512,377240,6,1728,2,14400,1.00347222222
375527,375533,376496,6,963,2,36000,1.0062305296
375567,375574,376617,7,1043,2,36000,1.0067114094
375586,375592,376571,6,979,2,36000,1.00612870276
375587,375598,376637,11,1039,2,36000,1.01058710298
375589,375603,376732,14,1129,2,36000,1.0124003543
375641,375647,376594,6,947,2,36000,1.00633579725
375643,375653,376690,10,1037,2,36000,1.00964320154
375663,375669,376403,6,734,2,36000,1.00817438692
375664,375675,376654,11,979,2,36000,1.01123595506
375666,375680,376711,14,1031,2,36000,1.01357904947
375709,375715,376631,6,916,2,36000,1.00655021834
375755,375761,376731,6,970,2,36000,1.00618556701
375763,375769,377445,6,1676,2,14400,1.00357995227
375772,375778,376818,6,1040,2,36000,1.00576923077
375790,375795,376761,5,966,2,36000,1.00517598344
375791,375801,376733,10,932,2,36000,1.01072961373
375823,375829,376792,6,963,2,36000,1.0062305296
375853,375859,376783,6,924,2,36000,1.00649350649
375873,375879,376879,6,1000,2,36000,1.006
375874,375885,375941,11,56,6,356400,1.19642857143
375890,375896,376895,6,999,2,36000,1.00600600601
375892,375902,376921,10,1019,2,36000,1.00981354269
375913,375919,377011,6,1092,2,36000,1.00549450549
375934,375940,377075,6,1135,2,36000,1.00528634361
375936,375946,376755,10,809,2,36000,1.01236093943
376007,376013,376961,6,948,2,36000,1.00632911392
376078,376084,377005,6,921,2,36000,1.00651465798
376106,376112,377029,6,917,2,36000,1.00654307525
376138,376144,377165,6,1021,2,36000,1.00587659158
376184,376191,377268,7,1077,2,36000,1.00649953575
376197,376204,378262,7,2058,2,14400,1.00340136054
376232,376238,377400,6,1162,2,36000,1.00516351119
376254,376260,377175,6,915,2,36000,1.00655737705
376255,376266,377279,11,1013,2,36000,1.01085883514
376277,376283,377202,6,919,2,36000,1.00652883569
376278,376289,377392,11,1103,2,36000,1.00997280145
376296,376302,377244,6,942,2,36000,1.00636942675
376319,376325,377394,6,1069,2,36000,1.00561272217
376395,376401,377512,6,1111,2,36000,1.00540054005
376413,376419,377347,6,928,2,36000,1.00646551724
376418,376425,378259,7,1834,2,14400,1.00381679389
376450,376456,377445,6,989,2,36000,1.00606673407
376500,376506,377221,6,715,2,36000,1.00839160839
376525,376531,377622,6,1091,2,36000,1.0054995417
376553,376559,377462,6,903,2,36000,1.00664451827
376573,376579,377584,6,1005,2,36000,1.00597014925
376598,376604,377515,6,911,2,36000,1.00658616905
376618,376625,377532,7,907,2,36000,1.00771775083
376637,376642,377530,5,888,2,36000,1.00563063063
376638,376648,377467,10,819,2,36000,1.01221001221
376656,376662,377537,6,875,2,36000,1.00685714286
376692,376699,377705,7,1006,2,36000,1.0069582505
376713,376719,377778,6,1059,2,36000,1.00566572238
376733,376739,377733,6,994,2,36000,1.0060362173
376735,376745,377609,10,864,2,36000,1.01157407407
376736,376751,378689,15,1938,2,36000,1.00773993808
376759,376765,377792,6,1027,2,36000,1.00584225901
376776,376782,377697,6,915,2,36000,1.00655737705
376794,376800,377629,6,829,2,36000,1.00723763571
376796,376806,377697,10,891,2,36000,1.01122334456
376819,376825,377550,6,725,2,36000,1.00827586207
376881,376888,377974,7,1086,2,36000,1.00644567219
376899,376905,377798,6,893,2,36000,1.00671892497
376923,376929,377831,6,902,2,36000,1.0066518847
376963,376969,378096,6,1127,2,36000,1.00532386868
377006,377012,378172,6,1160,2,36000,1.00517241379
377022,377029,378165,7,1136,2,36000,1.00616197183
377039,377045,377993,6,948,2,36000,1.00632911392
377077,377083,378093,6,1010,2,36000,1.00594059406
377167,377173,378127,6,954,2,36000,1.00628930818
377183,377190,378193,7,1003,2,36000,1.00697906281
377203,377209,378214,6,1005,2,36000,1.00597014925
377223,377229,378255,6,1026,2,36000,1.00584795322
377244,377250,377338,6,88,20,540000,1.06818181818
377247,377256,377995,9,739,2,36000,1.01217861976
377270,377276,378321,6,1045,2,36000,1.00574162679
377293,377299,381327,6,4028,2,36000,1.00148957299
377317,377323,378044,6,721,2,14400,1.00832177531
377507,377513,378356,6,843,2,14400,1.00711743772
377619,377625,464257,6,86632,4,432000,1.00006925847
377864,377871,378846,7,975,2,14400,1.00717948718
377928,377934,383027,6,5093,2,14400,1.00117808757
377951,377957,378062,6,105,6,356400,1.05714285714
378017,378024,379647,7,1623,2,36000,1.00431300062
378019,378030,379348,11,1318,2,36000,1.00834597876
378020,378035,379408,15,1373,2,36000,1.01092498179
378022,378040,379783,18,1743,2,36000,1.01032702238
378023,378046,380056,23,2010,2,36000,1.01144278607
378025,378057,379718,32,1661,2,36000,1.01926550271
378026,378062,379902,36,1840,2,36000,1.01956521739
378028,378067,379679,39,1612,2,36000,1.02419354839
378029,378052,378486,23,434,2,7200,1.05299539171
378029,378073,379678,44,1605,2,36000,1.02741433022
378031,378078,379855,47,1777,2,36000,1.02644907147
378032,378083,379631,51,1548,2,36000,1.03294573643
378034,378088,379887,54,1799,2,36000,1.03001667593
378035,378094,379682,59,1588,2,36000,1.03715365239
378037,378099,379783,62,1684,2,36000,1.03681710214
378039,378104,379866,65,1762,2,36000,1.03688989784
378040,378109,379140,69,1031,2,36000,1.06692531523
378042,378115,379448,73,1333,2,36000,1.05476369092
378043,378120,379521,77,1401,2,36000,1.05496074233
378045,378125,379768,80,1643,2,36000,1.04869141814
378046,378130,379364,84,1234,2,36000,1.0680713128
378048,378148,379867,100,1719,2,36000,1.0581733566
378049,378153,379770,104,1617,2,36000,1.06431663575
378051,378159,379683,108,1524,2,36000,1.07086614173
378052,378164,379814,112,1650,2,36000,1.06787878788
378054,378169,379877,115,1708,2,36000,1.06733021077
378055,378174,379779,119,1605,2,36000,1.07414330218
378057,378180,379632,123,1452,2,36000,1.0847107438
378058,378185,379869,127,1684,2,36000,1.07541567696
378060,378190,379899,130,1709,2,36000,1.07606787595
378061,378195,380046,134,1851,2,36000,1.07239330092
378063,378200,379952,137,1752,2,36000,1.07819634703
378064,378206,379548,142,1342,2,36000,1.10581222057
378066,378211,379749,145,1538,2,36000,1.09427828349
378067,378216,379200,149,984,2,36000,1.15142276423
378069,378221,379462,152,1241,2,36000,1.12248186946
378070,378227,379912,157,1685,2,36000,1.09317507418
378072,378233,380069,161,1836,2,36000,1.08769063181
378073,378238,379922,165,1684,2,36000,1.09798099762
378075,378243,379906,168,1663,2,36000,1.10102224895
378076,378248,379978,172,1730,2,36000,1.09942196532
378095,378141,378545,46,404,2,7200,1.11386138614
378181,378254,465738,73,87484,6,356400,1.0008344383
378261,378266,386672,5,8406,2,43200,1.00059481323
378399,378405,466601,6,88196,20,540000,1.0000680303
378849,378855,400964,6,22109,2,57600,1.00027138269
379140,379146,380613,6,1467,2,36000,1.00408997955
379200,379206,380965,6,1759,2,36000,1.00341102899
379348,379354,381208,6,1854,2,36000,1.00323624595
379366,379372,380670,6,1298,2,36000,1.00462249615
379408,379414,381341,6,1927,2,36000,1.00311364816
379450,379456,380612,6,1156,2,36000,1.00519031142
379465,379471,381038,6,1567,2,36000,1.00382897256
379522,379528,381353,6,1825,2,36000,1.00328767123
379549,379555,381356,6,1801,2,36000,1.00333148251
379577,379583,379586,6,3,2,600,1.0
379633,379639,381453,6,1814,2,36000,1.0033076075
379635,379645,381363,10,1718,2,36000,1.00582072177
379650,379656,381415,6,1759,2,36000,1.00341102899
379677,379683,381536,6,1853,2,36000,1.00323799244
379678,379689,381137,11,1448,2,36000,1.00759668508
379693,379699,381481,6,1782,2,36000,1.00336700337
379695,379705,381381,10,1676,2,36000,1.00596658711
379719,379726,381304,7,1578,2,36000,1.00443599493
379750,379756,381331,6,1575,2,36000,1.00380952381
379768,379774,380827,6,1053,2,36000,1.0056980057
379769,379780,381308,11,1528,2,36000,1.00719895288
379785,379790,381589,5,1799,2,36000,1.00277932185
379786,379796,381587,10,1791,2,36000,1.00558347292
379788,379801,381575,13,1774,2,36000,1.00732807215
379806,379812,496053,6,116241,8,360000,1.0000516169
379815,379821,381507,6,1686,2,36000,1.00355871886
379857,379863,381721,6,1858,2,36000,1.00322927879
379864,379870,381705,6,1835,16,356400,1.00326975477
379872,379878,381946,6,2068,2,36000,1.00290135397
379874,379884,381500,10,1616,2,36000,1.00618811881
379875,379889,381471,14,1582,2,36000,1.00884955752
379892,379898,381551,6,1653,2,36000,1.00362976407
379893,379904,381833,11,1929,2,36000,1.0057024365
379909,379915,381923,6,2008,2,36000,1.00298804781
379910,379921,381566,11,1645,2,36000,1.00668693009
379912,379926,381683,14,1757,2,36000,1.00796812749
379927,379933,381177,6,1244,2,36000,1.00482315113
379929,379939,381711,10,1772,2,36000,1.00564334086
379953,379959,381778,6,1819,2,36000,1.00329851567
379980,379986,381074,6,1088,2,36000,1.00551470588
380046,380052,381625,6,1573,2,36000,1.00381436745
380061,380067,381779,6,1712,2,36000,1.0035046729
380076,380082,381916,6,1834,2,36000,1.00327153762
380612,380618,382519,6,1901,2,36000,1.00315623356
380625,381565,381641,940,76,60,300,13.3684210526
380627,380633,382396,6,1763,2,36000,1.00340328985
380670,380676,382366,6,1690,2,36000,1.00355029586
380827,380833,382621,6,1788,2,36000,1.0033557047
380966,380972,382807,6,1835,2,36000,1.00326975477
381038,381044,382780,6,1736,2,36000,1.0034562212
381074,381081,383025,7,1944,2,36000,1.00360082305
381138,381144,382942,6,1798,2,36000,1.00333704116
381178,381184,382272,6,1088,2,36000,1.00551470588
381183,381600,381607,417,7,4,36000,42.4
381208,381214,382746,6,1532,2,36000,1.00391644909
381307,381313,382799,6,1486,2,36000,1.00403768506
381309,381319,382980,10,1661,2,36000,1.0060204696
381333,381340,382386,7,1046,2,36000,1.00669216061
381348,381354,383011,6,1657,2,36000,1.00362100181
381363,381370,383105,7,1735,2,36000,1.00403458213
381365,381376,383196,11,1820,2,36000,1.00604395604
381366,381381,383604,15,2223,2,36000,1.00674763833
381382,381388,383221,6,1833,2,36000,1.00327332242
381415,381422,383200,7,1778,2,36000,1.00393700787
381455,381461,383248,6,1787,2,36000,1.00335758254
381463,381580,400483,117,18903,1,72000,1.00618949373
381473,381479,383206,6,1727,2,36000,1.00347423277
381488,381494,383282,6,1788,2,36000,1.0033557047
381502,381509,383173,7,1664,2,36000,1.00420673077
381517,381523,383297,6,1774,2,36000,1.00338218715
381538,381544,383256,6,1712,2,36000,1.0035046729
381553,381559,383085,6,1526,2,36000,1.00393184797
381568,381574,383534,6,1960,2,36000,1.00306122449
381583,381589,383445,6,1856,2,36000,1.00323275862
381598,381606,383303,8,1697,2,36000,1.00471420153
381599,381611,383339,12,1728,2,36000,1.00694444444
381627,381633,382770,6,1137,2,36000,1.00527704485
381685,381691,383520,6,1829,2,36000,1.00328048114
381712,381718,383439,6,1721,2,36000,1.00348634515
381727,381733,383487,6,1754,2,36000,1.00342075257
381780,381786,383542,6,1756,2,36000,1.00341685649
381782,381792,383611,10,1819,2,36000,1.00549752611
381833,381839,382781,6,942,2,36000,1.00636942675
381876,381882,383622,6,1740,2,36000,1.00344827586
381877,381888,383930,11,2042,2,36000,1.00538687561
381879,381893,383663,14,1770,2,36000,1.00790960452
381880,381898,383759,18,1861,2,36000,1.00967221924
381882,381904,383626,22,1722,2,36000,1.01277584204
381883,381910,383956,27,2046,2,36000,1.01319648094
381885,381915,383622,30,1707,2,36000,1.01757469244
381886,381920,383712,34,1792,2,36000,1.01897321429
381888,381926,382871,38,945,2,36000,1.04021164021
381889,381931,383680,42,1749,2,36000,1.02401372213
381891,381936,383744,45,1808,2,36000,1.02488938053
381892,381941,383350,49,1409,2,36000,1.03477643719
381894,381946,383853,52,1907,2,36000,1.02726796015
381895,381952,383885,57,1933,2,36000,1.02948784273
381897,381957,383767,60,1810,2,36000,1.03314917127
381898,381962,383853,64,1891,2,36000,1.03384452671
381900,381967,383753,67,1786,2,36000,1.03751399776
381901,381973,383182,72,1209,2,36000,1.05955334988
381903,381978,383089,75,1111,2,36000,1.06750675068
381904,381983,383841,79,1858,2,36000,1.04251883746
381906,382000,383760,94,1760,2,36000,1.05340909091
381907,382005,383683,98,1678,2,36000,1.05840286055
381909,382011,383938,102,1927,2,36000,1.05293201868
381910,382016,383895,106,1879,2,36000,1.05641298563
381912,382021,383665,109,1644,2,36000,1.06630170316
381913,382026,383920,113,1894,2,36000,1.05966209081
381915,382031,383709,116,1678,2,36000,1.06912991657
381916,382037,383120,121,1083,2,36000,1.11172668513
381918,382042,383356,124,1314,2,36000,1.09436834094
381919,382047,383884,128,1837,2,36000,1.06967882417
381921,382052,383819,131,1767,2,36000,1.07413695529
381922,382057,383849,135,1792,2,36000,1.07533482143
381924,382063,383792,139,1729,2,36000,1.08039329092
381925,382068,383369,143,1301,2,36000,1.10991544965
381927,382073,383786,146,1713,2,36000,1.08523058961
381928,382078,383798,150,1720,2,36000,1.08720930233
381930,382083,384065,153,1982,2,36000,1.07719475277
381931,382089,383882,158,1793,2,36000,1.08812046849
381933,382094,383837,161,1743,2,36000,1.09236947791
381934,382099,383833,165,1734,2,36000,1.09515570934
381936,382104,383679,168,1575,2,36000,1.10666666667
381937,382109,383981,172,1872,2,36000,1.09188034188
381939,382115,384000,176,1885,2,36000,1.09336870027
381940,382120,383932,180,1812,2,36000,1.09933774834
381942,382125,383773,183,1648,2,36000,1.11104368932
381944,382130,383756,186,1626,2,36000,1.11439114391
381945,382135,383782,190,1647,2,36000,1.1153612629
381947,382142,384080,195,1938,2,36000,1.10061919505
381948,382147,383915,199,1768,2,36000,1.11255656109
381950,382152,384206,202,2054,2,36000,1.09834469328
381963,381990,382007,27,17,1,600,2.58823529412
381965,381995,382012,30,17,1,600,2.76470588235
381965,382158,384014,193,1856,2,36000,1.10398706897
381967,382163,383866,196,1703,2,36000,1.11509101585
381968,382168,383739,200,1571,2,36000,1.12730744749
382074,383893,384842,1819,949,64,54000,2.9167544784
382075,382531,396656,456,14125,2,64800,1.03228318584
382114,382175,382211,61,36,2,600,2.69444444444
382272,382284,384118,12,1834,2,36000,1.00654307525
382366,382378,383931,12,1553,2,36000,1.00772698004
382387,382397,383495,10,1098,2,36000,1.00910746812
382402,382409,384207,7,1798,2,36000,1.00389321468
382522,382633,384476,111,1843,2,36000,1.06022788931
382602,382609,382625,7,16,1,600,1.4375
382622,382757,384743,135,1986,2,36000,1.06797583082
382747,382792,384147,45,1355,2,36000,1.0332103321
382771,382810,384604,39,1794,2,36000,1.02173913043
382786,382818,384367,32,1549,2,36000,1.02065848935
382788,382955,384757,167,1802,2,36000,1.09267480577
382803,382991,384775,188,1784,2,36000,1.10538116592
382818,383023,384211,205,1188,2,36000,1.17255892256
382873,383037,385003,164,1966,2,36000,1.08341810783
382882,383132,393409,250,10277,2,50400,1.02432616522
382942,383098,384562,156,1464,2,36000,1.10655737705
382982,383117,384860,135,1743,2,36000,1.07745266781
383012,383184,384969,172,1785,2,36000,1.09635854342
383030,383208,384958,178,1750,2,36000,1.10171428571
383080,383086,383455,6,369,2,7200,1.0162601626
383088,383215,385251,127,2036,2,36000,1.06237721022
383103,383223,385067,120,1844,2,36000,1.06507592191
383118,383232,385027,114,1795,2,36000,1.0635097493
383132,383260,385196,128,1936,2,36000,1.06611570248
383175,383268,384942,93,1674,2,36000,1.05555555556
383191,383293,385125,102,1832,2,36000,1.0556768559
383206,383309,385089,103,1780,2,36000,1.05786516854
383208,383316,385189,108,1873,2,36000,1.05766150561
383209,383351,385323,142,1972,2,36000,1.07200811359
383224,383367,385687,143,2320,2,36000,1.06163793103
383248,383380,385356,132,1976,2,36000,1.06680161943
383263,383506,385223,243,1717,2,36000,1.1415259173
383270,383276,383321,6,45,2,600,1.13333333333
383282,383546,384579,264,1033,2,36000,1.25556631171
383298,383617,385357,319,1740,2,36000,1.18333333333
383314,383690,385377,376,1687,2,36000,1.22288085359
383341,383750,385490,409,1740,2,36000,1.23505747126
383346,383949,428982,603,45033,10,57600,1.01339018053
383357,383767,385536,410,1769,2,36000,1.23176936122
383359,383784,385723,425,1939,2,36000,1.21918514698
383374,383794,385489,420,1695,2,36000,1.24778761062
383442,383801,385655,359,1854,2,36000,1.19363538296
383457,383808,385656,351,1848,2,36000,1.18993506494
383471,383721,383728,250,7,4,36000,25.7
383485,383491,383526,6,35,2,600,1.17142857143
383487,383815,385297,328,1482,2,36000,1.22132253711
383502,383830,385688,328,1858,2,36000,1.17653390743
383520,383844,385503,324,1659,2,36000,1.19529837251
383535,383851,385675,316,1824,2,36000,1.17324561404
383550,383926,385654,376,1728,2,36000,1.21759259259
383560,383566,391541,6,7975,2,14400,1.0007523511
383604,383942,385689,338,1747,2,36000,1.19347452776
383619,383954,385864,335,1910,2,36000,1.17539267016
383625,383739,384987,114,1248,2,36000,1.09134615385
383635,383992,385752,357,1760,2,36000,1.20284090909
383636,384011,385607,375,1596,2,36000,1.23496240602
383638,384091,385663,453,1572,2,36000,1.28816793893
383662,384129,385866,467,1737,2,36000,1.26885434657
383678,384158,385582,480,1424,2,36000,1.33707865169
383679,384217,385984,538,1767,2,36000,1.30447085456
383681,384224,386020,543,1796,2,36000,1.30233853007
383691,383697,383711,6,14,1,600,1.42857142857
383696,384229,386195,533,1966,2,36000,1.27110885046
383711,384378,386187,667,1809,2,36000,1.36871199558
383726,384487,386271,761,1784,2,36000,1.42656950673
383741,384573,386305,832,1732,2,36000,1.48036951501
383757,384591,386570,834,1979,2,36000,1.4214249621
383759,384615,386493,856,1878,2,36000,1.45580404686
383760,384755,386771,995,2016,2,36000,1.4935515873
383762,384769,386552,1007,1783,2,36000,1.56477846326
383778,384786,386583,1008,1797,2,36000,1.56093489149
383779,384863,386662,1084,1799,2,36000,1.6025569761
383781,384869,386543,1088,1674,2,36000,1.64994026284
383796,384874,386322,1078,1448,2,36000,1.74447513812
383798,384879,386734,1081,1855,2,36000,1.58274932615
383800,384884,386569,1084,1685,2,36000,1.64332344214
383815,384889,386650,1074,1761,2,36000,1.60988074957
383830,384895,386039,1065,1144,2,36000,1.93094405594
383846,384900,386727,1054,1827,2,36000,1.57690202518
383847,384905,385985,1058,1080,2,36000,1.97962962963
383849,384910,385933,1061,1023,2,36000,2.03714565005
383865,384915,386085,1050,1170,2,36000,1.89743589744
383867,384921,386764,1054,1843,2,36000,1.57189365165
383868,384926,386868,1058,1942,2,36000,1.54479917611
383870,384931,386683,1061,1752,2,36000,1.60559360731
383887,384936,386657,1049,1721,2,36000,1.6095293434
383888,384941,386724,1053,1783,2,36000,1.59057767807
383890,384947,386783,1057,1836,2,36000,1.575708061
383904,383910,383944,6,34,2,600,1.17647058824
383905,384952,386190,1047,1238,2,36000,1.84571890145
383920,384957,387060,1037,2103,2,36000,1.49310508797
383922,384962,386812,1040,1850,2,36000,1.56216216216
383937,384968,386736,1031,1768,2,36000,1.58314479638
383939,384973,386642,1034,1669,2,36000,1.61953265428
383941,384978,386255,1037,1277,2,36000,1.81205951449
383942,384983,386779,1041,1796,2,36000,1.57962138085
383949,384853,431316,904,46463,10,57600,1.01945634161
383957,384988,387287,1031,2299,2,36000,1.44845585037
383979,384995,386864,1016,1869,2,36000,1.54360620653
384000,385001,386792,1001,1791,2,36000,1.55890563931
384016,385006,386922,990,1916,2,36000,1.51670146138
384067,385011,386810,944,1799,2,36000,1.52473596442
384082,385018,386784,936,1766,2,36000,1.53001132503
384120,385023,386799,903,1776,2,36000,1.50844594595
384147,385029,386898,882,1869,2,36000,1.47191011236
384206,385039,386785,833,1746,2,36000,1.47709049255
384222,385079,387091,857,2012,2,36000,1.425944334
384223,385100,386659,877,1559,2,36000,1.5625400898
384238,384858,442504,620,57646,10,57600,1.01075529959
384343,384349,384984,6,635,2,600,1.0094488189
384369,385136,387137,767,2001,2,36000,1.38330834583
384475,385200,386886,725,1686,2,36000,1.4300118624
384560,385207,387041,647,1834,2,36000,1.35278080698
384578,385234,386927,656,1693,2,36000,1.38747784997
384605,385262,387201,657,1939,2,36000,1.33883445075
384741,385314,387200,573,1886,2,36000,1.30381760339
384760,385334,387127,574,1793,2,36000,1.32013385388
384775,385367,387209,592,1842,2,36000,1.3213897937
384864,385374,387205,510,1831,2,36000,1.27853631895
384944,385388,387245,444,1857,2,36000,1.23909531502
384959,385500,386942,541,1442,2,36000,1.37517337032
384974,385506,387393,532,1887,2,36000,1.28192898781
385004,385515,387453,511,1938,2,36000,1.26367389061
385029,385547,387142,518,1595,2,36000,1.32476489028
385069,385593,387423,524,1830,2,36000,1.28633879781
385090,385618,387475,528,1857,2,36000,1.28432956381
385127,385665,387607,538,1942,2,36000,1.27703398558
385188,385672,387446,484,1774,2,36000,1.27282976325
385203,385677,387532,474,1855,2,36000,1.25552560647
385225,385684,387548,459,1864,2,36000,1.24624463519
385252,385690,387559,438,1869,2,36000,1.23434991974
385298,385698,386742,400,1044,2,36000,1.38314176245
385326,385705,387570,379,1865,2,36000,1.20321715818
385357,385710,387116,353,1406,2,36000,1.25106685633
385358,385735,387404,377,1669,2,36000,1.22588376273
385380,385763,387741,383,1978,2,36000,1.19362992922
385490,385875,387709,385,1834,2,36000,1.20992366412
385492,385881,387762,389,1881,2,36000,1.20680489102
385507,385944,387594,437,1650,2,36000,1.26484848485
385537,385995,387732,458,1737,2,36000,1.26367299942
385583,386002,387734,419,1732,2,36000,1.24191685912
385608,386031,387717,423,1686,2,36000,1.25088967972
385654,386050,387805,396,1755,2,36000,1.22564102564
385656,386096,387345,440,1249,2,36000,1.35228182546
385675,386199,387977,524,1778,2,36000,1.29471316085
385676,386206,387858,530,1652,2,36000,1.32082324455
385678,386212,388112,534,1900,2,36000,1.28105263158
385697,386266,387734,569,1468,2,36000,1.38760217984
385699,386282,388198,583,1916,2,36000,1.30427974948
385700,386316,387964,616,1648,2,36000,1.37378640777
385725,386333,388005,608,1672,2,36000,1.36363636364
385749,386504,388279,755,1775,2,36000,1.42535211268
385867,386563,388376,696,1813,2,36000,1.38389409818
385868,386587,388497,719,1910,2,36000,1.37643979058
385936,386594,388406,658,1812,2,36000,1.36313465784
385985,386653,388281,668,1628,2,36000,1.41031941032
385986,386661,388556,675,1895,2,36000,1.3562005277
386023,386669,388748,646,2079,2,36000,1.31072631073
386041,386675,387989,634,1314,2,36000,1.48249619482
386087,386694,388573,607,1879,2,36000,1.32304417243
386187,386735,388433,548,1698,2,36000,1.32273262662
386203,386742,388558,539,1816,2,36000,1.2968061674
386205,386749,388680,544,1931,2,36000,1.28171931642
386257,386755,388874,498,2119,2,36000,1.23501651723
386273,386761,388557,488,1796,2,36000,1.27171492205
386307,386776,388491,469,1715,2,36000,1.27346938776
386322,386783,388660,461,1877,2,36000,1.24560468833
386338,386580,393623,242,7043,4,10800,1.0343603578
386377,386684,396713,307,10029,4,14400,1.03061122744
386496,386790,388724,294,1934,2,36000,1.15201654602
386545,386797,388746,252,1949,2,36000,1.12929707542
386560,386803,388785,243,1982,2,36000,1.12260343088
386575,386808,388574,233,1766,2,36000,1.13193657984
386577,386814,388547,237,1733,2,36000,1.13675706867
386592,386819,388515,227,1696,2,36000,1.13384433962
386644,386826,388477,182,1651,2,36000,1.11023622047
386663,386831,388740,168,1909,2,36000,1.08800419068
386664,386875,388311,211,1436,2,36000,1.14693593315
386666,386882,388623,216,1741,2,36000,1.12406662837
386668,386897,388685,229,1788,2,36000,1.12807606264
386683,386910,388652,227,1742,2,36000,1.13030998852
386725,386933,388722,208,1789,2,36000,1.11626607043
386742,386940,388905,198,1965,2,36000,1.10076335878
386744,386954,388847,210,1893,2,36000,1.11093502377
386745,387053,388924,308,1871,2,36000,1.16461785142
386747,387103,388931,356,1828,2,36000,1.19474835886
386758,397301,440535,10543,43234,2,43200,1.24385899986
386766,387127,388876,361,1749,2,36000,1.20640365923
386784,387138,389129,354,1991,2,36000,1.17780010045
386786,387148,388933,362,1785,2,36000,1.20280112045
386787,387155,388336,368,1181,2,36000,1.3116003387
386789,387212,388818,423,1606,2,36000,1.26338729763
386806,387218,388710,412,1492,2,36000,1.27613941019
386807,387224,388998,417,1774,2,36000,1.23506200676
386809,387229,388466,420,1237,2,36000,1.33953112369
386824,387256,389121,432,1865,2,36000,1.23163538874
386826,387299,388793,473,1494,2,36000,1.31659973226
386865,387356,389136,491,1780,2,36000,1.27584269663
386881,387405,388676,524,1271,2,36000,1.41227380016
386896,387415,389080,519,1665,2,36000,1.31171171171
386911,387435,389137,524,1702,2,36000,1.30787309048
386927,387464,389503,537,2039,2,36000,1.26336439431
386928,387486,389185,558,1699,2,36000,1.32842848735
386945,387559,389542,614,1983,2,36000,1.3096318709
386956,387071,392097,115,5026,2,21600,1.0228810187
386990,387750,434523,760,46773,10,57600,1.01624869048
387044,387571,389269,527,1698,2,36000,1.31036513545
387063,387618,389444,555,1826,2,36000,1.30394304491
387093,387721,389707,628,1986,2,36000,1.31621349446
387117,387729,389510,612,1781,2,36000,1.34362717574
387133,387743,389563,610,1820,2,36000,1.33516483516
387144,397399,419571,10255,22172,2,43200,1.46252029587
387148,387756,389469,608,1713,2,36000,1.35493286632
387150,387762,389648,612,1886,2,36000,1.32449628844
387201,387773,389483,572,1710,2,36000,1.33450292398
387203,387816,389543,613,1727,2,36000,1.3549507817
387218,387975,389719,757,1744,2,36000,1.43405963303
387220,387988,389718,768,1730,2,36000,1.44393063584
387247,388000,389772,753,1772,2,36000,1.42494356659
387290,388123,389735,833,1612,2,36000,1.51674937965
387347,388209,389500,862,1291,2,36000,1.66769945778
387393,388291,390287,898,1996,2,36000,1.4498997996
387408,388322,390119,914,1797,2,36000,1.50862548692
387424,388347,390334,923,1987,2,36000,1.46451937594
387426,388568,439753,1142,51185,10,57600,1.02231122399
387447,388387,390118,940,1731,2,36000,1.54303870595
387463,388417,390170,954,1753,2,36000,1.54420992584
387478,388477,390160,999,1683,2,36000,1.5935828877
387533,388488,390171,955,1683,2,36000,1.56743909685
387548,388503,390336,955,1833,2,36000,1.52100381888
387563,388510,390261,947,1751,2,36000,1.54083380925
387580,388526,390237,946,1711,2,36000,1.552893045
387599,388558,390167,959,1609,2,36000,1.59602237415
387615,388575,389600,960,1025,2,36000,1.93658536585
387709,388584,389833,875,1249,2,36000,1.70056044836
387724,388591,390617,867,2026,2,36000,1.42793682132
387740,388634,389670,894,1036,2,36000,1.86293436293
387741,388664,390335,923,1671,2,36000,1.55236385398
387743,388671,390231,928,1560,2,36000,1.59487179487
387758,388687,390498,929,1811,2,36000,1.51297625621
387773,388694,390694,921,2000,2,36000,1.4605
387807,388701,390484,894,1783,2,36000,1.50140213124
387831,387869,392099,38,4230,2,14400,1.00898345154
387858,388722,390533,864,1811,2,36000,1.47708448371
387965,388733,390637,768,1904,2,36000,1.40336134454
387982,388740,390413,758,1673,2,36000,1.45307830245
387997,388751,390028,754,1277,2,36000,1.59044635865
388013,388758,390483,745,1725,2,36000,1.43188405797
388113,388765,390580,652,1815,2,36000,1.35922865014
388198,388796,390600,598,1804,2,36000,1.33148558758
388280,388805,390457,525,1652,2,36000,1.31779661017
388295,388830,390590,535,1760,2,36000,1.30397727273
388311,388859,390591,548,1732,2,36000,1.31639722864
388338,388886,390785,548,1899,2,36000,1.28857293312
388378,388892,390712,514,1820,2,36000,1.28241758242
388409,388916,390611,507,1695,2,36000,1.29911504425
388433,388935,390480,502,1545,2,36000,1.32491909385
388467,388943,390737,476,1794,2,36000,1.26532887402
388482,388950,390700,468,1750,2,36000,1.26742857143
388500,389009,391133,509,2124,2,36000,1.23964218456
388501,389092,391020,591,1928,2,36000,1.30653526971
388517,389132,391018,615,1886,2,36000,1.32608695652
388554,389140,390956,586,1816,2,36000,1.32268722467
388571,389148,390977,577,1829,2,36000,1.31547293603
388573,389153,390872,580,1719,2,36000,1.3374054683
388574,389196,390864,622,1668,2,36000,1.37290167866
388590,389280,391141,690,1861,2,36000,1.37076840408
388592,389455,391256,863,1801,2,36000,1.47917823431
388626,389495,391286,869,1791,2,36000,1.48520379676
388654,389511,390616,857,1105,2,36000,1.77556561086
388669,389518,390959,849,1441,2,36000,1.58917418459
388685,389524,390770,839,1246,2,36000,1.67335473515
388687,389559,391422,872,1863,2,36000,1.46806226516
388688,389575,391447,887,1872,2,36000,1.47382478632
388713,389611,391528,898,1917,2,36000,1.46844027126
388730,389659,391634,929,1975,2,36000,1.47037974684
388732,389681,391552,949,1871,2,36000,1.50721539284
388747,389718,391619,971,1901,2,36000,1.510783798
388749,389729,391428,980,1699,2,36000,1.57680988817
388765,389736,391532,971,1796,2,36000,1.54064587973
388787,389746,391535,959,1789,2,36000,1.53605366126
388802,389783,391581,981,1798,2,36000,1.54560622914
388820,390039,391982,1219,1943,2,36000,1.62738033968
388849,390129,391933,1280,1804,2,36000,1.70953436807
388876,390136,392065,1260,1929,2,36000,1.6531881804
388877,390172,391925,1295,1753,2,36000,1.73873359954
388910,390185,391854,1275,1669,2,36000,1.7639304973
388925,390190,392078,1265,1888,2,36000,1.67002118644
388941,390242,392218,1301,1976,2,36000,1.65840080972
388943,390249,391438,1306,1189,2,36000,2.0984020185
389000,390272,392064,1272,1792,2,36000,1.70982142857
389082,390298,391855,1216,1557,2,36000,1.78098908157
389122,390305,391970,1183,1665,2,36000,1.71051051051
389138,390345,392305,1207,1960,2,36000,1.61581632653
389139,390352,391661,1213,1309,2,36000,1.92666157372
389141,390357,391493,1216,1136,2,36000,2.07042253521
389186,390424,392188,1238,1764,2,36000,1.70181405896
389271,390468,392439,1197,1971,2,36000,1.60730593607
389274,389480,397639,206,8159,2,21600,1.02524819218
389444,390491,392536,1047,2045,2,36000,1.5119804401
389469,390504,392352,1035,1848,2,36000,1.56006493506
389485,390510,392306,1025,1796,2,36000,1.57071269488
389501,390545,392285,1044,1740,2,36000,1.6
389516,390591,392375,1075,1784,2,36000,1.60257847534
389518,390601,392178,1083,1577,2,36000,1.68674698795
389543,390608,392295,1065,1687,2,36000,1.63129816242
389545,390614,393026,1069,2412,2,36000,1.44320066335
389547,389554,396684,7,7130,2,21600,1.00098176718
389564,390622,392503,1058,1881,2,36000,1.56246677299
389601,390628,392343,1027,1715,2,36000,1.59883381924
389649,390633,392683,984,2050,2,36000,1.48
389671,390649,392506,978,1857,2,36000,1.52665589661
389708,390705,392757,997,2052,2,36000,1.48586744639
389723,390712,392465,989,1753,2,36000,1.5641756988
389725,390723,392511,998,1788,2,36000,1.5581655481
389740,390748,392561,1008,1813,2,36000,1.55598455598
389775,390782,392616,1007,1834,2,36000,1.54907306434
389782,389844,393395,62,3551,2,21600,1.01745987046
389836,390796,392721,960,1925,2,36000,1.4987012987
390030,390875,392622,845,1747,2,36000,1.4836863194
390118,390884,392558,766,1674,2,36000,1.45758661888
390134,390967,392803,833,1836,2,36000,1.4537037037
390161,390973,392795,812,1822,2,36000,1.44566410538
390166,390178,397114,12,6936,2,21600,1.00173010381
390178,390988,392894,810,1906,2,36000,1.42497376705
390179,391029,392227,850,1198,2,36000,1.70951585977
390181,391036,392512,855,1476,2,36000,1.57926829268
390232,391144,392945,912,1801,2,36000,1.50638534148
390247,391152,392927,905,1775,2,36000,1.50985915493
390262,391267,392937,1005,1670,2,36000,1.60179640719
390287,391297,393131,1010,1834,2,36000,1.55070883315
390337,391433,393251,1096,1818,2,36000,1.60286028603
390338,391440,393166,1102,1726,2,36000,1.63847045191
390340,391449,393292,1109,1843,2,36000,1.60173629951
390416,391458,393122,1042,1664,2,36000,1.62620192308
390458,391504,393547,1046,2043,2,36000,1.51199216838
390479,390498,397775,19,7277,2,21600,1.00261096606
390481,391540,393503,1059,1963,2,36000,1.53948038716
390496,391547,393516,1051,1969,2,36000,1.53377348908
390498,391552,393329,1054,1777,2,36000,1.59313449634
390513,391559,393437,1046,1878,2,36000,1.55697550586
390534,391566,393360,1032,1794,2,36000,1.57525083612
390582,391592,393461,1010,1869,2,36000,1.54039593365
390598,391631,393456,1033,1825,2,36000,1.56602739726
390600,391646,393470,1046,1824,2,36000,1.57346491228
390619,391673,393514,1054,1841,2,36000,1.57251493753
390621,391866,393424,1245,1558,2,36000,1.79910141207
390622,391871,393737,1249,1866,2,36000,1.66934619507
390624,391937,393841,1313,1904,2,36000,1.68960084034
390640,391944,393594,1304,1650,2,36000,1.7903030303
390695,391981,393199,1286,1218,2,36000,2.05582922824
390710,391994,393657,1284,1663,2,36000,1.77209861696
390725,392075,393829,1350,1754,2,36000,1.76966932725
390741,392082,393729,1341,1647,2,36000,1.81420765027
390772,392089,393718,1317,1629,2,36000,1.80847145488
390786,392190,393960,1404,1770,2,36000,1.79322033898
390865,392199,394061,1334,1862,2,36000,1.716433942
390881,392229,394022,1348,1793,2,36000,1.75181260457
390956,392239,393874,1283,1635,2,36000,1.78470948012
390971,392297,393992,1326,1695,2,36000,1.78230088496
390987,392306,394149,1319,1843,2,36000,1.71568095496
391020,392316,393933,1296,1617,2,36000,1.80148423006
391022,392322,394053,1300,1731,2,36000,1.75101097631
391134,392354,394099,1220,1745,2,36000,1.69914040115
391148,392363,394067,1215,1704,2,36000,1.71302816901
391258,392386,394163,1128,1777,2,36000,1.63477771525
391286,392451,394738,1165,2287,2,36000,1.50940096196
391423,392477,393913,1054,1436,2,36000,1.73398328691
391440,392515,394081,1075,1566,2,36000,1.68646232439
391442,392522,394158,1080,1636,2,36000,1.66014669927
391457,392527,394410,1070,1883,2,36000,1.56824216676
391493,392534,394261,1041,1727,2,36000,1.60277938622
391530,392547,394302,1017,1755,2,36000,1.57948717949
391546,392569,393715,1023,1146,2,36000,1.89267015707
391549,392576,394493,1027,1917,2,36000,1.53573291601
391564,392628,394209,1064,1581,2,36000,1.67299177736
391584,392635,394373,1051,1738,2,36000,1.60471806674
391622,392694,394611,1072,1917,2,36000,1.55920709442
391638,392732,394598,1094,1866,2,36000,1.58628081458
391662,392769,394070,1107,1301,2,36000,1.85088393543
391856,392806,394522,950,1716,2,36000,1.55361305361
391858,392814,394543,956,1729,2,36000,1.55292076345
391928,392905,394550,977,1645,2,36000,1.59392097264
391943,392938,394733,995,1795,2,36000,1.55431754875
391970,392949,394802,979,1853,2,36000,1.52833243389
391985,392956,394940,971,1984,2,36000,1.48941532258
392064,393009,394762,945,1753,2,36000,1.53907586994
392065,393016,394933,951,1917,2,36000,1.49608763693
392081,393038,394838,957,1800,2,36000,1.53166666667
392181,393133,394841,952,1708,2,36000,1.55737704918
392196,393142,394867,946,1725,2,36000,1.5484057971
392217,393178,394963,961,1785,2,36000,1.53837535014
392233,393210,395109,977,1899,2,36000,1.51448130595
392289,393262,395366,973,2104,2,36000,1.46245247148
392305,393303,394812,998,1509,2,36000,1.66136514248
392307,393341,395087,1034,1746,2,36000,1.59221076747
392308,393372,395020,1064,1648,2,36000,1.64563106796
392345,393406,394623,1061,1217,2,36000,1.87181594084
392361,393420,395173,1059,1753,2,36000,1.60410724472
392376,393435,395144,1059,1709,2,36000,1.61966062025
392439,393448,394815,1009,1367,2,36000,1.73811265545
392467,393467,394972,1000,1505,2,36000,1.66445182724
392511,393474,395326,963,1852,2,36000,1.51997840173
392513,393481,395370,968,1889,2,36000,1.51244044468
392514,393514,395320,1000,1806,2,36000,1.55370985604
392516,393525,395323,1009,1798,2,36000,1.56117908788
392534,393532,395360,998,1828,2,36000,1.54595185996
392561,393558,394480,997,922,2,36000,2.08134490239
392562,393606,394670,1044,1064,2,36000,1.98120300752
392620,393634,395455,1014,1821,2,36000,1.5568369028
392635,393639,395609,1004,1970,2,36000,1.50964467005
392683,393668,395365,985,1697,2,36000,1.58043606364
392723,393726,395028,1003,1302,2,36000,1.77035330261
392760,393732,395449,972,1717,2,36000,1.56610366919
392796,393740,395597,944,1857,2,36000,1.50834679591
392813,393748,395473,935,1725,2,36000,1.54202898551
392894,393841,395728,947,1887,2,36000,1.50185479597
392928,393852,395701,924,1849,2,36000,1.49972958356
392943,393886,395516,943,1630,2,36000,1.57852760736
392958,393924,395559,966,1635,2,36000,1.59082568807
393030,393945,395027,915,1082,2,36000,1.84565619224
393125,393971,395659,846,1688,2,36000,1.50118483412
393140,394003,395802,863,1799,2,36000,1.47971095053
393167,394033,395915,866,1882,2,36000,1.4601487779
393205,394064,395812,859,1748,2,36000,1.4914187643
393254,394072,395849,818,1777,2,36000,1.4603263928
393295,394079,395890,784,1811,2,36000,1.43290999448
393332,394086,396161,754,2075,2,36000,1.36337349398
393359,394093,395906,734,1813,2,36000,1.40485383343
393426,394111,395885,685,1774,2,36000,1.38613303269
393441,394161,395903,720,1742,2,36000,1.41331802526
393456,394169,395873,713,1704,2,36000,1.41842723005
393471,394176,395736,705,1560,2,36000,1.45192307692
393473,394221,396196,748,1975,2,36000,1.37873417722
393503,394273,395884,770,1611,2,36000,1.47796399752
393519,394313,396168,794,1855,2,36000,1.42803234501
393520,394384,396202,864,1818,2,36000,1.47524752475
393550,394421,396181,871,1760,2,36000,1.49488636364
393595,394491,396164,896,1673,2,36000,1.53556485356
393660,394504,396284,844,1780,2,36000,1.47415730337
393718,394534,396393,816,1859,2,36000,1.43894566971
393719,394554,395706,835,1152,2,36000,1.72482638889
393734,394561,396339,827,1778,2,36000,1.46512935883
393756,394609,396531,853,1922,2,36000,1.44380853278
393831,394622,396444,791,1822,2,36000,1.43413830955
393846,394634,396385,788,1751,2,36000,1.45002855511
393875,394685,396542,810,1857,2,36000,1.43618739903
393914,394744,396528,830,1784,2,36000,1.46524663677
393935,394757,396636,822,1879,2,36000,1.43746673763
393960,394773,396788,813,2015,2,36000,1.40347394541
393994,394814,396627,820,1813,2,36000,1.45228902372
394024,394823,396437,799,1614,2,36000,1.49504337051
394054,394830,396737,776,1907,2,36000,1.40692186681
394072,394849,396574,777,1725,2,36000,1.45043478261
394073,394856,396428,783,1572,2,36000,1.49809160305
394075,394878,396680,803,1802,2,36000,1.44561598224
394090,394944,396559,854,1615,2,36000,1.52879256966
394105,394952,396715,847,1763,2,36000,1.48043108338
394151,394974,396681,823,1707,2,36000,1.48213239602
394166,394983,396832,817,1849,2,36000,1.44186046512
394168,395032,396487,864,1455,2,36000,1.59381443299
394210,395038,396718,828,1680,2,36000,1.49285714286
394264,395045,396732,781,1687,2,36000,1.46295198577
394303,395098,396906,795,1808,2,36000,1.43971238938
394375,395120,396826,745,1706,2,36000,1.4366940211
394412,395156,396775,744,1619,2,36000,1.45954292773
394482,395184,396673,702,1489,2,36000,1.47145735393
394498,395341,396927,843,1586,2,36000,1.5315258512
394524,395371,397092,847,1721,2,36000,1.49215572342
394545,395378,397378,833,2000,2,36000,1.4165
394560,395384,397203,824,1819,2,36000,1.45299615173
394601,395390,397180,789,1790,2,36000,1.44078212291
394616,395460,397132,844,1672,2,36000,1.504784689
394631,395485,397296,854,1811,2,36000,1.47156267256
394671,395527,397254,856,1727,2,36000,1.49565720903
394735,395570,396800,835,1230,2,36000,1.67886178862
394750,395608,397412,858,1804,2,36000,1.4756097561
394769,395713,397619,944,1906,2,36000,1.49527806925
394803,395719,397442,916,1723,2,36000,1.53163087638
394818,395739,397417,921,1678,2,36000,1.54886769964
394820,395747,397388,927,1641,2,36000,1.56489945155
394838,395814,397180,976,1366,2,36000,1.71449487555
394853,395822,397704,969,1882,2,36000,1.51487778959
394868,395860,397440,992,1580,2,36000,1.62784810127
394935,395884,397644,949,1760,2,36000,1.53920454545
394950,395895,397693,945,1798,2,36000,1.5255839822
394966,395901,397468,935,1567,2,36000,1.59668155712
394981,395906,397730,925,1824,2,36000,1.50712719298
395022,395914,397658,892,1744,2,36000,1.51146788991
395037,395921,397540,884,1619,2,36000,1.5460160593
395039,395928,397595,889,1667,2,36000,1.53329334133
395088,396172,397950,1084,1778,2,36000,1.60967379078
395110,396179,397874,1069,1695,2,36000,1.63067846608
395146,396184,397895,1038,1711,2,36000,1.60666277031
395174,396193,397847,1019,1654,2,36000,1.61608222491
395290,395671,398304,381,2633,4,7200,1.144701861
395290,395334,397665,44,2331,4,7200,1.01887601888
395291,396704,399022,1413,2318,4,7200,1.60957722174
395325,396207,398197,882,1990,2,36000,1.4432160804
395340,396214,397895,874,1681,2,36000,1.51992861392
395342,396296,398144,954,1848,2,36000,1.51623376623
395363,396350,398017,987,1667,2,36000,1.59208158368
395379,396396,397706,1017,1310,2,36000,1.77633587786
395381,396404,398123,1023,1719,2,36000,1.59511343805
395382,396439,398065,1057,1626,2,36000,1.65006150062
395452,396449,398064,997,1615,2,36000,1.6173374613
395467,396456,397958,989,1502,2,36000,1.65845539281
395481,396539,398261,1058,1722,2,36000,1.6144018583
395486,395504,395676,18,172,1,3600,1.10465116279
395486,395492,395673,6,181,1,3600,1.03314917127
395486,395499,395672,13,173,1,3600,1.07514450867
395518,396546,398226,1028,1680,2,36000,1.6119047619
395543,395685,403075,142,7390,2,43200,1.01921515562
395562,396554,398276,992,1722,2,36000,1.57607433217
395599,396570,398503,971,1933,2,36000,1.50232798758
395614,396585,398662,971,2077,2,36000,1.46750120366
395638,395692,398973,54,3281,1,28800,1.01645839683
395660,396638,398362,978,1724,2,36000,1.56728538283
395707,396647,398050,940,1403,2,36000,1.66999287242
395709,396692,398489,983,1797,2,36000,1.5470228158
395730,396698,398491,968,1793,2,36000,1.53987730061
395746,396724,398550,978,1826,2,36000,1.53559693319
395801,396729,398389,928,1660,2,36000,1.55903614458
395816,396736,398586,920,1850,2,36000,1.4972972973
395847,396741,398153,894,1412,2,36000,1.63314447592
395876,396748,398288,872,1540,2,36000,1.56623376623
395892,396753,398163,861,1410,2,36000,1.61063829787
395894,396786,398519,892,1733,2,36000,1.51471436815
395895,396800,398813,905,2013,2,36000,1.44957774466
395911,396811,398346,900,1535,2,36000,1.58631921824
395913,396837,398595,924,1758,2,36000,1.52559726962
395928,396844,398586,916,1742,2,36000,1.52583237658
396164,396917,398626,753,1709,2,36000,1.44060854301
396166,396938,398209,772,1271,2,36000,1.60739575138
396167,397104,398803,937,1699,2,36000,1.55150088287
396183,397125,399082,942,1957,2,36000,1.48134900358
396198,397143,398644,945,1501,2,36000,1.62958027981
396213,397191,398854,978,1663,2,36000,1.58809380637
396285,397196,398557,911,1361,2,36000,1.66936076414
396340,397214,399020,874,1806,2,36000,1.48394241417
396453,396498,401514,45,5016,2,43200,1.00897129187
396649,396667,397289,18,622,2,600,1.02893890675
397479,397651,407567,172,9916,2,64800,1.01734570391
397498,397504,399267,6,1763,2,36000,1.00340328985
397542,397548,399403,6,1855,2,36000,1.00323450135
397586,397676,431200,90,33524,2,57600,1.00268464384
397597,397603,399337,6,1734,2,36000,1.00346020761
397621,397627,399531,6,1904,2,36000,1.0031512605
397624,397681,440442,57,42761,2,57600,1.00133299034
397646,397657,399529,11,1872,2,36000,1.00587606838
397661,397668,399492,7,1824,2,36000,1.0038377193
397695,397701,399413,6,1712,2,36000,1.0035046729
397711,397717,399561,6,1844,2,36000,1.0032537961
397712,397723,399525,11,1802,2,36000,1.00610432852
397731,397737,399567,6,1830,2,36000,1.00327868852
397809,397815,398439,6,624,2,600,1.00961538462
397850,397856,399494,6,1638,2,36000,1.00366300366
397875,397881,399744,6,1863,2,36000,1.00322061192
397896,397902,399684,6,1782,2,36000,1.00336700337
397898,397908,399729,10,1821,2,36000,1.00549148819
397952,397958,399738,6,1780,2,36000,1.00337078652
397967,397973,399964,6,1991,2,36000,1.00301356102
398021,398027,399844,6,1817,2,36000,1.0033021464
398055,398062,399787,7,1725,2,36000,1.00405797101
398071,398077,399742,6,1665,2,36000,1.0036036036
398073,398083,399816,10,1733,2,36000,1.00577034045
398124,398130,399658,6,1528,2,36000,1.00392670157
398145,398151,399931,6,1780,2,36000,1.00337078652
398162,398168,399480,6,1312,2,36000,1.00457317073
398177,398183,399887,6,1704,2,36000,1.00352112676
398198,398204,399882,6,1678,2,36000,1.00357568534
398218,398224,399992,6,1768,2,36000,1.00339366516
398234,398240,400020,6,1780,2,36000,1.00337078652
398263,398269,399265,6,996,2,36000,1.00602409639
398278,398284,400080,6,1796,2,36000,1.00334075724
398293,398299,400102,6,1803,2,36000,1.00332778702
398349,398359,399748,10,1389,2,36000,1.00719942405
398365,398371,400063,6,1692,2,36000,1.00354609929
398390,398396,400284,6,1888,2,36000,1.0031779661
398491,398497,400150,6,1653,2,36000,1.00362976407
398492,398503,400258,11,1755,2,36000,1.00626780627
398508,398514,400240,6,1726,2,36000,1.00347624565
398524,398530,400284,6,1754,2,36000,1.00342075257
398551,398557,400324,6,1767,2,36000,1.00339558574
398567,398574,400434,7,1860,2,36000,1.00376344086
398579,398585,406794,6,8209,2,90000,1.0007309051
398589,398595,399758,6,1163,2,36000,1.00515907137
398590,398601,400302,11,1701,2,36000,1.00646678424
398606,398612,400483,6,1871,2,36000,1.00320684126
398628,398634,400367,6,1733,2,36000,1.00346220427
398643,398649,400440,6,1791,2,36000,1.00335008375
398664,398670,400420,6,1750,2,36000,1.00342857143
398810,398815,400521,5,1706,2,36000,1.00293083236
398826,398833,400636,7,1803,2,36000,1.00388241819
398854,398861,400592,7,1731,2,36000,1.00404390526
399001,399007,399345,6,338,1,300,1.01775147929
399020,399026,400704,6,1678,2,36000,1.00357568534
399044,399050,399647,6,597,1,28800,1.01005025126
399083,399089,400798,6,1709,2,36000,1.00351082504
399266,399272,401174,6,1902,2,36000,1.00315457413
399281,399287,400886,6,1599,2,36000,1.00375234522
399343,399350,401113,7,1763,2,36000,1.00397050482
399347,399356,399599,9,243,1,300,1.03703703704
399404,399410,401153,6,1743,2,36000,1.00344234079
399419,399425,401109,6,1684,2,36000,1.00356294537
399483,399489,401205,6,1716,2,36000,1.0034965035
399499,399506,401169,7,1663,2,36000,1.00420926037
399501,399512,401237,11,1725,2,36000,1.00637681159
399525,399534,401143,9,1609,2,36000,1.00559353636
399541,399547,401582,6,2035,2,36000,1.00294840295
399542,399553,401337,11,1784,2,36000,1.00616591928
399561,399567,401457,6,1890,2,36000,1.00317460317
399577,399583,401527,6,1944,2,36000,1.00308641975
399661,399667,401549,6,1882,2,36000,1.00318809777
399663,399673,400409,10,736,1,28800,1.01358695652
399686,399692,401287,6,1595,2,36000,1.00376175549
399732,399738,401807,6,2069,2,36000,1.00289995167
399747,399753,401536,6,1783,2,36000,1.00336511497
399749,399759,401342,10,1583,2,36000,1.00631711939
399751,399764,401234,13,1470,2,36000,1.00884353741
399752,399770,401338,18,1568,2,36000,1.01147959184
399767,399776,401554,9,1778,2,36000,1.00506186727
399789,399795,401476,6,1681,2,36000,1.00356930399
399816,399822,401500,6,1678,2,36000,1.00357568534
399844,399850,401542,6,1692,2,36000,1.00354609929
399885,399891,401679,6,1788,2,36000,1.0033557047
399900,399906,401799,6,1893,2,36000,1.00316957211
399933,399939,401874,6,1935,2,36000,1.00310077519
399964,399970,401737,6,1767,2,36000,1.00339558574
399994,400000,401821,6,1821,2,36000,1.00329489292
400022,400028,401952,6,1924,2,36000,1.00311850312
400065,400071,401722,6,1651,2,36000,1.00363416111
400080,400086,401766,6,1680,2,36000,1.00357142857
400105,400111,401448,6,1337,2,36000,1.00448765894
400151,400157,401485,6,1328,2,36000,1.00451807229
400173,400179,400210,6,31,2,600,1.1935483871
400242,400248,402035,6,1787,2,36000,1.00335758254
400260,400266,401952,6,1686,2,36000,1.00355871886
400285,400291,401993,6,1702,2,36000,1.00352526439
400286,400297,401867,11,1570,2,36000,1.00700636943
400302,400308,402108,6,1800,2,36000,1.00333333333
400326,400332,402074,6,1742,2,36000,1.00344431688
400360,400366,400399,6,33,2,600,1.18181818182
400366,400373,401984,7,1611,2,36000,1.00434512725
400421,400427,402200,6,1773,2,36000,1.00338409475
400437,400444,402168,7,1724,2,36000,1.00406032483
400439,400450,402412,11,1962,2,36000,1.00560652396
400486,400492,402149,6,1657,2,36000,1.00362100181
400488,400498,400921,10,423,2,600,1.02364066194
400494,400504,400901,10,397,2,600,1.02518891688
400498,400509,401560,11,1051,1,28800,1.01046622265
400524,400530,402342,6,1812,2,36000,1.00331125828
400591,400597,401962,6,1365,2,36000,1.0043956044
400638,400644,402466,6,1822,2,36000,1.00329308452
400707,400713,402589,6,1876,2,36000,1.00319829424
400799,400805,402530,6,1725,2,36000,1.00347826087
400821,400963,432944,142,31981,8,432000,1.00444013633
400844,401189,415435,345,14246,2,72000,1.02421732416
400868,400874,401514,6,640,4,600,1.009375
400889,400896,402570,7,1674,2,36000,1.00418160096
401119,401124,402772,5,1648,2,36000,1.00303398058
401120,401130,402998,10,1868,2,36000,1.00535331906
401143,401149,402948,6,1799,2,36000,1.00333518621
401160,401166,402966,6,1800,2,36000,1.00333333333
401177,401183,402386,6,1203,2,36000,1.00498753117
401179,401194,402793,15,1599,2,36000,1.00938086304
401206,401212,402899,6,1687,2,36000,1.00355660937
401237,401243,402278,6,1035,2,36000,1.00579710145
401238,401249,403173,11,1924,2,36000,1.00571725572
401288,401294,402998,6,1704,2,36000,1.00352112676
401336,401342,403007,6,1665,2,36000,1.0036036036
401338,401348,403250,10,1902,2,36000,1.00525762355
401353,401359,402551,6,1192,2,36000,1.00503355705
401450,401456,403252,6,1796,2,36000,1.00334075724
401465,401471,402996,6,1525,2,36000,1.00393442623
401480,401486,403089,6,1603,2,36000,1.00374298191
401495,401501,402485,6,984,2,36000,1.00609756098
401510,401516,403342,6,1826,2,36000,1.00328587076
401525,401532,402496,7,964,2,36000,1.00726141079
401540,401546,403076,6,1530,2,36000,1.00392156863
401556,401562,403366,6,1804,2,36000,1.00332594235
401558,401568,403178,10,1610,2,36000,1.00621118012
401559,401573,403328,14,1755,2,36000,1.00797720798
401583,401590,403333,7,1743,2,36000,1.00401606426
401607,401613,402457,6,844,1,28800,1.00710900474
401680,401687,403440,7,1753,2,36000,1.00399315459
401702,401735,404362,33,2627,4,3600,1.01256185763
401723,401729,403436,6,1707,2,36000,1.00351493849
401738,401744,403512,6,1768,2,36000,1.00339366516
401768,401775,403578,7,1803,2,36000,1.00388241819
401799,401805,403573,6,1768,2,36000,1.00339366516
401814,401821,403498,7,1677,2,36000,1.00417412045
401830,401836,403776,6,1940,2,36000,1.00309278351
401869,401875,403588,6,1713,2,36000,1.00350262697
401884,401890,403615,6,1725,2,36000,1.00347826087
401954,401960,403964,6,2004,2,36000,1.00299401198
401955,401966,403702,11,1736,2,36000,1.00633640553
401970,401976,403936,6,1960,2,36000,1.00306122449
401986,401992,403842,6,1850,2,36000,1.00324324324
402000,402007,403760,7,1753,2,36000,1.00399315459
402034,402040,403765,6,1725,2,36000,1.00347826087
402073,402079,403753,6,1674,2,36000,1.00358422939
402109,402116,403962,7,1846,2,36000,1.00379198267
402149,402155,403852,6,1697,2,36000,1.00353565115
402170,402176,403898,6,1722,2,36000,1.00348432056
402201,402207,403924,6,1717,2,36000,1.00349446709
402279,402286,404088,7,1802,2,36000,1.0038845727
402343,402349,403954,6,1605,2,36000,1.00373831776
402388,402394,404173,6,1779,2,36000,1.00337268128
402413,402419,404347,6,1928,2,36000,1.0031120332
402467,402473,404211,6,1738,2,36000,1.00345224396
402470,402479,402775,9,296,1,28800,1.03040540541
402485,402491,404185,6,1694,2,36000,1.00354191263
402500,402506,404489,6,1983,2,36000,1.00302571861
402530,402537,404351,7,1814,2,36000,1.00385887541
402552,402558,403605,6,1047,2,36000,1.00573065903
402570,402576,404422,6,1846,2,36000,1.00325027086
402592,402599,404382,7,1783,2,36000,1.00392596747
402744,403087,403759,343,672,4,1200,1.51041666667
402774,402781,404481,7,1700,2,36000,1.00411764706
402793,402799,404605,6,1806,2,36000,1.00332225914
402831,402838,405829,7,2991,1,28800,1.0023403544
402900,402907,404561,7,1654,2,36000,1.00423216445
402949,402955,404671,6,1716,2,36000,1.0034965035
402967,402973,404687,6,1714,2,36000,1.00350058343
402998,403004,404767,6,1763,2,36000,1.00340328985
403000,403010,404723,10,1713,2,36000,1.00583771162
403001,403016,404820,15,1804,2,36000,1.00831485588
403017,403023,404886,6,1863,2,36000,1.00322061192
403075,403081,404814,6,1733,2,36000,1.00346220427
403090,403097,405251,7,2154,2,36000,1.00324976787
403177,403183,404862,6,1679,2,36000,1.00357355569
403192,403198,404954,6,1756,2,36000,1.00341685649
403253,403259,405095,6,1836,2,36000,1.00326797386
403255,403265,405081,10,1816,2,36000,1.00550660793
403330,403336,405088,6,1752,2,36000,1.00342465753
403346,403352,404936,6,1584,2,36000,1.00378787879
403347,403358,405212,11,1854,2,36000,1.00593311758
403368,403374,404396,6,1022,2,36000,1.00587084149
403438,403444,405192,6,1748,2,36000,1.00343249428
403453,403459,405199,6,1740,2,36000,1.00344827586
403498,403504,405251,6,1747,2,36000,1.00343445907
403513,403519,405359,6,1840,2,36000,1.00326086957
403551,403586,408887,35,5301,2,72000,1.00660252782
403574,403580,405298,6,1718,2,36000,1.00349243306
403589,403595,405396,6,1801,2,36000,1.00333148251
403591,403601,405086,10,1485,2,36000,1.00673400673
403606,403612,405310,6,1698,2,36000,1.0035335689
403621,403627,405358,6,1731,2,36000,1.00346620451
403703,403709,405552,6,1843,2,36000,1.00325556158
403754,403760,405750,6,1990,2,36000,1.00301507538
403769,403775,405493,6,1718,2,36000,1.00349243306
403771,403781,405602,10,1821,2,36000,1.00549148819
403786,403792,405302,6,1510,2,36000,1.00397350993
403843,403849,405839,6,1990,2,36000,1.00301507538
403858,403865,405753,7,1888,2,36000,1.00370762712
403898,403904,404965,6,1061,2,36000,1.00565504241
403925,403931,405652,6,1721,2,36000,1.00348634515
403940,403946,405233,6,1287,2,36000,1.00466200466
403955,403961,405782,6,1821,2,36000,1.00329489292
403970,403976,405857,6,1881,2,36000,1.00318979266
403972,403982,405296,10,1314,2,36000,1.00761035008
403995,404223,404870,228,647,4,600,1.35239567233
404001,404375,404990,374,615,4,600,1.6081300813
404093,404099,405954,6,1855,2,36000,1.00323450135
404175,404181,406113,6,1932,2,36000,1.00310559006
404190,404196,405859,6,1663,2,36000,1.00360793746
404211,404217,406240,6,2023,2,36000,1.00296589224
404268,404363,404725,95,362,1,300,1.26243093923
404348,404354,406334,6,1980,2,36000,1.00303030303
404363,404369,406354,6,1985,2,36000,1.00302267003
404384,404390,406099,6,1709,2,36000,1.00351082504
404399,404405,406472,6,2067,2,36000,1.00290275762
404417,404424,405954,7,1530,2,36000,1.0045751634
404483,404489,406278,6,1789,2,36000,1.00335382895
404498,404504,406352,6,1848,2,36000,1.00324675325
404561,404568,406179,7,1611,2,36000,1.00434512725
404606,404613,406243,7,1630,2,36000,1.00429447853
404673,404679,406429,6,1750,2,36000,1.00342857143
404688,404694,406396,6,1702,2,36000,1.00352526439
404724,404730,406464,6,1734,2,36000,1.00346020761
404767,404773,406502,6,1729,2,36000,1.003470214
404816,404822,406766,6,1944,2,36000,1.00308641975
404831,404837,406587,6,1750,2,36000,1.00342857143
404864,404870,406596,6,1726,2,36000,1.00347624565
404872,404878,405185,6,307,1,300,1.01954397394
404888,404894,406829,6,1935,2,36000,1.00310077519
404937,404943,406312,6,1369,2,36000,1.00438276114
404958,404964,406708,6,1744,2,36000,1.00344036697
404973,404978,407050,5,2072,2,36000,1.00241312741
404973,405001,405665,28,664,4,3600,1.0421686747
405082,405088,407038,6,1950,2,36000,1.00307692308
405098,405104,406881,6,1777,2,36000,1.00337647721
405099,405110,406855,11,1745,2,36000,1.00630372493
405101,405115,407041,14,1926,2,36000,1.00726895119
405104,405207,405211,103,4,4,3600,10.7
405194,405201,406905,7,1704,2,36000,1.00410798122
405210,405216,407063,6,1847,2,36000,1.0032485111
405225,405231,406184,6,953,2,36000,1.00629590766
405240,405246,406933,6,1687,2,36000,1.00355660937
405255,405261,406906,6,1645,2,36000,1.00364741641
405257,405267,407224,10,1957,2,36000,1.00510986203
405280,405287,423833,7,18546,2,72000,1.00037743988
405297,405303,407113,6,1810,2,36000,1.00331491713
405312,405318,407004,6,1686,2,36000,1.00355871886
405314,405324,406945,10,1621,2,36000,1.00616903146
405315,405329,407533,14,2204,2,36000,1.00635208711
405325,405506,406740,181,1234,4,1200,1.14667747164
405332,405677,406898,345,1221,4,1200,1.28255528256
405351,405765,406432,414,667,4,3600,1.62068965517
405359,405366,407121,7,1755,2,36000,1.00398860399
405360,405372,406724,12,1352,2,36000,1.00887573964
405397,405403,407072,6,1669,2,36000,1.00359496705
405460,406752,428363,1292,21611,16,21600,1.05978436907
405494,405500,407175,6,1675,2,36000,1.00358208955
405554,405560,407291,6,1731,2,36000,1.00346620451
405602,405608,407443,6,1835,2,36000,1.00326975477
405654,405660,407379,6,1719,2,36000,1.0034904014
405753,405759,407371,6,1612,2,36000,1.00372208437
405754,405770,407420,16,1650,2,36000,1.0096969697
405787,405793,407300,6,1507,2,36000,1.00398142004
405839,405845,407572,6,1727,2,36000,1.00347423277
405857,405863,407191,6,1328,2,36000,1.00451807229
405872,405878,407744,6,1866,2,36000,1.00321543408
405954,405960,407624,6,1664,2,36000,1.00360576923
405955,405967,407633,12,1666,2,36000,1.00720288115
406098,406104,407916,6,1812,2,36000,1.00331125828
406113,406119,407735,6,1616,2,36000,1.00371287129
406179,406185,407246,6,1061,2,36000,1.00565504241
406194,406201,407931,7,1730,2,36000,1.00404624277
406240,406251,407983,11,1732,2,36000,1.00635103926
406255,406261,407951,6,1690,2,36000,1.00355029586
406279,406323,408116,44,1793,2,36000,1.0245398773
406312,406345,408178,33,1833,2,36000,1.01800327332
406336,406366,407866,30,1500,2,36000,1.02
406355,406408,408144,53,1736,2,36000,1.03052995392
406356,406440,407922,84,1482,2,36000,1.05668016194
406399,406447,408534,48,2087,2,36000,1.02299952084
406399,406909,548156,510,141247,2,172800,1.00361069616
406430,406475,408268,45,1793,2,36000,1.02509760178
406467,406483,408362,16,1879,2,36000,1.00851516764
406482,406513,407646,31,1133,2,36000,1.02736098853
406503,406598,408510,95,1912,2,36000,1.04968619247
406587,406607,408227,20,1620,2,36000,1.01234567901
406602,406719,408455,117,1736,2,36000,1.06739631336
406709,406735,408448,26,1713,2,36000,1.0151780502
406725,406778,408715,53,1937,2,36000,1.02736189985
406768,406805,408636,37,1831,2,36000,1.02020753687
406831,406840,408573,9,1733,2,36000,1.00519330641
406842,406914,549275,72,142361,2,172800,1.00050575649
406857,406867,408882,10,2015,2,36000,1.00496277916
406882,406893,408111,11,1218,2,36000,1.00903119869
406906,406920,408757,14,1837,2,36000,1.00762112139
406908,406925,408736,17,1811,2,36000,1.00938707896
406936,406945,407972,9,1027,2,36000,1.00876338851
406950,406956,408736,6,1780,2,36000,1.00337078652
407005,407015,409025,10,2010,2,36000,1.00497512438
407042,407052,408899,10,1847,2,36000,1.00541418517
407043,407057,408857,14,1800,2,36000,1.00777777778
407058,407064,408462,6,1398,2,36000,1.00429184549
407067,407202,407854,135,652,1,600,1.20705521472
407074,407080,408754,6,1674,2,36000,1.00358422939
407075,407086,408781,11,1695,2,36000,1.00648967552
407080,407579,410324,499,2745,4,3600,1.18178506375
407086,407755,410229,669,2474,4,3600,1.27041228779
407115,407125,408277,10,1152,2,36000,1.00868055556
407130,407136,408933,6,1797,2,36000,1.00333889816
407175,407187,408947,12,1760,2,36000,1.00681818182
407190,407235,408961,45,1726,2,36000,1.02607184241
407223,407257,409066,34,1809,2,36000,1.01879491432
407248,407302,409009,54,1707,2,36000,1.0316344464
407282,415535,561062,8253,145527,2,172800,1.05671112577
407294,407312,409182,18,1870,2,36000,1.00962566845
407309,407382,409113,73,1731,2,36000,1.04217215482
407373,407390,409248,17,1858,2,36000,1.00914962325
407388,407455,409358,67,1903,2,36000,1.035207567
407422,407545,409343,123,1798,2,36000,1.06840934372
407426,407983,416247,557,8264,2,50400,1.06740077444
407443,407585,409224,142,1639,2,36000,1.08663819402
407533,407635,409318,102,1683,2,36000,1.06060606061
407543,407864,408150,321,286,1,28800,2.12237762238
407573,407644,409243,71,1599,2,36000,1.04440275172
407624,407747,409541,123,1794,2,36000,1.06856187291
407640,407878,409067,238,1189,2,36000,1.20016820858
407655,407927,409894,272,1967,2,36000,1.13828164718
407737,407934,409712,197,1778,2,36000,1.11079865017
407752,407943,409427,191,1484,2,36000,1.12870619946
407867,407962,409622,95,1660,2,36000,1.05722891566
407919,407995,409806,76,1811,2,36000,1.04196576477
407934,408122,409704,188,1582,2,36000,1.1188369153
407936,408129,409834,193,1705,2,36000,1.11319648094
407951,408155,409143,204,988,2,36000,1.20647773279
407972,408162,409899,190,1737,2,36000,1.10938399539
407987,408189,409856,202,1667,2,36000,1.12117576485
408113,408239,409904,126,1665,2,36000,1.07567567568
408133,408279,410086,146,1807,2,36000,1.08079690094
408148,408288,409973,140,1685,2,36000,1.08308605341
408178,408374,410461,196,2087,2,36000,1.09391471011
408229,408459,410320,230,1861,2,36000,1.12358946803
408271,408466,410100,195,1634,2,36000,1.11933904529
408286,408474,409755,188,1281,2,36000,1.14676034348
408362,408522,410238,160,1716,2,36000,1.09324009324
408450,408545,410318,95,1773,2,36000,1.05358150028
408465,408584,410324,119,1740,2,36000,1.0683908046
408467,408647,410388,180,1741,2,36000,1.10338885698
408512,408726,410490,214,1764,2,36000,1.12131519274
408533,408747,410275,214,1528,2,36000,1.14005235602
408573,408752,410882,179,2130,2,36000,1.08403755869
408636,408766,410210,130,1444,2,36000,1.09002770083
408715,408773,410498,58,1725,2,36000,1.03362318841
408737,408792,410598,55,1806,2,36000,1.03045404208
408738,408868,410748,130,1880,2,36000,1.06914893617
408757,408894,410766,137,1872,2,36000,1.07318376068
408758,408910,410821,152,1911,2,36000,1.07953950811
408783,408944,410462,161,1518,2,36000,1.10606060606
408815,408901,419029,86,10128,2,50400,1.00849131122
408831,408972,423092,141,14120,1,28800,1.00998583569
408855,408958,410697,103,1739,2,36000,1.05922944221
408882,409020,410774,138,1754,2,36000,1.07867730901
408898,409036,410838,138,1802,2,36000,1.07658157603
408934,409078,411100,144,2022,2,36000,1.07121661721
408949,409083,410804,134,1721,2,36000,1.07786170831
408964,409124,410927,160,1803,2,36000,1.08874098724
409013,409154,410784,141,1630,2,36000,1.08650306748
409028,409193,411164,165,1971,2,36000,1.08371385084
409068,409236,410826,168,1590,2,36000,1.10566037736
409069,409254,410841,185,1587,2,36000,1.11657214871
409115,409261,411040,146,1779,2,36000,1.08206857785
409145,409329,411097,184,1768,2,36000,1.10407239819
409184,409354,411238,170,1884,2,36000,1.09023354565
409224,409369,411204,145,1835,2,36000,1.07901907357
409243,409438,410667,195,1229,2,36000,1.15866558177
409258,409552,410969,294,1417,2,36000,1.2074805928
409321,409633,411336,312,1703,2,36000,1.18320610687
409343,409716,411433,373,1717,2,36000,1.217239371
409358,409724,411524,366,1800,2,36000,1.20333333333
409427,409766,411583,339,1817,2,36000,1.18657127133
409469,409845,413904,376,4059,2,90000,1.09263365361
409544,409817,411532,273,1715,2,36000,1.15918367347
409623,409867,411387,244,1520,2,36000,1.16052631579
409705,409906,411579,201,1673,2,36000,1.12014345487
409720,409913,411935,193,2022,2,36000,1.09545004946
409756,409920,411753,164,1833,2,36000,1.08947081288
409808,409985,411637,177,1652,2,36000,1.10714285714
409835,410097,411801,262,1704,2,36000,1.15375586854
409856,410111,411940,255,1829,2,36000,1.13942044833
409895,410221,411883,326,1662,2,36000,1.19614921781
409905,419515,541548,9610,122033,2,172800,1.07874919079
409911,410241,411977,330,1736,2,36000,1.1900921659
409912,410246,411450,334,1204,2,36000,1.27740863787
409975,410253,411799,278,1546,2,36000,1.17981888745
410087,410286,412003,199,1717,2,36000,1.11589982528
410102,410329,412047,227,1718,2,36000,1.13213038417
410211,410336,412195,125,1859,2,36000,1.06724045186
410238,410341,412282,103,1941,2,36000,1.05306543019
410275,410347,412194,72,1847,2,36000,1.03898213319
410318,410352,411577,34,1225,2,36000,1.02775510204
410333,410399,412147,66,1748,2,36000,1.03775743707
410334,410472,412563,138,2091,2,36000,1.06599713056
410389,410478,412096,89,1618,2,36000,1.05500618047
410425,420947,520067,10522,99120,2,172800,1.10615415658
410462,410501,412442,39,1941,2,36000,1.0200927357
410463,410509,412279,46,1770,2,36000,1.02598870056
410490,410609,412382,119,1773,2,36000,1.0671178793
410506,410678,412381,172,1703,2,36000,1.1009982384
410600,410708,412578,108,1870,2,36000,1.0577540107
410669,410759,412604,90,1845,2,36000,1.0487804878
410697,410777,412554,80,1777,2,36000,1.04501969612
410748,410785,412602,37,1817,2,36000,1.0203632361
410766,410796,412480,30,1684,2,36000,1.01781472684
410781,410815,412426,34,1611,2,36000,1.02110490379
410796,410832,411978,36,1146,2,36000,1.03141361257
410812,410838,412501,26,1663,2,36000,1.01563439567
410827,410849,412770,22,1921,2,36000,1.01145236856
410828,410856,412742,28,1886,2,36000,1.01484623542
410844,410894,411870,50,976,2,36000,1.0512295082
410846,410938,412634,92,1696,2,36000,1.05424528302
410883,410980,412807,97,1827,2,36000,1.05309250137
410929,411051,413029,122,1978,2,36000,1.06167846309
410971,411108,412746,137,1638,2,36000,1.08363858364
411039,411114,413017,75,1903,2,36000,1.0394114556
411100,411175,412556,75,1381,2,36000,1.05430847212
411102,411215,413043,113,1828,2,36000,1.06181619256
411167,411249,412532,82,1283,2,36000,1.0639127046
411207,411347,412972,140,1625,2,36000,1.08615384615
411240,411398,413172,158,1774,2,36000,1.08906426156
411337,411444,413094,107,1650,2,36000,1.06484848485
411388,411461,413102,73,1641,2,36000,1.04448507008
411434,411535,413269,101,1734,2,36000,1.05824682814
411452,411543,413400,91,1857,2,36000,1.04900376952
411525,411588,413310,63,1722,2,36000,1.03658536585
411540,411595,413515,55,1920,2,36000,1.02864583333
411580,411600,413302,20,1702,2,36000,1.01175088132
411582,411648,413424,66,1776,2,36000,1.03716216216
411598,411765,413559,167,1794,2,36000,1.09308807135
411637,411810,413793,173,1983,2,36000,1.0872415532
411755,411817,413341,62,1524,2,36000,1.0406824147
411801,411881,413804,80,1923,2,36000,1.04160166407
411802,411893,413634,91,1741,2,36000,1.05226881103
411872,411946,413766,74,1820,2,36000,1.04065934066
411888,411952,413500,64,1548,2,36000,1.04134366925
411936,411989,413489,53,1500,2,36000,1.03533333333
411952,411994,413429,42,1435,2,36000,1.02926829268
411979,412014,413753,35,1739,2,36000,1.02012650949
411981,412058,413648,77,1590,2,36000,1.04842767296
412005,412107,413972,102,1865,2,36000,1.05469168901
412047,412158,414074,111,1916,2,36000,1.05793319415
412099,412206,414078,107,1872,2,36000,1.05715811966
412147,412211,413877,64,1666,2,36000,1.03841536615
412196,412290,414055,94,1765,2,36000,1.05325779037
412197,412296,414076,99,1780,2,36000,1.05561797753
412282,412392,414054,110,1662,2,36000,1.06618531889
412284,412399,413676,115,1277,2,36000,1.09005481597
412382,412438,414066,56,1628,2,36000,1.0343980344
412383,412453,414167,70,1714,2,36000,1.04084014002
412429,412491,414189,62,1698,2,36000,1.03651354535
412445,412512,414229,67,1717,2,36000,1.03902154921
412482,412543,414462,61,1919,2,36000,1.03178738927
412501,412566,414418,65,1852,2,36000,1.03509719222
412531,412573,414388,42,1815,2,36000,1.02314049587
412555,412579,414342,24,1763,2,36000,1.01361315939
412556,412589,413818,33,1229,2,36000,1.02685109845
412572,412613,413903,41,1290,2,36000,1.03178294574
412588,412619,414466,31,1847,2,36000,1.01678397401
412605,412645,414508,40,1863,2,36000,1.02147074611
412606,412753,414526,147,1773,2,36000,1.08291032149
412637,412760,414421,123,1661,2,36000,1.07405177604
412746,412781,414633,35,1852,2,36000,1.01889848812
412747,412818,414952,71,2134,2,36000,1.03327085286
412772,412983,414775,211,1792,2,36000,1.11774553571
412808,413028,414758,220,1730,2,36000,1.12716763006
412973,413041,414899,68,1858,2,36000,1.036598493
413019,413055,415039,36,1984,2,36000,1.01814516129
413034,413105,414755,71,1650,2,36000,1.04303030303
413050,413113,414877,63,1764,2,36000,1.03571428571
413096,413183,414998,87,1815,2,36000,1.0479338843
413112,413284,415050,172,1766,2,36000,1.09739524349
413174,413314,415150,140,1836,2,36000,1.07625272331
413271,414092,414188,821,96,4,60,9.55208333333
413271,413292,413293,21,1,1,60,2.2
413271,413278,413280,7,2,1,60,1.0
413272,413321,415075,49,1754,2,36000,1.02793614595
413303,413352,414428,49,1076,2,36000,1.04553903346
413318,413411,414973,93,1562,2,36000,1.0595390525
413342,413435,415255,93,1820,2,36000,1.0510989011
413402,413442,415307,40,1865,2,36000,1.02144772118
413424,413500,415266,76,1766,2,36000,1.04303510759
413439,413511,415114,72,1603,2,36000,1.04491578291
413492,413526,415225,34,1699,2,36000,1.02001177163
413507,413570,415276,63,1706,2,36000,1.03692848769
413522,413645,415342,123,1697,2,36000,1.07248084856
413559,413659,415387,100,1728,2,36000,1.05787037037
413613,413620,413671,7,51,1,60,1.13725490196
413635,413688,414894,53,1206,2,36000,1.04394693201
413650,413764,415518,114,1754,2,36000,1.06499429875
413678,413777,415580,99,1803,2,36000,1.05490848586
413756,413805,415044,49,1239,2,36000,1.0395480226
413771,413816,415758,45,1942,2,36000,1.02317198764
413795,413829,415236,34,1407,2,36000,1.02416488984
413810,413888,415217,78,1329,2,36000,1.05869074492
413827,413914,415572,87,1658,2,36000,1.05247285887
413879,413921,415522,42,1601,2,36000,1.026233604
413905,413984,415650,79,1666,2,36000,1.04741896759
413972,414065,415721,93,1656,2,36000,1.05615942029
414059,414071,415586,12,1515,2,36000,1.00792079208
414060,414077,415958,17,1881,2,36000,1.00903774588
414076,414085,415979,9,1894,2,36000,1.00475184794
414077,414178,416031,101,1853,2,36000,1.05450620615
414094,414199,415842,105,1643,2,36000,1.06390748631
414095,414205,415891,110,1686,2,36000,1.06524317912
414169,414210,415853,41,1643,2,36000,1.0249543518
414190,414240,416077,50,1837,2,36000,1.02721829069
414196,416716,416742,2520,26,1,60,97.9230769231
414230,414353,416219,123,1866,2,36000,1.06591639871
414343,414400,416059,57,1659,2,36000,1.03435804702
414391,414429,416352,38,1923,2,36000,1.01976079043
414420,414436,415795,16,1359,2,36000,1.01177336277
414435,414442,415973,7,1531,2,36000,1.00457217505
414436,414473,416219,37,1746,2,36000,1.02119129439
414464,414480,416304,16,1824,2,36000,1.00877192982
414479,414519,415947,40,1428,2,36000,1.02801120448
414510,414537,416352,27,1815,2,36000,1.01487603306
414530,414644,416501,114,1857,2,36000,1.06138933764
414634,414766,416451,132,1685,2,36000,1.07833827893
414759,414772,416571,13,1799,2,36000,1.0072262368
414760,414786,416602,26,1816,2,36000,1.01431718062
414775,414888,416699,113,1811,2,36000,1.06239646604
414878,414905,416491,27,1586,2,36000,1.01702395965
414896,414911,416754,15,1843,2,36000,1.00813890396
414911,414963,416993,52,2030,2,36000,1.02561576355
414953,414985,416629,32,1644,2,36000,1.01946472019
414975,415009,416710,34,1701,2,36000,1.01998824221
415000,415050,416053,50,1003,2,36000,1.04985044865
415039,415056,416967,17,1911,2,36000,1.00889586604
415054,415062,416858,8,1796,2,36000,1.00445434298
415056,415087,416242,31,1155,2,36000,1.02683982684
415077,415126,416443,49,1317,2,36000,1.03720577069
415112,415228,660058,116,244830,1,244800,1.00047379815
415116,415162,416789,46,1627,2,36000,1.0282728949
415153,415233,416348,80,1115,2,36000,1.07174887892
415216,415240,417042,24,1802,2,36000,1.01331853496
415231,415247,417131,16,1884,2,36000,1.008492569
415248,415266,416959,18,1693,2,36000,1.01063201418
415263,415277,417194,14,1917,2,36000,1.00730307773
415279,415287,416356,8,1069,2,36000,1.00748362956
415280,415318,417407,38,2089,2,36000,1.01819052178
415308,415353,417081,45,1728,2,36000,1.02604166667
415344,415398,416674,54,1276,2,36000,1.04231974922
415389,415446,417024,57,1578,2,36000,1.036121673
415520,415529,416846,9,1317,2,36000,1.00683371298
415535,415584,417339,49,1755,2,36000,1.02792022792
415575,415592,417739,17,2147,2,36000,1.00791802515
415590,415598,417340,8,1742,2,36000,1.0045924225
415592,415661,416747,69,1086,2,36000,1.0635359116
415650,415733,417446,83,1713,2,36000,1.04845300642
415723,415769,417704,46,1935,2,36000,1.02377260982
415759,415806,417435,47,1629,2,36000,1.02885205648
415795,415853,417738,58,1885,2,36000,1.03076923077
415844,415865,416957,21,1092,2,36000,1.01923076923
415859,415902,417734,43,1832,2,36000,1.02347161572
415892,415958,417837,66,1879,2,36000,1.03512506652
415950,415970,417647,20,1677,2,36000,1.01192605844
415965,415984,417989,19,2005,2,36000,1.00947630923
415980,415990,417821,10,1831,2,36000,1.00546149645
415981,416043,417717,62,1674,2,36000,1.03703703704
416033,416064,417914,31,1850,2,36000,1.01675675676
416054,416070,417926,16,1856,2,36000,1.00862068966
416069,416088,418387,19,2299,2,36000,1.00826446281
416084,416230,418056,146,1826,2,36000,1.07995618839
416217,416235,418138,18,1903,2,36000,1.00945874934
416233,416253,418076,20,1823,2,36000,1.01097092704
416248,416260,418079,12,1819,2,36000,1.00659703134
416305,416315,417603,10,1288,2,36000,1.00776397516
416348,416360,417781,12,1421,2,36000,1.00844475721
416364,416370,418375,6,2005,2,36000,1.0029925187
416365,416376,418176,11,1800,2,36000,1.00611111111
416367,416381,418064,14,1683,2,36000,1.00831847891
416443,416454,418298,11,1844,2,36000,1.00596529284
416458,416464,418310,6,1846,2,36000,1.00325027086
416491,416502,418221,11,1719,2,36000,1.00639906923
416507,416512,417715,5,1203,2,36000,1.00415627598
416571,416582,418495,11,1913,2,36000,1.00575013068
416601,416613,417947,12,1334,2,36000,1.00899550225
416628,416640,418447,12,1807,2,36000,1.00664084117
416674,416685,418415,11,1730,2,36000,1.0063583815
416685,416710,687094,25,270384,1,576000,1.00009246109
416701,416722,417939,21,1217,2,36000,1.01725554643
416716,416758,418521,42,1763,2,36000,1.02382302893
416746,416765,418419,19,1654,2,36000,1.01148730351
416761,416801,418507,40,1706,2,36000,1.02344665885
416790,417036,906909,246,489873,1,576000,1.00050217097
416792,416857,418525,65,1668,2,36000,1.03896882494
416846,416869,418564,23,1695,2,36000,1.01356932153
416861,416968,418650,107,1682,2,36000,1.06361474435
416959,416975,418215,16,1240,2,36000,1.01290322581
416960,416981,418968,21,1987,2,36000,1.01056869653
416975,417005,419261,30,2256,2,36000,1.01329787234
416995,417041,418199,46,1158,2,36000,1.03972366149
417026,417053,418871,27,1818,2,36000,1.01485148515
417044,417092,418937,48,1845,2,36000,1.02601626016
417081,417142,418963,61,1821,2,36000,1.03349807798
417132,417206,419140,74,1934,2,36000,1.03826266805
417196,417350,419360,154,2010,2,36000,1.07661691542
417332,417745,417795,413,50,1,60,9.26
417332,417727,417969,395,242,2,240,2.63223140496
417333,419790,419796,2457,6,2,480,246.3
417333,420230,420235,2897,5,1,240,290.2
417333,417792,418278,459,486,4,480,1.94444444444
417343,417357,419231,14,1874,2,36000,1.00747065101
417344,417418,418997,74,1579,2,36000,1.0468651045
417408,417447,419183,39,1736,2,36000,1.02246543779
417438,417457,419143,19,1686,2,36000,1.01126927639
417453,417614,418967,161,1353,2,36000,1.11899482631
417605,417658,419354,53,1696,2,36000,1.03125
417648,417715,419433,67,1718,2,36000,1.03899883586
417706,417733,419510,27,1777,2,36000,1.01519414744
417721,417751,419519,30,1768,2,36000,1.01696832579
417723,417806,419507,83,1701,2,36000,1.04879482657
417738,417832,419578,94,1746,2,36000,1.0538373425
417740,417848,419602,108,1754,2,36000,1.06157354618
417741,417926,419030,185,1104,2,36000,1.16757246377
417784,417937,419732,153,1795,2,36000,1.0852367688
417823,417950,419537,127,1587,2,36000,1.08002520479
417838,417958,419497,120,1539,2,36000,1.07797270955
417914,417980,419779,66,1799,2,36000,1.03668704836
417929,418000,419750,71,1750,2,36000,1.04057142857
417944,418067,419906,123,1839,2,36000,1.06688417618
417960,418075,419800,115,1725,2,36000,1.06666666667
417990,418087,419769,97,1682,2,36000,1.05766944114
418057,418094,419819,37,1725,2,36000,1.02144927536
418072,418149,420045,77,1896,2,36000,1.04061181435
418089,418187,419913,98,1726,2,36000,1.05677867903
418090,418211,419820,121,1609,2,36000,1.07520198881
418139,418226,419780,87,1554,2,36000,1.05598455598
418178,418232,419833,54,1601,2,36000,1.03372891943
418199,418289,419503,90,1214,2,36000,1.07413509061
418215,418294,419863,79,1569,2,36000,1.05035054175
418231,418310,419998,79,1688,2,36000,1.04680094787
418301,418321,420012,20,1691,2,36000,1.01182732111
418317,418386,420135,69,1749,2,36000,1.03945111492
418383,418398,420006,15,1608,2,36000,1.00932835821
418399,418426,420216,27,1790,2,36000,1.01508379888
418418,418432,420161,14,1729,2,36000,1.00809716599
418433,418459,420152,26,1693,2,36000,1.01535735381
418449,418506,420499,57,1993,2,36000,1.02860010035
418498,418518,419581,20,1063,2,36000,1.01881467545
418513,418532,420213,19,1681,2,36000,1.01130279595
418529,418538,420333,9,1795,2,36000,1.00501392758
418530,418575,420352,45,1777,2,36000,1.02532357907
418564,418662,420433,98,1771,2,36000,1.05533596838
418653,418882,420536,229,1654,2,36000,1.138452237
418879,418948,420127,69,1179,2,36000,1.05852417303
418938,418974,420877,36,1903,2,36000,1.01891749869
418963,418981,420868,18,1887,2,36000,1.00953895072
418979,418988,420744,9,1756,2,36000,1.00512528474
418981,419009,420857,28,1848,2,36000,1.01515151515
419000,419040,420892,40,1852,2,36000,1.02159827214
419031,419047,420881,16,1834,2,36000,1.00872410033
419142,419151,420935,9,1784,2,36000,1.00504484305
419157,419163,421080,6,1917,2,36000,1.00312989045
419188,419194,421125,6,1931,2,36000,1.00310719834
419235,419243,420284,8,1041,2,36000,1.00768491835
419262,419272,420486,10,1214,2,36000,1.00823723229
419356,419365,421197,9,1832,2,36000,1.00491266376
419371,419377,421159,6,1782,2,36000,1.00336700337
419434,419444,421394,10,1950,2,36000,1.00512820513
419498,419508,421472,10,1964,2,36000,1.00509164969
419513,419521,421220,8,1699,2,36000,1.00470865215
419515,419526,421445,11,1919,2,36000,1.00573215216
419516,419533,421366,17,1833,2,36000,1.00927441353
419531,419549,421376,18,1827,2,36000,1.00985221675
419546,419582,420796,36,1214,2,36000,1.02965403624
419580,419589,421389,9,1800,2,36000,1.005
419595,419601,421284,6,1683,2,36000,1.00356506239
419610,419616,421581,6,1965,2,36000,1.00305343511
419734,419744,421427,10,1683,2,36000,1.00594177065
419749,419761,421532,12,1771,2,36000,1.00677583286
419773,419781,421150,8,1369,2,36000,1.00584368152
419788,419796,421397,8,1601,2,36000,1.00499687695
419790,419807,421587,17,1780,2,36000,1.0095505618
419805,419814,421457,9,1643,2,36000,1.00547778454
419821,419830,421626,9,1796,2,36000,1.00501113586
419823,419837,421167,14,1330,2,36000,1.01052631579
419839,419844,421432,5,1588,2,36000,1.00314861461
419866,419875,421798,9,1923,2,36000,1.00468018721
419908,419917,421724,9,1807,2,36000,1.00498063088
419924,419930,421801,6,1871,2,36000,1.00320684126
419999,420009,421747,10,1738,2,36000,1.00575373993
420014,420020,421715,6,1695,2,36000,1.00353982301
420016,420026,421791,10,1765,2,36000,1.00566572238
420046,420056,421891,10,1835,2,36000,1.00544959128
420129,420138,421779,9,1641,2,36000,1.00548446069
420145,420151,421271,6,1120,2,36000,1.00535714286
420160,420166,422174,6,2008,2,36000,1.00298804781
420177,420183,421928,6,1745,2,36000,1.00343839542
420213,420224,421865,11,1641,2,36000,1.00670322974
420229,420246,422013,17,1767,2,36000,1.00962082626
420284,420295,422219,11,1924,2,36000,1.00571725572
420333,420344,421776,11,1432,2,36000,1.00768156425
420339,420903,421582,564,679,4,1200,1.83063328424
420354,420364,422273,10,1909,2,36000,1.00523834468
420434,420444,421634,10,1190,2,36000,1.00840336134
420488,420497,421558,9,1061,2,36000,1.00848256362
420503,420510,422191,7,1681,2,36000,1.00416418798
420537,420547,422374,10,1827,2,36000,1.00547345375
420743,420755,422648,12,1893,2,36000,1.00633914422
420795,420869,422585,74,1716,2,36000,1.04312354312
420859,420879,422822,20,1943,2,36000,1.01029336078
420874,420888,422633,14,1745,2,36000,1.00802292264
420890,420896,422548,6,1652,2,36000,1.00363196126
420892,421092,422907,200,1815,2,36000,1.11019283747
420907,421136,423105,229,1969,2,36000,1.11630269172
420939,421162,423071,223,1909,2,36000,1.11681508643
421082,421170,422432,88,1262,2,36000,1.06973058637
421125,421178,422868,53,1690,2,36000,1.03136094675
421152,421209,423078,57,1869,2,36000,1.0304975923
421168,421231,422684,63,1453,2,36000,1.04335856848
421169,421283,423273,114,1990,2,36000,1.05728643216
421199,421295,423158,96,1863,2,36000,1.05152979066
421221,421377,423300,156,1923,2,36000,1.08112324493
421269,421387,423192,118,1805,2,36000,1.06537396122
421285,421400,423412,115,2012,2,36000,1.05715705765
421367,421406,422644,39,1238,2,36000,1.03150242326
421382,421412,423349,30,1937,2,36000,1.01548786784
421397,421438,422865,41,1427,2,36000,1.02873160477
421398,421444,423050,46,1606,2,36000,1.02864259029
421400,421456,423102,56,1646,2,36000,1.0340218712
421427,421469,423123,42,1654,2,36000,1.0253929867
421443,421484,422655,41,1171,2,36000,1.03501280956
421458,421543,422770,85,1227,2,36000,1.06927465363
421460,421569,423249,109,1680,2,36000,1.06488095238
421475,421592,423578,117,1986,2,36000,1.05891238671
421532,421598,423290,66,1692,2,36000,1.0390070922
421559,421603,423306,44,1703,2,36000,1.02583675866
421580,421609,423378,29,1769,2,36000,1.01639344262
421596,421637,422775,41,1138,2,36000,1.03602811951
421626,421645,423440,19,1795,2,36000,1.01058495822
421641,421726,423498,85,1772,2,36000,1.04796839729
421718,421735,423662,17,1927,2,36000,1.00882200311
421733,421758,423799,25,2041,2,36000,1.0122488976
421748,421787,423470,39,1683,2,36000,1.02317290553
421779,421793,423221,14,1428,2,36000,1.00980392157
421794,421802,423508,8,1706,2,36000,1.00468933177
421796,421810,423573,14,1763,2,36000,1.00794100964
421811,421817,423516,6,1699,2,36000,1.00353148911
421813,421876,423641,63,1765,2,36000,1.03569405099
421868,421903,423923,35,2020,2,36000,1.01732673267
421893,421939,423756,46,1817,2,36000,1.0253164557
421930,422186,424104,256,1918,2,36000,1.13347236705
422015,422202,424065,187,1863,2,36000,1.10037573806
422015,425132,425787,3117,655,2,960,5.75877862595
422015,424142,425120,2127,978,4,960,3.17484662577
422016,425137,426124,3121,987,2,960,4.16210739615
422016,422026,422108,10,82,1,960,1.12195121951
422176,422230,424357,54,2127,2,36000,1.02538787024
422193,422285,424153,92,1868,2,36000,1.04925053533
422220,422385,424159,165,1774,2,36000,1.09301014656
422275,422444,424173,169,1729,2,36000,1.0977443609
422375,422560,424345,185,1785,2,36000,1.10364145658
422432,422596,424302,164,1706,2,36000,1.09613130129
422552,422644,423703,92,1059,2,36000,1.08687440982
422586,422656,424565,70,1909,2,36000,1.03666841278
422635,422663,423597,28,934,2,36000,1.02997858672
422651,422670,424514,19,1844,2,36000,1.01030368764
422653,422696,424706,43,2010,2,36000,1.02139303483
422669,422781,424891,112,2110,2,36000,1.05308056872
422686,422788,424424,102,1636,2,36000,1.06234718826
422771,422833,424633,62,1800,2,36000,1.03444444444
422789,422876,424727,87,1851,2,36000,1.04700162075
422823,422882,424784,59,1902,2,36000,1.03101997897
422866,422918,423990,52,1072,2,36000,1.04850746269
422881,423061,424802,180,1741,2,36000,1.10338885698
422908,423082,424867,174,1785,2,36000,1.0974789916
423050,423089,424932,39,1843,2,36000,1.0211611503
423071,423104,425025,33,1921,2,36000,1.01717855284
423087,423114,424898,27,1784,2,36000,1.01513452915
423102,423121,425248,19,2127,2,36000,1.00893276916
423117,423134,424574,17,1440,2,36000,1.01180555556
423132,423169,424559,37,1390,2,36000,1.02661870504
423160,423204,425029,44,1825,2,36000,1.02410958904
423193,423232,424303,39,1071,2,36000,1.03641456583
423223,423260,425049,37,1789,2,36000,1.02068194522
423251,423284,425091,33,1807,2,36000,1.01826231323
423275,423301,425158,26,1857,2,36000,1.01400107701
423290,423312,424388,22,1076,2,36000,1.02044609665
423305,423319,425158,14,1839,2,36000,1.00761283306
423307,423360,424977,53,1617,2,36000,1.03277674706
423350,423389,424539,39,1150,2,36000,1.03391304348
423380,423423,425152,43,1729,2,36000,1.02486986698
423414,423451,425208,37,1757,2,36000,1.02105862265
423441,423482,425215,41,1733,2,36000,1.02365839585
423471,423509,425228,38,1719,2,36000,1.02210587551
423496,423519,425128,23,1609,2,36000,1.01429459291
423511,423527,425275,16,1748,2,36000,1.00915331808
423526,423584,425514,58,1930,2,36000,1.03005181347
423576,423591,425339,15,1748,2,36000,1.0085812357
423592,423608,425510,16,1902,2,36000,1.00841219769
423607,423652,425411,45,1759,2,36000,1.02558271745
423643,423673,425385,30,1712,2,36000,1.01752336449
423664,423714,425564,50,1850,2,36000,1.02702702703
423704,423767,425494,63,1727,2,36000,1.03647944412
423759,423810,425531,51,1721,2,36000,1.02963393376
423801,423844,425696,43,1852,2,36000,1.02321814255
423926,423934,425729,8,1795,2,36000,1.00445682451
423992,424002,425258,10,1256,2,36000,1.00796178344
424068,424076,425270,8,1194,2,36000,1.0067001675
424105,424115,425946,10,1831,2,36000,1.00546149645
424154,424165,425947,11,1782,2,36000,1.00617283951
424169,424176,425909,7,1733,2,36000,1.00403923832
424185,424191,426003,6,1812,2,36000,1.00331125828
424304,424313,426136,9,1823,2,36000,1.00493691717
424306,424319,425991,13,1672,2,36000,1.00777511962
424347,424356,426359,9,2003,2,36000,1.00449326011
424362,424368,426226,6,1858,2,36000,1.00322927879
424392,424399,426266,7,1867,2,36000,1.00374933048
424425,424435,426142,10,1707,2,36000,1.00585823081
424518,424525,426230,7,1705,2,36000,1.00410557185
424540,424550,426361,10,1811,2,36000,1.00552181115
424562,424570,426413,8,1843,2,36000,1.00434074878
424579,424585,426534,6,1949,2,36000,1.0030785018
424581,424591,426382,10,1791,2,36000,1.00558347292
424633,424644,426417,11,1773,2,36000,1.00620417372
424706,424717,426465,11,1748,2,36000,1.00629290618
424728,424738,426639,10,1901,2,36000,1.00526038927
424787,424795,425806,8,1011,2,36000,1.00791295747
424805,424813,426531,8,1718,2,36000,1.00465657742
424871,424878,426540,7,1662,2,36000,1.00421179302
424894,424903,426669,9,1766,2,36000,1.00509626274
424909,424915,426673,6,1758,2,36000,1.00341296928
424934,424943,426645,9,1702,2,36000,1.00528789659
424979,424988,426626,9,1638,2,36000,1.00549450549
425026,425036,426836,10,1800,2,36000,1.00555555556
425041,425047,426714,6,1667,2,36000,1.00359928014
425055,425062,426800,7,1738,2,36000,1.00402761795
425092,425102,426651,10,1549,2,36000,1.00645577792
425130,425143,426685,13,1542,2,36000,1.0084306096
425154,425164,426993,10,1829,2,36000,1.00546746856
425170,425176,426850,6,1674,2,36000,1.00358422939
425171,425182,426622,11,1440,2,36000,1.00763888889
425210,425219,427052,9,1833,2,36000,1.00490998363
425225,425231,427044,6,1813,2,36000,1.00330943188
425240,425246,426874,6,1628,2,36000,1.00368550369
425257,425263,426597,6,1334,2,36000,1.00449775112
425272,425279,427184,7,1905,2,36000,1.00367454068
425274,425285,427104,11,1819,2,36000,1.00604727872
425289,425296,427042,7,1746,2,36000,1.0040091638
425341,425350,427068,9,1718,2,36000,1.00523864959
425387,425396,427123,9,1727,2,36000,1.00521134916
425411,425422,426652,11,1230,2,36000,1.00894308943
425499,425505,427221,6,1716,2,36000,1.0034965035
425514,425521,427185,7,1664,2,36000,1.00420673077
425516,425527,427348,11,1821,2,36000,1.00604063701
425534,425542,427243,8,1701,2,36000,1.00470311581
425564,425575,426726,11,1151,2,36000,1.00955690704
425698,425707,427548,9,1841,2,36000,1.00488864747
425730,425740,427595,10,1855,2,36000,1.00539083558
425806,425813,427552,7,1739,2,36000,1.0040253019
425910,425916,427657,6,1741,2,36000,1.00344629523
425941,425947,427725,6,1778,2,36000,1.00337457818
425956,425962,427459,6,1497,2,36000,1.00400801603
425993,425999,427824,6,1825,2,36000,1.00328767123
426010,426016,427277,6,1261,2,36000,1.00475812847
426137,426144,427982,7,1838,2,36000,1.00380848749
426152,426158,427820,6,1662,2,36000,1.0036101083
426227,426234,428097,7,1863,2,36000,1.00375738057
426243,426249,427620,6,1371,2,36000,1.00437636761
426269,426275,428168,6,1893,2,36000,1.00316957211
426360,426366,428282,6,1916,2,36000,1.00313152401
426377,426383,428098,6,1715,2,36000,1.00349854227
426394,426400,428244,6,1844,2,36000,1.0032537961
426415,426421,428091,6,1670,2,36000,1.00359281437
426432,426438,428418,6,1980,2,36000,1.00303030303
426448,426478,430095,30,3617,2,3600,1.00829416644
426452,426861,430506,409,3645,4,3600,1.1122085048
426465,426472,427626,7,1154,2,36000,1.00606585789
426534,426540,428426,6,1886,2,36000,1.00318133616
426535,426546,428399,11,1853,2,36000,1.00593631948
426550,426556,428424,6,1868,2,36000,1.00321199143
426599,426606,428372,7,1766,2,36000,1.00396375991
426625,426631,428358,6,1727,2,36000,1.00347423277
426641,426647,428439,6,1792,2,36000,1.00334821429
426642,426653,428111,11,1458,2,36000,1.00754458162
426666,426672,427688,6,1016,2,36000,1.00590551181
426668,426678,428568,10,1890,2,36000,1.00529100529
426669,426683,428401,14,1718,2,36000,1.00814901048
426685,426691,428377,6,1686,2,36000,1.00355871886
426687,426697,428497,10,1800,2,36000,1.00555555556
426688,426702,428512,14,1810,2,36000,1.00773480663
426721,426726,428445,5,1719,2,36000,1.00290866783
426736,426742,428551,6,1809,2,36000,1.00331674959
426804,426811,428668,7,1857,2,36000,1.00376952073
426840,426847,428617,7,1770,2,36000,1.00395480226
426856,426885,428406,29,1521,2,36000,1.01906640368
426875,427005,428849,130,1844,2,36000,1.0704989154
426995,427053,428825,58,1772,2,36000,1.03273137698
427045,427065,429027,20,1962,2,36000,1.01019367992
427047,427059,428748,12,1689,2,36000,1.00710479574
427064,427079,429096,15,2017,2,36000,1.00743678731
427079,427115,428873,36,1758,2,36000,1.0204778157
427106,427134,428783,28,1649,2,36000,1.01697998787
427124,427196,429216,72,2020,2,36000,1.03564356436
427186,427201,428703,15,1502,2,36000,1.00998668442
427187,427232,428899,45,1667,2,36000,1.02699460108
427221,427254,429141,33,1887,2,36000,1.01748807631
427246,427288,428494,42,1206,2,36000,1.03482587065
427277,427360,429232,83,1872,2,36000,1.04433760684
427350,427470,429582,120,2112,2,36000,1.05681818182
427461,427559,428852,98,1293,2,36000,1.07579273009
427553,427565,429566,12,2001,2,36000,1.0059970015
427554,427606,429646,52,2040,2,36000,1.02549019608
427600,427631,429416,31,1785,2,36000,1.01736694678
427621,427638,428950,17,1312,2,36000,1.01295731707
427636,427668,429557,32,1889,2,36000,1.01694017999
427659,427699,429573,40,1874,2,36000,1.02134471718
427691,427736,429567,45,1831,2,36000,1.02457673403
427725,427831,429678,106,1847,2,36000,1.05739036275
427820,427837,429846,17,2009,2,36000,1.00846192135
427835,427993,429859,158,1866,2,36000,1.08467309753
427981,428102,429892,121,1790,2,36000,1.06759776536
428093,428108,429948,15,1840,2,36000,1.00815217391
428108,428114,429225,6,1111,2,36000,1.00540054005
428109,428122,429814,13,1692,2,36000,1.00768321513
428124,428179,429995,55,1816,2,36000,1.03028634361
428170,428255,430014,85,1759,2,36000,1.04832291074
428245,428293,429249,48,956,2,36000,1.05020920502
428285,428369,430241,84,1872,2,36000,1.04487179487
428361,428375,429453,14,1078,2,36000,1.01298701299
428375,428382,429413,7,1031,2,36000,1.00678952473
428391,428397,430321,6,1924,2,36000,1.00311850312
428407,428413,429971,6,1558,2,36000,1.00385109114
428408,428419,430242,11,1823,2,36000,1.00603400987
428410,428424,429536,14,1112,2,36000,1.01258992806
428425,428431,430451,6,2020,2,36000,1.00297029703
428427,428437,430274,10,1837,2,36000,1.00544365814
428428,428442,430219,14,1777,2,36000,1.00787844682
428444,428450,430149,6,1699,2,36000,1.00353148911
428459,428465,429951,6,1486,2,36000,1.00403768506
428496,428502,430267,6,1765,2,36000,1.00339943343
428510,428517,430372,7,1855,2,36000,1.00377358491
428526,428532,429728,6,1196,2,36000,1.00501672241
428553,428559,430635,6,2076,2,36000,1.00289017341
428569,428575,430118,6,1543,2,36000,1.00388852884
428620,428626,430376,6,1750,2,36000,1.00342857143
428668,428675,430539,7,1864,2,36000,1.00375536481
428705,428711,430655,6,1944,2,36000,1.00308641975
428750,428757,430668,7,1911,2,36000,1.00366300366
428784,428790,430262,6,1472,2,36000,1.00407608696
428826,428832,430037,6,1205,2,36000,1.00497925311
428851,428857,430635,6,1778,2,36000,1.00337457818
428866,428872,430482,6,1610,2,36000,1.00372670807
428881,428887,430935,6,2048,2,36000,1.0029296875
428899,428905,430658,6,1753,2,36000,1.00342270394
428951,428957,430211,6,1254,2,36000,1.004784689
429030,429036,430983,6,1947,2,36000,1.0030816641
429100,429106,430985,6,1879,2,36000,1.00319318787
429142,429149,431131,7,1982,2,36000,1.00353178607
429218,429224,431154,6,1930,2,36000,1.00310880829
429234,429240,431744,6,2504,2,36000,1.00239616613
429235,429246,431002,11,1756,2,36000,1.0062642369
429252,429258,430352,6,1094,2,36000,1.00548446069
429412,429419,431284,7,1865,2,36000,1.00375335121
429428,429434,430720,6,1286,2,36000,1.00466562986
429455,429461,431257,6,1796,2,36000,1.00334075724
429538,429544,431368,6,1824,2,36000,1.00328947368
429560,429566,431338,6,1772,2,36000,1.00338600451
429581,429587,431312,6,1725,2,36000,1.00347826087
429582,429593,431533,11,1940,2,36000,1.00567010309
429584,429598,431540,14,1942,2,36000,1.00720906282
429599,429605,431662,6,2057,2,36000,1.00291686923
429648,429654,431222,6,1568,2,36000,1.00382653061
429678,429684,431306,6,1622,2,36000,1.00369913687
429729,429735,431534,6,1799,2,36000,1.00333518621
429817,429823,431540,6,1717,2,36000,1.00349446709
429845,429851,431677,6,1826,2,36000,1.00328587076
429860,429866,431748,6,1882,2,36000,1.00318809777
429893,429900,431167,7,1267,2,36000,1.00552486188
429951,429957,431943,6,1986,2,36000,1.00302114804
429953,429963,431899,10,1936,2,36000,1.00516528926
429974,429980,431800,6,1820,2,36000,1.0032967033
429998,430004,431928,6,1924,2,36000,1.00311850312
430016,430022,431181,6,1159,2,36000,1.00517687662
430037,430043,432010,6,1967,2,36000,1.00305033045
430081,430087,430089,6,2,2,3540,1.0
430116,430122,431868,6,1746,2,36000,1.00343642612
430152,430158,431980,6,1822,2,36000,1.00329308452
430213,430219,431210,6,991,2,36000,1.00605449041
430228,430234,432067,6,1833,2,36000,1.00327332242
430244,430250,432286,6,2036,2,36000,1.00294695481
430245,430256,432082,11,1826,2,36000,1.00602409639
430266,430272,431575,6,1303,2,36000,1.00460475825
430268,430278,431382,10,1104,2,36000,1.00905797101
430285,430291,432051,6,1760,2,36000,1.00340909091
430321,430327,432459,6,2132,2,36000,1.00281425891
430355,430361,432132,6,1771,2,36000,1.00338791643
430373,430380,432181,7,1801,2,36000,1.00388672959
430389,430395,432259,6,1864,2,36000,1.00321888412
430454,430460,432337,6,1877,2,36000,1.0031965903
430481,430487,432420,6,1933,2,36000,1.00310398345
430541,430547,432313,6,1766,2,36000,1.00339750849
430632,430638,432484,6,1846,2,36000,1.00325027086
430647,430654,431670,7,1016,2,36000,1.00688976378
430663,430669,432441,6,1772,2,36000,1.00338600451
430664,430675,432413,11,1738,2,36000,1.00632911392
430679,430686,432419,7,1733,2,36000,1.00403923832
430719,430725,432590,6,1865,2,36000,1.00321715818
430938,430944,432773,6,1829,2,36000,1.00328048114
430983,430990,432797,7,1807,2,36000,1.00387382402
430999,431005,432891,6,1886,2,36000,1.00318133616
431014,431020,432798,6,1778,2,36000,1.00337457818
431132,431138,433125,6,1987,2,36000,1.00301962758
431153,431160,432925,7,1765,2,36000,1.00396600567
431169,431175,433137,6,1962,2,36000,1.00305810398
431184,431190,432918,6,1728,2,36000,1.00347222222
431211,431217,432333,6,1116,2,36000,1.00537634409
431226,431232,433027,6,1795,2,36000,1.00334261838
431257,431263,433127,6,1864,2,36000,1.00321888412
431287,431293,433023,6,1730,2,36000,1.00346820809
431308,431314,433527,6,2213,2,36000,1.00271125169
431310,431320,433032,10,1712,2,36000,1.0058411215
431340,431346,433338,6,1992,2,36000,1.00301204819
431370,431376,433838,6,2462,2,36000,1.00243704305
431385,431391,433239,6,1848,2,36000,1.00324675325
431534,431540,433077,6,1537,2,36000,1.00390370852
431535,431546,432817,11,1271,2,36000,1.00865460268
431551,431557,433338,6,1781,2,36000,1.00336889388
431552,431563,433352,11,1789,2,36000,1.00614868642
431577,431583,433187,6,1604,2,36000,1.00374064838
431665,431671,433382,6,1711,2,36000,1.00350672122
431681,431687,433637,6,1950,2,36000,1.00307692308
431683,431693,433435,10,1742,2,36000,1.00574052813
431744,431750,432789,6,1039,2,36000,1.00577478345
431758,431765,433616,7,1851,2,36000,1.0037817396
431803,431810,433266,7,1456,2,36000,1.00480769231
431867,431873,433705,6,1832,2,36000,1.00327510917
431900,431906,433608,6,1702,2,36000,1.00352526439
431928,431934,434001,6,2067,2,36000,1.00290275762
431946,431952,433749,6,1797,2,36000,1.00333889816
431983,431989,433760,6,1771,2,36000,1.00338791643
432010,432016,433681,6,1665,2,36000,1.0036036036
432051,432057,433874,6,1817,2,36000,1.0033021464
432069,432075,433102,6,1027,2,36000,1.00584225901
432084,432090,433169,6,1079,2,36000,1.00556070436
432132,432138,434018,6,1880,2,36000,1.00319148936
432181,432187,433954,6,1767,2,36000,1.00339558574
432262,432269,434271,7,2002,2,36000,1.0034965035
432287,432293,434021,6,1728,2,36000,1.00347222222
432317,432323,434111,6,1788,2,36000,1.0033557047
432332,432338,434066,6,1728,2,36000,1.00347222222
432347,432353,433380,6,1027,2,36000,1.00584225901
432414,432420,434053,6,1633,2,36000,1.00367421923
432429,432435,434283,6,1848,2,36000,1.00324675325
432431,432441,433562,10,1121,2,36000,1.0089206066
432446,432452,434432,6,1980,2,36000,1.00303030303
432461,432467,434294,6,1827,2,36000,1.00328407225
432485,432491,434552,6,2061,2,36000,1.00291120815
432591,432597,434857,6,2260,2,36000,1.00265486726
432773,432779,434262,6,1483,2,36000,1.004045853
432791,432797,434560,6,1763,2,36000,1.00340328985
432806,432812,434764,6,1952,2,36000,1.00307377049
432808,432818,434508,10,1690,2,36000,1.00591715976
432823,432829,434622,6,1793,2,36000,1.0033463469
432892,432898,434807,6,1909,2,36000,1.00314300681
432920,432926,434821,6,1895,2,36000,1.00316622691
432935,432941,434650,6,1709,2,36000,1.00351082504
433026,433032,434982,6,1950,2,36000,1.00307692308
433041,433047,434821,6,1774,2,36000,1.00338218715
433043,433053,434701,10,1648,2,36000,1.00606796117
433080,433086,435003,6,1917,2,36000,1.00312989045
433105,433111,434926,6,1815,2,36000,1.00330578512
433126,433132,434827,6,1695,2,36000,1.00353982301
433127,433138,435180,11,2042,2,36000,1.00538687561
433143,433148,435035,5,1887,2,36000,1.00264970853
433170,433176,435154,6,1978,2,36000,1.00303336704
433188,433194,435094,6,1900,2,36000,1.00315789474
433240,433246,435187,6,1941,2,36000,1.00309119011
433264,433270,435206,6,1936,2,36000,1.00309917355
433338,433344,435302,6,1958,2,36000,1.00306435138
433339,433350,435377,11,2027,2,36000,1.00542673902
433354,433361,435041,7,1680,2,36000,1.00416666667
433379,433385,435148,6,1763,2,36000,1.00340328985
433394,433401,435134,7,1733,2,36000,1.00403923832
433437,433443,435410,6,1967,2,36000,1.00305033045
433528,433534,435142,6,1608,2,36000,1.00373134328
433561,433567,435265,6,1698,2,36000,1.0035335689
433610,433616,435421,6,1805,2,36000,1.00332409972
433625,433631,435337,6,1706,2,36000,1.00351699883
433640,433646,434996,6,1350,2,36000,1.00444444444
433682,433688,435652,6,1964,2,36000,1.00305498982
433707,433713,435693,6,1980,2,36000,1.00303030303
433749,433755,435455,6,1700,2,36000,1.00352941176
433764,433771,434864,7,1093,2,36000,1.00640439158
433837,433843,435718,6,1875,2,36000,1.0032
433873,433879,435661,6,1782,2,36000,1.00336700337
433955,433961,435017,6,1056,2,36000,1.00568181818
434001,434007,435748,6,1741,2,36000,1.00344629523
434019,434026,435919,7,1893,2,36000,1.00369783413
434035,434041,435669,6,1628,2,36000,1.00368550369
434053,434059,435909,6,1850,2,36000,1.00324324324
434068,434074,435922,6,1848,2,36000,1.00324675325
434111,434117,435784,6,1667,2,36000,1.00359928014
434266,434272,436525,6,2253,2,36000,1.00266311585
434282,434288,436160,6,1872,2,36000,1.00320512821
434297,434303,436020,6,1717,2,36000,1.00349446709
434299,434309,436253,10,1944,2,36000,1.00514403292
434432,434439,435805,7,1366,2,36000,1.00512445095
434508,434514,436379,6,1865,2,36000,1.00321715818
434551,434557,436261,6,1704,2,36000,1.00352112676
434566,434572,435637,6,1065,2,36000,1.00563380282
434620,434626,436375,6,1749,2,36000,1.00343053173
434651,434657,436585,6,1928,2,36000,1.0031120332
434699,434705,435868,6,1163,2,36000,1.00515907137
434766,434772,436527,6,1755,2,36000,1.00341880342
434809,434815,436540,6,1725,2,36000,1.00347826087
434824,434830,436663,6,1833,2,36000,1.00327332242
434826,434836,436598,10,1762,2,36000,1.0056753689
434841,434847,435905,6,1058,2,36000,1.0056710775
434860,434866,436794,6,1928,2,36000,1.0031120332
434875,434881,436707,6,1826,2,36000,1.00328587076
434927,434933,436729,6,1796,2,36000,1.00334075724
434984,434991,436893,7,1902,2,36000,1.00368033649
434999,435006,436959,7,1953,2,36000,1.00358422939
435015,435021,436773,6,1752,2,36000,1.00342465753
435030,435036,436951,6,1915,2,36000,1.00313315927
435045,435051,436968,6,1917,2,36000,1.00312989045
435047,435057,436803,10,1746,2,36000,1.00572737686
435095,435101,437011,6,1910,2,36000,1.00314136126
435135,435141,436835,6,1694,2,36000,1.00354191263
435150,435156,437010,6,1854,2,36000,1.00323624595
435151,435162,436973,11,1811,2,36000,1.00607399227
435166,435173,436878,7,1705,2,36000,1.00410557185
435182,435188,436903,6,1715,2,36000,1.00349854227
435197,435203,436751,6,1548,2,36000,1.00387596899
435212,435217,436304,5,1087,2,36000,1.00459981601
435266,435272,437035,6,1763,2,36000,1.00340328985
435303,435309,436899,6,1590,2,36000,1.00377358491
435339,435345,436464,6,1119,2,36000,1.00536193029
435379,435385,437089,6,1704,2,36000,1.00352112676
435412,435419,436600,7,1181,2,36000,1.00592718036
435427,435434,437239,7,1805,2,36000,1.00387811634
435458,435464,437293,6,1829,2,36000,1.00328048114
435637,435643,437429,6,1786,2,36000,1.00335946249
435652,435658,437515,6,1857,2,36000,1.00323101777
435667,435673,437675,6,2002,2,36000,1.002997003
435684,435690,437415,6,1725,2,36000,1.00347826087
435701,435707,437467,6,1760,2,36000,1.00340909091
435720,435726,437549,6,1823,2,36000,1.00329127811
435751,435757,437297,6,1540,2,36000,1.0038961039
435784,435791,437672,7,1881,2,36000,1.00372142477
435806,435812,437847,6,2035,2,36000,1.00294840295
435869,435875,437642,6,1767,2,36000,1.00339558574
435906,435912,437793,6,1881,2,36000,1.00318979266
435921,435927,437697,6,1770,2,36000,1.00338983051
435923,435933,437585,10,1652,2,36000,1.00605326877
435924,435938,437667,14,1729,2,36000,1.00809716599
436022,436028,437611,6,1583,2,36000,1.00379027164
436162,436168,437707,6,1539,2,36000,1.00389863548
436253,436259,438392,6,2133,2,36000,1.00281293952
436268,436274,438069,6,1795,2,36000,1.00334261838
436305,436311,438144,6,1833,2,36000,1.00327332242
436374,436380,438390,6,2010,2,36000,1.00298507463
436389,436396,437928,7,1532,2,36000,1.0045691906
436465,436471,438520,6,2049,2,36000,1.00292825769
436526,436532,437860,6,1328,2,36000,1.00451807229
436541,436547,437510,6,963,2,36000,1.0062305296
436543,436553,438365,10,1812,2,36000,1.0055187638
436585,436591,437754,6,1163,2,36000,1.00515907137
436601,436608,438261,7,1653,2,36000,1.00423472474
436603,436614,438377,11,1763,2,36000,1.00623936472
436663,436669,438411,6,1742,2,36000,1.00344431688
436709,436715,438562,6,1847,2,36000,1.0032485111
436730,436736,438633,6,1897,2,36000,1.00316288877
436751,436757,438488,6,1731,2,36000,1.00346620451
436772,436778,438868,6,2090,2,36000,1.0028708134
436794,436800,438724,6,1924,2,36000,1.00311850312
436809,436815,438483,6,1668,2,36000,1.0035971223
436836,436843,438462,7,1619,2,36000,1.00432365658
436879,436885,438724,6,1839,2,36000,1.00326264274
436894,436900,438635,6,1735,2,36000,1.00345821326
436910,436916,438317,6,1401,2,36000,1.00428265525
436912,436922,438267,10,1345,2,36000,1.00743494424
436953,436959,438553,6,1594,2,36000,1.00376411543
436970,436976,439012,6,2036,2,36000,1.00294695481
436972,436982,438534,10,1552,2,36000,1.00644329897
436987,436993,438774,6,1781,2,36000,1.00336889388
437005,437011,438773,6,1762,2,36000,1.00340522134
437020,437027,438704,7,1677,2,36000,1.00417412045
437036,437042,438745,6,1703,2,36000,1.00352319436
437090,437096,438884,6,1788,2,36000,1.0033557047
437241,437247,439023,6,1776,2,36000,1.00337837838
437293,437299,438505,6,1206,2,36000,1.00497512438
437308,437314,438226,6,912,2,36000,1.00657894737
437417,437424,439372,7,1948,2,36000,1.00359342916
437433,437439,439340,6,1901,2,36000,1.00315623356
437466,437472,439169,6,1697,2,36000,1.00353565115
437512,437518,439515,6,1997,2,36000,1.00300450676
437527,437533,439449,6,1916,2,36000,1.00313152401
437551,437558,439235,7,1677,2,36000,1.00417412045
437585,437591,439487,6,1896,2,36000,1.00316455696
437613,437619,439358,6,1739,2,36000,1.00345025877
437643,437649,439582,6,1933,2,36000,1.00310398345
437668,437674,439605,6,1931,2,36000,1.00310719834
437684,437690,439598,6,1908,2,36000,1.00314465409
437685,437696,439035,11,1339,2,36000,1.00821508588
437700,437706,439540,6,1834,2,36000,1.00327153762
437715,437722,439379,7,1657,2,36000,1.00422450211
437757,437763,439129,6,1366,2,36000,1.00439238653
437793,437800,439657,7,1857,2,36000,1.00376952073
437848,437854,439614,6,1760,2,36000,1.00340909091
437863,437869,439063,6,1194,2,36000,1.00502512563
437932,437938,439823,6,1885,2,36000,1.00318302387
438071,438078,439870,7,1792,2,36000,1.00390625
438145,438151,439795,6,1644,2,36000,1.00364963504
438229,438235,439859,6,1624,2,36000,1.00369458128
438263,438270,440156,7,1886,2,36000,1.00371155885
438279,438285,440094,6,1809,2,36000,1.00331674959
438318,438324,439996,6,1672,2,36000,1.00358851675
438370,438376,440012,6,1636,2,36000,1.00366748166
438386,438392,439651,6,1259,2,36000,1.00476568705
438401,438407,440322,6,1915,2,36000,1.00313315927
438403,438413,439613,10,1200,2,36000,1.00833333333
438418,438424,440258,6,1834,2,36000,1.00327153762
438464,438470,440318,6,1848,2,36000,1.00324675325
438483,438489,440527,6,2038,2,36000,1.00294406281
438498,438504,440622,6,2118,2,36000,1.00283286119
438513,438519,440469,6,1950,2,36000,1.00307692308
438529,438536,440607,7,2071,2,36000,1.00338000966
438544,438551,440314,7,1763,2,36000,1.00397050482
438562,438568,440198,6,1630,2,36000,1.0036809816
438563,438574,440545,11,1971,2,36000,1.00558092339
438633,438639,440702,6,2063,2,36000,1.00290838585
438649,438655,440650,6,1995,2,36000,1.0030075188
438704,438710,440652,6,1942,2,36000,1.00308959835
438728,438734,440393,6,1659,2,36000,1.00361663653
438729,438740,440425,11,1685,2,36000,1.00652818991
438750,438756,440590,6,1834,2,36000,1.00327153762
438776,438782,440472,6,1690,2,36000,1.00355029586
438777,438788,440580,11,1792,2,36000,1.00613839286
438862,438868,440053,6,1185,2,36000,1.00506329114
438886,438892,440683,6,1791,2,36000,1.00335008375
439010,439016,440905,6,1889,2,36000,1.00317628375
439025,439031,441085,6,2054,2,36000,1.0029211295
439041,439047,440901,6,1854,2,36000,1.00323624595
439065,439072,440758,7,1686,2,36000,1.00415183867
439130,439136,440783,6,1647,2,36000,1.00364298725
439169,439175,440758,6,1583,2,36000,1.00379027164
439239,439245,440578,6,1333,2,36000,1.00450112528
439342,439348,440963,6,1615,2,36000,1.00371517028
439360,439367,441095,7,1728,2,36000,1.00405092593
439376,439382,441133,6,1751,2,36000,1.00342661336
439391,439397,440835,6,1438,2,36000,1.00417246175
439452,439458,441173,6,1715,2,36000,1.00349854227
439489,439495,441447,6,1952,2,36000,1.00307377049
439516,439522,441357,6,1835,2,36000,1.00326975477
439540,439546,441291,6,1745,2,36000,1.00343839542
439583,439589,441422,6,1833,2,36000,1.00327332242
439599,439605,441615,6,2010,2,36000,1.00298507463
439614,439620,440863,6,1243,2,36000,1.00482703138
439616,439626,440711,10,1085,2,36000,1.00921658986
439617,439631,441463,14,1832,2,36000,1.0076419214
439654,439660,441290,6,1630,2,36000,1.0036809816
439669,439675,441442,6,1767,2,36000,1.00339558574
439795,439801,441566,6,1765,2,36000,1.00339943343
439823,439832,441806,9,1974,2,36000,1.00455927052
439856,439862,441662,6,1800,2,36000,1.00333333333
439871,439877,441733,6,1856,2,36000,1.00323275862
439998,440004,441750,6,1746,2,36000,1.00343642612
440016,440022,441735,6,1713,2,36000,1.00350262697
440055,440061,441934,6,1873,2,36000,1.00320341698
440095,440101,442033,6,1932,2,36000,1.00310559006
440159,440165,441710,6,1545,2,36000,1.00388349515
440199,440205,441948,6,1743,2,36000,1.00344234079
440260,440267,441549,7,1282,2,36000,1.00546021841
440319,440324,442095,5,1771,2,36000,1.00282326369
440320,440331,442558,11,2227,2,36000,1.00493938033
440336,440342,442189,6,1847,2,36000,1.0032485111
440394,440401,442213,7,1812,2,36000,1.00386313466
440426,440432,442212,6,1780,2,36000,1.00337078652
440472,440478,442187,6,1709,2,36000,1.00351082504
440474,440484,442030,10,1546,2,36000,1.0064683053
440526,440532,440534,6,2,2,3540,1.0
440535,440541,442450,6,1909,2,36000,1.00314300681
440552,440558,442461,6,1903,2,36000,1.00315291645
440580,440586,443280,6,2694,2,36000,1.00222717149
440582,440592,442459,10,1867,2,36000,1.0053561864
440597,440603,442276,6,1673,2,36000,1.00358637179
440613,440618,442594,5,1976,2,36000,1.00253036437
440628,440634,442449,6,1815,2,36000,1.00330578512
440649,440656,442560,7,1904,2,36000,1.00367647059
440665,440671,443286,6,2615,2,36000,1.00229445507
440683,440689,442178,6,1489,2,36000,1.00402955003
440705,440711,443281,6,2570,2,36000,1.00233463035
440720,440727,442468,7,1741,2,36000,1.00402067777
440761,440767,443285,6,2518,2,36000,1.00238284353
440762,440773,443299,11,2526,2,36000,1.00435471101
440783,440789,442462,6,1673,2,36000,1.00358637179
440837,440844,442093,7,1249,2,36000,1.00560448359
440865,440871,443300,6,2429,2,36000,1.00247015233
440901,440907,443288,6,2381,2,36000,1.0025199496
440917,440923,443268,6,2345,2,36000,1.00255863539
440963,440969,443300,6,2331,2,36000,1.00257400257
441087,441093,443282,6,2189,2,36000,1.00274097762
441102,441108,443287,6,2179,2,36000,1.00275355668
441138,441144,443651,6,2507,2,36000,1.00239329876
441174,441180,443303,6,2123,2,36000,1.00282618935
441291,441297,443408,6,2111,2,36000,1.00284225486
441293,441303,444112,10,2809,2,36000,1.00355998576
441360,441366,443428,6,2062,2,36000,1.00290979631
441363,441372,441545,9,173,1,3600,1.05202312139
441424,441430,444031,6,2601,2,36000,1.00230680507
441443,441449,443783,6,2334,2,36000,1.00257069409
441458,441465,443818,7,2353,2,36000,1.00297492563
441476,441482,443983,6,2501,2,36000,1.00239904038
441552,441558,444059,6,2501,2,36000,1.00239904038
441567,441573,444035,6,2462,2,36000,1.00243704305
441616,441622,444065,6,2443,2,36000,1.00245599673
441665,441671,444058,6,2387,2,36000,1.00251361542
441712,441718,444059,6,2341,2,36000,1.00256300726
441728,441734,443461,6,1727,1,3600,1.00347423277
441734,441740,444083,6,2343,2,36000,1.00256081946
441735,441746,444071,11,2325,2,36000,1.0047311828
441750,441756,444057,6,2301,2,36000,1.00260756193
441837,441843,443918,6,2075,2,36000,1.00289156627
441944,441950,444042,6,2092,2,36000,1.00286806883
442028,442034,444077,6,2043,2,36000,1.00293685756
442261,442267,444397,6,2130,2,36000,1.00281690141
442262,442273,444029,11,1756,2,36000,1.0062642369
442264,442278,444115,14,1837,2,36000,1.00762112139
442276,442284,443975,8,1691,2,36000,1.00473092844
442277,442289,444201,12,1912,2,36000,1.00627615063
442279,442295,444131,16,1836,2,36000,1.00871459695
442280,442300,444205,20,1905,2,36000,1.01049868766
442282,442306,444107,24,1801,2,36000,1.01332593004
442283,442311,444217,28,1906,2,36000,1.01469045121
442462,442468,444111,6,1643,2,36000,1.00365185636
442464,442474,444198,10,1724,2,36000,1.00580046404
442467,442479,444475,12,1996,2,36000,1.00601202405
442468,442484,444220,16,1736,2,36000,1.00921658986
442470,442491,444025,21,1534,2,36000,1.01368970013
442471,442496,444188,25,1692,2,36000,1.01477541371
442573,442579,444176,6,1597,2,36000,1.00375704446
442575,442585,444523,10,1938,2,36000,1.00515995872
442576,442590,444229,14,1639,2,36000,1.00854179378
443300,443306,445281,6,1975,2,36000,1.00303797468
443302,443312,445169,10,1857,2,36000,1.00538502962
443303,443317,445159,14,1842,2,36000,1.00760043431
443305,443322,444963,17,1641,2,36000,1.01035953687
443306,443328,444464,22,1136,2,36000,1.01936619718
443308,443334,445283,26,1949,2,36000,1.01334017445
443309,443339,445360,30,2021,2,36000,1.01484413657
443311,443344,445062,33,1718,2,36000,1.01920838184
443312,443350,444777,38,1427,2,36000,1.02662929222
443314,443355,444672,41,1317,2,36000,1.03113135915
443315,443360,445198,45,1838,2,36000,1.02448313384
443316,443365,444869,49,1504,2,36000,1.03257978723
443318,443370,445295,52,1925,2,36000,1.02701298701
443429,443435,445240,6,1805,2,36000,1.00332409972
443431,443441,445365,10,1924,2,36000,1.0051975052
443667,443673,445366,6,1693,2,36000,1.00354400473
443786,443793,445650,7,1857,2,36000,1.00376952073
443822,443829,445821,7,1992,2,36000,1.00351405622
443878,443885,444959,7,1074,1,3600,1.00651769088
443921,443927,444977,6,1050,2,36000,1.00571428571
443997,444003,445824,6,1821,2,36000,1.00329489292
443998,444009,445986,11,1977,2,36000,1.00556398584
444037,444044,445288,7,1244,2,36000,1.00562700965
444039,444050,446016,11,1966,2,36000,1.00559511699
444048,444056,445992,8,1936,2,36000,1.0041322314
444050,444061,445802,11,1741,2,36000,1.00631820793
444099,444105,446209,6,2104,2,36000,1.00285171103
444100,444111,445850,11,1739,2,36000,1.00632547441
444102,444116,445953,14,1837,2,36000,1.00762112139
444103,444121,446108,18,1987,2,36000,1.00905888274
444105,444126,445910,21,1784,2,36000,1.01177130045
444107,444132,445500,25,1368,2,36000,1.0182748538
444108,444138,445974,30,1836,2,36000,1.01633986928
444111,444143,445932,32,1789,2,36000,1.01788708776
444112,444148,445898,36,1750,2,36000,1.02057142857
444140,444154,445790,14,1636,2,36000,1.00855745721
444142,444159,445173,17,1014,2,36000,1.016765286
444143,444164,445986,21,1822,2,36000,1.01152579583
444145,444170,445983,25,1813,2,36000,1.0137892995
444146,444175,445957,29,1782,2,36000,1.01627384961
444187,444193,445820,6,1627,2,36000,1.0036877689
444189,444199,446109,10,1910,2,36000,1.00523560209
444207,444213,445980,6,1767,2,36000,1.00339558574
444208,444219,446058,11,1839,2,36000,1.00598151169
444210,444224,446132,14,1908,2,36000,1.00733752621
444226,444232,445973,6,1741,2,36000,1.00344629523
444228,444238,445368,10,1130,2,36000,1.00884955752
444230,444243,446120,13,1877,2,36000,1.00692594566
444416,444423,446229,7,1806,2,36000,1.00387596899
444465,444471,446213,6,1742,2,36000,1.00344431688
444482,444488,446283,6,1795,2,36000,1.00334261838
444528,444534,445570,6,1036,2,36000,1.00579150579
444672,444678,446665,6,1987,2,36000,1.00301962758
444811,444817,446735,6,1918,2,36000,1.0031282586
444876,444882,446691,6,1809,2,36000,1.00331674959
444970,444976,446912,6,1936,2,36000,1.00309917355
444985,444991,446920,6,1929,2,36000,1.00311041991
445159,445165,447028,6,1863,2,36000,1.00322061192
445160,445171,446828,11,1657,2,36000,1.00663850332
445193,445199,447024,6,1825,2,36000,1.00328767123
445199,445205,446844,6,1639,2,36000,1.00366076876
445219,445225,446957,6,1732,2,36000,1.00346420323
445255,445261,445444,6,183,1,3600,1.03278688525
445256,445267,447076,11,1809,2,36000,1.00608070757
445286,445292,447223,6,1931,2,36000,1.00310719834
445287,445298,447465,11,2167,2,36000,1.00507614213
445308,445314,447108,6,1794,2,36000,1.00334448161
445309,445320,447107,11,1787,2,36000,1.00615556799
445360,445367,447079,7,1712,2,36000,1.00408878505
445376,445382,447135,6,1753,2,36000,1.00342270394
445378,445388,447164,10,1776,2,36000,1.00563063063
445379,445393,447205,14,1812,2,36000,1.00772626932
445500,445507,447197,7,1690,2,36000,1.00414201183
445570,445576,447225,6,1649,2,36000,1.00363856883
445614,445621,445958,7,337,1,3600,1.02077151335
445649,445655,447451,6,1796,2,36000,1.00334075724
445791,445797,447214,6,1417,2,36000,1.00423429781
445806,445812,447635,6,1823,2,36000,1.00329127811
445821,445828,447631,7,1803,2,36000,1.00388241819
445823,445834,447689,11,1855,2,36000,1.00592991914
445824,445839,447597,15,1758,2,36000,1.00853242321
445852,445858,447666,6,1808,2,36000,1.00331858407
445900,445907,447234,7,1327,2,36000,1.00527505652
445916,445922,447725,6,1803,2,36000,1.00332778702
445934,445940,447814,6,1874,2,36000,1.00320170758
445956,445962,447782,6,1820,2,36000,1.0032967033
445957,445968,447791,11,1823,2,36000,1.00603400987
445976,445982,447741,6,1759,2,36000,1.00341102899
445978,445988,447740,10,1752,2,36000,1.00570776256
445994,446000,447476,6,1476,2,36000,1.00406504065
445995,446006,448037,11,2031,2,36000,1.00541605121
445997,446011,447013,14,1002,2,36000,1.01397205589
445998,446017,448031,19,2014,2,36000,1.00943396226
446000,446022,447652,22,1630,2,36000,1.01349693252
446015,446028,447766,13,1738,2,36000,1.00747986191
446061,446067,447106,6,1039,2,36000,1.00577478345
446109,446115,448068,6,1953,2,36000,1.00307219662
446111,446121,447748,10,1627,2,36000,1.0061462815
446126,446132,447822,6,1690,2,36000,1.00355029586
446141,446147,448125,6,1978,2,36000,1.00303336704
446211,446217,447999,6,1782,2,36000,1.00336700337
446241,446247,448013,6,1766,2,36000,1.00339750849
446281,446287,448242,6,1955,2,36000,1.00306905371
446289,446295,447147,6,852,1,3600,1.00704225352
446434,446440,446548,6,108,1,3600,1.05555555556
446666,446672,448400,6,1728,2,36000,1.00347222222
446693,446699,448460,6,1761,2,36000,1.00340715503
446727,446733,447052,6,319,1,3600,1.01880877743
446737,446743,448524,6,1781,2,36000,1.00336889388
446833,446839,448309,6,1470,2,36000,1.00408163265
446848,446854,448750,6,1896,2,36000,1.00316455696
446913,446919,448725,6,1806,2,36000,1.00332225914
446928,446934,448788,6,1854,2,36000,1.00323624595
446958,446965,449026,7,2061,2,36000,1.00339640951
447013,447019,448269,6,1250,2,36000,1.0048
447029,447034,448866,5,1832,2,36000,1.00272925764
447030,447041,448871,11,1830,2,36000,1.00601092896
447076,447082,448799,6,1717,2,36000,1.00349446709
447091,447097,448880,6,1783,2,36000,1.00336511497
447106,447112,448401,6,1289,2,36000,1.00465477114
447108,447118,449283,10,2165,2,36000,1.00461893764
447123,447129,448912,6,1783,2,36000,1.00336511497
447138,447144,448936,6,1792,2,36000,1.00334821429
447166,447172,448989,6,1817,2,36000,1.0033021464
447199,447205,448913,6,1708,2,36000,1.00351288056
447214,447221,448976,7,1755,2,36000,1.00398860399
447216,447227,449188,11,1961,2,36000,1.00560938297
447234,447240,449056,6,1816,2,36000,1.00330396476
447236,447246,448942,10,1696,2,36000,1.00589622642
447237,447251,449061,14,1810,2,36000,1.00773480663
447449,447456,449221,7,1765,2,36000,1.00396600567
447465,447471,449446,6,1975,2,36000,1.00303797468
447468,447477,448078,9,601,1,3600,1.0149750416
447480,447486,449334,6,1848,2,36000,1.00324675325
447598,447604,449399,6,1795,2,36000,1.00334261838
447631,447638,449381,7,1743,2,36000,1.00401606426
447647,447653,449338,6,1685,2,36000,1.00356083086
447662,447668,449532,6,1864,2,36000,1.00321888412
447677,447683,449463,6,1780,2,36000,1.00337078652
447692,447698,449359,6,1661,2,36000,1.00361228176
447726,447732,449611,6,1879,2,36000,1.00319318787
447741,447747,449259,6,1512,2,36000,1.00396825397
447742,447753,449534,11,1781,2,36000,1.00617630545
447758,447764,448761,6,997,2,36000,1.00601805416
447773,447779,449697,6,1918,2,36000,1.0031282586
447788,447794,449597,6,1803,2,36000,1.00332778702
447803,447809,449772,6,1963,2,36000,1.0030565461
447818,447824,449607,6,1783,2,36000,1.00336511497
447833,447840,449733,7,1893,2,36000,1.00369783413
447993,448000,449779,7,1779,2,36000,1.00393479483
448015,448021,449820,6,1799,2,36000,1.00333518621
448033,448039,449717,6,1678,2,36000,1.00357568534
448048,448054,449636,6,1582,2,36000,1.00379266751
448069,448075,449892,6,1817,2,36000,1.0033021464
448127,448133,450004,6,1871,2,36000,1.00320684126
448243,448249,450071,6,1822,2,36000,1.00329308452
448273,448279,450211,6,1932,2,36000,1.00310559006
448301,448307,448421,6,114,1,3600,1.05263157895
448309,448315,449546,6,1231,2,36000,1.00487408611
448404,448410,450209,6,1799,2,36000,1.00333518621
448406,448416,449789,10,1373,2,36000,1.00728332119
448460,448466,450388,6,1922,2,36000,1.00312174818
448524,448530,450392,6,1862,2,36000,1.00322234157
448592,448598,448919,6,321,1,3600,1.01869158879
448627,448633,448744,6,111,1,1800,1.05405405405
448727,448733,450463,6,1730,2,36000,1.00346820809
448751,448758,450198,7,1440,2,36000,1.00486111111
448766,448772,449813,6,1041,2,36000,1.00576368876
448791,448797,450631,6,1834,2,36000,1.00327153762
448806,448812,450789,6,1977,2,36000,1.00303490137
448870,448876,450735,6,1859,2,36000,1.00322754169
448885,448891,450572,6,1681,2,36000,1.00356930399
448887,448897,450719,10,1822,2,36000,1.0054884742
448915,448921,450653,6,1732,2,36000,1.00346420323
448916,448927,450157,11,1230,2,36000,1.00894308943
448935,448941,450510,6,1569,2,36000,1.00382409178
448950,448956,450665,6,1709,2,36000,1.00351082504
448977,448983,450995,6,2012,2,36000,1.00298210736
448992,448998,450836,6,1838,2,36000,1.00326441785
449026,449032,450928,6,1896,2,36000,1.00316455696
449048,449054,449156,6,102,1,1800,1.05882352941
449056,449062,451129,6,2067,2,36000,1.00290275762
449071,449078,451075,7,1997,2,36000,1.00350525789
449189,449196,450921,7,1725,2,36000,1.00405797101
449223,449229,451020,6,1791,2,36000,1.00335008375
449262,449268,451012,6,1744,2,36000,1.00344036697
449284,449290,450511,6,1221,2,36000,1.00491400491
449335,449341,451109,6,1768,2,36000,1.00339366516
449351,449357,451197,6,1840,2,36000,1.00326086957
449366,449372,451111,6,1739,2,36000,1.00345025877
449374,449380,449989,6,609,1,3600,1.00985221675
449381,449387,451116,6,1729,2,36000,1.003470214
449399,449405,451095,6,1690,2,36000,1.00355029586
449448,449454,451255,6,1801,2,36000,1.00333148251
449463,449469,451374,6,1905,2,36000,1.0031496063
449534,449541,451480,7,1939,2,36000,1.0036101083
449536,449547,451281,11,1734,2,36000,1.00634371396
449551,449557,451405,6,1848,2,36000,1.00324675325
449600,449606,451419,6,1813,2,36000,1.00330943188
449615,449621,451605,6,1984,2,36000,1.00302419355
449616,449627,450736,11,1109,2,36000,1.00991884581
449637,449644,451235,7,1591,2,36000,1.00439974859
449699,449705,451550,6,1845,2,36000,1.00325203252
449717,449723,451581,6,1858,2,36000,1.00322927879
449735,449741,451504,6,1763,2,36000,1.00340328985
449775,449781,451836,6,2055,2,36000,1.00291970803
449793,449799,451568,6,1769,2,36000,1.00339174675
449794,449805,451545,11,1740,2,36000,1.00632183908
449812,449818,451788,6,1970,2,36000,1.00304568528
449828,449834,451590,6,1756,2,36000,1.00341685649
449830,449840,450417,10,577,1,1800,1.01733102253
449895,449901,451805,6,1904,2,36000,1.0031512605
450005,450011,451241,6,1230,2,36000,1.00487804878
450073,450078,451964,5,1886,2,36000,1.00265111347
450160,450166,451766,6,1600,2,36000,1.00375
450200,450206,451326,6,1120,2,36000,1.00535714286
450220,450226,452131,6,1905,2,36000,1.0031496063
450222,450232,451954,10,1722,2,36000,1.00580720093
450389,450395,452273,6,1878,2,36000,1.00319488818
450404,450410,452254,6,1844,2,36000,1.0032537961
450464,450471,452384,7,1913,2,36000,1.00365917407
450513,450519,452350,6,1831,2,36000,1.00327689787
450514,450525,452365,11,1840,2,36000,1.00597826087
450572,450578,452338,6,1760,2,36000,1.00340909091
450633,450639,452468,6,1829,2,36000,1.00328048114
450654,450660,452506,6,1846,2,36000,1.00325027086
450671,450677,451939,6,1262,2,36000,1.00475435816
450720,450726,451821,6,1095,2,36000,1.00547945205
450735,450741,453144,6,2403,2,36000,1.0024968789
450750,450757,452464,7,1707,2,36000,1.00410076157
450790,450796,452558,6,1762,2,36000,1.00340522134
450838,450845,452644,7,1799,2,36000,1.00389105058
450923,450929,452896,6,1967,2,36000,1.00305033045
450938,450945,452730,7,1785,2,36000,1.00392156863
450996,451003,452035,7,1032,2,36000,1.00678294574
451012,451018,452828,6,1810,2,36000,1.00331491713
451027,451033,453117,6,2084,2,36000,1.00287907869
451076,451082,452913,6,1831,2,36000,1.00327689787
451097,451104,452938,7,1834,2,36000,1.00381679389
451113,451119,452178,6,1059,2,36000,1.00566572238
451115,451125,453061,10,1936,2,36000,1.00516528926
451130,451136,452943,6,1807,2,36000,1.00332042059
451131,451142,453071,11,1929,2,36000,1.0057024365
451198,451205,453225,7,2020,2,36000,1.00346534653
451235,451241,452392,6,1151,2,36000,1.00521285838
451250,451256,452536,6,1280,2,36000,1.0046875
451265,451271,452880,6,1609,2,36000,1.00372902424
451280,451287,453163,7,1876,2,36000,1.00373134328
451326,451332,453066,6,1734,2,36000,1.00346020761
451375,451381,453182,6,1801,2,36000,1.00333148251
451405,451411,453151,6,1740,2,36000,1.00344827586
451420,451427,452605,7,1178,2,36000,1.00594227504
451484,451490,453442,6,1952,2,36000,1.00307377049
451500,451507,453347,7,1840,2,36000,1.00380434783
451546,451552,453385,6,1833,2,36000,1.00327332242
451561,451567,453369,6,1802,2,36000,1.00332963374
451577,451583,452746,6,1163,2,36000,1.00515907137
451592,451598,453356,6,1758,2,36000,1.00341296928
451594,451604,453572,10,1968,2,36000,1.00508130081
451609,451615,453734,6,2119,2,36000,1.0028315243
451768,451774,453834,6,2060,2,36000,1.00291262136
451789,451795,453611,6,1816,2,36000,1.00330396476
451807,451813,453629,6,1816,2,36000,1.00330396476
451823,451829,453660,6,1831,2,36000,1.00327689787
451838,451844,452784,6,940,2,36000,1.00638297872
451941,451947,453882,6,1935,2,36000,1.00310077519
451956,451962,453598,6,1636,2,36000,1.00366748166
451971,451977,453758,6,1781,2,36000,1.00336889388
452038,452043,453983,5,1940,2,36000,1.00257731959
452101,452107,452158,6,51,1,1800,1.11764705882
452133,452139,453833,6,1694,2,36000,1.00354191263
452179,452185,454771,6,2586,2,36000,1.00232018561
452254,452261,453998,7,1737,2,36000,1.00402993667
452276,452282,453760,6,1478,2,36000,1.00405953992
452293,452299,452418,6,119,1,1800,1.05042016807
452338,452344,454137,6,1793,2,36000,1.0033463469
452353,452359,454087,6,1728,2,36000,1.00347222222
452369,452375,454054,6,1679,2,36000,1.00357355569
452384,452390,454137,6,1747,2,36000,1.00343445907
452399,452405,454289,6,1884,2,36000,1.00318471338
452466,452472,454419,6,1947,2,36000,1.0030816641
452473,452479,452567,6,88,1,1800,1.06818181818
452482,452488,454189,6,1701,2,36000,1.00352733686
452507,452513,453588,6,1075,2,36000,1.00558139535
452537,452544,454313,7,1769,2,36000,1.00395703787
452559,452566,453626,7,1060,2,36000,1.00660377358
452608,452614,454320,6,1706,2,36000,1.00351699883
452647,452653,454770,6,2117,2,36000,1.00283419934
452732,452738,454547,6,1809,2,36000,1.00331674959
452744,452750,452872,6,122,1,1800,1.04918032787
452750,452756,454504,6,1748,2,36000,1.00343249428
452786,452793,454787,7,1994,2,36000,1.00351053159
452829,452835,454441,6,1606,2,36000,1.00373599004
452881,452887,454745,6,1858,2,36000,1.00322927879
452899,452905,454715,6,1810,2,36000,1.00331491713
452916,452923,454734,7,1811,2,36000,1.00386526781
452941,452947,454757,6,1810,2,36000,1.00331491713
452956,452962,454899,6,1937,2,36000,1.00309757357
453063,453069,455105,6,2036,2,36000,1.00294695481
453081,453087,454888,6,1801,2,36000,1.00333148251
453082,453093,454908,11,1815,2,36000,1.00606060606
453119,453126,455040,7,1914,2,36000,1.00365726228
453147,453153,454971,6,1818,2,36000,1.00330033003
453162,453168,454962,6,1794,2,36000,1.00334448161
453177,453183,455412,6,2229,2,36000,1.00269179004
453192,453199,455011,7,1812,2,36000,1.00386313466
453226,453232,455128,6,1896,2,36000,1.00316455696
453347,453353,454656,6,1303,2,36000,1.00460475825
453362,453368,455253,6,1885,2,36000,1.00318302387
453377,453384,455135,7,1751,2,36000,1.00399771559
453395,453401,455119,6,1718,2,36000,1.00349243306
453444,453450,455152,6,1702,2,36000,1.00352526439
453453,453459,453746,6,287,1,1800,1.02090592334
453548,453554,454129,6,575,1,1800,1.01043478261
453571,453577,455709,6,2132,2,36000,1.00281425891
453590,453596,455208,6,1612,2,36000,1.00372208437
453605,453611,455385,6,1774,2,36000,1.00338218715
453621,453627,455438,6,1811,2,36000,1.00331308669
453636,453643,454732,7,1089,2,36000,1.00642791552
453638,453649,455479,11,1830,2,36000,1.00601092896
453662,453668,455363,6,1695,2,36000,1.00353982301
453738,453744,454738,6,994,2,36000,1.0060362173
453760,453766,455615,6,1849,2,36000,1.0032449973
453761,453772,454974,11,1202,2,36000,1.00915141431
453834,453841,455554,7,1713,2,36000,1.00408639813
453836,453847,455766,11,1919,2,36000,1.00573215216
453885,453891,455696,6,1805,2,36000,1.00332409972
453985,453992,455919,7,1927,2,36000,1.00363258952
454000,454007,455862,7,1855,2,36000,1.00377358491
454055,454061,455941,6,1880,2,36000,1.00319148936
454090,454096,455966,6,1870,2,36000,1.00320855615
454139,454145,455879,6,1734,2,36000,1.00346020761
454140,454151,455223,11,1072,2,36000,1.01026119403
454191,454197,456315,6,2118,2,36000,1.00283286119
454291,454297,456032,6,1735,2,36000,1.00345821326
454315,454322,456163,7,1841,2,36000,1.00380228137
454330,454337,456183,7,1846,2,36000,1.00379198267
454419,454425,456267,6,1842,2,36000,1.00325732899
454442,454448,455775,6,1327,2,36000,1.00452147702
454504,454511,456295,7,1784,2,36000,1.00392376682
454550,454556,455932,6,1376,2,36000,1.00436046512
454656,454663,456520,7,1857,2,36000,1.00376952073
454718,454725,456575,7,1850,2,36000,1.00378378378
454735,454741,456656,6,1915,2,36000,1.00313315927
454737,454747,456038,10,1291,2,36000,1.00774593338
454753,454760,456567,7,1807,2,36000,1.00387382402
454755,454766,456483,11,1717,2,36000,1.00640652301
454771,454777,456436,6,1659,2,36000,1.00361663653
454772,454783,456597,11,1814,2,36000,1.00606394708
454774,454788,456561,14,1773,2,36000,1.00789622109
454789,454795,456588,6,1793,2,36000,1.0033463469
454888,454894,456690,6,1796,2,36000,1.00334075724
454903,454910,456791,7,1881,2,36000,1.00372142477
454919,454925,456652,6,1727,2,36000,1.00347423277
454964,454970,456843,6,1873,2,36000,1.00320341698
454979,454985,456736,6,1751,2,36000,1.00342661336
454981,454991,456710,10,1719,2,36000,1.00581733566
455013,455019,456970,6,1951,2,36000,1.00307534598
455040,455046,456873,6,1827,2,36000,1.00328407225
455109,455115,456972,6,1857,2,36000,1.00323101777
455124,455130,457005,6,1875,2,36000,1.0032
455140,455146,456965,6,1819,2,36000,1.00329851567
455141,455152,456840,11,1688,2,36000,1.00651658768
455159,455165,456931,6,1766,2,36000,1.00339750849
455211,455217,456429,6,1212,2,36000,1.00495049505
455226,455233,456991,7,1758,2,36000,1.0039817975
455254,455260,457078,6,1818,2,36000,1.00330033003
455364,455370,457340,6,1970,2,36000,1.00304568528
455386,455392,457198,6,1806,2,36000,1.00332225914
455416,455422,457106,6,1684,2,36000,1.00356294537
455440,455446,457216,6,1770,2,36000,1.00338983051
455481,455487,458027,6,2540,2,36000,1.00236220472
455553,455560,457349,7,1789,2,36000,1.00391280045
455618,455624,457443,6,1819,2,36000,1.00329851567
455699,455705,457262,6,1557,2,36000,1.00385356455
455715,455721,457555,6,1834,2,36000,1.00327153762
455767,455774,457688,7,1914,2,36000,1.00365726228
455784,455791,457646,7,1855,2,36000,1.00377358491
455861,455868,457073,7,1205,2,36000,1.00580912863
455880,455886,457645,6,1759,2,36000,1.00341102899
455920,455926,457684,6,1758,2,36000,1.00341296928
455936,455943,457770,7,1827,2,36000,1.00383141762
455952,455958,457751,6,1793,2,36000,1.0033463469
455967,455973,457977,6,2004,2,36000,1.00299401198
456036,456043,457802,7,1759,2,36000,1.00397953383
456052,456058,457164,6,1106,2,36000,1.00542495479
456101,456107,456166,6,59,1,1800,1.10169491525
456166,456176,457948,10,1772,2,36000,1.00564334086
456187,456193,458121,6,1928,2,36000,1.0031120332
456268,456274,457206,6,932,2,36000,1.00643776824
456297,456303,458075,6,1772,2,36000,1.00338600451
456320,456326,458059,6,1733,2,36000,1.00346220427
456433,456439,458562,6,2123,2,36000,1.00282618935
456448,456455,458186,7,1731,2,36000,1.00404390526
456486,456492,458444,6,1952,2,36000,1.00307377049
456523,456529,458467,6,1938,2,36000,1.00309597523
456532,456538,456622,6,84,1,1800,1.07142857143
456562,456569,458504,7,1935,2,36000,1.00361757106
456580,456586,458275,6,1689,2,36000,1.00355239787
456581,456592,458559,11,1967,2,36000,1.0055922725
456597,456603,458513,6,1910,2,36000,1.00314136126
456598,456609,458388,11,1779,2,36000,1.00618324902
456652,456658,458436,6,1778,2,36000,1.00337457818
456668,456674,458522,6,1848,2,36000,1.00324675325
456690,456697,458539,7,1842,2,36000,1.00380021716
456706,456712,458639,6,1927,2,36000,1.00311364816
456737,456743,458646,6,1903,2,36000,1.00315291645
456792,456798,458543,6,1745,2,36000,1.00343839542
456840,456846,458750,6,1904,2,36000,1.0031512605
456857,456864,458706,7,1842,2,36000,1.00380021716
456873,456879,458745,6,1866,2,36000,1.00321543408
456935,456941,458791,6,1850,2,36000,1.00324324324
456966,456972,458691,6,1719,2,36000,1.0034904014
456983,456989,458680,6,1691,2,36000,1.00354819633
456984,456995,458989,11,1994,2,36000,1.00551654965
457000,457006,458449,6,1443,2,36000,1.00415800416
457015,457021,458832,6,1811,2,36000,1.00331308669
457075,457081,458964,6,1883,2,36000,1.00318640467
457090,457097,458159,7,1062,2,36000,1.0065913371
457113,457119,458421,6,1302,2,36000,1.00460829493
457165,457171,458924,6,1753,2,36000,1.00342270394
457201,457207,459176,6,1969,2,36000,1.0030472321
457218,457224,458587,6,1363,2,36000,1.00440205429
457220,457230,458983,10,1753,2,36000,1.00570450656
457263,457269,458697,6,1428,2,36000,1.00420168067
457340,457346,458352,6,1006,2,36000,1.00596421471
457355,457361,459006,6,1645,2,36000,1.00364741641
457445,457451,459230,6,1779,2,36000,1.00337268128
457555,457561,459642,6,2081,2,36000,1.00288322922
457647,457653,459556,6,1903,2,36000,1.00315291645
457648,457659,459428,11,1769,2,36000,1.00621820237
457671,457677,457983,6,306,1,1800,1.01960784314
457686,457692,459399,6,1707,2,36000,1.00351493849
457701,457708,459454,7,1746,2,36000,1.0040091638
457754,457760,459773,6,2013,2,36000,1.00298062593
457772,457778,459543,6,1765,2,36000,1.00339943343
457805,457811,459763,6,1952,2,36000,1.00307377049
457949,457955,459621,6,1666,2,36000,1.00360144058
457977,457983,459786,6,1803,2,36000,1.00332778702
458029,458035,459840,6,1805,2,36000,1.00332409972
458059,458065,459943,6,1878,2,36000,1.00319488818
458079,458085,459856,6,1771,2,36000,1.00338791643
458121,458127,459917,6,1790,2,36000,1.00335195531
458161,458167,459966,6,1799,2,36000,1.00333518621
458188,458194,460423,6,2229,2,36000,1.00269179004
458276,458282,459906,6,1624,2,36000,1.00369458128
458355,458362,460100,7,1738,2,36000,1.00402761795
458389,458395,460242,6,1847,2,36000,1.0032485111
458422,458428,460178,6,1750,2,36000,1.00342857143
458438,458444,460290,6,1846,2,36000,1.00325027086
458453,458459,459594,6,1135,2,36000,1.00528634361
458454,458465,460212,11,1747,2,36000,1.0062965083
458469,458476,460188,7,1712,2,36000,1.00408878505
458506,458512,460332,6,1820,2,36000,1.0032967033
458521,458527,460498,6,1971,2,36000,1.00304414003
458536,458542,460520,6,1978,2,36000,1.00303336704
458551,458557,460403,6,1846,2,36000,1.00325027086
458553,458563,460150,10,1587,2,36000,1.00630119723
458568,458574,460297,6,1723,2,36000,1.00348229832
458570,458580,460340,10,1760,2,36000,1.00568181818
458587,458594,460469,7,1875,2,36000,1.00373333333
458639,458645,460053,6,1408,2,36000,1.00426136364
458655,458661,460314,6,1653,2,36000,1.00362976407
458682,458688,460513,6,1825,2,36000,1.00328767123
458697,458703,460433,6,1730,2,36000,1.00346820809
458698,458709,460383,11,1674,2,36000,1.00657108722
458714,458720,460563,6,1843,2,36000,1.00325556158
458748,458754,460701,6,1947,2,36000,1.0030816641
458763,458769,460126,6,1357,2,36000,1.00442151805
458793,458799,460510,6,1711,2,36000,1.00350672122
458836,458842,459882,6,1040,2,36000,1.00576923077
458924,458930,460695,6,1765,2,36000,1.00339943343
458966,458972,460764,6,1792,2,36000,1.00334821429
458985,458991,461077,6,2086,2,36000,1.00287631831
459000,459006,460889,6,1883,2,36000,1.00318640467
459015,459021,460787,6,1766,2,36000,1.00339750849
459177,459183,461158,6,1975,2,36000,1.00303797468
459231,459238,461064,7,1826,2,36000,1.00383351588
459399,459405,460910,6,1505,2,36000,1.00398671096
459429,459436,461337,7,1901,2,36000,1.00368227249
459454,459460,460832,6,1372,2,36000,1.00437317784
459545,459551,461432,6,1881,2,36000,1.00318979266
459560,459566,461338,6,1772,2,36000,1.00338600451
459596,459603,461318,7,1715,2,36000,1.00408163265
459624,459630,461582,6,1952,2,36000,1.00307377049
459642,459648,461392,6,1744,2,36000,1.00344036697
459764,459770,461589,6,1819,2,36000,1.00329851567
459779,459785,461717,6,1932,2,36000,1.00310559006
459795,459801,461642,6,1841,2,36000,1.00325909832
459840,459847,461801,7,1954,2,36000,1.00358239509
459859,459865,461620,6,1755,2,36000,1.00341880342
459884,459890,461924,6,2034,2,36000,1.00294985251
459908,459914,461679,6,1765,2,36000,1.00339943343
459923,459929,461674,6,1745,2,36000,1.00343839542
459945,459951,461726,6,1775,2,36000,1.00338028169
459966,459972,461935,6,1963,2,36000,1.0030565461
460054,460060,461528,6,1468,2,36000,1.00408719346
460103,460109,461917,6,1808,2,36000,1.00331858407
460127,460133,462183,6,2050,2,36000,1.00292682927
460151,460157,462010,6,1853,2,36000,1.00323799244
460179,460185,461920,6,1735,2,36000,1.00345821326
460194,460200,461670,6,1470,2,36000,1.00408163265
460215,460221,461656,6,1435,2,36000,1.00418118467
460243,460249,462220,6,1971,2,36000,1.00304414003
460291,460297,462322,6,2025,2,36000,1.00296296296
460306,460312,461954,6,1642,2,36000,1.00365408039
460322,460328,462107,6,1779,2,36000,1.00337268128
460337,460343,462425,6,2082,2,36000,1.00288184438
460352,460358,462337,6,1979,2,36000,1.00303183426
460385,460391,462237,6,1846,2,36000,1.00325027086
460404,460410,462072,6,1662,2,36000,1.0036101083
460425,460431,461625,6,1194,2,36000,1.00502512563
460440,460446,462383,6,1937,2,36000,1.00309757357
460471,460477,462370,6,1893,2,36000,1.00316957211
460501,460507,462355,6,1848,2,36000,1.00324675325
460517,460523,462279,6,1756,2,36000,1.00341685649
460519,460529,461698,10,1169,2,36000,1.00855431993
460534,460540,461653,6,1113,2,36000,1.00539083558
460565,460571,461603,6,1032,2,36000,1.00581395349
460697,460705,461841,8,1136,2,36000,1.00704225352
460712,460719,462476,7,1757,2,36000,1.00398406375
460764,460771,462701,7,1930,2,36000,1.00362694301
460789,460795,462644,6,1849,2,36000,1.0032449973
460835,460841,462668,6,1827,2,36000,1.00328407225
460890,460896,462669,6,1773,2,36000,1.00338409475
460911,460918,462706,7,1788,2,36000,1.00391498881
461066,461072,463050,6,1978,2,36000,1.00303336704
461081,461087,462898,6,1811,2,36000,1.00331308669
461160,461166,462414,6,1248,2,36000,1.00480769231
461320,461326,463199,6,1873,2,36000,1.00320341698
461339,461345,463167,6,1822,2,36000,1.00329308452
461340,461351,463049,11,1698,2,36000,1.00647820966
461395,461401,462527,6,1126,2,36000,1.0053285968
461435,461441,463354,6,1913,2,36000,1.00313643492
461529,461535,463250,6,1715,2,36000,1.00349854227
461584,461590,462654,6,1064,2,36000,1.00563909774
461599,461605,462927,6,1322,2,36000,1.00453857791
461615,461621,462758,6,1137,2,36000,1.00527704485
461630,461636,463376,6,1740,2,36000,1.00344827586
461632,461642,463598,10,1956,2,36000,1.00511247444
461647,461653,463779,6,2126,2,36000,1.00282220132
461662,461668,463586,6,1918,2,36000,1.0031282586
461664,461674,463758,10,2084,2,36000,1.00479846449
461679,461686,463502,7,1816,2,36000,1.00385462555
461681,461692,463402,11,1710,2,36000,1.00643274854
461683,461697,463476,14,1779,2,36000,1.00786958966
461698,461704,463608,6,1904,2,36000,1.0031512605
461719,461725,463621,6,1896,2,36000,1.00316455696
461735,461741,463593,6,1852,2,36000,1.00323974082
461801,461807,463682,6,1875,2,36000,1.0032
461844,461850,463795,6,1945,2,36000,1.0030848329
461920,461926,463168,6,1242,2,36000,1.00483091787
461922,461932,463881,10,1949,2,36000,1.00513083633
461941,461948,463685,7,1737,2,36000,1.00402993667
461943,461954,463797,11,1843,2,36000,1.00596852957
461958,461964,463980,6,2016,2,36000,1.00297619048
462011,462017,463674,6,1657,2,36000,1.00362100181
462075,462081,464019,6,1938,2,36000,1.00309597523
462109,462115,463761,6,1646,2,36000,1.00364520049
462184,462191,463894,7,1703,2,36000,1.00411039342
462221,462227,464096,6,1869,2,36000,1.00321027287
462239,462245,464020,6,1775,2,36000,1.00338028169
462282,462288,463547,6,1259,2,36000,1.00476568705
462324,462330,464218,6,1888,2,36000,1.0031779661
462339,462345,464080,6,1735,2,36000,1.00345821326
462357,462363,464194,6,1831,2,36000,1.00327689787
462372,462379,464260,7,1881,2,36000,1.00372142477
462387,462394,464431,7,2037,2,36000,1.00343642612
462415,462421,464169,6,1748,2,36000,1.00343249428
462430,462436,464232,6,1796,2,36000,1.00334075724
462475,462482,463508,7,1026,2,36000,1.00682261209
462530,462537,464426,7,1889,2,36000,1.00370566437
462643,462649,464410,6,1761,2,36000,1.00340715503
462658,462664,464532,6,1868,2,36000,1.00321199143
462674,462679,464407,5,1728,2,36000,1.00289351852
462675,462685,464533,10,1848,2,36000,1.00541125541
462703,462709,463778,6,1069,2,36000,1.00561272217
462719,462725,464579,6,1854,2,36000,1.00323624595
462759,462765,464760,6,1995,2,36000,1.0030075188
462900,462906,464009,6,1103,2,36000,1.00543970988
462928,462934,463925,6,991,2,36000,1.00605449041
463015,463021,471098,6,8077,2,72000,1.00074285007
463053,463059,464913,6,1854,2,36000,1.00323624595
463055,463065,464843,10,1778,2,36000,1.00562429696
463199,463205,465058,6,1853,2,36000,1.00323799244
463201,463211,465021,10,1810,2,36000,1.00552486188
463202,463216,464211,14,995,2,36000,1.01407035176
463204,463222,464972,18,1750,2,36000,1.01028571429
463205,463227,464881,22,1654,2,36000,1.01330108827
463207,463233,465033,26,1800,2,36000,1.01444444444
463209,463238,465022,29,1784,2,36000,1.01625560538
463210,463243,465080,33,1837,2,36000,1.01796407186
463212,463249,465003,37,1754,2,36000,1.02109464082
463213,463254,464838,41,1584,2,36000,1.02588383838
463215,463259,465421,44,2162,2,36000,1.02035152636
463217,463264,465120,47,1856,2,36000,1.02532327586
463218,463270,464986,52,1716,2,36000,1.0303030303
463220,463275,464409,55,1134,2,36000,1.04850088183
463221,463280,464740,59,1460,2,36000,1.0404109589
463223,463285,464382,62,1097,2,36000,1.05651777575
463224,463291,464968,67,1677,2,36000,1.03995229577
463226,463296,465082,70,1786,2,36000,1.039193729
463228,463301,465028,73,1727,2,36000,1.04226983208
463229,463307,465127,78,1820,2,36000,1.04285714286
463231,463312,465213,81,1901,2,36000,1.04260915308
463232,463318,465379,86,2061,2,36000,1.04172731684
463234,463323,465099,89,1776,2,36000,1.05011261261
463235,463328,465031,93,1703,2,36000,1.05460951262
463237,463333,465076,96,1743,2,36000,1.05507745267
463239,463339,465256,100,1917,2,36000,1.0521648409
463240,463344,465320,104,1976,2,36000,1.05263157895
463242,463349,465111,107,1762,2,36000,1.06072644722
463243,463357,465295,114,1938,2,36000,1.05882352941
463245,463363,465291,118,1928,2,36000,1.0612033195
463247,463368,464609,121,1241,2,36000,1.0975020145
463248,463373,465397,125,2024,2,36000,1.06175889328
463250,463378,465167,128,1789,2,36000,1.07154835103
463252,463384,465275,132,1891,2,36000,1.06980433633
463253,463389,465189,136,1800,2,36000,1.07555555556
463255,463394,464878,139,1484,2,36000,1.09366576819
463257,463399,465039,142,1640,2,36000,1.08658536585
463258,463404,465412,146,2008,2,36000,1.07270916335
463260,463410,465194,150,1784,2,36000,1.08408071749
463261,463415,465217,154,1802,2,36000,1.08546059933
463263,463420,464363,157,943,2,36000,1.16648992577
463265,463425,465193,160,1768,2,36000,1.09049773756
463266,463431,465092,165,1661,2,36000,1.09933774834
463268,463436,465421,168,1985,2,36000,1.08463476071
463270,463441,465106,171,1665,2,36000,1.1027027027
463271,463446,465186,175,1740,2,36000,1.10057471264
463273,463452,465284,179,1832,2,36000,1.09770742358
463274,463457,465592,183,2135,2,36000,1.08571428571
463276,463462,465316,186,1854,2,36000,1.1003236246
463277,463467,465252,190,1785,2,36000,1.10644257703
463279,463473,465161,194,1688,2,36000,1.11492890995
463280,463478,465257,198,1779,2,36000,1.11129848229
463282,463483,464633,201,1150,2,36000,1.1747826087
463299,463488,465280,189,1792,2,36000,1.10546875
463357,463495,464453,138,958,2,36000,1.14405010438
463376,463500,465237,124,1737,2,36000,1.07138744963
463405,463505,465415,100,1910,2,36000,1.05235602094
463478,463510,465112,32,1602,2,36000,1.01997503121
463502,463516,465465,14,1949,2,36000,1.00718317086
463518,463524,465569,6,2045,2,36000,1.00293398533
463549,463560,465310,11,1750,2,36000,1.00628571429
463589,463595,465306,6,1711,2,36000,1.00350672122
463605,463611,465608,6,1997,2,36000,1.00300450676
463607,463617,465457,10,1840,2,36000,1.00543478261
463622,463628,465424,6,1796,2,36000,1.00334075724
463624,463634,465475,10,1841,2,36000,1.00543183053
463678,463684,465363,6,1679,2,36000,1.00357355569
463696,463702,465532,6,1830,2,36000,1.00327868852
463698,463708,465446,10,1738,2,36000,1.00575373993
463760,463767,465634,7,1867,2,36000,1.00374933048
463777,463783,465563,6,1780,2,36000,1.00337078652
463794,463800,464796,6,996,2,36000,1.00602409639
463795,463806,465681,11,1875,2,36000,1.00586666667
463811,463817,465730,6,1913,2,36000,1.00313643492
463812,463823,465694,11,1871,2,36000,1.00587920898
463884,463890,465876,6,1986,2,36000,1.00302114804
463900,463906,465679,6,1773,2,36000,1.00338409475
463927,463934,465728,7,1794,2,36000,1.00390189521
463981,463987,465824,6,1837,2,36000,1.00326619488
464011,464017,466050,6,2033,2,36000,1.00295130349
464027,464033,465914,6,1881,2,36000,1.00318979266
464028,464039,465843,11,1804,2,36000,1.00609756098
464081,464087,465921,6,1834,2,36000,1.00327153762
464098,464104,466005,6,1901,2,36000,1.00315623356
464170,464176,466023,6,1847,2,36000,1.0032485111
464194,464200,465373,6,1173,2,36000,1.00511508951
464214,464221,465953,7,1732,2,36000,1.00404157044
464232,464238,466060,6,1822,2,36000,1.00329308452
464247,464254,466186,7,1932,2,36000,1.00362318841
464263,464269,465293,6,1024,2,36000,1.005859375
464357,464363,475852,6,11489,1,28800,1.00052223866
464363,464369,466151,6,1782,2,36000,1.00336700337
464382,464388,466292,6,1904,2,36000,1.0031512605
464395,464401,748948,6,284547,4,360000,1.00002108615
464410,464417,465960,7,1543,2,36000,1.00453661698
464412,464423,466126,11,1703,2,36000,1.00645918967
464414,464429,466461,15,2032,2,36000,1.00738188976
464429,464435,466235,6,1800,2,36000,1.00333333333
464444,464450,466219,6,1769,2,36000,1.00339174675
464459,464466,466211,7,1745,2,36000,1.00401146132
464534,464540,466376,6,1836,2,36000,1.00326797386
464535,464546,466337,11,1791,2,36000,1.00614182021
464581,464587,466456,6,1869,2,36000,1.00321027287
464613,464619,466549,6,1930,2,36000,1.00310880829
464634,464640,466621,6,1981,2,36000,1.00302877335
464745,464751,466814,6,2063,2,36000,1.00290838585
464762,464768,466700,6,1932,2,36000,1.00310559006
464799,464806,466718,7,1912,2,36000,1.00366108787
464840,464846,466616,6,1770,2,36000,1.00338983051
464856,464862,466641,6,1779,2,36000,1.00337268128
464881,464887,466674,6,1787,2,36000,1.00335758254
464883,464893,465937,10,1044,2,36000,1.00957854406
464914,464920,466676,6,1756,2,36000,1.00341685649
464969,464976,466923,7,1947,2,36000,1.00359527478
464985,464991,466930,6,1939,2,36000,1.00309437855
464986,464997,484496,11,19499,2,72000,1.00056413149
464987,465002,466777,15,1775,2,36000,1.00845070423
465006,465012,466297,6,1285,2,36000,1.0046692607
465021,465027,466831,6,1804,2,36000,1.00332594235
465022,465033,466838,11,1805,2,36000,1.00609418283
465039,465044,466374,5,1330,2,36000,1.0037593985
465040,465050,466822,10,1772,2,36000,1.00564334086
465042,465055,466834,13,1779,2,36000,1.00730747611
465043,465061,466944,18,1883,2,36000,1.00955921402
465059,465067,466166,8,1099,2,36000,1.00727934486
465077,465084,466067,7,983,2,36000,1.00712105799
465093,465099,466998,6,1899,2,36000,1.00315955766
465095,465105,466799,10,1694,2,36000,1.00590318772
465096,465110,467062,14,1952,2,36000,1.00717213115
465113,465119,467009,6,1890,2,36000,1.00317460317
465115,465125,466912,10,1787,2,36000,1.0055959709
465116,465131,466997,15,1866,2,36000,1.00803858521
465118,465136,466762,18,1626,2,36000,1.0110701107
465133,465142,466846,9,1704,2,36000,1.00528169014
465135,465148,467044,13,1896,2,36000,1.00685654008
465163,465169,466949,6,1780,2,36000,1.00337078652
465178,465184,466993,6,1809,2,36000,1.00331674959
465195,465201,466520,6,1319,2,36000,1.00454890068
465196,465207,466868,11,1661,2,36000,1.00662251656
465198,465212,467144,14,1932,2,36000,1.00724637681
465199,465218,466720,19,1502,2,36000,1.01264980027
465215,465224,467087,9,1863,2,36000,1.00483091787
465216,465229,467080,13,1851,2,36000,1.00702323069
465238,465244,466521,6,1277,2,36000,1.00469851214
465253,465260,467023,7,1763,2,36000,1.00397050482
465269,465276,467119,7,1843,2,36000,1.00379815518
465271,465282,467055,11,1773,2,36000,1.00620417372
465293,465300,466712,7,1412,2,36000,1.00495750708
465295,465306,467137,11,1831,2,36000,1.0060076461
465296,465312,467381,16,2069,2,36000,1.00773320445
465298,465317,467079,19,1762,2,36000,1.01078320091
465300,465322,467217,22,1895,2,36000,1.01160949868
465301,465328,466404,27,1076,2,36000,1.0250929368
465319,465334,467263,15,1929,2,36000,1.00777604977
465321,465339,467149,18,1810,2,36000,1.00994475138
465322,465344,467283,22,1939,2,36000,1.01134605467
465324,465350,467258,26,1908,2,36000,1.01362683438
465367,465373,467282,6,1909,2,36000,1.00314300681
465383,465389,467205,6,1816,2,36000,1.00330396476
465384,465395,466731,11,1336,2,36000,1.00823353293
465400,465406,467393,6,1987,2,36000,1.00301962758
465418,465424,466827,6,1403,2,36000,1.00427655025
465420,465430,466557,10,1127,2,36000,1.00887311446
465431,465437,490622,6,25185,2,72000,1.00023823705
465439,465445,467280,6,1835,2,36000,1.00326975477
465441,465451,467567,10,2116,2,36000,1.00472589792
465442,465456,467382,14,1926,2,36000,1.00726895119
465458,465464,467289,6,1825,2,36000,1.00328767123
465460,465470,467472,10,2002,2,36000,1.004995005
465475,465481,467651,6,2170,2,36000,1.00276497696
465476,465487,467432,11,1945,2,36000,1.00565552699
465507,466222,473620,715,7398,32,21600,1.09664774263
465534,465541,467379,7,1838,2,36000,1.00380848749
465565,465604,466689,39,1085,2,36000,1.03594470046
465581,465646,467534,65,1888,2,36000,1.0344279661
465596,465690,467620,94,1930,2,36000,1.04870466321
465611,465697,467622,86,1925,2,36000,1.04467532468
465636,465741,467582,105,1841,2,36000,1.05703422053
465680,465749,466677,69,928,2,36000,1.07435344828
465696,465754,467546,58,1792,2,36000,1.03236607143
465697,465760,467677,63,1917,2,36000,1.03286384977
465733,465835,467771,102,1936,2,36000,1.05268595041
465734,465887,467944,153,2057,2,36000,1.07438016529
465820,465932,467696,112,1764,2,36000,1.06349206349
465845,465948,466973,103,1025,2,36000,1.10048780488
465879,465964,468079,85,2115,2,36000,1.0401891253
465916,465971,467804,55,1833,2,36000,1.03000545554
465931,466016,468021,85,2005,2,36000,1.04239401496
465946,466062,467765,116,1703,2,36000,1.06811509102
465962,466079,467125,117,1046,2,36000,1.11185468451
465963,466162,467178,199,1016,2,36000,1.19586614173
466007,466177,468065,170,1888,2,36000,1.09004237288
466025,466230,468029,205,1799,2,36000,1.11395219566
466053,466247,467988,194,1741,2,36000,1.11143021252
466070,466310,468194,240,1884,2,36000,1.12738853503
466071,466349,468248,278,1899,2,36000,1.14639283834
466128,466385,468231,257,1846,2,36000,1.13921993499
466150,466392,468448,242,2056,2,36000,1.11770428016
466170,466415,468223,245,1808,2,36000,1.13550884956
466186,466467,468346,281,1879,2,36000,1.14954763172
466212,466474,468353,262,1879,2,36000,1.13943587014
466228,466531,468389,303,1858,2,36000,1.16307857912
466243,466537,468387,294,1850,2,36000,1.15891891892
466259,466303,478410,44,12107,2,90000,1.00363426117
466293,466560,468401,267,1841,2,36000,1.14502987507
466309,466568,468334,259,1766,2,36000,1.14665911665
466340,466627,468608,287,1981,2,36000,1.14487632509
466374,466634,468563,260,1929,2,36000,1.13478486262
466376,466652,468456,276,1804,2,36000,1.15299334812
466409,466685,468475,276,1790,2,36000,1.15418994413
466458,466692,468516,234,1824,2,36000,1.12828947368
466475,466698,468468,223,1770,2,36000,1.12598870056
466523,466704,467893,181,1189,2,36000,1.15222876367
466524,466711,468728,187,2017,2,36000,1.09271194844
466549,466723,468428,174,1705,2,36000,1.10205278592
466565,466730,468887,165,2157,2,36000,1.07649513213
466621,466736,468500,115,1764,2,36000,1.06519274376
466622,466743,468534,121,1791,2,36000,1.06756002233
466644,466773,468487,129,1714,2,36000,1.07526254376
466676,466788,468545,112,1757,2,36000,1.06374501992
466677,466810,468654,133,1844,2,36000,1.07212581345
466679,466826,468780,147,1954,2,36000,1.07523029683
466696,466833,468539,137,1706,2,36000,1.08030480657
466711,466840,468626,129,1786,2,36000,1.07222844345
466713,466847,468451,134,1604,2,36000,1.08354114713
466728,466853,468762,125,1909,2,36000,1.06547930854
466730,466859,468753,129,1894,2,36000,1.06810982049
466731,466864,468704,133,1840,2,36000,1.0722826087
466762,466880,468808,118,1928,2,36000,1.0612033195
466778,466924,468733,146,1809,2,36000,1.08070757324
466796,466935,468747,139,1812,2,36000,1.07671081678
466815,466942,468054,127,1112,2,36000,1.11420863309
466831,466955,468715,124,1760,2,36000,1.07045454545
466832,466962,468111,130,1149,2,36000,1.11314186249
466850,466984,467881,134,897,2,36000,1.14938684504
466851,467004,468786,153,1782,2,36000,1.08585858586
466853,467011,468460,158,1449,2,36000,1.10904071774
466854,467016,468323,162,1307,2,36000,1.12394797246
466870,467023,468163,153,1140,2,36000,1.13421052632
466914,467034,468873,120,1839,2,36000,1.06525285481
466930,467066,468453,136,1387,2,36000,1.09805335256
466931,467072,468854,141,1782,2,36000,1.07912457912
466947,467091,468986,144,1895,2,36000,1.07598944591
466962,467096,468912,134,1816,2,36000,1.07378854626
466977,467103,469054,126,1951,2,36000,1.0645822655
466996,467130,469046,134,1916,2,36000,1.06993736952
467012,467136,468996,124,1860,2,36000,1.06666666667
467014,467155,468850,141,1695,2,36000,1.08318584071
467015,467162,468856,147,1694,2,36000,1.0867768595
467031,467189,468732,158,1543,2,36000,1.10239792612
467038,467055,496034,17,28979,2,108000,1.0005866317
467046,467216,469076,170,1860,2,36000,1.09139784946
467062,467228,469571,166,2343,2,36000,1.07084933845
467063,467270,469007,207,1737,2,36000,1.11917098446
467079,467277,468532,198,1255,2,36000,1.1577689243
467081,467291,468733,210,1442,2,36000,1.14563106796
467096,467298,468953,202,1655,2,36000,1.12205438066
467121,467304,469111,183,1807,2,36000,1.10127282789
467126,467513,479409,387,11896,20,540000,1.03253194351
467137,467310,468965,173,1655,2,36000,1.10453172205
467139,467392,469217,253,1825,2,36000,1.13863013699
467154,467398,468749,244,1351,2,36000,1.18060695781
467156,467404,468517,248,1113,2,36000,1.22282120395
467181,467411,468565,230,1154,2,36000,1.1993067591
467209,467529,469455,320,1926,2,36000,1.16614745587
467224,467546,469383,322,1837,2,36000,1.17528579205
467258,467557,468731,299,1174,2,36000,1.25468483816
467275,467578,468812,303,1234,2,36000,1.24554294976
467291,467593,468757,302,1164,2,36000,1.25945017182
467293,467631,469451,338,1820,2,36000,1.18571428571
467294,467638,469570,344,1932,2,36000,1.17805383023
467296,467645,469419,349,1774,2,36000,1.19673055242
467324,467524,475624,200,8100,2,108000,1.02469135802
467363,468476,1008537,1113,540061,10,540000,1.00206087831
467381,467688,469356,307,1668,2,36000,1.18405275779
467383,467708,469394,325,1686,2,36000,1.19276393832
467384,467777,469197,393,1420,2,36000,1.27676056338
467400,467784,469534,384,1750,2,36000,1.21942857143
467432,467816,469656,384,1840,2,36000,1.20869565217
467467,467473,467475,6,2,2,93600,1.0
467472,467892,468883,420,991,2,36000,1.42381432896
467485,467518,467521,33,3,2,93600,3.6
467525,467535,467571,10,36,1,3600,1.27777777778
467537,467904,469816,367,1912,2,36000,1.19194560669
467552,467956,469322,404,1366,2,36000,1.29575402635
467567,467999,469830,432,1831,2,36000,1.23593664664
467576,467585,467628,9,43,2,93600,1.20930232558
467582,468032,469359,450,1327,2,36000,1.33911077619
467622,468066,469881,444,1815,2,36000,1.24462809917
467624,468076,469497,452,1421,2,36000,1.31808585503
467651,468120,470086,469,1966,2,36000,1.23855544252
467693,468127,469942,434,1815,2,36000,1.2391184573
467709,468175,470008,466,1833,2,36000,1.25422804146
467746,467752,467753,6,1,2,3600,1.0
467768,468206,470100,438,1894,2,36000,1.23125659979
467784,468234,470034,450,1800,2,36000,1.25
467806,468243,469824,437,1581,2,36000,1.27640733713
467879,467885,486483,6,18598,2,93600,1.00032261533
467887,468259,469852,372,1593,2,36000,1.23352165725
467911,468334,470310,423,1976,2,36000,1.21406882591
467952,468358,470111,406,1753,2,36000,1.23160296634
467993,468365,470199,372,1834,2,36000,1.20283533261
468021,468398,469376,377,978,2,36000,1.3854805726
468037,468405,470369,368,1964,2,36000,1.18737270876
468048,468054,468055,6,1,1,3600,1.0
468062,468412,470102,350,1690,2,36000,1.20710059172
468083,468439,470507,356,2068,2,36000,1.17214700193
468084,468462,470166,378,1704,2,36000,1.22183098592
468114,468469,469505,355,1036,2,36000,1.34266409266
468165,468482,470208,317,1726,2,36000,1.18366164542
468196,468489,470346,293,1857,2,36000,1.1577813678
468224,468499,470267,275,1768,2,36000,1.15554298643
468239,468511,470188,272,1677,2,36000,1.16219439475
468254,468528,470411,274,1883,2,36000,1.14551248008
468325,468533,470486,208,1953,2,36000,1.10650281618
468340,468543,470556,203,2013,2,36000,1.10084451068
468356,468550,470410,194,1860,2,36000,1.10430107527
468358,468557,470474,199,1917,2,36000,1.10380803339
468388,468562,470398,174,1836,2,36000,1.09477124183
468404,468574,470135,170,1561,2,36000,1.10890454837
468405,468581,470464,176,1883,2,36000,1.09346787042
468430,468619,470666,189,2047,2,36000,1.09233023937
468449,468638,470432,189,1794,2,36000,1.10535117057
468467,468665,470813,198,2148,2,36000,1.09217877095
468469,468715,470619,246,1904,2,36000,1.12920168067
468470,468726,470450,256,1724,2,36000,1.14849187935
468472,468740,470640,268,1900,2,36000,1.14105263158
468488,468753,470647,265,1894,2,36000,1.1399155227
468489,468758,470584,269,1826,2,36000,1.14731653888
468491,468763,470553,272,1790,2,36000,1.15195530726
468506,468769,470606,263,1837,2,36000,1.14316820904
468522,468774,470374,252,1600,2,36000,1.1575
468524,468780,470226,256,1446,2,36000,1.17704011065
468539,468785,470485,246,1700,2,36000,1.14470588235
468541,468792,470830,251,2038,2,36000,1.12315996075
468556,468798,470530,242,1732,2,36000,1.13972286374
468558,468803,470540,245,1737,2,36000,1.14104778353
468574,468809,469912,235,1103,2,36000,1.21305530372
468575,468819,470620,244,1801,2,36000,1.13548028873
468609,468826,470658,217,1832,2,36000,1.11844978166
468628,468862,470604,234,1742,2,36000,1.13432835821
468656,468869,470964,213,2095,2,36000,1.10167064439
468705,468874,470582,169,1708,2,36000,1.09894613583
468721,468884,470671,163,1787,2,36000,1.09121432569
468737,468894,470649,157,1755,2,36000,1.08945868946
468739,468901,470154,162,1253,2,36000,1.12928970471
468740,468923,470932,183,2009,2,36000,1.09109009457
468740,468747,468779,7,32,2,93600,1.21875
468742,468965,470177,223,1212,2,36000,1.18399339934
468743,468977,470714,234,1737,2,36000,1.13471502591
468760,468997,470203,237,1206,2,36000,1.19651741294
468762,469008,470856,246,1848,2,36000,1.13311688312
468763,469018,470699,255,1681,2,36000,1.15169541939
468765,469057,470888,292,1831,2,36000,1.15947569634
468781,469065,470827,284,1762,2,36000,1.16118047673
468782,469087,470979,305,1892,2,36000,1.161205074
468800,469122,470070,322,948,2,36000,1.33966244726
468816,469209,470923,393,1714,2,36000,1.2292882147
468818,469230,471047,412,1817,2,36000,1.2267473858
468853,469367,471315,514,1948,2,36000,1.26386036961
468871,469374,471152,503,1778,2,36000,1.28290213723
468873,469388,471341,515,1953,2,36000,1.2636968766
468889,469395,471168,506,1773,2,36000,1.28539199098
468890,469405,471190,515,1785,2,36000,1.28851540616
468892,469430,471004,538,1574,2,36000,1.3418043202
468913,469462,471342,549,1880,2,36000,1.2920212766
468957,469468,471385,511,1917,2,36000,1.26656233698
468972,469508,471363,536,1855,2,36000,1.28894878706
468988,469516,470896,528,1380,2,36000,1.38260869565
469004,469582,471535,578,1953,2,36000,1.29595494112
469019,469587,471406,568,1819,2,36000,1.31225948323
469047,469667,471463,620,1796,2,36000,1.34521158129
469063,469828,471909,765,2081,2,36000,1.36761172513
469078,469842,470926,764,1084,2,36000,1.70479704797
469111,469863,471800,752,1937,2,36000,1.38822922044
469200,469893,471768,693,1875,2,36000,1.3696
469219,469923,470871,704,948,2,36000,1.74261603376
469220,469333,476176,113,6843,2,43200,1.01651322519
469323,469953,471732,630,1779,2,36000,1.35413153457
469357,470019,471956,662,1937,2,36000,1.34176561693
469372,470045,471881,673,1836,2,36000,1.3665577342
469389,470081,471819,692,1738,2,36000,1.39815880322
469391,470097,471970,706,1873,2,36000,1.37693539776
469408,470111,472031,703,1920,2,36000,1.36614583333
469424,470118,471906,694,1788,2,36000,1.38814317673
469451,470125,471902,674,1777,2,36000,1.37929093979
469467,470146,471963,679,1817,2,36000,1.37369290039
469498,470165,472131,667,1966,2,36000,1.33926754832
469513,470177,472050,664,1873,2,36000,1.35451147891
469535,470188,471230,653,1042,2,36000,1.62667946257
469535,469546,470257,11,711,1,600,1.01547116737
469572,470199,472069,627,1870,2,36000,1.33529411765
469574,470210,472234,636,2024,2,36000,1.31422924901
469596,470868,528478,1272,57610,10,57600,1.02207950009
469656,470216,472038,560,1822,2,36000,1.30735455543
469744,469835,479591,91,9756,2,43200,1.00932759328
469819,470223,472034,404,1811,2,36000,1.22308117062
469835,470237,472149,402,1912,2,36000,1.21025104603
469836,470267,472043,431,1776,2,36000,1.24268018018
469854,470279,472079,425,1800,2,36000,1.23611111111
469882,470322,472319,440,1997,2,36000,1.22033049574
469913,470358,472103,445,1745,2,36000,1.25501432665
469944,470381,472276,437,1895,2,36000,1.23060686016
470011,470388,471808,377,1420,2,36000,1.26549295775
470035,470444,472225,409,1781,2,36000,1.22964626614
470072,470462,472271,390,1809,2,36000,1.21558872305
470087,470476,472400,389,1924,2,36000,1.20218295218
470103,470486,472281,383,1795,2,36000,1.21337047354
470104,470497,472248,393,1751,2,36000,1.22444317533
470120,470504,472322,384,1818,2,36000,1.21122112211
470136,470519,472448,383,1929,2,36000,1.19854847071
470154,470542,472258,388,1716,2,36000,1.22610722611
470171,470553,472320,382,1767,2,36000,1.21618562535
470187,470565,471764,378,1199,2,36000,1.31526271893
470202,470572,472457,370,1885,2,36000,1.19628647215
470204,470594,472286,390,1692,2,36000,1.2304964539
470221,470615,472366,394,1751,2,36000,1.22501427756
470222,470635,472645,413,2010,2,36000,1.20547263682
470237,470652,472237,415,1585,2,36000,1.261829653
470268,470669,472350,401,1681,2,36000,1.23854848305
470312,470678,472521,366,1843,2,36000,1.19858925665
470348,470710,472546,362,1836,2,36000,1.19716775599
470370,470825,472666,455,1841,2,36000,1.24714828897
470385,470838,472787,453,1949,2,36000,1.23242688558
470386,470422,470440,36,18,4,7200,3.0
470390,470411,471070,21,659,1,600,1.03186646434
470393,470451,472104,58,1653,4,7200,1.0350877193
470400,470622,472349,222,1727,4,7200,1.12854661262
470401,470883,471967,482,1084,2,36000,1.44464944649
470405,470659,472547,254,1888,4,7200,1.13453389831
470417,470899,472633,482,1734,2,36000,1.27797001153
470418,470907,472886,489,1979,2,36000,1.24709449217
470434,470934,472231,500,1297,2,36000,1.38550501157
470452,470940,472127,488,1187,2,36000,1.41112047178
470468,470946,472693,478,1747,2,36000,1.27361190612
470484,470976,472920,492,1944,2,36000,1.25308641975
470499,470990,472833,491,1843,2,36000,1.26641345632
470501,471015,472797,514,1782,2,36000,1.28843995511
470516,471058,472789,542,1731,2,36000,1.31311380705
470531,471080,472865,549,1785,2,36000,1.30756302521
470547,471201,473084,654,1883,2,36000,1.3473181094
470562,471241,473039,679,1798,2,36000,1.37764182425
470564,471326,472378,762,1052,2,36000,1.72433460076
470586,471353,473273,767,1920,2,36000,1.39947916667
470587,471358,473223,771,1865,2,36000,1.41340482574
470606,471374,473206,768,1832,2,36000,1.4192139738
470608,471474,473339,866,1865,2,36000,1.46434316354
470627,471546,473534,919,1988,2,36000,1.46227364185
470629,471743,473492,1114,1749,2,36000,1.63693539165
470646,471775,473223,1129,1448,2,36000,1.7796961326
470648,471831,473670,1183,1839,2,36000,1.64328439369
470667,471920,473844,1253,1924,2,36000,1.65124740125
470669,471967,473929,1298,1962,2,36000,1.66156982671
470670,471974,473708,1304,1734,2,36000,1.75201845444
470679,470686,470687,7,1,1,3600,1.0
470688,471980,473783,1292,1803,2,36000,1.71658347199
470703,472042,473841,1339,1799,2,36000,1.74430239022
470719,472049,473873,1330,1824,2,36000,1.72916666667
470814,472054,473826,1240,1772,2,36000,1.69977426637
470830,472080,473893,1250,1813,2,36000,1.68946497518
470831,472090,474150,1259,2060,2,36000,1.61116504854
470860,472121,473913,1261,1792,2,36000,1.70368303571
470875,472126,474048,1251,1922,2,36000,1.65088449532
470891,472138,474050,1247,1912,2,36000,1.65219665272
470907,472145,473713,1238,1568,2,36000,1.78954081633
470926,472160,473939,1234,1779,2,36000,1.69364811692
470927,472236,474062,1309,1826,2,36000,1.71686746988
470943,472243,473656,1300,1413,2,36000,1.92002830856
470965,472255,474273,1290,2018,2,36000,1.63924677899
470980,472261,473359,1281,1098,2,36000,2.16666666667
471005,472267,474258,1262,1991,2,36000,1.63385233551
471008,471179,473045,171,1866,4,7200,1.09163987138
471027,471115,471117,88,2,1,3600,9.0
471048,472274,473827,1226,1553,2,36000,1.78943979395
471072,471109,471815,37,706,1,600,1.05240793201
471152,472283,473971,1131,1688,2,36000,1.67002369668
471171,472290,474123,1119,1833,2,36000,1.61047463175
471192,472297,474096,1105,1799,2,36000,1.61423012785
471232,472302,473964,1070,1662,2,36000,1.64380264741
471253,471364,474986,111,3622,1,3600,1.03064605191
471317,472330,474271,1013,1941,2,36000,1.52189592993
471341,471892,522208,551,50316,10,57600,1.010950791
471343,472337,474159,994,1822,2,36000,1.54555433589
471344,472342,473484,998,1142,2,36000,1.87390542907
471366,472362,474023,996,1661,2,36000,1.59963877182
471384,472378,474289,994,1911,2,36000,1.52014652015
471396,471417,482109,21,10692,2,72000,1.0019640853
471409,472411,474366,1002,1955,2,36000,1.51253196931
471464,472459,473624,995,1165,2,36000,1.85407725322
471535,472468,474301,933,1833,2,36000,1.50900163666
471653,475001,505381,3348,30380,1,360000,1.11020408163
471727,472538,474338,811,1800,2,36000,1.45055555556
471764,472563,474342,799,1779,2,36000,1.449128724
471780,472644,474396,864,1752,2,36000,1.49315068493
471802,472656,474595,854,1939,2,36000,1.440433213
471818,472677,474614,859,1937,2,36000,1.4434692824
471833,472704,474648,871,1944,2,36000,1.44804526749
471833,472061,504528,228,32467,10,57600,1.00702251517
471882,472798,474572,916,1774,2,36000,1.51634723788
471904,472805,474804,901,1999,2,36000,1.45072536268
471919,472812,474716,893,1904,2,36000,1.46901260504
471920,472845,474118,925,1273,2,36000,1.72663000786
471957,472876,474896,919,2020,2,36000,1.45495049505
471972,472897,474848,925,1951,2,36000,1.47411583803
471974,472932,474449,958,1517,2,36000,1.63150955834
471975,473051,474783,1076,1732,2,36000,1.62124711316
472031,473058,474982,1027,1924,2,36000,1.53378378378
472034,472114,484847,80,12733,2,72000,1.00628288699
472048,473063,474525,1015,1462,2,36000,1.69425444596
472050,473095,474893,1045,1798,2,36000,1.58120133482
472052,473218,475116,1166,1898,2,36000,1.6143308746
472071,473234,474991,1163,1757,2,36000,1.66192373364
472072,473240,475025,1168,1785,2,36000,1.65434173669
472090,473285,475035,1195,1750,2,36000,1.68285714286
472106,473352,475216,1246,1864,2,36000,1.66845493562
472128,473371,475151,1243,1780,2,36000,1.69831460674
472144,473497,474884,1353,1387,2,36000,1.97548666186
472160,473504,475270,1344,1766,2,36000,1.7610419026
472227,473546,475436,1319,1890,2,36000,1.69788359788
472238,472250,472455,12,205,1,216000,1.05853658537
472243,473663,475036,1420,1373,2,36000,2.03423160961
472245,473668,475453,1423,1785,2,36000,1.79719887955
472246,473673,475719,1427,2046,2,36000,1.69745845552
472262,473685,475428,1423,1743,2,36000,1.81640849111
472264,473691,475571,1427,1880,2,36000,1.75904255319
472280,473697,474970,1417,1273,2,36000,2.11311861744
472282,473719,475340,1437,1621,2,36000,1.8864898211
472298,473726,475652,1428,1926,2,36000,1.74143302181
472299,473794,475538,1495,1744,2,36000,1.85722477064
472300,472558,515804,258,43246,10,43200,1.00596586968
472318,473838,475654,1520,1816,2,36000,1.83700440529
472320,473844,475610,1524,1766,2,36000,1.86296715742
472336,473852,475638,1516,1786,2,36000,1.84882418813
472353,473859,475049,1506,1190,2,36000,2.26554621849
472370,473884,475563,1514,1679,2,36000,1.90172721858
472386,473905,475631,1519,1726,2,36000,1.88006952491
472402,473926,475770,1524,1844,2,36000,1.82646420824
472451,473941,475926,1490,1985,2,36000,1.75062972292
472466,473950,475819,1484,1869,2,36000,1.79400749064
472489,472532,473270,43,738,1,216000,1.05826558266
472524,473975,475777,1451,1802,2,36000,1.80521642619
472549,473983,475715,1434,1732,2,36000,1.82794457275
472635,474035,475912,1400,1877,2,36000,1.74587107086
472650,474058,475821,1408,1763,2,36000,1.79863868406
472669,474065,476031,1396,1966,2,36000,1.71007121058
472693,474073,475890,1380,1817,2,36000,1.75949367089
472740,477576,502499,4836,24923,2,43200,1.19403763592
472788,474107,475115,1319,1008,2,36000,2.30853174603
472804,474129,476044,1325,1915,2,36000,1.69190600522
472805,474136,476030,1331,1894,2,36000,1.70274551214
472836,474161,475923,1325,1762,2,36000,1.75198637911
472867,474170,475831,1303,1661,2,36000,1.78446718844
472888,474270,476043,1382,1773,2,36000,1.77946982516
472922,474283,475311,1361,1028,2,36000,2.32392996109
473012,473652,490300,640,16648,10,57600,1.03844305622
473042,474289,476116,1247,1827,2,36000,1.68253968254
473085,474301,475953,1216,1652,2,36000,1.73607748184
473208,474313,476138,1105,1825,2,36000,1.60547945205
473223,474350,475444,1127,1094,2,36000,2.03016453382
473225,474357,476180,1132,1823,2,36000,1.62095447065
473274,474378,476144,1104,1766,2,36000,1.62514156285
473290,473658,550117,368,76459,1,216000,1.00481303705
473303,473632,475742,329,2110,4,7200,1.15592417062
473303,473637,475885,334,2248,4,7200,1.14857651246
473304,473647,475683,343,2036,4,7200,1.1684675835
473304,473642,475987,338,2345,4,7200,1.14413646055
473341,474408,476205,1067,1797,2,36000,1.59376739009
473359,474462,476329,1103,1867,2,36000,1.5907873594
473484,474537,476406,1053,1869,2,36000,1.56340288925
473500,474583,476467,1083,1884,2,36000,1.57484076433
473537,474607,476408,1070,1801,2,36000,1.5941143809
473626,474626,476358,1000,1732,2,36000,1.57736720554
473657,474660,476253,1003,1593,2,36000,1.62962962963
473673,474728,476572,1055,1844,2,36000,1.57212581345
473707,474796,476555,1089,1759,2,36000,1.61910176236
473712,475923,516443,2211,40520,10,57600,1.05456564659
473723,474816,476548,1093,1732,2,36000,1.63106235566
473785,474860,476679,1075,1819,2,36000,1.59098405717
473829,474896,476633,1067,1737,2,36000,1.61427748993
473830,474912,476884,1082,1972,2,36000,1.54868154158
473847,474983,476078,1136,1095,2,36000,2.03744292237
473848,474994,476210,1146,1216,2,36000,1.94243421053
473879,475008,476218,1129,1210,2,36000,1.93305785124
473894,475037,476752,1143,1715,2,36000,1.66647230321
473916,475047,476858,1131,1811,2,36000,1.62451684152
473932,475062,476757,1130,1695,2,36000,1.66666666667
473948,475132,476905,1184,1773,2,36000,1.66779469825
473966,475163,476957,1197,1794,2,36000,1.66722408027
473982,475228,477089,1246,1861,2,36000,1.6695325094
474027,475283,476947,1256,1664,2,36000,1.75480769231
474052,475323,477138,1271,1815,2,36000,1.70027548209
474053,475352,476806,1299,1454,2,36000,1.89339752407
474069,475448,477301,1379,1853,2,36000,1.74419859687
474097,475470,477565,1373,2095,2,36000,1.6553699284
474119,475549,477226,1430,1677,2,36000,1.85271317829
474135,475575,477152,1440,1577,2,36000,1.91312618897
474150,475582,477400,1432,1818,2,36000,1.78767876788
474160,475126,477199,966,2073,4,7200,1.46599131693
474166,475623,477743,1457,2120,2,36000,1.68726415094
474170,475464,477558,1294,2094,4,7200,1.61795606495
474175,475663,477690,1488,2027,4,7200,1.73408978786
474181,475694,477927,1513,2233,4,7200,1.67756381549
474262,475644,476695,1382,1051,2,36000,2.31493815414
474278,475651,477558,1373,1907,2,36000,1.71997902465
474280,475670,477462,1390,1792,2,36000,1.77566964286
474296,475727,477447,1431,1720,2,36000,1.83197674419
474312,475734,477066,1422,1332,2,36000,2.06756756757
474339,475781,477742,1442,1961,2,36000,1.7353391127
474355,475788,476807,1433,1019,2,36000,2.40628066732
474370,475830,477554,1460,1724,2,36000,1.84686774942
474398,475837,477693,1439,1856,2,36000,1.77532327586
474649,474905,484206,256,9301,2,90000,1.02752392216
475737,475844,477560,107,1716,2,36000,1.06235431235
475775,475902,477986,127,2084,2,36000,1.06094049904
475791,475935,477916,144,1981,2,36000,1.07269056032
475822,475941,477711,119,1770,2,36000,1.06723163842
475823,475964,477723,141,1759,2,36000,1.08015918135
475839,475998,478116,159,2118,2,36000,1.07507082153
475893,476003,477034,110,1031,2,36000,1.10669253152
475914,476042,478012,128,1970,2,36000,1.06497461929
475931,476047,478021,116,1974,2,36000,1.0587639311
475932,476054,478082,122,2028,2,36000,1.06015779093
475954,476061,477135,107,1074,2,36000,1.09962756052
476031,476089,477994,58,1905,2,36000,1.03044619423
476032,476128,477205,96,1077,2,36000,1.08913649025
476048,476149,477891,101,1742,2,36000,1.0579793341
476050,476156,478184,106,2028,2,36000,1.05226824458
476080,476187,478172,107,1985,2,36000,1.05390428212
476117,476193,478065,76,1872,2,36000,1.0405982906
476138,476216,478018,78,1802,2,36000,1.04328523862
476154,476223,477988,69,1765,2,36000,1.03909348442
476182,476230,477438,48,1208,2,36000,1.03973509934
476206,476264,478159,58,1895,2,36000,1.03060686016
476222,476340,477968,118,1628,2,36000,1.07248157248
476223,476369,478171,146,1802,2,36000,1.08102108768
476255,476418,478368,163,1950,2,36000,1.08358974359
476332,476425,477584,93,1159,2,36000,1.08024158758
476359,476479,478242,120,1763,2,36000,1.06806579694
476408,476559,477589,151,1030,2,36000,1.14660194175
476409,476566,478518,157,1952,2,36000,1.08043032787
476471,476583,478395,112,1812,2,36000,1.06181015453
476551,476644,478404,93,1760,2,36000,1.05284090909
476566,476691,478531,125,1840,2,36000,1.06793478261
476581,476706,478498,125,1792,2,36000,1.06975446429
476634,476763,478582,129,1819,2,36000,1.07091808686
476680,476770,478477,90,1707,2,36000,1.05272407733
476695,476817,478603,122,1786,2,36000,1.06830907055
476754,476824,478456,70,1632,2,36000,1.04289215686
476769,476869,478760,100,1891,2,36000,1.05288207298
476806,476895,478883,89,1988,2,36000,1.04476861167
476808,476916,478858,108,1942,2,36000,1.05561277034
476857,476958,478645,101,1687,2,36000,1.05986959099
476884,476969,478722,85,1753,2,36000,1.04848830576
476906,477046,478613,140,1567,2,36000,1.08934269304
476949,477078,477987,129,909,2,36000,1.14191419142
476964,477101,479071,137,1970,2,36000,1.06954314721
477034,477147,479103,113,1956,2,36000,1.05777096115
477068,477154,478940,86,1786,2,36000,1.04815229563
477093,477163,478927,70,1764,2,36000,1.03968253968
477137,477210,479366,73,2156,2,36000,1.03385899814
477153,477215,479197,62,1982,2,36000,1.0312815338
477154,477222,479244,68,2022,2,36000,1.03363006924
477207,477237,479340,30,2103,2,36000,1.01426533524
477226,477312,479873,86,2561,2,36000,1.03358063257
477301,477411,478990,110,1579,2,36000,1.06966434452
477401,477449,478437,48,988,2,36000,1.04858299595
477438,477458,479375,20,1917,2,36000,1.01043296818
477454,477473,479036,19,1563,2,36000,1.01215611004
477470,477565,479245,95,1680,2,36000,1.05654761905
477555,477571,479275,16,1704,2,36000,1.00938967136
477571,477583,479485,12,1902,2,36000,1.00630914826
477573,477588,479621,15,2033,2,36000,1.00737825873
477575,477594,479355,19,1761,2,36000,1.01078932425
477591,477599,479518,8,1919,2,36000,1.00416883794
477592,477605,479435,13,1830,2,36000,1.00710382514
477695,477701,479828,6,2127,2,36000,1.00282087447
477713,477719,479489,6,1770,2,36000,1.00338983051
477725,477731,491641,6,13910,1,28800,1.00043134436
477730,477737,479717,7,1980,2,36000,1.00353535354
477747,477753,479589,6,1836,2,36000,1.00326797386
477748,477759,478922,11,1163,2,36000,1.00945829751
477893,477900,479907,7,2007,2,36000,1.00348779273
477918,477924,479660,6,1736,2,36000,1.0034562212
477970,477977,479821,7,1844,2,36000,1.00379609544
477990,477996,479810,6,1814,2,36000,1.0033076075
477992,478002,479984,10,1982,2,36000,1.00504540868
477993,478007,479870,14,1863,2,36000,1.00751476114
478010,478016,479758,6,1742,2,36000,1.00344431688
478027,478033,479855,6,1822,2,36000,1.00329308452
478028,478039,479639,11,1600,2,36000,1.006875
478030,478044,479965,14,1921,2,36000,1.0072878709
478068,478074,478971,6,897,2,36000,1.00668896321
478084,478090,480094,6,2004,2,36000,1.00299401198
478115,478121,479926,6,1805,2,36000,1.00332409972
478161,478167,479952,6,1785,2,36000,1.00336134454
478183,478189,479380,6,1191,2,36000,1.00503778338
478184,478195,480064,11,1869,2,36000,1.00588550027
478202,478208,480165,6,1957,2,36000,1.00306591722
478245,478251,479759,6,1508,2,36000,1.00397877984
478371,478377,480256,6,1879,2,36000,1.00319318787
478399,478405,480245,6,1840,2,36000,1.00326086957
478415,478421,480180,6,1759,2,36000,1.00341102899
478441,478447,480166,6,1719,2,36000,1.0034904014
478460,478466,480206,6,1740,2,36000,1.00344827586
478482,478487,480314,5,1827,2,36000,1.00273672687
478501,478507,480234,6,1727,2,36000,1.00347423277
478520,478526,480221,6,1695,2,36000,1.00353982301
478537,478543,479708,6,1165,2,36000,1.00515021459
478585,478591,480311,6,1720,2,36000,1.00348837209
478608,478614,480450,6,1836,2,36000,1.00326797386
478624,478630,479673,6,1043,2,36000,1.00575263663
478645,478652,480563,7,1911,2,36000,1.00366300366
478727,478733,480504,6,1771,2,36000,1.00338791643
478762,478768,480578,6,1810,2,36000,1.00331491713
478861,478868,480599,7,1731,2,36000,1.00404390526
478884,478890,479924,6,1034,2,36000,1.00580270793
478927,478933,480898,6,1965,2,36000,1.00305343511
478929,478939,480706,10,1767,2,36000,1.00565930956
478945,478951,480808,6,1857,2,36000,1.00323101777
478975,478981,480571,6,1590,2,36000,1.00377358491
478991,478997,480627,6,1630,2,36000,1.0036809816
479040,479046,480897,6,1851,2,36000,1.00324149109
479071,479077,480856,6,1779,2,36000,1.00337268128
479106,479112,480985,6,1873,2,36000,1.00320341698
479200,479206,480860,6,1654,2,36000,1.00362756953
479246,479252,480614,6,1362,2,36000,1.00440528634
479247,479258,481142,11,1884,2,36000,1.00583864119
479277,479283,481040,6,1757,2,36000,1.00341491178
479340,479346,480397,6,1051,2,36000,1.00570884872
479359,479365,481264,6,1899,2,36000,1.00315955766
479374,479380,481322,6,1942,2,36000,1.00308959835
479376,479386,480636,10,1250,2,36000,1.008
479393,479399,481313,6,1914,2,36000,1.00313479624
479438,479444,480684,6,1240,2,36000,1.00483870968
479487,479494,481324,7,1830,2,36000,1.00382513661
479503,479509,481519,6,2010,2,36000,1.00298507463
479521,479527,481524,6,1997,2,36000,1.00300450676
479549,479555,484897,6,5342,2,28800,1.00112317484
479591,479597,481369,6,1772,2,36000,1.00338600451
479622,479628,481536,6,1908,2,36000,1.00314465409
479640,479646,481408,6,1762,2,36000,1.00340522134
479661,479667,481687,6,2020,2,36000,1.00297029703
479677,479683,481687,6,2004,2,36000,1.00299401198
479712,479718,481650,6,1932,2,36000,1.00310559006
479727,479733,481768,6,2035,2,36000,1.00294840295
479760,479766,481570,6,1804,2,36000,1.00332594235
479761,479772,481617,11,1845,2,36000,1.00596205962
479778,481423,691629,1645,210206,20,540000,1.00782565674
479780,479786,480566,6,780,4,1200,1.00769230769
479810,479816,481587,6,1771,2,36000,1.00338791643
479826,479832,481638,6,1806,2,36000,1.00332225914
479842,479848,481874,6,2026,2,36000,1.00296150049
479857,479863,481799,6,1936,2,36000,1.00309917355
479874,479880,481849,6,1969,2,36000,1.0030472321
479875,479886,481608,11,1722,2,36000,1.00638792102
479910,479916,481691,6,1775,2,36000,1.00338028169
479925,479931,481227,6,1296,2,36000,1.00462962963
479940,479947,481758,7,1811,2,36000,1.00386526781
479956,479962,481862,6,1900,2,36000,1.00315789474
479971,479977,481333,6,1356,2,36000,1.00442477876
479986,479993,481772,7,1779,2,36000,1.00393479483
480065,480072,482055,7,1983,2,36000,1.00353000504
480096,480102,481865,6,1763,2,36000,1.00340328985
480166,480172,482058,6,1886,2,36000,1.00318133616
480167,480179,482056,12,1877,2,36000,1.00639318061
480183,480189,482098,6,1909,2,36000,1.00314300681
480207,480213,482163,6,1950,2,36000,1.00307692308
480223,480229,482031,6,1802,2,36000,1.00332963374
480238,480244,481316,6,1072,2,36000,1.00559701493
480254,480260,482086,6,1826,2,36000,1.00328587076
480269,480275,482191,6,1916,2,36000,1.00313152401
480302,480577,482584,275,2007,2,28800,1.1370204285
480312,480318,481403,6,1085,2,36000,1.00552995392
480327,480334,482024,7,1690,2,36000,1.00414201183
480398,480404,482243,6,1839,2,36000,1.00326264274
480453,480460,482237,7,1777,2,36000,1.00393922341
480506,480512,482255,6,1743,2,36000,1.00344234079
480564,480570,482284,6,1714,2,36000,1.00350058343
480582,480589,482364,7,1775,2,36000,1.00394366197
480584,480595,482374,11,1779,2,36000,1.00618324902
480600,480606,482498,6,1892,2,36000,1.00317124736
480615,480621,482369,6,1748,2,36000,1.00343249428
480630,480637,481957,7,1320,2,36000,1.0053030303
480646,480652,482503,6,1851,2,36000,1.00324149109
480686,480693,482419,7,1726,2,36000,1.00405561993
480708,480714,482495,6,1781,2,36000,1.00336889388
480810,480817,482614,7,1797,2,36000,1.00389538119
480857,480863,482705,6,1842,2,36000,1.00325732899
480872,480878,482920,6,2042,2,36000,1.00293829579
480897,480903,482699,6,1796,2,36000,1.00334075724
480913,480919,482773,6,1854,2,36000,1.00323624595
480986,480993,482054,7,1061,2,36000,1.00659754948
481041,481047,482516,6,1469,2,36000,1.00408441116
481144,481150,482772,6,1622,2,36000,1.00369913687
481227,481233,483365,6,2132,2,36000,1.00281425891
481267,481273,483168,6,1895,2,36000,1.00316622691
481315,481321,482931,6,1610,2,36000,1.00372670807
481316,481327,483099,11,1772,2,36000,1.00620767494
481333,481339,482350,6,1011,2,36000,1.0059347181
481334,481345,483087,11,1742,2,36000,1.00631458094
481335,481350,483127,15,1777,2,36000,1.00844119302
481370,481376,483184,6,1808,2,36000,1.00331858407
481405,481411,483268,6,1857,2,36000,1.00323101777
481406,481417,483218,11,1801,2,36000,1.00610771793
481513,481520,481672,7,152,1,600,1.04605263158
481520,481527,483434,7,1907,2,36000,1.00367068694
481535,481542,483358,7,1816,2,36000,1.00385462555
481537,481547,483580,10,2033,2,36000,1.00491883915
481571,481577,483563,6,1986,2,36000,1.00302114804
481586,481592,483448,6,1856,2,36000,1.00323275862
481610,481617,483342,7,1725,2,36000,1.00405797101
481625,481632,483401,7,1769,2,36000,1.00395703787
481641,481647,483492,6,1845,2,36000,1.00325203252
481656,481662,483451,6,1789,2,36000,1.00335382895
481690,481696,483219,6,1523,2,36000,1.00393959291
481691,481702,482686,11,984,2,36000,1.01117886179
481698,482068,489161,370,7093,4,10800,1.05216410546
481706,481714,483668,8,1954,2,36000,1.00409416581
481744,482117,492120,373,10003,4,14400,1.03728881336
481759,481765,482940,6,1175,2,36000,1.00510638298
481774,481780,483741,6,1961,2,36000,1.00305966344
481776,481786,483684,10,1898,2,36000,1.0052687039
481800,481806,483766,6,1960,2,36000,1.00306122449
481850,481856,483571,6,1715,2,36000,1.00349854227
481866,481872,483389,6,1517,2,36000,1.00395517469
481868,481879,483840,11,1961,2,36000,1.00560938297
481883,481889,483919,6,2030,2,36000,1.00295566502
481892,483099,493918,1207,10819,4,10800,1.11156299103
481958,481965,483105,7,1140,2,36000,1.00614035088
482023,482029,482102,6,73,2,3600,1.08219178082
482025,482035,483761,10,1726,2,36000,1.00579374276
482040,482047,483960,7,1913,2,36000,1.00365917407
482056,482062,484057,6,1995,2,36000,1.0030075188
482057,482074,483793,17,1719,2,36000,1.00988947062
482059,482079,483799,20,1720,2,36000,1.01162790698
482082,482088,484011,6,1923,2,36000,1.0031201248
482098,482104,483290,6,1186,2,36000,1.00505902192
482099,482110,483739,11,1629,2,36000,1.00675260896
482167,482173,483137,6,964,2,36000,1.00622406639
482195,482202,484078,7,1876,2,36000,1.00373134328
482239,482245,484063,6,1818,2,36000,1.00330033003
482255,482261,484122,6,1861,2,36000,1.00322407308
482257,482267,484067,10,1800,2,36000,1.00555555556
482285,482291,484076,6,1785,2,36000,1.00336134454
482351,482357,484105,6,1748,2,36000,1.00343249428
482367,482373,484107,6,1734,2,36000,1.00346020761
482383,482389,483619,6,1230,2,36000,1.00487804878
482384,482396,484094,12,1698,2,36000,1.00706713781
482422,482428,484098,6,1670,2,36000,1.00359281437
482497,482503,484175,6,1672,2,36000,1.00358851675
482516,482523,484440,7,1917,2,36000,1.00365153886
482518,482529,484333,11,1804,2,36000,1.00609756098
482519,482534,484416,15,1882,2,36000,1.00797024442
482615,482621,484630,6,2009,2,36000,1.00298656048
482688,482694,484510,6,1816,2,36000,1.00330396476
482703,482709,484489,6,1780,2,36000,1.00337078652
482719,482725,484600,6,1875,2,36000,1.0032
482773,482779,484612,6,1833,2,36000,1.00327332242
482788,482795,484570,7,1775,2,36000,1.00394366197
482914,482936,483044,22,108,2,3600,1.2037037037
482923,482929,484703,6,1774,2,36000,1.00338218715
482938,482944,484770,6,1826,2,36000,1.00328587076
482954,482960,484882,6,1922,2,36000,1.00312174818
483094,483104,484254,10,1150,2,36000,1.00869565217
483109,483115,484521,6,1406,2,36000,1.00426742532
483110,483121,484923,11,1802,2,36000,1.00610432852
483129,483138,484966,9,1828,2,36000,1.00492341357
483145,483151,484940,6,1789,2,36000,1.00335382895
483170,483179,484974,9,1795,2,36000,1.00501392758
483185,483196,484987,11,1791,2,36000,1.00614182021
483220,483229,485169,9,1940,2,36000,1.00463917526
483221,483235,485316,14,2081,2,36000,1.00672753484
483270,483280,485069,10,1789,2,36000,1.00558971492
483293,483301,485133,8,1832,2,36000,1.00436681223
483344,483353,484453,9,1100,2,36000,1.00818181818
483360,483369,485176,9,1807,2,36000,1.00498063088
483376,483382,485321,6,1939,2,36000,1.00309437855
483394,483400,485098,6,1698,2,36000,1.0035335689
483410,483416,485317,6,1901,2,36000,1.00315623356
483435,483445,485142,10,1697,2,36000,1.00589275192
483451,483459,485121,8,1662,2,36000,1.00481347774
483452,483465,485370,13,1905,2,36000,1.00682414698
483471,484954,486170,1483,1216,8,1200,2.21957236842
483493,483503,485291,10,1788,2,36000,1.00559284116
483566,483582,485360,16,1778,2,36000,1.00899887514
483586,483630,484922,44,1292,2,36000,1.03405572755
483587,483679,485589,92,1910,2,36000,1.04816753927
483622,483695,485562,73,1867,2,36000,1.03910016069
483670,483751,485557,81,1806,2,36000,1.04485049834
483685,483758,485639,73,1881,2,36000,1.03880914407
483743,483772,485700,29,1928,2,36000,1.01504149378
483744,483779,484874,35,1095,2,36000,1.03196347032
483762,483805,485597,43,1792,2,36000,1.02399553571
483778,483812,485495,34,1683,2,36000,1.0202020202
483795,483852,485702,57,1850,2,36000,1.03081081081
483810,483931,485191,121,1260,2,36000,1.09603174603
483843,483971,485681,128,1710,2,36000,1.07485380117
483921,484023,485860,102,1837,2,36000,1.05552531301
483965,484068,485775,103,1707,2,36000,1.06033977739
484012,484075,485601,63,1526,2,36000,1.04128440367
484062,484081,486030,19,1949,2,36000,1.00974858902
484088,484094,485890,6,1796,2,36000,1.00334075724
484089,484100,485863,11,1763,2,36000,1.00623936472
484091,484106,485875,15,1769,2,36000,1.00847936687
484092,484112,486075,20,1963,2,36000,1.01018848701
484112,484118,485838,6,1720,2,36000,1.00348837209
484114,484124,485865,10,1741,2,36000,1.00574382539
484115,484136,485206,21,1070,2,36000,1.01962616822
484116,484186,486015,70,1829,2,36000,1.03827227993
484136,484220,486071,84,1851,2,36000,1.0453808752
484167,485132,487320,965,2188,4,7200,1.44104204753
484173,485302,487780,1129,2478,4,7200,1.45560936239
484177,484267,486023,90,1756,2,36000,1.05125284738
484178,485334,487592,1156,2258,4,7200,1.5119574845
484183,485600,488236,1417,2636,4,7200,1.5375569044
484257,484346,485392,89,1046,2,36000,1.08508604207
484340,484427,486218,87,1791,2,36000,1.04857621441
484418,484453,486262,35,1809,2,36000,1.01934770591
484441,484466,486082,25,1616,2,36000,1.01547029703
484457,484501,486405,44,1904,2,36000,1.0231092437
484489,484509,486403,20,1894,2,36000,1.01055966209
484513,484523,486273,10,1750,2,36000,1.00571428571
484534,484540,486404,6,1864,2,36000,1.00321888412
484572,484583,486406,11,1823,2,36000,1.00603400987
484613,484619,486379,6,1760,2,36000,1.00340909091
484615,484626,486553,11,1927,2,36000,1.00570835496
484630,484642,485756,12,1114,2,36000,1.01077199282
484704,484715,486068,11,1353,2,36000,1.0081300813
484772,484783,486547,11,1764,2,36000,1.00623582766
484876,484882,485966,6,1084,2,36000,1.00553505535
484892,484899,486769,7,1870,2,36000,1.00374331551
484924,484930,486653,6,1723,2,36000,1.00348229832
484926,484937,486720,11,1783,2,36000,1.00616937745
484941,484948,486815,7,1867,2,36000,1.00374933048
484969,484978,486699,9,1721,2,36000,1.00522951772
484985,484991,486791,6,1800,2,36000,1.00333333333
485001,485007,486925,6,1918,2,36000,1.0031282586
485073,485082,487139,9,2057,2,36000,1.00437530384
485101,485145,487006,44,1861,2,36000,1.02364320258
485123,485154,487052,31,1898,2,36000,1.01633298209
485138,485181,486978,43,1797,2,36000,1.02392877017
485154,485202,487079,48,1877,2,36000,1.02557272243
485169,485218,487196,49,1978,2,36000,1.02477249747
485185,485327,487103,142,1776,2,36000,1.07995495495
485201,485373,487267,172,1894,2,36000,1.09081309398
485216,485403,487147,187,1744,2,36000,1.10722477064
485293,485506,487387,213,1881,2,36000,1.11323763955
485316,485568,487278,252,1710,2,36000,1.14736842105
485317,485575,487554,258,1979,2,36000,1.13036887317
485333,485609,486689,276,1080,2,36000,1.25555555556
485358,485616,487318,258,1702,2,36000,1.15158636898
485374,485650,487319,276,1669,2,36000,1.16536848412
485392,485692,487700,300,2008,2,36000,1.14940239044
485497,485707,487562,210,1855,2,36000,1.11320754717
485520,485702,496217,182,10515,4,18000,1.01730860675
485560,485712,487511,152,1799,2,36000,1.0844913841
485575,485718,486825,143,1107,2,36000,1.12917795845
485596,485723,487661,127,1938,2,36000,1.06553147575
485597,485728,487491,131,1763,2,36000,1.07430516166
485613,485735,487687,122,1952,2,36000,1.0625
485641,485740,487532,99,1792,2,36000,1.05524553571
485684,485767,487631,83,1864,2,36000,1.044527897
485702,485786,487496,84,1710,2,36000,1.04912280702
485704,485849,487535,145,1686,2,36000,1.08600237248
485756,485871,487744,115,1873,2,36000,1.06139882541
485776,485878,487528,102,1650,2,36000,1.06181818182
485841,485883,487586,42,1703,2,36000,1.02466236054
485862,485889,486800,27,911,2,36000,1.0296377607
485863,485901,487609,38,1708,2,36000,1.02224824356
485881,485977,487737,96,1760,2,36000,1.05454545455
485882,486026,487994,144,1968,2,36000,1.07317073171
485898,486034,487820,136,1786,2,36000,1.07614781635
485962,486041,487765,79,1724,2,36000,1.04582366589
486018,486080,487895,62,1815,2,36000,1.03415977961
486034,486087,487728,53,1641,2,36000,1.03229737965
486036,486092,487571,56,1479,2,36000,1.03786342123
486070,486099,488083,29,1984,2,36000,1.01461693548
486072,486181,488244,109,2063,2,36000,1.0528356762
486088,486186,487349,98,1163,2,36000,1.08426483233
486090,486191,488031,101,1840,2,36000,1.05489130435
486219,486226,487961,7,1735,2,36000,1.00403458213
486267,486273,487995,6,1722,2,36000,1.00348432056
486282,486288,488072,6,1784,2,36000,1.0033632287
486398,486404,488291,6,1887,2,36000,1.00317965024
486419,486425,488178,6,1753,2,36000,1.00342270394
486421,486558,487572,137,1014,2,36000,1.13510848126
486422,486566,488363,144,1797,2,36000,1.08013355593
486424,486665,488634,241,1969,2,36000,1.12239715592
486501,486822,570477,321,83655,2,93600,1.00383718845
486548,486700,488555,152,1855,2,36000,1.08194070081
486564,486711,488567,147,1856,2,36000,1.07920258621
486657,486731,488613,74,1882,2,36000,1.03931987248
486692,486780,488708,88,1928,2,36000,1.04564315353
486708,486803,488628,95,1825,2,36000,1.05205479452
486724,486812,488532,88,1720,2,36000,1.0511627907
486773,486827,487969,54,1142,2,36000,1.0472854641
486800,486833,488767,33,1934,2,36000,1.0170630817
486802,486838,488827,36,1989,2,36000,1.01809954751
486819,486844,488910,25,2066,2,36000,1.01210067764
486835,486849,488735,14,1886,2,36000,1.00742311771
486925,486936,488848,11,1912,2,36000,1.00575313808
486981,486989,488770,8,1781,2,36000,1.00449185851
487001,487340,628334,339,140994,2,172800,1.00240435763
487006,487017,488793,11,1776,2,36000,1.00619369369
487054,487064,488496,10,1432,2,36000,1.00698324022
487082,487090,489060,8,1970,2,36000,1.00406091371
487104,487114,488232,10,1118,2,36000,1.00894454383
487145,487151,488243,6,1092,2,36000,1.00549450549
487162,487168,489237,6,2069,2,36000,1.00289995167
487199,487208,489063,9,1855,2,36000,1.00485175202
487266,487278,489072,12,1794,2,36000,1.00668896321
487282,487289,489137,7,1848,2,36000,1.00378787879
487320,487329,489202,9,1873,2,36000,1.00480512547
487321,487335,489284,14,1949,2,36000,1.00718317086
487349,487355,489185,6,1830,2,36000,1.00327868852
487389,487395,489279,6,1884,2,36000,1.00318471338
487487,487493,489381,6,1888,2,36000,1.0031779661
487503,487509,489266,6,1757,2,36000,1.00341491178
487518,487524,489549,6,2025,2,36000,1.00296296296
487536,487542,489660,6,2118,2,36000,1.00283286119
487537,487548,489578,11,2030,2,36000,1.00541871921
487539,487553,489274,14,1721,2,36000,1.00813480535
487555,487562,489381,7,1819,2,36000,1.00384826828
487572,487624,494870,52,7246,8,7200,1.00717637317
487578,487585,489630,7,2045,2,36000,1.00342298289
487580,487590,488690,10,1100,2,36000,1.00909090909
487581,487597,489288,16,1691,2,36000,1.00946185689
487596,487603,489479,7,1876,2,36000,1.00373134328
487611,487618,489471,7,1853,2,36000,1.00377765785
487633,487698,489564,65,1866,2,36000,1.03483386924
487634,488251,489042,617,791,16,7200,1.78002528445
487661,487711,489697,50,1986,2,36000,1.02517623364
487688,487756,489770,68,2014,2,36000,1.03376365442
487705,487776,489483,71,1707,2,36000,1.04159343878
487730,487831,489633,101,1802,2,36000,1.05604883463
487746,487907,489866,161,1959,2,36000,1.08218478816
487748,487973,489135,225,1162,2,36000,1.19363166954
487767,487980,490070,213,2090,2,36000,1.1019138756
487824,488006,489426,182,1420,2,36000,1.12816901408
487898,488011,490014,113,2003,2,36000,1.05641537693
487963,488042,489874,79,1832,2,36000,1.04312227074
487979,488083,489119,104,1036,2,36000,1.10038610039
487997,488094,489931,97,1837,2,36000,1.05280348394
487999,488190,489341,191,1151,2,36000,1.16594265856
488031,488244,490008,213,1764,2,36000,1.12074829932
488075,488258,490297,183,2039,2,36000,1.08974987739
488090,488263,489645,173,1382,2,36000,1.12518089725
488180,488303,490113,123,1810,2,36000,1.0679558011
488233,488374,490145,141,1771,2,36000,1.07961603614
488249,488508,490352,259,1844,2,36000,1.14045553145
488251,488543,489953,292,1410,2,36000,1.20709219858
488294,488566,490676,272,2110,2,36000,1.12890995261
488365,488579,490345,214,1766,2,36000,1.12117780294
488490,488624,489803,134,1179,2,36000,1.11365564037
488534,488639,489742,105,1103,2,36000,1.09519492294
488556,488646,490677,90,2031,2,36000,1.04431314623
488572,488701,490560,129,1859,2,36000,1.06939214632
488615,488720,490689,105,1969,2,36000,1.05332656171
488630,488746,490675,116,1929,2,36000,1.06013478486
488646,488779,490307,133,1528,2,36000,1.08704188482
488668,488786,490663,118,1877,2,36000,1.06286627597
488686,488804,490295,118,1491,2,36000,1.07914151576
488737,488839,490664,102,1825,2,36000,1.05589041096
488752,488860,490764,108,1904,2,36000,1.05672268908
488770,488921,490803,151,1882,2,36000,1.08023379384
488788,489053,490724,265,1671,2,36000,1.15858767205
488829,489058,490850,229,1792,2,36000,1.12779017857
488848,489064,490080,216,1016,2,36000,1.2125984252
488910,489069,490864,159,1795,2,36000,1.08857938719
489060,489075,490673,15,1598,2,36000,1.00938673342
489075,489082,491137,7,2055,2,36000,1.00340632603
489077,489088,491021,11,1933,2,36000,1.00569063632
489091,489097,490359,6,1262,2,7200,1.00475435816
489102,489108,490484,6,1376,2,7200,1.00436046512
489112,489118,490572,6,1454,2,7200,1.00412654746
489120,489126,491162,6,2036,2,36000,1.00294695481
489123,489132,490623,9,1491,2,7200,1.0060362173
489134,489146,490341,12,1195,2,7200,1.010041841
489135,489152,490912,17,1760,2,36000,1.00965909091
489151,489173,491019,22,1846,2,36000,1.0119176598
489175,489181,490420,6,1239,2,7200,1.00484261501
489186,489196,490674,10,1478,2,7200,1.00676589986
489187,489213,491212,26,1999,2,36000,1.01300650325
489207,489248,491179,41,1931,2,36000,1.02123252201
489239,489278,491360,39,2082,2,36000,1.01873198847
489267,489285,491268,18,1983,2,36000,1.00907715582
489283,489291,491071,8,1780,2,36000,1.00449438202
489284,489297,490696,13,1399,2,36000,1.00929235168
489286,489303,491014,17,1711,2,36000,1.00993571011
489299,489352,490637,53,1285,2,7200,1.04124513619
489301,489393,490396,92,1003,2,36000,1.09172482552
489312,490318,490438,1006,120,16,3600,9.38333333333
489342,489437,491473,95,2036,2,36000,1.04666011788
489357,489484,491146,127,1662,2,36000,1.07641395909
489358,489490,491274,132,1784,2,36000,1.07399103139
489391,490449,490753,1058,304,16,7200,4.48026315789
489428,489497,491260,69,1763,2,36000,1.03913783324
489473,489576,491349,103,1773,2,36000,1.05809362662
489491,489589,491422,98,1833,2,36000,1.05346426623
489493,489641,491389,148,1748,2,36000,1.08466819222
489542,489647,491539,105,1892,2,36000,1.05549682875
489567,489658,491526,91,1868,2,36000,1.04871520343
489582,489671,490796,89,1125,2,36000,1.07911111111
489633,489708,490896,75,1188,2,36000,1.06313131313
489635,489753,490886,118,1133,2,36000,1.10414827891
489654,489782,491509,128,1727,2,36000,1.07411696584
489670,489814,491531,144,1717,2,36000,1.08386721025
489698,489877,491725,179,1848,2,36000,1.09686147186
489744,489942,491334,198,1392,2,36000,1.14224137931
489772,489964,491666,192,1702,2,36000,1.11280846063
489805,490020,491177,215,1157,2,36000,1.18582541054
489867,490027,491104,160,1077,2,36000,1.14856081708
489883,490158,492046,275,1888,2,36000,1.14565677966
489932,490308,492112,376,1804,2,36000,1.20842572062
489954,490356,492184,402,1828,2,36000,1.21991247265
490009,490364,492155,355,1791,2,36000,1.19821328867
490025,490408,492355,383,1947,2,36000,1.19671289163
490071,490454,492397,383,1943,2,36000,1.19711785898
490086,490460,492305,374,1845,2,36000,1.2027100271
490107,490764,490766,657,2,14,604800,65.9
490114,490495,492385,381,1890,2,36000,1.20158730159
490149,490571,492410,422,1839,2,36000,1.22947253942
490296,490583,491847,287,1264,2,36000,1.22705696203
490297,490633,492791,336,2158,2,36000,1.15569972196
490313,490640,492463,327,1823,2,36000,1.17937465716
490347,490648,492046,301,1398,2,36000,1.21530758226
490363,490802,528190,439,37388,2,43200,1.01174173532
490364,490675,492582,311,1907,2,36000,1.16308337703
490395,490680,492080,285,1400,2,36000,1.20357142857
490563,490686,492463,123,1777,2,36000,1.06921778278
490625,490691,492574,66,1883,2,36000,1.03505045141
490641,490703,492455,62,1752,2,36000,1.03538812785
490657,490709,492603,52,1894,2,36000,1.02745512144
490658,490714,492045,56,1331,2,36000,1.04207362885
490660,490720,492550,60,1830,2,36000,1.03278688525
490676,490774,492553,98,1779,2,36000,1.0550871276
490691,490780,492583,89,1803,2,36000,1.04936217415
490708,490785,492615,77,1830,2,36000,1.04207650273
490726,490791,492537,65,1746,2,36000,1.0372279496
490753,490769,491603,16,834,2,36000,1.01918465228
490766,490796,492464,30,1668,2,36000,1.01798561151
490797,490808,492638,11,1830,2,36000,1.00601092896
490813,490819,492014,6,1195,2,36000,1.0050209205
490850,490856,492691,6,1835,2,36000,1.00326975477
490866,490872,492578,6,1706,2,36000,1.00351699883
490887,490893,492049,6,1156,2,36000,1.00519031142
490903,490909,492798,6,1889,2,36000,1.00317628375
490918,490924,492928,6,2004,2,36000,1.00299401198
491015,491022,492465,7,1443,2,36000,1.00485100485
491031,491037,492888,6,1851,2,36000,1.00324149109
491032,491043,492903,11,1860,2,36000,1.00591397849
491050,491152,491484,102,332,4,432000,1.30722891566
491072,491078,492180,6,1102,2,36000,1.0054446461
491101,491107,492860,6,1753,2,36000,1.00342270394
491140,491146,493032,6,1886,2,36000,1.00318133616
491155,491162,492717,7,1555,2,36000,1.00450160772
491171,491177,492274,6,1097,2,36000,1.00546946217
491187,491194,492172,7,978,2,36000,1.00715746421
491188,491201,493048,13,1847,2,36000,1.00703844071
491213,491220,493016,7,1796,2,36000,1.00389755011
491257,491263,492445,6,1182,2,36000,1.00507614213
491272,491278,493407,6,2129,2,36000,1.00281822452
491276,491284,492207,8,923,2,36000,1.00866738895
491287,491293,492310,6,1017,2,36000,1.00589970501
491337,491343,493411,6,2068,2,36000,1.00290135397
491352,491358,493143,6,1785,2,36000,1.00336134454
491368,491374,493436,6,2062,2,36000,1.00290979631
491392,491398,492882,6,1484,2,36000,1.00404312668
491396,491496,491669,100,173,4,432000,1.57803468208
491423,491430,493190,7,1760,2,36000,1.00397727273
491476,491482,493223,6,1741,2,36000,1.00344629523
491510,491521,493272,11,1751,2,36000,1.0062821245
491530,491536,492511,6,975,2,36000,1.00615384615
491546,491552,493492,6,1940,2,36000,1.00309278351
491547,491558,493366,11,1808,2,36000,1.0060840708
491666,491672,493462,6,1790,2,36000,1.00335195531
491727,491733,493510,6,1777,2,36000,1.00337647721
491846,492411,538456,565,46045,10,57600,1.01227060484
491847,491853,493946,6,2093,2,36000,1.00286669852
492014,492020,494017,6,1997,2,36000,1.00300450676
492039,492045,493802,6,1757,2,36000,1.00341491178
492055,492061,494004,6,1943,2,36000,1.00308800823
492057,492067,493778,10,1711,2,36000,1.00584453536
492058,492072,494264,14,2192,2,36000,1.00638686131
492080,492086,494055,6,1969,2,36000,1.0030472321
492114,492120,493955,6,1835,2,36000,1.00326975477
492157,492163,494016,6,1853,2,36000,1.00323799244
492173,492179,494015,6,1836,2,36000,1.00326797386
492189,492195,493948,6,1753,2,36000,1.00342270394
492190,492201,493958,11,1757,2,36000,1.0062606716
492276,492282,493443,6,1161,2,36000,1.00516795866
492278,492288,498037,10,5749,2,7200,1.00173943294
492304,492310,493423,6,1113,2,36000,1.00539083558
492319,492325,494341,6,2016,2,36000,1.00297619048
492356,492362,494252,6,1890,2,36000,1.00317460317
492384,492390,493367,6,977,2,36000,1.00614124872
492399,492405,494216,6,1811,2,36000,1.00331308669
492415,492421,494333,6,1912,2,36000,1.00313807531
492456,492462,494295,6,1833,2,36000,1.00327332242
492458,492468,494447,10,1979,2,36000,1.0050530571
492474,492480,494263,6,1783,2,36000,1.00336511497
492476,492486,494313,10,1827,2,36000,1.00547345375
492477,492491,494295,14,1804,2,36000,1.00776053215
492478,492496,493475,18,979,2,36000,1.01838610827
492512,492518,493577,6,1059,2,36000,1.00566572238
492540,492547,494410,7,1863,2,36000,1.00375738057
492556,492562,494394,6,1832,2,36000,1.00327510917
492557,492568,494506,11,1938,2,36000,1.00567595459
492575,492581,493804,6,1223,2,36000,1.00490596893
492592,492598,494358,6,1760,2,36000,1.00340909091
492593,492604,494311,11,1707,2,36000,1.0064440539
492594,492609,494560,15,1951,2,36000,1.00768836494
492614,492620,494303,6,1683,2,36000,1.00356506239
492630,492636,494748,6,2112,2,36000,1.00284090909
492645,492651,493731,6,1080,2,36000,1.00555555556
492689,492704,496264,15,3560,2,36000,1.00421348315
492692,492698,494576,6,1878,2,36000,1.00319488818
492720,492726,494569,6,1843,2,36000,1.00325556158
492793,492799,494668,6,1869,2,36000,1.00321027287
492808,492814,494512,6,1698,2,36000,1.0035335689
492863,492870,494835,7,1965,2,36000,1.00356234097
492885,492891,494777,6,1886,2,36000,1.00318133616
492900,492906,494671,6,1765,2,36000,1.00339943343
492902,492912,494081,10,1169,2,36000,1.00855431993
492930,492936,494695,6,1759,2,36000,1.00341102899
493018,493025,495020,7,1995,2,36000,1.00350877193
493034,493040,494914,6,1874,2,36000,1.00320170758
493050,493056,495048,6,1992,2,36000,1.00301204819
493145,493151,495062,6,1911,2,36000,1.00313971743
493188,493194,494863,6,1669,2,36000,1.00359496705
493225,493231,495049,6,1818,2,36000,1.00330033003
493232,493447,514898,215,21451,4,432000,1.01002284276
493274,493280,495035,6,1755,2,36000,1.00341880342
493366,493372,495106,6,1734,2,36000,1.00346020761
493381,493387,495355,6,1968,2,36000,1.00304878049
493409,493416,495117,7,1701,2,36000,1.00411522634
493427,493433,495383,6,1950,2,36000,1.00307692308
493428,493439,495350,11,1911,2,36000,1.00575614861
493444,493453,495221,9,1768,2,36000,1.00509049774
493445,493458,495314,13,1856,2,36000,1.00700431034
493464,493470,495094,6,1624,2,36000,1.00369458128
493480,493486,494993,6,1507,2,36000,1.00398142004
493495,493501,495177,6,1676,2,36000,1.00357995227
493511,493517,495382,6,1865,2,36000,1.00321715818
493579,493584,495950,5,2366,2,36000,1.00211327134
493733,493739,495668,6,1929,2,36000,1.00311041991
493776,493782,495512,6,1730,2,36000,1.00346820809
493801,493807,495559,6,1752,2,36000,1.00342465753
493816,493823,495616,7,1793,2,36000,1.00390407139
493948,493955,495714,7,1759,2,36000,1.00397953383
493950,493961,495750,11,1789,2,36000,1.00614868642
493966,493972,495874,6,1902,2,36000,1.00315457413
493967,493978,495817,11,1839,2,36000,1.00598151169
494004,494010,495929,6,1919,2,36000,1.00312662845
494026,494032,495932,6,1900,2,36000,1.00315789474
494027,494038,495920,11,1882,2,36000,1.00584484591
494029,494043,495812,14,1769,2,36000,1.00791407575
494054,494060,495869,6,1809,2,36000,1.00331674959
494082,494088,495844,6,1756,2,36000,1.00341685649
494090,494309,494609,219,300,4,10800,1.73
494148,494231,494276,83,45,1,60,2.84444444444
494217,494224,496074,7,1850,2,36000,1.00378378378
494252,494258,496228,6,1970,2,36000,1.00304568528
494269,494274,495992,5,1718,2,36000,1.00291036088
494270,494280,496060,10,1780,2,36000,1.00561797753
494297,494303,496078,6,1775,2,36000,1.00338028169
494299,494314,496161,15,1847,2,36000,1.00812127775
494323,494329,496204,6,1875,2,36000,1.0032
494325,494335,496175,10,1840,2,36000,1.00543478261
494326,494340,496227,14,1887,2,36000,1.00741918389
494342,494348,496370,6,2022,2,36000,1.00296735905
494343,494354,496039,11,1685,2,36000,1.00652818991
494359,494365,496605,6,2240,2,36000,1.00267857143
494396,494402,496291,6,1889,2,36000,1.00317628375
494412,494418,496160,6,1742,2,36000,1.00344431688
494452,494458,496214,6,1756,2,36000,1.00341685649
494508,494515,496292,7,1777,2,36000,1.00393922341
494524,494530,496322,6,1792,2,36000,1.00334821429
494561,494567,496389,6,1822,2,36000,1.00329308452
494577,494583,496518,6,1935,2,36000,1.00310077519
494578,494589,496324,11,1735,2,36000,1.00634005764
494671,494677,496492,6,1815,2,36000,1.00330578512
494672,494683,496475,11,1792,2,36000,1.00613839286
494697,494703,496560,6,1857,2,36000,1.00323101777
494747,494753,496479,6,1726,2,36000,1.00347624565
494778,494784,496604,6,1820,2,36000,1.0032967033
494798,494881,495225,83,344,4,300,1.24127906977
494837,494843,496491,6,1648,2,36000,1.0036407767
494865,494871,496576,6,1705,2,36000,1.00351906158
494918,494924,496706,6,1782,2,36000,1.00336700337
494993,494999,497014,6,2015,2,36000,1.00297766749
495022,495028,496812,6,1784,2,36000,1.0033632287
495037,495043,496852,6,1809,2,36000,1.00331674959
495053,495059,496945,6,1886,2,36000,1.00318133616
495055,495065,496813,10,1748,2,36000,1.0057208238
495070,495076,496772,6,1696,2,36000,1.00353773585
495095,495101,497023,6,1922,2,36000,1.00312174818
495110,495116,497003,6,1887,2,36000,1.00317965024
495126,495132,496902,6,1770,2,36000,1.00338983051
495179,495185,497031,6,1846,2,36000,1.00325027086
495219,495225,496273,6,1048,2,36000,1.00572519084
495316,495322,497238,6,1916,2,36000,1.00313152401
495351,495357,497134,6,1777,2,36000,1.00337647721
495366,495372,497152,6,1780,2,36000,1.00337078652
495386,495392,497227,6,1835,2,36000,1.00326975477
495387,495398,497241,11,1843,2,36000,1.00596852957
495487,495494,495495,7,1,2,7200,1.0
495513,495519,497261,6,1742,2,36000,1.00344431688
495559,495565,506313,6,10748,2,50400,1.00055824339
495560,495571,496792,11,1221,2,36000,1.00900900901
495617,495623,497493,6,1870,2,36000,1.00320855615
495669,495675,497445,6,1770,2,36000,1.00338983051
495716,495722,497696,6,1974,2,36000,1.00303951368
495752,495758,497648,6,1890,2,36000,1.00317460317
495818,495824,497597,6,1773,2,36000,1.00338409475
495820,495830,497734,10,1904,2,36000,1.00525210084
495846,495852,497043,6,1191,2,36000,1.00503778338
495871,495878,497104,7,1226,2,36000,1.0057096248
495889,495895,497928,6,2033,2,36000,1.00295130349
495921,495927,497708,6,1781,2,36000,1.00336889388
495937,495943,497752,6,1809,2,36000,1.00331674959
495938,495949,497959,11,2010,2,36000,1.00547263682
495945,496045,496113,100,68,4,300,2.47058823529
495954,495960,497961,6,2001,2,36000,1.00299850075
495994,496004,497834,10,1830,2,36000,1.00546448087
496041,496051,497922,10,1871,2,36000,1.00534473544
496062,496068,497875,6,1807,2,36000,1.00332042059
496077,496084,498301,7,2217,2,36000,1.00315741994
496079,496090,497850,11,1760,2,36000,1.00625
496130,496136,649441,6,153305,2,172800,1.00003913767
496162,496168,497993,6,1825,2,36000,1.00328767123
496163,496174,497119,11,945,2,36000,1.01164021164
496179,496186,497924,7,1738,2,36000,1.00402761795
496208,496214,497995,6,1781,2,36000,1.00336889388
496223,496229,498134,6,1905,2,36000,1.0031496063
496239,496245,497272,6,1027,2,36000,1.00584225901
496240,496251,498294,11,2043,2,36000,1.00538423886
496274,496281,498196,7,1915,2,36000,1.00365535248
496293,496299,498179,6,1880,2,36000,1.00319148936
496295,496305,498234,10,1929,2,36000,1.00518403318
496320,496326,497733,6,1407,2,36000,1.00426439232
496335,496341,498112,6,1771,2,36000,1.00338791643
496372,496378,498310,6,1932,2,36000,1.00310559006
496391,496397,498189,6,1792,2,36000,1.00334821429
496478,496484,498303,6,1819,2,36000,1.00329851567
496494,496500,498422,6,1922,2,36000,1.00312174818
496495,496506,498318,11,1812,2,36000,1.00607064018
496497,496511,497958,14,1447,2,36000,1.00967519005
496520,496526,498487,6,1961,2,36000,1.00305966344
496560,496566,498034,6,1468,2,36000,1.00408719346
496580,496586,498446,6,1860,2,36000,1.00322580645
496608,496614,498416,6,1802,2,36000,1.00332963374
496610,496620,497674,10,1054,2,36000,1.00948766603
496708,496714,498510,6,1796,2,36000,1.00334075724
496773,496779,498620,6,1841,2,36000,1.00325909832
496795,496802,498594,7,1792,2,36000,1.00390625
496815,496821,498654,6,1833,2,36000,1.00327332242
496816,496827,498573,11,1746,2,36000,1.00630011455
496853,496859,498434,6,1575,2,36000,1.00380952381
496903,496910,498653,7,1743,2,36000,1.00401606426
496938,496959,496961,21,2,2,7200,2.3
496946,496953,498795,7,1842,2,36000,1.00380021716
497005,497011,498847,6,1836,2,36000,1.00326797386
497021,497027,498114,6,1087,2,36000,1.00551977921
497037,497043,498718,6,1675,2,36000,1.00358208955
497038,497049,498777,11,1728,2,36000,1.00636574074
497053,497060,498867,7,1807,2,36000,1.00387382402
497054,497283,500999,229,3716,8,3600,1.06162540366
497106,497112,498947,6,1835,2,36000,1.00326975477
497111,497134,498053,23,919,2,7200,1.02502720348
497122,497128,498999,6,1871,2,36000,1.00320684126
497138,497144,499102,6,1958,2,36000,1.00306435138
497154,497160,498851,6,1691,2,36000,1.00354819633
497228,497234,498967,6,1733,2,36000,1.00346220427
497244,497250,498982,6,1732,2,36000,1.00346420323
497245,497256,499190,11,1934,2,36000,1.0056876939
497261,497267,499113,6,1846,2,36000,1.00325027086
497277,497288,499123,11,1835,2,36000,1.00599455041
497447,497453,499344,6,1891,2,36000,1.00317292438
497497,497503,499218,6,1715,2,36000,1.00349854227
497598,497604,498892,6,1288,2,36000,1.00465838509
497651,497657,499513,6,1856,2,36000,1.00323275862
497680,497686,499514,6,1828,2,36000,1.00328227571
497697,497703,499724,6,2021,2,36000,1.00296882731
497713,497719,498961,6,1242,2,36000,1.00483091787
497734,497740,499526,6,1786,2,36000,1.00335946249
497736,497746,499551,10,1805,2,36000,1.0055401662
497754,497760,499691,6,1931,2,36000,1.00310719834
497835,497841,500351,6,2510,2,36000,1.00239043825
497851,497857,499901,6,2044,2,36000,1.00293542074
497876,497882,499650,6,1768,2,36000,1.00339366516
497927,497933,499583,6,1650,2,36000,1.00363636364
497928,497939,499791,11,1852,2,36000,1.00593952484
497943,497950,499775,7,1825,2,36000,1.00383561644
497959,497965,499877,6,1912,2,36000,1.00313807531
497960,497971,499803,11,1832,2,36000,1.00600436681
497976,497982,499956,6,1974,2,36000,1.00303951368
497995,498002,499915,7,1913,2,36000,1.00365917407
497997,498008,499905,11,1897,2,36000,1.00579862941
498037,498043,499949,6,1906,2,36000,1.00314795383
498114,498120,499151,6,1031,2,36000,1.00581959263
498116,498126,499727,10,1601,2,36000,1.00624609619
498134,498140,499957,6,1817,2,36000,1.0033021464
498181,498187,500183,6,1996,2,36000,1.00300601202
498197,498203,499967,6,1764,2,36000,1.00340136054
498198,498209,500129,11,1920,2,36000,1.00572916667
498235,498242,499911,7,1669,2,36000,1.00419412822
498297,498303,500122,6,1819,2,36000,1.00329851567
498313,498319,499830,6,1511,2,36000,1.00397088021
498314,498325,500229,11,1904,2,36000,1.00577731092
498316,498330,500037,14,1707,2,36000,1.00820152314
498331,498337,500100,6,1763,2,36000,1.00340328985
498418,498424,500442,6,2018,2,36000,1.00297324083
498434,498440,500356,6,1916,2,36000,1.00313152401
498435,498446,500348,11,1902,2,36000,1.00578338591
498451,498457,500225,6,1768,2,36000,1.00339366516
498488,498494,500336,6,1842,2,36000,1.00325732899
498513,498520,500333,7,1813,2,36000,1.00386100386
498575,498581,500315,6,1734,2,36000,1.00346020761
498598,498604,500334,6,1730,2,36000,1.00346820809
498622,498628,500453,6,1825,2,36000,1.00328767123
498657,498663,500590,6,1927,2,36000,1.00311364816
498658,498669,500529,11,1860,2,36000,1.00591397849
498719,498726,500624,7,1898,2,36000,1.00368809273
498778,498784,500592,6,1808,2,36000,1.00331858407
498796,498802,500454,6,1652,2,36000,1.00363196126
498849,498855,499873,6,1018,2,36000,1.00589390963
498864,498870,500641,6,1771,2,36000,1.00338791643
498880,498886,500843,6,1957,2,36000,1.00306591722
498896,498902,500701,6,1799,2,36000,1.00333518621
498948,498955,501005,7,2050,2,36000,1.00341463415
498964,498970,500702,6,1732,2,36000,1.00346420323
498980,498986,500058,6,1072,2,36000,1.00559701493
498995,499001,500775,6,1774,2,36000,1.00338218715
499011,499017,501005,6,1988,2,36000,1.00301810865
499103,499109,501006,6,1897,2,36000,1.00316288877
499119,499125,501005,6,1880,2,36000,1.00319148936
499135,499141,501187,6,2046,2,36000,1.00293255132
499153,499161,501004,8,1843,2,36000,1.00434074878
499191,499197,501005,6,1808,2,36000,1.00331858407
499219,499225,500214,6,989,2,36000,1.00606673407
499344,499350,501065,6,1715,2,36000,1.00349854227
499513,499519,501325,6,1806,2,36000,1.00332225914
499514,499525,501356,11,1831,2,36000,1.0060076461
499530,499536,501297,6,1761,2,36000,1.00340715503
499552,499558,501379,6,1821,2,36000,1.00329489292
499587,499593,501421,6,1828,2,36000,1.00328227571
499648,499655,501684,7,2029,2,36000,1.00344997536
499692,499698,501514,6,1816,2,36000,1.00330396476
499726,499732,501670,6,1938,2,36000,1.00309597523
499742,499748,501783,6,2035,2,36000,1.00294840295
499775,499782,501777,7,1995,2,36000,1.00350877193
499794,499800,501636,6,1836,2,36000,1.00326797386
499809,499816,501120,7,1304,2,36000,1.00536809816
499831,499837,501763,6,1926,2,36000,1.0031152648
499874,499880,501015,6,1135,2,36000,1.00528634361
499889,499895,501831,6,1936,2,36000,1.00309917355
499905,499911,501577,6,1666,2,36000,1.00360144058
499907,499917,501918,10,2001,2,36000,1.00499750125
499923,499929,501824,6,1895,2,36000,1.00316622691
499924,499935,501787,11,1852,2,36000,1.00593952484
499949,499956,501669,7,1713,2,36000,1.00408639813
499965,499972,501862,7,1890,2,36000,1.0037037037
499967,499977,501890,10,1913,2,36000,1.00522739153
499968,499983,501824,15,1841,2,36000,1.00814774579
500039,500045,501808,6,1763,2,36000,1.00340328985
500058,500064,501875,6,1811,2,36000,1.00331308669
500101,500107,502046,6,1939,2,36000,1.00309437855
500122,500129,501885,7,1756,2,36000,1.00398633257
500138,500144,501842,6,1698,2,36000,1.0035335689
500185,500191,502137,6,1946,2,36000,1.00308324769
500216,500222,502155,6,1933,2,36000,1.00310398345
500233,500239,502052,6,1813,2,36000,1.00330943188
500234,500245,502271,11,2026,2,36000,1.00542941757
500317,500323,501466,6,1143,2,36000,1.00524934383
500333,500340,502342,7,2002,2,36000,1.0034965035
500335,500346,502163,11,1817,2,36000,1.00605393506
500351,500357,502042,6,1685,2,36000,1.00356083086
500352,500363,502354,11,1991,2,36000,1.00552486188
500368,500374,502817,6,2443,2,36000,1.00245599673
500369,500380,502267,11,1887,2,36000,1.00582935877
500443,500449,502338,6,1889,2,36000,1.00317628375
500459,500465,502248,6,1783,2,36000,1.00336511497
500461,500471,502337,10,1866,2,36000,1.00535905681
500532,500537,502458,5,1921,2,36000,1.00260281104
500590,500597,501815,7,1218,2,36000,1.00574712644
500606,500613,501778,7,1165,2,36000,1.00600858369
500625,500631,502648,6,2017,2,36000,1.00297471492
500643,500650,502533,7,1883,2,36000,1.00371747212
500700,500707,502672,7,1965,2,36000,1.00356234097
500702,500713,502519,11,1806,2,36000,1.00609080842
500777,500783,502558,6,1775,2,36000,1.00338028169
500845,500851,502667,6,1816,2,36000,1.00330396476
501005,501011,502913,6,1902,2,36000,1.00315457413
501006,501018,502736,12,1718,2,36000,1.00698486612
501027,501033,502907,6,1874,2,36000,1.00320170758
501028,501039,502851,11,1812,2,36000,1.00607064018
501030,501044,502859,14,1815,2,36000,1.00771349862
501031,501049,502872,18,1823,2,36000,1.00987383434
501032,501055,502562,23,1507,2,36000,1.01526211015
501067,501073,503101,6,2028,2,36000,1.00295857988
501122,501128,502563,6,1435,2,36000,1.00418118467
501187,501193,502999,6,1806,2,36000,1.00332225914
501297,501303,502939,6,1636,2,36000,1.00366748166
501325,501331,503083,6,1752,2,36000,1.00342465753
501359,501365,503291,6,1926,2,36000,1.0031152648
501377,501384,503307,7,1923,2,36000,1.00364014561
501421,501427,503282,6,1855,2,36000,1.00323450135
501467,501473,503240,6,1767,2,36000,1.00339558574
501518,501524,503398,6,1874,2,36000,1.00320170758
501576,501582,503279,6,1697,2,36000,1.00353565115
501638,501644,503727,6,2083,2,36000,1.00288046087
501669,501675,503572,6,1897,2,36000,1.00316288877
501671,501681,503603,10,1922,2,36000,1.00520291363
501686,501692,503666,6,1974,2,36000,1.00303951368
501766,501772,503583,6,1811,2,36000,1.00331308669
501782,501788,503617,6,1829,2,36000,1.00328048114
501783,501794,503397,11,1603,2,36000,1.0068621335
501799,501805,503481,6,1676,2,36000,1.00357995227
501800,501811,503713,11,1902,2,36000,1.00578338591
501816,501822,503739,6,1917,2,36000,1.00312989045
501817,501828,503479,11,1651,2,36000,1.00666262871
501833,501839,503659,6,1820,2,36000,1.0032967033
501835,501845,503704,10,1859,2,36000,1.00537923615
501836,501850,503837,14,1987,2,36000,1.00704579768
501851,501857,503811,6,1954,2,36000,1.00307062436
501867,501873,503794,6,1921,2,36000,1.00312337324
501882,501888,503732,6,1844,2,36000,1.0032537961
501899,501906,503293,7,1387,2,36000,1.00504686373
501901,501912,503587,11,1675,2,36000,1.00656716418
501920,501926,502909,6,983,2,36000,1.00610376399
502044,502050,503977,6,1927,2,36000,1.00311364816
502060,502066,503783,6,1717,2,36000,1.00349446709
502061,502072,503938,11,1866,2,36000,1.00589496249
502139,502145,504026,6,1881,2,36000,1.00318979266
502158,502164,504187,6,2023,2,36000,1.00296589224
502173,502179,504078,6,1899,2,36000,1.00315955766
502250,502256,503939,6,1683,2,36000,1.00356506239
502269,502275,504072,6,1797,2,36000,1.00333889816
502284,502290,504213,6,1923,2,36000,1.0031201248
502337,502343,504243,6,1900,2,36000,1.00315789474
502338,502349,504282,11,1933,2,36000,1.00569063632
502354,502360,504226,6,1866,2,36000,1.00321543408
502355,502366,504242,11,1876,2,36000,1.00586353945
502460,502467,504279,7,1812,2,36000,1.00386313466
502523,502529,503729,6,1200,2,36000,1.005
502539,502544,504301,5,1757,2,36000,1.00284575982
502558,502564,504449,6,1885,2,36000,1.00318302387
502574,502580,503463,6,883,2,36000,1.00679501699
502575,502586,504581,11,1995,2,36000,1.00551378446
502650,502656,504459,6,1803,2,36000,1.00332778702
502668,502674,504606,6,1932,2,36000,1.00310559006
502684,502691,504579,7,1888,2,36000,1.00370762712
502737,502743,504549,6,1806,2,36000,1.00332225914
502820,502826,504637,6,1811,2,36000,1.00331308669
502851,502857,504853,6,1996,2,36000,1.00300601202
502867,502873,504701,6,1828,2,36000,1.00328227571
502882,502888,504759,6,1871,2,36000,1.00320684126
502907,502913,504342,6,1429,2,36000,1.00419874038
502923,502929,504770,6,1841,2,36000,1.00325909832
502924,502935,504620,11,1685,2,36000,1.00652818991
502940,502946,504764,6,1818,2,36000,1.00330033003
502999,503005,504904,6,1899,2,36000,1.00315955766
503084,503090,504911,6,1821,2,36000,1.00329489292
503099,503106,504782,7,1676,2,36000,1.00417661098
503241,503247,505222,6,1975,2,36000,1.00303797468
503281,503287,505027,6,1740,2,36000,1.00344827586
503283,503293,504635,10,1342,2,36000,1.00745156483
503301,503308,505018,7,1710,2,36000,1.00409356725
503303,503314,504991,11,1677,2,36000,1.00655933214
503318,503325,505232,7,1907,2,36000,1.00367068694
503399,503405,505463,6,2058,2,36000,1.0029154519
503401,503411,505562,10,2151,2,36000,1.00464900046
503465,503471,505246,6,1775,2,36000,1.00338028169
503482,503488,505252,6,1764,2,36000,1.00340136054
503483,503494,505246,11,1752,2,36000,1.00627853881
503573,503580,505290,7,1710,2,36000,1.00409356725
503590,503596,505440,6,1844,2,36000,1.0032537961
503591,503602,504808,11,1206,2,36000,1.00912106136
503607,503613,505554,6,1941,2,36000,1.00309119011
503623,503630,505494,7,1864,2,36000,1.00375536481
503661,503667,505393,6,1726,2,36000,1.00347624565
503676,503682,505724,6,2042,2,36000,1.00293829579
503704,503711,505575,7,1864,2,36000,1.00375536481
503722,503729,505683,7,1954,2,36000,1.00358239509
503740,503746,505796,6,2050,2,36000,1.00292682927
503742,503752,505620,10,1868,2,36000,1.00535331906
503743,503757,505570,14,1813,2,36000,1.00772200772
503744,503762,505640,18,1878,2,36000,1.00958466454
503787,503793,505695,6,1902,2,36000,1.00315457413
503806,503812,505910,6,2098,2,36000,1.00285986654
503822,503828,505774,6,1946,2,36000,1.00308324769
503837,503843,505731,6,1888,2,36000,1.0031779661
503939,503945,505938,6,1993,2,36000,1.00301053688
503940,503951,505653,11,1702,2,36000,1.00646298472
503977,503983,505755,6,1772,2,36000,1.00338600451
504029,504035,506040,6,2005,2,36000,1.0029925187
504073,504079,505853,6,1774,2,36000,1.00338218715
504092,504098,505998,6,1900,2,36000,1.00315789474
504093,504104,505911,11,1807,2,36000,1.00608743774
504095,504109,506010,14,1901,2,36000,1.00736454498
504096,504114,506011,18,1897,2,36000,1.00948866632
504097,504120,505935,23,1815,2,36000,1.01267217631
504099,504125,505954,26,1829,2,36000,1.01421541826
504100,504131,505883,31,1752,2,36000,1.01769406393
504101,504136,505869,35,1733,2,36000,1.02019619158
504103,504141,505587,38,1446,2,36000,1.02627939142
504104,504147,505707,43,1560,2,36000,1.02756410256
504105,504152,505986,47,1834,2,36000,1.02562704471
504106,504157,506001,51,1844,2,36000,1.02765726681
504108,504162,506110,54,1948,2,36000,1.02772073922
504109,504167,505957,58,1790,2,36000,1.03240223464
504110,504173,505423,63,1250,2,36000,1.0504
504112,504178,505949,66,1771,2,36000,1.03726708075
504113,504183,505978,70,1795,2,36000,1.03899721448
504114,504188,505983,74,1795,2,36000,1.04122562674
504116,504193,505857,77,1664,2,36000,1.04627403846
504117,504199,505986,82,1787,2,36000,1.04588696139
504118,504204,506080,86,1876,2,36000,1.04584221748
504192,504210,506157,18,1947,2,36000,1.0092449923
504214,504220,505389,6,1169,2,36000,1.00513259196
504235,504241,506165,6,1924,2,36000,1.00311850312
504251,504257,506174,6,1917,2,36000,1.00312989045
504252,504263,506232,11,1969,2,36000,1.00558659218
504281,504287,506089,6,1802,2,36000,1.00332963374
504282,504293,506126,11,1833,2,36000,1.00600109111
504302,504308,506106,6,1798,2,36000,1.00333704116
504317,505748,506532,1431,784,32,356400,2.82525510204
504345,504352,505766,7,1414,2,36000,1.00495049505
504449,504460,506475,11,2015,2,36000,1.00545905707
504469,504475,505635,6,1160,2,36000,1.00517241379
504550,504560,505730,10,1170,2,36000,1.00854700855
504591,504597,506491,6,1894,2,36000,1.00316789863
504592,504603,506414,11,1811,2,36000,1.00607399227
504608,504617,505737,9,1120,2,36000,1.00803571429
504624,504632,506509,8,1877,2,36000,1.0042621204
504642,504648,506129,6,1481,2,36000,1.00405131668
504643,504654,506445,11,1791,2,36000,1.00614182021
504707,504714,506644,7,1930,2,36000,1.00362694301
504763,504776,506718,13,1942,2,36000,1.00669412976
504780,504786,506569,6,1783,2,36000,1.00336511497
504782,504819,506749,37,1930,2,36000,1.01917098446
504798,504916,506707,118,1791,2,36000,1.06588498046
504815,504923,506683,108,1760,2,36000,1.06136363636
504857,505002,506866,145,1864,2,36000,1.07778969957
504906,505038,506974,132,1936,2,36000,1.06818181818
504927,505233,507148,306,1915,2,36000,1.15979112272
504993,505257,507310,264,2053,2,36000,1.12859230395
505010,505017,505019,7,2,2,3540,1.0
505021,505264,507000,243,1736,2,36000,1.13997695853
505037,505301,507157,264,1856,2,36000,1.14224137931
505168,505175,508805,7,3630,2,3600,1.00192837466
505223,505400,507258,177,1858,2,36000,1.09526372443
505242,505407,506560,165,1153,2,36000,1.14310494363
505258,505434,507277,176,1843,2,36000,1.09549647314
505260,505451,507337,191,1886,2,36000,1.10127253446
505261,505475,507218,214,1743,2,36000,1.12277682157
505295,505505,507481,210,1976,2,36000,1.10627530364
505389,505566,506758,177,1192,2,36000,1.14848993289
505406,505582,507365,176,1783,2,36000,1.09871003926
505425,505589,507394,164,1805,2,36000,1.09085872576
505440,505598,507406,158,1808,2,36000,1.08738938053
505465,505631,507672,166,2041,2,36000,1.08133268006
505498,505646,506717,148,1071,2,36000,1.13818860878
505557,505653,507613,96,1960,2,36000,1.04897959184
505576,505665,507527,89,1862,2,36000,1.0477980666
505578,505695,506946,117,1251,2,36000,1.09352517986
505579,505706,507585,127,1879,2,36000,1.06758914316
505595,505719,507241,124,1522,2,36000,1.0814717477
505623,505741,507666,118,1925,2,36000,1.0612987013
505639,505767,507893,128,2126,2,36000,1.06020696143
505655,505777,507505,122,1728,2,36000,1.07060185185
505656,505785,507663,129,1878,2,36000,1.06869009585
505690,505807,507741,117,1934,2,36000,1.06049638056
505705,505865,507660,160,1795,2,36000,1.08913649025
505721,505871,507674,150,1803,2,36000,1.08319467554
505738,505881,507617,143,1736,2,36000,1.08237327189
505740,505894,507813,154,1919,2,36000,1.08025013028
505741,505922,507816,181,1894,2,36000,1.09556494192
505742,505927,508002,185,2075,2,36000,1.08915662651
505759,505946,507686,187,1740,2,36000,1.10747126437
505775,505952,507889,177,1937,2,36000,1.09137842024
505776,505961,508243,185,2282,2,36000,1.08106923751
505799,505967,507709,168,1742,2,36000,1.09644087256
505856,505973,507813,117,1840,2,36000,1.06358695652
505871,505989,507699,118,1710,2,36000,1.06900584795
505873,505995,507750,122,1755,2,36000,1.06951566952
505889,506001,507733,112,1732,2,36000,1.06466512702
505912,506006,507717,94,1711,2,36000,1.05493863238
505914,506013,508590,99,2577,2,36000,1.03841676368
505936,506018,507875,82,1857,2,36000,1.04415724286
505952,506025,507986,73,1961,2,36000,1.03722590515
505954,506030,507754,76,1724,2,36000,1.04408352668
505955,506051,507962,96,1911,2,36000,1.05023547881
505971,506091,507884,120,1793,2,36000,1.06692693809
505989,506101,507899,112,1798,2,36000,1.06229143493
505991,506118,507934,127,1816,2,36000,1.0699339207
505992,506125,508059,133,1934,2,36000,1.06876938987
505993,506138,507990,145,1852,2,36000,1.0782937365
506010,506145,507858,135,1713,2,36000,1.07880910683
506011,506168,508236,157,2068,2,36000,1.07591876209
506012,506177,508050,165,1873,2,36000,1.0880939669
506030,506186,508087,156,1901,2,36000,1.08206207259
506045,506243,508066,198,1823,2,36000,1.10861217773
506084,506324,508127,240,1803,2,36000,1.13311148087
506101,506426,508347,325,1921,2,36000,1.16918271733
506117,506456,508193,339,1737,2,36000,1.19516407599
506118,506486,507582,368,1096,2,36000,1.33576642336
506135,506503,508072,368,1569,2,36000,1.23454429573
506136,506520,508469,384,1949,2,36000,1.19702411493
506160,506571,508544,411,1973,2,36000,1.2083122149
506176,506581,507943,405,1362,2,36000,1.29735682819
506177,506655,508516,478,1861,2,36000,1.25685115529
506234,506695,507768,461,1073,2,36000,1.42963653308
506417,506718,508601,301,1883,2,36000,1.15985130112
506447,506728,508597,281,1869,2,36000,1.15034777956
506480,506735,508075,255,1340,2,36000,1.19029850746
506498,506760,508492,262,1732,2,36000,1.15127020785
506513,506769,508625,256,1856,2,36000,1.13793103448
506563,506877,508773,314,1896,2,36000,1.16561181435
506579,506958,508736,379,1778,2,36000,1.21316085489
506651,507011,508952,360,1941,2,36000,1.18547140649
506687,507159,509069,472,1910,2,36000,1.24712041885
506710,507168,508988,458,1820,2,36000,1.25164835165
506726,507229,509073,503,1844,2,36000,1.27277657267
506728,507253,509258,525,2005,2,36000,1.26184538653
506752,507269,509040,517,1771,2,36000,1.29192546584
506768,507289,509195,521,1906,2,36000,1.27334732424
506867,507321,509231,454,1910,2,36000,1.23769633508
506903,507444,507538,541,94,32,356400,6.75531914894
506949,507376,509186,427,1810,2,36000,1.23591160221
506974,507405,509152,431,1747,2,36000,1.24670864339
507002,507417,508404,415,987,2,36000,1.42046605876
507148,507449,509309,301,1860,2,36000,1.16182795699
507164,507455,509584,291,2129,2,36000,1.13668388915
507221,507492,509380,271,1888,2,36000,1.14353813559
507250,507516,509146,266,1630,2,36000,1.16319018405
507267,507538,509203,271,1665,2,36000,1.16276276276
507283,507593,509320,310,1727,2,36000,1.17950202664
507311,507599,509412,288,1813,2,36000,1.15885273028
507340,507624,509465,284,1841,2,36000,1.15426398696
507366,507631,509336,265,1705,2,36000,1.15542521994
507395,507671,509490,276,1819,2,36000,1.15173172073
507411,507677,509433,266,1756,2,36000,1.15148063781
507482,507684,509390,202,1706,2,36000,1.1184056272
507508,507691,509506,183,1815,2,36000,1.10082644628
507530,507698,509377,168,1679,2,36000,1.10005955926
507583,507710,509528,127,1818,2,36000,1.0698569857
507591,508455,508532,864,77,32,356400,12.2207792208
507599,507720,509804,121,2084,2,36000,1.05806142035
507615,507728,509251,113,1523,2,36000,1.07419566645
507631,507744,509611,113,1867,2,36000,1.06052490627
507664,507762,509547,98,1785,2,36000,1.05490196078
507665,507768,509529,103,1761,2,36000,1.05848949461
507683,507779,509706,96,1927,2,36000,1.04981837052
507684,507825,509567,141,1742,2,36000,1.08094144661
507686,507831,509382,145,1551,2,36000,1.09348807221
507701,507869,509675,168,1806,2,36000,1.09302325581
507703,507886,509034,183,1148,2,36000,1.15940766551
507719,507896,509393,177,1497,2,36000,1.11823647295
507721,507903,508961,182,1058,2,36000,1.17202268431
507737,507910,510110,173,2200,2,36000,1.07863636364
507758,507915,509641,157,1726,2,36000,1.0909617613
507760,507945,509527,185,1582,2,36000,1.11694058154
507761,507973,509399,212,1426,2,36000,1.14866760168
507777,507997,509509,220,1512,2,36000,1.1455026455
507815,508003,509857,188,1854,2,36000,1.10140237325
507816,508013,509743,197,1730,2,36000,1.11387283237
507818,508062,509449,244,1387,2,36000,1.17591925018
507862,508070,509875,208,1805,2,36000,1.11523545706
507878,508077,509692,199,1615,2,36000,1.12321981424
507894,508084,509545,190,1461,2,36000,1.13004791239
507895,508091,510515,196,2424,2,36000,1.08085808581
507896,508099,509895,203,1796,2,36000,1.11302895323
507898,508205,509935,307,1730,2,36000,1.1774566474
507936,508254,509532,318,1278,2,36000,1.24882629108
507952,508359,510172,407,1813,2,36000,1.22448979592
507968,508416,509549,448,1133,2,36000,1.39541041483
507987,508460,509658,473,1198,2,36000,1.39482470785
508004,508466,510161,462,1695,2,36000,1.27256637168
508005,508471,510227,466,1756,2,36000,1.26537585421
508052,508476,509579,424,1103,2,36000,1.384406165
508068,508481,510190,413,1709,2,36000,1.24166179052
508069,508486,510236,417,1750,2,36000,1.23828571429
508086,508493,509982,407,1489,2,36000,1.27333781061
508088,508503,510315,415,1812,2,36000,1.22902869757
508105,508527,510413,422,1886,2,36000,1.22375397667
508127,508555,509808,428,1253,2,36000,1.3415802075
508197,508602,510561,405,1959,2,36000,1.2067381317
508242,508609,510576,367,1967,2,36000,1.18657854601
508243,508616,510043,373,1427,2,36000,1.26138752628
508360,508636,510462,276,1826,2,36000,1.15115005476
508407,508747,510597,340,1850,2,36000,1.18378378378
508472,508784,510667,312,1883,2,36000,1.16569304302
508493,508816,510533,323,1717,2,36000,1.18811881188
508519,508964,510752,445,1788,2,36000,1.24888143177
508544,508972,510745,428,1773,2,36000,1.24139875917
508594,509001,510875,407,1874,2,36000,1.21718249733
508611,509045,510594,434,1549,2,36000,1.28018076178
508612,509052,510910,440,1858,2,36000,1.23681377826
508628,509080,510055,452,975,2,36000,1.46358974359
508738,509087,511019,349,1932,2,36000,1.18064182195
508783,509157,510257,374,1100,2,36000,1.34
508953,509163,511077,210,1914,2,36000,1.10971786834
508969,509197,511057,228,1860,2,36000,1.12258064516
508995,509207,511163,212,1956,2,36000,1.10838445808
509036,509215,510313,179,1098,2,36000,1.16302367942
509052,509242,511078,190,1836,2,36000,1.10348583878
509071,509262,511007,191,1745,2,36000,1.10945558739
509086,509269,511250,183,1981,2,36000,1.09237758708
509150,509321,511201,171,1880,2,36000,1.09095744681
509169,509331,510992,162,1661,2,36000,1.09753160747
509193,509349,511073,156,1724,2,36000,1.09048723898
509209,509388,510648,179,1260,2,36000,1.14206349206
509211,509395,511318,184,1923,2,36000,1.09568382735
509233,509400,510826,167,1426,2,36000,1.11711079944
509251,509407,511175,156,1768,2,36000,1.08823529412
509267,509413,511276,146,1863,2,36000,1.0783682233
509310,509419,511261,109,1842,2,36000,1.05917480999
509326,509426,511400,100,1974,2,36000,1.0506585613
509345,509444,511239,99,1795,2,36000,1.05515320334
509377,509451,511218,74,1767,2,36000,1.04187889078
509399,509456,511164,57,1708,2,36000,1.03337236534
509400,509462,510619,62,1157,2,36000,1.05358686258
509402,509467,511198,65,1731,2,36000,1.03755054882
509403,509472,511315,69,1843,2,36000,1.03743895822
509405,509477,511283,72,1806,2,36000,1.03986710963
509421,509482,511544,61,2062,2,36000,1.02958292919
509437,509488,511149,51,1661,2,36000,1.03070439494
509452,509494,511209,42,1715,2,36000,1.02448979592
509468,509499,511379,31,1880,2,36000,1.0164893617
509493,509505,511451,12,1946,2,36000,1.00616649538
509512,509518,511552,6,2034,2,36000,1.00294985251
509514,509524,511279,10,1755,2,36000,1.0056980057
509530,509536,511415,6,1879,2,36000,1.00319318787
509531,509542,511274,11,1732,2,36000,1.00635103926
509532,509547,511405,15,1858,2,36000,1.00807319699
509549,509555,511319,6,1764,2,36000,1.00340136054
509550,509561,511376,11,1815,2,36000,1.00606060606
509551,509566,511351,15,1785,2,36000,1.00840336134
509552,509572,511374,20,1802,2,36000,1.01109877913
509573,509579,511483,6,1904,2,36000,1.0031512605
509589,509595,511452,6,1857,2,36000,1.00323101777
509591,509601,511423,10,1822,2,36000,1.0054884742
509614,509620,511426,6,1806,2,36000,1.00332225914
509642,509649,511631,7,1982,2,36000,1.00353178607
509662,509668,511380,6,1712,2,36000,1.0035046729
509677,509684,511356,7,1672,2,36000,1.00418660287
509693,509699,511332,6,1633,2,36000,1.00367421923
509709,509715,511660,6,1945,2,36000,1.0030848329
509746,509753,511564,7,1811,2,36000,1.00386526781
509809,509815,511953,6,2138,2,36000,1.00280636109
509810,509821,511529,11,1708,2,36000,1.00644028103
509859,509865,511715,6,1850,2,36000,1.00324324324
509875,509882,511886,7,2004,2,36000,1.00349301397
509897,509904,511185,7,1281,2,36000,1.00546448087
509935,509942,511662,7,1720,2,36000,1.00406976744
509989,509996,511400,7,1404,2,36000,1.00498575499
510046,510052,511780,6,1728,2,36000,1.00347222222
510061,510067,511940,6,1873,2,36000,1.00320341698
510111,510117,511165,6,1048,2,36000,1.00572519084
510167,510172,512045,5,1873,2,36000,1.00266951415
510184,510190,512223,6,2033,2,36000,1.00295130349
510200,510206,512162,6,1956,2,36000,1.00306748466
510228,510235,512272,7,2037,2,36000,1.00343642612
510244,510250,511965,6,1715,2,36000,1.00349854227
510260,510266,512240,6,1974,2,36000,1.00303951368
510313,510320,512007,7,1687,2,36000,1.00414937759
510329,510335,512183,6,1848,2,36000,1.00324675325
510414,510421,512118,7,1697,2,36000,1.00412492634
510465,510471,512152,6,1681,2,36000,1.00356930399
510519,510525,512328,6,1803,2,36000,1.00332778702
510535,510541,512414,6,1873,2,36000,1.00320341698
510569,510575,512252,6,1677,2,36000,1.00357781753
510586,510592,512504,6,1912,2,36000,1.00313807531
510605,510611,512503,6,1892,2,36000,1.00317124736
510606,510617,512849,11,2232,2,36000,1.00492831541
510622,510628,512435,6,1807,2,36000,1.00332042059
510650,510657,512619,7,1962,2,36000,1.00356778797
510669,510676,512382,7,1706,2,36000,1.0041031653
510716,511286,511549,570,263,16,36000,3.16730038023
510748,510754,512537,6,1783,2,36000,1.00336511497
510765,510771,512498,6,1727,2,36000,1.00347423277
510829,510835,512787,6,1952,2,36000,1.00307377049
510876,510882,512063,6,1181,2,36000,1.0050804403
510913,510919,512814,6,1895,2,36000,1.00316622691
510996,511002,512889,6,1887,2,36000,1.00317965024
511011,511018,512865,7,1847,2,36000,1.00378992962
511027,511033,512840,6,1807,2,36000,1.00332042059
511059,511065,512911,6,1846,2,36000,1.00325027086
511075,511081,512952,6,1871,2,36000,1.00320684126
511091,511097,512943,6,1846,2,36000,1.00325027086
511093,511103,512759,10,1656,2,36000,1.00603864734
511150,511156,512874,6,1718,2,36000,1.00349243306
511170,511176,513017,6,1841,2,36000,1.00325909832
511171,511182,512387,11,1205,2,36000,1.00912863071
511172,511188,513117,16,1929,2,36000,1.00829445308
511189,511194,512941,5,1747,2,36000,1.00286204923
511190,511200,512963,10,1763,2,36000,1.00567214974
511214,511220,513177,6,1957,2,36000,1.00306591722
511216,511227,512739,11,1512,2,36000,1.00727513228
511217,511232,513002,15,1770,2,36000,1.00847457627
511238,511244,512340,6,1096,2,36000,1.00547445255
511240,511251,513011,11,1760,2,36000,1.00625
511247,511560,511634,313,74,32,356400,5.22972972973
511258,511264,513129,6,1865,2,36000,1.00321715818
511281,511292,512473,11,1181,2,36000,1.00931414056
511282,511298,513155,16,1857,2,36000,1.00861604739
511283,511304,513123,21,1819,2,36000,1.01154480484
511285,511330,513319,45,1989,2,36000,1.02262443439
511303,511335,513199,32,1864,2,36000,1.01716738197
511322,511343,513181,21,1838,2,36000,1.01142546246
511323,511364,513197,41,1833,2,36000,1.02236770322
511324,511387,513283,63,1896,2,36000,1.0332278481
511340,511393,513214,53,1821,2,36000,1.02910488742
511361,511411,513429,50,2018,2,36000,1.02477700694
511363,511416,513341,53,1925,2,36000,1.02753246753
511387,511423,513370,36,1947,2,36000,1.01848998459
511388,511435,513281,47,1846,2,36000,1.02546045504
511389,511441,513642,52,2201,2,36000,1.02362562472
511391,511494,513411,103,1917,2,36000,1.05372978612
511408,511540,512783,132,1243,2,36000,1.10619469027
511409,511565,513312,156,1747,2,36000,1.08929593589
511410,511570,513345,160,1775,2,36000,1.09014084507
511427,511577,513327,150,1750,2,36000,1.08571428571
511428,511582,512730,154,1148,2,36000,1.13414634146
511429,511642,513536,213,1894,2,36000,1.11246040127
511452,511671,513509,219,1838,2,36000,1.11915125136
511453,511678,513669,225,1991,2,36000,1.11300853842
511488,511726,513235,238,1509,2,36000,1.1577203446
511537,511791,513539,254,1748,2,36000,1.14530892449
511553,511898,513283,345,1385,2,36000,1.24909747292
511555,511951,513852,396,1901,2,36000,1.20831141504
511577,511964,513745,387,1781,2,36000,1.21729365525
511631,511976,513732,345,1756,2,36000,1.19646924829
511663,512018,513845,355,1827,2,36000,1.1943076081
511664,512056,513779,392,1723,2,36000,1.2275101567
511715,512075,513882,360,1807,2,36000,1.1992252352
511788,512129,513951,341,1822,2,36000,1.18715697036
511886,512164,514056,278,1892,2,36000,1.14693446089
511941,512173,514098,232,1925,2,36000,1.12051948052
511958,512194,513796,236,1602,2,36000,1.14731585518
511974,512234,514174,260,1940,2,36000,1.13402061856
512008,512251,513562,243,1311,2,36000,1.18535469108
512046,512263,513983,217,1720,2,36000,1.1261627907
512068,512283,514126,215,1843,2,36000,1.11665762344
512119,512339,514161,220,1822,2,36000,1.12074643249
512155,512351,513376,196,1025,2,36000,1.1912195122
512171,512394,513409,223,1015,2,36000,1.2197044335
512189,512401,514210,212,1809,2,36000,1.11719181868
512226,512429,513577,203,1148,2,36000,1.17682926829
512241,512446,514441,205,1995,2,36000,1.10275689223
512261,512484,513951,223,1467,2,36000,1.15201090661
512278,512510,514462,232,1952,2,36000,1.11885245902
512334,512517,514292,183,1775,2,36000,1.10309859155
512352,512522,514543,170,2021,2,36000,1.08411677387
512386,512546,514373,160,1827,2,36000,1.08757525999
512402,512551,514445,149,1894,2,36000,1.07866948258
512425,512556,514282,131,1726,2,36000,1.07589803013
512441,512562,514563,121,2001,2,36000,1.06046976512
512475,512567,514473,92,1906,2,36000,1.04826862539
512505,512572,514527,67,1955,2,36000,1.03427109974
512506,512577,513641,71,1064,2,36000,1.06672932331
512507,512582,514442,75,1860,2,36000,1.04032258065
512546,512589,514475,43,1886,2,36000,1.02279957582
512631,512637,514654,6,2017,2,36000,1.00297471492
512731,512737,514607,6,1870,2,36000,1.00320855615
512748,512755,514574,7,1819,2,36000,1.00384826828
512765,512770,514523,5,1753,2,36000,1.00285225328
512784,512790,514528,6,1738,2,36000,1.00345224396
512800,512807,514731,7,1924,2,36000,1.00363825364
512816,512823,514465,7,1642,2,36000,1.00426309379
512844,512850,514817,6,1967,2,36000,1.00305033045
512863,512869,514284,6,1415,2,36000,1.00424028269
512884,512891,514684,7,1793,2,36000,1.00390407139
512886,512896,514675,10,1779,2,36000,1.00562113547
512907,512913,514364,6,1451,2,36000,1.00413507926
512922,512928,514676,6,1748,2,36000,1.00343249428
512948,512954,514753,6,1799,2,36000,1.00333518621
512949,512960,514994,11,2034,2,36000,1.00540806293
512967,512973,514858,6,1885,2,36000,1.00318302387
512968,512979,514216,11,1237,2,36000,1.00889248181
513006,513012,514887,6,1875,2,36000,1.0032
513027,513033,515051,6,2018,2,36000,1.00297324083
513028,513039,514681,11,1642,2,36000,1.00669914738
513121,513127,515145,6,2018,2,36000,1.00297324083
513146,513152,514989,6,1837,2,36000,1.00326619488
513147,513158,515010,11,1852,2,36000,1.00593952484
513164,513170,515052,6,1882,2,36000,1.00318809777
513180,513186,515251,6,2065,2,36000,1.00290556901
513200,513206,514166,6,960,2,36000,1.00625
513202,513212,514185,10,973,2,36000,1.01027749229
513203,513217,514770,14,1553,2,36000,1.00901481005
513223,513229,514449,6,1220,2,36000,1.00491803279
513241,513247,515114,6,1867,2,36000,1.00321371184
513282,513288,515130,6,1842,2,36000,1.00325732899
513304,513310,515180,6,1870,2,36000,1.00320855615
513305,513316,515188,11,1872,2,36000,1.00587606838
513321,513327,515165,6,1838,2,36000,1.00326441785
513322,513333,515278,11,1945,2,36000,1.00565552699
513344,513350,515158,6,1808,2,36000,1.00331858407
513346,513356,515364,10,2008,2,36000,1.00498007968
513347,513361,515360,14,1999,2,36000,1.00700350175
513374,513380,515268,6,1888,2,36000,1.0031779661
513391,513397,515465,6,2068,2,36000,1.00290135397
513418,513425,515263,7,1838,2,36000,1.00380848749
513420,513431,515150,11,1719,2,36000,1.00639906923
513437,513443,515260,6,1817,2,36000,1.0033021464
513510,513517,515268,7,1751,2,36000,1.00399771559
513538,513544,515459,6,1915,2,36000,1.00313315927
513557,513563,515333,6,1770,2,36000,1.00338983051
513573,513579,515001,6,1422,2,36000,1.00421940928
513591,513598,515475,7,1877,2,36000,1.00372935535
513652,513658,514609,6,951,2,36000,1.00630914826
513654,513664,515690,10,2026,2,36000,1.00493583416
513669,513675,515542,6,1867,2,36000,1.00321371184
513733,513740,515639,7,1899,2,36000,1.00368615061
513750,513756,514937,6,1181,2,36000,1.0050804403
513780,513787,515594,7,1807,2,36000,1.00387382402
513797,513803,515578,6,1775,2,36000,1.00338028169
513853,513859,515767,6,1908,2,36000,1.00314465409
513854,513865,515742,11,1877,2,36000,1.00586041556
513890,513896,515673,6,1777,2,36000,1.00337647721
513953,513959,515369,6,1410,2,36000,1.00425531915
513954,513965,515872,11,1907,2,36000,1.00576822234
513989,513995,515792,6,1797,2,36000,1.00333889816
514057,514064,515850,7,1786,2,36000,1.0039193729
514100,514106,515881,6,1775,2,36000,1.00338028169
514134,514140,516156,6,2016,2,36000,1.00297619048
514165,514172,515891,7,1719,2,36000,1.00407213496
514190,514196,515904,6,1708,2,36000,1.00351288056
514192,514202,516206,10,2004,2,36000,1.00499001996
514193,514207,515974,14,1767,2,36000,1.00792303339
514212,514218,516131,6,1913,2,36000,1.00313643492
514232,514238,515355,6,1117,2,36000,1.00537153089
514290,514296,516028,6,1732,2,36000,1.00346420323
514291,514308,516110,17,1802,2,36000,1.00943396226
514296,514302,515790,6,1488,4,360000,1.00403225806
514307,514314,516385,7,2071,2,36000,1.00338000966
514371,514377,516209,6,1832,2,36000,1.00327510917
514390,514396,516231,6,1835,2,36000,1.00326975477
514392,514462,515796,70,1334,4,360000,1.05247376312
514427,514480,515797,53,1317,4,360000,1.04024297646
514442,514448,516197,6,1749,2,36000,1.00343053173
514444,514455,516244,11,1789,2,36000,1.00614868642
514460,514469,516310,9,1841,2,36000,1.00488864747
514461,514474,516405,13,1931,2,36000,1.00673226308
514490,514496,516256,6,1760,2,36000,1.00340909091
514491,514502,516515,11,2013,2,36000,1.00546448087
514493,514507,516381,14,1874,2,36000,1.00747065101
514494,514512,516409,18,1897,2,36000,1.00948866632
514527,514534,516460,7,1926,2,36000,1.0036344756
514529,514540,516496,11,1956,2,36000,1.00562372188
514530,514545,516550,15,2005,2,36000,1.00748129676
514547,514553,516297,6,1744,2,36000,1.00344036697
514563,514570,516309,7,1739,2,36000,1.0040253019
514579,514585,516598,6,2013,2,36000,1.00298062593
514611,514618,516407,7,1789,2,36000,1.00391280045
514613,514624,516504,11,1880,2,36000,1.00585106383
514654,514660,516503,6,1843,2,36000,1.00325556158
514683,514689,516356,6,1667,2,36000,1.00359928014
514684,514695,516450,11,1755,2,36000,1.00626780627
514685,514700,516071,15,1371,2,36000,1.01094091904
514686,514706,516486,20,1780,2,36000,1.01123595506
514731,514737,516396,6,1659,2,36000,1.00361663653
514756,514762,516750,6,1988,2,36000,1.00301810865
514772,514778,516479,6,1701,2,36000,1.00352733686
514819,514825,516800,6,1975,2,36000,1.00303797468
514860,514866,516835,6,1969,2,36000,1.0030472321
514891,514898,516309,7,1411,2,36000,1.00496102055
514939,514945,516969,6,2024,2,36000,1.00296442688
514993,514999,516895,6,1896,2,36000,1.00316455696
515009,515015,516066,6,1051,2,36000,1.00570884872
515010,515021,517005,11,1984,2,36000,1.00554435484
515012,515026,516995,14,1969,2,36000,1.00711020823
515054,515060,516914,6,1854,2,36000,1.00323624595
515056,515066,516927,10,1861,2,36000,1.00537345513
515117,515123,516965,6,1842,2,36000,1.00325732899
515133,515139,516900,6,1761,2,36000,1.00340715503
515149,515155,516442,6,1287,2,36000,1.00466200466
515165,515171,516926,6,1755,2,36000,1.00341880342
515166,515177,517124,11,1947,2,36000,1.00564971751
515167,515182,516208,15,1026,2,36000,1.01461988304
515184,515190,517005,6,1815,2,36000,1.00330578512
515200,515206,517097,6,1891,2,36000,1.00317292438
515256,515262,516316,6,1054,2,36000,1.00569259962
515274,515280,517174,6,1894,2,36000,1.00316789863
515275,515286,517081,11,1795,2,36000,1.0061281337
515276,515291,517079,15,1788,2,36000,1.00838926174
515278,515296,517048,18,1752,2,36000,1.0102739726
515294,515302,517202,8,1900,2,36000,1.00421052632
515335,515341,517218,6,1877,2,36000,1.0031965903
515357,515363,516527,6,1164,2,36000,1.00515463918
515373,515379,516486,6,1107,2,36000,1.0054200542
515375,515386,517485,11,2099,2,36000,1.00524059076
515376,515391,517377,15,1986,2,36000,1.00755287009
515460,515466,517256,6,1790,2,36000,1.00335195531
515475,515482,517482,7,2000,2,36000,1.0035
515477,515487,517658,10,2171,2,36000,1.00460617227
515543,515549,517560,6,2011,2,36000,1.00298359025
515580,515586,516484,6,898,2,36000,1.00668151448
515596,515602,516726,6,1124,2,36000,1.00533807829
515640,515646,517415,6,1769,2,36000,1.00339174675
515675,515681,517523,6,1842,2,36000,1.00325732899
515691,515697,517488,6,1791,2,36000,1.00335008375
515743,515750,517709,7,1959,2,36000,1.00357325166
515755,515780,515782,25,2,2,3540,2.7
515768,515774,517581,6,1807,2,36000,1.00332042059
515793,515799,517700,6,1901,2,36000,1.00315623356
515850,515856,517701,6,1845,2,36000,1.00325203252
515875,515881,517631,6,1750,2,36000,1.00342857143
515891,515897,517654,6,1757,2,36000,1.00341491178
515892,515903,517684,11,1781,2,36000,1.00617630545
515908,515915,517924,7,2009,2,36000,1.00348432056
515910,515921,544665,11,28744,4,360000,1.00038268856
515930,515936,540841,6,24905,4,360000,1.00024091548
515938,515945,540873,7,24928,4,360000,1.00028080873
515957,516083,536569,126,20486,4,360000,1.00615054183
515977,515983,517740,6,1757,2,36000,1.00341491178
516030,516036,517792,6,1756,2,36000,1.00341685649
516068,516074,517923,6,1849,2,36000,1.0032449973
516083,516090,517897,7,1807,2,36000,1.00387382402
516113,516119,517907,6,1788,2,36000,1.0033557047
516132,516138,518004,6,1866,2,36000,1.00321543408
516157,516163,517651,6,1488,2,36000,1.00403225806
516201,516207,517248,6,1041,2,36000,1.00576368876
516217,516223,518016,6,1793,2,36000,1.0033463469
516218,516229,518206,11,1977,2,36000,1.00556398584
516220,516234,517196,14,962,2,36000,1.01455301455
516235,516241,517933,6,1692,2,36000,1.00354609929
516252,516258,518066,6,1808,2,36000,1.00331858407
516268,516274,518109,6,1835,2,36000,1.00326975477
516299,516305,518148,6,1843,2,36000,1.00325556158
516316,516322,518174,6,1852,2,36000,1.00323974082
516317,516328,518112,11,1784,2,36000,1.00616591928
516319,516333,518147,14,1814,2,36000,1.00771775083
516320,516338,518090,18,1752,2,36000,1.0102739726
516358,516364,518032,6,1668,2,36000,1.0035971223
516383,516390,517500,7,1110,2,36000,1.00630630631
516400,516406,518338,6,1932,2,36000,1.00310559006
516401,516412,518133,11,1721,2,36000,1.00639163277
516418,516424,518332,6,1908,2,36000,1.00314465409
516419,516430,518409,11,1979,2,36000,1.00555836281
516421,516435,518100,14,1665,2,36000,1.00840840841
516443,516449,518435,6,1986,2,36000,1.00302114804
516461,516467,518307,6,1840,2,36000,1.00326086957
516462,516473,518181,11,1708,2,36000,1.00644028103
516484,516490,518281,6,1791,2,36000,1.00335008375
516486,516497,518418,11,1921,2,36000,1.00572618428
516509,516515,518415,6,1900,2,36000,1.00315789474
516510,516521,518370,11,1849,2,36000,1.00594916171
516512,516526,518307,14,1781,2,36000,1.00786075239
516513,516532,518128,19,1596,2,36000,1.0119047619
516515,516537,518422,22,1885,2,36000,1.01167108753
516532,516543,518530,11,1987,2,36000,1.0055359839
516533,516548,517663,15,1115,2,36000,1.0134529148
516552,516558,518437,6,1879,2,36000,1.00319318787
516600,516606,518486,6,1880,2,36000,1.00319148936
516727,516733,518710,6,1977,2,36000,1.00303490137
516752,516758,518699,6,1941,2,36000,1.00309119011
516803,516809,518570,6,1761,2,36000,1.00340715503
516838,516844,518836,6,1992,2,36000,1.00301204819
516897,516903,518690,6,1787,2,36000,1.00335758254
516913,516919,518660,6,1741,2,36000,1.00344629523
516914,516925,518988,11,2063,2,36000,1.00533204072
516931,516937,518665,6,1728,2,36000,1.00347222222
516933,516943,518945,10,2002,2,36000,1.004995005
516964,516970,518830,6,1860,2,36000,1.00322580645
516965,516976,518804,11,1828,2,36000,1.00601750547
516995,517001,518935,6,1934,2,36000,1.00310237849
517011,517018,519024,7,2006,2,36000,1.00348953141
517013,517024,518807,11,1783,2,36000,1.00616937745
517050,517056,518789,6,1733,2,36000,1.00346220427
517082,517088,518802,6,1714,2,36000,1.00350058343
517084,517094,519239,10,2145,2,36000,1.00466200466
517099,517105,518955,6,1850,2,36000,1.00324324324
517128,517134,518096,6,962,2,36000,1.00623700624
517177,517183,518932,6,1749,2,36000,1.00343053173
517196,517202,518997,6,1795,2,36000,1.00334261838
517212,517218,518369,6,1151,2,36000,1.00521285838
517228,517234,518239,6,1005,2,36000,1.00597014925
517250,517256,519263,6,2007,2,36000,1.00298953662
517267,517273,519486,6,2213,2,36000,1.00271125169
517379,517385,519221,6,1836,2,36000,1.00326797386
517417,517423,519367,6,1944,2,36000,1.00308641975
517486,517492,519510,6,2018,2,36000,1.00297324083
517487,517498,519721,11,2223,2,36000,1.00494826811
517504,517510,519359,6,1849,2,36000,1.0032449973
517505,517516,519183,11,1667,2,36000,1.00659868026
517525,517531,518604,6,1073,2,36000,1.0055917987
517564,517570,519497,6,1927,2,36000,1.00311364816
517582,517588,519620,6,2032,2,36000,1.00295275591
517639,517646,518795,7,1149,2,36000,1.00609225413
517660,517666,518740,6,1074,2,36000,1.00558659218
517662,517672,519631,10,1959,2,36000,1.00510464523
517663,517677,519298,14,1621,2,36000,1.00863664405
517679,517685,519715,6,2030,2,36000,1.00295566502
517695,517701,519573,6,1872,2,36000,1.00320512821
517711,517717,519493,6,1776,2,36000,1.00337837838
517712,517723,519481,11,1758,2,36000,1.00625711035
517713,517728,519672,15,1944,2,36000,1.00771604938
517742,517748,519565,6,1817,2,36000,1.0033021464
517795,517801,519595,6,1794,2,36000,1.00334448161
517898,517904,519612,6,1708,2,36000,1.00351288056
517913,517920,518923,7,1003,2,36000,1.00697906281
517931,517937,519590,6,1653,2,36000,1.00362976407
517932,517943,519953,11,2010,2,36000,1.00547263682
517948,517954,519869,6,1915,2,36000,1.00313315927
518007,518013,519635,6,1622,2,36000,1.00369913687
518023,518029,519816,6,1787,2,36000,1.00335758254
518039,518045,519204,6,1159,2,36000,1.00517687662
518067,518073,519834,6,1761,2,36000,1.00340715503
518093,518099,519856,6,1757,2,36000,1.00341491178
518109,518115,519211,6,1096,2,36000,1.00547445255
518110,518121,519941,11,1820,2,36000,1.00604395604
518112,518126,520160,14,2034,2,36000,1.00688298918
518128,518134,520006,6,1872,2,36000,1.00320512821
518143,518149,519992,6,1843,2,36000,1.00325556158
518145,518155,519829,10,1674,2,36000,1.00597371565
518161,518168,520123,7,1955,2,36000,1.00358056266
518162,518174,520005,12,1831,2,36000,1.00655379574
518178,518184,520026,6,1842,2,36000,1.00325732899
518194,518200,519534,6,1334,2,36000,1.00449775112
518210,518216,520008,6,1792,2,36000,1.00334821429
518243,518249,520129,6,1880,2,36000,1.00319148936
518283,518289,520271,6,1982,2,36000,1.00302724521
518308,518315,520091,7,1776,2,36000,1.00394144144
518310,518320,520102,10,1782,2,36000,1.00561167228
518332,518338,520213,6,1875,2,36000,1.0032
518350,518356,520361,6,2005,2,36000,1.0029925187
518369,518375,520285,6,1910,2,36000,1.00314136126
518385,518391,520913,6,2522,2,36000,1.00237906423
518411,518417,520379,6,1962,2,36000,1.00305810398
518427,518433,520268,6,1835,2,36000,1.00326975477
518428,518439,520366,11,1927,2,36000,1.00570835496
518429,518444,520400,15,1956,2,36000,1.00766871166
518446,518452,520145,6,1693,2,36000,1.00354400473
518447,518458,520243,11,1785,2,36000,1.00616246499
518488,518494,520348,6,1854,2,36000,1.00323624595
518531,518537,520304,6,1767,2,36000,1.00339558574
518572,518578,520562,6,1984,2,36000,1.00302419355
518607,518613,520405,6,1792,2,36000,1.00334821429
518660,518666,520959,6,2293,2,36000,1.0026166594
518680,518686,520741,6,2055,2,36000,1.00291970803
518696,518702,520494,6,1792,2,36000,1.00334821429
518713,518719,520698,6,1979,2,36000,1.00303183426
518714,518725,520547,11,1822,2,36000,1.00603732162
518742,518749,520548,7,1799,2,36000,1.00389105058
518791,518797,520589,6,1792,2,36000,1.00334821429
518807,518813,520786,6,1973,2,36000,1.00304105423
518808,518819,520508,11,1689,2,36000,1.00651272943
518810,518824,520333,14,1509,2,36000,1.00927766733
518811,518830,519974,19,1144,2,36000,1.01660839161
518833,518840,520696,7,1856,2,36000,1.00377155172
518849,518856,520585,7,1729,2,36000,1.004048583
518925,518931,520666,6,1735,2,36000,1.00345821326
518942,518948,521070,6,2122,2,36000,1.00282752121
518943,518954,520774,11,1820,2,36000,1.00604395604
518959,518965,520955,6,1990,2,36000,1.00301507538
518960,518971,520930,11,1959,2,36000,1.00561510975
518989,518995,520947,6,1952,2,36000,1.00307377049
519004,519011,520914,7,1903,2,36000,1.00367840252
519028,519034,520207,6,1173,2,36000,1.00511508951
519185,519191,520604,6,1413,2,36000,1.0042462845
519204,519210,520960,6,1750,2,36000,1.00342857143
519222,519228,521044,6,1816,2,36000,1.00330396476
519223,519234,521078,11,1844,2,36000,1.00596529284
519242,519248,520995,6,1747,2,36000,1.00343445907
519264,519270,521271,6,2001,2,36000,1.00299850075
519302,519308,520402,6,1094,2,36000,1.00548446069
519362,519368,521086,6,1718,2,36000,1.00349243306
519379,519385,521147,6,1762,2,36000,1.00340522134
519482,519488,521467,6,1979,2,36000,1.00303183426
519499,519504,521483,5,1979,2,36000,1.00252652855
519500,519510,521679,10,2169,2,36000,1.00461041955
519501,519515,521247,14,1732,2,36000,1.00808314088
519519,519526,521411,7,1885,2,36000,1.00371352785
519536,519542,521718,6,2176,2,36000,1.00275735294
519568,519575,521494,7,1919,2,36000,1.00364773319
519584,519590,521375,6,1785,2,36000,1.00336134454
519600,519606,521284,6,1678,2,36000,1.00357568534
519602,519612,521185,10,1573,2,36000,1.00635727908
519619,519626,521462,7,1836,2,36000,1.00381263617
519621,519632,521454,11,1822,2,36000,1.00603732162
519637,519643,521455,6,1812,2,36000,1.00331125828
519639,519649,521364,10,1715,2,36000,1.00583090379
519675,519681,520822,6,1141,2,36000,1.00525854514
519720,519726,521754,6,2028,2,36000,1.00295857988
519721,519732,521520,11,1788,2,36000,1.00615212528
519815,519821,521801,6,1980,2,36000,1.00303030303
519831,519837,521728,6,1891,2,36000,1.00317292438
519847,519853,520863,6,1010,2,36000,1.00594059406
519863,519869,521765,6,1896,2,36000,1.00316455696
519884,519890,521623,6,1733,2,36000,1.00346220427
519943,519949,521588,6,1639,2,36000,1.00366076876
519959,519965,521749,6,1784,2,36000,1.0033632287
519975,519981,521864,6,1883,2,36000,1.00318640467
519995,520001,521821,6,1820,2,36000,1.0032967033
520011,520017,521762,6,1745,2,36000,1.00343839542
520013,520023,521822,10,1799,2,36000,1.00555864369
520014,520028,521897,14,1869,2,36000,1.0074906367
520030,520036,521853,6,1817,2,36000,1.0033021464
520092,520099,522023,7,1924,2,36000,1.00363825364
520108,520114,521912,6,1798,2,36000,1.00333704116
520124,520131,521447,7,1316,2,36000,1.00531914894
520142,520148,522000,6,1852,2,36000,1.00323974082
520158,520164,522225,6,2061,2,36000,1.00291120815
520159,520170,522185,11,2015,2,36000,1.00545905707
520212,520218,521920,6,1702,2,36000,1.00352526439
520213,520224,522044,11,1820,2,36000,1.00604395604
520244,520251,521285,7,1034,2,36000,1.00676982592
520270,520276,522071,6,1795,2,36000,1.00334261838
520286,520292,522043,6,1751,2,36000,1.00342661336
520287,520298,522257,11,1959,2,36000,1.00561510975
520308,520314,522350,6,2036,2,36000,1.00294695481
520333,520340,522137,7,1797,2,36000,1.00389538119
520349,520356,522066,7,1710,2,36000,1.00409356725
520365,520371,522246,6,1875,2,36000,1.0032
520367,520378,521958,11,1580,2,36000,1.00696202532
520383,520389,522290,6,1901,2,36000,1.00315623356
520400,520406,522139,6,1733,2,36000,1.00346220427
520416,520422,522352,6,1930,2,36000,1.00310880829
520417,520428,522302,11,1874,2,36000,1.00586979723
520496,520502,521452,6,950,2,36000,1.00631578947
520511,520517,522275,6,1758,2,36000,1.00341296928
520549,520555,522196,6,1641,2,36000,1.00365630713
520550,520561,521572,11,1011,2,36000,1.01088031652
520566,520572,522299,6,1727,2,36000,1.00347423277
520586,520592,522158,6,1566,2,36000,1.00383141762
520587,520598,522675,11,2077,2,36000,1.00529610014
520606,520613,522423,7,1810,2,36000,1.00386740331
520669,520675,522700,6,2025,2,36000,1.00296296296
520701,520707,522521,6,1814,2,36000,1.0033076075
520702,520713,522478,11,1765,2,36000,1.00623229462
520743,520749,522461,6,1712,2,36000,1.0035046729
520777,520783,521844,6,1061,2,36000,1.00565504241
520794,520800,522058,6,1258,2,36000,1.00476947536
520827,520833,522555,6,1722,2,36000,1.00348432056
520866,520872,522575,6,1703,2,36000,1.00352319436
520918,520924,522838,6,1914,2,36000,1.00313479624
520919,520930,522241,11,1311,2,36000,1.00839054157
520935,520941,523200,6,2259,2,36000,1.0026560425
520951,520957,522607,6,1650,2,36000,1.00363636364
520972,520978,522386,6,1408,2,36000,1.00426136364
520973,520984,522751,11,1767,2,36000,1.00622524052
520975,520989,522916,14,1927,2,36000,1.00726517903
521000,521006,522743,6,1737,2,36000,1.00345423143
521045,521051,522964,6,1913,2,36000,1.00313643492
521072,521078,523038,6,1960,2,36000,1.00306122449
521088,521094,522817,6,1723,2,36000,1.00348229832
521089,521100,523088,11,1988,2,36000,1.0055331992
521147,521153,522971,6,1818,2,36000,1.00330033003
521188,521194,522973,6,1779,2,36000,1.00337268128
521246,521252,522919,6,1667,2,36000,1.00359928014
521277,521283,522988,6,1705,2,36000,1.00351906158
521293,521299,523006,6,1707,2,36000,1.00351493849
521295,521305,522583,10,1278,2,36000,1.00782472613
521366,521372,523212,6,1840,2,36000,1.00326086957
521382,521388,523294,6,1906,2,36000,1.00314795383
521413,521419,523969,6,2550,2,36000,1.00235294118
521449,521455,523405,6,1950,2,36000,1.00307692308
521471,521478,523492,7,2014,2,36000,1.00347567031
521473,521484,522750,11,1266,2,36000,1.00868878357
521474,521489,523430,15,1941,2,36000,1.00772797527
521476,521495,522579,19,1084,2,36000,1.01752767528
521477,521500,523365,23,1865,2,36000,1.01233243968
521493,521506,523351,13,1845,2,36000,1.00704607046
521495,521511,523287,16,1776,2,36000,1.00900900901
521523,521529,523417,6,1888,2,36000,1.0031779661
521572,521579,523126,7,1547,2,36000,1.00452488688
521595,521600,522735,5,1135,2,36000,1.00440528634
521626,521632,523408,6,1776,2,36000,1.00337837838
521682,521688,523478,6,1790,2,36000,1.00335195531
521719,521726,522809,7,1083,2,36000,1.00646352724
521736,521742,523730,6,1988,2,36000,1.00301810865
521753,521759,523791,6,2032,2,36000,1.00295275591
521754,521765,523541,11,1776,2,36000,1.00619369369
521770,521776,523808,6,2032,2,36000,1.00295275591
521772,521782,523595,10,1813,2,36000,1.0055157198
521803,521809,523447,6,1638,2,36000,1.00366300366
521822,521828,523260,6,1432,2,36000,1.00418994413
521824,521834,523666,10,1832,2,36000,1.00545851528
521846,521852,523755,6,1903,2,36000,1.00315291645
521862,521868,523737,6,1869,2,36000,1.00321027287
521877,521883,523610,6,1727,2,36000,1.00347423277
521900,521906,523701,6,1795,2,36000,1.00334261838
521916,521922,523764,6,1842,2,36000,1.00325732899
521931,521937,523826,6,1889,2,36000,1.00317628375
521960,521966,523949,6,1983,2,36000,1.00302571861
522001,522007,523851,6,1844,2,36000,1.0032537961
522024,522031,523995,7,1964,2,36000,1.00356415479
522044,522050,523997,6,1947,2,36000,1.0030816641
522045,522056,523891,11,1835,2,36000,1.00599455041
522062,522068,524006,6,1938,2,36000,1.00309597523
522078,522085,523674,7,1589,2,36000,1.00440528634
522080,522091,523462,11,1371,2,36000,1.00802334063
522139,522145,523981,6,1836,2,36000,1.00326797386
522140,522151,523790,11,1639,2,36000,1.0067114094
522159,522165,523862,6,1697,2,36000,1.00353565115
522188,522194,524085,6,1891,2,36000,1.00317292438
522204,522210,523964,6,1754,2,36000,1.00342075257
522228,522234,523793,6,1559,2,36000,1.00384862091
522244,522250,524143,6,1893,2,36000,1.00316957211
522261,522267,524174,6,1907,2,36000,1.00314630309
522262,522273,524073,11,1800,2,36000,1.00611111111
522283,522289,524486,6,2197,2,36000,1.00273099681
522299,522305,524483,6,2178,2,36000,1.00275482094
522300,522311,524264,11,1953,2,36000,1.00563236047
522317,522323,523895,6,1572,2,36000,1.00381679389
522352,522358,523857,6,1499,2,36000,1.00400266845
522353,522364,524129,11,1765,2,36000,1.00623229462
522389,522395,524217,6,1822,2,36000,1.00329308452
522424,522430,524229,6,1799,2,36000,1.00333518621
522462,522468,524260,6,1792,2,36000,1.00334821429
522482,522488,524265,6,1777,2,36000,1.00337647721
522523,522529,524039,6,1510,2,36000,1.00397350993
522557,522563,524401,6,1838,2,36000,1.00326441785
522576,522582,524379,6,1797,2,36000,1.00333889816
522592,522598,523867,6,1269,2,36000,1.00472813239
522593,522604,524311,11,1707,2,36000,1.0064440539
522610,522616,524730,6,2114,2,36000,1.00283822138
522679,522685,524546,6,1861,2,36000,1.00322407308
522702,522708,524557,6,1849,2,36000,1.0032449973
522737,522743,524714,6,1971,2,36000,1.00304414003
522753,522759,524540,6,1781,2,36000,1.00336889388
522754,522765,523823,11,1058,2,36000,1.01039697543
522756,522770,524676,14,1906,2,36000,1.0073452256
522812,522818,524965,6,2147,2,36000,1.00279459711
522827,522834,524058,7,1224,2,36000,1.00571895425
522846,522852,524570,6,1718,2,36000,1.00349243306
522918,522924,524749,6,1825,2,36000,1.00328767123
522934,522940,524891,6,1951,2,36000,1.00307534598
522965,522971,524772,6,1801,2,36000,1.00333148251
522982,522988,524537,6,1549,2,36000,1.00387346675
522983,522994,524055,11,1061,2,36000,1.01036757776
522999,523005,524387,6,1382,2,36000,1.00434153401
523016,523022,524926,6,1904,2,36000,1.0031512605
523041,523047,525100,6,2053,2,36000,1.00292255236
523091,523097,524312,6,1215,2,36000,1.0049382716
523129,523135,525221,6,2086,2,36000,1.00287631831
523201,523207,524211,6,1004,2,36000,1.00597609562
523217,523223,525345,6,2122,2,36000,1.00282752121
523263,523270,525134,7,1864,2,36000,1.00375536481
523289,523295,525219,6,1924,2,36000,1.00311850312
523305,523311,525107,6,1796,2,36000,1.00334075724
523352,523358,525178,6,1820,2,36000,1.0032967033
523368,523374,524909,6,1535,2,36000,1.00390879479
523406,523412,524930,6,1518,2,36000,1.00395256917
523422,523428,525430,6,2002,2,36000,1.002997003
523423,523434,525311,11,1877,2,36000,1.00586041556
523439,523445,525133,6,1688,2,36000,1.00355450237
523455,523462,525497,7,2035,2,36000,1.00343980344
523471,523478,525315,7,1837,2,36000,1.0038105607
523487,523494,525189,7,1695,2,36000,1.00412979351
523503,523509,525419,6,1910,2,36000,1.00314136126
523544,523550,524593,6,1043,2,36000,1.00575263663
523597,523603,524833,6,1230,2,36000,1.00487804878
523613,523619,525399,6,1780,2,36000,1.00337078652
523668,523674,525543,6,1869,2,36000,1.00321027287
523684,523691,525096,7,1405,2,36000,1.00498220641
523701,523707,525652,6,1945,2,36000,1.0030848329
523731,523737,525494,6,1757,2,36000,1.00341491178
523747,523753,525696,6,1943,2,36000,1.00308800823
523763,523769,525821,6,2052,2,36000,1.00292397661
523764,523775,525029,11,1254,2,36000,1.00877192982
523793,523799,525596,6,1797,2,36000,1.00333889816
523794,523805,525535,11,1730,2,36000,1.0063583815
523795,523811,525192,16,1381,2,36000,1.01158580739
523812,523818,525662,6,1844,2,36000,1.0032537961
523828,523834,525502,6,1668,2,36000,1.0035971223
523829,523840,525554,11,1714,2,36000,1.00641773629
523852,523858,525611,6,1753,2,36000,1.00342270394
523869,523876,525719,7,1843,2,36000,1.00379815518
523871,523882,525009,11,1127,2,36000,1.00976042591
523872,523887,525237,15,1350,2,36000,1.01111111111
523895,523901,525617,6,1716,2,36000,1.0034965035
523911,523917,525782,6,1865,2,36000,1.00321715818
523952,523958,525684,6,1726,2,36000,1.00347624565
523968,523974,525855,6,1881,2,36000,1.00318979266
523969,523980,525310,11,1330,2,36000,1.00827067669
523992,523998,525114,6,1116,2,36000,1.00537634409
524010,524016,525966,6,1950,2,36000,1.00307692308
524011,524022,525942,11,1920,2,36000,1.00572916667
524012,524027,525792,15,1765,2,36000,1.00849858357
524041,524047,525264,6,1217,2,36000,1.00493015612
524057,524063,525916,6,1853,2,36000,1.00323799244
524058,524069,525975,11,1906,2,36000,1.00577124869
524075,524081,525516,6,1435,2,36000,1.00418118467
524091,524096,525890,5,1794,2,36000,1.002787068
524131,524137,525894,6,1757,2,36000,1.00341491178
524150,524157,526177,7,2020,2,36000,1.00346534653
524176,524182,525877,6,1695,2,36000,1.00353982301
524214,524220,526182,6,1962,2,36000,1.00305810398
524232,524239,526226,7,1987,2,36000,1.00352289884
524234,524245,525235,11,990,2,36000,1.01111111111
524262,524268,525856,6,1588,2,36000,1.00377833753
524279,524285,526331,6,2046,2,36000,1.00293255132
524280,524291,526064,11,1773,2,36000,1.00620417372
524312,524318,526085,6,1767,2,36000,1.00339558574
524313,524324,526288,11,1964,2,36000,1.00560081466
524381,524387,526068,6,1681,2,36000,1.00356930399
524397,524403,526211,6,1808,2,36000,1.00331858407
524413,524419,526314,6,1895,2,36000,1.00316622691
524485,524491,526307,6,1816,2,36000,1.00330396476
524487,524497,526304,10,1807,2,36000,1.00553403431
524541,524547,526435,6,1888,2,36000,1.0031779661
524542,524553,526530,11,1977,2,36000,1.00556398584
524559,524565,526442,6,1877,2,36000,1.0031965903
524560,524571,526529,11,1958,2,36000,1.00561797753
524576,524582,526441,6,1859,2,36000,1.00322754169
524595,524601,526153,6,1552,2,36000,1.00386597938
524679,524685,526428,6,1743,2,36000,1.00344234079
524717,524723,526587,6,1864,2,36000,1.00321888412
524734,524740,526667,6,1927,2,36000,1.00311364816
524754,524760,526683,6,1923,2,36000,1.0031201248
524774,524780,526357,6,1577,2,36000,1.00380469245
524836,524842,526561,6,1719,2,36000,1.0034904014
524893,524899,526746,6,1847,2,36000,1.0032485111
524912,524918,526621,6,1703,2,36000,1.00352319436
524928,524934,526809,6,1875,2,36000,1.0032
524930,524940,526141,10,1201,2,36000,1.00832639467
524968,524974,526710,6,1736,2,36000,1.0034562212
525012,525018,526302,6,1284,2,36000,1.0046728972
525031,525037,526965,6,1928,2,36000,1.0031120332
525097,525103,526881,6,1778,2,36000,1.00337457818
525113,525118,526910,5,1792,2,36000,1.00279017857
525114,525124,527012,10,1888,2,36000,1.00529661017
525130,525136,526976,6,1840,2,36000,1.00326086957
525146,525152,526178,6,1026,2,36000,1.00584795322
525147,525158,526993,11,1835,2,36000,1.00599455041
525182,525188,526786,6,1598,2,36000,1.00375469337
525198,525204,527177,6,1973,2,36000,1.00304105423
525200,525210,527127,10,1917,2,36000,1.00521648409
525222,525228,526929,6,1701,2,36000,1.00352733686
525224,525234,527473,10,2239,2,36000,1.00446627959
525240,525246,527095,6,1849,2,36000,1.0032449973
525241,525252,527182,11,1930,2,36000,1.00569948187
525267,525273,527474,6,2201,2,36000,1.00272603362
525314,525320,527106,6,1786,2,36000,1.00335946249
525315,525326,527111,11,1785,2,36000,1.00616246499
525331,525337,527182,6,1845,2,36000,1.00325203252
525341,525347,525351,6,4,1,900,1.0
525347,525353,527283,6,1930,2,36000,1.00310880829
525362,538467,540290,13105,1823,128,36000,8.18869994515
525371,525415,525421,44,6,1,120,5.0
525371,525383,525398,12,15,1,120,1.8
525371,525378,525450,7,72,2,120,1.09722222222
525371,525423,525449,52,26,2,120,3.0
525377,525442,527985,65,2543,1,3600,1.02556036178
525378,525437,539883,59,14446,2,14400,1.00408417555
525378,525455,529162,77,3707,2,14400,1.02077151335
525378,525462,525547,84,85,1,3600,1.98823529412
525403,525410,527412,7,2002,2,36000,1.0034965035
525422,525429,527230,7,1801,2,36000,1.00388672959
525439,525450,527204,11,1754,2,36000,1.0062713797
525496,525503,527340,7,1837,2,36000,1.0038105607
525497,525510,527578,13,2068,2,36000,1.00628626692
525517,525523,526616,6,1093,2,36000,1.0054894785
525519,525531,527246,12,1715,2,36000,1.00699708455
525539,525545,527285,6,1740,2,36000,1.00344827586
525554,525560,527579,6,2019,2,36000,1.0029717682
525556,525567,527332,11,1765,2,36000,1.00623229462
525604,525611,526814,7,1203,2,36000,1.00581878637
525625,525632,527382,7,1750,2,36000,1.004
525627,525638,527706,11,2068,2,36000,1.00531914894
525655,525661,527374,6,1713,2,36000,1.00350262697
525671,525679,527628,8,1949,2,36000,1.00410466906
525687,525693,527520,6,1827,2,36000,1.00328407225
525704,525711,527065,7,1354,2,36000,1.00516986706
525723,525729,527416,6,1687,2,36000,1.00355660937
525786,525792,527235,6,1443,2,36000,1.00415800416
525802,525808,527511,6,1703,2,36000,1.00352319436
525821,525827,527713,6,1886,2,36000,1.00318133616
525859,525865,527622,6,1757,2,36000,1.00341491178
525860,525872,527779,12,1907,2,36000,1.00629260619
525876,526080,527531,204,1451,2,36000,1.14059269469
525893,526165,528090,272,1925,2,36000,1.1412987013
525894,526300,528046,406,1746,2,36000,1.23253150057
525920,526315,528194,395,1879,2,36000,1.21021820117
525944,526369,528940,425,2571,2,36000,1.16530532867
525967,526440,528267,473,1827,2,36000,1.25889436234
525982,526453,528338,471,1885,2,36000,1.24986737401
526066,526573,528375,507,1802,2,36000,1.28135405105
526068,526628,528561,560,1933,2,36000,1.28970512157
526087,526723,528493,636,1770,2,36000,1.3593220339
526143,526797,528702,654,1905,2,36000,1.34330708661
526159,526826,528078,667,1252,2,36000,1.53274760383
526179,526940,528578,761,1638,2,36000,1.46459096459
526181,526987,528757,806,1770,2,36000,1.45536723164
526197,527004,529005,807,2001,2,36000,1.40329835082
526213,527076,528576,863,1500,2,36000,1.57533333333
526229,527118,529108,889,1990,2,36000,1.44673366834
526290,527189,528974,899,1785,2,36000,1.50364145658
526320,527195,528932,875,1737,2,36000,1.50374208405
526321,527215,528277,894,1062,2,36000,1.8418079096
526323,527241,528917,918,1676,2,36000,1.5477326969
526324,527248,528511,924,1263,2,36000,1.73159144893
526341,527257,528978,916,1721,2,36000,1.53224869262
526360,527296,529114,936,1818,2,36000,1.51485148515
526429,527301,528974,872,1673,2,36000,1.52121936641
526446,527343,529176,897,1833,2,36000,1.48936170213
526447,527351,529098,904,1747,2,36000,1.51745850029
526448,527385,529164,937,1779,2,36000,1.52670039348
526529,527393,529012,864,1619,2,36000,1.53366275479
526531,527424,529318,893,1894,2,36000,1.47148891235
526565,527431,529133,866,1702,2,36000,1.50881316099
526592,527484,529246,892,1762,2,36000,1.50624290579
526618,527490,529227,872,1737,2,36000,1.50201496834
526633,527522,528815,889,1293,2,36000,1.6875483372
526668,526675,526676,7,1,2,3540,1.0
526671,527531,529399,860,1868,2,36000,1.46038543897
526688,527543,529288,855,1745,2,36000,1.4899713467
526713,527589,529489,876,1900,2,36000,1.46105263158
526751,527596,528655,845,1059,2,36000,1.79792256846
526787,527633,529324,846,1691,2,36000,1.50029568303
526812,527640,529546,828,1906,2,36000,1.43441762854
526829,527717,529445,888,1728,2,36000,1.51388888889
526882,527724,529388,842,1664,2,36000,1.50600961538
526910,527790,529497,880,1707,2,36000,1.51552431166
526932,528058,529539,1126,1481,2,36000,1.76029709656
526967,528089,529897,1122,1808,2,36000,1.62057522124
526983,528101,529856,1118,1755,2,36000,1.63703703704
526999,528205,529714,1206,1509,2,36000,1.79920477137
527016,528278,530177,1262,1899,2,36000,1.66456029489
527065,528288,529976,1223,1688,2,36000,1.72452606635
527097,528349,529374,1252,1025,2,36000,2.22146341463
527113,528386,530267,1273,1881,2,36000,1.67676767677
527114,528504,529650,1390,1146,2,36000,2.21291448517
527130,528522,530405,1392,1883,2,36000,1.73924588423
527180,528573,530435,1393,1862,2,36000,1.74812030075
527196,528587,530556,1391,1969,2,36000,1.70644997461
527197,528594,530295,1397,1701,2,36000,1.82128159906
527214,528666,530117,1452,1451,2,36000,2.00068917988
527234,528718,529824,1484,1106,2,36000,2.3417721519
527235,528768,530477,1533,1709,2,36000,1.89701579871
527251,528826,529952,1575,1126,2,36000,2.39875666075
527287,528928,530060,1641,1132,2,36000,2.44964664311
527288,528943,530855,1655,1912,2,36000,1.86558577406
527332,528951,530979,1619,2028,2,36000,1.7983234714
527347,528985,530938,1638,1953,2,36000,1.83870967742
527373,528990,530893,1617,1903,2,36000,1.84971098266
527389,528997,530577,1608,1580,2,36000,2.01772151899
527414,529016,530944,1602,1928,2,36000,1.83091286307
527431,529023,530797,1592,1774,2,36000,1.89740698985
527474,529109,531170,1635,2061,2,36000,1.79330422125
527476,529119,530832,1643,1713,2,36000,1.95913601868
527510,529126,530766,1616,1640,2,36000,1.98536585366
527526,529144,531406,1618,2262,2,36000,1.71529619805
527542,529176,531010,1634,1834,2,36000,1.89094874591
527579,529187,530479,1608,1292,2,36000,2.24458204334
527581,529239,530733,1658,1494,2,36000,2.10977242303
527622,529257,531181,1635,1924,2,36000,1.84979209979
527638,529300,531183,1662,1883,2,36000,1.88263409453
527664,527671,527837,7,166,1,3600,1.0421686747
527707,529329,530764,1622,1435,2,36000,2.13031358885
527723,529336,531096,1613,1760,2,36000,1.91647727273
527778,529385,531105,1607,1720,2,36000,1.93430232558
528008,528015,528357,7,342,1,3600,1.02046783626
528046,529399,531281,1353,1882,2,36000,1.71891604676
528080,529410,531202,1330,1792,2,36000,1.7421875
528097,529457,531226,1360,1769,2,36000,1.7687959299
528195,529500,531207,1305,1707,2,36000,1.76449912127
528269,529509,531169,1240,1660,2,36000,1.74698795181
528286,529550,531443,1264,1893,2,36000,1.6677231907
528338,529557,531432,1219,1875,2,36000,1.65013333333
528380,529661,531379,1281,1718,2,36000,1.74563445867
528495,529726,531477,1231,1751,2,36000,1.7030268418
528511,529835,531650,1324,1815,2,36000,1.72947658402
528565,529868,531806,1303,1938,2,36000,1.67234262126
528581,529908,531626,1327,1718,2,36000,1.77240977881
528583,529963,531647,1380,1684,2,36000,1.81947743468
528655,529988,531650,1333,1662,2,36000,1.80204572804
528703,530071,531794,1368,1723,2,36000,1.79396401625
528704,528712,529543,8,831,1,3600,1.00962695548
528757,530128,532040,1371,1912,2,36000,1.71705020921
528816,530188,531901,1372,1713,2,36000,1.80093403386
528916,530278,532087,1362,1809,2,36000,1.75290215589
528935,530306,531958,1371,1652,2,36000,1.8299031477
528951,530416,532221,1465,1805,2,36000,1.81163434903
528973,530446,532315,1473,1869,2,36000,1.78812199037
528975,530489,532180,1514,1691,2,36000,1.89532820816
528991,530495,532356,1504,1861,2,36000,1.8081676518
529007,530567,532440,1560,1873,2,36000,1.83288841431
529027,530588,532458,1561,1870,2,36000,1.83475935829
529101,530745,532684,1644,1939,2,36000,1.84785972151
529117,530775,532608,1658,1833,2,36000,1.90452809602
529118,530782,531903,1664,1121,2,36000,2.48438893845
529134,530809,532598,1675,1789,2,36000,1.93627724986
529170,530843,532690,1673,1847,2,36000,1.90579317813
529186,530866,532625,1680,1759,2,36000,1.95508811825
529228,530904,532685,1676,1781,2,36000,1.9410443571
529247,530949,532702,1702,1753,2,36000,1.97090701654
529289,530955,532721,1666,1766,2,36000,1.94337485844
529320,530990,532803,1670,1813,2,36000,1.92112520684
529337,531022,532692,1685,1670,2,36000,2.00898203593
529376,531107,532908,1731,1801,2,36000,1.96113270405
529393,531117,532802,1724,1685,2,36000,2.02314540059
529420,531180,533029,1760,1849,2,36000,1.95186587345
529449,531186,532974,1737,1788,2,36000,1.97147651007
529496,531192,532815,1696,1623,2,36000,2.044978435
529498,531199,533057,1701,1858,2,36000,1.91550053821
529540,531213,532873,1673,1660,2,36000,2.0078313253
529556,531220,533049,1664,1829,2,36000,1.90978676873
529653,531237,533132,1584,1895,2,36000,1.83588390501
529715,531292,533027,1577,1735,2,36000,1.90893371758
529826,531391,532953,1565,1562,2,36000,2.0019206146
529858,531417,533388,1559,1971,2,36000,1.79096905124
529900,531443,533384,1543,1941,2,36000,1.79495105616
529954,531454,533520,1500,2066,2,36000,1.72604065828
529981,531488,532639,1507,1151,2,36000,2.30929626412
530064,531637,533557,1573,1920,2,36000,1.81927083333
530118,531658,533402,1540,1744,2,36000,1.88302752294
530178,531664,533531,1486,1867,2,36000,1.79592929834
530270,531669,533305,1399,1636,2,36000,1.85513447433
530296,531805,533521,1509,1716,2,36000,1.87937062937
530408,531817,533606,1409,1789,2,36000,1.78759083287
530438,531914,533372,1476,1458,2,36000,2.01234567901
530483,531920,533751,1437,1831,2,36000,1.78481703987
530485,531969,533545,1484,1576,2,36000,1.94162436548
530559,532052,534022,1493,1970,2,36000,1.7578680203
530578,532098,533799,1520,1701,2,36000,1.8935920047
530735,532191,533887,1456,1696,2,36000,1.85849056604
530762,530768,530874,6,106,1,3600,1.05660377358
530767,532232,533936,1465,1704,2,36000,1.85974178404
530768,532326,534144,1558,1818,2,36000,1.85698569857
530801,532367,534264,1566,1897,2,36000,1.82551396943
530832,532451,534168,1619,1717,2,36000,1.94292370414
530855,532469,534217,1614,1748,2,36000,1.9233409611
530895,532610,534360,1715,1750,2,36000,1.98
530939,532620,534428,1681,1808,2,36000,1.92975663717
530955,532637,534471,1682,1834,2,36000,1.91712104689
530980,532651,534369,1671,1718,2,36000,1.97264260768
531013,532695,534099,1682,1404,2,36000,2.19800569801
531036,531043,531356,7,313,1,3600,1.02236421725
531101,532703,534395,1602,1692,2,36000,1.94680851064
531117,532708,534578,1591,1870,2,36000,1.85080213904
531174,532715,534512,1541,1797,2,36000,1.85754034502
531175,532720,534435,1545,1715,2,36000,1.90087463557
531191,532732,534537,1541,1805,2,36000,1.85373961219
531192,532813,534125,1621,1312,2,36000,2.23551829268
531209,532819,534757,1610,1938,2,36000,1.83075335397
531210,532826,534616,1616,1790,2,36000,1.90279329609
531226,532885,534606,1659,1721,2,36000,1.96397443347
531260,531266,531415,6,149,1,3600,1.04026845638
531282,532920,534566,1638,1646,2,36000,1.99513973269
531381,532964,534749,1583,1785,2,36000,1.88683473389
531407,532985,534899,1578,1914,2,36000,1.82445141066
531433,533038,534850,1605,1812,2,36000,1.8857615894
531449,533045,534810,1596,1765,2,36000,1.90424929178
531480,533060,534903,1580,1843,2,36000,1.85729788388
531585,531592,531940,7,348,1,3600,1.02011494253
531627,533068,535151,1441,2083,2,36000,1.69179068651
531646,533143,535173,1497,2030,2,36000,1.73743842365
531663,533316,535092,1653,1776,2,36000,1.93074324324
531664,533383,535185,1719,1802,2,36000,1.95394006659
531797,533395,534533,1598,1138,2,36000,2.40421792619
531799,531810,532410,11,600,1,3600,1.01833333333
531813,533402,534372,1589,970,2,36000,2.6381443299
531912,533413,535110,1501,1697,2,36000,1.88450206246
531914,533532,535372,1618,1840,2,36000,1.87934782609
531961,533537,535214,1576,1677,2,36000,1.93977340489
532047,533543,535661,1496,2118,2,36000,1.70632672332
532088,533556,535136,1468,1580,2,36000,1.92911392405
532181,533568,535597,1387,2029,2,36000,1.68358797437
532222,533617,535492,1395,1875,2,36000,1.744
532290,532297,533123,7,826,1,3600,1.00847457627
532316,533762,535578,1446,1816,2,36000,1.79625550661
532357,533810,535517,1453,1707,2,36000,1.85120093732
532440,533898,535635,1458,1737,2,36000,1.83937823834
532459,533947,535785,1488,1838,2,36000,1.80957562568
532602,534034,535579,1432,1545,2,36000,1.92686084142
532618,534110,535758,1492,1648,2,36000,1.90533980583
532634,534137,535849,1503,1712,2,36000,1.87792056075
532650,534155,535997,1505,1842,2,36000,1.81704668838
532685,534179,535938,1494,1759,2,36000,1.84934621944
532686,534228,535958,1542,1730,2,36000,1.89132947977
532708,534275,536099,1567,1824,2,36000,1.85910087719
532709,534371,536195,1662,1824,2,36000,1.91118421053
532710,534381,536261,1671,1880,2,36000,1.88882978723
532726,534387,536126,1661,1739,2,36000,1.955146636
532805,534407,536101,1602,1694,2,36000,1.94569067296
532806,534440,536416,1634,1976,2,36000,1.82692307692
532822,534446,536219,1624,1773,2,36000,1.91596164693
532880,534482,535581,1602,1099,2,36000,2.45768880801
532911,534523,536312,1612,1789,2,36000,1.90106204584
532955,534544,536254,1589,1710,2,36000,1.92923976608
532974,534550,536352,1576,1802,2,36000,1.87458379578
533031,534577,536251,1546,1674,2,36000,1.92353643967
533033,534589,536277,1556,1688,2,36000,1.92180094787
533052,534617,536492,1565,1875,2,36000,1.83466666667
533068,534627,536434,1559,1807,2,36000,1.86275594909
533133,534760,536010,1627,1250,2,36000,2.3016
533308,534769,535864,1461,1095,2,36000,2.33424657534
533374,534821,536812,1447,1991,2,36000,1.7267704671
533390,534862,536689,1472,1827,2,36000,1.8056923919
533391,534910,535856,1519,946,2,36000,2.60570824524
533408,534916,536752,1508,1836,2,36000,1.82135076253
533522,535103,536100,1581,997,2,36000,2.58575727182
533523,535121,536866,1598,1745,2,36000,1.91575931232
533540,535147,536758,1607,1611,2,36000,1.99751707014
533557,535163,536526,1606,1363,2,36000,2.17828319883
533558,535184,536970,1626,1786,2,36000,1.91041433371
533609,535196,537027,1587,1831,2,36000,1.86673948662
533753,535226,536247,1473,1021,2,36000,2.44270323213
533799,535383,537091,1584,1708,2,36000,1.92740046838
533889,535503,536617,1614,1114,2,36000,2.44883303411
533937,535528,537389,1591,1861,2,36000,1.85491671145
534024,535589,536516,1565,927,2,36000,2.6882416397
534101,535596,537495,1495,1899,2,36000,1.78725645076
534127,535601,537280,1474,1679,2,36000,1.877903514
534146,535608,537499,1462,1891,2,36000,1.77313590693
534169,535647,537424,1478,1777,2,36000,1.83173888576
534219,535672,537411,1453,1739,2,36000,1.83553766532
534266,535769,537571,1503,1802,2,36000,1.83407325194
534319,534326,534434,7,108,1,3600,1.06481481481
534362,535796,537557,1434,1761,2,36000,1.81431005111
534378,535860,537564,1482,1704,2,36000,1.86971830986
534380,535868,537687,1488,1819,2,36000,1.81803188565
534399,535876,537954,1477,2078,2,36000,1.71077959577
534431,535950,536966,1519,1016,2,36000,2.49507874016
534447,535969,537784,1522,1815,2,36000,1.83856749311
534472,536008,537751,1536,1743,2,36000,1.88123924269
534510,536021,537768,1511,1747,2,36000,1.86491127647
534536,536111,537814,1575,1703,2,36000,1.92483852026
534552,536116,537844,1564,1728,2,36000,1.90509259259
534568,536122,537909,1554,1787,2,36000,1.86961387801
534583,536137,537980,1554,1843,2,36000,1.84319045035
534605,534611,534926,6,315,1,3600,1.01904761905
534606,536207,537489,1601,1282,2,36000,2.2488299532
534625,536230,537979,1605,1749,2,36000,1.91766723842
534752,536259,538073,1507,1814,2,36000,1.83076074972
534768,536265,538096,1497,1831,2,36000,1.81758601857
534813,536270,537983,1457,1713,2,36000,1.8505545826
534851,536277,538436,1426,2159,2,36000,1.66049096804
534898,534904,535004,6,100,1,1800,1.06
534901,536288,538064,1387,1776,2,36000,1.78096846847
534917,536323,538149,1406,1826,2,36000,1.7699890471
535093,536363,538097,1270,1734,2,36000,1.7324106113
535112,536428,538511,1316,2083,2,36000,1.63178108497
535140,536446,538449,1306,2003,2,36000,1.65202196705
535158,536504,538246,1346,1742,2,36000,1.77267508611
535173,536528,538282,1355,1754,2,36000,1.77251995439
535189,536537,538356,1348,1819,2,36000,1.74106652007
535221,536580,538036,1359,1456,2,36000,1.93337912088
535307,535313,535427,6,114,1,1800,1.05263157895
535368,535374,535973,6,599,1,3600,1.01001669449
535375,536585,538545,1210,1960,2,36000,1.61734693878
535496,536629,538391,1133,1762,2,36000,1.64301929625
535519,536700,538602,1181,1902,2,36000,1.62092534175
535579,536763,538523,1184,1760,2,36000,1.67272727273
535580,536770,538427,1190,1657,2,36000,1.71816535908
535581,536824,538670,1243,1846,2,36000,1.67334777898
535601,536877,538635,1276,1758,2,36000,1.72582480091
535639,536978,538078,1339,1100,2,36000,2.21727272727
535664,536985,538491,1321,1506,2,36000,1.87715803453
535760,537039,538781,1279,1742,2,36000,1.73421354765
535788,537102,538801,1314,1699,2,36000,1.77339611536
535851,537291,539086,1440,1795,2,36000,1.80222841226
535867,537400,539177,1533,1777,2,36000,1.86268992684
535869,537422,539427,1553,2005,2,36000,1.77456359102
535940,537435,538466,1495,1031,2,36000,2.45004849661
535959,537500,539360,1541,1860,2,36000,1.82849462366
536000,537507,539353,1507,1846,2,36000,1.81635969664
536016,537513,538912,1497,1399,2,36000,2.07005003574
536076,536082,536652,6,570,1,1800,1.01052631579
536100,537569,539369,1469,1800,2,36000,1.81611111111
536101,537575,539390,1474,1815,2,36000,1.81212121212
536117,537582,539473,1465,1891,2,36000,1.77472236912
536133,537698,539445,1565,1747,2,36000,1.89582140813
536198,537765,539673,1567,1908,2,36000,1.821278826
536221,537779,539143,1558,1364,2,36000,2.142228739
536250,537795,539651,1545,1856,2,36000,1.83243534483
536252,537826,539573,1574,1747,2,36000,1.90097309674
536270,537855,539681,1585,1826,2,36000,1.86801752464
536271,537921,539629,1650,1708,2,36000,1.96604215457
536287,537965,539189,1678,1224,2,36000,2.37091503268
536310,537991,539724,1681,1733,2,36000,1.96999422966
536356,537997,539832,1641,1835,2,36000,1.89427792916
536419,538003,539629,1584,1626,2,36000,1.9741697417
536438,538047,539868,1609,1821,2,36000,1.8835804503
536499,538075,539927,1576,1852,2,36000,1.85097192225
536519,538084,539320,1565,1236,2,36000,2.26618122977
536536,538090,539834,1554,1744,2,36000,1.89105504587
536620,538107,539182,1487,1075,2,36000,2.38325581395
536691,538114,539450,1423,1336,2,36000,2.06511976048
536756,538160,539420,1404,1260,2,36000,2.11428571429
536772,538258,540051,1486,1793,2,36000,1.82877858338
536816,538297,540067,1481,1770,2,36000,1.83672316384
536866,538367,540165,1501,1798,2,36000,1.83481646274
536969,538403,540127,1434,1724,2,36000,1.83178654292
536985,538438,540038,1453,1600,2,36000,1.908125
537029,538447,540161,1418,1714,2,36000,1.82730455076
537092,538460,540355,1368,1895,2,36000,1.72189973615
537284,538472,539641,1188,1169,2,36000,2.01625320787
537393,538479,539869,1086,1390,2,36000,1.78129496403
537412,538503,540852,1091,2349,2,36000,1.46445295871
537428,538522,540279,1094,1757,2,36000,1.62265224815
537491,538535,540349,1044,1814,2,36000,1.57552370452
537507,538557,540493,1050,1936,2,36000,1.5423553719
537509,538614,539991,1105,1377,2,36000,1.8024691358
537561,538646,540610,1085,1964,2,36000,1.55244399185
537578,538681,540584,1103,1903,2,36000,1.5796111403
537579,538793,540674,1214,1881,2,36000,1.64540138224
537690,538813,540442,1123,1629,2,36000,1.68937998772
537753,538923,540778,1170,1855,2,36000,1.6307277628
537769,539097,541075,1328,1978,2,36000,1.67138523761
537785,539155,540983,1370,1828,2,36000,1.74945295405
537816,539190,540945,1374,1755,2,36000,1.78290598291
537847,539196,540456,1349,1260,2,36000,2.07063492063
537913,539203,541123,1290,1920,2,36000,1.671875
537957,539331,541179,1374,1848,2,36000,1.74350649351
537980,539364,541244,1384,1880,2,36000,1.73617021277
537981,539371,541179,1390,1808,2,36000,1.76880530973
537997,539380,541186,1383,1806,2,36000,1.7657807309
538035,539401,540489,1366,1088,2,36000,2.25551470588
538071,539431,541177,1360,1746,2,36000,1.77892325315
538087,539438,541603,1351,2165,2,36000,1.62401847575
538089,539456,541167,1367,1711,2,36000,1.79894798364
538106,539462,541419,1356,1957,2,36000,1.69289729177
538108,539485,541315,1377,1830,2,36000,1.75245901639
538151,539584,540866,1433,1282,2,36000,2.11778471139
538253,539640,541424,1387,1784,2,36000,1.77746636771
538265,538271,538326,6,55,1,1800,1.10909090909
538293,539645,541444,1352,1799,2,36000,1.75152862702
538359,539652,541377,1293,1725,2,36000,1.74956521739
538393,539662,541379,1269,1717,2,36000,1.73907979033
538434,539684,541521,1250,1837,2,36000,1.68045726728
538451,539692,541355,1241,1663,2,36000,1.74624173181
538452,539735,541490,1283,1755,2,36000,1.73105413105
538468,539843,540970,1375,1127,2,36000,2.22005323869
538494,539850,541776,1356,1926,2,36000,1.70404984424
538517,539879,541646,1362,1767,2,36000,1.77079796265
538541,539886,541671,1345,1785,2,36000,1.75350140056
538560,539894,541690,1334,1796,2,36000,1.74276169265
538565,540473,540601,1908,128,1,1800,15.90625
538607,539938,541813,1331,1875,2,36000,1.70986666667
538630,540478,540575,1848,97,1,1800,20.0515463918
538639,540002,541820,1363,1818,2,36000,1.7497249725
538671,540049,541702,1378,1653,2,36000,1.83363581367
538787,540062,541891,1275,1829,2,36000,1.69710224166
538804,540078,541887,1274,1809,2,36000,1.7042564953
538915,540138,541756,1223,1618,2,36000,1.75587144623
539086,540172,542238,1086,2066,2,36000,1.52565343659
539147,540178,541881,1031,1703,2,36000,1.60540223136
539182,540290,542138,1108,1848,2,36000,1.59956709957
539183,540301,542163,1118,1862,2,36000,1.60042964554
539200,540306,542131,1106,1825,2,36000,1.60602739726
539319,540312,541960,993,1648,2,36000,1.60254854369
539357,540317,542127,960,1810,2,36000,1.53038674033
539374,540322,541965,948,1643,2,36000,1.57699330493
539376,540327,541974,951,1647,2,36000,1.57741347905
539392,540333,542218,941,1885,2,36000,1.49920424403
539421,540338,542009,917,1671,2,36000,1.54877318971
539437,540343,542078,906,1735,2,36000,1.52219020173
539453,540348,542006,895,1658,2,36000,1.53980699638
539454,540353,542044,899,1691,2,36000,1.53163808397
539476,540359,542298,883,1939,2,36000,1.45538937597
539574,540364,541439,790,1075,2,36000,1.73488372093
539631,540369,542132,738,1763,2,36000,1.41860465116
539632,540374,541907,742,1533,2,36000,1.48401826484
539648,540380,542409,732,2029,2,36000,1.36076885165
539665,540385,542190,720,1805,2,36000,1.39889196676
539683,540390,542329,707,1939,2,36000,1.36462093863
539684,540395,542239,711,1844,2,36000,1.38557483731
539729,540400,542506,671,2106,2,36000,1.31861348528
539836,540406,542064,570,1658,2,36000,1.34378769602
539837,540411,542284,574,1873,2,36000,1.30646022424
539870,540416,542116,546,1700,2,36000,1.32117647059
539872,540421,541558,549,1137,2,36000,1.48284960422
539929,540426,542345,497,1919,2,36000,1.2589890568
539991,540432,542306,441,1874,2,36000,1.23532550694
540041,540437,542141,396,1704,2,36000,1.2323943662
540058,540442,542266,384,1824,2,36000,1.21052631579
540075,540447,542309,372,1862,2,36000,1.19978517723
540128,540452,542301,324,1849,2,36000,1.17522985398
540162,540458,542323,296,1865,2,36000,1.15871313673
540180,540463,542267,283,1804,2,36000,1.15687361419
540287,540468,542264,181,1796,2,36000,1.10077951002
540351,540485,541691,134,1206,2,36000,1.11111111111
540368,540491,542340,123,1849,2,36000,1.06652244456
540447,540496,542132,49,1636,2,36000,1.02995110024
540464,540501,542430,37,1929,2,36000,1.01918092276
540490,540507,542220,17,1713,2,36000,1.00992410975
540509,540515,542489,6,1974,2,36000,1.00303951368
540588,540594,542489,6,1895,2,36000,1.00316622691
540611,540617,542566,6,1949,2,36000,1.0030785018
540682,540688,542449,6,1761,2,36000,1.00340715503
540779,540785,542582,6,1797,2,36000,1.00333889816
540854,540860,542804,6,1944,2,36000,1.00308641975
540872,540878,542675,6,1797,2,36000,1.00333889816
540919,540925,541046,6,121,1,1800,1.04958677686
540946,540952,542865,6,1913,2,36000,1.00313643492
540974,540980,542033,6,1053,2,36000,1.0056980057
540991,540997,543114,6,2117,2,36000,1.00283419934
541075,541081,542837,6,1756,2,36000,1.00341685649
541126,541132,543041,6,1909,2,36000,1.00314300681
541174,541180,543076,6,1896,2,36000,1.00316455696
541192,541199,543059,7,1860,2,36000,1.00376344086
541194,541205,542881,11,1676,2,36000,1.00656324582
541195,541210,543113,15,1903,2,36000,1.00788229112
541196,541215,543045,19,1830,2,36000,1.01038251366
541248,541255,542740,7,1485,2,36000,1.00471380471
541318,541325,543146,7,1821,2,36000,1.00384404174
541360,541366,543039,6,1673,2,36000,1.00358637179
541388,541394,543278,6,1884,2,36000,1.00318471338
541390,541400,543324,10,1924,2,36000,1.0051975052
541411,541417,541721,6,304,1,1800,1.01973684211
541428,541434,543366,6,1932,2,36000,1.00310559006
541430,541440,543408,10,1968,2,36000,1.00508130081
541448,541454,543066,6,1612,2,36000,1.00372208437
541449,541460,543336,11,1876,2,36000,1.00586353945
541493,541499,543491,6,1992,2,36000,1.00301204819
541524,541530,543250,6,1720,2,36000,1.00348837209
541567,541574,543514,7,1940,2,36000,1.00360824742
541606,541612,543319,6,1707,2,36000,1.00351493849
541648,541654,543536,6,1882,2,36000,1.00318809777
541671,541677,543308,6,1631,2,36000,1.00367872471
541691,541697,543461,6,1764,2,36000,1.00340136054
541692,541703,543713,11,2010,2,36000,1.00547263682
541712,541718,543619,6,1901,2,36000,1.00315623356
541733,541739,542309,6,570,1,1800,1.01052631579
541759,541765,543666,6,1901,2,36000,1.00315623356
541778,541784,543747,6,1963,2,36000,1.0030565461
541814,541820,543896,6,2076,2,36000,1.00289017341
541834,541840,543806,6,1966,2,36000,1.00305188199
541885,541891,542998,6,1107,2,36000,1.0054200542
541901,541907,543681,6,1774,2,36000,1.00338218715
541903,541913,543781,10,1868,2,36000,1.00535331906
541919,541925,543809,6,1884,2,36000,1.00318471338
541962,541968,543773,6,1805,2,36000,1.00332409972
541979,541985,543835,6,1850,2,36000,1.00324324324
541980,541991,543538,11,1547,2,36000,1.00711053652
542008,542014,543807,6,1793,2,36000,1.0033463469
542010,542020,543836,10,1816,2,36000,1.00550660793
542038,542044,543905,6,1861,2,36000,1.00322407308
542054,542060,543789,6,1729,2,36000,1.003470214
542070,542077,543915,7,1838,2,36000,1.00380848749
542089,542095,543291,6,1196,2,36000,1.00501672241
542122,542129,544003,7,1874,2,36000,1.00373532551
542140,542146,544030,6,1884,2,36000,1.00318471338
542141,542152,543771,11,1619,2,36000,1.00679431748
542143,542157,543343,14,1186,2,36000,1.01180438449
542144,542163,543994,19,1831,2,36000,1.01037684326
542145,542168,543953,23,1785,2,36000,1.01288515406
542147,542173,544059,26,1886,2,36000,1.01378579003
542167,542179,544160,12,1981,2,36000,1.00605754669
542193,542199,544162,6,1963,2,36000,1.0030565461
542220,542226,543208,6,982,2,36000,1.00610997963
542221,542232,544242,11,2010,2,36000,1.00547263682
542241,542247,544114,6,1867,2,36000,1.00321371184
542242,542253,543978,11,1725,2,36000,1.00637681159
542265,542271,544001,6,1730,2,36000,1.00346820809
542266,542277,543505,11,1228,2,36000,1.00895765472
542267,542282,544066,15,1784,2,36000,1.00840807175
542287,542293,544170,6,1877,2,36000,1.0031965903
542303,542309,543816,6,1507,2,36000,1.00398142004
542304,542315,544367,11,2052,2,36000,1.00536062378
542306,542320,544229,14,1909,2,36000,1.00733368256
542322,542328,544038,6,1710,2,36000,1.00350877193
542339,542345,544061,6,1716,2,36000,1.0034965035
542340,542351,544104,11,1753,2,36000,1.00627495722
542357,542363,544194,6,1831,2,36000,1.00327689787
542358,542369,544050,11,1681,2,36000,1.00654372397
542411,542417,544164,6,1747,2,36000,1.00343445907
542431,542437,544404,6,1967,2,36000,1.00305033045
542450,542456,544389,6,1933,2,36000,1.00310398345
542492,542498,544338,6,1840,2,36000,1.00326086957
542493,542504,544239,11,1735,2,36000,1.00634005764
542510,542516,544399,6,1883,2,36000,1.00318640467
542567,542574,544503,7,1929,2,36000,1.00362882322
542584,542590,544335,6,1745,2,36000,1.00343839542
542677,542683,544437,6,1754,2,36000,1.00342075257
542742,542749,544774,7,2025,2,36000,1.00345679012
542808,542814,544327,6,1513,2,36000,1.0039656312
542833,542839,544709,6,1870,2,36000,1.00320855615
542868,542874,544571,6,1697,2,36000,1.00353565115
542884,542890,544790,6,1900,2,36000,1.00315789474
542999,543005,544795,6,1790,2,36000,1.00335195531
543040,543046,544540,6,1494,2,36000,1.00401606426
543041,543052,545126,11,2074,2,36000,1.00530376085
543058,543064,545635,6,2571,2,36000,1.00233372229
543059,543070,544982,11,1912,2,36000,1.00575313808
543075,543082,544820,7,1738,2,36000,1.00402761795
543077,543088,544335,11,1247,2,36000,1.00882117081
543115,543121,544872,6,1751,2,36000,1.00342661336
543116,543127,544307,11,1180,2,36000,1.0093220339
543148,543155,544940,7,1785,2,36000,1.00392156863
543208,543214,545088,6,1874,2,36000,1.00320170758
543252,543258,545021,6,1763,2,36000,1.00340328985
543278,543284,544602,6,1318,2,36000,1.00455235205
543294,543300,545221,6,1921,2,36000,1.00312337324
543310,543316,545118,6,1802,2,36000,1.00332963374
543326,543333,545127,7,1794,2,36000,1.00390189521
543328,543339,545191,11,1852,2,36000,1.00593952484
543344,543350,544538,6,1188,2,36000,1.00505050505
543345,543356,545570,11,2214,2,36000,1.00496838302
543368,543374,545413,6,2039,2,36000,1.00294261893
543409,543415,545122,6,1707,2,36000,1.00351493849
543460,543466,545433,6,1967,2,36000,1.00305033045
543495,543501,545416,6,1915,2,36000,1.00313315927
543511,543517,545371,6,1854,2,36000,1.00323624595
543527,543533,545203,6,1670,2,36000,1.00359281437
543544,543549,545338,5,1789,2,36000,1.00279485746
543545,543556,545344,11,1788,2,36000,1.00615212528
543621,543627,545606,6,1979,2,36000,1.00303183426
543668,543675,545523,7,1848,2,36000,1.00378787879
543685,543691,545515,6,1824,2,36000,1.00328947368
543716,543722,545123,6,1401,2,36000,1.00428265525
543751,543757,545720,6,1963,2,36000,1.0030565461
543773,543779,545559,6,1780,2,36000,1.00337078652
543775,543785,545485,10,1700,2,36000,1.00588235294
543791,543797,545659,6,1862,2,36000,1.00322234157
543792,543803,545017,11,1214,2,36000,1.00906095552
543810,543816,545674,6,1858,2,36000,1.00322927879
543811,543822,544714,11,892,2,36000,1.01233183857
543812,543828,545735,16,1907,2,36000,1.00839014158
543828,543834,545595,6,1761,2,36000,1.00340715503
543845,543851,545660,6,1809,2,36000,1.00331674959
543846,543857,545001,11,1144,2,36000,1.00961538462
543900,543906,545858,6,1952,2,36000,1.00307377049
543917,543923,545808,6,1885,2,36000,1.00318302387
543918,543929,544962,11,1033,2,36000,1.01064859632
543955,543961,545064,6,1103,2,36000,1.00543970988
543973,543979,544027,6,48,1,1800,1.125
543980,543986,545657,6,1671,2,36000,1.00359066427
543996,544002,546204,6,2202,2,36000,1.00272479564
544013,544019,546039,6,2020,2,36000,1.00297029703
544014,544025,545991,11,1966,2,36000,1.00559511699
544033,544039,545796,6,1757,2,36000,1.00341491178
544051,544057,546061,6,2004,2,36000,1.00299401198
544052,544063,546013,11,1950,2,36000,1.00564102564
544071,544077,546035,6,1958,2,36000,1.00306435138
544072,544083,545844,11,1761,2,36000,1.00624645088
544074,544088,545913,14,1825,2,36000,1.00767123288
544106,544112,545931,6,1819,2,36000,1.00329851567
544122,544129,545188,7,1059,2,36000,1.00661000944
544164,544170,546095,6,1925,2,36000,1.00311688312
544165,544176,545598,11,1422,2,36000,1.00773558368
544166,544181,545892,15,1711,2,36000,1.00876680304
544183,544189,546185,6,1996,2,36000,1.00300601202
544199,544205,546025,6,1820,2,36000,1.0032967033
544231,544237,546018,6,1781,2,36000,1.00336889388
544247,544253,546119,6,1866,2,36000,1.00321543408
544248,544259,546284,11,2025,2,36000,1.00543209877
544308,544315,545905,7,1590,2,36000,1.00440251572
544334,544340,546098,6,1758,2,36000,1.00341296928
544336,544346,545522,10,1176,2,36000,1.00850340136
544337,544351,546289,14,1938,2,36000,1.00722394221
544355,544361,545406,6,1045,2,36000,1.00574162679
544358,544367,544450,9,83,1,1800,1.10843373494
544371,544377,545283,6,906,2,36000,1.00662251656
544390,544396,546199,6,1803,2,36000,1.00332778702
544407,544414,545708,7,1294,2,36000,1.00540958269
544409,544419,546675,10,2256,2,36000,1.00443262411
544438,544444,546251,6,1807,2,36000,1.00332042059
544504,544510,546439,6,1929,2,36000,1.00311041991
544539,544545,546581,6,2036,2,36000,1.00294695481
544541,544551,546439,10,1888,2,36000,1.00529661017
544572,544579,546442,7,1863,2,36000,1.00375738057
544604,544610,545715,6,1105,2,36000,1.00542986425
544710,544716,546661,6,1945,2,36000,1.0030848329
544726,544732,546512,6,1780,2,36000,1.00337078652
544776,544782,546845,6,2063,2,36000,1.00290838585
544792,544798,546730,6,1932,2,36000,1.00310559006
544808,544814,546598,6,1784,2,36000,1.0033632287
544825,544831,546582,6,1751,2,36000,1.00342661336
544873,544879,545974,6,1095,2,36000,1.00547945205
544943,544949,546535,6,1586,2,36000,1.00378310214
544963,544969,546880,6,1911,2,36000,1.00313971743
544985,544991,547003,6,2012,2,36000,1.00298210736
545001,545007,546205,6,1198,2,36000,1.00500834725
545021,545027,546983,6,1956,2,36000,1.00306748466
545022,545033,546754,11,1721,2,36000,1.00639163277
545067,545073,546202,6,1129,2,36000,1.00531443756
545089,545096,546943,7,1847,2,36000,1.00378992962
545120,545126,546111,6,985,2,36000,1.00609137056
545141,545147,547030,6,1883,2,36000,1.00318640467
545143,545153,547127,10,1974,2,36000,1.00506585613
545144,545158,547197,14,2039,2,36000,1.00686611084
545145,545164,547144,19,1980,2,36000,1.0095959596
545192,545198,546910,6,1712,2,36000,1.0035046729
545193,545204,546983,11,1779,2,36000,1.00618324902
545209,545215,547051,6,1836,2,36000,1.00326797386
545227,545232,547231,5,1999,2,36000,1.00250125063
545285,545291,547128,6,1837,2,36000,1.00326619488
545341,545347,547342,6,1995,2,36000,1.0030075188
545357,545363,546387,6,1024,2,36000,1.005859375
545373,545379,546511,6,1132,2,36000,1.00530035336
545389,545396,545681,7,285,1,1800,1.02456140351
545408,545414,547499,6,2085,2,36000,1.00287769784
545425,545431,547241,6,1810,2,36000,1.00331491713
545426,545437,546646,11,1209,2,36000,1.00909842845
545442,545448,547345,6,1897,2,36000,1.00316288877
545487,545493,547742,6,2249,2,36000,1.00266785238
545519,545525,547330,6,1805,2,36000,1.00332409972
545520,545531,547270,11,1739,2,36000,1.00632547441
545537,545543,547144,6,1601,2,36000,1.00374765771
545563,545569,547205,6,1636,2,36000,1.00366748166
545580,545586,548053,6,2467,2,36000,1.00243210377
545596,545602,547457,6,1855,2,36000,1.00323450135
545613,545618,547557,5,1939,2,36000,1.00257864879
545614,545624,547256,10,1632,2,36000,1.00612745098
545637,545643,547571,6,1928,2,36000,1.0031120332
545660,545666,547526,6,1860,2,36000,1.00322580645
545661,545672,547712,11,2040,2,36000,1.00539215686
545662,545677,547404,15,1727,2,36000,1.00868558193
545678,545685,547546,7,1861,2,36000,1.00376141859
545711,545717,547540,6,1823,2,36000,1.00329127811
545727,545733,547710,6,1977,2,36000,1.00303490137
545728,545739,547573,11,1834,2,36000,1.00599781897
545745,545751,547797,6,2046,2,36000,1.00293255132
545798,545804,547582,6,1778,2,36000,1.00337457818
545815,545821,547552,6,1731,2,36000,1.00346620451
545847,545853,547893,6,2040,2,36000,1.00294117647
545863,545869,547716,6,1847,2,36000,1.0032485111
545895,545901,547914,6,2013,2,36000,1.00298062593
545911,545918,547508,7,1590,2,36000,1.00440251572
545928,545934,547377,6,1443,2,36000,1.00415800416
545944,545950,547868,6,1918,2,36000,1.0031282586
545976,545982,547653,6,1671,2,36000,1.00359066427
545992,545998,548064,6,2066,2,36000,1.00290416263
546014,546021,547374,7,1353,2,36000,1.0051736881
546031,546037,547906,6,1869,2,36000,1.00321027287
546033,546043,547169,10,1126,2,36000,1.00888099467
546049,546055,547910,6,1855,2,36000,1.00323450135
546050,546061,548170,11,2109,2,36000,1.00521574206
546067,546072,547802,5,1730,2,36000,1.00289017341
546098,546104,547998,6,1894,2,36000,1.00316789863
546099,546110,547813,11,1703,2,36000,1.00645918967
546116,546122,547967,6,1845,2,36000,1.00325203252
546132,546138,548063,6,1925,2,36000,1.00311688312
546189,546195,548295,6,2100,2,36000,1.00285714286
546205,546212,548007,7,1795,2,36000,1.00389972145
546207,546218,547991,11,1773,2,36000,1.00620417372
546208,546223,548101,15,1878,2,36000,1.00798722045
546209,546229,547837,20,1608,2,36000,1.01243781095
546254,546260,548729,6,2469,2,36000,1.00243013366
546286,546292,548226,6,1934,2,36000,1.00310237849
546302,546308,548267,6,1959,2,36000,1.00306278714
546389,546395,548338,6,1943,2,36000,1.00308800823
546443,546449,548356,6,1907,2,36000,1.00314630309
546444,546455,548346,11,1891,2,36000,1.00581702803
546445,546460,548361,15,1901,2,36000,1.0078905839
546515,546521,548411,6,1890,2,36000,1.00317460317
546516,546527,548434,11,1907,2,36000,1.00576822234
546536,546542,548573,6,2031,2,36000,1.00295420975
546584,546591,548347,7,1756,2,36000,1.00398633257
546586,546597,548304,11,1707,2,36000,1.0064440539
546602,546608,548459,6,1851,2,36000,1.00324149109
546649,546655,548576,6,1921,2,36000,1.00312337324
546667,546673,547945,6,1272,2,36000,1.00471698113
546684,546690,548579,6,1889,2,36000,1.00317628375
546732,546739,548728,7,1989,2,36000,1.00351935646
546755,546761,548899,6,2138,2,36000,1.00280636109
546849,546855,548792,6,1937,2,36000,1.00309757357
546884,546890,548765,6,1875,2,36000,1.0032
546915,546921,548763,6,1842,2,36000,1.00325732899
546947,546953,548745,6,1792,2,36000,1.00334821429
546985,546991,548771,6,1780,2,36000,1.00337078652
546986,546997,548830,11,1833,2,36000,1.00600109111
547005,547012,548895,7,1883,2,36000,1.00371747212
547031,547037,548301,6,1264,2,36000,1.00474683544
547053,547060,548783,7,1723,2,36000,1.00406268137
547129,547135,549257,6,2122,2,36000,1.00282752121
547130,547141,549124,11,1983,2,36000,1.00554715078
547147,547153,549109,6,1956,2,36000,1.00306748466
547148,547159,548785,11,1626,2,36000,1.00676506765
547171,547177,549084,6,1907,2,36000,1.00314630309
547200,547206,548965,6,1759,2,36000,1.00341102899
547216,547222,549069,6,1847,2,36000,1.0032485111
547232,547239,549207,7,1968,2,36000,1.00355691057
547249,547255,549203,6,1948,2,36000,1.00308008214
547265,547272,549028,7,1756,2,36000,1.00398633257
547281,547288,548253,7,965,2,36000,1.00725388601
547332,547338,549007,6,1669,2,36000,1.00359496705
547348,547354,548832,6,1478,2,36000,1.00405953992
547349,547360,548496,11,1136,2,36000,1.00968309859
547375,547381,548710,6,1329,2,36000,1.00451467269
547392,547398,549369,6,1971,2,36000,1.00304414003
547409,547415,549168,6,1753,2,36000,1.00342270394
547459,547465,548608,6,1143,2,36000,1.00524934383
547500,547506,549624,6,2118,2,36000,1.00283286119
547517,547523,548769,6,1246,2,36000,1.00481540931
547533,547539,548757,6,1218,2,36000,1.00492610837
547550,547556,549280,6,1724,2,36000,1.00348027842
547551,547562,548879,11,1317,2,36000,1.00835231587
547568,547574,549418,6,1844,2,36000,1.0032537961
547569,547580,548753,11,1173,2,36000,1.00937766411
547586,547592,549505,6,1913,2,36000,1.00313643492
547588,547598,549349,10,1751,2,36000,1.00571102227
547589,547603,549524,14,1921,2,36000,1.0072878709
547655,547661,549538,6,1877,2,36000,1.0031965903
547713,547720,549610,7,1890,2,36000,1.0037037037
547715,547726,549539,11,1813,2,36000,1.00606729178
547731,547737,549635,6,1898,2,36000,1.00316122234
547747,547753,549513,6,1760,2,36000,1.00340909091
547800,547807,549815,7,2008,2,36000,1.00348605578
547817,547823,549621,6,1798,2,36000,1.00333704116
547818,547829,549793,11,1964,2,36000,1.00560081466
547840,547846,549621,6,1775,2,36000,1.00338028169
547872,547879,549791,7,1912,2,36000,1.00366108787
547895,547901,549620,6,1719,2,36000,1.0034904014
547911,547917,548998,6,1081,2,36000,1.00555041628
547912,547923,549772,11,1849,2,36000,1.00594916171
547929,547935,549811,6,1876,2,36000,1.00319829424
547945,547952,548993,7,1041,2,36000,1.00672430355
547973,547979,549933,6,1954,2,36000,1.00307062436
547996,548002,549749,6,1747,2,36000,1.00343445907
548013,548019,549868,6,1849,2,36000,1.0032449973
548014,548025,549806,11,1781,2,36000,1.00617630545
548056,548062,549880,6,1818,2,36000,1.00330033003
548073,548079,550181,6,2102,2,36000,1.00285442436
548074,548085,549806,11,1721,2,36000,1.00639163277
548102,548108,550259,6,2151,2,36000,1.00278940028
548171,548177,549994,6,1817,2,36000,1.0033021464
548233,548239,550209,6,1970,2,36000,1.00304568528
548255,548261,550315,6,2054,2,36000,1.0029211295
548272,548278,550265,6,1987,2,36000,1.00301962758
548299,548305,550169,6,1864,2,36000,1.00321888412
548315,548321,550196,6,1875,2,36000,1.0032
548316,548327,550131,11,1804,2,36000,1.00609756098
548341,548347,550164,6,1817,2,36000,1.0033021464
548358,548364,550109,6,1745,2,36000,1.00343839542
548359,548370,550058,11,1688,2,36000,1.00651658768
548361,548375,550467,14,2092,2,36000,1.00669216061
548377,548383,550112,6,1729,2,36000,1.003470214
548412,548419,549843,7,1424,2,36000,1.00491573034
548438,548444,550329,6,1885,2,36000,1.00318302387
548461,548467,549653,6,1186,2,36000,1.00505902192
548498,548504,549702,6,1198,2,36000,1.00500834725
548573,548580,549728,7,1148,2,36000,1.00609756098
548589,548595,550612,6,2017,2,36000,1.00297471492
548590,548601,550402,11,1801,2,36000,1.00610771793
548609,548615,550656,6,2041,2,36000,1.00293973542
548712,548718,550631,6,1913,2,36000,1.00313643492
548731,548737,550655,6,1918,2,36000,1.0031282586
548732,548743,550687,11,1944,2,36000,1.00565843621
548750,548756,550360,6,1604,2,36000,1.00374064838
548767,548773,550561,6,1788,2,36000,1.0033557047
548768,548779,550563,11,1784,2,36000,1.00616591928
548770,548784,550713,14,1929,2,36000,1.00725764645
548771,548790,550845,19,2055,2,36000,1.00924574209
548788,548796,550715,8,1919,2,36000,1.00416883794
548789,548801,550679,12,1878,2,36000,1.00638977636
548791,548807,550591,16,1784,2,36000,1.00896860987
548792,548812,550620,20,1808,2,36000,1.0110619469
548808,548819,550716,11,1897,2,36000,1.00579862941
548831,548837,550680,6,1843,2,36000,1.00325556158
548847,548854,551154,7,2300,2,36000,1.00304347826
548883,548889,550896,6,2007,2,36000,1.00298953662
548899,548905,550124,6,1219,2,36000,1.00492206727
548900,548911,550687,11,1776,2,36000,1.00619369369
548976,548983,550779,7,1796,2,36000,1.00389755011
548997,549003,550997,6,1994,2,36000,1.00300902708
548999,549009,550515,10,1506,2,36000,1.00664010624
549015,549022,550737,7,1715,2,36000,1.00408163265
549032,549038,551109,6,2071,2,36000,1.00289715113
549076,549082,550787,6,1705,2,36000,1.00351906158
549092,549098,551193,6,2095,2,36000,1.00286396181
549111,549117,550250,6,1133,2,36000,1.0052956752
549128,549134,551045,6,1911,2,36000,1.00313971743
549172,549178,550981,6,1803,2,36000,1.00332778702
549205,549211,550761,6,1550,2,36000,1.00387096774
549221,549227,550965,6,1738,2,36000,1.00345224396
549259,549265,551475,6,2210,2,36000,1.00271493213
549281,549287,551186,6,1899,2,36000,1.00315955766
549310,549317,549562,7,245,8,356400,1.02857142857
549352,549358,551225,6,1867,2,36000,1.00321371184
549370,549376,551231,6,1855,2,36000,1.00323450135
549424,549429,551316,5,1887,2,36000,1.00264970853
549513,549519,551425,6,1906,2,36000,1.00314795383
549514,549525,551388,11,1863,2,36000,1.00590445518
549534,549541,550673,7,1132,2,36000,1.00618374558
549553,549559,551332,6,1773,2,36000,1.00338409475
549555,549565,551387,10,1822,2,36000,1.0054884742
549615,549621,551564,6,1943,2,36000,1.00308800823
549635,549641,551412,6,1771,2,36000,1.00338791643
549636,549647,551350,11,1703,2,36000,1.00645918967
549637,549652,551576,15,1924,2,36000,1.0077962578
549639,549658,551436,19,1778,2,36000,1.01068616423
549656,549664,551678,8,2014,2,36000,1.00397219464
549657,549669,551613,12,1944,2,36000,1.00617283951
549705,549712,551505,7,1793,2,36000,1.00390407139
549730,549736,551821,6,2085,2,36000,1.00287769784
549752,549758,551824,6,2066,2,36000,1.00290416263
549780,549787,551070,7,1283,2,36000,1.00545596259
549800,549806,551681,6,1875,2,36000,1.0032
549802,549812,551612,10,1800,2,36000,1.00555555556
549843,549849,551633,6,1784,2,36000,1.0033632287
549844,549855,551698,11,1843,2,36000,1.00596852957
549845,549860,551583,15,1723,2,36000,1.00870574579
549847,549866,551851,19,1985,2,36000,1.00957178841
549848,549871,550855,23,984,2,36000,1.02337398374
549872,549878,551842,6,1964,2,36000,1.00305498982
549889,549895,551458,6,1563,2,36000,1.00383877159
549938,549944,551652,6,1708,2,36000,1.00351288056
549995,550001,551818,6,1817,2,36000,1.0033021464
550063,550068,551979,5,1911,2,36000,1.00261643119
550110,550116,551872,6,1756,2,36000,1.00341685649
550111,550122,551262,11,1140,2,36000,1.00964912281
550136,550142,551261,6,1119,2,36000,1.00536193029
550139,550148,551134,9,986,2,36000,1.00912778905
550170,550176,551887,6,1711,2,36000,1.00350672122
550171,550182,552081,11,1899,2,36000,1.00579252238
550188,550194,552059,6,1865,2,36000,1.00321715818
550204,550210,551390,6,1180,2,36000,1.00508474576
550219,550225,552148,6,1923,2,36000,1.0031201248
550250,550256,551955,6,1699,2,36000,1.00353148911
550266,550272,552216,6,1944,2,36000,1.00308641975
550267,550278,551290,11,1012,2,36000,1.01086956522
550321,550327,551415,6,1088,2,36000,1.00551470588
550337,550343,552232,6,1889,2,36000,1.00317628375
550362,550368,552451,6,2083,2,36000,1.00288046087
550403,550409,552128,6,1719,2,36000,1.0034904014
550468,550474,552272,6,1798,2,36000,1.00333704116
550517,550523,552496,6,1973,2,36000,1.00304105423
550572,550579,552430,7,1851,2,36000,1.0037817396
550574,550585,552509,11,1924,2,36000,1.00571725572
550594,550600,552439,6,1839,2,36000,1.00326264274
550613,550619,551755,6,1136,2,36000,1.00528169014
550629,550635,552469,6,1834,2,36000,1.00327153762
550644,550650,551747,6,1097,2,36000,1.00546946217
550660,550666,552578,6,1912,2,36000,1.00313807531
550661,550672,552321,11,1649,2,36000,1.00667070952
550677,550683,552602,6,1919,2,36000,1.00312662845
550693,550699,552603,6,1904,2,36000,1.0031512605
550694,550705,552580,11,1875,2,36000,1.00586666667
550696,550710,552536,14,1826,2,36000,1.00766703176
550697,550715,551746,18,1031,2,36000,1.01745877789
550712,550721,552459,9,1738,2,36000,1.00517836594
550730,550736,552515,6,1779,2,36000,1.00337268128
550731,550742,552643,11,1901,2,36000,1.0057864282
550747,550753,552574,6,1821,2,36000,1.00329489292
550762,550769,552506,7,1737,2,36000,1.00402993667
550778,550784,552617,6,1833,2,36000,1.00327332242
550794,550800,552499,6,1699,2,36000,1.00353148911
550849,550855,552550,6,1695,2,36000,1.00353982301
550865,550872,552700,7,1828,2,36000,1.00382932166
550897,550903,551975,6,1072,2,36000,1.00559701493
550967,550973,551980,6,1007,2,36000,1.00595829196
550991,550997,552801,6,1804,2,36000,1.00332594235
551019,551025,552783,6,1758,2,36000,1.00341296928
551048,551054,552999,6,1945,2,36000,1.0030848329
551071,551077,552601,6,1524,2,36000,1.00393700787
551112,551118,553174,6,2056,2,36000,1.00291828794
551134,551140,553185,6,2045,2,36000,1.00293398533
551157,551163,553069,6,1906,2,36000,1.00314795383
551189,551195,552370,6,1175,2,36000,1.00510638298
551205,551211,553016,6,1805,2,36000,1.00332409972
551228,551234,553107,6,1873,2,36000,1.00320341698
551244,551250,552275,6,1025,2,36000,1.00585365854
551263,551269,553151,6,1882,2,36000,1.00318809777
551264,551275,553040,11,1765,2,36000,1.00623229462
551293,551299,553177,6,1878,2,36000,1.00319488818
551319,551325,552647,6,1322,2,36000,1.00453857791
551334,551341,553215,7,1874,2,36000,1.00373532551
551351,551357,552879,6,1522,2,36000,1.00394218134
551390,551396,552434,6,1038,2,36000,1.00578034682
551391,551402,552740,11,1338,2,36000,1.00822122571
551393,551408,553260,15,1852,2,36000,1.00809935205
551410,551416,552776,6,1360,2,36000,1.00441176471
551431,551437,552635,6,1198,2,36000,1.00500834725
551433,551443,553351,10,1908,2,36000,1.00524109015
551434,551448,553308,14,1860,2,36000,1.00752688172
551461,551467,553301,6,1834,2,36000,1.00327153762
551477,551483,553464,6,1981,2,36000,1.00302877335
551508,551514,553526,6,2012,2,36000,1.00298210736
551564,551571,552890,7,1319,2,36000,1.0053070508
551581,551587,553437,6,1850,2,36000,1.00324324324
551597,551603,553373,6,1770,2,36000,1.00338983051
551613,551619,553550,6,1931,2,36000,1.00310719834
551615,551625,553554,10,1929,2,36000,1.00518403318
551637,551644,553506,7,1862,2,36000,1.0037593985
551654,551660,552800,6,1140,2,36000,1.00526315789
551680,551686,553463,6,1777,2,36000,1.00337647721
551696,551703,553547,7,1844,2,36000,1.00379609544
551713,551719,553806,6,2087,2,36000,1.00287494011
551748,551755,553733,7,1978,2,36000,1.00353892821
551750,551761,553723,11,1962,2,36000,1.00560652396
551766,551772,552757,6,985,2,36000,1.00609137056
551820,551826,553869,6,2043,2,36000,1.00293685756
551845,551851,553638,6,1787,2,36000,1.00335758254
551846,551857,553682,11,1825,2,36000,1.00602739726
551847,551863,553695,16,1832,2,36000,1.00873362445
551865,551871,554008,6,2137,2,36000,1.00280767431
551881,551887,553606,6,1719,2,36000,1.0034904014
551897,551903,553432,6,1529,2,36000,1.00392413342
551956,551963,553711,7,1748,2,36000,1.00400457666
551976,551982,553712,6,1730,2,36000,1.00346820809
551992,551998,553947,6,1949,2,36000,1.0030785018
551993,552004,553834,11,1830,2,36000,1.00601092896
552062,552068,553987,6,1919,2,36000,1.00312662845
552084,552090,554150,6,2060,2,36000,1.00291262136
552130,552137,553885,7,1748,2,36000,1.00400457666
552153,552159,554132,6,1973,2,36000,1.00304105423
552217,552223,553807,6,1584,2,36000,1.00378787879
552233,552239,554205,6,1966,2,36000,1.00305188199
552275,552281,554156,6,1875,2,36000,1.0032
552276,552287,554134,11,1847,2,36000,1.00595560368
552325,552331,554189,6,1858,2,36000,1.00322927879
552373,552379,554011,6,1632,2,36000,1.00367647059
552433,552439,554692,6,2253,2,36000,1.00266311585
552449,552455,554303,6,1848,2,36000,1.00324675325
552450,552461,554273,11,1812,2,36000,1.00607064018
552469,552475,554341,6,1866,2,36000,1.00321543408
552470,552481,554703,11,2222,2,36000,1.00495049505
552471,552486,554282,15,1796,2,36000,1.0083518931
552503,552509,554467,6,1958,2,36000,1.00306435138
552504,552515,554299,11,1784,2,36000,1.00616591928
552521,552527,554210,6,1683,2,36000,1.00356506239
552522,552533,553588,11,1055,2,36000,1.01042654028
552524,552539,554524,15,1985,2,36000,1.00755667506
552542,552548,554365,6,1817,2,36000,1.0033021464
552558,552564,553887,6,1323,2,36000,1.00453514739
552575,552581,553762,6,1181,2,36000,1.0050804403
552592,552598,554407,6,1809,2,36000,1.00331674959
552593,552604,553664,11,1060,2,36000,1.01037735849
552610,552616,554459,6,1843,2,36000,1.00325556158
552612,552622,554595,10,1973,2,36000,1.00506842372
552613,552627,553819,14,1192,2,36000,1.01174496644
552629,552635,554254,6,1619,2,36000,1.00370599135
552645,552651,554694,6,2043,2,36000,1.00293685756
552646,552657,554586,11,1929,2,36000,1.0057024365
552663,552669,554649,6,1980,2,36000,1.00303030303
552705,552711,554761,6,2050,2,36000,1.00292682927
552742,552748,554646,6,1898,2,36000,1.00316122234
552759,552765,553948,6,1183,2,36000,1.00507185123
552776,552782,554824,6,2042,2,36000,1.00293829579
552793,552799,554531,6,1732,2,36000,1.00346420323
552809,552815,554610,6,1795,2,36000,1.00334261838
552810,552821,554663,11,1842,2,36000,1.00597176982
552880,552886,554586,6,1700,2,36000,1.00352941176
552896,552902,554832,6,1930,2,36000,1.00310880829
553003,553009,554796,6,1787,2,36000,1.00335758254
553019,553025,555072,6,2047,2,36000,1.00293111871
553041,553047,554823,6,1776,2,36000,1.00337837838
553070,553076,554339,6,1263,2,36000,1.00475059382
553109,553115,554298,6,1183,2,36000,1.00507185123
553152,553158,554513,6,1355,2,36000,1.00442804428
553177,553183,555043,6,1860,2,36000,1.00322580645
553178,553189,555034,11,1845,2,36000,1.00596205962
553195,553201,554978,6,1777,2,36000,1.00337647721
553217,553223,555067,6,1844,2,36000,1.0032537961
553263,553269,555336,6,2067,2,36000,1.00290275762
553304,553310,555259,6,1949,2,36000,1.0030785018
553320,553326,554337,6,1011,2,36000,1.0059347181
553354,553361,554393,7,1032,2,36000,1.00678294574
553374,553380,555378,6,1998,2,36000,1.003003003
553433,553440,555149,7,1709,2,36000,1.00409596255
553449,553456,555227,7,1771,2,36000,1.00395256917
553466,553472,555182,6,1710,2,36000,1.00350877193
553467,553478,555293,11,1815,2,36000,1.00606060606
553508,553515,555372,7,1857,2,36000,1.00376952073
553529,553535,555352,6,1817,2,36000,1.0033021464
553553,553559,555376,6,1817,2,36000,1.0033021464
553554,553565,554786,11,1221,2,36000,1.00900900901
553556,553570,555288,14,1718,2,36000,1.00814901048
553591,553597,555584,6,1987,2,36000,1.00301962758
553609,553615,555399,6,1784,2,36000,1.0033632287
553642,553648,554697,6,1049,2,36000,1.00571973308
553668,553674,555515,6,1841,2,36000,1.00325909832
553684,553690,555675,6,1985,2,36000,1.00302267003
553700,553706,555366,6,1660,2,36000,1.00361445783
553716,553722,555738,6,2016,2,36000,1.00297619048
553718,553729,555681,11,1952,2,36000,1.0056352459
553736,553742,555772,6,2030,2,36000,1.00295566502
553737,553748,555531,11,1783,2,36000,1.00616937745
553764,553770,555728,6,1958,2,36000,1.00306435138
553810,553816,555631,6,1815,2,36000,1.00330578512
553811,553822,555794,11,1972,2,36000,1.00557809331
553827,553833,555300,6,1467,2,36000,1.00408997955
553843,553849,555027,6,1178,2,36000,1.00509337861
553872,553878,555815,6,1937,2,36000,1.00309757357
553892,553898,555659,6,1761,2,36000,1.00340715503
553893,553904,555755,11,1851,2,36000,1.00594273366
553950,553957,555987,7,2030,2,36000,1.00344827586
553952,553963,555826,11,1863,2,36000,1.00590445518
553988,553994,555827,6,1833,2,36000,1.00327332242
553989,554000,555863,11,1863,2,36000,1.00590445518
553990,554005,555792,15,1787,2,36000,1.00839395635
553992,554010,555810,18,1800,2,36000,1.01
553993,554015,555851,22,1836,2,36000,1.01198257081
553994,554021,555950,27,1929,2,36000,1.01399688958
553996,554027,555970,31,1943,2,36000,1.01595470921
553997,554033,556005,36,1972,2,36000,1.01825557809
553998,554038,555768,40,1730,2,36000,1.02312138728
554000,554043,555535,43,1492,2,36000,1.02882037534
554001,554050,555081,49,1031,2,36000,1.04752667313
554002,554055,555788,53,1733,2,36000,1.03058280439
554004,554060,555814,56,1754,2,36000,1.03192702395
554005,554065,556111,60,2046,2,36000,1.0293255132
554006,554071,555884,65,1813,2,36000,1.03585217871
554008,554076,555450,68,1374,2,36000,1.04949053857
554009,554081,555796,72,1715,2,36000,1.04198250729
554010,554086,555945,76,1859,2,36000,1.04088219473
554011,554091,555887,80,1796,2,36000,1.04454342984
554013,554097,555660,84,1563,2,36000,1.0537428023
554014,554102,556078,88,1976,2,36000,1.04453441296
554030,554108,555961,78,1853,2,36000,1.04209390178
554032,554113,555230,81,1117,2,36000,1.07251566697
554133,554139,555107,6,968,2,36000,1.00619834711
554149,554155,555152,6,997,2,36000,1.00601805416
554166,554172,556134,6,1962,2,36000,1.00305810398
554167,554178,555804,11,1626,2,36000,1.00676506765
554190,554196,556062,6,1866,2,36000,1.00321543408
554207,554213,555844,6,1631,2,36000,1.00367872471
554223,554229,555782,6,1553,2,36000,1.00386349002
554258,554264,556014,6,1750,2,36000,1.00342857143
554275,554281,556261,6,1980,2,36000,1.00303030303
554293,554299,556178,6,1879,2,36000,1.00319318787
554309,554316,556101,7,1785,2,36000,1.00392156863
554311,554322,555328,11,1006,2,36000,1.01093439364
554312,554327,556239,15,1912,2,36000,1.00784518828
554339,554345,556132,6,1787,2,36000,1.00335758254
554340,554351,556147,11,1796,2,36000,1.0061247216
554361,554368,556204,7,1836,2,36000,1.00381263617
554381,554387,556306,6,1919,2,36000,1.00312662845
554401,554407,555427,6,1020,2,36000,1.00588235294
554416,554423,556253,7,1830,2,36000,1.00382513661
554461,554467,556356,6,1889,2,36000,1.00317628375
554477,554483,556286,6,1803,2,36000,1.00332778702
554515,554522,556352,7,1830,2,36000,1.00382513661
554533,554539,556511,6,1972,2,36000,1.00304259635
554534,554545,556343,11,1798,2,36000,1.00611790879
554588,554594,556512,6,1918,2,36000,1.0031282586
554589,554600,556260,11,1660,2,36000,1.00662650602
554607,554613,556525,6,1912,2,36000,1.00313807531
554628,554634,556403,6,1769,2,36000,1.00339174675
554650,554656,556517,6,1861,2,36000,1.00322407308
554651,554662,556418,11,1756,2,36000,1.0062642369
554670,554676,556699,6,2023,2,36000,1.00296589224
554701,554707,556651,6,1944,2,36000,1.00308641975
554702,554713,556623,11,1910,2,36000,1.0057591623
554704,554718,556388,14,1670,2,36000,1.00838323353
554720,554726,555816,6,1090,2,36000,1.00550458716
554765,554771,556793,6,2022,2,36000,1.00296735905
554788,554794,556609,6,1815,2,36000,1.00330578512
554804,554810,556709,6,1899,2,36000,1.00315955766
554827,554833,556512,6,1679,2,36000,1.00357355569
554828,554839,556505,11,1666,2,36000,1.00660264106
554844,554850,556649,6,1799,2,36000,1.00333518621
554982,554988,556842,6,1854,2,36000,1.00323624595
555033,555039,557070,6,2031,2,36000,1.00295420975
555049,555056,556930,7,1874,2,36000,1.00373532551
555051,555062,556730,11,1668,2,36000,1.00659472422
555070,555076,556223,6,1147,2,36000,1.00523103749
555087,555092,556843,5,1751,2,36000,1.00285551114
555088,555099,556697,11,1598,2,36000,1.00688360451
555109,555115,556999,6,1884,2,36000,1.00318471338
555153,555159,557055,6,1896,2,36000,1.00316455696
555154,555165,556942,11,1777,2,36000,1.00619020822
555184,555190,556985,6,1795,2,36000,1.00334261838
555229,555235,556468,6,1233,2,36000,1.00486618005
555231,555241,556965,10,1724,2,36000,1.00580046404
555261,555267,557037,6,1770,2,36000,1.00338983051
555292,555298,557159,6,1861,2,36000,1.00322407308
555338,555344,555382,6,38,2,36000,1.15789473684
555628,555634,557039,6,1405,2,36000,1.00427046263
555828,555834,557053,6,1219,2,36000,1.00492206727
555829,555840,557144,11,1304,2,36000,1.00843558282
555830,555845,556866,15,1021,2,36000,1.01469147894
555832,555851,556914,19,1063,2,36000,1.01787394167
555833,555856,556687,23,831,2,36000,1.02767749699
555834,555861,556827,27,966,2,36000,1.02795031056
555837,555867,556688,30,821,2,36000,1.0365408039
555838,555872,556870,34,998,2,36000,1.03406813627
555839,555877,556879,38,1002,2,36000,1.0379241517
555841,555883,556815,42,932,2,36000,1.04506437768
555842,555888,556769,46,881,2,36000,1.05221339387
555843,555893,556713,50,820,2,36000,1.06097560976
555845,555898,556803,53,905,2,36000,1.05856353591
555846,555903,557227,57,1324,2,36000,1.04305135952
555847,555909,556799,62,890,2,36000,1.06966292135
555849,555914,557051,65,1137,2,36000,1.05716798593
555850,555919,556807,69,888,2,36000,1.0777027027
555851,555924,556880,73,956,2,36000,1.07635983264
555853,555930,557168,77,1238,2,36000,1.06219709208
555854,555935,556916,81,981,2,36000,1.08256880734
555856,555940,556838,84,898,2,36000,1.09354120267
555857,555945,556844,88,899,2,36000,1.0978865406
555859,555950,557035,91,1085,2,36000,1.08387096774
555860,555956,556942,96,986,2,36000,1.09736308316
555861,555961,556904,100,943,2,36000,1.10604453871
555863,555967,556869,104,902,2,36000,1.11529933481
555864,555972,556989,108,1017,2,36000,1.10619469027
555865,555978,557041,113,1063,2,36000,1.10630291627
555867,555983,556988,116,1005,2,36000,1.11542288557
555868,555988,556940,120,952,2,36000,1.12605042017
555870,555993,556973,123,980,2,36000,1.12551020408
555871,555999,556950,128,951,2,36000,1.13459516299
555873,556004,556901,131,897,2,36000,1.14604236343
555874,556009,556949,135,940,2,36000,1.14361702128
555875,556014,556775,139,761,2,36000,1.1826544021
555877,556019,556972,142,953,2,36000,1.14900314795
555879,556024,556905,145,881,2,36000,1.16458569807
555880,556030,556945,150,915,2,36000,1.16393442623
555882,556035,557114,153,1079,2,36000,1.14179796108
556079,556085,557941,6,1856,2,36000,1.00323275862
556080,556091,557237,11,1146,2,36000,1.00959860384
556103,556109,557886,6,1777,2,36000,1.00337647721
556119,556125,557914,6,1789,2,36000,1.00335382895
556134,556140,558188,6,2048,2,36000,1.0029296875
556136,556146,558204,10,2058,2,36000,1.00485908649
556151,556157,558030,6,1873,2,36000,1.00320341698
556180,556186,558018,6,1832,2,36000,1.00327510917
556206,556212,558109,6,1897,2,36000,1.00316288877
556225,556231,558492,6,2261,2,36000,1.00265369306
556240,556247,557963,7,1716,2,36000,1.00407925408
556257,556263,558272,6,2009,2,36000,1.00298656048
556273,556279,558320,6,2041,2,36000,1.00293973542
556274,556285,558170,11,1885,2,36000,1.00583554377
556290,556296,558110,6,1814,2,36000,1.0033076075
556309,556315,558088,6,1773,2,36000,1.00338409475
556345,556351,557467,6,1116,2,36000,1.00537634409
556361,556366,558099,5,1733,2,36000,1.00288517023
556362,556373,558081,11,1708,2,36000,1.00644028103
556391,556398,558047,7,1649,2,36000,1.00424499697
556407,556413,558095,6,1682,2,36000,1.00356718193
556424,556429,558203,5,1774,2,36000,1.00281848929
556471,556477,557970,6,1493,2,36000,1.00401875419
556511,556517,557817,6,1300,2,36000,1.00461538462
556512,556523,558511,11,1988,2,36000,1.0055331992
556514,556528,558285,14,1757,2,36000,1.00796812749
556530,556536,558357,6,1821,2,36000,1.00329489292
556532,556542,557797,10,1255,2,36000,1.00796812749
556533,556547,558358,14,1811,2,36000,1.00773053562
556610,556616,558577,6,1961,2,36000,1.00305966344
556626,556632,558713,6,2081,2,36000,1.00288322922
556652,556658,558516,6,1858,2,36000,1.00322927879
556654,556664,558529,10,1865,2,36000,1.00536193029
556689,556695,557722,6,1027,2,36000,1.00584225901
556691,556701,557685,10,984,2,36000,1.01016260163
556701,556707,558627,6,1920,2,36000,1.003125
556702,556713,558587,11,1874,2,36000,1.00586979723
556715,556721,557717,6,996,2,36000,1.00602409639
556718,556727,558595,9,1868,2,36000,1.00481798715
556735,556741,558554,6,1813,2,36000,1.00330943188
556770,556776,557799,6,1023,2,36000,1.00586510264
556785,556791,557998,6,1207,2,36000,1.00497100249
556795,556801,558601,6,1800,2,36000,1.00333333333
556800,556807,557746,7,939,2,36000,1.00745473908
556815,556821,557852,6,1031,2,36000,1.00581959263
556816,556827,557830,11,1003,2,36000,1.0109670987
556818,556832,557849,14,1017,2,36000,1.01376597837
556833,556839,557809,6,970,2,36000,1.00618556701
556843,556849,558553,6,1704,2,36000,1.00352112676
556844,556855,558173,11,1318,2,36000,1.00834597876
556847,556860,557925,13,1065,2,36000,1.01220657277
556849,556866,557861,17,995,2,36000,1.01708542714
556867,556873,558086,6,1213,2,36000,1.00494641385
556882,556889,557847,7,958,2,36000,1.00730688935
556884,556895,557906,11,1011,2,36000,1.01088031652
556885,556900,557851,15,951,2,36000,1.01577287066
556886,556905,557996,19,1091,2,36000,1.0174152154
556904,556911,558021,7,1110,2,36000,1.00630630631
556905,556917,557902,12,985,2,36000,1.01218274112
556907,556923,557904,16,981,2,36000,1.01630988787
556922,556929,557819,7,890,2,36000,1.00786516854
556924,556935,557901,11,966,2,36000,1.01138716356
556932,556941,558964,9,2023,2,36000,1.00444883836
556943,556949,557921,6,972,2,36000,1.00617283951
556944,556955,558315,11,1360,2,36000,1.00808823529
556948,556960,558705,12,1745,2,36000,1.00687679083
556960,556967,558489,7,1522,2,36000,1.00459921156
556961,556972,557887,11,915,2,36000,1.01202185792
556963,556979,557903,16,924,2,36000,1.01731601732
556967,556984,558089,17,1105,2,36000,1.01538461538
556979,556990,557982,11,992,2,36000,1.01108870968
556980,556995,557839,15,844,2,36000,1.01777251185
556986,557002,558757,16,1755,2,36000,1.00911680912
556997,557008,558130,11,1122,2,36000,1.00980392157
556998,557014,558057,16,1043,2,36000,1.01534036433
557003,557019,558805,16,1786,2,36000,1.00895856663
557038,557044,558017,6,973,2,36000,1.00616649538
557041,557050,558841,9,1791,2,36000,1.00502512563
557054,557060,557889,6,829,2,36000,1.00723763571
557055,557066,558150,11,1084,2,36000,1.01014760148
557056,557071,558172,15,1101,2,36000,1.0136239782
557057,557077,558625,20,1548,2,36000,1.01291989664
557058,557082,558052,24,970,2,36000,1.02474226804
557074,557088,558781,14,1693,2,36000,1.00826934436
557114,557157,561179,43,4022,8,356400,1.01069119841
557115,557121,558177,6,1056,2,36000,1.00568181818
557144,557150,558197,6,1047,2,36000,1.00573065903
557161,557168,559041,7,1873,2,36000,1.00373731981
557173,557179,558230,6,1051,2,36000,1.00570884872
557228,557234,558212,6,978,2,36000,1.00613496933
557241,557247,559103,6,1856,2,36000,1.00323275862
557472,557478,559274,6,1796,2,36000,1.00334075724
557474,557930,640619,456,82689,8,356400,1.00551463919
557566,557900,558698,334,798,32,356400,1.41854636591
557686,557692,558811,6,1119,2,36000,1.00536193029
557719,557726,558805,7,1079,2,36000,1.00648748842
557734,557740,558527,6,787,2,36000,1.00762388818
557749,557755,558624,6,869,2,36000,1.00690448792
557798,557805,559584,7,1779,2,36000,1.00393479483
557800,557811,558806,11,995,2,36000,1.01105527638
557815,557822,558778,7,956,2,36000,1.00732217573
557817,557829,559922,12,2093,2,36000,1.00573339704
557830,557837,558834,7,997,2,36000,1.00702106319
557832,557843,558810,11,967,2,36000,1.0113753878
557848,557854,558966,6,1112,2,36000,1.00539568345
557849,557861,558928,12,1067,2,36000,1.01124648547
557865,557871,558826,6,955,2,36000,1.00628272251
557866,557877,559000,11,1123,2,36000,1.00979519145
557868,557883,558889,15,1006,2,36000,1.01491053678
557869,557888,558825,19,937,2,36000,1.02027748132
557887,557894,558905,7,1011,2,36000,1.00692383778
557889,557905,559699,16,1794,2,36000,1.00891861761
557902,557912,558829,10,917,2,36000,1.01090512541
557904,557917,559128,13,1211,2,36000,1.01073492981
557905,557923,559024,18,1101,2,36000,1.01634877384
557916,557935,559818,19,1883,2,36000,1.01009028147
557921,557940,559092,19,1152,2,36000,1.01649305556
557923,557946,558937,23,991,2,36000,1.02320887992
557924,557952,558978,28,1026,2,36000,1.02729044834
557925,557957,559107,32,1150,2,36000,1.02782608696
557940,557963,558861,23,898,2,36000,1.02561247216
557945,557968,559021,23,1053,2,36000,1.02184235518
557964,557974,559031,10,1057,2,36000,1.00946073794
557980,557986,559817,6,1831,2,36000,1.00327689787
557984,557992,559067,8,1075,2,36000,1.00744186047
557999,558005,559013,6,1008,2,36000,1.00595238095
558000,558011,558806,11,795,2,36000,1.01383647799
558019,558025,559073,6,1048,2,36000,1.00572519084
558021,558031,559847,10,1816,2,36000,1.00550660793
558034,558040,558975,6,935,2,36000,1.0064171123
558038,558046,559807,8,1761,2,36000,1.00454287337
558052,558058,558953,6,895,2,36000,1.00670391061
558054,558064,559988,10,1924,2,36000,1.0051975052
558068,558075,559112,7,1037,2,36000,1.00675024108
558083,558090,560155,7,2065,2,36000,1.00338983051
558087,558096,559193,9,1097,2,36000,1.00820419325
558101,558106,559636,5,1530,2,36000,1.00326797386
558102,558112,559537,10,1425,2,36000,1.00701754386
558103,558117,559792,14,1675,2,36000,1.00835820896
558105,558123,559849,18,1726,2,36000,1.01042873696
558121,558129,559840,8,1711,2,36000,1.00467562829
558123,558134,559430,11,1296,2,36000,1.00848765432
558131,558140,559213,9,1073,2,36000,1.00838769804
558154,558161,559287,7,1126,2,36000,1.00621669627
558171,558177,560102,6,1925,2,36000,1.00311688312
558173,558183,559173,10,990,2,36000,1.0101010101
558187,558193,559969,6,1776,2,36000,1.00337837838
558187,558198,559251,11,1053,2,36000,1.01044634378
558202,558209,559156,7,947,2,36000,1.00739176346
558203,558214,559987,11,1773,2,36000,1.00620417372
558205,558221,559596,16,1375,2,36000,1.01163636364
558206,558226,560007,20,1781,2,36000,1.01122964627
558217,558233,559318,16,1085,2,36000,1.01474654378
558232,558239,559333,7,1094,2,36000,1.00639853748
558275,558282,560149,7,1867,2,36000,1.00374933048
558292,558298,560184,6,1886,2,36000,1.00318133616
558315,558321,559341,6,1020,2,36000,1.00588235294
558324,558330,560290,6,1960,2,36000,1.00306122449
558359,558365,560551,6,2186,2,36000,1.00274473925
558360,558371,560075,11,1704,2,36000,1.00645539906
558490,558496,559538,6,1042,2,36000,1.00575815739
558495,558502,560220,7,1718,2,36000,1.00407450524
558514,558521,560520,7,1999,2,36000,1.00350175088
558529,558535,559449,6,914,2,36000,1.00656455142
558531,558541,560322,10,1781,2,36000,1.00561482313
558532,558546,560348,14,1802,2,36000,1.00776914539
558554,558561,560193,7,1632,2,36000,1.00428921569
558556,558566,560250,10,1684,2,36000,1.00593824228
558579,558585,559594,6,1009,2,36000,1.00594648167
558595,558601,560012,6,1411,2,36000,1.00425230333
558596,558607,560392,11,1785,2,36000,1.00616246499
558612,558618,560488,6,1870,2,36000,1.00320855615
558625,558631,559441,6,810,2,36000,1.00740740741
558627,558637,560260,10,1623,2,36000,1.00616142945
558629,558643,560403,14,1760,2,36000,1.00795454545
558709,558715,560446,6,1731,2,36000,1.00346620451
558725,558731,560417,6,1686,2,36000,1.00355871886
558758,558764,560615,6,1851,2,36000,1.00324149109
558778,558784,559942,6,1158,2,36000,1.00518134715
558783,558790,559802,7,1012,2,36000,1.00691699605
558805,558812,560534,7,1722,2,36000,1.00406504065
558807,558818,560092,11,1274,2,36000,1.00863422292
558809,558824,559877,15,1053,2,36000,1.01424501425
558810,558829,559891,19,1062,2,36000,1.01789077213
558827,558835,559960,8,1125,2,36000,1.00711111111
558829,558841,559855,12,1014,2,36000,1.01183431953
558830,558847,559793,17,946,2,36000,1.01797040169
558831,558852,559897,21,1045,2,36000,1.02009569378
558832,558858,559718,26,860,2,36000,1.03023255814
558843,558864,560890,21,2026,2,36000,1.01036525173
558847,558869,559824,22,955,2,36000,1.02303664921
558862,558876,559832,14,956,2,36000,1.01464435146
558889,558895,559710,6,815,2,36000,1.00736196319
558904,558910,559996,6,1086,2,36000,1.00552486188
558928,558934,560048,6,1114,2,36000,1.00538599641
558943,558949,559892,6,943,2,36000,1.00636267232
558958,558964,559890,6,926,2,36000,1.00647948164
558966,558972,560617,6,1645,2,36000,1.00364741641
558973,558979,560088,6,1109,2,36000,1.00541027953
558988,558994,559954,6,960,2,36000,1.00625
558989,559000,560118,11,1118,2,36000,1.00983899821
559002,559332,560546,330,1214,32,356400,1.27182866557
559004,559010,560013,6,1003,2,36000,1.00598205384
559020,559025,559940,5,915,2,36000,1.00546448087
559023,559031,560835,8,1804,2,36000,1.0044345898
559034,559041,559980,7,939,2,36000,1.00745473908
559039,559047,560864,8,1817,2,36000,1.00440286186
559055,559061,561129,6,2068,2,36000,1.00290135397
559068,559074,560202,6,1128,2,36000,1.00531914894
559082,559089,559961,7,872,2,36000,1.00802752294
559097,559103,560234,6,1131,2,36000,1.00530503979
559106,559112,560399,6,1287,2,36000,1.00466200466
559112,559118,560109,6,991,2,36000,1.00605449041
559114,559124,559946,10,822,2,36000,1.01216545012
559128,559134,560020,6,886,2,36000,1.00677200903
559156,559162,560086,6,924,2,36000,1.00649350649
559174,559180,560309,6,1129,2,36000,1.00531443756
559195,559201,560255,6,1054,2,36000,1.00569259962
559213,559219,560248,6,1029,2,36000,1.00583090379
559250,559256,560186,6,930,2,36000,1.0064516129
559275,559282,561090,7,1808,2,36000,1.00387168142
559288,559294,560233,6,939,2,36000,1.00638977636
559319,559326,560448,7,1122,2,36000,1.00623885918
559336,559342,560487,6,1145,2,36000,1.00524017467
559351,559357,560590,6,1233,2,36000,1.00486618005
559432,559438,561337,6,1899,2,36000,1.00315955766
559443,559450,560510,7,1060,2,36000,1.00660377358
559458,559464,560578,6,1114,2,36000,1.00538599641
559538,559544,560671,6,1127,2,36000,1.00532386868
559540,559550,561357,10,1807,2,36000,1.00553403431
559587,559593,561215,6,1622,2,36000,1.00369913687
559603,559610,560957,7,1347,2,36000,1.00519673348
559605,559616,561338,11,1722,2,36000,1.00638792102
559639,559646,560744,7,1098,2,36000,1.00637522769
559702,559708,561260,6,1552,2,36000,1.00386597938
559710,559716,560596,6,880,2,36000,1.00681818182
559725,559731,560729,6,998,2,36000,1.00601202405
559795,559801,561637,6,1836,2,36000,1.00326797386
559796,559807,560854,11,1047,2,36000,1.01050620821
559812,559819,561647,7,1828,2,36000,1.00382932166
559814,559824,561471,10,1647,2,36000,1.00607164542
559826,559832,560645,6,813,2,36000,1.0073800738
559830,559838,561567,8,1729,2,36000,1.004626952
559831,559843,561585,12,1742,2,36000,1.00688863375
559841,559849,560940,8,1091,2,36000,1.00733272227
559848,559855,561732,7,1877,2,36000,1.00372935535
559849,559860,561689,11,1829,2,36000,1.00601421542
559856,559866,560954,10,1088,2,36000,1.00919117647
559865,559872,561950,7,2078,2,36000,1.00336862368
559878,559884,561065,6,1181,2,36000,1.0050804403
559894,559900,561025,6,1125,2,36000,1.00533333333
559895,559906,560835,11,929,2,36000,1.01184068891
559896,559912,561045,16,1133,2,36000,1.01412180053
559911,559918,561132,7,1214,2,36000,1.0057660626
559925,559931,561815,6,1884,2,36000,1.00318471338
559941,559948,561139,7,1191,2,36000,1.00587741394
559943,559954,561031,11,1077,2,36000,1.01021355617
559958,559964,561140,6,1176,2,36000,1.00510204082
559959,559970,560976,11,1006,2,36000,1.01093439364
559972,559978,562015,6,2037,2,36000,1.0029455081
559975,559984,561038,9,1054,2,36000,1.00853889943
559976,559989,561034,13,1045,2,36000,1.01244019139
559988,559995,561602,7,1607,2,36000,1.00435594275
559990,560001,561867,11,1866,2,36000,1.00589496249
559992,560007,561003,15,996,2,36000,1.01506024096
560007,560013,561084,6,1071,2,36000,1.0056022409
560009,560019,561728,10,1709,2,36000,1.00585137507
560023,560029,560997,6,968,2,36000,1.00619834711
560025,560035,561183,10,1148,2,36000,1.00871080139
560026,560040,561712,14,1672,2,36000,1.00837320574
560050,560056,560911,6,855,2,36000,1.00701754386
560078,560084,561970,6,1886,2,36000,1.00318133616
560087,560093,561260,6,1167,2,36000,1.00514138817
560089,560099,561082,10,983,2,36000,1.01017293998
560103,560114,561167,11,1053,2,36000,1.01044634378
560103,560109,561999,6,1890,2,36000,1.00317460317
560119,560125,561255,6,1130,2,36000,1.00530973451
560120,560131,560964,11,833,2,36000,1.01320528211
560150,560156,562004,6,1848,2,36000,1.00324675325
560166,560172,562284,6,2112,2,36000,1.00284090909
560188,560194,562171,6,1977,2,36000,1.00303490137
560189,560200,561392,11,1192,2,36000,1.00922818792
560204,560210,561128,6,918,2,36000,1.00653594771
560204,560215,561378,11,1163,2,36000,1.00945829751
560224,560230,561235,6,1005,2,36000,1.00597014925
560232,560238,561286,6,1048,2,36000,1.00572519084
560248,560254,561369,6,1115,2,36000,1.00538116592
560249,560260,561466,11,1206,2,36000,1.00912106136
560252,560265,562058,13,1793,2,36000,1.00725041829
560264,560271,561491,7,1220,2,36000,1.00573770492
560269,560277,562235,8,1958,2,36000,1.00408580184
560291,560297,562034,6,1737,2,36000,1.00345423143
560310,560316,561339,6,1023,2,36000,1.00586510264
560319,560325,562157,6,1832,2,36000,1.00327510917
560350,560357,562233,7,1876,2,36000,1.00373134328
560394,560400,562221,6,1821,2,36000,1.00329489292
560411,560417,562122,6,1705,2,36000,1.00351906158
560412,560423,562134,11,1711,2,36000,1.0064289889
560428,560434,561595,6,1161,2,36000,1.00516795866
560448,560454,562138,6,1684,2,36000,1.00356294537
560449,560460,561385,11,925,2,36000,1.01189189189
560487,560493,561489,6,996,2,36000,1.00602409639
560490,560499,562295,9,1796,2,36000,1.00501113586
560512,560518,561343,6,825,2,36000,1.00727272727
560521,560527,562319,6,1792,2,36000,1.00334821429
560537,560543,561907,6,1364,2,36000,1.00439882698
560558,560564,561949,6,1385,2,36000,1.00433212996
560579,560585,561403,6,818,2,36000,1.00733496333
560594,560600,561432,6,832,2,36000,1.00721153846
560610,560616,561808,6,1192,2,36000,1.00503355705
560618,560624,562510,6,1886,2,36000,1.00318133616
560619,560630,562559,11,1929,2,36000,1.0057024365
560646,560652,561726,6,1074,2,36000,1.00558659218
560671,560677,561650,6,973,2,36000,1.00616649538
560732,560739,561682,7,943,2,36000,1.00742311771
560747,560753,561973,6,1220,2,36000,1.00491803279
560834,560840,562011,6,1171,2,36000,1.00512382579
560835,560846,561978,11,1132,2,36000,1.00971731449
560855,560861,561955,6,1094,2,36000,1.00548446069
560867,560874,562686,7,1812,2,36000,1.00386313466
560893,560899,562581,6,1682,2,36000,1.00356718193
560913,560919,562055,6,1136,2,36000,1.00528169014
560941,560947,561943,6,996,2,36000,1.00602409639
560956,560962,561813,6,851,2,36000,1.00705052879
560959,560968,562929,9,1961,2,36000,1.00458949516
560970,560977,561894,7,917,2,36000,1.00763358779
560985,560991,561937,6,946,2,36000,1.00634249471
561000,561006,562089,6,1083,2,36000,1.0055401662
561015,561021,561779,6,758,2,36000,1.00791556728
561030,561036,561941,6,905,2,36000,1.00662983425
561047,561053,562175,6,1122,2,36000,1.00534759358
561049,561059,562107,10,1048,2,36000,1.00954198473
561050,561064,561999,14,935,2,36000,1.01497326203
561051,561070,562146,19,1076,2,36000,1.01765799257
561067,561076,562003,9,927,2,36000,1.00970873786
561084,561195,564216,111,3021,32,356400,1.0367428004
561085,561091,562123,6,1032,2,36000,1.00581395349
561086,561097,562073,11,976,2,36000,1.0112704918
561090,561103,562618,13,1515,2,36000,1.00858085809
561129,561135,562000,6,865,2,36000,1.00693641618
561131,561141,563036,10,1895,2,36000,1.00527704485
561145,561150,562188,5,1038,2,36000,1.00481695568
561146,561156,562092,10,936,2,36000,1.01068376068
561147,561162,562736,15,1574,2,36000,1.00952986023
561168,561174,562147,6,973,2,36000,1.00616649538
561183,561189,562150,6,961,2,36000,1.00624349636
561219,561225,563160,6,1935,2,36000,1.00310077519
561239,561245,563106,6,1861,2,36000,1.00322407308
561257,561263,562393,6,1130,2,36000,1.00530973451
561262,561269,563185,7,1916,2,36000,1.00365344468
561272,561278,562282,6,1004,2,36000,1.00597609562
561288,561294,562350,6,1056,2,36000,1.00568181818
561340,561346,562424,6,1078,2,36000,1.00556586271
561341,561351,563183,10,1832,2,36000,1.00545851528
561342,561357,562931,15,1574,2,36000,1.00952986023
561355,561363,562346,8,983,2,36000,1.00813835198
561361,561369,562541,8,1172,2,36000,1.00682593857
561370,561376,562310,6,934,2,36000,1.00642398287
561381,561387,563150,6,1763,2,36000,1.00340328985
561386,561393,562315,7,922,2,36000,1.00759219089
561400,561407,562530,7,1123,2,36000,1.00623330365
561415,561421,562456,6,1035,2,36000,1.00579710145
561434,561440,562403,6,963,2,36000,1.0062305296
561467,561473,562641,6,1168,2,36000,1.0051369863
561476,561481,563332,5,1851,2,36000,1.00270124257
561488,561494,562652,6,1158,2,36000,1.00518134715
561506,561512,562629,6,1117,2,36000,1.00537153089
561569,561575,563771,6,2196,2,36000,1.00273224044
561589,561595,562575,6,980,2,36000,1.00612244898
561606,561612,563350,6,1738,2,36000,1.00345224396
561607,561618,562671,11,1053,2,36000,1.01044634378
561639,561645,563496,6,1851,2,36000,1.00324149109
561656,561667,563384,11,1717,2,36000,1.00640652301
561656,561662,562720,6,1058,2,36000,1.0056710775
561683,561689,562721,6,1032,2,36000,1.00581395349
561691,561697,563498,6,1801,2,36000,1.00333148251
561714,561720,563447,6,1727,2,36000,1.00347423277
561729,561735,562697,6,962,2,36000,1.00623700624
561730,561741,563473,11,1732,2,36000,1.00635103926
561746,561752,563087,6,1335,2,36000,1.00449438202
561779,561785,562748,6,963,2,36000,1.0062305296
561810,561816,562650,6,834,2,36000,1.0071942446
561816,561822,563627,6,1805,2,36000,1.00332409972
561825,561831,562703,6,872,2,36000,1.00688073394
561869,561875,563586,6,1711,2,36000,1.00350672122
561896,561902,562865,6,963,2,36000,1.0062305296
561907,561913,563646,6,1733,2,36000,1.00346220427
561939,561945,562730,6,785,2,36000,1.0076433121
561949,561954,563773,5,1819,2,36000,1.00274876306
561954,561960,562940,6,980,2,36000,1.00612244898
561956,561966,563035,10,1069,2,36000,1.00935453695
561957,561971,563028,14,1057,2,36000,1.01324503311
561965,561977,564062,12,2085,2,36000,1.00575539568
561982,561988,563879,6,1891,2,36000,1.00317292438
561984,561994,563713,10,1719,2,36000,1.00581733566
561985,561999,563868,14,1869,2,36000,1.0074906367
561995,562006,563100,11,1094,2,36000,1.01005484461
562001,562012,564095,11,2083,2,36000,1.00528084494
562010,562018,563103,8,1085,2,36000,1.00737327189
562012,562023,563107,11,1084,2,36000,1.01014760148
562013,562029,563200,16,1171,2,36000,1.01366353544
562018,562034,563241,16,1207,2,36000,1.01325600663
562019,562040,563939,21,1899,2,36000,1.01105845182
562035,562046,563937,11,1891,2,36000,1.00581702803
562056,562062,562830,6,768,2,36000,1.0078125
562061,562068,563985,7,1917,2,36000,1.00365153886
562074,562080,563177,6,1097,2,36000,1.00546946217
562089,562095,563314,6,1219,2,36000,1.00492206727
562104,562110,562839,6,729,2,36000,1.00823045267
562119,562125,563283,6,1158,2,36000,1.00518134715
562123,562131,563381,8,1250,2,36000,1.0064
562134,562140,562979,6,839,2,36000,1.00715137068
562140,562146,563239,6,1093,2,36000,1.0054894785
562141,562152,563940,11,1788,2,36000,1.00615212528
562149,562158,563206,9,1048,2,36000,1.00858778626
562151,562163,563142,12,979,2,36000,1.01225740552
562152,562168,563260,16,1092,2,36000,1.01465201465
562158,562175,563855,17,1680,2,36000,1.01011904762
562174,562181,563950,7,1769,2,36000,1.00395703787
562178,562188,563221,10,1033,2,36000,1.00968054211
562193,562199,563092,6,893,2,36000,1.00671892497
562224,562231,563993,7,1762,2,36000,1.00397275823
562241,562247,563527,6,1280,2,36000,1.0046875
562243,562253,563344,10,1091,2,36000,1.00916590284
562286,562292,563247,6,955,2,36000,1.00628272251
562289,562298,563956,9,1658,2,36000,1.00542822678
562305,562312,564192,7,1880,2,36000,1.00372340426
562312,562318,563542,6,1224,2,36000,1.00490196078
562321,562328,564145,7,1817,2,36000,1.00385250413
562327,562334,563375,7,1041,2,36000,1.00672430355
562348,562354,563549,6,1195,2,36000,1.0050209205
562361,562545,631661,184,69116,18,86400,1.0026621911
562364,562370,563267,6,897,2,36000,1.00668896321
562394,562400,563552,6,1152,2,36000,1.00520833333
562409,562415,563499,6,1084,2,36000,1.00553505535
562425,562431,563645,6,1214,2,36000,1.00494233937
562455,562462,563407,7,945,2,36000,1.00740740741
562514,562521,563820,7,1299,2,36000,1.00538876059
562533,562539,563484,6,945,2,36000,1.00634920635
562544,562551,564175,7,1624,2,36000,1.00431034483
562564,562570,563758,6,1188,2,36000,1.00505050505
562580,562586,564583,6,1997,2,36000,1.00300450676
562582,562592,564251,10,1659,2,36000,1.00602772755
562620,562626,564368,6,1742,2,36000,1.00344431688
562631,562637,563636,6,999,2,36000,1.00600600601
562646,562652,563643,6,991,2,36000,1.00605449041
562666,562672,563711,6,1039,2,36000,1.00577478345
562668,562678,563816,10,1138,2,36000,1.00878734622
562673,562684,564395,11,1711,2,36000,1.0064289889
562689,562697,564710,8,2013,2,36000,1.00397416791
562698,562704,563621,6,917,2,36000,1.00654307525
562713,562720,563789,7,1069,2,36000,1.00654817587
562731,562737,563801,6,1064,2,36000,1.00563909774
562732,562743,563727,11,984,2,36000,1.01117886179
562734,562748,563575,14,827,2,36000,1.0169286578
562748,562754,563692,6,938,2,36000,1.00639658849
562750,562760,563810,10,1050,2,36000,1.00952380952
562832,562838,563560,6,722,2,36000,1.00831024931
562848,562854,563779,6,925,2,36000,1.00648648649
562866,562872,563842,6,970,2,36000,1.00618556701
562929,562935,564828,6,1893,2,36000,1.00316957211
562946,562952,564085,6,1133,2,36000,1.0052956752
562948,562958,565125,10,2167,2,36000,1.00461467467
562980,562986,563795,6,809,2,36000,1.00741656366
563028,563034,563942,6,908,2,36000,1.00660792952
563041,563047,564900,6,1853,2,36000,1.00323799244
563045,563053,564094,8,1041,2,36000,1.00768491835
563091,563097,565031,6,1934,2,36000,1.00310237849
563092,563103,564226,11,1123,2,36000,1.00979519145
563108,563114,564956,6,1842,2,36000,1.00325732899
563108,563119,564225,11,1106,2,36000,1.00994575045
563109,563125,564165,16,1040,2,36000,1.01538461538
563110,563130,564250,20,1120,2,36000,1.01785714286
563144,563150,564075,6,925,2,36000,1.00648648649
563150,563156,564804,6,1648,2,36000,1.0036407767
563169,563175,565152,6,1977,2,36000,1.00303490137
563180,563186,564198,6,1012,2,36000,1.00592885375
563185,563192,564883,7,1691,2,36000,1.00413956239
563186,563197,564867,11,1670,2,36000,1.00658682635
563201,563207,564105,6,898,2,36000,1.00668151448
563217,563223,564202,6,979,2,36000,1.00612870276
563232,563239,564128,7,889,2,36000,1.00787401575
563242,563248,565093,6,1845,2,36000,1.00325203252
563243,563254,564475,11,1221,2,36000,1.00900900901
563247,563259,564195,12,936,2,36000,1.01282051282
563263,563269,564385,6,1116,2,36000,1.00537634409
563279,563285,564160,6,875,2,36000,1.00685714286
563298,563304,564211,6,907,2,36000,1.00661521499
563316,563323,564296,7,973,2,36000,1.0071942446
563336,563342,564531,6,1189,2,36000,1.00504625736
563353,563359,564681,6,1322,2,36000,1.00453857791
563354,563365,565215,11,1850,2,36000,1.00594594595
563376,563382,564338,6,956,2,36000,1.00627615063
563390,563396,565228,6,1832,2,36000,1.00327510917
563391,563402,565291,11,1889,2,36000,1.00582318687
563408,563414,564393,6,979,2,36000,1.00612870276
563449,563455,564533,6,1078,2,36000,1.00556586271
563476,563482,565329,6,1847,2,36000,1.0032485111
563488,563494,564473,6,979,2,36000,1.00612870276
563502,563508,564555,6,1047,2,36000,1.00573065903
563504,563514,565210,10,1696,2,36000,1.00589622642
563506,563519,564484,13,965,2,36000,1.01347150259
563529,563536,565294,7,1758,2,36000,1.0039817975
563545,563551,564557,6,1006,2,36000,1.00596421471
563561,563567,564479,6,912,2,36000,1.00657894737
563562,563573,564386,11,813,2,36000,1.0135301353
563563,563578,564850,15,1272,2,36000,1.01179245283
563584,563590,564803,6,1213,2,36000,1.00494641385
563588,563596,565299,8,1703,2,36000,1.00469759248
563630,563636,564641,6,1005,2,36000,1.00597014925
563632,563642,565389,10,1747,2,36000,1.00572409845
563645,563651,564626,6,975,2,36000,1.00615384615
563646,563657,564578,11,921,2,36000,1.01194353963
563648,563662,564551,14,889,2,36000,1.0157480315
563648,563667,565374,19,1707,2,36000,1.01113063855
563693,563699,564669,6,970,2,36000,1.00618556701
563717,563728,564747,11,1019,2,36000,1.01079489696
563717,563722,565440,5,1718,2,36000,1.00291036088
563733,563740,564959,7,1219,2,36000,1.00574241181
563763,563769,564868,6,1099,2,36000,1.00545950864
563779,563786,565632,7,1846,2,36000,1.00379198267
563781,563792,565687,11,1895,2,36000,1.00580474934
563781,563798,564969,17,1171,2,36000,1.0145175064
563803,563809,564934,6,1125,2,36000,1.00533333333
563805,563815,564906,10,1091,2,36000,1.00916590284
563806,563820,564585,14,765,2,36000,1.01830065359
563821,563827,565107,6,1280,2,36000,1.0046875
563822,563833,564729,11,896,2,36000,1.01227678571
563824,563839,565660,15,1821,2,36000,1.00823723229
563846,563852,564914,6,1062,2,36000,1.00564971751
563858,563864,565008,6,1144,2,36000,1.00524475524
563878,563884,566076,6,2192,2,36000,1.00273722628
563894,563901,565558,7,1657,2,36000,1.00422450211
563941,563948,565773,7,1825,2,36000,1.00383561644
563943,563954,565894,11,1940,2,36000,1.00567010309
563944,563960,565909,16,1949,2,36000,1.00820933812
563944,563965,565210,21,1245,2,36000,1.01686746988
563972,563978,565817,6,1839,2,36000,1.00326264274
563973,563984,565792,11,1808,2,36000,1.0060840708
563989,563995,565762,6,1767,2,36000,1.00339558574
564008,564014,565164,6,1150,2,36000,1.0052173913
564066,564072,566200,6,2128,2,36000,1.00281954887
564076,564082,565219,6,1137,2,36000,1.00527704485
564100,564106,565000,6,894,2,36000,1.0067114094
564100,564111,565982,11,1871,2,36000,1.00587920898
564102,564118,565083,16,965,2,36000,1.01658031088
564117,564124,565350,7,1226,2,36000,1.0057096248
564132,564138,565199,6,1061,2,36000,1.00565504241
564147,564153,566033,6,1880,2,36000,1.00319148936
564161,564167,565088,6,921,2,36000,1.00651465798
564179,564185,565073,6,888,2,36000,1.00675675676
564184,564191,565235,7,1044,2,36000,1.00670498084
564196,564202,565990,6,1788,2,36000,1.0033557047
564199,564208,565316,9,1108,2,36000,1.00812274368
564200,564213,565192,13,979,2,36000,1.01327885598
564226,564232,565270,6,1038,2,36000,1.00578034682
564227,564238,565175,11,937,2,36000,1.01173959445
564228,564243,565283,15,1040,2,36000,1.01442307692
564230,564249,565040,19,791,2,36000,1.02402022756
564252,564263,565304,11,1041,2,36000,1.01056676273
564252,564258,566093,6,1835,2,36000,1.00326975477
564305,564311,565301,6,990,2,36000,1.00606060606
564341,564347,565300,6,953,2,36000,1.00629590766
564370,564377,566292,7,1915,2,36000,1.00365535248
564387,564394,565291,7,897,2,36000,1.00780379041
564389,564400,565252,11,852,2,36000,1.01291079812
564396,564406,566164,10,1758,2,36000,1.00568828214
564404,564412,565317,8,905,2,36000,1.00883977901
564475,564481,565562,6,1081,2,36000,1.00555041628
564477,564487,566301,10,1814,2,36000,1.00551267916
564490,564496,565776,6,1280,2,36000,1.0046875
564492,564502,565742,10,1240,2,36000,1.00806451613
564533,564539,566412,6,1873,2,36000,1.00320341698
564535,564545,566356,10,1811,2,36000,1.00552181115
564549,564555,565553,6,998,2,36000,1.00601202405
564558,564564,566331,6,1767,2,36000,1.00339558574
564564,564570,565761,6,1191,2,36000,1.00503778338
564584,564590,565509,6,919,2,36000,1.00652883569
564586,564596,565456,10,860,2,36000,1.01162790698
564587,564601,566446,14,1845,2,36000,1.00758807588
564628,564634,565790,6,1156,2,36000,1.00519031142
564643,564649,565561,6,912,2,36000,1.00657894737
564670,564676,565700,6,1024,2,36000,1.005859375
564682,564688,565796,6,1108,2,36000,1.00541516245
564712,564718,566011,6,1293,2,36000,1.00464037123
564729,564735,565733,6,998,2,36000,1.00601202405
564749,564755,565553,6,798,2,36000,1.00751879699
564801,564808,565656,7,848,2,36000,1.00825471698
564806,564814,566846,8,2032,2,36000,1.00393700787
564832,564838,566627,6,1789,2,36000,1.00335382895
564854,564860,566019,6,1159,2,36000,1.00517687662
564868,564875,566574,7,1699,2,36000,1.00412007063
564870,564881,566611,11,1730,2,36000,1.0063583815
564887,564893,566721,6,1828,2,36000,1.00328227571
564905,564911,566065,6,1154,2,36000,1.00519930676
564906,564917,566067,11,1150,2,36000,1.00956521739
564921,564927,565969,6,1042,2,36000,1.00575815739
564943,564949,565979,6,1030,2,36000,1.00582524272
564958,564969,566053,11,1084,2,36000,1.01014760148
564958,564964,565896,6,932,2,36000,1.00643776824
564981,564987,565794,6,807,2,36000,1.00743494424
565002,565008,565922,6,914,2,36000,1.00656455142
565009,565016,566854,7,1838,2,36000,1.00380848749
565032,565039,566107,7,1068,2,36000,1.00655430712
565041,565048,566095,7,1047,2,36000,1.00668576886
565077,565083,566822,6,1739,2,36000,1.00345025877
565085,565091,565925,6,834,2,36000,1.0071942446
565097,565103,566932,6,1829,2,36000,1.00328048114
565101,565109,566046,8,937,2,36000,1.00853788687
565116,565122,566181,6,1059,2,36000,1.00566572238
565127,565133,567020,6,1887,2,36000,1.00317965024
565153,565160,567020,7,1860,2,36000,1.00376344086
565173,565179,566972,6,1793,2,36000,1.0033463469
565177,565185,566063,8,878,2,36000,1.00911161731
565193,565199,566246,6,1047,2,36000,1.00573065903
565214,565220,566220,6,1000,2,36000,1.006
565215,565226,567228,11,2002,2,36000,1.00549450549
565216,565237,566304,21,1067,2,36000,1.01968134958
565216,565232,566126,16,894,2,36000,1.01789709172
565231,565243,566287,12,1044,2,36000,1.01149425287
565233,565248,567035,15,1787,2,36000,1.00839395635
565249,565255,566402,6,1147,2,36000,1.00523103749
565265,565271,566286,6,1015,2,36000,1.00591133005
565280,565286,566213,6,927,2,36000,1.00647249191
565297,565303,567203,6,1900,2,36000,1.00315789474
565298,565314,566301,16,987,2,36000,1.01621073961
565298,565309,567065,11,1756,2,36000,1.0062642369
565300,565320,566165,20,845,2,36000,1.02366863905
565314,565327,566471,13,1144,2,36000,1.01136363636
565315,565332,566431,17,1099,2,36000,1.01546860783
565316,565337,566470,21,1133,2,36000,1.0185348632
565318,565342,566339,24,997,2,36000,1.02407221665
565319,565347,566478,28,1131,2,36000,1.02475685234
565333,565353,567230,20,1877,2,36000,1.01065530101
565338,565359,566171,21,812,2,36000,1.02586206897
565354,565365,566379,11,1014,2,36000,1.01084812623
565376,565382,566542,6,1160,2,36000,1.00517241379
565392,565399,566430,7,1031,2,36000,1.00678952473
565442,565448,567221,6,1773,2,36000,1.00338409475
565456,565463,566298,7,835,2,36000,1.00838323353
565503,565510,566566,7,1056,2,36000,1.00662878788
565555,565561,566576,6,1015,2,36000,1.00591133005
565557,565567,566702,10,1135,2,36000,1.00881057269
565562,565572,566827,10,1255,2,36000,1.00796812749
565576,565582,566602,6,1020,2,36000,1.00588235294
565577,565588,566428,11,840,2,36000,1.0130952381
565633,565639,567597,6,1958,2,36000,1.00306435138
565659,565665,566793,6,1128,2,36000,1.00531914894
565663,565671,567448,8,1777,2,36000,1.00450196961
565689,565697,567389,8,1692,2,36000,1.00472813239
565701,565707,566824,6,1117,2,36000,1.00537153089
565734,565741,566711,7,970,2,36000,1.00721649485
565751,565758,566770,7,1012,2,36000,1.00691699605
565762,565768,567671,6,1903,2,36000,1.00315291645
565767,565774,566881,7,1107,2,36000,1.00632339657
565778,565784,567596,6,1812,2,36000,1.00331125828
565782,565790,566608,8,818,2,36000,1.0097799511
565797,565803,567636,6,1833,2,36000,1.00327332242
565798,565809,567002,11,1193,2,36000,1.00922045264
565799,565814,566783,15,969,2,36000,1.01547987616
565800,565819,566784,19,965,2,36000,1.01968911917
565820,565826,567790,6,1964,2,36000,1.00305498982
565895,565901,567695,6,1794,2,36000,1.00334448161
565897,565907,566661,10,754,2,36000,1.01326259947
565911,565917,567845,6,1928,2,36000,1.0031120332
565930,565936,566982,6,1046,2,36000,1.00573613767
565932,565942,566971,10,1029,2,36000,1.00971817298
565971,565977,567008,6,1031,2,36000,1.00581959263
565988,565994,567942,6,1948,2,36000,1.00308008214
565989,566000,566905,11,905,2,36000,1.01215469613
565990,566005,567614,15,1609,2,36000,1.0093225606
566014,566020,567796,6,1776,2,36000,1.00337837838
566021,566027,567408,6,1381,2,36000,1.00434467777
566034,566040,567751,6,1711,2,36000,1.00350672122
566046,566052,567078,6,1026,2,36000,1.00584795322
566056,566062,567878,6,1816,2,36000,1.00330396476
566064,566070,567183,6,1113,2,36000,1.00539083558
566073,566079,567871,6,1792,2,36000,1.00334821429
566079,566085,567202,6,1117,2,36000,1.00537153089
566089,566095,568040,6,1945,2,36000,1.0030848329
566095,566101,567091,6,990,2,36000,1.00606060606
566105,566111,567912,6,1801,2,36000,1.00333148251
566121,566127,567857,6,1730,2,36000,1.00346820809
566128,566134,567087,6,953,2,36000,1.00629590766
566165,566171,567218,6,1047,2,36000,1.00573065903
566168,566177,567815,9,1638,2,36000,1.00549450549
566181,566187,567330,6,1143,2,36000,1.00524934383
566182,566193,567302,11,1109,2,36000,1.00991884581
566203,566209,567732,6,1523,2,36000,1.00393959291
566214,566220,567252,6,1032,2,36000,1.00581395349
566229,566236,567296,7,1060,2,36000,1.00660377358
566249,566255,567234,6,979,2,36000,1.00612870276
566287,566293,567301,6,1008,2,36000,1.00595238095
566288,566299,567284,11,985,2,36000,1.01116751269
566296,566305,568143,9,1838,2,36000,1.00489662677
566304,566311,567384,7,1073,2,36000,1.00652376514
566305,566316,567293,11,977,2,36000,1.01125895599
566312,566322,568053,10,1731,2,36000,1.00577700751
566313,566327,568012,14,1685,2,36000,1.00830860534
566332,566339,568122,7,1783,2,36000,1.00392596747
566342,566348,567350,6,1002,2,36000,1.00598802395
566358,566364,567814,6,1450,2,36000,1.00413793103
566380,566386,567485,6,1099,2,36000,1.00545950864
566402,566408,567523,6,1115,2,36000,1.00538116592
566414,566420,568316,6,1896,2,36000,1.00316455696
566430,566436,567235,6,799,2,36000,1.00750938673
566433,566442,568258,9,1816,2,36000,1.00495594714
566445,566451,567586,6,1135,2,36000,1.00528634361
566449,566457,568274,8,1817,2,36000,1.00440286186
566472,566483,567585,11,1102,2,36000,1.00998185118
566472,566478,567614,6,1136,2,36000,1.00528169014
566487,566493,567568,6,1075,2,36000,1.00558139535
566546,566552,568386,6,1834,2,36000,1.00327153762
566566,566573,567670,7,1097,2,36000,1.0063810392
566578,566585,568184,7,1599,2,36000,1.00437773609
566582,566591,567465,9,874,2,36000,1.01029748284
566603,566610,567757,7,1147,2,36000,1.00610287707
566613,566619,568517,6,1898,2,36000,1.00316122234
566618,566625,567690,7,1065,2,36000,1.00657276995
566629,566635,568375,6,1740,2,36000,1.00344827586
566664,566670,567581,6,911,2,36000,1.00658616905
566704,566710,567721,6,1011,2,36000,1.0059347181
566722,566729,567765,7,1036,2,36000,1.00675675676
566723,566734,568562,11,1828,2,36000,1.00601750547
566771,566777,567824,6,1047,2,36000,1.00573065903
566787,566793,568304,6,1511,2,36000,1.00397088021
566788,566799,567730,11,931,2,36000,1.01181525242
566803,566810,567844,7,1034,2,36000,1.00676982592
566825,566831,567820,6,989,2,36000,1.00606673407
566826,566837,568761,11,1924,2,36000,1.00571725572
566842,566848,568774,6,1926,2,36000,1.0031152648
566859,566865,569065,6,2200,2,36000,1.00272727273
566860,566871,568972,11,2101,2,36000,1.00523560209
566882,566888,567763,6,875,2,36000,1.00685714286
566908,566914,567751,6,837,2,36000,1.00716845878
566933,566940,569214,7,2274,2,36000,1.00307827617
566976,566982,567895,6,913,2,36000,1.00657174151
566978,566988,568118,10,1130,2,36000,1.00884955752
566992,566998,567892,6,894,2,36000,1.0067114094
567005,567011,568993,6,1982,2,36000,1.00302724521
567011,567017,567903,6,886,2,36000,1.00677200903
567022,567028,568767,6,1739,2,36000,1.00345025877
567023,567034,568782,11,1748,2,36000,1.00629290618
567039,567045,568843,6,1798,2,36000,1.00333704116
567068,567075,568909,7,1834,2,36000,1.00381679389
567079,567086,568032,7,946,2,36000,1.00739957717
567095,567101,567792,6,691,2,36000,1.00868306802
567096,567107,568315,11,1208,2,36000,1.00910596026
567184,567190,568207,6,1017,2,36000,1.00589970501
567203,567209,568205,6,996,2,36000,1.00602409639
567207,567215,569022,8,1807,2,36000,1.00442722745
567218,567224,568512,6,1288,2,36000,1.00465838509
567227,567233,568317,6,1084,2,36000,1.00553505535
567228,567239,569026,11,1787,2,36000,1.00615556799
567235,567245,568249,10,1004,2,36000,1.00996015936
567236,567250,568211,14,961,2,36000,1.01456815817
567245,567256,569213,11,1957,2,36000,1.00562084824
567252,567262,568121,10,859,2,36000,1.01164144354
567287,567293,568356,6,1063,2,36000,1.00564440263
567303,567309,568345,6,1036,2,36000,1.00579150579
567304,567315,568128,11,813,2,36000,1.0135301353
567306,567320,568317,14,997,2,36000,1.01404212638
567307,567326,568212,19,886,2,36000,1.02144469526
567330,567336,568256,6,920,2,36000,1.00652173913
567351,567357,568351,6,994,2,36000,1.0060362173
567393,567399,568431,6,1032,2,36000,1.00581395349
567394,567404,569373,10,1969,2,36000,1.00507872016
567408,567414,568491,6,1077,2,36000,1.00557103064
567452,567458,569304,6,1846,2,36000,1.00325027086
567473,567479,568559,6,1080,2,36000,1.00555555556
567494,567500,568639,6,1139,2,36000,1.00526777875
567523,567529,568568,6,1039,2,36000,1.00577478345
567569,567575,568755,6,1180,2,36000,1.00508474576
567584,567591,568642,7,1051,2,36000,1.0066603235
567586,567597,568689,11,1092,2,36000,1.01007326007
567587,567602,568667,15,1065,2,36000,1.01408450704
567599,567609,569626,10,2017,2,36000,1.00495785821
567601,567614,569285,13,1671,2,36000,1.00777977259
567617,567623,569316,6,1693,2,36000,1.00354400473
567618,567629,569294,11,1665,2,36000,1.00660660661
567638,567644,569461,6,1817,2,36000,1.0033021464
567671,567678,568703,7,1025,2,36000,1.00682926829
567672,567683,569616,11,1933,2,36000,1.00569063632
567690,567696,568738,6,1042,2,36000,1.00575815739
567698,567704,569055,6,1351,2,36000,1.0044411547
567721,567727,568679,6,952,2,36000,1.00630252101
567733,567739,569438,6,1699,2,36000,1.00353148911
567737,567745,568704,8,959,2,36000,1.00834202294
567752,567758,569254,6,1496,2,36000,1.00401069519
567755,567764,568796,9,1032,2,36000,1.00872093023
567768,567774,568668,6,894,2,36000,1.0067114094
567769,567780,568952,11,1172,2,36000,1.00938566553
567771,567785,568835,14,1050,2,36000,1.01333333333
567792,567799,568737,7,938,2,36000,1.00746268657
567793,567804,569571,11,1767,2,36000,1.00622524052
567809,567815,569746,6,1931,2,36000,1.00310719834
567823,567829,568815,6,986,2,36000,1.0060851927
567825,567841,569700,16,1859,2,36000,1.00860677784
567825,567835,568946,10,1111,2,36000,1.00900090009
567827,567846,569653,19,1807,2,36000,1.01051466519
567846,567852,569718,6,1866,2,36000,1.00321543408
567846,567857,568915,11,1058,2,36000,1.01039697543
567862,567868,569579,6,1711,2,36000,1.00350672122
567879,567885,569212,6,1327,2,36000,1.00452147702
567880,567891,568961,11,1070,2,36000,1.01028037383
567889,567897,568824,8,927,2,36000,1.00862998921
567905,567912,569071,7,1159,2,36000,1.00603968939
567907,567917,568994,10,1077,2,36000,1.00928505107
567915,567924,569793,9,1869,2,36000,1.00481540931
567944,567950,570004,6,2054,2,36000,1.0029211295
568016,568022,569816,6,1794,2,36000,1.00334448161
568032,568039,569120,7,1081,2,36000,1.00647548566
568042,568048,569846,6,1798,2,36000,1.00333704116
568058,568064,569916,6,1852,2,36000,1.00323974082
568121,568127,570031,6,1904,2,36000,1.0031512605
568122,568133,569205,11,1072,2,36000,1.01026119403
568122,568139,569838,17,1699,2,36000,1.01000588582
568142,568148,569066,6,918,2,36000,1.00653594771
568145,568154,569022,9,868,2,36000,1.01036866359
568186,568192,569387,6,1195,2,36000,1.0050209205
568207,568213,569202,6,989,2,36000,1.00606673407
568208,568219,569326,11,1107,2,36000,1.00993676603
568223,568229,569267,6,1038,2,36000,1.00578034682
568225,568235,569570,10,1335,2,36000,1.0074906367
568250,568256,569365,6,1109,2,36000,1.00541027953
568261,568267,569966,6,1699,2,36000,1.00353148911
568265,568273,569244,8,971,2,36000,1.00823892894
568277,568283,570038,6,1755,2,36000,1.00341880342
568305,568311,569541,6,1230,2,36000,1.00487804878
568319,568325,570537,6,2212,2,36000,1.0027124774
568320,568331,570239,11,1908,2,36000,1.00576519916
568320,568336,569327,16,991,2,36000,1.01614530777
568322,568342,569235,20,893,2,36000,1.02239641657
568346,568353,569399,7,1046,2,36000,1.00669216061
568362,568367,569419,5,1052,2,36000,1.00475285171
568363,568374,569456,11,1082,2,36000,1.0101663586
568382,568388,570098,6,1710,2,36000,1.00350877193
568398,568405,570426,7,2021,2,36000,1.00346363187
568433,568439,569233,6,794,2,36000,1.00755667506
568492,568498,569539,6,1041,2,36000,1.00576368876
568513,568519,569526,6,1007,2,36000,1.00595829196
568521,568527,570240,6,1713,2,36000,1.00350262697
568559,568566,569396,7,830,2,36000,1.00843373494
568565,568572,569725,7,1153,2,36000,1.00607111882
568574,568580,569547,6,967,2,36000,1.00620475698
568639,568645,569554,6,909,2,36000,1.00660066007
568655,568661,569657,6,996,2,36000,1.00602409639
568671,568677,569537,6,860,2,36000,1.00697674419
568672,568683,569734,11,1051,2,36000,1.01046622265
568687,568694,569550,7,856,2,36000,1.00817757009
568703,568709,569769,6,1060,2,36000,1.00566037736
568704,568715,569647,11,932,2,36000,1.01180257511
568720,568726,569733,6,1007,2,36000,1.00595829196
568738,568744,569830,6,1086,2,36000,1.00552486188
568739,568750,569844,11,1094,2,36000,1.01005484461
568758,568764,569790,6,1026,2,36000,1.00584795322
568764,568770,570545,6,1775,2,36000,1.00338028169
568780,568786,570960,6,2174,2,36000,1.0027598896
568782,568792,570571,10,1779,2,36000,1.00562113547
568798,568804,570195,6,1391,2,36000,1.00431344357
568799,568810,570533,11,1723,2,36000,1.00638421358
568817,568823,569842,6,1019,2,36000,1.00588812561
568832,568838,569827,6,989,2,36000,1.00606673407
568847,568853,570554,6,1701,2,36000,1.00352733686
568848,568859,569896,11,1037,2,36000,1.0106075217
568910,568917,570679,7,1762,2,36000,1.00397275823
568917,568923,569715,6,792,2,36000,1.00757575758
568949,568955,570127,6,1172,2,36000,1.00511945392
568964,568970,569965,6,995,2,36000,1.00603015075
568965,568976,569862,11,886,2,36000,1.01241534989
568987,568994,570850,7,1856,2,36000,1.00377155172
568994,569000,569940,6,940,2,36000,1.00638297872
569003,569010,570779,7,1769,2,36000,1.00395703787
569023,569029,570911,6,1882,2,36000,1.00318809777
569024,569035,571102,11,2067,2,36000,1.0053217223
569041,569047,570834,6,1787,2,36000,1.00335758254
569057,569063,571042,6,1979,2,36000,1.00303183426
569066,569073,569968,7,895,2,36000,1.00782122905
569073,569079,570985,6,1906,2,36000,1.00314795383
569081,569088,569899,7,811,2,36000,1.00863131936
569122,569128,570064,6,936,2,36000,1.00641025641
569143,569453,587472,310,18019,32,18000,1.01720406238
569203,569209,570129,6,920,2,36000,1.00652173913
569215,569221,570701,6,1480,2,36000,1.00405405405
569216,569229,570800,13,1571,2,36000,1.00827498409
569218,569234,570336,16,1102,2,36000,1.01451905626
569218,569239,570990,21,1751,2,36000,1.01199314677
569233,569245,570395,12,1150,2,36000,1.01043478261
569249,569255,570222,6,967,2,36000,1.00620475698
569251,569261,570364,10,1103,2,36000,1.00906618314
569267,569273,570261,6,988,2,36000,1.00607287449
569268,569279,570482,11,1203,2,36000,1.00914380715
569287,569293,571191,6,1898,2,36000,1.00316122234
569303,569309,571132,6,1823,2,36000,1.00329127811
569319,569326,571052,7,1726,2,36000,1.00405561993
569321,569331,570734,10,1403,2,36000,1.00712758375
569328,569337,570316,9,979,2,36000,1.00919305414
569329,569342,570262,13,920,2,36000,1.01413043478
569366,569372,570234,6,862,2,36000,1.00696055684
569374,569380,571144,6,1764,2,36000,1.00340136054
569391,569397,570728,6,1331,2,36000,1.00450788881
569396,569403,570581,7,1178,2,36000,1.00594227504
569411,569417,570415,6,998,2,36000,1.00601202405
569426,569433,570535,7,1102,2,36000,1.00635208711
569441,569447,570437,6,990,2,36000,1.00606060606
569458,569464,570268,6,804,2,36000,1.00746268657
569464,569470,571266,6,1796,2,36000,1.00334075724
569526,569532,570391,6,859,2,36000,1.00698486612
569542,569548,570717,6,1169,2,36000,1.00513259196
569544,569554,570668,10,1114,2,36000,1.00897666068
569545,569559,570539,14,980,2,36000,1.01428571429
569561,569568,570521,7,953,2,36000,1.0073452256
569563,569573,570451,10,878,2,36000,1.01138952164
569564,569579,570575,15,996,2,36000,1.01506024096
569574,569585,571434,11,1849,2,36000,1.00594916171
569579,569590,570681,11,1091,2,36000,1.01008249313
569590,569596,571627,6,2031,2,36000,1.00295420975
569619,569625,571513,6,1888,2,36000,1.0031779661
569635,569642,571794,7,2152,2,36000,1.0032527881
569647,569654,570667,7,1013,2,36000,1.00691016782
569655,569660,571467,5,1807,2,36000,1.00276701716
569662,569668,570709,6,1041,2,36000,1.00576368876
569703,569709,570882,6,1173,2,36000,1.00511508951
569716,569722,570779,6,1057,2,36000,1.00567644276
569719,569728,570756,9,1028,2,36000,1.00875486381
569735,569746,570853,11,1107,2,36000,1.00993676603
569735,569741,571536,6,1795,2,36000,1.00334261838
569737,569752,570857,15,1105,2,36000,1.01357466063
569752,569758,571561,6,1803,2,36000,1.00332778702
569767,569774,570680,7,906,2,36000,1.00772626932
569792,569798,570865,6,1067,2,36000,1.00562324274
569796,569804,571523,8,1719,2,36000,1.00465386853
569819,569825,570943,6,1118,2,36000,1.0053667263
569826,569832,570998,6,1166,2,36000,1.0051457976
569842,569848,571538,6,1690,2,36000,1.00355029586
569843,569854,570843,11,989,2,36000,1.0111223458
569844,569860,570946,16,1086,2,36000,1.01473296501
569858,569865,571764,7,1899,2,36000,1.00368615061
569860,569871,570939,11,1068,2,36000,1.01029962547
569874,569880,571705,6,1825,2,36000,1.00328767123
569898,569904,570745,6,841,2,36000,1.00713436385
569913,569919,570918,6,999,2,36000,1.00600600601
569918,569925,571974,7,2049,2,36000,1.00341630063
569941,569947,570874,6,927,2,36000,1.00647249191
569965,569971,571776,6,1805,2,36000,1.00332409972
569966,569977,570993,11,1016,2,36000,1.01082677165
569981,569987,570998,6,1011,2,36000,1.0059347181
570006,570012,571712,6,1700,2,36000,1.00352941176
570035,570042,571869,7,1827,2,36000,1.00383141762
570052,570058,571088,6,1030,2,36000,1.00582524272
570064,570070,571141,6,1071,2,36000,1.0056022409
570099,570105,571628,6,1523,2,36000,1.00393959291
570129,570135,571337,6,1202,2,36000,1.00499168053
570130,570141,571043,11,902,2,36000,1.01219512195
570207,570213,571912,6,1699,2,36000,1.00353148911
570238,570245,571371,7,1126,2,36000,1.00621669627
570240,570251,571074,11,823,2,36000,1.01336573512
570245,570256,571977,11,1721,2,36000,1.00639163277
570247,570262,571976,15,1714,2,36000,1.00875145858
570261,570268,571162,7,894,2,36000,1.00782997763
570262,570273,571366,11,1093,2,36000,1.01006404392
570279,570285,571448,6,1163,2,36000,1.00515907137
570317,570323,571475,6,1152,2,36000,1.00520833333
570337,570343,571255,6,912,2,36000,1.00657894737
570366,570372,571578,6,1206,2,36000,1.00497512438
570393,570399,571297,6,898,2,36000,1.00668151448
570410,570416,571417,6,1001,2,36000,1.00599400599
570425,570431,571399,6,968,2,36000,1.00619834711
570432,570438,572221,6,1783,2,36000,1.00336511497
570452,570463,571129,11,666,2,36000,1.01651651652
570452,570458,572256,6,1798,2,36000,1.00333704116
570484,570490,571767,6,1277,2,36000,1.00469851214
570523,570529,571489,6,960,2,36000,1.00625
570535,570541,572281,6,1740,2,36000,1.00344827586
570539,570547,571607,8,1060,2,36000,1.00754716981
570541,570552,571419,11,867,2,36000,1.01268742791
570551,570558,572493,7,1935,2,36000,1.00361757106
570552,570563,572472,11,1909,2,36000,1.00576217915
570569,570575,572275,6,1700,2,36000,1.00352941176
570577,570583,571403,6,820,2,36000,1.00731707317
570585,570591,572430,6,1839,2,36000,1.00326264274
570593,570600,571640,7,1040,2,36000,1.00673076923
570669,570676,571706,7,1030,2,36000,1.0067961165
570671,570682,571664,11,982,2,36000,1.01120162933
570679,570688,572546,9,1858,2,36000,1.00484391819
570687,570694,571525,7,831,2,36000,1.00842358604
570688,570700,571745,12,1045,2,36000,1.01148325359
570702,570708,572535,6,1827,2,36000,1.00328407225
570710,570716,571721,6,1005,2,36000,1.00597014925
570727,570733,571879,6,1146,2,36000,1.00523560209
570731,570739,572527,8,1788,2,36000,1.00447427293
570745,570752,571594,7,842,2,36000,1.00831353919
570748,570758,572547,10,1789,2,36000,1.00558971492
570764,570771,572585,7,1814,2,36000,1.00385887541
570781,570787,572518,6,1731,2,36000,1.00346620451
570789,570795,571691,6,896,2,36000,1.00669642857
570800,570807,571829,7,1022,2,36000,1.00684931507
570836,570842,572773,6,1931,2,36000,1.00310719834
570850,570856,571831,6,975,2,36000,1.00615384615
570856,570862,572618,6,1756,2,36000,1.00341685649
570867,570873,572890,6,2017,2,36000,1.00297471492
570868,570879,571851,11,972,2,36000,1.01131687243
570870,570884,571840,14,956,2,36000,1.01464435146
570883,570891,572325,8,1434,2,36000,1.00557880056
570886,570897,572053,11,1156,2,36000,1.00951557093
570913,570919,572291,6,1372,2,36000,1.00437317784
570922,570929,572052,7,1123,2,36000,1.00623330365
570943,570949,571787,6,838,2,36000,1.00715990453
570946,570955,572439,9,1484,2,36000,1.00606469003
570960,570966,572189,6,1223,2,36000,1.00490596893
570963,570972,572677,9,1705,2,36000,1.00527859238
570987,570993,572769,6,1776,2,36000,1.00337837838
570993,570999,572072,6,1073,2,36000,1.0055917987
571003,571009,572852,6,1843,2,36000,1.00325556158
571010,571016,571923,6,907,2,36000,1.00661521499
571011,571022,572066,11,1044,2,36000,1.01053639847
571044,571050,572231,6,1181,2,36000,1.0050804403
571045,571056,572011,11,955,2,36000,1.01151832461
571062,571068,572866,6,1798,2,36000,1.00333704116
571075,571081,571888,6,807,2,36000,1.00743494424
571090,571096,572865,6,1769,2,36000,1.00339174675
571107,571113,573104,6,1991,2,36000,1.00301356102
571134,571140,571973,6,833,2,36000,1.00720288115
571138,571146,572661,8,1515,2,36000,1.00528052805
571150,571156,572042,6,886,2,36000,1.00677200903
571156,571162,572891,6,1729,2,36000,1.003470214
571167,571173,572315,6,1142,2,36000,1.00525394046
571192,571198,572988,6,1790,2,36000,1.00335195531
571272,571278,572360,6,1082,2,36000,1.00554528651
571273,571283,573139,10,1856,2,36000,1.00538793103
571303,571309,572299,6,990,2,36000,1.00606060606
571341,571347,572361,6,1014,2,36000,1.00591715976
571371,571377,572232,6,855,2,36000,1.00701754386
571372,571383,572428,11,1045,2,36000,1.01052631579
571409,571415,572427,6,1012,2,36000,1.00592885375
571410,571421,572288,11,867,2,36000,1.01268742791
571432,571438,572566,6,1128,2,36000,1.00531914894
571433,571444,572462,11,1018,2,36000,1.01080550098
571439,571449,573002,10,1553,2,36000,1.00643915003
571451,571457,572564,6,1107,2,36000,1.0054200542
571478,571484,573350,6,1866,2,36000,1.00321543408
571484,571490,572556,6,1066,2,36000,1.00562851782
571502,571508,572376,6,868,2,36000,1.0069124424
571518,571524,573211,6,1687,2,36000,1.00355660937
571526,571532,572750,6,1218,2,36000,1.00492610837
571536,571542,573485,6,1943,2,36000,1.00308800823
571554,571561,573358,7,1797,2,36000,1.00389538119
571556,571567,572610,11,1043,2,36000,1.01054650048
571574,571580,573417,6,1837,2,36000,1.00326619488
571584,571590,572543,6,953,2,36000,1.00629590766
571606,571612,572774,6,1162,2,36000,1.00516351119
571607,571618,572615,11,997,2,36000,1.0110330993
571629,571635,573334,6,1699,2,36000,1.00353148911
571630,571641,572639,11,998,2,36000,1.01102204409
571642,571648,572792,6,1144,2,36000,1.00524475524
571682,571688,572981,6,1293,2,36000,1.00464037123
571701,571707,572661,6,954,2,36000,1.00628930818
571709,571715,573480,6,1765,2,36000,1.00339943343
571718,571724,572711,6,987,2,36000,1.00607902736
571726,571732,573435,6,1703,2,36000,1.00352319436
571735,571741,572558,6,817,2,36000,1.00734394125
571752,571758,572733,6,975,2,36000,1.00615384615
571766,571772,573659,6,1887,2,36000,1.00317965024
571769,571778,572925,9,1147,2,36000,1.00784655623
571783,571789,573486,6,1697,2,36000,1.00353565115
571789,571795,572983,6,1188,2,36000,1.00505050505
571801,571807,573292,6,1485,2,36000,1.00404040404
571831,571837,572952,6,1115,2,36000,1.00538116592
571833,571843,572824,10,981,2,36000,1.01019367992
571849,571855,572867,6,1012,2,36000,1.00592885375
571865,571871,572859,6,988,2,36000,1.00607287449
571870,571877,573627,7,1750,2,36000,1.004
571886,571892,572730,6,838,2,36000,1.00715990453
571906,571912,572851,6,939,2,36000,1.00638977636
571914,571920,573746,6,1826,2,36000,1.00328587076
571925,571931,573158,6,1227,2,36000,1.00488997555
571974,571980,573081,6,1101,2,36000,1.00544959128
571978,571986,573913,8,1927,2,36000,1.00415153088
571979,571991,573698,12,1707,2,36000,1.00702987698
571980,571996,573642,16,1646,2,36000,1.00972053463
572008,572879,574607,871,1728,32,356400,1.50405092593
572013,572019,572938,6,919,2,36000,1.00652883569
572046,572052,573275,6,1223,2,36000,1.00490596893
572061,572067,573354,6,1287,2,36000,1.00466200466
572063,572073,572883,10,810,2,36000,1.01234567901
572091,572098,573091,7,993,2,36000,1.00704934542
572093,572104,573154,11,1050,2,36000,1.01047619048
572191,572197,573429,6,1232,2,36000,1.00487012987
572224,572230,574099,6,1869,2,36000,1.00321027287
572231,572237,572962,6,725,2,36000,1.00827586207
572243,572249,573687,6,1438,2,36000,1.00417246175
572259,572265,574159,6,1894,2,36000,1.00316789863
572278,572284,574075,6,1791,2,36000,1.00335008375
572304,572310,574117,6,1807,2,36000,1.00332042059
572306,572316,574021,10,1705,2,36000,1.00586510264
572320,572326,573289,6,963,2,36000,1.0062305296
572322,572332,573390,10,1058,2,36000,1.00945179584
572323,572337,573408,14,1071,2,36000,1.01307189542
572328,572343,574085,15,1742,2,36000,1.00861079219
572361,572371,573558,10,1187,2,36000,1.00842459983
572363,572377,573204,14,827,2,36000,1.0169286578
572382,572388,573370,6,982,2,36000,1.00610997963
572429,572438,573465,9,1027,2,36000,1.00876338851
572431,572444,573991,13,1547,2,36000,1.00840336134
572433,572449,573875,16,1426,2,36000,1.01122019635
572450,572456,574067,6,1611,2,36000,1.00372439479
572468,572474,573576,6,1102,2,36000,1.0054446461
572474,572483,573881,9,1398,2,36000,1.00643776824
572496,572504,574243,8,1739,2,36000,1.00460034503
572528,572534,574216,6,1682,2,36000,1.00356718193
572530,572546,573721,16,1175,2,36000,1.01361702128
572543,572554,573660,11,1106,2,36000,1.00994575045
572548,572560,574285,12,1725,2,36000,1.00695652174
572550,572566,574400,16,1834,2,36000,1.00872410033
572551,572572,574286,21,1714,2,36000,1.01225204201
572559,572577,573411,18,834,2,36000,1.02158273381
572561,572584,573852,23,1268,2,36000,1.01813880126
572577,572590,573463,13,873,2,36000,1.01489117984
572578,572596,573661,18,1065,2,36000,1.01690140845
572590,572622,574354,32,1732,2,36000,1.01847575058
572612,572629,574538,17,1909,2,36000,1.00890518596
572615,572650,573519,35,869,2,36000,1.04027617952
572628,572672,574489,44,1817,2,36000,1.02421574023
572644,572677,573815,33,1138,2,36000,1.02899824253
572662,572729,573798,67,1069,2,36000,1.06267539757
572664,572744,573957,80,1213,2,36000,1.06595218467
572680,572761,574151,81,1390,2,36000,1.05827338129
572728,572780,573643,52,863,2,36000,1.06025492468
572744,572787,573722,43,935,2,36000,1.04598930481
572745,572793,573622,48,829,2,36000,1.05790108565
572761,572804,573996,43,1192,2,36000,1.0360738255
572772,572894,574543,122,1649,2,36000,1.07398423287
572773,572900,574800,127,1900,2,36000,1.06684210526
572776,572907,573864,131,957,2,36000,1.1368861024
572796,572938,574071,142,1133,2,36000,1.1253309797
572824,572950,573996,126,1046,2,36000,1.12045889101
572853,572973,575051,120,2078,2,36000,1.05774783446
572853,572964,574052,111,1088,2,36000,1.10202205882
572868,572993,574026,125,1033,2,36000,1.12100677638
572869,573000,573972,131,972,2,36000,1.13477366255
572870,573006,574856,136,1850,2,36000,1.07351351351
572872,573013,574376,141,1363,2,36000,1.10344827586
572885,573093,574207,208,1114,2,36000,1.18671454219
572894,573102,574812,208,1710,2,36000,1.1216374269
572901,573115,574258,214,1143,2,36000,1.18722659668
572935,573150,574191,215,1041,2,36000,1.2065321806
572951,573166,574074,215,908,2,36000,1.23678414097
572956,573173,574819,217,1646,2,36000,1.13183475091
572966,573216,574143,250,927,2,36000,1.26968716289
572982,573223,574417,241,1194,2,36000,1.20184254606
572990,573287,575074,297,1787,2,36000,1.16620033576
572998,573300,574288,302,988,2,36000,1.30566801619
573007,573306,575142,299,1836,2,36000,1.1628540305
573082,573345,574394,263,1049,2,36000,1.25071496663
573108,573362,574379,254,1017,2,36000,1.24975417896
573109,573369,575261,260,1892,2,36000,1.13742071882
573144,573374,575268,230,1894,2,36000,1.12143611404
573156,573381,574632,225,1251,2,36000,1.17985611511
573172,573402,574449,230,1047,2,36000,1.21967526266
573207,573420,574437,213,1017,2,36000,1.20943952802
573212,573427,574890,215,1463,2,36000,1.14695830485
573277,573434,574465,157,1031,2,36000,1.15227934045
573293,573448,575178,155,1730,2,36000,1.08959537572
573293,573441,574635,148,1194,2,36000,1.12395309883
573347,573474,575210,127,1736,2,36000,1.07315668203
573356,573480,574565,124,1085,2,36000,1.11428571429
573365,573492,574541,127,1049,2,36000,1.12106768351
573366,573499,575489,133,1990,2,36000,1.06683417085
573372,573505,574458,133,953,2,36000,1.13955928646
573391,573530,574558,139,1028,2,36000,1.13521400778
573409,573569,574699,160,1130,2,36000,1.14159292035
573420,573587,575423,167,1836,2,36000,1.09095860566
573425,573633,574606,208,973,2,36000,1.21377183967
573437,573640,575517,203,1877,2,36000,1.10815130527
573441,573653,574454,212,801,2,36000,1.26466916355
573467,573659,574626,192,967,2,36000,1.19855222337
573468,573670,574582,202,912,2,36000,1.22149122807
573481,573676,575778,195,2102,2,36000,1.09276879163
573498,573682,575558,184,1876,2,36000,1.09808102345
573500,573699,575549,199,1850,2,36000,1.10756756757
573521,573710,574913,189,1203,2,36000,1.15710723192
573567,573732,574771,165,1039,2,36000,1.15880654475
573583,573739,574772,156,1033,2,36000,1.15101645692
573624,573758,574738,134,980,2,36000,1.13673469388
573628,573810,575601,182,1791,2,36000,1.10161920715
573645,573826,575554,181,1728,2,36000,1.10474537037
573647,573863,574821,216,958,2,36000,1.2254697286
573662,573876,575679,214,1803,2,36000,1.11869107044
573663,573886,575093,223,1207,2,36000,1.18475559238
573665,573893,574889,228,996,2,36000,1.22891566265
573689,573924,575068,235,1144,2,36000,1.20541958042
573705,573969,575687,264,1718,2,36000,1.15366705471
573721,573984,575187,263,1203,2,36000,1.21862011638
573722,574002,576020,280,2018,2,36000,1.13875123885
573753,574009,576082,256,2073,2,36000,1.12349252291
573799,574014,575037,215,1023,2,36000,1.21016617791
573817,574032,575734,215,1702,2,36000,1.12632197415
573853,574039,575162,186,1123,2,36000,1.16562778272
573868,574063,574979,195,916,2,36000,1.21288209607
573877,574078,575872,201,1794,2,36000,1.11204013378
573894,574085,575569,191,1484,2,36000,1.12870619946
573914,574092,575093,178,1001,2,36000,1.17782217782
573964,574097,575828,133,1731,2,36000,1.07683419988
573973,574104,575263,131,1159,2,36000,1.11302847282
573992,574110,574954,118,844,2,36000,1.13981042654
574008,574128,575092,120,964,2,36000,1.1244813278
574010,574154,575217,144,1063,2,36000,1.13546566322
574023,574163,576209,140,2046,2,36000,1.06842619746
574028,574170,575239,142,1069,2,36000,1.1328344247
574053,574203,575112,150,909,2,36000,1.16501650165
574068,574218,575928,150,1710,2,36000,1.08771929825
574073,574227,575215,154,988,2,36000,1.15587044534
574084,574254,576019,170,1765,2,36000,1.09631728045
574085,574269,576223,184,1954,2,36000,1.09416581372
574089,574297,575211,208,914,2,36000,1.22757111597
574102,574302,575952,200,1650,2,36000,1.12121212121
574119,574309,576133,190,1824,2,36000,1.10416666667
574145,574365,575320,220,955,2,36000,1.23036649215
574151,574387,576228,236,1841,2,36000,1.12819120043
574172,574393,576475,221,2082,2,36000,1.10614793468
574192,574405,575434,213,1029,2,36000,1.20699708455
574208,574411,575167,203,756,2,36000,1.26851851852
574217,574428,576192,211,1764,2,36000,1.11961451247
574247,574448,576133,201,1685,2,36000,1.11928783383
574259,574461,575494,202,1033,2,36000,1.19554695063
574289,574467,576135,178,1668,2,36000,1.1067146283
574290,574480,576205,190,1725,2,36000,1.11014492754
574290,574473,575496,183,1023,2,36000,1.1788856305
574360,574500,576224,140,1724,2,36000,1.08120649652
574380,574550,576507,170,1957,2,36000,1.08686765457
574380,574557,575689,177,1132,2,36000,1.15636042403
574397,574562,575487,165,925,2,36000,1.17837837838
574403,574569,576419,166,1850,2,36000,1.08972972973
574419,574576,575780,157,1204,2,36000,1.1303986711
574438,574593,575694,155,1101,2,36000,1.14078110808
574455,574617,575823,162,1206,2,36000,1.13432835821
574456,574624,575637,168,1013,2,36000,1.16584402764
574472,574629,575785,157,1156,2,36000,1.13581314879
574473,574635,575681,162,1046,2,36000,1.15487571702
574491,574640,576390,149,1750,2,36000,1.08514285714
574539,574645,576387,106,1742,2,36000,1.06084959816
574541,574650,576377,109,1727,2,36000,1.06311522872
574563,574655,576457,92,1802,2,36000,1.05105438402
574567,574661,575638,94,977,2,36000,1.09621289662
574568,574666,575826,98,1160,2,36000,1.08448275862
574584,574671,575813,87,1142,2,36000,1.0761821366
574605,574680,575754,75,1074,2,36000,1.06983240223
574627,574686,575618,59,932,2,36000,1.06330472103
574643,574692,575731,49,1039,2,36000,1.04716073147
574644,574697,575628,53,931,2,36000,1.05692803437
574700,574706,575585,6,879,2,36000,1.00682593857
574740,574746,575652,6,906,2,36000,1.00662251656
574774,574780,575599,6,819,2,36000,1.00732600733
574775,574786,575875,11,1089,2,36000,1.0101010101
574801,574807,575810,6,1003,2,36000,1.00598205384
574817,574823,576141,6,1318,2,36000,1.00455235205
574822,574829,575766,7,937,2,36000,1.00747065101
574835,574841,575982,6,1141,2,36000,1.00525854514
574857,574863,576771,6,1908,2,36000,1.00314465409
574890,574897,575856,7,959,2,36000,1.00729927007
574892,574903,577366,11,2463,2,36000,1.00446609825
574914,574921,575885,7,964,2,36000,1.00726141079
574956,574962,576020,6,1058,2,36000,1.0056710775
574981,574987,575840,6,853,2,36000,1.00703399766
575038,575044,576112,6,1068,2,36000,1.00561797753
575049,575056,576882,7,1826,2,36000,1.00383351588
575069,575075,577112,6,2037,2,36000,1.0029455081
575089,575095,576822,6,1727,2,36000,1.00347423277
575096,575102,576140,6,1038,2,36000,1.00578034682
575098,575108,575902,10,794,2,36000,1.01259445844
575105,575114,577045,9,1931,2,36000,1.00466079751
575113,575120,576036,7,916,2,36000,1.0076419214
575147,575153,576541,6,1388,2,36000,1.00432276657
575162,575168,576210,6,1042,2,36000,1.00575815739
575177,575183,576202,6,1019,2,36000,1.00588812561
575185,575191,577061,6,1870,2,36000,1.00320855615
575192,575198,576182,6,984,2,36000,1.00609756098
575214,575225,577067,11,1842,2,36000,1.00597176982
575214,575220,576138,6,918,2,36000,1.00653594771
575229,575236,576092,7,856,2,36000,1.00817757009
575231,575241,576355,10,1114,2,36000,1.00897666068
575246,575252,576294,6,1042,2,36000,1.00575815739
575264,575270,576099,6,829,2,36000,1.00723763571
575265,575276,576985,11,1709,2,36000,1.00643651258
575282,575288,577270,6,1982,2,36000,1.00302724521
575330,575336,576561,6,1225,2,36000,1.00489795918
575427,575433,577373,6,1940,2,36000,1.00309278351
575434,575440,576498,6,1058,2,36000,1.0056710775
575488,575494,576332,6,838,2,36000,1.00715990453
575490,575500,576764,10,1264,2,36000,1.00791139241
575503,575509,576410,6,901,2,36000,1.00665926748
575504,575515,576446,11,931,2,36000,1.01181525242
575522,575528,576980,6,1452,2,36000,1.0041322314
575555,575561,577325,6,1764,2,36000,1.00340136054
575556,575567,577295,11,1728,2,36000,1.00636574074
575573,575579,577324,6,1745,2,36000,1.00343839542
575574,575585,577454,11,1869,2,36000,1.00588550027
575585,575591,576495,6,904,2,36000,1.00663716814
575600,575606,576877,6,1271,2,36000,1.00472069237
575601,575612,576661,11,1049,2,36000,1.01048617731
575620,575626,576632,6,1006,2,36000,1.00596421471
575636,575642,576781,6,1139,2,36000,1.00526777875
575637,575648,576562,11,914,2,36000,1.01203501094
575639,575654,576472,15,818,2,36000,1.01833740831
575654,575659,576656,5,997,2,36000,1.00501504514
575681,575688,576603,7,915,2,36000,1.00765027322
575682,575693,577415,11,1722,2,36000,1.00638792102
575696,575703,576685,7,982,2,36000,1.00712830957
575698,575709,576681,11,972,2,36000,1.01131687243
575699,575715,577403,16,1688,2,36000,1.00947867299
575731,575737,576809,6,1072,2,36000,1.00559701493
575737,575743,577538,6,1795,2,36000,1.00334261838
575754,575761,576678,7,917,2,36000,1.00763358779
575771,575777,576947,6,1170,2,36000,1.00512820513
575782,575788,579006,6,3218,2,36000,1.00186451212
575786,575794,577145,8,1351,2,36000,1.0059215396
575788,575799,576875,11,1076,2,36000,1.01022304833
575811,575817,576945,6,1128,2,36000,1.00531914894
575815,575823,576696,8,873,2,36000,1.00916380298
575830,575836,577535,6,1699,2,36000,1.00353148911
575831,575842,577079,11,1237,2,36000,1.00889248181
575832,575847,576964,15,1117,2,36000,1.01342882722
575848,575853,576706,5,853,2,36000,1.00586166471
575863,575869,576790,6,921,2,36000,1.00651465798
575875,575881,576887,6,1006,2,36000,1.00596421471
575878,575887,576973,9,1086,2,36000,1.00828729282
575893,575899,577119,6,1220,2,36000,1.00491803279
575908,575914,577008,6,1094,2,36000,1.00548446069
575931,575937,576996,6,1059,2,36000,1.00566572238
575963,575969,577817,6,1848,2,36000,1.00324675325
575985,575991,577648,6,1657,2,36000,1.00362100181
576020,576027,578588,7,2561,2,36000,1.0027333073
576022,576034,578589,12,2555,2,36000,1.00469667319
576022,576039,576932,17,893,2,36000,1.01903695409
576037,576045,577034,8,989,2,36000,1.00808897877
576084,576090,577183,6,1093,2,36000,1.0054894785
576094,576101,576915,7,814,2,36000,1.0085995086
576110,576116,577037,6,921,2,36000,1.00651465798
576125,576131,578886,6,2755,2,36000,1.00217785844
576135,576141,577816,6,1675,2,36000,1.00358208955
576136,576147,578582,11,2435,2,36000,1.0045174538
576138,576153,577821,15,1668,2,36000,1.00899280576
576141,576158,577287,17,1129,2,36000,1.01505757307
576142,576164,578899,22,2735,2,36000,1.00804387569
576155,576169,578184,14,2015,2,36000,1.00694789082
576182,576188,577254,6,1066,2,36000,1.00562851782
576194,576200,577553,6,1353,2,36000,1.0044345898
576204,576210,577330,6,1120,2,36000,1.00535714286
576211,576216,577956,5,1740,2,36000,1.00287356322
576212,576222,578989,10,2767,2,36000,1.00361402241
576219,576228,577262,9,1034,2,36000,1.0087040619
576228,576234,577795,6,1561,2,36000,1.00384368994
576230,576240,578990,10,2750,2,36000,1.00363636364
576231,576245,578992,14,2747,2,36000,1.00509646888
576295,576301,577383,6,1082,2,36000,1.00554528651
576332,576338,577249,6,911,2,36000,1.00658616905
576356,576362,577278,6,916,2,36000,1.00655021834
576379,576385,577528,6,1143,2,36000,1.00524934383
576395,576401,577613,6,1212,2,36000,1.00495049505
576396,576407,577641,11,1234,2,36000,1.00891410049
576411,576417,577561,6,1144,2,36000,1.00524475524
576422,576429,578999,7,2570,2,36000,1.00272373541
576447,576454,577432,7,978,2,36000,1.00715746421
576461,576467,577666,6,1199,2,36000,1.00500417014
576475,576481,577558,6,1077,2,36000,1.00557103064
576477,576487,579001,10,2514,2,36000,1.00397772474
576497,576503,577319,6,816,2,36000,1.00735294118
576509,576515,579006,6,2491,2,36000,1.00240867122
576512,576521,577562,9,1041,2,36000,1.00864553314
576544,576550,578994,6,2444,2,36000,1.00245499182
576560,576567,577557,7,990,2,36000,1.00707070707
576575,576581,577706,6,1125,2,36000,1.00533333333
576606,576612,577625,6,1013,2,36000,1.00592300099
576633,576639,577564,6,925,2,36000,1.00648648649
576657,576664,577771,7,1107,2,36000,1.00632339657
576672,576678,577504,6,826,2,36000,1.00726392252
576688,576694,577612,6,918,2,36000,1.00653594771
576689,576700,577739,11,1039,2,36000,1.01058710298
576691,576705,577776,14,1071,2,36000,1.01307189542
576706,576711,577605,5,894,2,36000,1.00559284116
576707,576717,577690,10,973,2,36000,1.01027749229
576768,576774,579473,6,2699,2,36000,1.00222304557
576783,576789,578894,6,2105,2,36000,1.00285035629
576784,576795,579755,11,2960,2,36000,1.00371621622
576798,576804,577819,6,1015,2,36000,1.00591133005
576813,576819,578883,6,2064,2,36000,1.00290697674
576821,576828,579004,7,2176,2,36000,1.00321691176
576877,576883,578894,6,2011,2,36000,1.00298359025
576881,576889,579815,8,2926,2,36000,1.002734108
576897,576904,579824,7,2920,2,36000,1.00239726027
576899,576909,579090,10,2181,2,36000,1.00458505273
576916,576922,577810,6,888,2,36000,1.00675675676
576931,576938,578900,7,1962,2,36000,1.00356778797
576946,576953,578891,7,1938,2,36000,1.0036119711
576949,576959,579815,10,2856,2,36000,1.00350140056
576964,576971,578902,7,1931,2,36000,1.00362506473
576979,576985,578884,6,1899,2,36000,1.00315955766
576984,576991,579812,7,2821,2,36000,1.00248138958
577000,577007,579808,7,2801,2,36000,1.00249910746
577002,577013,579776,11,2763,2,36000,1.00398117988
577010,577019,578902,9,1883,2,36000,1.00477960701
577034,577040,578894,6,1854,2,36000,1.00323624595
577046,577052,579880,6,2828,2,36000,1.00212164074
577049,577058,578897,9,1839,2,36000,1.00489396411
577062,577069,579758,7,2689,2,36000,1.00260319821
577078,577084,579767,6,2683,2,36000,1.00223630265
577079,577090,578900,11,1810,2,36000,1.00607734807
577117,577123,579811,6,2688,2,36000,1.00223214286
577122,577129,578902,7,1773,2,36000,1.00394811055
577146,577152,578898,6,1746,2,36000,1.00343642612
577185,577192,579879,7,2687,2,36000,1.00260513584
577252,577259,578890,7,1631,2,36000,1.00429184549
577268,577273,578889,5,1616,2,36000,1.00309405941
577269,577279,578899,10,1620,2,36000,1.00617283951
577273,577284,579757,11,2473,2,36000,1.00444803882
577284,577290,578898,6,1608,2,36000,1.00373134328
577300,577306,578903,6,1597,2,36000,1.00375704446
577304,577312,579003,8,1691,2,36000,1.00473092844
577324,577330,578889,6,1559,2,36000,1.00384862091
577330,577336,579814,6,2478,2,36000,1.00242130751
577332,577342,579809,10,2467,2,36000,1.00405350628
577339,577348,578903,9,1555,2,36000,1.00578778135
577368,577374,579824,6,2450,2,36000,1.00244897959
577383,577390,578897,7,1507,2,36000,1.00464499005
577384,577395,579711,11,2316,2,36000,1.00474956822
577407,577413,579813,6,2400,2,36000,1.0025
577530,577536,579821,6,2285,2,36000,1.00262582057
577550,577556,579790,6,2234,2,36000,1.00268576544
577551,577562,579824,11,2262,2,36000,1.00486295314
577556,577567,579514,11,1947,2,36000,1.00564971751
577557,577574,578895,17,1321,2,36000,1.01286903861
577666,577672,579815,6,2143,2,36000,1.00279981335
577668,577678,579815,10,2137,2,36000,1.00467945718
577669,577683,579815,14,2132,2,36000,1.00656660413
577670,577688,579882,18,2194,2,36000,1.00820419325
577672,577694,579710,22,2016,2,36000,1.01091269841
577673,577700,579822,27,2122,2,36000,1.01272384543
577675,577705,580028,30,2323,2,36000,1.01291433491
577713,577719,579534,6,1815,2,36000,1.00330578512
577724,577731,579786,7,2055,2,36000,1.00340632603
577726,577737,579653,11,1916,2,36000,1.00574112735
577727,577742,579741,15,1999,2,36000,1.00750375188
577729,577748,579752,19,2004,2,36000,1.00948103792
577730,577753,579707,23,1954,2,36000,1.01177072671
577731,577758,579617,27,1859,2,36000,1.0145239376
577733,577764,579761,31,1997,2,36000,1.01552328493
577734,577769,579785,35,2016,2,36000,1.01736111111
577736,577775,579786,39,2011,2,36000,1.01939333665
578937,578943,580035,6,1092,2,36000,1.00549450549
578945,578951,580296,6,1345,2,36000,1.00446096654
578946,578957,579956,11,999,2,36000,1.01101101101
578948,578962,579862,14,900,2,36000,1.01555555556
578949,578967,580025,18,1058,2,36000,1.01701323251
578950,578973,580108,23,1135,2,36000,1.02026431718
578952,578979,580188,27,1209,2,36000,1.0223325062
579001,579007,580335,6,1328,2,36000,1.00451807229
579002,579013,580743,11,1730,2,36000,1.0063583815
579004,579019,580177,15,1158,2,36000,1.01295336788
579005,579024,580792,19,1768,2,36000,1.01074660633
579007,579029,580748,22,1719,2,36000,1.01279813845
579008,579035,581080,27,2045,2,36000,1.01320293399
579009,579046,579953,37,907,2,36000,1.0407938258
579009,579040,580836,31,1796,2,36000,1.01726057906
579011,579051,580140,40,1089,2,36000,1.03673094582
579011,579056,580790,45,1734,2,36000,1.02595155709
579012,579061,580041,49,980,2,36000,1.05
579012,579066,580980,54,1914,2,36000,1.02821316614
579013,579077,580905,64,1828,2,36000,1.03501094092
579013,579072,580145,59,1073,2,36000,1.0549860205
579015,579087,580190,72,1103,2,36000,1.06527651859
579015,579082,580299,67,1217,2,36000,1.05505341002
579016,579098,580083,82,985,2,36000,1.08324873096
579016,579093,580261,77,1168,2,36000,1.06592465753
579017,579103,580963,86,1860,2,36000,1.04623655914
579018,579108,580300,90,1192,2,36000,1.0755033557
579019,579113,580967,94,1854,2,36000,1.05070118662
579019,579119,580361,100,1242,2,36000,1.08051529791
579020,579124,580932,104,1808,2,36000,1.05752212389
579020,579129,580219,109,1090,2,36000,1.1
579021,579134,581196,113,2062,2,36000,1.05480116392
579022,579139,580323,117,1184,2,36000,1.09881756757
579023,579150,580384,127,1234,2,36000,1.10291734198
579023,579145,581117,122,1972,2,36000,1.06186612576
579024,579160,580273,136,1113,2,36000,1.12219227314
579024,579155,580663,131,1508,2,36000,1.08687002653
579026,579165,580081,139,916,2,36000,1.15174672489
579027,579171,580254,144,1083,2,36000,1.13296398892
579028,579176,580115,148,939,2,36000,1.15761448349
579030,579181,580401,151,1220,2,36000,1.1237704918
579031,579187,580362,156,1175,2,36000,1.13276595745
579032,579192,580272,160,1080,2,36000,1.14814814815
579033,579197,580219,164,1022,2,36000,1.16046966732
579035,579203,580286,168,1083,2,36000,1.15512465374
579037,579208,580181,171,973,2,36000,1.17574511819
579038,579213,580210,175,997,2,36000,1.17552657974
579050,579218,580844,168,1626,2,36000,1.10332103321
579095,579223,580355,128,1132,2,36000,1.11307420495
579498,579504,581259,6,1755,2,36000,1.00341880342
579538,579544,580515,6,971,2,36000,1.0061791967
579539,579550,580647,11,1097,2,36000,1.01002734731
579616,579622,580481,6,859,2,36000,1.00698486612
579678,579684,580898,6,1214,2,36000,1.00494233937
579745,579751,580881,6,1130,2,36000,1.00530973451
579746,579757,580685,11,928,2,36000,1.01185344828
579768,579774,580973,6,1199,2,36000,1.00500417014
579769,579780,581145,11,1365,2,36000,1.00805860806
579770,579785,581669,15,1884,2,36000,1.00796178344
579772,579791,581572,19,1781,2,36000,1.01066816395
579773,579796,581634,23,1838,2,36000,1.01251360174
579775,579801,581615,26,1814,2,36000,1.01433296582
579881,579887,580812,6,925,2,36000,1.00648648649
579883,579893,581782,10,1889,2,36000,1.00529380625
579884,579903,581883,19,1980,2,36000,1.0095959596
579884,579898,580756,14,858,2,36000,1.01631701632
579885,579909,580869,24,960,2,36000,1.025
579886,579914,581899,28,1985,2,36000,1.01410579345
579886,579919,580868,33,949,2,36000,1.03477344573
579887,579924,581720,37,1796,2,36000,1.0206013363
579888,579930,581041,42,1111,2,36000,1.03780378038
579888,579935,581036,47,1101,2,36000,1.04268846503
579889,579941,580869,52,928,2,36000,1.05603448276
579890,579946,581880,56,1934,2,36000,1.02895553257
579891,579951,581979,60,2028,2,36000,1.02958579882
579892,579956,581716,64,1760,2,36000,1.03636363636
579894,579961,581756,67,1795,2,36000,1.03732590529
579895,579967,581900,72,1933,2,36000,1.03724780135
579896,579972,581682,76,1710,2,36000,1.04444444444
579898,579977,581304,79,1327,2,36000,1.05953278071
579899,579982,581666,83,1684,2,36000,1.04928741093
579901,579987,582000,86,2013,2,36000,1.04272230502
579902,579993,581758,91,1765,2,36000,1.05155807365
579903,579998,581772,95,1774,2,36000,1.05355129651
579905,580003,581235,98,1232,2,36000,1.07954545455
579906,580008,581882,102,1874,2,36000,1.05442902882
579908,580013,581838,105,1825,2,36000,1.05753424658
579909,580019,581327,110,1308,2,36000,1.08409785933
579910,580024,581936,114,1912,2,36000,1.05962343096
580077,580083,581197,6,1114,2,36000,1.00538599641
580078,580089,581160,11,1071,2,36000,1.01027077498
580080,580094,581347,14,1253,2,36000,1.01117318436
580084,580100,581225,16,1125,2,36000,1.01422222222
580086,580105,581504,19,1399,2,36000,1.01358112938
580105,580112,581375,7,1263,2,36000,1.00554235946
580106,580117,581068,11,951,2,36000,1.01156677182
580108,580123,581247,15,1124,2,36000,1.01334519573
580126,580132,581171,6,1039,2,36000,1.00577478345
580128,580138,581367,10,1229,2,36000,1.0081366965
580144,580150,581273,6,1123,2,36000,1.0053428317
580159,580166,581348,7,1182,2,36000,1.00592216582
580180,580186,582423,6,2237,2,36000,1.00268216361
580181,580192,580965,11,773,2,36000,1.01423027167
580263,580269,581440,6,1171,2,36000,1.00512382579
580264,580275,581419,11,1144,2,36000,1.00961538462
580265,580280,581360,15,1080,2,36000,1.01388888889
580267,580286,581167,19,881,2,36000,1.02156640182
580268,580291,581249,23,958,2,36000,1.02400835073
580269,580296,581237,27,941,2,36000,1.02869287991
580289,580302,582031,13,1729,2,36000,1.00751879699
580355,580361,582279,6,1918,2,36000,1.0031282586
580356,580367,581515,11,1148,2,36000,1.00958188153
580358,580372,582000,14,1628,2,36000,1.0085995086
580382,580389,581167,7,778,2,36000,1.00899742931
580384,580395,581406,11,1011,2,36000,1.01088031652
580385,580400,581509,15,1109,2,36000,1.01352569883
580386,580405,581511,19,1106,2,36000,1.01717902351
580388,580411,581245,23,834,2,36000,1.02757793765
580389,580416,581550,27,1134,2,36000,1.02380952381
580391,580422,581359,31,937,2,36000,1.03308431163
580392,580427,581421,35,994,2,36000,1.03521126761
580591,580597,581686,6,1089,2,36000,1.00550964187
580592,580603,581793,11,1190,2,36000,1.00924369748
580594,580608,581805,14,1197,2,36000,1.01169590643
580595,580614,581689,19,1075,2,36000,1.0176744186
580650,580656,581677,6,1021,2,36000,1.00587659158
580669,580675,582167,6,1492,2,36000,1.00402144772
580697,580703,581838,6,1135,2,36000,1.00528634361
580785,580791,582571,6,1780,2,36000,1.00337078652
580786,580797,582818,11,2021,2,36000,1.00544285007
580796,580803,581924,7,1121,2,36000,1.00624442462
580836,580842,581741,6,899,2,36000,1.00667408231
580845,580851,582618,6,1767,2,36000,1.00339558574
580847,580857,582676,10,1819,2,36000,1.00549752611
580848,580862,582350,14,1488,2,36000,1.00940860215
580850,580868,582787,18,1919,2,36000,1.00937988536
580934,580940,582135,6,1195,2,36000,1.0050209205
580935,580946,582850,11,1904,2,36000,1.00577731092
580951,580957,581923,6,966,2,36000,1.00621118012
580952,580963,582264,11,1301,2,36000,1.00845503459
580953,580968,581795,15,827,2,36000,1.01813784764
580955,580974,581922,19,948,2,36000,1.02004219409
580957,580979,582072,22,1093,2,36000,1.02012808783
581063,581069,582014,6,945,2,36000,1.00634920635
581064,581075,582340,11,1265,2,36000,1.00869565217
581077,581083,583187,6,2104,2,36000,1.00285171103
581078,581089,582854,11,1765,2,36000,1.00623229462
581080,581094,583030,14,1936,2,36000,1.00723140496
581081,581100,582554,19,1454,2,36000,1.01306740028
581082,581105,583193,23,2088,2,36000,1.01101532567
581106,581112,582115,6,1003,2,36000,1.00598205384
581149,581155,583050,6,1895,2,36000,1.00316622691
581150,581161,582895,11,1734,2,36000,1.00634371396
581152,581166,583494,14,2328,2,36000,1.0060137457
581170,581177,582100,7,923,2,36000,1.00758396533
581172,581183,582525,11,1342,2,36000,1.00819672131
581173,581189,582368,16,1179,2,36000,1.01357082273
581203,581209,583213,6,2004,2,36000,1.00299401198
581205,581215,582514,10,1299,2,36000,1.00769822941
581206,581220,582118,14,898,2,36000,1.01559020045
581225,581231,582323,6,1092,2,36000,1.00549450549
581238,581244,583318,6,2074,2,36000,1.00289296046
581240,581250,582371,10,1121,2,36000,1.0089206066
581256,581262,582577,6,1315,2,36000,1.00456273764
581257,581268,582353,11,1085,2,36000,1.01013824885
581259,581273,582198,14,925,2,36000,1.01513513514
581261,581279,583192,18,1913,2,36000,1.00940930476
581349,581356,583094,7,1738,2,36000,1.00402761795
581351,581362,583497,11,2135,2,36000,1.00515222482
581357,581368,582587,11,1219,2,36000,1.00902378999
581359,581373,582521,14,1148,2,36000,1.01219512195
581360,581379,582548,19,1169,2,36000,1.01625320787
581438,581444,582573,6,1129,2,36000,1.00531443756
581440,581450,582425,10,975,2,36000,1.01025641026
581440,581455,583359,15,1904,2,36000,1.00787815126
581441,581460,582334,19,874,2,36000,1.02173913043
581443,581465,582705,22,1240,2,36000,1.01774193548
581444,581471,582902,27,1431,2,36000,1.01886792453
581446,581477,582339,31,862,2,36000,1.03596287703
581551,581558,583446,7,1888,2,36000,1.00370762712
581565,581571,582650,6,1079,2,36000,1.00556070436
581566,581577,582534,11,957,2,36000,1.01149425287
581568,581582,582583,14,1001,2,36000,1.01398601399
581569,581588,582933,19,1345,2,36000,1.01412639405
581571,581593,582764,22,1171,2,36000,1.01878736123
581617,581623,583496,6,1873,2,36000,1.00320341698
581619,581629,583488,10,1859,2,36000,1.00537923615
581689,581695,583575,6,1880,2,36000,1.00319148936
581690,581701,583491,11,1790,2,36000,1.0061452514
581691,581706,583489,15,1783,2,36000,1.00841278744
581693,581711,583733,18,2022,2,36000,1.00890207715
581746,581752,583310,6,1558,2,36000,1.00385109114
581748,581758,583500,10,1742,2,36000,1.00574052813
581754,581764,582700,10,936,2,36000,1.01068376068
581755,581769,582728,14,959,2,36000,1.01459854015
581757,581774,582912,17,1138,2,36000,1.01493848858
581758,581779,583038,21,1259,2,36000,1.01667990469
581772,581786,583637,14,1851,2,36000,1.0075634792
581773,581792,583724,19,1932,2,36000,1.00983436853
581775,581797,583574,22,1777,2,36000,1.01238041643
581793,581803,583571,10,1768,2,36000,1.0056561086
581793,581808,582837,15,1029,2,36000,1.01457725948
581808,581814,582833,6,1019,2,36000,1.00588812561
581809,581820,583486,11,1666,2,36000,1.00660264106
581903,581909,583944,6,2035,2,36000,1.00294840295
581905,581915,583722,10,1807,2,36000,1.00553403431
581906,581920,583955,14,2035,2,36000,1.00687960688
581907,581926,583950,19,2024,2,36000,1.00938735178
581925,581932,583186,7,1254,2,36000,1.00558213716
581926,581937,582895,11,958,2,36000,1.0114822547
581928,581943,582862,15,919,2,36000,1.01632208923
581929,581948,583233,19,1285,2,36000,1.01478599222
581997,582004,584054,7,2050,2,36000,1.00341463415
581999,582009,583493,10,1484,2,36000,1.00673854447
582001,582015,583948,14,1933,2,36000,1.00724262804
582002,582021,583973,19,1952,2,36000,1.00973360656
582067,582073,583235,6,1162,2,36000,1.00516351119
582083,582090,583194,7,1104,2,36000,1.00634057971
582085,582096,583949,11,1853,2,36000,1.00593631948
582086,582101,584180,15,2079,2,36000,1.00721500722
582144,582150,583945,6,1795,2,36000,1.00334261838
582146,582156,583236,10,1080,2,36000,1.00925925926
582147,582161,583081,14,920,2,36000,1.0152173913
582148,582167,583185,19,1018,2,36000,1.01866404715
582181,582188,584062,7,1874,2,36000,1.00373532551
582183,582194,584183,11,1989,2,36000,1.0055304173
582288,582294,583498,6,1204,2,36000,1.0049833887
582310,582316,583499,6,1183,2,36000,1.00507185123
582311,582322,583290,11,968,2,36000,1.01136363636
582340,582346,583395,6,1049,2,36000,1.00571973308
582341,582352,583384,11,1032,2,36000,1.01065891473
582344,582357,583291,13,934,2,36000,1.01391862955
582345,582363,583474,18,1111,2,36000,1.01620162016
582353,582369,584250,16,1881,2,36000,1.00850611377
582364,582375,583492,11,1117,2,36000,1.00984780662
582380,582386,583397,6,1011,2,36000,1.0059347181
582382,582392,583470,10,1078,2,36000,1.00927643785
582479,582485,583729,6,1244,2,36000,1.00482315113
582513,582519,583564,6,1045,2,36000,1.00574162679
582578,582583,583515,5,932,2,36000,1.00536480687
582579,582590,583942,11,1352,2,36000,1.00813609467
582580,582595,583987,15,1392,2,36000,1.01077586207
582583,582600,583631,17,1031,2,36000,1.01648884578
582584,582606,583436,22,830,2,36000,1.0265060241
582586,582612,583551,26,939,2,36000,1.02768903088
582600,582617,584728,17,2111,2,36000,1.00805305542
582601,582623,584768,22,2145,2,36000,1.01025641026
582687,583525,591609,838,8084,32,356400,1.10366155369
582694,582700,584766,6,2066,2,36000,1.00290416263
582695,582706,584727,11,2021,2,36000,1.00544285007
582696,582711,583947,15,1236,2,36000,1.01213592233
582697,582717,583950,20,1233,2,36000,1.01622060016
582700,582722,583617,22,895,2,36000,1.02458100559
582702,582728,584079,26,1351,2,36000,1.0192450037
582820,582826,584760,6,1934,2,36000,1.00310237849
582821,582832,584761,11,1929,2,36000,1.0057024365
582828,582838,583972,10,1134,2,36000,1.00881834215
582829,582843,584080,14,1237,2,36000,1.01131770412
582831,582848,584078,17,1230,2,36000,1.01382113821
582834,582855,583969,21,1114,2,36000,1.01885098743
582863,582869,584131,6,1262,2,36000,1.00475435816
582865,582880,584211,15,1331,2,36000,1.01126972201
582865,582875,583943,10,1068,2,36000,1.00936329588
582866,582886,584120,20,1234,2,36000,1.01620745543
582866,582891,584782,25,1891,2,36000,1.01322051824
582898,582905,584138,7,1233,2,36000,1.00567721006
582900,582910,584774,10,1864,2,36000,1.00536480687
582914,582920,583946,6,1026,2,36000,1.00584795322
582915,582926,584155,11,1229,2,36000,1.00895036615
582934,582940,584399,6,1459,2,36000,1.00411240576
583056,583062,584139,6,1077,2,36000,1.00557103064
583093,583100,585262,7,2162,2,36000,1.00323774283
583095,583106,584952,11,1846,2,36000,1.0059588299
583186,583193,585127,7,1934,2,36000,1.00361944157
583235,583242,584302,7,1060,2,36000,1.00660377358
583237,583248,584339,11,1091,2,36000,1.01008249313
583238,583254,584463,16,1209,2,36000,1.01323407775
583354,583360,584674,6,1314,2,36000,1.00456621005
583356,583366,585080,10,1714,2,36000,1.00583430572
583361,583372,585321,11,1949,2,36000,1.00564391996
583362,583377,585254,15,1877,2,36000,1.00799147576
583364,583383,585353,19,1970,2,36000,1.00964467005
583365,583388,584777,23,1389,2,36000,1.01655867531
583367,583393,585960,26,2567,2,36000,1.01012855473
583478,583484,584813,6,1329,2,36000,1.00451467269
583485,583491,584738,6,1247,2,36000,1.00481154771
583486,583497,584673,11,1176,2,36000,1.0093537415
583488,583502,584693,14,1191,2,36000,1.01175482788
583489,583507,584748,18,1241,2,36000,1.01450443191
583490,583512,584537,22,1025,2,36000,1.02146341463
583491,583518,585248,27,1730,2,36000,1.01560693642
583492,583530,584781,38,1251,2,36000,1.03037569944
583493,583535,585254,42,1719,2,36000,1.02443280977
583493,583540,585001,47,1461,2,36000,1.03216974675
583494,583545,585319,51,1774,2,36000,1.02874859076
583495,583556,585344,61,1788,2,36000,1.0341163311
583495,583551,584843,56,1292,2,36000,1.04334365325
583496,583561,584810,65,1249,2,36000,1.05204163331
583497,583566,585384,69,1818,2,36000,1.03795379538
583498,583571,584711,73,1140,2,36000,1.06403508772
583517,583577,585421,60,1844,2,36000,1.03253796095
583518,583589,585488,71,1899,2,36000,1.037388099
583518,583582,584838,64,1256,2,36000,1.05095541401
583519,583599,585592,80,1993,2,36000,1.04014049172
583519,583594,584799,75,1205,2,36000,1.0622406639
583520,583604,584878,84,1274,2,36000,1.06593406593
583521,583609,585467,88,1858,2,36000,1.04736275565
583522,583634,585685,112,2051,2,36000,1.05460750853
583522,583615,585026,93,1411,2,36000,1.06591070163
583523,583648,585655,125,2007,2,36000,1.06228201295
583553,583657,585092,104,1435,2,36000,1.0724738676
583568,583733,584856,165,1123,2,36000,1.14692787177
583574,583739,585895,165,2156,2,36000,1.07653061224
583576,583764,584845,188,1081,2,36000,1.17391304348
583577,583785,585758,208,1973,2,36000,1.10542321338
583975,583986,585918,11,1932,2,36000,1.00569358178
583975,583980,585132,5,1152,2,36000,1.00434027778
583976,583992,585774,16,1782,2,36000,1.00897867565
583976,583997,585010,21,1013,2,36000,1.02073050346
583977,584002,585843,25,1841,2,36000,1.01357957632
583978,584008,585011,30,1003,2,36000,1.02991026919
583979,584018,585230,39,1212,2,36000,1.03217821782
583979,584013,585192,34,1179,2,36000,1.0288379983
583980,584028,585250,48,1222,2,36000,1.03927986907
583980,584023,585890,43,1867,2,36000,1.0230316015
583982,584039,585094,57,1055,2,36000,1.05402843602
583982,584034,585817,52,1783,2,36000,1.02916432978
583983,584049,585209,66,1160,2,36000,1.05689655172
583983,584044,585770,61,1726,2,36000,1.03534183082
583985,584073,585368,88,1295,2,36000,1.06795366795
583985,584065,586764,80,2699,2,36000,1.02964060763
583986,584055,586046,69,1991,2,36000,1.03465595178
583987,584089,585842,102,1753,2,36000,1.05818596691
584055,584096,586018,41,1922,2,36000,1.02133194589
584057,584101,585893,44,1792,2,36000,1.02455357143
584058,584131,585227,73,1096,2,36000,1.06660583942
584060,584142,585397,82,1255,2,36000,1.06533864542
584061,584149,585238,88,1089,2,36000,1.08080808081
584079,584156,586059,77,1903,2,36000,1.04046242775
584107,584167,585111,60,944,2,36000,1.06355932203
584109,584191,585123,82,932,2,36000,1.08798283262
584110,584198,585264,88,1066,2,36000,1.08255159475
584127,584222,585280,95,1058,2,36000,1.08979206049
584144,584262,585290,118,1028,2,36000,1.11478599222
584146,584314,585444,168,1130,2,36000,1.14867256637
584147,584351,585294,204,943,2,36000,1.21633085896
584164,584410,585500,246,1090,2,36000,1.22568807339
584185,584474,586393,289,1919,2,36000,1.15059927045
584186,584549,586393,363,1844,2,36000,1.19685466377
584253,584685,586265,432,1580,2,36000,1.27341772152
584255,584691,586752,436,2061,2,36000,1.21154779233
584374,584704,585781,330,1077,2,36000,1.30640668524
584394,584723,585871,329,1148,2,36000,1.28658536585
584460,584738,585954,278,1216,2,36000,1.22861842105
584523,584744,585732,221,988,2,36000,1.22368421053
584587,584751,585888,164,1137,2,36000,1.14423922603
584683,584760,585766,77,1006,2,36000,1.07654075547
584687,584772,586394,85,1622,2,36000,1.05240443896
584702,584777,585947,75,1170,2,36000,1.0641025641
584722,584784,585766,62,982,2,36000,1.06313645621
584732,584789,586872,57,2083,2,36000,1.0273643783
584734,584796,585896,62,1100,2,36000,1.05636363636
584738,584801,585890,63,1089,2,36000,1.05785123967
584754,584806,585956,52,1150,2,36000,1.0452173913
584763,584812,586656,49,1844,2,36000,1.02657266811
584765,584818,586707,53,1889,2,36000,1.02805717311
584785,584825,585894,40,1069,2,36000,1.0374181478
584787,584830,586701,43,1871,2,36000,1.02298236237
584789,584849,586637,60,1788,2,36000,1.03355704698
584790,584855,586602,65,1747,2,36000,1.03720663995
584791,584861,585955,70,1094,2,36000,1.06398537477
584792,584867,586813,75,1946,2,36000,1.03854059609
584801,584890,586147,89,1257,2,36000,1.0708035004
584881,584964,586814,83,1850,2,36000,1.04486486486
584887,585019,586187,132,1168,2,36000,1.11301369863
584888,585025,586008,137,983,2,36000,1.13936927772
584890,585030,586126,140,1096,2,36000,1.12773722628
584891,585056,586019,165,963,2,36000,1.17133956386
584892,585091,585915,199,824,2,36000,1.24150485437
584947,585107,585989,160,882,2,36000,1.18140589569
584986,585112,586280,126,1168,2,36000,1.10787671233
585131,585137,587223,6,2086,2,36000,1.00287631831
585132,585143,586111,11,968,2,36000,1.01136363636
585253,585259,586391,6,1132,2,36000,1.00530035336
585255,585265,587250,10,1985,2,36000,1.00503778338
585261,585271,586546,10,1275,2,36000,1.00784313725
585263,585276,586502,13,1226,2,36000,1.01060358891
585264,585282,586492,18,1210,2,36000,1.01487603306
585266,585287,586569,21,1282,2,36000,1.01638065523
585267,585293,586487,26,1194,2,36000,1.02177554439
585268,585299,586544,31,1245,2,36000,1.02489959839
585270,585304,586506,34,1202,2,36000,1.02828618968
585271,585309,586508,38,1199,2,36000,1.03169307756
585273,585314,586504,41,1190,2,36000,1.03445378151
585274,585319,586481,45,1162,2,36000,1.03872633391
585275,585325,586527,50,1202,2,36000,1.04159733777
585277,585330,586534,53,1204,2,36000,1.04401993355
585279,585336,586484,57,1148,2,36000,1.04965156794
585280,585342,586485,62,1143,2,36000,1.0542432196
585288,585347,587492,59,2145,2,36000,1.02750582751
585289,585352,586574,63,1222,2,36000,1.05155482815
585290,585359,587243,69,1884,2,36000,1.03662420382
585323,585366,587477,43,2111,2,36000,1.02036949313
585324,585380,587273,56,1893,2,36000,1.02958267301
585328,585396,586482,68,1086,2,36000,1.06261510129
585329,585409,587289,80,1880,2,36000,1.04255319149
585330,585432,586484,102,1052,2,36000,1.0969581749
585332,585457,586547,125,1090,2,36000,1.11467889908
585345,585481,587372,136,1891,2,36000,1.07191961925
585367,585499,587428,132,1929,2,36000,1.06842923795
585368,585516,586742,148,1226,2,36000,1.1207177814
585388,585603,587087,215,1484,2,36000,1.1448787062
585449,585666,586559,217,893,2,36000,1.24300111982
585450,585700,586639,250,939,2,36000,1.26624068158
585471,585747,587843,276,2096,2,36000,1.13167938931
585473,585772,587885,299,2113,2,36000,1.14150496924
585593,585779,586696,186,917,2,36000,1.20283533261
585593,585786,587335,193,1549,2,36000,1.12459651388
585594,585791,587702,197,1911,2,36000,1.1030873888
585764,585797,587651,33,1854,2,36000,1.01779935275
585766,585803,587373,37,1570,2,36000,1.02356687898
585832,585838,586890,6,1052,2,36000,1.00570342205
585834,585854,587070,20,1216,2,36000,1.01644736842
585835,585861,586989,26,1128,2,36000,1.02304964539
585837,585884,587242,47,1358,2,36000,1.03460972018
585910,585916,587647,6,1731,2,36000,1.00346620451
585912,585922,587865,10,1943,2,36000,1.00514668039
585913,585927,587919,14,1992,2,36000,1.00702811245
585914,585933,587836,19,1903,2,36000,1.00998423542
585917,585938,588039,21,2101,2,36000,1.00999524036
585918,585944,587749,26,1805,2,36000,1.01440443213
585919,585949,587789,30,1840,2,36000,1.01630434783
585921,585955,588215,34,2260,2,36000,1.01504424779
585922,585960,587887,38,1927,2,36000,1.01971977167
585923,585966,588572,43,2606,2,36000,1.01650038373
585959,585971,587182,12,1211,2,36000,1.00990916598
585960,585976,587291,16,1315,2,36000,1.01216730038
585962,585983,587184,21,1201,2,36000,1.01748542881
585963,585989,587085,26,1096,2,36000,1.02372262774
585965,586002,586873,37,871,2,36000,1.04247990815
585966,586019,587286,53,1267,2,36000,1.04183109708
585967,586029,587300,62,1271,2,36000,1.0487804878
585969,586036,587236,67,1200,2,36000,1.05583333333
585978,586058,588064,80,2006,2,36000,1.03988035892
585980,586070,587538,90,1468,2,36000,1.06130790191
585981,586123,588106,142,1983,2,36000,1.07160867373
585994,586137,587181,143,1044,2,36000,1.13697318008
586009,586166,587180,157,1014,2,36000,1.15483234714
586021,586203,588555,182,2352,2,36000,1.07738095238
586025,586283,587512,258,1229,2,36000,1.20992676973
586047,586292,588366,245,2074,2,36000,1.1181292189
586064,586402,588099,338,1697,2,36000,1.19917501473
586158,586409,588411,251,2002,2,36000,1.12537462537
586166,586415,587615,249,1200,2,36000,1.2075
586168,586420,587610,252,1190,2,36000,1.21176470588
586410,586500,588384,90,1884,2,36000,1.04777070064
586411,586505,588562,94,2057,2,36000,1.04569761789
586412,586510,588404,98,1894,2,36000,1.05174234424
586414,586515,588390,101,1875,2,36000,1.05386666667
586415,586520,588454,105,1934,2,36000,1.05429162358
586417,586527,588378,110,1851,2,36000,1.05942733657
586482,586533,587834,51,1301,2,36000,1.03920061491
586590,586596,587614,6,1018,2,36000,1.00589390963
586591,586602,587513,11,911,2,36000,1.01207464325
586593,586607,588237,14,1630,2,36000,1.00858895706
586594,586613,587867,19,1254,2,36000,1.01515151515
586595,586618,587840,23,1222,2,36000,1.01882160393
586596,586623,587609,27,986,2,36000,1.02738336714
586598,586629,587644,31,1015,2,36000,1.03054187192
586600,586634,588484,34,1850,2,36000,1.01837837838
586601,586639,587704,38,1065,2,36000,1.03568075117
586602,586645,587761,43,1116,2,36000,1.03853046595
586604,586655,588574,51,1919,2,36000,1.02657634184
586604,586650,587646,46,996,2,36000,1.04618473896
586605,586667,588585,62,1918,2,36000,1.03232533889
586605,586660,587760,55,1100,2,36000,1.05
586606,586672,587764,66,1092,2,36000,1.06043956044
586608,586677,587803,69,1126,2,36000,1.06127886323
586609,586707,587613,98,906,2,36000,1.10816777042
586610,586714,587620,104,906,2,36000,1.11479028698
586612,586721,587687,109,966,2,36000,1.11283643892
586613,586753,588264,140,1511,2,36000,1.09265387161
586641,586765,588127,124,1362,2,36000,1.09104258443
586644,586775,587791,131,1016,2,36000,1.12893700787
586658,586824,588785,166,1961,2,36000,1.08465068842
586765,586831,587906,66,1075,2,36000,1.06139534884
586767,586883,588126,116,1243,2,36000,1.0933226066
586771,586890,588677,119,1787,2,36000,1.06659205372
586772,586901,588660,129,1759,2,36000,1.07333712337
586774,587004,588801,230,1797,2,36000,1.12799109627
586775,587083,588374,308,1291,2,36000,1.23857474826
586879,587098,588989,219,1891,2,36000,1.11581173982
586881,587110,589165,229,2055,2,36000,1.11143552311
586882,587191,589187,309,1996,2,36000,1.15480961924
586907,587198,588262,291,1064,2,36000,1.2734962406
586908,587203,588493,295,1290,2,36000,1.22868217054
587079,587209,588179,130,970,2,36000,1.13402061856
587246,587252,588467,6,1215,2,36000,1.0049382716
587247,587257,589366,10,2109,2,36000,1.00474158369
587248,587264,588256,16,992,2,36000,1.01612903226
587248,587269,588840,21,1571,2,36000,1.01336728199
587249,587284,588331,35,1047,2,36000,1.03342884432
587249,587275,588573,26,1298,2,36000,1.02003081664
587251,587298,588303,47,1005,2,36000,1.04676616915
587252,587304,588422,52,1118,2,36000,1.04651162791
587253,587310,588306,57,996,2,36000,1.05722891566
587255,587316,588391,61,1075,2,36000,1.05674418605
587256,587375,588747,119,1372,2,36000,1.08673469388
587266,587387,589196,121,1809,2,36000,1.06688778331
587283,587394,589152,111,1758,2,36000,1.06313993174
587290,587482,588694,192,1212,2,36000,1.15841584158
587291,587489,588507,198,1018,2,36000,1.19449901768
587293,587494,588527,201,1033,2,36000,1.19457889642
587309,587500,588570,191,1070,2,36000,1.1785046729
587515,587521,589389,6,1868,2,36000,1.00321199143
587517,587527,589251,10,1724,2,36000,1.00580046404
587546,587551,589374,5,1823,2,36000,1.00274273176
587597,587603,588741,6,1138,2,36000,1.00527240773
587599,587609,589527,10,1918,2,36000,1.00521376434
587601,587614,589496,13,1882,2,36000,1.00690754516
587624,587630,588692,6,1062,2,36000,1.00564971751
587626,587636,588544,10,908,2,36000,1.01101321586
587627,587641,588612,14,971,2,36000,1.01441812564
587628,587646,588593,18,947,2,36000,1.01900739176
587630,587652,588573,22,921,2,36000,1.02388707926
587632,587658,588744,26,1086,2,36000,1.02394106814
587633,587663,588784,30,1121,2,36000,1.0267618198
587739,587746,589821,7,2075,2,36000,1.00337349398
587741,587751,589096,10,1345,2,36000,1.00743494424
587742,587757,589546,15,1789,2,36000,1.00838457239
587841,587847,589223,6,1376,2,36000,1.00436046512
587842,587853,589616,11,1763,2,36000,1.00623936472
587843,587858,589687,15,1829,2,36000,1.00820120284
587845,587864,589227,19,1363,2,36000,1.01393983859
587859,587870,588841,11,971,2,36000,1.01132852729
587860,587875,589462,15,1587,2,36000,1.00945179584
587862,587881,589062,19,1181,2,36000,1.01608806097
587863,587886,588975,23,1089,2,36000,1.02112029385
587865,587892,589138,27,1246,2,36000,1.02166934189
587866,587898,589092,32,1194,2,36000,1.02680067002
587868,587903,588938,35,1035,2,36000,1.03381642512
587869,587908,588888,39,980,2,36000,1.03979591837
587870,587913,588924,43,1011,2,36000,1.04253214639
587872,587919,589129,47,1210,2,36000,1.03884297521
587875,587924,589046,49,1122,2,36000,1.04367201426
587876,587929,588986,53,1057,2,36000,1.05014191107
587889,587935,589725,46,1790,2,36000,1.02569832402
587890,587941,589593,51,1652,2,36000,1.0308716707
587892,587946,589799,54,1853,2,36000,1.029141932
587893,587951,589843,58,1892,2,36000,1.03065539112
587918,587956,589028,38,1072,2,36000,1.03544776119
587919,587961,589113,42,1152,2,36000,1.03645833333
587927,587967,589652,40,1685,2,36000,1.0237388724
588071,588077,589175,6,1098,2,36000,1.00546448087
588072,588083,589997,11,1914,2,36000,1.00574712644
588130,588137,589862,7,1725,2,36000,1.00405797101
588132,588142,589834,10,1692,2,36000,1.00591016548
588133,588148,590118,15,1970,2,36000,1.0076142132
588199,588205,589311,6,1106,2,36000,1.00542495479
588200,588211,589261,11,1050,2,36000,1.01047619048
588250,588256,590261,6,2005,2,36000,1.0029925187
588276,588282,589330,6,1048,2,36000,1.00572519084
588277,588288,589578,11,1290,2,36000,1.00852713178
588279,588293,589154,14,861,2,36000,1.0162601626
588281,588299,589264,18,965,2,36000,1.01865284974
588395,588401,589415,6,1014,2,36000,1.00591715976
588398,588407,589749,9,1342,2,36000,1.00670640835
588406,588413,589590,7,1177,2,36000,1.0059473237
588408,588419,590207,11,1788,2,36000,1.00615212528
588410,588424,589746,14,1322,2,36000,1.01059001513
588411,588429,589861,18,1432,2,36000,1.0125698324
588412,588435,590170,23,1735,2,36000,1.01325648415
588414,588441,590382,27,1941,2,36000,1.01391035549
588511,588517,589537,6,1020,2,36000,1.00588235294
588513,588523,590386,10,1863,2,36000,1.00536768653
588514,588528,589605,14,1077,2,36000,1.01299907149
588516,588533,589674,17,1141,2,36000,1.01489921122
588517,588539,589554,22,1015,2,36000,1.02167487685
588536,588545,590382,9,1837,2,36000,1.00489929232
588538,588550,590412,12,1862,2,36000,1.00644468314
588539,588555,590353,16,1798,2,36000,1.00889877642
588569,588574,590507,5,1933,2,36000,1.00258665287
588569,588579,589721,10,1142,2,36000,1.00875656743
588570,588592,589386,22,794,2,36000,1.02770780856
588570,588586,590027,16,1441,2,36000,1.01110340042
588571,588597,590389,26,1792,2,36000,1.01450892857
588571,588602,589807,31,1205,2,36000,1.02572614108
588573,588607,589811,34,1204,2,36000,1.02823920266
588594,588613,590351,19,1738,2,36000,1.01093210587
588596,588619,590514,23,1895,2,36000,1.01213720317
588596,588624,589839,28,1215,2,36000,1.02304526749
588598,588629,589538,31,909,2,36000,1.03410341034
588599,588634,589764,35,1130,2,36000,1.03097345133
588615,588640,589764,25,1124,2,36000,1.02224199288
588731,588738,590509,7,1771,2,36000,1.00395256917
588733,588744,590537,11,1793,2,36000,1.00613496933
588740,588750,589719,10,969,2,36000,1.01031991744
588741,588755,589960,14,1205,2,36000,1.01161825726
588839,588845,590553,6,1708,2,36000,1.00351288056
588841,588851,590618,10,1767,2,36000,1.00565930956
588842,588856,590072,14,1216,2,36000,1.01151315789
588849,588862,589712,13,850,2,36000,1.01529411765
588851,588867,589919,16,1052,2,36000,1.01520912548
588852,588873,589986,21,1113,2,36000,1.01886792453
588854,588878,589877,24,999,2,36000,1.02402402402
588914,588920,590942,6,2022,2,36000,1.00296735905
588967,588973,589804,6,831,2,36000,1.00722021661
588968,588979,589927,11,948,2,36000,1.01160337553
588970,588984,590285,14,1301,2,36000,1.01076095311
589026,589032,590781,6,1749,2,36000,1.00343053173
589152,589158,591024,6,1866,2,36000,1.00321543408
589153,589164,591043,11,1879,2,36000,1.00585417775
589158,589169,590426,11,1257,2,36000,1.00875099443
589159,589175,590462,16,1287,2,36000,1.01243201243
589161,589180,590169,19,989,2,36000,1.01921132457
589163,589186,590352,23,1166,2,36000,1.01972555746
589164,589191,590619,27,1428,2,36000,1.01890756303
589166,589196,590283,30,1087,2,36000,1.02759889604
589167,589201,590414,34,1213,2,36000,1.02802967848
589168,589206,590501,38,1295,2,36000,1.02934362934
589170,589213,590119,43,906,2,36000,1.04746136865
589171,589218,590441,47,1223,2,36000,1.03843008994
589192,589224,591099,32,1875,2,36000,1.01706666667
589194,589229,590978,35,1749,2,36000,1.02001143511
589195,589234,590917,39,1683,2,36000,1.02317290553
589214,589240,591077,26,1837,2,36000,1.01415351116
589231,589245,591084,14,1839,2,36000,1.00761283306
589232,589251,590574,19,1323,2,36000,1.01436130008
589251,589258,591246,7,1988,2,36000,1.00352112676
589262,589268,590110,6,842,2,36000,1.00712589074
589312,589318,590594,6,1276,2,36000,1.00470219436
589357,589363,590523,6,1160,2,36000,1.00517241379
589358,589369,590498,11,1129,2,36000,1.00974313552
589453,589459,591210,6,1751,2,36000,1.00342661336
589453,589464,590496,11,1032,2,36000,1.01065891473
589454,589470,591512,16,2042,2,36000,1.00783545544
589455,589475,590358,20,883,2,36000,1.02265005663
589456,589481,591160,25,1679,2,36000,1.01488981537
589523,589530,590434,7,904,2,36000,1.00774336283
589542,589548,591420,6,1872,2,36000,1.00320512821
589543,589554,591514,11,1960,2,36000,1.0056122449
589607,589613,590500,6,887,2,36000,1.0067643743
589608,589625,590672,17,1047,2,36000,1.01623686724
589608,589618,590677,10,1059,2,36000,1.00944287063
589609,589630,591539,21,1909,2,36000,1.01100052383
589610,589636,590676,26,1040,2,36000,1.025
589611,589641,590918,30,1277,2,36000,1.02349256069
589612,589646,590670,34,1024,2,36000,1.033203125
589712,589719,591121,7,1402,2,36000,1.00499286733
589714,589725,591109,11,1384,2,36000,1.00794797688
589723,589731,591752,8,2021,2,36000,1.00395843642
589724,589736,591696,12,1960,2,36000,1.00612244898
589726,589742,591694,16,1952,2,36000,1.00819672131
589802,589809,591644,7,1835,2,36000,1.0038147139
589804,589814,591674,10,1860,2,36000,1.00537634409
589805,589820,591247,15,1427,2,36000,1.01051156272
589827,589833,590996,6,1163,2,36000,1.00515907137
589828,589839,590997,11,1158,2,36000,1.00949913644
589831,589844,591032,13,1188,2,36000,1.01094276094
589832,589850,590810,18,960,2,36000,1.01875
589834,589855,591021,21,1166,2,36000,1.0180102916
589835,589861,591037,26,1176,2,36000,1.02210884354
589836,589867,591124,31,1257,2,36000,1.0246618934
589838,589872,590967,34,1095,2,36000,1.03105022831
589840,589877,591122,37,1245,2,36000,1.0297188755
589844,589882,591047,38,1165,2,36000,1.03261802575
589845,589887,591878,42,1991,2,36000,1.02109492717
589847,589893,591778,46,1885,2,36000,1.02440318302
589861,589899,591123,38,1224,2,36000,1.03104575163
589867,589904,591310,37,1406,2,36000,1.02631578947
589868,589910,591023,42,1113,2,36000,1.03773584906
589880,589915,591182,35,1267,2,36000,1.02762430939
589920,589926,590736,6,810,2,36000,1.00740740741
590007,590013,591203,6,1190,2,36000,1.00504201681
590008,590019,591120,11,1101,2,36000,1.00999091735
590010,590025,591027,15,1002,2,36000,1.01497005988
590022,590031,591754,9,1723,2,36000,1.00522344748
590079,590086,591915,7,1829,2,36000,1.00382722799
590081,590092,591301,11,1209,2,36000,1.00909842845
590165,590171,592257,6,2086,2,36000,1.00287631831
590219,590225,591955,6,1730,2,36000,1.00346820809
590221,590231,592180,10,1949,2,36000,1.00513083633
590280,590286,591562,6,1276,2,36000,1.00470219436
590282,590292,591387,10,1095,2,36000,1.00913242009
590285,590297,591598,12,1301,2,36000,1.0092236741
590380,590386,592230,6,1844,2,36000,1.0032537961
590382,590392,591790,10,1398,2,36000,1.00715307582
590385,590397,592346,12,1949,2,36000,1.00615700359
590445,590451,591562,6,1111,2,36000,1.00540054005
590446,590457,591840,11,1383,2,36000,1.00795372379
590448,590462,591753,14,1291,2,36000,1.01084430674
590449,590468,592031,19,1563,2,36000,1.01215611004
590451,590474,591693,23,1219,2,36000,1.01886792453
590456,590480,591292,24,812,2,36000,1.02955665025
590458,590485,591689,27,1204,2,36000,1.02242524917
590459,590491,591620,32,1129,2,36000,1.02834366696
590495,590501,591787,6,1286,2,36000,1.00466562986
590507,590512,592350,5,1838,2,36000,1.0027203482
590508,590518,592345,10,1827,2,36000,1.00547345375
590509,590523,592366,14,1843,2,36000,1.00759631036
590511,590529,592486,18,1957,2,36000,1.00919775166
590512,590534,592660,22,2126,2,36000,1.0103480715
590516,590540,592483,24,1943,2,36000,1.01235203294
590518,590546,591675,28,1129,2,36000,1.02480070859
590519,590551,591908,32,1357,2,36000,1.02358142962
590520,590556,591723,36,1167,2,36000,1.03084832905
590522,590561,591561,39,1000,2,36000,1.039
590538,590567,592349,29,1782,2,36000,1.01627384961
590538,590572,591835,34,1263,2,36000,1.02692003167
590539,590578,592559,39,1981,2,36000,1.01968702675
590540,590583,591868,43,1285,2,36000,1.03346303502
590557,590588,591901,31,1313,2,36000,1.02361005331
590577,590594,592518,17,1924,2,36000,1.00883575884
590666,590672,591883,6,1211,2,36000,1.00495458299
590667,590678,591673,11,995,2,36000,1.01105527638
590671,590683,592024,12,1341,2,36000,1.00894854586
590724,590730,592722,6,1992,2,36000,1.00301204819
590795,590801,591671,6,870,2,36000,1.00689655172
590796,590807,591868,11,1061,2,36000,1.01036757776
590798,590812,591612,14,800,2,36000,1.0175
590799,590817,592105,18,1288,2,36000,1.01397515528
590821,590827,592554,6,1727,2,36000,1.00347423277
591033,591039,591974,6,935,2,36000,1.0064171123
591036,591045,592051,9,1006,2,36000,1.00894632207
591038,591050,591868,12,818,2,36000,1.01466992665
591041,591057,592412,16,1355,2,36000,1.01180811808
591074,591080,593093,6,2013,2,36000,1.00298062593
591075,591086,593010,11,1924,2,36000,1.00571725572
591077,591091,592546,14,1455,2,36000,1.00962199313
591079,591096,592344,17,1248,2,36000,1.01362179487
591080,591101,592017,21,916,2,36000,1.02292576419
591081,591107,593016,26,1909,2,36000,1.01361969618
591083,591112,592956,29,1844,2,36000,1.01572668113
591085,591118,592988,33,1870,2,36000,1.01764705882
591169,591175,592271,6,1096,2,36000,1.00547445255
591171,591181,592237,10,1056,2,36000,1.00946969697
591172,591186,592269,14,1083,2,36000,1.01292705448
591173,591197,593026,24,1829,2,36000,1.01312192455
591173,591192,592195,19,1003,2,36000,1.01894317049
591175,591207,593027,32,1820,2,36000,1.01758241758
591175,591202,592402,27,1200,2,36000,1.0225
591176,591213,592406,37,1193,2,36000,1.03101424979
591176,591218,592924,42,1706,2,36000,1.02461899179
591177,591229,593145,52,1916,2,36000,1.02713987474
591177,591223,592403,46,1180,2,36000,1.03898305085
591179,591234,592479,55,1245,2,36000,1.04417670683
591180,591239,592343,59,1104,2,36000,1.05344202899
591182,591244,592236,62,992,2,36000,1.0625
591203,591249,592496,46,1247,2,36000,1.03688853248
591204,591255,592188,51,933,2,36000,1.05466237942
591214,591266,593789,52,2523,2,36000,1.02061038446
591234,591261,619344,27,28083,8,36000,1.00096143574
591247,591272,593214,25,1942,2,36000,1.01287332647
591248,591277,593457,29,2180,2,36000,1.01330275229
591337,591343,592542,6,1199,2,36000,1.00500417014
591397,591403,593274,6,1871,2,36000,1.00320684126
591398,591409,593009,11,1600,2,36000,1.006875
591444,591450,592587,6,1137,2,36000,1.00527704485
591515,591521,593301,6,1780,2,36000,1.00337078652
591516,591527,593478,11,1951,2,36000,1.00563813429
591518,591533,593403,15,1870,2,36000,1.00802139037
591602,591608,593459,6,1851,2,36000,1.00324149109
591668,591674,592723,6,1049,2,36000,1.00571973308
591670,591680,592824,10,1144,2,36000,1.00874125874
591672,591685,592531,13,846,2,36000,1.01536643026
591675,591691,592712,16,1021,2,36000,1.01567091087
591677,591696,593396,19,1700,2,36000,1.01117647059
591678,591702,592848,24,1146,2,36000,1.02094240838
591703,591709,601503,6,9794,32,356400,1.00061261997
591710,591716,593671,6,1955,2,36000,1.00306905371
591711,591722,593670,11,1948,2,36000,1.00564681725
591713,591727,593698,14,1971,2,36000,1.0071029934
591714,591733,593819,19,2086,2,36000,1.00910834132
591822,591828,593758,6,1930,2,36000,1.00310880829
591823,591834,593627,11,1793,2,36000,1.00613496933
591824,591839,593014,15,1175,2,36000,1.01276595745
591826,591844,593973,18,2129,2,36000,1.00845467356
591838,591851,593128,13,1277,2,36000,1.01018010963
591839,591856,593013,17,1157,2,36000,1.014693172
591841,591861,593352,20,1491,2,36000,1.01341381623
591842,591866,593038,24,1172,2,36000,1.0204778157
591844,591872,592994,28,1122,2,36000,1.02495543672
591845,591877,593071,32,1194,2,36000,1.02680067002
591846,591883,593106,37,1223,2,36000,1.03025347506
591848,591889,593083,41,1194,2,36000,1.03433835846
591849,591894,593208,45,1314,2,36000,1.03424657534
591876,591899,592830,23,931,2,36000,1.02470461869
591877,591904,593753,27,1849,2,36000,1.01460248783
591878,591909,593090,31,1181,2,36000,1.02624894157
591879,591916,592987,37,1071,2,36000,1.03454715219
591880,591986,592009,106,23,2,3540,5.60869565217
591894,591921,593818,27,1897,2,36000,1.01423299947
591896,591927,593180,31,1253,2,36000,1.02474062251
591914,591933,593092,19,1159,2,36000,1.01639344262
591917,591939,593197,22,1258,2,36000,1.01748807631
591960,591966,593754,6,1788,2,36000,1.0033557047
591962,591972,593824,10,1852,2,36000,1.00539956803
592013,592019,593400,6,1381,2,36000,1.00434467777
592109,592115,593151,6,1036,2,36000,1.00579150579
592110,592121,593245,11,1124,2,36000,1.00978647687
592134,592140,593970,6,1830,2,36000,1.00327868852
592135,592146,593936,11,1790,2,36000,1.0061452514
592178,592184,593365,6,1181,2,36000,1.0050804403
592212,592218,594056,6,1838,2,36000,1.00326441785
592264,592270,593331,6,1061,2,36000,1.00565504241
592265,592276,593335,11,1059,2,36000,1.0103871577
592267,592281,593239,14,958,2,36000,1.01461377871
592270,592286,593515,16,1229,2,36000,1.0130187144
592343,592349,593571,6,1222,2,36000,1.00490998363
592345,592355,594080,10,1725,2,36000,1.00579710145
592397,592403,593347,6,944,2,36000,1.0063559322
592399,592409,593513,10,1104,2,36000,1.00905797101
592401,592414,593623,13,1209,2,36000,1.01075268817
592491,592497,594310,6,1813,2,36000,1.00330943188
592492,592503,594256,11,1753,2,36000,1.00627495722
592494,592508,594228,14,1720,2,36000,1.00813953488
592495,592514,594305,19,1791,2,36000,1.01060859855
592496,592519,594432,23,1913,2,36000,1.01202300052
592498,592525,594255,27,1730,2,36000,1.01560693642
592502,592530,594483,28,1953,2,36000,1.01433691756
592525,592537,593829,12,1292,2,36000,1.0092879257
592527,592542,593387,15,845,2,36000,1.01775147929
592529,592548,593406,19,858,2,36000,1.02214452214
592530,592553,593831,23,1278,2,36000,1.01799687011
592532,592559,593828,27,1269,2,36000,1.02127659574
592533,592564,593835,31,1271,2,36000,1.0243902439
592535,592570,593779,35,1209,2,36000,1.02894954508
592536,592575,594435,39,1860,2,36000,1.02096774194
592553,592580,594445,27,1865,2,36000,1.0144772118
592554,592592,593515,38,923,2,36000,1.04117009751
592555,592587,640300,32,47713,1,72000,1.00067067675
592556,592597,593829,41,1232,2,36000,1.03327922078
592571,592602,593849,31,1247,2,36000,1.02485966319
592572,592607,594414,35,1807,2,36000,1.01936912009
592595,592613,593832,18,1219,2,36000,1.0147662018
592693,592699,594747,6,2048,2,36000,1.0029296875
592743,592749,593833,6,1084,2,36000,1.00553505535
592745,592755,593837,10,1082,2,36000,1.00924214418
592762,592768,594662,6,1894,2,36000,1.00316789863
592897,592903,593971,6,1068,2,36000,1.00561797753
592898,592909,593913,11,1004,2,36000,1.0109561753
592899,592914,594017,15,1103,2,36000,1.01359927471
593017,593023,594522,6,1499,2,36000,1.00400266845
593019,593029,594969,10,1940,2,36000,1.00515463918
593020,593035,594940,15,1905,2,36000,1.00787401575
593021,593040,595039,19,1999,2,36000,1.00950475238
593120,593126,594389,6,1263,2,36000,1.00475059382
593121,593132,594488,11,1356,2,36000,1.0081120944
593122,593137,594332,15,1195,2,36000,1.01255230126
593124,593142,594499,18,1357,2,36000,1.01326455416
593125,593148,594353,23,1205,2,36000,1.01908713693
593128,593154,594355,26,1201,2,36000,1.02164862614
593129,593159,594433,30,1274,2,36000,1.02354788069
593131,593164,594139,33,975,2,36000,1.03384615385
593143,593170,595020,27,1850,2,36000,1.01459459459
593144,593175,595154,31,1979,2,36000,1.01566447701
593146,593180,594386,34,1206,2,36000,1.02819237148
593147,593185,595037,38,1852,2,36000,1.02051835853
593149,593191,594987,42,1796,2,36000,1.02338530067
593150,593197,595311,47,2114,2,36000,1.02223273415
593152,593202,594639,50,1437,2,36000,1.0347947112
593191,593208,594431,17,1223,2,36000,1.0139002453
593196,593213,594352,17,1139,2,36000,1.01492537313
593197,593219,594394,22,1175,2,36000,1.01872340426
593198,593224,594436,26,1212,2,36000,1.02145214521
593200,593229,594475,29,1246,2,36000,1.02327447833
593217,593240,594570,23,1330,2,36000,1.01729323308
593217,593235,594427,18,1192,2,36000,1.01510067114
593242,593248,594831,6,1583,2,36000,1.00379027164
593257,593263,594494,6,1231,2,36000,1.00487408611
593360,593366,594442,6,1076,2,36000,1.00557620818
593362,593372,595399,10,2027,2,36000,1.00493339911
593395,593402,594642,7,1240,2,36000,1.00564516129
593397,593408,594488,11,1080,2,36000,1.01018518519
593398,593413,594605,15,1192,2,36000,1.01258389262
593400,593418,594544,18,1126,2,36000,1.01598579041
593401,593424,594543,23,1119,2,36000,1.02055406613
593478,593484,595264,6,1780,2,36000,1.00337078652
593480,593490,596543,10,3053,2,36000,1.00327546675
593481,593495,595296,14,1801,2,36000,1.00777345919
593483,593501,595253,18,1752,2,36000,1.0102739726
593829,593835,595701,6,1866,2,36000,1.00321543408
593830,593841,595745,11,1904,2,36000,1.00577731092
593831,593846,595073,15,1227,2,36000,1.01222493888
593833,593852,595759,19,1907,2,36000,1.00996329313
593834,593857,595240,23,1383,2,36000,1.01663051338
593836,593862,595039,26,1177,2,36000,1.02209005947
593837,593868,595702,31,1834,2,36000,1.01690294438
593838,593873,595019,35,1146,2,36000,1.03054101222
593840,593879,595673,39,1794,2,36000,1.02173913043
593841,593884,595813,43,1929,2,36000,1.02229134266
593842,593889,595761,47,1872,2,36000,1.02510683761
593844,593894,595731,50,1837,2,36000,1.02721829069
593849,593899,594830,50,931,2,36000,1.0537056928
593850,593905,594820,55,915,2,36000,1.06010928962
593851,593910,595066,59,1156,2,36000,1.05103806228
593853,593915,595065,62,1150,2,36000,1.05391304348
593854,593920,595205,66,1285,2,36000,1.0513618677
593855,593926,595075,71,1149,2,36000,1.06179286336
593857,593931,595064,74,1133,2,36000,1.06531332745
593858,593937,595146,79,1209,2,36000,1.06534325889
593860,593942,594929,82,987,2,36000,1.08308004053
593861,593948,595109,87,1161,2,36000,1.07493540052
593862,593953,595144,91,1191,2,36000,1.07640638119
593864,593959,595636,95,1677,2,36000,1.05664877758
593865,593964,595501,99,1537,2,36000,1.06441119063
593866,593970,595114,104,1144,2,36000,1.09090909091
593867,593975,595147,108,1172,2,36000,1.09215017065
593869,593980,595074,111,1094,2,36000,1.10146252285
593870,593985,595118,115,1133,2,36000,1.10150044131
593871,593990,595497,119,1507,2,36000,1.07896483079
593981,593997,595127,16,1130,2,36000,1.01415929204
593982,594002,595502,20,1500,2,36000,1.01333333333
593986,594008,596025,22,2017,2,36000,1.01090728805
594135,594141,595398,6,1257,2,36000,1.00477326969
594136,594147,596078,11,1931,2,36000,1.0056965303
594162,594168,595240,6,1072,2,36000,1.00559701493
594164,594174,595340,10,1166,2,36000,1.00857632933
594165,594179,595502,14,1323,2,36000,1.01058201058
594166,594184,595188,18,1004,2,36000,1.01792828685
594287,594293,596292,6,1999,2,36000,1.00300150075
594288,594299,596057,11,1758,2,36000,1.00625711035
594289,594304,596534,15,2230,2,36000,1.0067264574
594389,594395,595874,6,1479,2,36000,1.00405679513
594390,594401,596466,11,2065,2,36000,1.00532687651
594392,594406,595406,14,1000,2,36000,1.014
594440,594446,596475,6,2029,2,36000,1.00295712173
594442,594452,596466,10,2014,2,36000,1.0049652433
594443,594457,596425,14,1968,2,36000,1.00711382114
594444,594463,596550,19,2087,2,36000,1.009103977
594452,594469,595667,17,1198,2,36000,1.0141903172
594453,594474,595664,21,1190,2,36000,1.01764705882
594455,594479,595717,24,1238,2,36000,1.01938610662
594456,594484,595511,28,1027,2,36000,1.02726387537
594457,594489,595729,32,1240,2,36000,1.02580645161
594459,594495,595652,36,1157,2,36000,1.03111495246
594460,594500,595669,40,1169,2,36000,1.03421727973
594461,594505,595804,44,1299,2,36000,1.03387220939
594463,594510,595581,47,1071,2,36000,1.04388422035
594478,594516,595783,38,1267,2,36000,1.02999210734
594479,594522,596552,43,2030,2,36000,1.02118226601
594489,594527,595766,38,1239,2,36000,1.03066989508
594491,594532,596083,41,1551,2,36000,1.02643455835
594493,594537,595735,44,1198,2,36000,1.0367278798
594497,594542,596535,45,1993,2,36000,1.02257902659
594509,594548,595780,39,1232,2,36000,1.03165584416
594510,594553,595501,43,948,2,36000,1.04535864979
594526,594559,596548,33,1989,2,36000,1.01659125189
594551,594565,595718,14,1153,2,36000,1.01214223764
594552,594570,595798,18,1228,2,36000,1.01465798046
594571,594577,596553,6,1976,2,36000,1.00303643725
594673,594679,595772,6,1093,2,36000,1.0054894785
594675,594685,595867,10,1182,2,36000,1.00846023689
594727,594733,596676,6,1943,2,36000,1.00308800823
594728,594739,596394,11,1655,2,36000,1.00664652568
594857,594863,596680,6,1817,2,36000,1.0033021464
594917,594923,596109,6,1186,2,36000,1.00505902192
594919,594929,596541,10,1612,2,36000,1.00620347395
594920,594934,595905,14,971,2,36000,1.01441812564
595124,595130,597062,6,1932,2,36000,1.00310559006
595125,595136,597040,11,1904,2,36000,1.00577731092
595126,595141,597054,15,1913,2,36000,1.0078410873
595128,595146,597096,18,1950,2,36000,1.00923076923
595129,595152,596682,23,1530,2,36000,1.01503267974
595143,595158,596553,15,1395,2,36000,1.01075268817
595144,595163,597086,19,1923,2,36000,1.00988039522
595145,595169,596546,24,1377,2,36000,1.0174291939
595145,595174,597390,29,2216,2,36000,1.0130866426
595147,595179,596547,32,1368,2,36000,1.02339181287
595147,595184,596684,37,1500,2,36000,1.02466666667
595148,595195,597180,47,1985,2,36000,1.02367758186
595148,595189,596556,41,1367,2,36000,1.02999268471
595157,595201,596543,44,1342,2,36000,1.03278688525
595158,595207,596540,49,1333,2,36000,1.0367591898
595160,595212,596120,52,908,2,36000,1.05726872247
595161,595217,596536,56,1319,2,36000,1.04245640637
595166,595222,596071,56,849,2,36000,1.06595995289
595183,595227,597404,44,2177,2,36000,1.02021129995
595185,595233,596678,48,1445,2,36000,1.03321799308
595188,595238,596545,50,1307,2,36000,1.03825554705
595189,595243,596536,54,1293,2,36000,1.04176334107
595191,595248,596539,57,1291,2,36000,1.04415182029
595192,595253,596549,61,1296,2,36000,1.04706790123
595208,595260,596549,52,1289,2,36000,1.04034134988
595239,595266,596555,27,1289,2,36000,1.02094647013
595240,595271,597389,31,2118,2,36000,1.01463644948
595401,595407,596947,6,1540,2,36000,1.0038961039
595402,595413,596600,11,1187,2,36000,1.00926705981
595404,595418,597512,14,2094,2,36000,1.00668576886
595405,595424,597218,19,1794,2,36000,1.01059085842
595407,595429,597308,22,1879,2,36000,1.01170835551
595408,595435,596672,27,1237,2,36000,1.02182700081
595425,595440,596551,15,1111,2,36000,1.01350135014
595575,595581,596586,6,1005,2,36000,1.00597014925
595576,595587,596650,11,1063,2,36000,1.0103480715
595577,595592,596554,15,962,2,36000,1.01559251559
595579,595598,596556,19,958,2,36000,1.01983298539
595598,595604,596928,6,1324,2,36000,1.00453172205
595600,595610,597601,10,1991,2,36000,1.00502260171
595601,595615,597038,14,1423,2,36000,1.00983836964
595712,595718,596694,6,976,2,36000,1.00614754098
595713,595724,597078,11,1354,2,36000,1.00812407681
595715,595729,596903,14,1174,2,36000,1.01192504259
595718,595734,597150,16,1416,2,36000,1.01129943503
595721,595741,597074,20,1333,2,36000,1.01500375094
595723,595746,596604,23,858,2,36000,1.02680652681
595754,595761,597774,7,2013,2,36000,1.00347739692
595756,595767,597797,11,2030,2,36000,1.00541871921
595758,595772,597550,14,1778,2,36000,1.00787401575
595759,595777,597780,18,2003,2,36000,1.00898652022
595834,595840,597907,6,2067,2,36000,1.00290275762
595836,595846,597361,10,1515,2,36000,1.00660066007
595836,595851,597114,15,1263,2,36000,1.01187648456
595837,595856,597797,19,1941,2,36000,1.00978876868
595837,595861,597271,24,1410,2,36000,1.0170212766
595838,595867,598009,29,2142,2,36000,1.01353874883
595839,595872,597342,33,1470,2,36000,1.02244897959
595840,595882,597198,42,1316,2,36000,1.03191489362
595840,595877,597374,37,1497,2,36000,1.02471609886
595841,595888,597298,47,1410,2,36000,1.03333333333
595843,595894,597393,51,1499,2,36000,1.03402268179
595844,595899,597107,55,1208,2,36000,1.04552980132
595846,595904,597234,58,1330,2,36000,1.04360902256
595847,595910,597391,63,1481,2,36000,1.04253882512
595879,595915,596930,36,1015,2,36000,1.0354679803
595879,595920,597191,41,1271,2,36000,1.03225806452
595907,595926,597137,19,1211,2,36000,1.0156895128
596060,596066,597914,6,1848,2,36000,1.00324675325
596061,596072,597891,11,1819,2,36000,1.00604727872
596110,596116,597919,6,1803,2,36000,1.00332778702
596540,596545,598367,5,1822,2,36000,1.0027442371
596541,596552,597447,11,895,2,36000,1.01229050279
596541,596557,598371,16,1814,2,36000,1.00882028666
596542,596567,598560,25,1993,2,36000,1.01254390366
596542,596562,597747,20,1185,2,36000,1.01687763713
596543,596572,597830,29,1258,2,36000,1.02305246423
596544,596578,598575,34,1997,2,36000,1.01702553831
596545,596588,597786,43,1198,2,36000,1.03589315526
596545,596583,597748,38,1165,2,36000,1.03261802575
596546,596595,597839,49,1244,2,36000,1.03938906752
596546,596601,598675,55,2074,2,36000,1.02651880424
596547,596606,597819,59,1213,2,36000,1.04863973619
596548,596611,598674,63,2063,2,36000,1.03053805138
596549,596616,597987,67,1371,2,36000,1.04886943837
596549,596621,597815,72,1194,2,36000,1.06030150754
596550,596632,598670,82,2038,2,36000,1.04023552502
596550,596627,597748,77,1121,2,36000,1.06868867083
596551,596637,597639,86,1002,2,36000,1.08582834331
596552,596642,598671,90,2029,2,36000,1.04435682602
596553,596653,598676,100,2023,2,36000,1.04943153732
596553,596648,597820,95,1172,2,36000,1.08105802048
596554,596663,598043,109,1380,2,36000,1.07898550725
596554,596658,597830,104,1172,2,36000,1.08873720137
596556,596668,597501,112,833,2,36000,1.13445378151
596557,596673,597639,116,966,2,36000,1.12008281573
596558,596679,597656,121,977,2,36000,1.12384851586
596560,596684,597821,124,1137,2,36000,1.109058927
596561,596689,597745,128,1056,2,36000,1.12121212121
596563,596694,597855,131,1161,2,36000,1.112833764
596564,596700,597849,136,1149,2,36000,1.1183637946
596565,596705,597773,140,1068,2,36000,1.13108614232
596567,596710,597743,143,1033,2,36000,1.13843175218
596568,596715,597746,147,1031,2,36000,1.1425800194
596577,596720,598673,143,1953,2,36000,1.07322068612
596594,596728,597896,134,1168,2,36000,1.1147260274
596655,596733,597921,78,1188,2,36000,1.06565656566
596657,596738,597972,81,1234,2,36000,1.06564019449
596675,596744,597925,69,1181,2,36000,1.05842506351
596751,596757,597894,6,1137,2,36000,1.00527704485
596768,596774,598673,6,1899,2,36000,1.00315955766
596769,596780,598669,11,1889,2,36000,1.00582318687
596770,596785,597878,15,1093,2,36000,1.01372369625
596772,596790,598672,18,1882,2,36000,1.0095642933
596773,596795,598576,22,1781,2,36000,1.01235261089
596774,596801,598667,27,1866,2,36000,1.01446945338
596970,596976,598015,6,1039,2,36000,1.00577478345
596992,596998,598814,6,1816,2,36000,1.00330396476
596994,597004,598452,10,1448,2,36000,1.00690607735
596995,597009,598720,14,1711,2,36000,1.0081823495
597126,597132,598941,6,1809,2,36000,1.00331674959
597127,597138,598913,11,1775,2,36000,1.0061971831
597129,597143,598744,14,1601,2,36000,1.00874453467
597130,597149,598764,19,1615,2,36000,1.01176470588
597131,597154,599097,23,1943,2,36000,1.0118373649
597133,597160,598338,27,1178,2,36000,1.02292020374
597137,597165,598258,28,1093,2,36000,1.02561756633
597138,597171,598228,33,1057,2,36000,1.03122043519
597140,597176,598550,36,1374,2,36000,1.02620087336
597142,597181,598223,39,1042,2,36000,1.03742802303
597194,597201,598292,7,1091,2,36000,1.00641613199
597196,597206,598453,10,1247,2,36000,1.00801924619
597198,597212,598363,14,1151,2,36000,1.01216333623
597206,597218,599020,12,1802,2,36000,1.00665926748
597232,597238,599146,6,1908,2,36000,1.00314465409
597233,597244,598563,11,1319,2,36000,1.00833965125
597250,597256,598469,6,1213,2,36000,1.00494641385
597272,597279,598663,7,1384,2,36000,1.00505780347
597300,597306,598442,6,1136,2,36000,1.00528169014
597360,597366,599214,6,1848,2,36000,1.00324675325
597395,597401,598631,6,1230,2,36000,1.00487804878
597397,597407,598428,10,1021,2,36000,1.00979431929
597399,597412,598559,13,1147,2,36000,1.01133391456
597495,597501,598579,6,1078,2,36000,1.00556586271
597496,597507,599251,11,1744,2,36000,1.00630733945
597496,597512,598844,16,1332,2,36000,1.01201201201
597497,597517,599292,20,1775,2,36000,1.01126760563
597499,597523,599316,24,1793,2,36000,1.01338538762
597500,597528,599233,28,1705,2,36000,1.01642228739
597747,597753,598632,6,879,2,36000,1.00682593857
597822,597827,599106,5,1279,2,36000,1.00390930414
597824,597833,599491,9,1658,2,36000,1.00542822678
597827,597838,599530,11,1692,2,36000,1.00650118203
597829,597844,599947,15,2103,2,36000,1.00713266762
597830,597849,599483,19,1634,2,36000,1.01162790698
597832,597855,599820,23,1965,2,36000,1.01170483461
597833,597860,600034,27,2174,2,36000,1.01241950322
597834,597865,599625,31,1760,2,36000,1.01761363636
597836,597870,599811,34,1941,2,36000,1.01751674395
597919,597925,599117,6,1192,2,36000,1.00503355705
597920,597931,599093,11,1162,2,36000,1.00946643718
597922,597936,599119,14,1183,2,36000,1.01183431953
597923,597941,599069,18,1128,2,36000,1.01595744681
597925,597947,599222,22,1275,2,36000,1.01725490196
597926,597953,599131,27,1178,2,36000,1.02292020374
597928,597958,599221,30,1263,2,36000,1.02375296912
597929,597964,599142,35,1178,2,36000,1.02971137521
597930,597969,599117,39,1148,2,36000,1.03397212544
597932,597974,599122,42,1148,2,36000,1.03658536585
597933,597979,599069,46,1090,2,36000,1.04220183486
597934,597984,599116,50,1132,2,36000,1.04416961131
597936,597990,599139,54,1149,2,36000,1.04699738903
597937,597995,599114,58,1119,2,36000,1.05183199285
597938,598000,599219,62,1219,2,36000,1.05086136177
597939,598005,599812,66,1807,2,36000,1.03652462645
597940,598010,599128,70,1118,2,36000,1.0626118068
597940,598016,600068,76,2052,2,36000,1.03703703704
597941,598021,599541,80,1520,2,36000,1.05263157895
597942,598026,599813,84,1787,2,36000,1.04700615557
597942,598031,599115,89,1084,2,36000,1.08210332103
597943,598037,599945,94,1908,2,36000,1.04926624738
597944,598047,599838,103,1791,2,36000,1.05750977108
597944,598042,599249,98,1207,2,36000,1.0811930406
597945,598052,599174,107,1122,2,36000,1.09536541889
597946,598058,600036,112,1978,2,36000,1.05662285137
597967,598064,599083,97,1019,2,36000,1.09519136408
597983,598069,599082,86,1013,2,36000,1.08489634748
597998,598075,599097,77,1022,2,36000,1.07534246575
598014,598080,600637,66,2557,2,36000,1.02581149785
598041,598085,599130,44,1045,2,36000,1.04210526316
598093,598099,599955,6,1856,2,36000,1.00323275862
598257,598264,599448,7,1184,2,36000,1.00591216216
598259,598270,599152,11,882,2,36000,1.01247165533
598286,598292,599190,6,898,2,36000,1.00668151448
598340,598346,599221,6,875,2,36000,1.00685714286
598459,598465,599533,6,1068,2,36000,1.00561797753
598460,598471,599341,11,870,2,36000,1.01264367816
598462,598476,599458,14,982,2,36000,1.01425661914
598463,598481,600573,18,2092,2,36000,1.0086042065
598464,598487,599815,23,1328,2,36000,1.01731927711
598466,598493,600637,27,2144,2,36000,1.01259328358
598467,598498,600184,31,1686,2,36000,1.01838671412
598573,598580,599877,7,1297,2,36000,1.00539707016
598575,598586,599533,11,947,2,36000,1.0116156283
598576,598591,600689,15,2098,2,36000,1.00714966635
598578,598596,599981,18,1385,2,36000,1.01299638989
598579,598602,599745,23,1143,2,36000,1.02012248469
598672,598678,600634,6,1956,2,36000,1.00306748466
598673,598690,600035,17,1345,2,36000,1.0126394052
598673,598684,599876,11,1192,2,36000,1.00922818792
598674,598695,600103,21,1408,2,36000,1.01491477273
598674,598700,599868,26,1168,2,36000,1.02226027397
598675,598705,599761,30,1056,2,36000,1.02840909091
598676,598711,600698,35,1987,2,36000,1.01761449421
598677,598716,600662,39,1946,2,36000,1.02004110997
598678,598721,600709,43,1988,2,36000,1.02162977867
598680,598727,600652,47,1925,2,36000,1.02441558442
598681,598733,600628,52,1895,2,36000,1.02744063325
598682,598738,600860,56,2122,2,36000,1.02639019793
598684,598743,600658,59,1915,2,36000,1.03080939948
598685,598748,600667,63,1919,2,36000,1.03282959875
598686,598753,600719,67,1966,2,36000,1.03407934893
598688,598759,600872,71,2113,2,36000,1.03360151443
598689,598764,600888,75,2124,2,36000,1.03531073446
598735,598770,600688,35,1918,2,36000,1.01824817518
598824,598830,600700,6,1870,2,36000,1.00320855615
598825,598836,600695,11,1859,2,36000,1.00591715976
598827,598841,600660,14,1819,2,36000,1.00769653656
598975,598981,600831,6,1850,2,36000,1.00324324324
598987,598993,600037,6,1044,2,36000,1.00574712644
599121,599127,600637,6,1510,2,36000,1.00397350993
599122,599133,601259,11,2126,2,36000,1.00517403575
599124,599138,601500,14,2362,2,36000,1.00592718036
599126,599144,600637,18,1493,2,36000,1.01205626256
599129,599150,600230,21,1080,2,36000,1.01944444444
599131,599155,600228,24,1073,2,36000,1.02236719478
599132,599160,600623,28,1463,2,36000,1.01913875598
599134,599165,600240,31,1075,2,36000,1.0288372093
599135,599170,600133,35,963,2,36000,1.03634475597
599138,599176,600207,38,1031,2,36000,1.03685741998
599243,599249,601230,6,1981,2,36000,1.00302877335
599245,599255,601231,10,1976,2,36000,1.00506072874
599246,599260,601551,14,2291,2,36000,1.00611086862
599351,599357,600629,6,1272,2,36000,1.00471698113
599353,599363,601506,10,2143,2,36000,1.00466635558
599354,599368,601527,14,2159,2,36000,1.00648448356
599388,599394,600626,6,1232,2,36000,1.00487012987
599389,599400,600636,11,1236,2,36000,1.00889967638
599391,599405,600690,14,1285,2,36000,1.01089494163
599393,599410,600636,17,1226,2,36000,1.01386623165
599394,599415,600161,21,746,2,36000,1.02815013405
599396,599421,600626,25,1205,2,36000,1.02074688797
599397,599426,600738,29,1312,2,36000,1.02210365854
599398,599431,600624,33,1193,2,36000,1.02766135792
599400,599437,600631,37,1194,2,36000,1.03098827471
599401,599442,600626,41,1184,2,36000,1.03462837838
599402,599447,600635,45,1188,2,36000,1.03787878788
599404,599452,600697,48,1245,2,36000,1.03855421687
599405,599457,600863,52,1406,2,36000,1.03698435277
599406,599463,601320,57,1857,2,36000,1.03069466882
599408,599468,600692,60,1224,2,36000,1.04901960784
599409,599473,600757,64,1284,2,36000,1.04984423676
599410,599478,600623,68,1145,2,36000,1.05938864629
599412,599484,600864,72,1380,2,36000,1.05217391304
599413,599489,600714,76,1225,2,36000,1.06204081633
599414,599494,600623,80,1129,2,36000,1.0708591674
599415,599499,600694,84,1195,2,36000,1.07029288703
599451,599505,600623,54,1118,2,36000,1.04830053667
599469,599511,600707,42,1196,2,36000,1.03511705686
599861,599867,601332,6,1465,2,36000,1.00409556314
599862,599873,601117,11,1244,2,36000,1.00884244373
599864,599878,601089,14,1211,2,36000,1.01156069364
599865,599883,600770,18,887,2,36000,1.02029312289
599866,599889,601191,23,1302,2,36000,1.01766513057
599868,599895,601049,27,1154,2,36000,1.02339688042
599869,599901,601083,32,1182,2,36000,1.02707275804
599870,599906,601275,36,1369,2,36000,1.02629656684
599872,599911,600975,39,1064,2,36000,1.03665413534
599876,599916,601071,40,1155,2,36000,1.03463203463
599879,599921,601094,42,1173,2,36000,1.0358056266
599881,599927,601319,46,1392,2,36000,1.03304597701
599883,599932,601335,49,1403,2,36000,1.03492516037
599884,599937,601301,53,1364,2,36000,1.03885630499
599886,599942,601254,56,1312,2,36000,1.04268292683
599887,599948,601108,61,1160,2,36000,1.0525862069
599888,599953,601316,65,1363,2,36000,1.0476889215
599890,599958,601323,68,1365,2,36000,1.04981684982
599891,599964,601236,73,1272,2,36000,1.05738993711
599892,599970,601115,78,1145,2,36000,1.06812227074
599894,599975,601321,81,1346,2,36000,1.06017830609
599895,599980,601592,85,1612,2,36000,1.05272952854
599896,599985,601016,89,1031,2,36000,1.08632395732
599898,599990,601584,92,1594,2,36000,1.05771643664
599899,599996,601060,97,1064,2,36000,1.09116541353
599900,600001,601378,101,1377,2,36000,1.07334785766
599902,600007,601322,105,1315,2,36000,1.07984790875
599903,600013,601511,110,1498,2,36000,1.07343124166
599904,600045,601572,141,1527,2,36000,1.09233791749
599906,600052,601571,146,1519,2,36000,1.0961158657
599907,600073,601462,166,1389,2,36000,1.11951043916
599908,600078,601317,170,1239,2,36000,1.13720742534
599910,600085,601058,175,973,2,36000,1.17985611511
599911,600114,601580,203,1466,2,36000,1.13847203274
599912,600145,601573,233,1428,2,36000,1.16316526611
599914,600173,601499,259,1326,2,36000,1.19532428356
599915,600195,601449,280,1254,2,36000,1.22328548644
599917,600219,601503,302,1284,2,36000,1.23520249221
599918,600239,601237,321,998,2,36000,1.32164328657
599919,600246,601603,327,1357,2,36000,1.24097273397
599921,600253,601379,332,1126,2,36000,1.29484902309
599922,600601,601849,679,1248,2,36000,1.54407051282
599924,600640,602281,716,1641,2,36000,1.43631931749
599925,600645,601581,720,936,2,36000,1.76923076923
599926,600650,602210,724,1560,2,36000,1.4641025641
600098,600655,601727,557,1072,2,36000,1.51958955224
600099,600660,602189,561,1529,2,36000,1.36690647482
600101,600666,601918,565,1252,2,36000,1.45127795527
600142,600671,601601,529,930,2,36000,1.5688172043
600167,600676,601868,509,1192,2,36000,1.42701342282
600184,600683,601705,499,1022,2,36000,1.48825831703
600209,600689,601884,480,1195,2,36000,1.40167364017
600234,600694,601658,460,964,2,36000,1.47717842324
600235,600699,601715,464,1016,2,36000,1.45669291339
600684,600705,601631,21,926,2,36000,1.02267818575
600686,600710,601685,24,975,2,36000,1.02461538462
600688,600716,602433,28,1717,2,36000,1.0163075131
600691,600721,601717,30,996,2,36000,1.03012048193
600693,600726,602275,33,1549,2,36000,1.02130406714
600696,600731,601736,35,1005,2,36000,1.03482587065
600698,600736,601647,38,911,2,36000,1.04171240395
600700,600742,601647,42,905,2,36000,1.04640883978
600701,600749,602422,48,1673,2,36000,1.0286909743
600703,600754,601521,51,767,2,36000,1.0664928292
600704,600759,601575,55,816,2,36000,1.06740196078
600707,600764,601751,57,987,2,36000,1.05775075988
600708,600770,602409,62,1639,2,36000,1.03782794387
600710,600775,602383,65,1608,2,36000,1.04042288557
600915,600921,602431,6,1510,2,36000,1.00397350993
600916,600927,602416,11,1489,2,36000,1.00738750839
600917,600932,602297,15,1365,2,36000,1.01098901099
600918,600937,602430,19,1493,2,36000,1.01272605492
600920,600943,602412,23,1469,2,36000,1.01565690946
600921,600948,601886,27,938,2,36000,1.02878464819
600922,600954,602418,32,1464,2,36000,1.0218579235
600924,600959,602418,35,1459,2,36000,1.02398903358
600925,600965,602438,40,1473,2,36000,1.02715546504
600926,600970,602438,44,1468,2,36000,1.02997275204
600928,600975,601868,47,893,2,36000,1.05263157895
600929,600980,602423,51,1443,2,36000,1.03534303534
600979,600986,602188,7,1202,2,36000,1.00582362729
601076,601082,602420,6,1338,2,36000,1.00448430493
601077,601088,602414,11,1326,2,36000,1.00829562594
601079,601093,602434,14,1341,2,36000,1.01043997017
601080,601098,602429,18,1331,2,36000,1.01352366642
601082,601103,602423,21,1320,2,36000,1.01590909091
601233,601239,602428,6,1189,2,36000,1.00504625736
601234,601245,602425,11,1180,2,36000,1.0093220339
601236,601250,602427,14,1177,2,36000,1.01189464741
601238,601255,602433,17,1178,2,36000,1.01443123939
601239,601261,602439,22,1178,2,36000,1.01867572156
601241,601267,602435,26,1168,2,36000,1.02226027397
601242,601273,602459,31,1186,2,36000,1.02613827993
601601,601607,602981,6,1374,2,36000,1.00436681223
601603,601613,602970,10,1357,2,36000,1.00736919676
601605,601618,603298,13,1680,2,36000,1.00773809524
601606,601624,602759,18,1135,2,36000,1.01585903084
601608,601629,603055,21,1426,2,36000,1.01472650771
601609,601635,602971,26,1336,2,36000,1.01946107784
601610,601640,603081,30,1441,2,36000,1.02081887578
601612,601645,603120,33,1475,2,36000,1.02237288136
601613,601651,603329,38,1678,2,36000,1.02264600715
601615,601656,603051,41,1395,2,36000,1.029390681
601616,601661,603315,45,1654,2,36000,1.02720677146
601617,601666,603011,49,1345,2,36000,1.03643122677
601619,601672,603032,53,1360,2,36000,1.03897058824
601620,601677,602893,57,1216,2,36000,1.046875
601621,601682,603334,61,1652,2,36000,1.03692493947
601623,601687,603905,64,2218,2,36000,1.02885482417
601624,601692,603067,68,1375,2,36000,1.04945454545
601626,601698,603177,72,1479,2,36000,1.04868154158
601627,601704,603006,77,1302,2,36000,1.05913978495
601628,601709,603146,81,1437,2,36000,1.05636743215
601630,601715,603037,85,1322,2,36000,1.06429652042
601632,601721,603070,89,1349,2,36000,1.06597479615
601633,601726,603342,93,1616,2,36000,1.05754950495
601635,601731,603091,96,1360,2,36000,1.07058823529
601636,601736,602980,100,1244,2,36000,1.08038585209
601637,601741,603122,104,1381,2,36000,1.07530774801
601639,601747,603064,108,1317,2,36000,1.08200455581
601640,601752,603109,112,1357,2,36000,1.08253500368
601642,601757,603129,115,1372,2,36000,1.08381924198
601643,601762,603346,119,1584,2,36000,1.07512626263
601644,601768,603331,124,1563,2,36000,1.07933461292
601703,601773,603335,70,1562,2,36000,1.04481434059
601704,601778,603100,74,1322,2,36000,1.05597579425
601705,601783,603299,78,1516,2,36000,1.05145118734
601707,601788,602972,81,1184,2,36000,1.06841216216
601708,601794,603318,86,1524,2,36000,1.05643044619
601709,601799,603012,90,1213,2,36000,1.07419620775
601726,601805,603027,79,1222,2,36000,1.06464811784
601728,601811,603332,83,1521,2,36000,1.05456936226
601729,601816,603401,87,1585,2,36000,1.05488958991
601730,601821,603350,91,1529,2,36000,1.05951602354
601746,601826,603024,80,1198,2,36000,1.06677796327
602414,602420,602422,6,2,2,3540,1.0
602416,602426,603756,10,1330,2,36000,1.00751879699
602418,602431,603772,13,1341,2,36000,1.00969425802
602419,602437,603778,18,1341,2,36000,1.01342281879
602421,602442,603595,21,1153,2,36000,1.01821335646
602422,602449,603762,27,1313,2,36000,1.02056359482
602423,602455,603358,32,903,2,36000,1.03543743079
602425,602460,603705,35,1245,2,36000,1.0281124498
602426,602465,603696,39,1231,2,36000,1.03168155971
602427,602470,603750,43,1280,2,36000,1.03359375
602429,602475,603352,46,877,2,36000,1.05245153934
602430,602481,603616,51,1135,2,36000,1.0449339207
602431,602486,603788,55,1302,2,36000,1.04224270353
602433,602491,603356,58,865,2,36000,1.06705202312
602434,602496,603765,62,1269,2,36000,1.04885736801
602435,602501,603781,66,1280,2,36000,1.0515625
602437,602507,603779,70,1272,2,36000,1.05503144654
602438,602512,603774,74,1262,2,36000,1.05863708399
602439,602518,603770,79,1252,2,36000,1.06309904153
602441,602523,603732,82,1209,2,36000,1.06782464847
602471,602529,603419,58,890,2,36000,1.06516853933
602472,602534,603773,62,1239,2,36000,1.05004035513
602474,602540,603755,66,1215,2,36000,1.05432098765
602475,602545,603775,70,1230,2,36000,1.05691056911
602476,602550,603789,74,1239,2,36000,1.05972558515
602478,602555,603764,77,1209,2,36000,1.06368899917
602479,602561,603770,82,1209,2,36000,1.06782464847
602480,602566,603725,86,1159,2,36000,1.07420189819
602482,602571,603784,89,1213,2,36000,1.07337180544
602483,602576,603718,93,1142,2,36000,1.08143607706
602484,602581,603787,97,1206,2,36000,1.08043117745
602486,602587,603704,101,1117,2,36000,1.09042076992
602487,602592,603790,105,1198,2,36000,1.08764607679
602488,602597,603761,109,1164,2,36000,1.09364261168
602490,602602,603692,112,1090,2,36000,1.10275229358
602491,602607,603788,116,1181,2,36000,1.09822184589
602492,602613,603906,121,1293,2,36000,1.0935808198
602494,602618,603780,124,1162,2,36000,1.10671256454
602495,602623,603782,128,1159,2,36000,1.11044003451
602820,602826,604005,6,1179,2,36000,1.00508905852
602966,602972,604167,6,1195,2,36000,1.0050209205
603034,603040,604078,6,1038,2,36000,1.00578034682
603037,603046,604345,9,1299,2,36000,1.00692840647
603038,603051,604422,13,1371,2,36000,1.00948212983
603039,603057,604019,18,962,2,36000,1.01871101871
603041,603062,604332,21,1270,2,36000,1.01653543307
603042,603068,604329,26,1261,2,36000,1.0206185567
603043,603073,604052,30,979,2,36000,1.03064351379
603045,603079,604383,34,1304,2,36000,1.02607361963
603046,603084,604012,38,928,2,36000,1.04094827586
603048,603089,603993,41,904,2,36000,1.0453539823
603049,603094,604300,45,1206,2,36000,1.03731343284
603077,603100,604339,23,1239,2,36000,1.01856335755
603079,603105,604108,26,1003,2,36000,1.0259222333
603080,603111,604349,31,1238,2,36000,1.02504038772
603081,603116,604343,35,1227,2,36000,1.02852485738
603083,603121,604328,38,1207,2,36000,1.03148301574
603084,603126,604203,42,1077,2,36000,1.03899721448
603105,603132,604348,27,1216,2,36000,1.02220394737
603106,603137,604436,31,1299,2,36000,1.02386451116
603108,603143,604351,35,1208,2,36000,1.02897350993
603127,603149,604380,22,1231,2,36000,1.01787164907
603128,603154,604085,26,931,2,36000,1.02792696026
603129,603160,604347,31,1187,2,36000,1.02611625948
603131,603165,604409,34,1244,2,36000,1.02733118971
603335,603341,604476,6,1135,2,36000,1.00528634361
603336,603347,604629,11,1282,2,36000,1.00858034321
603338,603352,604500,14,1148,2,36000,1.01219512195
603339,603357,604395,18,1038,2,36000,1.01734104046
603341,603362,604645,21,1283,2,36000,1.01636788776
603342,603368,604353,26,985,2,36000,1.02639593909
603344,603373,604803,29,1430,2,36000,1.02027972028
603346,603379,604434,33,1055,2,36000,1.03127962085
603348,603384,604665,36,1281,2,36000,1.0281030445
603349,603389,604439,40,1050,2,36000,1.0380952381
603351,603394,604576,43,1182,2,36000,1.03637901861
603797,603803,605109,6,1306,2,36000,1.0045941807
603798,603809,604664,11,855,2,36000,1.01286549708
603800,603814,604747,14,933,2,36000,1.01500535906
603801,603819,605165,18,1346,2,36000,1.01337295691
603802,603825,605137,23,1312,2,36000,1.0175304878
603804,603831,604679,27,848,2,36000,1.03183962264
603806,603836,604818,30,982,2,36000,1.03054989817
603807,603841,605176,34,1335,2,36000,1.02546816479
603808,603847,605164,39,1317,2,36000,1.02961275626
603809,603852,605185,43,1333,2,36000,1.03225806452
603811,603857,605187,46,1330,2,36000,1.03458646617
603812,603862,604772,50,910,2,36000,1.05494505495
603813,603867,605183,54,1316,2,36000,1.04103343465
603815,603873,605189,58,1316,2,36000,1.04407294833
603816,603878,605197,62,1319,2,36000,1.04700530705
603817,603883,604802,66,919,2,36000,1.0718171926
603819,603888,605148,69,1260,2,36000,1.05476190476
603820,603894,605172,74,1278,2,36000,1.0579029734
603821,603899,605170,78,1271,2,36000,1.06136900079
603823,603904,605178,81,1274,2,36000,1.06357927786
603824,603909,605196,85,1287,2,36000,1.06604506605
603826,603914,605158,88,1244,2,36000,1.07073954984
603827,603920,605194,93,1274,2,36000,1.07299843014
603828,603925,604927,97,1002,2,36000,1.09680638723
603830,603931,605229,101,1298,2,36000,1.07781201849
603831,603936,605184,105,1248,2,36000,1.08413461538
603832,603941,605145,109,1204,2,36000,1.09053156146
603834,603946,605190,112,1244,2,36000,1.09003215434
603835,603952,605174,117,1222,2,36000,1.09574468085
603836,603957,605170,121,1213,2,36000,1.09975267931
603838,603962,605167,124,1205,2,36000,1.10290456432
603839,603967,605220,128,1253,2,36000,1.10215482841
603840,603972,604928,132,956,2,36000,1.13807531381
603842,603978,605288,136,1310,2,36000,1.10381679389
603843,603983,605303,140,1320,2,36000,1.10606060606
603844,603988,605180,144,1192,2,36000,1.12080536913
603846,603993,605692,147,1699,2,36000,1.08652148323
603847,603998,605168,151,1170,2,36000,1.12905982906
603848,604004,605197,156,1193,2,36000,1.1307627829
603850,604009,605227,159,1218,2,36000,1.13054187192
603851,604014,605191,163,1177,2,36000,1.13848768054
604247,604356,623522,109,19166,32,356400,1.00568715434
604465,604471,605867,6,1396,2,36000,1.00429799427
604467,604477,605906,10,1429,2,36000,1.00699790063
604468,604482,605427,14,945,2,36000,1.01481481481
604470,604487,605906,17,1419,2,36000,1.01198026779
604471,604493,605907,22,1414,2,36000,1.01555869873
604472,604499,605891,27,1392,2,36000,1.01939655172
604474,604504,605860,30,1356,2,36000,1.02212389381
604475,604509,605906,34,1397,2,36000,1.02433786686
604477,604514,605910,37,1396,2,36000,1.02650429799
604478,604519,605684,41,1165,2,36000,1.03519313305
604480,604525,605631,45,1106,2,36000,1.04068716094
604481,604530,605683,49,1153,2,36000,1.04249783174
604484,604535,605906,51,1371,2,36000,1.03719912473
604485,604540,605904,55,1364,2,36000,1.04032258065
604486,604545,605882,59,1337,2,36000,1.04412864622
604488,604551,605906,63,1355,2,36000,1.04649446494
604489,604556,605845,67,1289,2,36000,1.05197827773
604490,604561,605906,71,1345,2,36000,1.05278810409
604492,604566,605906,74,1340,2,36000,1.0552238806
604493,604571,605907,78,1336,2,36000,1.05838323353
604494,604578,605907,84,1329,2,36000,1.06320541761
604496,604583,605929,87,1346,2,36000,1.0646359584
604497,604589,605364,92,775,2,36000,1.11870967742
604499,604594,605907,95,1313,2,36000,1.07235338919
604500,604600,605900,100,1300,2,36000,1.07692307692
604502,604605,605906,103,1301,2,36000,1.07916986933
604503,604610,605908,107,1298,2,36000,1.08243451464
604504,604615,605913,111,1298,2,36000,1.08551617874
604506,604621,605846,115,1225,2,36000,1.09387755102
604507,604626,605906,119,1280,2,36000,1.09296875
604509,604631,605904,122,1273,2,36000,1.09583660644
604510,604636,606258,126,1622,2,36000,1.07768187423
604579,604642,605890,63,1248,2,36000,1.05048076923
604581,604647,605909,66,1262,2,36000,1.05229793978
604622,604653,606353,31,1700,2,36000,1.01823529412
604662,604669,605907,7,1238,2,36000,1.0056542811
604664,604675,605904,11,1229,2,36000,1.00895036615
604733,604739,605912,6,1173,2,36000,1.00511508951
