SubmitTime,StartTime,EndTime,QueuedTime,RunTime,NodesRequested,walltime,bslowdown
4,798,4210,794,3412,2,7200,1.2327080891
18,803,4287,785,3484,2,7200,1.22531572905
33,809,4207,776,3398,2,7200,1.22836962919
35,814,4484,779,3670,2,7200,1.21226158038
50,819,4173,769,3354,2,7200,1.22927847346
60,824,3952,764,3128,2,7200,1.2442455243
68,830,4469,762,3639,2,7200,1.20939818631
82,835,4508,753,3673,2,7200,1.205009529
97,1046,4234,949,3188,2,7200,1.29767879548
105,1383,4619,1278,3236,2,7200,1.39493201483
112,1400,4798,1288,3398,2,7200,1.37904649794
130,1511,4856,1381,3345,2,7200,1.41285500747
151,1857,5350,1706,3493,2,7200,1.48840538219
160,2862,6132,2702,3270,2,7200,1.82629969419
166,3022,6638,2856,3616,2,7200,1.78982300885
167,3233,6599,3066,3366,2,7200,1.91087344029
182,3253,6475,3071,3222,2,7200,1.95313469894
184,3276,6668,3092,3392,2,7200,1.91155660377
191,3296,6432,3105,3136,2,7200,1.99011479592
192,3303,6634,3111,3331,2,7200,1.93395376764
199,3320,6967,3121,3647,2,7200,1.85577186729
208,3355,6508,3147,3153,2,7200,1.99809705043
209,3362,6559,3153,3197,2,7200,1.98623709728
214,3369,3861,3155,492,2,7200,7.41260162602
215,3376,7138,3161,3762,2,7200,1.84024455077
217,3383,7060,3166,3677,2,7200,1.86102801197
225,3390,6667,3165,3277,2,7200,1.96582239854
226,3426,6541,3200,3115,2,7200,2.02728731942
228,3441,6892,3213,3451,2,7200,1.93103448276
232,3485,6848,3253,3363,2,7200,1.96729110913
233,3492,7210,3259,3718,2,7200,1.87654653039
234,3499,7178,3265,3679,2,7200,1.88746942104
246,3506,6661,3260,3155,2,7200,2.03328050713
250,3528,6995,3278,3467,2,7200,1.94548601096
251,3535,4090,3284,555,2,7200,6.91711711712
252,3540,7217,3288,3677,2,7200,1.89420723416
262,3546,6924,3284,3378,2,7200,1.97217288336
273,3551,6973,3278,3422,2,7200,1.95791934541
277,3558,6988,3281,3430,2,7200,1.95655976676
291,3565,7131,3274,3566,2,7200,1.91811553561
304,3584,6941,3280,3357,2,7200,1.97706285374
312,3591,7040,3279,3449,2,7200,1.95071035083
331,3596,7114,3265,3518,2,7200,1.92808413872
335,3601,7078,3266,3477,2,7200,1.93931550187
347,3609,7158,3262,3549,2,7200,1.9191321499
350,3614,4120,3264,506,2,7200,7.45059288538
365,3619,7268,3254,3649,2,7200,1.8917511647
377,3627,7151,3250,3524,2,7200,1.92224744608
380,3632,6585,3252,2953,2,7200,2.10125296309
392,3638,7062,3246,3424,2,7200,1.94801401869
395,3645,7327,3250,3682,2,7200,1.88267246062
408,3651,7043,3243,3392,2,7200,1.95607311321
462,3656,7228,3194,3572,2,7200,1.89417693169
477,3661,6850,3184,3189,2,7200,1.99843211038
535,3668,6995,3133,3327,2,7200,1.9416892095
1033,3676,4169,2643,493,2,7200,6.36105476673
1371,3683,7175,2312,3492,2,7200,1.66208476518
1389,3690,7032,2301,3342,2,7200,1.68850987433
1501,3695,7126,2194,3431,2,7200,1.6394637132
2850,3702,7073,852,3371,2,7200,1.25274399288
3010,3732,7113,722,3381,2,7200,1.21354628808
3221,3739,6918,518,3179,2,7200,1.16294432211
3240,3744,7387,504,3643,2,7200,1.13834751578
3266,3751,7128,485,3377,2,7200,1.14361859639
3285,3756,6827,471,3071,2,7200,1.15337023771
3286,3763,7137,477,3374,2,7200,1.14137522229
3310,3771,7059,461,3288,2,7200,1.14020681265
3344,3803,6979,459,3176,2,7200,1.14452141058
3359,3847,7300,488,3453,2,7200,1.14132638286
3360,3873,7261,513,3388,2,7200,1.15141676505
3362,3880,6998,518,3118,2,7200,1.16613213598
3377,3964,7204,587,3240,2,7200,1.18117283951
3379,3971,7282,592,3311,2,7200,1.17879794624
3415,4062,7391,647,3329,2,7200,1.19435265846
3430,4077,7355,647,3278,2,7200,1.19737644905
3473,4103,7147,630,3044,2,7200,1.20696452037
3488,4108,7443,620,3335,2,7200,1.18590704648
3490,4132,7403,642,3271,2,7200,1.19627025375
3505,4181,7302,676,3121,2,7200,1.21659724447
3521,4188,7506,667,3318,2,7200,1.20102471368
3522,4219,7386,697,3167,2,7200,1.22008209662
3524,4226,7666,702,3440,2,7200,1.20406976744
3525,4247,7373,722,3126,2,7200,1.23096609085
3540,4300,7520,760,3220,2,7200,1.23602484472
3542,4481,7770,939,3289,2,7200,1.28549711158
3557,4496,7798,939,3302,2,7200,1.28437310721
3572,4521,7942,949,3421,2,7200,1.27740426776
3574,4632,7613,1058,2981,2,7200,1.35491445824
3590,4810,8221,1220,3411,2,7200,1.3576663735
3591,4868,8481,1277,3613,2,7200,1.35344588984
3591,5362,8799,1771,3437,2,7200,1.51527494908
3592,6144,9471,2552,3327,2,7200,1.76705740908
3594,6444,9662,2850,3218,2,7200,1.88564325668
3609,6487,9959,2878,3472,2,7200,1.82891705069
3611,6521,9929,2910,3408,2,7200,1.85387323944
3612,6553,9837,2941,3284,2,7200,1.89555420219
3627,6571,10135,2944,3564,2,7200,1.82603815937
3643,6597,9970,2954,3373,2,7200,1.87577823896
3644,6612,10009,2968,3397,2,7200,1.87371209891
3646,6646,10022,3000,3376,2,7200,1.88862559242
3661,6653,10177,2992,3524,2,7200,1.84903518729
3676,6674,9974,2998,3300,2,7200,1.90848484848
3678,6681,10209,3003,3528,2,7200,1.85119047619
3679,6687,10200,3008,3513,2,7200,1.85624822089
3680,6840,10254,3160,3414,2,7200,1.92560046866
3696,6861,10263,3165,3402,2,7200,1.930335097
3720,6868,10304,3148,3436,2,7200,1.91618160652
3735,6905,10505,3170,3600,2,7200,1.88055555556
3737,6930,10394,3193,3464,2,7200,1.92176674365
3738,6937,10235,3199,3298,2,7200,1.96998180716
3739,6954,10375,3215,3421,2,7200,1.93978368898
3753,6980,10433,3227,3453,2,7200,1.93454966696
3769,6987,10608,3218,3621,2,7200,1.88870477769
3791,6994,10369,3203,3375,2,7200,1.94903703704
3838,7001,10431,3163,3430,2,7200,1.9221574344
3862,7008,10469,3146,3461,2,7200,1.90898584224
3863,7013,10774,3150,3761,2,7200,1.83754320659
3953,7021,10250,3068,3229,2,7200,1.95013936203
3959,7044,10466,3085,3422,2,7200,1.90151957919
4052,7052,10566,3000,3514,2,7200,1.85372794536
4067,7059,10559,2992,3500,2,7200,1.85485714286
4091,7071,7114,2980,43,2,7200,70.3023255814
4092,7078,10568,2986,3490,2,7200,1.85558739255
4122,7083,10659,2961,3576,2,7200,1.82802013423
4171,7091,10731,2920,3640,2,7200,1.8021978022
4185,7096,10612,2911,3516,2,7200,1.8279294653
4207,7125,10386,2918,3261,2,7200,1.89481754063
4209,7132,10394,2923,3262,2,7200,1.89607602698
4236,7137,10730,2901,3593,2,7200,1.80740328416
4290,7145,7179,2855,34,2,7200,84.9705882353
4470,7150,10609,2680,3459,2,7200,1.77479040185
4485,7155,10590,2670,3435,2,7200,1.77729257642
4509,7162,7209,2653,47,2,7200,57.4468085106
4621,7167,10426,2546,3259,2,7200,1.78122123351
4798,7172,10958,2374,3786,2,7200,1.62704701532
4857,7180,10665,2323,3485,2,7200,1.66657101865
5350,7185,10614,1835,3429,2,7200,1.53514144065
6133,7192,10315,1059,3123,2,7200,1.33909702209
6431,7198,10280,767,3082,2,7200,1.24886437378
6477,7203,10536,726,3333,2,7200,1.21782178218
6510,7216,10794,706,3578,2,7200,1.19731693684
6543,7223,10966,680,3743,2,7200,1.18167245525
6562,7228,10414,666,3186,2,7200,1.20903954802
6585,7235,10727,650,3492,2,7200,1.186139748
6600,7242,10567,642,3325,2,7200,1.19308270677
6635,7274,10574,639,3300,2,7200,1.19363636364
6639,7281,10811,642,3530,2,7200,1.18186968839
6662,7294,10702,632,3408,2,7200,1.18544600939
6669,7312,10810,643,3498,2,7200,1.18381932533
6677,7319,10477,642,3158,2,7200,1.20329322356
6828,7338,10659,510,3321,2,7200,1.15356820235
6849,7368,10703,519,3335,2,7200,1.15562218891
6852,7385,10748,533,3363,2,7200,1.15848944395
6895,7398,10720,503,3322,2,7200,1.15141481036
6919,7405,10707,486,3302,2,7200,1.14718352514
6934,7410,10717,476,3307,2,7200,1.14393710311
6949,7418,10945,469,3527,2,7200,1.13297419904
6967,7455,10777,488,3322,2,7200,1.14689945816
6979,7518,10943,539,3425,2,7200,1.15737226277
6982,7533,8117,551,584,2,7200,1.94349315068
6995,7626,11161,631,3535,2,7200,1.17850070721
6997,7678,11446,681,3768,2,7200,1.18073248408
7011,7782,10953,771,3171,2,7200,1.243140965
7013,7810,11201,797,3391,2,7200,1.2350339133
7034,7955,11498,921,3543,2,7200,1.2599491956
7042,8129,11723,1087,3594,2,7200,1.30244852532
7049,8233,11582,1184,3349,2,7200,1.35353836966
7060,8493,11742,1433,3249,2,7200,1.44105878732
7065,8811,12142,1746,3331,2,7200,1.52416691684
7066,9483,12613,2417,3130,2,7200,1.77220447284
7080,9675,13379,2595,3704,2,7200,1.70059395248
7081,9850,13023,2769,3173,2,7200,1.87267570123
7115,9942,13266,2827,3324,2,7200,1.85048134777
7116,9982,13423,2866,3441,2,7200,1.83289741354
7116,9971,13168,2855,3197,2,7200,1.89302471067
7132,10021,13458,2889,3437,2,7200,1.84055862671
7132,9989,13374,2857,3385,2,7200,1.84401772526
7133,10034,13611,2901,3577,2,7200,1.81101481689
7146,10147,13522,3001,3375,2,7200,1.88918518519
7149,10189,13345,3040,3156,2,7200,1.96324461343
7151,10213,13386,3062,3173,2,7200,1.96501733375
7152,10221,13466,3069,3245,2,7200,1.94576271186
7167,10248,13676,3081,3428,2,7200,1.8987747958
7179,10263,10318,3084,55,2,7200,57.0727272727
7181,10270,13612,3089,3342,2,7200,1.92429682825
7182,10277,13478,3095,3201,2,7200,1.96688534833
7204,10292,13709,3088,3417,2,7200,1.90371671056
7211,10316,13012,3105,2696,2,7200,2.15170623145
7212,10326,13600,3114,3274,2,7200,1.95113011607
7227,10334,13622,3107,3288,2,7200,1.9449513382
7231,10381,13783,3150,3402,2,7200,1.92592592593
7264,10388,13725,3124,3337,2,7200,1.93617021277
7269,10398,14090,3129,3692,2,7200,1.84750812568
7283,10406,13587,3123,3181,2,7200,1.98176674002
7301,10411,13786,3110,3375,2,7200,1.92148148148
7303,10426,13857,3123,3431,2,7200,1.91023025357
7329,10438,14093,3109,3655,2,7200,1.85061559508
7357,10445,13849,3088,3404,2,7200,1.9071680376
7375,10451,13942,3076,3491,2,7200,1.88112288742
7387,10479,13851,3092,3372,2,7200,1.91696322657
7391,10486,13996,3095,3510,2,7200,1.88176638177
7392,10492,13613,3100,3121,2,7200,1.99327138738
7407,10518,13910,3111,3392,2,7200,1.91715801887
7443,10548,13740,3105,3192,2,7200,1.9727443609
7507,10571,14129,3064,3558,2,7200,1.86115795391
7522,10578,13730,3056,3152,2,7200,1.96954314721
7613,10585,13912,2972,3327,2,7200,1.8932972648
7668,10590,14001,2922,3411,2,7200,1.85664028144
7771,10597,13979,2826,3382,2,7200,1.83560023655
7798,10604,14033,2806,3429,2,7200,1.81831437737
7943,10621,14076,2678,3455,2,7200,1.77510853835
8119,10628,14232,2509,3604,2,7200,1.6961709212
8225,10633,14080,2408,3447,2,7200,1.69857847404
8481,10639,14265,2158,3626,2,7200,1.59514616657
8801,10671,14034,1870,3363,2,7200,1.55605114481
9473,10676,13978,1203,3302,2,7200,1.36432465173
9663,10683,14201,1020,3518,2,7200,1.28993746447
9838,10714,13855,876,3141,2,7200,1.27889207259
9931,10720,14001,789,3281,2,7200,1.2404754648
9959,10727,14051,768,3324,2,7200,1.23104693141
9974,10734,14094,760,3360,2,7200,1.22619047619
9975,10739,13874,764,3135,2,7200,1.24370015949
10009,10746,14117,737,3371,2,7200,1.2186294868
10024,10751,13936,727,3185,2,7200,1.22825745683
10136,10756,14150,620,3394,2,7200,1.18267530937
10178,10763,13929,585,3166,2,7200,1.18477574226
10203,10787,14202,584,3415,2,7200,1.1710102489
10218,10794,14176,576,3382,2,7200,1.17031342401
10236,10807,14074,571,3267,2,7200,1.17477808387
10251,10822,14166,571,3344,2,7200,1.17075358852
10267,10829,14271,562,3442,2,7200,1.16327716444
10268,10956,14309,688,3353,2,7200,1.20518938264
10283,10963,14380,680,3417,2,7200,1.19900497512
10304,10970,14329,666,3359,2,7200,1.19827329562
10320,10975,14300,655,3325,2,7200,1.1969924812
10322,10982,14313,660,3331,2,7200,1.19813869709
10370,11173,14679,803,3506,2,7200,1.22903593839
10384,11213,14845,829,3632,2,7200,1.22824889868
10386,11459,14719,1073,3260,2,7200,1.32914110429
10399,11511,14996,1112,3485,2,7200,1.31908177905
10401,11594,15030,1193,3436,2,7200,1.34720605355
10416,11736,14883,1320,3147,2,7200,1.41944709247
10432,11754,15261,1322,3507,2,7200,1.37696036498
10433,12155,15484,1722,3329,2,7200,1.51727245419
10448,12626,15894,2178,3268,2,7200,1.6664626683
10469,13025,16409,2556,3384,2,7200,1.75531914894
10470,13036,16151,2566,3115,2,7200,1.82375601926
10485,13179,16493,2694,3314,2,7200,1.81291490646
10503,13279,16749,2776,3470,2,7200,1.8
10537,13357,16867,2820,3510,2,7200,1.80341880342
10561,13385,17098,2824,3713,2,7200,1.76057096687
10576,13393,13416,2817,23,2,7200,123.47826087
10577,13428,16907,2851,3479,2,7200,1.81948835872
10577,13400,16532,2823,3132,2,7200,1.90134099617
10579,13435,16868,2856,3433,2,7200,1.83192542965
10593,13470,17009,2877,3539,2,7200,1.8129415089
10610,13479,16751,2869,3272,2,7200,1.87683374083
10611,13491,16637,2880,3146,2,7200,1.91544818818
10626,13535,16875,2909,3340,2,7200,1.87095808383
10627,13599,15508,2972,1909,2,7200,2.55683603981
10660,13613,16868,2953,3255,2,7200,1.90721966206
10662,13624,16900,2962,3276,2,7200,1.90415140415
10677,13629,16994,2952,3365,2,7200,1.87726597325
10702,13637,16943,2935,3306,2,7200,1.88777979431
10704,13642,16905,2938,3263,2,7200,1.90039840637
10719,13689,16815,2970,3126,2,7200,1.95009596929
10721,13722,16870,3001,3148,2,7200,1.95330368488
10722,13738,17126,3016,3388,2,7200,1.89020070838
10729,13745,17093,3016,3348,2,7200,1.90083632019
10731,13752,17143,3021,3391,2,7200,1.89088764376
10746,13795,17406,3049,3611,2,7200,1.84436444198
10749,13802,17203,3053,3401,2,7200,1.89767715378
10776,13861,17189,3085,3328,2,7200,1.92698317308
10790,13868,16977,3078,3109,2,7200,1.99002894821
10795,13873,17126,3078,3253,2,7200,1.94620350446
10812,13881,17181,3069,3300,2,7200,1.93
10813,13888,17522,3075,3634,2,7200,1.84617501376
10946,13923,17242,2977,3319,2,7200,1.89695691473
10948,13930,17244,2982,3314,2,7200,1.89981894991
10958,13941,17162,2983,3221,2,7200,1.92610990376
10963,13948,17074,2985,3126,2,7200,1.95489443378
10978,13955,17131,2977,3176,2,7200,1.93734256927
11163,13991,17383,2828,3392,2,7200,1.83372641509
11202,13996,17435,2794,3439,2,7200,1.81244547834
11447,14008,17018,2561,3010,2,7200,1.85083056478
11501,14015,17186,2514,3171,2,7200,1.79280983917
11583,14020,17188,2437,3168,2,7200,1.76925505051
11726,14045,17541,2319,3496,2,7200,1.66332951945
11743,14052,17126,2309,3074,2,7200,1.75113858165
12145,14064,17591,1919,3527,2,7200,1.54408846045
12616,14086,17428,1470,3342,2,7200,1.43985637343
13012,14093,17574,1081,3481,2,7200,1.31054294743
13026,14098,17249,1072,3151,2,7200,1.34020945732
13170,14105,17563,935,3458,2,7200,1.27038750723
13267,14110,17515,843,3405,2,7200,1.24757709251
13346,14117,17438,771,3321,2,7200,1.23215898826
13377,14129,14629,752,500,2,7200,2.504
13378,14142,16329,764,2187,2,7200,1.34933699131
13388,14162,17531,774,3369,2,7200,1.22974176313
13417,14179,17262,762,3083,2,7200,1.24716185534
13432,14187,17523,755,3336,2,7200,1.22631894484
13458,14215,17584,757,3369,2,7200,1.22469575542
13473,14220,17525,747,3305,2,7200,1.22602118003
13489,14244,17583,755,3339,2,7200,1.22611560347
13523,14277,17745,754,3468,2,7200,1.21741637832
13588,14284,17514,696,3230,2,7200,1.21547987616
13601,14313,17821,712,3508,2,7200,1.20296465222
13613,14322,17429,709,3107,2,7200,1.22819439974
13614,14329,17674,715,3345,2,7200,1.21375186846
13616,14341,17899,725,3558,2,7200,1.20376616076
13630,14392,17888,762,3496,2,7200,1.21796338673
13678,14641,18009,963,3368,2,7200,1.2859263658
13711,14691,17996,980,3305,2,7200,1.2965204236
13727,14732,17971,1005,3239,2,7200,1.31028095091
13742,14858,18231,1116,3373,2,7200,1.33086273347
13743,14895,18293,1152,3398,2,7200,1.33902295468
13786,15008,18290,1222,3282,2,7200,1.37233394272
13801,15043,18377,1242,3334,2,7200,1.3725254949
13850,15273,18563,1423,3290,2,7200,1.43252279635
13854,15496,18988,1642,3492,2,7200,1.47021764032
13865,15521,18886,1656,3365,2,7200,1.49212481426
13866,15906,19407,2040,3501,2,7200,1.58269065981
13882,16164,19753,2282,3589,2,7200,1.635831708
13912,16341,19436,2429,3095,2,7200,1.78481421648
13913,16422,19760,2509,3338,2,7200,1.75164769323
13932,16506,19897,2574,3391,2,7200,1.7590681215
13947,16545,19948,2598,3403,2,7200,1.76344401998
13948,16649,19996,2701,3347,2,7200,1.80699133552
13979,16762,20205,2783,3443,2,7200,1.80830670927
13980,16769,20216,2789,3447,2,7200,1.80910937047
13999,16828,20250,2829,3422,2,7200,1.82670952659
14014,16879,20080,2865,3201,2,7200,1.89503280225
14015,16886,20117,2871,3231,2,7200,1.88857938719
14034,16892,20289,2858,3397,2,7200,1.84133058581
14035,16897,20227,2862,3330,2,7200,1.85945945946
14054,16904,20261,2850,3357,2,7200,1.84897229669
14075,16913,20256,2838,3343,2,7200,1.84893807957
14090,16920,20313,2830,3393,2,7200,1.83407014441
14091,16925,20248,2834,3323,2,7200,1.85284381583
14092,16955,20361,2863,3406,2,7200,1.84057545508
14105,16990,20534,2885,3544,2,7200,1.81405191874
14107,17006,20232,2899,3226,2,7200,1.89863608184
14122,17021,20474,2899,3453,2,7200,1.83955980307
14137,17031,20257,2894,3226,2,7200,1.89708617483
14153,17086,20470,2933,3384,2,7200,1.86672576832
14168,17105,20499,2937,3394,2,7200,1.86535061874
14183,17112,20757,2929,3645,2,7200,1.80356652949
14205,17138,20567,2933,3429,2,7200,1.85535141441
14206,17143,20439,2937,3296,2,7200,1.89108009709
14235,17148,20619,2913,3471,2,7200,1.83923941227
14268,17155,20509,2887,3354,2,7200,1.86076326774
14273,17160,20608,2887,3448,2,7200,1.83729698376
14303,17174,20358,2871,3184,2,7200,1.9016959799
14316,17193,20604,2877,3411,2,7200,1.84344766931
14318,17200,20410,2882,3210,2,7200,1.89781931464
14334,17205,20552,2871,3347,2,7200,1.85778308933
14382,17213,20721,2831,3508,2,7200,1.80701254276
14630,17220,20463,2590,3243,2,7200,1.79864323158
14681,17255,20651,2574,3396,2,7200,1.75795053004
14721,17262,20599,2541,3337,2,7200,1.76146239137
14847,17267,20565,2420,3298,2,7200,1.7337780473
14885,17274,20584,2389,3310,2,7200,1.72175226586
14998,17396,20999,2398,3603,2,7200,1.66555648071
15032,17419,20534,2387,3115,2,7200,1.76629213483
15261,17440,20555,2179,3115,2,7200,1.69951845907
15486,17445,20819,1959,3374,2,7200,1.58061647896
15508,17453,20983,1945,3530,2,7200,1.55099150142
15896,17458,20722,1562,3264,2,7200,1.47855392157
16153,17527,20947,1374,3420,2,7200,1.40175438596
16332,17532,21116,1200,3584,2,7200,1.33482142857
16410,17539,20941,1129,3402,2,7200,1.33186360964
16494,17544,20624,1050,3080,2,7200,1.34090909091
16533,17550,20777,1017,3227,2,7200,1.31515339324
16637,17557,20923,920,3366,2,7200,1.27332144979
16750,17562,20860,812,3298,2,7200,1.24620982414
16752,17575,20852,823,3277,2,7200,1.25114433933
16815,17586,20767,771,3181,2,7200,1.24237661113
16869,17596,21068,727,3472,2,7200,1.20938940092
16871,17603,20830,732,3227,2,7200,1.22683607065
16872,17608,21252,736,3644,2,7200,1.20197585071
16873,17686,21166,813,3480,2,7200,1.23362068966
16887,17758,21244,871,3486,2,7200,1.24985656913
16903,17834,21134,931,3300,2,7200,1.28212121212
16908,17901,21479,993,3578,2,7200,1.277529346
16918,17912,21248,994,3336,2,7200,1.2979616307
16944,17984,21235,1040,3251,2,7200,1.31990156875
16980,18008,21187,1028,3179,2,7200,1.3233721296
16997,18022,21363,1025,3341,2,7200,1.30679437294
17010,18244,21208,1234,2964,2,7200,1.41632928475
17024,18303,21418,1279,3115,2,7200,1.41059390048
17076,18310,21963,1234,3653,2,7200,1.33780454421
17093,18389,22063,1296,3674,2,7200,1.35274904736
17108,18575,22072,1467,3497,2,7200,1.41950243065
17126,18899,22109,1773,3210,2,7200,1.5523364486
17127,19000,22137,1873,3137,2,7200,1.59706726172
17129,19419,22658,2290,3239,2,7200,1.70700833591
17144,19766,23263,2622,3497,2,7200,1.74978553045
17144,19448,22748,2304,3300,2,7200,1.69818181818
17164,19773,23184,2609,3411,2,7200,1.7648783348
17183,19909,23007,2726,3098,2,7200,1.87992253066
17186,19960,23241,2774,3281,2,7200,1.84547394087
17197,20009,23311,2812,3302,2,7200,1.85160508783
17202,20093,23190,2891,3097,2,7200,1.93348401679
17217,20130,23328,2913,3198,2,7200,1.91088180113
17245,20217,23362,2972,3145,2,7200,1.94499205087
17246,20227,23715,2981,3488,2,7200,1.85464449541
17261,20239,23228,2978,2989,2,7200,1.99631983941
17264,20247,23804,2983,3557,2,7200,1.83862805735
17385,20259,23665,2874,3406,2,7200,1.84380504991
17408,20267,23624,2859,3357,2,7200,1.85165326184
17431,20274,23743,2843,3469,2,7200,1.81954453733
17432,20279,23434,2847,3155,2,7200,1.90237717908
17447,20284,23559,2837,3275,2,7200,1.86625954198
17449,20301,23680,2852,3379,2,7200,1.84403669725
17516,20325,23602,2809,3277,2,7200,1.85718645102
17517,20371,23427,2854,3056,2,7200,1.93390052356
17524,20378,23785,2854,3407,2,7200,1.83768711476
17525,20423,23763,2898,3340,2,7200,1.86766467066
17532,20451,23837,2919,3386,2,7200,1.86207914944
17534,20476,23838,2942,3362,2,7200,1.8750743605
17543,20482,23816,2939,3334,2,7200,1.88152369526
17564,20489,23855,2925,3366,2,7200,1.86898395722
17573,20511,23775,2938,3264,2,7200,1.90012254902
17586,20520,23869,2934,3349,2,7200,1.87608241266
17587,20547,23961,2960,3414,2,7200,1.86701816052
17602,20552,23851,2950,3299,2,7200,1.89421036678
17675,20564,23981,2889,3417,2,7200,1.8454784899
17745,20571,23964,2826,3393,2,7200,1.83289124668
17823,20578,24265,2755,3687,2,7200,1.74721996203
17889,20585,23774,2696,3189,2,7200,1.84540608341
17904,20596,23962,2692,3366,2,7200,1.79976232917
17972,20613,23861,2641,3248,2,7200,1.81311576355
17996,20620,24338,2624,3718,2,7200,1.70575578268
18011,20627,23810,2616,3183,2,7200,1.821866164
18232,20634,23855,2402,3221,2,7200,1.7457311394
18293,20641,24109,2348,3468,2,7200,1.6770472895
18308,20664,24058,2356,3394,2,7200,1.6941661756
18378,20733,24401,2355,3668,2,7200,1.64203925845
18565,20740,23969,2175,3229,2,7200,1.67358315268
18887,20769,24269,1882,3500,2,7200,1.53771428571
18989,20779,24037,1790,3258,2,7200,1.54941682014
19409,20789,24180,1380,3391,2,7200,1.40695959894
19437,20831,24342,1394,3511,2,7200,1.39703788095
19756,20842,24192,1086,3350,2,7200,1.32417910448
19772,20865,24021,1093,3156,2,7200,1.34632446134
19899,20872,24386,973,3514,2,7200,1.27689243028
19950,20935,24055,985,3120,2,7200,1.31570512821
19999,20954,24047,955,3093,2,7200,1.30876172001
20082,20961,24311,879,3350,2,7200,1.2623880597
20118,20995,24147,877,3152,2,7200,1.27823604061
20206,21011,24654,805,3643,2,7200,1.2209717266
20221,21080,24477,859,3397,2,7200,1.25287017957
20236,21129,24626,893,3497,2,7200,1.25536173863
20241,21146,24487,905,3341,2,7200,1.27087698294
20256,21179,24504,923,3325,2,7200,1.27759398496
20258,21199,24772,941,3573,2,7200,1.26336411979
20259,21221,24530,962,3309,2,7200,1.29072227259
20275,21248,24587,973,3339,2,7200,1.29140461216
20276,21256,24715,980,3459,2,7200,1.28331887829
20291,21263,24519,972,3256,2,7200,1.29852579853
20315,21270,24192,955,2922,2,7200,1.32683093771
20361,21375,24965,1014,3590,2,7200,1.28245125348
20362,21430,24790,1068,3360,2,7200,1.31785714286
20411,21491,24893,1080,3402,2,7200,1.31746031746
20441,21975,25252,1534,3277,2,7200,1.4681110772
20466,22076,25204,1610,3128,2,7200,1.51470588235
20472,22084,25445,1612,3361,2,7200,1.47961916096
20487,22121,25276,1634,3155,2,7200,1.51790808241
20502,22150,25490,1648,3340,2,7200,1.49341317365
20511,22670,26068,2159,3398,2,7200,1.63537374926
20535,22761,25806,2226,3045,2,7200,1.73103448276
20535,23019,26508,2484,3489,2,7200,1.71195184867
20550,23197,26598,2647,3401,2,7200,1.77830049985
20566,23204,26442,2638,3238,2,7200,1.81470043237
20567,23240,26593,2673,3353,2,7200,1.79719654041
20581,23253,26648,2672,3395,2,7200,1.78703976436
20596,23275,26609,2679,3334,2,7200,1.80353929214
20603,23324,26834,2721,3510,2,7200,1.77521367521
20611,23340,26707,2729,3367,2,7200,1.81051381051
20613,23375,26650,2762,3275,2,7200,1.84335877863
20621,23440,26600,2819,3160,2,7200,1.89208860759
20628,23447,26718,2819,3271,2,7200,1.86181595842
20651,23571,27304,2920,3733,2,7200,1.78221269756
20722,23615,26960,2893,3345,2,7200,1.86487294469
20723,23636,26774,2913,3138,2,7200,1.92829827916
20759,23677,27334,2918,3657,2,7200,1.79792179382
20775,23692,26894,2917,3202,2,7200,1.91099312929
20790,23727,26880,2937,3153,2,7200,1.93149381541
20820,23755,27144,2935,3389,2,7200,1.86603717911
20829,23776,27119,2947,3343,2,7200,1.88154352378
20854,23786,27514,2932,3728,2,7200,1.7864806867
20869,23793,27056,2924,3263,2,7200,1.89610787619
20923,23800,24299,2877,499,2,7200,6.76553106212
20943,23816,27324,2873,3508,2,7200,1.81898517674
20947,23823,27291,2876,3468,2,7200,1.82929642445
20982,23830,27226,2848,3396,2,7200,1.83863368669
21000,23850,26767,2850,2917,2,7200,1.97703119643
21070,23857,27431,2787,3574,2,7200,1.77979854505
21117,23864,27076,2747,3212,2,7200,1.85523038605
21135,23871,26939,2736,3068,2,7200,1.89178617992
21168,23876,27170,2708,3294,2,7200,1.82210078931
21187,23883,27438,2696,3555,2,7200,1.75836849508
21210,23888,27003,2678,3115,2,7200,1.85971107544
21234,23972,27238,2738,3266,2,7200,1.83833435395
21249,23979,24058,2730,79,2,7200,35.5569620253
21251,23984,27246,2733,3262,2,7200,1.83782955242
21264,23991,27524,2727,3533,2,7200,1.77186527031
21366,23998,27526,2632,3528,2,7200,1.74603174603
21421,24034,27731,2613,3697,2,7200,1.70678928861
21481,24049,27580,2568,3531,2,7200,1.72727272727
21965,24060,27329,2095,3269,2,7200,1.64086876721
22065,24067,27426,2002,3359,2,7200,1.59601071748
22079,24074,27473,1995,3399,2,7200,1.58693733451
22109,24079,25474,1970,1395,2,7200,2.41218637993
22138,24121,27546,1983,3425,2,7200,1.57897810219
22660,24160,27512,1500,3352,2,7200,1.44749403341
22751,24192,27486,1441,3294,2,7200,1.43746205222
23009,24204,27388,1195,3184,2,7200,1.37531407035
23184,24209,27522,1025,3313,2,7200,1.3093872623
23192,24277,27510,1085,3233,2,7200,1.33560160841
23229,24284,27758,1055,3474,2,7200,1.30368451353
23244,24311,27696,1067,3385,2,7200,1.31521418021
23265,24324,27733,1059,3409,2,7200,1.31064828395
23313,24351,27686,1038,3335,2,7200,1.31124437781
23329,24358,27884,1029,3526,2,7200,1.29183210437
23365,24399,27713,1034,3314,2,7200,1.312009656
23429,24413,27873,984,3460,2,7200,1.28439306358
23444,24490,27793,1046,3303,2,7200,1.31668180442
23561,24500,27978,939,3478,2,7200,1.26998274871
23604,24517,28064,913,3547,2,7200,1.25740062024
23624,24531,27419,907,2888,2,7200,1.31405817175
23667,24542,27854,875,3312,2,7200,1.26419082126
23683,24599,27978,916,3379,2,7200,1.27108612015
23716,24638,28199,922,3561,2,7200,1.25891603482
23744,24666,27851,922,3185,2,7200,1.28948194662
23764,24727,28183,963,3456,2,7200,1.27864583333
23779,24785,28095,1006,3310,2,7200,1.30392749245
23780,24802,28396,1022,3594,2,7200,1.28436282693
23795,24906,28641,1111,3735,2,7200,1.29745649264
23810,24978,28725,1168,3747,2,7200,1.3117160395
23811,25217,28383,1406,3166,2,7200,1.44409349337
23825,25265,28418,1440,3153,2,7200,1.45670789724
23838,25289,28872,1451,3583,2,7200,1.40496790399
23839,25457,28818,1618,3361,2,7200,1.48140434395
23855,25487,28826,1632,3339,2,7200,1.48876909254
23857,25503,28914,1646,3411,2,7200,1.48255643506
23858,25817,29354,1959,3537,2,7200,1.55385920271
23873,26080,29591,2207,3511,2,7200,1.62859584164
23875,26454,29892,2579,3438,2,7200,1.75014543339
23963,26521,29996,2558,3475,2,7200,1.73611510791
23964,26606,29945,2642,3339,2,7200,1.79125486673
23966,26613,27749,2647,1136,2,7200,3.3301056338
23978,26618,30317,2640,3699,2,7200,1.71370640714
23993,26626,29809,2633,3183,2,7200,1.82720703739
24020,26660,30014,2640,3354,2,7200,1.78711985689
24038,26667,30053,2629,3386,2,7200,1.77643236858
24048,26719,30089,2671,3370,2,7200,1.79258160237
24059,26731,30396,2672,3665,2,7200,1.72905866303
24063,26779,30352,2716,3573,2,7200,1.76014553596
24064,26786,30460,2722,3674,2,7200,1.74088187262
24110,26846,30241,2736,3395,2,7200,1.8058910162
24149,26892,30260,2743,3368,2,7200,1.81442992874
24183,26906,29959,2723,3053,2,7200,1.89190959712
24192,26952,29485,2760,2533,2,7200,2.08961705488
24198,26973,30335,2775,3362,2,7200,1.8254015467
24267,27015,30159,2748,3144,2,7200,1.87404580153
24271,27069,30434,2798,3365,2,7200,1.83150074294
24300,27088,30771,2788,3683,2,7200,1.75699158295
24313,27132,30583,2819,3451,2,7200,1.81686467691
24341,27157,30613,2816,3456,2,7200,1.81481481481
24356,27182,30813,2826,3631,2,7200,1.77829798953
24386,27238,30515,2852,3277,2,7200,1.87030820873
24402,27251,30557,2849,3306,2,7200,1.86176648518
24480,27258,30695,2778,3437,2,7200,1.80826302008
24496,27303,30438,2807,3135,2,7200,1.89537480064
24511,27317,30505,2806,3188,2,7200,1.88017565872
24526,27337,30876,2811,3539,2,7200,1.79429217293
24541,27344,30984,2803,3640,2,7200,1.77005494505
24590,27351,30704,2761,3353,2,7200,1.82344169401
24629,27401,30797,2772,3396,2,7200,1.81625441696
24657,27431,30602,2774,3171,2,7200,1.87480290129
24717,27438,30572,2721,3134,2,7200,1.86821952776
24772,27445,30675,2673,3230,2,7200,1.82755417957
24790,27452,30703,2662,3251,2,7200,1.81882497693
24893,27485,30922,2592,3437,2,7200,1.75414605761
24969,27499,30838,2530,3339,2,7200,1.75771188979
25204,27523,30840,2319,3317,2,7200,1.69912571601
25253,27530,30913,2277,3383,2,7200,1.67307123855
25277,27535,30960,2258,3425,2,7200,1.65927007299
25446,27542,31017,2096,3475,2,7200,1.60316546763
25476,27547,30913,2071,3366,2,7200,1.61527035056
25492,27553,30973,2061,3420,2,7200,1.60263157895
25809,27560,30825,1751,3265,2,7200,1.53629402757
26068,27592,28102,1524,510,2,7200,3.98823529412
26444,27699,31094,1255,3395,2,7200,1.36966126657
26510,27709,30856,1199,3147,2,7200,1.38099777566
26593,27725,28274,1132,549,2,7200,3.06193078324
26601,27743,31320,1142,3577,2,7200,1.31926195136
26607,27749,31111,1142,3362,2,7200,1.33967876264
26616,27761,31078,1145,3317,2,7200,1.34519143805
26650,27772,31178,1122,3406,2,7200,1.32941867293
26651,27805,31319,1154,3514,2,7200,1.32840068298
26709,27863,31086,1154,3223,2,7200,1.35805150481
26724,27870,31035,1146,3165,2,7200,1.36208530806
26767,27886,31363,1119,3477,2,7200,1.32182916307
26775,27896,31190,1121,3294,2,7200,1.34031572556
26837,27990,31659,1153,3669,2,7200,1.31425456528
26881,27996,31481,1115,3485,2,7200,1.31994261119
26897,28077,31243,1180,3166,2,7200,1.37271004422
26942,28107,31538,1165,3431,2,7200,1.33955115127
26963,28114,31448,1151,3334,2,7200,1.34523095381
27006,28195,31365,1189,3170,2,7200,1.37507886435
27057,28212,31537,1155,3325,2,7200,1.34736842105
27078,28286,31622,1208,3336,2,7200,1.36211031175
27120,28396,31946,1276,3550,2,7200,1.35943661972
27145,28409,31812,1264,3403,2,7200,1.37143696738
27173,28431,31583,1258,3152,2,7200,1.39911167513
27226,28654,31654,1428,3000,2,7200,1.476
27241,28738,32285,1497,3547,2,7200,1.42204680011
27248,28830,32511,1582,3681,2,7200,1.42977451779
27294,28839,32407,1545,3568,2,7200,1.43301569507
27307,28884,32596,1577,3712,2,7200,1.42483836207
27325,28927,32309,1602,3382,2,7200,1.47368421053
27330,29367,32502,2037,3135,2,7200,1.64976076555
27346,29497,32932,2151,3435,2,7200,1.62620087336
27388,29604,33366,2216,3762,2,7200,1.58904837852
27421,29821,29839,2400,18,2,7200,134.333333333
27436,29851,32886,2415,3035,2,7200,1.79571663921
27437,29904,33080,2467,3176,2,7200,1.77676322418
27454,29957,32423,2503,2466,2,7200,2.01500405515
27475,29971,31584,2496,1613,2,7200,2.54742715437
27489,30009,33153,2520,3144,2,7200,1.80152671756
27513,30026,33469,2513,3443,2,7200,1.72988672669
27515,30066,33549,2551,3483,2,7200,1.73241458513
27523,30102,32844,2579,2742,2,7200,1.9405543399
27524,30172,33391,2648,3219,2,7200,1.82261571917
27530,30253,33765,2723,3512,2,7200,1.77534168565
27531,30272,33385,2741,3113,2,7200,1.88050112432
27549,30330,33730,2781,3400,2,7200,1.81794117647
27582,30348,33868,2766,3520,2,7200,1.78579545455
27687,30365,33875,2678,3510,2,7200,1.76296296296
27698,30408,33991,2710,3583,2,7200,1.75634942785
27713,30447,33609,2734,3162,2,7200,1.86464263125
27732,30453,34116,2721,3663,2,7200,1.74283374283
27747,30473,33821,2726,3348,2,7200,1.81421744325
27756,30518,33764,2762,3246,2,7200,1.85089340727
27762,30527,33907,2765,3380,2,7200,1.81804733728
27796,30569,33847,2773,3278,2,7200,1.84594264796
27853,30585,33953,2732,3368,2,7200,1.81116389549
27868,30595,33870,2727,3275,2,7200,1.83267175573
27884,30614,33812,2730,3198,2,7200,1.85365853659
27885,30625,33962,2740,3337,2,7200,1.82109679353
27980,30687,33927,2707,3240,2,7200,1.83549382716
27981,30707,33851,2726,3144,2,7200,1.86704834606
28066,30716,34321,2650,3605,2,7200,1.73509015257
28095,30721,34295,2626,3574,2,7200,1.73475097929
28110,30783,34107,2673,3324,2,7200,1.80415162455
28185,30810,34147,2625,3337,2,7200,1.78663470183
28196,30825,34095,2629,3270,2,7200,1.80397553517
28276,30838,34384,2562,3546,2,7200,1.72250423012
28386,30851,34024,2465,3173,2,7200,1.776867318
28396,30858,33986,2462,3128,2,7200,1.78708439898
28420,30869,34116,2449,3247,2,7200,1.75423467816
28643,30888,32768,2245,1880,2,7200,2.19414893617
28727,30925,34535,2198,3610,2,7200,1.60886426593
28818,30930,34283,2112,3353,2,7200,1.62988368625
28834,30937,34247,2103,3310,2,7200,1.63534743202
28873,30972,34285,2099,3313,2,7200,1.63356474494
28916,30986,34180,2070,3194,2,7200,1.64809016907
29355,30997,34294,1642,3297,2,7200,1.49802851077
29488,31029,34250,1541,3221,2,7200,1.47842285005
29594,31047,34371,1453,3324,2,7200,1.43712394705
29812,31091,34458,1279,3367,2,7200,1.37986337986
29842,31098,34597,1256,3499,2,7200,1.35895970277
29894,31106,34397,1212,3291,2,7200,1.36827711942
29947,31124,34642,1177,3518,2,7200,1.3345650938
29960,31190,34230,1230,3040,2,7200,1.40460526316
29997,31202,34364,1205,3162,2,7200,1.38108791904
30015,31256,34747,1241,3491,2,7200,1.35548553423
30053,31331,34418,1278,3087,2,7200,1.4139941691
30091,31338,34785,1247,3447,2,7200,1.36176385263
30162,31375,34758,1213,3383,2,7200,1.35855749335
30242,31382,34786,1140,3404,2,7200,1.33490011751
30260,31461,34621,1201,3160,2,7200,1.38006329114
30318,31493,35032,1175,3539,2,7200,1.33201469342
30336,31549,34900,1213,3351,2,7200,1.36198149806
30354,31556,34945,1202,3389,2,7200,1.35467689584
30397,31595,35006,1198,3411,2,7200,1.35121665201
30436,31602,34795,1166,3193,2,7200,1.36517381773
30452,31634,34999,1182,3365,2,7200,1.35126300149
30467,31667,34951,1200,3284,2,7200,1.36540803898
30506,31674,35120,1168,3446,2,7200,1.33894370284
30521,31824,35291,1303,3467,2,7200,1.37582924719
30558,31958,35290,1400,3332,2,7200,1.42016806723
30573,32298,35576,1725,3278,2,7200,1.52623550946
30588,32322,35983,1734,3661,2,7200,1.47364108167
30604,32420,36004,1816,3584,2,7200,1.50669642857
30619,32436,35838,1817,3402,2,7200,1.53409758965
30676,32515,35841,1839,3326,2,7200,1.55291641612
30697,32524,36091,1827,3567,2,7200,1.51219512195
30713,32609,36043,1896,3434,2,7200,1.55212580082
30715,32780,36256,2065,3476,2,7200,1.59407364787
30770,32856,36364,2086,3508,2,7200,1.59464082098
30799,32898,35900,2099,3002,2,7200,1.69920053298
30814,32944,36181,2130,3237,2,7200,1.65801668211
30827,33092,35175,2265,2083,2,7200,2.08737397984
30839,33166,36714,2327,3548,2,7200,1.65586245772
30842,33378,36511,2536,3133,2,7200,1.8094478136
30857,33398,36798,2541,3400,2,7200,1.74735294118
30878,33405,36803,2527,3398,2,7200,1.74367274868
30914,33481,36746,2567,3265,2,7200,1.78621745789
30915,33562,36709,2647,3147,2,7200,1.84111852558
30930,33622,37062,2692,3440,2,7200,1.78255813953
30960,33743,37097,2783,3354,2,7200,1.8297555158
30975,33777,36897,2802,3120,2,7200,1.89807692308
30991,33784,36900,2793,3116,2,7200,1.89634146341
31018,33824,37327,2806,3503,2,7200,1.80102769055
31036,33834,37134,2798,3300,2,7200,1.84787878788
31079,33859,37205,2780,3346,2,7200,1.83084279737
31094,33866,37211,2772,3345,2,7200,1.82869955157
31095,33881,36977,2786,3096,2,7200,1.89987080103
31113,33888,37068,2775,3180,2,7200,1.87264150943
31180,33893,36994,2713,3101,2,7200,1.87487907127
31195,33920,37231,2725,3311,2,7200,1.82301419511
31244,33939,37324,2695,3385,2,7200,1.79615952733
31320,33965,37100,2645,3135,2,7200,1.84370015949
31335,33974,37320,2639,3346,2,7200,1.78870292887
31364,33999,37958,2635,3959,2,7200,1.66557211417
31379,34006,37384,2627,3378,2,7200,1.77767910006
31450,34037,37267,2587,3230,2,7200,1.80092879257
31484,34108,37286,2624,3178,2,7200,1.82567652612
31538,34120,37242,2582,3122,2,7200,1.82703395259
31539,34128,37583,2589,3455,2,7200,1.7493487699
31584,34133,37819,2549,3686,2,7200,1.69153553988
31585,34159,37521,2574,3362,2,7200,1.76561570494
31623,34192,37785,2569,3593,2,7200,1.71500139159
31656,34242,37739,2586,3497,2,7200,1.73949099228
31671,34258,37774,2587,3516,2,7200,1.73577929465
31812,34265,37616,2453,3351,2,7200,1.73202029245
31945,34295,37471,2350,3176,2,7200,1.73992443325
32287,34302,37764,2015,3462,2,7200,1.58203350664
32311,34309,37217,1998,2908,2,7200,1.68707015131
32408,34314,37632,1906,3318,2,7200,1.5744424352
32425,34334,37959,1909,3625,2,7200,1.52662068966
32505,34376,37847,1871,3471,2,7200,1.53903774128
32520,34384,37556,1864,3172,2,7200,1.58764186633
32597,34396,37478,1799,3082,2,7200,1.58371187541
32769,34410,37800,1641,3390,2,7200,1.48407079646
32844,34430,37649,1586,3219,2,7200,1.49269959615
32867,68644,84827,35777,16183,1,36000,3.21077674102
32886,34470,37708,1584,3238,2,7200,1.48919085855
32934,34549,38004,1615,3455,2,7200,1.46743849493
33082,34609,34727,1527,118,2,7200,13.9406779661
33155,34634,38050,1479,3416,2,7200,1.43296252927
33365,34654,37571,1289,2917,2,7200,1.44189235516
33387,34740,38102,1353,3362,2,7200,1.40243902439
33392,34759,38318,1367,3559,2,7200,1.38409665636
33469,34770,38265,1301,3495,2,7200,1.37224606581
33550,34797,38021,1247,3224,2,7200,1.3867866005
33557,84840,120844,51283,36004,1,36000,2.4243695145
33611,34804,38104,1193,3300,2,7200,1.36151515152
33719,108218,144263,74499,36045,1,36000,3.06683312526
33732,34811,37977,1079,3166,2,7200,1.34080859128
33766,34913,38293,1147,3380,2,7200,1.33934911243
33767,34957,38296,1190,3339,2,7200,1.35639412998
33813,34964,38390,1151,3426,2,7200,1.33596030356
33821,35012,38171,1191,3159,2,7200,1.37701804368
33849,35019,38402,1170,3383,2,7200,1.34584688147
33865,35044,38254,1179,3210,2,7200,1.36728971963
33870,35133,38223,1263,3090,2,7200,1.40873786408
33880,35187,38319,1307,3132,2,7200,1.41730523627
33884,35302,38364,1418,3062,2,7200,1.46309601568
33908,35308,38689,1400,3381,2,7200,1.41407867495
33929,35468,38673,1539,3205,2,7200,1.48018720749
33953,35473,38840,1520,3367,2,7200,1.45144045144
33968,35588,39054,1620,3466,2,7200,1.46739757646
33987,35850,39325,1863,3475,2,7200,1.53611510791
33993,35857,39302,1864,3445,2,7200,1.54107402032
34026,35913,39309,1887,3396,2,7200,1.55565371025
34096,35995,39441,1899,3446,2,7200,1.55107370865
34108,36016,39341,1908,3325,2,7200,1.57383458647
34122,36056,39276,1934,3220,2,7200,1.60062111801
34124,36104,39308,1980,3204,2,7200,1.61797752809
34148,36193,39484,2045,3291,2,7200,1.62139167426
34182,36268,39577,2086,3309,2,7200,1.63040193412
34231,36377,39802,2146,3425,2,7200,1.62656934307
34246,36524,39962,2278,3438,2,7200,1.6625945317
34252,36722,38212,2470,1490,2,7200,2.65771812081
34286,36729,40077,2443,3348,2,7200,1.72968936679
34287,36759,39890,2472,3131,2,7200,1.7895241137
34297,36810,40030,2513,3220,2,7200,1.78043478261
34303,36817,40143,2514,3326,2,7200,1.75586289838
34324,36909,40114,2585,3205,2,7200,1.80655226209
34366,36916,40220,2550,3304,2,7200,1.77179176755
34381,36989,40456,2608,3467,2,7200,1.75223536198
34385,37007,40615,2622,3608,2,7200,1.72671840355
34400,37074,40470,2674,3396,2,7200,1.78739693757
34417,37081,37584,2664,503,2,7200,6.29622266402
34460,37109,40469,2649,3360,2,7200,1.78839285714
34535,37116,40431,2581,3315,2,7200,1.77858220211
34599,37146,40461,2547,3315,2,7200,1.76832579186
34624,37218,40651,2594,3433,2,7200,1.75560734052
34641,37225,40309,2584,3084,2,7200,1.83787289235
34729,37232,40633,2503,3401,2,7200,1.73596001176
34748,37244,40865,2496,3621,2,7200,1.68931234466
34759,37254,40297,2495,3043,2,7200,1.819914558
34787,37279,40456,2492,3177,2,7200,1.78438778722
34789,37299,40834,2510,3535,2,7200,1.71004243281
34804,37333,40744,2529,3411,2,7200,1.74142480211
34901,37340,40692,2439,3352,2,7200,1.72762529833
34946,37345,40787,2399,3442,2,7200,1.69697850087
34961,37397,40732,2436,3335,2,7200,1.73043478261
35001,37483,40620,2482,3137,2,7200,1.79120178515
35007,37492,40765,2485,3273,2,7200,1.75924228537
35034,37534,40836,2500,3302,2,7200,1.75711689885
35119,37568,40855,2449,3287,2,7200,1.74505628232
35176,37583,40798,2407,3215,2,7200,1.74867807154
35292,37596,40852,2304,3256,2,7200,1.70761670762
35293,37601,40859,2308,3258,2,7200,1.70841006753
35577,37629,41040,2052,3411,2,7200,1.60158311346
35668,53863,68281,18195,14418,4,14400,2.2619642114
35668,47111,53850,11443,6739,4,14400,2.69802641341
35669,68294,72550,32625,4256,4,14400,8.66564849624
35670,72562,76897,36892,4335,4,14400,9.51026528258
35671,81277,85595,45606,4318,4,14400,11.5618341825
35671,76909,81265,41238,4356,4,14400,10.4669421488
35672,85612,89997,49940,4385,4,14400,12.3888255416
35673,90009,94352,54336,4343,4,14400,13.5111673958
35673,94364,98666,58691,4302,4,14400,14.6427243143
35674,98678,103019,63004,4341,4,14400,15.5137065192
35675,103031,107378,67356,4347,4,14400,16.4948240166
35676,111735,116055,76059,4320,4,14400,18.60625
35676,107390,111723,71714,4333,4,14400,17.5506577429
35677,116063,125917,80386,9854,4,14400,9.15770245586
35678,126792,127645,91114,853,4,14400,107.815943728
35678,125923,126785,90245,862,4,14400,105.692575406
35679,127654,128517,91975,863,4,14400,107.57589803
35680,128530,129392,92850,862,4,14400,108.714617169
35681,130264,131115,94583,851,4,14400,112.143360752
35681,129398,130258,93717,860,4,14400,109.973255814
35841,37644,40984,1803,3340,2,7200,1.53982035928
35842,37662,41140,1820,3478,2,7200,1.52328924669
35903,37720,41036,1817,3316,2,7200,1.54794933655
35985,37752,41019,1767,3267,2,7200,1.54086317723
36006,37775,40950,1769,3175,2,7200,1.55716535433
36045,37786,41251,1741,3465,2,7200,1.50245310245
36094,37798,41265,1704,3467,2,7200,1.49149120277
36182,37813,41197,1631,3384,2,7200,1.48197399527
36257,37831,41241,1574,3410,2,7200,1.46158357771
36364,37859,41594,1495,3735,2,7200,1.40026773762
36511,37971,41664,1460,3693,2,7200,1.39534253994
36711,37976,41408,1265,3432,2,7200,1.36858974359
36726,37990,41333,1264,3343,2,7200,1.37810349985
36747,38016,40999,1269,2983,2,7200,1.42541066041
36799,38034,41326,1235,3292,2,7200,1.37515188335
36814,38063,41489,1249,3426,2,7200,1.36456509048
36899,38115,41438,1216,3323,2,7200,1.36593439663
36914,38122,41450,1208,3328,2,7200,1.36298076923
36977,38184,41431,1207,3247,2,7200,1.37172774869
36995,38225,41621,1230,3396,2,7200,1.36219081272
37062,38235,41633,1173,3398,2,7200,1.34520306062
37070,38266,41550,1196,3284,2,7200,1.36419001218
37098,38277,41343,1179,3066,2,7200,1.38454011742
37114,38305,41866,1191,3561,2,7200,1.33445661331
37135,38312,41819,1177,3507,2,7200,1.33561448532
37208,38330,41791,1122,3461,2,7200,1.32418376192
37218,38337,41738,1119,3401,2,7200,1.32902087621
37223,38376,41686,1153,3310,2,7200,1.34833836858
37238,38403,41549,1165,3146,2,7200,1.37031150668
37254,38414,41727,1160,3313,2,7200,1.35013582855
37269,38685,42411,1416,3726,2,7200,1.38003220612
37287,38701,42236,1414,3535,2,7200,1.4
37321,38853,42284,1532,3431,2,7200,1.44651705042
37336,39067,42495,1731,3428,2,7200,1.50495915986
37337,39288,42987,1951,3699,2,7200,1.52743984861
37384,39315,42496,1931,3181,2,7200,1.60704181075
37468,39322,42698,1854,3376,2,7200,1.54917061611
37483,39327,42060,1844,2733,2,7200,1.67471642883
37522,39337,43159,1815,3822,2,7200,1.4748822606
37559,39353,42870,1794,3517,2,7200,1.51009382997
37571,39454,42941,1883,3487,2,7200,1.54000573559
37585,39497,42900,1912,3403,2,7200,1.56185718484
37586,39590,42899,2004,3309,2,7200,1.60562103354
37619,39815,42942,2196,3127,2,7200,1.70227054685
37635,39903,43235,2268,3332,2,7200,1.68067226891
37652,39975,42275,2323,2300,2,7200,2.01
37709,40043,40616,2334,573,2,7200,5.07329842932
37742,40090,43448,2348,3358,2,7200,1.6992257296
37766,40127,43427,2361,3300,2,7200,1.71545454545
37780,40156,43440,2376,3284,2,7200,1.72350791717
37795,40232,43697,2437,3465,2,7200,1.70331890332
37810,40310,43530,2500,3220,2,7200,1.77639751553
37824,40321,43248,2497,2927,2,7200,1.85309190297
37848,40444,43928,2596,3484,2,7200,1.74512055109
37957,40468,44109,2511,3641,2,7200,1.68964570173
37972,40475,43820,2503,3345,2,7200,1.74828101644
37978,40480,43944,2502,3464,2,7200,1.72228637413
38005,40487,44103,2482,3616,2,7200,1.68639380531
38023,40492,43925,2469,3433,2,7200,1.71919603845
38051,40627,43986,2576,3359,2,7200,1.7668949092
38106,40634,43853,2528,3219,2,7200,1.7853370612
38107,40639,44114,2532,3475,2,7200,1.72863309353
38172,40646,43809,2474,3163,2,7200,1.78216882706
38214,40664,42852,2450,2188,2,7200,2.1197440585
38229,40704,44216,2475,3512,2,7200,1.70472665148
38256,40744,44019,2488,3275,2,7200,1.75969465649
38271,40756,44295,2485,3539,2,7200,1.70217575586
38297,40778,44308,2481,3530,2,7200,1.70283286119
38298,40800,44128,2502,3328,2,7200,1.75180288462
38317,40810,41303,2493,493,2,7200,6.05679513185
38322,40846,44182,2524,3336,2,7200,1.75659472422
38366,40853,44098,2487,3245,2,7200,1.76640986133
38392,40865,44378,2473,3513,2,7200,1.70395673214
38407,40872,44086,2465,3214,2,7200,1.76695706285
38674,40877,44493,2203,3616,2,7200,1.60923672566
38689,40884,44670,2195,3786,2,7200,1.57976756471
38841,40962,44375,2121,3413,2,7200,1.62144740697
39056,40996,44194,1940,3198,2,7200,1.60662914321
39277,41011,44226,1734,3215,2,7200,1.53934681182
39304,41031,44621,1727,3590,2,7200,1.48105849582
39310,41048,44340,1738,3292,2,7200,1.52794653706
39319,41055,44786,1736,3731,2,7200,1.46529080675
39325,41152,44306,1827,3154,2,7200,1.57926442613
39343,41210,41708,1867,498,2,7200,4.74899598394
39443,41253,44677,1810,3424,2,7200,1.52862149533
39485,41264,44409,1779,3145,2,7200,1.56565977742
39579,41277,44537,1698,3260,2,7200,1.52085889571
39803,41316,44666,1513,3350,2,7200,1.45164179104
39891,41339,44690,1448,3351,2,7200,1.43210981796
39964,41346,44454,1382,3108,2,7200,1.44465894466
40031,41356,44359,1325,3003,2,7200,1.44122544123
40079,41421,44755,1342,3334,2,7200,1.4025194961
40115,41443,44812,1328,3369,2,7200,1.39418224993
40146,41450,44980,1304,3530,2,7200,1.36940509915
40221,41462,44958,1241,3496,2,7200,1.3549771167
40299,41501,44626,1202,3125,2,7200,1.38464
40314,41561,45008,1247,3447,2,7200,1.36176385263
40432,41568,45164,1136,3596,2,7200,1.31590656285
40458,41607,44822,1149,3215,2,7200,1.35738724728
40459,41633,44937,1174,3304,2,7200,1.35532687651
40462,41645,42957,1183,1312,2,7200,1.90167682927
40475,41676,44833,1201,3157,2,7200,1.3804244536
40476,41698,44796,1222,3098,2,7200,1.39444803099
40616,41720,45142,1104,3422,2,7200,1.32261835184
40618,41740,45442,1122,3702,2,7200,1.30307941653
40622,41750,45172,1128,3422,2,7200,1.32963179427
40636,41803,45216,1167,3413,2,7200,1.34192792265
40652,41831,45270,1179,3439,2,7200,1.34283221867
40692,41878,45274,1186,3396,2,7200,1.3492343934
40734,42073,45388,1339,3315,2,7200,1.40392156863
40749,42248,45701,1499,3453,2,7200,1.43411526209
40765,42287,45919,1522,3632,2,7200,1.41905286344
40789,42297,45666,1508,3369,2,7200,1.44761056693
40798,42424,45449,1626,3025,2,7200,1.53752066116
40834,42507,45652,1673,3145,2,7200,1.5319554849
40850,42514,45837,1664,3323,2,7200,1.50075233223
40865,42710,45856,1845,3146,2,7200,1.58645899555
40867,42863,46265,1996,3402,2,7200,1.58671369782
40868,42882,46432,2014,3550,2,7200,1.56732394366
40869,42911,46344,2042,3433,2,7200,1.59481503059
40951,42918,46002,1967,3084,2,7200,1.6378080415
40985,42953,46573,1968,3620,2,7200,1.54364640884
41001,42960,45997,1959,3037,2,7200,1.64504445176
41021,42970,46298,1949,3328,2,7200,1.58563701923
41036,43000,46118,1964,3118,2,7200,1.62989095574
41051,43171,46280,2120,3109,2,7200,1.68189128337
41142,43248,46591,2106,3343,2,7200,1.62997307807
41200,43260,46595,2060,3335,2,7200,1.61769115442
41242,43440,47098,2198,3658,2,7200,1.60087479497
41257,43452,46765,2195,3313,2,7200,1.66254150317
41275,43460,46848,2185,3388,2,7200,1.64492325856
41304,43543,46913,2239,3370,2,7200,1.66439169139
41329,43709,47042,2380,3333,2,7200,1.71407140714
41344,43822,46954,2478,3132,2,7200,1.79118773946
41346,43832,47184,2486,3352,2,7200,1.74164677804
41409,43867,47179,2458,3312,2,7200,1.74214975845
41431,43937,47084,2506,3147,2,7200,1.79631394979
41446,43943,47315,2497,3372,2,7200,1.74051008304
41461,43957,47132,2496,3175,2,7200,1.78614173228
41492,43998,47406,2506,3408,2,7200,1.7353286385
41549,44032,47098,2483,3066,2,7200,1.80984996738
41552,44099,47524,2547,3425,2,7200,1.74364963504
41597,44111,47220,2514,3109,2,7200,1.80862013509
41622,44118,47506,2496,3388,2,7200,1.73671782763
41637,44125,47637,2488,3512,2,7200,1.70842824601
41663,44132,47307,2469,3175,2,7200,1.77763779528
41689,44140,47229,2451,3089,2,7200,1.79346066688
41709,44195,46509,2486,2314,2,7200,2.07433016422
41729,44206,47533,2477,3327,2,7200,1.7445145777
41739,44229,47304,2490,3075,2,7200,1.80975609756
41793,44238,47430,2445,3192,2,7200,1.76597744361
41820,44307,47725,2487,3418,2,7200,1.72761849035
41869,44318,47798,2449,3480,2,7200,1.70373563218
42063,44325,47593,2262,3268,2,7200,1.69216646267
42238,44353,47723,2115,3370,2,7200,1.62759643917
42277,44371,47700,2094,3329,2,7200,1.62901772304
42284,44388,47602,2104,3214,2,7200,1.65463596764
42414,44395,47740,1981,3345,2,7200,1.59222720478
42496,44421,47997,1925,3576,2,7200,1.53831096197
42498,44467,47568,1969,3101,2,7200,1.63495646566
42699,44505,47522,1806,3017,2,7200,1.59860788863
42854,44550,47901,1696,3351,2,7200,1.50611757684
42871,44633,48247,1762,3614,2,7200,1.4875484228
42899,44640,47850,1741,3210,2,7200,1.54236760125
42902,44679,48152,1777,3473,2,7200,1.51166138785
42941,44686,47939,1745,3253,2,7200,1.5364279127
42942,44694,48112,1752,3418,2,7200,1.51258045641
42959,44702,48203,1743,3501,2,7200,1.49785775493
42990,44768,48327,1778,3559,2,7200,1.4995785333
43159,44799,48307,1640,3508,2,7200,1.46750285063
43238,44808,48204,1570,3396,2,7200,1.46230859835
43249,44824,47989,1575,3165,2,7200,1.49763033175
43430,44834,48087,1404,3253,2,7200,1.43160159852
43445,44846,46966,1401,2120,2,7200,1.6608490566
43460,44950,48596,1490,3646,2,7200,1.40866703236
43532,44971,48694,1439,3723,2,7200,1.38651625034
43697,44993,48083,1296,3090,2,7200,1.41941747573
43809,45020,48534,1211,3514,2,7200,1.34462151394
43824,45155,48285,1331,3130,2,7200,1.42523961661
43853,45177,48330,1324,3153,2,7200,1.41991753885
43926,45184,48326,1258,3142,2,7200,1.40038192234
43942,45229,48712,1287,3483,2,7200,1.36950904393
43957,45282,48474,1325,3192,2,7200,1.41510025063
43987,45289,48846,1302,3557,2,7200,1.36603879674
44021,45400,48584,1379,3184,2,7200,1.43310301508
44087,45455,48830,1368,3375,2,7200,1.40533333333
44099,45462,48645,1363,3183,2,7200,1.42821237826
44106,45665,48867,1559,3202,2,7200,1.486883198
44114,45679,48980,1565,3301,2,7200,1.47409875795
44121,45714,49176,1593,3462,2,7200,1.46013864818
44136,45850,48979,1714,3129,2,7200,1.54777884308
44185,45869,49170,1684,3301,2,7200,1.51014843987
44200,45932,49227,1732,3295,2,7200,1.52564491654
44217,46009,49385,1792,3376,2,7200,1.5308056872
44232,46016,49195,1784,3179,2,7200,1.56118276187
44297,46131,49311,1834,3180,2,7200,1.57672955975
44307,46278,49663,1971,3385,2,7200,1.58227474151
44313,46292,49756,1979,3464,2,7200,1.57130484988
44340,46311,49919,1971,3608,2,7200,1.54628603104
44361,46360,50050,1999,3690,2,7200,1.54173441734
44376,46444,49972,2068,3528,2,7200,1.58616780045
44392,46522,50095,2130,3573,2,7200,1.59613769941
44409,46585,49974,2176,3389,2,7200,1.64207730894
44455,46603,49922,2148,3319,2,7200,1.64718288641
44495,46610,49991,2115,3381,2,7200,1.62555456965
44540,46777,50269,2237,3492,2,7200,1.64060710195
44622,46860,50198,2238,3338,2,7200,1.6704613541
44627,46926,50596,2299,3670,2,7200,1.62643051771
44668,46967,50121,2299,3154,2,7200,1.72891566265
44672,46979,50047,2307,3068,2,7200,1.75195567145
44683,47055,50407,2372,3352,2,7200,1.7076372315
44699,47097,50490,2398,3393,2,7200,1.70674918951
44756,47144,50401,2388,3257,2,7200,1.7331900522
44787,47179,50533,2392,3354,2,7200,1.71317829457
44802,47192,50698,2390,3506,2,7200,1.68168853394
44817,47199,50883,2382,3684,2,7200,1.64657980456
44833,47233,50584,2400,3351,2,7200,1.71620411817
44834,47242,50590,2408,3348,2,7200,1.7192353644
44940,47317,50483,2377,3166,2,7200,1.75078963992
44962,47324,50831,2362,3507,2,7200,1.67351012261
44983,47331,50847,2348,3516,2,7200,1.66780432309
45008,47419,50631,2411,3212,2,7200,1.75062266501
45144,47443,50349,2299,2906,2,7200,1.79112181693
45165,47519,50789,2354,3270,2,7200,1.71987767584
45173,47534,50685,2361,3151,2,7200,1.74928594097
45217,47541,50560,2324,3019,2,7200,1.76979132163
45271,47548,50924,2277,3376,2,7200,1.67446682464
45286,47581,50947,2295,3366,2,7200,1.68181818182
45389,47606,50885,2217,3279,2,7200,1.67612076853
45443,47615,50893,2172,3278,2,7200,1.66259914582
45458,47649,51286,2191,3637,2,7200,1.60241957657
45655,47712,50864,2057,3152,2,7200,1.65260152284
45670,47736,51215,2066,3479,2,7200,1.59384880713
45703,47743,50946,2040,3203,2,7200,1.63690290353
45839,47753,50964,1914,3211,2,7200,1.59607598879
45858,47811,51280,1953,3469,2,7200,1.56298645143
45921,47863,51322,1942,3459,2,7200,1.56143394045
45999,47914,51295,1915,3381,2,7200,1.56640047323
46003,47951,51363,1948,3412,2,7200,1.57092614302
46118,48001,51138,1883,3137,2,7200,1.60025502072
46266,48009,51389,1743,3380,2,7200,1.51568047337
46282,48095,51567,1813,3472,2,7200,1.52217741935
46300,48102,51478,1802,3376,2,7200,1.53376777251
46345,48125,51411,1780,3286,2,7200,1.54169202678
46433,48165,51501,1732,3336,2,7200,1.51918465228
46511,48216,51620,1705,3404,2,7200,1.5008813161
46576,48221,51619,1645,3398,2,7200,1.484108299
46594,48260,51603,1666,3343,2,7200,1.49835477116
46609,48298,51667,1689,3369,2,7200,1.50133570793
46766,48319,51810,1553,3491,2,7200,1.44485820682
46851,48339,51602,1488,3263,2,7200,1.45602206558
46916,48344,51441,1428,3097,2,7200,1.46109137875
46957,48352,51678,1395,3326,2,7200,1.41942273001
46967,48487,51748,1520,3261,2,7200,1.46611468875
47045,48546,51951,1501,3405,2,7200,1.44082232012
47085,48597,52177,1512,3580,2,7200,1.42234636872
47100,48608,51900,1508,3292,2,7200,1.45808019441
47102,48658,51989,1556,3331,2,7200,1.46712698889
47132,48706,51874,1574,3168,2,7200,1.49684343434
47181,48724,52102,1543,3378,2,7200,1.45677915927
47196,48842,51965,1646,3123,2,7200,1.52705731668
47222,48858,51721,1636,2863,2,7200,1.57142857143
47229,48880,52124,1651,3244,2,7200,1.50893958076
47307,48991,52594,1684,3603,2,7200,1.46738828754
47308,48998,52157,1690,3159,2,7200,1.53497942387
47317,49183,52495,1866,3312,2,7200,1.5634057971
47408,49190,52519,1782,3329,2,7200,1.53529588465
47432,49207,52778,1775,3571,2,7200,1.49705964716
47508,49240,52420,1732,3180,2,7200,1.54465408805
47523,49323,52649,1800,3326,2,7200,1.54119061936
47536,49397,52562,1861,3165,2,7200,1.58799368088
47538,49676,52646,2138,2970,2,7200,1.71986531987
47568,49769,53062,2201,3293,2,7200,1.66838748861
47595,49932,53212,2337,3280,2,7200,1.7125
47602,49939,53229,2337,3290,2,7200,1.7103343465
47639,49985,53387,2346,3402,2,7200,1.68959435626
47701,49992,52942,2291,2950,2,7200,1.77661016949
47724,50003,53140,2279,3137,2,7200,1.72649027734
47725,50059,53323,2334,3264,2,7200,1.71507352941
47741,50066,53561,2325,3495,2,7200,1.6652360515
47802,50108,53355,2306,3247,2,7200,1.71019402525
47850,50134,53642,2284,3508,2,7200,1.65108323831
47904,50210,53429,2306,3219,2,7200,1.71637154396
47940,50281,53320,2341,3039,2,7200,1.77031918394
47991,50361,53867,2370,3506,2,7200,1.67598402738
47999,50413,53833,2414,3420,2,7200,1.70584795322
48082,50420,53887,2338,3467,2,7200,1.67435823479
48097,50495,53806,2398,3311,2,7200,1.72425249169
48114,50502,53843,2388,3341,2,7200,1.71475606106
48154,50545,53692,2391,3147,2,7200,1.75977121068
48205,50596,53559,2391,2963,2,7200,1.80695241309
48205,50572,53946,2367,3374,2,7200,1.70154119739
48248,50603,54158,2355,3555,2,7200,1.66244725738
48287,50610,53816,2323,3206,2,7200,1.72457891454
48309,50644,54098,2335,3454,2,7200,1.67602779386
48327,50697,54033,2370,3336,2,7200,1.71043165468
48328,50710,54266,2382,3556,2,7200,1.66985376828
48343,50802,54009,2459,3207,2,7200,1.76676021204
48477,50843,54367,2366,3524,2,7200,1.67139614075
48535,50859,54548,2324,3689,2,7200,1.62998102467
48586,50876,54104,2290,3228,2,7200,1.70941759603
48598,50895,53940,2297,3045,2,7200,1.75435139573
48646,50902,54275,2256,3373,2,7200,1.66884079454
48694,50909,54057,2215,3148,2,7200,1.70362134689
48713,50936,54163,2223,3227,2,7200,1.68887511621
48831,50959,54278,2128,3319,2,7200,1.64115697499
48846,50964,54454,2118,3490,2,7200,1.60687679083
48868,50976,54287,2108,3311,2,7200,1.63666565992
48980,51150,54315,2170,3165,2,7200,1.68562401264
48982,51227,54595,2245,3368,2,7200,1.66656769596
49171,51293,54512,2122,3219,2,7200,1.65921093507
49186,51300,54579,2114,3279,2,7200,1.64470875267
49197,51307,54266,2110,2959,2,7200,1.71307874282
49229,51334,54513,2105,3179,2,7200,1.66215791129
49314,51375,54491,2061,3116,2,7200,1.66142490372
49387,51401,54866,2014,3465,2,7200,1.58124098124
49662,51424,54839,1762,3415,2,7200,1.51595900439
49758,51454,54634,1696,3180,2,7200,1.53333333333
49919,51491,55172,1572,3681,2,7200,1.42705786471
49921,51514,55052,1593,3538,2,7200,1.45025438101
49973,51580,54928,1607,3348,2,7200,1.47998805257
49975,51613,54773,1638,3160,2,7200,1.51835443038
49991,51621,54832,1630,3211,2,7200,1.5076300218
50048,51631,55227,1583,3596,2,7200,1.44021134594
50063,51638,54965,1575,3327,2,7200,1.47339945897
50094,51679,55162,1585,3483,2,7200,1.45506747057
50122,51690,55111,1568,3421,2,7200,1.45834551301
50201,51733,55240,1532,3507,2,7200,1.43684060451
50270,51761,55059,1491,3298,2,7200,1.45209217708
50350,51822,55011,1472,3189,2,7200,1.4615867043
50401,51887,55341,1486,3454,2,7200,1.43022582513
50416,51913,55310,1497,3397,2,7200,1.44068295555
50483,51963,55153,1480,3190,2,7200,1.46394984326
50498,51978,55271,1480,3293,2,7200,1.44943820225
50534,52002,55292,1468,3290,2,7200,1.4462006079
50562,52115,55299,1553,3184,2,7200,1.48775125628
50586,52138,55433,1552,3295,2,7200,1.47101669196
50598,52170,55435,1572,3265,2,7200,1.48147013783
50601,52189,55470,1588,3281,2,7200,1.48399878086
50631,52433,56076,1802,3643,2,7200,1.49464726873
50686,52507,55833,1821,3326,2,7200,1.54750450992
50701,52531,55902,1830,3371,2,7200,1.54286561851
50788,52574,55597,1786,3023,2,7200,1.59080383725
50831,52606,56042,1775,3436,2,7200,1.51658905704
50847,52658,55939,1811,3281,2,7200,1.55196586407
50865,52665,55888,1800,3223,2,7200,1.55848588272
50884,52791,56440,1907,3649,2,7200,1.52260893395
50894,52798,55958,1904,3160,2,7200,1.60253164557
50899,52955,56235,2056,3280,2,7200,1.62682926829
50923,53075,56539,2152,3464,2,7200,1.62124711316
50948,53152,56642,2204,3490,2,7200,1.63151862464
50949,53225,56396,2276,3171,2,7200,1.71775465153
50964,53242,56922,2278,3680,2,7200,1.61902173913
51140,53332,56671,2192,3339,2,7200,1.65648397724
51216,53339,56606,2123,3267,2,7200,1.64983164983
51282,53367,56893,2085,3526,2,7200,1.59132161089
51288,53400,56879,2112,3479,2,7200,1.60707099741
51303,53442,57009,2139,3567,2,7200,1.59966358284
51324,53571,56974,2247,3403,2,7200,1.66029973553
51361,53577,56889,2216,3312,2,7200,1.6690821256
51392,53654,57018,2262,3364,2,7200,1.6724137931
51413,53704,56829,2291,3125,2,7200,1.73312
51442,53818,57005,2376,3187,2,7200,1.74552871039
51480,53828,57302,2348,3474,2,7200,1.67587795049
51501,53846,57230,2345,3384,2,7200,1.69296690307
51568,53856,57354,2288,3498,2,7200,1.65408805031
51605,53880,56988,2275,3108,2,7200,1.73198198198
51606,53900,57115,2294,3215,2,7200,1.71353032659
51620,53954,57176,2334,3222,2,7200,1.72439478585
51621,53961,57430,2340,3469,2,7200,1.67454597867
51670,54021,57312,2351,3291,2,7200,1.71437253115
51685,54046,57510,2361,3464,2,7200,1.68158198614
51723,54069,57246,2346,3177,2,7200,1.73843248347
51750,54110,57465,2360,3355,2,7200,1.70342771982
51810,54118,57569,2308,3451,2,7200,1.66879165459
51876,54172,57396,2296,3224,2,7200,1.71215880893
51901,54179,57881,2278,3702,2,7200,1.61534305781
51952,54278,57464,2326,3186,2,7200,1.7300690521
51968,54283,57519,2315,3236,2,7200,1.71538936959
51989,54290,57683,2301,3393,2,7200,1.67816091954
52104,54295,57587,2191,3292,2,7200,1.66555285541
52125,54303,57645,2178,3342,2,7200,1.65170556553
52159,54327,57281,2168,2954,2,7200,1.73392010833
52177,54379,57907,2202,3528,2,7200,1.62414965986
52422,54466,57828,2044,3362,2,7200,1.60797144557
52498,54503,57932,2005,3429,2,7200,1.58471857684
52520,54524,57878,2004,3354,2,7200,1.59749552773
52562,54531,58006,1969,3475,2,7200,1.56661870504
52595,54560,57880,1965,3320,2,7200,1.59186746988
52646,54591,58326,1945,3735,2,7200,1.52074966533
52661,54607,57779,1946,3172,2,7200,1.61349306431
52780,54646,58129,1866,3483,2,7200,1.53574504737
52942,54786,58143,1844,3357,2,7200,1.54929997021
53063,54844,58309,1781,3465,2,7200,1.513997114
53143,54853,58122,1710,3269,2,7200,1.52309574794
53214,54879,58254,1665,3375,2,7200,1.49333333333
53232,54940,58497,1708,3557,2,7200,1.4801799269
53320,54977,58021,1657,3044,2,7200,1.54434954008
53326,55024,58334,1698,3310,2,7200,1.51299093656
53356,55065,58552,1709,3487,2,7200,1.4901061084
53389,55071,58252,1682,3181,2,7200,1.52876453945
53429,55124,58364,1695,3240,2,7200,1.52314814815
53559,55165,58453,1606,3288,2,7200,1.48844282238
53562,55175,58453,1613,3278,2,7200,1.49206833435
53644,55185,58435,1541,3250,2,7200,1.47415384615
53692,55239,58603,1547,3364,2,7200,1.45986920333
53807,55253,58764,1446,3511,2,7200,1.41184847622
53822,55284,58388,1462,3104,2,7200,1.47100515464
53835,55305,58460,1470,3155,2,7200,1.46592709984
53850,55312,58682,1462,3370,2,7200,1.43382789318
53870,55323,58937,1453,3614,2,7200,1.4020475927
53891,55353,58681,1462,3328,2,7200,1.43930288462
53942,55445,58691,1503,3246,2,7200,1.46303142329
53945,55452,58625,1507,3173,2,7200,1.47494484715
54012,55483,59014,1471,3531,2,7200,1.41659586519
54036,55609,59081,1573,3472,2,7200,1.45305299539
54057,55845,59252,1788,3407,2,7200,1.52480187849
54100,55901,59453,1801,3552,2,7200,1.50703828829
54115,55915,59261,1800,3346,2,7200,1.53795576808
54161,55951,59471,1790,3520,2,7200,1.50852272727
54162,55971,59300,1809,3329,2,7200,1.54340642836
54268,56088,59550,1820,3462,2,7200,1.52570768342
54268,56054,59349,1786,3295,2,7200,1.54203338392
54283,56247,59376,1964,3129,2,7200,1.62767657399
54284,56408,59961,2124,3553,2,7200,1.59780467211
54299,56453,59984,2154,3531,2,7200,1.61002548853
54317,56551,60016,2234,3465,2,7200,1.64473304473
54366,56618,59978,2252,3360,2,7200,1.67023809524
54457,56654,60053,2197,3399,2,7200,1.64636657841
54490,56683,59875,2193,3192,2,7200,1.68703007519
54512,56841,60328,2329,3487,2,7200,1.66790937769
54513,56891,60063,2378,3172,2,7200,1.74968474149
54550,56901,60337,2351,3436,2,7200,1.684225844
54580,56908,60350,2328,3442,2,7200,1.67635095874
54595,56935,60241,2340,3306,2,7200,1.70780399274
54635,56987,60282,2352,3295,2,7200,1.71380880121
54774,57000,60689,2226,3689,2,7200,1.60341555977
54834,57018,60274,2184,3256,2,7200,1.67076167076
54840,57025,60546,2185,3521,2,7200,1.62056234024
54867,57032,60134,2165,3102,2,7200,1.69793681496
54930,57127,60627,2197,3500,2,7200,1.62771428571
54967,57189,58283,2222,1094,2,7200,3.0310786106
55012,57242,60791,2230,3549,2,7200,1.62834601296
55055,57259,60664,2204,3405,2,7200,1.64728340675
55070,57294,60996,2224,3702,2,7200,1.60075634792
55112,57315,60667,2203,3352,2,7200,1.65721957041
55155,57325,60609,2170,3284,2,7200,1.66077953715
55170,57367,60746,2197,3379,2,7200,1.6501923646
55172,57409,60640,2237,3231,2,7200,1.69235530795
55230,57443,60817,2213,3374,2,7200,1.65589804386
55240,57476,60626,2236,3150,2,7200,1.70984126984
55273,57482,60879,2209,3397,2,7200,1.65027965852
55295,57523,60770,2228,3247,2,7200,1.68617185094
55302,57532,61032,2230,3500,2,7200,1.63714285714
55313,57581,60950,2268,3369,2,7200,1.6731967943
55344,57600,61054,2256,3454,2,7200,1.65315576144
55435,57695,60899,2260,3204,2,7200,1.70536828964
55435,57658,61010,2223,3352,2,7200,1.66318615752
55471,57791,61051,2320,3260,2,7200,1.71165644172
55598,57840,61324,2242,3484,2,7200,1.64351320321
55835,57892,61272,2057,3380,2,7200,1.60857988166
55890,57897,61406,2007,3509,2,7200,1.57195782274
55905,57904,61303,1999,3399,2,7200,1.58811415122
55942,57919,61114,1977,3195,2,7200,1.61877934272
55959,57945,61447,1986,3502,2,7200,1.56710451171
56044,58019,61497,1975,3478,2,7200,1.56785508913
56074,58034,61546,1960,3512,2,7200,1.55808656036
56238,58135,61485,1897,3350,2,7200,1.56626865672
56398,58141,61405,1743,3264,2,7200,1.53400735294
56441,58156,61608,1715,3452,2,7200,1.49681344148
56541,58264,61660,1723,3396,2,7200,1.50736160188
56608,58272,61610,1664,3338,2,7200,1.49850209706
56644,58295,61423,1651,3128,2,7200,1.52781329923
56672,58322,61612,1650,3290,2,7200,1.50151975684
56829,58339,61695,1510,3356,2,7200,1.44994040524
56879,58347,61670,1468,3323,2,7200,1.4417694854
56890,58377,61771,1487,3394,2,7200,1.43812610489
56905,58400,61584,1495,3184,2,7200,1.46953517588
56924,58448,61738,1524,3290,2,7200,1.4632218845
56976,58465,61663,1489,3198,2,7200,1.46560350219
56990,58470,61810,1480,3340,2,7200,1.44311377246
57013,58477,61800,1464,3323,2,7200,1.44056575384
57014,58509,61696,1495,3187,2,7200,1.46909319109
57021,58565,61887,1544,3322,2,7200,1.46478025286
57118,58616,61968,1498,3352,2,7200,1.4468973747
57177,58637,61788,1460,3151,2,7200,1.46334496985
57230,58693,62021,1463,3328,2,7200,1.43960336538
57247,58700,61879,1453,3179,2,7200,1.45706196917
57283,58707,61988,1424,3281,2,7200,1.43401402012
57303,58777,62115,1474,3338,2,7200,1.4415817855
57319,58949,62114,1630,3165,2,7200,1.51500789889
57355,59027,62546,1672,3519,2,7200,1.47513498153
57397,59093,62422,1696,3329,2,7200,1.50946230099
57431,59265,62585,1834,3320,2,7200,1.55240963855
57467,59274,62686,1807,3412,2,7200,1.5296014068
57467,59313,62903,1846,3590,2,7200,1.51420612813
57513,59362,62697,1849,3335,2,7200,1.55442278861
57528,59388,62747,1860,3359,2,7200,1.55373623102
57571,59466,62966,1895,3500,2,7200,1.54142857143
57589,59484,62641,1895,3157,2,7200,1.60025340513
57647,59563,62689,1916,3126,2,7200,1.61292386436
57683,59888,63183,2205,3295,2,7200,1.66919575114
57780,59973,63369,2193,3396,2,7200,1.64575971731
57829,59991,63588,2162,3597,2,7200,1.60105643592
57881,59998,63474,2117,3476,2,7200,1.60903337169
57882,60029,63306,2147,3277,2,7200,1.65517241379
57883,60065,63496,2182,3431,2,7200,1.63596619061
57909,60075,63334,2166,3259,2,7200,1.6646210494
57934,60147,63475,2213,3328,2,7200,1.66496394231
58007,60254,63568,2247,3314,2,7200,1.67803258902
58022,60286,63676,2264,3390,2,7200,1.66784660767
58125,60295,63596,2170,3301,2,7200,1.65737655256
58141,60341,63527,2200,3186,2,7200,1.6905210295
58147,60350,63693,2203,3343,2,7200,1.6589889321
58253,60363,63921,2110,3558,2,7200,1.59302979202
58256,60558,64059,2302,3501,2,7200,1.65752642102
58283,60622,64080,2339,3458,2,7200,1.67640254482
58310,60637,63494,2327,2857,2,7200,1.81449072454
58327,60644,64074,2317,3430,2,7200,1.67551020408
58335,60653,64075,2318,3422,2,7200,1.67738164816
58367,60676,63686,2309,3010,2,7200,1.76710963455
58388,60683,63939,2295,3256,2,7200,1.70485257985
58438,60702,64314,2264,3612,2,7200,1.62679955703
58454,60759,64146,2305,3387,2,7200,1.68054325362
58456,60783,63874,2327,3091,2,7200,1.75283079909
58471,60804,64052,2333,3248,2,7200,1.71828817734
58499,60829,64212,2330,3383,2,7200,1.68873780668
58554,60892,64247,2338,3355,2,7200,1.69687034277
58605,60911,64171,2306,3260,2,7200,1.70736196319
58627,60963,64134,2336,3171,2,7200,1.7366761274
58680,61009,64339,2329,3330,2,7200,1.6993993994
58681,61023,64553,2342,3530,2,7200,1.66345609065
58695,61044,64262,2349,3218,2,7200,1.72995649472
58764,61064,64516,2300,3452,2,7200,1.66628041715
58937,61071,64511,2134,3440,2,7200,1.62034883721
59015,61127,64398,2112,3271,2,7200,1.64567410578
59082,61284,64603,2202,3319,2,7200,1.66345284724
59254,61315,64300,2061,2985,2,7200,1.69045226131
59264,61336,64544,2072,3208,2,7200,1.64588528678
59303,61417,64509,2114,3092,2,7200,1.68369987063
59352,61424,64662,2072,3238,2,7200,1.63990117356
59378,61436,64836,2058,3400,2,7200,1.60529411765
59455,61460,64769,2005,3309,2,7200,1.60592323965
59473,61498,64740,2025,3242,2,7200,1.62461443553
59550,61509,65029,1959,3520,2,7200,1.55653409091
59877,61559,64804,1682,3245,2,7200,1.51833590139
59961,61597,64880,1636,3283,2,7200,1.49832470302
59980,61621,65100,1641,3479,2,7200,1.47168726646
59995,61628,64999,1633,3371,2,7200,1.48442598635
60019,61633,64975,1614,3342,2,7200,1.4829443447
60056,61672,64835,1616,3163,2,7200,1.51090736642
60071,61679,65168,1608,3489,2,7200,1.46087704213
60135,61686,65356,1551,3670,2,7200,1.42261580381
60243,61708,64665,1465,2957,2,7200,1.49543456206
60274,61713,65395,1439,3682,2,7200,1.39082020641
60290,61750,65015,1460,3265,2,7200,1.4471669219
60329,61784,64991,1455,3207,2,7200,1.4536950421
60337,61800,65134,1463,3334,2,7200,1.43881223755
60353,61812,65008,1459,3196,2,7200,1.45650813517
60549,61823,65282,1274,3459,2,7200,1.36831454178
60610,61892,65190,1282,3298,2,7200,1.38872043663
60629,61899,65393,1270,3494,2,7200,1.36348025186
60630,61980,65296,1350,3316,2,7200,1.40711700844
60642,62001,65238,1359,3237,2,7200,1.41983317887
60667,62034,65279,1367,3245,2,7200,1.42126348228
60668,62127,65546,1459,3419,2,7200,1.42673296285
60690,62132,65368,1442,3236,2,7200,1.4456118665
60747,62434,65622,1687,3188,2,7200,1.5291718946
60771,62559,66028,1788,3469,2,7200,1.51542231191
60793,62597,65884,1804,3287,2,7200,1.5488287192
60817,62653,65750,1836,3097,2,7200,1.59283177268
60881,62697,66058,1816,3361,2,7200,1.54031538233
60898,62704,66254,1806,3550,2,7200,1.50873239437
60951,62711,66420,1760,3709,2,7200,1.47452143435
60999,62759,66035,1760,3276,2,7200,1.53724053724
61014,62915,66108,1901,3193,2,7200,1.59536486063
61034,62978,66156,1944,3178,2,7200,1.61170547514
61054,63195,66582,2141,3387,2,7200,1.63212282256
61055,63319,66707,2264,3388,2,7200,1.66824085006
61117,63347,66716,2230,3369,2,7200,1.66191748293
61274,63382,66718,2108,3336,2,7200,1.63189448441
61304,63486,66802,2182,3316,2,7200,1.65802171291
61325,63493,66870,2168,3377,2,7200,1.64198993189
61408,63506,66906,2098,3400,2,7200,1.61705882353
61409,63513,66583,2104,3070,2,7200,1.68534201954
61424,63540,66980,2116,3440,2,7200,1.61511627907
61448,63580,66848,2132,3268,2,7200,1.65238678091
61488,63601,67088,2113,3487,2,7200,1.60596501291
61504,63608,66526,2104,2918,2,7200,1.72104180946
61548,63688,67134,2140,3446,2,7200,1.62100986651
61586,63698,67266,2112,3568,2,7200,1.59192825112
61610,63705,66999,2095,3294,2,7200,1.63600485732
61611,63887,66979,2276,3092,2,7200,1.7360931436
61627,63933,67280,2306,3347,2,7200,1.68897520167
61660,63951,67492,2291,3541,2,7200,1.64699237504
61663,64064,67157,2401,3093,2,7200,1.7762689945
61678,64071,65773,2393,1702,2,7200,2.40599294947
61691,64086,67461,2395,3375,2,7200,1.70962962963
61696,64093,67737,2397,3644,2,7200,1.65779363337
61739,64098,67513,2359,3415,2,7200,1.69077598829
61773,64146,67235,2373,3089,2,7200,1.76820977663
61790,64159,67144,2369,2985,2,7200,1.79363484087
61805,64183,67519,2378,3336,2,7200,1.71282973621
61813,64224,67354,2411,3130,2,7200,1.77028753994
61881,64259,67747,2378,3488,2,7200,1.68176605505
61889,64274,67371,2385,3097,2,7200,1.77010009687
61971,64313,67593,2342,3280,2,7200,1.71402439024
61989,64327,67742,2338,3415,2,7200,1.68462664714
62022,64351,67676,2329,3325,2,7200,1.70045112782
62117,64410,67614,2293,3204,2,7200,1.71566791511
62118,64522,67685,2404,3163,2,7200,1.76003793867
62424,64529,67848,2105,3319,2,7200,1.63422717686
62548,64534,67680,1986,3146,2,7200,1.6312778131
62585,64556,68086,1971,3530,2,7200,1.55835694051
62643,64566,68012,1923,3446,2,7200,1.55803830528
62688,64615,68111,1927,3496,2,7200,1.551201373
62690,64675,68182,1985,3507,2,7200,1.56601083547
62705,64683,67871,1978,3188,2,7200,1.62045169385
62748,64752,67896,2004,3144,2,7200,1.63740458015
62906,64781,68208,1875,3427,2,7200,1.54712576598
62968,64817,67989,1849,3172,2,7200,1.58291298865
63183,64848,68188,1665,3340,2,7200,1.49850299401
63307,64853,68332,1546,3479,2,7200,1.44438056913
63338,64893,68301,1555,3408,2,7200,1.45627934272
63372,64987,68583,1615,3596,2,7200,1.44911012236
63478,65003,68207,1525,3204,2,7200,1.47596754057
63479,65012,68141,1533,3129,2,7200,1.48993288591
63492,65021,68243,1529,3222,2,7200,1.47454996896
63507,65028,68526,1521,3498,2,7200,1.43481989708
63528,65041,68253,1513,3212,2,7200,1.47104607721
63570,65113,68498,1543,3385,2,7200,1.45583456425
63589,65146,68365,1557,3219,2,7200,1.48369058714
63604,65180,68598,1576,3418,2,7200,1.46108835576
63677,65202,68625,1525,3423,2,7200,1.44551562956
63692,65250,68612,1558,3362,2,7200,1.46341463415
63707,65293,68683,1586,3390,2,7200,1.46784660767
63876,65300,68708,1424,3408,2,7200,1.41784037559
63922,65309,68356,1387,3047,2,7200,1.45520183787
63940,65369,68856,1429,3487,2,7200,1.40980785776
64052,65381,68682,1329,3301,2,7200,1.40260527113
64060,65405,68634,1345,3229,2,7200,1.41653762775
64075,65412,69062,1337,3650,2,7200,1.36630136986
64077,65559,69118,1482,3559,2,7200,1.41640910368
64090,65635,68626,1545,2991,2,7200,1.51654964895
64135,65763,69012,1628,3249,2,7200,1.50107725454
64147,65786,69095,1639,3309,2,7200,1.49531580538
64171,65897,69582,1726,3685,2,7200,1.468385346
64214,66040,69263,1826,3223,2,7200,1.56655290102
64253,66048,69558,1795,3510,2,7200,1.5113960114
64261,66070,68597,1809,2527,2,7200,1.71586861892
64301,66121,69095,1820,2974,2,7200,1.61197041022
64314,66169,69759,1855,3590,2,7200,1.51671309192
64337,66267,69331,1930,3064,2,7200,1.62989556136
64399,66432,69708,2033,3276,2,7200,1.62057387057
64511,66539,69965,2028,3426,2,7200,1.59194395797
64512,66595,69971,2083,3376,2,7200,1.61700236967
64527,66601,69829,2074,3228,2,7200,1.64250309789
64545,66719,70350,2174,3631,2,7200,1.59873313137
64560,66728,70079,2168,3351,2,7200,1.64697105342
64606,66735,69900,2129,3165,2,7200,1.67266982622
64663,66815,70213,2152,3398,2,7200,1.63331371395
64666,66861,70145,2195,3284,2,7200,1.66839220463
64739,66882,70013,2143,3131,2,7200,1.68444586394
64770,66918,70214,2148,3296,2,7200,1.65169902913
64807,66992,70141,2185,3149,2,7200,1.69387107018
64837,67011,70444,2174,3433,2,7200,1.63326536557
64837,66997,70464,2160,3467,2,7200,1.62301701759
64883,67100,70302,2217,3202,2,7200,1.69237976265
64976,67146,70581,2170,3435,2,7200,1.63173216885
64992,67157,70485,2165,3328,2,7200,1.65054086538
65007,67170,70513,2163,3343,2,7200,1.64702363147
65023,67248,70687,2225,3439,2,7200,1.64699040419
65025,67279,70452,2254,3173,2,7200,1.71036873621
65030,67293,70487,2263,3194,2,7200,1.70851596744
65101,67366,70777,2265,3411,2,7200,1.66402814424
65136,67383,70782,2247,3399,2,7200,1.66107678729
65171,67473,71077,2302,3604,2,7200,1.63873473918
65192,67505,70898,2313,3393,2,7200,1.68169761273
65238,67525,71040,2287,3515,2,7200,1.6506401138
65280,67532,70959,2252,3427,2,7200,1.65713451999
65283,67605,71072,2322,3467,2,7200,1.66974329391
65296,67627,70841,2331,3214,2,7200,1.72526446795
65356,67688,71033,2332,3345,2,7200,1.69715994021
65371,67695,71209,2324,3514,2,7200,1.66135458167
65393,67702,70894,2309,3192,2,7200,1.72337092732
65409,67750,71154,2341,3404,2,7200,1.68772032902
65548,67757,71106,2209,3349,2,7200,1.65959988056
65624,67764,70923,2140,3159,2,7200,1.67742956632
65752,67861,71128,2109,3267,2,7200,1.64554637282
65774,67884,71408,2110,3524,2,7200,1.59875141884
65886,67909,71721,2023,3812,2,7200,1.53069254984
66029,68002,71470,1973,3468,2,7200,1.56891580161
66045,68024,71392,1979,3368,2,7200,1.58758907363
66060,68099,71659,2039,3560,2,7200,1.57275280899
66112,68124,71689,2012,3565,2,7200,1.56437587658
66155,68153,71339,1998,3186,2,7200,1.62711864407
66257,68193,71547,1936,3354,2,7200,1.57722122838
66423,68201,71756,1778,3555,2,7200,1.50014064698
66529,68220,71613,1691,3393,2,7200,1.49837901562
66584,68225,71684,1641,3459,2,7200,1.47441457069
66585,68255,71780,1670,3525,2,7200,1.47375886525
66707,68266,71619,1559,3353,2,7200,1.46495675514
66722,68313,71561,1591,3248,2,7200,1.48983990148
66723,68345,71495,1622,3150,2,7200,1.51492063492
66805,68369,71536,1564,3167,2,7200,1.49384275339
66848,68378,71399,1530,3021,2,7200,1.50645481629
66872,68511,72178,1639,3667,2,7200,1.44695936733
66909,68538,72002,1629,3464,2,7200,1.47026558891
66982,68595,71936,1613,3341,2,7200,1.48278958396
66983,68602,71920,1619,3318,2,7200,1.48794454491
67002,68607,71738,1605,3131,2,7200,1.51261577771
67090,68612,71681,1522,3069,2,7200,1.49592701206
67136,68618,72281,1482,3663,2,7200,1.40458640459
67151,68623,71640,1472,3017,2,7200,1.48790188929
67166,68628,72074,1462,3446,2,7200,1.42426001161
67236,68633,71936,1397,3303,2,7200,1.42294883439
67267,68639,72123,1372,3484,2,7200,1.39380022962
67282,68652,72188,1370,3536,2,7200,1.38744343891
67355,68657,72021,1302,3364,2,7200,1.387039239
67373,68662,71994,1289,3332,2,7200,1.3868547419
67461,68667,71952,1206,3285,2,7200,1.36712328767
67491,68673,71726,1182,3053,2,7200,1.38716017032
67516,68678,72243,1162,3565,2,7200,1.32594670407
67521,68695,72113,1174,3418,2,7200,1.34347571679
67592,68700,71989,1108,3289,2,7200,1.33688051079
67614,68721,72297,1107,3576,2,7200,1.30956375839
67678,68869,72319,1191,3450,2,7200,1.3452173913
67693,69024,72351,1331,3327,2,7200,1.40006011422
67694,69074,72467,1380,3393,2,7200,1.40671971706
67739,69107,72466,1368,3359,2,7200,1.40726406669
67753,69114,72296,1361,3182,2,7200,1.42771841609
67755,69131,72212,1376,3081,2,7200,1.44660824408
67850,69275,72671,1425,3396,2,7200,1.41961130742
67874,69344,72414,1470,3070,2,7200,1.47882736156
67898,69571,72974,1673,3403,2,7200,1.49162503673
67992,69595,72925,1603,3330,2,7200,1.48138138138
68014,69720,73226,1706,3506,2,7200,1.48659440958
68089,69771,73033,1682,3262,2,7200,1.51563458001
68114,69842,73103,1728,3261,2,7200,1.52989880405
68141,69912,73526,1771,3614,2,7200,1.49003873824
68183,69978,73295,1795,3317,2,7200,1.54115164305
68199,69985,73487,1786,3502,2,7200,1.50999428898
68207,70026,73646,1819,3620,2,7200,1.50248618785
68214,70092,73469,1878,3377,2,7200,1.55611489488
68244,70153,73649,1909,3496,2,7200,1.54605263158
68254,70160,73388,1906,3228,2,7200,1.59045848823
68302,70225,73374,1923,3149,2,7200,1.61067005399
68336,70231,73494,1895,3263,2,7200,1.58075390745
68357,70315,73882,1958,3567,2,7200,1.54892066162
68373,70363,73647,1990,3284,2,7200,1.6059683313
68499,70457,73802,1958,3345,2,7200,1.58535127055
68526,70464,73790,1938,3326,2,7200,1.58268190018
68584,70477,74284,1893,3807,2,7200,1.49724192277
68598,70498,73520,1900,3022,2,7200,1.6287227002
68600,70504,74051,1904,3547,2,7200,1.53679165492
68613,70525,74018,1912,3493,2,7200,1.54738047524
68628,70594,73643,1966,3049,2,7200,1.64480157429
68630,70699,74095,2069,3396,2,7200,1.60924617197
68644,70791,74285,2147,3494,2,7200,1.61448196909
68684,70798,74071,2114,3273,2,7200,1.64589062023
68685,70853,74067,2168,3214,2,7200,1.67454884879
68709,70906,74161,2197,3255,2,7200,1.67496159754
68857,70913,74207,2056,3294,2,7200,1.62416514876
69013,70935,74310,1922,3375,2,7200,1.56948148148
69062,70972,74040,1910,3068,2,7200,1.62255541069
69095,71045,74479,1950,3434,2,7200,1.56785090274
69097,71052,74579,1955,3527,2,7200,1.55429543521
69119,71084,74466,1965,3382,2,7200,1.58101714962
69263,71091,74464,1828,3373,2,7200,1.54195078565
69332,71119,74445,1787,3326,2,7200,1.53728202044
69559,71140,74610,1581,3470,2,7200,1.45561959654
69584,71166,74745,1582,3579,2,7200,1.44202291143
69708,71222,74709,1514,3487,2,7200,1.43418411242
69760,71351,74591,1591,3240,2,7200,1.49104938272
69829,71404,74378,1575,2974,2,7200,1.52958977808
69899,71411,74703,1512,3292,2,7200,1.45929526124
69966,71420,74748,1454,3328,2,7200,1.43689903846
69971,71482,74921,1511,3439,2,7200,1.43937191044
70015,71508,75107,1493,3599,2,7200,1.41483745485
70082,71549,74947,1467,3398,2,7200,1.43172454385
70143,71559,75064,1416,3505,2,7200,1.40399429387
70147,71574,74912,1427,3338,2,7200,1.4275014979
70216,71626,74801,1410,3175,2,7200,1.44409448819
70217,71633,75091,1416,3458,2,7200,1.40948525159
70305,71652,74700,1347,3048,2,7200,1.44192913386
70351,71671,74966,1320,3295,2,7200,1.40060698027
70445,71694,75067,1249,3373,2,7200,1.37029350726
70461,71701,74925,1240,3224,2,7200,1.38461538462
70465,71708,75196,1243,3488,2,7200,1.3563646789
70485,71734,75027,1249,3293,2,7200,1.37928940176
70489,71741,74994,1252,3253,2,7200,1.38487549954
70516,71751,75182,1235,3431,2,7200,1.35995336637
70583,71768,75083,1185,3315,2,7200,1.35746606335
70689,71793,75298,1104,3505,2,7200,1.314978602
70777,71933,75093,1156,3160,2,7200,1.36582278481
70782,71949,75275,1167,3326,2,7200,1.35087191822
70841,71954,75392,1113,3438,2,7200,1.32373472949
70895,71965,75211,1070,3246,2,7200,1.32963647566
70911,72001,75358,1090,3357,2,7200,1.32469466786
70915,108595,109152,37680,557,1,1800,68.6481149013
70926,72008,75649,1082,3641,2,7200,1.29717110684
70963,72015,75274,1052,3259,2,7200,1.32279840442
71034,72033,75059,999,3026,2,7200,1.33013879709
71049,72086,75344,1037,3258,2,7200,1.31829343155
71073,72125,75138,1052,3013,2,7200,1.34915366744
71078,72136,75545,1058,3409,2,7200,1.3103549428
71108,72190,75652,1082,3462,2,7200,1.3125361063
71127,72200,75570,1073,3370,2,7200,1.31839762611
71154,72225,75561,1071,3336,2,7200,1.32104316547
71209,72256,75544,1047,3288,2,7200,1.31843065693
71339,72294,75509,955,3215,2,7200,1.29704510109
71394,72307,75913,913,3606,2,7200,1.25318912923
71399,72315,75764,916,3449,2,7200,1.26558422731
71414,72332,75804,918,3472,2,7200,1.26440092166
71473,72364,75998,891,3634,2,7200,1.24518436984
71497,72427,75732,930,3305,2,7200,1.28139183056
71537,72478,75665,941,3187,2,7200,1.29526200188
71547,72484,75801,937,3317,2,7200,1.28248417244
71564,72683,75976,1119,3293,2,7200,1.33981172183
71613,72938,76377,1325,3439,2,7200,1.38528642047
71628,72987,76172,1359,3185,2,7200,1.42668759812
71641,73045,76334,1404,3289,2,7200,1.42687747036
71659,73115,76415,1456,3300,2,7200,1.44121212121
71683,73239,76766,1556,3527,2,7200,1.44116813156
71699,73307,76691,1608,3384,2,7200,1.47517730496
71700,73387,76603,1687,3216,2,7200,1.52456467662
71722,73401,76456,1679,3055,2,7200,1.5495908347
71727,73482,76871,1755,3389,2,7200,1.51785187371
71743,73500,77049,1757,3549,2,7200,1.49506903353
71758,73507,76961,1749,3454,2,7200,1.50636942675
71780,73531,76780,1751,3249,2,7200,1.53893505694
71922,73539,76978,1617,3439,2,7200,1.47019482408
71938,73654,76960,1716,3306,2,7200,1.51905626134
71939,73661,77024,1722,3363,2,7200,1.51204281891
71955,73667,77038,1712,3371,2,7200,1.50786116879
71991,73672,77044,1681,3372,2,7200,1.49851720047
72007,73802,77212,1795,3410,2,7200,1.52639296188
72008,73815,77214,1807,3399,2,7200,1.5316269491
72024,73894,77233,1870,3339,2,7200,1.56004791854
72074,74030,77457,1956,3427,2,7200,1.57076159907
72113,74052,77458,1939,3406,2,7200,1.56928948914
72124,74064,77419,1940,3355,2,7200,1.5782414307
72180,74080,77676,1900,3596,2,7200,1.52836484983
72188,74087,77436,1899,3349,2,7200,1.5670349358
72213,74107,77474,1894,3367,2,7200,1.56251856252
72242,74174,77398,1932,3224,2,7200,1.59925558313
72282,74219,77726,1937,3507,2,7200,1.55232392358
72297,74296,77859,1999,3563,2,7200,1.56104406399
72300,74303,77473,2003,3170,2,7200,1.63186119874
72321,74323,77699,2002,3376,2,7200,1.59300947867
72355,74391,77591,2036,3200,2,7200,1.63625
72416,74457,77633,2041,3176,2,7200,1.64263224181
72467,74477,77899,2010,3422,2,7200,1.58737580362
72468,74484,77865,2016,3381,2,7200,1.59627329193
72671,74493,77875,1822,3382,2,7200,1.53873447664
72925,74591,77890,1666,3299,2,7200,1.50500151561
72977,74603,77720,1626,3117,2,7200,1.52165543792
73035,74622,78088,1587,3466,2,7200,1.45787651471
73104,74712,77886,1608,3174,2,7200,1.50661625709
73228,74719,77881,1491,3162,2,7200,1.4715370019
73298,74726,77848,1428,3122,2,7200,1.45739910314
73374,74757,78060,1383,3303,2,7200,1.4187102634
73390,74764,78181,1374,3417,2,7200,1.4021071115
73471,74813,78101,1342,3288,2,7200,1.40815085158
73490,74924,78051,1434,3127,2,7200,1.45858650464
73505,74933,78362,1428,3429,2,7200,1.41644794401
73519,74940,78281,1421,3341,2,7200,1.42532175995
73527,74959,78296,1432,3337,2,7200,1.42912795924
73643,74979,78313,1336,3334,2,7200,1.40071985603
73651,75006,78501,1355,3495,2,7200,1.38769670959
73658,75040,78430,1382,3390,2,7200,1.40766961652
73660,75072,78509,1412,3437,2,7200,1.41082339249
73790,75079,78530,1289,3451,2,7200,1.37351492321
73803,75084,78541,1281,3457,2,7200,1.37055250217
73885,75095,78418,1210,3323,2,7200,1.36412879928
74020,75103,78398,1083,3295,2,7200,1.32867981791
74041,75111,78512,1070,3401,2,7200,1.31461334901
74055,75120,78335,1065,3215,2,7200,1.33125972006
74070,75150,78497,1080,3347,2,7200,1.3226770242
74071,75195,78680,1124,3485,2,7200,1.3225251076
74097,75208,78696,1111,3488,2,7200,1.3185206422
74162,75224,78733,1062,3509,2,7200,1.30265032773
74207,75286,78369,1079,3083,2,7200,1.34998378203
74286,75292,78887,1006,3595,2,7200,1.27983310153
74287,75310,78344,1023,3034,2,7200,1.33717864206
74311,75356,78668,1045,3312,2,7200,1.31551932367
74380,75370,78502,990,3132,2,7200,1.31609195402
74447,75405,78804,958,3399,2,7200,1.28184760224
74466,75522,79169,1056,3647,2,7200,1.28955305731
74467,75556,78749,1089,3193,2,7200,1.34105856561
74480,75563,79053,1083,3490,2,7200,1.31031518625
74579,75574,78809,995,3235,2,7200,1.30757341577
74592,75583,78872,991,3289,2,7200,1.30130738826
74610,75662,79041,1052,3379,2,7200,1.31133471441
74702,75669,79285,967,3616,2,7200,1.26742256637
74717,75678,78954,961,3276,2,7200,1.29334554335
74719,75745,78968,1026,3223,2,7200,1.31833695315
74746,75776,79037,1030,3261,2,7200,1.31585403251
74749,75813,79300,1064,3487,2,7200,1.30513335245
74801,75820,79277,1019,3457,2,7200,1.29476424646
74913,75925,79098,1012,3173,2,7200,1.31894106524
74926,75988,79170,1062,3182,2,7200,1.33375235701
74928,76011,79572,1083,3561,2,7200,1.30412805392
74950,76185,79504,1235,3319,2,7200,1.37210003013
74968,76347,79752,1379,3405,2,7200,1.40499265786
74994,76390,79503,1396,3113,2,7200,1.44844201735
75029,76428,79782,1399,3354,2,7200,1.41711389386
75061,76469,79753,1408,3284,2,7200,1.4287454324
75066,76616,80047,1550,3431,2,7200,1.4517633343
75081,76703,79998,1622,3295,2,7200,1.49226100152
75097,76779,80269,1682,3490,2,7200,1.48194842407
75098,76793,79968,1695,3175,2,7200,1.53385826772
75100,76884,80513,1784,3629,2,7200,1.49159548085
75115,76973,80363,1858,3390,2,7200,1.54808259587
75137,76978,80395,1841,3417,2,7200,1.53877670471
75185,76991,80217,1806,3226,2,7200,1.55982641042
75197,77036,80090,1839,3054,2,7200,1.6021611002
75212,77051,80362,1839,3311,2,7200,1.55542132286
75276,77065,80357,1789,3292,2,7200,1.54343863913
75276,77058,80445,1782,3387,2,7200,1.52612931798
75301,77225,80633,1924,3408,2,7200,1.56455399061
75345,77232,80565,1887,3333,2,7200,1.56615661566
75358,77245,80692,1887,3447,2,7200,1.54743255004
75395,77411,80519,2016,3108,2,7200,1.64864864865
75509,77432,80936,1923,3504,2,7200,1.54880136986
75545,77448,80753,1903,3305,2,7200,1.57579425113
75547,77470,80757,1923,3287,2,7200,1.58503194402
75562,77476,80487,1914,3011,2,7200,1.63566921289
75572,77486,80604,1914,3118,2,7200,1.61385503528
75650,77491,80647,1841,3156,2,7200,1.58333333333
75665,77604,80911,1939,3307,2,7200,1.58633202298
75667,77646,81119,1979,3473,2,7200,1.56982435934
75734,77689,81090,1955,3401,2,7200,1.57483093208
75766,77712,81028,1946,3316,2,7200,1.58685162847
75803,77732,80925,1929,3193,2,7200,1.60413404322
75817,77739,80939,1922,3200,2,7200,1.600625
75916,77860,81121,1944,3261,2,7200,1.59613615455
75977,77872,81192,1895,3320,2,7200,1.57078313253
76001,77879,81275,1878,3396,2,7200,1.55300353357
76174,77887,81308,1713,3421,2,7200,1.50073078047
76336,77894,81131,1558,3237,2,7200,1.4813098548
76380,77901,81294,1521,3393,2,7200,1.44827586207
76416,77908,81124,1492,3216,2,7200,1.46393034826
76454,77915,81037,1461,3122,2,7200,1.46796925048
76604,78064,81463,1460,3399,2,7200,1.42953809944
76692,78073,81384,1381,3311,2,7200,1.41709453337
76768,78101,81424,1333,3323,2,7200,1.40114354499
76783,78114,81239,1331,3125,2,7200,1.42592
76874,78194,81673,1320,3479,2,7200,1.37941937338
76959,78293,81807,1334,3514,2,7200,1.3796243597
76974,78308,81485,1334,3177,2,7200,1.4198929808
76990,78326,81630,1336,3304,2,7200,1.40435835351
77026,78346,81741,1320,3395,2,7200,1.38880706922
77041,78356,81724,1315,3368,2,7200,1.39043942993
77057,78374,81828,1317,3454,2,7200,1.3812970469
77058,78381,81575,1323,3194,2,7200,1.41421415153
77210,78410,81797,1200,3387,2,7200,1.35429583702
77225,78430,81757,1205,3327,2,7200,1.3621881575
77241,78442,81816,1201,3374,2,7200,1.35595732069
77399,78509,81849,1110,3340,2,7200,1.33233532934
77420,78521,81853,1101,3332,2,7200,1.33043217287
77438,78529,81851,1091,3322,2,7200,1.3284166165
77459,78534,81953,1075,3419,2,7200,1.31441942088
77461,78542,81954,1081,3412,2,7200,1.31682297773
77472,78553,81871,1081,3318,2,7200,1.3257986739
77475,78681,82071,1206,3390,2,7200,1.35575221239
77594,78692,82076,1098,3384,2,7200,1.32446808511
77636,78708,82362,1072,3654,2,7200,1.29337712096
77679,78746,81713,1067,2967,2,7200,1.35962251432
77700,78762,82169,1062,3407,2,7200,1.31171118286
77722,78816,82260,1094,3444,2,7200,1.31765389082
77727,78823,82042,1096,3219,2,7200,1.34047840944
77849,78852,81962,1003,3110,2,7200,1.32250803859
77860,78884,82155,1024,3271,2,7200,1.31305411189
77867,78899,82295,1032,3396,2,7200,1.3038869258
77883,78967,82145,1084,3178,2,7200,1.34109502832
77884,78980,82152,1096,3172,2,7200,1.34552332913
77900,79057,82228,1157,3171,2,7200,1.36486912646
77900,79050,82509,1150,3459,2,7200,1.33246603064
77901,79066,82483,1165,3417,2,7200,1.34094234709
78053,79110,82783,1057,3673,2,7200,1.28777566022
78068,79182,82529,1114,3347,2,7200,1.33283537496
78090,79189,82371,1099,3182,2,7200,1.34538026398
78105,79290,82569,1185,3279,2,7200,1.36139066789
78184,79297,82986,1113,3689,2,7200,1.30170777989
78282,79313,82247,1031,2934,2,7200,1.35139740968
78296,79515,82873,1219,3358,2,7200,1.36301369863
78315,79522,82426,1207,2904,2,7200,1.41563360882
78337,79585,82976,1248,3391,2,7200,1.36803302861
78345,79765,83407,1420,3642,2,7200,1.38989566172
78364,79770,82899,1406,3129,2,7200,1.44934483861
78369,79795,83415,1426,3620,2,7200,1.39392265193
78399,79980,83077,1581,3097,2,7200,1.51049402648
78419,80010,83366,1591,3356,2,7200,1.47407628129
78432,80059,83322,1627,3263,2,7200,1.49862090101
78462,78516,78840,54,324,2,3540,1.16666666667
78498,80101,83519,1603,3418,2,7200,1.46898771211
78504,80230,83830,1726,3600,2,7200,1.47944444444
78513,80282,83626,1769,3344,2,7200,1.52900717703
78519,80369,83325,1850,2956,2,7200,1.62584573748
78520,80376,83806,1856,3430,2,7200,1.54110787172
78535,80381,83470,1846,3089,2,7200,1.59760440272
78543,80407,83865,1864,3458,2,7200,1.53903990746
78671,80457,83811,1786,3354,2,7200,1.53249850924
78680,80499,83991,1819,3492,2,7200,1.52090492554
78698,80526,83483,1828,2957,2,7200,1.61819411566
78735,80533,83850,1798,3317,2,7200,1.54205607477
78750,80578,83878,1828,3300,2,7200,1.55393939394
78804,80616,84052,1812,3436,2,7200,1.52735739232
78819,80646,84157,1827,3511,2,7200,1.5203645685
78874,80659,84109,1785,3450,2,7200,1.51739130435
78888,80705,84149,1817,3444,2,7200,1.52758420441
78956,80765,84088,1809,3323,2,7200,1.54438760156
78972,80772,84082,1800,3310,2,7200,1.54380664653
79040,80924,84147,1884,3223,2,7200,1.58454855724
79045,80937,84435,1892,3498,2,7200,1.54088050314
79055,80947,84161,1892,3214,2,7200,1.58867454885
79100,80954,84340,1854,3386,2,7200,1.54754873006
79172,81041,84243,1869,3202,2,7200,1.58369768894
79174,81049,84354,1875,3305,2,7200,1.56732223903
79280,81102,84283,1822,3181,2,7200,1.57277585665
79295,81132,84355,1837,3223,2,7200,1.56996587031
79311,81139,84468,1828,3329,2,7200,1.549113848
79503,81144,84419,1641,3275,2,7200,1.50106870229
79505,81151,84274,1646,3123,2,7200,1.52705731668
79576,81204,84469,1628,3265,2,7200,1.49862174579
79754,81287,84851,1533,3564,2,7200,1.43013468013
79754,81252,84757,1498,3505,2,7200,1.42738944365
79784,81307,84540,1523,3233,2,7200,1.47107949273
79969,81321,84958,1352,3637,2,7200,1.37173494638
79999,81397,85043,1398,3646,2,7200,1.38343390016
80048,81437,84754,1389,3317,2,7200,1.41875188423
80091,81476,84462,1385,2986,2,7200,1.46383121232
80218,81497,84819,1279,3322,2,7200,1.3850090307
80269,81587,85027,1318,3440,2,7200,1.38313953488
80358,81642,84973,1284,3331,2,7200,1.38546982888
80374,81686,84811,1312,3125,2,7200,1.41984
80375,81725,85061,1350,3336,2,7200,1.40467625899
80397,81736,84984,1339,3248,2,7200,1.41225369458
80448,81753,85189,1305,3436,2,7200,1.37980209546
80487,81769,84904,1282,3135,2,7200,1.40893141946
80515,81810,85040,1295,3230,2,7200,1.40092879257
80531,81820,85358,1289,3538,2,7200,1.36433013002
80566,81829,85242,1263,3413,2,7200,1.3700556695
80605,81840,85239,1235,3399,2,7200,1.36334215946
80634,81861,85356,1227,3495,2,7200,1.35107296137
80650,81869,85033,1219,3164,2,7200,1.38527180784
80695,81874,85148,1179,3274,2,7200,1.36010995724
80753,81883,85278,1130,3395,2,7200,1.33284241532
80759,81966,85292,1207,3326,2,7200,1.36289837643
80914,81973,85177,1059,3204,2,7200,1.33052434457
80926,81980,85228,1054,3248,2,7200,1.32450738916
80941,82054,85586,1113,3532,2,7200,1.3151189128
80942,82083,85391,1141,3308,2,7200,1.34492140266
81030,82090,85489,1060,3399,2,7200,1.31185642836
81045,82158,85402,1113,3244,2,7200,1.34309494451
81090,82165,85621,1075,3456,2,7200,1.31105324074
81121,82172,85507,1051,3335,2,7200,1.31514242879
81122,82182,85576,1060,3394,2,7200,1.3123158515
81133,82240,85705,1107,3465,2,7200,1.31948051948
81138,82260,85591,1122,3331,2,7200,1.33683578505
81193,82272,85742,1079,3470,2,7200,1.31095100865
81241,82307,85735,1066,3428,2,7200,1.31096849475
81278,82375,85511,1097,3136,2,7200,1.34980867347
81296,82384,85609,1088,3225,2,7200,1.33736434109
81311,82438,85842,1127,3404,2,7200,1.33108108108
81385,82495,85667,1110,3172,2,7200,1.3499369483
81427,82521,86168,1094,3647,2,7200,1.2999725802
81464,82542,85981,1078,3439,2,7200,1.31346321605
81485,82582,85768,1097,3186,2,7200,1.34431889517
81577,82795,86242,1218,3447,2,7200,1.35335073977
81631,82885,86221,1254,3336,2,7200,1.37589928058
81674,82911,86257,1237,3346,2,7200,1.3696951584
81713,82989,86505,1276,3516,2,7200,1.36291240046
81726,82996,86363,1270,3367,2,7200,1.37719037719
81747,83001,86341,1254,3340,2,7200,1.3754491018
81762,83007,86284,1245,3277,2,7200,1.37992065914
81799,83012,86312,1213,3300,2,7200,1.36757575758
81815,83017,86377,1202,3360,2,7200,1.35773809524
81816,83022,86184,1206,3162,2,7200,1.38140417457
81832,83028,86354,1196,3326,2,7200,1.35959110042
81850,83033,86372,1183,3339,2,7200,1.35429769392
81866,83038,86693,1172,3655,2,7200,1.32065663475
81867,83043,86287,1176,3244,2,7200,1.36251541307
81882,83049,86427,1167,3378,2,7200,1.34547069272
81954,83054,86195,1100,3141,2,7200,1.35020694046
81955,83059,86154,1104,3095,2,7200,1.35670436187
81964,83065,86178,1101,3113,2,7200,1.353678124
82040,83070,86705,1030,3635,2,7200,1.2833562586
82073,83075,86600,1002,3525,2,7200,1.28425531915
82077,83080,86632,1003,3552,2,7200,1.28237612613
82146,83086,86563,940,3477,2,7200,1.27034800115
82155,83093,86411,938,3318,2,7200,1.28270042194
82162,83098,86530,936,3432,2,7200,1.27272727273
82177,83335,86797,1158,3462,2,7200,1.33448873484
82229,83342,86808,1113,3466,2,7200,1.32111944605
82249,83379,87021,1130,3642,2,7200,1.31026908292
82263,83420,86589,1157,3169,2,7200,1.36509940044
82296,83427,86692,1131,3265,2,7200,1.34640122511
82363,83483,86873,1120,3390,2,7200,1.33038348083
82378,83495,86845,1117,3350,2,7200,1.33343283582
82428,83532,86628,1104,3096,2,7200,1.35658914729
82485,83638,86887,1153,3249,2,7200,1.35487842413
82509,83818,87484,1309,3666,2,7200,1.35706492089
82530,83825,87246,1295,3421,2,7200,1.3785442853
82570,83843,87080,1273,3237,2,7200,1.39326536917
82785,83863,87185,1078,3322,2,7200,1.32450331126
82873,83877,87193,1004,3316,2,7200,1.30277442702
82902,83889,87036,987,3147,2,7200,1.31363203051
82978,84004,87129,1026,3125,2,7200,1.32832
82993,84064,87444,1071,3380,2,7200,1.31686390533
83077,84094,87573,1017,3479,2,7200,1.29232538086
83323,84101,87286,778,3185,2,7200,1.2442700157
83338,84121,87210,783,3089,2,7200,1.25348009064
83369,84159,87805,790,3646,2,7200,1.21667580911
83408,84166,87685,758,3519,2,7200,1.21540210287
83422,84173,87809,751,3636,2,7200,1.20654565457
83470,84178,87606,708,3428,2,7200,1.2065344224
83485,84255,87495,770,3240,2,7200,1.23765432099
83516,84285,87659,769,3374,2,7200,1.22791938352
83627,84295,87453,668,3158,2,7200,1.21152628246
83804,84353,87701,549,3348,2,7200,1.16397849462
83812,84366,87775,554,3409,2,7200,1.16251100029
83832,84373,87607,541,3234,2,7200,1.16728509586
83852,84431,87753,579,3322,2,7200,1.17429259482
83867,84447,87688,580,3241,2,7200,1.178957112
83882,84474,87884,592,3410,2,7200,1.17360703812
83992,84482,87972,490,3490,2,7200,1.14040114613
84052,84487,87899,435,3412,2,7200,1.1274912075
84083,84552,87840,469,3288,2,7200,1.14263990268
84098,84766,88174,668,3408,2,7200,1.19600938967
84114,84773,87801,659,3028,2,7200,1.21763540291
84150,84824,87898,674,3074,2,7200,1.21925829538
84151,84831,88451,680,3620,2,7200,1.18784530387
84166,84863,88464,697,3601,2,7200,1.19355734518
84167,84916,88506,749,3590,2,7200,1.20863509749
84244,84971,88337,727,3366,2,7200,1.21598336304
84275,84985,88306,710,3321,2,7200,1.2137910268
84290,84997,88370,707,3373,2,7200,1.20960569226
84343,85039,88432,696,3393,2,7200,1.20512820513
84354,85046,88527,692,3481,2,7200,1.19879345016
84356,85053,88458,697,3405,2,7200,1.2046989721
84421,85060,88438,639,3378,2,7200,1.1891651865
84435,85074,88254,639,3180,2,7200,1.20094339623
84464,85160,88274,696,3114,2,7200,1.22350674374
84468,85189,88536,721,3347,2,7200,1.21541679116
84479,85202,88492,723,3290,2,7200,1.21975683891
84541,85240,88238,699,2998,2,7200,1.23315543696
84755,85251,88485,496,3234,2,7200,1.15337043908
84770,85258,88778,488,3520,2,7200,1.13863636364
84813,85290,88629,477,3339,2,7200,1.14285714286
84828,85304,88722,476,3418,2,7200,1.13926272674
84853,85369,88534,516,3165,2,7200,1.16303317536
84904,85376,88717,472,3341,2,7200,1.14127506735
84962,85404,88545,442,3141,2,7200,1.14071951608
84978,85414,88549,436,3135,2,7200,1.13907496013
84986,85502,88946,516,3444,2,7200,1.14982578397
85029,85523,88828,494,3305,2,7200,1.14947049924
85045,85528,88830,483,3302,2,7200,1.14627498486
85046,85588,89136,542,3548,2,7200,1.1527621195
85048,85598,89291,550,3693,2,7200,1.14893040888
85063,85605,88984,542,3379,2,7200,1.16040248594
85149,85622,89184,473,3562,2,7200,1.1327905671
85179,85634,88984,455,3350,2,7200,1.13582089552
85189,85680,89100,491,3420,2,7200,1.14356725146
85228,85718,89212,490,3494,2,7200,1.14024041214
85243,85747,89265,504,3518,2,7200,1.14326321774
85245,85754,88822,509,3068,2,7200,1.16590612777
85278,85781,88851,503,3070,2,7200,1.16384364821
85295,85855,89217,560,3362,2,7200,1.16656751933
85359,85993,89330,634,3337,2,7200,1.18999100989
85361,86166,89400,805,3234,2,7200,1.24891774892
85393,86181,89739,788,3558,2,7200,1.22147273749
85408,86191,89449,783,3258,2,7200,1.24033149171
85489,86198,89558,709,3360,2,7200,1.21101190476
85510,86207,89602,697,3395,2,7200,1.20530191458
85512,86234,89524,722,3290,2,7200,1.21945288754
85576,86254,89563,678,3309,2,7200,1.20489573889
85586,86270,89606,684,3336,2,7200,1.20503597122
85594,86296,89826,702,3530,2,7200,1.19886685552
85610,86303,89478,693,3175,2,7200,1.21826771654
85625,86324,89783,699,3459,2,7200,1.20208152645
85668,86354,89580,686,3226,2,7200,1.21264724117
85708,86367,89875,659,3508,2,7200,1.18785632839
85738,86376,89723,638,3347,2,7200,1.1906184643
85753,86385,89913,632,3528,2,7200,1.179138322
85768,86392,89715,624,3323,2,7200,1.18778212459
85845,86423,89617,578,3194,2,7200,1.18096430808
85984,86440,89589,456,3149,2,7200,1.14480787552
86154,86518,89915,364,3397,2,7200,1.10715337062
86169,86543,89968,374,3425,2,7200,1.10919708029
86185,86575,89926,390,3351,2,7200,1.1163831692
86186,86601,89880,415,3279,2,7200,1.12656297652
86196,86612,90109,416,3497,2,7200,1.11895910781
86223,86641,90021,418,3380,2,7200,1.12366863905
86244,86648,89700,404,3052,2,7200,1.13237221494
86260,86704,90205,444,3501,2,7200,1.12682090831
86284,86711,90246,427,3535,2,7200,1.12079207921
86300,86718,90092,418,3374,2,7200,1.12388855957
86315,86810,90170,495,3360,2,7200,1.14732142857
86342,86821,90550,479,3729,2,7200,1.12845266828
86358,86858,90111,500,3253,2,7200,1.15370427298
86373,86886,90165,513,3279,2,7200,1.15645013724
86375,86900,90041,525,3141,2,7200,1.16714422159
86390,87034,90418,644,3384,2,7200,1.19030732861
86411,87049,90516,638,3467,2,7200,1.18402076723
86430,87092,90528,662,3436,2,7200,1.19266589057
86505,87142,90721,637,3579,2,7200,1.17798267673
86530,87198,90511,668,3313,2,7200,1.20162994265
86564,87205,90851,641,3646,2,7200,1.17580910587
86592,87223,90633,631,3410,2,7200,1.18504398827
86602,87258,90795,656,3537,2,7200,1.18546791066
86629,87298,91102,669,3804,2,7200,1.17586750789
86634,87457,90804,823,3347,2,7200,1.24589184344
86692,87466,90896,774,3430,2,7200,1.22565597668
86694,87496,90922,802,3426,2,7200,1.23409223584
86705,87508,90689,803,3181,2,7200,1.25243634077
86800,87586,90934,786,3348,2,7200,1.23476702509
86816,87619,90786,803,3167,2,7200,1.25355225766
86847,87625,90906,778,3281,2,7200,1.23712282841
86874,87671,91066,797,3395,2,7200,1.23475699558
86889,87697,91021,808,3324,2,7200,1.24308062575
87023,87704,91129,681,3425,2,7200,1.19883211679
87039,87714,91183,675,3469,2,7200,1.19458057077
87081,87766,91127,685,3361,2,7200,1.20380839036
87130,87788,91110,658,3322,2,7200,1.19807344973
87188,87813,91388,625,3575,2,7200,1.17482517483
87203,87820,91158,617,3338,2,7200,1.18484122229
87211,87827,91320,616,3493,2,7200,1.17635270541
87246,87853,91090,607,3237,2,7200,1.187519308
87287,87896,91272,609,3376,2,7200,1.18039099526
87447,87911,91152,464,3241,2,7200,1.1431656896
87462,87916,91295,454,3379,2,7200,1.13435927789
87484,87985,91511,501,3526,2,7200,1.14208735111
87499,88187,91209,688,3022,2,7200,1.22766379881
87574,88250,91456,676,3206,2,7200,1.21085464754
87608,88266,91808,658,3542,2,7200,1.18577075099
87609,88287,91878,678,3591,2,7200,1.1888053467
87660,88319,91350,659,3031,2,7200,1.2174199934
87688,88349,91612,661,3263,2,7200,1.20257431811
87690,88383,92002,693,3619,2,7200,1.1914893617
87703,88444,91581,741,3137,2,7200,1.2362129423
87757,88451,91953,694,3502,2,7200,1.19817247287
87776,88464,91646,688,3182,2,7200,1.21621621622
87803,88471,91893,668,3422,2,7200,1.19520748101
87811,88478,91874,667,3396,2,7200,1.19640753828
87819,88497,91641,678,3144,2,7200,1.21564885496
87840,88503,91717,663,3214,2,7200,1.20628500311
87886,88518,92024,632,3506,2,7200,1.1802624073
87900,88540,92301,640,3761,2,7200,1.17016750864
87901,88547,91825,646,3278,2,7200,1.19707138499
87967,88554,91916,587,3362,2,7200,1.1745984533
88177,88561,91848,384,3287,2,7200,1.11682385154
88238,88567,91907,329,3340,2,7200,1.09850299401
88256,88642,91799,386,3157,2,7200,1.12226797593
88274,88730,92173,456,3443,2,7200,1.13244263723
88308,88737,92054,429,3317,2,7200,1.1293337353
88338,88791,92032,453,3241,2,7200,1.13977167541
88372,88835,92375,463,3540,2,7200,1.13079096045
88432,88842,92445,410,3603,2,7200,1.11379406051
88447,88847,92319,400,3472,2,7200,1.11520737327
88460,88864,92168,404,3304,2,7200,1.12227602906
88462,88959,92213,497,3254,2,7200,1.15273509527
88477,88996,92191,519,3195,2,7200,1.16244131455
88488,89001,92268,513,3267,2,7200,1.15702479339
88492,89112,92186,620,3074,2,7200,1.20169160703
88507,89149,92200,642,3051,2,7200,1.21042281219
88531,89197,92498,666,3301,2,7200,1.20175704332
88534,89224,92893,690,3669,2,7200,1.18806214227
88546,89231,92525,685,3294,2,7200,1.20795385549
88548,89278,92825,730,3547,2,7200,1.20580772484
88563,89304,92705,741,3401,2,7200,1.21787709497
88630,89342,92705,712,3363,2,7200,1.21171573
88718,89413,92785,695,3372,2,7200,1.20610913405
88734,89462,92700,728,3238,2,7200,1.22483014206
88779,89490,92796,711,3306,2,7200,1.21506352087
88822,89536,93118,714,3582,2,7200,1.19932998325
88831,89570,93097,739,3527,2,7200,1.20952650978
88833,89577,92722,744,3145,2,7200,1.23656597774
88852,89593,93044,741,3451,2,7200,1.21472037091
88946,89602,90197,656,595,2,7200,2.1025210084
88985,89613,92904,628,3291,2,7200,1.19082345792
88986,89621,92831,635,3210,2,7200,1.19781931464
89076,108001,108181,18925,180,12,28800,106.138888889
89101,89630,93258,529,3628,2,7200,1.14581036384
89138,89712,92928,574,3216,2,7200,1.17848258706
89186,89727,93354,541,3627,2,7200,1.14915908464
89213,89735,93041,522,3306,2,7200,1.15789473684
89220,89752,93225,532,3473,2,7200,1.1531816873
89268,89796,92845,528,3049,2,7200,1.17317153165
89293,89839,93251,546,3412,2,7200,1.16002344666
89329,89888,93295,559,3407,2,7200,1.16407396537
89402,89895,93051,493,3156,2,7200,1.1562103929
89450,89925,93243,475,3318,2,7200,1.14315852923
89478,89932,93518,454,3586,2,7200,1.12660345789
89524,89939,93310,415,3371,2,7200,1.12310886977
89559,89981,93428,422,3447,2,7200,1.12242529736
89564,90034,93328,470,3294,2,7200,1.14268366727
89582,90053,93580,471,3527,2,7200,1.13354125319
89598,90104,93454,506,3350,2,7200,1.15104477612
89607,90121,93451,514,3330,2,7200,1.15435435435
89613,90128,93532,515,3404,2,7200,1.15129259694
89629,90178,93337,549,3159,2,7200,1.17378917379
89702,90185,93345,483,3160,2,7200,1.15284810127
89717,90210,93375,493,3165,2,7200,1.15576619273
89732,90217,93532,485,3315,2,7200,1.14630467572
89741,90258,93572,517,3314,2,7200,1.156004828
89784,90430,93962,646,3532,2,7200,1.18289920725
89827,90523,93675,696,3152,2,7200,1.22081218274
89877,90530,93870,653,3340,2,7200,1.19550898204
89882,90540,93831,658,3291,2,7200,1.1999392282
89916,90563,93843,647,3280,2,7200,1.19725609756
89917,90645,93447,728,2802,2,7200,1.25981441827
89931,90701,94126,770,3425,2,7200,1.22481751825
89971,90733,94239,762,3506,2,7200,1.21734169994
90023,90799,94048,776,3249,2,7200,1.23884272084
90041,90808,94254,767,3446,2,7200,1.22257690075
90093,90817,93959,724,3142,2,7200,1.23042647995
90111,90863,94583,752,3720,2,7200,1.20215053763
90115,90909,94195,794,3286,2,7200,1.24163116251
90167,90919,94273,752,3354,2,7200,1.22420989863
90182,90935,94071,753,3136,2,7200,1.24011479592
90199,90946,94406,747,3460,2,7200,1.21589595376
90206,91033,94262,827,3229,2,7200,1.25611644472
90246,91079,94561,833,3482,2,7200,1.2392303274
90419,91102,94545,683,3443,2,7200,1.19837351147
90512,91114,94464,602,3350,2,7200,1.17970149254
90517,91123,94643,606,3520,2,7200,1.17215909091
90531,91139,94371,608,3232,2,7200,1.18811881188
90549,91146,94578,597,3432,2,7200,1.17395104895
90634,91164,94308,530,3144,2,7200,1.16857506361
90690,91171,94685,481,3514,2,7200,1.13688104724
90723,91196,94778,473,3582,2,7200,1.13204913456
90786,91222,94636,436,3414,2,7200,1.12770943175
90796,91285,94210,489,2925,2,7200,1.16717948718
90805,91307,94463,502,3156,2,7200,1.15906210393
90854,91333,94546,479,3213,2,7200,1.14908185496
90900,91362,94678,462,3316,2,7200,1.13932448733
90915,91401,94646,486,3245,2,7200,1.14976887519
90930,91468,94767,538,3299,2,7200,1.16307972113
90945,91523,95021,578,3498,2,7200,1.16523727844
91022,91593,95139,571,3546,2,7200,1.16102650874
91067,91624,94886,557,3262,2,7200,1.17075413857
91092,91654,95217,562,3563,2,7200,1.15773224811
91104,91661,95014,557,3353,2,7200,1.16611989263
91111,91729,94966,618,3237,2,7200,1.19091751622
91129,91811,95168,682,3357,2,7200,1.20315758117
91131,91820,95342,689,3522,2,7200,1.19562748438
91154,91838,95029,684,3191,2,7200,1.21435286744
91169,91860,95103,691,3243,2,7200,1.21307431391
91184,91888,95319,704,3431,2,7200,1.20518799184
91210,91895,95124,685,3229,2,7200,1.21213998142
91273,91905,95438,632,3533,2,7200,1.17888480045
91297,91919,94979,622,3060,2,7200,1.20326797386
91322,91929,95328,607,3399,2,7200,1.17858193586
91352,91965,95305,613,3340,2,7200,1.18353293413
91388,92014,95514,626,3500,2,7200,1.17885714286
91458,92037,95574,579,3537,2,7200,1.16369804919
91512,92044,95631,532,3587,2,7200,1.14831335378
91582,92067,95327,485,3260,2,7200,1.14877300613
91612,92181,95768,569,3587,2,7200,1.15862838026
91644,92188,95926,544,3738,2,7200,1.14553237025
91659,92199,95541,540,3342,2,7200,1.16157989228
91720,92206,95653,486,3447,2,7200,1.1409921671
91799,92213,95407,414,3194,2,7200,1.12961803381
91809,92225,95729,416,3504,2,7200,1.11872146119
91827,92280,95381,453,3101,2,7200,1.14608190906
91848,92313,95476,465,3163,2,7200,1.14701233007
91875,92332,95549,457,3217,2,7200,1.14205781784
91890,92387,95692,497,3305,2,7200,1.15037821483
91894,92457,95755,563,3298,2,7200,1.17070952092
91909,92511,95708,602,3197,2,7200,1.18830153269
91917,92538,96085,621,3547,2,7200,1.17507753031
91955,92712,95880,757,3168,2,7200,1.2389520202
92004,92719,96017,715,3298,2,7200,1.21679805943
92026,92724,95939,698,3215,2,7200,1.21710730949
92041,92735,96324,694,3589,2,7200,1.19336862636
92056,92797,96211,741,3414,2,7200,1.21704745167
92172,92808,96175,636,3367,2,7200,1.18889218889
92175,92838,95995,663,3157,2,7200,1.21000950269
92190,92845,96420,655,3575,2,7200,1.18321678322
92205,92857,96341,652,3484,2,7200,1.18714121699
92206,92905,96101,699,3196,2,7200,1.21871088861
92221,92917,95861,696,2944,2,7200,1.23641304348
92269,92941,96171,672,3230,2,7200,1.2080495356
92303,93054,96354,751,3300,2,7200,1.22757575758
92321,93061,96450,740,3389,2,7200,1.21835349661
92376,93068,96414,692,3346,2,7200,1.2068141064
92445,93109,95977,664,2868,2,7200,1.23152022315
92500,93130,96456,630,3326,2,7200,1.18941671678
92528,93237,96530,709,3293,2,7200,1.21530519283
92701,93255,96674,554,3419,2,7200,1.16203568295
92716,93264,96370,548,3106,2,7200,1.17643271088
92718,93271,96608,553,3337,2,7200,1.16571771052
92733,93308,96556,575,3248,2,7200,1.1770320197
92785,93322,96682,537,3360,2,7200,1.15982142857
92800,93341,96680,541,3339,2,7200,1.16202455825
92828,93350,96689,522,3339,2,7200,1.15633423181
92843,93357,96660,514,3303,2,7200,1.15561610657
92847,93366,96601,519,3235,2,7200,1.16043276662
92895,93387,96642,492,3255,2,7200,1.15115207373
92905,93440,96616,535,3176,2,7200,1.16845088161
92929,93460,96528,531,3068,2,7200,1.17307692308
93042,93467,96779,425,3312,2,7200,1.12832125604
93051,93473,96898,422,3425,2,7200,1.12321167883
93057,93530,96674,473,3144,2,7200,1.15044529262
93097,93544,96748,447,3204,2,7200,1.13951310861
93117,93549,96987,432,3438,2,7200,1.12565445026
93228,93584,96904,356,3320,2,7200,1.10722891566
93244,93592,97064,348,3472,2,7200,1.10023041475
93253,93687,96977,434,3290,2,7200,1.13191489362
93259,93844,97287,585,3443,2,7200,1.16990996224
93298,93855,97432,557,3577,2,7200,1.15571708135
93314,93882,97204,568,3322,2,7200,1.17098133654
93329,93972,97307,643,3335,2,7200,1.1928035982
93345,93979,97442,634,3463,2,7200,1.18307825585
93346,94060,97317,714,3257,2,7200,1.21922014123
93362,94084,97430,722,3346,2,7200,1.21578003586
93377,94139,97234,762,3095,2,7200,1.24620355412
93430,94207,97451,777,3244,2,7200,1.23951911221
93448,94222,97802,774,3580,2,7200,1.21620111732
93457,94251,97583,794,3332,2,7200,1.23829531813
93462,94266,97750,804,3484,2,7200,1.23076923077
93521,94274,97461,753,3187,2,7200,1.23627235645
93536,94286,97900,750,3614,2,7200,1.20752628666
93538,94320,98069,782,3749,2,7200,1.20858895706
93572,94384,97876,812,3492,2,7200,1.23253150057
93580,94419,97744,839,3325,2,7200,1.25233082707
93678,94475,97908,797,3433,2,7200,1.23215846199
93832,94482,97940,650,3458,2,7200,1.18796992481
93848,94558,97900,710,3342,2,7200,1.21244763615
93870,94563,97558,693,2995,2,7200,1.23138564274
93961,94574,97756,613,3182,2,7200,1.19264613451
93976,94591,98003,615,3412,2,7200,1.18024618992
94049,94598,97948,549,3350,2,7200,1.16388059701
94074,94649,97965,575,3316,2,7200,1.17340168878
94128,94656,97978,528,3322,2,7200,1.15894039735
94195,94663,98043,468,3380,2,7200,1.13846153846
94210,94691,97739,481,3048,2,7200,1.15780839895
94241,94698,98003,457,3305,2,7200,1.13827534039
94256,94780,98171,524,3391,2,7200,1.15452668829
94272,94790,98132,518,3342,2,7200,1.15499700778
94273,94898,98212,625,3314,2,7200,1.1885938443
94310,94979,98202,669,3223,2,7200,1.20757058641
94374,94992,98317,618,3325,2,7200,1.18586466165
94408,95026,98689,618,3663,2,7200,1.16871416871
94466,95033,98564,567,3531,2,7200,1.16057774002
94467,95042,98604,575,3562,2,7200,1.16142616508
94548,95115,98316,567,3201,2,7200,1.1771321462
94549,95136,98640,587,3504,2,7200,1.16752283105
94564,95152,98347,588,3195,2,7200,1.18403755869
94580,95180,98552,600,3372,2,7200,1.17793594306
94584,95230,98563,646,3333,2,7200,1.19381938194
94638,95318,98487,680,3169,2,7200,1.21457873146
94645,95331,98642,686,3311,2,7200,1.20718816068
94654,95339,98692,685,3353,2,7200,1.2042946615
94681,95346,98433,665,3087,2,7200,1.21541950113
94687,95355,98240,668,2885,2,7200,1.23154246101
94769,95394,98665,625,3271,2,7200,1.19107306634
94778,95419,98671,641,3252,2,7200,1.19710947109
94888,95451,98442,563,2991,2,7200,1.18823136075
94967,95488,98907,521,3419,2,7200,1.15238373794
94982,95527,98813,545,3286,2,7200,1.16585514303
95015,95553,98747,538,3194,2,7200,1.16844082655
95022,95562,98861,540,3299,2,7200,1.16368596544
95037,95587,98826,550,3239,2,7200,1.16980549552
95104,95643,98892,539,3249,2,7200,1.16589719914
95125,95666,98943,541,3277,2,7200,1.16509002136
95138,95705,98829,567,3124,2,7200,1.18149807939
95169,95720,99065,551,3345,2,7200,1.16472346786
95221,95741,99063,520,3322,2,7200,1.15653220951
95309,95767,99063,458,3296,2,7200,1.13895631068
95325,95781,99119,456,3338,2,7200,1.13660874775
95328,95873,98953,545,3080,2,7200,1.17694805195
95329,95893,99278,564,3385,2,7200,1.16661742984
95344,95939,99317,595,3378,2,7200,1.17613972765
95383,95950,98998,567,3048,2,7200,1.18602362205
95410,95990,99322,580,3332,2,7200,1.17406962785
95438,96007,99466,569,3459,2,7200,1.16449840995
95477,96029,99207,552,3178,2,7200,1.17369414726
95517,96098,99468,581,3370,2,7200,1.17240356083
95542,96114,99548,572,3434,2,7200,1.16656959814
95550,96184,99494,634,3310,2,7200,1.1915407855
95574,96191,99456,617,3265,2,7200,1.18897396631
95631,96224,99482,593,3258,2,7200,1.18201350522
95657,96337,99591,680,3254,2,7200,1.20897357099
95695,96353,99754,658,3401,2,7200,1.19347250809
95709,96366,99779,657,3413,2,7200,1.19249926751
95714,108360,108535,12646,175,1,3600,73.2628571429
95731,96382,99811,651,3429,2,7200,1.18985126859
95758,96427,99613,669,3186,2,7200,1.20998116761
95770,96434,99818,664,3384,2,7200,1.19621749409
95861,96462,99900,601,3438,2,7200,1.17481093659
95883,96469,99629,586,3160,2,7200,1.18544303797
95929,96540,99717,611,3177,2,7200,1.19231979855
95944,96547,99909,603,3362,2,7200,1.17935752528
95980,96569,99946,589,3377,2,7200,1.17441516139
95995,96598,100159,603,3561,2,7200,1.16933445661
96017,96603,100016,586,3413,2,7200,1.17169645473
96086,96608,99935,522,3327,2,7200,1.1568981064
96104,96614,100136,510,3522,2,7200,1.14480408859
96173,96621,100017,448,3396,2,7200,1.13191990577
96188,96627,99981,439,3354,2,7200,1.13088849135
96213,96634,99783,421,3149,2,7200,1.13369323595
96325,96655,100139,330,3484,2,7200,1.09471871412
96343,96673,99807,330,3134,2,7200,1.10529674537
96358,96686,99574,328,2888,2,7200,1.1135734072
96371,96691,100039,320,3348,2,7200,1.09557945042
96417,96698,99771,281,3073,2,7200,1.09144158802
96421,96703,100311,282,3608,2,7200,1.07815964523
96451,96710,99707,259,2997,2,7200,1.08641975309
96457,96760,99880,303,3120,2,7200,1.09711538462
96530,96791,99953,261,3162,2,7200,1.0825426945
96532,96911,100276,379,3365,2,7200,1.11263001486
96559,96918,100553,359,3635,2,7200,1.09876203576
96603,96990,100622,387,3632,2,7200,1.10655286344
96612,96999,100347,387,3348,2,7200,1.11559139785
96627,97076,100450,449,3374,2,7200,1.1330764671
96643,97216,100470,573,3254,2,7200,1.17609096497
96664,97247,100529,583,3282,2,7200,1.17763558806
96676,97299,100525,623,3226,2,7200,1.1931184129
96679,97319,100633,640,3314,2,7200,1.19312009656
96695,97331,100705,636,3374,2,7200,1.18850029638
96697,97443,101025,746,3582,2,7200,1.20826353992
96698,97450,100606,752,3156,2,7200,1.23827629911
96750,97457,100995,707,3538,2,7200,1.19983041266
96779,97464,100986,685,3522,2,7200,1.19449176604
96898,97473,100806,575,3333,2,7200,1.17251725173
96914,97570,100797,656,3227,2,7200,1.20328478463
96978,97595,100958,617,3363,2,7200,1.18346714243
96988,97752,100915,764,3163,2,7200,1.24154283908
97066,97759,101053,693,3294,2,7200,1.21038251366
97206,97766,101172,560,3406,2,7200,1.16441573693
97237,97773,101306,536,3533,2,7200,1.1517124257
97288,97815,101057,527,3242,2,7200,1.16255397903
97310,97889,101074,579,3185,2,7200,1.18178963893
97325,97912,101260,587,3348,2,7200,1.17532855436
97432,97919,101498,487,3579,2,7200,1.13607152836
97433,97926,101293,493,3367,2,7200,1.14642114642
97449,97952,101366,503,3414,2,7200,1.14733450498
97452,97960,101140,508,3180,2,7200,1.15974842767
97464,97978,101279,514,3301,2,7200,1.15571039079
97561,97991,101239,430,3248,2,7200,1.13238916256
97586,98015,101412,429,3397,2,7200,1.12628790109
97739,98020,101323,281,3303,2,7200,1.08507417499
97744,98055,101400,311,3345,2,7200,1.09297458894
97754,98082,101369,328,3287,2,7200,1.09978703985
97760,98145,101540,385,3395,2,7200,1.11340206186
97802,98184,101703,382,3519,2,7200,1.10855356635
97878,98214,101529,336,3315,2,7200,1.10135746606
97900,98224,101682,324,3458,2,7200,1.09369577791
97902,98253,101453,351,3200,2,7200,1.1096875
97917,98328,101753,411,3425,2,7200,1.12
97942,98334,101827,392,3493,2,7200,1.1122244489
97957,98359,101825,402,3466,2,7200,1.11598384305
97972,98446,101828,474,3382,2,7200,1.14015375517
97988,98454,101771,466,3317,2,7200,1.14048839313
98003,98499,101834,496,3335,2,7200,1.14872563718
98004,98565,101689,561,3124,2,7200,1.17957746479
98044,98575,101873,531,3298,2,7200,1.16100667071
98069,98582,101684,513,3102,2,7200,1.16537717602
98134,98616,101767,482,3151,2,7200,1.15296731196
98175,98652,101995,477,3343,2,7200,1.14268620999
98202,98658,102044,456,3386,2,7200,1.13467217956
98218,98683,102015,465,3332,2,7200,1.13955582233
98241,98690,101996,449,3306,2,7200,1.13581367211
98318,98702,101917,384,3215,2,7200,1.11944012442
98319,98709,101973,390,3264,2,7200,1.11948529412
98350,98760,101778,410,3018,2,7200,1.13585155732
98436,98825,102220,389,3395,2,7200,1.1145802651
98451,98840,102338,389,3498,2,7200,1.11120640366
98488,98847,102178,359,3331,2,7200,1.10777544281
98555,98873,102297,318,3424,2,7200,1.09287383178
98564,98904,102108,340,3204,2,7200,1.10611735331
98570,98919,102438,349,3519,2,7200,1.09917590224
98604,98955,102286,351,3331,2,7200,1.10537376163
98641,98966,102227,325,3261,2,7200,1.09966268016
98643,99011,101915,368,2904,2,7200,1.12672176309
98668,99075,102455,407,3380,2,7200,1.12041420118
98673,99081,102655,408,3574,2,7200,1.11415780638
98691,99088,102258,397,3170,2,7200,1.12523659306
98693,99131,102608,438,3477,2,7200,1.12597066437
98748,99219,102624,471,3405,2,7200,1.13832599119
98815,99291,102647,476,3356,2,7200,1.14183551847
98830,99329,102592,499,3263,2,7200,1.15292675452
98832,99336,102867,504,3531,2,7200,1.1427357689
98859,99469,102903,610,3434,2,7200,1.1776354106
98893,99478,102750,585,3272,2,7200,1.17878973105
98909,99485,102711,576,3226,2,7200,1.17854928704
98946,99495,102911,549,3416,2,7200,1.16071428571
98961,99506,100855,545,1349,2,7200,1.40400296516
99000,99561,102771,561,3210,2,7200,1.17476635514
99064,99586,102875,522,3289,2,7200,1.15871085436
99066,99604,103023,538,3419,2,7200,1.15735595203
99067,99626,102947,559,3321,2,7200,1.16832279434
99122,99641,102736,519,3095,2,7200,1.16768982229
99207,99720,103011,513,3291,2,7200,1.15587967183
99280,99730,103062,450,3332,2,7200,1.13505402161
99305,108463,108628,9158,165,1,3600,56.503030303
99319,99767,103159,448,3392,2,7200,1.1320754717
99323,99783,103239,460,3456,2,7200,1.13310185185
99459,99791,103221,332,3430,2,7200,1.09679300292
99469,99798,103223,329,3425,2,7200,1.09605839416
99474,99820,103077,346,3257,2,7200,1.10623272951
99489,99827,103420,338,3593,2,7200,1.09407180629
99504,99834,103416,330,3582,2,7200,1.09212730318
99549,99892,103195,343,3303,2,7200,1.1038449894
99576,99912,102933,336,3021,2,7200,1.11122144985
99594,99922,103543,328,3621,2,7200,1.09058271196
99616,99947,103255,331,3308,2,7200,1.10006045949
99631,99959,103455,328,3496,2,7200,1.0938215103
99710,99966,103096,256,3130,2,7200,1.08178913738
99717,99994,103312,277,3318,2,7200,1.08348402652
99755,100028,103446,273,3418,2,7200,1.07987126975
99772,100035,103376,263,3341,2,7200,1.07871894642
99788,100050,103408,262,3358,2,7200,1.07802263252
99789,100150,103466,361,3316,2,7200,1.10886610374
99810,100157,103101,347,2944,2,7200,1.11786684783
99825,100172,103569,347,3397,2,7200,1.10214895496
99826,100288,103511,462,3223,2,7200,1.1433447099
99880,100323,103635,443,3312,2,7200,1.13375603865
99902,100359,103668,457,3309,2,7200,1.13810818979
99911,100463,103698,552,3235,2,7200,1.17063369397
99935,100482,103581,547,3099,2,7200,1.17650855115
99950,100537,103852,587,3315,2,7200,1.17707390649
99954,100544,104013,590,3469,2,7200,1.17007783223
99982,100565,103926,583,3361,2,7200,1.17346027968
100016,100618,103917,602,3299,2,7200,1.18247953925
100031,100634,104117,603,3483,2,7200,1.17312661499
100046,100645,103924,599,3279,2,7200,1.18267764562
100139,100718,104399,579,3681,2,7200,1.15729421353
100141,100810,103927,669,3117,2,7200,1.2146294514
100160,100819,104180,659,3361,2,7200,1.19607259744
100277,100867,104324,590,3457,2,7200,1.17066820943
100312,100928,104220,616,3292,2,7200,1.18712029162
100351,100971,104163,620,3192,2,7200,1.19423558897
100451,100998,104380,547,3382,2,7200,1.1617386162
100472,101008,104628,536,3620,2,7200,1.14806629834
100525,101037,104477,512,3440,2,7200,1.1488372093
100531,101066,104405,535,3339,2,7200,1.16022761306
100556,101074,104344,518,3270,2,7200,1.15840978593
100608,101087,104335,479,3248,2,7200,1.14747536946
100625,101153,104226,528,3073,2,7200,1.17181906931
100635,101185,104604,550,3419,2,7200,1.16086575022
100709,101252,104518,543,3266,2,7200,1.16625842009
100800,101273,104671,473,3398,2,7200,1.13919952913
100815,101292,104707,477,3415,2,7200,1.13967789165
100855,101305,104439,450,3134,2,7200,1.14358647096
100916,101319,104644,403,3325,2,7200,1.12120300752
100958,101335,104513,377,3178,2,7200,1.11862806797
100985,101379,104569,394,3190,2,7200,1.12351097179
100998,101386,104620,388,3234,2,7200,1.11997526283
101026,101413,104999,387,3586,2,7200,1.10791968767
101055,101424,104722,369,3298,2,7200,1.11188599151
101070,101466,104881,396,3415,2,7200,1.11595900439
101075,101511,104834,436,3323,2,7200,1.1312067409
101142,101542,105070,400,3528,2,7200,1.11337868481
101175,101552,104882,377,3330,2,7200,1.11321321321
101239,101694,105139,455,3445,2,7200,1.1320754717
101264,101701,105030,437,3329,2,7200,1.13127065185
101282,101706,105104,424,3398,2,7200,1.12477928193
101297,101715,105014,418,3299,2,7200,1.12670506214
101313,101765,105047,452,3282,2,7200,1.13772090189
101321,101780,104823,459,3043,2,7200,1.15083798883
101368,101787,104992,419,3205,2,7200,1.13073322933
101370,101794,104876,424,3082,2,7200,1.13757300454
101401,101837,104947,436,3110,2,7200,1.14019292605
101417,101844,105162,427,3318,2,7200,1.12869198312
101456,101849,105323,393,3474,2,7200,1.11312607945
101499,101856,105079,357,3223,2,7200,1.11076636674
101531,101885,105411,354,3526,2,7200,1.10039705048
101542,101928,105297,386,3369,2,7200,1.11457405758
101685,101935,105280,250,3345,2,7200,1.07473841555
101686,101985,105167,299,3182,2,7200,1.09396605908
101702,102007,105189,305,3182,2,7200,1.09585166562
101704,102014,105442,310,3428,2,7200,1.09043173862
101753,102028,105451,275,3423,2,7200,1.08033888402
101769,102057,105675,288,3618,2,7200,1.07960199005
101784,102121,105332,337,3211,2,7200,1.10495172843
101786,102190,105608,404,3418,2,7200,1.11819777648
101826,102232,105497,406,3265,2,7200,1.12434915773
101841,102240,105579,399,3339,2,7200,1.11949685535
101843,102270,105657,427,3387,2,7200,1.12607026867
101844,102298,105586,454,3288,2,7200,1.13807785888
101875,102310,105666,435,3356,2,7200,1.12961859356
101917,102350,105537,433,3187,2,7200,1.13586444933
101918,102450,105888,532,3438,2,7200,1.15474112856
101973,102467,106009,494,3542,2,7200,1.13946922643
101996,102604,105617,608,3013,2,7200,1.20179223365
101997,102620,106030,623,3410,2,7200,1.18269794721
102016,102637,106049,621,3412,2,7200,1.18200468933
102047,102660,106229,613,3569,2,7200,1.17175679462
102108,102668,106161,560,3493,2,7200,1.16032064128
102178,102724,106148,546,3424,2,7200,1.15946261682
102221,102748,106200,527,3452,2,7200,1.15266512167
102236,102763,106122,527,3359,2,7200,1.15689193212
102260,102783,106139,523,3356,2,7200,1.15584028605
102288,102879,105943,591,3064,2,7200,1.19288511749
102304,102887,106518,583,3631,2,7200,1.1605618287
102338,102915,106509,577,3594,2,7200,1.16054535337
102441,102924,106227,483,3303,2,7200,1.14623069936
102457,102945,106101,488,3156,2,7200,1.154626109
102594,102959,106365,365,3406,2,7200,1.10716382854
102610,103024,106209,414,3185,2,7200,1.12998430141
102625,103038,106331,413,3293,2,7200,1.12541755238
102650,103075,106391,425,3316,2,7200,1.12816646562
102658,103089,106364,431,3275,2,7200,1.13160305344
102714,103108,106521,394,3413,2,7200,1.11544096103
102739,103115,106502,376,3387,2,7200,1.1110126956
102754,103172,106491,418,3319,2,7200,1.12594154866
102771,103208,106648,437,3440,2,7200,1.12703488372
102870,103234,106736,364,3502,2,7200,1.10394060537
102885,103241,106489,356,3248,2,7200,1.10960591133
102904,103252,106590,348,3338,2,7200,1.10425404434
102913,103268,106635,355,3367,2,7200,1.10543510544
102934,103324,106752,390,3428,2,7200,1.11376896149
102950,103389,106781,439,3392,2,7200,1.12942216981
103013,103421,106708,408,3287,2,7200,1.12412534226
103013,108468,108582,5455,114,1,1800,48.850877193
103029,103428,106639,399,3211,2,7200,1.12426035503
103065,103435,106862,370,3427,2,7200,1.10796615115
103080,103458,107041,378,3583,2,7200,1.10549818588
103098,103468,106756,370,3288,2,7200,1.11253041363
103113,103479,106753,366,3274,2,7200,1.1117898595
103161,103523,107020,362,3497,2,7200,1.10351730054
103197,103556,106996,359,3440,2,7200,1.10436046512
103222,103581,107210,359,3629,2,7200,1.09892532378
103224,103593,107076,369,3483,2,7200,1.10594315245
103240,103647,107045,407,3398,2,7200,1.11977633902
103258,103680,106967,422,3287,2,7200,1.12838454518
103313,103710,107304,397,3594,2,7200,1.11046188091
103378,103864,107056,486,3192,2,7200,1.1522556391
103411,103930,107035,519,3105,2,7200,1.16714975845
103417,103937,107458,520,3521,2,7200,1.14768531667
103432,103944,107268,512,3324,2,7200,1.15403128761
103446,103949,106967,503,3018,2,7200,1.16666666667
103457,104025,107242,568,3217,2,7200,1.1765620143
103473,104130,107290,657,3160,2,7200,1.20791139241
103513,104175,107559,662,3384,2,7200,1.19562647754
103546,104192,107355,646,3163,2,7200,1.20423648435
103571,104232,107365,661,3133,2,7200,1.21097989148
103586,104239,107357,653,3118,2,7200,1.20942912123
103634,104337,107717,703,3380,2,7200,1.20798816568
103667,104347,107790,680,3443,2,7200,1.19750217833
103698,104356,107597,658,3241,2,7200,1.2030237581
103852,104393,107330,541,2937,2,7200,1.18420156622
103918,104412,107715,494,3303,2,7200,1.14956100515
103934,104419,107590,485,3171,2,7200,1.15294859666
103935,104451,108071,516,3620,2,7200,1.14254143646
103936,104489,107659,553,3170,2,7200,1.17444794953
104016,104525,107853,509,3328,2,7200,1.15294471154
104119,104532,108114,413,3582,2,7200,1.1152987158
104162,104581,107711,419,3130,2,7200,1.1338658147
104180,104617,108003,437,3386,2,7200,1.12906083875
104219,104633,107990,414,3357,2,7200,1.12332439678
104234,104642,108261,408,3619,2,7200,1.1127383255
104327,104657,108022,330,3365,2,7200,1.09806835067
104342,104683,108133,341,3450,2,7200,1.09884057971
104358,104720,108175,362,3455,2,7200,1.10477568741
104382,104734,108138,352,3404,2,7200,1.10340775558
104401,104835,108121,434,3286,2,7200,1.1320754717
104407,104846,108295,439,3449,2,7200,1.12728327051
104440,104889,108227,449,3338,2,7200,1.13451168364
104477,104896,108304,419,3408,2,7200,1.12294600939
104514,104901,108211,387,3310,2,7200,1.116918429
104529,104959,108105,430,3146,2,7200,1.13668150032
104571,105005,108456,434,3451,2,7200,1.12576064909
104605,105012,108417,407,3405,2,7200,1.11953010279
104623,105026,108327,403,3301,2,7200,1.1220842169
104629,105043,108171,414,3128,2,7200,1.13235294118
104647,105059,108413,412,3354,2,7200,1.12283840191
104672,105083,108547,411,3464,2,7200,1.11864896074
104709,105092,108560,383,3468,2,7200,1.11043829296
104723,105117,108276,394,3159,2,7200,1.12472301361
104825,105151,108515,326,3364,2,7200,1.09690844233
104837,105174,108566,337,3392,2,7200,1.09935141509
104877,105181,108446,304,3265,2,7200,1.09310872894
104883,105201,108527,318,3326,2,7200,1.09561034275
104892,105293,108807,401,3514,2,7200,1.1141149687
104947,105309,108966,362,3657,2,7200,1.09898824173
104993,105335,108746,342,3411,2,7200,1.10026385224
105008,105344,108617,336,3273,2,7200,1.10265811182
105024,105423,108756,399,3333,2,7200,1.1197119712
105039,105455,109279,416,3824,2,7200,1.10878661088
105054,105463,108668,409,3205,2,7200,1.12761310452
105070,105509,108578,439,3069,2,7200,1.14304333659
105082,105550,108647,468,3097,2,7200,1.15111398127
105107,105592,108871,485,3279,2,7200,1.14791094846
105140,105599,109214,459,3615,2,7200,1.12697095436
105164,105620,109067,456,3447,2,7200,1.13228894691
105180,105630,108791,450,3161,2,7200,1.14236001265
105195,105669,108810,474,3141,2,7200,1.15090735435
105281,105679,108851,398,3172,2,7200,1.12547288777
105299,105687,108850,388,3163,2,7200,1.12266835283
105324,105901,109371,577,3470,2,7200,1.16628242075
105339,105955,109077,616,3122,2,7200,1.19730941704
105412,106021,109111,609,3090,2,7200,1.19708737864
105445,106042,109592,597,3550,2,7200,1.16816901408
105452,106061,109399,609,3338,2,7200,1.18244457759
105498,106113,109639,615,3526,2,7200,1.17441860465
105539,106135,109679,596,3544,2,7200,1.16817155756
105580,106151,109750,571,3599,2,7200,1.15865518199
105595,106161,109438,566,3277,2,7200,1.17271895026
105611,106174,109726,563,3552,2,7200,1.15850225225
105618,106212,109468,594,3256,2,7200,1.18243243243
105660,106222,109524,562,3302,2,7200,1.17019987886
105675,106239,109383,564,3144,2,7200,1.17938931298
105677,106246,109939,569,3693,2,7200,1.15407527755
105890,106343,109985,453,3642,2,7200,1.12438220758
105945,106377,109549,432,3172,2,7200,1.13619167718
106009,106382,109569,373,3187,2,7200,1.11703796674
106030,106403,109810,373,3407,2,7200,1.10948048136
106052,106501,109840,449,3339,2,7200,1.13447139862
106103,106508,109959,405,3451,2,7200,1.11735728774
106125,106515,110060,390,3545,2,7200,1.11001410437
106141,106522,110155,381,3633,2,7200,1.10487200661
106149,106530,109950,381,3420,2,7200,1.11140350877
106162,106537,110022,375,3485,2,7200,1.10760401722
106202,106603,110259,401,3656,2,7200,1.10968271335
106217,106647,110094,430,3447,2,7200,1.12474615608
106232,106654,110097,422,3443,2,7200,1.12256752832
106234,106663,110266,429,3603,2,7200,1.1190674438
106329,106720,110122,391,3402,2,7200,1.11493239271
106365,106749,110307,384,3558,2,7200,1.10792580101
106365,106764,109934,399,3170,2,7200,1.12586750789
106393,106771,110346,378,3575,2,7200,1.10573426573
106491,106776,110312,285,3536,2,7200,1.08059954751
106492,106793,110177,301,3384,2,7200,1.08894799054
106508,106875,110135,367,3260,2,7200,1.11257668712
106524,106979,110301,455,3322,2,7200,1.13696568332
106525,106985,110567,460,3582,2,7200,1.12841987716
106527,107008,110447,481,3439,2,7200,1.13986624019
106594,107032,110527,438,3495,2,7200,1.12532188841
106636,107047,110396,411,3349,2,7200,1.12272320096
106640,107054,110334,414,3280,2,7200,1.1262195122
106651,107061,110705,410,3644,2,7200,1.11251372119
106663,108546,108662,1883,116,1,1800,17.2327586207
106707,107068,110522,361,3454,2,7200,1.10451650261
106738,107089,110449,351,3360,2,7200,1.10446428571
106755,107222,110516,467,3294,2,7200,1.14177292046
106756,107254,110722,498,3468,2,7200,1.14359861592
106771,107281,110631,510,3350,2,7200,1.15223880597
106784,107303,110610,519,3307,2,7200,1.15693982461
106862,107316,110401,454,3085,2,7200,1.1471636953
106968,107342,110618,374,3276,2,7200,1.11416361416
106969,107367,110548,398,3181,2,7200,1.12511788746
106997,107374,110680,377,3306,2,7200,1.11403508772
107023,107381,110504,358,3123,2,7200,1.11463336535
107037,107471,110958,434,3487,2,7200,1.1244622885
107041,107571,111166,530,3595,2,7200,1.14742698192
107052,107603,110858,551,3255,2,7200,1.16927803379
107068,107610,110893,542,3283,2,7200,1.16509290283
107083,107672,110997,589,3325,2,7200,1.17714285714
107211,107723,111074,512,3351,2,7200,1.15279021188
107241,107730,111249,489,3519,2,7200,1.1389599318
107268,107736,111062,468,3326,2,7200,1.14070956103
107293,107802,110943,509,3141,2,7200,1.16205030245
107308,107865,111234,557,3369,2,7200,1.16533095874
107329,108007,111310,678,3303,2,7200,1.20526793824
107357,108012,111184,655,3172,2,7200,1.20649432535
107359,108017,111541,658,3524,2,7200,1.18671963678
107374,108022,111473,648,3451,2,7200,1.18777166039
107462,108028,111117,566,3089,2,7200,1.18323081904
107561,108033,111747,472,3714,2,7200,1.12708669898
107591,108038,111331,447,3293,2,7200,1.13574248406
107607,108044,111544,437,3500,2,7200,1.12485714286
107662,108049,111338,387,3289,2,7200,1.11766494375
107714,108054,111236,340,3182,2,7200,1.10685103708
107729,108060,111265,331,3205,2,7200,1.10327613105
107730,108067,111250,337,3183,2,7200,1.10587496073
107790,108072,111324,282,3252,2,7200,1.08671586716
107856,108084,111414,228,3330,2,7200,1.06846846847
107990,108117,111718,127,3601,2,7200,1.03526798112
108005,108126,111404,121,3278,2,7200,1.03691275168
108023,108133,111428,110,3295,2,7200,1.03338391502
108072,108146,111367,74,3221,2,7200,1.02297423161
108106,108153,111681,47,3528,2,7200,1.01332199546
108121,108190,111748,69,3558,2,7200,1.01939291737
108121,108183,111361,62,3178,2,7200,1.01950912524
108137,108197,111483,60,3286,2,7200,1.0182592818
108152,108202,111668,50,3466,2,7200,1.01442585113
108173,108207,110943,34,2736,2,7200,1.01242690058
108177,108213,111647,36,3434,2,7200,1.01048340128
108214,108241,111750,27,3509,2,7200,1.00769449986
108228,108247,111553,19,3306,2,7200,1.00574712644
108261,108269,111319,8,3050,2,7200,1.00262295082
108276,108298,111570,22,3272,2,7200,1.00672371638
108296,108310,111737,14,3427,2,7200,1.00408520572
108306,108323,111616,17,3293,2,7200,1.00516246584
108330,108345,111904,15,3559,2,7200,1.00421466704
108415,108421,111505,6,3084,2,7200,1.00194552529
108418,108429,111605,11,3176,2,7200,1.00346347607
108448,108455,112078,7,3623,2,7200,1.00193210047
108463,108475,111069,12,2594,2,7200,1.00462606014
108517,108528,111919,11,3391,2,7200,1.00324388086
108528,108539,111686,11,3147,2,7200,1.00349539244
108550,108559,111842,9,3283,2,7200,1.00274139507
108565,108574,111903,9,3329,2,7200,1.00270351457
108567,108581,111754,14,3173,2,7200,1.00441222818
108578,108590,112297,12,3707,2,7200,1.00323711896
108619,108630,112190,11,3560,2,7200,1.00308988764
108650,108660,112002,10,3342,2,7200,1.00299222023
108672,108678,112016,6,3338,2,7200,1.00179748352
108704,108763,109125,59,362,1,3600,1.16298342541
108749,108756,112097,7,3341,2,7200,1.00209518108
108764,108771,112025,7,3254,2,7200,1.00215119852
108791,108797,109155,6,358,1,3600,1.01675977654
108792,108805,112139,13,3334,2,7200,1.00389922016
108810,108820,112375,10,3555,2,7200,1.00281293952
108813,108827,112238,14,3411,2,7200,1.00410436822
108853,108862,111991,9,3129,2,7200,1.00287631831
108854,108869,112504,15,3635,2,7200,1.00412654746
108873,108883,112284,10,3401,2,7200,1.00294031167
108881,115303,116290,6422,987,12,43200,7.50658561297
108884,109090,109206,206,116,1,1800,2.77586206897
108967,108978,112614,11,3636,2,7200,1.00302530253
108988,109095,109211,107,116,1,1800,1.9224137931
109068,109079,112359,11,3280,2,7200,1.00335365854
109084,109123,112468,39,3345,2,7200,1.01165919283
109111,109162,112364,51,3202,2,7200,1.01592754528
109216,109222,112477,6,3255,2,7200,1.00184331797
109279,109285,112628,6,3343,2,7200,1.00179479509
109373,109380,112736,7,3356,2,7200,1.00208581645
109389,109395,112659,6,3264,2,7200,1.00183823529
109404,109411,112874,7,3463,2,7200,1.00202136876
109441,109447,112647,6,3200,2,7200,1.001875
109449,109456,110304,7,848,1,3600,1.00825471698
109470,109477,112890,7,3413,2,7200,1.00205098154
109475,109484,110351,9,867,1,3600,1.01038062284
109526,109536,112764,10,3228,2,7200,1.00309789343
109551,109562,112944,11,3382,2,7200,1.00325251331
109572,109581,112988,9,3407,2,7200,1.00264162019
109594,109605,113192,11,3587,2,7200,1.0030666295
109642,109652,113146,10,3494,2,7200,1.00286204923
109679,109691,113031,12,3340,2,7200,1.00359281437
109728,109739,112981,11,3242,2,7200,1.0033929673
109752,109763,113184,11,3421,2,7200,1.00321543408
109813,109822,112681,9,2859,2,7200,1.00314795383
109841,109853,113346,12,3493,2,7200,1.00343544231
109861,109971,110538,110,567,1,1800,1.19400352734
109903,109976,110553,73,577,1,1800,1.12651646447
109934,109946,113112,12,3166,2,7200,1.00379027164
109941,109953,113070,12,3117,2,7200,1.00384985563
109957,109963,113318,6,3355,2,7200,1.00178837556
109972,109998,113317,26,3319,2,7200,1.00783368484
109988,110034,113436,46,3402,2,7200,1.01352145797
110023,110073,113446,50,3373,2,7200,1.01482359917
110064,110107,113564,43,3457,2,7200,1.01243853052
110095,110114,113720,19,3606,2,7200,1.00526899612
110111,110135,113464,24,3329,2,7200,1.00720937218
110124,110148,113147,24,2999,2,7200,1.00800266756
110139,110167,113584,28,3417,2,7200,1.00819432251
110157,110189,113742,32,3553,2,7200,1.0090064734
110179,110271,113679,92,3408,2,7200,1.02699530516
110261,110278,113682,17,3404,2,7200,1.00499412456
110276,110314,113597,38,3283,2,7200,1.01157477917
110304,110321,113646,17,3325,2,7200,1.00511278195
110320,110328,113535,8,3207,2,7200,1.00249454319
110322,110333,113504,11,3171,2,7200,1.00346893724
110337,110346,113523,9,3177,2,7200,1.00283286119
110353,110361,113804,8,3443,2,7200,1.00232355504
110400,110409,113467,9,3058,2,7200,1.00294310007
110415,110422,113759,7,3337,2,7200,1.00209769254
110449,110460,113812,11,3352,2,7200,1.00328162291
110464,110471,113817,7,3346,2,7200,1.00209205021
110506,110517,114017,11,3500,2,7200,1.00314285714
110521,110528,113672,7,3144,2,7200,1.0022264631
110522,110535,113618,13,3083,2,7200,1.00421667207
110537,110548,113949,11,3401,2,7200,1.00323434284
110554,110560,113881,6,3321,2,7200,1.00180668473
110569,110577,114010,8,3433,2,7200,1.00233032333
110613,110619,114029,6,3410,2,7200,1.00175953079
110618,110627,113930,9,3303,2,7200,1.00272479564
110633,110640,114016,7,3376,2,7200,1.00207345972
110680,110687,114017,7,3330,2,7200,1.0021021021
110706,110713,113965,7,3252,2,7200,1.00215252153
110720,110728,114492,8,3764,2,7200,1.00212539851
110860,110866,114282,6,3416,2,7200,1.00175644028
110894,110901,114366,7,3465,2,7200,1.00202020202
110945,110952,114108,7,3156,2,7200,1.00221799747
110945,110959,114230,14,3271,2,7200,1.00428003669
110961,110968,114305,7,3337,2,7200,1.00209769254
111000,111007,114357,7,3350,2,7200,1.00208955224
111063,111070,114225,7,3155,2,7200,1.00221870048
111078,111086,114468,8,3382,2,7200,1.00236546422
111080,111093,114399,13,3306,2,7200,1.0039322444
111120,111126,114479,6,3353,2,7200,1.00178944229
111168,111175,114571,7,3396,2,7200,1.00206124853
111186,111193,114579,7,3386,2,7200,1.00206733609
111235,111243,114672,8,3429,2,7200,1.0023330417
111251,111258,114563,7,3305,2,7200,1.00211800303
111253,111265,114586,12,3321,2,7200,1.00361336947
111254,111270,114735,16,3465,2,7200,1.00461760462
111269,111277,114569,8,3292,2,7200,1.00243013366
111311,111317,114235,6,2918,2,7200,1.00205620288
111326,111333,114897,7,3564,2,7200,1.0019640853
111328,111340,114558,12,3218,2,7200,1.00372902424
111333,111345,114525,12,3180,2,7200,1.00377358491
111349,111355,114657,6,3302,2,7200,1.00181708056
111364,111371,114777,7,3406,2,7200,1.00205519671
111370,111378,114495,8,3117,2,7200,1.00256657042
111406,111413,114465,7,3052,2,7200,1.00229357798
111416,111423,114903,7,3480,2,7200,1.00201149425
111432,111439,114801,7,3362,2,7200,1.00208209399
111476,111483,114803,7,3320,2,7200,1.00210843373
111484,111491,114801,7,3310,2,7200,1.00211480363
111505,111512,111625,7,113,1,3600,1.06194690265
111506,111519,114996,13,3477,2,7200,1.00373885534
111509,111563,111677,54,114,1,3600,1.47368421053
111542,111549,114450,7,2901,2,7200,1.00241296105
111545,111556,114841,11,3285,2,7200,1.00334855403
111557,111570,115015,13,3445,2,7200,1.00377358491
111572,111582,114963,10,3381,2,7200,1.00295770482
111606,111619,114789,13,3170,2,7200,1.00410094637
111619,111628,114987,9,3359,2,7200,1.00267936886
111650,111658,115312,8,3654,2,7200,1.0021893815
111669,111676,115149,7,3473,2,7200,1.00201554852
111684,111691,115077,7,3386,2,7200,1.00206733609
111699,111706,115125,7,3419,2,7200,1.00204738228
111719,111726,114973,7,3247,2,7200,1.00215583616
111739,111746,115290,7,3544,2,7200,1.0019751693
111749,111757,115026,8,3269,2,7200,1.00244723157
111755,111764,114957,9,3193,2,7200,1.00281866583
111756,111770,115175,14,3405,2,7200,1.00411160059
111757,111775,115047,18,3272,2,7200,1.00550122249
111779,111786,112115,7,329,1,3600,1.02127659574
111839,111846,112169,7,323,1,3600,1.02167182663
111843,111855,115210,12,3355,2,7200,1.00357675112
111904,111915,115359,11,3444,2,7200,1.00319396051
111906,111923,115286,17,3363,2,7200,1.00505501041
111920,111932,115056,12,3124,2,7200,1.00384122919
111994,112004,115464,10,3460,2,7200,1.00289017341
112010,112017,115471,7,3454,2,7200,1.00202663578
112025,112033,115619,8,3586,2,7200,1.00223089794
112027,112040,115330,13,3290,2,7200,1.00395136778
112078,112090,115454,12,3364,2,7200,1.00356718193
112100,112110,115285,10,3175,2,7200,1.0031496063
112140,112147,115293,7,3146,2,7200,1.00222504768
112192,112198,115624,6,3426,2,7200,1.00175131349
112204,112301,112347,97,46,1,1800,3.10869565217
112241,112248,115406,7,3158,2,7200,1.00221659278
112264,112306,112355,42,49,1,1800,1.85714285714
112287,112294,115414,7,3120,2,7200,1.00224358974
112297,112314,115703,17,3389,2,7200,1.00501622898
112361,112368,115786,7,3418,2,7200,1.00204798128
112367,112375,115885,8,3510,2,7200,1.00227920228
112382,112389,115813,7,3424,2,7200,1.00204439252
112470,112477,115635,7,3158,2,7200,1.00221659278
112479,112486,115680,7,3194,2,7200,1.00219160927
112504,112511,115615,7,3104,2,7200,1.00225515464
112537,112544,113165,7,621,1,3600,1.01127214171
112608,112615,113210,7,595,1,3600,1.01176470588
112617,112627,116160,10,3533,2,7200,1.0028304557
112632,112640,116196,8,3556,2,7200,1.00224971879
112648,112659,116092,11,3433,2,7200,1.00320419458
112654,113175,113257,521,82,1,1800,7.35365853659
112663,112672,116234,9,3562,2,7200,1.00252667041
112682,112693,115999,11,3306,2,7200,1.00332728373
112684,113220,113298,536,78,1,1800,7.87179487179
112737,112748,116137,11,3389,2,7200,1.00324579522
112764,112776,116134,12,3358,2,7200,1.00357355569
112877,112887,116519,10,3632,2,7200,1.00275330396
112891,112902,115838,11,2936,2,7200,1.00374659401
112945,112957,116236,12,3279,2,7200,1.00365965233
112984,112994,116404,10,3410,2,7200,1.00293255132
113000,113007,116449,7,3442,2,7200,1.00203370134
113034,113043,116482,9,3439,2,7200,1.00261703984
113073,113083,116475,10,3392,2,7200,1.00294811321
113112,113124,116500,12,3376,2,7200,1.00355450237
113147,113158,116115,11,2957,2,7200,1.00371998647
113149,113165,116420,16,3255,2,7200,1.00491551459
113187,113196,116452,9,3256,2,7200,1.00276412776
113191,113204,116725,13,3521,2,7200,1.00369213292
113320,113327,116479,7,3152,2,7200,1.00222081218
113321,113334,116614,13,3280,2,7200,1.00396341463
113349,113356,116736,7,3380,2,7200,1.00207100592
113438,113445,116892,7,3447,2,7200,1.00203075138
113447,113454,116791,7,3337,2,7200,1.00209769254
113465,113472,116781,7,3309,2,7200,1.00211544273
113469,113479,116935,10,3456,2,7200,1.00289351852
113505,113513,116819,8,3306,2,7200,1.00241984271
113524,113531,116627,7,3096,2,7200,1.00226098191
113539,113547,116847,8,3300,2,7200,1.00242424242
113567,113574,116901,7,3327,2,7200,1.0021039976
113585,113593,117002,8,3409,2,7200,1.00234672925
113601,113608,117378,7,3770,2,7200,1.00185676393
113619,113626,116776,7,3150,2,7200,1.00222222222
113647,113654,117061,7,3407,2,7200,1.00205459348
113673,113680,116870,7,3190,2,7200,1.00219435737
113681,113688,116911,7,3223,2,7200,1.00217188954
113696,113703,117129,7,3426,2,7200,1.00204319907
113724,113731,116920,7,3189,2,7200,1.00219504547
113743,113750,116816,7,3066,2,7200,1.00228310502
113761,113767,116983,6,3216,2,7200,1.00186567164
113806,113814,117305,8,3491,2,7200,1.00229160699
113822,113829,117279,7,3450,2,7200,1.00202898551
113823,113836,117040,13,3204,2,7200,1.00405742821
113881,113887,117348,6,3461,2,7200,1.001733603
113931,113937,117328,6,3391,2,7200,1.00176938956
113951,113958,117361,7,3403,2,7200,1.00205700852
113967,113975,117198,8,3223,2,7200,1.00248215948
114013,114020,117349,7,3329,2,7200,1.00210273355
114016,114027,117498,11,3471,2,7200,1.00316911553
114028,114036,117169,8,3133,2,7200,1.00255346313
114029,114041,117476,12,3435,2,7200,1.00349344978
114031,114048,117601,17,3553,2,7200,1.004784689
114110,114117,117442,7,3325,2,7200,1.00210526316
114225,114233,117186,8,2953,2,7200,1.00270910938
114234,114240,114526,6,286,1,1800,1.02097902098
114234,114247,117316,13,3069,2,7200,1.00423590746
114241,114254,117717,13,3463,2,7200,1.00375397055
114283,114289,117665,6,3376,2,7200,1.00177725118
114301,114374,114661,73,287,1,1800,1.2543554007
114308,114315,117607,7,3292,2,7200,1.00212636695
114360,114367,117571,7,3204,2,7200,1.00218476904
114375,114382,117688,7,3306,2,7200,1.00211736237
114399,114412,117459,13,3047,2,7200,1.00426649163
114451,114462,118001,11,3539,2,7200,1.00310822266
114466,114478,117838,12,3360,2,7200,1.00357142857
114481,114489,118082,8,3593,2,7200,1.00222655163
114483,114496,118274,13,3778,2,7200,1.00344097406
114498,114513,117794,15,3281,2,7200,1.0045717769
114498,114506,117803,8,3297,2,7200,1.00242644829
114526,114536,117852,10,3316,2,7200,1.00301568154
114559,114566,117658,7,3092,2,7200,1.00226390686
114563,114573,118033,10,3460,2,7200,1.00289017341
114574,114582,118187,8,3605,2,7200,1.00221914008
114578,114589,118333,11,3744,2,7200,1.00293803419
114580,114594,117912,14,3318,2,7200,1.00421940928
114595,114603,117975,8,3372,2,7200,1.00237247924
114660,114667,118117,7,3450,2,7200,1.00202898551
114675,114682,118057,7,3375,2,7200,1.00207407407
114736,114743,117909,7,3166,2,7200,1.00221099179
114778,114786,118179,8,3393,2,7200,1.00235779546
114791,114798,118149,7,3351,2,7200,1.00208892868
114806,114813,118198,7,3385,2,7200,1.00206794682
114807,114820,118007,13,3187,2,7200,1.00407907123
114808,114825,118284,17,3459,2,7200,1.00491471524
114842,114849,117968,7,3119,2,7200,1.00224430907
114900,114907,118547,7,3640,2,7200,1.00192307692
114906,114914,118281,8,3367,2,7200,1.00237600238
114961,114968,118163,7,3195,2,7200,1.00219092332
114963,114975,118024,12,3049,2,7200,1.00393571663
114979,114985,118240,6,3255,2,7200,1.00184331797
114993,115000,118482,7,3482,2,7200,1.00201033889
115008,115015,118017,7,3002,2,7200,1.00233177881
115023,115030,118331,7,3301,2,7200,1.00212056952
115038,115044,118494,6,3450,2,7200,1.00173913043
115059,115067,118277,8,3210,2,7200,1.00249221184
115465,115472,118866,7,3394,2,7200,1.00206246317
115682,115689,119134,7,3445,2,7200,1.00203193033
115703,115709,118941,6,3232,2,7200,1.00185643564
115812,115818,119532,6,3714,2,7200,1.00161550889
115841,115848,119457,7,3609,2,7200,1.00193959546
115887,115895,119370,8,3475,2,7200,1.00230215827
116424,116430,119494,6,3064,2,7200,1.00195822454
116485,116491,119784,6,3293,2,7200,1.00182204677
116499,116507,119589,8,3082,2,7200,1.00259571707
116725,116731,120199,6,3468,2,7200,1.00173010381
116792,116798,120355,6,3557,2,7200,1.00168681473
116816,116824,120023,8,3199,2,7200,1.00250078149
116868,116874,120117,6,3243,2,7200,1.00185013876
116935,116941,120405,6,3464,2,7200,1.00173210162
116980,116987,120362,7,3375,2,7200,1.00207407407
117059,117066,117069,7,3,1,600,1.0
117070,117076,117079,6,3,1,600,1.0
117071,117084,149601,13,32517,4,32400,1.00039979088
117081,117091,117093,10,2,1,600,1.2
117091,117099,117102,8,3,1,600,1.1
117102,117108,117111,6,3,1,600,1.0
117113,117120,117123,7,3,1,600,1.0
117123,117131,117133,8,2,1,600,1.0
117134,117141,117143,7,2,1,600,1.0
117145,117152,117155,7,3,1,600,1.0
117156,117162,117165,6,3,1,600,1.0
117166,117173,117175,7,2,1,600,1.0
117177,117184,117189,7,5,1,600,1.2
117187,117193,120624,6,3431,2,7200,1.00174876129
117198,117204,117207,6,3,1,600,1.0
117202,117212,120289,10,3077,2,7200,1.00324991875
117209,117218,117221,9,3,1,600,1.2
117219,117227,117229,8,2,1,600,1.0
117230,117236,117239,6,3,1,600,1.0
117241,117248,117250,7,2,1,600,1.0
117252,117258,117261,6,3,1,600,1.0
117262,117269,117271,7,2,1,600,1.0
117273,117280,117283,7,3,1,600,1.0
117284,117291,117293,7,2,1,600,1.0
117294,117301,117303,7,2,1,600,1.0
117305,117311,117314,6,3,1,600,1.0
117316,117322,117325,6,3,1,600,1.0
117326,117338,117341,12,3,1,600,1.5
117327,117333,120564,6,3231,2,7200,1.00185701021
117337,117345,117348,8,3,1,600,1.1
117348,117355,117357,7,2,1,600,1.0
117358,117365,117368,7,3,1,600,1.0
117369,117375,117378,6,3,1,600,1.0
117380,117386,117389,6,3,1,600,1.0
117390,117397,117400,7,3,1,600,1.0
117401,117407,117410,6,3,1,600,1.0
117412,117418,117421,6,3,1,600,1.0
117423,117429,117432,6,3,1,600,1.0
117433,117439,117444,6,5,1,600,1.1
117444,117450,120593,6,3143,2,7200,1.00190900414
117455,117461,117464,6,3,1,600,1.0
117459,117469,120796,10,3327,2,7200,1.00300571085
117465,117476,117478,11,2,1,600,1.3
117476,117483,117485,7,2,1,600,1.0
117487,117493,117496,6,3,1,600,1.0
117497,117510,117513,13,3,1,600,1.6
117499,117504,120909,5,3405,2,7200,1.00146842878
117508,117517,117520,9,3,1,600,1.2
117519,117526,117529,7,3,1,600,1.0
117529,117536,117539,7,3,1,600,1.0
117540,117547,117549,7,2,1,600,1.0
117551,117557,117560,6,3,1,600,1.0
117561,117568,117573,7,5,1,600,1.2
117572,117578,117581,6,3,1,600,1.0
117583,117590,117592,7,2,1,600,1.0
117593,117600,117603,7,3,1,600,1.0
117599,117607,120892,8,3285,2,7200,1.00243531202
117604,117615,117617,11,2,1,600,1.3
117615,117622,117625,7,3,1,600,1.0
117626,117632,117635,6,3,1,600,1.0
117636,117642,117645,6,3,1,600,1.0
117647,117654,117659,7,5,1,600,1.2
117654,117660,121135,6,3475,2,7200,1.00172661871
117658,117668,117671,10,3,1,600,1.3
117668,117675,117677,7,2,1,600,1.0
117679,117685,117690,6,5,1,600,1.1
117690,117696,117699,6,3,1,600,1.0
117700,117707,117710,7,3,1,600,1.0
117711,117717,117720,6,3,1,600,1.0
117718,117725,121174,7,3449,2,7200,1.00202957379
117722,117732,117735,10,3,1,600,1.3
117732,117738,117741,6,3,1,600,1.0
117743,117749,117752,6,3,1,600,1.0
117754,117760,117763,6,3,1,600,1.0
117764,117771,117774,7,3,1,600,1.0
117775,117781,117784,6,3,1,600,1.0
117786,117792,117795,6,3,1,600,1.0
117796,117803,117806,7,3,1,600,1.0
117804,117810,121034,6,3224,2,7200,1.00186104218
117807,117817,117819,10,2,1,600,1.2
117818,117826,117828,8,2,1,600,1.0
117829,117836,117840,7,4,1,600,1.1
117837,117845,121445,8,3600,2,7200,1.00222222222
117849,117857,117859,8,2,1,600,1.0
117860,117866,117869,6,3,1,600,1.0
117871,117878,117880,7,2,1,600,1.0
117881,117889,117891,8,2,1,600,1.0
117892,117900,117903,8,3,1,600,1.1
117903,117909,117914,6,5,1,600,1.1
117913,117921,117923,8,2,1,600,1.0
117924,117931,117933,7,2,1,600,1.0
117935,117942,117945,7,3,1,600,1.0
117946,117953,117955,7,2,1,600,1.0
117950,117960,123547,10,5587,2,72000,1.00178986934
117956,117967,117970,11,3,1,600,1.4
117967,117973,117977,6,4,1,600,1.0
117978,117984,117987,6,3,1,600,1.0
117988,117994,117997,6,3,1,600,1.0
117999,118011,118014,12,3,1,600,1.5
117999,118006,121345,7,3339,2,7200,1.00209643606
118010,118018,118021,8,3,1,600,1.1
118017,118025,121078,8,3053,2,7200,1.0026203734
118020,118032,118035,12,3,1,600,1.5
118031,118044,118047,13,3,1,600,1.6
118032,118038,121197,6,3159,2,7200,1.00189933523
118042,118051,118053,9,2,1,600,1.1
118052,118059,118061,7,2,1,600,1.0
118063,118071,118073,8,2,1,600,1.0
118074,118080,118084,6,4,1,600,1.0
118081,118088,121391,7,3303,2,7200,1.0021192855
118084,118096,118098,12,2,1,600,1.4
118095,118102,118105,7,3,1,600,1.0
118106,118113,118115,7,2,1,600,1.0
118116,118122,118125,6,3,1,600,1.0
118127,118134,118136,7,2,1,600,1.0
118138,118144,118147,6,3,1,600,1.0
118149,118155,118158,6,3,1,600,1.0
118159,118166,118168,7,2,1,600,1.0
118170,118176,118179,6,3,1,600,1.0
118179,118185,121370,6,3185,2,7200,1.00188383046
118191,118197,118200,6,3,1,600,1.0
118194,118203,121323,9,3120,2,7200,1.00288461538
118201,118210,118213,9,3,1,600,1.2
118209,118217,121413,8,3196,2,7200,1.00250312891
118212,118223,118226,11,3,1,600,1.4
118223,118230,118232,7,2,1,600,1.0
118233,118240,118243,7,3,1,600,1.0
118242,118249,121709,7,3460,2,7200,1.00202312139
118254,118260,118263,6,3,1,600,1.0
118265,118271,118276,6,5,1,600,1.1
118273,118279,121419,6,3140,2,7200,1.00191082803
118275,118286,118289,11,3,1,600,1.4
118286,118293,118295,7,2,1,600,1.0
118288,118300,121809,12,3509,2,7200,1.00341977771
118297,118307,118309,10,2,1,600,1.2
118307,118314,118316,7,2,1,600,1.0
118318,118324,118327,6,3,1,600,1.0
118328,118335,121644,7,3309,2,7200,1.00211544273
118339,118345,118348,6,3,1,600,1.0
118350,118357,118360,7,3,1,600,1.0
118360,118367,118369,7,2,1,600,1.0
118371,118378,118380,7,2,1,600,1.0
118381,118389,118391,8,2,1,600,1.0
118392,118399,118401,7,2,1,600,1.0
118403,118409,118412,6,3,1,600,1.0
118414,118421,118423,7,2,1,600,1.0
118424,118430,118433,6,3,1,600,1.0
118435,118441,118444,6,3,1,600,1.0
118446,118452,118455,6,3,1,600,1.0
118456,118463,118465,7,2,1,600,1.0
118467,118473,118476,6,3,1,600,1.0
118478,118485,118487,7,2,1,600,1.0
118480,118492,121958,12,3466,2,7200,1.00346220427
118488,118499,118502,11,3,1,600,1.4
118495,118505,121936,10,3431,2,7200,1.00291460216
118499,118511,118513,12,2,1,600,1.4
118510,118518,118521,8,3,1,600,1.1
118520,118528,118531,8,3,1,600,1.1
118531,118537,118540,6,3,1,600,1.0
118542,118548,118551,6,3,1,600,1.0
118547,118555,122143,8,3588,2,7200,1.0022296544
118552,118562,118564,10,2,1,600,1.2
118563,118570,118572,7,2,1,600,1.0
118574,118580,118583,6,3,1,600,1.0
118585,118591,118594,6,3,1,600,1.0
118595,118602,118604,7,2,1,600,1.0
118606,118613,118615,7,2,1,600,1.0
118617,118624,118627,7,3,1,600,1.0
118627,118633,118636,6,3,1,600,1.0
118638,118645,118647,7,2,1,600,1.0
118649,118656,118659,7,3,1,600,1.0
118659,118665,118668,6,3,1,600,1.0
118670,118677,118679,7,2,1,600,1.0
118681,118687,118690,6,3,1,600,1.0
118691,118697,118700,6,3,1,600,1.0
118702,118709,118711,7,2,1,600,1.0
118713,118719,118722,6,3,1,600,1.0
118723,118729,118732,6,3,1,600,1.0
118734,118741,118743,7,2,1,600,1.0
118745,118752,118754,7,2,1,600,1.0
118755,118761,118764,6,3,1,600,1.0
118766,118772,118775,6,3,1,600,1.0
118777,118784,118786,7,2,1,600,1.0
118787,118793,118796,6,3,1,600,1.0
118798,118805,118807,7,2,1,600,1.0
118809,118815,118819,6,4,1,600,1.0
118820,118826,118829,6,3,1,600,1.0
118830,118837,118839,7,2,1,600,1.0
118841,118849,118851,8,2,1,600,1.0
118852,118858,118861,6,3,1,600,1.0
118863,118875,118878,12,3,1,600,1.5
118864,118870,122400,6,3530,2,7200,1.00169971671
118873,118882,118885,9,3,1,600,1.2
118884,118892,118895,8,3,1,600,1.1
118895,118901,118904,6,3,1,600,1.0
118905,118912,118915,7,3,1,600,1.0
118916,118923,118925,7,2,1,600,1.0
118927,118934,118936,7,2,1,600,1.0
118937,118944,118947,7,3,1,600,1.0
118942,118952,122241,10,3289,2,7200,1.00304043782
118948,118959,118961,11,2,1,600,1.3
118959,118966,118968,7,2,1,600,1.0
118969,118975,118978,6,3,1,600,1.0
118980,118986,118989,6,3,1,600,1.0
118991,118997,119000,6,3,1,600,1.0
119001,119007,119010,6,3,1,600,1.0
119012,119019,119021,7,2,1,600,1.0
119023,119030,119033,7,3,1,600,1.0
119134,119140,122253,6,3113,2,7200,1.00192740122
119373,119380,122513,7,3133,2,7200,1.00223428024
119375,119387,119581,12,194,12,43200,1.0618556701
119455,119462,122616,7,3154,2,7200,1.00221940393
119495,119501,122814,6,3313,2,7200,1.00181104739
119534,119541,122874,7,3333,2,7200,1.00210021002
119592,119599,122985,7,3386,2,7200,1.00206733609
119785,119792,122775,7,2983,2,7200,1.00234663091
119925,119932,135410,7,15478,4,21600,1.00045225481
120022,120029,123551,7,3522,2,7200,1.0019875071
120119,120127,124063,8,3936,2,7200,1.00203252033
120130,120136,123293,6,3157,8,18000,1.00190053849
120198,120204,123347,6,3143,2,7200,1.00190900414
120243,120250,120261,7,11,1,600,1.63636363636
120273,120279,120309,6,30,1,600,1.2
120284,120290,120323,6,33,1,600,1.18181818182
120289,120297,123814,8,3517,2,7200,1.00227466591
120294,120304,120340,10,36,1,600,1.27777777778
120305,120312,120342,7,30,1,600,1.23333333333
120316,120322,120355,6,33,1,600,1.18181818182
120326,120334,120371,8,37,1,600,1.21621621622
120337,120343,120377,6,34,1,600,1.17647058824
120348,120355,120382,7,27,1,600,1.25925925926
120356,120362,123882,6,3520,2,7200,1.00170454545
120358,120370,120399,12,29,1,600,1.41379310345
120369,120382,120409,13,27,1,600,1.48148148148
120371,120377,123725,6,3348,2,7200,1.0017921147
120380,120389,120425,9,36,1,600,1.25
120390,120398,120436,8,38,1,600,1.21052631579
120407,120413,124126,6,3713,2,7200,1.00161594398
120486,120492,121045,6,553,1,600,1.01084990958
120506,239635,315999,119129,76364,12,172800,2.5600151904
120561,120568,123983,7,3415,2,7200,1.00204978038
120595,120601,124088,6,3487,2,7200,1.0017206768
120625,120631,124103,6,3472,2,7200,1.0017281106
120759,120766,138784,7,18018,8,18000,1.00038850039
120795,120801,124186,6,3385,2,7200,1.00177252585
120889,120896,124091,7,3195,2,7200,1.00219092332
120907,120913,124382,6,3469,2,7200,1.00172960507
121035,121041,124253,6,3212,2,7200,1.00186799502
121077,121083,124631,6,3548,2,7200,1.00169109357
121135,121147,124418,12,3271,2,7200,1.00366860287
121175,121181,124342,6,3161,2,7200,1.0018981335
121199,121205,124729,6,3524,2,7200,1.00170261067
121321,121328,124724,7,3396,2,7200,1.00206124853
121345,121351,124672,6,3321,2,7200,1.00180668473
121369,121375,124760,6,3385,2,7200,1.00177252585
121393,121401,124818,8,3417,2,7200,1.002341235
121416,121423,124944,7,3521,2,7200,1.00198807157
121431,121438,124849,7,3411,2,7200,1.00205218411
121438,121446,121669,8,223,1,600,1.03587443946
121447,121454,124612,7,3158,2,7200,1.00221659278
121504,121510,122976,6,1466,8,18000,1.00409276944
121644,121650,125126,6,3476,2,7200,1.00172612198
121668,121675,122985,7,1310,8,18000,1.00534351145
121710,121717,125501,7,3784,2,7200,1.00184989429
121810,121817,124875,7,3058,2,7200,1.00228907783
121935,121942,125515,7,3573,2,7200,1.00195913798
121956,121963,125384,7,3421,2,7200,1.00204618533
121986,121993,122635,7,642,4,3600,1.01090342679
122145,122151,125436,6,3285,2,7200,1.00182648402
122243,122250,125694,7,3444,2,7200,1.00203252033
122258,122264,125695,6,3431,2,7200,1.00174876129
122329,122336,122640,7,304,1,600,1.02302631579
122340,122346,122663,6,317,1,600,1.01892744479
122351,122357,122667,6,310,1,600,1.01935483871
122361,122367,122686,6,319,1,600,1.01880877743
122372,122378,122673,6,295,1,600,1.02033898305
122382,122389,122700,7,311,1,600,1.02250803859
122393,122400,122724,7,324,1,600,1.02160493827
122398,122407,125931,9,3524,2,7200,1.002553916
122404,122414,122715,10,301,1,600,1.03322259136
122415,122427,122748,12,321,1,600,1.03738317757
122416,122422,123481,6,1059,2,3540,1.00566572238
122425,122434,122746,9,312,1,600,1.02884615385
122436,122443,122750,7,307,1,600,1.02280130293
122447,122453,122741,6,288,1,600,1.02083333333
122457,122464,122736,7,272,1,600,1.02573529412
122468,122475,122795,7,320,1,600,1.021875
122479,122486,122780,7,294,1,600,1.02380952381
122489,122496,122798,7,302,1,600,1.02317880795
122500,122507,122770,7,263,1,600,1.02661596958
122510,122516,125357,6,2841,2,7200,1.00211193242
122511,122522,122565,11,43,1,600,1.25581395349
122620,122627,125954,7,3327,2,7200,1.0021039976
122775,122781,125982,6,3201,2,7200,1.00187441425
122811,122818,126435,7,3617,2,7200,1.0019353055
122875,122881,126271,6,3390,2,7200,1.0017699115
122988,122994,126401,6,3407,2,7200,1.00176108013
123105,123112,195147,7,72035,2,72000,1.00009717498
123270,123277,123307,7,30,1,600,1.23333333333
123281,123287,123322,6,35,1,600,1.17142857143
123291,123298,123336,7,38,1,600,1.18421052632
123302,123308,123340,6,32,1,600,1.1875
123313,123321,123354,8,33,1,600,1.24242424242
123323,123331,123367,8,36,1,600,1.22222222222
123334,123341,123375,7,34,1,600,1.20588235294
123345,123351,123379,6,28,1,600,1.21428571429
123348,123359,126719,11,3360,2,7200,1.00327380952
123355,123366,123395,11,29,1,600,1.37931034483
123366,123372,123400,6,28,1,600,1.21428571429
123377,123384,123420,7,36,1,600,1.19444444444
123387,123394,123432,7,38,1,600,1.18421052632
123396,123403,123417,7,14,1,14400,1.5
123398,123410,123439,12,29,1,600,1.41379310345
123409,123417,123448,8,31,1,600,1.25806451613
123420,123426,123462,6,36,1,600,1.16666666667
123430,123438,123466,8,28,1,600,1.28571428571
123441,123447,123479,6,32,1,600,1.1875
123452,123459,123492,7,33,1,600,1.21212121212
123462,123469,123501,7,32,1,600,1.21875
123473,123481,123515,8,34,1,600,1.23529411765
123479,123487,123491,8,4,1,900,1.2
123484,123499,123532,15,33,1,600,1.45454545455
123487,123494,124528,7,1034,2,3540,1.00676982592
123505,123512,123544,7,32,1,600,1.21875
123515,123522,123554,7,32,1,600,1.21875
123526,123533,123568,7,35,1,600,1.2
123533,123540,123552,7,12,1,14400,1.58333333333
123536,123547,123579,11,32,1,600,1.34375
123547,123553,123595,6,42,1,600,1.14285714286
123552,123561,127001,9,3440,2,7200,1.00261627907
123558,123568,123598,10,30,1,600,1.33333333333
123568,123575,123609,7,34,1,600,1.20588235294
123579,123585,123620,6,35,1,600,1.17142857143
123590,123596,123633,6,37,1,600,1.16216216216
123595,123603,128217,8,4614,4,18000,1.00173385349
123600,123610,123639,10,29,1,600,1.34482758621
123611,123618,123652,7,34,1,600,1.20588235294
123622,123629,123661,7,32,1,600,1.21875
123632,123638,123670,6,32,1,600,1.1875
123643,123649,123684,6,35,1,600,1.17142857143
123654,123660,123697,6,37,1,600,1.16216216216
123664,123672,123707,8,35,1,600,1.22857142857
123675,123681,123719,6,38,1,600,1.15789473684
123686,123693,123726,7,33,1,600,1.21212121212
123696,123704,123737,8,33,1,600,1.24242424242
123707,123714,123749,7,35,1,600,1.2
123708,123719,123727,11,8,1,14400,1.9
123718,123726,123758,8,32,1,600,1.25
123725,123733,127040,8,3307,2,7200,1.00241911098
123728,123740,123771,12,31,1,600,1.38709677419
123735,123747,147335,12,23588,2,72000,1.00050873325
123739,123752,123790,13,38,1,600,1.34210526316
123750,123759,123794,9,35,1,600,1.25714285714
123751,239784,400652,116033,160868,2,198000,1.7212932342
123761,123768,123805,7,37,1,600,1.18918918919
123771,123778,123810,7,32,1,600,1.21875
123772,123785,128717,13,4932,4,18000,1.00263584753
123782,123792,123827,10,35,1,600,1.28571428571
123793,123799,123836,6,37,1,600,1.16216216216
123803,123809,123842,6,33,1,600,1.18181818182
123811,123817,127156,6,3339,2,7200,1.00179694519
123814,123824,123863,10,39,1,600,1.25641025641
123825,123831,123866,6,35,1,600,1.17142857143
123835,123842,123877,7,35,1,600,1.2
123846,123852,123888,6,36,1,600,1.16666666667
123856,123863,123898,7,35,1,600,1.2
123867,123874,123907,7,33,1,600,1.21212121212
123878,123884,123920,6,36,1,600,1.16666666667
123881,123892,127376,11,3484,2,7200,1.00315729047
123888,123899,123940,11,41,1,600,1.26829268293
123890,123904,128726,14,4822,4,18000,1.0029033596
123899,123911,123940,12,29,1,600,1.41379310345
123910,123918,123952,8,34,1,600,1.23529411765
123920,123927,123962,7,35,1,600,1.2
123931,123937,123976,6,39,1,600,1.15384615385
123942,123949,123987,7,38,1,600,1.18421052632
123952,123959,123991,7,32,1,600,1.21875
123963,123969,124003,6,34,1,600,1.17647058824
123974,123980,124011,6,31,1,600,1.1935483871
123982,123989,127553,7,3564,2,7200,1.0019640853
123995,124002,124039,7,37,1,600,1.18918918919
124006,124017,124052,11,35,1,600,1.31428571429
124017,124024,124066,7,42,1,600,1.16666666667
124019,124031,124153,12,122,4,3600,1.09836065574
124027,124038,124075,11,37,1,600,1.2972972973
124038,124045,124088,7,43,1,600,1.16279069767
124049,124055,124089,6,34,1,600,1.17647058824
124060,124066,124101,6,35,1,600,1.17142857143
124063,124073,127223,10,3150,2,7200,1.00317460317
124070,124085,124117,15,32,1,600,1.46875
124071,124080,142114,9,18034,8,18000,1.00049905734
124081,124092,124128,11,36,1,600,1.30555555556
124091,124099,127677,8,3578,2,7200,1.00223588597
124102,124108,124143,6,35,1,600,1.17142857143
124106,124116,127578,10,3462,2,7200,1.00288850376
124108,124121,127550,13,3429,2,7200,1.00379119277
124123,124129,124160,6,31,1,600,1.1935483871
124129,124136,127547,7,3411,2,7200,1.00205218411
124133,124143,124195,10,52,1,600,1.19230769231
124144,124151,124194,7,43,1,600,1.16279069767
124155,124161,124213,6,52,1,600,1.11538461538
124165,124172,124214,7,42,1,600,1.16666666667
124176,124184,124216,8,32,1,600,1.25
124189,124196,124269,7,73,1,600,1.09589041096
124190,124202,127594,12,3392,2,7200,1.00353773585
124199,124210,124260,11,50,1,600,1.22
124210,124217,124282,7,65,1,600,1.10769230769
124221,124228,124666,7,438,4,3600,1.01598173516
124222,124234,124287,12,53,1,600,1.22641509434
124233,124241,124309,8,68,1,600,1.11764705882
124243,124250,124329,7,79,1,600,1.08860759494
124254,124261,124313,7,52,1,600,1.13461538462
124255,124268,127609,13,3341,2,7200,1.00389105058
124265,124275,124326,10,51,1,600,1.19607843137
124275,124281,124362,6,81,1,600,1.07407407407
124286,124293,124379,7,86,1,600,1.08139534884
124297,124303,124362,6,59,1,600,1.10169491525
124308,124315,124354,7,39,1,600,1.17948717949
124319,124327,124371,8,44,1,600,1.18181818182
124329,124336,124370,7,34,1,600,1.20588235294
124340,124346,124380,6,34,1,600,1.17647058824
124345,124353,127364,8,3011,2,7200,1.00265692461
124351,124360,124428,9,68,1,600,1.13235294118
124362,124369,124428,7,59,1,600,1.1186440678
124373,124379,124415,6,36,1,600,1.16666666667
124382,124388,127760,6,3372,2,7200,1.00177935943
124395,124401,124436,6,35,1,600,1.17142857143
124405,124413,124463,8,50,1,600,1.16
124416,124422,124475,6,53,1,600,1.11320754717
124426,124432,127570,6,3138,2,7200,1.00191204589
124438,124445,124498,7,53,1,600,1.1320754717
124448,124455,124491,7,36,1,600,1.19444444444
124459,124465,124509,6,44,1,600,1.13636363636
124470,124477,124513,7,36,1,600,1.19444444444
124481,124488,124521,7,33,1,600,1.21212121212
124491,124498,124533,7,35,1,600,1.2
124502,124508,124543,6,35,1,600,1.17142857143
124513,124519,124549,6,30,1,600,1.2
124523,124530,124561,7,31,1,600,1.22580645161
124526,124537,124542,11,5,1,900,1.6
124534,124549,124590,15,41,1,600,1.36585365854
124536,124544,125628,8,1084,2,3540,1.0073800738
124545,124556,124597,11,41,1,600,1.26829268293
124555,124563,124598,8,35,1,600,1.22857142857
124566,124572,124615,6,43,1,600,1.13953488372
124577,124583,124625,6,42,1,600,1.14285714286
124587,124595,124629,8,34,1,600,1.23529411765
124599,124606,124640,7,34,1,600,1.20588235294
124609,124615,124655,6,40,1,600,1.15
124618,124624,128054,6,3430,2,7200,1.00174927114
124620,124632,124664,12,32,1,600,1.375
124631,124639,124672,8,33,1,600,1.24242424242
124634,124646,127543,12,2897,2,7200,1.00414221609
124642,124653,124691,11,38,1,600,1.28947368421
124653,124659,124693,6,34,1,600,1.17647058824
124664,124670,124705,6,35,1,600,1.17142857143
124671,124679,127980,8,3301,2,7200,1.00242350803
124675,124686,124722,11,36,1,600,1.30555555556
124685,124692,124728,7,36,1,600,1.19444444444
124696,124703,124735,7,32,1,600,1.21875
124707,124713,124748,6,35,1,600,1.17142857143
124718,124724,124757,6,33,1,600,1.18181818182
124726,124732,128097,6,3365,2,7200,1.00178306092
124729,124740,124773,11,33,1,600,1.33333333333
124739,124747,124785,8,38,1,600,1.21052631579
124741,124754,128460,13,3706,2,7200,1.00350782515
124751,124761,124795,10,34,1,600,1.29411764706
124762,124769,127962,7,3193,2,7200,1.00219229565
124762,124774,124809,12,35,1,600,1.34285714286
124773,124781,124820,8,39,1,600,1.20512820513
124783,124790,124828,7,38,1,600,1.18421052632
124794,124800,124835,6,35,1,600,1.17142857143
124805,124812,124847,7,35,1,600,1.2
124815,124822,124859,7,37,1,600,1.18918918919
124817,124828,128295,11,3467,2,7200,1.00317277185
124826,124836,124873,10,37,1,600,1.27027027027
124837,124843,124877,6,34,1,600,1.17647058824
124847,124853,128227,6,3374,2,7200,1.00177830468
124847,124859,124893,12,34,1,600,1.35294117647
124858,124866,124902,8,36,1,600,1.22222222222
124869,124875,124906,6,31,1,600,1.1935483871
124875,124882,128111,7,3229,2,7200,1.00216785382
124879,124889,124923,10,34,1,600,1.29411764706
124890,124896,124933,6,37,1,600,1.16216216216
124901,124908,124940,7,32,1,600,1.21875
124911,124918,124954,7,36,1,600,1.19444444444
124922,124929,124964,7,35,1,600,1.2
124933,124939,124978,6,39,1,600,1.15384615385
124943,124949,124988,6,39,1,600,1.15384615385
124944,124956,127886,12,2930,2,7200,1.00409556314
124954,124962,124994,8,32,1,600,1.25
124965,124971,125007,6,36,1,600,1.16666666667
124975,124982,125020,7,38,1,600,1.18421052632
124986,124992,125029,6,37,1,600,1.16216216216
124997,125003,125041,6,38,1,600,1.15789473684
125007,125014,125050,7,36,1,600,1.19444444444
125018,125024,125059,6,35,1,600,1.17142857143
125029,125036,125073,7,37,1,600,1.18918918919
125039,125046,125729,7,683,4,3600,1.0102489019
125039,125051,125086,12,35,1,600,1.34285714286
125050,125058,125095,8,37,1,600,1.21621621622
125061,125067,125102,6,35,1,600,1.17142857143
125071,125077,125114,6,37,1,600,1.16216216216
125082,125088,125123,6,35,1,600,1.17142857143
125093,125099,125135,6,36,1,600,1.16666666667
125103,125110,125147,7,37,1,600,1.18918918919
125114,125120,125160,6,40,1,600,1.15
125124,125130,128437,6,3307,2,7200,1.00181433323
125135,125142,125175,7,33,1,600,1.21212121212
125145,125153,125160,8,7,1,600,1.5
125156,125163,125207,7,44,1,600,1.15909090909
125167,125174,125197,7,23,1,600,1.30434782609
125177,125185,125192,8,7,1,600,1.5
125179,125192,125365,13,173,1,18000,1.07514450867
125188,125199,125213,11,14,1,600,1.78571428571
125199,125206,125240,7,34,1,600,1.20588235294
125209,125215,125240,6,25,1,600,1.24
125209,125221,125375,12,154,1,18000,1.07792207792
125220,125228,125254,8,26,1,600,1.30769230769
125231,125237,125247,6,10,1,600,1.6
125241,125248,125262,7,14,1,600,1.5
125252,125259,125281,7,22,1,600,1.31818181818
125359,125365,128884,6,3519,2,7200,1.00170502984
125383,125390,128839,7,3449,2,7200,1.00202957379
125392,125399,125427,7,28,1,18000,1.25
125418,125426,125456,8,30,1,18000,1.26666666667
125437,125443,128587,6,3144,2,7200,1.00190839695
125440,125450,126932,10,1482,1,1800,1.00674763833
125501,125508,128756,7,3248,2,7200,1.00215517241
125516,125523,128953,7,3430,2,7200,1.00204081633
125626,125632,125638,6,6,1,900,1.2
125641,125648,126728,7,1080,2,3540,1.00648148148
125696,125703,128856,7,3153,2,7200,1.00222010783
125697,125710,129289,13,3579,2,7200,1.00363229953
125708,125716,125783,8,67,1,18000,1.11940298507
125732,263420,487049,137688,223629,2,345600,1.61569832177
125771,263432,609072,137661,345640,2,345600,1.39827855572
125793,125801,126202,8,401,8,3600,1.01995012469
125820,125827,125873,7,46,1,18000,1.15217391304
125832,264446,318067,138614,53621,2,345600,3.58506928256
125932,125939,129048,7,3109,2,7200,1.00225152782
125944,125950,148335,6,22385,2,72000,1.00026803663
125956,125962,129364,6,3402,2,7200,1.00176366843
125983,125989,129457,6,3468,2,7200,1.00173010381
126001,264451,610101,138450,345650,2,345600,1.40054968899
126100,126108,126122,8,14,8,3600,1.57142857143
126202,126208,198263,6,72055,2,72000,1.00008326972
126207,264456,610065,138249,345609,2,345600,1.40001562459
126226,126234,128642,8,2408,16,3600,1.00332225914
126259,264462,610107,138203,345645,2,345600,1.3998408772
126271,126278,129753,7,3475,2,7200,1.00201438849
126280,264467,610105,138187,345638,2,345600,1.39980268373
126324,264472,610077,138148,345605,2,345600,1.39972801319
126405,126411,129558,6,3147,2,7200,1.00190657769
126435,126442,129649,7,3207,2,7200,1.00218272529
126600,239244,494253,112644,255009,8,345600,1.44172558616
126719,126725,130123,6,3398,2,7200,1.00176574456
126726,126733,126739,7,6,1,900,1.3
126737,126743,127048,6,305,2,3540,1.01967213115
127000,127007,130408,7,3401,2,7200,1.00205821817
127040,127046,130358,6,3312,2,7200,1.0018115942
127048,127054,127055,6,1,1,900,1.0
127159,127166,130578,7,3412,2,7200,1.00205158265
127194,127201,127230,7,29,1,600,1.24137931034
127205,127212,127244,7,32,1,600,1.21875
127212,127218,127220,6,2,2,3600,1.0
127216,127225,127263,9,38,1,600,1.23684210526
127225,127232,130677,7,3445,2,7200,1.00203193033
127236,127243,127273,7,30,1,600,1.23333333333
127247,127254,127286,7,32,1,600,1.21875
127251,239624,498845,112373,259221,1,259200,1.4335026869
127258,127264,127300,6,36,1,600,1.16666666667
127269,127275,127308,6,33,1,600,1.18181818182
127279,127286,127313,7,27,1,600,1.25925925926
127290,127302,127330,12,28,1,600,1.42857142857
127301,127308,127335,7,27,1,600,1.25925925926
127312,127318,127354,6,36,1,600,1.16666666667
127323,127330,127367,7,37,1,600,1.18918918919
127333,127339,127368,6,29,1,600,1.20689655172
127344,127351,127381,7,30,1,600,1.23333333333
127355,127361,127395,6,34,1,600,1.17647058824
127365,127378,127405,13,27,1,600,1.48148148148
127366,127372,130749,6,3377,2,7200,1.0017767249
127376,127385,127416,9,31,1,600,1.29032258065
127381,127391,130593,10,3202,2,7200,1.00312304809
127397,127403,127435,6,32,1,600,1.1875
127408,127414,127445,6,31,1,600,1.1935483871
127418,127425,127458,7,33,1,600,1.21212121212
127429,127435,127467,6,32,1,600,1.1875
127440,127447,127478,7,31,1,600,1.22580645161
127451,127458,127490,7,32,1,600,1.21875
127461,127468,127502,7,34,1,600,1.20588235294
127472,127479,127511,7,32,1,600,1.21875
127482,127490,127528,8,38,1,600,1.21052631579
127493,127500,127528,7,28,1,600,1.25
127504,127510,127544,6,34,1,600,1.17647058824
127514,127522,127556,8,34,1,600,1.23529411765
127518,127529,127546,11,17,2,3600,1.64705882353
127525,127535,127571,10,36,1,600,1.27777777778
127536,127543,127571,7,28,1,600,1.25
127545,127552,130766,7,3214,2,7200,1.00217797138
127546,127559,131009,13,3450,2,7200,1.00376811594
127557,127566,127602,9,36,1,600,1.25
127557,127572,127603,15,31,1,600,1.48387096774
127562,127579,130743,17,3164,2,7200,1.00537294564
127563,127584,130647,21,3063,2,7200,1.00685602351
127578,127602,127633,24,31,1,600,1.77419354839
127578,127591,130912,13,3321,2,7200,1.00391448359
127580,127596,131153,16,3557,2,7200,1.00449817262
127595,127609,131047,14,3438,2,7200,1.00407213496
127609,127616,127649,7,33,1,600,1.21212121212
127610,127628,127664,18,36,1,600,1.5
127610,127623,131065,13,3442,2,7200,1.00377687391
127631,127637,127672,6,35,1,600,1.17142857143
127642,127648,127685,6,37,1,600,1.16216216216
127653,127661,127694,8,33,1,600,1.24242424242
127664,127671,127706,7,35,1,600,1.2
127674,127680,127715,6,35,1,600,1.17142857143
127680,127688,131135,8,3447,2,7200,1.00232085872
127685,127694,127726,9,32,1,600,1.28125
127696,127702,127732,6,30,1,600,1.2
127706,127712,127749,6,37,1,600,1.16216216216
127717,127723,127757,6,34,1,600,1.17647058824
127727,127734,127771,7,37,1,600,1.18918918919
127738,127745,127776,7,31,1,600,1.22580645161
127749,127756,127790,7,34,1,600,1.20588235294
127760,127767,127802,7,35,1,600,1.2
127762,127774,131081,12,3307,2,7200,1.00362866647
127770,127780,127809,10,29,1,600,1.34482758621
127781,127788,127825,7,37,1,600,1.18918918919
127792,127798,127832,6,34,1,600,1.17647058824
127802,127810,127844,8,34,1,600,1.23529411765
127813,127820,127855,7,35,1,600,1.2
127824,127830,127864,6,34,1,600,1.17647058824
127835,127841,127874,6,33,1,600,1.18181818182
127841,127848,127866,7,18,2,3600,1.38888888889
127845,127855,127891,10,36,1,600,1.27777777778
127856,127864,127898,8,34,1,600,1.23529411765
127867,127873,127899,6,26,1,600,1.23076923077
127877,127883,127917,6,34,1,600,1.17647058824
127887,127893,131160,6,3267,2,7200,1.00183654729
127898,127904,127938,6,34,1,600,1.17647058824
127909,127915,127952,6,37,1,600,1.16216216216
127919,127926,127963,7,37,1,600,1.18918918919
127930,127936,127965,6,29,1,600,1.20689655172
127941,127948,127981,7,33,1,600,1.21212121212
127951,127963,127993,12,30,1,600,1.4
127962,127975,128007,13,32,1,600,1.40625
127963,127970,131634,7,3664,2,7200,1.00191048035
127973,127983,128015,10,32,1,600,1.3125
127981,127989,131205,8,3216,2,7200,1.00248756219
127994,128001,128035,7,34,1,600,1.20588235294
128004,128010,128042,6,32,1,600,1.1875
128015,128021,128054,6,33,1,600,1.18181818182
128026,128033,128064,7,31,1,600,1.22580645161
128036,128043,128078,7,35,1,600,1.2
128047,128054,128084,7,30,1,600,1.23333333333
128055,128062,131456,7,3394,2,7200,1.00206246317
128058,128069,128104,11,35,1,600,1.31428571429
128068,128081,128115,13,34,1,600,1.38235294118
128079,128087,128117,8,30,1,600,1.26666666667
128090,128096,128131,6,35,1,600,1.17142857143
128100,128112,128143,12,31,1,600,1.38709677419
128101,128107,131246,6,3139,2,7200,1.00191143676
128108,131171,132561,3063,1390,64,3600,3.2035971223
128111,128119,128153,8,34,1,600,1.23529411765
128116,128126,131385,10,3259,2,7200,1.0030684259
128122,128133,128169,11,36,1,600,1.30555555556
128132,128139,128164,7,25,1,600,1.28
128143,128152,128191,9,39,1,600,1.23076923077
128154,128161,128197,7,36,1,600,1.19444444444
128164,128171,128206,7,35,1,600,1.2
128175,128182,128218,7,36,1,600,1.19444444444
128186,128193,128227,7,34,1,600,1.20588235294
128197,128203,128237,6,34,1,600,1.17647058824
128207,128214,128242,7,28,1,600,1.25
128218,128224,128261,6,37,1,600,1.16216216216
128229,128239,131653,10,3414,2,7200,1.00292911541
128229,128244,128280,15,36,1,600,1.41666666667
128250,128257,128293,7,36,1,600,1.19444444444
128260,128268,128305,8,37,1,600,1.21621621622
128271,128277,128310,6,33,1,600,1.18181818182
128279,128286,130253,7,1967,4,18000,1.00355871886
128282,128293,128334,11,41,1,600,1.26829268293
128292,128305,128335,13,30,1,600,1.43333333333
128293,128300,131912,7,3612,2,7200,1.0019379845
128303,128313,128346,10,33,1,600,1.30303030303
128314,128322,128354,8,32,1,600,1.25
128324,128332,128366,8,34,1,600,1.23529411765
128335,128341,128372,6,31,1,600,1.1935483871
128346,128352,128383,6,31,1,600,1.1935483871
128356,128364,128395,8,31,1,600,1.25806451613
128367,128373,128408,6,35,1,600,1.17142857143
128378,128385,128421,7,36,1,600,1.19444444444
128389,128395,128429,6,34,1,600,1.17647058824
128399,128407,128439,8,32,1,600,1.25
128410,128417,128445,7,28,1,600,1.25
128421,128427,128459,6,32,1,600,1.1875
128431,128441,128475,10,34,1,600,1.29411764706
128436,128448,131622,12,3174,2,7200,1.00378071834
128452,128459,128493,7,34,1,600,1.20588235294
128460,128467,131444,7,2977,2,7200,1.00235136043
128463,128474,128502,11,28,1,600,1.39285714286
128474,128481,128511,7,30,1,600,1.23333333333
128484,128491,128526,7,35,1,600,1.2
128495,128502,128541,7,39,1,600,1.17948717949
128506,128512,128536,6,24,1,600,1.25
128516,128523,128556,7,33,1,600,1.21212121212
128527,128536,128572,9,36,1,600,1.25
128538,128546,128579,8,33,1,600,1.24242424242
128549,128555,128588,6,33,1,600,1.18181818182
128559,128566,128604,7,38,1,600,1.18421052632
128570,128581,128611,11,30,1,600,1.36666666667
128581,128588,128620,7,32,1,600,1.21875
128587,128595,131933,8,3338,2,7200,1.0023966447
128591,128602,128638,11,36,1,600,1.30555555556
128602,128608,128641,6,33,1,600,1.18181818182
128613,128620,128653,7,33,1,600,1.21212121212
128624,128630,128665,6,35,1,600,1.17142857143
128634,128643,128678,9,35,1,600,1.25714285714
128645,128651,128683,6,32,1,600,1.1875
128656,128663,128697,7,34,1,600,1.20588235294
128666,128673,128706,7,33,1,600,1.21212121212
128677,128683,128716,6,33,1,600,1.18181818182
128688,128694,128732,6,38,1,600,1.15789473684
128698,128705,128739,7,34,1,600,1.20588235294
128709,128716,128751,7,35,1,600,1.2
128721,128728,128765,7,37,1,600,1.18918918919
128731,128738,128775,7,37,1,600,1.18918918919
128742,128748,128782,6,34,1,600,1.17647058824
128753,128759,128794,6,35,1,600,1.17142857143
128755,128767,132291,12,3524,2,7200,1.00340522134
128763,128774,128810,11,36,1,600,1.30555555556
128774,128780,128818,6,38,1,600,1.15789473684
128785,128791,128825,6,34,1,600,1.17647058824
128795,128801,128835,6,34,1,600,1.17647058824
128806,128812,130711,6,1899,32,3600,1.00315955766
128806,128817,128853,11,36,1,600,1.30555555556
128817,128825,128855,8,30,1,600,1.26666666667
128827,128833,128866,6,33,1,600,1.18181818182
128837,128844,200875,7,72031,1,72000,1.00009718038
128838,128856,128892,18,36,1,600,1.5
128840,128851,132339,11,3488,2,7200,1.00315366972
128845,128868,178231,23,49363,1,72000,1.00046593602
128855,128863,132010,8,3147,2,7200,1.00254210359
128859,128876,128908,17,32,1,600,1.53125
128877,128885,128901,8,16,2,3600,1.5
128880,128897,128932,17,35,1,600,1.48571428571
128885,128892,132297,7,3405,2,7200,1.00205580029
128901,128907,128943,6,36,1,600,1.16666666667
128911,128917,128956,6,39,1,600,1.15384615385
128922,128928,128965,6,37,1,600,1.16216216216
128933,128940,128970,7,30,1,600,1.23333333333
128943,128949,128984,6,35,1,600,1.17142857143
128954,128961,128997,7,36,1,600,1.19444444444
128956,128968,132145,12,3177,2,7200,1.00377714825
128965,128975,129011,10,36,1,600,1.27777777778
128975,128982,129019,7,37,1,600,1.18918918919
128986,128993,129028,7,35,1,600,1.2
128997,129004,129038,7,34,1,600,1.20588235294
129007,129015,129051,8,36,1,600,1.22222222222
129018,129026,129059,8,33,1,600,1.24242424242
129029,129035,129072,6,37,1,600,1.16216216216
129039,129046,129080,7,34,1,600,1.20588235294
129044,129054,130728,10,1674,4,18000,1.00597371565
129050,129066,129102,16,36,1,600,1.44444444444
129050,129061,132296,11,3235,2,7200,1.00340030912
129059,129073,130725,14,1652,4,18000,1.00847457627
129071,129080,129114,9,34,1,600,1.26470588235
129082,129089,129124,7,35,1,600,1.2
129092,129099,129135,7,36,1,600,1.19444444444
129103,129109,129149,6,40,1,600,1.15
129107,129117,129136,10,19,2,3600,1.52631578947
129114,129123,129155,9,32,1,600,1.28125
129124,129131,129138,7,7,1,600,1.4
129135,129142,129185,7,43,1,600,1.16279069767
129146,129153,129175,7,22,1,600,1.31818181818
129156,129164,129171,8,7,1,600,1.5
129167,129174,129187,7,13,1,600,1.53846153846
129178,129184,129217,6,33,1,600,1.18181818182
129188,129195,129218,7,23,1,600,1.30434782609
129199,129206,129231,7,25,1,600,1.28
129210,129217,129226,7,9,1,600,1.6
129220,129228,129241,8,13,1,600,1.61538461538
129231,129238,129260,7,22,1,600,1.31818181818
129290,129297,132446,7,3149,2,7200,1.00222292791
129342,129349,129369,7,20,2,3600,1.35
129366,129373,132748,7,3375,2,7200,1.00207407407
129460,129466,132914,6,3448,2,7200,1.00174013921
129557,129564,132852,7,3288,2,7200,1.00212895377
129565,129571,129588,6,17,2,3600,1.35294117647
129648,129655,133140,7,3485,2,7200,1.00200860832
129754,129760,132924,6,3164,2,7200,1.00189633375
130121,130127,133567,6,3440,2,7200,1.00174418605
130361,130367,133490,6,3123,2,7200,1.00192122959
130409,130415,133625,6,3210,2,7200,1.00186915888
130579,130585,133655,6,3070,2,7200,1.00195439739
130594,130600,133651,6,3051,2,7200,1.00196656834
130648,130654,133655,6,3001,2,7200,1.00199933356
130678,130685,133655,7,2970,2,7200,1.00235690236
130742,130748,133655,6,2907,2,7200,1.00206398349
130757,130763,133655,6,2892,2,7200,1.0020746888
130772,130778,133655,6,2877,2,7200,1.00208550574
130844,132573,133492,1729,919,64,900,2.88139281828
130914,130920,133655,6,2735,2,7200,1.00219378428
131011,131017,133655,6,2638,2,7200,1.00227445034
131047,131053,133655,6,2602,2,7200,1.00230591852
131065,131073,133655,8,2582,2,7200,1.00309837335
131083,131090,133655,7,2565,2,7200,1.00272904483
131135,131141,133655,6,2514,2,7200,1.00238663484
131153,131160,133655,7,2495,2,7200,1.00280561122
131168,131178,133655,10,2477,2,7200,1.0040371417
131208,131214,133655,6,2441,2,7200,1.00245800901
131247,131253,133655,6,2402,2,7200,1.0024979184
131387,131393,133655,6,2262,2,7200,1.00265251989
131445,131452,133655,7,2203,2,7200,1.00317748525
131460,131467,133655,7,2188,2,7200,1.00319926874
131524,258278,284140,126754,25862,1,259200,5.90116773645
131621,131627,133655,6,2028,2,7200,1.00295857988
131636,131643,133655,7,2012,2,7200,1.00347912525
131654,131660,133655,6,1995,2,7200,1.0030075188
131721,258414,349807,126693,91393,1,259200,2.38624402307
131913,131920,133655,7,1735,2,7200,1.00403458213
131934,131940,133655,6,1715,2,7200,1.00349854227
132013,132019,133655,6,1636,2,7200,1.00366748166
132146,132153,133655,7,1502,2,7200,1.00466045273
132293,132300,133655,7,1355,2,7200,1.00516605166
132308,132314,133655,6,1341,2,7200,1.00447427293
132309,132321,133655,12,1334,2,7200,1.00899550225
132339,132347,133655,8,1308,2,7200,1.00611620795
132445,132452,133655,7,1203,2,7200,1.00581878637
132750,132758,133655,8,897,2,7200,1.00891861761
132854,132861,133655,7,794,2,7200,1.00881612091
132910,132968,132980,58,12,1,43200,5.83333333333
132910,132963,133197,53,234,1,43200,1.2264957265
132910,132916,133197,6,281,2,43200,1.02135231317
132911,132930,132951,19,21,2,43200,1.90476190476
132914,132922,133655,8,733,2,7200,1.01091405184
132929,132937,133655,8,718,2,7200,1.01114206128
132961,132975,132982,14,7,1,600,2.1
132971,132982,132989,11,7,1,600,1.8
132982,132988,133018,6,30,1,600,1.2
132993,133000,133030,7,30,1,600,1.23333333333
133003,133010,133042,7,32,1,600,1.21875
133014,133020,133029,6,9,1,600,1.5
133025,133035,133043,10,8,1,600,1.8
133036,133043,133072,7,29,1,600,1.24137931034
133046,133052,133078,6,26,1,600,1.23076923077
133057,133063,133096,6,33,1,600,1.18181818182
133068,133074,133102,6,28,1,600,1.21428571429
133079,133085,133092,6,7,1,600,1.3
133089,133096,133121,7,25,1,600,1.28
133100,133106,133134,6,28,1,600,1.21428571429
133111,133117,133154,6,37,1,600,1.16216216216
133121,133128,133160,7,32,1,600,1.21875
133132,133138,133182,6,44,1,600,1.13636363636
133139,133145,133655,6,510,2,7200,1.01176470588
133143,133152,133195,9,43,1,600,1.20930232558
133153,133160,133187,7,27,1,600,1.25925925926
133164,133170,133200,6,30,1,600,1.2
133175,133181,133222,6,41,1,600,1.14634146341
133185,133192,133222,7,30,1,600,1.23333333333
133196,133202,133231,6,29,1,600,1.20689655172
133207,133213,133244,6,31,1,600,1.1935483871
133217,133224,133235,7,11,1,600,1.63636363636
133228,133235,133267,7,32,1,600,1.21875
133239,133245,133275,6,30,1,600,1.2
133249,133256,133266,7,10,1,600,1.7
133260,133267,133277,7,10,1,600,1.7
133271,133278,133289,7,11,1,600,1.63636363636
133281,133288,133333,7,45,1,600,1.15555555556
133292,133298,133337,6,39,1,600,1.15384615385
133303,133309,133343,6,34,1,600,1.17647058824
133314,133322,133333,8,11,1,600,1.72727272727
133325,133332,133371,7,39,1,600,1.17948717949
133336,133342,133374,6,32,1,600,1.1875
133346,133353,133386,7,33,1,600,1.21212121212
133357,133364,133375,7,11,1,600,1.63636363636
133368,133375,133423,7,48,1,600,1.14583333333
133378,133385,133427,7,42,1,600,1.16666666667
133389,133396,133407,7,11,1,600,1.63636363636
133400,133406,133447,6,41,1,600,1.14634146341
133410,133417,133444,7,27,1,600,1.25925925926
133420,250174,257491,116754,7317,4,72000,16.9565395654
133420,241042,257491,107622,16449,8,72000,7.54276855736
133421,133428,133535,7,107,1,600,1.06542056075
133421,241047,257491,107626,16444,8,72000,7.54500121625
133432,133439,133475,7,36,1,600,1.19444444444
133442,133450,133478,8,28,1,600,1.28571428571
133453,133460,133473,7,13,1,600,1.53846153846
133464,133471,133484,7,13,1,600,1.53846153846
133475,133481,133494,6,13,1,600,1.46153846154
133485,133491,133532,6,41,1,600,1.14634146341
133491,133498,133655,7,157,2,7200,1.04458598726
133496,133505,133519,9,14,1,600,1.64285714286
133507,133514,133560,7,46,1,600,1.15217391304
133518,133525,133539,7,14,1,600,1.5
133529,133535,133548,6,13,1,600,1.46153846154
133539,133546,133561,7,15,1,600,1.46666666667
133550,133557,133572,7,15,1,600,1.46666666667
133561,133567,133581,6,14,1,600,1.42857142857
133569,133577,133655,8,78,2,7200,1.10256410256
133582,133589,133621,7,32,1,600,1.21875
133592,133599,133614,7,15,1,600,1.46666666667
133603,133610,133646,7,36,1,600,1.19444444444
133614,133621,133655,7,34,1,600,1.20588235294
133624,133631,133655,7,24,2,7200,1.29166666667
133634,133641,133655,7,14,1,600,1.5
133645,133651,133655,6,4,1,600,1.0
133656,133663,133698,7,35,1,600,1.2
133666,133675,133708,9,33,64,900,1.27272727273
133667,133685,133702,18,17,1,600,2.05882352941
133667,133680,133725,13,45,1,600,1.28888888889
133678,133693,133727,15,34,1,600,1.44117647059
133688,133700,133719,12,19,1,600,1.63157894737
133689,133705,133756,16,51,1,600,1.3137254902
133689,239608,239638,105919,30,16,540000,3531.63333333
133700,133711,133747,11,36,1,600,1.30555555556
133710,133717,133766,7,49,1,600,1.14285714286
133711,133723,133743,12,20,1,600,1.6
133721,133729,133750,8,21,1,600,1.38095238095
133722,133735,133757,13,22,1,600,1.59090909091
133732,133742,133785,10,43,1,600,1.23255813953
133733,133747,133764,14,17,1,600,1.82352941176
133743,133753,133792,10,39,1,600,1.25641025641
133744,133759,133779,15,20,1,600,1.75
133755,133766,133782,11,16,1,600,1.6875
133756,133771,133830,15,59,1,600,1.25423728814
133766,133778,133795,12,17,1,600,1.70588235294
133767,133783,133828,16,45,1,600,1.35555555556
133777,133789,133808,12,19,1,600,1.63157894737
133789,133801,133818,12,17,1,600,1.70588235294
133789,133795,133814,6,19,1,600,1.31578947368
133800,133813,133849,13,36,1,600,1.36111111111
133800,133808,133845,8,37,1,600,1.21621621622
133811,133819,133838,8,19,1,600,1.42105263158
133811,133825,133844,14,19,1,600,1.73684210526
133822,133832,133851,10,19,1,600,1.52631578947
133822,133837,133881,15,44,1,600,1.34090909091
133833,133849,133899,16,50,1,600,1.32
133834,133855,133873,21,18,1,600,2.16666666667
133837,133844,133880,7,36,2,7200,1.19444444444
133838,133861,133899,23,38,2,7200,1.60526315789
133840,133867,133903,27,36,2,7200,1.75
133841,133872,133908,31,36,2,7200,1.86111111111
133842,133877,133914,35,37,2,7200,1.94594594595
133844,133883,133919,39,36,2,7200,2.08333333333
133846,133888,133926,42,38,2,7200,2.10526315789
133847,133893,133929,46,36,2,7200,2.27777777778
133848,133898,133936,50,38,2,7200,2.31578947368
133850,133904,133940,54,36,2,7200,2.5
133851,133909,133947,58,38,2,7200,2.52631578947
133852,133914,133951,62,37,2,7200,2.67567567568
133854,133919,133955,65,36,2,7200,2.80555555556
133855,133926,133960,71,34,2,7200,3.08823529412
133856,133933,133969,77,36,2,7200,3.13888888889
133858,133938,133974,80,36,2,7200,3.22222222222
133859,133944,133978,85,34,2,7200,3.5
133861,133949,133984,88,35,2,7200,3.51428571429
133862,133954,133991,92,37,2,7200,3.48648648649
133865,133959,133996,94,37,2,7200,3.54054054054
133866,133965,134001,99,36,2,7200,3.75
133867,133970,134006,103,36,2,7200,3.86111111111
133869,133975,134012,106,37,2,7200,3.86486486486
133870,133981,134017,111,36,2,7200,4.08333333333
133871,133986,134022,115,36,2,7200,4.19444444444
133873,133991,134029,118,38,2,7200,4.10526315789
133874,133996,134033,122,37,2,7200,4.2972972973
133876,134002,134039,126,37,2,7200,4.40540540541
133877,134007,134044,130,37,2,7200,4.51351351351
133878,134012,134049,134,37,2,7200,4.62162162162
133880,134017,134054,137,37,2,7200,4.7027027027
133881,134023,134060,142,37,2,7200,4.83783783784
133883,134028,134066,145,38,2,7200,4.81578947368
133884,134033,134072,149,39,2,7200,4.82051282051
133885,134039,134075,154,36,2,7200,5.27777777778
133887,134044,134080,157,36,2,7200,5.36111111111
133888,134049,134089,161,40,2,7200,5.025
133890,134054,134092,164,38,2,7200,5.31578947368
133891,134060,134096,169,36,2,7200,5.69444444444
133892,134065,134104,173,39,2,7200,5.4358974359
133978,134073,135344,95,1271,2,3540,1.07474429583
133983,134084,136176,101,2092,64,3600,1.0482791587
134193,134200,134208,7,8,1,600,1.5
134204,134216,134245,12,29,1,600,1.41379310345
134204,134210,134240,6,30,1,600,1.2
134215,134223,134254,8,31,1,600,1.25806451613
134216,134228,134236,12,8,1,600,2.0
134226,134235,134243,9,8,1,600,1.7
134227,134240,134269,13,29,1,600,1.44827586207
134237,134246,134272,9,26,1,600,1.34615384615
134238,134252,134284,14,32,1,600,1.4375
134248,134259,134287,11,28,1,600,1.39285714286
134249,134264,134271,15,7,1,600,2.2
134259,134271,134296,12,25,1,600,1.48
134260,134276,134303,16,27,1,600,1.59259259259
134270,134282,134320,12,38,1,600,1.31578947368
134281,134295,134338,14,43,1,600,1.32558139535
134281,134289,134320,8,31,1,600,1.25806451613
134292,134302,134343,10,41,1,600,1.24390243902
134292,134307,134333,15,26,1,600,1.57692307692
134303,134313,134343,10,30,1,600,1.33333333333
134304,134319,134359,15,40,1,600,1.375
134314,134326,134354,12,28,1,600,1.42857142857
134315,134331,134361,16,30,1,600,1.53333333333
134325,134364,134396,39,32,1,600,2.21875
134325,134338,134372,13,34,2,7200,1.38235294118
134327,134343,134377,16,34,2,7200,1.47058823529
134328,134348,134383,20,35,2,7200,1.57142857143
134329,134353,134389,24,36,2,7200,1.66666666667
134331,134359,134394,28,35,2,7200,1.8
134332,134371,134406,39,35,2,7200,2.11428571429
134333,134376,134411,43,35,2,7200,2.22857142857
134335,134382,134416,47,34,2,7200,2.38235294118
134336,134387,134419,51,32,2,7200,2.59375
134337,134392,134419,55,27,2,7200,3.03703703704
134339,134397,134419,58,22,2,7200,3.63636363636
134340,134403,134419,63,16,2,7200,4.9375
134342,134408,134419,66,11,2,7200,7.0
134343,134413,134419,70,6,2,7200,7.6
134344,134418,134419,74,1,2,7200,7.5
134346,134424,134425,78,1,2,7200,7.9
134417,134432,134442,15,10,1,600,2.5
134428,134439,134469,11,30,1,600,1.36666666667
134429,134444,134473,15,29,1,600,1.51724137931
134439,134450,134484,11,34,2,7200,1.32352941176
134439,134477,134488,38,11,1,600,4.45454545455
134440,134456,134491,16,35,2,7200,1.45714285714
134442,134461,134498,19,37,2,7200,1.51351351351
134443,134466,134500,23,34,2,7200,1.67647058824
134444,134471,134506,27,35,2,7200,1.77142857143
134446,134483,134517,37,34,2,7200,2.08823529412
134447,134488,134526,41,38,2,7200,2.07894736842
134448,134494,134531,46,37,2,7200,2.24324324324
134450,134499,134534,49,35,2,7200,2.4
134451,134504,134536,53,32,2,7200,2.65625
134452,134509,134536,57,27,2,7200,3.11111111111
134454,134515,134536,61,21,2,7200,3.90476190476
134455,134520,134536,65,16,2,7200,5.0625
134456,134525,134536,69,11,2,7200,7.27272727273
134458,134530,134536,72,6,2,7200,7.8
134460,134541,134542,81,1,2,7200,8.2
134462,134546,134547,84,1,2,7200,8.5
134463,134552,134553,89,1,2,7200,9.0
134465,134557,134558,92,1,2,7200,9.3
134466,134562,134563,96,1,2,7200,9.7
134467,134567,134568,100,1,2,7200,10.1
134469,134573,134574,104,1,2,7200,10.5
134470,134578,134579,108,1,2,7200,10.9
134471,134583,134584,112,1,2,7200,11.3
134473,134588,134589,115,1,2,7200,11.6
134474,134594,134595,120,1,2,7200,12.1
134475,134599,134600,124,1,2,7200,12.5
134477,134604,134605,127,1,2,7200,12.8
134527,134617,134823,90,206,4,18000,1.43689320388
134613,134624,134634,11,10,1,600,2.1
134623,134630,134640,7,10,1,600,1.7
134624,134635,134678,11,43,1,600,1.25581395349
134634,134641,134681,7,40,1,600,1.175
134635,134647,134680,12,33,1,600,1.36363636364
134645,134653,134665,8,12,1,600,1.66666666667
134646,134659,134698,13,39,1,600,1.33333333333
134654,134676,134983,22,307,1,8640,1.07166123779
134657,134670,134706,13,36,1,600,1.36111111111
134657,134665,134696,8,31,1,600,1.25806451613
134668,134683,134694,15,11,1,600,2.36363636364
134668,134688,134738,20,50,1,600,1.4
134679,134695,134735,16,40,1,600,1.4
134689,134701,134714,12,13,1,600,1.92307692308
134700,134713,134739,13,26,1,600,1.5
134700,134708,134749,8,41,1,600,1.19512195122
134711,134720,134827,9,107,1,600,1.08411214953
134712,134725,134761,13,36,1,600,1.36111111111
134722,134732,134760,10,28,1,600,1.35714285714
134723,134737,134750,14,13,1,600,2.07692307692
134727,134743,134918,16,175,2,7200,1.09142857143
134729,134748,134918,19,170,2,7200,1.11176470588
134730,134754,134918,24,164,2,7200,1.14634146341
134731,134759,134918,28,159,2,7200,1.17610062893
134733,134764,134918,31,154,2,7200,1.2012987013
134734,134770,134918,36,148,2,7200,1.24324324324
134735,134775,134918,40,143,2,7200,1.27972027972
134737,134780,134918,43,138,2,7200,1.3115942029
134738,134787,134918,49,131,2,7200,1.37404580153
134739,134792,134918,53,126,2,7200,1.42063492063
134741,134797,134918,56,121,2,7200,1.46280991736
134742,134803,134919,61,116,2,7200,1.52586206897
134743,134808,134919,65,111,2,7200,1.58558558559
134745,134813,134919,68,106,2,7200,1.64150943396
134746,134818,134919,72,101,2,7200,1.71287128713
134747,134824,134919,77,95,2,7200,1.81052631579
134749,134829,134919,80,90,2,7200,1.88888888889
134750,134834,134919,84,85,2,7200,1.98823529412
134752,134840,134919,88,79,2,7200,2.11392405063
134753,134845,134919,92,74,2,7200,2.24324324324
134754,134850,134919,96,69,2,7200,2.39130434783
134756,134855,134919,99,64,2,7200,2.546875
134757,134861,134919,104,58,2,7200,2.79310344828
134758,134866,134919,108,53,2,7200,3.03773584906
134760,134871,134919,111,48,2,7200,3.3125
134763,134876,134919,113,43,2,7200,3.62790697674
134764,134882,134919,118,37,2,7200,4.18918918919
134766,134887,134919,121,32,2,7200,4.78125
134767,134892,134919,125,27,2,7200,5.62962962963
134768,134897,134919,129,22,2,7200,6.86363636364
134770,134903,134919,133,16,2,7200,9.3125
134771,134908,134919,137,11,2,7200,13.4545454545
134772,134913,134919,141,6,2,7200,14.7
134774,134918,134919,144,1,2,7200,14.5
134775,134924,134927,149,3,2,7200,15.2
134777,134929,134930,152,1,2,7200,15.3
134778,134934,134935,156,1,2,7200,15.7
134779,134939,134940,160,1,2,7200,16.1
134947,134954,134968,7,14,1,600,1.5
134958,134964,134978,6,14,1,600,1.42857142857
134958,134970,135010,12,40,1,600,1.3
134969,134982,135025,13,43,1,600,1.3023255814
134969,134976,134989,7,13,1,600,1.53846153846
134980,134989,135002,9,13,1,600,1.69230769231
134981,134994,135007,13,13,1,600,2.0
134991,135001,135015,10,14,1,600,1.71428571429
134992,135006,135021,14,15,1,600,1.93333333333
135002,135012,135027,10,15,1,600,1.66666666667
135003,135018,135051,15,33,1,600,1.45454545455
135013,135025,135040,12,15,1,600,1.8
135014,135030,135066,16,36,1,600,1.44444444444
135019,135037,138386,18,3349,2,7200,1.00537473873
135020,135042,138789,22,3747,2,7200,1.00587136376
135022,135047,138692,25,3645,2,7200,1.00685871056
135023,135052,138440,29,3388,2,7200,1.0085596222
135024,135058,138662,34,3604,2,7200,1.00943396226
135026,135063,138501,37,3438,2,7200,1.01076207097
135027,135068,138474,41,3406,2,7200,1.01203758074
135028,135073,138679,45,3606,2,7200,1.01247920133
135030,135079,138585,49,3506,2,7200,1.01397604107
135032,135086,138608,54,3522,2,7200,1.01533219761
135033,135091,138684,58,3593,2,7200,1.0161424993
135034,135096,138470,62,3374,2,7200,1.01837581506
135036,135102,138590,66,3488,2,7200,1.01892201835
135037,135107,138515,70,3408,2,7200,1.0205399061
135038,135112,138678,74,3566,2,7200,1.02075154234
135040,135118,138906,78,3788,2,7200,1.02059134108
135041,135123,138593,82,3470,2,7200,1.02363112392
135042,135128,138427,86,3299,2,7200,1.02606850561
135044,135133,138705,89,3572,2,7200,1.02491601344
135045,135139,138618,94,3479,2,7200,1.02701925841
135047,135144,138715,97,3571,2,7200,1.02716325959
135048,135149,138787,101,3638,2,7200,1.02776250687
135050,135154,138822,104,3668,2,7200,1.02835332606
135051,135160,138784,109,3624,2,7200,1.03007726269
135053,135165,138825,112,3660,2,7200,1.0306010929
135054,135170,138483,116,3313,2,7200,1.03501358286
135055,135176,138605,121,3429,2,7200,1.03528725576
135057,135181,138560,124,3379,2,7200,1.03669724771
135058,135186,138856,128,3670,2,7200,1.0348773842
135068,135191,138694,123,3503,2,7200,1.03511276049
135069,135197,138925,128,3728,2,7200,1.03433476395
135070,135202,138977,132,3775,2,7200,1.03496688742
135072,135207,138779,135,3572,2,7200,1.03779395297
135073,135212,138722,139,3510,2,7200,1.0396011396
135074,135218,138548,144,3330,2,7200,1.04324324324
135076,135223,138571,147,3348,2,7200,1.04390681004
135077,135228,138576,151,3348,2,7200,1.04510155317
135078,135234,138917,156,3683,2,7200,1.04235677437
135080,135241,138875,161,3634,2,7200,1.04430379747
135081,135246,138633,165,3387,2,7200,1.04871567759
135239,135253,135287,14,34,1,600,1.41176470588
135249,135259,135273,10,14,1,600,1.71428571429
135260,135266,135299,6,33,1,600,1.18181818182
135271,135278,135313,7,35,1,600,1.2
135281,135289,135330,8,41,1,600,1.19512195122
135292,135298,135313,6,15,1,600,1.4
135303,135309,135343,6,34,1,600,1.17647058824
135313,135319,135336,6,17,1,600,1.35294117647
135324,135330,135381,6,51,1,600,1.11764705882
135335,135341,135376,6,35,1,600,1.17142857143
135342,135358,135360,16,2,1,900,1.8
135345,135351,135400,6,49,1,600,1.12244897959
135352,135405,136788,53,1383,2,3540,1.03832248735
135356,135365,135386,9,21,1,600,1.42857142857
135367,135374,135393,7,19,1,600,1.36842105263
135377,135385,135402,8,17,1,600,1.47058823529
135388,135395,135435,7,40,1,600,1.175
135399,135410,135427,11,17,1,600,1.64705882353
135409,135417,135454,8,37,1,600,1.21621621622
135420,135426,135447,6,21,1,600,1.28571428571
135431,135438,135459,7,21,1,600,1.33333333333
135441,135448,135504,7,56,1,600,1.125
135452,135459,135478,7,19,1,600,1.36842105263
135463,135469,135516,6,47,1,600,1.12765957447
135473,135480,135498,7,18,1,600,1.38888888889
135484,135490,135512,6,22,1,600,1.27272727273
135495,135502,135519,7,17,1,600,1.41176470588
135505,135513,135552,8,39,1,600,1.20512820513
135516,135522,135558,6,36,1,600,1.16666666667
135527,135534,135553,7,19,1,600,1.36842105263
135538,135544,135564,6,20,1,600,1.3
135548,135555,135572,7,17,1,600,1.41176470588
135559,135566,135606,7,40,1,600,1.175
135569,135576,135622,7,46,1,600,1.15217391304
135580,135587,135605,7,18,1,600,1.38888888889
135591,135598,135647,7,49,1,600,1.14285714286
135601,135609,135656,8,47,1,600,1.17021276596
135612,135618,135664,6,46,1,600,1.13043478261
135623,135630,135669,7,39,1,600,1.17948717949
135633,135640,135659,7,19,1,600,1.36842105263
135644,135650,135692,6,42,1,600,1.14285714286
135655,135662,135682,7,20,1,600,1.35
135665,135672,135691,7,19,1,600,1.36842105263
135676,135682,135744,6,62,1,600,1.09677419355
135687,135694,135736,7,42,1,600,1.16666666667
135697,135705,135747,8,42,1,600,1.19047619048
135708,135715,135757,7,42,1,600,1.16666666667
135719,135725,135771,6,46,1,600,1.13043478261
135729,135737,135785,8,48,1,600,1.16666666667
135740,135747,135800,7,53,1,600,1.1320754717
135751,135758,135779,7,21,1,600,1.33333333333
135761,135769,135822,8,53,1,600,1.15094339623
135772,135779,135801,7,22,1,600,1.31818181818
135783,135790,135859,7,69,1,600,1.10144927536
135794,135800,135823,6,23,1,600,1.26086956522
135804,135810,135867,6,57,1,600,1.10526315789
135815,135822,135865,7,43,1,600,1.16279069767
135826,135832,135853,6,21,1,600,1.28571428571
135836,135842,135864,6,22,1,600,1.27272727273
135847,135853,135886,6,33,1,600,1.18181818182
135857,135864,135892,7,28,1,600,1.25
135868,135874,135912,6,38,1,600,1.15789473684
135879,135885,135936,6,51,1,600,1.11764705882
135889,135897,135954,8,57,1,600,1.14035087719
135900,135907,135931,7,24,1,600,1.29166666667
135911,135917,135945,6,28,1,600,1.21428571429
135922,135928,135990,6,62,1,600,1.09677419355
135932,135939,135963,7,24,1,600,1.29166666667
135943,135950,135972,7,22,1,600,1.31818181818
135954,135960,136004,6,44,1,600,1.13636363636
135964,135970,136039,6,69,1,600,1.08695652174
135975,135981,136046,6,65,1,600,1.09230769231
135986,135992,136044,6,52,1,600,1.11538461538
135996,136004,136054,8,50,1,600,1.16
136007,136013,136070,6,57,1,600,1.10526315789
136018,136025,136073,7,48,1,600,1.14583333333
136028,136036,136104,8,68,1,600,1.11764705882
136039,136045,136119,6,74,1,600,1.08108108108
136050,136057,136103,7,46,1,600,1.15217391304
136060,136067,136183,7,116,1,600,1.06034482759
136071,136078,136102,7,24,1,600,1.29166666667
136082,136089,136132,7,43,1,600,1.16279069767
136092,136099,136129,7,30,1,600,1.23333333333
136103,136109,136153,6,44,1,600,1.13636363636
136114,136120,136171,6,51,1,600,1.11764705882
136124,136131,136176,7,45,1,600,1.15555555556
136135,136141,136171,6,30,1,600,1.2
136146,136152,136180,6,28,1,600,1.21428571429
136156,136164,136207,8,43,1,600,1.18604651163
136167,136173,136204,6,31,1,600,1.1935483871
136178,136184,136210,6,26,1,600,1.23076923077
136188,136195,136250,7,55,1,600,1.12727272727
136199,136206,136273,7,67,1,600,1.10447761194
136210,136217,136269,7,52,1,600,1.13461538462
136220,136227,136276,7,49,1,600,1.14285714286
136231,136237,136283,6,46,1,600,1.13043478261
136242,136249,136295,7,46,1,600,1.15217391304
136253,136259,136288,6,29,1,600,1.20689655172
136263,136270,136327,7,57,1,600,1.12280701754
136274,136280,136333,6,53,1,600,1.11320754717
136285,136291,136356,6,65,1,600,1.09230769231
136291,136298,137857,7,1559,1,1800,1.00449005773
136295,136305,136333,10,28,1,600,1.35714285714
136295,136316,137215,21,899,1,1800,1.0233592881
136299,136310,136698,11,388,1,1800,1.02835051546
136306,136323,136382,17,59,1,600,1.28813559322
136327,136334,136362,7,28,1,600,1.25
136337,136344,136391,7,47,1,600,1.14893617021
136348,136354,136390,6,36,1,600,1.16666666667
136359,136366,136393,7,27,1,600,1.25925925926
136369,136376,136409,7,33,1,600,1.21212121212
136380,136386,136440,6,54,1,600,1.11111111111
136391,136397,136426,6,29,1,600,1.20689655172
136401,136408,136437,7,29,1,600,1.24137931034
136412,136419,136447,7,28,1,600,1.25
136787,136793,136799,6,6,1,900,1.2
136798,136805,138072,7,1267,2,3540,1.00552486188
137038,137046,137222,8,176,1,8640,1.04545454545
137616,137623,138160,7,537,1,8640,1.01303538175
138070,138076,138084,6,8,1,900,1.4
138081,138089,139468,8,1379,2,3540,1.00580130529
138697,243539,260193,104842,16654,4,345600,7.29530443137
138916,243544,252738,104628,9194,4,345600,12.3800304546
139133,139140,142320,7,3180,2,7200,1.00220125786
139134,139147,142509,13,3362,2,7200,1.00386674598
139135,139152,142491,17,3339,2,7200,1.00509134471
139137,139157,142620,20,3463,2,7200,1.0057753393
139138,139162,142556,24,3394,2,7200,1.0070713023
139139,139168,142639,29,3471,2,7200,1.00835494094
139141,139174,142828,33,3654,2,7200,1.00903119869
139142,139179,142467,37,3288,2,7200,1.01125304136
139143,139185,142786,42,3601,2,7200,1.01166342683
139145,139190,142428,45,3238,2,7200,1.01389746757
139146,139195,142662,49,3467,2,7200,1.01413325642
139147,139201,142388,54,3187,2,7200,1.01694383433
139149,139206,142809,57,3603,2,7200,1.01582014988
139150,139211,142625,61,3414,2,7200,1.01786760398
139151,139216,142848,65,3632,2,7200,1.01789647577
139153,139222,142747,69,3525,2,7200,1.01957446809
139154,139227,142659,73,3432,2,7200,1.02127039627
139155,139232,142863,77,3631,2,7200,1.02120627926
139157,139237,142818,80,3581,2,7200,1.02234012846
139158,139243,142690,85,3447,2,7200,1.02465912388
139159,139248,142405,89,3157,2,7200,1.02819132087
139161,139253,142792,92,3539,2,7200,1.02599604408
139162,139259,142604,97,3345,2,7200,1.02899850523
139163,139264,142875,101,3611,2,7200,1.02797009139
139165,139269,142860,104,3591,2,7200,1.02896129212
139166,139274,142542,108,3268,2,7200,1.03304773562
139167,139280,142780,113,3500,2,7200,1.03228571429
139169,139287,142805,118,3518,2,7200,1.03354178511
139170,139292,142624,122,3332,2,7200,1.03661464586
139172,139297,143007,125,3710,2,7200,1.03369272237
139173,139302,142905,129,3603,2,7200,1.03580349709
139174,139308,142964,134,3656,2,7200,1.03665207877
139176,139313,142488,137,3175,2,7200,1.0431496063
139177,139318,142922,141,3604,2,7200,1.03912319645
139178,139323,142700,145,3377,2,7200,1.04293751851
139180,139329,142575,149,3246,2,7200,1.04590264941
139181,139334,142866,153,3532,2,7200,1.0433182333
139182,139339,143071,157,3732,2,7200,1.04206859593
139184,139345,142813,161,3468,2,7200,1.04642445213
139185,139350,143175,165,3825,2,7200,1.0431372549
139457,139465,148595,8,9130,2,9000,1.0008762322
139466,139479,139485,13,6,1,900,1.9
139478,139497,139808,19,311,2,3540,1.06109324759
140035,144810,146968,4775,2158,64,3600,3.21269694161
140370,144815,155642,4445,10827,16,10800,1.41054770481
140963,245218,248941,104255,3723,4,259200,29.0029546065
141003,245223,256257,104220,11034,4,259200,10.4453507341
141760,245229,249640,103469,4411,4,345600,24.4570392201
142322,142329,145907,7,3578,2,7200,1.00195640022
142388,142395,145771,7,3376,2,7200,1.00207345972
142406,142412,145981,6,3569,2,7200,1.00168114318
142427,142434,146177,7,3743,2,7200,1.00187015763
142469,142475,145979,6,3504,2,7200,1.00171232877
142487,142493,146095,6,3602,2,7200,1.00166574125
142502,142509,145815,7,3306,2,7200,1.00211736237
142516,142524,146047,8,3523,2,7200,1.00227079194
142540,142548,146085,8,3537,2,7200,1.00226180379
142558,142564,146135,6,3571,2,7200,1.00168020162
142576,142582,146001,6,3419,2,7200,1.00175489909
142603,142610,146057,7,3447,2,7200,1.00203075138
142621,142628,145787,7,3159,2,7200,1.0022158911
142623,142635,145995,12,3360,2,7200,1.00357142857
142624,142640,145771,16,3131,2,7200,1.00511018844
142624,249676,401503,107052,151827,4,345600,1.70509197969
142639,142647,145877,8,3230,2,7200,1.00247678019
142659,142666,146045,7,3379,2,7200,1.00207161882
142661,142673,146153,12,3480,2,7200,1.00344827586
142688,142696,146413,8,3717,2,7200,1.00215227334
142703,142709,145809,6,3100,2,7200,1.00193548387
142748,142754,146369,6,3615,2,7200,1.00165975104
142781,142787,146467,6,3680,2,7200,1.00163043478
142796,142802,146212,6,3410,2,7200,1.00175953079
142797,142809,145985,12,3176,2,7200,1.00377833753
142812,142820,146444,8,3624,2,7200,1.00220750552
142814,142825,146249,11,3424,2,7200,1.00321261682
142815,142832,146293,17,3461,2,7200,1.00491187518
142830,142838,146190,8,3352,2,7200,1.00238663484
142832,142844,146417,12,3573,2,7200,1.00335852225
142846,142854,146377,8,3523,2,7200,1.00227079194
142862,142868,146462,6,3594,2,7200,1.00166944908
142863,142875,146234,12,3359,2,7200,1.00357249181
142878,142885,146112,7,3227,2,7200,1.0021691974
142879,142892,146218,13,3326,2,7200,1.00390859892
142903,142909,146566,6,3657,2,7200,1.00164068909
142921,142929,146344,8,3415,2,7200,1.00234260615
142966,142973,146734,7,3761,2,7200,1.00186120713
143009,143016,146465,7,3449,2,7200,1.00202957379
143072,143079,146811,7,3732,2,7200,1.00187566988
143175,143182,146673,7,3491,2,7200,1.00200515612
144629,239789,262317,95160,22528,2,72000,5.22407670455
145714,145721,147299,7,1578,2,10800,1.00443599493
145762,239794,250155,94032,10361,2,72000,10.075571856
145772,145779,149106,7,3327,2,7200,1.0021039976
145774,145785,149390,11,3605,2,7200,1.00305131761
145789,145796,149374,7,3578,2,7200,1.00195640022
145811,145818,149379,7,3561,2,7200,1.00196573996
145826,145832,149247,6,3415,2,7200,1.00175695461
145877,145884,149709,7,3825,2,7200,1.00183006536
145905,145911,149644,6,3733,2,7200,1.00160728636
145979,145985,149643,6,3658,2,7200,1.00164024057
145994,146001,149173,7,3172,2,7200,1.00220680958
145995,146008,149697,13,3689,2,7200,1.00352399024
146010,146017,149259,7,3242,2,7200,1.00215916101
146011,146023,149583,12,3560,2,7200,1.00337078652
146044,146050,149746,6,3696,2,7200,1.00162337662
146059,146065,149197,6,3132,2,7200,1.00191570881
146060,146072,149547,12,3475,2,7200,1.00345323741
146084,146092,149447,8,3355,2,7200,1.00238450075
146099,146106,149746,7,3640,2,7200,1.00192307692
146114,146120,149493,6,3373,2,7200,1.0017788319
146138,146144,149764,6,3620,2,7200,1.00165745856
146153,146160,149757,7,3597,2,7200,1.00194606617
146177,146183,149885,6,3702,2,7200,1.00162074554
146192,146198,149862,6,3664,2,7200,1.00163755459
146210,146217,149992,7,3775,2,7200,1.00185430464
146225,146231,149732,6,3501,2,7200,1.00171379606
146239,146245,150171,6,3926,2,7200,1.00152827305
146254,146260,149911,6,3651,2,7200,1.00164338537
146296,146302,150617,6,4315,2,7200,1.00139049826
146344,146350,149768,6,3418,2,7200,1.00175541252
146368,146375,149803,7,3428,2,7200,1.002042007
146382,146389,150102,7,3713,2,7200,1.00188526798
146413,146419,149823,6,3404,2,7200,1.0017626322
146427,146433,150090,6,3657,2,7200,1.00164068909
146445,146451,149925,6,3474,2,7200,1.00172711572
146463,146469,150082,6,3613,2,7200,1.0016606698
146465,146476,150177,11,3701,2,7200,1.00297216968
146466,146481,149928,15,3447,2,7200,1.0043516101
146567,146574,150000,7,3426,2,7200,1.00204319907
146672,146679,150121,7,3442,2,7200,1.00203370134
146732,146738,150619,6,3881,2,7200,1.0015459933
146811,146818,150617,7,3799,2,7200,1.00184259016
147018,239799,277933,92781,38134,2,72000,3.4330256464
147092,147100,149079,8,1979,32,3600,1.00404244568
147303,147310,147642,7,332,2,10800,1.02108433735
147574,147581,148285,7,704,1,7200,1.00994318182
147576,147594,148922,18,1328,2,7200,1.01355421687
147578,147588,149069,10,1481,4,10800,1.00675219446
147676,147683,148899,7,1216,2,1800,1.00575657895
147680,147695,148141,15,446,4,1800,1.033632287
147684,147690,149173,6,1483,8,1800,1.004045853
147689,147703,148308,14,605,16,3600,1.02314049587
147694,149091,149676,1397,585,32,3600,3.38803418803
147702,156638,158058,8936,1420,64,3600,7.29295774648
147910,147916,163206,6,15290,4,21600,1.00039241334
148652,148659,148694,7,35,10,36000,1.2
149091,149098,176810,7,27712,10,36000,1.00025259815
149108,149115,152655,7,3540,2,7200,1.00197740113
149174,149180,152645,6,3465,2,7200,1.00173160173
149195,149202,152863,7,3661,2,7200,1.00191204589
149250,149257,152799,7,3542,2,7200,1.00197628458
149264,149271,152887,7,3616,2,7200,1.00193584071
149373,149379,152983,6,3604,2,7200,1.00166481687
149388,149395,153203,7,3808,2,7200,1.00183823529
149403,149409,152971,6,3562,2,7200,1.00168444694
149448,149454,152950,6,3496,2,7200,1.00171624714
149493,149500,152917,7,3417,2,7200,1.00204858063
149548,149554,153355,6,3801,2,7200,1.00157853197
149581,149587,153113,6,3526,2,7200,1.00170164492
149644,149650,153101,6,3451,2,7200,1.00173862649
149645,149658,153146,13,3488,2,7200,1.00372706422
149699,149710,153102,11,3392,2,7200,1.00324292453
149714,149724,153255,10,3531,2,7200,1.00283205891
149732,149738,153122,6,3384,2,7200,1.00177304965
149747,149763,153223,16,3460,2,7200,1.00462427746
149748,149776,153107,28,3331,2,7200,1.00840588412
149763,149781,153379,18,3598,2,7200,1.00500277932
149778,149793,153179,15,3386,2,7200,1.00443000591
149779,149798,153290,19,3492,2,7200,1.00544100802
149800,149812,153334,12,3522,2,7200,1.00340715503
149824,149838,153172,14,3334,2,7200,1.00419916017
149863,149878,153340,15,3462,2,7200,1.00433275563
149887,149893,153468,6,3575,2,7200,1.00167832168
149911,149920,153547,9,3627,2,7200,1.00248138958
149926,149933,153383,7,3450,2,7200,1.00202898551
149927,149938,153433,11,3495,2,7200,1.00314735336
149990,150004,153674,14,3670,2,7200,1.0038147139
150005,150018,153505,13,3487,2,7200,1.00372813307
150080,150096,153673,16,3577,2,7200,1.00447302209
150095,150109,153384,14,3275,2,7200,1.00427480916
150110,150122,153496,12,3374,2,7200,1.00355660937
150124,150137,153784,13,3647,2,7200,1.00356457362
150173,150188,153612,15,3424,2,7200,1.00438084112
150187,150201,153906,14,3705,2,7200,1.00377867746
150571,150584,173258,13,22674,2,25200,1.00057334392
150617,150624,154360,7,3736,2,7200,1.00187366167
150618,150636,154057,18,3421,2,7200,1.00526161941
150619,150641,154120,22,3479,2,7200,1.00632365622
150813,150824,165231,11,14407,8,14400,1.00076351773
150828,154015,168422,3187,14407,8,14400,1.22121191088
150961,150969,151411,8,442,1,3840,1.01809954751
150962,150974,151111,12,137,1,15360,1.08759124088
150962,150980,151383,18,403,1,15360,1.04466501241
150962,153129,153376,2167,247,4,960,9.77327935223
150963,153397,154293,2434,896,4,15360,3.71651785714
150965,151126,151467,161,341,1,3840,1.47214076246
150965,151404,151513,439,109,1,15360,5.02752293578
150966,153706,153776,2740,70,4,3840,40.1428571429
150966,151431,151833,465,402,1,15360,2.15671641791
150966,153538,153767,2572,229,4,960,12.231441048
150969,151526,151651,557,125,1,15360,5.456
150969,151486,151931,517,445,1,3840,2.16179775281
150970,151671,151883,701,212,1,15360,4.30660377358
150973,151896,152027,923,131,1,15360,8.04580152672
150973,151854,152435,881,581,1,3840,2.51635111876
150974,151951,152478,977,527,1,15360,2.85388994307
150986,152451,152778,1465,327,2,3840,5.48012232416
150987,152822,159369,1835,6547,2,15360,1.28028104475
150987,152795,154272,1808,1477,2,15360,2.22410291131
150991,153192,153352,2201,160,2,15360,14.75625
150991,152998,155728,2007,2730,2,15360,1.73516483516
150991,152972,153580,1981,608,2,3840,4.25822368421
150995,153649,158764,2654,5115,2,15360,1.51886608016
150995,153600,154810,2605,1210,2,15360,3.15289256198
150995,153476,153767,2481,291,2,3840,9.52577319588
150996,153783,155087,2787,1304,8,15360,3.13726993865
150999,153804,153983,2805,179,8,960,16.6703910615
150999,153956,157253,2957,3297,2,15360,1.89687594783
150999,153810,154496,2811,686,2,3840,5.09766763848
152645,152662,156055,17,3393,2,7200,1.00501031536
152660,152675,156306,15,3631,2,7200,1.00413109336
152799,152808,156425,9,3617,2,7200,1.00248824993
152865,152875,156510,10,3635,2,7200,1.00275103164
152886,152903,156607,17,3704,2,7200,1.00458963283
152919,152932,156362,13,3430,2,7200,1.00379008746
152949,152959,156232,10,3273,2,7200,1.00305530095
152972,152985,156395,13,3410,2,7200,1.00381231672
152987,153012,156675,25,3663,2,7200,1.00682500683
153099,153117,156636,18,3519,2,7200,1.00511508951
153101,153135,156670,34,3535,2,7200,1.00961810467
153116,153140,156566,24,3426,2,7200,1.00700525394
153117,153145,156516,28,3371,2,7200,1.00830614061
153132,153166,156842,34,3676,2,7200,1.0092491839
153147,153172,156994,25,3822,2,7200,1.00654107797
153174,153212,156599,38,3387,2,7200,1.01121936817
153188,153218,156836,30,3618,2,7200,1.00829187396
153203,153239,156597,36,3358,2,7200,1.01072066706
153224,153259,156810,35,3551,2,7200,1.00985637848
153257,153280,156546,23,3266,2,7200,1.00704225352
153287,153308,156763,21,3455,2,7200,1.00607814761
153335,153354,156773,19,3419,2,7200,1.00555718046
153350,153375,156889,25,3514,2,7200,1.00711439954
153364,153402,156985,38,3583,2,7200,1.01060563773
153382,153423,156870,41,3447,2,7200,1.01189440093
153397,153428,156821,31,3393,2,7200,1.00913645741
153398,153433,156946,35,3513,2,7200,1.00996299459
153435,153454,157065,19,3611,2,7200,1.00526170036
153467,153496,156971,29,3475,2,7200,1.00834532374
153494,153518,156831,24,3313,2,7200,1.00724418956
153509,153543,157203,34,3660,2,7200,1.00928961749
153548,153572,157105,24,3533,2,7200,1.00679309369
153614,153628,157190,14,3562,2,7200,1.00393037619
153671,153686,157156,15,3470,2,7200,1.00432276657
153686,153711,157204,25,3493,2,7200,1.00715717149
153786,153830,157493,44,3663,2,7200,1.01201201201
153907,153927,157348,20,3421,2,7200,1.00584624379
156055,156299,156304,244,5,2,7200,24.9
156319,156329,156330,10,1,2,7200,1.1
156360,156372,156373,12,1,2,7200,1.3
156375,156387,159903,12,3516,2,7200,1.00341296928
156393,156401,156402,8,1,2,7200,1.0
156425,156442,156443,17,1,2,7200,1.8
156512,156526,160138,14,3612,2,7200,1.00387596899
156527,156539,156540,12,1,2,7200,1.3
156541,156567,156568,26,1,2,7200,2.7
156556,156605,156606,49,1,2,7200,5.0
156572,156737,156743,165,6,2,7200,17.1
156615,156650,156651,35,1,2,7200,3.6
156634,156694,156695,60,1,2,7200,6.1
156652,156682,160037,30,3355,2,7200,1.00894187779
156685,156742,156743,57,1,2,7200,5.8
156723,156769,156770,46,1,2,7200,4.7
156741,156796,156797,55,1,2,7200,5.6
156755,156775,156776,20,1,2,7200,2.1
156785,156811,160190,26,3379,2,7200,1.0076945842
156786,156816,160557,30,3741,2,7200,1.00801924619
156787,156821,160362,34,3541,2,7200,1.0096018074
156802,156836,160348,34,3512,2,7200,1.00968109339
156817,156842,160553,25,3711,2,7200,1.00673672864
156832,156857,160408,25,3551,2,7200,1.00704027035
156833,156868,160319,35,3451,2,7200,1.01014198783
156848,156883,160340,35,3457,2,7200,1.01012438531
156849,156888,160485,39,3597,2,7200,1.01084236864
156870,156904,160345,34,3441,2,7200,1.00988084859
156891,156919,160411,28,3492,2,7200,1.00801832761
156948,156954,160569,6,3615,2,7200,1.00165975104
156973,156986,160345,13,3359,2,7200,1.00387019946
156988,157003,160399,15,3396,2,7200,1.00441696113
157002,157018,160174,16,3156,2,7200,1.00506970849
157065,157080,160438,15,3358,2,7200,1.00446694461
159606,159622,159624,16,2,2,3540,1.8
159904,159914,163637,10,3723,2,7200,1.00268600591
160036,160046,163680,10,3634,2,7200,1.00275178866
160139,160152,163708,13,3556,2,7200,1.00365579303
160172,160179,163816,7,3637,2,7200,1.00192466318
160189,160232,163724,43,3492,2,7200,1.01231386025
160319,160326,163894,7,3568,2,7200,1.00196188341
160337,160353,163630,16,3277,2,7200,1.00488251449
160352,160365,164040,13,3675,2,7200,1.00353741497
160354,160378,163795,24,3417,2,7200,1.007023705
160355,160383,164203,28,3820,2,7200,1.00732984293
160370,160395,163874,25,3479,2,7200,1.00718597298
160400,160409,163719,9,3310,2,7200,1.00271903323
160415,160422,163812,7,3390,2,7200,1.00206489676
160417,160435,163697,18,3262,2,7200,1.00551808706
160437,160449,163669,12,3220,2,7200,1.00372670807
160482,160490,163994,8,3504,2,7200,1.00228310502
160554,160570,163905,16,3335,2,7200,1.0047976012
160569,160582,164128,13,3546,2,7200,1.00366610265
160570,160587,163927,17,3340,2,7200,1.00508982036
160919,167027,168430,6108,1403,64,3600,5.35352815396
163630,163645,167192,15,3547,2,7200,1.00422892585
163644,163658,167258,14,3600,2,7200,1.00388888889
163668,163684,167187,16,3503,2,7200,1.00456751356
163683,163697,167246,14,3549,2,7200,1.00394477318
163698,163712,167170,14,3458,2,7200,1.004048583
163713,163726,167398,13,3672,2,7200,1.00354030501
163730,163740,167512,10,3772,2,7200,1.00265111347
163731,163745,167301,14,3556,2,7200,1.00393700787
163744,163757,163764,13,7,1,14400,2.0
163797,163812,167389,15,3577,2,7200,1.00419345821
163812,163823,167390,11,3567,2,7200,1.00308382394
163827,163837,167550,10,3713,2,7200,1.00269323997
163874,163889,167570,15,3681,2,7200,1.00407497963
163892,163905,167610,13,3705,2,7200,1.00350877193
163907,163919,167519,12,3600,2,7200,1.00333333333
163925,163931,167232,6,3301,2,7200,1.00181763102
163994,164010,167400,16,3390,2,7200,1.00471976401
164042,164050,167421,8,3371,2,7200,1.00237318303
164078,164090,164092,12,2,1,18000,1.4
164091,164103,164105,12,2,1,18000,1.4
164104,164116,164150,12,34,1,18000,1.35294117647
164129,164144,167484,15,3340,2,7200,1.00449101796
164204,164210,167859,6,3649,2,7200,1.00164428611
164225,164236,182266,11,18030,1,18000,1.00061009429
164289,164303,182306,14,18003,1,18000,1.00077764817
164348,164356,169917,8,5561,1,18000,1.00143859018
166466,166479,166488,13,9,4,960,2.2
166588,166597,166866,9,269,4,960,1.03345724907
166593,166888,166966,295,78,4,3840,4.78205128205
166601,166981,167143,380,162,4,15360,3.34567901235
167189,167203,170483,14,3280,2,7200,1.00426829268
167406,167412,170725,6,3313,2,7200,1.00181104739
170484,170491,173974,7,3483,2,7200,1.0020097617
170724,170741,173938,17,3197,2,7200,1.00531748514
173940,173947,177182,7,3235,2,7200,1.00216383308
173973,173987,177728,14,3741,2,7200,1.00374231489
176902,176913,194921,11,18008,10,18000,1.00061083963
177184,177190,180489,6,3299,2,7200,1.00181873295
177398,177414,177676,16,262,32,18000,1.06106870229
177729,180370,184097,2641,3727,2,7200,1.70861282533
178338,237161,257357,58823,20196,8,36000,3.91260645672
178338,239207,257357,60869,18150,4,36000,4.35366391185
178338,239223,257357,60885,18134,2,36000,4.35750523878
178338,239233,239824,60895,591,1,36000,104.037225042
178339,239239,253179,60900,13940,1,36000,5.368723099
178339,239228,257357,60889,18129,2,36000,4.35865188372
178339,239191,257357,60852,18166,8,36000,4.34977430364
178339,239212,257357,60873,18145,4,36000,4.35480848719
179936,239778,739640,59842,499862,3,604800,1.1197170419
180300,180363,180598,63,235,16,14400,1.26808510638
180491,180496,184133,5,3637,2,7200,1.00137475942
181413,181707,181710,294,3,2,3540,29.7
182705,182712,183567,7,855,1,3600,1.0081871345
194169,194175,194741,6,566,1,1800,1.01060070671
196466,196473,196521,7,48,1,1800,1.14583333333
196858,196864,196937,6,73,1,1800,1.08219178082
197316,241645,259685,44329,18040,1,18000,3.4572616408
197352,241651,259685,44299,18034,1,18000,3.45641565931
197393,241845,259880,44452,18035,1,18000,3.46476296091
197984,197990,198253,6,263,1,1800,1.02281368821
201397,241850,278466,40453,36616,1,90000,2.10479025563
201651,241855,295901,40204,54046,1,54000,1.74388483884
201688,241861,295891,40173,54030,1,54000,1.74353137146
202387,264478,265322,62091,844,4,36000,74.567535545
202387,257639,258469,55252,830,4,36000,67.5686746988
202388,265335,266200,62947,865,4,36000,73.7710982659
202389,266212,267022,63823,810,4,36000,79.7938271605
202389,267034,267863,64645,829,4,36000,78.9794933655
202814,202821,202833,7,12,1,600,1.58333333333
202890,202897,202911,7,14,1,600,1.5
202912,202925,202940,13,15,1,600,1.86666666667
202944,202959,202978,15,19,1,600,1.78947368421
202977,202994,203009,17,15,1,600,2.13333333333
203009,203027,203046,18,19,1,600,1.94736842105
203009,203032,203049,23,17,1,600,2.35294117647
203014,239805,256082,36791,16277,2,25200,3.26030595319
203030,203044,203060,14,16,1,600,1.875
203030,203049,203066,19,17,1,600,2.11764705882
203041,203062,203083,21,21,1,600,2.0
203052,203075,203093,23,18,1,600,2.27777777778
203062,203080,203098,18,18,1,600,2.0
203073,203092,203114,19,22,1,600,1.86363636364
203084,203105,203123,21,18,1,600,2.16666666667
203094,203120,203139,26,19,1,600,2.36842105263
203105,203125,203141,20,16,1,600,2.25
203126,203137,203156,11,19,1,600,1.57894736842
203126,203151,203169,25,18,1,600,2.38888888889
203137,203156,203171,19,15,1,600,2.26666666667
203147,203168,203186,21,18,1,600,2.16666666667
203158,203182,203203,24,21,1,600,2.14285714286
203169,203187,203209,18,22,1,600,1.81818181818
203179,203199,203215,20,16,1,600,2.25
203190,203212,203230,22,18,1,600,2.22222222222
203201,203226,203247,25,21,1,600,2.19047619048
203211,203231,203253,20,22,1,600,1.90909090909
203222,203273,203294,51,21,1,600,3.42857142857
203233,203287,203303,54,16,1,600,4.375
203274,203292,203312,18,20,1,600,1.9
203284,203305,203323,21,18,1,600,2.16666666667
203295,203319,203340,24,21,1,600,2.14285714286
203306,203324,203342,18,18,1,600,2.0
203316,203336,203357,20,21,1,600,1.95238095238
203327,203350,203369,23,19,1,600,2.21052631579
203338,203363,203386,25,23,1,600,2.08695652174
203348,203368,203390,20,22,1,600,1.90909090909
203359,203381,203402,22,21,1,600,2.04761904762
203369,203386,203408,17,22,1,600,1.77272727273
203380,203398,203419,18,21,1,600,1.85714285714
203391,203411,203432,20,21,1,600,1.95238095238
203401,203426,203447,25,21,1,600,2.19047619048
203412,203439,203459,27,20,1,600,2.35
203423,203445,203463,22,18,1,600,2.22222222222
203444,203462,203483,18,21,1,600,1.85714285714
203444,203457,203479,13,22,1,600,1.59090909091
203455,203474,203496,19,22,1,600,1.86363636364
203465,203488,203509,23,21,1,600,2.09523809524
203476,203501,203520,25,19,1,600,2.31578947368
203487,203506,203531,19,25,1,600,1.76
203497,203518,203541,21,23,1,600,1.91304347826
203508,203531,203555,23,24,1,600,1.95833333333
203519,203537,203554,18,17,1,600,2.05882352941
203529,203548,203572,19,24,1,600,1.79166666667
203540,203562,203586,22,24,1,600,1.91666666667
203550,203575,203600,25,25,1,600,2.0
203561,203581,203598,20,17,1,600,2.17647058824
203572,203593,203616,21,23,1,600,1.91304347826
203582,203606,203633,24,27,1,600,1.88888888889
203593,203612,203636,19,24,1,600,1.79166666667
203604,203624,203651,20,27,1,600,1.74074074074
203614,203638,203661,24,23,1,600,2.04347826087
203625,203651,203677,26,26,1,600,2.0
203636,203656,203681,20,25,1,600,1.8
203646,203669,203698,23,29,1,600,1.79310344828
203657,203682,203709,25,27,1,600,1.92592592593
203668,203687,203709,19,22,1,600,1.86363636364
203678,203699,203726,21,27,1,600,1.77777777778
203686,257874,283456,54188,25582,1,46800,3.11820811508
203689,203712,203737,23,25,1,600,1.92
203699,203718,203743,19,25,1,600,1.76
203710,203731,203756,21,25,1,600,1.84
203721,203744,203769,23,25,1,600,1.92
203731,203749,203772,18,23,1,600,1.78260869565
203742,203762,203790,20,28,1,600,1.71428571429
203752,203775,203799,23,24,1,600,1.95833333333
203763,203789,203814,26,25,1,600,2.04
203774,203794,203818,20,24,1,600,1.83333333333
203785,203806,203831,21,25,1,600,1.84
203795,203820,203847,25,27,1,600,1.92592592593
203806,203825,203855,19,30,1,600,1.63333333333
203817,203837,203866,20,29,1,600,1.68965517241
203827,203851,203878,24,27,1,600,1.88888888889
203838,203864,203890,26,26,1,600,2.0
203848,203869,203891,21,22,1,600,1.95454545455
203869,203881,203909,12,28,1,600,1.42857142857
203870,203896,203922,26,26,1,600,2.0
203880,203901,203928,21,27,1,600,1.77777777778
203891,203913,203939,22,26,1,600,1.84615384615
203902,203920,203946,18,26,1,600,1.69230769231
203912,203925,203953,13,28,1,600,1.46428571429
203923,203937,203965,14,28,1,600,1.5
203923,203942,203978,19,36,1,600,1.52777777778
203934,203954,203984,20,30,1,600,1.66666666667
203945,203968,203998,23,30,1,600,1.76666666667
203955,203981,204010,26,29,1,600,1.89655172414
203966,203987,204011,21,24,1,600,1.875
203977,203999,204029,22,30,1,600,1.73333333333
203987,204004,204035,17,31,1,600,1.54838709677
203998,204016,204046,18,30,1,600,1.6
204008,204030,204060,22,30,1,600,1.73333333333
204019,204043,204070,24,27,1,600,1.88888888889
204030,204048,204079,18,31,1,600,1.58064516129
204040,204060,204087,20,27,1,600,1.74074074074
204051,204074,204105,23,31,1,600,1.74193548387
204062,204079,204101,17,22,1,600,1.77272727273
204072,204091,204121,19,30,1,600,1.63333333333
204083,204105,204138,22,33,1,600,1.66666666667
204093,204118,204150,25,32,1,600,1.78125
204104,204123,204155,19,32,1,600,1.59375
204115,204136,204169,21,33,1,600,1.63636363636
204125,204150,204177,25,27,1,600,1.92592592593
204136,204155,204189,19,34,1,600,1.55882352941
204147,204167,204196,20,29,1,600,1.68965517241
204157,204180,204214,23,34,1,600,1.67647058824
204168,204194,204223,26,29,1,600,1.89655172414
204178,204199,204231,21,32,1,600,1.65625
204189,204211,204244,22,33,1,600,1.66666666667
204200,204217,204248,17,31,1,600,1.54838709677
204210,204229,204262,19,33,1,600,1.57575757576
204221,204242,204274,21,32,1,600,1.65625
204232,204256,204284,24,28,1,600,1.85714285714
204242,204261,204294,19,33,1,600,1.57575757576
204253,204273,204307,20,34,1,600,1.58823529412
204263,204287,204318,24,31,1,600,1.77419354839
204274,204300,204340,26,40,1,600,1.65
204285,204305,204344,20,39,1,600,1.51282051282
204295,204312,204349,17,37,1,600,1.45945945946
204317,204339,204340,22,1,1,600,2.3
204349,204365,204393,16,28,1,600,1.57142857143
204392,204413,204447,21,34,1,600,1.61764705882
204446,204466,204502,20,36,1,600,1.55555555556
204499,204517,204551,18,34,1,600,1.52941176471
204553,204569,204605,16,36,1,600,1.44444444444
205538,239629,243527,34091,3898,8,14400,9.74576706003
206189,239810,265764,33621,25954,2,72000,2.295407259
207126,239835,311851,32709,72016,2,72000,1.45419073539
208180,240153,312198,31973,72045,2,72000,1.4437920744
208633,240158,312206,31525,72048,2,72000,1.43755551854
209468,240163,312208,30695,72045,2,72000,1.42605316122
210214,239661,239987,29447,326,2,3840,91.3282208589
210214,250626,252094,40412,1468,2,15360,28.5286103542
210215,237182,237274,26967,92,8,960,294.119565217
210215,240179,241831,29964,1652,8,15360,19.1380145278
210215,237286,237661,27071,375,8,3840,73.1893333333
210215,241036,248103,30821,7067,8,15360,5.3612565445
210215,257868,264451,47653,6583,2,15360,8.23879690111
210216,239218,241025,29002,1807,32,15360,17.0498063088
210216,237231,237330,27015,99,32,960,273.878787879
210216,237171,237211,26955,40,32,240,674.875
210216,237342,237770,27126,428,32,3840,64.3785046729
210217,239085,239597,28868,512,128,3840,57.3828125
210217,239030,239074,28813,44,128,240,655.840909091
210217,239054,239180,28837,126,128,960,229.865079365
210217,239024,239043,28807,19,128,60,1517.15789474
210875,240168,304424,29293,64256,2,108000,1.45587960657
211066,241052,584378,29986,343326,2,604800,1.08733972959
211073,241057,845895,29984,604838,2,604800,1.04957360483
212031,240174,348192,28143,108018,2,108000,1.26053991001
213573,239640,254727,26067,15087,4,21600,2.72777888248
217172,240679,244160,23507,3481,2,7200,7.75294455616
217172,240185,243632,23013,3447,2,7200,7.67624020888
217173,240891,244457,23718,3566,2,7200,7.65114974762
217173,240993,244359,23820,3366,2,7200,8.07664884135
217173,240926,244362,23753,3436,2,7200,7.91298020955
217174,241019,244567,23845,3548,2,7200,7.72068771139
217174,241025,244807,23851,3782,2,7200,7.3064516129
217175,241075,244291,23900,3216,2,7200,8.4315920398
217175,241070,244495,23895,3425,2,7200,7.97664233577
217175,241129,244530,23954,3401,2,7200,8.04322258159
217176,241154,244529,23978,3375,2,7200,8.10459259259
217176,241227,244475,24051,3248,2,7200,8.40486453202
217176,241136,244747,23960,3611,2,7200,7.63528108557
217176,241176,244219,24000,3043,2,7200,8.88695366415
217177,241281,244898,24104,3617,2,7200,7.66408625933
217177,241240,244731,24063,3491,2,7200,7.89286737325
217177,241234,244718,24057,3484,2,7200,7.90499425947
217177,241363,244923,24186,3560,2,7200,7.79382022472
217178,241673,245087,24495,3414,2,7200,8.17486818981
217178,241938,245636,24760,3698,2,7200,7.69551108707
217178,241905,245445,24727,3540,2,7200,7.98502824859
217178,241522,245138,24344,3616,2,7200,7.73230088496
217179,242898,246422,25719,3524,2,7200,8.29824063564
217179,242879,246557,25700,3678,2,7200,7.98749320283
217179,242844,246311,25665,3467,2,7200,8.402653591
217179,242828,246265,25649,3437,2,7200,8.46261274367
217180,242989,246354,25809,3365,2,7200,8.66983655275
217180,242958,246450,25778,3492,2,7200,8.38201603666
217180,242949,246787,25769,3838,2,7200,7.71417404898
217180,242965,246416,25785,3451,2,7200,8.47174731962
217181,243147,246644,25966,3497,2,7200,8.42522161853
217181,243051,246524,25870,3473,2,7200,8.44889144832
217181,243142,246544,25961,3402,2,7200,8.63109935332
217181,243086,246615,25905,3529,2,7200,8.34060640408
217182,243163,246372,25981,3209,2,7200,9.09629167965
217182,243152,246552,25970,3400,2,7200,8.63823529412
217182,243168,246748,25986,3580,2,7200,8.25865921788
217182,243158,246846,25976,3688,2,7200,8.04338394794
217183,243179,246649,25996,3470,2,7200,8.4916426513
217183,243173,246988,25990,3815,2,7200,7.8125819135
218418,241866,259895,23448,18029,1,18000,2.30057130179
218732,241872,259901,23140,18029,1,18000,2.28348771424
219238,241877,241879,22639,2,1,18000,2264.1
219362,241883,241884,22521,1,1,54000,2252.2
221395,239619,240134,18224,515,20,14400,36.386407767
221758,239656,239671,17898,15,3,172800,1194.2
229315,237672,241048,8357,3376,2,7200,3.47541469194
229316,237678,240667,8362,2989,2,7200,3.79759116761
229317,237683,241029,8366,3346,2,7200,3.50029886432
229319,237688,241093,8369,3405,2,7200,3.45785609398
229320,237781,241142,8461,3361,2,7200,3.51740553407
229321,237787,240913,8466,3126,2,7200,3.70825335893
229322,237792,240980,8470,3188,2,7200,3.65683814304
229324,237797,241010,8473,3213,2,7200,3.63709928416
229325,237803,240879,8478,3076,2,7200,3.75617685306
229326,237808,241510,8482,3702,2,7200,3.29119394922
229328,237813,241226,8485,3413,2,7200,3.48608262526
229329,237818,241216,8489,3398,2,7200,3.49823425544
229330,237824,241210,8494,3386,2,7200,3.50856467809
229332,237829,241164,8497,3335,2,7200,3.54782608696
229333,237834,241117,8501,3283,2,7200,3.58939993908
229334,237839,241268,8505,3429,2,7200,3.48031496063
229335,237845,241660,8510,3815,2,7200,3.23066841415
229337,237850,241121,8513,3271,2,7200,3.60256802201
229338,237855,241007,8517,3152,2,7200,3.70209390863
229339,237861,241351,8522,3490,2,7200,3.44183381089
229341,239667,243130,10326,3463,2,7200,3.9818076812
229342,239672,242937,10330,3265,2,7200,4.16385911179
229343,239677,242832,10334,3155,2,7200,4.27543581616
229344,239682,243130,10338,3448,2,7200,3.99825986079
229346,239688,242978,10342,3290,2,7200,4.14346504559
229347,239693,242816,10346,3123,2,7200,4.31284021774
229348,239698,243034,10350,3336,2,7200,4.10251798561
229350,239704,243130,10354,3426,2,7200,4.02218330414
229351,239709,243075,10358,3366,2,7200,4.07724301842
229352,239714,243130,10362,3416,2,7200,4.03337236534
229354,239720,242867,10366,3147,2,7200,4.29393072768
229355,239725,243130,10370,3405,2,7200,4.04552129222
229356,239730,241926,10374,2196,2,7200,5.72404371585
229358,239735,242887,10377,3152,2,7200,4.29219543147
229359,239741,242950,10382,3209,2,7200,4.23527578685
229360,239746,243130,10386,3384,2,7200,4.06914893617
229361,239751,242946,10390,3195,2,7200,4.25195618153
229363,239756,243130,10393,3374,2,7200,4.08032009484
229364,239762,243130,10398,3368,2,7200,4.08729216152
229365,239767,243130,10402,3363,2,7200,4.09307166221
232881,241104,241207,8223,103,2,10800,80.8349514563
234017,241219,241634,7202,415,2,10800,18.3542168675
234077,241063,629707,6986,388644,3,604800,1.01797531932
235431,241888,243027,6457,1139,2,10800,6.66900790167
236136,241893,243611,5757,1718,2,10800,4.3509895227
236898,241900,250614,5002,8714,2,14400,1.57401882029
239918,239998,264427,80,24429,1,259200,1.00327479635
239946,240147,387402,201,147255,1,259200,1.00136497912
241671,241839,245207,168,3368,11,32400,1.04988123515
241923,243039,306261,1116,63222,1,259200,1.01765208314
241946,243045,391509,1099,148464,1,259200,1.00740246794
243635,243642,247124,7,3482,2,7200,1.00201033889
243928,243934,243949,6,15,3,172800,1.4
244161,244173,247266,12,3093,2,7200,1.00387972842
244221,244230,247510,9,3280,2,7200,1.00274390244
244292,244304,247721,12,3417,2,7200,1.0035118525
244362,244372,247812,10,3440,2,7200,1.00290697674
244363,244379,248058,16,3679,2,7200,1.00434900788
244438,244445,244455,7,10,3,172800,1.7
244460,244470,248022,10,3552,2,7200,1.00281531532
244478,244487,247936,9,3449,2,7200,1.00260945202
244496,244508,248097,12,3589,2,7200,1.00334354974
244532,244575,248093,43,3518,2,7200,1.01222285389
244533,244581,248117,48,3536,2,7200,1.01357466063
244569,244588,248216,19,3628,2,7200,1.0052370452
244720,244731,247968,11,3237,2,7200,1.00339820822
244735,244744,248397,9,3653,2,7200,1.00246372844
244750,244759,248209,9,3450,2,7200,1.00260869565
244810,244820,248245,10,3425,2,7200,1.00291970803
244900,244910,248346,10,3436,2,7200,1.00291036088
244924,244936,248547,12,3611,2,7200,1.00332317917
245089,245100,248539,11,3439,2,7200,1.00319860425
245137,245151,248715,14,3564,2,7200,1.00392817059
245447,245455,248926,8,3471,2,7200,1.00230481129
245488,245494,367603,6,122109,1,259200,1.00004913643
245516,248114,378206,2598,130092,1,259200,1.01997048243
245545,248119,412379,2574,164260,1,259200,1.01567027883
245573,248125,363227,2552,115102,1,259200,1.02217163907
245601,248130,352834,2529,104704,1,259200,1.02415380501
245626,248135,384400,2509,136265,1,259200,1.01841265182
245628,249651,249666,4023,15,3,1200,269.2
245637,245644,249191,7,3547,2,7200,1.00197349873
245653,248141,405644,2488,157503,1,259200,1.01579652451
245680,248146,378760,2466,130614,1,259200,1.0188800588
245706,248152,385038,2446,136886,1,259200,1.0178688836
245732,248939,390573,3207,141634,1,259200,1.02264286824
245762,248945,387232,3183,138287,1,259200,1.02301734798
245789,248952,407903,3163,158951,1,259200,1.01989921422
245804,248958,380743,3154,131785,1,259200,1.02393292105
246267,246273,249652,6,3379,2,7200,1.00177567328
246312,246318,249852,6,3534,2,7200,1.00169779287
246357,246363,249806,6,3443,2,7200,1.00174266628
246375,246381,249769,6,3388,2,7200,1.00177095632
246417,246423,249656,6,3233,2,7200,1.00185586143
246431,246437,249781,6,3344,2,7200,1.00179425837
246452,246458,249960,6,3502,2,7200,1.00171330668
246524,246531,249947,7,3416,2,7200,1.00204918033
246545,246551,250033,6,3482,2,7200,1.00172314762
246560,246567,249898,7,3331,2,7200,1.00210147103
246561,246574,250043,13,3469,2,7200,1.00374747766
246620,246626,250155,6,3529,2,7200,1.00170019836
246647,246653,249994,6,3341,2,7200,1.0017958695
246662,246668,250209,6,3541,2,7200,1.0016944366
246749,246756,250423,7,3667,2,7200,1.00190891737
246788,246794,250418,6,3624,2,7200,1.00165562914
246848,246855,250400,7,3545,2,7200,1.00197461213
246991,246997,250473,6,3476,2,7200,1.00172612198
247126,247133,250594,7,3461,2,7200,1.00202253684
247268,247274,250976,6,3702,2,7200,1.00162074554
247512,247519,251033,7,3514,2,7200,1.00199203187
247541,248963,248971,1422,8,2,3540,143.0
247722,247729,250980,7,3251,2,7200,1.00215318364
247812,247819,251437,7,3618,2,7200,1.00193477059
247938,247945,251558,7,3613,2,7200,1.0019374481
247971,247977,251632,6,3655,2,7200,1.00164158687
248025,248032,251341,7,3309,2,7200,1.00211544273
248061,248068,251577,7,3509,2,7200,1.00199487033
248094,248100,251345,6,3245,2,7200,1.00184899846
248108,248157,251695,49,3538,2,7200,1.01384963256
248123,248164,251798,41,3634,2,7200,1.01128233352
248212,248219,251523,7,3304,2,7200,1.00211864407
248227,248234,251696,7,3462,2,7200,1.00202195263
248247,248254,252130,7,3876,2,7200,1.00180598555
248347,248354,251728,7,3374,2,7200,1.0020746888
248398,248404,251901,6,3497,2,7200,1.00171575636
248542,248548,252065,6,3517,2,7200,1.00170599943
248557,248564,252183,7,3619,2,7200,1.00193423598
248716,248723,252183,7,3460,2,7200,1.00202312139
248926,248933,252508,7,3575,2,7200,1.00195804196
249194,249203,252914,9,3711,2,7200,1.00242522231
249655,249665,253104,10,3439,2,7200,1.00290782204
249669,249683,253144,14,3461,2,7200,1.00404507368
249771,249782,253256,11,3474,2,7200,1.00316637881
249786,249793,253447,7,3654,2,7200,1.00191570881
249807,249818,253241,11,3423,2,7200,1.00321355536
249855,249865,253201,10,3336,2,7200,1.00299760192
249900,249910,253241,10,3331,2,7200,1.00300210147
249950,249959,253362,9,3403,2,7200,1.00264472524
249965,249972,253542,7,3570,2,7200,1.00196078431
249995,250006,253908,11,3902,2,7200,1.00281906715
250034,250044,253480,10,3436,2,7200,1.00291036088
250048,250056,253654,8,3598,2,7200,1.00222345748
250157,250168,253506,11,3338,2,7200,1.00329538646
250211,250222,253560,11,3338,2,7200,1.00329538646
250401,250411,254293,10,3882,2,7200,1.00257599176
250421,250431,253682,10,3251,2,7200,1.00307597662
250436,250442,253889,6,3447,2,7200,1.00174064404
250477,250486,254007,9,3521,2,7200,1.00255609202
250489,252111,252553,1622,442,1,3840,4.66968325792
250490,253012,253084,2522,72,4,3840,36.0277777778
250490,252750,253000,2260,250,4,960,10.04
250490,252714,253119,2224,405,1,15360,6.49135802469
250490,252566,252702,2076,136,1,15360,16.2647058824
250491,258421,258541,7930,120,16,3840,67.0833333333
250491,257650,258537,7159,887,4,15360,9.0710259301
250491,258408,258474,7917,66,16,960,120.954545455
250491,258273,258400,7782,127,16,240,62.2755905512
250491,257645,257857,7154,212,4,15360,34.7452830189
250492,264076,264434,13584,358,16,15360,38.9441340782
250492,263904,264047,13412,143,64,3840,94.7902097902
250492,263851,263892,13359,41,64,960,326.829268293
250492,263809,263839,13317,30,64,240,444.9
250492,263755,263797,13263,42,64,60,316.785714286
250595,250606,254149,11,3543,2,7200,1.00310471352
250977,250991,254503,14,3512,2,7200,1.00398633257
250994,251001,254488,7,3487,2,7200,1.00200745627
251036,251045,254639,9,3594,2,7200,1.00250417362
251344,251353,254994,9,3641,2,7200,1.00247184839
251359,251366,254898,7,3532,2,7200,1.00198187995
251420,252105,276065,685,23960,1,43200,1.02858931553
251440,251450,254865,10,3415,2,7200,1.00292825769
251524,251535,255001,11,3466,2,7200,1.00317368725
251560,251570,254877,10,3307,2,7200,1.00302388872
251578,251590,255111,12,3521,2,7200,1.00340812269
251635,251643,255051,8,3408,2,7200,1.00234741784
251695,251707,255238,12,3531,2,7200,1.00339847069
251710,251716,255249,6,3533,2,7200,1.00169827342
251731,251740,255024,9,3284,2,7200,1.00274056029
251800,251811,255184,11,3373,2,7200,1.00326119182
251819,253096,253111,1277,15,3,1200,86.1333333333
251903,251914,255301,11,3387,2,7200,1.00324771184
252065,252077,255650,12,3573,2,7200,1.00335852225
252131,252142,255526,11,3384,2,7200,1.00325059102
252185,252195,255820,10,3625,2,7200,1.00275862069
252187,252200,255372,13,3172,2,7200,1.00409836066
252355,253101,253762,746,661,1,1800,2.12859304085
252509,252520,256052,11,3532,2,7200,1.00311438279
252916,252927,256395,11,3468,2,7200,1.00317185698
253106,253117,257111,11,3994,2,7200,1.0027541312
253145,253152,256882,7,3730,2,7200,1.0018766756
253202,253209,256692,7,3483,2,7200,1.0020097617
253244,253250,256653,6,3403,2,7200,1.00176315016
253245,253257,256648,12,3391,2,7200,1.00353877912
253260,253266,256787,6,3521,2,7200,1.00170406135
253363,253369,256923,6,3554,2,7200,1.0016882386
253450,253457,257036,7,3579,2,7200,1.00195585359
253481,253487,257216,6,3729,2,7200,1.00160901046
253508,253515,256529,7,3014,2,7200,1.00232249502
253544,253550,257267,6,3717,2,7200,1.001614205
253561,253569,256940,8,3371,2,7200,1.00237318303
253652,253659,256809,7,3150,2,7200,1.00222222222
253682,253689,257028,7,3339,2,7200,1.00209643606
253890,253896,257489,6,3593,2,7200,1.00166991372
253908,253915,257483,7,3568,2,7200,1.00196188341
254008,254015,257651,7,3636,2,7200,1.00192519252
254150,254157,257843,7,3686,2,7200,1.00189907759
254294,254300,257751,6,3451,2,7200,1.00173862649
254490,254496,257810,6,3314,2,7200,1.00181050091
254505,254511,258083,6,3572,2,7200,1.00167973124
254641,254648,258119,7,3471,2,7200,1.00201670988
254867,254874,258258,7,3384,2,7200,1.00206855792
254882,254888,258404,6,3516,2,7200,1.00170648464
254899,254908,258356,9,3448,2,7200,1.00261020882
254995,255001,258394,6,3393,2,7200,1.0017683466
255009,255016,258768,7,3752,2,7200,1.00186567164
255027,255033,258469,6,3436,2,7200,1.00174621653
255054,255060,258391,6,3331,2,7200,1.00180126088
255114,255121,258533,7,3412,2,7200,1.00205158265
255186,255194,258437,8,3243,2,7200,1.00246685168
255240,255247,258658,7,3411,2,7200,1.00205218411
255255,255262,258706,7,3444,2,7200,1.00203252033
255303,255310,259154,7,3844,2,7200,1.00182101977
255372,255379,258694,7,3315,2,7200,1.00211161388
255529,255535,259084,6,3549,2,7200,1.00169061708
255652,255659,259035,7,3376,2,7200,1.00207345972
255821,255828,259478,7,3650,2,7200,1.00191780822
256053,256060,259328,7,3268,2,7200,1.00214198286
256397,256403,260298,6,3895,2,7200,1.00154043646
256529,256535,259985,6,3450,2,7200,1.00173913043
256649,256655,260313,6,3658,2,7200,1.00164024057
256664,256670,259965,6,3295,2,7200,1.00182094082
256694,256700,260127,6,3427,2,7200,1.00175080245
256787,256793,260186,6,3393,2,7200,1.0017683466
256811,256818,260336,7,3518,2,7200,1.00198976691
256883,256889,260394,6,3505,2,7200,1.00171184023
256925,256931,260559,6,3628,2,7200,1.00165380375
256943,256950,260443,7,3493,2,7200,1.00200400802
257031,257038,260585,7,3547,2,7200,1.00197349873
257045,257051,260680,6,3629,2,7200,1.00165334803
257111,257118,260779,7,3661,2,7200,1.00191204589
257193,257884,267804,691,9920,1,36000,1.06965725806
257217,257224,260650,7,3426,2,7200,1.00204319907
257268,257274,260770,6,3496,2,7200,1.00171624714
257485,257491,261146,6,3655,2,7200,1.00164158687
257500,257506,260879,6,3373,2,7200,1.0017788319
257633,259698,260781,2065,1083,1,72000,2.90674053555
257634,264059,336089,6425,72030,8,72000,1.08919894488
257634,260798,273990,3164,13192,1,72000,1.23984232868
257635,264064,336067,6429,72003,8,72000,1.08928794634
257653,257661,261125,8,3464,2,7200,1.00230946882
257753,257759,261260,6,3501,2,7200,1.00171379606
257813,257819,261203,6,3384,2,7200,1.00177304965
257846,257853,261433,7,3580,2,7200,1.00195530726
258084,258091,261433,7,3342,2,7200,1.00209455416
258119,258126,261697,7,3571,2,7200,1.00196023523
258258,258266,261730,8,3464,2,7200,1.00230946882
258357,258364,261892,7,3528,2,7200,1.00198412698
258393,258401,261744,8,3343,2,7200,1.00239306013
258408,258426,261996,18,3570,2,7200,1.00504201681
258410,258431,261721,21,3290,2,7200,1.00638297872
258440,258447,262007,7,3560,2,7200,1.00196629213
258470,258476,261871,6,3395,2,7200,1.00176730486
258533,258540,262078,7,3538,2,7200,1.00197851894
258659,258666,261948,7,3282,2,7200,1.00213284583
258695,258702,262315,7,3613,2,7200,1.0019374481
258710,258716,262087,6,3371,2,7200,1.00177988727
258770,258777,262514,7,3737,2,7200,1.00187316029
259037,259044,262473,7,3429,2,7200,1.00204141149
259085,259092,262602,7,3510,2,7200,1.00199430199
259157,259164,262550,7,3386,2,7200,1.00206733609
259329,259336,262716,7,3380,2,7200,1.00207100592
259480,259487,262939,7,3452,2,7200,1.00202780997
259967,259974,263414,7,3440,2,7200,1.00203488372
259988,259995,263403,7,3408,2,7200,1.00205399061
260129,260137,263403,8,3266,2,7200,1.00244947949
260189,260197,263329,8,3132,2,7200,1.00255427842
260299,260306,263581,7,3275,2,7200,1.00213740458
260313,260321,263864,8,3543,2,7200,1.00225797347
260337,260344,263937,7,3593,2,7200,1.00194823267
260397,260405,263716,8,3311,2,7200,1.00241618846
260445,260452,263934,7,3482,2,7200,1.00201033889
260560,260566,263920,6,3354,2,7200,1.00178890877
260587,260593,264169,6,3576,2,7200,1.00167785235
260650,260657,264104,7,3447,2,7200,1.00203075138
260683,260690,264349,7,3659,2,7200,1.00191309101
260770,260778,264359,8,3581,2,7200,1.00223401285
260785,260793,264289,8,3496,2,7200,1.00228832952
260881,260888,264474,7,3586,2,7200,1.00195203569
261125,261131,264708,6,3577,2,7200,1.00167738328
261146,261153,264641,7,3488,2,7200,1.00200688073
261203,261210,264774,7,3564,2,7200,1.0019640853
261263,261269,264663,6,3394,2,7200,1.00176782557
261435,261442,264896,7,3454,2,7200,1.00202663578
261436,261449,265049,13,3600,2,7200,1.00361111111
261699,261705,265024,6,3319,2,7200,1.00180777343
261723,261729,265102,6,3373,2,7200,1.0017788319
261737,261745,265036,8,3291,2,7200,1.00243087208
261752,261758,265444,6,3686,2,7200,1.00162778079
261873,261879,265282,6,3403,2,7200,1.00176315016
261894,261900,265403,6,3503,2,7200,1.00171281758
261951,261957,265427,6,3470,2,7200,1.00172910663
261999,262005,265493,6,3488,2,7200,1.00172018349
262013,262019,265514,6,3495,2,7200,1.0017167382
262079,262086,265579,7,3493,2,7200,1.00200400802
262094,262102,265534,8,3432,2,7200,1.00233100233
262317,262325,265958,8,3633,2,7200,1.00220203688
262474,262482,266137,8,3655,2,7200,1.00218878249
262516,262523,266129,7,3606,2,7200,1.0019412091
262552,262559,265985,7,3426,2,7200,1.00204319907
262604,262611,266180,7,3569,2,7200,1.00196133371
262719,262725,266278,6,3553,2,7200,1.00168871376
262775,262781,263398,6,617,2,3840,1.00972447326
262775,265775,268494,3000,2719,2,15360,2.10334681868
262775,267018,267179,4243,161,2,15360,27.3540372671
262776,267012,267195,4236,183,8,15360,24.1475409836
262776,262794,262955,18,161,8,960,1.11180124224
262776,262799,263478,23,679,8,3840,1.03387334315
262776,267007,269733,4231,2726,8,15360,2.55209097579
262777,264071,266990,1294,2919,32,15360,1.44330250086
262777,263037,263742,260,705,32,3840,1.36879432624
262777,262849,263025,72,176,32,960,1.40909090909
262777,262788,262836,11,48,32,240,1.22916666667
262778,498946,500200,236168,1254,128,3840,189.331738437
262778,498600,498935,235822,335,128,960,704.946268657
262778,498494,498589,235716,95,128,240,2482.22105263
262778,498441,498483,235663,42,128,60,5612.02380952
262939,262946,266332,7,3386,2,7200,1.00206733609
263331,263339,266719,8,3380,2,7200,1.00236686391
263404,263411,266900,7,3489,2,7200,1.00200630553
263405,263425,267034,20,3609,2,7200,1.0055417013
263420,263438,267042,18,3604,2,7200,1.00499445061
263583,263593,267061,10,3468,2,7200,1.00288350634
263718,263728,267304,10,3576,2,7200,1.00279642058
263866,263876,267495,10,3619,2,7200,1.00276319425
263920,263932,267269,12,3337,2,7200,1.00359604435
263935,263947,267524,12,3577,2,7200,1.00335476656
263949,263957,267317,8,3360,2,7200,1.00238095238
264106,264117,267581,11,3464,2,7200,1.00317551963
264169,264181,267726,12,3545,2,7200,1.00338504937
264291,264301,267799,10,3498,2,7200,1.00285877644
264351,264361,267869,10,3508,2,7200,1.00285062714
264366,264372,267984,6,3612,2,7200,1.00166112957
264477,264485,267919,8,3434,2,7200,1.00232964473
264643,264649,268381,6,3732,2,7200,1.00160771704
264664,264670,268367,6,3697,2,7200,1.00162293752
264709,264716,267914,7,3198,2,7200,1.00218886804
264775,264782,268535,7,3753,2,7200,1.00186517453
264898,264904,268233,6,3329,2,7200,1.00180234305
265025,265031,268476,6,3445,2,7200,1.00174165457
265040,265046,268534,6,3488,2,7200,1.00172018349
265054,265061,268372,7,3311,2,7200,1.0021141649
265102,265108,268769,6,3661,2,7200,1.00163889648
265283,265289,268869,6,3580,2,7200,1.00167597765
265406,265414,268914,8,3500,2,7200,1.00228571429
265427,265433,269050,6,3617,2,7200,1.00165883329
265445,265451,268786,6,3335,2,7200,1.00179910045
265493,265499,269065,6,3566,2,7200,1.00168255749
265517,265524,268943,7,3419,2,7200,1.00204738228
265535,265542,269079,7,3537,2,7200,1.00197907831
265580,265586,269243,6,3657,2,7200,1.00164068909
265959,265965,269314,6,3349,2,7200,1.00179157958
265986,265993,269541,7,3548,2,7200,1.0019729425
266111,267002,267031,891,29,12,21600,31.724137931
266131,266137,269470,6,3333,2,7200,1.00180018002
266146,266153,269799,7,3646,2,7200,1.00191991223
266182,266188,269522,6,3334,2,7200,1.00179964007
266278,266285,269939,7,3654,2,7200,1.00191570881
266335,266342,269727,7,3385,2,7200,1.00206794682
266509,266516,270162,7,3646,1,3600,1.00191991223
266722,266729,270297,7,3568,2,7200,1.00196188341
266902,266909,270415,7,3506,2,7200,1.0019965773
267035,267042,270523,7,3481,2,7200,1.0020109164
267050,267057,270590,7,3533,2,7200,1.00198131899
267065,267072,270496,7,3424,2,7200,1.00204439252
267270,267276,270580,6,3304,2,7200,1.00181598063
267306,267312,270758,6,3446,2,7200,1.00174114916
267321,267328,270595,7,3267,2,7200,1.00214263851
267496,267503,271080,7,3577,2,7200,1.00195694716
267512,267519,267520,7,1,2,3540,1.0
267525,267531,271099,6,3568,2,7200,1.00168161435
267582,267589,271154,7,3565,2,7200,1.00196353436
267727,267734,271394,7,3660,2,7200,1.00191256831
267802,267809,271296,7,3487,2,7200,1.00200745627
267871,267877,271399,6,3522,2,7200,1.00170357751
267916,267923,271496,7,3573,2,7200,1.00195913798
267931,267937,271253,6,3316,2,7200,1.00180940893
267985,267991,271268,6,3277,2,7200,1.00183094294
268235,268242,271826,7,3584,2,7200,1.001953125
268370,268376,271722,6,3346,2,7200,1.00179318589
268385,268392,271976,7,3584,2,7200,1.001953125
268386,268399,271884,13,3485,2,7200,1.0037302726
268476,268483,271848,7,3365,2,7200,1.00208023774
268539,268546,271840,7,3294,2,7200,1.0021250759
268540,268553,272132,13,3579,2,7200,1.00363229953
268769,268776,272485,7,3709,2,7200,1.00188730116
268787,268794,272065,7,3271,2,7200,1.00214001834
268871,268877,272264,6,3387,2,7200,1.00177147919
268916,268922,272452,6,3530,2,7200,1.00169971671
268946,268952,272572,6,3620,2,7200,1.00165745856
269051,269057,272307,6,3250,2,7200,1.00184615385
269066,269072,272494,6,3422,2,7200,1.00175336061
269081,269087,272752,6,3665,2,7200,1.00163710778
269244,269250,272747,6,3497,2,7200,1.00171575636
269316,269322,272734,6,3412,2,7200,1.00175849941
269473,269480,273048,7,3568,2,7200,1.00196188341
269524,269530,273020,6,3490,2,7200,1.00171919771
269542,269548,273050,6,3502,2,7200,1.00171330668
269729,269736,273346,7,3610,2,7200,1.00193905817
269801,269807,273449,6,3642,2,7200,1.00164744646
269942,269949,273426,7,3477,2,7200,1.0020132298
270298,270305,274038,7,3733,2,7200,1.00187516743
270418,270424,273885,6,3461,2,7200,1.001733603
270499,270505,273888,6,3383,2,7200,1.00177357375
270526,270533,273892,7,3359,2,7200,1.00208395356
270583,270589,274028,6,3439,2,7200,1.00174469322
270598,270604,274258,6,3654,2,7200,1.00164203612
270599,270611,274023,12,3412,2,7200,1.00351699883
270759,270765,274329,6,3564,2,7200,1.00168350168
271081,271087,274398,6,3311,2,7200,1.00181214135
271099,271105,274625,6,3520,2,7200,1.00170454545
271150,271156,274640,6,3484,2,7200,1.00172215844
271254,271261,274660,7,3399,2,7200,1.00205942924
271268,271276,274576,8,3300,2,7200,1.00242424242
271298,271304,274734,6,3430,2,7200,1.00174927114
271395,271401,274764,6,3363,2,7200,1.00178412132
271409,271416,274854,7,3438,2,7200,1.00203606748
271499,271505,275099,6,3594,2,7200,1.00166944908
271723,271729,275248,6,3519,2,7200,1.00170502984
271828,271834,275803,6,3969,2,7200,1.0015117158
271843,271849,275389,6,3540,2,7200,1.00169491525
271858,271865,275226,7,3361,2,7200,1.00208271348
271885,271892,275264,7,3372,2,7200,1.00207591934
271976,271983,275575,7,3592,2,7200,1.00194877506
272067,272074,275634,7,3560,2,7200,1.00196629213
272133,272139,275672,6,3533,2,7200,1.00169827342
272265,272273,275854,8,3581,2,7200,1.00223401285
272308,272315,275744,7,3429,2,7200,1.00204141149
272452,272460,275968,8,3508,2,7200,1.00228050171
272485,272491,276255,6,3764,2,7200,1.00159404888
272500,272506,275889,6,3383,2,7200,1.00177357375
272575,272582,276216,7,3634,2,7200,1.00192625206
272735,272742,276085,7,3343,2,7200,1.00209392761
272750,272756,276222,6,3466,2,7200,1.00173110214
272764,272770,276282,6,3512,2,7200,1.00170842825
273021,273028,276602,7,3574,2,7200,1.00195858982
273051,273058,276360,7,3302,2,7200,1.00211992732
273052,273065,276548,13,3483,2,7200,1.00373241459
273348,273354,276796,6,3442,2,7200,1.00174317257
273429,273436,277037,7,3601,2,7200,1.00194390447
273450,273456,277151,6,3695,2,7200,1.00162381597
273886,273893,277485,7,3592,2,7200,1.00194877506
273901,273907,277411,6,3504,2,7200,1.00171232877
273903,273914,277410,11,3496,2,7200,1.00314645309
274023,274030,277540,7,3510,2,7200,1.00199430199
274038,274045,277411,7,3366,2,7200,1.00207961973
274053,274059,277506,6,3447,2,7200,1.00174064404
274259,274266,277954,7,3688,2,7200,1.00189804772
274331,274337,277959,6,3622,2,7200,1.00165654335
274400,274407,277750,7,3343,2,7200,1.00209392761
274578,274585,277905,7,3320,2,7200,1.00210843373
274626,274632,278236,6,3604,2,7200,1.00166481687
274641,274647,278184,6,3537,2,7200,1.00169635284
274661,274668,278368,7,3700,2,7200,1.00189189189
274738,274744,278237,6,3493,2,7200,1.00171772116
274765,274772,278182,7,3410,2,7200,1.00205278592
274855,274861,278450,6,3589,2,7200,1.00167177487
275096,275103,278773,7,3670,2,7200,1.00190735695
275229,275234,278781,5,3547,2,7200,1.00140964195
275250,275257,278764,7,3507,2,7200,1.00199600798
275267,275273,278854,6,3581,2,7200,1.00167550963
275391,275397,278814,6,3417,2,7200,1.00175592625
275572,275578,279086,6,3508,2,7200,1.00171037628
275632,275638,279314,6,3676,2,7200,1.00163220892
275674,275681,278936,7,3255,2,7200,1.00215053763
275746,275753,279209,7,3456,2,7200,1.00202546296
275803,275809,279102,6,3293,2,7200,1.00182204677
275854,275860,279327,6,3467,2,7200,1.00173060283
275890,275896,279482,6,3586,2,7200,1.00167317345
275969,275976,279580,7,3604,2,7200,1.00194228635
276087,276094,279526,7,3432,2,7200,1.00203962704
276219,276226,279826,7,3600,2,7200,1.00194444444
276234,276240,279578,6,3338,2,7200,1.00179748352
276258,276265,279746,7,3481,2,7200,1.0020109164
276284,276292,279772,8,3480,2,7200,1.00229885057
276366,276372,279717,6,3345,2,7200,1.00179372197
276549,276556,279961,7,3405,2,7200,1.00205580029
276603,276611,280124,8,3513,2,7200,1.00227725591
276796,276803,280317,7,3514,2,7200,1.00199203187
277037,277043,280673,6,3630,2,7200,1.00165289256
277152,277158,280656,6,3498,2,7200,1.00171526587
277411,277418,280820,7,3402,2,7200,1.00205761317
277413,277425,280740,12,3315,2,7200,1.0036199095
277414,277430,280945,16,3515,2,7200,1.00455192034
277486,277492,280858,6,3366,2,7200,1.00178253119
277507,277514,281253,7,3739,2,7200,1.00187215833
277540,277546,281084,6,3538,2,7200,1.00169587337
277751,277757,280993,6,3236,2,7200,1.00185414091
277905,277912,281476,7,3564,2,7200,1.0019640853
277956,277963,281431,7,3468,2,7200,1.00201845444
277971,277977,281643,6,3666,2,7200,1.00163666121
278185,278192,281544,7,3352,2,7200,1.00208830549
278186,278199,281582,13,3383,2,7200,1.00384274313
278237,278245,281633,8,3388,2,7200,1.00236127509
278239,278252,281419,13,3167,2,7200,1.00410483107
278368,278374,281722,6,3348,2,7200,1.0017921147
278452,278459,281823,7,3364,2,7200,1.00208085612
278766,278773,282207,7,3434,2,7200,1.00203843914
278781,278788,282368,7,3580,2,7200,1.00195530726
278795,278801,282391,6,3590,2,7200,1.00167130919
278816,278823,282269,7,3446,2,7200,1.00203134068
278855,278861,282159,6,3298,2,7200,1.00181928441
278940,278946,282801,6,3855,2,7200,1.00155642023
279087,279093,282872,6,3779,2,7200,1.00158772162
279102,279108,282507,6,3399,2,7200,1.00176522507
279210,279216,282565,6,3349,2,7200,1.00179157958
279318,279324,282755,6,3431,2,7200,1.00174876129
279332,279338,282875,6,3537,2,7200,1.00169635284
279483,279489,283100,6,3611,2,7200,1.00166158959
279528,279534,283196,6,3662,2,7200,1.00163844894
279579,279585,283020,6,3435,2,7200,1.00174672489
279594,279601,283104,7,3503,2,7200,1.00199828718
279717,279725,283211,8,3486,2,7200,1.00229489386
279747,279754,283164,7,3410,2,7200,1.00205278592
279774,279780,283498,6,3718,2,7200,1.00161377084
279828,279835,283287,7,3452,2,7200,1.00202780997
279958,279963,283509,5,3546,2,7200,1.00141003948
280126,280132,283784,6,3652,2,7200,1.00164293538
280319,280325,283683,6,3358,2,7200,1.00178677784
280656,280662,283853,6,3191,2,7200,1.00188028831
280674,280680,284265,6,3585,2,7200,1.00167364017
280740,280746,284011,6,3265,2,7200,1.00183767228
280821,280827,284512,6,3685,2,7200,1.00162822252
280860,280867,284471,7,3604,2,7200,1.00194228635
280947,280953,284434,6,3481,2,7200,1.00172364263
280995,281001,284489,6,3488,2,7200,1.00172018349
281085,281092,284512,7,3420,2,7200,1.00204678363
281254,281260,284684,6,3424,2,7200,1.00175233645
281420,281427,284830,7,3403,2,7200,1.00205700852
281435,281442,285107,7,3665,2,7200,1.00190995907
281477,281484,285124,7,3640,2,7200,1.00192307692
281546,281553,285109,7,3556,2,7200,1.00196850394
281585,281591,285036,6,3445,2,7200,1.00174165457
281635,281641,285053,6,3412,2,7200,1.00175849941
281650,281656,285321,6,3665,2,7200,1.00163710778
281725,281732,285362,7,3630,2,7200,1.00192837466
281825,281832,285201,7,3369,2,7200,1.00207776788
282159,282165,285940,6,3775,2,7200,1.00158940397
282207,282214,285807,7,3593,2,7200,1.00194823267
282270,282277,285860,7,3583,2,7200,1.00195367011
282369,282375,285768,6,3393,2,7200,1.0017683466
282387,282393,285797,6,3404,2,7200,1.0017626322
282511,282518,286187,7,3669,2,7200,1.00190787681
282568,282574,285897,6,3323,2,7200,1.00180559735
282758,282764,286103,6,3339,2,7200,1.00179694519
282803,282810,286113,7,3303,2,7200,1.0021192855
282872,282878,286729,6,3851,2,7200,1.00155803687
282887,282894,286391,7,3497,2,7200,1.00200171576
283022,283030,286322,8,3292,2,7200,1.00243013366
283098,283105,286645,7,3540,2,7200,1.00197740113
283112,283118,286801,6,3683,2,7200,1.00162910671
283166,283172,286955,6,3783,2,7200,1.00158604282
283196,283202,286744,6,3542,2,7200,1.00169395822
283211,283217,286836,6,3619,2,7200,1.00165791655
283290,283296,286824,6,3528,2,7200,1.00170068027
283501,283507,287079,6,3572,2,7200,1.00167973124
283516,283522,286921,6,3399,2,7200,1.00176522507
283684,283692,287306,8,3614,2,7200,1.00221361372
283784,283791,287538,7,3747,2,7200,1.0018681612
283856,283863,287606,7,3743,2,7200,1.00187015763
284012,284019,287425,7,3406,2,7200,1.00205519671
284262,284269,287805,7,3536,2,7200,1.00197963801
284437,284445,287921,8,3476,2,7200,1.00230149597
284473,284479,287972,6,3493,2,7200,1.00171772116
284491,284497,288080,6,3583,2,7200,1.00167457438
284512,284519,288000,7,3481,2,7200,1.0020109164
284514,284526,288052,12,3526,2,7200,1.00340328985
284686,284693,288155,7,3462,2,7200,1.00202195263
284830,284836,288430,6,3594,2,7200,1.00166944908
285038,285044,288242,6,3198,2,7200,1.00187617261
285056,285062,288794,6,3732,2,7200,1.00160771704
285111,285117,288844,6,3727,2,7200,1.00160987389
285113,285125,288737,12,3612,2,7200,1.00332225914
285127,285135,288593,8,3458,2,7200,1.002313476
285203,285214,288784,11,3570,2,7200,1.00308123249
285203,285209,337068,6,51859,1,54000,1.00011569834
285323,285330,288648,7,3318,2,7200,1.00210970464
285329,285337,303373,8,18036,1,18000,1.00044355733
285365,285372,288998,7,3626,2,7200,1.00193050193
285769,285776,289347,7,3571,2,7200,1.00196023523
285799,285805,289391,6,3586,2,7200,1.00167317345
285813,285822,289345,9,3523,2,7200,1.00255464093
285862,285868,289460,6,3592,2,7200,1.00167037862
285898,285905,289426,7,3521,2,7200,1.00198807157
285940,285947,289413,7,3466,2,7200,1.00201961916
286106,286112,289370,6,3258,2,7200,1.00184162063
286120,286127,289610,7,3483,2,7200,1.0020097617
286189,286196,289710,7,3514,2,7200,1.00199203187
286325,286332,290087,7,3755,2,7200,1.00186418109
286378,286396,291595,18,5199,2,15360,1.00346220427
286378,286384,286673,6,289,2,3840,1.02076124567
286378,312829,312905,26451,76,8,960,349.039473684
286378,286391,287618,13,1227,2,15360,1.01059494703
286379,316604,317903,30225,1299,8,15360,24.2678983834
286379,317920,323305,31541,5385,8,15360,6.85719591458
286379,312917,313230,26538,313,8,3840,85.785942492
286380,383249,384640,96869,1391,32,15360,70.6398274623
286380,382766,382790,96386,24,32,240,4017.08333333
286380,382896,383236,96516,340,32,3840,284.870588235
286380,382802,382884,96422,82,32,960,1176.87804878
286381,500212,500227,213831,15,128,60,14256.4
286381,500288,500390,213907,102,128,960,2098.12745098
286381,500403,500799,214022,396,128,3840,541.45959596
286381,500238,500276,213857,38,128,240,5628.81578947
286391,286403,290096,12,3693,2,7200,1.00324939074
286648,286654,290217,6,3563,2,7200,1.00168397418
286732,286738,290285,6,3547,2,7200,1.00169157034
286747,286754,290323,7,3569,2,7200,1.00196133371
286801,286808,290312,7,3504,2,7200,1.00199771689
286825,286831,290213,6,3382,2,7200,1.00177409817
286840,286847,290385,7,3538,2,7200,1.00197851894
286921,286929,290434,8,3505,2,7200,1.00228245364
286957,286964,290736,7,3772,2,7200,1.00185577943
287075,287081,290642,6,3561,2,7200,1.00168491997
287114,4492877,4493035,4205763,158,256,1200,26619.7531646
287307,287314,290723,7,3409,2,7200,1.00205338809
287425,287431,290980,6,3549,2,7200,1.00169061708
287540,287547,290945,7,3398,2,7200,1.00206003531
287609,287615,291086,6,3471,2,7200,1.00172860847
287808,287814,291138,6,3324,2,7200,1.00180505415
287922,287928,291458,6,3530,2,7200,1.00169971671
287973,287979,291515,6,3536,2,7200,1.00169683258
288001,288008,291484,7,3476,2,7200,1.00201380898
288055,288062,291514,7,3452,2,7200,1.00202780997
288065,288072,320554,7,32482,4,32400,1.00021550397
288082,288089,291559,7,3470,2,7200,1.00201729107
288158,288165,291677,7,3512,2,7200,1.00199316629
288245,288252,291644,7,3392,2,7200,1.00206367925
288432,288439,291830,7,3391,2,7200,1.00206428782
288594,288600,291899,6,3299,2,7200,1.00181873295
288652,288659,291957,7,3298,2,7200,1.00212249848
288739,288746,292351,7,3605,2,7200,1.00194174757
288787,288795,292451,8,3656,2,7200,1.00218818381
288802,288809,292439,7,3630,2,7200,1.00192837466
288844,288851,292349,7,3498,2,7200,1.00200114351
288998,289005,292510,7,3505,2,7200,1.00199714693
289039,289045,289049,6,4,4,3600,1.0
289086,289092,289096,6,4,4,3600,1.0
289124,289130,289132,6,2,4,3600,1.0
289178,289184,289737,6,553,4,3600,1.01084990958
289348,289356,292851,8,3495,2,7200,1.00228898426
289350,289363,292792,13,3429,2,7200,1.00379119277
289372,289378,293031,6,3653,2,7200,1.00164248563
289392,289399,292719,7,3320,2,7200,1.00210843373
289417,289423,293163,6,3740,2,7200,1.00160427807
289432,289438,293087,6,3649,2,7200,1.00164428611
289461,289469,292849,8,3380,2,7200,1.00236686391
289612,289620,292998,8,3378,2,7200,1.00236826525
289712,289719,293158,7,3439,2,7200,1.00203547543
290089,290096,293556,7,3460,2,7200,1.00202312139
290104,290111,293642,7,3531,2,7200,1.00198244123
290215,290222,293817,7,3595,2,7200,1.00194714882
290217,290229,293870,12,3641,2,7200,1.00329579786
290286,290293,294066,7,3773,2,7200,1.00185528757
290313,290320,293827,7,3507,2,7200,1.00199600798
290328,290335,293771,7,3436,2,7200,1.00203725262
290388,290395,294276,7,3881,2,7200,1.00180365885
290436,290443,294019,7,3576,2,7200,1.00195749441
290646,290652,294280,6,3628,2,7200,1.00165380375
290725,290732,294160,7,3428,2,7200,1.002042007
290729,291608,292165,879,557,2,10800,2.57809694794
290740,290746,294466,6,3720,2,7200,1.00161290323
290817,291499,313597,682,22098,2,72000,1.0308625215
290947,290954,294573,7,3619,2,7200,1.00193423598
290983,290989,294677,6,3688,2,7200,1.00162689805
291089,291096,294809,7,3713,2,7200,1.00188526798
291140,291147,294715,7,3568,2,7200,1.00196188341
291195,291694,307286,499,15592,1,19800,1.03200359159
291461,291467,294941,6,3474,2,7200,1.00172711572
291485,291491,295203,6,3712,2,7200,1.00161637931
291515,291521,294972,6,3451,2,7200,1.00173862649
291517,291529,295072,12,3543,2,7200,1.0033869602
291562,291569,295075,7,3506,2,7200,1.0019965773
291646,291654,294961,8,3307,2,7200,1.00241911098
291679,291686,295321,7,3635,2,7200,1.00192572215
291830,291838,295346,8,3508,2,7200,1.00228050171
291833,291845,298986,12,7141,2,36000,1.00168043691
291900,291907,295537,7,3630,2,7200,1.00192837466
291960,291967,295631,7,3664,2,7200,1.00191048035
292020,292366,307617,346,15251,4,21600,1.02268703692
292119,292126,292355,7,229,1,7200,1.03056768559
292131,292172,292357,41,185,2,7200,1.22162162162
292352,292359,296085,7,3726,2,7200,1.00187869028
292353,292371,295930,18,3559,2,7200,1.00505760045
292377,292383,296536,6,4153,1,7200,1.00144473874
292379,292391,296652,12,4261,2,7200,1.00281624032
292381,295913,297576,3532,1663,4,10800,3.12387251954
292440,292447,296004,7,3557,2,7200,1.00196795052
292455,292462,296098,7,3636,2,7200,1.00192519252
292512,292519,295844,7,3325,2,7200,1.00210526316
292722,292729,296385,7,3656,2,7200,1.00191466083
292794,292801,296460,7,3659,2,7200,1.00191309101
292851,292858,296245,7,3387,2,7200,1.00206672572
292853,292865,296231,12,3366,2,7200,1.00356506239
293002,293008,296592,6,3584,2,7200,1.00167410714
293032,293039,296525,7,3486,2,7200,1.00200803213
293089,293095,296992,6,3897,2,7200,1.00153964588
293161,293168,296822,7,3654,2,7200,1.00191570881
293176,293182,296818,6,3636,2,7200,1.00165016502
293559,293566,297151,7,3585,2,7200,1.0019525802
293634,293788,309140,154,15352,2,72000,1.01003126628
293645,293651,297368,6,3717,2,7200,1.001614205
293774,293780,297324,6,3544,2,7200,1.00169300226
293819,293826,297283,7,3457,2,7200,1.00202487706
293834,293841,297115,7,3274,2,7200,1.00213805742
293870,293877,297379,7,3502,2,7200,1.0019988578
294021,294028,297744,7,3716,2,7200,1.00188374596
294066,294073,297760,7,3687,2,7200,1.00189856252
294163,294170,297360,7,3190,2,7200,1.00219435737
294277,294283,297921,6,3638,2,7200,1.00164925783
294292,294299,297691,7,3392,2,7200,1.00206367925
294467,294474,297747,7,3273,2,7200,1.00213871066
294575,294582,298171,7,3589,2,7200,1.00195040401
294677,294685,298130,8,3445,2,7200,1.0023222061
294716,294723,298239,7,3516,2,7200,1.00199089875
294810,294817,298178,7,3361,2,7200,1.00208271348
294942,294950,298788,8,3838,2,7200,1.00208441897
294963,294971,298445,8,3474,2,7200,1.00230282096
294978,294984,298503,6,3519,2,7200,1.00170502984
295075,295081,298342,6,3261,2,7200,1.0018399264
295089,295097,298682,8,3585,2,7200,1.00223152022
295204,295211,298764,7,3553,2,7200,1.00197016606
295260,384652,471072,89392,86420,36,86400,2.03439018746
295287,295646,344263,359,48617,2,72000,1.00738424831
295322,295329,298616,7,3287,2,7200,1.00212960146
295349,295355,298790,6,3435,2,7200,1.00174672489
295539,295545,298949,6,3404,2,7200,1.0017626322
295632,295639,299181,7,3542,2,7200,1.00197628458
295846,295853,299489,7,3636,2,7200,1.00192519252
295930,295937,299490,7,3553,2,7200,1.00197016606
296006,296013,299557,7,3544,2,7200,1.0019751693
296035,296116,296153,81,37,1,7200,3.18918918919
296087,296094,299631,7,3537,2,7200,1.00197907831
296102,296108,299669,6,3561,2,7200,1.00168491997
296112,296123,296163,11,40,1,600,1.275
296120,296175,296237,55,62,2,7200,1.88709677419
296231,296239,299659,8,3420,2,7200,1.00233918129
296246,296252,299855,6,3603,2,7200,1.00166527893
296307,296314,296371,7,57,1,7200,1.12280701754
296388,296395,299991,7,3596,2,7200,1.00194660734
296396,296402,296524,6,122,2,10800,1.04918032787
296463,296470,299931,7,3461,2,7200,1.00202253684
296527,296534,300115,7,3581,2,7200,1.00195476124
296593,296600,300234,7,3634,2,7200,1.00192625206
296597,296665,296761,68,96,4,7200,1.70833333333
296683,296774,296893,91,119,2,10800,1.76470588235
296781,296789,297135,8,346,1,1800,1.02312138728
296819,296826,300196,7,3370,2,7200,1.00207715134
296834,296840,300342,6,3502,2,7200,1.00171330668
296864,296871,296950,7,79,1,600,1.08860759494
296952,296958,297142,6,184,2,7200,1.03260869565
296988,297147,297329,159,182,4,7200,1.87362637363
296994,297000,300234,6,3234,2,7200,1.00185528757
297118,297126,300551,8,3425,2,7200,1.00233576642
297151,297159,300634,8,3475,2,7200,1.00230215827
297285,297292,300776,7,3484,2,7200,1.00200918485
297324,297330,300785,6,3455,2,7200,1.0017366136
297363,297369,300878,6,3509,2,7200,1.00170988886
297378,297385,301017,7,3632,2,7200,1.00192731278
297379,297392,300879,13,3487,2,7200,1.00372813307
297548,297556,301031,8,3475,1,7200,1.00230215827
297563,298696,302961,1133,4265,2,7200,1.26565064478
297601,298489,303619,888,5130,4,10800,1.1730994152
297694,297700,301291,6,3591,2,7200,1.00167084378
297745,297752,301273,7,3521,2,7200,1.00198807157
297760,297766,301468,6,3702,2,7200,1.00162074554
297762,297774,301355,12,3581,2,7200,1.00335101927
297922,297928,301344,6,3416,2,7200,1.00175644028
298131,298138,301508,7,3370,2,7200,1.00207715134
298173,298180,301801,7,3621,2,7200,1.00193316763
298187,298194,301919,7,3725,2,7200,1.00187919463
298241,298248,301695,7,3447,2,7200,1.00203075138
298252,298966,299004,714,38,1,7200,19.7894736842
298268,299016,299073,748,57,1,7200,14.1228070175
298284,298999,299061,715,62,2,7200,12.5322580645
298299,299073,299255,774,182,2,7200,5.25274725275
298344,298352,301811,8,3459,2,7200,1.00231280717
298447,298455,301618,8,3163,2,7200,1.00252924439
298451,299268,300458,817,1190,2,10800,1.68655462185
298504,298511,302037,7,3526,2,7200,1.00198525241
298619,298626,302211,7,3585,2,7200,1.0019525802
298682,298689,302432,7,3743,2,7200,1.00187015763
298766,298773,302327,7,3554,2,7200,1.00196961171
298790,298796,302084,6,3288,2,7200,1.00182481752
298792,298804,302218,12,3414,2,7200,1.00351493849
298952,298959,302545,7,3586,2,7200,1.00195203569
299084,300249,300347,1165,98,4,7200,12.887755102
299095,300364,300515,1269,151,4,7200,9.40397350993
299181,299188,302596,7,3408,2,7200,1.00205399061
299493,299501,303146,8,3645,2,7200,1.00219478738
299495,299506,302879,11,3373,2,7200,1.00326119182
299558,299564,303008,6,3444,2,7200,1.00174216028
299633,299640,303279,7,3639,2,7200,1.00192360539
299660,299666,303119,6,3453,2,7200,1.00173761946
299675,299683,303386,8,3703,2,7200,1.00216041048
299856,299863,303353,7,3490,2,7200,1.00200573066
299932,299938,303185,6,3247,2,7200,1.00184785956
299994,300000,303501,6,3501,2,7200,1.00171379606
300118,300124,303609,6,3485,2,7200,1.00172166428
300198,300204,303404,6,3200,2,7200,1.001875
300235,300242,303552,7,3310,2,7200,1.00211480363
300236,300255,303948,19,3693,2,7200,1.00514486867
300349,300357,304038,8,3681,2,7200,1.00217332247
300390,300468,301694,78,1226,2,2340,1.06362153344
300556,300563,304122,7,3559,2,7200,1.00196684462
300620,300627,300658,7,31,1,1800,1.22580645161
300638,300645,304241,7,3596,2,7200,1.00194660734
300673,300680,300984,7,304,1,1800,1.02302631579
300714,303632,303730,2918,98,4,7200,30.7755102041
300718,303742,303913,3024,171,4,7200,18.6842105263
300778,300785,304164,7,3379,2,7200,1.00207161882
300793,300800,304352,7,3552,2,7200,1.00197072072
300881,300888,304327,7,3439,2,7200,1.00203547543
300882,300895,304570,13,3675,2,7200,1.00353741497
301019,301025,304521,6,3496,2,7200,1.00171624714
301032,316012,316034,14980,22,10,7200,681.909090909
301277,301283,304865,6,3582,2,7200,1.00167504188
301292,301298,304889,6,3591,2,7200,1.00167084378
301347,301354,305024,7,3670,2,7200,1.00190735695
301361,301369,305271,8,3902,2,7200,1.00205023065
301471,301478,304924,7,3446,2,7200,1.00203134068
301511,301518,305015,7,3497,2,7200,1.00200171576
301620,301627,305103,7,3476,2,7200,1.00201380898
301679,301686,305598,7,3912,1,7200,1.00178936605
301693,301935,301940,242,5,1,900,24.7
301696,301703,305214,7,3511,2,7200,1.00199373398
301703,301710,305779,7,4069,2,7200,1.0017203244
301705,302973,304182,1268,1209,2,2340,2.0488006617
301720,303925,308332,2205,4407,4,10800,1.5003403676
301803,301810,305485,7,3675,2,7200,1.0019047619
301817,301825,305473,8,3648,2,7200,1.00219298246
301921,301928,305594,7,3666,2,7200,1.00190943808
302039,302046,305592,7,3546,2,7200,1.00197405527
302085,302091,305562,6,3471,2,7200,1.00172860847
302194,303203,305396,1009,2193,2,10800,1.4601003192
302213,302221,305522,8,3301,2,7200,1.00242350803
302228,302235,305736,7,3501,2,7200,1.00199942873
302329,302336,305999,7,3663,2,7200,1.00191100191
302435,302443,306027,8,3584,2,7200,1.00223214286
302441,304257,305784,1816,1527,2,198000,2.1892599869
302479,302610,304424,131,1814,1,1800,1.07221609702
302548,302555,306215,7,3660,2,7200,1.00191256831
302596,302603,306142,7,3539,2,7200,1.00197795988
302756,316046,389015,13290,72969,8,324000,1.18213213831
302799,303420,306045,621,2625,2,10800,1.23657142857
302881,302888,306439,7,3551,2,7200,1.0019712757
303012,303019,306675,7,3656,2,7200,1.00191466083
303115,303122,306526,7,3404,2,7200,1.00205640423
303149,303156,306676,7,3520,2,7200,1.00198863636
303189,303196,306576,7,3380,2,7200,1.00207100592
303281,303288,306983,7,3695,2,7200,1.00189445196
303354,303361,306894,7,3533,2,7200,1.00198131899
303388,303396,307114,8,3718,2,7200,1.00215169446
303406,303412,307012,6,3600,2,7200,1.00166666667
303503,313242,316587,9739,3345,11,32400,3.91150971599
303503,303509,307124,6,3615,2,7200,1.00165975104
303555,303562,307029,7,3467,2,7200,1.00201903663
303610,303617,306951,7,3334,2,7200,1.00209958008
303950,303956,307381,6,3425,2,7200,1.00175182482
304041,304048,307575,7,3527,2,7200,1.00198468954
304124,304130,307633,6,3503,2,7200,1.00171281758
304166,304174,307634,8,3460,2,7200,1.00231213873
304180,304187,304194,7,7,1,900,1.4
304194,304201,305409,7,1208,2,2340,1.00579470199
304242,304250,307743,8,3493,2,7200,1.00229029488
304330,304337,307754,7,3417,2,7200,1.00204858063
304354,304362,308068,8,3706,2,7200,1.00215866163
304474,304481,324807,7,20326,1,36000,1.0003443865
304524,304531,308106,7,3575,2,7200,1.00195804196
304573,304580,308222,7,3642,2,7200,1.00192202087
304867,304874,308400,7,3526,2,7200,1.00198525241
304871,304881,305286,10,405,1,1800,1.02469135802
304890,304898,308714,8,3816,2,7200,1.00209643606
304927,304934,308251,7,3317,2,7200,1.00211034067
305018,305025,308458,7,3433,2,7200,1.00203903292
305033,305039,308530,6,3491,2,7200,1.00171870524
305041,305298,305355,257,57,1,7200,5.50877192982
305053,305409,305601,356,192,2,7200,2.85416666667
305062,305791,305971,729,180,4,7200,5.05
305106,305113,308720,7,3607,2,7200,1.00194067092
305215,305223,308645,8,3422,2,7200,1.00233781414
305274,305281,308879,7,3598,2,7200,1.00194552529
305407,305416,305423,9,7,1,900,1.6
305423,305430,306819,7,1389,2,2340,1.00503959683
305476,305484,309155,8,3671,2,7200,1.00217924271
305491,305498,309126,7,3628,2,7200,1.00192943771
305522,305616,309506,94,3890,1,7200,1.02416452442
305525,305532,309291,7,3759,2,7200,1.00186219739
305565,305572,309088,7,3516,2,7200,1.00199089875
305596,305603,309082,7,3479,2,7200,1.00201207243
305597,305611,309269,14,3658,2,7200,1.00382722799
305740,305747,309180,7,3433,2,7200,1.00203903292
306003,306009,309490,6,3481,2,7200,1.00172364263
306027,306034,309536,7,3502,2,7200,1.0019988578
306145,306152,309837,7,3685,2,7200,1.00189959294
306217,306224,309716,7,3492,2,7200,1.0020045819
306440,306447,309927,7,3480,2,7200,1.00201149425
306470,306831,307055,361,224,2,10800,2.61160714286
306527,306534,309883,7,3349,2,7200,1.00209017617
306578,306585,310185,7,3600,2,7200,1.00194444444
306678,306685,310181,7,3496,2,7200,1.00200228833
306679,306692,310525,13,3833,2,7200,1.00339159927
306817,306967,306973,150,6,1,900,15.6
306825,307045,307404,220,359,2,2340,1.61281337047
306896,306903,310354,7,3451,2,7200,1.00202839757
306923,307067,307402,144,335,2,10800,1.42985074627
306953,306960,310566,7,3606,2,7200,1.0019412091
306983,306990,310495,7,3505,2,7200,1.00199714693
307013,307020,310552,7,3532,2,7200,1.00198187995
307031,307038,310626,7,3588,2,7200,1.0019509476
307115,307122,310787,7,3665,2,7200,1.00190995907
307130,307137,310757,7,3620,2,7200,1.00193370166
307383,307390,310985,7,3595,2,7200,1.00194714882
307403,307410,307411,7,1,1,900,1.0
307512,307519,308133,7,614,1,600,1.01140065147
307576,307583,311087,7,3504,2,7200,1.00199771689
307613,307620,307968,7,348,2,10800,1.02011494253
307634,307641,310951,7,3310,2,7200,1.00211480363
307648,307655,311147,7,3492,2,7200,1.0020045819
307745,307752,311294,7,3542,2,7200,1.00197628458
307760,307766,311115,6,3349,2,7200,1.00179157958
307916,307923,308135,7,212,2,10800,1.03301886792
308071,308078,311451,7,3373,2,7200,1.00207530388
308105,308112,311578,7,3466,2,7200,1.00201961916
308223,308230,311604,7,3374,2,7200,1.0020746888
308224,308235,309856,11,1621,2,72000,1.00678593461
308254,308262,311686,8,3424,2,7200,1.0023364486
308403,308410,311841,7,3431,2,7200,1.00204022151
308461,308468,312056,7,3588,2,7200,1.0019509476
308463,308475,308904,12,429,2,10800,1.02797202797
308531,308538,312146,7,3608,2,7200,1.00194013304
308647,308654,312115,7,3461,2,7200,1.00202253684
308699,309153,309550,454,397,2,10800,2.1435768262
308716,308723,312282,7,3559,2,7200,1.00196684462
308731,308738,312206,7,3468,2,7200,1.00201845444
308811,308917,311651,106,2734,2,3540,1.03877103146
308879,308886,312278,7,3392,2,7200,1.00206367925
309003,309170,309595,167,425,2,10800,1.39294117647
309084,309092,312595,8,3503,2,7200,1.00228375678
309099,309106,312679,7,3573,2,7200,1.00195913798
309126,309133,312562,7,3429,2,7200,1.00204141149
309156,309163,312658,7,3495,2,7200,1.00200286123
309183,309189,312594,6,3405,2,7200,1.00176211454
309270,309278,312791,8,3513,2,7200,1.00227725591
309291,309298,312839,7,3541,2,7200,1.0019768427
309329,309507,310042,178,535,2,10800,1.33271028037
309493,309500,313439,7,3939,2,7200,1.00177710079
309538,309545,313054,7,3509,2,7200,1.00199487033
309719,309726,313342,7,3616,2,7200,1.00193584071
309728,309735,310063,7,328,2,10800,1.02134146341
309839,309847,313426,8,3579,2,7200,1.00223526125
309884,309890,313232,6,3342,2,7200,1.00179533214
309929,309936,313460,7,3524,2,7200,1.00198637911
309957,312223,312817,2266,594,8,1800,4.81481481481
310031,310038,310440,7,402,2,10800,1.01741293532
310180,310188,314056,8,3868,2,7200,1.00206825233
310195,310202,313707,7,3505,2,7200,1.00199714693
310355,310362,313849,7,3487,2,7200,1.00200745627
310497,310504,313876,7,3372,2,7200,1.00207591934
310527,310533,314104,6,3571,2,7200,1.00168020162
310554,310560,314274,6,3714,2,7200,1.00161550889
310569,310575,314165,6,3590,2,7200,1.00167130919
310627,310634,313946,7,3312,2,7200,1.00211352657
310687,310694,311144,7,450,2,10800,1.01555555556
310757,310764,314382,7,3618,2,7200,1.00193477059
310787,310794,314684,7,3890,2,7200,1.00179948586
310953,310960,314352,7,3392,2,7200,1.00206367925
310986,310992,314171,6,3179,2,7200,1.00188738597
311088,311095,314721,7,3626,2,7200,1.00193050193
311115,311122,314889,7,3767,2,7200,1.00185824263
311148,311154,314654,6,3500,2,7200,1.00171428571
311296,311303,314691,7,3388,2,7200,1.0020661157
311452,311460,314879,8,3419,2,7200,1.00233986546
311579,311586,315044,7,3458,2,7200,1.0020242915
311606,311613,315154,7,3541,2,7200,1.0019768427
311630,311636,313166,6,1530,2,18000,1.00392156863
311659,311665,314076,6,2411,2,3540,1.00248859394
311687,311693,315057,6,3364,2,7200,1.00178359096
311844,311851,315546,7,3695,2,7200,1.00189445196
311974,311981,315486,7,3505,2,7200,1.00199714693
311975,311988,315437,13,3449,2,7200,1.00376920847
311977,311993,315549,16,3556,2,7200,1.00449943757
311978,311998,315505,20,3507,2,7200,1.00570287995
311979,312003,315468,24,3465,2,7200,1.00692640693
311981,312009,315558,28,3549,2,7200,1.00788954635
311982,312016,315529,34,3513,2,7200,1.0096783376
311983,312021,315462,38,3441,2,7200,1.01104330137
311985,312027,315730,42,3703,2,7200,1.01134215501
311986,312032,315851,46,3819,2,7200,1.01204503797
312058,312065,315801,7,3736,2,7200,1.00187366167
312107,312115,312131,8,16,2,1200,1.5
312116,312123,315851,7,3728,2,7200,1.0018776824
312148,312156,315763,8,3607,2,7200,1.00221790962
312209,312216,315670,7,3454,2,7200,1.00202663578
312281,312287,316137,6,3850,2,7200,1.00155844156
312296,312303,315775,7,3472,2,7200,1.00201612903
312502,312806,312819,304,13,2,1200,24.3846153846
312565,312571,316099,6,3528,2,7200,1.00170068027
312595,312602,316588,7,3986,2,7200,1.00175614651
312610,312616,316435,6,3819,2,7200,1.00157109191
312659,312666,316352,7,3686,2,7200,1.00189907759
312680,312687,316296,7,3609,2,7200,1.00193959546
312792,312799,316445,7,3646,2,7200,1.00191991223
312840,312847,316406,7,3559,2,7200,1.00196684462
313057,313064,316492,7,3428,2,7200,1.002042007
313084,380366,381067,67282,701,16,3600,96.9800285307
313235,313247,316519,12,3272,2,7200,1.00366748166
313344,313350,317025,6,3675,2,7200,1.00163265306
313428,313435,316873,7,3438,2,7200,1.00203606748
313443,313449,317080,6,3631,2,7200,1.00165243735
313463,313469,316979,6,3510,2,7200,1.00170940171
313528,313535,351452,7,37917,2,108000,1.00018461376
313707,313715,317294,8,3579,2,7200,1.00223526125
313852,313858,317505,6,3647,2,7200,1.00164518783
313879,313885,317528,6,3643,2,7200,1.00164699424
313897,314071,314554,174,483,2,18000,1.3602484472
313948,313955,317360,7,3405,2,7200,1.00205580029
314056,336080,381810,22024,45730,8,72000,1.48160944675
314057,314063,317648,6,3585,2,7200,1.00167364017
314074,314089,314093,15,4,1,900,1.9
314098,314105,315867,7,1762,2,3540,1.00397275823
314105,314111,317698,6,3587,2,7200,1.001672707
314165,314172,317712,7,3540,2,7200,1.00197740113
314180,314187,317787,7,3600,2,7200,1.00194444444
314277,314284,317758,7,3474,2,7200,1.00201496834
314352,314359,318054,7,3695,2,7200,1.00189445196
314385,314391,317903,6,3512,2,7200,1.00170842825
314657,314664,317975,7,3311,2,7200,1.0021141649
314687,314693,318163,6,3470,2,7200,1.00172910663
314701,314708,318392,7,3684,2,7200,1.00190010858
314713,316051,316082,1338,31,3,324000,44.1612903226
314722,314730,317836,8,3106,2,7200,1.00257566001
314879,314887,318194,8,3307,2,7200,1.00241911098
314894,314901,318451,7,3550,2,7200,1.00197183099
315045,315051,318724,6,3673,2,7200,1.00163354206
315060,315067,318543,7,3476,2,7200,1.00201380898
315151,315451,387226,300,71775,2,108000,1.00417972832
315157,315163,318524,6,3361,2,7200,1.00178518298
315437,315444,318920,7,3476,2,7200,1.00201380898
315464,315472,318977,8,3505,2,7200,1.00228245364
315479,315485,319118,6,3633,2,7200,1.00165152766
315494,315500,318882,6,3382,2,7200,1.00177409817
315509,315515,319263,6,3748,2,7200,1.00160085379
315530,315537,318927,7,3390,2,7200,1.00206489676
315548,315554,318951,6,3397,2,7200,1.00176626435
315563,315570,318886,7,3316,2,7200,1.00211097708
315564,315577,318856,13,3279,2,7200,1.00396462336
315670,315677,319190,7,3513,2,7200,1.00199259892
315733,315740,319259,7,3519,2,7200,1.00198920148
315763,315770,319427,7,3657,2,7200,1.00191413727
315778,315784,319247,6,3463,2,7200,1.00173260179
315802,315808,319249,6,3441,2,7200,1.00174367916
315853,315860,319394,7,3534,2,7200,1.00198075835
315854,315867,319440,13,3573,2,7200,1.0036383991
315875,315882,317628,7,1746,2,3540,1.0040091638
316099,316107,319760,8,3653,2,7200,1.00218998084
316138,316146,319683,8,3537,2,7200,1.00226180379
316298,316304,319843,6,3539,2,7200,1.00169539418
316314,316418,424456,104,108038,2,108000,1.00096262426
316352,316360,319881,8,3521,2,7200,1.00227208179
316404,316411,319939,7,3528,2,7200,1.00198412698
316437,316445,320169,8,3724,2,7200,1.00214822771
316452,316458,320045,6,3587,2,7200,1.001672707
316494,316501,320005,7,3504,2,7200,1.00199771689
316521,316527,320004,6,3477,2,7200,1.00172562554
316590,316597,320176,7,3579,2,7200,1.00195585359
316874,316880,320389,6,3509,2,7200,1.00170988886
316980,316987,320365,7,3378,2,7200,1.00207223209
317025,317031,320387,6,3356,2,7200,1.00178784267
317082,317088,320428,6,3340,2,7200,1.00179640719
317296,317303,320956,7,3653,2,7200,1.00191623323
317362,317369,321053,7,3684,2,7200,1.00190010858
317508,317514,321333,6,3819,2,7200,1.00157109191
317528,317535,321415,7,3880,2,7200,1.00180412371
317607,317614,382337,7,64723,2,108000,1.00010815321
317636,317643,319382,7,1739,2,3540,1.0040253019
317649,317657,321123,8,3466,2,7200,1.00230813618
317697,317705,321159,8,3454,2,7200,1.00231615518
317712,317719,321348,7,3629,2,7200,1.00192890603
317760,317768,321471,8,3703,2,7200,1.00216041048
317788,317795,321504,7,3709,2,7200,1.00188730116
317836,317842,321330,6,3488,2,7200,1.00172018349
317905,317912,321518,7,3606,2,7200,1.0019412091
317978,317985,321542,7,3557,2,7200,1.00196795052
318057,318064,321473,7,3409,2,7200,1.00205338809
318165,318172,321878,7,3706,2,7200,1.00188882893
318195,318202,321637,7,3435,2,7200,1.00203784571
318244,318251,320079,7,1828,1,3600,1.00382932166
318334,318409,336137,75,17728,2,18000,1.00423059567
318394,318402,321933,8,3531,2,7200,1.00226564713
318452,318459,322180,7,3721,2,7200,1.00188121473
318527,318534,322062,7,3528,2,7200,1.00198412698
318545,318552,322120,7,3568,2,7200,1.00196188341
318613,318620,426636,7,108016,2,108000,1.00006480521
318726,318733,322197,7,3464,2,7200,1.00202078522
318859,318866,322382,7,3516,2,7200,1.00199089875
318882,318890,322350,8,3460,2,7200,1.00231213873
318897,318904,322280,7,3376,2,7200,1.00207345972
318921,318928,322358,7,3430,2,7200,1.00204081633
318936,318943,322340,7,3397,2,7200,1.00206064174
318954,318961,322214,7,3253,2,7200,1.00215185982
318978,318985,322520,7,3535,2,7200,1.00198019802
319119,319127,322632,8,3505,2,7200,1.00228245364
319168,319271,319293,103,22,2,600,5.68181818182
319192,319199,322612,7,3413,2,7200,1.00205098154
319209,503835,527834,184626,23999,8,345600,8.69307054461
319249,319256,322843,7,3587,2,7200,1.0019514915
319251,319263,322723,12,3460,2,7200,1.00346820809
319266,319278,322543,12,3265,2,7200,1.00367534456
319268,319284,323017,16,3733,2,7200,1.00428609697
319382,319389,319395,7,6,1,900,1.3
319396,319403,322900,7,3497,2,7200,1.00200171576
319413,319420,321183,7,1763,2,3540,1.00397050482
319429,319436,322773,7,3337,2,7200,1.00209769254
319444,319452,322837,8,3385,2,7200,1.0023633678
319686,319693,323176,7,3483,2,7200,1.0020097617
319762,319769,323420,7,3651,2,7200,1.00191728294
319844,319851,323325,7,3474,2,7200,1.00201496834
319883,319890,323617,7,3727,2,7200,1.00187818621
319941,319949,323731,8,3782,2,7200,1.00211528292
320008,320015,323531,7,3516,2,7200,1.00199089875
320009,320023,323359,14,3336,2,7200,1.00419664269
320045,320053,323613,8,3560,2,7200,1.00224719101
320170,320177,323669,7,3492,2,7200,1.0020045819
320185,320192,323646,7,3454,2,7200,1.00202663578
320205,321430,753480,1225,432050,4,432000,1.00283531999
320366,320373,323679,7,3306,2,7200,1.00211736237
320390,320397,323747,7,3350,2,7200,1.00208955224
320391,320404,323979,13,3575,2,7200,1.00363636364
320430,320437,323808,7,3371,2,7200,1.00207653515
320564,320571,324282,7,3711,4,3600,1.00188628402
320756,320763,321394,7,631,2,600,1.01109350238
320959,320966,324673,7,3707,2,7200,1.0018883194
321055,321063,324530,8,3467,2,7200,1.00230747044
321125,321131,324797,6,3666,2,7200,1.00163666121
321161,321168,324753,7,3585,2,7200,1.0019525802
321191,321199,322948,8,1749,2,3540,1.00457404231
321333,321341,324837,8,3496,2,7200,1.00228832952
321335,321348,324843,13,3495,2,7200,1.00371959943
321350,321358,325019,8,3661,2,7200,1.0021851953
321416,321423,325084,7,3661,2,7200,1.00191204589
321473,321480,324947,7,3467,2,7200,1.00201903663
321475,321487,324823,12,3336,2,7200,1.0035971223
321505,321512,325392,7,3880,2,7200,1.00180412371
321520,321527,325342,7,3815,2,7200,1.00183486239
321525,322961,337949,1436,14988,4,21600,1.09580998132
321544,321551,325125,7,3574,2,7200,1.00195858982
321639,321646,325082,7,3436,2,7200,1.00203725262
321880,321887,325483,7,3596,2,7200,1.00194660734
321934,321941,325385,7,3444,2,7200,1.00203252033
322064,322071,325623,7,3552,2,7200,1.00197072072
322124,322131,325352,7,3221,2,7200,1.00217323812
322181,322188,325717,7,3529,2,7200,1.00198356475
322199,322206,325952,7,3746,2,7200,1.0018686599
322217,322224,325495,7,3271,2,7200,1.00214001834
322283,322290,325736,7,3446,2,7200,1.00203134068
322340,322348,326245,8,3897,2,7200,1.00205286118
322355,322362,326128,7,3766,2,7200,1.00185873606
322370,322377,325910,7,3533,2,7200,1.00198131899
322385,322392,325953,7,3561,2,7200,1.00196573996
322521,322528,325911,7,3383,2,7200,1.00206916938
322545,322552,326020,7,3468,2,7200,1.00201845444
322572,323318,323324,746,6,8,86400,75.2
322614,322621,326083,7,3462,2,7200,1.00202195263
322635,322642,326025,7,3383,2,7200,1.00206916938
322726,322733,326393,7,3660,2,7200,1.00191256831
322774,322781,326322,7,3541,2,7200,1.0019768427
322837,322844,326653,7,3809,2,7200,1.00183775269
322852,322859,326502,7,3643,2,7200,1.00192149327
322900,322907,326412,7,3505,2,7200,1.00199714693
322958,323340,325205,382,1865,2,3540,1.20482573727
323018,323025,326487,7,3462,2,7200,1.00202195263
323177,323186,326725,9,3539,2,7200,1.00254309127
323326,323333,326913,7,3580,2,7200,1.00195530726
323362,323369,326947,7,3578,2,7200,1.00195640022
323422,323429,326952,7,3523,2,7200,1.00198694295
323533,323542,326956,9,3414,2,7200,1.00263620387
323615,323623,327218,8,3595,2,7200,1.00222531293
323630,323637,327017,7,3380,2,7200,1.00207100592
323649,323657,327067,8,3410,2,7200,1.00234604106
323669,323677,327204,8,3527,2,7200,1.00226821661
323684,323692,327345,8,3653,2,7200,1.00218998084
323733,323740,327235,7,3495,2,7200,1.00200286123
323748,323755,327396,7,3641,2,7200,1.00192254875
323808,323815,327140,7,3325,2,7200,1.00210526316
323977,323984,327271,7,3287,2,7200,1.00212960146
324151,324159,324398,8,239,1,3840,1.03347280335
324152,324538,324691,386,153,4,15360,3.52287581699
324152,324292,324419,140,127,4,960,2.10236220472
324152,324431,324525,279,94,4,3840,3.96808510638
324152,324164,324338,12,174,1,15360,1.06896551724
324152,324350,324571,198,221,1,15360,1.89592760181
324153,324703,325374,550,671,4,15360,1.81967213115
324533,324545,328143,12,3598,2,7200,1.00333518621
324675,324682,328216,7,3534,2,7200,1.00198075835
324756,324763,328427,7,3664,2,7200,1.00191048035
324798,324805,328163,7,3358,2,7200,1.00208457415
324825,324832,328471,7,3639,2,7200,1.00192360539
324840,324847,328522,7,3675,2,7200,1.0019047619
324855,324862,328394,7,3532,2,7200,1.00198187995
324948,324956,328811,8,3855,2,7200,1.00207522698
325021,325028,328834,7,3806,2,7200,1.00183920126
325084,325090,328749,6,3659,2,7200,1.00163979229
325086,325098,328703,12,3605,2,7200,1.00332871012
325128,325135,328571,7,3436,2,7200,1.00203725262
325203,325210,325217,7,7,1,900,1.4
325232,325239,326984,7,1745,2,3540,1.00401146132
325346,325353,328783,7,3430,2,7200,1.00204081633
325361,325368,328902,7,3534,2,7200,1.00198075835
325371,325927,326065,556,138,4,960,5.02898550725
325388,325395,329002,7,3607,2,7200,1.00194067092
325403,325410,328989,7,3579,2,7200,1.00195585359
325484,325491,329062,7,3571,2,7200,1.00196023523
325499,325506,329094,7,3588,2,7200,1.0019509476
325623,325630,328862,7,3232,2,7200,1.00216584158
325720,325726,329256,6,3530,2,7200,1.00169971671
325738,325745,328934,7,3189,2,7200,1.00219504547
325913,325920,329444,7,3524,2,7200,1.00198637911
325914,325933,329356,19,3423,2,7200,1.00555068653
325953,325959,329470,6,3511,2,7200,1.00170891484
325955,325967,329406,12,3439,2,7200,1.00348938645
326021,326028,329750,7,3722,2,7200,1.0018807093
326036,326043,329615,7,3572,2,7200,1.00195968645
326084,326091,329687,7,3596,2,7200,1.00194660734
326129,326136,329550,7,3414,2,7200,1.00205038079
326247,326254,329747,7,3493,2,7200,1.00200400802
326322,326330,329655,8,3325,2,7200,1.00240601504
326395,326402,329980,7,3578,2,7200,1.00195640022
326413,326420,329883,7,3463,2,7200,1.00202136876
326488,326495,330089,7,3594,2,7200,1.0019476906
326503,326510,330047,7,3537,2,7200,1.00197907831
326654,326662,330135,8,3473,2,7200,1.00230348402
326726,326733,330100,7,3367,2,7200,1.00207900208
326916,326924,330396,8,3472,2,7200,1.00230414747
326949,326957,330539,8,3582,2,7200,1.00223338917
326964,326971,330518,7,3547,2,7200,1.00197349873
326966,326978,330812,12,3834,2,7200,1.00312989045
327001,327008,328773,7,1765,2,3540,1.00396600567
327017,327024,330625,7,3601,2,7200,1.00194390447
327068,327075,330556,7,3481,2,7200,1.0020109164
327132,327156,327179,24,23,1,3840,2.04347826087
327132,327162,327185,30,23,1,15360,2.30434782609
327141,327148,330657,7,3509,2,7200,1.00199487033
327204,327211,330698,7,3487,2,7200,1.00200745627
327219,327226,330705,7,3479,2,7200,1.00201207243
327224,327238,327413,14,175,1,3840,1.08
327224,495297,495356,168073,59,64,60,2849.69491525
327224,327233,327478,9,245,1,3840,1.03673469388
327224,327659,327791,435,132,4,960,4.29545454545
327224,381086,381156,53862,70,16,240,770.457142857
327225,327804,327926,579,122,4,960,5.74590163934
327225,327254,327457,29,203,1,3840,1.14285714286
327225,381174,381254,53949,80,16,240,675.3625
327225,495369,495426,168144,57,64,60,2950.89473684
327226,327363,327647,137,284,1,3840,1.4823943662
327226,327940,328083,714,143,4,960,5.99300699301
327226,495438,495497,168212,59,64,60,2852.05084746
327226,328095,328278,869,183,4,960,5.74863387978
327226,381266,381353,54040,87,16,240,622.149425287
327227,381366,381472,54139,106,16,240,511.745283019
327227,495509,495584,168282,75,64,60,2244.76
327237,327246,330874,9,3628,2,7200,1.00248070562
327273,327280,330810,7,3530,2,7200,1.00198300283
327349,327356,330667,7,3311,2,7200,1.0021141649
327397,327404,330675,7,3271,2,7200,1.00214001834
328146,328154,331569,8,3415,2,7200,1.00234260615
328164,328171,331691,7,3520,2,7200,1.00198863636
328219,328226,331595,7,3369,2,7200,1.00207776788
328397,328404,332124,7,3720,2,7200,1.00188172043
328430,328437,332241,7,3804,2,7200,1.00184016824
328472,328479,331965,7,3486,2,7200,1.00200803213
328523,328530,332183,7,3653,2,7200,1.00191623323
328571,328578,332180,7,3602,2,7200,1.0019433648
328704,328712,332119,8,3407,2,7200,1.00234810684
328750,328757,332425,7,3668,2,7200,1.00190839695
328782,328789,330638,7,1849,2,3540,1.00378583018
328786,328796,332447,10,3651,2,7200,1.00273897562
328813,328820,332394,7,3574,2,7200,1.00195858982
328837,328844,332562,7,3718,2,7200,1.00188273265
328864,328871,332352,7,3481,2,7200,1.0020109164
328903,328910,332523,7,3613,2,7200,1.0019374481
328936,328943,332261,7,3318,2,7200,1.00210970464
328990,328997,332344,7,3347,2,7200,1.00209142516
329005,329012,332562,7,3550,2,7200,1.00197183099
329062,329070,332532,8,3462,2,7200,1.002310803
329095,329103,332699,8,3596,2,7200,1.0022246941
329244,504965,591639,175721,86674,12,172800,3.02737845259
329259,329266,332818,7,3552,2,7200,1.00197072072
329358,329365,332857,7,3492,2,7200,1.0020045819
329406,329414,332825,8,3411,2,7200,1.00234535327
329445,329453,333303,8,3850,2,7200,1.00207792208
329472,329480,333016,8,3536,2,7200,1.00226244344
329551,329558,333280,7,3722,2,7200,1.0018807093
329617,329624,333037,7,3413,2,7200,1.00205098154
329656,336207,336222,6551,15,3,172800,437.733333333
329656,329663,333170,7,3507,2,7200,1.00199600798
329689,329696,333175,7,3479,2,7200,1.00201207243
329750,329757,333182,7,3425,2,7200,1.00204379562
329764,329772,333454,8,3682,2,7200,1.00217273221
329885,329892,333632,7,3740,2,7200,1.00187165775
329982,329989,333681,7,3692,2,7200,1.00189599133
330048,330055,333762,7,3707,2,7200,1.0018883194
330090,330097,333644,7,3547,2,7200,1.00197349873
330105,330112,333841,7,3729,2,7200,1.00187717887
330135,330142,333752,7,3610,2,7200,1.00193905817
330398,330405,333994,7,3589,2,7200,1.00195040401
330519,330526,334185,7,3659,2,7200,1.00191309101
330540,330547,333960,7,3413,2,7200,1.00205098154
330558,330565,333716,7,3151,2,7200,1.00222151698
330627,330634,334184,7,3550,2,7200,1.00197183099
330638,330645,330652,7,7,1,900,1.4
330657,330664,334066,7,3402,2,7200,1.00205761317
330660,330672,331260,12,588,2,3540,1.02040816327
330672,330679,334154,7,3475,2,7200,1.00201438849
330687,330694,334198,7,3504,2,7200,1.00199771689
330702,330709,334080,7,3371,2,7200,1.00207653515
330716,330724,334265,8,3541,2,7200,1.0022592488
330810,330817,334039,7,3222,2,7200,1.00217256363
330825,330832,334392,7,3560,2,7200,1.00196629213
330876,330883,334182,7,3299,2,7200,1.00212185511
331571,331578,335122,7,3544,2,7200,1.0019751693
331595,331602,335092,7,3490,2,7200,1.00200573066
331692,331699,335183,7,3484,2,7200,1.00200918485
331966,331973,335646,7,3673,2,7200,1.00190579907
332120,332127,335761,7,3634,2,7200,1.00192625206
332135,332142,335716,7,3574,2,7200,1.00195858982
332183,332190,335624,7,3434,2,7200,1.00203843914
332198,332205,335775,7,3570,2,7200,1.00196078431
332243,332250,335844,7,3594,2,7200,1.0019476906
332261,332268,335911,7,3643,2,7200,1.00192149327
332345,332353,335881,8,3528,2,7200,1.0022675737
332360,332367,335862,7,3495,2,7200,1.00200286123
332396,332403,335945,7,3542,2,7200,1.00197628458
332426,332433,336006,7,3573,2,7200,1.00195913798
332447,332453,335908,6,3455,2,7200,1.0017366136
332526,332533,336169,7,3636,2,7200,1.00192519252
332540,332547,336102,7,3555,2,7200,1.00196905767
332565,332572,336182,7,3610,2,7200,1.00193905817
332566,332580,336195,14,3615,2,7200,1.00387275242
332693,332700,336148,7,3448,2,7200,1.00203016241
332819,332828,336453,9,3625,2,7200,1.00248275862
332834,332841,336265,7,3424,2,7200,1.00204439252
332858,332865,336469,7,3604,2,7200,1.00194228635
333019,333027,336438,8,3411,2,7200,1.00234535327
333039,333047,336517,8,3470,2,7200,1.0023054755
333172,333180,337030,8,3850,2,7200,1.00207792208
333187,333194,336733,7,3539,2,7200,1.00197795988
333189,333201,336599,12,3398,2,7200,1.00353148911
333282,333289,336904,7,3615,2,7200,1.00193637621
333303,333310,336872,7,3562,2,7200,1.0019651881
333456,333464,337030,8,3566,2,7200,1.00224340998
333634,333641,337232,7,3591,2,7200,1.00194931774
333649,333656,337436,7,3780,2,7200,1.00185185185
333682,333689,337247,7,3558,2,7200,1.00196739741
333718,333726,337277,8,3551,2,7200,1.00225288651
333754,333762,337300,8,3538,2,7200,1.0022611645
333769,333776,337272,7,3496,2,7200,1.00200228833
333842,333849,337559,7,3710,2,7200,1.00188679245
333962,333969,337561,7,3592,2,7200,1.00194877506
333995,334002,337877,7,3875,2,7200,1.00180645161
334040,334048,337574,8,3526,2,7200,1.0022688599
334067,334075,337801,8,3726,2,7200,1.00214707461
334082,334089,337763,7,3674,2,7200,1.00190528035
334155,334162,337758,7,3596,2,7200,1.00194660734
334185,334192,337682,7,3490,2,7200,1.00200573066
334186,334200,337766,14,3566,2,7200,1.00392596747
334188,334205,337696,17,3491,2,7200,1.00486966485
334203,334212,338044,9,3832,2,7200,1.00234864301
334266,334273,337790,7,3517,2,7200,1.00199033267
334393,334400,338295,7,3895,2,7200,1.00179717587
335095,335103,338293,8,3190,2,7200,1.00250783699
335122,335129,338638,7,3509,2,7200,1.00199487033
335185,335192,338513,7,3321,2,7200,1.00210779886
335626,335633,339029,7,3396,2,7200,1.00206124853
335647,335654,339225,7,3571,2,7200,1.00196023523
335717,335725,339380,8,3655,2,7200,1.00218878249
335763,335770,339224,7,3454,2,7200,1.00202663578
335777,335785,339132,8,3347,2,7200,1.00239020018
335844,335851,339422,7,3571,2,7200,1.00196023523
335865,335872,339472,7,3600,2,7200,1.00194444444
335883,335890,339453,7,3563,2,7200,1.00196463654
335910,335918,339222,8,3304,2,7200,1.00242130751
335912,335926,339352,14,3426,2,7200,1.00408639813
335948,335955,339419,7,3464,2,7200,1.00202078522
336008,336016,339601,8,3585,2,7200,1.00223152022
336102,336109,339737,7,3628,2,7200,1.00192943771
336150,336157,339731,7,3574,2,7200,1.00195858982
336171,336178,339733,7,3555,2,7200,1.00196905767
336186,336193,339711,7,3518,2,7200,1.00198976691
336201,336214,339746,13,3532,2,7200,1.0036806342
336268,336275,339851,7,3576,2,7200,1.00195749441
336440,336448,340033,8,3585,2,7200,1.00223152022
336455,336463,339976,8,3513,2,7200,1.00227725591
336470,336477,339912,7,3435,2,7200,1.00203784571
336519,336525,340138,6,3613,2,7200,1.0016606698
336555,336614,338393,59,1779,2,18000,1.03316469927
336600,336607,340250,7,3643,2,7200,1.00192149327
336736,336743,340260,7,3517,2,7200,1.00199033267
336875,336882,340461,7,3579,2,7200,1.00195585359
336905,336912,340348,7,3436,2,7200,1.00203725262
337023,337082,427107,59,90025,1,90000,1.00065537351
337032,337039,340465,7,3426,2,7200,1.00204319907
337033,337046,340549,13,3503,2,7200,1.00371110477
337151,337289,391294,138,54005,1,54000,1.00255531895
337232,337239,340779,7,3540,2,7200,1.00197740113
337247,337254,340632,7,3378,2,7200,1.00207223209
337274,337282,340949,8,3667,2,7200,1.00218161985
337289,337296,340929,7,3633,2,7200,1.00192678227
337304,337311,340733,7,3422,2,7200,1.00204558738
337438,337445,341219,7,3774,2,7200,1.00185479597
337562,337569,341095,7,3526,2,7200,1.00198525241
337563,337577,341363,14,3786,2,7200,1.00369783413
337578,337585,341083,7,3498,2,7200,1.00200114351
337683,337690,341233,7,3543,2,7200,1.00197572679
337698,337705,341294,7,3589,2,7200,1.00195040401
337758,337766,341177,8,3411,2,7200,1.00234535327
337773,337781,341086,8,3305,2,7200,1.00242057489
337775,337788,341149,13,3361,2,7200,1.00386789646
337793,337800,341216,7,3416,2,7200,1.00204918033
337808,337814,341273,6,3459,2,7200,1.00173460538
337880,337887,341289,7,3402,2,7200,1.00205761317
338046,338053,341575,7,3522,2,7200,1.0019875071
338294,338301,341680,7,3379,2,7200,1.00207161882
338308,338316,341943,8,3627,2,7200,1.00220567963
338514,338521,341976,7,3455,2,7200,1.0020260492
338638,338645,342104,7,3459,2,7200,1.00202370627
339031,339038,342568,7,3530,2,7200,1.00198300283
339134,339141,342655,7,3514,2,7200,1.00199203187
339225,339233,342743,8,3510,2,7200,1.00227920228
339226,339241,342674,15,3433,2,7200,1.00436935625
339241,339248,342880,7,3632,2,7200,1.00192731278
339353,339360,342858,7,3498,2,7200,1.00200114351
339383,339390,343156,7,3766,2,7200,1.00185873606
339419,339426,342717,7,3291,2,7200,1.00212701307
339434,339441,342990,7,3549,2,7200,1.00197238659
339455,339462,343035,7,3573,2,7200,1.00195913798
339473,339480,342953,7,3473,2,7200,1.00201554852
339603,339610,343199,7,3589,2,7200,1.00195040401
339711,339718,343208,7,3490,2,7200,1.00200573066
339732,339739,343280,7,3541,2,7200,1.0019768427
339748,339755,343360,7,3605,2,7200,1.00194174757
339749,339762,343225,13,3463,2,7200,1.00375397055
339750,339768,343239,18,3471,2,7200,1.00518582541
339853,339860,343491,7,3631,2,7200,1.00192784357
339913,339920,343386,7,3466,2,7200,1.00201961916
339977,339984,343506,7,3522,2,7200,1.0019875071
340034,340041,343900,7,3859,2,7200,1.00181394144
340140,340147,343736,7,3589,2,7200,1.00195040401
340252,340259,343562,7,3303,2,7200,1.0021192855
340267,340274,343724,7,3450,2,7200,1.00202898551
340348,340355,343880,7,3525,2,7200,1.0019858156
340463,340469,344016,6,3547,2,7200,1.00169157034
340478,340485,344183,7,3698,2,7200,1.00189291509
340550,340557,343960,7,3403,2,7200,1.00205700852
340635,340642,344198,7,3556,2,7200,1.00196850394
340734,340741,344512,7,3771,2,7200,1.00185627155
340779,340786,344235,7,3449,2,7200,1.00202957379
340930,340937,344229,7,3292,2,7200,1.00212636695
340951,340958,344440,7,3482,2,7200,1.00201033889
341084,341091,344545,7,3454,2,7200,1.00202663578
341099,341106,344853,7,3747,2,7200,1.0018681612
341101,341113,344846,12,3733,2,7200,1.00321457273
341152,341159,344723,7,3564,2,7200,1.0019640853
341179,341186,344703,7,3517,2,7200,1.00199033267
341218,341225,344668,7,3443,2,7200,1.00203311066
341219,341233,345007,14,3774,2,7200,1.00370959194
341235,341242,344770,7,3528,2,7200,1.00198412698
341274,341281,344787,7,3506,2,7200,1.0019965773
341292,341299,344907,7,3608,2,7200,1.00194013304
341307,341314,344726,7,3412,2,7200,1.00205158265
341364,341371,344980,7,3609,2,7200,1.00193959546
341578,341585,344941,7,3356,2,7200,1.00208581645
341681,341688,345230,7,3542,2,7200,1.00197628458
341943,341951,345239,8,3288,2,7200,1.00243309002
341977,341984,345211,7,3227,2,7200,1.0021691974
342106,342113,345903,7,3790,2,7200,1.0018469657
342569,342576,346094,7,3518,2,7200,1.00198976691
342656,342663,346136,7,3473,2,7200,1.00201554852
342677,342684,345935,7,3251,2,7200,1.00215318364
342719,342726,346472,7,3746,2,7200,1.0018686599
342746,342753,346553,7,3800,2,7200,1.00184210526
342861,342868,346215,7,3347,2,7200,1.00209142516
342882,342889,346522,7,3633,2,7200,1.00192678227
342954,342961,346864,7,3903,2,7200,1.00179349219
342990,342997,346561,7,3564,2,7200,1.0019640853
343035,343042,346605,7,3563,2,7200,1.00196463654
343156,343163,346823,7,3660,2,7200,1.00191256831
343201,343208,346962,7,3754,2,7200,1.00186467768
343216,343223,346790,7,3567,2,7200,1.00196243342
343231,343239,346904,8,3665,2,7200,1.00218281037
343246,343253,346841,7,3588,2,7200,1.0019509476
343282,343288,346765,6,3477,2,7200,1.00172562554
343360,343367,347003,7,3636,2,7200,1.00192519252
343387,343394,346924,7,3530,2,7200,1.00198300283
343493,343500,347171,7,3671,2,7200,1.00190683737
343508,343515,347075,7,3560,2,7200,1.00196629213
343562,343569,347338,7,3769,2,7200,1.00185725657
343725,343732,347076,7,3344,2,7200,1.00209330144
343740,343747,347378,7,3631,2,7200,1.00192784357
343882,343889,347593,7,3704,2,7200,1.00188984881
343900,343907,347218,7,3311,2,7200,1.0021141649
343960,343967,347393,7,3426,2,7200,1.00204319907
344017,344025,347625,8,3600,2,7200,1.00222222222
344184,344191,347904,7,3713,2,7200,1.00188526798
344198,344206,347748,8,3542,2,7200,1.00225861095
344232,344239,347770,7,3531,2,7200,1.00198244123
344247,344254,347763,7,3509,2,7200,1.00199487033
344440,344447,347989,7,3542,2,7200,1.00197628458
344512,344519,348118,7,3599,2,7200,1.00194498472
344545,344552,348419,7,3867,2,7200,1.00181018878
344669,344676,348347,7,3671,2,7200,1.00190683737
344705,344712,348445,7,3733,2,7200,1.00187516743
344723,344730,348235,7,3505,2,7200,1.00199714693
344738,344745,348365,7,3620,2,7200,1.00193370166
344771,344778,348352,7,3574,2,7200,1.00195858982
344789,344796,348269,7,3473,2,7200,1.00201554852
344846,344852,348463,6,3611,2,7200,1.00166158959
344861,344868,348606,7,3738,2,7200,1.00187265918
344909,344916,348710,7,3794,2,7200,1.00184501845
344942,344949,348346,7,3397,2,7200,1.00206064174
344981,344988,348620,7,3632,2,7200,1.00192731278
345008,345015,348535,7,3520,2,7200,1.00198863636
345213,345220,348642,7,3422,2,7200,1.00204558738
345231,345238,348656,7,3418,2,7200,1.00204798128
345246,345255,348843,9,3588,2,7200,1.0025083612
345905,345912,349640,7,3728,2,7200,1.0018776824
345935,345942,349627,7,3685,2,7200,1.00189959294
346095,346103,349634,8,3531,2,7200,1.00226564713
346138,346145,349626,7,3481,2,7200,1.0020109164
346216,346223,349658,7,3435,2,7200,1.00203784571
346472,346480,350129,8,3649,2,7200,1.00219238147
346524,346531,350068,7,3537,2,7200,1.00197907831
346553,346561,350054,8,3493,2,7200,1.00229029488
346568,346575,350283,7,3708,2,7200,1.00188781014
346607,346614,350237,7,3623,2,7200,1.00193210047
346767,346775,350243,8,3468,2,7200,1.00230680507
346791,346798,350242,7,3444,2,7200,1.00203252033
346824,346832,350363,8,3531,2,7200,1.00226564713
346842,346849,350337,7,3488,2,7200,1.00200688073
346850,348252,348269,1402,17,3,172800,83.4705882353
346866,346873,350329,7,3456,2,7200,1.00202546296
346905,346913,350417,8,3504,2,7200,1.00228310502
346926,346934,350338,8,3404,2,7200,1.00235017626
346963,346970,350426,7,3456,2,7200,1.00202546296
347005,347012,350648,7,3636,2,7200,1.00192519252
347077,347085,350511,8,3426,2,7200,1.00233508465
347079,347092,350736,13,3644,2,7200,1.00356750823
347172,347179,350757,7,3578,2,7200,1.00195640022
347220,347228,350902,8,3674,2,7200,1.00217746326
347341,347348,350807,7,3459,2,7200,1.00202370627
347380,347387,350889,7,3502,2,7200,1.0019988578
347395,347402,350919,7,3517,2,7200,1.00199033267
347595,347602,351146,7,3544,2,7200,1.0019751693
347625,347632,350976,7,3344,2,7200,1.00209330144
347749,347756,351294,7,3538,2,7200,1.00197851894
347764,347771,351304,7,3533,2,7200,1.00198131899
347779,347786,351231,7,3445,2,7200,1.00203193033
347905,347912,351458,7,3546,2,7200,1.00197405527
347990,347997,351411,7,3414,2,7200,1.00205038079
348119,348126,351799,7,3673,2,7200,1.00190579907
348237,348244,351805,7,3561,2,7200,1.00196573996
348270,348279,351880,9,3601,2,7200,1.00249930575
348348,348356,351853,8,3497,2,7200,1.00228767515
348350,348363,351910,13,3547,2,7200,1.00366506907
348365,348372,351927,7,3555,2,7200,1.00196905767
348366,348379,352162,13,3783,2,7200,1.00343642612
348420,348428,352111,8,3683,2,7200,1.00217214228
348447,348455,351930,8,3475,2,7200,1.00230215827
348465,348473,351769,8,3296,2,7200,1.00242718447
348538,348546,352187,8,3641,2,7200,1.00219719857
348607,348614,352074,7,3460,2,7200,1.00202312139
348622,348629,352086,7,3457,2,7200,1.00202487706
348643,348650,351981,7,3331,2,7200,1.00210147103
348658,348665,352276,7,3611,2,7200,1.00193852119
348712,348719,352264,7,3545,2,7200,1.00197461213
348845,348852,352553,7,3701,2,7200,1.00189138071
349627,349634,353005,7,3371,2,7200,1.00207653515
349628,349642,353031,14,3389,2,7200,1.0041310121
349643,349650,353076,7,3426,2,7200,1.00204319907
349645,349658,353553,13,3895,2,7200,1.00333761232
349660,349667,353174,7,3507,2,7200,1.00199600798
350055,350062,353517,7,3455,2,7200,1.0020260492
350070,350077,353365,7,3288,2,7200,1.00212895377
350130,350137,353713,7,3576,2,7200,1.00195749441
350239,350246,353920,7,3674,2,7200,1.00190528035
350254,350261,353822,7,3561,2,7200,1.00196573996
350255,350269,353887,14,3618,2,7200,1.00386954118
350285,350292,353725,7,3433,2,7200,1.00203903292
350330,350337,353928,7,3591,2,7200,1.00194931774
350345,350353,353960,8,3607,2,7200,1.00221790962
350347,350360,354014,13,3654,2,7200,1.00355774494
350365,350372,353818,7,3446,2,7200,1.00203134068
350419,350426,353942,7,3516,2,7200,1.00199089875
350434,350441,353930,7,3489,2,7200,1.00200630553
350513,350520,354286,7,3766,2,7200,1.00185873606
350551,369528,628778,18977,259250,8,259200,1.07319961427
350651,350658,354296,7,3638,2,7200,1.00192413414
350739,350746,354349,7,3603,2,7200,1.00194282542
350757,350764,354415,7,3651,2,7200,1.00191728294
350808,350815,354316,7,3501,2,7200,1.00199942873
350890,350897,354635,7,3738,2,7200,1.00187265918
350898,394428,653634,43530,259206,8,259200,1.16793592741
350905,350912,354422,7,3510,2,7200,1.00199430199
350920,350927,354544,7,3617,2,7200,1.0019353055
350977,350984,354718,7,3734,2,7200,1.00187466524
351146,351153,354947,7,3794,2,7200,1.00184501845
351233,351241,354877,8,3636,2,7200,1.00220022002
351297,351304,354837,7,3533,2,7200,1.00198131899
351312,351319,354890,7,3571,2,7200,1.00196023523
351414,351422,355157,8,3735,2,7200,1.00214190094
351460,351467,355076,7,3609,2,7200,1.00193959546
351770,351777,355197,7,3420,2,7200,1.00204678363
351800,351807,355333,7,3526,2,7200,1.00198525241
351815,351822,355428,7,3606,2,7200,1.0019412091
351854,351861,355513,7,3652,2,7200,1.00191675794
351881,351888,355473,7,3585,2,7200,1.0019525802
351911,351918,355407,7,3489,2,7200,1.00200630553
351929,351936,355602,7,3666,2,7200,1.00190943808
351944,351951,355562,7,3611,2,7200,1.00193852119
351983,351990,355532,7,3542,2,7200,1.00197628458
352074,352081,355676,7,3595,2,7200,1.00194714882
352089,352096,355629,7,3533,2,7200,1.00198131899
352113,352120,355589,7,3469,2,7200,1.00201787259
352164,352171,355599,7,3428,2,7200,1.002042007
352188,352195,355554,7,3359,2,7200,1.00208395356
352266,352273,355948,7,3675,2,7200,1.0019047619
352281,352288,355900,7,3612,2,7200,1.0019379845
352554,352561,355981,7,3420,2,7200,1.00204678363
352739,501832,761047,149093,259215,8,259200,1.57517118994
352863,503829,763061,150966,259232,8,259200,1.58235865942
353008,353015,356582,7,3567,2,7200,1.00196243342
353032,353039,356586,7,3547,2,7200,1.00197349873
353077,353084,356537,7,3453,2,7200,1.0020272227
353176,353184,356900,8,3716,2,7200,1.00215285253
353366,353373,357074,7,3701,2,7200,1.00189138071
353520,353528,357244,8,3716,2,7200,1.00215285253
353553,353560,357096,7,3536,2,7200,1.00197963801
353713,353721,357221,8,3500,2,7200,1.00228571429
353728,353735,357341,7,3606,2,7200,1.0019412091
353818,353826,357407,8,3581,2,7200,1.00223401285
353833,353840,357490,7,3650,2,7200,1.00191780822
353888,353895,357439,7,3544,2,7200,1.0019751693
353921,353928,357498,7,3570,2,7200,1.00196078431
353936,353943,357363,7,3420,2,7200,1.00204678363
353937,353950,357615,13,3665,2,7200,1.00354706685
353952,353961,357412,9,3451,2,7200,1.00260793973
353967,353974,357551,7,3577,2,7200,1.00195694716
354015,354022,357690,7,3668,2,7200,1.00190839695
354287,354295,358083,8,3788,2,7200,1.00211193242
354302,354309,358118,7,3809,2,7200,1.00183775269
354317,354325,357945,8,3620,2,7200,1.00220994475
354350,354357,357832,7,3475,2,7200,1.00201438849
354417,354424,358126,7,3702,2,7200,1.0018908698
354418,354432,357991,14,3559,2,7200,1.00393368924
354545,354552,358389,7,3837,2,7200,1.00182434193
354636,354643,358142,7,3499,2,7200,1.00200057159
354720,354728,358538,8,3810,2,7200,1.00209973753
354838,354846,358360,8,3514,2,7200,1.00227660785
354877,354884,358261,7,3377,2,7200,1.00207284572
354892,354899,358573,7,3674,2,7200,1.00190528035
354949,354956,358377,7,3421,2,7200,1.00204618533
355079,355086,358661,7,3575,2,7200,1.00195804196
355157,355165,358767,8,3602,2,7200,1.00222098834
355199,355207,358831,8,3624,2,7200,1.00220750552
355335,355343,358866,8,3523,2,7200,1.00227079194
355407,355414,359131,7,3717,2,7200,1.00188323917
355428,355435,359097,7,3662,2,7200,1.00191152376
355473,355481,359070,8,3589,2,7200,1.00222903316
355516,355523,358993,7,3470,2,7200,1.00201729107
355534,355541,359235,7,3694,2,7200,1.00189496481
355555,355562,359154,7,3592,2,7200,1.00194877506
355570,355577,359270,7,3693,2,7200,1.00189547793
355591,355598,359175,7,3577,2,7200,1.00195694716
355606,355614,359198,8,3584,2,7200,1.00223214286
355607,355619,359197,12,3578,2,7200,1.00335382895
355631,355639,359190,8,3551,2,7200,1.00225288651
355674,355681,359193,7,3512,2,7200,1.00199316629
355901,355908,359540,7,3632,2,7200,1.00192731278
355949,355956,359407,7,3451,2,7200,1.00202839757
355982,355989,359587,7,3598,2,7200,1.00194552529
356539,356546,360123,7,3577,2,7200,1.00195694716
356584,356591,360188,7,3597,2,7200,1.00194606617
356599,356605,360228,6,3623,2,7200,1.00165608612
356900,356907,360467,7,3560,2,7200,1.00196629213
357075,357082,360548,7,3466,2,7200,1.00201961916
357096,357103,360778,7,3675,2,7200,1.0019047619
357223,357231,360888,8,3657,2,7200,1.00218758545
357247,357254,360582,7,3328,2,7200,1.00210336538
357343,357351,360589,8,3238,2,7200,1.0024706609
357364,357371,360943,7,3572,2,7200,1.00195968645
357409,357417,361020,8,3603,2,7200,1.00222037191
357424,357431,361203,7,3772,2,7200,1.00185577943
357439,357446,360963,7,3517,2,7200,1.00199033267
357490,357498,361022,8,3524,2,7200,1.00227014756
357505,357513,361039,8,3526,2,7200,1.0022688599
357553,357560,361233,7,3673,2,7200,1.00190579907
357617,357624,361234,7,3610,2,7200,1.00193905817
357692,357699,361268,7,3569,2,7200,1.00196133371
357834,357841,361168,7,3327,2,7200,1.0021039976
357946,357953,361532,7,3579,2,7200,1.00195585359
357994,358001,361626,7,3625,2,7200,1.00193103448
358084,358091,361487,7,3396,2,7200,1.00206124853
358120,358128,361976,8,3848,2,7200,1.00207900208
358135,358142,361673,7,3531,2,7200,1.00198244123
358150,358157,361529,7,3372,2,7200,1.00207591934
358262,358269,362071,7,3802,2,7200,1.00184113624
358362,358369,361781,7,3412,2,7200,1.00205158265
358379,358387,362207,8,3820,2,7200,1.00209424084
358394,358401,361908,7,3507,2,7200,1.00199600798
358540,358548,361900,8,3352,2,7200,1.00238663484
358576,358583,362201,7,3618,2,7200,1.00193477059
358663,358670,362521,7,3851,2,7200,1.00181770969
358768,358776,362586,8,3810,2,7200,1.00209973753
358832,358839,362437,7,3598,2,7200,1.00194552529
358868,358876,362444,8,3568,2,7200,1.00224215247
358995,359002,362774,7,3772,2,7200,1.00185577943
359073,359080,362352,7,3272,2,7200,1.0021393643
359100,359107,362670,7,3563,2,7200,1.00196463654
359133,359140,362340,7,3200,2,7200,1.0021875
359157,359164,362533,7,3369,2,7200,1.00207776788
359178,359185,362703,7,3518,2,7200,1.00198976691
359193,359201,362932,8,3731,2,7200,1.00214419727
359195,359209,362506,14,3297,2,7200,1.0042462845
359210,359217,362953,7,3736,2,7200,1.00187366167
359211,359223,362737,12,3514,2,7200,1.00341491178
359235,359242,362809,7,3567,2,7200,1.00196243342
359271,359279,362802,8,3523,2,7200,1.00227079194
359407,359415,362969,8,3554,2,7200,1.00225098481
359543,359550,363011,7,3461,2,7200,1.00202253684
359588,359595,363224,7,3629,2,7200,1.00192890603
360124,360131,364059,7,3928,2,7200,1.00178207739
360190,360197,363786,7,3589,2,7200,1.00195040401
360229,360236,363819,7,3583,2,7200,1.00195367011
360467,360474,364042,7,3568,2,7200,1.00196188341
360552,360559,364153,7,3594,2,7200,1.0019476906
360585,360592,364219,7,3627,2,7200,1.00192996967
360600,360608,364011,8,3403,2,7200,1.00235086688
360781,360790,364180,9,3390,2,7200,1.00265486726
360890,360898,364375,8,3477,2,7200,1.00230083405
360944,360951,364456,7,3505,2,7200,1.00199714693
360965,360972,364424,7,3452,2,7200,1.00202780997
361022,361030,364690,8,3660,2,7200,1.00218579235
361024,361037,364738,13,3701,2,7200,1.00351256417
361042,361049,364632,7,3583,2,7200,1.00195367011
361169,361176,364776,7,3600,2,7200,1.00194444444
361205,361212,364753,7,3541,2,7200,1.0019768427
361235,361242,364846,7,3604,2,7200,1.00194228635
361237,361250,364641,13,3391,2,7200,1.00383367738
361270,361277,364868,7,3591,2,7200,1.00194931774
361488,361495,364849,7,3354,2,7200,1.00208706023
361530,361537,364897,7,3360,2,7200,1.00208333333
361544,361552,365091,8,3539,2,7200,1.00226052557
361626,361633,365179,7,3546,2,7200,1.00197405527
361674,361681,365281,7,3600,2,7200,1.00194444444
361783,361790,365480,7,3690,2,7200,1.00189701897
361901,361908,365436,7,3528,2,7200,1.00198412698
361916,361923,365343,7,3420,2,7200,1.00204678363
361976,361983,365564,7,3581,2,7200,1.00195476124
362073,362080,365582,7,3502,2,7200,1.0019988578
362202,362210,365730,8,3520,2,7200,1.00227272727
362217,362224,365802,7,3578,2,7200,1.00195640022
362341,362348,366001,7,3653,2,7200,1.00191623323
362356,362363,366000,7,3637,2,7200,1.00192466318
362440,362447,365992,7,3545,2,7200,1.00197461213
362456,362463,365977,7,3514,2,7200,1.00199203187
362507,362514,366125,7,3611,2,7200,1.00193852119
362522,362529,365944,7,3415,2,7200,1.00204978038
362537,362544,365929,7,3385,2,7200,1.00206794682
362588,362595,366140,7,3545,2,7200,1.00197461213
362672,362680,366296,8,3616,2,7200,1.00221238938
362706,362713,366257,7,3544,2,7200,1.0019751693
362739,362746,366248,7,3502,2,7200,1.0019988578
362775,362782,366395,7,3613,2,7200,1.0019374481
362802,362809,366503,7,3694,2,7200,1.00189496481
362817,362824,366400,7,3576,2,7200,1.00195749441
362935,362942,366661,7,3719,2,7200,1.0018822264
362956,362963,366479,7,3516,2,7200,1.00199089875
362971,362978,366613,7,3635,2,7200,1.00192572215
363013,363020,366676,7,3656,2,7200,1.00191466083
363224,363232,367022,8,3790,2,7200,1.00211081794
363787,363795,367353,8,3558,2,7200,1.00224845419
363820,363827,367353,7,3526,2,7200,1.00198525241
364014,364020,367570,6,3550,2,7200,1.00169014085
364044,364051,367457,7,3406,2,7200,1.00205519671
364062,364069,367703,7,3634,2,7200,1.00192625206
364155,364163,367854,8,3691,2,7200,1.0021674343
364182,364189,367533,7,3344,2,7200,1.00209330144
364221,364229,367634,8,3405,2,7200,1.00234948605
364375,364383,367800,8,3417,2,7200,1.002341235
364426,364434,368124,8,3690,2,7200,1.00216802168
364456,364463,367949,7,3486,2,7200,1.00200803213
364632,364640,368101,8,3461,2,7200,1.00231147067
364647,364653,368134,6,3481,2,7200,1.00172364263
364692,364699,368124,7,3425,2,7200,1.00204379562
364740,364747,368359,7,3612,2,7200,1.0019379845
364755,364762,368199,7,3437,2,7200,1.00203665988
364779,364786,368219,7,3433,2,7200,1.00203903292
364848,364855,368263,7,3408,2,7200,1.00205399061
364863,364870,368478,7,3608,2,7200,1.00194013304
364878,364885,368487,7,3602,2,7200,1.0019433648
364900,364907,368281,7,3374,2,7200,1.0020746888
365090,365097,368545,7,3448,2,7200,1.00203016241
365181,365188,368935,7,3747,2,7200,1.0018681612
365283,365291,368851,8,3560,2,7200,1.00224719101
365344,365351,369062,7,3711,2,7200,1.00188628402
365437,365445,368852,8,3407,2,7200,1.00234810684
365483,365490,369208,7,3718,2,7200,1.00188273265
365565,365572,368884,7,3312,2,7200,1.00211352657
365583,365590,369031,7,3441,2,7200,1.00203429236
365714,365722,365740,8,18,2,7200,1.44444444444
365731,365738,369331,7,3593,2,7200,1.00194823267
365803,365810,369237,7,3427,2,7200,1.00204260286
365809,365817,365833,8,16,2,7200,1.5
365930,365937,369560,7,3623,2,7200,1.00193210047
365945,365952,369505,7,3553,2,7200,1.00197016606
365978,365985,369701,7,3716,2,7200,1.00188374596
365993,366000,369628,7,3628,2,7200,1.00192943771
366008,366015,369513,7,3498,2,7200,1.00200114351
366009,366022,369516,13,3494,2,7200,1.003720664
366127,366134,369916,7,3782,2,7200,1.00185087255
366133,366141,366155,8,14,1,600,1.57142857143
366142,366150,369715,8,3565,2,7200,1.00224403927
366205,366212,366269,7,57,1,600,1.12280701754
366251,366259,369672,8,3413,2,7200,1.0023439789
366266,366274,369882,8,3608,2,7200,1.0022172949
366296,366303,369764,7,3461,2,7200,1.00202253684
366303,366311,366370,8,59,1,600,1.13559322034
366396,366403,369904,7,3501,2,7200,1.00199942873
366408,366416,366564,8,148,1,600,1.05405405405
366411,366423,369907,12,3484,2,7200,1.00344431688
366480,366488,370070,8,3582,2,7200,1.00223338917
366504,366511,370108,7,3597,2,7200,1.00194606617
366613,366620,370363,7,3743,2,7200,1.00187015763
366664,366672,370121,8,3449,2,7200,1.0023195129
366679,366686,369998,7,3312,2,7200,1.00211352657
367023,367031,370298,8,3267,2,7200,1.00244872972
367354,367361,371020,7,3659,2,7200,1.00191309101
367355,367369,370733,14,3364,2,7200,1.00416171225
367458,367466,371191,8,3725,2,7200,1.00214765101
367536,367544,370980,8,3436,2,7200,1.00232828871
367572,367580,371117,8,3537,2,7200,1.00226180379
367613,367620,368171,7,551,2,600,1.01270417423
367635,367643,371070,8,3427,2,7200,1.00233440327
367705,367712,371267,7,3555,2,7200,1.00196905767
367801,367809,371300,8,3491,2,7200,1.00229160699
367856,367863,371381,7,3518,2,7200,1.00198976691
367949,367956,371398,7,3442,2,7200,1.00203370134
368103,368111,371700,8,3589,2,7200,1.00222903316
368125,368132,371625,7,3493,2,7200,1.00200400802
368126,368140,371772,14,3632,2,7200,1.00385462555
368141,368149,371748,8,3599,2,7200,1.00222283968
368201,368208,371567,7,3359,2,7200,1.00208395356
368219,368226,371822,7,3596,2,7200,1.00194660734
368233,368240,368597,7,357,3,600,1.01960784314
368264,368272,371860,8,3588,2,7200,1.0022296544
368282,368289,371922,7,3633,2,7200,1.00192678227
368361,368368,371988,7,3620,2,7200,1.00193370166
368479,368487,372147,8,3660,2,7200,1.00218579235
368494,368500,372175,6,3675,2,7200,1.00163265306
368548,368556,372158,8,3602,2,7200,1.00222098834
368613,368621,369261,8,640,3,600,1.0125
368853,368861,372283,8,3422,2,7200,1.00233781414
368854,368868,372456,14,3588,2,7200,1.00390189521
368887,368895,372592,8,3697,2,7200,1.00216391669
368936,368943,372537,7,3594,2,7200,1.0019476906
369032,369040,372563,8,3523,2,7200,1.00227079194
369062,369069,372676,7,3607,2,7200,1.00194067092
369210,369217,372887,7,3670,2,7200,1.00190735695
369240,369249,372741,9,3492,2,7200,1.00257731959
369331,369338,372793,7,3455,2,7200,1.0020260492
369506,369514,373119,8,3605,2,7200,1.00221914008
369522,369534,372962,12,3428,2,7200,1.00350058343
369523,369541,373199,18,3658,2,7200,1.00492072171
369562,369569,373031,7,3462,2,7200,1.00202195263
369629,369636,373180,7,3544,2,7200,1.0019751693
369674,369681,373133,7,3452,2,7200,1.00202780997
369704,369710,373244,6,3534,2,7200,1.00169779287
369705,369920,369937,215,17,3,600,13.6470588235
369719,369725,373274,6,3549,2,7200,1.00169061708
369764,369771,373359,7,3588,2,7200,1.0019509476
369886,369893,373449,7,3556,2,7200,1.00196850394
369904,369911,373333,7,3422,2,7200,1.00204558738
369919,369927,373491,8,3564,2,7200,1.00224466891
369920,369933,373358,13,3425,2,7200,1.00379562044
369999,370006,373584,7,3578,2,7200,1.00195640022
370071,370078,373377,7,3299,2,7200,1.00212185511
370111,370117,373594,6,3477,2,7200,1.00172562554
370126,370133,373628,7,3495,2,7200,1.00200286123
370301,370307,373860,6,3553,2,7200,1.00168871376
370364,370371,373889,7,3518,2,7200,1.00198976691
370735,370742,374394,7,3652,2,7200,1.00191675794
370983,370990,374769,7,3779,2,7200,1.00185234189
371022,371029,374680,7,3651,2,7200,1.00191728294
371073,371080,374633,7,3553,2,7200,1.00197016606
371118,371125,374607,7,3482,2,7200,1.00201033889
371194,371201,374709,7,3508,2,7200,1.001995439
371269,371276,374639,7,3363,2,7200,1.00208147487
371302,371309,374973,7,3664,2,7200,1.00191048035
371384,371391,374937,7,3546,2,7200,1.00197405527
371398,371406,374642,8,3236,2,7200,1.00247218789
371568,371575,375041,7,3466,2,7200,1.00201961916
371628,371635,375192,7,3557,2,7200,1.00196795052
371701,371708,375127,7,3419,2,7200,1.00204738228
371749,371755,375337,6,3582,2,7200,1.00167504188
371776,371783,375301,7,3518,2,7200,1.00198976691
371821,371827,375304,6,3477,2,7200,1.00172562554
371860,371866,375314,6,3448,2,7200,1.00174013921
371924,371931,375827,7,3896,2,7200,1.00179671458
371990,371998,375467,8,3469,2,7200,1.0023061401
372148,372155,375767,7,3612,2,7200,1.0019379845
372163,372170,375652,7,3482,2,7200,1.00201033889
372177,372183,375768,6,3585,2,7200,1.00167364017
372283,372290,375900,7,3610,2,7200,1.00193905817
372458,372466,376077,8,3611,2,7200,1.00221545278
372537,372544,375963,7,3419,2,7200,1.00204738228
372564,372570,376091,6,3521,2,7200,1.00170406135
372594,372601,376197,7,3596,2,7200,1.00194660734
372679,372685,376220,6,3535,2,7200,1.00169731259
372742,372749,376256,7,3507,2,7200,1.00199600798
372796,372803,376426,7,3623,2,7200,1.00193210047
372887,372893,376324,6,3431,2,7200,1.00174876129
372963,372970,376363,7,3393,2,7200,1.00206307103
373032,373039,376774,7,3735,2,7200,1.00187416332
373119,373127,376443,8,3316,2,7200,1.00241254524
373134,373140,376811,6,3671,2,7200,1.00163443203
373182,373190,376815,8,3625,2,7200,1.00220689655
373200,373207,376711,7,3504,2,7200,1.00199771689
373246,373253,376761,7,3508,2,7200,1.001995439
373276,373282,376923,6,3641,2,7200,1.00164789893
373336,373342,376917,6,3575,2,7200,1.00167832168
373360,373366,376935,6,3569,2,7200,1.00168114318
373362,373374,376995,12,3621,2,7200,1.00331400166
373380,373386,376992,6,3606,2,7200,1.00166389351
373452,373459,377048,7,3589,2,7200,1.00195040401
373494,373501,376908,7,3407,2,7200,1.00205459348
373585,373592,377109,7,3517,2,7200,1.00199033267
373600,373606,377216,6,3610,2,7200,1.00166204986
373630,373637,377255,7,3618,2,7200,1.00193477059
373862,373870,377272,8,3402,2,7200,1.00235155791
373889,373896,377494,7,3598,2,7200,1.00194552529
374394,374401,378242,7,3841,2,7200,1.00182244207
374608,374614,378218,6,3604,2,7200,1.00166481687
374635,374641,378158,6,3517,2,7200,1.00170599943
374650,374657,378196,7,3539,2,7200,1.00197795988
374651,374664,378043,13,3379,2,7200,1.0038472921
374681,374689,378197,8,3508,2,7200,1.00228050171
374711,374719,378330,8,3611,2,7200,1.00221545278
374769,374776,378492,7,3716,2,7200,1.00188374596
374939,374946,378474,7,3528,2,7200,1.00198412698
374975,374981,378397,6,3416,2,7200,1.00175644028
374983,379934,380041,4951,107,8,86400,47.2710280374
375042,375049,378551,7,3502,2,7200,1.0019988578
375129,375136,378789,7,3653,2,7200,1.00191623323
375192,375198,378584,6,3386,2,7200,1.00177200236
375301,375307,378694,6,3387,2,7200,1.00177147919
375316,375323,378776,7,3453,2,7200,1.0020272227
375317,375330,378866,13,3536,2,7200,1.00367647059
375338,375345,378906,7,3561,2,7200,1.00196573996
375468,375474,378828,6,3354,2,7200,1.00178890877
375655,375662,379148,7,3486,2,7200,1.00200803213
375741,375747,376917,6,1170,4,7200,1.00512820513
375742,375752,376860,10,1108,4,7200,1.00902527076
375742,375760,376826,18,1066,4,7200,1.01688555347
375743,375765,376838,22,1073,4,7200,1.02050326188
375744,375770,376885,26,1115,4,7200,1.02331838565
375744,375776,376847,32,1071,4,7200,1.02987861811
375745,375781,376895,36,1114,4,7200,1.03231597846
375746,375786,376861,40,1075,4,7200,1.03720930233
375746,375792,376884,46,1092,4,7200,1.04212454212
375747,375797,376924,50,1127,4,7200,1.04436557232
375748,376231,377302,483,1071,4,7200,1.45098039216
375748,375839,376936,91,1097,4,7200,1.08295350957
375749,376785,377906,1036,1121,4,7200,1.92417484389
375750,376850,377922,1100,1072,4,7200,2.02611940299
375750,376838,377934,1088,1096,4,7200,1.99270072993
375751,376859,377938,1108,1079,4,7200,2.02687673772
375752,376871,377946,1119,1075,4,7200,2.04093023256
375752,376878,377975,1126,1097,4,7200,2.02643573382
375753,376895,377976,1142,1081,4,7200,2.05642923219
375754,376902,377981,1148,1079,4,7200,2.06394810009
375770,375806,379404,36,3598,2,7200,1.01000555864
375771,375914,379556,143,3642,2,7200,1.03926414058
375829,375975,379767,146,3792,2,7200,1.0385021097
375901,376103,379557,202,3454,2,7200,1.05848291836
375964,376210,379800,246,3590,2,7200,1.06852367688
376081,376269,379920,188,3651,2,7200,1.05149274171
376095,376375,379939,280,3564,2,7200,1.0785634119
376198,376440,380297,242,3857,2,7200,1.06274306456
376222,376724,380263,502,3539,2,7200,1.14184797966
376258,376823,380353,565,3530,2,7200,1.16005665722
376309,376337,454173,28,77836,2,108000,1.00035973072
376325,376830,380443,505,3613,2,7200,1.13977304179
376364,376884,380511,520,3627,2,7200,1.14336917563
376427,376908,380342,481,3434,2,7200,1.14006988934
376445,376915,380455,470,3540,2,7200,1.13276836158
376715,376921,380439,206,3518,2,7200,1.05855599773
376763,376928,380406,165,3478,2,7200,1.04744105808
376778,376935,380309,157,3374,2,7200,1.04653230587
376811,376941,380462,130,3521,2,7200,1.03692132917
376826,376946,380638,120,3692,2,7200,1.03250270856
376836,378211,378230,1375,19,3,1200,73.3684210526
376911,376951,380711,40,3760,2,7200,1.01063829787
376926,376958,380670,32,3712,2,7200,1.00862068966
376927,376963,380583,36,3620,2,7200,1.00994475138
376942,376968,380553,26,3585,2,7200,1.00725244073
376994,377001,380548,7,3547,2,7200,1.00197349873
377008,377016,380430,8,3414,2,7200,1.00234329233
377051,377058,380325,7,3267,2,7200,1.00214263851
377101,377231,485244,130,108013,2,108000,1.00120355883
377112,377119,380572,7,3453,2,7200,1.0020272227
377217,377224,380783,7,3559,2,7200,1.00196684462
377256,377264,380929,8,3665,2,7200,1.00218281037
377274,377282,380914,8,3632,2,7200,1.00220264317
377495,377503,381080,8,3577,2,7200,1.00223651104
377819,378060,433894,241,55834,2,108000,1.00431636637
378031,378174,458719,143,80545,1,129600,1.00177540505
378046,378053,381665,7,3612,2,7200,1.0019379845
378160,378167,381988,7,3821,2,7200,1.00183198116
378180,378233,379623,53,1390,2,18000,1.0381294964
378182,378240,486012,58,107772,1,129600,1.00053817318
378196,378204,381657,8,3453,2,7200,1.00231682595
378198,378216,381937,18,3721,2,7200,1.0048374093
378219,378225,381631,6,3406,2,7200,1.00176159718
378243,378250,381831,7,3581,2,7200,1.00195476124
378313,379574,412075,1261,32501,4,32400,1.03879880619
378331,378337,382179,6,3842,2,7200,1.00156168662
378400,378406,381929,6,3523,2,7200,1.00170309395
378476,378483,382017,7,3534,2,7200,1.00198075835
378494,378501,381961,7,3460,2,7200,1.00202312139
378554,378561,382183,7,3622,2,7200,1.0019326339
378584,378590,382258,6,3668,2,7200,1.00163576881
378696,378703,382289,7,3586,2,7200,1.00195203569
378778,378785,382244,7,3459,2,7200,1.00202370627
378793,378800,382312,7,3512,2,7200,1.00199316629
378829,378836,382390,7,3554,2,7200,1.00196961171
378868,378875,382315,7,3440,2,7200,1.00203488372
378909,378916,382539,7,3623,2,7200,1.00193210047
379090,379096,379499,6,403,4,7200,1.01488833747
379091,379103,379499,12,396,4,7200,1.0303030303
379092,379114,379499,22,385,4,7200,1.05714285714
379092,379108,379499,16,391,4,7200,1.04092071611
379093,379119,379499,26,380,4,7200,1.06842105263
379094,379130,379499,36,369,4,7200,1.09756097561
379094,379124,379499,30,375,4,7200,1.08
379095,379135,379499,40,364,4,7200,1.10989010989
379150,379162,382581,12,3419,2,7200,1.00350979819
379407,379417,382950,10,3533,2,7200,1.0028304557
379558,379565,383332,7,3767,2,7200,1.00185824263
379560,379579,382995,19,3416,2,7200,1.00556206089
379578,379585,379690,7,105,4,7200,1.06666666667
379579,379590,379690,11,100,4,7200,1.11
379580,379597,379690,17,93,4,7200,1.18279569892
379581,379602,379690,21,88,4,7200,1.23863636364
379581,379608,379690,27,82,4,7200,1.32926829268
379582,379618,379690,36,72,4,7200,1.5
379582,379613,379690,31,77,4,7200,1.4025974026
379769,379780,381155,11,1375,4,7200,1.008
379769,379775,381058,6,1283,4,7200,1.00467653936
379770,379787,381117,17,1330,4,7200,1.01278195489
379770,379793,381060,23,1267,4,7200,1.0181531176
379771,379798,381188,27,1390,4,7200,1.01942446043
379772,379803,381083,31,1280,4,7200,1.02421875
379772,379809,381143,37,1334,4,7200,1.02773613193
379773,380522,381798,749,1276,4,7200,1.58699059561
379774,380467,381852,693,1385,4,7200,1.50036101083
379774,380474,381830,700,1356,4,7200,1.51622418879
379775,380650,381999,875,1349,4,7200,1.64862861379
379776,380594,381954,818,1360,4,7200,1.60147058824
379813,380722,382012,909,1290,4,7200,1.70465116279
379814,380442,381725,628,1283,4,7200,1.48947778644
379814,380795,382137,981,1342,4,7200,1.73099850969
379815,380940,382220,1125,1280,4,7200,1.87890625
379816,381135,382402,1319,1267,4,7200,2.0410418311
379816,381095,382616,1279,1521,4,7200,1.84089414859
379817,381154,382440,1337,1286,4,7200,2.03965785381
379818,381070,382452,1252,1382,4,7200,1.90593342981
379818,381166,382433,1348,1267,4,7200,2.06393054459
379819,381200,382478,1381,1278,4,7200,2.08059467919
379820,381077,382401,1257,1324,4,7200,1.94939577039
379820,381677,383015,1857,1338,4,7200,2.38789237668
380708,380716,384076,8,3360,2,18000,1.00238095238
381122,381129,743033,7,361904,4,540000,1.00001934215
381705,381942,382754,237,812,32,1200,1.29187192118
382172,382179,385810,7,3631,2,7200,1.00192784357
382174,382187,385628,13,3441,2,7200,1.00377797152
382175,382193,385794,18,3601,2,7200,1.0049986115
382177,382198,385785,21,3587,2,7200,1.00585447449
382178,382203,385791,25,3588,2,7200,1.00696767001
382179,382208,385813,29,3605,2,7200,1.0080443828
382181,382214,385809,33,3595,2,7200,1.00917941586
382182,382221,385842,39,3621,2,7200,1.01077050539
382183,382226,385593,43,3367,2,7200,1.01277101277
382185,382232,385955,47,3723,2,7200,1.01262422777
382186,382237,385714,51,3477,2,7200,1.01466781708
382187,382242,385757,55,3515,2,7200,1.01564722617
382189,382248,385831,59,3583,2,7200,1.01646664806
382190,382253,385767,63,3514,2,7200,1.01792828685
382191,382258,385835,67,3577,2,7200,1.01873077998
382193,382263,386030,70,3767,2,7200,1.01858242633
382194,382269,385969,75,3700,2,7200,1.02027027027
382196,382274,385875,78,3601,2,7200,1.02166064982
382197,382279,385847,82,3568,2,7200,1.02298206278
382198,382284,385954,86,3670,2,7200,1.02343324251
382200,382290,385752,90,3462,2,7200,1.0259965338
382201,382295,386011,94,3716,2,7200,1.02529601722
382202,382319,385953,117,3634,2,7200,1.03219592735
382204,382324,385895,120,3571,2,7200,1.03360403248
382205,382331,385752,126,3421,2,7200,1.03683133587
382206,382337,386087,131,3750,2,7200,1.03493333333
382208,382350,385869,142,3519,2,7200,1.04035237283
382224,382303,385763,79,3460,2,7200,1.02283236994
382225,382308,385741,83,3433,2,7200,1.02417710457
382247,382314,386077,67,3763,2,7200,1.01780494286
382262,382403,385911,141,3508,2,7200,1.04019384265
382290,382413,385951,123,3538,2,7200,1.03476540418
382315,382419,385881,104,3462,2,7200,1.03004043905
382317,382426,385941,109,3515,2,7200,1.03100995733
382394,382432,386001,38,3569,2,7200,1.01064724012
382541,382547,386122,6,3575,2,7200,1.00167832168
382584,382591,386098,7,3507,2,7200,1.00199600798
382829,495596,496508,112767,912,64,1200,124.648026316
382953,382960,386336,7,3376,2,7200,1.00207345972
382995,383001,386465,6,3464,2,7200,1.00173210162
383334,383342,386996,8,3654,2,7200,1.0021893815
384315,471085,471438,86770,353,32,1200,246.807365439
385596,385603,388983,7,3380,2,7200,1.00207100592
385629,385635,389289,6,3654,2,7200,1.00164203612
385657,389028,389094,3371,66,8,86400,52.0757575758
385718,385725,389592,7,3867,2,7200,1.00181018878
385742,385749,389134,7,3385,2,7200,1.00206794682
385758,385766,389537,8,3771,2,7200,1.0021214532
385760,385771,389422,11,3651,2,7200,1.00301287319
385761,385778,389440,17,3662,2,7200,1.00464227198
385776,385785,389278,9,3493,2,7200,1.00257658173
385777,385790,389593,13,3803,2,7200,1.00341835393
385793,385799,389424,6,3625,2,7200,1.00165517241
385794,385806,389354,12,3548,2,7200,1.00338218715
385809,385816,389313,7,3497,2,7200,1.00200171576
385811,385823,389566,12,3743,2,7200,1.0032059845
385826,385832,389713,6,3881,2,7200,1.0015459933
385827,385840,389634,13,3794,2,7200,1.00342646284
385843,385849,389242,6,3393,2,7200,1.0017683466
385844,385856,389390,12,3534,2,7200,1.00339558574
385846,385861,389697,15,3836,2,7200,1.00391032325
385861,385868,389179,7,3311,2,7200,1.0021141649
385876,385882,389461,6,3579,2,7200,1.00167644593
385877,385889,389414,12,3525,2,7200,1.00340425532
385892,385900,389484,8,3584,2,7200,1.00223214286
385907,385915,389649,8,3734,2,7200,1.00214247456
385922,385930,389515,8,3585,2,7200,1.00223152022
385944,385950,389556,6,3606,2,7200,1.00166389351
385959,385966,389680,7,3714,2,7200,1.00188476037
385961,385973,389568,12,3595,2,7200,1.0033379694
385962,385978,389302,16,3324,2,7200,1.00481347774
385963,385984,389565,21,3581,2,7200,1.00586428372
385978,385991,389690,13,3699,2,7200,1.00351446337
386002,386010,389406,8,3396,2,7200,1.0023557126
386017,386023,389744,6,3721,2,7200,1.00161246977
386032,386039,389516,7,3477,2,7200,1.0020132298
386081,386088,389641,7,3553,2,7200,1.00197016606
386095,386102,389625,7,3523,2,7200,1.00198694295
386110,386117,389859,7,3742,2,7200,1.0018706574
386125,386131,389756,6,3625,2,7200,1.00165517241
386274,386281,387727,7,1446,1,14400,1.00484094053
386337,386344,389953,7,3609,2,7200,1.00193959546
386467,386474,390066,7,3592,2,7200,1.00194877506
386536,386542,389112,6,2570,2,3540,1.00233463035
387000,387007,390437,7,3430,2,7200,1.00204081633
387182,389106,389281,1924,175,8,960,11.9942857143
387182,387739,387903,557,164,2,15360,4.39634146341
387182,387264,387949,82,685,2,3840,1.1197080292
387182,387269,390611,87,3342,2,15360,1.02603231598
387183,471513,471736,84330,223,32,960,379.161434978
387183,471451,471500,84268,49,32,240,1720.75510204
387183,390139,394150,2956,4011,8,15360,1.73697332336
387183,394230,394416,7047,186,8,15360,38.8870967742
387183,389295,390126,2112,831,8,3840,3.54151624549
387184,500811,500838,113627,27,128,60,4209.40740741
387184,500849,500939,113665,90,128,240,1263.94444444
387184,472815,477447,85631,4632,32,15360,19.4868307427
387184,500951,501273,113767,322,128,960,354.313664596
387184,471748,472802,84564,1054,32,3840,81.2314990512
387185,501284,502490,114099,1206,128,3840,95.6094527363
387209,387239,387254,30,15,3,1200,3.0
387783,387961,396705,178,8744,2,18000,1.0203568161
387805,387915,388497,110,582,2,7200,1.18900343643
388985,388991,392317,6,3326,2,7200,1.00180396873
389118,389126,389627,8,501,2,3540,1.01596806387
389136,389143,392720,7,3577,2,7200,1.00195694716
389181,389187,392995,6,3808,2,7200,1.00157563025
389193,389199,389835,6,636,8,3600,1.00943396226
389245,389252,392908,7,3656,2,7200,1.00191466083
389281,389288,392900,7,3612,2,7200,1.0019379845
389286,389300,389303,14,3,1,21600,1.7
389296,389307,392978,11,3671,2,7200,1.00299645873
389311,389318,392941,7,3623,2,7200,1.00193210047
389326,389332,392752,6,3420,2,7200,1.00175438596
389337,389343,410071,6,20728,1,21600,1.00028946353
389356,389363,392961,7,3598,2,7200,1.00194552529
389392,389399,392989,7,3590,2,7200,1.00194986072
389407,389413,392974,6,3561,2,7200,1.00168491997
389423,389429,392843,6,3414,2,7200,1.00175746924
389424,389437,392815,13,3378,2,7200,1.00384843102
389439,389445,392846,6,3401,2,7200,1.001764187
389454,389460,393138,6,3678,2,7200,1.00163132137
389469,389475,393200,6,3725,2,7200,1.00161073826
389487,389494,393103,7,3609,2,7200,1.00193959546
389517,389523,393272,6,3749,2,7200,1.00160042678
389519,389531,393100,12,3569,2,7200,1.00336228635
389540,389547,393281,7,3734,2,7200,1.00187466524
389558,389565,393221,7,3656,2,7200,1.00191466083
389573,389580,393095,7,3515,2,7200,1.00199146515
389574,389587,393023,13,3436,2,7200,1.00378346915
389576,389592,393170,16,3578,2,7200,1.00447177194
389594,389601,393194,7,3593,2,7200,1.00194823267
389595,389608,393306,13,3698,2,7200,1.00351541374
389628,389635,393085,7,3450,2,7200,1.00202898551
389644,389650,393321,6,3671,2,7200,1.00163443203
389645,389658,393311,13,3653,2,7200,1.00355871886
389660,389666,393087,6,3421,2,7200,1.00175387314
389681,389687,393105,6,3418,2,7200,1.00175541252
389696,389703,393150,7,3447,2,7200,1.00203075138
389711,389718,393476,7,3758,2,7200,1.00186269292
389726,389732,393363,6,3631,2,7200,1.00165243735
389747,389754,393387,7,3633,2,7200,1.00192678227
389762,389770,393395,8,3625,2,7200,1.00220689655
389859,389867,393313,8,3446,2,7200,1.00232153221
389953,389960,393808,7,3848,2,7200,1.00181912682
390069,390075,393730,6,3655,2,7200,1.00164158687
390439,390446,394054,7,3608,2,7200,1.00194013304
391975,391983,392429,8,446,1,7200,1.01793721973
392321,392328,395954,7,3626,2,7200,1.00193050193
392723,392729,396330,6,3601,2,7200,1.00166620383
392753,392760,396596,7,3836,2,7200,1.00182481752
392816,392822,396518,6,3696,2,7200,1.00162337662
392831,394162,394212,1331,50,8,86400,27.62
392843,392851,396561,8,3710,2,7200,1.00215633423
392858,392865,396352,7,3487,2,7200,1.00200745627
392900,392908,396542,8,3634,2,7200,1.00220143093
392916,392922,396182,6,3260,2,7200,1.0018404908
392943,392949,396659,6,3710,2,7200,1.00161725067
392964,392970,396610,6,3640,2,7200,1.00164835165
392979,392992,396643,13,3651,2,7200,1.00356066831
392981,392997,396542,16,3545,2,7200,1.00451339915
392996,393005,396548,9,3543,2,7200,1.00254022015
392997,393010,396552,13,3542,2,7200,1.0036702428
393024,393030,396729,6,3699,2,7200,1.00162206002
393085,393091,396665,6,3574,2,7200,1.00167879127
393099,393105,396777,6,3672,1,3600,1.00163398693
393100,393112,396706,12,3594,2,7200,1.00333889816
393102,393117,396809,15,3692,2,7200,1.00406283857
393103,393123,396597,20,3474,2,7200,1.00575705239
393119,393130,396715,11,3585,2,7200,1.00306834031
393121,393135,396705,14,3570,2,7200,1.00392156863
393139,393146,396850,7,3704,2,7200,1.00188984881
393154,393161,396619,7,3458,2,7200,1.0020242915
393172,393179,396657,7,3478,2,7200,1.00201265095
393196,393202,396790,6,3588,2,7200,1.0016722408
393200,393240,393356,40,116,2,20,1.34482758621
393211,393217,396718,6,3501,2,7200,1.00171379606
393226,393232,396667,6,3435,2,7200,1.00174672489
393274,393280,396887,6,3607,2,7200,1.00166343222
393289,393295,397033,6,3738,2,7200,1.00160513644
393307,393314,396839,7,3525,2,7200,1.0019858156
393323,393329,396947,6,3618,2,7200,1.00165837479
393324,393336,397085,12,3749,2,7200,1.00320085356
393325,393341,396781,16,3440,2,7200,1.00465116279
393362,393368,397125,6,3757,2,7200,1.0015970189
393389,393396,396895,7,3499,2,7200,1.00200057159
393404,393414,396903,10,3489,2,7200,1.00286615076
393476,393482,396923,6,3441,2,7200,1.00174367916
393731,393737,397301,6,3564,2,7200,1.00168350168
393810,393817,397379,7,3562,2,7200,1.0019651881
393940,393946,393983,6,37,2,600,1.16216216216
393944,393996,396588,52,2592,2,3540,1.0200617284
394055,394062,397771,7,3709,2,7200,1.00188730116
394216,394222,394958,6,736,1,1800,1.00815217391
395092,528747,615166,133655,86419,8,86400,2.54659276317
395394,395401,395421,7,20,1,1800,1.35
395955,395961,399429,6,3468,2,7200,1.00173010381
396182,396188,399587,6,3399,2,7200,1.00176522507
396333,396340,399902,7,3562,2,7200,1.0019651881
396354,396360,399858,6,3498,2,7200,1.00171526587
396517,396525,400008,8,3483,2,7200,1.00229687051
396545,396552,400012,7,3460,2,7200,1.00202312139
396547,396559,400031,12,3472,2,7200,1.0034562212
396562,396569,400221,7,3652,2,7200,1.00191675794
396563,396576,400213,13,3637,2,7200,1.00357437448
396564,396581,400207,17,3626,2,7200,1.00468836183
396598,396605,397968,7,1363,2,3540,1.00513573001
396599,396612,400221,13,3609,2,7200,1.00360210585
396600,396617,400256,17,3639,2,7200,1.00467161308
396615,396624,400341,9,3717,2,7200,1.00242130751
396630,396636,400460,6,3824,2,7200,1.00156903766
396645,396652,400181,7,3529,2,7200,1.00198356475
396660,396666,400093,6,3427,2,7200,1.00175080245
396661,396674,400275,13,3601,2,7200,1.0036101083
396677,396683,400120,6,3437,2,7200,1.00174570847
396678,396691,400236,13,3545,2,7200,1.00366713681
396688,396722,397760,34,1038,2,72000,1.03275529865
396706,396715,400454,9,3739,2,7200,1.00240706071
396721,396729,400306,8,3577,2,7200,1.00223651104
396722,396734,400080,12,3346,2,7200,1.00358637179
396724,396741,400194,17,3453,2,7200,1.00492325514
396739,396797,397022,58,225,2,36000,1.25777777778
396739,396748,400544,9,3796,2,7200,1.00237091675
396783,396789,400319,6,3530,2,7200,1.00169971671
396798,396804,400386,6,3582,2,7200,1.00167504188
396813,396819,400431,6,3612,2,7200,1.00166112957
396840,396847,400614,7,3767,2,7200,1.00185824263
396855,396861,400517,6,3656,2,7200,1.00164113786
396888,396895,400274,7,3379,2,7200,1.00207161882
396903,396910,400675,7,3765,2,7200,1.00185922975
396918,396924,400594,6,3670,2,7200,1.00163487738
396933,396940,400455,7,3515,2,7200,1.00199146515
396948,396955,400839,7,3884,2,7200,1.00180226571
397034,397040,400575,6,3535,2,7200,1.00169731259
397088,397094,400666,6,3572,2,7200,1.00167973124
397113,399602,442157,2489,42555,2,108000,1.05848901422
397113,477476,487702,80363,10226,12,14400,8.85869352631
397127,397133,400718,6,3585,2,7200,1.00167364017
397303,397310,400797,7,3487,2,7200,1.00200745627
397381,397388,400999,7,3611,2,7200,1.00193852119
397772,397780,401408,8,3628,2,7200,1.00220507166
397966,397974,397983,8,9,1,900,1.7
397992,397998,400056,6,2058,2,3540,1.0029154519
398617,399444,425442,827,25998,2,72000,1.03181013924
399052,399059,399096,7,37,1,18000,1.18918918919
399135,399142,404135,7,4993,1,18000,1.00140196275
399165,399876,405791,711,5915,1,18000,1.12020287405
399431,399438,402983,7,3545,2,7200,1.00197461213
399588,399595,403032,7,3437,2,7200,1.00203665988
399861,399867,403574,6,3707,2,7200,1.00161855948
399903,399910,403355,7,3445,2,7200,1.00203193033
400009,400015,403702,6,3687,2,7200,1.0016273393
400023,400031,403682,8,3651,2,7200,1.0021911805
400038,400048,403582,10,3534,2,7200,1.00282965478
400067,400074,402123,7,2049,2,3540,1.00341630063
400084,400092,403854,8,3762,2,7200,1.00212652844
400100,400107,403648,7,3541,2,7200,1.0019768427
400124,400130,403677,6,3547,2,7200,1.00169157034
400182,400188,403582,6,3394,2,7200,1.00176782557
400197,400204,403697,7,3493,2,7200,1.00200400802
400212,400218,403670,6,3452,2,7200,1.00173812283
400227,400235,403651,8,3416,2,7200,1.00234192037
400229,400242,403868,13,3626,2,7200,1.00358521787
400230,400247,403863,17,3616,2,7200,1.00470132743
400245,400254,403656,9,3402,2,7200,1.00264550265
400260,400266,403718,6,3452,2,7200,1.00173812283
400275,400282,403794,7,3512,2,7200,1.00199316629
400277,400289,403804,12,3515,2,7200,1.00341394026
400307,400313,403930,6,3617,2,7200,1.00165883329
400322,400329,403798,7,3469,2,7200,1.00201787259
400345,400352,404098,7,3746,2,7200,1.0018686599
400390,400396,403950,6,3554,2,7200,1.0016882386
400433,400477,418502,44,18025,2,18000,1.00244105409
400435,400442,403927,7,3485,2,7200,1.00200860832
400456,400463,403880,7,3417,2,7200,1.00204858063
400457,400470,404157,13,3687,2,7200,1.00352590182
400472,400484,404076,12,3592,2,7200,1.00334075724
400518,400525,403910,7,3385,2,7200,1.00206794682
400545,400552,404108,7,3556,2,7200,1.00196850394
400578,400585,404200,7,3615,2,7200,1.00193637621
400596,400602,404100,6,3498,2,7200,1.00171526587
400617,400623,404272,6,3649,2,7200,1.00164428611
400668,400674,404157,6,3483,2,7200,1.00172265289
400683,400690,404348,7,3658,2,7200,1.001913614
400719,400725,404379,6,3654,2,7200,1.00164203612
400793,401515,463069,722,61554,2,198000,1.01172953829
400799,400805,404234,6,3429,2,7200,1.00174978128
400842,400848,404339,6,3491,2,7200,1.00171870524
401000,401007,404654,7,3647,2,7200,1.0019193858
401411,401418,405042,7,3624,2,7200,1.00193156733
402131,402137,403105,6,968,2,3540,1.00619834711
402192,402198,403658,6,1460,1,14400,1.00410958904
402985,402991,406620,6,3629,2,7200,1.00165334803
403033,403040,406735,7,3695,2,7200,1.00189445196
403103,403117,403122,14,5,1,900,1.9
403133,403139,405173,6,2034,2,3540,1.00294985251
403358,403364,406928,6,3564,2,7200,1.00168350168
403576,403583,406966,7,3383,2,7200,1.00206916938
403591,403598,407395,7,3797,2,7200,1.00184356071
403593,403604,407307,11,3703,2,7200,1.00297056441
403650,403657,406952,7,3295,2,7200,1.00212443096
403665,403673,407223,8,3550,2,7200,1.00225352113
403667,403679,407426,12,3747,2,7200,1.00320256205
403682,403689,407335,7,3646,2,7200,1.00191991223
403683,403696,407478,13,3782,2,7200,1.00343733474
403685,403701,407350,16,3649,2,7200,1.00438476295
403701,403708,407364,7,3656,2,7200,1.00191466083
403716,403723,407572,7,3849,2,7200,1.0018186542
403731,403738,407356,7,3618,2,7200,1.00193477059
403794,403800,407548,6,3748,2,7200,1.00160085379
403810,403816,407361,6,3545,2,7200,1.00169252468
403811,403822,407306,11,3484,2,7200,1.00315729047
403856,403862,407457,6,3595,2,7200,1.0016689847
403871,403878,407669,7,3791,2,7200,1.0018464785
403873,403885,407525,12,3640,2,7200,1.0032967033
403888,403894,407566,6,3672,2,7200,1.00163398693
403912,403919,407634,7,3715,2,7200,1.00188425303
403930,403936,407373,6,3437,2,7200,1.00174570847
403945,403951,407686,6,3735,2,7200,1.0016064257
403960,403966,407648,6,3682,2,7200,1.00162954916
404078,404084,407676,6,3592,2,7200,1.00167037862
404099,404106,407606,7,3500,2,7200,1.002
404114,404122,407581,8,3459,2,7200,1.00231280717
404115,404127,407638,12,3511,2,7200,1.00341782968
404158,404165,407918,7,3753,2,7200,1.00186517453
404159,404172,407910,13,3738,2,7200,1.00347779561
404202,404208,407828,6,3620,2,7200,1.00165745856
404235,404241,407694,6,3453,2,7200,1.00173761946
404274,404280,407604,6,3324,2,7200,1.00180505415
404341,404348,408152,7,3804,2,7200,1.00184016824
404355,404363,407979,8,3616,2,7200,1.00221238938
404380,404387,407985,7,3598,2,7200,1.00194552529
404655,404662,408065,7,3403,2,7200,1.00205700852
405042,405049,408622,7,3573,2,7200,1.00195913798
405182,405188,407174,6,1986,2,3540,1.00302114804
405316,412338,424592,7022,12254,8,43200,1.57303737555
405416,406982,464321,1566,57339,2,108000,1.02731125412
405564,609343,620208,203779,10865,8,86400,19.755545329
405605,424604,434983,18999,10379,8,43200,2.83052317179
405637,435000,444783,29363,9783,8,43200,4.00143105387
405671,444796,454022,39125,9226,8,50400,5.2407327119
405700,543464,552819,137764,9355,8,50400,15.726242651
405726,543469,551892,137743,8423,8,50400,17.3531995726
406624,406631,410026,7,3395,2,7200,1.00206185567
406736,406742,410418,6,3676,2,7200,1.00163220892
406784,406791,408267,7,1476,1,14400,1.00474254743
406929,406936,410258,7,3322,2,7200,1.00210716436
406953,406959,410389,6,3430,2,7200,1.00174927114
406968,406974,410400,6,3426,2,7200,1.00175131349
407185,407191,408300,6,1109,2,3540,1.00541027953
407226,407234,410639,8,3405,2,7200,1.00234948605
407308,407314,411156,6,3842,2,7200,1.00156168662
407310,407321,410957,11,3636,2,7200,1.00302530253
407337,407344,410960,7,3616,2,7200,1.00193584071
407352,407358,411063,6,3705,2,7200,1.0016194332
407367,407374,410922,7,3548,2,7200,1.0019729425
407369,407381,410962,12,3581,2,7200,1.00335101927
407370,407386,411204,16,3818,2,7200,1.00419067575
407385,407398,410824,13,3426,2,7200,1.00379451255
407401,407408,411116,7,3708,2,7200,1.00188781014
407430,407437,411217,7,3780,2,7200,1.00185185185
407460,407466,411085,6,3619,2,7200,1.00165791655
407478,407484,411046,6,3562,2,7200,1.00168444694
407493,407540,425977,47,18437,2,108000,1.00254922167
407526,407532,411297,6,3765,2,7200,1.0015936255
407550,407556,411404,6,3848,2,7200,1.00155925156
407566,407572,411077,6,3505,2,7200,1.00171184023
407581,407588,411062,7,3474,2,7200,1.00201496834
407595,407603,411095,8,3492,2,7200,1.00229095074
407610,407618,411129,8,3511,2,7200,1.00227855312
407612,407625,411230,13,3605,2,7200,1.00360610264
407636,407643,411246,7,3603,2,7200,1.00194282542
407651,407657,411207,6,3550,2,7200,1.00169014085
407653,407664,411213,11,3549,2,7200,1.00309946464
407671,407677,411070,6,3393,2,7200,1.0017683466
407686,407692,411239,6,3547,2,7200,1.00169157034
407687,407700,411216,13,3516,2,7200,1.00369738339
407703,407710,411153,7,3443,2,7200,1.00203311066
407785,407844,409058,59,1214,1,1200,1.04859967051
407830,407837,411494,7,3657,2,7200,1.00191413727
407912,407918,411611,6,3693,2,7200,1.00162469537
407927,407934,411525,7,3591,2,7200,1.00194931774
407981,407987,411698,6,3711,2,7200,1.00161681487
407996,408003,411750,7,3747,2,7200,1.0018681612
408066,408072,411416,6,3344,2,7200,1.00179425837
408153,408159,411652,6,3493,2,7200,1.00171772116
408298,408305,408312,7,7,1,900,1.4
408330,408337,410295,7,1958,2,3540,1.00357507661
408626,408632,412202,6,3570,2,7200,1.00168067227
410027,410033,413631,6,3598,2,7200,1.00166759311
410168,410175,412712,7,2537,1,2400,1.00275916437
410259,410267,413956,8,3689,2,7200,1.00216860938
410304,410310,412326,6,2016,2,3540,1.00297619048
410392,410399,413990,7,3591,2,7200,1.00194931774
410407,410413,413979,6,3566,2,7200,1.00168255749
410422,410428,413945,6,3517,2,7200,1.00170599943
410640,410647,414230,7,3583,2,7200,1.00195367011
410825,410832,414378,7,3546,2,7200,1.00197405527
410924,410930,414644,6,3714,2,7200,1.00161550889
410960,410967,414663,7,3696,2,7200,1.00189393939
410962,410973,414621,11,3648,2,7200,1.00301535088
410977,410983,414696,6,3713,2,7200,1.00161594398
411005,543599,553817,132594,10218,12,14400,13.9765120376
411046,411052,414921,6,3869,2,7200,1.00155078832
411065,411073,414616,8,3543,2,7200,1.00225797347
411066,411080,414679,14,3599,2,7200,1.00388996944
411082,411089,414524,7,3435,2,7200,1.00203784571
411083,411095,414804,12,3709,2,7200,1.00323537342
411098,411104,414741,6,3637,2,7200,1.0016497113
411100,411112,414583,12,3471,2,7200,1.00345721694
411118,411125,414926,7,3801,2,7200,1.00184162063
411133,411140,414828,7,3688,2,7200,1.00189804772
411154,411160,414757,6,3597,2,7200,1.00166805671
411169,411175,414664,6,3489,2,7200,1.00171969046
411205,411212,414529,7,3317,2,7200,1.00211034067
411221,411228,414928,7,3700,2,7200,1.00189189189
411222,411235,414687,13,3452,2,7200,1.00376593279
411223,411240,414756,17,3516,2,7200,1.00483503982
411225,411245,414892,20,3647,2,7200,1.00548395942
411240,411252,414966,12,3714,2,7200,1.00323101777
411241,411257,414673,16,3416,2,7200,1.00468384075
411256,411264,414943,8,3679,2,7200,1.00217450394
411298,411306,414836,8,3530,2,7200,1.00226628895
411404,411411,415111,7,3700,2,7200,1.00189189189
411419,411426,414988,7,3562,2,7200,1.0019651881
411495,411502,415239,7,3737,2,7200,1.00187316029
411522,411529,415214,7,3685,2,7200,1.00189959294
411613,411620,415082,7,3462,2,7200,1.00202195263
411652,411659,415047,7,3388,2,7200,1.0020661157
411700,411707,415460,7,3753,2,7200,1.00186517453
411751,411758,415205,7,3447,2,7200,1.00203075138
412205,412212,415817,7,3605,2,7200,1.00194174757
412337,412392,413373,55,981,2,3540,1.05606523955
413372,413379,413387,7,8,1,900,1.5
413394,413401,413902,7,501,2,3540,1.01397205589
413634,413642,417028,8,3386,2,7200,1.00236266982
413902,413909,413910,7,1,1,900,1.0
413946,413953,417337,7,3384,2,7200,1.00206855792
413961,413968,417593,7,3625,2,7200,1.00193103448
413982,413989,417825,7,3836,2,7200,1.00182481752
413997,414004,417519,7,3515,2,7200,1.00199146515
414230,414237,417829,7,3592,2,7200,1.00194877506
414379,414386,418156,7,3770,2,7200,1.00185676393
414524,414530,418133,6,3603,2,7200,1.00166527893
414539,414545,418114,6,3569,2,7200,1.00168114318
414584,414591,418147,7,3556,2,7200,1.00196850394
414618,414625,418217,7,3592,2,7200,1.00194877506
414633,414640,418356,7,3716,2,7200,1.00188374596
414648,414654,418193,6,3539,2,7200,1.00169539418
414666,414672,418323,6,3651,2,7200,1.00164338537
414667,414680,418216,13,3536,2,7200,1.00367647059
414682,414689,418273,7,3584,2,7200,1.001953125
414684,414695,418048,11,3353,2,7200,1.0032806442
414699,414706,418059,7,3353,2,7200,1.00208768267
414700,414713,418262,13,3549,2,7200,1.00366300366
414742,414750,418317,8,3567,2,7200,1.00224278105
414758,414764,418257,6,3493,2,7200,1.00171772116
414759,414772,418501,13,3729,2,7200,1.00348618933
414804,414811,418437,7,3626,2,7200,1.00193050193
414828,414835,418668,7,3833,2,7200,1.00182624576
414843,414850,418182,7,3332,2,7200,1.00210084034
414895,414902,418606,7,3704,2,7200,1.00188984881
414922,414929,418488,7,3559,2,7200,1.00196684462
414937,414943,418432,6,3489,2,7200,1.00171969046
414939,414949,418523,10,3574,2,7200,1.00279798545
414953,414960,418769,7,3809,2,7200,1.00183775269
414968,414975,418539,7,3564,2,7200,1.0019640853
414989,414997,418648,8,3651,2,7200,1.0021911805
415050,415056,418433,6,3377,2,7200,1.0017767249
415083,415089,418562,6,3473,2,7200,1.00172761301
415113,415120,418758,7,3638,2,7200,1.00192413414
415207,415213,418709,6,3496,2,7200,1.00171624714
415222,415228,418799,6,3571,2,7200,1.00168020162
415240,415247,419091,7,3844,2,7200,1.00182101977
415461,415468,419163,7,3695,2,7200,1.00189445196
415818,415824,419422,6,3598,2,7200,1.00166759311
417030,417037,420754,7,3717,2,7200,1.00188323917
417333,417339,420908,6,3569,2,7200,1.00168114318
417519,417526,421202,7,3676,2,7200,1.00190424374
417594,417602,421205,8,3603,2,7200,1.00222037191
417828,417835,421349,7,3514,2,7200,1.00199203187
417843,417850,421636,7,3786,2,7200,1.00184891706
418049,418055,421806,6,3751,2,7200,1.00159957345
418063,418071,421589,8,3518,2,7200,1.00227401933
418112,418118,421771,6,3653,2,7200,1.00164248563
418136,418143,421561,7,3418,2,7200,1.00204798128
418151,418157,421664,6,3507,2,7200,1.00171086399
418166,418172,421810,6,3638,2,7200,1.00164925783
418184,418190,421786,6,3596,2,7200,1.00166852058
418199,418205,421770,6,3565,2,7200,1.00168302945
418217,418223,421746,6,3523,2,7200,1.00170309395
418218,418231,421844,13,3613,2,7200,1.00359811791
418258,418265,421897,7,3632,2,7200,1.00192731278
418273,418280,421818,7,3538,2,7200,1.00197851894
418275,418287,422027,12,3740,2,7200,1.00320855615
418317,418323,421853,6,3530,2,7200,1.00169971671
418332,418339,421975,7,3636,2,7200,1.00192519252
418359,418365,422079,6,3714,2,7200,1.00161550889
418435,418441,422259,6,3818,2,7200,1.0015715034
418437,418449,422173,12,3724,2,7200,1.00322234157
418451,418459,422286,8,3827,2,7200,1.00209041024
418491,418498,422081,7,3583,2,7200,1.00195367011
418506,418513,422133,7,3620,2,7200,1.00193370166
418524,418531,421953,7,3422,2,7200,1.00204558738
418539,418545,422133,6,3588,2,7200,1.0016722408
418566,418572,421994,6,3422,2,7200,1.00175336061
418608,418614,422250,6,3636,2,7200,1.00165016502
418650,418657,422099,7,3442,2,7200,1.00203370134
418669,418675,422182,6,3507,2,7200,1.00171086399
418711,418717,422486,6,3769,2,7200,1.0015919342
418759,418766,422400,7,3634,2,7200,1.00192625206
418774,418781,422617,7,3836,2,7200,1.00182481752
418801,418807,422471,6,3664,2,7200,1.00163755459
419091,419099,422579,8,3480,2,7200,1.00229885057
419164,419170,422837,6,3667,2,7200,1.00163621489
419425,419432,422958,7,3526,2,7200,1.00198525241
420757,420764,424429,7,3665,2,7200,1.00190995907
420911,420918,424581,7,3663,2,7200,1.00191100191
421205,421211,424719,6,3508,2,7200,1.00171037628
421220,421226,424899,6,3673,2,7200,1.00163354206
421349,421357,424956,8,3599,2,7200,1.00222283968
421564,421570,425172,6,3602,2,7200,1.00166574125
421591,421597,425048,6,3451,2,7200,1.00173862649
421636,421642,425288,6,3646,2,7200,1.00164563906
421666,421673,425097,7,3424,2,7200,1.00204439252
421748,421754,425369,6,3615,2,7200,1.00165975104
421772,421779,425266,7,3487,2,7200,1.00200745627
421774,421786,425601,12,3815,2,7200,1.00314547837
421789,421796,425396,7,3600,2,7200,1.00194444444
421807,421814,425176,7,3362,2,7200,1.00208209399
421822,421829,425574,7,3745,2,7200,1.00186915888
421823,421836,425447,13,3611,2,7200,1.00360011077
421847,421854,425361,7,3507,2,7200,1.00199600798
421862,421868,425357,6,3489,2,7200,1.00171969046
421898,421905,425627,7,3722,2,7200,1.0018807093
421956,421963,425647,7,3684,2,7200,1.00190010858
421977,421984,425493,7,3509,2,7200,1.00199487033
421995,422001,425607,6,3606,2,7200,1.00166389351
422028,422035,425325,7,3290,2,7200,1.00212765957
422082,422089,425686,7,3597,2,7200,1.00194606617
422084,422096,425665,12,3569,2,7200,1.00336228635
422102,422109,425803,7,3694,2,7200,1.00189496481
422135,422141,425500,6,3359,2,7200,1.00178624591
422136,422148,425682,12,3534,2,7200,1.00339558574
422176,422183,425777,7,3594,2,7200,1.0019476906
422191,422197,425838,6,3641,2,7200,1.00164789893
422251,422257,425815,6,3558,2,7200,1.00168634064
422266,422273,426020,7,3747,2,7200,1.0018681612
422287,422295,426117,8,3822,2,7200,1.00209314495
422400,422407,426178,7,3771,2,7200,1.00185627155
422472,422479,426084,7,3605,2,7200,1.00194174757
422487,422494,426313,7,3819,2,7200,1.00183294056
422581,422587,426378,6,3791,2,7200,1.00158269586
422620,422626,425902,6,3276,2,7200,1.00183150183
422838,422845,426509,7,3664,2,7200,1.00191048035
422959,422966,426433,7,3467,2,7200,1.00201903663
424429,424437,428060,8,3623,2,7200,1.00220811482
424584,424591,428061,7,3470,2,7200,1.00201729107
424719,424727,428246,8,3519,2,7200,1.00227337312
424901,424908,428525,7,3617,2,7200,1.0019353055
424958,424964,428547,6,3583,2,7200,1.00167457438
425049,425056,428642,7,3586,2,7200,1.00195203569
425097,425104,428764,7,3660,2,7200,1.00191256831
425174,425180,428784,6,3604,2,7200,1.00166481687
425189,425196,428705,7,3509,2,7200,1.00199487033
425268,425275,428768,7,3493,2,7200,1.00200400802
425289,425296,428892,7,3596,2,7200,1.00194660734
425328,425335,429146,7,3811,2,7200,1.00183678824
425358,425364,429153,6,3789,2,7200,1.00158353127
425374,425381,428864,7,3483,2,7200,1.0020097617
425375,425387,428893,12,3506,2,7200,1.00342270394
425396,425403,429078,7,3675,2,7200,1.0019047619
425447,425454,429187,7,3733,2,7200,1.00187516743
425496,425502,429187,6,3685,2,7200,1.00162822252
425510,425517,429168,7,3651,2,7200,1.00191728294
425574,425581,429285,7,3704,2,7200,1.00188984881
425604,425610,429399,6,3789,2,7200,1.00158353127
425619,425626,429216,7,3590,2,7200,1.00194986072
425634,425641,429453,7,3812,2,7200,1.0018363064
425649,425655,429329,6,3674,2,7200,1.00163309744
425667,425673,429154,6,3481,2,7200,1.00172364263
425685,425692,429443,7,3751,2,7200,1.00186616902
425700,425707,429487,7,3780,2,7200,1.00185185185
425778,425785,429620,7,3835,2,7200,1.00182529335
425806,425812,429404,6,3592,2,7200,1.00167037862
425821,425828,429504,7,3676,2,7200,1.00190424374
425839,425845,429490,6,3645,2,7200,1.00164609053
425902,425909,429312,7,3403,2,7200,1.00205700852
426023,426030,429717,7,3687,2,7200,1.00189856252
426086,426094,429758,8,3664,2,7200,1.00218340611
426120,426127,429691,7,3564,2,7200,1.0019640853
426180,426187,429824,7,3637,2,7200,1.00192466318
426227,426649,428616,422,1967,4,3540,1.21453990849
426314,426321,429918,7,3597,2,7200,1.00194606617
426380,426386,430016,6,3630,2,7200,1.00165289256
426435,426442,430131,7,3689,2,7200,1.00189753321
426510,426516,430309,6,3793,2,7200,1.00158186132
428065,428072,431573,7,3501,2,7200,1.00199942873
428066,428079,431802,13,3723,2,7200,1.00349180768
428247,428255,431837,8,3582,2,7200,1.00223338917
428526,428532,432008,6,3476,2,7200,1.00172612198
428547,428553,432156,6,3603,2,7200,1.00166527893
428616,428621,428627,5,6,1,900,1.1
428632,428639,430332,7,1693,4,3540,1.00413467218
428644,428650,432483,6,3833,2,7200,1.00156535351
428707,428713,432259,6,3546,2,7200,1.00169204738
428768,428775,432340,7,3565,2,7200,1.00196353436
428769,428782,432182,13,3400,2,7200,1.00382352941
428787,428793,432594,6,3801,2,7200,1.00157853197
428866,428873,432537,7,3664,2,7200,1.00191048035
428893,428900,432693,7,3793,2,7200,1.00184550488
428894,428907,432255,13,3348,2,7200,1.00388291517
429079,429086,432530,7,3444,2,7200,1.00203252033
429148,429154,432571,6,3417,2,7200,1.00175592625
429163,429170,432725,7,3555,2,7200,1.00196905767
429164,429176,432752,12,3576,2,7200,1.0033557047
429179,429186,433048,7,3862,2,7200,1.00181253237
429194,429201,432915,7,3714,2,7200,1.00188476037
429196,429208,432926,12,3718,2,7200,1.00322754169
429217,429223,432728,6,3505,2,7200,1.00171184023
429286,429293,432791,7,3498,2,7200,1.00200114351
429313,429320,432849,7,3529,2,7200,1.00198356475
429331,429338,432991,7,3653,2,7200,1.00191623323
429401,429408,433043,7,3635,2,7200,1.00192572215
429416,429423,433030,7,3607,2,7200,1.00194067092
429446,429452,433249,6,3797,2,7200,1.00158019489
429461,429468,432997,7,3529,2,7200,1.00198356475
429488,429495,433187,7,3692,2,7200,1.00189599133
429504,429510,433214,6,3704,2,7200,1.00161987041
429518,429526,433177,8,3651,2,7200,1.0021911805
429621,429628,433200,7,3572,2,7200,1.00195968645
429694,429701,433483,7,3782,2,7200,1.00185087255
429718,429725,433367,7,3642,2,7200,1.00192202087
429760,429766,433325,6,3559,2,7200,1.00168586682
429827,429833,433476,6,3643,2,7200,1.00164699424
429921,429928,433757,7,3829,2,7200,1.00182815356
430017,430025,433628,8,3603,2,7200,1.00222037191
430132,430138,433743,6,3605,2,7200,1.00166435506
430310,430318,434002,8,3684,2,7200,1.00217155266
430340,430346,430716,6,370,4,3540,1.01621621622
430714,430721,430728,7,7,1,900,1.4
430738,430745,432423,7,1678,4,3540,1.0041716329
431574,431581,434983,7,3402,2,7200,1.00205761317
431804,431811,435511,7,3700,2,7200,1.00189189189
431840,431848,435453,8,3605,2,7200,1.00221914008
432010,432016,435617,6,3601,2,7200,1.00166620383
432158,432164,435756,6,3592,2,7200,1.00167037862
432182,432188,435959,6,3771,2,7200,1.0015910899
432258,432264,435910,6,3646,2,7200,1.00164563906
432272,432280,435954,8,3674,2,7200,1.00217746326
432339,432346,436054,7,3708,2,7200,1.00188781014
432430,432436,432858,6,422,4,3540,1.01421800948
432485,432491,436260,6,3769,2,7200,1.0015919342
432533,432540,435997,7,3457,2,7200,1.00202487706
432548,432554,435951,6,3397,2,7200,1.00176626435
432572,432579,436127,7,3548,2,7200,1.0019729425
432596,432603,435890,7,3287,2,7200,1.00212960146
432696,432702,436473,6,3771,2,7200,1.0015910899
432726,432734,436246,8,3512,2,7200,1.00227790433
432741,432749,436589,8,3840,2,7200,1.00208333333
432756,432763,436471,7,3708,2,7200,1.00188781014
432792,432800,436424,8,3624,2,7200,1.00220750552
432850,432856,436478,6,3622,2,7200,1.00165654335
432857,432863,432870,6,7,1,900,1.3
432880,432887,434614,7,1727,4,3540,1.00405327157
432917,432924,436421,7,3497,2,7200,1.00200171576
432932,432939,436461,7,3522,2,7200,1.0019875071
432992,432999,436704,7,3705,2,7200,1.00188933873
433007,433014,436568,7,3554,2,7200,1.00196961171
433031,433037,436638,6,3601,2,7200,1.00166620383
433046,433052,436632,6,3580,2,7200,1.00167597765
433061,433067,436743,6,3676,2,7200,1.00163220892
433179,433185,436764,6,3579,2,7200,1.00167644593
433194,433201,436753,7,3552,2,7200,1.00197072072
433209,433215,436869,6,3654,2,7200,1.00164203612
433224,433231,436802,7,3571,2,7200,1.00196023523
433251,433257,436849,6,3592,2,7200,1.00167037862
433327,433334,436902,7,3568,2,7200,1.00196188341
433370,433377,436975,7,3598,2,7200,1.00194552529
433479,433485,436968,6,3483,2,7200,1.00172265289
433494,433500,437321,6,3821,2,7200,1.00157026956
433630,433636,437280,6,3644,2,7200,1.00164654226
433745,433752,437261,7,3509,2,7200,1.00199487033
433760,433767,437445,7,3678,2,7200,1.00190320827
434005,434011,437613,6,3602,2,7200,1.00166574125
434622,434629,435000,7,371,4,3540,1.01886792453
434986,434993,438881,7,3888,2,7200,1.00180041152
434998,435007,435014,9,7,1,900,1.6
435018,435026,435467,8,441,4,3540,1.01814058957
435457,435464,438969,7,3505,2,7200,1.00199714693
435465,435472,435473,7,1,1,900,1.0
435511,435517,439121,6,3604,2,7200,1.00166481687
435620,435627,438954,7,3327,2,7200,1.0021039976
435758,435766,439466,8,3700,2,7200,1.00216216216
435892,435899,439459,7,3560,2,7200,1.00196629213
435913,435919,439732,6,3813,2,7200,1.00157356412
435952,435958,439594,6,3636,2,7200,1.00165016502
435967,435973,439519,6,3546,2,7200,1.00169204738
435968,435980,439392,12,3412,2,7200,1.00351699883
435999,436006,439510,7,3504,2,7200,1.00199771689
436056,436062,439606,6,3544,2,7200,1.00169300226
436129,436135,439751,6,3616,2,7200,1.00165929204
436246,436254,439791,8,3537,2,7200,1.00226180379
436261,436268,439827,7,3559,2,7200,1.00196684462
436421,436429,440034,8,3605,2,7200,1.00221914008
436436,436443,440055,7,3612,2,7200,1.0019379845
436463,436471,439989,8,3518,2,7200,1.00227401933
436478,436485,440084,7,3599,2,7200,1.00194498472
436480,436493,440312,13,3819,2,7200,1.00340403247
436481,436498,439967,17,3469,2,7200,1.00490054771
436569,436577,440310,8,3733,2,7200,1.00214304849
436590,436598,440304,8,3706,2,7200,1.00215866163
436633,436639,440114,6,3475,2,7200,1.00172661871
436648,436654,440374,6,3720,2,7200,1.00161290323
436705,436712,440330,7,3618,2,7200,1.00193477059
436744,436750,440322,6,3572,2,7200,1.00167973124
436759,436766,440356,7,3590,2,7200,1.00194986072
436761,436772,440474,11,3702,2,7200,1.00297136683
436803,436809,440620,6,3811,2,7200,1.00157438992
436851,436858,440454,7,3596,2,7200,1.00194660734
436872,436878,440505,6,3627,2,7200,1.00165425972
436902,436909,440652,7,3743,2,7200,1.00187015763
436969,436976,440758,7,3782,2,7200,1.00185087255
436984,436991,440777,7,3786,2,7200,1.00184891706
437262,437269,441078,7,3809,2,7200,1.00183775269
437283,437289,440807,6,3518,2,7200,1.0017055145
437322,437328,440936,6,3608,2,7200,1.00166297118
437446,437453,441316,7,3863,2,7200,1.00181206316
437616,437622,441136,6,3514,2,7200,1.00170745589
438882,438889,442650,7,3761,2,7200,1.00186120713
438954,438961,442485,7,3524,2,7200,1.00198637911
438969,438975,442615,6,3640,2,7200,1.00164835165
439123,439129,442700,6,3571,2,7200,1.00168020162
439395,439402,443101,7,3699,2,7200,1.00189240335
439462,439468,443178,6,3710,2,7200,1.00161725067
439477,439483,443123,6,3640,2,7200,1.00164835165
439510,439516,442979,6,3463,2,7200,1.00173260179
439525,439532,443150,7,3618,2,7200,1.00193477059
439595,439602,442970,7,3368,2,7200,1.0020783848
439610,439616,443225,6,3609,2,7200,1.00166251039
439733,439740,443228,7,3488,2,7200,1.00200688073
439751,439758,443283,7,3525,2,7200,1.0019858156
439794,439800,443254,6,3454,2,7200,1.00173711639
439830,439837,443515,7,3678,2,7200,1.00190320827
439969,439975,443854,6,3879,2,7200,1.00154679041
439990,439996,443539,6,3543,2,7200,1.0016934801
440035,440043,443755,8,3712,2,7200,1.00215517241
440056,440063,443501,7,3438,2,7200,1.00203606748
440087,440094,443662,7,3568,2,7200,1.00196188341
440117,440124,443645,7,3521,2,7200,1.00198807157
440305,440312,443805,7,3493,2,7200,1.00200400802
440320,440326,443911,6,3585,2,7200,1.00167364017
440322,440333,443930,11,3597,2,7200,1.00305810398
440323,440339,443781,16,3442,2,7200,1.0046484602
440338,440346,443930,8,3584,2,7200,1.00223214286
440359,440366,443963,7,3597,2,7200,1.00194606617
440377,440384,444005,7,3621,2,7200,1.00193316763
440456,440462,444055,6,3593,2,7200,1.00166991372
440477,440484,444086,7,3602,2,7200,1.0019433648
440507,440514,444056,7,3542,2,7200,1.00197628458
440622,440629,444225,7,3596,2,7200,1.00194660734
440656,440662,444234,6,3572,2,7200,1.00167973124
440758,440765,444359,7,3594,2,7200,1.0019476906
440779,440786,444533,7,3747,2,7200,1.0018681612
440809,440816,444333,7,3517,2,7200,1.00199033267
440937,440943,444677,6,3734,2,7200,1.00160685592
441079,441086,444573,7,3487,2,7200,1.00200745627
441136,441142,444816,6,3674,2,7200,1.00163309744
441318,441324,444970,6,3646,2,7200,1.00164563906
442084,442091,460127,7,18036,1,18000,1.00038811266
442486,442493,446048,7,3555,2,7200,1.00196905767
442616,442623,446047,7,3424,2,7200,1.00204439252
442653,442660,446258,7,3598,2,7200,1.00194552529
442701,442707,446386,6,3679,2,7200,1.00163087796
442973,442979,446686,6,3707,2,7200,1.00161855948
442988,442994,446603,6,3609,2,7200,1.00166251039
443103,443109,446627,6,3518,2,7200,1.0017055145
443124,443131,446848,7,3717,2,7200,1.00188323917
443151,443157,446714,6,3557,2,7200,1.00168681473
443178,443185,446815,7,3630,2,7200,1.00192837466
443227,443233,446742,6,3509,2,7200,1.00170988886
443241,443248,446789,7,3541,2,7200,1.0019768427
443256,443264,446865,8,3601,2,7200,1.00222160511
443286,443294,446652,8,3358,2,7200,1.00238237046
443502,443508,447115,6,3607,2,7200,1.00166343222
443517,443523,447135,6,3612,2,7200,1.00166112957
443541,443548,447191,7,3643,2,7200,1.00192149327
443647,443653,447182,6,3529,2,7200,1.00170019836
443665,443671,447168,6,3497,2,7200,1.00171575636
443756,443762,447183,6,3421,2,7200,1.00175387314
443777,443784,461830,7,18046,1,18000,1.0003878976
443783,443791,447577,8,3786,2,7200,1.00211304807
443807,443813,447711,6,3898,2,7200,1.0015392509
443856,443863,447417,7,3554,2,7200,1.00196961171
443913,443919,447324,6,3405,2,7200,1.00176211454
443928,443935,447496,7,3561,2,7200,1.00196573996
443943,443949,447329,6,3380,2,7200,1.00177514793
443964,443970,447603,6,3633,2,7200,1.00165152766
444006,444013,447602,7,3589,2,7200,1.00195040401
444058,444064,447726,6,3662,2,7200,1.00163844894
444059,444072,447484,13,3412,2,7200,1.00381008206
444086,444092,447653,6,3561,2,7200,1.00168491997
444219,444226,447993,7,3767,2,7200,1.00185824263
444237,444245,447965,8,3720,2,7200,1.00215053763
444334,444341,447959,7,3618,2,7200,1.00193477059
444361,444368,447809,7,3441,2,7200,1.00203429236
444534,444540,447992,6,3452,2,7200,1.00173812283
444573,444579,448153,6,3574,2,7200,1.00167879127
444680,444687,448364,7,3677,2,7200,1.00190372586
444819,444826,448420,7,3594,2,7200,1.0019476906
444968,444975,448796,7,3821,2,7200,1.00183198116
446048,446055,449796,7,3741,2,7200,1.00187115744
446050,446062,449664,12,3602,2,7200,1.00333148251
446262,446268,449975,6,3707,2,7200,1.00161855948
446388,446396,449955,8,3559,2,7200,1.00224782242
446606,446613,450225,7,3612,2,7200,1.0019379845
446627,446633,450297,6,3664,2,7200,1.00163755459
446654,446661,450243,7,3582,2,7200,1.00195421552
446687,446693,450016,6,3323,2,7200,1.00180559735
446714,446721,450136,7,3415,2,7200,1.00204978038
446745,446751,450570,6,3819,2,7200,1.00157109191
446790,446797,450298,7,3501,2,7200,1.00199942873
446817,446823,450419,6,3596,2,7200,1.00166852058
446850,446856,450515,6,3659,2,7200,1.00163979229
446865,446872,450559,7,3687,2,7200,1.00189856252
447117,447124,450702,7,3578,2,7200,1.00195640022
447138,447145,450439,7,3294,2,7200,1.0021250759
447169,447175,450632,6,3457,2,7200,1.00173560891
447184,447190,450868,6,3678,2,7200,1.00163132137
447185,447198,450858,13,3660,2,7200,1.00355191257
447200,447206,450920,6,3714,2,7200,1.00161550889
447328,447334,450884,6,3550,2,7200,1.00169014085
447329,447341,465360,12,18019,1,18000,1.0006659637
447343,447349,450997,6,3648,2,7200,1.00164473684
447418,447426,451005,8,3579,2,7200,1.00223526125
447485,447491,451220,6,3729,2,7200,1.00160901046
447500,447507,451200,7,3693,2,7200,1.00189547793
447578,447585,451355,7,3770,2,7200,1.00185676393
447603,447610,451253,7,3643,2,7200,1.00192149327
447604,447617,450944,13,3327,2,7200,1.00390742411
447655,447661,451298,6,3637,2,7200,1.0016497113
447713,447720,451197,7,3477,2,7200,1.0020132298
447728,447735,451167,7,3432,2,7200,1.00203962704
447810,447816,451580,6,3764,2,7200,1.00159404888
447961,447967,451435,6,3468,2,7200,1.00173010381
447976,447982,451573,6,3591,2,7200,1.00167084378
447994,448001,451650,7,3649,2,7200,1.00191833379
447996,448008,451734,12,3726,2,7200,1.00322061192
448156,448163,451785,7,3622,2,7200,1.0019326339
448365,448371,451920,6,3549,2,7200,1.00169061708
448422,448428,452015,6,3587,2,7200,1.001672707
448797,448804,452251,7,3447,2,7200,1.00203075138
449666,449673,453171,7,3498,2,7200,1.00200114351
449799,449806,453758,7,3952,2,7200,1.00177125506
449957,449963,453570,6,3607,2,7200,1.00166343222
449975,449981,453456,6,3475,2,7200,1.00172661871
450017,450024,453576,7,3552,2,7200,1.00197072072
450138,450145,453863,7,3718,2,7200,1.00188273265
450226,450233,453829,7,3596,2,7200,1.00194660734
450244,450250,453848,6,3598,2,7200,1.00166759311
450299,450305,453694,6,3389,2,7200,1.00177043376
450300,450312,453819,12,3507,2,7200,1.00342172797
450421,450427,454235,6,3808,2,7200,1.00157563025
450442,450448,454103,6,3655,2,7200,1.00164158687
450517,450524,454229,7,3705,2,7200,1.00188933873
450560,450566,454101,6,3535,2,7200,1.00169731259
450575,450582,454251,7,3669,2,7200,1.00190787681
450635,450642,454131,7,3489,2,7200,1.00200630553
450705,450710,454400,5,3690,2,7200,1.00135501355
450859,450866,454607,7,3741,2,7200,1.00187115744
450874,450880,454650,6,3770,2,7200,1.00159151194
450889,450895,454431,6,3536,2,7200,1.00169683258
450922,450929,454436,7,3507,2,7200,1.00199600798
450946,450953,454671,7,3718,2,7200,1.00188273265
450998,451005,454457,7,3452,2,7200,1.00202780997
451012,451019,454590,7,3571,2,7200,1.00196023523
451167,451173,454746,6,3573,2,7200,1.00167926113
451200,451207,454607,7,3400,2,7200,1.00205882353
451202,451214,454603,12,3389,2,7200,1.00354086751
451223,451230,454834,7,3604,2,7200,1.00194228635
451256,451263,455087,7,3824,2,7200,1.00183054393
451298,451306,455040,8,3734,2,7200,1.00214247456
451356,451363,454797,7,3434,2,7200,1.00203843914
451437,451444,455109,7,3665,2,7200,1.00190995907
451574,451581,455445,7,3864,2,7200,1.0018115942
451589,451596,455001,7,3405,2,7200,1.00205580029
451653,451660,455385,7,3725,2,7200,1.00187919463
451734,451741,455230,7,3489,2,7200,1.00200630553
451789,451796,455182,7,3386,2,7200,1.00206733609
451922,451928,455653,6,3725,2,7200,1.00161073826
452015,452022,455596,7,3574,2,7200,1.00195858982
452251,452258,455879,7,3621,2,7200,1.00193316763
453173,453180,456797,7,3617,2,7200,1.0019353055
453459,453467,456863,8,3396,2,7200,1.0023557126
453571,453578,457233,7,3655,2,7200,1.00191518468
453586,453592,457222,6,3630,2,7200,1.00165289256
453695,453702,457233,7,3531,2,7200,1.00198244123
453758,453766,457331,8,3565,2,7200,1.00224403927
453822,453828,457363,6,3535,2,7200,1.00169731259
453837,453844,457436,7,3592,2,7200,1.00194877506
453852,453858,457298,6,3440,2,7200,1.00174418605
453867,453873,457723,6,3850,2,7200,1.00155844156
454104,454110,457732,6,3622,2,7200,1.00165654335
454105,454118,457699,13,3581,2,7200,1.00363027087
454132,454140,457911,8,3771,2,7200,1.0021214532
454229,454235,457820,6,3585,2,7200,1.00167364017
454244,454251,457798,7,3547,2,7200,1.00197349873
454259,454265,457755,6,3490,2,7200,1.00171919771
454402,454408,458305,6,3897,2,7200,1.00153964588
454432,454438,458129,6,3691,2,7200,1.00162557572
454447,454453,458013,6,3560,2,7200,1.00168539326
454461,454468,457898,7,3430,2,7200,1.00204081633
454592,454599,458212,7,3613,2,7200,1.0019374481
454607,454613,458148,6,3535,2,7200,1.00169731259
454622,454628,458110,6,3482,2,7200,1.00172314762
454623,454635,458321,12,3686,2,7200,1.00325556158
454651,454658,458275,7,3617,2,7200,1.0019353055
454672,454678,458146,6,3468,2,7200,1.00173010381
454748,454755,458320,7,3565,2,7200,1.00196353436
454799,454807,458531,8,3724,2,7200,1.00214822771
454836,454843,458383,7,3540,2,7200,1.00197740113
455002,455009,458688,7,3679,2,7200,1.00190269095
455041,455047,458749,6,3702,2,7200,1.00162074554
455090,455096,458810,6,3714,2,7200,1.00161550889
455111,455118,458665,7,3547,2,7200,1.00197349873
455183,455190,458727,7,3537,2,7200,1.00197907831
455232,455239,458953,7,3714,2,7200,1.00188476037
455386,455393,458820,7,3427,2,7200,1.00204260286
455447,455453,459255,6,3802,2,7200,1.00157811678
455598,455604,459228,6,3624,2,7200,1.00165562914
455655,455662,459136,7,3474,2,7200,1.00201496834
455883,455890,459593,7,3703,2,7200,1.00189035917
456321,457378,458225,1057,847,2,198000,2.2479338843
456800,456807,460316,7,3509,2,7200,1.00199487033
456863,456871,460402,8,3531,2,7200,1.00226564713
457225,457231,460790,6,3559,2,7200,1.00168586682
457240,457246,460822,6,3576,2,7200,1.00167785235
457241,457253,461011,12,3758,2,7200,1.00319318787
457299,457306,460902,7,3596,2,7200,1.00194660734
457332,457339,461154,7,3815,2,7200,1.00183486239
457365,457371,461182,6,3811,2,7200,1.00157438992
457438,457444,461014,6,3570,2,7200,1.00168067227
457701,457707,461302,6,3595,2,7200,1.0016689847
457726,457732,461341,6,3609,2,7200,1.00166251039
457740,457747,461428,7,3681,2,7200,1.00190165716
457758,457766,461304,8,3538,2,7200,1.0022611645
457801,457807,461468,6,3661,2,7200,1.00163889648
457822,457829,461250,7,3421,2,7200,1.00204618533
457900,457907,461713,7,3806,2,7200,1.00183920126
457915,457922,461710,7,3788,2,7200,1.00184794087
458015,458021,461717,6,3696,2,7200,1.00162337662
458112,458119,461782,7,3663,2,7200,1.00191100191
458130,458137,461917,7,3780,2,7200,1.00185185185
458148,458154,461735,6,3581,2,7200,1.00167550963
458150,458162,461762,12,3600,2,7200,1.00333333333
458213,458219,461788,6,3569,2,7200,1.00168114318
458277,458283,461658,6,3375,2,7200,1.00177777778
458307,458314,462028,7,3714,2,7200,1.00188476037
458322,458329,461988,7,3659,2,7200,1.00191309101
458323,458336,461828,13,3492,2,7200,1.00372279496
458345,459241,490324,896,31083,2,198000,1.02882604639
458384,458391,461707,7,3316,2,7200,1.00211097708
458532,458539,462203,7,3664,2,7200,1.00191048035
458665,458672,462106,7,3434,2,7200,1.00203843914
458689,458696,462292,7,3596,2,7200,1.00194660734
458729,458735,462191,6,3456,2,7200,1.00173611111
458750,458757,462486,7,3729,2,7200,1.00187717887
458810,458817,462226,7,3409,2,7200,1.00205338809
458825,458831,462561,6,3730,2,7200,1.00160857909
458955,458962,462561,7,3599,2,7200,1.00194498472
459137,459145,462470,8,3325,2,7200,1.00240601504
459228,459234,462737,6,3503,2,7200,1.00171281758
459258,459264,462831,6,3567,2,7200,1.00168208579
459594,459600,463012,6,3412,2,7200,1.00175849941
460316,460322,463911,6,3589,2,7200,1.00167177487
460403,460409,463869,6,3460,2,7200,1.00173410405
460793,460800,464405,7,3605,2,7200,1.00194174757
460823,460830,464236,7,3406,2,7200,1.00205519671
460905,460911,464309,6,3398,2,7200,1.00176574456
461011,461018,464620,7,3602,2,7200,1.0019433648
461025,461033,464878,8,3845,2,7200,1.00208062419
461155,461161,464927,6,3766,2,7200,1.00159320234
461183,461190,465055,7,3865,2,7200,1.00181112549
461252,461258,464703,6,3445,2,7200,1.00174165457
461303,461310,464767,7,3457,2,7200,1.00202487706
461305,461318,465059,13,3741,2,7200,1.00347500668
461341,461348,465031,7,3683,2,7200,1.00190062449
461429,461435,465286,6,3851,2,7200,1.00155803687
461468,461475,465233,7,3758,2,7200,1.00186269292
461550,461556,473352,6,11796,1,18000,1.000508647
461659,461666,465195,7,3529,2,7200,1.00198356475
461707,461714,465552,7,3838,2,7200,1.0018238666
461723,461730,465247,7,3517,2,7200,1.00199033267
461724,461737,465508,13,3771,2,7200,1.00344736144
461726,461742,465258,16,3516,2,7200,1.00455062571
461741,461749,465312,8,3563,2,7200,1.00224529891
461765,461772,465678,7,3906,2,7200,1.0017921147
461783,461789,465531,6,3742,2,7200,1.00160342063
461798,461804,465249,6,3445,2,7200,1.00174165457
461831,461837,465268,6,3431,2,7200,1.00174876129
461919,461926,465406,7,3480,2,7200,1.00201149425
461988,461995,465819,7,3824,2,7200,1.00183054393
462028,462035,465525,7,3490,2,7200,1.00200573066
462106,462113,465893,7,3780,2,7200,1.00185185185
462191,462197,465687,6,3490,2,7200,1.00171919771
462206,462214,465792,8,3578,2,7200,1.00223588597
462227,462235,465807,8,3572,2,7200,1.00223964166
462294,462301,465865,7,3564,2,7200,1.0019640853
462470,462476,465933,6,3457,2,7200,1.00173560891
462488,462495,466017,7,3522,2,7200,1.0019875071
462564,462571,466301,7,3730,2,7200,1.0018766756
462565,462578,465876,13,3298,2,7200,1.0039417829
462738,462745,466450,7,3705,2,7200,1.00188933873
462832,462839,466455,7,3616,2,7200,1.00193584071
463013,463020,466864,7,3844,2,7200,1.00182101977
463067,463079,571091,12,108012,2,108000,1.00011109877
463872,463878,467484,6,3606,2,7200,1.00166389351
463908,463914,467277,6,3363,2,7200,1.00178412132
464124,464253,567123,129,102870,2,108000,1.00125400992
464239,464246,467949,7,3703,2,7200,1.00189035917
464312,464318,467850,6,3532,2,7200,1.00169875425
464405,464412,467923,7,3511,2,7200,1.00199373398
464621,464628,468244,7,3616,2,7200,1.00193584071
464703,464709,468358,6,3649,2,7200,1.00164428611
464769,464775,468214,6,3439,2,7200,1.00174469322
464878,464885,468548,7,3663,2,7200,1.00191100191
464929,464936,468625,7,3689,2,7200,1.00189753321
465033,465040,468834,7,3794,2,7200,1.00184501845
465049,465265,492702,216,27437,4,32400,1.00787258082
465057,465064,468846,7,3782,2,7200,1.00185087255
465072,465079,468476,7,3397,2,7200,1.00206064174
465196,465203,468736,7,3533,2,7200,1.00198131899
465235,465242,468726,7,3484,2,7200,1.00200918485
465250,465258,468690,8,3432,2,7200,1.00233100233
465252,465271,468765,19,3494,2,7200,1.00543789353
465267,465278,468848,11,3570,2,7200,1.00308123249
465282,465289,468788,7,3499,2,7200,1.00200057159
465297,465304,468898,7,3594,2,7200,1.0019476906
465312,465319,468898,7,3579,2,7200,1.00195585359
465406,465413,468862,7,3449,2,7200,1.00202957379
465509,465516,469249,7,3733,2,7200,1.00187516743
465528,465535,469175,7,3640,2,7200,1.00192307692
465542,465550,469056,8,3506,2,7200,1.00228180262
465557,465564,468994,7,3430,2,7200,1.00204081633
465679,465686,469566,7,3880,2,7200,1.00180412371
465694,465701,469223,7,3522,2,7200,1.0019875071
465794,465801,469372,7,3571,2,7200,1.00196023523
465809,465816,469409,7,3593,2,7200,1.00194823267
465824,465831,469421,7,3590,2,7200,1.00194986072
465866,465873,469531,7,3658,2,7200,1.001913614
465881,465888,469394,7,3506,2,7200,1.0019965773
465896,465903,469644,7,3741,2,7200,1.00187115744
465936,465943,469507,7,3564,2,7200,1.0019640853
466020,466028,469673,8,3645,2,7200,1.00219478738
466125,466132,471032,7,4900,3,28800,1.00142857143
466302,466309,470069,7,3760,2,7200,1.00186170213
466453,466460,470081,7,3621,2,7200,1.00193316763
466468,466475,470176,7,3701,2,7200,1.00189138071
466866,466873,470455,7,3582,2,7200,1.00195421552
466994,471091,486252,4097,15161,4,21600,1.27023283425
467278,467285,470955,7,3670,2,7200,1.00190735695
467487,467494,471048,7,3554,2,7200,1.00196961171
467853,467861,471594,8,3733,2,7200,1.00214304849
467925,467932,471496,7,3564,2,7200,1.0019640853
467949,467956,471368,7,3412,2,7200,1.00205158265
467977,472099,473635,4122,1536,4,3540,3.68359375
468217,468224,471786,7,3562,2,7200,1.0019651881
468244,468251,471621,7,3370,2,7200,1.00207715134
468295,468805,480462,510,11657,2,72000,1.04375053616
468359,468367,471885,8,3518,2,7200,1.00227401933
468479,468487,472019,8,3532,2,7200,1.00226500566
468549,468555,472086,6,3531,2,7200,1.00169923534
468627,468634,472079,7,3445,2,7200,1.00203193033
468691,468698,472419,7,3721,2,7200,1.00188121473
468730,468737,472212,7,3475,2,7200,1.00201438849
468745,468752,472030,7,3278,2,7200,1.00213544844
468766,468773,472598,7,3825,2,7200,1.00183006536
468790,468797,472269,7,3472,2,7200,1.00201612903
468836,468843,472432,7,3589,2,7200,1.00195040401
468851,468858,472514,7,3656,2,7200,1.00191466083
468852,468865,472178,13,3313,2,7200,1.00392393601
468867,468874,472444,7,3570,2,7200,1.00196078431
468898,468905,472624,7,3719,2,7200,1.0018822264
468899,468912,472566,13,3654,2,7200,1.00355774494
468983,469010,472714,27,3704,1,3600,1.00728941685
468996,469003,472588,7,3585,2,7200,1.0019525802
469057,469063,472503,6,3440,2,7200,1.00174418605
469176,469183,472820,7,3637,2,7200,1.00192466318
469192,469522,515651,330,46129,2,108000,1.00715385116
469224,469231,472626,7,3395,2,7200,1.00206185567
469251,469259,473038,8,3779,2,7200,1.00211696216
469376,469383,472871,7,3488,2,7200,1.00200688073
469397,469404,473004,7,3600,2,7200,1.00194444444
469412,469419,472915,7,3496,2,7200,1.00200228833
469427,469434,473119,7,3685,2,7200,1.00189959294
469508,469515,473183,7,3668,2,7200,1.00190839695
469532,469540,473116,8,3576,2,7200,1.00223713647
469566,469573,473107,7,3534,2,7200,1.00198075835
469645,469652,473341,7,3689,2,7200,1.00189753321
469675,469681,473213,6,3532,2,7200,1.00169875425
470070,470077,473839,7,3762,2,7200,1.00186071239
470085,470092,473892,7,3800,2,7200,1.00184210526
470179,470186,473792,7,3606,2,7200,1.0019412091
470288,471456,541622,1168,70166,2,108000,1.01664623892
470457,470464,474117,7,3653,2,7200,1.00191623323
470956,470964,474581,8,3617,2,7200,1.00221177772
471050,471057,474790,7,3733,2,7200,1.00187516743
471371,471378,474963,7,3585,2,7200,1.0019525802
471499,471506,475233,7,3727,2,7200,1.00187818621
471596,471603,475179,7,3576,2,7200,1.00195749441
471623,471629,475460,6,3831,2,7200,1.00156617071
471784,471791,475036,7,3245,2,7200,1.00215716487
471887,471893,475436,6,3543,2,7200,1.0016934801
472020,472027,475595,7,3568,2,7200,1.00196188341
472026,472049,479860,23,7811,2,18000,1.00294456536
472035,472042,475825,7,3783,2,7200,1.00185038329
472080,472088,475669,8,3581,2,7200,1.00223401285
472095,472106,475719,11,3613,2,7200,1.00304456131
472113,473647,474497,1534,850,4,1200,2.80470588235
472180,472187,475533,7,3346,2,7200,1.00209205021
472213,472220,475977,7,3757,2,7200,1.00186318871
472271,472277,475734,6,3457,2,7200,1.00173560891
472422,472430,476119,8,3689,2,7200,1.00216860938
472438,472444,475879,6,3435,2,7200,1.00174672489
472453,472460,476045,7,3585,2,7200,1.0019525802
472504,472511,476017,7,3506,2,7200,1.0019965773
472519,472526,476345,7,3819,2,7200,1.00183294056
472567,472575,475983,8,3408,2,7200,1.00234741784
472589,472595,476168,6,3573,2,7200,1.00167926113
472604,472610,476159,6,3549,2,7200,1.00169061708
472625,472632,476495,7,3863,2,7200,1.00181206316
472640,472647,476390,7,3743,2,7200,1.00187015763
472822,472829,476382,7,3553,2,7200,1.00197016606
472873,472881,476474,8,3593,2,7200,1.00222655163
472916,472923,476772,7,3849,2,7200,1.0018186542
473003,553829,563978,80826,10149,12,14400,8.96393733373
473006,473013,476787,7,3774,2,7200,1.00185479597
473040,473046,476405,6,3359,2,7200,1.00178624591
473109,473116,476609,7,3493,2,7200,1.00200400802
473124,473131,476869,7,3738,2,7200,1.00187265918
473126,473139,476689,13,3550,2,7200,1.00366197183
473186,473192,476726,6,3534,2,7200,1.00169779287
473217,473223,476940,6,3717,2,7200,1.001614205
473344,473352,476913,8,3561,2,7200,1.00224655996
473372,473379,489029,7,15650,1,18000,1.00044728435
473386,473393,491397,7,18004,1,18000,1.00038880249
473396,473404,491439,8,18035,1,18000,1.00044358192
473406,473852,486702,446,12850,1,18000,1.03470817121
473635,473858,473865,223,7,1,900,23.0
473652,474509,475992,857,1483,4,3540,1.57788267026
473792,473800,477481,8,3681,2,7200,1.00217332247
473838,473845,477484,7,3639,2,7200,1.00192360539
473892,473899,477353,7,3454,2,7200,1.00202663578
474119,474126,477782,7,3656,2,7200,1.00191466083
474584,474591,478143,7,3552,2,7200,1.00197072072
474791,474799,478243,8,3444,2,7200,1.00232288037
474967,474975,478601,8,3626,2,7200,1.00220628792
475037,475044,478587,7,3543,2,7200,1.00197572679
475182,475188,478756,6,3568,2,7200,1.00168161435
475237,475244,478825,7,3581,2,7200,1.00195476124
475274,475992,498875,718,22883,2,198000,1.03137700476
475436,475443,478902,7,3459,2,7200,1.00202370627
475460,475468,479031,8,3563,2,7200,1.00224529891
475533,475539,479222,6,3683,2,7200,1.00162910671
475594,475601,479394,7,3793,2,7200,1.00184550488
475646,477460,478482,1814,1022,8,1800,2.77495107632
475670,475676,479337,6,3661,2,7200,1.00163889648
475721,475728,479477,7,3749,2,7200,1.00186716458
475736,475742,479207,6,3465,2,7200,1.00173160173
475827,475834,479537,7,3703,2,7200,1.00189035917
475882,475889,479423,7,3534,2,7200,1.00198075835
475978,475985,479583,7,3598,2,7200,1.00194552529
475991,475999,476006,8,7,1,900,1.5
475993,476006,479659,13,3653,2,7200,1.00355871886
476016,477465,478963,1449,1498,4,3540,1.96728971963
476017,476023,479604,6,3581,2,7200,1.00167550963
476048,476054,479562,6,3508,2,7200,1.00171037628
476120,476128,479732,8,3604,2,7200,1.00221975583
476163,476169,479903,6,3734,2,7200,1.00160685592
476178,476184,479750,6,3566,2,7200,1.00168255749
476347,476354,479763,7,3409,2,7200,1.00205338809
476384,476391,479939,7,3548,2,7200,1.0019729425
476398,476406,480285,8,3879,2,7200,1.00206238721
476413,476420,480037,7,3617,2,7200,1.0019353055
476477,476484,480209,7,3725,2,7200,1.00187919463
476495,476502,480228,7,3726,2,7200,1.00187869028
476610,476617,480265,7,3648,2,7200,1.00191885965
476692,476699,480396,7,3697,2,7200,1.0018934271
476728,476734,480336,6,3602,2,7200,1.00166574125
476773,476780,480381,7,3601,2,7200,1.00194390447
476788,476794,480415,6,3621,2,7200,1.00165700083
476870,476876,480321,6,3445,2,7200,1.00174165457
476915,476923,480440,8,3517,2,7200,1.00227466591
476943,476950,480533,7,3583,2,7200,1.00195367011
477354,477360,480882,6,3522,2,7200,1.00170357751
477450,477471,485292,21,7821,4,18000,1.00268507863
477484,477491,480971,7,3480,2,7200,1.00201149425
477485,477498,481213,13,3715,2,7200,1.00349932705
477785,477791,481387,6,3596,2,7200,1.00166852058
478145,478152,481747,7,3595,2,7200,1.00194714882
478245,478252,481697,7,3445,2,7200,1.00203193033
478563,478569,478581,6,12,8,1800,1.5
478588,478596,482080,8,3484,2,7200,1.00229621125
478603,478609,482199,6,3590,2,7200,1.00167130919
478758,478765,482435,7,3670,2,7200,1.00190735695
478827,478834,482478,7,3644,2,7200,1.00192096597
478903,478910,482547,7,3637,2,7200,1.00192466318
478963,478976,478982,13,6,1,900,1.9
478989,493454,494879,14465,1425,32,1800,11.150877193
478990,478996,481016,6,2020,4,3540,1.00297029703
479033,479041,482612,8,3571,2,7200,1.00224026883
479042,480474,482246,1432,1772,4,2400,1.80812641084
479209,479215,482763,6,3548,2,7200,1.00169109357
479224,479231,482828,7,3597,2,7200,1.00194606617
479339,479346,482931,7,3585,2,7200,1.0019525802
479397,479403,483018,6,3615,2,7200,1.00165975104
479424,479431,483029,7,3598,2,7200,1.00194552529
479478,479485,482994,7,3509,2,7200,1.00199487033
479539,479545,483161,6,3616,2,7200,1.00165929204
479563,479569,483111,6,3542,2,7200,1.00169395822
479584,479590,483078,6,3488,2,7200,1.00172018349
479605,479612,483098,7,3486,2,7200,1.00200803213
479660,479667,483222,7,3555,2,7200,1.00196905767
479733,479740,483363,7,3623,2,7200,1.00193210047
479751,479757,483326,6,3569,2,7200,1.00168114318
479766,479772,483410,6,3638,2,7200,1.00164925783
479906,479913,483730,7,3817,2,7200,1.00183390097
479939,479946,483577,7,3631,2,7200,1.00192784357
480039,480045,483888,6,3843,2,7200,1.00156128025
480213,480221,483991,8,3770,2,7200,1.00212201592
480228,480235,483911,7,3676,2,7200,1.00190424374
480265,480271,483721,6,3450,2,7200,1.00173913043
480286,480293,483759,7,3466,2,7200,1.00201961916
480322,480329,483811,7,3482,2,7200,1.00201033889
480337,480343,483832,6,3489,2,7200,1.00171969046
480382,480389,483969,7,3580,2,7200,1.00195530726
480397,480403,483916,6,3513,2,7200,1.00170794193
480418,480424,483961,6,3537,2,7200,1.00169635284
480442,480449,484027,7,3578,2,7200,1.00195640022
480483,481029,481652,546,623,4,3540,1.87640449438
480530,480537,484116,7,3579,1,3540,1.00195585359
480531,480543,484081,12,3538,2,7200,1.00339174675
480886,480892,484512,6,3620,2,7200,1.00165745856
480974,480981,484597,7,3616,2,7200,1.00193584071
481014,481021,481028,7,7,1,900,1.4
481042,482258,482602,1216,344,4,3540,4.53488372093
481057,482263,590283,1206,108020,2,108000,1.01116459915
481217,481223,484784,6,3561,2,7200,1.00168491997
481389,503824,504713,22435,889,64,28740,26.2362204724
481390,481398,485003,8,3605,2,7200,1.00221914008
481697,481704,485289,7,3585,2,7200,1.0019525802
481749,481755,485333,6,3578,2,7200,1.00167691448
482082,482090,485708,8,3618,2,7200,1.00221116639
482200,482207,485764,7,3557,2,7200,1.00196795052
482276,483981,526620,1705,42639,2,108000,1.03998686648
482437,482444,486175,7,3731,2,7200,1.00187617261
482479,482486,486228,7,3742,2,7200,1.0018706574
482549,482555,486295,6,3740,2,7200,1.00160427807
482554,482562,482603,8,41,2,7200,1.19512195122
482601,482608,482609,7,1,1,900,1.0
482613,482619,486285,6,3666,2,7200,1.00163666121
482649,482656,482690,7,34,2,7200,1.20588235294
482721,482729,484045,8,1316,4,2400,1.00607902736
482765,482772,486403,7,3631,2,7200,1.00192784357
482831,482839,486424,8,3585,2,7200,1.00223152022
482838,483127,484207,289,1080,2,7200,1.26759259259
482932,482940,486587,8,3647,2,7200,1.00219358377
482996,483003,486542,7,3539,2,7200,1.00197795988
483020,483027,486514,7,3487,2,7200,1.00200745627
483035,483042,486510,7,3468,2,7200,1.00201845444
483081,483090,486685,9,3595,2,7200,1.00250347705
483099,483106,486673,7,3567,2,7200,1.00196243342
483114,483120,486926,6,3806,2,7200,1.00157645822
483162,483169,486792,7,3623,2,7200,1.00193210047
483216,487061,518676,3845,31615,2,108000,1.12161948442
483223,483230,486938,7,3708,2,7200,1.00188781014
483329,483335,486814,6,3479,2,7200,1.00172463352
483365,483373,486883,8,3510,2,7200,1.00227920228
483411,483418,486992,7,3574,2,7200,1.00195858982
483425,484959,485790,1534,831,4,2340,2.84596871239
483578,483585,487272,7,3687,2,7200,1.00189856252
483721,483728,487544,7,3816,2,7200,1.00183438155
483736,483743,487081,7,3338,2,7200,1.00209706411
483760,483767,487517,7,3750,2,7200,1.00186666667
483815,483821,487686,6,3865,2,7200,1.00155239327
483833,483839,487371,6,3532,2,7200,1.00169875425
483891,483897,487727,6,3830,2,7200,1.00156657963
483912,483920,487687,8,3767,2,7200,1.00212370587
483927,483933,487643,6,3710,2,7200,1.00161725067
483964,483971,487398,7,3427,2,7200,1.00204260286
483979,483988,487714,9,3726,2,7200,1.00241545894
483994,484001,487497,7,3496,2,7200,1.00200228833
484024,484031,487652,7,3621,2,7200,1.00193316763
484049,485302,487210,1253,1908,8,2400,1.65670859539
484081,484088,487717,7,3629,2,7200,1.00192890603
484515,484522,488134,7,3612,2,7200,1.0019379845
484600,484606,488200,6,3594,2,7200,1.00166944908
484619,484625,484879,6,254,4,7200,1.02362204724
484620,484632,484880,12,248,4,7200,1.04838709677
484787,484794,488447,7,3653,2,7200,1.00191623323
484925,484931,492176,6,7245,4,7200,1.00082815735
484925,484936,492148,11,7212,4,7200,1.00152523572
485005,485013,488702,8,3689,2,7200,1.00216860938
485122,494462,496902,9340,2440,32,3600,4.82786885246
485263,485270,487909,7,2639,1,7200,1.00265251989
485288,485295,488969,7,3674,1,7200,1.00190528035
485290,485307,488807,17,3500,2,7200,1.00485714286
485336,485343,489071,7,3728,2,7200,1.0018776824
485363,485779,489455,416,3676,2,7200,1.11316648531
485365,485802,490689,437,4887,2,7200,1.08942091263
485399,485807,485823,408,16,2,7200,26.5
485710,485717,489386,7,3669,2,7200,1.00190787681
485764,485772,489406,8,3634,2,7200,1.00220143093
485769,486926,486928,1157,2,4,3540,115.9
485789,485833,485836,44,3,1,900,4.7
485802,485838,485839,36,1,1,3540,3.7
485803,486264,487134,461,870,4,2340,1.52988505747
486132,486138,486141,6,3,2,7200,1.0
486147,486154,486157,7,3,2,7200,1.0
486177,486183,490017,6,3834,2,7200,1.00156494523
486178,486242,486281,64,39,2,7200,2.64102564103
486228,486234,489798,6,3564,2,7200,1.00168350168
486286,486293,489870,7,3577,2,7200,1.00195694716
486301,486307,490013,6,3706,2,7200,1.00161899622
486404,486410,490178,6,3768,2,7200,1.00159235669
486422,486428,490197,6,3769,2,7200,1.0015919342
486513,486520,489856,7,3336,2,7200,1.00209832134
486528,486534,489934,6,3400,2,7200,1.00176470588
486543,486549,490023,6,3474,2,7200,1.00172711572
486588,486595,490303,7,3708,2,7200,1.00188781014
486676,486682,490227,6,3545,2,7200,1.00169252468
486691,486699,490182,8,3483,2,7200,1.00229687051
486733,486829,486919,96,90,2,7200,2.06666666667
486794,486801,490383,7,3582,2,7200,1.00195421552
486815,486821,490363,6,3542,2,7200,1.00169395822
486885,486892,490569,7,3677,2,7200,1.00190372586
486928,486935,490515,7,3580,2,7200,1.00195530726
486943,486950,490584,7,3634,2,7200,1.00192625206
486994,487001,490615,7,3614,2,7200,1.00193691201
487056,487069,488597,13,1528,2,7200,1.0085078534
487076,487083,487108,7,25,1,561600,1.28
487082,487090,490797,8,3707,2,7200,1.00215807931
487118,487125,654310,7,167185,1,561600,1.00004186978
487132,487139,487144,7,5,1,900,1.2
487145,487152,487987,7,835,4,2340,1.00838323353
487255,487262,1048889,7,561627,1,561600,1.00001246379
487273,487279,490883,6,3604,2,7200,1.00166481687
487328,487335,650410,7,163075,1,561600,1.00004292503
487334,487341,488266,7,925,2,7200,1.00756756757
487373,487380,491204,7,3824,2,7200,1.00183054393
487400,487407,491194,7,3787,2,7200,1.00184842884
487455,487462,1049082,7,561620,1,561600,1.00001246394
487497,487504,490869,7,3365,2,7200,1.00208023774
487518,487525,490938,7,3413,2,7200,1.00205098154
487523,487532,487800,9,268,1,3540,1.03358208955
487545,487552,491008,7,3456,2,7200,1.00202546296
487646,487652,491116,6,3464,2,7200,1.00173210162
487661,487668,491256,7,3588,2,7200,1.0019509476
487688,487695,491293,7,3598,2,7200,1.00194552529
487689,487702,491148,13,3446,2,7200,1.00377248984
487717,487724,491316,7,3592,2,7200,1.00194877506
487732,487738,491459,6,3721,2,7200,1.00161246977
487733,487746,491430,13,3684,2,7200,1.00352877307
487761,487768,628633,7,140865,1,561600,1.00004969297
487907,488009,719369,102,231360,1,561600,1.00044087137
487947,487954,487957,7,3,1,900,1.0
487985,487993,487999,8,6,1,900,1.4
487991,488000,488511,9,511,1,900,1.01761252446
487999,488017,489063,18,1046,4,2340,1.017208413
488135,488142,491713,7,3571,2,7200,1.00196023523
488201,488209,491804,8,3595,2,7200,1.00222531293
488447,488454,492036,7,3582,2,7200,1.00195421552
488599,488605,488989,6,384,2,7200,1.015625
488617,488624,488628,7,4,1,900,1.1
488662,488669,488671,7,2,1,900,1.0
488704,488711,492302,7,3591,2,7200,1.00194931774
488732,488739,488976,7,237,1,900,1.02953586498
488807,488814,492371,7,3557,2,7200,1.00196795052
489021,489028,490569,7,1541,2,7200,1.00454250487
489061,489067,489073,6,6,1,900,1.2
489070,489077,489442,7,365,4,2340,1.01917808219
489073,489085,492661,12,3576,2,7200,1.0033557047
489388,489395,492967,7,3572,2,7200,1.00195968645
489406,489412,493152,6,3740,2,7200,1.00160427807
489801,489808,493440,7,3632,2,7200,1.00192731278
489858,489865,493555,7,3690,2,7200,1.00189701897
489873,489881,493756,8,3875,2,7200,1.00206451613
489934,489940,493591,6,3651,2,7200,1.00164338537
490013,490020,493612,7,3592,2,7200,1.00194877506
490028,490035,493720,7,3685,2,7200,1.00189959294
490030,490042,493637,12,3595,2,7200,1.0033379694
490181,490188,493821,7,3633,2,7200,1.00192678227
490183,490195,493925,12,3730,2,7200,1.00321715818
490198,490205,493763,7,3558,2,7200,1.00196739741
490228,490235,493746,7,3511,2,7200,1.00199373398
490304,490311,493747,7,3436,2,7200,1.00203725262
490356,490362,491047,6,685,1,1200,1.00875912409
490365,490372,493968,7,3596,2,7200,1.00194660734
490383,490390,494069,7,3679,2,7200,1.00190269095
490516,490523,494272,7,3749,2,7200,1.00186716458
490570,490579,494097,9,3518,2,7200,1.00255827175
490585,490599,493552,14,2953,2,7200,1.00474094142
490585,490592,494307,7,3715,2,7200,1.00188425303
490616,490622,494001,6,3379,2,7200,1.00177567328
490797,490805,494543,8,3738,2,7200,1.00214018192
490841,609353,609364,118512,11,6,172800,10774.8181818
490870,490877,494471,7,3594,2,7200,1.0019476906
490885,490891,494328,6,3437,2,7200,1.00174570847
490940,490947,494396,7,3449,2,7200,1.00202957379
491009,491015,494448,6,3433,2,7200,1.0017477425
491118,491125,494545,7,3420,2,7200,1.00204678363
491149,491155,494866,6,3711,2,7200,1.00161681487
491194,491201,494857,7,3656,2,7200,1.00191466083
491209,491216,494812,7,3596,2,7200,1.00194660734
491257,491264,494678,7,3414,2,7200,1.00205038079
491294,491300,494686,6,3386,2,7200,1.00177200236
491318,491324,494856,6,3532,2,7200,1.00169875425
491329,503841,543205,12512,39364,36,86400,1.31785387664
491430,491438,494995,8,3557,2,7200,1.00224908631
491461,491468,495211,7,3743,2,7200,1.00187015763
491673,491680,492217,7,537,1,1200,1.01303538175
491714,491721,495049,7,3328,2,7200,1.00210336538
491805,491811,495448,6,3637,2,7200,1.0016497113
491935,503869,504033,11934,164,16,72000,73.7682926829
491955,503846,503848,11891,2,16,22800,1189.3
492036,492043,495554,7,3511,2,7200,1.00199373398
492303,492310,495914,7,3604,2,7200,1.00194228635
492373,492380,495781,7,3401,2,7200,1.00205821817
492664,492670,496188,6,3518,2,7200,1.0017055145
492765,504724,511808,11959,7084,64,14400,2.68817052513
492766,511821,518896,19055,7075,64,14400,3.69328621908
492769,518907,525994,26138,7087,64,14400,4.68816142232
492771,526005,533071,33234,7066,64,14400,5.70336824229
492773,533084,540173,40311,7089,64,14400,6.68641557342
492776,541125,548220,48349,7095,64,14400,7.81451726568
492778,550255,557330,57477,7075,64,14400,9.12395759717
492967,492975,496725,8,3750,2,7200,1.00213333333
493153,493159,496757,6,3598,2,7200,1.00166759311
493441,493447,497144,6,3697,2,7200,1.00162293752
493481,504045,504933,10564,888,16,72000,12.8963963964
493556,493562,497014,6,3452,2,7200,1.00173812283
493592,493599,496986,7,3387,2,7200,1.00206672572
493614,493621,496987,7,3366,2,7200,1.00207961973
493631,540184,541113,46553,929,64,28740,51.1108719053
493638,493644,497188,6,3544,2,7200,1.00169300226
493722,493728,497178,6,3450,2,7200,1.00173913043
493747,493753,497270,6,3517,2,7200,1.00170599943
493748,493760,497236,12,3476,2,7200,1.00345224396
493764,493772,497391,8,3619,2,7200,1.0022105554
493766,493777,497320,11,3543,2,7200,1.00310471352
493772,548232,550243,54460,2011,64,25140,28.0810542019
493822,493828,497380,6,3552,2,7200,1.00168918919
493926,557341,560058,63415,2717,64,14340,24.3400809717
493928,493935,497573,7,3638,2,7200,1.00192413414
493970,493977,497701,7,3724,2,7200,1.00187969925
494008,494016,497756,8,3740,2,7200,1.00213903743
494071,494078,497685,7,3607,2,7200,1.00194067092
494098,494106,497728,8,3622,2,7200,1.00220872446
494166,502502,503813,8336,1311,128,17940,7.35850495805
494272,494279,497909,7,3630,2,7200,1.00192837466
494308,494314,498100,6,3786,2,7200,1.00158478605
494331,494339,498032,8,3693,2,7200,1.00216626049
494399,494406,497759,7,3353,2,7200,1.00208768267
494449,494456,498031,7,3575,2,7200,1.00195804196
494473,494480,497962,7,3482,2,7200,1.00201033889
494543,494549,498132,6,3583,2,7200,1.00167457438
494558,494564,498157,6,3593,2,7200,1.00166991372
494679,494685,498103,6,3418,2,7200,1.00175541252
494694,494701,498274,7,3573,2,7200,1.00195913798
494812,494820,498326,8,3506,2,7200,1.00228180262
494855,494861,498594,6,3733,2,7200,1.00160728636
494870,494877,498091,7,3214,2,7200,1.00217797138
494871,494884,498582,13,3698,2,7200,1.00351541374
494996,495002,498414,6,3412,2,7200,1.00175849941
495050,495057,498650,7,3593,2,7200,1.00194823267
495214,495220,498956,6,3736,2,7200,1.00160599572
495451,495458,499074,7,3616,2,7200,1.00193584071
495557,495563,499198,6,3635,2,7200,1.00165061898
495682,497395,591526,1713,94131,2,108000,1.01819804315
495781,495788,499334,7,3546,2,7200,1.00197405527
495917,495923,499427,6,3504,2,7200,1.00171232877
496180,504945,504953,8765,8,16,36600,877.3
496190,496196,499990,6,3794,2,7200,1.00158144439
496258,497588,546034,1330,48446,2,108000,1.02745324691
496726,496733,500205,7,3472,2,7200,1.00201612903
496759,496766,500495,7,3729,2,7200,1.00187717887
496987,496994,500707,7,3713,2,7200,1.00188526798
496988,497001,500593,13,3592,2,7200,1.00361915367
497016,497022,500371,6,3349,2,7200,1.00179157958
497146,497151,500713,5,3562,2,7200,1.00140370578
497179,497185,500543,6,3358,2,7200,1.00178677784
497194,497201,500783,7,3582,2,7200,1.00195421552
497239,497246,500503,7,3257,2,7200,1.00214921707
497272,497279,500918,7,3639,2,7200,1.00192360539
497321,497327,500967,6,3640,2,7200,1.00164835165
497381,497388,501187,7,3799,2,7200,1.00184259016
497396,497403,500904,7,3501,2,7200,1.00199942873
497575,497581,501191,6,3610,2,7200,1.00166204986
497687,497695,501310,8,3615,2,7200,1.00221300138
497702,497709,501337,7,3628,2,7200,1.00192943771
497730,497737,501350,7,3613,2,7200,1.0019374481
497757,497764,501466,7,3702,2,7200,1.0018908698
497772,497778,501334,6,3556,2,7200,1.00168728909
497909,497916,501505,7,3589,2,7200,1.00195040401
497964,497970,501616,6,3646,2,7200,1.00164563906
498034,498041,501851,7,3810,2,7200,1.00183727034
498035,498048,501909,13,3861,2,7200,1.00336700337
498093,498099,501628,6,3529,2,7200,1.00170019836
498108,498115,501814,7,3699,2,7200,1.00189240335
498109,498121,501513,12,3392,2,7200,1.00353773585
498133,498139,501663,6,3524,2,7200,1.00170261067
498160,498167,501681,7,3514,2,7200,1.00199203187
498276,498282,501762,6,3480,2,7200,1.00172413793
498327,498333,502124,6,3791,2,7200,1.00158269586
498415,498422,501994,7,3572,2,7200,1.00195968645
498585,498591,502155,6,3564,2,7200,1.00168350168
498600,498607,502072,7,3465,2,7200,1.00202020202
498652,498659,502181,7,3522,2,7200,1.0019875071
498958,498965,502642,7,3677,2,7200,1.00190372586
499019,499026,499029,7,3,4,7200,1.0
499020,499031,499034,11,3,4,7200,1.4
499076,499083,502568,7,3485,2,7200,1.00200860832
499086,499092,499459,6,367,4,7200,1.01634877384
499087,499099,499459,12,360,4,7200,1.03333333333
499201,499207,502976,6,3769,2,7200,1.0015919342
499337,499344,502792,7,3448,2,7200,1.00203016241
499428,499435,503170,7,3735,2,7200,1.00187416332
499477,499484,499640,7,156,4,7200,1.04487179487
499478,499489,499639,11,150,4,7200,1.07333333333
499653,499659,499690,6,31,4,7200,1.1935483871
499654,499665,499690,11,25,4,7200,1.44
499714,499721,499747,7,26,4,7200,1.26923076923
499715,499726,499747,11,21,4,7200,1.52380952381
499991,499997,503787,6,3790,2,7200,1.00158311346
500055,500061,500071,6,10,2,7200,1.6
500088,500094,500464,6,370,2,7200,1.01621621622
500206,500217,503919,11,3702,2,7200,1.00297136683
500372,500378,504143,6,3765,2,7200,1.0015936255
500373,500509,632826,136,132317,1,259200,1.00102783467
500398,500721,630319,323,129598,1,259200,1.00249232241
500424,503851,662658,3427,158807,1,259200,1.02157965329
500448,503857,675475,3409,171618,1,259200,1.01986388374
500471,503862,625532,3391,121670,1,259200,1.0278704693
500477,500483,500713,6,230,2,7200,1.02608695652
500496,500502,504004,6,3502,2,7200,1.00171330668
500502,504975,641997,4473,137022,1,259200,1.03264439287
500511,500518,504094,7,3576,2,7200,1.00195749441
500525,504980,623791,4455,118811,1,259200,1.0374965281
500544,500551,504289,7,3738,2,7200,1.00187265918
500548,504987,695805,4439,190818,1,259200,1.02326300454
500573,504992,650602,4419,145610,1,259200,1.03034819037
500596,515666,672637,15070,156971,1,259200,1.09600499455
500596,500603,504265,7,3662,2,7200,1.00191152376
500618,515671,666944,15053,151273,1,259200,1.09950883502
500648,519289,691000,18641,171711,1,259200,1.10856031355
500671,519425,644602,18754,125177,1,259200,1.14981985509
500708,500714,504408,6,3694,2,7200,1.00162425555
500723,500729,504344,6,3615,2,7200,1.00165975104
500746,500753,500943,7,190,2,7200,1.03684210526
500786,500793,504509,7,3716,2,7200,1.00188374596
500908,500914,504595,6,3681,2,7200,1.00162999185
500923,500930,504719,7,3789,2,7200,1.00184745315
500971,500983,504620,12,3637,2,7200,1.0032994226
500971,500977,501399,6,422,2,7200,1.01421800948
501190,501197,504765,7,3568,2,7200,1.00196188341
501204,501212,504773,8,3561,2,7200,1.00224655996
501311,501318,504832,7,3514,2,7200,1.00199203187
501335,501341,504887,6,3546,2,7200,1.00169204738
501350,501357,505111,7,3754,2,7200,1.00186467768
501351,501364,505002,13,3638,2,7200,1.00357339197
501467,501472,505147,5,3675,2,7200,1.00136054422
501506,501512,505168,6,3656,2,7200,1.00164113786
501521,501527,505306,6,3779,2,7200,1.00158772162
501618,501624,505230,6,3606,2,7200,1.00166389351
501633,501639,505276,6,3637,2,7200,1.0016497113
501663,501670,505151,7,3481,2,7200,1.0020109164
501681,501688,505426,7,3738,2,7200,1.00187265918
501763,501769,505121,6,3352,2,7200,1.00178997613
501817,501825,505335,8,3510,2,7200,1.00227920228
501854,501861,505495,7,3634,2,7200,1.00192625206
501911,501918,505597,7,3679,2,7200,1.00190269095
501996,502003,505612,7,3609,2,7200,1.00193959546
502072,502079,505627,7,3548,2,7200,1.0019729425
502127,502134,505824,7,3690,2,7200,1.00189701897
502157,502163,505812,6,3649,2,7200,1.00164428611
502184,502191,505585,7,3394,2,7200,1.00206246317
502569,502576,506251,7,3675,2,7200,1.0019047619
502645,502652,506361,7,3709,2,7200,1.00188730116
502793,502800,506624,7,3824,2,7200,1.00183054393
502858,502864,502895,6,31,2,7200,1.1935483871
502977,502984,506780,7,3796,2,7200,1.00184404636
503171,503221,506841,50,3620,2,7200,1.0138121547
503176,503182,503210,6,28,2,7200,1.21428571429
503516,503522,503547,6,25,1,3600,1.24
503586,503592,503607,6,15,1,36000,1.4
503648,503654,504503,6,849,1,36000,1.00706713781
503790,503800,507264,10,3464,2,7200,1.00288683603
503920,503931,507932,11,4001,2,7200,1.00274931267
504005,504016,507506,11,3490,2,7200,1.00315186246
504095,504107,507835,12,3728,2,7200,1.00321888412
504144,504156,507745,12,3589,2,7200,1.00334354974
504268,504278,507757,10,3479,2,7200,1.00287438919
504292,504302,508066,10,3764,2,7200,1.00265674814
504346,504356,508015,10,3659,2,7200,1.00273298715
504410,504426,507751,16,3325,2,7200,1.00481203008
504510,504522,508033,12,3511,2,7200,1.00341782968
504598,504607,508147,9,3540,2,7200,1.00254237288
504622,504632,508185,10,3553,2,7200,1.00281452294
504722,504731,508146,9,3415,2,7200,1.00263543192
504767,504778,508340,11,3562,2,7200,1.00308815272
504782,504790,508442,8,3652,2,7200,1.0021905805
504834,504844,508502,10,3658,2,7200,1.00273373428
504888,504899,508656,11,3757,2,7200,1.00292786798
504947,504970,504971,23,1,2,3540,2.4
505004,505014,508658,10,3644,2,7200,1.0027442371
505113,505123,508425,10,3302,2,7200,1.0030284676
505128,505134,508703,6,3569,2,7200,1.00168114318
505149,505159,508667,10,3508,2,7200,1.00285062714
505164,505171,508754,7,3583,2,7200,1.00195367011
505179,505186,508840,7,3654,2,7200,1.00191570881
505231,505242,508829,11,3587,2,7200,1.0030666295
505279,505289,508849,10,3560,2,7200,1.00280898876
505310,505319,508954,9,3635,2,7200,1.00247592847
505337,505347,509165,10,3818,2,7200,1.00261917234
505428,505438,509219,10,3781,2,7200,1.00264480296
505497,505507,508938,10,3431,2,7200,1.00291460216
505588,505597,509450,9,3853,2,7200,1.0023358422
505603,505611,509220,8,3609,2,7200,1.00221668052
505618,505624,509173,6,3549,2,7200,1.00169061708
505633,505641,509143,8,3502,2,7200,1.00228440891
505815,505825,509540,10,3715,2,7200,1.00269179004
505830,505836,509425,6,3589,2,7200,1.00167177487
506252,506264,509875,12,3611,2,7200,1.00332317917
506363,506373,509979,10,3606,2,7200,1.00277315585
506626,506637,510054,11,3417,2,7200,1.00321919813
506780,506792,510423,12,3631,2,7200,1.00330487469
506844,506854,510372,10,3518,2,7200,1.00284252416
507266,507276,510781,10,3505,2,7200,1.00285306705
507508,507517,511279,9,3762,2,7200,1.0023923445
507749,507758,511227,9,3469,2,7200,1.00259440761
507764,507771,511321,7,3550,2,7200,1.00197183099
507765,507777,511548,12,3771,2,7200,1.00318217979
507838,507848,511348,10,3500,2,7200,1.00285714286
507934,507945,511744,11,3799,2,7200,1.00289549882
508016,508028,511657,12,3629,2,7200,1.00330669606
508034,508046,511469,12,3423,2,7200,1.00350569676
508067,508078,511676,11,3598,2,7200,1.00305725403
508146,508158,511762,12,3604,2,7200,1.00332963374
508148,508165,511779,17,3614,2,7200,1.00470392916
508187,508197,511802,10,3605,2,7200,1.0027739251
508342,508352,511958,10,3606,2,7200,1.00277315585
508427,508438,511994,11,3556,2,7200,1.00309336333
508442,508454,512065,12,3611,2,7200,1.00332317917
508502,508513,512094,11,3581,2,7200,1.00307176766
508657,508668,512306,11,3638,2,7200,1.00302363936
508672,508678,512319,6,3641,2,7200,1.00164789893
508674,508686,512349,12,3663,2,7200,1.00327600328
508704,508715,512344,11,3629,2,7200,1.00303113805
508755,508766,512283,11,3517,2,7200,1.00312766562
508828,508842,512316,14,3474,2,7200,1.00402993667
508843,508852,512315,9,3463,2,7200,1.00259890269
508858,508864,512543,6,3679,2,7200,1.00163087796
508939,508950,512715,11,3765,2,7200,1.00292164675
508958,508967,512473,9,3506,2,7200,1.00256702795
509146,509156,512831,10,3675,2,7200,1.00272108844
509167,509178,513009,11,3831,2,7200,1.00287131297
509182,509188,512895,6,3707,2,7200,1.00161855948
509221,509232,512932,11,3700,2,7200,1.00297297297
509222,509237,512966,15,3729,2,7200,1.00402252615
509426,509438,513039,12,3601,2,7200,1.00333240766
509453,509463,512939,10,3476,2,7200,1.00287686997
509541,509552,513162,11,3610,2,7200,1.00304709141
509876,509888,513488,12,3600,2,7200,1.00333333333
509979,509991,513600,12,3609,2,7200,1.00332502078
510055,510065,513929,10,3864,2,7200,1.00258799172
510375,510384,514255,9,3871,2,7200,1.00232498063
510427,510436,513871,9,3435,2,7200,1.00262008734
510652,522834,522851,12182,17,1,1140,717.588235294
510781,510793,514261,12,3468,2,7200,1.00346020761
511228,511240,514810,12,3570,2,7200,1.00336134454
511279,511291,515041,12,3750,2,7200,1.0032
511322,511333,515115,11,3782,2,7200,1.00290851401
511349,511359,514923,10,3564,2,7200,1.00280583614
511471,511481,515249,10,3768,2,7200,1.00265392781
511549,511559,515202,10,3643,2,7200,1.00274499039
511653,511669,515282,16,3613,2,7200,1.00442845281
511677,511689,515345,12,3656,2,7200,1.00328227571
511746,511757,515236,11,3479,2,7200,1.00316182811
511764,511775,515430,11,3655,2,7200,1.00300957592
511779,511792,515508,13,3716,2,7200,1.00349838536
511804,511815,515428,11,3613,2,7200,1.00304456131
511961,511971,515652,10,3681,2,7200,1.00271665308
511994,512006,515721,12,3715,2,7200,1.00323014805
512067,512077,515736,10,3659,2,7200,1.00273298715
512094,512107,515646,13,3539,2,7200,1.00367335405
512285,512295,515811,10,3516,2,7200,1.00284414107
512309,512318,516028,9,3710,2,7200,1.00242587601
512324,512331,515915,7,3584,2,7200,1.001953125
512326,512338,516068,12,3730,2,7200,1.00321715818
512327,512343,516176,16,3833,2,7200,1.00417427602
512346,512357,515685,11,3328,2,7200,1.00330528846
512361,512367,516081,6,3714,2,7200,1.00161550889
512476,512485,516200,9,3715,2,7200,1.00242261104
512545,512556,516140,11,3584,2,7200,1.00306919643
512718,512728,516215,10,3487,2,7200,1.00286779467
512833,512844,516560,11,3716,2,7200,1.00296017223
512896,512908,516490,12,3582,2,7200,1.00335008375
512933,512944,516383,11,3439,2,7200,1.00319860425
512948,512954,516517,6,3563,2,7200,1.00168397418
512966,512978,516757,12,3779,2,7200,1.00317544324
513011,513022,516582,11,3560,2,7200,1.00308988764
513042,513051,516696,9,3645,2,7200,1.0024691358
513163,513174,516480,11,3306,2,7200,1.00332728373
513489,513500,517099,11,3599,2,7200,1.00305640456
513601,513617,517182,16,3565,2,7200,1.00448807854
513873,513884,517700,11,3816,2,7200,1.00288259958
513930,513942,517615,12,3673,2,7200,1.00326708413
514257,514267,518082,10,3815,2,7200,1.00262123198
514272,514278,517678,6,3400,2,7200,1.00176470588
514812,514822,518318,10,3496,2,7200,1.0028604119
514918,514935,518629,17,3694,2,7200,1.00460205739
515043,515053,518673,10,3620,2,7200,1.00276243094
515115,515127,518457,12,3330,2,7200,1.0036036036
515203,515214,518642,11,3428,2,7200,1.00320886814
515237,515248,518974,11,3726,2,7200,1.00295222759
515252,515260,518927,8,3667,2,7200,1.00218161985
515285,515294,518886,9,3592,2,7200,1.00250556793
515345,515357,519003,12,3646,2,7200,1.00329127811
515430,515441,519035,11,3594,2,7200,1.00306065665
515432,515448,519275,16,3827,2,7200,1.00418082049
515510,515521,519171,11,3650,2,7200,1.00301369863
515647,515659,519528,12,3869,2,7200,1.00310157663
515662,515678,519546,16,3868,2,7200,1.00413650465
515673,518692,519029,3019,337,1,3840,9.95845697329
515673,543227,543416,27554,189,4,960,146.788359788
515674,518697,518932,3023,235,1,3840,13.8638297872
515674,543222,543328,27548,106,16,240,260.886792453
515674,560070,560106,44396,36,64,60,1234.22222222
515674,543427,543586,27753,159,4,960,175.547169811
515674,543216,543314,27542,98,16,240,282.040816327
515675,518947,519209,3272,262,1,3840,13.4885496183
515675,543499,543690,27824,191,4,960,146.67539267
515675,560119,560195,44444,76,64,60,585.789473684
515675,543326,543452,27651,126,16,240,220.452380952
515676,519041,519412,3365,371,1,3840,10.0700808625
515676,560207,560274,44531,67,64,60,665.641791045
515676,543339,543487,27663,148,16,240,187.912162162
515676,543504,543748,27828,244,4,960,115.049180328
515677,560286,560364,44609,78,64,60,572.91025641
515686,515698,519210,12,3512,2,7200,1.00341685649
515723,515733,519179,10,3446,2,7200,1.00290191526
515738,515748,519328,10,3580,2,7200,1.00279329609
515813,515824,519391,11,3567,2,7200,1.00308382394
515913,515927,519526,14,3599,2,7200,1.00388996944
516028,516040,519472,12,3432,2,7200,1.0034965035
516070,516081,519643,11,3562,2,7200,1.00308815272
516085,516092,519843,7,3751,2,7200,1.00186616902
516143,516153,519831,10,3678,2,7200,1.00271886895
516176,516188,519883,12,3695,2,7200,1.00324763194
516203,516213,519812,10,3599,2,7200,1.0027785496
516218,516227,520107,9,3880,2,7200,1.00231958763
516385,516395,520183,10,3788,2,7200,1.00263991552
516482,516493,520061,11,3568,2,7200,1.00308295964
516497,516503,520063,6,3560,2,7200,1.00168539326
516518,516530,519966,12,3436,2,7200,1.00349243306
516563,516573,520125,10,3552,2,7200,1.00281531532
516584,516594,519987,10,3393,2,7200,1.00294724433
516697,516708,520143,11,3435,2,7200,1.00320232897
516758,516769,520172,11,3403,2,7200,1.00323244196
517100,517111,520755,11,3644,2,7200,1.00301866081
517185,517195,520753,10,3558,2,7200,1.00281056773
517617,517627,521450,10,3823,2,7200,1.0026157468
517681,517690,521211,9,3521,2,7200,1.00255609202
517702,517712,521251,10,3539,2,7200,1.00282565697
518083,518095,521976,12,3881,2,7200,1.0030919866
518319,518331,521787,12,3456,2,7200,1.00347222222
518459,518470,522232,11,3762,2,7200,1.00292397661
518631,518640,522214,9,3574,2,7200,1.00251818691
518647,518654,522125,7,3471,2,7200,1.00201670988
518674,518684,522439,10,3755,2,7200,1.00266311585
518886,518898,522492,12,3594,2,7200,1.00333889816
518929,518940,522510,11,3570,2,7200,1.00308123249
518974,518986,522526,12,3540,2,7200,1.00338983051
519004,519015,522786,11,3771,2,7200,1.00291699814
519038,519048,522432,10,3384,2,7200,1.00295508274
519171,519184,522802,13,3618,2,7200,1.00359314538
519186,519193,523150,7,3957,2,7200,1.00176901693
519211,519220,522817,9,3597,2,7200,1.00250208507
519277,519283,522942,6,3659,2,7200,1.00163979229
519329,519340,523229,11,3889,2,7200,1.00282849061
519392,519403,523140,11,3737,2,7200,1.0029435376
519474,519485,523291,11,3806,2,7200,1.00289017341
519529,519539,523091,10,3552,2,7200,1.00281531532
519530,519544,523265,14,3721,2,7200,1.00376242945
519548,519557,523308,9,3751,2,7200,1.00239936017
519645,519655,523069,10,3414,2,7200,1.00292911541
519814,519824,523213,10,3389,2,7200,1.00295072293
519832,519844,523236,12,3392,2,7200,1.00353773585
519847,519854,523421,7,3567,2,7200,1.00196243342
519884,519895,523527,11,3632,2,7200,1.00302863436
519969,519979,523550,10,3571,2,7200,1.00280033604
519990,520000,523738,10,3738,2,7200,1.00267522739
520062,520073,523730,11,3657,2,7200,1.00300793
520064,520081,523569,17,3488,2,7200,1.00487385321
520109,520120,523676,11,3556,2,7200,1.00309336333
520127,520136,523547,9,3411,2,7200,1.00263852243
520145,520156,523838,11,3682,2,7200,1.00298750679
520172,520184,523625,12,3441,2,7200,1.00348735833
520188,520196,523872,8,3676,2,7200,1.00217627856
520754,520765,524353,11,3588,2,7200,1.0030657748
520769,520775,524225,6,3450,2,7200,1.00173913043
521213,521223,524723,10,3500,2,7200,1.00285714286
521253,521264,524725,11,3461,2,7200,1.00317827218
521453,521463,524991,10,3528,2,7200,1.00283446712
521787,521799,525334,12,3535,2,7200,1.00339462518
521978,521988,525533,10,3545,2,7200,1.00282087447
522126,522138,525747,12,3609,2,7200,1.00332502078
522217,522227,525912,10,3685,2,7200,1.00271370421
522232,522244,525728,12,3484,2,7200,1.00344431688
522435,522445,525974,10,3529,2,7200,1.00283366393
522450,522456,525952,6,3496,2,7200,1.00171624714
522495,522505,525919,10,3414,2,7200,1.00292911541
522513,522522,526217,9,3695,2,7200,1.00243572395
522528,522539,526127,11,3588,2,7200,1.0030657748
522788,522798,526289,10,3491,2,7200,1.00286450874
522803,522814,526229,11,3415,2,7200,1.00322108346
522818,522829,526170,11,3341,2,7200,1.00329242742
522850,522863,522864,13,1,1,900,1.4
522942,522954,526360,12,3406,2,7200,1.00352319436
523070,523081,526659,11,3578,2,7200,1.00307434321
523091,523103,526574,12,3471,2,7200,1.00345721694
523143,523152,526689,9,3537,2,7200,1.00254452926
523158,523164,526742,6,3578,2,7200,1.00167691448
523216,523226,526901,10,3675,2,7200,1.00272108844
523231,523242,526854,11,3612,2,7200,1.00304540421
523246,523252,526795,6,3543,2,7200,1.0016934801
523267,523277,526834,10,3557,2,7200,1.00281135789
523294,523304,526837,10,3533,2,7200,1.0028304557
523309,523321,526793,12,3472,2,7200,1.0034562212
523422,523434,527014,12,3580,2,7200,1.00335195531
523528,523538,527291,10,3753,2,7200,1.00266453504
523546,523559,527305,13,3746,2,7200,1.00347036839
523561,523567,527150,6,3583,2,7200,1.00167457438
523576,523583,527174,7,3591,2,7200,1.00194931774
523628,523637,527182,9,3545,2,7200,1.00253878702
523679,523688,527361,9,3673,2,7200,1.0024503131
523731,523742,527342,11,3600,2,7200,1.00305555556
523746,523753,527316,7,3563,2,7200,1.00196463654
523840,523851,527256,11,3405,2,7200,1.00323054332
523873,523885,527657,12,3772,2,7200,1.00318133616
524228,524238,527922,10,3684,2,7200,1.00271444083
524356,524366,527956,10,3590,2,7200,1.00278551532
524724,524736,528309,12,3573,2,7200,1.00335852225
524739,524745,528016,6,3271,2,7200,1.00183430144
524994,525004,528705,10,3701,2,7200,1.00270197244
525336,525346,528824,10,3478,2,7200,1.00287521564
525534,525545,529166,11,3621,2,7200,1.00303783485
525731,525739,529529,8,3790,2,7200,1.00211081794
525749,525759,529314,10,3555,2,7200,1.00281293952
525912,525925,529604,13,3679,2,7200,1.0035335689
525927,525934,529747,7,3813,2,7200,1.00183582481
525954,525964,529562,10,3598,2,7200,1.00277932185
525976,525986,529866,10,3880,2,7200,1.00257731959
526128,526140,529753,12,3613,2,7200,1.00332133961
526170,526182,529756,12,3574,2,7200,1.00335758254
526219,526229,529835,10,3606,2,7200,1.00277315585
526234,526242,529937,8,3695,2,7200,1.00216508796
526291,526302,529880,11,3578,2,7200,1.00307434321
526361,526373,529926,12,3553,2,7200,1.00337742753
526576,526586,530402,10,3816,2,7200,1.00262054507
526660,526667,530100,7,3433,2,7200,1.00203903292
526691,526697,530301,6,3604,2,7200,1.00166481687
526739,526746,530322,7,3576,2,7200,1.00195749441
526794,526801,530510,7,3709,2,7200,1.00188730116
526809,526815,530581,6,3766,2,7200,1.00159320234
526836,526843,530486,7,3643,2,7200,1.00192149327
526851,526857,530514,6,3657,2,7200,1.00164068909
526866,526872,530417,6,3545,2,7200,1.00169252468
526903,526910,530484,7,3574,2,7200,1.00195858982
527018,527025,530362,7,3337,2,7200,1.00209769254
527145,527152,530658,7,3506,2,7200,1.0019965773
527175,527183,530842,8,3659,2,7200,1.00218638972
527191,527198,530746,7,3548,2,7200,1.0019729425
527257,527263,530995,6,3732,2,7200,1.00160771704
527294,527300,531167,6,3867,2,7200,1.00155159038
527309,527316,530888,7,3572,2,7200,1.00195968645
527324,527331,531004,7,3673,2,7200,1.00190579907
527345,527351,530836,6,3485,2,7200,1.00172166428
527363,527369,530994,6,3625,2,7200,1.00165517241
527657,527665,531221,8,3556,2,7200,1.00224971879
527726,527732,527903,6,171,1,3600,1.0350877193
527899,609358,917085,81459,307727,8,345600,1.26471190373
527924,527930,531501,6,3571,2,7200,1.00168020162
527957,527965,531611,8,3646,2,7200,1.00219418541
528018,528025,531477,7,3452,2,7200,1.00202780997
528080,528087,528422,7,335,1,3600,1.02089552239
528311,528317,531940,6,3623,2,7200,1.00165608612
528705,528713,532518,8,3805,2,7200,1.00210249671
528788,528796,529620,8,824,1,3600,1.00970873786
528827,528834,532442,7,3608,2,7200,1.00194013304
529167,529173,532821,6,3648,2,7200,1.00164473684
529316,529323,532955,7,3632,2,7200,1.00192731278
529528,529535,533029,7,3494,2,7200,1.00200343446
529565,529571,533182,6,3611,2,7200,1.00166158959
529604,529610,533454,6,3844,2,7200,1.00156087409
529750,529756,533336,6,3580,2,7200,1.00167597765
529765,529771,533371,6,3600,2,7200,1.00166666667
529766,529778,533574,12,3796,2,7200,1.00316122234
529836,529842,533521,6,3679,2,7200,1.00163087796
529867,529873,533455,6,3582,2,7200,1.00167504188
529882,529888,533488,6,3600,2,7200,1.00166666667
529927,529933,533605,6,3672,2,7200,1.00163398693
529942,529948,533360,6,3412,2,7200,1.00175849941
530100,530107,533748,7,3641,2,7200,1.00192254875
530304,530311,533930,7,3619,2,7200,1.00193423598
530322,530328,534079,6,3751,2,7200,1.00159957345
530364,530370,534057,6,3687,2,7200,1.0016273393
530403,530411,533838,8,3427,2,7200,1.00233440327
530419,530426,534004,7,3578,2,7200,1.00195640022
530486,530492,534122,6,3630,2,7200,1.00165289256
530501,530508,533804,7,3296,2,7200,1.00212378641
530516,530522,534126,6,3604,2,7200,1.00166481687
530517,530529,534137,12,3608,2,7200,1.00332594235
530581,530588,534383,7,3795,2,7200,1.00184453228
530660,530666,534367,6,3701,2,7200,1.00162118346
530748,530754,534497,6,3743,2,7200,1.00160299225
530839,530845,534279,6,3434,2,7200,1.00174723355
530854,530860,534374,6,3514,2,7200,1.00170745589
530884,530890,534604,6,3714,2,7200,1.00161550889
530900,530906,531018,6,112,1,3600,1.05357142857
530997,531004,534476,7,3472,2,7200,1.00201612903
530998,531011,534635,13,3624,2,7200,1.00358719647
531013,531019,534751,6,3732,2,7200,1.00160771704
531168,531174,534789,6,3615,2,7200,1.00165975104
531195,531202,531516,7,314,1,3600,1.02229299363
531222,531229,534821,7,3592,2,7200,1.00194877506
531247,531526,531698,279,172,1,3600,2.62209302326
531479,531487,534993,8,3506,2,7200,1.00228180262
531504,531510,535188,6,3678,2,7200,1.00163132137
531613,531619,535478,6,3859,2,7200,1.00155480694
531868,531874,532220,6,346,1,3600,1.01734104046
531941,531947,535595,6,3648,2,7200,1.00164473684
531985,532230,532836,245,606,1,3600,1.40429042904
532443,532450,536061,7,3611,2,7200,1.00193852119
532521,532528,536128,7,3600,2,7200,1.00194444444
532585,532846,533692,261,846,1,3600,1.3085106383
532822,532829,536340,7,3511,2,7200,1.00199373398
532959,532965,536573,6,3608,2,7200,1.00166297118
533031,533037,536708,6,3671,2,7200,1.00163443203
533183,533189,536750,6,3561,2,7200,1.00168491997
533337,533344,536827,7,3483,2,7200,1.0020097617
533361,533368,536855,7,3487,2,7200,1.00200745627
533377,533382,537084,5,3702,2,7200,1.00135062129
533455,533463,537163,8,3700,2,7200,1.00216216216
533457,533470,537059,13,3589,2,7200,1.00362217888
533490,533497,537032,7,3535,2,7200,1.00198019802
533524,533530,537163,6,3633,2,7200,1.00165152766
533575,533582,537190,7,3608,2,7200,1.00194013304
533605,533612,537154,7,3542,2,7200,1.00197628458
533748,533755,537311,7,3556,2,7200,1.00196850394
533805,533813,537636,8,3823,2,7200,1.00209259744
533839,533845,537365,6,3520,2,7200,1.00170454545
533933,533940,537338,7,3398,2,7200,1.00206003531
534006,534012,537684,6,3672,2,7200,1.00163398693
534060,534066,537819,6,3753,2,7200,1.00159872102
534082,534089,537704,7,3615,2,7200,1.00193637621
534124,534131,537781,7,3650,2,7200,1.00191780822
534139,534145,537874,6,3729,2,7200,1.00160901046
534141,534152,537808,11,3656,2,7200,1.00300875274
534149,534159,534311,10,152,1,3600,1.06578947368
534280,534287,537734,7,3447,2,7200,1.00203075138
534367,534374,537973,7,3599,2,7200,1.00194498472
534382,534389,538141,7,3752,2,7200,1.00186567164
534384,534395,538021,11,3626,2,7200,1.00303364589
534478,534484,537937,6,3453,2,7200,1.00173761946
534500,534506,538326,6,3820,2,7200,1.00157068063
534606,534612,538174,6,3562,2,7200,1.00168444694
534636,534642,538257,6,3615,2,7200,1.00165975104
534754,534761,538320,7,3559,2,7200,1.00196684462
534791,534798,538282,7,3484,2,7200,1.00200918485
534821,534828,538353,7,3525,2,7200,1.0019858156
534885,534892,534911,7,19,1,3600,1.36842105263
534969,534977,535202,8,225,1,3600,1.03555555556
534994,535001,538473,7,3472,2,7200,1.00201612903
534995,535214,535336,219,122,1,1800,2.79508196721
534999,535346,535465,347,119,1,3600,3.91596638655
535191,535197,538659,6,3462,2,7200,1.00173310225
535479,535486,539181,7,3695,2,7200,1.00189445196
535597,535604,539302,7,3698,2,7200,1.00189291509
535619,535626,535741,7,115,1,1800,1.06086956522
535623,535751,536075,128,324,1,3600,1.3950617284
536062,536070,539731,8,3661,2,7200,1.0021851953
536129,536136,539793,7,3657,2,7200,1.00191413727
536342,536349,539986,7,3637,2,7200,1.00192466318
536347,536356,536940,9,584,1,1800,1.0154109589
536501,536950,537560,449,610,1,3600,1.73606557377
536576,536583,540319,7,3736,2,7200,1.00187366167
536710,536717,540268,7,3551,2,7200,1.0019712757
536752,536759,540515,7,3756,2,7200,1.00186368477
536828,536835,540459,7,3624,2,7200,1.00193156733
536855,536862,540390,7,3528,2,7200,1.00198412698
537034,537040,540678,6,3638,2,7200,1.00164925783
537061,537067,540777,6,3710,2,7200,1.00161725067
537085,537092,540810,7,3718,2,7200,1.00188273265
537155,537162,540561,7,3399,2,7200,1.00205942924
537170,537176,540705,6,3529,2,7200,1.00170019836
537171,537183,540781,12,3598,2,7200,1.00333518621
537193,537199,540557,6,3358,2,7200,1.00178677784
537314,537320,540775,6,3455,2,7200,1.0017366136
537341,537348,540971,7,3623,2,7200,1.00193210047
537368,537375,540682,7,3307,2,7200,1.0021167221
537638,537645,541101,7,3456,2,7200,1.00202546296
537687,537694,541209,7,3515,2,7200,1.00199146515
537705,537711,541211,6,3500,2,7200,1.00171428571
537735,537741,541516,6,3775,2,7200,1.00158940397
537783,537790,541612,7,3822,2,7200,1.00183150183
537811,537818,541249,7,3431,2,7200,1.00204022151
537826,537833,541499,7,3666,2,7200,1.00190943808
537877,537884,541426,7,3542,2,7200,1.00197628458
537938,537944,541600,6,3656,2,7200,1.00164113786
537974,537980,541607,6,3627,2,7200,1.00165425972
538023,538029,541459,6,3430,2,7200,1.00174927114
538144,538150,541749,6,3599,2,7200,1.00166712976
538174,538181,542088,7,3907,2,7200,1.001791656
538260,538267,542026,7,3759,2,7200,1.00186219739
538284,538290,542042,6,3752,2,7200,1.00159914712
538323,538330,541779,7,3449,2,7200,1.00202957379
538338,538345,542046,7,3701,2,7200,1.00189138071
538353,538360,542062,7,3702,2,7200,1.0018908698
538475,538481,542059,6,3578,2,7200,1.00167691448
538650,538657,538778,7,121,1,1800,1.05785123967
538662,538669,542329,7,3660,2,7200,1.00191256831
538852,538858,538909,6,51,1,1800,1.11764705882
539103,539109,539222,6,113,1,1800,1.05309734513
539183,539190,542933,7,3743,2,7200,1.00187015763
539232,539239,539323,7,84,1,1800,1.08333333333
539304,539310,542860,6,3550,2,7200,1.00169014085
539733,539740,543302,7,3562,2,7200,1.0019651881
539794,539801,543278,7,3477,2,7200,1.0020132298
539929,539935,540516,6,581,1,1800,1.01032702238
539988,539994,543465,6,3471,2,7200,1.00172860847
540271,540278,544134,7,3856,2,7200,1.0018153527
540291,540528,540821,237,293,1,1800,1.80887372014
540319,540327,543837,8,3510,2,7200,1.00227920228
540392,540400,544109,8,3709,2,7200,1.00215691561
540462,540469,543891,7,3422,2,7200,1.00204558738
540517,540523,544299,6,3776,2,7200,1.00158898305
540559,540565,544124,6,3559,2,7200,1.00168586682
540574,540580,544377,6,3797,2,7200,1.00158019489
540680,540686,544268,6,3582,2,7200,1.00167504188
540695,540703,544303,8,3600,2,7200,1.00222222222
540710,540718,544278,8,3560,2,7200,1.00224719101
540778,540784,544317,6,3533,2,7200,1.00169827342
540779,540791,544328,12,3537,2,7200,1.00339270568
540794,540801,544413,7,3612,2,7200,1.0019379845
540812,540819,544420,7,3601,2,7200,1.00194390447
540974,540981,544538,7,3557,2,7200,1.00196795052
541104,541110,544663,6,3553,2,7200,1.00168871376
541210,541217,544872,7,3655,2,7200,1.00191518468
541225,541232,544781,7,3549,2,7200,1.00197238659
541249,541256,544821,7,3565,2,7200,1.00196353436
541428,541435,545011,7,3576,2,7200,1.00195749441
541461,541467,545283,6,3816,2,7200,1.00157232704
541501,541507,545160,6,3653,2,7200,1.00164248563
541519,541526,545273,7,3747,2,7200,1.0018681612
541601,541608,545259,7,3651,2,7200,1.00191728294
541617,541624,545028,7,3404,2,7200,1.00205640423
541618,541631,545128,13,3497,2,7200,1.00371747212
541752,541758,545475,6,3717,2,7200,1.001614205
541779,541785,545412,6,3627,2,7200,1.00165425972
541968,597884,600522,55916,2638,128,17940,22.1963608795
542029,542035,545596,6,3561,2,7200,1.00168491997
542044,542050,545562,6,3512,2,7200,1.00170842825
542059,542065,545610,6,3545,2,7200,1.00169252468
542060,542072,545750,12,3678,2,7200,1.00326264274
542076,542083,545666,7,3583,2,7200,1.00195367011
542091,542097,545660,6,3563,2,7200,1.00168397418
542290,600534,605663,58244,5129,128,21540,12.3558198479
542329,542335,545922,6,3587,2,7200,1.001672707
542335,542342,542390,7,48,1,1800,1.14583333333
542721,542727,542799,6,72,1,1800,1.08333333333
542861,542868,546454,7,3586,2,7200,1.00195203569
542934,542940,546460,6,3520,2,7200,1.00170454545
543281,543288,546818,7,3530,2,7200,1.00198300283
543305,543312,546879,7,3567,2,7200,1.00196243342
543466,543476,547266,10,3790,2,7200,1.00263852243
543817,543824,544115,7,291,1,1800,1.02405498282
543840,543846,547551,6,3705,2,7200,1.0016194332
543892,543898,547707,6,3809,2,7200,1.00157521659
544110,544117,547527,7,3410,2,7200,1.00205278592
544125,544131,547657,6,3526,2,7200,1.00170164492
544140,544147,547941,7,3794,2,7200,1.00184501845
544271,544277,547889,6,3612,2,7200,1.00166112957
544286,544293,547793,7,3500,2,7200,1.002
544301,544307,547987,6,3680,2,7200,1.00163043478
544316,544323,547926,7,3603,2,7200,1.00194282542
544331,544338,547956,7,3618,2,7200,1.00193477059
544333,544345,548101,12,3756,2,7200,1.00319488818
544378,544384,548043,6,3659,2,7200,1.00163979229
544415,544422,548207,7,3785,2,7200,1.00184940555
544430,544437,548018,7,3581,2,7200,1.00195476124
544539,544546,548092,7,3546,2,7200,1.00197405527
544666,544674,548201,8,3527,2,7200,1.00226821661
544782,544788,548489,6,3701,2,7200,1.00162118346
544824,544830,548294,6,3464,2,7200,1.00173210162
544870,544876,548487,6,3611,2,7200,1.00166158959
545012,545019,548868,7,3849,2,7200,1.0018186542
545031,545038,548589,7,3551,2,7200,1.0019712757
545130,545137,549036,7,3899,2,7200,1.00179533214
545161,545168,548837,7,3669,2,7200,1.00190787681
545261,545267,548852,6,3585,2,7200,1.00167364017
545276,545282,548870,6,3588,2,7200,1.0016722408
545291,545298,548776,7,3478,2,7200,1.00201265095
545413,545420,548888,7,3468,2,7200,1.00201845444
545477,545484,549055,7,3571,2,7200,1.00196023523
545565,545572,549011,7,3439,2,7200,1.00203547543
545598,545605,549283,7,3678,2,7200,1.00190320827
545614,545621,549235,7,3614,2,7200,1.00193691201
545659,545666,549585,7,3919,2,7200,1.00178616994
545674,545680,549255,6,3575,2,7200,1.00167832168
545753,545760,549495,7,3735,2,7200,1.00187416332
545924,545931,549602,7,3671,2,7200,1.00190683737
546455,546462,550093,7,3631,2,7200,1.00192784357
546470,546476,550041,6,3565,2,7200,1.00168302945
546821,546827,550420,6,3593,2,7200,1.00166991372
546881,546889,550600,8,3711,2,7200,1.00215575317
547268,547276,550936,8,3660,2,7200,1.00218579235
547528,547536,551125,8,3589,2,7200,1.00222903316
547553,547560,551237,7,3677,2,7200,1.00190372586
547659,547666,551196,7,3530,2,7200,1.00198300283
547710,547717,551522,7,3805,2,7200,1.00183968463
547795,547801,551554,6,3753,2,7200,1.00159872102
547892,547898,551610,6,3712,2,7200,1.00161637931
547929,547936,551705,7,3769,2,7200,1.00185725657
547944,547950,551656,6,3706,2,7200,1.00161899622
547959,547966,551693,7,3727,2,7200,1.00187818621
547989,547996,551606,7,3610,2,7200,1.00193905817
548020,548027,551563,7,3536,2,7200,1.00197963801
548044,548051,551639,7,3588,2,7200,1.0019509476
548092,548098,551712,6,3614,2,7200,1.00166021029
548107,548114,551673,7,3559,2,7200,1.00196684462
548202,548208,551775,6,3567,2,7200,1.00168208579
548217,548223,551801,6,3578,2,7200,1.00167691448
548296,548303,551910,7,3607,2,7200,1.00194067092
548487,548493,551911,6,3418,2,7200,1.00175541252
548502,548509,551923,7,3414,2,7200,1.00205038079
548590,548597,552052,7,3455,2,7200,1.0020260492
548778,548784,552422,6,3638,2,7200,1.00164925783
548839,548846,552637,7,3791,2,7200,1.0018464785
548855,548861,552657,6,3796,2,7200,1.00158061117
548870,548876,552566,6,3690,2,7200,1.00162601626
548871,548883,552445,12,3562,2,7200,1.00336889388
548889,548896,552522,7,3626,2,7200,1.00193050193
549011,549017,552576,6,3559,2,7200,1.00168586682
549038,549046,552571,8,3525,2,7200,1.00226950355
549057,549064,552614,7,3550,2,7200,1.00197183099
549236,549242,552862,6,3620,2,7200,1.00165745856
549257,549264,552994,7,3730,2,7200,1.0018766756
549284,549290,552996,6,3706,2,7200,1.00161899622
549497,549504,553343,7,3839,2,7200,1.00182339151
549585,549592,552948,7,3356,2,7200,1.00208581645
549603,549611,553110,8,3499,2,7200,1.00228636753
550045,550052,553733,7,3681,2,7200,1.00190165716
550096,550103,553668,7,3565,2,7200,1.00196353436
550424,550430,554092,6,3662,2,7200,1.00163844894
550604,550611,554143,7,3532,2,7200,1.00198187995
550937,550944,554372,7,3428,2,7200,1.002042007
551127,551133,554599,6,3466,2,7200,1.00173110214
551197,551204,554763,7,3559,2,7200,1.00196684462
551239,551246,554850,7,3604,2,7200,1.00194228635
551524,551531,555438,7,3907,2,7200,1.001791656
551557,551563,555111,6,3548,2,7200,1.00169109357
551572,551578,555085,6,3507,2,7200,1.00171086399
551609,551616,555186,7,3570,2,7200,1.00196078431
551624,551630,555200,6,3570,2,7200,1.00168067227
551642,551648,555334,6,3686,2,7200,1.00162778079
551657,551663,555168,6,3505,2,7200,1.00171184023
551675,551682,555227,7,3545,2,7200,1.00197461213
551694,551701,555274,7,3573,2,7200,1.00195913798
551709,551715,555298,6,3583,2,7200,1.00167457438
551724,551730,555474,6,3744,2,7200,1.0016025641
551775,551782,555291,7,3509,2,7200,1.00199487033
551803,551809,555573,6,3764,2,7200,1.00159404888
551912,551918,555597,6,3679,2,7200,1.00163087796
551914,551925,555475,11,3550,2,7200,1.00309859155
551929,551935,555584,6,3649,2,7200,1.00164428611
552053,552060,555594,7,3534,2,7200,1.00198075835
552425,552432,556128,7,3696,2,7200,1.00189393939
552446,552452,555980,6,3528,2,7200,1.00170068027
552525,552532,556160,7,3628,2,7200,1.00192943771
552568,552574,556114,6,3540,2,7200,1.00169491525
552583,552589,556182,6,3593,2,7200,1.00166991372
552584,552596,556342,12,3746,2,7200,1.00320341698
552615,552622,556123,7,3501,2,7200,1.00199942873
552639,552645,556457,6,3812,2,7200,1.00157397692
552660,552667,556152,7,3485,2,7200,1.00200860832
552864,552871,556236,7,3365,2,7200,1.00208023774
552949,552955,556699,6,3744,2,7200,1.0016025641
552994,553001,556622,7,3621,2,7200,1.00193316763
553009,553016,556501,7,3485,2,7200,1.00200860832
553113,553120,557002,7,3882,2,7200,1.00180319423
553344,553351,557009,7,3658,2,7200,1.001913614
553668,553675,557316,7,3641,2,7200,1.00192254875
553735,553742,557440,7,3698,2,7200,1.00189291509
554092,554098,557498,6,3400,2,7200,1.00176470588
554144,554151,557645,7,3494,2,7200,1.00200343446
554375,554382,558089,7,3707,2,7200,1.0018883194
554600,554607,558222,7,3615,2,7200,1.00193637621
554763,554771,558531,8,3760,2,7200,1.00212765957
554852,554858,558277,6,3419,2,7200,1.00175489909
555086,555093,558680,7,3587,2,7200,1.0019514915
555113,555119,558650,6,3531,2,7200,1.00169923534
555170,555178,558641,8,3463,2,7200,1.00231013572
555189,555196,558759,7,3563,2,7200,1.00196463654
555204,555210,558606,6,3396,2,7200,1.00176678445
555228,555234,558948,6,3714,2,7200,1.00161550889
555276,555283,558912,7,3629,2,7200,1.00192890603
555292,555299,558906,7,3607,2,7200,1.00194067092
555307,555314,558830,7,3516,2,7200,1.00199089875
555337,555344,559092,7,3748,2,7200,1.00186766275
555440,555447,559131,7,3684,2,7200,1.00190010858
555477,555484,559208,7,3724,2,7200,1.00187969925
555478,555491,558908,13,3417,2,7200,1.00380450688
555575,555581,559117,6,3536,2,7200,1.00169683258
555590,555597,559081,7,3484,2,7200,1.00200918485
555606,555613,559262,7,3649,2,7200,1.00191833379
555607,555619,559335,12,3716,2,7200,1.00322927879
555981,555987,559893,6,3906,2,7200,1.00153609831
556086,556093,556104,7,11,1,8640,1.63636363636
556114,556121,559698,7,3577,2,7200,1.00195694716
556130,556136,559725,6,3589,2,7200,1.00167177487
556131,556142,559765,11,3623,2,7200,1.00303615788
556152,556158,559816,6,3658,2,7200,1.00164024057
556167,556175,559948,8,3773,2,7200,1.00212032865
556182,556189,559890,7,3701,2,7200,1.00189138071
556224,556230,556234,6,4,1,8640,1.0
556237,556244,559955,7,3711,2,7200,1.00188628402
556344,556350,560048,6,3698,2,7200,1.00162249865
556459,556466,560082,7,3616,2,7200,1.00193584071
556505,556511,560189,6,3678,2,7200,1.00163132137
556623,556629,560334,6,3705,2,7200,1.0016194332
556702,556709,560169,7,3460,2,7200,1.00202312139
557003,557010,560614,7,3604,2,7200,1.00194228635
557018,557024,560692,6,3668,2,7200,1.00163576881
557318,557326,561028,8,3702,2,7200,1.00216099406
557442,557450,561012,8,3562,2,7200,1.00224592925
557455,558662,558753,1207,91,4,1740,14.2637362637
557500,557507,561341,7,3834,2,7200,1.00182576943
557646,557653,561244,7,3591,2,7200,1.00194931774
558092,558098,561678,6,3580,2,7200,1.00167597765
558225,558232,561976,7,3744,2,7200,1.00186965812
558280,558287,562055,7,3768,2,7200,1.00185774947
558532,558538,562070,6,3532,2,7200,1.00169875425
558607,558614,562412,7,3798,2,7200,1.0018430753
558643,558651,562454,8,3803,2,7200,1.00210360242
558658,558669,562463,11,3794,2,7200,1.00289931471
558680,558686,562047,6,3361,2,7200,1.00178518298
558761,558767,562320,6,3553,2,7200,1.00168871376
558831,558837,562616,6,3779,2,7200,1.00158772162
558906,558913,562264,7,3351,2,7200,1.00208892868
558922,558928,562491,6,3563,2,7200,1.00168397418
558923,558934,562510,11,3576,2,7200,1.00307606264
558944,558951,562459,7,3508,2,7200,1.001995439
559083,559091,562673,8,3582,2,7200,1.00223338917
559098,559106,562674,8,3568,2,7200,1.00224215247
559120,559126,562673,6,3547,2,7200,1.00169157034
559135,559141,562849,6,3708,2,7200,1.00161812298
559210,559216,562849,6,3633,2,7200,1.00165152766
559265,559271,562871,6,3600,2,7200,1.00166666667
559337,559344,562773,7,3429,2,7200,1.00204141149
559701,559708,563327,7,3619,2,7200,1.00193423598
559728,559735,563296,7,3561,2,7200,1.00196573996
559767,559775,563059,8,3284,2,7200,1.00243605359
559819,559826,563406,7,3580,2,7200,1.00195530726
559892,559899,563441,7,3542,2,7200,1.00197628458
559907,559913,563261,6,3348,2,7200,1.0017921147
559949,559955,563677,6,3722,2,7200,1.00161203654
559964,559971,563511,7,3540,2,7200,1.00197740113
560050,560056,563793,6,3737,2,7200,1.00160556596
560083,560090,563762,7,3672,2,7200,1.00190631808
560171,560177,563894,6,3717,2,7200,1.001614205
560192,560198,563608,6,3410,2,7200,1.00175953079
560334,560342,563925,8,3583,2,7200,1.00223276584
560614,560620,564229,6,3609,2,7200,1.00166251039
560693,560699,564376,6,3677,2,7200,1.00163176503
560699,560706,560813,7,107,4,1740,1.06542056075
560809,560817,560827,8,10,1,900,1.8
560826,560833,560930,7,97,4,1740,1.07216494845
560928,560935,560944,7,9,1,900,1.6
560956,560962,561060,6,98,4,1740,1.0612244898
561016,561023,564435,7,3412,2,7200,1.00205158265
561031,561038,564965,7,3927,2,7200,1.00178253119
561059,561066,561078,7,12,1,900,1.58333333333
561085,561092,561189,7,97,4,1740,1.07216494845
561188,561195,561205,7,10,1,900,1.7
561208,561215,561238,7,23,4,1740,1.30434782609
561237,561243,561245,6,2,1,900,1.0
561248,561254,564846,6,3592,2,7200,1.00167037862
561342,561348,564919,6,3571,2,7200,1.00168020162
561681,561687,565088,6,3401,2,7200,1.001764187
561977,561983,565708,6,3725,2,7200,1.00161073826
562050,562057,565523,7,3466,2,7200,1.00201961916
562065,562071,565637,6,3566,2,7200,1.00168255749
562080,562087,565670,7,3583,2,7200,1.00195367011
562265,562272,565901,7,3629,2,7200,1.00192890603
562322,562329,566083,7,3754,2,7200,1.00186467768
562413,562420,565993,7,3573,2,7200,1.00195913798
562456,562463,566156,7,3693,2,7200,1.00189547793
562471,562478,566319,7,3841,2,7200,1.00182244207
562473,562485,566138,12,3653,2,7200,1.00328497126
562494,562500,566073,6,3573,2,7200,1.00167926113
562512,562518,565979,6,3461,2,7200,1.001733603
562619,562626,566209,7,3583,2,7200,1.00195367011
562677,562684,566111,7,3427,2,7200,1.00204260286
562678,562691,566234,13,3543,2,7200,1.00366920689
562680,562696,566119,16,3423,2,7200,1.00467426234
562774,562781,566514,7,3733,2,7200,1.00187516743
562850,562856,566468,6,3612,2,7200,1.00166112957
562851,562863,566595,12,3732,2,7200,1.00321543408
562873,562880,566650,7,3770,2,7200,1.00185676393
563061,563069,566743,8,3674,2,7200,1.00217746326
563262,563269,566812,7,3543,2,7200,1.00197572679
563298,563305,566801,7,3496,2,7200,1.00200228833
563328,563335,566753,7,3418,2,7200,1.00204798128
563407,563413,567008,6,3595,2,7200,1.0016689847
563444,563451,567080,7,3629,2,7200,1.00192890603
563513,563520,567130,7,3610,2,7200,1.00193905817
563607,563613,567183,6,3570,2,7200,1.00168067227
563677,563683,567270,6,3587,2,7200,1.001672707
563765,563773,567274,8,3501,2,7200,1.00228506141
563796,563803,567492,7,3689,2,7200,1.00189753321
563896,563902,567281,6,3379,2,7200,1.00177567328
563926,563932,567532,6,3600,2,7200,1.00166666667
564233,564240,567815,7,3575,2,7200,1.00195804196
564378,564384,568156,6,3772,2,7200,1.00159066808
564436,564443,568094,7,3651,2,7200,1.00191728294
564847,564854,568378,7,3524,2,7200,1.00198637911
564921,564928,568316,7,3388,2,7200,1.0020661157
564966,564972,568520,6,3548,2,7200,1.00169109357
565090,565097,568560,7,3463,2,7200,1.00202136876
565206,565213,565276,7,63,4,1740,1.11111111111
565274,565281,565289,7,8,1,900,1.5
565285,565291,565351,6,60,4,1740,1.1
565350,565356,565364,6,8,1,900,1.4
565362,565368,565429,6,61,4,1740,1.09836065574
565427,565433,565442,6,9,1,900,1.5
565439,565446,565504,7,58,4,1740,1.12068965517
565504,565510,565519,6,9,1,900,1.5
565518,565525,565546,7,21,4,1740,1.33333333333
565528,565534,569251,6,3717,2,7200,1.001614205
565545,565552,565553,7,1,1,900,1.0
565637,565643,569484,6,3841,2,7200,1.0015620932
565670,565676,569162,6,3486,2,7200,1.0017211704
565710,565717,569280,7,3563,2,7200,1.00196463654
565903,565910,569456,7,3546,2,7200,1.00197405527
565976,565982,569476,6,3494,2,7200,1.00171722954
565994,566001,569545,7,3544,2,7200,1.0019751693
566073,566079,569959,6,3880,2,7200,1.00154639175
566088,566095,569560,7,3465,2,7200,1.00202020202
566113,566119,569625,6,3506,2,7200,1.00171135197
566128,566135,569652,7,3517,2,7200,1.00199033267
566143,566150,569957,7,3807,2,7200,1.00183871815
566158,566164,570189,6,4025,2,7200,1.00149068323
566209,566217,569806,8,3589,2,7200,1.00222903316
566234,566241,569724,7,3483,2,7200,1.0020097617
566319,566326,569799,7,3473,2,7200,1.00201554852
566470,566476,570339,6,3863,2,7200,1.001553197
566515,566523,569995,8,3472,2,7200,1.00230414747
566597,566604,569983,7,3379,2,7200,1.00207161882
566652,566658,570084,6,3426,2,7200,1.00175131349
566744,566751,570530,7,3779,2,7200,1.00185234189
566759,566764,570449,5,3685,2,7200,1.0013568521
566801,566809,570351,8,3542,2,7200,1.00225861095
566816,566823,570330,7,3507,2,7200,1.00199600798
566868,566874,567006,6,132,4,1740,1.04545454545
567004,567012,567023,8,11,1,900,1.72727272727
567009,567019,570623,10,3604,2,7200,1.00277469478
567029,567035,567173,6,138,4,1740,1.04347826087
567083,567090,570785,7,3695,2,7200,1.00189445196
567133,567140,570695,7,3555,2,7200,1.00196905767
567171,567177,567187,6,10,1,900,1.6
567186,567192,570969,6,3777,2,7200,1.00158856235
567212,567219,567385,7,166,4,1740,1.0421686747
567272,567279,570967,7,3688,2,7200,1.00189804772
567288,567294,571022,6,3728,2,7200,1.00160944206
567289,567301,570733,12,3432,2,7200,1.0034965035
567384,567390,567397,6,7,1,900,1.3
567430,567436,567603,6,167,4,1740,1.03592814371
567497,567504,571200,7,3696,2,7200,1.00189393939
567535,567542,571143,7,3601,2,7200,1.00194390447
567601,567608,567616,7,8,1,900,1.5
567648,567655,567821,7,166,4,1740,1.0421686747
567817,567823,567829,6,6,1,900,1.2
567820,567831,571342,11,3511,2,7200,1.00313301054
567863,567870,568031,7,161,4,1740,1.04347826087
568030,568037,568044,7,7,1,900,1.4
568064,568070,568094,6,24,4,1740,1.25
568093,568099,568100,6,1,1,900,1.0
568097,568106,571623,9,3517,2,7200,1.00255899915
568158,568165,571913,7,3748,2,7200,1.00186766275
568255,568262,573241,7,4979,16,36600,1.0014059048
568319,568325,571899,6,3574,2,7200,1.00167879127
568379,568385,571791,6,3406,2,7200,1.00176159718
568522,568528,572097,6,3569,2,7200,1.00168114318
568561,568568,572059,7,3491,2,7200,1.00200515612
569164,569171,572534,7,3363,2,7200,1.00208147487
569252,569259,572884,7,3625,2,7200,1.00193103448
569282,569289,572808,7,3519,2,7200,1.00198920148
569458,569465,572989,7,3524,2,7200,1.00198637911
569477,569484,573153,7,3669,2,7200,1.00190787681
569492,569499,573260,7,3761,2,7200,1.00186120713
569546,569554,573251,8,3697,2,7200,1.00216391669
569562,569568,573309,6,3741,2,7200,1.00160384924
569625,569633,573240,8,3607,2,7200,1.00221790962
569653,569660,573209,7,3549,2,7200,1.00197238659
569726,569732,573332,6,3600,2,7200,1.00166666667
569802,569809,573559,7,3750,2,7200,1.00186666667
569817,569823,573504,6,3681,2,7200,1.00162999185
569959,569966,573714,7,3748,2,7200,1.00186766275
569961,569973,573413,12,3440,2,7200,1.00348837209
569982,569989,573681,7,3692,2,7200,1.00189599133
569997,570003,573729,6,3726,2,7200,1.00161030596
570085,570092,573818,7,3726,2,7200,1.00187869028
570191,570199,573968,8,3769,2,7200,1.00212257893
570331,570337,574149,6,3812,2,7200,1.00157397692
570346,570354,573992,8,3638,2,7200,1.00219901045
570361,570367,574011,6,3644,2,7200,1.00164654226
570452,570458,574202,6,3744,2,7200,1.0016025641
570531,570538,574368,7,3830,2,7200,1.00182767624
570625,570631,574246,6,3615,2,7200,1.00165975104
570698,570705,574284,7,3579,2,7200,1.00195585359
570736,570743,574480,7,3737,2,7200,1.00187316029
570787,570793,574397,6,3604,2,7200,1.00166481687
570969,570976,574508,7,3532,2,7200,1.00198187995
570971,570983,574649,12,3666,2,7200,1.00327332242
571022,571029,574615,7,3586,2,7200,1.00195203569
571144,571150,574627,6,3477,2,7200,1.00172562554
571202,571208,574750,6,3542,2,7200,1.00169395822
571268,571280,571456,12,176,1,15360,1.06818181818
571268,571275,571370,7,95,4,3840,1.07368421053
571268,571538,571598,270,60,16,960,5.5
571269,571610,571673,341,63,16,960,6.4126984127
571269,571286,571390,17,104,4,3840,1.16346153846
571269,592402,592442,21133,40,64,240,529.325
571269,571297,571465,28,168,1,15360,1.16666666667
571270,592454,592491,21184,37,64,240,573.540540541
571270,571302,571482,32,180,1,15360,1.17777777778
571270,571292,571401,22,109,4,3840,1.20183486239
571271,571357,571551,86,194,1,15360,1.44329896907
571271,592502,592536,21231,34,64,240,625.441176471
571271,571382,571492,111,110,4,3840,2.00909090909
571271,571686,571751,415,65,16,960,7.38461538462
571272,592548,592578,21276,30,64,240,710.2
571272,571762,571824,490,62,16,960,8.90322580645
571344,571351,574899,7,3548,2,7200,1.0019729425
571405,571411,571525,6,114,4,1740,1.05263157895
571623,571630,575328,7,3698,2,7200,1.00189291509
571793,571800,575382,7,3582,2,7200,1.00195421552
571899,571906,575318,7,3412,2,7200,1.00205158265
571914,571920,575649,6,3729,2,7200,1.00160901046
572059,572065,575798,6,3733,2,7200,1.00160728636
572098,572104,575734,6,3630,2,7200,1.00165289256
572537,572544,576117,7,3573,2,7200,1.00195913798
572811,572818,576369,7,3551,2,7200,1.0019712757
572887,572893,576388,6,3495,2,7200,1.0017167382
572990,572997,576544,7,3547,2,7200,1.00197349873
573155,573161,576798,6,3637,2,7200,1.0016497113
573212,573218,576906,6,3688,2,7200,1.00162689805
573242,573250,576955,8,3705,2,7200,1.00215924426
573258,573265,576920,7,3655,2,7200,1.00191518468
573273,573280,577065,7,3785,2,7200,1.00184940555
573309,573317,576868,8,3551,2,7200,1.00225288651
573334,573340,576890,6,3550,2,7200,1.00169014085
573416,573423,577028,7,3605,2,7200,1.00194174757
573504,573510,577160,6,3650,2,7200,1.00164383562
573561,573567,577089,6,3522,2,7200,1.00170357751
573683,573689,577104,6,3415,2,7200,1.00175695461
573717,573723,577389,6,3666,2,7200,1.00163666121
573732,573739,577216,7,3477,2,7200,1.0020132298
573820,573826,577430,6,3604,2,7200,1.00166481687
573848,573855,573923,7,68,4,1740,1.10294117647
573969,573976,577602,7,3626,2,7200,1.00193050193
573994,574001,577512,7,3511,2,7200,1.00199373398
574009,574016,577468,7,3452,2,7200,1.00202780997
574152,574159,577570,7,3411,2,7200,1.00205218411
574203,574209,577885,6,3676,2,7200,1.00163220892
574246,574252,577691,6,3439,2,7200,1.00174469322
574285,574292,577776,7,3484,2,7200,1.00200918485
574371,574377,577948,6,3571,2,7200,1.00168020162
574398,574404,578093,6,3689,2,7200,1.00162645703
574483,574490,578141,7,3651,2,7200,1.00191728294
574510,574516,578060,6,3544,2,7200,1.00169300226
574617,574623,578239,6,3616,2,7200,1.00165929204
574632,574639,578457,7,3818,2,7200,1.00183342064
574650,574656,578191,6,3535,2,7200,1.00169731259
574751,574757,578278,6,3521,2,7200,1.00170406135
574901,574907,578470,6,3563,2,7200,1.00168397418
575320,575328,579064,8,3736,2,7200,1.00214132762
575336,575342,578938,6,3596,2,7200,1.00166852058
575385,575391,578848,6,3457,2,7200,1.00173560891
575462,575469,575586,7,117,4,2340,1.05982905983
575588,575594,576019,6,425,4,10800,1.01411764706
575650,575656,579370,6,3714,2,7200,1.00161550889
575735,575741,579489,6,3748,2,7200,1.00160085379
575798,575806,579628,8,3822,2,7200,1.00209314495
576116,576123,579695,7,3572,2,7200,1.00195968645
576370,576376,580177,6,3801,2,7200,1.00157853197
576391,576398,579948,7,3550,2,7200,1.00197183099
576545,576553,580240,8,3687,2,7200,1.00216978573
576800,576806,580413,6,3607,2,7200,1.00166343222
576870,576877,580584,7,3707,2,7200,1.0018883194
576891,576897,580550,6,3653,2,7200,1.00164248563
576906,576913,580440,7,3527,2,7200,1.00198468954
576921,576928,580401,7,3473,2,7200,1.00201554852
576955,576961,580370,6,3409,2,7200,1.00176004693
577028,577034,580727,6,3693,2,7200,1.00162469537
577067,577073,580629,6,3556,2,7200,1.00168728909
577091,577099,580728,8,3629,2,7200,1.00220446404
577107,577114,580702,7,3588,2,7200,1.0019509476
577133,577140,577263,7,123,4,1740,1.05691056911
577162,577168,580668,6,3500,2,7200,1.00171428571
577217,577224,580740,7,3516,2,7200,1.00199089875
577263,577269,577280,6,11,1,900,1.54545454545
577286,577294,577426,8,132,4,1740,1.06060606061
577393,577399,580934,6,3535,2,7200,1.00169731259
577424,577431,577437,7,6,1,900,1.3
577434,577440,581050,6,3610,2,7200,1.00166204986
577466,577473,577624,7,151,4,1740,1.04635761589
577471,577480,580975,9,3495,2,7200,1.0025751073
577513,577520,581106,7,3586,2,7200,1.00195203569
577574,577581,581249,7,3668,2,7200,1.00190839695
577605,577611,581188,6,3577,2,7200,1.00167738328
577622,577628,577635,6,7,1,900,1.3
577661,577667,577821,6,154,4,1740,1.03896103896
577694,577701,581144,7,3443,2,7200,1.00203311066
577777,577785,581352,8,3567,2,7200,1.00224278105
577820,577827,577833,7,6,1,900,1.3
577860,577867,578003,7,136,4,1740,1.05147058824
577888,577894,581645,6,3751,2,7200,1.00159957345
577951,577958,581511,7,3553,2,7200,1.00197016606
578002,578010,578017,8,7,1,900,1.5
578042,578049,578211,7,162,4,1740,1.04320987654
578061,578068,581948,7,3880,2,7200,1.00180412371
578095,578102,582051,7,3949,2,7200,1.00177260066
578145,578152,581937,7,3785,2,7200,1.00184940555
578195,578202,581969,7,3767,2,7200,1.00185824263
578211,578217,578224,6,7,1,900,1.3
578241,578253,581921,12,3668,2,7200,1.00327153762
578242,578248,578276,6,28,4,1740,1.21428571429
578274,578282,578283,8,1,1,900,1.0
578281,578289,581802,8,3513,2,7200,1.00227725591
578457,578464,581893,7,3429,2,7200,1.00204141149
578472,578478,582049,6,3571,2,7200,1.00168020162
578851,578858,582401,7,3543,2,7200,1.00197572679
578938,578946,582526,8,3580,2,7200,1.00223463687
579066,579073,582598,7,3525,2,7200,1.0019858156
579093,579099,579804,6,705,1,1800,1.0085106383
579373,579380,582862,7,3482,2,7200,1.00201033889
579491,579498,583072,7,3574,2,7200,1.00195858982
579610,579616,579789,6,173,4,2340,1.03468208092
579628,579634,583206,6,3572,2,7200,1.00167973124
579697,579703,583185,6,3482,2,7200,1.00172314762
579787,579794,579806,7,12,1,900,1.58333333333
579816,579822,579996,6,174,4,2340,1.03448275862
579952,579959,583644,7,3685,2,7200,1.00189959294
579996,580003,580009,7,6,1,900,1.3
580046,580052,580252,6,200,4,2340,1.03
580181,580188,583751,7,3563,2,7200,1.00196463654
580243,580249,583781,6,3532,2,7200,1.00169875425
580251,580258,580267,7,9,1,900,1.6
580294,580300,580507,6,207,4,2340,1.02898550725
580372,580379,583955,7,3576,2,7200,1.00195749441
580403,580410,583877,7,3467,2,7200,1.00201903663
580418,580424,584048,6,3624,2,7200,1.00165562914
580443,580449,584175,6,3726,2,7200,1.00161030596
580506,580513,580520,7,7,1,900,1.4
580549,580555,580742,6,187,4,2340,1.0320855615
580554,580563,584176,9,3613,2,7200,1.00249100471
580587,580594,584144,7,3550,2,7200,1.00197183099
580630,580636,584134,6,3498,2,7200,1.00171526587
580670,580677,584418,7,3741,2,7200,1.00187115744
580704,580710,584318,6,3608,2,7200,1.00166297118
580729,580736,584084,7,3348,2,7200,1.00209080048
580730,580743,584230,13,3487,2,7200,1.00372813307
580741,580749,580757,8,8,1,900,1.6
580744,580762,581450,18,688,1,1800,1.0261627907
580747,580757,584485,10,3728,2,7200,1.00268240343
580786,580792,581006,6,214,4,2340,1.02803738318
580934,580942,584614,8,3672,2,7200,1.00217864924
580978,580984,584575,6,3591,2,7200,1.00167084378
581006,581013,581022,7,9,1,900,1.6
581047,581054,581263,7,209,4,2340,1.03349282297
581051,581060,584564,9,3504,2,7200,1.00256849315
581106,581112,584792,6,3680,2,7200,1.00163043478
581147,581154,584900,7,3746,2,7200,1.0018686599
581191,581197,584625,6,3428,2,7200,1.00175029172
581251,581259,584975,8,3716,2,7200,1.00215285253
581261,581267,581278,6,11,1,900,1.54545454545
581301,581308,581514,7,206,4,2340,1.03398058252
581356,581362,584956,6,3594,2,7200,1.00166944908
581512,581518,581524,6,6,1,900,1.2
581516,581525,585101,9,3576,2,7200,1.00251677852
581551,581557,581588,6,31,4,2340,1.1935483871
581586,581593,581594,7,1,1,900,1.0
581648,581655,585396,7,3741,2,7200,1.00187115744
581803,581810,585384,7,3574,2,7200,1.00195858982
581894,581901,585391,7,3490,2,7200,1.00200573066
581924,581930,585509,6,3579,2,7200,1.00167644593
581940,581947,585543,7,3596,2,7200,1.00194660734
581955,581963,585669,8,3706,2,7200,1.00215866163
581971,581977,585434,6,3457,2,7200,1.00173560891
582049,582056,585583,7,3527,2,7200,1.00198468954
582065,582072,585731,7,3659,2,7200,1.00191309101
582404,582410,585915,6,3505,2,7200,1.00171184023
582528,582535,586315,7,3780,2,7200,1.00185185185
582601,582608,586285,7,3677,2,7200,1.00190372586
582863,582869,586513,6,3644,2,7200,1.00164654226
583073,583079,586810,6,3731,2,7200,1.00160814795
583188,583194,586609,6,3415,2,7200,1.00175695461
583206,583213,586805,7,3592,2,7200,1.00194877506
583645,583652,587138,7,3486,2,7200,1.00200803213
583754,583760,587324,6,3564,2,7200,1.00168350168
583781,583788,587501,7,3713,2,7200,1.00188526798
583878,583885,587328,7,3443,2,7200,1.00203311066
583957,583963,587561,6,3598,2,7200,1.00166759311
584048,584054,587626,6,3572,2,7200,1.00167973124
584084,584091,587603,7,3512,2,7200,1.00199316629
584136,584142,587729,6,3587,2,7200,1.001672707
584151,584159,587700,8,3541,2,7200,1.0022592488
584175,584183,587872,8,3689,2,7200,1.00216860938
584177,584190,587750,13,3560,2,7200,1.00365168539
584232,584238,587815,6,3577,2,7200,1.00167738328
584320,584327,587698,7,3371,2,7200,1.00207653515
584420,584427,588007,7,3580,2,7200,1.00195530726
584487,584494,588078,7,3584,2,7200,1.001953125
584566,584572,588177,6,3605,2,7200,1.00166435506
584581,584589,588368,8,3779,2,7200,1.00211696216
584614,584622,588348,8,3726,2,7200,1.00214707461
584629,584636,588427,7,3791,2,7200,1.0018464785
584794,584801,588396,7,3595,2,7200,1.00194714882
584900,584907,588614,7,3707,2,7200,1.0018883194
584958,584965,588674,7,3709,2,7200,1.00188730116
584976,584982,588812,6,3830,2,7200,1.00156657963
585103,585109,588632,6,3523,2,7200,1.00170309395
585164,585172,585885,8,713,1,1800,1.01122019635
585386,585393,589092,7,3699,2,7200,1.00189240335
585401,585408,589031,7,3623,2,7200,1.00193210047
585402,585414,589040,12,3626,2,7200,1.00330943188
585436,585442,589149,6,3707,2,7200,1.00161855948
585509,585516,589349,7,3833,2,7200,1.00182624576
585545,585551,589298,6,3747,2,7200,1.00160128102
585585,585591,589109,6,3518,2,7200,1.0017055145
585669,585677,589336,8,3659,2,7200,1.00218638972
585733,585739,589367,6,3628,2,7200,1.00165380375
585916,585923,589462,7,3539,2,7200,1.00197795988
586287,586293,589853,6,3560,2,7200,1.00168539326
586314,586321,589907,7,3586,2,7200,1.00195203569
586514,586521,590290,7,3769,2,7200,1.00185725657
586609,586616,590214,7,3598,2,7200,1.00194552529
586806,586813,590585,7,3772,2,7200,1.00185577943
586821,586827,590311,6,3484,2,7200,1.00172215844
587141,587148,590646,7,3498,2,7200,1.00200114351
587327,587334,590786,7,3452,2,7200,1.00202780997
587342,587349,591095,7,3746,2,7200,1.0018686599
587502,587510,590978,8,3468,2,7200,1.00230680507
587563,587569,591181,6,3612,2,7200,1.00166112957
587602,587609,591090,7,3481,2,7200,1.0020109164
587627,587634,591229,7,3595,2,7200,1.00194714882
587700,587707,591332,7,3625,2,7200,1.00193103448
587701,587713,591218,12,3505,2,7200,1.00342368046
587729,587736,591366,7,3630,2,7200,1.00192837466
587750,587756,591316,6,3560,2,7200,1.00168539326
587755,587764,715529,9,127765,1,259200,1.00007044183
587784,609364,714441,21580,105077,1,259200,1.20537320251
587812,609369,716551,21557,107182,1,259200,1.20112518893
587817,587823,591408,6,3585,2,7200,1.00167364017
587836,609375,715522,21539,106147,1,259200,1.20291670985
587860,609380,716867,21520,107487,1,259200,1.20021025798
587872,587878,591307,6,3429,2,7200,1.00174978128
587892,609385,716233,21493,106848,1,259200,1.20115491165
587916,609391,717643,21475,108252,1,259200,1.19837970661
587940,609396,715658,21456,106262,1,259200,1.2019160189
587963,609401,715627,21438,106226,1,259200,1.20181499821
587992,609407,717421,21415,108014,1,259200,1.19826133649
588008,588014,591824,6,3810,2,7200,1.00157480315
588016,609412,717587,21396,108175,1,259200,1.19779061706
588040,609418,715970,21378,106552,1,259200,1.20063443201
588064,609423,713934,21359,104511,1,259200,1.20437083178
588081,588088,591631,7,3543,2,7200,1.00197572679
588175,588182,591637,7,3455,2,7200,1.0020260492
588195,609428,715343,21233,105915,1,259200,1.20047207667
588224,609434,717116,21210,107682,1,259200,1.19696885273
588247,609439,715897,21192,106458,1,259200,1.19906441977
588270,609444,714237,21174,104793,1,259200,1.20205548081
588297,609449,717117,21152,107668,1,259200,1.19645577145
588325,609455,717170,21130,107715,1,259200,1.19616580792
588349,588355,591928,6,3573,2,7200,1.00167926113
588360,609460,716393,21100,106933,1,259200,1.19731981708
588370,588376,591921,6,3545,2,7200,1.00169252468
588383,609465,714542,21082,105077,1,259200,1.20063382091
588397,588404,591818,7,3414,2,7200,1.00205038079
588405,609471,715827,21066,106356,1,259200,1.19807063071
588426,609476,715165,21050,105689,1,259200,1.19916926076
588428,588434,591968,6,3534,2,7200,1.00169779287
588449,609481,717404,21032,107923,1,259200,1.19487968274
588474,609486,714922,21012,105436,1,259200,1.19928677112
588501,609492,713821,20991,104329,1,259200,1.20120004984
588616,588622,592230,6,3608,2,7200,1.00166297118
588623,609497,714406,20874,104909,1,259200,1.19897244278
588634,588642,592256,8,3614,2,7200,1.00221361372
588660,609579,715210,20919,105631,1,259200,1.19803845462
588674,588680,592482,6,3802,2,7200,1.00157811678
588689,609503,717019,20814,107516,1,259200,1.19358979129
588713,609508,717817,20795,108309,1,259200,1.19199697163
588738,609513,714030,20775,104517,1,259200,1.19877149172
588761,609519,715396,20758,105877,1,259200,1.19605768958
588786,609524,716109,20738,106585,1,259200,1.19456771591
588810,609530,713857,20720,104327,1,259200,1.19860630518
588813,588820,592389,7,3569,2,7200,1.00196133371
588836,609535,715916,20699,106381,1,259200,1.19457421908
588858,609540,715886,20682,106346,1,259200,1.19447840069
588882,609545,715406,20663,105861,1,259200,1.19518991886
588910,609551,715198,20641,105647,1,259200,1.19537705756
588932,609556,715364,20624,105808,1,259200,1.19491909874
589032,589039,592618,7,3579,2,7200,1.00195585359
589047,589055,592721,8,3666,2,7200,1.00218221495
589093,589099,592826,6,3727,2,7200,1.00160987389
589111,589117,592542,6,3425,2,7200,1.00175182482
589150,589156,592745,6,3589,2,7200,1.00167177487
589300,589307,592923,7,3616,2,7200,1.00193584071
589334,589340,593136,6,3796,2,7200,1.00158061117
589352,589358,592793,6,3435,2,7200,1.00174672489
589370,589377,593049,7,3672,2,7200,1.00190631808
589464,589472,593013,8,3541,2,7200,1.0022592488
589851,589858,593436,7,3578,2,7200,1.00195640022
589906,589913,593478,7,3565,2,7200,1.00196353436
590212,590218,593777,6,3559,2,7200,1.00168586682
590291,590298,593879,7,3581,2,7200,1.00195476124
590312,590318,593826,6,3508,2,7200,1.00171037628
590583,590589,594061,6,3472,2,7200,1.0017281106
590646,590654,594021,8,3367,2,7200,1.00237600238
590783,590791,594641,8,3850,2,7200,1.00207792208
590978,590984,594745,6,3761,2,7200,1.00159532039
591091,591098,594832,7,3734,2,7200,1.00187466524
591106,591113,594414,7,3301,2,7200,1.00212056952
591181,591189,594672,8,3483,2,7200,1.00229687051
591221,591228,594807,7,3579,2,7200,1.00195585359
591236,591242,594838,6,3596,2,7200,1.00166852058
591309,591321,591322,12,1,2,3540,1.3
591309,591315,595033,6,3718,2,7200,1.00161377084
591324,591329,595160,5,3831,2,7200,1.00130514226
591339,591346,594922,7,3576,2,7200,1.00195749441
591366,591372,595084,6,3712,2,7200,1.00161637931
591408,591416,595120,8,3704,2,7200,1.00215982721
591632,591639,595462,7,3823,2,7200,1.00183102276
591647,591654,595438,7,3784,2,7200,1.00184989429
591783,591789,592502,6,713,1,1800,1.00841514727
591809,609561,610865,17752,1304,2,198000,14.6134969325
591818,591825,595546,7,3721,2,7200,1.00188121473
591833,591839,595355,6,3516,2,7200,1.00170648464
591921,591928,595399,7,3471,2,7200,1.00201670988
591936,591943,595478,7,3535,2,7200,1.00198019802
591970,591976,595655,6,3679,2,7200,1.00163087796
592231,592239,595749,8,3510,2,7200,1.00227920228
592259,592266,595815,7,3549,2,7200,1.00197238659
592390,592395,596135,5,3740,2,7200,1.0013368984
592484,592496,596200,12,3704,2,7200,1.00323974082
592544,592555,596342,11,3787,2,7200,1.00290467388
592559,609567,610810,17008,1243,2,198000,14.6830249397
592617,592623,596195,6,3572,2,7200,1.00167973124
592720,592726,596468,6,3742,2,7200,1.00160342063
592747,592754,596467,7,3713,2,7200,1.00188526798
592795,592802,596409,7,3607,2,7200,1.00194067092
592826,592833,596389,7,3556,2,7200,1.00196850394
592923,592931,596456,8,3525,2,7200,1.00226950355
593014,593021,596731,7,3710,2,7200,1.00188679245
593051,593057,596590,6,3533,2,7200,1.00169827342
593139,593145,596381,6,3236,2,7200,1.00185414091
593438,593444,597214,6,3770,2,7200,1.00159151194
593481,593487,596978,6,3491,2,7200,1.00171870524
593499,609584,690077,16085,80493,2,198000,1.19983104121
593514,593520,594229,6,709,1,1800,1.00846262341
593517,593527,594076,10,549,1,1800,1.01821493625
593521,593539,593877,18,338,1,1800,1.05325443787
593524,593533,594058,9,525,2,1800,1.01714285714
593528,593556,593868,28,312,4,1800,1.08974358974
593531,593551,593954,20,403,8,1800,1.04962779156
593536,593546,597162,10,3616,16,3600,1.00276548673
593542,593563,594207,21,644,32,3600,1.03260869565
593545,594218,597872,673,3654,64,3600,1.18418171866
593549,605675,609331,12126,3656,128,3600,4.31673960613
593776,593783,597506,7,3723,2,7200,1.00188020414
593828,593835,597673,7,3838,2,7200,1.0018238666
593882,593889,597434,7,3545,2,7200,1.00197461213
594019,594026,597647,7,3621,2,7200,1.00193316763
594062,594069,597619,7,3550,2,7200,1.00197183099
594416,594423,597971,7,3548,2,7200,1.0019729425
594640,594646,598206,6,3560,2,7200,1.00168539326
594673,594680,598101,7,3421,2,7200,1.00204618533
594746,594753,598452,7,3699,2,7200,1.00189240335
594809,594817,598573,8,3756,2,7200,1.00212992545
594834,594840,598511,6,3671,2,7200,1.00163443203
594849,594855,598566,6,3711,2,7200,1.00161681487
594922,594929,598701,7,3772,2,7200,1.00185577943
595034,595041,598408,7,3367,2,7200,1.00207900208
595086,595092,598941,6,3849,2,7200,1.00155884645
595119,595126,598867,7,3741,2,7200,1.00187115744
595162,595169,599041,7,3872,2,7200,1.00180785124
595357,595363,598846,6,3483,2,7200,1.00172265289
595402,595408,599020,6,3612,2,7200,1.00166112957
595441,595448,599030,7,3582,2,7200,1.00195421552
595460,595467,598908,7,3441,2,7200,1.00203429236
595481,595491,599103,10,3612,2,7200,1.00276854928
595548,595558,599110,10,3552,2,7200,1.00281531532
595654,595668,599383,14,3715,2,7200,1.00376850606
595748,595762,599329,14,3567,2,7200,1.00392486683
595815,595827,599401,12,3574,2,7200,1.00335758254
596138,596147,599976,9,3829,2,7200,1.00235048315
596190,596207,599640,17,3433,2,7200,1.00495193708
596205,596215,599742,10,3527,2,7200,1.00283527077
596343,596354,599941,11,3587,2,7200,1.0030666295
596382,596393,600012,11,3619,2,7200,1.00303951368
596397,596404,600057,7,3653,2,7200,1.00191623323
596413,596422,599878,9,3456,2,7200,1.00260416667
596458,596469,600051,11,3582,2,7200,1.00307091011
596474,596486,600066,12,3580,2,7200,1.00335195531
596475,596491,600207,16,3716,2,7200,1.00430570506
596591,596602,600208,11,3606,2,7200,1.00305047144
596731,596743,600200,12,3457,2,7200,1.00347121782
596981,596990,600678,9,3688,2,7200,1.00244034707
597216,597225,600865,9,3640,2,7200,1.00247252747
597436,597447,600909,11,3462,2,7200,1.00317735413
597509,597519,601123,10,3604,2,7200,1.00277469478
597621,597632,601234,11,3602,2,7200,1.00305385897
597648,597660,601202,12,3542,2,7200,1.00338791643
597673,597686,601346,13,3660,2,7200,1.00355191257
597971,597984,601411,13,3427,2,7200,1.00379340531
598102,598113,601595,11,3482,2,7200,1.00315910396
598208,598218,601753,10,3535,2,7200,1.00282885431
598408,598420,602102,12,3682,2,7200,1.00325909832
598451,598464,601912,13,3448,2,7200,1.00377030162
598512,598524,601960,12,3436,2,7200,1.00349243306
598567,598578,602073,11,3495,2,7200,1.00314735336
598582,598588,601987,6,3399,2,7200,1.00176522507
598702,598713,602280,11,3567,2,7200,1.00308382394
598849,598858,602390,9,3532,2,7200,1.00254813137
598867,598878,602498,11,3620,2,7200,1.00303867403
598907,598920,602858,13,3938,2,7200,1.00330116811
598942,598954,602533,12,3579,2,7200,1.00335289187
599022,599032,602507,10,3475,2,7200,1.00287769784
599037,599045,602480,8,3435,2,7200,1.00232896652
599052,599059,602422,7,3363,2,7200,1.00208147487
599104,599115,602767,11,3652,2,7200,1.00301204819
599119,599125,602818,6,3693,2,7200,1.00162469537
599330,599342,602948,12,3606,2,7200,1.00332778702
599384,599395,603237,11,3842,2,7200,1.00286309214
599403,599413,602917,10,3504,2,7200,1.00285388128
599640,599652,603361,12,3709,2,7200,1.00323537342
599743,599754,603296,11,3542,2,7200,1.00310559006
599880,599890,603521,10,3631,2,7200,1.00275406224
599944,599954,603466,10,3512,2,7200,1.00284738041
599978,599988,603610,10,3622,2,7200,1.00276090558
600014,600025,603695,11,3670,2,7200,1.0029972752
600053,600063,603624,10,3561,2,7200,1.00280819994
600063,609252,609779,9189,527,2,3600,18.4364326376
600069,600075,603518,6,3443,2,7200,1.00174266628
600070,600082,603480,12,3398,2,7200,1.00353148911
600078,609796,610055,9718,259,1,3600,38.5212355212
600201,600212,603810,11,3598,2,7200,1.00305725403
600216,600223,603673,7,3450,2,7200,1.00202898551
600218,600230,603721,12,3491,2,7200,1.00343741048
600680,600691,604454,11,3763,2,7200,1.00292319957
600843,609348,612961,8505,3613,64,3600,3.35399944644
600865,600877,604498,12,3621,2,7200,1.00331400166
600910,600921,604332,11,3411,2,7200,1.00322486074
601126,601135,604874,9,3739,2,7200,1.00240706071
601201,601214,604948,13,3734,2,7200,1.00348152116
601235,601246,604862,11,3616,2,7200,1.0030420354
601347,601359,605070,12,3711,2,7200,1.00323362975
601414,601424,604951,10,3527,2,7200,1.00283527077
601594,601607,605038,13,3431,2,7200,1.0037889828
601755,601766,605491,11,3725,2,7200,1.00295302013
601915,601925,605505,10,3580,2,7200,1.00279329609
601961,601973,605565,12,3592,2,7200,1.00334075724
601989,602000,605572,11,3572,2,7200,1.00307950728
602074,602085,605788,11,3703,2,7200,1.00297056441
602104,602115,605699,11,3584,2,7200,1.00306919643
602281,602293,605871,12,3578,2,7200,1.00335382895
602390,602403,605773,13,3370,2,7200,1.00385756677
602418,602435,606275,17,3840,2,7200,1.00442708333
602481,602492,605888,11,3396,2,7200,1.00323910483
602500,602511,606319,11,3808,2,7200,1.00288865546
602515,602522,606366,7,3844,2,7200,1.00182101977
602517,609085,609239,6568,154,2,2340,43.6493506494
602533,602545,606128,12,3583,2,7200,1.00334914876
602767,602779,606387,12,3608,2,7200,1.00332594235
602819,602829,606457,10,3628,2,7200,1.00275633958
602859,602870,606424,11,3554,2,7200,1.00309510411
602920,602930,606359,10,3429,2,7200,1.00291630213
602950,602961,606492,11,3531,2,7200,1.0031152648
603239,603249,607091,10,3842,2,7200,1.00260281104
603297,603308,606914,11,3606,2,7200,1.00305047144
603364,603374,606882,10,3508,2,7200,1.00285062714
603467,603478,607155,11,3677,2,7200,1.00299156921
603482,603492,607396,10,3904,2,7200,1.00256147541
603519,603530,607178,11,3648,2,7200,1.00301535088
603534,603540,606992,6,3452,2,7200,1.00173812283
603610,603622,607198,12,3576,2,7200,1.0033557047
603625,603637,607250,12,3613,2,7200,1.00332133961
603674,603685,607253,11,3568,2,7200,1.00308295964
603695,603707,607283,12,3576,2,7200,1.0033557047
603722,603732,607324,10,3592,2,7200,1.00278396437
603811,603822,607398,11,3576,2,7200,1.00307606264
604332,604344,607895,12,3551,2,7200,1.00337932977
604457,604466,608039,9,3573,2,7200,1.00251889169
604499,604511,607998,12,3487,2,7200,1.0034413536
