SubmitTime,StartTime,EndTime,QueuedTime,RunTime,NodesRequested,walltime,bslowdown
350,1772,260976,1422,259204,8,259200,1.00548602645
672,678,684,6,6,4,345600,1.2
1609,1616,88045,7,86429,1,86400,1.00008099133
2036,32614,378233,30578,345619,8,345600,1.08847314528
2166,41281,386897,39115,345616,8,345600,1.11317473728
2525,30152,123741,27627,93589,4,172800,1.29519494812
2585,41286,86270,38701,44984,4,172800,1.86032811666
2662,41292,183019,38630,141727,4,172800,1.27256627178
3026,32608,61415,29582,28807,13,28800,2.02690318325
3167,33758,36972,30591,3214,4,345600,10.5180460485
3198,37410,41347,34212,3937,4,345600,9.68986537973
3234,41358,44317,38124,2959,4,345600,13.8840824603
3243,42309,46096,39066,3787,4,345600,11.3158172696
3254,42314,174435,39060,132121,4,345600,1.29563808933
8927,12102,12273,3175,171,1,3600,19.567251462
12451,12458,12804,7,346,1,3600,1.02023121387
12900,12907,13076,7,169,1,3600,1.04142011834
13157,13164,14003,7,839,1,3600,1.00834326579
13252,14013,14367,761,354,1,3600,3.14971751412
14733,14739,15579,6,840,1,3600,1.00714285714
15317,15589,15700,272,111,1,3600,3.45045045045
15861,15867,16181,6,314,1,3600,1.01910828025
16607,16613,17220,6,607,1,3600,1.00988467875
16674,17230,17283,556,53,1,1800,11.4905660377
16753,17294,17408,541,114,1,3600,5.74561403509
17586,17592,17903,6,311,1,3600,1.0192926045
17611,17913,17995,302,82,1,1800,4.68292682927
18388,18395,18998,7,603,1,3600,1.01160862355
19000,19008,19288,8,280,1,1800,1.02857142857
20268,20274,20389,6,115,1,1800,1.05217391304
20705,20711,20809,6,98,1,1800,1.0612244898
21501,21508,22073,7,565,1,1800,1.01238938053
23684,23691,23692,7,1,1,22800,1.0
23750,23756,27660,6,3904,1,22800,1.00153688525
23988,27673,27720,3685,47,1,1800,79.4042553191
27929,27935,43975,6,16040,1,22800,1.00037406484
28058,30157,30236,2099,79,1,1800,27.5696202532
31264,31270,31545,6,275,1,1800,1.02181818182
41358,41364,60318,6,18954,1,22800,1.00031655587
41447,42320,45955,873,3635,1,3600,1.2401650619
46114,46121,55674,7,9553,1,21600,1.00073275411
59039,127472,141898,68433,14426,64,14400,5.74372660474
60200,60206,60242,6,36,8,21600,1.16666666667
60338,60344,60555,6,211,8,10800,1.02843601896
60695,60701,96496,6,35795,12,43200,1.00016762118
60987,60993,62835,6,1842,2,3600,1.00325732899
62984,62990,63023,6,33,8,21600,1.18181818182
63314,63320,63345,6,25,9,21600,1.24
63439,63445,85095,6,21650,7,21600,1.00027713626
63464,141910,152087,78446,10177,64,14400,8.70816547116
72955,72963,72964,8,1,2,3540,1.0
73050,73057,73664,7,607,13,28800,1.01153212521
73736,73743,95071,7,21328,13,28800,1.00032820705
74542,74549,74986,7,437,2,72000,1.01601830664
76134,127478,473099,51344,345621,4,345600,1.14855578799
76197,174679,520313,98482,345634,8,345600,1.28493145929
76950,144339,237744,67389,93405,4,345600,1.72147101333
76982,165217,192256,88235,27039,4,345600,4.26324938052
77013,174446,217343,97433,42897,4,345600,3.27132433504
77059,182667,241701,105608,59034,4,345600,2.78893518989
94912,94919,94920,7,1,2,3540,1.0
95336,95342,95505,6,163,1,3600,1.03680981595
95685,95691,96022,6,331,1,3600,1.01812688822
96367,96373,97210,6,837,1,3600,1.00716845878
98059,98065,98174,6,109,1,3600,1.05504587156
98353,98359,98671,6,312,1,3600,1.01923076923
99143,99150,99759,7,609,1,3600,1.01149425287
99295,99302,99469,7,167,1,3600,1.04191616766
99645,99652,119339,7,19687,13,28800,1.00035556459
99648,99659,100020,11,361,1,3600,1.03047091413
100393,100399,101244,6,845,1,3600,1.00710059172
102467,102474,102586,7,112,1,3600,1.0625
102554,102562,102677,8,115,1,1800,1.06956521739
102763,102771,103086,8,315,1,3600,1.0253968254
102981,102987,103094,6,107,1,1800,1.05607476636
103556,103563,104167,7,604,1,3600,1.01158940397
103761,103768,104337,7,569,1,1800,1.01230228471
105596,105604,105649,8,45,1,1800,1.17777777778
105964,105970,106042,6,72,1,1800,1.08333333333
106660,106667,106786,7,119,1,1800,1.05882352941
107027,107033,107330,6,297,1,1800,1.0202020202
107101,107108,107221,7,113,1,1800,1.06194690265
107939,107945,108448,6,503,1,1800,1.01192842942
110345,110352,110398,7,46,1,1800,1.15217391304
110729,110736,110807,7,71,1,1800,1.0985915493
111844,111851,112126,7,275,1,1800,1.02545454545
116392,116399,119511,7,3112,2,7200,1.00224935733
116393,116406,119879,13,3473,2,7200,1.00374316153
116394,116411,119866,17,3455,2,7200,1.00492040521
116396,116416,119694,20,3278,2,7200,1.00610128127
116397,116422,119846,25,3424,2,7200,1.00730140187
116398,116427,120006,29,3579,2,7200,1.00810282202
116400,116432,119664,32,3232,2,7200,1.0099009901
116401,116439,119871,38,3432,2,7200,1.01107226107
116402,116444,120116,42,3672,2,7200,1.0114379085
116404,116449,119845,45,3396,2,7200,1.01325088339
116405,116455,119862,50,3407,2,7200,1.01467566774
116407,116460,119856,53,3396,2,7200,1.015606596
116408,116465,119773,57,3308,2,7200,1.01723095526
116409,116471,119623,62,3152,2,7200,1.01967005076
116411,116476,120042,65,3566,2,7200,1.01822770611
116412,116481,120114,69,3633,2,7200,1.01899256813
116413,116486,119762,73,3276,2,7200,1.02228327228
116415,116492,119936,77,3444,2,7200,1.02235772358
116416,116497,120103,81,3606,2,7200,1.0224625624
116418,116502,119945,84,3443,2,7200,1.02439732791
116419,116508,119800,89,3292,2,7200,1.02703523694
116420,116513,119948,93,3435,2,7200,1.02707423581
116422,116518,120055,96,3537,2,7200,1.02714164546
116423,116523,119995,100,3472,2,7200,1.02880184332
116425,116529,119987,104,3458,2,7200,1.03007518797
116426,116534,119699,108,3165,2,7200,1.03412322275
116427,116539,120108,112,3569,2,7200,1.03138133931
116429,116545,120150,116,3605,2,7200,1.03217753121
116430,116550,120073,120,3523,2,7200,1.03406187908
116432,116555,119870,123,3315,2,7200,1.0371040724
116433,116562,119826,129,3264,2,7200,1.03952205882
116434,116567,120100,133,3533,2,7200,1.03764506085
116436,116572,120176,136,3604,2,7200,1.03773584906
116437,116578,120353,141,3775,2,7200,1.03735099338
116439,116583,119974,144,3391,2,7200,1.04246534945
116440,116588,120164,148,3576,2,7200,1.04138702461
116441,116593,119995,152,3402,2,7200,1.04467960024
116443,116599,119974,156,3375,2,7200,1.04622222222
116444,116604,120037,160,3433,2,7200,1.04660646665
116446,116609,119939,163,3330,2,7200,1.04894894895
117026,117032,124408,6,7376,2,28800,1.00081344902
117552,119527,124864,1975,5337,2,28800,1.37005808507
119513,119520,123121,7,3601,2,7200,1.00194390447
119625,119631,122785,6,3154,2,7200,1.00190234623
119667,119674,123152,7,3478,2,7200,1.00201265095
119697,119704,123044,7,3340,2,7200,1.00209580838
119711,119718,123043,7,3325,2,7200,1.00210526316
119762,119769,123117,7,3348,2,7200,1.00209080048
119777,119784,123223,7,3439,2,7200,1.00203547543
119801,119808,123505,7,3697,2,7200,1.0018934271
119828,119834,123409,6,3575,2,7200,1.00167832168
119845,119852,123154,7,3302,2,7200,1.00211992732
119862,119869,123164,7,3295,2,7200,1.00212443096
119864,119876,123209,12,3333,2,7200,1.00360036004
119865,119881,123452,16,3571,2,7200,1.00448053766
119880,119888,123081,8,3193,2,7200,1.00250548074
119881,119893,123082,12,3189,2,7200,1.00376293509
119883,119901,123430,18,3529,2,7200,1.00510059507
119884,119906,123335,22,3429,2,7200,1.00641586468
119938,119946,123130,8,3184,2,7200,1.00251256281
119953,119959,123601,6,3642,2,7200,1.00164744646
119955,119966,123123,11,3157,2,7200,1.00348432056
119956,119971,123640,15,3669,2,7200,1.00408830744
119977,119983,123593,6,3610,2,7200,1.00166204986
119978,119990,123286,12,3296,2,7200,1.0036407767
119993,119999,123216,6,3217,2,7200,1.0018650917
120008,120014,123436,6,3422,2,7200,1.00175336061
120009,120022,123579,13,3557,2,7200,1.00365476525
120010,120027,123516,17,3489,2,7200,1.00487245629
120038,120046,123647,8,3601,2,7200,1.00222160511
120053,120060,123708,7,3648,2,7200,1.00191885965
120068,120074,123560,6,3486,2,7200,1.0017211704
120082,120089,123851,7,3762,2,7200,1.00186071239
120102,120109,123427,7,3318,2,7200,1.00210970464
120117,120124,123296,7,3172,2,7200,1.00220680958
120118,120131,123613,13,3482,2,7200,1.0037334865
120119,120137,123753,18,3616,2,7200,1.00497787611
120121,120142,123577,21,3435,2,7200,1.00611353712
120133,182673,200373,62540,17700,16,216000,4.53333333333
120152,120159,123525,7,3366,2,7200,1.00207961973
120167,120173,123652,6,3479,2,7200,1.00172463352
120182,120190,123632,8,3442,2,7200,1.0023242301
120355,120362,123751,7,3389,2,7200,1.00206550605
120555,120562,136738,7,16176,1,22800,1.00043273986
120715,120722,135227,7,14505,4,14400,1.00048259221
121326,195107,195392,73781,285,13,28800,259.880701754
121393,121399,121478,6,79,3,615,1.07594936709
121495,121501,121607,6,106,5,615,1.05660377358
121500,121509,121599,9,90,9,615,1.1
121772,121780,121857,8,77,3,615,1.1038961039
121777,121792,121846,15,54,5,615,1.27777777778
121780,121787,121898,7,111,9,615,1.06306306306
121981,121987,122096,6,109,3,615,1.05504587156
121986,121994,122138,8,144,5,615,1.05555555556
121989,122000,122151,11,151,9,615,1.07284768212
122260,127376,129086,5116,1710,2,21600,3.9918128655
122748,122755,122831,7,76,3,615,1.09210526316
122753,122761,122872,8,111,5,615,1.07207207207
122756,122768,122924,12,156,9,615,1.07692307692
122784,152098,162262,29314,10164,64,14400,3.88410074774
122786,162273,172465,39487,10192,64,14400,4.87431318681
122795,122802,126163,7,3361,2,7200,1.00208271348
122821,172476,182651,49655,10175,64,14400,5.8800982801
122926,122936,123045,10,109,17,615,1.09174311927
122984,133032,134555,10048,1523,2,21600,7.59750492449
123053,123060,126482,7,3422,2,7200,1.00204558738
123054,123067,125788,13,2721,2,7200,1.00477765527
123112,182662,269074,59550,86412,36,86400,1.68914039717
123117,123124,126526,7,3402,2,7200,1.00205761317
123119,123130,126788,11,3658,2,7200,1.00300710771
123134,123140,123249,6,109,17,615,1.05504587156
123162,123170,126849,8,3679,2,7200,1.00217450394
123164,123176,126643,12,3467,2,7200,1.00346120565
123166,123181,126622,15,3441,2,7200,1.00435919791
123167,123186,126802,19,3616,2,7200,1.00525442478
123168,123192,126729,24,3537,2,7200,1.00678541137
123170,123197,126697,27,3500,2,7200,1.00771428571
123187,123204,126489,17,3285,2,7200,1.00517503805
123220,123227,126760,7,3533,2,7200,1.00198131899
123222,123234,126818,12,3584,2,7200,1.00334821429
123241,123247,126627,6,3380,2,7200,1.00177514793
123267,123274,123402,7,128,17,615,1.0546875
123297,123304,126729,7,3425,2,7200,1.00204379562
123298,123311,126844,13,3533,2,7200,1.00367959241
123339,123346,127039,7,3693,2,7200,1.00189547793
123422,123429,126813,7,3384,2,7200,1.00206855792
123440,140660,148124,17220,7464,2,28800,3.30707395498
123441,123447,126948,6,3501,2,7200,1.00171379606
123443,123455,126767,12,3312,2,7200,1.00362318841
123445,123460,126959,15,3499,2,7200,1.00428693913
123505,123511,126852,6,3341,2,7200,1.0017958695
123524,123530,127038,6,3508,2,7200,1.00171037628
123526,123537,126920,11,3383,2,7200,1.00325155188
123541,123548,126988,7,3440,2,7200,1.00203488372
123565,123572,127082,7,3510,2,7200,1.00199430199
123583,123591,127117,8,3526,2,7200,1.0022688599
123584,123596,127014,12,3418,2,7200,1.00351082504
123604,123612,127334,8,3722,2,7200,1.00214938205
123606,123619,127059,13,3440,2,7200,1.00377906977
123626,123634,127165,8,3531,2,7200,1.00226564713
123646,123652,126931,6,3279,2,7200,1.00182982617
123648,123659,127224,11,3565,2,7200,1.003085554
123668,123675,126896,7,3221,2,7200,1.00217323812
123670,123681,127306,11,3625,2,7200,1.00303448276
123715,123721,127040,6,3319,2,7200,1.00180777343
123756,123763,127361,7,3598,2,7200,1.00194552529
123757,123770,127271,13,3501,2,7200,1.00371322479
123772,145001,148950,21229,3949,2,28800,6.37579133958
123851,123858,127320,7,3462,2,7200,1.00202195263
125215,146071,155158,20856,9087,2,28800,3.29514691317
125524,125531,125553,7,22,2,1800,1.31818181818
125524,125541,125562,17,21,2,1800,1.80952380952
125525,125553,125575,28,22,2,1800,2.27272727273
125525,125558,125580,33,22,2,1800,2.5
125525,125564,125585,39,21,2,1800,2.85714285714
125526,125585,125608,59,23,2,1800,3.5652173913
125526,125579,125602,53,23,2,1800,3.30434782609
125526,125574,125596,48,22,2,1800,3.18181818182
125526,125569,125591,43,22,2,1800,2.95454545455
125527,125606,125641,79,35,2,1800,3.25714285714
125527,125600,125635,73,35,2,1800,3.08571428571
125527,125595,125618,68,23,2,1800,3.95652173913
125527,125590,125614,63,24,2,1800,3.625
125528,125616,125651,88,35,2,1800,3.51428571429
125528,125611,125634,83,23,2,1800,4.60869565217
125528,125621,125661,93,40,2,1800,3.325
125528,125626,125661,98,35,2,1800,3.8
125529,125632,125657,103,25,2,1800,5.12
125617,141916,142369,16299,453,2,28800,36.9801324503
125793,125800,129018,7,3218,2,7200,1.00217526414
126051,148136,157807,22085,9671,2,28800,3.28363147555
126099,126111,126153,12,42,2,1800,1.28571428571
126099,126106,126148,7,42,2,1800,1.16666666667
126100,126122,126163,22,41,2,1800,1.53658536585
126100,126128,126169,28,41,2,1800,1.68292682927
126100,126133,126174,33,41,2,1800,1.80487804878
126101,126138,126179,37,41,2,1800,1.90243902439
126101,126149,126201,48,52,2,1800,1.92307692308
126101,126143,126184,42,41,2,1800,2.0243902439
126101,126154,126205,53,51,2,1800,2.03921568627
126102,126159,126211,57,52,2,1800,2.09615384615
126102,126164,126216,62,52,2,1800,2.19230769231
126102,126169,126221,67,52,2,1800,2.28846153846
126102,126175,126228,73,53,2,1800,2.37735849057
126103,126190,126232,87,42,2,1800,3.07142857143
126103,126185,126228,82,43,2,1800,2.90697674419
126103,126180,126232,77,52,2,1800,2.48076923077
126103,126196,126241,93,45,2,1800,3.06666666667
126104,126206,126251,102,45,2,1800,3.26666666667
126104,126201,126243,97,42,2,1800,3.30952380952
126166,126214,129567,48,3353,2,7200,1.01431553832
126409,126421,126443,12,22,2,1800,1.54545454545
126409,126416,126437,7,21,2,1800,1.33333333333
126409,126426,126448,17,22,2,1800,1.77272727273
126410,126449,126470,39,21,2,1800,2.85714285714
126410,126444,126464,34,20,2,1800,2.7
126410,126438,126459,28,21,2,1800,2.33333333333
126411,126470,126501,59,31,2,1800,2.90322580645
126411,126465,126496,54,31,2,1800,2.74193548387
126411,126459,126490,48,31,2,1800,2.54838709677
126411,126454,126485,43,31,2,1800,2.38709677419
126412,126491,126522,79,31,2,1800,3.54838709677
126412,126485,126516,73,31,2,1800,3.35483870968
126412,126480,126511,68,31,2,1800,3.1935483871
126412,126475,126506,63,31,2,1800,3.03225806452
126413,126506,126537,93,31,2,1800,4.0
126413,126512,126533,99,21,2,1800,5.71428571429
126413,126496,126527,83,31,2,1800,3.67741935484
126413,126501,126532,88,31,2,1800,3.83870967742
126483,126520,129684,37,3164,2,7200,1.01169405815
126498,126526,130012,28,3486,2,7200,1.00803212851
126528,126535,129994,7,3459,2,7200,1.00202370627
126625,126632,129925,7,3293,2,7200,1.00212572123
126640,126646,130085,6,3439,2,7200,1.00174469322
126655,126661,129989,6,3328,2,7200,1.00180288462
126681,126688,127318,7,630,17,615,1.01111111111
126698,126705,130019,7,3314,2,7200,1.00211225106
126731,126737,130412,6,3675,2,7200,1.00163265306
126733,126745,130310,12,3565,2,7200,1.00336605891
126763,126769,130567,6,3798,2,7200,1.00157977883
126778,126785,130449,7,3664,2,7200,1.00191048035
126792,126798,130278,6,3480,2,7200,1.00172413793
126807,126814,130382,7,3568,2,7200,1.00196188341
126824,126831,130391,7,3560,2,7200,1.00196629213
126824,127137,127245,313,108,22,615,3.89814814815
126826,126838,130223,12,3385,2,7200,1.0035450517
126837,127002,127125,165,123,22,615,2.34146341463
126841,148962,149219,22121,257,2,28800,87.0739299611
126847,126854,130400,7,3546,2,7200,1.00197405527
126862,126869,130206,7,3337,2,7200,1.00209769254
126863,126875,130061,12,3186,2,7200,1.00376647834
126899,126906,130321,7,3415,2,7200,1.00204978038
126923,126931,130181,8,3250,2,7200,1.00246153846
126938,182684,197205,55746,14521,8,86400,4.83899180497
126939,126946,126949,7,3,8,1801,1.0
126941,126953,130402,12,3449,2,7200,1.00347926935
126955,126962,130467,7,3505,2,7200,1.00199714693
126971,126977,130453,6,3476,2,7200,1.00172612198
126989,126995,130419,6,3424,2,7200,1.00175233645
127016,127023,130656,7,3633,2,7200,1.00192678227
127039,127045,130721,6,3676,2,7200,1.00163220892
127040,127052,130326,12,3274,2,7200,1.0036652413
127056,127063,130570,7,3507,2,7200,1.00199600798
127071,127077,130550,6,3473,2,7200,1.00172761301
127086,127092,130604,6,3512,2,7200,1.00170842825
127119,127126,130490,7,3364,2,7200,1.00208085612
127168,127175,130583,7,3408,2,7200,1.00205399061
127226,127232,130511,6,3279,2,7200,1.00182982617
127272,127279,130746,7,3467,2,7200,1.00201903663
127308,127315,130836,7,3521,2,7200,1.00198807157
127323,127330,130927,7,3597,2,7200,1.00194606617
127340,127346,130771,6,3425,2,7200,1.00175182482
127362,127369,131027,7,3658,2,7200,1.001913614
127722,149231,153651,21509,4420,2,28800,5.86628959276
127903,129084,129129,1181,45,2,1800,27.2444444444
127903,129098,129140,1195,42,2,1800,29.4523809524
127903,129141,129182,1238,41,2,1800,31.1951219512
127903,129030,129072,1127,42,2,1800,27.8333333333
127904,129246,129288,1342,42,2,1800,32.9523809524
127904,129207,129248,1303,41,2,1800,32.7804878049
127904,129194,129234,1290,40,2,1800,33.25
127904,129153,129194,1249,41,2,1800,31.4634146341
127905,129353,129394,1448,41,2,1800,36.3170731707
127905,129260,129301,1355,41,2,1800,34.0487804878
127905,129300,129341,1395,41,2,1800,35.0243902439
127905,129366,129407,1461,41,2,1800,36.6341463415
127905,129313,129354,1408,41,2,1800,35.3414634146
127906,129472,129513,1566,41,2,1800,39.1951219512
127906,129459,129500,1553,41,2,1800,38.8780487805
127906,129419,129460,1513,41,2,1800,37.9024390244
127906,129406,129447,1500,41,2,1800,37.5853658537
127907,129565,129606,1658,41,2,1800,41.4390243902
127907,129526,129567,1619,41,2,1800,40.487804878
127907,129512,129553,1605,41,2,1800,40.1463414634
128008,129579,132928,1571,3349,2,7200,1.46909525231
128009,129584,133020,1575,3436,2,7200,1.45838183935
128010,129618,132995,1608,3377,2,7200,1.47616227421
128012,129696,133168,1684,3472,2,7200,1.48502304147
128013,129937,133443,1924,3506,2,7200,1.54877353109
128014,130001,133341,1987,3340,2,7200,1.59491017964
128015,130008,133516,1993,3508,2,7200,1.5681299886
128017,130024,133494,2007,3470,2,7200,1.57838616715
128018,130031,133615,2013,3584,2,7200,1.56166294643
128019,130073,133577,2054,3504,2,7200,1.58618721461
128021,130097,133778,2076,3681,2,7200,1.56397718011
128022,130193,133549,2171,3356,2,7200,1.64690107271
128023,130218,133613,2195,3395,2,7200,1.64653902798
128025,130236,133584,2211,3348,2,7200,1.66039426523
129028,130291,133782,1263,3491,2,7200,1.36178745345
129572,130322,133567,750,3245,2,7200,1.2311248074
129640,130479,130500,839,21,2,1800,40.9523809524
129640,130522,130545,882,23,2,1800,39.347826087
129640,130512,130533,872,21,2,1800,42.5238095238
129641,130564,130586,923,22,2,1800,42.9545454545
129641,130577,130600,936,23,2,1800,41.6956521739
129641,130557,130578,916,21,2,1800,44.619047619
129641,130544,130565,903,21,2,1800,44.0
129642,130601,130623,959,22,2,1800,44.5909090909
129642,130596,130619,954,23,2,1800,42.4782608696
129642,130589,130612,947,23,2,1800,42.1739130435
129642,130584,130606,942,22,2,1800,43.8181818182
129643,130608,130630,965,22,2,1800,44.8636363636
129643,130627,130650,984,23,2,1800,43.7826086957
129643,130615,130636,972,21,2,1800,47.2857142857
129643,130622,130643,979,21,2,1800,47.619047619
129644,130634,130665,990,31,2,1800,32.935483871
129644,130644,130666,1000,22,2,1800,46.4545454545
129644,130639,130670,995,31,2,1800,33.0967741935
129644,130651,130673,1007,22,2,1800,46.7727272727
129645,130656,130678,1011,22,2,1800,46.9545454545
129686,130334,133640,648,3306,2,7200,1.19600725953
129926,130342,133841,416,3499,2,7200,1.11889111175
129989,130394,133939,405,3545,2,7200,1.11424541608
130004,130403,133872,399,3469,2,7200,1.11501873739
130019,130412,133802,393,3390,2,7200,1.11592920354
130033,130419,133871,386,3452,2,7200,1.11181923523
130063,130426,134078,363,3652,2,7200,1.09939759036
130082,130433,133777,351,3344,2,7200,1.10496411483
130182,130461,133719,279,3258,2,7200,1.08563535912
130212,130468,133896,256,3428,2,7200,1.07467911319
130227,130502,133987,275,3485,2,7200,1.07890961263
130281,130663,133921,382,3258,2,7200,1.11724984653
130312,130668,134048,356,3380,2,7200,1.10532544379
130329,130675,133928,346,3253,2,7200,1.1063633569
130330,130681,134199,351,3518,2,7200,1.09977259807
130385,130687,134253,302,3566,2,7200,1.08468872686
130400,130692,134222,292,3530,2,7200,1.08271954674
130401,130699,133983,298,3284,2,7200,1.09074299635
130416,130704,134373,288,3669,2,7200,1.07849550286
130417,130733,134192,316,3459,2,7200,1.0913558832
130432,130759,134351,327,3592,2,7200,1.09103563474
130446,130452,144993,6,14541,1,14400,1.00041262637
130450,130783,134519,333,3736,2,7200,1.08913276231
131707,131714,131756,7,42,2,1800,1.16666666667
131708,131719,131761,11,42,2,1800,1.2619047619
131708,131725,131766,17,41,2,1800,1.41463414634
131708,131768,131809,60,41,2,1800,2.46341463415
131708,131774,131815,66,41,2,1800,2.60975609756
131709,131782,131822,73,40,2,1800,2.825
131709,131821,131862,112,41,2,1800,3.73170731707
131709,131828,131869,119,41,2,1800,3.90243902439
131709,131834,131875,125,41,2,1800,4.0487804878
131710,131874,131915,164,41,2,1800,5.0
131710,131881,131922,171,41,2,1800,5.17073170732
131710,131888,131929,178,41,2,1800,5.34146341463
131710,131927,131968,217,41,2,1800,6.29268292683
131711,131934,131975,223,41,2,1800,6.43902439024
131711,131941,131982,230,41,2,1800,6.60975609756
131711,131980,132022,269,42,2,1800,7.40476190476
131711,131987,132028,276,41,2,1800,7.73170731707
131712,132034,132075,322,41,2,1800,8.85365853659
131712,131995,132037,283,42,2,1800,7.7380952381
131712,132041,132082,329,41,2,1800,9.0243902439
132038,186341,193587,54303,7246,7,7200,8.49420369859
132153,132160,132181,7,21,2,1800,1.33333333333
132153,132170,132192,17,22,2,1800,1.77272727273
132153,132165,132187,12,22,2,1800,1.54545454545
132154,132199,132220,45,21,2,1800,3.14285714286
132154,132207,132230,53,23,2,1800,3.30434782609
132154,132193,132214,39,21,2,1800,2.85714285714
132155,132225,132246,70,21,2,1800,4.33333333333
132155,132232,132253,77,21,2,1800,4.66666666667
132155,132242,132263,87,21,2,1800,5.14285714286
132155,132258,132279,103,21,2,1800,5.90476190476
132156,132291,132311,135,20,2,1800,7.75
132156,132298,132319,142,21,2,1800,7.7619047619
132156,132275,132296,119,21,2,1800,6.66666666667
132156,132265,132286,109,21,2,1800,6.19047619048
132157,132357,132378,200,21,2,1800,10.5238095238
132157,132324,132345,167,21,2,1800,8.95238095238
132157,132308,132329,151,21,2,1800,8.19047619048
132157,132331,132352,174,21,2,1800,9.28571428571
132157,132341,132362,184,21,2,1800,9.7619047619
132158,132364,132385,206,21,2,1800,10.8095238095
132969,202066,206365,69097,4299,2,28800,17.0728076297
133173,133180,133233,7,53,2,3600,1.1320754717
133343,153663,156312,20320,2649,2,18000,8.67081917705
133344,133352,136990,8,3638,2,7200,1.00219901045
133446,133454,136905,8,3451,2,7200,1.00231816865
133495,133501,136933,6,3432,2,7200,1.00174825175
133519,133525,137209,6,3684,2,7200,1.0016286645
133552,133559,136896,7,3337,2,7200,1.00209769254
133578,133586,137200,8,3614,2,7200,1.00221361372
133593,133599,136733,6,3134,2,7200,1.00191448628
133614,133621,136890,7,3269,2,7200,1.00214132762
133629,133635,137037,6,3402,2,7200,1.00176366843
133780,133786,137445,6,3659,2,7200,1.00163979229
133789,133796,137159,7,3363,2,7200,1.00208147487
133804,133810,137081,6,3271,2,7200,1.00183430144
133843,133849,137534,6,3685,2,7200,1.00162822252
133873,133880,137381,7,3501,2,7200,1.00199942873
133875,133887,137272,12,3385,2,7200,1.0035450517
133899,133906,137384,7,3478,2,7200,1.00201265095
133920,133927,137379,7,3452,2,7200,1.00202780997
133935,133941,137538,6,3597,2,7200,1.00166805671
133949,133956,137560,7,3604,2,7200,1.00194228635
133987,133993,134361,6,368,8,1500,1.01630434783
133987,134004,137581,17,3577,2,7200,1.00475258597
133987,133998,134364,11,366,8,1500,1.03005464481
133987,134373,134736,386,363,8,1500,2.06336088154
133988,135126,135491,1138,365,8,1500,4.11780821918
133988,134380,134743,392,363,8,1500,2.07988980716
133988,134748,135114,760,366,8,1500,3.07650273224
133988,134755,135127,767,372,8,1500,3.06182795699
133989,135880,136242,1891,362,8,1500,6.22375690608
133989,135515,135877,1526,362,8,1500,5.21546961326
133989,135502,135869,1513,367,8,1500,5.12261580381
133989,135138,135503,1149,365,8,1500,4.14794520548
133990,136265,136628,2275,363,8,1500,7.26721763085
133990,136255,136628,2265,373,8,1500,7.07238605898
133990,135888,136252,1898,364,8,1500,6.21428571429
133991,136644,137008,2653,364,8,1500,8.28846153846
133991,137024,137388,3033,364,8,1500,9.33241758242
133991,136639,137004,2648,365,8,1500,8.25479452055
133991,137017,137379,3026,362,8,1500,9.3591160221
133992,137786,138149,3794,363,8,1500,11.4517906336
133992,137769,138133,3777,364,8,1500,11.3763736264
133992,137410,137774,3418,364,8,1500,10.3901098901
133992,137393,137757,3401,364,8,1500,10.3434065934
133993,138162,138527,4169,365,8,1500,12.4219178082
133993,138145,138513,4152,368,8,1500,12.2826086957
133993,138525,138889,4532,364,8,1500,13.4505494505
134001,134011,137444,10,3433,2,7200,1.00291290417
134024,134212,136646,188,2434,5,3600,1.07723911257
134024,135237,137606,1213,2369,5,3600,1.51203039257
134024,136658,139153,2634,2495,5,3600,2.05571142285
134025,136863,139300,2838,2437,5,3600,2.16454657366
134025,136908,139368,2883,2460,5,3600,2.17195121951
134026,137618,140107,3592,2489,5,3600,2.44314985938
134026,136946,139506,2920,2560,5,3600,2.140625
134027,138901,141262,4874,2361,5,3600,3.06437950021
134027,138539,141071,4512,2532,5,3600,2.78199052133
134027,138906,141320,4879,2414,5,3600,3.02112676056
134028,139380,141728,5352,2348,5,3600,3.2793867121
134028,139165,141572,5137,2407,5,3600,3.13419194017
134029,139518,141956,5489,2438,5,3600,3.25143560295
134029,141019,143472,6990,2453,5,3600,3.84957195271
134030,141082,143333,7052,2251,5,3600,4.1328298534
134030,141274,143614,7244,2340,5,3600,4.09572649573
134031,141584,144117,7553,2533,5,3600,3.98183971575
134031,141332,143683,7301,2351,5,3600,4.1054870268
134032,141740,144110,7708,2370,5,3600,4.25232067511
134032,141921,144327,7889,2406,5,3600,4.27888611804
134033,143484,145986,9451,2502,5,3600,4.77737809752
134033,143345,145908,9312,2563,5,3600,4.63324229419
134033,141968,144325,7935,2357,5,3600,4.36656767077
134034,143626,146112,9592,2486,5,3600,4.85840707965
134034,143695,146130,9661,2435,5,3600,4.96755646817
134050,134057,137444,7,3387,2,7200,1.00206672572
134080,134086,137495,6,3409,2,7200,1.00176004693
134192,134198,137429,6,3231,2,7200,1.00185701021
134207,134234,137863,27,3629,2,7200,1.00744006613
134225,134265,137693,40,3428,2,7200,1.01166861144
134255,134362,137893,107,3531,2,7200,1.0303030303
134352,134387,137713,35,3326,2,7200,1.01052315093
134376,134531,137929,155,3398,2,7200,1.04561506769
134519,134567,138027,48,3460,2,7200,1.01387283237
134840,199004,207330,64164,8326,16,18000,8.70646168628
135874,140120,141523,4246,1403,1,54000,4.02637205987
136996,137002,140242,6,3240,2,7200,1.00185185185
137038,137049,140596,11,3547,2,7200,1.00310121229
137085,137094,140679,9,3585,2,7200,1.00251046025
137161,137171,140469,10,3298,2,7200,1.00303214069
137168,141536,143544,4368,2008,1,3600,3.17529880478
137201,137212,140697,11,3485,2,7200,1.00315638451
137216,137222,140659,6,3437,2,7200,1.00174570847
137272,137284,140610,12,3326,2,7200,1.00360793746
137381,137398,140615,17,3217,2,7200,1.00528442648
137383,137403,140910,20,3507,2,7200,1.00570287995
137397,137415,140641,18,3226,2,7200,1.00557966522
137430,137441,141017,11,3576,2,7200,1.00307606264
137446,137456,141002,10,3546,2,7200,1.00282007896
137447,137468,140824,21,3356,2,7200,1.00625744934
137447,137461,141134,14,3673,2,7200,1.00381159815
137495,137507,141092,12,3585,2,7200,1.00334728033
137535,137546,140772,11,3226,2,7200,1.00340979541
137550,137557,141078,7,3521,2,7200,1.00198807157
137564,137571,141005,7,3434,2,7200,1.00203843914
137582,137593,140919,11,3326,2,7200,1.00330727601
137695,137705,140856,10,3151,2,7200,1.00317359568
137713,137725,141008,12,3283,2,7200,1.00365519342
137866,137874,141116,8,3242,2,7200,1.00246761258
137894,137906,141263,12,3357,2,7200,1.0035746202
137931,137941,141330,10,3389,2,7200,1.00295072293
138027,138039,141543,12,3504,2,7200,1.00342465753
139271,155170,166624,15899,11454,2,21600,2.38807403527
139829,190180,202055,50351,11875,2,21600,5.24008421053
140246,140254,143701,8,3447,2,7200,1.00232085872
140476,140482,143528,6,3046,2,7200,1.00196979645
140539,200391,204740,59852,4349,2,28800,14.7622441941
140598,140608,143867,10,3259,2,7200,1.0030684259
140612,140623,144369,11,3746,2,7200,1.00293646556
140626,140633,144068,7,3435,2,7200,1.00203784571
140642,140653,143970,11,3317,2,7200,1.00331624962
140661,140671,144157,10,3486,2,7200,1.00286861733
140681,140691,144222,10,3531,2,7200,1.00283205891
140700,140709,144329,9,3620,2,7200,1.00248618785
140774,140783,144087,9,3304,2,7200,1.00272397094
140827,140837,144096,10,3259,2,7200,1.0030684259
140857,140867,144291,10,3424,2,7200,1.00292056075
140912,140922,144650,10,3728,2,7200,1.00268240343
140926,140933,144359,7,3426,2,7200,1.00204319907
141005,141013,144587,8,3574,2,7200,1.00223838836
141006,141029,144283,23,3254,2,7200,1.00706822372
141021,141090,144142,69,3052,2,7200,1.02260812582
141022,141104,144668,82,3564,2,7200,1.02300785634
141080,141128,144719,48,3591,2,7200,1.01336675021
141094,141146,144495,52,3349,2,7200,1.01552702299
141118,141280,144794,162,3514,2,7200,1.04610130905
141136,141342,144986,206,3644,2,7200,1.0565312843
141263,141555,144866,292,3311,2,7200,1.08819087889
141330,142381,146056,1051,3675,2,7200,1.28598639456
141547,143540,146947,1993,3407,2,7200,1.58497211623
141579,141927,147617,348,5690,1,54000,1.0611599297
141667,143555,147613,1888,4058,1,144000,1.46525381962
141768,204877,206274,63109,1397,8,86400,46.1746599857
141866,200396,204353,58530,3957,2,28800,15.7915087187
142515,204364,209795,61849,5431,2,28800,12.3881421469
143043,204751,217560,61708,12809,2,43200,5.81755016004
143528,143713,147200,185,3487,2,7200,1.05305420132
143704,143879,147469,175,3590,2,7200,1.04874651811
143869,144109,147429,240,3320,2,7200,1.07228915663
143973,143982,147209,9,3227,2,7200,1.00278896808
144070,144081,147369,11,3288,2,7200,1.00334549878
144088,144100,147431,12,3331,2,7200,1.00360252177
144098,144122,147738,24,3616,2,7200,1.00663716814
144142,144148,147445,6,3297,2,7200,1.00181983621
144161,144168,147494,7,3326,2,7200,1.00210463019
144224,144230,147588,6,3358,2,7200,1.00178677784
144284,144290,147734,6,3444,2,7200,1.00174216028
144299,144306,147796,7,3490,2,7200,1.00200573066
144332,144344,147964,12,3620,2,7200,1.00331491713
144360,144367,147829,7,3462,2,7200,1.00202195263
144374,144382,147868,8,3486,2,7200,1.00229489386
144495,144502,147954,7,3452,2,7200,1.00202780997
144589,144595,147857,6,3262,2,7200,1.00183936235
144653,144659,147989,6,3330,2,7200,1.0018018018
144668,144674,147994,6,3320,2,7200,1.00180722892
144713,144720,148269,7,3549,2,7200,1.00197238659
144795,144802,148369,7,3567,2,7200,1.00196243342
144868,144874,148330,6,3456,2,7200,1.00173611111
144986,144992,148498,6,3506,2,7200,1.00171135197
145472,195409,195418,49937,9,2,21600,4994.6
145529,195404,199442,49875,4038,2,21600,13.3514115899
145636,147625,159825,1989,12200,1,14400,1.16303278689
146058,146064,149403,6,3339,2,7200,1.00179694519
146400,156324,173313,9924,16989,2,18000,1.58414268056
146633,204883,209192,58250,4309,2,43200,14.5182176839
146952,146958,150232,6,3274,2,7200,1.00183262065
146974,195414,197293,48440,1879,2,21600,26.7796700373
147203,147210,150468,7,3258,2,7200,1.0021485574
147218,147224,150670,6,3446,2,7200,1.00174114916
147372,147379,150807,7,3428,2,7200,1.002042007
147432,147444,150837,12,3393,2,7200,1.00353669319
147432,147438,150799,6,3361,2,7200,1.00178518298
147447,147454,150803,7,3349,2,7200,1.00209017617
147471,147477,151026,6,3549,2,7200,1.00169061708
147495,147502,151002,7,3500,2,7200,1.002
147556,147632,153223,76,5591,1,36000,1.01359327491
147590,147596,150995,6,3399,2,7200,1.00176522507
147735,147742,151169,7,3427,2,7200,1.00204260286
147742,147748,151017,6,3269,2,7200,1.00183542368
147799,147806,151256,7,3450,2,7200,1.00202898551
147832,147839,151359,7,3520,2,7200,1.00198863636
147859,147866,150903,7,3037,2,7200,1.00230490616
147875,147882,151418,7,3536,2,7200,1.00197963801
147957,147963,151329,6,3366,2,7200,1.00178253119
147964,147970,151589,6,3619,2,7200,1.00165791655
147990,147996,151549,6,3553,2,7200,1.00168871376
148005,148011,151549,6,3538,2,7200,1.00169587337
148035,151570,190851,3535,39281,1,54000,1.0899926173
148092,173325,294875,25233,121550,1,144000,1.20759358289
148264,182678,224403,34414,41725,1,72000,1.82478130617
148270,148276,151772,6,3496,2,7200,1.00171624714
148330,148336,151641,6,3305,2,7200,1.00181543116
148369,148376,151591,7,3215,2,7200,1.00217729393
148499,148505,151743,6,3238,2,7200,1.00185299568
148712,204888,206352,56176,1464,2,28800,39.3715846995
148759,157997,157999,9238,2,2,18000,924.0
148803,205892,211486,57089,5594,1,36000,11.2053986414
149407,149413,152845,6,3432,2,7200,1.00174825175
149568,149575,153139,7,3564,2,7200,1.0019640853
149570,149582,152890,12,3308,2,7200,1.00362756953
149571,149587,153158,16,3571,2,7200,1.00448053766
149860,205881,206131,56021,250,2,28800,225.084
149876,149899,149941,23,42,2,1800,1.54761904762
149876,149882,149925,6,43,2,1800,1.13953488372
149876,149887,149929,11,42,2,1800,1.2619047619
149876,149892,149935,16,43,2,1800,1.37209302326
149877,149920,149973,43,53,2,1800,1.81132075472
149877,149909,149962,32,53,2,1800,1.60377358491
149877,149904,149946,27,42,2,1800,1.64285714286
149877,149914,149958,37,44,2,1800,1.84090909091
149878,149930,149985,52,55,2,1800,1.94545454545
149878,149941,149984,63,43,2,1800,2.46511627907
149878,149935,149979,57,44,2,1800,2.29545454545
149878,149925,149978,47,53,2,1800,1.88679245283
149879,149965,150006,86,41,2,1800,3.09756097561
149879,149958,149999,79,41,2,1800,2.92682926829
149879,149948,149999,69,51,2,1800,2.35294117647
149879,149953,149994,74,41,2,1800,2.80487804878
149880,149989,150029,109,40,2,1800,3.725
149880,149977,150018,97,41,2,1800,3.36585365854
149880,149970,150011,90,41,2,1800,3.19512195122
149880,149982,150023,102,41,2,1800,3.48780487805
150045,150052,150072,7,20,2,1800,1.35
150045,150057,150078,12,21,2,1800,1.57142857143
150046,150062,150083,16,21,2,1800,1.7619047619
150046,150073,150094,27,21,2,1800,2.28571428571
150046,150079,150099,33,20,2,1800,2.65
150046,150068,150089,22,21,2,1800,2.04761904762
150047,150084,150105,37,21,2,1800,2.7619047619
150047,150089,150110,42,21,2,1800,3.0
150047,150094,150121,47,27,2,1800,2.74074074074
150048,150117,150149,69,32,2,1800,3.15625
150048,150123,150145,75,22,2,1800,4.40909090909
150048,150110,150131,62,21,2,1800,3.95238095238
150048,150100,150121,52,21,2,1800,3.47619047619
150048,150105,150126,57,21,2,1800,3.71428571429
150049,150133,150156,84,23,2,1800,4.65217391304
150049,150128,150162,79,34,2,1800,3.32352941176
150049,150138,150171,89,33,2,1800,3.69696969697
150049,150144,150177,95,33,2,1800,3.87878787879
150050,150156,150179,106,23,2,1800,5.60869565217
150050,150149,150173,99,24,2,1800,5.125
150236,150243,153869,7,3626,2,7200,1.00193050193
150382,204894,210471,54512,5577,1,36000,10.7744306975
150404,205886,210633,55482,4747,2,28800,12.6878028228
150469,150475,154101,6,3626,2,7200,1.00165471594
150672,150682,154116,10,3434,2,7200,1.00291205591
150676,204899,210472,54223,5573,1,36000,10.7295890903
150803,150809,154445,6,3636,2,7200,1.00165016502
150821,150827,154187,6,3360,2,7200,1.00178571429
150823,150834,154132,11,3298,2,7200,1.00333535476
150838,150844,154059,6,3215,2,7200,1.00186625194
150904,150911,154429,7,3518,2,7200,1.00198976691
150995,151002,154592,7,3590,2,7200,1.00194986072
151003,151010,154455,7,3445,2,7200,1.00203193033
151018,151025,154385,7,3360,2,7200,1.00208333333
151033,151040,154356,7,3316,2,7200,1.00211097708
151171,151178,154717,7,3539,2,7200,1.00197795988
151259,151266,154833,7,3567,2,7200,1.00196243342
151331,151338,154835,7,3497,2,7200,1.00200171576
151362,151369,154633,7,3264,2,7200,1.00214460784
151419,151426,154484,7,3058,2,7200,1.00228907783
151550,151558,154815,8,3257,2,7200,1.00245624808
151551,151563,154802,12,3239,2,7200,1.00370484718
151589,151597,155020,8,3423,2,7200,1.00233713117
151591,151604,154889,13,3285,2,7200,1.00395738204
151643,151649,155096,6,3447,2,7200,1.00174064404
151743,151751,155253,8,3502,2,7200,1.00228440891
151775,151781,155060,6,3279,2,7200,1.00182982617
152846,152852,156352,6,3500,2,7200,1.00171428571
152892,152899,156476,7,3577,2,7200,1.00195694716
153141,153147,156773,6,3626,2,7200,1.00165471594
153159,153165,156700,6,3535,2,7200,1.00169731259
153872,153878,157397,6,3519,2,7200,1.00170502984
154061,154067,157606,6,3539,2,7200,1.00169539418
154104,154110,157457,6,3347,2,7200,1.00179265013
154118,154126,157550,8,3424,2,7200,1.0023364486
154133,154141,157449,8,3308,2,7200,1.00241837969
154188,154195,157545,7,3350,2,7200,1.00208955224
154356,154362,157767,6,3405,2,7200,1.00176211454
154388,154394,157701,6,3307,2,7200,1.00181433323
154431,154437,158032,6,3595,2,7200,1.0016689847
154446,154453,157919,7,3466,2,7200,1.00201961916
154457,154463,158009,6,3546,2,7200,1.00169204738
154485,154492,158168,7,3676,2,7200,1.00190424374
154594,154601,157876,7,3275,2,7200,1.00213740458
154633,154639,158154,6,3515,2,7200,1.00170697013
154718,154724,158134,6,3410,2,7200,1.00175953079
154803,154810,158079,7,3269,2,7200,1.00214132762
154818,154825,158426,7,3601,2,7200,1.00194390447
154836,154843,158287,7,3444,2,7200,1.00203252033
154838,154850,158527,12,3677,2,7200,1.00326353005
154893,154900,158484,7,3584,2,7200,1.001953125
155022,155028,158552,6,3524,2,7200,1.00170261067
155062,155069,158520,7,3451,2,7200,1.00202839757
155098,155104,158768,6,3664,2,7200,1.00163755459
155256,155263,158778,7,3515,2,7200,1.00199146515
156354,156360,159701,6,3341,2,7200,1.0017958695
156477,156483,159886,6,3403,2,7200,1.00176315016
156703,156710,160097,7,3387,2,7200,1.00206672572
156775,156782,160339,7,3557,2,7200,1.00196795052
156776,157818,157985,1042,167,2,18000,7.23952095808
157398,157404,160986,6,3582,2,7200,1.00167504188
157449,157456,160962,7,3506,2,7200,1.0019965773
157465,157471,160881,6,3410,2,7200,1.00175953079
157548,157554,161206,6,3652,2,7200,1.00164293538
157563,157570,161082,7,3512,2,7200,1.00199316629
157606,157613,161231,7,3618,2,7200,1.00193477059
157701,200385,204969,42684,4584,16,234000,10.3115183246
157702,157710,161306,8,3596,2,7200,1.0022246941
157769,157776,161306,7,3530,2,7200,1.00198300283
157877,157883,161218,6,3335,2,7200,1.00179910045
157920,157927,161337,7,3410,2,7200,1.00205278592
158012,158018,161397,6,3379,2,7200,1.00177567328
158035,158042,161308,7,3266,2,7200,1.00214329455
158080,158087,161491,7,3404,2,7200,1.00205640423
158134,158141,161608,7,3467,2,7200,1.00201903663
158155,158161,161829,6,3668,2,7200,1.00163576881
158170,158176,161656,6,3480,2,7200,1.00172413793
158288,158294,161945,6,3651,2,7200,1.00164338537
158428,158434,161741,6,3307,2,7200,1.00181433323
158485,158492,161972,7,3480,2,7200,1.00201149425
158521,158528,162055,7,3527,2,7200,1.00198468954
158536,158542,161722,6,3180,2,7200,1.00188679245
158553,158559,162081,6,3522,2,7200,1.00170357751
158771,158778,162460,7,3682,2,7200,1.00190114068
158786,158792,162060,6,3268,2,7200,1.00183598531
159327,192278,228323,32951,36045,1,36000,1.91416285199
159434,204905,205490,45471,585,2,54000,78.7282051282
159702,159709,163114,7,3405,2,7200,1.00205580029
159826,159835,159836,9,1,2,3540,1.0
159888,159894,163478,6,3584,2,7200,1.00167410714
160097,160103,163378,6,3275,2,7200,1.00183206107
160341,160347,163976,6,3629,2,7200,1.00165334803
160883,160889,164103,6,3214,2,7200,1.00186683261
160965,160971,164329,6,3358,2,7200,1.00178677784
160989,160995,164440,6,3445,2,7200,1.00174165457
161082,161089,164316,7,3227,2,7200,1.0021691974
161207,161214,164680,7,3466,2,7200,1.00201961916
161221,161229,164594,8,3365,2,7200,1.00237741456
161232,161238,164881,6,3643,2,7200,1.00164699424
161307,161314,164894,7,3580,2,7200,1.00195530726
161308,161319,164644,11,3325,2,7200,1.00330827068
161309,161326,164699,17,3373,2,7200,1.00504002372
161340,161347,164714,7,3367,2,7200,1.00207900208
161398,161404,164812,6,3408,2,7200,1.00176056338
161492,161499,165202,7,3703,2,7200,1.00189035917
161610,161616,165278,6,3662,2,7200,1.00163844894
161658,161665,165189,7,3524,2,7200,1.00198637911
161725,161731,165041,6,3310,2,7200,1.00181268882
161743,161749,165162,6,3413,2,7200,1.00175798418
161831,161837,165489,6,3652,2,7200,1.00164293538
161946,161953,165330,7,3377,2,7200,1.00207284572
161973,161980,165652,7,3672,2,7200,1.00190631808
162056,162062,165529,6,3467,2,7200,1.00173060283
162071,162079,165101,8,3022,2,7200,1.00264725347
162084,162091,165441,7,3350,2,7200,1.00208955224
162462,162468,165960,6,3492,2,7200,1.00171821306
163116,163122,166648,6,3526,2,7200,1.00170164492
163380,163386,166951,6,3565,2,7200,1.00168302945
163479,163486,167025,7,3539,2,7200,1.00197795988
163978,163986,167338,8,3352,2,7200,1.00238663484
164104,164111,167457,7,3346,2,7200,1.00209205021
164318,164325,167655,7,3330,2,7200,1.0021021021
164333,164341,167699,8,3358,2,7200,1.00238237046
164442,164448,167831,6,3383,2,7200,1.00177357375
164595,164601,168372,6,3771,2,7200,1.0015910899
164646,164652,168199,6,3547,2,7200,1.00169157034
164680,164687,168194,7,3507,2,7200,1.00199600798
164701,164708,168207,7,3499,2,7200,1.00200057159
164716,164722,168106,6,3384,2,7200,1.00177304965
164814,164822,168335,8,3513,2,7200,1.00227725591
164883,164890,168554,7,3664,2,7200,1.00191048035
164898,164905,168226,7,3321,2,7200,1.00210779886
165044,165050,168524,6,3474,2,7200,1.00172711572
165105,165111,168474,6,3363,2,7200,1.00178412132
165163,165170,168724,7,3554,2,7200,1.00196961171
165189,165197,168906,8,3709,2,7200,1.00215691561
165204,165211,168603,7,3392,2,7200,1.00206367925
165280,165287,168677,7,3390,2,7200,1.00206489676
165332,165339,168700,7,3361,2,7200,1.00208271348
165444,165450,169073,6,3623,2,7200,1.00165608612
165479,203777,204866,38298,1089,16,3600,36.1680440771
165492,165499,168757,7,3258,2,7200,1.0021485574
165532,165539,168679,7,3140,2,7200,1.00222929936
165653,165659,169129,6,3470,2,7200,1.00172910663
165962,165969,169376,7,3407,2,7200,1.00205459348
166650,166657,170427,7,3770,2,7200,1.00185676393
166952,166959,170470,7,3511,2,7200,1.00199373398
167027,167033,170473,6,3440,2,7200,1.00174418605
167339,167346,171019,7,3673,2,7200,1.00190579907
167458,167466,170651,8,3185,2,7200,1.00251177394
167659,167665,171216,6,3551,2,7200,1.00168966488
167701,167708,171155,7,3447,2,7200,1.00203075138
167835,167841,170998,6,3157,2,7200,1.00190053849
168107,168114,171381,7,3267,2,7200,1.00214263851
168195,168201,171679,6,3478,2,7200,1.00172512938
168202,168208,171908,6,3700,2,7200,1.00162162162
168210,168216,171621,6,3405,2,7200,1.00176211454
168229,168236,171830,7,3594,2,7200,1.0019476906
168338,168344,172043,6,3699,2,7200,1.00162206002
168374,168381,171990,7,3609,2,7200,1.00193959546
168477,168484,171706,7,3222,2,7200,1.00217256363
168526,168532,172014,6,3482,2,7200,1.00172314762
168554,168560,172336,6,3776,2,7200,1.00158898305
168605,168611,172059,6,3448,2,7200,1.00174013921
168677,168685,172304,8,3619,2,7200,1.0022105554
168693,168699,171769,6,3070,2,7200,1.00195439739
168708,168715,172135,7,3420,2,7200,1.00204678363
168726,168732,172279,6,3547,2,7200,1.00169157034
168759,168765,172158,6,3393,2,7200,1.0017683466
168908,168914,172645,6,3731,2,7200,1.00160814795
169074,169080,172566,6,3486,2,7200,1.0017211704
169132,169138,172380,6,3242,2,7200,1.00185070944
169378,169384,172854,6,3470,2,7200,1.00172910663
170430,170437,173814,7,3377,2,7200,1.00207284572
170473,170479,173993,6,3514,2,7200,1.00170745589
170474,170486,173974,12,3488,2,7200,1.00344036697
170651,170657,173906,6,3249,2,7200,1.00184672207
171000,171007,174212,7,3205,2,7200,1.00218408736
171019,171026,174524,7,3498,2,7200,1.00200114351
171157,171163,174644,6,3481,2,7200,1.00172364263
171218,171224,174846,6,3622,2,7200,1.00165654335
171384,171391,174760,7,3369,2,7200,1.00207776788
171624,171630,175108,6,3478,2,7200,1.00172512938
171681,171688,175140,7,3452,2,7200,1.00202780997
171708,171715,175182,7,3467,2,7200,1.00201903663
171772,171779,175291,7,3512,2,7200,1.00199316629
171832,171839,175531,7,3692,2,7200,1.00189599133
171910,171917,175443,7,3526,2,7200,1.00198525241
171991,171998,175462,7,3464,2,7200,1.00202078522
172015,172021,175576,6,3555,2,7200,1.00168776371
172045,172052,175466,7,3414,2,7200,1.00205038079
172060,172067,175420,7,3353,2,7200,1.00208768267
172136,172142,175402,6,3260,2,7200,1.0018404908
172160,172166,175586,6,3420,2,7200,1.00175438596
172282,172289,175956,7,3667,2,7200,1.00190891737
172306,172312,175709,6,3397,2,7200,1.00176626435
172337,172343,175743,6,3400,2,7200,1.00176470588
172382,172389,175671,7,3282,2,7200,1.00213284583
172569,172575,176050,6,3475,2,7200,1.00172661871
172649,172655,176179,6,3524,2,7200,1.00170261067
172855,172861,176163,6,3302,2,7200,1.00181708056
173815,173822,177518,7,3696,2,7200,1.00189393939
173909,173916,177598,7,3682,2,7200,1.00190114068
173976,173984,177331,8,3347,2,7200,1.00239020018
173994,174000,177680,6,3680,2,7200,1.00163043478
174213,174220,177769,7,3549,2,7200,1.00197238659
174527,174534,177978,7,3444,2,7200,1.00203252033
174650,174657,178083,7,3426,2,7200,1.00204319907
174764,174770,178271,6,3501,2,7200,1.00171379606
174850,174856,178245,6,3389,2,7200,1.00177043376
175113,175120,178740,7,3620,2,7200,1.00193370166
175141,175147,178528,6,3381,2,7200,1.00177462289
175184,175191,178671,7,3480,2,7200,1.00201149425
175292,175299,178927,7,3628,2,7200,1.00192943771
175406,175412,179008,6,3596,2,7200,1.00166852058
175421,175427,178446,6,3019,2,7200,1.00198741305
175444,175451,178840,7,3389,2,7200,1.00206550605
175463,175469,178856,6,3387,2,7200,1.00177147919
175468,175476,178826,8,3350,2,7200,1.0023880597
175532,175539,179151,7,3612,2,7200,1.0019379845
175579,175586,179013,7,3427,2,7200,1.00204260286
175594,175600,178930,6,3330,2,7200,1.0018018018
175675,175681,179093,6,3412,2,7200,1.00175849941
175711,175717,179292,6,3575,2,7200,1.00167832168
175745,175753,179253,8,3500,2,7200,1.00228571429
175957,175964,179295,7,3331,2,7200,1.00210147103
176053,176059,179480,6,3421,2,7200,1.00175387314
176166,176173,179429,7,3256,2,7200,1.00214987715
176181,176187,179605,6,3418,2,7200,1.00175541252
177331,177339,180774,8,3435,2,7200,1.00232896652
177521,177527,180913,6,3386,2,7200,1.00177200236
177600,177606,181205,6,3599,2,7200,1.00166712976
177683,177689,181287,6,3598,2,7200,1.00166759311
177771,177778,181010,7,3232,2,7200,1.00216584158
177981,177987,181579,6,3592,2,7200,1.00167037862
178086,178093,181547,7,3454,2,7200,1.00202663578
178136,195419,213287,17283,17868,1,162000,1.96725990598
178247,178253,181653,6,3400,2,7200,1.00176470588
178274,178280,181805,6,3525,2,7200,1.00170212766
178450,178456,182106,6,3650,2,7200,1.00164383562
178529,178536,181984,7,3448,2,7200,1.00203016241
178673,178680,182289,7,3609,2,7200,1.00193959546
178743,178749,182277,6,3528,2,7200,1.00170068027
178828,178835,182165,7,3330,2,7200,1.0021021021
178843,178850,182117,7,3267,2,7200,1.00214263851
178858,178864,182043,6,3179,2,7200,1.00188738597
178928,178935,182251,7,3316,2,7200,1.00211097708
178943,178949,182502,6,3553,2,7200,1.00168871376
179006,179013,182305,7,3292,2,7200,1.00212636695
179021,179027,182271,6,3244,2,7200,1.00184956843
179094,179100,182623,6,3523,2,7200,1.00170309395
179153,179159,182738,6,3579,2,7200,1.00167644593
179256,179262,182732,6,3470,2,7200,1.00172910663
179296,179302,182943,6,3641,2,7200,1.00164789893
179297,179310,182723,13,3413,2,7200,1.00380896572
179430,179438,183035,8,3597,2,7200,1.00222407562
179481,179487,183033,6,3546,2,7200,1.00169204738
179610,179617,183375,7,3758,2,7200,1.00186269292
180774,180781,184283,7,3502,2,7200,1.0019988578
180917,180924,184635,7,3711,2,7200,1.00188628402
181013,181019,184335,6,3316,2,7200,1.00180940893
181207,181214,184454,7,3240,2,7200,1.00216049383
181289,181295,184721,6,3426,2,7200,1.00175131349
181548,181556,184751,8,3195,2,7200,1.00250391236
181580,181587,184987,7,3400,2,7200,1.00205882353
181654,181660,184993,6,3333,2,7200,1.00180018002
181724,181819,181987,95,168,1,3600,1.56547619048
181806,181812,184881,6,3069,2,7200,1.00195503421
181986,181992,185508,6,3516,2,7200,1.00170648464
182046,182053,185669,7,3616,2,7200,1.00193584071
182107,182114,185481,7,3367,2,7200,1.00207900208
182119,182126,185542,7,3416,2,7200,1.00204918033
182162,182168,182514,6,346,1,3600,1.01734104046
182167,182175,185793,8,3618,2,7200,1.00221116639
182253,182259,185667,6,3408,2,7200,1.00176056338
182275,182281,185385,6,3104,2,7200,1.00193298969
182290,182296,185757,6,3461,2,7200,1.001733603
182292,182303,185831,11,3528,2,7200,1.00311791383
182306,182312,185700,6,3388,2,7200,1.00177095632
182505,182512,185945,7,3433,2,7200,1.00203903292
182625,182631,185788,6,3157,2,7200,1.00190053849
182725,182732,186191,7,3459,2,7200,1.00202370627
182733,182739,186189,6,3450,2,7200,1.00173913043
182748,182755,185969,7,3214,2,7200,1.00217797138
182875,183031,183826,156,795,1,3600,1.19622641509
182944,182950,186361,6,3411,2,7200,1.00175901495
183037,183043,186494,6,3451,2,7200,1.00173862649
183038,183050,186591,12,3541,2,7200,1.0033888732
183377,183383,186965,6,3582,2,7200,1.00167504188
184286,184293,187894,7,3601,2,7200,1.00194390447
184338,184345,187769,7,3424,2,7200,1.00204439252
184458,184464,187783,6,3319,2,7200,1.00180777343
184639,184647,188121,8,3474,2,7200,1.00230282096
184643,184654,184762,11,108,1,3600,1.10185185185
184722,184729,188091,7,3362,2,7200,1.00208209399
184752,184759,187997,7,3238,2,7200,1.00216182829
184883,184889,188391,6,3502,2,7200,1.00171330668
184945,184951,185260,6,309,1,3600,1.01941747573
184987,184993,188440,6,3447,2,7200,1.00174064404
184996,185003,188567,7,3564,2,7200,1.0019640853
185388,185394,188779,6,3385,2,7200,1.00177252585
185482,185488,188554,6,3066,2,7200,1.00195694716
185509,185515,188845,6,3330,2,7200,1.0018018018
185544,185551,189051,7,3500,2,7200,1.002
185670,185677,189327,7,3650,2,7200,1.00191780822
185672,185689,189053,17,3364,2,7200,1.00505350773
185676,185684,185846,8,162,1,3600,1.04938271605
185702,185708,189127,6,3419,2,7200,1.00175489909
185728,185734,186331,6,597,1,3600,1.01005025126
185759,185767,189260,8,3493,2,7200,1.00229029488
185790,185796,189185,6,3389,2,7200,1.00177043376
185796,185802,189217,6,3415,2,7200,1.00175695461
185833,185839,189036,6,3197,2,7200,1.00187675946
185949,185956,189352,7,3396,2,7200,1.00206124853
185971,185978,189570,7,3592,2,7200,1.00194877506
186029,186036,186378,7,342,1,3600,1.02046783626
186190,186196,189805,6,3609,2,7200,1.00166251039
186193,186204,189500,11,3296,2,7200,1.00333737864
186364,186371,190033,7,3662,2,7200,1.00191152376
186497,186503,190136,6,3633,2,7200,1.00165152766
186593,186600,190075,7,3475,2,7200,1.00201438849
186737,190152,190918,3415,766,1,3600,5.45822454308
186967,186973,190309,6,3336,2,7200,1.00179856115
187772,187779,191390,7,3611,2,7200,1.00193852119
187787,187795,191474,8,3679,2,7200,1.00217450394
187898,187904,191551,6,3647,2,7200,1.00164518783
187999,188007,191515,8,3508,2,7200,1.00228050171
188094,188100,191536,6,3436,2,7200,1.00174621653
188124,188130,191661,6,3531,2,7200,1.00169923534
188393,188400,191754,7,3354,2,7200,1.00208706023
188443,188449,191896,6,3447,2,7200,1.00174064404
188557,188564,192091,7,3527,2,7200,1.00198468954
188574,188581,191841,7,3260,2,7200,1.00214723926
188781,188789,192178,8,3389,2,7200,1.00236057834
188848,188855,192109,7,3254,2,7200,1.00215119852
188987,190185,190301,1198,116,1,1800,11.3275862069
189037,189043,192391,6,3348,2,7200,1.0017921147
189054,189066,192527,12,3461,2,7200,1.00346720601
189055,189061,192476,6,3415,2,7200,1.00175695461
189128,189134,192805,6,3671,2,7200,1.00163443203
189188,189194,192765,6,3571,2,7200,1.00168020162
189219,189225,192480,6,3255,2,7200,1.00184331797
189261,189267,192736,6,3469,2,7200,1.00172960507
189328,189336,192862,8,3526,2,7200,1.0022688599
189358,189365,192699,7,3334,2,7200,1.00209958008
189503,189510,192892,7,3382,2,7200,1.00206978119
189571,189577,192674,6,3097,2,7200,1.00193735873
189805,189812,193270,7,3458,2,7200,1.0020242915
190034,190041,193489,7,3448,2,7200,1.00203016241
190077,190084,193551,7,3467,2,7200,1.00201903663
190139,190145,193895,6,3750,2,7200,1.0016
190311,190317,193731,6,3414,2,7200,1.00175746924
190595,190863,190977,268,114,1,1800,3.35087719298
191396,191403,195096,7,3693,2,7200,1.00189547793
191476,191483,194921,7,3438,2,7200,1.00203606748
191518,191525,195037,7,3512,2,7200,1.00199316629
191537,191545,195038,8,3493,2,7200,1.00229029488
191552,191558,195006,6,3448,2,7200,1.00174013921
191634,192268,192843,634,575,1,1800,2.10260869565
191664,191671,195088,7,3417,2,7200,1.00204858063
191755,191761,195277,6,3516,2,7200,1.00170648464
191844,191850,195413,6,3563,2,7200,1.00168397418
191898,191905,195247,7,3342,2,7200,1.00209455416
192094,192100,195384,6,3284,2,7200,1.00182704019
192112,192118,195419,6,3301,2,7200,1.00181763102
192178,192185,195707,7,3522,2,7200,1.0019875071
192179,192273,192385,94,112,1,3600,1.83928571429
192394,192400,195780,6,3380,2,7200,1.00177514793
192476,192483,196126,7,3643,2,7200,1.00192149327
192484,192490,196078,6,3588,2,7200,1.0016722408
192529,192536,195987,7,3451,2,7200,1.00202839757
192562,192568,192882,6,314,1,3600,1.01910828025
192676,192682,195997,6,3315,2,7200,1.00180995475
192702,192708,196244,6,3536,2,7200,1.00169683258
192739,192745,196171,6,3426,2,7200,1.00175131349
192766,192774,196369,8,3595,2,7200,1.00222531293
192806,192812,195995,6,3183,2,7200,1.00188501414
192865,192872,196356,7,3484,2,7200,1.00200918485
192895,192903,196270,8,3367,2,7200,1.00237600238
193046,193053,193164,7,111,1,1800,1.06306306306
193272,193279,196885,7,3606,2,7200,1.0019412091
193312,193318,193918,6,600,1,3600,1.01
193470,193477,193574,7,97,1,1800,1.07216494845
193493,193500,196849,7,3349,2,7200,1.00209017617
193554,193561,196957,7,3396,2,7200,1.00206124853
193736,193742,197126,6,3384,2,7200,1.00177304965
193898,193904,197273,6,3369,2,7200,1.0017809439
193967,193973,194025,6,52,1,1800,1.11538461538
194263,194270,194784,7,514,1,1800,1.01361867704
194336,194343,194421,7,78,1,1800,1.08974358974
194925,194931,198464,6,3533,2,7200,1.00169827342
195008,195015,198469,7,3454,2,7200,1.00202663578
195038,195046,198530,8,3484,2,7200,1.00229621125
195040,195053,198384,13,3331,2,7200,1.00390273191
195089,195095,198838,6,3743,2,7200,1.00160299225
195104,195115,198603,11,3488,2,7200,1.00315366972
195249,195255,198599,6,3344,2,7200,1.00179425837
195278,195285,198570,7,3285,2,7200,1.00213089802
195384,195390,198861,6,3471,2,7200,1.00172860847
195406,195432,195726,26,294,1,1800,1.08843537415
195415,195427,198839,12,3412,2,7200,1.00351699883
195430,195439,198975,9,3536,2,7200,1.00254524887
195710,195716,199036,6,3320,2,7200,1.00180722892
195784,195790,198990,6,3200,2,7200,1.001875
195989,195996,199704,7,3708,2,7200,1.00188781014
195997,196004,199556,7,3552,2,7200,1.00197072072
196004,196012,199757,8,3745,2,7200,1.00213618158
196079,196085,199509,6,3424,2,7200,1.00175233645
196127,196133,199553,6,3420,2,7200,1.00175438596
196157,206437,802542,10280,596105,3,604800,1.01724528397
196173,196179,199705,6,3526,2,7200,1.00170164492
196246,196252,199728,6,3476,2,7200,1.00172612198
196249,254188,574854,57939,320666,3,604800,1.18068332782
196273,196279,199743,6,3464,2,7200,1.00173210162
196276,254254,856022,57978,601768,3,604800,1.09634610016
196358,196364,200019,6,3655,2,7200,1.00164158687
196373,196379,199764,6,3385,2,7200,1.00177252585
196667,197217,197267,550,50,1,1800,12.0
196801,250572,507861,53771,257289,3,604800,1.20899066808
196850,196856,200197,6,3341,2,7200,1.0017958695
196890,196897,200202,7,3305,2,7200,1.00211800303
196959,196965,200398,6,3433,2,7200,1.0017477425
197127,197134,200631,7,3497,2,7200,1.00200171576
197275,197281,200900,6,3619,2,7200,1.00165791655
197599,197606,197685,7,79,1,1800,1.08860759494
198386,198392,202020,6,3628,2,7200,1.00165380375
198465,198472,201840,7,3368,2,7200,1.0020783848
198471,198479,202064,8,3585,2,7200,1.00223152022
198532,198538,201955,6,3417,2,7200,1.00175592625
198571,198578,202111,7,3533,2,7200,1.00198131899
198601,198608,202022,7,3414,2,7200,1.00205038079
198605,198614,201986,9,3372,2,7200,1.00266903915
198687,198693,198976,6,283,1,1800,1.02120141343
198841,198849,202188,8,3339,2,7200,1.00239592692
198843,198854,202344,11,3490,2,7200,1.00315186246
198864,198870,202327,6,3457,2,7200,1.00173560891
198976,198982,202660,6,3678,2,7200,1.00163132137
198992,198998,202495,6,3497,2,7200,1.00171575636
199037,199043,202464,6,3421,2,7200,1.00175387314
199509,199516,202933,7,3417,2,7200,1.00204858063
199556,199564,202966,8,3402,2,7200,1.00235155791
199557,199570,203164,13,3594,2,7200,1.00361713968
199705,199711,203073,6,3362,2,7200,1.00178465199
199706,199718,203245,12,3527,2,7200,1.00340232492
199730,199736,203425,6,3689,2,7200,1.00162645703
199745,199752,203510,7,3758,2,7200,1.00186269292
199759,199765,203462,6,3697,2,7200,1.00162293752
199766,199774,203132,8,3358,2,7200,1.00238237046
200021,200027,203440,6,3413,2,7200,1.00175798418
200199,200205,203482,6,3277,2,7200,1.00183094294
200204,200212,203877,8,3665,2,7200,1.00218281037
200399,200406,203842,7,3436,2,7200,1.00203725262
200633,200640,204239,7,3599,2,7200,1.00194498472
200902,200908,204351,6,3443,2,7200,1.00174266628
201842,201849,205008,7,3159,2,7200,1.0022158911
201957,201964,205339,7,3375,2,7200,1.00207407407
201987,201993,205419,6,3426,2,7200,1.00175131349
202020,202027,205169,7,3142,2,7200,1.00222788033
202023,202034,205567,11,3533,2,7200,1.00311350127
202065,202073,205788,8,3715,2,7200,1.00215343203
202114,202120,205615,6,3495,2,7200,1.0017167382
202190,202197,205523,7,3326,2,7200,1.00210463019
202330,202337,205908,7,3571,2,7200,1.00196023523
202345,202352,205919,7,3567,2,7200,1.00196243342
202467,202473,205799,6,3326,2,7200,1.00180396873
202497,202504,205943,7,3439,2,7200,1.00203547543
202661,202668,205986,7,3318,2,7200,1.00210970464
202935,202941,206499,6,3558,2,7200,1.00168634064
202968,202975,206547,7,3572,2,7200,1.00195968645
203076,203082,206711,6,3629,2,7200,1.00165334803
203076,205897,216734,2821,10837,7,10800,1.26031189444
203133,203139,206797,6,3658,2,7200,1.00164024057
203168,203174,206771,6,3597,2,7200,1.00166805671
203245,203252,206699,7,3447,2,7200,1.00203075138
203427,203433,206743,6,3310,2,7200,1.00181268882
203442,203448,206950,6,3502,2,7200,1.00171330668
203464,203470,207165,6,3695,2,7200,1.00162381597
203485,203491,206974,6,3483,2,7200,1.00172265289
203512,203519,206724,7,3205,2,7200,1.00218408736
203542,203549,206856,7,3307,2,7200,1.0021167221
203543,203556,207126,13,3570,2,7200,1.00364145658
203544,203561,207269,17,3708,2,7200,1.00458468177
203546,203566,206973,20,3407,2,7200,1.0058702671
203547,203571,207214,24,3643,2,7200,1.00658797694
203549,203577,206926,28,3349,2,7200,1.00836070469
203550,203583,206961,33,3378,2,7200,1.00976909414
203551,203589,206692,38,3103,2,7200,1.01224621334
203552,203594,207020,42,3426,2,7200,1.0122591944
203554,203599,207004,45,3405,2,7200,1.01321585903
203845,203851,207209,6,3358,2,7200,1.00178677784
203880,203886,207256,6,3370,2,7200,1.00178041543
204240,204246,207592,6,3346,2,7200,1.00179318589
204352,204358,208074,6,3716,2,7200,1.0016146394
204995,206402,206409,1407,7,16,234000,141.4
205011,205018,208524,7,3506,2,7200,1.0019965773
205170,205177,208804,7,3627,2,7200,1.00192996967
205342,205355,208764,13,3409,2,7200,1.00381343502
205422,205430,208836,8,3406,2,7200,1.00234879624
205494,206443,206639,949,196,2,54000,5.84183673469
205523,205529,208787,6,3258,2,7200,1.00184162063
205571,205577,208973,6,3396,2,7200,1.00176678445
205611,206420,206426,809,6,16,216000,81.5
205617,205623,208919,6,3296,2,7200,1.00182038835
205790,205796,209054,6,3258,2,7200,1.00184162063
205801,205808,209163,7,3355,2,7200,1.00208643815
205910,205916,209611,6,3695,2,7200,1.00162381597
205925,205932,209479,7,3547,2,7200,1.00197349873
205944,205950,209268,6,3318,2,7200,1.00180831826
205989,205995,209330,6,3335,2,7200,1.00179910045
206500,206507,209869,7,3362,2,7200,1.00208209399
206549,206555,210177,6,3622,2,7200,1.00165654335
206694,206701,210167,7,3466,2,7200,1.00201961916
206697,226652,236833,19955,10181,64,14400,2.96002357332
206700,236845,246997,30145,10152,64,14400,3.96936564224
206709,206715,210216,6,3501,2,7200,1.00171379606
206713,206722,210292,9,3570,2,7200,1.0025210084
206727,206735,210136,8,3401,2,7200,1.00235224934
206746,206752,210207,6,3455,2,7200,1.0017366136
206773,206780,210104,7,3324,2,7200,1.00210589651
206798,206805,210361,7,3556,2,7200,1.00196850394
206859,206866,210324,7,3458,2,7200,1.0020242915
206929,206936,210383,7,3447,2,7200,1.00203075138
206953,206960,209857,7,2897,2,7200,1.00241629272
206968,206974,210244,6,3270,2,7200,1.00183486239
206983,206990,210738,7,3748,2,7200,1.00186766275
206985,206997,210192,12,3195,2,7200,1.00375586854
207007,207342,207456,335,114,2,18000,3.93859649123
207007,207013,210547,6,3534,2,7200,1.00169779287
207022,207028,210761,6,3733,2,7200,1.00160728636
207128,207135,210699,7,3564,2,7200,1.0019640853
207165,207171,210654,6,3483,2,7200,1.00172265289
207210,207218,210613,8,3395,2,7200,1.00235640648
207226,207233,210677,7,3444,2,7200,1.00203252033
207258,207265,210628,7,3363,2,7200,1.00208147487
207271,207277,210902,6,3625,2,7200,1.00165517241
207457,207464,207466,7,2,2,18000,1.0
207475,207482,207673,7,191,2,18000,1.03664921466
207594,207600,211074,6,3474,2,7200,1.00172711572
207682,207689,208611,7,922,2,18000,1.00759219089
207993,207999,208003,6,4,8,3600,1.0
208076,208083,211641,7,3558,2,7200,1.00196739741
208222,208229,208233,7,4,2,3600,1.1
208294,208301,208302,7,1,1,3600,1.0
208343,208350,208390,7,40,2,1860,1.175
208430,208437,208739,7,302,2,1860,1.02317880795
208526,208533,211882,7,3349,2,7200,1.00209017617
208646,208652,208657,6,5,8,3600,1.1
208731,208737,208885,6,148,2,18000,1.04054054054
208765,208772,212440,7,3668,2,7200,1.00190839695
208790,208796,212492,6,3696,2,7200,1.00162337662
208802,208809,209240,7,431,8,3600,1.0162412993
208805,208816,212444,11,3628,2,7200,1.00303197354
208839,208846,212302,7,3456,2,7200,1.00202546296
208894,209836,210404,942,568,2,18000,2.65845070423
208920,208928,212296,8,3368,2,7200,1.00237529691
208975,208981,212420,6,3439,2,7200,1.00174469322
209056,209063,212340,7,3277,2,7200,1.00213610009
209167,209173,212431,6,3258,2,7200,1.00184162063
209174,209814,209824,640,10,8,3600,65.0
209270,209276,212711,6,3435,2,7200,1.00174672489
209331,209338,212720,7,3382,2,7200,1.00206978119
209480,209487,212819,7,3332,2,7200,1.00210084034
209614,209625,213031,11,3406,2,7200,1.00322959483
209776,209782,209802,6,20,2,600,1.3
209859,209865,213544,6,3679,2,7200,1.00163087796
209872,209878,213289,6,3411,2,7200,1.00175901495
210058,210065,210371,7,306,2,1860,1.02287581699
210105,210111,213498,6,3387,2,7200,1.00177147919
210138,210145,213761,7,3616,2,7200,1.00193584071
210169,210175,213623,6,3448,2,7200,1.00174013921
210184,210191,213535,7,3344,2,7200,1.00209330144
210199,210206,213509,7,3303,2,7200,1.0021192855
210214,210220,213986,6,3766,2,7200,1.00159320234
210229,210236,213815,7,3579,2,7200,1.00195585359
210244,210250,213741,6,3491,2,7200,1.00171870524
210261,210268,211231,7,963,1,3600,1.00726895119
210293,210300,213868,7,3568,2,7200,1.00196188341
210326,210332,213750,6,3418,2,7200,1.00175541252
210364,210370,213790,6,3420,2,7200,1.00175438596
210386,210392,214049,6,3657,2,7200,1.00164068909
210465,210473,212594,8,2121,1,22800,1.00377180575
210478,210484,210486,6,2,2,18000,1.0
210550,210556,213944,6,3388,2,7200,1.00177095632
210571,210577,214828,6,4251,2,18000,1.0014114326
210617,210624,214104,7,3480,2,7200,1.00201149425
210630,210637,214240,7,3603,2,7200,1.00194282542
210657,210664,214145,7,3481,2,7200,1.0020109164
210678,210684,213974,6,3290,2,7200,1.00182370821
210702,210708,214095,6,3387,2,7200,1.00177147919
210738,210746,214098,8,3352,2,7200,1.00238663484
210763,210770,214395,7,3625,2,7200,1.00193103448
210893,211090,211134,197,44,2,18000,5.47727272727
210903,210909,214330,6,3421,2,7200,1.00175387314
211075,211083,214704,8,3621,2,7200,1.00220933444
211268,211275,211311,7,36,2,18000,1.19444444444
211415,211422,211521,7,99,2,18000,1.07070707071
211537,211548,211554,11,6,2,18000,1.7
211615,211623,214828,8,3205,2,18000,1.00249609984
211644,211651,215174,7,3523,2,7200,1.00198694295
211885,211892,215165,7,3273,2,7200,1.00213871066
212247,212254,214828,7,2574,2,18000,1.00271950272
212297,212304,215877,7,3573,2,7200,1.00195913798
212312,212319,215565,7,3246,2,7200,1.00215650031
212341,212348,215908,7,3560,2,7200,1.00196629213
212422,212430,216194,8,3764,2,7200,1.00212539851
212433,212440,215901,7,3461,2,7200,1.00202253684
212443,212450,215866,7,3416,2,7200,1.00204918033
212449,212458,215997,9,3539,2,7200,1.00254309127
212494,212501,215915,7,3414,2,7200,1.00205038079
212713,212720,216086,7,3366,2,7200,1.00207961973
212728,212735,216283,7,3548,2,7200,1.0019729425
212816,237757,255986,24941,18229,1,22800,2.3682045093
212819,212826,216359,7,3533,2,7200,1.00198131899
212903,212910,212911,7,1,1,3600,1.0
213032,213039,216362,7,3323,2,7200,1.00210653024
213124,213130,213402,6,272,1,1200,1.02205882353
213292,213299,216710,7,3411,2,7200,1.00205218411
213360,213367,215980,7,2613,1,7200,1.00267891313
213363,213375,213377,12,2,1,3600,1.4
213462,213468,213470,6,2,1,3600,1.0
213499,213506,216882,7,3376,2,7200,1.00207345972
213516,213523,217066,7,3543,2,7200,1.00197572679
213520,213529,213706,9,177,1,3600,1.05084745763
213537,213543,216927,6,3384,2,7200,1.00177304965
213553,213560,216999,7,3439,2,7200,1.00203547543
213566,213572,228090,6,14518,1,14400,1.00041328007
213626,213632,217159,6,3527,2,7200,1.00170116246
213744,213751,217230,7,3479,2,7200,1.00201207243
213759,213765,217258,6,3493,2,7200,1.00171772116
213774,213782,217261,8,3479,2,7200,1.00229951135
213792,213799,217142,7,3343,2,7200,1.00209392761
213817,213823,217394,6,3571,2,7200,1.00168020162
213870,213877,217084,7,3207,2,7200,1.00218272529
213944,213951,217313,7,3362,2,7200,1.00208209399
213975,213982,217481,7,3499,2,7200,1.00200057159
213990,213996,217322,6,3326,2,7200,1.00180396873
214022,247008,254175,32986,7167,8,21600,5.60248360541
214039,214045,214046,6,1,1,3600,1.0
214051,214058,217460,7,3402,2,7200,1.00205761317
214099,214106,217507,7,3401,2,7200,1.00205821817
214100,214113,217381,13,3268,2,7200,1.00397796818
214115,214121,217568,6,3447,2,7200,1.00174064404
214147,214153,217708,6,3555,2,7200,1.00168776371
214240,214246,217646,6,3400,2,7200,1.00176470588
214290,247014,268651,32724,21637,8,21600,2.51240929889
214332,214339,217734,7,3395,2,7200,1.00206185567
214351,247019,268647,32668,21628,8,21600,2.51044941742
214396,214403,217881,7,3478,2,7200,1.00201265095
214705,214712,218202,7,3490,2,7200,1.00200573066
215168,215175,218650,7,3475,2,7200,1.00201438849
215179,215185,218420,6,3235,2,7200,1.00185471406
215282,215289,228459,7,13170,4,14400,1.00053151101
215583,215590,218954,7,3364,2,7200,1.00208085612
215869,215876,219581,7,3705,2,7200,1.00188933873
215878,215885,219424,7,3539,2,7200,1.00197795988
215904,215911,219374,7,3463,2,7200,1.00202136876
215905,215918,219472,13,3554,2,7200,1.00365785031
215919,215927,219384,8,3457,2,7200,1.00231414521
215995,216002,223230,7,7228,1,7200,1.000968456
215998,216008,219375,10,3367,2,7200,1.00297000297
216088,216094,219700,6,3606,2,7200,1.00166389351
216197,216203,219372,6,3169,2,7200,1.00189334175
216285,216292,219374,7,3082,2,7200,1.00227125243
216361,216368,219673,7,3305,2,7200,1.00211800303
216376,216382,219919,6,3537,2,7200,1.00169635284
216712,216719,220410,7,3691,2,7200,1.00189650501
216882,216889,220452,7,3563,2,7200,1.00196463654
216928,216934,220300,6,3366,2,7200,1.00178253119
217001,217007,220603,6,3596,2,7200,1.00166852058
217068,217074,220529,6,3455,2,7200,1.0017366136
217085,217092,220444,7,3352,2,7200,1.00208830549
217144,217150,220513,6,3363,2,7200,1.00178412132
217159,217165,220715,6,3550,2,7200,1.00169014085
217232,217239,220405,7,3166,2,7200,1.00221099179
217259,217266,220662,7,3396,2,7200,1.00206124853
217274,217281,220431,7,3150,2,7200,1.00222222222
217315,217322,220558,7,3236,2,7200,1.0021631644
217330,217336,220737,6,3401,2,7200,1.001764187
217381,217388,220884,7,3496,2,7200,1.00200228833
217396,217403,220907,7,3504,2,7200,1.00199771689
217463,217471,221035,8,3564,2,7200,1.00224466891
217481,217488,220817,7,3329,2,7200,1.00210273355
217509,217516,221122,7,3606,2,7200,1.0019412091
217569,217576,220930,7,3354,2,7200,1.00208706023
217620,217626,217776,6,150,20,3600,1.04
217648,217655,221205,7,3550,2,7200,1.00197183099
217708,217716,221089,8,3373,2,7200,1.00237177587
217802,218048,218143,246,95,2,7200,3.58947368421
218041,247024,256318,28983,9294,7,10800,4.11846352485
218235,218241,218885,6,644,20,3600,1.00931677019
218422,218429,221902,7,3473,2,7200,1.00201554852
218886,218892,219041,6,149,20,3600,1.04026845638
219188,219195,220149,7,954,20,3600,1.00733752621
219374,219380,222887,6,3507,2,7200,1.00171086399
219473,219480,223018,7,3538,2,7200,1.00197851894
219582,219589,222756,7,3167,2,7200,1.00221029365
219677,219684,223263,7,3579,2,7200,1.00195585359
219701,219707,223190,6,3483,2,7200,1.00172265289
219920,219928,223549,8,3621,2,7200,1.00220933444
220197,220203,223849,6,3646,20,3600,1.00164563906
220303,220310,223662,7,3352,2,7200,1.00208830549
220407,220415,223680,8,3265,2,7200,1.00245022971
220412,220422,223897,10,3475,2,7200,1.00287769784
220432,220438,223813,6,3375,2,7200,1.00177777778
220445,220451,223816,6,3365,2,7200,1.00178306092
220453,220461,223892,8,3431,2,7200,1.00233168173
220516,220523,223945,7,3422,2,7200,1.00204558738
220531,220537,224093,6,3556,2,7200,1.00168728909
220558,220564,224007,6,3443,2,7200,1.00174266628
220605,220612,223545,7,2933,2,7200,1.00238663484
220662,220668,223830,6,3162,2,7200,1.00189753321
220717,220724,224066,7,3342,2,7200,1.00209455416
220738,220744,224343,6,3599,2,7200,1.00166712976
220820,220827,224162,7,3335,2,7200,1.00209895052
220886,220893,224097,7,3204,2,7200,1.00218476904
220907,220914,224293,7,3379,2,7200,1.00207161882
220932,220938,224150,6,3212,2,7200,1.00186799502
221035,221041,224581,6,3540,2,7200,1.00169491525
221092,221098,224406,6,3308,2,7200,1.00181378476
221123,221130,224680,7,3550,2,7200,1.00197183099
221206,221212,224708,6,3496,2,7200,1.00171624714
221537,238998,246930,17461,7932,1,14400,3.20133635905
221904,221911,225380,7,3469,2,7200,1.00201787259
222760,222767,226269,7,3502,2,7200,1.0019988578
222889,222895,226430,6,3535,2,7200,1.00169731259
223019,223025,226222,6,3197,2,7200,1.00187675946
223193,223200,226326,7,3126,2,7200,1.00223928343
223261,223268,226638,7,3370,2,7200,1.00207715134
223547,223553,227015,6,3462,2,7200,1.00173310225
223562,223568,226934,6,3366,2,7200,1.00178253119
223662,223668,227109,6,3441,2,7200,1.00174367916
223683,223690,227259,7,3569,2,7200,1.00196133371
223817,223823,227247,6,3424,2,7200,1.00175233645
223817,223828,227266,11,3438,2,7200,1.00319953461
223833,223839,227165,6,3326,2,7200,1.00180396873
223894,223901,227306,7,3405,2,7200,1.00205580029
223898,223908,227127,10,3219,2,7200,1.00310655483
223946,223952,227418,6,3466,2,7200,1.00173110214
224007,224013,227309,6,3296,2,7200,1.00182038835
224067,224074,227432,7,3358,2,7200,1.00208457415
224094,224101,227453,7,3352,2,7200,1.00208830549
224109,224115,227405,6,3290,2,7200,1.00182370821
224152,224159,227541,7,3382,2,7200,1.00206978119
224166,224173,227841,7,3668,2,7200,1.00190839695
224293,224299,228094,6,3795,2,7200,1.00158102767
224345,224351,227933,6,3582,2,7200,1.00167504188
224407,224414,227728,7,3314,2,7200,1.00211225106
224582,224589,228015,7,3426,2,7200,1.00204319907
224682,224689,228284,7,3595,2,7200,1.00194714882
224711,224718,228374,7,3656,2,7200,1.00191466083
225383,225390,228893,7,3503,2,7200,1.00199828718
225390,228339,228346,2949,7,4,3600,295.6
225722,228368,248525,2646,20157,2,36000,1.13126953416
225738,239808,275840,14070,36032,2,36000,1.39048623446
225745,247040,281258,21295,34218,2,36000,1.62233327488
225760,225767,225775,7,8,2,1200,1.5
226228,226234,229661,6,3427,2,7200,1.00175080245
226231,226240,227470,9,1230,2,1200,1.00731707317
226270,226276,229479,6,3203,2,7200,1.00187324383
226328,226335,229857,7,3522,2,7200,1.0019875071
226433,226439,229851,6,3412,2,7200,1.00175849941
226639,226646,230053,7,3407,2,7200,1.00205459348
226937,226943,230318,6,3375,2,7200,1.00177777778
227016,227023,230445,7,3422,2,7200,1.00204558738
227110,227116,230562,6,3446,2,7200,1.00174114916
227129,227135,230452,6,3317,2,7200,1.00180886343
227165,227171,230660,6,3489,2,7200,1.00171969046
227182,228363,232061,1181,3698,1,3600,1.3193618172
227249,227255,230816,6,3561,2,7200,1.00168491997
227259,227265,230767,6,3502,2,7200,1.00171330668
227274,227280,230853,6,3573,2,7200,1.00167926113
227307,227313,230731,6,3418,2,7200,1.00175541252
227322,227328,230961,6,3633,2,7200,1.00165152766
227358,239149,301906,11791,62757,16,216000,1.18788342336
227370,239618,287637,12248,48019,16,234000,1.25506570316
227371,234001,241458,6630,7457,1,68400,1.88909749229
227407,227414,230898,7,3484,2,7200,1.00200918485
227422,227429,230697,7,3268,2,7200,1.00214198286
227437,227443,230887,6,3444,2,7200,1.00174216028
227455,227462,230660,7,3198,2,7200,1.00218886804
227543,227551,231063,8,3512,2,7200,1.00227790433
227715,228358,234833,643,6475,1,7200,1.09930501931
227728,227736,231106,8,3370,2,7200,1.00237388724
227842,227848,231463,6,3615,2,7200,1.00165975104
227934,227941,231080,7,3139,2,7200,1.00223000956
228016,228022,231439,6,3417,2,7200,1.00175592625
228095,228102,231315,7,3213,2,7200,1.00217864924
228289,228296,231523,7,3227,2,7200,1.0021691974
228376,228383,231822,7,3439,2,7200,1.00203547543
228611,228617,233938,6,5321,4,7200,1.00112760759
228665,247029,261667,18364,14638,16,64800,2.25454297035
228896,228902,232366,6,3464,2,7200,1.00173210162
229479,229486,233213,7,3727,2,7200,1.00187818621
229663,229670,233144,7,3474,2,7200,1.00201496834
229852,229859,233120,7,3261,2,7200,1.0021465808
229861,229869,233473,8,3604,2,7200,1.00221975583
229913,247035,271648,17122,24613,16,64800,1.69564864096
230056,230062,233636,6,3574,2,7200,1.00167879127
230321,230328,233981,7,3653,2,7200,1.00191623323
230446,230453,233980,7,3527,2,7200,1.00198468954
230454,230460,233867,6,3407,2,7200,1.00176108013
230486,230557,230563,71,6,1,7200,7.7
230564,230572,234198,8,3626,2,7200,1.00220628792
230662,230669,233984,7,3315,2,7200,1.00211161388
230663,230676,233802,13,3126,2,7200,1.00415866923
230699,230706,234230,7,3524,2,7200,1.00198637911
230733,230740,234389,7,3649,2,7200,1.00191833379
230769,230775,234465,6,3690,2,7200,1.00162601626
230817,230824,234454,7,3630,2,7200,1.00192837466
230855,230861,234348,6,3487,2,7200,1.0017206768
230855,234007,238992,3152,4985,1,14400,1.63229689067
230888,230894,234019,6,3125,2,7200,1.00192
230903,230910,234395,7,3485,2,7200,1.00200860832
230964,230970,234537,6,3567,2,7200,1.00168208579
231064,231070,234298,6,3228,2,7200,1.00185873606
231079,231086,234199,7,3113,2,7200,1.00224863476
231110,231116,234680,6,3564,2,7200,1.00168350168
231316,231328,234855,12,3527,2,7200,1.00340232492
231414,231420,235361,6,3941,20,36000,1.00152245623
231441,231448,234722,7,3274,2,7200,1.00213805742
231465,231472,234708,7,3236,2,7200,1.0021631644
231526,231532,235061,6,3529,2,7200,1.00170019836
231823,231830,235411,7,3581,2,7200,1.00195476124
231972,254109,257742,22137,3633,8,3600,7.09331131296
232368,232374,235899,6,3525,2,7200,1.00170212766
233123,233130,236601,7,3471,2,7200,1.00201670988
233144,233152,236495,8,3343,2,7200,1.00239306013
233217,233223,236856,6,3633,2,7200,1.00165152766
233476,233483,237005,7,3522,2,7200,1.0019875071
233636,233643,237262,7,3619,2,7200,1.00193423598
233803,233810,237455,7,3645,2,7200,1.00192043896
233867,233875,237271,8,3396,2,7200,1.0023557126
233982,233989,237708,7,3719,2,7200,1.0018822264
233983,233996,237440,13,3444,2,7200,1.0037746806
233998,234013,237393,15,3380,2,7200,1.00443786982
233999,257753,293783,23754,36030,4,36000,1.65928393006
234000,293790,329806,59790,36016,4,36000,2.66009551311
234000,329812,365845,95812,36033,4,36000,3.65900702134
234001,365855,393582,131854,27727,4,36000,5.75543693872
234002,393630,393660,159628,30,4,36000,5321.93333333
234002,393593,393624,159591,31,4,36000,5149.09677419
234003,393666,393685,159663,19,4,36000,8404.31578947
234004,393696,393725,159692,29,4,36000,5507.62068966
234005,393732,393755,159727,23,4,36000,6945.65217391
234005,393763,393781,159758,18,4,36000,8876.44444444
234019,234026,237551,7,3525,2,7200,1.0019858156
234199,234205,237768,6,3563,2,7200,1.00168397418
234200,234212,237717,12,3505,2,7200,1.00342368046
234230,234238,237809,8,3571,2,7200,1.00224026883
234300,234308,237804,8,3496,2,7200,1.00228832952
234349,234356,237629,7,3273,2,7200,1.00213871066
234392,234399,237810,7,3411,2,7200,1.00205218411
234407,234413,238001,6,3588,2,7200,1.0016722408
234457,234464,238106,7,3642,2,7200,1.00192202087
234467,234475,237713,8,3238,2,7200,1.0024706609
234538,234544,237911,6,3367,2,7200,1.00178200178
234680,234686,238197,6,3511,2,7200,1.00170891484
234708,234715,238231,7,3516,2,7200,1.00199089875
234723,234730,238207,7,3477,2,7200,1.0020132298
234857,234863,238299,6,3436,2,7200,1.00174621653
235061,235068,238504,7,3436,2,7200,1.00203725262
235416,235423,239018,7,3595,2,7200,1.00194714882
235901,235907,239416,6,3509,2,7200,1.00170988886
235939,235945,236555,6,610,1,600,1.00983606557
236498,236505,239803,7,3298,2,7200,1.00212249848
236593,239813,272836,3220,33023,1,33000,1.0975077976
236603,236611,239847,8,3236,2,7200,1.00247218789
236857,236863,240504,6,3641,2,7200,1.00164789893
237008,237014,240481,6,3467,2,7200,1.00173060283
237263,237269,240748,6,3479,2,7200,1.00172463352
237272,237278,240714,6,3436,2,7200,1.00174621653
237394,237400,240843,6,3443,2,7200,1.00174266628
237443,237449,240742,6,3293,2,7200,1.00182204677
237458,237464,240877,6,3413,2,7200,1.00175798418
237552,237558,240997,6,3439,2,7200,1.00174469322
237632,237638,241308,6,3670,2,7200,1.00163487738
237711,237717,240937,6,3220,2,7200,1.00186335404
237726,237732,241097,6,3365,2,7200,1.00178306092
237727,237739,241167,12,3428,2,7200,1.00350058343
237770,237776,241276,6,3500,2,7200,1.00171428571
237806,237812,241095,6,3283,2,7200,1.00182759671
237821,237827,241161,6,3334,2,7200,1.00179964007
237822,237834,241213,12,3379,2,7200,1.00355134655
237914,237920,241481,6,3561,2,7200,1.00168491997
238002,238008,241533,6,3525,2,7200,1.00170212766
238108,238114,241649,6,3535,2,7200,1.00169731259
238198,238205,241680,7,3475,2,7200,1.00201438849
238207,238213,241571,6,3358,2,7200,1.00178677784
238234,238240,241752,6,3512,2,7200,1.00170842825
238300,238307,241759,7,3452,2,7200,1.00202780997
238505,238511,241607,6,3096,2,7200,1.0019379845
239020,239026,242546,6,3520,2,7200,1.00170454545
239417,239423,242898,6,3475,2,7200,1.00172661871
239805,239820,243153,15,3333,2,7200,1.00450045005
239851,239857,243469,6,3612,2,7200,1.00166112957
240483,240490,243889,7,3399,2,7200,1.00205942924
240507,240513,244151,6,3638,2,7200,1.00164925783
240717,240724,244207,7,3483,2,7200,1.0020097617
240742,240748,244238,6,3490,2,7200,1.00171919771
240757,240763,244332,6,3569,2,7200,1.00168114318
240845,240852,244304,7,3452,2,7200,1.00202780997
240878,240884,244501,6,3617,2,7200,1.00165883329
240939,240947,244401,8,3454,2,7200,1.00231615518
241000,241006,244407,6,3401,2,7200,1.001764187
241099,241105,244537,6,3432,2,7200,1.00174825175
241101,241113,244536,12,3423,2,7200,1.00350569676
241165,241171,244415,6,3244,2,7200,1.00184956843
241180,241186,244641,6,3455,2,7200,1.0017366136
241216,241223,244843,7,3620,2,7200,1.00193370166
241277,241283,244877,6,3594,2,7200,1.00166944908
241311,241318,244921,7,3603,2,7200,1.00194282542
241483,241490,245286,7,3796,2,7200,1.00184404636
241535,241541,244870,6,3329,2,7200,1.00180234305
241571,241578,244962,7,3384,2,7200,1.00206855792
241611,241617,245065,6,3448,2,7200,1.00174013921
241653,241659,245200,6,3541,2,7200,1.0016944366
241682,241689,245039,7,3350,2,7200,1.00208955224
241754,241760,245362,6,3602,2,7200,1.00166574125
241769,241775,245391,6,3616,2,7200,1.00165929204
242549,242556,245870,7,3314,2,7200,1.00211225106
242566,242573,243591,7,1018,1,3600,1.0068762279
242899,242904,246343,5,3439,2,7200,1.00145391102
243154,243162,246719,8,3557,2,7200,1.00224908631
243470,243477,247121,7,3644,2,7200,1.00192096597
243892,243898,247100,6,3202,2,7200,1.00187382886
244153,244159,247806,6,3647,2,7200,1.00164518783
244210,244216,247621,6,3405,2,7200,1.00176211454
244240,244246,247753,6,3507,2,7200,1.00171086399
244307,244313,247606,6,3293,2,7200,1.00182204677
244334,244340,247763,6,3423,2,7200,1.00175284838
244404,244411,247744,7,3333,2,7200,1.00210021002
244419,244426,247992,7,3566,2,7200,1.00196298374
244421,244433,247784,12,3351,2,7200,1.00358102059
244502,244509,248024,7,3515,2,7200,1.00199146515
244536,244542,247897,6,3355,2,7200,1.00178837556
244551,244557,247768,6,3211,2,7200,1.00186857677
244642,244648,247987,6,3339,2,7200,1.00179694519
244845,244851,248469,6,3618,2,7200,1.00165837479
244872,244878,248290,6,3412,2,7200,1.00175849941
244887,244893,248468,6,3575,2,7200,1.00167832168
244923,244930,248466,7,3536,2,7200,1.00197963801
244963,244970,248334,7,3364,2,7200,1.00208085612
245040,245047,248492,7,3445,2,7200,1.00203193033
245066,245072,248456,6,3384,2,7200,1.00177304965
245203,245209,248787,6,3578,2,7200,1.00167691448
245286,245293,248697,7,3404,2,7200,1.00205640423
245363,245369,248862,6,3493,2,7200,1.00171772116
245393,245399,248843,6,3444,2,7200,1.00174216028
245870,245876,249401,6,3525,2,7200,1.00170212766
245921,245928,245929,7,1,2,3540,1.0
246040,246046,253258,6,7212,1,7200,1.00083194676
246346,246353,249950,7,3597,2,7200,1.00194606617
246722,246728,250265,6,3537,2,7200,1.00169635284
247103,247109,250677,6,3568,2,7200,1.00168161435
247122,247128,250558,6,3430,2,7200,1.00174927114
247611,247617,251217,6,3600,2,7200,1.00166666667
247622,247628,250847,6,3219,2,7200,1.0018639329
247744,247750,251151,6,3401,2,7200,1.001764187
247759,247765,251148,6,3383,2,7200,1.00177357375
247774,247780,251236,6,3456,2,7200,1.00173611111
247775,247787,251023,12,3236,2,7200,1.00370828183
247790,247797,251071,7,3274,2,7200,1.00213805742
247808,247814,251113,6,3299,2,7200,1.00181873295
247899,247905,251361,6,3456,2,7200,1.00173611111
247990,247996,251371,6,3375,2,7200,1.00177777778
248005,248011,251492,6,3481,2,7200,1.00172364263
248026,248032,251175,6,3143,2,7200,1.00190900414
248293,248299,251402,6,3103,2,7200,1.00193361263
248336,248342,251620,6,3278,2,7200,1.00183038438
248457,248463,252153,6,3690,2,7200,1.00162601626
248472,248478,252002,6,3524,2,7200,1.00170261067
248473,248485,251607,12,3122,2,7200,1.00384368994
248475,248491,251834,16,3343,2,7200,1.00478612025
248494,248501,251810,7,3309,2,7200,1.00211544273
248699,248705,252410,6,3705,2,7200,1.0016194332
248789,248795,252236,6,3441,2,7200,1.00174367916
248845,248851,252429,6,3578,2,7200,1.00167691448
248863,248869,252230,6,3361,2,7200,1.00178518298
249404,249410,252888,6,3478,2,7200,1.00172512938
249541,257760,281271,8219,23511,2,36000,1.34958104717
249951,249957,253451,6,3494,2,7200,1.00171722954
250267,250273,253782,6,3509,2,7200,1.00170988886
250559,250565,254079,6,3514,2,7200,1.00170745589
250680,250686,254126,6,3440,2,7200,1.00174418605
250848,250854,254269,6,3415,2,7200,1.00175695461
251025,251031,254475,6,3444,2,7200,1.00174216028
251074,251080,254523,6,3443,2,7200,1.00174266628
251115,251122,254490,7,3368,2,7200,1.0020783848
251149,251155,254548,6,3393,2,7200,1.0017683466
251164,251170,254730,6,3560,2,7200,1.00168539326
251179,251185,254909,6,3724,2,7200,1.00161117078
251220,251226,254556,6,3330,2,7200,1.0018018018
251238,251244,254606,6,3362,2,7200,1.00178465199
251363,251369,254778,6,3409,2,7200,1.00176004693
251378,251384,254822,6,3438,2,7200,1.0017452007
251405,251411,254797,6,3386,2,7200,1.00177200236
251493,251499,254811,6,3312,2,7200,1.0018115942
251608,251614,255201,6,3587,2,7200,1.001672707
251623,251629,254865,6,3236,2,7200,1.00185414091
251811,251817,255472,6,3655,2,7200,1.00164158687
251835,251842,255175,7,3333,2,7200,1.00210021002
252003,252009,255247,6,3238,2,7200,1.00185299568
252155,252161,255861,6,3700,2,7200,1.00162162162
252230,252236,256001,6,3765,2,7200,1.0015936255
252238,252244,255892,6,3648,2,7200,1.00164473684
252412,252418,255628,6,3210,2,7200,1.00186915888
252430,252436,255896,6,3460,2,7200,1.00173410405
252890,252896,256265,6,3369,2,7200,1.0017809439
253452,253459,256906,7,3447,2,7200,1.00203075138
253783,253789,257058,6,3269,2,7200,1.00183542368
254081,254087,257581,6,3494,2,7200,1.00171722954
254128,254134,257488,6,3354,2,7200,1.00178890877
254271,254277,257806,6,3529,2,7200,1.00170019836
254477,254484,257634,7,3150,2,7200,1.00222222222
254493,254500,257957,7,3457,2,7200,1.00202487706
254526,254532,257958,6,3426,2,7200,1.00175131349
254550,254556,257798,6,3242,2,7200,1.00185070944
254565,254571,257779,6,3208,2,7200,1.00187032419
254608,254614,257898,6,3284,2,7200,1.00182704019
254731,254738,258444,7,3706,2,7200,1.00188882893
254780,254786,257863,6,3077,2,7200,1.00194995125
254798,254804,258255,6,3451,2,7200,1.00173862649
254813,254819,258311,6,3492,2,7200,1.00171821306
254828,254834,258415,6,3581,2,7200,1.00167550963
254867,254874,258207,7,3333,2,7200,1.00210021002
254910,254916,258302,6,3386,2,7200,1.00177200236
255178,255184,258662,6,3478,2,7200,1.00172512938
255203,255209,258955,6,3746,2,7200,1.00160170849
255249,255255,258542,6,3287,2,7200,1.00182537268
255474,255480,258898,6,3418,2,7200,1.00175541252
255630,255636,259285,6,3649,2,7200,1.00164428611
255864,255870,259234,6,3364,2,7200,1.00178359096
255895,255901,259476,6,3575,2,7200,1.00167832168
255897,255907,259260,10,3353,2,7200,1.00298240382
256003,256010,259324,7,3314,2,7200,1.00211225106
256142,257766,314307,1624,56541,1,339000,1.02872251994
256225,257771,329722,1546,71951,1,115200,1.02148684521
256265,256271,259879,6,3608,2,7200,1.00166297118
256318,257230,262418,912,5188,7,10800,1.17579028527
256909,256915,260350,6,3435,2,7200,1.00174672489
256950,257776,258529,826,753,1,3600,2.09694555113
257059,257065,260574,6,3509,2,7200,1.00170988886
257491,257497,260803,6,3306,2,7200,1.00181488203
257582,257588,261082,6,3494,2,7200,1.00171722954
257634,257640,261174,6,3534,2,7200,1.00169779287
257779,257785,261215,6,3430,2,7200,1.00174927114
257800,257806,261136,6,3330,2,7200,1.0018018018
257808,257814,261219,6,3405,2,7200,1.00176211454
257864,257870,261360,6,3490,2,7200,1.00171919771
257900,257907,261295,7,3388,2,7200,1.0020661157
257958,257964,261446,6,3482,2,7200,1.00172314762
257958,257969,261503,11,3534,2,7200,1.00311262026
258209,258215,261750,6,3535,2,7200,1.00169731259
258258,258264,261859,6,3595,2,7200,1.0016689847
258303,258309,261616,6,3307,2,7200,1.00181433323
258318,258324,261775,6,3451,2,7200,1.00173862649
258415,258422,261612,7,3190,2,7200,1.00219435737
258446,258452,261962,6,3510,2,7200,1.00170940171
258543,258550,262143,7,3593,2,7200,1.00194823267
258664,258671,262069,7,3398,2,7200,1.00206003531
258900,258907,262371,7,3464,2,7200,1.00202078522
258958,258965,262386,7,3421,2,7200,1.00204618533
259236,259242,262679,6,3437,2,7200,1.00174570847
259263,259269,262589,6,3320,2,7200,1.00180722892
259287,259293,262757,6,3464,2,7200,1.00173210162
259327,259333,262961,6,3628,2,7200,1.00165380375
259478,259484,263171,6,3687,2,7200,1.0016273393
259881,259887,263437,6,3550,2,7200,1.00169014085
260353,260360,263843,7,3483,2,7200,1.0020097617
260576,260582,264052,6,3470,2,7200,1.00172910663
260806,260812,264420,6,3608,2,7200,1.00166297118
261085,261091,264545,6,3454,2,7200,1.00173711639
261138,261145,264630,7,3485,2,7200,1.00200860832
261177,261183,264818,6,3635,2,7200,1.00165061898
261216,261222,264641,6,3419,2,7200,1.00175489909
261220,261228,264756,8,3528,2,7200,1.0022675737
261295,261301,264776,6,3475,2,7200,1.00172661871
261361,261368,264619,7,3251,2,7200,1.00215318364
261449,261455,265140,6,3685,2,7200,1.00162822252
261504,261510,264764,6,3254,2,7200,1.00184388445
261612,261619,264912,7,3293,2,7200,1.00212572123
261627,261633,265096,6,3463,2,7200,1.00173260179
261752,261758,265149,6,3391,2,7200,1.00176938956
261776,261782,265193,6,3411,2,7200,1.00175901495
261791,261797,262044,6,247,2,900,1.02429149798
261858,261865,265254,7,3389,2,7200,1.00206550605
261965,261971,265638,6,3667,2,7200,1.00163621489
262046,262054,262952,8,898,2,900,1.00890868597
262071,262077,265223,6,3146,2,7200,1.00190718373
262143,262150,265486,7,3336,2,7200,1.00209832134
262373,262379,265861,6,3482,2,7200,1.00172314762
262389,262395,265780,6,3385,2,7200,1.00177252585
262590,262597,265885,7,3288,2,7200,1.00212895377
262682,262688,266105,6,3417,2,7200,1.00175592625
262757,262764,265979,7,3215,2,7200,1.00217729393
262962,262968,266324,6,3356,2,7200,1.00178784267
263173,263179,266718,6,3539,2,7200,1.00169539418
263440,263446,267391,6,3945,2,7200,1.00152091255
263844,263850,267338,6,3488,2,7200,1.00172018349
264054,264060,267765,6,3705,2,7200,1.0016194332
264420,264427,267957,7,3530,2,7200,1.00198300283
264548,264554,268099,6,3545,2,7200,1.00169252468
264600,264607,265314,7,707,1,1800,1.0099009901
264606,264613,264915,7,302,1,1800,1.02317880795
264609,264620,265026,11,406,1,1800,1.02709359606
264613,264653,264742,40,89,1,1800,1.44943820225
264617,265037,265128,420,91,2,1800,5.61538461538
264620,264627,268061,7,3434,2,7200,1.00203843914
264621,265325,265420,704,95,4,1800,8.41052631579
264625,268658,268748,4033,90,8,1800,45.8111111111
264635,264641,268115,6,3474,2,7200,1.00172711572
264650,264659,268093,9,3434,2,7200,1.00262085032
264759,264765,268102,6,3337,2,7200,1.00179802218
264766,264772,268074,6,3302,2,7200,1.00181708056
264781,264787,268229,6,3442,2,7200,1.00174317257
264820,264826,268097,6,3271,2,7200,1.00183430144
264915,264921,268319,6,3398,2,7200,1.00176574456
265098,265103,268634,5,3531,2,7200,1.00141602945
265141,265147,268689,6,3542,2,7200,1.00169395822
265149,265155,268717,6,3562,2,7200,1.00168444694
265195,265201,268678,6,3477,2,7200,1.00172562554
265225,265231,268374,6,3143,2,7200,1.00190900414
265255,265261,268812,6,3551,2,7200,1.00168966488
265487,265492,268896,5,3404,2,7200,1.00146886016
265639,265645,268947,6,3302,2,7200,1.00181708056
265782,265788,269120,6,3332,2,7200,1.00180072029
265863,265869,269487,6,3618,2,7200,1.00165837479
265882,265889,269212,7,3323,2,7200,1.00210653024
265979,265985,269288,6,3303,2,7200,1.00181653043
266106,266112,269746,6,3634,2,7200,1.0016510732
266325,266331,270067,6,3736,2,7200,1.00160599572
266721,266728,270217,7,3489,2,7200,1.00200630553
267339,267345,270877,6,3532,2,7200,1.00169875425
267393,267399,270968,6,3569,2,7200,1.00168114318
267767,267773,271422,6,3649,2,7200,1.00164428611
267863,268085,268087,222,2,2,3540,22.4
267961,267967,271175,6,3208,2,7200,1.00187032419
268064,268070,271536,6,3466,2,7200,1.00173110214
268080,268091,271373,11,3282,2,7200,1.00335161487
268095,268101,271737,6,3636,2,7200,1.00165016502
268101,268107,271471,6,3364,2,7200,1.00178359096
268110,268116,271468,6,3352,2,7200,1.00178997613
268116,268122,271559,6,3437,2,7200,1.00174570847
268125,268131,271546,6,3415,2,7200,1.00175695461
268140,268146,268317,6,171,1,3600,1.0350877193
268194,268335,269304,141,969,3,14400,1.14551083591
268231,268237,271504,6,3267,2,7200,1.00183654729
268322,268328,271868,6,3540,2,7200,1.00169491525
268376,268382,272053,6,3671,2,7200,1.00163443203
268500,268506,268867,6,361,1,3600,1.01662049861
268637,268643,272220,6,3577,2,7200,1.00167738328
268680,268686,272173,6,3487,2,7200,1.0017206768
268690,268696,272023,6,3327,2,7200,1.00180342651
268719,268725,272204,6,3479,2,7200,1.00172463352
268814,268819,272172,5,3353,2,7200,1.00149120191
268899,268905,272263,6,3358,2,7200,1.00178677784
268947,268954,272601,7,3647,2,7200,1.0019193858
269120,269126,272556,6,3430,2,7200,1.00174927114
269214,269221,272614,7,3393,2,7200,1.00206307103
269223,269229,270079,6,850,1,3600,1.00705882353
269290,269296,272633,6,3337,2,7200,1.00179802218
269487,269493,272866,6,3373,2,7200,1.0017788319
269749,269755,273006,6,3251,2,7200,1.00184558597
270070,270076,273697,6,3621,2,7200,1.00165700083
270218,270224,273450,6,3226,2,7200,1.00185988841
270879,270886,274196,7,3310,2,7200,1.00211480363
270903,270909,271022,6,113,1,3600,1.05309734513
270970,270975,274690,5,3715,2,7200,1.00134589502
271178,271184,274772,6,3588,2,7200,1.0016722408
271201,271207,271536,6,329,1,3600,1.01823708207
271375,271381,274738,6,3357,2,7200,1.0017873101
271424,271430,274770,6,3340,2,7200,1.00179640719
271469,271475,275025,6,3550,2,7200,1.00169014085
271472,271481,274899,9,3418,2,7200,1.00263311878
271502,271509,274968,7,3459,2,7200,1.00202370627
271536,271546,275123,10,3577,2,7200,1.0027956388
271551,271557,275039,6,3482,2,7200,1.00172314762
271560,271566,275001,6,3435,2,7200,1.00174672489
271741,271747,275030,6,3283,2,7200,1.00182759671
271809,271815,271824,6,9,8,3600,1.5
271869,271875,275235,6,3360,2,7200,1.00178571429
271871,271881,271885,10,4,16,7200,1.4
272012,272018,272619,6,601,1,3600,1.00998336106
272023,272030,275482,7,3452,2,7200,1.00202780997
272050,272057,272210,7,153,1,3600,1.04575163399
272055,272063,275565,8,3502,2,7200,1.00228440891
272089,272095,279304,6,7209,16,7200,1.00083229297
272175,272181,275496,6,3315,2,7200,1.00180995475
272176,272187,275951,11,3764,2,7200,1.00292242295
272207,272213,275469,6,3256,2,7200,1.00184275184
272221,272228,275598,7,3370,2,7200,1.00207715134
272225,272234,272242,9,8,16,7200,1.7
272264,272270,275765,6,3495,2,7200,1.0017167382
272393,272399,272747,6,348,1,3600,1.01724137931
272395,272405,279629,10,7224,16,7200,1.00138427464
272558,272564,276113,6,3549,2,7200,1.00169061708
272604,272610,276169,6,3559,2,7200,1.00168586682
272619,272625,276081,6,3456,2,7200,1.00173611111
272635,272641,276024,6,3383,2,7200,1.00177357375
272681,275041,275050,2360,9,16,7200,236.9
272867,272873,276209,6,3336,2,7200,1.00179856115
273009,273015,276579,6,3564,2,7200,1.00168350168
273114,273120,273958,6,838,1,3600,1.00715990453
273453,273459,276732,6,3273,2,7200,1.00183318057
273697,273703,277248,6,3545,2,7200,1.00169252468
274199,274205,277829,6,3624,2,7200,1.00165562914
274692,274698,278117,6,3419,2,7200,1.00175489909
274742,274748,278033,6,3285,2,7200,1.00182648402
274770,274777,278176,7,3399,2,7200,1.00205942924
274772,274783,278380,11,3597,2,7200,1.00305810398
274900,274906,278660,6,3754,2,7200,1.00159829515
274971,274977,278445,6,3468,2,7200,1.00173010381
275002,275009,278508,7,3499,2,7200,1.00200057159
275026,275032,278338,6,3306,2,7200,1.00181488203
275041,275047,278768,6,3721,2,7200,1.00161246977
275042,275053,278408,11,3355,2,7200,1.00327868852
275124,275130,278362,6,3232,2,7200,1.00185643564
275219,275225,275339,6,114,1,3600,1.05263157895
275237,275243,278382,6,3139,2,7200,1.00191143676
275361,275367,275488,6,121,1,1800,1.04958677686
275471,275477,278871,6,3394,2,7200,1.00176782557
275484,275490,279158,6,3668,2,7200,1.00163576881
275499,275505,279002,6,3497,2,7200,1.00171575636
275519,275525,275844,6,319,1,3600,1.01880877743
275566,275572,279004,6,3432,2,7200,1.00174825175
275600,275606,279017,6,3411,2,7200,1.00175901495
275766,275773,279097,7,3324,2,7200,1.00210589651
275789,275795,275904,6,109,1,1800,1.05504587156
275953,275959,279498,6,3539,2,7200,1.00169539418
276026,276033,279578,7,3545,2,7200,1.00197461213
276081,276087,279473,6,3386,2,7200,1.00177200236
276114,276120,279832,6,3712,2,7200,1.00161637931
276172,276178,279713,6,3535,2,7200,1.00169731259
276209,276216,279622,7,3406,2,7200,1.00205519671
276325,276331,276946,6,615,1,3600,1.00975609756
276559,276565,277140,6,575,1,1800,1.01043478261
276581,276587,280065,6,3478,2,7200,1.00172512938
276733,276739,280379,6,3640,2,7200,1.00164835165
277251,277257,280750,6,3493,2,7200,1.00171772116
277830,277837,281268,7,3431,2,7200,1.00204022151
278035,278041,281609,6,3568,2,7200,1.00168161435
278119,278126,281557,7,3431,2,7200,1.00204022151
278177,278183,281697,6,3514,2,7200,1.00170745589
278296,278302,278352,6,50,1,1800,1.12
278342,278348,281467,6,3119,2,7200,1.00192369349
278364,278370,281937,6,3567,2,7200,1.00168208579
278382,278388,281864,6,3476,2,7200,1.00172612198
278383,278394,281742,11,3348,2,7200,1.00328554361
278411,278417,282087,6,3670,2,7200,1.00163487738
278447,278454,281958,7,3504,2,7200,1.00199771689
278511,278517,281938,6,3421,2,7200,1.00175387314
278661,278667,282079,6,3412,2,7200,1.00175849941
278668,278673,278751,5,78,1,1800,1.0641025641
278771,278778,282320,7,3542,2,7200,1.00197628458
278872,278878,282461,6,3583,2,7200,1.00167457438
279002,279008,282324,6,3316,2,7200,1.00180940893
279017,279024,282228,7,3204,2,7200,1.00218476904
279019,279030,282508,11,3478,2,7200,1.00316273721
279099,279105,282409,6,3304,2,7200,1.00181598063
279161,279167,282672,6,3505,2,7200,1.00171184023
279454,279460,279580,6,120,1,1800,1.05
279476,279482,282793,6,3311,2,7200,1.00181214135
279500,279506,282992,6,3486,2,7200,1.0017211704
279579,279585,283092,6,3507,2,7200,1.00171086399
279624,279630,282969,6,3339,2,7200,1.00179694519
279669,279675,279970,6,295,1,1800,1.02033898305
279716,279723,283290,7,3567,2,7200,1.00196243342
279832,279838,283548,6,3710,2,7200,1.00161725067
279897,279903,280010,6,107,1,1800,1.05607476636
280067,280073,283482,6,3409,2,7200,1.00176004693
280382,280388,283909,6,3521,2,7200,1.00170406135
280703,280709,281295,6,586,1,1800,1.01023890785
280751,280757,284137,6,3380,2,7200,1.00177514793
281269,281275,284502,6,3227,2,7200,1.00185931205
281417,281423,286428,6,5005,2,36000,1.0011988012
281470,281476,284388,6,2912,2,7200,1.00206043956
281483,281489,296819,6,15330,2,54000,1.00039138943
281558,281564,285000,6,3436,2,7200,1.00174621653
281609,281615,285076,6,3461,2,7200,1.001733603
281699,281706,285375,7,3669,2,7200,1.00190787681
281742,281748,285144,6,3396,2,7200,1.00176678445
281866,281873,285285,7,3412,2,7200,1.00205158265
281939,281951,285371,12,3420,2,7200,1.00350877193
281940,281946,285089,6,3143,2,7200,1.00190900414
281961,281967,285259,6,3292,2,7200,1.00182260024
282082,282088,285623,6,3535,2,7200,1.00169731259
282088,282094,285657,6,3563,2,7200,1.00168397418
282230,282236,285447,6,3211,2,7200,1.00186857677
282321,282327,285910,6,3583,2,7200,1.00167457438
282336,282342,285771,6,3429,2,7200,1.00174978128
282412,282418,285741,6,3323,2,7200,1.00180559735
282464,282470,285812,6,3342,2,7200,1.00179533214
282509,282516,285964,7,3448,2,7200,1.00203016241
282674,282680,286209,6,3529,2,7200,1.00170019836
282795,282801,285807,6,3006,2,7200,1.00199600798
282972,282978,286403,6,3425,2,7200,1.00175182482
282993,282999,286707,6,3708,2,7200,1.00161812298
283093,283099,286438,6,3339,2,7200,1.00179694519
283116,283122,283175,6,53,1,1800,1.11320754717
283291,283297,286707,6,3410,2,7200,1.00175953079
283485,283491,286813,6,3322,2,7200,1.00180614088
283511,283517,283600,6,83,1,1800,1.07228915663
283549,283555,286974,6,3419,2,7200,1.00175489909
283750,283756,284466,6,710,2,36000,1.00845070423
283911,283917,287322,6,3405,2,7200,1.00176211454
284066,284072,284125,6,53,2,36000,1.11320754717
284132,284137,284210,5,73,2,36000,1.06849315068
284137,284144,287465,7,3321,2,7200,1.00210779886
284315,284321,284466,6,145,2,36000,1.04137931034
284389,284395,287771,6,3376,2,7200,1.00177725118
284504,284510,287699,6,3189,2,7200,1.00188146754
284563,284569,284667,6,98,2,36000,1.0612244898
284599,284606,284879,7,273,1,1800,1.02564102564
284799,284805,284830,6,25,2,36000,1.24
284945,284952,284992,7,40,2,36000,1.175
285003,285009,288326,6,3317,2,7200,1.00180886343
285078,285085,288318,7,3233,2,7200,1.00216517167
285090,285096,288649,6,3553,2,7200,1.00168871376
285125,285132,285153,7,21,2,36000,1.33333333333
285146,285152,288649,6,3497,2,7200,1.00171575636
285206,285213,285235,7,22,2,36000,1.31818181818
285248,285254,285273,6,19,2,36000,1.31578947368
285260,285267,288426,7,3159,2,7200,1.0022158911
285288,285294,288756,6,3462,2,7200,1.00173310225
285373,285378,289029,5,3651,2,7200,1.00136948781
285378,285384,288965,6,3581,2,7200,1.00167550963
285435,285441,285464,6,23,2,36000,1.26086956522
285448,285454,288883,6,3429,2,7200,1.00174978128
285561,285567,285604,6,37,2,36000,1.16216216216
285625,285631,289034,6,3403,2,7200,1.00176315016
285657,285663,289286,6,3623,2,7200,1.00165608612
285742,285748,289097,6,3349,2,7200,1.00179157958
285772,285779,289134,7,3355,2,7200,1.00208643815
285809,285815,289430,6,3615,2,7200,1.00165975104
285824,285830,289492,6,3662,2,7200,1.00163844894
285912,285918,289512,6,3594,2,7200,1.00166944908
285964,285970,289431,6,3461,2,7200,1.001733603
286209,286215,289756,6,3541,2,7200,1.0016944366
286405,286411,290034,6,3623,2,7200,1.00165608612
286436,286442,289919,6,3477,2,7200,1.00172562554
286477,286483,286907,6,424,2,36000,1.0141509434
286534,286540,286600,6,60,2,36000,1.1
286709,286715,289945,6,3230,2,7200,1.00185758514
286710,286721,290266,11,3545,2,7200,1.00310296192
286814,286820,290296,6,3476,2,7200,1.00172612198
286977,286984,290524,7,3540,2,7200,1.00197740113
286991,286997,287822,6,825,2,36000,1.00727272727
287026,287032,287111,6,79,2,36000,1.07594936709
287214,287221,287594,7,373,2,36000,1.01876675603
287322,287329,290808,7,3479,2,7200,1.00201207243
287466,287472,290940,6,3468,2,7200,1.00173010381
287685,287691,287714,6,23,2,36000,1.26086956522
287701,287707,291206,6,3499,2,7200,1.00171477565
287770,287776,291280,6,3504,2,7200,1.00171232877
287841,287847,293117,6,5270,2,36000,1.00113851992
287901,287908,290907,7,2999,2,36000,1.00233411137
288318,288324,291771,6,3447,2,7200,1.00174064404
288328,288334,291765,6,3431,2,7200,1.00174876129
288384,288390,290395,6,2005,1,14400,1.0029925187
288427,288434,291812,7,3378,2,7200,1.00207223209
288650,288656,292077,6,3421,2,7200,1.00175387314
288652,288662,291938,10,3276,2,7200,1.00305250305
288758,288764,292129,6,3365,2,7200,1.00178306092
288885,288891,292356,6,3465,2,7200,1.00173160173
288966,288972,292409,6,3437,2,7200,1.00174570847
289031,289037,292240,6,3203,2,7200,1.00187324383
289035,289043,292240,8,3197,2,7200,1.00250234595
289098,289104,292400,6,3296,2,7200,1.00182038835
289134,289140,292562,6,3422,2,7200,1.00175336061
289142,289148,345140,6,55992,8,86400,1.00010715817
289195,289201,377461,6,88260,8,172800,1.00006798097
289286,289292,292669,6,3377,2,7200,1.0017767249
289419,289425,289910,6,485,20,36000,1.01237113402
289432,289438,292798,6,3360,2,7200,1.00178571429
289433,289445,292891,12,3446,2,7200,1.00348229832
289494,289500,293052,6,3552,2,7200,1.00168918919
289512,289518,292778,6,3260,2,7200,1.0018404908
289574,289580,289594,6,14,16,7200,1.42857142857
289724,289730,289735,6,5,16,7200,1.1
289757,289763,293383,6,3620,2,7200,1.00165745856
289922,289928,293447,6,3519,2,7200,1.00170502984
289946,289952,293628,6,3676,2,7200,1.00163220892
289964,289970,293747,6,3777,2,21600,1.00158856235
289990,289996,290453,6,457,20,36000,1.01312910284
290037,290043,293346,6,3303,2,7200,1.00181653043
290217,290224,293202,7,2978,2,21600,1.00235057085
290247,290253,293970,6,3717,8,172800,1.001614205
290268,290274,293698,6,3424,2,7200,1.00175233645
290298,290305,293738,7,3433,2,7200,1.00203903292
290435,290441,304964,6,14523,8,14400,1.00041313778
290482,290488,292800,6,2312,20,36000,1.00259515571
290526,290532,293922,6,3390,2,7200,1.0017699115
290674,290680,298789,6,8109,8,86400,1.00073991861
290810,290816,294483,6,3667,2,7200,1.00163621489
290941,290947,294147,6,3200,2,7200,1.001875
291126,291132,291147,6,15,2,36000,1.4
291207,291213,294735,6,3522,2,7200,1.00170357751
291283,291290,294618,7,3328,2,7200,1.00210336538
291597,291603,295482,6,3879,2,21600,1.00154679041
291673,291679,297131,6,5452,7,10800,1.00110051357
291768,291774,295357,6,3583,2,7200,1.00167457438
291772,291780,295145,8,3365,2,7200,1.00237741456
291812,291818,295330,6,3512,2,7200,1.00170842825
291873,291879,296504,6,4625,2,21600,1.0012972973
291939,291945,295483,6,3538,2,7200,1.00169587337
292078,292085,295588,7,3503,2,7200,1.00199828718
292130,292136,295471,6,3335,2,7200,1.00179910045
292241,292247,295533,6,3286,2,7200,1.00182592818
292242,292254,295757,12,3503,2,7200,1.00342563517
292358,292364,295887,6,3523,2,7200,1.00170309395
292401,292407,295937,6,3530,2,7200,1.00169971671
292412,292419,295958,7,3539,2,7200,1.00197795988
292565,292571,296029,6,3458,2,7200,1.001735107
292671,292677,296059,6,3382,2,7200,1.00177409817
292687,292693,318012,6,25319,4,25200,1.00023697618
292778,292784,296105,6,3321,2,7200,1.00180668473
292799,292805,296160,6,3355,2,7200,1.00178837556
292893,292900,296239,7,3339,2,7200,1.00209643606
292895,292906,292910,11,4,20,36000,1.5
292972,292978,293936,6,958,20,36000,1.00626304802
293055,293061,296604,6,3543,2,7200,1.0016934801
293143,293149,296819,6,3670,2,36000,1.00163487738
293189,293195,296819,6,3624,2,36000,1.00165562914
293245,293251,296820,6,3569,2,36000,1.00168114318
293349,293355,296854,6,3499,2,7200,1.00171477565
293385,293391,296854,6,3463,2,7200,1.00173260179
293448,293455,297151,7,3696,2,7200,1.00189393939
293630,293636,296933,6,3297,2,7200,1.00181983621
293700,293707,297013,7,3306,2,7200,1.00211736237
293740,293746,297443,6,3697,2,7200,1.00162293752
293923,293929,297468,6,3539,2,7200,1.00169539418
294053,294059,294245,6,186,20,36000,1.03225806452
294149,294155,297486,6,3331,2,7200,1.00180126088
294327,294334,294598,7,264,20,36000,1.02651515152
294403,294409,295470,6,1061,2,36000,1.00565504241
294484,294490,297745,6,3255,2,7200,1.00184331797
294489,294496,302744,7,8248,2,28800,1.00084869059
294619,294625,298250,6,3625,2,7200,1.00165517241
294737,294743,298264,6,3521,2,7200,1.00170406135
294932,294938,302084,6,7146,2,28800,1.00083963056
295026,295032,295036,6,4,1,3600,1.0
295146,295152,298611,6,3459,2,7200,1.00173460538
295331,295337,299015,6,3678,2,7200,1.00163132137
295332,295343,295427,11,84,2,36000,1.13095238095
295359,295366,298672,7,3306,2,7200,1.00211736237
295472,295478,298851,6,3373,2,7200,1.0017788319
295487,295493,298748,6,3255,2,7200,1.00184331797
295534,295540,299258,6,3718,2,7200,1.00161377084
295567,295573,296280,6,707,2,36000,1.00848656294
295588,295594,299113,6,3519,2,7200,1.00170502984
295589,295600,298526,11,2926,2,28800,1.0037593985
295616,295622,296277,6,655,2,36000,1.00916030534
295695,295701,295704,6,3,1,3600,1.0
295757,295763,299125,6,3362,2,7200,1.00178465199
295888,295894,299409,6,3515,2,7200,1.00170697013
295940,295946,299308,6,3362,2,7200,1.00178465199
295958,295964,299574,6,3610,2,7200,1.00166204986
295984,295990,303258,6,7268,2,28800,1.0008255366
295997,296003,310539,6,14536,1,14400,1.0004127683
296031,296037,299296,6,3259,2,7200,1.00184105554
296061,296068,299616,7,3548,2,7200,1.0019729425
296107,296113,299559,6,3446,2,7200,1.00174114916
296162,296168,299655,6,3487,2,7200,1.0017206768
296241,296247,299653,6,3406,2,7200,1.00176159718
296288,296294,299880,6,3586,2,36000,1.00167317345
296436,296442,299880,6,3438,2,36000,1.0017452007
296607,296613,299959,6,3346,2,7200,1.00179318589
296790,296797,307986,7,11189,2,28800,1.00062561444
296804,296830,297711,26,881,8,172800,1.02951191827
296856,296862,300329,6,3467,2,7200,1.00173060283
296857,296868,300307,11,3439,2,7200,1.00319860425
296934,296940,300377,6,3437,2,7200,1.00174570847
297016,297022,300099,6,3077,2,7200,1.00194995125
297152,297158,300643,6,3485,2,7200,1.00172166428
297322,297328,313161,6,15833,2,54000,1.00037895535
297446,297452,301126,6,3674,2,7200,1.00163309744
297470,297477,300927,7,3450,2,7200,1.00202898551
297488,297495,300887,7,3392,2,7200,1.00206367925
297571,297577,330449,6,32872,2,36000,1.00018252616
297583,297589,297822,6,233,2,28800,1.02575107296
297748,297754,301065,6,3311,2,7200,1.00181214135
298086,298092,298337,6,245,2,28800,1.02448979592
298252,298258,301689,6,3431,2,7200,1.00174876129
298268,298274,301804,6,3530,2,7200,1.00169971671
298300,298306,308661,6,10355,8,172800,1.00057943023
298452,298458,298652,6,194,1,3600,1.03092783505
298496,298502,305768,6,7266,2,28800,1.00082576383
298613,298619,302015,6,3396,2,7200,1.00176678445
298674,298680,302244,6,3564,2,7200,1.00168350168
298750,298757,302408,7,3651,2,7200,1.00191728294
298854,298860,302172,6,3312,2,7200,1.0018115942
298900,298906,306397,6,7491,2,28800,1.00080096115
299016,299022,302394,6,3372,2,7200,1.00177935943
299068,299074,305332,6,6258,8,86400,1.00095877277
299114,299121,302653,7,3532,2,7200,1.00198187995
299128,299134,302644,6,3510,2,7200,1.00170940171
299260,299267,302606,7,3339,2,7200,1.00209643606
299299,299305,302561,6,3256,2,7200,1.00184275184
299314,299320,302679,6,3359,2,7200,1.00178624591
299409,299416,302813,7,3397,2,7200,1.00206064174
299507,299513,305015,6,5502,7,10800,1.00109051254
299562,299568,303280,6,3712,2,7200,1.00161637931
299579,299585,303057,6,3472,2,7200,1.0017281106
299590,299597,299955,7,358,1,1800,1.01955307263
299617,299623,303109,6,3486,2,7200,1.0017211704
299656,299662,303180,6,3518,2,7200,1.0017055145
299658,299668,303110,10,3442,2,7200,1.00290528762
299962,299968,303528,6,3560,2,7200,1.00168539326
300068,300074,300439,6,365,1,1800,1.01643835616
300097,300103,300168,6,65,2,3600,1.09230769231
300099,300109,303591,10,3482,2,7200,1.00287191269
300330,300336,303654,6,3318,2,7200,1.00180831826
300355,300361,303906,6,3545,2,7200,1.00169252468
300379,300385,303922,6,3537,2,7200,1.00169635284
300494,300501,300574,7,73,2,1800,1.09589041096
300495,300506,300577,11,71,2,1800,1.15492957746
300495,300511,300582,16,71,2,1800,1.22535211268
300495,300517,300608,22,91,2,1800,1.24175824176
300495,300522,300625,27,103,2,1800,1.26213592233
300496,300533,300645,37,112,2,1800,1.33035714286
300496,300528,300649,32,121,2,1800,1.26446280992
300496,300538,300659,42,121,2,1800,1.34710743802
300497,300549,300672,52,123,2,1800,1.42276422764
300497,300543,300655,46,112,2,1800,1.41071428571
300497,300554,300676,57,122,2,1800,1.46721311475
300497,300564,300679,67,115,2,1800,1.58260869565
300497,300559,300681,62,122,2,1800,1.50819672131
300498,300585,300687,87,102,2,1800,1.85294117647
300498,300580,300682,82,102,2,1800,1.80392156863
300498,300575,300680,77,105,2,1800,1.73333333333
300498,300570,300681,72,111,2,1800,1.64864864865
300499,300591,300692,92,101,2,1800,1.91089108911
300499,300596,300688,97,92,2,1800,2.05434782609
300499,300601,300692,102,91,2,1800,2.12087912088
300518,300658,300984,140,326,2,36000,1.42944785276
300644,300650,303901,6,3251,2,7200,1.00184558597
300673,300924,301246,251,322,1,900,1.77950310559
300694,300929,301090,235,161,1,900,2.45962732919
300714,300943,301004,229,61,1,900,4.75409836066
300737,300918,300982,181,64,2,900,3.828125
300759,300792,300855,33,63,4,900,1.52380952381
300796,302983,303051,2187,68,8,900,33.1617647059
300799,300806,300827,7,21,2,1800,1.33333333333
300800,300822,300873,22,51,2,1800,1.43137254902
300800,300811,300842,11,31,2,1800,1.35483870968
300800,300816,300847,16,31,2,1800,1.51612903226
300800,300827,300878,27,51,2,1800,1.52941176471
300801,300833,300903,32,70,2,1800,1.45714285714
300801,300838,300909,37,71,2,1800,1.52112676056
300801,300848,300929,47,81,2,1800,1.58024691358
300801,300843,300914,42,71,2,1800,1.59154929577
300802,300859,300950,57,91,2,1800,1.62637362637
300802,300864,300945,62,81,2,1800,1.76543209877
300802,300853,300935,51,82,2,1800,1.62195121951
300802,300869,300950,67,81,2,1800,1.82716049383
300803,300880,300951,77,71,2,1800,2.08450704225
300803,300875,300956,72,81,2,1800,1.88888888889
300803,300885,300956,82,71,2,1800,2.15492957746
300803,300890,300961,87,71,2,1800,2.22535211268
300804,300906,300958,102,52,2,1800,2.96153846154
300804,300901,300962,97,61,2,1800,2.59016393443
300804,300896,300957,92,61,2,1800,2.50819672131
300832,303665,303733,2833,68,16,900,42.6617647059
300887,300913,304422,26,3509,2,7200,1.00740951838
300930,300936,304611,6,3675,2,7200,1.00163265306
300931,304240,304849,3309,609,2,36000,6.43349753695
300988,304317,304883,3329,566,2,36000,6.8816254417
301070,301075,304839,5,3764,2,7200,1.00132837407
301083,301089,301452,6,363,8,1500,1.01652892562
301084,301106,301469,22,363,8,1500,1.06060606061
301084,301095,301459,11,364,8,1500,1.03021978022
301084,301101,301466,17,365,8,1500,1.04657534247
301085,301111,301474,26,363,8,1500,1.07162534435
301085,301127,301493,42,366,8,1500,1.11475409836
301085,301122,301488,37,366,8,1500,1.10109289617
301085,301117,301480,32,363,8,1500,1.08815426997
301086,301139,301503,53,364,8,1500,1.1456043956
301086,301133,301502,47,369,8,1500,1.12737127371
301086,301478,301844,392,366,8,1500,2.07103825137
301086,301471,301837,385,366,8,1500,2.05191256831
301087,301485,301848,398,363,8,1500,2.09641873278
301087,301491,301856,404,365,8,1500,2.10684931507
301087,301497,301861,410,364,8,1500,2.12637362637
301088,301522,301887,434,365,8,1500,2.18904109589
301088,301505,301866,417,361,8,1500,2.15512465374
301088,301516,301883,428,367,8,1500,2.16621253406
301088,301510,301880,422,370,8,1500,2.14054054054
301089,301869,302234,780,365,8,1500,3.13698630137
301089,301862,302225,773,363,8,1500,3.12947658402
301089,301855,302219,766,364,8,1500,3.1043956044
301089,301848,302213,759,365,8,1500,3.07945205479
301107,301527,303706,420,2179,5,3600,1.19274896742
301107,301875,304150,768,2275,5,3600,1.33758241758
301107,301881,304112,774,2231,5,3600,1.34692962797
301108,301892,304219,784,2327,5,3600,1.33691448217
301108,301887,304181,779,2294,5,3600,1.339581517
301109,301905,304155,796,2250,5,3600,1.35377777778
301109,301899,304223,790,2324,5,3600,1.33993115318
301110,301915,304187,805,2272,5,3600,1.35431338028
301110,301910,304152,800,2242,5,3600,1.35682426405
301111,302095,304305,984,2210,5,3600,1.44524886878
301111,301920,304178,809,2258,5,3600,1.35828166519
301111,302159,304419,1048,2260,5,3600,1.46371681416
301112,302230,304379,1118,2149,5,3600,1.52024197301
301112,302224,304479,1112,2255,5,3600,1.49312638581
301113,302236,304551,1123,2315,5,3600,1.48509719222
301113,302241,304464,1128,2223,5,3600,1.50742240216
301114,302253,304465,1139,2212,5,3600,1.51491862568
301114,302247,304546,1133,2299,5,3600,1.49282296651
301115,302671,304852,1556,2181,5,3600,1.71343420449
301115,302316,304614,1201,2298,5,3600,1.5226283725
301115,302459,304799,1344,2340,5,3600,1.57435897436
301116,302732,304945,1616,2213,5,3600,1.73023045639
301116,302818,305041,1702,2223,5,3600,1.76563202879
301126,303120,306798,1994,3678,2,7200,1.54214246873
301411,301464,302148,53,684,4,3600,1.07748538012
301524,302824,302906,1300,82,2,3600,16.8536585366
301648,304234,308638,2586,4404,2,21600,1.58719346049
301690,303291,306792,1601,3501,2,7200,1.45729791488
301808,302829,306410,1021,3581,2,7200,1.28511588942
301831,302264,302305,433,41,2,1800,11.5609756098
301831,302259,302300,428,41,2,1800,11.4390243902
301832,302572,302613,740,41,2,1800,19.0487804878
301832,302619,302660,787,41,2,1800,20.1951219512
301832,302406,302447,574,41,2,1800,15.0
301832,302626,302667,794,41,2,1800,20.3658536585
301833,302678,302721,845,43,2,1800,20.6511627907
301833,302756,302800,923,44,2,1800,21.9772727273
301833,302812,302853,979,41,2,1800,24.8780487805
301833,302834,302878,1001,44,2,1800,23.75
301834,302839,302882,1005,43,2,1800,24.3720930233
301834,302845,302886,1011,41,2,1800,25.6585365854
301834,302851,302894,1017,43,2,1800,24.6511627907
301834,302866,302908,1032,42,2,1800,25.5714285714
301835,302896,302947,1061,51,2,1800,21.8039215686
301835,302917,302959,1082,42,2,1800,26.7619047619
301835,302911,302963,1076,52,2,1800,21.6923076923
301835,302889,302930,1054,41,2,1800,26.7073170732
301835,302904,302945,1069,41,2,1800,27.0731707317
301836,302924,302966,1088,42,2,1800,26.9047619048
302017,303539,306972,1522,3433,2,7200,1.44334401398
302175,303723,307207,1548,3484,2,7200,1.44431687715
302247,302970,306154,723,3184,2,7200,1.22707286432
302397,303728,307202,1331,3474,2,7200,1.3831318365
302412,303744,307292,1332,3548,2,7200,1.37542277339
302561,303749,307282,1188,3533,2,7200,1.33625813756
302609,302978,306623,369,3645,2,7200,1.1012345679
302646,303755,307077,1109,3322,2,7200,1.33383503913
302654,303068,306787,414,3719,2,7200,1.11132024738
302679,303760,307143,1081,3383,2,7200,1.31953887082
302815,303765,307141,950,3376,2,7200,1.28139810427
302857,304323,306788,1466,2465,2,21600,1.59472616633
303062,303274,306792,212,3518,2,7200,1.06026151222
303111,303770,307050,659,3280,2,7200,1.20091463415
303112,303776,307156,664,3380,2,7200,1.19644970414
303182,303781,307491,599,3710,2,7200,1.16145552561
303282,303912,307173,630,3261,2,7200,1.19319227231
303530,303933,307090,403,3157,2,7200,1.12765283497
303591,304122,307662,531,3540,2,7200,1.15
303658,303717,307248,59,3531,2,7200,1.01670914755
303902,304128,307651,226,3523,2,7200,1.06414987227
303909,303919,307408,10,3489,2,7200,1.00286615076
303923,304162,307448,239,3286,2,7200,1.07273280584
304247,304391,304471,144,80,1,900,2.8
304425,304431,307564,6,3133,2,7200,1.00191509735
304612,304619,308163,7,3544,2,7200,1.0019751693
304709,304715,339863,6,35148,12,43200,1.00017070673
304844,304850,308171,6,3321,2,7200,1.00180668473
304882,304889,312379,7,7490,2,36000,1.00093457944
304893,304899,312307,6,7408,2,36000,1.00080993521
305055,305061,321372,6,16311,2,54000,1.00036784992
305242,305248,305292,6,44,1,1800,1.13636363636
305259,305265,305304,6,39,1,900,1.15384615385
305273,305279,305355,6,76,1,900,1.07894736842
305277,305285,305324,8,39,1,900,1.20512820513
305283,305303,305356,20,53,2,900,1.37735849057
305428,305434,310948,6,5514,7,10800,1.00108813928
305678,305685,305773,7,88,1,600,1.07954545455
305697,305703,305743,6,40,1,600,1.15
305726,305732,305788,6,56,4,900,1.10714285714
305731,305738,305794,7,56,8,900,1.125
305736,305744,305807,8,63,16,900,1.12698412698
305774,305819,305881,45,62,32,900,1.72580645161
306159,306165,309702,6,3537,2,7200,1.00169635284
306412,306419,309930,7,3511,2,7200,1.00199373398
306565,306571,306610,6,39,1,900,1.15384615385
306603,306609,306665,6,56,8,900,1.10714285714
306624,306630,310138,6,3508,2,7200,1.00171037628
306744,306750,306808,6,58,1,900,1.10344827586
306755,306761,306817,6,56,8,900,1.10714285714
306789,306796,310299,7,3503,2,7200,1.00199828718
306798,306804,310166,6,3362,2,7200,1.00178465199
306799,306815,310225,16,3410,2,7200,1.00469208211
306804,306810,310245,6,3435,2,7200,1.00174672489
306973,306980,310469,7,3489,2,7200,1.00200630553
307049,307056,310672,7,3616,2,7200,1.00193584071
307080,307086,310377,6,3291,2,7200,1.00182315406
307095,307101,310447,6,3346,2,7200,1.00179318589
307141,307147,310662,6,3515,2,7200,1.00170697013
307156,307162,310385,6,3223,2,7200,1.00186161961
307157,307168,310703,11,3535,2,7200,1.00311173975
307173,307179,310544,6,3365,2,7200,1.00178306092
307203,307209,310769,6,3560,2,7200,1.00168539326
307218,307224,310801,6,3577,2,7200,1.00167738328
307250,307257,310852,7,3595,2,7200,1.00194714882
307259,307265,314479,6,7214,16,7200,1.00083171611
307282,307288,310641,6,3353,2,7200,1.00178944229
307297,307303,310604,6,3301,2,7200,1.00181763102
307390,310396,317603,3006,7207,16,7200,1.41709449147
307409,307416,311143,7,3727,2,7200,1.00187818621
307448,307455,310971,7,3516,2,7200,1.00199089875
307494,307500,311069,6,3569,2,7200,1.00168114318
307564,307571,311040,7,3469,2,7200,1.00201787259
307653,307659,311317,6,3658,2,7200,1.00164024057
307660,314490,314502,6830,12,16,7200,570.166666667
307668,307674,311286,6,3612,2,7200,1.00166112957
308025,308031,318531,6,10500,8,86400,1.00057142857
308163,308169,311549,6,3380,2,7200,1.00177514793
308176,308182,311586,6,3404,2,7200,1.0017626322
308226,308233,308294,7,61,1,900,1.11475409836
308331,308337,308671,6,334,2,21600,1.01796407186
308909,308915,309366,6,451,2,21600,1.0133037694
309226,309232,309687,6,455,2,21600,1.01318681319
309705,309712,313105,7,3393,2,7200,1.00206307103
309931,309937,313541,6,3604,2,7200,1.00166481687
310139,310145,313648,6,3503,2,7200,1.00171281758
310166,310172,313524,6,3352,2,7200,1.00178997613
310227,310233,313526,6,3293,2,7200,1.00182204677
310247,310253,313642,6,3389,2,7200,1.00177043376
310301,310307,314040,6,3733,2,7200,1.00160728636
310378,310384,314015,6,3631,2,7200,1.00165243735
310393,310402,313810,9,3408,2,7200,1.00264084507
310448,310454,313691,6,3237,2,7200,1.00185356812
310465,310471,311344,6,873,2,21600,1.00687285223
310469,310477,314146,8,3669,2,7200,1.00218043064
310544,310551,313994,7,3443,2,7200,1.00203311066
310605,310611,314119,6,3508,2,7200,1.00171037628
310641,310648,313999,7,3351,2,7200,1.00208892868
310663,310669,314024,6,3355,2,7200,1.00178837556
310678,310684,314145,6,3461,2,7200,1.001733603
310705,310711,314236,6,3525,2,7200,1.00170212766
310769,310775,314419,6,3644,2,7200,1.00164654226
310802,310809,314370,7,3561,2,7200,1.00196573996
310852,310858,314374,6,3516,2,7200,1.00170648464
310889,310895,311726,6,831,2,21600,1.00722021661
310909,310959,313254,50,2295,8,172800,1.02178649237
310964,310986,325494,22,14508,1,14400,1.00151640474
310972,310979,314358,7,3379,2,7200,1.00207161882
311042,311048,314749,6,3701,2,7200,1.00162118346
311066,311073,314439,7,3366,2,7200,1.00207961973
311144,311150,314557,6,3407,2,7200,1.00176108013
311288,311294,314882,6,3588,2,7200,1.0016722408
311318,311324,314932,6,3608,2,7200,1.00166297118
311549,311555,314908,6,3353,2,7200,1.00178944229
311587,311593,315183,6,3590,2,7200,1.00167130919
311837,313265,317042,1428,3777,7,10800,1.37807783956
312076,313270,314095,1194,825,2,21600,2.44727272727
312494,313276,314378,782,1102,2,21600,1.70961887477
312901,313291,320690,390,7399,2,36000,1.05270982565
313047,313537,314915,490,1378,2,36000,1.35558780842
313108,313114,316820,6,3706,2,7200,1.00161899622
313230,313281,314803,51,1522,2,21600,1.03350854139
313525,313531,317131,6,3600,2,7200,1.00166666667
313540,313546,316608,6,3062,2,7200,1.00195950359
313544,313552,316987,8,3435,2,7200,1.00232896652
313644,313650,317266,6,3616,2,7200,1.00165929204
313659,313665,317356,6,3691,2,7200,1.00162557572
313693,313699,317052,6,3353,2,7200,1.00178944229
313811,313818,317447,7,3629,2,7200,1.00192890603
313996,314002,317342,6,3340,2,7200,1.00179640719
314011,314018,317367,7,3349,2,7200,1.00209017617
314027,314033,317486,6,3453,2,7200,1.00173761946
314028,314039,317687,11,3648,2,7200,1.00301535088
314043,314049,317827,6,3778,2,7200,1.00158814187
314123,314129,317715,6,3586,2,7200,1.00167317345
314147,314154,317550,7,3396,2,7200,1.00206124853
314149,314160,317828,11,3668,2,7200,1.00299890949
314237,314244,317476,7,3232,2,7200,1.00216584158
314359,314365,318005,6,3640,2,7200,1.00164835165
314374,314380,317626,6,3246,2,7200,1.00184842884
314377,314386,317903,9,3517,2,7200,1.00255899915
314419,314426,317983,7,3557,2,7200,1.00196795052
314441,314447,317841,6,3394,2,7200,1.00176782557
314450,314456,315388,6,932,2,21600,1.00643776824
314561,314567,317884,6,3317,2,7200,1.00180886343
314752,314758,318069,6,3311,2,7200,1.00181214135
314882,314888,317956,6,3068,2,7200,1.00195567145
314910,314916,318341,6,3425,2,7200,1.00175182482
314931,314937,318154,6,3217,2,7200,1.0018650917
315175,315182,319258,7,4076,2,36000,1.00171736997
315187,315193,318908,6,3715,2,7200,1.00161507402
315205,315211,316788,6,1577,1,339000,1.00380469245
315323,315329,316788,6,1459,1,339000,1.00411240576
315395,315401,321541,6,6140,1,115200,1.0009771987
315574,315580,317392,6,1812,8,172800,1.00331125828
316539,316546,317640,7,1094,2,21600,1.00639853748
316607,316613,320169,6,3556,2,7200,1.00168728909
316608,316619,316876,11,257,20,36000,1.04280155642
316672,316678,316681,6,3,1,3600,1.0
316822,316828,320184,6,3356,2,7200,1.00178784267
316913,316922,335639,9,18717,1,339000,1.00048084629
316925,316931,317567,6,636,20,36000,1.00943396226
316969,316975,335639,6,18664,1,339000,1.0003214745
316992,316998,320628,6,3630,2,7200,1.00165289256
317054,317061,320519,7,3458,2,7200,1.0020242915
317134,317140,320742,6,3602,2,7200,1.00166574125
317266,317272,320513,6,3241,2,7200,1.00185128047
317343,317349,320780,6,3431,2,7200,1.00174876129
317357,317363,320835,6,3472,2,7200,1.0017281106
317370,317376,320794,6,3418,2,7200,1.00175541252
317428,317434,319414,6,1980,2,21600,1.00303030303
317446,317452,321034,6,3582,2,7200,1.00167504188
317477,317483,320986,6,3503,2,7200,1.00171281758
317492,317497,320889,5,3392,2,7200,1.0014740566
317552,317558,321241,6,3683,2,7200,1.00162910671
317628,317634,321010,6,3376,2,7200,1.00177725118
317649,317655,319106,6,1451,20,36000,1.00413507926
317689,317695,321081,6,3386,2,7200,1.00177200236
317716,317722,320978,6,3256,2,7200,1.00184275184
317829,317835,321245,6,3410,2,7200,1.00175953079
317830,317841,321390,11,3549,2,7200,1.00309946464
317844,317850,321327,6,3477,2,7200,1.00172562554
317860,317866,319210,6,1344,2,21600,1.00446428571
317875,317881,317984,6,103,2,3600,1.05825242718
317887,317893,321648,6,3755,2,7200,1.00159786951
317905,317911,321194,6,3283,2,7200,1.00182759671
317913,317919,317940,6,21,2,1800,1.28571428571
317913,317924,317946,11,22,2,1800,1.5
317914,317931,317955,17,24,2,1800,1.70833333333
317914,317936,317958,22,22,2,1800,2.0
317914,317942,317967,28,25,2,1800,2.12
317915,317957,317993,42,36,2,1800,2.16666666667
317915,317966,318010,51,44,2,1800,2.15909090909
317915,317971,318013,56,42,2,1800,2.33333333333
317915,317947,317973,32,26,2,1800,2.23076923077
317915,317952,317988,37,36,2,1800,2.02777777778
317916,317977,318021,61,44,2,1800,2.38636363636
317916,317982,318033,66,51,2,1800,2.29411764706
317916,317987,318043,71,56,2,1800,2.26785714286
317916,317992,318054,76,62,2,1800,2.22580645161
317917,318013,318059,96,46,2,1800,3.08695652174
317917,318008,318059,91,51,2,1800,2.78431372549
317917,318003,318054,86,51,2,1800,2.6862745098
317917,317998,318049,81,51,2,1800,2.58823529412
317918,318019,318065,101,46,2,1800,3.19565217391
317918,318024,318055,106,31,2,1800,4.41935483871
317956,318032,321417,76,3385,2,7200,1.02245199409
317985,318037,321586,52,3549,2,7200,1.01465201465
318006,318042,321679,36,3637,2,7200,1.0098982678
318022,318047,320581,25,2534,4,3600,1.00986582478
318070,318076,321400,6,3324,2,7200,1.00180505415
318155,318162,321353,7,3191,2,7200,1.0021936697
318344,318350,321716,6,3366,2,7200,1.00178253119
318390,318396,318399,6,3,1,64800,1.0
318833,318839,375216,6,56377,8,172800,1.00010642638
318846,318858,318909,12,51,2,1800,1.23529411765
318846,318873,318934,27,61,2,1800,1.44262295082
318846,318852,318893,6,41,2,1800,1.14634146341
318846,318867,318929,21,62,2,1800,1.33870967742
318847,318894,318976,47,82,2,1800,1.57317073171
318847,318878,318951,31,73,2,1800,1.42465753425
318847,318883,318965,36,82,2,1800,1.43902439024
318847,318888,319000,41,112,2,1800,1.36607142857
318848,318922,319030,74,108,2,1800,1.68518518519
318848,318911,319034,63,123,2,1800,1.51219512195
318848,318903,319016,55,113,2,1800,1.48672566372
318848,318916,319020,68,104,2,1800,1.65384615385
318849,318927,319043,78,116,2,1800,1.6724137931
318849,318943,319037,94,94,2,1800,2.0
318849,318932,319037,83,105,2,1800,1.79047619048
318849,318937,319037,88,100,2,1800,1.88
318850,318964,319044,114,80,2,1800,2.425
318850,318948,319039,98,91,2,1800,2.07692307692
318850,318953,319044,103,91,2,1800,2.13186813187
318850,318958,319043,108,85,2,1800,2.27058823529
318906,318971,319031,65,60,2,3600,2.08333333333
318918,318976,322635,58,3659,2,7200,1.0158513255
319045,319051,336093,6,17042,8,86400,1.00035207135
319104,319110,320404,6,1294,2,21600,1.00463678516
319121,319128,319149,7,21,2,1800,1.33333333333
319122,319133,319155,11,22,2,1800,1.5
319122,319138,319159,16,21,2,1800,1.7619047619
319122,319144,319178,22,34,2,1800,1.64705882353
319123,319149,319193,26,44,2,1800,1.59090909091
319123,319155,319196,32,41,2,1800,1.78048780488
319123,319160,319211,37,51,2,1800,1.72549019608
319123,319165,319216,42,51,2,1800,1.82352941176
319124,319181,319242,57,61,2,1800,1.93442622951
319124,319170,319222,46,52,2,1800,1.88461538462
319124,319176,319227,52,51,2,1800,2.01960784314
319124,319186,319240,62,54,2,1800,2.14814814815
319125,319197,319248,72,51,2,1800,2.41176470588
319125,319207,319265,82,58,2,1800,2.41379310345
319125,319202,319257,77,55,2,1800,2.4
319125,319191,319253,66,62,2,1800,2.06451612903
319126,319212,319265,86,53,2,1800,2.62264150943
319126,319228,319269,102,41,2,1800,3.48780487805
319126,319223,319265,97,42,2,1800,3.30952380952
319126,319218,319264,92,46,2,1800,3.0
319475,319481,320543,6,1062,2,21600,1.00564971751
319500,319506,325045,6,5539,20,36000,1.00108322802
319980,319986,320025,6,39,2,3600,1.15384615385
320172,320178,323900,6,3722,2,7200,1.00161203654
320183,320189,320580,6,391,8,1500,1.01534526854
320184,320206,320675,22,469,8,1500,1.04690831557
320184,320212,320739,28,527,8,1500,1.05313092979
320184,320201,320630,17,429,8,1500,1.03962703963
320184,320194,320586,10,392,8,1500,1.02551020408
320185,320228,320673,43,445,8,1500,1.09662921348
320185,320222,320668,37,446,8,1500,1.08295964126
320185,320233,320667,48,434,8,1500,1.11059907834
320185,320217,320671,32,454,8,1500,1.0704845815
320186,320238,320673,52,435,8,1500,1.11954022989
320186,320415,320891,229,476,8,1500,1.48109243697
320186,320588,320999,402,411,8,1500,1.97810218978
320187,320608,320999,421,391,8,1500,2.07672634271
320187,320595,320992,408,397,8,1500,2.02770780856
320187,320679,321066,492,387,8,1500,2.27131782946
320187,320641,321036,454,395,8,1500,2.14936708861
320188,320707,321098,519,391,8,1500,2.3273657289
320188,320702,321091,514,389,8,1500,2.32133676093
320188,320697,321083,509,386,8,1500,2.31865284974
320188,320684,321074,496,390,8,1500,2.27179487179
320189,320712,321099,523,387,8,1500,2.35142118863
320189,320751,321141,562,390,8,1500,2.44102564103
320189,320903,321295,714,392,8,1500,2.82142857143
320189,320846,321236,657,390,8,1500,2.68461538462
320190,321012,321400,822,388,8,1500,3.11855670103
320190,321004,321395,814,391,8,1500,3.08184143223
320190,321017,321407,827,390,8,1500,3.12051282051
320191,321045,321435,854,390,8,1500,3.18974358974
320191,321052,321444,861,392,8,1500,3.19642857143
320191,321077,321467,886,390,8,1500,3.27179487179
320191,321085,321480,894,395,8,1500,3.26329113924
320192,321095,321489,903,394,8,1500,3.29187817259
320192,321103,321495,911,392,8,1500,3.32397959184
320192,321110,321503,918,393,8,1500,3.3358778626
320192,321115,321510,923,395,8,1500,3.33670886076
320193,321307,321702,1114,395,8,1500,3.82025316456
320193,321152,321544,959,392,8,1500,3.44642857143
320193,321247,321636,1054,389,8,1500,3.70951156812
320224,320690,323043,466,2353,5,3600,1.19804504887
320225,322306,324673,2081,2367,5,3600,1.87917194761
320225,321527,323980,1302,2453,5,3600,1.5307786384
320226,322415,324819,2189,2404,5,3600,1.91056572379
320226,322421,324840,2195,2419,5,3600,1.90739975196
320227,322463,324795,2236,2332,5,3600,1.95883361921
320227,322488,324838,2261,2350,5,3600,1.96212765957
320228,322510,324819,2282,2309,5,3600,1.98830662625
320228,322493,324926,2265,2433,5,3600,1.93094944513
320229,322516,324835,2287,2319,5,3600,1.98620094868
320262,322554,324857,2292,2303,5,3600,1.99522362136
320262,322543,325021,2281,2478,5,3600,1.92050040355
320263,322560,324963,2297,2403,5,3600,1.95588847274
320263,322566,324771,2303,2205,5,3600,2.04444444444
320264,322574,324999,2310,2425,5,3600,1.95257731959
320265,322586,324951,2321,2365,5,3600,1.98139534884
320265,322579,324924,2314,2345,5,3600,1.9867803838
320266,322605,324950,2339,2345,5,3600,1.99744136461
320266,322591,324899,2325,2308,5,3600,2.00736568458
320267,322621,325038,2354,2417,5,3600,1.97393462971
320267,322626,325005,2359,2379,5,3600,1.99159310635
320268,322640,324985,2372,2345,5,3600,2.01151385928
320268,322633,325005,2365,2372,5,3600,1.99704890388
320269,322653,325034,2384,2381,5,3600,2.0012599748
320269,322646,325083,2377,2437,5,3600,1.97537956504
320270,322658,325057,2388,2399,5,3600,1.99541475615
320270,322663,325027,2393,2364,5,3600,2.01226734349
320271,323055,325404,2784,2349,5,3600,2.18518518519
320271,323991,326404,3720,2413,5,3600,2.54164939909
320271,322668,324981,2397,2313,5,3600,2.03631647211
320272,324783,327201,4511,2418,5,3600,2.86559139785
320272,324688,327011,4416,2323,5,3600,2.90099009901
320273,324831,327241,4558,2410,5,3600,2.89128630705
320273,324806,327253,4533,2447,5,3600,2.8524724152
320274,324846,327165,4572,2319,5,3600,2.97153945666
320274,324836,327147,4562,2311,5,3600,2.97403721333
320275,324853,327167,4578,2314,5,3600,2.97839239412
320275,324859,327237,4584,2378,5,3600,2.92767031119
320283,321383,321747,1100,364,8,1500,4.02197802198
320285,321406,321770,1121,364,8,1500,4.07967032967
320285,321413,321776,1128,363,8,1500,4.10743801653
320286,321420,321787,1134,367,8,1500,4.08991825613
320290,321446,321810,1156,364,8,1500,4.17582417582
320291,321455,321823,1164,368,8,1500,4.16304347826
320291,321479,321845,1188,366,8,1500,4.24590163934
320291,321491,321856,1200,365,8,1500,4.28767123288
320291,321500,321865,1209,365,8,1500,4.31232876712
320292,321521,321888,1229,367,8,1500,4.34877384196
320292,321507,321878,1215,371,8,1500,4.27493261456
320292,321514,321879,1222,365,8,1500,4.34794520548
320292,321555,321921,1263,366,8,1500,4.45081967213
320293,321647,322015,1354,368,8,1500,4.67934782609
320293,321713,322077,1420,364,8,1500,4.9010989011
320293,321727,322096,1434,369,8,1500,4.88617886179
320293,321758,322122,1465,364,8,1500,5.02472527473
320294,321781,322149,1487,368,8,1500,5.04076086957
320294,321788,322153,1494,365,8,1500,5.09315068493
320294,321798,322161,1504,363,8,1500,5.14325068871
320294,321821,322186,1527,365,8,1500,5.18356164384
320295,321834,322198,1539,364,8,1500,5.22802197802
320295,321857,322219,1562,362,8,1500,5.31491712707
320329,324915,327241,4586,2326,5,3600,2.97162510748
320329,324870,327257,4541,2387,5,3600,2.90238793465
320330,324942,327212,4612,2270,5,3600,3.03171806167
320330,324935,327189,4605,2254,5,3600,3.04303460515
320331,324962,327248,4631,2286,5,3600,3.02580927384
320331,324968,327179,4637,2211,5,3600,3.09724106739
320332,324974,327240,4642,2266,5,3600,3.04854368932
320332,324992,327206,4660,2214,5,3600,3.10478771454
320333,325010,327507,4677,2497,5,3600,2.87304765719
320333,324999,327251,4666,2252,5,3600,3.07193605684
320333,325017,327238,4684,2221,5,3600,3.10895992796
320334,325033,327259,4699,2226,5,3600,3.11096136568
320334,325023,327260,4689,2237,5,3600,3.09611086276
320335,325047,327358,4712,2311,5,3600,3.03894418001
320335,325040,327313,4705,2273,5,3600,3.06995160581
320336,325054,327253,4718,2199,5,3600,3.14552069122
320336,325061,327319,4725,2258,5,3600,3.09255978742
320337,325067,327413,4730,2346,5,3600,3.01619778346
320337,325072,327385,4735,2313,5,3600,3.04712494596
320338,325084,327375,4746,2291,5,3600,3.07158446093
320338,325077,327407,4739,2330,5,3600,3.0339055794
320339,325095,327249,4756,2154,5,3600,3.20798514392
320339,325415,327791,5076,2376,5,3600,3.13636363636
320458,321867,322231,1409,364,8,1500,4.87087912088
320459,321876,322237,1417,361,8,1500,4.92520775623
320469,321889,322253,1420,364,8,1500,4.9010989011
320469,321896,322260,1427,364,8,1500,4.92032967033
320469,321903,322267,1434,364,8,1500,4.93956043956
320470,322026,322404,1556,378,8,1500,5.1164021164
320470,322088,322452,1618,364,8,1500,5.44505494505
320470,321932,322295,1462,363,8,1500,5.02754820937
320471,322168,322532,1697,364,8,1500,5.66208791209
320471,322161,322555,1690,394,8,1500,5.28934010152
320471,322107,322476,1636,369,8,1500,5.43360433604
320471,322133,322499,1662,366,8,1500,5.54098360656
320478,322175,322542,1697,367,8,1500,5.62397820163
320478,322197,322563,1719,366,8,1500,5.69672131148
320479,322243,322608,1764,365,8,1500,5.83287671233
320479,322210,322575,1731,365,8,1500,5.74246575342
320479,322230,322594,1751,364,8,1500,5.81043956044
320480,322250,322616,1770,366,8,1500,5.83606557377
320480,322273,322637,1793,364,8,1500,5.92582417582
320480,322279,322641,1799,362,8,1500,5.96961325967
320480,322265,322627,1785,362,8,1500,5.93093922652
320517,325504,327752,4987,2248,5,3600,3.21841637011
320517,327022,329255,6505,2233,5,3600,3.9131213614
320518,327176,329357,6658,2181,5,3600,4.05272810637
320518,327158,329426,6640,2268,5,3600,3.92768959436
320519,327190,329493,6671,2303,5,3600,3.89665653495
320519,327183,329442,6664,2259,5,3600,3.94997786631
320521,321313,324898,792,3585,2,7200,1.22092050209
320523,327213,329600,6690,2387,5,3600,3.80268118978
320523,327200,329410,6677,2210,5,3600,4.02126696833
320524,327227,329449,6703,2222,5,3600,4.01665166517
320524,327220,329460,6696,2240,5,3600,3.98928571429
320525,327248,329494,6723,2246,5,3600,3.99332146037
320525,327256,329505,6731,2249,5,3600,3.99288572699
320526,327266,329507,6740,2241,5,3600,4.00758589915
320526,327261,329490,6735,2229,5,3600,4.02153432032
320527,327273,329501,6746,2228,5,3600,4.02782764811
320528,327280,329490,6752,2210,5,3600,4.05520361991
320528,327285,329501,6757,2216,5,3600,4.04918772563
320529,327290,329514,6761,2224,5,3600,4.04001798561
320529,327296,329510,6767,2214,5,3600,4.05645889792
320530,327301,329531,6771,2230,5,3600,4.03632286996
320530,327306,329566,6776,2260,5,3600,3.9982300885
320532,327763,328995,7231,1232,2,21600,6.86931818182
320565,328384,329209,7819,825,2,36000,10.4775757576
320743,321318,324670,575,3352,2,7200,1.17153937947
320782,323997,327487,3215,3490,2,7200,1.9212034384
320797,324375,327601,3578,3226,2,7200,2.10911345319
320838,320909,324363,71,3454,2,7200,1.02055587724
320874,329006,329278,8132,272,2,36000,30.8970588235
320892,324681,328172,3789,3491,2,7200,2.08536236036
320960,327802,328926,6842,1124,2,21600,7.0871886121
320980,324864,328218,3884,3354,2,7200,2.1580202743
320995,324909,328371,3914,3462,2,7200,2.13056036973
321010,326421,329723,5411,3302,2,7200,2.63870381587
321034,327028,330434,5994,3406,2,7200,2.75983558426
321080,327311,330801,6231,3490,2,7200,2.78538681948
321199,321255,324841,56,3586,2,7200,1.01561628555
321222,329266,329446,8044,180,2,54000,45.6888888889
321244,327317,330729,6073,3412,2,7200,2.77989449004
321259,327322,330885,6063,3563,2,7200,2.70165590794
321329,327332,330835,6003,3503,2,7200,2.71367399372
321353,327339,331059,5986,3720,2,7200,2.60913978495
321377,329373,379399,7996,50026,2,54000,1.15983688482
321392,321561,325268,169,3707,2,7200,1.04558942541
321398,327345,330734,5947,3389,2,7200,2.75479492476
321420,327350,330566,5930,3216,2,7200,2.84390547264
321586,327355,330737,5769,3382,2,7200,2.70579538734
321617,329421,344800,7804,15379,1,115200,1.5074452175
321651,321661,325120,10,3459,2,7200,1.00289100896
321681,327360,330906,5679,3546,2,7200,2.60152284264
321717,327369,330923,5652,3554,2,7200,2.59032076533
322073,328188,330134,6115,1946,2,21600,4.14234326824
322520,328938,330274,6418,1336,2,21600,5.80389221557
322639,327327,330759,4688,3432,2,7200,2.36596736597
322880,329220,330778,6340,1558,2,21600,5.06931964056
323170,329368,330760,6198,1392,2,21600,5.4525862069
323849,327615,334039,3766,6424,7,10800,1.58623910336
323903,327397,331083,3494,3686,2,7200,1.94791101465
324368,327375,330832,3007,3457,2,7200,1.86982933179
324670,327408,330723,2738,3315,2,7200,1.82594268477
324843,327386,330827,2543,3441,2,7200,1.73902935193
324900,327418,330725,2518,3307,2,7200,1.76141517992
325123,327392,330910,2269,3518,2,7200,1.64496873223
325272,327403,331144,2131,3741,2,7200,1.56963378776
325502,326415,331971,913,5556,1,14400,1.16432685385
326688,329427,330294,2739,867,2,54000,4.15916955017
327489,327495,331226,6,3731,2,7200,1.00160814795
327602,327608,331162,6,3554,2,7200,1.0016882386
328174,328181,331454,7,3273,2,7200,1.00213871066
328217,328223,331535,6,3312,2,7200,1.0018115942
328371,328378,331729,7,3351,2,7200,1.00208892868
328469,329432,330105,963,673,1,3600,2.4309063893
329650,329656,379647,6,49991,2,54000,1.0001200216
329722,329728,335519,6,5791,1,115200,1.00103609049
329725,329734,333310,9,3576,2,7200,1.00251677852
330094,330101,330135,7,34,2,36000,1.20588235294
330133,330139,330764,6,625,2,54000,1.0096
330188,330194,330764,6,570,2,36000,1.01052631579
330337,330343,379258,6,48915,2,54000,1.00012266176
330434,330440,333612,6,3172,2,7200,1.00189155107
330567,330573,334082,6,3509,2,7200,1.00170988886
330600,330606,366633,6,36027,2,36000,1.00016654176
330725,330732,334295,7,3563,2,7200,1.00196463654
330741,330747,334088,6,3341,2,7200,1.0017958695
330742,330753,333950,11,3197,2,7200,1.00344072568
330744,330758,334163,14,3405,2,7200,1.00411160059
330745,330764,334373,19,3609,2,7200,1.00526461624
330762,330770,334112,8,3342,2,7200,1.00239377618
330803,330809,334055,6,3246,2,7200,1.00184842884
330828,330835,334477,7,3642,2,7200,1.00192202087
330836,330842,334504,6,3662,2,7200,1.00163844894
330843,330850,334499,7,3649,2,7200,1.00191833379
330882,330888,334377,6,3489,2,7200,1.00171969046
330909,330915,334308,6,3393,2,7200,1.0017683466
330913,330921,334155,8,3234,2,7200,1.00247371676
330924,330930,334106,6,3176,2,7200,1.00188916877
331061,331068,334210,7,3142,2,7200,1.00222788033
331083,331089,334204,6,3115,2,7200,1.00192616372
331144,331150,334623,6,3473,2,7200,1.00172761301
331162,331168,334613,6,3445,2,7200,1.00174165457
331229,331235,334561,6,3326,2,7200,1.00180396873
331347,331354,378156,7,46802,2,54000,1.00014956626
331371,331377,367390,6,36013,2,36000,1.0001666065
331457,331463,334843,6,3380,2,7200,1.00177514793
331536,331542,335008,6,3466,2,7200,1.00173110214
331728,331734,335295,6,3561,2,7200,1.00168491997
333226,333232,334170,6,938,20,36000,1.00639658849
333305,333311,336574,6,3263,2,7200,1.00183879865
333614,333620,337203,6,3583,2,7200,1.00167457438
333951,333957,337381,6,3424,2,7200,1.00175233645
334055,334061,337435,6,3374,2,7200,1.00177830468
334082,334088,337609,6,3521,2,7200,1.00170406135
334097,334103,337636,6,3533,2,7200,1.00169827342
334112,334118,337624,6,3506,2,7200,1.00171135197
334115,334124,337813,9,3689,2,7200,1.00243968555
334158,334164,337602,6,3438,2,7200,1.0017452007
334164,334170,337469,6,3299,2,7200,1.00181873295
334206,334212,337849,6,3637,2,7200,1.0016497113
334221,334227,337563,6,3336,2,7200,1.00179856115
334297,334304,337710,7,3406,2,7200,1.00205519671
334312,334319,337799,7,3480,2,7200,1.00201149425
334373,334379,337825,6,3446,2,7200,1.00174114916
334388,334394,337962,6,3568,2,7200,1.00168161435
334480,334486,337958,6,3472,2,7200,1.0017281106
334501,334507,338017,6,3510,2,7200,1.00170940171
334504,334513,338005,9,3492,2,7200,1.00257731959
334562,334568,338207,6,3639,2,7200,1.00164880462
334613,334620,338117,7,3497,2,7200,1.00200171576
334624,334630,337988,6,3358,2,7200,1.00178677784
334843,334849,338484,6,3635,2,7200,1.00165061898
335010,335016,338357,6,3341,2,7200,1.0017958695
335294,335300,338763,6,3463,2,7200,1.00173260179
335564,335570,342816,6,7246,1,115200,1.00082804306
335661,335667,563197,6,227530,1,339000,1.00002637015
335762,335768,560559,6,224791,1,339000,1.00002669146
336119,336125,345178,6,9053,7,10800,1.00066276372
336577,336583,339927,6,3344,2,7200,1.00179425837
337208,337214,340627,6,3413,2,7200,1.00175798418
337382,337388,340868,6,3480,2,7200,1.00172413793
337437,337443,340914,6,3471,2,7200,1.00172860847
337470,337476,340967,6,3491,2,7200,1.00171870524
337562,337568,341125,6,3557,2,7200,1.00168681473
337603,337609,341121,6,3512,2,7200,1.00170842825
337610,337616,341005,6,3389,2,7200,1.00177043376
337625,337631,341020,6,3389,2,7200,1.00177043376
337640,337646,341132,6,3486,2,7200,1.0017211704
337710,337716,340801,6,3085,2,7200,1.00194489465
337799,337805,341081,6,3276,2,7200,1.00183150183
337814,337820,341213,6,3393,2,7200,1.0017683466
337826,337832,341217,6,3385,2,7200,1.00177252585
337850,337856,341435,6,3579,2,7200,1.00167644593
337961,337967,341375,6,3408,2,7200,1.00176056338
337963,337973,341644,10,3671,2,7200,1.00272405339
337991,337997,341450,6,3453,2,7200,1.00173761946
338006,338012,341639,6,3627,2,7200,1.00165425972
338018,338024,341501,6,3477,2,7200,1.00172562554
338112,338118,341768,6,3650,2,7200,1.00164383562
338209,338215,341584,6,3369,2,7200,1.0017809439
338358,338364,341668,6,3304,2,7200,1.00181598063
338480,338486,341752,6,3266,2,7200,1.00183710961
338764,338770,342269,6,3499,2,7200,1.00171477565
338980,338986,408157,6,69171,4,172800,1.00008674155
339138,339145,339155,7,10,5,86400,1.7
339185,339192,425628,7,86436,9,86400,1.00008098477
339928,339934,343616,6,3682,2,7200,1.00162954916
340627,340633,344126,6,3493,2,7200,1.00171772116
340802,340808,344250,6,3442,2,7200,1.00174317257
340868,340874,344263,6,3389,2,7200,1.00177043376
340917,340923,344285,6,3362,2,7200,1.00178465199
340969,340975,344554,6,3579,2,7200,1.00167644593
341008,341014,344433,6,3419,2,7200,1.00175489909
341023,341029,344564,6,3535,2,7200,1.00169731259
341084,341090,344358,6,3268,2,7200,1.00183598531
341092,341098,345702,6,4604,1,14400,1.0013032146
341123,341129,344647,6,3518,2,7200,1.0017055145
341127,341135,344547,8,3412,2,7200,1.00234466589
341142,341148,344457,6,3309,2,7200,1.00181323663
341216,341222,344735,6,3513,2,7200,1.00170794193
341218,341228,344761,10,3533,2,7200,1.0028304557
341375,341381,344867,6,3486,2,7200,1.0017211704
341437,341443,345068,6,3625,2,7200,1.00165517241
341450,341456,344999,6,3543,2,7200,1.0016934801
341501,341508,344990,7,3482,2,7200,1.00201033889
341587,341593,344969,6,3376,2,7200,1.00177725118
341642,341648,345165,6,3517,2,7200,1.00170599943
341643,341654,344835,11,3181,2,7200,1.00345803207
341668,341674,345036,6,3362,2,7200,1.00178465199
341753,341759,345141,6,3382,2,7200,1.00177409817
341768,341774,345260,6,3486,2,7200,1.0017211704
342271,342277,345813,6,3536,2,7200,1.00169683258
343616,343622,347223,6,3601,2,7200,1.00166620383
343838,343844,344800,6,956,1,115200,1.00627615063
344127,344133,347794,6,3661,2,7200,1.00163889648
344247,344253,351458,6,7205,16,7200,1.00083275503
344251,344264,347859,13,3595,2,7200,1.00361613352
344266,344272,347704,6,3432,2,7200,1.00174825175
344287,344293,347453,6,3160,2,7200,1.00189873418
344303,344309,351541,6,7232,16,7200,1.00082964602
344360,344366,347955,6,3589,2,7200,1.00167177487
344436,344442,347652,6,3210,2,7200,1.00186915888
344460,344466,348152,6,3686,2,7200,1.00162778079
344545,344552,347805,7,3253,2,7200,1.00215185982
344561,344566,348156,5,3590,2,7200,1.00139275766
344576,344582,348260,6,3678,2,7200,1.00163132137
344629,345155,352385,526,7230,16,7200,1.07275242047
344650,344656,348119,6,3463,2,7200,1.00173260179
344737,344743,348410,6,3667,2,7200,1.00163621489
344762,344768,347973,6,3205,2,7200,1.00187207488
344835,344841,348240,6,3399,2,7200,1.00176522507
344869,344875,348515,6,3640,2,7200,1.00164835165
344900,344907,399744,7,54837,1,115200,1.00012765104
344969,344976,348418,7,3442,2,7200,1.00203370134
344993,344999,348407,6,3408,2,7200,1.00176056338
345008,345014,348611,6,3597,2,7200,1.00166805671
345036,345043,348496,7,3453,2,7200,1.0020272227
345070,345076,348465,6,3389,2,7200,1.00177043376
345143,345149,348827,6,3678,2,7200,1.00163132137
345167,345173,348801,6,3628,2,7200,1.00165380375
345262,345268,348708,6,3440,2,7200,1.00174418605
345816,345822,349161,6,3339,2,7200,1.00179694519
347223,347229,350460,6,3231,2,7200,1.00185701021
347454,347460,351014,6,3554,2,7200,1.0016882386
347652,347658,351153,6,3495,2,7200,1.0017167382
347707,347713,351384,6,3671,2,7200,1.00163443203
347794,347801,351397,7,3596,2,7200,1.00194660734
347809,347816,351040,7,3224,2,7200,1.00217121588
347855,347861,351342,6,3481,2,7200,1.00172364263
347955,347961,351110,6,3149,2,7200,1.00190536678
347973,347979,351146,6,3167,2,7200,1.00189453742
348120,348126,351501,6,3375,2,7200,1.00177777778
348155,348161,351716,6,3555,2,7200,1.00168776371
348170,348177,351621,7,3444,2,7200,1.00203252033
348240,348246,351819,6,3573,2,7200,1.00167926113
348261,348268,351595,7,3327,2,7200,1.0021039976
348409,348415,352139,6,3724,2,7200,1.00161117078
348417,348423,351986,6,3563,2,7200,1.00168397418
348424,348430,351746,6,3316,2,7200,1.00180940893
348466,348472,351753,6,3281,2,7200,1.00182871076
348497,348503,351780,6,3277,2,7200,1.00183094294
348517,348524,352001,7,3477,2,7200,1.0020132298
348614,348620,351951,6,3331,2,7200,1.00180126088
348709,348715,352163,6,3448,2,7200,1.00174013921
348804,348810,352142,6,3332,2,7200,1.00180072029
348828,348834,352195,6,3361,2,7200,1.00178518298
349162,349168,352868,6,3700,2,7200,1.00162162162
350466,350473,354050,7,3577,2,7200,1.00195694716
351015,351021,354699,6,3678,2,7200,1.00163132137
351042,351048,354710,6,3662,2,7200,1.00163844894
351112,351118,354670,6,3552,2,7200,1.00168918919
351148,351154,354672,6,3518,2,7200,1.0017055145
351163,351169,354696,6,3527,2,7200,1.00170116246
351342,351348,354876,6,3528,2,7200,1.00170068027
351384,351390,354773,6,3383,2,7200,1.00177357375
351399,351405,354851,6,3446,2,7200,1.00174114916
351501,351508,354934,7,3426,2,7200,1.00204319907
351594,351600,355042,6,3442,2,7200,1.00174317257
351621,351628,355208,7,3580,2,7200,1.00195530726
351718,351725,355095,7,3370,2,7200,1.00207715134
351748,351754,355254,6,3500,2,7200,1.00171428571
351755,351761,355169,6,3408,2,7200,1.00176056338
351782,351788,355155,6,3367,2,7200,1.00178200178
351819,351825,355275,6,3450,2,7200,1.00173913043
351953,351959,355643,6,3684,2,7200,1.0016286645
351987,351993,355273,6,3280,2,7200,1.00182926829
352004,352010,355534,6,3524,2,7200,1.00170261067
352142,352149,355606,7,3457,2,7200,1.00202487706
352145,352155,355651,10,3496,2,7200,1.0028604119
352163,352169,355576,6,3407,2,7200,1.00176108013
352196,352202,355506,6,3304,2,7200,1.00181598063
352869,352875,356362,6,3487,2,7200,1.0017206768
354055,354061,357580,6,3519,2,7200,1.00170502984
354333,354339,354341,6,2,2,3540,1.0
354536,354542,354713,6,171,1,3600,1.0350877193
354671,354678,357968,7,3290,2,7200,1.00212765957
354673,354683,357954,10,3271,2,7200,1.00305716906
354697,354703,358145,6,3442,2,7200,1.00174317257
354712,354718,358147,6,3429,2,7200,1.00174978128
354714,354724,358403,10,3679,2,7200,1.00271812993
354775,354781,358359,6,3578,2,7200,1.00167691448
354854,354861,358290,7,3429,2,7200,1.00204141149
354879,354885,358451,6,3566,2,7200,1.00168255749
354888,354894,355238,6,344,1,3600,1.01744186047
354936,354943,358399,7,3456,2,7200,1.00202546296
355044,355050,358807,6,3757,2,7200,1.0015970189
355098,355104,358521,6,3417,2,7200,1.00175592625
355156,355162,358527,6,3365,2,7200,1.00178306092
355171,355177,358482,6,3305,2,7200,1.00181543116
355211,355217,358770,6,3553,2,7200,1.00168871376
355256,355262,358782,6,3520,2,7200,1.00170454545
355275,355281,358729,6,3448,2,7200,1.00174013921
355276,355287,358835,11,3548,2,7200,1.00310033822
355508,355515,358979,7,3464,2,7200,1.00202078522
355536,355542,359140,6,3598,2,7200,1.00166759311
355579,355585,358915,6,3330,2,7200,1.0018018018
355593,355599,356388,6,789,1,3600,1.00760456274
355605,355611,359042,6,3431,2,7200,1.00174876129
355644,355650,359204,6,3554,2,7200,1.0016882386
355652,355658,359099,6,3441,2,7200,1.00174367916
356360,356367,359717,7,3350,2,7200,1.00208955224
357245,357254,357381,9,127,1,3600,1.07086614173
357583,357590,360904,7,3314,2,7200,1.00211225106
357591,357597,357930,6,333,1,3600,1.01801801802
357957,357963,361356,6,3393,2,7200,1.0017683466
357972,357979,361466,7,3487,2,7200,1.00200745627
358149,358155,361790,6,3635,2,7200,1.00165061898
358150,358161,361704,11,3543,2,7200,1.00310471352
358290,358296,361466,6,3170,2,7200,1.00189274448
358360,358367,361944,7,3577,2,7200,1.00195694716
358403,358409,361561,6,3152,2,7200,1.0019035533
358405,358415,361792,10,3377,2,7200,1.00296120817
358452,358458,361833,6,3375,2,7200,1.00177777778
358462,358468,359089,6,621,1,3600,1.00966183575
358482,358489,361554,7,3065,2,7200,1.00228384992
358522,358528,361848,6,3320,2,7200,1.00180722892
358537,358544,361974,7,3430,2,7200,1.00204081633
358616,358623,358802,7,179,1,3600,1.03910614525
358732,358738,362068,6,3330,2,7200,1.0018018018
358771,358777,362190,6,3413,2,7200,1.00175798418
358787,358793,362123,6,3330,2,7200,1.0018018018
358808,358814,362168,6,3354,2,7200,1.00178890877
358836,358842,362081,6,3239,2,7200,1.00185242359
358915,358921,362264,6,3343,2,7200,1.00179479509
358976,358982,359337,6,355,1,3600,1.01690140845
358979,358988,362527,9,3539,2,7200,1.00254309127
359046,359052,362642,6,3590,2,7200,1.00167130919
359102,359108,362635,6,3527,2,7200,1.00170116246
359143,359149,362606,6,3457,2,7200,1.00173560891
359207,359213,362594,6,3381,2,7200,1.00177462289
359691,359697,360472,6,775,1,3600,1.00774193548
359720,359726,362968,6,3242,2,7200,1.00185070944
360908,360915,364149,7,3234,2,7200,1.00216450216
361360,361366,364799,6,3433,2,7200,1.0017477425
361467,361473,364940,6,3467,2,7200,1.00173060283
361468,361479,364842,11,3363,2,7200,1.00327088909
361554,361560,365180,6,3620,2,7200,1.00165745856
361569,361575,364967,6,3392,2,7200,1.00176886792
361705,361711,365315,6,3604,2,7200,1.00166481687
361738,361744,361856,6,112,1,3600,1.05357142857
361790,361796,365294,6,3498,2,7200,1.00171526587
361791,361807,361928,16,121,1,1800,1.13223140496
361796,361802,365214,6,3412,2,7200,1.00175849941
361836,361842,365393,6,3551,2,7200,1.00168966488
361851,361857,365031,6,3174,2,7200,1.00189035917
361947,361953,365381,6,3428,2,7200,1.00175029172
361974,361981,365148,7,3167,2,7200,1.00221029365
362033,362039,362363,6,324,1,3600,1.01851851852
362068,362075,365688,7,3613,2,7200,1.0019374481
362084,362090,365679,6,3589,2,7200,1.00167177487
362124,362130,365628,6,3498,2,7200,1.00171526587
362169,362175,365840,6,3665,2,7200,1.00163710778
362190,362196,365609,6,3413,2,7200,1.00175798418
362231,362237,362350,6,113,1,1800,1.05309734513
362266,362272,365685,6,3413,2,7200,1.00175798418
362529,362535,366086,6,3551,2,7200,1.00168966488
362597,362602,366104,5,3502,2,7200,1.00142775557
362612,362617,366206,5,3589,2,7200,1.00139314572
362636,362642,366100,6,3458,2,7200,1.001735107
362642,362648,366104,6,3456,2,7200,1.00173611111
362847,362853,363449,6,596,1,3600,1.01006711409
362970,362976,366454,6,3478,2,7200,1.00172512938
363015,363022,363603,7,581,1,1800,1.01204819277
364154,364160,367642,6,3482,2,7200,1.00172314762
364802,364808,368446,6,3638,2,7200,1.00164925783
364828,364834,364882,6,48,1,1800,1.125
364841,364847,368159,6,3312,2,7200,1.0018115942
364942,364948,368255,6,3307,2,7200,1.00181433323
364970,364976,368328,6,3352,2,7200,1.00178997613
365034,365040,368270,6,3230,2,7200,1.00185758514
365149,365156,368691,7,3535,2,7200,1.00198019802
365180,365186,368682,6,3496,2,7200,1.00171624714
365193,365199,365281,6,82,1,1800,1.07317073171
365220,365227,368487,7,3260,2,7200,1.00214723926
365297,365303,368637,6,3334,2,7200,1.00179964007
365315,365322,368738,7,3416,2,7200,1.00204918033
365383,365388,368996,5,3608,2,7200,1.00138580931
365398,365404,368846,6,3442,2,7200,1.00174317257
365613,365619,368797,6,3178,2,7200,1.00188797986
365630,365636,369385,6,3749,2,7200,1.00160042678
365680,365686,369302,6,3616,2,7200,1.00165929204
365695,365701,369011,6,3310,2,7200,1.00181268882
365696,365707,369211,11,3504,2,7200,1.00313926941
365842,365849,369299,7,3450,2,7200,1.00202898551
365891,365897,366017,6,120,1,1800,1.05
366089,366095,369480,6,3385,2,7200,1.00177252585
366104,366111,369648,7,3537,2,7200,1.00197907831
366106,366117,369582,11,3465,2,7200,1.00317460317
366107,366123,369421,16,3298,2,7200,1.00485142511
366207,366213,369608,6,3395,2,7200,1.00176730486
366232,366238,366533,6,295,1,1800,1.02033898305
366333,366339,366438,6,99,1,1800,1.06060606061
366455,366461,369824,6,3363,2,7200,1.00178412132
366925,366931,371554,6,4623,1,14400,1.00129785853
367141,367148,367654,7,506,1,1800,1.01383399209
367648,367653,371120,5,3467,2,7200,1.00144216902
368162,368168,371338,6,3170,2,7200,1.00189274448
368256,368262,371795,6,3533,2,7200,1.00169827342
368271,368277,371398,6,3121,2,7200,1.00192246075
368329,368335,371799,6,3464,2,7200,1.00173210162
368447,368453,371764,6,3311,2,7200,1.00181214135
368489,368495,372154,6,3659,2,7200,1.00163979229
368639,368646,372050,7,3404,2,7200,1.00205640423
368685,368691,372191,6,3500,2,7200,1.00171428571
368700,368707,372097,7,3390,2,7200,1.00206489676
368740,368746,372293,6,3547,2,7200,1.00169157034
368798,368804,372220,6,3416,2,7200,1.00175644028
368846,368852,372402,6,3550,2,7200,1.00169014085
368998,369004,372416,6,3412,2,7200,1.00175849941
369013,369020,372382,7,3362,2,7200,1.00208209399
369212,369218,372785,6,3567,2,7200,1.00168208579
369300,369307,372435,7,3128,2,7200,1.00223785166
369315,369322,372893,7,3571,2,7200,1.00196023523
369387,369393,372878,6,3485,2,7200,1.00172166428
369423,369429,372913,6,3484,2,7200,1.00172215844
369480,369486,372916,6,3430,2,7200,1.00174927114
369543,369549,369593,6,44,1,1800,1.13636363636
369582,369589,372886,7,3297,2,7200,1.00212314225
369610,369616,373162,6,3546,2,7200,1.00169204738
369650,369656,372832,6,3176,2,7200,1.00188916877
369828,369834,373141,6,3307,2,7200,1.00181433323
369926,369932,370001,6,69,1,1800,1.08695652174
370976,370982,371245,6,263,1,1800,1.02281368821
371123,371129,374486,6,3357,2,7200,1.0017873101
371340,371346,374881,6,3535,2,7200,1.00169731259
371401,371407,374820,6,3413,2,7200,1.00175798418
371766,371772,375323,6,3551,2,7200,1.00168966488
371796,371802,375442,6,3640,2,7200,1.00164835165
371797,371808,375346,11,3538,2,7200,1.00310910119
372053,372058,375558,5,3500,2,7200,1.00142857143
372065,372071,372108,6,37,13,86400,1.16216216216
372098,372104,375524,6,3420,2,7200,1.00175438596
372156,372162,375691,6,3529,2,7200,1.00170019836
372192,372198,375586,6,3388,2,7200,1.00177095632
372223,372229,375702,6,3473,2,7200,1.00172761301
372295,372301,375765,6,3464,2,7200,1.00173210162
372384,372390,375828,6,3438,2,7200,1.0017452007
372405,372411,375828,6,3417,2,7200,1.00175592625
372420,372426,375828,6,3402,2,7200,1.00176366843
372435,372441,375828,6,3387,2,7200,1.00177147919
372785,372791,375828,6,3037,2,7200,1.00197563385
372834,372840,375828,6,2988,2,7200,1.00200803213
372881,372887,376480,6,3593,2,7200,1.00166991372
372892,372897,375828,5,2931,2,7200,1.00170590242
372896,372903,376463,7,3560,2,7200,1.00196629213
372914,372920,376331,6,3411,2,7200,1.00175901495
372916,372926,375828,10,2902,2,7200,1.00344589938
373056,373062,486024,6,112962,13,216000,1.00005311521
373143,373149,375833,6,2684,2,7200,1.00223546945
373164,373170,376494,6,3324,2,7200,1.00180505415
374487,374493,375835,6,1342,2,7200,1.0044709389
374821,374827,375833,6,1006,2,7200,1.00596421471
374832,374838,382051,6,7213,16,7200,1.00083183142
374882,374888,375833,6,945,2,7200,1.00634920635
374985,374991,382228,6,7237,16,7200,1.00082907282
375065,375071,382300,6,7229,16,7200,1.00082999032
375518,375524,375833,6,309,2,7200,1.01941747573
375519,375530,375833,11,303,2,7200,1.03630363036
375521,375536,375833,15,297,2,7200,1.05050505051
375536,375542,375833,6,291,2,7200,1.0206185567
375560,375566,375833,6,267,2,7200,1.02247191011
375587,375593,375833,6,240,2,7200,1.025
375661,375667,375833,6,166,2,7200,1.03614457831
375699,375705,379294,6,3589,2,7200,1.00167177487
375704,375711,375833,7,122,2,7200,1.05737704918
375767,375773,375833,6,60,2,7200,1.1
376206,376212,380885,6,4673,8,172800,1.00128397175
376305,376311,376326,6,15,2,7200,1.4
376306,376317,376326,11,9,2,7200,2.0
376334,376340,379638,6,3298,2,7200,1.00181928441
376349,376356,379484,7,3128,2,7200,1.00223785166
376351,376362,379902,11,3540,2,7200,1.00310734463
376352,376367,379832,15,3465,2,7200,1.00432900433
376354,376373,379661,19,3288,2,7200,1.00577858881
376355,376378,379654,23,3276,2,7200,1.00702075702
376356,376383,379893,27,3510,2,7200,1.00769230769
376358,376389,379881,31,3492,2,7200,1.00887743414
376359,376394,379717,35,3323,2,7200,1.01053265122
376360,376400,379877,40,3477,2,7200,1.01150417026
376362,376405,379689,43,3284,2,7200,1.01309378806
376363,376410,379845,47,3435,2,7200,1.01368267831
376365,376416,379911,51,3495,2,7200,1.01459227468
376366,376421,380142,55,3721,2,7200,1.01478097286
376367,376426,379747,59,3321,2,7200,1.01776573321
376369,376431,379742,62,3311,2,7200,1.01872546059
376370,376437,379993,67,3556,2,7200,1.01884139483
376371,376442,379935,71,3493,2,7200,1.02032636702
376373,376447,380070,74,3623,2,7200,1.0204250621
376374,376453,379850,79,3397,2,7200,1.02325581395
376375,376458,380000,83,3542,2,7200,1.02343308865
376377,376463,379868,86,3405,2,7200,1.02525697504
376416,376469,380053,53,3584,8,21600,1.01478794643
376461,376475,379694,14,3219,2,7200,1.00434917676
376470,379904,406583,3434,26679,6,32400,1.1287154691
376479,376485,380012,6,3527,2,7200,1.00170116246
376494,376500,379948,6,3448,2,7200,1.00174013921
376661,377476,389111,815,11635,8,86400,1.07004727116
376793,378244,380822,1451,2578,8,21600,1.5628394104
376888,376894,377235,6,341,20,36000,1.01759530792
377252,377258,377426,6,168,20,36000,1.03571428571
377443,377449,378857,6,1408,20,36000,1.00426136364
378148,379309,381050,1161,1741,8,43200,1.66685812751
378575,379928,380259,1353,331,2,21600,5.08761329305
378699,379668,380115,969,447,8,43200,3.1677852349
378802,379756,380203,954,447,8,43200,3.13422818792
379046,379861,392567,815,12706,8,43200,1.0641429246
379056,379062,379160,6,98,20,36000,1.0612244898
379164,379964,381444,800,1480,2,54000,1.54054054054
379175,379181,379425,6,244,20,36000,1.02459016393
379184,380012,381444,828,1432,2,36000,1.5782122905
379297,379303,382573,6,3270,2,7200,1.00183486239
379422,379951,380488,529,537,2,21600,1.98510242086
379485,379492,382491,7,2999,2,7200,1.00233411137
379505,379511,379984,6,473,20,36000,1.01268498943
379563,380064,381444,501,1380,2,36000,1.36304347826
379641,379647,383071,6,3424,2,7200,1.00175233645
379656,379662,383083,6,3421,2,7200,1.00175387314
379671,379677,383293,6,3616,2,7200,1.00165929204
379692,379698,382579,6,2881,2,7200,1.0020826102
379695,379705,383195,10,3490,2,7200,1.00286532951
379718,379725,382876,7,3151,2,7200,1.00222151698
379723,380069,381444,346,1375,2,54000,1.25163636364
379742,379749,383068,7,3319,2,7200,1.002109069
379757,379763,383229,6,3466,2,7200,1.00173110214
379832,379838,383448,6,3610,2,7200,1.00166204986
379847,379853,383160,6,3307,2,7200,1.00181433323
379861,379868,382856,7,2988,2,7200,1.00234270415
379876,379882,383311,6,3429,2,7200,1.00174978128
379890,379897,383253,7,3356,2,7200,1.00208581645
379892,379909,383277,17,3368,2,7200,1.00504750594
379907,379916,383192,9,3276,2,7200,1.00274725275
379908,379922,383262,14,3340,2,7200,1.00419161677
379923,379935,383104,12,3169,2,7200,1.0037866835
379937,379944,383395,7,3451,2,7200,1.00202839757
379951,379958,383662,7,3704,2,7200,1.00188984881
379994,380000,383561,6,3561,2,7200,1.00168491997
380001,380007,380167,6,160,20,36000,1.0375
380009,380018,383549,9,3531,2,7200,1.00254885302
380014,380024,383432,10,3408,2,7200,1.0029342723
380072,380078,383570,6,3492,2,7200,1.00171821306
380144,380150,383415,6,3265,2,7200,1.00183767228
380275,380281,385666,6,5385,20,36000,1.00111420613
380475,380481,380917,6,436,8,43200,1.01376146789
380578,380584,381027,6,443,8,43200,1.01354401806
380900,380906,385763,6,4857,2,21600,1.00123533045
381198,381217,381638,19,421,8,43200,1.04513064133
381198,381211,392545,13,11334,8,43200,1.00114699135
381198,381206,381623,8,417,8,43200,1.01918465228
381199,381222,382987,23,1765,8,43200,1.01303116147
381202,381228,392361,26,11133,8,43200,1.00233539926
381336,381342,391900,6,10558,8,43200,1.00056828945
381448,381454,381780,6,326,2,36000,1.01840490798
381493,381634,389820,141,8186,2,54000,1.01722452968
381523,381639,389820,116,8181,2,54000,1.0141791957
381542,381645,389820,103,8175,2,36000,1.01259938838
381774,381780,383081,6,1301,8,43200,1.00461183705
381799,381805,389820,6,8015,2,36000,1.00074859638
382018,382063,393039,45,10976,8,43200,1.00409985423
382195,382202,388199,7,5997,8,21600,1.00116725029
382362,382368,382425,6,57,2,36000,1.10526315789
382429,382435,389820,6,7385,2,36000,1.00081245768
382494,382500,385886,6,3386,2,7200,1.00177200236
382578,382584,386110,6,3526,2,7200,1.00170164492
382581,382590,385700,9,3110,2,7200,1.00289389068
382729,382735,382992,6,257,1,1200,1.0233463035
382855,382861,386390,6,3529,2,7200,1.00170019836
382876,382882,386370,6,3488,2,7200,1.00172018349
383068,383074,386542,6,3468,2,7200,1.00173010381
383071,383080,386635,9,3555,2,7200,1.00253164557
383083,383089,386397,6,3308,2,7200,1.00181378476
383106,383113,386707,7,3594,2,7200,1.0019476906
383160,383166,386799,6,3633,2,7200,1.00165152766
383193,383199,386816,6,3617,2,7200,1.00165883329
383198,383205,386317,7,3112,2,7200,1.00224935733
383229,383235,386771,6,3536,2,7200,1.00169683258
383253,383259,386565,6,3306,2,7200,1.00181488203
383269,383275,386863,6,3588,2,7200,1.0016722408
383283,383289,386658,6,3369,2,7200,1.0017809439
383298,383304,386787,6,3483,2,7200,1.00172265289
383313,383319,386845,6,3526,2,7200,1.00170164492
383397,383403,386993,6,3590,2,7200,1.00167130919
383415,383421,387071,6,3650,2,7200,1.00164383562
383434,383440,387072,6,3632,2,7200,1.00165198238
383450,383457,386559,7,3102,2,7200,1.00225660864
383549,383556,387019,7,3463,2,7200,1.00202136876
383564,383570,387157,6,3587,2,7200,1.001672707
383579,383585,387237,6,3652,2,7200,1.00164293538
383665,383671,387115,6,3444,2,7200,1.00174216028
384073,384079,385002,6,923,8,43200,1.00650054171
384353,387102,394324,2749,7222,16,7200,1.38064248131
384405,388093,395339,3688,7246,16,7200,1.50897046646
384559,388098,395324,3539,7226,16,7200,1.48975920288
384749,384755,384798,6,43,2,120,1.13953488372
384860,384867,384905,7,38,2,120,1.18421052632
385144,385151,385174,7,23,2,120,1.30434782609
385172,385179,385255,7,76,2,36000,1.09210526316
385370,385376,385931,6,555,2,36000,1.01081081081
385489,385495,385923,6,428,8,43200,1.01401869159
385700,385706,388080,6,2374,2,7200,1.00252737995
385889,385895,388080,6,2185,2,7200,1.00274599542
386114,386120,389467,6,3347,2,7200,1.00179265013
386249,386256,386660,7,404,8,43200,1.01732673267
386271,386332,388406,61,2074,8,43200,1.02941176471
386304,386671,387091,367,420,8,43200,1.87380952381
386319,386326,389827,7,3501,2,7200,1.00199942873
386334,386383,387225,49,842,2,36000,1.05819477435
386370,386377,388080,7,1703,2,7200,1.00411039342
386391,386397,388080,6,1683,2,7200,1.00356506239
386406,386412,388080,6,1668,2,7200,1.0035971223
386499,386505,388898,6,2393,2,28800,1.002507313
386544,386550,388080,6,1530,2,7200,1.00392156863
386559,386565,388080,6,1515,2,7200,1.00396039604
386574,386580,388080,6,1500,2,7200,1.004
386638,386644,390109,6,3465,2,7200,1.00173160173
386658,386664,388080,6,1416,2,7200,1.00423728814
386709,386715,388080,6,1365,2,7200,1.0043956044
386772,386778,388080,6,1302,2,7200,1.00460829493
386789,386795,388080,6,1285,2,7200,1.0046692607
386804,386810,388080,6,1270,2,7200,1.00472440945
386819,386825,388080,6,1255,2,7200,1.00478087649
386846,386852,388080,6,1228,2,7200,1.00488599349
386863,386870,388080,7,1210,2,7200,1.00578512397
386993,386999,388080,6,1081,2,7200,1.00555041628
387019,387026,388080,7,1054,2,7200,1.00664136622
387070,387077,388080,7,1003,2,7200,1.00697906281
387073,387084,390577,11,3493,2,7200,1.00314915545
387118,387124,390514,6,3390,2,7200,1.0017699115
387157,387164,388080,7,916,2,7200,1.0076419214
387222,387228,387950,6,722,20,36000,1.00831024931
387238,387245,388080,7,835,2,7200,1.00838323353
387623,387629,388393,6,764,2,36000,1.00785340314
387971,387977,387984,6,7,20,36000,1.3
388117,388123,390652,6,2529,2,7200,1.00237247924
388118,388129,390652,11,2523,2,7200,1.00435988902
388119,388134,390652,15,2518,2,7200,1.00595710882
388121,388139,390652,18,2513,2,7200,1.00716275368
388122,388145,390652,23,2507,2,7200,1.00917431193
388123,388150,390652,27,2502,2,7200,1.01079136691
388125,388156,390652,31,2496,2,7200,1.01241987179
388126,388162,390652,36,2490,2,7200,1.01445783133
388127,388167,390652,40,2485,2,7200,1.01609657948
388128,388172,390652,44,2480,2,7200,1.01774193548
388130,388177,390652,47,2475,2,7200,1.01898989899
388131,388183,390652,52,2469,2,7200,1.02106115836
388133,388188,390652,55,2464,2,7200,1.02232142857
388134,388193,390652,59,2459,2,7200,1.02399349329
388135,388198,390652,63,2454,2,7200,1.02567237164
388137,388204,390652,67,2448,2,7200,1.02736928105
388138,388209,390652,71,2443,2,7200,1.02906262792
388139,388214,390652,75,2438,2,7200,1.03076292043
388141,388219,390652,78,2433,2,7200,1.03205918619
388142,388224,390652,82,2428,2,7200,1.03377265239
388143,388230,390652,87,2422,2,7200,1.03592072667
388161,388241,391404,80,3163,2,28800,1.02529244388
388173,388236,388726,63,490,20,36000,1.12857142857
388289,388417,392461,128,4044,8,28800,1.03165182987
388607,388614,389301,7,687,2,36000,1.01018922853
388852,388858,388935,6,77,20,36000,1.07792207792
388957,388963,389152,6,189,20,36000,1.03174603175
389159,389165,397010,6,7845,2,28800,1.00076481836
389197,389203,389504,6,301,20,36000,1.01993355482
389303,389309,389577,6,268,2,36000,1.0223880597
389395,389402,398080,7,8678,2,28800,1.00080663747
389472,389478,392832,6,3354,2,7200,1.00178890877
389550,389556,392573,6,3017,8,86400,1.00198873053
389582,389588,389786,6,198,20,36000,1.0303030303
389587,389594,411205,7,21611,2,36000,1.00032390912
389636,390218,402379,582,12161,8,21600,1.04785790642
389805,389811,389890,6,79,20,36000,1.07594936709
389830,389836,393279,6,3443,2,7200,1.00174266628
389851,390489,410342,638,19853,2,54000,1.03213620108
389872,390593,418132,721,27539,2,36000,1.02618105233
389907,390666,399896,759,9230,2,36000,1.08223185265
389936,390671,410975,735,20304,2,36000,1.03619976359
390013,390676,414144,663,23468,2,54000,1.02825123573
390113,390119,393579,6,3460,2,7200,1.00173410405
390207,390732,412601,525,21869,2,36000,1.02400658466
390519,390525,394197,6,3672,2,7200,1.00163398693
390580,390586,394094,6,3508,2,7200,1.00171037628
391253,391260,392022,7,762,20,36000,1.00918635171
391322,391328,397116,6,5788,32,7200,1.00103662751
391840,391846,393671,6,1825,1,1800,1.00328767123
392326,392332,392434,6,102,20,36000,1.05882352941
392594,392600,392608,6,8,20,36000,1.4
392760,392766,392857,6,91,20,36000,1.06593406593
392836,392843,396175,7,3332,2,7200,1.00210084034
393112,393118,393554,6,436,20,36000,1.01376146789
393175,393181,399950,6,6769,2,28800,1.00088639385
393284,393290,396806,6,3516,2,7200,1.00170648464
393426,393432,393604,6,172,1,3600,1.03488372093
393581,393588,397058,7,3470,2,7200,1.00201729107
393684,393690,393697,6,7,20,36000,1.3
393720,393726,401021,6,7295,2,28800,1.00082248115
393751,393757,393764,6,7,20,36000,1.3
393790,393796,394156,6,360,1,3600,1.01666666667
393844,393850,393967,6,117,20,36000,1.05128205128
394004,394010,394517,6,507,20,36000,1.01183431953
394096,394102,397702,6,3600,2,7200,1.00166666667
394199,394205,397589,6,3384,2,7200,1.00177304965
394520,394527,395376,7,849,1,3600,1.00824499411
394527,394533,404377,6,9844,8,43200,1.00060950833
394552,394558,404470,6,9912,8,43200,1.00060532688
394650,394656,403090,6,8434,8,43200,1.00071140621
394702,394708,412154,6,17446,8,28800,1.00034391838
394790,394796,395234,6,438,8,43200,1.01369863014
394826,394832,403965,6,9133,8,43200,1.00065695828
394832,394839,396237,7,1398,2,28800,1.00500715308
394844,394850,403067,6,8217,8,43200,1.0007301935
395018,395025,395092,7,67,20,36000,1.10447761194
395456,395462,395765,6,303,20,36000,1.0198019802
395543,395549,402912,6,7363,2,28800,1.00081488524
395922,395928,396751,6,823,20,36000,1.00729040097
396177,396184,399504,7,3320,2,7200,1.00210843373
396205,396211,398031,6,1820,1,1800,1.0032967033
396260,396266,396375,6,109,1,3600,1.05504587156
396542,396548,399952,6,3404,2,28800,1.0017626322
396562,396568,396900,6,332,1,3600,1.01807228916
396807,396814,400260,7,3446,2,7200,1.00203134068
396824,396830,397514,6,684,1,3600,1.00877192982
396996,397002,397006,6,4,20,36000,1.0
397023,397029,397463,6,434,20,36000,1.01382488479
397061,397067,400431,6,3364,2,7200,1.00178359096
397061,397072,400831,11,3759,2,28800,1.00292631019
397397,397403,398012,6,609,1,3600,1.00985221675
397591,397598,401368,7,3770,2,7200,1.00185676393
397703,397709,401209,6,3500,2,7200,1.00171428571
398228,398234,398694,6,460,20,36000,1.01304347826
398920,398926,402756,6,3830,2,28800,1.00156657963
399001,399007,400450,6,1443,8,86400,1.00415800416
399216,399222,399340,6,118,20,36000,1.05084745763
399272,399278,403277,6,3999,2,28800,1.00150037509
399386,399392,399508,6,116,20,36000,1.05172413793
399505,399511,402910,6,3399,2,7200,1.00176522507
399630,399636,399639,6,3,18,151200,1.0
399675,399681,399685,6,4,18,151200,1.0
399740,399746,436415,6,36669,1,115200,1.00016362595
399902,399908,400213,6,305,2,36000,1.01967213115
400217,400223,410722,6,10499,2,36000,1.000571483
400261,400267,403744,6,3477,2,7200,1.00172562554
400433,400439,404125,6,3686,2,7200,1.00162778079
400627,400633,400853,6,220,20,36000,1.02727272727
401067,401073,401451,6,378,1,3600,1.01587301587
401213,401219,404753,6,3534,2,7200,1.00169779287
401370,401376,404937,6,3561,2,7200,1.00168491997
401436,401443,413024,7,11581,2,36000,1.0006044383
401463,401469,401480,6,11,1,900,1.54545454545
401598,401604,401605,6,1,1,64800,1.0
401741,401747,401752,6,5,2,900,1.1
401780,401787,423282,7,21495,1,21600,1.00032565713
401782,401793,402169,11,376,20,36000,1.02925531915
401783,401799,413005,16,11206,1,21600,1.00142780653
402678,402685,402690,7,5,20,36000,1.2
402812,402818,403395,6,577,20,36000,1.01039861352
402914,402920,406581,6,3661,2,7200,1.00163889648
403175,403181,403654,6,473,2,900,1.01268498943
403198,403205,410453,7,7248,16,7200,1.00096578366
403246,403252,410487,6,7235,16,7200,1.000829302
403297,403303,410549,6,7246,16,7200,1.00082804306
403325,403332,403695,7,363,1,3600,1.01928374656
403641,403648,404229,7,581,20,36000,1.01204819277
403746,403753,407406,7,3653,2,7200,1.00191623323
404126,404132,407576,6,3444,2,7200,1.00174216028
404148,404154,409819,6,5665,8,86400,1.00105913504
404196,404202,406743,6,2541,8,43200,1.00236127509
404233,404239,410459,6,6220,8,43200,1.00096463023
404263,404269,409793,6,5524,32,7200,1.00108616944
404279,404285,407281,6,2996,8,21600,1.00200267023
404305,404312,407341,7,3029,8,43200,1.00231099373
404469,404476,406138,7,1662,20,36000,1.00421179302
404755,404761,408070,6,3309,2,7200,1.00181323663
404938,404944,408081,6,3137,2,7200,1.0019126554
405170,405176,405179,6,3,1,339000,1.0
405855,405861,416327,6,10466,1,22800,1.00057328492
406120,406127,406790,7,663,1,3600,1.01055806938
406261,406267,406328,6,61,20,36000,1.09836065574
406496,406502,407214,6,712,20,36000,1.00842696629
406584,406589,410294,5,3705,2,7200,1.00134952767
407408,407414,410772,6,3358,2,7200,1.00178677784
407427,407433,409401,6,1968,20,36000,1.00304878049
407522,407528,450733,6,43205,8,43200,1.00013887282
407577,407583,411051,6,3468,2,7200,1.00173010381
408071,408076,411617,5,3541,2,7200,1.0014120305
408086,408092,411613,6,3521,2,7200,1.00170406135
408206,408212,415538,6,7326,2,21600,1.00081900082
408473,408479,749367,6,340888,4,360000,1.00001760109
409208,409214,418926,6,9712,2,21600,1.00061779242
409879,409885,410771,6,886,2,21600,1.00677200903
410297,410303,413905,6,3602,2,7200,1.00166574125
410505,410511,411431,6,920,2,21600,1.00652173913
410587,410593,418364,6,7771,2,36000,1.0007721014
410733,410739,411478,6,739,2,54000,1.00811907984
410772,410778,414186,6,3408,2,7200,1.00176056338
411025,411031,411082,6,51,2,36000,1.11764705882
411051,411058,414635,7,3577,2,7200,1.00195694716
411092,411099,464210,7,53111,2,54000,1.00013179944
411215,411221,413626,6,2405,2,54000,1.00249480249
411484,411490,411674,6,184,2,54000,1.03260869565
411611,411617,415159,6,3542,2,7200,1.00169395822
411626,411632,415357,6,3725,2,7200,1.00161073826
411679,411686,411828,7,142,2,54000,1.04929577465
411827,411834,412307,7,473,2,54000,1.01479915433
412307,412313,464123,6,51810,2,54000,1.00011580776
412602,412608,412610,6,2,1,339000,1.0
412629,412635,413149,6,514,1,339000,1.01167315175
412648,412654,464332,6,51678,2,54000,1.00011610356
413052,413058,464283,6,51225,2,54000,1.00011713031
413074,413080,669151,6,256071,1,339000,1.000023431
413645,413652,464536,7,50884,2,54000,1.0001375678
413910,413916,417431,6,3515,2,7200,1.00170697013
413993,414000,464390,7,50390,2,54000,1.00013891645
414187,414193,417783,6,3590,2,7200,1.00167130919
414636,414642,418119,6,3477,2,7200,1.00172562554
415023,415030,415033,7,3,2,54000,1.0
415103,415109,415113,6,4,2,54000,1.0
415161,415167,418839,6,3672,2,7200,1.00163398693
415181,415187,418550,6,3363,2,54000,1.00178412132
415359,415365,418728,6,3363,2,7200,1.00178412132
416381,416387,416648,6,261,32,115200,1.02298850575
416621,416627,416785,6,158,20,36000,1.03797468354
416692,416796,417020,104,224,64,115200,1.46428571429
416890,416896,417067,6,171,6,36000,1.0350877193
417165,417171,417399,6,228,64,115200,1.02631578947
417360,417367,417524,7,157,1,36000,1.04458598726
417432,417438,420871,6,3433,2,7200,1.0017477425
417466,418311,418532,845,221,64,28800,4.82352941176
417621,417628,417717,7,89,6,36000,1.07865168539
417774,417780,418679,6,899,6,36000,1.00667408231
417785,417791,421206,6,3415,2,7200,1.00175695461
418121,418128,421621,7,3493,2,7200,1.00200400802
418266,418273,418550,7,277,2,54000,1.02527075812
418275,418281,425517,6,7236,16,7200,1.0008291874
418560,419444,423040,884,3596,64,7200,1.24582869855
418729,418735,422149,6,3414,2,7200,1.00175746924
418841,418847,422148,6,3301,2,7200,1.00181763102
419027,419033,419131,6,98,2,54000,1.0612244898
419031,419039,419043,8,4,6,36000,1.2
419131,419138,420440,7,1302,6,36000,1.00537634409
419190,419196,464451,6,45255,2,54000,1.00013258204
419638,419644,464474,6,44830,2,54000,1.00013383895
420872,420877,424387,5,3510,2,7200,1.00142450142
421057,421063,421528,6,465,6,36000,1.01290322581
421209,421215,425046,6,3831,2,7200,1.00156617071
421621,421627,425270,6,3643,2,7200,1.00164699424
422148,422154,425795,6,3641,2,7200,1.00164789893
422163,422169,425670,6,3501,2,7200,1.00171379606
422294,422300,422335,6,35,2,7200,1.17142857143
422295,422306,422342,11,36,2,7200,1.30555555556
422296,422311,422348,15,37,2,7200,1.40540540541
422298,422316,422354,18,38,2,7200,1.47368421053
422299,422322,422359,23,37,2,7200,1.62162162162
422300,422327,422364,27,37,2,7200,1.72972972973
422302,422333,422372,31,39,2,7200,1.79487179487
422303,422338,422375,35,37,2,7200,1.94594594595
422304,422343,422382,39,39,2,7200,2.0
422306,422349,422386,43,37,2,7200,2.16216216216
422610,422617,422652,7,35,2,7200,1.2
422612,422623,422658,11,35,2,7200,1.31428571429
422613,422628,422665,15,37,2,7200,1.40540540541
422614,422634,422669,20,35,2,7200,1.57142857143
422616,422639,422674,23,35,2,7200,1.65714285714
422617,422644,422680,27,36,2,7200,1.75
422618,422650,422686,32,36,2,7200,1.88888888889
422619,422655,422691,36,36,2,7200,2.0
422621,422661,422696,40,35,2,7200,2.14285714286
422622,422666,422701,44,35,2,7200,2.25714285714
422757,422763,425967,6,3204,2,7200,1.00187265918
422758,422769,425815,11,3046,2,7200,1.0036112935
422760,422774,425888,14,3114,2,7200,1.00449582531
422761,422779,426272,18,3493,2,7200,1.00515316347
422762,422785,425973,23,3188,2,7200,1.00721455458
422764,422790,423297,26,507,2,7200,1.05128205128
422765,422796,426026,31,3230,2,7200,1.00959752322
422766,422801,426348,35,3547,2,7200,1.00986749366
422768,422806,423319,38,513,2,7200,1.07407407407
422769,422812,426118,43,3306,2,7200,1.01300665457
423080,423086,423494,6,408,64,14400,1.01470588235
423299,423306,426415,7,3109,2,7200,1.00225152782
423320,423326,426646,6,3320,2,7200,1.00180722892
423545,423551,424073,6,522,2,7200,1.01149425287
423546,423557,426646,11,3089,2,7200,1.00356102298
423547,423562,423927,15,365,2,7200,1.04109589041
423549,423568,426646,19,3078,2,7200,1.00617283951
423550,423573,426646,23,3073,2,7200,1.00748454279
423551,423578,426646,27,3068,2,7200,1.00880052151
423553,423584,426646,31,3062,2,7200,1.01012410189
423554,423589,426635,35,3046,2,7200,1.01149047932
423555,423595,426646,40,3051,2,7200,1.01311045559
423557,423600,424006,43,406,2,7200,1.10591133005
423558,423605,426647,47,3042,2,7200,1.0154503616
423559,423610,426646,51,3036,2,7200,1.01679841897
423560,423616,423736,56,120,2,7200,1.46666666667
423562,423621,426646,59,3025,2,7200,1.01950413223
423563,423626,426346,63,2720,2,7200,1.02316176471
423564,423631,426646,67,3015,2,7200,1.02222222222
423566,423637,424149,71,512,2,7200,1.138671875
423567,423642,426646,75,3004,2,7200,1.02496671105
423568,423647,426646,79,2999,2,7200,1.02634211404
423570,423652,426646,82,2994,2,7200,1.02738810955
423571,423658,426646,87,2988,2,7200,1.02911646586
423572,423663,424179,91,516,2,7200,1.17635658915
423574,423668,426646,94,2978,2,7200,1.0315648086
423575,423673,425030,98,1357,2,7200,1.07221812822
423576,423679,426646,103,2967,2,7200,1.03471520054
423741,423747,426646,6,2899,2,7200,1.0020696792
423934,423940,426646,6,2706,2,7200,1.0022172949
424009,424015,426646,6,2631,2,7200,1.00228050171
424076,424082,426646,6,2564,2,7200,1.0023400936
424149,424155,426646,6,2491,2,7200,1.00240867122
424184,424190,426646,6,2456,2,7200,1.00244299674
424391,424397,428179,6,3782,2,7200,1.00158646219
425033,425040,426646,7,1606,2,7200,1.00435865504
425048,425054,428483,6,3429,2,7200,1.00174978128
425274,425280,428812,6,3532,2,7200,1.00169875425
425673,425679,429227,6,3548,2,7200,1.00169109357
425796,425802,429574,6,3772,2,7200,1.00159066808
425815,425821,425924,6,103,2,7200,1.05825242718
425891,425897,426646,6,749,2,7200,1.00801068091
425925,425931,426646,6,715,2,7200,1.00839160839
425970,425976,426506,6,530,2,7200,1.01132075472
425985,425991,426646,6,655,2,7200,1.00916030534
426028,426034,426646,6,612,2,7200,1.00980392157
426119,426125,426443,6,318,2,7200,1.01886792453
426276,426282,426646,6,364,2,7200,1.01648351648
426348,426354,426646,6,292,2,7200,1.02054794521
426349,426360,426646,11,286,2,7200,1.03846153846
426416,426422,426646,6,224,2,7200,1.02678571429
426444,426450,426646,6,196,2,7200,1.0306122449
426508,426514,426646,6,132,2,7200,1.04545454545
426669,426675,429899,6,3224,2,7200,1.00186104218
426670,426681,429916,11,3235,2,7200,1.00340030912
426671,426686,430130,15,3444,2,7200,1.0043554007
426673,426691,429926,18,3235,2,7200,1.00556414219
426674,426697,429624,23,2927,2,7200,1.00785787496
426675,426702,429649,27,2947,2,7200,1.00916185952
426677,426708,430092,31,3384,2,7200,1.0091607565
426678,426713,430133,35,3420,2,7200,1.01023391813
426679,426718,429477,39,2759,2,7200,1.01413555636
426681,426723,430228,42,3505,2,7200,1.0119828816
426682,426729,429610,47,2881,2,7200,1.01631377994
426683,426734,429343,51,2609,2,7200,1.01954771943
426685,426739,429978,54,3239,2,7200,1.01667181229
426686,426744,429301,58,2557,2,7200,1.02268283144
426687,426750,430089,63,3339,2,7200,1.01886792453
426689,426755,429763,66,3008,2,7200,1.02194148936
426690,426760,430083,70,3323,2,7200,1.02106530244
426691,426765,427282,74,517,2,7200,1.14313346228
426693,426771,429945,78,3174,2,7200,1.02457466919
426694,426776,429908,82,3132,2,7200,1.02618135377
426695,426781,430125,86,3344,2,7200,1.02571770335
426697,426786,429411,89,2625,2,7200,1.0339047619
426698,426792,429894,94,3102,2,7200,1.0303030303
426699,426797,429484,98,2687,2,7200,1.03647190175
426701,426802,429428,101,2626,2,7200,1.03846153846
426702,426807,430050,105,3243,2,7200,1.03237742831
426703,426813,430061,110,3248,2,7200,1.03386699507
426705,426818,430403,113,3585,2,7200,1.03152022315
426706,426823,429912,117,3089,2,7200,1.03787633538
426707,426829,430165,122,3336,2,7200,1.03657074341
426709,426834,430249,125,3415,2,7200,1.03660322108
426710,426839,428139,129,1300,2,7200,1.09923076923
426711,426844,430189,133,3345,2,7200,1.03976083707
426713,426850,430163,137,3313,2,7200,1.04135224872
426714,426855,429532,141,2677,2,7200,1.05267090026
426811,426861,759362,50,332501,9,360000,1.00015037549
427283,427289,427807,6,518,2,7200,1.01158301158
427811,427818,431213,7,3395,2,7200,1.00206185567
428144,428150,431363,6,3213,2,7200,1.00186741363
428181,428187,431496,6,3309,2,7200,1.00181323663
428487,428493,432039,6,3546,2,7200,1.00169204738
428644,428650,428697,6,47,1,900,1.12765957447
428814,428821,432159,7,3338,2,7200,1.00209706411
428850,428856,429326,6,470,2,900,1.01276595745
429232,429238,432661,6,3423,2,7200,1.00175284838
429304,429310,432559,6,3249,2,7200,1.00184672207
429346,429352,432325,6,2973,2,7200,1.00201816347
429412,429418,432218,6,2800,2,7200,1.00214285714
429429,429435,432502,6,3067,2,7200,1.0019563091
429477,429483,432804,6,3321,2,7200,1.00180668473
429492,429498,432811,6,3313,2,7200,1.00181104739
429533,429540,432865,7,3325,2,7200,1.00210526316
429576,429582,432946,6,3364,2,7200,1.00178359096
429608,429614,430464,6,850,2,7200,1.00705882353
429626,429632,429702,6,70,2,7200,1.08571428571
429649,429656,432707,7,3051,2,7200,1.00229432973
429703,429710,433092,7,3382,2,7200,1.00206978119
429763,429769,433027,6,3258,2,7200,1.00184162063
429896,429903,432883,7,2980,2,7200,1.00234899329
429911,429917,433316,6,3399,2,7200,1.00176522507
429912,429923,432938,11,3015,2,7200,1.00364842454
429914,429929,433050,15,3121,2,7200,1.00480615187
429928,429935,433272,7,3337,2,7200,1.00209769254
429930,429941,430048,11,107,2,7200,1.10280373832
429947,429954,432946,7,2992,2,7200,1.00233957219
429977,429983,431240,6,1257,2,7200,1.00477326969
430049,430055,433271,6,3216,2,7200,1.00186567164
430064,430070,432937,6,2867,2,7200,1.00209277991
430065,430076,433629,11,3553,2,7200,1.00309597523
430086,430092,432431,6,2339,2,7200,1.0025651988
430100,430106,433007,6,2901,2,7200,1.00206825233
430102,430112,433392,10,3280,2,7200,1.00304878049
430125,430132,433202,7,3070,2,7200,1.00228013029
430140,430146,433383,6,3237,2,7200,1.00185356812
430141,430152,433508,11,3356,2,7200,1.00327771156
430165,430171,433344,6,3173,2,7200,1.00189095493
430166,430177,433516,11,3339,2,7200,1.00329439952
430190,430196,433467,6,3271,2,7200,1.00183430144
430229,430235,430392,6,157,2,7200,1.03821656051
430250,430256,433550,6,3294,2,7200,1.00182149362
430394,430401,433790,7,3389,2,7200,1.00206550605
430409,430415,433684,6,3269,2,7200,1.00183542368
430463,430469,433696,6,3227,2,7200,1.00185931205
431220,431226,434182,6,2956,2,7200,1.00202976996
431240,431246,434447,6,3201,2,7200,1.00187441425
431364,431370,434727,6,3357,2,7200,1.0017873101
431501,431507,435126,6,3619,2,7200,1.00165791655
432008,432014,557027,6,125013,1,339000,1.00004799501
432045,432050,435678,5,3628,2,7200,1.00137816979
432159,432165,435516,6,3351,2,7200,1.0017905103
432219,432225,435401,6,3176,2,7200,1.00188916877
432327,432333,432653,6,320,2,7200,1.01875
432434,432440,435841,6,3401,2,7200,1.001764187
432504,432510,435850,6,3340,2,7200,1.00179640719
432562,432568,432651,6,83,2,7200,1.07228915663
432654,432660,435744,6,3084,2,7200,1.00194552529
432655,432666,436155,11,3489,2,7200,1.00315276584
432659,432672,439884,13,7212,16,7200,1.0018025513
432663,432678,436159,15,3481,2,7200,1.00430910658
432698,432704,433305,6,601,2,900,1.00998336106
432710,432717,435696,7,2979,2,7200,1.00234978181
432808,432814,436333,6,3519,2,7200,1.00170502984
432823,432829,433076,6,247,2,7200,1.02429149798
432867,432873,433378,6,505,2,7200,1.01188118812
432882,432888,436169,6,3281,2,7200,1.00182871076
432941,432947,436413,6,3466,2,7200,1.00173110214
432942,432953,433444,11,491,2,7200,1.02240325866
432950,432959,436417,9,3458,2,7200,1.0026026605
432958,432965,436595,7,3630,2,7200,1.00192837466
433010,433016,436385,6,3369,2,7200,1.0017809439
433028,433034,436317,6,3283,2,7200,1.00182759671
433050,433056,436287,6,3231,2,7200,1.00185701021
433078,433084,433602,6,518,2,7200,1.01158301158
433093,433099,436171,6,3072,2,7200,1.001953125
433206,433212,436480,6,3268,2,7200,1.00183598531
433273,433279,436286,6,3007,2,7200,1.0019953442
433289,433295,436367,6,3072,2,7200,1.001953125
433319,433325,436702,6,3377,2,7200,1.0017767249
433347,433353,436401,6,3048,2,7200,1.00196850394
433380,433387,433418,7,31,2,7200,1.22580645161
433396,433402,436652,6,3250,2,7200,1.00184615385
433397,433408,436771,11,3363,2,7200,1.00327088909
433422,433428,436534,6,3106,2,7200,1.00193174501
433447,433453,434880,6,1427,2,7200,1.00420462509
433468,433474,436293,6,2819,2,7200,1.00212841433
433511,433517,436592,6,3075,2,7200,1.00195121951
433526,433533,434046,7,513,2,7200,1.01364522417
433551,433557,437029,6,3472,2,7200,1.0017281106
433606,433612,436891,6,3279,2,7200,1.00182982617
433630,433636,437261,6,3625,2,7200,1.00165517241
433686,433692,436786,6,3094,2,7200,1.00193923723
433701,433707,436352,6,2645,2,7200,1.002268431
433792,433799,436887,7,3088,2,7200,1.00226683938
434050,434056,437229,6,3173,2,7200,1.00189095493
434183,434189,434410,6,221,2,7200,1.02714932127
434412,434418,436850,6,2432,2,7200,1.00246710526
434448,434454,437914,6,3460,2,7200,1.00173410405
434727,434733,437899,6,3166,2,7200,1.00189513582
434880,434886,438406,6,3520,2,7200,1.00170454545
435127,435133,438600,6,3467,2,7200,1.00173060283
435400,435406,437835,6,2429,2,7200,1.00247015233
435518,435524,438875,6,3351,2,7200,1.0017905103
435678,435684,439384,6,3700,2,7200,1.00162162162
435697,435703,438759,6,3056,2,7200,1.00196335079
435739,435745,439290,6,3545,2,7200,1.00169252468
435841,435847,436362,6,515,2,7200,1.01165048544
435855,435861,439015,6,3154,2,7200,1.00190234623
436156,436162,439196,6,3034,2,7200,1.00197758734
436162,436168,439537,6,3369,2,7200,1.0017809439
436170,436177,439303,7,3126,2,7200,1.00223928343
436185,436191,439471,6,3280,2,7200,1.00182926829
436287,436293,439549,6,3256,2,7200,1.00184275184
436288,436299,439661,11,3362,2,7200,1.00327186199
436303,436309,439287,6,2978,2,7200,1.00201477502
436318,436324,439474,6,3150,2,7200,1.0019047619
436335,436341,439781,6,3440,2,7200,1.00174418605
436353,436359,439820,6,3461,2,7200,1.001733603
436368,436373,439078,5,2705,2,7200,1.00184842884
436369,436379,439702,10,3323,2,7200,1.00300932892
436387,436393,439446,6,3053,2,7200,1.00196528005
436401,436407,439753,6,3346,2,7200,1.00179318589
436416,436422,440092,6,3670,2,7200,1.00163487738
436418,436428,439819,10,3391,2,7200,1.0029489826
436482,436488,439275,6,2787,2,7200,1.00215285253
436535,436541,439922,6,3381,2,7200,1.00177462289
436592,436598,440025,6,3427,2,7200,1.00175080245
436607,436613,440429,6,3816,2,7200,1.00157232704
436655,436661,437167,6,506,2,7200,1.01185770751
436703,436709,437221,6,512,2,7200,1.01171875
436771,436778,439851,7,3073,2,7200,1.00227790433
436786,436792,440068,6,3276,2,7200,1.00183150183
436852,436858,437181,6,323,2,7200,1.01857585139
436887,436894,440128,7,3234,2,7200,1.00216450216
436902,436908,439496,6,2588,2,7200,1.00231839258
437031,437037,440374,6,3337,2,7200,1.00179802218
437171,437177,440374,6,3197,2,7200,1.00187675946
437185,437191,440031,6,2840,2,7200,1.00211267606
437221,437227,440698,6,3471,2,7200,1.00172860847
437236,437241,440656,5,3415,2,7200,1.00146412884
437262,437268,439372,6,2104,2,7200,1.00285171103
437837,437843,441271,6,3428,2,7200,1.00175029172
437900,437906,439040,6,1134,2,7200,1.00529100529
437917,437923,439095,6,1172,2,7200,1.00511945392
438407,438413,441564,6,3151,2,7200,1.00190415741
438604,438610,441963,6,3353,2,7200,1.00178944229
438762,438768,442024,6,3256,2,7200,1.00184275184
438877,438884,442435,7,3551,2,7200,1.0019712757
439017,439024,442673,7,3649,2,7200,1.00191833379
439041,439047,442385,6,3338,2,7200,1.00179748352
439080,439086,442524,6,3438,2,7200,1.0017452007
439098,439104,439620,6,516,2,7200,1.01162790698
439196,439202,442027,6,2825,2,7200,1.00212389381
439277,439283,442841,6,3558,2,7200,1.00168634064
439292,439298,442607,6,3309,2,7200,1.00181323663
439293,439304,442509,11,3205,2,7200,1.00343213729
439308,439314,442419,6,3105,2,7200,1.00193236715
439374,439379,442490,5,3111,2,7200,1.00160720026
439386,439392,442995,6,3603,2,7200,1.00166527893
439449,439455,442560,6,3105,2,7200,1.00193236715
439472,439479,439988,7,509,2,7200,1.0137524558
439487,439493,442923,6,3430,2,7200,1.00174927114
439502,439507,440663,5,1156,2,7200,1.00432525952
439539,439546,443062,7,3516,2,7200,1.00199089875
439550,439556,441254,6,1698,2,7200,1.0035335689
439621,439628,442810,7,3182,2,7200,1.00219987429
439663,439669,440153,6,484,2,7200,1.01239669421
439702,439708,440674,6,966,2,7200,1.00621118012
439753,439759,443239,6,3480,2,7200,1.00172413793
439782,439788,441585,6,1797,2,7200,1.00333889816
439819,439826,443348,7,3522,2,7200,1.0019875071
439821,439832,443231,11,3399,2,7200,1.00323624595
439851,439857,443315,6,3458,2,7200,1.001735107
439923,439929,442991,6,3062,2,7200,1.00195950359
439988,439995,443329,7,3334,2,7200,1.00209958008
440027,440033,443340,6,3307,2,7200,1.00181433323
440042,440048,442121,6,2073,2,7200,1.00289435601
440068,440075,442718,7,2643,2,7200,1.00264850549
440092,440098,443602,6,3504,2,7200,1.00171232877
440128,440134,443586,6,3452,2,7200,1.00173812283
440131,440140,447345,9,7205,16,7200,1.00124913255
440155,440161,443574,6,3413,2,7200,1.00175798418
440374,440380,444228,6,3848,2,7200,1.00155925156
440375,440386,443812,11,3426,2,7200,1.00321074139
440429,440435,443603,6,3168,2,7200,1.00189393939
440657,440664,443801,7,3137,2,7200,1.0022314313
440672,440678,443995,6,3317,2,7200,1.00180886343
440687,440693,444033,6,3340,2,7200,1.00179640719
440701,440708,444057,7,3349,2,7200,1.00209017617
440936,440942,441093,6,151,1,3600,1.03973509934
441168,441175,441177,7,2,2,3540,1.0
441255,441261,444307,6,3046,2,7200,1.00196979645
441270,441276,444365,6,3089,2,7200,1.00194237617
441273,441282,441631,9,349,1,3600,1.02578796562
441564,441570,441661,6,91,2,7200,1.06593406593
441585,441591,445086,6,3495,2,7200,1.0017167382
441663,441669,444974,6,3305,2,7200,1.00181543116
441965,441971,445458,6,3487,2,7200,1.0017206768
441992,441999,442743,7,744,1,3600,1.00940860215
442026,442032,445139,6,3107,2,7200,1.00193112327
442041,442047,445122,6,3075,2,7200,1.00195121951
442122,442128,445671,6,3543,2,7200,1.0016934801
442386,442392,445550,6,3158,2,7200,1.00189993667
442422,442428,445582,6,3154,2,7200,1.00190234623
442438,442444,445950,6,3506,2,7200,1.00171135197
442490,442497,445403,7,2906,2,7200,1.00240880936
442508,442514,446050,6,3536,2,7200,1.00169683258
442523,442529,445430,6,2901,2,7200,1.00206825233
442561,442568,445845,7,3277,2,7200,1.00213610009
442609,442615,445869,6,3254,2,7200,1.00184388445
442675,442681,446036,6,3355,2,7200,1.00178837556
442720,442726,446071,6,3345,2,7200,1.00179372197
442810,442816,446209,6,3393,2,7200,1.0017683466
442843,442849,446318,6,3469,2,7200,1.00172960507
442923,442930,446257,7,3327,2,7200,1.0021039976
442992,442999,446238,7,3239,2,7200,1.00216116085
442998,443005,446527,7,3522,2,7200,1.0019875071
443064,443070,446374,6,3304,2,7200,1.00181598063
443233,443239,446186,6,2947,2,7200,1.00203596878
443247,443253,445517,6,2264,2,7200,1.00265017668
443316,443322,446449,6,3127,2,7200,1.00191877199
443331,443337,446201,6,2864,2,7200,1.00209497207
443345,443351,446615,6,3264,2,7200,1.00183823529
443350,443357,446710,7,3353,2,7200,1.00208768267
443574,443580,446464,6,2884,2,7200,1.00208044383
443584,443590,443701,6,111,1,3600,1.05405405405
443588,443596,447199,8,3603,2,7200,1.00222037191
443603,443609,445087,6,1478,2,7200,1.00405953992
443604,443615,446902,11,3287,2,7200,1.00334651658
443803,443809,447337,6,3528,2,7200,1.00170068027
443817,443823,447150,6,3327,2,7200,1.00180342651
443884,443890,444208,6,318,1,3600,1.01886792453
443994,444001,444721,7,720,2,7200,1.00972222222
444033,444039,446799,6,2760,2,7200,1.00217391304
444057,444063,447527,6,3464,2,7200,1.00173210162
444228,444234,446822,6,2588,2,7200,1.00231839258
444308,444315,446185,7,1870,2,7200,1.00374331551
444365,444371,447545,6,3174,2,7200,1.00189035917
444698,444704,445319,6,615,1,3600,1.00975609756
444723,444729,447376,6,2647,2,7200,1.00226671704
444896,444903,445070,7,167,1,3600,1.04191616766
444975,444981,446934,6,1953,2,7200,1.00307219662
445086,445092,448094,6,3002,2,7200,1.00199866755
445101,445107,448540,6,3433,2,7200,1.0017477425
445124,445130,448516,6,3386,2,7200,1.00177200236
445139,445145,448258,6,3113,2,7200,1.00192740122
445245,445251,445609,6,358,1,3600,1.01675977654
445403,445409,448861,6,3452,2,7200,1.00173812283
445430,445436,448765,6,3329,2,7200,1.00180234305
445459,445465,448902,6,3437,2,7200,1.00174570847
445517,445523,448903,6,3380,2,7200,1.00177514793
445552,445559,447888,7,2329,2,7200,1.00300558179
445582,445588,448754,6,3166,2,7200,1.00189513582
445672,445678,448709,6,3031,2,7200,1.0019795447
445846,445853,449365,7,3512,2,7200,1.00199316629
445870,445876,449489,6,3613,2,7200,1.0016606698
445953,445959,449383,6,3424,2,7200,1.00175233645
446001,446007,446842,6,835,1,3600,1.00718562874
446038,446044,449487,6,3443,2,7200,1.00174266628
446053,446059,448986,6,2927,2,7200,1.00204988042
446070,446077,449502,7,3425,2,7200,1.00204379562
446187,446194,449195,7,3001,2,7200,1.00233255581
446189,446200,449456,11,3256,2,7200,1.00337837838
446203,446210,449453,7,3243,2,7200,1.00215849522
446218,446224,449681,6,3457,2,7200,1.00173560891
446239,446245,449490,6,3245,2,7200,1.00184899846
446256,446263,449990,7,3727,2,7200,1.00187818621
446319,446325,447070,6,745,2,7200,1.00805369128
446377,446383,449810,6,3427,2,7200,1.00175080245
446451,446458,449985,7,3527,2,7200,1.00198468954
446466,446472,449405,6,2933,2,7200,1.00204568701
446528,446534,449882,6,3348,2,7200,1.0017921147
446616,446622,450023,6,3401,2,7200,1.001764187
446711,446718,450269,7,3551,2,7200,1.0019712757
446799,446806,450348,7,3542,2,7200,1.00197628458
446823,446829,449745,6,2916,2,7200,1.00205761317
446904,446910,450238,6,3328,2,7200,1.00180288462
446937,446943,450193,6,3250,2,7200,1.00184615385
447072,447078,450407,6,3329,2,7200,1.00180234305
447150,447156,450109,6,2953,2,7200,1.00203183204
447200,447207,450281,7,3074,2,7200,1.00227716331
447339,447345,447888,6,543,2,7200,1.01104972376
447378,447384,450735,6,3351,2,7200,1.0017905103
447528,447534,450445,6,2911,2,7200,1.00206114737
447545,447551,450731,6,3180,2,7200,1.00188679245
447888,447894,450969,6,3075,2,7200,1.00195121951
447889,447900,451066,11,3166,2,7200,1.00347441567
448094,448100,451172,6,3072,2,7200,1.001953125
448138,448144,448253,6,109,1,3600,1.05504587156
448177,448183,448301,6,118,1,1800,1.05084745763
448259,448265,451635,6,3370,2,7200,1.00178041543
448438,448444,448765,6,321,1,3600,1.01869158879
448517,448524,451706,7,3182,2,7200,1.00219987429
448541,448547,451758,6,3211,2,7200,1.00186857677
448611,448618,448729,7,111,1,1800,1.06306306306
448709,448715,451807,6,3092,2,7200,1.00194049159
448754,448760,451557,6,2797,2,7200,1.00214515552
448769,448775,450392,6,1617,2,7200,1.00371057514
448862,448868,451523,6,2655,2,7200,1.00225988701
448902,448909,452463,7,3554,2,7200,1.00196961171
448903,448914,451571,11,2657,2,7200,1.00414000753
448987,448994,451973,7,2979,2,7200,1.00234978181
449198,449204,452161,6,2957,2,7200,1.00202908353
449259,449265,449869,6,604,1,3600,1.00993377483
449366,449372,452937,6,3565,2,7200,1.00168302945
449384,449390,453379,6,3989,2,7200,1.00150413638
449389,449396,449984,7,588,1,1800,1.0119047619
449408,449414,452990,6,3576,2,7200,1.00167785235
449455,449462,452615,7,3153,2,7200,1.00222010783
449470,449476,452995,6,3519,2,7200,1.00170502984
449488,449494,452744,6,3250,2,7200,1.00184615385
449502,449509,452745,7,3236,2,7200,1.0021631644
449504,449515,453060,11,3545,2,7200,1.00310296192
449505,449521,452166,16,2645,2,7200,1.00604914934
449682,449688,453142,6,3454,2,7200,1.00173711639
449745,449751,453143,6,3392,2,7200,1.00176886792
449812,449818,453271,6,3453,2,7200,1.00173761946
449884,449890,453241,6,3351,2,7200,1.0017905103
449985,449991,452604,6,2613,2,7200,1.00229621125
450000,450006,453446,6,3440,2,7200,1.00174418605
450024,450030,453003,6,2973,2,7200,1.00201816347
450110,450117,453722,7,3605,2,7200,1.00194174757
450194,450200,453524,6,3324,2,7200,1.00180505415
450239,450245,453653,6,3408,2,7200,1.00176056338
450269,450275,453646,6,3371,2,7200,1.00177988727
450281,450287,450815,6,528,2,7200,1.01136363636
450346,450353,453464,7,3111,2,7200,1.00225008036
450394,450400,452249,6,1849,2,7200,1.0032449973
450409,450415,453481,6,3066,2,7200,1.00195694716
450447,450454,453899,7,3445,2,7200,1.00203193033
450733,450739,453846,6,3107,2,7200,1.00193112327
450748,450754,453510,6,2756,2,7200,1.00217706821
450816,450822,453618,6,2796,2,7200,1.00214592275
450970,450976,454275,6,3299,2,7200,1.00181873295
451068,451075,454073,7,2998,2,7200,1.00233488993
451173,451179,454742,6,3563,2,7200,1.00168397418
451235,451241,451290,6,49,1,1800,1.12244897959
451525,451531,455004,6,3473,2,7200,1.00172761301
451557,451564,454189,7,2625,2,7200,1.00266666667
451572,451578,454702,6,3124,2,7200,1.0019206146
451608,451615,451693,7,78,1,1800,1.08974358974
451635,451641,455063,6,3422,2,7200,1.00175336061
451707,451713,454917,6,3204,2,7200,1.00187265918
451760,451767,454851,7,3084,2,7200,1.00226977951
451808,451814,453243,6,1429,2,7200,1.00419874038
451973,451979,455259,6,3280,2,7200,1.00182926829
452162,452168,455701,6,3533,2,7200,1.00169827342
452177,452183,455300,6,3117,2,7200,1.00192492782
452249,452255,455157,6,2902,2,7200,1.00206753963
452286,452292,452407,6,115,1,1800,1.05217391304
452465,452471,455929,6,3458,2,7200,1.001735107
452606,452612,455518,6,2906,2,7200,1.00206469374
452621,452627,454160,6,1533,2,7200,1.00391389432
452686,452692,452981,6,289,1,1800,1.02076124567
452726,452732,452844,6,112,1,1800,1.05357142857
452747,452753,455101,6,2348,2,7200,1.00255536627
452748,452759,455708,11,2949,2,7200,1.00373007799
452937,452944,456196,7,3252,2,7200,1.00215252153
452988,452994,455773,6,2779,2,7200,1.00215905002
453003,453009,454182,6,1173,2,7200,1.00511508951
453005,453015,455967,10,2952,2,7200,1.00338753388
453061,453067,456432,6,3365,2,7200,1.00178306092
453142,453148,456449,6,3301,2,7200,1.00181763102
453143,453154,456338,11,3184,2,7200,1.00345477387
453244,453250,456719,6,3469,2,7200,1.00172960507
453245,453256,456554,11,3298,2,7200,1.00333535476
453271,453277,456708,6,3431,2,7200,1.00174876129
453380,453386,456879,6,3493,2,7200,1.00171772116
453447,453452,456392,5,2940,2,7200,1.00170068027
453465,453471,456925,6,3454,2,7200,1.00173711639
453482,453488,457051,6,3563,2,7200,1.00168397418
453512,453518,456940,6,3422,2,7200,1.00175336061
453527,453533,456772,6,3239,2,7200,1.00185242359
453562,453569,454153,7,584,1,1800,1.01198630137
453620,453626,456672,6,3046,2,7200,1.00196979645
453647,453654,457038,7,3384,2,7200,1.00206855792
453655,453661,457128,6,3467,2,7200,1.00173060283
453724,453730,454258,6,528,2,7200,1.01136363636
453847,453853,454371,6,518,2,7200,1.01158301158
453901,453907,454059,6,152,2,7200,1.03947368421
454060,454066,454577,6,511,2,7200,1.01174168297
454075,454081,457415,6,3334,2,7200,1.00179964007
454161,454168,457618,7,3450,2,7200,1.00202898551
454182,454188,457086,6,2898,2,7200,1.00207039337
454197,454203,457121,6,2918,2,7200,1.00205620288
454259,454265,457481,6,3216,2,7200,1.00186567164
454277,454283,457893,6,3610,2,7200,1.00166204986
454373,454379,457369,6,2990,2,7200,1.00200668896
454577,454583,457695,6,3112,2,7200,1.00192802057
454703,454709,457866,6,3157,2,7200,1.00190053849
454745,454751,458073,6,3322,2,7200,1.00180614088
454850,454856,458327,6,3471,2,7200,1.00172860847
454919,454925,458131,6,3206,2,7200,1.00187149095
455006,455012,458259,6,3247,2,7200,1.00184785956
455065,455072,458402,7,3330,2,7200,1.0021021021
455101,455107,457791,6,2684,2,7200,1.00223546945
455158,455164,458558,6,3394,2,7200,1.00176782557
455260,455266,458423,6,3157,2,7200,1.00190053849
455302,455308,458698,6,3390,2,7200,1.0017699115
455518,455524,458792,6,3268,2,7200,1.00183598531
455702,455708,458728,6,3020,2,7200,1.00198675497
455716,455722,458818,6,3096,2,7200,1.0019379845
455773,455780,457409,7,1629,2,7200,1.00429711479
455933,455939,459493,6,3554,2,7200,1.0016882386
455965,455971,459453,6,3482,2,7200,1.00172314762
456094,456100,456154,6,54,1,1800,1.11111111111
456196,456202,459616,6,3414,2,7200,1.00175746924
456340,456346,459015,6,2669,2,7200,1.00224803297
456394,456400,459153,6,2753,2,7200,1.00217944061
456433,456439,459716,6,3277,2,7200,1.00183094294
456451,456457,456970,6,513,2,7200,1.01169590643
456496,456503,456583,7,80,1,1800,1.0875
456555,456562,459739,7,3177,2,7200,1.00220333648
456672,456679,459815,7,3136,2,7200,1.00223214286
456710,456716,460080,6,3364,2,7200,1.00178359096
456724,456730,460276,6,3546,2,7200,1.00169204738
456771,456777,457164,6,387,2,7200,1.01550387597
456881,456887,460381,6,3494,2,7200,1.00171722954
456925,456931,460264,6,3333,2,7200,1.00180018002
456942,456948,459802,6,2854,2,7200,1.00210231254
456972,456978,460320,6,3342,2,7200,1.00179533214
457040,457047,460727,7,3680,2,7200,1.00190217391
457050,457056,460369,6,3313,2,7200,1.00181104739
457086,457092,460538,6,3446,2,7200,1.00174114916
457122,457128,460805,6,3677,2,7200,1.00163176503
457136,457142,459928,6,2786,2,7200,1.00215362527
457166,457172,459451,6,2279,2,7200,1.00263273366
457370,457377,460507,7,3130,2,7200,1.00223642173
457412,457418,460566,6,3148,2,7200,1.00190597205
457427,457433,460830,6,3397,2,7200,1.00176626435
457484,457490,460934,6,3444,2,7200,1.00174216028
457594,457600,457896,6,296,1,1800,1.02027027027
457619,457625,460612,6,2987,2,7200,1.00200870439
457697,457703,460792,6,3089,2,7200,1.00194237617
457793,457799,461260,6,3461,2,7200,1.001733603
457867,457873,460983,6,3110,2,7200,1.00192926045
457894,457900,460547,6,2647,2,7200,1.00226671704
458074,458080,461421,6,3341,2,7200,1.0017958695
458134,458140,461424,6,3284,2,7200,1.00182704019
458260,458266,461880,6,3614,2,7200,1.00166021029
458323,458329,458833,6,504,2,7200,1.0119047619
458404,458410,461629,6,3219,2,7200,1.0018639329
458424,458431,461576,7,3145,2,7200,1.00222575517
458559,458566,461951,7,3385,2,7200,1.00206794682
458700,458707,462003,7,3296,2,7200,1.00212378641
458727,458733,461951,6,3218,2,7200,1.00186451212
458793,458799,461961,6,3162,2,7200,1.00189753321
458820,458826,462442,6,3616,2,7200,1.00165929204
458834,458840,462372,6,3532,2,7200,1.00169875425
459018,459024,461866,6,2842,2,7200,1.0021111893
459152,459159,462025,7,2866,2,7200,1.00244242847
459450,459457,462780,7,3323,2,7200,1.00210653024
459465,459471,459997,6,526,2,7200,1.01140684411
459493,459499,462866,6,3367,2,7200,1.00178200178
459618,459624,463005,6,3381,2,7200,1.00177462289
459717,459723,462768,6,3045,2,7200,1.00197044335
459741,459747,462937,6,3190,2,7200,1.00188087774
459803,459810,461028,7,1218,2,7200,1.00574712644
459818,459824,463373,6,3549,2,7200,1.00169061708
459929,459935,463118,6,3183,2,7200,1.00188501414
459998,460004,463344,6,3340,2,7200,1.00179640719
460081,460087,463769,6,3682,2,7200,1.00162954916
460266,460272,463544,6,3272,2,7200,1.00183374083
460276,460282,463555,6,3273,2,7200,1.00183318057
460323,460329,463557,6,3228,2,7200,1.00185873606
460367,460374,463256,7,2882,2,7200,1.00242886884
460381,460388,463766,7,3378,2,7200,1.00207223209
460508,460515,463652,7,3137,2,7200,1.0022314313
460538,460544,463754,6,3210,2,7200,1.00186915888
460553,460559,464067,6,3508,2,7200,1.00171037628
460567,460573,463525,6,2952,2,7200,1.00203252033
460612,460618,463368,6,2750,2,7200,1.00218181818
460727,460734,464200,7,3466,2,7200,1.00201961916
460792,460798,463984,6,3186,2,7200,1.00188323917
460807,460813,464392,6,3579,2,7200,1.00167644593
460831,460837,464139,6,3302,2,7200,1.00181708056
460933,460939,464019,6,3080,2,7200,1.00194805195
460984,460990,464277,6,3287,2,7200,1.00182537268
461029,461035,463792,6,2757,2,7200,1.00217627856
461260,461267,464136,7,2869,2,7200,1.00243987452
461423,461429,465114,6,3685,2,7200,1.00162822252
461437,461443,464673,6,3230,2,7200,1.00185758514
461575,461582,464949,7,3367,2,7200,1.00207900208
461629,461635,464273,6,2638,2,7200,1.00227445034
461867,461873,463145,6,1272,2,7200,1.00471698113
461881,461887,465007,6,3120,2,7200,1.00192307692
461953,461959,464798,6,2839,2,7200,1.00211342022
461955,461965,465158,10,3193,2,7200,1.00313185092
461969,461975,462311,6,336,2,7200,1.01785714286
462005,462012,465337,7,3325,2,7200,1.00210526316
462026,462032,465593,6,3561,2,7200,1.00168491997
462312,462318,465221,6,2903,2,7200,1.00206682742
462374,462381,462896,7,515,2,7200,1.01359223301
462422,462428,466944,6,4516,8,28800,1.00132860939
462443,462450,465643,7,3193,2,7200,1.00219229565
462461,462467,465540,6,3073,8,86400,1.00195248942
462512,462518,505743,6,43225,8,43200,1.00013880856
462560,462566,468034,6,5468,8,86400,1.00109729334
462652,462658,516613,6,53955,8,86400,1.00011120378
462769,462775,465663,6,2888,2,7200,1.00207756233
462783,462789,465736,6,2947,2,7200,1.00203596878
462867,462873,466160,6,3287,2,7200,1.00182537268
462897,462904,465995,7,3091,2,7200,1.00226463928
462939,462945,466396,6,3451,2,7200,1.00173862649
463005,463011,466470,6,3459,2,7200,1.00173460538
463119,463125,466498,6,3373,2,7200,1.0017788319
463146,463152,465692,6,2540,2,7200,1.00236220472
463257,463263,466232,6,2969,2,7200,1.00202088245
463344,463350,463464,6,114,2,7200,1.05263157895
463368,463374,466489,6,3115,2,7200,1.00192616372
463382,463388,466757,6,3369,2,7200,1.0017809439
463466,463473,466102,7,2629,2,7200,1.00266260936
463526,463532,466871,6,3339,2,7200,1.00179694519
463544,463550,466344,6,2794,2,7200,1.00214745884
463556,463563,466977,7,3414,2,7200,1.00205038079
463559,463570,466216,11,2646,2,7200,1.00415721844
463652,463658,466922,6,3264,2,7200,1.00183823529
463754,463760,466748,6,2988,2,7200,1.00200803213
463767,463774,467423,7,3649,2,7200,1.00191833379
463782,463788,467218,6,3430,2,7200,1.00174927114
463793,463799,467312,6,3513,2,7200,1.00170794193
463985,463991,467125,6,3134,2,7200,1.00191448628
464021,464027,467162,6,3135,2,7200,1.0019138756
464069,464075,467564,6,3489,2,7200,1.00171969046
464138,464144,467230,6,3086,2,7200,1.00194426442
464139,464150,467362,11,3212,2,7200,1.00342465753
464201,464207,467792,6,3585,2,7200,1.00167364017
464274,464280,467577,6,3297,2,7200,1.00181983621
464289,464295,467688,6,3393,2,7200,1.0017683466
464343,464349,464384,6,35,2,1800,1.17142857143
464391,464397,467843,6,3446,2,7200,1.00174114916
464674,464680,467632,6,2952,2,7200,1.00203252033
464800,464807,468188,7,3381,2,7200,1.00207039337
464951,464957,467712,6,2755,2,7200,1.00217785844
464964,464970,464997,6,27,2,54000,1.22222222222
465008,465014,468330,6,3316,2,7200,1.00180940893
465031,465037,465087,6,50,2,54000,1.12
465044,465050,465108,6,58,2,1800,1.10344827586
465113,465119,468500,6,3381,2,7200,1.00177462289
465161,465167,468379,6,3212,2,7200,1.00186799502
465220,465227,468514,7,3287,2,7200,1.00212960146
465338,465344,468030,6,2686,2,7200,1.00223380491
465593,465600,468673,7,3073,2,7200,1.00227790433
465644,465651,467679,7,2028,2,7200,1.00345167653
465665,465671,468468,6,2797,2,7200,1.00214515552
465692,465698,468863,6,3165,2,7200,1.0018957346
465737,465743,468746,6,3003,2,7200,1.001998002
465995,466001,468230,6,2229,2,7200,1.00269179004
466103,466109,469571,6,3462,2,7200,1.00173310225
466161,466167,469586,6,3419,2,7200,1.00175489909
466217,466224,469820,7,3596,2,7200,1.00194660734
466232,466238,469465,6,3227,2,7200,1.00185931205
466343,466349,469760,6,3411,2,7200,1.00175901495
466397,466403,469521,6,3118,2,7200,1.00192431046
466472,466478,469611,6,3133,2,7200,1.00191509735
466490,466496,469320,6,2824,2,7200,1.00212464589
466504,466510,469153,6,2643,2,7200,1.00227014756
466751,466757,468700,6,1943,2,7200,1.00308800823
466765,466771,469699,6,2928,2,7200,1.00204918033
466873,466879,469452,6,2573,2,7200,1.00233190828
466898,466905,467123,7,218,1,1200,1.03211009174
466924,466930,470095,6,3165,2,7200,1.0018957346
466977,466984,470564,7,3580,2,7200,1.00195530726
467127,467133,468338,6,1205,2,7200,1.00497925311
467164,467170,469782,6,2612,2,7200,1.00229709035
467205,467211,467344,6,133,2,1800,1.04511278195
467220,467226,470732,6,3506,2,7200,1.00171135197
467230,467236,470380,6,3144,2,7200,1.00190839695
467314,467320,470391,6,3071,2,7200,1.00195376099
467361,467368,467891,7,523,2,7200,1.01338432122
467424,467430,471041,6,3611,2,7200,1.00166158959
467550,467556,482163,6,14607,4,36000,1.00041076196
467568,467574,470598,6,3024,2,7200,1.00198412698
467583,467588,470861,5,3273,2,7200,1.00152765047
467635,467641,471115,6,3474,2,7200,1.00172711572
467680,467687,470599,7,2912,2,7200,1.00240384615
467695,467701,468243,6,542,2,7200,1.0110701107
467713,467719,471082,6,3363,2,7200,1.00178412132
467795,467801,471383,6,3582,2,7200,1.00167504188
467804,467810,468007,6,197,2,2700,1.03045685279
467840,467846,586425,6,118579,16,234000,1.00005059918
467845,467852,471294,7,3442,2,7200,1.00203370134
467893,467899,471259,6,3360,2,7200,1.00178571429
468033,468039,471408,6,3369,2,7200,1.0017809439
468191,468198,471717,7,3519,2,7200,1.00198920148
468230,468237,471637,7,3400,2,7200,1.00205882353
468245,468251,471999,6,3748,2,7200,1.00160085379
468334,468340,471576,6,3236,2,7200,1.00185414091
468348,468355,471919,7,3564,2,7200,1.0019640853
468381,468387,471814,6,3427,2,7200,1.00175080245
468469,468475,471825,6,3350,2,7200,1.00179104478
468502,468508,471350,6,2842,2,7200,1.0021111893
468516,468522,472066,6,3544,2,7200,1.00169300226
468628,468634,468704,6,70,1,1800,1.08571428571
468675,468681,471929,6,3248,2,7200,1.00184729064
468702,468708,471454,6,2746,2,7200,1.00218499636
468724,468735,470548,11,1813,2,1800,1.00606729178
468724,468740,468792,16,52,2,1800,1.30769230769
468724,468730,470564,6,1834,2,1800,1.00327153762
468725,468758,470577,33,1819,2,1800,1.01814183617
468725,468752,470582,27,1830,2,1800,1.01475409836
468725,468763,470594,38,1831,2,1800,1.02075368651
468725,468747,468800,22,53,2,1800,1.41509433962
468726,468773,468856,47,83,2,1800,1.56626506024
468726,468779,468842,53,63,2,1800,1.84126984127
468726,468784,470590,58,1806,2,1800,1.03211517165
468726,468768,470596,42,1828,2,1800,1.02297592998
468727,468805,470632,78,1827,2,1800,1.04269293924
468727,468794,470633,67,1839,2,1800,1.03643284394
468727,468800,468874,73,74,2,1800,1.98648648649
468727,468789,468865,62,76,2,1800,1.81578947368
468728,468815,470618,87,1803,2,1800,1.04825291181
468728,468826,468897,98,71,2,1800,2.38028169014
468728,468810,470639,82,1829,2,1800,1.04483324221
468728,468821,470667,93,1846,2,1800,1.05037919827
468729,468831,470640,102,1809,2,1800,1.05638474295
468747,468837,472191,90,3354,2,7200,1.02683363148
468856,468862,468935,6,73,2,1800,1.08219178082
468856,468867,468939,11,72,2,1800,1.15277777778
468857,468873,468954,16,81,2,1800,1.1975308642
468857,468885,468988,28,103,2,1800,1.27184466019
468857,468880,468991,23,111,2,1800,1.20720720721
468858,468895,469001,37,106,2,1800,1.34905660377
468858,468890,469011,32,121,2,1800,1.26446280992
468858,468901,469024,43,123,2,1800,1.34959349593
468858,468906,469021,48,115,2,1800,1.41739130435
468859,468911,469023,52,112,2,1800,1.46428571429
468859,468916,469028,57,112,2,1800,1.50892857143
468859,468922,469033,63,111,2,1800,1.56756756757
468859,468927,469038,68,111,2,1800,1.61261261261
468860,468937,469039,77,102,2,1800,1.75490196078
468860,468946,469041,86,95,2,1800,1.90526315789
468860,468932,469037,72,105,2,1800,1.68571428571
468861,468951,469046,90,95,2,1800,1.94736842105
468861,468963,469048,102,85,2,1800,2.2
468861,468956,469049,95,93,2,1800,2.02150537634
468861,468968,469051,107,83,2,1800,2.28915662651
468864,468974,469474,110,500,2,7200,1.22
469008,469014,469684,6,670,2,2700,1.00895522388
469156,469162,472406,6,3244,2,7200,1.00184956843
469318,469325,472540,7,3215,2,7200,1.00217729393
469454,469460,472622,6,3162,2,7200,1.00189753321
469468,469474,472830,6,3356,2,7200,1.00178784267
469483,469489,470562,6,1073,2,7200,1.0055917987
469519,469525,472683,6,3158,2,7200,1.00189993667
469573,469579,473230,6,3651,2,7200,1.00164338537
469587,469593,473233,6,3640,2,7200,1.00164835165
469612,469618,472976,6,3358,2,7200,1.00178677784
469700,469706,472585,6,2879,2,7200,1.00208405696
469762,469769,472946,7,3177,2,7200,1.00220333648
469783,469789,473039,6,3250,2,7200,1.00184615385
469822,469828,472188,6,2360,2,7200,1.00254237288
470097,470103,473513,6,3410,2,7200,1.00175953079
470384,470390,473530,6,3140,2,7200,1.00191082803
470398,470405,473486,7,3081,2,7200,1.00227198961
470428,470434,502741,6,32307,1,115200,1.00018571827
470460,470467,488518,7,18051,2,18000,1.00038779015
470564,470571,473753,7,3182,2,7200,1.00219987429
470567,470578,473981,11,3403,2,7200,1.00323244196
470597,470603,474213,6,3610,2,7200,1.00166204986
470612,470618,473592,6,2974,2,7200,1.00201748487
470736,470742,474446,6,3704,2,7200,1.00161987041
470775,470781,472367,6,1586,2,2700,1.00378310214
470861,470868,473382,7,2514,2,7200,1.00278440732
470933,470940,471880,7,940,2,900,1.00744680851
471043,471051,474558,8,3507,2,7200,1.00228115198
471084,471090,474509,6,3419,2,7200,1.00175489909
471117,471123,474000,6,2877,2,7200,1.00208550574
471194,471200,477668,6,6468,8,86400,1.00092764378
471263,471269,474266,6,2997,2,7200,1.002002002
471296,471302,474115,6,2813,2,7200,1.00213295414
471298,471308,472046,10,738,2,3600,1.0135501355
471350,471356,474130,6,2774,2,7200,1.0021629416
471384,471390,474835,6,3445,2,7200,1.00174165457
471410,471416,475206,6,3790,2,7200,1.00158311346
471455,471461,474778,6,3317,2,7200,1.00180886343
471579,471585,475150,6,3565,2,7200,1.00168302945
471639,471645,474845,6,3200,2,7200,1.001875
471721,471727,472852,6,1125,2,7200,1.00533333333
471812,471818,474822,6,3004,2,7200,1.00199733688
471827,471833,474577,6,2744,2,7200,1.00218658892
471920,471927,474912,7,2985,2,7200,1.00234505863
471935,471941,475285,6,3344,2,7200,1.00179425837
472001,472007,475714,6,3707,2,7200,1.00161855948
472067,472073,473095,6,1022,2,7200,1.00587084149
472190,472196,474822,6,2626,2,7200,1.00228484387
472205,472211,472785,6,574,2,7200,1.01045296167
472406,472412,475519,6,3107,2,7200,1.00193112327
472542,472549,475768,7,3219,2,7200,1.00217458838
472549,472555,484157,6,11602,1,14400,1.00051715222
472584,472591,475899,7,3308,2,7200,1.00211608222
472623,472629,476126,6,3497,2,7200,1.00171575636
472683,472689,476125,6,3436,2,7200,1.00174621653
472785,472791,476076,6,3285,2,7200,1.00182648402
472833,472839,476129,6,3290,2,7200,1.00182370821
472850,472857,476216,7,3359,2,7200,1.00208395356
472946,472953,475730,7,2777,2,7200,1.0025207058
472976,472982,476320,6,3338,2,7200,1.00179748352
473039,473045,475629,6,2584,2,7200,1.00232198142
473096,473102,476368,6,3266,2,7200,1.00183710961
473231,473237,474596,6,1359,2,7200,1.00441501104
473237,473243,476641,6,3398,2,7200,1.00176574456
473381,473388,476054,7,2666,2,7200,1.00262565641
473424,473430,473435,6,5,2,3600,1.1
473484,473490,476761,6,3271,2,7200,1.00183430144
473513,473519,476561,6,3042,2,7200,1.00197238659
473531,473537,477013,6,3476,2,7200,1.00172612198
473594,473600,477155,6,3555,2,7200,1.00168776371
473688,473694,477303,6,3609,1,3600,1.00166251039
473753,473759,476753,6,2994,2,7200,1.00200400802
473834,473840,475679,6,1839,16,1800,1.00326264274
473983,473990,477492,7,3502,2,7200,1.0019988578
474000,474006,477488,6,3482,2,7200,1.00172314762
474018,474024,475067,6,1043,2,2700,1.00575263663
474117,474123,477493,6,3370,2,7200,1.00178041543
474132,474138,477249,6,3111,2,7200,1.00192864031
474213,474219,477230,6,3011,2,7200,1.00199269346
474267,474273,477693,6,3420,2,7200,1.00175438596
474334,474340,474344,6,4,2,900,1.0
474448,474454,477680,6,3226,2,7200,1.00185988841
474511,474517,477823,6,3306,2,7200,1.00181488203
474556,474562,477928,6,3366,2,7200,1.00178253119
474580,474586,477324,6,2738,2,7200,1.00219138057
474598,474604,475652,6,1048,2,7200,1.00572519084
474781,474787,478041,6,3254,2,7200,1.00184388445
474823,474829,477766,6,2937,2,7200,1.00204290092
474824,474835,477848,11,3013,2,7200,1.00365084633
474836,474842,478460,6,3618,2,7200,1.00165837479
474848,474854,478203,6,3349,2,7200,1.00179157958
474911,474917,478494,6,3577,2,7200,1.00167738328
475032,475038,475961,6,923,2,900,1.00650054171
475179,475186,478278,7,3092,2,7200,1.00226390686
475206,475213,478363,7,3150,2,7200,1.00222222222
475287,475293,478720,6,3427,2,7200,1.00175080245
475506,475512,476193,6,681,2,3600,1.00881057269
475524,475530,478545,6,3015,2,7200,1.00199004975
475631,475637,479333,6,3696,2,7200,1.00162337662
475653,475659,479568,6,3909,2,7200,1.00153491942
475718,475724,478971,6,3247,2,7200,1.00184785956
475733,475739,478664,6,2925,2,7200,1.00205128205
475768,475775,478743,7,2968,2,7200,1.00235849057
475902,475908,479282,6,3374,2,7200,1.00177830468
476055,476061,478793,6,2732,2,7200,1.00219619327
476076,476082,479114,6,3032,2,7200,1.00197889182
476127,476133,477228,6,1095,2,7200,1.00547945205
476128,476139,479634,11,3495,2,7200,1.00314735336
476143,476149,477409,6,1260,2,7200,1.00476190476
476205,476211,477713,6,1502,2,4500,1.00399467377
476218,476224,479477,6,3253,2,7200,1.00184445128
476320,476326,479455,6,3129,2,7200,1.00191754554
476368,476374,478947,6,2573,2,7200,1.00233190828
476563,476569,479260,6,2691,2,7200,1.0022296544
476645,476651,480050,6,3399,2,7200,1.00176522507
476753,476759,479866,6,3107,2,7200,1.00193112327
476767,476773,480202,6,3429,2,7200,1.00174978128
477014,477020,480426,6,3406,2,7200,1.00176159718
477156,477162,480153,6,2991,2,7200,1.00200601805
477228,477234,479618,6,2384,2,7200,1.00251677852
477242,477248,481094,6,3846,2,7200,1.0015600624
477257,477263,480405,6,3142,2,7200,1.00190961171
477323,477329,477503,6,174,2,7200,1.03448275862
477410,477416,480715,6,3299,2,7200,1.00181873295
477491,477497,480817,6,3320,2,7200,1.00180722892
477494,477503,480754,9,3251,2,7200,1.00276837896
477506,477512,481189,6,3677,2,7200,1.00163176503
477507,477518,480003,11,2485,2,7200,1.00442655936
477680,477687,481075,7,3388,2,7200,1.0020661157
477693,477700,480847,7,3147,2,7200,1.00222434064
477768,477775,480613,7,2838,2,7200,1.00246652572
477822,477828,481137,6,3309,2,7200,1.00181323663
477849,477855,481356,6,3501,2,7200,1.00171379606
477930,477937,481269,7,3332,2,7200,1.00210084034
478041,478048,481237,7,3189,2,7200,1.00219504547
478204,478210,479363,6,1153,2,7200,1.00520381613
478279,478285,480952,6,2667,2,7200,1.00224971879
478366,478372,481476,6,3104,2,7200,1.00193298969
478461,478467,482013,6,3546,2,7200,1.00169204738
478495,478501,481727,6,3226,2,7200,1.00185988841
478546,478552,481890,6,3338,2,7200,1.00179748352
478663,478669,482000,6,3331,2,7200,1.00180126088
478723,478729,482094,6,3365,2,7200,1.00178306092
478743,478750,481699,7,2949,2,7200,1.002373686
478794,478800,478882,6,82,2,7200,1.07317073171
478884,478890,481878,6,2988,2,7200,1.00200803213
478947,478953,482338,6,3385,2,7200,1.00177252585
478971,478977,481682,6,2705,2,7200,1.0022181146
479115,479121,482400,6,3279,2,7200,1.00182982617
479260,479266,482478,6,3212,2,7200,1.00186799502
479284,479290,482143,6,2853,2,7200,1.00210304942
479334,479341,482596,7,3255,2,7200,1.00215053763
479364,479370,482346,6,2976,2,7200,1.00201612903
479457,479463,482345,6,2882,2,7200,1.00208188758
479478,479484,479555,6,71,2,7200,1.08450704225
479556,479562,482758,6,3196,2,7200,1.00187734668
479571,479577,483005,6,3428,2,7200,1.00175029172
479619,479625,483139,6,3514,2,7200,1.00170745589
479636,479642,482895,6,3253,2,7200,1.00184445128
479868,479874,483436,6,3562,2,7200,1.00168444694
480003,480009,482973,6,2964,2,7200,1.0020242915
480051,480058,483689,7,3631,2,7200,1.00192784357
480153,480159,483424,6,3265,2,7200,1.00183767228
480204,480210,483601,6,3391,2,7200,1.00176938956
480405,480411,483757,6,3346,2,7200,1.00179318589
480426,480432,482901,6,2469,2,7200,1.00243013366
480552,480558,480673,6,115,2,1800,1.05217391304
480615,480622,481131,7,509,2,7200,1.0137524558
480717,480723,483822,6,3099,2,7200,1.00193610842
480744,480750,480954,6,204,8,7200,1.02941176471
480756,480762,484246,6,3484,2,7200,1.00172215844
480819,480825,483957,6,3132,2,7200,1.00191570881
480849,480855,484289,6,3434,2,7200,1.00174723355
480955,480961,482424,6,1463,2,7200,1.004101162
481076,481082,484708,6,3626,2,7200,1.00165471594
481096,481102,483994,6,2892,2,7200,1.0020746888
481131,481138,484533,7,3395,2,7200,1.00206185567
481146,481152,481684,6,532,2,7200,1.01127819549
481180,481186,481476,6,290,8,7200,1.02068965517
481191,481197,484614,6,3417,2,7200,1.00175592625
481239,481245,484497,6,3252,2,7200,1.00184501845
481271,481278,484775,7,3497,2,7200,1.00200171576
481356,481362,484419,6,3057,2,7200,1.00196270854
481476,481482,484973,6,3491,2,7200,1.00171870524
481613,481619,481631,6,12,8,7200,1.5
481684,481690,483335,6,1645,2,7200,1.00364741641
481698,481705,484942,7,3237,2,7200,1.00216249614
481700,481711,484487,11,2776,2,7200,1.00396253602
481726,481733,484832,7,3099,2,7200,1.00225879316
481782,481788,481813,6,25,2,1200,1.24
481799,481805,482872,6,1067,8,7200,1.00562324274
481877,481883,484879,6,2996,2,7200,1.00200267023
481891,481897,485047,6,3150,2,7200,1.0019047619
481891,481902,486313,11,4411,1,86400,1.00249376559
482000,482006,482031,6,25,2,1200,1.24
482002,482012,485005,10,2993,2,7200,1.0033411293
482015,482022,485429,7,3407,2,7200,1.00205459348
482095,482101,485557,6,3456,2,7200,1.00173611111
482143,482149,482278,6,129,2,7200,1.04651162791
482278,482284,483815,6,1531,2,7200,1.00391900718
482296,482302,482597,6,295,8,7200,1.02033898305
482338,482344,483388,6,1044,2,7200,1.00574712644
482353,482359,485557,6,3198,2,7200,1.00187617261
482354,482365,485557,11,3192,2,7200,1.00344611529
482402,482408,485297,6,2889,2,7200,1.0020768432
482426,482432,485396,6,2964,2,7200,1.0020242915
482480,482486,485557,6,3071,2,7200,1.00195376099
482560,482566,485080,6,2514,1,21600,1.00238663484
482597,482603,485557,6,2954,2,7200,1.00203114421
482759,482765,485557,6,2792,2,7200,1.00214899713
482831,482837,482910,6,73,8,43200,1.08219178082
482878,482884,488811,6,5927,8,43200,1.00101231652
482898,482904,485557,6,2653,2,7200,1.00226159065
482913,482919,485557,6,2638,2,7200,1.00227445034
482914,482925,486814,11,3889,8,43200,1.00282849061
482972,482979,485557,7,2578,2,7200,1.00271528317
483005,483011,485557,6,2546,2,7200,1.00235663786
483035,483041,483108,6,67,4,36000,1.08955223881
483141,483147,485557,6,2410,2,7200,1.00248962656
483336,483342,485557,6,2215,2,7200,1.00270880361
483387,483393,485557,6,2164,2,7200,1.00277264325
483426,483432,485557,6,2125,2,7200,1.00282352941
483441,483447,485557,6,2110,2,7200,1.0028436019
483603,483609,485557,6,1948,2,7200,1.00308008214
483693,483699,487240,6,3541,2,7200,1.0016944366
483759,483765,485557,6,1792,2,7200,1.00334821429
483816,483822,485557,6,1735,2,7200,1.00345821326
483830,483837,485557,7,1720,2,7200,1.00406976744
483960,483966,485557,6,1591,2,7200,1.00377121307
483996,484002,485557,6,1555,2,7200,1.0038585209
484247,484253,487593,6,3340,2,7200,1.00179640719
484290,484296,485557,6,1261,2,7200,1.00475812847
484419,484426,485557,7,1131,2,7200,1.00618921309
484488,484494,485557,6,1063,2,7200,1.00564440263
484503,484509,485557,6,1048,2,7200,1.00572519084
484533,484539,485557,6,1018,2,7200,1.00589390963
484614,484620,484997,6,377,2,7200,1.01591511936
484676,484682,484683,6,1,1,28800,1.0
484710,484716,488225,6,3509,2,7200,1.00170988886
484715,484722,484756,7,34,1,28800,1.20588235294
484776,484782,488342,6,3560,2,7200,1.00168539326
484788,484794,488805,6,4011,1,28800,1.00149588631
484833,484839,485242,6,403,2,7200,1.01488833747
484881,484887,485557,6,670,2,7200,1.00895522388
484918,484924,484944,6,20,2,1800,1.3
484944,484950,485557,6,607,2,7200,1.00988467875
484974,484980,485557,6,577,2,7200,1.01039861352
484997,485004,485557,7,553,2,7200,1.01265822785
485012,485018,485557,6,539,2,7200,1.01113172542
485048,485054,485557,6,503,2,7200,1.01192842942
485117,485123,550254,6,65131,1,86400,1.00009212203
485243,485250,485557,7,307,2,7200,1.02280130293
485276,485282,485316,6,34,2,1800,1.17647058824
485297,485303,485557,6,254,2,7200,1.02362204724
485396,485402,485557,6,155,2,7200,1.03870967742
485429,485435,488920,6,3485,2,7200,1.00172166428
485621,485627,486400,6,773,2,3600,1.00776196636
485637,485644,489086,7,3442,2,7200,1.00203370134
485639,485649,486196,10,547,2,7200,1.01828153565
485640,485656,489064,16,3408,2,7200,1.00469483568
485641,485661,488647,20,2986,2,7200,1.00669792364
485643,485666,488783,23,3117,2,7200,1.00737888996
485644,485672,489096,28,3424,2,7200,1.00817757009
485645,485677,487148,32,1471,2,7200,1.02175390891
485647,485682,486252,35,570,2,7200,1.06140350877
485648,485688,489244,40,3556,2,7200,1.01124859393
485649,485693,485789,44,96,2,7200,1.45833333333
485651,485698,488917,47,3219,2,7200,1.0146008077
485652,485704,488727,52,3023,2,7200,1.01720145551
485653,485709,488899,56,3190,2,7200,1.01755485893
485655,485715,488869,60,3154,2,7200,1.01902346227
485656,485720,489229,64,3509,2,7200,1.01823881448
485657,485725,485793,68,68,2,7200,2.0
485659,485730,488271,71,2541,2,7200,1.02794175521
485660,485736,488629,76,2893,2,7200,1.02627030764
485661,485741,488940,80,3199,2,7200,1.02500781494
485662,485746,485830,84,84,2,7200,2.0
485664,485751,488772,87,3021,2,7200,1.02879841112
485665,485757,487448,92,1691,2,7200,1.05440567711
485666,485762,488857,96,3095,2,7200,1.0310177706
485668,485767,488754,99,2987,2,7200,1.03314362236
485669,485772,488447,103,2675,2,7200,1.0385046729
485670,485778,489078,108,3300,2,7200,1.03272727273
485672,485783,489073,111,3290,2,7200,1.03373860182
485673,485788,485898,115,110,2,7200,2.04545454545
485674,485793,488933,119,3140,2,7200,1.03789808917
485676,485799,489153,123,3354,2,7200,1.0366726297
485677,485804,487890,127,2086,2,7200,1.06088207095
485678,485809,489035,131,3226,2,7200,1.04060756355
485680,485814,486336,134,522,2,7200,1.25670498084
485681,485820,489032,139,3212,2,7200,1.04327521793
485682,485825,488648,143,2823,2,7200,1.05065533121
485835,485841,486152,6,311,2,3600,1.0192926045
486198,486204,489336,6,3132,2,7200,1.00191570881
486199,486210,489217,11,3007,2,7200,1.00365813103
486201,486215,489414,14,3199,2,7200,1.00437636761
486202,486221,489364,19,3143,2,7200,1.00604517976
486203,486226,489567,23,3341,2,7200,1.00688416642
486229,486235,486341,6,106,2,3600,1.05660377358
486254,486260,489760,6,3500,2,7200,1.00171428571
486338,486344,486551,6,207,2,7200,1.02898550725
486529,486535,493758,6,7223,2,7200,1.00083067977
486551,486558,489817,7,3259,2,7200,1.00214789813
486714,486720,489543,6,2823,2,7200,1.00212539851
486846,486852,504625,6,17773,4,36000,1.00033759073
487150,487156,490110,6,2954,2,7200,1.00203114421
487242,487248,490842,6,3594,2,7200,1.00166944908
487450,487456,490570,6,3114,2,7200,1.00192678227
487481,487487,637528,6,150041,16,216000,1.00003998907
487594,487600,491168,6,3568,2,7200,1.00168161435
487661,487667,487829,6,162,2,3600,1.03703703704
487891,487898,491011,7,3113,2,7200,1.00224863476
487897,487904,488044,7,140,2,3600,1.05
488226,488232,491697,6,3465,2,7200,1.00173160173
488273,488279,489468,6,1189,2,7200,1.00504625736
488341,488346,492080,5,3734,2,7200,1.0013390466
488447,488453,490557,6,2104,2,7200,1.00285171103
488630,488637,491712,7,3075,2,7200,1.00227642276
488648,488654,491930,6,3276,2,7200,1.00183150183
488662,488668,492052,6,3384,2,7200,1.00177304965
488728,488734,492012,6,3278,2,7200,1.00183038438
488754,488761,489248,7,487,2,7200,1.01437371663
488772,488778,492247,6,3469,2,7200,1.00172960507
488787,488796,492347,9,3551,2,7200,1.00253449732
488855,488862,492325,7,3463,2,7200,1.00202136876
488860,488868,512266,8,23398,1,28800,1.00034190956
488870,488876,492365,6,3489,2,7200,1.00171969046
488896,488902,491937,6,3035,1,28800,1.00197693575
488900,488908,491791,8,2883,2,7200,1.00277488727
488917,488929,492395,12,3466,2,7200,1.00346220427
488919,488924,492397,5,3473,2,7200,1.00143967751
488935,488942,492344,7,3402,2,7200,1.00205761317
488950,488956,491977,6,3021,2,7200,1.00198609732
489008,489014,491190,6,2176,8,86400,1.00275735294
489017,489023,491193,6,2170,8,86400,1.00276497696
489023,489029,491199,6,2170,8,86400,1.00276497696
489034,489040,492046,6,3006,2,7200,1.00199600798
489049,489055,492375,6,3320,2,7200,1.00180722892
489066,489072,492702,6,3630,2,7200,1.00165289256
489081,489087,489604,6,517,2,7200,1.01160541586
489082,489093,492311,11,3218,2,7200,1.00341827222
489097,489103,492539,6,3436,2,7200,1.00174621653
489098,489109,492483,11,3374,2,7200,1.00326022525
489152,489158,492481,6,3323,2,7200,1.00180559735
489218,489224,492283,6,3059,2,7200,1.0019614253
489232,489238,489832,6,594,2,7200,1.0101010101
489247,489253,492359,6,3106,2,7200,1.00193174501
489248,489259,491548,11,2289,2,7200,1.00480559196
489335,489341,492490,6,3149,2,7200,1.00190536678
489365,489371,492560,6,3189,2,7200,1.00188146754
489416,489422,489599,6,177,2,7200,1.03389830508
489470,489476,492618,6,3142,2,7200,1.00190961171
489569,489575,489870,6,295,2,7200,1.02033898305
489602,489608,492922,6,3314,2,7200,1.00181050091
489616,489623,492995,7,3372,2,7200,1.00207591934
489760,489766,493317,6,3551,2,7200,1.00168966488
489817,489823,489911,6,88,2,7200,1.06818181818
489832,489838,493130,6,3292,2,7200,1.00182260024
489871,489877,493456,6,3579,2,7200,1.00167644593
489912,489919,492735,7,2816,2,7200,1.00248579545
490111,490117,493389,6,3272,2,7200,1.00183374083
490559,490565,493695,6,3130,2,7200,1.00191693291
490573,490579,491713,6,1134,2,7200,1.00529100529
490844,490850,494469,6,3619,2,7200,1.00165791655
490870,490878,494520,8,3642,1,3600,1.00219659528
491012,491018,491120,6,102,2,7200,1.05882352941
491120,491126,494544,6,3418,2,7200,1.00175541252
491169,491175,494841,6,3666,2,7200,1.00163666121
491224,491230,491232,6,2,8,86400,1.0
491244,491250,491251,6,1,8,86400,1.0
491262,491268,491269,6,1,8,86400,1.0
491381,491398,524023,17,32625,8,86400,1.0005210728
491381,491392,555592,11,64200,8,86400,1.00017133956
491381,491387,556607,6,65220,8,86400,1.00009199632
491550,491557,494806,7,3249,2,7200,1.00215450908
491569,491576,491583,7,7,2,600,1.4
491644,491650,491717,6,67,8,43200,1.08955223881
491700,491706,495253,6,3547,2,7200,1.00169157034
491705,491712,498318,7,6606,8,43200,1.00105964275
491712,491719,494956,7,3237,2,7200,1.00216249614
491727,491733,494728,6,2995,2,7200,1.0020033389
491740,491746,496977,6,5231,8,43200,1.00114700822
491793,491799,495168,6,3369,2,7200,1.0017809439
491829,491835,491845,6,10,2,600,1.6
491931,491937,495261,6,3324,2,7200,1.00180505415
491961,491967,513575,6,21608,1,21600,1.00027767494
491975,491982,495341,7,3359,2,7200,1.00208395356
492014,492020,495332,6,3312,2,7200,1.0018115942
492017,492026,492037,9,11,2,600,1.81818181818
492047,492053,495174,6,3121,2,7200,1.00192246075
492061,492068,495684,7,3616,2,7200,1.00193584071
492082,492088,495455,6,3367,2,7200,1.00178200178
492247,492254,495799,7,3545,2,7200,1.00197461213
492276,492282,501879,6,9597,8,43200,1.00062519537
492283,492289,495449,6,3160,2,7200,1.00189873418
492287,492295,492314,8,19,2,600,1.42105263158
492313,492319,492646,6,327,2,7200,1.01834862385
492328,492334,492836,6,502,2,7200,1.01195219124
492346,492352,495525,6,3173,2,7200,1.00189095493
492360,492366,495369,6,3003,2,7200,1.001998002
492362,492372,495282,10,2910,2,7200,1.00343642612
492376,492382,495848,6,3466,2,7200,1.00173110214
492378,492388,495435,10,3047,2,7200,1.00328191664
492395,492401,495504,6,3103,2,7200,1.00193361263
492398,492407,496050,9,3643,2,7200,1.00247049135
492430,492436,492493,6,57,1,1200,1.10526315789
492460,492466,511356,6,18890,1,86400,1.00031762837
492474,492480,492490,6,10,2,600,1.6
492482,492488,495970,6,3482,2,7200,1.00172314762
492483,492494,495521,11,3027,2,7200,1.00363396102
492498,492504,495852,6,3348,2,7200,1.0017921147
492510,492516,493840,6,1324,2,1200,1.00453172205
492540,492546,495795,6,3249,2,7200,1.00184672207
492561,492567,495939,6,3372,2,7200,1.00177935943
492617,492624,495850,7,3226,2,7200,1.00216986981
492647,492653,495961,6,3308,2,7200,1.00181378476
492704,492710,495756,6,3046,2,7200,1.00196979645
492738,492744,495130,6,2386,2,7200,1.0025146689
492836,492843,496248,7,3405,2,7200,1.00205580029
492923,492930,496251,7,3321,2,7200,1.00210779886
492995,493001,493242,6,241,2,7200,1.02489626556
493130,493136,496302,6,3166,2,7200,1.00189513582
493244,493251,496476,7,3225,2,7200,1.00217054264
493319,493325,496822,6,3497,2,7200,1.00171575636
493391,493397,496891,6,3494,2,7200,1.00171722954
493457,493463,496891,6,3428,2,7200,1.00175029172
493582,493588,495641,6,2053,2,14400,1.00292255236
493697,493703,493944,6,241,2,7200,1.02489626556
493943,493950,497241,7,3291,2,7200,1.00212701307
494355,494361,496347,6,1986,2,14400,1.00302114804
494472,494478,497868,6,3390,2,7200,1.0017699115
494544,494551,498025,7,3474,2,7200,1.00201496834
494731,494737,497771,6,3034,2,7200,1.00197758734
494805,494812,498262,7,3450,2,7200,1.00202898551
494842,494848,498143,6,3295,2,7200,1.00182094082
494956,494962,498194,6,3232,2,7200,1.00185643564
495083,495089,495122,6,33,2,3600,1.18181818182
495130,495136,497430,6,2294,2,7200,1.00261551874
495169,495175,498058,6,2883,2,7200,1.00208116545
495183,495189,495700,6,511,2,7200,1.01174168297
495254,495260,499017,6,3757,2,7200,1.0015970189
495261,495267,498571,6,3304,2,7200,1.00181598063
495281,495287,495343,6,56,2,3600,1.10714285714
495282,495293,497629,11,2336,2,7200,1.00470890411
495333,495339,498715,6,3376,2,7200,1.00177725118
495348,495353,498666,5,3313,2,7200,1.00150920616
495371,495377,497968,6,2591,2,7200,1.00231570822
495434,495440,498858,6,3418,2,7200,1.00175541252
495449,495455,495527,6,72,2,3600,1.08333333333
495452,495461,495974,9,513,2,7200,1.01754385965
495456,495467,498966,11,3499,2,7200,1.00314375536
495503,495510,498574,7,3064,2,7200,1.0022845953
495523,495529,496701,6,1172,2,7200,1.00511945392
495538,495544,499159,6,3615,2,7200,1.00165975104
495685,495691,499037,6,3346,2,7200,1.00179318589
495700,495706,499239,6,3533,2,7200,1.00169827342
495718,495724,495735,6,11,2,1800,1.54545454545
495719,495730,495741,11,11,2,1800,2.0
495719,495736,495747,17,11,2,1800,2.54545454545
495719,495741,495752,22,11,2,1800,3.0
495719,495747,495758,28,11,2,1800,3.54545454545
495720,495763,495784,43,21,2,1800,3.04761904762
495720,495768,495779,48,11,2,1800,5.36363636364
495720,495757,495768,37,11,2,1800,4.36363636364
495720,495752,495763,32,11,2,1800,3.90909090909
495721,495789,495801,68,12,2,1800,6.66666666667
495721,495773,495797,52,24,2,1800,3.16666666667
495721,495778,495790,57,12,2,1800,5.75
495721,495784,495795,63,11,2,1800,6.72727272727
495722,495794,495806,72,12,2,1800,7.0
495722,495799,495811,77,12,2,1800,7.41666666667
495722,495805,495816,83,11,2,1800,8.54545454545
495722,495810,495821,88,11,2,1800,9.0
495723,495826,497672,103,1846,2,1800,1.05579631636
495723,495815,495826,92,11,2,1800,9.36363636364
495723,495820,495832,97,12,2,1800,9.08333333333
495738,495834,495855,96,21,2,1800,5.57142857143
495738,495839,495861,101,22,2,1800,5.59090909091
495738,495845,495867,107,22,2,1800,5.86363636364
495739,495850,495871,111,21,2,1800,6.28571428571
495739,495866,495887,127,21,2,1800,7.04761904762
495739,495861,495883,122,22,2,1800,6.54545454545
495739,495855,495879,116,24,2,1800,5.83333333333
495740,495871,495896,131,25,2,1800,6.24
495740,495882,495916,142,34,2,1800,5.17647058824
495740,495887,495921,147,34,2,1800,5.32352941176
495740,495876,495907,136,31,2,1800,5.38709677419
495741,495908,495949,167,41,2,1800,5.07317073171
495741,495903,495947,162,44,2,1800,4.68181818182
495741,495897,495940,156,43,2,1800,4.62790697674
495741,495892,495933,151,41,2,1800,4.68292682927
495742,495918,495959,176,41,2,1800,5.29268292683
495742,495924,495959,182,35,2,1800,6.2
495742,495929,495960,187,31,2,1800,7.03225806452
495742,495913,495957,171,44,2,1800,4.88636363636
495743,495934,495965,191,31,2,1800,7.16129032258
495757,495939,496429,182,490,2,7200,1.37142857143
495792,495945,498871,153,2926,2,7200,1.05228981545
495807,495950,499065,143,3115,2,7200,1.04590690209
495849,495958,499182,109,3224,2,7200,1.033808933
495850,495964,496472,114,508,2,7200,1.22440944882
495865,495969,499257,104,3288,2,7200,1.03163017032
495940,495974,499506,34,3532,2,7200,1.00962627407
495964,495981,499321,17,3340,2,7200,1.00508982036
495978,495987,499347,9,3360,2,7200,1.00267857143
495980,495993,499273,13,3280,2,7200,1.00396341463
496052,496058,499258,6,3200,2,7200,1.001875
496250,496256,499536,6,3280,2,7200,1.00182926829
496251,496262,499574,11,3312,2,7200,1.00332125604
496302,496308,499680,6,3372,2,7200,1.00177935943
496431,496437,499713,6,3276,2,7200,1.00183150183
496473,496479,499955,6,3476,2,7200,1.00172612198
496488,496494,499884,6,3390,2,7200,1.0017699115
496551,496557,496560,6,3,1,115200,1.0
496701,496707,499863,6,3156,2,7200,1.00190114068
496821,496827,496928,6,101,2,7200,1.05940594059
496891,496897,496982,6,85,2,7200,1.07058823529
496905,496911,499836,6,2925,2,7200,1.00205128205
496926,496932,500488,6,3556,2,7200,1.00168728909
496983,496989,497497,6,508,2,7200,1.01181102362
497152,497158,499004,6,1846,2,1800,1.00325027086
497152,497163,498996,11,1833,2,1800,1.00600109111
497153,497169,498980,16,1811,2,1800,1.00883489785
497153,497180,499031,27,1851,2,1800,1.01458670989
497153,497175,498995,22,1820,2,1800,1.01208791209
497154,497190,498994,36,1804,2,1800,1.0199556541
497154,497201,499047,47,1846,2,1800,1.02546045504
497154,497196,499010,42,1814,2,1800,1.02315325248
497154,497185,499012,31,1827,2,1800,1.01696770662
497155,497211,499030,56,1819,2,1800,1.03078614623
497155,497222,499042,67,1820,2,1800,1.03681318681
497155,497217,499063,62,1846,2,1800,1.03358613218
497155,497206,499030,51,1824,2,1800,1.02796052632
497156,497243,499089,87,1846,2,1800,1.04712892741
497156,497232,499038,76,1806,2,1800,1.04208194906
497156,497227,499036,71,1809,2,1800,1.03924820343
497156,497237,499060,81,1823,2,1800,1.04443225453
497156,497248,499058,92,1810,2,1800,1.05082872928
497157,497253,499086,96,1833,2,1800,1.05237315876
497157,497258,499104,101,1846,2,1800,1.05471289274
497173,497265,497365,92,100,2,3600,1.92
497241,497271,499421,30,2150,2,7200,1.01395348837
497421,497427,498895,6,1468,2,4500,1.00408719346
497428,497434,497936,6,502,2,7200,1.01195219124
497499,497506,500433,7,2927,2,7200,1.00239152716
497628,497634,500998,6,3364,2,7200,1.00178359096
497753,497764,498097,11,333,8,1500,1.03303303303
497753,497770,498100,17,330,8,1500,1.05151515152
497753,497758,498091,5,333,8,1500,1.01501501502
497754,498036,498370,282,334,8,1500,1.84431137725
497754,497786,498117,32,331,8,1500,1.09667673716
497754,497780,498110,26,330,8,1500,1.07878787879
497754,497775,498108,21,333,8,1500,1.06306306306
497755,498114,498446,359,332,8,1500,2.0813253012
497755,498126,498461,371,335,8,1500,2.10746268657
497755,498102,498446,347,344,8,1500,2.00872093023
497755,498120,498447,365,327,8,1500,2.11620795107
497756,498138,498465,382,327,8,1500,2.16819571865
497756,498329,498657,573,328,8,1500,2.74695121951
497756,498132,498460,376,328,8,1500,2.14634146341
497757,498381,498710,624,329,8,1500,2.89665653495
497757,498457,498789,700,332,8,1500,3.10843373494
497757,498469,498798,712,329,8,1500,3.1641337386
497757,498475,498807,718,332,8,1500,3.16265060241
497758,498481,498811,723,330,8,1500,3.19090909091
497758,498492,498819,734,327,8,1500,3.24464831804
497758,498487,498821,729,334,8,1500,3.18263473054
497758,498668,498997,910,329,8,1500,3.76595744681
497759,498721,499049,962,328,8,1500,3.93292682927
497759,498800,499128,1041,328,8,1500,4.1737804878
497759,498728,499053,969,325,8,1500,3.98153846154
497760,498825,499153,1065,328,8,1500,4.24695121951
497760,498810,499137,1050,327,8,1500,4.21100917431
497760,498818,499150,1058,332,8,1500,4.18674698795
497760,498833,499165,1073,332,8,1500,4.23192771084
497761,499009,499357,1248,348,8,1500,4.58620689655
497761,498838,499168,1077,330,8,1500,4.26363636364
497761,499017,499345,1256,328,8,1500,4.82926829268
497761,498992,499343,1231,351,8,1500,4.50712250712
497762,499055,499392,1293,337,8,1500,4.83679525223
497762,499062,499390,1300,328,8,1500,4.96341463415
497762,499041,499372,1279,331,8,1500,4.86404833837
497763,499100,499436,1337,336,8,1500,4.97916666667
497763,499139,499470,1376,331,8,1500,5.15709969789
497763,499076,499403,1313,327,8,1500,5.01529051988
497763,499068,499400,1305,332,8,1500,4.93072289157
497764,499161,499489,1397,328,8,1500,5.25914634146
497764,499148,499478,1384,330,8,1500,5.19393939394
497772,498108,501560,336,3452,2,7200,1.09733487833
497775,499168,500875,1393,1707,5,3600,1.81605155243
497776,499174,500975,1398,1801,5,3600,1.77623542476
497776,499186,500902,1410,1716,5,3600,1.82167832168
497776,499181,500960,1405,1779,5,3600,1.78976953345
497777,499191,500890,1414,1699,5,3600,1.83225426722
497777,499197,500909,1420,1712,5,3600,1.82943925234
497778,499270,500988,1492,1718,5,3600,1.86845168801
497778,499333,501040,1555,1707,5,3600,1.91095489162
497779,499361,501072,1582,1711,5,3600,1.92460549386
497779,499354,501038,1575,1684,5,3600,1.93527315914
497780,499373,501079,1593,1706,5,3600,1.93376318875
497780,499367,501084,1587,1717,5,3600,1.9242865463
497781,499379,501129,1598,1750,5,3600,1.91314285714
497781,499385,501143,1604,1758,5,3600,1.91240045506
497782,499407,501163,1625,1756,5,3600,1.92539863326
497782,499401,501163,1619,1762,5,3600,1.91884222474
497783,499424,501079,1641,1655,5,3600,1.9915407855
497783,499414,501030,1631,1616,5,3600,2.00928217822
497783,499419,501159,1636,1740,5,3600,1.94022988506
497784,499432,501151,1648,1719,5,3600,1.95869691681
497784,499437,501036,1653,1599,5,3600,2.03377110694
497785,499453,501174,1668,1721,5,3600,1.96920395119
497785,499447,501027,1662,1580,5,3600,2.05189873418
497786,499489,501039,1703,1550,5,3600,2.09870967742
497786,499481,501182,1695,1701,5,3600,1.99647266314
497787,499495,501108,1708,1613,5,3600,2.05889646621
497787,499501,501162,1714,1661,5,3600,2.03190848886
497788,499507,501099,1719,1592,5,3600,2.07977386935
497788,499585,501314,1797,1729,5,3600,2.03932909196
497789,499725,501455,1936,1730,5,3600,2.11907514451
497789,499895,501547,2106,1652,5,3600,2.27481840194
497790,500886,502672,3096,1786,5,3600,2.73348264278
497790,500410,502183,2620,1773,5,3600,2.4777213762
497790,500901,502648,3111,1747,5,3600,2.78076702919
497791,500918,502678,3127,1760,5,3600,2.77670454545
497791,500925,502653,3134,1728,5,3600,2.81365740741
497792,500972,502671,3180,1699,5,3600,2.87168922896
497792,500986,502683,3194,1697,5,3600,2.8821449617
497793,501039,502769,3246,1730,5,3600,2.87630057803
497793,501004,502804,3211,1800,5,3600,2.78388888889
497794,501057,502787,3263,1730,5,3600,2.88612716763
497794,501051,502772,3257,1721,5,3600,2.89250435793
497870,497948,501406,78,3458,2,7200,1.02255639098
497934,498606,501890,672,3284,2,7200,1.20462850183
497967,498907,500985,940,2078,2,7200,1.45235803657
498027,500998,504448,2971,3450,2,7200,1.86115942029
498060,501045,504341,2985,3296,2,7200,1.90564320388
498122,498335,498347,213,12,2,1800,18.75
498122,498359,498371,237,12,2,1800,20.75
498123,498412,498423,289,11,2,1800,27.2727272727
498123,498389,498400,266,11,2,1800,25.1818181818
498123,498435,498446,312,11,2,1800,29.3636363636
498123,498463,498474,340,11,2,1800,31.9090909091
498124,498499,498511,375,12,2,1800,32.25
498124,498523,498533,399,10,2,1800,40.9
498124,498569,498579,445,10,2,1800,45.5
498124,498546,498557,422,11,2,1800,39.3636363636
498125,498590,500398,465,1808,2,1800,1.25719026549
498125,498583,498594,458,11,2,1800,42.6363636364
498144,498597,501985,453,3388,2,7200,1.13370720189
498195,501062,504058,2867,2996,2,7200,1.95694259012
498261,501067,504556,2806,3489,2,7200,1.80424190312
498570,501072,504584,2502,3512,2,7200,1.71241457859
498585,501078,504255,2493,3177,2,7200,1.78470254958
498666,501083,504661,2417,3578,2,7200,1.67551704863
498717,501088,504633,2371,3545,2,7200,1.66882933709
498858,501093,504443,2235,3350,2,7200,1.6671641791
498872,501101,504451,2229,3350,2,7200,1.66537313433
498966,499081,502471,115,3390,2,7200,1.03392330383
499017,500907,504500,1890,3593,2,7200,1.52602282215
499037,501106,504212,2069,3106,2,7200,1.66613007083
499064,501111,504459,2047,3348,2,7200,1.61140979689
499160,501117,504398,1957,3281,2,7200,1.59646449253
499184,501122,504354,1938,3232,2,7200,1.59962871287
499237,501127,504443,1890,3316,2,7200,1.56996381182
499258,501132,504315,1874,3183,2,7200,1.58875274898
499259,500912,504462,1653,3550,2,7200,1.46563380282
499276,501137,501400,1861,263,2,7200,8.07604562738
499321,501143,503798,1822,2655,2,7200,1.68625235405
499344,501148,504283,1804,3135,2,7200,1.57543859649
499419,501155,501204,1736,49,2,7200,36.4285714286
499506,501160,504349,1654,3189,2,7200,1.51865788648
499536,501165,504409,1629,3244,2,7200,1.50215782984
499574,501171,504870,1597,3699,2,7200,1.43173830765
499679,501176,504275,1497,3099,2,7200,1.48305905131
499715,501181,504684,1466,3503,2,7200,1.41849842992
499838,501186,504397,1348,3211,2,7200,1.41980691373
499864,501191,504680,1327,3489,2,7200,1.38033820579
499885,501197,504445,1312,3248,2,7200,1.4039408867
499957,501202,501241,1245,39,2,7200,32.9230769231
500435,501209,504496,774,3287,2,7200,1.23547307575
500488,501214,501690,726,476,2,7200,2.52521008403
500988,501220,501738,232,518,2,7200,1.44787644788
501003,501225,504380,222,3155,2,7200,1.07036450079
501205,501231,504599,26,3368,2,7200,1.00771971496
501241,501247,504709,6,3462,2,7200,1.00173310225
501400,501406,501907,6,501,2,7200,1.0119760479
501407,501413,505407,6,3994,2,7200,1.00150225338
501559,501565,504842,6,3277,2,7200,1.00183094294
501691,501697,505251,6,3554,2,7200,1.0016882386
501739,501745,504982,6,3237,2,7200,1.00185356812
501892,501898,505492,6,3594,2,7200,1.00166944908
501907,501913,505239,6,3326,2,7200,1.00180396873
501985,501991,505337,6,3346,2,7200,1.00179318589
502473,502479,505994,6,3515,2,7200,1.00170697013
503798,503804,507113,6,3309,2,7200,1.00181323663
504060,504066,507430,6,3364,2,7200,1.00178359096
504213,504219,507450,6,3231,2,7200,1.00185701021
504255,504261,506198,6,1937,2,7200,1.00309757357
504275,504281,507566,6,3285,2,7200,1.00182648402
504290,504296,506107,6,1811,2,7200,1.00331308669
504317,504323,504406,6,83,2,7200,1.07228915663
504340,504346,507749,6,3403,2,7200,1.00176315016
504355,504361,504469,6,108,2,7200,1.05555555556
504356,504367,507452,11,3085,2,7200,1.00356564019
504380,504387,507598,7,3211,2,7200,1.00218000623
504395,504401,506646,6,2245,2,7200,1.00267260579
504410,504416,508071,6,3655,2,7200,1.00164158687
504411,504422,505667,11,1245,2,7200,1.00883534137
504413,504428,507868,15,3440,2,7200,1.00436046512
504428,504434,505920,6,1486,2,4500,1.00403768506
504442,504449,507688,7,3239,2,7200,1.00216116085
504444,504455,507714,11,3259,2,7200,1.00337526849
504445,504461,505533,16,1072,2,7200,1.01492537313
504460,504467,507973,7,3506,2,7200,1.0019965773
504461,504473,507917,12,3444,2,7200,1.00348432056
504463,504485,505014,22,529,2,7200,1.0415879017
504465,504479,507679,14,3200,2,7200,1.004375
504477,504491,507672,14,3181,2,7200,1.00440113172
504498,504504,508019,6,3515,2,7200,1.00170697013
504501,504510,507790,9,3280,2,7200,1.00274390244
504558,504564,508203,6,3639,2,7200,1.00164880462
504582,504588,507889,6,3301,2,7200,1.00181763102
504599,504606,507682,7,3076,2,7200,1.0022756827
504632,504638,506774,6,2136,2,7200,1.00280898876
504662,504668,507922,6,3254,2,7200,1.00184388445
504680,504686,507442,6,2756,2,7200,1.00217706821
504694,504700,508441,6,3741,2,7200,1.00160384924
504712,504718,507883,6,3165,2,7200,1.0018957346
504841,504847,504882,6,35,2,7200,1.17142857143
504871,504877,507862,6,2985,2,7200,1.00201005025
504885,504892,508466,7,3574,2,7200,1.00195858982
504982,504988,508339,6,3351,2,7200,1.0017905103
505014,505021,508376,7,3355,2,7200,1.00208643815
505240,505247,508684,7,3437,2,7200,1.00203665988
505254,505261,508554,7,3293,2,7200,1.00212572123
505339,505345,509218,6,3873,2,7200,1.00154918668
505408,505414,508965,6,3551,2,7200,1.00168966488
505492,505498,506266,6,768,2,7200,1.0078125
505531,505537,507111,6,1574,2,7200,1.00381194409
505669,505675,509120,6,3445,2,7200,1.00174165457
505996,506002,509423,6,3421,2,7200,1.00175387314
506108,506114,509337,6,3223,2,7200,1.00186161961
506198,506204,509680,6,3476,2,7200,1.00172612198
506267,506273,509772,6,3499,2,7200,1.00171477565
506645,506651,509632,6,2981,2,7200,1.0020127474
506774,506781,510259,7,3478,2,7200,1.00201265095
507114,507120,510562,6,3442,2,7200,1.00174317257
507115,507126,510536,11,3410,2,7200,1.00322580645
507428,507434,510788,6,3354,2,7200,1.00178890877
507443,507449,511081,6,3632,2,7200,1.00165198238
507457,507463,510799,6,3336,2,7200,1.00179856115
507459,507469,510669,10,3200,2,7200,1.003125
507564,507570,510836,6,3266,2,7200,1.00183710961
507597,507603,510713,6,3110,2,7200,1.00192926045
507672,507678,510805,6,3127,2,7200,1.00191877199
507681,507687,511324,6,3637,2,7200,1.0016497113
507686,507693,510923,7,3230,2,7200,1.00216718266
507701,507707,511129,6,3422,2,7200,1.00175336061
507716,507722,511557,6,3835,2,7200,1.00156453716
507748,507754,511320,6,3566,2,7200,1.00168255749
507793,507799,511503,6,3704,2,7200,1.00161987041
507862,507868,511406,6,3538,2,7200,1.00169587337
507877,507883,511276,6,3393,2,7200,1.0017683466
507892,507898,511208,6,3310,2,7200,1.00181268882
507893,507904,511264,11,3360,2,7200,1.00327380952
507914,507920,508536,6,616,2,7200,1.00974025974
507928,507934,511180,6,3246,2,7200,1.00184842884
507973,507979,511145,6,3166,2,7200,1.00189513582
508018,508024,511115,6,3091,2,7200,1.00194111938
508072,508078,511283,6,3205,2,7200,1.00187207488
508201,508207,511695,6,3488,2,7200,1.00172018349
508342,508349,511341,7,2992,2,7200,1.00233957219
508375,508381,511406,6,3025,2,7200,1.00198347107
508441,508447,511632,6,3185,2,7200,1.00188383046
508465,508471,511589,6,3118,2,7200,1.00192431046
508537,508543,511780,6,3237,2,7200,1.00185356812
508555,508561,510471,6,1910,2,7200,1.00314136126
508687,508693,512111,6,3418,2,7200,1.00175541252
508967,508973,512512,6,3539,2,7200,1.00169539418
509117,509123,512451,6,3328,2,7200,1.00180288462
509217,509223,512832,6,3609,2,7200,1.00166251039
509336,509342,512567,6,3225,2,7200,1.00186046512
509424,509430,512848,6,3418,2,7200,1.00175541252
509634,509640,512640,6,3000,2,7200,1.002
509681,509688,512443,7,2755,2,7200,1.00254083485
509771,509778,513056,7,3278,2,7200,1.00213544844
510258,510264,513327,6,3063,2,7200,1.00195886386
510472,510478,513670,6,3192,2,7200,1.00187969925
510534,510540,513766,6,3226,2,7200,1.00185988841
510564,510570,513918,6,3348,2,7200,1.0017921147
510669,510675,514303,6,3628,2,7200,1.00165380375
510714,510720,514371,6,3651,2,7200,1.00164338537
510789,510795,514146,6,3351,2,7200,1.0017905103
510803,510810,513882,7,3072,2,7200,1.00227864583
510818,510824,514205,6,3381,2,7200,1.00177462289
510839,510845,511357,6,512,2,7200,1.01171875
510923,510929,514395,6,3466,2,7200,1.00173110214
511082,511088,512858,6,1770,2,7200,1.00338983051
511115,511121,514517,6,3396,2,7200,1.00176678445
511129,511135,514296,6,3161,2,7200,1.0018981335
511144,511150,514344,6,3194,2,7200,1.00187852223
511177,511183,514350,6,3167,2,7200,1.00189453742
511210,511216,514068,6,2852,2,7200,1.00210378682
511266,511273,514455,7,3182,2,7200,1.00219987429
511281,511287,514537,6,3250,2,7200,1.00184615385
511296,511302,514159,6,2857,2,7200,1.00210010501
511322,511328,514750,6,3422,2,7200,1.00175336061
511324,511335,514754,11,3419,2,7200,1.003217315
511343,511349,512701,6,1352,2,7200,1.00443786982
511358,511364,514541,6,3177,2,7200,1.00188857413
511406,511412,513554,6,2142,2,7200,1.00280112045
511420,511426,514720,6,3294,2,7200,1.00182149362
511503,511509,514662,6,3153,2,7200,1.00190294957
511555,511561,514599,6,3038,2,7200,1.00197498354
511588,511594,514913,6,3319,2,7200,1.00180777343
511633,511639,514940,6,3301,2,7200,1.00181763102
511696,511702,515340,6,3638,2,7200,1.00164925783
511780,511786,515297,6,3511,2,7200,1.00170891484
512110,512117,515357,7,3240,2,7200,1.00216049383
512444,512450,515618,6,3168,2,7200,1.00189393939
512459,512465,515641,6,3176,2,7200,1.00188916877
512512,512518,516040,6,3522,2,7200,1.00170357751
512567,512573,515971,6,3398,2,7200,1.00176574456
512641,512648,514779,7,2131,2,7200,1.0032848428
512701,512707,515929,6,3222,2,7200,1.00186219739
512834,512840,516375,6,3535,2,7200,1.00169731259
512849,512855,516180,6,3325,2,7200,1.00180451128
512860,512867,516239,7,3372,2,7200,1.00207591934
513056,513062,516164,6,3102,2,7200,1.00193423598
513329,513336,516748,7,3412,2,7200,1.00205158265
513555,513561,516709,6,3148,2,7200,1.00190597205
513672,513678,517151,6,3473,2,7200,1.00172761301
513768,513774,516669,6,2895,2,7200,1.00207253886
513885,513891,517478,6,3587,2,7200,1.001672707
513920,513927,517207,7,3280,2,7200,1.00213414634
514068,514074,516869,6,2795,2,7200,1.00214669052
514149,514155,515077,6,922,2,7200,1.00650759219
514163,514169,517103,6,2934,2,7200,1.00204498978
514205,514211,515852,6,1641,2,7200,1.00365630713
514298,514304,517564,6,3260,2,7200,1.0018404908
514313,514319,517715,6,3396,2,7200,1.00176678445
514345,514351,517628,6,3277,2,7200,1.00183094294
514360,514366,517758,6,3392,2,7200,1.00176886792
514375,514381,517555,6,3174,2,7200,1.00189035917
514392,514398,517649,6,3251,2,7200,1.00184558597
514455,514461,518008,6,3547,2,7200,1.00169157034
514518,514525,517919,7,3394,2,7200,1.00206246317
514536,514542,517846,6,3304,2,7200,1.00181598063
514551,514557,517850,6,3293,2,7200,1.00182204677
514599,514605,517960,6,3355,2,7200,1.00178837556
514663,514669,518302,6,3633,2,7200,1.00165152766
514722,514728,517470,6,2742,2,7200,1.00218818381
514751,514757,517808,6,3051,2,7200,1.00196656834
514756,514763,518213,7,3450,2,7200,1.00202898551
514781,514787,518032,6,3245,2,7200,1.00184899846
514916,514922,518185,6,3263,2,7200,1.00183879865
514940,514946,518040,6,3094,2,7200,1.00193923723
515078,515084,518319,6,3235,2,7200,1.00185471406
515297,515303,518211,6,2908,2,7200,1.00206327373
515342,515348,518662,6,3314,2,7200,1.00181050091
515357,515363,515490,6,127,2,7200,1.04724409449
515492,515498,518835,6,3337,2,7200,1.00179802218
515612,515618,518915,6,3297,2,7200,1.00181983621
515641,515648,518906,7,3258,2,7200,1.0021485574
515852,515858,519064,6,3206,2,7200,1.00187149095
515930,515936,519192,6,3256,2,7200,1.00184275184
515968,515975,519412,7,3437,2,7200,1.00203665988
516041,516047,519367,6,3320,2,7200,1.00180722892
516164,516170,519603,6,3433,2,7200,1.0017477425
516183,516189,519725,6,3536,2,7200,1.00169683258
516239,516245,519765,6,3520,2,7200,1.00170454545
516375,516381,520128,6,3747,2,7200,1.00160128102
516671,516678,520174,7,3496,2,7200,1.00200228833
516710,516716,520001,6,3285,2,7200,1.00182648402
516749,516755,519645,6,2890,2,7200,1.00207612457
516869,516875,519917,6,3042,2,7200,1.00197238659
517103,517109,520546,6,3437,2,7200,1.00174570847
517151,517157,520396,6,3239,2,7200,1.00185242359
517208,517214,520412,6,3198,2,7200,1.00187617261
517472,517478,520858,6,3380,2,7200,1.00177514793
517487,517493,520542,6,3049,2,7200,1.00196785831
517555,517562,520982,7,3420,2,7200,1.00204678363
517570,517576,520704,6,3128,2,7200,1.00191815857
517630,517636,520890,6,3254,2,7200,1.00184388445
517651,517657,520223,6,2566,2,7200,1.00233826968
517717,517723,520332,6,2609,2,7200,1.0022997317
517730,517736,519071,6,1335,1,9000,1.00449438202
517758,517764,521005,6,3241,2,7200,1.00185128047
517809,517815,520985,6,3170,2,7200,1.00189274448
517848,517854,520845,6,2991,2,7200,1.00200601805
517863,517869,520990,6,3121,2,7200,1.00192246075
517916,517923,521296,7,3373,2,7200,1.00207530388
517961,517967,520562,6,2595,2,7200,1.00231213873
518009,518015,520610,6,2595,2,7200,1.00231213873
518033,518039,519597,6,1558,2,7200,1.00385109114
518047,518053,521509,6,3456,2,7200,1.00173611111
518186,518192,521821,6,3629,2,7200,1.00165334803
518212,518219,521304,7,3085,2,7200,1.00226904376
518216,518225,521847,9,3622,2,7200,1.00248481502
518303,518309,521647,6,3338,2,7200,1.00179748352
518318,518324,521366,6,3042,2,7200,1.00197238659
518664,518670,519213,6,543,2,7200,1.01104972376
518835,518841,522307,6,3466,2,7200,1.00173110214
518907,518913,521684,6,2771,2,7200,1.00216528329
518921,518927,521508,6,2581,2,7200,1.00232468036
519066,519072,522637,6,3565,2,7200,1.00168302945
519189,519195,523005,6,3810,2,7200,1.00157480315
519215,519222,522852,7,3630,2,7200,1.00192837466
519370,519376,522962,6,3586,2,7200,1.00167317345
519414,519420,522895,6,3475,2,7200,1.00172661871
519597,519603,522521,6,2918,2,7200,1.00205620288
519612,519618,520158,6,540,2,7200,1.01111111111
519647,519653,522446,6,2793,2,7200,1.00214822771
519725,519732,523305,7,3573,2,7200,1.00195913798
519767,519774,522386,7,2612,2,7200,1.00267993874
519919,519926,521581,7,1655,2,7200,1.00422960725
520003,520009,522416,6,2407,2,7200,1.00249272954
520129,520135,523927,6,3792,2,7200,1.00158227848
520159,520166,523424,7,3258,2,7200,1.0021485574
520174,520180,523806,6,3626,2,7200,1.00165471594
520222,520228,522876,6,2648,2,7200,1.00226586103
520333,520339,523056,6,2717,2,7200,1.002208318
520396,520402,523786,6,3384,2,7200,1.00177304965
520413,520420,523659,7,3239,2,7200,1.00216116085
520543,520548,523856,5,3308,2,7200,1.0015114873
520557,520563,524002,6,3439,2,7200,1.00174469322
520572,520578,523918,6,3340,2,7200,1.00179640719
520611,520617,523823,6,3206,2,7200,1.00187149095
520704,520710,523934,6,3224,2,7200,1.00186104218
520845,520851,520941,6,90,2,7200,1.06666666667
520859,520866,524035,7,3169,2,7200,1.00220889871
520889,520895,524574,6,3679,2,7200,1.00163087796
520943,520949,524199,6,3250,2,7200,1.00184615385
520982,520988,524558,6,3570,2,7200,1.00168067227
520996,521003,524152,7,3149,2,7200,1.00222292791
520998,521009,524382,11,3373,2,7200,1.00326119182
521012,521019,524379,7,3360,2,7200,1.00208333333
521298,521304,524794,6,3490,2,7200,1.00171919771
521312,521319,524480,7,3161,2,7200,1.00221448909
521366,521372,524118,6,2746,2,7200,1.00218499636
521511,521517,524250,6,2733,2,7200,1.00219538968
521512,521523,524904,11,3381,2,7200,1.0032534753
521581,521587,524730,6,3143,2,7200,1.00190900414
521649,521655,525085,6,3430,2,7200,1.00174927114
521686,521692,524775,6,3083,2,7200,1.00194615634
521821,521827,524782,6,2955,2,7200,1.00203045685
521848,521854,525338,6,3484,2,7200,1.00172215844
521945,521951,530994,6,9043,1,9000,1.00066349663
522309,522315,525281,6,2966,2,7200,1.0020229265
522387,522393,525706,6,3313,2,7200,1.00181104739
522417,522423,522944,6,521,2,7200,1.01151631478
522446,522453,525654,7,3201,2,7200,1.00218681662
522521,522527,525304,6,2777,2,7200,1.00216060497
522638,522644,525625,6,2981,2,7200,1.0020127474
522851,522858,526100,7,3242,2,7200,1.00215916101
522878,522884,525949,6,3065,2,7200,1.00195758564
522896,522902,525669,6,2767,2,7200,1.00216841344
522944,522950,523046,6,96,2,7200,1.0625
522963,522969,526276,6,3307,2,7200,1.00181433323
523007,523013,526465,6,3452,2,7200,1.00173812283
523046,523052,526405,6,3353,2,7200,1.00178944229
523060,523067,526382,7,3315,2,7200,1.00211161388
523306,523312,526834,6,3522,2,7200,1.00170357751
523425,523431,526535,6,3104,2,7200,1.00193298969
523659,523665,526866,6,3201,2,7200,1.00187441425
523785,523791,526868,6,3077,2,7200,1.00194995125
523806,523812,527138,6,3326,2,7200,1.00180396873
523824,523830,525185,6,1355,2,7200,1.00442804428
523856,523863,526718,7,2855,2,7200,1.00245183888
523919,523926,526810,7,2884,2,7200,1.00242718447
523927,523933,527497,6,3564,2,7200,1.00168350168
523937,523943,526947,6,3004,2,7200,1.00199733688
524003,524009,527072,6,3063,2,7200,1.00195886386
524036,524042,527505,6,3463,2,7200,1.00173260179
524120,524126,527604,6,3478,2,7200,1.00172512938
524152,524158,527380,6,3222,2,7200,1.00186219739
524200,524206,527204,6,2998,2,7200,1.00200133422
524251,524257,527455,6,3198,2,7200,1.00187617261
524380,524386,527499,6,3113,2,7200,1.00192740122
524395,524401,527174,6,2773,2,7200,1.0021637216
524481,524488,526675,7,2187,2,7200,1.0032007316
524559,524566,527488,7,2922,2,7200,1.00239561944
524574,524580,527615,6,3035,2,7200,1.00197693575
524730,524737,528142,7,3405,2,7200,1.00205580029
524775,524781,527883,6,3102,2,7200,1.00193423598
524790,524796,528159,6,3363,2,7200,1.00178412132
524804,524810,528385,6,3575,2,7200,1.00167832168
524906,524912,527958,6,3046,2,7200,1.00196979645
525086,525092,528738,6,3646,2,7200,1.00164563906
525186,525192,526852,6,1660,2,7200,1.00361445783
525282,525288,528295,6,3007,2,7200,1.0019953442
525305,525312,528523,7,3211,2,7200,1.00218000623
525339,525345,528945,6,3600,2,7200,1.00166666667
525627,525633,526155,6,522,2,7200,1.01149425287
525654,525660,528693,6,3033,2,7200,1.00197823937
525669,525675,528247,6,2572,2,7200,1.00233281493
525708,525714,529237,6,3523,2,7200,1.00170309395
525951,525957,529355,6,3398,2,7200,1.00176574456
526101,526107,528427,6,2320,2,7200,1.0025862069
526149,526155,527811,6,1656,2,7200,1.00362318841
526278,526284,529696,6,3412,2,7200,1.00175849941
526383,526389,529514,6,3125,2,7200,1.00192
526407,526413,529865,6,3452,2,7200,1.00173812283
526467,526473,526970,6,497,2,7200,1.01207243461
526536,526542,527343,6,801,2,7200,1.0074906367
526678,526684,530366,6,3682,2,7200,1.00162954916
526720,526726,530148,6,3422,2,7200,1.00175336061
526810,526816,529723,6,2907,2,7200,1.00206398349
526835,526841,530337,6,3496,2,7200,1.00171624714
526851,526858,529950,7,3092,2,7200,1.00226390686
526866,526872,530077,6,3205,2,7200,1.00187207488
526881,526887,530231,6,3344,2,7200,1.00179425837
526947,526952,530321,5,3369,2,7200,1.00148411992
526970,526977,530149,7,3172,2,7200,1.00220680958
527072,527078,527224,6,146,2,7200,1.04109589041
527138,527144,530089,6,2945,2,7200,1.00203735144
527174,527180,530336,6,3156,2,7200,1.00190114068
527204,527210,530739,6,3529,2,7200,1.00170019836
527225,527231,530335,6,3104,2,7200,1.00193298969
527332,527338,527508,6,170,1,3600,1.03529411765
527345,527351,530723,6,3372,2,7200,1.00177935943
527380,527387,530819,7,3432,2,7200,1.00203962704
527455,527462,530485,7,3023,2,7200,1.00231558055
527463,527469,527472,6,3,2,3540,1.0
527488,527494,530820,6,3326,2,7200,1.00180396873
527498,527504,531076,6,3572,2,7200,1.00167973124
527503,527510,530737,7,3227,2,7200,1.0021691974
527517,527524,531142,7,3618,2,7200,1.00193477059
527604,527611,531337,7,3726,2,7200,1.00187869028
527619,527625,530749,6,3124,2,7200,1.0019206146
527682,527688,528034,6,346,1,3600,1.01734104046
527811,527818,531144,7,3326,2,7200,1.00210463019
527883,527889,531179,6,3290,2,7200,1.00182370821
527958,527964,531053,6,3089,2,7200,1.00194237617
528142,528148,530066,6,1918,2,7200,1.0031282586
528159,528165,530687,6,2522,2,7200,1.00237906423
528249,528255,531353,6,3098,2,7200,1.00193673338
528297,528303,531875,6,3572,2,7200,1.00167973124
528387,528393,530894,6,2501,2,7200,1.00239904038
528388,528399,529228,11,829,1,3600,1.01326899879
528429,528435,531622,6,3187,2,7200,1.00188264826
528522,528528,532102,6,3574,2,7200,1.00167879127
528693,528699,531883,6,3184,2,7200,1.00188442211
528738,528744,532114,6,3370,2,7200,1.00178041543
528946,528952,532422,6,3470,2,7200,1.00172910663
529237,529243,532238,6,2995,2,7200,1.0020033389
529357,529363,532461,6,3098,2,7200,1.00193673338
529513,529519,529830,6,311,2,7200,1.0192926045
529695,529701,533067,6,3366,2,7200,1.00178253119
529723,529730,533433,7,3703,2,7200,1.00189035917
529831,529838,532896,7,3058,2,7200,1.00228907783
529867,529873,530383,6,510,2,7200,1.01176470588
529951,529957,533463,6,3506,2,7200,1.00171135197
530068,530074,533444,6,3370,2,7200,1.00178041543
530081,530087,530206,6,119,1,3600,1.05042016807
530083,530093,533098,10,3005,2,7200,1.00332778702
530097,530104,533327,7,3223,2,7200,1.00217188954
530145,530151,533061,6,2910,2,7200,1.00206185567
530160,530166,533411,6,3245,2,7200,1.00184899846
530232,530238,530751,6,513,2,7200,1.01169590643
530322,530328,532433,6,2105,2,7200,1.00285035629
530337,530343,533090,6,2747,2,7200,1.00218420095
530338,530355,533545,17,3190,2,7200,1.00532915361
530340,530350,533889,10,3539,2,7200,1.00282565697
530368,530374,533078,6,2704,2,7200,1.00221893491
530383,530389,533495,6,3106,2,7200,1.00193174501
530406,530412,530739,6,327,1,3600,1.01834862385
530485,530491,534264,6,3773,2,7200,1.00159024649
530689,530695,534008,6,3313,2,7200,1.00181104739
530725,530731,534247,6,3516,2,7200,1.00170648464
530740,530745,534448,5,3703,2,7200,1.00135025655
530741,530751,533819,10,3068,2,7200,1.00325945241
530756,530762,533963,6,3201,2,7200,1.00187441425
530757,530768,534156,11,3388,2,7200,1.00324675325
530820,530826,534304,6,3478,2,7200,1.00172512938
530822,530832,533713,10,2881,2,7200,1.00347101701
530897,530903,534194,6,3291,2,7200,1.00182315406
531053,531059,534243,6,3184,2,7200,1.00188442211
531078,531084,534498,6,3414,2,7200,1.00175746924
531140,531146,534475,6,3329,2,7200,1.00180234305
531154,531161,533632,7,2471,2,7200,1.00283286119
531181,531187,534432,6,3245,2,7200,1.00184899846
531245,531251,531864,6,613,1,3600,1.00978792822
531338,531344,534730,6,3386,2,7200,1.00177200236
531349,531355,531519,6,164,1,3600,1.03658536585
531353,531361,533861,8,2500,2,7200,1.0032
531620,531627,534698,7,3071,2,7200,1.00227938782
531698,531704,532060,6,356,1,3600,1.01685393258
531876,531882,534587,6,2705,2,7200,1.0022181146
531891,531897,534919,6,3022,2,7200,1.00198544011
532104,532110,535294,6,3184,2,7200,1.00188442211
532115,532121,535437,6,3316,2,7200,1.00180940893
532237,532243,535598,6,3355,2,7200,1.00178837556
532425,532431,535779,6,3348,2,7200,1.0017921147
532435,532441,535571,6,3130,2,7200,1.00191693291
532442,532448,533288,6,840,1,3600,1.00714285714
532462,532468,535406,6,2938,2,7200,1.00204220558
532898,532904,536037,6,3133,2,7200,1.00191509735
533060,533066,536179,6,3113,2,7200,1.00192740122
533069,533076,536369,7,3293,2,7200,1.00212572123
533078,533084,536444,6,3360,2,7200,1.00178571429
533093,533099,536311,6,3212,2,7200,1.00186799502
533107,533113,536314,6,3201,2,7200,1.00187441425
533330,533336,536788,6,3452,2,7200,1.00173812283
533411,533417,537061,6,3644,2,7200,1.00164654226
533434,533441,536621,7,3180,2,7200,1.00220125786
533449,533455,536458,6,3003,2,7200,1.001998002
533464,533470,536115,6,2645,2,7200,1.002268431
533497,533503,537061,6,3558,2,7200,1.00168634064
533545,533551,536741,6,3190,2,7200,1.00188087774
533635,533641,537438,6,3797,2,7200,1.00158019489
533713,533719,537071,6,3352,2,7200,1.00178997613
533818,533824,537623,6,3799,2,7200,1.00157936299
533863,533869,537400,6,3531,2,7200,1.00169923534
533889,533895,537259,6,3364,2,7200,1.00178359096
533965,533971,537318,6,3347,2,7200,1.00179265013
534009,534016,536858,7,2842,2,7200,1.00246305419
534157,534163,537522,6,3359,2,7200,1.00178624591
534190,534196,537792,6,3596,2,7200,1.00166852058
534244,534250,537710,6,3460,2,7200,1.00173410405
534258,534265,537648,7,3383,2,7200,1.00206916938
534273,534279,538074,6,3795,2,7200,1.00158102767
534306,534312,537264,6,2952,2,7200,1.00203252033
534432,534438,537889,6,3451,2,7200,1.00173862649
534447,534453,537783,6,3330,2,7200,1.0018018018
534476,534483,534998,7,515,2,7200,1.01359223301
534500,534506,537981,6,3475,2,7200,1.00172661871
534565,534572,534686,7,114,1,3600,1.06140350877
534587,534594,538093,7,3499,2,7200,1.00200057159
534651,534657,534781,6,124,1,1800,1.04838709677
534698,534705,537381,7,2676,2,7200,1.00261584454
534731,534737,537760,6,3023,2,7200,1.00198478333
534876,534882,535211,6,329,1,3600,1.01823708207
534921,534927,538422,6,3495,2,7200,1.0017167382
534999,535005,537921,6,2916,2,7200,1.00205761317
535094,535100,535225,6,125,1,1800,1.048
535296,535302,538451,6,3149,2,7200,1.00190536678
535407,535413,538753,6,3340,2,7200,1.00179640719
535439,535446,538753,7,3307,2,7200,1.0021167221
535573,535579,539196,6,3617,2,7200,1.00165883329
535600,535606,538869,6,3263,2,7200,1.00183879865
535717,535724,536333,7,609,1,3600,1.01149425287
535779,535786,539276,7,3490,2,7200,1.00200573066
535916,535922,536510,6,588,1,1800,1.01020408163
536039,536045,539173,6,3128,2,7200,1.00191815857
536119,536125,538516,6,2391,2,7200,1.00250941029
536182,536188,539152,6,2964,2,7200,1.0020242915
536311,536317,537627,6,1310,2,7200,1.00458015267
536326,536332,539614,6,3282,2,7200,1.00182815356
536370,536377,539988,7,3611,2,7200,1.00193852119
536446,536452,539632,6,3180,2,7200,1.00188679245
536461,536467,539657,6,3190,2,7200,1.00188087774
536623,536629,539704,6,3075,2,7200,1.00195121951
536743,536749,539108,6,2359,2,7200,1.00254345061
536788,536794,539272,6,2478,2,7200,1.00242130751
536860,536866,540216,6,3350,2,7200,1.00179104478
537061,537067,539718,6,2651,2,7200,1.00226329687
537076,537082,539810,6,2728,2,7200,1.00219941349
537077,537088,540561,11,3473,2,7200,1.00316729053
537261,537268,540586,7,3318,2,7200,1.00210970464
537264,537275,540463,11,3188,2,7200,1.00345043915
537317,537324,540510,7,3186,2,7200,1.00219711237
537383,537389,540857,6,3468,2,7200,1.00173010381
537401,537407,540018,6,2611,2,7200,1.00229797013
537440,537446,540211,6,2765,2,7200,1.00216998192
537524,537530,539323,6,1793,2,7200,1.0033463469
537623,537629,541150,6,3521,2,7200,1.00170406135
537638,537644,540960,6,3316,2,7200,1.00180940893
537652,537658,540564,6,2906,2,7200,1.00206469374
537712,537718,541357,6,3639,2,7200,1.00164880462
537760,537766,538278,6,512,2,7200,1.01171875
537780,537786,537837,6,51,1,1800,1.11764705882
537784,537792,540706,8,2914,2,7200,1.00274536719
537798,537804,540743,6,2939,2,7200,1.00204151072
537885,537891,541177,6,3286,2,7200,1.00182592818
537921,537927,538468,6,541,2,7200,1.01109057301
537981,537988,541538,7,3550,2,7200,1.00197183099
538074,538080,541456,6,3376,2,7200,1.00177725118
538095,538101,540897,6,2796,2,7200,1.00214592275
538162,538168,538256,6,88,1,1800,1.06818181818
538279,538285,541969,6,3684,2,7200,1.0016286645
538423,538429,541546,6,3117,2,7200,1.00192492782
538453,538459,541921,6,3462,2,7200,1.00173310225
538470,538477,541644,7,3167,2,7200,1.00221029365
538518,538524,541951,6,3427,2,7200,1.00175080245
538691,538697,538817,6,120,1,1800,1.05
538753,538759,542036,6,3277,2,7200,1.00183094294
538755,538765,542479,10,3714,2,7200,1.00269251481
538870,538876,542452,6,3576,2,7200,1.00167785235
539110,539117,542258,7,3141,2,7200,1.00222858962
539137,539144,539259,7,115,1,1800,1.06086956522
539152,539158,542394,6,3236,2,7200,1.00185414091
539177,539183,542190,6,3007,2,7200,1.0019953442
539198,539204,541969,6,2765,2,7200,1.00216998192
539241,539247,539543,6,296,1,1800,1.02027027027
539273,539279,542284,6,3005,2,7200,1.00199667221
539276,539285,542767,9,3482,2,7200,1.00258472142
539321,539327,542901,6,3574,2,7200,1.00167879127
539615,539621,542614,6,2993,2,7200,1.00200467758
539633,539639,543163,6,3524,2,7200,1.00170261067
539660,539666,543005,6,3339,2,7200,1.00179694519
539704,539711,542727,7,3016,2,7200,1.00232095491
539719,539725,540222,6,497,2,7200,1.01207243461
539812,539818,542748,6,2930,2,7200,1.00204778157
539972,539979,540562,7,583,1,1800,1.01200686106
539989,539996,543428,7,3432,2,7200,1.00203962704
540019,540026,543449,7,3423,2,7200,1.00204498978
540212,540218,543579,6,3361,2,7200,1.00178518298
540227,540233,543806,6,3573,2,7200,1.00167926113
540228,540239,542728,11,2489,2,7200,1.00441944556
540463,540469,543630,6,3161,2,7200,1.0018981335
540510,540517,542200,7,1683,2,7200,1.00415923945
540561,540567,544007,6,3440,2,7200,1.00174418605
540576,540582,544337,6,3755,2,7200,1.00159786951
540586,540593,544325,7,3732,2,7200,1.00187566988
540705,540711,543175,6,2464,2,7200,1.00243506494
540744,540750,544358,6,3608,2,7200,1.00166297118
540858,540864,544257,6,3393,2,7200,1.0017683466
540897,540903,544177,6,3274,2,7200,1.00183262065
540957,540963,544321,6,3358,2,7200,1.00178677784
541152,541158,544099,6,2941,2,7200,1.00204012241
541179,541185,544119,6,2934,2,7200,1.00204498978
541356,541362,544714,6,3352,2,7200,1.00178997613
541458,541464,545000,6,3536,2,7200,1.00169683258
541541,541547,545051,6,3504,2,7200,1.00171232877
541548,541554,544815,6,3261,2,7200,1.0018399264
541644,541650,544890,6,3240,2,7200,1.00185185185
541923,541930,542856,7,926,2,7200,1.00755939525
541953,541959,542263,6,304,2,7200,1.01973684211
541968,541975,545125,7,3150,2,7200,1.00222222222
541970,541981,545127,11,3146,2,7200,1.0034965035
542036,542042,544868,6,2826,2,7200,1.00212314225
542189,542195,543875,6,1680,2,7200,1.00357142857
542203,542210,545358,7,3148,2,7200,1.00222363405
542258,542264,545102,6,2838,2,7200,1.0021141649
542272,542278,545558,6,3280,2,7200,1.00182926829
542287,542293,545451,6,3158,2,7200,1.00189993667
542395,542401,545709,6,3308,2,7200,1.00181378476
542452,542458,545331,6,2873,2,7200,1.00208840933
542464,542471,542514,7,43,1,1800,1.16279069767
542481,542487,545989,6,3502,2,7200,1.00171330668
542614,542620,545721,6,3101,2,7200,1.00193485972
542728,542734,545672,6,2938,2,7200,1.00204220558
542730,542740,545348,10,2608,2,7200,1.00383435583
542747,542753,546286,6,3533,2,7200,1.00169827342
542767,542774,546182,7,3408,2,7200,1.00205399061
542849,542855,542937,6,82,1,1800,1.07317073171
542858,542864,545903,6,3039,2,7200,1.00197433366
542900,542906,546440,6,3534,2,7200,1.00169779287
543005,543011,544315,6,1304,2,7200,1.00460122699
543164,543170,543696,6,526,2,7200,1.01140684411
543179,543185,545110,6,1925,2,7200,1.00311688312
543430,543436,546973,6,3537,2,7200,1.00169635284
543450,543456,546761,6,3305,2,7200,1.00181543116
543582,543588,546699,6,3111,2,7200,1.00192864031
543630,543636,546837,6,3201,2,7200,1.00187441425
543699,543705,546967,6,3262,2,7200,1.00183936235
543806,543813,546193,7,2380,2,7200,1.00294117647
543875,543882,547236,7,3354,2,7200,1.00208706023
543967,543973,554608,6,10635,4,14400,1.00056417489
543968,543979,544271,11,292,1,1800,1.03767123288
544009,544015,547258,6,3243,2,7200,1.00185013876
544096,544102,545532,6,1430,2,7200,1.0041958042
544120,544126,547552,6,3426,2,7200,1.00175131349
544180,544186,546751,6,2565,2,7200,1.00233918129
544258,544264,547897,6,3633,2,7200,1.00165152766
544315,544321,547122,6,2801,2,7200,1.00214209211
544328,544334,547840,6,3506,2,7200,1.00171135197
544330,544340,547576,10,3236,2,7200,1.00309023486
544344,544350,547638,6,3288,2,7200,1.00182481752
544359,544365,548075,6,3710,2,7200,1.00161725067
544714,544720,545802,6,1082,2,7200,1.00554528651
544817,544823,547899,6,3076,2,7200,1.00195058518
544868,544874,548101,6,3227,2,7200,1.00185931205
544892,544898,547513,6,2615,2,7200,1.00229445507
545000,545006,548080,6,3074,2,7200,1.00195185426
545055,545062,548597,7,3535,2,7200,1.00198019802
545102,545108,546622,6,1514,2,7200,1.00396301189
545117,545123,548603,6,3480,2,7200,1.00172413793
545131,545138,545351,7,213,2,7200,1.03286384977
545133,545144,548178,11,3034,2,7200,1.0036255768
545332,545338,548228,6,2890,2,7200,1.00207612457
545350,545356,548515,6,3159,2,7200,1.00189933523
545351,545362,548191,11,2829,2,7200,1.00388829975
545366,545372,548375,6,3003,2,7200,1.001998002
545452,545458,548433,6,2975,2,7200,1.00201680672
545533,545540,546038,7,498,2,7200,1.0140562249
545560,545566,546203,6,637,2,7200,1.00941915228
545671,545677,548961,6,3284,2,7200,1.00182704019
545710,545716,549483,6,3767,2,7200,1.0015927794
545725,545731,549259,6,3528,2,7200,1.00170068027
545803,545809,545964,6,155,2,7200,1.03870967742
545902,545908,548956,6,3048,2,7200,1.00196850394
545965,545971,549442,6,3471,2,7200,1.00172860847
545991,545997,549489,6,3492,2,7200,1.00171821306
546040,546046,549306,6,3260,2,7200,1.0018404908
546183,546189,549627,6,3438,2,7200,1.0017452007
546193,546199,549816,6,3617,2,7200,1.00165883329
546208,546214,549480,6,3266,2,7200,1.00183710961
546286,546292,549623,6,3331,2,7200,1.00180126088
546442,546448,549859,6,3411,2,7200,1.00175901495
546622,546629,549759,7,3130,2,7200,1.00223642173
546697,546703,549896,6,3193,2,7200,1.00187911055
546751,546757,549959,6,3202,2,7200,1.00187382886
546766,546772,548756,6,1984,2,7200,1.00302419355
546838,546844,550475,6,3631,2,7200,1.00165243735
546967,546973,549910,6,2937,2,7200,1.00204290092
546973,546979,550441,6,3462,2,7200,1.00173310225
547125,547131,550989,6,3858,2,7200,1.00155520995
547236,547242,550426,6,3184,2,7200,1.00188442211
547259,547266,550569,7,3303,2,7200,1.0021192855
547515,547521,551268,6,3747,2,7200,1.00160128102
547554,547560,551179,6,3619,2,7200,1.00165791655
547578,547584,550537,6,2953,2,7200,1.00203183204
547638,547644,550545,6,2901,2,7200,1.00206825233
547842,547848,551413,6,3565,2,7200,1.00168302945
547900,547906,551395,6,3489,2,7200,1.00171969046
547901,547912,549927,11,2015,2,7200,1.00545905707
548076,548082,548905,6,823,2,7200,1.00729040097
548090,548096,551175,6,3079,2,7200,1.00194868464
548105,548111,550936,6,2825,2,7200,1.00212389381
548180,548186,551327,6,3141,2,7200,1.00191021968
548195,548201,550202,6,2001,2,7200,1.00299850075
548230,548237,551019,7,2782,2,7200,1.00251617541
548375,548381,551758,6,3377,2,7200,1.0017767249
548435,548441,551596,6,3155,2,7200,1.00190174326
548516,548522,551588,6,3066,2,7200,1.00195694716
548598,548604,551921,6,3317,2,7200,1.00180886343
548606,548612,552034,6,3422,2,7200,1.00175336061
548757,548763,551622,6,2859,2,7200,1.00209863589
548907,548913,552503,6,3590,2,7200,1.00167130919
548955,548961,549425,6,464,2,7200,1.01293103448
548969,548976,552491,7,3515,2,7200,1.00199146515
549259,549265,551721,6,2456,2,7200,1.00244299674
549307,549313,552524,6,3211,2,7200,1.00186857677
549427,549433,552257,6,2824,2,7200,1.00212464589
549444,549451,552232,7,2781,2,7200,1.00251708019
549480,549487,552670,7,3183,2,7200,1.00219918316
549492,549498,553149,6,3651,2,7200,1.00164338537
549495,549504,552802,9,3298,2,7200,1.00272892662
549624,549630,552772,6,3142,2,7200,1.00190961171
549630,549636,553221,6,3585,2,7200,1.00167364017
549760,549766,553057,6,3291,2,7200,1.00182315406
549816,549823,552635,7,2812,2,7200,1.00248933144
549861,549867,553110,6,3243,2,7200,1.00185013876
549897,549903,553366,6,3463,2,7200,1.00173260179
549912,549918,552705,6,2787,2,7200,1.00215285253
549930,549936,553078,6,3142,2,7200,1.00190961171
549959,549966,553280,7,3314,2,7200,1.00211225106
550203,550209,553095,6,2886,2,7200,1.00207900208
550426,550432,551990,6,1558,2,7200,1.00385109114
550444,550450,553905,6,3455,2,7200,1.0017366136
550474,550480,553718,6,3238,2,7200,1.00185299568
550537,550543,553983,6,3440,2,7200,1.00174418605
550552,550558,552845,6,2287,2,7200,1.00262352427
550570,550576,554015,6,3439,2,7200,1.00174469322
550937,550943,553779,6,2836,2,7200,1.00211565585
550988,550994,553526,6,2532,2,7200,1.00236966825
551020,551027,554490,7,3463,2,7200,1.00202136876
551174,551180,553903,6,2723,2,7200,1.00220345207
551188,551194,554647,6,3453,2,7200,1.00173761946
551269,551275,554399,6,3124,2,7200,1.0019206146
551329,551335,554536,6,3201,2,7200,1.00187441425
551395,551401,554590,6,3189,2,7200,1.00188146754
551416,551422,554709,6,3287,2,7200,1.00182537268
551587,551594,554647,7,3053,2,7200,1.00229282673
551602,551608,554400,6,2792,2,7200,1.00214899713
551623,551629,554233,6,2604,2,7200,1.00230414747
551722,551728,551818,6,90,2,7200,1.06666666667
551761,551767,554647,6,2880,2,7200,1.00208333333
551821,551827,554647,6,2820,2,7200,1.00212765957
551922,551928,555364,6,3436,2,7200,1.00174621653
551989,551995,554647,6,2652,2,7200,1.00226244344
552034,552040,552100,6,60,2,7200,1.1
552103,552109,554647,6,2538,2,7200,1.00236406619
552235,552241,554647,6,2406,2,7200,1.00249376559
552259,552265,552377,6,112,2,7200,1.05357142857
552379,552385,554647,6,2262,2,7200,1.00265251989
552490,552496,554647,6,2151,2,7200,1.00278940028
552505,552511,554647,6,2136,2,7200,1.00280898876
552525,552531,554647,6,2116,2,7200,1.00283553875
552637,552643,554647,6,2004,2,7200,1.00299401198
552669,552675,553164,6,489,2,7200,1.01226993865
552705,552712,554647,7,1935,2,7200,1.00361757106
552771,552777,554647,6,1870,2,7200,1.00320855615
552801,552807,554647,6,1840,2,7200,1.00326086957
552846,552852,554647,6,1795,2,7200,1.00334261838
553059,553065,554647,6,1582,2,7200,1.00379266751
553077,553083,554647,6,1564,2,7200,1.00383631714
553095,553101,554647,6,1546,2,7200,1.00388098318
553109,553116,554647,7,1531,2,7200,1.00457217505
553150,553156,556738,6,3582,2,7200,1.00167504188
553166,553173,554647,7,1474,2,7200,1.00474898236
553222,553228,556621,6,3393,2,7200,1.0017683466
553281,553287,553965,6,678,2,7200,1.00884955752
553368,553374,554647,6,1273,2,7200,1.00471327573
553527,553533,554647,6,1114,2,7200,1.00538599641
553716,553722,554647,6,925,2,7200,1.00648648649
553779,553785,554647,6,862,2,7200,1.00696055684
553902,553908,554647,6,739,2,7200,1.00811907984
553906,553914,557445,8,3531,2,7200,1.00226564713
553965,553971,554647,6,676,2,7200,1.00887573964
553983,553989,554647,6,658,2,7200,1.00911854103
554016,554022,554647,6,625,2,7200,1.0096
554235,554241,554647,6,406,2,7200,1.01477832512
554401,554407,554647,6,240,2,7200,1.025
554402,554413,554647,11,234,2,7200,1.04700854701
554492,554498,554647,6,149,2,7200,1.04026845638
554537,554543,554647,6,104,2,7200,1.05769230769
554591,554597,554647,6,50,2,7200,1.12
554710,554716,558180,6,3464,2,7200,1.00173210162
554901,554907,558351,6,3444,2,7200,1.00174216028
554902,554913,555962,11,1049,2,7200,1.01048617731
554903,554918,554997,15,79,2,7200,1.18987341772
554905,554924,558221,19,3297,2,7200,1.00576281468
554906,554929,558379,23,3450,2,7200,1.00666666667
554907,554934,558403,27,3469,2,7200,1.00778322283
554908,554940,558366,32,3426,2,7200,1.00934033859
554910,554945,555120,35,175,2,7200,1.2
554911,554950,558282,39,3332,2,7200,1.01170468187
554913,554956,555039,43,83,2,7200,1.51807228916
554914,554961,558581,47,3620,2,7200,1.01298342541
554915,554966,555056,51,90,2,7200,1.56666666667
554917,554971,557942,54,2971,2,7200,1.01817569842
554918,554977,558192,59,3215,2,7200,1.01835147745
554919,554982,557940,63,2958,2,7200,1.02129817444
554921,554987,558058,66,3071,2,7200,1.02149137089
554922,554992,558537,70,3545,2,7200,1.0197461213
554923,554998,558546,75,3548,2,7200,1.02113866967
554925,555003,558535,78,3532,2,7200,1.02208380521
554926,555008,555532,82,524,2,7200,1.15648854962
554927,555013,558320,86,3307,2,7200,1.026005443
554929,555019,558684,90,3665,2,7200,1.02455661664
554930,555024,558470,94,3446,2,7200,1.02727800348
554931,555029,558455,98,3426,2,7200,1.02860478692
554933,555034,558503,101,3469,2,7200,1.02911501874
554934,555040,557763,106,2723,2,7200,1.03892765332
554935,555046,555947,111,901,2,7200,1.12319644839
554937,555051,558586,114,3535,2,7200,1.03224893918
554938,555057,558609,119,3552,2,7200,1.03350225225
554939,555062,556159,123,1097,2,7200,1.11212397448
554941,555067,558526,126,3459,2,7200,1.03642671292
554942,555072,558299,130,3227,2,7200,1.04028509452
554943,555078,558209,135,3131,2,7200,1.04311721495
554945,555083,558523,138,3440,2,7200,1.04011627907
554946,555088,558237,142,3149,2,7200,1.04509368053
555366,555372,558905,6,3533,2,7200,1.00169827342
556163,556169,559249,6,3080,2,7200,1.00194805195
556164,556175,558284,11,2109,2,7200,1.00521574206
556165,556180,558935,15,2755,2,7200,1.0054446461
556167,556186,559571,19,3385,2,7200,1.00561299852
556168,556191,559423,23,3232,2,7200,1.00711633663
556169,556196,559521,27,3325,2,7200,1.00812030075
556171,556202,559516,31,3314,2,7200,1.00935425468
556172,556208,559591,36,3383,2,7200,1.01064144251
556623,556629,560105,6,3476,2,7200,1.00172612198
556740,556746,560141,6,3395,2,7200,1.00176730486
557448,557454,560736,6,3282,2,7200,1.00182815356
557763,557769,561251,6,3482,2,7200,1.00172314762
557940,557946,561247,6,3301,2,7200,1.00181763102
557942,557952,561125,10,3173,2,7200,1.00315159155
558059,558065,561648,6,3583,2,7200,1.00167457438
558182,558188,561724,6,3536,2,7200,1.00169683258
558194,558200,560124,6,1924,2,7200,1.00311850312
558211,558217,561559,6,3342,2,7200,1.00179533214
558226,558232,561018,6,2786,2,7200,1.00215362527
558241,558247,561774,6,3527,2,7200,1.00170116246
558282,558288,561293,6,3005,2,7200,1.00199667221
558297,558303,561779,6,3476,2,7200,1.00172612198
558312,558318,561459,6,3141,2,7200,1.00191021968
558326,558333,561450,7,3117,2,7200,1.00224574912
558350,558356,561474,6,3118,2,7200,1.00192431046
558365,558371,561562,6,3191,2,7200,1.00188028831
558380,558386,561904,6,3518,2,7200,1.0017055145
558403,558409,561972,6,3563,2,7200,1.00168397418
558454,558460,562020,6,3560,2,7200,1.00168539326
558472,558478,561592,6,3114,2,7200,1.00192678227
558501,558508,561798,7,3290,2,7200,1.00212765957
558525,558531,561806,6,3275,2,7200,1.00183206107
558526,558537,561756,11,3219,2,7200,1.00341721031
558541,558547,559106,6,559,2,7200,1.01073345259
558542,558553,561957,11,3404,2,7200,1.00323149236
558557,558563,562167,6,3604,2,7200,1.00166481687
558581,558587,561649,6,3062,2,7200,1.00195950359
558595,558602,561748,7,3146,2,7200,1.00222504768
558610,558616,561727,6,3111,2,7200,1.00192864031
558685,558691,561890,6,3199,2,7200,1.00187558612
558907,558914,562561,7,3647,2,7200,1.0019193858
558937,558943,561483,6,2540,2,7200,1.00236220472
559105,559112,562444,7,3332,2,7200,1.00210084034
559249,559256,562642,7,3386,2,7200,1.00206733609
559423,559430,561751,7,2321,2,7200,1.0030159414
559519,559525,563039,6,3514,2,7200,1.00170745589
559534,559540,562762,6,3222,2,7200,1.00186219739
559573,559579,562951,6,3372,2,7200,1.00177935943
559590,559597,562571,7,2974,2,7200,1.00235373235
560106,560112,563426,6,3314,2,7200,1.00181050091
560125,560131,563727,6,3596,2,7200,1.00166852058
560142,560148,563305,6,3157,2,7200,1.00190053849
560738,560744,564356,6,3612,2,7200,1.00166112957
561019,561025,564383,6,3358,2,7200,1.00178677784
561126,561133,564432,7,3299,2,7200,1.00212185511
561249,561255,564754,6,3499,2,7200,1.00171477565
561264,561270,564330,6,3060,2,7200,1.00196078431
561294,561300,564162,6,2862,2,7200,1.00209643606
561453,561459,565091,6,3632,2,7200,1.00165198238
561467,561473,564624,6,3151,2,7200,1.00190415741
561482,561488,564674,6,3186,2,7200,1.00188323917
561497,561503,562011,6,508,2,7200,1.01181102362
561560,561566,565088,6,3522,2,7200,1.00170357751
561574,561580,564686,6,3106,2,7200,1.00193174501
561592,561598,564522,6,2924,2,7200,1.00205198358
561649,561655,565103,6,3448,2,7200,1.00174013921
561650,561661,563020,11,1359,2,7200,1.0080941869
561725,561732,565232,7,3500,2,7200,1.002
561728,561738,564922,10,3184,2,7200,1.00314070352
561749,561755,564555,6,2800,2,7200,1.00214285714
561763,561770,564806,7,3036,2,7200,1.00230566535
561765,561775,564991,10,3216,2,7200,1.00310945274
561779,561785,564848,6,3063,2,7200,1.00195886386
561781,561791,561888,10,97,2,7200,1.10309278351
561800,561806,562308,6,502,2,7200,1.01195219124
561814,561820,565073,6,3253,2,7200,1.00184445128
561889,561895,562397,6,502,2,7200,1.01195219124
561904,561910,565191,6,3281,2,7200,1.00182871076
561905,561916,565136,11,3220,2,7200,1.00341614907
561959,561965,565432,6,3467,2,7200,1.00173060283
561974,561980,565114,6,3134,2,7200,1.00191448628
562012,562018,565138,6,3120,2,7200,1.00192307692
562027,562033,565278,6,3245,2,7200,1.00184899846
562168,562174,564676,6,2502,2,7200,1.00239808153
562309,562315,565823,6,3508,2,7200,1.00171037628
562399,562405,565594,6,3189,2,7200,1.00188146754
562444,562450,562563,6,113,2,7200,1.05309734513
562562,562568,566207,6,3639,2,7200,1.00164880462
562564,562574,565639,10,3065,2,7200,1.00326264274
562578,562585,565687,7,3102,2,7200,1.00225660864
562641,562647,564353,6,1706,2,7200,1.00351699883
562761,562767,565803,6,3036,2,7200,1.00197628458
562950,562956,563435,6,479,2,7200,1.01252609603
563022,563028,565997,6,2969,2,7200,1.00202088245
563040,563046,566196,6,3150,2,7200,1.0019047619
563307,563313,566692,6,3379,2,7200,1.00177567328
563427,563433,567022,6,3589,2,7200,1.00167177487
563437,563443,566390,6,2947,2,7200,1.00203596878
563725,563731,567177,6,3446,2,7200,1.00174114916
564161,564167,567732,6,3565,2,7200,1.00168302945
564333,564339,567147,6,2808,2,7200,1.00213675214
564353,564359,567683,6,3324,2,7200,1.00180505415
564357,564365,567873,8,3508,2,7200,1.00228050171
564384,564390,564889,6,499,2,7200,1.0120240481
564437,564443,567557,6,3114,2,7200,1.00192678227
564525,564532,567044,7,2512,2,7200,1.0027866242
564557,564563,567918,6,3355,2,7200,1.00178837556
564627,564633,564693,6,60,2,7200,1.1
564677,564683,567875,6,3192,2,7200,1.00187969925
564692,564698,567723,6,3025,2,7200,1.00198347107
564693,564704,568018,11,3314,2,7200,1.00331925166
564708,564714,568024,6,3310,2,7200,1.00181268882
564756,564762,568424,6,3662,2,7200,1.00163844894
564806,564813,568162,7,3349,2,7200,1.00209017617
564845,564851,567784,6,2933,2,7200,1.00204568701
564890,564896,568364,6,3468,2,7200,1.00173010381
564923,564929,568434,6,3505,2,7200,1.00171184023
564991,564997,568114,6,3117,2,7200,1.00192492782
565075,565081,568189,6,3108,2,7200,1.00193050193
565090,565096,568066,6,2970,2,7200,1.00202020202
565091,565102,568513,11,3411,2,7200,1.00322486074
565106,565112,568150,6,3038,2,7200,1.00197498354
565121,565127,568451,6,3324,2,7200,1.00180505415
565138,565145,568411,7,3266,2,7200,1.00214329455
565140,565152,568501,12,3349,2,7200,1.00358315915
565191,565197,567988,6,2791,2,7200,1.00214976711
565235,565241,568838,6,3597,2,7200,1.00166805671
565280,565287,568618,7,3331,2,7200,1.00210147103
565432,565438,568285,6,2847,2,7200,1.00210748156
565594,565600,568551,6,2951,2,7200,1.00203320908
565639,565645,568669,6,3024,2,7200,1.00198412698
565687,565693,568936,6,3243,2,7200,1.00185013876
565804,565810,565907,6,97,2,7200,1.0618556701
565825,565831,569137,6,3306,2,7200,1.00181488203
565909,565915,568939,6,3024,2,7200,1.00198412698
565999,566005,566147,6,142,2,7200,1.04225352113
566149,566155,569179,6,3024,2,7200,1.00198412698
566196,566203,569050,7,2847,2,7200,1.00245872849
566209,566216,569868,7,3652,2,7200,1.00191675794
566392,566398,569849,6,3451,2,7200,1.00173862649
566694,566700,569976,6,3276,2,7200,1.00183150183
567022,567028,570489,6,3461,2,7200,1.001733603
567041,567048,570325,7,3277,2,7200,1.00213610009
567149,567156,570265,7,3109,2,7200,1.00225152782
567176,567182,570317,6,3135,2,7200,1.0019138756
567558,567564,568120,6,556,2,7200,1.01079136691
567684,567690,567783,6,93,2,7200,1.06451612903
567723,567729,571191,6,3462,2,7200,1.00173310225
567737,567743,568334,6,591,2,7200,1.01015228426
567782,567788,570870,6,3082,2,7200,1.0019467878
567797,567803,571299,6,3496,2,7200,1.00171624714
567872,567879,571597,7,3718,2,7200,1.00188273265
567874,567885,571227,11,3342,2,7200,1.00329144225
567919,567925,570860,6,2935,2,7200,1.00204429302
567988,567994,571367,6,3373,2,7200,1.0017788319
568018,568024,571609,6,3585,2,7200,1.00167364017
568032,568038,571210,6,3172,2,7200,1.00189155107
568068,568074,571383,6,3309,2,7200,1.00181323663
568116,568122,571535,6,3413,2,7200,1.00175798418
568130,568137,568711,7,574,2,7200,1.01219512195
568151,568157,568197,6,40,2,7200,1.15
568166,568172,571798,6,3626,2,7200,1.00165471594
568189,568196,571571,7,3375,2,7200,1.00207407407
568204,568210,571703,6,3493,2,7200,1.00171772116
568285,568291,571410,6,3119,2,7200,1.00192369349
568336,568342,571839,6,3497,2,7200,1.00171575636
568366,568372,571908,6,3536,2,7200,1.00169683258
568413,568420,571499,7,3079,2,7200,1.00227346541
568428,568434,571894,6,3460,2,7200,1.00173410405
568443,568449,572165,6,3716,2,7200,1.0016146394
568457,568463,569590,6,1127,2,7200,1.00532386868
568502,568508,570317,6,1809,2,7200,1.00331674959
568517,568523,572031,6,3508,2,7200,1.00171037628
568553,568559,571473,6,2914,2,7200,1.00205902539
568619,568625,571863,6,3238,2,7200,1.00185299568
568670,568676,571825,6,3149,2,7200,1.00190536678
568712,568718,572009,6,3291,2,7200,1.00182315406
568840,568845,572411,5,3566,2,7200,1.00140213124
568938,568944,572158,6,3214,2,7200,1.00186683261
568939,568950,570923,11,1973,2,7200,1.00557526609
569050,569057,572375,7,3318,2,7200,1.00210970464
569137,569143,569235,6,92,2,7200,1.0652173913
569179,569185,572635,6,3450,2,7200,1.00173913043
569236,569242,572438,6,3196,2,7200,1.00187734668
569591,569597,572927,6,3330,2,7200,1.0018018018
569852,569858,573229,6,3371,2,7200,1.00177988727
569870,569876,573529,6,3653,2,7200,1.00164248563
569979,569985,573870,6,3885,2,7200,1.00154440154
570267,570273,570365,6,92,2,7200,1.0652173913
570318,570324,573706,6,3382,2,7200,1.00177409817
570319,570330,573949,11,3619,2,7200,1.00303951368
570333,570340,573651,7,3311,2,7200,1.0021141649
570366,570372,573329,6,2957,2,7200,1.00202908353
570490,570497,574115,7,3618,2,7200,1.00193477059
570859,570865,574464,6,3599,2,7200,1.00166712976
570874,570880,573032,6,2152,2,7200,1.00278810409
570925,570931,574221,6,3290,2,7200,1.00182370821
571192,571198,571284,6,86,2,7200,1.06976744186
571210,571216,574299,6,3083,2,7200,1.00194615634
571227,571233,574217,6,2984,2,7200,1.00201072386
571284,571290,574499,6,3209,2,7200,1.00186974135
571299,571305,574052,6,2747,2,7200,1.00218420095
571368,571374,574648,6,3274,2,7200,1.00183262065
571385,571392,575052,7,3660,2,7200,1.00191256831
571412,571418,574443,6,3025,2,7200,1.00198347107
571475,571481,574670,6,3189,2,7200,1.00188146754
571502,571508,574595,6,3087,2,7200,1.0019436346
571537,571543,574774,6,3231,2,7200,1.00185701021
571573,571579,574851,6,3272,2,7200,1.00183374083
571600,571606,575147,6,3541,2,7200,1.0016944366
571609,571615,575069,6,3454,2,7200,1.00173711639
571702,571708,574026,6,2318,2,7200,1.00258843831
571798,571804,574853,6,3049,2,7200,1.00196785831
571825,571831,575327,6,3496,2,7200,1.00171624714
571839,571845,574472,6,2627,2,7200,1.00228397411
571849,571855,572469,6,614,3,144000,1.00977198697
571863,571869,575236,6,3367,2,7200,1.00178200178
571896,571902,572362,6,460,2,7200,1.01304347826
571911,571917,575678,6,3761,2,7200,1.00159532039
572010,572016,575167,6,3151,2,7200,1.00190415741
572033,572040,572160,7,120,2,7200,1.05833333333
572160,572166,574840,6,2674,2,7200,1.00224382947
572161,572172,575605,11,3433,2,7200,1.00320419458
572176,572182,575147,6,2965,2,7200,1.00202360877
572362,572368,575619,6,3251,2,7200,1.00184558597
572377,572383,575281,6,2898,2,7200,1.00207039337
572412,572418,575924,6,3506,2,7200,1.00171135197
572440,572446,574885,6,2439,2,7200,1.0024600246
572635,572641,573155,6,514,2,7200,1.01167315175
572927,572933,575950,6,3017,2,7200,1.00198873053
573031,573038,576811,7,3773,2,7200,1.00185528757
573158,573164,573742,6,578,2,7200,1.01038062284
573229,573236,576982,7,3746,2,7200,1.0018686599
573328,573335,576576,7,3241,2,7200,1.00215982721
573530,573536,577114,6,3578,2,7200,1.00167691448
573653,573659,576540,6,2881,2,7200,1.0020826102
573707,573713,576528,6,2815,2,7200,1.00213143872
573742,573749,577057,7,3308,2,7200,1.00211608222
573870,573876,577301,6,3425,2,7200,1.00175182482
573950,573956,577517,6,3561,2,7200,1.00168491997
574028,574034,577373,6,3339,2,7200,1.00179694519
574054,574061,576966,7,2905,2,7200,1.00240963855
574117,574124,577635,7,3511,2,7200,1.00199373398
574217,574223,577285,6,3062,2,7200,1.00195950359
574231,574237,574725,6,488,2,7200,1.01229508197
574300,574306,577576,6,3270,2,7200,1.00183486239
574444,574450,574572,6,122,2,7200,1.04918032787
574465,574471,576796,6,2325,2,7200,1.00258064516
574480,574486,577898,6,3412,2,7200,1.00175849941
574500,574506,578030,6,3524,2,7200,1.00170261067
574572,574578,577986,6,3408,2,7200,1.00176056338
574596,574602,574656,6,54,2,7200,1.11111111111
574650,574656,578279,6,3623,2,7200,1.00165608612
574665,574671,578194,6,3523,2,7200,1.00170309395
574679,574685,578276,6,3591,2,7200,1.00167084378
574727,574733,578073,6,3340,2,7200,1.00179640719
574775,574781,578290,6,3509,2,7200,1.00170988886
574841,574847,576050,6,1203,2,7200,1.00498753117
574855,574862,577993,7,3131,2,7200,1.00223570744
574857,574868,577830,11,2962,2,7200,1.00371370695
574887,574893,578149,6,3256,2,7200,1.00184275184
575052,575058,575582,6,524,2,7200,1.01145038168
575069,575076,577866,7,2790,2,7200,1.00250896057
575147,575153,575665,6,512,2,7200,1.01171875
575150,575159,578730,9,3571,2,7200,1.00252030244
575168,575174,578564,6,3390,2,7200,1.0017699115
575237,575243,578136,6,2893,2,7200,1.00207397166
575282,575288,578544,6,3256,2,7200,1.00184275184
575330,575336,578700,6,3364,2,7200,1.00178359096
575585,575591,578851,6,3260,2,7200,1.0018404908
575606,575612,578968,6,3356,2,7200,1.00178784267
575620,575626,578824,6,3198,2,7200,1.00187617261
575665,575671,576230,6,559,2,7200,1.01073345259
575680,575686,576035,6,349,2,7200,1.01719197708
575926,575932,579709,6,3777,2,7200,1.00158856235
575947,575953,578544,6,2591,2,7200,1.00231570822
576037,576044,576121,7,77,2,7200,1.09090909091
576052,576058,579602,6,3544,2,7200,1.00169300226
576121,576127,579506,6,3379,2,7200,1.00177567328
576232,576238,578650,6,2412,2,7200,1.00248756219
576526,576533,579808,7,3275,2,7200,1.00213740458
576541,576547,579845,6,3298,2,7200,1.00181928441
576577,576583,579670,6,3087,2,7200,1.0019436346
576796,576802,580185,6,3383,2,7200,1.00177357375
576811,576817,577315,6,498,2,7200,1.01204819277
576967,576973,580465,6,3492,2,7200,1.00171821306
576985,576991,580656,6,3665,2,7200,1.00163710778
577060,577066,580170,6,3104,2,7200,1.00193298969
577115,577121,580546,6,3425,2,7200,1.00175182482
577285,577291,580497,6,3206,2,7200,1.00187149095
577301,577307,580785,6,3478,2,7200,1.00172512938
577315,577321,580666,6,3345,2,7200,1.00179372197
577375,577381,580777,6,3396,2,7200,1.00176678445
577519,577525,578036,6,511,2,7200,1.01174168297
577576,577582,580813,6,3231,2,7200,1.00185701021
577635,577641,581070,6,3429,2,7200,1.00174978128
577832,577838,581122,6,3284,2,7200,1.00182704019
577868,577874,581264,6,3390,2,7200,1.0017699115
577900,577906,580561,6,2655,2,7200,1.00225988701
577987,577993,581364,6,3371,2,7200,1.00177988727
578002,578008,581292,6,3284,2,7200,1.00182704019
578028,578034,581113,6,3079,2,7200,1.00194868464
578043,578049,581456,6,3407,2,7200,1.00176108013
578076,578082,580378,6,2296,2,7200,1.00261324042
578136,578142,581595,6,3453,2,7200,1.00173761946
578150,578156,581395,6,3239,2,7200,1.00185242359
578195,578201,581243,6,3042,2,7200,1.00197238659
578276,578282,581426,6,3144,2,7200,1.00190839695
578291,578297,581136,6,2839,2,7200,1.00211342022
578292,578303,581047,11,2744,2,7200,1.00400874636
578545,578551,581621,6,3070,2,7200,1.00195439739
578546,578557,581679,11,3122,2,7200,1.00352338245
578567,578573,581844,6,3271,2,7200,1.00183430144
578654,578660,582070,6,3410,2,7200,1.00175953079
578701,578708,581969,7,3261,2,7200,1.0021465808
578728,578735,582263,7,3528,2,7200,1.00198412698
578824,578831,582097,7,3266,2,7200,1.00214329455
578851,578857,581899,6,3042,2,7200,1.00197238659
578971,578977,582050,6,3073,2,7200,1.00195248942
579507,579513,582805,6,3292,2,7200,1.00182260024
579603,579609,583057,6,3448,2,7200,1.00174013921
579672,579678,582727,6,3049,2,7200,1.00196785831
579711,579718,583379,7,3661,2,7200,1.00191204589
579810,579816,583180,6,3364,2,7200,1.00178359096
579846,579852,579942,6,90,2,7200,1.06666666667
579945,579951,583111,6,3160,2,7200,1.00189873418
580170,580176,583400,6,3224,2,7200,1.00186104218
580185,580191,581002,6,811,2,7200,1.00739827374
580377,580383,583654,6,3271,2,7200,1.00183430144
580467,580474,583564,7,3090,2,7200,1.00226537217
580497,580503,583914,6,3411,2,7200,1.00175901495
580548,580554,584035,6,3481,2,7200,1.00172364263
580563,580569,583411,6,2842,2,7200,1.0021111893
580656,580662,583584,6,2922,2,7200,1.00205338809
580670,580676,583835,6,3159,2,7200,1.00189933523
580778,580784,584036,6,3252,2,7200,1.00184501845
580786,580792,584373,6,3581,2,7200,1.00167550963
580814,580820,580916,6,96,2,7200,1.0625
580916,580922,583826,6,2904,2,7200,1.0020661157
581003,581009,584561,6,3552,2,7200,1.00168918919
581048,581054,584312,6,3258,2,7200,1.00184162063
581072,581078,584558,6,3480,2,7200,1.00172413793
581114,581120,584326,6,3206,2,7200,1.00187149095
581128,581134,584176,6,3042,2,7200,1.00197238659
581143,581149,584561,6,3412,2,7200,1.00175849941
581245,581251,584682,6,3431,2,7200,1.00174876129
581266,581272,584340,6,3068,2,7200,1.00195567145
581292,581299,584771,7,3472,2,7200,1.00201612903
581364,581370,581570,6,200,2,7200,1.03
581397,581403,581604,6,201,2,7200,1.02985074627
581427,581433,584699,6,3266,2,7200,1.00183710961
581457,581463,581717,6,254,2,7200,1.02362204724
581571,581577,585007,6,3430,2,7200,1.00174927114
581594,581601,584991,7,3390,2,7200,1.00206489676
581609,581615,584715,6,3100,2,7200,1.00193548387
581624,581630,584722,6,3092,2,7200,1.00194049159
581681,581687,585025,6,3338,2,7200,1.00179748352
581720,581726,581873,6,147,2,7200,1.04081632653
581843,581849,585456,6,3607,2,7200,1.00166343222
581875,581881,585206,6,3325,2,7200,1.00180451128
581899,581905,585112,6,3207,2,7200,1.00187090739
581971,581977,585399,6,3422,2,7200,1.00175336061
582052,582058,585541,6,3483,2,7200,1.00172265289
582069,582075,585147,6,3072,2,7200,1.001953125
582099,582105,585746,6,3641,2,7200,1.00164789893
582265,582271,585967,6,3696,2,7200,1.00162337662
582729,582735,586188,6,3453,2,7200,1.00173761946
582806,582813,583941,7,1128,2,7200,1.00620567376
583053,583059,586153,6,3094,2,7200,1.00193923723
583112,583119,586633,7,3514,2,7200,1.00199203187
583181,583187,586709,6,3522,2,7200,1.00170357751
583380,583386,586852,6,3466,2,7200,1.00173110214
583400,583407,584626,7,1219,2,7200,1.00574241181
583415,583421,584861,6,1440,2,7200,1.00416666667
583565,583571,587123,6,3552,2,7200,1.00168918919
583586,583592,587126,6,3534,2,7200,1.00169779287
583655,583661,587063,6,3402,2,7200,1.00176366843
583826,583832,586846,6,3014,2,7200,1.00199071002
583841,583847,587370,6,3523,2,7200,1.00170309395
583917,583923,587052,6,3129,2,7200,1.00191754554
583943,583950,587511,7,3561,2,7200,1.00196573996
584036,584042,584254,6,212,2,7200,1.02830188679
584037,584048,587487,11,3439,2,7200,1.00319860425
584177,584183,587505,6,3322,2,7200,1.00180614088
584255,584261,585820,6,1559,2,7200,1.00384862091
584312,584318,587502,6,3184,2,7200,1.00188442211
584327,584333,587741,6,3408,2,7200,1.00176056338
584341,584347,587601,6,3254,2,7200,1.00184388445
584375,584381,588013,6,3632,2,7200,1.00165198238
584561,584572,587834,11,3262,2,7200,1.00337216432
584562,584567,588161,5,3594,2,7200,1.00139120757
584562,584580,588105,18,3525,2,7200,1.00510638298
584628,584634,588321,6,3687,2,7200,1.0016273393
584682,584688,585199,6,511,2,7200,1.01174168297
584700,584706,587705,6,2999,2,7200,1.00200066689
584717,584723,586623,6,1900,2,7200,1.00315789474
584732,584738,587685,6,2947,2,7200,1.00203596878
584771,584777,587963,6,3186,2,7200,1.00188323917
584861,584867,588044,6,3177,2,7200,1.00188857413
584990,584995,585326,5,331,2,7200,1.01510574018
585007,585014,588318,7,3304,2,7200,1.00211864407
585025,585031,588509,6,3478,2,7200,1.00172512938
585112,585118,588082,6,2964,2,7200,1.0020242915
585148,585154,588841,6,3687,2,7200,1.0016273393
585202,585208,588192,6,2984,2,7200,1.00201072386
585216,585222,588330,6,3108,2,7200,1.00193050193
585327,585333,588523,6,3190,2,7200,1.00188087774
585402,585408,588804,6,3396,2,7200,1.00176678445
585456,585462,588945,6,3483,2,7200,1.00172265289
585543,585549,588839,6,3290,2,7200,1.00182370821
585747,585753,589152,6,3399,2,7200,1.00176522507
585819,585825,589119,6,3294,2,7200,1.00182149362
585968,585974,589474,6,3500,2,7200,1.00171428571
586155,586162,589186,7,3024,2,7200,1.00231481481
586188,586194,587634,6,1440,2,7200,1.00416666667
586624,586630,590003,6,3373,2,7200,1.0017788319
586639,586645,590176,6,3531,2,7200,1.00169923534
586711,586717,589249,6,2532,2,7200,1.00236966825
586846,586852,590463,6,3611,2,7200,1.00166158959
586853,586859,590589,6,3730,2,7200,1.00160857909
586956,586962,636875,6,49913,16,144000,1.00012020916
587053,587059,587171,6,112,2,7200,1.05357142857
587068,587074,590677,6,3603,2,7200,1.00166527893
587125,587131,590194,6,3063,2,7200,1.00195886386
587139,587146,590618,7,3472,2,7200,1.00201612903
587172,587178,590338,6,3160,2,7200,1.00189873418
587371,587377,590462,6,3085,2,7200,1.00194489465
587488,587494,590958,6,3464,2,7200,1.00173210162
587503,587509,589310,6,1801,2,7200,1.00333148251
587518,587523,590107,5,2584,2,7200,1.00193498452
587519,587530,591090,11,3560,2,7200,1.00308988764
587603,587609,590986,6,3377,2,7200,1.0017767249
587636,587642,590798,6,3156,2,7200,1.00190114068
587686,587692,590768,6,3076,2,7200,1.00195058518
587707,587713,587732,6,19,2,7200,1.31578947368
587734,587740,587845,6,105,2,7200,1.05714285714
587749,587755,590363,6,2608,2,7200,1.0023006135
587832,587839,591199,7,3360,2,7200,1.00208333333
587847,587853,590746,6,2893,2,7200,1.00207397166
587964,587970,591190,6,3220,2,7200,1.00186335404
588015,588021,591335,6,3314,2,7200,1.00181050091
588045,588051,591291,6,3240,2,7200,1.00185185185
588084,588090,591182,6,3092,2,7200,1.00194049159
588108,588114,588603,6,489,2,7200,1.01226993865
588162,588169,591884,7,3715,2,7200,1.00188425303
588191,588198,591793,7,3595,2,7200,1.00194714882
588320,588326,591815,6,3489,2,7200,1.00171969046
588322,588332,591696,10,3364,2,7200,1.00297265161
588336,588343,591275,7,2932,2,7200,1.00238744884
588508,588514,592069,6,3555,2,7200,1.00168776371
588526,588532,591714,6,3182,2,7200,1.00188560654
588604,588610,588805,6,195,2,7200,1.03076923077
588805,588811,589344,6,533,2,7200,1.01125703565
588807,588818,592215,11,3397,2,7200,1.00323815131
588839,588846,592261,7,3415,2,7200,1.00204978038
588854,588860,591967,6,3107,2,7200,1.00193112327
588947,588953,592361,6,3408,2,7200,1.00176056338
589121,589128,592590,7,3462,2,7200,1.00202195263
589154,589160,592508,6,3348,2,7200,1.0017921147
589187,589193,592544,6,3351,2,7200,1.0017905103
589247,589253,591618,6,2365,2,7200,1.00253699789
589310,589316,592754,6,3438,2,7200,1.0017452007
589345,589352,592803,7,3451,2,7200,1.00202839757
589475,589480,592976,5,3496,2,7200,1.00143020595
590004,590010,593419,6,3409,2,7200,1.00176004693
590109,590115,592946,6,2831,2,7200,1.00211939244
590175,590181,590288,6,107,2,7200,1.05607476636
590196,590202,593583,6,3381,2,7200,1.00177462289
590289,590295,590613,6,318,2,7200,1.01886792453
590339,590346,593360,7,3014,2,7200,1.00232249502
590363,590369,593385,6,3016,2,7200,1.00198938992
590462,590468,593509,6,3041,2,7200,1.00197303519
590464,590474,593952,10,3478,2,7200,1.00287521564
590589,590595,594110,6,3515,2,7200,1.00170697013
590614,590620,594118,6,3498,2,7200,1.00171526587
590628,590635,593982,7,3347,2,7200,1.00209142516
590679,590686,594372,7,3686,2,7200,1.00189907759
590745,590751,593796,6,3045,2,7200,1.00197044335
590769,590775,593996,6,3221,2,7200,1.00186277554
590799,590805,593932,6,3127,2,7200,1.00191877199
590959,590965,594618,6,3653,2,7200,1.00164248563
590988,590994,594022,6,3028,2,7200,1.00198150594
591087,591093,592988,6,1895,2,7200,1.00316622691
591183,591189,591349,6,160,2,7200,1.0375
591198,591204,594539,6,3335,2,7200,1.00179910045
591212,591218,594156,6,2938,2,7200,1.00204220558
591275,591281,594380,6,3099,2,7200,1.00193610842
591293,591299,594124,6,2825,2,7200,1.00212389381
591336,591342,594929,6,3587,2,7200,1.001672707
591350,591356,594916,6,3560,2,7200,1.00168539326
591621,591627,595032,6,3405,2,7200,1.00176211454
591696,591702,593880,6,2178,2,7200,1.00275482094
591713,591720,594429,7,2709,2,7200,1.00258397933
591794,591801,594013,7,2212,2,7200,1.00316455696
591815,591821,595318,6,3497,2,7200,1.00171575636
591884,591890,595133,6,3243,2,7200,1.00185013876
591965,591972,595561,7,3589,2,7200,1.00195040401
592070,592077,595315,7,3238,2,7200,1.00216182829
592215,592221,595065,6,2844,2,7200,1.00210970464
592262,592268,592335,6,67,2,7200,1.08955223881
592337,592343,595573,6,3230,2,7200,1.00185758514
592361,592367,595801,6,3434,2,7200,1.00174723355
592508,592514,592603,6,89,2,7200,1.06741573034
592544,592550,595330,6,2780,2,7200,1.00215827338
592592,592598,595967,6,3369,2,7200,1.0017809439
592606,592612,593741,6,1129,2,7200,1.00531443756
592757,592763,596518,6,3755,2,7200,1.00159786951
592804,592811,596095,7,3284,2,7200,1.00213154689
592945,592952,595869,7,2917,2,7200,1.00239972575
592977,592983,596465,6,3482,2,7200,1.00172314762
592987,592993,596127,6,3134,2,7200,1.00191448628
593361,593368,596960,7,3592,2,7200,1.00194877506
593385,593391,597108,6,3717,2,7200,1.001614205
593421,593427,596510,6,3083,2,7200,1.00194615634
593511,593517,596961,6,3444,2,7200,1.00174216028
593583,593589,597003,6,3414,2,7200,1.00175746924
593739,593745,597121,6,3376,2,7200,1.00177725118
593796,593802,597159,6,3357,2,7200,1.0017873101
593880,593886,597255,6,3369,2,7200,1.0017809439
593934,593940,594004,6,64,2,7200,1.09375
593954,593961,597084,7,3123,2,7200,1.00224143452
593984,593990,596959,6,2969,2,7200,1.00202088245
593999,594005,597350,6,3345,2,7200,1.00179372197
594014,594020,597247,6,3227,2,7200,1.00185931205
594015,594026,597687,11,3661,2,7200,1.00300464354
594030,594036,597549,6,3513,2,7200,1.00170794193
594111,594118,597590,7,3472,2,7200,1.00201612903
594119,594126,597671,7,3545,2,7200,1.00197461213
594134,594140,597239,6,3099,2,7200,1.00193610842
594155,594161,596774,6,2613,2,7200,1.00229621125
594371,594377,598065,6,3688,2,7200,1.00162689805
594386,594392,597554,6,3162,2,7200,1.00189753321
594431,594437,597511,6,3074,2,7200,1.00195185426
594542,594548,597751,6,3203,2,7200,1.00187324383
594620,594626,598094,6,3468,2,7200,1.00173010381
594912,594918,598097,6,3179,2,7200,1.00188738597
594930,594937,598179,7,3242,2,7200,1.00215916101
595032,595038,598154,6,3116,2,7200,1.00192554557
595065,595071,598731,6,3660,2,7200,1.00163934426
595132,595138,598667,6,3529,2,7200,1.00170019836
595318,595324,598391,6,3067,2,7200,1.0019563091
595319,595330,598581,11,3251,2,7200,1.00338357428
595334,595340,598651,6,3311,2,7200,1.00181214135
595562,595568,595667,6,99,2,7200,1.06060606061
595577,595583,598690,6,3107,2,7200,1.00193112327
595669,595676,598854,7,3178,2,7200,1.00220264317
595802,595808,599059,6,3251,2,7200,1.00184558597
595870,595877,599466,7,3589,2,7200,1.00195040401
595969,595976,599390,7,3414,2,7200,1.00205038079
596095,596102,599250,7,3148,2,7200,1.00222363405
596128,596134,599309,6,3175,2,7200,1.00188976378
596466,596472,599943,6,3471,2,7200,1.00172860847
596511,596517,599911,6,3394,2,7200,1.00176782557
596525,596531,599521,6,2990,2,7200,1.00200668896
596775,596781,599781,6,3000,2,7200,1.002
596958,596965,600132,7,3167,2,7200,1.00221029365
596973,596979,600537,6,3558,2,7200,1.00168634064
596974,596985,600367,11,3382,2,7200,1.00325251331
597004,597010,600371,6,3361,2,7200,1.00178518298
597085,597091,600421,6,3330,2,7200,1.0018018018
597109,597115,600537,6,3422,2,7200,1.00175336061
597123,597130,600200,7,3070,2,7200,1.00228013029
597159,597165,600120,6,2955,2,7200,1.00203045685
597240,597246,600537,6,3291,2,7200,1.00182315406
597255,597261,600399,6,3138,2,7200,1.00191204589
597256,597267,600218,11,2951,2,7200,1.00372754998
597349,597355,600537,6,3182,2,7200,1.00188560654
597512,597518,600537,6,3019,2,7200,1.00198741305
597550,597557,600537,7,2980,2,7200,1.00234899329
597565,597571,598102,6,531,2,7200,1.01129943503
597593,597599,600976,6,3377,2,7200,1.0017767249
597673,597679,597803,6,124,2,7200,1.04838709677
597688,597694,600537,6,2843,2,7200,1.00211044671
597754,597760,597823,6,63,2,7200,1.09523809524
597805,597811,600537,6,2726,2,7200,1.00220102715
597825,597831,600537,6,2706,2,7200,1.0022172949
598066,598072,600537,6,2465,2,7200,1.00243407708
598095,598107,600537,12,2430,2,7200,1.0049382716
598096,598102,601660,6,3558,2,7200,1.00168634064
598110,598116,600537,6,2421,2,7200,1.00247831475
598155,598161,600539,6,2378,2,7200,1.00252312868
598181,598187,601487,6,3300,2,7200,1.00181818182
598275,598282,605487,7,7205,32,7200,1.00097154754
598392,598398,598496,6,98,2,7200,1.0612244898
598497,598503,600537,6,2034,2,7200,1.00294985251
598581,598587,600537,6,1950,2,7200,1.00307692308
598653,598659,600537,6,1878,2,7200,1.00319488818
598665,598671,601999,6,3328,2,7200,1.00180288462
598692,598698,600537,6,1839,2,7200,1.00326264274
598734,598740,600537,6,1797,2,7200,1.00333889816
598854,598860,598922,6,62,2,7200,1.09677419355
598923,598929,600537,6,1608,2,7200,1.00373134328
599061,599067,600537,6,1470,2,7200,1.00408163265
599250,599256,600537,6,1281,2,7200,1.00468384075
599310,599316,600537,6,1221,2,7200,1.00491400491
599391,599397,600537,6,1140,2,7200,1.00526315789
599466,599472,600537,6,1065,2,7200,1.00563380282
599523,599529,599570,6,41,2,7200,1.14634146341
599573,599580,600537,7,957,2,7200,1.00731452456
599784,599790,600537,6,747,2,7200,1.00803212851
599913,599919,600537,6,618,2,7200,1.00970873786
599942,599948,603401,6,3453,2,7200,1.00173761946
600120,600126,600537,6,411,2,7200,1.01459854015
600135,600141,600537,6,396,2,7200,1.01515151515
600201,600207,600537,6,330,2,7200,1.01818181818
600219,600225,600537,6,312,2,7200,1.01923076923
600366,600372,600537,6,165,2,7200,1.03636363636
600380,600387,600537,7,150,2,7200,1.04666666667
600401,600407,600537,6,130,2,7200,1.04615384615
600422,600428,600537,6,109,2,7200,1.05504587156
600580,600586,604031,6,3445,2,7200,1.00174165457
600582,600592,603900,10,3308,2,7200,1.00302297461
600583,600597,603914,14,3317,2,7200,1.00422068134
600584,600603,604493,19,3890,2,7200,1.00488431877
600585,600608,603952,23,3344,2,7200,1.00687799043
600587,600614,604004,27,3390,2,7200,1.00796460177
600588,600619,603782,31,3163,2,7200,1.009800822
600589,600624,603973,35,3349,2,7200,1.01045088086
600591,600630,604231,39,3601,2,7200,1.01083032491
600592,600635,603844,43,3209,2,7200,1.01339981303
600593,600640,604148,47,3508,2,7200,1.01339794755
600595,600645,603543,50,2898,2,7200,1.01725327812
600596,600651,603734,55,3083,2,7200,1.01783976646
600597,600656,604045,59,3389,2,7200,1.01740926527
600599,600661,603803,62,3142,2,7200,1.01973265436
600600,600666,603983,66,3317,2,7200,1.01989749774
600601,600672,604073,71,3401,2,7200,1.02087621288
600603,600677,604210,74,3533,2,7200,1.0209453722
600604,600682,604270,78,3588,2,7200,1.02173913043
600605,600687,604082,82,3395,2,7200,1.02415316642
600607,600692,604319,85,3627,2,7200,1.02343534602
600608,600698,604107,90,3409,2,7200,1.02640070402
600609,600704,604188,95,3484,2,7200,1.02726750861
600611,600709,604179,98,3470,2,7200,1.02824207493
600612,600715,604170,103,3455,2,7200,1.02981186686
600613,600720,603959,107,3239,2,7200,1.03303488731
600615,600725,603757,110,3032,2,7200,1.03627968338
600616,600730,604040,114,3310,2,7200,1.03444108761
600617,600736,604034,119,3298,2,7200,1.03608247423
600619,600741,604216,122,3475,2,7200,1.03510791367
600620,600746,604064,126,3318,2,7200,1.03797468354
600621,600751,604032,130,3281,2,7200,1.03962206644
600623,600757,603970,134,3213,2,7200,1.04170557112
600624,600762,604188,138,3426,2,7200,1.04028021016
600625,600767,604106,142,3339,2,7200,1.04252770291
600978,600984,604490,6,3506,2,7200,1.00171135197
601490,601496,605015,6,3519,2,7200,1.00170502984
601662,601668,605241,6,3573,2,7200,1.00167926113
602002,602008,605614,6,3606,2,7200,1.00166389351
602037,602043,602652,6,609,3,144000,1.00985221675
602390,602396,891284,6,288888,3,604800,1.00002076929
602942,602948,670912,6,67964,3,108000,1.00008828203
603403,603409,606783,6,3374,2,7200,1.00177830468
603783,603789,607106,6,3317,2,7200,1.00180886343
603784,603795,607098,11,3303,2,7200,1.00333030578
603786,603801,607037,15,3236,2,7200,1.00463535229
603787,603806,606918,19,3112,2,7200,1.00610539846
603805,603812,607351,7,3539,2,7200,1.00197795988
603843,603850,607097,7,3247,2,7200,1.00215583616
603900,603906,607489,6,3583,2,7200,1.00167457438
603915,603921,607350,6,3429,2,7200,1.00174978128
603954,603960,607388,6,3428,2,7200,1.00175029172
603968,603974,607450,6,3476,2,7200,1.00172612198
603983,603989,607486,6,3497,2,7200,1.00171575636
603984,603995,607631,11,3636,2,7200,1.00302530253
603986,604001,607703,15,3702,2,7200,1.00405186386
604003,604010,607320,7,3310,2,7200,1.00211480363
604033,604040,607607,7,3567,2,7200,1.00196243342
604035,604046,607372,11,3326,2,7200,1.00330727601
604050,604056,607313,6,3257,2,7200,1.00184218606
604051,604062,607530,11,3468,2,7200,1.00317185698
604052,604067,607584,15,3517,2,7200,1.00426499858
604067,604074,607468,7,3394,2,7200,1.00206246317
604082,604088,607195,6,3107,2,7200,1.00193112327
604083,604094,607527,11,3433,2,7200,1.00320419458
604107,604113,607314,6,3201,2,7200,1.00187441425
604108,604119,607374,11,3255,2,7200,1.00337941628
604150,604156,607542,6,3386,2,7200,1.00177200236
604171,604177,607926,6,3749,2,7200,1.00160042678
604186,604192,607554,6,3362,2,7200,1.00178465199
604200,604206,607814,6,3608,2,7200,1.00166297118
604202,604212,607638,10,3426,2,7200,1.00291885581
604217,604222,607677,5,3455,2,7200,1.001447178
604218,604229,607840,11,3611,2,7200,1.00304624758
604232,604239,607649,7,3410,2,7200,1.00205278592
604268,604274,607458,6,3184,2,7200,1.00188442211
604319,604325,608089,6,3764,2,7200,1.00159404888
604492,604499,608080,7,3581,2,7200,1.00195476124
604493,604504,607699,11,3195,2,7200,1.0034428795
