SubmitTime,StartTime,EndTime,QueuedTime,RunTime,NodesRequested,walltime,bslowdown
4,11,3228,7,3217,2,7200,1.00217594032
5,19,3398,14,3379,2,7200,1.00414323764
20,28,3484,8,3456,2,7200,1.00231481481
22,36,3149,14,3113,2,7200,1.00449726951
37,46,3640,9,3594,2,7200,1.00250417362
52,61,3516,9,3455,2,7200,1.00260492041
68,76,3513,8,3437,2,7200,1.00232761129
69,84,3284,15,3200,2,7200,1.0046875
70,89,3323,19,3234,2,7200,1.0058750773
72,94,3387,22,3293,2,7200,1.00668083814
86,102,3455,16,3353,2,7200,1.00477184611
101,110,3878,9,3768,2,7200,1.00238853503
103,118,3428,15,3310,2,7200,1.00453172205
118,126,3402,8,3276,2,7200,1.00244200244
149,156,3730,7,3574,2,7200,1.00195858982
182,190,3674,8,3484,2,7200,1.00229621125
226,233,3154,7,2921,2,7200,1.00239643958
227,241,3925,14,3684,2,7200,1.00380021716
274,281,3716,7,3435,2,7200,1.00203784571
288,296,3682,8,3386,2,7200,1.00236266982
304,313,3811,9,3498,2,7200,1.0025728988
305,318,3625,13,3307,2,7200,1.00393105534
330,338,3458,8,3120,2,7200,1.00256410256
348,355,3646,7,3291,2,7200,1.00212701307
376,383,3581,7,3198,2,7200,1.00218886804
391,399,3936,8,3537,2,7200,1.00226180379
392,407,3776,15,3369,2,7200,1.00445235975
417,424,4040,7,3616,2,7200,1.00193584071
522,530,4051,8,3521,2,7200,1.00227208179
656,663,4182,7,3519,2,7200,1.00198920148
671,678,4037,7,3359,2,7200,1.00208395356
695,702,4477,7,3775,2,7200,1.00185430464
710,718,4287,8,3569,2,7200,1.00224152424
1248,1257,4653,9,3396,2,7200,1.00265017668
2912,2920,6118,8,3198,2,7200,1.00250156348
2936,2943,6518,7,3575,2,7200,1.00195804196
3004,3012,6184,8,3172,2,7200,1.0025220681
3149,3157,6571,8,3414,2,7200,1.00234329233
3164,3171,6726,7,3555,2,7200,1.00196905767
3165,3178,6729,13,3551,2,7200,1.00366094058
3183,3191,6455,8,3264,2,7200,1.00245098039
3229,3236,6494,7,3258,2,7200,1.0021485574
3243,3251,6852,8,3601,2,7200,1.00222160511
3282,3290,6475,8,3185,2,7200,1.00251177394
3297,3304,6811,7,3507,2,7200,1.00199600798
3299,3312,6767,13,3455,2,7200,1.00376266281
3323,3331,7048,8,3717,2,7200,1.00215227334
3339,3346,6656,7,3310,2,7200,1.00211480363
3357,3365,6925,8,3560,2,7200,1.00224719101
3387,3395,6821,8,3426,2,7200,1.00233508465
3402,3410,6520,8,3110,2,7200,1.00257234727
3403,3419,6763,16,3344,2,7200,1.004784689
3418,3426,6914,8,3488,2,7200,1.00229357798
3433,3441,6969,8,3528,2,7200,1.0022675737
3448,3455,6887,7,3432,2,7200,1.00203962704
3463,3471,6950,8,3479,2,7200,1.00229951135
3465,3478,7018,13,3540,2,7200,1.00367231638
3486,3494,6969,8,3475,2,7200,1.00230215827
3487,3502,6687,15,3185,2,7200,1.00470957614
3512,3519,6886,7,3367,2,7200,1.00207900208
3513,3527,7197,14,3670,2,7200,1.0038147139
3528,3538,6820,10,3282,2,7200,1.00304692261
3583,3590,7235,7,3645,2,7200,1.00192043896
3616,3623,7044,7,3421,2,7200,1.00204618533
3631,3639,6962,8,3323,2,7200,1.00240746314
3646,3655,7023,9,3368,2,7200,1.00267220903
3647,3660,6842,13,3182,2,7200,1.00408548083
3663,3671,6858,8,3187,2,7200,1.00251019768
3678,3685,7262,7,3577,2,7200,1.00195694716
3693,3700,7299,7,3599,2,7200,1.00194498472
3717,3724,6730,7,3006,2,7200,1.00232867598
3732,3740,7330,8,3590,2,7200,1.00222841226
3778,3785,6914,7,3129,2,7200,1.00223713647
3811,3818,7277,7,3459,2,7200,1.00202370627
3877,3885,7026,8,3141,2,7200,1.00254695957
3925,3933,6992,8,3059,2,7200,1.00261523374
3940,3948,7542,8,3594,2,7200,1.00222593211
4037,4044,7243,7,3199,2,7200,1.00218818381
4052,4060,7764,8,3704,2,7200,1.00215982721
4053,4068,7057,15,2989,2,7200,1.0050184008
4184,4191,7849,7,3658,2,7200,1.001913614
4287,4295,7753,8,3458,2,7200,1.002313476
4476,4485,7873,9,3388,2,7200,1.00265643447
4654,4661,8041,7,3380,2,7200,1.00207100592
6118,6125,9378,7,3253,2,7200,1.00215185982
6187,6194,9253,7,3059,2,7200,1.00228832952
6458,6465,9759,7,3294,2,7200,1.0021250759
6476,6484,9747,8,3263,2,7200,1.00245173154
6496,6505,10052,9,3547,2,7200,1.00253735551
6518,6525,9914,7,3389,2,7200,1.00206550605
6519,6533,9639,14,3106,2,7200,1.00450740502
6570,6578,10104,8,3526,2,7200,1.0022688599
6658,6666,10435,8,3769,2,7200,1.00212257893
6688,6695,9983,7,3288,2,7200,1.00212895377
6727,6734,10272,7,3538,2,7200,1.00197851894
6742,6749,10026,7,3277,2,7200,1.00213610009
6743,6757,9878,14,3121,2,7200,1.00448574175
6764,6772,10320,8,3548,2,7200,1.00225479143
6779,6787,10250,8,3463,2,7200,1.00231013572
6812,6820,10220,8,3400,2,7200,1.00235294118
6827,6836,10309,9,3473,2,7200,1.00259141952
6829,6841,11381,12,4540,2,7200,1.00264317181
6844,6851,10249,7,3398,2,7200,1.00206003531
6859,6868,10547,9,3679,2,7200,1.00244631693
6860,6873,10447,13,3574,2,7200,1.00363738109
6888,6895,10124,7,3229,2,7200,1.00216785382
6889,6903,10294,14,3391,2,7200,1.00412857564
6914,6922,10912,8,3990,2,7200,1.00200501253
6929,6937,10650,8,3713,2,7200,1.00215459197
6930,6945,10317,15,3372,2,7200,1.00444839858
6951,6959,10755,8,3796,2,7200,1.00210748156
6966,6974,10242,8,3268,2,7200,1.00244798042
6982,6989,10580,7,3591,2,7200,1.00194931774
6983,6997,10215,14,3218,2,7200,1.00435052828
6998,7007,10080,9,3073,2,7200,1.00292873414
7019,7027,10368,8,3341,2,7200,1.00239449267
7035,7043,10511,8,3468,2,7200,1.00230680507
7036,7048,10343,12,3295,2,7200,1.00364188164
7051,7059,10214,8,3155,2,7200,1.00253565769
7052,7064,10395,12,3331,2,7200,1.00360252177
7067,7074,10301,7,3227,2,7200,1.0021691974
7198,7206,10738,8,3532,2,7200,1.00226500566
7234,7241,10744,7,3503,2,7200,1.00199828718
7249,7259,10361,10,3102,2,7200,1.00322372663
7264,7271,10525,7,3254,2,7200,1.00215119852
7279,7287,10659,8,3372,2,7200,1.00237247924
7300,7307,10895,7,3588,2,7200,1.0019509476
7330,7337,10711,7,3374,2,7200,1.0020746888
7539,7546,11187,7,3641,2,7200,1.00192254875
7753,7760,11260,7,3500,2,7200,1.002
7768,7776,11197,8,3421,2,7200,1.00233849752
7849,7856,11428,7,3572,2,7200,1.00195968645
7873,7880,11422,7,3542,2,7200,1.00197628458
8041,8048,11236,7,3188,2,7200,1.002195734
8239,8246,8248,7,2,2,3540,1.0
9256,9264,12753,8,3489,2,7200,1.00229292061
9287,9295,9466,8,171,1,3600,1.04678362573
9380,9387,12653,7,3266,2,7200,1.00214329455
9639,9647,12797,8,3150,2,7200,1.00253968254
9650,9657,10006,7,349,1,3600,1.02005730659
9750,9758,13025,8,3267,2,7200,1.00244872972
9765,9773,13241,8,3468,2,7200,1.00230680507
9879,9888,13414,9,3526,2,7200,1.00255246739
9915,9924,12984,9,3060,2,7200,1.00294117647
9985,9992,13159,7,3167,2,7200,1.00221029365
10027,10034,13622,7,3588,2,7200,1.0019509476
10054,10062,13363,8,3301,2,7200,1.00242350803
10081,10089,13627,8,3538,2,7200,1.0022611645
10105,10112,13592,7,3480,2,7200,1.00201149425
10126,10133,13881,7,3748,2,7200,1.00186766275
10214,10222,14081,8,3859,2,7200,1.00207307593
10229,10236,13437,7,3201,2,7200,1.00218681662
10230,10243,13598,13,3355,2,7200,1.00387481371
10246,10253,13549,7,3296,2,7200,1.00212378641
10262,10270,13829,8,3559,2,7200,1.00224782242
10263,10277,13250,14,2973,2,7200,1.0047090481
10278,10285,13866,7,3581,2,7200,1.00195476124
10296,10303,13810,7,3507,2,7200,1.00199600798
10311,10319,13940,8,3621,2,7200,1.00220933444
10313,10327,13649,14,3322,2,7200,1.00421432872
10328,10335,13900,7,3565,2,7200,1.00196353436
10329,10342,13868,13,3526,2,7200,1.00368689733
10344,10351,13685,7,3334,2,7200,1.00209958008
10362,10370,13608,8,3238,2,7200,1.0024706609
10369,10378,11213,9,835,1,3600,1.01077844311
10378,10386,13735,8,3349,2,7200,1.00238877277
10396,10404,13775,8,3371,2,7200,1.00237318303
10435,10443,14287,8,3844,2,7200,1.00208116545
10450,10457,14036,7,3579,2,7200,1.00195585359
10513,10521,13696,8,3175,2,7200,1.00251968504
10528,10535,13761,7,3226,2,7200,1.00216986981
10546,10554,13803,8,3249,2,7200,1.00246229609
10582,10591,13819,9,3228,2,7200,1.00278810409
10652,10660,14494,8,3834,2,7200,1.00208659364
10667,10675,14408,8,3733,2,7200,1.00214304849
10712,10720,14089,8,3369,2,7200,1.00237459187
10740,10747,14343,7,3596,2,7200,1.00194660734
10754,10761,14224,7,3463,2,7200,1.00202136876
10769,10777,14058,8,3281,2,7200,1.00243828101
10896,10903,14169,7,3266,2,7200,1.00214329455
10914,10922,14188,8,3266,2,7200,1.00244947949
11188,11195,14661,7,3466,2,7200,1.00201961916
11203,11213,14484,10,3271,2,7200,1.00305716906
11237,11244,14591,7,3347,2,7200,1.00209142516
11261,11270,14691,9,3421,2,7200,1.0026308097
11382,11389,14797,7,3408,2,7200,1.00205399061
11422,11430,14853,8,3423,2,7200,1.00233713117
11436,11443,15482,7,4039,2,7200,1.00173310225
12451,12458,12570,7,112,1,3600,1.0625
12657,12666,16243,9,3577,2,7200,1.00251607492
12744,12751,13076,7,325,1,3600,1.02153846154
12754,12762,16205,8,3443,2,7200,1.00232355504
12799,12806,16198,7,3392,2,7200,1.00206367925
12846,12853,13002,7,149,1,3600,1.04697986577
12985,12995,16160,10,3165,2,7200,1.00315955766
13026,13033,16804,7,3771,2,7200,1.00185627155
13162,13169,16600,7,3431,2,7200,1.00204022151
13177,13184,13528,7,344,1,3600,1.02034883721
13241,13249,16483,8,3234,2,7200,1.00247371676
13255,13263,16590,8,3327,2,7200,1.00240456868
13364,13371,16982,7,3611,2,7200,1.00193852119
13415,13422,16516,7,3094,2,7200,1.00226244344
13436,13444,16819,8,3375,2,7200,1.00237037037
13552,13559,17246,7,3687,2,7200,1.00189856252
13567,13574,14214,7,640,1,3600,1.0109375
13594,13602,16836,8,3234,2,7200,1.00247371676
13609,13616,17095,7,3479,2,7200,1.00201207243
13611,13625,17015,14,3390,2,7200,1.00412979351
13626,13634,17451,8,3817,2,7200,1.00209588682
13641,13648,17014,7,3366,2,7200,1.00207961973
13655,13664,17559,9,3895,2,7200,1.00231065469
13686,13694,17193,8,3499,2,7200,1.00228636753
13701,13709,17457,8,3748,2,7200,1.00213447172
13734,13741,17390,7,3649,2,7200,1.00191833379
13761,13768,17047,7,3279,2,7200,1.00213479719
13776,13783,17314,7,3531,2,7200,1.00198244123
13803,13810,17098,7,3288,2,7200,1.00212895377
13818,13826,17052,8,3226,2,7200,1.00247985121
13833,13840,17256,7,3416,2,7200,1.00204918033
13835,13848,17230,13,3382,2,7200,1.00384387936
13865,13872,17395,7,3523,2,7200,1.00198694295
13880,13887,16929,7,3042,2,7200,1.00230111769
13881,13895,17269,14,3374,2,7200,1.00414937759
13893,13903,14739,10,836,1,3600,1.01196172249
13899,13911,17334,12,3423,2,7200,1.00350569676
13942,13950,17360,8,3410,2,7200,1.00234604106
14038,14045,17566,7,3521,2,7200,1.00198807157
14060,14068,17313,8,3245,2,7200,1.00246533128
14080,14088,17436,8,3348,2,7200,1.00238948626
14096,14103,17531,7,3428,2,7200,1.002042007
14168,14176,17537,8,3361,2,7200,1.00238024398
14189,14199,17720,10,3521,2,7200,1.00284010224
14227,14235,17487,8,3252,2,7200,1.0024600246
14287,14295,17867,8,3572,2,7200,1.00223964166
14344,14351,17603,7,3252,2,7200,1.00215252153
14408,14416,18648,8,4232,2,7200,1.00189035917
14486,14494,18195,8,3701,2,7200,1.00216157795
14501,14509,17961,8,3452,2,7200,1.0023174971
14591,14599,17653,8,3054,2,7200,1.00261951539
14661,14668,18008,7,3340,2,7200,1.00209580838
14691,14698,17983,7,3285,2,7200,1.00213089802
14798,14805,17906,7,3101,2,7200,1.00225733634
14856,14863,18201,7,3338,2,7200,1.00209706411
15484,15492,18840,8,3348,2,7200,1.00238948626
15964,15972,16083,8,111,1,3600,1.07207207207
16163,16172,19555,9,3383,2,7200,1.00266036063
16200,16207,19696,7,3489,2,7200,1.00200630553
16215,16222,20035,7,3813,2,7200,1.00183582481
16245,16252,19779,7,3527,2,7200,1.00198468954
16255,16263,16579,8,316,1,3600,1.0253164557
16483,16490,19859,7,3369,2,7200,1.00207776788
16516,16524,19910,8,3386,2,7200,1.00236266982
16540,16548,16660,8,112,1,1800,1.07142857143
16592,16599,20486,7,3887,2,7200,1.00180087471
16607,16614,20083,7,3469,2,7200,1.00201787259
16808,16815,20513,7,3698,2,7200,1.00189291509
16823,16831,20332,8,3501,2,7200,1.00228506141
16837,16845,20166,8,3321,2,7200,1.00240891298
16931,16939,20575,8,3636,2,7200,1.00220022002
16962,16970,17082,8,112,1,1800,1.07142857143
16982,16990,20201,8,3211,2,7200,1.00249143569
17015,17022,20506,7,3484,2,7200,1.00200918485
17016,17030,20695,14,3665,2,7200,1.00381991814
17031,17039,17641,8,602,1,3600,1.01328903654
17047,17054,20833,7,3779,2,7200,1.00185234189
17062,17070,20784,8,3714,2,7200,1.00215401185
17096,17103,20492,7,3389,2,7200,1.00206550605
17111,17119,20611,8,3492,2,7200,1.00229095074
17192,17200,20536,8,3336,2,7200,1.00239808153
17232,17240,20927,8,3687,2,7200,1.00216978573
17246,17254,20964,8,3710,2,7200,1.00215633423
17262,17271,20500,9,3229,2,7200,1.00278724063
17276,17284,20604,8,3320,2,7200,1.00240963855
17313,17320,20625,7,3305,2,7200,1.00211800303
17314,17328,20729,14,3401,2,7200,1.00411643634
17335,17342,20732,7,3390,2,7200,1.00206489676
17359,17367,20884,8,3517,2,7200,1.00227466591
17390,17397,20993,7,3596,2,7200,1.00194660734
17405,17413,20711,8,3298,2,7200,1.00242571255
17438,17445,20949,7,3504,2,7200,1.00199771689
17453,17461,21330,8,3869,2,7200,1.00206771776
17468,17475,21101,7,3626,2,7200,1.00193050193
17489,17496,21151,7,3655,2,7200,1.00191518468
17531,17538,20995,7,3457,2,7200,1.00202487706
17546,17554,21078,8,3524,2,7200,1.00227014756
17561,17569,20896,8,3327,2,7200,1.00240456868
17576,17584,20754,8,3170,2,7200,1.00252365931
17603,17610,21239,7,3629,2,7200,1.00192890603
17655,17662,21047,7,3385,2,7200,1.00206794682
17722,17729,21289,7,3560,2,7200,1.00196629213
17756,17763,18264,7,501,1,1800,1.01397205589
17867,17875,21541,8,3666,2,7200,1.00218221495
17906,17913,21481,7,3568,2,7200,1.00196188341
17960,17968,21410,8,3442,2,7200,1.0023242301
17984,17991,21334,7,3343,2,7200,1.00209392761
18008,18016,21441,8,3425,2,7200,1.00233576642
18196,18204,21193,8,2989,2,7200,1.00267648043
18211,18219,21619,8,3400,2,7200,1.00235294118
18651,18658,22346,7,3688,2,7200,1.00189804772
18841,18849,22250,8,3401,2,7200,1.00235224934
19557,19565,23072,8,3507,2,7200,1.00228115198
19696,19703,22990,7,3287,2,7200,1.00212960146
19781,19788,23275,7,3487,2,7200,1.00200745627
19860,19868,23076,8,3208,2,7200,1.00249376559
19912,19920,23257,8,3337,2,7200,1.0023973629
19989,19997,20044,8,47,1,1800,1.17021276596
20036,20044,23581,8,3537,2,7200,1.00226180379
20086,20094,23594,8,3500,2,7200,1.00228571429
20167,20176,23669,9,3493,2,7200,1.00257658173
20201,20208,23596,7,3388,2,7200,1.0020661157
20206,20216,20339,10,123,1,1800,1.08130081301
20333,20340,23865,7,3525,2,7200,1.0019858156
20355,20363,20445,8,82,1,1800,1.09756097561
20489,20497,23979,8,3482,2,7200,1.00229753016
20505,20513,24189,8,3676,2,7200,1.00217627856
20506,20521,24012,15,3491,2,7200,1.00429676311
20521,20529,23894,8,3365,2,7200,1.00237741456
20522,20537,23942,15,3405,2,7200,1.00440528634
20537,20546,24380,9,3834,2,7200,1.00234741784
20577,20586,24046,9,3460,2,7200,1.00260115607
20605,20612,24027,7,3415,2,7200,1.00204978038
20620,20627,24003,7,3376,2,7200,1.00207345972
20635,20643,24159,8,3516,2,7200,1.00227531286
20664,20672,20794,8,122,1,1800,1.06557377049
20696,20703,23926,7,3223,2,7200,1.00217188954
20713,20721,24130,8,3409,2,7200,1.00234672925
20731,20739,23906,8,3167,2,7200,1.00252604989
20733,20747,24176,14,3429,2,7200,1.00408282298
20754,20762,23960,8,3198,2,7200,1.00250156348
20786,20793,24303,7,3510,2,7200,1.00199430199
20835,20842,24484,7,3642,2,7200,1.00192202087
20884,20892,24662,8,3770,2,7200,1.00212201592
20898,20906,24313,8,3407,2,7200,1.00234810684
20929,20937,24701,8,3764,2,7200,1.00212539851
20947,20954,24287,7,3333,2,7200,1.00210021002
20965,20972,25346,7,4374,2,7200,1.0016003658
20995,21003,24355,8,3352,2,7200,1.00238663484
20997,21011,24509,14,3498,2,7200,1.00400228702
21046,21053,24349,7,3296,2,7200,1.00212378641
21079,21087,24542,8,3455,2,7200,1.0023154848
21101,21108,24697,7,3589,2,7200,1.00195040401
21153,21160,24442,7,3282,2,7200,1.00213284583
21194,21202,24545,8,3343,2,7200,1.00239306013
21239,21247,24645,8,3398,2,7200,1.00235432607
21290,21298,25015,8,3717,2,7200,1.00215227334
21330,21337,24907,7,3570,2,7200,1.00196078431
21341,21350,21645,9,295,1,1800,1.03050847458
21344,21358,24957,14,3599,2,7200,1.00388996944
21411,21418,24665,7,3247,2,7200,1.00215583616
21441,21449,24755,8,3306,2,7200,1.00241984271
21481,21488,24892,7,3404,2,7200,1.00205640423
21482,21493,22062,11,569,1,1800,1.01933216169
21544,21552,24929,8,3377,2,7200,1.00236896654
21619,21626,25229,7,3603,2,7200,1.00194282542
22257,22264,25461,7,3197,2,7200,1.00218955271
22347,22354,25525,7,3171,2,7200,1.00220750552
22989,22997,26290,8,3293,2,7200,1.00242939569
23071,23079,26543,8,3464,2,7200,1.00230946882
23086,23093,26515,7,3422,2,7200,1.00204558738
23259,23266,26480,7,3214,2,7200,1.00217797138
23276,23285,26795,9,3510,2,7200,1.00256410256
23582,23589,27049,7,3460,2,7200,1.00202312139
23598,23605,27015,7,3410,2,7200,1.00205278592
23599,23613,26832,14,3219,2,7200,1.00434917676
23669,23677,26917,8,3240,2,7200,1.0024691358
23867,23875,27529,8,3654,2,7200,1.0021893815
23895,23902,27485,7,3583,2,7200,1.00195367011
23910,23917,27142,7,3225,2,7200,1.00217054264
23928,23935,27305,7,3370,2,7200,1.00207715134
23943,23950,27114,7,3164,2,7200,1.00221238938
23961,23969,27570,8,3601,2,7200,1.00222160511
23979,23988,27306,9,3318,2,7200,1.0027124774
24003,24010,27471,7,3461,2,7200,1.00202253684
24018,24025,27403,7,3378,2,7200,1.00207223209
24018,24030,24079,12,49,1,1800,1.24489795918
24033,24041,27904,8,3863,2,7200,1.00207092933
24048,24057,27238,9,3181,2,7200,1.00282929896
24130,24138,27634,8,3496,2,7200,1.00228832952
24161,24169,27371,8,3202,2,7200,1.00249843848
24177,24185,27536,8,3351,2,7200,1.00238734706
24192,24199,28092,7,3893,2,7200,1.00179809915
24288,24295,27514,7,3219,2,7200,1.00217458838
24303,24310,28007,7,3697,2,7200,1.0018934271
24318,24326,27463,8,3137,2,7200,1.0025502072
24348,24356,27860,8,3504,2,7200,1.00228310502
24363,24370,27866,7,3496,2,7200,1.00200228833
24378,24385,27629,7,3244,2,7200,1.00215782984
24419,24427,24506,8,79,1,1800,1.10126582278
24445,24453,27934,8,3481,2,7200,1.00229819018
24484,24493,27834,9,3341,2,7200,1.00269380425
24509,24517,27889,8,3372,2,7200,1.00237247924
24542,24549,27974,7,3425,2,7200,1.00204379562
24557,24565,28146,8,3581,2,7200,1.00223401285
24645,24653,28143,8,3490,2,7200,1.00229226361
24663,24670,28151,7,3481,2,7200,1.0020109164
24678,24686,28374,8,3688,2,7200,1.0021691974
24699,24707,28376,8,3669,2,7200,1.00218043064
24714,24721,28263,7,3542,2,7200,1.00197628458
24756,24763,28116,7,3353,2,7200,1.00208768267
24892,24899,28330,7,3431,2,7200,1.00204022151
24910,24918,28302,8,3384,2,7200,1.00236406619
24931,24939,28363,8,3424,2,7200,1.0023364486
24958,24966,28289,8,3323,2,7200,1.00240746314
25016,25023,28671,7,3648,2,7200,1.00191885965
25231,25238,28620,7,3382,2,7200,1.00206978119
25348,25355,28670,7,3315,2,7200,1.00211161388
25463,25471,28870,8,3399,2,7200,1.00235363342
25526,25533,28643,7,3110,2,7200,1.00225080386
25545,25552,25840,7,288,1,1800,1.02430555556
26293,26302,29731,9,3429,2,7200,1.00262467192
26480,26488,29991,8,3503,2,7200,1.00228375678
26516,26524,30016,8,3492,2,7200,1.00229095074
26543,26552,30018,9,3466,2,7200,1.0025966532
26796,26804,29993,8,3189,2,7200,1.00250862339
26832,26840,30107,8,3267,2,7200,1.00244872972
26917,26925,30271,8,3346,2,7200,1.00239091452
27017,27024,30474,7,3450,2,7200,1.00202898551
27050,27057,30671,7,3614,2,7200,1.00193691201
27113,27121,30445,8,3324,2,7200,1.00240673887
27143,27151,30530,8,3379,2,7200,1.00236756437
27237,27244,30575,7,3331,2,7200,1.00210147103
27306,27313,30818,7,3505,2,7200,1.00199714693
27308,27322,30716,14,3394,2,7200,1.00412492634
27371,27379,30477,8,3098,2,7200,1.00258231117
27405,27412,30658,7,3246,2,7200,1.00215650031
27462,27469,30917,7,3448,2,7200,1.00203016241
27477,27486,31251,9,3765,2,7200,1.00239043825
27491,27502,30581,11,3079,2,7200,1.0035725885
27517,27524,31261,7,3737,2,7200,1.00187316029
27532,27539,30674,7,3135,2,7200,1.00223285486
27547,27554,31053,7,3499,2,7200,1.00200057159
27571,27578,30821,7,3243,2,7200,1.00215849522
27628,27636,31345,8,3709,2,7200,1.00215691561
27644,27651,31161,7,3510,2,7200,1.00199430199
27835,27843,31613,8,3770,2,7200,1.00212201592
27862,27870,31495,8,3625,2,7200,1.00220689655
27876,27885,31294,9,3409,2,7200,1.0026400704
27891,27898,31236,7,3338,2,7200,1.00209706411
27906,27914,31427,8,3513,2,7200,1.00227725591
27934,27942,30982,8,3040,2,7200,1.00263157895
27976,27984,31492,8,3508,2,7200,1.00228050171
28008,28016,31379,8,3363,2,7200,1.00237882843
28092,28100,31623,8,3523,2,7200,1.00227079194
28116,28123,31706,7,3583,2,7200,1.00195367011
28143,28151,31295,8,3144,2,7200,1.00254452926
28159,28166,31225,7,3059,2,7200,1.00228832952
28160,28174,31424,14,3250,2,7200,1.00430769231
28263,28271,31541,8,3270,2,7200,1.00244648318
28287,28294,31925,7,3631,2,7200,1.00192784357
28305,28313,31917,8,3604,2,7200,1.00221975583
28332,28340,32116,8,3776,2,7200,1.00211864407
28365,28372,31789,7,3417,2,7200,1.00204858063
28380,28390,31890,10,3500,2,7200,1.00285714286
28382,28396,31926,14,3530,2,7200,1.00396600567
28621,28628,32160,7,3532,2,7200,1.00198187995
28645,28653,32045,8,3392,2,7200,1.00235849057
28672,28679,32319,7,3640,2,7200,1.00192307692
28673,28687,32007,14,3320,2,7200,1.00421686747
28870,28877,32532,7,3655,2,7200,1.00191518468
29731,29739,33378,8,3639,2,7200,1.00219840616
29990,29997,33463,7,3466,2,7200,1.00201961916
30005,30012,33639,7,3627,2,7200,1.00192996967
30020,30029,33233,9,3204,2,7200,1.00280898876
30022,30037,33481,15,3444,2,7200,1.0043554007
30109,30116,33349,7,3233,2,7200,1.00216517167
30272,30280,33551,8,3271,2,7200,1.00244573525
30420,30427,31024,7,597,6,36000,1.01172529313
30447,30454,33912,7,3458,2,7200,1.0020242915
30474,30481,33670,7,3189,2,7200,1.00219504547
30489,30496,34069,7,3573,2,7200,1.00195913798
30532,30539,34115,7,3576,2,7200,1.00195749441
30536,30547,31004,11,457,6,36000,1.02407002188
30577,30585,34049,8,3464,2,7200,1.00230946882
30592,30600,33824,8,3224,2,7200,1.00248138958
30618,30626,30631,8,5,6,36000,1.3
30648,30656,30664,8,8,6,72000,1.6
30659,30666,34376,7,3710,2,7200,1.00188679245
30674,30681,34193,7,3512,2,7200,1.00199316629
30675,30689,34161,14,3472,2,7200,1.00403225806
30717,30725,34166,8,3441,2,7200,1.00232490555
30805,30812,175014,7,144202,6,144000,1.00004854302
30820,30828,34565,8,3737,2,7200,1.00214075462
30835,30842,33943,7,3101,2,7200,1.00225733634
30919,30927,34427,8,3500,2,7200,1.00228571429
30969,30978,175048,9,144070,6,144000,1.00006246963
30983,30990,34747,7,3757,2,7200,1.00186318871
30991,31000,175088,9,144088,6,144000,1.00006246183
31053,31060,34404,7,3344,2,7200,1.00209330144
31162,31170,34597,8,3427,2,7200,1.00233440327
31225,31232,34532,7,3300,2,7200,1.00212121212
31240,31247,34422,7,3175,2,7200,1.00220472441
31256,31264,34736,8,3472,2,7200,1.00230414747
31271,31278,34407,7,3129,2,7200,1.00223713647
31296,31303,35028,7,3725,2,7200,1.00187919463
31297,31311,34894,14,3583,2,7200,1.00390734022
31345,31353,34788,8,3435,2,7200,1.00232896652
31382,31389,34623,7,3234,2,7200,1.00216450216
31424,31433,34933,9,3500,2,7200,1.00257142857
31426,31441,34860,15,3419,2,7200,1.00438724773
31494,31502,35065,8,3563,2,7200,1.00224529891
31509,31517,35106,8,3589,2,7200,1.00222903316
31545,31553,35015,8,3462,2,7200,1.002310803
31616,31623,34869,7,3246,2,7200,1.00215650031
31631,31639,35152,8,3513,2,7200,1.00227725591
31708,31715,35248,7,3533,2,7200,1.00198131899
31791,31799,34928,8,3129,2,7200,1.00255672739
31892,31899,35352,7,3453,2,7200,1.0020272227
31916,31924,35177,8,3253,2,7200,1.00245926837
31931,31941,35621,10,3680,2,7200,1.0027173913
31932,31947,34929,15,2982,2,7200,1.00503018109
32008,32016,35329,8,3313,2,7200,1.00241472985
32045,32053,35434,8,3381,2,7200,1.00236616386
32118,32125,35402,7,3277,2,7200,1.00213610009
32160,32167,35986,7,3819,2,7200,1.00183294056
32320,32327,35955,7,3628,2,7200,1.00192943771
32531,32540,35727,9,3187,2,7200,1.00282397239
33224,87359,94568,54135,7209,64,7200,8.50936329588
33235,33242,36576,7,3334,2,7200,1.00209958008
33349,33356,36687,7,3331,2,7200,1.00210147103
33380,33387,36820,7,3433,2,7200,1.00203903292
33464,33471,36631,7,3160,2,7200,1.00221518987
33482,33489,36616,7,3127,2,7200,1.00223856732
33551,33559,36946,8,3387,2,7200,1.00236197225
33612,33620,35691,8,2071,1,36000,1.00386286818
33639,33647,36965,8,3318,2,7200,1.00241109102
33669,33677,36859,8,3182,2,7200,1.00251414205
33765,33773,35886,8,2113,1,36000,1.00378608613
33826,33833,37473,7,3640,2,7200,1.00192307692
33913,33920,37336,7,3416,2,7200,1.00204918033
33943,33951,37682,8,3731,2,7200,1.00214419727
34049,34056,37416,7,3360,2,7200,1.00208333333
34070,34077,37522,7,3445,2,7200,1.00203193033
34118,34125,37588,7,3463,2,7200,1.00202136876
34163,34171,37472,8,3301,2,7200,1.00242350803
34179,34186,37763,7,3577,2,7200,1.00195694716
34193,34200,37401,7,3201,2,7200,1.00218681662
34377,34384,38411,7,4027,2,7200,1.0017382667
34404,34411,37506,7,3095,2,7200,1.00226171244
34419,34427,37972,8,3545,2,7200,1.00225669958
34435,34442,37471,7,3029,2,7200,1.00231099373
34436,34449,37684,13,3235,2,7200,1.00401854714
34533,34541,38120,8,3579,2,7200,1.00223526125
34566,34573,38035,7,3462,2,7200,1.00202195263
34599,34606,37898,7,3292,2,7200,1.00212636695
34623,34630,37849,7,3219,2,7200,1.00217458838
34738,34746,37993,8,3247,2,7200,1.00246381275
34753,34763,37995,10,3232,2,7200,1.00309405941
34789,34797,37999,8,3202,2,7200,1.00249843848
34862,34871,38417,9,3546,2,7200,1.00253807107
34876,34885,38618,9,3733,2,7200,1.00241092955
34894,34902,37898,8,2996,2,7200,1.00267022697
34928,34936,38471,8,3535,2,7200,1.00226308345
34929,34944,38272,15,3328,2,7200,1.00450721154
34944,34952,38386,8,3434,2,7200,1.00232964473
35017,35025,38668,8,3643,2,7200,1.00219599231
35031,35039,38605,8,3566,2,7200,1.00224340998
35064,35072,38566,8,3494,2,7200,1.00228963938
35104,35111,38679,7,3568,2,7200,1.00196188341
35153,35161,38720,8,3559,2,7200,1.00224782242
35178,35186,38746,8,3560,2,7200,1.00224719101
35252,35260,40188,8,4928,2,7200,1.00162337662
35332,35340,38833,8,3493,2,7200,1.00229029488
35354,35362,38976,8,3614,2,7200,1.00221361372
35403,35410,38934,7,3524,2,7200,1.00198637911
35434,35441,38977,7,3536,2,7200,1.00197963801
35446,35453,38979,7,3526,2,7200,1.00198525241
35448,35460,38910,12,3450,2,7200,1.00347826087
35449,35465,38697,16,3232,2,7200,1.00495049505
35450,35471,38906,21,3435,2,7200,1.00611353712
35451,35476,38789,25,3313,2,7200,1.00754603079
35453,35481,38833,28,3352,2,7200,1.00835322196
35454,35488,39095,34,3607,2,7200,1.00942611589
35455,35493,39036,38,3543,2,7200,1.01072537398
35457,35498,39092,41,3594,2,7200,1.01140790206
35458,35504,38987,46,3483,2,7200,1.01320700546
35459,35509,39064,50,3555,2,7200,1.01406469761
35461,35514,39201,53,3687,2,7200,1.01437483049
35462,35519,38907,57,3388,2,7200,1.01682408501
35463,35525,38775,62,3250,2,7200,1.01907692308
35465,35530,38962,65,3432,2,7200,1.01893939394
35466,35535,39150,69,3615,2,7200,1.01908713693
35467,35540,39125,73,3585,2,7200,1.02036262204
35469,35545,38960,76,3415,2,7200,1.02225475842
35470,35551,39326,81,3775,2,7200,1.02145695364
35471,35556,38981,85,3425,2,7200,1.02481751825
35473,35561,38833,88,3272,2,7200,1.02689486553
35474,35566,38814,92,3248,2,7200,1.02832512315
35475,35572,39210,97,3638,2,7200,1.02666300165
35477,35577,39255,100,3678,2,7200,1.02718868951
35478,35582,38932,104,3350,2,7200,1.03104477612
35479,35587,38829,108,3242,2,7200,1.0333127699
35481,35592,39197,111,3605,2,7200,1.03079056865
35482,35601,40353,119,4752,2,7200,1.02504208754
35483,35606,38968,123,3362,2,7200,1.03658536585
35485,35611,38934,126,3323,2,7200,1.03791754439
35486,35616,38848,130,3232,2,7200,1.04022277228
35487,35621,38905,134,3284,2,7200,1.04080389769
35489,35627,38866,138,3239,2,7200,1.04260574251
35490,35632,39230,142,3598,2,7200,1.03946637021
35491,35637,39090,146,3453,2,7200,1.04228207356
35493,35642,39272,149,3630,2,7200,1.04104683196
35494,35650,39288,156,3638,2,7200,1.04288070368
35495,35655,39425,160,3770,2,7200,1.0424403183
35497,35661,38985,164,3324,2,7200,1.04933814681
35498,35666,38926,168,3260,2,7200,1.05153374233
35499,35671,39288,172,3617,2,7200,1.0475532209
35500,35676,38999,176,3323,2,7200,1.05296418899
35502,35682,39072,180,3390,2,7200,1.05309734513
35503,35687,38794,184,3107,2,7200,1.05922111361
35504,35692,38920,188,3228,2,7200,1.05824039653
35506,35697,39087,191,3390,2,7200,1.05634218289
35507,35702,39229,195,3527,2,7200,1.05528777998
35508,35708,39217,200,3509,2,7200,1.05699629524
35510,35713,39260,203,3547,2,7200,1.05723146321
35511,35741,39262,230,3521,2,7200,1.0653223516
35623,35721,39461,98,3740,2,7200,1.02620320856
35731,35899,39244,168,3345,2,7200,1.05022421525
35956,35969,39304,13,3335,2,7200,1.00389805097
35989,35999,40215,10,4216,2,7200,1.00237191651
36450,44783,44821,8333,38,8,120,220.289473684
36450,44833,44869,8383,36,8,120,233.861111111
36450,44883,44918,8433,35,8,120,241.942857143
36451,44932,44968,8481,36,8,120,236.583333333
36451,45192,45229,8741,37,8,120,237.243243243
36451,45139,45176,8688,37,8,120,235.810810811
36451,45086,45125,8635,39,8,120,222.41025641
36451,45038,45073,8587,35,8,120,246.342857143
36451,44988,45026,8537,38,8,120,225.657894737
36451,45242,45280,8791,38,8,120,232.342105263
36579,36591,40099,12,3508,2,7200,1.00342075257
36618,36630,39774,12,3144,2,7200,1.00381679389
36633,36644,40017,11,3373,2,7200,1.00326119182
36688,36700,39936,12,3236,2,7200,1.00370828183
36821,36833,40381,12,3548,2,7200,1.00338218715
36860,36872,40379,12,3507,2,7200,1.00342172797
36948,36959,40126,11,3167,2,7200,1.0034733186
36966,36978,40636,12,3658,2,7200,1.00328048114
37338,37350,40805,12,3455,2,7200,1.00347322721
37402,37414,40744,12,3330,2,7200,1.0036036036
37417,37430,40978,13,3548,2,7200,1.00366403608
37472,37487,41062,15,3575,2,7200,1.0041958042
37473,37492,40601,19,3109,2,7200,1.0061112898
37488,37499,40754,11,3255,2,7200,1.00337941628
37506,37519,41244,13,3725,2,7200,1.00348993289
37525,37536,40957,11,3421,2,7200,1.00321543408
37588,37601,40838,13,3237,2,7200,1.00401606426
37685,37696,41072,11,3376,2,7200,1.00325829384
37686,37704,41375,18,3671,2,7200,1.0049032961
37765,37776,41110,11,3334,2,7200,1.00329934013
37850,37862,41181,12,3319,2,7200,1.00361554685
37898,37911,41107,13,3196,2,7200,1.00406758448
37899,37917,41379,18,3462,2,7200,1.00519930676
37972,37985,41740,13,3755,2,7200,1.0034620506
37993,38008,41711,15,3703,2,7200,1.00405076965
38009,38016,41650,7,3634,2,7200,1.00192625206
38010,38024,41363,14,3339,2,7200,1.00419287212
38037,38047,41238,10,3191,2,7200,1.00313381385
38122,38133,41539,11,3406,2,7200,1.00322959483
38273,38285,41890,12,3605,2,7200,1.00332871012
38388,38400,42380,12,3980,2,7200,1.00301507538
38413,38426,42172,13,3746,2,7200,1.00347036839
38414,38434,41730,20,3296,2,7200,1.00606796117
38472,38484,42138,12,3654,2,7200,1.00328407225
38566,38579,41801,13,3222,2,7200,1.00403476102
38605,38618,42062,13,3444,2,7200,1.0037746806
38620,38631,42300,11,3669,2,7200,1.00299809212
38668,38681,41969,13,3288,2,7200,1.00395377129
38683,38691,42640,8,3949,2,7200,1.00202582932
38699,38711,42272,12,3561,2,7200,1.00336983993
38720,38733,41992,13,3259,2,7200,1.00398895367
38744,38759,42240,15,3481,2,7200,1.00430910658
38778,38790,42155,12,3365,2,7200,1.00356612184
38793,38804,41800,11,2996,2,7200,1.00367156208
38795,38813,41868,18,3055,2,7200,1.00589198036
38816,38827,42242,11,3415,2,7200,1.00322108346
38831,38843,42313,12,3470,2,7200,1.00345821326
38833,38852,42450,19,3598,2,7200,1.00528071151
38834,38857,42145,23,3288,2,7200,1.00699513382
38850,38865,42388,15,3523,2,7200,1.00425773489
38851,38870,42285,19,3415,2,7200,1.0055636896
38866,38879,42334,13,3455,2,7200,1.00376266281
38904,38917,42404,13,3487,2,7200,1.00372813307
38919,38927,42619,8,3692,2,7200,1.00216684724
38921,38935,42097,14,3162,2,7200,1.00442757748
38922,38941,42355,19,3414,2,7200,1.00556531927
38923,38946,42312,23,3366,2,7200,1.00683303624
38940,38955,42439,15,3484,2,7200,1.0043053961
38941,38960,42460,19,3500,2,7200,1.00542857143
38942,38965,42510,23,3545,2,7200,1.00648801128
38944,38970,42643,26,3673,2,7200,1.00707868228
38959,38978,42281,19,3303,2,7200,1.00575234635
38961,38983,42700,22,3717,2,7200,1.00591875168
38977,38992,42516,15,3524,2,7200,1.00425652667
38978,38997,42102,19,3105,2,7200,1.00611916264
38979,39002,42450,23,3448,2,7200,1.00667053364
38997,39010,42671,13,3661,2,7200,1.00355094237
38998,39016,42512,18,3496,2,7200,1.00514874142
38999,39021,42754,22,3733,2,7200,1.00589338334
39001,39026,42536,25,3510,2,7200,1.00712250712
39016,39034,42230,18,3196,2,7200,1.00563204005
39038,39049,42441,11,3392,2,7200,1.00324292453
39065,39077,42675,12,3598,2,7200,1.00333518621
39080,39088,42004,8,2916,2,7200,1.00274348422
39095,39103,42695,8,3592,2,7200,1.00222717149
39097,39111,42438,14,3327,2,7200,1.00420799519
39098,39116,42601,18,3485,2,7200,1.00516499283
39099,39121,42245,22,3124,2,7200,1.00704225352
39127,39138,42542,11,3404,2,7200,1.00323149236
39151,39163,42634,12,3471,2,7200,1.00345721694
39197,39210,42732,13,3522,2,7200,1.00369108461
39214,39222,42682,8,3460,2,7200,1.00231213873
39215,39231,42681,16,3450,2,7200,1.00463768116
39231,39240,42710,9,3470,2,7200,1.00259365994
39232,39249,42617,17,3368,2,7200,1.00504750594
39233,39254,42740,21,3486,2,7200,1.00602409639
39249,39262,42983,13,3721,2,7200,1.00349368449
39264,39275,43232,11,3957,2,7200,1.00277988375
39265,39280,42859,15,3579,2,7200,1.00419111484
39267,39289,42826,22,3537,2,7200,1.00621996042
39282,39296,42459,14,3163,2,7200,1.00442617768
39298,39306,42707,8,3401,2,7200,1.00235224934
39299,39311,42511,12,3200,2,7200,1.00375
39314,39321,42823,7,3502,2,7200,1.0019988578
39329,39340,42782,11,3442,2,7200,1.00319581639
39426,39439,42887,13,3448,2,7200,1.00377030162
39462,39474,42951,12,3477,2,7200,1.00345125108
39774,39787,43262,13,3475,2,7200,1.00374100719
39937,39950,43957,13,4007,2,7200,1.00324432244
40019,40030,43632,11,3602,2,7200,1.00305385897
40100,40112,43638,12,3526,2,7200,1.00340328985
40129,40139,43574,10,3435,2,7200,1.00291120815
40189,40203,43690,14,3487,2,7200,1.00401491253
40214,40230,43604,16,3374,2,7200,1.00474214582
40356,40368,43606,12,3238,2,7200,1.00370599135
40380,40393,43968,13,3575,2,7200,1.00363636364
40381,40401,43817,20,3416,2,7200,1.00585480094
40602,40615,43912,13,3297,2,7200,1.00394297847
40639,40651,44007,12,3356,2,7200,1.00357568534
40745,40757,44247,12,3490,2,7200,1.00343839542
40759,40768,44465,9,3697,2,7200,1.00243440628
40805,40819,44293,14,3474,2,7200,1.00402993667
40842,40853,44540,11,3687,2,7200,1.00298345538
40957,40970,44648,13,3678,2,7200,1.00353452964
40979,40992,44271,13,3279,2,7200,1.00396462336
41064,41076,44375,12,3299,2,7200,1.0036374659
41079,41089,44679,10,3590,2,7200,1.00278551532
41109,41120,44454,11,3334,2,7200,1.00329934013
41124,41132,44653,8,3521,2,7200,1.00227208179
41182,41195,44592,13,3397,2,7200,1.00382690609
41240,41252,44608,12,3356,2,7200,1.00357568534
41255,41264,45027,9,3763,2,7200,1.00239170874
41363,41377,44759,14,3382,2,7200,1.00413956239
41379,41390,44965,11,3575,2,7200,1.00307692308
41380,41400,44769,20,3369,2,7200,1.00593647967
41541,41551,45234,10,3683,2,7200,1.00271517784
41652,41664,44991,12,3327,2,7200,1.00360685302
41713,41725,44980,12,3255,2,7200,1.00368663594
41731,41743,45256,12,3513,2,7200,1.00341588386
41746,41754,45169,8,3415,2,7200,1.00234260615
41801,41814,45423,13,3609,2,7200,1.00360210585
41802,41820,44952,18,3132,2,7200,1.00574712644
41869,41881,45378,12,3497,2,7200,1.00343151273
41890,41902,45350,12,3448,2,7200,1.00348027842
41969,41982,45344,13,3362,2,7200,1.00386674598
41994,42006,45502,12,3496,2,7200,1.00343249428
42009,42017,45626,8,3609,2,7200,1.00221668052
42063,42076,45858,13,3782,2,7200,1.00343733474
42099,42111,45570,12,3459,2,7200,1.00346921075
42114,42123,45569,9,3446,2,7200,1.00261172374
42139,42153,45565,14,3412,2,7200,1.0041031653
42154,42164,45177,10,3013,2,7200,1.00331895121
42169,42177,45645,8,3468,2,7200,1.00230680507
42184,42191,46051,7,3860,2,7200,1.0018134715
42232,42245,45797,13,3552,2,7200,1.00365990991
42248,42258,46209,10,3951,2,7200,1.00253100481
42249,42263,45619,14,3356,2,7200,1.0041716329
42251,42271,45329,20,3058,2,7200,1.00654022237
42272,42285,45711,13,3426,2,7200,1.00379451255
42287,42296,46009,9,3713,2,7200,1.00242391597
42289,42305,45532,16,3227,2,7200,1.00495816548
42304,42313,45752,9,3439,2,7200,1.00261703984
42320,42329,45694,9,3365,2,7200,1.00267459138
42321,42334,45991,13,3657,2,7200,1.00355482636
42336,42349,46101,13,3752,2,7200,1.00346481876
42354,42367,45756,13,3389,2,7200,1.00383593981
42382,42394,45887,12,3493,2,7200,1.00343544231
42397,42406,45876,9,3470,2,7200,1.00259365994
42412,42420,45982,8,3562,2,7200,1.00224592925
42439,42452,45762,13,3310,2,7200,1.00392749245
42441,42461,45976,20,3515,2,7200,1.00568990043
42457,42470,45860,13,3390,2,7200,1.00383480826
42458,42475,46305,17,3830,2,7200,1.0044386423
42459,42480,46092,21,3612,2,7200,1.00581395349
42475,42488,45917,13,3429,2,7200,1.00379119277
42476,42494,45892,18,3398,2,7200,1.00529723367
42510,42524,46066,14,3542,2,7200,1.00395256917
42511,42530,46287,19,3757,2,7200,1.00505722651
42513,42538,45751,25,3213,2,7200,1.00778089013
42528,42544,46170,16,3626,2,7200,1.00441257584
42543,42552,46095,9,3543,2,7200,1.00254022015
42545,42560,46146,15,3586,2,7200,1.00418293363
42602,42615,46144,13,3529,2,7200,1.00368376311
42619,42629,45947,10,3318,2,7200,1.00301386377
42620,42637,45993,17,3356,2,7200,1.00506555423
42636,42649,45989,13,3340,2,7200,1.00389221557
42651,42661,46176,10,3515,2,7200,1.00284495021
42652,42667,46255,15,3588,2,7200,1.00418060201
42674,42685,46243,11,3558,2,7200,1.00309162451
42689,42698,46066,9,3368,2,7200,1.00267220903
42691,42707,46493,16,3786,2,7200,1.00422609614
42692,42713,46131,21,3418,2,7200,1.00614394383
42708,42722,46335,14,3613,2,7200,1.00387489621
42709,42727,46138,18,3411,2,7200,1.00527704485
42710,42732,46101,22,3369,2,7200,1.00653012763
42725,42741,45874,16,3133,2,7200,1.00510692627
42741,42749,46464,8,3715,2,7200,1.00215343203
42742,42757,46118,15,3361,2,7200,1.00446295745
42757,42768,46330,11,3562,2,7200,1.00308815272
42785,42795,46197,10,3402,2,7200,1.00293944738
42824,42845,46075,21,3230,2,7200,1.00650154799
42826,42836,46172,10,3336,2,7200,1.00299760192
42860,42873,46362,13,3489,2,7200,1.00372599599
42887,42900,46427,13,3527,2,7200,1.003685852
42953,42966,46782,13,3816,2,7200,1.0034067086
42984,42996,46591,12,3595,2,7200,1.0033379694
43233,43241,46479,8,3238,2,7200,1.0024706609
43264,43271,46738,7,3467,2,7200,1.00201903663
43577,43585,47032,8,3447,2,7200,1.00232085872
43608,43616,46577,8,2961,2,7200,1.00270178994
43609,43626,47203,17,3577,2,7200,1.00475258597
43634,43641,46876,7,3235,2,7200,1.00216383308
43649,43656,46930,7,3274,2,7200,1.00213805742
43692,43699,47161,7,3462,2,7200,1.00202195263
43819,43826,47509,7,3683,2,7200,1.00190062449
43913,43920,47435,7,3515,2,7200,1.00199146515
43958,43966,47348,8,3382,2,7200,1.00236546422
43973,43981,47192,8,3211,2,7200,1.00249143569
44006,44015,47571,9,3556,2,7200,1.00253093363
44249,44257,47947,8,3690,2,7200,1.00216802168
44273,44282,47674,9,3392,2,7200,1.00265330189
44294,44301,47945,7,3644,2,7200,1.00192096597
44376,44385,47791,9,3406,2,7200,1.00264239577
44454,44463,47771,9,3308,2,7200,1.00272067715
44469,44478,47888,9,3410,2,7200,1.00263929619
44542,44549,48290,7,3741,2,7200,1.00187115744
44594,44601,47810,7,3209,2,7200,1.00218136491
44609,44617,48281,8,3664,2,7200,1.00218340611
44649,44658,47990,9,3332,2,7200,1.00270108043
44664,44672,48173,8,3501,2,7200,1.00228506141
44679,44687,48162,8,3475,2,7200,1.00230215827
44761,44769,48352,8,3583,2,7200,1.00223276584
44776,44791,48205,15,3414,2,7200,1.00439367311
44954,44964,48381,10,3417,2,7200,1.00292654375
44969,44981,48359,12,3378,2,7200,1.00355239787
44984,44995,48563,11,3568,2,7200,1.00308295964
44999,45008,48387,9,3379,2,7200,1.00266350991
45027,45046,48088,19,3042,2,7200,1.00624589086
45169,45183,48553,14,3370,2,7200,1.00415430267
45184,45199,48527,15,3328,2,7200,1.00450721154
45235,45251,49081,16,3830,2,7200,1.00417754569
45256,45269,48786,13,3517,2,7200,1.0036963321
45329,45336,48985,7,3649,2,7200,1.00191833379
45344,45351,48889,7,3538,2,7200,1.00197851894
45359,45367,48474,8,3107,2,7200,1.00257483103
45378,45386,49111,8,3725,2,7200,1.00214765101
45426,45433,48836,7,3403,2,7200,1.00205700852
45502,45510,48736,8,3226,2,7200,1.00247985121
45533,45540,49037,7,3497,2,7200,1.00200171576
45567,45574,48987,7,3413,2,7200,1.00205098154
45582,45589,48867,7,3278,2,7200,1.00213544844
45583,45596,49092,13,3496,2,7200,1.00371853547
45620,45629,49151,9,3522,2,7200,1.00255536627
45635,45642,49001,7,3359,2,7200,1.00208395356
45650,45659,49296,9,3637,2,7200,1.00247456695
45693,45700,49006,7,3306,2,7200,1.00211736237
45711,45719,49218,8,3499,2,7200,1.00228636753
45753,45762,49147,9,3385,2,7200,1.00265878877
45755,45772,48847,17,3075,2,7200,1.00552845528
45770,45780,48936,10,3156,2,7200,1.00316856781
45772,45786,49118,14,3332,2,7200,1.00420168067
45799,45806,49068,7,3262,2,7200,1.00214592275
45860,45867,49295,7,3428,2,7200,1.002042007
45861,45876,49231,15,3355,2,7200,1.0044709389
45877,45884,49283,7,3399,2,7200,1.00205942924
45878,45893,49460,15,3567,2,7200,1.00420521447
45893,45901,49419,8,3518,2,7200,1.00227401933
45895,45909,49564,14,3655,2,7200,1.00383036936
45919,45926,49440,7,3514,2,7200,1.00199203187
45947,45954,49254,7,3300,2,7200,1.00212121212
45977,45984,49658,7,3674,2,7200,1.00190528035
45979,45992,49500,13,3508,2,7200,1.00370581528
45995,46004,49283,9,3279,2,7200,1.00274473925
45997,46012,49257,15,3245,2,7200,1.00462249615
45998,46018,49478,20,3460,2,7200,1.00578034682
46014,46026,50679,12,4653,2,7200,1.0025789813
46053,46060,49226,7,3166,2,7200,1.00221099179
46068,46075,49430,7,3355,2,7200,1.00208643815
46069,46084,49705,15,3621,2,7200,1.00414250207
46084,46093,49617,9,3524,2,7200,1.002553916
46100,46108,49522,8,3414,2,7200,1.00234329233
46102,46118,49621,16,3503,2,7200,1.00456751356
46103,46123,49598,20,3475,2,7200,1.00575539568
46104,46128,49501,24,3373,2,7200,1.0071153276
46120,46137,49782,17,3645,2,7200,1.00466392318
46135,46145,49753,10,3608,2,7200,1.00277161863
46151,46160,49713,9,3553,2,7200,1.00253307064
46152,46165,49717,13,3552,2,7200,1.00365990991
46154,46173,49625,19,3452,2,7200,1.00550405562
46169,46181,49622,12,3441,2,7200,1.00348735833
46184,46193,49558,9,3365,2,7200,1.00267459138
46185,46201,49638,16,3437,2,7200,1.00465522258
46200,46209,49572,9,3363,2,7200,1.00267618198
46216,46225,49632,9,3407,2,7200,1.00264162019
46243,46250,49865,7,3615,2,7200,1.00193637621
46259,46266,49690,7,3424,2,7200,1.00204439252
46286,46294,49622,8,3328,2,7200,1.00240384615
46308,46318,49565,10,3247,2,7200,1.00307976594
46324,46331,49802,7,3471,2,7200,1.00201670988
46339,46346,49695,7,3349,2,7200,1.00209017617
46363,46370,49852,7,3482,2,7200,1.00201033889
46427,46435,49895,8,3460,2,7200,1.00231213873
46464,46472,49878,8,3406,2,7200,1.00234879624
46479,46487,49873,8,3386,2,7200,1.00236266982
46494,46501,49816,7,3315,2,7200,1.00211161388
46577,46584,50089,7,3505,2,7200,1.00199714693
46592,46599,49988,7,3389,2,7200,1.00206550605
46737,46746,50110,9,3364,2,7200,1.00267538644
46783,46790,50535,7,3745,2,7200,1.00186915888
46877,46884,50336,7,3452,2,7200,1.00202780997
46931,46939,50599,8,3660,2,7200,1.00218579235
47031,47038,50700,7,3662,2,7200,1.00191152376
47161,47168,50823,7,3655,2,7200,1.00191518468
47191,47199,50607,8,3408,2,7200,1.00234741784
47207,47214,51062,7,3848,2,7200,1.00181912682
47313,47960,49568,647,1608,4,10800,1.40236318408
47313,49594,51145,2281,1551,4,10800,2.47066408769
47313,48983,50420,1670,1437,4,10800,2.16214335421
47313,47320,48989,7,1669,4,10800,1.00419412822
47313,47325,48969,12,1644,4,10800,1.00729927007
47314,50434,52101,3120,1667,4,10800,2.87162567487
47314,49659,50927,2345,1268,4,10800,2.84936908517
47314,49665,50780,2351,1115,4,10800,3.10852017937
47349,47361,50966,12,3605,2,7200,1.00332871012
47436,47449,50655,13,3206,2,7200,1.00405489707
47510,47522,50956,12,3434,2,7200,1.00349446709
47570,47584,51093,14,3509,2,7200,1.00398974067
47588,49007,193187,1419,144180,6,144000,1.00984186434
47674,47687,50977,13,3290,2,7200,1.00395136778
47771,47784,51320,13,3536,2,7200,1.00367647059
47792,47804,51122,12,3318,2,7200,1.00361663653
47810,47824,51050,14,3226,2,7200,1.00433973962
47889,47902,51161,13,3259,2,7200,1.00398895367
47947,48004,51320,57,3316,2,7200,1.0171893848
47949,48102,51651,153,3549,2,7200,1.04311073542
47992,48175,51557,183,3382,2,7200,1.05410999409
48090,48187,51375,97,3188,2,7200,1.03042659975
48163,48218,51456,55,3238,2,7200,1.0169857937
48178,48297,51757,119,3460,2,7200,1.03439306358
48206,48305,51590,99,3285,2,7200,1.0301369863
48285,48366,51746,81,3380,2,7200,1.02396449704
48300,48375,51871,75,3496,2,7200,1.02145308924
48354,48394,51827,40,3433,2,7200,1.01165161666
48369,48403,51768,34,3365,2,7200,1.01010401189
48384,48486,51992,102,3506,2,7200,1.02909298346
48399,48541,51906,142,3365,2,7200,1.04219910847
48476,48568,52044,92,3476,2,7200,1.02646720368
48529,48577,52093,48,3516,2,7200,1.01365187713
48554,48750,52507,196,3757,2,7200,1.052169284
48569,48799,52205,230,3406,2,7200,1.06752789196
48737,48849,52313,112,3464,2,7200,1.03233256351
48788,48861,52431,73,3570,2,7200,1.02044817927
48838,48881,52386,43,3505,2,7200,1.0122681883
48853,48902,52242,49,3340,2,7200,1.01467065868
48868,48949,52545,81,3596,2,7200,1.02252502781
48890,48999,52545,109,3546,2,7200,1.03073886069
48936,49015,52350,79,3335,2,7200,1.02368815592
48985,49024,52139,39,3115,2,7200,1.01252006421
49000,49052,52553,52,3501,2,7200,1.01485289917
49002,49081,52761,79,3680,2,7200,1.0214673913
49017,49095,52596,78,3501,2,7200,1.02227934876
49039,49106,52499,67,3393,2,7200,1.01974653699
49069,49125,52341,56,3216,2,7200,1.01741293532
49084,49133,52632,49,3499,2,7200,1.01400400114
49099,49161,52538,62,3377,2,7200,1.01835949067
49116,49170,52777,54,3607,2,7200,1.01497088994
49131,49231,52867,100,3636,2,7200,1.02750275028
49149,49239,52449,90,3210,2,7200,1.02803738318
49164,49247,52882,83,3635,2,7200,1.02283356259
49219,49269,52818,50,3549,2,7200,1.01408847563
49234,49277,52574,43,3297,2,7200,1.01304215954
49235,49296,53161,61,3865,2,7200,1.01578266494
49253,49302,52812,49,3510,2,7200,1.01396011396
49268,49309,53300,41,3991,2,7200,1.01027311451
49283,49314,52853,31,3539,2,7200,1.00875953659
49285,49433,52738,148,3305,2,7200,1.0447806354
49300,49443,52709,143,3266,2,7200,1.04378444581
49302,49453,53020,151,3567,2,7200,1.04233249229
49420,49473,53034,53,3561,2,7200,1.0148834597
49435,49491,53001,56,3510,2,7200,1.01595441595
49450,49513,53144,63,3631,2,7200,1.01735059212
49465,49521,52843,56,3322,2,7200,1.01685731487
49481,49535,53179,54,3644,2,7200,1.01481888035
49499,49571,53232,72,3661,2,7200,1.01966675772
49514,49580,53038,66,3458,2,7200,1.01908617698
49529,49585,53205,56,3620,2,7200,1.01546961326
49557,49600,52843,43,3243,2,7200,1.01325932778
49573,49612,52867,39,3255,2,7200,1.01198156682
49575,49632,53198,57,3566,2,7200,1.01598429613
49576,49641,53163,65,3522,2,7200,1.01845542306
49597,49646,52719,49,3073,2,7200,1.0159453303
49619,49651,52882,32,3231,2,7200,1.00990405447
49636,49670,52752,34,3082,2,7200,1.01103179753
49637,49678,53227,41,3549,2,7200,1.01155255001
49639,49703,53274,64,3571,2,7200,1.01792215066
49640,49712,53309,72,3597,2,7200,1.02001668057
49641,49720,53112,79,3392,2,7200,1.02329009434
49657,49728,52932,71,3204,2,7200,1.02215980025
49672,49736,53237,64,3501,2,7200,1.01828049129
49690,49766,53171,76,3405,2,7200,1.02232011747
49706,49794,53248,88,3454,2,7200,1.02547770701
49707,49815,53262,108,3447,2,7200,1.03133159269
49723,49829,53311,106,3482,2,7200,1.03044227455
49724,49866,53050,142,3184,2,7200,1.04459798995
49755,49878,53425,123,3547,2,7200,1.03467719199
49782,49885,53491,103,3606,2,7200,1.02856350527
49803,49893,53366,90,3473,2,7200,1.02591419522
49818,49909,53331,91,3422,2,7200,1.02659263589
49855,50001,53323,146,3322,2,7200,1.04394942806
49870,50102,53392,232,3290,2,7200,1.07051671733
49885,50123,53813,238,3690,2,7200,1.06449864499
49886,50350,53560,464,3210,2,7200,1.1445482866
49902,50454,53801,552,3347,2,7200,1.16492381237
49990,50460,54115,470,3655,2,7200,1.12859097127
50091,50548,54063,457,3515,2,7200,1.13001422475
50112,50611,54140,499,3529,2,7200,1.14139982998
50338,50623,54040,285,3417,2,7200,1.08340649693
50537,50668,54161,131,3493,2,7200,1.03750357859
50601,50692,54086,91,3394,2,7200,1.02681202121
50607,51339,51461,732,122,8,120,7.0
50615,50713,54164,98,3451,2,7200,1.02839756592
50655,50793,54466,138,3673,2,7200,1.03757146747
50660,51478,51480,818,2,8,120,82.0
50680,50799,54193,119,3394,2,7200,1.0350618739
50702,50836,54078,134,3242,2,7200,1.0413325108
50824,50940,54397,116,3457,2,7200,1.03355510558
50958,50966,54407,8,3441,2,7200,1.00232490555
50975,50983,54400,8,3417,2,7200,1.002341235
50990,50998,54503,8,3505,2,7200,1.00228245364
51051,51059,54759,8,3700,2,7200,1.00216216216
51066,51074,54543,8,3469,2,7200,1.0023061401
51094,51101,54338,7,3237,2,7200,1.00216249614
51124,51131,54518,7,3387,2,7200,1.00206672572
51163,51170,54515,7,3345,2,7200,1.00209267564
51321,51330,54990,9,3660,2,7200,1.00245901639
51323,51388,54601,65,3213,2,7200,1.02023031435
51375,51470,54913,95,3443,2,7200,1.02759221609
51457,51493,54927,36,3434,2,7200,1.01048340128
51557,51564,54696,7,3132,2,7200,1.00223499361
51591,51599,54830,8,3231,2,7200,1.00247601362
51652,51659,55031,7,3372,2,7200,1.00207591934
51749,51757,55298,8,3541,2,7200,1.0022592488
51764,51773,55358,9,3585,2,7200,1.00251046025
51779,51788,55154,9,3366,2,7200,1.00267379679
51828,51837,55290,9,3453,2,7200,1.00260642919
51871,51878,55285,7,3407,2,7200,1.00205459348
51907,51914,55295,7,3381,2,7200,1.00207039337
51995,52004,55207,9,3203,2,7200,1.00280986575
52046,52054,55375,8,3321,2,7200,1.00240891298
52095,52103,55673,8,3570,2,7200,1.00224089636
52141,52150,55665,9,3515,2,7200,1.00256045519
52208,52215,56059,7,3844,2,7200,1.00182101977
52244,52253,55634,9,3381,2,7200,1.00266193434
52314,52322,55435,8,3113,2,7200,1.00256986829
52342,52349,55744,7,3395,2,7200,1.00206185567
52357,52366,55955,9,3589,2,7200,1.0025076623
52387,52395,55677,8,3282,2,7200,1.00243753809
52433,52440,55772,7,3332,2,7200,1.00210084034
52448,52456,55605,8,3149,2,7200,1.00254048904
52499,52506,55936,7,3430,2,7200,1.00204081633
52514,52523,56001,9,3478,2,7200,1.00258769408
52539,52547,56279,8,3732,2,7200,1.00214362272
52555,52563,56031,8,3468,2,7200,1.00230680507
52557,52569,56203,12,3634,2,7200,1.0033021464
52558,52577,56297,19,3720,2,7200,1.00510752688
52576,52584,55920,8,3336,2,7200,1.00239808153
52597,52605,56089,8,3484,2,7200,1.00229621125
52634,52641,56301,7,3660,2,7200,1.00191256831
52681,53826,53868,1145,42,8,120,28.2619047619
52710,52718,56117,8,3399,2,7200,1.00235363342
52725,52732,56433,7,3701,2,7200,1.00189138071
52740,52747,56288,7,3541,2,7200,1.0019768427
52755,52763,55898,8,3135,2,7200,1.00255183413
52771,52778,56422,7,3644,2,7200,1.00192096597
52786,52793,56617,7,3824,2,7200,1.00183054393
52813,52821,56176,8,3355,2,7200,1.00238450075
52829,52837,56092,8,3255,2,7200,1.0024577573
52844,52852,56314,8,3462,2,7200,1.002310803
52846,52861,56190,15,3329,2,7200,1.00450585761
52861,52869,56461,8,3592,2,7200,1.00222717149
52877,52885,56147,8,3262,2,7200,1.00245248314
52879,52895,56389,16,3494,2,7200,1.00457927876
52895,52903,57114,8,4211,2,7200,1.00189978627
52896,52910,56350,14,3440,2,7200,1.00406976744
52932,52941,56419,9,3478,2,7200,1.00258769408
53002,53010,56255,8,3245,2,7200,1.00246533128
53020,53027,56315,7,3288,2,7200,1.00212895377
53035,53043,56113,8,3070,2,7200,1.00260586319
53051,53059,56420,8,3361,2,7200,1.00238024398
53052,53069,56357,17,3288,2,7200,1.0051703163
53113,53122,56750,9,3628,2,7200,1.00248070562
53147,53154,56810,7,3656,2,7200,1.00191466083
53162,53170,56767,8,3597,2,7200,1.00222407562
53163,53179,56538,16,3359,2,7200,1.00476332242
53181,53192,56776,11,3584,2,7200,1.00306919643
53182,53197,56774,15,3577,2,7200,1.00419345821
53201,53209,56724,8,3515,2,7200,1.00227596017
53217,53224,56790,7,3566,2,7200,1.00196298374
53233,53243,56747,10,3504,2,7200,1.00285388128
53235,53249,56850,14,3601,2,7200,1.00388780894
53250,53260,56740,10,3480,2,7200,1.00287356322
53251,53266,56618,15,3352,2,7200,1.00447494033
53266,53273,56464,7,3191,2,7200,1.0021936697
53281,53291,56997,10,3706,2,7200,1.00269832704
53302,53309,56691,7,3382,2,7200,1.00206978119
53318,53328,56633,10,3305,2,7200,1.00302571861
53319,53333,56745,14,3412,2,7200,1.0041031653
53334,53342,56877,8,3535,2,7200,1.00226308345
53335,53350,56765,15,3415,2,7200,1.00439238653
53366,53373,56993,7,3620,2,7200,1.00193370166
53393,53400,57111,7,3711,2,7200,1.00188628402
53426,53435,56832,9,3397,2,7200,1.00264939653
53493,53502,56732,9,3230,2,7200,1.00278637771
53560,53567,57091,7,3524,2,7200,1.00198637911
53803,53812,57116,9,3304,2,7200,1.00272397094
53818,53832,57407,14,3575,2,7200,1.00391608392
54044,54052,57361,8,3309,2,7200,1.00241764884
54065,54073,57425,8,3352,2,7200,1.00238663484
54081,54089,57470,8,3381,2,7200,1.00236616386
54096,54105,57527,9,3422,2,7200,1.00263004091
54117,54124,57302,7,3178,2,7200,1.00220264317
54142,54149,57435,7,3286,2,7200,1.00213024954
54164,54171,57730,7,3559,2,7200,1.00196684462
54165,54180,57553,15,3373,2,7200,1.00444707975
54195,54203,57588,8,3385,2,7200,1.0023633678
54342,54350,57715,8,3365,2,7200,1.00237741456
54396,54404,58105,8,3701,2,7200,1.00216157795
54412,54419,57865,7,3446,2,7200,1.00203134068
54413,54426,57822,13,3396,2,7200,1.00382803298
54468,54475,57790,7,3315,2,7200,1.00211161388
54504,54512,57967,8,3455,2,7200,1.0023154848
54520,54528,58343,8,3815,2,7200,1.00209698558
54521,54537,57946,16,3409,2,7200,1.00469345849
54545,54554,57709,9,3155,2,7200,1.0028526149
54603,55305,55340,702,35,8,120,21.0571428571
54603,54611,58254,8,3643,2,7200,1.00219599231
54697,54704,58235,7,3531,2,7200,1.00198244123
54761,54769,58256,8,3487,2,7200,1.00229423573
54830,54837,58404,7,3567,2,7200,1.00196243342
54915,54924,58462,9,3538,2,7200,1.00254381006
54930,54937,58809,7,3872,2,7200,1.00180785124
54960,55355,55520,395,165,8,120,3.39393939394
54991,54999,58575,8,3576,2,7200,1.00223713647
55033,55041,58632,8,3591,2,7200,1.0022277917
55154,55162,58535,8,3373,2,7200,1.00237177587
55209,55218,58537,9,3319,2,7200,1.00271166014
55285,55294,58745,9,3451,2,7200,1.00260793973
55300,55314,58496,14,3182,2,7200,1.00439974859
55302,55319,58960,17,3641,2,7200,1.00466904697
55303,55324,58770,21,3446,2,7200,1.00609402205
55358,55366,58795,8,3429,2,7200,1.0023330417
55376,55383,59038,7,3655,2,7200,1.00191518468
55437,55444,59023,7,3579,2,7200,1.00195585359
55606,55613,58897,7,3284,2,7200,1.00213154689
55637,55644,59383,7,3739,2,7200,1.00187215833
55667,55674,59382,7,3708,2,7200,1.00188781014
55682,55690,59138,8,3448,2,7200,1.00232018561
55684,55700,58925,16,3225,2,7200,1.00496124031
55745,55753,59203,8,3450,2,7200,1.00231884058
55773,55780,59120,7,3340,2,7200,1.00209580838
55813,55820,57910,7,2090,1,36000,1.0033492823
55876,55883,57947,7,2064,1,36000,1.00339147287
55900,55909,59284,9,3375,2,7200,1.00266666667
55921,55928,59537,7,3609,2,7200,1.00193959546
55939,55947,59475,8,3528,2,7200,1.0022675737
55957,55964,59322,7,3358,2,7200,1.00208457415
56002,56009,59465,7,3456,2,7200,1.00202546296
56032,56041,59447,9,3406,2,7200,1.00264239577
56062,56070,59471,8,3401,2,7200,1.00235224934
56090,56098,59519,8,3421,2,7200,1.00233849752
56105,56114,59600,9,3486,2,7200,1.00258175559
56121,56130,59420,9,3290,2,7200,1.00273556231
56122,56138,59456,16,3318,2,7200,1.00482218204
56146,56153,59606,7,3453,2,7200,1.0020272227
56177,56184,59736,7,3552,2,7200,1.00197072072
56192,56201,59777,9,3576,2,7200,1.00251677852
56207,56215,59643,8,3428,2,7200,1.00233372229
56256,56265,59711,9,3446,2,7200,1.00261172374
56280,56289,59635,9,3346,2,7200,1.00268977884
56295,56304,59582,9,3278,2,7200,1.00274557657
56311,56318,59434,7,3116,2,7200,1.00224646983
56312,56326,59831,14,3505,2,7200,1.00399429387
56329,56339,59625,10,3286,2,7200,1.00304321363
56330,56345,59688,15,3343,2,7200,1.00448698774
56352,56359,59613,7,3254,2,7200,1.00215119852
56367,56374,59648,7,3274,2,7200,1.00213805742
56388,56395,59841,7,3446,2,7200,1.00203134068
56419,56426,59848,7,3422,2,7200,1.00204558738
56434,56442,60012,8,3570,2,7200,1.00224089636
56435,56451,60027,16,3576,2,7200,1.00447427293
56437,56456,59876,19,3420,2,7200,1.00555555556
56461,56470,59946,9,3476,2,7200,1.00258918297
56476,56484,60016,8,3532,2,7200,1.00226500566
56540,56548,60056,8,3508,2,7200,1.00228050171
56619,56626,60132,7,3506,2,7200,1.0019965773
56620,56635,60000,15,3365,2,7200,1.0044576523
56635,56642,60202,7,3560,2,7200,1.00196629213
56693,56700,60384,7,3684,2,7200,1.00190010858
56726,56734,60064,8,3330,2,7200,1.0024024024
56742,56749,60297,7,3548,2,7200,1.0019729425
56743,56757,60106,14,3349,2,7200,1.00418035234
56759,56767,60033,8,3266,2,7200,1.00244947949
56760,56774,60113,14,3339,2,7200,1.00419287212
56761,56779,60314,18,3535,2,7200,1.00509193777
56777,56787,60088,10,3301,2,7200,1.00302938503
56779,56793,60090,14,3297,2,7200,1.0042462845
56780,56802,59892,22,3090,2,7200,1.0071197411
56781,56807,60477,26,3670,2,7200,1.00708446866
56796,56815,60280,19,3465,2,7200,1.00548340548
56812,56824,60294,12,3470,2,7200,1.00345821326
56833,56840,60558,7,3718,2,7200,1.00188273265
56851,56860,60334,9,3474,2,7200,1.00259067358
56879,56886,60331,7,3445,2,7200,1.00203193033
56993,57003,60207,10,3204,2,7200,1.00312109863
57008,57017,60581,9,3564,2,7200,1.00252525253
57090,57097,60657,7,3560,2,7200,1.00196629213
57112,57120,60526,8,3406,2,7200,1.00234879624
57127,57135,60702,8,3567,2,7200,1.00224278105
57128,57143,60992,15,3849,2,7200,1.00389711613
57304,57312,61060,8,3748,2,7200,1.00213447172
57362,57370,60443,8,3073,2,7200,1.00260331923
57405,57412,60614,7,3202,2,7200,1.00218613367
57426,57434,60742,8,3308,2,7200,1.00241837969
57441,57449,60910,8,3461,2,7200,1.00231147067
57471,57479,60607,8,3128,2,7200,1.00255754476
57528,57537,61333,9,3796,2,7200,1.00237091675
57556,57565,61022,9,3457,2,7200,1.00260341336
57589,57596,61278,7,3682,2,7200,1.00190114068
57710,57719,61104,9,3385,2,7200,1.00265878877
57726,57733,61272,7,3539,2,7200,1.00197795988
57741,57750,61218,9,3468,2,7200,1.00259515571
57789,57798,61081,9,3283,2,7200,1.00274139507
57822,57829,61767,7,3938,2,7200,1.00177755206
57867,57875,61473,8,3598,2,7200,1.00222345748
57946,57954,61317,8,3363,2,7200,1.00237882843
57968,57976,61754,8,3778,2,7200,1.0021175225
58107,58117,61471,10,3354,2,7200,1.00298151461
58197,58205,58207,8,2,1,3600,1.0
58238,58246,61470,8,3224,2,7200,1.00248138958
58256,58264,61957,8,3693,2,7200,1.00216626049
58258,58273,61632,15,3359,2,7200,1.00446561477
58343,58352,61837,9,3485,2,7200,1.00258249641
58406,58414,61735,8,3321,2,7200,1.00240891298
58449,58457,58841,8,384,1,3600,1.02083333333
58464,58472,61848,8,3376,2,7200,1.00236966825
58497,58504,61641,7,3137,2,7200,1.0022314313
58537,58544,61961,7,3417,2,7200,1.00204858063
58538,58552,61853,14,3301,2,7200,1.00424113905
58571,58579,62219,8,3640,2,7200,1.0021978022
58635,58642,62123,7,3481,2,7200,1.0020109164
58747,58754,62820,7,4066,2,7200,1.0017215937
58771,58778,62108,7,3330,2,7200,1.0021021021
58796,58803,62114,7,3311,2,7200,1.0021141649
58811,58820,62694,9,3874,2,7200,1.00232318018
58899,58906,62226,7,3320,2,7200,1.00210843373
58923,58930,62370,7,3440,2,7200,1.00203488372
58962,58970,62413,8,3443,2,7200,1.00232355504
59026,59033,62645,7,3612,2,7200,1.0019379845
59041,59048,62451,7,3403,2,7200,1.00205700852
59123,59130,62675,7,3545,2,7200,1.00197461213
59138,59145,62508,7,3363,2,7200,1.00208147487
59205,59212,62698,7,3486,2,7200,1.00200803213
59286,59295,63101,9,3806,2,7200,1.00236468734
59322,59331,62855,9,3524,2,7200,1.002553916
59349,59356,59657,7,301,1,3600,1.02325581395
59383,59390,62785,7,3395,2,7200,1.00206185567
59384,59397,62706,13,3309,2,7200,1.00392867936
59421,59428,62982,7,3554,2,7200,1.00196961171
59436,59443,63257,7,3814,2,7200,1.00183534347
59452,59460,63075,8,3615,2,7200,1.00221300138
59467,59474,63186,7,3712,2,7200,1.00188577586
59468,59483,62888,15,3405,2,7200,1.00440528634
59484,59494,63523,10,4029,2,7200,1.00248200546
59485,59500,62988,15,3488,2,7200,1.00430045872
59519,59526,62948,7,3422,2,7200,1.00204558738
59537,59546,62819,9,3273,2,7200,1.00274977085
59583,59590,62876,7,3286,2,7200,1.00213024954
59601,59608,63033,7,3425,2,7200,1.00204379562
59616,59623,62869,7,3246,2,7200,1.00215650031
59618,59631,63046,13,3415,2,7200,1.00380673499
59633,59641,63440,8,3799,2,7200,1.00210581732
59650,59658,62894,8,3236,2,7200,1.00247218789
59651,59663,63048,12,3385,2,7200,1.0035450517
59652,59671,63032,19,3361,2,7200,1.00565307944
59689,59697,63288,8,3591,2,7200,1.0022277917
59713,59721,63139,8,3418,2,7200,1.00234055003
59737,59744,63224,7,3480,2,7200,1.00201149425
59780,59787,63029,7,3242,2,7200,1.00215916101
59831,59839,63358,8,3519,2,7200,1.00227337312
59847,59854,63416,7,3562,2,7200,1.0019651881
59862,59869,63626,7,3757,2,7200,1.00186318871
59877,59890,63155,13,3265,2,7200,1.00398162328
59892,59900,63169,8,3269,2,7200,1.00244723157
59947,59954,63280,7,3326,2,7200,1.00210463019
60002,60009,63441,7,3432,2,7200,1.00203962704
60017,60025,63532,8,3507,2,7200,1.00228115198
60019,60033,63836,14,3803,2,7200,1.00368130423
60034,60047,63549,13,3502,2,7200,1.00371216448
60035,60053,63713,18,3660,2,7200,1.00491803279
60057,60065,63933,8,3868,2,7200,1.00206825233
60072,60079,63553,7,3474,2,7200,1.00201496834
60074,60089,60856,15,767,1,3600,1.01955671447
60091,60100,63347,9,3247,2,7200,1.00277178934
60092,60109,63766,17,3657,2,7200,1.00464861909
60107,60117,63534,10,3417,2,7200,1.00292654375
60122,60130,63688,8,3558,2,7200,1.00224845419
60138,60146,63729,8,3583,2,7200,1.00223276584
60202,60209,63486,7,3277,2,7200,1.00213610009
60217,60225,63794,8,3569,2,7200,1.00224152424
60227,60235,61659,8,1424,2,7200,1.00561797753
60234,60242,61689,8,1447,2,7200,1.00552868003
60241,60250,61758,9,1508,2,7200,1.00596816976
60248,60257,61709,9,1452,2,7200,1.00619834711
60254,60266,61733,12,1467,2,7200,1.0081799591
60261,60275,61710,14,1435,2,7200,1.00975609756
60273,60293,61707,20,1414,2,7200,1.01414427157
60281,60308,63540,27,3232,2,7200,1.0083539604
60296,60317,63890,21,3573,2,7200,1.00587741394
60311,60329,63591,18,3262,2,7200,1.00551808706
60326,60345,63961,19,3616,2,7200,1.00525442478
60341,60353,63478,12,3125,2,7200,1.00384
60342,60398,64050,56,3652,2,7200,1.01533406353
60382,60457,63640,75,3183,2,7200,1.02356267672
60438,60869,61292,431,423,1,3600,2.01891252955
60442,60491,64249,49,3758,2,7200,1.01303885045
60448,61306,61760,858,454,1,3600,2.88986784141
60457,61735,62172,1278,437,1,3600,3.92448512586
60479,60539,63722,60,3183,2,7200,1.01885014138
60528,60571,64270,43,3699,2,7200,1.01162476345
60558,60596,64094,38,3498,2,7200,1.01086335049
60582,60620,64092,38,3472,2,7200,1.01094470046
60609,60629,64050,20,3421,2,7200,1.00584624379
60625,60670,64013,45,3343,2,7200,1.01346096321
60655,60715,64322,60,3607,2,7200,1.01663432215
60704,60754,64805,50,4051,2,7200,1.01234263145
60744,60923,64543,179,3620,2,7200,1.04944751381
60910,61006,64756,96,3750,2,7200,1.0256
60994,61036,64664,42,3628,2,7200,1.01157662624
61025,61073,64434,48,3361,2,7200,1.01428146385
61061,61095,64644,34,3549,2,7200,1.00958016343
61082,61116,64257,34,3141,2,7200,1.01082457816
61104,61232,64799,128,3567,2,7200,1.03588449678
61218,61285,65085,67,3800,2,7200,1.01763157895
61273,61294,64936,21,3642,2,7200,1.0057660626
61288,61330,65209,42,3879,2,7200,1.01082753287
61319,61346,64851,27,3505,2,7200,1.00770328103
61333,61485,64957,152,3472,2,7200,1.04377880184
61470,61490,64849,20,3359,2,7200,1.00595415302
61472,61498,65187,26,3689,2,7200,1.00704798048
61473,61646,65007,173,3361,2,7200,1.05147277596
61634,61654,64811,20,3157,2,7200,1.00633512829
61649,61672,65237,23,3565,2,7200,1.0064516129
61670,61704,63289,34,1585,2,7200,1.0214511041
61703,61721,63382,18,1661,2,7200,1.01083684527
61720,61729,63276,9,1547,2,7200,1.0058177117
61727,61747,63219,20,1472,2,7200,1.01358695652
61737,61756,65301,19,3545,2,7200,1.0053596615
61755,61777,63127,22,1350,2,7200,1.0162962963
61755,61769,65499,14,3730,2,7200,1.00375335121
61770,61786,65073,16,3287,2,7200,1.00486766048
61783,61793,63303,10,1510,2,7200,1.00662251656
61790,61850,63365,60,1515,2,7200,1.0396039604
61839,61861,65375,22,3514,2,7200,1.0062606716
61854,61871,65453,17,3582,2,7200,1.00474595198
61856,61970,65171,114,3201,2,7200,1.03561387067
61956,61977,65406,21,3429,2,7200,1.00612423447
61971,62121,65430,150,3309,2,7200,1.04533091568
62107,62130,65330,23,3200,2,7200,1.0071875
62123,62138,65723,15,3585,2,7200,1.00418410042
62124,62233,65782,109,3549,2,7200,1.03071287687
62221,62242,65498,21,3256,2,7200,1.00644963145
62236,62385,65962,149,3577,2,7200,1.04165501817
62372,62425,65630,53,3205,2,7200,1.01653666147
62414,62464,65798,50,3334,2,7200,1.0149970006
62450,62521,66017,71,3496,2,7200,1.02030892449
62508,62659,66424,151,3765,2,7200,1.0401062417
62644,62690,66198,46,3508,2,7200,1.01311288483
62678,62707,66054,29,3347,2,7200,1.00866447565
62696,62715,65847,19,3132,2,7200,1.00606641124
62711,62725,66081,14,3356,2,7200,1.0041716329
62712,62800,66197,88,3397,2,7200,1.02590521048
62788,62832,66457,44,3625,2,7200,1.01213793103
62821,62841,66566,20,3725,2,7200,1.00536912752
62823,62870,66326,47,3456,2,7200,1.01359953704
62856,62882,66178,26,3296,2,7200,1.00788834951
62871,62892,66260,21,3368,2,7200,1.00623515439
62886,62905,66585,19,3680,2,7200,1.00516304348
62902,62961,64570,59,1609,2,7200,1.03666873835
62902,62913,66295,11,3382,2,7200,1.00325251331
62903,62995,66587,92,3592,2,7200,1.02561247216
62948,63005,66631,57,3626,2,7200,1.01571980143
62982,63042,66526,60,3484,2,7200,1.01722158439
62997,63051,66046,54,2995,2,7200,1.01803005008
63030,63056,66499,26,3443,2,7200,1.00755155388
63046,63064,66811,18,3747,2,7200,1.00480384307
63047,63070,66663,23,3593,2,7200,1.00640133593
63048,63087,66365,39,3278,2,7200,1.01189749847
63064,63116,66632,52,3516,2,7200,1.01478953356
63079,63141,67022,62,3881,2,7200,1.01597526411
63103,63151,66563,48,3412,2,7200,1.01406799531
63139,63169,66502,30,3333,2,7200,1.00900090009
63158,63185,66696,27,3511,2,7200,1.00769011678
63173,63200,66719,27,3519,2,7200,1.00767263427
63188,63233,66555,45,3322,2,7200,1.01354605659
63224,63241,66344,17,3103,2,7200,1.00547856913
63239,63270,64721,31,1451,2,7200,1.02136457615
63259,63289,66980,30,3691,2,7200,1.00812787862
63281,63298,66900,17,3602,2,7200,1.00471960022
63293,63307,64629,14,1322,2,7200,1.01059001513
63296,63312,66618,16,3306,2,7200,1.00483968542
63310,63321,64879,11,1558,2,7200,1.00706033376
63317,63360,64951,43,1591,2,7200,1.02702702703
63347,63371,66660,24,3289,2,7200,1.00729705078
63363,63380,66692,17,3312,2,7200,1.00513285024
63377,63396,64854,19,1458,2,7200,1.01303155007
63394,63431,64814,37,1383,2,7200,1.02675343456
63417,63452,67101,35,3649,2,7200,1.00959166895
63442,63462,67046,20,3584,2,7200,1.00558035714
63443,63492,66875,49,3383,2,7200,1.01448418563
63480,63500,67243,20,3743,2,7200,1.00534330751
63495,63537,66876,42,3339,2,7200,1.01257861635
63522,63545,66798,23,3253,2,7200,1.00707039656
63538,63553,66850,15,3297,2,7200,1.00454959054
63540,63560,67082,20,3522,2,7200,1.00567859171
63556,63570,67137,14,3567,2,7200,1.00392486683
63557,63575,67347,18,3772,2,7200,1.00477200424
63559,63604,67140,45,3536,2,7200,1.01272624434
63592,63641,67196,49,3555,2,7200,1.01378340366
63629,63654,66718,25,3064,2,7200,1.00815926893
63644,63702,67211,58,3509,2,7200,1.01652892562
63689,63726,67329,37,3603,2,7200,1.01026922009
63713,63736,67430,23,3694,2,7200,1.00622631294
63728,63744,67386,16,3642,2,7200,1.00439319055
63742,63779,65276,37,1497,2,7200,1.02471609886
63744,63808,67267,64,3459,2,7200,1.01850245736
63768,63848,67481,80,3633,2,7200,1.02202036884
63795,63905,67398,110,3493,2,7200,1.03149155454
63838,63946,67351,108,3405,2,7200,1.03171806167
63892,63975,67644,83,3669,2,7200,1.02262196784
63935,64027,70223,92,6196,2,7200,1.01484828922
63961,64064,67532,103,3468,2,7200,1.02970011534
64015,64070,67407,55,3337,2,7200,1.01648186994
64052,64105,67486,53,3381,2,7200,1.01567583555
64054,64114,67801,60,3687,2,7200,1.016273393
64094,64262,67904,168,3642,2,7200,1.04612850082
64095,64271,68031,176,3760,2,7200,1.04680851064
64250,64284,67488,34,3204,2,7200,1.01061173533
64265,64335,67806,70,3471,2,7200,1.02016709882
64280,64447,68015,167,3568,2,7200,1.04680493274
64322,64556,67714,234,3158,2,7200,1.07409753008
64437,64584,68034,147,3450,2,7200,1.04260869565
64543,64644,68378,101,3734,2,7200,1.0270487413
64639,64658,66165,19,1507,2,7200,1.01260783013
64646,64677,68292,31,3615,2,7200,1.00857538036
64667,64734,68110,67,3376,2,7200,1.01984597156
64730,64769,66299,39,1530,2,7200,1.02549019608
64757,64813,68299,56,3486,2,7200,1.01606425703
64800,64822,68351,22,3529,2,7200,1.00623406064
64815,64831,68307,16,3476,2,7200,1.00460299194
64816,64836,68152,20,3316,2,7200,1.00603136309
64831,64862,66416,31,1554,2,7200,1.01994851995
64847,64872,68460,25,3588,2,7200,1.00696767001
64862,64877,68610,15,3733,2,7200,1.00401821591
64882,64893,66425,11,1532,2,7200,1.00718015666
64889,64950,66552,61,1602,2,7200,1.03807740325
64938,64964,68280,26,3316,2,7200,1.00784077201
64957,64973,68350,16,3377,2,7200,1.00473793308
64969,65021,66593,52,1572,2,7200,1.03307888041
65009,65086,68321,77,3235,2,7200,1.02380216383
65075,65098,68647,23,3549,2,7200,1.00648069879
65090,65185,68692,95,3507,2,7200,1.02708867978
65172,65200,68873,28,3673,2,7200,1.0076231963
65187,65223,68826,36,3603,2,7200,1.00999167361
65211,65250,68809,39,3559,2,7200,1.01095813431
65239,65291,68772,52,3481,2,7200,1.01493823614
65291,65313,66664,22,1351,2,7200,1.0162842339
65301,65344,68852,43,3508,2,7200,1.01225769669
65332,65388,68975,56,3587,2,7200,1.01561193198
65377,65420,68670,43,3250,2,7200,1.01323076923
65407,65444,68680,37,3236,2,7200,1.01143386897
65432,65467,69330,35,3863,2,7200,1.00906031582
65453,65514,68989,61,3475,2,7200,1.01755395683
65499,65519,69075,20,3556,2,7200,1.00562429696
65500,65644,69145,144,3501,2,7200,1.0411311054
65630,65736,69200,106,3464,2,7200,1.03060046189
65718,65796,69148,78,3352,2,7200,1.02326968974
65784,65811,69267,27,3456,2,7200,1.0078125
65799,65861,69691,62,3830,2,7200,1.01618798956
65848,65975,69633,127,3658,2,7200,1.03471842537
65963,65980,69507,17,3527,2,7200,1.00481996031
65978,65987,67393,9,1406,2,7200,1.00640113798
65984,66030,67763,46,1733,2,7200,1.02654356607
66017,66060,69435,43,3375,2,7200,1.01274074074
66044,66068,69527,24,3459,2,7200,1.00693842151
66059,66095,69902,36,3807,2,7200,1.00945626478
66084,66178,69896,94,3718,2,7200,1.0252824099
66174,66192,67725,18,1533,2,7200,1.01174168297
66181,66210,69900,29,3690,2,7200,1.00785907859
66199,66218,69814,19,3596,2,7200,1.0052836485
66200,66273,69476,73,3203,2,7200,1.02279113331
66260,66309,69565,49,3256,2,7200,1.01504914005
66297,66317,69869,20,3552,2,7200,1.00563063063
66316,66340,67671,24,1331,2,7200,1.01803155522
66328,66357,69704,29,3347,2,7200,1.00866447565
66344,66378,70030,34,3652,2,7200,1.00930996714
66365,66429,70217,64,3788,2,7200,1.01689545935
66426,66437,69820,11,3383,2,7200,1.00325155188
66438,66445,67963,7,1518,2,7200,1.0046113307
66444,66471,67819,27,1348,2,7200,1.02002967359
66459,66512,69933,53,3421,2,7200,1.01549254604
66501,66520,69855,19,3335,2,7200,1.00569715142
66503,66539,69891,36,3352,2,7200,1.0107398568
66527,66565,70290,38,3725,2,7200,1.01020134228
66557,66574,70045,17,3471,2,7200,1.004897724
66571,66584,67960,13,1376,2,7200,1.00944767442
66573,66589,70083,16,3494,2,7200,1.00457927876
66574,66601,69871,27,3270,2,7200,1.00825688073
66589,66606,69996,17,3390,2,7200,1.00501474926
66591,66614,70144,23,3530,2,7200,1.00651558074
66614,66630,68032,16,1402,2,7200,1.01141226819
66618,66646,69985,28,3339,2,7200,1.00838574423
66633,66651,70149,18,3498,2,7200,1.0051457976
66634,66675,70365,41,3690,2,7200,1.01111111111
66662,66684,70159,22,3475,2,7200,1.00633093525
66677,66691,70642,14,3951,2,7200,1.00354340673
66689,66707,68203,18,1496,2,7200,1.01203208556
66695,66716,70127,21,3411,2,7200,1.00615655233
66710,66731,70285,21,3554,2,7200,1.00590883512
66725,66739,70486,14,3747,2,7200,1.00373632239
66727,66811,70148,84,3337,2,7200,1.02517231046
66799,66825,70260,26,3435,2,7200,1.00756914119
66814,66864,70232,50,3368,2,7200,1.0148456057
66851,66888,70168,37,3280,2,7200,1.0112804878
66875,66896,70307,21,3411,2,7200,1.00615655233
66876,66913,70657,37,3744,2,7200,1.00988247863
66900,66994,70710,94,3716,2,7200,1.02529601722
66982,67036,70652,54,3616,2,7200,1.01493362832
67022,67059,70302,37,3243,2,7200,1.01140918902
67046,67095,70371,49,3276,2,7200,1.01495726496
67083,67116,70664,33,3548,2,7200,1.00930101466
67104,67151,70527,47,3376,2,7200,1.01392180095
67137,67159,70720,22,3561,2,7200,1.00617803988
67152,67209,70388,57,3179,2,7200,1.01793016672
67198,67224,71002,26,3778,2,7200,1.00688194812
67213,67257,70763,44,3506,2,7200,1.01254991443
67243,67280,70819,37,3539,2,7200,1.01045493077
67268,67342,70533,74,3191,2,7200,1.0231902225
67331,67360,70796,29,3436,2,7200,1.00844004657
67346,67369,70752,23,3383,2,7200,1.00679869938
67361,67399,70467,38,3068,2,7200,1.01238591917
67385,67408,70836,23,3428,2,7200,1.00670945158
67400,67416,71057,16,3641,2,7200,1.00439439714
67415,67425,70718,10,3293,2,7200,1.00303674461
67421,67444,68904,23,1460,2,7200,1.01575342466
67431,67496,70918,65,3422,2,7200,1.01899473992
67482,67504,70589,22,3085,2,7200,1.00713128039
67497,67514,71142,17,3628,2,7200,1.00468577729
67498,67546,71230,48,3684,2,7200,1.01302931596
67532,67659,71311,127,3652,2,7200,1.0347754655
67644,67684,71076,40,3392,2,7200,1.01179245283
67685,67727,69295,42,1568,2,7200,1.02678571429
67714,67738,71192,24,3454,2,7200,1.00694846555
67739,67776,69109,37,1333,2,7200,1.02775693923
67772,67815,69418,43,1603,2,7200,1.02682470368
67802,67824,71291,22,3467,2,7200,1.0063455437
67817,67832,71394,15,3562,2,7200,1.00421111735
67831,67917,69485,86,1568,2,7200,1.05484693878
67905,67973,71301,68,3328,2,7200,1.02043269231
67969,67983,69579,14,1596,2,7200,1.00877192982
67981,68030,69418,49,1388,2,7200,1.03530259366
68017,68044,71855,27,3811,2,7200,1.00708475466
68032,68053,71428,21,3375,2,7200,1.00622222222
68047,68061,71332,14,3271,2,7200,1.00428003669
68064,68124,69464,60,1340,2,7200,1.0447761194
68111,68165,71475,54,3310,2,7200,1.0163141994
68153,68216,71747,63,3531,2,7200,1.01784197111
68213,68294,69612,81,1318,2,7200,1.06145675266
68280,68305,71622,25,3317,2,7200,1.00753693096
68295,68315,71596,20,3281,2,7200,1.00609570253
68310,68323,71787,13,3464,2,7200,1.00375288684
68312,68335,71563,23,3228,2,7200,1.00712515489
68327,68366,71722,39,3356,2,7200,1.01162097735
68351,68371,71956,20,3585,2,7200,1.00557880056
68352,68391,72074,39,3683,2,7200,1.01058919359
68376,68472,71838,96,3366,2,7200,1.02852049911
68461,68623,72175,162,3552,2,7200,1.04560810811
68610,68660,72245,50,3585,2,7200,1.01394700139
68649,68684,72394,35,3710,2,7200,1.00943396226
68670,68695,72040,25,3345,2,7200,1.00747384155
68685,68706,71905,21,3199,2,7200,1.00656455142
68700,68786,71888,86,3102,2,7200,1.027724049
68773,68824,72058,51,3234,2,7200,1.01576994434
68809,68840,72540,31,3700,2,7200,1.00837837838
68828,68865,72534,37,3669,2,7200,1.01008449169
68852,68887,72678,35,3791,2,7200,1.00923239251
68873,68918,72350,45,3432,2,7200,1.01311188811
68918,68989,70477,71,1488,2,7200,1.04771505376
68977,69004,72359,27,3355,2,7200,1.00804769001
68991,69088,72458,97,3370,2,7200,1.02878338279
69076,69123,72586,47,3463,2,7200,1.01357204736
69118,69160,70592,42,1432,2,7200,1.02932960894
69146,69169,72633,23,3464,2,7200,1.00663972286
69160,69214,72652,54,3438,2,7200,1.01570680628
69200,69281,72544,81,3263,2,7200,1.0248237818
69267,69308,72690,41,3382,2,7200,1.01212300414
69309,69343,70773,34,1430,2,7200,1.02377622378
69330,69431,72525,101,3094,2,7200,1.03264382676
69431,69439,71007,8,1568,2,7200,1.00510204082
69436,69450,73130,14,3680,2,7200,1.00380434783
69448,69477,70902,29,1425,2,7200,1.02035087719
69476,69500,71012,24,1512,2,7200,1.01587301587
69476,69490,72714,14,3224,2,7200,1.00434243176
69498,69521,70944,23,1423,2,7200,1.01616303584
69509,69539,73012,30,3473,2,7200,1.00863806507
69527,69580,73168,53,3588,2,7200,1.01477146042
69567,69593,73218,26,3625,2,7200,1.00717241379
69589,69627,71089,38,1462,2,7200,1.02599179207
69622,69647,71047,25,1400,2,7200,1.01785714286
69634,69704,72747,70,3043,2,7200,1.02300361485
69691,69718,72839,27,3121,2,7200,1.00865107337
69706,69827,73129,121,3302,2,7200,1.0366444579
69815,69836,73441,21,3605,2,7200,1.00582524272
69829,69869,73357,40,3488,2,7200,1.01146788991
69857,69883,73347,26,3464,2,7200,1.00750577367
69872,69891,73343,19,3452,2,7200,1.00550405562
69874,69904,73544,30,3640,2,7200,1.00824175824
69892,69911,73621,19,3710,2,7200,1.0051212938
69907,69921,73539,14,3618,2,7200,1.00386954118
69907,69926,71422,19,1496,2,7200,1.01270053476
69909,69947,73647,38,3700,2,7200,1.01027027027
69910,69998,73213,88,3215,2,7200,1.02737169518
69934,70009,73650,75,3641,2,7200,1.02059873661
69986,70044,73419,58,3375,2,7200,1.01718518519
70001,70059,73599,58,3540,2,7200,1.01638418079
70031,70097,73587,66,3490,2,7200,1.01891117479
70046,70142,73520,96,3378,2,7200,1.02841918295
70086,70159,73568,73,3409,2,7200,1.02141390437
70128,70168,73641,40,3473,2,7200,1.0115174201
70147,70173,73712,26,3539,2,7200,1.00734670811
70163,70181,73427,18,3246,2,7200,1.00554528651
70164,70186,73761,22,3575,2,7200,1.00615384615
70165,70230,74045,65,3815,2,7200,1.01703800786
70181,70239,73521,58,3282,2,7200,1.01767215113
70217,70248,73917,31,3669,2,7200,1.00844916871
70233,70273,73688,40,3415,2,7200,1.01171303075
70234,70299,73843,65,3544,2,7200,1.01834085779
70262,70307,73709,45,3402,2,7200,1.01322751323
70286,70315,73968,29,3653,2,7200,1.00793868054
70301,70324,74060,23,3736,2,7200,1.00615631692
70316,70379,73748,63,3369,2,7200,1.01869991095
70318,70388,73935,70,3547,2,7200,1.01973498731
70363,70402,73973,39,3571,2,7200,1.01092131056
70379,70481,74556,102,4075,2,7200,1.02503067485
70394,70490,74303,96,3813,2,7200,1.02517702596
70467,70498,73747,31,3249,2,7200,1.00954139735
70488,70541,73844,53,3303,2,7200,1.01604601877
70528,70549,74076,21,3527,2,7200,1.00595406861
70543,70603,74075,60,3472,2,7200,1.01728110599
70591,70612,74215,21,3603,2,7200,1.00582847627
70607,70655,72236,48,1581,2,7200,1.03036053131
70643,70665,74390,22,3725,2,7200,1.00590604027
70658,70674,74479,16,3805,2,7200,1.00420499343
70659,70683,74452,24,3769,2,7200,1.0063677368
70675,70724,75604,49,4880,2,7200,1.01004098361
70711,70733,74323,22,3590,2,7200,1.0061281337
70727,70741,74378,14,3637,2,7200,1.00384932637
70728,70766,74344,38,3578,2,7200,1.01062045836
70756,70775,74215,19,3440,2,7200,1.00552325581
70771,70786,74188,15,3402,2,7200,1.00440917108
70782,70809,72412,27,1603,2,7200,1.01684341859
70798,70832,74388,34,3556,2,7200,1.00956130484
70819,70849,74099,30,3250,2,7200,1.00923076923
70837,70916,74376,79,3460,2,7200,1.02283236994
70915,70932,72372,17,1440,2,7200,1.01180555556
70919,70957,74435,38,3478,2,7200,1.01092581944
70953,71016,72602,63,1586,2,7200,1.03972257251
71004,71025,74683,21,3658,2,7200,1.00574084199
71023,71034,72597,11,1563,2,7200,1.00703774792
71043,71061,72648,18,1587,2,7200,1.01134215501
71058,71070,74703,12,3633,2,7200,1.00330305533
71071,71090,71100,19,10,2,7200,2.9
71077,71103,74669,26,3566,2,7200,1.00729108245
71099,71114,72608,15,1494,2,7200,1.01004016064
71111,71154,72597,43,1443,2,7200,1.0297990298
71141,71204,74786,63,3582,2,7200,1.0175879397
71195,71244,74663,49,3419,2,7200,1.01433167593
71231,71304,75015,73,3711,2,7200,1.01967124764
71293,71316,74811,23,3495,2,7200,1.00658082976
71307,71324,74775,17,3451,2,7200,1.00492610837
71323,71408,74940,85,3532,2,7200,1.02406568516
71323,71346,72691,23,1345,2,7200,1.01710037175
71338,71436,74852,98,3416,2,7200,1.02868852459
71392,71444,74960,52,3516,2,7200,1.01478953356
71429,71490,75202,61,3712,2,7200,1.01643318966
71477,71575,75248,98,3673,2,7200,1.02668118704
71565,71609,74888,44,3279,2,7200,1.01341872522
71598,71636,74949,38,3313,2,7200,1.0114699668
71622,71739,75185,117,3446,2,7200,1.03395240859
71725,71761,74941,36,3180,2,7200,1.01132075472
71750,71801,75452,51,3651,2,7200,1.01396877568
71789,71850,75327,61,3477,2,7200,1.01754385965
71837,71867,75261,30,3394,2,7200,1.00883912787
71856,71902,75254,46,3352,2,7200,1.01372315036
71889,71918,75574,29,3656,2,7200,1.0079321663
71907,71970,75205,63,3235,2,7200,1.01947449768
71958,72054,75587,96,3533,2,7200,1.02717237475
72041,72072,75661,31,3589,2,7200,1.00863750348
72059,72087,75527,28,3440,2,7200,1.00813953488
72075,72187,75478,112,3291,2,7200,1.03403220905
72175,72250,75654,75,3404,2,7200,1.02203290247
72245,72259,75672,14,3413,2,7200,1.00410196308
72258,72366,73948,108,1582,2,7200,1.06826801517
72351,72374,75811,23,3437,2,7200,1.00669188246
72367,72386,75774,19,3388,2,7200,1.00560802834
72385,72407,74034,22,1627,2,7200,1.0135218193
72394,72426,75949,32,3523,2,7200,1.00908316775
72424,72471,73975,47,1504,2,7200,1.03125
72460,72540,76204,80,3664,2,7200,1.02183406114
72527,72548,76154,21,3606,2,7200,1.00582362729
72542,72556,75891,14,3335,2,7200,1.00419790105
72543,72565,75996,22,3431,2,7200,1.00641212474
72558,72600,76123,42,3523,2,7200,1.01192165768
72589,72611,76143,22,3532,2,7200,1.00622876557
72609,72618,74300,9,1682,2,7200,1.00535077289
72616,72627,74127,11,1500,2,7200,1.00733333333
72628,72635,74089,7,1454,2,7200,1.00481430536
72634,72647,76209,13,3562,2,7200,1.00364963504
72635,72662,74052,27,1390,2,7200,1.01942446043
72654,72671,76255,17,3584,2,7200,1.00474330357
72668,72691,74116,23,1425,2,7200,1.01614035088
72679,72707,76040,28,3333,2,7200,1.00840084008
72694,72712,76208,18,3496,2,7200,1.00514874142
72711,72727,73987,16,1260,2,7200,1.0126984127
72715,72761,76122,46,3361,2,7200,1.01368640286
72748,72852,76569,104,3717,2,7200,1.0279795534
72823,83502,83504,10679,2,2,3540,1068.1
72839,73026,76295,187,3269,2,7200,1.05720403793
72953,74069,146108,1116,72039,2,72000,1.01549160871
73012,73143,76920,131,3777,2,7200,1.03468361133
73130,73152,76666,22,3514,2,7200,1.0062606716
73132,73182,76727,50,3545,2,7200,1.01410437236
73168,73226,76621,58,3395,2,7200,1.01708394698
73214,73234,76784,20,3550,2,7200,1.00563380282
73229,73356,77021,127,3665,2,7200,1.0346521146
73344,73364,76767,20,3403,2,7200,1.00587716721
73359,73373,76744,14,3371,2,7200,1.00415307031
73360,73433,76813,73,3380,2,7200,1.02159763314
73421,73440,76810,19,3370,2,7200,1.0056379822
73436,73454,77048,18,3594,2,7200,1.00500834725
73451,73534,76798,83,3264,2,7200,1.02542892157
73527,73543,77294,16,3751,2,7200,1.00426552919
73528,73555,76766,27,3211,2,7200,1.00840859545
73543,73565,76953,22,3388,2,7200,1.00649350649
73558,73580,76980,22,3400,2,7200,1.00647058824
73574,73601,76970,27,3369,2,7200,1.00801424755
73589,73611,77408,22,3797,2,7200,1.00579404793
73604,73635,77053,31,3418,2,7200,1.00906963136
73622,73655,77111,33,3456,2,7200,1.00954861111
73643,73662,77404,19,3742,2,7200,1.00507749866
73659,73669,77110,10,3441,2,7200,1.00290613194
73660,73702,77379,42,3677,2,7200,1.01142235518
73690,73725,77170,35,3445,2,7200,1.01015965167
73712,73734,77100,22,3366,2,7200,1.00653594771
73713,73760,77021,47,3261,2,7200,1.01441275682
73747,73769,77140,22,3371,2,7200,1.00652625334
73762,73778,77306,16,3528,2,7200,1.00453514739
73764,73857,77028,93,3171,2,7200,1.02932828761
73846,73866,77276,20,3410,2,7200,1.00586510264
73847,73933,77373,86,3440,2,7200,1.025
73920,73948,77412,28,3464,2,7200,1.00808314088
73939,73962,77675,23,3713,2,7200,1.00619445193
73961,73982,75548,21,1566,2,7200,1.01340996169
73970,73992,77177,22,3185,2,7200,1.00690737834
73985,74000,77232,15,3232,2,7200,1.00464108911
74000,74009,75466,9,1457,2,7200,1.00617707618
74007,74048,75398,41,1350,2,7200,1.03037037037
74046,74060,77548,14,3488,2,7200,1.00401376147
74061,74076,77596,15,3520,2,7200,1.00426136364
74074,74086,75671,12,1585,2,7200,1.00757097792
74076,74095,77523,19,3428,2,7200,1.00554259043
74078,74100,77350,22,3250,2,7200,1.00676923077
74097,74109,75633,12,1524,2,7200,1.00787401575
74099,74117,77595,18,3478,2,7200,1.00517538815
74114,74129,75510,15,1381,2,7200,1.01086169442
74126,74143,75763,17,1620,2,7200,1.01049382716
74139,74202,75716,63,1514,2,7200,1.04161162483
74187,74229,77992,42,3763,2,7200,1.01116130747
74214,74234,77649,20,3415,2,7200,1.00585651537
74216,74316,77480,100,3164,2,7200,1.03160556258
74304,74321,77549,17,3228,2,7200,1.00526641884
74319,74337,76016,18,1679,2,7200,1.01072066706
74325,74358,78073,33,3715,2,7200,1.00888290713
74346,74389,77822,43,3433,2,7200,1.01252548791
74377,74398,78191,21,3793,2,7200,1.00553651463
74393,74407,77785,14,3378,2,7200,1.00414446418
74394,74412,77781,18,3369,2,7200,1.0053428317
74395,74417,77821,22,3404,2,7200,1.00646298472
74415,74426,75725,11,1299,2,7200,1.00846805235
74421,74449,75965,28,1516,2,7200,1.01846965699
74435,74466,78028,31,3562,2,7200,1.00870297586
74453,74492,78148,39,3656,2,7200,1.01066739606
74478,74570,77929,92,3359,2,7200,1.0273891039
74557,74677,78103,120,3426,2,7200,1.0350262697
74620,77431,79156,2811,1725,1,86400,2.62956521739
74664,74685,78416,21,3731,2,7200,1.00562851782
74679,74697,78556,18,3859,2,7200,1.00466442083
74694,74717,78051,23,3334,2,7200,1.00689862028
74709,74790,78205,81,3415,2,7200,1.02371888726
74776,74799,78242,23,3443,2,7200,1.00668022074
74791,74826,78505,35,3679,2,7200,1.00951345474
74812,74865,78272,53,3407,2,7200,1.01555620781
74852,74903,78651,51,3748,2,7200,1.0136072572
74891,74954,78631,63,3677,2,7200,1.01713353277
74940,74962,78298,22,3336,2,7200,1.00659472422
74941,74968,78183,27,3215,2,7200,1.00839813375
74957,74977,78344,20,3367,2,7200,1.00594000594
74972,75031,78310,59,3279,2,7200,1.01799329064
75018,75197,78730,179,3533,2,7200,1.05066515709
75187,75214,78415,27,3201,2,7200,1.0084348641
75202,75223,78904,21,3681,2,7200,1.00570497148
75217,75262,78636,45,3374,2,7200,1.01333728512
75250,75269,78586,19,3317,2,7200,1.00572806753
75265,75278,78739,13,3461,2,7200,1.00375613984
75266,75340,78819,74,3479,2,7200,1.02127048002
75327,75412,79227,85,3815,2,7200,1.02228047182
75410,75466,77099,56,1633,2,7200,1.0342927128
75453,75479,78966,26,3487,2,7200,1.00745626613
75480,75491,76985,11,1494,2,7200,1.00736278447
75480,75523,79348,43,3825,2,7200,1.01124183007
75523,75541,76919,18,1378,2,7200,1.01306240929
75530,75562,79059,32,3497,2,7200,1.0091507006
75562,75589,77140,27,1551,2,7200,1.01740812379
75576,75602,78755,26,3153,2,7200,1.00824611481
75591,75616,79123,25,3507,2,7200,1.00712859994
75606,75647,78792,41,3145,2,7200,1.01303656598
75647,75667,77002,20,1335,2,7200,1.01498127341
75655,75676,79322,21,3646,2,7200,1.0057597367
75670,75685,79293,15,3608,2,7200,1.00415742794
75680,75693,77158,13,1465,2,7200,1.00887372014
75683,83567,83604,7884,37,8,120,214.081081081
75686,75730,79311,44,3581,2,7200,1.01228707065
75729,75738,77184,9,1446,2,7200,1.00622406639
75736,75778,77355,42,1577,2,7200,1.02663284718
75774,75788,77305,14,1517,2,7200,1.00922874094
75777,75825,79240,48,3415,2,7200,1.0140556369
75813,75906,79135,93,3229,2,7200,1.02880148653
75892,75964,79651,72,3687,2,7200,1.0195280716
75950,75980,79308,30,3328,2,7200,1.00901442308
75976,76010,77478,34,1468,2,7200,1.02316076294
75998,76030,79912,32,3882,2,7200,1.00824317362
76031,76054,77535,23,1481,2,7200,1.01553004727
76041,76136,79626,95,3490,2,7200,1.02722063037
76124,76142,79788,18,3646,2,7200,1.00493691717
76125,76156,79831,31,3675,2,7200,1.00843537415
76144,76167,79566,23,3399,2,7200,1.00676669609
76159,76219,79583,60,3364,2,7200,1.01783590963
76208,76229,79572,21,3343,2,7200,1.00628178283
76209,76234,79861,25,3627,2,7200,1.00689274883
76224,76269,79701,45,3432,2,7200,1.01311188811
76258,76310,80015,52,3705,2,7200,1.01403508772
76298,76582,79953,284,3371,2,7200,1.08424799763
76570,76635,80331,65,3696,2,7200,1.01758658009
76621,76681,80155,60,3474,2,7200,1.01727115717
76667,76743,80277,76,3534,2,7200,1.02150537634
76730,76758,79999,28,3241,2,7200,1.00863930886
76745,76780,80233,35,3453,2,7200,1.01013611352
76767,76785,80616,18,3831,2,7200,1.00469851214
76768,76798,80247,30,3449,2,7200,1.00869817338
76788,76811,80143,23,3332,2,7200,1.0069027611
76803,76825,80415,22,3590,2,7200,1.0061281337
76819,76834,80356,15,3522,2,7200,1.00425894378
76820,76933,80577,113,3644,2,7200,1.03100987925
76920,76941,80395,21,3454,2,7200,1.00607990735
76941,76966,78411,25,1445,2,7200,1.01730103806
76954,76983,80501,29,3518,2,7200,1.00824332007
76972,76994,80654,22,3660,2,7200,1.00601092896
76987,77002,80249,15,3247,2,7200,1.00461964891
77001,77016,78579,15,1563,2,7200,1.00959692898
77013,77035,78443,22,1408,2,7200,1.015625
77024,77041,80596,17,3555,2,7200,1.00478199719
77025,77049,80528,24,3479,2,7200,1.00689853406
77043,77061,80282,18,3221,2,7200,1.00558832661
77058,77069,80411,11,3342,2,7200,1.00329144225
77060,77113,80467,53,3354,2,7200,1.01580202743
77102,77121,80488,19,3367,2,7200,1.00564300564
77118,77130,80721,12,3591,2,7200,1.00334168755
77119,77135,80215,16,3080,2,7200,1.00519480519
77135,77153,78753,18,1600,2,7200,1.01125
77141,77158,80525,17,3367,2,7200,1.00504900505
77158,77171,78704,13,1533,2,7200,1.00848010437
77170,77183,78791,13,1608,2,7200,1.00808457711
77171,77192,80849,21,3657,2,7200,1.00574241181
77187,77200,80533,13,3333,2,7200,1.00390039004
77198,77244,78685,46,1441,2,7200,1.0319222762
77229,77289,80850,60,3561,2,7200,1.01684919966
77275,77307,80838,32,3531,2,7200,1.0090625885
77297,77318,80565,21,3247,2,7200,1.00646750847
77312,77326,80710,14,3384,2,7200,1.00413711584
77325,77363,78977,38,1614,2,7200,1.02354399009
77352,77372,80574,20,3202,2,7200,1.00624609619
77369,77387,79093,18,1706,2,7200,1.01055099648
77373,77395,80699,22,3304,2,7200,1.00665859564
77388,77417,80617,29,3200,2,7200,1.0090625
77406,77426,80774,20,3348,2,7200,1.00597371565
77422,77494,80690,72,3196,2,7200,1.0225281602
77424,77499,80694,75,3195,2,7200,1.0234741784
77481,77536,81160,55,3624,2,7200,1.01517660044
77524,77548,80974,24,3426,2,7200,1.00700525394
77544,77561,79053,17,1492,2,7200,1.01139410188
77548,77571,80892,23,3321,2,7200,1.00692562481
77550,77609,81106,59,3497,2,7200,1.01687160423
77596,77614,81201,18,3587,2,7200,1.00501812099
77611,77663,81407,52,3744,2,7200,1.01388888889
77650,77689,81288,39,3599,2,7200,1.01083634343
77677,77794,80952,117,3158,2,7200,1.03704876504
77784,77804,81240,20,3436,2,7200,1.00582072177
77799,77834,81264,35,3430,2,7200,1.01020408163
77823,77843,81436,20,3593,2,7200,1.00556637907
77825,77942,81232,117,3290,2,7200,1.03556231003
77931,78006,81177,75,3171,2,7200,1.02365184484
77994,78041,81618,47,3577,2,7200,1.01313950238
78031,78064,81326,33,3262,2,7200,1.01011649295
78052,78086,81534,34,3448,2,7200,1.00986078886
78074,78117,81253,43,3136,2,7200,1.01371173469
78104,78161,81393,57,3232,2,7200,1.01763613861
78150,78198,81675,48,3477,2,7200,1.01380500431
78183,78206,81531,23,3325,2,7200,1.00691729323
78198,78219,81572,21,3353,2,7200,1.00626304802
78214,78255,81533,41,3278,2,7200,1.0125076266
78241,78285,81661,44,3376,2,7200,1.01303317536
78274,78311,81670,37,3359,2,7200,1.01101518309
78298,78323,81677,25,3354,2,7200,1.00745378652
78313,78358,81681,45,3323,2,7200,1.01354198014
78347,78425,81789,78,3364,2,7200,1.02318668252
78417,78433,82012,16,3579,2,7200,1.00447052249
78418,78438,82040,20,3602,2,7200,1.00555247085
78437,78457,79825,20,1368,2,7200,1.01461988304
78454,78518,80091,64,1573,2,7200,1.04068658614
78506,78568,81982,62,3414,2,7200,1.01816051552
78555,78593,82051,38,3458,2,7200,1.01098901099
78585,78602,82034,17,3432,2,7200,1.00495337995
78597,78643,80237,46,1594,2,7200,1.02885821832
78627,78652,82200,25,3548,2,7200,1.00704622322
78642,78663,82141,21,3478,2,7200,1.00603795285
78657,78699,82166,42,3467,2,7200,1.01211421979
78699,78717,80188,18,1471,2,7200,1.01223657376
78719,78744,80346,25,1602,2,7200,1.01560549313
78731,78753,82165,22,3412,2,7200,1.00644783118
78745,78768,82074,23,3306,2,7200,1.00695704779
78760,78777,82061,17,3284,2,7200,1.00517661389
78773,78807,80255,34,1448,2,7200,1.02348066298
78794,78812,83406,18,4594,2,7200,1.00391815411
78812,78832,80493,20,1661,2,7200,1.01204093919
78821,78916,82521,95,3605,2,7200,1.02635228849
78906,78980,82328,74,3348,2,7200,1.02210274791
78967,78992,82276,25,3284,2,7200,1.00761266748
78992,79067,80263,75,1196,2,7200,1.0627090301
79061,79075,82854,14,3779,2,7200,1.00370468378
79072,79107,80713,35,1606,2,7200,1.02179327522
79105,79137,80639,32,1502,2,7200,1.02130492676
79125,79148,82680,23,3532,2,7200,1.00651189128
79140,79164,82868,24,3704,2,7200,1.00647948164
79164,79242,80693,78,1451,2,7200,1.05375603032
79228,79254,82534,26,3280,2,7200,1.00792682927
79243,79307,82748,64,3441,2,7200,1.01859924441
79295,79322,83275,27,3953,2,7200,1.0068302555
79310,79330,82835,20,3505,2,7200,1.00570613409
79325,79339,82848,14,3509,2,7200,1.00398974067
79326,79361,83008,35,3647,2,7200,1.00959692898
79347,79580,83102,233,3522,2,7200,1.06615559341
79416,83661,83699,4245,38,8,120,112.710526316
79416,83617,83656,4201,39,8,120,108.717948718
79417,83818,83855,4401,37,8,120,119.945945946
79417,83714,83754,4297,40,8,120,108.425
79417,83669,83710,4252,41,8,120,104.707317073
79417,83777,83813,4360,36,8,120,122.111111111
79417,83800,83837,4383,37,8,120,119.459459459
79417,83745,83784,4328,39,8,120,111.974358974
79417,83727,83763,4310,36,8,120,120.722222222
79417,83768,83804,4351,36,8,120,121.861111111
79568,79589,82669,21,3080,2,7200,1.00681818182
79584,79597,83086,13,3489,2,7200,1.00372599599
79585,79640,82930,55,3290,2,7200,1.01671732523
79628,80285,164091,657,83806,1,86400,1.00783953416
79628,79664,83272,36,3608,2,7200,1.00997782705
79652,79714,83162,62,3448,2,7200,1.01798143852
79701,79802,83136,101,3334,2,7200,1.03029394121
79789,79839,83487,50,3648,2,7200,1.01370614035
79832,79848,83196,16,3348,2,7200,1.00477897252
79848,79875,81261,27,1386,2,7200,1.01948051948
79862,79925,83552,63,3627,2,7200,1.01736972705
79914,79966,83609,52,3643,2,7200,1.01427395004
79953,80011,83412,58,3401,2,7200,1.0170538077
79998,80029,83689,31,3660,2,7200,1.00846994536
80017,80104,83542,87,3438,2,7200,1.02530541012
80102,80156,81841,54,1685,2,7200,1.03204747774
80144,80171,83489,27,3318,2,7200,1.00813743219
80159,80202,83837,43,3635,2,7200,1.01182943604
80198,80228,81741,30,1513,2,7200,1.01982815598
80217,80247,83647,30,3400,2,7200,1.00882352941
80235,80257,84169,22,3912,2,7200,1.00562372188
80250,80265,83730,15,3465,2,7200,1.00432900433
80251,80271,83966,20,3695,2,7200,1.00541271989
80268,80280,81798,12,1518,2,7200,1.00790513834
80275,80294,81971,19,1677,2,7200,1.01132975552
80276,80303,83863,27,3560,2,7200,1.00758426966
80291,80345,83705,54,3360,2,7200,1.01607142857
80333,80360,83953,27,3593,2,7200,1.00751461175
80355,80372,81923,17,1551,2,7200,1.01096067054
80358,80409,84001,51,3592,2,7200,1.01419821826
80397,80425,83802,28,3377,2,7200,1.00829138288
80412,80434,83677,22,3243,2,7200,1.00678384212
80427,80481,83764,54,3283,2,7200,1.01644837039
80469,80503,84065,34,3562,2,7200,1.00954519933
80491,80511,83642,20,3131,2,7200,1.00638773555
80506,80520,84305,14,3785,2,7200,1.0036988111
80520,80541,81957,21,1416,2,7200,1.01483050847
80528,80550,83863,22,3313,2,7200,1.00664050709
80530,80555,83775,25,3220,2,7200,1.00776397516
80545,80579,83908,34,3329,2,7200,1.01021327726
80566,80588,83822,22,3234,2,7200,1.00680272109
80582,80597,83779,15,3182,2,7200,1.00471401634
80583,80610,84345,27,3735,2,7200,1.00722891566
80598,80630,84287,32,3657,2,7200,1.00875034181
80618,80639,84549,21,3910,2,7200,1.00537084399
80619,80653,84383,34,3730,2,7200,1.0091152815
80653,80668,82214,15,1546,2,7200,1.00970245796
80656,80705,84098,49,3393,2,7200,1.0144414972
80692,80714,83727,22,3013,2,7200,1.00730169267
80694,80719,84244,25,3525,2,7200,1.00709219858
80710,80727,84254,17,3527,2,7200,1.00481996031
80711,80733,83968,22,3235,2,7200,1.00680061824
80727,80742,84396,15,3654,2,7200,1.00410509031
80739,80751,82288,12,1537,2,7200,1.00780741705
80759,80788,82246,29,1458,2,7200,1.01989026063
80775,80851,84277,76,3426,2,7200,1.02218330414
80839,80862,84559,23,3697,2,7200,1.00622126048
80854,80870,84289,16,3419,2,7200,1.00467973092
80855,80905,84457,50,3552,2,7200,1.01407657658
80895,80965,84542,70,3577,2,7200,1.01956947162
80952,80988,84089,36,3101,2,7200,1.01160915834
80977,81120,84699,143,3579,2,7200,1.03995529478
81107,81175,84581,68,3406,2,7200,1.01996476806
81162,81191,84491,29,3300,2,7200,1.00878787879
81177,81215,84768,38,3553,2,7200,1.01069518717
81201,81246,84702,45,3456,2,7200,1.01302083333
81234,81255,84490,21,3235,2,7200,1.00649149923
81249,81265,84777,16,3512,2,7200,1.00455580866
81264,81275,82859,11,1584,2,7200,1.00694444444
81265,81285,84835,20,3550,2,7200,1.00563380282
81266,81302,84785,36,3483,2,7200,1.01033591731
81291,81340,84582,49,3242,2,7200,1.01511412708
81327,81407,84734,80,3327,2,7200,1.0240456868
81394,81422,84782,28,3360,2,7200,1.00833333333
81409,81450,85099,41,3649,2,7200,1.01123595506
81436,81547,84697,111,3150,2,7200,1.03523809524
81534,81552,84842,18,3290,2,7200,1.00547112462
81535,81561,85022,26,3461,2,7200,1.00751227969
81550,81588,85096,38,3508,2,7200,1.01083238312
81575,81630,85189,55,3559,2,7200,1.01545377915
81620,81673,85068,53,3395,2,7200,1.01561119293
81663,81684,85420,21,3736,2,7200,1.00562098501
81679,81693,85212,14,3519,2,7200,1.00397840296
81680,81698,84844,18,3146,2,7200,1.00572155118
81681,81706,84936,25,3230,2,7200,1.00773993808
81696,81753,85492,57,3739,2,7200,1.01524471784
81749,81803,83384,54,1581,2,7200,1.03415559772
81790,81813,85060,23,3247,2,7200,1.00708346166
81808,81855,83422,47,1567,2,7200,1.02999361838
81852,81936,83246,84,1310,2,7200,1.0641221374
81932,81970,83403,38,1433,2,7200,1.02651779484
81971,81985,83500,14,1515,2,7200,1.00924092409
81983,81995,83430,12,1435,2,7200,1.00836236934
81984,82027,85514,43,3487,2,7200,1.01233151706
82014,82049,85319,35,3270,2,7200,1.01070336391
82036,82058,85960,22,3902,2,7200,1.00563813429
82051,82066,85784,15,3718,2,7200,1.00403442711
82063,82074,83645,11,1571,2,7200,1.00700190961
82066,82087,85805,21,3718,2,7200,1.00564819796
82067,82153,85509,86,3356,2,7200,1.02562574493
82083,82179,85217,96,3038,2,7200,1.03159973667
82143,82186,85629,43,3443,2,7200,1.01248910834
82164,82212,85680,48,3468,2,7200,1.01384083045
82179,82226,85953,47,3727,2,7200,1.01261067883
82200,82260,85496,60,3236,2,7200,1.01854140915
82259,82290,83722,31,1432,2,7200,1.02164804469
82279,82301,85654,22,3353,2,7200,1.0065612884
82298,82343,83954,45,1611,2,7200,1.02793296089
82331,82535,85821,204,3286,2,7200,1.06208155813
82522,82548,85957,26,3409,2,7200,1.00762687005
82537,82683,86142,146,3459,2,7200,1.04220873085
82670,82693,85869,23,3176,2,7200,1.0072418136
82685,82763,85982,78,3219,2,7200,1.02423112768
82749,82857,86296,108,3439,2,7200,1.03140447805
82837,82866,86244,29,3378,2,7200,1.00858496152
82839,82847,82848,8,1,1,3600,1.0
82852,82874,86126,22,3252,2,7200,1.00676506765
82867,82882,86666,15,3784,2,7200,1.0039640592
82869,82887,86851,18,3964,2,7200,1.00454086781
82886,82944,84562,58,1618,2,7200,1.03584672435
82933,83021,86359,88,3338,2,7200,1.02636309167
83009,83099,86361,90,3262,2,7200,1.02759043532
83010,83026,84088,16,1062,1,3600,1.01506591337
83087,83116,86284,29,3168,2,7200,1.0091540404
83103,83152,86662,49,3510,2,7200,1.01396011396
83139,83175,86445,36,3270,2,7200,1.01100917431
83163,83210,86692,47,3482,2,7200,1.01349798966
83197,83260,86925,63,3665,2,7200,1.01718963165
83256,83286,84923,30,1637,2,7200,1.01832620648
83273,83294,86853,21,3559,2,7200,1.00590053386
83288,83399,86709,111,3310,2,7200,1.0335347432
83295,86309,87346,3014,1037,128,3600,3.90646094503
83399,83418,84948,19,1530,2,7200,1.01241830065
83406,83427,86823,21,3396,2,7200,1.00618374558
83421,83436,87875,15,4439,2,7200,1.00337913945
83433,83444,85007,11,1563,2,7200,1.00703774792
83445,83452,84955,7,1503,2,7200,1.00465735196
83465,83701,85009,236,1308,2,7200,1.18042813456
83489,83736,87085,247,3349,2,7200,1.07375335921
83504,83790,87143,286,3353,2,7200,1.08529674918
83543,83805,87287,262,3482,2,7200,1.07524411258
83558,83922,87107,364,3185,2,7200,1.11428571429
83610,83978,87767,368,3789,2,7200,1.09712325152
83643,83992,87695,349,3703,2,7200,1.0942479071
83658,84268,87639,610,3371,2,7200,1.18095520617
83679,84291,87682,612,3391,2,7200,1.18047773518
83694,84318,87733,624,3415,2,7200,1.18272327965
83709,84397,87822,688,3425,2,7200,1.20087591241
83727,84597,87949,870,3352,2,7200,1.25954653938
83742,84747,88223,1005,3476,2,7200,1.28912543153
83763,84796,88193,1033,3397,2,7200,1.30409184575
83779,84804,88233,1025,3429,2,7200,1.29892096821
83780,84856,88462,1076,3606,2,7200,1.29839156961
83804,84902,88498,1098,3596,2,7200,1.30533926585
83822,84936,88274,1114,3338,2,7200,1.33373277412
83841,84949,88382,1108,3433,2,7200,1.32274978153
83862,84962,88479,1100,3517,2,7200,1.31276656241
83864,84970,88433,1106,3463,2,7200,1.31937626336
83909,85020,88676,1111,3656,2,7200,1.30388402626
83952,85028,88628,1076,3600,2,7200,1.29888888889
83954,83969,84949,15,980,1,3600,1.01530612245
83955,83963,83965,8,2,2,3540,1.0
83967,85036,88528,1069,3492,2,7200,1.30612829324
83968,85081,88445,1113,3364,2,7200,1.33085612366
83973,83987,85952,14,1965,1,3600,1.00712468193
84002,85110,88409,1108,3299,2,7200,1.33585935132
84066,85118,88776,1052,3658,2,7200,1.28758884636
84090,85201,88964,1111,3763,2,7200,1.29524315706
84105,85505,89013,1400,3508,2,7200,1.39908779932
84169,85513,89049,1344,3536,2,7200,1.38009049774
84245,85667,89201,1422,3534,2,7200,1.40237691002
84260,85797,89395,1537,3598,2,7200,1.42718176765
84278,85972,89582,1694,3610,2,7200,1.46925207756
84293,86138,89423,1845,3285,2,7200,1.56164383562
84295,86256,89854,1961,3598,2,7200,1.5450250139
84310,86297,89917,1987,3620,2,7200,1.54889502762
84346,86371,89704,2025,3333,2,7200,1.60756075608
84385,86378,90023,1993,3645,2,7200,1.54677640604
84400,86458,90071,2058,3613,2,7200,1.5696097426
84455,86674,90111,2219,3437,2,7200,1.64562118126
84489,86681,90323,2192,3642,2,7200,1.60186710599
84503,86704,90054,2201,3350,2,7200,1.65701492537
84543,86721,90211,2178,3490,2,7200,1.62406876791
84558,86836,90185,2278,3349,2,7200,1.68020304569
84559,86862,90478,2303,3616,2,7200,1.63689159292
84580,86870,90409,2290,3539,2,7200,1.64707544504
84595,86937,90290,2342,3353,2,7200,1.69847897405
84698,87000,90396,2302,3396,2,7200,1.67785630153
84700,87005,90367,2305,3362,2,7200,1.68560380726
84715,87097,90424,2382,3327,2,7200,1.71596032462
84736,87119,90500,2383,3381,2,7200,1.70482105886
84769,87156,90433,2387,3277,2,7200,1.72841013122
84785,87300,90799,2515,3499,2,7200,1.71877679337
84786,87364,90894,2578,3530,2,7200,1.73031161473
84787,87370,90920,2583,3550,2,7200,1.7276056338
84836,87375,91065,2539,3690,2,7200,1.68807588076
84851,87380,90798,2529,3418,2,7200,1.739906378
84853,87385,90956,2532,3571,2,7200,1.70904508541
84938,87391,91040,2453,3649,2,7200,1.67223896958
85023,87396,90730,2373,3334,2,7200,1.71175764847
85059,87401,90843,2342,3442,2,7200,1.68041836142
85074,87406,90831,2332,3425,2,7200,1.68087591241
85099,87411,91041,2312,3630,2,7200,1.63691460055
85100,87417,91086,2317,3669,2,7200,1.63150722268
85191,87422,91163,2231,3741,2,7200,1.59636460839
85212,87427,90816,2215,3389,2,7200,1.65358512836
85227,87432,91085,2205,3653,2,7200,1.60361346838
85318,87438,90800,2120,3362,2,7200,1.63057703748
85418,87443,90753,2025,3310,2,7200,1.61178247734
85494,87448,90717,1954,3269,2,7200,1.5977363108
85510,87453,90817,1943,3364,2,7200,1.5775862069
85511,87459,90440,1948,2981,2,7200,1.65347198927
85526,87464,90651,1938,3187,2,7200,1.60809538751
85632,87469,90961,1837,3492,2,7200,1.52605956472
85655,87474,90848,1819,3374,2,7200,1.53912270302
85679,87479,90814,1800,3335,2,7200,1.53973013493
85785,87485,90704,1700,3219,2,7200,1.52811432122
85803,87490,90921,1687,3431,2,7200,1.49169338385
85821,87495,90958,1674,3463,2,7200,1.48339589951
85869,87500,90886,1631,3386,2,7200,1.48168930892
85954,87506,90992,1552,3486,2,7200,1.44520940906
85969,87511,91161,1542,3650,2,7200,1.42246575342
85970,87516,91053,1546,3537,2,7200,1.43709358213
85985,87521,91070,1536,3549,2,7200,1.43279797126
86127,87526,91305,1399,3779,2,7200,1.37020375761
86143,87651,90906,1508,3255,2,7200,1.46328725038
86245,87694,91175,1449,3481,2,7200,1.41625969549
86285,87707,91534,1422,3827,2,7200,1.3715704207
86300,87745,91362,1445,3617,2,7200,1.39950235001
86358,87780,91105,1422,3325,2,7200,1.42766917293
86359,87834,91478,1475,3644,2,7200,1.40477497256
86444,87887,91265,1443,3378,2,7200,1.42717584369
86662,87961,91634,1299,3673,2,7200,1.35366185679
86677,88205,91596,1528,3391,2,7200,1.45060454143
86692,88235,91605,1543,3370,2,7200,1.45786350148
86707,88245,91833,1538,3588,2,7200,1.42865105909
86728,86734,89105,6,2371,1,3600,1.00253057782
86735,89118,90158,2383,1040,1,3600,3.29134615385
86822,88286,92067,1464,3781,2,7200,1.38719915366
86850,88394,92089,1544,3695,2,7200,1.41786197564
86865,88422,91715,1557,3293,2,7200,1.47282113574
86925,88446,91834,1521,3388,2,7200,1.44893742621
87087,88457,92002,1370,3545,2,7200,1.38645980254
87108,88475,91761,1367,3286,2,7200,1.41600730371
87144,88491,91949,1347,3458,2,7200,1.38953152111
87287,88510,91920,1223,3410,2,7200,1.35865102639
87636,88541,91812,905,3271,2,7200,1.27667380006
87682,88640,92424,958,3784,2,7200,1.25317124736
87697,88688,91901,991,3213,2,7200,1.30843448491
87733,88788,92248,1055,3460,2,7200,1.3049132948
87767,88977,92496,1210,3519,2,7200,1.343847684
87825,89025,92537,1200,3512,2,7200,1.3416856492
87876,89061,92420,1185,3359,2,7200,1.35278356654
87950,89213,92383,1263,3170,2,7200,1.39842271293
88193,89407,93100,1214,3693,2,7200,1.32873002979
88223,89435,92751,1212,3316,2,7200,1.36550060314
88238,89595,93210,1357,3615,2,7200,1.37538035961
88275,89716,93284,1441,3568,2,7200,1.403867713
88384,89866,93206,1482,3340,2,7200,1.44371257485
88409,89930,93452,1521,3522,2,7200,1.43185689949
88436,90035,93696,1599,3661,2,7200,1.43676591095
88451,90066,93543,1615,3477,2,7200,1.46448087432
88466,90084,93418,1618,3334,2,7200,1.48530293941
88482,90123,93399,1641,3276,2,7200,1.50091575092
88501,90197,93746,1696,3549,2,7200,1.47788109327
88528,90224,93528,1696,3304,2,7200,1.51331719128
88628,90302,93857,1674,3555,2,7200,1.47088607595
88677,90336,93735,1659,3399,2,7200,1.4880847308
88776,90379,93832,1603,3453,2,7200,1.46423399942
88964,90408,93968,1444,3560,2,7200,1.40561797753
89012,90421,93955,1409,3534,2,7200,1.3986983588
89049,90437,93803,1388,3366,2,7200,1.41235888295
89200,90445,93587,1245,3142,2,7200,1.3962444303
89397,90452,93997,1055,3545,2,7200,1.2976022567
89424,90490,93717,1066,3227,2,7200,1.33033777502
89585,90512,94004,927,3492,2,7200,1.26546391753
89706,90663,94293,957,3630,2,7200,1.26363636364
89855,90716,94146,861,3430,2,7200,1.25102040816
89918,90729,94129,811,3400,2,7200,1.23852941176
90024,90743,94053,719,3310,2,7200,1.21722054381
90055,90765,94468,710,3703,2,7200,1.19173642992
90074,90810,94376,736,3566,2,7200,1.20639371845
90111,90818,94128,707,3310,2,7200,1.21359516616
90186,90824,94101,638,3277,2,7200,1.19469026549
90213,90831,94424,618,3593,2,7200,1.17200111328
90289,90836,94050,547,3214,2,7200,1.17019290604
90323,90842,94117,519,3275,2,7200,1.15847328244
90366,90849,94192,483,3343,2,7200,1.14448100509
90396,90857,94627,461,3770,2,7200,1.12228116711
90411,90865,94698,454,3833,2,7200,1.11844508218
90426,90898,94215,472,3317,2,7200,1.14229725656
90442,90907,94816,465,3909,2,7200,1.1189562548
90443,90918,94604,475,3686,2,7200,1.12886597938
90479,90932,94134,453,3202,2,7200,1.1414740787
90501,90940,94435,439,3495,2,7200,1.12560801144
90652,90969,94244,317,3275,2,7200,1.09679389313
90704,90976,94158,272,3182,2,7200,1.08548082967
90719,90981,94500,262,3519,2,7200,1.07445296959
90734,90994,94122,260,3128,2,7200,1.0831202046
90752,91006,94305,254,3299,2,7200,1.07699302819
90798,91053,94458,255,3405,2,7200,1.07488986784
90813,91061,94583,248,3522,2,7200,1.07041453719
90815,91069,94636,254,3567,2,7200,1.07120829829
90816,91078,94754,262,3676,2,7200,1.07127312296
90817,91086,94875,269,3789,2,7200,1.07099498548
90833,91098,94740,265,3642,2,7200,1.07276221856
90835,91106,94409,271,3303,2,7200,1.08204662428
90853,91119,94254,266,3135,2,7200,1.08484848485
90854,91175,94427,321,3252,2,7200,1.09870848708
90888,91183,94702,295,3519,2,7200,1.0838306337
90903,91191,94815,288,3624,2,7200,1.07947019868
90919,91278,95115,359,3837,2,7200,1.09356267918
90934,91318,94842,384,3524,2,7200,1.10896708286
90935,91376,95073,441,3697,2,7200,1.11928590749
90957,91492,95392,535,3900,2,7200,1.13717948718
90972,91547,95049,575,3502,2,7200,1.16419189035
90973,91609,95126,636,3517,2,7200,1.18083593972
90992,91618,95283,626,3665,2,7200,1.17080491132
91040,91648,95277,608,3629,2,7200,1.16753926702
91056,91727,95324,671,3597,2,7200,1.18654434251
91058,91773,95078,715,3305,2,7200,1.21633888048
91073,91825,95490,752,3665,2,7200,1.20518417462
91075,91846,95252,771,3406,2,7200,1.22636523782
91091,91854,95555,763,3701,2,7200,1.20616049716
91092,91913,95786,821,3873,2,7200,1.21198037697
91107,91933,95393,826,3460,2,7200,1.2387283237
91162,91961,95347,799,3386,2,7200,1.23597164796
91163,92014,95310,851,3296,2,7200,1.25819174757
91179,92080,95076,901,2996,2,7200,1.30073431242
91267,92102,95453,835,3351,2,7200,1.24917934945
91304,92261,95704,957,3443,2,7200,1.27795527157
91362,92397,95672,1035,3275,2,7200,1.31603053435
91480,92434,96034,954,3600,2,7200,1.265
91535,92442,96251,907,3809,2,7200,1.23812024153
91598,92510,96161,912,3651,2,7200,1.24979457683
91614,92551,96054,937,3503,2,7200,1.26748501285
91635,92764,96615,1129,3851,2,7200,1.29317060504
91717,93114,96600,1397,3486,2,7200,1.4007458405
91759,93219,96542,1460,3323,2,7200,1.43936202227
91812,93227,96810,1415,3583,2,7200,1.39492045772
91834,93298,96905,1464,3607,2,7200,1.40587746049
91849,93413,96944,1564,3531,2,7200,1.44293401303
91903,93432,96997,1529,3565,2,7200,1.42889200561
91922,93466,97157,1544,3691,2,7200,1.41831481983
91949,93541,96955,1592,3414,2,7200,1.46631517282
92004,93556,96951,1552,3395,2,7200,1.45714285714
92067,93600,97250,1533,3650,2,7200,1.42
92092,93709,96995,1617,3286,2,7200,1.49208764455
92249,93730,97294,1481,3564,2,7200,1.41554433221
92386,93749,97380,1363,3631,2,7200,1.37537868356
92422,93759,97568,1337,3809,2,7200,1.35101076398
92424,93817,97151,1393,3334,2,7200,1.41781643671
92497,93845,97138,1348,3293,2,7200,1.4093531734
92539,93870,97521,1331,3651,2,7200,1.36455765544
92752,93968,97469,1216,3501,2,7200,1.34732933448
93100,93980,97436,880,3456,2,7200,1.25462962963
93207,94010,97442,803,3432,2,7200,1.23397435897
93222,94018,97512,796,3494,2,7200,1.22781911849
93285,94063,97525,778,3462,2,7200,1.22472559214
93400,94071,97308,671,3237,2,7200,1.20729070127
93422,94114,97461,692,3347,2,7200,1.20675231551
93452,94130,97493,678,3363,2,7200,1.20160570919
93528,94138,99587,610,5449,2,7200,1.11194714627
93543,94146,97475,603,3329,2,7200,1.18113547612
93589,94151,97569,562,3418,2,7200,1.16442363956
93698,94159,97782,461,3623,2,7200,1.12724261662
93719,94164,97555,445,3391,2,7200,1.13122972574
93737,94171,97619,434,3448,2,7200,1.12587006961
93752,94204,97713,452,3509,2,7200,1.12881162724
93804,94228,97513,424,3285,2,7200,1.12907153729
93834,94257,97742,423,3485,2,7200,1.12137733142
93858,94268,97476,410,3208,2,7200,1.12780548628
93955,94306,97748,351,3442,2,7200,1.10197559558
93970,94319,97915,349,3596,2,7200,1.09705228031
93997,94390,98098,393,3708,2,7200,1.10598705502
94012,94422,97703,410,3281,2,7200,1.12496190186
94052,94438,97838,386,3400,2,7200,1.11352941176
94067,94445,97768,378,3323,2,7200,1.11375263316
94100,94454,97797,354,3343,2,7200,1.10589291056
94119,94471,97904,352,3433,2,7200,1.10253422662
94134,94481,97674,347,3193,2,7200,1.10867522706
94136,94513,97825,377,3312,2,7200,1.11382850242
94137,94581,97924,444,3343,2,7200,1.13281483697
94138,94586,98013,448,3427,2,7200,1.13072658302
94154,94591,97926,437,3335,2,7200,1.13103448276
94169,94596,97885,427,3289,2,7200,1.12982669504
94190,94602,98260,412,3658,2,7200,1.11262985238
94215,94609,98314,394,3705,2,7200,1.10634278003
94245,94615,98264,370,3649,2,7200,1.10139764319
94261,94620,98016,359,3396,2,7200,1.10571260306
94294,94625,97796,331,3171,2,7200,1.10438347524
94309,94630,98057,321,3427,2,7200,1.09366793114
94376,94635,97982,259,3347,2,7200,1.0773827308
94409,94641,97972,232,3331,2,7200,1.06964875413
94424,94646,98176,222,3530,2,7200,1.06288951841
94440,94651,98565,211,3914,2,7200,1.05390904446
94441,94656,98080,215,3424,2,7200,1.06279205607
94459,94662,98121,203,3459,2,7200,1.05868748193
94474,94667,97916,193,3249,2,7200,1.0594028932
94502,94672,97893,170,3221,2,7200,1.05277864017
94584,94679,98197,95,3518,2,7200,1.02700397953
94606,94684,97806,78,3122,2,7200,1.02498398463
94628,94690,98140,62,3450,2,7200,1.01797101449
94643,94695,98049,52,3354,2,7200,1.01550387597
94693,94702,96168,9,1466,2,7200,1.00613915416
94699,94710,98217,11,3507,2,7200,1.00313658397
94710,94718,96264,8,1546,2,7200,1.00517464424
94714,94726,98113,12,3387,2,7200,1.00354295837
94722,94734,96269,12,1535,2,7200,1.00781758958
94734,94741,96245,7,1504,2,7200,1.00465425532
94739,94748,98165,9,3417,2,7200,1.00263388938
94746,94756,96281,10,1525,2,7200,1.00655737705
94753,94763,96285,10,1522,2,7200,1.00657030223
94757,94770,98307,13,3537,2,7200,1.00367543116
94770,94778,96228,8,1450,2,7200,1.00551724138
94777,94786,96294,9,1508,2,7200,1.00596816976
94784,94793,96376,9,1583,2,7200,1.00568540745
94790,94801,96367,11,1566,2,7200,1.00702426564
94797,94808,96234,11,1426,2,7200,1.00771388499
94804,94815,96218,11,1403,2,7200,1.00784034212
94811,94823,96150,12,1327,2,7200,1.00904295403
94815,94828,98198,13,3370,2,7200,1.00385756677
94817,94836,98472,19,3636,2,7200,1.00522552255
94833,94843,96143,10,1300,2,7200,1.00769230769
94840,94855,96438,15,1583,2,7200,1.00947567909
94845,94889,98308,44,3419,2,7200,1.01286926002
94875,95062,98570,187,3508,2,7200,1.05330672748
95050,95087,99252,37,4165,2,7200,1.00888355342
95075,95095,98552,20,3457,2,7200,1.00578536303
95077,95100,98793,23,3693,2,7200,1.00622799892
95092,95128,99030,36,3902,2,7200,1.00922603793
95117,95139,98252,22,3113,2,7200,1.00706713781
95132,95266,99033,134,3767,2,7200,1.03557207327
95255,95291,98597,36,3306,2,7200,1.0108892922
95279,95299,98565,20,3266,2,7200,1.00612369871
95295,95324,98769,29,3445,2,7200,1.0084179971
95313,95339,99124,26,3785,2,7200,1.00686922061
95328,95360,98714,32,3354,2,7200,1.00954084675
95349,95406,98958,57,3552,2,7200,1.0160472973
95393,95411,98645,18,3234,2,7200,1.00556586271
95394,95467,98709,73,3242,2,7200,1.02251696484
95456,95503,98950,47,3447,2,7200,1.01363504497
95492,95569,99224,77,3655,2,7200,1.02106703146
95556,95686,99107,130,3421,2,7200,1.03800058462
95675,95717,99348,42,3631,2,7200,1.01156706142
95706,95799,99242,93,3443,2,7200,1.02701132733
95715,96163,96332,448,169,1,3600,3.65088757396
95788,96048,99530,260,3482,2,7200,1.07466973004
96038,96067,99431,29,3364,2,7200,1.00862068966
96056,96155,101628,99,5473,2,7200,1.01808879956
96156,96174,97795,18,1621,2,7200,1.01110425663
96160,96182,99916,22,3734,2,7200,1.00589180503
96178,96230,97611,52,1381,2,7200,1.037653874
96227,96241,97728,14,1487,2,7200,1.00941492939
96239,96249,97676,10,1427,2,7200,1.00700770848
96246,96259,97771,13,1512,2,7200,1.0085978836
96252,96267,99666,15,3399,2,7200,1.00441306267
96264,96278,97760,14,1482,2,7200,1.00944669366
96276,96286,98115,10,1829,2,7200,1.00546746856
96283,96294,97874,11,1580,2,7200,1.00696202532
96290,96302,97750,12,1448,2,7200,1.00828729282
96302,96310,97831,8,1521,2,7200,1.00525969757
96308,96342,97869,34,1527,2,7200,1.02226588081
96336,96381,97775,45,1394,2,7200,1.03228120516
96382,96391,97828,9,1437,2,7200,1.00626304802
96389,96451,97871,62,1420,2,7200,1.04366197183
96448,96555,98054,107,1499,2,7200,1.07138092061
96516,97546,97891,1030,345,1,3600,3.98550724638
96542,96613,100303,71,3690,2,7200,1.01924119241
96600,96628,100041,28,3413,2,7200,1.00820392616
96616,96823,100420,207,3597,2,7200,1.05754795663
96810,96918,100555,108,3637,2,7200,1.02969480341
96907,96959,100719,52,3760,2,7200,1.01382978723
96948,96967,100106,19,3139,2,7200,1.00605288308
96963,96975,100588,12,3613,2,7200,1.00332133961
96965,97008,100463,43,3455,2,7200,1.01244573082
96995,97016,100439,21,3423,2,7200,1.00613496933
97010,97152,100750,142,3598,2,7200,1.03946637021
97141,97164,100873,23,3709,2,7200,1.00620113238
97157,97171,100797,14,3626,2,7200,1.00386100386
97158,97263,100807,105,3544,2,7200,1.0296275395
97250,97307,100888,57,3581,2,7200,1.01591734152
97295,97322,100605,27,3283,2,7200,1.0082241852
97310,97392,100819,82,3427,2,7200,1.0239276335
97380,97449,101010,69,3561,2,7200,1.01937657961
97438,97457,100964,19,3507,2,7200,1.00541773596
97453,97474,100742,21,3268,2,7200,1.00642594859
97469,97482,101241,13,3759,2,7200,1.00345836659
97470,97490,100950,20,3460,2,7200,1.00578034682
97486,97497,100875,11,3378,2,7200,1.00325636471
97487,97506,100771,19,3265,2,7200,1.00581929556
97502,97525,100946,23,3421,2,7200,1.00672318036
97518,97533,100918,15,3385,2,7200,1.00443131462
97519,97541,100863,22,3322,2,7200,1.00662251656
97535,97569,100832,34,3263,2,7200,1.01041985903
97536,97581,100975,45,3394,2,7200,1.01325869181
97557,97589,101253,32,3664,2,7200,1.00873362445
97573,97625,100982,52,3357,2,7200,1.01549002085
97574,97633,101139,59,3506,2,7200,1.01682829435
97620,97688,101369,68,3681,2,7200,1.01847324097
97675,97696,101062,21,3366,2,7200,1.00623885918
97693,97716,99197,23,1481,2,7200,1.01553004727
97706,97727,101552,21,3825,2,7200,1.00549019608
97721,97741,101092,20,3351,2,7200,1.00596836765
97737,97755,99213,18,1458,2,7200,1.01234567901
97744,97763,100988,19,3225,2,7200,1.00589147287
97759,97770,101105,11,3335,2,7200,1.00329835082
97770,97778,99247,8,1469,2,7200,1.00544588155
97774,97786,101089,12,3303,2,7200,1.00363306085
97782,97794,99312,12,1518,2,7200,1.00790513834
97791,97802,101456,11,3654,2,7200,1.00301039956
97800,97809,99315,9,1506,2,7200,1.00597609562
97807,97822,99363,15,1541,2,7200,1.009733939
97807,97817,101352,10,3535,2,7200,1.00282885431
97808,97827,100962,19,3135,2,7200,1.00606060606
97809,97835,101215,26,3380,2,7200,1.00769230769
97827,97843,101148,16,3305,2,7200,1.00484114977
97840,97851,99503,11,1652,2,7200,1.00665859564
97843,97856,101422,13,3566,2,7200,1.00364554122
97857,97864,99293,7,1429,2,7200,1.00489853044
97864,97882,99479,18,1597,2,7200,1.01127113338
97885,97892,99505,7,1613,2,7200,1.00433973962
97886,97900,101242,14,3342,2,7200,1.00418910832
97897,97908,99380,11,1472,2,7200,1.00747282609
97901,97916,101587,15,3671,2,7200,1.00408608009
97914,97924,99387,10,1463,2,7200,1.00683526999
97917,97929,101837,12,3908,2,7200,1.00307062436
97918,97938,101322,20,3384,2,7200,1.00591016548
97920,97943,101492,23,3549,2,7200,1.00648069879
97935,97951,101578,16,3627,2,7200,1.00441135925
97937,97956,101534,19,3578,2,7200,1.00531022918
97952,97986,99405,34,1419,2,7200,1.02396053559
97974,97995,101786,21,3791,2,7200,1.00553943551
97989,98026,101744,37,3718,2,7200,1.00995158687
98015,98035,101447,20,3412,2,7200,1.00586166471
98016,98061,101712,45,3651,2,7200,1.0123253903
98050,98070,101254,20,3184,2,7200,1.00628140704
98065,98077,101245,12,3168,2,7200,1.00378787879
98074,98093,99516,19,1423,2,7200,1.01335207309
98080,98110,101504,30,3394,2,7200,1.00883912787
98098,98128,101942,30,3814,2,7200,1.00786575773
98115,98136,101589,21,3453,2,7200,1.00608166811
98130,98143,101658,13,3515,2,7200,1.00369843528
98140,98152,99646,12,1494,2,7200,1.00803212851
98145,98179,101396,34,3217,2,7200,1.01056885297
98168,98188,101394,20,3206,2,7200,1.00623830318
98183,98211,101989,28,3778,2,7200,1.00741132875
98199,98219,101709,20,3490,2,7200,1.00573065903
98200,98233,101602,33,3369,2,7200,1.00979519145
98218,98265,101653,47,3388,2,7200,1.01387249115
98247,100857,101649,2610,792,1,3600,4.29545454545
98253,98273,101982,20,3709,2,7200,1.00539228903
98268,98283,101567,15,3284,2,7200,1.00456760049
98269,98321,101892,52,3571,2,7200,1.01456174741
98307,98326,102123,19,3797,2,7200,1.00500395049
98308,98335,101843,27,3508,2,7200,1.00769669327
98324,98486,101983,162,3497,2,7200,1.04632542179
98473,98567,101972,94,3405,2,7200,1.02760646109
98553,98580,102054,27,3474,2,7200,1.00777202073
98569,98585,102072,16,3487,2,7200,1.00458847147
98570,98593,101875,23,3282,2,7200,1.007007922
98585,98611,102007,26,3396,2,7200,1.00765606596
98601,98660,102073,59,3413,2,7200,1.01728684442
98648,98721,102073,73,3352,2,7200,1.02177804296
98710,98730,102164,20,3434,2,7200,1.00582411182
98726,98783,102028,57,3245,2,7200,1.01756548536
98772,98807,102349,35,3542,2,7200,1.00988142292
98794,98964,102426,170,3462,2,7200,1.04910456384
98952,98972,102645,20,3673,2,7200,1.00544514021
98968,99046,102562,78,3516,2,7200,1.02218430034
99032,99054,102326,22,3272,2,7200,1.00672371638
99033,99124,102401,91,3277,2,7200,1.02776930119
99111,99137,102685,26,3548,2,7200,1.00732807215
99126,99212,102713,86,3501,2,7200,1.02456441017
99212,99227,100792,15,1565,2,7200,1.00958466454
99224,99239,100773,15,1534,2,7200,1.00977835724
99226,99255,102936,29,3681,2,7200,1.00787829394
99242,99264,102824,22,3560,2,7200,1.00617977528
99257,99272,102968,15,3696,2,7200,1.00405844156
99273,99308,100789,35,1481,2,7200,1.02363268062
99284,100862,101028,1578,166,1,3600,10.5060240964
99306,99327,100839,21,1512,2,7200,1.01388888889
99324,99335,100896,11,1561,2,7200,1.00704676489
99336,99361,100821,25,1460,2,7200,1.01712328767
99349,99378,102794,29,3416,2,7200,1.00848946136
99374,99393,100827,19,1434,2,7200,1.01324965132
99391,99403,100900,12,1497,2,7200,1.00801603206
99410,99418,101021,8,1603,2,7200,1.00499064255
99417,99446,100874,29,1428,2,7200,1.02030812325
99431,99493,103136,62,3643,2,7200,1.01701894043
99493,99517,100796,24,1279,2,7200,1.01876465989
99515,99526,101006,11,1480,2,7200,1.00743243243
99522,99535,101019,13,1484,2,7200,1.00876010782
99532,99543,103003,11,3460,2,7200,1.00317919075
99540,99601,101379,61,1778,2,7200,1.03430821147
99588,99660,102746,72,3086,2,7200,1.02333117304
99657,99678,101310,21,1632,2,7200,1.01286764706
99668,99931,103514,263,3583,2,7200,1.07340217695
99918,100054,103438,136,3384,2,7200,1.0401891253
100042,100119,103447,77,3328,2,7200,1.02313701923
100106,100317,103778,211,3461,2,7200,1.06096503901
100304,100433,103714,129,3281,2,7200,1.03931728132
100423,100453,103839,30,3386,2,7200,1.00886001181
100441,100478,103764,37,3286,2,7200,1.01125989044
100466,100569,103821,103,3252,2,7200,1.03167281673
100557,100602,103749,45,3147,2,7200,1.0142993327
100591,100618,104004,27,3386,2,7200,1.00797401063
100606,100732,103912,126,3180,2,7200,1.03962264151
100722,100757,104166,35,3409,2,7200,1.01026694045
100744,100765,104165,21,3400,2,7200,1.00617647059
100759,100784,104546,25,3762,2,7200,1.00664540138
100774,100794,104258,20,3464,2,7200,1.00577367206
100792,100802,102286,10,1484,2,7200,1.00673854447
100799,100816,104253,17,3437,2,7200,1.00494617399
100799,100810,102375,11,1565,2,7200,1.00702875399
100815,100825,104547,10,3722,2,7200,1.00268672757
100821,100834,102452,13,1618,2,7200,1.00803461063
100830,100844,104335,14,3491,2,7200,1.00401031223
100844,100852,102442,8,1590,2,7200,1.00503144654
100845,100871,104080,26,3209,2,7200,1.00810221253
100864,100879,104358,15,3479,2,7200,1.00431158379
100877,100887,102418,10,1531,2,7200,1.00653167864
100879,100896,104572,17,3676,2,7200,1.00462459195
100881,100901,104192,20,3291,2,7200,1.00607718019
100896,100909,104327,13,3418,2,7200,1.0038033938
100912,100922,102388,10,1466,2,7200,1.0068212824
100919,100929,102300,10,1371,2,7200,1.00729394602
100921,100934,104411,13,3477,2,7200,1.00373885534
100931,100943,102321,12,1378,2,7200,1.00870827286
100943,100960,102735,17,1775,2,7200,1.00957746479
100948,100967,104189,19,3222,2,7200,1.00589695841
100964,100977,104290,13,3313,2,7200,1.00392393601
100965,100986,104376,21,3390,2,7200,1.00619469027
100980,112789,112827,11809,38,8,120,311.763157895
100980,112784,112820,11804,36,8,120,328.888888889
100981,101004,102520,23,1516,2,7200,1.01517150396
100981,112944,112980,11963,36,8,120,333.305555556
100981,100994,104281,13,3287,2,7200,1.00395497414
100981,113001,113035,12020,34,8,120,354.529411765
100981,112844,112880,11863,36,8,120,330.527777778
100981,112955,112992,11974,37,8,120,324.621621622
100981,112893,112931,11912,38,8,120,314.473684211
100981,112902,112942,11921,40,8,120,299.025
100981,113014,113051,12033,37,8,120,326.216216216
100981,112835,112879,11854,44,8,120,270.409090909
100982,101009,104435,27,3426,2,7200,1.00788091068
100984,101020,104522,36,3502,2,7200,1.01027984009
101000,101030,104632,30,3602,2,7200,1.00832870627
101015,101039,104590,24,3551,2,7200,1.00675865953
101035,101047,102642,12,1595,2,7200,1.00752351097
101048,101076,102484,28,1408,2,7200,1.01988636364
101061,101105,104541,44,3436,2,7200,1.01280558789
101092,101113,104578,21,3465,2,7200,1.00606060606
101093,101123,104731,30,3608,2,7200,1.00831485588
101109,101153,104815,44,3662,2,7200,1.01201529219
101140,101162,104423,22,3261,2,7200,1.00674639681
101155,101229,104559,74,3330,2,7200,1.02222222222
101212,101220,101590,8,370,1,3600,1.02162162162
101217,101254,104654,37,3400,2,7200,1.01088235294
101242,101263,104578,21,3315,2,7200,1.00633484163
101243,101268,104778,25,3510,2,7200,1.00712250712
101259,101277,104645,18,3368,2,7200,1.00534441805
101260,101282,104706,22,3424,2,7200,1.00642523364
101262,101323,104854,61,3531,2,7200,1.01727555933
101322,101336,102793,14,1457,2,7200,1.00960878518
101323,101366,104736,43,3370,2,7200,1.01275964392
101353,101384,104750,31,3366,2,7200,1.0092097445
101371,101393,105075,22,3682,2,7200,1.00597501358
101392,101408,102756,16,1348,2,7200,1.0118694362
101397,101416,105107,19,3691,2,7200,1.00514765646
101399,101436,104919,37,3483,2,7200,1.01062302613
101424,101462,104876,38,3414,2,7200,1.01113063855
101450,101471,105098,21,3627,2,7200,1.00578990902
101465,101506,104958,41,3452,2,7200,1.01187717265
101493,101520,105945,27,4425,2,7200,1.00610169492
101508,101548,104972,40,3424,2,7200,1.01168224299
101536,101567,104979,31,3412,2,7200,1.0090855803
101554,101579,105146,25,3567,2,7200,1.00700869078
101569,101590,104875,21,3285,2,7200,1.00639269406
101584,101601,105153,17,3552,2,7200,1.00478603604
101599,101610,103127,11,1517,2,7200,1.00725115359
101600,101617,105121,17,3504,2,7200,1.00485159817
101601,101642,104958,41,3316,2,7200,1.01236429433
101617,101659,105131,42,3472,2,7200,1.01209677419
101632,101668,105043,36,3375,2,7200,1.01066666667
101654,101677,104991,23,3314,2,7200,1.00694025347
101669,101725,105499,56,3774,2,7200,1.01483836778
101713,101730,105290,17,3560,2,7200,1.0047752809
101714,101756,105277,42,3521,2,7200,1.01192842942
101745,101799,105485,54,3686,2,7200,1.01465002713
101787,101851,105222,64,3371,2,7200,1.01898546425
101836,101859,105467,23,3608,2,7200,1.00637472284
101851,101888,105106,37,3218,2,7200,1.01149782474
101876,101906,105436,30,3530,2,7200,1.00849858357
101895,101957,105660,62,3703,2,7200,1.0167431812
101922,102002,102835,80,833,1,3600,1.09603841537
101944,101988,105494,44,3506,2,7200,1.01254991443
101975,101997,105534,22,3537,2,7200,1.00621996042
101990,102011,105636,21,3625,2,7200,1.00579310345
101992,102023,105659,31,3636,2,7200,1.00852585259
101993,102041,105906,48,3865,2,7200,1.01241914618
102008,102068,105310,60,3242,2,7200,1.01850709439
102030,102087,105332,57,3245,2,7200,1.01756548536
102055,102092,105638,37,3546,2,7200,1.01043429216
102076,102097,105734,21,3637,2,7200,1.00577398955
102077,102137,105650,60,3513,2,7200,1.0170794193
102079,102178,105360,99,3182,2,7200,1.03111250786
102122,102299,105957,177,3658,2,7200,1.04838709677
102165,102315,105999,150,3684,2,7200,1.04071661238
102314,102335,103945,21,1610,2,7200,1.01304347826
102327,102344,106177,17,3833,2,7200,1.00443516828
102342,102363,103540,21,1177,2,7200,1.01784197111
102348,102390,106312,42,3922,2,7200,1.01070882203
102386,102403,103963,17,1560,2,7200,1.0108974359
102403,102417,103812,14,1395,2,7200,1.01003584229
102404,102432,106106,28,3674,2,7200,1.00762112139
102428,102441,105757,13,3316,2,7200,1.00392038601
102436,102456,104046,20,1590,2,7200,1.01257861635
102462,102470,103894,8,1424,2,7200,1.00561797753
102469,102497,104097,28,1600,2,7200,1.0175
102497,102533,103994,36,1461,2,7200,1.02464065708
102530,102576,103970,46,1394,2,7200,1.03299856528
102563,102657,106139,94,3482,2,7200,1.02699597932
102646,102666,106130,20,3464,2,7200,1.00577367206
102663,102699,104084,36,1385,2,7200,1.02599277978
102686,102726,106088,40,3362,2,7200,1.01189767995
102713,102750,106127,37,3377,2,7200,1.01095647024
102747,102761,106077,14,3316,2,7200,1.00422195416
102759,102769,104309,10,1540,2,7200,1.00649350649
102766,102807,104231,41,1424,2,7200,1.02879213483
102793,102816,106204,23,3388,2,7200,1.00678866588
102815,102837,104302,22,1465,2,7200,1.01501706485
102827,102846,106203,19,3357,2,7200,1.00565981531
102843,102950,104503,107,1553,2,7200,1.06889890534
102877,104600,104711,1723,111,1,3600,16.5225225225
102926,104605,104730,1679,125,1,1800,14.432
102938,102981,106450,43,3469,2,7200,1.01239550303
102968,103018,106169,50,3151,2,7200,1.01586797842
103005,103141,106347,136,3206,2,7200,1.04242046163
103138,103150,106547,12,3397,2,7200,1.0035325287
103150,103452,104985,302,1533,2,7200,1.19699934768
103438,103461,107088,23,3627,2,7200,1.00634132892
103453,103528,107223,75,3695,2,7200,1.02029769959
103514,103554,106967,40,3413,2,7200,1.01171989452
103551,103727,105340,176,1613,2,7200,1.10911345319
103715,103763,107047,48,3284,2,7200,1.01461632156
103748,103780,107480,32,3700,2,7200,1.00864864865
103767,103795,107639,28,3844,2,7200,1.00728407908
103782,103826,107415,44,3589,2,7200,1.01225968236
103822,103833,107363,11,3530,2,7200,1.00311614731
103831,103854,105213,23,1359,2,7200,1.01692420898
103840,103908,107303,68,3395,2,7200,1.02002945508
103906,103927,105453,21,1526,2,7200,1.01376146789
103914,103959,107798,45,3839,2,7200,1.01172180255
103963,103977,105478,14,1501,2,7200,1.00932711526
103975,103985,105438,10,1453,2,7200,1.00688231246
103982,104008,105461,26,1453,2,7200,1.01789401239
104004,104019,105464,15,1445,2,7200,1.01038062284
104005,104060,107424,55,3364,2,7200,1.01634958383
104058,104095,105588,37,1493,2,7200,1.02478231748
104081,104104,107575,23,3471,2,7200,1.00662633247
104096,105141,105254,1045,113,1,3600,10.2477876106
104102,104111,105612,9,1501,2,7200,1.00599600266
104109,104179,105648,70,1469,2,7200,1.04765146358
104167,104184,107492,17,3308,2,7200,1.00513905683
104168,104203,107666,35,3463,2,7200,1.01010684378
104190,104211,107638,21,3427,2,7200,1.00612780858
104205,104245,107674,40,3429,2,7200,1.01166520852
104242,104267,106208,25,1941,2,7200,1.01287995878
104254,104276,107684,22,3408,2,7200,1.00645539906
104269,104298,107384,29,3086,2,7200,1.00939727803
104285,104307,107913,22,3606,2,7200,1.00610094287
104300,104316,107719,16,3403,2,7200,1.00470173376
104312,104325,105829,13,1504,2,7200,1.00864361702
104324,104341,105756,17,1415,2,7200,1.01201413428
104327,104350,107588,23,3238,2,7200,1.00710315009
104343,104372,108064,29,3692,2,7200,1.00785482124
104358,104391,108062,33,3671,2,7200,1.00898937619
104377,104426,107847,49,3421,2,7200,1.01432329728
104414,104437,107853,23,3416,2,7200,1.00673302108
104429,104449,108101,20,3652,2,7200,1.00547645126
104445,104517,107989,72,3472,2,7200,1.02073732719
104514,104538,106338,24,1800,2,7200,1.01333333333
104525,104555,107876,30,3321,2,7200,1.00903342367
104542,104564,108368,22,3804,2,7200,1.00578338591
104558,104573,108272,15,3699,2,7200,1.00405515004
104559,104578,108484,19,3906,2,7200,1.00486431132
104560,104587,108108,27,3521,2,7200,1.00766827606
104576,104594,108158,18,3564,2,7200,1.00505050505
104592,104614,108132,22,3518,2,7200,1.00625355316
104593,104647,108051,54,3404,2,7200,1.01586368978
104595,104659,107893,64,3234,2,7200,1.01978973408
104635,104668,108231,33,3563,2,7200,1.00926185798
104651,104721,107939,70,3218,2,7200,1.02175264139
104666,104740,108159,74,3419,2,7200,1.02164375548
104705,104749,108143,44,3394,2,7200,1.01296405421
104733,104758,107977,25,3219,2,7200,1.00776638708
104749,104767,108134,18,3367,2,7200,1.00534600535
104750,104794,108267,44,3473,2,7200,1.01266916211
104781,104829,108141,48,3312,2,7200,1.01449275362
104815,104868,108475,53,3607,2,7200,1.01469365123
104854,104888,108579,34,3691,2,7200,1.00921159577
104876,104897,108175,21,3278,2,7200,1.00640634533
104877,104932,108377,55,3445,2,7200,1.01596516691
104881,105146,105464,265,318,1,3600,1.83333333333
104920,104974,108587,54,3613,2,7200,1.01494602823
104960,104988,108454,28,3466,2,7200,1.00807847663
104962,104979,108169,17,3190,2,7200,1.00532915361
104977,104997,108840,20,3843,2,7200,1.0052042675
104992,105006,108365,14,3359,2,7200,1.00416790712
104994,105011,108891,17,3880,2,7200,1.0043814433
105011,105057,106472,46,1415,2,7200,1.03250883392
105034,105152,105257,118,105,1,1800,2.12380952381
105043,105089,108561,46,3472,2,7200,1.01324884793
105076,105112,108516,36,3404,2,7200,1.01057579318
105098,105119,108438,21,3319,2,7200,1.00632720699
105113,105127,108591,14,3464,2,7200,1.00404157044
105115,105136,108626,21,3490,2,7200,1.00601719198
105130,105161,108528,31,3367,2,7200,1.00920700921
105146,105166,108450,20,3284,2,7200,1.00609013398
105147,105176,108590,29,3414,2,7200,1.00849443468
105163,105227,108633,64,3406,2,7200,1.01879036994
105223,105236,106766,13,1530,2,7200,1.00849673203
105224,105264,108784,40,3520,2,7200,1.01136363636
105262,105292,106697,30,1405,2,7200,1.02135231317
105280,105304,108920,24,3616,2,7200,1.00663716814
105295,105324,108529,29,3205,2,7200,1.00904836193
105311,105347,108881,36,3534,2,7200,1.01018675722
105335,105356,108526,21,3170,2,7200,1.00662460568
105354,105374,106855,20,1481,2,7200,1.01350438893
105363,105451,109072,88,3621,2,7200,1.02430267882
105428,105481,105797,53,316,1,3600,1.16772151899
105437,105458,109223,21,3765,2,7200,1.00557768924
105455,105467,107025,12,1558,2,7200,1.00770218228
105462,105476,106977,14,1501,2,7200,1.00932711526
105470,105490,108984,20,3494,2,7200,1.00572409845
105485,105499,109123,14,3624,2,7200,1.00386313466
105496,105508,106979,12,1471,2,7200,1.00815771584
105501,105517,109216,16,3699,2,7200,1.00432549338
105502,105522,108888,20,3366,2,7200,1.00594177065
105518,105529,106991,11,1462,2,7200,1.00752393981
105525,105549,107077,24,1528,2,7200,1.01570680628
105536,105603,108723,67,3120,2,7200,1.02147435897
105600,105626,107097,26,1471,2,7200,1.01767505099
105631,105650,107240,19,1590,2,7200,1.01194968553
105637,105659,108868,22,3209,2,7200,1.00685571829
105638,105668,109083,30,3415,2,7200,1.00878477306
105654,105673,108910,19,3237,2,7200,1.00586963238
105669,105682,107177,13,1495,2,7200,1.00869565217
105670,105687,108959,17,3272,2,7200,1.00519559902
105671,105748,109198,77,3450,2,7200,1.02231884058
105735,105770,109200,35,3430,2,7200,1.01020408163
105757,105779,109159,22,3380,2,7200,1.00650887574
105776,105808,107442,32,1634,2,7200,1.01958384333
105804,105843,107354,39,1511,2,7200,1.02581072138
105842,105920,107249,78,1329,2,7200,1.05869074492
105887,105994,106563,107,569,1,1800,1.18804920914
105899,105999,106599,100,600,1,3600,1.16666666667
105906,105959,109481,53,3522,2,7200,1.01504826803
105946,105970,109476,24,3506,2,7200,1.00684540787
105962,105989,109442,27,3453,2,7200,1.00781928758
105986,106008,107516,22,1508,2,7200,1.01458885942
106001,106017,109341,16,3324,2,7200,1.00481347774
106014,106024,107551,10,1527,2,7200,1.00654878847
106020,106090,107579,70,1489,2,7200,1.04701141706
106078,106102,109452,24,3350,2,7200,1.0071641791
106094,106123,109379,29,3256,2,7200,1.00890663391
106110,106141,109943,31,3802,2,7200,1.00815360337
106128,106150,109420,22,3270,2,7200,1.00672782875
106143,106159,110065,16,3906,2,7200,1.00409626216
106145,106183,109859,38,3676,2,7200,1.01033732318
106170,106192,109716,22,3524,2,7200,1.00624290579
106186,106217,110124,31,3907,2,7200,1.00793447658
106204,106223,109740,19,3517,2,7200,1.00540233153
106206,106232,109696,26,3464,2,7200,1.00750577367
106226,106573,107178,347,605,1,3600,1.57355371901
106233,106326,107593,93,1267,2,7200,1.07340173639
106313,106352,109619,39,3267,2,7200,1.01193755739
106347,106361,109588,14,3227,2,7200,1.00433839479
106360,106464,108363,104,1899,2,7200,1.05476566614
106451,106486,109910,35,3424,2,7200,1.01022196262
106488,106560,107896,72,1336,2,7200,1.05389221557
106548,106710,110159,162,3449,2,7200,1.04697013627
106618,106625,106741,7,116,1,1800,1.06034482759
106707,106781,108197,74,1416,2,7200,1.05225988701
106777,106869,108521,92,1652,2,7200,1.05569007264
106868,106982,108393,114,1411,2,7200,1.08079376329
106969,106991,110487,22,3496,2,7200,1.00629290618
106990,106998,108445,8,1447,2,7200,1.00552868003
106997,107006,108705,9,1699,2,7200,1.00529723367
107015,107038,108364,23,1326,2,7200,1.0173453997
107038,107060,108638,22,1578,2,7200,1.01394169835
107046,107091,111385,45,4294,2,7200,1.01047973917
107048,107615,107721,567,106,1,1800,6.34905660377
107086,107102,108598,16,1496,2,7200,1.01069518717
107089,107111,110700,22,3589,2,7200,1.00612984118
107109,107188,108705,79,1517,2,7200,1.05207646671
107185,107197,108622,12,1425,2,7200,1.00842105263
107197,107237,108643,40,1406,2,7200,1.02844950213
107224,107254,110625,30,3371,2,7200,1.00889943637
107258,107267,108742,9,1475,2,7200,1.00610169492
107264,107317,108869,53,1552,2,7200,1.03414948454
107304,107367,110706,63,3339,2,7200,1.01886792453
107364,107380,110703,16,3323,2,7200,1.00481492627
107376,107398,108986,22,1588,2,7200,1.01385390428
107386,107430,110824,44,3394,2,7200,1.01296405421
107417,107439,110855,22,3416,2,7200,1.00644028103
107432,107456,110907,24,3451,2,7200,1.00695450594
107452,107494,108918,42,1424,2,7200,1.02949438202
107481,107507,111433,26,3926,2,7200,1.00662251656
107496,107530,110551,34,3021,2,7200,1.01125455147
107527,107563,108907,36,1344,2,7200,1.02678571429
107560,107592,109239,32,1647,2,7200,1.01942926533
107578,107601,111020,23,3419,2,7200,1.00672711319
107594,107610,111066,16,3456,2,7200,1.00462962963
107609,107652,109091,43,1439,2,7200,1.0298818624
107640,107658,111169,18,3511,2,7200,1.00512674452
107641,107682,111233,41,3551,2,7200,1.01154604337
107669,107691,111361,22,3670,2,7200,1.00599455041
107685,107698,111185,13,3487,2,7200,1.00372813307
107686,107731,111265,45,3534,2,7200,1.01273344652
107720,107739,111310,19,3571,2,7200,1.00532063848
107736,107812,109448,76,1636,2,7200,1.04645476773
107800,107862,111265,62,3403,2,7200,1.01821921834
107849,107871,111638,22,3767,2,7200,1.00584019113
107850,107890,111399,40,3509,2,7200,1.01139925905
107879,107907,111488,28,3581,2,7200,1.00781904496
107895,107916,111617,21,3701,2,7200,1.00567414212
107916,107928,111407,12,3479,2,7200,1.00344926703
107927,107954,109556,27,1602,2,7200,1.01685393258
107941,107991,111710,50,3719,2,7200,1.01344447432
107978,108005,111230,27,3225,2,7200,1.00837209302
107993,108066,111454,73,3388,2,7200,1.02154663518
108053,108076,111437,23,3361,2,7200,1.00684320143
108069,108085,111434,16,3349,2,7200,1.00477754554
108070,108114,111428,44,3314,2,7200,1.01327700664
108098,108122,111308,24,3186,2,7200,1.00753295669
108113,108147,111765,34,3618,2,7200,1.00939745716
108135,108152,111693,17,3541,2,7200,1.0048009037
108137,108161,111300,24,3139,2,7200,1.00764574705
108152,108167,111917,15,3750,2,7200,1.004
108153,108176,111440,23,3264,2,7200,1.00704656863
108172,108185,111520,13,3335,2,7200,1.00389805097
108173,108190,111724,17,3534,2,7200,1.00481041313
108174,108199,111791,25,3592,2,7200,1.00695991091
108190,108212,111738,22,3526,2,7200,1.00623936472
108207,108394,108442,187,48,1,1800,4.89583333333
108208,108245,109872,37,1627,2,7200,1.02274124155
108233,108282,111917,49,3635,2,7200,1.01348005502
108269,108291,111776,22,3485,2,7200,1.00631276901
108284,108375,111720,91,3345,2,7200,1.02720478326
108367,108384,112150,17,3766,2,7200,1.00451407329
108369,108389,111836,20,3447,2,7200,1.00580214679
108386,108403,111858,17,3455,2,7200,1.00492040521
108399,108412,109749,13,1337,2,7200,1.00972326103
108408,110420,110911,2012,491,1,1800,5.09775967413
108411,108452,109781,41,1329,2,7200,1.03085026336
108441,108457,112052,16,3595,2,7200,1.00445062587
108457,108464,112173,7,3709,2,7200,1.00188730116
108457,108470,109976,13,1506,2,7200,1.00863213811
108458,108478,111917,20,3439,2,7200,1.00581564408
108474,108490,110127,16,1637,2,7200,1.00977397679
108477,108498,111841,21,3343,2,7200,1.00628178283
108492,108530,111950,38,3420,2,7200,1.01111111111
108516,108539,112254,23,3715,2,7200,1.00619111709
108532,108548,111972,16,3424,2,7200,1.0046728972
108534,108553,111525,19,2972,2,7200,1.00639300135
108535,108558,111752,23,3194,2,7200,1.00720100188
108555,108574,109994,19,1420,2,7200,1.01338028169
108563,108593,112374,30,3781,2,7200,1.00793440889
108581,108602,111863,21,3261,2,7200,1.00643974241
108597,108611,111782,14,3171,2,7200,1.00441501104
108598,108616,112151,18,3535,2,7200,1.00509193777
108599,108625,112037,26,3412,2,7200,1.00762016413
108625,108635,110401,10,1766,2,7200,1.00566251416
108627,108644,112059,17,3415,2,7200,1.00497803807
108642,108653,109920,11,1267,2,7200,1.00868192581
108643,108658,112048,15,3390,2,7200,1.00442477876
108654,108667,110173,13,1506,2,7200,1.00863213811
108672,108719,110401,47,1682,2,7200,1.02794292509
108715,108726,110289,11,1563,2,7200,1.00703774792
108722,108736,110173,14,1437,2,7200,1.00974251914
108725,108756,112174,31,3418,2,7200,1.00906963136
108755,108798,110364,43,1566,2,7200,1.02745849298
108763,110645,110726,1882,81,1,1800,24.2345679012
108783,108854,112065,71,3211,2,7200,1.02211149175
108841,108882,112499,41,3617,2,7200,1.0113353608
108869,108891,112171,22,3280,2,7200,1.00670731707
108884,108900,112371,16,3471,2,7200,1.00460962259
108899,108909,110561,10,1652,2,7200,1.00605326877
108902,108916,112435,14,3519,2,7200,1.00397840296
108903,108925,112486,22,3561,2,7200,1.00617803988
108919,108934,112314,15,3380,2,7200,1.00443786982
108920,108939,112525,19,3586,2,7200,1.0052983826
108942,108950,110616,8,1666,2,7200,1.00480192077
108949,108974,110451,25,1477,2,7200,1.01692620176
108960,108999,112205,39,3206,2,7200,1.0121646912
108985,109006,112577,21,3571,2,7200,1.00588070568
109003,109087,110626,84,1539,2,7200,1.05458089669
109074,109096,112717,22,3621,2,7200,1.0060756697
109089,109105,113011,16,3906,2,7200,1.00409626216
109105,109137,110659,32,1522,2,7200,1.02102496715
109123,109171,112377,48,3206,2,7200,1.01497192764
109159,109212,112812,53,3600,2,7200,1.01472222222
109199,109222,112668,23,3446,2,7200,1.00667440511
109201,109231,112352,30,3121,2,7200,1.00961230375
109216,109240,112719,24,3479,2,7200,1.00689853406
109232,109254,112652,22,3398,2,7200,1.0064743967
109254,109354,110876,100,1522,2,7200,1.06570302234
109342,109393,112987,51,3594,2,7200,1.0141903172
109379,109435,113000,56,3565,2,7200,1.01570827489
109422,109456,113147,34,3691,2,7200,1.00921159577
109443,109465,112845,22,3380,2,7200,1.00650887574
109459,109473,113171,14,3698,2,7200,1.00378583018
109472,109491,110962,19,1471,2,7200,1.01291638341
109478,109500,112970,22,3470,2,7200,1.00634005764
109493,109570,112801,77,3231,2,7200,1.02383163107
109567,109601,111135,34,1534,2,7200,1.0221642764
109588,109634,113012,46,3378,2,7200,1.01361752516
109619,109711,113174,92,3463,2,7200,1.02656656079
109698,109729,113140,31,3411,2,7200,1.00908824392
109717,109755,113285,38,3530,2,7200,1.01076487252
109741,109764,113221,23,3457,2,7200,1.00665316749
109763,109795,111882,32,2087,2,7200,1.0153330139
109791,109874,111308,83,1434,2,7200,1.05788005579
109860,109886,116167,26,6281,2,7200,1.00413946824
109882,109923,111358,41,1435,2,7200,1.02857142857
109909,109935,113455,26,3520,2,7200,1.00738636364
109931,109957,111349,26,1392,2,7200,1.01867816092
109941,109991,113086,50,3095,2,7200,1.01615508885
109991,110008,111487,17,1479,2,7200,1.01149425287
110008,110079,111635,71,1556,2,7200,1.04562982005
110066,110137,113582,71,3445,2,7200,1.0206095791
110124,110146,113952,22,3806,2,7200,1.00578034682
110146,110173,111785,27,1612,2,7200,1.01674937965
110158,110187,113647,29,3460,2,7200,1.00838150289
110185,110194,111720,9,1526,2,7200,1.00589777195
110192,110303,111795,111,1492,2,7200,1.07439678284
110303,110378,111659,75,1281,2,7200,1.05854800937
110378,110415,111906,37,1491,2,7200,1.02481556003
110411,110465,112041,54,1576,2,7200,1.03426395939
110460,110501,112089,41,1588,2,7200,1.0258186398
110489,110564,113901,75,3337,2,7200,1.0224752772
110550,110573,114100,23,3527,2,7200,1.00652112277
110572,110631,112046,59,1415,2,7200,1.04169611307
110626,110640,113931,14,3291,2,7200,1.00425402613
110642,110654,112226,12,1572,2,7200,1.00763358779
110654,110672,112176,18,1504,2,7200,1.01196808511
110671,110715,112232,44,1517,2,7200,1.02900461437
110700,110724,113934,24,3210,2,7200,1.00747663551
110715,110729,114264,14,3535,2,7200,1.00396039604
110716,110838,114465,122,3627,2,7200,1.03363661428
110827,110869,114471,42,3602,2,7200,1.01166018878
110857,110890,114438,33,3548,2,7200,1.00930101466
110889,110922,112293,33,1371,2,7200,1.02407002188
110909,110927,114381,18,3454,2,7200,1.00521134916
110928,110976,112307,48,1331,2,7200,1.03606311044
110972,111035,112663,63,1628,2,7200,1.0386977887
111022,111081,114330,59,3249,2,7200,1.01815943367
111068,111149,114336,81,3187,2,7200,1.02541575149
111147,111183,112662,36,1479,2,7200,1.02434077079
111169,111200,114679,31,3479,2,7200,1.0089106065
111187,111244,114908,57,3664,2,7200,1.01555676856
111230,111253,114758,23,3505,2,7200,1.00656205421
111245,111280,114569,35,3289,2,7200,1.01064153238
111267,111285,114721,18,3436,2,7200,1.00523864959
111268,111315,114906,47,3591,2,7200,1.01308827625
111302,111325,114946,23,3621,2,7200,1.00635183651
111318,111334,114817,16,3483,2,7200,1.00459374103
111319,111339,114992,20,3653,2,7200,1.00547495209
111337,111361,112882,24,1521,2,7200,1.0157790927
111360,111373,112827,13,1454,2,7200,1.00894085282
111363,111382,114953,19,3571,2,7200,1.00532063848
111383,111399,113069,16,1670,2,7200,1.00958083832
111385,111413,115218,28,3805,2,7200,1.0073587385
111400,111422,115044,22,3622,2,7200,1.00607399227
111415,111444,114903,29,3459,2,7200,1.00838392599
111431,111453,115008,22,3555,2,7200,1.00618846695
111432,111458,114814,26,3356,2,7200,1.00774731824
111451,111468,114865,17,3397,2,7200,1.00500441566
111452,111473,114891,21,3418,2,7200,1.00614394383
111453,111478,114575,25,3097,2,7200,1.00807232806
111468,111502,114900,34,3398,2,7200,1.01000588582
111490,111507,114974,17,3467,2,7200,1.00490337468
111505,111534,113113,29,1579,2,7200,1.01836605446
111521,111543,115005,22,3462,2,7200,1.00635470826
111536,111631,115006,95,3375,2,7200,1.02814814815
111618,111647,116009,29,4362,2,7200,1.00664832646
111639,111656,114933,17,3277,2,7200,1.00518767165
111654,111673,113189,19,1516,2,7200,1.01253298153
111670,112690,112981,1020,291,1,1800,4.50515463918
111671,111708,113180,37,1472,2,7200,1.02513586957
111695,111724,115378,29,3654,2,7200,1.00793650794
111710,111734,115521,24,3787,2,7200,1.00633747029
111726,111743,115179,17,3436,2,7200,1.0049476135
111727,111748,114827,21,3079,2,7200,1.00682039623
111743,111757,115178,14,3421,2,7200,1.00409237065
111757,111765,113400,8,1635,2,7200,1.00489296636
111758,111779,114874,21,3095,2,7200,1.00678513732
111773,111790,115542,17,3752,2,7200,1.00453091684
111788,111799,115632,11,3833,2,7200,1.00286981477
111790,111804,115170,14,3366,2,7200,1.00415923945
111801,111813,113357,12,1544,2,7200,1.00777202073
111805,111822,115104,17,3282,2,7200,1.00517976843
111818,111851,113282,33,1431,2,7200,1.02306079665
111839,111860,115440,21,3580,2,7200,1.00586592179
111854,111873,115272,19,3399,2,7200,1.00558987938
111870,111882,115519,12,3637,2,7200,1.0032994226
111871,111896,115341,25,3445,2,7200,1.00725689405
111893,111918,113424,25,1506,2,7200,1.0166002656
111918,111932,115397,14,3465,2,7200,1.00404040404
111919,111937,115633,18,3696,2,7200,1.00487012987
111920,111942,115261,22,3319,2,7200,1.00662850256
111942,111965,113471,23,1506,2,7200,1.01527224436
111951,111987,115468,36,3481,2,7200,1.01034185579
111973,112051,115243,78,3192,2,7200,1.02443609023
112040,112058,115700,18,3642,2,7200,1.00494233937
112054,112067,113492,13,1425,2,7200,1.00912280702
112055,112072,115713,17,3641,2,7200,1.00466904697
112057,112077,115556,20,3479,2,7200,1.00574877838
112072,112086,115462,14,3376,2,7200,1.00414691943
112074,112091,115495,17,3404,2,7200,1.00499412456
112087,112104,113697,17,1593,2,7200,1.01067168864
112105,112165,113598,60,1433,2,7200,1.04187020237
112153,112170,115847,17,3677,2,7200,1.00462333424
112155,112185,115353,30,3168,2,7200,1.00946969697
112174,112194,115558,20,3364,2,7200,1.00594530321
112175,112199,115856,24,3657,2,7200,1.00656275636
112176,112205,115839,29,3634,2,7200,1.00798018712
112201,112220,113759,19,1539,2,7200,1.01234567901
112207,112240,115735,33,3495,2,7200,1.00944206009
112239,112247,113708,8,1461,2,7200,1.00547570157
112246,112268,113788,22,1520,2,7200,1.01447368421
112256,112307,115636,51,3329,2,7200,1.01531991589
112305,112321,113838,16,1517,2,7200,1.0105471325
112314,112330,115689,16,3359,2,7200,1.00476332242
112328,112366,113986,38,1620,2,7200,1.02345679012
112354,112386,115975,32,3589,2,7200,1.00891613263
112373,112395,116116,22,3721,2,7200,1.00591238914
112388,112402,115918,14,3516,2,7200,1.0039817975
112389,112449,115461,60,3012,2,7200,1.01992031873
112435,112500,116088,65,3588,2,7200,1.01811594203
112487,112516,115753,29,3237,2,7200,1.00895891257
112502,112540,115723,38,3183,2,7200,1.01193842287
112528,112589,116219,61,3630,2,7200,1.01680440771
112579,112667,116040,88,3373,2,7200,1.02608953454
112653,112676,116503,23,3827,2,7200,1.00600992945
112668,112685,116230,17,3545,2,7200,1.0047954866
112682,112731,114287,49,1556,2,7200,1.03149100257
112717,112740,116266,23,3526,2,7200,1.00652297221
112732,112794,116329,62,3535,2,7200,1.01753889675
112788,113054,113106,266,52,1,1800,6.11538461538
112794,112815,114317,21,1502,2,7200,1.01398135819
112803,112826,116459,23,3633,2,7200,1.00633085604
112819,112849,116466,30,3617,2,7200,1.00829416644
112846,112860,116317,14,3457,2,7200,1.00404975412
112858,112907,114409,49,1502,2,7200,1.03262316911
112907,112982,114488,75,1506,2,7200,1.04980079681
112971,112992,116141,21,3149,2,7200,1.00666878374
112988,113006,114467,18,1461,2,7200,1.01232032854
112989,113019,116421,30,3402,2,7200,1.00881834215
113005,113029,116218,24,3189,2,7200,1.00752587018
113021,113034,116721,13,3687,2,7200,1.00352590182
113022,113049,116430,27,3381,2,7200,1.00798580302
113048,113061,114535,13,1474,2,7200,1.00881953867
113060,113069,114449,9,1380,2,7200,1.00652173913
113076,113087,114493,11,1406,2,7200,1.00782361309
113083,113096,114410,13,1314,2,7200,1.0098934551
113088,113101,116655,13,3554,2,7200,1.00365785031
113115,113122,114552,7,1430,2,7200,1.0048951049
113143,113150,116687,7,3537,2,7200,1.00197907831
113158,113165,116457,7,3292,2,7200,1.00212636695
113175,113184,116800,9,3616,2,7200,1.00248893805
113176,113193,116536,17,3343,2,7200,1.00508525277
113193,113202,114877,9,1675,2,7200,1.00537313433
113200,113210,114500,10,1290,2,7200,1.00775193798
113222,113229,116726,7,3497,2,7200,1.00200171576
113285,113294,114584,9,1290,2,7200,1.00697674419
113286,113303,116687,17,3384,2,7200,1.00502364066
113359,113366,114843,7,1477,2,7200,1.00473933649
113402,113409,114839,7,1430,2,7200,1.0048951049
113427,113434,115455,7,2021,2,7200,1.00346363187
113454,113462,116811,8,3349,2,7200,1.00238877277
113473,113482,114849,9,1367,2,7200,1.00658376006
113480,113491,113573,11,82,1,1800,1.13414634146
113495,113505,115041,10,1536,2,7200,1.00651041667
113584,113591,117125,7,3534,2,7200,1.00198075835
113600,113607,115149,7,1542,2,7200,1.00453955901
113648,113655,117303,7,3648,2,7200,1.00191885965
113697,113705,115198,8,1493,2,7200,1.00535833891
113713,113722,115247,9,1525,2,7200,1.00590163934
113762,113769,115356,7,1587,2,7200,1.00441083806
113790,113797,115309,7,1512,2,7200,1.00462962963
113839,113848,115382,9,1534,2,7200,1.00586701434
113903,113910,117627,7,3717,2,7200,1.00188323917
113931,113940,117411,9,3471,2,7200,1.00259291271
113946,113953,117626,7,3673,2,7200,1.00190579907
113962,113969,117269,7,3300,2,7200,1.00212121212
113988,113995,115611,7,1616,2,7200,1.00433168317
114013,115266,115301,1253,35,8,120,36.8
114013,115001,115036,988,35,8,120,29.2285714286
114013,114893,114930,880,37,8,120,24.7837837838
114013,115100,115137,1087,37,8,120,30.3783783784
114013,115151,115186,1138,35,8,120,33.5142857143
114013,115212,115247,1199,35,8,120,35.2571428571
114013,115050,115086,1037,36,8,120,29.8055555556
114013,114944,114981,931,37,8,120,26.1621621622
114014,115366,115401,1352,35,8,120,39.6285714286
114014,115316,115353,1302,37,8,120,36.1891891892
114101,114110,117495,9,3385,2,7200,1.00265878877
114265,114272,118107,7,3835,2,7200,1.00182529335
114288,114297,115793,9,1496,2,7200,1.00601604278
114319,114326,115781,7,1455,2,7200,1.00481099656
114332,114339,117710,7,3371,2,7200,1.00207653515
114348,114357,117953,9,3596,2,7200,1.00250278087
114382,114391,117820,9,3429,2,7200,1.00262467192
114411,114419,115896,8,1477,2,7200,1.00541638456
114418,114428,115934,10,1506,2,7200,1.00664010624
114437,114445,117947,8,3502,2,7200,1.00228440891
114452,114459,115935,7,1476,2,7200,1.00474254743
114466,114475,117842,9,3367,2,7200,1.00267300267
114473,114484,115919,11,1435,2,7200,1.00766550523
114481,114493,117869,12,3376,2,7200,1.00355450237
114492,114502,115825,10,1323,2,7200,1.00755857899
114500,114510,115810,10,1300,2,7200,1.00769230769
114516,114523,115949,7,1426,2,7200,1.0049088359
114537,114544,116138,7,1594,2,7200,1.00439146801
114553,114562,116189,9,1627,2,7200,1.00553165335
114571,114578,117992,7,3414,2,7200,1.00205038079
114575,114588,114878,13,290,1,1800,1.04482758621
114584,114597,116049,13,1452,2,7200,1.00895316804
114587,114602,118231,15,3629,2,7200,1.00413337007
114679,114686,117991,7,3305,2,7200,1.00211800303
114722,114731,118011,9,3280,2,7200,1.00274390244
114759,114766,118213,7,3447,2,7200,1.00203075138
114814,114823,118192,9,3369,2,7200,1.00267141585
114830,114837,118520,7,3683,2,7200,1.00190062449
114832,114846,118126,14,3280,2,7200,1.00426829268
114847,114857,116369,10,1512,2,7200,1.00661375661
114854,114866,116544,12,1678,2,7200,1.00715137068
114866,114875,118308,9,3433,2,7200,1.00262161375
114875,114884,116185,9,1301,2,7200,1.00691775557
114881,114898,118376,17,3478,2,7200,1.00488786659
114896,114907,116470,11,1563,2,7200,1.00703774792
114896,114912,118361,16,3449,2,7200,1.0046390258
114913,114925,118353,12,3428,2,7200,1.00350058343
114914,114930,118801,16,3871,2,7200,1.00413329889
114916,114935,118386,19,3451,2,7200,1.00550565054
114917,114950,118207,33,3257,2,7200,1.01013202333
114936,114959,118570,23,3611,2,7200,1.00636942675
114951,114968,118655,17,3687,2,7200,1.00461079468
114968,114975,118536,7,3561,2,7200,1.00196573996
114985,114992,118537,7,3545,2,7200,1.00197461213
115001,115010,118578,9,3568,2,7200,1.00252242152
115017,115024,118761,7,3737,2,7200,1.00187316029
115018,115033,118563,15,3530,2,7200,1.00424929178
115020,115039,118545,19,3506,2,7200,1.00541928123
115042,115059,116771,17,1712,2,7200,1.00992990654
115045,115064,118405,19,3341,2,7200,1.00568692008
115105,115117,118543,12,3426,2,7200,1.00350262697
115149,115164,116608,15,1444,2,7200,1.01038781163
115173,115183,118670,10,3487,2,7200,1.00286779467
115189,115198,118969,9,3771,2,7200,1.00238663484
115191,115203,118519,12,3316,2,7200,1.00361881785
115205,115219,116691,14,1472,2,7200,1.00951086957
115219,115232,119062,13,3830,2,7200,1.00339425587
115245,115257,118994,12,3737,2,7200,1.00321113192
115264,115275,118975,11,3700,2,7200,1.00297297297
115280,115290,119033,10,3743,2,7200,1.00267165375
115342,115350,119315,8,3965,2,7200,1.00201765448
115357,115372,119526,15,4154,2,7200,1.00361097737
115379,115389,118827,10,3438,2,7200,1.00290866783
115398,115407,118900,9,3493,2,7200,1.00257658173
115435,115444,115481,9,37,8,120,1.24324324324
115441,115453,118936,12,3483,2,7200,1.00344530577
115463,115473,119084,10,3611,2,7200,1.00276931598
115464,115478,118778,14,3300,2,7200,1.00424242424
115480,115490,118863,10,3373,2,7200,1.00296471983
115495,115502,119053,7,3551,2,7200,1.0019712757
115520,115528,119041,8,3513,2,7200,1.00227725591
115522,115537,119062,15,3525,2,7200,1.00425531915
115544,115551,118921,7,3370,2,7200,1.00207715134
115559,115569,119211,10,3642,2,7200,1.0027457441
115561,115574,119049,13,3475,2,7200,1.00374100719
115635,115642,119384,7,3742,2,7200,1.0018706574
115636,115651,119043,15,3392,2,7200,1.00442216981
115652,115659,119236,7,3577,2,7200,1.00195694716
115691,115698,119258,7,3560,2,7200,1.00196629213
115707,115719,118947,12,3228,2,7200,1.00371747212
115722,115729,119196,7,3467,2,7200,1.00201903663
115724,115739,119249,15,3510,2,7200,1.00427350427
115740,115749,119276,9,3527,2,7200,1.00255174369
115755,115764,118713,9,2949,2,7200,1.00305188199
115764,119436,119565,3672,129,8,120,29.4651162791
115802,115809,118845,7,3036,5,14400,1.00230566535
115813,115820,119188,7,3368,5,14400,1.0020783848
115824,115832,118875,8,3043,5,14400,1.00262898455
115835,115843,118735,8,2892,5,14400,1.00276625173
115838,115850,119493,12,3643,2,7200,1.00329398847
115853,115863,119461,10,3598,2,7200,1.00277932185
115866,115876,118816,10,2940,5,14400,1.00340136054
115869,115885,119395,16,3510,2,7200,1.00455840456
115887,115911,119009,24,3098,5,14400,1.00774693351
115908,115951,118892,43,2941,5,14400,1.01462087725
115918,115932,119604,14,3672,2,7200,1.00381263617
115949,116064,119119,115,3055,5,14400,1.03764320786
115977,115986,119750,9,3764,2,7200,1.00239107333
116010,116017,119744,7,3727,2,7200,1.00187818621
116041,116050,119659,9,3609,2,7200,1.00249376559
116063,116204,119424,141,3220,5,14400,1.04378881988
116090,116103,119900,13,3797,2,7200,1.0034237556
116118,116131,119939,13,3808,2,7200,1.00341386555
116143,116152,119675,9,3523,2,7200,1.00255464093
116168,116175,119479,7,3304,2,7200,1.00211864407
116207,116234,119376,27,3142,5,14400,1.00859325271
116220,116244,119784,24,3540,2,7200,1.00677966102
116222,116280,119768,58,3488,2,7200,1.01662844037
116237,116331,120135,94,3804,2,7200,1.0247108307
116268,116344,119941,76,3597,2,7200,1.02112871838
116317,116384,120017,67,3633,2,7200,1.0184420589
116332,116436,120161,104,3725,2,7200,1.02791946309
116422,116445,119927,23,3482,2,7200,1.0066053992
116438,116471,120160,33,3689,2,7200,1.00894551369
116459,116478,119812,19,3334,2,7200,1.00569886023
116461,116484,119792,23,3308,2,7200,1.0069528416
116476,116493,119991,17,3498,2,7200,1.00485991995
116495,116704,119650,209,2946,5,14400,1.07094365241
116504,116517,120248,13,3731,2,7200,1.00348432056
116538,116550,120565,12,4015,2,7200,1.00298879203
116656,116664,120479,8,3815,2,7200,1.00209698558
116687,116695,120283,8,3588,2,7200,1.0022296544
116689,116713,120183,24,3470,2,7200,1.00691642651
116710,116825,119961,115,3136,5,14400,1.03667091837
116723,116735,120492,12,3757,2,7200,1.0031940378
116738,116747,120114,9,3367,2,7200,1.00267300267
116802,116809,120304,7,3495,2,7200,1.00200286123
116817,117139,120852,322,3713,2,7200,1.08672232696
117125,117283,121089,158,3806,2,7200,1.04151339989
117269,117317,121204,48,3887,2,7200,1.01234885516
117303,117426,121007,123,3581,2,7200,1.0343479475
117413,117510,120960,97,3450,2,7200,1.02811594203
117498,117640,121415,142,3775,2,7200,1.03761589404
117628,117648,121135,20,3487,2,7200,1.00573558933
117630,117730,121211,100,3481,2,7200,1.02872737719
117712,117834,121708,122,3874,2,7200,1.03149199793
117822,117857,121659,35,3802,2,7200,1.00920568122
117844,117883,121608,39,3725,2,7200,1.01046979866
117868,117962,121746,94,3784,2,7200,1.02484143763
117949,117971,121914,22,3943,2,7200,1.00557950799
117964,118006,121851,42,3845,2,7200,1.01092327698
117992,118011,121801,19,3790,2,7200,1.00501319261
117994,118024,121663,30,3639,2,7200,1.00824402308
118013,118121,121815,108,3694,2,7200,1.02923659989
118108,118141,121632,33,3491,2,7200,1.00945287883
118129,118206,121774,77,3568,2,7200,1.02158071749
118194,118222,122073,28,3851,2,7200,1.00727083874
118209,118231,122245,22,4014,2,7200,1.00548081714
118224,118245,121932,21,3687,2,7200,1.00569568755
118240,118322,122160,82,3838,2,7200,1.02136529442
118310,118367,121948,57,3581,2,7200,1.01591734152
118353,118381,121847,28,3466,2,7200,1.00807847663
118369,118389,122070,20,3681,2,7200,1.00543330617
118384,118400,121850,16,3450,2,7200,1.00463768116
118400,118419,121736,19,3317,2,7200,1.00572806753
118416,118533,122284,117,3751,2,7200,1.03119168222
118520,118542,122122,22,3580,2,7200,1.0061452514
118535,118551,122015,16,3464,2,7200,1.00461893764
118551,118560,121973,9,3413,2,7200,1.00263697627
118552,118567,122271,15,3704,2,7200,1.00404967603
118554,118572,121932,18,3360,2,7200,1.00535714286
118555,118581,122327,26,3746,2,7200,1.00694073679
118571,118599,121897,28,3298,2,7200,1.00848999394
118573,118590,122079,17,3489,2,7200,1.00487245629
118590,118670,122265,80,3595,2,7200,1.02225312935
118658,118683,122334,25,3651,2,7200,1.00684743906
118675,118728,122140,53,3412,2,7200,1.01553341149
118715,118749,122006,34,3257,2,7200,1.01043905434
118751,118831,121687,80,2856,5,14400,1.02801120448
118765,118772,122277,7,3505,2,7200,1.00199714693
118781,118788,122122,7,3334,2,7200,1.00209958008
118803,118810,122346,7,3536,2,7200,1.00197963801
118831,118839,122291,8,3452,2,7200,1.0023174971
118844,118859,121836,15,2977,5,14400,1.00503862949
118854,118889,121896,35,3007,5,14400,1.01163950782
118865,118873,122210,8,3337,2,7200,1.0023973629
118886,118905,122345,19,3440,5,14400,1.00552325581
118902,118915,122284,13,3369,2,7200,1.00385871178
118917,118961,121851,44,2890,5,14400,1.01522491349
118923,118930,122776,7,3846,2,7200,1.0018200728
118940,118949,122438,9,3489,2,7200,1.00257953568
118956,118984,122414,28,3430,2,7200,1.00816326531
118971,118993,122405,22,3412,2,7200,1.00644783118
118987,119007,122272,20,3265,2,7200,1.00612557427
119002,119023,122631,21,3608,2,7200,1.00582039911
119020,119055,122375,35,3320,5,14400,1.01054216867
119034,119042,122635,8,3593,2,7200,1.00222655163
119051,119078,122049,27,2971,5,14400,1.00908784921
119051,119064,122262,13,3198,2,7200,1.00406504065
119052,119069,122624,17,3555,2,7200,1.00478199719
119054,119099,122600,45,3501,2,7200,1.01285347044
119070,119133,122450,63,3317,2,7200,1.01899306602
119071,119138,122388,67,3250,2,7200,1.02061538462
119073,119143,122569,70,3426,2,7200,1.02043199066
119088,119202,122630,114,3428,2,7200,1.03325554259
119198,119212,122826,14,3614,2,7200,1.00387382402
119214,119221,122749,7,3528,2,7200,1.00198412698
119239,119246,122929,7,3683,2,7200,1.00190062449
119254,119263,122671,9,3408,2,7200,1.00264084507
119269,119278,122713,9,3435,2,7200,1.00262008734
119285,119294,122774,9,3480,2,7200,1.0025862069
119316,119323,123168,7,3845,2,7200,1.00182054616
119386,119395,122799,9,3404,2,7200,1.0026439483
119401,119412,122926,11,3514,2,7200,1.0031303358
119462,119469,122738,7,3269,2,7200,1.00214132762
119481,119490,123074,9,3584,2,7200,1.00251116071
119496,119503,123249,7,3746,2,7200,1.0018686599
119527,119534,123007,7,3473,2,7200,1.00201554852
119606,119615,122948,9,3333,2,7200,1.00270027003
119661,119670,123450,9,3780,2,7200,1.00238095238
119676,119683,123340,7,3657,2,7200,1.00191413727
119744,119753,123409,9,3656,2,7200,1.00246170678
119759,119769,123094,10,3325,2,7200,1.0030075188
119774,119784,123698,10,3914,2,7200,1.00255493102
119790,119802,123311,12,3509,2,7200,1.00341977771
119805,119814,123380,9,3566,2,7200,1.00252383623
119821,119830,123126,9,3296,2,7200,1.00273058252
119901,119908,123308,7,3400,2,7200,1.00205882353
119928,119935,123407,7,3472,2,7200,1.00201612903
119944,119952,123301,8,3349,2,7200,1.00238877277
119945,119961,123448,16,3487,2,7200,1.00458847147
119991,120000,123565,9,3565,2,7200,1.00252454418
120019,120026,123445,7,3419,2,7200,1.00204738228
120113,120121,123358,8,3237,2,7200,1.00247142416
120135,120142,123769,7,3627,2,7200,1.00192996967
120163,120170,123670,7,3500,2,7200,1.002
120164,120179,123591,15,3412,2,7200,1.00439624853
120186,120193,123673,7,3480,2,7200,1.00201149425
120250,120259,123454,9,3195,2,7200,1.00281690141
120284,120291,123681,7,3390,2,7200,1.00206489676
120305,120314,124143,9,3829,2,7200,1.00235048315
120483,120490,123930,7,3440,2,7200,1.00203488372
120499,120507,124451,8,3944,2,7200,1.00202839757
120564,120572,123804,8,3232,2,7200,1.00247524752
120775,121866,121992,1091,126,8,120,9.65873015873
120854,120863,124352,9,3489,2,7200,1.00257953568
120886,241698,358708,120812,117010,2,345600,2.03249294932
120961,120968,124241,7,3273,2,7200,1.00213871066
121010,121017,124264,7,3247,2,7200,1.00215583616
121089,121098,124571,9,3473,2,7200,1.00259141952
121136,121145,124946,9,3801,2,7200,1.00236779795
121202,121210,136712,8,15502,4,36000,1.00051606244
121203,121701,137404,498,15703,4,36000,1.03171368528
121204,121850,137027,646,15177,4,36000,1.04256440667
121205,121915,137261,710,15346,4,36000,1.04626612798
121206,121218,124580,12,3362,2,7200,1.00356930399
121207,121964,137241,757,15277,4,36000,1.04955161354
121208,122027,137208,819,15181,4,36000,1.05394901522
121209,122063,137844,854,15781,4,36000,1.05411570876
121210,122141,137635,931,15494,4,36000,1.06008777591
121211,122282,137501,1071,15219,4,36000,1.07037256062
121213,122349,137722,1136,15373,4,36000,1.07389579132
121214,122370,137757,1156,15387,4,36000,1.0751283551
121215,122389,137575,1174,15186,4,36000,1.07730804689
121216,122535,137813,1319,15278,4,36000,1.0863332897
121217,122540,138020,1323,15480,4,36000,1.08546511628
121218,123461,138903,2243,15442,4,36000,1.14525320554
121220,123470,138885,2250,15415,4,36000,1.14596172559
121221,121230,124471,9,3241,2,7200,1.0027769207
121221,129477,144887,8256,15410,4,36000,1.5357560026
121222,130053,145209,8831,15156,4,36000,1.58267352864
121223,130226,145381,9003,15155,4,36000,1.59406136589
121224,130301,145611,9077,15310,4,36000,1.59288047028
121226,130330,145460,9104,15130,4,36000,1.60171844019
121227,130387,145814,9160,15427,4,36000,1.59376417968
121228,130568,146364,9340,15796,4,36000,1.59128893391
121229,130773,146853,9544,16080,4,36000,1.59353233831
121230,130927,147101,9697,16174,4,36000,1.59954247558
121232,131070,146523,9838,15453,4,36000,1.6366401346
121233,132888,148500,11655,15612,4,36000,1.74654112221
121234,132913,148319,11679,15406,4,36000,1.75808126704
121235,133387,149427,12152,16040,4,36000,1.75760598504
121416,121424,124665,8,3241,2,7200,1.00246837396
121563,122006,122172,443,166,8,120,3.6686746988
121564,122501,122521,937,20,8,120,47.85
121564,122365,122486,801,121,8,120,7.61983471074
121564,122187,122351,623,164,8,120,4.7987804878
121609,121618,125099,9,3481,2,7200,1.00258546395
121633,121641,125112,8,3471,2,7200,1.00230481129
121661,121668,125146,7,3478,2,7200,1.00201265095
121677,121684,125220,7,3536,2,7200,1.00197963801
121708,121717,125341,9,3624,2,7200,1.00248344371
121737,121744,125504,7,3760,2,7200,1.00186170213
121753,121761,125425,8,3664,2,7200,1.00218340611
121774,121782,125136,8,3354,2,7200,1.00238521169
121802,121811,125122,9,3311,2,7200,1.00271821202
121817,121824,125355,7,3531,2,7200,1.00198244123
121848,121857,125033,9,3176,2,7200,1.00283375315
121864,121875,125329,11,3454,2,7200,1.00318471338
121865,121880,125090,15,3210,2,7200,1.0046728972
121897,121906,125394,9,3488,2,7200,1.00258027523
121916,121925,125334,9,3409,2,7200,1.0026400704
121931,121939,125297,8,3358,2,7200,1.00238237046
121948,121955,125635,7,3680,2,7200,1.00190217391
121949,121969,125423,20,3454,2,7200,1.00579038796
121974,121981,125058,7,3077,2,7200,1.00227494313
122007,122014,125512,7,3498,2,7200,1.00200114351
122024,122035,125615,11,3580,2,7200,1.0030726257
122069,122078,125973,9,3895,2,7200,1.00231065469
122084,122093,125539,9,3446,2,7200,1.00261172374
122086,122101,125525,15,3424,2,7200,1.00438084112
122123,122131,125614,8,3483,2,7200,1.00229687051
122124,122146,125849,22,3703,2,7200,1.00594112881
122139,122155,125853,16,3698,2,7200,1.00432666306
122161,122170,125690,9,3520,2,7200,1.00255681818
122210,122218,125949,8,3731,2,7200,1.00214419727
122247,122256,125754,9,3498,2,7200,1.0025728988
122262,122275,125920,13,3645,2,7200,1.00356652949
122279,122289,126176,10,3887,2,7200,1.00257267816
122280,122295,126072,15,3777,2,7200,1.00397140588
122282,122300,125618,18,3318,2,7200,1.00542495479
122283,122309,125559,26,3250,2,7200,1.008
122300,122314,125975,14,3661,2,7200,1.00382409178
122301,122323,125646,22,3323,2,7200,1.00662052362
122302,122328,125641,26,3313,2,7200,1.00784787202
122328,122335,125945,7,3610,2,7200,1.00193905817
122343,122356,125809,13,3453,2,7200,1.00376484217
122358,122379,125899,21,3520,2,7200,1.00596590909
122390,122401,126129,11,3728,2,7200,1.00295064378
122406,122415,125727,9,3312,2,7200,1.0027173913
122415,122424,136597,9,14173,2,72000,1.00063501023
122421,122432,126126,11,3694,2,7200,1.00297780184
122440,122453,125693,13,3240,2,7200,1.00401234568
122456,122463,126012,7,3549,2,7200,1.00197238659
122554,122613,135394,59,12781,2,72000,1.00461622721
122571,122582,125862,11,3280,2,7200,1.00335365854
122599,122638,126349,39,3711,2,7200,1.01050929669
122627,122645,126203,18,3558,2,7200,1.00505902192
122647,122655,126036,8,3381,2,7200,1.00236616386
122649,122662,126375,13,3713,2,7200,1.00350121196
122650,122685,126095,35,3410,2,7200,1.01026392962
122672,122727,126038,55,3311,2,7200,1.01661129568
122712,122751,126202,39,3451,2,7200,1.01130107215
122736,122763,126521,27,3758,2,7200,1.0071846727
122743,135125,144630,12382,9505,4,14400,2.30268279853
122752,122788,125974,36,3186,2,7200,1.01129943503
122774,122796,128155,22,5359,2,7200,1.00410524352
122789,122813,126259,24,3446,2,7200,1.00696459663
122805,122840,126353,35,3513,2,7200,1.00996299459
122827,122940,126419,113,3479,2,7200,1.03248059787
122925,122948,126522,23,3574,2,7200,1.00643536654
122940,122962,126613,22,3651,2,7200,1.00602574637
122957,123021,126551,64,3530,2,7200,1.01813031161
123009,123088,127010,79,3922,2,7200,1.02014278429
123073,123108,126414,35,3306,2,7200,1.01058681186
123095,123140,126478,45,3338,2,7200,1.01348112642
123126,123182,126647,56,3465,2,7200,1.01616161616
123169,123264,126923,95,3659,2,7200,1.02596337797
123253,123315,126884,62,3569,2,7200,1.01737181283
123302,123324,126402,22,3078,2,7200,1.00714749838
123318,123333,126947,15,3614,2,7200,1.00415052573
123319,123354,126680,35,3326,2,7200,1.01052315093
123341,123372,126804,31,3432,2,7200,1.00903263403
123356,123394,126744,38,3350,2,7200,1.01134328358
123381,123420,127180,39,3760,2,7200,1.01037234043
123406,123429,126810,23,3381,2,7200,1.00680272109
123421,123578,127126,157,3548,2,7200,1.04425028185
123447,123605,127184,158,3579,2,7200,1.04414640961
123448,123683,127490,235,3807,2,7200,1.06172839506
123464,123693,126939,229,3246,2,7200,1.07054836722
123465,123700,127099,235,3399,2,7200,1.06913798176
123567,123711,127383,144,3672,2,7200,1.03921568627
123592,123783,126917,191,3134,2,7200,1.0609444799
123672,123857,127213,185,3356,2,7200,1.05512514899
123673,123945,127700,272,3755,2,7200,1.072436751
123689,124156,127532,467,3376,2,7200,1.13832938389
123704,124255,127539,551,3284,2,7200,1.16778319123
123768,124318,127929,550,3611,2,7200,1.15231237884
123784,123818,123844,34,26,2,120,2.30769230769
123806,124367,128108,561,3741,2,7200,1.14995990377
123932,124465,127627,533,3162,2,7200,1.16856419987
124142,124486,128091,344,3605,2,7200,1.09542302358
124240,124593,128283,353,3690,2,7200,1.09566395664
124266,124280,124305,14,25,2,120,1.56
124267,124679,128253,412,3574,2,7200,1.11527700056
124299,244267,327382,119968,83115,32,86400,2.44339770198
124351,124961,128147,610,3186,2,7200,1.19146264909
124449,125035,128663,586,3628,2,7200,1.16152149945
124474,125048,128395,574,3347,2,7200,1.17149686286
124564,124584,125025,20,441,2,900,1.04535147392
124569,125056,128646,487,3590,2,7200,1.1356545961
124585,125073,128616,488,3543,2,7200,1.1377363816
124665,125105,128533,440,3428,2,7200,1.12835472579
124948,125113,128452,165,3339,2,7200,1.04941599281
124994,125002,179037,8,54035,1,54000,1.00014805219
125036,125125,128609,89,3484,2,7200,1.02554535017
125060,125139,128692,79,3553,2,7200,1.02223473121
125072,129109,130125,4037,1016,1,900,4.97342519685
125091,125151,128508,60,3357,2,7200,1.01787310098
125106,125158,128844,52,3686,2,7200,1.01410743353
125122,125233,128818,111,3585,2,7200,1.0309623431
125123,125312,128817,189,3505,2,7200,1.05392296719
125139,125343,128847,204,3504,2,7200,1.05821917808
125154,125352,128556,198,3204,2,7200,1.06179775281
125221,125359,128670,138,3311,2,7200,1.04167925098
125274,129114,136638,3840,7524,1,54000,1.51036682616
125300,125369,128741,69,3372,2,7200,1.02046263345
125329,125407,128790,78,3383,2,7200,1.02305645876
125344,125437,129067,93,3630,2,7200,1.02561983471
125346,125445,129201,99,3756,2,7200,1.02635782748
125362,125520,129094,158,3574,2,7200,1.04420817012
125396,125528,128798,132,3270,2,7200,1.04036697248
125424,125541,128997,117,3456,2,7200,1.03385416667
125439,125553,129051,114,3498,2,7200,1.03259005146
125507,125574,129392,67,3818,2,7200,1.01754845469
125516,129393,130420,3877,1027,1,900,4.77507302824
125522,125628,129053,106,3425,2,7200,1.03094890511
125523,125634,129155,111,3521,2,7200,1.0315251349
125539,125641,129080,102,3439,2,7200,1.02965978482
125561,125650,129193,89,3543,2,7200,1.02511995484
125615,125657,128777,42,3120,2,7200,1.01346153846
125616,125665,128856,49,3191,2,7200,1.01535568787
125634,125703,129127,69,3424,2,7200,1.02015186916
125635,125712,129439,77,3727,2,7200,1.0206600483
125652,125741,129016,89,3275,2,7200,1.02717557252
125653,125768,129183,115,3415,2,7200,1.0336749634
125693,125823,129298,130,3475,2,7200,1.03741007194
125695,125863,129303,168,3440,2,7200,1.0488372093
125726,125871,129462,145,3591,2,7200,1.04037872459
125754,125880,129012,126,3132,2,7200,1.04022988506
125799,132908,190463,7109,57555,10,57600,1.12351663626
125810,125912,129431,102,3519,2,7200,1.02898550725
125819,132902,133368,7083,466,12,3000,16.1995708155
125847,125934,129377,87,3443,2,7200,1.02526866105
125862,125960,129670,98,3710,2,7200,1.02641509434
125864,125968,129373,104,3405,2,7200,1.03054331865
125898,125987,129663,89,3676,2,7200,1.02421109902
125920,125993,129587,73,3594,2,7200,1.0203116305
125945,126002,129283,57,3281,2,7200,1.01737275221
125962,126028,129514,66,3486,2,7200,1.01893287435
125980,126050,129289,70,3239,2,7200,1.02161160852
125982,126059,129420,77,3361,2,7200,1.02290984826
125983,126086,129399,103,3313,2,7200,1.03108964685
125995,129388,136751,3393,7363,1,61200,1.46081760152
126014,126110,129376,96,3266,2,7200,1.02939375383
126037,126140,129727,103,3587,2,7200,1.02871480346
126041,133382,180529,7341,47147,10,57600,1.1557044987
126052,126149,129495,97,3346,2,7200,1.02898983861
126074,126189,129417,115,3228,2,7200,1.03562577447
126096,126215,129915,119,3700,2,7200,1.03216216216
126129,126223,129778,94,3555,2,7200,1.0264416315
126130,126272,129742,142,3470,2,7200,1.0409221902
126177,126363,129879,186,3516,2,7200,1.05290102389
126202,126370,129890,168,3520,2,7200,1.04772727273
126217,126389,130168,172,3779,2,7200,1.04551468642
126262,126415,130213,153,3798,2,7200,1.04028436019
126318,137221,187888,10903,50667,10,57600,1.21518937375
126351,126429,129967,78,3538,2,7200,1.02204635387
126366,126436,129867,70,3431,2,7200,1.0204022151
126381,126493,130132,112,3639,2,7200,1.03077768618
126403,126533,129864,130,3331,2,7200,1.03902731912
126418,126542,130038,124,3496,2,7200,1.03546910755
126420,126564,129885,144,3321,2,7200,1.0433604336
126479,126629,130314,150,3685,2,7200,1.04070556309
126522,126661,129922,139,3261,2,7200,1.04262496167
126524,126694,130245,170,3551,2,7200,1.04787383836
126551,126758,130172,207,3414,2,7200,1.06063268893
126614,126817,130183,203,3366,2,7200,1.06030897207
126648,126826,130410,178,3584,2,7200,1.04966517857
126651,137275,159498,10624,22223,10,57600,1.47806326779
126682,126900,130185,218,3285,2,7200,1.06636225266
126743,126931,130315,188,3384,2,7200,1.05555555556
126804,126940,130306,136,3366,2,7200,1.0404040404
126819,126954,130374,135,3420,2,7200,1.03947368421
126887,126963,130321,76,3358,2,7200,1.02263251936
126919,127024,130591,105,3567,2,7200,1.02943650126
126935,127113,130532,178,3419,2,7200,1.05206200643
126950,127139,130555,189,3416,2,7200,1.05532786885
126952,127194,130542,242,3348,2,7200,1.07228195938
127011,127202,130288,191,3086,2,7200,1.06189241737
127100,127227,130936,127,3709,2,7200,1.03424103532
127128,127398,130913,270,3515,2,7200,1.07681365576
127178,127504,130907,326,3403,2,7200,1.09579782545
127193,127544,131301,351,3757,2,7200,1.09342560554
127214,127553,131077,339,3524,2,7200,1.09619750284
127385,127640,130827,255,3187,2,7200,1.08001255099
127490,127714,131135,224,3421,2,7200,1.06547793043
127530,127944,131414,414,3470,2,7200,1.11930835735
127546,128106,131783,560,3677,2,7200,1.15229806908
127625,128123,131549,498,3426,2,7200,1.14535901926
127702,128162,131711,460,3549,2,7200,1.12961397577
127930,128170,131551,240,3381,2,7200,1.07098491571
128092,128267,131684,175,3417,2,7200,1.05121451566
128111,128298,131717,187,3419,2,7200,1.05469435507
128149,128409,131867,260,3458,2,7200,1.07518796992
128165,128467,131956,302,3489,2,7200,1.08655775294
128224,136764,137166,8540,402,8,600,22.2437810945
128254,128522,131866,268,3344,2,7200,1.08014354067
128285,128547,131889,262,3342,2,7200,1.07839616996
128395,128569,131841,174,3272,2,7200,1.05317848411
128407,137588,195197,9181,57609,10,57600,1.15936745995
128455,128632,132058,177,3426,2,7200,1.05166374781
128507,128660,132055,153,3395,2,7200,1.04506627393
128521,128623,169849,102,41226,2,43200,1.00247416679
128535,128678,132514,143,3836,2,7200,1.03727841502
128557,128687,131905,130,3218,2,7200,1.04039776259
128610,128755,132432,145,3677,2,7200,1.03943432146
128625,128790,132282,165,3492,2,7200,1.04725085911
128648,128803,132283,155,3480,2,7200,1.04454022989
128663,128815,132254,152,3439,2,7200,1.04419889503
128680,128831,132569,151,3738,2,7200,1.04039593365
128695,128840,132250,145,3410,2,7200,1.04252199413
128697,128708,144659,11,15951,2,43200,1.00068961194
128742,128859,132219,117,3360,2,7200,1.03482142857
128779,128868,132531,89,3663,2,7200,1.0242970243
128795,128876,132229,81,3353,2,7200,1.02415747092
128813,129012,132565,199,3553,2,7200,1.05600900647
128829,129027,132713,198,3686,2,7200,1.05371676614
128830,129036,132752,206,3716,2,7200,1.05543595264
128845,129065,132658,220,3593,2,7200,1.06123016977
128861,129072,132871,211,3799,2,7200,1.05554093182
128862,129081,132706,219,3625,2,7200,1.0604137931
129083,129195,130101,112,906,8,6000,1.12362030905
129196,129303,130163,107,860,8,6000,1.12441860465
129299,129402,130400,103,998,8,6000,1.10320641283
129402,129435,130291,33,856,8,6000,1.03855140187
129433,129601,130462,168,861,8,6000,1.19512195122
129597,129757,130760,160,1003,8,6000,1.15952143569
129762,129894,130751,132,857,8,6000,1.15402567095
129895,129937,131075,42,1138,8,6000,1.03690685413
129937,130114,130961,177,847,8,6000,1.20897284534
130111,130176,131237,65,1061,8,6000,1.06126295947
130173,130196,131057,23,861,8,6000,1.02671312427
130194,130310,131174,116,864,8,6000,1.13425925926
130307,130413,131268,106,855,8,6000,1.12397660819
130410,130476,131337,66,861,8,6000,1.07665505226
130472,130546,131409,74,863,8,6000,1.08574739282
130544,130765,131619,221,854,8,6000,1.25878220141
130577,130604,133958,27,3354,2,7200,1.00805008945
130593,130778,134208,185,3430,2,7200,1.05393586006
130780,130974,131899,194,925,8,6000,1.20972972973
130827,130834,134202,7,3368,2,7200,1.0020783848
130908,130915,134190,7,3275,2,7200,1.00213740458
130923,130949,134340,26,3391,2,7200,1.00766735476
130938,131075,134440,137,3365,2,7200,1.04071322437
130999,131152,132148,153,996,1,900,1.15361445783
131077,131094,131961,17,867,8,6000,1.01960784314
131078,131086,134298,8,3212,2,7200,1.00249066002
131098,131187,132073,89,886,8,6000,1.10045146727
131137,131144,134338,7,3194,2,7200,1.00219160927
131191,131249,132692,58,1443,8,6000,1.04019404019
131253,131282,132216,29,934,8,6000,1.03104925054
131284,131350,132209,66,859,8,6000,1.07683352736
131300,131315,134464,15,3149,2,7200,1.00476341696
131346,131422,132282,76,860,8,6000,1.08837209302
131416,131429,134859,13,3430,2,7200,1.00379008746
131428,131632,132483,204,851,8,6000,1.23971797885
131552,131562,135067,10,3505,2,7200,1.00285306705
131553,131569,135168,16,3599,2,7200,1.00444567936
131634,131912,132830,278,918,8,6000,1.30283224401
131685,131697,134984,12,3287,2,7200,1.00365074536
131713,131724,135282,11,3558,2,7200,1.00309162451
131728,131736,135062,8,3326,2,7200,1.00240529164
131783,131796,135131,13,3335,2,7200,1.00389805097
131841,131854,135516,13,3662,2,7200,1.00354997269
131866,131880,135236,14,3356,2,7200,1.0041716329
131881,131889,135131,8,3242,2,7200,1.00246761258
131897,131904,135289,7,3385,2,7200,1.00206794682
131911,131977,132876,66,899,8,6000,1.07341490545
131913,131922,135406,9,3484,2,7200,1.00258323766
131956,131969,135197,13,3228,2,7200,1.00402726146
131973,132086,132875,113,789,8,6000,1.14321926489
132056,132068,135391,12,3323,2,7200,1.0036111947
132071,132078,135387,7,3309,2,7200,1.00211544273
132087,132235,132876,148,641,8,6000,1.23088923557
132213,132227,132258,14,31,1,120,1.45161290323
132213,132222,132250,9,28,1,120,1.32142857143
132214,132272,132303,58,31,1,120,2.87096774194
132214,132285,132316,71,31,1,120,3.29032258065
132214,132317,132345,103,28,1,120,4.67857142857
132214,132358,132385,144,27,1,120,6.33333333333
132214,132329,132358,115,29,1,120,4.96551724138
132214,132398,132417,184,19,1,120,10.6842105263
132214,132371,132400,157,29,1,120,6.41379310345
132215,132413,132419,198,6,1,120,20.4
132222,132240,135680,18,3440,2,7200,1.00523255814
132237,132247,135794,10,3547,2,7200,1.0028192839
132251,132258,132876,7,618,8,6000,1.01132686084
132253,132266,135858,13,3592,2,7200,1.00361915367
132254,132280,135751,26,3471,2,7200,1.0074906367
132282,132296,132876,14,580,8,6000,1.02413793103
132283,132301,135799,18,3498,2,7200,1.0051457976
132284,132307,135988,23,3681,2,7200,1.00624830209
132303,132496,132876,193,380,8,6000,1.50789473684
132435,132442,135994,7,3552,2,7200,1.00197072072
132499,132705,132876,206,171,8,6000,2.20467836257
132514,132521,136214,7,3693,2,7200,1.00189547793
132530,132537,135985,7,3448,2,7200,1.00203016241
132564,132572,135981,8,3409,2,7200,1.00234672925
132580,132587,136276,7,3689,2,7200,1.00189753321
132659,132668,136140,9,3472,2,7200,1.0025921659
132704,132842,132876,138,34,8,6000,5.05882352941
132709,132717,136299,8,3582,2,7200,1.00223338917
132724,132731,136131,7,3400,2,7200,1.00205882353
132746,133183,133207,437,24,2,120,19.2083333333
132751,132760,136398,9,3638,2,7200,1.00247388675
132863,132918,132948,55,30,1,120,2.83333333333
132863,132893,132923,30,30,1,120,2.0
132864,133062,133088,198,26,1,120,8.61538461538
132864,133102,133130,238,28,1,120,9.5
132864,132938,132966,74,28,1,120,3.64285714286
132864,132962,132990,98,28,1,120,4.5
132864,132978,133008,114,30,1,120,4.8
132864,133021,133050,157,29,1,120,6.41379310345
132864,133004,133170,140,166,1,120,1.84337349398
132865,133302,133332,437,30,1,120,15.5666666667
132865,133269,133296,404,27,1,120,15.962962963
132865,133220,133249,355,29,1,120,13.2413793103
132865,133225,133254,360,29,1,120,13.4137931034
132865,133143,133171,278,28,1,120,10.9285714286
132865,133261,133289,396,28,1,120,15.1428571429
132866,133310,133339,444,29,1,120,16.3103448276
132866,133345,133362,479,17,1,120,29.1764705882
132866,133353,133362,487,9,1,120,49.6
132871,132880,136569,9,3689,2,7200,1.00243968555
133414,133790,133815,376,25,2,120,16.04
133446,133833,133860,387,27,1,120,15.3333333333
133446,133871,133899,425,28,1,120,16.1785714286
133446,133828,133858,382,30,1,120,13.7333333333
133447,133921,133950,474,29,1,120,17.3448275862
133447,133912,133941,465,29,1,120,17.0344827586
133447,133879,133908,432,29,1,120,15.8965517241
133447,133964,133992,517,28,1,120,19.4642857143
133447,134005,134033,558,28,1,120,20.9285714286
133447,133954,133981,507,27,1,120,19.7777777778
133447,133994,134024,547,30,1,120,19.2333333333
133960,133971,137945,11,3974,2,7200,1.00276799195
134087,134100,134127,13,27,1,120,1.48148148148
134087,134095,134123,8,28,1,120,1.28571428571
134088,134144,134176,56,32,1,120,2.75
134088,134238,134268,150,30,1,120,6.0
134088,134136,134164,48,28,1,120,2.71428571429
134088,134190,134217,102,27,1,120,4.77777777778
134088,134177,134205,89,28,1,120,4.17857142857
134088,134233,134262,145,29,1,120,6.0
134089,134403,134431,314,28,1,120,12.2142857143
134089,134371,134402,282,31,1,120,10.0967741935
134089,134363,134389,274,26,1,120,11.5384615385
134089,134316,134346,227,30,1,120,8.56666666667
134089,134327,134355,238,28,1,120,9.5
134089,134283,134314,194,31,1,120,7.25806451613
134089,134275,134302,186,27,1,120,7.88888888889
134090,134465,134495,375,30,1,120,13.5
134090,134487,134516,397,29,1,120,14.6896551724
134090,134416,134446,326,30,1,120,11.8666666667
134090,134482,134511,392,29,1,120,14.5172413793
134090,134444,134475,354,31,1,120,12.4193548387
134091,134533,134562,442,29,1,120,16.2413793103
134091,134525,134551,434,26,1,120,17.6923076923
134091,134496,134524,405,28,1,120,15.4642857143
134091,134508,134537,417,29,1,120,15.3793103448
134091,134541,134572,450,31,1,120,15.5161290323
134092,134550,134580,458,30,1,120,16.2666666667
134092,134594,134622,502,28,1,120,18.9285714286
134092,134585,134611,493,26,1,120,19.9615384615
134092,134574,134603,482,29,1,120,17.6206896552
134092,134565,134593,473,28,1,120,17.8928571429
134093,134624,134655,531,31,1,120,18.1290322581
134093,134606,134636,513,30,1,120,18.1
134093,134634,134665,541,31,1,120,18.4516129032
134093,134616,134645,523,29,1,120,19.0344827586
134093,134649,134676,556,27,1,120,21.5925925926
134094,134703,134732,609,29,1,120,22.0
134094,134678,134707,584,29,1,120,21.1379310345
134094,134669,134699,575,30,1,120,20.1666666667
134094,134658,134690,564,32,1,120,18.625
134094,134689,134718,595,29,1,120,21.5172413793
134095,134712,134741,617,29,1,120,22.275862069
134095,134720,134747,625,27,1,120,24.1481481481
134095,134731,134761,636,30,1,120,22.2
134095,134745,134773,650,28,1,120,24.2142857143
134095,134754,134781,659,27,1,120,25.4074074074
134096,134774,134803,678,29,1,120,24.3793103448
134096,134762,134790,666,28,1,120,24.7857142857
134096,134803,134833,707,30,1,120,24.5666666667
134096,134794,134824,698,30,1,120,24.2666666667
134096,134786,134815,690,29,1,120,24.7931034483
134097,134859,134888,762,29,1,120,27.275862069
134097,134827,134854,730,27,1,120,28.037037037
134097,134816,134847,719,31,1,120,24.1935483871
134097,134867,134896,770,29,1,120,27.5517241379
134097,134837,134866,740,29,1,120,26.5172413793
134097,134847,134874,750,27,1,120,28.7777777778
134098,134927,135089,829,162,1,120,6.11728395062
134098,134909,134935,811,26,1,120,32.1923076923
134098,134883,134914,785,31,1,120,26.3225806452
134098,134891,134919,793,28,1,120,29.3214285714
134098,134901,134929,803,28,1,120,29.6785714286
134099,135021,135048,922,27,1,120,35.1481481481
134099,134989,135017,890,28,1,120,32.7857142857
134099,134935,134968,836,33,1,120,26.3333333333
134099,134943,134970,844,27,1,120,32.2592592593
134099,134981,135009,882,28,1,120,32.5
134099,134950,134979,851,29,1,120,30.3448275862
134100,135089,135117,989,28,1,120,36.3214285714
134100,135083,135111,983,28,1,120,36.1071428571
134100,135078,135108,978,30,1,120,33.6
134100,135061,135090,961,29,1,120,34.1379310345
134100,135031,135060,931,29,1,120,33.1034482759
134195,134205,137381,10,3176,2,7200,1.00314861461
134210,134219,137892,9,3673,2,7200,1.0024503131
134212,134224,137832,12,3608,2,7200,1.00332594235
134301,134308,138123,7,3815,2,7200,1.00183486239
134341,134348,137855,7,3507,2,7200,1.00199600798
134343,134356,137828,13,3472,2,7200,1.00374423963
134440,134452,137964,12,3512,2,7200,1.00341685649
134463,134474,138377,11,3903,2,7200,1.00281834486
134861,134875,138316,14,3441,2,7200,1.00406858471
134986,134997,138233,11,3236,2,7200,1.00339925834
135063,135070,138619,7,3549,2,7200,1.00197238659
135079,135097,138716,18,3619,2,7200,1.00497374965
135131,135143,138846,12,3703,2,7200,1.00324061572
135132,135148,138804,16,3656,2,7200,1.00437636761
135170,135179,138636,9,3457,2,7200,1.00260341336
135198,135206,138668,8,3462,2,7200,1.002310803
135239,135247,138748,8,3501,2,7200,1.00228506141
135284,135292,138881,8,3589,2,7200,1.00222903316
135300,135310,138847,10,3537,2,7200,1.00282725474
135389,135397,138609,8,3212,2,7200,1.00249066002
135390,135405,138927,15,3522,2,7200,1.00425894378
135407,135415,139004,8,3589,2,7200,1.00222903316
135518,135526,138946,8,3420,2,7200,1.00233918129
135680,135687,138997,7,3310,2,7200,1.00211480363
135751,135759,139400,8,3641,2,7200,1.00219719857
135797,135804,139240,7,3436,2,7200,1.00203725262
135799,135812,139369,13,3557,2,7200,1.00365476525
135860,135867,139368,7,3501,2,7200,1.00199942873
135982,135990,139501,8,3511,2,7200,1.00227855312
135998,136006,140274,8,4268,2,7200,1.00187441425
135999,136014,139830,15,3816,2,7200,1.00393081761
136001,136019,139364,18,3345,2,7200,1.00538116592
136131,136138,139430,7,3292,2,7200,1.00212636695
136147,136154,139570,7,3416,2,7200,1.00204918033
136215,136222,139960,7,3738,2,7200,1.00187265918
136276,136283,139772,7,3489,2,7200,1.00200630553
136297,136306,139943,9,3637,2,7200,1.00247456695
136401,136409,139786,8,3377,2,7200,1.00236896654
136569,136578,140120,9,3542,2,7200,1.00254093732
136697,241703,406649,105006,164946,2,172800,1.63660834455
136712,136720,190745,8,54025,1,54000,1.00014807959
136724,136732,136733,8,1,1,36000,1.0
136760,137051,143121,291,6070,1,61200,1.04794069193
136929,137040,141824,111,4784,1,36000,1.02320234114
136962,137045,141762,83,4717,1,36000,1.01759592962
137110,241708,414558,104598,172850,2,172800,1.60513740237
137317,137324,142028,7,4704,1,36000,1.00148809524
137382,137389,141101,7,3712,2,7200,1.00188577586
137439,137447,142281,8,4834,1,36000,1.00165494415
137473,137480,137506,7,26,2,120,1.26923076923
137831,137839,141208,8,3369,2,7200,1.00237459187
137832,137847,141305,15,3458,2,7200,1.0043377675
137847,137855,166689,8,28834,4,28800,1.00027745023
137856,137863,141516,7,3653,2,7200,1.00191623323
137893,137901,141452,8,3551,2,7200,1.00225288651
137947,137956,141270,9,3314,2,7200,1.00271575136
137963,137970,141602,7,3632,2,7200,1.00192731278
138052,138059,138102,7,43,8,36000,1.16279069767
138124,138132,141436,8,3304,2,7200,1.00242130751
138142,138612,138832,470,220,6,300,3.13636363636
138218,138606,174639,388,36033,8,36000,1.0107679072
138234,138241,142086,7,3845,2,7200,1.00182054616
138316,138324,141777,8,3453,2,7200,1.00231682595
138378,138385,141656,7,3271,2,7200,1.00214001834
138611,138619,141867,8,3248,2,7200,1.00246305419
138628,138635,142025,7,3390,2,7200,1.00206489676
138643,138652,142172,9,3520,2,7200,1.00255681818
138671,138679,142339,8,3660,2,7200,1.00218579235
138718,138725,142037,7,3312,2,7200,1.00211352657
138749,138756,142229,7,3473,2,7200,1.00201554852
138799,138807,141928,8,3121,2,7200,1.002563281
138849,138856,142206,7,3350,2,7200,1.00208955224
138850,138864,142538,14,3674,2,7200,1.0038105607
138884,138892,142662,8,3770,2,7200,1.00212201592
138893,138900,139130,7,230,6,300,1.03043478261
138924,138932,142561,8,3629,2,7200,1.00220446404
138947,138955,142390,8,3435,2,7200,1.00232896652
138998,139006,142553,8,3547,2,7200,1.00225542712
139014,139022,142362,8,3340,2,7200,1.00239520958
139070,139078,139157,8,79,8,6000,1.10126582278
139081,139088,139157,7,69,8,6000,1.10144927536
139091,139099,139157,8,58,8,6000,1.13793103448
139128,139171,139509,43,338,6,300,1.12721893491
139241,139249,142765,8,3516,2,7200,1.00227531286
139363,139370,143016,7,3646,2,7200,1.00191991223
139380,139387,142731,7,3344,2,7200,1.00209330144
139381,139395,142749,14,3354,2,7200,1.00417412045
139396,139521,193535,125,54014,2,54000,1.00231421483
139400,139407,142716,7,3309,2,7200,1.00211544273
139432,139440,142763,8,3323,2,7200,1.00240746314
139504,139512,142874,8,3362,2,7200,1.00237953599
139574,139582,143221,8,3639,2,7200,1.00219840616
139735,241720,351084,101985,109364,2,172800,1.93252807139
139773,139780,143167,7,3387,2,7200,1.00206672572
139789,139797,143234,8,3437,2,7200,1.00232761129
139831,139839,143434,8,3595,2,7200,1.00222531293
139946,139953,143649,7,3696,2,7200,1.00189393939
139962,139970,143796,8,3826,2,7200,1.00209095661
139968,140045,140355,77,310,6,300,1.24838709677
140105,140112,140269,7,157,2,54000,1.04458598726
140119,140128,143787,9,3659,2,7200,1.00245968844
140259,140283,194305,24,54022,2,54000,1.00044426345
140276,140291,143484,15,3193,2,7200,1.00469777639
140317,141223,190202,906,48979,2,54000,1.01849772351
140340,141269,141362,929,93,6,300,10.9892473118
141100,141112,144487,12,3375,2,7200,1.00355555556
141208,141215,144729,7,3514,2,7200,1.00199203187
141270,141277,144659,7,3382,2,7200,1.00206978119
141303,141311,144632,8,3321,2,7200,1.00240891298
141414,141422,141450,8,28,2,120,1.28571428571
141438,141446,144754,8,3308,2,7200,1.00241837969
141455,141463,144891,8,3428,2,7200,1.00233372229
141518,141526,144844,8,3318,2,7200,1.00241109102
141546,241725,414563,100179,172838,2,172800,1.57961212233
141604,141612,144956,8,3344,2,7200,1.0023923445
141659,141668,145033,9,3365,2,7200,1.00267459138
141781,141789,144922,8,3133,2,7200,1.00255346313
141867,141874,145307,7,3433,2,7200,1.00203903292
141929,141937,145702,8,3765,2,7200,1.002124834
141998,142006,142032,8,26,2,120,1.30769230769
142025,142032,145699,7,3667,2,7200,1.00190891737
142040,142048,145538,8,3490,2,7200,1.00229226361
142087,142094,145616,7,3522,2,7200,1.0019875071
142171,142179,145840,8,3661,2,7200,1.0021851953
142206,142213,145568,7,3355,2,7200,1.00208643815
142231,142238,145562,7,3324,2,7200,1.00210589651
142296,241714,421724,99418,180010,1,180000,1.55229153936
142341,142349,145746,8,3397,2,7200,1.00235501913
142363,142370,145991,7,3621,2,7200,1.00193316763
142391,142399,145596,8,3197,2,7200,1.00250234595
142540,142548,145671,8,3123,2,7200,1.00256163945
142557,142565,146213,8,3648,2,7200,1.00219298246
142559,142573,145949,14,3376,2,7200,1.00414691943
142662,142669,146016,7,3347,2,7200,1.00209142516
142718,142725,146156,7,3431,2,7200,1.00204022151
142734,142741,146434,7,3693,2,7200,1.00189547793
142750,142757,146094,7,3337,2,7200,1.00209769254
142768,142776,146125,8,3349,2,7200,1.00238877277
142769,142784,146372,15,3588,2,7200,1.00418060201
142876,142883,146454,7,3571,2,7200,1.00196023523
143016,143023,146705,7,3682,2,7200,1.00190114068
143157,143164,197190,7,54026,1,54000,1.00012956725
143168,143175,146591,7,3416,2,7200,1.00204918033
143220,143228,146935,8,3707,2,7200,1.00215807931
143239,143247,146563,8,3316,2,7200,1.00241254524
143292,143299,143301,7,2,2,900,1.0
143321,143328,197338,7,54010,1,54000,1.00012960563
143346,143354,197388,8,54034,1,54000,1.00014805493
143402,144900,145219,1498,319,6,300,5.69592476489
143433,143440,146724,7,3284,2,7200,1.00213154689
143486,143494,146883,8,3389,2,7200,1.00236057834
143636,145687,146066,2051,379,16,600,6.41160949868
143650,143657,147173,7,3516,2,7200,1.00199089875
143789,143797,147348,8,3551,2,7200,1.00225288651
143805,143813,147406,8,3593,2,7200,1.00222655163
144489,144496,147970,7,3474,2,7200,1.00201496834
144635,144643,148642,8,3999,2,7200,1.00200050013
144657,144664,148632,7,3968,2,7200,1.0017641129
144731,144738,148484,7,3746,2,7200,1.0018686599
144756,144763,148068,7,3305,2,7200,1.00211800303
144845,144853,148409,8,3556,2,7200,1.00224971879
144892,144905,148503,13,3598,2,7200,1.0036131184
144920,144928,148333,8,3405,2,7200,1.00234948605
144957,144965,149049,8,4084,2,7200,1.00195886386
145034,145041,148655,7,3614,2,7200,1.00193691201
145184,145191,145199,7,8,8,6000,1.5
145194,145202,145210,8,8,8,6000,1.6
145205,145214,145220,9,6,8,6000,1.5
145215,145225,145233,10,8,8,6000,1.8
145226,145236,145245,10,9,8,6000,1.9
145237,145244,145252,7,8,8,6000,1.5
145247,145255,145266,8,11,8,6000,1.72727272727
145258,145266,145273,8,7,8,6000,1.5
145269,145277,145285,8,8,8,6000,1.6
145279,145288,145297,9,9,8,6000,1.8
145290,145298,145306,8,8,8,6000,1.6
145301,145308,145317,7,9,8,6000,1.6
145307,145316,148752,9,3436,2,7200,1.0026193248
145311,145324,145333,13,9,8,6000,2.2
145322,145332,145341,10,9,8,6000,1.9
145333,145341,145351,8,10,8,6000,1.8
145343,145351,145363,8,12,8,6000,1.66666666667
145354,145362,145372,8,10,8,6000,1.8
145365,145372,145382,7,10,8,6000,1.7
145375,145383,145393,8,10,8,6000,1.8
145386,145393,145405,7,12,8,6000,1.58333333333
145397,145405,145415,8,10,8,6000,1.8
145407,145415,145425,8,10,8,6000,1.8
145418,145425,145436,7,11,8,6000,1.63636363636
145429,145436,145447,7,11,8,6000,1.63636363636
145439,145446,145458,7,12,8,6000,1.58333333333
145450,145458,145470,8,12,8,6000,1.66666666667
145460,145469,145480,9,11,8,6000,1.81818181818
145471,145480,145492,9,12,8,6000,1.75
145482,145491,145505,9,14,8,6000,1.64285714286
145492,145501,145514,9,13,8,6000,1.69230769231
145503,145512,145524,9,12,8,6000,1.75
145514,145523,145535,9,12,8,6000,1.75
145524,145533,145546,9,13,8,6000,1.69230769231
145535,145544,145556,9,12,8,6000,1.75
145540,145552,148925,12,3373,2,7200,1.0035576638
145556,145563,145581,7,18,8,6000,1.38888888889
145566,145576,149238,10,3662,2,7200,1.00273074823
145577,145587,145602,10,15,8,6000,1.66666666667
145582,145595,181349,13,35754,2,43200,1.00036359568
145584,145600,148826,16,3226,2,7200,1.00495970242
145598,145608,145628,10,20,8,6000,1.5
145600,145613,149044,13,3431,2,7200,1.0037889828
145608,145621,145636,13,15,8,6000,1.86666666667
145616,145628,149241,12,3613,2,7200,1.00332133961
145629,145637,145653,8,16,8,6000,1.5
145640,145647,145661,7,14,8,6000,1.5
145651,145659,145672,8,13,8,6000,1.61538461538
145672,145679,149641,7,3962,2,7200,1.00176678445
145701,145709,148977,8,3268,2,7200,1.00244798042
145702,145717,149218,15,3501,2,7200,1.00428449015
145746,145754,149463,8,3709,2,7200,1.00215691561
145841,145849,149297,8,3448,2,7200,1.00232018561
145952,145960,149296,8,3336,2,7200,1.00239808153
145993,146001,149567,8,3566,2,7200,1.00224340998
146016,146024,149716,8,3692,2,7200,1.00216684724
146096,146104,149594,8,3490,2,7200,1.00229226361
146127,146134,149620,7,3486,2,7200,1.00200803213
146158,146165,149761,7,3596,2,7200,1.00194660734
146214,146221,149675,7,3454,2,7200,1.00202663578
146304,146311,146660,7,349,8,6000,1.02005730659
146314,146321,146636,7,315,8,6000,1.02222222222
146325,146332,146676,7,344,8,6000,1.02034883721
146336,146344,146663,8,319,8,6000,1.02507836991
146346,146353,146690,7,337,8,6000,1.02077151335
146357,146364,146679,7,315,8,6000,1.02222222222
146368,146375,146683,7,308,8,6000,1.02272727273
146378,146386,146731,8,345,8,6000,1.0231884058
146389,146396,146731,7,335,8,6000,1.02089552239
146400,146407,146798,7,391,8,6000,1.0179028133
146410,146418,146814,8,396,8,6000,1.0202020202
146421,146428,146753,7,325,8,6000,1.02153846154
146432,146536,146877,104,341,8,6000,1.30498533724
146534,146649,146989,115,340,8,6000,1.33823529412
146647,146674,146982,27,308,8,6000,1.08766233766
146678,146685,147084,7,399,8,6000,1.01754385965
146689,146696,147047,7,351,8,6000,1.01994301994
146699,146708,147056,9,348,8,6000,1.02586206897
146710,146717,147056,7,339,8,6000,1.02064896755
146721,146728,147580,7,852,8,6000,1.00821596244
146731,146740,147152,9,412,8,6000,1.02184466019
146742,146750,147092,8,342,8,6000,1.02339181287
146753,146760,147095,7,335,8,6000,1.02089552239
146763,146770,147693,7,923,8,6000,1.00758396533
146774,146812,147146,38,334,8,6000,1.11377245509
146815,146827,147165,12,338,8,6000,1.03550295858
146826,146891,147261,65,370,8,6000,1.17567567568
146888,146899,147224,11,325,8,6000,1.03384615385
146898,146995,147349,97,354,8,6000,1.27401129944
146991,147003,147358,12,355,8,6000,1.0338028169
147001,147060,147412,59,352,8,6000,1.16761363636
147063,147071,147933,8,862,8,6000,1.00928074246
147074,147081,147417,7,336,8,6000,1.02083333333
147084,147097,147454,13,357,8,6000,1.03641456583
147095,147105,147445,10,340,8,6000,1.02941176471
147106,147113,147507,7,394,8,6000,1.01776649746
147116,147159,147577,43,418,8,6000,1.1028708134
147157,147167,147517,10,350,8,6000,1.02857142857
147168,147178,147500,10,322,8,6000,1.03105590062
147179,147186,147505,7,319,8,6000,1.02194357367
147189,147236,147586,47,350,8,6000,1.13428571429
147241,147274,147616,33,342,8,6000,1.09649122807
147272,147363,147698,91,335,8,6000,1.27164179104
147364,147372,147727,8,355,8,6000,1.02253521127
147375,147425,147760,50,335,8,6000,1.14925373134
147427,147435,147762,8,327,8,6000,1.0244648318
147438,147458,147795,20,337,8,6000,1.05934718101
147459,147466,147798,7,332,8,6000,1.02108433735
147469,147514,147844,45,330,8,6000,1.13636363636
147511,147522,147852,11,330,8,6000,1.03333333333
147522,147530,147882,8,352,8,6000,1.02272727273
147532,147541,147878,9,337,8,6000,1.02670623145
147543,147590,147916,47,326,8,6000,1.14417177914
147595,147603,147950,8,347,8,6000,1.02305475504
147605,147614,147957,9,343,8,6000,1.02623906706
147616,147629,148064,13,435,8,6000,1.02988505747
147627,147706,148058,79,352,8,6000,1.22443181818
147709,147716,148052,7,336,8,6000,1.02083333333
147720,147740,148089,20,349,8,6000,1.05730659026
147740,147773,148134,33,361,8,6000,1.09141274238
147771,147781,148142,10,361,8,6000,1.02770083102
147782,147808,148129,26,321,8,6000,1.08099688474
147813,147820,148210,7,390,8,6000,1.01794871795
147824,147857,148208,33,351,8,6000,1.09401709402
147855,147865,148223,10,358,8,6000,1.02793296089
147866,147891,148219,25,328,8,6000,1.0762195122
147887,147899,148759,12,860,8,6000,1.01395348837
147897,147930,148333,33,403,8,6000,1.08188585608
147928,147947,148291,19,344,8,6000,1.05523255814
147949,147963,148387,14,424,8,6000,1.03301886792
147960,147971,148354,11,383,8,6000,1.02872062663
147971,148066,149021,95,955,8,6000,1.09947643979
148063,148074,148501,11,427,8,6000,1.02576112412
148074,148082,148904,8,822,8,6000,1.0097323601
148084,148093,148437,9,344,8,6000,1.0261627907
148095,148103,148445,8,342,8,6000,1.02339181287
148106,148141,148473,35,332,8,6000,1.10542168675
148137,148148,148483,11,335,8,6000,1.0328358209
148147,148156,149002,9,846,8,6000,1.01063829787
148158,148221,148590,63,369,8,6000,1.17073170732
148220,148229,148575,9,346,8,6000,1.02601156069
148230,148240,149086,10,846,8,6000,1.01182033097
148241,148248,148607,7,359,8,6000,1.01949860724
148252,148303,148656,51,353,8,6000,1.14447592068
148303,148346,148695,43,349,8,6000,1.12320916905
148344,148367,148736,23,369,8,6000,1.06233062331
148365,148400,148765,35,365,8,6000,1.09589041096
148396,148422,148777,26,355,8,6000,1.07323943662
148417,148451,148793,34,342,8,6000,1.09941520468
148448,148459,148822,11,363,8,6000,1.0303030303
148459,148486,148846,27,360,8,6000,1.075
148491,148498,148859,7,361,8,6000,1.01939058172
148501,148516,148950,15,434,8,6000,1.03456221198
148512,148523,148879,11,356,8,6000,1.0308988764
148523,148587,148944,64,357,8,6000,1.17927170868
148585,148604,148947,19,343,8,6000,1.05539358601
148606,148620,148957,14,337,8,6000,1.04154302671
148616,148668,149046,52,378,8,6000,1.13756613757
148668,148708,149115,40,407,8,6000,1.09828009828
148709,148749,149095,40,346,8,6000,1.11560693642
148751,148766,149133,15,367,8,6000,1.0408719346
148761,148774,149134,13,360,8,6000,1.03611111111
148772,148782,149123,10,341,8,6000,1.0293255132
148783,148790,149132,7,342,8,6000,1.02046783626
148794,148806,149180,12,374,8,6000,1.0320855615
148804,148834,149206,30,372,8,6000,1.08064516129
148818,241730,587369,92912,345639,4,345600,1.26881225788
148835,148860,149221,25,361,8,6000,1.06925207756
148856,148872,149234,16,362,8,6000,1.04419889503
148877,148892,149263,15,371,8,6000,1.04043126685
148888,148916,149270,28,354,8,6000,1.0790960452
148919,148958,149321,39,363,8,6000,1.10743801653
148940,241735,587359,92795,345624,4,345600,1.26848540611
148960,148967,149319,7,352,8,6000,1.01988636364
148971,148978,149362,7,384,8,6000,1.01822916667
148981,148989,149356,8,367,8,6000,1.02179836512
148992,149016,149369,24,353,8,6000,1.06798866856
149013,149034,149402,21,368,8,6000,1.05706521739
149034,149057,149420,23,363,8,6000,1.06336088154
149054,149065,149425,11,360,8,6000,1.03055555556
149070,149099,149187,29,88,5,14400,1.32954545455
149101,149109,149171,8,62,5,14400,1.12903225806
149112,149120,149196,8,76,5,14400,1.10526315789
149123,149131,149207,8,76,5,14400,1.10526315789
149133,149140,149220,7,80,5,14400,1.0875
149144,149151,149208,7,57,5,14400,1.12280701754
149155,149162,149217,7,55,5,14400,1.12727272727
149165,149172,149255,7,83,5,14400,1.0843373494
149176,149184,149239,8,55,5,14400,1.14545454545
149186,149193,149250,7,57,5,14400,1.12280701754
149197,149204,149294,7,90,5,14400,1.07777777778
149208,149215,149282,7,67,5,14400,1.10447761194
149219,149227,149277,8,50,5,14400,1.16
149230,149238,149297,8,59,5,14400,1.13559322034
149240,149249,149307,9,58,5,14400,1.15517241379
149251,149258,149315,7,57,5,14400,1.12280701754
149261,149269,149323,8,54,5,14400,1.14814814815
149272,149279,149369,7,90,5,14400,1.07777777778
149283,149290,149362,7,72,5,14400,1.09722222222
149293,149300,149357,7,57,5,14400,1.12280701754
149304,149314,149368,10,54,5,14400,1.18518518519
149315,149321,149370,6,49,5,14400,1.12244897959
149325,149332,149392,7,60,5,14400,1.11666666667
149336,149343,149396,7,53,5,14400,1.1320754717
149346,149353,149402,7,49,5,14400,1.14285714286
149357,149364,149419,7,55,5,14400,1.12727272727
149368,149375,149433,7,58,5,14400,1.12068965517
149378,149387,149436,9,49,5,14400,1.18367346939
149379,149392,149451,13,59,5,14400,1.22033898305
149389,149400,149456,11,56,5,14400,1.19642857143
149390,149405,149452,15,47,5,14400,1.31914893617
149400,149413,149469,13,56,5,14400,1.23214285714
149401,149418,149466,17,48,5,14400,1.35416666667
149411,149426,149484,15,58,5,14400,1.25862068966
149422,149433,149485,11,52,5,14400,1.21153846154
149423,149439,149490,16,51,5,14400,1.3137254902
149433,149447,149499,14,52,5,14400,1.26923076923
149444,149454,149507,10,53,5,14400,1.18867924528
149444,149459,149511,15,52,5,14400,1.28846153846
149455,149472,149546,17,74,5,14400,1.22972972973
149455,149466,149529,11,63,5,14400,1.1746031746
149466,149480,149527,14,47,5,14400,1.29787234043
149477,149493,149548,16,55,5,14400,1.29090909091
149477,149488,149542,11,54,5,14400,1.2037037037
149488,149506,149556,18,50,5,14400,1.36
149488,149501,149555,13,54,5,14400,1.24074074074
149499,149513,149561,14,48,5,14400,1.29166666667
149510,149520,149567,10,47,5,14400,1.21276595745
149510,149526,149577,16,51,5,14400,1.3137254902
149521,149538,149586,17,48,5,14400,1.35416666667
149521,149533,149587,12,54,5,14400,1.22222222222
149532,149546,149594,14,48,5,14400,1.29166666667
149542,149554,149607,12,53,5,14400,1.22641509434
149543,149559,149648,16,89,5,14400,1.1797752809
149553,149567,149650,14,83,5,14400,1.1686746988
149564,149574,149639,10,65,5,14400,1.15384615385
149564,149579,149633,15,54,5,14400,1.27777777778
149575,149586,149635,11,49,5,14400,1.22448979592
149576,149592,149645,16,53,5,14400,1.30188679245
149586,149599,149659,13,60,5,14400,1.21666666667
149597,149612,149662,15,50,5,14400,1.3
149597,149606,149655,9,49,5,14400,1.18367346939
149608,149624,149678,16,54,5,14400,1.2962962963
149608,149619,149666,11,47,5,14400,1.23404255319
149619,149631,149702,12,71,5,14400,1.16901408451
149620,149637,149689,17,52,5,14400,1.32692307692
149630,149644,149697,14,53,5,14400,1.2641509434
149641,149657,149704,16,47,5,14400,1.34042553191
149641,149651,149703,10,52,5,14400,1.19230769231
149652,149670,149726,18,56,5,14400,1.32142857143
149652,149665,149751,13,86,5,14400,1.1511627907
149663,149677,149764,14,87,5,14400,1.16091954023
149673,149685,149737,12,52,5,14400,1.23076923077
149674,149690,149750,16,60,5,14400,1.26666666667
149684,149698,149749,14,51,5,14400,1.27450980392
149695,149711,149760,16,49,5,14400,1.32653061224
149695,149706,149759,11,53,5,14400,1.20754716981
149706,149719,149808,13,89,5,14400,1.14606741573
149717,149725,149778,8,53,5,14400,1.15094339623
149717,149731,149788,14,57,5,14400,1.24561403509
149728,149744,149793,16,49,5,14400,1.32653061224
149728,149738,149795,10,57,5,14400,1.17543859649
149739,149757,149807,18,50,5,14400,1.36
149739,149751,149807,12,56,5,14400,1.21428571429
149750,149764,149817,14,53,5,14400,1.2641509434
149760,149772,149824,12,52,5,14400,1.23076923077
149761,149777,149829,16,52,5,14400,1.30769230769
149771,149784,149836,13,52,5,14400,1.25
149782,149796,149871,14,75,5,14400,1.18666666667
149782,149791,149838,9,47,5,14400,1.1914893617
149793,149809,149855,16,46,5,14400,1.34782608696
149793,149804,149857,11,53,5,14400,1.20754716981
149804,149816,149869,12,53,5,14400,1.22641509434
149804,149821,149883,17,62,5,14400,1.27419354839
149815,149828,149887,13,59,5,14400,1.22033898305
149826,149835,149924,9,89,5,14400,1.10112359551
149826,149840,149895,14,55,5,14400,1.25454545455
149837,149852,149912,15,60,5,14400,1.25
149837,149847,149897,10,50,5,14400,1.2
149848,149864,149918,16,54,5,14400,1.2962962963
149848,149859,149914,11,55,5,14400,1.2
149859,149872,149926,13,54,5,14400,1.24074074074
149870,149885,149931,15,46,5,14400,1.32608695652
149870,149879,149966,9,87,5,14400,1.10344827586
149881,149892,149941,11,49,5,14400,1.22448979592
149881,149897,149957,16,60,5,14400,1.26666666667
149892,149905,149954,13,49,5,14400,1.26530612245
149902,149912,149960,10,48,5,14400,1.20833333333
149903,149918,149973,15,55,5,14400,1.27272727273
149913,149925,149978,12,53,5,14400,1.22641509434
149914,149930,149979,16,49,5,14400,1.32653061224
149924,149938,149995,14,57,5,14400,1.24561403509
149935,149945,150004,10,59,5,14400,1.16949152542
149935,149950,150000,15,50,5,14400,1.3
149946,149962,150043,16,81,5,14400,1.1975308642
149946,149957,150004,11,47,5,14400,1.23404255319
149957,149969,150022,12,53,5,14400,1.22641509434
149968,149976,150031,8,55,5,14400,1.14545454545
149983,149994,150313,11,319,8,6000,1.03448275862
149983,149989,150307,6,318,8,6000,1.01886792453
149994,150002,150369,8,367,8,6000,1.02179836512
149994,150008,150340,14,332,8,6000,1.0421686747
150005,150015,150342,10,327,8,6000,1.03058103976
150005,150021,150342,16,321,8,6000,1.04984423676
150016,150033,150364,17,331,8,6000,1.05135951662
150016,150028,150337,12,309,8,6000,1.03883495146
150027,150040,150364,13,324,8,6000,1.04012345679
150038,150047,150373,9,326,8,6000,1.02760736196
150038,150052,150420,14,368,8,6000,1.03804347826
150049,150059,150373,10,314,8,6000,1.03184713376
150059,150065,150381,6,316,8,6000,1.01898734177
150070,150076,150430,6,354,8,6000,1.01694915254
150080,150087,150426,7,339,8,6000,1.02064896755
150091,150097,150457,6,360,8,6000,1.01666666667
150102,150108,150544,6,436,8,6000,1.01376146789
150112,150119,150460,7,341,8,6000,1.02052785924
150123,150130,150490,7,360,8,6000,1.01944444444
150134,150144,150960,10,816,8,6000,1.01225490196
150144,150152,150522,8,370,8,6000,1.02162162162
150156,150163,150501,7,338,8,6000,1.02071005917
150166,150173,150509,7,336,8,6000,1.02083333333
150177,150184,151019,7,835,8,6000,1.00838323353
150188,150194,150505,6,311,8,6000,1.0192926045
150198,150319,150671,121,352,8,6000,1.34375
150321,150328,150658,7,330,8,6000,1.02121212121
150331,150349,150672,18,323,8,6000,1.05572755418
150352,150359,150711,7,352,8,6000,1.01988636364
150363,150370,150777,7,407,8,6000,1.0171990172
150374,150381,150717,7,336,8,6000,1.02083333333
150384,150391,151239,7,848,8,6000,1.00825471698
150395,150401,150751,6,350,8,6000,1.01714285714
150405,150413,150743,8,330,8,6000,1.02424242424
150416,150423,150780,7,357,8,6000,1.01960784314
150427,150434,150819,7,385,8,6000,1.01818181818
150437,150444,150789,7,345,8,6000,1.02028985507
150448,150455,150827,7,372,8,6000,1.0188172043
150458,150466,150786,8,320,8,6000,1.025
150469,150476,150787,7,311,8,6000,1.02250803859
150480,150487,150842,7,355,8,6000,1.01971830986
150490,150498,150824,8,326,8,6000,1.0245398773
150501,150508,150847,7,339,8,6000,1.02064896755
150512,150520,150940,8,420,8,6000,1.01904761905
150522,150530,150902,8,372,8,6000,1.02150537634
150533,150540,150882,7,342,8,6000,1.02046783626
150544,150551,150883,7,332,8,6000,1.02108433735
150554,150561,151079,7,518,8,6000,1.01351351351
150565,150671,151006,106,335,8,6000,1.31641791045
150667,150684,151029,17,345,8,6000,1.04927536232
150688,150696,151064,8,368,8,6000,1.02173913043
150699,150723,151074,24,351,8,6000,1.06837606838
150720,150731,151065,11,334,8,6000,1.03293413174
150730,150756,151096,26,340,8,6000,1.07647058824
150761,150769,151118,8,349,8,6000,1.0229226361
150772,150789,151137,17,348,8,6000,1.04885057471
150778,241741,414568,90963,172827,2,172800,1.52632401187
150793,150800,151158,7,358,8,6000,1.01955307263
150804,150811,151144,7,333,8,6000,1.02102102102
150814,150821,151166,7,345,8,6000,1.02028985507
150825,150834,151180,9,346,8,6000,1.02601156069
150835,150843,151200,8,357,8,6000,1.02240896359
150846,150853,151180,7,327,8,6000,1.02140672783
150857,150864,151213,7,349,8,6000,1.02005730659
150867,150874,151216,7,342,8,6000,1.02046783626
150878,150885,151267,7,382,8,6000,1.01832460733
150889,150896,151425,7,529,8,6000,1.01323251418
150899,150906,151785,7,879,8,6000,1.00796359499
150910,150917,151267,7,350,8,6000,1.02
150921,150952,151300,31,348,8,6000,1.08908045977
150952,150972,151358,20,386,8,6000,1.0518134715
150972,151018,151364,46,346,8,6000,1.13294797688
151014,151031,152015,17,984,8,6000,1.01727642276
151034,151041,151406,7,365,8,6000,1.01917808219
151045,151076,151953,31,877,8,6000,1.03534777651
151076,151084,151431,8,347,8,6000,1.02305475504
151087,151094,151445,7,351,8,6000,1.01994301994
151097,151105,151445,8,340,8,6000,1.02352941176
151108,151115,151451,7,336,8,6000,1.02083333333
151119,151130,151968,11,838,8,6000,1.01312649165
151129,151149,151499,20,350,8,6000,1.05714285714
151150,151158,151516,8,358,8,6000,1.02234636872
151161,151170,152013,9,843,8,6000,1.01067615658
151171,151178,151541,7,363,8,6000,1.01928374656
151182,151192,151557,10,365,8,6000,1.02739726027
151193,151201,151541,8,340,8,6000,1.02352941176
151203,151213,151575,10,362,8,6000,1.02762430939
151215,151225,151616,10,391,8,6000,1.02557544757
151226,151232,151593,6,361,8,6000,1.01662049861
151237,151251,151624,14,373,8,6000,1.03753351206
151247,151279,151660,32,381,8,6000,1.08398950131
151278,151286,151640,8,354,8,6000,1.02259887006
151289,151313,151879,24,566,8,6000,1.04240282686
151310,151370,151818,60,448,8,6000,1.13392857143
151345,241746,319299,90401,77553,2,172800,2.16566735007
151371,151379,151760,8,381,8,6000,1.02099737533
151382,151418,151783,36,365,8,6000,1.09863013699
151413,151437,151783,24,346,8,6000,1.06936416185
151434,151444,151786,10,342,8,6000,1.02923976608
151699,151706,155108,7,3402,2,7200,1.00205761317
151700,151713,155189,13,3476,2,7200,1.00373993096
151701,151718,155196,17,3478,2,7200,1.00488786659
151702,151723,155331,21,3608,2,7200,1.00582039911
151704,151728,155219,24,3491,2,7200,1.00687482097
151705,151733,155068,28,3335,2,7200,1.0083958021
151706,151739,155270,33,3531,2,7200,1.00934579439
151708,151746,155407,38,3661,2,7200,1.01037967768
151709,151751,155268,42,3517,2,7200,1.01194199602
151711,151756,155272,45,3516,2,7200,1.01279863481
151712,151761,154945,49,3184,2,7200,1.01538944724
151713,151766,155127,53,3361,2,7200,1.01576911633
151715,151772,155365,57,3593,2,7200,1.01586418035
151716,151777,155379,61,3602,2,7200,1.01693503609
151717,151782,155647,65,3865,2,7200,1.01681759379
151719,151787,154870,68,3083,2,7200,1.02205643853
151720,151794,155042,74,3248,2,7200,1.02278325123
151721,151799,155141,78,3342,2,7200,1.02333931777
151723,151804,155058,81,3254,2,7200,1.02489244007
151724,151809,155113,85,3304,2,7200,1.02572639225
151725,151815,155256,90,3441,2,7200,1.02615518745
151727,151820,155111,93,3291,2,7200,1.02825888788
151728,151825,155424,97,3599,2,7200,1.02695193109
151729,151830,154962,101,3132,2,7200,1.03224776501
151731,151835,155566,104,3731,2,7200,1.02787456446
151732,151841,155349,109,3508,2,7200,1.0310718358
151733,151846,154909,113,3063,2,7200,1.03689193601
151735,151851,155317,116,3466,2,7200,1.03346797461
151736,151856,155006,120,3150,2,7200,1.0380952381
151737,151862,155404,125,3542,2,7200,1.03529079616
151739,151867,155569,128,3702,2,7200,1.03457590492
151740,151875,155277,135,3402,2,7200,1.03968253968
151741,151880,155181,139,3301,2,7200,1.04210845198
151743,151885,155259,142,3374,2,7200,1.04208654416
151744,151890,155441,146,3551,2,7200,1.04111517882
151745,151896,155371,151,3475,2,7200,1.04345323741
151747,151901,155496,154,3595,2,7200,1.04283727399
151748,151906,155318,158,3412,2,7200,1.04630715123
151749,151911,155181,162,3270,2,7200,1.0495412844
151751,151917,155701,166,3784,2,7200,1.04386892178
152060,152067,152900,7,833,8,6000,1.00840336134
153228,153235,154105,7,870,8,6000,1.00804597701
153238,153245,154138,7,893,8,6000,1.0078387458
153249,153256,154146,7,890,8,6000,1.00786516854
153260,153266,154085,6,819,8,6000,1.00732600733
153270,153278,154098,8,820,8,6000,1.00975609756
153281,153288,154115,7,827,8,6000,1.0084643289
153292,153299,154129,7,830,8,6000,1.00843373494
153302,153309,154280,7,971,8,6000,1.00720906282
153313,153320,154243,7,923,8,6000,1.00758396533
153324,153330,154163,6,833,8,6000,1.00720288115
153334,153341,154176,7,835,8,6000,1.00838323353
153345,153352,154201,7,849,8,6000,1.00824499411
153356,153362,154334,6,972,8,6000,1.00617283951
153366,153373,154217,7,844,8,6000,1.00829383886
153377,153384,154232,7,848,8,6000,1.00825471698
153388,154097,154926,709,829,8,6000,1.85524728589
154093,154110,154959,17,849,8,6000,1.02002355713
154114,154121,155023,7,902,8,6000,1.00776053215
154125,154132,154959,7,827,8,6000,1.0084643289
154135,154143,155008,8,865,8,6000,1.00924855491
154146,154153,154984,7,831,8,6000,1.00842358604
154157,154164,155101,7,937,8,6000,1.00747065101
154167,154175,155024,8,849,8,6000,1.00942285041
154178,154188,155025,10,837,8,6000,1.0119474313
154189,154213,155032,24,819,8,6000,1.0293040293
154210,154229,155840,19,1611,8,6000,1.01179391682
154231,154244,155086,13,842,8,6000,1.01543942993
154241,154255,155104,14,849,8,6000,1.01648998822
154252,154292,155121,40,829,8,6000,1.0482509047
154293,154346,155221,53,875,8,6000,1.06057142857
154345,154939,155800,594,861,8,6000,1.68989547038
154937,154971,155807,34,836,8,6000,1.04066985646
154969,154978,155812,9,834,8,6000,1.01079136691
154979,154986,155828,7,842,8,6000,1.00831353919
154990,154997,155913,7,916,8,6000,1.0076419214
155001,155020,155847,19,827,8,6000,1.02297460701
155022,155035,155882,13,847,8,6000,1.01534828808
155033,155042,155905,9,863,8,6000,1.01042873696
155043,155050,155911,7,861,8,6000,1.0081300813
155054,155061,155896,7,835,8,6000,1.00838323353
155065,155080,156035,15,955,8,6000,1.01570680628
155086,155098,155986,12,888,8,6000,1.01351351351
155096,155113,156571,17,1458,8,6000,1.01165980796
155117,155125,155965,8,840,8,6000,1.00952380952
155128,155135,156286,7,1151,8,6000,1.00608166811
155138,155146,156046,8,900,8,6000,1.00888888889
155149,155201,156119,52,918,8,6000,1.05664488017
155201,155234,156069,33,835,8,6000,1.03952095808
155232,155271,156110,39,839,8,6000,1.04648390942
155273,155289,156224,16,935,8,6000,1.01711229947
155294,155363,156226,69,863,8,6000,1.07995365006
155366,155417,156280,51,863,8,6000,1.05909617613
155417,155509,156364,92,855,8,6000,1.10760233918
155509,155714,156546,205,832,8,6000,1.24639423077
155714,155813,156651,99,838,8,6000,1.11813842482
155816,155824,156665,8,841,8,6000,1.00951248514
155827,155834,156813,7,979,8,6000,1.00715015322
155837,155844,156702,7,858,8,6000,1.00815850816
155848,155855,156737,7,882,8,6000,1.00793650794
155858,155866,157067,8,1201,8,6000,1.00666111574
155869,155895,156793,26,898,8,6000,1.0289532294
155900,155909,156928,9,1019,8,6000,1.00883218842
155911,155919,156773,8,854,8,6000,1.0093676815
155921,155929,156890,8,961,8,6000,1.00832466181
155932,155939,156783,7,844,8,6000,1.00829383886
155943,155979,156821,36,842,8,6000,1.04275534442
155984,155999,156976,15,977,8,6000,1.0153531218
155995,156048,156906,53,858,8,6000,1.06177156177
156046,156058,156923,12,865,8,6000,1.01387283237
156057,156081,156980,24,899,8,6000,1.02669632925
156077,156123,157376,46,1253,8,6000,1.03671189146
156129,156136,156980,7,844,8,6000,1.00829383886
156139,156237,157107,98,870,8,6000,1.11264367816
156242,156249,157191,7,942,8,6000,1.00743099788
156252,156293,157272,41,979,8,6000,1.04187946885
156294,156301,157158,7,857,8,6000,1.008168028
156304,156377,157333,73,956,8,6000,1.07635983264
156376,156558,157507,182,949,8,6000,1.19178082192
156560,156584,157437,24,853,8,6000,1.02813599062
156581,156664,157524,83,860,8,6000,1.09651162791
156663,156678,157602,15,924,8,6000,1.01623376623
156674,156714,157550,40,836,8,6000,1.04784688995
156715,156749,157603,34,854,8,6000,1.03981264637
156746,156786,157652,40,866,8,6000,1.04618937644
156787,156796,157643,9,847,8,6000,1.0106257379
156798,156805,157672,7,867,8,6000,1.00807381776
156809,156827,157676,18,849,8,6000,1.02120141343
156829,156837,157687,8,850,8,6000,1.00941176471
156840,156902,157785,62,883,8,6000,1.07021517554
156902,156920,157820,18,900,8,6000,1.02
156923,156935,157780,12,845,8,6000,1.01420118343
156933,156943,157860,10,917,8,6000,1.01090512541
156944,156988,157920,44,932,8,6000,1.04721030043
156985,156997,157977,12,980,8,6000,1.01224489796
156996,157004,158010,8,1006,8,6000,1.00795228628
157006,157079,157935,73,856,8,6000,1.08528037383
157078,157120,157976,42,856,8,6000,1.04906542056
157119,157171,158035,52,864,8,6000,1.06018518519
157171,157204,158091,33,887,8,6000,1.03720405862
157202,157285,158140,83,855,8,6000,1.09707602339
157284,157346,158201,62,855,8,6000,1.07251461988
157346,157388,158339,42,951,8,6000,1.04416403785
157387,157449,158309,62,860,8,6000,1.07209302326
157395,241687,277709,84292,36022,18,36000,3.34001443562
157449,157521,158474,72,953,8,6000,1.07555089192
157521,157536,158395,15,859,8,6000,1.01746216531
157542,157562,158441,20,879,8,6000,1.02275312856
157562,157615,158478,53,863,8,6000,1.06141367323
157614,157622,158487,8,865,8,6000,1.00924855491
157624,157657,158503,33,846,8,6000,1.0390070922
157656,157666,158556,10,890,8,6000,1.01123595506
157666,157684,158545,18,861,8,6000,1.02090592334
157687,157694,158569,7,875,8,6000,1.008
157698,157705,158569,7,864,8,6000,1.00810185185
157708,157793,158738,85,945,8,6000,1.08994708995
157775,241693,241702,83918,9,18,36000,8392.7
157790,157801,158660,11,859,8,6000,1.01280558789
157801,157832,158698,31,866,8,6000,1.03579676674
157832,157873,158734,41,861,8,6000,1.04761904762
157868,157933,160509,65,2576,5,14400,1.02523291925
157930,157947,160589,17,2642,5,14400,1.0064345193
157951,157958,160292,7,2334,5,14400,1.0029991431
157961,157988,160380,27,2392,5,14400,1.01128762542
157992,157999,160581,7,2582,5,14400,1.00271107668
158003,158010,160329,7,2319,5,14400,1.00301854248
158014,158024,160509,10,2485,5,14400,1.00402414487
158024,158032,160365,8,2333,5,14400,1.00342906129
158035,158047,160295,12,2248,5,14400,1.00533807829
158046,158104,160663,58,2559,5,14400,1.02266510356
158107,158114,160343,7,2229,5,14400,1.00314042171
158118,158153,160934,35,2781,5,14400,1.01258540093
158149,158160,160522,11,2362,5,14400,1.00465707028
158159,158214,160747,55,2533,5,14400,1.02171338334
158211,158321,161087,110,2766,5,14400,1.03976861894
158323,158330,160852,7,2522,5,14400,1.00277557494
158334,158351,160860,17,2509,5,14400,1.00677560781
158355,158408,161075,53,2667,5,14400,1.01987251594
158406,158415,161071,9,2656,5,14400,1.00338855422
158417,158454,161037,37,2583,5,14400,1.01432442896
158458,158465,161333,7,2868,5,14400,1.00244072524
158469,158487,160856,18,2369,5,14400,1.00759814268
158490,158497,161207,7,2710,5,14400,1.00258302583
158500,158507,161148,7,2641,5,14400,1.00265051117
158511,158519,160910,8,2391,5,14400,1.00334588038
158522,158530,161353,8,2823,5,14400,1.00283386468
158532,158540,160857,8,2317,5,14400,1.00345274061
158543,158558,160937,15,2379,5,14400,1.00630517024
158554,158565,160934,11,2369,5,14400,1.00464330941
158564,158573,161190,9,2617,5,14400,1.00343905235
158575,158583,161190,8,2607,5,14400,1.0030686613
158586,158593,161034,7,2441,5,14400,1.00286767718
158596,158604,161316,8,2712,5,14400,1.00294985251
158607,158672,161413,65,2741,5,14400,1.023713973
158668,158679,161132,11,2453,5,14400,1.00448430493
158679,158711,161533,32,2822,5,14400,1.01133947555
158710,158719,161045,9,2326,5,14400,1.00386930353
158721,158747,161219,26,2472,5,14400,1.01051779935
158752,158760,160970,8,2210,5,14400,1.0036199095
158763,158770,161117,7,2347,5,14400,1.00298253089
158773,159511,161987,738,2476,5,14400,1.29806138934
159504,241751,241768,82247,17,2,72000,4839.05882353
159508,159519,161887,11,2368,5,14400,1.00464527027
159519,160305,162577,786,2272,5,14400,1.34595070423
159782,160536,160538,754,2,2,3540,75.6
160305,160313,162664,8,2351,5,14400,1.00340280732
160315,160342,163127,27,2785,5,14400,1.00969479354
160347,160358,162901,11,2543,5,14400,1.00432559969
160357,160378,163022,21,2644,5,14400,1.00794251135
160378,160392,163424,14,3032,5,14400,1.00461741425
160389,160522,163009,133,2487,5,14400,1.05347808605
160522,160529,162930,7,2401,5,14400,1.0029154519
160533,160552,163351,19,2799,5,14400,1.00678813862
160553,160594,162894,41,2300,5,14400,1.01782608696
160595,160602,162864,7,2262,5,14400,1.00309460654
160605,160675,162855,70,2180,5,14400,1.03211009174
160677,160760,163288,83,2528,5,14400,1.03283227848
160759,160865,163327,106,2462,5,14400,1.04305442729
160862,160872,163807,10,2935,5,14400,1.00340715503
160872,160880,163360,8,2480,5,14400,1.00322580645
160883,160891,163389,8,2498,5,14400,1.00320256205
160894,160923,163675,29,2752,5,14400,1.0105377907
160925,160946,163834,21,2888,5,14400,1.00727146814
160946,160954,163306,8,2352,5,14400,1.00340136054
160956,160963,163317,7,2354,5,14400,1.00297366185
160967,160983,163303,16,2320,5,14400,1.00689655172
160988,161047,163831,59,2784,5,14400,1.02119252874
161049,161058,163557,9,2499,5,14400,1.00360144058
161060,161068,163474,8,2406,5,14400,1.00332502078
161071,161084,163736,13,2652,5,14400,1.00490196078
161081,161092,163906,11,2814,5,14400,1.0039090263
161092,161099,163878,7,2779,5,14400,1.00251889169
161103,161130,163964,27,2834,5,14400,1.00952717008
161134,161146,163766,12,2620,5,14400,1.00458015267
161144,161160,163471,16,2311,5,14400,1.00692340978
161165,161203,163391,38,2188,5,14400,1.01736745887
161207,161214,163740,7,2526,5,14400,1.00277117973
161217,161224,163557,7,2333,5,14400,1.00300042863
161228,161235,163929,7,2694,5,14400,1.00259836674
161239,161330,163764,91,2434,5,14400,1.03738701726
161331,161351,164321,20,2970,5,14400,1.00673400673
161352,161366,163684,14,2318,5,14400,1.00603968939
161363,161427,164172,64,2745,5,14400,1.0233151184
161424,161546,164409,122,2863,5,14400,1.04261264408
161547,161900,164656,353,2756,5,14400,1.12808417997
161905,162000,164536,95,2536,5,14400,1.03746056782
161997,162589,164887,592,2298,5,14400,1.25761531767
162589,162678,165442,89,2764,5,14400,1.03219971056
162681,162868,165822,187,2954,5,14400,1.06330399458
162866,162879,165160,13,2281,5,14400,1.00569925471
162876,162907,165280,31,2373,5,14400,1.01306363253
162907,162915,165211,8,2296,5,14400,1.00348432056
162918,162942,165251,24,2309,5,14400,1.01039411
162939,163022,165952,83,2930,5,14400,1.02832764505
163021,163035,165313,14,2278,5,14400,1.00614574188
163031,163140,165750,109,2610,5,14400,1.04176245211
163144,163300,166650,156,3350,5,14400,1.04656716418
163298,163316,165925,18,2609,5,14400,1.00689919509
163318,163327,166005,9,2678,5,14400,1.00336071695
163329,163337,165821,8,2484,5,14400,1.00322061192
163340,163347,165746,7,2399,5,14400,1.00291788245
163350,163364,166025,14,2661,5,14400,1.00526118001
163361,163375,166131,14,2756,5,14400,1.00507982583
163372,163403,166146,31,2743,5,14400,1.01130149471
163403,163410,166425,7,3015,5,14400,1.00232172471
163413,163436,165826,23,2390,5,14400,1.00962343096
163434,163485,166414,51,2929,5,14400,1.01741208604
163486,163495,166217,9,2722,5,14400,1.00330639236
163497,163570,165979,73,2409,5,14400,1.0303030303
163569,163579,165999,10,2420,5,14400,1.0041322314
163579,163688,166051,109,2363,5,14400,1.04612780364
163692,163700,166244,8,2544,5,14400,1.00314465409
163703,163749,166393,46,2644,5,14400,1.017397882
163744,163757,166059,13,2302,5,14400,1.00564726325
163755,163778,166328,23,2550,5,14400,1.00901960784
163776,163786,166761,10,2975,5,14400,1.00336134454
163787,163821,166422,34,2601,5,14400,1.01307189542
163818,163845,166143,27,2298,5,14400,1.01174934726
163849,163856,167404,7,3548,5,14400,1.0019729425
163859,163891,166128,32,2237,5,14400,1.0143048726
163896,163942,164957,46,1015,8,6000,1.04532019704
163947,163978,164836,31,858,8,6000,1.03613053613
163978,164334,165242,356,908,8,6000,1.39207048458
164117,241757,247401,77640,5644,1,86400,14.7562012757
164336,164423,165248,87,825,8,6000,1.10545454545
164428,164669,165500,241,831,8,6000,1.29001203369
164673,164849,165673,176,824,8,6000,1.21359223301
164847,164970,165796,123,826,8,6000,1.14891041162
164970,165173,166011,203,838,8,6000,1.24224343675
165168,165224,166077,56,853,8,6000,1.06565064478
165220,165255,166161,35,906,8,6000,1.03863134658
165251,165263,166096,12,833,8,6000,1.0144057623
165261,165293,166113,32,820,8,6000,1.03902439024
165292,165326,166160,34,834,8,6000,1.04076738609
165323,165513,166401,190,888,8,6000,1.21396396396
165518,165686,166506,168,820,8,6000,1.20487804878
165681,165759,166630,78,871,8,6000,1.08955223881
165763,165808,166712,45,904,8,6000,1.04977876106
165805,165833,166673,28,840,8,6000,1.03333333333
165836,165844,166739,8,895,8,6000,1.00893854749
165846,165938,166775,92,837,8,6000,1.10991636798
165939,165965,166799,26,834,8,6000,1.03117505995
165970,166012,166929,42,917,8,6000,1.04580152672
166011,166025,166865,14,840,8,6000,1.01666666667
166022,166037,166976,15,939,8,6000,1.01597444089
166042,166064,166928,22,864,8,6000,1.02546296296
166063,166090,166998,27,908,8,6000,1.02973568282
166094,166109,167393,15,1284,8,6000,1.01168224299
166105,166126,167382,21,1256,8,6000,1.01671974522
166126,166141,166983,15,842,8,6000,1.01781472684
166136,166149,166995,13,846,8,6000,1.01536643026
166147,166159,166994,12,835,8,6000,1.01437125749
166158,166172,167442,14,1270,8,6000,1.01102362205
166168,166179,167021,11,842,8,6000,1.01306413302
166179,166258,167079,79,821,8,6000,1.09622411693
166261,166341,167207,80,866,8,6000,1.09237875289
166343,166413,167277,70,864,8,6000,1.08101851852
166415,166427,167328,12,901,8,6000,1.01331853496
166425,166435,167311,10,876,8,6000,1.01141552511
166436,166519,167363,83,844,8,6000,1.09834123223
166518,166642,167545,124,903,8,6000,1.1373200443
166641,166663,167533,22,870,8,6000,1.02528735632
166661,166685,167541,24,856,8,6000,1.02803738318
166682,166726,167571,44,845,8,6000,1.05207100592
166723,166753,167591,30,838,8,6000,1.03579952267
166754,166774,167615,20,841,8,6000,1.02378121284
166775,166789,167640,14,851,8,6000,1.01645123384
166786,166812,167743,26,931,8,6000,1.02792696026
166817,166877,167711,60,834,8,6000,1.07194244604
166879,166942,167777,63,835,8,6000,1.0754491018
166940,166949,167813,9,864,8,6000,1.01041666667
166951,166988,167853,37,865,8,6000,1.04277456647
166992,166999,167840,7,841,8,6000,1.00832342449
167003,167009,167859,6,850,8,6000,1.00705882353
167013,167020,167876,7,856,8,6000,1.00817757009
167024,167032,167878,8,846,8,6000,1.00945626478
167035,167042,168228,7,1186,8,6000,1.00590219224
167045,167091,167946,46,855,8,6000,1.05380116959
167097,167220,168057,123,837,8,6000,1.14695340502
167219,167290,168136,71,846,8,6000,1.08392434988
167291,167323,168169,32,846,8,6000,1.0378250591
167322,167341,168194,19,853,8,6000,1.02227432591
167343,167375,168218,32,843,8,6000,1.03795966785
167374,167395,168267,21,872,8,6000,1.02408256881
167395,167407,168340,12,933,8,6000,1.01286173633
167405,167417,168778,12,1361,8,6000,1.00881704629
167416,167455,168301,39,846,8,6000,1.04609929078
167457,167546,168396,89,850,8,6000,1.10470588235
167550,167557,169073,7,1516,8,6000,1.00461741425
167560,167567,168410,7,843,8,6000,1.00830367734
167571,167583,168443,12,860,8,6000,1.01395348837
167581,167605,168449,24,844,8,6000,1.02843601896
167602,167627,168476,25,849,8,6000,1.02944640754
167623,167652,168610,29,958,8,6000,1.03027139875
167654,167724,168611,70,887,8,6000,1.07891770011
167726,167756,168615,30,859,8,6000,1.03492433062
167757,167790,168650,33,860,8,6000,1.03837209302
167788,167826,168714,38,888,8,6000,1.04279279279
167829,167852,168687,23,835,8,6000,1.02754491018
167850,167865,168773,15,908,8,6000,1.01651982379
167861,167874,169321,13,1447,8,6000,1.00898410504
167871,167889,168751,18,862,8,6000,1.02088167053
167892,167900,168770,8,870,8,6000,1.0091954023
167903,167959,168820,56,861,8,6000,1.06504065041
167954,168070,169111,116,1041,8,6000,1.11143131604
168067,168150,169053,83,903,8,6000,1.0919158361
168149,168181,169040,32,859,8,6000,1.03725261932
168180,168206,169057,26,851,8,6000,1.03055229142
168211,168231,169173,20,942,8,6000,1.02123142251
168232,168242,169249,10,1007,8,6000,1.00993048659
168243,168280,169181,37,901,8,6000,1.0410654828
168284,168313,169213,29,900,8,6000,1.03222222222
168315,168352,169227,37,875,8,6000,1.04228571429
168356,168408,169280,52,872,8,6000,1.05963302752
168408,168422,169315,14,893,8,6000,1.0156774916
168418,168455,169310,37,855,8,6000,1.0432748538
168459,168468,169329,9,861,8,6000,1.01045296167
168470,168489,169460,19,971,8,6000,1.01956745623
168491,168623,169499,132,876,8,6000,1.15068493151
168624,168632,169496,8,864,8,6000,1.00925925926
168635,168642,169509,7,867,8,6000,1.00807381776
168646,168663,169538,17,875,8,6000,1.01942857143
168667,168699,169587,32,888,8,6000,1.03603603604
168698,168727,169594,29,867,8,6000,1.03344867359
168729,168763,169631,34,868,8,6000,1.03917050691
168760,168782,169649,22,867,8,6000,1.02537485582
168781,168789,169764,8,975,8,6000,1.00820512821
168791,168798,169676,7,878,8,6000,1.00797266515
168802,168833,169762,31,929,8,6000,1.03336921421
168833,169054,169921,221,867,8,6000,1.25490196078
169058,169065,169921,7,856,8,6000,1.00817757009
169069,169076,169937,7,861,8,6000,1.0081300813
169079,169087,169967,8,880,8,6000,1.00909090909
169090,169123,170003,33,880,8,6000,1.0375
169121,169187,170055,66,868,8,6000,1.07603686636
169182,169194,170052,12,858,8,6000,1.01398601399
169193,169225,170151,32,926,8,6000,1.03455723542
169224,169239,170102,15,863,8,6000,1.01738122827
169235,169261,170106,26,845,8,6000,1.03076923077
169261,169292,171860,31,2568,5,14400,1.01207165109
169292,169322,171844,30,2522,5,14400,1.01189532117
169323,169331,171614,8,2283,5,14400,1.00350416119
169334,169341,171729,7,2388,5,14400,1.00293132328
169344,169352,171898,8,2546,5,14400,1.00314218382
169355,169362,171816,7,2454,5,14400,1.00285248574
169366,169373,171887,7,2514,5,14400,1.00278440732
169376,169383,171659,7,2276,5,14400,1.00307557118
169387,169472,171706,85,2234,5,14400,1.03804834378
169469,169509,172107,40,2598,5,14400,1.01539645881
169510,169518,171750,8,2232,5,14400,1.00358422939
169521,169528,171987,7,2459,5,14400,1.00284668564
169531,169538,171971,7,2433,5,14400,1.00287710645
169542,169550,172126,8,2576,5,14400,1.00310559006
169553,169560,172267,7,2707,5,14400,1.00258588844
169563,169571,172123,8,2552,5,14400,1.00313479624
169574,169599,172366,25,2767,5,14400,1.00903505602
169605,169613,172250,8,2637,5,14400,1.00303375047
169615,169623,172248,8,2625,5,14400,1.00304761905
169626,169645,172226,19,2581,5,14400,1.0073614878
169647,169662,172398,15,2736,5,14400,1.00548245614
169658,169669,172238,11,2569,5,14400,1.00428182172
169668,169690,172341,22,2651,5,14400,1.00829875519
169689,169697,172598,8,2901,5,14400,1.00275766977
169700,169776,172140,76,2364,5,14400,1.03214890017
169772,169783,172605,11,2822,5,14400,1.00389794472
169782,169792,172101,10,2309,5,14400,1.00433087917
169793,169933,172331,140,2398,5,14400,1.05838198499
169936,169944,172356,8,2412,5,14400,1.00331674959
169947,169954,172594,7,2640,5,14400,1.00265151515
169957,169965,173002,8,3037,5,14400,1.00263417847
169968,169976,172342,8,2366,5,14400,1.00338123415
169979,169987,172662,8,2675,5,14400,1.00299065421
169989,169996,172578,7,2582,5,14400,1.00271107668
170000,170016,172418,16,2402,5,14400,1.00666111574
170021,170066,172871,45,2805,5,14400,1.01604278075
170062,170074,172394,12,2320,5,14400,1.00517241379
170073,170082,172463,9,2381,5,14400,1.0037799244
170083,170115,172279,32,2164,5,14400,1.01478743068
170114,170123,172484,9,2361,5,14400,1.00381194409
170125,170133,172620,8,2487,5,14400,1.00321672698
170136,170143,172436,7,2293,5,14400,1.0030527693
170146,170164,172767,18,2603,5,14400,1.00691509796
170167,171627,173973,1460,2346,5,14400,1.62233589088
170753,172370,172371,1617,1,2,3540,161.8
171627,171672,174465,45,2793,5,14400,1.01611170784
171668,171719,174265,51,2546,5,14400,1.02003142184
171719,171742,174357,23,2615,5,14400,1.00879541109
171740,171764,174278,24,2514,5,14400,1.00954653938
171761,171829,174261,68,2432,5,14400,1.02796052632
171833,171857,174211,24,2354,5,14400,1.01019541206
171854,171873,174683,19,2810,5,14400,1.00676156584
171875,171900,174177,25,2277,5,14400,1.01097935881
171896,171911,174718,15,2807,5,14400,1.0053437834
171906,171984,174243,78,2259,5,14400,1.03452855246
171988,172000,174590,12,2590,5,14400,1.00463320463
171999,172115,174701,116,2586,5,14400,1.04485692189
172112,172123,175042,11,2919,5,14400,1.00376841384
172122,172136,174610,14,2474,5,14400,1.00565885206
172133,172144,175041,11,2897,5,14400,1.00379703141
172144,172155,174855,11,2700,5,14400,1.00407407407
172154,172239,175161,85,2922,5,14400,1.02908966461
172237,172251,174665,14,2414,5,14400,1.0057995029
172247,172262,174682,15,2420,5,14400,1.00619834711
172258,172270,174592,12,2322,5,14400,1.00516795866
172269,172280,175084,11,2804,5,14400,1.00392296719
172279,172291,174745,12,2454,5,14400,1.00488997555
172290,172345,174710,55,2365,5,14400,1.02325581395
172342,172354,175503,12,3149,5,14400,1.00381073357
172352,172361,175071,9,2710,5,14400,1.00332103321
172363,172377,175079,14,2702,5,14400,1.00518134715
172374,172385,174682,11,2297,5,14400,1.00478885503
172384,172409,175081,25,2672,5,14400,1.00935628743
172405,172417,174687,12,2270,5,14400,1.00528634361
172416,172432,174692,16,2260,5,14400,1.00707964602
172437,172450,174974,13,2524,5,14400,1.00515055468
172448,172477,174853,29,2376,5,14400,1.01220538721
172479,172498,174971,19,2473,5,14400,1.00768297614
172499,172591,175068,92,2477,5,14400,1.03714170367
172592,172606,175631,14,3025,5,14400,1.00462809917
172602,172614,174881,12,2267,5,14400,1.00529333921
172613,172622,175816,9,3194,5,14400,1.00281778334
172624,172635,175483,11,2848,5,14400,1.00386235955
172634,172676,175550,42,2874,5,14400,1.01461377871
172676,172780,175322,104,2542,5,14400,1.04091266719
172778,172884,175239,106,2355,5,14400,1.04501061571
172881,173017,175825,136,2808,5,14400,1.04843304843
173014,173987,176443,973,2456,5,14400,1.39617263844
173984,174190,176545,206,2355,5,14400,1.08747346072
174188,174224,176774,36,2550,5,14400,1.01411764706
174219,174256,176534,37,2278,5,14400,1.01624231782
174261,174274,176641,13,2367,5,14400,1.0054921842
174271,174282,177049,11,2767,5,14400,1.00397542465
174282,174292,176634,10,2342,5,14400,1.00426985482
174293,174371,176920,78,2549,5,14400,1.03060023539
174375,174478,177093,103,2615,5,14400,1.03938814532
174477,174602,176971,125,2369,5,14400,1.0527648797
174600,174610,177194,10,2584,5,14400,1.00386996904
174611,174623,177106,12,2483,5,14400,1.00483286347
174622,174653,177062,31,2409,5,14400,1.01286841013
174653,174661,177343,8,2682,5,14400,1.00298284862
174663,174678,177438,15,2760,5,14400,1.00543478261
174674,174695,177444,21,2749,5,14400,1.00763914151
174695,174702,177367,7,2665,5,14400,1.00262664165
174705,174713,177116,8,2403,5,14400,1.00332917187
174716,174725,177792,9,3067,5,14400,1.00293446365
174727,174735,177464,8,2729,5,14400,1.00293147673
174737,174746,177117,9,2371,5,14400,1.00379586672
174748,174756,177221,8,2465,5,14400,1.00324543611
174759,174767,177098,8,2331,5,14400,1.00343200343
174769,174778,177270,9,2492,5,14400,1.00361155698
174780,174866,177476,86,2610,5,14400,1.03295019157
174862,174875,177201,13,2326,5,14400,1.00558899398
174873,174894,177470,21,2576,5,14400,1.00815217391
174894,174984,178002,90,3018,5,14400,1.02982107356
174986,174995,177653,9,2658,5,14400,1.00338600451
174997,175028,177350,31,2322,5,14400,1.01335055986
175028,175054,178099,26,3045,5,14400,1.00853858785
175059,175066,177346,7,2280,5,14400,1.00307017544
175075,175082,175919,7,837,8,6000,1.00836320191
175086,175093,175937,7,844,8,6000,1.00829383886
175097,175104,175977,7,873,8,6000,1.00801832761
175107,175114,176037,7,923,8,6000,1.00758396533
175118,175173,176019,55,846,8,6000,1.06501182033
175169,175252,176107,83,855,8,6000,1.09707602339
175251,175496,176341,245,845,8,6000,1.2899408284
175497,175516,176420,19,904,8,6000,1.02101769912
175518,175644,176565,126,921,8,6000,1.13680781759
175641,175838,176691,197,853,8,6000,1.23094958968
175835,175933,176843,98,910,8,6000,1.10769230769
175937,175950,176825,13,875,8,6000,1.01485714286
175948,175990,176818,42,828,8,6000,1.05072463768
175989,176032,176860,43,828,8,6000,1.05193236715
176031,176051,176877,20,826,8,6000,1.02421307506
176051,176120,176955,69,835,8,6000,1.08263473054
176123,176353,177177,230,824,8,6000,1.27912621359
176358,176433,177273,75,840,8,6000,1.08928571429
176430,176456,177447,26,991,8,6000,1.02623612513
176451,176558,177745,107,1187,8,6000,1.0901432182
176554,176578,177421,24,843,8,6000,1.02846975089
176575,176647,177499,72,852,8,6000,1.08450704225
176646,176704,177757,58,1053,8,6000,1.05508072175
176708,176787,177733,79,946,8,6000,1.08350951374
176790,176830,177728,40,898,8,6000,1.04454342984
176831,176839,177709,8,870,8,6000,1.0091954023
176842,176856,177709,14,853,8,6000,1.0164126612
176853,176873,177707,20,834,8,6000,1.02398081535
176874,176890,177820,16,930,8,6000,1.01720430108
176895,176968,177812,73,844,8,6000,1.086492891
176966,176984,177828,18,844,8,6000,1.02132701422
176987,177062,177919,75,857,8,6000,1.08751458576
177059,177106,177980,47,874,8,6000,1.05377574371
177111,177118,177984,7,866,8,6000,1.00808314088
177121,177128,177969,7,841,8,6000,1.00832342449
177132,177189,178048,57,859,8,6000,1.06635622817
177194,177206,178063,12,857,8,6000,1.01400233372
177204,177214,178115,10,901,8,6000,1.01109877913
177215,177283,178163,68,880,8,6000,1.07727272727
177287,177294,178221,7,927,8,6000,1.00755124056
177298,177355,178374,57,1019,8,6000,1.05593719333
177359,177366,178215,7,849,8,6000,1.00824499411
177370,177434,178348,64,914,8,6000,1.07002188184
177432,177451,178307,19,856,8,6000,1.02219626168
177453,177460,178454,7,994,8,6000,1.00704225352
177463,177470,178301,7,831,8,6000,1.00842358604
177474,177482,178345,8,863,8,6000,1.00926998841
177485,177492,178343,7,851,8,6000,1.00822561692
177495,177511,178353,16,842,8,6000,1.0190023753
177516,177721,178773,205,1052,8,6000,1.19486692015
177720,177728,178579,8,851,8,6000,1.00940070505
177731,177738,178673,7,935,8,6000,1.00748663102
177742,177749,178595,7,846,8,6000,1.00827423168
177753,177760,178599,7,839,8,6000,1.00834326579
177763,177771,178920,8,1149,8,6000,1.00696257615
177774,177781,178670,7,889,8,6000,1.00787401575
177785,177804,178675,19,871,8,6000,1.02181400689
177806,177825,178870,19,1045,8,6000,1.01818181818
177826,177833,178673,7,840,8,6000,1.00833333333
177837,177844,178688,7,844,8,6000,1.00829383886
177848,177931,179442,83,1511,8,6000,1.0549305096
177929,177981,178815,52,834,8,6000,1.0623501199
177981,177992,178846,11,854,8,6000,1.01288056206
177992,178000,178841,8,841,8,6000,1.00951248514
178002,178060,179018,58,958,8,6000,1.06054279749
178064,178075,178978,11,903,8,6000,1.01218161683
178075,178111,179008,36,897,8,6000,1.04013377926
178116,178128,178998,12,870,8,6000,1.01379310345
178126,178176,179049,50,873,8,6000,1.05727376861
178178,178227,179103,49,876,8,6000,1.05593607306
178229,178236,179083,7,847,8,6000,1.00826446281
178240,178313,179198,73,885,8,6000,1.08248587571
178312,178320,179179,8,859,8,6000,1.00931315483
178322,178356,179227,34,871,8,6000,1.03903559127
178353,178364,179382,11,1018,8,6000,1.01080550098
178364,178371,179828,7,1457,8,6000,1.00480439259
178374,178382,179229,8,847,8,6000,1.00944510035
178385,178392,179315,7,923,8,6000,1.00758396533
178396,178467,179328,71,861,8,6000,1.08246225319
178468,178591,179446,123,855,8,6000,1.14385964912
178591,178608,180041,17,1433,8,6000,1.01186322401
178611,178619,179498,8,879,8,6000,1.00910125142
178622,178683,179524,61,841,8,6000,1.07253269917
178684,178691,179582,7,891,8,6000,1.00785634119
178694,178701,179636,7,935,8,6000,1.00748663102
178705,178712,179641,7,929,8,6000,1.00753498385
178715,178723,179587,8,864,8,6000,1.00925925926
178726,178786,179639,60,853,8,6000,1.07033997655
178788,178827,180313,39,1486,8,6000,1.02624495289
178829,178853,179705,24,852,8,6000,1.02816901408
178850,178861,179775,11,914,8,6000,1.01203501094
178860,178882,179844,22,962,8,6000,1.02286902287
178881,178932,179800,51,868,8,6000,1.05875576037
178933,178990,180024,57,1034,8,6000,1.05512572534
178994,179010,179883,16,873,8,6000,1.01832760596
179015,179022,179904,7,882,8,6000,1.00793650794
179026,179033,179940,7,907,8,6000,1.00771775083
179036,179062,179923,26,861,8,6000,1.03019744483
179067,179096,179958,29,862,8,6000,1.03364269142
179098,179115,179971,17,856,8,6000,1.01985981308
179119,179191,180098,72,907,8,6000,1.07938257993
179191,179211,180155,20,944,8,6000,1.02118644068
179212,179239,180137,27,898,8,6000,1.03006681514
179243,179250,180114,7,864,8,6000,1.00810185185
179254,179327,180748,73,1421,8,6000,1.05137227305
179325,179341,180185,16,844,8,6000,1.01895734597
179346,179394,180257,48,863,8,6000,1.05561993048
179398,179455,180340,57,885,8,6000,1.06440677966
179459,179466,180329,7,863,8,6000,1.00811123986
179470,179510,180378,40,868,8,6000,1.04608294931
179511,179536,180452,25,916,8,6000,1.02729257642
179532,179595,180471,63,876,8,6000,1.07191780822
179594,179602,180485,8,883,8,6000,1.00906002265
179604,179649,180515,45,866,8,6000,1.0519630485
179646,179656,180531,10,875,8,6000,1.01142857143
179656,179664,180526,8,862,8,6000,1.00928074246
179667,179717,180677,50,960,8,6000,1.05208333333
179718,179787,180635,69,848,8,6000,1.08136792453
179785,179794,182432,9,2638,5,14400,1.00341167551
179796,179813,182382,17,2569,5,14400,1.00661736084
179817,179841,182240,24,2399,5,14400,1.0100041684
179838,179848,182295,10,2447,5,14400,1.0040866367
179849,179856,182386,7,2530,5,14400,1.00276679842
179859,179896,182320,37,2424,5,14400,1.0152640264
179901,179909,182460,8,2551,5,14400,1.00313602509
179911,179919,182225,8,2306,5,14400,1.00346921075
179922,179929,182250,7,2321,5,14400,1.0030159414
179932,179940,182677,8,2737,5,14400,1.00292290829
179943,179953,182353,10,2400,5,14400,1.00416666667
179954,179962,182611,8,2649,5,14400,1.00302000755
179964,179973,182408,9,2435,5,14400,1.00369609856
179975,179985,182460,10,2475,5,14400,1.00404040404
179986,179994,183795,8,3801,5,14400,1.00210470929
179996,180037,182564,41,2527,5,14400,1.01622477246
180038,180045,182576,7,2531,5,14400,1.00276570525
180048,180056,182931,8,2875,5,14400,1.0027826087
180059,180111,182796,52,2685,5,14400,1.01936685289
180110,180118,182631,8,2513,5,14400,1.00318344608
180121,180129,182777,8,2648,5,14400,1.00302114804
180132,180150,182569,18,2419,5,14400,1.00744109136
180152,180161,182887,9,2726,5,14400,1.00330154072
180163,180172,182792,9,2620,5,14400,1.0034351145
180174,180181,182561,7,2380,5,14400,1.00294117647
180184,180198,183161,14,2963,5,14400,1.00472494094
180195,180269,182635,74,2366,5,14400,1.03127641589
180267,180276,182688,9,2412,5,14400,1.00373134328
180277,180326,182726,49,2400,5,14400,1.02041666667
180329,180342,185519,13,5177,5,14400,1.00251110682
180339,180350,183015,11,2665,5,14400,1.00412757974
180350,180357,182788,7,2431,5,14400,1.00287947347
180361,180374,183128,13,2754,5,14400,1.00472040668
180371,180391,184154,20,3763,5,14400,1.00531490832
180392,180465,182906,73,2441,5,14400,1.02990577632
180464,180473,183214,9,2741,5,14400,1.00328347318
180475,180485,182855,10,2370,5,14400,1.00421940928
180486,180498,182903,12,2405,5,14400,1.00498960499
180496,180506,182785,10,2279,5,14400,1.00438788943
180507,180529,182833,22,2304,5,14400,1.00954861111
180528,180537,183173,9,2636,5,14400,1.00341426404
180539,180546,182875,7,2329,5,14400,1.00300558179
180549,180557,182900,8,2343,5,14400,1.00341442595
180560,180567,183032,7,2465,5,14400,1.00283975659
180571,180579,183250,8,2671,5,14400,1.00299513291
180581,180589,183176,8,2587,5,14400,1.003092385
180592,180647,183333,55,2686,5,14400,1.02047654505
180643,180690,183478,47,2788,5,14400,1.0168579627
180695,180702,183123,7,2421,5,14400,1.0028913672
180705,180761,183169,56,2408,5,14400,1.02325581395
180757,180769,183800,12,3031,5,14400,1.00395908941
180768,182238,184508,1470,2270,5,14400,1.64757709251
182073,182081,182236,8,155,1,3600,1.05161290323
182238,182253,184509,15,2256,5,14400,1.00664893617
182249,182264,184515,15,2251,5,14400,1.00666370502
182259,182309,185021,50,2712,5,14400,1.01843657817
182311,182332,184880,21,2548,5,14400,1.00824175824
182332,182366,185282,34,2916,5,14400,1.01165980796
182363,182395,184892,32,2497,5,14400,1.01281537845
182394,182402,184916,8,2514,5,14400,1.00318217979
182404,182421,185009,17,2588,5,14400,1.00656877898
182409,182450,182789,41,339,1,3600,1.1209439528
182425,182445,185366,20,2921,5,14400,1.00684697022
182446,182472,184754,26,2282,5,14400,1.01139351446
182477,182485,185278,8,2793,5,14400,1.00286430362
182488,182574,184899,86,2325,5,14400,1.03698924731
182570,182582,185547,12,2965,5,14400,1.00404721754
182581,182589,185173,8,2584,5,14400,1.00309597523
182592,182600,185043,8,2443,5,14400,1.0032746623
182602,182624,185234,22,2610,5,14400,1.00842911877
182623,182644,185474,21,2830,5,14400,1.0074204947
182644,182651,185478,7,2827,5,14400,1.0024761231
182655,182691,184917,36,2226,5,14400,1.01617250674
182696,182704,185417,8,2713,5,14400,1.0029487652
182707,182740,185244,33,2504,5,14400,1.01317891374
182738,182791,185053,53,2262,5,14400,1.0234305924
182789,182799,185249,10,2450,5,14400,1.00408163265
182800,182809,185187,9,2378,5,14400,1.00378469302
182811,182818,185209,7,2391,5,14400,1.00292764534
182821,182828,185407,7,2579,5,14400,1.00271423032
182832,182846,185380,14,2534,5,14400,1.00552486188
182843,182868,185314,25,2446,5,14400,1.0102207686
182864,182888,185593,24,2705,5,14400,1.00887245841
182884,182900,185759,16,2859,5,14400,1.00559636236
182905,182913,185519,8,2606,5,14400,1.00306983883
182916,182923,185629,7,2706,5,14400,1.00258684405
182927,182935,185213,8,2278,5,14400,1.0035118525
182937,182947,185690,10,2743,5,14400,1.00364564346
182948,183027,185445,79,2418,5,14400,1.03267162945
183030,183045,185346,15,2301,5,14400,1.00651890482
183041,183136,185430,95,2294,5,14400,1.04141238012
183133,183144,185466,11,2322,5,14400,1.00473729543
183141,183151,183975,10,824,1,3600,1.01213592233
183144,183174,185540,30,2366,5,14400,1.01267962806
183175,183182,185901,7,2719,5,14400,1.00257447591
183185,183194,185613,9,2419,5,14400,1.00372054568
183196,183203,185855,7,2652,5,14400,1.00263951735
183207,183228,185849,21,2621,5,14400,1.00801220908
183228,183263,185593,35,2330,5,14400,1.01502145923
183259,183346,185859,87,2513,5,14400,1.03461997612
183351,183491,186066,140,2575,5,14400,1.05436893204
183494,183808,186182,314,2374,5,14400,1.13226621735
183811,183819,186476,8,2657,5,14400,1.00301091457
183822,184167,186958,345,2791,5,14400,1.12361160874
184170,184522,187183,352,2661,5,14400,1.13228109733
184517,184530,187491,13,2961,5,14400,1.00439040865
184528,184537,187036,9,2499,5,14400,1.00360144058
184539,184767,187885,228,3118,5,14400,1.07312379731
184764,184893,187547,129,2654,5,14400,1.04860587792
184897,184905,187254,8,2349,5,14400,1.00340570456
184907,184916,187190,9,2274,5,14400,1.00395778364
184918,184929,187328,11,2399,5,14400,1.00458524385
184929,184937,187505,8,2568,5,14400,1.0031152648
184939,185022,187723,83,2701,5,14400,1.0307293595
185021,185035,187318,14,2283,5,14400,1.00613228208
185032,185056,187833,24,2777,5,14400,1.00864241988
185053,185065,187975,12,2910,5,14400,1.00412371134
185064,185185,187769,121,2584,5,14400,1.04682662539
185186,185203,187423,17,2220,5,14400,1.00765765766
185189,185196,185304,7,108,1,3600,1.06481481481
185207,185222,188084,15,2862,5,14400,1.00524109015
185218,185229,187385,11,2156,5,14400,1.00510204082
185234,185257,186191,23,934,8,6000,1.02462526767
185255,185264,186112,9,848,8,6000,1.01061320755
185266,185294,186127,28,833,8,6000,1.03361344538
185297,185327,186171,30,844,8,6000,1.0355450237
185328,185379,186218,51,839,8,6000,1.06078665077
185379,185421,186256,42,835,8,6000,1.0502994012
185420,185429,186305,9,876,8,6000,1.0102739726
185431,185459,186402,28,943,8,6000,1.02969247084
185462,185479,186325,17,846,8,6000,1.02009456265
185478,185486,185804,8,318,1,3600,1.0251572327
185483,185494,186353,11,859,8,6000,1.01280558789
185494,185531,186429,37,898,8,6000,1.04120267261
185535,185552,186487,17,935,8,6000,1.01818181818
185556,185605,186442,49,837,8,6000,1.05854241338
185607,185625,186474,18,849,8,6000,1.02120141343
185628,185642,186474,14,832,8,6000,1.01682692308
185639,185771,186615,132,844,8,6000,1.15639810427
185672,185702,185866,30,164,1,3600,1.18292682927
185772,185861,186709,89,848,8,6000,1.10495283019
185864,185871,186731,7,860,8,6000,1.00813953488
185875,185913,186777,38,864,8,6000,1.04398148148
185916,186124,187030,208,906,8,6000,1.22958057395
186031,186078,186429,47,351,1,3600,1.1339031339
186121,186140,186982,19,842,8,6000,1.02256532067
186141,186183,187021,42,838,8,6000,1.05011933174
186183,186194,187193,11,999,8,6000,1.01101101101
186193,186204,187035,11,831,8,6000,1.01323706378
186204,186230,187074,26,844,8,6000,1.0308056872
186235,186268,187113,33,845,8,6000,1.03905325444
186267,186318,187151,51,833,8,6000,1.0612244898
186283,186289,186891,6,602,1,3600,1.00996677741
186318,186337,187167,19,830,8,6000,1.02289156627
186339,186365,187200,26,835,8,6000,1.03113772455
186370,186414,187281,44,867,8,6000,1.05074971165
186411,186442,187273,31,831,8,6000,1.03730445247
186442,186455,187298,13,843,8,6000,1.01542111507
186453,186486,187327,33,841,8,6000,1.03923900119
186484,186493,187335,9,842,8,6000,1.0106888361
186495,186501,187495,6,994,8,6000,1.0060362173
186505,186627,187508,122,881,8,6000,1.13847900114
186628,186722,187585,94,863,8,6000,1.10892236385
186720,186743,187655,23,912,8,6000,1.02521929825
186741,186789,187636,48,847,8,6000,1.05667060213
186789,186795,187625,6,830,1,3600,1.00722891566
186793,186970,187937,177,967,8,6000,1.18304033092
186966,186994,187925,28,931,8,6000,1.03007518797
186997,187034,187878,37,844,8,6000,1.04383886256
187039,187045,187884,6,839,8,6000,1.00715137068
187049,187057,187901,8,844,8,6000,1.00947867299
187060,187066,187910,6,844,8,6000,1.00710900474
187071,187087,187930,16,843,8,6000,1.01897983393
187092,187126,187989,34,863,8,6000,1.03939745075
187123,187164,188014,41,850,8,6000,1.04823529412
187164,187179,188082,15,903,8,6000,1.01661129568
187175,187202,188052,27,850,8,6000,1.03176470588
187206,187213,188060,7,847,8,6000,1.00826446281
187216,187224,188093,8,869,8,6000,1.00920598389
187227,187285,188136,58,851,8,6000,1.06815511163
187289,187296,188139,7,843,8,6000,1.00830367734
187299,187310,188217,11,907,8,6000,1.01212789416
187310,187330,188182,20,852,8,6000,1.0234741784
187331,187340,188255,9,915,8,6000,1.00983606557
187341,187349,188195,8,846,8,6000,1.00945626478
187352,187359,188209,7,850,8,6000,1.00823529412
187363,187436,188303,73,867,8,6000,1.08419838524
187434,187503,188388,69,885,8,6000,1.07796610169
187506,187513,188846,7,1333,8,6000,1.00525131283
187517,187523,188437,6,914,8,6000,1.00656455142
187527,187559,188448,32,889,8,6000,1.03599550056
187558,187598,188459,40,861,8,6000,1.04645760743
187600,187648,188506,48,858,8,6000,1.05594405594
187651,187668,188551,17,883,8,6000,1.01925254813
187672,187735,188598,63,863,8,6000,1.07300115875
187734,187845,189275,111,1430,8,6000,1.07762237762
187846,187890,188744,44,854,8,6000,1.05152224824
187887,187897,188757,10,860,8,6000,1.01162790698
187898,187906,188765,8,859,8,6000,1.00931315483
187909,187916,188784,7,868,8,6000,1.00806451613
187919,187926,188766,7,840,8,6000,1.00833333333
187930,187937,188781,7,844,8,6000,1.00829383886
187941,187949,188860,8,911,8,6000,1.00878155873
187951,187959,188814,8,855,8,6000,1.00935672515
187962,187969,188995,7,1026,8,6000,1.00682261209
187973,188001,188989,28,988,8,6000,1.02834008097
188004,188026,188879,22,853,8,6000,1.02579132474
188025,188065,188910,40,845,8,6000,1.04733727811
188066,188074,188939,8,865,8,6000,1.00924855491
188077,188094,188947,17,853,8,6000,1.01992966002
188098,188105,188975,7,870,8,6000,1.00804597701
188108,188116,188968,8,852,8,6000,1.00938967136
188119,188149,189011,30,862,8,6000,1.03480278422
188150,188158,189060,8,902,8,6000,1.0088691796
188161,188195,189043,34,848,8,6000,1.04009433962
188192,188208,189089,16,881,8,6000,1.01816118048
188213,188222,189081,9,859,8,6000,1.01047729919
188223,188230,189076,7,846,8,6000,1.00827423168
188234,188267,189144,33,877,8,6000,1.03762827822
188265,188316,189223,51,907,8,6000,1.05622932745
188316,188400,189690,84,1290,8,6000,1.06511627907
188398,188449,189322,51,873,8,6000,1.05841924399
188450,188460,189325,10,865,8,6000,1.01156069364
188460,188471,189320,11,849,8,6000,1.01295641932
188471,188518,189368,47,850,8,6000,1.05529411765
188522,188563,189423,41,860,8,6000,1.0476744186
188564,188610,189551,46,941,8,6000,1.04888416578
188615,188756,189610,141,854,8,6000,1.16510538642
188758,188770,189767,12,997,8,6000,1.01203610832
188769,188777,189646,8,869,8,6000,1.00920598389
188780,188787,189656,7,869,8,6000,1.0080552359
188790,188798,189658,8,860,8,6000,1.00930232558
188801,188809,189773,8,964,8,6000,1.00829875519
188812,188827,189695,15,868,8,6000,1.01728110599
188832,188861,189731,29,870,8,6000,1.03333333333
188846,188853,188965,7,112,1,3600,1.0625
188863,188873,189902,10,1029,8,6000,1.00971817298
188874,188891,189876,17,985,8,6000,1.01725888325
188895,188922,189781,27,859,8,6000,1.03143189756
188926,188951,189988,25,1037,8,6000,1.02410800386
188947,188959,189848,12,889,8,6000,1.01349831271
188957,188980,189856,23,876,8,6000,1.02625570776
188978,188987,190465,9,1478,8,6000,1.00608930988
188989,189004,189860,15,856,8,6000,1.01752336449
189000,189012,189872,12,860,8,6000,1.01395348837
189010,189024,189906,14,882,8,6000,1.01587301587
189026,241767,244203,52741,2436,5,14400,22.6506568144
189143,189150,189480,7,330,1,3600,1.02121212121
189346,189353,189466,7,113,1,1800,1.06194690265
189763,189771,189877,8,106,1,1800,1.07547169811
189791,241783,244231,51992,2448,5,14400,22.2385620915
189923,189929,190514,6,585,1,3600,1.01025641026
190536,190542,191121,6,579,1,1800,1.0103626943
192750,192756,192801,6,45,1,1800,1.13333333333
192983,192989,193104,6,115,1,1800,1.05217391304
193111,193118,193193,7,75,1,1800,1.09333333333
193421,193428,193545,7,117,1,1800,1.05982905983
194053,194060,194361,7,301,1,1800,1.02325581395
194228,194234,194811,6,577,1,1800,1.01039861352
196591,196598,196645,7,47,1,1800,1.14893617021
196985,196991,197064,6,73,1,1800,1.08219178082
198064,198071,198349,7,278,1,1800,1.02517985612
200402,200409,201533,7,1124,64,1200,1.00622775801
201572,213447,215730,11875,2283,128,3540,6.20148926851
202655,241804,246502,39149,4698,1,36000,9.3331204768
202687,213453,215032,10766,1579,64,3540,7.81823939202
202711,241810,246641,39099,4831,1,36000,9.09335541296
202761,241815,246527,39054,4712,1,36000,9.28820033956
202815,241821,246578,39006,4757,1,36000,9.19970569687
208250,241762,299094,33512,57332,10,57600,1.58452522152
208585,241772,294786,33187,53014,10,57600,1.62600445165
208946,241778,299393,32832,57615,10,57600,1.56985160115
209195,241788,254836,32593,13048,10,57600,3.49793071735
209466,241852,256237,32386,14385,2,43200,3.25137295794
210339,241793,299417,31454,57624,10,57600,1.54584895183
210608,241857,282650,31249,40793,2,43200,1.76603829088
211789,241862,377143,30073,135281,2,172800,1.22230024911
211869,241826,243555,29957,1729,4,36000,18.3262001157
211870,241831,243439,29961,1608,4,36000,19.6324626866
211871,241836,243784,29965,1948,4,36000,16.3824435318
211873,241842,243542,29969,1700,4,36000,18.6288235294
211874,241847,243486,29973,1639,4,36000,19.2873703478
213489,241873,414713,28384,172840,2,172800,1.16422124508
214557,241878,328574,27321,86696,2,172800,1.3151356464
215836,215842,217170,6,1328,128,3540,1.00451807229
216600,244244,244250,27644,6,64,7200,2765.0
217277,241895,410234,24618,168339,2,172800,1.1462406216
217292,241900,384047,24608,142147,2,172800,1.17311656243
217326,241924,414759,24598,172835,2,172800,1.1423207105
219167,219173,220392,6,1219,128,3540,1.00492206727
221187,241798,414794,20611,172996,18,216000,1.11914148304
221704,241929,399280,20225,157351,1,450000,1.12853429594
221725,241935,503259,20210,261324,1,270000,1.07733694571
221747,241940,392396,20193,150456,1,306000,1.13421199553
221765,241945,371572,20180,129627,1,342000,1.15567744374
221808,245231,399990,23423,154759,1,342000,1.15135145614
222347,222354,222794,7,440,128,3540,1.01590909091
222951,222957,223196,6,239,128,3540,1.02510460251
223260,243554,362548,20294,118994,2,172800,1.1705464141
223271,223277,223463,6,186,64,3000,1.03225806452
223541,223548,223696,7,148,32,3000,1.0472972973
230085,244262,283065,14177,38803,32,72000,1.36535834858
230374,230380,230384,6,4,2,3600,1.0
230651,230659,232266,8,1607,256,3540,1.00497822029
232678,232684,233456,6,772,256,3000,1.00777202073
233080,243567,270207,10487,26640,2,86400,1.39365615616
233085,243572,247251,10487,3679,2,86400,3.85050285404
233090,243796,245631,10706,1835,2,86400,6.83433242507
233544,233921,235407,377,1486,128,3000,1.25370121131
234240,234248,234308,8,60,64,3000,1.13333333333
234925,243801,247990,8876,4189,2,86400,3.11888278825
234930,243808,246007,8878,2199,2,86400,5.03728967713
234933,243813,244146,8880,333,2,86400,27.6666666667
235094,246541,383083,11447,136542,6,144000,1.08383501047
235699,235705,235949,6,244,128,1200,1.02459016393
237007,241868,241871,4861,3,8,43200,486.4
238215,244159,245219,5944,1060,2,86400,6.60754716981
242356,256577,256580,14221,3,18,36000,1422.4
246117,246513,246529,396,16,6,3000,25.75
249099,249105,251458,6,2353,5,14400,1.00254993625
249109,249115,251352,6,2237,5,14400,1.00268216361
249110,249121,251573,11,2452,5,14400,1.00448613377
249120,249127,251526,7,2399,5,14400,1.00291788245
249121,249132,251382,11,2250,5,14400,1.00488888889
249131,249138,251354,7,2216,5,14400,1.00315884477
249132,249143,251442,11,2299,5,14400,1.004784689
249142,249151,251502,9,2351,5,14400,1.00382815823
249143,249156,251462,13,2306,5,14400,1.00563746748
249153,249163,251572,10,2409,5,14400,1.00415110004
249154,249168,251567,14,2399,5,14400,1.0058357649
249164,249174,251502,10,2328,5,14400,1.00429553265
249165,249180,251587,15,2407,5,14400,1.00623182385
249175,249187,251562,12,2375,5,14400,1.00505263158
249176,249192,251598,16,2406,5,14400,1.00665004156
249186,249198,251650,12,2452,5,14400,1.00489396411
249197,249204,251688,7,2484,5,14400,1.00281803543
249207,251364,253759,2157,2395,5,14400,1.9006263048
249372,251469,254362,2097,2893,8,43200,1.72485309367
249547,254376,254386,4829,10,1,86400,483.9
251357,251371,253721,14,2350,5,14400,1.00595744681
251368,251394,253637,26,2243,5,14400,1.01159161837
251399,251454,253831,55,2377,5,14400,1.02313840976
251450,251477,254060,27,2583,5,14400,1.01045296167
251472,251515,253914,43,2399,5,14400,1.01792413506
251503,251520,254357,17,2837,5,14400,1.00599224533
251513,251538,253837,25,2299,5,14400,1.01087429317
251534,251574,253909,40,2335,5,14400,1.01713062099
251565,251581,253944,16,2363,5,14400,1.00677105375
251576,251588,253969,12,2381,5,14400,1.0050398992
251576,251593,254020,17,2427,5,14400,1.00700453234
251587,251600,253781,13,2181,5,14400,1.00596056855
251598,251610,254015,12,2405,5,14400,1.00498960499
251608,251662,254096,54,2434,5,14400,1.02218570255
251660,251700,254002,40,2302,5,14400,1.01737619461
251691,253650,256161,1959,2511,5,14400,1.78016726404
253638,253734,256236,96,2502,5,14400,1.03836930456
253724,253771,256080,47,2309,5,14400,1.02035513209
253770,253793,256027,23,2234,5,14400,1.0102954342
253783,253843,256061,60,2218,5,14400,1.02705139766
253842,253850,256216,8,2366,5,14400,1.00338123415
253843,253922,256120,79,2198,5,14400,1.03594176524
253915,253929,256230,14,2301,5,14400,1.00608431117
253927,253955,256172,28,2217,5,14400,1.01262967975
253953,253982,256415,29,2433,5,14400,1.01191944102
253977,254015,256279,38,2264,5,14400,1.0167844523
254011,254027,256558,16,2531,5,14400,1.00632161201
254024,254072,256452,48,2380,5,14400,1.02016806723
254024,254033,256370,9,2337,5,14400,1.00385109114
254072,254107,256483,35,2376,5,14400,1.01473063973
254108,254369,256847,261,2478,5,14400,1.10532687651
254368,254381,256562,13,2181,5,14400,1.00596056855
254379,256039,258259,1660,2220,5,14400,1.74774774775
254453,277721,310651,23268,32930,8,43200,1.7065897358
254543,256592,292606,2049,36014,16,36000,1.05689454101
256044,256074,258271,30,2197,5,14400,1.01365498407
256075,256092,258407,17,2315,5,14400,1.00734341253
256096,256132,258705,36,2573,5,14400,1.01399144967
256127,256173,258768,46,2595,5,14400,1.01772639692
256169,256185,258597,16,2412,5,14400,1.00663349917
256190,256228,258670,38,2442,5,14400,1.01556101556
256231,256242,258828,11,2586,5,14400,1.00425367363
256242,256249,258726,7,2477,5,14400,1.00282599919
256252,256291,258588,39,2297,5,14400,1.01697866783
256293,256382,258814,89,2432,5,14400,1.03659539474
256386,256427,258746,41,2319,5,14400,1.0176800345
256427,256464,259133,37,2669,5,14400,1.01386286999
256469,256495,258897,26,2402,5,14400,1.01082431307
256500,256570,258914,70,2344,5,14400,1.02986348123
256572,256859,259285,287,2426,5,14400,1.11830173124
256756,256763,256764,7,1,2,3540,1.0
256848,258271,260769,1423,2498,5,14400,1.56965572458
258265,258282,260741,17,2459,5,14400,1.00691337942
258276,258419,260787,143,2368,5,14400,1.06038851351
258409,258600,261181,191,2581,5,14400,1.07400232468
258594,258609,260865,15,2256,5,14400,1.00664893617
258604,258682,260811,78,2129,5,14400,1.03663691874
258676,258717,261225,41,2508,5,14400,1.0163476874
258707,258738,260916,31,2178,5,14400,1.01423324151
258728,258758,260957,30,2199,5,14400,1.0136425648
258749,258780,261136,31,2356,5,14400,1.01315789474
258770,258826,261411,56,2585,5,14400,1.02166344294
258822,258841,261038,19,2197,5,14400,1.00864815658
258832,258909,261311,77,2402,5,14400,1.03205661948
258904,258926,261391,22,2465,5,14400,1.00892494929
258915,259145,261569,230,2424,5,14400,1.09488448845
259140,259297,261688,157,2391,5,14400,1.06566290255
259294,260754,263066,1460,2312,5,14400,1.63148788927
259536,263144,349557,3608,86413,1,86400,1.04175297698
260752,260782,263268,30,2486,5,14400,1.01206757844
260773,260799,263116,26,2317,5,14400,1.01122140699
260794,260823,263001,29,2178,5,14400,1.01331496786
260815,260877,263215,62,2338,5,14400,1.02651839179
260866,260928,263132,62,2204,5,14400,1.02813067151
260919,260969,263314,50,2345,5,14400,1.02132196162
260960,261050,263616,90,2566,5,14400,1.03507404521
261042,261148,263335,106,2187,5,14400,1.04846822131
261145,261194,263689,49,2495,5,14400,1.01963927856
261186,261237,263565,51,2328,5,14400,1.02190721649
261228,261324,263511,96,2187,5,14400,1.0438957476
261320,261403,263787,83,2384,5,14400,1.03481543624
261392,261423,263793,31,2370,5,14400,1.01308016878
261413,261582,263928,169,2346,5,14400,1.07203751066
261576,261700,264100,124,2400,5,14400,1.05166666667
261689,263014,265581,1325,2567,5,14400,1.51616673159
263005,263079,265435,74,2356,5,14400,1.03140916808
263077,263129,265650,52,2521,5,14400,1.02062673542
263118,263149,265444,31,2295,5,14400,1.01350762527
263139,263228,265807,89,2579,5,14400,1.03450949981
263221,263280,265596,59,2316,5,14400,1.02547495682
263273,263326,265670,53,2344,5,14400,1.0226109215
263314,263347,265737,33,2390,5,14400,1.01380753138
263335,263523,265883,188,2360,5,14400,1.07966101695
263520,263577,265974,57,2397,5,14400,1.02377972466
263571,263628,266057,57,2429,5,14400,1.0234664471
263623,263701,265884,78,2183,5,14400,1.0357306459
263695,263799,266126,104,2327,5,14400,1.04469273743
263788,263806,266786,18,2980,5,14400,1.00604026846
263798,263940,266448,142,2508,5,14400,1.05661881978
263931,264112,266482,181,2370,5,14400,1.07637130802
264105,265447,268007,1342,2560,5,14400,1.52421875
265441,265456,267687,15,2231,5,14400,1.0067234424
265452,265594,266425,142,831,8,6000,1.17087845969
265585,265662,266535,77,873,8,6000,1.08820160367
265606,265749,266603,143,854,8,6000,1.16744730679
265678,265819,266661,141,842,8,6000,1.1674584323
265751,265896,266738,145,842,8,6000,1.17220902613
265884,265986,266821,102,835,8,6000,1.12215568862
265977,266138,267072,161,934,8,6000,1.17237687366
266059,266436,267261,377,825,8,6000,1.45696969697
266427,266495,267338,68,843,8,6000,1.08066429419
266458,266547,267365,89,818,8,6000,1.10880195599
266500,266615,267452,115,837,8,6000,1.13739545998
266551,266673,267828,122,1155,8,6000,1.10562770563
266613,266750,267664,137,914,8,6000,1.14989059081
266675,266798,267710,123,912,8,6000,1.13486842105
266748,266833,267636,85,803,8,6000,1.10585305106
266830,267085,267909,255,824,8,6000,1.30946601942
267075,267273,268089,198,816,8,6000,1.24264705882
267270,267351,268174,81,823,8,6000,1.09842041312
267342,267376,268214,34,838,8,6000,1.04057279236
267373,267465,268303,92,838,8,6000,1.10978520286
267456,267649,268562,193,913,8,6000,1.21139101862
267640,267676,268605,36,929,8,6000,1.03875134553
267671,267722,268568,51,846,8,6000,1.06028368794
267692,267840,268685,148,845,8,6000,1.17514792899
267723,267922,268758,199,836,8,6000,1.23803827751
267846,268020,268884,174,864,8,6000,1.20138888889
267918,268102,268937,184,835,8,6000,1.22035928144
268093,268187,269009,94,822,8,6000,1.11435523114
268175,268226,269074,51,848,8,6000,1.06014150943
268217,268316,269147,99,831,8,6000,1.11913357401
268309,268575,269400,266,825,8,6000,1.32242424242
268565,268582,269407,17,825,8,6000,1.02060606061
268576,268618,269465,42,847,8,6000,1.04958677686
268607,268697,269688,90,991,8,6000,1.09081735621
268689,268770,269626,81,856,8,6000,1.09462616822
268762,268896,269736,134,840,8,6000,1.15952380952
268884,268949,269807,65,858,8,6000,1.07575757576
268947,269021,269906,74,885,8,6000,1.08361581921
269019,269086,269964,67,878,8,6000,1.07630979499
269081,269159,270012,78,853,8,6000,1.09144196952
269153,269412,270244,259,832,8,6000,1.31129807692
269409,269477,270322,68,845,8,6000,1.08047337278
269409,269419,270343,10,924,8,6000,1.01082251082
269471,269638,270507,167,869,8,6000,1.19217491369
269636,269701,270646,65,945,8,6000,1.06878306878
269697,269748,270678,51,930,8,6000,1.05483870968
269739,269819,270662,80,843,8,6000,1.09489916963
269811,269918,270744,107,826,8,6000,1.12953995157
269914,269976,271067,62,1091,8,6000,1.05682859762
269966,270024,270928,58,904,8,6000,1.06415929204
270017,270256,271118,239,862,8,6000,1.27726218097
270253,270334,271296,81,962,8,6000,1.0841995842
270325,270355,271225,30,870,8,6000,1.03448275862
270346,270520,271372,174,852,8,6000,1.20422535211
270510,270660,271485,150,825,8,6000,1.18181818182
270654,270674,272138,20,1464,8,6000,1.01366120219
270664,270690,271523,26,833,8,6000,1.03121248499
270685,270757,271619,72,862,8,6000,1.08352668213
270747,270941,271778,194,837,8,6000,1.23178016726
270932,271080,271924,148,844,8,6000,1.17535545024
271075,271131,272038,56,907,8,6000,1.06174200662
271127,271237,272444,110,1207,8,6000,1.09113504557
271230,271308,272557,78,1249,8,6000,1.06244995997
271302,271384,272418,82,1034,8,6000,1.07930367505
271374,271497,272392,123,895,8,6000,1.1374301676
271487,271535,272385,48,850,8,6000,1.05647058824
271529,271631,272572,102,941,8,6000,1.10839532412
271622,271790,272619,168,829,8,6000,1.20265379976
271785,271936,272780,151,844,8,6000,1.17890995261
271929,272050,272897,121,847,8,6000,1.14285714286
272042,272150,272985,108,835,8,6000,1.12934131737
272145,272397,273242,252,845,8,6000,1.29822485207
272391,272404,273293,13,889,8,6000,1.0146231721
272402,272430,273986,28,1556,8,6000,1.01799485861
272423,272456,273306,33,850,8,6000,1.03882352941
272454,272570,273419,116,849,8,6000,1.13663133098
272567,272584,273423,17,839,8,6000,1.02026221692
272578,272632,274302,54,1670,8,6000,1.03233532934
272629,272792,273648,163,856,8,6000,1.19042056075
272783,272909,273797,126,888,8,6000,1.14189189189
272906,272998,273846,92,848,8,6000,1.10849056604
272989,273255,274137,266,882,8,6000,1.30158730159
273245,273305,274158,60,853,8,6000,1.07033997655
273296,273318,274181,22,863,8,6000,1.02549246813
273307,273431,274321,124,890,8,6000,1.1393258427
273420,273438,274313,18,875,8,6000,1.02057142857
273431,273661,274521,230,860,8,6000,1.26744186047
273656,273810,274672,154,862,8,6000,1.17865429234
273799,273858,274854,59,996,8,6000,1.05923694779
273851,273998,274866,147,868,8,6000,1.16935483871
273994,274150,275042,156,892,8,6000,1.17488789238
274148,274170,275020,22,850,8,6000,1.02588235294
274159,274193,275061,34,868,8,6000,1.03917050691
274190,274314,275180,124,866,8,6000,1.14318706697
274303,274325,275178,22,853,8,6000,1.02579132474
274314,274334,275278,20,944,8,6000,1.02118644068
274325,274534,275401,209,867,8,6000,1.24106113033
274530,274684,275695,154,1011,8,6000,1.15232443126
274674,274866,275723,192,857,8,6000,1.22403733956
274859,274878,275728,19,850,8,6000,1.02235294118
274870,275033,275892,163,859,8,6000,1.18975552969
275023,275053,276044,30,991,8,6000,1.03027245207
275044,275074,275917,30,843,8,6000,1.03558718861
275065,275190,276060,125,870,8,6000,1.14367816092
275188,275197,276189,9,992,8,6000,1.00907258065
275189,275291,276190,102,899,8,6000,1.11345939933
275281,275413,276260,132,847,8,6000,1.15584415584
275404,275707,276563,303,856,8,6000,1.35397196262
275701,275736,276644,35,908,8,6000,1.03854625551
275732,275743,276614,11,871,8,6000,1.01262916188
275732,275905,276757,173,852,8,6000,1.20305164319
275896,275930,277229,34,1299,8,6000,1.02617397998
275918,276057,276965,139,908,8,6000,1.15308370044
276052,276072,276951,20,879,8,6000,1.02275312856
276062,276201,277305,139,1104,8,6000,1.1259057971
276196,276208,277094,12,886,8,6000,1.01354401806
276206,276272,277125,66,853,8,6000,1.07737397421
276268,276580,277480,312,900,8,6000,1.34666666667
276567,276574,279129,7,2555,5,14400,1.00273972603
276577,276626,279166,49,2540,5,14400,1.01929133858
276619,276656,279001,37,2345,5,14400,1.0157782516
276650,276662,278958,12,2296,5,14400,1.00522648084
276661,276769,279250,108,2481,5,14400,1.04353083434
276763,276963,279254,200,2291,5,14400,1.08729812309
276958,276969,279545,11,2576,5,14400,1.00427018634
276968,276977,279309,9,2332,5,14400,1.0038593482
276969,276982,279688,13,2706,5,14400,1.00480413895
276979,277107,279693,128,2586,5,14400,1.04949729312
277102,277137,279299,35,2162,5,14400,1.01618871415
277133,277145,279735,12,2590,5,14400,1.00463320463
277134,277241,279593,107,2352,5,14400,1.04549319728
277236,277317,279839,81,2522,5,14400,1.03211736717
277309,277322,279922,13,2600,5,14400,1.005
277320,277492,280049,172,2557,5,14400,1.06726632773
277484,277497,280056,13,2559,5,14400,1.00508010942
277494,277726,280354,232,2628,5,14400,1.08828006088
277729,277736,280510,7,2774,5,14400,1.00252343187
277740,278970,281379,1230,2409,5,14400,1.51058530511
278972,279014,281558,42,2544,5,14400,1.01650943396
279014,279141,281573,127,2432,5,14400,1.05222039474
279137,279179,281812,42,2633,5,14400,1.01595138625
279178,279263,281746,85,2483,5,14400,1.03423278292
279260,279270,281533,10,2263,5,14400,1.00441891295
279270,279311,282233,41,2922,5,14400,1.01403148528
279311,279321,281593,10,2272,5,14400,1.00440140845
279322,279558,281942,236,2384,5,14400,1.09899328859
279557,279606,282045,49,2439,5,14400,1.0200902009
279608,279700,282246,92,2546,5,14400,1.0361351139
279700,279707,282458,7,2751,5,14400,1.00254452926
279711,279747,282114,36,2367,5,14400,1.01520912548
279752,279851,282713,99,2862,5,14400,1.03459119497
279854,279934,282638,80,2704,5,14400,1.02958579882
279936,280062,282548,126,2486,5,14400,1.05068382944
280059,280069,282693,10,2624,5,14400,1.00381097561
280070,280366,282643,296,2277,5,14400,1.12999560826
280366,280523,283203,157,2680,5,14400,1.05858208955
280519,281392,283756,873,2364,5,14400,1.3692893401
281395,281545,283938,150,2393,5,14400,1.06268282491
281549,281571,284158,22,2587,5,14400,1.00850405876
281570,281585,284459,15,2874,5,14400,1.00521920668
281590,281606,283912,16,2306,5,14400,1.00693842151
281601,281758,284270,157,2512,5,14400,1.0625
281754,281824,284641,70,2817,5,14400,1.02484913028
281826,281955,284500,129,2545,5,14400,1.05068762279
281959,282057,284684,98,2627,5,14400,1.03730491054
282061,282127,284615,66,2488,5,14400,1.02652733119
282122,282246,284733,124,2487,5,14400,1.04985926819
282245,282259,284676,14,2417,5,14400,1.00579230451
282256,282471,285522,215,3051,5,14400,1.07046869879
282470,282561,284831,91,2270,5,14400,1.04008810573
282562,282650,284857,88,2207,5,14400,1.03987313095
282654,282660,284917,6,2257,5,14400,1.0026583961
282664,282705,285175,41,2470,5,14400,1.01659919028
282706,282726,285282,20,2556,5,14400,1.00782472613
282726,283077,285995,351,2918,5,14400,1.1202878684
283073,283083,285452,10,2369,5,14400,1.00422119038
283083,283091,285678,8,2587,5,14400,1.003092385
283094,283101,285811,7,2710,5,14400,1.00258302583
283105,283112,286126,7,3014,5,14400,1.00232249502
283115,283121,285411,6,2290,5,14400,1.00262008734
283126,283215,285858,89,2643,5,14400,1.03367385547
283218,283768,286087,550,2319,5,14400,1.23717119448
283768,283925,286934,157,3009,5,14400,1.05217680292
283921,283950,286419,29,2469,5,14400,1.01174564601
283952,284170,286486,218,2316,5,14400,1.09412780656
284166,284282,286846,116,2564,5,14400,1.04524180967
284279,284472,287173,193,2701,5,14400,1.07145501666
284473,284512,287167,39,2655,5,14400,1.01468926554
284514,284627,286902,113,2275,5,14400,1.04967032967
284627,284653,287324,26,2671,5,14400,1.00973418195
284658,284688,287101,30,2413,5,14400,1.01243265644
284689,284696,286881,7,2185,5,14400,1.00320366133
284699,284745,287238,46,2493,5,14400,1.01845166466
284740,284843,287159,103,2316,5,14400,1.04447322971
284843,284869,287280,26,2411,5,14400,1.01078390709
284874,284929,287411,55,2482,5,14400,1.02215954875
284925,285188,287787,263,2599,5,14400,1.10119276645
285190,285295,287677,105,2382,5,14400,1.04408060453
285292,285423,288183,131,2760,5,14400,1.04746376812
285425,285464,288113,39,2649,5,14400,1.01472253681
285466,285534,288195,68,2661,5,14400,1.02555430289
285538,285691,288157,153,2466,5,14400,1.06204379562
285691,285824,288139,133,2315,5,14400,1.05745140389
285824,285870,288720,46,2850,5,14400,1.01614035088
285875,286008,288257,133,2249,5,14400,1.0591373944
286008,286099,288399,91,2300,5,14400,1.03956521739
286100,286138,288501,38,2363,5,14400,1.01608125264
286141,286431,288765,290,2334,5,14400,1.12425021422
286427,286498,288767,71,2269,5,14400,1.03129131776
286499,286859,289427,360,2568,5,14400,1.14018691589
286855,286893,289105,38,2212,5,14400,1.01717902351
286897,286914,289501,17,2587,5,14400,1.00657131813
286917,286946,289365,29,2419,5,14400,1.01198842497
286948,287113,289524,165,2411,5,14400,1.06843633347
287112,287172,289605,60,2433,5,14400,1.02466091245
287173,287180,289713,7,2533,5,14400,1.00276352152
287184,287191,289551,7,2360,5,14400,1.00296610169
287194,287250,289923,56,2673,5,14400,1.02095024317
287246,287293,290104,47,2811,5,14400,1.01672002846
287297,287336,289976,39,2640,5,14400,1.01477272727
287338,287424,290076,86,2652,5,14400,1.03242835596
287420,287689,290103,269,2414,5,14400,1.11143330572
287685,287799,290741,114,2942,5,14400,1.03874915024
287798,288125,290719,327,2594,5,14400,1.12606013878
288124,288151,290442,27,2291,5,14400,1.01178524662
288155,288169,290568,14,2399,5,14400,1.0058357649
288166,288195,290518,29,2323,5,14400,1.01248385708
288197,288208,290707,11,2499,5,14400,1.0044017607
288207,288268,290778,61,2510,5,14400,1.02430278884
288269,288411,290688,142,2277,5,14400,1.06236275801
288412,288513,291034,101,2521,5,14400,1.04006346688
288514,288732,291510,218,2778,5,14400,1.0784737221
288728,288777,291421,49,2644,5,14400,1.01853252648
288780,288787,291096,7,2309,5,14400,1.00303161542
288790,289118,291987,328,2869,5,14400,1.11432554897
289117,289378,291665,261,2287,5,14400,1.11412330564
289383,289446,290323,63,877,8,6000,1.07183580388
289445,289536,290397,91,861,8,6000,1.10569105691
289537,289563,290399,26,836,8,6000,1.03110047847
289568,289725,290567,157,842,8,6000,1.1864608076
289721,289988,290824,267,836,8,6000,1.31937799043
289986,290087,290923,101,836,8,6000,1.12081339713
289992,290753,362780,761,72027,2,72000,1.01056548239
290088,290116,291301,28,1185,8,6000,1.02362869198
290119,290335,291199,216,864,8,6000,1.25
290334,290410,291255,76,845,8,6000,1.0899408284
290405,290417,291247,12,830,8,6000,1.01445783133
290416,290454,291292,38,838,8,6000,1.04534606205
290457,290579,291408,122,829,8,6000,1.14716525935
290580,290586,291497,6,911,8,6000,1.00658616905
290590,290719,291540,129,821,8,6000,1.15712545676
290723,290732,291566,9,834,8,6000,1.01079136691
290734,290790,291617,56,827,8,6000,1.0677146312
290795,290837,291672,42,835,8,6000,1.0502994012
290836,290935,291815,99,880,8,6000,1.1125
290939,291108,291965,169,857,8,6000,1.19719953326
291112,291211,292033,99,822,8,6000,1.1204379562
291214,291259,292110,45,851,8,6000,1.05287896592
291256,291268,292126,12,858,8,6000,1.01398601399
291266,291304,292214,38,910,8,6000,1.04175824176
291308,291315,292130,7,815,8,6000,1.00858895706
291318,291420,292446,102,1026,8,6000,1.09941520468
291421,291433,292586,12,1153,8,6000,1.01040763226
291431,291510,292362,79,852,8,6000,1.09272300469
291513,291553,292412,40,859,8,6000,1.04656577416
291554,291579,292422,25,843,8,6000,1.02965599051
291576,291629,292480,53,851,8,6000,1.06227967098
291627,291678,292560,51,882,8,6000,1.05782312925
291678,291685,292519,7,834,8,6000,1.00839328537
291689,291827,292779,138,952,8,6000,1.14495798319
291832,291977,292811,145,834,8,6000,1.17386091127
291943,292624,293298,681,674,2,14400,2.01038575668
291975,292045,292885,70,840,8,6000,1.08333333333
292047,292122,292957,75,835,8,6000,1.08982035928
292119,292138,292976,19,838,8,6000,1.02267303103
292140,292147,293022,7,875,8,6000,1.008
292151,292226,293318,75,1092,8,6000,1.06868131868
292222,292374,293198,152,824,8,6000,1.18446601942
292375,292424,293267,49,843,8,6000,1.0581257414
292427,292434,293282,7,848,8,6000,1.00825471698
292437,292458,293364,21,906,8,6000,1.02317880795
292458,292492,293318,34,826,8,6000,1.0411622276
292489,292531,293462,42,931,8,6000,1.04511278195
292530,292573,293402,43,829,8,6000,1.05186972256
292564,292630,306152,66,13522,2,14400,1.00488093477
292572,292598,293463,26,865,8,6000,1.03005780347
292603,292619,293468,16,849,8,6000,1.01884570082
292623,292636,293509,13,873,8,6000,1.01489117984
292634,292791,294100,157,1309,8,6000,1.11993888464
292787,292824,293793,37,969,8,6000,1.03818369453
292828,292897,293734,69,837,8,6000,1.08243727599
292900,292969,293977,69,1008,8,6000,1.06845238095
292972,292989,293819,17,830,8,6000,1.02048192771
292993,293034,293877,41,843,8,6000,1.04863582444
293034,293210,294057,176,847,8,6000,1.20779220779
293196,293335,293390,139,55,4,144000,3.52727272727
293207,293299,294148,92,849,8,6000,1.10836277974
293214,293294,293303,80,9,8,14400,8.9
293219,293315,332012,96,38697,10,57600,1.00248081247
293299,293330,294171,31,841,8,6000,1.0368608799
293330,293377,294268,47,891,8,6000,1.05274971942
293382,293402,294265,20,863,8,6000,1.02317497103
293403,293414,294248,11,834,8,6000,1.01318944844
293413,293474,294307,61,833,8,6000,1.07322929172
293475,293483,294353,8,870,8,6000,1.0091954023
293486,293493,294356,7,863,8,6000,1.00811123986
293496,293521,294437,25,916,8,6000,1.02729257642
293517,293746,294593,229,847,8,6000,1.27036599764
293640,294284,301185,644,6901,2,14400,1.09331980872
293710,361728,362331,68018,603,4,172800,113.79933665
293751,293805,294642,54,837,8,6000,1.06451612903
293803,293832,294673,29,841,8,6000,1.03448275862
293834,293890,294747,56,857,8,6000,1.06534422404
293867,361733,362369,67866,636,4,172800,107.70754717
293886,293989,295135,103,1146,8,6000,1.08987783595
293988,294069,295010,81,941,8,6000,1.08607863974
294065,294112,294963,47,851,8,6000,1.05522914219
294116,294160,295035,44,875,8,6000,1.05028571429
294158,294184,295026,26,842,8,6000,1.03087885986
294189,294261,295100,72,839,8,6000,1.08581644815
294207,361738,380397,67531,18659,4,172800,4.61921860764
294243,294290,301016,47,6726,2,14400,1.0069878085
294261,294277,295192,16,915,8,6000,1.0174863388
294278,295400,295448,1122,48,8,120,24.375
294278,295224,295269,946,45,8,120,22.0222222222
294278,295281,295331,1003,50,8,120,21.06
294278,295039,295090,761,51,8,120,15.9215686275
294278,295344,295388,1066,44,8,120,25.2272727273
294279,295460,295505,1181,45,8,120,27.2444444444
294279,295517,295560,1238,43,8,120,29.7906976744
294279,295635,295681,1356,46,8,120,30.4782608696
294279,295573,295623,1294,50,8,120,26.88
294279,295693,295741,1414,48,8,120,30.4583333333
294280,295753,295798,1473,45,8,120,33.7333333333
294280,296783,296827,2503,44,8,120,57.8863636364
294280,296725,296770,2445,45,8,120,55.3333333333
294280,295891,295937,1611,46,8,120,36.0217391304
294280,295810,295855,1530,45,8,120,35.0
294281,297972,298017,3691,45,8,120,83.0222222222
294281,298143,298189,3862,46,8,120,84.9565217391
294281,297908,297960,3627,52,8,120,70.75
294281,298029,298073,3748,44,8,120,86.1818181818
294281,298086,298131,3805,45,8,120,85.5555555556
294282,294319,295173,37,854,8,6000,1.04332552693
294282,298312,298360,4030,48,8,120,84.9583333333
294282,298202,298243,3920,41,8,120,96.6097560976
294282,298255,298300,3973,45,8,120,89.2888888889
294282,298373,298416,4091,43,8,120,96.1395348837
294282,298401,298446,4119,45,8,120,92.5333333333
294283,298467,298512,4184,45,8,120,93.9777777778
294283,298429,298473,4146,44,8,120,95.2272727273
294283,298407,298453,4124,46,8,120,90.652173913
294283,298459,298506,4176,47,8,120,89.8510638298
294283,298526,298572,4243,46,8,120,93.2391304348
294284,298584,298628,4300,44,8,120,98.7272727273
294284,298810,298852,4526,42,8,120,108.761904762
294284,298756,298798,4472,42,8,120,107.476190476
294284,298700,298744,4416,44,8,120,101.363636364
294284,298641,298687,4357,46,8,120,95.7173913043
294285,298864,298906,4579,42,8,120,110.023809524
294285,299026,299070,4741,44,8,120,108.75
294285,298972,299014,4687,42,8,120,112.595238095
294285,298918,298960,4633,42,8,120,111.30952381
294285,299448,299493,5163,45,8,120,115.733333333
294286,299505,299548,5219,43,8,120,122.372093023
294286,299512,299555,5226,43,8,120,122.534883721
294286,299560,299602,5274,42,8,120,126.571428571
294286,299567,299609,5281,42,8,120,126.738095238
294286,299453,299499,5167,46,8,120,113.326086957
294287,299670,299717,5383,47,8,120,115.531914894
294287,299614,299658,5327,44,8,120,122.068181818
294287,299598,299644,5311,46,8,120,116.456521739
294287,299658,299702,5371,44,8,120,123.068181818
294287,299621,299663,5334,42,8,120,128.0
294288,299677,299721,5389,44,8,120,123.477272727
294288,299714,299759,5426,45,8,120,121.577777778
294288,299729,299776,5441,47,8,120,116.765957447
294288,299736,299779,5448,43,8,120,127.697674419
294288,299771,299814,5483,43,8,120,128.511627907
294289,299791,299835,5502,44,8,120,126.045454545
294289,299796,299842,5507,46,8,120,120.717391304
294289,299826,299875,5537,49,8,120,114.0
294289,299848,299892,5559,44,8,120,127.340909091
294289,299855,299898,5566,43,8,120,130.441860465
294290,299965,300009,5675,44,8,120,129.977272727
294290,299912,299956,5622,44,8,120,128.772727273
294290,299904,299953,5614,49,8,120,115.571428571
294290,299887,299939,5597,52,8,120,108.634615385
294290,299951,300002,5661,51,8,120,112.0
294291,299972,300017,5681,45,8,120,127.244444444
294291,300014,300055,5723,41,8,120,140.585365854
294291,300020,300064,5729,44,8,120,131.204545455
294291,300029,300073,5738,44,8,120,131.409090909
294291,300068,300113,5777,45,8,120,129.377777778
294292,300076,300120,5784,44,8,120,132.454545455
294292,300085,300129,5793,44,8,120,132.659090909
294292,300125,300169,5833,44,8,120,133.568181818
294292,300132,300182,5840,50,8,120,117.8
294292,300141,300187,5849,46,8,120,128.152173913
294292,300181,300224,5889,43,8,120,137.953488372
294293,300259,300302,5966,43,8,120,139.744186047
294293,300236,300280,5943,44,8,120,136.068181818
294293,300194,300238,5901,44,8,120,135.113636364
294293,300201,300244,5908,43,8,120,138.395348837
294293,300251,300295,5958,44,8,120,136.409090909
294294,300292,300344,5998,52,8,120,116.346153846
294294,300307,300350,6013,43,8,120,140.837209302
294294,300314,300357,6020,43,8,120,141.0
294294,300319,300370,6025,51,8,120,119.137254902
294294,300356,300398,6062,42,8,120,145.333333333
294295,300364,300409,6069,45,8,120,135.866666667
294295,300372,300418,6077,46,8,120,133.108695652
294295,300382,300428,6087,46,8,120,133.326086957
294295,300410,300452,6115,42,8,120,146.595238095
294295,300421,300466,6126,45,8,120,137.133333333
294296,300492,300540,6196,48,8,120,130.083333333
294296,300464,300511,6168,47,8,120,132.234042553
294296,300441,300487,6145,46,8,120,134.586956522
294296,300430,300476,6134,46,8,120,134.347826087
294296,300478,300523,6182,45,8,120,138.377777778
294297,300499,300543,6202,44,8,120,141.954545455
294297,300523,300570,6226,47,8,120,133.468085106
294297,300537,300581,6240,44,8,120,142.818181818
294297,300552,300597,6255,45,8,120,140.0
294323,294365,295211,42,846,8,6000,1.04964539007
294364,294373,295219,9,846,8,6000,1.01063829787
294375,294449,295311,74,862,8,6000,1.08584686775
294386,361744,396473,67358,34729,4,172800,2.93953180339
294447,294605,295433,158,828,8,6000,1.19082125604
294601,294654,295577,53,923,8,6000,1.05742145179
294652,294685,295689,33,1004,8,6000,1.0328685259
294660,295023,295032,363,9,8,14400,37.2
294683,294759,295658,76,899,8,6000,1.08453837597
294755,294975,296091,220,1116,8,6000,1.19713261649
294882,295103,352749,221,57646,14,57600,1.00383374389
294981,295046,295919,65,873,8,6000,1.0744558992
295043,295053,295918,10,865,8,6000,1.01156069364
295053,295112,295988,59,876,8,6000,1.06735159817
295088,295204,297584,116,2380,2,14400,1.0487394958
295115,295147,296009,32,862,8,6000,1.03712296984
295146,295185,296063,39,878,8,6000,1.0444191344
295188,295233,296120,45,887,8,6000,1.05073280722
295192,295701,295753,509,52,16,180,10.7884615385
295192,295765,295814,573,49,16,180,12.693877551
295193,295826,295874,633,48,16,180,14.1875
295230,295324,296185,94,861,8,6000,1.10917537747
295322,295445,296492,123,1047,8,6000,1.11747851003
295418,297977,302763,2559,4786,2,14400,1.53468449645
295445,295589,296465,144,876,8,6000,1.16438356164
295589,295670,296571,81,901,8,6000,1.08990011099
295671,295706,296669,35,963,8,6000,1.03634475597
295702,295867,296713,165,846,8,6000,1.19503546099
295866,295886,296776,20,890,8,6000,1.02247191011
295887,295930,296783,43,853,8,6000,1.05041031653
295929,295937,296836,8,899,8,6000,1.00889877642
295939,295949,296830,10,881,8,6000,1.0113507378
295950,296000,296860,50,860,8,6000,1.05813953488
296001,296021,296996,20,975,8,6000,1.02051282051
296022,296076,296960,54,884,8,6000,1.06108597285
296074,296103,297010,29,907,8,6000,1.03197353914
296105,296132,296986,27,854,8,6000,1.03161592506
296136,296198,297064,62,866,8,6000,1.07159353349
296198,296478,297346,280,868,8,6000,1.32258064516
296333,296846,296958,513,112,8,14400,5.58035714286
296357,301028,307347,4671,6319,2,14400,1.73919924039
296475,296504,297371,29,867,8,6000,1.03344867359
296506,296583,297537,77,954,8,6000,1.08071278826
296555,296839,298389,284,1550,16,1500,1.18322580645
296588,296682,297559,94,877,8,6000,1.10718358039
296685,296795,297666,110,871,8,6000,1.12629161883
296795,296854,297704,59,850,8,6000,1.06941176471
296860,296872,297747,12,875,8,6000,1.01371428571
296872,296970,297891,98,921,8,6000,1.10640608035
296970,296978,297922,8,944,8,6000,1.00847457627
296982,296998,297864,16,866,8,6000,1.01847575058
297006,297013,297888,7,875,8,6000,1.008
297016,297024,299429,8,2405,5,14400,1.00332640333
297028,297076,299586,48,2510,5,14400,1.01912350598
297074,297083,299257,9,2174,5,14400,1.00413983441
297085,297360,299771,275,2411,5,14400,1.11406055579
297356,297367,299893,11,2526,5,14400,1.00435471101
297367,297384,299752,17,2368,5,14400,1.00717905405
297388,297550,299893,162,2343,5,14400,1.06914212548
297552,297559,299837,7,2278,5,14400,1.00307287094
297563,297573,299839,10,2266,5,14400,1.00441306267
297575,297597,300298,22,2701,5,14400,1.00814513143
297598,297679,299882,81,2203,5,14400,1.03676804358
297676,297718,300231,42,2513,5,14400,1.01671309192
297722,297760,300199,38,2439,5,14400,1.0155801558
297727,299429,301249,1702,1820,32,1800,1.93516483516
297766,297773,300271,7,2498,5,14400,1.00280224179
297779,297876,300516,97,2640,5,14400,1.03674242424
297876,297902,300472,26,2570,5,14400,1.01011673152
297902,297913,300440,11,2527,5,14400,1.00435298773
297914,297922,300492,8,2570,5,14400,1.00311284047
297926,297935,300521,9,2586,5,14400,1.00348027842
297938,299269,301744,1331,2475,5,14400,1.53777777778
298334,301197,336077,2863,34880,2,86400,1.08208142202
298444,306723,316718,8279,9995,2,43200,1.82831415708
298472,298518,299434,46,916,16,1500,1.05021834061
299000,306728,308347,7728,1619,2,28800,5.77331686226
299036,307359,310725,8323,3366,2,28800,3.47266785502
299089,337704,337706,38615,2,1,180000,3861.7
299102,301261,302741,2159,1480,64,2400,2.45878378378
299268,299441,302130,173,2689,5,14400,1.06433618446
299350,309417,352668,10067,43251,2,43200,1.2327576241
299442,299764,302201,322,2437,5,14400,1.13212966762
299769,299784,302259,15,2475,5,14400,1.00606060606
299779,299860,302466,81,2606,5,14400,1.03108211819
299862,299869,302209,7,2340,5,14400,1.00299145299
299872,299918,302943,46,3025,5,14400,1.01520661157
299893,299923,302260,30,2337,5,14400,1.01283697047
299924,300211,302661,287,2450,5,14400,1.11714285714
300210,300243,302655,33,2412,5,14400,1.01368159204
300241,300284,302864,43,2580,5,14400,1.01666666667
300282,300325,303005,43,2680,5,14400,1.01604477612
300324,300485,302828,161,2343,5,14400,1.06871532224
300440,302974,304502,2534,1528,6,3000,2.65837696335
300477,300504,303299,27,2795,5,14400,1.00966010733
300498,300512,303235,14,2723,5,14400,1.00514138817
300508,300530,302961,22,2431,5,14400,1.00904977376
300529,300543,303208,14,2665,5,14400,1.0052532833
300540,301756,305911,1216,4155,5,14400,1.29265944645
300575,304519,352116,3944,47597,1,540000,1.08286236528
300716,302753,324989,2037,22236,18,36000,1.09160820291
300833,302758,362793,1925,60035,18,72000,1.03206462897
301752,302142,304602,390,2460,5,14400,1.15853658537
301916,302763,337815,847,35052,10,57600,1.02416409905
302140,302214,304418,74,2204,5,14400,1.0335753176
302190,303311,319717,1121,16406,2,72000,1.06832866025
302205,303316,321434,1111,18118,2,72000,1.06132023402
302212,302221,304511,9,2290,5,14400,1.003930131
302222,302271,304738,49,2467,5,14400,1.01986218079
302263,302278,304594,15,2316,5,14400,1.00647668394
302274,302479,304752,205,2273,5,14400,1.0901891773
302344,302768,353252,424,50484,10,57600,1.00839870058
302479,302667,305269,188,2602,5,14400,1.07225211376
302662,302675,305344,13,2669,5,14400,1.0048707381
302673,302840,305568,167,2728,5,14400,1.0612170088
302678,302774,357180,96,54406,10,57600,1.00176451127
302836,302876,305492,40,2616,5,14400,1.01529051988
302878,302955,305362,77,2407,5,14400,1.03199002908
302960,302979,305308,19,2329,5,14400,1.00815800773
302980,303017,305463,37,2446,5,14400,1.01512673753
303022,303220,306318,198,3098,5,14400,1.06391220142
303216,303247,305553,31,2306,5,14400,1.01344319167
303247,304430,306648,1183,2218,5,14400,1.53336339044
304428,304514,306711,86,2197,5,14400,1.03914428766
304510,304526,307082,16,2556,5,14400,1.00625978091
304531,304607,307051,76,2444,5,14400,1.03109656301
304603,304614,307563,11,2949,5,14400,1.00373007799
304613,304750,307139,137,2389,5,14400,1.05734616995
304746,304764,307412,18,2648,5,14400,1.00679758308
304767,305281,307801,514,2520,5,14400,1.20396825397
305277,305321,308341,44,3020,5,14400,1.01456953642
305318,305357,307767,39,2410,5,14400,1.01618257261
305359,305375,307981,16,2606,5,14400,1.00613967767
305363,326818,327167,21455,349,32,600,62.4756446991
305380,305475,307737,95,2262,5,14400,1.04199823165
305472,305504,308323,32,2819,5,14400,1.0113515431
305503,305565,308134,62,2569,5,14400,1.02413390424
305565,305581,308060,16,2479,5,14400,1.00645421541
305586,305923,308448,337,2525,5,14400,1.13346534653
305922,306330,308953,408,2623,5,14400,1.15554708349
306330,306661,309405,331,2744,5,14400,1.12062682216
306666,307063,309369,397,2306,5,14400,1.17215958369
307054,307094,309830,40,2736,5,14400,1.01461988304
307085,307151,309453,66,2302,5,14400,1.02867072111
307146,307424,309689,278,2265,5,14400,1.12273730684
307422,307575,310055,153,2480,5,14400,1.06169354839
307565,307749,310561,184,2812,5,14400,1.06543385491
307569,308360,308361,791,1,1,900,79.2
307738,307780,310036,42,2256,5,14400,1.01861702128
307769,307813,310469,44,2656,5,14400,1.01656626506
307811,307993,310732,182,2739,5,14400,1.06644760862
307916,337832,347884,29916,10052,4,14400,3.9761241544
307984,308072,310311,88,2239,5,14400,1.03930326038
308066,308146,310918,80,2772,5,14400,1.02886002886
308138,308336,311161,198,2825,5,14400,1.07008849558
308273,310669,318036,2396,7367,2,14400,1.3252341523
308332,308353,310942,21,2589,5,14400,1.00811123986
308342,308373,311003,31,2630,5,14400,1.01178707224
308373,308460,310793,87,2333,5,14400,1.03729104158
308466,308966,311896,500,2930,5,14400,1.17064846416
308965,309381,311866,416,2485,5,14400,1.16740442656
309048,318353,318354,9305,1,2,345600,930.6
309383,309466,311749,83,2283,5,14400,1.03635567236
309455,309701,312031,246,2330,5,14400,1.10557939914
309689,309842,312177,153,2335,5,14400,1.06552462527
309832,310048,312441,216,2393,5,14400,1.09026326786
310037,310067,312665,30,2598,5,14400,1.01154734411
310057,310323,312578,266,2255,5,14400,1.11796008869
310313,310482,313041,169,2559,5,14400,1.06604142243
310476,310574,313200,98,2626,5,14400,1.03731911653
310558,328620,328625,18062,5,64,7200,1806.7
310568,310663,313107,95,2444,5,14400,1.03887070376
310660,310676,313169,16,2493,5,14400,1.00641797032
310681,310745,313160,64,2415,5,14400,1.0265010352
310736,351569,353489,40833,1920,4,108000,22.2671875
310742,310805,313186,63,2381,5,14400,1.02645947081
310801,352686,385585,41885,32899,4,108000,2.27313900119
310804,310930,313535,126,2605,5,14400,1.04836852207
310819,353504,385593,42685,32089,4,108000,2.33020661286
310827,314605,321627,3778,7022,2,14400,1.53802335517
310927,310954,313934,27,2980,5,14400,1.00906040268
310958,311015,313698,57,2683,5,14400,1.02124487514
311019,311174,313776,155,2602,5,14400,1.05956956188
311172,311762,314115,590,2353,5,14400,1.25074373141
311269,328586,337692,17317,9106,2,43200,2.90171315616
311446,315690,322705,4244,7015,2,14400,1.60498930862
311764,311878,314740,114,2862,5,14400,1.03983228512
311876,311914,314593,38,2679,5,14400,1.01418439716
311918,312044,314352,126,2308,5,14400,1.05459272097
312040,312189,314568,149,2379,5,14400,1.06263135771
312194,312454,314894,260,2440,5,14400,1.10655737705
312459,312591,315092,132,2501,5,14400,1.05277888844
312592,312678,315330,86,2652,5,14400,1.03242835596
312674,313053,315338,379,2285,5,14400,1.1658643326
313051,313120,315678,69,2558,5,14400,1.02697419859
313123,313173,315817,50,2644,5,14400,1.0189107413
313174,313181,315801,7,2620,5,14400,1.00267175573
313185,313198,315610,13,2412,5,14400,1.00538971808
313196,313212,316007,16,2795,5,14400,1.00572450805
313217,313547,315793,330,2246,5,14400,1.14692787177
313543,313788,314676,245,888,8,6000,1.2759009009
313788,313946,315247,158,1301,8,6000,1.12144504228
313805,316606,316609,2801,3,8,14400,280.4
313818,361749,389608,47931,27859,8,356400,2.72048530098
313942,314364,315247,422,883,8,6000,1.47791619479
314048,316621,316622,2573,1,8,14400,257.4
314361,314581,315416,220,835,8,6000,1.26347305389
314586,314689,315511,103,822,8,6000,1.12530413625
314678,314753,315741,75,988,8,6000,1.07591093117
314750,315105,315974,355,869,8,6000,1.4085155351
315107,315259,316097,152,838,8,6000,1.18138424821
315247,315326,316163,79,837,8,6000,1.09438470729
315329,315350,316183,21,833,8,6000,1.02521008403
315340,315429,316332,89,903,8,6000,1.09856035437
315422,315523,316437,101,914,8,6000,1.11050328228
315514,315623,316462,109,839,8,6000,1.12991656734
315627,315753,316594,126,841,8,6000,1.1498216409
315750,315805,316637,55,832,8,6000,1.06610576923
315802,315829,316713,27,884,8,6000,1.03054298643
315822,315986,316922,164,936,8,6000,1.17521367521
315976,316109,316953,133,844,8,6000,1.15758293839
316099,316175,317137,76,962,8,6000,1.079002079
316171,316195,317033,24,838,8,6000,1.02863961814
316191,316345,317177,154,832,8,6000,1.18509615385
316335,316449,317296,114,847,8,6000,1.13459268005
316437,316474,317300,37,826,8,6000,1.04479418886
316469,316612,317458,143,846,8,6000,1.16903073286
316602,316634,317456,32,822,8,6000,1.03892944039
316633,316649,317609,16,960,8,6000,1.01666666667
316653,316725,317565,72,840,8,6000,1.08571428571
316725,316934,317773,209,839,8,6000,1.24910607867
316930,316965,317829,35,864,8,6000,1.04050925926
316961,317045,317899,84,854,8,6000,1.09836065574
317011,318366,321272,1355,2906,2,14400,1.46627666896
317043,317149,318002,106,853,8,6000,1.12426729191
317145,317189,318022,44,833,8,6000,1.05282112845
317187,317308,318148,121,840,8,6000,1.14404761905
317310,317317,318171,7,854,8,6000,1.00819672131
317320,317469,318335,149,866,8,6000,1.17205542725
317464,317476,318372,12,896,8,6000,1.01339285714
317474,317577,318423,103,846,8,6000,1.12174940898
317576,317622,318667,46,1045,8,6000,1.04401913876
317618,317785,318692,167,907,8,6000,1.18412348401
317781,317841,318684,60,843,8,6000,1.07117437722
317830,318347,318372,517,25,8,14400,21.68
317834,318385,318409,551,24,8,14400,23.9583333333
317843,317911,318821,68,910,8,6000,1.07472527473
317915,318014,318922,99,908,8,6000,1.109030837
318017,318034,318910,17,876,8,6000,1.01940639269
318038,318160,318982,122,822,8,6000,1.14841849148
318161,318183,319203,22,1020,8,6000,1.02156862745
318181,318391,319218,210,827,8,6000,1.25392986699
318332,321287,324685,2955,3398,2,14400,1.86962919364
318376,318421,319286,45,865,8,6000,1.05202312139
318417,318435,319272,18,837,8,6000,1.02150537634
318438,318680,319512,242,832,8,6000,1.29086538462
318683,318696,319531,13,835,8,6000,1.01556886228
318694,318705,319641,11,936,8,6000,1.01175213675
318705,318833,319664,128,831,8,6000,1.15403128761
318838,318922,320029,84,1107,8,6000,1.07588075881
318920,318934,319827,14,893,8,6000,1.0156774916
318930,318995,319865,65,870,8,6000,1.07471264368
318993,319215,320071,222,856,8,6000,1.25934579439
319218,319230,320075,12,845,8,6000,1.01420118343
319228,319285,320121,57,836,8,6000,1.06818181818
319290,319298,320269,8,971,8,6000,1.00823892894
319301,319524,320374,223,850,8,6000,1.26235294118
319526,319543,320383,17,840,8,6000,1.02023809524
319547,319653,320487,106,834,8,6000,1.12709832134
319649,319676,320551,27,875,8,6000,1.03085714286
319680,319839,320754,159,915,8,6000,1.1737704918
319845,319877,320733,32,856,8,6000,1.03738317757
319876,320041,320889,165,848,8,6000,1.1945754717
319970,357193,361711,37223,4518,64,4500,9.23882248783
320041,320084,320975,43,891,8,6000,1.04826038159
320082,320091,320968,9,877,8,6000,1.0102622577
320093,320133,320985,40,852,8,6000,1.04694835681
320135,320282,321198,147,916,8,6000,1.16048034934
320279,320386,321217,107,831,8,6000,1.12876052948
320382,320395,321267,13,872,8,6000,1.01490825688
320392,320499,321815,107,1316,8,6000,1.08130699088
320495,320564,321415,69,851,8,6000,1.08108108108
320567,320745,321652,178,907,8,6000,1.19625137817
320740,320767,321612,27,845,8,6000,1.03195266272
320772,320901,321761,129,860,8,6000,1.15
320789,328637,371852,7848,43215,64,43200,1.18160360986
320883,361723,381946,40840,20223,32,43200,3.01948276715
320905,320980,321816,75,836,8,6000,1.08971291866
320976,320987,321831,11,844,8,6000,1.01303317536
320987,320997,321912,10,915,8,6000,1.01092896175
320998,321210,322056,212,846,8,6000,1.25059101655
321212,321229,322073,17,844,8,6000,1.02014218009
321233,321280,322113,47,833,8,6000,1.05642256903
321284,321428,322272,144,844,8,6000,1.17061611374
321427,321444,322314,17,870,8,6000,1.01954022989
321438,321625,322471,187,846,8,6000,1.22104018913
321622,321664,322558,42,894,8,6000,1.04697986577
321663,321773,322633,110,860,8,6000,1.12790697674
321775,321827,322697,52,870,8,6000,1.05977011494
321827,321834,322710,7,876,8,6000,1.00799086758
321838,321845,322742,7,897,8,6000,1.00780379041
321848,321925,322790,77,865,8,6000,1.08901734104
321930,322068,322924,138,856,8,6000,1.16121495327
322073,322085,323095,12,1010,8,6000,1.01188118812
322084,322125,323005,41,880,8,6000,1.04659090909
322125,322284,323199,159,915,8,6000,1.1737704918
322289,322326,323211,37,885,8,6000,1.0418079096
322330,322483,323360,153,877,8,6000,1.17445838084
322359,324531,325162,2172,631,1,600,4.44215530903
322362,324536,325144,2174,608,1,600,4.57565789474
322364,325017,325626,2653,609,1,600,5.35632183908
322367,325023,325652,2656,629,1,600,5.22257551669
322369,325156,325774,2787,618,1,600,5.50970873786
322425,322718,324344,293,1626,2,14400,1.18019680197
322433,324356,325586,1923,1230,2,1200,2.56341463415
322483,322570,323451,87,881,8,6000,1.09875141884
322498,325007,326216,2509,1209,4,1200,3.0752688172
322575,322646,323494,71,848,8,6000,1.08372641509
322579,324680,326501,2101,1821,8,1800,2.15376166941
322647,322709,323639,62,930,8,6000,1.06666666667
322686,325174,325791,2488,617,1,600,5.03241491086
322709,322725,323563,16,838,8,6000,1.01909307876
322729,322754,323711,25,957,8,6000,1.02612330199
322740,325598,326215,2858,617,1,600,5.63209076175
322750,322803,323677,53,874,8,6000,1.06064073227
322775,325603,326234,2828,631,1,600,5.48177496038
322802,322936,323795,134,859,8,6000,1.15599534342
322826,325609,326216,2783,607,1,600,5.58484349259
322876,325614,326232,2738,618,1,600,5.43042071197
322915,327394,330473,4479,3079,2,14400,2.45469308217
322927,324370,325586,1443,1216,2,1200,2.18667763158
322935,323017,323886,82,869,8,6000,1.09436133487
322975,325012,326232,2037,1220,4,1200,2.66967213115
323017,323107,323973,90,866,8,6000,1.103926097
323035,325001,326806,1966,1805,8,1800,2.0891966759
323109,323212,324230,103,1018,8,6000,1.10117878193
323211,323224,324069,13,845,8,6000,1.01538461538
323222,323372,324227,150,855,8,6000,1.17543859649
323254,332029,333752,8775,1723,2,14400,6.09286128845
323375,323463,324358,88,895,8,6000,1.09832402235
323468,323507,324369,39,862,8,6000,1.04524361949
323509,323575,324442,66,867,8,6000,1.07612456747
323581,323652,324519,71,867,8,6000,1.08189158016
323652,323689,324580,37,891,8,6000,1.04152637486
323694,323723,324580,29,857,8,6000,1.03383897316
323725,323808,324668,83,860,8,6000,1.09651162791
323807,323898,324756,91,858,8,6000,1.10606060606
323903,323985,326548,82,2563,5,14400,1.03199375732
323985,323992,326451,7,2459,5,14400,1.00284668564
323995,324081,326383,86,2302,5,14400,1.03735881842
324077,324240,326589,163,2349,5,14400,1.06939123031
324231,324246,326761,15,2515,5,14400,1.00596421471
324241,324254,326563,13,2309,5,14400,1.00563014292
324252,324375,326748,123,2373,5,14400,1.05183312263
324375,324383,326655,8,2272,5,14400,1.00352112676
324385,324392,326602,7,2210,5,14400,1.00316742081
324396,324454,326981,58,2527,5,14400,1.02295211713
324458,324464,326678,6,2214,5,14400,1.0027100271
324468,324542,326997,74,2455,5,14400,1.03014256619
324540,324592,326991,52,2399,5,14400,1.02167569821
324581,324598,327122,17,2524,5,14400,1.00673534073
324602,324609,327362,7,2753,5,14400,1.00254268071
324613,324698,327246,85,2548,5,14400,1.03335949765
324695,324769,327326,74,2557,5,14400,1.02894016425
324767,326395,329002,1628,2607,5,14400,1.62447257384
326397,326463,329231,66,2768,5,14400,1.02384393064
326464,326575,327393,111,818,8,6000,1.13569682152
326566,326615,327455,49,840,8,6000,1.05833333333
326597,326668,327848,71,1180,8,6000,1.06016949153
326659,326761,327586,102,825,8,6000,1.12363636364
326679,326773,327613,94,840,8,6000,1.1119047619
326761,327003,327956,242,953,8,6000,1.25393494229
326996,327134,327964,138,830,8,6000,1.16626506024
327007,327258,328150,251,892,8,6000,1.28139013453
327252,327374,328212,122,838,8,6000,1.14558472554
327319,327326,327932,7,606,12,600,1.01155115512
327334,327405,328268,71,863,8,6000,1.08227114716
327358,327364,327413,6,49,12,900,1.12244897959
327395,327467,328440,72,973,8,6000,1.0739979445
327457,327600,328474,143,874,8,6000,1.16361556064
327528,327535,327706,7,171,12,300,1.04093567251
327567,327575,328200,8,625,12,600,1.0128
327590,327625,328446,35,821,8,6000,1.04263093788
327621,327861,328683,240,822,8,6000,1.29197080292
327856,327968,328783,112,815,8,6000,1.13742331288
327958,327976,328884,18,908,8,6000,1.01982378855
327969,328162,328999,193,837,8,6000,1.23058542413
328152,328224,329068,72,844,8,6000,1.08530805687
328214,328281,329113,67,832,8,6000,1.08052884615
328276,328452,329304,176,852,8,6000,1.20657276995
328449,328459,329275,10,816,8,6000,1.01225490196
328450,328487,329355,37,868,8,6000,1.04262672811
328481,328695,329526,214,831,8,6000,1.25752105897
328685,328796,329662,111,866,8,6000,1.12817551963
328787,328896,329740,109,844,8,6000,1.12914691943
328889,329011,329833,122,822,8,6000,1.14841849148
329002,329018,329892,16,874,8,6000,1.01830663616
329012,329080,330023,68,943,8,6000,1.07211028632
329074,329125,329973,51,848,8,6000,1.06014150943
329115,329288,330824,173,1536,8,6000,1.11263020833
329279,329317,330208,38,891,8,6000,1.04264870932
329310,329368,330284,58,916,8,6000,1.06331877729
329361,329538,330372,177,834,8,6000,1.21223021583
329535,329674,330527,139,853,8,6000,1.16295427902
329668,329752,330582,84,830,8,6000,1.10120481928
329750,329846,330819,96,973,8,6000,1.098663926
329842,329904,330806,62,902,8,6000,1.06873614191
329893,329985,330837,92,852,8,6000,1.10798122066
329975,330035,330864,60,829,8,6000,1.07237635706
330027,330221,331072,194,851,8,6000,1.22796709753
330211,330296,331710,85,1414,8,6000,1.06011315417
330293,330384,331260,91,876,8,6000,1.10388127854
330375,330486,331371,111,885,8,6000,1.12542372881
330402,332576,354189,2174,21613,1,21600,1.10058760931
330486,334332,349377,3846,15045,1,15000,1.2556331007
330489,330539,331502,50,963,8,6000,1.05192107996
330525,334338,352975,3813,18637,1,18600,1.2045930139
330541,330594,331456,53,862,8,6000,1.06148491879
330592,330818,331749,226,931,8,6000,1.24274973147
330818,330831,331686,13,855,8,6000,1.01520467836
330828,330838,331745,10,907,8,6000,1.01102535832
330839,330849,331700,10,851,8,6000,1.01175088132
330851,330876,331775,25,899,8,6000,1.02780867631
330872,331084,331933,212,849,8,6000,1.24970553592
331086,331273,332336,187,1063,8,6000,1.17591721543
331270,331383,332221,113,838,8,6000,1.13484486874
331383,331469,332342,86,873,8,6000,1.09851088202
331475,331514,332361,39,847,8,6000,1.04604486423
331516,331698,332556,182,858,8,6000,1.21212121212
331699,331712,332564,13,852,8,6000,1.01525821596
331710,331723,332596,13,873,8,6000,1.01489117984
331721,331757,332610,36,853,8,6000,1.04220398593
331752,331764,332601,12,837,8,6000,1.01433691756
331763,331787,333160,24,1373,8,6000,1.01747997087
331783,331945,332775,162,830,8,6000,1.19518072289
331947,332024,332974,77,950,8,6000,1.08105263158
332029,332234,333242,205,1008,8,6000,1.20337301587
332233,332349,333205,116,856,8,6000,1.13551401869
332345,332356,333217,11,861,8,6000,1.01277584204
332356,332373,333193,17,820,8,6000,1.02073170732
332377,332568,333426,191,858,8,6000,1.22261072261
332571,332608,333440,37,832,8,6000,1.04447115385
332604,332615,333470,11,855,8,6000,1.01286549708
332614,332623,333580,9,957,8,6000,1.00940438871
332625,332787,333645,162,858,8,6000,1.18881118881
332789,332986,333920,197,934,8,6000,1.21092077088
332983,333173,334015,190,842,8,6000,1.22565320665
333177,333206,334161,29,955,8,6000,1.03036649215
333208,333218,334070,10,852,8,6000,1.0117370892
333218,333932,333948,714,16,8,3600,45.625
333219,333229,334056,10,827,8,6000,1.01209189843
333230,333254,334115,24,861,8,6000,1.02787456446
333250,333439,334302,189,863,8,6000,1.21900347625
333436,333453,334305,17,852,8,6000,1.01995305164
333456,333483,334318,27,835,8,6000,1.03233532934
333487,333593,334522,106,929,8,6000,1.11410118407
333590,333658,334558,68,900,8,6000,1.07555555556
333662,333764,334694,102,930,8,6000,1.10967741935
333764,333960,334813,196,853,8,6000,1.22977725674
333958,334027,334879,69,852,8,6000,1.08098591549
334030,334069,334923,39,854,8,6000,1.04566744731
334071,334083,334928,12,845,8,6000,1.01420118343
334082,334128,335028,46,900,8,6000,1.05111111111
334133,334173,335054,40,881,8,6000,1.04540295119
334174,334314,335166,140,852,8,6000,1.16431924883
334317,334324,335261,7,937,8,6000,1.00747065101
334328,334534,335387,206,853,8,6000,1.24150058617
334532,334570,335555,38,985,8,6000,1.0385786802
334574,334706,335615,132,909,8,6000,1.14521452145
334707,334825,335704,118,879,8,6000,1.13424345848
334829,334891,335759,62,868,8,6000,1.07142857143
334891,334936,335823,45,887,8,6000,1.05073280722
334932,334943,335829,11,886,8,6000,1.01241534989
334943,335041,336085,98,1044,8,6000,1.0938697318
335046,335066,335992,20,926,8,6000,1.02159827214
335066,335178,336026,112,848,8,6000,1.1320754717
335179,335274,336119,95,845,8,6000,1.1124260355
335271,335400,336270,129,870,8,6000,1.14827586207
335404,335567,336543,163,976,8,6000,1.16700819672
335537,335716,335717,179,1,8,3600,18.0
335568,335628,336505,60,877,8,6000,1.06841505131
335630,335729,336588,99,859,8,6000,1.11525029104
335732,335771,336668,39,897,8,6000,1.04347826087
335773,335835,336974,62,1139,8,6000,1.05443371378
335836,335842,336773,6,931,8,6000,1.00644468314
335846,336004,336861,158,857,8,6000,1.18436406068
336009,336038,336913,29,875,8,6000,1.03314285714
336040,336089,336957,49,868,8,6000,1.0564516129
336091,336099,336960,8,861,8,6000,1.00929152149
336102,336132,337000,30,868,8,6000,1.03456221198
336133,336283,337149,150,866,8,6000,1.17321016166
336287,336517,337370,230,853,8,6000,1.26963657679
336521,336555,337419,34,864,8,6000,1.03935185185
336555,336600,339135,45,2535,5,14400,1.01775147929
336596,336680,339133,84,2453,5,14400,1.03424378312
336678,336686,338994,8,2308,5,14400,1.00346620451
336689,336785,339149,96,2364,5,14400,1.04060913706
336781,336791,339318,10,2527,5,14400,1.00395726157
336792,336873,339179,81,2306,5,14400,1.03512575889
336874,336926,339372,52,2446,5,14400,1.02125919869
336925,336932,339256,7,2324,5,14400,1.00301204819
336936,336970,339192,34,2222,5,14400,1.01530153015
336967,336977,339531,10,2554,5,14400,1.00391542678
336977,336984,339223,7,2239,5,14400,1.00312639571
336988,336994,339429,6,2435,5,14400,1.00246406571
336998,337006,339387,8,2381,5,14400,1.0033599328
337009,337016,339642,7,2626,5,14400,1.00266565118
337020,337162,339874,142,2712,5,14400,1.05235988201
337163,337169,339685,6,2516,5,14400,1.00238473768
337173,337382,339922,209,2540,5,14400,1.08228346457
337377,337431,340038,54,2607,5,14400,1.02071346375
337429,337437,340358,8,2921,5,14400,1.00273878809
337439,337827,340338,388,2511,5,14400,1.15452011151
337827,337840,340511,13,2671,5,14400,1.00486709098
337837,339006,341290,1169,2284,5,14400,1.51182136602
338522,340530,341177,2008,647,1,1800,4.10355486862
338540,341189,343034,2649,1845,1,1800,2.43577235772
338559,343046,345464,4487,2418,1,2400,2.85566583954
338590,345356,347193,6766,1837,1,3600,4.68317909635
338609,345362,346087,6753,725,1,3600,10.3144827586
338631,340524,345344,1893,4820,2,4800,1.39273858921
338657,346119,351557,7462,5438,4,5400,2.37219566017
338682,346731,349636,8049,2905,8,5400,3.77074010327
339010,339145,341872,135,2727,5,14400,1.0495049505
339143,339152,341770,9,2618,5,14400,1.00343773873
339153,339161,341489,8,2328,5,14400,1.00343642612
339164,339191,341918,27,2727,5,14400,1.0099009901
339195,339204,341502,9,2298,5,14400,1.00391644909
339206,339235,341597,29,2362,5,14400,1.01227773074
339237,339268,341567,31,2299,5,14400,1.01348412353
339268,339330,341909,62,2579,5,14400,1.02404032571
339330,339385,341963,55,2578,5,14400,1.02133436773
339381,339399,341830,18,2431,5,14400,1.00740436035
339402,339441,342137,39,2696,5,14400,1.01446587537
339443,339543,342120,100,2577,5,14400,1.0388048118
339546,339654,342068,108,2414,5,14400,1.04473902237
339658,339697,342423,39,2726,5,14400,1.01430667645
339699,339886,342192,187,2306,5,14400,1.08109280139
339883,339934,342344,51,2410,5,14400,1.02116182573
339935,340050,342264,115,2214,5,14400,1.05194218609
340047,340350,342706,303,2356,5,14400,1.12860780985
340353,340370,342866,17,2496,5,14400,1.00681089744
340374,341302,343566,928,2264,5,14400,1.40989399293
341303,341502,343738,199,2236,5,14400,1.08899821109
341497,341514,343827,17,2313,5,14400,1.00734976221
341518,341579,344305,61,2726,5,14400,1.02237710932
341580,341609,344170,29,2561,5,14400,1.01132370168
341611,341782,344408,171,2626,5,14400,1.06511805027
341785,341842,344259,57,2417,5,14400,1.02358295408
341846,341885,344350,39,2465,5,14400,1.01582150101
341888,341921,344272,33,2351,5,14400,1.01403658018
341919,341931,344823,12,2892,5,14400,1.00414937759
341929,341975,344227,46,2252,5,14400,1.02042628774
341971,342080,344306,109,2226,5,14400,1.04896675651
342083,342133,344336,50,2203,5,14400,1.0226963232
342135,342149,344643,14,2494,5,14400,1.00561347233
342145,342204,344712,59,2508,5,14400,1.02352472089
342207,342276,345235,69,2959,5,14400,1.02331868875
342279,342356,344836,77,2480,5,14400,1.0310483871
342361,342437,344921,76,2484,5,14400,1.0305958132
342432,342719,345399,287,2680,5,14400,1.10708955224
342718,342879,345734,161,2855,5,14400,1.05639229422
342881,343578,346083,697,2505,5,14400,1.27824351297
343574,343750,346098,176,2348,5,14400,1.07495741056
343748,343839,346106,91,2267,5,14400,1.04014115571
343840,344183,347103,343,2920,5,14400,1.11746575342
344187,344239,346719,52,2480,5,14400,1.02096774194
344238,344271,346689,33,2418,5,14400,1.01364764268
344269,344284,346876,15,2592,5,14400,1.00578703704
344280,344317,346969,37,2652,5,14400,1.01395173454
344321,344328,346991,7,2663,5,14400,1.00262861434
344332,344349,346632,17,2283,5,14400,1.00744634253
344352,344362,347015,10,2653,5,14400,1.00376931775
344363,344420,346697,57,2277,5,14400,1.02503293808
344425,344656,346845,231,2189,5,14400,1.10552763819
344659,344724,347202,65,2478,5,14400,1.02623083132
344721,344835,347134,114,2299,5,14400,1.04958677686
344834,344848,347252,14,2404,5,14400,1.00582362729
344844,344933,347398,89,2465,5,14400,1.03610547667
344936,345247,348240,311,2993,5,14400,1.10390912128
345253,345411,347679,158,2268,5,14400,1.069664903
345416,345746,348473,330,2727,5,14400,1.12101210121
345742,346095,348910,353,2815,5,14400,1.12539964476
346099,346110,348908,11,2798,5,14400,1.00393137956
346110,346124,348712,14,2588,5,14400,1.00540958269
346121,346701,349432,580,2731,5,14400,1.21237641889
346702,346736,349502,34,2766,5,14400,1.01229211858
346733,346858,349243,125,2385,5,14400,1.05241090147
346856,346888,349213,32,2325,5,14400,1.01376344086
346887,346982,349267,95,2285,5,14400,1.04157549234
346979,347003,349313,24,2310,5,14400,1.01038961039
347000,347115,349455,115,2340,5,14400,1.04914529915
347112,347146,349803,34,2657,5,14400,1.0127963869
347144,347214,349468,70,2254,5,14400,1.03105590062
347216,347264,349803,48,2539,5,14400,1.01890508074
347267,347410,349929,143,2519,5,14400,1.05676855895
347410,348252,350643,842,2391,5,14400,1.3521539105
348245,348485,351075,240,2590,5,14400,1.09266409266
348480,348724,351144,244,2420,5,14400,1.10082644628
348715,348921,351387,206,2466,5,14400,1.08353609084
348919,349225,352012,306,2787,5,14400,1.10979547901
348919,348928,351661,9,2733,5,14400,1.00329308452
349215,349255,351940,40,2685,5,14400,1.01489757914
349246,349279,351959,33,2680,5,14400,1.01231343284
349267,349326,351743,59,2417,5,14400,1.02441042615
349319,349445,352344,126,2899,5,14400,1.04346326319
349441,349467,352129,26,2662,5,14400,1.00976709241
349462,349480,351791,18,2311,5,14400,1.007788836
349473,349514,351943,41,2429,5,14400,1.01687937423
349504,349815,352135,311,2320,5,14400,1.13405172414
349809,349822,352295,13,2473,5,14400,1.00525677315
349820,349941,352582,121,2641,5,14400,1.0458159788
349932,350656,352932,724,2276,5,14400,1.31810193322
350653,351087,353627,434,2540,5,14400,1.17086614173
351080,351156,354113,76,2957,5,14400,1.02570172472
351152,351399,353958,247,2559,5,14400,1.09652207894
351396,351673,353978,277,2305,5,14400,1.12017353579
351670,351755,354706,85,2951,5,14400,1.02880379532
351752,351809,354055,57,2246,5,14400,1.02537845058
351795,351802,352630,7,828,8,6000,1.00845410628
351806,351816,352648,10,832,8,6000,1.01201923077
351817,351823,352667,6,844,8,6000,1.00710900474
351827,351952,352767,125,815,8,6000,1.15337423313
351949,351972,352840,23,868,8,6000,1.02649769585
351970,352024,352844,54,820,8,6000,1.06585365854
352021,352147,352979,126,832,8,6000,1.15144230769
352144,352356,353779,212,1423,8,6000,1.148981026
352358,352595,353441,237,846,8,6000,1.28014184397
352592,352642,353471,50,829,8,6000,1.06031363088
352643,352660,353485,17,825,8,6000,1.02060606061
352664,352679,353495,15,816,8,6000,1.01838235294
352675,352761,353629,86,868,8,6000,1.09907834101
352766,352779,353657,13,878,8,6000,1.01480637813
352777,352853,353675,76,822,8,6000,1.09245742092
352849,352860,353778,11,918,8,6000,1.01198257081
352859,352944,353834,85,890,8,6000,1.09550561798
352941,352991,353829,50,838,8,6000,1.05966587112
352992,353264,354103,272,839,8,6000,1.3241954708
353267,353454,354366,187,912,8,6000,1.20504385965
353450,353483,354317,33,834,8,6000,1.03956834532
353481,353497,354332,16,835,8,6000,1.01916167665
353502,353513,354679,11,1166,8,6000,1.00943396226
353513,353639,354468,126,829,8,6000,1.15199034982
353635,353646,354566,11,920,8,6000,1.01195652174
353646,353670,354495,24,825,8,6000,1.02909090909
353666,353687,354637,21,950,8,6000,1.02210526316
353687,353790,354601,103,811,8,6000,1.12700369914
353789,353797,354648,8,851,8,6000,1.00940070505
353800,353842,354695,42,853,8,6000,1.04923798359
353841,353849,354709,8,860,8,6000,1.00930232558
353852,353970,354804,118,834,8,6000,1.14148681055
353974,354067,354924,93,857,8,6000,1.10851808635
354066,354115,354953,49,838,8,6000,1.0584725537
354117,354125,355063,8,938,8,6000,1.00852878465
354128,354329,355165,201,836,8,6000,1.24043062201
354331,354344,355418,13,1074,8,6000,1.01210428305
354342,354480,355336,138,856,8,6000,1.16121495327
354485,354614,355458,129,844,8,6000,1.1528436019
354617,354649,355468,32,819,8,6000,1.03907203907
354648,354660,355557,12,897,8,6000,1.01337792642
354659,354708,355648,49,940,8,6000,1.05212765957
354710,354718,355558,8,840,8,6000,1.00952380952
354721,354727,355640,6,913,8,6000,1.00657174151
354732,354816,355678,84,862,8,6000,1.09744779582
354813,354936,355761,123,825,8,6000,1.14909090909
354936,355076,355922,140,846,8,6000,1.16548463357
355078,355348,356272,270,924,8,6000,1.29220779221
355353,355471,356336,118,865,8,6000,1.13641618497
355465,355480,356313,15,833,8,6000,1.01800720288
355476,355570,356404,94,834,8,6000,1.11270983213
355558,355575,356421,17,846,8,6000,1.02009456265
355569,355652,356639,83,987,8,6000,1.08409321175
355650,355661,356508,11,847,8,6000,1.01298701299
355651,355690,356540,39,850,8,6000,1.04588235294
355682,355773,356612,91,839,8,6000,1.1084624553
355764,355934,356783,170,849,8,6000,1.20023557126
355927,356285,357184,358,899,8,6000,1.39822024472
356282,356326,357155,44,829,8,6000,1.05307599517
356323,356348,357211,25,863,8,6000,1.02896871379
356344,356416,357253,72,837,8,6000,1.08602150538
356406,356433,357263,27,830,8,6000,1.03253012048
356427,356520,357403,93,883,8,6000,1.10532276331
356509,356552,357402,43,850,8,6000,1.05058823529
356550,356625,357495,75,870,8,6000,1.08620689655
356621,356651,357498,30,847,8,6000,1.03541912633
356642,356795,357628,153,833,8,6000,1.18367346939
356785,357167,358015,382,848,8,6000,1.45047169811
357160,357200,358099,40,899,8,6000,1.04449388209
357191,357224,358174,33,950,8,6000,1.03473684211
357212,357265,358116,53,851,8,6000,1.06227967098
357253,357275,358303,22,1028,8,6000,1.02140077821
357264,357413,358276,149,863,8,6000,1.17265353418
357407,357421,358299,14,878,8,6000,1.0159453303
357417,357508,358358,91,850,8,6000,1.10705882353
357499,357515,358362,16,847,8,6000,1.01889020071
357510,357641,358505,131,864,8,6000,1.15162037037
357632,358028,358878,396,850,8,6000,1.46588235294
358018,358111,358974,93,863,8,6000,1.1077636153
358100,358128,359072,28,944,8,6000,1.02966101695
358121,358187,359039,66,852,8,6000,1.07746478873
358183,358289,359157,106,868,8,6000,1.12211981567
358285,358311,359153,26,842,8,6000,1.03087885986
358306,358370,359216,64,846,8,6000,1.0756501182
358306,358318,359169,12,851,8,6000,1.01410105758
358368,358377,359254,9,877,8,6000,1.0102622577
358368,358517,359356,149,839,8,6000,1.17759237187
358511,358890,359766,379,876,8,6000,1.43264840183
358887,358985,359856,98,871,8,6000,1.11251435132
358979,359051,359936,72,885,8,6000,1.0813559322
359040,359085,359951,45,866,8,6000,1.0519630485
359081,359165,360059,84,894,8,6000,1.09395973154
359163,359172,360038,9,866,8,6000,1.0103926097
359163,359181,360035,18,854,8,6000,1.02107728337
359174,359228,360103,54,875,8,6000,1.06171428571
359225,359266,360145,41,879,8,6000,1.04664391354
359256,359368,360227,112,859,8,6000,1.13038416764
359359,359779,360639,420,860,8,6000,1.48837209302
359776,359868,360765,92,897,8,6000,1.10256410256
359857,359949,360930,92,981,8,6000,1.09378185525
359939,359964,360831,25,867,8,6000,1.02883506344
359960,360047,360915,87,868,8,6000,1.10023041475
360042,360054,360912,12,858,8,6000,1.01398601399
360052,360072,361044,20,972,8,6000,1.02057613169
360063,360115,360965,52,850,8,6000,1.06117647059
360104,360157,361025,53,868,8,6000,1.06105990783
360146,360240,361115,94,875,8,6000,1.10742857143
360238,360651,361526,413,875,8,6000,1.472
360644,360778,361685,134,907,8,6000,1.14773980154
360766,360844,361718,78,874,8,6000,1.08924485126
360838,360924,361784,86,860,8,6000,1.1
360920,360931,361825,11,894,8,6000,1.01230425056
360920,360942,361804,22,862,8,6000,1.02552204176
360931,360978,361854,47,876,8,6000,1.05365296804
360972,361037,361919,65,882,8,6000,1.07369614512
361034,361057,361926,23,869,8,6000,1.02646720368
361055,361127,362006,72,879,8,6000,1.0819112628
361116,361538,362420,422,882,8,6000,1.47845804989
361531,361697,364203,166,2506,5,14400,1.06624102155
361694,361754,364236,60,2482,5,14400,1.02417405318
361695,361759,364004,64,2245,5,14400,1.0285077951
361756,361766,364160,10,2394,5,14400,1.00417710944
361757,361771,364334,14,2563,5,14400,1.00546234881
361767,361796,364117,29,2321,5,14400,1.01249461439
361798,361815,364212,17,2397,5,14400,1.00709219858
361809,361821,364071,12,2250,5,14400,1.00533333333
361819,361837,364073,18,2236,5,14400,1.00805008945
361840,361846,364398,6,2552,5,14400,1.00235109718
361851,361866,364079,15,2213,5,14400,1.00677812924
361861,361931,364359,70,2428,5,14400,1.02883031301
361923,361936,364302,13,2366,5,14400,1.00549450549
361934,361943,364526,9,2583,5,14400,1.00348432056
361944,362018,364695,74,2677,5,14400,1.02764288383
362016,362024,364515,8,2491,5,14400,1.00321156162
362026,362344,364849,318,2505,5,14400,1.12694610778
362341,362381,365000,40,2619,5,14400,1.01527300496
362383,362433,365099,50,2666,5,14400,1.01875468867
362434,362560,365094,126,2534,5,14400,1.04972375691
362556,362805,365521,249,2716,5,14400,1.09167893962
362800,362811,365113,11,2302,5,14400,1.00477845352
362811,362818,365497,7,2679,5,14400,1.00261291527
362822,362829,365489,7,2660,5,14400,1.00263157895
362832,364016,366414,1184,2398,5,14400,1.49374478732
364020,364083,366856,63,2773,5,14400,1.02271907681
364082,364090,366405,8,2315,5,14400,1.00345572354
364092,364099,366482,7,2383,5,14400,1.00293747377
364103,364129,366467,26,2338,5,14400,1.01112061591
364134,364173,366795,39,2622,5,14400,1.01487414188
364175,364215,366805,40,2590,5,14400,1.01544401544
364216,364225,366622,9,2397,5,14400,1.00375469337
364227,364249,366922,22,2673,5,14400,1.00823045267
364247,364315,366885,68,2570,5,14400,1.02645914397
364319,364346,366740,27,2394,5,14400,1.01127819549
364350,364371,367092,21,2721,5,14400,1.00771775083
364371,364410,366698,39,2288,5,14400,1.01704545455
364412,364527,366945,115,2418,5,14400,1.04755996691
364524,364538,366723,14,2185,5,14400,1.00640732265
364534,364707,367082,173,2375,5,14400,1.07284210526
364707,364861,367351,154,2490,5,14400,1.06184738956
364860,365012,367386,152,2374,5,14400,1.06402695872
365013,365107,367436,94,2329,5,14400,1.04036066982
365105,365114,367405,9,2291,5,14400,1.00392841554
365115,365126,367940,11,2814,5,14400,1.0039090263
365126,365501,367982,375,2481,5,14400,1.15114873035
365502,365509,368177,7,2668,5,14400,1.00262368816
365513,365534,368014,21,2480,5,14400,1.00846774194
365534,366417,368822,883,2405,5,14400,1.36715176715
366417,366426,368822,9,2396,5,14400,1.00375626043
366428,366480,369279,52,2799,5,14400,1.01857806359
366479,366495,368740,16,2245,5,14400,1.00712694878
366500,366634,368876,134,2242,5,14400,1.05976806423
366632,366710,368915,78,2205,5,14400,1.03537414966
366714,366735,369300,21,2565,5,14400,1.0081871345
366735,366752,369226,17,2474,5,14400,1.00687146322
366756,366807,369724,51,2917,5,14400,1.01748371615
366807,366817,369271,10,2454,5,14400,1.00407497963
366817,366868,369313,51,2445,5,14400,1.02085889571
366869,366897,369548,28,2651,5,14400,1.01056205206
366900,366934,369812,34,2878,5,14400,1.01181375956
366930,366958,369256,28,2298,5,14400,1.01218450827
366961,367094,369449,133,2355,5,14400,1.05647558386
367094,367104,369447,10,2343,5,14400,1.00426803244
367104,367364,370175,260,2811,5,14400,1.09249377446
367369,367398,369828,29,2430,5,14400,1.01193415638
367400,367417,369751,17,2334,5,14400,1.00728363325
367421,367448,370014,27,2566,5,14400,1.01052221356
367451,367952,370613,501,2661,5,14400,1.18827508455
367949,367995,370670,46,2675,5,14400,1.01719626168
368000,368026,370324,26,2298,5,14400,1.01131418625
368031,368190,370925,159,2735,5,14400,1.05813528336
368194,368752,371062,558,2310,5,14400,1.24155844156
368753,368834,371001,81,2167,5,14400,1.03737886479
368835,368841,371342,6,2501,5,14400,1.00239904038
368845,368888,371237,43,2349,5,14400,1.01830566198
368886,368928,371348,42,2420,5,14400,1.0173553719
368927,369238,371633,311,2395,5,14400,1.12985386221
369242,369268,372266,26,2998,5,14400,1.0086724483
369273,369283,371577,10,2294,5,14400,1.00435919791
369284,369291,372033,7,2742,5,14400,1.00255288111
369294,369312,372120,18,2808,5,14400,1.00641025641
369315,369326,372030,11,2704,5,14400,1.00406804734
369326,369460,372086,134,2626,5,14400,1.05102817974
369458,369467,371883,9,2416,5,14400,1.00372516556
369469,369560,372384,91,2824,5,14400,1.03222379603
369560,369736,372295,176,2559,5,14400,1.06877686596
369734,369764,372023,30,2259,5,14400,1.01328021248
369764,369824,372225,60,2401,5,14400,1.02498958767
369826,369841,372113,15,2272,5,14400,1.00660211268
369836,370026,372370,190,2344,5,14400,1.08105802048
370030,370187,372871,157,2684,5,14400,1.0584947839
370183,370336,372565,153,2229,5,14400,1.06864064603
370335,370625,373248,290,2623,5,14400,1.11056042699
370630,370682,373206,52,2524,5,14400,1.0206022187
370682,370938,373287,256,2349,5,14400,1.10898254576
370936,371014,373598,78,2584,5,14400,1.03018575851
371018,371075,373535,57,2460,5,14400,1.02317073171
371079,371250,373810,171,2560,5,14400,1.066796875
371252,371355,374017,103,2662,5,14400,1.03869271225
371355,371362,374165,7,2803,5,14400,1.0024973243
371365,371589,376007,224,4418,5,14400,1.05070167497
371589,371645,374316,56,2671,5,14400,1.02096593036
371641,371865,374264,224,2399,5,14400,1.09337223843
371865,371871,374723,6,2852,5,14400,1.00210378682
371876,371882,374560,6,2678,5,14400,1.00224047797
371886,371893,374229,7,2336,5,14400,1.00299657534
371897,371904,374322,7,2418,5,14400,1.00289495451
371907,371915,374331,8,2416,5,14400,1.00331125828
371918,371924,374420,6,2496,5,14400,1.00240384615
371929,371935,374596,6,2661,5,14400,1.00225479143
371939,371946,374228,7,2282,5,14400,1.00306748466
371950,371957,374507,7,2550,5,14400,1.00274509804
371960,371967,374905,7,2938,5,14400,1.00238257318
371971,371978,374545,7,2567,5,14400,1.00272691858
371983,371990,374293,7,2303,5,14400,1.00303951368
371994,372001,374975,7,2974,5,14400,1.00235373235
372004,372035,374252,31,2217,5,14400,1.01398285972
372034,372045,372879,11,834,8,6000,1.01318944844
372045,372125,372966,80,841,8,6000,1.09512485137
372127,372134,372994,7,860,8,6000,1.00813953488
372137,372278,373383,141,1105,8,6000,1.12760180995
372280,372308,373161,28,853,8,6000,1.03282532239
372311,372397,373227,86,830,8,6000,1.10361445783
372393,372883,373749,490,866,8,6000,1.56581986143
372881,372891,373711,10,820,8,6000,1.01219512195
372892,372978,373798,86,820,8,6000,1.10487804878
372974,373006,374184,32,1178,8,6000,1.02716468591
373005,373174,374011,169,837,8,6000,1.20191158901
373178,373218,374069,40,851,8,6000,1.04700352526
373219,373239,374162,20,923,8,6000,1.02166847237
373240,373299,374312,59,1013,8,6000,1.05824284304
373302,373395,374237,93,842,8,6000,1.11045130641
373394,373547,374415,153,868,8,6000,1.17626728111
373548,373723,374565,175,842,8,6000,1.20783847981
373721,373762,374584,41,822,8,6000,1.0498783455
373762,373811,374931,49,1120,8,6000,1.04375
373814,373823,374754,9,931,8,6000,1.0096670247
373824,374023,374919,199,896,8,6000,1.22209821429
374028,374081,375029,53,948,8,6000,1.055907173
374080,374174,374994,94,820,8,6000,1.11463414634
374172,374181,375017,9,836,8,6000,1.01076555024
374183,374196,375028,13,832,8,6000,1.015625
374193,374241,375532,48,1291,8,6000,1.03718048025
374245,374251,375143,6,892,8,6000,1.0067264574
374255,374265,375105,10,840,8,6000,1.0119047619
374266,374276,375106,10,830,8,6000,1.01204819277
374277,374324,375285,47,961,8,6000,1.04890738814
374328,374335,375283,7,948,8,6000,1.00738396624
374339,374345,375252,6,907,8,6000,1.00661521499
374349,374428,375257,79,829,8,6000,1.09529553679
374432,374438,375271,6,833,8,6000,1.00720288115
374442,374557,375680,115,1123,8,6000,1.10240427427
374555,374573,375431,18,858,8,6000,1.02097902098
374576,374582,375443,6,861,8,6000,1.00696864111
374587,374596,375513,9,917,8,6000,1.00981461287
374598,374735,375561,137,826,8,6000,1.16585956416
374741,374766,375595,25,829,8,6000,1.03015681544
374762,374931,375797,169,866,8,6000,1.19515011547
374936,374943,376467,7,1524,8,6000,1.00459317585
374946,374987,375830,41,843,8,6000,1.04863582444
374987,375007,375848,20,841,8,6000,1.02378121284
375008,375029,375967,21,938,8,6000,1.0223880597
375029,375040,375879,11,839,8,6000,1.01311084625
375040,375047,375973,7,926,8,6000,1.00755939525
375051,375117,376015,66,898,8,6000,1.07349665924
375113,375124,375957,11,833,8,6000,1.01320528211
375123,375155,375988,32,833,8,6000,1.03841536615
375154,375265,376101,111,836,8,6000,1.13277511962
375267,375273,376173,6,900,8,6000,1.00666666667
375278,375285,376134,7,849,8,6000,1.00824499411
375288,375297,376129,9,832,8,6000,1.01081730769
375299,375305,376148,6,843,8,6000,1.00711743772
375310,375444,376325,134,881,8,6000,1.15209988649
375443,375455,376308,12,853,8,6000,1.01406799531
375454,375526,376460,72,934,8,6000,1.07708779443
375525,375544,376395,19,851,8,6000,1.0223266745
375546,375574,376405,28,831,8,6000,1.03369434416
375578,375607,376467,29,860,8,6000,1.03372093023
375609,375693,376667,84,974,8,6000,1.08624229979
375691,375809,376680,118,871,8,6000,1.13547646383
375814,375842,376691,28,849,8,6000,1.03297997644
375845,375860,376814,15,954,8,6000,1.01572327044
375855,375892,376752,37,860,8,6000,1.04302325581
375897,375969,376812,72,843,8,6000,1.08540925267
375969,375979,376882,10,903,8,6000,1.01107419712
375980,375987,376837,7,850,8,6000,1.00823529412
375990,376000,376867,10,867,8,6000,1.01153402537
376001,376020,376868,19,848,8,6000,1.02240566038
376022,376029,376891,7,862,8,6000,1.00812064965
376033,376113,377036,80,923,8,6000,1.08667388949
376115,376141,377001,26,860,8,6000,1.03023255814
376146,376153,376997,7,844,8,6000,1.00829383886
376157,376163,377049,6,886,8,6000,1.00677200903
376167,376186,377017,19,831,8,6000,1.02286401925
376188,376320,377208,132,888,8,6000,1.14864864865
376248,376479,397716,231,21237,2,180000,1.01087724255
376321,376338,377197,17,859,8,6000,1.01979045402
376342,376407,377291,65,884,8,6000,1.07352941176
376404,376418,377268,14,850,8,6000,1.01647058824
376415,376472,377366,57,894,8,6000,1.06375838926
376477,376486,377346,9,860,8,6000,1.01046511628
376487,376680,377536,193,856,8,6000,1.22546728972
376681,376692,377548,11,856,8,6000,1.01285046729
376692,376703,377618,11,915,8,6000,1.01202185792
376702,376764,377744,62,980,8,6000,1.06326530612
376764,376824,377675,60,851,8,6000,1.0705052879
376826,376833,377684,7,851,8,6000,1.00822561692
376836,376850,377716,14,866,8,6000,1.01616628176
376847,376879,377730,32,851,8,6000,1.03760282021
376878,376886,377745,8,859,8,6000,1.00931315483
376889,376895,377906,6,1011,8,6000,1.0059347181
376899,376905,377756,6,851,8,6000,1.00705052879
376910,377010,377863,100,853,8,6000,1.11723329426
377012,377019,377878,7,859,8,6000,1.00814901048
377023,377030,377893,7,863,8,6000,1.00811123986
377034,377048,377911,14,863,8,6000,1.01622247972
377044,377074,377924,30,850,8,6000,1.03529411765
377046,377061,377062,15,1,8,3600,1.6
377075,377155,378034,80,879,8,6000,1.09101251422
377157,377210,378069,53,859,8,6000,1.06169965076
377209,377220,378199,11,979,8,6000,1.01123595506
377220,377280,378142,60,862,8,6000,1.06960556845
377282,377358,378235,76,877,8,6000,1.08665906499
377296,377303,377406,7,103,8,3600,1.06796116505
377354,377378,378250,24,872,8,6000,1.02752293578
377375,377418,378272,43,854,8,6000,1.05035128806
377416,377548,378453,132,905,8,6000,1.14585635359
377549,377560,378428,11,868,8,6000,1.01267281106
377559,377630,378501,71,871,8,6000,1.08151549943
377631,377687,378541,56,854,8,6000,1.06557377049
377693,377699,378554,6,855,8,6000,1.00701754386
377703,377728,378588,25,860,8,6000,1.02906976744
377724,377742,378610,18,868,8,6000,1.02073732719
377745,377756,378660,11,904,8,6000,1.01216814159
377756,377763,378624,7,861,8,6000,1.0081300813
377766,377773,378632,7,859,8,6000,1.00814901048
377777,377875,378747,98,872,8,6000,1.1123853211
377879,377890,378745,11,855,8,6000,1.01286549708
377889,377905,380425,16,2520,5,14400,1.00634920635
377909,377936,381553,27,3617,8,3600,1.00746474979
377910,377920,380466,10,2546,5,14400,1.00392772977
377921,377928,380257,7,2329,5,14400,1.00300558179
377932,377942,380486,10,2544,5,14400,1.00393081761
377943,377950,380499,7,2549,5,14400,1.00274617497
377953,378046,380418,93,2372,5,14400,1.0392074199
378045,378082,380599,37,2517,5,14400,1.01470003973
378087,378094,380473,7,2379,5,14400,1.00294241278
378097,378154,380700,57,2546,5,14400,1.0223880597
378159,378211,380925,52,2714,5,14400,1.01915991157
378210,378218,380498,8,2280,5,14400,1.00350877193
378221,378247,380718,26,2471,5,14400,1.01052205585
378252,378258,380675,6,2417,5,14400,1.00248241622
378263,378270,380733,7,2463,5,14400,1.00284206253
378273,378284,380949,11,2665,5,14400,1.00412757974
378284,378291,381007,7,2716,5,14400,1.00257731959
378294,378441,381031,147,2590,5,14400,1.05675675676
378437,378467,381063,30,2596,5,14400,1.01155624037
378468,378476,381107,8,2631,5,14400,1.00304066895
378479,378513,381094,34,2581,5,14400,1.01317318869
378510,378520,381156,10,2636,5,14400,1.00379362671
378521,378553,380872,32,2319,5,14400,1.01379905132
378552,378567,381122,15,2555,5,14400,1.00587084149
378563,378574,381401,11,2827,5,14400,1.00389105058
378573,378601,380899,28,2298,5,14400,1.01218450827
378604,378622,381563,18,2941,5,14400,1.00612036722
378625,378632,380863,7,2231,5,14400,1.00313760645
378636,378643,380932,7,2289,5,14400,1.00305810398
378646,378653,381217,7,2564,5,14400,1.0027301092
378657,378664,381240,7,2576,5,14400,1.0027173913
378668,378675,381441,7,2766,5,14400,1.0025307303
378678,378686,381099,8,2413,5,14400,1.00331537505
378689,378758,381693,69,2935,5,14400,1.02350936968
378761,378768,381790,7,3022,5,14400,1.00231634679
378772,378779,381248,7,2469,5,14400,1.00283515593
378782,380270,382837,1488,2567,5,14400,1.57966497857
379948,380499,381243,551,744,4,3600,1.74059139785
380103,380411,382827,308,2416,2,14400,1.12748344371
380269,380430,382763,161,2333,5,14400,1.06900985855
380433,380440,383085,7,2645,5,14400,1.00264650284
380444,380480,382659,36,2179,5,14400,1.01652134006
380485,380492,382856,7,2364,5,14400,1.00296108291
380496,380507,383033,11,2526,5,14400,1.00435471101
380506,380515,382793,9,2278,5,14400,1.00395083406
380517,380524,382824,7,2300,5,14400,1.00304347826
380528,380612,382840,84,2228,5,14400,1.03770197487
380610,380688,383362,78,2674,5,14400,1.0291697831
380692,380712,383160,20,2448,5,14400,1.00816993464
380712,380731,383565,19,2834,5,14400,1.00670430487
380733,380745,383457,12,2712,5,14400,1.00442477876
380744,380876,383367,132,2491,5,14400,1.05299076676
380852,380911,382220,59,1309,4,3600,1.04507257448
380877,380884,383329,7,2445,5,14400,1.00286298569
381117,381124,383382,7,2258,5,14400,1.00310008857
381128,381135,383381,7,2246,5,14400,1.00311665183
381139,381146,383381,7,2235,5,14400,1.00313199105
381149,381156,383381,7,2225,5,14400,1.00314606742
381160,381167,383382,7,2215,5,14400,1.00316027088
381170,381178,383381,8,2203,5,14400,1.00363141171
381181,381189,383381,8,2192,5,14400,1.00364963504
381184,381260,383558,76,2298,2,14400,1.03307223673
381192,381200,383381,8,2181,5,14400,1.00366804218
381202,381210,383382,8,2172,5,14400,1.00368324125
381211,381265,395021,54,13756,2,43200,1.00392555976
381213,381220,383382,7,2162,5,14400,1.00323774283
381224,381231,383381,7,2150,5,14400,1.00325581395
381234,381242,383382,8,2140,5,14400,1.00373831776
381245,381253,383382,8,2129,5,14400,1.00375763269
381256,381272,383382,16,2110,5,14400,1.00758293839
381277,381413,383382,136,1969,5,14400,1.06907059421
381409,381454,383381,45,1927,5,14400,1.02335236118
381450,381566,383382,116,1816,5,14400,1.06387665198
381562,381575,383382,13,1807,5,14400,1.0071942446
381569,381965,382035,396,70,4,7200,6.65714285714
381573,381706,383382,133,1676,5,14400,1.07935560859
381706,381802,383382,96,1580,5,14400,1.06075949367
381798,381959,383382,161,1423,5,14400,1.11314125088
381961,381972,383382,11,1410,5,14400,1.00780141844
381972,381979,383382,7,1403,5,14400,1.00498930862
381983,381990,383382,7,1392,5,14400,1.00502873563
381993,382001,383382,8,1381,5,14400,1.00579290369
382004,382011,383382,7,1371,5,14400,1.00510576222
382015,382047,383382,32,1335,5,14400,1.02397003745
382046,382233,383382,187,1149,5,14400,1.16275021758
382230,382671,383382,441,711,5,14400,1.62025316456
382350,382776,384153,426,1377,2,14400,1.30936819172
382528,382781,383096,253,315,2,1200,1.80317460317
382668,382805,383382,137,577,5,14400,1.23743500867
382801,382836,383382,35,546,5,14400,1.0641025641
382813,382857,382961,44,104,8,3600,1.42307692308
382832,382849,383382,17,533,5,14400,1.03189493433
382853,382868,383382,15,514,5,14400,1.02918287938
382864,382973,383382,109,409,5,14400,1.26650366748
382976,383046,383049,70,3,5,14400,7.3
383256,383263,383319,7,56,4,7200,1.125
383414,383420,384026,6,606,2,14400,1.0099009901
383497,383503,384220,6,717,4,3600,1.00836820084
383713,383719,386200,6,2481,4,3600,1.00241837969
383812,383818,384660,6,842,8,6000,1.00712589074
383823,383830,384646,7,816,8,6000,1.00857843137
383823,383835,384660,12,825,8,6000,1.01454545455
383834,383847,384730,13,883,8,6000,1.01472253681
383834,383841,384670,7,829,8,6000,1.00844390832
383845,383853,384670,8,817,8,6000,1.00979192166
383845,383859,384681,14,822,8,6000,1.01703163017
383856,383871,384698,15,827,8,6000,1.01813784764
383856,383866,384692,10,826,8,6000,1.01210653753
383867,383878,384712,11,834,8,6000,1.01318944844
383867,383883,384699,16,816,8,6000,1.01960784314
383888,383895,384732,7,837,8,6000,1.00836320191
383899,383906,384727,7,821,8,6000,1.00852618758
383910,383917,384769,7,852,8,6000,1.00821596244
383920,383927,384837,7,910,8,6000,1.00769230769
383931,383937,384758,6,821,8,6000,1.00730816078
383938,383945,427173,7,43228,1,43200,1.00016193208
383942,383952,384767,10,815,8,6000,1.01226993865
383952,383960,384795,8,835,8,6000,1.00958083832
383963,383969,384800,6,831,8,6000,1.00722021661
383974,383980,384900,6,920,8,6000,1.00652173913
383984,383991,384868,7,877,8,6000,1.00798175599
383995,384002,384819,7,817,8,6000,1.00856793146
384006,384012,384868,6,856,8,6000,1.00700934579
384016,384022,384837,6,815,8,6000,1.00736196319
384027,384059,384902,32,843,8,6000,1.03795966785
384058,384294,385149,236,855,8,6000,1.27602339181
384127,384658,384748,531,90,8,3600,6.9
384282,384672,384673,390,1,8,3600,39.1
384292,384301,385129,9,828,8,6000,1.01086956522
384303,384693,385583,390,890,8,6000,1.43820224719
384360,384685,422465,325,37780,32,72000,1.00860243515
384690,384704,385531,14,827,8,6000,1.0169286578
384701,384711,385539,10,828,8,6000,1.01207729469
384711,384719,385556,8,837,8,6000,1.00955794504
384722,384729,385550,7,821,8,6000,1.00852618758
384733,384739,385633,6,894,8,6000,1.0067114094
384743,384750,385569,7,819,8,6000,1.00854700855
384754,384762,385598,8,836,8,6000,1.00956937799
384765,384772,385645,7,873,8,6000,1.00801832761
384775,384782,385636,7,854,8,6000,1.00819672131
384786,384793,385702,7,909,8,6000,1.00770077008
384796,384803,385630,7,827,8,6000,1.0084643289
384807,384815,385632,8,817,8,6000,1.00979192166
384818,384825,385670,7,845,8,6000,1.00828402367
384828,384835,385680,7,845,8,6000,1.00828402367
384839,384849,385692,10,843,8,6000,1.0118623962
384850,384856,385786,6,930,8,6000,1.0064516129
384860,384880,385732,20,852,8,6000,1.0234741784
384881,384888,385706,7,818,8,6000,1.00855745721
384891,384912,385762,21,850,8,6000,1.02470588235
384912,384919,385740,7,821,8,6000,1.00852618758
384923,385141,385982,218,841,8,6000,1.25921521998
385137,385161,385996,24,835,8,6000,1.02874251497
385158,385551,386610,393,1059,8,6000,1.37110481586
385276,385544,385548,268,4,8,3600,27.2
385411,385574,386737,163,1163,4,3600,1.14015477214
385548,385560,386401,12,841,8,6000,1.01426872771
385558,385567,386420,9,853,8,6000,1.01055099648
385569,385581,386456,12,875,8,6000,1.01371428571
385580,385588,386423,8,835,8,6000,1.00958083832
385590,385597,386429,7,832,8,6000,1.00841346154
385601,385610,386463,9,853,8,6000,1.01055099648
385611,385619,386464,8,845,8,6000,1.00946745562
385622,385651,430403,29,44752,10,57600,1.00064801573
385624,385644,386494,20,850,8,6000,1.02352941176
385644,385656,386498,12,842,8,6000,1.01425178147
385655,385663,386516,8,853,8,6000,1.00937866354
385657,385704,385807,47,103,8,3600,1.45631067961
385666,385682,386593,16,911,8,6000,1.01756311745
385687,385694,386557,7,863,8,6000,1.00811123986
385697,385709,386573,12,864,8,6000,1.01388888889
385708,385716,386736,8,1020,8,6000,1.00784313725
385719,385727,386688,8,961,8,6000,1.00832466181
385730,385745,386590,15,845,8,6000,1.01775147929
385740,385752,386616,12,864,8,6000,1.01388888889
385751,385775,386632,24,857,8,6000,1.02800466744
385772,385798,386647,26,849,8,6000,1.03062426384
385803,385819,386662,16,843,8,6000,1.01897983393
385824,385994,386831,170,837,8,6000,1.20310633214
385936,386622,386637,686,15,8,3600,46.7333333333
385936,386651,386666,715,15,8,3600,48.6666666667
385936,386439,386455,503,16,8,3600,32.4375
385937,387898,387912,1961,14,8,3600,141.071428571
385937,387904,387920,1967,16,8,3600,123.9375
385937,387930,387943,1993,13,8,3600,154.307692308
385937,388491,388506,2554,15,8,3600,171.266666667
385937,388518,388532,2581,14,8,3600,185.357142857
385937,388544,388557,2607,13,8,3600,201.538461538
385937,387893,387911,1956,18,8,3600,109.666666667
385938,388570,388583,2632,13,8,3600,203.461538462
385938,388650,388662,2712,12,8,3600,227.0
385938,388674,388688,2736,14,8,3600,196.428571429
385938,388754,388772,2816,18,8,3600,157.444444444
385938,388728,388742,2790,14,8,3600,200.285714286
385938,388700,388716,2762,16,8,3600,173.625
385938,388595,388607,2657,12,8,3600,222.416666667
385938,388623,388638,2685,15,8,3600,180.0
385939,388830,388863,2891,33,8,3600,88.6060606061
385939,388802,388817,2863,15,8,3600,191.866666667
385939,388814,388827,2875,13,8,3600,222.153846154
385939,388809,388831,2870,22,8,3600,131.454545455
385939,388784,388798,2845,14,8,3600,204.214285714
385939,388777,388791,2838,14,8,3600,203.714285714
385940,388843,388856,2903,13,8,3600,224.307692308
385940,388861,388874,2921,13,8,3600,225.692307692
385940,388868,388882,2928,14,8,3600,210.142857143
385940,388875,388888,2935,13,8,3600,226.769230769
385940,388835,388849,2895,14,8,3600,207.785714286
385940,388848,388861,2908,13,8,3600,224.692307692
385958,386413,386528,455,115,8,3600,4.95652173913
385966,388880,388894,2914,14,8,3600,209.142857143
385966,386518,386523,552,5,4,108000,55.7
385966,388888,388904,2922,16,8,3600,183.625
385966,388895,388910,2929,15,8,3600,196.266666667
385966,388908,388921,2942,13,8,3600,227.307692308
385966,388913,388926,2947,13,8,3600,227.692307692
385966,388921,388936,2955,15,8,3600,198.0
385966,388900,388915,2934,15,8,3600,196.6
385967,388946,388959,2979,13,8,3600,230.153846154
385967,388941,388956,2974,15,8,3600,199.266666667
385967,388954,388967,2987,13,8,3600,230.769230769
385967,388959,388978,2992,19,8,3600,158.473684211
385967,388928,388942,2961,14,8,3600,212.5
385967,388966,388980,2999,14,8,3600,215.214285714
385967,388933,388946,2966,13,8,3600,229.153846154
385968,389010,389031,3042,21,8,3600,145.857142857
385968,388973,388987,3005,14,8,3600,215.642857143
385968,388998,389012,3030,14,8,3600,217.428571429
385968,388978,388991,3010,13,8,3600,232.538461538
385968,388986,389000,3018,14,8,3600,216.571428571
385968,388993,389007,3025,14,8,3600,217.071428571
385968,389005,389019,3037,14,8,3600,217.928571429
385969,389054,389070,3085,16,8,3600,193.8125
385969,389016,389031,3047,15,8,3600,204.133333333
385969,389041,389053,3072,12,8,3600,257.0
385969,389036,389052,3067,16,8,3600,192.6875
385969,389028,389043,3059,15,8,3600,204.933333333
385969,389023,389036,3054,13,8,3600,235.923076923
385969,389049,389064,3080,15,8,3600,206.333333333
385970,389067,389081,3097,14,8,3600,222.214285714
385970,389060,389073,3090,13,8,3600,238.692307692
385976,386535,386538,559,3,4,108000,56.2
385977,389072,389089,3095,17,8,3600,183.058823529
385977,389077,389092,3100,15,8,3600,207.666666667
385977,389095,389109,3118,14,8,3600,223.714285714
385977,389090,389103,3113,13,8,3600,240.461538462
385977,389102,389116,3125,14,8,3600,224.214285714
385977,389085,389099,3108,14,8,3600,223.0
385978,389160,389174,3182,14,8,3600,228.285714286
385978,389148,389163,3170,15,8,3600,212.333333333
385978,389143,389158,3165,15,8,3600,212.0
385978,389125,389140,3147,15,8,3600,210.8
385978,389120,389132,3142,12,8,3600,262.833333333
385978,389114,389129,3136,15,8,3600,210.066666667
385978,389137,389151,3159,14,8,3600,226.642857143
385978,389107,389120,3129,13,8,3600,241.692307692
385979,389170,389185,3191,15,8,3600,213.733333333
385979,389201,389214,3222,13,8,3600,248.846153846
385979,389194,389208,3215,14,8,3600,230.642857143
385979,389189,389202,3210,13,8,3600,247.923076923
385979,389183,389198,3204,15,8,3600,214.6
385979,389178,389193,3199,15,8,3600,214.266666667
385979,389165,389180,3186,15,8,3600,213.4
385980,389240,389254,3260,14,8,3600,233.857142857
385980,389247,389261,3267,14,8,3600,234.357142857
385980,389252,389267,3272,15,8,3600,219.133333333
385980,389224,389237,3244,13,8,3600,250.538461538
385980,389212,389228,3232,16,8,3600,203.0
385980,389206,389221,3226,15,8,3600,216.066666667
385980,389229,389243,3249,14,8,3600,233.071428571
385980,389235,389248,3255,13,8,3600,251.384615385
385981,389257,389271,3276,14,8,3600,235.0
385987,389275,389289,3288,14,8,3600,235.857142857
385987,389280,389294,3293,14,8,3600,236.214285714
385987,389286,389299,3299,13,8,3600,254.769230769
385987,389291,389303,3304,12,8,3600,276.333333333
385987,389296,389310,3309,14,8,3600,237.357142857
385988,389342,389356,3354,14,8,3600,240.571428571
385988,389336,389349,3348,13,8,3600,258.538461538
385988,389331,389345,3343,14,8,3600,239.785714286
385988,389326,389339,3338,13,8,3600,257.769230769
385988,389313,389328,3325,15,8,3600,222.666666667
385988,389308,389322,3320,14,8,3600,238.142857143
385988,389303,389316,3315,13,8,3600,256.0
385989,389360,389375,3371,15,8,3600,225.733333333
385989,389354,389368,3365,14,8,3600,241.357142857
385989,389349,389363,3360,14,8,3600,241.0
385989,389372,389385,3383,13,8,3600,261.230769231
385989,389377,389391,3388,14,8,3600,243.0
385989,389383,389395,3394,12,8,3600,283.833333333
385989,389388,389402,3399,14,8,3600,243.785714286
385990,389400,389415,3410,15,8,3600,228.333333333
385990,389431,389446,3441,15,8,3600,230.4
385990,389423,389438,3433,15,8,3600,229.866666667
385990,389418,389431,3428,13,8,3600,264.692307692
385990,389413,389427,3423,14,8,3600,245.5
385990,389406,389420,3416,14,8,3600,245.0
385990,389395,389411,3405,16,8,3600,213.8125
385991,389449,389462,3458,13,8,3600,267.0
385991,389436,389451,3445,15,8,3600,230.666666667
385991,389441,389455,3450,14,8,3600,247.428571429
385991,389454,389469,3463,15,8,3600,231.866666667
385997,386009,386853,12,844,8,6000,1.01421800948
385999,389465,389486,3466,21,8,3600,166.047619048
385999,389459,389480,3460,21,8,3600,165.761904762
386000,389495,389514,3495,19,8,3600,184.947368421
386000,389472,389492,3472,20,8,3600,174.6
386000,389490,389515,3490,25,8,3600,140.6
386000,389508,389530,3508,22,8,3600,160.454545455
386000,389477,389494,3477,17,8,3600,205.529411765
386000,389482,389500,3482,18,8,3600,194.444444444
386000,389503,389520,3503,17,8,3600,207.058823529
386000,389516,389534,3516,18,8,3600,196.333333333
386001,389521,389538,3520,17,8,3600,208.058823529
386001,389526,389544,3525,18,8,3600,196.833333333
386001,389534,389553,3533,19,8,3600,186.947368421
386001,389539,389563,3538,24,8,3600,148.416666667
386001,389545,389565,3544,20,8,3600,178.2
386001,389552,389572,3551,20,8,3600,178.55
386001,389557,389577,3556,20,8,3600,178.8
386002,389562,389582,3560,20,8,3600,179.0
386002,389575,389594,3573,19,8,3600,189.052631579
386002,389570,389595,3568,25,8,3600,143.72
386002,389583,389604,3581,21,8,3600,171.523809524
386002,389595,389615,3593,20,8,3600,180.65
386002,389600,389618,3598,18,8,3600,200.888888889
386002,389588,389612,3586,24,8,3600,150.416666667
386003,389605,389625,3602,20,8,3600,181.1
386003,389612,389633,3609,21,8,3600,172.857142857
386003,389617,389637,3614,20,8,3600,181.7
386003,389630,389652,3627,22,8,3600,165.863636364
386003,389625,389654,3622,29,8,3600,125.896551724
386003,389635,389661,3632,26,8,3600,140.692307692
386008,386506,387539,498,1033,8,6000,1.4820909971
386041,386432,387115,391,683,8,3600,1.57247437775
386119,386475,387876,356,1401,32,86400,1.25410421128
386325,386513,426527,188,40014,10,57600,1.00469835558
386511,386528,387373,17,845,8,6000,1.0201183432
386532,386542,387402,10,860,8,6000,1.01162790698
386543,386549,387410,6,861,8,6000,1.00696864111
386553,386569,387427,16,858,8,6000,1.01864801865
386574,386585,387431,11,846,8,6000,1.01300236407
386585,386602,387500,17,898,8,6000,1.01893095768
386607,386614,387497,7,883,8,6000,1.00792751982
386617,386629,387465,12,836,8,6000,1.01435406699
386628,386644,387502,16,858,8,6000,1.01864801865
386649,386659,387508,10,849,8,6000,1.01177856302
386660,386675,387527,15,852,8,6000,1.0176056338
386671,386682,387542,11,860,8,6000,1.01279069767
386682,386702,387578,20,876,8,6000,1.02283105023
386703,386748,387591,45,843,8,6000,1.05338078292
386744,386843,387717,99,874,8,6000,1.11327231121
386847,386866,387743,19,877,8,6000,1.02166476625
386868,387127,388013,259,886,8,6000,1.29232505643
387125,387390,388241,265,851,8,6000,1.31139835488
387376,387383,389995,7,2612,2,14400,1.00267993874
387392,387414,388257,22,843,8,6000,1.02609727165
387414,387424,388310,10,886,8,6000,1.01128668172
387425,387439,388338,14,899,8,6000,1.01557285873
387436,387446,388328,10,882,8,6000,1.01133786848
387447,387481,388342,34,861,8,6000,1.03948896632
387478,387509,388376,31,867,8,6000,1.03575547866
387481,387545,467985,64,80440,4,108000,1.00079562407
387503,387550,467987,47,80437,4,108000,1.00058430822
387509,387516,388367,7,851,8,6000,1.00822561692
387520,387526,388377,6,851,8,6000,1.00705052879
387531,387538,388407,7,869,8,6000,1.0080552359
387542,387557,388412,15,855,8,6000,1.01754385965
387553,387563,388448,10,885,8,6000,1.01129943503
387564,387590,388550,26,960,8,6000,1.02708333333
387595,387602,388479,7,877,8,6000,1.00798175599
387606,387730,388680,124,950,8,6000,1.13052631579
387730,387755,388604,25,849,8,6000,1.02944640754
387751,387888,388765,137,877,8,6000,1.15621436716
387885,387923,388789,38,866,8,6000,1.04387990762
387926,387937,388798,11,861,8,6000,1.01277584204
387937,387956,388815,19,859,8,6000,1.02211874272
387958,388025,388878,67,853,8,6000,1.07854630715
388030,388253,389107,223,854,8,6000,1.26112412178
388041,388357,389114,316,757,4,172800,1.41743725231
388049,388430,389931,381,1501,4,172800,1.25383077948
388204,388435,466946,231,78511,4,172800,1.00294226287
388256,388269,389152,13,883,8,6000,1.01472253681
388267,388323,389179,56,856,8,6000,1.06542056075
388319,388340,389190,21,850,8,6000,1.02470588235
388340,388350,389665,10,1315,8,6000,1.00760456274
388351,388368,389218,17,850,8,6000,1.02
388361,388380,390753,19,2373,5,14400,1.00800674252
388382,388391,390807,9,2416,5,14400,1.00372516556
388393,388400,390692,7,2292,5,14400,1.00305410122
388404,388411,390792,7,2381,5,14400,1.0029399412
388415,388422,390925,7,2503,5,14400,1.00279664403
388426,388443,390717,17,2274,5,14400,1.00747581354
388447,388461,390848,14,2387,5,14400,1.00586510264
388458,388470,390756,12,2286,5,14400,1.00524934383
388469,388562,390788,93,2226,5,14400,1.04177897574
388561,388616,391074,55,2458,5,14400,1.02237591538
388613,388628,390868,15,2240,5,14400,1.00669642857
388624,388692,391116,68,2424,5,14400,1.02805280528
388696,389153,391548,457,2395,5,14400,1.19081419624
388725,388735,389413,10,678,2,14400,1.01474926254
388811,388822,388990,11,168,8,3600,1.06547619048
389120,389132,389634,12,502,8,3600,1.02390438247
389158,389217,391704,59,2487,5,14400,1.02372336148
389220,389263,391995,43,2732,5,14400,1.01573938507
389221,389268,391791,47,2523,5,14400,1.01862861673
389272,389319,391833,47,2514,5,14400,1.01869530628
389323,389365,392041,42,2676,5,14400,1.01569506726
389365,389643,392210,278,2567,5,14400,1.10829762369
389640,389650,392114,10,2464,5,14400,1.00405844156
389651,389657,392409,6,2752,5,14400,1.00218023256
389661,389667,391910,6,2243,5,14400,1.00267498885
389672,389679,392298,7,2619,5,14400,1.00267277587
389683,389690,392235,7,2545,5,14400,1.00275049116
389693,389699,391937,6,2238,5,14400,1.00268096515
389704,389711,392454,7,2743,5,14400,1.00255195042
389715,389722,392073,7,2351,5,14400,1.0029774564
389725,389732,392066,7,2334,5,14400,1.0029991431
389736,389743,392120,7,2377,5,14400,1.00294488851
389746,389753,392368,7,2615,5,14400,1.00267686424
389757,389763,392294,6,2531,5,14400,1.0023706045
389768,389775,392152,7,2377,5,14400,1.00294488851
389778,389784,392383,6,2599,5,14400,1.00230858022
389789,389796,392612,7,2816,5,14400,1.00248579545
389800,389943,392274,143,2331,5,14400,1.06134706135
389943,390704,393401,761,2697,5,14400,1.28216536893
389958,391560,392157,1602,597,8,3600,3.68341708543
390710,390729,393059,19,2330,5,14400,1.00815450644
390731,390766,393284,35,2518,5,14400,1.01389992057
390762,390773,392968,11,2195,5,14400,1.00501138952
390773,390801,393118,28,2317,5,14400,1.01208459215
390804,390811,393325,7,2514,5,14400,1.00278440732
390814,390822,393035,8,2213,5,14400,1.00361500226
390823,392134,403728,1311,11594,1,28800,1.11307572883
390825,390860,393117,35,2257,5,14400,1.01550731059
390856,390937,393405,81,2468,5,14400,1.03282009724
390938,391086,393810,148,2724,5,14400,1.0543318649
391082,391128,393519,46,2391,5,14400,1.01923881221
391124,391565,394123,441,2558,5,14400,1.17240031274
391563,391716,394085,153,2369,5,14400,1.06458421275
391716,391804,394193,88,2389,5,14400,1.03683549602
391809,391845,394168,36,2323,5,14400,1.01549720189
391850,391922,394701,72,2779,5,14400,1.02590860022
391922,391950,394259,28,2309,5,14400,1.01212646167
391953,392008,394237,55,2229,5,14400,1.02467474204
392004,392053,394186,49,2133,5,14400,1.02297233943
392056,392078,394489,22,2411,5,14400,1.00912484446
392077,392085,394584,8,2499,5,14400,1.00320128051
392087,392127,394990,40,2863,5,14400,1.01397135871
392129,392164,394609,35,2445,5,14400,1.01431492843
392160,392171,394583,11,2412,5,14400,1.00456053068
392171,392178,394876,7,2698,5,14400,1.00259451446
392181,392222,395047,41,2825,5,14400,1.01451327434
392223,392247,394566,24,2319,5,14400,1.01034928849
392243,392287,394583,44,2296,5,14400,1.01916376307
392285,392307,394565,22,2258,5,14400,1.00974313552
392305,392314,394984,9,2670,5,14400,1.00337078652
392316,392380,394849,64,2469,5,14400,1.02592142568
392377,392396,394751,19,2355,5,14400,1.00806794055
392380,394595,399965,2215,5370,8,356400,1.41247672253
392398,392421,395014,23,2593,5,14400,1.00887003471
392419,392466,395113,47,2647,5,14400,1.01775595013
392452,392477,526151,25,133674,2,172800,1.00018702216
392470,392624,395269,154,2645,5,14400,1.05822306238
392623,392980,395299,357,2319,5,14400,1.15394566624
392980,393047,395688,67,2641,5,14400,1.02536917834
393026,394605,567446,1579,172841,2,172800,1.0091355639
393052,393071,395348,19,2277,5,14400,1.00834431269
393073,393130,395273,57,2143,5,14400,1.02659822678
393134,393142,395540,8,2398,5,14400,1.00333611343
393145,393296,395583,151,2287,5,14400,1.06602536073
393299,393338,395747,39,2409,5,14400,1.01618929016
393340,393413,395825,73,2412,5,14400,1.03026533997
393412,393420,396009,8,2589,5,14400,1.00308999614
393422,393531,395784,109,2253,5,14400,1.04837993786
393477,394274,394304,797,30,8,3600,27.5666666667
393535,393822,396500,287,2678,5,14400,1.1071695295
393565,394108,394543,543,435,1,1800,2.24827586207
393568,394144,394533,576,389,1,3600,2.48071979434
393572,394149,394300,577,151,1,3600,4.82119205298
393575,394204,394255,629,51,1,3600,13.3333333333
393577,394267,394358,690,91,1,3600,8.58241758242
393633,394102,394131,469,29,2,5400,17.1724137931
393697,394621,394737,924,116,4,5400,8.96551724138
393699,394316,394776,617,460,8,7200,2.34130434783
393794,394097,394384,303,287,2,7200,2.05574912892
393820,394136,396785,316,2649,5,14400,1.11929029823
394136,394181,396868,45,2687,5,14400,1.01674730182
394143,394249,394655,106,406,1,1800,1.26108374384
394146,394280,394672,134,392,1,3600,1.34183673469
394149,394322,394650,173,328,1,3600,1.52743902439
394152,394370,394427,218,57,1,3600,4.82456140351
394157,394582,394645,425,63,1,3600,7.74603174603
394162,394794,394869,632,75,2,5400,9.42666666667
394168,394930,395042,762,112,4,5400,7.80357142857
394171,394500,394913,329,413,8,7200,1.79661016949
394177,394198,396715,21,2517,5,14400,1.00834326579
394198,394211,396444,13,2233,5,14400,1.00582176444
394208,394577,397366,369,2789,5,14400,1.13230548584
394574,394600,396802,26,2202,5,14400,1.01180744777
394605,394613,397042,8,2429,5,14400,1.00329353643
394616,394667,397053,51,2386,5,14400,1.02137468567
394667,394713,396955,46,2242,5,14400,1.02051739518
394718,394749,396979,31,2230,5,14400,1.01390134529
394749,394764,397436,15,2672,5,14400,1.00561377246
394760,394788,397060,28,2272,5,14400,1.01232394366
394791,394888,397452,97,2564,5,14400,1.03783151326
394819,394881,394892,62,11,8,3600,6.63636363636
394893,394904,397448,11,2544,5,14400,1.00432389937
394903,394925,397301,22,2376,5,14400,1.00925925926
394924,394996,397665,72,2669,5,14400,1.02697639565
394996,395003,397446,7,2443,5,14400,1.00286532951
395006,395027,397428,21,2401,5,14400,1.00874635569
395021,395034,402245,13,7211,2,7200,1.00180280128
395027,395055,397721,28,2666,5,14400,1.01050262566
395058,395065,397793,7,2728,5,14400,1.0025659824
395068,395125,397525,57,2400,5,14400,1.02375
395130,395281,398040,151,2759,5,14400,1.05472997463
395243,395250,395519,7,269,1,3600,1.02602230483
395283,395289,397670,6,2381,5,14400,1.0025199496
395294,395311,398208,17,2897,5,14400,1.00586813945
395315,395360,397803,45,2443,5,14400,1.01841997544
395356,395553,397770,197,2217,5,14400,1.08885881822
395386,396814,396827,1428,13,8,3600,110.846153846
395550,395595,397926,45,2331,5,14400,1.01930501931
395591,395700,398003,109,2303,5,14400,1.04732957013
395703,395759,398158,56,2399,5,14400,1.02334305961
395755,395796,398427,41,2631,5,14400,1.01558342835
395796,395838,398087,42,2249,5,14400,1.01867496665
395837,396021,398404,184,2383,5,14400,1.07721359631
395930,396844,398681,914,1837,2,43200,1.49755035384
396020,396456,399212,436,2756,5,14400,1.15820029028
396375,396819,407321,444,10502,2,14400,1.0422776614
396458,396512,399012,54,2500,5,14400,1.0216
396509,396797,399132,288,2335,5,14400,1.12334047109
396794,396825,399756,31,2931,5,14400,1.01057659502
396825,396839,399097,14,2258,5,14400,1.00620017715
396835,396967,397792,132,825,8,6000,1.16
396968,396992,397834,24,842,8,6000,1.02850356295
396988,397065,398088,77,1023,8,6000,1.0752688172
397070,397313,398143,243,830,8,6000,1.29277108434
397315,397378,398197,63,819,8,6000,1.07692307692
397376,397448,398460,72,1012,8,6000,1.07114624506
397448,397458,398287,10,829,8,6000,1.01206272618
397459,397465,398293,6,828,8,6000,1.00724637681
397469,397677,398493,208,816,8,6000,1.25490196078
397673,397684,398536,11,852,8,6000,1.01291079812
397675,397734,397747,59,13,8,3600,5.53846153846
397683,397759,398618,76,859,8,6000,1.0884749709
397755,397804,398632,49,828,8,6000,1.05917874396
397807,397813,398661,6,848,8,6000,1.0070754717
397818,397846,398660,28,814,8,6000,1.0343980344
397849,397939,398794,90,855,8,6000,1.10526315789
397941,398015,398855,74,840,8,6000,1.0880952381
398013,398100,398937,87,837,8,6000,1.10394265233
398106,398113,399020,7,907,8,6000,1.00771775083
398116,398155,399283,39,1128,8,6000,1.03457446809
398158,398170,399005,12,835,8,6000,1.01437125749
398168,398210,398220,42,10,8,3600,5.2
398168,398232,399065,64,833,8,6000,1.07683073229
398230,398299,399132,69,833,8,6000,1.08283313325
398302,398308,399179,6,871,8,6000,1.00688863375
398312,398416,399253,104,837,8,6000,1.12425328554
398415,398473,399309,58,836,8,6000,1.06937799043
398477,398505,399329,28,824,8,6000,1.03398058252
398499,398630,398735,131,105,8,3600,2.24761904762
398508,398548,399411,40,863,8,6000,1.04634994206
398549,398644,399474,95,830,8,6000,1.11445783133
398641,398672,399495,31,823,8,6000,1.03766707169
398672,398679,399523,7,844,8,6000,1.00829383886
398683,398693,399518,10,825,8,6000,1.01212121212
398694,398747,399572,53,825,8,6000,1.06424242424
398745,398806,399644,61,838,8,6000,1.07279236277
398807,398867,399699,60,832,8,6000,1.07211538462
398869,398950,399780,81,830,8,6000,1.09759036145
398951,399017,399860,66,843,8,6000,1.07829181495
399013,399032,399889,19,857,8,6000,1.02217036173
399033,399077,400009,44,932,8,6000,1.04721030043
399075,399110,399935,35,825,8,6000,1.04242424242
399106,399143,399971,37,828,8,6000,1.04468599034
399132,399192,399321,60,129,8,3600,1.46511627907
399147,399198,400044,51,846,8,6000,1.06028368794
399199,399265,400113,66,848,8,6000,1.07783018868
399261,399296,400142,35,846,8,6000,1.04137115839
399292,399321,400156,29,835,8,6000,1.03473053892
399323,399333,400185,10,852,8,6000,1.0117370892
399334,399343,400223,9,880,8,6000,1.01022727273
399345,399424,400259,79,835,8,6000,1.09461077844
399427,399486,400367,59,881,8,6000,1.06696935301
399488,399507,400354,19,847,8,6000,1.02243211334
399509,399531,400368,22,837,8,6000,1.02628434886
399517,399584,403194,67,3610,8,3600,1.01855955679
399530,399538,400379,8,841,8,6000,1.00951248514
399541,399656,400514,115,858,8,6000,1.13403263403
399654,399711,400576,57,865,8,6000,1.06589595376
399715,399769,400646,54,877,8,6000,1.06157354618
399766,399793,400635,27,842,8,6000,1.03206650831
399797,399872,400699,75,827,8,6000,1.09068923821
399869,399901,400745,32,844,8,6000,1.03791469194
399900,399947,400801,47,854,8,6000,1.05503512881
399945,399978,400831,33,853,8,6000,1.0386869871
399979,399985,400897,6,912,8,6000,1.00657894737
399989,400021,400865,32,844,8,6000,1.03791469194
400022,400057,400879,35,822,8,6000,1.04257907543
400057,400125,400996,68,871,8,6000,1.07807118255
400122,400154,401094,32,940,8,6000,1.03404255319
400153,400168,401021,15,853,8,6000,1.01758499414
400173,400197,401049,24,852,8,6000,1.02816901408
400194,400235,401080,41,845,8,6000,1.04852071006
400235,400272,401115,37,843,8,6000,1.04389086595
400277,400366,401285,89,919,8,6000,1.09684439608
400421,400428,401281,7,853,8,6000,1.0082063306
400432,400438,401346,6,908,8,6000,1.00660792952
400443,400450,401322,7,872,8,6000,1.00802752294
400453,400526,401384,73,858,8,6000,1.08508158508
400466,400473,400479,7,6,1,7200,1.3
400525,400588,401476,63,888,8,6000,1.07094594595
400587,400647,401487,60,840,8,6000,1.07142857143
400648,400658,401522,10,864,8,6000,1.01157407407
400659,400711,401565,52,854,8,6000,1.06088992974
400710,400758,401598,48,840,8,6000,1.05714285714
400761,400768,401990,7,1222,2,1200,1.00572831424
400761,400813,401654,52,841,8,6000,1.06183115339
400813,400843,401692,30,849,8,6000,1.03533568905
400844,400878,401732,34,854,8,6000,1.03981264637
400863,401300,401307,437,7,1,7200,44.4
400875,400891,401736,16,845,8,6000,1.01893491124
400895,400909,401804,14,895,8,6000,1.0156424581
400906,401008,401856,102,848,8,6000,1.12028301887
401008,401034,401898,26,864,8,6000,1.03009259259
401039,401061,401900,22,839,8,6000,1.02622169249
401060,401092,401944,32,852,8,6000,1.03755868545
401091,401106,401941,15,835,8,6000,1.01796407186
401101,401127,401993,26,866,8,6000,1.03002309469
401122,401293,402152,171,859,8,6000,1.19906868452
401296,401307,402787,11,1480,8,6000,1.00743243243
401306,401334,402203,28,869,8,6000,1.03222094361
401337,401359,402207,22,848,8,6000,1.02594339623
401358,401396,402243,38,847,8,6000,1.04486422668
401400,401488,402379,88,891,8,6000,1.0987654321
401492,401499,402463,7,964,8,6000,1.00726141079
401503,401534,402386,31,852,8,6000,1.03638497653
401534,401577,402443,43,866,8,6000,1.04965357968
401576,401611,402474,35,863,8,6000,1.0405561993
401606,401667,402521,61,854,8,6000,1.07142857143
401669,401705,402552,36,847,8,6000,1.04250295159
401710,401744,402608,34,864,8,6000,1.03935185185
401741,401751,402612,10,861,8,6000,1.01161440186
401752,401817,402716,65,899,8,6000,1.0723025584
401813,401868,402709,55,841,8,6000,1.06539833532
401864,401910,402795,46,885,8,6000,1.05197740113
401865,401961,402604,96,643,4,36000,1.14930015552
401906,401917,402762,11,845,8,6000,1.01301775148
401916,401954,402940,38,986,8,6000,1.03853955375
401957,401998,402861,41,863,8,6000,1.04750869061
401999,402005,402869,6,864,8,6000,1.00694444444
402009,402165,403028,156,863,8,6000,1.18076477404
402162,402215,403080,53,865,8,6000,1.0612716763
402214,402222,403082,8,860,8,6000,1.00930232558
402224,402255,403128,31,873,8,6000,1.03550973654
402256,402391,403247,135,856,8,6000,1.15771028037
402389,402398,403250,9,852,8,6000,1.01056338028
402400,402455,403424,55,969,8,6000,1.05675954592
402451,402475,403340,24,865,8,6000,1.02774566474
402477,402487,405111,10,2624,5,14400,1.00381097561
402488,402494,404902,6,2408,5,14400,1.00249169435
402499,402534,404799,35,2265,5,14400,1.01545253863
402530,402565,404915,35,2350,5,14400,1.01489361702
402561,402572,405063,11,2491,5,14400,1.00441589723
402572,402616,404905,44,2289,5,14400,1.01922236785
402613,402623,405066,10,2443,5,14400,1.00409332788
402624,402631,404885,7,2254,5,14400,1.00310559006
402635,402641,404894,6,2253,5,14400,1.00266311585
402645,402721,405183,76,2462,5,14400,1.03086921202
402717,402728,405419,11,2691,5,14400,1.00408769974
402727,402735,405184,8,2449,5,14400,1.00326663944
402738,402774,405187,36,2413,5,14400,1.01491918773
402779,402785,405255,6,2470,5,14400,1.0024291498
402790,402799,405602,9,2803,5,14400,1.00321084552
402801,402807,405313,6,2506,5,14400,1.00239425379
402811,402821,405291,10,2470,5,14400,1.004048583
402822,402874,405472,52,2598,5,14400,1.02001539646
402873,402881,405527,8,2646,5,14400,1.00302343159
402884,402891,405400,7,2509,5,14400,1.00278995616
402895,402952,405592,57,2640,5,14400,1.02159090909
402942,402958,403971,16,1013,4,36000,1.0157946693
402956,403040,405427,84,2387,5,14400,1.03519061584
403038,403093,405693,55,2600,5,14400,1.02115384615
403089,403100,405685,11,2585,5,14400,1.00425531915
403100,403106,405380,6,2274,5,14400,1.00263852243
403111,403117,405788,6,2671,5,14400,1.00224634968
403122,403140,405438,18,2298,5,14400,1.00783289817
403142,403206,405551,64,2345,5,14400,1.02729211087
403204,403214,405590,10,2376,5,14400,1.00420875421
403215,403259,405796,44,2537,5,14400,1.01734331888
403257,403266,405821,9,2555,5,14400,1.00352250489
403268,403275,405581,7,2306,5,14400,1.00303555941
403278,403352,405965,74,2613,5,14400,1.02831993877
403350,403363,405893,13,2530,5,14400,1.00513833992
403361,403437,405759,76,2322,5,14400,1.03273040482
403432,403985,406775,553,2790,5,14400,1.1982078853
403704,404897,480524,1193,75627,8,75600,1.01577478943
403731,403741,403828,10,87,1,7200,1.11494252874
403839,405203,405531,1364,328,4,36000,5.15853658537
403984,404903,407202,919,2299,5,14400,1.39973901696
404464,404911,412145,447,7234,2,7200,1.06179153995
404899,404919,407207,20,2288,5,14400,1.00874125874
404920,404927,407073,7,2146,5,14400,1.00326188257
404930,404938,407252,8,2314,5,14400,1.00345721694
404941,405075,407504,134,2429,5,14400,1.05516673528
405074,405083,407374,9,2291,5,14400,1.00392841554
405084,405124,407348,40,2224,5,14400,1.01798561151
405126,405196,407664,70,2468,5,14400,1.028363047
405197,405211,407995,14,2784,5,14400,1.00502873563
405208,405267,407679,59,2412,5,14400,1.02446102819
405228,405439,406507,211,1068,4,36000,1.19756554307
405269,405303,407959,34,2656,5,14400,1.01280120482
405300,405326,407927,26,2601,5,14400,1.00999615532
405331,405393,407844,62,2451,5,14400,1.02529579763
405393,405412,407744,19,2332,5,14400,1.00814751286
405414,405431,408168,17,2737,5,14400,1.00621118012
405434,405446,407700,12,2254,5,14400,1.00532386868
405445,405453,407654,8,2201,5,14400,1.00363471149
405456,405485,407706,29,2221,5,14400,1.01305718145
405486,405540,408185,54,2645,5,14400,1.02041587902
405538,405563,408032,25,2469,5,14400,1.01012555691
405569,405593,408545,24,2952,5,14400,1.0081300813
405589,405602,408018,13,2416,5,14400,1.0053807947
405600,405609,408112,9,2503,5,14400,1.00359568518
405611,405617,408276,6,2659,5,14400,1.0022564874
405621,405697,408551,76,2854,5,14400,1.02662929222
405693,405706,408031,13,2325,5,14400,1.00559139785
405703,405771,408113,68,2342,5,14400,1.02903501281
405775,405800,408056,25,2256,5,14400,1.01108156028
405796,405808,408533,12,2725,5,14400,1.00440366972
405807,405833,408317,26,2484,5,14400,1.01046698873
405838,405905,408278,67,2373,5,14400,1.02823430257
405910,405977,408552,67,2575,5,14400,1.02601941748
405920,405928,761050,8,355122,1,576000,1.00002252747
405981,406519,409168,538,2649,5,14400,1.20309550774
406090,407334,436155,1244,28821,1,28800,1.04316297144
406344,406662,407053,318,391,1,3600,1.81329923274
406520,407065,409690,545,2625,5,14400,1.20761904762
406605,406787,407332,182,545,4,108000,1.33394495413
407069,407085,409402,16,2317,5,14400,1.00690548123
407090,407215,409898,125,2683,5,14400,1.04658963846
407212,407223,409524,11,2301,5,14400,1.0047805302
407223,407265,409442,42,2177,5,14400,1.0192926045
407264,407360,409832,96,2472,5,14400,1.03883495146
407356,407386,409671,30,2285,5,14400,1.01312910284
407387,407517,409959,130,2442,5,14400,1.05323505324
407406,407719,411364,313,3645,2,3600,1.08587105624
407519,407666,410109,147,2443,5,14400,1.06017191977
407662,407676,410243,14,2567,5,14400,1.00545383716
407672,407691,409988,19,2297,5,14400,1.00827165869
407693,407712,410369,19,2657,5,14400,1.00715092209
407709,408049,408639,340,590,4,36000,1.57627118644
407713,408295,408695,582,400,4,36000,2.455
407716,407756,410395,40,2639,5,14400,1.01515725654
407757,407856,410546,99,2690,5,14400,1.03680297398
407859,407941,410388,82,2447,5,14400,1.03351042092
407941,407972,410235,31,2263,5,14400,1.01369863014
407972,408009,410789,37,2780,5,14400,1.01330935252
408013,408031,410263,18,2232,5,14400,1.00806451613
408033,408044,410294,11,2250,5,14400,1.00488888889
408044,408056,410338,12,2282,5,14400,1.00525854514
408055,408069,410312,14,2243,5,14400,1.00624164066
408066,408124,410357,58,2233,5,14400,1.02597402597
408127,408134,410824,7,2690,5,14400,1.00260223048
408138,408180,410420,42,2240,5,14400,1.01875
408179,408198,410754,19,2556,5,14400,1.00743348983
408200,408290,410804,90,2514,5,14400,1.03579952267
408275,408282,409324,7,1042,2,14400,1.00671785029
408292,408329,410696,37,2367,5,14400,1.01563160118
408333,408546,411155,213,2609,5,14400,1.08164047528
408546,408557,410992,11,2435,5,14400,1.0045174538
408557,408564,410853,7,2289,5,14400,1.00305810398
408568,408575,411186,7,2611,5,14400,1.00268096515
408578,408652,411415,74,2763,5,14400,1.02678248281
408650,408707,411614,57,2907,5,14400,1.01960784314
408711,409180,411946,469,2766,5,14400,1.16955892986
409179,409415,411777,236,2362,5,14400,1.09991532599
409414,409454,412335,40,2881,5,14400,1.01388406803
409455,409536,412007,81,2471,5,14400,1.03278025091
409537,409689,411968,152,2279,5,14400,1.06669591926
409589,409683,411143,94,1460,2,3600,1.06438356164
409690,409702,411947,12,2245,5,14400,1.00534521158
409700,409844,412135,144,2291,5,14400,1.06285464863
409843,409910,412288,67,2378,5,14400,1.02817493692
409883,409916,409969,33,53,1,3600,1.62264150943
409908,409981,410020,73,39,1,3600,2.87179487179
409915,409971,412530,56,2559,5,14400,1.02188354826
409976,410000,412240,24,2240,5,14400,1.01071428571
409997,410121,412521,124,2400,5,14400,1.05166666667
410119,410248,413112,129,2864,5,14400,1.04504189944
410145,410253,410282,108,29,1,3600,4.72413793103
410252,410261,412768,9,2507,5,14400,1.00358994815
410263,410275,412574,12,2299,5,14400,1.00521966072
410273,410306,413285,33,2979,5,14400,1.0110775428
410283,410290,410309,7,19,1,3600,1.36842105263
410304,410325,412554,21,2229,5,14400,1.00942126514
410329,410350,411342,21,992,8,6000,1.02116935484
410350,410381,411214,31,833,8,6000,1.03721488595
410381,410408,411907,27,1499,8,6000,1.01801200801
410412,410432,411247,20,815,8,6000,1.0245398773
410430,411156,411218,726,62,1,3600,12.7096774194
410432,410710,411523,278,813,8,6000,1.34194341943
410483,411162,411211,679,49,1,3600,14.8571428571
410707,410767,411588,60,821,8,6000,1.0730816078
410769,410816,411683,47,867,8,6000,1.05420991926
410820,410865,412086,45,1221,8,6000,1.03685503686
410861,411005,411852,144,847,8,6000,1.17001180638
411004,411198,412034,194,836,8,6000,1.23205741627
411197,411227,412043,30,816,8,6000,1.03676470588
411228,411259,412092,31,833,8,6000,1.03721488595
411259,411354,412169,95,815,8,6000,1.11656441718
411351,411427,412265,76,838,8,6000,1.09069212411
411433,411535,412357,102,822,8,6000,1.12408759124
411535,411600,412414,65,814,8,6000,1.07985257985
411596,411626,412458,30,832,8,6000,1.03605769231
411627,411695,412516,68,821,8,6000,1.08282582217
411698,411864,412711,166,847,8,6000,1.19598583235
411862,411920,412755,58,835,8,6000,1.06946107784
411923,411958,412771,35,813,8,6000,1.0430504305
411954,411966,412794,12,828,8,6000,1.01449275362
411964,412019,412902,55,883,8,6000,1.06228765572
412016,412046,412871,30,825,8,6000,1.03636363636
412047,412056,412896,9,840,8,6000,1.01071428571
412057,412098,412942,41,844,8,6000,1.04857819905
412098,412105,412965,7,860,8,6000,1.00813953488
412109,412157,412985,48,828,8,6000,1.05797101449
412160,412181,413018,21,837,8,6000,1.02508960573
412181,412278,413121,97,843,8,6000,1.11506524318
412283,412300,413264,17,964,8,6000,1.01763485477
412304,412347,413229,43,882,8,6000,1.04875283447
412345,412370,413226,25,856,8,6000,1.02920560748
412366,412427,413293,61,866,8,6000,1.07043879908
412427,412470,413309,43,839,8,6000,1.05125148987
412469,412528,413358,59,830,8,6000,1.07108433735
412530,412543,413744,13,1201,8,6000,1.01082431307
412541,412586,413446,45,860,8,6000,1.0523255814
412582,412724,413556,142,832,8,6000,1.17067307692
412725,412767,413665,42,898,8,6000,1.04677060134
412766,412780,413815,14,1035,8,6000,1.01352657005
412776,412787,413644,11,857,8,6000,1.01283547258
412787,412807,413647,20,840,8,6000,1.02380952381
412808,412883,414046,75,1163,8,6000,1.06448839209
412879,412908,413751,29,843,8,6000,1.03440094899
412910,412917,413743,7,826,8,6000,1.00847457627
412921,412955,413864,34,909,8,6000,1.03740374037
412952,412977,413809,25,832,8,6000,1.03004807692
412973,412998,413897,25,899,8,6000,1.02780867631
413004,413030,413872,26,842,8,6000,1.03087885986
413035,413133,413986,98,853,8,6000,1.11488862837
413137,413238,414081,101,843,8,6000,1.11981020166
413239,413245,414089,6,844,8,6000,1.00710900474
413249,413276,414107,27,831,8,6000,1.03249097473
413280,413297,414141,17,844,8,6000,1.02014218009
413301,413308,414139,7,831,8,6000,1.00842358604
413312,413322,414163,10,841,8,6000,1.01189060642
413322,413370,414227,48,857,8,6000,1.05600933489
413374,413458,414304,84,846,8,6000,1.09929078014
413455,413568,414403,113,835,8,6000,1.13532934132
413567,413656,414526,89,870,8,6000,1.10229885057
413659,413665,414512,6,847,8,6000,1.00708382527
413670,413677,414626,7,949,8,6000,1.00737618546
413680,413755,414607,75,852,8,6000,1.08802816901
413752,413762,414626,10,864,8,6000,1.01157407407
413762,413769,414635,7,866,8,6000,1.00808314088
413773,413822,414653,49,831,8,6000,1.05896510229
413824,413832,414667,8,835,8,6000,1.00958083832
413835,413876,414742,41,866,8,6000,1.04734411085
413876,413885,414734,9,849,8,6000,1.01060070671
413887,413909,414748,22,839,8,6000,1.02622169249
413907,413998,414843,91,845,8,6000,1.10769230769
413999,414058,414890,59,832,8,6000,1.07091346154
414061,414094,414944,33,850,8,6000,1.03882352941
414092,414100,414942,8,842,8,6000,1.00950118765
414103,414120,415102,17,982,8,6000,1.01731160896
414123,414151,415024,28,873,8,6000,1.03207331042
414155,414161,415032,6,871,8,6000,1.00688863375
414165,414175,415032,10,857,8,6000,1.01166861144
414176,414239,415116,63,877,8,6000,1.07183580388
414237,414317,415162,80,845,8,6000,1.09467455621
414319,414415,415283,96,868,8,6000,1.11059907834
414411,414524,415372,113,848,8,6000,1.13325471698
414523,414538,415381,15,843,8,6000,1.01779359431
414544,414580,415431,36,851,8,6000,1.04230317274
414584,414620,415460,36,840,8,6000,1.04285714286
414626,414638,415491,12,853,8,6000,1.01406799531
414637,414645,415535,8,890,8,6000,1.00898876404
414647,414654,415533,7,879,8,6000,1.00796359499
414658,414664,415568,6,904,8,6000,1.00663716814
414668,414679,415569,11,890,8,6000,1.01235955056
414679,414746,415739,67,993,8,6000,1.06747230614
414750,414758,415614,8,856,8,6000,1.00934579439
414761,414767,415639,6,872,8,6000,1.00688073394
414772,414806,415669,34,863,8,6000,1.03939745075
414802,414812,415688,10,876,8,6000,1.01141552511
414813,414855,415695,42,840,8,6000,1.05
414854,414903,415772,49,869,8,6000,1.05638665132
414906,414954,415832,48,878,8,6000,1.05466970387
414957,414963,415852,6,889,8,6000,1.00674915636
414967,415036,415876,69,840,8,6000,1.08214285714
415039,415045,415947,6,902,8,6000,1.0066518847
415050,415057,415980,7,923,8,6000,1.00758396533
415060,415115,415976,55,861,8,6000,1.06387921022
415112,415128,415985,16,857,8,6000,1.0186697783
415133,415174,416014,41,840,8,6000,1.04880952381
415174,415296,416158,122,862,8,6000,1.14153132251
415296,415384,416891,88,1507,8,6000,1.05839416058
415388,415396,416257,8,861,8,6000,1.00929152149
415399,415444,416353,45,909,8,6000,1.0495049505
415441,415473,416337,32,864,8,6000,1.03703703704
415472,415503,416377,31,874,8,6000,1.03546910755
415503,415545,416400,42,855,8,6000,1.04912280702
415544,415552,416415,8,863,8,6000,1.00926998841
415554,415580,416430,26,850,8,6000,1.03058823529
415585,415592,416452,7,860,8,6000,1.00813953488
415596,415627,416522,31,895,8,6000,1.03463687151
415627,415651,416629,24,978,8,6000,1.0245398773
415650,415658,418155,8,2497,5,14400,1.00320384461
415661,415681,418132,20,2451,5,14400,1.00815993472
415682,415689,417939,7,2250,5,14400,1.00311111111
415692,415700,418045,8,2345,5,14400,1.00341151386
415703,415710,418212,7,2502,5,14400,1.00279776179
415714,415721,418025,7,2304,5,14400,1.00303819444
415724,415752,418352,28,2600,5,14400,1.01076923077
415755,415785,418071,30,2286,5,14400,1.01312335958
415786,415792,418082,6,2290,5,14400,1.00262008734
415797,415844,418417,47,2573,5,14400,1.01826661485
415814,415864,419561,50,3697,1,3600,1.01352447931
415848,415855,418148,7,2293,5,14400,1.0030527693
415858,415871,418348,13,2477,5,14400,1.00524828421
415869,415889,418274,20,2385,5,14400,1.00838574423
415890,415897,418639,7,2742,5,14400,1.00255288111
415901,415959,418631,58,2672,5,14400,1.02170658683
415962,415988,418490,26,2502,5,14400,1.01039168665
415993,416000,418529,7,2529,5,14400,1.00276789245
416004,416011,418705,7,2694,5,14400,1.00259836674
416014,416022,418734,8,2712,5,14400,1.00294985251
416025,416032,418561,7,2529,5,14400,1.00276789245
416036,416043,418702,7,2659,5,14400,1.00263256863
416046,416053,418877,7,2824,5,14400,1.00247875354
416057,416170,418819,113,2649,5,14400,1.04265760664
416169,416269,418895,100,2626,5,14400,1.03808073115
416271,416278,418754,7,2476,5,14400,1.00282714055
416281,416350,419101,69,2751,5,14400,1.02508178844
416353,416367,418680,14,2313,5,14400,1.00605274535
416364,416374,418731,10,2357,5,14400,1.00424268137
416374,416390,418735,16,2345,5,14400,1.00682302772
416385,416397,419022,12,2625,5,14400,1.00457142857
416396,416412,419117,16,2705,5,14400,1.00591497227
416416,416428,418792,12,2364,5,14400,1.00507614213
416427,416435,419096,8,2661,5,14400,1.00300638858
416438,416445,419079,7,2634,5,14400,1.00265755505
416448,416464,418895,16,2431,5,14400,1.00658165364
416469,416476,419191,7,2715,5,14400,1.00257826888
416480,416534,419457,54,2923,5,14400,1.01847417037
416531,416542,418930,11,2388,5,14400,1.00460636516
416541,416641,418839,100,2198,5,14400,1.04549590537
416644,416904,419196,260,2292,5,14400,1.11343804538
416909,416916,419388,7,2472,5,14400,1.00283171521
416919,417957,420229,1038,2272,5,14400,1.45686619718
417639,417952,418799,313,847,1,900,1.36953955136
417956,418037,420265,81,2228,5,14400,1.03635547576
418038,418058,421110,20,3052,5,14400,1.00655307995
418058,418083,420881,25,2798,5,14400,1.00893495354
418079,418094,420580,15,2486,5,14400,1.00603378922
418090,418144,420768,54,2624,5,14400,1.02057926829
418141,418160,420719,19,2559,5,14400,1.0074247753
418162,418170,420619,8,2449,5,14400,1.00326663944
418173,418224,420629,51,2405,5,14400,1.02120582121
418224,418288,421090,64,2802,5,14400,1.02284082798
418285,418361,420663,76,2302,5,14400,1.03301476977
418357,418368,420619,11,2251,5,14400,1.00488671701
418367,418429,420665,62,2236,5,14400,1.02772808587
418429,418502,421119,73,2617,5,14400,1.02789453573
418499,418722,418724,223,2,2,3540,22.5
418500,418541,421091,41,2550,5,14400,1.01607843137
418541,418573,421553,32,2980,5,14400,1.01073825503
418572,418643,421088,71,2445,5,14400,1.02903885481
418644,418651,421077,7,2426,5,14400,1.00288540808
418654,418692,421431,38,2739,5,14400,1.01387367652
418695,418714,421616,19,2902,5,14400,1.00654720882
418716,418736,421015,20,2279,5,14400,1.00877577885
418737,418746,421048,9,2302,5,14400,1.00390964379
418748,418755,421030,7,2275,5,14400,1.00307692308
418758,418766,421574,8,2808,5,14400,1.00284900285
418769,418776,421183,7,2407,5,14400,1.00290818446
418779,418804,421188,25,2384,5,14400,1.01048657718
418800,418832,421390,32,2558,5,14400,1.01250977326
418831,418852,421486,21,2634,5,14400,1.00797266515
418849,418908,419166,59,258,1,900,1.22868217054
418852,418889,421581,37,2692,5,14400,1.01374442793
418891,420248,761110,1357,340862,1,576000,1.00398108325
418893,418913,421156,20,2243,5,14400,1.00891662951
418914,418922,421508,8,2586,5,14400,1.00309358082
418924,418943,421209,19,2266,5,14400,1.00838481906
418945,419034,421186,89,2152,5,14400,1.04135687732
419037,419091,421567,54,2476,5,14400,1.02180936995
419088,419110,421401,22,2291,5,14400,1.00960279354
419109,419117,421517,8,2400,5,14400,1.00333333333
419120,419130,421539,10,2409,5,14400,1.00415110004
419130,419204,422131,74,2927,5,14400,1.02528185856
419202,419211,421448,9,2237,5,14400,1.00402324542
419212,419401,422099,189,2698,5,14400,1.07005189029
419406,419469,422363,63,2894,5,14400,1.02176917761
419467,420243,422930,776,2687,5,14400,1.28879791589
420239,420278,422819,39,2541,5,14400,1.01534828808
420280,420592,422959,312,2367,5,14400,1.13181242079
420502,420510,449317,8,28807,1,28800,1.00027771028
420596,420631,423387,35,2756,5,14400,1.01269956459
420627,420640,423076,13,2436,5,14400,1.00533661741
420637,420648,422916,11,2268,5,14400,1.00485008818
420648,420675,422993,27,2318,5,14400,1.01164797239
420679,420686,422985,7,2299,5,14400,1.00304480209
420690,420732,423030,42,2298,5,14400,1.0182767624
420731,420781,423378,50,2597,5,14400,1.01925298421
420782,420893,423123,111,2230,5,14400,1.04977578475
420894,421029,423607,135,2578,5,14400,1.05236617533
421027,421043,423589,16,2546,5,14400,1.00628436764
421047,421062,423396,15,2334,5,14400,1.00642673522
421058,421089,423655,31,2566,5,14400,1.01208106002
421089,421101,423604,12,2503,5,14400,1.0047942469
421100,421109,423542,9,2433,5,14400,1.00369913687
421110,421117,423785,7,2668,5,14400,1.00262368816
421121,421128,423932,7,2804,5,14400,1.00249643367
421131,421139,423849,8,2710,5,14400,1.00295202952
421142,421169,423828,27,2659,5,14400,1.01015419331
421173,421195,423554,22,2359,5,14400,1.00932598559
421194,421203,424058,9,2855,5,14400,1.00315236427
421204,421213,423934,9,2721,5,14400,1.0033076075
421215,421223,423533,8,2310,5,14400,1.00346320346
421226,421403,423712,177,2309,5,14400,1.07665656128
421399,421414,423837,15,2423,5,14400,1.00619067272
421409,421444,423931,35,2487,5,14400,1.01407318054
421440,421461,424090,21,2629,5,14400,1.00798782807
421461,421498,423879,37,2381,5,14400,1.01553968921
421502,421522,424103,20,2581,5,14400,1.00774893452
421523,421531,424434,8,2903,5,14400,1.00275576989
421534,421552,424117,18,2565,5,14400,1.00701754386
421554,421565,423896,11,2331,5,14400,1.00471900472
421565,421579,424664,14,3085,5,14400,1.00453808752
421575,421586,423785,11,2199,5,14400,1.00500227376
421604,421611,424379,7,2768,5,14400,1.00252890173
421614,421630,423906,16,2276,5,14400,1.00702987698
421635,422111,424369,476,2258,5,14400,1.21080602303
422081,422089,422612,8,523,1,900,1.01529636711
422113,422143,424348,30,2205,5,14400,1.01360544218
422144,422376,424973,232,2597,5,14400,1.08933384675
422378,422479,425115,101,2636,5,14400,1.03831562974
422480,422487,425506,7,3019,5,14400,1.00231864856
422490,422497,424812,7,2315,5,14400,1.0030237581
422501,422509,425110,8,2601,5,14400,1.0030757401
422511,422518,425217,7,2699,5,14400,1.00259355317
422522,422529,425617,7,3088,5,14400,1.00226683938
422532,422832,425223,300,2391,5,14400,1.12547051443
422837,422929,425479,92,2550,5,14400,1.03607843137
422929,422943,425298,14,2355,5,14400,1.0059447983
422940,422972,425618,32,2646,5,14400,1.01209372638
422971,422998,425619,27,2621,5,14400,1.01030141167
423002,423009,425348,7,2339,5,14400,1.00299273194
423013,423042,425726,29,2684,5,14400,1.010804769
423044,423090,425634,46,2544,5,14400,1.01808176101
423095,423136,425705,41,2569,5,14400,1.01595951732
423136,423392,425611,256,2219,5,14400,1.11536728256
423391,423399,426181,8,2782,5,14400,1.00287562904
423402,423410,425686,8,2276,5,14400,1.00351493849
423412,423546,425867,134,2321,5,14400,1.05773373546
423545,423557,426152,12,2595,5,14400,1.00462427746
423556,423568,425812,12,2244,5,14400,1.00534759358
423566,423602,425937,36,2335,5,14400,1.01541755889
423597,423617,426195,20,2578,5,14400,1.0077579519
423618,423626,426390,8,2764,5,14400,1.00289435601
423629,423668,426089,39,2421,5,14400,1.01610904585
423670,423724,426360,54,2636,5,14400,1.02048558422
423721,423798,426582,77,2784,5,14400,1.02765804598
423803,423810,426393,7,2583,5,14400,1.0027100271
423814,423841,426312,27,2471,5,14400,1.0109267503
423845,423852,426122,7,2270,5,14400,1.00308370044
423857,423864,426727,7,2863,5,14400,1.00244498778
423867,423892,426207,25,2315,5,14400,1.01079913607
423888,423909,426334,21,2425,5,14400,1.00865979381
423909,423919,426200,10,2281,5,14400,1.00438404209
423920,423944,426250,24,2306,5,14400,1.01040763226
423941,423951,426344,10,2393,5,14400,1.00417885499
423951,423959,426806,8,2847,5,14400,1.00280997541
423962,424071,426343,109,2272,5,14400,1.04797535211
424074,424102,426666,28,2564,5,14400,1.01092043682
424105,424116,426580,11,2464,5,14400,1.00446428571
424116,424129,426632,13,2503,5,14400,1.00519376748
424126,424360,426760,234,2400,5,14400,1.0975
424360,424382,426806,22,2424,5,14400,1.00907590759
424382,424393,426770,11,2377,5,14400,1.00462768195
424392,424446,426979,54,2533,5,14400,1.02131859455
424444,424677,427739,233,3062,5,14400,1.07609405617
424673,424826,427382,153,2556,5,14400,1.05985915493
424826,424987,427611,161,2624,5,14400,1.06135670732
424989,425123,427530,134,2407,5,14400,1.0556709597
425121,425132,428056,11,2924,5,14400,1.0037619699
425132,425230,427713,98,2483,5,14400,1.03946838502
425234,425242,427664,8,2422,5,14400,1.00330305533
425245,425310,427627,65,2317,5,14400,1.02805351748
425307,425361,427705,54,2344,5,14400,1.02303754266
425359,425492,427868,133,2376,5,14400,1.05597643098
425492,425519,428177,27,2658,5,14400,1.01015801354
425523,425625,427918,102,2293,5,14400,1.04448320977
425625,425633,428232,8,2599,5,14400,1.00307810696
425636,425644,428618,8,2974,5,14400,1.00268997983
425646,425654,428462,8,2808,5,14400,1.00284900285
425657,425665,427942,8,2277,5,14400,1.00351339482
425668,425698,428475,30,2777,5,14400,1.01080302485
425699,425718,428035,19,2317,5,14400,1.00820025896
426387,426394,428970,7,2576,2,108000,1.0027173913
427128,427134,429572,6,2438,4,108000,1.00246103363
428165,428171,428180,6,9,8,6000,1.5
428165,428176,428185,11,9,8,6000,2.0
428176,428189,428197,13,8,8,6000,2.1
428176,428183,428192,7,9,8,6000,1.6
428187,428201,428210,14,9,8,6000,2.3
428187,428196,428204,9,8,8,6000,1.7
428200,428213,428221,13,8,8,6000,2.1
428200,428208,428216,8,8,8,6000,1.6
428212,428220,428229,8,9,8,6000,1.7
428440,428447,428882,7,435,8,6000,1.01609195402
428441,428452,428763,11,311,8,6000,1.03536977492
428451,428459,428684,8,225,8,6000,1.03555555556
428451,428464,428882,13,418,8,6000,1.03110047847
428462,428470,428881,8,411,8,6000,1.01946472019
428462,428475,428882,13,407,8,6000,1.03194103194
428473,428488,428882,15,394,8,6000,1.03807106599
428473,428483,428882,10,399,8,6000,1.02506265664
428484,428500,428882,16,382,8,6000,1.04188481675
428484,428495,428882,11,387,8,6000,1.02842377261
428495,428508,428882,13,374,8,6000,1.03475935829
428505,428515,428882,10,367,8,6000,1.0272479564
428516,428523,428882,7,359,8,6000,1.01949860724
428527,428533,428882,6,349,8,6000,1.01719197708
428538,428545,428882,7,337,8,6000,1.02077151335
428548,428554,428882,6,328,8,6000,1.01829268293
428559,428566,428882,7,316,8,6000,1.02215189873
428569,428575,428882,6,307,8,6000,1.01954397394
428580,428586,428882,6,296,8,6000,1.02027027027
428590,428596,428882,6,286,8,6000,1.02097902098
428601,428607,428882,6,275,8,6000,1.02181818182
428611,428619,428882,8,263,8,6000,1.03041825095
428622,428628,428882,6,254,8,6000,1.02362204724
428632,428640,428882,8,242,8,6000,1.03305785124
428643,428649,428882,6,233,8,6000,1.02575107296
428653,428660,428882,7,222,8,6000,1.03153153153
428664,428671,428881,7,210,8,6000,1.03333333333
428958,428965,429834,7,869,8,6000,1.0080552359
429201,429207,431898,6,2691,5,14400,1.0022296544
429201,429213,429277,12,64,5,14400,1.1875
429212,429219,431526,7,2307,5,14400,1.00303424361
429213,429225,431799,12,2574,5,14400,1.00466200466
429508,429515,429606,7,91,1,36000,1.07692307692
429508,429520,429628,12,108,1,36000,1.11111111111
429508,429525,429650,17,125,1,36000,1.136
429508,429537,429677,29,140,1,36000,1.20714285714
429509,429543,429550,34,7,1,36000,4.1
429509,429548,429554,39,6,1,36000,4.5
429512,429553,429555,41,2,2,3540,4.3
429526,429560,429598,34,38,8,6000,1.89473684211
429526,429532,430411,6,879,8,6000,1.00682593857
429537,429565,430558,28,993,8,6000,1.02819738167
429558,429572,430436,14,864,8,6000,1.0162037037
429568,429578,430443,10,865,8,6000,1.01156069364
429569,429584,430449,15,865,8,6000,1.01734104046
429579,429591,430447,12,856,8,6000,1.01401869159
429580,429596,430539,16,943,8,6000,1.01696712619
429590,429603,429623,13,20,8,6000,1.65
429601,429610,429657,9,47,8,6000,1.1914893617
429611,429618,429669,7,51,8,6000,1.13725490196
429622,429629,430485,7,856,8,6000,1.00817757009
429632,429638,430486,6,848,8,6000,1.0070754717
429643,429649,430972,6,1323,8,6000,1.00453514739
429653,429660,430533,7,873,8,6000,1.00801832761
429664,429672,430518,8,846,8,6000,1.00945626478
429669,429678,468000,9,38322,4,108000,1.00023485204
429674,429686,430551,12,865,8,6000,1.01387283237
429684,429802,468003,118,38201,4,108000,1.00308892437
429685,429693,430656,8,963,8,6000,1.00830737279
429695,429702,430580,7,878,8,6000,1.00797266515
429706,429808,468008,102,38200,4,108000,1.00267015707
429706,429712,429812,6,100,8,6000,1.06
429710,429813,468010,103,38197,4,108000,1.00269654685
429714,429818,468008,104,38190,4,108000,1.00272322598
429717,429794,430648,77,854,8,6000,1.09016393443
429718,429823,468016,105,38193,4,108000,1.00274919488
429798,429830,429866,32,36,8,6000,1.88888888889
429829,429836,430707,7,871,8,6000,1.00803673938
429840,429846,429884,6,38,8,6000,1.15789473684
429850,429856,429895,6,39,8,6000,1.15384615385
429861,429867,430723,6,856,8,6000,1.00700934579
429871,429878,431016,7,1138,8,6000,1.00615114236
429882,429888,430752,6,864,8,6000,1.00694444444
429892,429899,430789,7,890,8,6000,1.00786516854
429903,429909,430755,6,846,8,6000,1.00709219858
429913,429919,429979,6,60,8,6000,1.1
429924,429930,430793,6,863,8,6000,1.00695249131
429934,429940,429977,6,37,8,6000,1.16216216216
429945,429952,430812,7,860,8,6000,1.00813953488
429955,429990,430864,35,874,8,6000,1.04004576659
429986,429997,430951,11,954,8,6000,1.01153039832
429997,430415,430778,418,363,8,6000,2.15151515152
430309,430317,430327,8,10,1,36000,1.8
430413,430424,431324,11,900,8,6000,1.01222222222
430424,430448,430817,24,369,8,6000,1.06504065041
430445,430455,431318,10,863,8,6000,1.01158748552
430456,430462,431315,6,853,8,6000,1.00703399766
430466,430473,431340,7,867,8,6000,1.00807381776
430477,430497,431378,20,881,8,6000,1.0227014756
430498,430504,430557,6,53,8,6000,1.11320754717
430508,430530,431383,22,853,8,6000,1.02579132474
430529,430545,431424,16,879,8,6000,1.01820250284
430550,430557,431413,7,856,8,6000,1.00817757009
430560,430567,430625,7,58,8,6000,1.12068965517
430571,430577,431494,6,917,8,6000,1.00654307525
430581,430588,431469,7,881,8,6000,1.00794551646
430592,430598,430964,6,366,8,6000,1.01639344262
430602,430638,430677,36,39,8,6000,1.92307692308
430643,430660,430702,17,42,8,6000,1.40476190476
430664,430671,431532,7,861,8,6000,1.0081300813
430675,430690,430733,15,43,8,6000,1.3488372093
430685,430714,430764,29,50,8,6000,1.58
430716,430723,431594,7,871,8,6000,1.00803673938
430727,430735,431156,8,421,8,6000,1.0190023753
430737,430746,430792,9,46,8,6000,1.19565217391
430748,430764,431643,16,879,8,6000,1.01820250284
430769,430776,431623,7,847,8,6000,1.00826446281
430779,430785,431650,6,865,8,6000,1.00693641618
430790,430797,431661,7,864,8,6000,1.00810185185
430801,430808,431641,7,833,8,6000,1.00840336134
430811,430818,431768,7,950,8,6000,1.00736842105
430822,430829,430958,7,129,8,6000,1.05426356589
430833,430840,431693,7,853,8,6000,1.0082063306
430843,430849,431717,6,868,8,6000,1.0069124424
430854,430876,431828,22,952,8,6000,1.0231092437
430874,430964,431837,90,873,8,6000,1.10309278351
430966,430972,431987,6,1015,8,6000,1.00591133005
430977,430984,431963,7,979,8,6000,1.00715015322
430987,430995,431878,8,883,8,6000,1.00906002265
430998,431029,432061,31,1032,8,6000,1.03003875969
431029,431168,431972,139,804,8,6000,1.17288557214
431031,431062,431070,31,8,1,7200,3.9
431031,431037,431050,6,13,1,7200,1.46153846154
431171,431327,432135,156,808,8,6000,1.19306930693
431324,431334,432187,10,853,8,6000,1.01172332943
431335,431341,432211,6,870,8,6000,1.00689655172
431345,431352,432228,7,876,8,6000,1.00799086758
431356,431391,432256,35,865,8,6000,1.04046242775
431387,431398,432269,11,871,8,6000,1.01262916188
431397,431425,432279,28,854,8,6000,1.03278688525
431428,431436,431491,8,55,8,6000,1.14545454545
431439,431481,432358,42,877,8,6000,1.04789053592
431480,431503,432363,23,860,8,6000,1.02674418605
431501,431510,432380,9,870,8,6000,1.01034482759
431512,431538,432514,26,976,8,6000,1.02663934426
431542,431549,431706,7,157,8,6000,1.04458598726
431553,431606,432494,53,888,8,6000,1.05968468468
431604,431635,432510,31,875,8,6000,1.03542857143
431635,431653,432579,18,926,8,6000,1.01943844492
431656,431664,432487,8,823,8,6000,1.00972053463
431667,431675,432546,8,871,8,6000,1.00918484501
431677,431685,431750,8,65,8,6000,1.12307692308
431688,431705,432593,17,888,8,6000,1.01914414414
431709,431718,432110,9,392,8,6000,1.02295918367
431720,431729,432678,9,949,8,6000,1.00948366702
431730,431762,432680,32,918,8,6000,1.0348583878
431761,431781,432680,20,899,8,6000,1.02224694105
431782,431840,431909,58,69,8,6000,1.84057971014
431844,431851,432721,7,870,8,6000,1.00804597701
431854,431890,432772,36,882,8,6000,1.04081632653
431885,431911,432776,26,865,8,6000,1.03005780347
431916,431923,432922,7,999,8,6000,1.00700700701
431927,431975,432830,48,855,8,6000,1.05614035088
431978,431985,432869,7,884,8,6000,1.00791855204
431989,431999,432884,10,885,8,6000,1.01129943503
431999,432074,433019,75,945,8,6000,1.07936507937
432071,432122,432286,51,164,8,6000,1.31097560976
432122,432147,433026,25,879,8,6000,1.02844141069
432143,432199,433061,56,862,8,6000,1.06496519722
432194,432224,432447,30,223,8,6000,1.13452914798
432226,432241,433194,15,953,8,6000,1.01573976915
432246,432268,433136,22,868,8,6000,1.02534562212
432267,432282,433159,15,877,8,6000,1.01710376283
432278,432292,433166,14,874,8,6000,1.01601830664
432288,432299,433175,11,876,8,6000,1.01255707763
432298,432371,435007,73,2636,5,14400,1.02769347496
432370,432378,434841,8,2463,5,14400,1.00324807146
432380,432387,435024,7,2637,5,14400,1.00265453166
432391,432397,434912,6,2515,5,14400,1.00238568588
432401,432407,432423,6,16,5,14400,1.375
432412,432435,432463,23,28,5,14400,1.82142857143
432432,432459,432494,27,35,5,14400,1.77142857143
432463,432471,435020,8,2549,5,14400,1.00313848568
432474,432480,434992,6,2512,5,14400,1.00238853503
432485,432499,435131,14,2632,5,14400,1.00531914894
432495,432506,435193,11,2687,5,14400,1.00409378489
432506,432513,435161,7,2648,5,14400,1.00264350453
432516,432524,435323,8,2799,5,14400,1.00285816363
432527,432534,435300,7,2766,5,14400,1.0025307303
432537,432545,435154,8,2609,5,14400,1.00306630893
432548,432555,435216,7,2661,5,14400,1.00263059
432558,432565,435636,7,3071,5,14400,1.00227938782
432569,432576,432610,7,34,5,14400,1.20588235294
432579,432591,435380,12,2789,5,14400,1.00430261743
432590,432605,432641,15,36,5,14400,1.41666666667
432601,432611,432648,10,37,5,14400,1.27027027027
432611,432622,435714,11,3092,5,14400,1.00355756792
432622,432653,435000,31,2347,5,14400,1.01320835109
432653,432660,435144,7,2484,5,14400,1.00281803543
432663,432690,435313,27,2623,5,14400,1.010293557
432694,432701,435136,7,2435,5,14400,1.00287474333
432705,432711,432745,6,34,5,14400,1.17647058824
432715,432723,435653,8,2930,5,14400,1.00273037543
432726,432733,432779,7,46,5,14400,1.15217391304
432736,432743,435502,7,2759,5,14400,1.00253715114
432747,432758,435234,11,2476,5,14400,1.00444264943
432757,432785,435428,28,2643,5,14400,1.01059402194
432788,432795,432844,7,49,5,14400,1.14285714286
432799,432806,435572,7,2766,5,14400,1.0025307303
432809,432816,432935,7,119,5,14400,1.05882352941
432820,432843,435165,23,2322,5,14400,1.00990525409
432840,432851,435487,11,2636,5,14400,1.00417298938
432851,432858,435663,7,2805,5,14400,1.00249554367
432862,432881,435274,19,2393,5,14400,1.00793982449
432882,432889,432927,7,38,5,14400,1.18421052632
432893,432900,435636,7,2736,5,14400,1.00255847953
432904,432934,435577,30,2643,5,14400,1.0113507378
432935,432942,435640,7,2698,5,14400,1.00259451446
432945,432952,432992,7,40,5,14400,1.175
432956,432963,435444,7,2481,5,14400,1.00282144297
432966,433006,435304,40,2298,5,14400,1.01740644038
433007,433032,436298,25,3266,5,14400,1.00765462339
433028,433040,433065,12,25,5,14400,1.48
433039,433048,433083,9,35,5,14400,1.25714285714
433049,433073,435374,24,2301,5,14400,1.01043024772
433070,433081,433122,11,41,5,14400,1.26829268293
433081,433089,433143,8,54,5,14400,1.14814814815
433092,433099,436046,7,2947,5,14400,1.00237529691
433102,433136,433178,34,42,5,14400,1.80952380952
433133,433150,433208,17,58,5,14400,1.29310344828
433154,433161,435782,7,2621,5,14400,1.00267073636
433165,433172,436210,7,3038,5,14400,1.00230414747
433175,433182,435639,7,2457,5,14400,1.00284900285
433186,433193,435918,7,2725,5,14400,1.00256880734
433196,433204,435506,8,2302,5,14400,1.00347523892
433207,433215,435799,8,2584,5,14400,1.00309597523
433218,433225,433290,7,65,5,14400,1.10769230769
433228,433235,435706,7,2471,5,14400,1.00283286119
433239,433246,435833,7,2587,5,14400,1.00270583688
433249,433257,436072,8,2815,5,14400,1.00284191829
433260,433303,436186,43,2883,5,14400,1.01491501908
433301,434853,437205,1552,2352,5,14400,1.65986394558
434855,434924,437809,69,2885,5,14400,1.02391681109
434927,435004,437448,77,2444,5,14400,1.03150572831
435009,435017,435071,8,54,5,14400,1.14814814815
435019,435027,435072,8,45,5,14400,1.17777777778
435030,435039,436353,9,1314,5,14400,1.00684931507
435040,435048,437405,8,2357,5,14400,1.0033941451
435051,435084,437732,33,2648,5,14400,1.01246223565
435082,435092,437828,10,2736,5,14400,1.00365497076
435093,435144,437411,51,2267,5,14400,1.02249669166
435144,435151,438067,7,2916,5,14400,1.0024005487
435155,435163,437983,8,2820,5,14400,1.00283687943
435165,435173,435216,8,43,5,14400,1.18604651163
435176,435183,437746,7,2563,5,14400,1.0027311744
435187,435195,437541,8,2346,5,14400,1.00341005968
435197,435208,435235,11,27,5,14400,1.40740740741
435208,435229,437615,21,2386,5,14400,1.00880134116
435228,435236,435332,8,96,5,14400,1.08333333333
435239,435247,437916,8,2669,5,14400,1.00299737729
435250,435257,437628,7,2371,5,14400,1.00295234078
435260,435286,437591,26,2305,5,14400,1.01127982646
435291,435313,435370,22,57,5,14400,1.38596491228
435312,435321,437804,9,2483,5,14400,1.0036246476
435322,435330,435376,8,46,5,14400,1.17391304348
435333,435340,437844,7,2504,5,14400,1.00279552716
435343,435351,435382,8,31,5,14400,1.25806451613
435354,435382,438106,28,2724,5,14400,1.01027900147
435385,435393,438075,8,2682,5,14400,1.00298284862
435395,435403,437892,8,2489,5,14400,1.00321414223
435406,435413,435545,7,132,5,14400,1.05303030303
435416,435424,438463,8,3039,5,14400,1.00263244488
435427,435440,438104,13,2664,5,14400,1.00487987988
435437,435457,438075,20,2618,5,14400,1.0076394194
435459,435500,437948,41,2448,5,14400,1.01674836601
435500,435514,438658,14,3144,5,14400,1.00445292621
435511,435523,438263,12,2740,5,14400,1.00437956204
435521,435558,437867,37,2309,5,14400,1.01602425292
435562,435586,437900,24,2314,5,14400,1.01037165082
435583,435594,435626,11,32,5,14400,1.34375
435594,435639,438324,45,2685,5,14400,1.01675977654
435636,435649,438465,13,2816,5,14400,1.00461647727
435646,435657,435721,11,64,5,14400,1.171875
435657,435664,438216,7,2552,5,14400,1.00274294671
435668,435675,438699,7,3024,5,14400,1.00231481481
435678,435685,438331,7,2646,5,14400,1.00264550265
435689,435696,438039,7,2343,5,14400,1.00298762271
435699,435719,438859,20,3140,5,14400,1.00636942675
435720,435727,436234,7,507,5,14400,1.01380670611
435729,435795,436367,66,572,8,6000,1.11538461538
435791,435846,435876,55,30,8,6000,2.83333333333
435802,436223,453725,421,17502,18,79200,1.02405439378
435842,435889,436456,47,567,8,6000,1.08289241623
435843,436379,449875,536,13496,18,79200,1.03971547125
435893,436085,436281,192,196,8,6000,1.97959183673
436061,437640,452890,1579,15250,18,79200,1.10354098361
436087,436294,436904,207,610,8,6000,1.3393442623
436091,437856,457295,1765,19439,18,79200,1.09079685169
436290,436365,436908,75,543,8,6000,1.13812154696
436362,436470,437181,108,711,8,6000,1.15189873418
436474,436917,436992,443,75,8,6000,6.90666666667
436921,436928,437080,7,152,8,6000,1.04605263158
436931,437004,437033,73,29,8,6000,3.51724137931
437003,437045,437604,42,559,8,6000,1.07513416816
437044,437094,437668,50,574,8,6000,1.08710801394
437096,437194,437261,98,67,8,6000,2.46268656716
437198,437275,437852,77,577,8,6000,1.13344887348
437279,437418,438010,139,592,8,6000,1.2347972973
437422,437429,437988,7,559,8,6000,1.01252236136
437432,437617,437788,185,171,8,6000,2.08187134503
437615,437680,437770,65,90,8,6000,1.72222222222
437677,437745,438297,68,552,8,6000,1.1231884058
437748,437800,437817,52,17,8,6000,4.05882352941
437799,437816,438385,17,569,8,6000,1.02987697715
437820,437829,438009,9,180,8,6000,1.05
437830,437840,438391,10,551,8,6000,1.01814882033
437841,437865,438412,24,547,8,6000,1.04387568556
437862,437879,438449,17,570,8,6000,1.0298245614
437882,437912,438455,30,543,8,6000,1.05524861878
437913,437960,438009,47,49,8,6000,1.95918367347
437964,437995,438059,31,64,8,6000,1.484375
437995,438002,438575,7,573,8,6000,1.01221640489
438006,438021,438639,15,618,8,6000,1.02427184466
438026,438034,438668,8,634,8,6000,1.01261829653
438037,438043,438212,6,169,8,6000,1.03550295858
438047,438071,438113,24,42,8,6000,1.57142857143
438068,438080,438640,12,560,8,6000,1.02142857143
438078,438087,438127,9,40,8,6000,1.225
438089,438117,438712,28,595,8,6000,1.04705882353
438120,438126,438709,6,583,8,6000,1.0102915952
438130,438139,438709,9,570,8,6000,1.01578947368
438141,438225,438274,84,49,8,6000,2.71428571429
438223,438232,438270,9,38,8,6000,1.23684210526
438233,438276,438887,43,611,8,6000,1.07037643208
438274,438283,438410,9,127,8,6000,1.07086614173
438285,438291,438336,6,45,8,6000,1.13333333333
438296,438309,438888,13,579,8,6000,1.02245250432
438306,438343,438381,37,38,8,6000,1.97368421053
438347,438354,438377,7,23,8,6000,1.30434782609
438358,438389,439076,31,687,8,6000,1.04512372635
438389,438396,438433,7,37,8,6000,1.18918918919
438400,438407,439414,7,1007,8,6000,1.00695134062
438410,438416,438995,6,579,8,6000,1.0103626943
438421,438428,438999,7,571,8,6000,1.0122591944
438431,438437,439013,6,576,8,6000,1.01041666667
438442,438448,439013,6,565,8,6000,1.01061946903
438452,438461,438496,9,35,8,6000,1.25714285714
438463,438470,439041,7,571,8,6000,1.0122591944
438473,438481,438510,8,29,8,6000,1.27586206897
438484,438508,439079,24,571,8,6000,1.04203152364
438505,438523,438645,18,122,8,6000,1.14754098361
438525,438587,439170,62,583,8,6000,1.1063464837
438587,438652,438687,65,35,8,6000,2.85714285714
438648,438659,439260,11,601,8,6000,1.01830282862
438659,438666,438731,7,65,8,6000,1.10769230769
438669,438675,439239,6,564,8,6000,1.01063829787
438680,438687,439305,7,618,8,6000,1.01132686084
438690,438700,438847,10,147,8,6000,1.06802721088
438701,438721,438825,20,104,8,6000,1.19230769231
438721,438728,439300,7,572,8,6000,1.01223776224
438732,438739,439375,7,636,8,6000,1.01100628931
438742,438750,438809,8,59,8,6000,1.13559322034
438753,438821,439394,68,573,8,6000,1.11867364747
438824,438837,439027,13,190,8,6000,1.06842105263
438835,438859,439430,24,571,8,6000,1.04203152364
438855,438871,439468,16,597,8,6000,1.02680067002
438866,438899,439468,33,569,8,6000,1.05799648506
438897,438906,439022,9,116,8,6000,1.0775862069
438908,439007,439607,99,600,8,6000,1.165
439009,439016,439573,7,557,8,6000,1.01256732496
439020,439026,439125,6,99,8,6000,1.06060606061
439030,439038,439086,8,48,8,6000,1.16666666667
439041,439048,440104,7,1056,8,6000,1.00662878788
439051,439058,439102,7,44,8,6000,1.15909090909
439062,439068,439636,6,568,8,6000,1.01056338028
439072,439088,439137,16,49,8,6000,1.32653061224
439093,439099,439323,6,224,8,6000,1.02678571429
439104,439110,439674,6,564,8,6000,1.01063829787
439114,439120,439753,6,633,8,6000,1.00947867299
439125,439137,439770,12,633,8,6000,1.01895734597
439135,439150,439216,15,66,8,6000,1.22727272727
439146,439182,439765,36,583,8,6000,1.06174957118
439186,439229,439886,43,657,8,6000,1.06544901065
439227,439251,439828,24,577,8,6000,1.04159445407
439248,439272,439838,24,566,8,6000,1.04240282686
439269,439313,439341,44,28,8,6000,2.57142857143
439310,439321,439360,11,39,8,6000,1.28205128205
439320,439335,439912,15,577,8,6000,1.0259965338
439331,439354,439406,23,52,8,6000,1.44230769231
439352,439372,440021,20,649,8,6000,1.03081664099
439373,439387,439643,14,256,8,6000,1.0546875
439383,439406,439994,23,588,8,6000,1.03911564626
439404,439418,439994,14,576,8,6000,1.02430555556
439415,439427,440000,12,573,8,6000,1.02094240838
439425,439443,439520,18,77,8,6000,1.23376623377
439446,439480,440049,34,569,8,6000,1.05975395431
439477,439486,439550,9,64,8,6000,1.140625
439487,439533,440093,46,560,8,6000,1.08214285714
439528,439562,440130,34,568,8,6000,1.05985915493
439560,439587,440151,27,564,8,6000,1.04787234043
439590,439620,439830,30,210,8,6000,1.14285714286
439621,439648,439942,27,294,8,6000,1.09183673469
439652,439658,439885,6,227,8,6000,1.02643171806
439663,439686,439770,23,84,8,6000,1.27380952381
439683,439765,439948,82,183,8,6000,1.44808743169
439765,439777,440355,12,578,8,6000,1.02076124567
439775,439784,439845,9,61,8,6000,1.14754098361
439786,439792,440398,6,606,8,6000,1.0099009901
439797,439840,439889,43,49,8,6000,1.87755102041
439837,439847,440602,10,755,8,6000,1.01324503311
439848,439854,440437,6,583,8,6000,1.0102915952
439858,439865,441756,7,1891,5,14400,1.00370174511
439868,439876,439902,8,26,5,14400,1.30769230769
439879,439897,441499,18,1602,5,14400,1.01123595506
439900,439907,439939,7,32,5,14400,1.21875
439911,439918,441609,7,1691,5,14400,1.00413956239
439921,439928,441584,7,1656,5,14400,1.00422705314
439932,439939,441632,7,1693,5,14400,1.00413467218
439942,439949,440004,7,55,5,14400,1.12727272727
439953,439960,439982,7,22,5,14400,1.31818181818
439964,439970,440001,6,31,5,14400,1.1935483871
439974,439980,441649,6,1669,5,14400,1.00359496705
439985,439992,441789,7,1797,5,14400,1.00389538119
439995,440002,440051,7,49,5,14400,1.14285714286
440006,440012,441629,6,1617,5,14400,1.00371057514
440016,440023,441803,7,1780,5,14400,1.00393258427
440027,440033,441682,6,1649,5,14400,1.00363856883
440037,440044,440182,7,138,5,14400,1.05072463768
440048,440054,440085,6,31,5,14400,1.1935483871
440058,440065,441791,7,1726,5,14400,1.00405561993
440069,440076,440095,7,19,5,14400,1.36842105263
440079,440085,442052,6,1967,5,14400,1.00305033045
440090,440097,440121,7,24,5,14400,1.29166666667
440100,440109,441913,9,1804,5,14400,1.00498891353
440111,440118,441778,7,1660,5,14400,1.00421686747
440121,440128,441761,7,1633,5,14400,1.0042865891
440132,440138,442091,6,1953,5,14400,1.00307219662
440143,440149,440201,6,52,5,14400,1.11538461538
440153,440160,440203,7,43,5,14400,1.16279069767
440164,440170,441831,6,1661,5,14400,1.00361228176
440174,440180,441882,6,1702,5,14400,1.00352526439
440185,440191,441934,6,1743,5,14400,1.00344234079
440195,440202,440296,7,94,5,14400,1.07446808511
440206,440213,440237,7,24,5,14400,1.29166666667
440216,440222,441972,6,1750,5,14400,1.00342857143
440227,440234,440258,7,24,5,14400,1.29166666667
440237,440244,441947,7,1703,5,14400,1.00411039342
440248,440255,442115,7,1860,5,14400,1.00376344086
440258,440265,441791,7,1526,5,14400,1.00458715596
440269,440275,440323,6,48,5,14400,1.125
440279,440286,440333,7,47,5,14400,1.14893617021
440290,440308,442082,18,1774,5,14400,1.01014656144
440310,440335,440440,25,105,5,14400,1.2380952381
440317,440454,440456,137,2,2,3540,13.9
440331,440345,440373,14,28,5,14400,1.5
440342,440367,442011,25,1644,5,14400,1.01520681265
440363,440373,440405,10,32,5,14400,1.3125
440373,440385,440405,12,20,5,14400,1.6
440384,440410,442295,26,1885,5,14400,1.01379310345
440415,440422,440457,7,35,5,14400,1.2
440425,440431,441994,6,1563,5,14400,1.00383877159
440436,440449,442092,13,1643,5,14400,1.00791235545
440446,440461,442405,15,1944,5,14400,1.00771604938
440457,440468,441961,11,1493,5,14400,1.00736771601
440467,440475,441975,8,1500,5,14400,1.00533333333
440478,440614,440642,136,28,5,14400,5.85714285714
440610,440654,442351,44,1697,5,14400,1.02592810843
440651,441512,441542,861,30,5,14400,29.7
441309,441316,441492,7,176,1,3600,1.03977272727
441514,441554,443487,40,1933,5,14400,1.02069322297
441555,441596,441634,41,38,5,14400,2.07894736842
441596,441621,443369,25,1748,5,14400,1.0143020595
441617,441641,441672,24,31,5,14400,1.77419354839
441638,441648,443493,10,1845,5,14400,1.0054200542
441648,441656,441701,8,45,5,14400,1.17777777778
441659,441665,443412,6,1747,5,14400,1.00343445907
441665,441673,442009,8,336,1,3600,1.02380952381
441670,441684,443136,14,1452,5,14400,1.00964187328
441680,441694,441832,14,138,5,14400,1.10144927536
441691,441713,441765,22,52,5,14400,1.42307692308
441711,441769,443525,58,1756,5,14400,1.03302961276
441773,441780,443468,7,1688,5,14400,1.00414691943
441783,441790,441831,7,41,5,14400,1.17073170732
441794,441801,443630,7,1829,5,14400,1.00382722799
441804,441812,441850,8,38,5,14400,1.21052631579
441815,441821,443583,6,1762,5,14400,1.00340522134
441826,441833,443352,7,1519,5,14400,1.00460829493
441836,441843,443268,7,1425,5,14400,1.0049122807
441847,441854,441905,7,51,5,14400,1.13725490196
441857,441865,443353,8,1488,5,14400,1.00537634409
441868,441874,443424,6,1550,5,14400,1.00387096774
441878,441885,441948,7,63,5,14400,1.11111111111
441889,441896,441933,7,37,5,14400,1.18918918919
441899,441917,443437,18,1520,5,14400,1.01184210526
441920,441926,441966,6,40,5,14400,1.15
441931,441945,443831,14,1886,5,14400,1.00742311771
441941,441952,441991,11,39,5,14400,1.28205128205
441952,441959,441991,7,32,5,14400,1.21875
441962,441969,443509,7,1540,5,14400,1.00454545455
441973,441981,443913,8,1932,5,14400,1.00414078675
441984,441990,443581,6,1591,5,14400,1.00377121307
441994,442001,442049,7,48,5,14400,1.14583333333
442005,442011,443624,6,1613,5,14400,1.00371977681
442015,442021,443655,6,1634,5,14400,1.00367197062
442026,442032,443535,6,1503,5,14400,1.00399201597
442036,442042,443861,6,1819,5,14400,1.00329851567
442047,442054,442090,7,36,5,14400,1.19444444444
442058,442065,442103,7,38,5,14400,1.18421052632
442068,442076,443788,8,1712,5,14400,1.0046728972
442079,442095,442140,16,45,5,14400,1.35555555556
442100,442107,443879,7,1772,5,14400,1.0039503386
442110,442116,442667,6,551,5,14400,1.0108892922
442121,442128,443736,7,1608,5,14400,1.00435323383
442132,442139,444032,7,1893,5,14400,1.00369783413
442142,442149,444113,7,1964,5,14400,1.00356415479
442153,442159,442207,6,48,5,14400,1.125
442163,442219,444456,56,2237,5,14400,1.02503352705
442224,442307,442365,83,58,5,14400,2.43103448276
442306,442364,444213,58,1849,5,14400,1.03136830719
442367,442377,444225,10,1848,5,14400,1.00541125541
442375,442384,443219,9,835,1,3600,1.01077844311
442378,442418,443900,40,1482,5,14400,1.02699055331
442419,442679,442735,260,56,5,14400,5.64285714286
442683,442747,443184,64,437,5,14400,1.14645308924
442745,443148,443186,403,38,5,14400,11.6052631579
443151,443198,443260,47,62,5,14400,1.75806451613
443203,443210,443250,7,40,5,14400,1.175
443213,443262,444983,49,1721,5,14400,1.02847181871
443264,443273,443314,9,41,5,14400,1.21951219512
443275,443282,444971,7,1689,5,14400,1.00414446418
443285,443326,443376,41,50,5,14400,1.82
443326,443364,445274,38,1910,5,14400,1.01989528796
443367,443373,444806,6,1433,5,14400,1.00418702024
444462,444469,444585,7,116,1,3600,1.06034482759
444763,444769,445085,6,316,1,3600,1.01898734177
444860,444866,445038,6,172,1,3600,1.03488372093
445215,445222,445577,7,355,1,3600,1.01971830986
445588,445594,446221,6,627,1,3600,1.00956937799
445943,445949,446810,6,861,1,3600,1.00696864111
448050,448057,448175,7,118,1,3600,1.0593220339
448358,448364,448682,6,318,1,3600,1.01886792453
448554,448560,448675,6,115,1,1800,1.05217391304
448968,448975,449093,7,118,1,1800,1.0593220339
449125,449131,449726,6,595,1,3600,1.01008403361
449762,449768,450342,6,574,1,1800,1.01045296167
452019,452027,452071,8,44,1,1800,1.18181818182
452166,452172,452283,6,111,1,1800,1.05405405405
452392,452399,452477,7,78,1,1800,1.08974358974
452596,452603,452711,7,108,1,1800,1.06481481481
453353,453360,453650,7,290,1,1800,1.02413793103
453382,453389,453959,7,570,1,1800,1.01228070175
455901,455908,455961,7,53,1,1800,1.1320754717
456293,456299,456374,6,75,1,1800,1.08
456988,456996,460435,8,3439,2,7200,1.00232625763
456990,457002,460166,12,3164,2,7200,1.00379266751
456991,457008,460370,17,3362,2,7200,1.00505651398
456992,457013,460553,21,3540,2,7200,1.00593220339
456994,457018,460505,24,3487,2,7200,1.0068827072
456995,457023,460612,28,3589,2,7200,1.00780161605
456996,457029,460527,33,3498,2,7200,1.00943396226
456998,457035,460722,37,3687,2,7200,1.01003525902
456999,457040,460448,41,3408,2,7200,1.01203051643
457001,457045,460559,44,3514,2,7200,1.0125213432
457002,457050,460324,48,3274,2,7200,1.01466096518
457003,457055,460871,52,3816,2,7200,1.01362683438
457005,457061,460224,56,3163,2,7200,1.01770471072
457006,457066,460601,60,3535,2,7200,1.01697312588
457007,457071,460801,64,3730,2,7200,1.01715817694
457009,457076,460537,67,3461,2,7200,1.01935856689
457010,457082,460486,72,3404,2,7200,1.02115158637
457011,457087,460416,76,3329,2,7200,1.02282967858
457013,457092,460478,79,3386,2,7200,1.02333136444
457014,457097,460603,83,3506,2,7200,1.02367370222
457015,457103,460471,88,3368,2,7200,1.02612826603
457017,457108,460661,91,3553,2,7200,1.02561215874
457018,457113,460563,95,3450,2,7200,1.02753623188
457019,457118,460368,99,3250,2,7200,1.03046153846
457021,457124,460307,103,3183,2,7200,1.03235940936
457022,457129,460475,107,3346,2,7200,1.03197848177
457023,457134,461056,111,3922,2,7200,1.02830188679
457025,457139,460551,114,3412,2,7200,1.03341148886
457026,457145,460757,119,3612,2,7200,1.03294573643
457027,457150,460719,123,3569,2,7200,1.03446343514
457029,457155,460606,126,3451,2,7200,1.03651115619
457030,457161,460754,131,3593,2,7200,1.03645978291
457031,457166,460549,135,3383,2,7200,1.0399054094
457033,457172,460921,139,3749,2,7200,1.03707655375
457034,457182,460407,148,3225,2,7200,1.04589147287
457035,457187,460583,152,3396,2,7200,1.04475853946
457037,457192,461092,155,3900,2,7200,1.03974358974
457038,457198,460658,160,3460,2,7200,1.04624277457
457040,457203,460943,163,3740,2,7200,1.0435828877
457041,457208,460707,167,3499,2,7200,1.04772792226
457405,457412,457700,7,288,1,1800,1.02430555556
460163,460169,463626,6,3457,2,7200,1.00173560891
460223,460231,463638,8,3407,2,7200,1.00234810684
460308,460316,463675,8,3359,2,7200,1.00238166121
460324,460331,463916,7,3585,2,7200,1.0019525802
460366,460373,464215,7,3842,2,7200,1.00182196773
460367,460379,463963,12,3584,2,7200,1.00334821429
460407,460414,463794,7,3380,2,7200,1.00207100592
460423,460430,463758,7,3328,2,7200,1.00210336538
460438,460445,464068,7,3623,2,7200,1.00193210047
460453,460460,463724,7,3264,2,7200,1.00214460784
460471,460478,463679,7,3201,2,7200,1.00218681662
460486,460493,464203,7,3710,2,7200,1.00188679245
460488,460500,463858,12,3358,2,7200,1.00357355569
460489,460505,464148,16,3643,2,7200,1.00439198463
460504,460511,463798,7,3287,2,7200,1.00212960146
460526,460532,463703,6,3171,2,7200,1.00189214759
460541,460547,464140,6,3593,2,7200,1.00166991372
460556,460564,464158,8,3594,2,7200,1.00222593211
460558,460571,464091,13,3520,2,7200,1.00369318182
460560,460576,464074,16,3498,2,7200,1.00457404231
460561,460581,464217,20,3636,2,7200,1.00550055006
460576,460589,464084,13,3495,2,7200,1.00371959943
460591,460599,463967,8,3368,2,7200,1.00237529691
460607,460615,464441,8,3826,2,7200,1.00209095661
460608,460622,464164,14,3542,2,7200,1.00395256917
460610,460627,464083,17,3456,2,7200,1.00491898148
460625,460634,464323,9,3689,2,7200,1.00243968555
460658,460665,464308,7,3643,2,7200,1.00192149327
460673,460680,464124,7,3444,2,7200,1.00203252033
460706,460713,464063,7,3350,2,7200,1.00208955224
460721,460729,464072,8,3343,2,7200,1.00239306013
460723,460737,463956,14,3219,2,7200,1.00434917676
460750,460757,464198,7,3441,2,7200,1.00203429236
460765,460772,464196,7,3424,2,7200,1.00204439252
460801,460809,464389,8,3580,2,7200,1.00223463687
460872,460878,464090,6,3212,2,7200,1.00186799502
460920,460928,464390,8,3462,2,7200,1.002310803
460944,460952,464475,8,3523,2,7200,1.00227079194
461057,461065,465017,8,3952,2,7200,1.0020242915
461090,461099,464530,9,3431,2,7200,1.00262314194
461556,461563,461803,7,240,8,6000,1.02916666667
461567,461575,461613,8,38,8,6000,1.21052631579
461577,461588,461803,11,215,8,6000,1.0511627907
461588,461595,461803,7,208,8,6000,1.03365384615
461598,461607,461803,9,196,8,6000,1.04591836735
461609,461616,461803,7,187,8,6000,1.03743315508
461620,461628,461803,8,175,8,6000,1.04571428571
461630,461638,461803,8,165,8,6000,1.04848484848
461641,461648,461664,7,16,8,6000,1.4375
461651,461659,461693,8,34,8,6000,1.23529411765
461662,461670,461734,8,64,8,6000,1.125
461673,461680,461802,7,122,8,6000,1.05737704918
461683,461691,461803,8,112,8,6000,1.07142857143
461694,461701,461803,7,102,8,6000,1.06862745098
461704,461712,461803,8,91,8,6000,1.08791208791
461715,461723,461802,8,79,8,6000,1.10126582278
461726,461733,461802,7,69,8,6000,1.10144927536
461736,461744,461802,8,58,8,6000,1.13793103448
462449,462458,462582,9,124,8,7200,1.07258064516
462456,462465,462609,9,144,32,7200,1.0625
462770,464171,471392,1401,7221,8,7200,1.19401744911
462775,464401,471615,1626,7214,32,7200,1.22539506515
462854,462861,463709,7,848,8,6000,1.00825471698
462865,462872,463708,7,836,8,6000,1.00837320574
462876,462884,463728,8,844,8,6000,1.00947867299
462886,462894,463742,8,848,8,6000,1.00943396226
462897,462905,463746,8,841,8,6000,1.00951248514
462908,462915,463748,7,833,8,6000,1.00840336134
462919,462927,463760,8,833,8,6000,1.00960384154
462929,462937,463772,8,835,8,6000,1.00958083832
462940,462948,462970,8,22,8,6000,1.36363636364
462950,462959,463791,9,832,8,6000,1.01081730769
462961,462982,463826,21,844,8,6000,1.02488151659
462982,463722,464556,740,834,8,6000,1.88729016787
463724,463731,464645,7,914,8,6000,1.00765864333
463735,463742,464581,7,839,8,6000,1.00834326579
463745,463756,464610,11,854,8,6000,1.01288056206
463756,463764,464600,8,836,8,6000,1.00956937799
463767,463774,464672,7,898,8,6000,1.00779510022
463777,463784,464751,7,967,8,6000,1.00723888314
463788,463796,464642,8,846,8,6000,1.00945626478
463798,463806,463919,8,113,8,6000,1.07079646018
463809,463839,464692,30,853,8,6000,1.03516998828
463840,463932,464876,92,944,8,6000,1.09745762712
463932,464176,465022,244,846,8,6000,1.28841607565
464177,464406,465244,229,838,8,6000,1.27326968974
464186,464336,466076,150,1740,2,14400,1.08620689655
464305,464311,464322,6,11,1,43200,1.54545454545
464410,464417,465261,7,844,8,6000,1.00829383886
464421,464428,465263,7,835,8,6000,1.00838323353
464432,464438,465267,6,829,8,6000,1.00723763571
464442,464449,465307,7,858,8,6000,1.00815850816
464453,464459,465297,6,838,8,6000,1.00715990453
464474,464486,465023,12,537,8,6000,1.02234636872
464485,464493,465024,8,531,8,6000,1.01506591337
464496,464503,465063,7,560,8,6000,1.0125
464506,464513,465079,7,566,8,6000,1.01236749117
464517,464524,465059,7,535,8,6000,1.01308411215
464528,464534,465077,6,543,8,6000,1.01104972376
464538,464545,465088,7,543,8,6000,1.01289134438
464549,464568,465099,19,531,8,6000,1.03578154426
464569,464593,464750,24,157,8,6000,1.15286624204
464590,464612,465148,22,536,8,6000,1.04104477612
464611,464622,465153,11,531,8,6000,1.02071563089
464622,464654,465219,32,565,8,6000,1.05663716814
464653,464661,465204,8,543,8,6000,1.01473296501
464663,464684,465219,21,535,8,6000,1.03925233645
464684,464704,465246,20,542,8,6000,1.036900369
464705,464762,465290,57,528,8,6000,1.10795454545
464766,464772,465350,6,578,8,6000,1.01038062284
464777,464888,465430,111,542,8,6000,1.20479704797
464889,465034,465596,145,562,8,6000,1.25800711744
464991,464998,465001,7,3,1,43200,1.0
465032,465042,465059,10,17,8,6000,1.58823529412
465042,465048,465589,6,541,8,6000,1.01109057301
465053,465071,465598,18,527,8,6000,1.03415559772
465074,465080,465609,6,529,8,6000,1.01134215501
465084,465091,465624,7,533,8,6000,1.01313320826
465095,465103,465631,8,528,8,6000,1.01515151515
465106,465112,465664,6,552,8,6000,1.01086956522
465116,465123,465667,7,544,8,6000,1.01286764706
465127,465133,465663,6,530,8,6000,1.01132075472
465137,465160,465782,23,622,8,6000,1.03697749196
465158,465167,465705,9,538,8,6000,1.01672862454
465169,465217,465756,48,539,8,6000,1.08905380334
465212,465224,470247,12,5023,2,72000,1.00238901055
465220,465231,465778,11,547,8,6000,1.02010968921
465231,465237,465823,6,586,8,6000,1.01023890785
465242,465256,465870,14,614,8,6000,1.02280130293
465252,465263,466149,11,886,8,6000,1.01241534989
465263,465273,465395,10,122,8,6000,1.08196721311
465274,465282,465614,8,332,8,6000,1.02409638554
465285,465291,465850,6,559,8,6000,1.01073345259
465295,465304,465838,9,534,8,6000,1.01685393258
465306,465312,466055,6,743,8,6000,1.00807537012
465316,465323,465876,7,553,8,6000,1.01265822785
465327,465362,465915,35,553,8,6000,1.06329113924
465358,465407,465950,49,543,8,6000,1.09023941068
465390,465614,487610,224,21996,1,43200,1.01018366976
465410,465442,465971,32,529,8,6000,1.06049149338
465441,465602,466149,161,547,8,6000,1.29433272395
465482,465609,470483,127,4874,2,72000,1.026056627
465604,465621,465649,17,28,8,6000,1.60714285714
465624,465631,466205,7,574,8,6000,1.01219512195
465635,465641,466183,6,542,8,6000,1.0110701107
465646,465652,466203,6,551,8,6000,1.0108892922
465656,465662,466208,6,546,8,6000,1.01098901099
465667,465673,466212,6,539,8,6000,1.01113172542
466592,466599,473824,7,7225,32,7200,1.00096885813
466732,466738,467974,6,1236,2,1200,1.00485436893
467970,467978,468611,8,633,2,3600,1.01263823065
468092,468099,468725,7,626,4,36000,1.01118210863
468440,468738,472454,298,3716,2,3600,1.08019375673
469010,469017,469603,7,586,4,36000,1.01194539249
469016,469024,469642,8,618,4,36000,1.01294498382
469031,469037,526471,6,57434,2,108000,1.00010446774
469052,469059,502935,7,33876,2,108000,1.00020663597
469219,469226,513427,7,44201,10,57600,1.00015836746
469372,469379,473035,7,3656,2,3600,1.00191466083
469467,469479,555536,12,86057,2,108000,1.00013944246
469474,471632,540947,2158,69315,2,108000,1.03113323235
469481,471638,482947,2157,11309,2,108000,1.19073304448
469485,471643,557073,2158,85430,2,108000,1.02526044715
469488,471648,548314,2160,76666,2,108000,1.02817415804
469556,469563,470437,7,874,8,6000,1.00800915332
469565,469571,473250,6,3679,2,7200,1.00163087796
469567,469584,473099,17,3515,2,7200,1.00483641536
469567,469578,470407,11,829,8,6000,1.01326899879
469568,469589,473116,21,3527,2,7200,1.00595406861
469569,469594,473114,25,3520,2,7200,1.00710227273
469571,469599,472845,28,3246,2,7200,1.00862600123
469572,469605,473130,33,3525,2,7200,1.00936170213
469574,469611,473036,37,3425,2,7200,1.01080291971
469575,469617,473216,42,3599,2,7200,1.01166990831
469576,469627,473416,51,3789,2,7200,1.01346001584
469578,469632,473404,54,3772,2,7200,1.01431601273
469579,469637,473218,58,3581,2,7200,1.01619659313
469580,469642,473117,62,3475,2,7200,1.01784172662
469582,469647,473031,65,3384,2,7200,1.01920803783
469583,469653,472981,70,3328,2,7200,1.02103365385
469584,469658,472978,74,3320,2,7200,1.02228915663
469586,469663,472789,77,3126,2,7200,1.02463211772
469587,469668,472909,81,3241,2,7200,1.02499228633
469588,469674,472910,86,3236,2,7200,1.02657601978
469590,469679,473456,89,3777,2,7200,1.02356367487
469591,469684,473133,93,3449,2,7200,1.02696433749
469592,469689,473024,97,3335,2,7200,1.02908545727
469594,469694,472859,100,3165,2,7200,1.03159557662
469595,469700,473199,105,3499,2,7200,1.03000857388
469596,469705,473101,109,3396,2,7200,1.03209658422
469598,469710,473370,112,3660,2,7200,1.0306010929
469599,469715,472957,116,3242,2,7200,1.03578038248
469600,469721,473415,121,3694,2,7200,1.03275582025
469601,471659,644487,2058,172828,2,172800,1.01190779272
469602,469726,473444,124,3718,2,7200,1.03335126412
469603,469731,473115,128,3384,2,7200,1.0378250591
469604,469736,473197,132,3461,2,7200,1.03813926611
469606,469748,473271,142,3523,2,7200,1.04030655691
469607,469754,473319,147,3565,2,7200,1.0412342216
469608,470259,493595,651,23336,10,57600,1.02789681179
469608,470420,474022,812,3602,2,7200,1.22543031649
469610,470425,473331,815,2906,2,7200,1.28045423262
469611,470430,473936,819,3506,2,7200,1.23359954364
469613,470436,474098,823,3662,2,7200,1.22474057892
469614,470450,474066,836,3616,2,7200,1.23119469027
469615,470455,474193,840,3738,2,7200,1.22471910112
469617,470461,474201,844,3740,2,7200,1.2256684492
469618,470466,473724,848,3258,2,7200,1.26028238183
469751,471664,553268,1913,81604,2,172800,1.02344247831
469828,471669,644475,1841,172806,2,172800,1.01065356527
469954,471674,644486,1720,172812,2,172800,1.00995301252
470003,470010,470138,7,128,4,1800,1.0546875
470006,470017,470188,11,171,4,1800,1.06432748538
470319,471653,471709,1334,56,1,36000,24.8214285714
470336,471679,525594,1343,53915,2,172800,1.02490957989
470475,471721,472571,1246,850,8,6000,2.46588235294
470505,471627,481084,1122,9457,2,72000,1.11864227556
471352,471685,471922,333,237,4,7200,2.40506329114
471400,471690,471888,290,198,4,300,2.46464646465
471726,472461,472984,735,523,8,6000,2.40535372849
472457,472584,473115,127,531,8,6000,1.23917137476
472580,472998,473545,418,547,8,6000,1.76416819013
472790,472801,476295,11,3494,2,7200,1.00314825415
472845,472857,475949,12,3092,2,7200,1.00388098318
472860,472872,476500,12,3628,2,7200,1.0033076075
472912,472921,476435,9,3514,2,7200,1.00256118384
472913,472928,476269,15,3341,2,7200,1.00448967375
472959,472969,476479,10,3510,2,7200,1.00284900285
472977,472991,476544,14,3553,2,7200,1.00394033211
472992,473004,476631,12,3627,2,7200,1.00330851944
473007,473045,475772,38,2727,5,14400,1.01393472681
473026,473053,476492,27,3439,2,7200,1.00785111951
473041,473111,476458,70,3347,2,7200,1.02091425157
473042,473117,476868,75,3751,2,7200,1.01999466809
473081,473132,473140,51,8,2,3600,5.9
473119,473126,474876,7,1750,5,14400,1.004
473129,473139,476549,10,3410,5,14400,1.00293255132
473140,473150,475595,10,2445,5,14400,1.00408997955
473152,473159,475600,7,2441,5,14400,1.00286767718
473163,473212,475767,49,2555,5,14400,1.01917808219
473214,473263,475769,49,2506,5,14400,1.01955307263
473265,473331,475996,66,2665,5,14400,1.02476547842
473327,473417,476277,90,2860,5,14400,1.03146853147
473419,473429,475801,10,2372,5,14400,1.0042158516
473429,473558,474743,129,1185,5,14400,1.10886075949
473562,473568,476105,6,2537,5,14400,1.00236499803
473572,473898,476417,326,2519,5,14400,1.12941643509
473897,473905,473929,8,24,5,14400,1.33333333333
473908,473914,476338,6,2424,5,14400,1.00247524752
473919,473925,476610,6,2685,5,14400,1.00223463687
473929,473935,476600,6,2665,5,14400,1.00225140713
473940,473947,476356,7,2409,5,14400,1.00290577003
473950,473958,476640,8,2682,5,14400,1.00298284862
473961,473967,476545,6,2578,5,14400,1.00232738557
473972,473978,476224,6,2246,5,14400,1.00267141585
473982,473989,476559,7,2570,5,14400,1.00272373541
473993,474000,476378,7,2378,5,14400,1.00294365013
474004,474010,476833,6,2823,5,14400,1.00212539851
474014,474021,476930,7,2909,5,14400,1.0024063252
474027,474034,476473,7,2439,5,14400,1.0028700287
474037,474044,476996,7,2952,5,14400,1.00237127371
474048,474055,476719,7,2664,5,14400,1.00262762763
474058,474066,476304,8,2238,5,14400,1.0035746202
474069,474076,477059,7,2983,5,14400,1.00234663091
474080,474087,474120,7,33,5,14400,1.21212121212
474090,474098,476495,8,2397,5,14400,1.00333750521
474101,474108,476427,7,2319,5,14400,1.00301854248
474112,474119,474715,7,596,8,6000,1.01174496644
474123,474130,474670,7,540,8,6000,1.01296296296
474133,474140,475791,7,1651,5,14400,1.00423985463
474143,474150,475793,7,1643,5,14400,1.00426049909
474154,474161,475644,7,1483,5,14400,1.00472016183
474164,474172,474192,8,20,5,14400,1.4
474175,474183,476016,8,1833,5,14400,1.0043644299
474186,474205,476015,19,1810,5,14400,1.01049723757
474207,474213,475883,6,1670,5,14400,1.00359281437
474217,474689,476501,472,1812,5,14400,1.26048565121
474674,474683,479082,9,4399,2,36000,1.00204591953
474685,474727,474744,42,17,5,14400,3.47058823529
474726,474735,476290,9,1555,5,14400,1.00578778135
474737,474756,476285,19,1529,5,14400,1.0124264225
474757,474765,476345,8,1580,5,14400,1.00506329114
474768,474888,476572,120,1684,5,14400,1.07125890736
474890,475607,477407,717,1800,5,14400,1.39833333333
475045,481899,481919,6854,20,3,86400,343.7
475045,478609,481892,3564,3283,3,86400,2.08559244593
475046,481925,481944,6879,19,3,86400,363.052631579
475468,478598,521812,3130,43214,2,43200,1.07243023094
475613,475620,477265,7,1645,5,14400,1.00425531915
475624,475783,476559,159,776,5,14400,1.20489690722
475776,475791,475799,15,8,2,1200,2.3
475787,475799,477321,12,1522,5,14400,1.00788436268
475797,475819,477292,22,1473,5,14400,1.01493550577
475807,475814,476056,7,242,2,1200,1.02892561983
475818,475897,477395,79,1498,5,14400,1.05273698264
475900,475962,477799,62,1837,5,14400,1.03375068046
475961,476008,476033,47,25,5,14400,2.88
476012,476030,477639,18,1609,5,14400,1.01118707272
476033,476046,477505,13,1459,5,14400,1.00891021247
476044,476122,477796,78,1674,5,14400,1.04659498208
476108,476115,476117,7,2,2,1200,1.0
476126,476290,478002,164,1712,5,14400,1.09579439252
476126,476133,476366,7,233,2,1200,1.03004291845
476288,476303,478164,15,1861,5,14400,1.0080601827
476299,476447,478169,148,1722,5,14400,1.08594657375
476336,478603,521848,2267,43245,2,43200,1.05242224535
476452,476492,478372,40,1880,5,14400,1.02127659574
476493,476556,478248,63,1692,5,14400,1.03723404255
476554,476564,478457,10,1893,5,14400,1.00528262018
476565,476576,478019,11,1443,5,14400,1.00762300762
476576,476845,478586,269,1741,5,14400,1.15450890293
476850,476942,478471,92,1529,5,14400,1.06017004578
476942,477008,478802,66,1794,5,14400,1.03678929766
477003,477071,478946,68,1875,5,14400,1.03626666667
477075,477277,479083,202,1806,5,14400,1.11184939092
477278,477304,477336,26,32,5,14400,1.8125
477309,477333,478870,24,1537,5,14400,1.01561483409
477330,477348,477375,18,27,5,14400,1.66666666667
477351,477388,479146,37,1758,5,14400,1.02104664391
477392,477407,477464,15,57,5,14400,1.26315789474
477402,477419,479090,17,1671,5,14400,1.01017354877
477423,477476,479161,53,1685,5,14400,1.03145400593
477474,477517,479031,43,1514,5,14400,1.0284015852
477515,477657,479204,142,1547,5,14400,1.09179056238
477576,477582,477593,6,11,2,1200,1.54545454545
477598,477605,477615,7,10,2,1200,1.7
477642,477649,477659,7,10,2,1200,1.7
477658,477808,479301,150,1493,5,14400,1.10046885466
477811,477818,479458,7,1640,5,14400,1.00426829268
477816,477825,479040,9,1215,2,1200,1.00740740741
477821,478015,479742,194,1727,5,14400,1.11233352635
478015,478031,479748,16,1717,5,14400,1.00931857892
478035,478176,480021,141,1845,5,14400,1.07642276423
478178,478185,479781,7,1596,5,14400,1.00438596491
478449,478456,478984,7,528,8,6000,1.01325757576
478460,478470,479004,10,534,8,6000,1.01872659176
478471,478876,479405,405,529,8,6000,1.76559546314
478877,478885,479482,8,597,8,6000,1.01340033501
478887,478894,479458,7,564,8,6000,1.01241134752
478898,478905,479503,7,598,8,6000,1.01170568562
478908,478916,479455,8,539,8,6000,1.01484230056
478919,478926,479460,7,534,8,6000,1.01310861423
478929,478936,479024,7,88,8,6000,1.07954545455
478940,478947,479509,7,562,8,6000,1.01245551601
478951,478958,479512,7,554,8,6000,1.01263537906
478961,478968,479532,7,564,8,6000,1.01241134752
478972,478978,479536,6,558,8,6000,1.01075268817
478982,478989,479531,7,542,8,6000,1.01291512915
478993,478999,479544,6,545,8,6000,1.01100917431
479003,479009,479563,6,554,8,6000,1.01083032491
479014,479021,479574,7,553,8,6000,1.01265822785
479024,479030,479619,6,589,8,6000,1.01018675722
479035,479043,479658,8,615,8,6000,1.01300813008
479046,479053,479069,7,16,8,6000,1.4375
479057,479064,479616,7,552,8,6000,1.01268115942
479067,479073,479665,6,592,8,6000,1.01013513514
479078,479084,479684,6,600,8,6000,1.01
479088,479096,479627,8,531,8,6000,1.01506591337
479099,479106,479651,7,545,8,6000,1.0128440367
479109,479158,479685,49,527,8,6000,1.09297912713
479121,479472,481307,351,1835,32,1800,1.19128065395
479160,479174,479714,14,540,8,6000,1.02592592593
479171,479315,479876,144,561,8,6000,1.25668449198
479314,479494,480034,180,540,8,6000,1.33333333333
479403,479523,479708,120,185,2,72000,1.64864864865
479497,479516,480084,19,568,8,6000,1.03345070423
479518,479530,480325,12,795,8,6000,1.01509433962
479528,479537,480071,9,534,8,6000,1.01685393258
479539,479547,480095,8,548,8,6000,1.01459854015
479550,479558,480136,8,578,8,6000,1.01384083045
479560,479568,480112,8,544,8,6000,1.01470588235
479571,479578,479664,7,86,8,6000,1.08139534884
479581,479588,479912,7,324,8,6000,1.02160493827
479592,479599,480140,7,541,8,6000,1.01293900185
479603,479628,480144,25,516,8,6000,1.0484496124
479633,479640,480182,7,542,8,6000,1.01291512915
479644,479650,480200,6,550,8,6000,1.01090909091
479654,479663,480205,9,542,8,6000,1.01660516605
479665,479673,480230,8,557,8,6000,1.01436265709
479675,479682,480222,7,540,8,6000,1.01296296296
479686,479693,480246,7,553,8,6000,1.01265822785
479696,479704,479724,8,20,8,6000,1.4
479707,479714,480267,7,553,8,6000,1.01265822785
479717,479726,480415,9,689,8,6000,1.01306240929
479728,479736,480282,8,546,8,6000,1.01465201465
479739,479754,480298,15,544,8,6000,1.02757352941
479759,479766,480323,7,557,8,6000,1.01256732496
479770,479888,480445,118,557,8,6000,1.2118491921
479892,479924,480475,32,551,8,6000,1.05807622505
479908,479916,481073,8,1157,1,36000,1.00691443388
479923,480348,481511,425,1163,1,36000,1.36543422184
479923,480034,480599,111,565,8,6000,1.19646017699
479981,480343,517206,362,36863,2,72000,1.00982014486
480035,480047,480617,12,570,8,6000,1.02105263158
480045,480084,480839,39,755,8,6000,1.05165562914
480086,480096,480668,10,572,8,6000,1.01748251748
480097,480107,480653,10,546,8,6000,1.01831501832
480107,480124,480665,17,541,8,6000,1.0314232902
480128,480149,480698,21,549,8,6000,1.03825136612
480149,480156,480697,7,541,8,6000,1.01293900185
480159,480166,480929,7,763,8,6000,1.00917431193
480170,480195,480733,25,538,8,6000,1.04646840149
480200,480212,480769,12,557,8,6000,1.02154398564
480211,480219,480789,8,570,8,6000,1.01403508772
480221,480235,480790,14,555,8,6000,1.02522522523
480232,480243,480833,11,590,8,6000,1.0186440678
480242,480258,480802,16,544,8,6000,1.02941176471
480263,480284,480829,21,545,8,6000,1.03853211009
480281,480354,480654,73,300,4,36000,1.24333333333
480284,480295,480831,11,536,8,6000,1.02052238806
480295,480310,480894,15,584,8,6000,1.02568493151
480306,480335,480901,29,566,8,6000,1.05123674912
480337,480427,481007,90,580,8,6000,1.15517241379
480381,481319,483086,938,1767,32,86400,1.53084323713
480429,480458,481003,29,545,8,6000,1.05321100917
480460,480487,481032,27,545,8,6000,1.0495412844
480491,480536,481096,45,560,8,6000,1.08035714286
480532,480611,481161,79,550,8,6000,1.14363636364
480613,480665,481213,52,548,8,6000,1.09489051095
480664,480677,481226,13,549,8,6000,1.02367941712
480675,480685,481249,10,564,8,6000,1.01773049645
480686,480709,481327,23,618,8,6000,1.03721682848
480707,480716,481264,9,548,8,6000,1.01642335766
480717,480746,481296,29,550,8,6000,1.05272727273
480748,480782,480964,34,182,8,6000,1.18681318681
480779,480801,481398,22,597,8,6000,1.03685092127
480800,480809,481364,9,555,8,6000,1.01621621622
480810,480818,481368,8,550,8,6000,1.01454545455
480821,480842,481389,21,547,8,6000,1.03839122486
480841,480849,481398,8,549,8,6000,1.014571949
480852,480859,481410,7,551,8,6000,1.01270417423
480862,480869,481412,7,543,8,6000,1.01289134438
480873,480907,481453,34,546,8,6000,1.06227106227
480904,480915,480943,11,28,8,6000,1.39285714286
480914,480941,481504,27,563,8,6000,1.04795737123
480946,480955,481551,9,596,8,6000,1.01510067114
480956,480977,481208,21,231,8,6000,1.09090909091
480977,481015,481571,38,556,8,6000,1.06834532374
481018,481025,481569,7,544,8,6000,1.01286764706
481029,481045,481650,16,605,8,6000,1.02644628099
481049,481108,481660,59,552,8,6000,1.10688405797
481111,481173,481713,62,540,8,6000,1.11481481481
481172,481221,481797,49,576,8,6000,1.08506944444
481223,481230,481791,7,561,8,6000,1.01247771836
481234,481241,481795,7,554,8,6000,1.01263537906
481244,481261,481806,17,545,8,6000,1.03119266055
481265,481276,481821,11,545,8,6000,1.02018348624
481275,481308,481855,33,547,8,6000,1.06032906764
481306,481324,481871,18,547,8,6000,1.03290676417
481327,481334,481893,7,559,8,6000,1.01252236136
481337,481344,481897,7,553,8,6000,1.01265822785
481348,481377,481929,29,552,8,6000,1.05253623188
481379,481386,481952,7,566,8,6000,1.01236749117
481389,481401,481956,12,555,8,6000,1.02162162162
481400,481410,481965,10,555,8,6000,1.01801801802
481411,481417,481962,6,545,8,6000,1.01100917431
481421,481427,482005,6,578,8,6000,1.01038062284
481432,481439,482002,7,563,8,6000,1.01243339254
481442,481465,482016,23,551,8,6000,1.04174228675
481482,481523,486155,41,4632,2,72000,1.00885146805
481773,481780,483926,7,2146,2,3600,1.00326188257
481941,481947,481949,6,2,1,1800,1.0
482064,482070,482072,6,2,1,1800,1.0
482105,482111,664746,6,182635,18,288000,1.00003285241
482119,482126,482161,7,35,1,1800,1.2
482675,482681,505819,6,23138,2,43200,1.00025931368
482767,483099,489392,332,6293,2,72000,1.05275703162
482864,482870,483966,6,1096,1,3600,1.00547445255
483044,483054,484771,10,1717,5,14400,1.00582411182
483054,483061,484662,7,1601,5,14400,1.00437226733
483055,483068,484557,13,1489,5,14400,1.00873069174
483065,483074,484589,9,1515,5,14400,1.00594059406
483066,483080,484735,14,1655,5,14400,1.0084592145
483076,483086,484633,10,1547,5,14400,1.00646412411
483077,483092,484700,15,1608,5,14400,1.00932835821
483087,483109,483131,22,22,5,14400,2.0
483087,483104,484684,17,1580,5,14400,1.01075949367
483108,483116,484957,8,1841,5,14400,1.00434546442
483109,483122,484737,13,1615,5,14400,1.0080495356
483119,483128,484951,9,1823,5,14400,1.00493691717
483119,483134,484919,15,1785,5,14400,1.00840336134
483130,483141,484806,11,1665,5,14400,1.00660660661
483130,483146,484972,16,1826,5,14400,1.00876232202
483141,483154,484792,13,1638,5,14400,1.00793650794
483151,483161,484830,10,1669,5,14400,1.00599161174
483152,483166,485137,14,1971,5,14400,1.0071029934
483162,483173,484979,11,1806,5,14400,1.00609080842
483173,483181,483200,8,19,5,14400,1.42105263158
483183,483190,485127,7,1937,5,14400,1.00361383583
483194,483201,484818,7,1617,5,14400,1.00432900433
483204,483212,484907,8,1695,5,14400,1.00471976401
483215,483221,484761,6,1540,5,14400,1.0038961039
483226,483232,484768,6,1536,5,14400,1.00390625
483233,483240,483962,7,722,1,1800,1.00969529086
483236,484703,486575,1467,1872,5,14400,1.78365384615
483279,484697,497732,1418,13035,2,72000,1.10878404296
483323,483330,483957,7,627,1,1800,1.01116427432
483459,483466,490701,7,7235,8,7200,1.000967519
483465,483473,490710,8,7237,32,7200,1.00110543043
483582,483589,483670,7,81,1,1800,1.08641975309
483600,493729,536968,10129,43239,2,43200,1.23425611138
483675,483682,483720,7,38,1,1800,1.18421052632
483718,483725,483738,7,13,1,1800,1.53846153846
484048,484055,484976,7,921,1,1800,1.00760043431
484108,484115,484822,7,707,1,1800,1.0099009901
484157,484164,485987,7,1823,1,1800,1.00383982447
484199,484206,486015,7,1809,1,1800,1.00386954118
484252,484259,484806,7,547,1,1800,1.01279707495
484351,484358,486098,7,1740,2,3600,1.00402298851
484401,494287,537518,9886,43231,2,43200,1.2286784946
484414,484421,486127,7,1706,4,3600,1.0041031653
484474,484481,484509,7,28,8,5400,1.25
484561,484568,484836,7,268,1,1800,1.02611940299
484581,484589,484599,8,10,1,1800,1.8
484655,484663,486168,8,1505,1,1800,1.00531561462
484682,484690,486176,8,1486,1,1800,1.00538358008
484708,484751,486241,43,1490,5,14400,1.0288590604
484709,484717,486183,8,1466,1,1800,1.00545702592
484734,484741,485991,7,1250,1,1800,1.0056
484749,484776,486271,27,1495,5,14400,1.01806020067
484760,484769,486560,9,1791,2,3600,1.00502512563
484769,484784,486465,15,1681,5,14400,1.00892325996
484780,484806,486403,26,1597,5,14400,1.01628052599
484787,484794,486566,7,1772,4,3600,1.0039503386
484800,484825,486501,25,1676,5,14400,1.01491646778
484810,484817,486569,7,1752,8,5400,1.00399543379
484811,484832,486660,21,1828,5,14400,1.01148796499
484822,484843,486680,21,1837,5,14400,1.01143168209
484832,484920,486858,88,1938,5,14400,1.04540763674
484914,484932,486565,18,1633,5,14400,1.01102265769
484924,484965,484987,41,22,5,14400,2.86363636364
484948,484955,486274,7,1319,8,3600,1.0053070508
484955,484973,485010,18,37,5,14400,1.48648648649
484966,484984,486607,18,1623,5,14400,1.01109057301
484976,484991,485775,15,784,5,14400,1.01913265306
484987,485001,486516,14,1515,5,14400,1.00924092409
484997,485022,486684,25,1662,5,14400,1.01504211793
485018,485140,486642,122,1502,5,14400,1.08122503329
485130,485151,486658,21,1507,5,14400,1.01393497014
485141,485787,487648,646,1861,5,14400,1.3471252015
485537,486167,486173,630,6,1,72000,63.6
485605,486186,486192,581,6,1,72000,58.7
485780,486254,488216,474,1962,5,14400,1.24159021407
486003,486010,486015,7,5,1,1800,1.2
486247,486283,486302,36,19,5,14400,2.89473684211
486275,486289,486334,14,45,1,1800,1.31111111111
486278,486315,488002,37,1687,5,14400,1.02193242442
486284,489404,492595,3120,3191,2,14400,1.97774992165
486309,486416,488033,107,1617,5,14400,1.06617192331
486411,486477,488138,66,1661,5,14400,1.03973509934
486457,486463,486645,6,182,4,1800,1.03296703297
486472,486513,488047,41,1534,5,14400,1.02672750978
486503,486528,488516,25,1988,5,14400,1.01257545272
486524,486577,488024,53,1447,5,14400,1.03662750518
486575,486587,488058,12,1471,5,14400,1.00815771584
486575,486620,488062,45,1442,5,14400,1.03120665742
486616,486654,488334,38,1680,5,14400,1.02261904762
486647,486671,488497,24,1826,5,14400,1.01314348302
486668,486678,488563,10,1885,5,14400,1.00530503979
486669,486692,488398,23,1706,5,14400,1.01348182884
486690,486874,488676,184,1802,5,14400,1.10210876804
486690,486699,488502,9,1803,5,14400,1.00499168053
486796,486803,487166,7,363,16,1800,1.01928374656
486860,486867,487415,7,548,1,600,1.01277372263
486863,487660,489494,797,1834,5,14400,1.43456924755
486900,486907,487456,7,549,1,600,1.01275045537
486975,494298,526861,7323,32563,2,43200,1.22488714185
487144,487151,489219,7,2068,1,3600,1.00338491296
487145,492734,735006,5589,242272,8,356400,1.0230691124
487196,491671,495185,4475,3514,1,3600,2.2734775185
487236,492749,495045,5513,2296,1,3600,3.40113240418
487286,494345,497010,7059,2665,1,3600,3.6487804878
487311,487318,488984,7,1666,1,1800,1.00420168067
487352,494350,496637,6998,2287,1,3600,4.05990380411
487392,487399,488132,7,733,1,1800,1.00954979536
487423,487430,488614,7,1184,1,1800,1.00591216216
487482,494334,501571,6852,7237,2,7200,1.9468011607
487504,494339,494349,6835,10,2,7200,684.5
487655,488014,489522,359,1508,5,14400,1.23806366048
487701,492739,498739,5038,6000,4,14400,1.83966666667
487703,487709,488760,6,1051,64,1200,1.00570884872
487729,493607,502669,5878,9062,4,14400,1.64864268373
487734,487902,559912,168,72010,1,72000,1.0023330093
487760,489231,561241,1471,72010,1,72000,1.02042771837
487829,487835,489680,6,1845,8,1800,1.00325203252
487833,487843,489688,10,1845,8,1800,1.0054200542
487894,492729,494537,4835,1808,16,1800,3.67422566372
487933,494176,496008,6243,1832,16,1800,4.4077510917
487994,492723,494583,4729,1860,32,1800,3.54247311828
488010,488036,489754,26,1718,5,14400,1.0151338766
488026,494170,494275,6144,105,32,1800,59.5142857143
488031,488045,489505,14,1460,5,14400,1.0095890411
488042,488059,489923,17,1864,5,14400,1.00912017167
488052,488070,489747,18,1677,5,14400,1.01073345259
488063,488077,489644,14,1567,5,14400,1.0089342693
488073,488151,489819,78,1668,5,14400,1.04676258993
488145,488229,490115,84,1886,5,14400,1.04453870626
488170,488773,490624,603,1851,64,1800,1.32576985413
488195,492718,493332,4523,614,64,1800,8.3664495114
488226,488347,490053,121,1706,5,14400,1.07092614302
488282,490723,490781,2441,58,128,1800,43.0862068966
488338,488410,489864,72,1454,5,14400,1.04951856946
488400,488509,490301,109,1792,5,14400,1.06082589286
488434,490793,492705,2359,1912,128,1800,2.23378661088
488455,492607,496355,4152,3748,2,10800,2.10779082177
488502,488517,490044,15,1527,5,14400,1.00982318271
488513,488528,489941,15,1413,5,14400,1.01061571125
488523,488575,490277,52,1702,5,14400,1.03055229142
488564,488688,490117,124,1429,5,14400,1.08677396781
488676,489506,491017,830,1511,5,14400,1.54930509596
488895,488903,489910,8,1007,1,900,1.00794438928
489073,493613,493716,4540,103,4,1800,45.0776699029
489073,493345,494158,4272,813,64,1800,6.25461254613
489073,494355,494459,5282,104,1,1800,51.7884615385
489073,494181,494516,5108,335,16,1800,16.247761194
489499,489518,491055,19,1537,5,14400,1.01236174366
489509,489535,491350,26,1815,5,14400,1.01432506887
489530,489656,491110,126,1454,5,14400,1.08665749656
489652,489759,491632,107,1873,5,14400,1.05712760278
489681,492744,567502,3063,74758,2,172800,1.04097220364
489754,489766,491598,12,1832,5,14400,1.00655021834
489755,489831,491576,76,1745,5,14400,1.0435530086
489826,489876,489907,50,31,5,14400,2.61290322581
489867,489920,491417,53,1497,5,14400,1.03540414162
489909,489935,491715,26,1780,5,14400,1.01460674157
489930,489953,491546,23,1593,5,14400,1.01443816698
489950,490056,491549,106,1493,5,14400,1.07099799062
490052,490066,491838,14,1772,5,14400,1.0079006772
490063,490127,491659,64,1532,5,14400,1.04177545692
490124,490134,491613,10,1479,5,14400,1.00676132522
490125,490290,492052,165,1762,5,14400,1.09364358683
490288,490314,490341,26,27,5,14400,1.96296296296
490309,490353,492136,44,1783,5,14400,1.02467750981
490350,491029,492691,679,1662,5,14400,1.40854392298
490928,493618,495582,2690,1964,2,10800,2.36965376782
491020,491068,491125,48,57,5,14400,1.84210526316
491061,491123,492790,62,1667,5,14400,1.03719256149
491113,491137,492815,24,1678,5,14400,1.01430274136
491133,491362,492994,229,1632,5,14400,1.14031862745
492013,493735,523983,1722,30248,2,72000,1.05692938376
493503,494303,494311,800,8,2,172800,80.8
493605,494308,494317,703,9,2,172800,71.2
493866,494313,499864,447,5551,2,172800,1.08052603135
493895,494319,510029,424,15710,2,172800,1.02698917887
493903,494292,498120,389,3828,2,72000,1.10161964472
494118,494324,499611,206,5287,2,172800,1.03896349537
494146,494329,495352,183,1023,2,172800,1.1788856305
494500,508248,929240,13748,420992,10,432000,1.03265620249
494676,508269,514613,13593,6344,2,172800,3.14265447667
494680,508274,518645,13594,10371,2,172800,2.31077041751
495210,508279,518994,13069,10715,2,172800,2.21969202053
495212,495595,505961,383,10366,2,72000,1.03694771368
495264,495272,497121,8,1849,5,14400,1.00432666306
495275,495282,497133,7,1851,5,14400,1.0037817396
495276,495288,496970,12,1682,5,14400,1.00713436385
495284,508285,515521,13001,7236,2,172800,2.79671088999
495286,495295,496951,9,1656,5,14400,1.00543478261
495287,495300,496877,13,1577,5,14400,1.00824350032
495297,495308,497160,11,1852,5,14400,1.00593952484
495298,495313,497153,15,1840,5,14400,1.00815217391
495308,495320,496848,12,1528,5,14400,1.00785340314
495309,495325,496829,16,1504,5,14400,1.01063829787
495319,495332,496821,13,1489,5,14400,1.00873069174
495330,495341,496984,11,1643,5,14400,1.00669506999
495331,495346,497078,15,1732,5,14400,1.00866050808
495341,495353,496837,12,1484,5,14400,1.00808625337
495342,495358,497016,16,1658,5,14400,1.00965018094
495352,495365,497181,13,1816,5,14400,1.00715859031
495363,495372,497185,9,1813,5,14400,1.00496414782
495363,495377,496997,14,1620,5,14400,1.00864197531
495374,495385,497335,11,1950,5,14400,1.00564102564
495380,498132,498385,2752,253,1,36000,11.8774703557
495412,495420,496825,8,1405,5,14400,1.00569395018
495415,508290,514015,12875,5725,2,172800,3.24890829694
495583,497744,502080,2161,4336,2,72000,1.49838560886
495855,508264,512702,12409,4438,2,72000,3.79607931501
495859,496021,501396,162,5375,2,14400,1.03013953488
496123,496131,496745,8,614,1,3600,1.01302931596
496747,496755,497010,8,255,1,3600,1.03137254902
497013,497021,497712,8,691,1,3600,1.01157742402
500634,500640,503872,6,3232,2,7200,1.00185643564
500635,500648,503917,13,3269,2,7200,1.0039767513
500636,500654,503893,18,3239,2,7200,1.00555727076
500638,500659,504248,21,3589,2,7200,1.00585121204
500639,500664,504225,25,3561,2,7200,1.00702049986
500640,500669,504052,29,3383,2,7200,1.00857227313
500642,500674,504412,32,3738,2,7200,1.00856072766
500643,500681,504004,38,3323,2,7200,1.01143544989
500644,500686,503800,42,3114,2,7200,1.01348747592
500646,500691,504194,45,3503,2,7200,1.01284613189
500647,500696,504124,49,3428,2,7200,1.01429404901
500648,500702,504255,54,3553,2,7200,1.01519842387
500649,500707,504363,58,3656,2,7200,1.0158643326
500651,500712,504088,61,3376,2,7200,1.01806872038
500652,500717,504245,65,3528,2,7200,1.01842403628
500653,500723,503826,70,3103,2,7200,1.02255881405
500655,500728,503963,73,3235,2,7200,1.02256568779
500656,500733,504382,77,3649,2,7200,1.02110167169
500657,500738,504087,81,3349,2,7200,1.02418632428
500659,500744,504482,85,3738,2,7200,1.02273943285
500660,500749,504213,89,3464,2,7200,1.02569284065
500661,500754,504540,93,3786,2,7200,1.02456418384
500663,500759,504122,96,3363,2,7200,1.02854594112
500664,500765,504023,101,3258,2,7200,1.03100061387
500665,500770,504127,105,3357,2,7200,1.03127792672
500667,500775,504094,108,3319,2,7200,1.03253992166
500668,500780,504431,112,3651,2,7200,1.03067652698
500669,500785,503866,116,3081,2,7200,1.0376501136
500671,500791,504301,120,3510,2,7200,1.03418803419
500672,500796,504385,124,3589,2,7200,1.03455001393
500673,500801,504537,128,3736,2,7200,1.03426124197
500675,500806,504481,131,3675,2,7200,1.0356462585
500685,500814,504203,129,3389,2,7200,1.03806432576
500686,500819,504506,133,3687,2,7200,1.03607268782
500688,500824,504552,136,3728,2,7200,1.0364806867
500689,500829,504625,140,3796,2,7200,1.03688092729
500690,500834,504169,144,3335,2,7200,1.04317841079
500692,500840,504361,148,3521,2,7200,1.04203351321
500693,500845,504230,152,3385,2,7200,1.04490398818
500694,500850,504303,156,3453,2,7200,1.04517810599
501186,501193,501722,7,529,8,6000,1.01323251418
501197,501204,501769,7,565,8,6000,1.01238938053
501208,501216,501749,8,533,8,6000,1.01500938086
501218,501226,501768,8,542,8,6000,1.0147601476
501229,501236,501803,7,567,8,6000,1.01234567901
501240,501247,501776,7,529,8,6000,1.01323251418
501250,501258,501858,8,600,8,6000,1.01333333333
501261,501269,501814,8,545,8,6000,1.01467889908
502565,502573,504466,8,1893,36,3600,1.00422609614
503277,503284,504338,7,1054,8,6000,1.00664136622
503288,503295,504120,7,825,8,6000,1.00848484848
503299,503306,504147,7,841,8,6000,1.00832342449
503309,503316,504149,7,833,8,6000,1.00840336134
503320,503327,504170,7,843,8,6000,1.00830367734
503331,503338,504164,7,826,8,6000,1.00847457627
503341,503349,504181,8,832,8,6000,1.00961538462
503352,503359,504185,7,826,8,6000,1.00847457627
503363,503370,503388,7,18,8,6000,1.38888888889
503374,503381,504309,7,928,8,6000,1.00754310345
503384,503392,504238,8,846,8,6000,1.00945626478
503395,503402,504231,7,829,8,6000,1.00844390832
503406,504134,504967,728,833,8,6000,1.87394957983
503801,503813,506996,12,3183,2,7200,1.00377002828
503816,503838,507250,22,3412,2,7200,1.00644783118
503867,503878,507208,11,3330,2,7200,1.0033033033
503882,503890,507320,8,3430,2,7200,1.00233236152
503897,503907,507321,10,3414,2,7200,1.00292911541
503915,503930,507410,15,3480,2,7200,1.00431034483
503963,503976,507359,13,3383,2,7200,1.00384274313
504006,504017,507432,11,3415,2,7200,1.00322108346
504024,504037,507166,13,3129,2,7200,1.00415468201
504057,504065,507614,8,3549,2,7200,1.0022541561
504087,504100,507510,13,3410,2,7200,1.00381231672
504089,504105,507319,16,3214,2,7200,1.00497822029
504090,504113,507286,23,3173,2,7200,1.00724866057
504120,504142,507613,22,3471,2,7200,1.00633823106
504122,504147,507656,25,3509,2,7200,1.00712453691
504137,504154,507581,17,3427,2,7200,1.00496060694
504151,504162,504990,11,828,8,6000,1.01328502415
504162,504170,505316,8,1146,8,6000,1.00698080279
504170,504179,507676,9,3497,2,7200,1.00257363454
504173,504187,505019,14,832,8,6000,1.01682692308
504183,504195,505026,12,831,8,6000,1.01444043321
504194,504203,507525,9,3322,2,7200,1.00270921132
504204,504214,505140,10,926,8,6000,1.01079913607
504209,504222,507471,13,3249,2,7200,1.00400123115
504224,504232,507790,8,3558,2,7200,1.00224845419
504225,504237,507523,12,3286,2,7200,1.00365185636
504236,504245,505086,9,841,8,6000,1.01070154578
504240,504253,507839,13,3586,2,7200,1.00362520915
504242,504258,507565,16,3307,2,7200,1.00483822195
504243,504264,507401,21,3137,2,7200,1.00669429391
504258,504272,507820,14,3548,2,7200,1.00394588501
504276,504284,507545,8,3261,2,7200,1.0024532352
504287,504294,504397,7,103,8,6000,1.06796116505
504298,504317,505425,19,1108,8,6000,1.01714801444
504300,504309,507702,9,3393,2,7200,1.00265251989
504318,504324,507834,6,3510,2,7200,1.00170940171
504329,504351,505201,22,850,8,6000,1.02588235294
504350,504400,505446,50,1046,8,6000,1.04780114723
504351,504358,507947,7,3589,2,7200,1.00195040401
504366,504374,507955,8,3581,2,7200,1.00223401285
504384,504392,507748,8,3356,2,7200,1.00238379023
504401,504409,505349,8,940,8,6000,1.0085106383
504412,504476,505363,64,887,8,6000,1.07215332582
504414,504426,507726,12,3300,2,7200,1.00363636364
504432,504444,507893,12,3449,2,7200,1.00347926935
504471,504483,507889,12,3406,2,7200,1.00352319436
504484,504492,505322,8,830,8,6000,1.00963855422
504485,504501,507849,16,3348,2,7200,1.00477897252
504505,504513,505358,8,845,8,6000,1.00946745562
504507,504521,508097,14,3576,2,7200,1.00391498881
504526,504534,505363,8,829,8,6000,1.00965018094
504528,504542,507895,14,3353,2,7200,1.00417536534
504542,504550,508220,8,3670,2,7200,1.00217983651
504547,504979,505813,432,834,8,6000,1.51798561151
504557,504565,507856,8,3291,2,7200,1.00243087208
504627,504635,508223,8,3588,2,7200,1.0022296544
504668,508238,538050,3570,29812,18,79200,1.11975043607
504722,508243,549456,3521,41213,18,115200,1.08543420765
504978,505004,505851,26,847,8,6000,1.03069657615
505010,505033,505863,23,830,8,6000,1.02771084337
505031,505042,505873,11,831,8,6000,1.01323706378
505042,505101,505929,59,828,8,6000,1.07125603865
505104,505154,506013,50,859,8,6000,1.05820721769
505111,505379,505381,268,2,2,3540,27.0
505155,505215,506050,60,835,8,6000,1.07185628743
505217,505331,506461,114,1130,8,6000,1.10088495575
505330,505339,506220,9,881,8,6000,1.01021566402
505341,505362,506205,21,843,8,6000,1.02491103203
505362,505371,506180,9,809,8,6000,1.01112484549
505373,505387,506222,14,835,8,6000,1.01676646707
505384,505395,506249,11,854,8,6000,1.01288056206
505395,505439,506287,44,848,8,6000,1.05188679245
505436,505460,506365,24,905,8,6000,1.02651933702
505457,505827,506698,370,871,8,6000,1.42479908152
505572,508301,1084315,2729,576014,1,576000,1.00473773207
505825,505864,506709,39,845,8,6000,1.04615384615
505867,505878,506993,11,1115,8,6000,1.00986547085
505878,505887,506728,9,841,8,6000,1.01070154578
505889,505942,507614,53,1672,8,6000,1.03169856459
505940,506026,506860,86,834,8,6000,1.103117506
506022,506218,507084,196,866,8,6000,1.22632794457
506217,506378,507228,161,850,8,6000,1.18941176471
506381,506475,506518,94,43,8,6000,3.18604651163
506474,506531,507393,57,862,8,6000,1.06612529002
506536,506722,507564,186,842,8,6000,1.22090261283
506720,506742,507586,22,844,8,6000,1.02606635071
506741,506874,507916,133,1042,8,6000,1.12763915547
506874,507011,507854,137,843,8,6000,1.162514828
506996,507003,510519,7,3516,2,7200,1.00199089875
507007,507097,507940,90,843,8,6000,1.10676156584
507099,507241,508125,142,884,8,6000,1.16063348416
507168,507406,511017,238,3611,2,7200,1.0659097203
507207,507411,511012,204,3601,2,7200,1.0566509303
507252,507416,510950,164,3534,2,7200,1.04640633843
507288,507421,510376,133,2955,2,7200,1.04500846024
507318,507430,510888,112,3458,2,7200,1.03238866397
507333,507535,511031,202,3496,2,7200,1.05778032037
507335,507543,510974,208,3431,2,7200,1.06062372486
507359,507578,510948,219,3370,2,7200,1.0649851632
507401,507583,511201,182,3618,2,7200,1.05030403538
507416,507588,510875,172,3287,2,7200,1.05232735017
507434,507594,510906,160,3312,2,7200,1.04830917874
507473,507599,511118,126,3519,2,7200,1.0358056266
507512,507607,511015,95,3408,2,7200,1.02787558685
507527,507612,510997,85,3385,2,7200,1.02511078287
507528,507617,511048,89,3431,2,7200,1.0259399592
507546,507623,510927,77,3304,2,7200,1.02330508475
507567,507631,511131,64,3500,2,7200,1.01828571429
507582,507636,511188,54,3552,2,7200,1.0152027027
507616,507689,511032,73,3343,2,7200,1.02183667365
507617,507715,511142,98,3427,2,7200,1.02859644004
507656,507846,511589,190,3743,2,7200,1.05076142132
507677,507854,511417,177,3563,2,7200,1.04967723828
507695,507866,510913,171,3047,2,7200,1.05612077453
507719,507872,511346,153,3474,2,7200,1.04404145078
507749,507877,511622,128,3745,2,7200,1.03417890521
507793,507882,511390,89,3508,2,7200,1.02537058153
507820,507928,511323,108,3395,2,7200,1.03181148748
507835,507933,511388,98,3455,2,7200,1.02836468886
507836,507939,511562,103,3623,2,7200,1.02842947833
507851,507944,511446,93,3502,2,7200,1.02655625357
507866,507952,511552,86,3600,2,7200,1.02388888889
507887,507957,511284,70,3327,2,7200,1.02103997595
507902,507962,511480,60,3518,2,7200,1.01705514497
507903,507967,511271,64,3304,2,7200,1.01937046005
507949,507975,511256,26,3281,2,7200,1.00792441329
507950,508138,511385,188,3247,2,7200,1.05789959963
508098,508144,511278,46,3134,2,7200,1.01467772814
508141,508253,509093,112,840,8,6000,1.13333333333
508223,508230,511591,7,3361,2,7200,1.00208271348
508223,508259,509101,36,842,8,6000,1.04275534442
508224,508296,511694,72,3398,2,7200,1.02118893467
508295,508308,509408,13,1100,8,6000,1.01181818182
508305,508315,508731,10,416,8,6000,1.02403846154
508316,508323,509166,7,843,8,6000,1.00830367734
508327,508334,509190,7,856,8,6000,1.00817757009
508339,508346,509278,7,932,8,6000,1.00751072961
508350,508357,509978,7,1621,8,6000,1.00431832202
508361,508744,509599,383,855,8,6000,1.44795321637
508749,509106,510627,357,1521,8,6000,1.23471400394
509106,509113,509958,7,845,8,6000,1.00828402367
509116,509179,510076,63,897,8,6000,1.07023411371
509178,509204,510043,26,839,8,6000,1.03098927294
509199,509291,510175,92,884,8,6000,1.10407239819
509291,509422,510368,131,946,8,6000,1.13847780127
509425,509612,510443,187,831,8,6000,1.22503008424
509609,509972,510819,363,847,8,6000,1.42857142857
509977,509990,510825,13,835,8,6000,1.01556886228
509987,510055,510898,68,843,8,6000,1.08066429419
510059,510088,510933,29,845,8,6000,1.03431952663
510091,510193,511031,102,838,8,6000,1.12171837709
510183,510380,511241,197,861,8,6000,1.22880371661
510367,510386,513898,19,3512,2,7200,1.00541002278
510388,510456,511570,68,1114,8,6000,1.06104129264
510459,510532,511363,73,831,8,6000,1.08784596871
510518,510639,514080,121,3441,2,7200,1.03516419645
510644,510832,511675,188,843,8,6000,1.22301304864
510828,510840,511792,12,952,8,6000,1.01260504202
510839,510887,511723,48,836,8,6000,1.05741626794
510876,510901,514103,25,3202,2,7200,1.00780762024
510891,510910,514057,19,3147,2,7200,1.00603749603
510906,510917,514507,11,3590,2,7200,1.00306406685
510921,510928,511935,7,1007,8,6000,1.00695134062
510921,510940,514281,19,3341,2,7200,1.00568692008
510936,510947,514570,11,3623,2,7200,1.00303615788
510951,510958,514424,7,3466,2,7200,1.00201961916
510952,510967,514567,15,3600,2,7200,1.00416666667
510962,511027,512115,65,1088,8,6000,1.05974264706
510976,510984,514490,8,3506,2,7200,1.00228180262
510997,511004,514211,7,3207,2,7200,1.00218272529
511013,511020,514604,7,3584,2,7200,1.001953125
511014,511034,514300,20,3266,2,7200,1.00612369871
511015,511044,514482,29,3438,2,7200,1.00843513671
511030,511049,514519,19,3470,2,7200,1.00547550432
511032,511054,514643,22,3589,2,7200,1.00612984118
511049,511062,514384,13,3322,2,7200,1.00391330524
511065,511130,511994,65,864,8,6000,1.07523148148
511120,511143,514425,23,3282,2,7200,1.007007922
511136,511154,514533,18,3379,2,7200,1.00532701983
511151,511201,514644,50,3443,2,7200,1.014522219
511190,511214,514888,24,3674,2,7200,1.00653238977
511207,511254,514561,47,3307,2,7200,1.01421227699
511249,511268,512108,19,840,8,6000,1.02261904762
511256,511284,514666,28,3382,2,7200,1.00827912478
511271,511292,514730,21,3438,2,7200,1.00610820244
511286,511300,514947,14,3647,2,7200,1.00383877159
511288,511337,514622,49,3285,2,7200,1.01491628615
511324,511358,514279,34,2921,2,7200,1.01163984937
511344,511376,514677,32,3301,2,7200,1.00969403211
511372,511398,511444,26,46,8,6000,1.5652173913
511381,511405,514852,24,3447,2,7200,1.00696257615
511396,511410,514929,14,3519,2,7200,1.00397840296
511397,511431,514768,34,3337,2,7200,1.01018879233
511421,511457,514760,36,3303,2,7200,1.01089918256
511445,511462,514804,17,3342,2,7200,1.00508677439
511465,511493,512338,28,845,8,6000,1.03313609467
511478,511565,514675,87,3110,2,7200,1.02797427653
511551,511575,515181,24,3606,2,7200,1.00665557404
511569,511583,514928,14,3345,2,7200,1.00418535127
511578,511602,512443,24,841,8,6000,1.02853745541
511590,511610,515106,20,3496,2,7200,1.0057208238
511605,511636,515297,31,3661,2,7200,1.00846763179
511625,511688,514977,63,3289,2,7200,1.01915475829
511691,511707,512556,16,849,8,6000,1.01884570082
511695,511736,515383,41,3647,2,7200,1.01124211681
511732,511804,512658,72,854,8,6000,1.08430913349
511805,511949,512779,144,830,8,6000,1.1734939759
511948,512008,512957,60,949,8,6000,1.06322444679
512010,512121,512963,111,842,8,6000,1.13182897862
512122,512132,512988,10,856,8,6000,1.01168224299
512133,512351,513209,218,858,8,6000,1.25407925408
512348,512456,513375,108,919,8,6000,1.11751904244
512461,512569,513412,108,843,8,6000,1.128113879
512573,512671,513518,98,847,8,6000,1.11570247934
512676,512715,513555,39,840,8,6000,1.04642857143
512718,512793,513703,75,910,8,6000,1.08241758242
512790,512969,513808,179,839,8,6000,1.21334922527
512974,512981,513881,7,900,8,6000,1.00777777778
512985,513002,513860,17,858,8,6000,1.01981351981
513006,513222,513388,216,166,8,6000,2.30120481928
513220,513388,514234,168,846,8,6000,1.19858156028
513384,513402,514242,18,840,8,6000,1.02142857143
513405,513425,514290,20,865,8,6000,1.02312138728
513426,513441,514281,15,840,8,6000,1.01785714286
513437,513531,514371,94,840,8,6000,1.1119047619
513529,513569,514426,40,857,8,6000,1.04667444574
513571,513716,514555,145,839,8,6000,1.17282479142
513714,513820,514679,106,859,8,6000,1.12339930151
513817,513873,514733,56,860,8,6000,1.06511627907
513877,513895,516691,18,2796,5,14400,1.00643776824
513898,513905,517315,7,3410,2,7200,1.00205278592
513909,513916,516532,7,2616,5,14400,1.00267584098
513919,514247,516575,328,2328,5,14400,1.14089347079
514056,514063,517066,7,3003,2,7200,1.00233100233
514080,514087,517523,7,3436,2,7200,1.00203725262
514104,514112,517500,8,3388,2,7200,1.00236127509
514212,514220,517910,8,3690,2,7200,1.00216802168
514246,514254,517003,8,2749,5,14400,1.00291014915
514257,514264,516882,7,2618,5,14400,1.00267379679
514268,514294,516740,26,2446,5,14400,1.01062959935
514276,514284,517981,8,3697,2,7200,1.00216391669
514291,514302,517680,11,3378,2,7200,1.00325636471
514299,514309,517315,10,3006,5,14400,1.00332667997
514305,514317,517640,12,3323,2,7200,1.0036111947
514320,514328,516675,8,2347,5,14400,1.00340860673
514331,514339,514371,8,32,5,14400,1.25
514341,514384,517086,43,2702,5,14400,1.01591413768
514383,514392,516962,9,2570,5,14400,1.00350194553
514385,514397,517934,12,3537,2,7200,1.00339270568
514393,514440,516895,47,2455,5,14400,1.01914460285
514424,514432,517950,8,3518,2,7200,1.00227401933
514439,514448,517963,9,3515,2,7200,1.00256045519
514445,514455,517070,10,2615,5,14400,1.00382409178
514456,514569,517239,113,2670,5,14400,1.04232209738
514482,514496,517745,14,3249,2,7200,1.00430901816
514497,514506,517803,9,3297,2,7200,1.00272975432
514512,514519,517956,7,3437,2,7200,1.00203665988
514527,514534,517755,7,3221,2,7200,1.00217323812
514542,514549,518078,7,3529,2,7200,1.00198356475
514562,514577,518251,15,3674,2,7200,1.0040827436
514577,514585,517964,8,3379,2,7200,1.00236756437
514579,514593,517955,14,3362,2,7200,1.00416418798
514589,514626,517380,37,2754,5,14400,1.01343500363
514606,514614,517912,8,3298,2,7200,1.00242571255
514621,514636,518091,15,3455,2,7200,1.00434153401
514641,514691,517357,50,2666,5,14400,1.01875468867
514642,514655,518134,13,3479,2,7200,1.00373670595
514656,514666,518195,10,3529,2,7200,1.00283366393
514671,514679,518264,8,3585,2,7200,1.00223152022
514686,514698,517721,12,3023,2,7200,1.00396956666
514687,514703,518059,16,3356,2,7200,1.00476758045
514702,514748,517314,46,2566,5,14400,1.01792673422
514733,514740,517973,7,3233,2,7200,1.00216517167
514744,514755,517652,11,2897,5,14400,1.00379703141
514755,516545,519222,1790,2677,5,14400,1.66865894658
514760,514767,517968,7,3201,2,7200,1.00218681662
514775,514781,518113,6,3332,2,7200,1.00180072029
514805,514812,518322,7,3510,2,7200,1.00199430199
514853,514861,517949,8,3088,2,7200,1.00259067358
514886,514893,518352,7,3459,2,7200,1.00202370627
514928,514936,518454,8,3518,2,7200,1.00227401933
514930,514945,518381,15,3436,2,7200,1.00436554133
514948,514956,518158,8,3202,2,7200,1.00249843848
514978,514986,518571,8,3585,2,7200,1.00223152022
515105,515112,518478,7,3366,2,7200,1.00207961973
515184,515192,518327,8,3135,2,7200,1.00255183413
515296,515304,518700,8,3396,2,7200,1.0023557126
515384,515392,518896,8,3504,2,7200,1.00228310502
515898,515905,515938,7,33,2,3540,1.21212121212
516028,516036,516038,8,2,1,36000,1.0
516216,516224,516362,8,138,1,36000,1.05797101449
516285,516293,516295,8,2,1,36000,1.0
516460,516468,516567,8,99,1,36000,1.08080808081
516550,516587,517815,37,1228,5,14400,1.03013029316
516570,516577,529948,7,13371,1,108000,1.00052352105
516592,516688,519445,96,2757,5,14400,1.03482045702
516684,516704,519228,20,2524,5,14400,1.00792393027
516705,516754,519279,49,2525,5,14400,1.01940594059
516757,516895,519430,138,2535,5,14400,1.05443786982
516900,516907,519285,7,2378,5,14400,1.00294365013
516911,516975,520094,64,3119,5,14400,1.02051939724
516973,517016,519483,43,2467,5,14400,1.01743007702
517014,517078,519406,64,2328,5,14400,1.02749140893
517018,517376,517471,358,95,1,108000,4.76842105263
517051,517484,517486,433,2,1,108000,43.5
517076,517086,519627,10,2541,5,14400,1.00393545848
517087,517100,519619,13,2519,5,14400,1.00516077809
517098,517252,519941,154,2689,5,14400,1.05727036073
517252,517327,519775,75,2448,5,14400,1.0306372549
517324,517335,520179,11,2844,5,14400,1.00386779184
517334,517371,520196,37,2825,5,14400,1.01309734513
517376,517393,520353,17,2960,5,14400,1.00574324324
517397,517513,520150,116,2637,5,14400,1.04398938187
517510,517653,520208,143,2555,5,14400,1.05596868885
517653,517666,520222,13,2556,5,14400,1.00508607199
517664,517758,518781,94,1023,5,14400,1.09188660802
517756,517816,520110,60,2294,5,14400,1.02615518745
517818,517828,520391,10,2563,5,14400,1.00390167772
517828,517947,520929,119,2982,5,14400,1.03990610329
517951,517965,520376,14,2411,5,14400,1.0058067192
517962,517976,520453,14,2477,5,14400,1.00565199839
517973,517984,520752,11,2768,5,14400,1.00397398844
517978,517992,521308,14,3316,2,7200,1.00422195416
517980,518000,521168,20,3168,2,7200,1.00631313131
518004,518794,521356,790,2562,5,14400,1.30835284934
518061,518072,521604,11,3532,2,7200,1.00311438279
518079,518092,521560,13,3468,2,7200,1.00374855825
518094,518104,521513,10,3409,2,7200,1.00293341156
518112,518126,521519,14,3393,2,7200,1.00412614206
518136,518147,521555,11,3408,2,7200,1.00322769953
518160,518171,521487,11,3316,2,7200,1.0033172497
518196,518208,521543,12,3335,2,7200,1.0035982009
518250,518264,521726,14,3462,2,7200,1.00404390526
518265,518277,521703,12,3426,2,7200,1.00350262697
518322,518335,521753,13,3418,2,7200,1.0038033938
518337,518345,521944,8,3599,2,7200,1.00222283968
518352,518365,521580,13,3215,2,7200,1.00404354588
518382,518394,521609,12,3215,2,7200,1.00373250389
518455,518468,521932,13,3464,2,7200,1.00375288684
518479,518492,521751,13,3259,2,7200,1.00398895367
518573,518585,521931,12,3346,2,7200,1.00358637179
518700,518707,522004,7,3297,2,7200,1.00212314225
518790,519236,522069,446,2833,5,14400,1.15743028592
518896,518903,522534,7,3631,2,7200,1.00192784357
519239,519246,521831,7,2585,5,14400,1.00270793037
519250,519292,521758,42,2466,5,14400,1.01703163017
519291,519300,521627,9,2327,5,14400,1.00386764074
519302,519419,522326,117,2907,5,14400,1.04024767802
519415,519443,519466,28,23,5,14400,2.21739130435
519446,519458,521816,12,2358,5,14400,1.00508905852
519456,519479,521772,23,2293,5,14400,1.01003052769
519477,519496,522237,19,2741,5,14400,1.00693177672
519498,519632,522138,134,2506,5,14400,1.053471668
519631,519640,522690,9,3050,5,14400,1.00295081967
519642,519789,522235,147,2446,5,14400,1.06009811938
519785,519954,522651,169,2697,5,14400,1.06266221728
519959,520108,522815,149,2707,5,14400,1.05504248245
520113,520124,523503,11,3379,5,14400,1.00325540101
520123,520163,522520,40,2357,5,14400,1.0169707255
520165,520192,520247,27,55,5,14400,1.49090909091
520196,520209,522441,13,2232,5,14400,1.00582437276
520207,520222,522948,15,2726,5,14400,1.00550256787
520217,520235,522852,18,2617,5,14400,1.0068781047
520238,520261,522931,23,2670,5,14400,1.00861423221
520259,520366,522957,107,2591,5,14400,1.0412967966
520362,520389,523065,27,2676,5,14400,1.0100896861
520393,520404,523104,11,2700,5,14400,1.00407407407
520404,520466,523019,62,2553,5,14400,1.02428515472
520465,520765,523638,300,2873,5,14400,1.10442046641
520762,520943,523242,181,2299,5,14400,1.07872988256
520946,521369,523646,423,2277,5,14400,1.18577075099
521168,521175,524623,7,3448,2,7200,1.00203016241
521304,521311,524919,7,3608,2,7200,1.00194013304
521374,521534,524025,160,2491,5,14400,1.06423123244
521489,521497,525205,8,3708,2,7200,1.0021574973
521516,521523,525101,7,3578,2,7200,1.00195640022
521531,521557,524811,26,3254,2,7200,1.00799016595
521546,521569,525196,23,3627,2,7200,1.00634132892
521561,521577,525115,16,3538,2,7200,1.004522329
521562,521593,524776,31,3183,2,7200,1.00973923971
521580,521617,524862,37,3245,2,7200,1.01140215716
521604,521625,525159,21,3534,2,7200,1.00594227504
521619,521639,525126,20,3487,2,7200,1.00573558933
521640,521768,524495,128,2727,5,14400,1.04693802714
521704,521712,525142,8,3430,2,7200,1.00233236152
521728,521736,525191,8,3455,2,7200,1.0023154848
521752,521760,524899,8,3139,2,7200,1.00254858235
521766,521776,525367,10,3591,2,7200,1.00278473963
521773,521786,524256,13,2470,5,14400,1.00526315789
521784,521825,524388,41,2563,5,14400,1.01599687866
521825,521832,524484,7,2652,5,14400,1.00263951735
521836,521844,524133,8,2289,5,14400,1.00349497597
521846,521946,524712,100,2766,5,14400,1.03615328995
521930,521938,525431,8,3493,2,7200,1.00229029488
521946,521957,525547,11,3590,2,7200,1.00306406685
521947,522017,525249,70,3232,2,7200,1.02165841584
522004,522082,525541,78,3459,2,7200,1.0225498699
522081,522151,525286,70,3135,5,14400,1.02232854864
522153,522249,525008,96,2759,5,14400,1.03479521566
522245,522257,524899,12,2642,5,14400,1.00454201363
522256,522339,524709,83,2370,5,14400,1.03502109705
522338,522454,522489,116,35,5,14400,4.31428571429
522451,522502,525000,51,2498,5,14400,1.02041633307
522502,522533,524879,31,2346,5,14400,1.01321398124
522534,522664,525037,130,2373,5,14400,1.05478297514
522536,522545,526191,9,3646,2,7200,1.00246845858
522667,522704,525292,37,2588,5,14400,1.01429675425
522708,522828,522872,120,44,5,14400,3.72727272727
522831,522865,525780,34,2915,5,14400,1.01166380789
522862,522886,525232,24,2346,5,14400,1.01023017903
522883,522944,525535,61,2591,5,14400,1.02354303358
522945,522961,525536,16,2575,5,14400,1.00621359223
522966,522974,525266,8,2292,5,14400,1.0034904014
522976,523033,526862,57,3829,5,14400,1.01488639331
523038,523078,525675,40,2597,5,14400,1.01540238737
523079,523117,526281,38,3164,5,14400,1.01201011378
523121,523256,525918,135,2662,5,14400,1.05071374906
523254,523516,526601,262,3085,5,14400,1.08492706645
523519,523651,526244,132,2593,5,14400,1.05090628616
523652,523662,526301,10,2639,5,14400,1.00378931413
523663,523996,526501,333,2505,5,14400,1.13293413174
524000,524038,526855,38,2817,5,14400,1.01348952787
524041,524147,526695,106,2548,5,14400,1.04160125589
524144,524268,526646,124,2378,5,14400,1.05214465938
524266,524401,526940,135,2539,5,14400,1.05317053958
524400,524497,524530,97,33,5,14400,3.93939393939
524502,524510,527192,8,2682,5,14400,1.00298284862
524513,524543,527228,30,2685,5,14400,1.01117318436
524544,524722,527102,178,2380,5,14400,1.07478991597
524622,524636,528216,14,3580,2,7200,1.00391061453
524718,524730,527322,12,2592,5,14400,1.00462962963
524729,524893,527731,164,2838,5,14400,1.05778717407
524778,524790,528116,12,3326,2,7200,1.00360793746
524811,524824,528080,13,3256,2,7200,1.00399262899
524862,524876,528157,14,3281,2,7200,1.00426699177
524892,524912,527498,20,2586,5,14400,1.00773395205
524901,524917,528249,16,3332,2,7200,1.00480192077
524913,525013,527388,100,2375,5,14400,1.04210526316
524919,524932,527995,13,3063,2,7200,1.00424420503
525016,525023,527945,7,2922,5,14400,1.00239561944
525027,525050,527314,23,2264,5,14400,1.0101590106
525048,525280,525829,232,549,8,6000,1.42258652095
525102,525113,528502,11,3389,2,7200,1.00324579522
525116,525128,528390,12,3262,2,7200,1.00367872471
525131,525139,528750,8,3611,2,7200,1.00221545278
525146,525156,528325,10,3169,2,7200,1.00315556958
525161,525172,528721,11,3549,2,7200,1.00309946464
525191,525204,528611,13,3407,2,7200,1.00381567361
525206,525215,528794,9,3579,2,7200,1.0025146689
525207,525223,528485,16,3262,2,7200,1.00490496628
525249,525256,528694,7,3438,2,7200,1.00203606748
525284,525306,525838,22,532,8,6000,1.04135338346
525304,525548,526078,244,530,8,6000,1.46037735849
525367,525374,528560,7,3186,2,7200,1.00219711237
525430,525439,529102,9,3663,2,7200,1.00245700246
525542,525556,528707,14,3151,2,7200,1.00444303396
525559,525567,529085,8,3518,2,7200,1.00227401933
525570,525608,526146,38,538,8,6000,1.07063197026
525612,525793,526329,181,536,8,6000,1.33768656716
525796,525843,526374,47,531,8,6000,1.08851224105
525848,525855,526475,7,620,8,6000,1.01129032258
525859,526092,526618,233,526,8,6000,1.44296577947
526093,526159,526312,66,153,8,6000,1.43137254902
526155,526166,526690,11,524,8,6000,1.02099236641
526166,526294,526962,128,668,8,6000,1.19161676647
526190,526204,529547,14,3343,2,7200,1.00418785522
526299,526314,526902,15,588,8,6000,1.02551020408
526310,526325,526851,15,526,8,6000,1.02851711027
526330,526342,526865,12,523,8,6000,1.02294455067
526341,526387,526916,46,529,8,6000,1.08695652174
526383,526488,527029,105,541,8,6000,1.19408502773
526485,526614,527152,129,538,8,6000,1.23977695167
526618,526632,527602,14,970,8,6000,1.01443298969
526629,526660,527244,31,584,8,6000,1.05308219178
526652,526711,526712,59,1,2,3540,6.0
526660,526703,526719,43,16,8,6000,3.6875
526701,526732,527268,31,536,8,6000,1.0578358209
526732,526864,527426,132,562,8,6000,1.23487544484
526865,526874,527405,9,531,8,6000,1.01694915254
526876,526886,527408,10,522,8,6000,1.01915708812
526887,526895,527417,8,522,8,6000,1.0153256705
526898,526915,527450,17,535,8,6000,1.03177570093
526919,526929,527502,10,573,8,6000,1.01745200698
526929,526975,527541,46,566,8,6000,1.08127208481
526971,527041,527574,70,533,8,6000,1.13133208255
527043,527115,527684,72,569,8,6000,1.12653778559
527114,527165,527697,51,532,8,6000,1.09586466165
527166,527206,527732,40,526,8,6000,1.07604562738
527207,527258,527799,51,541,8,6000,1.09426987061
527259,527280,527831,21,551,8,6000,1.03811252269
527280,527327,527891,47,564,8,6000,1.08333333333
527331,527339,527456,8,117,8,6000,1.06837606838
527342,527418,527782,76,364,8,6000,1.20879120879
527414,527426,527955,12,529,8,6000,1.02268431002
527425,527434,528002,9,568,8,6000,1.01584507042
527436,527444,527989,8,545,8,6000,1.01467889908
527446,527463,528001,17,538,8,6000,1.03159851301
527467,527475,528006,8,531,8,6000,1.01506591337
527478,527511,528053,33,542,8,6000,1.06088560886
527509,527518,528101,9,583,8,6000,1.0154373928
527520,527554,528090,34,536,8,6000,1.06343283582
527551,527588,527608,37,20,8,6000,2.85
527593,527615,528236,22,621,8,6000,1.03542673108
527614,527623,528155,9,532,8,6000,1.01691729323
527624,527697,528231,73,534,8,6000,1.13670411985
527689,527702,527872,13,170,1,3600,1.07647058824
527696,527710,528240,14,530,8,6000,1.02641509434
527707,527745,528332,38,587,8,6000,1.06473594549
527748,527795,528330,47,535,8,6000,1.08785046729
527800,527812,528353,12,541,8,6000,1.02218114603
527810,527845,528377,35,532,8,6000,1.06578947368
527841,527905,528431,64,526,8,6000,1.1216730038
527903,527959,528492,56,533,8,6000,1.10506566604
527955,527970,528567,15,597,8,6000,1.02512562814
527965,528002,528537,37,535,8,6000,1.0691588785
527996,528010,531461,14,3451,2,7200,1.00405679513
528007,528018,528563,11,545,8,6000,1.02018348624
528017,528025,528553,8,528,8,6000,1.01515151515
528028,528036,528573,8,537,8,6000,1.01489757914
528039,528066,528598,27,532,8,6000,1.0507518797
528041,528050,528397,9,347,1,3600,1.02593659942
528071,528102,528639,31,537,8,6000,1.05772811918
528080,528087,531268,7,3181,2,7200,1.00220056586
528102,528114,528703,12,589,8,6000,1.02037351443
528113,528174,528729,61,555,8,6000,1.10990990991
528116,528125,531718,9,3593,2,7200,1.00250487058
528158,528166,531732,8,3566,2,7200,1.00224340998
528175,528244,528796,69,552,8,6000,1.125
528212,528220,531652,8,3432,2,7200,1.00233100233
528247,528255,528791,8,536,8,6000,1.01492537313
528249,528260,531739,11,3479,2,7200,1.00316182811
528258,528269,528893,11,624,8,6000,1.01762820513
528268,528343,528892,75,549,8,6000,1.13661202186
528324,528331,531515,7,3184,2,7200,1.00219849246
528340,528351,528889,11,538,8,6000,1.02044609665
528351,528366,528909,15,543,8,6000,1.02762430939
528362,528391,528924,29,533,8,6000,1.05440900563
528391,528398,531925,7,3527,2,7200,1.00198468954
528403,528444,528984,41,540,8,6000,1.07592592593
528445,528506,529054,61,548,8,6000,1.11131386861
528487,528495,532574,8,4079,2,7200,1.00196126502
528502,528513,532083,11,3570,2,7200,1.00308123249
528516,528550,529108,34,558,8,6000,1.06093189964
528548,528566,529115,18,549,8,6000,1.03278688525
528560,528574,532067,14,3493,2,7200,1.00400801603
528569,528581,529107,12,526,8,6000,1.02281368821
528580,528589,529176,9,587,8,6000,1.01533219761
528590,528599,529143,9,544,8,6000,1.01654411765
528601,528610,529151,9,541,8,6000,1.01663585952
528611,528619,532361,8,3742,2,7200,1.00213789417
528622,528652,529220,30,568,8,6000,1.05281690141
528653,528715,529262,62,547,8,6000,1.11334552102
528696,528703,533231,7,4528,2,7200,1.0015459364
528711,528723,532126,12,3403,2,7200,1.00352630032
528725,528743,529282,18,539,8,6000,1.03339517625
528727,528734,532060,7,3326,2,7200,1.00210463019
528746,528803,529021,57,218,8,6000,1.26146788991
528751,528758,532082,7,3324,2,7200,1.00210589651
528756,528766,529605,10,839,1,3600,1.01191895113
528796,528808,531815,12,3007,2,7200,1.00399068839
528808,528815,529382,7,567,8,6000,1.01234567901
528819,528902,529448,83,546,8,6000,1.15201465201
528901,528910,529448,9,538,8,6000,1.01672862454
528912,528920,529495,8,575,8,6000,1.01391304348
528922,528931,529470,9,539,8,6000,1.01669758813
528933,528941,529476,8,535,8,6000,1.01495327103
528944,528997,529533,53,536,8,6000,1.09888059701
528995,529034,529638,39,604,8,6000,1.06456953642
529036,529067,529095,31,28,8,6000,2.10714285714
529067,529109,529641,42,532,8,6000,1.07894736842
529086,529094,532715,8,3621,2,7200,1.00220933444
529104,529117,532912,13,3795,2,7200,1.00342555995
529119,529128,529675,9,547,8,6000,1.01645338208
529130,529138,529366,8,228,8,6000,1.0350877193
529141,529148,529684,7,536,8,6000,1.01305970149
529151,529159,529722,8,563,8,6000,1.01420959147
529162,529169,529708,7,539,8,6000,1.01298701299
529173,529189,529726,16,537,8,6000,1.02979515829
529193,529233,529786,40,553,8,6000,1.07233273056
529235,529274,529820,39,546,8,6000,1.07142857143
529276,529296,529825,20,529,8,6000,1.03780718336
529297,529380,529926,83,546,8,6000,1.15201465201
529379,529395,529995,16,600,8,6000,1.02666666667
529400,529461,530006,61,545,8,6000,1.1119266055
529462,529469,530076,7,607,8,6000,1.01153212521
529473,529483,530029,10,546,8,6000,1.01831501832
529483,529490,530034,7,544,8,6000,1.01286764706
529494,529508,530073,14,565,8,6000,1.02477876106
529505,529547,530088,42,541,8,6000,1.07763401109
529546,529651,530195,105,544,8,6000,1.19301470588
529548,529556,532664,8,3108,2,7200,1.00257400257
529648,529659,530207,11,548,8,6000,1.0200729927
529659,529688,530234,29,546,8,6000,1.05311355311
529691,529698,530240,7,542,8,6000,1.01291512915
529701,529721,530276,20,555,8,6000,1.03603603604
529722,529735,530285,13,550,8,6000,1.02363636364
529733,529743,530287,10,544,8,6000,1.01838235294
529749,529799,531448,50,1649,5,14400,1.03032140691
529801,529808,531406,7,1598,5,14400,1.00438047559
529811,529834,531366,23,1532,5,14400,1.01501305483
529832,529842,531361,10,1519,5,14400,1.00658327847
529843,529851,531461,8,1610,5,14400,1.0049689441
529854,529939,531459,85,1520,5,14400,1.05592105263
529936,529946,531552,10,1606,5,14400,1.00622665006
529946,530008,531475,62,1467,5,14400,1.04226312202
530008,530015,530044,7,29,5,14400,1.24137931034
530019,530027,531868,8,1841,5,14400,1.00434546442
530030,530042,531708,12,1666,5,14400,1.00720288115
530040,530050,531764,10,1714,5,14400,1.00583430572
530051,530061,531700,10,1639,5,14400,1.00610128127
530062,530069,531627,7,1558,5,14400,1.00449293967
530073,530087,531796,14,1709,5,14400,1.0081919251
530084,530095,531714,11,1619,5,14400,1.00679431748
530094,530103,531810,9,1707,5,14400,1.00527240773
530105,530113,531890,8,1777,5,14400,1.00450196961
530116,530124,532022,8,1898,5,14400,1.00421496312
530127,530209,530224,82,15,5,14400,6.46666666667
530209,530216,532145,7,1929,5,14400,1.00362882322
530219,530228,531786,9,1558,5,14400,1.00577663671
530230,530239,531907,9,1668,5,14400,1.00539568345
530241,530250,531830,9,1580,5,14400,1.00569620253
530252,530260,531799,8,1539,5,14400,1.00519818064
530262,530269,532111,7,1842,5,14400,1.00380021716
530273,530280,531819,7,1539,5,14400,1.00454840806
530284,530292,531798,8,1506,5,14400,1.00531208499
530295,530302,531985,7,1683,5,14400,1.00415923945
530305,530312,531894,7,1582,5,14400,1.00442477876
530316,530323,531979,7,1656,5,14400,1.00422705314
530327,531374,533002,1047,1628,5,14400,1.64312039312
530820,531283,531392,463,109,1,3600,5.24770642202
531260,531381,531543,121,162,1,3600,1.74691358025
531267,531275,534671,8,3396,2,7200,1.0023557126
531379,531389,533124,10,1735,5,14400,1.00576368876
531390,531419,533096,29,1677,5,14400,1.01729278473
531421,531461,533247,40,1786,5,14400,1.02239641657
531462,531473,531499,11,26,5,14400,1.42307692308
531464,531478,534990,14,3512,2,7200,1.00398633257
531483,531492,531538,9,46,5,14400,1.19565217391
531494,531502,533063,8,1561,5,14400,1.00512491992
531505,531512,532316,7,804,5,14400,1.00870646766
531515,531523,534924,8,3401,2,7200,1.00235224934
531526,531553,533040,27,1487,5,14400,1.01815736382
531546,531564,533221,18,1657,5,14400,1.01086300543
531567,531641,533104,74,1463,5,14400,1.05058099795
531573,531581,531894,8,313,1,3600,1.02555910543
531639,531713,533352,74,1639,5,14400,1.04514948139
531654,531661,535274,7,3613,2,7200,1.0019374481
531711,531720,533247,9,1527,5,14400,1.00589390963
531714,531727,534997,13,3270,2,7200,1.00397553517
531722,531736,532090,14,354,1,3600,1.0395480226
531732,531743,533575,11,1832,5,14400,1.00600436681
531732,531748,535269,16,3521,2,7200,1.00454416359
531746,531756,534853,10,3097,2,7200,1.00322893122
531753,531778,531797,25,19,5,14400,2.31578947368
531774,531799,533425,25,1626,5,14400,1.01537515375
531795,531809,533464,14,1655,5,14400,1.0084592145
531805,531817,533441,12,1624,5,14400,1.00738916256
531816,531825,533306,9,1481,5,14400,1.00607697502
531816,531830,535414,14,3584,2,7200,1.00390625
531827,531838,533753,11,1915,5,14400,1.00574412533
531838,531846,533349,8,1503,5,14400,1.00532268796
531848,531856,533312,8,1456,5,14400,1.00549450549
531859,531867,533303,8,1436,5,14400,1.00557103064
531870,531881,533536,11,1655,5,14400,1.00664652568
531880,531905,533548,25,1643,5,14400,1.01521606817
531901,531913,533834,12,1921,5,14400,1.00624674649
531912,531921,533618,9,1697,5,14400,1.00530347672
531923,531992,533706,69,1714,5,14400,1.04025670945
531926,531933,535621,7,3688,2,7200,1.00189804772
531995,532002,533785,7,1783,5,14400,1.00392596747
532005,532036,533861,31,1825,5,14400,1.01698630137
532036,532081,533606,45,1525,5,14400,1.02950819672
532062,532070,535297,8,3227,2,7200,1.00247908274
532076,532095,535363,19,3268,2,7200,1.00581395349
532091,532102,535334,11,3232,2,7200,1.00340346535
532093,532123,535840,30,3717,2,7200,1.00807102502
532118,532158,533869,40,1711,5,14400,1.02337814144
532129,532136,535664,7,3528,2,7200,1.00198412698
532160,532328,533761,168,1433,5,14400,1.11723656664
532333,533014,534850,681,1836,5,14400,1.37091503268
532336,532344,532945,8,601,1,3600,1.01331114809
532362,532370,535657,8,3287,2,7200,1.00243383024
532426,532926,533693,500,767,1,3600,1.6518904824
532574,532581,536121,7,3540,2,7200,1.00197740113
532665,532672,536079,7,3407,2,7200,1.00205459348
532716,532723,535968,7,3245,2,7200,1.00215716487
532912,532919,536651,7,3732,2,7200,1.00187566988
533018,533053,534744,35,1691,5,14400,1.02069781195
533049,533075,534641,26,1566,5,14400,1.01660280971
533080,533109,534756,29,1647,5,14400,1.01760777171
533111,533120,535016,9,1896,5,14400,1.00474683544
533122,533137,534817,15,1680,5,14400,1.00892857143
533133,533234,534662,101,1428,5,14400,1.07072829132
533233,533241,536433,8,3192,2,7200,1.00250626566
533245,533260,534924,15,1664,5,14400,1.00901442308
533256,533268,534782,12,1514,5,14400,1.00792602378
533267,533315,534691,48,1376,5,14400,1.03488372093
533318,533326,535040,8,1714,5,14400,1.00466744457
533329,533336,534797,7,1461,5,14400,1.00479123888
533339,533362,534846,23,1484,5,14400,1.01549865229
533360,533370,534893,10,1523,5,14400,1.00656598818
533371,533437,535206,66,1769,5,14400,1.03730921425
533432,533455,534876,23,1421,5,14400,1.01618578466
533453,533477,535337,24,1860,5,14400,1.01290322581
533474,533549,535338,75,1789,5,14400,1.04192286193
533546,533562,535371,16,1809,5,14400,1.00884466556
533567,533588,533630,21,42,5,14400,1.5
533588,533619,535093,31,1474,5,14400,1.0210312076
533619,533631,535408,12,1777,5,14400,1.00675295442
533630,533643,535122,13,1479,5,14400,1.00878972279
533641,533719,535195,78,1476,5,14400,1.05284552846
533722,533766,535388,44,1622,5,14400,1.0271270037
533764,533775,535322,11,1547,5,14400,1.00711053652
533774,533798,535354,24,1556,5,14400,1.01542416452
533795,533847,535624,52,1777,5,14400,1.02926280248
533847,533875,533909,28,34,5,14400,1.82352941176
533878,533885,535628,7,1743,5,14400,1.00401606426
533888,533922,535561,34,1639,5,14400,1.02074435631
533919,534655,534713,736,58,5,14400,13.6896551724
534654,534675,536295,21,1620,5,14400,1.01296296296
534671,534682,538167,11,3485,2,7200,1.00315638451
534685,534703,536351,18,1648,5,14400,1.0109223301
534706,534727,536394,21,1667,5,14400,1.0125974805
534727,534757,536558,30,1801,5,14400,1.01665741255
534758,534770,536652,12,1882,5,14400,1.00637619554
534769,534795,536485,26,1690,5,14400,1.01538461538
534800,534811,536499,11,1688,5,14400,1.00651658768
534810,534830,536340,20,1510,5,14400,1.01324503311
534832,534859,536706,27,1847,5,14400,1.01461829995
534853,534868,538354,15,3486,2,7200,1.00430292599
534873,534880,536725,7,1845,5,14400,1.00379403794
534884,534891,536379,7,1488,5,14400,1.00470430108
534892,534900,535013,8,113,1,1800,1.07079646018
534894,534908,536403,14,1495,5,14400,1.00936454849
534905,534942,536414,37,1472,5,14400,1.02513586957
534914,534921,535037,7,116,1,3600,1.06034482759
534925,534934,538220,9,3286,2,7200,1.00273889227
534946,535029,536810,83,1781,5,14400,1.046603032
534992,535000,538636,8,3636,2,7200,1.00220022002
535007,535014,538786,7,3772,2,7200,1.00185577943
535028,535053,536761,25,1708,5,14400,1.01463700234
535049,535106,536558,57,1452,5,14400,1.03925619835
535111,535135,536764,24,1629,5,14400,1.01473296501
535132,535208,537020,76,1812,5,14400,1.04194260486
535204,535218,537005,14,1787,5,14400,1.00783435926
535211,535224,535542,13,318,1,3600,1.04088050314
535215,535289,536860,74,1571,5,14400,1.04710375557
535270,535278,538897,8,3619,2,7200,1.0022105554
535285,535310,538872,25,3562,2,7200,1.00701852892
535299,535336,538605,37,3269,2,7200,1.01131844601
535312,535341,535456,29,115,1,1800,1.25217391304
535336,535349,538718,13,3369,2,7200,1.00385871178
535348,535356,537263,8,1907,5,14400,1.00419507079
535359,535366,536766,7,1400,5,14400,1.005
535363,535373,538552,10,3179,2,7200,1.00314564328
535370,535384,535909,14,525,8,6000,1.02666666667
535381,535401,535930,20,529,8,6000,1.03780718336
535402,535550,536081,148,531,8,6000,1.27871939736
535417,535425,538787,8,3362,2,7200,1.00237953599
535555,535637,536196,82,559,8,6000,1.14669051878
535621,535630,539152,9,3522,2,7200,1.00255536627
535637,535677,536199,40,522,8,6000,1.07662835249
535657,535665,538839,8,3174,2,7200,1.00252047889
535672,535853,539261,181,3408,2,7200,1.05311032864
535842,535923,539033,81,3110,2,7200,1.02604501608
535924,535944,536467,20,523,8,6000,1.03824091778
535945,536098,536633,153,535,8,6000,1.28598130841
535969,535977,539194,8,3217,2,7200,1.00248678893
535975,535984,536583,9,599,1,3600,1.01502504174
536081,536090,539457,9,3367,2,7200,1.00267300267
536094,536105,536666,11,561,1,1800,1.01960784314
536099,536209,536744,110,535,8,6000,1.20560747664
536121,536128,539517,7,3389,2,7200,1.00206550605
536211,536219,536305,8,86,8,6000,1.09302325581
536222,536308,536837,86,529,8,6000,1.16257088847
536304,536319,536921,15,602,8,6000,1.02491694352
536315,536364,536908,49,544,8,6000,1.09007352941
536367,536392,536951,25,559,8,6000,1.04472271914
536388,536416,536973,28,557,8,6000,1.05026929982
536419,536426,536956,7,530,8,6000,1.01320754717
536430,536481,537004,51,523,8,6000,1.09751434034
536432,536446,540048,14,3602,2,7200,1.00388672959
536481,536512,537040,31,528,8,6000,1.05871212121
536513,536570,537217,57,647,8,6000,1.08809891808
536575,536646,537275,71,629,8,6000,1.11287758347
536647,536667,536686,20,19,8,6000,2.05263157895
536651,536659,539933,8,3274,2,7200,1.0024434942
536668,536699,537266,31,567,8,6000,1.05467372134
536699,536719,537250,20,531,8,6000,1.03766478343
536720,536757,537280,37,523,8,6000,1.0707456979
536762,536774,537325,12,551,8,6000,1.02177858439
536773,536781,537347,8,566,8,6000,1.01413427562
536783,536823,537347,40,524,8,6000,1.07633587786
536825,536849,537371,24,522,8,6000,1.04597701149
536846,536921,537455,75,534,8,6000,1.1404494382
536918,536934,537462,16,528,8,6000,1.0303030303
536939,536964,537564,25,600,8,6000,1.04166666667
536960,536972,537512,12,540,8,6000,1.02222222222
536971,536983,537522,12,539,8,6000,1.02226345083
536981,536990,537566,9,576,8,6000,1.015625
536992,537017,537544,25,527,8,6000,1.04743833017
537013,537033,537556,20,523,8,6000,1.03824091778
537034,537053,537153,19,100,8,6000,1.19
537055,537166,537485,111,319,8,6000,1.34796238245
537167,537230,537800,63,570,8,6000,1.11052631579
537229,537264,537778,35,514,8,6000,1.06809338521
537260,537279,537814,19,535,8,6000,1.03551401869
537281,537290,537820,9,530,8,6000,1.01698113208
537292,537299,537829,7,530,8,6000,1.01320754717
537302,537338,537880,36,542,8,6000,1.06642066421
537333,537361,537925,28,564,8,6000,1.04964539007
537365,537372,537910,7,538,8,6000,1.01301115242
537375,537385,537406,10,21,8,6000,1.47619047619
537386,537419,537961,33,542,8,6000,1.06088560886
537417,537468,538007,51,539,8,6000,1.09461966605
537469,537476,538003,7,527,8,6000,1.01328273245
537479,537498,538063,19,565,8,6000,1.03362831858
537500,537526,538070,26,544,8,6000,1.04779411765
537521,537534,538073,13,539,8,6000,1.0241187384
537532,537542,538078,10,536,8,6000,1.01865671642
537543,537558,538094,15,536,8,6000,1.02798507463
537553,537569,538116,16,547,8,6000,1.02925045704
537564,537576,538120,12,544,8,6000,1.02205882353
537575,537585,538119,10,534,8,6000,1.01872659176
537586,537792,538323,206,531,8,6000,1.3879472693
537790,537813,538405,23,592,8,6000,1.03885135135
537811,537828,538360,17,532,8,6000,1.03195488722
537832,537841,538377,9,536,8,6000,1.01679104478
537843,537850,538383,7,533,8,6000,1.01313320826
537854,537892,538422,38,530,8,6000,1.07169811321
537895,537923,538542,28,619,8,6000,1.04523424879
537926,537938,538563,12,625,8,6000,1.0192
537937,537973,538509,36,536,8,6000,1.0671641791
537980,538015,538553,35,538,8,6000,1.06505576208
538011,538023,538556,12,533,8,6000,1.02251407129
538022,538092,538627,70,535,8,6000,1.1308411215
538094,538129,538660,35,531,8,6000,1.065913371
538125,538336,538876,211,540,8,6000,1.39074074074
538167,538175,541128,8,2953,2,7200,1.00270910938
538222,538229,541718,7,3489,2,7200,1.00200630553
538320,538327,538376,7,49,1,1800,1.14285714286
538339,538521,539062,182,541,8,6000,1.33641404806
538355,538395,541869,40,3474,2,7200,1.01151410478
538524,538554,539087,30,533,8,6000,1.05628517824
538552,538562,541947,10,3385,2,7200,1.00295420975
538565,538572,539110,7,538,8,6000,1.01301115242
538576,538640,539179,64,539,8,6000,1.11873840445
538606,538614,538731,8,117,1,1800,1.06837606838
538606,538619,541778,13,3159,2,7200,1.00411522634
538636,538647,542047,11,3400,2,7200,1.00323529412
538648,538673,539205,25,532,8,6000,1.0469924812
538669,538891,539484,222,593,8,6000,1.37436762226
538688,538695,538776,7,81,1,1800,1.08641975309
538718,538725,542270,7,3545,2,7200,1.00197461213
538788,538795,542319,7,3524,2,7200,1.00198637911
538789,538884,542458,95,3574,2,7200,1.02658086178
538841,538897,542553,56,3656,2,7200,1.01531728665
538874,538902,542476,28,3574,2,7200,1.00783435926
538898,538909,542454,11,3545,2,7200,1.00310296192
538914,538920,539470,6,550,8,6000,1.01090909091
538924,538931,539470,7,539,8,6000,1.01298701299
538935,538942,539491,7,549,8,6000,1.01275045537
538946,538953,539528,7,575,8,6000,1.01217391304
538957,538964,539512,7,548,8,6000,1.01277372263
538968,538974,539503,6,529,8,6000,1.01134215501
538979,538986,539181,7,195,8,6000,1.0358974359
538989,538995,539540,6,545,8,6000,1.01100917431
539000,539007,539554,7,547,8,6000,1.01279707495
539011,539018,539633,7,615,8,6000,1.01138211382
539023,539030,539558,7,528,8,6000,1.01325757576
539034,539040,539588,6,548,8,6000,1.01094890511
539034,539046,542575,12,3529,2,7200,1.00340039671
539044,539053,539637,9,584,8,6000,1.0154109589
539053,539061,539176,8,115,1,1800,1.06956521739
539055,539068,539652,13,584,8,6000,1.02226027397
539066,539075,539611,9,536,8,6000,1.01679104478
539077,539084,539112,7,28,8,6000,1.25
539087,539100,539650,13,550,8,6000,1.02363636364
539098,539123,539687,25,564,8,6000,1.04432624113
539119,539130,539359,11,229,8,6000,1.0480349345
539130,539191,539730,61,539,8,6000,1.11317254174
539152,539197,542524,45,3327,2,7200,1.01352569883
539195,539204,542555,9,3351,2,7200,1.00268576544
539202,539211,539754,9,543,8,6000,1.01657458564
539213,539219,539767,6,548,8,6000,1.01094890511
539223,539372,539933,149,561,8,6000,1.26559714795
539261,539377,542893,116,3516,2,7200,1.03299203641
539377,539482,540025,105,543,8,6000,1.19337016575
539459,539488,543038,29,3550,2,7200,1.00816901408
539490,539497,540037,7,540,8,6000,1.01296296296
539501,539508,540056,7,548,8,6000,1.01277372263
539511,539519,540058,8,539,8,6000,1.01484230056
539516,539527,543103,11,3576,2,7200,1.00307606264
539522,539535,540070,13,535,8,6000,1.02429906542
539533,539543,540079,10,536,8,6000,1.01865671642
539544,539551,540095,7,544,8,6000,1.01286764706
539555,539562,540121,7,559,8,6000,1.01252236136
539565,539574,540124,9,550,8,6000,1.01636363636
539576,539583,540554,7,971,8,6000,1.00720906282
539587,539602,540140,15,538,8,6000,1.02788104089
539597,539624,540192,27,568,8,6000,1.04753521127
539629,539645,540193,16,548,8,6000,1.02919708029
539649,539661,539951,12,290,1,1800,1.04137931034
539650,539656,540234,6,578,8,6000,1.01038062284
539660,539669,540235,9,566,8,6000,1.01590106007
539671,539678,540231,7,553,8,6000,1.01265822785
539682,539700,540248,18,548,8,6000,1.03284671533
539703,539742,540306,39,564,8,6000,1.06914893617
539747,539767,541432,20,1665,5,14400,1.01201201201
539768,539775,541382,7,1607,5,14400,1.00435594275
539779,539786,541230,7,1444,5,14400,1.00484764543
539789,539945,541465,156,1520,5,14400,1.10263157895
539852,539961,540533,109,572,1,1800,1.19055944056
539933,539951,543413,18,3462,2,7200,1.00519930676
539953,539969,541654,16,1685,5,14400,1.00949554896
539974,540038,541568,64,1530,5,14400,1.04183006536
540036,540050,541646,14,1596,5,14400,1.00877192982
540046,540058,541502,12,1444,5,14400,1.00831024931
540049,540063,543658,14,3595,2,7200,1.00389429764
540067,540076,540102,9,26,5,14400,1.34615384615
540078,540086,541912,8,1826,5,14400,1.00438116101
540089,540096,541724,7,1628,5,14400,1.0042997543
540099,540106,541815,7,1709,5,14400,1.00409596255
540110,540117,541719,7,1602,5,14400,1.00436953808
540121,540128,541939,7,1811,5,14400,1.00386526781
540132,540139,541878,7,1739,5,14400,1.0040253019
540142,540150,541798,8,1648,5,14400,1.00485436893
540153,540160,541799,7,1639,5,14400,1.00427089689
540164,540171,541972,7,1801,5,14400,1.00388672959
540174,540181,541978,7,1797,5,14400,1.00389538119
540185,540193,540209,8,16,5,14400,1.5
540196,540204,542133,8,1929,5,14400,1.00414722654
540207,540214,541746,7,1532,5,14400,1.0045691906
540217,540225,542361,8,2136,5,14400,1.00374531835
540228,540235,541760,7,1525,5,14400,1.00459016393
540239,540247,541790,8,1543,5,14400,1.00518470512
540250,540257,542115,7,1858,5,14400,1.00376749193
540260,540267,541744,7,1477,5,14400,1.00473933649
540271,540278,541767,7,1489,5,14400,1.00470114171
540282,540290,541941,8,1651,5,14400,1.00484554815
540292,540301,541869,9,1568,5,14400,1.00573979592
540303,540311,541976,8,1665,5,14400,1.0048048048
540314,540321,541950,7,1629,5,14400,1.00429711479
540325,540332,542060,7,1728,5,14400,1.00405092593
540335,540344,542030,9,1686,5,14400,1.00533807829
540346,540567,542179,221,1612,5,14400,1.13709677419
540571,540578,540604,7,26,5,14400,1.26923076923
540582,540618,540664,36,46,5,14400,1.78260869565
540623,540677,542250,54,1573,5,14400,1.03432930706
540674,541141,541917,467,776,5,14400,1.60180412371
541128,541244,544978,116,3734,2,7200,1.03106588109
541246,541395,542886,149,1491,5,14400,1.09993293092
541399,541445,543108,46,1663,5,14400,1.02766085388
541441,541479,543013,38,1534,5,14400,1.02477183833
541482,541516,542975,34,1459,5,14400,1.02330363263
541513,541581,543156,68,1575,5,14400,1.04317460317
541585,541660,543482,75,1822,5,14400,1.04116355653
541657,541668,541688,11,20,5,14400,1.55
541668,541701,543358,33,1657,5,14400,1.01991550996
541699,541731,543322,32,1591,5,14400,1.02011313639
541720,541739,545005,19,3266,2,7200,1.00581751378
541742,541750,543377,8,1627,5,14400,1.0049170252
541752,541761,543230,9,1469,5,14400,1.00612661675
541763,541771,543685,8,1914,5,14400,1.00417972832
541774,541783,543220,9,1437,5,14400,1.00626304802
541780,541791,544973,11,3182,2,7200,1.00345694532
541795,541803,543236,8,1433,5,14400,1.00558269365
541805,541813,543264,8,1451,5,14400,1.00551343901
541816,541823,543518,7,1695,5,14400,1.00412979351
541827,541834,543522,7,1688,5,14400,1.00414691943
541838,541845,543742,7,1897,5,14400,1.0036900369
541848,541882,543566,34,1684,5,14400,1.02019002375
541871,541887,545388,16,3501,2,7200,1.00457012282
541890,541897,543614,7,1717,5,14400,1.00407687828
541900,541925,543714,25,1789,5,14400,1.01397428731
541922,541933,543755,11,1822,5,14400,1.00603732162
541932,541952,543443,20,1491,5,14400,1.01341381623
541947,541959,545324,12,3365,2,7200,1.00356612184
541964,541972,543668,8,1696,5,14400,1.00471698113
541974,541981,543363,7,1382,5,14400,1.00506512301
541985,541994,543844,9,1850,5,14400,1.00486486486
541996,542003,543666,7,1663,5,14400,1.00420926037
542006,542015,543617,9,1602,5,14400,1.00561797753
542017,542043,543671,26,1628,5,14400,1.01597051597
542046,542054,545779,8,3725,2,7200,1.00214765101
542058,542073,543907,15,1834,5,14400,1.00817884406
542069,542127,543834,58,1707,5,14400,1.03397773872
542131,542146,543583,15,1437,5,14400,1.01043841336
542142,542192,543919,50,1727,5,14400,1.02895193978
542193,542261,543774,68,1513,5,14400,1.04494382022
542265,542283,543695,18,1412,5,14400,1.01274787535
542270,542333,545823,63,3490,2,7200,1.01805157593
542322,542374,545633,52,3259,2,7200,1.01595581467
542378,542471,544255,93,1784,5,14400,1.05213004484
542443,542451,542499,8,48,1,1800,1.16666666667
542456,542489,546298,33,3809,2,7200,1.00866369126
542470,542509,545703,39,3194,2,7200,1.01221039449
542485,542537,545830,52,3293,2,7200,1.01579107197
542524,542567,545993,43,3426,2,7200,1.01255107998
542554,542575,545859,21,3284,2,7200,1.00639464068
542556,542588,546177,32,3589,2,7200,1.00891613263
542577,542898,546182,321,3284,2,7200,1.09774665043
542832,542910,542989,78,79,1,1800,1.98734177215
542894,542905,546478,11,3573,2,7200,1.0030786454
542908,543026,544435,118,1409,5,14400,1.08374733854
543031,543336,544818,305,1482,5,14400,1.20580296896
543040,543048,546390,8,3342,2,7200,1.00239377618
543104,543112,546570,8,3458,2,7200,1.002313476
543337,543371,544899,34,1528,5,14400,1.0222513089
543368,543379,545180,11,1801,5,14400,1.00610771793
543379,543578,545012,199,1434,5,14400,1.13877266388
543415,543422,546847,7,3425,2,7200,1.00204379562
543583,543630,545594,47,1964,5,14400,1.02393075356
543635,543682,545542,47,1860,5,14400,1.0252688172
543658,543666,547000,8,3334,2,7200,1.0023995201
543686,543694,545447,8,1753,5,14400,1.00456360525
543697,543707,543739,10,32,5,14400,1.3125
543708,543751,545218,43,1467,5,14400,1.02931152011
543749,543759,545547,10,1788,5,14400,1.00559284116
543760,543767,545255,7,1488,5,14400,1.00470430108
543771,543920,545382,149,1462,5,14400,1.10191518468
543924,544446,546131,522,1685,5,14400,1.30979228487
544019,544026,544317,7,291,1,1800,1.02405498282
544444,544830,546342,386,1512,5,14400,1.25529100529
544831,544911,546781,80,1870,5,14400,1.04278074866
544913,544990,546770,77,1780,5,14400,1.04325842697
544975,544981,548339,6,3358,2,7200,1.00178677784
544990,545024,548399,34,3375,2,7200,1.01007407407
545005,545030,548279,25,3249,2,7200,1.00769467528
545026,545192,545227,166,35,5,14400,5.74285714286
545189,545230,546973,41,1743,5,14400,1.02352266208
545231,545239,546882,8,1643,5,14400,1.00486914181
545241,545267,545324,26,57,5,14400,1.45614035088
545262,545336,546950,74,1614,5,14400,1.0458488228
545325,545342,548947,17,3605,2,7200,1.00471567268
545344,545395,547078,51,1683,5,14400,1.0303030303
545391,545402,548522,11,3120,2,7200,1.00352564103
545406,545460,547122,54,1662,5,14400,1.03249097473
545457,545555,547353,98,1798,5,14400,1.05450500556
545560,545566,547391,6,1825,5,14400,1.00328767123
545570,545606,547283,36,1677,5,14400,1.02146690519
545611,546143,547789,532,1646,5,14400,1.32320777643
545633,545715,549334,82,3619,2,7200,1.02265819287
545706,545791,549142,85,3351,2,7200,1.02536556252
545781,545835,549277,54,3442,2,7200,1.01568855317
545823,545842,549371,19,3529,2,7200,1.00538396146
545838,546354,549630,516,3276,2,7200,1.15750915751
545859,546359,550078,500,3719,2,7200,1.13444474321
545995,546365,549710,370,3345,2,7200,1.11061285501
546180,546490,550110,310,3620,2,7200,1.08563535912
546194,546583,550210,389,3627,2,7200,1.10725117177
546300,546588,549843,288,3255,2,7200,1.08847926267
546391,546593,550157,202,3564,2,7200,1.05667789001
546476,546598,549854,122,3256,2,7200,1.03746928747
546570,546603,549991,33,3388,2,7200,1.00974025974
546599,546611,548130,12,1519,5,14400,1.00789993417
546610,546617,548464,7,1847,5,14400,1.00378992962
546621,546628,548514,7,1886,5,14400,1.00371155885
546632,546639,548168,7,1529,5,14400,1.00457815566
546642,546649,548129,7,1480,5,14400,1.00472972973
546653,546660,548114,7,1454,5,14400,1.00481430536
546664,546671,548298,7,1627,5,14400,1.00430239705
546675,546682,548435,7,1753,5,14400,1.00399315459
546685,546691,548205,6,1514,5,14400,1.00396301189
546696,546703,548378,7,1675,5,14400,1.00417910448
546707,546714,548509,7,1795,5,14400,1.00389972145
546717,546725,548500,8,1775,5,14400,1.00450704225
546728,546735,548318,7,1583,5,14400,1.00442198358
546739,546746,548634,7,1888,5,14400,1.00370762712
546749,546757,548211,8,1454,5,14400,1.00550206327
546848,546854,550190,6,3336,2,7200,1.00179856115
547000,547007,550606,7,3599,2,7200,1.00194498472
548281,548287,551606,6,3319,2,7200,1.00180777343
548338,548346,551781,8,3435,2,7200,1.00232896652
548399,548405,551792,6,3387,2,7200,1.00177147919
548523,548530,552017,7,3487,2,7200,1.00200745627
548949,548955,552453,6,3498,2,7200,1.00171526587
549143,549149,552618,6,3469,2,7200,1.00172960507
549279,549286,552888,7,3602,2,7200,1.0019433648
549333,549341,552528,8,3187,2,7200,1.00251019768
549373,549380,552873,7,3493,2,7200,1.00200400802
549630,549637,552927,7,3290,2,7200,1.00212765957
549711,549719,553062,8,3343,2,7200,1.00239306013
549845,549852,553059,7,3207,2,7200,1.00218272529
549860,549868,553261,8,3393,2,7200,1.00235779546
549990,549997,553431,7,3434,2,7200,1.00203843914
550036,550043,551544,7,1501,4,36000,1.00466355763
550081,550088,553247,7,3159,2,7200,1.0022158911
550111,550117,553382,6,3265,2,7200,1.00183767228
550159,550167,553620,8,3453,2,7200,1.00231682595
550189,550197,553496,8,3299,2,7200,1.00242497727
550211,550219,553514,8,3295,2,7200,1.00242792109
550607,550615,553790,8,3175,2,7200,1.00251968504
550802,550809,554062,7,3253,2,7200,1.00215185982
550803,550816,554240,13,3424,2,7200,1.00379672897
550805,550822,553983,17,3161,2,7200,1.00537804492
550806,550827,553988,21,3161,2,7200,1.00664346726
550807,550832,554200,25,3368,2,7200,1.00742280285
550809,550837,554231,28,3394,2,7200,1.00824985268
550810,550843,554225,33,3382,2,7200,1.00975753992
550812,550850,554228,38,3378,2,7200,1.01124925992
550813,550856,554405,43,3549,2,7200,1.01211608904
550814,550861,554457,47,3596,2,7200,1.01307007786
550816,550866,554318,50,3452,2,7200,1.01448435689
550817,550872,554154,55,3282,2,7200,1.01675807434
550818,550877,553982,59,3105,2,7200,1.01900161031
550820,550882,554226,62,3344,2,7200,1.01854066986
550821,550887,554113,66,3226,2,7200,1.02045877247
550822,550892,554317,70,3425,2,7200,1.0204379562
550824,550898,554221,74,3323,2,7200,1.02226903401
550825,550903,554184,78,3281,2,7200,1.02377323987
550826,550908,554287,82,3379,2,7200,1.02426753477
550828,550913,554328,85,3415,2,7200,1.02489019034
551594,552469,553992,875,1523,4,36000,1.57452396586
551606,551613,555008,7,3395,2,7200,1.00206185567
551766,552474,553097,708,623,4,36000,2.13643659711
551784,551791,555226,7,3435,2,7200,1.00203784571
551799,551807,555246,8,3439,2,7200,1.00232625763
552017,552024,555345,7,3321,2,7200,1.00210779886
552454,552461,555858,7,3397,2,7200,1.00206064174
552500,552507,581310,7,28803,1,28800,1.00024303024
552530,552537,555930,7,3393,2,7200,1.00206307103
552620,552627,555956,7,3329,2,7200,1.00210273355
552875,552881,556134,6,3253,2,7200,1.00184445128
552890,552896,556104,6,3208,2,7200,1.00187032419
552928,552935,556201,7,3266,2,7200,1.00214329455
553060,553067,556580,7,3513,2,7200,1.00199259892
553075,553081,556635,6,3554,2,7200,1.0016882386
553247,553255,556473,8,3218,2,7200,1.00248601616
553265,553272,556651,7,3379,2,7200,1.00207161882
553383,553390,556916,7,3526,2,7200,1.00198525241
553431,553438,556843,7,3405,2,7200,1.00205580029
553498,553505,557147,7,3642,2,7200,1.00192202087
553516,553523,557237,7,3714,2,7200,1.00188476037
553622,553629,557055,7,3426,2,7200,1.00204319907
553792,553799,557277,7,3478,2,7200,1.00201265095
553983,553991,557062,8,3071,2,7200,1.00260501465
553985,553997,557305,12,3308,2,7200,1.00362756953
553999,554006,557497,7,3491,2,7200,1.00200515612
554063,554070,557605,7,3535,2,7200,1.00198019802
554116,554123,557390,7,3267,2,7200,1.00214263851
554155,554162,557731,7,3569,2,7200,1.00196133371
554185,554193,557371,8,3178,2,7200,1.00251730648
554200,554208,557522,8,3314,2,7200,1.00241400121
554221,554229,557611,8,3382,2,7200,1.00236546422
554237,554244,557546,7,3302,2,7200,1.00211992732
554238,554252,557572,14,3320,2,7200,1.00421686747
554240,554257,557713,17,3456,2,7200,1.00491898148
554241,554262,557649,21,3387,2,7200,1.00620017715
554255,554270,557721,15,3451,2,7200,1.00434656621
554289,554296,557345,7,3049,2,7200,1.0022958347
554308,554316,560879,8,6563,1,108000,1.00121895475
554319,554328,557880,9,3552,2,7200,1.00253378378
554321,554336,557410,15,3074,2,7200,1.00487963565
554336,554344,557537,8,3193,2,7200,1.00250548074
554356,554365,555574,9,1209,4,36000,1.00744416873
554406,554413,557924,7,3511,2,7200,1.00199373398
554458,554466,557795,8,3329,2,7200,1.00240312406
554782,554790,555583,8,793,4,36000,1.01008827238
555008,555017,558249,9,3232,2,7200,1.00278465347
555216,555225,555311,9,86,1,36000,1.10465116279
555226,555233,558628,7,3395,2,7200,1.00206185567
555247,555254,558656,7,3402,2,7200,1.00205761317
555257,555264,555410,7,146,1,36000,1.04794520548
555347,555355,558712,8,3357,2,7200,1.00238308013
555860,555868,559095,8,3227,2,7200,1.00247908274
555932,555940,559414,8,3474,2,7200,1.00230282096
555953,555960,559419,7,3459,2,7200,1.00202370627
556036,556044,556129,8,85,1,36000,1.09411764706
556104,556112,559379,8,3267,2,7200,1.00244872972
556108,556147,556288,39,141,1,36000,1.27659574468
556135,556142,559526,7,3384,2,7200,1.00206855792
556201,556209,559718,8,3509,2,7200,1.00227985181
556475,556483,559930,8,3447,2,7200,1.00232085872
556581,556589,559731,8,3142,2,7200,1.00254614895
556635,556642,560076,7,3434,2,7200,1.00203843914
556653,556660,559996,7,3336,2,7200,1.00209832134
556844,556851,560201,7,3350,2,7200,1.00208955224
556916,556926,560268,10,3342,2,7200,1.00299222023
557056,557063,560114,7,3051,2,7200,1.00229432973
557071,557079,560317,8,3238,2,7200,1.0024706609
557149,557158,560587,9,3429,2,7200,1.00262467192
557234,557242,560570,8,3328,2,7200,1.00240384615
557277,557284,560818,7,3534,2,7200,1.00198075835
557304,557312,560470,8,3158,2,7200,1.00253324889
557346,557354,560536,8,3182,2,7200,1.00251414205
557371,557378,560799,7,3421,2,7200,1.00204618533
557392,557400,560536,8,3136,2,7200,1.00255102041
557410,557417,561045,7,3628,2,7200,1.00192943771
557498,557505,561113,7,3608,2,7200,1.00194013304
557522,557529,561164,7,3635,2,7200,1.00192572215
557537,557543,560764,6,3221,2,7200,1.00186277554
557552,557559,561148,7,3589,2,7200,1.00195040401
557573,557580,560945,7,3365,2,7200,1.00208023774
557606,557613,561350,7,3737,2,7200,1.00187316029
557621,557628,561173,7,3545,2,7200,1.00197461213
557651,557657,561063,6,3406,2,7200,1.00176159718
557714,557720,561084,6,3364,2,7200,1.00178359096
557729,557736,560971,7,3235,2,7200,1.00216383308
557731,557743,561192,12,3449,2,7200,1.00347926935
557797,557804,561404,7,3600,2,7200,1.00194444444
557879,557886,561311,7,3425,2,7200,1.00204379562
557924,557932,560996,8,3064,2,7200,1.00261096606
558248,558255,561727,7,3472,2,7200,1.00201612903
558629,558636,562250,7,3614,2,7200,1.00193691201
558656,558663,562042,7,3379,2,7200,1.00207161882
558714,558721,561929,7,3208,2,7200,1.00218204489
559097,559105,562459,8,3354,2,7200,1.00238521169
559379,559385,562687,6,3302,2,7200,1.00181708056
559415,559422,562746,7,3324,2,7200,1.00210589651
559430,559437,562737,7,3300,2,7200,1.00212121212
559527,559534,563096,7,3562,2,7200,1.0019651881
559718,559726,563528,8,3802,2,7200,1.00210415571
559733,559740,563253,7,3513,2,7200,1.00199259892
559931,559937,563549,6,3612,2,7200,1.00166112957
559997,560005,563274,8,3269,2,7200,1.00244723157
560076,560082,563385,6,3303,2,7200,1.00181653043
560112,560119,563344,7,3225,2,7200,1.00217054264
560203,560210,563567,7,3357,2,7200,1.00208519511
560270,560277,563767,7,3490,2,7200,1.00200573066
560318,560326,563764,8,3438,2,7200,1.00232693426
560472,560481,563814,9,3333,2,7200,1.00270027003
560536,560544,563926,8,3382,2,7200,1.00236546422
560538,560552,563954,14,3402,2,7200,1.00411522634
560571,560578,564068,7,3490,2,7200,1.00200573066
560586,560594,563988,8,3394,2,7200,1.00235710077
560765,560773,564153,8,3380,2,7200,1.00236686391
560801,560808,564287,7,3479,2,7200,1.00201207243
560819,560827,564070,8,3243,2,7200,1.00246685168
560946,560954,564196,8,3242,2,7200,1.00246761258
560970,560977,564629,7,3652,2,7200,1.00191675794
560997,561005,564591,8,3586,2,7200,1.00223089794
561045,561052,564493,7,3441,2,7200,1.00203429236
561060,561067,564481,7,3414,2,7200,1.00205038079
561087,561094,564814,7,3720,2,7200,1.00188172043
561114,561121,564747,7,3626,2,7200,1.00193050193
561150,561159,564437,9,3278,2,7200,1.00274557657
561165,561172,564722,7,3550,2,7200,1.00197183099
561180,561188,564302,8,3114,2,7200,1.00256904303
561195,561203,564521,8,3318,2,7200,1.00241109102
561313,561320,564905,7,3585,2,7200,1.0019525802
561352,561359,564981,7,3622,2,7200,1.0019326339
561404,561412,564872,8,3460,2,7200,1.00231213873
561727,561735,565018,8,3283,2,7200,1.00243679561
561931,561939,565220,8,3281,2,7200,1.00243828101
562043,562051,565280,8,3229,2,7200,1.00247754723
562252,562260,565510,8,3250,2,7200,1.00246153846
562461,562469,565835,8,3366,2,7200,1.00237670826
562688,562695,566472,7,3777,2,7200,1.00185332274
562736,562744,566558,8,3814,2,7200,1.0020975354
562751,562758,566010,7,3252,2,7200,1.00215252153
563098,563106,566375,8,3269,2,7200,1.00244723157
563255,563263,566677,8,3414,2,7200,1.00234329233
563273,563281,566704,8,3423,2,7200,1.00233713117
563346,563353,566661,7,3308,2,7200,1.00211608222
563388,563395,566352,7,2957,2,7200,1.00236726412
563527,563535,566994,8,3459,2,7200,1.00231280717
563552,563559,566898,7,3339,2,7200,1.00209643606
563569,563577,567026,8,3449,2,7200,1.0023195129
563764,563771,567198,7,3427,2,7200,1.00204260286
563779,563786,566998,7,3212,2,7200,1.00217932752
563815,563822,566950,7,3128,2,7200,1.00223785166
563927,563934,567021,7,3087,2,7200,1.0022675737
563954,563961,567339,7,3378,2,7200,1.00207223209
563990,563996,567457,6,3461,2,7200,1.001733603
564069,564076,567434,7,3358,2,7200,1.00208457415
564071,564083,567739,12,3656,2,7200,1.00328227571
564155,564162,567500,7,3338,2,7200,1.00209706411
564197,564205,567810,8,3605,2,7200,1.00221914008
564289,564296,567900,7,3604,2,7200,1.00194228635
564304,564310,567993,6,3683,2,7200,1.00162910671
564437,564443,567991,6,3548,2,7200,1.00169109357
564482,564488,568089,6,3601,2,7200,1.00166620383
564497,564503,567656,6,3153,2,7200,1.00190294957
564518,564524,568028,6,3504,2,7200,1.00171232877
564591,564599,568146,8,3547,2,7200,1.00225542712
564631,564638,567962,7,3324,2,7200,1.00210589651
564725,564732,568034,7,3302,2,7200,1.00211992732
564749,564756,568033,7,3277,2,7200,1.00213610009
564815,564822,568310,7,3488,2,7200,1.00200688073
564873,564880,568274,7,3394,2,7200,1.00206246317
564906,564913,568262,7,3349,2,7200,1.00209017617
564982,564989,568308,7,3319,2,7200,1.002109069
565018,565024,568239,6,3215,2,7200,1.00186625194
565221,565229,568684,8,3455,2,7200,1.0023154848
565282,565289,568767,7,3478,2,7200,1.00201265095
565510,565517,568893,7,3376,2,7200,1.00207345972
565837,565844,569244,7,3400,2,7200,1.00205882353
566012,566019,569360,7,3341,2,7200,1.00209518108
566354,566362,569830,8,3468,2,7200,1.00230680507
566375,566382,569769,7,3387,2,7200,1.00206672572
566472,566480,569667,8,3187,2,7200,1.00251019768
566560,566567,569803,7,3236,2,7200,1.0021631644
566663,566670,569917,7,3247,2,7200,1.00215583616
566678,566685,570179,7,3494,2,7200,1.00200343446
566705,566712,569960,7,3248,2,7200,1.00215517241
566899,566906,570503,7,3597,2,7200,1.00194606617
566953,566961,570469,8,3508,2,7200,1.00228050171
566995,567003,570471,8,3468,2,7200,1.00230680507
567010,567018,570475,8,3457,2,7200,1.00231414521
567025,567033,570592,8,3559,2,7200,1.00224782242
567040,567048,570218,8,3170,2,7200,1.00252365931
567201,567209,570427,8,3218,2,7200,1.00248601616
567340,567348,570950,8,3602,2,7200,1.00222098834
567433,567441,567450,8,9,1,43200,1.7
567435,567449,571058,14,3609,2,7200,1.00387919091
567459,567466,570948,7,3482,2,7200,1.00201033889
567501,567509,570628,8,3119,2,7200,1.00256492466
567656,567664,571130,8,3466,2,7200,1.00230813618
567738,567745,571020,7,3275,2,7200,1.00213740458
567811,567819,571366,8,3547,2,7200,1.00225542712
567898,567907,571434,9,3527,2,7200,1.00255174369
567962,567969,571154,7,3185,2,7200,1.0021978022
567992,568000,571411,8,3411,2,7200,1.00234535327
567994,568005,571335,11,3330,2,7200,1.0033033033
568031,568038,571636,7,3598,2,7200,1.00194552529
568046,568053,571397,7,3344,2,7200,1.00209330144
568047,568061,571396,14,3335,2,7200,1.00419790105
568090,568097,571436,7,3339,2,7200,1.00209643606
568147,568155,571435,8,3280,2,7200,1.00243902439
568184,569684,571723,1500,2039,1,43200,1.73565473271
568238,568246,571780,8,3534,2,7200,1.00226372383
568263,568270,571867,7,3597,2,7200,1.00194606617
568278,568285,571539,7,3254,2,7200,1.00215119852
568309,568317,571453,8,3136,2,7200,1.00255102041
568324,568331,571514,7,3183,2,7200,1.00219918316
568684,568692,572122,8,3430,2,7200,1.00233236152
568767,568774,572087,7,3313,2,7200,1.00211288862
568894,568901,572261,7,3360,2,7200,1.00208333333
569021,569028,571106,7,2078,1,3600,1.00336862368
569245,569253,572887,8,3634,2,7200,1.00220143093
569361,569368,572743,7,3375,2,7200,1.00207407407
569668,569675,573591,7,3916,2,7200,1.0017875383
569768,569775,573255,7,3480,2,7200,1.00201149425
569804,569812,572894,8,3082,2,7200,1.00259571707
569832,569838,573161,6,3323,2,7200,1.00180559735
569919,569926,573644,7,3718,2,7200,1.00188273265
569961,569969,573147,8,3178,2,7200,1.00251730648
570182,570189,573608,7,3419,2,7200,1.00204738228
570218,570225,573581,7,3356,2,7200,1.00208581645
570428,570435,573672,7,3237,2,7200,1.00216249614
570470,570476,574083,6,3607,2,7200,1.00166343222
570472,570484,573707,12,3223,2,7200,1.00372323922
570487,570494,573739,7,3245,2,7200,1.00215716487
570502,570508,573965,6,3457,2,7200,1.00173560891
570593,570599,573873,6,3274,2,7200,1.00183262065
570629,570636,573932,7,3296,2,7200,1.00212378641
570947,570954,574437,7,3483,2,7200,1.0020097617
570962,570969,574518,7,3549,2,7200,1.00197238659
571022,571029,574169,7,3140,2,7200,1.00222929936
571061,571068,574383,7,3315,2,7200,1.00211161388
571108,571116,571904,8,788,1,3600,1.01015228426
571131,571138,574443,7,3305,2,7200,1.00211800303
571155,571162,574786,7,3624,2,7200,1.00193156733
571333,571341,574824,8,3483,2,7200,1.00229687051
571367,571374,575105,7,3731,2,7200,1.00187617261
571397,571404,575086,7,3682,2,7200,1.00190114068
571398,571412,574848,14,3436,2,7200,1.00407450524
571413,571420,574926,7,3506,2,7200,1.0019965773
571431,571439,574866,8,3427,2,7200,1.00233440327
571446,571453,574601,7,3148,2,7200,1.00222363405
571447,571461,574725,14,3264,2,7200,1.00428921569
571462,571471,574870,9,3399,2,7200,1.0026478376
571517,571525,574919,8,3394,2,7200,1.00235710077
571541,571548,575042,7,3494,2,7200,1.00200343446
571637,571644,575150,7,3506,2,7200,1.0019965773
571780,571788,575220,8,3432,2,7200,1.00233100233
571865,571873,575518,8,3645,2,7200,1.00219478738
571908,571916,575657,8,3741,12,3600,1.00213846565
572087,572095,575515,8,3420,2,7200,1.00233918129
572123,572130,575601,7,3471,2,7200,1.00201670988
572260,572268,575928,8,3660,2,7200,1.00218579235
572745,572753,575723,8,2970,2,7200,1.00269360269
572889,572897,576155,8,3258,2,7200,1.00245549417
572904,572912,576219,8,3307,2,7200,1.00241911098
573148,573156,576884,8,3728,2,7200,1.00214592275
573163,573170,576881,7,3711,2,7200,1.00188628402
573258,573266,576307,8,3041,2,7200,1.00263071358
573582,573590,576659,8,3069,2,7200,1.00260671228
573596,573604,577108,8,3504,2,7200,1.00228310502
573611,573619,577181,8,3562,2,7200,1.00224592925
573643,573651,577040,8,3389,2,7200,1.00236057834
573670,573677,576622,7,2945,2,7200,1.00237691002
573706,573714,576954,8,3240,2,7200,1.0024691358
573739,573747,577161,8,3414,2,7200,1.00234329233
573873,573879,577245,6,3366,2,7200,1.00178253119
573934,573941,577319,7,3378,2,7200,1.00207223209
573966,573973,577480,7,3507,2,7200,1.00199600798
574084,574091,577456,7,3365,2,7200,1.00208023774
574168,574176,577414,8,3238,2,7200,1.0024706609
574385,574393,577930,8,3537,2,7200,1.00226180379
574437,574445,577662,8,3217,2,7200,1.00248678893
574452,574459,577687,7,3228,2,7200,1.0021685254
574518,574526,577973,8,3447,2,7200,1.00232085872
574601,574608,578051,7,3443,2,7200,1.00203311066
574725,574732,578163,7,3431,2,7200,1.00204022151
574786,574793,578171,7,3378,2,7200,1.00207223209
574825,574832,578337,7,3505,2,7200,1.00199714693
574851,574858,578342,7,3484,2,7200,1.00200918485
574866,574873,578252,7,3379,2,7200,1.00207161882
574882,574889,578330,7,3441,2,7200,1.00203429236
574919,574926,578346,7,3420,2,7200,1.00204678363
574934,574941,578523,7,3582,2,7200,1.00195421552
575043,575050,578344,7,3294,2,7200,1.0021250759
575087,575093,578553,6,3460,2,7200,1.00173410405
575105,575112,578458,7,3346,2,7200,1.00209205021
575151,575158,578625,7,3467,2,7200,1.00201903663
575221,575227,578560,6,3333,2,7200,1.00180018002
575515,575522,578485,7,2963,2,7200,1.00236247047
575530,575537,578898,7,3361,2,7200,1.00208271348
575600,575606,579181,6,3575,2,7200,1.00167832168
575725,575731,579289,6,3558,2,7200,1.00168634064
575928,575935,579314,7,3379,2,7200,1.00207161882
576155,576161,579520,6,3359,2,7200,1.00178624591
576219,576226,579582,7,3356,2,7200,1.00208581645
576305,576312,576450,7,138,12,3600,1.05072463768
576308,576319,579638,11,3319,2,7200,1.00331425128
576451,576460,576462,9,2,12,3600,1.1
576464,576472,576887,8,415,1,3600,1.01927710843
576623,576630,579902,7,3272,2,7200,1.0021393643
576660,576666,579866,6,3200,2,7200,1.001875
576883,576889,580288,6,3399,2,7200,1.00176522507
576884,576897,580198,13,3301,2,7200,1.00393820055
576890,576903,579220,13,2317,12,3600,1.0056107035
576954,576961,580637,7,3676,2,7200,1.00190424374
577039,577045,580410,6,3365,2,7200,1.00178306092
577109,577116,580726,7,3610,2,7200,1.00193905817
577160,577167,580486,7,3319,2,7200,1.002109069
577178,577185,580499,7,3314,2,7200,1.00211225106
577245,577252,580697,7,3445,2,7200,1.00203193033
577321,577329,580520,8,3191,2,7200,1.00250705108
577416,577423,580651,7,3228,2,7200,1.0021685254
577455,577463,580873,8,3410,2,7200,1.00234604106
577480,577487,580615,7,3128,2,7200,1.00223785166
577661,577669,580935,8,3266,2,7200,1.00244947949
577685,577693,580955,8,3262,2,7200,1.00245248314
577931,577938,581367,7,3429,2,7200,1.00204141149
577973,577980,581535,7,3555,2,7200,1.00196905767
578052,578060,581461,8,3401,2,7200,1.00235224934
578164,578171,581571,7,3400,2,7200,1.00205882353
578179,578186,581397,7,3211,2,7200,1.00218000623
578255,578262,581846,7,3584,2,7200,1.001953125
578331,578338,581821,7,3483,2,7200,1.0020097617
578346,578353,581522,7,3169,2,7200,1.00220889871
578347,578362,581821,15,3459,2,7200,1.00433651344
578349,578367,581809,18,3442,2,7200,1.00522951772
578350,578373,581860,23,3487,2,7200,1.00659592773
578459,578467,581782,8,3315,2,7200,1.002413273
578486,578494,582176,8,3682,2,7200,1.00217273221
578523,578530,582109,7,3579,2,7200,1.00195585359
578553,578561,581781,8,3220,2,7200,1.00248447205
578569,578576,582029,7,3453,2,7200,1.0020272227
578624,578632,581712,8,3080,2,7200,1.0025974026
578899,578906,582209,7,3303,2,7200,1.0021192855
579183,579191,582370,8,3179,2,7200,1.00251651463
579289,579296,582592,7,3296,2,7200,1.00212378641
579313,579321,582625,8,3304,2,7200,1.00242130751
579520,579529,582745,9,3216,2,7200,1.00279850746
579584,579593,582975,9,3382,2,7200,1.00266114725
579640,579647,583228,7,3581,2,7200,1.00195476124
579867,579876,583128,9,3252,2,7200,1.00276752768
579903,579912,583212,9,3300,2,7200,1.00272727273
580198,580205,583850,7,3645,2,7200,1.00192043896
580286,580293,583702,7,3409,2,7200,1.00205338809
580410,580418,583779,8,3361,2,7200,1.00238024398
580485,580494,584183,9,3689,2,7200,1.00243968555
580494,581385,647836,891,66451,4,108000,1.0134083761
580500,580507,583821,7,3314,2,7200,1.00211225106
580521,580528,583746,7,3218,2,7200,1.00217526414
580575,581390,613753,815,32363,4,108000,1.02518307944
580615,580622,584101,7,3479,2,7200,1.00201207243
580637,580644,584035,7,3391,2,7200,1.00206428782
580653,580661,584365,8,3704,2,7200,1.00215982721
580698,580705,584179,7,3474,2,7200,1.00201496834
580729,580736,584065,7,3329,2,7200,1.00210273355
580872,580879,584421,7,3542,2,7200,1.00197628458
580936,580943,584290,7,3347,2,7200,1.00209142516
580957,580964,584499,7,3535,2,7200,1.00198019802
581369,581377,584987,8,3610,2,7200,1.00221606648
581387,581397,628520,10,47123,4,108000,1.0002122106
581391,581403,677405,12,96002,4,108000,1.0001249974
581400,581416,584509,16,3093,2,7200,1.00517297123
581401,581411,642226,10,60815,4,108000,1.00016443312
581463,581469,585134,6,3665,2,7200,1.00163710778
581524,581531,585080,7,3549,2,7200,1.00197238659
581539,581545,584994,6,3449,2,7200,1.00173963468
581572,581579,584792,7,3213,2,7200,1.00217864924
581601,581608,582663,7,1055,2,108000,1.00663507109
581714,581721,585109,7,3388,2,7200,1.0020661157
581720,581728,590788,8,9060,18,21600,1.00088300221
581781,581788,585453,7,3665,2,7200,1.00190995907
581796,581805,585133,9,3328,2,7200,1.00270432692
581810,581818,585067,8,3249,2,7200,1.00246229609
581826,581833,585453,7,3620,2,7200,1.00193370166
581827,581841,585187,14,3346,2,7200,1.00418410042
581849,581856,585292,7,3436,2,7200,1.00203725262
581865,581872,585105,7,3233,2,7200,1.00216517167
582032,582039,585057,7,3018,2,7200,1.00231941683
582061,582068,582113,7,45,1,36000,1.15555555556
582108,582114,585526,6,3412,2,7200,1.00175849941
582175,582182,585431,7,3249,2,7200,1.00215450908
582211,582218,585736,7,3518,2,7200,1.00198976691
582372,582379,585820,7,3441,2,7200,1.00203429236
582593,582600,585935,7,3335,2,7200,1.00209895052
582626,582633,586122,7,3489,2,7200,1.00200630553
582747,582754,586226,7,3472,2,7200,1.00201612903
582869,582876,582915,7,39,1,36000,1.17948717949
582976,582983,586387,7,3404,2,7200,1.00205640423
583104,583111,583192,7,81,1,36000,1.08641975309
583130,583137,586504,7,3367,2,7200,1.00207900208
583215,583222,586494,7,3272,2,7200,1.0021393643
583230,583237,586470,7,3233,2,7200,1.00216517167
583261,583268,583403,7,135,1,36000,1.05185185185
583331,583338,583477,7,139,1,36000,1.05035971223
583705,583713,586914,8,3201,2,7200,1.00249921899
583746,583754,586984,8,3230,2,7200,1.00247678019
583761,583768,585752,7,1984,12,3600,1.00352822581
583780,583787,587199,7,3412,2,7200,1.00205158265
583823,583831,587059,8,3228,2,7200,1.00247831475
583850,583857,587087,7,3230,2,7200,1.00216718266
583990,583997,672583,7,88586,4,108000,1.00007901926
583997,584005,642330,8,58325,4,108000,1.00013716245
584035,584043,587164,8,3121,2,7200,1.002563281
584065,584073,587172,8,3099,2,7200,1.0025814779
584101,584109,587206,8,3097,2,7200,1.00258314498
584149,584156,654338,7,70182,4,108000,1.00009974067
584156,584163,663298,7,79135,4,108000,1.00008845644
584180,584187,587728,7,3541,2,7200,1.0019768427
584182,584195,587701,13,3506,2,7200,1.00370792926
584288,584296,587445,8,3149,2,7200,1.00254048904
584296,584304,656329,8,72025,4,108000,1.00011107254
584303,584311,685171,8,100860,4,108000,1.00007931787
584368,584376,587491,8,3115,2,7200,1.0025682183
584405,584413,692420,8,108007,4,108000,1.00007406927
584411,584421,650828,10,66407,4,108000,1.00015058653
584422,584429,587686,7,3257,2,7200,1.00214921707
584498,584505,587646,7,3141,2,7200,1.00222858962
584513,584521,588200,8,3679,2,7200,1.00217450394
584793,584800,588083,7,3283,2,7200,1.00213219616
584988,584996,588242,8,3246,2,7200,1.00246457178
585004,585011,588417,7,3406,2,7200,1.00205519671
585059,585067,588465,8,3398,2,7200,1.00235432607
585074,585082,588590,8,3508,2,7200,1.00228050171
585089,585096,588836,7,3740,2,7200,1.00187165775
585107,585115,588383,8,3268,2,7200,1.00244798042
585122,585130,588520,8,3390,2,7200,1.00235988201
585137,585144,588608,7,3464,2,7200,1.00202078522
585138,585152,588623,14,3471,2,7200,1.00403341976
585188,585196,588236,8,3040,2,7200,1.00263157895
585294,585302,588752,8,3450,2,7200,1.00231884058
585433,585440,588859,7,3419,2,7200,1.00204738228
585454,585462,588821,8,3359,2,7200,1.00238166121
585455,585470,588729,15,3259,2,7200,1.00460263885
585528,585535,589012,7,3477,2,7200,1.0020132298
585737,585745,589294,8,3549,2,7200,1.0022541561
585819,585827,588945,8,3118,2,7200,1.00256574727
585937,585945,589469,8,3524,2,7200,1.00227014756
586122,586129,589658,7,3529,2,7200,1.00198356475
586199,586207,607856,8,21649,18,21600,1.00036953208
586228,586235,589794,7,3559,2,7200,1.00196684462
586389,586397,589738,8,3341,2,7200,1.00239449267
586471,586478,589605,7,3127,2,7200,1.00223856732
586495,586502,589633,7,3131,2,7200,1.00223570744
586510,586520,589620,10,3100,2,7200,1.00322580645
586916,586924,590411,8,3487,2,7200,1.00229423573
586986,586993,590153,7,3160,2,7200,1.00221518987
587059,587066,590309,7,3243,2,7200,1.00215849522
587089,587096,590408,7,3312,2,7200,1.00211352657
587165,587172,590462,7,3290,2,7200,1.00212765957
587180,587187,590495,7,3308,2,7200,1.00211608222
587201,587208,590362,7,3154,2,7200,1.00221940393
587216,587224,590818,8,3594,2,7200,1.00222593211
587446,587455,590674,9,3219,2,7200,1.00279589935
587489,587496,591063,7,3567,2,7200,1.00196243342
587647,587655,591180,8,3525,2,7200,1.00226950355
587687,587694,590945,7,3251,2,7200,1.00215318364
587702,587709,591083,7,3374,2,7200,1.0020746888
587731,587739,591445,8,3706,2,7200,1.00215866163
588084,588091,591432,7,3341,2,7200,1.00209518108
588200,588207,591949,7,3742,2,7200,1.0018706574
588237,588244,591341,7,3097,2,7200,1.00226025186
588252,588261,591668,9,3407,2,7200,1.00264162019
588351,631975,750069,43624,118094,6,356400,1.36940064694
588386,588393,591813,7,3420,2,7200,1.00204678363
588419,588426,591994,7,3568,2,7200,1.00196188341
588467,588475,591816,8,3341,2,7200,1.00239449267
588519,588527,591904,8,3377,2,7200,1.00236896654
588593,588601,591985,8,3384,2,7200,1.00236406619
588611,588618,591992,7,3374,2,7200,1.0020746888
588626,588634,592035,8,3401,2,7200,1.00235224934
588728,588736,592029,8,3293,2,7200,1.00242939569
588754,588761,592125,7,3364,2,7200,1.00208085612
588823,588830,592166,7,3336,2,7200,1.00209832134
588838,588846,591994,8,3148,2,7200,1.00254129606
588859,588867,591994,8,3127,2,7200,1.00255836265
588947,588954,592423,7,3469,2,7200,1.00201787259
589014,589022,592423,8,3401,2,7200,1.00235224934
589294,589303,592796,9,3493,2,7200,1.00257658173
589471,589479,593179,8,3700,2,7200,1.00216216216
589607,589615,592901,8,3286,2,7200,1.00243457091
589622,589629,592901,7,3272,2,7200,1.0021393643
589637,589644,592763,7,3119,2,7200,1.00224430907
589658,589666,593291,8,3625,2,7200,1.00220689655
589740,589748,593052,8,3304,2,7200,1.00242130751
589795,589803,593339,8,3536,2,7200,1.00226244344
590154,590161,593089,7,2928,2,7200,1.00239071038
590311,590319,593524,8,3205,2,7200,1.00249609984
590363,590371,593715,8,3344,2,7200,1.0023923445
590409,590416,594013,7,3597,2,7200,1.00194606617
590424,590431,593790,7,3359,2,7200,1.00208395356
590463,590470,593889,7,3419,2,7200,1.00204738228
590497,590504,593862,7,3358,2,7200,1.00208457415
590674,590682,594096,8,3414,2,7200,1.00234329233
590819,590826,594088,7,3262,2,7200,1.00214592275
590945,590952,594260,7,3308,2,7200,1.00211608222
591065,591072,594230,7,3158,2,7200,1.00221659278
591083,591091,594574,8,3483,2,7200,1.00229687051
591180,591188,594814,8,3626,2,7200,1.00220628792
591342,591349,594550,7,3201,2,7200,1.00218681662
591434,591442,595092,8,3650,2,7200,1.00219178082
591450,591458,594774,8,3316,2,7200,1.00241254524
591557,591564,591566,7,2,2,3540,1.0
591671,591678,595169,7,3491,2,7200,1.00200515612
591815,591822,595195,7,3373,2,7200,1.00207530388
591816,591830,595281,14,3451,2,7200,1.00405679513
591907,591914,595366,7,3452,2,7200,1.00202780997
591950,591957,595256,7,3299,2,7200,1.00212185511
591987,591994,595193,7,3199,2,7200,1.00218818381
592002,592012,595207,10,3195,2,7200,1.00312989045
592003,592017,595400,14,3383,2,7200,1.00413833875
592005,592023,595459,18,3436,2,7200,1.00523864959
592006,592031,595489,25,3458,2,7200,1.00722961249
592030,592038,595683,8,3645,2,7200,1.00219478738
592045,592052,595733,7,3681,2,7200,1.00190165716
592124,592132,595369,8,3237,2,7200,1.00247142416
592167,592174,595651,7,3477,2,7200,1.0020132298
592425,592434,596038,9,3604,2,7200,1.00249722531
592427,592439,595731,12,3292,2,7200,1.00364520049
592764,592771,596170,7,3399,2,7200,1.00205942924
592798,592806,596447,8,3641,2,7200,1.00219719857
592851,592859,598946,8,6087,18,36000,1.00131427633
592901,592908,596178,7,3270,2,7200,1.00214067278
592903,592916,596437,13,3521,2,7200,1.00369213292
593026,631980,764889,38954,132909,6,356400,1.29308775177
593055,593062,596873,7,3811,2,7200,1.00183678824
593091,593098,596486,7,3388,2,7200,1.0020661157
593179,593187,596859,8,3672,2,7200,1.00217864924
593292,593300,596910,8,3610,2,7200,1.00221606648
593341,593348,596748,7,3400,2,7200,1.00205882353
593525,593534,597171,9,3637,2,7200,1.00247456695
593718,593726,597317,8,3591,2,7200,1.0022277917
593792,593799,597240,7,3441,2,7200,1.00203429236
593865,593873,597295,8,3422,2,7200,1.00233781414
593889,593897,597259,8,3362,2,7200,1.00237953599
594014,594022,597359,8,3337,2,7200,1.0023973629
594089,594096,597535,7,3439,2,7200,1.00203547543
594104,594112,597545,8,3433,2,7200,1.00233032333
594231,594239,597581,8,3342,2,7200,1.00239377618
594260,594268,597966,8,3698,2,7200,1.00216333153
594552,594559,597949,7,3390,2,7200,1.00206489676
594576,594584,598040,8,3456,2,7200,1.00231481481
594590,594599,595709,9,1110,6,3600,1.00810810811
594773,594780,598085,7,3305,2,7200,1.00211800303
594815,594823,598286,8,3463,2,7200,1.00231013572
595094,595101,598473,7,3372,2,7200,1.00207591934
595169,595177,598453,8,3276,2,7200,1.00244200244
595193,595200,598934,7,3734,2,7200,1.00187466524
595208,595215,598699,7,3484,2,7200,1.00200918485
595209,595223,598804,14,3581,2,7200,1.00390952248
595255,595262,598636,7,3374,2,7200,1.0020746888
595282,595290,598713,8,3423,2,7200,1.00233713117
595368,595376,598989,8,3613,2,7200,1.0022142264
595383,595390,598653,7,3263,2,7200,1.00214526509
595402,595409,598990,7,3581,2,7200,1.00195476124
595457,595464,598914,7,3450,2,7200,1.00202898551
595491,595499,598922,8,3423,2,7200,1.00233713117
595653,595661,599351,8,3690,2,7200,1.00216802168
595684,595691,599364,7,3673,2,7200,1.00190579907
595731,595740,598921,9,3181,2,7200,1.00282929896
595746,595755,599307,9,3552,2,7200,1.00253378378
596038,596046,599168,8,3122,2,7200,1.00256245996
596089,596096,624946,7,28850,1,28800,1.00024263432
596170,596177,599625,7,3448,2,7200,1.00203016241
596185,596193,599441,8,3248,2,7200,1.00246305419
596439,596447,599825,8,3378,2,7200,1.00236826525
596454,596462,599800,8,3338,2,7200,1.0023966447
596487,596494,600105,7,3611,2,7200,1.00193852119
596741,596748,604151,7,7403,1,46800,1.00094556261
596749,596756,600162,7,3406,2,7200,1.00205519671
596861,596869,600652,8,3783,2,7200,1.00211472376
596876,596884,599985,8,3101,2,7200,1.00257981296
596912,596920,600068,8,3148,2,7200,1.00254129606
597173,597181,600534,8,3353,2,7200,1.00238592305
597240,597247,600710,7,3463,2,7200,1.00202136876
597261,597268,600889,7,3621,2,7200,1.00193316763
597294,597303,600814,9,3511,2,7200,1.00256337226
597320,597327,600777,7,3450,2,7200,1.00202898551
597359,597367,600724,8,3357,2,7200,1.00238308013
597535,597543,600796,8,3253,2,7200,1.00245926837
597550,597558,601000,8,3442,2,7200,1.0023242301
597583,597591,600919,8,3328,2,7200,1.00240384615
597950,597958,601539,8,3581,2,7200,1.00223401285
597968,597975,601351,7,3376,2,7200,1.00207345972
598041,598049,601418,8,3369,2,7200,1.00237459187
598086,598094,601412,8,3318,2,7200,1.00241109102
598286,598294,601487,8,3193,2,7200,1.00250548074
598456,598463,601903,7,3440,2,7200,1.00203488372
598474,598481,601715,7,3234,2,7200,1.00216450216
598637,598645,602108,8,3463,2,7200,1.00231013572
598655,598662,602021,7,3359,2,7200,1.00208395356
598701,598708,602019,7,3311,2,7200,1.0021141649
598715,598724,602219,9,3495,2,7200,1.0025751073
598803,598813,602366,10,3553,2,7200,1.00281452294
598916,598923,602129,7,3206,2,7200,1.00218340611
598931,598939,602265,8,3326,2,7200,1.00240529164
598933,598944,602247,11,3303,2,7200,1.00333030578
598947,598955,602387,8,3432,2,7200,1.00233100233
598987,598994,602205,7,3211,2,7200,1.00218000623
599001,599010,602351,9,3341,2,7200,1.00269380425
599169,599177,602716,8,3539,2,7200,1.00226052557
599309,599316,602543,7,3227,2,7200,1.0021691974
599351,599359,602671,8,3312,2,7200,1.00241545894
599366,599373,602299,7,2926,2,7200,1.0023923445
599442,599450,602884,8,3434,2,7200,1.00232964473
599626,599633,602849,7,3216,2,7200,1.00217661692
599802,599809,602990,7,3181,2,7200,1.00220056586
599826,599833,603372,7,3539,2,7200,1.00197795988
599986,599993,603519,7,3526,2,7200,1.00198525241
600068,600076,603189,8,3113,2,7200,1.00256986829
600107,600115,603352,8,3237,2,7200,1.00247142416
600162,600169,603676,7,3507,2,7200,1.00199600798
600535,600543,604060,8,3517,2,7200,1.00227466591
600597,600605,603778,8,3173,2,7200,1.00252127324
600598,600614,604114,16,3500,2,7200,1.00457142857
600599,600619,603807,20,3188,2,7200,1.00627352572
600601,600624,604184,23,3560,2,7200,1.00646067416
600602,600629,603932,27,3303,2,7200,1.00817438692
600603,600634,603868,31,3234,2,7200,1.00958565244
600605,600640,604196,35,3556,2,7200,1.00984251969
600606,600645,603931,39,3286,2,7200,1.01186853317
600608,600653,603734,45,3081,2,7200,1.01460564752
600609,600658,604217,49,3559,2,7200,1.01376791233
600610,600664,603949,54,3285,2,7200,1.01643835616
600612,600669,604027,57,3358,2,7200,1.01697438952
600613,600674,603924,61,3250,2,7200,1.01876923077
600614,600679,604200,65,3521,2,7200,1.01846066458
600615,600684,603807,69,3123,2,7200,1.02209414025
600617,600690,603912,73,3222,2,7200,1.02265673495
600618,600695,603881,77,3186,2,7200,1.02416823603
600619,600700,603992,81,3292,2,7200,1.02460510328
600621,600705,604245,84,3540,2,7200,1.02372881356
600622,600711,603860,89,3149,2,7200,1.02826294062
600623,600716,603940,93,3224,2,7200,1.02884615385
600625,600721,604177,96,3456,2,7200,1.02777777778
600626,600726,603814,100,3088,2,7200,1.03238341969
600628,600732,604077,104,3345,2,7200,1.03109118087
600629,600737,604112,108,3375,2,7200,1.032
600630,600742,604080,112,3338,2,7200,1.03355302576
600632,600747,604213,115,3466,2,7200,1.03317945759
600633,600752,604098,119,3346,2,7200,1.03556485356
600634,600758,603853,124,3095,2,7200,1.04006462036
600636,600763,603952,127,3189,2,7200,1.03982439636
600637,600768,604332,131,3564,2,7200,1.03675645342
600638,600773,604136,135,3363,2,7200,1.04014272971
600640,600779,604103,139,3324,2,7200,1.04181708785
600641,600784,604145,143,3361,2,7200,1.04254686105
600642,600789,604299,147,3510,2,7200,1.04188034188
600643,600794,603991,151,3197,2,7200,1.04723177979
600645,600799,604251,154,3452,2,7200,1.04461181924
600646,600809,604100,163,3291,2,7200,1.04952901854
600648,600814,604234,166,3420,2,7200,1.0485380117
600649,600819,604158,170,3339,2,7200,1.05091344714
600650,600824,604081,174,3257,2,7200,1.05342339576
600652,600829,604547,177,3718,2,7200,1.04760623991
600653,600835,604116,182,3281,2,7200,1.05547089302
600654,600840,604367,186,3527,2,7200,1.05273603629
600656,600845,604223,189,3378,2,7200,1.05595026643
600657,600850,604442,193,3592,2,7200,1.05373051225
600658,600856,604161,198,3305,2,7200,1.05990922844
600660,600861,604166,201,3305,2,7200,1.06081694402
600661,600866,604458,205,3592,2,7200,1.05707126949
600662,600871,604238,209,3367,2,7200,1.06207306207
600663,600876,604633,213,3757,2,7200,1.05669417088
600665,600887,604364,222,3477,2,7200,1.06384814495
600666,600892,604220,226,3328,2,7200,1.06790865385
600667,600897,604398,230,3501,2,7200,1.06569551557
600669,600902,604266,233,3364,2,7200,1.0692627824
600670,600912,604330,242,3418,2,7200,1.07080163839
600671,600917,604348,246,3431,2,7200,1.07169921306
600673,600922,604383,249,3461,2,7200,1.0719445247
600674,600933,604072,259,3139,2,7200,1.08251035362
600675,601013,604509,338,3496,2,7200,1.0966819222
600690,601364,604973,674,3609,2,7200,1.18675533389
600711,601424,604965,713,3541,2,7200,1.20135554928
600726,601432,604586,706,3154,2,7200,1.22384273938
600778,601500,604562,722,3062,2,7200,1.23579359895
600799,601552,604741,753,3189,2,7200,1.23612417686
600817,601728,605235,911,3507,2,7200,1.25976618192
600890,601916,605472,1026,3556,2,7200,1.2885264342
600920,602034,605402,1114,3368,2,7200,1.33076009501
601002,602039,605211,1037,3172,2,7200,1.32692307692
601353,602121,605559,768,3438,2,7200,1.22338568935
601413,602142,605545,729,3403,2,7200,1.21422274464
601428,602218,605520,790,3302,2,7200,1.23924894004
601489,602233,605683,744,3450,2,7200,1.21565217391
601537,602260,605818,723,3558,2,7200,1.20320404722
601716,602279,605606,563,3327,2,7200,1.16922152089
601905,602312,605699,407,3387,2,7200,1.12016533806
602021,602364,605855,343,3491,2,7200,1.09825264967
602022,602379,605692,357,3313,2,7200,1.10775731965
602110,602400,605607,290,3207,2,7200,1.09042719052
602131,602557,605925,426,3368,2,7200,1.12648456057
602207,602685,606072,478,3387,2,7200,1.14112784175
602222,602729,606479,507,3750,2,7200,1.1352
602249,602862,605950,613,3088,2,7200,1.19851036269
602267,602897,605893,630,2996,2,7200,1.21028037383
602300,603003,606151,703,3148,2,7200,1.22331639136
602352,603202,606532,850,3330,2,7200,1.25525525526
602367,603365,606652,998,3287,2,7200,1.30362032248
602388,603385,606748,997,3363,2,7200,1.29646149271
602546,603532,607028,986,3496,2,7200,1.28203661327
602674,603689,607192,1015,3503,2,7200,1.28975164145
602717,603747,607007,1030,3260,2,7200,1.31595092025
602849,603791,607275,942,3484,2,7200,1.27037887486
602885,603823,607176,938,3353,2,7200,1.27974947808
602991,603828,607274,837,3446,2,7200,1.2428903076
603190,603836,607403,646,3567,2,7200,1.18110456967
603354,603865,607577,511,3712,2,7200,1.13766163793
603372,603875,607113,503,3238,2,7200,1.1553428042
603520,603883,607117,363,3234,2,7200,1.11224489796
603678,603894,607537,216,3643,2,7200,1.05929179248
603735,603924,607724,189,3800,2,7200,1.04973684211
603778,603938,607522,160,3584,2,7200,1.04464285714
603808,603946,607453,138,3507,2,7200,1.03934987169
603809,603952,607461,143,3509,2,7200,1.0407523511
603824,603960,607295,136,3335,2,7200,1.04077961019
603855,603968,607379,113,3411,2,7200,1.03312811492
603870,603973,607510,103,3537,2,7200,1.02912072378
603871,604004,607396,133,3392,2,7200,1.03920990566
603887,604013,607384,126,3371,2,7200,1.03737763275
603915,604041,607569,126,3528,2,7200,1.03571428571
603930,604074,607613,144,3539,2,7200,1.0406894603
603946,604085,607709,139,3624,2,7200,1.03835540839
603947,604092,607400,145,3308,2,7200,1.0438331318
603948,604098,607267,150,3169,2,7200,1.0473335437
603963,604107,607692,144,3585,2,7200,1.04016736402
603965,604116,607607,151,3491,2,7200,1.04325408192
603992,604121,607541,129,3420,2,7200,1.03771929825
603994,604130,607580,136,3450,2,7200,1.03942028986
604031,604135,607268,104,3133,2,7200,1.03319502075
604062,604140,607629,78,3489,2,7200,1.02235597592
604077,604145,607282,68,3137,2,7200,1.02167676124
604079,604154,607664,75,3510,2,7200,1.02136752137
604094,604162,607565,68,3403,2,7200,1.0199823685
604095,604172,607526,77,3354,2,7200,1.02295766249
604111,604182,607650,71,3468,2,7200,1.02047289504
604112,604190,607612,78,3422,2,7200,1.0227936879
604113,604195,607768,82,3573,2,7200,1.02294990204
604129,604205,607706,76,3501,2,7200,1.0217080834
604130,604210,607397,80,3187,2,7200,1.02510197678
604132,604219,607563,87,3344,2,7200,1.02601674641
604147,604224,607711,77,3487,2,7200,1.02208201893
604149,604233,607795,84,3562,2,7200,1.02358225716
604164,604238,607465,74,3227,2,7200,1.02293151534
604165,604247,607668,82,3421,2,7200,1.02396959953
604181,604252,607732,71,3480,2,7200,1.02040229885
604182,604261,607899,79,3638,2,7200,1.02171522815
604197,604266,607837,69,3571,2,7200,1.01932231868
604199,604271,607923,72,3652,2,7200,1.01971522453
604215,604279,607574,64,3295,2,7200,1.01942336874
604216,604285,607799,69,3514,2,7200,1.01963574274
604232,604314,607470,82,3156,2,7200,1.02598225602
604233,604344,607708,111,3364,2,7200,1.03299643282
604234,604353,607592,119,3239,2,7200,1.03673973449
604249,604362,607735,113,3373,2,7200,1.03350133412
604251,604377,607916,126,3539,2,7200,1.03560327776
604252,604386,607849,134,3463,2,7200,1.03869477332
604267,604397,607358,130,2961,2,7200,1.04390408646
604269,604412,607842,143,3430,2,7200,1.0416909621
604302,604456,607782,154,3326,2,7200,1.0463018641
604332,604471,607976,139,3505,2,7200,1.03965763195
604334,604522,607859,188,3337,2,7200,1.05633802817
604349,604560,608220,211,3660,2,7200,1.05765027322
604367,604575,607965,208,3390,2,7200,1.06135693215
604368,604600,607981,232,3381,2,7200,1.06861875185
604384,604647,607948,263,3301,2,7200,1.07967282642
604399,604756,608087,357,3331,2,7200,1.10717502252
604438,604978,608290,540,3312,2,7200,1.16304347826
604459,604987,608584,528,3597,2,7200,1.14678899083
604510,605226,608548,716,3322,2,7200,1.21553281156
604547,605250,608792,703,3542,2,7200,1.19847543761
604562,605418,608969,856,3551,2,7200,1.24105885666
604586,605487,608963,901,3476,2,7200,1.25920598389
604635,605535,608898,900,3363,2,7200,1.26761819804
604744,605559,609067,815,3508,2,7200,1.23232611174
