SubmitTime,StartTime,EndTime,QueuedTime,RunTime,NodesRequested,walltime,bslowdown
6,58,718,52,660,8,6000,1.07878787879
57,199,861,142,662,8,6000,1.21450151057
200,213,882,13,669,8,6000,1.01943198804
210,241,903,31,662,8,6000,1.04682779456
241,248,929,7,681,8,6000,1.01027900147
252,258,1072,6,814,8,6000,1.00737100737
262,268,1087,6,819,8,6000,1.00732600733
273,279,971,6,692,8,6000,1.00867052023
283,290,1126,7,836,8,6000,1.00837320574
294,300,1139,6,839,8,6000,1.00715137068
305,316,1151,11,835,8,6000,1.01317365269
315,341,1179,26,838,8,6000,1.03102625298
346,443,1118,97,675,8,6000,1.1437037037
448,599,2149,151,1550,8,6000,1.09741935484
600,629,1302,29,673,8,6000,1.04309063893
631,730,1412,99,682,8,6000,1.14516129032
733,872,1733,139,861,8,6000,1.16144018583
876,894,1560,18,666,8,6000,1.02702702703
896,914,1766,18,852,8,6000,1.02112676056
917,940,1784,23,844,8,6000,1.02725118483
938,982,1820,44,838,8,6000,1.05250596659
979,1083,1908,104,825,8,6000,1.12606060606
1081,1098,1930,17,832,8,6000,1.02043269231
1101,1129,1983,28,854,8,6000,1.03278688525
1132,1138,1805,6,667,8,6000,1.00899550225
1143,1150,1828,7,678,8,6000,1.01032448378
1154,1162,1819,8,657,8,6000,1.01217656012
1164,1190,2011,26,821,8,6000,1.03166869671
1195,1254,1938,59,684,8,6000,1.08625730994
1256,1313,2169,57,856,8,6000,1.06658878505
1318,1424,2205,106,781,8,6000,1.1357234315
1430,1572,2235,142,663,8,6000,1.21417797888
1572,1744,2414,172,670,8,6000,1.25671641791
1746,1778,4335,32,2557,5,14400,1.01251466562
1777,1784,4360,7,2576,5,14400,1.0027173913
1787,1795,4242,8,2447,5,14400,1.00326930936
1798,1816,4130,18,2314,5,14400,1.00777873812
1818,1825,4493,7,2668,5,14400,1.00262368816
1829,1835,4216,6,2381,5,14400,1.0025199496
1840,1846,4431,6,2585,5,14400,1.00232108317
1850,1856,4196,6,2340,5,14400,1.00256410256
1861,1867,1892,6,25,5,14400,1.24
1871,1880,4544,9,2664,5,14400,1.00337837838
1882,1903,4500,21,2597,5,14400,1.00808625337
1903,1920,4430,17,2510,5,14400,1.00677290837
1923,1941,4417,18,2476,5,14400,1.00726978998
1944,1950,4599,6,2649,5,14400,1.00226500566
1955,1961,4832,6,2871,5,14400,1.00208986416
1965,1994,4634,29,2640,5,14400,1.01098484848
1996,2002,4629,6,2627,5,14400,1.00228397411
2007,2021,4735,14,2714,5,14400,1.00515843773
2017,2028,4848,11,2820,5,14400,1.00390070922
2028,2034,3645,6,1611,5,14400,1.00372439479
2038,2160,4989,122,2829,5,14400,1.04312477907
2161,2167,4775,6,2608,5,14400,1.0023006135
2171,2180,4950,9,2770,5,14400,1.00324909747
2182,2217,4823,35,2606,5,14400,1.0134305449
2213,2223,4725,10,2502,5,14400,1.00399680256
2223,2246,5337,23,3091,5,14400,1.00744095762
2244,2426,4779,182,2353,5,14400,1.0773480663
2427,2433,5777,6,3344,5,14400,1.00179425837
2438,3059,5599,621,2540,5,14400,1.24448818898
3058,3656,6168,598,2512,5,14400,1.23805732484
3657,4141,6732,484,2591,5,14400,1.18680046314
4145,4207,6583,62,2376,5,14400,1.02609427609
4207,4227,6901,20,2674,5,14400,1.00747943156
4228,4253,6889,25,2636,5,14400,1.00948406677
4248,4347,6973,99,2626,5,14400,1.03769992384
4350,4371,7036,21,2665,5,14400,1.00787992495
4371,4428,7266,57,2838,5,14400,1.0200845666
4432,4441,6889,9,2448,5,14400,1.00367647059
4443,4449,5486,6,1037,5,14400,1.00578592093
4453,4504,7726,51,3222,5,14400,1.01582867784
4504,4511,8093,7,3582,5,14400,1.00195421552
4515,4555,7012,40,2457,5,14400,1.01628001628
4556,4611,7027,55,2416,5,14400,1.02276490066
4607,4640,6983,33,2343,5,14400,1.01408450704
4638,4646,7332,8,2686,5,14400,1.00297840655
4648,4737,7209,89,2472,5,14400,1.03600323625
4740,4746,7679,6,2933,5,14400,1.00204568701
4751,4786,7295,35,2509,5,14400,1.01394978079
4792,4798,7227,6,2429,5,14400,1.00247015233
4802,4834,8063,32,3229,5,14400,1.00991018891
4833,4843,7691,10,2848,5,14400,1.00351123596
4843,4859,4886,16,27,5,14400,1.59259259259
4864,4897,7299,33,2402,5,14400,1.01373855121
4895,4961,7259,66,2298,5,14400,1.02872062663
4966,5000,8046,34,3046,5,14400,1.01116217991
4997,5348,7894,351,2546,5,14400,1.137863315
5353,5497,8558,144,3061,5,14400,1.04704344985
5495,5611,8134,116,2523,5,14400,1.04597701149
5607,5789,8394,182,2605,5,14400,1.06986564299
5790,6101,8740,311,2639,5,14400,1.11784766957
6105,6111,9146,6,3035,5,14400,1.00197693575
6116,6122,8549,6,2427,5,14400,1.00247218789
6126,6132,6170,6,38,5,14400,1.15789473684
6137,6179,8472,42,2293,5,14400,1.01831661579
6178,6185,8918,7,2733,5,14400,1.00256128796
6188,6594,9176,406,2582,5,14400,1.15724244771
6594,6743,9419,149,2676,5,14400,1.05568011958
6747,6900,9387,153,2487,5,14400,1.0615199035
6900,6906,9508,6,2602,5,14400,1.00230591852
6910,6916,9844,6,2928,5,14400,1.00204918033
6921,6985,9390,64,2405,5,14400,1.02661122661
6982,6995,9812,13,2817,5,14400,1.00461483848
6993,7024,9384,31,2360,5,14400,1.01313559322
7023,7039,10825,16,3786,5,14400,1.00422609614
7044,7050,9523,6,2473,5,14400,1.00242620299
7055,7221,9505,166,2284,5,14400,1.07267950963
7218,7239,9621,21,2382,5,14400,1.00881612091
7238,7271,10000,33,2729,5,14400,1.01209234152
7269,7277,10903,8,3626,5,14400,1.00220628792
7280,7306,9561,26,2255,5,14400,1.01152993348
7311,7317,10040,6,2723,5,14400,1.00220345207
7321,7344,10232,23,2888,5,14400,1.00796398892
7342,7691,10450,349,2759,5,14400,1.12649510692
7688,7702,10271,14,2569,5,14400,1.00544959128
7698,7738,10155,40,2417,5,14400,1.01654944146
7739,7906,7944,167,38,5,14400,5.39473684211
7902,7956,10379,54,2423,5,14400,1.02228642179
7953,8057,10549,104,2492,5,14400,1.04173354735
8055,8074,10523,19,2449,5,14400,1.00775826868
8076,8104,10627,28,2523,5,14400,1.01109789933
8107,8145,8197,38,52,5,14400,1.73076923077
8148,8209,11179,61,2970,5,14400,1.02053872054
8209,8405,10688,196,2283,5,14400,1.08585194919
8402,8483,11250,81,2767,5,14400,1.0292735815
8484,8561,11061,77,2500,5,14400,1.0308
8566,8572,11417,6,2845,5,14400,1.00210896309
8576,8751,11156,175,2405,5,14400,1.07276507277
8749,8929,11501,180,2572,5,14400,1.0699844479
8932,9157,11569,225,2412,5,14400,1.09328358209
9156,9187,11892,31,2705,5,14400,1.01146025878
9187,9395,12504,208,3109,5,14400,1.06690254101
9316,9401,9567,85,166,1,3600,1.51204819277
9400,9408,11980,8,2572,5,14400,1.00311041991
9411,9430,11962,19,2532,5,14400,1.00750394945
9432,9516,11978,84,2462,5,14400,1.03411860276
9514,9523,12362,9,2839,5,14400,1.00317013033
9524,9535,12407,11,2872,5,14400,1.00383008357
9535,9572,11933,37,2361,5,14400,1.01567132571
9576,9582,12020,6,2438,5,14400,1.00246103363
9586,9632,9664,46,32,5,14400,2.4375
9637,9675,12206,38,2531,5,14400,1.01501382853
9678,9823,12629,145,2806,5,14400,1.05167498218
9747,10462,10808,715,346,1,3600,3.06647398844
9821,9856,12950,35,3094,5,14400,1.01131221719
9862,10011,12628,149,2617,5,14400,1.05693542224
10014,10051,12979,37,2928,5,14400,1.01263661202
10055,10166,12779,111,2613,5,14400,1.04247990815
10167,10243,13262,76,3019,5,14400,1.02517389864
10239,10282,13187,43,2905,5,14400,1.0148020654
10280,10390,12819,110,2429,5,14400,1.04528612598
10392,10534,11440,142,906,8,6000,1.15673289183
10535,10638,11468,103,830,8,6000,1.12409638554
10637,10700,11664,63,964,8,6000,1.0653526971
10698,10914,11761,216,847,8,6000,1.25501770956
10911,11072,11906,161,834,8,6000,1.19304556355
11074,11190,12026,116,836,8,6000,1.13875598086
11158,11168,12007,10,839,1,3600,1.01191895113
11186,11428,12261,242,833,8,6000,1.29051620648
11430,11451,12343,21,892,8,6000,1.0235426009
11451,11480,11501,29,21,8,6000,2.38095238095
11482,11512,12583,30,1071,8,6000,1.02801120448
11512,11518,12384,6,866,8,6000,1.00692840647
11523,11675,12550,152,875,8,6000,1.17371428571
11675,11772,12672,97,900,8,6000,1.10777777778
11777,11903,12752,126,849,8,6000,1.14840989399
11899,11917,12978,18,1061,8,6000,1.01696512724
11920,11973,13022,53,1049,8,6000,1.05052430887
11971,11989,12832,18,843,8,6000,1.02135231317
11992,12031,12863,39,832,8,6000,1.046875
12033,12039,12894,6,855,8,6000,1.00701754386
12043,12218,12308,175,90,8,6000,2.94444444444
12216,12273,13163,57,890,8,6000,1.06404494382
12278,12319,13153,41,834,8,6000,1.04916067146
12319,12354,13233,35,879,8,6000,1.03981797497
12350,12395,13262,45,867,8,6000,1.05190311419
12391,12418,13256,27,838,8,6000,1.03221957041
12422,12516,13434,94,918,8,6000,1.10239651416
12513,12561,13400,48,839,8,6000,1.05721096544
12565,12594,13505,29,911,8,6000,1.03183315038
12595,12640,13472,45,832,8,6000,1.05408653846
12636,12683,13512,47,829,8,6000,1.05669481303
12688,12764,13695,76,931,8,6000,1.08163265306
12769,12830,13650,61,820,8,6000,1.0743902439
12831,12843,13671,12,828,8,6000,1.01449275362
12839,12996,13172,157,176,1,3600,1.89204545455
12841,12874,13704,33,830,8,6000,1.03975903614
12872,12905,13933,33,1028,8,6000,1.03210116732
12903,12961,13965,58,1004,8,6000,1.0577689243
12964,12989,13853,25,864,8,6000,1.02893518519
12985,13033,13886,48,853,8,6000,1.05627198124
13036,13164,13983,128,819,8,6000,1.15628815629
13169,13175,14242,6,1067,8,6000,1.00562324274
13179,13199,14081,20,882,8,6000,1.02267573696
13200,13244,14230,44,986,8,6000,1.04462474645
13241,13268,14129,27,861,8,6000,1.03135888502
13265,13274,13386,9,112,1,3600,1.08035714286
13272,13281,14132,9,851,8,6000,1.01057579318
13283,13396,14237,113,841,8,6000,1.13436385256
13349,13523,13880,174,357,1,3600,1.48739495798
13395,13411,14673,16,1262,8,6000,1.01267828843
13415,13446,14349,31,903,8,6000,1.03433001107
13446,13484,14330,38,846,8,6000,1.04491725768
13487,13516,14341,29,825,8,6000,1.03515151515
13518,13661,14550,143,889,8,6000,1.16085489314
13573,13667,13991,94,324,1,3600,1.29012345679
13660,13683,14529,23,846,8,6000,1.02718676123
13681,13707,13741,26,34,8,6000,1.76470588235
13712,13718,14623,6,905,8,6000,1.00662983425
13722,13752,14626,30,874,8,6000,1.03432494279
13753,13865,14720,112,855,8,6000,1.13099415205
13865,13897,14790,32,893,8,6000,1.03583426652
13896,13944,14878,48,934,8,6000,1.05139186296
13947,13976,14811,29,835,8,6000,1.03473053892
13978,13994,14865,16,871,8,6000,1.01836969001
13999,14005,15236,6,1231,8,6000,1.00487408611
14009,14092,15071,83,979,8,6000,1.08478038815
14091,14140,14977,49,837,8,6000,1.05854241338
14142,14148,14448,6,300,8,6000,1.02
14152,14242,15082,90,840,8,6000,1.10714285714
14234,14249,15086,15,837,1,3600,1.01792114695
14244,14256,15128,12,872,8,6000,1.01376146789
14255,14341,15232,86,891,8,6000,1.09652076319
14346,14352,15181,6,829,8,6000,1.00723763571
14357,14363,15264,6,901,8,6000,1.00665926748
14367,14459,15293,92,834,8,6000,1.1103117506
14459,14541,15495,82,954,8,6000,1.08595387841
14465,14547,15150,82,603,1,3600,1.135986733
14541,14561,15408,20,847,8,6000,1.02361275089
14561,14634,15480,73,846,8,6000,1.08628841608
14633,14641,15706,8,1065,8,6000,1.00751173709
14643,14684,15523,41,839,8,6000,1.04886769964
14684,14731,15561,47,830,8,6000,1.05662650602
14735,14801,15722,66,921,8,6000,1.07166123779
14797,14822,15648,25,826,8,6000,1.03026634383
14827,14877,15876,50,999,8,6000,1.05005005005
14879,14889,15776,10,887,8,6000,1.01127395716
14889,14988,15853,99,865,8,6000,1.11445086705
14991,15082,15928,91,846,8,6000,1.10756501182
15083,15096,15966,13,870,8,6000,1.01494252874
15093,15103,16059,10,956,8,6000,1.01046025105
15104,15139,15988,35,849,8,6000,1.04122497055
15134,15192,16228,58,1036,8,6000,1.05598455598
15196,15243,16075,47,832,8,6000,1.05649038462
15247,15253,16180,6,927,8,6000,1.00647249191
15257,15276,16227,19,951,8,6000,1.01997896951
15278,15304,16135,26,831,8,6000,1.03128760529
15309,15419,16260,110,841,8,6000,1.13079667063
15421,15492,15538,71,46,8,6000,2.54347826087
15492,15507,16444,15,937,8,6000,1.01600853789
15503,15535,16366,32,831,8,6000,1.0385078219
15534,15549,16406,15,857,8,6000,1.01750291715
15554,15572,16678,18,1106,8,6000,1.01627486438
15575,15659,16501,84,842,8,6000,1.09976247031
15657,15717,16548,60,831,8,6000,1.07220216606
15718,15733,16573,15,840,8,6000,1.01785714286
15728,15787,16635,59,848,8,6000,1.0695754717
15790,15864,16709,74,845,8,6000,1.0875739645
15861,15888,16872,27,984,8,6000,1.02743902439
15892,15939,16903,47,964,8,6000,1.04875518672
15943,15977,16859,34,882,8,6000,1.03854875283
15974,15999,16850,25,851,8,6000,1.02937720329
15995,16070,17066,75,996,8,6000,1.07530120482
16066,16087,17130,21,1043,8,6000,1.02013422819
16087,16147,17001,60,854,8,6000,1.07025761124
16148,16192,17174,44,982,8,6000,1.04480651731
16189,16238,16402,49,164,8,6000,1.2987804878
16240,16246,17317,6,1071,8,6000,1.0056022409
16251,16271,17109,20,838,8,6000,1.02386634845
16271,16377,17221,106,844,8,6000,1.12559241706
16339,16345,16457,6,112,1,3600,1.05357142857
16373,16414,17279,41,865,8,6000,1.04739884393
16414,16420,17291,6,871,8,6000,1.00688863375
16425,16455,17300,30,845,8,6000,1.03550295858
16455,16512,17362,57,850,8,6000,1.06705882353
16517,16559,17401,42,842,8,6000,1.04988123515
16558,16584,17459,26,875,8,6000,1.02971428571
16578,16590,16707,12,117,1,1800,1.10256410256
16589,16646,18260,57,1614,5,14400,1.03531598513
16639,16651,16981,12,330,1,3600,1.03636363636
16650,16690,18266,40,1576,5,14400,1.02538071066
16691,16697,18212,6,1515,5,14400,1.00396039604
16702,16721,18207,19,1486,5,14400,1.01278600269
16722,16861,18496,139,1635,5,14400,1.08501529052
16865,16870,18369,5,1499,5,14400,1.00333555704
16875,16881,18451,6,1570,5,14400,1.00382165605
16886,16892,18292,6,1400,5,14400,1.00428571429
16896,16903,16925,7,22,5,14400,1.31818181818
16907,16914,18724,7,1810,5,14400,1.00386740331
16918,16924,18561,6,1637,5,14400,1.0036652413
16928,16936,18556,8,1620,5,14400,1.0049382716
16939,17012,18502,73,1490,5,14400,1.04899328859
17010,17019,18637,9,1618,5,14400,1.00556242274
17019,17083,17198,64,115,1,1800,1.55652173913
17021,17077,18793,56,1716,5,14400,1.03263403263
17082,17121,18779,39,1658,5,14400,1.02352231604
17123,17129,18756,6,1627,5,14400,1.0036877689
17134,17141,19070,7,1929,5,14400,1.00362882322
17144,17185,18891,41,1706,5,14400,1.02403282532
17185,17191,17206,6,15,5,14400,1.4
17196,17217,19129,21,1912,5,14400,1.0109832636
17216,17232,18747,16,1515,5,14400,1.01056105611
17237,17243,18998,6,1755,5,14400,1.00341880342
17247,17291,18869,44,1578,5,14400,1.0278833967
17289,17303,18819,14,1516,5,14400,1.0092348285
17299,17310,19226,11,1916,5,14400,1.00574112735
17310,17316,18819,6,1503,5,14400,1.00399201597
17320,17329,18842,9,1513,5,14400,1.00594844679
17331,17337,19019,6,1682,5,14400,1.00356718193
17341,17373,19114,32,1741,5,14400,1.01838024124
17372,17379,19061,7,1682,5,14400,1.00416171225
17383,17412,19049,29,1637,5,14400,1.01771533293
17414,17471,19211,57,1740,5,14400,1.03275862069
17445,17477,18086,32,609,1,3600,1.05254515599
17475,17483,19170,8,1687,5,14400,1.00474214582
17485,18218,19755,733,1537,5,14400,1.47690305791
17869,18097,18600,228,503,1,1800,1.45328031809
18217,18225,18252,8,27,5,14400,1.2962962963
18227,18263,19402,36,1139,5,14400,1.03160667252
18268,18274,19901,6,1627,5,14400,1.0036877689
18279,18285,19052,6,767,5,14400,1.00782268579
18289,18303,20176,14,1873,5,14400,1.00747463962
18300,18381,20085,81,1704,5,14400,1.04753521127
18382,18462,19929,80,1467,5,14400,1.05453306067
18463,18508,20628,45,2120,5,14400,1.02122641509
18504,18515,20147,11,1632,5,14400,1.00674019608
18515,18567,20500,52,1933,5,14400,1.02690118986
18566,18574,18592,8,18,5,14400,1.44444444444
18577,18603,20346,26,1743,5,14400,1.0149168101
18608,18649,20734,41,2085,5,14400,1.01966426859
18649,18735,20283,86,1548,5,14400,1.05555555556
18740,18758,20226,18,1468,5,14400,1.01226158038
18761,18767,20675,6,1908,5,14400,1.00314465409
18772,18790,20229,18,1439,5,14400,1.01250868659
18792,18804,20214,12,1410,5,14400,1.0085106383
18803,18830,20251,27,1421,5,14400,1.01900070373
18834,18840,20501,6,1661,5,14400,1.00361228176
18844,18853,20573,9,1720,5,14400,1.00523255814
18855,18880,20793,25,1913,5,14400,1.01306847883
18876,18902,20477,26,1575,5,14400,1.01650793651
18906,19010,20736,104,1726,5,14400,1.06025492468
19008,19030,20895,22,1865,5,14400,1.01179624665
19029,19060,20894,31,1834,5,14400,1.01690294438
19060,19066,20513,6,1447,5,14400,1.00414651002
19071,19077,20777,6,1700,5,14400,1.00352941176
19081,19088,20537,7,1449,5,14400,1.00483091787
19092,19126,20965,34,1839,5,14400,1.01848830886
19123,19140,20803,17,1663,5,14400,1.01022248948
19143,19181,20788,38,1607,5,14400,1.02364654636
19184,19223,20865,39,1642,5,14400,1.02375152253
19226,19237,21049,11,1812,5,14400,1.00607064018
19236,19414,21061,178,1647,5,14400,1.1080752884
19419,19766,21219,347,1453,5,14400,1.23881624226
19765,19913,21588,148,1675,5,14400,1.08835820896
19918,19941,21445,23,1504,5,14400,1.01529255319
19938,20096,21531,158,1435,5,14400,1.11010452962
20101,20158,21950,57,1792,5,14400,1.03180803571
20163,20187,21661,24,1474,5,14400,1.01628222524
20183,20226,21663,43,1437,5,14400,1.02992345164
20208,20215,20336,7,121,1,1800,1.05785123967
20224,20238,21812,14,1574,5,14400,1.00889453621
20235,20245,22038,10,1793,5,14400,1.00557724484
20245,20262,21681,17,1419,5,14400,1.01198026779
20266,20294,22189,28,1895,5,14400,1.01477572559
20297,20357,22148,60,1791,5,14400,1.03350083752
20335,20346,20393,11,47,1,1800,1.23404255319
20358,20488,22230,130,1742,5,14400,1.07462686567
20491,20511,20540,20,29,5,14400,1.68965517241
20511,20518,21972,7,1454,5,14400,1.00481430536
20522,20528,22333,6,1805,5,14400,1.00332409972
20532,20548,22051,16,1503,5,14400,1.01064537591
20553,20559,22020,6,1461,5,14400,1.00410677618
20563,20584,22168,21,1584,5,14400,1.01325757576
20584,20640,22193,56,1553,5,14400,1.03605924018
20645,20687,22314,42,1627,5,14400,1.0258143823
20659,20666,20775,7,109,1,1800,1.06422018349
20686,20745,22512,59,1767,5,14400,1.03338992643
20694,20785,20868,91,83,1,1800,2.09638554217
20748,20754,20779,6,25,5,14400,1.24
20758,20792,22535,34,1743,5,14400,1.01950659782
20789,20798,22511,9,1713,5,14400,1.00525394046
20800,20806,20864,6,58,5,14400,1.10344827586
20810,20816,22360,6,1544,5,14400,1.00388601036
20821,20827,22465,6,1638,5,14400,1.00366300366
20831,20875,22364,44,1489,5,14400,1.02955003358
20872,20882,22896,10,2014,5,14400,1.0049652433
20883,20905,22741,22,1836,5,14400,1.01198257081
20903,20911,22568,8,1657,5,14400,1.00482800241
20914,20976,22665,62,1689,5,14400,1.03670811131
20975,21061,22552,86,1491,5,14400,1.05767940979
21057,21072,22878,15,1806,5,14400,1.00830564784
21078,21231,23092,153,1861,5,14400,1.08221386351
21230,21457,23426,227,1969,5,14400,1.11528694769
21454,21543,22996,89,1453,5,14400,1.06125258087
21459,21466,22032,7,566,1,1800,1.01236749117
21546,21599,23069,53,1470,5,14400,1.03605442177
21597,21672,23282,75,1610,5,14400,1.04658385093
21669,21678,23404,9,1726,5,14400,1.00521436848
21679,21693,23134,14,1441,5,14400,1.00971547536
21690,21823,23448,133,1625,5,14400,1.08184615385
21727,22042,22335,315,293,1,1800,2.07508532423
21822,21961,23695,139,1734,5,14400,1.08016147636
21965,21983,23740,18,1757,5,14400,1.01024473534
21986,22031,23612,45,1581,5,14400,1.0284629981
22027,22049,23945,22,1896,5,14400,1.01160337553
22048,22062,23480,14,1418,5,14400,1.00987306065
22059,22179,22703,120,524,8,6000,1.22900763359
22181,22205,22731,24,526,8,6000,1.04562737643
22202,22241,22760,39,519,8,6000,1.07514450867
22243,22345,22876,102,531,8,6000,1.19209039548
22345,22372,22905,27,533,8,6000,1.05065666041
22375,22476,23007,101,531,8,6000,1.19020715631
22477,22522,23251,45,729,8,6000,1.06172839506
22518,22547,23081,29,534,8,6000,1.0543071161
22549,22579,22748,30,169,8,6000,1.1775147929
22580,22677,23211,97,534,8,6000,1.18164794007
22682,22714,23248,32,534,8,6000,1.05992509363
22713,22743,23263,30,520,8,6000,1.05769230769
22744,22759,23345,15,586,8,6000,1.02559726962
22754,22771,23308,17,537,8,6000,1.03165735568
22775,22888,23424,113,536,8,6000,1.21082089552
22887,22894,23424,7,530,8,6000,1.01320754717
22898,22907,23439,9,532,8,6000,1.01691729323
22908,22917,23442,9,525,8,6000,1.01714285714
22919,23018,23544,99,526,8,6000,1.18821292776
23021,23080,23098,59,18,8,6000,4.27777777778
23082,23092,23672,10,580,8,6000,1.01724137931
23092,23109,23635,17,526,8,6000,1.03231939163
23113,23146,23686,33,540,8,6000,1.06111111111
23144,23222,23753,78,531,8,6000,1.14689265537
23226,23259,23795,33,536,8,6000,1.06156716418
23256,23265,23781,9,516,8,6000,1.01744186047
23267,23275,23811,8,536,8,6000,1.01492537313
23277,23293,23917,16,624,8,6000,1.02564102564
23298,23320,23846,22,526,8,6000,1.04182509506
23319,23357,23873,38,516,8,6000,1.07364341085
23360,23435,23969,75,534,8,6000,1.1404494382
23431,23442,23968,11,526,8,6000,1.02091254753
23442,23449,23979,7,530,8,6000,1.01320754717
23452,23459,24081,7,622,8,6000,1.01125401929
23463,23469,24007,6,538,8,6000,1.01115241636
23473,23480,23603,7,123,8,6000,1.05691056911
23484,23555,23962,71,407,8,6000,1.17444717445
23555,23614,24216,59,602,8,6000,1.09800664452
23617,23623,24137,6,514,8,6000,1.01167315175
23627,23647,24193,20,546,8,6000,1.03663003663
23648,23683,24284,35,601,8,6000,1.05823627288
23679,23697,24229,18,532,8,6000,1.03383458647
23699,23751,24371,52,620,8,6000,1.08387096774
23751,23764,24399,13,635,8,6000,1.02047244094
23761,23792,24318,31,526,8,6000,1.05893536122
23792,23806,23828,14,22,8,6000,1.63636363636
23802,23823,24410,21,587,8,6000,1.03577512777
23823,23839,24374,16,535,8,6000,1.02990654206
23844,23858,24393,14,535,8,6000,1.0261682243
23854,23885,24795,31,910,8,6000,1.03406593407
23886,23928,24488,42,560,8,6000,1.075
23927,23957,24495,30,538,8,6000,1.05576208178
23958,23973,24504,15,531,8,6000,1.02824858757
23968,23979,24506,11,527,8,6000,1.02087286528
23979,23985,24516,6,531,8,6000,1.01129943503
23990,23996,24538,6,542,8,6000,1.0110701107
24000,24018,24607,18,589,8,6000,1.03056027165
24021,24092,24623,71,531,8,6000,1.13370998117
24036,24043,24089,7,46,1,1800,1.15217391304
24092,24148,24685,56,537,8,6000,1.104283054
24153,24204,24953,51,749,8,6000,1.06809078772
24205,24227,25302,22,1075,8,6000,1.02046511628
24225,24240,24775,15,535,8,6000,1.02803738318
24236,24296,24831,60,535,8,6000,1.11214953271
24297,24330,24916,33,586,8,6000,1.05631399317
24328,24382,24940,54,558,8,6000,1.09677419355
24379,24388,24919,9,531,8,6000,1.01694915254
24390,24404,25052,14,648,8,6000,1.02160493827
24401,24410,24933,9,523,8,6000,1.017208413
24411,24421,24960,10,539,8,6000,1.0185528757
24422,24499,25035,77,536,8,6000,1.14365671642
24428,24434,24506,6,72,1,1800,1.08333333333
24503,24510,25045,7,535,8,6000,1.01308411215
24514,24520,25132,6,612,8,6000,1.00980392157
24525,24531,25222,6,691,8,6000,1.00868306802
24535,24541,25065,6,524,8,6000,1.01145038168
24546,24552,25102,6,550,8,6000,1.01090909091
24556,24619,25154,63,535,8,6000,1.11775700935
24617,24634,25183,17,549,8,6000,1.03096539162
24638,24696,25231,58,535,8,6000,1.10841121495
24699,24787,25328,88,541,8,6000,1.16266173752
24791,24806,25351,15,545,8,6000,1.02752293578
24802,24842,25429,40,587,8,6000,1.06814310051
24843,24927,25465,84,538,8,6000,1.156133829
24924,24933,25479,9,546,8,6000,1.01648351648
24935,24945,25163,10,218,8,6000,1.04587155963
24945,24952,25510,7,558,8,6000,1.01254480287
24956,24965,25526,9,561,8,6000,1.01604278075
24967,24973,25508,6,535,8,6000,1.01121495327
24977,25046,25574,69,528,8,6000,1.13068181818
25049,25057,25589,8,532,8,6000,1.01503759398
25059,25065,25693,6,628,8,6000,1.00955414013
25070,25076,26055,6,979,8,6000,1.00612870276
25080,25113,25675,33,562,8,6000,1.05871886121
25111,25143,25173,32,30,8,6000,2.06666666667
25142,25165,25722,23,557,8,6000,1.04129263914
25163,25174,25709,11,535,8,6000,1.02056074766
25173,25184,25411,11,227,8,6000,1.04845814978
25184,25195,25743,11,548,8,6000,1.0200729927
25194,25233,25777,39,544,8,6000,1.07169117647
25235,25243,25788,8,545,8,6000,1.01467889908
25246,25313,25855,67,542,8,6000,1.12361623616
25317,25340,25936,23,596,8,6000,1.03859060403
25338,25362,25899,24,537,8,6000,1.04469273743
25359,25422,25961,63,539,8,6000,1.11688311688
25420,25440,25995,20,555,8,6000,1.03603603604
25440,25477,26026,37,549,8,6000,1.06739526412
25481,25490,26046,9,556,8,6000,1.01618705036
25492,25519,26060,27,541,8,6000,1.04990757856
25523,25529,26093,6,564,8,6000,1.01063829787
25534,25540,26072,6,532,8,6000,1.01127819549
25544,25585,26135,41,550,8,6000,1.07454545455
25546,25552,25828,6,276,1,1800,1.02173913043
25585,25600,26206,15,606,8,6000,1.02475247525
25596,25686,26226,90,540,8,6000,1.16666666667
25688,25704,26256,16,552,8,6000,1.02898550725
25708,25720,26262,12,542,8,6000,1.0221402214
25719,25733,26276,14,543,8,6000,1.02578268877
25730,25754,26317,24,563,8,6000,1.04262877442
25751,25788,26330,37,542,8,6000,1.06826568266
25792,25799,26350,7,551,8,6000,1.01270417423
25803,25866,27468,63,1602,5,14400,1.0393258427
25865,25872,27463,7,1591,5,14400,1.00439974859
25875,25910,27384,35,1474,5,14400,1.0237449118
25906,25947,27418,41,1471,5,14400,1.02787219579
25947,25954,27582,7,1628,5,14400,1.0042997543
25958,25972,27489,14,1517,5,14400,1.00922874094
25969,26006,27587,37,1581,5,14400,1.02340290955
26010,26016,27836,6,1820,5,14400,1.0032967033
26020,26038,26060,18,22,5,14400,1.81818181818
26041,26047,27836,6,1789,5,14400,1.00335382895
26051,26057,27696,6,1639,5,14400,1.00366076876
26062,26068,27918,6,1850,5,14400,1.00324324324
26072,26079,27571,7,1492,5,14400,1.00469168901
26083,26089,27648,6,1559,5,14400,1.00384862091
26094,26100,27828,6,1728,5,14400,1.00347222222
26104,26110,27738,6,1628,5,14400,1.00368550369
26115,26121,27768,6,1647,5,14400,1.00364298725
26125,26131,27871,6,1740,5,14400,1.00344827586
26136,26142,27794,6,1652,5,14400,1.00363196126
26146,26152,26172,6,20,5,14400,1.3
26157,26183,28092,26,1909,5,14400,1.01361969618
26188,26217,27949,29,1732,5,14400,1.01674364896
26218,26225,28049,7,1824,5,14400,1.0038377193
26229,26237,27802,8,1565,5,14400,1.00511182109
26239,26267,27786,28,1519,5,14400,1.01843317972
26270,26276,28327,6,2051,5,14400,1.00292540224
26281,26287,27763,6,1476,5,14400,1.00406504065
26291,26297,27803,6,1506,5,14400,1.00398406375
26302,26308,27987,6,1679,5,14400,1.00357355569
26312,26328,27957,16,1629,5,14400,1.00982197667
26333,26339,28001,6,1662,5,14400,1.0036101083
26344,26350,27945,6,1595,5,14400,1.00376175549
26354,26361,28113,7,1752,5,14400,1.00399543379
26365,26371,28045,6,1674,5,14400,1.00358422939
26375,27396,28928,1021,1532,5,14400,1.66644908616
27401,27429,27465,28,36,5,14400,1.77777777778
27432,27474,28618,42,1144,5,14400,1.03671328671
27473,27480,29067,7,1587,5,14400,1.00441083806
27483,27489,28278,6,789,5,14400,1.00760456274
27494,27500,29022,6,1522,5,14400,1.00394218134
27504,27582,29214,78,1632,5,14400,1.04779411765
27586,27594,29050,8,1456,5,14400,1.00549450549
27596,27603,29081,7,1478,5,14400,1.00473612991
27607,27659,29248,52,1589,5,14400,1.03272498427
27658,27707,29526,49,1819,5,14400,1.02693787795
27709,27749,27769,40,20,5,14400,3.0
27750,27774,29458,24,1684,5,14400,1.01425178147
27771,27780,29350,9,1570,5,14400,1.00573248408
27781,27788,29375,7,1587,5,14400,1.00441083806
27792,27798,29347,6,1549,5,14400,1.00387346675
27803,27809,29737,6,1928,5,14400,1.0031120332
27813,27819,29443,6,1624,5,14400,1.00369458128
27824,27830,29245,6,1415,5,14400,1.00424028269
27834,27840,29265,6,1425,5,14400,1.00421052632
27845,27851,29735,6,1884,5,14400,1.00318471338
27855,27861,29549,6,1688,5,14400,1.00355450237
27866,27882,29790,16,1908,5,14400,1.00838574423
27886,27929,29481,43,1552,5,14400,1.02770618557
27927,27957,29641,30,1684,5,14400,1.01781472684
27958,27964,29743,6,1779,5,14400,1.00337268128
27969,27975,29797,6,1822,5,14400,1.00329308452
27979,27998,29522,19,1524,5,14400,1.0124671916
28000,28013,29705,13,1692,5,14400,1.00768321513
28011,28056,29456,45,1400,5,14400,1.03214285714
28052,28062,29883,10,1821,5,14400,1.00549148819
28062,28103,29777,41,1674,5,14400,1.02449223417
28103,28124,29681,21,1557,5,14400,1.01348747592
28124,28289,29911,165,1622,5,14400,1.10172626387
28287,28338,30212,51,1874,5,14400,1.02721451441
28338,28630,30311,292,1681,5,14400,1.17370612731
28632,28939,30367,307,1428,5,14400,1.2149859944
28937,29034,30724,97,1690,5,14400,1.0573964497
29039,29062,30550,23,1488,5,14400,1.01545698925
29060,29078,30491,18,1413,5,14400,1.0127388535
29081,29093,30813,12,1720,5,14400,1.00697674419
29091,29226,30638,135,1412,5,14400,1.09560906516
29224,29256,30703,32,1447,5,14400,1.02211472011
29255,29262,30774,7,1512,5,14400,1.00462962963
29265,29276,31073,11,1797,5,14400,1.0061213133
29276,29359,30770,83,1411,5,14400,1.05882352941
29357,29366,31255,9,1889,5,14400,1.00476442562
29368,29387,31179,19,1792,5,14400,1.01060267857
29389,29454,31226,65,1772,5,14400,1.03668171558
29450,29467,29497,17,30,5,14400,1.56666666667
29471,29477,30959,6,1482,5,14400,1.004048583
29481,29492,31291,11,1799,5,14400,1.00611450806
29492,29508,30991,16,1483,5,14400,1.01078894134
29512,29533,31000,21,1467,5,14400,1.01431492843
29533,29539,31111,6,1572,5,14400,1.00381679389
29544,29560,31049,16,1489,5,14400,1.01074546676
29564,29652,31116,88,1464,5,14400,1.06010928962
29656,29692,31433,36,1741,5,14400,1.0206777714
29697,29716,29752,19,36,5,14400,1.52777777778
29718,29747,31567,29,1820,5,14400,1.01593406593
29749,29755,31399,6,1644,5,14400,1.00364963504
29759,29765,29810,6,45,5,14400,1.13333333333
29770,29776,31353,6,1577,5,14400,1.00380469245
29780,29788,31908,8,2120,5,14400,1.00377358491
29791,29802,31327,11,1525,5,14400,1.00721311475
29802,29808,31628,6,1820,5,14400,1.0032967033
29812,29821,31630,9,1809,5,14400,1.00497512438
29823,29895,31552,72,1657,5,14400,1.04345202173
29894,29922,31604,28,1682,5,14400,1.01664684899
29925,30223,31753,298,1530,5,14400,1.19477124183
30220,30322,32133,102,1811,5,14400,1.05632247377
30322,30378,32206,56,1828,5,14400,1.0306345733
30383,30502,31988,119,1486,5,14400,1.0800807537
30505,30561,32158,56,1597,5,14400,1.03506574828
30557,30650,32134,93,1484,5,14400,1.06266846361
30649,30714,32345,65,1631,5,14400,1.03985285101
30710,30735,32485,25,1750,5,14400,1.01428571429
30731,30782,32295,51,1513,5,14400,1.03370786517
30782,30789,32398,7,1609,5,14400,1.00435052828
30792,30824,32598,32,1774,5,14400,1.01803833145
30823,30970,32743,147,1773,5,14400,1.08291032149
30966,31002,32583,36,1581,5,14400,1.02277039848
31007,31013,33012,6,1999,5,14400,1.00300150075
31017,31061,32449,44,1388,5,14400,1.03170028818
31059,31122,31640,63,518,8,6000,1.12162162162
31121,31129,31674,8,545,8,6000,1.01467889908
31131,31237,31770,106,533,8,6000,1.19887429644
31233,31267,31793,34,526,8,6000,1.06463878327
31264,31339,31862,75,523,8,6000,1.14340344168
31336,31410,31973,74,563,8,6000,1.13143872114
31407,31444,32117,37,673,8,6000,1.05497771174
31448,31579,32111,131,532,8,6000,1.2462406015
31581,31615,31705,34,90,8,6000,1.37777777778
31611,31641,32212,30,571,8,6000,1.05253940455
31642,31652,32246,10,594,8,6000,1.01683501684
31653,31685,32228,32,543,8,6000,1.05893186004
31684,31717,32342,33,625,8,6000,1.0528
31715,31781,32326,66,545,8,6000,1.12110091743
31786,31804,32339,18,535,8,6000,1.03364485981
31807,31873,32393,66,520,8,6000,1.12692307692
31878,31919,32456,41,537,8,6000,1.07635009311
31919,31984,32513,65,529,8,6000,1.12287334594
31950,33500,74597,1550,41097,6,43200,1.03771564834
31981,31999,32525,18,526,8,6000,1.03422053232
32001,32123,32139,122,16,8,6000,8.625
32124,32129,32666,5,537,8,6000,1.00931098696
32134,32146,32693,12,547,8,6000,1.02193784278
32145,32153,32684,8,531,8,6000,1.01506591337
32155,32170,32695,15,525,8,6000,1.02857142857
32166,32224,33261,58,1037,8,6000,1.05593056895
32227,32240,32760,13,520,8,6000,1.025
32238,32258,32793,20,535,8,6000,1.03738317757
32258,32306,32828,48,522,8,6000,1.09195402299
32310,32337,32871,27,534,8,6000,1.05056179775
32340,32350,32908,10,558,8,6000,1.01792114695
32351,32357,32899,6,542,8,6000,1.0110701107
32361,32404,32933,43,529,8,6000,1.08128544423
32403,32410,32975,7,565,8,6000,1.01238938053
32413,32460,32995,47,535,8,6000,1.08785046729
32464,32471,33114,7,643,8,6000,1.01088646967
32475,32524,32612,49,88,8,6000,1.55681818182
32526,32536,32953,10,417,8,6000,1.02398081535
32537,32594,33525,57,931,8,6000,1.0612244898
32590,32610,33204,20,594,8,6000,1.03367003367
32611,32623,33152,12,529,8,6000,1.02268431002
32621,32678,33217,57,539,8,6000,1.10575139147
32684,32695,33238,11,543,8,6000,1.02025782689
32694,32704,33348,10,644,8,6000,1.01552795031
32705,32711,33235,6,524,8,6000,1.01145038168
32715,32772,33488,57,716,8,6000,1.07960893855
32777,32805,32826,28,21,8,6000,2.33333333333
32807,32838,33407,31,569,8,6000,1.05448154657
32838,32845,33385,7,540,8,6000,1.01296296296
32849,32882,33412,33,530,8,6000,1.06226415094
32880,32910,33472,30,562,8,6000,1.05338078292
32911,32920,33470,9,550,8,6000,1.01636363636
32921,32944,33475,23,531,8,6000,1.04331450094
32942,32965,33510,23,545,8,6000,1.04220183486
32963,32987,33529,24,542,8,6000,1.0442804428
32983,33006,33538,23,532,8,6000,1.04323308271
33004,33024,33556,20,532,8,6000,1.03759398496
33025,33125,33656,100,531,8,6000,1.18832391714
33127,33163,33682,36,519,8,6000,1.06936416185
33168,33216,33752,48,536,8,6000,1.08955223881
33219,33229,33798,10,569,8,6000,1.01757469244
33230,33246,33778,16,532,8,6000,1.03007518797
33250,33257,33812,7,555,8,6000,1.01261261261
33261,33272,33947,11,675,8,6000,1.0162962963
33272,33359,33909,87,550,8,6000,1.15818181818
33363,33396,33927,33,531,8,6000,1.06214689266
33394,33418,34076,24,658,8,6000,1.03647416413
33415,33425,33980,10,555,8,6000,1.01801801802
33426,33481,34009,55,528,8,6000,1.10416666667
33477,33487,34019,10,532,8,6000,1.01879699248
33488,33494,34125,6,631,8,6000,1.00950871632
33498,33521,34067,23,546,8,6000,1.04212454212
33519,33536,34073,17,537,8,6000,1.03165735568
33540,33546,34113,6,567,8,6000,1.01058201058
33550,33556,34120,6,564,8,6000,1.01063829787
33561,33567,34131,6,564,8,6000,1.01063829787
33571,33667,34214,96,547,8,6000,1.17550274223
33663,33693,34236,30,543,8,6000,1.05524861878
33694,33763,34320,69,557,8,6000,1.12387791741
33765,33789,34329,24,540,8,6000,1.04444444444
33786,33809,34357,23,548,8,6000,1.04197080292
33807,33824,34358,17,534,8,6000,1.03183520599
33827,33920,34478,93,558,8,6000,1.16666666667
33919,33938,34471,19,533,8,6000,1.03564727955
33940,33959,34139,19,180,8,6000,1.10555555556
33960,33991,34530,31,539,8,6000,1.05751391466
33991,34021,34565,30,544,8,6000,1.05514705882
34022,34030,34578,8,548,8,6000,1.01459854015
34033,34079,34618,46,539,8,6000,1.0853432282
34084,34090,34678,6,588,8,6000,1.01020408163
34095,34101,34642,6,541,8,6000,1.01109057301
34105,34124,34663,19,539,8,6000,1.03525046382
34126,34132,34666,6,534,8,6000,1.01123595506
34137,34142,34181,5,39,8,6000,1.12820512821
34147,34153,34692,6,539,8,6000,1.01113172542
34158,34164,34710,6,546,8,6000,1.01098901099
34168,34192,34418,24,226,8,6000,1.10619469027
34189,34225,34759,36,534,8,6000,1.06741573034
34230,34247,34790,17,543,8,6000,1.03130755064
34251,34332,34884,81,552,8,6000,1.14673913043
34333,34341,34895,8,554,8,6000,1.01444043321
34343,34368,34907,25,539,8,6000,1.04638218924
34364,34375,34913,11,538,8,6000,1.02044609665
34375,34430,35023,55,593,8,6000,1.09274873524
34426,34482,35021,56,539,8,6000,1.1038961039
34477,34489,35049,12,560,8,6000,1.02142857143
34488,34541,35140,53,599,8,6000,1.08848080134
34539,34577,35289,38,712,8,6000,1.05337078652
34580,34590,35130,10,540,8,6000,1.01851851852
34591,34629,35207,38,578,8,6000,1.06574394464
34632,34654,35196,22,542,8,6000,1.0405904059
34652,34674,35223,22,549,8,6000,1.04007285974
34673,34681,35226,8,545,8,6000,1.01467889908
34684,34689,35226,5,537,8,6000,1.00931098696
34694,34703,35244,9,541,8,6000,1.01663585952
34705,34721,35266,16,545,8,6000,1.02935779817
34720,35032,372441,312,337409,6,604800,1.00092469377
34726,34770,35313,44,543,8,6000,1.08103130755
34755,35060,366320,305,331260,6,604800,1.00092072692
34767,34801,35344,34,543,8,6000,1.06261510129
34797,34896,35434,99,538,8,6000,1.18401486989
34901,34906,37582,5,2676,5,14400,1.00186846039
34911,34917,37466,6,2549,5,14400,1.00235386426
34922,34928,37158,6,2230,5,14400,1.00269058296
34932,34938,37241,6,2303,5,14400,1.00260529744
34943,35037,37642,94,2605,5,14400,1.03608445298
35034,35044,37393,10,2349,5,14400,1.00425713069
35045,35051,37535,6,2484,5,14400,1.00241545894
35056,35066,37457,10,2391,5,14400,1.00418235048
35066,35141,37419,75,2278,5,14400,1.03292361721
35137,35151,37731,14,2580,5,14400,1.00542635659
35148,35157,37484,9,2327,5,14400,1.00386764074
35158,35208,37792,50,2584,5,14400,1.0193498452
35210,35218,37656,8,2438,5,14400,1.00328137818
35220,35226,37781,6,2555,5,14400,1.00234833659
35231,35237,37868,6,2631,5,14400,1.00228050171
35241,35248,37778,7,2530,5,14400,1.00276679842
35252,35258,37957,6,2699,5,14400,1.00222304557
35262,35269,38017,7,2748,5,14400,1.00254730713
35273,35279,37945,6,2666,5,14400,1.00225056264
35283,35290,37854,7,2564,5,14400,1.0027301092
35294,35300,37873,6,2573,5,14400,1.00233190828
35305,35311,38204,6,2893,5,14400,1.00207397166
35315,35321,37876,6,2555,5,14400,1.00234833659
35326,35333,37816,7,2483,5,14400,1.00281917036
35336,35342,37738,6,2396,5,14400,1.00250417362
35347,35356,38340,9,2984,5,14400,1.00301608579
35357,35363,37994,6,2631,5,14400,1.00228050171
35368,35445,37788,77,2343,5,14400,1.03286384977
35449,37169,39557,1720,2388,5,14400,1.7202680067
36536,37796,37977,1260,181,4,144000,7.96132596685
36586,37804,44246,1218,6442,4,144000,1.18907171686
36849,37789,119096,940,81307,16,144000,1.0115611202
37166,37252,39827,86,2575,5,14400,1.03339805825
37248,37404,40041,156,2637,5,14400,1.05915813424
37400,37431,39805,31,2374,5,14400,1.01305812974
37431,37469,40684,38,3215,5,14400,1.01181959565
37472,37478,40132,6,2654,5,14400,1.00226073851
37483,37496,39954,13,2458,5,14400,1.00528885273
37493,37546,40039,53,2493,5,14400,1.02125952667
37544,37593,39950,49,2357,5,14400,1.02078913874
37595,37653,40219,58,2566,5,14400,1.02260327358
37657,37750,39828,93,2078,5,14400,1.0447545717
37748,37809,40122,61,2313,5,14400,1.02637267618
37810,37815,40758,5,2943,5,14400,1.00169894665
37820,37827,40098,7,2271,5,14400,1.00308234258
37831,37865,40406,34,2541,5,14400,1.01338055884
37862,37879,40384,17,2505,5,14400,1.00678642715
37882,37888,40572,6,2684,5,14400,1.00223546945
37893,37899,40449,6,2550,5,14400,1.00235294118
37903,37957,40541,54,2584,5,14400,1.02089783282
37954,37968,40501,14,2533,5,14400,1.00552704303
37965,38005,40536,40,2531,5,14400,1.01580403003
38006,38028,40394,22,2366,5,14400,1.00929839391
38026,38215,41302,189,3087,5,14400,1.0612244898
38220,38257,40619,37,2362,5,14400,1.01566469094
38250,38351,40552,101,2201,5,14400,1.04588823262
38352,38483,40729,131,2246,5,14400,1.05832591273
38484,39569,42056,1085,2487,5,14400,1.4362685967
39570,39816,42286,246,2470,5,14400,1.0995951417
39814,39839,42736,25,2897,5,14400,1.00862961685
39835,39845,42406,10,2561,5,14400,1.00390472472
39846,39961,42520,115,2559,5,14400,1.04493942946
39958,39968,42572,10,2604,5,14400,1.00384024578
39968,40050,43124,82,3074,5,14400,1.02667534157
40050,40057,42318,7,2261,5,14400,1.00309597523
40060,40110,42768,50,2658,5,14400,1.01881113619
40112,40133,42450,21,2317,5,14400,1.00906344411
40132,40143,43183,11,3040,5,14400,1.00361842105
40143,40231,42811,88,2580,5,14400,1.03410852713
40235,40395,42789,160,2394,5,14400,1.06683375104
40397,40405,42933,8,2528,5,14400,1.00316455696
40408,40417,44209,9,3792,5,14400,1.00237341772
40418,40460,43104,42,2644,5,14400,1.01588502269
40459,40512,42804,53,2292,5,14400,1.02312390925
40510,40547,43451,37,2904,5,14400,1.01274104683
40552,40558,43717,6,3159,5,14400,1.00189933523
40562,40568,42872,6,2304,5,14400,1.00260416667
40573,40583,43169,10,2586,5,14400,1.00386697602
40583,40630,43163,47,2533,5,14400,1.01855507304
40634,40695,42962,61,2267,5,14400,1.02690780768
40695,40740,43264,45,2524,5,14400,1.01782884311
40736,40769,43373,33,2604,5,14400,1.01267281106
40767,41314,43938,547,2624,5,14400,1.20846036585
41315,42067,44924,752,2857,5,14400,1.26321316066
42038,43181,43968,1143,787,4,144000,2.45235069886
42067,42297,45256,230,2959,5,14400,1.07772896249
42300,42329,45030,29,2701,5,14400,1.01073676416
42331,42417,45108,86,2691,5,14400,1.03195837978
42413,42461,44752,48,2291,5,14400,1.02095154954
42464,42531,45355,67,2824,5,14400,1.02372521246
42536,42584,44987,48,2403,5,14400,1.01997503121
42587,42747,45091,160,2344,5,14400,1.06825938567
42750,42779,45388,29,2609,5,14400,1.01111536987
42781,42800,45063,19,2263,5,14400,1.0083959346
42801,42815,45193,14,2378,5,14400,1.00588730025
42812,42822,45609,10,2787,5,14400,1.00358808755
42822,42883,45125,61,2242,5,14400,1.02720785013
42884,42944,45657,60,2713,5,14400,1.02211573903
42945,42973,45533,28,2560,5,14400,1.0109375
42976,43115,45896,139,2781,5,14400,1.04998202086
43118,43135,45533,17,2398,5,14400,1.00708924103
43139,43174,45581,35,2407,5,14400,1.01454092231
43170,43195,45724,25,2529,5,14400,1.00988533017
43191,43275,46134,84,2859,5,14400,1.02938090241
43272,43384,46249,112,2865,5,14400,1.03909249564
43384,43463,46170,79,2707,5,14400,1.02918359808
43466,43728,46316,262,2588,5,14400,1.10123647604
43534,45074,110317,1540,65243,4,144000,1.0236040648
43730,43950,46381,220,2431,5,14400,1.09049773756
43954,43979,46767,25,2788,5,14400,1.00896700143
43984,44220,47566,236,3346,5,14400,1.07053197848
44219,44257,46551,38,2294,5,14400,1.01656495205
44260,44763,47155,503,2392,5,14400,1.21028428094
44732,49343,82568,4611,33225,4,144000,1.13878103837
44751,49348,49621,4597,273,4,144000,17.8388278388
44768,44935,47269,167,2334,5,14400,1.07155098543
44844,53270,82760,8426,29490,4,144000,1.28572397423
44931,44999,47425,68,2426,5,14400,1.02802967848
45002,45041,47557,39,2516,5,14400,1.01550079491
45043,45102,47423,59,2321,5,14400,1.02542007755
45105,45119,47685,14,2566,5,14400,1.00545596259
45115,45137,47869,22,2732,5,14400,1.00805270864
45136,45204,47835,68,2631,5,14400,1.02584568605
45207,45267,47463,60,2196,5,14400,1.02732240437
45268,45366,48206,98,2840,5,14400,1.03450704225
45370,45400,47791,30,2391,5,14400,1.01254705144
45402,45544,46815,142,1271,8,6000,1.11172305271
45545,45593,46428,48,835,8,6000,1.05748502994
45560,46181,46613,621,432,4,3600,2.4375
45596,45668,46532,72,864,8,6000,1.08333333333
45667,45735,46566,68,831,8,6000,1.08182912154
45739,46145,46972,406,827,8,6000,1.49093107618
46145,46260,47094,115,834,8,6000,1.13788968825
46257,46392,47216,135,824,8,6000,1.16383495146
46389,46439,47379,50,940,8,6000,1.05319148936
46440,46543,47368,103,825,8,6000,1.12484848485
46542,46577,47403,35,826,8,6000,1.04237288136
46573,46626,47497,53,871,8,6000,1.06084959816
46624,46778,47617,154,839,8,6000,1.18355184744
46777,46826,47691,49,865,8,6000,1.05664739884
46828,46984,47877,156,893,8,6000,1.17469204927
46980,47105,47931,125,826,8,6000,1.15133171913
47103,47227,48053,124,826,8,6000,1.15012106538
47225,47281,48108,56,827,8,6000,1.0677146312
47286,47379,48210,93,831,8,6000,1.1119133574
47378,47391,48227,13,836,8,6000,1.01555023923
47389,47415,48473,26,1058,8,6000,1.02457466919
47420,47436,48275,16,839,8,6000,1.01907032181
47440,47474,48309,34,835,8,6000,1.04071856287
47471,47508,48428,37,920,8,6000,1.0402173913
47512,47578,48410,66,832,8,6000,1.07932692308
47573,47628,48461,55,833,8,6000,1.06602641056
47625,47696,48538,71,842,8,6000,1.08432304038
47696,47702,48553,6,851,8,6000,1.00705052879
47707,47846,48684,139,838,8,6000,1.16587112172
47849,47888,48731,39,843,8,6000,1.0462633452
47890,47942,48936,52,994,8,6000,1.0523138833
47941,48064,48892,123,828,8,6000,1.14855072464
48063,48119,49002,56,883,8,6000,1.06342015855
48114,48218,49104,104,886,8,6000,1.11738148984
48216,48224,49060,8,836,8,6000,1.00956937799
48227,48238,49084,11,846,8,6000,1.01300236407
48237,48287,49127,50,840,8,6000,1.05952380952
48288,48321,49178,33,857,8,6000,1.03850641774
48319,48422,49273,103,851,8,6000,1.12103407756
48421,48439,49454,18,1015,8,6000,1.01773399015
48442,48472,49325,30,853,8,6000,1.03516998828
48473,48484,49327,11,843,8,6000,1.01304863582
48483,48549,49488,66,939,8,6000,1.07028753994
48545,48564,50086,19,1522,8,6000,1.01248357424
48565,48696,49600,131,904,8,6000,1.14491150442
48697,48743,49772,46,1029,8,6000,1.04470359572
48738,48903,49743,165,840,8,6000,1.19642857143
48901,48947,49911,46,964,8,6000,1.04771784232
48942,49013,49871,71,858,8,6000,1.08275058275
49014,49071,50056,57,985,8,6000,1.0578680203
49075,49096,49965,21,869,8,6000,1.02416570771
49096,49116,49963,20,847,8,6000,1.02361275089
49116,49139,49975,23,836,8,6000,1.02751196172
49137,49189,50044,52,855,8,6000,1.06081871345
49188,49284,50625,96,1341,8,6000,1.07158836689
49280,49336,50364,56,1028,8,6000,1.05447470817
49341,49465,50508,124,1043,8,6000,1.11888782359
49463,49500,50328,37,828,8,6000,1.04468599034
49504,49611,50464,107,853,8,6000,1.12543962485
49616,49633,50478,17,845,8,6000,1.0201183432
49637,49754,50606,117,852,8,6000,1.13732394366
49759,49784,50767,25,983,8,6000,1.02543234995
49780,49882,50714,102,832,8,6000,1.12259615385
49881,49922,50758,41,836,8,6000,1.0490430622
49922,49974,50816,52,842,8,6000,1.06175771971
49973,49980,50820,7,840,8,6000,1.00833333333
49984,49990,50841,6,851,8,6000,1.00705052879
49994,50055,50917,61,862,8,6000,1.07076566125
50056,50067,50912,11,845,8,6000,1.01301775148
50066,50097,51632,31,1535,8,6000,1.02019543974
50097,50339,51239,242,900,8,6000,1.26888888889
50341,50375,51658,34,1283,8,6000,1.02650038971
50372,50475,51322,103,847,8,6000,1.12160566706
50474,50489,51514,15,1025,8,6000,1.01463414634
50485,50519,51494,34,975,8,6000,1.03487179487
50516,50618,51470,102,852,8,6000,1.11971830986
50618,50636,51483,18,847,8,6000,1.0212514758
50638,50725,51571,87,846,8,6000,1.10283687943
50730,50770,51614,40,844,8,6000,1.04739336493
50771,50779,51679,8,900,8,6000,1.00888888889
50781,50827,51831,46,1004,8,6000,1.04581673307
50832,50839,51704,7,865,8,6000,1.00809248555
50843,50852,51776,9,924,8,6000,1.00974025974
50853,50924,51774,71,850,8,6000,1.08352941176
50925,50931,51797,6,866,8,6000,1.00692840647
50935,51250,52112,315,862,8,6000,1.36542923434
51250,51333,52209,83,876,8,6000,1.09474885845
51332,51481,52366,149,885,8,6000,1.16836158192
51484,51494,52552,10,1058,8,6000,1.00945179584
51495,51505,52387,10,882,8,6000,1.01133786848
51505,51525,52815,20,1290,8,6000,1.01550387597
51526,51582,52481,56,899,8,6000,1.06229143493
51587,51626,52569,39,943,8,6000,1.0413573701
51628,51643,52507,15,864,8,6000,1.01736111111
51639,51669,53320,30,1651,8,6000,1.01817080557
51670,51691,52638,21,947,8,6000,1.02217529039
51690,51715,52633,25,918,8,6000,1.02723311547
51711,51785,52660,74,875,8,6000,1.08457142857
51783,51792,52671,9,879,8,6000,1.01023890785
51793,51809,52829,16,1020,8,6000,1.01568627451
51814,51842,52701,28,859,8,6000,1.03259604191
51845,52123,53000,278,877,8,6000,1.31698973774
52119,52220,53105,101,885,8,6000,1.11412429379
52221,52377,53247,156,870,8,6000,1.17931034483
52373,52398,53259,25,861,8,6000,1.02903600465
52394,52492,53354,98,862,8,6000,1.11368909513
52496,52518,53438,22,920,8,6000,1.02391304348
52516,52563,53434,47,871,8,6000,1.05396096441
52568,52581,53449,13,868,8,6000,1.01497695853
52578,52644,53509,66,865,8,6000,1.07630057803
52640,52651,53549,11,898,8,6000,1.01224944321
52650,52671,54025,21,1354,8,6000,1.01550960118
52671,52683,53534,12,851,8,6000,1.01410105758
52681,52712,53713,31,1001,8,6000,1.03096903097
52712,52827,53740,115,913,8,6000,1.12595837897
52824,52841,53713,17,872,8,6000,1.01949541284
52845,53011,53865,166,854,8,6000,1.1943793911
53007,53116,53974,109,858,8,6000,1.12703962704
53099,53751,132831,652,79080,4,144000,1.00824481538
53119,53259,54114,140,855,8,6000,1.16374269006
53263,53331,55966,68,2635,5,14400,1.02580645161
53334,53341,56063,7,2722,5,14400,1.0025716385
53345,53365,55668,20,2303,5,14400,1.00868432479
53366,53372,55823,6,2451,5,14400,1.00244798042
53376,53445,56149,69,2704,5,14400,1.02551775148
53448,53454,55748,6,2294,5,14400,1.00261551874
53458,53464,55860,6,2396,5,14400,1.00250417362
53469,53475,55750,6,2275,5,14400,1.00263736264
53479,53520,55810,41,2290,5,14400,1.01790393013
53520,53526,56259,6,2733,5,14400,1.00219538968
53531,53545,56065,14,2520,5,14400,1.00555555556
53541,53552,55963,11,2411,5,14400,1.00456242223
53552,53560,55936,8,2376,5,14400,1.00336700337
53562,53724,56203,162,2479,5,14400,1.06534893102
53725,53731,56402,6,2671,5,14400,1.00224634968
53735,53742,56244,7,2502,5,14400,1.00279776179
53746,53757,56238,11,2481,5,14400,1.00443369609
53757,53877,57433,120,3556,5,14400,1.03374578178
53879,53885,56527,6,2642,5,14400,1.00227100681
53889,53985,56617,96,2632,5,14400,1.03647416413
53981,54036,56653,55,2617,5,14400,1.02101643103
54032,54043,56461,11,2418,5,14400,1.00454921423
54043,54125,56718,82,2593,5,14400,1.03162360201
54124,54132,56807,8,2675,5,14400,1.00299065421
54135,55679,58251,1544,2572,5,14400,1.60031104199
55677,55760,58762,83,3002,5,14400,1.02764823451
55758,55766,57913,8,2147,5,14400,1.00372612948
55769,55821,58230,52,2409,5,14400,1.02158572022
55820,55834,58172,14,2338,5,14400,1.00598802395
55831,55871,58415,40,2544,5,14400,1.01572327044
55872,55947,58586,75,2639,5,14400,1.02841985601
55943,55974,58381,31,2407,5,14400,1.01287910262
55974,55981,58785,7,2804,5,14400,1.00249643367
55985,56074,58689,89,2615,5,14400,1.03403441683
56077,56083,58416,6,2333,5,14400,1.00257179597
56087,56160,58632,73,2472,5,14400,1.02953074434
56159,56214,58878,55,2664,5,14400,1.02064564565
56210,56250,58923,40,2673,5,14400,1.01496445941
56251,56256,58507,5,2251,5,14400,1.00222123501
56261,56270,58595,9,2325,5,14400,1.00387096774
56272,56413,59203,141,2790,5,14400,1.05053763441
56414,56472,59189,58,2717,5,14400,1.02134707398
56476,56539,58814,63,2275,5,14400,1.02769230769
56537,56628,59071,91,2443,5,14400,1.03724928367
56628,56665,59440,37,2775,5,14400,1.01333333333
56669,56729,59204,60,2475,5,14400,1.02424242424
56731,56818,59411,87,2593,5,14400,1.03355187042
56822,57445,59904,623,2459,5,14400,1.25335502237
57442,57925,60474,483,2549,5,14400,1.18948607297
57929,58183,60568,254,2385,5,14400,1.10649895178
58183,58241,61255,58,3014,5,14400,1.01924353019
58244,58262,60522,18,2260,5,14400,1.00796460177
58265,58392,60552,127,2160,5,14400,1.0587962963
58397,58426,60700,29,2274,5,14400,1.0127528584
58428,58434,60967,6,2533,5,14400,1.00236873273
58438,58518,60854,80,2336,5,14400,1.03424657534
58520,58597,61557,77,2960,5,14400,1.02601351351
58602,58607,61014,5,2407,5,14400,1.00207727462
58612,58643,61115,31,2472,5,14400,1.01254045307
58643,58676,61345,33,2669,5,14400,1.01236418134
58674,58682,61565,8,2883,5,14400,1.00277488727
58684,58690,61002,6,2312,5,14400,1.00259515571
58695,58701,61156,6,2455,5,14400,1.00244399185
58705,58712,61061,7,2349,5,14400,1.00297999149
58716,58722,61552,6,2830,5,14400,1.00212014134
58726,58732,61161,6,2429,5,14400,1.00247015233
58737,58743,61087,6,2344,5,14400,1.00255972696
58747,58773,61321,26,2548,5,14400,1.01020408163
58778,58797,61508,19,2711,5,14400,1.00700848395
58799,58825,61489,26,2664,5,14400,1.00975975976
58830,58889,61686,59,2797,5,14400,1.02109402932
58891,58935,61528,44,2593,5,14400,1.01696876205
58932,59082,61373,150,2291,5,14400,1.06547359232
59084,59201,61750,117,2549,5,14400,1.04590035308
59207,59214,62013,7,2799,5,14400,1.00250089318
59217,59223,61542,6,2319,5,14400,1.00258732212
59228,59422,61864,194,2442,5,14400,1.07944307944
59421,59451,61843,30,2392,5,14400,1.01254180602
59452,59916,62651,464,2735,5,14400,1.16965265082
59919,60485,62725,566,2240,5,14400,1.25267857143
60488,60533,63280,45,2747,5,14400,1.0163815071
60530,60564,63323,34,2759,5,14400,1.01232330555
60561,60579,63257,18,2678,5,14400,1.00672143391
60581,60712,63264,131,2552,5,14400,1.0513322884
60714,60865,63088,151,2223,5,14400,1.06792622582
60867,60978,63936,111,2958,5,14400,1.03752535497
60979,61013,63523,34,2510,5,14400,1.01354581673
61010,61025,63294,15,2269,5,14400,1.00661084178
61030,61072,63402,42,2330,5,14400,1.01802575107
61071,61099,63327,28,2228,5,14400,1.01256732496
61102,61126,63430,24,2304,5,14400,1.01041666667
61123,61167,63982,44,2815,5,14400,1.01563055062
61164,61174,63459,10,2285,5,14400,1.00437636761
61175,61266,63876,91,2610,5,14400,1.03486590038
61266,61333,63903,67,2570,5,14400,1.02607003891
61338,61356,63765,18,2409,5,14400,1.00747198007
61359,61385,63996,26,2611,5,14400,1.00995787055
61389,61500,63960,111,2460,5,14400,1.04512195122
61502,61520,63863,18,2343,5,14400,1.00768245839
61522,61540,64206,18,2666,5,14400,1.00675168792
61543,61553,64305,10,2752,5,14400,1.00363372093
61554,61564,64201,10,2637,5,14400,1.00379218809
61564,61570,64270,6,2700,5,14400,1.00222222222
61575,61581,64000,6,2419,5,14400,1.00248036379
61585,61697,65068,112,3371,5,14400,1.03322456244
61697,61761,64433,64,2672,5,14400,1.02395209581
61759,61855,64255,96,2400,5,14400,1.04
61861,61876,64206,15,2330,5,14400,1.00643776824
61881,62025,64333,144,2308,5,14400,1.06239168111
62024,62662,65213,638,2551,5,14400,1.25009800078
62664,62736,65435,72,2699,5,14400,1.02667654687
62735,63099,65402,364,2303,5,14400,1.15805471125
63101,63269,65829,168,2560,5,14400,1.065625
63274,63280,66339,6,3059,5,14400,1.0019614253
63285,63291,65849,6,2558,5,14400,1.00234558249
63295,63306,65598,11,2292,5,14400,1.00479930192
63306,63334,66060,28,2726,5,14400,1.01027146001
63337,63343,65741,6,2398,5,14400,1.00250208507
63348,63442,64323,94,881,8,6000,1.1066969353
63440,63470,64295,30,825,8,6000,1.03636363636
63471,63777,64618,306,841,8,6000,1.36385255648
63493,64212,66434,719,2222,4,144000,1.32358235824
63776,63887,64743,111,856,8,6000,1.1296728972
63888,63914,64730,26,816,8,6000,1.0318627451
63919,63971,64802,52,831,8,6000,1.06257521059
63970,63993,64815,23,822,8,6000,1.02798053528
63990,64011,64847,21,836,8,6000,1.02511961722
64011,64219,65053,208,834,8,6000,1.24940047962
64215,64266,65097,51,831,8,6000,1.06137184116
64256,66461,70668,2205,4207,4,144000,1.52412645591
64260,66572,109559,2312,42987,4,144000,1.05378370205
64264,66577,109463,2313,42886,4,144000,1.05393368465
64266,64307,65149,41,842,8,6000,1.0486935867
64308,64316,65157,8,841,8,6000,1.00951248514
64318,64334,65147,16,813,8,6000,1.0196801968
64339,64345,65173,6,828,8,6000,1.00724637681
64349,64629,65452,280,823,8,6000,1.34021871203
64634,64741,65564,107,823,8,6000,1.13001215067
64670,69048,109494,4378,40446,4,144000,1.10824308955
64676,69053,109369,4377,40316,4,144000,1.10856731819
64746,64754,65612,8,858,8,6000,1.00932400932
64757,64814,65654,57,840,8,6000,1.06785714286
64818,64827,65711,9,884,8,6000,1.01018099548
64829,64859,65696,30,837,8,6000,1.03584229391
64860,65064,66259,204,1195,8,6000,1.17071129707
65063,65080,65908,17,828,8,6000,1.02053140097
65084,65109,65930,25,821,8,6000,1.03045066991
65105,65158,65992,53,834,8,6000,1.06354916067
65156,65165,66064,9,899,8,6000,1.01001112347
65166,65172,66002,6,830,8,6000,1.00722891566
65177,65184,66019,7,835,8,6000,1.00838323353
65187,65224,66072,37,848,8,6000,1.04363207547
65228,65446,66279,218,833,8,6000,1.26170468187
65442,65463,66324,21,861,8,6000,1.0243902439
65463,65575,66442,112,867,8,6000,1.1291810842
65542,70472,73380,4930,2908,4,144000,2.69532324622
65575,65623,66446,48,823,8,6000,1.05832320778
65588,70537,70572,4949,35,4,144000,142.4
65594,70584,70598,4990,14,4,144000,357.428571429
65626,65666,66573,40,907,8,6000,1.0441014333
65667,65707,66558,40,851,8,6000,1.04700352526
65708,65723,66554,15,831,8,6000,1.01805054152
65718,65752,66582,34,830,8,6000,1.04096385542
65749,65840,67370,91,1530,8,6000,1.05947712418
65841,65919,66753,78,834,8,6000,1.09352517986
65923,65942,66773,19,831,8,6000,1.02286401925
65943,66003,66814,60,811,8,6000,1.07398273736
66005,66013,66838,8,825,8,6000,1.0096969697
66015,66031,66870,16,839,8,6000,1.01907032181
66036,66071,66943,35,872,8,6000,1.04013761468
66067,66077,67018,10,941,8,6000,1.01062699256
66077,66084,66903,7,819,8,6000,1.00854700855
66088,66270,67101,182,831,8,6000,1.21901323706
66271,66290,67145,19,855,8,6000,1.02222222222
66292,66335,67216,43,881,8,6000,1.04880817253
66333,66350,67196,17,846,8,6000,1.02009456265
66354,66454,67291,100,837,8,6000,1.11947431302
66456,66468,67313,12,845,8,6000,1.01420118343
66466,66566,67411,100,845,8,6000,1.11834319527
66568,66584,67424,16,840,8,6000,1.01904761905
66589,66595,67442,6,847,8,6000,1.00708382527
66599,66764,67623,165,859,8,6000,1.19208381839
66762,66785,67636,23,851,8,6000,1.02702702703
66783,66825,67703,42,878,8,6000,1.04783599089
66824,66850,67697,26,847,8,6000,1.03069657615
66855,66881,67797,26,916,8,6000,1.02838427948
66886,66915,67823,29,908,8,6000,1.03193832599
66916,66954,68119,38,1165,8,6000,1.03261802575
66957,67029,67868,72,839,8,6000,1.08581644815
67029,67113,68133,84,1020,8,6000,1.08235294118
67110,67156,67988,46,832,8,6000,1.05528846154
67161,67207,68146,46,939,8,6000,1.04898828541
67202,67227,68149,25,922,8,6000,1.02711496746
67223,67302,68383,79,1081,8,6000,1.07308048104
67270,70609,70690,3339,81,1,43200,42.2222222222
67305,67324,68169,19,845,8,6000,1.0224852071
67325,67381,68241,56,860,8,6000,1.06511627907
67377,67422,68296,45,874,8,6000,1.05148741419
67418,67435,68432,17,997,8,6000,1.01705115346
67438,67453,68433,15,980,8,6000,1.01530612245
67449,67634,68505,185,871,8,6000,1.21239954076
67632,67647,68496,15,849,8,6000,1.01766784452
67643,67708,68641,65,933,8,6000,1.06966773848
67704,67715,68572,11,857,8,6000,1.01283547258
67714,67808,68647,94,839,8,6000,1.11203814064
67806,67835,68715,29,880,8,6000,1.03295454545
67837,67879,68732,42,853,8,6000,1.04923798359
67878,67999,68841,121,842,8,6000,1.14370546318
68000,68131,68990,131,859,8,6000,1.15250291036
68133,68144,69221,11,1077,8,6000,1.01021355617
68143,68158,69020,15,862,8,6000,1.01740139211
68154,68165,69034,11,869,8,6000,1.01265822785
68165,68181,69021,16,840,8,6000,1.01904761905
68185,68252,69095,67,843,8,6000,1.07947805457
68257,68308,69171,51,863,8,6000,1.05909617613
68308,68394,69263,86,869,8,6000,1.09896432681
68389,68443,69318,54,875,8,6000,1.06171428571
68442,68450,69409,8,959,8,6000,1.00834202294
68453,68507,69371,54,864,8,6000,1.0625
68504,68516,69377,12,861,8,6000,1.01393728223
68515,68583,69656,68,1073,8,6000,1.06337371855
68584,70615,675459,2031,604844,1,604800,1.00335789063
68586,68652,69505,66,853,8,6000,1.07737397421
68647,68659,69520,12,861,8,6000,1.01393728223
68658,68726,69648,68,922,8,6000,1.0737527115
68729,68743,69594,14,851,8,6000,1.01645123384
68740,68852,69689,112,837,8,6000,1.13381123059
68852,69001,70014,149,1013,8,6000,1.14708785785
69004,69031,69892,27,861,8,6000,1.03135888502
69035,69041,70092,6,1051,8,6000,1.00570884872
69046,69106,69951,60,845,8,6000,1.07100591716
69107,69182,70052,75,870,8,6000,1.08620689655
69179,69233,70094,54,861,8,6000,1.06271777003
69181,70104,71515,923,1411,6,7200,1.65414599575
69230,69274,70174,44,900,8,6000,1.04888888889
69271,69329,70201,58,872,8,6000,1.06651376147
69332,69382,70247,50,865,8,6000,1.05780346821
69344,70190,70654,846,464,4,10800,2.82327586207
69344,70259,70761,915,502,4,10800,2.82270916335
69344,70185,70677,841,492,4,10800,2.7093495935
69344,70271,70734,927,463,4,10800,3.00215982721
69345,70466,70954,1121,488,4,10800,3.29713114754
69345,70399,70790,1054,391,4,10800,3.69565217391
69345,70276,70764,931,488,4,10800,2.90778688525
69345,70404,70745,1059,341,4,10800,4.10557184751
69383,69389,70252,6,863,8,6000,1.00695249131
69394,69420,70276,26,856,8,6000,1.03037383178
69419,70116,71528,697,1412,6,7200,1.49362606232
69424,69516,70388,92,872,8,6000,1.10550458716
69516,69531,70406,15,875,8,6000,1.01714285714
69527,69605,70455,78,850,8,6000,1.09176470588
69608,69659,70553,51,894,8,6000,1.05704697987
69659,69667,70526,8,859,8,6000,1.00931315483
69670,69700,70563,30,863,8,6000,1.03476245655
69701,69903,70925,202,1022,8,6000,1.19765166341
69904,69963,70819,59,856,8,6000,1.06892523364
69965,70026,71068,61,1042,8,6000,1.05854126679
70027,70110,72748,83,2638,5,14400,1.03146322972
70109,70122,73308,13,3186,5,14400,1.00408035154
70119,70213,72421,94,2208,5,14400,1.04257246377
70211,70265,72720,54,2455,5,14400,1.02199592668
70262,70288,72962,26,2674,5,14400,1.00972326103
70283,70294,72715,11,2421,5,14400,1.00454357703
70293,70417,72855,124,2438,5,14400,1.05086136177
70416,70424,72626,8,2202,5,14400,1.00363306085
70426,70564,72782,138,2218,5,14400,1.06221821461
70559,70571,73420,12,2849,5,14400,1.00421200421
70560,70578,72826,18,2248,5,14400,1.00800711744
70570,70589,73100,19,2511,5,14400,1.00756670649
70581,70665,72891,84,2226,5,14400,1.03773584906
70663,70679,73198,16,2519,5,14400,1.00635172688
70684,70701,73381,17,2680,5,14400,1.00634328358
70704,70756,73524,52,2768,5,14400,1.01878612717
70756,70772,73384,16,2612,5,14400,1.00612557427
70776,70782,73281,6,2499,5,14400,1.00240096038
70787,70801,73436,14,2635,5,14400,1.00531309298
70797,70830,73406,33,2576,5,14400,1.01281055901
70828,70936,73462,108,2526,5,14400,1.04275534442
70913,73409,110484,2496,37075,4,144000,1.06732299393
70917,75511,110347,4594,34836,4,144000,1.13187507176
70940,70946,73525,6,2579,5,14400,1.00232648313
70951,70965,73553,14,2588,5,14400,1.00540958269
70961,71079,73699,118,2620,5,14400,1.04503816794
71083,71539,73892,456,2353,5,14400,1.19379515512
71275,71545,71556,270,11,1,3600,25.5454545455
71480,71526,71622,46,96,6,14400,1.47916666667
71541,72432,75331,891,2899,5,14400,1.30734736116
71627,71633,73300,6,1667,6,14400,1.00359928014
71657,71663,71881,6,218,1,3600,1.02752293578
71756,71892,77123,136,5231,1,7200,1.02599885299
71871,73299,73305,1428,6,1,7200,143.4
72013,73293,74000,1280,707,6,7200,2.81046676096
72103,73397,80618,1294,7221,1,7200,1.17919955685
72434,72637,74886,203,2249,5,14400,1.09026233882
72638,72727,75090,89,2363,5,14400,1.03766398646
72729,72736,75198,7,2462,5,14400,1.0028432169
72740,72759,75343,19,2584,5,14400,1.00735294118
72761,72793,75426,32,2633,5,14400,1.01215343714
72792,72837,75405,45,2568,5,14400,1.01752336449
72833,72866,75525,33,2659,5,14400,1.01241068071
72863,72903,75499,40,2596,5,14400,1.01540832049
72904,72973,75375,69,2402,5,14400,1.02872606162
72976,73111,75749,135,2638,5,14400,1.05117513268
73108,73209,75510,101,2301,5,14400,1.04389395915
73127,73319,73320,192,1,2,3540,19.3
73210,73311,75908,101,2597,5,14400,1.03889102811
73312,73325,75660,13,2335,5,14400,1.00556745182
73323,73392,75698,69,2306,5,14400,1.02992194276
73390,73415,82095,25,8680,1,14400,1.00288018433
73394,73404,76079,10,2675,5,14400,1.00373831776
73405,73421,76201,16,2780,5,14400,1.00575539568
73425,73431,75736,6,2305,5,14400,1.00260303688
73436,73447,75756,11,2309,5,14400,1.00476396709
73446,73473,76299,27,2826,5,14400,1.00955414013
73477,73536,76108,59,2572,5,14400,1.02293934681
73538,73545,76234,7,2689,5,14400,1.00260319821
73549,73564,76164,15,2600,5,14400,1.00576923077
73559,73711,76062,152,2351,5,14400,1.064653339
73712,73903,76326,191,2423,5,14400,1.0788278993
73905,74011,76967,106,2956,5,14400,1.03585926928
74007,74608,76868,601,2260,5,14400,1.26592920354
74606,74897,77062,291,2165,5,14400,1.13441108545
74901,75101,77338,200,2237,5,14400,1.08940545373
75104,75209,78023,105,2814,5,14400,1.03731343284
75206,75342,77848,136,2506,5,14400,1.05426975259
75338,75354,78262,16,2908,5,14400,1.00550206327
75359,75386,77694,27,2308,5,14400,1.01169844021
75390,75416,78077,26,2661,5,14400,1.00977076287
75421,75437,78035,16,2598,5,14400,1.00615858353
75441,75521,78545,80,3024,5,14400,1.02645502646
75523,75536,77838,13,2302,5,14400,1.00564726325
75534,75671,78163,137,2492,5,14400,1.05497592295
75676,75709,77954,33,2245,5,14400,1.01469933185
75685,80629,80758,4944,129,1,3600,39.3255813953
75707,75747,78423,40,2676,5,14400,1.01494768311
75748,75761,78336,13,2575,5,14400,1.00504854369
75759,75768,78255,9,2487,5,14400,1.00361881785
75769,75919,78417,150,2498,5,14400,1.06004803843
75922,76074,78735,152,2661,5,14400,1.05712138294
76075,76090,79361,15,3271,5,14400,1.00458575359
76095,76119,78513,24,2394,5,14400,1.01002506266
76116,76176,78785,60,2609,5,14400,1.02299731698
76177,76212,78455,35,2243,5,14400,1.01560410165
76208,76245,78561,37,2316,5,14400,1.01597582038
76249,76310,78840,61,2530,5,14400,1.02411067194
76310,76338,78616,28,2278,5,14400,1.01229148376
76341,76879,79218,538,2339,5,14400,1.23001282599
76879,76978,79401,99,2423,5,14400,1.04085843995
76981,77074,79781,93,2707,5,14400,1.03435537495
77073,77134,79431,61,2297,5,14400,1.02655637788
77134,77349,80071,215,2722,5,14400,1.07898603968
77348,77706,80382,358,2676,5,14400,1.13378176383
77705,77850,80504,145,2654,5,14400,1.05463451394
77847,77860,80471,13,2611,5,14400,1.00497893527
77858,77965,80192,107,2227,5,14400,1.0480466996
77970,78034,81560,64,3526,5,14400,1.01815087918
78031,78047,80459,16,2412,5,14400,1.00663349917
78051,78089,80380,38,2291,5,14400,1.01658664339
78092,78174,80427,82,2253,5,14400,1.03639591656
78174,78267,80527,93,2260,5,14400,1.04115044248
78266,78273,80625,7,2352,5,14400,1.00297619048
78276,78347,81249,71,2902,5,14400,1.0244658856
78348,78428,80628,80,2200,5,14400,1.03636363636
78429,78435,81036,6,2601,5,14400,1.00230680507
78440,78466,80837,26,2371,5,14400,1.0109658372
78471,78524,80976,53,2452,5,14400,1.02161500816
78522,78556,81147,34,2591,5,14400,1.01312234658
78552,78572,81007,20,2435,5,14400,1.00821355236
78573,78628,81010,55,2382,5,14400,1.02308984047
78624,78746,81368,122,2622,5,14400,1.0465293669
78746,78796,81825,50,3029,5,14400,1.01650709805
78798,78852,81379,54,2527,5,14400,1.0213692125
78849,79229,81691,380,2462,5,14400,1.15434606011
79235,79372,81769,137,2397,5,14400,1.0571547768
79377,79413,82371,36,2958,5,14400,1.0121703854
79418,79442,82121,24,2679,5,14400,1.00895856663
79439,79792,82144,353,2352,5,14400,1.15008503401
79795,80082,82358,287,2276,5,14400,1.12609841828
80079,80203,82510,124,2307,5,14400,1.05374945817
80201,80391,82770,190,2379,5,14400,1.0798654897
80395,80401,83009,6,2608,5,14400,1.0023006135
80405,80438,82835,33,2397,5,14400,1.01376720901
80436,80471,82930,35,2459,5,14400,1.01423342822
80467,80482,83227,15,2745,5,14400,1.00546448087
80488,80516,83127,28,2611,5,14400,1.01072386059
80518,80538,82817,20,2279,5,14400,1.00877577885
80539,80637,83424,98,2787,5,14400,1.03516325798
80540,80650,80656,110,6,1,3600,11.6
80540,80644,80650,104,6,1,3600,11.0
80540,80655,80661,115,6,1,3600,12.1
80641,80672,82870,31,2198,5,14400,1.01410373066
80673,80987,81820,314,833,8,6000,1.37695078031
80988,81019,81888,31,869,8,6000,1.03567318757
81019,81047,81888,28,841,8,6000,1.03329369798
81050,81260,82089,210,829,8,6000,1.2533172497
81264,81379,82274,115,895,8,6000,1.12849162011
81376,81571,82464,195,893,8,6000,1.21836506159
81569,81703,82521,134,818,8,6000,1.16381418093
81701,81831,82673,130,842,8,6000,1.15439429929
81834,81840,82654,6,814,8,6000,1.00737100737
81844,81905,82728,61,823,8,6000,1.07411907655
81905,81912,82746,7,834,8,6000,1.00839328537
81916,82100,82909,184,809,8,6000,1.22744128554
82099,82133,82973,34,840,8,6000,1.04047619048
82130,82285,83125,155,840,8,6000,1.18452380952
82283,82370,83225,87,855,8,6000,1.10175438596
82374,82475,83364,101,889,8,6000,1.11361079865
82381,82387,82576,6,189,1,3600,1.03174603175
82381,82398,82969,17,571,1,3600,1.02977232925
82381,82392,82498,11,106,1,3600,1.10377358491
82382,82404,82580,22,176,1,3600,1.125
82476,82521,83352,45,831,8,6000,1.05415162455
82517,82533,83617,16,1084,8,6000,1.0147601476
82538,82665,83491,127,826,8,6000,1.15375302663
82670,82684,83540,14,856,8,6000,1.01635514019
82681,82739,83551,58,812,8,6000,1.07142857143
82742,82757,83655,15,898,8,6000,1.01670378619
82753,82771,83713,18,942,8,6000,1.01910828025
82773,82782,83607,9,825,8,6000,1.01090909091
82784,82846,83691,62,845,8,6000,1.07337278107
82845,82920,84003,75,1083,8,6000,1.06925207756
82917,82941,83878,24,937,8,6000,1.02561366062
82937,82984,83822,47,838,8,6000,1.05608591885
82989,83020,83836,31,816,8,6000,1.03799019608
83019,83136,84113,117,977,8,6000,1.11975435005
83142,83236,84199,94,963,8,6000,1.09761163032
83233,83242,84197,9,955,8,6000,1.00942408377
83244,83363,84201,119,838,8,6000,1.14200477327
83366,83375,84268,9,893,8,6000,1.01007838746
83377,83435,84357,58,922,8,6000,1.06290672451
83438,83503,84360,65,857,8,6000,1.07584597433
83499,83551,84459,52,908,8,6000,1.05726872247
83551,83562,84500,11,938,8,6000,1.01172707889
83561,83618,84509,57,891,8,6000,1.06397306397
83623,83628,84468,5,840,8,6000,1.00595238095
83633,83666,84566,33,900,8,6000,1.03666666667
83664,83702,84647,38,945,8,6000,1.04021164021
83705,83724,84563,19,839,8,6000,1.02264600715
83726,83833,84694,107,861,8,6000,1.12427409988
83838,83848,84774,10,926,8,6000,1.01079913607
83848,83890,84841,42,951,8,6000,1.04416403785
83889,84014,84848,125,834,8,6000,1.14988009592
83972,85437,85439,1465,2,2,3540,146.7
84012,84124,84987,112,863,8,6000,1.12977983778
84124,84208,85052,84,844,8,6000,1.09952606635
84205,84214,85149,9,935,8,6000,1.00962566845
84216,84222,85065,6,843,8,6000,1.00711743772
84226,84279,85120,53,841,8,6000,1.06302021403
84277,84368,85209,91,841,8,6000,1.10820451843
84369,84375,85223,6,848,8,6000,1.0070754717
84380,84471,85306,91,835,8,6000,1.10898203593
84471,84479,85444,8,965,8,6000,1.00829015544
84482,84511,85346,29,835,8,6000,1.03473053892
84513,84520,85414,7,894,8,6000,1.00782997763
84523,84574,85424,51,850,8,6000,1.06
84575,84580,85417,5,837,8,6000,1.00597371565
84585,84659,85558,74,899,8,6000,1.08231368187
84656,84705,85546,49,841,8,6000,1.05826397146
84708,84786,85625,78,839,8,6000,1.09296781883
84789,84853,85716,64,863,8,6000,1.0741599073
84850,84859,85746,9,887,8,6000,1.01014656144
84861,84998,85855,137,857,8,6000,1.15985997666
84993,85063,85913,70,850,8,6000,1.08235294118
85065,85077,85907,12,830,8,6000,1.01445783133
85075,85131,85977,56,846,8,6000,1.06619385343
85137,85160,86063,23,903,8,6000,1.02547065338
85157,85221,86061,64,840,8,6000,1.07619047619
85218,85235,86181,17,946,8,6000,1.01797040169
85239,85317,86170,78,853,8,6000,1.09144196952
85321,85357,86233,36,876,8,6000,1.04109589041
85362,85425,86268,63,843,8,6000,1.07473309609
85423,85431,86290,8,859,8,6000,1.00931315483
85434,85450,86298,16,848,8,6000,1.01886792453
85454,85460,86310,6,850,8,6000,1.00705882353
85465,85557,86399,92,842,8,6000,1.10926365796
85557,85569,86412,12,843,8,6000,1.01423487544
85567,85636,86487,69,851,8,6000,1.08108108108
85639,85728,86584,89,856,8,6000,1.10397196262
85730,85757,86760,27,1003,8,6000,1.02691924227
85761,85866,86815,105,949,8,6000,1.11064278188
85863,85918,86771,55,853,8,6000,1.06447831184
85914,85924,87011,10,1087,8,6000,1.00919963201
85925,85988,86832,63,844,8,6000,1.07464454976
85986,86072,86926,86,854,8,6000,1.10070257611
86067,86078,86965,11,887,8,6000,1.01240135287
86078,86091,86952,13,861,8,6000,1.01509872242
86088,86182,87028,94,846,8,6000,1.11111111111
86180,86192,87048,12,856,8,6000,1.01401869159
86191,86245,87126,54,881,8,6000,1.06129398411
86242,86279,87335,37,1056,8,6000,1.03503787879
86283,86301,87177,18,876,8,6000,1.02054794521
86304,86309,87408,5,1099,8,6000,1.00454959054
86314,86321,87179,7,858,8,6000,1.00815850816
86325,86410,87267,85,857,8,6000,1.0991831972
86406,86423,87336,17,913,8,6000,1.01861993428
86427,86498,87366,71,868,8,6000,1.08179723502
86498,86596,87476,98,880,8,6000,1.11136363636
86600,86771,87918,171,1147,8,6000,1.14908456844
86773,86783,87780,10,997,8,6000,1.01003009027
86784,86826,87778,42,952,8,6000,1.04411764706
86825,86843,87728,18,885,8,6000,1.02033898305
86846,86937,87811,91,874,8,6000,1.10411899314
86937,86963,87818,26,855,8,6000,1.03040935673
86968,86976,87844,8,868,8,6000,1.00921658986
86979,87022,87894,43,872,8,6000,1.04931192661
87020,87040,88526,20,1486,8,6000,1.0134589502
87041,87059,87910,18,851,8,6000,1.02115158637
87061,87137,88073,76,936,8,6000,1.0811965812
87133,87188,88057,55,869,8,6000,1.06329113924
87184,87194,88067,10,873,8,6000,1.01145475372
87194,87279,88215,85,936,8,6000,1.09081196581
87276,87346,88198,70,852,8,6000,1.08215962441
87347,87354,88229,7,875,8,6000,1.008
87358,87377,88234,19,857,8,6000,1.02217036173
87380,87419,87424,39,5,5,14400,4.4
87421,87435,87440,14,5,5,14400,1.9
87431,87451,87456,20,5,5,14400,2.5
87452,87467,87472,15,5,5,14400,2.0
87463,87483,87488,20,5,5,14400,2.5
87483,87489,87494,6,5,5,14400,1.1
87494,87499,87504,5,5,5,14400,1.0
87504,87510,87514,6,4,5,14400,1.0
87515,87521,87526,6,5,5,14400,1.1
87525,87531,87536,6,5,5,14400,1.1
87536,87542,87547,6,5,5,14400,1.1
87546,87552,87557,6,5,5,14400,1.1
87557,87563,87568,6,5,5,14400,1.1
87567,87573,87578,6,5,5,14400,1.1
87578,87584,87589,6,5,5,14400,1.1
87588,87594,87599,6,5,5,14400,1.1
87599,87605,87610,6,5,5,14400,1.1
87609,87615,87620,6,5,5,14400,1.1
87620,87626,87631,6,5,5,14400,1.1
87630,87636,87641,6,5,5,14400,1.1
87641,87647,87652,6,5,5,14400,1.1
87651,87657,87662,6,5,5,14400,1.1
87662,87668,87673,6,5,5,14400,1.1
87672,87678,87683,6,5,5,14400,1.1
87683,87689,87694,6,5,5,14400,1.1
87693,87699,87703,6,4,5,14400,1.0
87704,87710,87715,6,5,5,14400,1.1
87714,87720,87725,6,5,5,14400,1.1
87725,87731,87736,6,5,5,14400,1.1
87735,87741,87746,6,5,5,14400,1.1
87746,87752,87756,6,4,5,14400,1.0
87756,87762,87767,6,5,5,14400,1.1
87767,87773,87778,6,5,5,14400,1.1
87777,87783,87788,6,5,5,14400,1.1
87788,87794,87799,6,5,5,14400,1.1
87798,87805,87810,7,5,5,14400,1.2
87809,87815,87820,6,5,5,14400,1.1
87819,87826,87831,7,5,5,14400,1.2
87830,87836,87840,6,4,5,14400,1.0
87840,87847,87852,7,5,5,14400,1.2
87851,87857,87861,6,4,5,14400,1.0
87861,87869,87874,8,5,5,14400,1.3
87872,87878,87888,6,10,5,14400,1.6
87882,87889,87894,7,5,5,14400,1.2
87893,87899,87904,6,5,5,14400,1.1
87903,87910,87915,7,5,5,14400,1.2
87914,87920,87925,6,5,5,14400,1.1
87914,87925,87930,11,5,5,14400,1.6
87925,87932,87937,7,5,5,14400,1.2
87925,87937,87942,12,5,5,14400,1.7
87936,87944,87949,8,5,5,14400,1.3
87936,87949,87954,13,5,5,14400,1.8
87947,87961,87966,14,5,5,14400,1.9
87947,87956,87961,9,5,5,14400,1.4
87958,87974,87981,16,7,5,14400,2.3
87958,87968,87973,10,5,5,14400,1.5
87969,87980,87985,11,5,5,14400,1.6
87969,87985,87990,16,5,5,14400,2.1
87979,87992,87997,13,5,5,14400,1.8
87990,87999,88004,9,5,5,14400,1.4
87990,88004,88009,14,5,5,14400,1.9
88001,88016,88021,15,5,5,14400,2.0
88001,88011,88016,10,5,5,14400,1.5
88012,88023,88028,11,5,5,14400,1.6
88012,88029,88033,17,4,5,14400,2.1
88022,88035,88039,13,4,5,14400,1.7
88033,88042,88047,9,5,5,14400,1.4
88033,88047,88052,14,5,5,14400,1.9
88044,88059,88063,15,4,5,14400,1.9
88044,88054,88059,10,5,5,14400,1.5
88055,88071,88076,16,5,5,14400,2.1
88055,88066,88071,11,5,5,14400,1.6
88066,88078,88083,12,5,5,14400,1.7
88076,88090,88094,14,4,5,14400,1.8
88076,88085,88090,9,5,5,14400,1.4
88087,88103,88107,16,4,5,14400,2.0
88087,88097,88102,10,5,5,14400,1.5
88098,88109,88114,11,5,5,14400,1.6
88098,88114,88119,16,5,5,14400,2.1
88109,88121,88126,12,5,5,14400,1.7
88119,88128,88133,9,5,5,14400,1.4
88119,88133,88138,14,5,5,14400,1.9
88130,88145,88149,15,4,5,14400,1.9
88130,88140,88145,10,5,5,14400,1.5
88141,88152,88157,11,5,5,14400,1.6
88141,88157,88162,16,5,5,14400,2.1
88152,88164,88169,12,5,5,14400,1.7
88162,88171,88176,9,5,5,14400,1.4
88162,88176,88181,14,5,5,14400,1.9
88173,88189,88193,16,4,5,14400,2.0
88173,88183,88188,10,5,5,14400,1.5
88184,88195,88200,11,5,5,14400,1.6
88184,88200,88205,16,5,5,14400,2.1
88195,88207,88212,12,5,5,14400,1.7
88205,88220,88224,15,4,5,14400,1.9
88205,88214,88219,9,5,5,14400,1.4
88216,88231,88236,15,5,5,14400,2.0
88216,88226,88231,10,5,5,14400,1.5
88227,88238,88243,11,5,5,14400,1.6
88227,88243,88247,16,4,5,14400,2.0
88238,88250,88255,12,5,5,14400,1.7
88248,88257,88261,9,4,5,14400,1.3
88249,88262,88267,13,5,5,14400,1.8
88259,88269,88274,10,5,5,14400,1.5
88259,88274,88279,15,5,5,14400,2.0
88270,88281,88285,11,4,5,14400,1.5
88270,88286,88291,16,5,5,14400,2.1
88281,88293,88298,12,5,5,14400,1.7
88291,88300,88305,9,5,5,14400,1.4
88292,88305,88310,13,5,5,14400,1.8
88302,88312,88317,10,5,5,14400,1.5
88302,88317,88322,15,5,5,14400,2.0
88313,88324,88333,11,9,5,14400,2.0
88313,88329,88334,16,5,5,14400,2.1
88324,88336,88341,12,5,5,14400,1.7
88334,88343,88348,9,5,5,14400,1.4
88334,88348,88353,14,5,5,14400,1.9
88345,88355,88360,10,5,5,14400,1.5
88357,88362,88386,5,24,8,6000,1.20833333333
88357,88369,88392,12,23,8,6000,1.52173913043
88367,88376,88410,9,34,8,6000,1.26470588235
88368,88381,88413,13,32,8,6000,1.40625
88378,88388,88418,10,30,8,6000,1.33333333333
88379,88393,88435,14,42,8,6000,1.33333333333
88389,88400,88422,11,22,8,6000,1.5
88390,88405,88444,15,39,8,6000,1.38461538462
88400,88412,88428,12,16,8,6000,1.75
88411,88419,88455,8,36,8,6000,1.22222222222
88411,88424,88462,13,38,8,6000,1.34210526316
88421,88431,88452,10,21,8,6000,1.47619047619
88422,88436,88463,14,27,8,6000,1.51851851852
88432,88443,88469,11,26,8,6000,1.42307692308
88433,88448,88473,15,25,8,6000,1.6
88443,88455,88487,12,32,8,6000,1.375
88454,88466,88501,12,35,8,6000,1.34285714286
88454,88461,88487,7,26,8,6000,1.26923076923
88464,88473,88501,9,28,8,6000,1.32142857143
88465,88478,88503,13,25,8,6000,1.52
88475,88484,88510,9,26,8,6000,1.34615384615
88476,88489,88513,13,24,8,6000,1.54166666667
88486,88501,88527,15,26,8,6000,1.57692307692
88486,88496,88529,10,33,8,6000,1.30303030303
88497,88508,88541,11,33,8,6000,1.33333333333
88497,88513,88554,16,41,8,6000,1.39024390244
88508,88520,88563,12,43,8,6000,1.27906976744
88518,88527,88558,9,31,8,6000,1.29032258065
88519,88532,88557,13,25,8,6000,1.52
88529,88539,88578,10,39,8,6000,1.25641025641
88529,88544,88575,15,31,8,6000,1.48387096774
88540,88551,88578,11,27,8,6000,1.40740740741
88540,88556,88580,16,24,8,6000,1.66666666667
88551,88563,88615,12,52,8,6000,1.23076923077
88561,88570,88615,9,45,8,6000,1.2
88562,88576,88619,14,43,8,6000,1.32558139535
88572,88582,88614,10,32,8,6000,1.3125
88573,88587,88626,14,39,8,6000,1.35897435897
88583,88594,88621,11,27,8,6000,1.40740740741
88583,88600,88629,17,29,8,6000,1.58620689655
88594,88606,88635,12,29,8,6000,1.41379310345
88604,88612,88642,8,30,8,6000,1.26666666667
88605,88617,88651,12,34,8,6000,1.35294117647
88615,88624,88670,9,46,8,6000,1.19565217391
88616,88629,88660,13,31,8,6000,1.41935483871
88626,88635,88679,9,44,8,6000,1.20454545455
88626,88641,88673,15,32,8,6000,1.46875
88637,88647,88679,10,32,8,6000,1.3125
88637,88653,88702,16,49,8,6000,1.32653061224
88648,88659,88701,11,42,8,6000,1.2619047619
88648,88664,88701,16,37,8,6000,1.43243243243
88659,88671,88704,12,33,8,6000,1.36363636364
88669,88683,88718,14,35,8,6000,1.4
88669,88678,88715,9,37,8,6000,1.24324324324
88680,88695,88740,15,45,8,6000,1.33333333333
88680,88690,88725,10,35,8,6000,1.28571428571
88691,88707,88739,16,32,8,6000,1.5
88691,88702,88734,11,32,8,6000,1.34375
88702,88714,88749,12,35,8,6000,1.34285714286
88712,88721,88755,9,34,8,6000,1.26470588235
88712,88726,88763,14,37,8,6000,1.37837837838
88723,88739,88773,16,34,8,6000,1.47058823529
88723,88733,88776,10,43,8,6000,1.23255813953
88734,88745,88783,11,38,8,6000,1.28947368421
88734,88750,88794,16,44,8,6000,1.36363636364
88745,88757,88792,12,35,8,6000,1.34285714286
88755,88764,88802,9,38,8,6000,1.23684210526
88756,88769,88801,13,32,8,6000,1.40625
88766,88776,88809,10,33,8,6000,1.30303030303
88767,88781,88821,14,40,8,6000,1.35
88777,88788,88817,11,29,8,6000,1.37931034483
88778,88793,88828,15,35,8,6000,1.42857142857
88788,88800,88842,12,42,8,6000,1.28571428571
88789,88805,88840,16,35,8,6000,1.45714285714
88799,88812,88844,13,32,8,6000,1.40625
88810,88823,88855,13,32,8,6000,1.40625
88810,88818,88857,8,39,8,6000,1.20512820513
88821,88830,88871,9,41,8,6000,1.21951219512
88821,88836,88875,15,39,8,6000,1.38461538462
88832,88842,88878,10,36,8,6000,1.27777777778
88832,88847,88884,15,37,8,6000,1.40540540541
88842,88854,88891,12,37,8,6000,1.32432432432
88843,88859,88907,16,48,8,6000,1.33333333333
88853,88866,88931,13,65,8,6000,1.2
88864,88877,88917,13,40,8,6000,1.325
88864,88872,88922,8,50,8,6000,1.16
88875,88889,88920,14,31,8,6000,1.45161290323
88875,88884,88924,9,40,8,6000,1.225
88886,88902,88945,16,43,8,6000,1.37209302326
88886,88896,88933,10,37,8,6000,1.27027027027
88896,88908,88952,12,44,8,6000,1.27272727273
88907,88915,88958,8,43,8,6000,1.18604651163
88907,88920,88967,13,47,8,6000,1.27659574468
88918,88927,88965,9,38,8,6000,1.23684210526
88918,88932,88976,14,44,8,6000,1.31818181818
88929,88939,88978,10,39,8,6000,1.25641025641
88929,88945,88984,16,39,8,6000,1.41025641026
88940,88951,89006,11,55,8,6000,1.2
88950,88958,88996,8,38,8,6000,1.21052631579
88950,88963,89003,13,40,8,6000,1.325
88961,88970,89035,9,65,8,6000,1.13846153846
88961,88975,89030,14,55,8,6000,1.25454545455
88972,88988,89046,16,58,8,6000,1.27586206897
88972,88982,89018,10,36,8,6000,1.27777777778
88983,88994,89038,11,44,8,6000,1.25
88983,89000,89038,17,38,8,6000,1.44736842105
88994,89006,89044,12,38,8,6000,1.31578947368
89004,89012,89057,8,45,8,6000,1.17777777778
89004,89017,89060,13,43,8,6000,1.3023255814
89015,89030,89069,15,39,8,6000,1.38461538462
89015,89024,89080,9,56,8,6000,1.16071428571
89026,89036,89077,10,41,8,6000,1.24390243902
89036,89042,89086,6,44,8,6000,1.13636363636
89037,89047,89089,10,42,8,6000,1.2380952381
89047,89054,89096,7,42,8,6000,1.16666666667
89047,89060,89101,13,41,8,6000,1.31707317073
89058,89066,89112,8,46,8,6000,1.17391304348
89058,89071,89115,13,44,8,6000,1.29545454545
89069,89078,91639,9,2561,5,14400,1.00351425225
89070,89083,91510,13,2427,5,14400,1.00535640709
89080,89095,91794,15,2699,5,14400,1.00555761393
89080,89090,91358,10,2268,5,14400,1.00440917108
89091,89102,91591,11,2489,5,14400,1.00441944556
89091,89107,91574,16,2467,5,14400,1.00648561005
89102,89114,91614,12,2500,5,14400,1.0048
89112,89121,91469,9,2348,5,14400,1.0038330494
89113,89126,91346,13,2220,5,14400,1.00585585586
89123,89138,91433,15,2295,5,14400,1.00653594771
89123,89133,92260,10,3127,5,14400,1.00319795331
89134,89145,91604,11,2459,5,14400,1.00447336316
89134,89150,91521,16,2371,5,14400,1.00674820751
89145,89157,91754,12,2597,5,14400,1.00462071621
89155,89163,91775,8,2612,5,14400,1.00306278714
89156,89168,91736,12,2568,5,14400,1.0046728972
89166,89175,91653,9,2478,5,14400,1.00363196126
89177,89183,91926,6,2743,5,14400,1.00218738607
89187,89193,92002,6,2809,5,14400,1.00213599146
89198,89204,91829,6,2625,5,14400,1.00228571429
89208,89214,91726,6,2512,5,14400,1.00238853503
89219,89225,91564,6,2339,5,14400,1.0025651988
89229,89235,91844,6,2609,5,14400,1.0022997317
89240,89246,91855,6,2609,5,14400,1.0022997317
89250,89256,91532,6,2276,5,14400,1.00263620387
89261,89267,92232,6,2965,5,14400,1.00202360877
89271,89277,91529,6,2252,5,14400,1.0026642984
89282,89288,91690,6,2402,5,14400,1.0024979184
89292,89298,91703,6,2405,5,14400,1.00249480249
89303,89309,91888,6,2579,5,14400,1.00232648313
89313,89319,92159,6,2840,5,14400,1.00211267606
89324,89330,91730,6,2400,5,14400,1.0025
89334,89340,92128,6,2788,5,14400,1.00215208034
89345,91357,93966,2012,2609,5,14400,1.77117669605
91355,91369,93886,14,2517,5,14400,1.0055621772
91366,91445,94319,79,2874,5,14400,1.02748782185
91448,91481,93817,33,2336,5,14400,1.01412671233
91478,91522,93973,44,2451,5,14400,1.01795185639
91519,91532,94251,13,2719,5,14400,1.00478116955
91530,91540,93872,10,2332,5,14400,1.00428816467
91540,91546,93969,6,2423,5,14400,1.00247626909
91551,91576,93893,25,2317,5,14400,1.01078981442
91572,91585,93887,13,2302,5,14400,1.00564726325
91582,91602,94093,20,2491,5,14400,1.00802890405
91603,91615,94314,12,2699,5,14400,1.00444609114
91614,91625,94185,11,2560,5,14400,1.004296875
91624,91651,94241,27,2590,5,14400,1.01042471042
91655,91664,94178,9,2514,5,14400,1.00357995227
91666,91701,94144,35,2443,5,14400,1.01432664756
91697,91714,94040,17,2326,5,14400,1.00730868444
91717,91737,94928,20,3191,5,14400,1.0062676277
91738,91744,93947,6,2203,5,14400,1.00272355878
91749,91755,93979,6,2224,5,14400,1.00269784173
91759,91765,94083,6,2318,5,14400,1.00258843831
91770,91787,94343,17,2556,5,14400,1.00665101721
91790,91806,94157,16,2351,5,14400,1.00680561463
91811,91840,94741,29,2901,5,14400,1.00999655291
91842,91855,94487,13,2632,5,14400,1.00493920973
91853,91866,94640,13,2774,5,14400,1.00468637347
91863,91900,94609,37,2709,5,14400,1.01365817645
91904,91938,94891,34,2953,5,14400,1.01151371487
91935,92013,94338,78,2325,5,14400,1.0335483871
92017,92140,94588,123,2448,5,14400,1.05024509804
92139,92170,94432,31,2262,5,14400,1.01370468612
92170,92243,95022,73,2779,5,14400,1.02626844189
92241,92271,94721,30,2450,5,14400,1.01224489796
92272,93828,96593,1556,2765,5,14400,1.56274864376
93826,93883,96502,57,2619,5,14400,1.02176403207
93887,93897,96431,10,2534,5,14400,1.00394632991
93898,93903,96618,5,2715,5,14400,1.00184162063
93908,93914,96403,6,2489,5,14400,1.00241060667
93919,93958,96581,39,2623,5,14400,1.01486847122
93960,93977,96261,17,2284,5,14400,1.00744308231
93980,93986,96263,6,2277,5,14400,1.00263504611
93991,93997,96461,6,2464,5,14400,1.00243506494
94001,94007,96363,6,2356,5,14400,1.0025466893
94012,94051,96506,39,2455,5,14400,1.01588594705
94053,94094,96513,41,2419,5,14400,1.01694915254
94094,94104,96817,10,2713,5,14400,1.00368595651
94104,94155,96418,51,2263,5,14400,1.02253645603
94155,94168,96943,13,2775,5,14400,1.00468468468
94166,94189,96856,23,2667,5,14400,1.00862392201
94187,94196,96860,9,2664,5,14400,1.00337837838
94197,94252,96740,55,2488,5,14400,1.02210610932
94248,94262,96855,14,2593,5,14400,1.00539915156
94259,94325,97118,66,2793,5,14400,1.02363050483
94330,94337,96811,7,2474,5,14400,1.00282942603
94341,94349,96609,8,2260,5,14400,1.00353982301
94351,94358,96629,7,2271,5,14400,1.00308234258
94362,94444,96731,82,2287,5,14400,1.03585483166
94444,94499,96784,55,2285,5,14400,1.02407002188
94495,94600,97383,105,2783,5,14400,1.03772906935
94597,94620,96805,23,2185,5,14400,1.01052631579
94617,94651,97204,34,2553,5,14400,1.01331766549
94648,94732,97125,84,2393,5,14400,1.03510238195
94683,94803,94805,120,2,2,3540,12.2
94730,94753,97275,23,2522,5,14400,1.00911974623
94750,94798,97416,48,2618,5,14400,1.01833460657
94802,94810,97233,8,2423,5,14400,1.00330169212
94812,94902,97224,90,2322,5,14400,1.03875968992
94904,94939,97514,35,2575,5,14400,1.01359223301
94935,95033,97815,98,2782,5,14400,1.03522645579
95037,96273,98975,1236,2702,5,14400,1.45743893412
95692,96280,96453,588,173,1,3600,4.39884393064
96276,96287,98836,11,2549,5,14400,1.00431541781
96287,96374,98721,87,2347,5,14400,1.03706859821
96378,96415,99201,37,2786,5,14400,1.01328068916
96419,96429,99083,10,2654,5,14400,1.00376789751
96430,96442,98750,12,2308,5,14400,1.00519930676
96441,96472,98759,31,2287,5,14400,1.01355487538
96471,96514,99048,43,2534,5,14400,1.01696921863
96512,96520,98955,8,2435,5,14400,1.00328542094
96523,96529,99118,6,2589,5,14400,1.0023174971
96533,96592,98865,59,2273,5,14400,1.02595688517
96595,96604,99065,9,2461,5,14400,1.00365704998
96605,96621,99346,16,2725,5,14400,1.00587155963
96624,96631,96991,7,360,1,3600,1.01944444444
96626,96638,99221,12,2583,5,14400,1.00464576074
96637,96644,98904,7,2260,5,14400,1.00309734513
96647,96742,99731,95,2989,5,14400,1.03178320509
96739,96751,99176,12,2425,5,14400,1.00494845361
96750,96816,98174,66,1358,8,6000,1.04860088365
96812,96822,97784,10,962,8,6000,1.0103950104
96822,96866,97691,44,825,8,6000,1.05333333333
96863,96872,97706,9,834,8,6000,1.01079136691
96874,96954,97853,80,899,8,6000,1.08898776418
96956,97137,97976,181,839,8,6000,1.21573301549
97139,97216,98050,77,834,8,6000,1.09232613909
97220,97244,98104,24,860,8,6000,1.02790697674
97241,97286,98101,45,815,8,6000,1.05521472393
97282,97427,98256,145,829,8,6000,1.17490952955
97350,97526,98345,176,819,1,3600,1.2148962149
97425,97702,98563,277,861,8,6000,1.32171893148
97699,97717,98546,18,829,8,6000,1.02171290712
97720,97795,98665,75,870,8,6000,1.08620689655
97791,97826,98648,35,822,8,6000,1.04257907543
97822,97865,99048,43,1183,8,6000,1.03634826712
97863,97988,98836,125,848,8,6000,1.14740566038
97985,98061,98883,76,822,8,6000,1.09245742092
98057,98112,99100,55,988,8,6000,1.05566801619
98108,98118,99188,10,1070,8,6000,1.00934579439
98118,98185,99037,67,852,8,6000,1.07863849765
98190,98267,99106,77,839,8,6000,1.09177592372
98272,98557,99457,285,900,8,6000,1.31666666667
98556,98574,99400,18,826,8,6000,1.02179176755
98577,98659,99496,82,837,8,6000,1.09796893668
98659,98676,99519,17,843,8,6000,1.02016607355
98680,98733,99600,53,867,8,6000,1.06113033449
98731,98770,99626,39,856,8,6000,1.04556074766
98772,98847,99695,75,848,8,6000,1.08844339623
98843,98853,99758,10,905,8,6000,1.01104972376
98854,98894,99763,40,869,8,6000,1.04602991945
98895,98916,99800,21,884,8,6000,1.02375565611
98916,98986,99834,70,848,8,6000,1.08254716981
98987,99048,99876,61,828,8,6000,1.07367149758
99049,99059,99888,10,829,8,6000,1.01206272618
99059,99066,99914,7,848,8,6000,1.00825471698
99070,99094,99920,24,826,8,6000,1.02905569007
99090,99111,99941,21,830,8,6000,1.02530120482
99111,99118,99949,7,831,8,6000,1.00842358604
99122,99129,99963,7,834,8,6000,1.00839328537
99132,99200,100050,68,850,8,6000,1.08
99204,99212,100042,8,830,8,6000,1.00963855422
99214,99357,100201,143,844,8,6000,1.16943127962
99250,99256,99431,6,175,1,3600,1.03428571429
99357,99412,100253,55,841,8,6000,1.06539833532
99408,99468,100382,60,914,8,6000,1.06564551422
99469,99507,100346,38,839,8,6000,1.0452920143
99511,99530,100387,19,857,8,6000,1.02217036173
99531,99611,100444,80,833,8,6000,1.09603841537
99567,100061,100176,494,115,1,3600,5.29565217391
99608,100067,100423,459,356,1,3600,2.2893258427
99613,99638,100485,25,847,8,6000,1.02951593861
99634,99706,100779,72,1073,8,6000,1.06710158434
99705,99742,100642,37,900,8,6000,1.04111111111
99746,99769,100640,23,871,8,6000,1.02640642939
99767,99775,100613,8,838,8,6000,1.00954653938
99777,99811,100657,34,846,8,6000,1.0401891253
99808,99846,100685,38,839,8,6000,1.0452920143
99849,99887,100725,38,838,8,6000,1.04534606205
99890,99899,100874,9,975,8,6000,1.00923076923
99901,99926,100787,25,861,8,6000,1.02903600465
99922,99933,100940,11,1007,8,6000,1.01092353525
99932,99952,100794,20,842,8,6000,1.02375296912
99953,99960,100805,7,845,8,6000,1.00828402367
99963,99974,100821,11,847,8,6000,1.01298701299
99974,100053,100888,79,835,8,6000,1.09461077844
100056,100186,101051,130,865,8,6000,1.15028901734
100188,100212,101051,24,839,8,6000,1.02860548272
100209,100264,101101,55,837,8,6000,1.06571087216
100260,100357,101210,97,853,8,6000,1.11371629543
100352,100394,101240,42,846,8,6000,1.04964539007
100364,100433,100757,69,324,1,3600,1.21296296296
100393,100401,101443,8,1042,8,6000,1.00767754319
100404,100455,101300,51,845,8,6000,1.06035502959
100455,100496,101339,41,843,8,6000,1.04863582444
100496,100624,101471,128,847,8,6000,1.15112160567
100629,100651,101490,22,839,8,6000,1.02622169249
100650,100658,101535,8,877,8,6000,1.00912200684
100660,100668,101523,8,855,8,6000,1.00935672515
100671,100696,101539,25,843,8,6000,1.02965599051
100692,100736,101609,44,873,8,6000,1.05040091638
100733,100791,101656,58,865,8,6000,1.06705202312
100786,100797,101578,11,781,1,3600,1.01408450704
100794,100804,101841,10,1037,8,6000,1.00964320154
100805,100810,101683,5,873,8,6000,1.00572737686
100815,100821,101667,6,846,8,6000,1.00709219858
100826,100832,101749,6,917,8,6000,1.00654307525
100836,100885,101753,49,868,8,6000,1.0564516129
100888,100900,101783,12,883,8,6000,1.01359003398
100898,100951,101803,53,852,8,6000,1.06220657277
100949,101062,101954,113,892,8,6000,1.12668161435
101062,101069,101936,7,867,8,6000,1.00807381776
101072,101113,102171,41,1058,8,6000,1.03875236295
101113,101221,102190,108,969,8,6000,1.11145510836
101225,101251,102100,26,849,8,6000,1.03062426384
101246,101311,102157,65,846,8,6000,1.0768321513
101253,101589,102194,336,605,1,3600,1.55537190083
101308,101351,102204,43,853,8,6000,1.05041031653
101349,101455,102307,106,852,8,6000,1.12441314554
101451,101482,102330,31,848,8,6000,1.03655660377
101482,101501,102607,19,1106,8,6000,1.01717902351
101503,101534,102387,31,853,8,6000,1.03634232122
101534,101546,102426,12,880,8,6000,1.01363636364
101544,101552,102403,8,851,8,6000,1.00940070505
101555,101620,102862,65,1242,8,6000,1.05233494364
101616,101668,102557,52,889,8,6000,1.05849268841
101667,101678,102566,11,888,8,6000,1.01238738739
101678,101695,102610,17,915,8,6000,1.01857923497
101699,101760,102858,61,1098,8,6000,1.05555555556
101760,101767,102620,7,853,8,6000,1.0082063306
101771,101795,102646,24,851,8,6000,1.02820211516
101791,101814,102672,23,858,8,6000,1.02680652681
101812,101852,102705,40,853,8,6000,1.0468933177
101853,101948,102809,95,861,8,6000,1.11033681765
101945,101965,103035,20,1070,8,6000,1.01869158879
101966,102112,102989,146,877,8,6000,1.16647662486
102108,102168,103043,60,875,8,6000,1.06857142857
102169,102182,103043,13,861,8,6000,1.01509872242
102180,102204,103671,24,1467,8,6000,1.0163599182
102201,102215,103153,14,938,8,6000,1.01492537313
102211,102319,103170,108,851,8,6000,1.12690951821
102323,102341,103205,18,864,8,6000,1.02083333333
102344,102398,103254,54,856,8,6000,1.06308411215
102395,102414,103298,19,884,8,6000,1.02149321267
102416,102437,104060,21,1623,8,6000,1.01293900185
102437,102568,105078,131,2510,5,14400,1.05219123506
102570,102578,105365,8,2787,5,14400,1.00287047004
102581,102587,104931,6,2344,5,14400,1.00255972696
102591,102618,104964,27,2346,5,14400,1.01150895141
102623,102629,105291,6,2662,5,14400,1.0022539444
102633,102639,104911,6,2272,5,14400,1.00264084507
102644,102650,104987,6,2337,5,14400,1.00256739409
102654,102660,105015,6,2355,5,14400,1.0025477707
102665,102671,104842,6,2171,5,14400,1.00276370336
102675,102683,105219,8,2536,5,14400,1.00315457413
102686,102692,104927,6,2235,5,14400,1.00268456376
102696,102716,105371,20,2655,5,14400,1.00753295669
102717,102723,105079,6,2356,5,14400,1.0025466893
102727,102820,105248,93,2428,5,14400,1.03830313015
102801,103006,103114,205,108,1,3600,2.89814814815
102819,102869,105638,50,2769,5,14400,1.01805706031
102871,102877,105429,6,2552,5,14400,1.00235109718
102881,102887,105366,6,2479,5,14400,1.00242033078
102892,103000,105562,108,2562,5,14400,1.04215456674
102957,103011,103124,54,113,1,1800,1.47787610619
103004,103017,105687,13,2670,5,14400,1.00486891386
103014,103047,105635,33,2588,5,14400,1.0127511592
103045,103054,105731,9,2677,5,14400,1.00336197236
103056,103062,105408,6,2346,5,14400,1.00255754476
103066,103073,105749,7,2676,5,14400,1.00261584454
103077,103124,105673,47,2549,5,14400,1.01843860337
103118,103164,105567,46,2403,5,14400,1.01914273824
103169,103181,105956,12,2775,5,14400,1.00432432432
103180,103187,105458,7,2271,5,14400,1.00308234258
103190,103216,105653,26,2437,5,14400,1.01066885515
103221,103227,105741,6,2514,5,14400,1.00238663484
103232,103266,105820,34,2554,5,14400,1.01331245106
103262,103309,106037,47,2728,5,14400,1.017228739
103289,104946,105269,1657,323,1,3600,6.13003095975
103314,103320,105695,6,2375,5,14400,1.00252631579
103324,103682,106441,358,2759,5,14400,1.12975715839
103434,104951,105064,1517,113,1,1800,14.4247787611
103680,104071,106789,391,2718,5,14400,1.14385577631
104067,104078,106576,11,2498,5,14400,1.00440352282
104077,104853,107329,776,2476,5,14400,1.31340872375
104850,104922,107216,72,2294,5,14400,1.03138622493
104921,104938,107376,17,2438,5,14400,1.00697292863
104942,104957,107235,15,2278,5,14400,1.00658472344
104953,104975,107369,22,2394,5,14400,1.00918964077
104973,104999,107508,26,2509,5,14400,1.0103626943
105004,105027,107404,23,2377,5,14400,1.00967606226
105025,105090,107473,65,2383,5,14400,1.02727654217
105086,105096,107543,10,2447,5,14400,1.0040866367
105097,105230,108774,133,3544,5,14400,1.0375282167
105229,105259,108038,30,2779,5,14400,1.01079525009
105260,105303,107921,43,2618,5,14400,1.01642475172
105301,105376,107911,75,2535,5,14400,1.02958579882
105373,105383,107853,10,2470,5,14400,1.004048583
105383,105390,107700,7,2310,5,14400,1.00303030303
105394,105419,108139,25,2720,5,14400,1.00919117647
105424,105440,107680,16,2240,5,14400,1.00714285714
105445,105470,107672,25,2202,5,14400,1.01135331517
105466,105573,108093,107,2520,5,14400,1.04246031746
105578,105584,108038,6,2454,5,14400,1.00244498778
105589,105647,108132,58,2485,5,14400,1.02334004024
105650,105656,108642,6,2986,5,14400,1.00200937709
105661,105667,108045,6,2378,5,14400,1.00252312868
105671,105684,108344,13,2660,5,14400,1.00488721805
105682,105698,108746,16,3048,5,14400,1.00524934383
105702,105708,108604,6,2896,5,14400,1.0020718232
105713,105742,108081,29,2339,5,14400,1.01239846088
105715,107933,108516,2218,583,1,1800,4.80445969125
105723,107938,108546,2215,608,1,3600,4.64309210526
105744,105752,108292,8,2540,5,14400,1.0031496063
105754,105760,108012,6,2252,5,14400,1.0026642984
105765,105831,108574,66,2743,5,14400,1.02406124681
105836,105967,108510,131,2543,5,14400,1.05151395989
105969,106049,108546,80,2497,5,14400,1.03203844614
106051,106453,109051,402,2598,5,14400,1.15473441109
106458,106588,109204,130,2616,5,14400,1.0496941896
106590,106800,109448,210,2648,5,14400,1.07930513595
106666,108055,108173,1389,118,1,1800,12.7711864407
106804,107228,109446,424,2218,5,14400,1.1911632101
107231,107246,109941,15,2695,5,14400,1.00556586271
107242,107341,109584,99,2243,5,14400,1.04413731609
107344,107380,109595,36,2215,5,14400,1.01625282167
107385,107391,109897,6,2506,5,14400,1.00239425379
107396,107415,110124,19,2709,5,14400,1.00701365818
107416,107484,109732,68,2248,5,14400,1.03024911032
107488,107519,109940,31,2421,5,14400,1.01280462619
107519,107555,110224,36,2669,5,14400,1.01348819783
107560,107684,109910,124,2226,5,14400,1.05570530099
107682,107691,110512,9,2821,5,14400,1.00319035803
107693,107711,110484,18,2773,5,14400,1.0064911648
107713,107864,110470,151,2606,5,14400,1.05794320798
107866,107923,110440,57,2517,5,14400,1.02264600715
107928,107944,110212,16,2268,5,14400,1.00705467372
107948,108023,110908,75,2885,5,14400,1.0259965338
108020,108049,110412,29,2363,5,14400,1.01227253491
108051,108061,110470,10,2409,5,14400,1.00415110004
108061,108092,110366,31,2274,5,14400,1.01363236588
108092,108104,110339,12,2235,5,14400,1.00536912752
108103,108143,110938,40,2795,5,14400,1.01431127013
108144,108150,110836,6,2686,5,14400,1.00223380491
108154,108183,110460,29,2277,5,14400,1.01273605621
108175,108303,110932,128,2629,5,14400,1.04868771396
108308,108356,110696,48,2340,5,14400,1.02051282051
108359,108521,110984,162,2463,5,14400,1.06577344702
108496,108527,108638,31,111,1,1800,1.27927927928
108522,108557,111080,35,2523,5,14400,1.01387237416
108553,108585,110965,32,2380,5,14400,1.01344537815
108584,108615,110961,31,2346,5,14400,1.01321398124
108615,108654,111242,39,2588,5,14400,1.01506955178
108656,108757,111584,101,2827,5,14400,1.035726919
108758,108785,111381,27,2596,5,14400,1.01040061633
108789,109062,111782,273,2720,5,14400,1.10036764706
109064,109215,111627,151,2412,5,14400,1.06260364842
109216,109380,112206,164,2826,5,14400,1.05803255485
109301,109474,110056,173,582,1,1800,1.29725085911
109379,109457,112080,78,2623,5,14400,1.02973694243
109461,109467,111697,6,2230,5,14400,1.00269058296
109472,109506,111722,34,2216,5,14400,1.01534296029
109502,109571,111899,69,2328,5,14400,1.02963917526
109574,109595,112075,21,2480,5,14400,1.00846774194
109595,109606,112298,11,2692,5,14400,1.00408618128
109605,109662,112306,57,2644,5,14400,1.02155824508
109666,109673,112299,7,2626,5,14400,1.00266565118
109677,109743,112456,66,2713,5,14400,1.02432731294
109749,109908,112482,159,2574,5,14400,1.06177156177
109911,109922,112132,11,2210,5,14400,1.00497737557
109922,109951,112738,29,2787,5,14400,1.01040545389
109953,109959,112191,6,2232,5,14400,1.00268817204
109965,110136,110973,171,837,8,6000,1.20430107527
110138,110235,111221,97,986,8,6000,1.09837728195
110176,110351,110403,175,52,1,1800,4.36538461538
110240,110329,111199,89,870,8,6000,1.10229885057
110332,110359,111204,27,845,8,6000,1.03195266272
110364,110424,111269,60,845,8,6000,1.07100591716
110425,110451,111276,26,825,8,6000,1.03151515152
110456,110481,111531,25,1050,8,6000,1.02380952381
110477,110495,111323,18,828,8,6000,1.02173913043
110497,110504,111560,7,1056,8,6000,1.00662878788
110508,110707,111548,199,841,8,6000,1.23662306778
110665,110848,110928,183,80,1,1800,3.2875
110711,110920,111954,209,1034,8,6000,1.20212765957
110770,110950,118435,180,7485,4,144000,1.02404809619
110775,111287,118441,512,7154,4,144000,1.07156835337
110869,111292,200143,423,88851,4,144000,1.00476077928
110925,110943,111808,18,865,8,6000,1.02080924855
110946,110977,111884,31,907,8,6000,1.0341786108
110977,110984,111827,7,843,8,6000,1.00830367734
110987,110995,111879,8,884,8,6000,1.00904977376
110998,111211,112054,213,843,8,6000,1.25266903915
111207,112097,199966,890,87869,4,144000,1.01012871434
111212,111217,112055,5,838,8,6000,1.00596658711
111218,112756,218277,1538,105521,4,144000,1.01457529781
111222,111232,112060,10,828,8,6000,1.01207729469
111228,113957,222485,2729,108528,4,144000,1.02514558455
111233,111253,112090,20,837,8,6000,1.0238948626
111253,111280,112219,27,939,8,6000,1.02875399361
111284,111335,112163,51,828,8,6000,1.0615942029
111336,111392,112251,56,859,8,6000,1.06519208382
111397,111542,112431,145,889,8,6000,1.16310461192
111540,111559,112371,19,812,8,6000,1.02339901478
111560,111571,112408,11,837,8,6000,1.01314217443
111567,111596,111647,29,51,1,1800,1.56862745098
111571,111638,112479,67,841,8,6000,1.07966706302
111642,111733,112550,91,817,8,6000,1.11138310894
111734,111793,112620,59,827,8,6000,1.07134220073
111768,111911,112205,143,294,1,1800,1.48639455782
111796,111819,113021,23,1202,8,6000,1.01913477537
111816,111838,112674,22,836,8,6000,1.02631578947
111837,111891,112740,54,849,8,6000,1.06360424028
111888,111898,112852,10,954,8,6000,1.01048218029
111899,111965,112792,66,827,8,6000,1.07980652963
111960,112065,113128,105,1063,8,6000,1.0987770461
111978,111985,112066,7,81,1,1800,1.08641975309
112063,112072,112900,9,828,8,6000,1.01086956522
112073,112079,112989,6,910,8,6000,1.00659340659
112084,112090,112925,6,835,8,6000,1.00718562874
112094,112104,113045,10,941,8,6000,1.01062699256
112105,112143,112963,38,820,8,6000,1.04634146341
112146,112174,113242,28,1068,8,6000,1.02621722846
112177,112217,113059,40,842,8,6000,1.04750593824
112218,112230,113076,12,846,8,6000,1.01418439716
112228,112262,113098,34,836,8,6000,1.04066985646
112259,112310,113292,51,982,8,6000,1.05193482688
112310,112317,113152,7,835,8,6000,1.00838323353
112321,112383,113244,62,861,8,6000,1.07200929152
112383,112420,113469,37,1049,8,6000,1.03527168732
112424,112443,113287,19,844,8,6000,1.02251184834
112445,112490,113661,45,1171,8,6000,1.03842869342
112486,112497,113357,11,860,8,6000,1.01279069767
112496,112561,113398,65,837,8,6000,1.07765830346
112558,112632,113622,74,990,8,6000,1.07474747475
112629,112685,113946,56,1261,8,6000,1.04440919905
112681,112749,113661,68,912,8,6000,1.07456140351
112752,112803,113636,51,833,8,6000,1.0612244898
112803,112863,113698,60,835,8,6000,1.07185628743
112865,112912,113760,47,848,8,6000,1.0554245283
112917,112936,113924,19,988,8,6000,1.01923076923
112938,112974,114059,36,1085,8,6000,1.0331797235
112979,113001,113830,22,829,8,6000,1.02653799759
113000,113033,114055,33,1022,8,6000,1.03228962818
113031,113056,113899,25,843,8,6000,1.02965599051
113051,113070,113933,19,863,8,6000,1.02201622248
113072,113087,113940,15,853,8,6000,1.01758499414
113083,113109,113955,26,846,8,6000,1.03073286052
113114,113139,113980,25,841,8,6000,1.02972651605
113114,113262,113559,148,297,1,1800,1.49831649832
113144,113164,114027,20,863,8,6000,1.02317497103
113165,113254,114131,89,877,8,6000,1.10148232611
113257,113268,114110,11,842,8,6000,1.01306413302
113268,113299,114151,31,852,8,6000,1.03638497653
113299,113305,114152,6,847,8,6000,1.00708382527
113309,113368,114300,59,932,8,6000,1.06330472103
113371,113409,114283,38,874,8,6000,1.04347826087
113412,113481,114330,69,849,8,6000,1.08127208481
113484,113633,114493,149,860,8,6000,1.17325581395
113637,113648,114704,11,1056,8,6000,1.01041666667
113647,113672,114591,25,919,8,6000,1.02720348205
113668,113678,114534,10,856,8,6000,1.01168224299
113678,113710,114558,32,848,8,6000,1.03773584906
113709,113771,114619,62,848,8,6000,1.07311320755
113771,113841,114806,70,965,8,6000,1.0725388601
113842,113910,114794,68,884,8,6000,1.07692307692
113914,113935,114779,21,844,8,6000,1.02488151659
113935,113944,114869,9,925,8,6000,1.00972972973
113945,113951,114790,6,839,8,6000,1.00715137068
113956,113963,114834,7,871,8,6000,1.00803673938
113966,113972,114909,6,937,8,6000,1.00640341515
113977,113992,114998,15,1006,8,6000,1.01491053678
113987,114038,115228,51,1190,8,6000,1.04285714286
114039,114066,115072,27,1006,8,6000,1.0268389662
114070,114076,114927,6,851,8,6000,1.00705052879
114080,114122,114995,42,873,8,6000,1.04810996564
114121,114142,114995,21,853,8,6000,1.02461899179
114142,114162,115135,20,973,8,6000,1.02055498458
114163,114168,115025,5,857,8,6000,1.00583430572
114173,114294,115225,121,931,8,6000,1.12996777658
114296,114311,115186,15,875,8,6000,1.01714285714
114316,114341,115184,25,843,8,6000,1.02965599051
114337,114504,115380,167,876,8,6000,1.19063926941
114500,114546,115404,46,858,8,6000,1.05361305361
114551,114569,115646,18,1077,8,6000,1.01671309192
114572,114603,115485,31,882,8,6000,1.03514739229
114603,114630,115498,27,868,8,6000,1.03110599078
114634,114716,115570,82,854,8,6000,1.09601873536
114716,114790,115658,74,868,8,6000,1.08525345622
114787,114801,115679,14,878,8,6000,1.0159453303
114798,114808,115655,10,847,8,6000,1.01180637544
114808,114817,115671,9,854,8,6000,1.01053864169
114819,114845,115716,26,871,8,6000,1.02985074627
114850,114880,115761,30,881,8,6000,1.03405221339
114881,114920,115768,39,848,8,6000,1.04599056604
114922,114938,115776,16,838,8,6000,1.01909307876
114943,115006,116147,63,1141,8,6000,1.05521472393
115005,115012,116014,7,1002,8,6000,1.00698602794
115015,115021,116122,6,1101,8,6000,1.00544959128
115026,115036,115930,10,894,8,6000,1.01118568233
115036,115083,115945,47,862,8,6000,1.05452436195
115087,115146,116000,59,854,8,6000,1.06908665105
115150,115195,118341,45,3146,5,14400,1.01430387794
115191,115201,118142,10,2941,5,14400,1.00340020401
115202,115208,117538,6,2330,5,14400,1.0025751073
115213,115236,118824,23,3588,5,14400,1.00641025641
115233,115244,117850,11,2606,5,14400,1.0042210284
115244,115250,117568,6,2318,5,14400,1.00258843831
115255,115391,117928,136,2537,5,14400,1.05360662199
115387,115398,117632,11,2234,5,14400,1.00492390331
115398,115416,115448,18,32,5,14400,1.5625
115418,115459,118157,41,2698,5,14400,1.01519644181
115459,115496,117890,37,2394,5,14400,1.01545530493
115500,115506,118103,6,2597,5,14400,1.00231035811
115511,115517,117888,6,2371,5,14400,1.00253057782
115521,115528,118050,7,2522,5,14400,1.00277557494
115532,115582,118222,50,2640,5,14400,1.01893939394
115583,115657,118273,74,2616,5,14400,1.02828746177
115655,115664,119341,9,3677,5,14400,1.00244764754
115665,115671,118430,6,2759,5,14400,1.00217470098
115676,115682,118409,6,2727,5,14400,1.00220022002
115687,115693,118150,6,2457,5,14400,1.00244200244
115697,115703,118395,6,2692,5,14400,1.00222882615
115708,115714,118459,6,2745,5,14400,1.00218579235
115718,115724,118396,6,2672,5,14400,1.00224550898
115729,115735,118199,6,2464,5,14400,1.00243506494
115739,115745,118060,6,2315,5,14400,1.00259179266
115750,115773,118958,23,3185,5,14400,1.00722135008
115771,115780,118122,9,2342,5,14400,1.00384286934
115781,115787,118059,6,2272,5,14400,1.00264084507
115792,115798,118321,6,2523,5,14400,1.00237812128
115802,115808,118430,6,2622,5,14400,1.00228832952
115813,115941,118492,128,2551,5,14400,1.05017640141
115945,115956,118429,11,2473,5,14400,1.00444803882
115956,115963,118817,7,2854,5,14400,1.00245269797
115966,116011,119828,45,3817,5,14400,1.01178936337
116007,116025,118497,18,2472,5,14400,1.0072815534
116030,116037,116069,7,32,5,14400,1.21875
116043,116080,118478,37,2398,5,14400,1.0154295246
116086,116133,119013,47,2880,5,14400,1.01631944444
116137,116143,118391,6,2248,5,14400,1.00266903915
116148,116158,116181,10,23,5,14400,1.4347826087
116158,116193,118835,35,2642,5,14400,1.01324753974
116189,117549,120667,1360,3118,5,14400,1.43617703656
117551,117579,119843,28,2264,5,14400,1.01236749117
117582,117643,120317,61,2674,5,14400,1.02281226627
117643,117862,120549,219,2687,5,14400,1.08150353554
117867,117904,120428,37,2524,5,14400,1.014659271
117908,117914,120627,6,2713,5,14400,1.0022115739
117919,117939,120442,20,2503,5,14400,1.00799041151
117939,118062,120682,123,2620,5,14400,1.04694656489
118061,118071,120384,10,2313,5,14400,1.00432338954
118072,118078,118123,6,45,5,14400,1.13333333333
118083,118115,120408,32,2293,5,14400,1.01395551679
118114,118133,120474,19,2341,5,14400,1.00811618966
118134,118140,120417,6,2277,5,14400,1.00263504611
118145,118154,120704,9,2550,5,14400,1.00352941176
118155,118161,120803,6,2642,5,14400,1.00227100681
118166,118173,121027,7,2854,5,14400,1.00245269797
118177,118210,120788,33,2578,5,14400,1.01280062064
118208,118233,120807,25,2574,5,14400,1.00971250971
118238,118284,121006,46,2722,5,14400,1.01689933872
118290,118332,121333,42,3001,5,14400,1.01399533489
118331,118352,120649,21,2297,5,14400,1.0091423596
118351,118403,118465,52,62,5,14400,1.83870967742
118402,118410,119635,8,1225,5,14400,1.00653061224
118413,118419,121141,6,2722,5,14400,1.00220426157
118424,118430,121088,6,2658,5,14400,1.00225733634
118434,118440,121139,6,2699,5,14400,1.00222304557
118445,118451,120901,6,2450,5,14400,1.00244897959
118455,118461,121074,6,2613,5,14400,1.00229621125
118466,118472,121052,6,2580,5,14400,1.0023255814
118476,118483,120805,7,2322,5,14400,1.00301464255
118487,118493,121413,6,2920,5,14400,1.00205479452
118498,118503,120811,5,2308,5,14400,1.00216637782
118508,118514,120873,6,2359,5,14400,1.00254345061
118519,118525,121372,6,2847,5,14400,1.00210748156
118530,118536,120768,6,2232,5,14400,1.00268817204
118540,118828,121677,288,2849,5,14400,1.10108810109
118589,120194,132673,1605,12479,4,144000,1.12861607501
118593,120439,132664,1846,12225,4,144000,1.15100204499
118825,118835,121343,10,2508,5,14400,1.00398724083
118835,118847,121520,12,2673,5,14400,1.00448933782
118846,118969,121116,123,2147,5,14400,1.0572892408
118968,119025,121808,57,2783,5,14400,1.02048149479
119030,119352,122168,322,2816,5,14400,1.11434659091
119355,119646,122681,291,3035,5,14400,1.09588138386
119639,120199,165632,560,45433,2,108000,1.01232584245
119650,119838,119888,188,50,5,14400,4.76
119843,119855,122445,12,2590,5,14400,1.00463320463
119854,119899,122736,45,2837,5,14400,1.01586182587
119895,120189,121995,294,1806,5,14400,1.16279069767
120085,120091,120093,6,2,4,3600,1.0
120169,120175,120186,6,11,4,3600,1.54545454545
120190,120206,122501,16,2295,5,14400,1.00697167756
120210,120328,122844,118,2516,5,14400,1.04689984102
120333,120395,122735,62,2340,5,14400,1.0264957265
120394,120420,120502,26,82,5,14400,1.31707317073
120425,120433,123390,8,2957,5,14400,1.00270544471
120435,120453,122802,18,2349,5,14400,1.00766283525
120456,120485,123064,29,2579,5,14400,1.01124466848
120487,120513,122985,26,2472,5,14400,1.01051779935
120518,120560,120601,42,41,5,14400,2.0243902439
120559,120612,123298,53,2686,5,14400,1.01973194341
120610,120644,123241,34,2597,5,14400,1.01309202926
120641,120660,123132,19,2472,5,14400,1.00768608414
120661,120679,123278,18,2599,5,14400,1.00692574067
120682,120693,123835,11,3142,5,14400,1.00350095481
120693,120715,123377,22,2662,5,14400,1.00826446281
120713,120779,123460,66,2681,5,14400,1.02461767997
120775,120799,123141,24,2342,5,14400,1.01024765158
120795,120815,123691,20,2876,5,14400,1.00695410292
120816,120822,123514,6,2692,5,14400,1.00222882615
120827,120836,123089,9,2253,5,14400,1.00399467377
120837,120843,123233,6,2390,5,14400,1.00251046025
120848,120885,123291,37,2406,5,14400,1.01537822111
120889,120912,123539,23,2627,5,14400,1.00875523411
120909,121017,123623,108,2606,5,14400,1.04144282425
121021,121038,123271,17,2233,5,14400,1.00761307658
121042,121064,123742,22,2678,5,14400,1.00821508588
121063,121086,121117,23,31,5,14400,1.74193548387
121084,121099,123645,15,2546,5,14400,1.00589159466
121104,121128,123590,24,2462,5,14400,1.00974817222
121125,121134,124006,9,2872,5,14400,1.00313370474
121136,121150,123221,14,2071,5,14400,1.00676001931
121147,121344,122449,197,1105,8,6000,1.17828054299
121341,121354,122357,13,1003,8,6000,1.01296111665
121351,121429,122236,78,807,8,6000,1.09665427509
121433,121531,122354,98,823,8,6000,1.11907654921
121535,121819,122634,284,815,8,6000,1.34846625767
121820,122247,123066,427,819,8,6000,1.52136752137
121913,122006,122018,93,12,1,1800,8.75
121952,122012,122057,60,45,1,300,2.33333333333
122127,122372,165613,245,43241,16,43200,1.00566591892
122246,122366,123193,120,827,8,6000,1.14510278114
122369,122463,123347,94,884,8,6000,1.10633484163
122461,122475,122506,14,31,8,6000,1.45161290323
122471,122517,123334,46,817,8,6000,1.05630354957
122522,122646,123455,124,809,8,6000,1.15327564895
122645,122692,123525,47,833,8,6000,1.05642256903
122696,122746,123585,50,839,8,6000,1.05959475566
122717,122753,122761,36,8,1,3600,4.4
122747,122814,123641,67,827,8,6000,1.08101571947
122818,122996,123805,178,809,8,6000,1.22002472188
123002,123075,123884,73,809,8,6000,1.09023485785
123037,123100,123147,63,47,1,36000,2.34042553191
123073,123082,123910,9,828,8,6000,1.01086956522
123084,123143,123956,59,813,8,6000,1.07257072571
123145,123158,124014,13,856,8,6000,1.01518691589
123155,123204,124092,49,888,8,6000,1.05518018018
123207,123245,124066,38,821,8,6000,1.04628501827
123248,123286,124104,38,818,8,6000,1.04645476773
123289,123295,124099,6,804,8,6000,1.00746268657
123299,123309,124127,10,818,8,6000,1.01222493888
123310,123346,124167,36,821,8,6000,1.04384896468
123351,123358,124167,7,809,8,6000,1.0086526576
123362,123389,124484,27,1095,8,6000,1.02465753425
123392,123466,124283,74,817,8,6000,1.0905752754
123422,123525,124385,103,860,1,1800,1.11976744186
123464,123473,124306,9,833,8,6000,1.01080432173
123475,123536,124354,61,818,8,6000,1.07457212714
123536,123555,124382,19,827,8,6000,1.02297460701
123557,123597,124447,40,850,8,6000,1.04705882353
123598,123604,124426,6,822,8,6000,1.00729927007
123609,123652,124746,43,1094,8,6000,1.03930530165
123650,123659,124485,9,826,8,6000,1.01089588378
123660,123753,123802,93,49,8,6000,2.89795918367
123737,123758,123797,21,39,1,36000,1.53846153846
123752,123814,124666,62,852,8,6000,1.07276995305
123813,123821,124662,8,841,8,6000,1.00951248514
123824,123846,124677,22,831,8,6000,1.02647412756
123845,123896,123917,51,21,8,6000,3.42857142857
123896,123922,124746,26,824,8,6000,1.03155339806
123907,123928,123956,21,28,1,36000,1.75
123927,123935,124765,8,830,8,6000,1.00963855422
123937,123967,124810,30,843,8,6000,1.03558718861
123968,124025,124862,57,837,8,6000,1.06810035842
124029,124077,124914,48,837,8,6000,1.05734767025
124081,124103,124945,22,842,8,6000,1.02612826603
124102,124110,124922,8,812,8,6000,1.00985221675
124113,124119,124957,6,838,8,6000,1.00715990453
124123,124138,124955,15,817,8,6000,1.01835985312
124134,124178,124999,44,821,8,6000,1.05359317905
124175,124184,124602,9,418,8,6000,1.02153110048
124185,124295,125119,110,824,8,6000,1.13349514563
124297,124318,125169,21,851,8,6000,1.02467685076
124318,124365,125216,47,851,8,6000,1.05522914219
124367,124401,125127,34,726,1,3600,1.04683195592
124369,124394,125340,25,946,8,6000,1.02642706131
124390,124438,125380,48,942,8,6000,1.05095541401
124441,124459,125273,18,814,8,6000,1.02211302211
124462,124496,125323,34,827,8,6000,1.04111245466
124493,124502,125557,9,1055,8,6000,1.00853080569
124503,124613,125433,110,820,8,6000,1.13414634146
124515,124680,124683,165,3,1,36000,16.8
124537,124686,124687,149,1,1,36000,15.0
124582,124691,124693,109,2,1,36000,11.1
124615,124673,125502,58,829,8,6000,1.06996381182
124677,124697,125530,20,833,8,6000,1.02400960384
124697,124704,124743,7,39,8,6000,1.17948717949
124708,124754,125547,46,793,8,6000,1.0580075662
124759,124765,125723,6,958,8,6000,1.00626304802
124769,124776,125591,7,815,8,6000,1.00858895706
124777,125832,127035,1055,1203,2,1200,1.87697423109
124780,124786,125648,6,862,8,6000,1.00696055684
124791,124821,125695,30,874,8,6000,1.03432494279
124821,124874,125836,53,962,8,6000,1.05509355509
124826,125138,125293,312,155,1,3600,3.01290322581
124829,125304,125665,475,361,1,3600,2.31578947368
124832,125676,126958,844,1282,1,3600,1.65834633385
124873,124925,126380,52,1455,8,6000,1.03573883162
124924,124938,125808,14,870,8,6000,1.01609195402
124934,124956,125778,22,822,8,6000,1.02676399027
124955,124966,125804,11,838,8,6000,1.01312649165
124966,124973,125821,7,848,8,6000,1.00825471698
124976,125010,125827,34,817,8,6000,1.04161566707
125007,125130,125972,123,842,8,6000,1.1460807601
125129,125180,126020,51,840,8,6000,1.06071428571
125181,125227,126057,46,830,8,6000,1.05542168675
125232,125284,126109,52,825,8,6000,1.06303030303
125283,125334,125369,51,35,8,6000,2.45714285714
125334,125351,126264,17,913,8,6000,1.01861993428
125355,125380,126208,25,828,8,6000,1.03019323671
125375,125391,126377,16,986,8,6000,1.01622718053
125391,125838,125953,447,115,1,36000,4.88695652174
125396,125445,125488,49,43,8,6000,2.13953488372
125447,125499,126327,52,828,8,6000,1.06280193237
125467,125848,125893,381,45,1,36000,9.46666666667
125489,125853,125889,364,36,1,36000,11.1111111111
125498,125513,126335,15,822,8,6000,1.01824817518
125509,125541,125576,32,35,8,6000,1.91428571429
125540,125559,126381,19,822,8,6000,1.02311435523
125561,125569,126397,8,828,8,6000,1.00966183575
125571,125588,126492,17,904,8,6000,1.01880530973
125592,125602,125670,10,68,8,6000,1.14705882353
125602,125659,126512,57,853,8,6000,1.06682297773
125664,125683,126520,19,837,8,6000,1.02270011947
125685,125706,126527,21,821,8,6000,1.02557856273
125705,125734,126569,29,835,8,6000,1.03473053892
125714,125843,127104,129,1261,1,3600,1.10229976209
125736,125790,125852,54,62,8,6000,1.87096774194
125787,125815,126643,28,828,8,6000,1.03381642512
125818,125824,126650,6,826,8,6000,1.00726392252
125829,125860,126696,31,836,8,6000,1.03708133971
125860,125867,126697,7,830,8,6000,1.00843373494
125870,125877,127055,7,1178,8,6000,1.00594227504
125881,125887,126719,6,832,8,6000,1.00721153846
125892,125984,126802,92,818,8,6000,1.11246943765
125983,126031,126899,48,868,8,6000,1.05529953917
126035,126068,126970,33,902,8,6000,1.03658536585
126065,126121,127217,56,1096,8,6000,1.05109489051
126117,126220,127183,103,963,8,6000,1.10695742471
126219,126275,127151,56,876,8,6000,1.06392694064
126280,126338,127190,58,852,8,6000,1.06807511737
126326,126347,126348,21,1,1,1800,2.2
126340,126388,184034,48,57646,10,57600,1.00083266836
126342,126393,127231,51,838,8,6000,1.06085918854
126393,126400,127242,7,842,8,6000,1.00831353919
126403,126410,127304,7,894,8,6000,1.00782997763
126405,126531,126578,126,47,1,36000,3.68085106383
126414,126420,127548,6,1128,8,6000,1.00531914894
126424,126503,126538,79,35,8,6000,3.25714285714
126434,126537,127855,103,1318,1,1800,1.07814871017
126506,126524,127362,18,838,8,6000,1.0214797136
126527,126543,127530,16,987,8,6000,1.01621073961
126548,126554,127388,6,834,8,6000,1.0071942446
126558,126580,127428,22,848,8,6000,1.02594339623
126603,126610,126653,7,43,1,36000,1.16279069767
126766,126772,126848,6,76,1,36000,1.07894736842
126806,126813,126873,7,60,1,36000,1.11666666667
126893,126899,126921,6,22,1,36000,1.27272727273
127022,127029,127071,7,42,1,36000,1.16666666667
127256,127262,127264,6,2,1,36000,1.0
127258,127268,307279,10,180011,2,180000,1.00005555216
127306,127312,127314,6,2,1,36000,1.0
127330,127337,127338,7,1,1,36000,1.0
127591,127597,129136,6,1539,2,7200,1.00389863548
127592,127603,129196,11,1593,2,7200,1.0069052103
127594,127608,129173,14,1565,2,7200,1.0089456869
127601,127615,129136,14,1521,2,7200,1.00920447074
127607,127620,129063,13,1443,2,7200,1.00900900901
127614,127627,129155,13,1528,2,7200,1.0085078534
127616,127632,129168,16,1536,2,7200,1.01041666667
127628,127638,129087,10,1449,2,7200,1.00690131125
127629,127643,129161,14,1518,2,7200,1.0092226614
127636,127650,129220,14,1570,2,7200,1.00891719745
127643,127655,129143,12,1488,2,7200,1.00806451613
127649,127661,129262,12,1601,2,7200,1.00749531543
127651,127666,129148,15,1482,2,7200,1.01012145749
127658,127673,129185,15,1512,2,7200,1.00992063492
127665,127678,129139,13,1461,2,7200,1.00889801506
127671,127684,129521,13,1837,2,7200,1.00707675558
127678,127689,129219,11,1530,2,7200,1.00718954248
127680,127696,129138,16,1442,2,7200,1.01109570042
127687,127701,129153,14,1452,2,7200,1.00964187328
127693,127708,129296,15,1588,2,7200,1.00944584383
127700,127713,129200,13,1487,2,7200,1.00874243443
127707,127720,129161,13,1441,2,7200,1.00902151284
127714,127725,129122,11,1397,2,7200,1.00787401575
127721,127732,129336,11,1604,2,7200,1.00685785536
127722,127737,129195,15,1458,2,7200,1.01028806584
127729,127744,129251,15,1507,2,7200,1.0099535501
127736,127749,129363,13,1614,2,7200,1.00805452292
127742,127756,129075,14,1319,2,7200,1.01061410159
127749,127761,129341,12,1580,2,7200,1.00759493671
127756,127768,129287,12,1519,2,7200,1.00789993417
127757,127773,129175,16,1402,2,7200,1.01141226819
127764,127780,129316,16,1536,2,7200,1.01041666667
127771,127785,129220,14,1435,2,7200,1.00975609756
127778,127791,129219,13,1428,2,7200,1.00910364146
127785,127796,129379,11,1583,2,7200,1.00694883133
127791,127803,129391,12,1588,2,7200,1.00755667506
127793,127808,129266,15,1458,2,7200,1.01028806584
127800,127815,129277,15,1462,2,7200,1.01025991792
127806,127820,129385,14,1565,2,7200,1.0089456869
127813,127827,129418,14,1591,2,7200,1.00879949717
127826,127833,127906,7,73,1,36000,1.09589041096
127864,127870,127897,6,27,1,36000,1.22222222222
127879,127885,177815,6,49930,10,57600,1.00012016824
127926,127933,127952,7,19,1,36000,1.36842105263
127935,129162,129250,1227,88,20,43200,14.9431818182
128089,128095,128120,6,25,1,36000,1.24
128149,128156,128216,7,60,1,36000,1.11666666667
128238,128244,128258,6,14,1,36000,1.42857142857
128442,128448,128530,6,82,1,36000,1.07317073171
128570,128576,128625,6,49,1,36000,1.12244897959
128771,128777,128877,6,100,1,36000,1.06
128976,128982,128996,6,14,1,3600,1.42857142857
128981,128988,128990,7,2,2,604800,1.0
129041,129047,129703,6,656,1,36000,1.00914634146
129060,129066,130473,6,1407,2,7200,1.00426439232
129075,129081,130600,6,1519,2,7200,1.00394996708
129090,129096,130652,6,1556,2,7200,1.00385604113
129123,129129,130755,6,1626,2,7200,1.0036900369
129138,129144,130903,6,1759,2,7200,1.00341102899
129140,129151,130596,11,1445,2,7200,1.00761245675
129141,129156,130689,15,1533,2,7200,1.00978473581
129150,129169,269412,19,140243,2,604800,1.00013547913
129157,129174,130635,17,1461,2,7200,1.01163586585
129159,129180,130754,21,1574,2,7200,1.01334180432
129171,129187,130767,16,1580,2,7200,1.01012658228
129177,129192,130730,15,1538,2,7200,1.00975292588
129184,129198,130782,14,1584,2,7200,1.00883838384
129201,129206,130749,5,1543,2,7200,1.0032404407
129202,129213,130899,11,1686,2,7200,1.00652431791
129204,129218,130713,14,1495,2,7200,1.00936454849
129210,129225,130776,15,1551,2,7200,1.00967117988
129217,129230,130615,13,1385,2,7200,1.00938628159
129224,129237,130688,13,1451,2,7200,1.00895933839
129230,129243,130705,13,1462,2,7200,1.00889192886
129237,129249,130725,12,1476,2,7200,1.0081300813
129239,129254,130914,15,1660,2,7200,1.00903614458
129254,129261,130851,7,1590,2,7200,1.00440251572
129256,129267,130654,11,1387,2,7200,1.00793078587
129257,129272,130895,15,1623,2,7200,1.00924214418
129264,129279,130698,15,1419,2,7200,1.01057082452
129271,129284,130753,13,1469,2,7200,1.00884955752
129286,129293,130801,7,1508,2,7200,1.00464190981
129288,129299,130774,11,1475,2,7200,1.00745762712
129289,129304,130740,15,1436,2,7200,1.01044568245
129296,129311,130835,15,1524,2,7200,1.00984251969
129311,129318,130758,7,1440,2,7200,1.00486111111
129326,129332,131018,6,1686,2,7200,1.00355871886
129341,129347,130827,6,1480,2,7200,1.00405405405
129342,129353,130926,11,1573,2,7200,1.00699300699
129363,129369,130956,6,1587,2,7200,1.00378071834
129381,129387,130949,6,1562,2,7200,1.00384122919
129396,129402,131009,6,1607,2,7200,1.00373366521
129398,129408,131051,10,1643,2,7200,1.00608642727
129418,129425,130980,7,1555,2,7200,1.00450160772
129494,129500,129503,6,3,1,36000,1.0
129521,129527,131141,6,1614,2,7200,1.00371747212
129612,129618,129621,6,3,1,36000,1.0
129663,129670,129872,7,202,1,36000,1.03465346535
129850,129856,129923,6,67,1,36000,1.08955223881
129922,129929,129982,7,53,1,36000,1.1320754717
129958,129964,130016,6,52,1,36000,1.11538461538
130019,130026,146736,7,16710,2,72000,1.00041891083
130407,130911,138136,504,7225,64,7200,1.06975778547
130473,130479,131999,6,1520,2,7200,1.00394736842
130597,130603,132184,6,1581,2,7200,1.00379506641
130612,130618,132132,6,1514,2,7200,1.00396301189
130627,130633,132161,6,1528,2,7200,1.00392670157
130642,130647,132210,5,1563,2,7200,1.00319897633
130657,130663,132197,6,1534,2,7200,1.00391134289
130658,130669,132131,11,1462,2,7200,1.00752393981
130688,130695,132267,7,1572,2,7200,1.00445292621
130690,130701,132256,11,1555,2,7200,1.00707395498
130705,130711,132219,6,1508,2,7200,1.00397877984
130707,130717,132446,10,1729,2,7200,1.00578368999
130722,130728,132446,6,1718,2,7200,1.00349243306
130737,130743,132262,6,1519,2,7200,1.00394996708
130738,130750,132259,12,1509,2,7200,1.00795228628
130754,130760,132293,6,1533,2,7200,1.00391389432
130756,130767,132359,11,1592,2,7200,1.00690954774
130757,130773,132440,16,1667,2,7200,1.00959808038
130764,130779,132220,15,1441,2,7200,1.01040943789
130771,130784,132294,13,1510,2,7200,1.00860927152
130787,130793,132271,6,1478,2,7200,1.00405953992
130788,130799,132290,11,1491,2,7200,1.00737759893
130790,130804,132280,14,1476,2,7200,1.00948509485
130796,130810,132488,14,1678,2,7200,1.00834326579
130803,130815,132486,12,1671,2,7200,1.00718132855
130818,130824,132479,6,1655,2,7200,1.00362537764
130833,130839,132401,6,1562,2,7200,1.00384122919
130848,130855,132334,7,1479,2,7200,1.00473292765
130863,130870,132386,7,1516,2,7200,1.00461741425
130896,130903,132362,7,1459,2,7200,1.00479780672
130912,130917,132323,5,1406,2,7200,1.00355618777
130913,130923,132359,10,1436,2,7200,1.0069637883
130928,130934,132483,6,1549,2,7200,1.00387346675
130930,130940,132465,10,1525,2,7200,1.00655737705
130951,130957,132596,6,1639,2,7200,1.00366076876
130966,130972,132388,6,1416,2,7200,1.00423728814
130981,130987,132531,6,1544,2,7200,1.00388601036
131011,131017,132450,6,1433,2,7200,1.00418702024
131026,131032,132651,6,1619,2,7200,1.00370599135
131053,131059,132495,6,1436,2,7200,1.00417827298
131141,131147,132686,6,1539,2,7200,1.00389863548
131997,132003,133452,6,1449,2,7200,1.00414078675
132126,132132,133572,6,1440,2,7200,1.00416666667
132141,132148,133685,7,1537,2,7200,1.00455432661
132163,132169,133836,6,1667,2,7200,1.00359928014
132187,132193,133669,6,1476,2,7200,1.00406504065
132202,132208,133821,6,1613,2,7200,1.00371977681
132218,132224,133650,6,1426,2,7200,1.00420757363
132233,132239,133711,6,1472,2,7200,1.00407608696
132235,132245,133785,10,1540,2,7200,1.00649350649
132256,132262,133866,6,1604,2,7200,1.00374064838
132271,132277,133742,6,1465,2,7200,1.00409556314
132273,132283,133822,10,1539,2,7200,1.0064977258
132274,132288,133985,14,1697,2,7200,1.00824985268
132281,132295,133838,14,1543,2,7200,1.00907323396
132296,132302,133802,6,1500,2,7200,1.004
132298,132308,133935,10,1627,2,7200,1.0061462815
132299,132313,133726,14,1413,2,7200,1.00990799717
132306,132320,133817,14,1497,2,7200,1.00935203741
132324,132330,133900,6,1570,2,7200,1.00382165605
132339,132345,133869,6,1524,2,7200,1.00393700787
132361,132367,133907,6,1540,2,7200,1.0038961039
132362,132373,133875,11,1502,2,7200,1.00732356858
132377,132383,133902,6,1519,2,7200,1.00394996708
132393,132399,133950,6,1551,2,7200,1.00386847195
132394,132405,134028,11,1623,2,7200,1.0067775724
132409,132415,133962,6,1547,2,7200,1.00387847447
132442,132449,134034,7,1585,2,7200,1.00441640379
132444,132455,134023,11,1568,2,7200,1.00701530612
132451,132461,133954,10,1493,2,7200,1.00669792364
132466,132472,134065,6,1593,2,7200,1.00376647834
132468,132478,133992,10,1514,2,7200,1.00660501982
132483,132490,133964,7,1474,2,7200,1.00474898236
132485,132496,134005,11,1509,2,7200,1.00728959576
132486,132501,134014,15,1513,2,7200,1.00991407799
132493,132508,134062,15,1554,2,7200,1.00965250965
132508,132515,134037,7,1522,2,7200,1.00459921156
132532,132538,134116,6,1578,2,7200,1.00380228137
132595,132602,134238,7,1636,2,7200,1.00427872861
132653,132659,134378,6,1719,2,7200,1.0034904014
132686,132692,134152,6,1460,2,7200,1.00410958904
132736,132742,132753,6,11,4,144000,1.54545454545
132738,132748,132760,10,12,4,144000,1.83333333333
132778,132784,276797,6,144013,4,144000,1.00004166291
132784,132790,265857,6,133067,4,144000,1.00004509007
132885,132891,132893,6,2,1,900,1.0
132933,132940,242990,7,110050,4,144000,1.00006360745
133134,133140,133142,6,2,1,900,1.0
133286,133292,133293,6,1,1,900,1.0
133453,133459,134847,6,1388,2,7200,1.00432276657
133528,133534,133540,6,6,1,7200,1.2
133553,133559,133569,6,10,1,7200,1.6
133569,133575,133587,6,12,1,7200,1.5
133573,133581,135232,8,1651,2,7200,1.00484554815
133632,133638,133645,6,7,1,7200,1.3
133652,133658,135186,6,1528,2,7200,1.00392670157
133666,133672,133674,6,2,1,900,1.0
133670,133678,135131,8,1453,2,7200,1.00550584997
133689,133695,135333,6,1638,2,7200,1.00366300366
133713,133719,135169,6,1450,2,7200,1.00413793103
133728,133734,135307,6,1573,2,7200,1.00381436745
133743,133749,135226,6,1477,2,7200,1.00406228842
133786,133792,135335,6,1543,2,7200,1.00388852884
133804,133810,135398,6,1588,2,7200,1.00377833753
133819,133825,135363,6,1538,2,7200,1.00390117035
133834,133840,135500,6,1660,2,7200,1.00361445783
133836,133846,135340,10,1494,2,7200,1.00669344043
133837,133851,135394,14,1543,2,7200,1.00907323396
133852,133858,135374,6,1516,2,7200,1.00395778364
133867,133874,135390,7,1516,2,7200,1.00461741425
133882,133889,135206,7,1317,2,7200,1.0053151101
133884,133895,135352,11,1457,2,7200,1.00754975978
133902,133908,135668,6,1760,2,7200,1.00340909091
133917,133923,135400,6,1477,2,7200,1.00406228842
133918,133929,135473,11,1544,2,7200,1.00712435233
133936,133942,135598,6,1656,2,7200,1.00362318841
133951,133957,135381,6,1424,2,7200,1.00421348315
133964,133970,206016,6,72046,1,72000,1.00008328013
133967,133976,135536,9,1560,2,7200,1.00576923077
133968,133981,135651,13,1670,2,7200,1.00778443114
133975,133988,135437,13,1449,2,7200,1.00897170462
133990,133996,135574,6,1578,2,7200,1.00380228137
134005,134011,135537,6,1526,2,7200,1.00393184797
134006,134022,135602,16,1580,2,7200,1.01012658228
134008,134017,134018,9,1,1,900,1.0
134022,134029,135533,7,1504,2,7200,1.00465425532
134037,134043,135646,6,1603,2,7200,1.00374298191
134038,134049,135567,11,1518,2,7200,1.00724637681
134040,134054,135520,14,1466,2,7200,1.00954979536
134047,134061,135589,14,1528,2,7200,1.00916230366
134065,134071,135736,6,1665,2,7200,1.0036036036
134067,134077,135568,10,1491,2,7200,1.00670690812
134096,134102,134103,6,1,1,3600,1.0
134118,134124,135672,6,1548,2,7200,1.00387596899
134154,134160,135644,6,1484,2,7200,1.00404312668
134199,134206,134207,7,1,1,3600,1.0
134239,134245,135697,6,1452,2,7200,1.0041322314
134381,134387,135759,6,1372,2,7200,1.00437317784
134690,134862,162809,172,27947,2,72000,1.00615450674
134792,134798,134799,6,1,1,900,1.0
134848,134855,136545,7,1690,2,7200,1.00414201183
135116,135219,135396,103,177,1,3600,1.58192090395
135117,135199,135320,82,121,1,3600,1.67768595041
135131,135137,136698,6,1561,2,7200,1.00384368994
135171,135178,136784,7,1606,2,7200,1.00435865504
135186,135193,136823,7,1630,2,7200,1.00429447853
135207,135213,136734,6,1521,2,7200,1.00394477318
135229,135236,136781,7,1545,2,7200,1.00453074434
135244,135251,136880,7,1629,2,7200,1.00429711479
135307,135313,137029,6,1716,2,7200,1.0034965035
135334,135341,136917,7,1576,2,7200,1.00444162437
135349,135356,136935,7,1579,2,7200,1.00443318556
135351,135362,137079,11,1717,2,7200,1.00640652301
135366,135372,136923,6,1551,2,7200,1.00386847195
135367,135379,136811,12,1432,2,7200,1.00837988827
135382,135390,136825,8,1435,2,7200,1.00557491289
135384,135396,136838,12,1442,2,7200,1.00832177531
135399,135406,137018,7,1612,2,7200,1.00434243176
135401,135413,136945,12,1532,2,7200,1.00783289817
135402,135418,137010,16,1592,2,7200,1.01005025126
135417,135424,137032,7,1608,2,7200,1.00435323383
135439,135446,136904,7,1458,2,7200,1.00480109739
135475,135482,136862,7,1380,2,7200,1.00507246377
135502,135510,137076,8,1566,2,7200,1.00510855683
135503,135516,136259,13,743,1,3600,1.01749663526
135521,135527,137065,6,1538,2,7200,1.00390117035
135536,135542,137063,6,1521,2,7200,1.00394477318
135537,135549,137036,12,1487,2,7200,1.00806993948
135539,135554,137083,15,1529,2,7200,1.00981033355
135570,135576,137008,6,1432,2,7200,1.00418994413
135571,135584,137145,13,1561,2,7200,1.00832799488
135586,135592,137091,6,1499,2,7200,1.00400266845
135587,135598,137085,11,1487,2,7200,1.00739744452
135594,135774,152582,180,16808,2,72000,1.0107091861
135603,135609,137143,6,1534,2,7200,1.00391134289
135604,135616,137165,12,1549,2,7200,1.00774693351
135647,135654,137226,7,1572,2,7200,1.00445292621
135648,135661,137286,13,1625,2,7200,1.008
135664,135670,137140,6,1470,2,7200,1.00408163265
135678,135686,137211,8,1525,2,7200,1.00524590164
135680,135693,137205,13,1512,2,7200,1.0085978836
135698,135705,137319,7,1614,2,7200,1.00433705081
135737,135744,137409,7,1665,2,7200,1.0042042042
135761,135767,137285,6,1518,2,7200,1.00395256917
135904,136272,136408,368,136,1,3600,3.70588235294
136548,136554,138072,6,1518,2,7200,1.00395256917
136699,136705,138263,6,1558,2,7200,1.00385109114
136732,136739,138264,7,1525,2,7200,1.00459016393
136783,136789,138295,6,1506,2,7200,1.00398406375
136798,136804,138278,6,1474,2,7200,1.00407055631
136813,136819,138363,6,1544,2,7200,1.00388601036
136828,136834,138378,6,1544,2,7200,1.00388601036
136830,136842,138507,12,1665,2,7200,1.00720720721
136845,136851,138486,6,1635,2,7200,1.00366972477
136863,136870,138477,7,1607,2,7200,1.00435594275
136884,136891,138325,7,1434,2,7200,1.00488145049
136885,136897,136899,12,2,1,36000,1.4
136905,136911,138417,6,1506,2,7200,1.00398406375
136920,136926,138406,6,1480,2,7200,1.00405405405
136935,136942,138561,7,1619,2,7200,1.00432365658
136937,136949,138281,12,1332,2,7200,1.00900900901
136952,136958,138535,6,1577,2,7200,1.00380469245
137009,137016,138636,7,1620,2,7200,1.00432098765
137011,137023,138619,12,1596,2,7200,1.00751879699
137029,137036,138456,7,1420,2,7200,1.00492957746
137031,137043,138662,12,1619,2,7200,1.00741198271
137046,137053,138713,7,1660,2,7200,1.00421686747
137048,137060,138525,12,1465,2,7200,1.00819112628
137063,137069,138522,6,1453,2,7200,1.00412938747
137078,137085,138702,7,1617,2,7200,1.00432900433
137080,137092,138512,12,1420,2,7200,1.00845070423
137088,138148,176578,1060,38430,10,57600,1.02758261775
137095,137106,138657,11,1551,2,7200,1.00709219858
137095,137101,137538,6,437,1,36000,1.01372997712
137097,137114,138704,17,1590,2,7200,1.0106918239
137103,137119,138677,16,1558,2,7200,1.01026957638
137110,137126,138785,16,1659,2,7200,1.00964436407
137144,137151,138755,7,1604,2,7200,1.00436408978
137145,137158,138618,13,1460,2,7200,1.00890410959
137160,137166,138772,6,1606,2,7200,1.00373599004
137175,137182,138711,7,1529,2,7200,1.00457815566
137205,137211,138724,6,1513,2,7200,1.0039656312
137220,137226,138816,6,1590,2,7200,1.00377358491
137233,137550,138551,317,1001,1,36000,1.31668331668
137235,137242,138715,7,1473,2,7200,1.00475220638
137287,137293,138757,6,1464,2,7200,1.00409836066
137288,137300,138732,12,1432,2,7200,1.00837988827
137321,137327,138850,6,1523,2,7200,1.00393959291
137337,138088,139028,751,940,1,36000,1.79893617021
137409,137415,139039,6,1624,2,7200,1.00369458128
137537,138159,138162,622,3,1,36000,62.5
137588,138164,139254,576,1090,1,36000,1.52844036697
137657,138153,183665,496,45512,10,57600,1.01089822464
137953,138169,138346,216,177,1,3600,2.22033898305
138074,138081,139549,7,1468,2,7200,1.00476839237
138086,138175,141529,89,3354,1,14400,1.02653548002
138154,138181,138284,27,103,1,36000,1.26213592233
138251,138257,138283,6,26,1,14400,1.23076923077
138264,138270,139828,6,1558,2,7200,1.00385109114
138265,138276,139846,11,1570,2,7200,1.00700636943
138280,138288,139929,8,1641,2,7200,1.00487507617
138295,138301,139915,6,1614,2,7200,1.00371747212
138297,138308,139885,11,1577,2,7200,1.0069752695
138326,138333,138406,7,73,1,36000,1.09589041096
138327,138338,139877,11,1539,2,7200,1.00714749838
138336,138344,159959,8,21615,1,21600,1.00037011335
138342,138350,141103,8,2753,1,14400,1.00290592081
138364,138370,139939,6,1569,2,7200,1.00382409178
138379,138385,139874,6,1489,2,7200,1.00402955003
138396,138402,138498,6,96,1,3600,1.0625
138406,138412,139883,6,1471,2,7200,1.00407885792
138421,138427,140058,6,1631,2,7200,1.00367872471
138451,138457,138540,6,83,1,36000,1.07228915663
138457,138464,139895,7,1431,2,7200,1.00489168414
138479,138485,139957,6,1472,2,7200,1.00407608696
138494,138500,140116,6,1616,2,7200,1.00371287129
138509,138515,140032,6,1517,2,7200,1.00395517469
138524,138530,140012,6,1482,2,7200,1.004048583
138526,138536,140045,10,1509,2,7200,1.00662690524
138527,138542,140106,15,1564,2,7200,1.00959079284
138542,138548,140143,6,1595,2,7200,1.00376175549
138563,138569,140083,6,1514,2,7200,1.00396301189
138571,138577,139296,6,719,1,36000,1.0083449235
138602,138608,138785,6,177,1,3600,1.03389830508
138620,138626,140072,6,1446,2,7200,1.00414937759
138622,138632,140153,10,1521,2,7200,1.00657462196
138637,138643,140230,6,1587,2,7200,1.00378071834
138658,138664,140117,6,1453,2,7200,1.00412938747
138673,138679,140197,6,1518,2,7200,1.00395256917
138675,138724,181968,49,43244,2,43200,1.00113310517
138688,138694,140222,6,1528,2,7200,1.00392670157
138703,138710,140319,7,1609,2,7200,1.00435052828
138705,138717,140291,12,1574,2,7200,1.00762388818
138720,138731,140156,11,1425,2,7200,1.00771929825
138722,138736,140270,14,1534,2,7200,1.00912646675
138728,138743,140069,15,1326,2,7200,1.01131221719
138743,138750,140461,7,1711,2,7200,1.00409117475
138745,138756,140230,11,1474,2,7200,1.00746268657
138760,138767,140231,7,1464,2,7200,1.00478142077
138762,138773,140398,11,1625,2,7200,1.00676923077
138777,138783,140378,6,1595,2,7200,1.00376175549
138792,138798,140284,6,1486,2,7200,1.00403768506
138816,138822,140600,6,1778,2,7200,1.00337457818
138852,138859,140475,7,1616,2,7200,1.00433168317
139040,139046,140616,6,1570,2,7200,1.00382165605
139294,139300,153410,6,14110,1,21600,1.00042523033
139397,139861,165925,464,26064,2,43200,1.01780233272
139471,139477,140836,6,1359,1,3600,1.00441501104
139550,139556,141042,6,1486,2,7200,1.00403768506
139718,139844,139950,126,106,1,3600,2.18867924528
139831,139837,141387,6,1550,2,7200,1.00387096774
139848,139855,141364,7,1509,2,7200,1.00463883366
139876,139882,141321,6,1439,2,7200,1.0041695622
139891,139898,141395,7,1497,2,7200,1.0046760187
139893,139905,141371,12,1466,2,7200,1.00818553888
139894,139910,141522,16,1612,2,7200,1.00992555831
139909,139917,141582,8,1665,2,7200,1.0048048048
139925,139931,141532,6,1601,2,7200,1.00374765771
139940,139946,141383,6,1437,2,7200,1.00417536534
139941,139952,141456,11,1504,2,7200,1.00731382979
139960,139966,141420,6,1454,2,7200,1.00412654746
140011,140017,141453,6,1436,2,7200,1.00417827298
140032,140039,141600,7,1561,2,7200,1.00448430493
140047,140054,141589,7,1535,2,7200,1.00456026059
140063,140069,141550,6,1481,2,7200,1.00405131668
140064,140075,141679,11,1604,2,7200,1.00685785536
140079,140085,141750,6,1665,2,7200,1.0036036036
140094,140100,141643,6,1543,2,7200,1.00388852884
140110,140117,141812,7,1695,2,7200,1.00412979351
140125,140131,141683,6,1552,2,7200,1.00386597938
140126,140137,141663,11,1526,2,7200,1.00720838794
140144,140150,141665,6,1515,2,7200,1.00396039604
140159,140166,141516,7,1350,2,7200,1.00518518519
140161,140172,141702,11,1530,2,7200,1.00718954248
140178,140188,140272,10,84,1,3600,1.11904761905
140198,140204,141787,6,1583,2,7200,1.00379027164
140226,140232,141809,6,1577,2,7200,1.00380469245
140229,140241,183450,12,43209,2,43200,1.00027771992
140241,140248,141776,7,1528,2,7200,1.00458115183
140243,140254,141810,11,1556,2,7200,1.00706940874
140244,140259,141777,15,1518,2,7200,1.00988142292
140259,140285,140454,26,169,1,3600,1.15384615385
140272,140278,141657,6,1379,2,7200,1.00435097897
140287,140293,141966,6,1673,2,7200,1.00358637179
140302,140308,141863,6,1555,2,7200,1.0038585209
140310,140847,199936,537,59089,4,144000,1.00908798592
140318,140394,140517,76,123,1,3600,1.61788617886
140320,140326,141975,6,1649,2,7200,1.00363856883
140355,140465,140537,110,72,1,3600,2.52777777778
140380,140388,141971,8,1583,2,7200,1.00505369551
140399,140405,141912,6,1507,2,7200,1.00398142004
140462,140472,142114,10,1642,2,7200,1.00609013398
140477,140483,141997,6,1514,2,7200,1.00396301189
140571,141382,214598,811,73216,4,144000,1.01107681381
140599,140605,142155,6,1550,2,7200,1.00387096774
140617,140624,142197,7,1573,2,7200,1.00445009536
141043,141050,142435,7,1385,2,7200,1.00505415162
141324,141330,142947,6,1617,2,7200,1.00371057514
141366,141372,142916,6,1544,2,7200,1.00388601036
141381,141389,142955,8,1566,2,7200,1.00510855683
141396,141402,143068,6,1666,2,7200,1.00360144058
141398,141408,143022,10,1614,2,7200,1.00619578686
141399,141413,143020,14,1607,2,7200,1.0087118855
141420,141427,143056,7,1629,2,7200,1.00429711479
141454,141460,142980,6,1520,2,7200,1.00394736842
141456,141466,143002,10,1536,2,7200,1.00651041667
141516,141522,143038,6,1516,2,7200,1.00395778364
141532,141538,143050,6,1512,2,7200,1.00396825397
141533,141544,143003,11,1459,2,7200,1.00753941056
141551,141558,143141,7,1583,2,7200,1.00442198358
141582,141588,143187,6,1599,2,7200,1.00375234522
141589,141595,150590,6,8995,1,14400,1.00066703724
141597,141603,143104,6,1501,2,7200,1.00399733511
141612,141618,143188,6,1570,2,7200,1.00382165605
141645,141651,143234,6,1583,2,7200,1.00379027164
141660,141666,143253,6,1587,2,7200,1.00378071834
141675,141681,143273,6,1592,2,7200,1.00376884422
141677,141688,143280,11,1592,2,7200,1.00690954774
141692,141698,143210,6,1512,2,7200,1.00396825397
141693,141705,143307,12,1602,2,7200,1.0074906367
141708,141714,143285,6,1571,2,7200,1.00381922342
141751,141758,143405,7,1647,2,7200,1.00425015179
141778,141784,143308,6,1524,2,7200,1.00393700787
141780,141790,143389,10,1599,2,7200,1.00625390869
141795,141801,143417,6,1616,2,7200,1.00371287129
141810,141816,143369,6,1553,2,7200,1.00386349002
141812,141823,143281,11,1458,2,7200,1.00754458162
141826,141839,143407,13,1568,2,7200,1.00829081633
141863,141869,143451,6,1582,2,7200,1.00379266751
141914,141921,143481,7,1560,2,7200,1.00448717949
141969,141975,143517,6,1542,2,7200,1.00389105058
141984,141990,143621,6,1631,2,7200,1.00367872471
141985,141997,143461,12,1464,2,7200,1.00819672131
142001,142008,143486,7,1478,2,7200,1.00473612991
142115,143000,151802,885,8802,1,14400,1.10054533061
142115,142121,143603,6,1482,2,7200,1.004048583
142158,142165,143712,7,1547,2,7200,1.00452488688
142200,142206,143763,6,1557,2,7200,1.00385356455
142383,143038,173220,655,30182,2,72000,1.0217016765
142435,142443,143985,8,1542,2,7200,1.00518806744
142732,142995,173160,263,30165,2,72000,1.00871871374
142918,142926,144532,8,1606,2,7200,1.00498132005
142949,142955,144460,6,1505,2,7200,1.00398671096
142958,142964,142967,6,3,1,3600,1.0
142964,142971,144551,7,1580,2,7200,1.00443037975
142982,142988,144556,6,1568,2,7200,1.00382653061
143003,143009,144641,6,1632,2,7200,1.00367647059
143005,143016,144463,11,1447,2,7200,1.00760193504
143023,143031,144503,8,1472,2,7200,1.00543478261
143025,143043,144501,18,1458,2,7200,1.01234567901
143040,143049,144511,9,1462,2,7200,1.00615595075
143055,143061,144603,6,1542,2,7200,1.00389105058
143070,143076,144634,6,1558,2,7200,1.00385109114
143072,143083,144627,11,1544,2,7200,1.00712435233
143104,143110,143268,6,158,1,3600,1.03797468354
143105,143117,144617,12,1500,2,7200,1.008
143142,143148,144620,6,1472,2,7200,1.00407608696
143187,143195,144595,8,1400,2,7200,1.00571428571
143189,143200,144666,11,1466,2,7200,1.00750341064
143210,143216,144877,6,1661,2,7200,1.00361228176
143211,143222,143292,11,70,1,36000,1.15714285714
143234,143242,144705,8,1463,2,7200,1.00546821599
143256,143262,144743,6,1481,2,7200,1.00405131668
143274,143280,144876,6,1596,2,7200,1.0037593985
143289,143298,144795,9,1497,2,7200,1.00601202405
143291,143303,144886,12,1583,2,7200,1.00758054327
143298,143310,144856,12,1546,2,7200,1.00776196636
143313,143319,144839,6,1520,2,7200,1.00394736842
143315,143326,144762,11,1436,2,7200,1.00766016713
143369,143376,144980,7,1604,2,7200,1.00436408978
143391,143397,145066,6,1669,2,7200,1.00359496705
143406,143412,144963,6,1551,2,7200,1.00386847195
143421,143428,144893,7,1465,2,7200,1.004778157
143423,143434,145088,11,1654,2,7200,1.00665054414
143453,143459,144953,6,1494,2,7200,1.00401606426
143460,144680,154848,1220,10168,16,18000,1.11998426436
143468,143474,144997,6,1523,2,7200,1.00393959291
143483,143490,145128,7,1638,2,7200,1.00427350427
143499,143505,145000,6,1495,2,7200,1.00401337793
143520,143526,145162,6,1636,2,7200,1.00366748166
143605,143611,145388,6,1777,2,7200,1.00337647721
143623,143629,145241,6,1612,2,7200,1.00372208437
143713,143720,145237,7,1517,2,7200,1.00461437047
143765,143771,145357,6,1586,2,7200,1.00378310214
143773,144916,144998,1143,82,1,36000,14.9390243902
143890,144756,145293,866,537,4,10800,2.61266294227
143891,144996,145531,1105,535,4,10800,3.06542056075
143891,144810,145317,919,507,4,10800,2.81262327416
143891,144870,145400,979,530,4,10800,2.84716981132
143891,144891,145367,1000,476,4,10800,3.10084033613
143892,145378,145898,1486,520,4,10800,3.85769230769
143892,145304,145720,1412,416,4,10800,4.39423076923
143892,145328,145688,1436,360,4,10800,4.98888888889
143918,145543,147075,1625,1532,4,10800,2.06070496084
143918,145411,146985,1493,1574,4,10800,1.94853875476
143918,145731,147134,1813,1403,4,10800,2.29223093371
143918,145701,147266,1783,1565,4,10800,2.1392971246
143918,145909,147453,1991,1544,4,10800,2.28950777202
143919,147464,148662,3545,1198,4,10800,3.9590984975
143919,147092,148620,3173,1528,4,10800,3.07657068063
143919,147087,148158,3168,1071,4,10800,3.95798319328
143986,143992,145520,6,1528,2,7200,1.00392670157
144266,148169,148202,3903,33,4,144000,119.272727273
144402,147310,173499,2908,26189,2,172800,1.11103898583
144462,144469,146133,7,1664,2,7200,1.00420673077
144478,144485,146158,7,1673,2,7200,1.00418410042
144503,144510,146099,7,1589,2,7200,1.00440528634
144505,144517,146182,12,1665,2,7200,1.00720720721
144520,144526,146158,6,1632,2,7200,1.00367647059
144535,144541,145988,6,1447,2,7200,1.00414651002
144553,144560,146076,7,1516,2,7200,1.00461741425
144568,144574,146192,6,1618,2,7200,1.00370828183
144595,144603,146174,8,1571,2,7200,1.0050922979
144610,144617,146130,7,1513,2,7200,1.00462656973
144626,144632,146124,6,1492,2,7200,1.00402144772
144627,144639,146057,12,1418,2,7200,1.00846262341
144643,144649,146107,6,1458,2,7200,1.00411522634
144644,144655,146228,11,1573,2,7200,1.00699300699
144646,144661,146343,15,1682,2,7200,1.00891795482
144667,144674,146285,7,1611,2,7200,1.00434512725
144706,144712,146331,6,1619,2,7200,1.00370599135
144717,148145,148146,3428,1,4,345600,342.9
144742,144750,146207,8,1457,2,7200,1.00549073439
144764,144771,146355,7,1584,2,7200,1.00441919192
144797,144804,146454,7,1650,2,7200,1.00424242424
144839,144846,146408,7,1562,2,7200,1.00448143406
144857,144864,146396,7,1532,2,7200,1.0045691906
144866,148157,148158,3291,1,4,345600,329.2
144878,144885,146424,7,1539,2,7200,1.00454840806
144879,144897,146360,18,1463,2,7200,1.01230348599
144895,144904,146442,9,1538,2,7200,1.00585175553
144896,144909,146541,13,1632,2,7200,1.00796568627
144921,147287,147288,2366,1,4,345600,236.7
144954,144960,146480,6,1520,2,7200,1.00394736842
144969,144977,146587,8,1610,2,7200,1.0049689441
144984,144990,146551,6,1561,2,7200,1.00384368994
144999,145009,146482,10,1473,2,7200,1.00678886626
145014,145021,146619,7,1598,2,7200,1.00438047559
145069,145076,146500,7,1424,2,7200,1.00491573034
145082,146242,146309,1160,67,1,36000,18.3134328358
145090,145097,146676,7,1579,2,7200,1.00443318556
145124,146321,146412,1197,91,1,36000,14.1538461538
145130,145137,146813,7,1676,2,7200,1.00417661098
145163,145170,146749,7,1579,2,7200,1.00443318556
145239,145246,146703,7,1457,2,7200,1.00480439259
145254,145260,146821,6,1561,2,7200,1.00384368994
145320,146429,146443,1109,14,1,36000,80.2142857143
145337,146461,146507,1124,46,1,36000,25.4347826087
145357,145364,146933,7,1569,2,7200,1.00446144041
145386,146520,146530,1134,10,1,36000,114.4
145390,145397,146910,7,1513,2,7200,1.00462656973
145521,145528,147080,7,1552,2,7200,1.00451030928
145624,147300,169959,1676,22659,2,72000,1.07396619445
145904,147316,147319,1412,3,1,172800,141.5
145983,145991,147423,8,1432,2,7200,1.00558659218
146013,146542,146572,529,30,1,36000,18.6333333333
146059,146065,147509,6,1444,2,7200,1.00415512465
146077,146084,147523,7,1439,2,7200,1.00486448923
146101,146109,147521,8,1412,2,7200,1.00566572238
146116,146123,147601,7,1478,2,7200,1.00473612991
146132,146138,147671,6,1533,2,7200,1.00391389432
146133,146144,147709,11,1565,2,7200,1.00702875399
146148,146154,147632,6,1478,2,7200,1.00405953992
146163,146170,147793,7,1623,2,7200,1.00431300062
146164,146176,147703,12,1527,2,7200,1.00785854617
146179,146186,147695,7,1509,2,7200,1.00463883366
146195,146202,147766,7,1564,2,7200,1.00447570332
146196,146208,147704,12,1496,2,7200,1.00802139037
146211,146219,147627,8,1408,2,7200,1.00568181818
146230,146236,147851,6,1615,2,7200,1.00371517028
146287,146298,147753,11,1455,2,7200,1.00756013746
146333,146343,147781,10,1438,2,7200,1.00695410292
146348,146355,147839,7,1484,2,7200,1.00471698113
146364,146373,147838,9,1465,2,7200,1.00614334471
146365,146380,148026,15,1646,2,7200,1.00911300122
146399,146408,147934,9,1526,2,7200,1.00589777195
146414,146422,147968,8,1546,2,7200,1.00517464424
146427,146584,185957,157,39373,1,342000,1.00398750413
146429,146437,147959,8,1522,2,7200,1.00525624179
146444,146454,147985,10,1531,2,7200,1.00653167864
146459,146468,148056,9,1588,2,7200,1.0056675063
146483,146494,148074,11,1580,2,7200,1.00696202532
146485,146499,148460,14,1961,2,7200,1.00713921469
146500,146512,147988,12,1476,2,7200,1.0081300813
146524,148180,215945,1656,67765,1,288000,1.02443739393
146543,146554,148087,11,1533,2,7200,1.00717547293
146552,147305,170415,753,23110,2,72000,1.03258329727
146558,146564,148164,6,1600,2,7200,1.00375
146589,146599,148164,10,1565,2,7200,1.00638977636
146622,146631,148131,9,1500,2,7200,1.006
146677,146688,148406,11,1718,2,7200,1.00640279395
146704,146715,148279,11,1564,2,7200,1.00703324808
146750,146756,148260,6,1504,2,7200,1.0039893617
146814,146820,148394,6,1574,2,7200,1.00381194409
146829,146835,148381,6,1546,2,7200,1.00388098318
146912,146919,148524,7,1605,2,7200,1.00436137072
146929,146997,147001,68,4,1,7200,7.2
146933,146939,148459,6,1520,2,7200,1.00394736842
147010,148185,207029,1175,58844,1,342000,1.01996805112
147082,147099,148722,17,1623,2,7200,1.01047443007
147121,147146,147151,25,5,1,7200,3.0
147254,147321,147395,67,74,1,36000,1.90540540541
147281,148174,148248,893,74,1,36000,13.0675675676
147424,147431,148929,7,1498,2,7200,1.0046728972
147512,147519,149156,7,1637,2,7200,1.00427611484
147527,147534,149074,7,1540,2,7200,1.00454545455
147529,147541,149154,12,1613,2,7200,1.00743955363
147601,147607,149146,6,1539,2,7200,1.00389863548
147629,147636,149187,7,1551,2,7200,1.00451321728
147644,147651,149092,7,1441,2,7200,1.00485773768
147674,147681,149198,7,1517,2,7200,1.00461437047
147695,147701,149220,6,1519,2,7200,1.00394996708
147711,147717,149190,6,1473,2,7200,1.00407331976
147712,147724,149293,12,1569,2,7200,1.00764818356
147714,147729,149228,15,1499,2,7200,1.01000667111
147753,147760,149343,7,1583,2,7200,1.00442198358
147768,147775,149432,7,1657,2,7200,1.00422450211
147783,147791,149362,8,1571,2,7200,1.0050922979
147799,147807,149239,8,1432,2,7200,1.00558659218
147839,147845,149336,6,1491,2,7200,1.00402414487
147840,147852,149381,12,1529,2,7200,1.00784826684
147857,147865,149373,8,1508,2,7200,1.00530503979
147936,147942,149428,6,1486,2,7200,1.00403768506
147960,147968,149475,8,1507,2,7200,1.00530856005
147975,147982,149456,7,1474,2,7200,1.00474898236
147991,147998,149614,7,1616,2,7200,1.00433168317
147992,148005,149726,13,1721,2,7200,1.00755374782
148029,148036,149474,7,1438,2,7200,1.00486787204
148056,148062,149646,6,1584,2,7200,1.00378787879
148077,148083,149597,6,1514,2,7200,1.00396301189
148092,148103,149605,11,1502,2,7200,1.00732356858
148132,148139,149614,7,1475,2,7200,1.00474576271
148165,148191,149779,26,1588,2,7200,1.01637279597
148167,148197,149797,30,1600,2,7200,1.01875
148249,148255,148336,6,81,1,36000,1.07407407407
148261,148267,149898,6,1631,2,7200,1.00367872471
148282,148288,149848,6,1560,2,7200,1.00384615385
148382,148388,150008,6,1620,2,7200,1.0037037037
148397,148403,149826,6,1423,2,7200,1.00421644413
148412,148418,149985,6,1567,2,7200,1.00382897256
148421,148631,148804,210,173,1,36000,2.21387283237
148460,148466,150164,6,1698,2,7200,1.0035335689
148462,148473,149916,11,1443,2,7200,1.00762300762
148526,148531,149920,5,1389,2,7200,1.00359971202
148634,148673,149455,39,782,4,270000,1.04987212276
148680,148686,148817,6,131,1,36000,1.04580152672
148725,148731,150379,6,1648,2,7200,1.0036407767
148885,148891,149030,6,139,1,36000,1.04316546763
148931,148937,150417,6,1480,2,7200,1.00405405405
148978,149041,149112,63,71,1,36000,1.88732394366
149076,149082,150653,6,1571,2,7200,1.00381922342
149094,149100,150689,6,1589,2,7200,1.00377595972
149114,149123,149633,9,510,1,21600,1.01764705882
149149,149155,150617,6,1462,2,7200,1.00410396717
149156,149839,149895,683,56,1,36000,13.1964285714
149164,149170,150627,6,1457,2,7200,1.00411805079
149165,149177,150641,12,1464,2,7200,1.00819672131
149190,149196,150658,6,1462,2,7200,1.00410396717
149191,149202,150730,11,1528,2,7200,1.00719895288
149206,149213,150608,7,1395,2,7200,1.00501792115
149222,149229,150744,7,1515,2,7200,1.00462046205
149238,149244,150729,6,1485,2,7200,1.00404040404
149253,149259,150705,6,1446,2,7200,1.00414937759
149295,149302,150973,7,1671,2,7200,1.00418910832
149320,149467,154926,147,5459,1,21600,1.02692800879
149338,149344,150847,6,1503,2,7200,1.00399201597
149353,149359,150827,6,1468,2,7200,1.00408719346
149369,149375,150998,6,1623,2,7200,1.00369685767
149384,149390,150855,6,1465,2,7200,1.00409556314
149385,149396,150932,11,1536,2,7200,1.00716145833
149431,149438,150825,7,1387,2,7200,1.00504686373
149434,149472,150582,38,1110,1,21600,1.03423423423
149446,149453,151089,7,1636,2,7200,1.00427872861
149451,149861,149928,410,67,1,36000,7.11940298507
149458,149793,151987,335,2194,4,270000,1.15268915223
149461,149479,151128,18,1649,2,7200,1.01091570649
149476,149487,150968,11,1481,2,7200,1.00742741391
149478,149492,151160,14,1668,2,7200,1.00839328537
149599,149606,151257,7,1651,2,7200,1.00423985463
149614,149620,151193,6,1573,2,7200,1.00381436745
149616,149626,151128,10,1502,2,7200,1.00665778961
149617,149632,151201,15,1569,2,7200,1.00956022945
149648,149654,151252,6,1598,2,7200,1.00375469337
149704,149866,149900,162,34,1,7200,5.76470588235
149727,149734,151181,7,1447,2,7200,1.00483759502
149781,149787,151298,6,1511,2,7200,1.00397088021
149800,149807,151465,7,1658,2,7200,1.00422195416
149827,149833,151489,6,1656,2,7200,1.00362318841
149848,149855,151334,7,1479,2,7200,1.00473292765
149900,149906,151432,6,1526,2,7200,1.00393184797
149919,149925,151317,6,1392,2,7200,1.00431034483
149934,149940,151418,6,1478,2,7200,1.00405953992
149985,149992,151517,7,1525,2,7200,1.00459016393
150010,150016,151636,6,1620,2,7200,1.0037037037
150167,150174,151605,7,1431,2,7200,1.00489168414
150216,150394,156463,178,6069,2,72000,1.02932937881
150382,150388,151949,6,1561,2,7200,1.00384368994
150409,150431,150501,22,70,1,36000,1.31428571429
150419,150425,152047,6,1622,2,7200,1.00369913687
150606,150612,152155,6,1543,2,7200,1.00388852884
150621,150627,152127,6,1500,2,7200,1.004
150636,150642,152169,6,1527,2,7200,1.00392927308
150652,150658,152181,6,1523,2,7200,1.00393959291
150667,150673,152326,6,1653,2,7200,1.00362976407
150669,150679,152220,10,1541,2,7200,1.00648929267
150678,152022,152508,1344,486,4,10800,3.76543209877
150678,151514,151998,836,484,4,10800,2.72727272727
150679,151519,152014,840,495,4,10800,2.69696969697
150679,151524,151952,845,428,4,10800,2.97429906542
150679,151530,152005,851,475,4,10800,2.79157894737
150679,152029,152404,1350,375,4,10800,4.6
150680,151620,152097,940,477,4,10800,2.97064989518
150680,152108,152437,1428,329,4,10800,5.34042553191
150693,150701,152274,8,1573,2,7200,1.00508582327
150708,150714,152112,6,1398,2,7200,1.00429184549
150714,152170,153312,1456,1142,4,10800,2.27495621716
150714,151625,152830,911,1205,4,10800,1.75601659751
150715,152416,153619,1701,1203,4,10800,2.41396508728
150715,152448,153383,1733,935,4,10800,2.85347593583
150715,152011,153245,1296,1234,4,10800,2.05024311183
150715,152016,153079,1301,1063,4,10800,2.22389463782
150716,152519,153332,1803,813,4,10800,3.21771217712
150716,152841,154059,2125,1218,4,10800,2.74466338259
150732,150739,152205,7,1466,2,7200,1.00477489768
150734,150746,152409,12,1663,2,7200,1.00721587492
150749,150755,152162,6,1407,2,7200,1.00426439232
150828,150836,152312,8,1476,2,7200,1.0054200542
150830,150843,152365,13,1522,2,7200,1.0085413929
150848,150855,152368,7,1513,2,7200,1.00462656973
150863,150870,152539,7,1669,2,7200,1.00419412822
150932,150940,152490,8,1550,2,7200,1.00516129032
150969,150975,152475,6,1500,2,7200,1.004
150984,150990,152421,6,1431,2,7200,1.00419287212
150999,151006,152516,7,1510,2,7200,1.00463576159
151090,151097,152555,7,1458,2,7200,1.00480109739
151129,151136,152669,7,1533,2,7200,1.00456621005
151131,151143,152667,12,1524,2,7200,1.00787401575
151161,151167,152832,6,1665,2,7200,1.0036036036
151182,151188,152729,6,1541,2,7200,1.0038935756
151198,151204,152745,6,1541,2,7200,1.0038935756
151213,151220,152699,7,1479,2,7200,1.00473292765
151249,151255,152646,6,1391,2,7200,1.00431344357
151264,151270,152887,6,1617,2,7200,1.00371057514
151301,151308,152854,7,1546,2,7200,1.00452781371
151319,151326,152961,7,1635,2,7200,1.00428134557
151334,151341,152724,7,1383,2,7200,1.00506146059
151419,151425,152944,6,1519,2,7200,1.00394996708
151434,151440,152969,6,1529,2,7200,1.00392413342
151467,151474,152930,7,1456,2,7200,1.00480769231
151491,151499,152907,8,1408,2,7200,1.00568181818
151519,151537,153138,18,1601,2,7200,1.01124297314
151607,151613,153199,6,1586,2,7200,1.00378310214
151637,151643,153236,6,1593,2,7200,1.00376647834
151951,151958,153495,7,1537,2,7200,1.00455432661
152047,152055,153614,8,1559,2,7200,1.00513149455
152111,152119,153639,8,1520,2,7200,1.00526315789
152130,152137,153616,7,1479,2,7200,1.00473292765
152157,152164,153770,7,1606,2,7200,1.00435865504
152172,152180,153684,8,1504,2,7200,1.00531914894
152174,152187,153720,13,1533,2,7200,1.00848010437
152189,152196,153787,7,1591,2,7200,1.00439974859
152208,152217,153694,9,1477,2,7200,1.00609343263
152223,152233,153735,10,1502,2,7200,1.00665778961
152275,152286,153809,11,1523,2,7200,1.007222587
152314,152323,153801,9,1478,2,7200,1.00608930988
152330,152338,153848,8,1510,2,7200,1.00529801325
152366,152378,153948,12,1570,2,7200,1.0076433121
152382,152388,153906,6,1518,2,7200,1.00395256917
152412,152424,153880,12,1456,2,7200,1.00824175824
152428,152434,153961,6,1527,2,7200,1.00392927308
152477,152486,154069,9,1583,2,7200,1.00568540745
152492,152502,153963,10,1461,2,7200,1.00684462697
152518,152528,154068,10,1540,2,7200,1.00649350649
152541,152550,154037,9,1487,2,7200,1.00605245461
152556,152566,154111,10,1545,2,7200,1.00647249191
152647,152653,154130,6,1477,2,7200,1.00406228842
152668,152675,154333,7,1658,2,7200,1.00422195416
152670,152681,154201,11,1520,2,7200,1.00723684211
152701,152707,154139,6,1432,2,7200,1.00418994413
152725,152731,154148,6,1417,2,7200,1.00423429781
152740,152747,154251,7,1504,2,7200,1.00465425532
152756,152762,154452,6,1690,2,7200,1.00355029586
152835,152846,154414,11,1568,2,7200,1.00701530612
152857,152863,154405,6,1542,2,7200,1.00389105058
152888,152894,154208,6,1314,2,7200,1.00456621005
152910,152916,154589,6,1673,2,7200,1.00358637179
152933,152940,154468,7,1528,2,7200,1.00458115183
152949,152955,154458,6,1503,2,7200,1.00399201597
152964,152970,154502,6,1532,2,7200,1.00391644909
152979,152985,154515,6,1530,2,7200,1.00392156863
153138,153144,154610,6,1466,2,7200,1.00409276944
153200,153206,154701,6,1495,2,7200,1.00401337793
153237,153243,154735,6,1492,2,7200,1.00402144772
153496,153502,154999,6,1497,2,7200,1.00400801603
153614,153620,155216,6,1596,2,7200,1.0037593985
153629,153635,155374,6,1739,2,7200,1.00345025877
153644,153650,155110,6,1460,2,7200,1.00410958904
153687,153693,155250,6,1557,2,7200,1.00385356455
153702,153708,155401,6,1693,2,7200,1.00354400473
153721,153727,155333,6,1606,2,7200,1.00373599004
153739,153745,155308,6,1563,2,7200,1.00383877159
153772,153778,155211,6,1433,2,7200,1.00418702024
153790,153796,155186,6,1390,2,7200,1.00431654676
153806,153812,155609,6,1797,2,7200,1.00333889816
153821,153827,155373,6,1546,2,7200,1.00388098318
153851,153857,155537,6,1680,2,7200,1.00357142857
153881,153887,155404,6,1517,2,7200,1.00395517469
153909,153915,155434,6,1519,2,7200,1.00394996708
153948,153955,155614,7,1659,2,7200,1.00421940928
153964,153970,155450,6,1480,2,7200,1.00405405405
153965,153977,155557,12,1580,2,7200,1.00759493671
154039,154045,155455,6,1410,2,7200,1.00425531915
154070,154076,155757,6,1681,2,7200,1.00356930399
154071,154082,155608,11,1526,2,7200,1.00720838794
154111,154117,155761,6,1644,2,7200,1.00364963504
154132,154138,155678,6,1540,2,7200,1.0038961039
154147,154153,155629,6,1476,2,7200,1.00406504065
154163,154169,155603,6,1434,2,7200,1.00418410042
154203,154209,155799,6,1590,2,7200,1.00377358491
154218,154224,155664,6,1440,2,7200,1.00416666667
154254,154260,155824,6,1564,2,7200,1.00383631714
154333,154340,155792,7,1452,2,7200,1.00482093664
154406,154413,155974,7,1561,2,7200,1.00448430493
154421,154428,155890,7,1462,2,7200,1.0047879617
154452,154458,156027,6,1569,2,7200,1.00382409178
154468,154474,156091,6,1617,2,7200,1.00371057514
154470,154480,156067,10,1587,2,7200,1.00630119723
154503,154509,156095,6,1586,2,7200,1.00378310214
154518,154524,156038,6,1514,2,7200,1.00396301189
154593,154599,156137,6,1538,2,7200,1.00390117035
154611,154617,156174,6,1557,2,7200,1.00385356455
154702,154708,156344,6,1636,2,7200,1.00366748166
154735,154742,156292,7,1550,2,7200,1.00451612903
155001,155007,156488,6,1481,2,7200,1.00405131668
155113,155120,156834,7,1714,2,7200,1.004084014
155186,155192,156677,6,1485,2,7200,1.00404040404
155213,155219,156672,6,1453,2,7200,1.00412938747
155228,155234,156878,6,1644,2,7200,1.00364963504
155250,155256,156720,6,1464,2,7200,1.00409836066
155310,155317,156972,7,1655,2,7200,1.00422960725
155334,155341,156888,7,1547,2,7200,1.00452488688
155374,155380,156860,6,1480,2,7200,1.00405405405
155375,155386,156908,11,1522,2,7200,1.00722733246
155399,155406,156927,7,1521,2,7200,1.00460223537
155414,155421,157039,7,1618,2,7200,1.0043263288
155436,155442,156995,6,1553,2,7200,1.00386349002
155451,155457,156866,6,1409,2,7200,1.00425833925
155466,155472,156945,6,1473,2,7200,1.00407331976
155538,155550,157061,12,1511,2,7200,1.00794176042
155560,155566,157043,6,1477,2,7200,1.00406228842
155606,155612,157146,6,1534,2,7200,1.00391134289
155621,155627,157221,6,1594,2,7200,1.00376411543
155622,155633,157119,11,1486,2,7200,1.00740242261
155624,155638,157242,14,1604,2,7200,1.00872817955
155639,155646,157263,7,1617,2,7200,1.00432900433
155663,155669,157216,6,1547,2,7200,1.00387847447
155678,155685,157176,7,1491,2,7200,1.00469483568
155759,155765,157083,6,1318,2,7200,1.00455235205
155774,155781,157415,7,1634,2,7200,1.00428396573
155793,155799,157453,6,1654,2,7200,1.00362756953
155808,155814,157356,6,1542,2,7200,1.00389105058
155826,155832,157416,6,1584,2,7200,1.00378787879
155893,155899,157402,6,1503,2,7200,1.00399201597
155976,155982,157626,6,1644,2,7200,1.00364963504
156028,156034,157283,6,1249,2,7200,1.00480384307
156043,156049,157774,6,1725,2,7200,1.00347826087
156070,156076,157584,6,1508,2,7200,1.00397877984
156091,156097,157948,6,1851,2,7200,1.00324149109
156106,156112,157636,6,1524,2,7200,1.00393700787
156139,156146,157675,7,1529,2,7200,1.00457815566
156176,156182,157837,6,1655,2,7200,1.00362537764
156295,156301,157891,6,1590,2,7200,1.00377358491
156346,156352,157836,6,1484,2,7200,1.00404312668
156489,156495,158072,6,1577,2,7200,1.00380469245
156674,156680,158067,6,1387,2,7200,1.0043258832
156689,156695,158312,6,1617,2,7200,1.00371057514
156722,156728,158396,6,1668,2,7200,1.0035971223
156834,156840,158258,6,1418,2,7200,1.00423131171
156862,156868,158617,6,1749,2,7200,1.00343053173
156877,156883,158408,6,1525,2,7200,1.00393442623
156892,156898,158442,6,1544,2,7200,1.00388601036
156893,156904,158397,11,1493,2,7200,1.00736771601
156912,156918,158528,6,1610,2,7200,1.00372670807
156930,156936,158497,6,1561,2,7200,1.00384368994
156948,156954,158364,6,1410,2,7200,1.00425531915
156973,156979,158561,6,1582,2,7200,1.00379266751
156997,157003,158637,6,1634,2,7200,1.00367197062
157043,157049,158628,6,1579,2,7200,1.00379987334
157044,157056,158568,12,1512,2,7200,1.00793650794
157062,157068,158626,6,1558,2,7200,1.00385109114
157083,157090,158787,7,1697,2,7200,1.00412492634
157120,157126,158635,6,1509,2,7200,1.00397614314
157147,157153,158771,6,1618,2,7200,1.00370828183
157178,157184,158740,6,1556,2,7200,1.00385604113
157194,157200,162465,6,5265,1,14400,1.00113960114
157217,157224,158825,7,1601,2,7200,1.00437226733
157232,157239,158693,7,1454,2,7200,1.00481430536
157248,157253,158729,5,1476,2,7200,1.00338753388
157266,157272,158798,6,1526,2,7200,1.00393184797
157284,157290,158811,6,1521,2,7200,1.00394477318
157357,157363,158908,6,1545,2,7200,1.00388349515
157403,157409,158875,6,1466,2,7200,1.00409276944
157418,157424,158849,6,1425,2,7200,1.00421052632
157419,157907,292334,488,134427,4,144000,1.0036302231
157420,157431,159040,11,1609,2,7200,1.00683654444
157456,157463,159083,7,1620,2,7200,1.00432098765
157585,157591,159114,6,1523,2,7200,1.00393959291
157628,157634,159195,6,1561,2,7200,1.00384368994
157643,157649,159228,6,1579,2,7200,1.00379987334
157676,157682,159308,6,1626,2,7200,1.0036900369
157774,157780,159250,6,1470,2,7200,1.00408163265
157837,157844,159332,7,1488,2,7200,1.00470430108
157839,157850,159397,11,1547,2,7200,1.00711053652
157894,157900,159448,6,1548,2,7200,1.00387596899
157948,157954,159415,6,1461,2,7200,1.00410677618
158069,158076,159636,7,1560,2,7200,1.00448717949
158084,158091,159646,7,1555,2,7200,1.00450160772
158248,158254,166128,6,7874,1,14400,1.00076200152
158260,158266,159830,6,1564,2,7200,1.00383631714
158315,158321,159876,6,1555,2,7200,1.0038585209
158367,158373,159733,6,1360,2,7200,1.00441176471
158398,158404,159770,6,1366,2,7200,1.00439238653
158399,158410,159948,11,1538,2,7200,1.00715214564
158414,158420,159949,6,1529,2,7200,1.00392413342
158445,158451,159941,6,1490,2,7200,1.00402684564
158499,158506,160017,7,1511,2,7200,1.00463269358
158530,158536,160158,6,1622,2,7200,1.00369913687
158564,158570,160321,6,1751,2,7200,1.00342661336
158579,158585,160241,6,1656,2,7200,1.00362318841
158619,158625,160179,6,1554,2,7200,1.00386100386
158634,158640,160133,6,1493,2,7200,1.00401875419
158636,158646,160292,10,1646,2,7200,1.00607533414
158651,158657,160168,6,1511,2,7200,1.00397088021
158653,158663,160112,10,1449,2,7200,1.00690131125
158696,158702,160233,6,1531,2,7200,1.00391900718
158729,158735,160427,6,1692,2,7200,1.00354609929
158744,158750,160411,6,1661,2,7200,1.00361228176
158772,158778,160393,6,1615,2,7200,1.00371517028
158787,158793,160428,6,1635,2,7200,1.00366972477
158802,158808,160426,6,1618,2,7200,1.00370828183
158817,158824,160351,7,1527,2,7200,1.00458415193
158832,158839,160509,7,1670,2,7200,1.00419161677
158851,158857,160663,6,1806,2,7200,1.00332225914
158875,158881,160396,6,1515,2,7200,1.00396039604
158909,158915,160385,6,1470,2,7200,1.00408163265
159040,159046,160627,6,1581,2,7200,1.00379506641
159083,159089,160543,6,1454,2,7200,1.00412654746
159116,159123,160593,7,1470,2,7200,1.00476190476
159195,159202,160685,7,1483,2,7200,1.00472016183
159229,159235,160547,6,1312,2,7200,1.00457317073
159250,159256,160785,6,1529,2,7200,1.00392413342
159263,159651,159653,388,2,2,3540,39.0
159311,159317,160723,6,1406,2,7200,1.00426742532
159332,159338,160956,6,1618,2,7200,1.00370828183
159399,159405,160835,6,1430,2,7200,1.0041958042
159417,159424,160890,7,1466,2,7200,1.00477489768
159448,159454,160919,6,1465,2,7200,1.00409556314
159637,159643,161017,6,1374,2,7200,1.00436681223
159652,159658,160958,6,1300,2,7200,1.00461538462
159734,159740,161306,6,1566,2,7200,1.00383141762
159771,159777,161398,6,1621,2,7200,1.00370141888
159832,159838,161306,6,1468,2,7200,1.00408719346
159877,159883,161323,6,1440,2,7200,1.00416666667
159942,159948,161348,6,1400,2,7200,1.00428571429
159957,159963,161638,6,1675,2,7200,1.00358208955
159958,159969,161507,11,1538,2,7200,1.00715214564
160019,160025,161718,6,1693,2,7200,1.00354400473
160113,160119,161559,6,1440,2,7200,1.00416666667
160134,160140,161525,6,1385,2,7200,1.00433212996
160158,160165,161636,7,1471,2,7200,1.00475866757
160174,160180,161743,6,1563,2,7200,1.00383877159
160189,160195,161775,6,1580,2,7200,1.00379746835
160235,160241,161738,6,1497,2,7200,1.00400801603
160254,160260,161849,6,1589,2,7200,1.00377595972
160294,160300,161765,6,1465,2,7200,1.00409556314
160321,160327,161937,6,1610,2,7200,1.00372670807
160354,160360,161976,6,1616,2,7200,1.00371287129
160388,160394,161872,6,1478,2,7200,1.00405953992
160403,160409,161826,6,1417,2,7200,1.00423429781
160405,160415,162031,10,1616,2,7200,1.00618811881
160420,160426,161903,6,1477,2,7200,1.00406228842
160437,160443,162009,6,1566,2,7200,1.00383141762
160438,160449,161938,11,1489,2,7200,1.00738750839
160440,160454,161872,14,1418,2,7200,1.00987306065
160510,160516,161954,6,1438,2,7200,1.00417246175
160543,160550,162005,7,1455,2,7200,1.00481099656
160558,160564,162359,6,1795,2,7200,1.00334261838
160595,160601,162122,6,1521,2,7200,1.00394477318
160628,160635,162204,7,1569,2,7200,1.00446144041
160665,160671,162042,6,1371,2,7200,1.00437636761
160686,160692,162222,6,1530,2,7200,1.00392156863
160725,160732,162203,7,1471,2,7200,1.00475866757
160787,160793,162641,6,1848,2,7200,1.00324675325
160836,160842,162411,6,1569,2,7200,1.00382409178
160890,160896,162484,6,1588,2,7200,1.00377833753
160921,160927,162465,6,1538,2,7200,1.00390117035
160958,160964,162481,6,1517,2,7200,1.00395517469
160973,160979,162471,6,1492,2,7200,1.00402144772
161018,161025,162621,7,1596,2,7200,1.00438596491
161303,161310,162788,7,1478,2,7200,1.00473612991
161319,161325,162868,6,1543,2,7200,1.00388852884
161334,161340,162754,6,1414,2,7200,1.00424328147
161349,161355,162910,6,1555,2,7200,1.0038585209
161397,161404,162960,7,1556,2,7200,1.00449871465
161509,161515,163013,6,1498,2,7200,1.00400534045
161527,161539,163112,12,1573,2,7200,1.0076287349
161561,161567,163227,6,1660,2,7200,1.00361445783
161638,161644,163142,6,1498,2,7200,1.00400534045
161639,161650,163223,11,1573,2,7200,1.00699300699
161718,161725,163291,7,1566,2,7200,1.00446998723
161737,161743,163428,6,1685,2,7200,1.00356083086
161752,161758,163266,6,1508,2,7200,1.00397877984
161767,161773,163322,6,1549,2,7200,1.00387346675
161782,161788,163270,6,1482,2,7200,1.004048583
161828,161834,163453,6,1619,2,7200,1.00370599135
161852,161858,163408,6,1550,2,7200,1.00387096774
161873,161879,163452,6,1573,2,7200,1.00381436745
161875,161885,163484,10,1599,2,7200,1.00625390869
161905,161911,163481,6,1570,2,7200,1.00382165605
161939,161945,163405,6,1460,2,7200,1.00410958904
161940,161951,163595,11,1644,2,7200,1.00669099757
161955,161962,163465,7,1503,2,7200,1.00465735196
161977,161983,163668,6,1685,2,7200,1.00356083086
162007,162014,163513,7,1499,2,7200,1.00466977985
162022,162029,163629,7,1600,2,7200,1.004375
162038,162044,163621,6,1577,2,7200,1.00380469245
162053,162059,163635,6,1576,2,7200,1.0038071066
162123,162129,163619,6,1490,2,7200,1.00402684564
162205,162211,163769,6,1558,2,7200,1.00385109114
162206,162217,163669,11,1452,2,7200,1.00757575758
162225,162231,163734,6,1503,2,7200,1.00399201597
162359,162365,163736,6,1371,2,7200,1.00437636761
162414,162420,163989,6,1569,2,7200,1.00382409178
162469,162475,164152,6,1677,2,7200,1.00357781753
162484,162490,164253,6,1763,2,7200,1.00340328985
162486,162498,164044,12,1546,2,7200,1.00776196636
162487,162503,164076,16,1573,2,7200,1.01017164654
162623,162630,164321,7,1691,2,7200,1.00413956239
162639,162645,164179,6,1534,2,7200,1.00391134289
162755,162761,164363,6,1602,2,7200,1.00374531835
162790,162796,164249,6,1453,2,7200,1.00412938747
162871,162881,164423,10,1542,2,7200,1.00648508431
162913,162924,164465,11,1541,2,7200,1.00713822193
162962,162969,164503,7,1534,2,7200,1.00456323338
163015,163021,164526,6,1505,2,7200,1.00398671096
163115,163121,164801,6,1680,2,7200,1.00357142857
163143,163149,164679,6,1530,2,7200,1.00392156863
163224,163230,164762,6,1532,2,7200,1.00391644909
163239,163245,164661,6,1416,2,7200,1.00423728814
163268,163274,164745,6,1471,2,7200,1.00407885792
163284,163290,164962,6,1672,2,7200,1.00358851675
163299,163306,164898,7,1592,2,7200,1.00439698492
163321,163328,164941,7,1613,2,7200,1.00433973962
163409,163415,165114,6,1699,2,7200,1.00353148911
163411,163422,165054,11,1632,2,7200,1.00674019608
163429,163435,164964,6,1529,2,7200,1.00392413342
163454,163460,164904,6,1444,2,7200,1.00415512465
163456,163466,165077,10,1611,2,7200,1.00620732464
163471,163477,165027,6,1550,2,7200,1.00387096774
163486,163492,164981,6,1489,2,7200,1.00402955003
163488,163498,164995,10,1497,2,7200,1.00668002672
163513,163520,165066,7,1546,2,7200,1.00452781371
163596,163603,165149,7,1546,2,7200,1.00452781371
163622,163628,164982,6,1354,2,7200,1.00443131462
163623,163634,165152,11,1518,2,7200,1.00724637681
163638,163644,165141,6,1497,2,7200,1.00400801603
163640,163650,165260,10,1610,2,7200,1.00621118012
163670,163676,165246,6,1570,2,7200,1.00382165605
163672,163682,165036,10,1354,2,7200,1.00738552437
163736,163742,165269,6,1527,2,7200,1.00392927308
163737,163748,165357,11,1609,2,7200,1.00683654444
163771,163777,165568,6,1791,2,7200,1.00335008375
163991,163997,165612,6,1615,2,7200,1.00371517028
164042,164049,165733,7,1684,2,7200,1.0041567696
164079,164085,165634,6,1549,2,7200,1.00387346675
164155,164161,165760,6,1599,2,7200,1.00375234522
164182,164188,165771,6,1583,2,7200,1.00379027164
164252,164258,165902,6,1644,2,7200,1.00364963504
164267,164273,165748,6,1475,2,7200,1.00406779661
164324,164330,165902,6,1572,2,7200,1.00381679389
164366,164372,165898,6,1526,2,7200,1.00393184797
164424,164430,166078,6,1648,2,7200,1.0036407767
164466,164472,165918,6,1446,2,7200,1.00414937759
164505,164512,165981,7,1469,2,7200,1.00476514636
164527,164533,166072,6,1539,2,7200,1.00389863548
164660,164666,166144,6,1478,2,7200,1.00405953992
164679,164685,166164,6,1479,2,7200,1.00405679513
164746,164752,166327,6,1575,2,7200,1.00380952381
164764,164770,166363,6,1593,2,7200,1.00376647834
164804,164810,166358,6,1548,2,7200,1.00387596899
164901,164907,166292,6,1385,2,7200,1.00433212996
164916,164922,166405,6,1483,2,7200,1.004045853
164943,164950,166511,7,1561,2,7200,1.00448430493
164965,164971,166531,6,1560,2,7200,1.00384615385
164966,164977,166422,11,1445,2,7200,1.00761245675
164983,164989,167039,6,2050,2,7200,1.00292682927
164985,164995,166504,10,1509,2,7200,1.00662690524
165000,165006,166474,6,1468,2,7200,1.00408719346
165027,165033,166638,6,1605,2,7200,1.00373831776
165042,165048,166672,6,1624,2,7200,1.00369458128
165057,165063,166561,6,1498,2,7200,1.00400534045
165072,165078,166602,6,1524,2,7200,1.00393700787
165087,165094,166601,7,1507,2,7200,1.00464499005
165115,165121,166750,6,1629,2,7200,1.00368324125
165143,165149,166834,6,1685,2,7200,1.00356083086
165158,165164,166829,6,1665,2,7200,1.0036036036
165160,165171,166846,11,1675,2,7200,1.00656716418
165248,165254,166762,6,1508,2,7200,1.00397877984
165263,165269,166741,6,1472,2,7200,1.00407608696
165278,165284,166911,6,1627,2,7200,1.0036877689
165357,165363,166946,6,1583,2,7200,1.00379027164
165570,165576,167023,6,1447,2,7200,1.00414651002
165613,165619,167282,6,1663,2,7200,1.00360793746
165634,165640,167226,6,1586,2,7200,1.00378310214
165734,165740,167407,6,1667,2,7200,1.00359928014
165749,165755,167246,6,1491,2,7200,1.00402414487
165764,165770,167143,6,1373,2,7200,1.00436999272
165779,165785,167243,6,1458,2,7200,1.00411522634
165900,165906,167444,6,1538,2,7200,1.00390117035
165915,165922,167491,7,1569,2,7200,1.00446144041
165917,165928,167919,11,1991,2,7200,1.00552486188
165932,165938,167353,6,1415,2,7200,1.00424028269
165981,165987,167469,6,1482,2,7200,1.004048583
166072,166078,167650,6,1572,2,7200,1.00381679389
166088,166094,167753,6,1659,2,7200,1.00361663653
166145,166152,167738,7,1586,2,7200,1.00441361917
166167,166173,167767,6,1594,2,7200,1.00376411543
166294,166300,167837,6,1537,2,7200,1.00390370852
166328,166334,167819,6,1485,2,7200,1.00404040404
166361,166368,167788,7,1420,2,7200,1.00492957746
166376,166383,167983,7,1600,2,7200,1.004375
166407,166413,168024,6,1611,2,7200,1.00372439479
166426,166432,168001,6,1569,2,7200,1.00382409178
166475,166481,168481,6,2000,2,7200,1.003
166505,166511,167935,6,1424,2,7200,1.00421348315
166520,166527,168024,7,1497,2,7200,1.0046760187
166536,166542,168061,6,1519,2,7200,1.00394996708
166563,166569,168072,6,1503,2,7200,1.00399201597
166603,166609,168132,6,1523,2,7200,1.00393959291
166604,166615,168202,11,1587,2,7200,1.00693131695
166638,166644,168312,6,1668,2,7200,1.0035971223
166674,166680,168128,6,1448,2,7200,1.00414364641
166741,166747,168231,6,1484,2,7200,1.00404312668
166756,166762,168337,6,1575,2,7200,1.00380952381
166771,166777,168198,6,1421,2,7200,1.00422237861
166776,166783,166785,7,2,1,900,1.0
166832,166838,168469,6,1631,2,7200,1.00367872471
166847,166853,168329,6,1476,2,7200,1.00406504065
166849,166859,168392,10,1533,2,7200,1.00652315721
166912,166918,168491,6,1573,2,7200,1.00381436745
166948,166954,168424,6,1470,2,7200,1.00408163265
166979,166985,166987,6,2,1,900,1.0
167024,167031,168632,7,1601,2,7200,1.00437226733
167039,167046,168637,7,1591,2,7200,1.00439974859
167056,167062,167064,6,2,1,900,1.0
167143,167149,168668,6,1519,2,7200,1.00394996708
167228,167234,168659,6,1425,2,7200,1.00421052632
167246,167252,168732,6,1480,2,7200,1.00405405405
167248,167258,168800,10,1542,2,7200,1.00648508431
167284,167290,168873,6,1583,2,7200,1.00379027164
167351,167357,167359,6,2,1,900,1.0
167353,167363,169042,10,1679,2,7200,1.00595592615
167408,167414,168874,6,1460,2,7200,1.00410958904
167445,167451,168932,6,1481,2,7200,1.00405131668
167472,167478,168985,6,1507,2,7200,1.00398142004
167490,167496,168999,6,1503,2,7200,1.00399201597
167651,167657,169168,6,1511,2,7200,1.00397088021
167739,167745,169304,6,1559,2,7200,1.00384862091
167754,167760,169323,6,1563,2,7200,1.00383877159
167769,167775,169146,6,1371,2,7200,1.00437636761
167791,167797,169312,6,1515,2,7200,1.00396039604
167821,167827,169326,6,1499,2,7200,1.00400266845
167840,167846,169286,6,1440,2,7200,1.00416666667
167922,167928,169642,6,1714,2,7200,1.00350058343
167932,167938,167940,6,2,1,900,1.0
167937,167944,169290,7,1346,2,7200,1.00520059435
167985,167991,169358,6,1367,2,7200,1.00438917337
168003,168010,169598,7,1588,2,7200,1.00440806045
168025,168031,169450,6,1419,2,7200,1.00422832981
168026,168037,169529,11,1492,2,7200,1.00737265416
168063,168069,169580,6,1511,2,7200,1.00397088021
168078,168084,169677,6,1593,2,7200,1.00376647834
168130,168136,169768,6,1632,2,7200,1.00367647059
168145,168152,169635,7,1483,2,7200,1.00472016183
168155,168161,168163,6,2,1,900,1.0
168200,168206,169678,6,1472,2,7200,1.00407608696
168215,168221,169727,6,1506,2,7200,1.00398406375
168233,168240,169840,7,1600,2,7200,1.004375
168236,168247,168249,11,2,1,900,1.3
168313,168319,169784,6,1465,2,7200,1.00409556314
168331,168337,169819,6,1482,2,7200,1.004048583
168346,168352,169917,6,1565,2,7200,1.00383386581
168392,168398,169947,6,1549,2,7200,1.00387346675
168425,168431,169858,6,1427,2,7200,1.00420462509
168456,168462,168464,6,2,1,900,1.0
168470,168477,169971,7,1494,2,7200,1.0046854083
168486,168492,170009,6,1517,2,7200,1.00395517469
168501,168507,169994,6,1487,2,7200,1.00403496974
168531,168537,168540,6,3,1,900,1.0
168634,168640,170195,6,1555,2,7200,1.0038585209
168649,168655,170205,6,1550,2,7200,1.00387096774
168664,168670,170149,6,1479,2,7200,1.00405679513
168679,168686,170103,7,1417,2,7200,1.00494001411
168723,168729,168730,6,1,1,900,1.0
168734,168740,170208,6,1468,2,7200,1.00408719346
168801,168807,170385,6,1578,2,7200,1.00380228137
168857,168864,168866,7,2,1,900,1.0
168874,168880,170482,6,1602,2,7200,1.00374531835
168889,168895,170342,6,1447,2,7200,1.00414651002
168934,168940,170697,6,1757,2,7200,1.00341491178
168938,168946,168947,8,1,1,900,1.0
168986,168992,170541,6,1549,2,7200,1.00387346675
169001,169007,170586,6,1579,2,7200,1.00379987334
169013,169020,169021,7,1,1,900,1.0
169043,169049,171320,6,2271,2,7200,1.00264200793
169090,169096,169098,6,2,1,900,1.0
169147,169153,170600,6,1447,2,7200,1.00414651002
169156,169162,169163,6,1,1,900,1.0
169171,169177,170793,6,1616,2,7200,1.00371287129
169289,169295,170861,6,1566,2,7200,1.00383141762
169304,169310,170722,6,1412,2,7200,1.00424929178
169306,169316,170905,10,1589,2,7200,1.00629326621
169321,169327,170904,6,1577,2,7200,1.00380469245
169336,169342,170916,6,1574,2,7200,1.00381194409
169338,169348,170733,10,1385,2,7200,1.00722021661
169353,169359,169361,6,2,1,900,1.0
169359,169366,170715,7,1349,2,7200,1.00518902891
169451,169457,171014,6,1557,2,7200,1.00385356455
169527,169533,169535,6,2,1,900,1.0
169530,169540,171053,10,1513,2,7200,1.00660938533
169582,169589,171109,7,1520,2,7200,1.00460526316
169600,169606,171104,6,1498,2,7200,1.00400534045
169629,169635,169637,6,2,1,900,1.0
169636,169643,171172,7,1529,2,7200,1.00457815566
169651,169658,171241,7,1583,2,7200,1.00442198358
169679,169685,171130,6,1445,2,7200,1.00415224913
169681,169691,171287,10,1596,2,7200,1.00626566416
169702,169708,169712,6,4,1,900,1.0
169729,169735,171279,6,1544,2,7200,1.00388601036
169769,169775,171248,6,1473,2,7200,1.00407331976
169773,169781,169783,8,2,1,900,1.0
169787,169793,171376,6,1583,2,7200,1.00379027164
169820,169826,171299,6,1473,2,7200,1.00407331976
169841,169847,169849,6,2,1,900,1.0
169842,169853,171518,11,1665,2,7200,1.00660660661
169860,169866,171329,6,1463,2,7200,1.004101162
169918,169924,171334,6,1410,2,7200,1.00425531915
169928,169934,169935,6,1,1,900,1.0
169948,169954,171618,6,1664,2,7200,1.00360576923
169972,169978,171382,6,1404,2,7200,1.00427350427
169997,170003,171665,6,1662,2,7200,1.0036101083
170012,170023,171582,11,1559,2,7200,1.007055805
170012,170018,170019,6,1,1,900,1.0
170106,170117,171830,11,1713,2,7200,1.00642148278
170149,170155,171760,6,1605,2,7200,1.00373831776
170197,170204,171727,7,1523,2,7200,1.00459619173
170212,170219,171809,7,1590,2,7200,1.00440251572
170214,170230,171647,16,1417,2,7200,1.01129146083
170217,170225,170226,8,1,1,900,1.0
170225,170237,170238,12,1,2,3540,1.3
170344,170351,171936,7,1585,2,7200,1.00441640379
170387,170393,171909,6,1516,2,7200,1.00395778364
170485,170491,172110,6,1619,2,7200,1.00370599135
170542,170548,172062,6,1514,2,7200,1.00396301189
170588,170594,172211,6,1617,2,7200,1.00371057514
170603,170609,172095,6,1486,2,7200,1.00403768506
170697,170703,172322,6,1619,2,7200,1.00370599135
170718,170724,172278,6,1554,2,7200,1.00386100386
170733,170740,172312,7,1572,2,7200,1.00445292621
170735,170752,172293,17,1541,2,7200,1.01103179753
170795,170802,172387,7,1585,2,7200,1.00441640379
170862,170868,172420,6,1552,2,7200,1.00386597938
170905,170911,172458,6,1547,2,7200,1.00387847447
170906,170917,172391,11,1474,2,7200,1.00746268657
170922,170928,172528,6,1600,2,7200,1.00375
171016,171022,172617,6,1595,2,7200,1.00376175549
171056,171062,172494,6,1432,2,7200,1.00418994413
171105,171114,172688,9,1574,2,7200,1.00571791614
171120,171126,172568,6,1442,2,7200,1.00416088766
171135,171141,172784,6,1643,2,7200,1.00365185636
171171,171177,172727,6,1550,2,7200,1.00387096774
171244,171250,172766,6,1516,2,7200,1.00395778364
171260,171266,172888,6,1622,2,7200,1.00369913687
171281,171287,172677,6,1390,2,7200,1.00431654676
171296,171302,172872,6,1570,2,7200,1.00382165605
171311,171317,172703,6,1386,2,7200,1.00432900433
171326,171332,172853,6,1521,2,7200,1.00394477318
171342,171348,172960,6,1612,2,7200,1.00372208437
171343,171354,173020,11,1666,2,7200,1.00660264106
171379,171386,172927,7,1541,2,7200,1.00454250487
171395,171401,172899,6,1498,2,7200,1.00400534045
171519,171525,173145,6,1620,2,7200,1.0037037037
171583,171589,173146,6,1557,2,7200,1.00385356455
171619,171625,173054,6,1429,2,7200,1.00419874038
171649,171656,173096,7,1440,2,7200,1.00486111111
171665,171671,173292,6,1621,2,7200,1.00370141888
171728,171734,173239,6,1505,2,7200,1.00398671096
171758,171764,173394,6,1630,2,7200,1.0036809816
171810,171816,173694,6,1878,2,7200,1.00319488818
171831,171838,173401,7,1563,2,7200,1.00447856686
171911,171917,173525,6,1608,2,7200,1.00373134328
171938,171944,173372,6,1428,2,7200,1.00420168067
172062,172068,173526,6,1458,2,7200,1.00411522634
172096,172102,173584,6,1482,2,7200,1.004048583
172111,172117,173518,6,1401,2,7200,1.00428265525
172211,172217,173787,6,1570,2,7200,1.00382165605
172281,172287,173759,6,1472,2,7200,1.00407608696
172296,172302,173939,6,1637,2,7200,1.0036652413
172314,172320,173708,6,1388,2,7200,1.00432276657
172329,172335,173894,6,1559,2,7200,1.00384862091
172387,172393,173916,6,1523,2,7200,1.00393959291
172402,172408,174034,6,1626,2,7200,1.0036900369
172421,172427,173882,6,1455,2,7200,1.00412371134
172460,172466,173916,6,1450,2,7200,1.00413793103
172496,172503,174163,7,1660,2,7200,1.00421686747
172530,172536,174094,6,1558,2,7200,1.00385109114
172569,172575,174094,6,1519,2,7200,1.00394996708
172617,172624,173936,7,1312,2,7200,1.00533536585
172678,172684,174282,6,1598,2,7200,1.00375469337
172693,172699,174173,6,1474,2,7200,1.00407055631
172708,172714,174137,6,1423,2,7200,1.00421644413
172729,172735,174308,6,1573,2,7200,1.00381436745
172769,172775,174302,6,1527,2,7200,1.00392927308
172784,172790,174318,6,1528,2,7200,1.00392670157
172854,172860,174375,6,1515,2,7200,1.00396039604
172876,172882,174387,6,1505,2,7200,1.00398671096
172891,172897,174430,6,1533,2,7200,1.00391389432
172906,172913,174468,7,1555,2,7200,1.00450160772
172928,172934,174539,6,1605,2,7200,1.00373831776
172962,172968,174438,6,1470,2,7200,1.00408163265
173019,173025,174617,6,1592,2,7200,1.00376884422
173056,173062,174559,6,1497,2,7200,1.00400801603
173098,173104,174571,6,1467,2,7200,1.00408997955
173147,173153,174680,6,1527,2,7200,1.00392927308
173149,173160,174708,11,1548,2,7200,1.00710594315
173240,173246,174870,6,1624,2,7200,1.00369458128
173294,173300,174868,6,1568,2,7200,1.00382653061
173373,173380,174750,7,1370,2,7200,1.00510948905
173395,173401,174910,6,1509,2,7200,1.00397614314
173410,173416,174971,6,1555,2,7200,1.0038585209
173519,173526,175161,7,1635,2,7200,1.00428134557
173535,173541,174882,6,1341,2,7200,1.00447427293
173536,173547,175141,11,1594,2,7200,1.00690087829
173585,173591,175050,6,1459,2,7200,1.00411240576
173697,173703,175332,6,1629,2,7200,1.00368324125
173712,173718,175069,6,1351,2,7200,1.0044411547
173761,173767,175237,6,1470,2,7200,1.00408163265
173788,173794,175286,6,1492,2,7200,1.00402144772
173882,173888,175361,6,1473,2,7200,1.00407331976
173898,173904,175416,6,1512,2,7200,1.00396825397
173916,173922,175329,6,1407,2,7200,1.00426439232
173917,173928,175476,11,1548,2,7200,1.00710594315
173939,173945,175483,6,1538,2,7200,1.00390117035
173940,173952,175582,12,1630,2,7200,1.00736196319
174037,174043,175550,6,1507,2,7200,1.00398142004
174095,174101,175627,6,1526,2,7200,1.00393184797
174097,174107,175631,10,1524,2,7200,1.00656167979
174139,174145,175706,6,1561,2,7200,1.00384368994
174164,174170,175731,6,1561,2,7200,1.00384368994
174179,174185,175568,6,1383,2,7200,1.00433839479
174282,174288,175879,6,1591,2,7200,1.00377121307
174303,174309,175905,6,1596,2,7200,1.0037593985
174318,174324,175867,6,1543,2,7200,1.00388852884
174320,174331,175897,11,1566,2,7200,1.00702426564
174377,174383,175956,6,1573,2,7200,1.00381436745
174392,174398,175931,6,1533,2,7200,1.00391389432
174432,174438,176021,6,1583,2,7200,1.00379027164
174447,174453,175979,6,1526,2,7200,1.00393184797
174471,174477,176162,6,1685,2,7200,1.00356083086
174541,174547,176070,6,1523,2,7200,1.00393959291
174562,174568,175996,6,1428,2,7200,1.00420168067
174577,174583,176118,6,1535,2,7200,1.00390879479
174620,174626,176266,6,1640,2,7200,1.00365853659
174683,174689,176127,6,1438,2,7200,1.00417246175
174710,174717,176260,7,1543,2,7200,1.00453661698
174753,174759,176213,6,1454,2,7200,1.00412654746
174868,174874,176395,6,1521,2,7200,1.00394477318
174883,174889,176565,6,1676,2,7200,1.00357995227
174885,174895,176339,10,1444,2,7200,1.00692520776
174912,174918,176441,6,1523,2,7200,1.00393959291
174973,174979,176518,6,1539,2,7200,1.00389863548
175052,175059,176661,7,1602,2,7200,1.00436953808
175071,175077,176698,6,1621,2,7200,1.00370141888
175143,175149,176793,6,1644,2,7200,1.00364963504
175161,175167,176729,6,1562,2,7200,1.00384122919
175237,175243,176868,6,1625,2,7200,1.00369230769
175286,175292,176878,6,1586,2,7200,1.00378310214
175331,175338,176825,7,1487,2,7200,1.00470746469
175347,175353,176761,6,1408,2,7200,1.00426136364
175365,175371,176819,6,1448,2,7200,1.00414364641
175416,175423,176931,7,1508,2,7200,1.00464190981
175477,175483,177024,6,1541,2,7200,1.0038935756
175492,175498,176906,6,1408,2,7200,1.00426136364
175550,175556,177179,6,1623,2,7200,1.00369685767
175569,175575,177134,6,1559,2,7200,1.00384862091
175584,175590,177131,6,1541,2,7200,1.0038935756
175629,175636,177071,7,1435,2,7200,1.00487804878
175644,175651,177184,7,1533,2,7200,1.00456621005
175709,175715,177267,6,1552,2,7200,1.00386597938
175734,175740,177255,6,1515,2,7200,1.00396039604
175868,175874,177284,6,1410,2,7200,1.00425531915
175883,175889,177504,6,1615,2,7200,1.00371517028
175898,175904,177359,6,1455,2,7200,1.00412371134
175913,175919,177446,6,1527,2,7200,1.00392927308
175935,175941,177620,6,1679,2,7200,1.00357355569
175959,175965,177548,6,1583,2,7200,1.00379027164
175980,175986,177599,6,1613,2,7200,1.00371977681
175999,176005,177574,6,1569,2,7200,1.00382409178
176023,176029,177566,6,1537,2,7200,1.00390370852
176072,176078,177679,6,1601,2,7200,1.00374765771
176120,176126,177602,6,1476,2,7200,1.00406504065
176136,176142,177626,6,1484,2,7200,1.00404312668
176163,176169,177724,6,1555,2,7200,1.0038585209
176215,176221,177895,6,1674,2,7200,1.00358422939
176260,176266,177717,6,1451,2,7200,1.00413507926
176275,176281,177792,6,1511,2,7200,1.00397088021
176342,176348,177843,6,1495,2,7200,1.00401337793
176396,176403,177897,7,1494,2,7200,1.0046854083
176442,176448,178002,6,1554,2,7200,1.00386100386
176518,176524,178086,6,1562,2,7200,1.00384122919
176567,176573,178258,6,1685,2,7200,1.00356083086
176664,176670,178247,6,1577,2,7200,1.00380469245
176700,176706,178238,6,1532,2,7200,1.00391644909
176731,176737,178293,6,1556,2,7200,1.00385604113
176761,176767,178390,6,1623,2,7200,1.00369685767
176794,176801,178457,7,1656,2,7200,1.00422705314
176822,176828,178331,6,1503,2,7200,1.00399201597
176837,176843,178341,6,1498,2,7200,1.00400534045
176871,176877,178485,6,1608,2,7200,1.00373134328
176886,176892,178297,6,1405,2,7200,1.00427046263
176907,176913,178444,6,1531,2,7200,1.00391900718
176931,176937,178489,6,1552,2,7200,1.00386597938
177025,177032,178628,7,1596,2,7200,1.00438596491
177071,177077,178491,6,1414,2,7200,1.00424328147
177132,177138,178628,6,1490,2,7200,1.00402684564
177147,177153,178818,6,1665,2,7200,1.0036036036
177180,177186,178858,6,1672,2,7200,1.00358851675
177195,177202,178741,7,1539,2,7200,1.00454840806
177256,177262,178826,6,1564,2,7200,1.00383631714
177272,177278,178936,6,1658,2,7200,1.00361881785
177287,177293,178816,6,1523,2,7200,1.00393959291
177360,177366,178870,6,1504,2,7200,1.0039893617
177447,177453,178981,6,1528,2,7200,1.00392670157
177505,177511,179214,6,1703,2,7200,1.00352319436
177551,177557,178976,6,1419,2,7200,1.00422832981
177566,177572,179275,6,1703,2,7200,1.00352319436
177582,177588,179116,6,1528,2,7200,1.00392670157
177600,177606,179222,6,1616,2,7200,1.00371287129
177615,177621,179352,6,1731,2,7200,1.00346620451
177631,177637,179172,6,1535,2,7200,1.00390879479
177632,177643,179347,11,1704,2,7200,1.00645539906
177681,177687,179204,6,1517,2,7200,1.00395517469
177720,177726,179308,6,1582,2,7200,1.00379266751
177735,177741,179309,6,1568,2,7200,1.00382653061
177793,177799,179397,6,1598,2,7200,1.00375469337
177844,177850,179281,6,1431,2,7200,1.00419287212
177896,177902,179370,6,1468,2,7200,1.00408719346
177911,177917,179495,6,1578,2,7200,1.00380228137
178005,178011,179511,6,1500,2,7200,1.004
178087,178093,179570,6,1477,2,7200,1.00406228842
178240,178246,179840,6,1594,2,7200,1.00376411543
178255,178261,179823,6,1562,2,7200,1.00384122919
178270,178276,179820,6,1544,2,7200,1.00388601036
178294,178301,179820,7,1519,2,7200,1.00460829493
178310,178316,179817,6,1501,2,7200,1.00399733511
178334,178340,179863,6,1523,2,7200,1.00393959291
178349,178355,179995,6,1640,2,7200,1.00365853659
178389,178395,179801,6,1406,2,7200,1.00426742532
178446,178452,180064,6,1612,2,7200,1.00372208437
178462,178468,180018,6,1550,2,7200,1.00387096774
178486,178493,179985,7,1492,2,7200,1.00469168901
178502,178508,180127,6,1619,2,7200,1.00370599135
178503,178514,180003,11,1489,2,7200,1.00738750839
178628,178634,180113,6,1479,2,7200,1.00405679513
178643,178649,180355,6,1706,2,7200,1.00351699883
178743,178749,180263,6,1514,2,7200,1.00396301189
178819,178825,180562,6,1737,2,7200,1.00345423143
178821,178831,180422,10,1591,2,7200,1.00628535512
178836,178842,180238,6,1396,2,7200,1.00429799427
178860,178866,180526,6,1660,2,7200,1.00361445783
178875,178881,180246,6,1365,2,7200,1.0043956044
178939,178945,180540,6,1595,2,7200,1.00376175549
178979,178985,180543,6,1558,2,7200,1.00385109114
178994,179000,180518,6,1518,2,7200,1.00395256917
179118,179125,180617,7,1492,2,7200,1.00469168901
179173,179179,180656,6,1477,2,7200,1.00406228842
179206,179213,180805,7,1592,2,7200,1.00439698492
179222,179228,180848,6,1620,2,7200,1.0037037037
179223,179235,180785,12,1550,2,7200,1.00774193548
179278,179284,180801,6,1517,2,7200,1.00395517469
179293,179299,180976,6,1677,2,7200,1.00357781753
179309,179315,180867,6,1552,2,7200,1.00386597938
179310,179321,180875,11,1554,2,7200,1.00707850708
179349,179356,180966,7,1610,2,7200,1.00434782609
179365,179371,180894,6,1523,2,7200,1.00393959291
179380,179386,180821,6,1435,2,7200,1.00418118467
179398,179404,180775,6,1371,2,7200,1.00437636761
179495,179501,181096,6,1595,2,7200,1.00376175549
179513,179519,180999,6,1480,2,7200,1.00405405405
179571,179577,181140,6,1563,2,7200,1.00383877159
179801,179808,181296,7,1488,2,7200,1.00470430108
179821,179827,181503,6,1676,2,7200,1.00357995227
179822,179833,181334,11,1501,2,7200,1.0073284477
179824,179839,181442,15,1603,2,7200,1.00935745477
179839,179845,181478,6,1633,2,7200,1.00367421923
179854,179860,181207,6,1347,2,7200,1.00445434298
179869,179875,181385,6,1510,2,7200,1.00397350993
179987,179993,181627,6,1634,2,7200,1.00367197062
180003,180009,181669,6,1660,2,7200,1.00361445783
180018,180024,181692,6,1668,2,7200,1.0035971223
180020,180031,181519,11,1488,2,7200,1.00739247312
180065,180072,181607,7,1535,2,7200,1.00456026059
180114,180120,181713,6,1593,2,7200,1.00376647834
180130,180136,181656,6,1520,2,7200,1.00394736842
180239,180245,181685,6,1440,2,7200,1.00416666667
180254,180260,181693,6,1433,2,7200,1.00418702024
180269,180275,181796,6,1521,2,7200,1.00394477318
180357,180364,181857,7,1493,2,7200,1.00468854655
180422,180428,181921,6,1493,2,7200,1.00401875419
180519,180525,182129,6,1604,2,7200,1.00374064838
180534,180540,182042,6,1502,2,7200,1.00399467377
180549,180555,182146,6,1591,2,7200,1.00377121307
180551,180561,182014,10,1453,2,7200,1.00688231246
180566,180573,183348,7,2775,2,7200,1.00252252252
180618,180624,182243,6,1619,2,7200,1.00370599135
180658,180664,182128,6,1464,2,7200,1.00409836066
180776,180782,182394,6,1612,2,7200,1.00372208437
180791,180797,182263,6,1466,2,7200,1.00409276944
180807,180813,182494,6,1681,2,7200,1.00356930399
180808,180819,182346,11,1527,2,7200,1.00720366732
180824,180830,182360,6,1530,2,7200,1.00392156863
180848,180854,182319,6,1465,2,7200,1.00409556314
180870,180876,182512,6,1636,2,7200,1.00366748166
180885,180892,182666,7,1774,2,7200,1.00394588501
180901,180907,182481,6,1574,2,7200,1.00381194409
180968,180973,182510,5,1537,2,7200,1.00325309044
180983,180989,182448,6,1459,2,7200,1.00411240576
181001,181007,182441,6,1434,2,7200,1.00418410042
181099,181105,182583,6,1478,2,7200,1.00405953992
181108,181114,181116,6,2,2,3540,1.0
181141,181147,182604,6,1457,2,7200,1.00411805079
181208,181214,182785,6,1571,2,7200,1.00381922342
181298,181304,182858,6,1554,2,7200,1.00386100386
181335,181341,182974,6,1633,2,7200,1.00367421923
181386,181392,183028,6,1636,2,7200,1.00366748166
181444,181450,183081,6,1631,2,7200,1.00367872471
181481,181487,183097,6,1610,2,7200,1.00372670807
181505,181511,183029,6,1518,2,7200,1.00395256917
181521,181527,183130,6,1603,2,7200,1.00374298191
181609,181615,183192,6,1577,2,7200,1.00380469245
181631,181637,183175,6,1538,2,7200,1.00390117035
181658,181664,183253,6,1589,2,7200,1.00377595972
181674,181680,183292,6,1612,2,7200,1.00372208437
181689,181695,183301,6,1606,2,7200,1.00373599004
181704,181710,183271,6,1561,2,7200,1.00384368994
181705,181716,183279,11,1563,2,7200,1.00703774792
181721,181727,183197,6,1470,2,7200,1.00408163265
181797,181803,183316,6,1513,2,7200,1.0039656312
181858,181864,183490,6,1626,2,7200,1.0036900369
181922,181928,183445,6,1517,2,7200,1.00395517469
182017,182023,183554,6,1531,2,7200,1.00391900718
182044,182050,183523,6,1473,2,7200,1.00407331976
182126,182132,182303,6,171,1,3600,1.0350877193
182129,182138,183702,9,1564,2,7200,1.0057544757
182130,182144,183604,14,1460,2,7200,1.0095890411
182149,182155,183721,6,1566,2,7200,1.00383141762
182247,182253,183869,6,1616,2,7200,1.00371287129
182265,182271,183909,6,1638,2,7200,1.00366300366
182320,182326,183776,6,1450,2,7200,1.00413793103
182347,182353,183988,6,1635,2,7200,1.00366972477
182363,182369,183837,6,1468,2,7200,1.00408719346
182396,182403,183975,7,1572,2,7200,1.00445292621
182442,182449,183883,7,1434,2,7200,1.00488145049
182457,182464,184023,7,1559,2,7200,1.00449005773
182482,182488,184065,6,1577,2,7200,1.00380469245
182486,182495,182849,9,354,1,3600,1.02542372881
182497,182503,184031,6,1528,2,7200,1.00392670157
182512,182519,184058,7,1539,2,7200,1.00454840806
182514,182525,183984,11,1459,2,7200,1.00753941056
182584,182590,184218,6,1628,2,7200,1.00368550369
182605,182612,184210,7,1598,2,7200,1.00438047559
182664,182670,184138,6,1468,2,7200,1.00408719346
182785,182791,184385,6,1594,2,7200,1.00376411543
182861,182867,184263,6,1396,2,7200,1.00429799427
182977,182983,184558,6,1575,2,7200,1.00380952381
183032,183038,184753,6,1715,2,7200,1.00349854227
183033,183044,184444,11,1400,2,7200,1.00785714286
183082,183088,184516,6,1428,2,7200,1.00420168067
183100,183107,184759,7,1652,2,7200,1.00423728814
183131,183137,184620,6,1483,2,7200,1.004045853
183177,183183,184734,6,1551,2,7200,1.00386847195
183192,183198,184787,6,1589,2,7200,1.00377595972
183207,183214,184726,7,1512,2,7200,1.00462962963
183208,183220,184038,12,818,1,3600,1.01466992665
183256,183262,184880,6,1618,2,7200,1.00370828183
183272,183278,184779,6,1501,2,7200,1.00399733511
183287,183293,184965,6,1672,2,7200,1.00358851675
183302,183308,184956,6,1648,2,7200,1.0036407767
183304,183315,184747,11,1432,2,7200,1.00768156425
183319,183325,185015,6,1690,2,7200,1.00355029586
183349,183355,184840,6,1485,2,7200,1.00404040404
183446,183453,184932,7,1479,2,7200,1.00473292765
183492,183498,185123,6,1625,2,7200,1.00369230769
183528,183534,184963,6,1429,2,7200,1.00419874038
183555,183561,185087,6,1526,2,7200,1.00393184797
183604,183610,185196,6,1586,2,7200,1.00378310214
183704,183710,185158,6,1448,2,7200,1.00414364641
183722,183728,185303,6,1575,2,7200,1.00380952381
183777,183783,185233,6,1450,2,7200,1.00413793103
183838,183844,185420,6,1576,2,7200,1.0038071066
183868,183874,185458,6,1584,2,7200,1.00378787879
183883,183890,185479,7,1589,2,7200,1.00440528634
183911,183917,185430,6,1513,2,7200,1.0039656312
183979,183985,185422,6,1437,2,7200,1.00417536534
183994,184000,185380,6,1380,2,7200,1.00434782609
183996,184006,185513,10,1507,2,7200,1.00663570007
184023,184029,185408,6,1379,2,7200,1.00435097897
184038,184044,185602,6,1558,2,7200,1.00385109114
184060,184066,185542,6,1476,2,7200,1.00406504065
184075,184081,185496,6,1415,2,7200,1.00424028269
184142,184148,185695,6,1547,2,7200,1.00387847447
184212,184218,185810,6,1592,2,7200,1.00376884422
184227,184233,185662,6,1429,2,7200,1.00419874038
184264,184270,185665,6,1395,2,7200,1.00430107527
184388,184394,186007,6,1613,2,7200,1.00371977681
184447,184453,185990,6,1537,2,7200,1.00390370852
184512,184518,186098,6,1580,2,7200,1.00379746835
184559,184565,186258,6,1693,2,7200,1.00354400473
184621,184628,186136,7,1508,2,7200,1.00464190981
184726,184733,186248,7,1515,2,7200,1.00462046205
184742,184748,186272,6,1524,2,7200,1.00393700787
184760,184766,186291,6,1525,2,7200,1.00393442623
184761,184773,186115,12,1342,2,7200,1.00894187779
184763,184778,186536,15,1758,2,7200,1.00853242321
184783,184789,186390,6,1601,2,7200,1.00374765771
184799,184805,186336,6,1531,2,7200,1.00391900718
184843,184849,186281,6,1432,2,7200,1.00418994413
184882,184888,186392,6,1504,2,7200,1.0039893617
184935,184941,186496,6,1555,2,7200,1.0038585209
184956,184962,186575,6,1613,2,7200,1.00371977681
184974,184981,186397,7,1416,2,7200,1.00494350282
184976,184988,186452,12,1464,2,7200,1.00819672131
185016,185022,186614,6,1592,2,7200,1.00376884422
185087,185093,186526,6,1433,2,7200,1.00418702024
185124,185131,186664,7,1533,2,7200,1.00456621005
185160,185166,187001,6,1835,2,7200,1.00326975477
185199,185205,186603,6,1398,2,7200,1.00429184549
185236,185242,186804,6,1562,2,7200,1.00384122919
185304,185310,186868,6,1558,2,7200,1.00385109114
185332,185338,185450,6,112,1,3600,1.05357142857
185383,185389,187008,6,1619,2,7200,1.00370599135
185410,185417,186939,7,1522,2,7200,1.00459921156
185426,185431,187017,5,1586,2,7200,1.00315258512
185427,185438,186810,11,1372,2,7200,1.00801749271
185442,185449,186979,7,1530,2,7200,1.0045751634
185461,185467,186964,6,1497,2,7200,1.00400801603
185482,185488,187067,6,1579,2,7200,1.00379987334
185497,185503,187101,6,1598,2,7200,1.00375469337
185515,185521,187082,6,1561,2,7200,1.00384368994
185544,185551,187150,7,1599,2,7200,1.00437773609
185605,185611,187104,6,1493,2,7200,1.00401875419
185624,185630,185950,6,320,1,3600,1.01875
185663,185670,187228,7,1558,2,7200,1.00449293967
185665,185676,187149,11,1473,2,7200,1.00746775289
185696,185702,187215,6,1513,2,7200,1.0039656312
185701,185708,185879,7,171,1,3600,1.04093567251
185811,185817,187480,6,1663,2,7200,1.00360793746
185990,185996,187532,6,1536,2,7200,1.00390625
186008,186014,187586,6,1572,2,7200,1.00381679389
186058,186065,186407,7,342,1,3600,1.02046783626
186099,186105,187587,6,1482,2,7200,1.004048583
186118,186124,187591,6,1467,2,7200,1.00408997955
186139,186145,187684,6,1539,2,7200,1.00389863548
186251,186257,187660,6,1403,2,7200,1.00427655025
186267,186273,187753,6,1480,2,7200,1.00405405405
186282,186288,187856,6,1568,2,7200,1.00382653061
186284,186294,187793,10,1499,2,7200,1.00667111408
186299,186305,187763,6,1458,2,7200,1.00411522634
186339,186345,187899,6,1554,2,7200,1.00386100386
186391,186397,187905,6,1508,2,7200,1.00397877984
186406,186412,187950,6,1538,2,7200,1.00390117035
186408,186418,187959,10,1541,2,7200,1.00648929267
186449,186455,187062,6,607,1,3600,1.00988467875
186454,186461,188344,7,1883,2,7200,1.00371747212
186497,186503,187975,6,1472,2,7200,1.00407608696
186527,186534,188101,7,1567,2,7200,1.00446713465
186543,186549,188085,6,1536,2,7200,1.00390625
186576,186582,188127,6,1545,2,7200,1.00388349515
186603,186610,188123,7,1513,2,7200,1.00462656973
186619,186625,188256,6,1631,2,7200,1.00367872471
186667,186673,188526,6,1853,2,7200,1.00323799244
186769,186775,187542,6,767,1,3600,1.00782268579
186804,186810,188444,6,1634,2,7200,1.00367197062
186819,186825,188353,6,1528,2,7200,1.00392670157
186871,186877,188373,6,1496,2,7200,1.00401069519
186940,186947,188434,7,1487,2,7200,1.00470746469
186965,186971,188319,6,1348,2,7200,1.00445103858
186980,186986,188462,6,1476,2,7200,1.00406504065
187002,187008,188524,6,1516,2,7200,1.00395778364
187018,187024,188443,6,1419,2,7200,1.00422832981
187019,187031,188523,12,1492,2,7200,1.00804289544
187068,187074,188701,6,1627,2,7200,1.0036877689
187083,187089,188623,6,1534,2,7200,1.00391134289
187105,187111,188625,6,1514,2,7200,1.00396301189
187106,187117,188739,11,1622,2,7200,1.00678175092
187149,187155,188730,6,1575,2,7200,1.00380952381
187164,187170,188830,6,1660,2,7200,1.00361445783
187217,187223,188634,6,1411,2,7200,1.00425230333
187232,187238,188821,6,1583,2,7200,1.00379027164
187481,187487,189000,6,1513,2,7200,1.0039656312
187532,187538,188986,6,1448,2,7200,1.00414364641
187584,187591,189084,7,1493,2,7200,1.00468854655
187600,187606,189131,6,1525,2,7200,1.00393442623
187601,187612,189148,11,1536,2,7200,1.00716145833
187662,187668,189286,6,1618,2,7200,1.00370828183
187686,187692,189247,6,1555,2,7200,1.0038585209
187756,187762,189391,6,1629,2,7200,1.00368324125
187771,187777,189380,6,1603,2,7200,1.00374298191
187796,187802,189432,6,1630,2,7200,1.0036809816
187860,187866,189363,6,1497,2,7200,1.00400801603
187899,187905,189377,6,1472,2,7200,1.00407608696
187914,187920,189476,6,1556,2,7200,1.00385604113
187951,187957,189501,6,1544,2,7200,1.00388601036
187966,187972,189458,6,1486,2,7200,1.00403768506
187981,187987,189475,6,1488,2,7200,1.00403225806
188088,188094,189610,6,1516,2,7200,1.00395778364
188103,188109,189653,6,1544,2,7200,1.00388601036
188125,188131,189661,6,1530,2,7200,1.00392156863
188140,188146,189646,6,1500,2,7200,1.004
188257,188263,189709,6,1446,2,7200,1.00414937759
188321,188327,189841,6,1514,2,7200,1.00396301189
188345,188352,189920,7,1568,2,7200,1.00446428571
188361,188367,189834,6,1467,2,7200,1.00408997955
188376,188382,190018,6,1636,2,7200,1.00366748166
188437,188443,190013,6,1570,2,7200,1.00382165605
188452,188458,190001,6,1543,2,7200,1.00388852884
188454,188464,189905,10,1441,2,7200,1.00693962526
188469,188475,189879,6,1404,2,7200,1.00427350427
188524,188530,190097,6,1567,2,7200,1.00382897256
188525,188536,190008,11,1472,2,7200,1.00747282609
188540,188547,189905,7,1358,2,7200,1.00515463918
188627,188633,190211,6,1578,2,7200,1.00380228137
188628,188639,190217,11,1578,2,7200,1.00697084918
188643,188650,190176,7,1526,2,7200,1.00458715596
188701,188707,190133,6,1426,2,7200,1.00420757363
188732,188738,190267,6,1529,2,7200,1.00392413342
188747,188753,190292,6,1539,2,7200,1.00389863548
188757,188763,188881,6,118,1,3600,1.05084745763
188823,188829,190554,6,1725,2,7200,1.00347826087
188838,188844,190465,6,1621,2,7200,1.00370141888
188987,188993,190467,6,1474,2,7200,1.00407055631
189002,189009,190588,7,1579,2,7200,1.00443318556
189049,189055,189376,6,321,1,3600,1.01869158879
189085,189091,190691,6,1600,2,7200,1.00375
189133,189139,190608,6,1469,2,7200,1.00408441116
189150,189156,190624,6,1468,2,7200,1.00408719346
189247,189253,190675,6,1422,2,7200,1.00421940928
189287,189293,190890,6,1597,2,7200,1.00375704446
189366,189372,190765,6,1393,2,7200,1.00430725054
189381,189387,191095,6,1708,2,7200,1.00351288056
189383,189393,190935,10,1542,2,7200,1.00648508431
189398,189404,190970,6,1566,2,7200,1.00383141762
189429,189435,189555,6,120,1,1800,1.05
189435,189442,191036,7,1594,2,7200,1.00439146801
189459,189466,190969,7,1503,2,7200,1.00465735196
189475,189481,190855,6,1374,2,7200,1.00436681223
189477,189487,191069,10,1582,2,7200,1.00632111252
189502,189508,190950,6,1442,2,7200,1.00416088766
189611,189617,191058,6,1441,2,7200,1.00416377516
189648,189654,191189,6,1535,2,7200,1.00390879479
189663,189670,191171,7,1501,2,7200,1.00466355763
189665,189676,191337,11,1661,2,7200,1.00662251656
189711,189717,191223,6,1506,2,7200,1.00398406375
189833,189839,190460,6,621,1,3600,1.00966183575
189835,189846,191490,11,1644,2,7200,1.00669099757
189851,189857,191443,6,1586,2,7200,1.00378310214
189863,189870,189983,7,113,1,1800,1.06194690265
189881,189887,191505,6,1618,2,7200,1.00370828183
189906,189913,191300,7,1387,2,7200,1.00504686373
189907,189918,191431,11,1513,2,7200,1.00727032386
189923,189929,191442,6,1513,2,7200,1.0039656312
190002,190008,191561,6,1553,2,7200,1.00386349002
190017,190023,191614,6,1591,2,7200,1.00377121307
190019,190029,191630,10,1601,2,7200,1.00624609619
190034,190040,191432,6,1392,2,7200,1.00431034483
190098,190104,191741,6,1637,2,7200,1.0036652413
190134,190140,191916,6,1776,2,7200,1.00337837838
190177,190183,191752,6,1569,2,7200,1.00382409178
190214,190220,191696,6,1476,2,7200,1.00406504065
190229,190235,191839,6,1604,2,7200,1.00374064838
190269,190275,191870,6,1595,2,7200,1.00376175549
190293,190299,191705,6,1406,2,7200,1.00426742532
190466,190473,192134,7,1661,2,7200,1.00421432872
190468,190479,192104,11,1625,2,7200,1.00676923077
190554,190560,192117,6,1557,2,7200,1.00385356455
190590,190597,192253,7,1656,2,7200,1.00422705314
190612,190618,192240,6,1622,2,7200,1.00369913687
190627,190633,192024,6,1391,2,7200,1.00431344357
190655,190661,191175,6,514,1,1800,1.01167315175
190676,190682,192196,6,1514,2,7200,1.00396301189
190691,190697,192180,6,1483,2,7200,1.004045853
190768,190774,192284,6,1510,2,7200,1.00397350993
190857,190863,192430,6,1567,2,7200,1.00382897256
190890,190896,192464,6,1568,2,7200,1.00382653061
190936,190942,192653,6,1711,2,7200,1.00350672122
190951,190958,192610,7,1652,2,7200,1.00423728814
190970,190976,192514,6,1538,2,7200,1.00390117035
190971,190982,192539,11,1557,2,7200,1.00706486834
191036,191042,192555,6,1513,2,7200,1.0039656312
191060,191066,192677,6,1611,2,7200,1.00372439479
191075,191081,192599,6,1518,2,7200,1.00395256917
191097,191103,192675,6,1572,2,7200,1.00381679389
191173,191179,192651,6,1472,2,7200,1.00407608696
191191,191197,192834,6,1637,2,7200,1.0036652413
191224,191231,192857,7,1626,2,7200,1.00430504305
191301,191307,192924,6,1617,2,7200,1.00371057514
191338,191344,192786,6,1442,2,7200,1.00416088766
191432,191438,192916,6,1478,2,7200,1.00405953992
191433,191444,193022,11,1578,2,7200,1.00697084918
191449,191455,192957,6,1502,2,7200,1.00399467377
191450,191461,193015,11,1554,2,7200,1.00707850708
191490,191496,193007,6,1511,2,7200,1.00397088021
191505,191511,193185,6,1674,2,7200,1.00358422939
191563,191569,193038,6,1469,2,7200,1.00408441116
191615,191621,193215,6,1594,2,7200,1.00376411543
191633,191640,193021,7,1381,2,7200,1.00506879073
191697,191703,193264,6,1561,2,7200,1.00384368994
191713,191719,193335,6,1616,2,7200,1.00371287129
191740,191747,193210,7,1463,2,7200,1.004784689
191756,191762,193387,6,1625,2,7200,1.00369230769
191841,191847,193371,6,1524,2,7200,1.00393700787
191871,191878,193488,7,1610,2,7200,1.00434782609
191917,191923,193476,6,1553,2,7200,1.00386349002
192026,192033,193494,7,1461,2,7200,1.00479123888
192105,192111,193613,6,1502,2,7200,1.00399467377
192121,192127,193673,6,1546,2,7200,1.00388098318
192136,192142,193724,6,1582,2,7200,1.00379266751
192182,192188,193778,6,1590,2,7200,1.00377358491
192197,192203,193877,6,1674,2,7200,1.00358422939
192243,192249,193769,6,1520,2,7200,1.00394736842
192258,192264,193936,6,1672,2,7200,1.00358851675
192285,192292,193746,7,1454,2,7200,1.00481430536
192431,192437,194041,6,1604,2,7200,1.00374064838
192465,192471,194006,6,1535,2,7200,1.00390879479
192517,192523,194028,6,1505,2,7200,1.00398671096
192542,192548,194082,6,1534,2,7200,1.00391134289
192557,192563,194171,6,1608,2,7200,1.00373134328
192599,192609,194276,10,1667,2,7200,1.00599880024
192616,192622,194227,6,1605,2,7200,1.00373831776
192653,192659,194218,6,1559,2,7200,1.00384862091
192654,192665,194095,11,1430,2,7200,1.00769230769
192676,192682,194190,6,1508,2,7200,1.00397877984
192691,192697,194262,6,1565,2,7200,1.00383386581
192788,192794,194334,6,1540,2,7200,1.0038961039
192834,192840,194429,6,1589,2,7200,1.00377595972
192858,192864,194440,6,1576,2,7200,1.0038071066
192886,192893,192940,7,47,1,1800,1.14893617021
192916,192923,194583,7,1660,2,7200,1.00421686747
192932,192938,194332,6,1394,2,7200,1.00430416069
192960,192966,194430,6,1464,2,7200,1.00409836066
193008,193014,194585,6,1571,2,7200,1.00381922342
193024,193031,194583,7,1552,2,7200,1.00451030928
193026,193037,194515,11,1478,2,7200,1.00744248985
193027,193043,194609,16,1566,2,7200,1.01021711367
193043,193049,194513,6,1464,2,7200,1.00409836066
193064,193070,193191,6,121,1,1800,1.04958677686
193186,193192,194658,6,1466,2,7200,1.00409276944
193214,193220,194849,6,1629,2,7200,1.00368324125
193229,193235,194814,6,1579,2,7200,1.00379987334
193257,193263,193350,6,87,1,1800,1.06896551724
193265,193272,194915,7,1643,2,7200,1.00426049909
193336,193342,194963,6,1621,2,7200,1.00370141888
193373,193379,194983,6,1604,2,7200,1.00374064838
193393,193399,194968,6,1569,2,7200,1.00382409178
193478,193484,194993,6,1509,2,7200,1.00397614314
193493,193499,195081,6,1582,2,7200,1.00379266751
193509,193515,195028,6,1513,2,7200,1.0039656312
193518,193524,193641,6,117,1,1800,1.05128205128
193615,193621,195143,6,1522,2,7200,1.00394218134
193673,193679,195209,6,1530,2,7200,1.00392156863
193724,193731,195145,7,1414,2,7200,1.00495049505
193749,193755,195210,6,1455,2,7200,1.00412371134
193771,193777,195248,6,1471,2,7200,1.00407885792
193786,193792,195447,6,1655,2,7200,1.00362537764
193880,193886,195310,6,1424,2,7200,1.00421348315
193938,193944,195562,6,1618,2,7200,1.00370828183
194008,194014,195660,6,1646,2,7200,1.00364520049
194029,194035,195640,6,1605,2,7200,1.00373831776
194044,194051,195578,7,1527,2,7200,1.00458415193
194084,194090,195732,6,1642,2,7200,1.00365408039
194099,194105,195683,6,1578,2,7200,1.00380228137
194173,194179,195827,6,1648,2,7200,1.0036407767
194191,194197,195718,6,1521,2,7200,1.00394477318
194210,194216,194499,6,283,1,1800,1.02120141343
194219,194226,195706,7,1480,2,7200,1.00472972973
194235,194241,195879,6,1638,2,7200,1.00366300366
194265,194271,195716,6,1445,2,7200,1.00415224913
194280,194287,195776,7,1489,2,7200,1.00470114171
194316,194322,194826,6,504,1,1800,1.0119047619
194333,194339,195842,6,1503,2,7200,1.00399201597
194334,194345,195919,11,1574,2,7200,1.00698856417
194433,194439,195999,6,1560,2,7200,1.00384615385
194434,194446,196016,12,1570,2,7200,1.0076433121
194449,194456,195979,7,1523,2,7200,1.00459619173
194514,194520,195996,6,1476,2,7200,1.00406504065
194529,194535,196275,6,1740,2,7200,1.00344827586
194584,194590,196069,6,1479,2,7200,1.00405679513
194586,194596,196064,10,1468,2,7200,1.0068119891
194601,194607,196220,6,1613,2,7200,1.00371977681
194616,194622,196054,6,1432,2,7200,1.00418994413
194658,194665,196107,7,1442,2,7200,1.00485436893
194817,194823,196226,6,1403,2,7200,1.00427655025
194851,194857,196437,6,1580,2,7200,1.00379746835
194918,194924,196447,6,1523,2,7200,1.00393959291
194963,194969,196559,6,1590,2,7200,1.00377358491
194979,194985,196523,6,1538,2,7200,1.00390117035
194994,195000,196542,6,1542,2,7200,1.00389105058
194995,195006,196521,11,1515,2,7200,1.00726072607
195029,195035,196578,6,1543,2,7200,1.00388852884
195083,195090,196598,7,1508,2,7200,1.00464190981
195144,195151,196713,7,1562,2,7200,1.00448143406
195146,195157,196699,11,1542,2,7200,1.00713359274
195210,195217,196773,7,1556,2,7200,1.00449871465
195212,195223,196849,11,1626,2,7200,1.00676506765
195249,195255,197189,6,1934,2,7200,1.00310237849
195310,195317,196847,7,1530,2,7200,1.0045751634
195447,195454,197019,7,1565,2,7200,1.00447284345
195563,195570,197312,7,1742,2,7200,1.00401836969
195579,195585,197236,6,1651,2,7200,1.00363416111
195643,195649,197097,6,1448,2,7200,1.00414364641
195661,195667,197143,6,1476,2,7200,1.00406504065
195685,195692,197180,7,1488,2,7200,1.00470430108
195707,195713,197375,6,1662,2,7200,1.0036101083
195722,195728,197314,6,1586,2,7200,1.00378310214
195723,195734,197187,11,1453,2,7200,1.0075705437
195739,195745,197385,6,1640,2,7200,1.00365853659
195778,195784,197371,6,1587,2,7200,1.00378071834
195830,195836,197472,6,1636,2,7200,1.00366748166
195845,195851,197382,6,1531,2,7200,1.00391900718
195882,195888,197376,6,1488,2,7200,1.00403225806
195921,195927,197390,6,1463,2,7200,1.004101162
195979,195985,197435,6,1450,2,7200,1.00413793103
195997,196003,197592,6,1589,2,7200,1.00377595972
196012,196018,197637,6,1619,2,7200,1.00370599135
196027,196033,197512,6,1479,2,7200,1.00405679513
196055,196061,197638,6,1577,2,7200,1.00380469245
196070,196076,197652,6,1576,2,7200,1.0038071066
196072,196082,197673,10,1591,2,7200,1.00628535512
196108,196114,197750,6,1636,2,7200,1.00366748166
196222,196228,197771,6,1543,2,7200,1.00388852884
196237,196244,197756,7,1512,2,7200,1.00462962963
196277,196283,197831,6,1548,2,7200,1.00387596899
196439,196445,197900,6,1455,2,7200,1.00412371134
196454,196460,198005,6,1545,2,7200,1.00388349515
196521,196527,198183,6,1656,2,7200,1.00362318841
196536,196543,198014,7,1471,2,7200,1.00475866757
196552,196558,198015,6,1457,2,7200,1.00411805079
196567,196573,197992,6,1419,2,7200,1.00422832981
196582,196588,198114,6,1526,2,7200,1.00393184797
196600,196606,198293,6,1687,2,7200,1.00355660937
196700,196706,198174,6,1468,2,7200,1.00408719346
196714,196720,196768,6,48,1,1800,1.125
196715,196727,198200,12,1473,2,7200,1.00814663951
196776,196782,198376,6,1594,2,7200,1.00376411543
196849,196855,198301,6,1446,2,7200,1.00414937759
196851,196861,198294,10,1433,2,7200,1.00697836706
197020,197026,198634,6,1608,2,7200,1.00373134328
197096,197102,198593,6,1491,2,7200,1.00402414487
197104,197110,197192,6,82,1,1800,1.07317073171
197145,197151,198699,6,1548,2,7200,1.00387596899
197181,197188,198940,7,1752,2,7200,1.00399543379
197197,197203,198682,6,1479,2,7200,1.00405679513
197198,197209,198727,11,1518,2,7200,1.00724637681
197238,197244,198701,6,1457,2,7200,1.00411805079
197311,197317,198799,6,1482,2,7200,1.004048583
197326,197332,198939,6,1607,2,7200,1.00373366521
197372,197378,198950,6,1572,2,7200,1.00381679389
197387,197393,199035,6,1642,2,7200,1.00365408039
197389,197400,198988,11,1588,2,7200,1.00692695214
197390,197405,199001,15,1596,2,7200,1.00939849624
197397,197412,198895,15,1483,2,7200,1.0101146325
197413,197419,198975,6,1556,2,7200,1.00385604113
197437,197443,199029,6,1586,2,7200,1.00378310214
197473,197480,198934,7,1454,2,7200,1.00481430536
197513,197519,199039,6,1520,2,7200,1.00394736842
197592,197598,199068,6,1470,2,7200,1.00408163265
197638,197644,199046,6,1402,2,7200,1.00427960057
197640,197650,199133,10,1483,2,7200,1.00674308833
197655,197661,199260,6,1599,2,7200,1.00375234522
197673,197679,199191,6,1512,2,7200,1.00396825397
197753,197759,199276,6,1517,2,7200,1.00395517469
197768,197774,199334,6,1560,2,7200,1.00384615385
197783,197789,199331,6,1542,2,7200,1.00389105058
197832,197838,199215,6,1377,2,7200,1.00435729847
197902,197908,199389,6,1481,2,7200,1.00405131668
197995,198001,199511,6,1510,2,7200,1.00397350993
198010,198016,199643,6,1627,2,7200,1.0036877689
198026,198032,199512,6,1480,2,7200,1.00405405405
198027,198038,199605,11,1567,2,7200,1.00701978302
198116,198122,199584,6,1462,2,7200,1.00410396717
198176,198183,199876,7,1693,2,7200,1.00413467218
198192,198198,199748,6,1550,2,7200,1.00387096774
198207,198213,199724,6,1511,2,7200,1.00397088021
198220,198226,198515,6,289,1,1800,1.02076124567
198295,198301,199870,6,1569,2,7200,1.00382409178
198297,198307,199982,10,1675,2,7200,1.00597014925
198312,198318,199956,6,1638,2,7200,1.00366300366
198379,198384,199895,5,1511,2,7200,1.00330906684
198594,198600,200090,6,1490,2,7200,1.00402684564
198637,198643,200238,6,1595,2,7200,1.00376175549
198682,198688,200171,6,1483,2,7200,1.004045853
198701,198707,200392,6,1685,2,7200,1.00356083086
198702,198714,200322,12,1608,2,7200,1.00746268657
198729,198736,200303,7,1567,2,7200,1.00446713465
198799,198805,200350,6,1545,2,7200,1.00388349515
198897,198903,200323,6,1420,2,7200,1.00422535211
198936,198943,200392,7,1449,2,7200,1.00483091787
198952,198958,200381,6,1423,2,7200,1.00421644413
198953,198964,200519,11,1555,2,7200,1.00707395498
198955,198969,200599,14,1630,2,7200,1.00858895706
198976,198982,200484,6,1502,2,7200,1.00399467377
198992,198998,200566,6,1568,2,7200,1.00382653061
199008,199013,200472,5,1459,2,7200,1.0034270048
199029,199035,200550,6,1515,2,7200,1.00396039604
199044,199050,200552,6,1502,2,7200,1.00399467377
199045,199056,200479,11,1423,2,7200,1.00773014758
199061,199067,200710,6,1643,2,7200,1.00365185636
199076,199082,200597,6,1515,2,7200,1.00396039604
199133,199139,200665,6,1526,2,7200,1.00393184797
199194,199200,200636,6,1436,2,7200,1.00417827298
199215,199221,200755,6,1534,2,7200,1.00391134289
199261,199268,200863,7,1595,2,7200,1.00438871473
199279,199285,200877,6,1592,2,7200,1.00376884422
199335,199341,200841,6,1500,2,7200,1.004
199336,199347,201117,11,1770,2,7200,1.00621468927
199390,199397,201063,7,1666,2,7200,1.00420168067
199513,199519,200946,6,1427,2,7200,1.00420462509
199514,199525,201107,11,1582,2,7200,1.00695322377
199584,199590,201055,6,1465,2,7200,1.00409556314
199605,199611,201132,6,1521,2,7200,1.00394477318
199645,199651,201201,6,1550,2,7200,1.00387096774
199727,199733,201202,6,1469,2,7200,1.00408441116
199751,199757,201310,6,1553,2,7200,1.00386349002
199873,199879,201378,6,1499,2,7200,1.00400266845
199888,199894,201490,6,1596,2,7200,1.0037593985
199903,199909,201489,6,1580,2,7200,1.00379746835
199958,199964,201562,6,1598,2,7200,1.00375469337
199982,199989,201503,7,1514,2,7200,1.00462351387
200092,200098,201709,6,1611,2,7200,1.00372439479
200171,200177,201850,6,1673,2,7200,1.00358637179
200241,200247,201841,6,1594,2,7200,1.00376411543
200305,200312,201902,7,1590,2,7200,1.00440251572
200324,200330,201881,6,1551,2,7200,1.00386847195
200325,200336,201721,11,1385,2,7200,1.00794223827
200353,200359,201945,6,1586,2,7200,1.00378310214
200383,200389,201937,6,1548,2,7200,1.00387596899
200399,200405,201971,6,1566,2,7200,1.00383141762
200400,200411,202016,11,1605,2,7200,1.00685358255
200473,200479,202163,6,1684,2,7200,1.00356294537
200488,200494,202020,6,1526,2,7200,1.00393184797
200490,200501,201925,11,1424,2,7200,1.0077247191
200520,200526,202026,6,1500,2,7200,1.004
200551,200557,202063,6,1506,2,7200,1.00398406375
200567,200573,202176,6,1603,2,7200,1.00374298191
200568,200579,201971,11,1392,2,7200,1.00790229885
200599,200605,202060,6,1455,2,7200,1.00412371134
200601,200612,202158,11,1546,2,7200,1.00711513583
200637,200643,202179,6,1536,2,7200,1.00390625
200668,200674,202295,6,1621,2,7200,1.00370141888
200713,200720,202337,7,1617,2,7200,1.00432900433
200756,200762,202183,6,1421,2,7200,1.00422237861
200841,200847,202378,6,1531,2,7200,1.00391900718
200862,200869,202506,7,1637,2,7200,1.00427611484
200878,200884,202482,6,1598,2,7200,1.00375469337
200948,200954,202398,6,1444,2,7200,1.00415512465
201057,201063,202583,6,1520,2,7200,1.00394736842
201073,201079,202610,6,1531,2,7200,1.00391900718
201109,201115,202663,6,1548,2,7200,1.00387596899
201124,201130,202663,6,1533,2,7200,1.00391389432
201140,201146,202725,6,1579,2,7200,1.00379987334
201203,201209,202668,6,1459,2,7200,1.00411240576
201205,201216,202725,11,1509,2,7200,1.00728959576
201311,201317,202779,6,1462,2,7200,1.00410396717
201381,201387,202920,6,1533,2,7200,1.00391389432
201490,201496,203171,6,1675,2,7200,1.00358208955
201505,201512,202952,7,1440,2,7200,1.00486111111
201507,201518,203020,11,1502,2,7200,1.00732356858
201565,201571,203220,6,1649,2,7200,1.00363856883
201711,201717,203237,6,1520,2,7200,1.00394736842
201726,201732,203274,6,1542,2,7200,1.00389105058
201841,201848,203301,7,1453,2,7200,1.00481761872
201857,201863,203413,6,1550,2,7200,1.00387096774
201881,201887,203469,6,1582,2,7200,1.00379266751
201903,201909,203462,6,1553,2,7200,1.00386349002
201927,201933,203563,6,1630,2,7200,1.0036809816
201942,201948,203476,6,1528,2,7200,1.00392670157
201957,201963,203447,6,1484,2,7200,1.00404312668
201973,201979,203508,6,1529,2,7200,1.00392413342
201974,201985,203525,11,1540,2,7200,1.00714285714
202017,202023,203500,6,1477,2,7200,1.00406228842
202033,202039,203499,6,1460,2,7200,1.00410958904
202035,202046,203512,11,1466,2,7200,1.00750341064
202062,202068,203517,6,1449,2,7200,1.00414078675
202077,202083,203776,6,1693,2,7200,1.00354400473
202160,202166,203607,6,1441,2,7200,1.00416377516
202176,202183,203773,7,1590,2,7200,1.00440251572
202178,202189,203639,11,1450,2,7200,1.0075862069
202194,202200,203606,6,1406,2,7200,1.00426742532
202195,202206,203739,11,1533,2,7200,1.00717547293
202296,202302,203791,6,1489,2,7200,1.00402955003
202338,202345,203887,7,1542,2,7200,1.00453955901
202378,202384,203947,6,1563,2,7200,1.00383877159
202399,202406,203888,7,1482,2,7200,1.00472334683
202482,202489,204146,7,1657,2,7200,1.00422450211
202507,202513,203930,6,1417,2,7200,1.00423429781
202583,202589,204138,6,1549,2,7200,1.00387346675
202611,202617,204069,6,1452,2,7200,1.0041322314
202663,202669,204273,6,1604,2,7200,1.00374064838
202664,202675,204220,11,1545,2,7200,1.0071197411
202680,202686,204037,6,1351,2,7200,1.0044411547
202719,202725,204248,6,1523,2,7200,1.00393959291
202735,202741,204278,6,1537,2,7200,1.00390370852
202780,202786,204299,6,1513,2,7200,1.0039656312
202922,202929,204381,7,1452,2,7200,1.00482093664
202953,202959,204647,6,1688,2,7200,1.00355450237
203020,203026,204598,6,1572,2,7200,1.00381679389
203172,203178,204754,6,1576,2,7200,1.0038071066
203221,203227,204926,6,1699,2,7200,1.00353148911
203240,203246,204825,6,1579,2,7200,1.00379987334
203276,203282,204795,6,1513,2,7200,1.0039656312
203304,203310,204883,6,1573,2,7200,1.00381436745
203416,203422,205027,6,1605,2,7200,1.00373831776
203447,203453,205064,6,1611,2,7200,1.00372439479
203465,203471,205050,6,1579,2,7200,1.00379987334
203480,203486,204903,6,1417,2,7200,1.00423429781
203482,203493,205119,11,1626,2,7200,1.00676506765
203501,203507,204911,6,1404,2,7200,1.00427350427
203502,203513,204930,11,1417,2,7200,1.00776287932
203518,203524,205060,6,1536,2,7200,1.00390625
203519,203531,205010,12,1479,2,7200,1.00811359026
203521,203536,205089,15,1553,2,7200,1.00965872505
203537,203543,205224,6,1681,2,7200,1.00356930399
203564,203570,205101,6,1531,2,7200,1.00391900718
203607,203613,205134,6,1521,2,7200,1.00394477318
203609,203619,205081,10,1462,2,7200,1.00683994528
203639,203645,205192,6,1547,2,7200,1.00387847447
203740,203746,205296,6,1550,2,7200,1.00387096774
203774,203780,205520,6,1740,2,7200,1.00344827586
203789,203796,205367,7,1571,2,7200,1.00445576066
203805,203811,205248,6,1437,2,7200,1.00417536534
203887,203893,205573,6,1680,2,7200,1.00357142857
203902,203908,205420,6,1512,2,7200,1.00396825397
203932,203938,206544,6,2606,2,7200,1.00230237913
203948,203954,205569,6,1615,2,7200,1.00371517028
204036,204042,205584,6,1542,2,7200,1.00389105058
204073,204079,205530,6,1451,2,7200,1.00413507926
204085,204091,209148,6,5057,1,17400,1.00118647419
204117,204123,209059,6,4936,1,17400,1.00121555916
204140,204146,205614,6,1468,2,7200,1.00408719346
204155,204161,205673,6,1512,2,7200,1.00396825397
204222,204228,205674,6,1446,2,7200,1.00414937759
204250,204256,205770,6,1514,2,7200,1.00396301189
204274,204280,205861,6,1581,2,7200,1.00379506641
204290,204296,205778,6,1482,2,7200,1.004048583
204305,204311,205755,6,1444,2,7200,1.00415512465
204381,204387,205839,6,1452,2,7200,1.0041322314
204601,204607,206133,6,1526,2,7200,1.00393184797
204650,204656,206292,6,1636,2,7200,1.00366748166
204756,204762,206292,6,1530,2,7200,1.00392156863
204796,204802,206336,6,1534,2,7200,1.00391134289
204826,204832,206418,6,1586,2,7200,1.00378310214
204884,204890,206473,6,1583,2,7200,1.00379027164
204905,204911,206423,6,1512,2,7200,1.00396825397
204921,204927,206331,6,1404,2,7200,1.00427350427
204937,204943,206285,6,1342,2,7200,1.0044709389
204939,204949,206322,10,1373,2,7200,1.00728332119
205012,205018,206784,6,1766,2,7200,1.00339750849
205030,205036,206542,6,1506,2,7200,1.00398406375
205041,205048,230313,7,25265,1,25200,1.00027706313
205051,205057,206540,6,1483,2,7200,1.004045853
205068,205074,206541,6,1467,2,7200,1.00408997955
205069,205080,206552,11,1472,2,7200,1.00747282609
205085,205091,206803,6,1712,2,7200,1.0035046729
205100,205106,206760,6,1654,2,7200,1.00362756953
205115,205121,206725,6,1604,2,7200,1.00374064838
205130,205137,206605,7,1468,2,7200,1.00476839237
205146,205152,206781,6,1629,2,7200,1.00368324125
205192,205198,206732,6,1534,2,7200,1.00391134289
205226,205232,206819,6,1587,2,7200,1.00378071834
205250,205256,206703,6,1447,2,7200,1.00414651002
205299,205305,206820,6,1515,2,7200,1.00396039604
205369,205375,206999,6,1624,2,7200,1.00369458128
205421,205427,206911,6,1484,2,7200,1.00404312668
205521,205528,207094,7,1566,2,7200,1.00446998723
205537,205542,207101,5,1559,2,7200,1.00320718409
205570,205577,207047,7,1470,2,7200,1.00476190476
205586,205592,207028,6,1436,2,7200,1.00417827298
205587,205598,207206,11,1608,2,7200,1.00684079602
205615,205621,207193,6,1572,2,7200,1.00381679389
205676,205683,207218,7,1535,2,7200,1.00456026059
205678,205689,207160,11,1471,2,7200,1.00747790619
205756,205762,207347,6,1585,2,7200,1.00378548896
205774,205780,207299,6,1519,2,7200,1.00394996708
205790,205796,207285,6,1489,2,7200,1.00402955003
205839,205846,207476,7,1630,2,7200,1.00429447853
205862,205868,207435,6,1567,2,7200,1.00382897256
206138,206144,207618,6,1474,2,7200,1.00407055631
206287,206293,207934,6,1641,2,7200,1.00365630713
206304,206310,207768,6,1458,2,7200,1.00411522634
206305,206321,208190,16,1869,2,7200,1.00856072766
206324,206331,207783,7,1452,2,7200,1.00482093664
206342,206349,207798,7,1449,2,7200,1.00483091787
206344,206355,207889,11,1534,2,7200,1.00717079531
206421,206428,208023,7,1595,2,7200,1.00438871473
206437,206443,207894,6,1451,2,7200,1.00413507926
206474,206480,208050,6,1570,2,7200,1.00382165605
206542,206548,208135,6,1587,2,7200,1.00378071834
206543,206554,208118,11,1564,2,7200,1.00703324808
206559,206566,208277,7,1711,2,7200,1.00409117475
206561,206572,208062,11,1490,2,7200,1.00738255034
206562,206577,208059,15,1482,2,7200,1.01012145749
206606,206612,208117,6,1505,2,7200,1.00398671096
206704,206710,208336,6,1626,2,7200,1.0036900369
206725,206732,208280,7,1548,2,7200,1.00452196382
206742,206748,208306,6,1558,2,7200,1.00385109114
206760,206766,208340,6,1574,2,7200,1.00381194409
206782,206788,208304,6,1516,2,7200,1.00395778364
206797,206804,208371,7,1567,2,7200,1.00446713465
206812,206819,208475,7,1656,2,7200,1.00422705314
206828,206834,208637,6,1803,2,7200,1.00332778702
206829,206840,208415,11,1575,2,7200,1.00698412698
206915,206921,208528,6,1607,2,7200,1.00373366521
207001,207007,208688,6,1681,2,7200,1.00356930399
207029,207035,208554,6,1519,2,7200,1.00394996708
207051,207057,208525,6,1468,2,7200,1.00408719346
207096,207102,208599,6,1497,2,7200,1.00400801603
207111,207117,208669,6,1552,2,7200,1.00386597938
207160,207166,208644,6,1478,2,7200,1.00405953992
207194,207200,208745,6,1545,2,7200,1.00388349515
207209,207215,208807,6,1592,2,7200,1.00376884422
207224,207230,208715,6,1485,2,7200,1.00404040404
207285,207292,208801,7,1509,2,7200,1.00463883366
207301,207307,208843,6,1536,2,7200,1.00390625
207316,207322,212805,6,5483,2,72000,1.00109429145
207350,207356,208951,6,1595,2,7200,1.00376175549
207436,207442,208905,6,1463,2,7200,1.004101162
207478,207484,209072,6,1588,2,7200,1.00377833753
207618,207624,209119,6,1495,2,7200,1.00401337793
207770,207776,209389,6,1613,2,7200,1.00371977681
207786,207792,209403,6,1611,2,7200,1.00372439479
207802,207809,209345,7,1536,2,7200,1.00455729167
207819,207825,214512,6,6687,2,72000,1.00089726335
207891,207897,209398,6,1501,2,7200,1.00399733511
207907,207913,209331,6,1418,2,7200,1.00423131171
207937,207943,209587,6,1644,2,7200,1.00364963504
208026,208032,209550,6,1518,2,7200,1.00395256917
208051,208057,209735,6,1678,2,7200,1.00357568534
208066,208072,209563,6,1491,2,7200,1.00402414487
208068,208078,209619,10,1541,2,7200,1.00648929267
208116,208123,208177,7,54,1,36000,1.12962962963
208120,208130,209783,10,1653,2,7200,1.00604960678
208122,208136,209667,14,1531,2,7200,1.0091443501
208137,208143,209756,6,1613,2,7200,1.00371977681
208166,208172,208198,6,26,1,36000,1.23076923077
208189,208195,208251,6,56,1,36000,1.10714285714
208192,208201,209643,9,1442,2,7200,1.00624133148
208214,208220,208235,6,15,1,36000,1.4
208277,208283,209633,6,1350,2,7200,1.00444444444
208292,208298,209847,6,1549,2,7200,1.00387346675
208307,208314,209786,7,1472,2,7200,1.00475543478
208309,208320,209807,11,1487,2,7200,1.00739744452
208340,208346,209797,6,1451,2,7200,1.00413507926
208341,208352,209889,11,1537,2,7200,1.00715679896
208372,208378,209797,6,1419,2,7200,1.00422832981
208415,208421,210047,6,1626,2,7200,1.0036900369
208476,208482,210013,6,1531,2,7200,1.00391900718
208528,208534,210039,6,1505,2,7200,1.00398671096
208529,208540,210208,11,1668,2,7200,1.00659472422
208558,208564,210215,6,1651,2,7200,1.00363416111
208600,208607,210170,7,1563,2,7200,1.00447856686
208640,208646,210303,6,1657,2,7200,1.00362100181
208656,208662,210135,6,1473,2,7200,1.00407331976
208671,208677,210185,6,1508,2,7200,1.00397877984
208689,208696,210063,7,1367,2,7200,1.00512070227
208717,208723,210469,6,1746,2,7200,1.00343642612
208748,208754,210312,6,1558,2,7200,1.00385109114
208803,208810,210366,7,1556,2,7200,1.00449871465
208819,208825,210289,6,1464,2,7200,1.00409836066
208843,208849,210429,6,1580,2,7200,1.00379746835
208907,208914,210558,7,1644,2,7200,1.00425790754
208954,208960,210384,6,1424,2,7200,1.00421348315
209072,209078,210518,6,1440,2,7200,1.00416666667
209122,209128,210718,6,1590,2,7200,1.00377358491
209332,209338,210902,6,1564,2,7200,1.00383631714
209348,209354,210970,6,1616,2,7200,1.00371287129
209390,209396,210971,6,1575,2,7200,1.00380952381
209406,209412,211091,6,1679,2,7200,1.00357355569
209407,209418,211037,11,1619,2,7200,1.00679431748
209553,209564,211127,11,1563,2,7200,1.00703774792
209568,209574,211013,6,1439,2,7200,1.0041695622
209589,209595,211024,6,1429,2,7200,1.00419874038
209620,209626,211117,6,1491,2,7200,1.00402414487
209636,209642,211097,6,1455,2,7200,1.00412371134
209651,209657,211044,6,1387,2,7200,1.0043258832
209669,209675,211291,6,1616,2,7200,1.00371287129
209736,209742,211136,6,1394,2,7200,1.00430416069
209738,209748,211277,10,1529,1,17400,1.00654022237
209759,209765,211527,6,1762,2,7200,1.00340522134
209787,209793,211321,6,1528,2,7200,1.00392670157
209788,209800,211214,12,1414,2,7200,1.00848656294
209804,209810,211326,6,1516,2,7200,1.00395778364
209805,209816,211379,11,1563,2,7200,1.00703774792
209820,209827,211287,7,1460,2,7200,1.00479452055
209848,209854,211443,6,1589,2,7200,1.00377595972
209890,209897,211321,7,1424,2,7200,1.00491573034
210012,210018,227965,6,17947,2,108000,1.00033431771
210015,210024,211689,9,1665,2,7200,1.00540540541
210039,210045,211536,6,1491,2,7200,1.00402414487
210054,210060,211511,6,1451,2,7200,1.00413507926
210069,210076,211565,7,1489,2,7200,1.00470114171
210136,210142,211638,6,1496,2,7200,1.00401069519
210173,210179,211604,6,1425,2,7200,1.00421052632
210188,210194,211598,6,1404,2,7200,1.00427350427
210209,210216,211821,7,1605,2,7200,1.00436137072
210225,210231,211733,6,1502,2,7200,1.00399467377
210289,210295,211801,6,1506,2,7200,1.00398406375
210304,210311,211828,7,1517,2,7200,1.00461437047
210320,210326,211804,6,1478,2,7200,1.00405953992
210362,210368,213005,6,2637,9,180000,1.00227531286
210369,210375,212061,6,1686,2,7200,1.00355871886
210387,210393,211935,6,1542,2,7200,1.00389105058
210430,210436,211911,6,1475,2,7200,1.00406779661
210470,210476,211913,6,1437,2,7200,1.00417536534
210516,210522,212092,6,1570,2,7200,1.00382165605
210559,210565,212120,6,1555,2,7200,1.0038585209
210721,210727,212319,6,1592,2,7200,1.00376884422
210903,210910,212618,7,1708,2,7200,1.00409836066
210970,210976,212500,6,1524,2,7200,1.00393700787
210985,210991,212428,6,1437,2,7200,1.00417536534
211016,211022,212622,6,1600,2,7200,1.00375
211031,211037,212602,6,1565,2,7200,1.00383386581
211047,211053,212650,6,1597,2,7200,1.00375704446
211048,211059,212539,11,1480,2,7200,1.00743243243
211070,211076,211080,6,4,6,6600,1.0
211096,211102,212393,6,1291,2,7200,1.00464756003
211097,211108,212679,11,1571,2,7200,1.00700190961
211120,211126,212661,6,1535,2,7200,1.00390879479
211135,211141,212589,6,1448,2,7200,1.00414364641
211137,211147,212646,10,1499,2,7200,1.00667111408
211158,211164,211859,6,695,6,6600,1.00863309353
211202,211209,212045,7,836,6,6600,1.00837320574
211216,211223,212788,7,1565,2,7200,1.00447284345
211290,211296,212954,6,1658,2,7200,1.00361881785
211292,211302,213045,10,1743,2,7200,1.00573723465
211314,211320,211822,6,502,12,3000,1.01195219124
211323,211329,212838,6,1509,2,7200,1.00397614314
211325,211335,213208,10,1873,2,7200,1.0053390283
211340,211346,212878,6,1532,2,7200,1.00391644909
211343,211352,211379,9,27,1,36000,1.33333333333
211367,211373,211399,6,26,1,36000,1.23076923077
211380,211386,212961,6,1575,2,7200,1.00380952381
211409,211415,211443,6,28,1,36000,1.21428571429
211445,211451,213086,6,1635,2,7200,1.00366972477
211463,211469,211713,6,244,1,3600,1.02459016393
211512,211519,213006,7,1487,2,7200,1.00470746469
211523,211529,211667,6,138,1,36000,1.04347826087
211528,211535,212962,7,1427,2,7200,1.00490539594
211543,211550,212972,7,1422,2,7200,1.00492264416
211568,211574,213115,6,1541,2,7200,1.0038935756
211599,211605,213115,6,1510,2,7200,1.00397350993
211614,211620,213175,6,1555,2,7200,1.0038585209
211617,211627,211679,10,52,1,36000,1.19230769231
211640,211646,213255,6,1609,2,7200,1.00372902424
211691,211698,213157,7,1459,2,7200,1.00479780672
211725,211731,224251,6,12520,1,342000,1.00047923323
211732,211738,213274,6,1536,2,7200,1.00390625
211784,211790,222415,6,10625,8,18000,1.00056470588
211802,211809,213313,7,1504,2,7200,1.00465425532
211818,211824,213398,6,1574,2,7200,1.00381194409
211833,211839,213314,6,1475,2,7200,1.00406779661
211835,211846,213442,11,1596,2,7200,1.00689223058
211911,211918,213509,7,1591,2,7200,1.00439974859
211927,211933,213535,6,1602,2,7200,1.00374531835
211942,211948,213459,6,1511,2,7200,1.00397088021
212017,212023,214877,6,2854,1,13800,1.00210231254
212064,212070,213575,6,1505,2,7200,1.00398671096
212092,212098,213707,6,1609,2,7200,1.00372902424
212122,212128,213642,6,1514,2,7200,1.00396301189
212320,212327,213895,7,1568,2,7200,1.00446428571
212394,212400,214077,6,1677,2,7200,1.00357781753
212422,212428,214000,6,1572,1,13800,1.00381679389
212427,212434,213876,7,1442,2,7200,1.00485436893
212501,212507,214100,6,1593,2,7200,1.00376647834
212541,212547,213902,6,1355,2,7200,1.00442804428
212590,212596,214148,6,1552,2,7200,1.00386597938
212605,212611,214099,6,1488,2,7200,1.00403225806
212621,212627,214149,6,1522,2,7200,1.00394218134
212636,212642,214298,6,1656,2,7200,1.00362318841
212652,212658,214149,6,1491,2,7200,1.00402414487
212653,212664,214065,11,1401,2,7200,1.00785153462
212669,212675,214251,6,1576,2,7200,1.0038071066
212684,212690,214181,6,1491,2,7200,1.00402414487
212788,212794,214350,6,1556,2,7200,1.00385604113
212841,212847,214248,6,1401,2,7200,1.00428265525
212881,212887,214477,6,1590,2,7200,1.00377358491
212955,212961,214627,6,1666,2,7200,1.00360144058
212970,212976,214414,6,1438,2,7200,1.00417246175
212972,212982,214631,10,1649,2,7200,1.00606428138
212987,212993,214518,6,1525,2,7200,1.00393442623
212995,213002,213086,7,84,1,36000,1.08333333333
213008,213015,214566,7,1551,2,7200,1.00451321728
213045,213051,214701,6,1650,2,7200,1.00363636364
213085,213091,214589,6,1498,2,7200,1.00400534045
213092,213098,213155,6,57,1,36000,1.10526315789
213115,213122,214548,7,1426,2,7200,1.0049088359
213117,213128,214606,11,1478,2,7200,1.00744248985
213157,213164,214637,7,1473,2,7200,1.00475220638
213176,213182,214631,6,1449,2,7200,1.00414078675
213210,213216,214758,6,1542,2,7200,1.00389105058
213255,213261,214948,6,1687,2,7200,1.00355660937
213277,213283,214842,6,1559,2,7200,1.00384862091
213314,213320,214874,6,1554,2,7200,1.00386100386
213329,213335,214828,6,1493,2,7200,1.00401875419
213399,213406,214820,7,1414,2,7200,1.00495049505
213442,213449,214926,7,1477,2,7200,1.00473933649
213461,213467,214942,6,1475,2,7200,1.00406779661
213511,213517,215100,6,1583,2,7200,1.00379027164
213536,213542,215348,6,1806,2,7200,1.00332225914
213576,213582,215143,6,1561,2,7200,1.00384368994
213617,213623,224300,6,10677,16,518400,1.00056195561
213643,213649,215072,6,1423,2,7200,1.00421644413
213707,213714,215093,7,1379,2,7200,1.00507614213
213761,213768,394912,7,181144,18,288000,1.00003864329
213875,213881,215406,6,1525,2,7200,1.00393442623
213878,213887,546967,9,333080,18,345600,1.00002702054
213895,213901,213985,6,84,1,36000,1.07142857143
213897,213908,215538,11,1630,2,7200,1.00674846626
213912,213919,215499,7,1580,2,7200,1.00443037975
214006,214013,226969,7,12956,2,72000,1.00054029021
214067,214074,215540,7,1466,2,7200,1.00477489768
214083,214088,215697,5,1609,2,7200,1.0031075202
214101,214108,215767,7,1659,2,7200,1.00421940928
214103,214114,215635,11,1521,2,7200,1.00723208416
214151,214157,215626,6,1469,2,7200,1.00408441116
214152,214163,215730,11,1567,2,7200,1.00701978302
214154,214169,215851,15,1682,2,7200,1.00891795482
214162,214196,224296,34,10100,16,259200,1.00336633663
214183,214190,215683,7,1493,2,7200,1.00468854655
214251,214258,215689,7,1431,2,7200,1.00489168414
214253,214264,215744,11,1480,2,7200,1.00743243243
214299,214305,215750,6,1445,2,7200,1.00415224913
214351,214357,215848,6,1491,2,7200,1.00402414487
214415,214421,216103,6,1682,2,7200,1.00356718193
214479,214485,216003,6,1518,2,7200,1.00395256917
214519,214525,216075,6,1550,2,7200,1.00387096774
214550,214556,216181,6,1625,2,7200,1.00369230769
214568,214574,216201,6,1627,2,7200,1.0036877689
214593,214599,216235,6,1636,2,7200,1.00366748166
214608,214614,216308,6,1694,2,7200,1.00354191263
214629,214635,216188,6,1553,2,7200,1.00386349002
214645,214651,216239,6,1588,2,7200,1.00377833753
214646,214657,216182,11,1525,2,7200,1.00721311475
214648,214662,216165,14,1503,2,7200,1.00931470393
214703,214709,216145,6,1436,2,7200,1.00417827298
214761,214767,216348,6,1581,2,7200,1.00379506641
214822,214828,216357,6,1529,2,7200,1.00392413342
214837,214843,216276,6,1433,2,7200,1.00418702024
214852,214858,216415,6,1557,2,7200,1.00385356455
214874,214880,216342,6,1462,2,7200,1.00410396717
214926,214932,216557,6,1625,2,7200,1.00369230769
214944,214951,216588,7,1637,2,7200,1.00427611484
214956,214962,387788,6,172826,2,172800,1.000034717
214960,214968,216519,8,1551,2,7200,1.0051579626
215073,215079,216641,6,1562,2,7200,1.00384122919
215094,215101,216659,7,1558,2,7200,1.00449293967
215104,215110,224722,6,9612,2,72000,1.00062421973
215110,215116,216679,6,1563,2,7200,1.00383877159
215143,215149,216956,6,1807,2,7200,1.00332042059
215349,215357,216790,8,1433,2,7200,1.00558269365
215408,215414,216975,6,1561,2,7200,1.00384368994
215502,215508,217174,6,1666,2,7200,1.00360144058
215539,215545,217024,6,1479,2,7200,1.00405679513
215540,215551,217073,11,1522,2,7200,1.00722733246
215628,215634,217187,6,1553,2,7200,1.00386349002
215643,215650,217116,7,1466,2,7200,1.00477489768
215686,215692,217178,6,1486,2,7200,1.00403768506
215701,215708,217298,7,1590,2,7200,1.00440251572
215703,215714,217203,11,1489,2,7200,1.00738750839
215731,215737,217278,6,1541,2,7200,1.0038935756
215746,215753,217245,7,1492,2,7200,1.00469168901
215762,215768,217373,6,1605,2,7200,1.00373831776
215777,215783,217285,6,1502,2,7200,1.00399467377
215851,215857,217376,6,1519,2,7200,1.00394996708
215852,215864,217882,12,2018,2,7200,1.00594648167
215976,215982,229914,6,13932,2,72000,1.00043066322
216005,216012,217513,7,1501,2,7200,1.00466355763
216076,216082,217591,6,1509,2,7200,1.00397614314
216106,216112,217711,6,1599,2,7200,1.00375234522
216146,216153,217652,7,1499,2,7200,1.00466977985
216168,216174,217667,6,1493,2,7200,1.00401875419
216183,216189,217681,6,1492,2,7200,1.00402144772
216185,216195,217608,10,1413,2,7200,1.00707714084
216200,216207,217627,7,1420,2,7200,1.00492957746
216202,216214,217733,12,1519,2,7200,1.00789993417
216236,216242,217795,6,1553,2,7200,1.00386349002
216252,216258,217713,6,1455,2,7200,1.00412371134
216279,216285,217803,6,1518,2,7200,1.00395256917
216310,216317,217841,7,1524,2,7200,1.00459317585
216344,216350,217771,6,1421,2,7200,1.00422237861
216360,216366,217933,6,1567,2,7200,1.00382897256
216361,216372,217784,11,1412,2,7200,1.00779036827
216416,216422,218031,6,1609,2,7200,1.00372902424
216520,216526,217964,6,1438,2,7200,1.00417246175
216559,216569,218095,10,1526,2,7200,1.00655307995
216590,216596,218260,6,1664,2,7200,1.00360576923
216611,216617,260594,6,43977,2,72000,1.00013643495
216642,216648,218221,6,1573,2,7200,1.00381436745
216660,216666,218255,6,1589,2,7200,1.00377595972
216681,216687,218264,6,1577,2,7200,1.00380469245
216740,216746,222070,6,5324,1,14400,1.0011269722
216756,216763,222028,7,5265,1,14400,1.00132953466
216791,216798,218311,7,1513,2,7200,1.00462656973
216956,216962,218437,6,1475,2,7200,1.00406779661
216977,216983,218575,6,1592,2,7200,1.00376884422
217026,217032,218543,6,1511,2,7200,1.00397088021
217075,217081,218510,6,1429,2,7200,1.00419874038
217117,217124,218729,7,1605,2,7200,1.00436137072
217175,217181,218650,6,1469,2,7200,1.00408441116
217191,217197,218801,6,1604,2,7200,1.00374064838
217192,217203,218811,11,1608,2,7200,1.00684079602
217208,217214,218868,6,1654,2,7200,1.00362756953
217248,217255,218891,7,1636,2,7200,1.00427872861
217279,217285,218948,6,1663,2,7200,1.00360793746
217294,217301,218886,7,1585,2,7200,1.00441640379
217310,217316,218918,6,1602,2,7200,1.00374531835
217338,217663,253240,325,35577,6,43200,1.00913511538
217374,217380,218746,6,1366,2,7200,1.00439238653
217389,217395,219007,6,1612,2,7200,1.00372208437
217514,217521,219000,7,1479,2,7200,1.00473292765
217570,217699,252570,129,34871,6,43200,1.00369934903
217594,217601,219136,7,1535,2,7200,1.00456026059
217609,217615,219121,6,1506,2,7200,1.00398406375
217628,217634,219182,6,1548,2,7200,1.00387596899
217652,217658,219180,6,1522,2,7200,1.00394218134
217671,217677,219212,6,1535,2,7200,1.00390879479
217686,217693,219194,7,1501,2,7200,1.00466355763
217714,217720,219222,6,1502,2,7200,1.00399467377
217715,217732,219423,17,1691,2,7200,1.01005322295
217716,217726,217728,10,2,1,259200,1.2
217723,217738,217739,15,1,1,259200,1.6
217734,217744,219222,10,1478,2,7200,1.00676589986
217771,217778,220125,7,2347,2,7200,1.00298253089
217787,217793,219328,6,1535,2,7200,1.00390879479
217803,217809,219280,6,1471,2,7200,1.00407885792
217804,217816,219355,12,1539,2,7200,1.00779727096
217841,217847,219800,6,1953,2,7200,1.00307219662
217884,217890,219335,6,1445,2,7200,1.00415224913
217936,217942,219483,6,1541,2,7200,1.0038935756
217966,217972,219559,6,1587,2,7200,1.00378071834
218033,218039,219632,6,1593,2,7200,1.00376647834
218097,218104,219718,7,1614,2,7200,1.00433705081
218222,218228,219603,6,1375,2,7200,1.00436363636
218256,218262,219898,6,1636,2,7200,1.00366748166
218272,218278,219806,6,1528,2,7200,1.00392670157
218273,218284,219938,11,1654,2,7200,1.00665054414
218313,218319,219845,6,1526,2,7200,1.00393184797
218438,218444,219983,6,1539,2,7200,1.00389863548
218511,218517,219879,6,1362,2,7200,1.00440528634
218545,218551,220072,6,1521,2,7200,1.00394477318
218575,218582,220176,7,1594,2,7200,1.00439146801
218651,218657,220157,6,1500,2,7200,1.004
218730,218737,220222,7,1485,2,7200,1.00471380471
218749,218755,220255,6,1500,2,7200,1.004
218803,218810,220312,7,1502,2,7200,1.00466045273
218819,218825,220302,6,1477,2,7200,1.00406228842
218870,218877,220455,7,1578,2,7200,1.00443599493
218889,218895,220412,6,1517,2,7200,1.00395517469
218904,218910,220442,6,1532,2,7200,1.00391644909
218919,218925,220521,6,1596,2,7200,1.0037593985
218950,218956,220492,6,1536,2,7200,1.00390625
219002,219008,220513,6,1505,2,7200,1.00398671096
219017,219023,220628,6,1605,2,7200,1.00373831776
219124,219130,220636,6,1506,2,7200,1.00398406375
219139,219145,220768,6,1623,2,7200,1.00369685767
219179,219185,220791,6,1606,2,7200,1.00373599004
219194,219200,220755,6,1555,2,7200,1.0038585209
219196,219206,220676,10,1470,2,7200,1.00680272109
219214,219221,220697,7,1476,2,7200,1.00474254743
219230,219236,220603,6,1367,2,7200,1.00438917337
219231,219242,220707,11,1465,2,7200,1.00750853242
219280,219286,220864,6,1578,2,7200,1.00380228137
219329,219335,220850,6,1515,2,7200,1.00396039604
219344,219350,220875,6,1525,2,7200,1.00393442623
219359,219366,220734,7,1368,2,7200,1.00511695906
219423,219430,220883,7,1453,2,7200,1.00481761872
219441,219447,220456,6,1009,1,900,1.00594648167
219485,219492,221174,7,1682,2,7200,1.00416171225
219561,219567,221087,6,1520,2,7200,1.00394736842
219604,219610,221190,6,1580,2,7200,1.00379746835
219635,219641,221432,6,1791,2,7200,1.00335008375
219720,219726,221217,6,1491,2,7200,1.00402414487
219802,219808,229108,6,9300,2,72000,1.00064516129
219803,219815,221309,12,1494,2,7200,1.00803212851
219818,219825,221387,7,1562,2,7200,1.00448143406
219846,219852,221486,6,1634,2,7200,1.00367197062
219880,219886,221503,6,1617,2,7200,1.00371057514
219901,219907,221441,6,1534,2,7200,1.00391134289
219941,219947,221560,6,1613,2,7200,1.00371977681
219984,219990,221528,6,1538,2,7200,1.00390117035
220075,220081,221622,6,1541,2,7200,1.0038935756
220126,220132,221550,6,1418,2,7200,1.00423131171
220160,220166,221599,6,1433,2,7200,1.00418702024
220178,220184,221795,6,1611,2,7200,1.00372439479
220224,220230,221717,6,1487,2,7200,1.00403496974
220257,220264,221712,7,1448,2,7200,1.00483425414
220303,220310,221976,7,1666,2,7200,1.00420168067
220319,220325,221903,6,1578,2,7200,1.00380228137
220413,220419,221922,6,1503,2,7200,1.00399201597
220444,220450,222088,6,1638,2,7200,1.00366300366
220459,220466,221991,7,1525,2,7200,1.00459016393
220493,220499,222291,6,1792,2,7200,1.00334821429
220514,220520,222116,6,1596,2,7200,1.0037593985
220530,220536,222068,6,1532,2,7200,1.00391644909
220603,220609,222161,6,1552,2,7200,1.00386597938
220631,220637,222087,6,1450,2,7200,1.00413793103
220646,220652,222123,6,1471,2,7200,1.00407885792
220677,220683,222227,6,1544,2,7200,1.00388601036
220698,220705,222347,7,1642,2,7200,1.00426309379
220702,220718,292774,16,72056,2,72000,1.00022204952
220714,220724,222138,10,1414,2,7200,1.00707213579
220735,220741,222252,6,1511,2,7200,1.00397088021
220757,220763,222352,6,1589,2,7200,1.00377595972
220772,220778,222149,6,1371,2,7200,1.00437636761
220794,220800,222273,6,1473,2,7200,1.00407331976
220852,220858,222392,6,1534,2,7200,1.00391134289
220867,220874,222336,7,1462,2,7200,1.0047879617
220883,220889,222364,6,1475,2,7200,1.00406779661
220898,220904,222517,6,1613,2,7200,1.00371977681
221088,221094,222590,6,1496,2,7200,1.00401069519
221176,221182,222682,6,1500,2,7200,1.004
221191,221197,222693,6,1496,2,7200,1.00401069519
221219,221225,222850,6,1625,2,7200,1.00369230769
221310,221316,222809,6,1493,2,7200,1.00401875419
221368,221418,226328,50,4910,1,13800,1.01018329939
221389,221396,222824,7,1428,2,7200,1.00490196078
221411,221613,359599,202,137986,2,259200,1.00146391663
221411,221726,360169,315,138443,2,259200,1.00227530464
221411,221637,358592,226,136955,2,259200,1.00165017707
221412,221457,361524,45,140067,2,259200,1.00032127482
221412,221451,359782,39,138331,2,259200,1.00028193247
221412,221446,360679,34,139233,2,259200,1.00024419498
221413,221733,358448,320,136715,2,259200,1.00234063563
221413,221462,362833,49,141371,2,259200,1.00034660574
221413,221565,359997,152,138432,2,259200,1.00109801202
221414,221575,360461,161,138886,2,259200,1.00115922411
221414,221810,359562,396,137752,2,259200,1.0028747314
221414,221570,359962,156,138392,2,259200,1.00112723279
221414,221581,358710,167,137129,2,259200,1.00121783139
221415,221918,358354,503,136436,2,259200,1.00368671025
221415,221938,361648,523,139710,2,259200,1.00374346861
221433,221439,222910,6,1471,2,7200,1.00407885792
221449,221469,223104,20,1635,2,7200,1.0122324159
221489,221495,222966,6,1471,2,7200,1.00407885792
221504,221511,223066,7,1555,2,7200,1.00450160772
221529,221535,222982,6,1447,2,7200,1.00414651002
221551,221558,223068,7,1510,2,7200,1.00463576159
221566,221593,223187,27,1594,2,7200,1.01693851945
221600,221607,223147,7,1540,2,7200,1.00454545455
221625,221631,223094,6,1463,2,7200,1.004101162
221714,221720,223379,6,1659,2,7200,1.00361663653
221729,221740,223239,11,1499,2,7200,1.00733822548
221798,221804,223326,6,1522,2,7200,1.00394218134
221905,221911,223429,6,1518,2,7200,1.00395256917
221925,221932,223594,7,1662,2,7200,1.00421179302
221977,221984,223622,7,1638,2,7200,1.00427350427
221993,221999,223578,6,1579,2,7200,1.00379987334
222069,222076,223656,7,1580,2,7200,1.00443037975
222088,222094,223501,6,1407,2,7200,1.00426439232
222089,222100,223649,11,1549,2,7200,1.00710135571
222117,222124,223773,7,1649,2,7200,1.00424499697
222133,222139,223716,6,1577,2,7200,1.00380469245
222148,222154,223765,6,1611,2,7200,1.00372439479
222164,222170,223694,6,1524,2,7200,1.00393700787
222165,222176,223577,11,1401,2,7200,1.00785153462
222227,222233,223790,6,1557,2,7200,1.00385356455
222255,222260,223798,5,1538,2,7200,1.00325097529
222255,222304,269551,49,47247,1,86400,1.00103710288
222276,222282,223822,6,1540,2,7200,1.0038961039
222291,222298,223816,7,1518,2,7200,1.0046113307
222338,222344,223902,6,1558,2,7200,1.00385109114
222354,222360,223887,6,1527,2,7200,1.00392927308
222355,222366,223905,11,1539,2,7200,1.00714749838
222370,222376,223888,6,1512,2,7200,1.00396825397
222395,222401,223868,6,1467,2,7200,1.00408997955
222406,222426,222440,20,14,6,144000,2.42857142857
222420,222455,243762,35,21307,6,144000,1.00164265265
222423,222497,230574,74,8077,6,144000,1.00916181751
222518,222524,223985,6,1461,2,7200,1.00410677618
222579,223760,223761,1181,1,4,172800,118.2
222579,223765,223766,1186,1,4,172800,118.7
222593,222602,224064,9,1462,2,7200,1.00615595075
222593,223744,230563,1151,6819,6,144000,1.16879307816
222684,222692,224139,8,1447,2,7200,1.00552868003
222700,222706,224184,6,1478,2,7200,1.00405953992
222749,223667,223669,918,2,16,172800,92.0
222802,223749,227320,947,3571,2,180000,1.26519182302
222810,222816,224293,6,1477,2,7200,1.00406228842
222825,222832,224320,7,1488,2,7200,1.00470430108
222853,222860,222914,7,54,1,900,1.12962962963
222853,222865,224397,12,1532,2,7200,1.00783289817
222910,222917,224532,7,1615,2,7200,1.00433436533
222924,223681,223682,757,1,16,259200,75.8
222966,222973,224567,7,1594,2,7200,1.00439146801
222984,222990,224500,6,1510,2,7200,1.00397350993
223069,223077,224554,8,1477,2,7200,1.00541638456
223071,223084,224484,13,1400,2,7200,1.00928571429
223096,223103,224520,7,1417,2,7200,1.00494001411
223111,223117,224616,6,1499,2,7200,1.00400266845
223148,223154,224682,6,1528,2,7200,1.00392670157
223155,223693,223694,538,1,16,259200,53.9
223170,223176,223302,6,126,1,3600,1.04761904762
223188,223195,224643,7,1448,2,7200,1.00483425414
223241,223248,224845,7,1597,2,7200,1.00438321853
223242,223255,223284,13,29,1,3600,1.44827586207
223250,223771,223772,521,1,4,432000,52.2
223326,223334,224842,8,1508,2,7200,1.00530503979
223370,223376,223479,6,103,1,3600,1.05825242718
223378,223385,225008,7,1623,2,7200,1.00431300062
223383,223706,223707,323,1,16,345600,32.4
223391,223398,223488,7,90,1,3600,1.07777777778
223432,223438,224852,6,1414,2,7200,1.00424328147
223504,223511,225012,7,1501,2,7200,1.00466355763
223509,223718,223719,209,1,16,345600,21.0
223544,223732,223733,188,1,16,345600,18.9
223577,223584,225096,7,1512,2,7200,1.00462962963
223579,223591,225138,12,1547,2,7200,1.00775694893
223598,223605,225215,7,1610,2,7200,1.00434782609
223622,223628,225161,6,1533,2,7200,1.00391389432
223650,223657,225139,7,1482,2,7200,1.00472334683
223666,223675,225174,9,1499,2,7200,1.00600400267
223694,223700,225329,6,1629,2,7200,1.00368324125
223718,223725,225145,7,1420,2,7200,1.00492957746
223767,223778,225262,11,1484,2,7200,1.00741239892
223785,223791,225491,6,1700,2,7200,1.00352941176
223801,223807,225367,6,1560,2,7200,1.00384615385
223802,223814,225372,12,1558,2,7200,1.00770218228
223818,223824,225451,6,1627,2,7200,1.0036877689
223833,223839,225453,6,1614,2,7200,1.00371747212
223867,223873,225402,6,1529,2,7200,1.00392413342
223890,223896,225360,6,1464,2,7200,1.00409836066
223891,223902,225543,11,1641,2,7200,1.00670322974
223907,223913,225472,6,1559,2,7200,1.00384862091
223908,223919,225472,11,1553,2,7200,1.00708306504
223985,223991,225735,6,1744,2,7200,1.00344036697
224064,224070,225667,6,1597,2,7200,1.00375704446
224140,224147,225662,7,1515,2,7200,1.00462046205
224183,224189,226459,6,2270,2,7200,1.00264317181
224287,224294,464208,7,239914,1,342000,1.00002917712
224300,224305,225722,5,1417,2,7200,1.00352858151
224324,224330,225888,6,1558,2,7200,1.00385109114
224402,224408,226010,6,1602,2,7200,1.00374531835
224485,224491,226068,6,1577,2,7200,1.00380469245
224501,224507,226017,6,1510,2,7200,1.00397350993
224523,224529,226122,6,1593,2,7200,1.00376647834
224538,224544,226076,6,1532,2,7200,1.00391644909
224557,224563,226216,6,1653,2,7200,1.00362976407
224569,225213,743644,644,518431,16,518400,1.00124220967
224572,224578,226131,6,1553,2,7200,1.00386349002
224618,224625,226144,7,1519,2,7200,1.00460829493
224646,224652,226113,6,1461,2,7200,1.00410677618
224648,225223,484449,575,259226,16,259200,1.0022181417
224686,224692,226170,6,1478,2,7200,1.00405953992
224846,224852,226396,6,1544,2,7200,1.00388601036
224847,224859,226361,12,1502,2,7200,1.00798934754
224863,224869,226456,6,1587,2,7200,1.00378071834
225012,225019,226608,7,1589,2,7200,1.00440528634
225014,225025,226433,11,1408,2,7200,1.0078125
225097,225104,226659,7,1555,2,7200,1.00450160772
225142,225148,226680,6,1532,2,7200,1.00391644909
225143,225155,226816,12,1661,2,7200,1.00722456352
225159,225168,226795,9,1627,2,7200,1.00553165335
225174,225181,226822,7,1641,2,7200,1.00426569165
225176,225188,226582,12,1394,2,7200,1.00860832138
225217,225229,226778,12,1549,2,7200,1.00774693351
225263,225270,226737,7,1467,2,7200,1.00477164281
225321,225379,225384,58,5,8,518400,6.3
225333,225339,226753,6,1414,2,7200,1.00424328147
225360,225367,226738,7,1371,2,7200,1.00510576222
225376,225385,226866,9,1481,2,7200,1.00607697502
225378,225390,227031,12,1641,2,7200,1.00731261426
225405,225411,227014,6,1603,2,7200,1.00374298191
225452,225458,226976,6,1518,2,7200,1.00395256917
225468,225474,227068,6,1594,2,7200,1.00376411543
225483,225489,227016,6,1527,2,7200,1.00392927308
225485,225496,227202,11,1706,2,7200,1.00644783118
225500,225506,227104,6,1598,2,7200,1.00375469337
225547,225553,226921,6,1368,2,7200,1.00438596491
225571,396027,396041,170456,14,125,900,12176.4285714
225663,225670,227210,7,1540,2,7200,1.00454545455
225679,225685,227109,6,1424,2,7200,1.00421348315
225722,225728,227215,6,1487,2,7200,1.00403496974
225737,225744,227396,7,1652,2,7200,1.00423728814
225792,226980,226981,1188,1,4,600,118.9
225890,225896,227435,6,1539,2,7200,1.00389863548
226012,226018,227531,6,1513,2,7200,1.0039656312
226027,226033,227621,6,1588,2,7200,1.00377833753
226070,226076,227648,6,1572,2,7200,1.00381679389
226085,226091,227605,6,1514,2,7200,1.00396301189
226117,226123,227638,6,1515,2,7200,1.00396039604
226132,226138,227611,6,1473,2,7200,1.00407331976
226134,226145,227586,11,1441,2,7200,1.00763358779
226149,226155,227707,6,1552,2,7200,1.00386597938
226171,226178,227603,7,1425,2,7200,1.0049122807
226217,226223,227671,6,1448,2,7200,1.00414364641
226364,226370,228001,6,1631,2,7200,1.00367872471
226397,226404,227884,7,1480,2,7200,1.00472972973
226431,226437,227904,6,1467,2,7200,1.00408997955
226458,226464,228137,6,1673,2,7200,1.00358637179
226459,226471,227934,12,1463,2,7200,1.00820232399
226582,226588,228067,6,1479,2,7200,1.00405679513
226609,226615,228114,6,1499,2,7200,1.00400266845
226662,226668,228208,6,1540,2,7200,1.0038961039
226683,226689,228395,6,1706,2,7200,1.00351699883
226739,226745,228656,6,1911,2,7200,1.00313971743
226740,226752,228398,12,1646,2,7200,1.00729040097
226756,226762,228320,6,1558,2,7200,1.00385109114
226780,226786,228397,6,1611,2,7200,1.00372439479
226799,226805,228340,6,1535,2,7200,1.00390879479
226817,226823,228391,6,1568,2,7200,1.00382653061
226832,226838,228259,6,1421,2,7200,1.00422237861
226857,226863,227849,6,986,1,86400,1.0060851927
226869,226875,228398,6,1523,2,7200,1.00393959291
226924,226930,228452,6,1522,2,7200,1.00394218134
226976,226987,228419,11,1432,2,7200,1.00768156425
227017,227023,228527,6,1504,2,7200,1.0039893617
227018,227029,228544,11,1515,2,7200,1.00726072607
227034,227040,228418,6,1378,2,7200,1.00435413643
227070,227076,228644,6,1568,2,7200,1.00382653061
227108,227114,228631,6,1517,2,7200,1.00395517469
227123,227129,228840,6,1711,2,7200,1.00350672122
227203,227209,228668,6,1459,2,7200,1.00411240576
227218,227225,228863,7,1638,2,7200,1.00427350427
227220,227231,228832,11,1601,2,7200,1.00687070581
227369,396052,396059,168683,7,128,3600,16869.0
227399,227405,229094,6,1689,2,7200,1.00355239787
227436,227442,228970,6,1528,2,7200,1.00392670157
227534,227540,229045,6,1505,2,7200,1.00398671096
227586,227592,229187,6,1595,2,7200,1.00376175549
227605,227611,229181,6,1570,2,7200,1.00382165605
227607,227617,229324,10,1707,2,7200,1.00585823081
227622,227628,229195,6,1567,2,7200,1.00382897256
227623,227635,229246,12,1611,2,7200,1.00744878957
227639,227645,229151,6,1506,2,7200,1.00398406375
227655,227661,229207,6,1546,2,7200,1.00388098318
227675,227682,229281,7,1599,2,7200,1.00437773609
227710,227716,229278,6,1562,2,7200,1.00384122919
227886,227892,229259,6,1367,2,7200,1.00438917337
227889,227899,271786,10,43887,1,86400,1.00022785791
227902,227908,229572,6,1664,2,7200,1.00360576923
227936,227942,229442,6,1500,2,7200,1.004
228000,228006,229678,6,1672,2,7200,1.00358851675
228052,228059,266440,7,38381,1,86400,1.00018238191
228067,228073,229638,6,1565,2,7200,1.00383386581
228117,228123,229567,6,1444,2,7200,1.00415512465
228139,228145,229593,6,1448,2,7200,1.00414364641
228210,228216,229856,6,1640,2,7200,1.00365853659
228261,228267,229725,6,1458,2,7200,1.00411522634
228322,228328,229782,6,1454,2,7200,1.00412654746
228340,228346,229785,6,1439,2,7200,1.0041695622
228392,228398,230019,6,1621,2,7200,1.00370141888
228408,228414,229962,6,1548,2,7200,1.00387596899
228410,228421,229839,11,1418,2,7200,1.0077574048
228411,228426,229899,15,1473,2,7200,1.01018329939
228418,228433,230018,15,1585,2,7200,1.0094637224
228433,228440,229974,7,1534,2,7200,1.00456323338
228435,228446,230163,11,1717,2,7200,1.00640652301
228453,228459,229904,6,1445,2,7200,1.00415224913
228527,228533,230076,6,1543,2,7200,1.00388852884
228545,228551,229913,6,1362,2,7200,1.00440528634
228631,228638,230115,7,1477,2,7200,1.00473933649
228647,228653,230219,6,1566,2,7200,1.00383141762
228663,228669,230183,6,1514,2,7200,1.00396301189
228679,228686,230136,7,1450,2,7200,1.00482758621
228832,228839,230418,7,1579,2,7200,1.00443318556
228848,228855,230393,7,1538,2,7200,1.00455136541
228865,228871,230694,6,1823,2,7200,1.00329127811
228972,228978,230468,6,1490,2,7200,1.00402684564
229046,229052,230556,6,1504,2,7200,1.0039893617
229092,229098,230628,6,1530,2,7200,1.00392156863
229153,229159,230504,6,1345,2,7200,1.00446096654
229185,229191,230693,6,1502,2,7200,1.00399467377
229202,229208,230727,6,1519,2,7200,1.00394996708
229203,229214,230706,11,1492,2,7200,1.00737265416
229219,229225,230912,6,1687,2,7200,1.00355660937
229249,229255,230775,6,1520,2,7200,1.00394736842
229265,229271,230903,6,1632,2,7200,1.00367647059
229280,229286,230695,6,1409,2,7200,1.00425833925
229282,229292,230762,10,1470,2,7200,1.00680272109
229326,229332,230961,6,1629,2,7200,1.00368324125
229444,229450,230797,6,1347,2,7200,1.00445434298
229568,229575,231237,7,1662,2,7200,1.00421179302
229583,229590,231150,7,1560,2,7200,1.00448717949
229600,229606,231486,6,1880,2,7200,1.00319148936
229639,229645,231258,6,1613,2,7200,1.00371977681
229679,229685,231208,6,1523,2,7200,1.00393959291
229727,229733,231195,6,1462,2,7200,1.00410396717
229785,229791,231376,6,1585,2,7200,1.00378548896
229787,229797,231339,10,1542,2,7200,1.00648508431
229841,229847,231318,6,1471,2,7200,1.00407885792
229857,229863,231324,6,1461,2,7200,1.00410677618
229900,229906,231488,6,1582,2,7200,1.00379266751
229916,229922,231461,6,1539,2,7200,1.00389863548
229917,229929,231455,12,1526,2,7200,1.00786369594
229963,229969,231444,6,1475,2,7200,1.00406779661
229978,229985,231556,7,1571,2,7200,1.00445576066
230018,230024,231542,6,1518,2,7200,1.00395256917
230033,230039,231664,6,1625,2,7200,1.00369230769
230080,230086,231640,6,1554,2,7200,1.00386100386
230117,230123,231667,6,1544,2,7200,1.00388601036
230138,230144,231629,6,1485,2,7200,1.00404040404
230164,230170,231682,6,1512,2,7200,1.00396825397
230185,230191,231764,6,1573,2,7200,1.00381436745
230219,230225,231773,6,1548,2,7200,1.00387596899
230396,230402,231803,6,1401,2,7200,1.00428265525
230420,230427,231978,7,1551,2,7200,1.00451321728
230469,230477,232011,8,1534,2,7200,1.00521512386
230486,230494,281712,8,51218,1,86400,1.00015619509
230503,230509,232073,6,1564,2,7200,1.00383631714
230511,281725,281727,51214,2,1,259200,5121.6
230540,230575,292254,35,61679,4,144000,1.00056745408
230558,230565,232077,7,1512,2,7200,1.00462962963
230589,230595,292699,6,62104,4,144000,1.00009661213
230629,230636,232377,7,1741,2,7200,1.00402067777
230694,230700,232080,6,1380,2,7200,1.00434782609
230696,230707,232352,11,1645,2,7200,1.00668693009
230697,230713,232435,16,1722,2,7200,1.00929152149
230712,230719,232159,7,1440,2,7200,1.00486111111
230728,230735,232189,7,1454,2,7200,1.00481430536
230764,230771,232376,7,1605,2,7200,1.00436137072
230780,230792,232326,12,1534,2,7200,1.00782268579
230795,281738,281739,50943,1,1,259200,5094.4
230801,230808,232295,7,1487,2,7200,1.00470746469
230905,230912,232387,7,1475,2,7200,1.00474576271
230920,230926,232509,6,1583,2,7200,1.00379027164
230963,230974,232490,11,1516,2,7200,1.00725593668
231152,231158,232656,6,1498,2,7200,1.00400534045
231197,231203,232657,6,1454,2,7200,1.00412654746
231213,231219,232735,6,1516,2,7200,1.00395778364
231237,231244,232871,7,1627,2,7200,1.00430239705
231259,231265,232851,6,1586,2,7200,1.00378310214
231320,231326,232880,6,1554,2,7200,1.00386100386
231335,231342,232854,7,1512,2,7200,1.00462962963
231350,231357,232916,7,1559,2,7200,1.00449005773
231378,231384,232969,6,1585,2,7200,1.00378548896
231444,231451,233038,7,1587,2,7200,1.00441083806
231460,231466,233045,6,1579,2,7200,1.00379987334
231476,231482,233055,6,1573,2,7200,1.00381436745
231491,231497,233115,6,1618,2,7200,1.00370828183
231492,231504,233082,12,1578,2,7200,1.00760456274
231544,231550,233126,6,1576,2,7200,1.0038071066
231559,231567,233046,8,1479,2,7200,1.00540906018
231632,231639,233242,7,1603,2,7200,1.00436681223
231648,231655,233176,7,1521,2,7200,1.00460223537
231666,231672,233300,6,1628,2,7200,1.00368550369
231681,231688,233225,7,1537,2,7200,1.00455432661
231683,231695,233184,12,1489,2,7200,1.00805910007
231766,231773,233383,7,1610,2,7200,1.00434782609
231781,231788,233271,7,1483,2,7200,1.00472016183
231803,231810,233311,7,1501,2,7200,1.00466355763
231979,231986,233613,7,1627,2,7200,1.00430239705
232012,232019,233495,7,1476,2,7200,1.00474254743
232073,232080,233548,7,1468,2,7200,1.00476839237
232088,232096,233506,8,1410,2,7200,1.00567375887
232090,232102,233662,12,1560,2,7200,1.00769230769
232160,232166,233709,6,1543,2,7200,1.00388852884
232188,232196,233803,8,1607,2,7200,1.00497822029
232298,232306,233909,8,1603,2,7200,1.00499064255
232329,232335,233836,6,1501,2,7200,1.00399733511
232353,232360,233897,7,1537,2,7200,1.00455432661
232378,232384,233846,6,1462,2,7200,1.00410396717
232380,232392,233847,12,1455,2,7200,1.00824742268
232395,232402,234005,7,1603,2,7200,1.00436681223
232435,232442,233880,7,1438,2,7200,1.00486787204
232492,232498,234048,6,1550,2,7200,1.00387096774
232511,232518,234047,7,1529,2,7200,1.00457815566
232657,232664,234151,7,1487,2,7200,1.00470746469
232658,232671,234254,13,1583,2,7200,1.00821225521
232738,232745,234257,7,1512,2,7200,1.00462962963
232851,232858,234360,7,1502,2,7200,1.00466045273
232866,232873,234479,7,1606,2,7200,1.00435865504
232882,232889,234525,7,1636,2,7200,1.00427872861
232883,232895,234289,12,1394,2,7200,1.00860832138
232917,232924,234309,7,1385,2,7200,1.00505415162
232972,232978,234442,6,1464,2,7200,1.00409836066
233043,233050,234488,7,1438,2,7200,1.00486787204
233059,233066,234628,7,1562,2,7200,1.00448143406
233060,233072,234462,12,1390,2,7200,1.00863309353
233061,233077,234507,16,1430,2,7200,1.01118881119
233083,233090,234536,7,1446,2,7200,1.00484094053
233117,233124,234441,7,1317,2,7200,1.0053151101
233132,233138,234569,6,1431,2,7200,1.00419287212
233178,233184,234597,6,1413,2,7200,1.0042462845
233193,233199,234722,6,1523,2,7200,1.00393959291
233227,233233,234684,6,1451,2,7200,1.00413507926
233242,233248,234822,6,1574,2,7200,1.00381194409
233272,233279,234812,7,1533,2,7200,1.00456621005
233300,233307,234788,7,1481,2,7200,1.00472653612
233315,233322,234888,7,1566,2,7200,1.00446998723
233386,233392,234965,6,1573,2,7200,1.00381436745
233496,233503,234955,7,1452,2,7200,1.00482093664
233511,233517,235085,6,1568,2,7200,1.00382653061
233551,233558,235209,7,1651,2,7200,1.00423985463
233616,233622,235079,6,1457,2,7200,1.00411805079
233665,233671,235184,6,1513,2,7200,1.0039656312
233710,233718,235241,8,1523,2,7200,1.00525279054
233805,233812,235355,7,1543,2,7200,1.00453661698
233839,233846,235494,7,1648,2,7200,1.00424757282
233846,233858,281149,12,47291,1,86400,1.00025374807
233854,233864,235401,10,1537,2,7200,1.00650618087
233856,233869,235287,13,1418,2,7200,1.00916784203
233880,233886,235483,6,1597,2,7200,1.00375704446
233899,233906,235544,7,1638,2,7200,1.00427350427
233914,233921,235463,7,1542,2,7200,1.00453955901
234006,234012,235648,6,1636,2,7200,1.00366748166
234049,234056,235595,7,1539,2,7200,1.00454840806
234051,234063,235634,12,1571,2,7200,1.00763844685
234152,234158,235743,6,1585,2,7200,1.00378548896
234256,234262,235928,6,1666,2,7200,1.00360144058
234271,234277,235808,6,1531,2,7200,1.00391900718
234290,234296,235754,6,1458,2,7200,1.00411522634
234311,234317,235926,6,1609,2,7200,1.00372902424
234360,234367,235944,7,1577,2,7200,1.00443880786
234443,234449,235944,6,1495,2,7200,1.00401337793
234444,234457,236063,13,1606,2,7200,1.00809464508
234463,234469,236052,6,1583,2,7200,1.00379027164
234481,234488,236113,7,1625,2,7200,1.00430769231
234496,234502,236018,6,1516,2,7200,1.00395778364
234511,234518,235944,7,1426,2,7200,1.0049088359
234527,234533,236110,6,1577,2,7200,1.00380469245
234543,234549,235952,6,1403,2,7200,1.00427655025
234571,234578,236268,7,1690,2,7200,1.00414201183
234599,234606,236162,7,1556,2,7200,1.00449871465
234629,234635,236172,6,1537,2,7200,1.00390370852
234687,234693,236180,6,1487,2,7200,1.00403496974
234724,234730,236211,6,1481,2,7200,1.00405131668
234789,234796,236311,7,1515,2,7200,1.00462046205
234813,234820,236299,7,1479,2,7200,1.00473292765
234829,234835,236439,6,1604,2,7200,1.00374064838
234890,234896,236433,6,1537,2,7200,1.00390370852
234957,234963,236530,6,1567,2,7200,1.00382897256
234972,234980,236368,8,1388,2,7200,1.00576368876
235082,235089,236611,7,1522,2,7200,1.00459921156
235097,235104,236727,7,1623,2,7200,1.00431300062
235186,235192,236788,6,1596,2,7200,1.0037593985
235210,235216,236808,6,1592,2,7200,1.00376884422
235244,235250,236837,6,1587,2,7200,1.00378071834
235290,235296,236734,6,1438,2,7200,1.00417246175
235353,235359,285790,6,50431,1,86400,1.00011897444
235357,235365,236839,8,1474,2,7200,1.00542740841
235403,235410,237083,7,1673,2,7200,1.00418410042
235464,235470,236927,6,1457,2,7200,1.00411805079
235485,235492,237084,7,1592,2,7200,1.00439698492
235501,235508,236877,7,1369,2,7200,1.00511322133
235546,235553,236999,7,1446,2,7200,1.00484094053
235595,235602,237091,7,1489,2,7200,1.00470114171
235635,235642,237129,7,1487,2,7200,1.00470746469
235651,235658,237114,7,1456,2,7200,1.00480769231
235746,235752,237271,6,1519,2,7200,1.00394996708
235761,235767,237185,6,1418,2,7200,1.00423131171
235810,235817,237365,7,1548,2,7200,1.00452196382
235930,235936,237419,6,1483,2,7200,1.004045853
235931,235943,237486,12,1543,2,7200,1.00777705768
235947,235954,237333,7,1379,2,7200,1.00507614213
235949,235961,237577,12,1616,2,7200,1.00742574257
235950,235966,237523,16,1557,2,7200,1.01027617213
235965,235973,237489,8,1516,2,7200,1.00527704485
236021,236027,237703,6,1676,2,7200,1.00357995227
236054,236061,237484,7,1423,2,7200,1.00491918482
236070,236076,237682,6,1606,2,7200,1.00373599004
236113,236119,237679,6,1560,2,7200,1.00384615385
236114,236127,237648,13,1521,2,7200,1.00854700855
236166,236174,237608,8,1434,2,7200,1.00557880056
236182,236188,237575,6,1387,2,7200,1.0043258832
236183,236195,237685,12,1490,2,7200,1.00805369128
236211,236218,237754,7,1536,2,7200,1.00455729167
236270,236277,237815,7,1538,2,7200,1.00455136541
236300,236307,237811,7,1504,2,7200,1.00465425532
236316,236322,237812,6,1490,2,7200,1.00402684564
236368,236374,237925,6,1551,2,7200,1.00386847195
236435,236441,237933,6,1492,2,7200,1.00402144772
236450,236457,238115,7,1658,2,7200,1.00422195416
236530,236537,238029,7,1492,2,7200,1.00469168901
236613,236619,238179,6,1560,2,7200,1.00384615385
236727,236734,238289,7,1555,2,7200,1.00450160772
236742,236749,238214,7,1465,2,7200,1.004778157
236789,236795,238309,6,1514,2,7200,1.00396301189
236810,236817,238381,7,1564,2,7200,1.00447570332
236835,236841,238462,6,1621,2,7200,1.00370141888
236850,236857,238382,7,1525,2,7200,1.00459016393
236878,236884,238458,6,1574,2,7200,1.00381194409
236930,236936,238490,6,1554,2,7200,1.00386100386
237000,237007,238590,7,1583,2,7200,1.00442198358
237086,237092,238658,6,1566,2,7200,1.00383141762
237087,237099,238675,12,1576,2,7200,1.0076142132
237102,237110,238534,8,1424,2,7200,1.00561797753
237118,237124,238750,6,1626,2,7200,1.0036900369
237133,237139,238766,6,1627,2,7200,1.0036877689
237188,237194,238638,6,1444,2,7200,1.00415512465
237273,237279,238609,6,1330,2,7200,1.0045112782
237333,237340,238872,7,1532,2,7200,1.0045691906
237367,237373,238763,6,1390,2,7200,1.00431654676
237419,237426,238994,7,1568,2,7200,1.00446428571
237487,237493,238936,6,1443,2,7200,1.00415800416
237488,237500,239040,12,1540,2,7200,1.00779220779
237504,237511,238938,7,1427,2,7200,1.00490539594
237525,237531,239042,6,1511,2,7200,1.00397088021
237536,237661,286551,125,48890,4,72000,1.00255676007
237577,237583,239187,6,1604,2,7200,1.00374064838
237592,237599,239173,7,1574,2,7200,1.00444726811
237611,237618,238978,7,1360,2,7200,1.00514705882
237648,237654,239344,6,1690,2,7200,1.00355029586
237682,237688,239223,6,1535,2,7200,1.00390879479
237683,237695,239270,12,1575,2,7200,1.00761904762
237687,237832,243865,145,6033,6,36000,1.02403447704
237699,237705,239281,6,1576,2,7200,1.0038071066
237715,237721,239166,6,1445,2,7200,1.00415224913
237755,237762,239316,7,1554,2,7200,1.0045045045
237813,237819,239440,6,1621,2,7200,1.00370141888
237815,237826,239460,11,1634,2,7200,1.00673194614
237832,237839,239401,7,1562,2,7200,1.00448143406
237926,237934,239388,8,1454,2,7200,1.00550206327
237942,237949,239514,7,1565,2,7200,1.00447284345
238030,238037,239654,7,1617,2,7200,1.00432900433
238116,238123,239723,7,1600,2,7200,1.004375
238180,238187,239732,7,1545,2,7200,1.00453074434
238214,238220,239700,6,1480,2,7200,1.00405405405
238290,238296,239978,6,1682,2,7200,1.00356718193
238312,238318,239777,6,1459,2,7200,1.00411240576
238384,238390,239856,6,1466,2,7200,1.00409276944
238386,238398,239866,12,1468,2,7200,1.00817438692
238459,238466,240031,7,1565,2,7200,1.00447284345
238474,238480,240044,6,1564,2,7200,1.00383631714
238493,238499,239854,6,1355,2,7200,1.00442804428
238535,238542,240065,7,1523,2,7200,1.00459619173
238591,238597,240178,6,1581,2,7200,1.00379506641
238612,238618,240429,6,1811,2,7200,1.00331308669
238640,238646,240081,6,1435,2,7200,1.00418118467
238661,238669,240175,8,1506,2,7200,1.00531208499
238677,238683,240159,6,1476,2,7200,1.00406504065
238753,238760,240331,7,1571,2,7200,1.00445576066
238769,238776,240242,7,1466,2,7200,1.00477489768
238770,238782,240297,12,1515,2,7200,1.00792079208
238874,238881,240315,7,1434,2,7200,1.00488145049
238939,238945,240569,6,1624,2,7200,1.00369458128
238940,238953,240549,13,1596,2,7200,1.00814536341
238980,238986,240565,6,1579,2,7200,1.00379987334
238995,239001,240620,6,1619,2,7200,1.00370599135
239042,239048,240629,6,1581,2,7200,1.00379506641
239043,239056,240582,13,1526,2,7200,1.00851900393
239168,239175,240634,7,1459,2,7200,1.00479780672
239183,239190,240732,7,1542,2,7200,1.00453955901
239199,239205,240833,6,1628,2,7200,1.00368550369
239224,239231,240832,7,1601,2,7200,1.00437226733
239273,239279,240880,6,1601,2,7200,1.00374765771
239288,239294,240842,6,1548,2,7200,1.00387596899
239316,239323,240894,7,1571,2,7200,1.00445576066
239347,239353,240948,6,1595,2,7200,1.00376175549
239389,239396,240932,7,1536,2,7200,1.00455729167
239405,239411,241022,6,1611,2,7200,1.00372439479
239442,239448,240978,6,1530,2,7200,1.00392156863
239463,239469,241005,6,1536,2,7200,1.00390625
239516,239522,241097,6,1575,2,7200,1.00380952381
239653,239660,241137,7,1477,2,7200,1.00473933649
239700,239707,241173,7,1466,2,7200,1.00477489768
239725,239732,241255,7,1523,2,7200,1.00459619173
239741,239747,241301,6,1554,2,7200,1.00386100386
239778,239785,241378,7,1593,2,7200,1.00439422473
239857,239863,241530,6,1667,2,7200,1.00359928014
239859,239869,241201,10,1332,2,7200,1.00750750751
239874,239880,241444,6,1564,2,7200,1.00383631714
239981,239987,241393,6,1406,2,7200,1.00426742532
240033,240041,241438,8,1397,2,7200,1.00572655691
240049,240055,241445,6,1390,2,7200,1.00431654676
240068,240074,241563,6,1489,2,7200,1.00402955003
240083,240089,241608,6,1519,2,7200,1.00394996708
240160,240166,241754,6,1588,2,7200,1.00377833753
240178,240184,241691,6,1507,2,7200,1.00398142004
240180,240191,241714,11,1523,2,7200,1.007222587
240244,240250,241842,6,1592,2,7200,1.00376884422
240298,240305,241760,7,1455,2,7200,1.00481099656
240317,240323,241725,6,1402,2,7200,1.00427960057
240332,240339,241951,7,1612,2,7200,1.00434243176
240430,240437,241855,7,1418,2,7200,1.00493653032
240549,240556,242244,7,1688,2,7200,1.00414691943
240567,240573,242003,6,1430,2,7200,1.0041958042
240583,240589,242091,6,1502,2,7200,1.00399467377
240585,240596,242269,11,1673,2,7200,1.00657501494
240621,240628,242077,7,1449,2,7200,1.00483091787
240637,240643,242119,6,1476,2,7200,1.00406504065
240638,240650,242142,12,1492,2,7200,1.00804289544
240734,240740,242387,6,1647,2,7200,1.00364298725
240834,240840,242343,6,1503,2,7200,1.00399201597
240836,240847,242397,11,1550,2,7200,1.00709677419
240851,240857,242486,6,1629,2,7200,1.00368324125
240882,240888,242429,6,1541,2,7200,1.0038935756
240898,240905,242351,7,1446,2,7200,1.00484094053
240935,240941,242463,6,1522,2,7200,1.00394218134
240951,240957,242591,6,1634,2,7200,1.00367197062
240978,240984,242458,6,1474,2,7200,1.00407055631
241006,241012,242551,6,1539,2,7200,1.00389863548
241024,241031,242477,7,1446,2,7200,1.00484094053
241098,241105,242623,7,1518,2,7200,1.0046113307
241137,241144,242752,7,1608,2,7200,1.00435323383
241174,241180,242808,6,1628,2,7200,1.00368550369
241202,241208,242542,6,1334,2,7200,1.00449775112
241257,241264,242811,7,1547,2,7200,1.00452488688
241303,241310,242928,7,1618,2,7200,1.0043263288
241379,241386,243038,7,1652,2,7200,1.00423728814
241395,241401,242886,6,1485,2,7200,1.00404040404
241441,241448,242988,7,1540,2,7200,1.00454545455
241457,241463,243044,6,1581,2,7200,1.00379506641
241458,241469,242989,11,1520,2,7200,1.00723684211
241532,241538,243013,6,1475,2,7200,1.00406779661
241565,241572,243106,7,1534,2,7200,1.00456323338
241609,241615,243128,6,1513,2,7200,1.0039656312
241694,241701,243317,7,1616,2,7200,1.00433168317
241715,241722,243410,7,1688,2,7200,1.00414691943
241731,241738,243290,7,1552,2,7200,1.00451030928
241756,241763,243170,7,1407,2,7200,1.00497512438
241771,241777,243128,6,1351,2,7200,1.0044411547
241844,241850,243346,6,1496,2,7200,1.00401069519
241860,241866,243416,6,1550,2,7200,1.00387096774
241951,241958,243352,7,1394,2,7200,1.0050215208
242006,242012,243442,6,1430,2,7200,1.0041958042
242080,242087,243644,7,1557,2,7200,1.00449582531
242095,242101,243712,6,1611,2,7200,1.00372439479
242119,242126,243727,7,1601,2,7200,1.00437226733
242144,242150,243612,6,1462,2,7200,1.00410396717
242244,242251,243773,7,1522,2,7200,1.00459921156
242272,242278,243885,6,1607,2,7200,1.00373366521
242346,242354,243973,8,1619,2,7200,1.0049413218
242362,242368,243839,6,1471,2,7200,1.00407885792
242390,242396,244086,6,1690,2,7200,1.00355029586
242405,242413,243995,8,1582,2,7200,1.00505689001
242430,242436,243968,6,1532,2,7200,1.00391644909
242461,242468,244077,7,1609,2,7200,1.00435052828
242476,242482,244131,6,1649,2,7200,1.00363856883
242491,242497,244348,6,1851,2,7200,1.00324149109
242493,242504,244013,11,1509,2,7200,1.00728959576
242545,242551,244019,6,1468,2,7200,1.00408719346
242560,242566,244116,6,1550,2,7200,1.00387096774
242594,242600,244114,6,1514,2,7200,1.00396301189
242625,242632,244232,7,1600,2,7200,1.004375
242754,242761,244330,7,1569,2,7200,1.00446144041
242793,242822,275707,29,32885,1,162000,1.00088186103
242809,242816,244395,7,1579,2,7200,1.00443318556
242824,242901,296943,77,54042,1,54000,1.00142481773
242824,242830,244382,6,1552,2,7200,1.00386597938
242859,281751,297568,38892,15817,1,342000,3.4588733641
242888,242894,244435,6,1541,2,7200,1.0038935756
242931,242938,244548,7,1610,2,7200,1.00434782609
242990,242996,244531,6,1535,2,7200,1.00390879479
242992,243003,244538,11,1535,2,7200,1.00716612378
243017,243024,244796,7,1772,2,7200,1.0039503386
243038,243045,244503,7,1458,2,7200,1.00480109739
243054,243060,244560,6,1500,2,7200,1.004
243109,243116,244607,7,1491,2,7200,1.00469483568
243124,243131,244740,7,1609,2,7200,1.00435052828
243140,243147,244840,7,1693,2,7200,1.00413467218
243170,243177,244680,7,1503,2,7200,1.00465735196
243292,243298,244825,6,1527,2,7200,1.00392927308
243317,243325,244988,8,1663,2,7200,1.00481058328
243348,243354,245104,6,1750,2,7200,1.00342857143
243363,243369,244721,6,1352,2,7200,1.00443786982
243412,243419,245070,7,1651,2,7200,1.00423985463
243428,243435,244869,7,1434,2,7200,1.00488145049
243443,243450,244994,7,1544,2,7200,1.00453367876
243545,243552,285779,7,42227,1,86400,1.00016577072
243614,243621,245164,7,1543,2,7200,1.00453661698
243645,243651,245121,6,1470,2,7200,1.00408163265
243712,243718,245157,6,1439,2,7200,1.0041695622
243728,243735,245165,7,1430,2,7200,1.0048951049
243773,243781,245444,8,1663,2,7200,1.00481058328
243840,243847,245349,7,1502,2,7200,1.00466045273
243887,243893,245397,6,1504,2,7200,1.0039893617
243969,243975,245513,6,1538,2,7200,1.00390117035
243985,243991,245562,6,1571,2,7200,1.00381922342
244000,244006,245523,6,1517,2,7200,1.00395517469
244015,244022,245370,7,1348,2,7200,1.00519287834
244031,244037,245583,6,1546,2,7200,1.00388098318
244064,244127,250809,63,6682,4,32400,1.00942831488
244069,244545,253808,476,9263,4,32400,1.05138723956
244073,244572,277028,499,32456,4,32400,1.01537466108
244080,244087,245632,7,1545,2,7200,1.00453074434
244095,244102,245558,7,1456,2,7200,1.00480769231
244114,244121,245580,7,1459,2,7200,1.00479780672
244129,244135,245664,6,1529,2,7200,1.00392413342
244144,244150,245650,6,1500,2,7200,1.004
244233,244239,245676,6,1437,2,7200,1.00417536534
244331,244337,245811,6,1474,2,7200,1.00407055631
244349,244355,245883,6,1528,2,7200,1.00392670157
244383,244390,245921,7,1531,2,7200,1.00457217505
244398,244405,246014,7,1609,2,7200,1.00435052828
244438,244444,245957,6,1513,2,7200,1.0039656312
244505,244511,246078,6,1567,2,7200,1.00382897256
244533,244539,245966,6,1427,2,7200,1.00420462509
244549,244555,246057,6,1502,2,7200,1.00399467377
244550,244563,246024,13,1461,2,7200,1.00889801506
244566,244578,246177,12,1599,2,7200,1.00750469043
244610,244617,246178,7,1561,2,7200,1.00448430493
244683,244689,246157,6,1468,2,7200,1.00408719346
244723,244729,246215,6,1486,2,7200,1.00403768506
244741,244749,246281,8,1532,2,7200,1.00522193211
244797,244804,246205,7,1401,2,7200,1.00499643112
244828,244835,246340,7,1505,2,7200,1.00465116279
244843,244850,246484,7,1634,2,7200,1.00428396573
244871,244878,246431,7,1553,2,7200,1.00450740502
244990,244996,246690,6,1694,2,7200,1.00354191263
245005,245012,246630,7,1618,2,7200,1.0043263288
245073,245078,246360,5,1282,2,7200,1.00390015601
245107,245114,246679,7,1565,2,7200,1.00447284345
245122,245130,246586,8,1456,2,7200,1.00549450549
245160,245166,246626,6,1460,2,7200,1.00410958904
245175,245183,246783,8,1600,2,7200,1.005
245177,245189,246782,12,1593,2,7200,1.00753295669
245351,245358,246936,7,1578,2,7200,1.00443599493
245373,245379,246761,6,1382,2,7200,1.00434153401
245398,245404,246919,6,1515,2,7200,1.00396039604
245444,245451,247080,7,1629,2,7200,1.00429711479
245514,245520,247135,6,1615,2,7200,1.00371517028
245529,245536,247212,7,1676,2,7200,1.00417661098
245560,245566,247070,6,1504,2,7200,1.0039893617
245575,245583,247091,8,1508,2,7200,1.00530503979
245591,245597,247107,6,1510,2,7200,1.00397350993
245593,245603,247237,10,1634,2,7200,1.00611995104
245632,245638,247089,6,1451,2,7200,1.00413507926
245651,245657,247216,6,1559,2,7200,1.00384862091
245657,246171,246173,514,2,2,3540,51.6
245666,245672,247486,6,1814,2,7200,1.0033076075
245682,245688,247052,6,1364,2,7200,1.00439882698
245813,245819,247357,6,1538,2,7200,1.00390117035
245883,245889,247469,6,1580,2,7200,1.00379746835
245923,245930,247403,7,1473,2,7200,1.00475220638
245957,245963,247391,6,1428,2,7200,1.00420168067
245972,245980,247528,8,1548,2,7200,1.00516795866
246016,246022,247485,6,1463,2,7200,1.004101162
246031,246038,247721,7,1683,2,7200,1.00415923945
246059,246065,247499,6,1434,2,7200,1.00418410042
246081,246087,247592,6,1505,2,7200,1.00398671096
246158,246165,247576,7,1411,2,7200,1.00496102055
246179,246186,247742,7,1556,2,7200,1.00449871465
246181,246193,247683,12,1490,2,7200,1.00805369128
246206,246213,247742,7,1529,2,7200,1.00457815566
246221,246228,247789,7,1561,2,7200,1.00448430493
246282,246288,247709,6,1421,2,7200,1.00422237861
246341,246347,248021,6,1674,2,7200,1.00358422939
246362,246369,247951,7,1582,2,7200,1.00442477876
246433,246440,248020,7,1580,2,7200,1.00443037975
246485,246491,248276,6,1785,2,7200,1.00336134454
246589,246596,248096,7,1500,2,7200,1.00466666667
246626,246633,248116,7,1483,2,7200,1.00472016183
246641,246647,248047,6,1400,2,7200,1.00428571429
246681,246688,248190,7,1502,2,7200,1.00466045273
246697,246703,248312,6,1609,2,7200,1.00372902424
246761,246767,248299,6,1532,2,7200,1.00391644909
246783,246790,248270,7,1480,2,7200,1.00472972973
246798,246804,248319,6,1515,2,7200,1.00396039604
246921,246928,248391,7,1463,2,7200,1.004784689
246936,246943,248529,7,1586,2,7200,1.00441361917
247052,247059,248486,7,1427,2,7200,1.00490539594
247071,247077,248705,6,1628,2,7200,1.00368550369
247086,247092,248734,6,1642,2,7200,1.00365408039
247102,247109,248647,7,1538,2,7200,1.00455136541
247104,247115,248838,11,1723,2,7200,1.00638421358
247119,247125,249283,6,2158,2,7200,1.00278035218
247137,247144,248699,7,1555,2,7200,1.00450160772
247214,247221,248824,7,1603,2,7200,1.00436681223
247230,247236,248919,6,1683,2,7200,1.00356506239
247245,247252,248824,7,1572,2,7200,1.00445292621
247359,247366,248875,7,1509,2,7200,1.00463883366
247393,247400,248951,7,1551,2,7200,1.00451321728
247408,247415,248916,7,1501,2,7200,1.00466355763
247472,247479,249052,7,1573,2,7200,1.00445009536
247488,247495,248998,7,1503,2,7200,1.00465735196
247489,247502,249099,13,1597,2,7200,1.00814026299
247505,247511,249051,6,1540,2,7200,1.0038961039
247530,247537,248892,7,1355,2,7200,1.00516605166
247576,247583,249081,7,1498,2,7200,1.0046728972
247595,247602,249126,7,1524,2,7200,1.00459317585
247686,247693,249413,7,1720,2,7200,1.00406976744
247711,247718,249232,7,1514,2,7200,1.00462351387
247727,247733,249183,6,1450,2,7200,1.00413793103
247745,247753,249314,8,1561,2,7200,1.00512491992
247747,247760,249105,13,1345,2,7200,1.00966542751
247790,247797,249342,7,1545,2,7200,1.00453074434
247954,247960,249539,6,1579,2,7200,1.00379987334
248021,248028,249697,7,1669,2,7200,1.00419412822
248023,248035,249524,12,1489,2,7200,1.00805910007
248048,248055,249540,7,1485,2,7200,1.00471380471
248097,248103,249470,6,1367,2,7200,1.00438917337
248119,248126,250448,7,2322,2,7200,1.00301464255
248193,248200,249766,7,1566,2,7200,1.00446998723
248272,248279,249743,7,1464,2,7200,1.00478142077
248287,248294,249930,7,1636,2,7200,1.00427872861
248303,248310,249823,7,1513,2,7200,1.00462656973
248319,248324,249827,5,1503,2,7200,1.00332667997
248334,248340,249891,6,1551,2,7200,1.00386847195
248393,248399,249978,6,1579,2,7200,1.00379987334
248487,248493,250032,6,1539,2,7200,1.00389863548
248533,248539,250108,6,1569,2,7200,1.00382409178
248651,248658,250204,7,1546,2,7200,1.00452781371
248700,248708,250351,8,1643,2,7200,1.00486914181
248716,248723,250235,7,1512,2,7200,1.00462962963
248738,248744,250173,6,1429,2,7200,1.00419874038
248827,248834,250408,7,1574,2,7200,1.00444726811
248828,248841,250475,13,1634,2,7200,1.00795593635
248844,248850,250359,6,1509,2,7200,1.00397614314
248878,248884,250485,6,1601,2,7200,1.00374765771
248894,248900,250506,6,1606,2,7200,1.00373599004
248919,248925,250555,6,1630,2,7200,1.0036809816
248920,248932,250495,12,1563,2,7200,1.00767754319
248951,248958,250508,7,1550,2,7200,1.00451612903
249001,249007,250615,6,1608,2,7200,1.00373134328
249050,249056,250580,6,1524,2,7200,1.00393700787
249052,249063,250689,11,1626,2,7200,1.00676506765
249083,249089,250594,6,1505,2,7200,1.00398671096
249103,249110,250620,7,1510,2,7200,1.00463576159
249119,249126,250613,7,1487,2,7200,1.00470746469
249135,249141,250618,6,1477,2,7200,1.00406228842
249187,249194,250674,7,1480,2,7200,1.00472972973
249233,249240,250798,7,1558,2,7200,1.00449293967
249286,249292,250737,6,1445,2,7200,1.00415224913
249317,249324,250889,7,1565,2,7200,1.00447284345
249345,249351,250834,6,1483,2,7200,1.004045853
249415,249422,251053,7,1631,2,7200,1.00429184549
249473,249479,251141,6,1662,2,7200,1.0036101083
249526,249533,251145,7,1612,2,7200,1.00434243176
249542,249549,250991,7,1442,2,7200,1.00485436893
249543,249556,251059,13,1503,2,7200,1.00864936793
249697,249705,251156,8,1451,2,7200,1.00551343901
249744,249751,251210,7,1459,2,7200,1.00479780672
249768,249775,251332,7,1557,2,7200,1.00449582531
249824,249830,251457,6,1627,2,7200,1.0036877689
249840,249847,251334,7,1487,2,7200,1.00470746469
249894,249900,251348,6,1448,2,7200,1.00414364641
249932,249939,251469,7,1530,2,7200,1.0045751634
249979,249985,251572,6,1587,2,7200,1.00378071834
250034,250041,251427,7,1386,2,7200,1.00505050505
250110,250117,251710,7,1593,2,7200,1.00439422473
250175,250181,251780,6,1599,2,7200,1.00375234522
250206,250212,251752,6,1540,2,7200,1.0038961039
250237,250243,251656,6,1413,2,7200,1.0042462845
250354,250360,251837,6,1477,2,7200,1.00406228842
250370,250377,251829,7,1452,2,7200,1.00482093664
250409,250416,251925,7,1509,2,7200,1.00463883366
250450,250456,252152,6,1696,2,7200,1.00353773585
250477,250484,251963,7,1479,2,7200,1.00473292765
250493,250499,252124,6,1625,2,7200,1.00369230769
250509,250515,252010,6,1495,2,7200,1.00401337793
250510,250523,252105,13,1582,2,7200,1.00821744627
250512,250528,252064,16,1536,2,7200,1.01041666667
250558,250565,252143,7,1578,2,7200,1.00443599493
250580,250586,252152,6,1566,2,7200,1.00383141762
250595,250601,252212,6,1611,2,7200,1.00372439479
250617,250623,252171,6,1548,2,7200,1.00387596899
250618,250629,252199,11,1570,2,7200,1.00700636943
250634,250640,252203,6,1563,2,7200,1.00383877159
250635,250646,252211,11,1565,2,7200,1.00702875399
250675,250682,252236,7,1554,2,7200,1.0045045045
250690,250698,252344,8,1646,2,7200,1.00486026731
250737,250744,252351,7,1607,2,7200,1.00435594275
250799,250806,252478,7,1672,2,7200,1.00418660287
250835,250842,252449,7,1607,2,7200,1.00435594275
250890,250898,252359,8,1461,2,7200,1.00547570157
250994,251000,252567,6,1567,2,7200,1.00382897256
251055,251062,252701,7,1639,2,7200,1.00427089689
251071,251077,252583,6,1506,2,7200,1.00398406375
251144,251151,252756,7,1605,2,7200,1.00436137072
251146,251158,252724,12,1566,2,7200,1.00766283525
251162,251170,252713,8,1543,2,7200,1.00518470512
251208,251215,252740,7,1525,2,7200,1.00459016393
251333,251340,252812,7,1472,2,7200,1.00475543478
251349,251356,252992,7,1636,2,7200,1.00427872861
251351,251363,252899,12,1536,2,7200,1.0078125
251430,251437,253146,7,1709,2,7200,1.00409596255
251458,251465,252992,7,1527,2,7200,1.00458415193
251473,251479,252969,6,1490,2,7200,1.00402684564
251574,251580,253124,6,1544,2,7200,1.00388601036
251656,251662,253056,6,1394,2,7200,1.00430416069
251711,251718,253184,7,1466,2,7200,1.00477489768
251755,251762,253323,7,1561,2,7200,1.00448430493
251782,251788,253260,6,1472,2,7200,1.00407608696
251831,251837,253382,6,1545,2,7200,1.00388349515
251847,251853,253481,6,1628,2,7200,1.00368550369
251929,251936,253475,7,1539,2,7200,1.00454840806
251965,251972,253494,7,1522,2,7200,1.00459921156
252012,252018,253438,6,1420,2,7200,1.00422535211
252067,252074,253516,7,1442,2,7200,1.00485436893
252107,252114,253689,7,1575,2,7200,1.00444444444
252125,252132,253782,7,1650,2,7200,1.00424242424
252144,252150,253689,6,1539,2,7200,1.00389863548
252159,252165,253568,6,1403,2,7200,1.00427655025
252161,252171,253676,10,1505,2,7200,1.00664451827
252176,252182,253681,6,1499,2,7200,1.00400266845
252201,252208,253797,7,1589,2,7200,1.00440528634
252216,252223,253735,7,1512,2,7200,1.00462962963
252218,252230,253752,12,1522,2,7200,1.00788436268
252219,252235,253714,16,1479,2,7200,1.01081812035
252238,252244,253755,6,1511,2,7200,1.00397088021
252348,252354,253942,6,1588,2,7200,1.00377833753
252363,252369,253932,6,1563,2,7200,1.00383877159
252365,252376,253949,11,1573,2,7200,1.00699300699
252450,252456,254108,6,1652,2,7200,1.00363196126
252481,252487,253932,6,1445,2,7200,1.00415224913
252569,252576,254088,7,1512,2,7200,1.00462962963
252585,252592,253971,7,1379,2,7200,1.00507614213
252701,252708,254224,7,1516,2,7200,1.00461741425
252717,252723,254173,6,1450,2,7200,1.00413793103
252732,252738,254193,6,1455,2,7200,1.00412371134
252747,252754,254178,7,1424,2,7200,1.00491573034
252763,252769,254354,6,1585,2,7200,1.00378548896
252814,252821,254335,7,1514,2,7200,1.00462351387
252900,252907,254462,7,1555,2,7200,1.00450160772
252971,252978,254534,7,1556,2,7200,1.00449871465
252992,252998,254576,6,1578,2,7200,1.00380228137
252994,253006,254483,12,1477,2,7200,1.00812457684
253058,253066,254662,8,1596,2,7200,1.00501253133
253126,253132,254588,6,1456,2,7200,1.00412087912
253147,253153,254616,6,1463,2,7200,1.004101162
253184,253192,255332,8,2140,2,7200,1.00373831776
253264,253270,254763,6,1493,2,7200,1.00401875419
253326,253332,254909,6,1577,2,7200,1.00380469245
253384,253391,254927,7,1536,2,7200,1.00455729167
253439,253447,254977,8,1530,2,7200,1.00522875817
253477,253484,255061,7,1577,2,7200,1.00443880786
253492,253498,254978,6,1480,2,7200,1.00405405405
253508,253514,255122,6,1608,2,7200,1.00373134328
253523,253529,255153,6,1624,2,7200,1.00369458128
253569,253575,255262,6,1687,2,7200,1.00355660937
253621,253819,301984,198,48165,4,144000,1.00411086889
253626,254191,301925,565,47734,4,144000,1.01183642687
253679,253685,255173,6,1488,2,7200,1.00403225806
253695,253706,255327,11,1621,2,7200,1.00678593461
253696,253711,255325,15,1614,2,7200,1.0092936803
253703,253717,255095,14,1378,2,7200,1.01015965167
253718,253725,255289,7,1564,2,7200,1.00447570332
253737,253744,255463,7,1719,2,7200,1.00407213496
253755,253762,255334,7,1572,2,7200,1.00445292621
253757,253769,255333,12,1564,2,7200,1.00767263427
253761,253985,294895,224,40910,1,86400,1.00547543388
253785,253792,255229,7,1437,2,7200,1.00487125957
253800,253807,255402,7,1595,2,7200,1.00438871473
253934,253940,255438,6,1498,2,7200,1.00400534045
253935,253947,255363,12,1416,2,7200,1.00847457627
253951,253957,255388,6,1431,2,7200,1.00419287212
253953,253963,255604,10,1641,2,7200,1.00609384522
253971,253978,255466,7,1488,2,7200,1.00470430108
254090,254096,255640,6,1544,2,7200,1.00388601036
254109,254115,255760,6,1645,2,7200,1.00364741641
254173,254179,255758,6,1579,2,7200,1.00379987334
254188,254198,255651,10,1453,2,7200,1.00688231246
254204,254211,255712,7,1501,2,7200,1.00466355763
254227,254233,255670,6,1437,2,7200,1.00417536534
254337,254343,255788,6,1445,2,7200,1.00415224913
254355,254363,255893,8,1530,2,7200,1.00522875817
254465,254472,256012,7,1540,2,7200,1.00454545455
254484,254490,256061,6,1571,2,7200,1.00381922342
254536,254543,256177,7,1634,2,7200,1.00428396573
254579,254585,256292,6,1707,2,7200,1.00351493849
254594,254602,256156,8,1554,2,7200,1.00514800515
254616,254622,256109,6,1487,2,7200,1.00403496974
254662,254669,256096,7,1427,2,7200,1.00490539594
254766,254773,256253,7,1480,2,7200,1.00472972973
254906,254912,256415,6,1503,2,7200,1.00399201597
254928,254935,256778,7,1843,2,7200,1.00379815518
254980,254986,256495,6,1509,2,7200,1.00397614314
254981,254993,256533,12,1540,2,7200,1.00779220779
255064,255070,256574,6,1504,2,7200,1.0039893617
255097,255104,256512,7,1408,2,7200,1.00497159091
255125,255131,256824,6,1693,2,7200,1.00354400473
255156,255162,256708,6,1546,2,7200,1.00388098318
255174,255180,256881,6,1701,2,7200,1.00352733686
255232,255238,256722,6,1484,2,7200,1.00404312668
255263,255269,256744,6,1475,2,7200,1.00406779661
255290,255297,256886,7,1589,2,7200,1.00440528634
255328,255334,256844,6,1510,2,7200,1.00397350993
255329,255340,256922,11,1582,2,7200,1.00695322377
255345,255352,256886,7,1534,2,7200,1.00456323338
255346,255358,256808,12,1450,2,7200,1.00827586207
255348,255363,256990,15,1627,2,7200,1.00921942225
255363,255369,256897,6,1528,2,7200,1.00392670157
255391,255398,257016,7,1618,2,7200,1.0043263288
255406,255414,256841,8,1427,2,7200,1.00560616678
255440,255446,257008,6,1562,2,7200,1.00384122919
255465,255471,256943,6,1472,2,7200,1.00407608696
255480,255487,257087,7,1600,2,7200,1.004375
255578,256898,257954,1320,1056,4,144000,2.25
255606,255613,257279,7,1666,2,7200,1.00420168067
255639,255647,257276,8,1629,2,7200,1.00491098834
255655,255662,257151,7,1489,2,7200,1.00470114171
255670,255678,257082,8,1404,2,7200,1.0056980057
255713,255720,257328,7,1608,2,7200,1.00435323383
255760,255767,257261,7,1494,2,7200,1.0046854083
255775,255781,257285,6,1504,2,7200,1.0039893617
255791,255797,257223,6,1426,2,7200,1.00420757363
255818,265869,266776,10051,907,4,21600,12.0815876516
255824,266788,267549,10964,761,4,21600,15.4073587385
255894,255900,257530,6,1630,2,7200,1.0036809816
256013,256020,257484,7,1464,2,7200,1.00478142077
256063,256070,257562,7,1492,2,7200,1.00469168901
256097,256104,257630,7,1526,2,7200,1.00458715596
256112,256118,257610,6,1492,2,7200,1.00402144772
256158,256165,257637,7,1472,2,7200,1.00475543478
256181,256188,257700,7,1512,2,7200,1.00462962963
256254,256262,257745,8,1483,2,7200,1.00539447067
256294,256301,257881,7,1580,2,7200,1.00443037975
256416,256423,258064,7,1641,2,7200,1.00426569165
256496,256502,258007,6,1505,2,7200,1.00398671096
256515,256521,258011,6,1490,2,7200,1.00402684564
256536,256542,258181,6,1639,2,7200,1.00366076876
256576,256583,258056,7,1473,2,7200,1.00475220638
256710,256717,258318,7,1601,2,7200,1.00437226733
256725,256731,258201,6,1470,2,7200,1.00408163265
256747,256754,258249,7,1495,2,7200,1.00468227425
256778,256795,256796,17,1,2,3540,1.8
256781,256788,258278,7,1490,2,7200,1.00469798658
256809,256816,258680,7,1864,2,7200,1.00375536481
256827,256833,258398,6,1565,2,7200,1.00383386581
256843,256850,258326,7,1476,2,7200,1.00474254743
256858,256864,258497,6,1633,2,7200,1.00367421923
256883,256890,258487,7,1597,2,7200,1.00438321853
256898,256905,258454,7,1549,2,7200,1.00451904454
256900,256914,258552,14,1638,2,7200,1.00854700855
256901,256919,258432,18,1513,2,7200,1.01189689359
256923,256933,258437,10,1504,2,7200,1.00664893617
256945,256951,258538,6,1587,2,7200,1.00378071834
256991,256997,258398,6,1401,2,7200,1.00428265525
257009,257016,258529,7,1513,2,7200,1.00462656973
257025,257031,258601,6,1570,2,7200,1.00382165605
257083,257089,259120,6,2031,2,7200,1.00295420975
257098,257106,258608,8,1502,2,7200,1.00532623169
257154,257160,258595,6,1435,2,7200,1.00418118467
257195,258448,387266,1253,128818,36,180000,1.00972690152
257224,257232,258687,8,1455,2,7200,1.00549828179
257261,257269,258652,8,1383,2,7200,1.00578452639
257277,257284,258871,7,1587,2,7200,1.00441083806
257293,257299,258679,6,1380,2,7200,1.00434782609
257294,257306,258915,12,1609,2,7200,1.00745804848
257331,257337,258974,6,1637,2,7200,1.0036652413
257487,257494,258986,7,1492,2,7200,1.00469168901
257533,257539,259018,6,1479,2,7200,1.00405679513
257563,257570,259182,7,1612,2,7200,1.00434243176
257612,257623,259202,11,1579,2,7200,1.00696643445
257631,257637,259154,6,1517,2,7200,1.00395517469
257646,257652,259207,6,1555,2,7200,1.0038585209
257701,257708,259267,7,1559,2,7200,1.00449005773
257748,257755,259230,7,1475,2,7200,1.00474576271
257882,257889,259490,7,1601,2,7200,1.00437226733
258008,258014,259571,6,1557,2,7200,1.00385356455
258024,258030,259587,6,1557,2,7200,1.00385356455
258058,258064,259631,6,1567,2,7200,1.00382897256
258073,258080,259667,7,1587,2,7200,1.00441083806
258183,258189,259703,6,1514,2,7200,1.00396301189
258204,258210,259766,6,1556,2,7200,1.00385604113
258250,258256,259704,6,1448,2,7200,1.00414364641
258281,258287,259826,6,1539,2,7200,1.00389863548
258321,258328,260252,7,1924,2,7200,1.00363825364
258336,258343,259773,7,1430,2,7200,1.0048951049
258397,258403,259730,6,1327,2,7200,1.00452147702
258399,258410,260049,11,1639,2,7200,1.0067114094
258433,258440,260072,7,1632,2,7200,1.00428921569
258448,258454,260022,6,1568,2,7200,1.00382653061
258464,258470,259988,6,1518,2,7200,1.00395256917
258488,258496,259941,8,1445,2,7200,1.00553633218
258504,258511,260091,7,1580,2,7200,1.00443037975
258529,258535,260390,6,1855,2,7200,1.00323450135
258545,258552,260103,7,1551,2,7200,1.00451321728
258560,258567,260000,7,1433,2,7200,1.00488485694
258597,258603,260263,6,1660,2,7200,1.00361445783
258612,258619,260180,7,1561,2,7200,1.00448430493
258614,258626,260060,12,1434,2,7200,1.00836820084
258654,258661,260105,7,1444,2,7200,1.00484764543
258682,258688,260325,6,1637,2,7200,1.0036652413
258683,258695,260245,12,1550,2,7200,1.00774193548
258700,258706,260248,6,1542,2,7200,1.00389105058
258870,258876,260425,6,1549,2,7200,1.00387346675
258917,258924,260406,7,1482,2,7200,1.00472334683
258975,258982,260487,7,1505,2,7200,1.00465116279
258991,258998,260622,7,1624,2,7200,1.00431034483
259021,259027,260521,6,1494,2,7200,1.00401606426
259122,259128,260657,6,1529,2,7200,1.00392413342
259155,259161,260652,6,1491,2,7200,1.00402414487
259183,259190,260692,7,1502,2,7200,1.00466045273
259205,259211,260676,6,1465,2,7200,1.00409556314
259207,259219,260750,12,1531,2,7200,1.00783801437
259232,259238,260839,6,1601,2,7200,1.00374765771
259268,259275,260841,7,1566,2,7200,1.00446998723
259488,259496,261154,8,1658,2,7200,1.00482509047
259574,259581,261037,7,1456,2,7200,1.00480769231
259590,259596,261018,6,1422,2,7200,1.00421940928
259632,259639,261135,7,1496,2,7200,1.00467914439
259669,259676,261195,7,1519,2,7200,1.00460829493
259703,259709,261353,6,1644,2,7200,1.00364963504
259704,259716,261196,12,1480,2,7200,1.00810810811
259732,259739,261361,7,1622,2,7200,1.00431565968
259769,259775,261168,6,1393,2,7200,1.00430725054
259784,259791,261317,7,1526,2,7200,1.00458715596
259827,259834,261385,7,1551,2,7200,1.00451321728
259944,259950,261475,6,1525,2,7200,1.00393442623
259990,259996,261688,6,1692,2,7200,1.00354609929
260005,260011,261516,6,1505,2,7200,1.00398671096
260024,260031,261607,7,1576,2,7200,1.00444162437
260052,260059,261593,7,1534,2,7200,1.00456323338
260068,260074,261629,6,1555,2,7200,1.0038585209
260083,260090,261602,7,1512,2,7200,1.00462962963
260099,260106,261710,7,1604,2,7200,1.00436408978
260114,260120,261719,6,1599,2,7200,1.00375234522
260116,260126,261664,10,1538,2,7200,1.00650195059
260180,260186,261850,6,1664,2,7200,1.00360576923
260247,260254,261762,7,1508,2,7200,1.00464190981
260249,260260,261667,11,1407,2,7200,1.00781805259
260265,260272,261820,7,1548,2,7200,1.00452196382
260266,260278,261736,12,1458,2,7200,1.00823045267
260327,260334,261868,7,1534,2,7200,1.00456323338
260391,260398,261968,7,1570,2,7200,1.00445859873
260407,260413,261804,6,1391,2,7200,1.00431344357
260425,260431,262008,6,1577,2,7200,1.00380469245
260490,260496,262023,6,1527,2,7200,1.00392927308
260523,260530,261932,7,1402,2,7200,1.00499286733
260624,260630,262115,6,1485,2,7200,1.00404040404
260654,260662,262204,8,1542,2,7200,1.00518806744
260670,260676,262224,6,1548,2,7200,1.00387596899
260685,260692,262087,7,1395,2,7200,1.00501792115
260700,260707,262250,7,1543,2,7200,1.00453661698
260752,260759,262444,7,1685,2,7200,1.00415430267
260841,260848,262448,7,1600,2,7200,1.004375
260856,260862,262400,6,1538,2,7200,1.00390117035
261021,261028,262706,7,1678,2,7200,1.0041716329
261039,261046,262656,7,1610,2,7200,1.00434782609
261137,261145,262590,8,1445,2,7200,1.00553633218
261156,261163,262619,7,1456,2,7200,1.00480769231
261171,261177,262703,6,1526,2,7200,1.00393184797
261196,261202,262762,6,1560,2,7200,1.00384615385
261197,261209,262687,12,1478,2,7200,1.00811907984
261319,261325,262845,6,1520,2,7200,1.00394736842
261356,261363,262822,7,1459,2,7200,1.00479780672
261371,261377,262843,6,1466,2,7200,1.00409276944
261387,261394,262818,7,1424,2,7200,1.00491573034
261475,261481,263040,6,1559,2,7200,1.00384862091
261518,261524,262908,6,1384,2,7200,1.00433526012
261594,261601,263034,7,1433,2,7200,1.00488485694
261610,261616,263045,6,1429,2,7200,1.00419874038
261611,261623,263137,12,1514,2,7200,1.00792602378
261630,261637,263130,7,1493,2,7200,1.00468854655
261665,261671,263052,6,1381,2,7200,1.00434467777
261681,261687,263137,6,1450,2,7200,1.00413793103
261696,261702,263341,6,1639,2,7200,1.00366076876
261712,261719,263341,7,1622,2,7200,1.00431565968
261727,261733,263199,6,1466,2,7200,1.00409276944
261742,261749,263292,7,1543,2,7200,1.00453661698
261764,261771,263552,7,1781,2,7200,1.00393037619
261806,261813,263476,7,1663,2,7200,1.00420926037
261822,261829,263487,7,1658,2,7200,1.00422195416
261852,261859,263322,7,1463,2,7200,1.004784689
261871,261877,263437,6,1560,2,7200,1.00384615385
261932,261939,263393,7,1454,2,7200,1.00481430536
261969,261976,263448,7,1472,2,7200,1.00475543478
262009,262015,263516,6,1501,2,7200,1.00399733511
262024,262030,263472,6,1442,2,7200,1.00416088766
262089,262095,263618,6,1523,2,7200,1.00393959291
262116,262123,263549,7,1426,2,7200,1.0049088359
262205,262211,263795,6,1584,2,7200,1.00378787879
262227,262234,263590,7,1356,2,7200,1.00516224189
262252,262259,263720,7,1461,2,7200,1.00479123888
262401,262407,263918,6,1511,2,7200,1.00397088021
262448,262455,263976,7,1521,2,7200,1.00460223537
262463,262470,263934,7,1464,2,7200,1.00478142077
262591,262597,264171,6,1574,2,7200,1.00381194409
262619,262625,264021,6,1396,2,7200,1.00429799427
262659,262666,264179,7,1513,2,7200,1.00462656973
262690,262697,264066,7,1369,2,7200,1.00511322133
262705,262711,264282,6,1571,2,7200,1.00381922342
262721,262727,264082,6,1355,2,7200,1.00442804428
262766,262772,264292,6,1520,2,7200,1.00394736842
262821,262828,264376,7,1548,2,7200,1.00452196382
262837,262844,264449,7,1605,2,7200,1.00436137072
262853,262859,264402,6,1543,2,7200,1.00388852884
262854,262866,264496,12,1630,2,7200,1.00736196319
262909,262915,264354,6,1439,2,7200,1.0041695622
263037,263044,264556,7,1512,2,7200,1.00462962963
263053,263059,264656,6,1597,2,7200,1.00375704446
263054,263065,264503,11,1438,2,7200,1.00764951321
263056,263071,264567,15,1496,2,7200,1.01002673797
263132,263138,264731,6,1593,2,7200,1.00376647834
263148,263155,264547,7,1392,2,7200,1.00502873563
263149,263161,264790,12,1629,2,7200,1.0073664825
263201,263208,264729,7,1521,2,7200,1.00460223537
263293,263300,264848,7,1548,2,7200,1.00452196382
263323,263329,264762,6,1433,2,7200,1.00418702024
263342,263348,264970,6,1622,2,7200,1.00369913687
263343,263355,264964,12,1609,2,7200,1.00745804848
263395,263402,264903,7,1501,2,7200,1.00466355763
263438,263444,264894,6,1450,2,7200,1.00413793103
263454,263460,264955,6,1495,2,7200,1.00401337793
263475,263482,265152,7,1670,2,7200,1.00419161677
263477,263488,265009,11,1521,2,7200,1.00723208416
263493,263499,264796,6,1297,2,7200,1.00462606014
263517,263524,265023,7,1499,2,7200,1.00466977985
263551,263558,265182,7,1624,2,7200,1.00431034483
263566,263572,265053,6,1481,2,7200,1.00405131668
263591,263598,265063,7,1465,2,7200,1.004778157
263622,263629,265071,7,1442,2,7200,1.00485436893
263722,263728,265304,6,1576,2,7200,1.0038071066
263798,263804,265324,6,1520,2,7200,1.00394736842
263920,263927,265526,7,1599,2,7200,1.00437773609
263936,263943,265581,7,1638,2,7200,1.00427350427
263976,263982,265576,6,1594,2,7200,1.00376411543
264022,264029,265543,7,1514,2,7200,1.00462351387
264068,264075,265631,7,1556,2,7200,1.00449871465
264083,264090,265698,7,1608,2,7200,1.00435323383
264172,264179,265720,7,1541,2,7200,1.00454250487
264187,264194,265731,7,1537,2,7200,1.00455432661
264282,264289,265780,7,1491,2,7200,1.00469483568
264297,264303,265712,6,1409,2,7200,1.00425833925
264356,264362,266008,6,1646,2,7200,1.00364520049
264377,264384,265878,7,1494,2,7200,1.0046854083
264405,264412,266033,7,1621,2,7200,1.00431832202
264451,264458,265924,7,1466,2,7200,1.00477489768
264497,264504,266101,7,1597,2,7200,1.00438321853
264512,264519,266109,7,1590,2,7200,1.00440251572
264549,264556,266033,7,1477,2,7200,1.00473933649
264565,264572,266157,7,1585,2,7200,1.00441640379
264580,264587,266111,7,1524,2,7200,1.00459317585
264659,264665,266292,6,1627,2,7200,1.0036877689
264730,264737,266324,7,1587,2,7200,1.00441083806
264746,264752,266398,6,1646,2,7200,1.00364520049
264764,264771,266168,7,1397,2,7200,1.00501073729
264792,264798,266358,6,1560,2,7200,1.00384615385
264807,264813,266402,6,1589,2,7200,1.00377595972
264850,264857,266306,7,1449,2,7200,1.00483091787
264896,264902,266385,6,1483,2,7200,1.004045853
264911,264919,266314,8,1395,2,7200,1.00573476703
264958,264964,266432,6,1468,2,7200,1.00408719346
264973,264979,266386,6,1407,2,7200,1.00426439232
264975,264987,266556,12,1569,2,7200,1.00764818356
265009,265015,266630,6,1615,2,7200,1.00371517028
265025,265032,266547,7,1515,2,7200,1.00462046205
265056,265063,266558,7,1495,2,7200,1.00468227425
265071,265079,266559,8,1480,2,7200,1.00540540541
265073,265085,266532,12,1447,2,7200,1.00829302004
265153,265159,266703,6,1544,2,7200,1.00388601036
265184,265190,266737,6,1547,2,7200,1.00387847447
265306,265313,266689,7,1376,2,7200,1.0050872093
265324,265330,266928,6,1598,2,7200,1.00375469337
265527,265533,267144,6,1611,2,7200,1.00372439479
265545,265552,267155,7,1603,2,7200,1.00436681223
265576,265584,266985,8,1401,2,7200,1.005710207
265592,265599,267139,7,1540,2,7200,1.00454545455
265632,265638,267228,6,1590,2,7200,1.00377358491
265699,265705,267365,6,1660,2,7200,1.00361445783
265714,265721,267187,7,1466,2,7200,1.00477489768
265730,265737,267280,7,1543,2,7200,1.00453661698
265745,265752,267339,7,1587,2,7200,1.00441083806
265782,265788,267382,6,1594,2,7200,1.00376411543
265880,265887,267331,7,1444,2,7200,1.00484764543
265927,265933,267488,6,1555,2,7200,1.0038585209
266009,266015,267506,6,1491,2,7200,1.00402414487
266034,266040,267570,6,1530,2,7200,1.00392156863
266035,266047,267389,12,1342,2,7200,1.00894187779
266102,266109,267716,7,1607,2,7200,1.00435594275
266118,266125,267726,7,1601,2,7200,1.00437226733
266119,266130,267782,11,1652,2,7200,1.00665859564
266160,266167,267666,7,1499,2,7200,1.00466977985
266175,266182,267728,7,1546,2,7200,1.00452781371
266294,266300,267925,6,1625,2,7200,1.00369230769
266310,266316,267773,6,1457,2,7200,1.00411805079
266325,266332,267957,7,1625,2,7200,1.00430769231
266327,266339,267913,12,1574,2,7200,1.00762388818
266361,266368,267929,7,1561,2,7200,1.00448430493
266389,266395,267911,6,1516,2,7200,1.00395778364
266390,266402,267805,12,1403,2,7200,1.0085531005
266406,266413,267866,7,1453,2,7200,1.00481761872
266407,266420,267735,13,1315,2,7200,1.00988593156
266435,266442,268069,7,1627,2,7200,1.00430239705
266533,266541,268072,8,1531,2,7200,1.00522534291
266549,266556,268142,7,1586,2,7200,1.00441361917
266565,266572,268252,7,1680,2,7200,1.00416666667
266567,266579,268490,12,1911,2,7200,1.00627943485
266568,266584,268139,16,1555,2,7200,1.01028938907
266633,266640,268351,7,1711,2,7200,1.00409117475
266691,266697,268162,6,1465,2,7200,1.00409556314
266706,266713,268285,7,1572,2,7200,1.00445292621
266738,266745,268326,7,1581,2,7200,1.00442757748
266930,266936,268495,6,1559,2,7200,1.00384862091
266985,266993,268493,8,1500,2,7200,1.00533333333
267140,267147,268706,7,1559,2,7200,1.00449005773
267156,267163,268772,7,1609,2,7200,1.00435052828
267157,267169,268597,12,1428,2,7200,1.00840336134
267188,267194,268728,6,1534,2,7200,1.00391134289
267231,267237,268848,6,1611,2,7200,1.00372439479
267283,267289,268826,6,1537,2,7200,1.00390370852
267332,267338,269028,6,1690,2,7200,1.00355029586
267347,267354,268934,7,1580,2,7200,1.00443037975
267366,267373,268958,7,1585,2,7200,1.00441640379
267385,267391,268964,6,1573,2,7200,1.00381436745
267400,267406,268997,6,1591,2,7200,1.00377121307
267484,267491,269117,7,1626,2,7200,1.00430504305
267509,267515,268999,6,1484,2,7200,1.00404312668
267573,267580,269355,7,1775,2,7200,1.00394366197
267668,267675,269182,7,1507,2,7200,1.00464499005
267717,267724,269280,7,1556,2,7200,1.00449871465
267733,267740,269313,7,1573,2,7200,1.00445009536
267735,267747,269395,12,1648,2,7200,1.0072815534
267750,267757,269309,7,1552,2,7200,1.00451030928
267776,267782,269331,6,1549,2,7200,1.00387346675
267791,267797,269267,6,1470,2,7200,1.00408163265
267806,267812,269160,6,1348,2,7200,1.00445103858
267867,267874,269310,7,1436,2,7200,1.00487465181
267914,267920,269478,6,1558,2,7200,1.00385109114
267915,267927,269547,12,1620,2,7200,1.00740740741
267931,267937,269372,6,1435,2,7200,1.00418118467
267933,267944,269641,11,1697,2,7200,1.00648202711
267958,267964,269488,6,1524,2,7200,1.00393700787
268071,268079,269561,8,1482,2,7200,1.00539811066
268073,268086,269664,13,1578,2,7200,1.0082382763
268141,268148,269674,7,1526,2,7200,1.00458715596
268156,268163,269714,7,1551,2,7200,1.00451321728
268172,268179,269866,7,1687,2,7200,1.00414937759
268255,268262,269844,7,1582,2,7200,1.00442477876
268286,268293,269931,7,1638,2,7200,1.00427350427
268329,268336,269843,7,1507,2,7200,1.00464499005
268351,268358,269913,7,1555,2,7200,1.00450160772
268492,268499,270132,7,1633,2,7200,1.0042865891
268507,268513,270062,6,1549,2,7200,1.00387346675
268509,268520,270122,11,1602,2,7200,1.00686641698
268528,268611,268787,83,176,1,3600,1.47159090909
268598,268604,270121,6,1517,2,7200,1.00395517469
268708,268715,270267,7,1552,2,7200,1.00451030928
268727,268734,270229,7,1495,2,7200,1.00468227425
268777,268783,270161,6,1378,2,7200,1.00435413643
268829,268836,270361,7,1525,2,7200,1.00459016393
268851,268857,270320,6,1463,2,7200,1.004101162
268937,268943,270598,6,1655,2,7200,1.00362537764
268959,268965,270587,6,1622,2,7200,1.00369913687
268962,269196,269552,234,356,1,3600,1.65730337079
268975,268982,270528,7,1546,2,7200,1.00452781371
268999,269006,270403,7,1397,2,7200,1.00501073729
269001,269012,270501,11,1489,2,7200,1.00738750839
269029,269036,270626,7,1590,2,7200,1.00440251572
269118,269124,270570,6,1446,2,7200,1.00414937759
269161,269167,270715,6,1548,2,7200,1.00387596899
269182,269189,270823,7,1634,2,7200,1.00428396573
269268,269275,270710,7,1435,2,7200,1.00487804878
269284,269291,270906,7,1615,2,7200,1.00433436533
269313,269319,270813,6,1494,2,7200,1.00401606426
269314,269326,270906,12,1580,2,7200,1.00759493671
269316,269331,270946,15,1615,2,7200,1.0092879257
269332,269339,270926,7,1587,2,7200,1.00441083806
269357,269363,270967,6,1604,2,7200,1.00374064838
269375,269381,270948,6,1567,2,7200,1.00382897256
269397,269403,271029,6,1626,2,7200,1.0036900369
269480,269486,271027,6,1541,2,7200,1.0038935756
269496,269502,271069,6,1567,2,7200,1.00382897256
269542,269548,271178,6,1630,2,7200,1.0036809816
269564,269570,271065,6,1495,2,7200,1.00401337793
269644,269651,271118,7,1467,2,7200,1.00477164281
269665,269671,271157,6,1486,2,7200,1.00403768506
269680,269687,271164,7,1477,2,7200,1.00473933649
269715,269722,271235,7,1513,2,7200,1.00462656973
269846,269853,271445,7,1592,2,7200,1.00439698492
269848,269860,271343,12,1483,2,7200,1.008091706
269867,269874,271401,7,1527,2,7200,1.00458415193
269913,269919,271367,6,1448,2,7200,1.00414364641
269914,269949,270794,35,845,1,3600,1.04142011834
269935,269942,271467,7,1525,2,7200,1.00459016393
270066,270073,271648,7,1575,2,7200,1.00444444444
270122,270129,271552,7,1423,2,7200,1.00491918482
270123,270136,271690,13,1554,2,7200,1.00836550837
270139,270146,271735,7,1589,2,7200,1.00440528634
270164,270171,271789,7,1618,2,7200,1.0043263288
270232,270238,271700,6,1462,2,7200,1.00410396717
270269,270276,271905,7,1629,2,7200,1.00429711479
270322,270329,272008,7,1679,2,7200,1.0041691483
270362,270368,271975,6,1607,2,7200,1.00373366521
270404,270411,271919,7,1508,2,7200,1.00464190981
270502,270509,272149,7,1640,2,7200,1.00426829268
270530,270536,272112,6,1576,2,7200,1.0038071066
270570,270576,272254,6,1678,2,7200,1.00357568534
270591,270598,272073,7,1475,2,7200,1.00474576271
270607,270614,272152,7,1538,2,7200,1.00455136541
270628,270635,272162,7,1527,2,7200,1.00458415193
270711,270717,272221,6,1504,2,7200,1.0039893617
270726,270733,272184,7,1451,2,7200,1.00482425913
270815,270821,272439,6,1618,2,7200,1.00370828183
270830,270837,272453,7,1616,2,7200,1.00433168317
270908,270915,272437,7,1522,2,7200,1.00459921156
270909,270922,272393,13,1471,2,7200,1.00883752549
270928,270934,272474,6,1540,2,7200,1.0038961039
270946,270953,272578,7,1625,2,7200,1.00430769231
270962,270968,272803,6,1835,2,7200,1.00326975477
270978,270984,272514,6,1530,2,7200,1.00392156863
271028,271035,272557,7,1522,2,7200,1.00459921156
271043,271049,272512,6,1463,2,7200,1.004101162
271065,271071,272477,6,1406,2,7200,1.00426742532
271081,271087,272654,6,1567,2,7200,1.00382897256
271118,271124,272656,6,1532,2,7200,1.00391644909
271158,271164,272862,6,1698,2,7200,1.0035335689
271174,271180,272798,6,1618,2,7200,1.00370828183
271189,271195,272743,6,1548,2,7200,1.00387596899
271238,271246,272739,8,1493,2,7200,1.00535833891
271346,271354,272785,8,1431,2,7200,1.00559049616
271369,271376,272746,7,1370,2,7200,1.00510948905
271404,271410,272999,6,1589,2,7200,1.00377595972
271447,271453,273026,6,1573,2,7200,1.00381436745
271469,271475,272966,6,1491,2,7200,1.00402414487
271555,271562,273108,7,1546,2,7200,1.00452781371
271649,271655,273355,6,1700,2,7200,1.00352941176
271692,271698,273222,6,1524,2,7200,1.00393700787
271708,271714,273361,6,1647,2,7200,1.00364298725
271737,271743,273205,6,1462,2,7200,1.00410396717
271792,271798,273320,6,1522,2,7200,1.00394218134
271905,271913,273302,8,1389,2,7200,1.00575953924
271921,271927,273328,6,1401,2,7200,1.00428265525
271978,271986,273569,8,1583,2,7200,1.00505369551
272009,272016,273518,7,1502,2,7200,1.00466045273
272026,272032,272150,6,118,1,3600,1.05084745763
272066,272073,272238,7,165,1,3600,1.04242424242
272074,272080,273633,6,1553,2,7200,1.00386349002
272114,272121,273614,7,1493,2,7200,1.00468854655
272151,272160,273633,9,1473,2,7200,1.00610997963
272167,272173,273835,6,1662,2,7200,1.0036101083
272168,272179,273719,11,1540,2,7200,1.00714285714
272187,272194,273831,7,1637,2,7200,1.00427611484
272224,272230,273724,6,1494,2,7200,1.00401606426
272255,272261,273779,6,1518,2,7200,1.00395256917
272330,272336,272669,6,333,1,3600,1.01801801802
272394,272400,273993,6,1593,2,7200,1.00376647834
272419,272425,272788,6,363,1,3600,1.01652892562
272437,272443,273949,6,1506,2,7200,1.00398406375
272453,272460,273848,7,1388,2,7200,1.00504322767
272454,272467,273974,13,1507,2,7200,1.00862641009
272476,272482,273908,6,1426,2,7200,1.00420757363
272492,272498,274069,6,1571,2,7200,1.00381922342
272513,272520,274228,7,1708,2,7200,1.00409836066
272515,272526,274060,11,1534,2,7200,1.00717079531
272558,272564,274137,6,1573,2,7200,1.00381436745
272580,272586,274132,6,1546,2,7200,1.00388098318
272656,272662,274225,6,1563,2,7200,1.00383877159
272672,272678,274137,6,1459,2,7200,1.00411240576
272739,272746,274404,7,1658,2,7200,1.00422195416
272741,272753,274198,12,1445,2,7200,1.00830449827
272756,272764,274401,8,1637,2,7200,1.00488698839
272787,272793,274338,6,1545,2,7200,1.00388349515
272803,272809,274221,6,1412,2,7200,1.00424929178
272818,272824,274376,6,1552,2,7200,1.00386597938
272864,272870,274752,6,1882,2,7200,1.00318809777
272968,272975,274397,7,1422,2,7200,1.00492264416
273004,273011,274515,7,1504,2,7200,1.00465425532
273028,273036,274597,8,1561,2,7200,1.00512491992
273111,273117,274644,6,1527,2,7200,1.00392927308
273130,273137,273919,7,782,1,3600,1.00895140665
273132,273237,273843,105,606,1,3600,1.17326732673
273205,273213,274862,8,1649,2,7200,1.00485142511
273224,273230,274843,6,1613,2,7200,1.00371977681
273303,273311,274933,8,1622,2,7200,1.00493218249
273322,273328,275009,6,1681,2,7200,1.00356930399
273338,273345,274911,7,1566,2,7200,1.00446998723
273357,273363,274951,6,1588,2,7200,1.00377833753
273372,273378,274901,6,1523,2,7200,1.00393959291
273521,273532,274969,11,1437,2,7200,1.00765483646
273567,273574,275153,7,1579,2,7200,1.00443318556
273617,273624,275103,7,1479,2,7200,1.00473292765
273636,273642,275225,6,1583,2,7200,1.00379027164
273637,273648,275211,11,1563,2,7200,1.00703774792
273720,273727,275157,7,1430,2,7200,1.0048951049
273736,273742,275190,6,1448,2,7200,1.00414364641
273779,273786,275111,7,1325,2,7200,1.00528301887
273831,273838,275467,7,1629,2,7200,1.00429711479
273847,273854,275536,7,1682,2,7200,1.00416171225
273862,273868,275433,6,1565,2,7200,1.00383386581
273911,273919,275695,8,1776,2,7200,1.0045045045
273952,273959,275481,7,1522,2,7200,1.00459921156
273976,273984,275505,8,1521,2,7200,1.00525969757
273995,274002,275484,7,1482,2,7200,1.00472334683
274062,274069,275727,7,1658,2,7200,1.00422195416
274077,274085,275631,8,1546,2,7200,1.00517464424
274134,274140,275749,6,1609,2,7200,1.00372902424
274149,274156,275774,7,1618,2,7200,1.0043263288
274151,274163,275788,12,1625,2,7200,1.00738461538
274200,274206,275742,6,1536,2,7200,1.00390625
274222,274228,275810,6,1582,2,7200,1.00379266751
274237,274243,275697,6,1454,2,7200,1.00412654746
274238,274249,275803,11,1554,2,7200,1.00707850708
274333,274339,275844,6,1505,2,7200,1.00398671096
274377,274383,275818,6,1435,2,7200,1.00418118467
274399,274405,275867,6,1462,2,7200,1.00410396717
274414,274420,275913,6,1493,2,7200,1.00401875419
274416,274428,275889,12,1461,2,7200,1.00821355236
274516,274523,276094,7,1571,2,7200,1.00445576066
274599,274605,276158,6,1553,2,7200,1.00386349002
274645,274652,275970,7,1318,2,7200,1.00531107739
274755,274761,276256,6,1495,2,7200,1.00401337793
274847,274853,276354,6,1501,2,7200,1.00399733511
274863,274869,276334,6,1465,2,7200,1.00409556314
274903,274909,276380,6,1471,2,7200,1.00407885792
274918,274926,276523,8,1597,2,7200,1.00500939261
274934,274940,276398,6,1458,2,7200,1.00411522634
274952,274958,276528,6,1570,2,7200,1.00382165605
274971,274977,276657,6,1680,2,7200,1.00357142857
275011,275018,276456,7,1438,2,7200,1.00486787204
275105,275111,276710,6,1599,2,7200,1.00375234522
275121,275127,276638,6,1511,2,7200,1.00397088021
275151,275158,276677,7,1519,2,7200,1.00460829493
275167,275174,276765,7,1591,2,7200,1.00439974859
275186,275193,275304,7,111,1,3600,1.06306306306
275191,275200,276698,9,1498,2,7200,1.00600801068
275213,275219,276657,6,1438,2,7200,1.00417246175
275229,275236,276884,7,1648,2,7200,1.00424757282
275434,275441,276900,7,1459,2,7200,1.00479780672
275468,275475,276951,7,1476,2,7200,1.00474254743
275481,275487,275804,6,317,1,3600,1.01892744479
275484,275493,276906,9,1413,2,7200,1.00636942675
275486,275499,276908,13,1409,2,7200,1.0092264017
275508,275515,277061,7,1546,2,7200,1.00452781371
275536,275543,277157,7,1614,2,7200,1.00433705081
275631,275637,277224,6,1587,2,7200,1.00378071834
275698,275705,277306,7,1601,2,7200,1.00437226733
275700,275712,277294,12,1582,2,7200,1.00758533502
275728,275735,277267,7,1532,2,7200,1.0045691906
275743,275750,277214,7,1464,2,7200,1.00478142077
275759,275766,277386,7,1620,2,7200,1.00432098765
275777,275784,277345,7,1561,2,7200,1.00448430493
275793,275799,277300,6,1501,2,7200,1.00399733511
275809,275815,277215,6,1400,2,7200,1.00428571429
275811,275822,275938,11,116,1,1800,1.09482758621
275824,275831,277403,7,1572,2,7200,1.00445292621
275826,275837,277270,11,1433,2,7200,1.00767620377
275848,275854,277192,6,1338,2,7200,1.00448430493
275869,275876,277415,7,1539,2,7200,1.00454840806
275891,275898,277426,7,1528,2,7200,1.00458115183
275916,275922,277513,6,1591,2,7200,1.00377121307
275971,275977,277510,6,1533,2,7200,1.00391389432
276097,276103,277537,6,1434,2,7200,1.00418410042
276161,276168,277672,7,1504,2,7200,1.00465425532
276238,276244,276353,6,109,1,1800,1.05504587156
276259,276265,277783,6,1518,2,7200,1.00395256917
276260,276364,276970,104,606,1,3600,1.17161716172
276336,276343,277703,7,1360,2,7200,1.00514705882
276351,276357,277913,6,1556,2,7200,1.00385604113
276382,276388,277800,6,1412,2,7200,1.00424929178
276401,276407,277892,6,1485,2,7200,1.00404040404
276456,276463,277945,7,1482,2,7200,1.00472334683
276524,276529,278039,5,1510,2,7200,1.00331125828
276539,276546,278008,7,1462,2,7200,1.0047879617
276640,276646,278391,6,1745,2,7200,1.00343839542
276659,276665,278007,6,1342,2,7200,1.0044709389
276660,276672,278163,12,1491,2,7200,1.00804828974
276679,276685,278121,6,1436,2,7200,1.00417827298
276700,276708,278214,8,1506,2,7200,1.00531208499
276716,276722,278270,6,1548,2,7200,1.00387596899
276768,276775,278399,7,1624,2,7200,1.00431034483
276885,276892,278472,7,1580,2,7200,1.00443037975
276900,276906,278454,6,1548,2,7200,1.00387596899
276916,276923,278557,7,1634,2,7200,1.00428396573
276917,276929,278482,12,1553,2,7200,1.00772698004
276954,276961,278483,7,1522,2,7200,1.00459921156
277031,277037,277606,6,569,1,1800,1.01054481547
277062,277068,278507,6,1439,2,7200,1.0041695622
277160,277166,278785,6,1619,2,7200,1.00370599135
277194,277201,278721,7,1520,2,7200,1.00460526316
277216,277222,278788,6,1566,2,7200,1.00383141762
277218,277229,278857,11,1628,2,7200,1.00675675676
277233,277240,278850,7,1610,2,7200,1.00434782609
277267,277274,278767,7,1493,2,7200,1.00468854655
277283,277289,278899,6,1610,2,7200,1.00372670807
277298,277304,278929,6,1625,2,7200,1.00369230769
277314,277320,278905,6,1585,2,7200,1.00378548896
277316,277327,278768,11,1441,2,7200,1.00763358779
277347,277353,279007,6,1654,2,7200,1.00362756953
277387,277393,279229,6,1836,2,7200,1.00326797386
277406,277413,278995,7,1582,2,7200,1.00442477876
277421,277428,278988,7,1560,2,7200,1.00448717949
277423,277435,278938,12,1503,2,7200,1.00798403194
277512,277519,279129,7,1610,2,7200,1.00434782609
277527,277533,279113,6,1580,2,7200,1.00379746835
277543,277549,279027,6,1478,2,7200,1.00405953992
277674,277680,279776,6,2096,2,7200,1.00286259542
277705,277712,279174,7,1462,2,7200,1.0047879617
277785,277792,279394,7,1602,2,7200,1.00436953808
277803,277810,279287,7,1477,2,7200,1.00473933649
277895,277902,279376,7,1474,2,7200,1.00474898236
277916,277923,279586,7,1663,2,7200,1.00420926037
277947,277953,279498,6,1545,2,7200,1.00388349515
278010,278017,279539,7,1522,2,7200,1.00459921156
278012,278024,279536,12,1512,2,7200,1.00793650794
278039,278046,279482,7,1436,2,7200,1.00487465181
278119,278126,279590,7,1464,2,7200,1.00478142077
278165,278173,279612,8,1439,2,7200,1.00555941626
278215,278222,279617,7,1395,2,7200,1.00501792115
278273,278280,279793,7,1513,2,7200,1.00462656973
278393,278399,279966,6,1567,2,7200,1.00382897256
278408,278414,279887,6,1473,2,7200,1.00407331976
278454,278462,279985,8,1523,2,7200,1.00525279054
278473,278479,280003,6,1524,2,7200,1.00393700787
278489,278495,280044,6,1549,2,7200,1.00387346675
278490,278501,280370,11,1869,2,7200,1.00588550027
278509,278516,280036,7,1520,2,7200,1.00460526316
278559,278566,280097,7,1531,2,7200,1.00457217505
278723,278729,280328,6,1599,2,7200,1.00375234522
278769,278775,280212,6,1437,2,7200,1.00417536534
278771,278783,280396,12,1613,2,7200,1.00743955363
278787,278793,280106,6,1313,2,7200,1.00456968774
278802,278809,280389,7,1580,2,7200,1.00443037975
278853,278859,280378,6,1519,2,7200,1.00394996708
278869,278875,280518,6,1643,2,7200,1.00365185636
278900,278906,280474,6,1568,2,7200,1.00382653061
278915,278923,280484,8,1561,2,7200,1.00512491992
278931,278937,280491,6,1554,2,7200,1.00386100386
278946,278954,280465,8,1511,2,7200,1.00529450695
278990,278997,280507,7,1510,2,7200,1.00463576159
279006,279012,280516,6,1504,2,7200,1.0039893617
279008,279019,280563,11,1544,2,7200,1.00712435233
279030,279037,280415,7,1378,2,7200,1.00507982583
279116,279122,280734,6,1612,2,7200,1.00372208437
279132,279138,280696,6,1558,2,7200,1.00385109114
279175,279182,280754,7,1572,2,7200,1.00445292621
279230,279236,280715,6,1479,2,7200,1.00405679513
279289,279296,280888,7,1592,2,7200,1.00439698492
279332,279339,279388,7,49,1,1800,1.14285714286
279377,279385,280909,8,1524,2,7200,1.00524934383
279396,279403,280918,7,1515,2,7200,1.00462046205
279435,279442,279561,7,119,1,1800,1.05882352941
279482,279490,281178,8,1688,2,7200,1.00473933649
279501,279507,281056,6,1549,2,7200,1.00387346675
279538,279545,281094,7,1549,2,7200,1.00451904454
279553,279561,281133,8,1572,2,7200,1.00508905852
279587,279594,281140,7,1546,2,7200,1.00452781371
279603,279609,281188,6,1579,2,7200,1.00379987334
279619,279626,281125,7,1499,2,7200,1.00466977985
279621,279632,281179,11,1547,2,7200,1.00711053652
279701,279707,279790,6,83,1,1800,1.07228915663
279777,279784,281201,7,1417,2,7200,1.00494001411
279793,279799,281342,6,1543,2,7200,1.00388852884
279887,279894,280012,7,118,1,1800,1.0593220339
279888,279900,281468,12,1568,2,7200,1.00765306122
279967,279974,281420,7,1446,2,7200,1.00484094053
279986,279992,281590,6,1598,2,7200,1.00375469337
280005,280011,281574,6,1563,2,7200,1.00383877159
280036,280042,281537,6,1495,2,7200,1.00401337793
280051,280058,281673,7,1615,2,7200,1.00433436533
280098,280104,281661,6,1557,2,7200,1.00385356455
280114,280120,281644,6,1524,2,7200,1.00393700787
280215,280221,281673,6,1452,2,7200,1.0041322314
280331,280338,281778,7,1440,2,7200,1.00486111111
280374,280380,281829,6,1449,2,7200,1.00414078675
280390,280397,282190,7,1793,2,7200,1.00390407139
280391,280403,282072,12,1669,2,7200,1.00718993409
280407,280414,281990,7,1576,2,7200,1.00444162437
280423,280429,282000,6,1571,2,7200,1.00381922342
280466,280473,282094,7,1621,2,7200,1.00431832202
280481,280488,281892,7,1404,2,7200,1.00498575499
280497,280504,282053,7,1549,2,7200,1.00451904454
280499,280511,282152,12,1641,2,7200,1.00731261426
280515,280522,281871,7,1349,2,7200,1.00518902891
280530,280536,282074,6,1538,2,7200,1.00390117035
280531,280542,282006,11,1464,2,7200,1.0075136612
280565,280571,282070,6,1499,2,7200,1.00400266845
280628,280635,280914,7,279,1,1800,1.02508960573
280691,280698,281282,7,584,1,1800,1.01198630137
280697,280705,282227,8,1522,2,7200,1.00525624179
280718,280724,282227,6,1503,2,7200,1.00399201597
280737,280744,282284,7,1540,2,7200,1.00454545455
280756,280762,282285,6,1523,2,7200,1.00393959291
280891,280897,282448,6,1551,2,7200,1.00386847195
280910,280916,282580,6,1664,2,7200,1.00360576923
280925,280932,282546,7,1614,2,7200,1.00433705081
281057,281063,282545,6,1482,2,7200,1.004048583
281097,281104,282706,7,1602,2,7200,1.00436953808
281128,281134,282571,6,1437,2,7200,1.00417536534
281144,281150,282703,6,1553,2,7200,1.00386349002
281145,281157,282801,12,1644,2,7200,1.00729927007
281180,281187,282702,7,1515,2,7200,1.00462046205
281182,281194,282583,12,1389,2,7200,1.00863930886
281197,281204,282825,7,1621,2,7200,1.00431832202
281213,281219,282726,6,1507,2,7200,1.00398142004
281345,281351,282939,6,1588,2,7200,1.00377833753
281422,281429,282931,7,1502,2,7200,1.00466045273
281468,281474,282994,6,1520,2,7200,1.00394736842
281539,281545,283094,6,1549,2,7200,1.00387346675
281573,281579,283012,6,1433,2,7200,1.00418702024
281592,281599,282986,7,1387,2,7200,1.00504686373
281645,281651,283223,6,1572,2,7200,1.00381679389
281663,281670,283192,7,1522,2,7200,1.00459921156
281679,281685,283215,6,1530,2,7200,1.00392156863
281680,281691,283279,11,1588,2,7200,1.00692695214
281781,281790,283463,9,1673,2,7200,1.00537955768
281830,281837,283305,7,1468,2,7200,1.00476839237
281873,281879,283369,6,1490,2,7200,1.00402684564
281895,281901,283367,6,1466,2,7200,1.00409276944
281990,281997,283518,7,1521,2,7200,1.00460223537
282006,282012,283525,6,1513,2,7200,1.0039656312
282008,282019,283591,11,1572,2,7200,1.00699745547
282055,282061,283696,6,1635,2,7200,1.00366972477
282070,282077,283508,7,1431,2,7200,1.00489168414
282087,282093,283645,6,1552,2,7200,1.00386597938
282088,282100,283717,12,1617,2,7200,1.00742115028
282104,282110,283496,6,1386,2,7200,1.00432900433
282153,282159,283695,6,1536,2,7200,1.00390625
282191,282197,283794,6,1597,2,7200,1.00375704446
282228,282234,283871,6,1637,2,7200,1.0036652413
282229,282240,283677,11,1437,2,7200,1.00765483646
282285,282291,283881,6,1590,2,7200,1.00377358491
282300,282306,284997,6,2691,2,7200,1.0022296544
282450,282457,284007,7,1550,2,7200,1.00451612903
282546,282552,284252,6,1700,2,7200,1.00352941176
282548,282560,284131,12,1571,2,7200,1.00763844685
282572,282578,284128,6,1550,2,7200,1.00387096774
282588,282594,284029,6,1435,2,7200,1.00418118467
282590,282600,284001,10,1401,2,7200,1.00713775874
282703,282709,284147,6,1438,2,7200,1.00417246175
282718,282724,284210,6,1486,2,7200,1.00403768506
282720,282732,284199,12,1467,2,7200,1.0081799591
282735,282742,284308,7,1566,2,7200,1.00446998723
282802,282808,284416,6,1608,2,7200,1.00373134328
282827,282833,284331,6,1498,2,7200,1.00400534045
282932,282938,284514,6,1576,2,7200,1.0038071066
282947,282953,284468,6,1515,2,7200,1.00396039604
282988,282994,284346,6,1352,2,7200,1.00443786982
283003,283009,284537,6,1528,2,7200,1.00392670157
283019,283025,284531,6,1506,2,7200,1.00398406375
283096,283102,284529,6,1427,2,7200,1.00420462509
283194,283200,284692,6,1492,2,7200,1.00402144772
283199,283208,283259,9,51,1,1800,1.17647058824
283219,283225,284724,6,1499,2,7200,1.00400266845
283234,283240,284704,6,1464,2,7200,1.00409836066
283280,283286,284812,6,1526,2,7200,1.00393184797
283308,283314,284847,6,1533,2,7200,1.00391389432
283369,283375,284839,6,1464,2,7200,1.00409836066
283370,283381,284786,11,1405,2,7200,1.00782918149
283467,283473,285059,6,1586,2,7200,1.00378310214
283498,283504,284972,6,1468,2,7200,1.00408719346
283514,283520,285085,6,1565,2,7200,1.00383386581
283529,283536,285034,7,1498,2,7200,1.0046728972
283531,283543,285061,12,1518,2,7200,1.00790513834
283593,283599,285284,6,1685,2,7200,1.00356083086
283600,283606,283681,6,75,1,1800,1.08
283648,283655,285262,7,1607,2,7200,1.00435594275
283679,283685,285309,6,1624,2,7200,1.00369458128
283698,283704,285271,6,1567,2,7200,1.00382897256
283699,283711,285253,12,1542,2,7200,1.00778210117
283718,283724,285265,6,1541,2,7200,1.0038935756
283794,283800,285243,6,1443,2,7200,1.00415800416
283875,283881,285347,6,1466,2,7200,1.00409276944
283890,283896,285565,6,1669,2,7200,1.00359496705
284003,284009,285394,6,1385,2,7200,1.00433212996
284018,284025,285439,7,1414,2,7200,1.00495049505
284034,284042,285544,8,1502,2,7200,1.00532623169
284129,284135,285600,6,1465,2,7200,1.00409556314
284145,284151,285708,6,1557,2,7200,1.00385356455
284151,284158,301625,7,17467,1,86400,1.00040075571
284160,284166,285782,6,1616,2,7200,1.00371287129
284200,284206,285751,6,1545,2,7200,1.00388349515
284215,284222,285650,7,1428,2,7200,1.00490196078
284252,284259,285630,7,1371,2,7200,1.00510576222
284308,284315,285807,7,1492,2,7200,1.00469168901
284333,284339,285942,6,1603,2,7200,1.00374298191
284349,284355,285950,6,1595,2,7200,1.00376175549
284416,284422,286030,6,1608,2,7200,1.00373134328
284472,284478,285921,6,1443,2,7200,1.00415800416
284515,284521,286095,6,1574,2,7200,1.00381194409
284530,284537,286049,7,1512,2,7200,1.00462962963
284546,284552,286228,6,1676,2,7200,1.00357995227
284548,284559,286047,11,1488,2,7200,1.00739247312
284695,284702,286264,7,1562,2,7200,1.00448143406
284705,284716,285007,11,291,1,1800,1.03780068729
284711,284722,286220,11,1498,2,7200,1.00734312417
284727,284734,286211,7,1477,2,7200,1.00473933649
284786,284792,286288,6,1496,2,7200,1.00401069519
284814,284820,286303,6,1483,2,7200,1.004045853
284842,284848,286297,6,1449,2,7200,1.00414078675
284857,284863,286389,6,1526,2,7200,1.00393184797
284971,284977,286548,6,1571,2,7200,1.00381922342
284996,285002,286542,6,1540,2,7200,1.0038961039
285036,285042,286462,6,1420,2,7200,1.00422535211
285061,285067,286709,6,1642,2,7200,1.00365408039
285062,285074,286739,12,1665,2,7200,1.00720720721
285088,285094,286553,6,1459,2,7200,1.00411240576
285244,285250,286771,6,1521,2,7200,1.00394477318
285259,285265,286814,6,1549,2,7200,1.00387346675
285275,285281,286728,6,1447,2,7200,1.00414651002
285276,285288,286816,12,1528,2,7200,1.00785340314
285278,285294,286941,16,1647,2,7200,1.00971463267
285293,285300,287189,7,1889,2,7200,1.00370566437
285312,285318,286736,6,1418,2,7200,1.00423131171
285349,285356,286840,7,1484,2,7200,1.00471698113
285395,285401,286966,6,1565,2,7200,1.00383386581
285441,285447,286974,6,1527,2,7200,1.00392927308
285545,285551,287086,6,1535,2,7200,1.00390879479
285566,285573,286958,7,1385,2,7200,1.00505415162
285600,285606,287230,6,1624,2,7200,1.00369458128
285631,285637,287087,6,1450,2,7200,1.00413793103
285653,285659,287087,6,1428,2,7200,1.00420168067
285711,285717,287327,6,1610,2,7200,1.00372670807
285752,285758,287353,6,1595,2,7200,1.00376175549
285760,285796,301644,36,15848,1,86400,1.00227158001
285783,285789,287183,6,1394,2,7200,1.00430416069
285810,285816,287416,6,1600,2,7200,1.00375
285924,285930,287402,6,1472,2,7200,1.00407608696
285942,285948,287496,6,1548,2,7200,1.00387596899
285957,285964,287404,7,1440,2,7200,1.00486111111
286031,286037,287574,6,1537,2,7200,1.00390370852
286050,286056,287744,6,1688,2,7200,1.00355450237
286051,286063,287533,12,1470,2,7200,1.00816326531
286097,286103,287734,6,1631,2,7200,1.00367872471
286210,286217,287810,7,1593,2,7200,1.00439422473
286225,286231,287797,6,1566,2,7200,1.00383141762
286241,286247,287760,6,1513,2,7200,1.0039656312
286265,286271,287827,6,1556,2,7200,1.00385604113
286290,286296,287734,6,1438,2,7200,1.00417246175
286306,286312,287791,6,1479,2,7200,1.00405679513
286307,286318,287931,11,1613,2,7200,1.00681959082
286390,286396,287906,6,1510,2,7200,1.00397350993
286463,286469,287826,6,1357,2,7200,1.00442151805
286543,286550,287955,7,1405,2,7200,1.00498220641
286559,286566,288149,7,1583,2,7200,1.00442198358
286561,286571,288150,10,1579,2,7200,1.00633312223
286711,286717,288376,6,1659,2,7200,1.00361663653
286729,286735,288323,6,1588,2,7200,1.00377833753
286745,286751,288230,6,1479,2,7200,1.00405679513
286747,286757,288162,10,1405,2,7200,1.00711743772
286771,286778,288359,7,1581,2,7200,1.00442757748
286815,286821,288234,6,1413,2,7200,1.0042462845
286817,286828,288395,11,1567,2,7200,1.00701978302
286842,286848,288158,6,1310,2,7200,1.00458015267
286943,286949,288339,6,1390,2,7200,1.00431654676
286958,286964,288568,6,1604,2,7200,1.00374064838
286975,286981,288394,6,1413,2,7200,1.0042462845
286976,286987,288577,11,1590,2,7200,1.00691823899
287088,287094,288659,6,1565,2,7200,1.00383386581
287089,287101,288594,12,1493,2,7200,1.00803750837
287091,287106,288633,15,1527,2,7200,1.00982318271
287124,287418,296355,294,8937,4,21600,1.03289694528
287128,287771,296276,643,8505,4,21600,1.07560258671
287143,287822,431873,679,144051,4,144000,1.00471360837
287184,287190,288811,6,1621,2,7200,1.00370141888
287200,287206,288721,6,1515,2,7200,1.00396039604
287233,287240,288830,7,1590,2,7200,1.00440251572
287328,287334,288892,6,1558,2,7200,1.00385109114
287353,287360,288954,7,1594,2,7200,1.00439146801
287405,287412,288961,7,1549,2,7200,1.00451904454
287407,287424,288834,17,1410,2,7200,1.01205673759
287422,287431,288907,9,1476,2,7200,1.00609756098
287497,287504,288954,7,1450,2,7200,1.00482758621
287534,287540,289278,6,1738,2,7200,1.00345224396
287575,287582,289031,7,1449,2,7200,1.00483091787
287735,287742,289227,7,1485,2,7200,1.00471380471
287737,287749,289243,12,1494,2,7200,1.00803212851
287748,297580,298971,9832,1391,1,259200,8.06829618979
287752,298982,545626,11230,246644,1,259200,1.04553121098
287753,287759,289492,6,1733,2,7200,1.00346220427
287768,287778,289358,10,1580,2,7200,1.00632911392
287793,287799,289521,6,1722,2,7200,1.00348432056
287809,287816,289343,7,1527,2,7200,1.00458415193
287825,287831,289315,6,1484,2,7200,1.00404312668
287840,287847,289392,7,1545,2,7200,1.00453074434
287842,287853,289455,11,1602,2,7200,1.00686641698
287908,287914,289529,6,1615,2,7200,1.00371517028
287933,287969,292543,36,4574,2,180000,1.0078705728
287933,287939,289498,6,1559,2,7200,1.00384862091
287957,287963,289530,6,1567,2,7200,1.00382897256
288150,288156,289743,6,1587,2,7200,1.00378071834
288152,288163,289592,11,1429,2,7200,1.00769769069
288168,288174,289820,6,1646,2,7200,1.00364520049
288169,288180,289830,11,1650,2,7200,1.00666666667
288231,288238,289824,7,1586,2,7200,1.00441361917
288247,288253,289730,6,1477,2,7200,1.00406228842
288326,288333,289838,7,1505,2,7200,1.00465116279
288342,288349,289941,7,1592,2,7200,1.00439698492
288360,288367,289877,7,1510,2,7200,1.00463576159
288379,288386,289926,7,1540,2,7200,1.00454545455
288395,288402,289951,7,1549,2,7200,1.00451904454
288397,288409,290023,12,1614,2,7200,1.00743494424
288570,288576,290147,6,1571,2,7200,1.00381922342
288585,288592,290156,7,1564,2,7200,1.00447570332
288601,288608,290190,7,1582,2,7200,1.00442477876
288635,288642,290108,7,1466,2,7200,1.00477489768
288660,288667,290187,7,1520,2,7200,1.00460526316
288721,288727,290360,6,1633,2,7200,1.00367421923
288813,288820,290354,7,1534,2,7200,1.00456323338
288831,288839,290380,8,1541,2,7200,1.00519143413
288847,288854,290292,7,1438,2,7200,1.00486787204
288893,288900,290488,7,1588,2,7200,1.00440806045
288909,288915,290505,6,1590,2,7200,1.00377358491
288955,288962,290433,7,1471,2,7200,1.00475866757
288957,288969,290465,12,1496,2,7200,1.00802139037
288972,288979,290468,7,1489,2,7200,1.00470114171
289034,289040,290606,6,1566,2,7200,1.00383141762
289230,289236,290635,6,1399,2,7200,1.0042887777
289245,289251,290728,6,1477,2,7200,1.00406228842
289280,289286,290818,6,1532,2,7200,1.00391644909
289317,289323,290914,6,1591,2,7200,1.00377121307
289345,289351,291048,6,1697,2,7200,1.00353565115
289361,289367,291012,6,1645,2,7200,1.00364741641
289394,289400,291003,6,1603,2,7200,1.00374298191
289458,289464,291136,6,1672,2,7200,1.00358851675
289493,289499,291019,6,1520,2,7200,1.00394736842
289508,289516,291128,8,1612,2,7200,1.00496277916
289524,289530,291063,6,1533,2,7200,1.00391389432
289540,289546,291172,6,1626,2,7200,1.0036900369
289541,289552,291076,11,1524,2,7200,1.00721784777
289593,289600,291065,7,1465,2,7200,1.004778157
289732,289738,291166,6,1428,2,7200,1.00420168067
289747,289754,291286,7,1532,2,7200,1.0045691906
289822,289829,291535,7,1706,2,7200,1.0041031653
289838,289844,291317,6,1473,2,7200,1.00407331976
289839,289852,291381,13,1529,2,7200,1.00850228908
289841,289857,291297,16,1440,2,7200,1.01111111111
289878,289885,291454,7,1569,2,7200,1.00446144041
289926,289933,291758,7,1825,2,7200,1.00383561644
289942,289948,291431,6,1483,2,7200,1.004045853
289957,289964,291531,7,1567,2,7200,1.00446713465
290024,290030,291489,6,1459,2,7200,1.00411240576
290110,290116,291650,6,1534,2,7200,1.00391134289
290150,290157,291656,7,1499,2,7200,1.00466977985
290166,290172,291596,6,1424,2,7200,1.00421348315
290188,290195,291806,7,1611,2,7200,1.00434512725
290203,290209,291749,6,1540,2,7200,1.0038961039
290295,290301,291772,6,1471,2,7200,1.00407885792
290356,290363,291818,7,1455,2,7200,1.00481099656
290371,290379,291924,8,1545,2,7200,1.00517799353
290387,290393,291977,6,1584,2,7200,1.00378787879
290436,290443,291968,7,1525,2,7200,1.00459016393
290464,290470,292025,6,1555,2,7200,1.0038585209
290479,290485,291987,6,1502,2,7200,1.00399467377
290495,290502,292011,7,1509,2,7200,1.00463883366
290510,290516,291999,6,1483,2,7200,1.004045853
290573,292710,292729,2137,19,8,86400,113.473684211
290573,291394,291413,821,19,8,86400,44.2105263158
290573,292758,292764,2185,6,8,86400,219.1
290574,292792,292801,2218,9,8,86400,222.7
290575,292833,292839,2258,6,8,86400,226.4
290576,292902,292909,2326,7,8,86400,233.3
290576,292868,292874,2292,6,8,86400,229.8
290577,292922,292928,2345,6,8,86400,235.1
290578,292958,292965,2380,7,8,86400,238.7
290578,292995,293001,2417,6,8,86400,242.3
290579,293029,293036,2450,7,8,86400,245.7
290608,290614,292246,6,1632,2,7200,1.00367647059
290636,290643,292165,7,1522,2,7200,1.00459921156
290686,291425,306701,739,15276,8,86400,1.04837653836
290686,396082,396099,105396,17,8,86400,6200.76470588
290687,396993,397012,106306,19,8,86400,5596.05263158
290687,397041,397050,106354,9,8,86400,10636.3
290688,397064,397073,106376,9,8,86400,10638.5
290689,397084,397097,106395,13,8,86400,8185.23076923
290689,397108,397117,106419,9,8,86400,10642.8
290690,397143,397151,106453,8,8,86400,10646.1
290691,397165,397174,106474,9,8,86400,10648.3
290691,397185,397194,106494,9,8,86400,10650.3
290692,397205,397214,106513,9,8,86400,10652.2
290731,290738,292318,7,1580,2,7200,1.00443037975
290820,290827,292285,7,1458,2,7200,1.00480109739
290914,290921,292431,7,1510,2,7200,1.00463576159
290930,291065,291066,135,1,1,28800,13.6
291006,291012,292548,6,1536,2,7200,1.00390625
291021,291028,292554,7,1526,2,7200,1.00458715596
291023,291035,292666,12,1631,2,7200,1.00735744942
291028,292740,292746,1712,6,8,86400,171.8
291028,292266,292280,1238,14,8,86400,89.4285714286
291029,292815,292821,1786,6,8,86400,179.2
291029,292775,292781,1746,6,8,86400,175.2
291030,292850,292856,1820,6,8,86400,182.6
291031,292940,292945,1909,5,8,86400,191.4
291031,292885,292891,1854,6,8,86400,186.0
291032,292977,292982,1945,5,8,86400,195.0
291033,293012,293018,1979,6,8,86400,198.5
291033,293047,293053,2014,6,8,86400,202.0
291034,293064,293070,2030,6,8,86400,203.6
291051,291058,292651,7,1593,2,7200,1.00439422473
291067,291073,292517,6,1444,2,7200,1.00415512465
291068,291080,292595,12,1515,2,7200,1.00792079208
291084,291090,292589,6,1499,2,7200,1.00400266845
291130,291137,292742,7,1605,2,7200,1.00436137072
291145,291152,292831,7,1679,2,7200,1.0041691483
291170,291176,292738,6,1562,2,7200,1.00384122919
291185,291191,292894,6,1703,2,7200,1.00352319436
291289,291297,292795,8,1498,2,7200,1.00534045394
291305,291311,292794,6,1483,2,7200,1.004045853
291321,291328,292999,7,1671,2,7200,1.00418910832
291382,291388,292907,6,1519,2,7200,1.00394996708
291434,291440,292989,6,1549,2,7200,1.00387346675
291456,291464,292895,8,1431,2,7200,1.00559049616
291490,291498,292938,8,1440,2,7200,1.00555555556
291517,292608,301683,1091,9075,1,86400,1.12022038567
291534,291540,293132,6,1592,2,7200,1.00376884422
291535,291547,292968,12,1421,2,7200,1.00844475721
291550,291612,345620,62,54008,1,54000,1.00114797808
291597,291605,293139,8,1534,2,7200,1.00521512386
291653,291660,293135,7,1475,2,7200,1.00474576271
291669,291676,293150,7,1474,2,7200,1.00474898236
291674,291729,307041,55,15312,1,28800,1.00359195402
291722,291770,291827,48,57,4,144000,1.84210526316
291751,291758,293260,7,1502,2,7200,1.00466045273
291767,291777,293290,10,1513,2,7200,1.00660938533
291783,291789,293320,6,1531,2,7200,1.00391900718
291808,291818,293343,10,1525,2,7200,1.00655737705
291824,291830,293425,6,1595,2,7200,1.00376175549
291925,291935,293505,10,1570,2,7200,1.00636942675
291968,291981,293608,13,1627,2,7200,1.00799016595
291984,291991,293427,7,1436,2,7200,1.00487465181
291999,292006,293584,7,1578,2,7200,1.00443599493
292001,292014,293598,13,1584,2,7200,1.00820707071
292018,292023,293540,5,1517,2,7200,1.00329597891
292033,292040,293582,7,1542,2,7200,1.00453955901
292156,292292,331953,136,39661,4,144000,1.00342906129
292165,292177,293708,12,1531,2,7200,1.00783801437
292249,292298,331729,49,39431,4,144000,1.00124267708
292249,292259,293731,10,1472,2,7200,1.00679347826
292285,292304,294153,19,1849,2,7200,1.01027582477
292320,292330,293794,10,1464,2,7200,1.00683060109
292433,292443,293991,10,1548,2,7200,1.00645994832
292517,292529,294114,12,1585,2,7200,1.00757097792
292552,292561,294115,9,1554,2,7200,1.00579150579
292568,292575,294091,7,1516,2,7200,1.00461741425
292590,292601,294210,11,1609,2,7200,1.00683654444
292606,292614,294238,8,1624,2,7200,1.00492610837
292634,292716,303108,82,10392,1,28800,1.00789068514
292652,292663,294179,11,1516,2,7200,1.00725593668
292668,292678,294151,10,1473,2,7200,1.00678886626
292739,292750,294265,11,1515,2,7200,1.00726072607
292755,292765,294287,10,1522,2,7200,1.00657030223
292795,292802,294356,7,1554,2,7200,1.0045045045
292797,292809,294209,12,1400,2,7200,1.00857142857
292831,292839,294305,8,1466,2,7200,1.00545702592
292842,293082,293083,240,1,4,600,24.1
292896,292908,294521,12,1613,2,7200,1.00743955363
292898,292915,294471,17,1556,2,7200,1.01092544987
292914,292927,294423,13,1496,2,7200,1.00868983957
292942,292948,294349,6,1401,2,7200,1.00428265525
292971,292982,294680,11,1698,2,7200,1.00647820966
292990,293002,294524,12,1522,2,7200,1.00788436268
293005,293017,294496,12,1479,2,7200,1.00811359026
293135,293141,294620,6,1479,2,7200,1.00405679513
293136,293148,294707,12,1559,2,7200,1.00769724182
293153,293159,294709,6,1550,2,7200,1.00387096774
293154,293171,294595,17,1424,2,7200,1.01193820225
293159,293166,294090,7,924,2,1200,1.00757575758
293265,293271,294663,6,1392,2,7200,1.00431034483
293293,293299,294768,6,1469,2,7200,1.00408441116
293322,293328,294804,6,1476,2,7200,1.00406504065
293344,293350,294991,6,1641,2,7200,1.00365630713
293428,293435,294906,7,1471,2,7200,1.00475866757
293429,293441,295059,12,1618,2,7200,1.00741656366
293507,293513,295015,6,1502,2,7200,1.00399467377
293541,293547,295017,6,1470,2,7200,1.00408163265
293584,293591,295137,7,1546,2,7200,1.00452781371
293586,293598,295188,12,1590,2,7200,1.00754716981
293602,293608,295180,6,1572,2,7200,1.00381679389
293617,293624,295157,7,1533,2,7200,1.00456621005
293710,293716,295219,6,1503,2,7200,1.00399201597
293733,293740,295261,7,1521,2,7200,1.00460223537
293798,293804,295445,6,1641,2,7200,1.00365630713
293994,294000,295509,6,1509,2,7200,1.00397614314
294092,294100,295693,8,1593,2,7200,1.00502197112
294114,294120,295731,6,1611,2,7200,1.00372439479
294129,294136,295580,7,1444,2,7200,1.00484764543
294155,294161,295696,6,1535,2,7200,1.00390879479
294156,294168,295781,12,1613,2,7200,1.00743955363
294181,294187,295734,6,1547,2,7200,1.00387847447
294209,294216,295825,7,1609,2,7200,1.00435052828
294210,294223,295744,13,1521,2,7200,1.00854700855
294238,294244,295834,6,1590,2,7200,1.00377358491
294266,294272,295873,6,1601,2,7200,1.00374765771
294288,294294,295862,6,1568,2,7200,1.00382653061
294307,294313,295946,6,1633,2,7200,1.00367421923
294350,294357,295985,7,1628,2,7200,1.0042997543
294365,294371,295802,6,1431,2,7200,1.00419287212
294424,294430,296113,6,1683,2,7200,1.00356506239
294473,294479,295947,6,1468,2,7200,1.00408719346
294498,294504,296018,6,1514,2,7200,1.00396301189
294523,294529,296203,6,1674,2,7200,1.00358422939
294538,294545,296204,7,1659,2,7200,1.00421940928
294597,294603,296156,6,1553,2,7200,1.00386349002
294622,294628,296157,6,1529,2,7200,1.00392413342
294665,294671,296264,6,1593,2,7200,1.00376647834
294683,294689,296267,6,1578,2,7200,1.00380228137
294708,294715,296297,7,1582,2,7200,1.00442477876
294710,294722,296345,12,1623,2,7200,1.00739371534
294726,296368,296369,1642,1,4,600,164.3
294771,294778,296473,7,1695,2,7200,1.00412979351
294805,294811,296464,6,1653,2,7200,1.00362976407
294906,294913,296550,7,1637,2,7200,1.00427611484
294992,294999,296540,7,1541,2,7200,1.00454250487
295017,295025,296572,8,1547,2,7200,1.00517129929
295019,295032,296496,13,1464,2,7200,1.00887978142
295059,295066,296452,7,1386,2,7200,1.00505050505
295139,295145,296752,6,1607,2,7200,1.00373366521
295158,295165,296736,7,1571,2,7200,1.00445576066
295182,295189,296746,7,1557,2,7200,1.00449582531
295198,295204,296671,6,1467,2,7200,1.00408997955
295223,295230,296817,7,1587,2,7200,1.00441083806
295263,295270,296914,7,1644,2,7200,1.00425790754
295448,295454,296985,6,1531,2,7200,1.00391900718
295510,295517,297096,7,1579,2,7200,1.00443318556
295528,295818,296231,290,413,4,144000,1.70217917676
295581,295587,297169,6,1582,2,7200,1.00379266751
295694,295701,297203,7,1502,2,7200,1.00466045273
295709,295716,297271,7,1555,2,7200,1.00450160772
295734,295741,297328,7,1587,2,7200,1.00441083806
295735,295748,297430,13,1682,2,7200,1.00772889417
295751,295757,297262,6,1505,2,7200,1.00398671096
295782,295788,297272,6,1484,2,7200,1.00404312668
295804,295811,297447,7,1636,2,7200,1.00427872861
295828,295835,297457,7,1622,2,7200,1.00431565968
295844,295850,297489,6,1639,2,7200,1.00366076876
295861,296242,332338,381,36096,4,72000,1.01055518617
295862,295869,297484,7,1615,2,7200,1.00433436533
295878,295884,297459,6,1575,2,7200,1.00380952381
295949,295955,297507,6,1552,2,7200,1.00386597938
295951,295962,297413,11,1451,2,7200,1.00758097864
295988,295995,297600,7,1605,2,7200,1.00436137072
296022,296028,297695,6,1667,2,7200,1.00359928014
296114,296121,297658,7,1537,2,7200,1.00455432661
296135,296289,368338,154,72049,4,72000,1.00213743425
296158,296165,297740,7,1575,2,7200,1.00444444444
296160,296172,297693,12,1521,2,7200,1.00788954635
296187,296360,368540,173,72180,4,72000,1.00239678581
296207,296213,297691,6,1478,2,7200,1.00405953992
296208,296221,297963,13,1742,2,7200,1.00746268657
296268,296274,297864,6,1590,2,7200,1.00377358491
296270,296281,297961,11,1680,2,7200,1.00654761905
296298,296304,297894,6,1590,2,7200,1.00377358491
296347,296354,297846,7,1492,2,7200,1.00469168901
296457,296463,298066,6,1603,2,7200,1.00374298191
296472,296478,298098,6,1620,2,7200,1.0037037037
296488,296494,298004,6,1510,2,7200,1.00397350993
296503,296510,298021,7,1511,2,7200,1.00463269358
296541,296547,298011,6,1464,2,7200,1.00409836066
296556,296562,298151,6,1589,2,7200,1.00377595972
296572,296578,298090,6,1512,2,7200,1.00396825397
296673,296679,298160,6,1481,2,7200,1.00405131668
296737,296743,298277,6,1534,2,7200,1.00391134289
296753,296759,298414,6,1655,2,7200,1.00362537764
296754,296766,298425,12,1659,2,7200,1.00723327306
296760,298034,442062,1274,144028,4,144000,1.00884550226
296820,296827,298305,7,1478,2,7200,1.00473612991
296895,298110,337051,1215,38941,4,144000,1.03120104774
296915,296921,298911,6,1990,2,7200,1.00301507538
296986,296993,298628,7,1635,2,7200,1.00428134557
296995,847167,847394,550172,227,2,604800,2424.66519824
297099,297105,298545,6,1440,2,7200,1.00416666667
297169,297175,298825,6,1650,2,7200,1.00363636364
297207,297213,298751,6,1538,2,7200,1.00390117035
297263,297269,298883,6,1614,2,7200,1.00371747212
297279,297285,298611,6,1326,2,7200,1.00452488688
297280,297293,298795,13,1502,2,7200,1.0086551265
297330,297336,298920,6,1584,2,7200,1.00378787879
297350,301995,446023,4645,144028,4,144000,1.03225067348
297416,297423,298858,7,1435,2,7200,1.00487804878
297431,297439,298873,8,1434,2,7200,1.00557880056
297450,297456,299046,6,1590,2,7200,1.00377358491
297466,297472,298949,6,1477,2,7200,1.00406228842
297467,297479,298937,12,1458,2,7200,1.00823045267
297486,297493,298975,7,1482,2,7200,1.00472334683
297501,297509,299182,8,1673,2,7200,1.00478182905
297517,297523,298901,6,1378,2,7200,1.00435413643
297539,302001,341959,4462,39958,1,54000,1.11166725061
297575,361660,392189,64085,30529,1,342000,3.09915162632
297603,297610,299206,7,1596,2,7200,1.00438596491
297658,297666,299161,8,1495,2,7200,1.00535117057
297693,297699,299247,6,1548,2,7200,1.00387596899
297708,297714,299299,6,1585,2,7200,1.00378548896
297710,297722,299282,12,1560,2,7200,1.00769230769
297741,297747,299158,6,1411,2,7200,1.00425230333
297847,297855,299376,8,1521,2,7200,1.00525969757
297866,297873,299435,7,1562,2,7200,1.00448143406
297897,297904,299408,7,1504,2,7200,1.00465425532
297902,391990,413953,94088,21963,1,270000,5.28393206757
297962,297968,299388,6,1420,2,7200,1.00422535211
297978,297985,299593,7,1608,2,7200,1.00435323383
298006,298013,299526,7,1513,2,7200,1.00462656973
298022,298028,299528,6,1500,2,7200,1.004
298023,298040,299508,17,1468,2,7200,1.01158038147
298066,298072,299768,6,1696,2,7200,1.00353773585
298091,298097,299559,6,1462,2,7200,1.00410396717
298107,298116,299811,9,1695,2,7200,1.00530973451
298154,298162,299815,8,1653,2,7200,1.00483968542
298169,298176,299796,7,1620,2,7200,1.00432098765
298280,298289,299822,9,1533,2,7200,1.00587084149
298282,394923,397464,96641,2541,9,180000,39.0326643054
298308,298316,299910,8,1594,2,7200,1.00501882058
298415,298425,300004,10,1579,2,7200,1.00633312223
298430,298436,299934,6,1498,2,7200,1.00400534045
298546,298557,300024,11,1467,2,7200,1.00749829584
298612,298623,300229,11,1606,2,7200,1.00684931507
298631,298640,300231,9,1591,2,7200,1.00565681961
298753,298763,300148,10,1385,2,7200,1.00722021661
298797,298806,300320,9,1514,2,7200,1.00594451783
298811,301936,320077,3125,18141,4,18000,1.17226172758
298828,298837,300346,9,1509,2,7200,1.00596421471
298859,298870,300527,11,1657,2,7200,1.00663850332
298874,298884,300477,10,1593,2,7200,1.0062774639
298879,299830,299832,951,2,1,900,95.3
298890,298897,300357,7,1460,2,7200,1.00479452055
298906,298912,300430,6,1518,2,7200,1.00395256917
298922,298929,300466,7,1537,2,7200,1.00455432661
298924,298935,300395,11,1460,2,7200,1.00753424658
298939,298949,300478,10,1529,2,7200,1.00654022237
298955,298962,300554,7,1592,2,7200,1.00439698492
298977,298990,300535,13,1545,2,7200,1.00841423948
299048,299058,300575,10,1517,2,7200,1.00659195781
299161,299169,300814,8,1645,2,7200,1.00486322188
299163,299177,300696,14,1519,2,7200,1.00921658986
299185,299195,300747,10,1552,2,7200,1.00644329897
299210,299218,300661,8,1443,2,7200,1.00554400554
299250,299259,300787,9,1528,2,7200,1.00589005236
299284,299294,300710,10,1416,2,7200,1.00706214689
299302,299312,300798,10,1486,2,7200,1.0067294751
299376,299388,301019,12,1631,2,7200,1.00735744942
299392,299400,301137,8,1737,2,7200,1.00460564191
299411,299421,300859,10,1438,2,7200,1.00695410292
299436,299447,301009,11,1562,2,7200,1.00704225352
299510,299521,301039,11,1518,2,7200,1.00724637681
299529,299538,301209,9,1671,2,7200,1.00538599641
299530,299545,301089,15,1544,2,7200,1.00971502591
299561,299571,301112,10,1541,2,7200,1.00648929267
299595,299605,301184,10,1579,2,7200,1.00633312223
299770,299780,301379,10,1599,2,7200,1.00625390869
299798,299808,301514,10,1706,2,7200,1.00586166471
299813,299823,301513,10,1690,2,7200,1.00591715976
299829,299837,301492,8,1655,2,7200,1.00483383686
299831,299842,301453,11,1611,2,7200,1.00682805711
299911,299922,301499,11,1577,2,7200,1.0069752695
299936,299947,301397,11,1450,2,7200,1.0075862069
300007,300015,301671,8,1656,2,7200,1.00483091787
300025,300036,301649,11,1613,2,7200,1.00681959082
300148,300160,301770,12,1610,2,7200,1.00745341615
300231,300241,301605,10,1364,2,7200,1.0073313783
300232,300248,301792,16,1544,2,7200,1.0103626943
300322,300332,301880,10,1548,2,7200,1.00645994832
300347,300358,301892,11,1534,2,7200,1.00717079531
300363,300369,301743,6,1374,2,7200,1.00436681223
300396,300406,301962,10,1556,2,7200,1.00642673522
300430,300442,302689,12,2247,2,7200,1.00534045394
300471,300477,301910,6,1433,2,7200,1.00418702024
300486,300492,302063,6,1571,2,7200,1.00381922342
300488,300498,302061,10,1563,2,7200,1.00639795266
300528,300540,302199,12,1659,2,7200,1.00723327306
300544,300550,301995,6,1445,2,7200,1.00415224913
300560,300566,302122,6,1556,2,7200,1.00385604113
300582,300589,302197,7,1608,2,7200,1.00435323383
300663,300672,302256,9,1584,2,7200,1.00568181818
300697,300708,302111,11,1403,2,7200,1.00784034212
300713,300722,302260,9,1538,2,7200,1.00585175553
300750,300758,302239,8,1481,2,7200,1.00540175557
300788,300799,302391,11,1592,2,7200,1.00690954774
300803,300809,302223,6,1414,2,7200,1.00424328147
300820,300827,302407,7,1580,2,7200,1.00443037975
300860,300871,302466,11,1595,2,7200,1.00689655172
301010,301021,302467,11,1446,2,7200,1.00760719225
301017,317553,317825,16536,272,4,600,61.7941176471
301026,301033,302363,7,1330,2,7200,1.00526315789
301042,301051,302540,9,1489,2,7200,1.00604432505
301091,301100,302766,9,1666,2,7200,1.00540216086
301113,301125,302718,12,1593,2,7200,1.00753295669
301138,301149,302760,11,1611,2,7200,1.00682805711
301188,301196,302737,8,1541,2,7200,1.00519143413
301209,301221,302738,12,1517,2,7200,1.00791034937
301381,301391,302886,10,1495,2,7200,1.00668896321
301400,301409,302861,9,1452,2,7200,1.00619834711
301453,301465,302912,12,1447,2,7200,1.00829302004
301493,301503,303161,10,1658,2,7200,1.00603136309
301509,301516,303024,7,1508,2,7200,1.00464190981
301525,301532,303152,7,1620,2,7200,1.00432098765
301527,301539,303159,12,1620,2,7200,1.00740740741
301606,301617,303293,11,1676,2,7200,1.00656324582
301650,301661,303059,11,1398,2,7200,1.0078683834
301672,301683,303214,11,1531,2,7200,1.00718484651
301745,301751,303302,6,1551,2,7200,1.00386847195
301772,301778,303374,6,1596,2,7200,1.0037593985
301793,301800,303305,7,1505,2,7200,1.00465116279
301883,301889,303581,6,1692,2,7200,1.00354609929
301898,301905,303454,7,1549,2,7200,1.00451904454
301914,301921,303331,7,1410,2,7200,1.00496453901
301964,301970,303590,6,1620,2,7200,1.0037037037
301995,307290,360955,5295,53665,10,57600,1.09866766049
301998,302008,303601,10,1593,2,7200,1.0062774639
302062,302069,303610,7,1541,2,7200,1.00454250487
302064,302076,303468,12,1392,2,7200,1.00862068966
302114,302121,303662,7,1541,2,7200,1.00454250487
302129,302137,303700,8,1563,2,7200,1.00511836212
302200,302207,303624,7,1417,2,7200,1.00494001411
302202,302214,303696,12,1482,2,7200,1.00809716599
302224,302230,303803,6,1573,2,7200,1.00381436745
302225,394928,538966,92703,144038,4,144000,1.64360099418
302243,302250,303742,7,1492,2,7200,1.00469168901
302259,302266,303805,7,1539,2,7200,1.00454840806
302274,302282,303657,8,1375,2,7200,1.00581818182
302364,302370,303760,6,1390,2,7200,1.00431654676
302378,320083,362576,17705,42493,10,57600,1.41665686113
302392,302399,303996,7,1597,2,7200,1.00438321853
302408,302415,303804,7,1389,2,7200,1.00503959683
302470,302477,303978,7,1501,2,7200,1.00466355763
302471,302484,304112,13,1628,2,7200,1.00798525799
302542,302549,303966,7,1417,2,7200,1.00494001411
302692,302698,304125,6,1427,2,7200,1.00420462509
302720,302727,304354,7,1627,2,7200,1.00430239705
302739,302745,304391,6,1646,2,7200,1.00364520049
302741,302752,304302,11,1550,2,7200,1.00709677419
302763,302770,304366,7,1596,2,7200,1.00438596491
302779,302786,304388,7,1602,2,7200,1.00436953808
302862,302868,304453,6,1585,2,7200,1.00378548896
302890,302896,304393,6,1497,2,7200,1.00400801603
302922,302929,304356,7,1427,2,7200,1.00490539594
302971,334540,344001,31569,9461,10,57600,4.336750872
303026,303033,304432,7,1399,2,7200,1.00500357398
303060,303067,304694,7,1627,2,7200,1.00430239705
303085,396076,467407,92991,71331,4,144000,2.30365479245
303156,303163,304931,7,1768,2,7200,1.00395927602
303165,306713,307057,3548,344,8,300,11.3139534884
303172,303178,304810,6,1632,2,7200,1.00367647059
303173,303184,304835,11,1651,2,7200,1.00666262871
303217,303223,304735,6,1512,2,7200,1.00396825397
303297,303304,304861,7,1557,2,7200,1.00449582531
303313,303320,304804,7,1484,2,7200,1.00471698113
303314,303327,304926,13,1599,2,7200,1.0081300813
303330,303336,304914,6,1578,2,7200,1.00380228137
303376,303384,304950,8,1566,2,7200,1.00510855683
303377,344012,366278,40635,22266,10,57600,2.82497978981
303457,396071,494144,92614,98073,12,172800,1.94433738134
303457,303463,305266,6,1803,2,7200,1.00332778702
303471,306718,355174,3247,48456,1,86400,1.0670092455
303473,303479,304982,6,1503,2,7200,1.00399201597
303583,303589,305100,6,1511,2,7200,1.00397088021
303599,303606,305263,7,1657,2,7200,1.00422450211
303600,303612,305143,12,1531,2,7200,1.00783801437
303617,303625,305238,8,1613,2,7200,1.00495970242
303633,303640,305138,7,1498,2,7200,1.0046728972
303658,303664,305456,6,1792,2,7200,1.00334821429
303674,303680,305207,6,1527,2,7200,1.00392927308
303699,303706,305113,7,1407,2,7200,1.00497512438
303701,303713,305228,12,1515,2,7200,1.00792079208
303745,303752,305269,7,1517,2,7200,1.00461437047
303761,303768,305262,7,1494,2,7200,1.0046854083
303805,303811,305613,6,1802,2,7200,1.00332963374
303806,303818,305395,12,1577,2,7200,1.00760938491
303808,303823,305235,15,1412,2,7200,1.01062322946
303967,303973,305419,6,1446,2,7200,1.00414937759
303983,303990,305391,7,1401,2,7200,1.00499643112
303999,304005,305416,6,1411,2,7200,1.00425230333
304013,358460,375078,54447,16618,2,72000,4.27638705019
304113,304119,305646,6,1527,2,7200,1.00392927308
304129,304136,305640,7,1504,2,7200,1.00465425532
304305,304311,305766,6,1455,2,7200,1.00412371134
304355,304361,306017,6,1656,2,7200,1.00362318841
304357,304368,305962,11,1594,2,7200,1.00690087829
304373,304379,305758,6,1379,2,7200,1.00435097897
304392,304398,306039,6,1641,2,7200,1.00365630713
304394,304405,306071,11,1666,2,7200,1.00660264106
304409,304417,305960,8,1543,2,7200,1.00518470512
304435,304441,305995,6,1554,2,7200,1.00386100386
304454,304461,305932,7,1471,2,7200,1.00475866757
304695,304702,306233,7,1531,2,7200,1.00457217505
304736,304743,306306,7,1563,2,7200,1.00447856686
304807,304813,306188,6,1375,2,7200,1.00436363636
304823,304830,306364,7,1534,2,7200,1.00456323338
304839,304846,306457,7,1611,2,7200,1.00434512725
304864,304871,306326,7,1455,2,7200,1.00481099656
304916,304922,306562,6,1640,2,7200,1.00365853659
304932,304938,306479,6,1541,2,7200,1.0038935756
304933,304945,306537,12,1592,2,7200,1.00753768844
304952,304959,306563,7,1604,2,7200,1.00436408978
304984,304991,306648,7,1657,2,7200,1.00422450211
305103,305109,306563,6,1454,2,7200,1.00412654746
305119,305126,306575,7,1449,2,7200,1.00483091787
305141,305147,306592,6,1445,2,7200,1.00415224913
305158,305164,306728,6,1564,2,7200,1.00383631714
305208,305215,306680,7,1465,2,7200,1.004778157
305230,305236,306798,6,1562,2,7200,1.00384122919
305245,305252,306692,7,1440,2,7200,1.00486111111
305247,305259,306727,12,1468,2,7200,1.00817438692
305263,305270,306909,7,1639,2,7200,1.00427089689
305264,305277,306842,13,1565,2,7200,1.00830670927
305281,305287,306843,6,1556,2,7200,1.00385604113
305282,305294,306769,12,1475,2,7200,1.00813559322
305392,305399,306806,7,1407,2,7200,1.00497512438
305408,305414,307011,6,1597,2,7200,1.00375704446
305424,305431,306928,7,1497,2,7200,1.0046760187
305425,305438,306897,13,1459,2,7200,1.00891021247
305457,305464,306961,7,1497,2,7200,1.0046760187
305615,305622,307213,7,1591,2,7200,1.00439974859
305643,305649,307171,6,1522,2,7200,1.00394218134
305659,305665,307173,6,1508,2,7200,1.00397877984
305761,305767,307276,6,1509,2,7200,1.00397614314
305777,305783,307294,6,1511,2,7200,1.00397088021
305932,305939,307352,7,1413,2,7200,1.00495399858
305964,305971,307596,7,1625,2,7200,1.00430769231
305965,305978,307445,13,1467,2,7200,1.00886162236
305997,306004,307583,7,1579,2,7200,1.00443318556
306019,306025,307594,6,1569,2,7200,1.00382409178
306041,306048,307606,7,1558,2,7200,1.00449293967
306073,306079,307545,6,1466,2,7200,1.00409276944
306189,306196,307618,7,1422,2,7200,1.00492264416
306235,306243,307692,8,1449,2,7200,1.005521049
306310,306317,307855,7,1538,2,7200,1.00455136541
306328,306335,307906,7,1571,2,7200,1.00445576066
306367,306375,307865,8,1490,2,7200,1.00536912752
306459,306466,307960,7,1494,2,7200,1.0046854083
306481,306487,307986,6,1499,2,7200,1.00400266845
306540,306547,308074,7,1527,2,7200,1.00458415193
306565,306571,308081,6,1510,2,7200,1.00397350993
306567,306578,307960,11,1382,2,7200,1.00795947902
306568,306583,308085,15,1502,2,7200,1.00998668442
306584,306591,308151,7,1560,2,7200,1.00448717949
306600,306606,308166,6,1560,2,7200,1.00384615385
306649,306656,308181,7,1525,2,7200,1.00459016393
306681,306688,308231,7,1543,2,7200,1.00453661698
306697,306703,308144,6,1441,2,7200,1.00416377516
306728,306735,308428,7,1693,2,7200,1.00413467218
306730,306742,308269,12,1527,2,7200,1.00785854617
306770,306777,308387,7,1610,2,7200,1.00434782609
306802,306808,308480,6,1672,2,7200,1.00358851675
306818,306824,308362,6,1538,2,7200,1.00390117035
306846,306852,308541,6,1689,2,7200,1.00355239787
306848,306859,308371,11,1512,2,7200,1.00727513228
306898,306904,308446,6,1542,2,7200,1.00389105058
306914,306921,308505,7,1584,2,7200,1.00441919192
306930,306936,308430,6,1494,2,7200,1.00401606426
306961,306969,308399,8,1430,2,7200,1.00559440559
307015,307022,308502,7,1480,2,7200,1.00472972973
307065,308286,337120,1221,28834,1,28800,1.04234584171
307173,307179,308656,6,1477,2,7200,1.00406228842
307174,307186,308714,12,1528,2,7200,1.00785340314
307215,307221,308850,6,1629,2,7200,1.00368324125
307277,307283,308799,6,1516,2,7200,1.00395778364
307296,307303,308866,7,1563,2,7200,1.00447856686
307355,307362,308857,7,1495,2,7200,1.00468227425
307447,307453,309117,6,1664,2,7200,1.00360576923
307546,307552,309078,6,1526,2,7200,1.00393184797
307584,307590,308968,6,1378,2,7200,1.00435413643
307600,307607,309221,7,1614,2,7200,1.00433705081
307602,307614,309152,12,1538,2,7200,1.0078023407
307618,307625,308962,7,1337,2,7200,1.00523560209
307619,307632,309124,13,1492,2,7200,1.00871313673
307693,307699,309146,6,1447,2,7200,1.00414651002
307744,334285,334413,26541,128,8,120,208.3515625
307857,307864,309315,7,1451,2,7200,1.00482425913
307873,307880,309398,7,1518,2,7200,1.0046113307
307908,307915,309461,7,1546,2,7200,1.00452781371
307964,307971,309385,7,1414,2,7200,1.00495049505
307966,307978,309518,12,1540,2,7200,1.00779220779
307988,307995,309577,7,1582,2,7200,1.00442477876
308077,308083,310592,6,2509,2,7200,1.00239139099
308093,308100,309667,7,1567,2,7200,1.00446713465
308094,308106,309632,12,1526,2,7200,1.00786369594
308147,308153,309602,6,1449,2,7200,1.00414078675
308162,308170,309959,8,1789,2,7200,1.00447177194
308178,308185,309696,7,1511,2,7200,1.00463269358
308194,308201,309669,7,1468,2,7200,1.00476839237
308232,308239,309826,7,1587,2,7200,1.00441083806
308273,308279,309728,6,1449,2,7200,1.00414078675
308365,308372,310088,7,1716,2,7200,1.00407925408
308381,308389,309872,8,1483,2,7200,1.00539447067
308399,308406,309901,7,1495,2,7200,1.00468227425
308401,308413,309900,12,1487,2,7200,1.00806993948
308429,308437,310092,8,1655,2,7200,1.00483383686
308445,308452,310020,7,1568,2,7200,1.00446428571
308461,308467,310063,6,1596,2,7200,1.0037593985
308483,308490,310008,7,1518,2,7200,1.0046113307
308505,308511,309973,6,1462,2,7200,1.00410396717
308507,308518,309958,11,1440,2,7200,1.00763888889
308545,308551,310150,6,1599,2,7200,1.00375234522
308658,308664,310479,6,1815,2,7200,1.00330578512
308718,308724,310254,6,1530,2,7200,1.00392156863
308801,308807,310346,6,1539,2,7200,1.00389863548
308851,308857,310423,6,1566,2,7200,1.00383141762
308867,308874,310305,7,1431,2,7200,1.00489168414
308868,308881,310424,13,1543,2,7200,1.00842514582
308889,350752,386286,41863,35534,10,43200,2.17811110486
308926,316848,360087,7922,43239,1,43200,1.1832142279
308963,308970,310638,7,1668,2,7200,1.00419664269
308979,308985,310539,6,1554,2,7200,1.00386100386
309080,309086,310653,6,1567,2,7200,1.00382897256
309121,309127,310759,6,1632,2,7200,1.00367647059
309137,309144,310618,7,1474,2,7200,1.00474898236
309153,309159,310757,6,1598,2,7200,1.00375469337
309154,309166,310695,12,1529,2,7200,1.00784826684
309222,309229,310767,7,1538,2,7200,1.00455136541
309318,309325,310769,7,1444,2,7200,1.00484764543
309326,338700,350845,29374,12145,2,43200,3.41860848086
309386,309392,310788,6,1396,2,7200,1.00429799427
309402,309408,310946,6,1538,2,7200,1.00390117035
309461,309467,310922,6,1455,2,7200,1.00412371134
309520,309526,311092,6,1566,2,7200,1.00383141762
309578,309584,311045,6,1461,2,7200,1.00410677618
309604,309610,311144,6,1534,2,7200,1.00391134289
309632,309639,311309,7,1670,2,7200,1.00419161677
309670,309676,311292,6,1616,2,7200,1.00371287129
309672,309683,311230,11,1547,2,7200,1.00711053652
309697,309703,311286,6,1583,2,7200,1.00379027164
309731,309737,311315,6,1578,2,7200,1.00380228137
309782,350856,394071,41074,43215,2,43200,1.95045701724
309826,309834,311370,8,1536,2,7200,1.00520833333
309873,309880,311466,7,1586,2,7200,1.00441361917
309904,309911,311307,7,1396,2,7200,1.00501432665
309905,309917,311419,12,1502,2,7200,1.00798934754
309961,309968,311496,7,1528,2,7200,1.00458115183
309963,309975,311500,12,1525,2,7200,1.00786885246
309978,396087,396088,86109,1,4,345600,8611.0
309979,309985,311483,6,1498,2,7200,1.00400534045
310011,310017,311614,6,1597,2,7200,1.00375704446
310026,310036,311594,10,1558,2,7200,1.00641848524
310067,310074,311609,7,1535,2,7200,1.00456026059
310089,310095,311458,6,1363,2,7200,1.00440205429
310105,310111,311691,6,1580,2,7200,1.00379746835
310152,310158,311815,6,1657,2,7200,1.00362100181
310257,310263,311756,6,1493,2,7200,1.00401875419
310307,310313,312002,6,1689,2,7200,1.00355239787
310347,310354,311877,7,1523,2,7200,1.00459619173
310424,310432,311822,8,1390,2,7200,1.00575539568
310426,310444,311924,18,1480,2,7200,1.01216216216
310482,310489,312145,7,1656,2,7200,1.00422705314
310542,310548,312063,6,1515,2,7200,1.00396039604
310594,310602,312116,8,1514,2,7200,1.00528401585
310620,310626,312175,6,1549,2,7200,1.00387346675
310641,310648,312253,7,1605,2,7200,1.00436137072
310657,310663,312172,6,1509,2,7200,1.00397614314
310698,310705,312358,7,1653,2,7200,1.00423472474
310761,310767,312259,6,1492,2,7200,1.00402144772
310762,310779,312315,17,1536,2,7200,1.01106770833
310779,310785,312412,6,1627,2,7200,1.0036877689
310780,310793,312275,13,1482,2,7200,1.00877192982
310796,310803,312343,7,1540,2,7200,1.00454545455
310926,310932,312529,6,1597,2,7200,1.00375704446
310947,310954,313047,7,2093,2,7200,1.00334448161
311049,311056,312722,7,1666,2,7200,1.00420168067
311093,311100,312584,7,1484,2,7200,1.00471698113
311096,396092,407696,84996,11604,2,172800,8.32471561531
311122,396097,407998,84975,11901,2,172800,8.14015628939
311146,311152,312620,6,1468,2,7200,1.00408719346
311231,311238,312898,7,1660,2,7200,1.00421686747
311287,311293,312965,6,1672,2,7200,1.00358851675
311303,311310,312853,7,1543,2,7200,1.00453661698
311319,311331,312811,12,1480,2,7200,1.00810810811
311321,311336,312763,15,1427,2,7200,1.01051156272
311328,311342,312937,14,1595,2,7200,1.00877742947
311371,311378,312935,7,1557,2,7200,1.00449582531
311421,311427,312976,6,1549,2,7200,1.00387346675
311459,311465,313053,6,1588,2,7200,1.00377833753
311474,311481,313084,7,1603,2,7200,1.00436681223
311490,311496,313047,6,1551,2,7200,1.00386847195
311506,311513,312859,7,1346,2,7200,1.00520059435
311508,311520,312975,12,1455,2,7200,1.00824742268
311594,311602,313119,8,1517,2,7200,1.00527356625
311610,311617,313219,7,1602,2,7200,1.00436953808
311626,311633,313202,7,1569,2,7200,1.00446144041
311692,311698,313259,6,1561,2,7200,1.00384368994
311759,311767,313175,8,1408,2,7200,1.00568181818
311819,311825,313340,6,1515,2,7200,1.00396039604
311834,311840,313588,6,1748,2,7200,1.00343249428
311881,311887,313607,6,1720,2,7200,1.00348837209
311928,311935,313375,7,1440,2,7200,1.00486111111
312002,312009,313531,7,1522,2,7200,1.00459921156
312065,312071,313647,6,1576,2,7200,1.0038071066
312118,312126,313648,8,1522,2,7200,1.00525624179
312147,312153,313677,6,1524,2,7200,1.00393700787
312175,312183,313756,8,1573,2,7200,1.00508582327
312177,312190,313786,13,1596,2,7200,1.00814536341
312258,312264,313760,6,1496,2,7200,1.00401069519
312274,312280,313855,6,1575,2,7200,1.00380952381
312289,312296,313781,7,1485,2,7200,1.00471380471
312318,312325,313864,7,1539,2,7200,1.00454840806
312344,312351,313908,7,1557,2,7200,1.00449582531
312360,312366,313751,6,1385,2,7200,1.00433212996
312412,312419,313939,7,1520,2,7200,1.00460526316
312532,312538,314243,6,1705,2,7200,1.00351906158
312585,312592,314008,7,1416,2,7200,1.00494350282
312624,312631,314166,7,1535,2,7200,1.00456026059
312726,312732,314310,6,1578,2,7200,1.00380228137
312766,312774,314375,8,1601,2,7200,1.00499687695
312813,312820,314447,7,1627,2,7200,1.00430239705
312857,312863,314300,6,1437,2,7200,1.00417536534
312873,312879,314386,6,1507,2,7200,1.00398142004
312901,312907,314533,6,1626,2,7200,1.0036900369
312936,312943,314410,7,1467,2,7200,1.00477164281
312951,312957,314568,6,1611,2,7200,1.00372439479
312967,312974,314435,7,1461,2,7200,1.00479123888
312983,312990,314515,7,1525,2,7200,1.00459016393
312985,312996,314452,11,1456,2,7200,1.00755494505
313051,313060,314665,9,1605,2,7200,1.00560747664
313052,313065,314555,13,1490,2,7200,1.00872483221
313068,313074,314750,6,1676,2,7200,1.00357995227
313087,313096,314712,9,1616,2,7200,1.00556930693
313122,313131,314792,9,1661,2,7200,1.00541842264
313178,313187,314667,9,1480,2,7200,1.00608108108
313206,313215,314837,9,1622,2,7200,1.0055487053
313222,313232,314806,10,1574,2,7200,1.00635324015
313260,313271,314822,11,1551,2,7200,1.00709219858
313342,313353,314961,11,1608,2,7200,1.00684079602
313377,313386,314974,9,1588,2,7200,1.0056675063
313533,313542,315027,9,1485,2,7200,1.00606060606
313589,313600,315121,11,1521,2,7200,1.00723208416
313611,313619,315070,8,1451,2,7200,1.00551343901
313650,313659,315323,9,1664,2,7200,1.00540865385
313651,313665,315138,14,1473,2,7200,1.00950441276
313679,313689,315402,10,1713,2,7200,1.00583771162
313752,313763,315206,11,1443,2,7200,1.00762300762
313768,313774,315382,6,1608,2,7200,1.00373134328
313770,313782,315351,12,1569,2,7200,1.00764818356
313786,313792,315430,6,1638,2,7200,1.00366300366
313787,313799,315181,12,1382,2,7200,1.00868306802
313857,313867,315421,10,1554,2,7200,1.00643500644
313873,313880,315335,7,1455,2,7200,1.00481099656
313911,313920,315372,9,1452,2,7200,1.00619834711
313942,313951,315536,9,1585,2,7200,1.00567823344
314010,314019,315502,9,1483,2,7200,1.0060687795
314170,314179,315891,9,1712,2,7200,1.00525700935
314244,314255,315723,11,1468,2,7200,1.00749318801
314303,314312,315817,9,1505,2,7200,1.00598006645
314319,314325,315898,6,1573,2,7200,1.00381436745
314379,314387,315923,8,1536,2,7200,1.00520833333
314394,314401,315964,7,1563,2,7200,1.00447856686
314413,314422,315887,9,1465,2,7200,1.00614334471
314438,314447,316062,9,1615,2,7200,1.00557275542
314454,314460,316075,6,1615,2,7200,1.00371517028
314456,314467,315992,11,1525,2,7200,1.00721311475
314517,314528,316070,11,1542,2,7200,1.00713359274
314536,314545,316223,9,1678,2,7200,1.00536352801
314558,314567,316052,9,1485,2,7200,1.00606060606
314574,314581,316004,7,1423,2,7200,1.00491918482
314578,314587,314588,9,1,1,900,1.0
314666,314677,316197,11,1520,2,7200,1.00723684211
314682,314689,316121,7,1432,2,7200,1.00488826816
314713,314724,316222,11,1498,2,7200,1.00734312417
314751,314762,316287,11,1525,2,7200,1.00721311475
314794,314804,316278,10,1474,2,7200,1.00678426052
314810,314818,316452,8,1634,2,7200,1.00489596083
314827,314833,316266,6,1433,2,7200,1.00418702024
314843,314849,316340,6,1491,2,7200,1.00402414487
314962,314973,316584,11,1611,2,7200,1.00682805711
314978,314986,316420,8,1434,2,7200,1.00557880056
315031,315039,316608,8,1569,2,7200,1.00509878904
315072,315082,316589,10,1507,2,7200,1.00663570007
315122,315134,316621,12,1487,2,7200,1.00806993948
315138,315150,316709,12,1559,2,7200,1.00769724182
315182,315193,316730,11,1537,2,7200,1.00715679896
315199,315205,315206,6,1,1,900,1.0
315208,315217,316676,9,1459,2,7200,1.00616860864
315326,315336,316893,10,1557,2,7200,1.00642260758
315342,315348,316926,6,1578,2,7200,1.00380228137
315358,315364,316825,6,1461,2,7200,1.00410677618
315374,315384,317013,10,1629,2,7200,1.00613873542
315389,315397,316993,8,1596,2,7200,1.00501253133
315405,315414,316912,9,1498,2,7200,1.00600801068
315425,315433,316921,8,1488,2,7200,1.00537634409
315441,315447,317048,6,1601,2,7200,1.00374765771
315503,315515,317217,12,1702,2,7200,1.00705052879
315538,315548,317092,10,1544,2,7200,1.00647668394
315588,315594,315595,6,1,1,900,1.0
315726,315735,317133,9,1398,2,7200,1.00643776824
315820,315831,317390,11,1559,2,7200,1.007055805
315889,315898,317340,9,1442,2,7200,1.00624133148
315906,315912,317248,6,1336,2,7200,1.00449101796
315907,315919,317374,12,1455,2,7200,1.00824742268
315926,315935,317491,9,1556,2,7200,1.0057840617
315969,315975,317604,6,1629,2,7200,1.00368324125
315998,316004,317483,6,1479,2,7200,1.00405679513
316014,316020,317684,6,1664,2,7200,1.00360576923
316040,331788,373394,15748,41606,1,86400,1.37850310051
316053,316064,317685,11,1621,2,7200,1.00678593461
316070,316076,317627,6,1551,2,7200,1.00386847195
316072,316083,317637,11,1554,2,7200,1.00707850708
316085,316091,316092,6,1,1,900,1.0
316088,316098,317772,10,1674,2,7200,1.00597371565
316124,316134,317718,10,1584,2,7200,1.00631313131
316200,316209,317709,9,1500,2,7200,1.006
316225,316234,317807,9,1573,2,7200,1.00572155118
316226,316241,317779,15,1538,2,7200,1.00975292588
316270,316279,317806,9,1527,2,7200,1.00589390963
316287,316294,317812,7,1518,2,7200,1.0046113307
316304,316311,317844,7,1533,2,7200,1.00456621005
316342,316353,317737,11,1384,2,7200,1.00794797688
316398,316404,316406,6,2,1,900,1.0
316421,316432,318130,11,1698,2,7200,1.00647820966
316455,316464,317949,9,1485,2,7200,1.00606060606
316477,316484,316485,7,1,1,900,1.0
316585,316595,318065,10,1470,2,7200,1.00680272109
316601,316607,318212,6,1605,2,7200,1.00373831776
316618,316624,318079,6,1455,2,7200,1.00412371134
316626,316633,316687,7,54,1,900,1.12962962963
316634,316640,318177,6,1537,2,7200,1.00390370852
316678,316688,318343,10,1655,2,7200,1.00604229607
316712,316722,318268,10,1546,2,7200,1.0064683053
316731,316746,318231,15,1485,2,7200,1.0101010101
316735,316741,317207,6,466,3,1200,1.01287553648
316828,316837,318483,9,1646,2,7200,1.00546780073
316890,317220,317275,330,55,1,900,7.0
316898,316907,318484,9,1577,2,7200,1.00570703868
316914,316924,318530,10,1606,2,7200,1.00622665006
316930,316936,318401,6,1465,2,7200,1.00409556314
316931,316942,318862,11,1920,2,7200,1.00572916667
316994,317005,318592,11,1587,2,7200,1.00693131695
317016,317025,318575,9,1550,2,7200,1.00580645161
317053,317060,318634,7,1574,2,7200,1.00444726811
317093,317103,318674,10,1571,2,7200,1.00636537237
317134,317145,318672,11,1527,2,7200,1.00720366732
317221,317230,318635,9,1405,2,7200,1.00640569395
317250,317266,318848,16,1582,2,7200,1.01011378003
317344,317352,318796,8,1444,2,7200,1.0055401662
317377,317386,318884,9,1498,2,7200,1.00600801068
317392,317402,319018,10,1616,2,7200,1.00618811881
317453,317460,317512,7,52,1,900,1.13461538462
317486,317495,319023,9,1528,2,7200,1.00589005236
317501,317508,319074,7,1566,2,7200,1.00446998723
317607,317616,319125,9,1509,2,7200,1.00596421471
317630,317640,319280,10,1640,2,7200,1.00609756098
317645,317652,319175,7,1523,2,7200,1.00459619173
317686,317697,319129,11,1432,2,7200,1.00768156425
317687,317702,319132,15,1430,2,7200,1.01048951049
317713,317721,319320,8,1599,2,7200,1.00500312695
317730,317737,319236,7,1499,2,7200,1.00466977985
317746,317752,319321,6,1569,2,7200,1.00382409178
317774,317784,319342,10,1558,2,7200,1.00641848524
317791,317797,319307,6,1510,2,7200,1.00397350993
317807,317818,319365,11,1547,2,7200,1.00711053652
317809,317825,319427,16,1602,2,7200,1.00998751561
317824,317838,317839,14,1,1,900,1.5
317825,317831,319414,6,1583,2,7200,1.00379027164
317847,317856,319399,9,1543,2,7200,1.00583279326
317951,317961,319336,10,1375,2,7200,1.00727272727
317956,360967,361339,43011,372,8,1200,116.620967742
317974,317981,318449,7,468,4,1200,1.01495726496
318068,318077,319538,9,1461,2,7200,1.00616016427
318084,318090,319767,6,1677,2,7200,1.00357781753
318134,318142,319592,8,1450,2,7200,1.00551724138
318178,318190,319760,12,1570,2,7200,1.0076433121
318215,318224,319576,9,1352,2,7200,1.00665680473
318235,318243,319801,8,1558,2,7200,1.00513478819
318266,318272,318275,6,3,1,900,1.0
318272,318281,319820,9,1539,2,7200,1.00584795322
318345,318354,319863,9,1509,2,7200,1.00596421471
318404,318418,319990,14,1572,2,7200,1.00890585242
318406,318413,318414,7,1,1,900,1.0
318485,318495,320020,10,1525,2,7200,1.00655737705
318487,318500,320029,13,1529,2,7200,1.00850228908
318531,318542,320113,11,1571,2,7200,1.00700190961
318577,318587,320174,10,1587,2,7200,1.00630119723
318593,318604,320343,11,1739,2,7200,1.00632547441
318610,357192,360628,38582,3436,2,86400,12.2287543655
318638,318647,320156,9,1509,2,7200,1.00596421471
318639,318652,320207,13,1555,2,7200,1.00836012862
318674,318689,320209,15,1520,2,7200,1.00986842105
318675,318694,320368,19,1674,2,7200,1.01135005974
318676,318681,318735,5,54,1,900,1.09259259259
318775,331756,331761,12981,5,1,24600,1298.6
318797,318808,320422,11,1614,2,7200,1.00681536555
318799,331773,331776,12974,3,1,21000,1297.7
318850,318860,320438,10,1578,2,7200,1.00633713561
318866,318875,320427,9,1552,2,7200,1.00579896907
318885,318896,320416,11,1520,2,7200,1.00723684211
319023,319030,320594,7,1564,2,7200,1.00447570332
319025,319037,320559,12,1522,2,7200,1.00788436268
319075,319085,320611,10,1526,2,7200,1.00655307995
319128,319136,320682,8,1546,2,7200,1.00517464424
319144,319151,320604,7,1453,2,7200,1.00481761872
319146,319158,320736,12,1578,2,7200,1.00760456274
319178,319187,320644,9,1457,2,7200,1.00617707618
319237,319247,320806,10,1559,2,7200,1.00641436818
319275,358366,359834,39091,1468,2,86400,27.628746594
319281,319292,320819,11,1527,2,7200,1.00720366732
319310,319319,320743,9,1424,2,7200,1.00632022472
319326,319332,321462,6,2130,2,7200,1.00281690141
319327,319338,320835,11,1497,2,7200,1.00734802939
319343,319350,320894,7,1544,2,7200,1.00453367876
319345,319356,320874,11,1518,2,7200,1.00724637681
319367,319377,321028,10,1651,2,7200,1.00605693519
319402,319411,321067,9,1656,2,7200,1.00543478261
319418,319426,321002,8,1576,2,7200,1.00507614213
319419,331746,331801,12327,55,1,900,225.127272727
319434,319441,320958,7,1517,2,7200,1.00461437047
319539,319550,321143,11,1593,2,7200,1.0069052103
319577,319588,321118,11,1530,2,7200,1.00718954248
319593,319603,321158,10,1555,2,7200,1.00643086817
319763,319772,321233,9,1461,2,7200,1.00616016427
319779,319786,321411,7,1625,2,7200,1.00430769231
319804,319813,321344,9,1531,2,7200,1.00587851078
319820,319833,321178,13,1345,2,7200,1.00966542751
319865,319874,321415,9,1541,2,7200,1.0058403634
319991,320002,321436,11,1434,2,7200,1.00767085077
320023,320032,321556,9,1524,2,7200,1.00590551181
320039,320046,321654,7,1608,2,7200,1.00435323383
320116,320125,321733,9,1608,2,7200,1.00559701493
320157,320167,321736,10,1569,2,7200,1.0063734863
320173,320186,321750,13,1564,2,7200,1.00831202046
320182,331751,334272,11569,2521,2,7200,5.58905196351
320208,320219,321883,11,1664,2,7200,1.00661057692
320210,320225,321747,15,1522,2,7200,1.00985545335
320347,320354,321821,7,1467,2,7200,1.00477164281
320372,320380,322008,8,1628,2,7200,1.00491400491
320419,320428,322038,9,1610,2,7200,1.00559006211
320435,320441,321912,6,1471,2,7200,1.00407885792
320436,320447,322072,11,1625,2,7200,1.00676923077
320453,320460,321875,7,1415,2,7200,1.00494699647
320561,320571,322235,10,1664,2,7200,1.00600961538
320595,320606,322206,11,1600,2,7200,1.006875
320611,320618,322187,7,1569,2,7200,1.00446144041
320613,320624,322206,11,1582,2,7200,1.00695322377
320647,320656,322137,9,1481,2,7200,1.00607697502
320684,320695,322192,11,1497,2,7200,1.00734802939
320738,320748,322158,10,1410,2,7200,1.00709219858
320753,320761,322323,8,1562,2,7200,1.00512163892
320809,320819,322332,10,1513,2,7200,1.00660938533
320825,320832,322404,7,1572,2,7200,1.00445292621
320840,320847,322377,7,1530,2,7200,1.0045751634
320878,320886,322433,8,1547,2,7200,1.00517129929
320897,320906,322292,9,1386,2,7200,1.00649350649
320959,320970,322419,11,1449,2,7200,1.00759144237
321003,321014,322562,11,1548,2,7200,1.00710594315
321031,321039,322645,8,1606,2,7200,1.00498132005
321069,321080,322630,11,1550,2,7200,1.00709677419
321119,321130,322708,11,1578,2,7200,1.00697084918
321144,321154,322772,10,1618,2,7200,1.00618046972
321160,321169,322560,9,1391,2,7200,1.00647016535
321179,321189,322812,10,1623,2,7200,1.00616142945
321235,321244,322793,9,1549,2,7200,1.00581020013
321346,321356,322915,10,1559,2,7200,1.00641436818
321413,321424,323020,11,1596,2,7200,1.00689223058
321429,321436,322992,7,1556,2,7200,1.00449871465
321445,321452,322924,7,1472,2,7200,1.00475543478
321464,321474,323239,10,1765,2,7200,1.00566572238
321557,321567,323105,10,1538,2,7200,1.00650195059
321658,321666,323207,8,1541,2,7200,1.00519143413
321736,321744,323367,8,1623,2,7200,1.00492914356
321753,321759,323251,6,1492,2,7200,1.00402144772
321754,321766,323180,12,1414,2,7200,1.00848656294
321756,321771,323694,15,1923,2,7200,1.00780031201
321824,321834,323421,10,1587,2,7200,1.00630119723
321876,321887,323413,11,1526,2,7200,1.00720838794
321892,321898,323396,6,1498,2,7200,1.00400534045
321915,321924,323488,9,1564,2,7200,1.0057544757
322011,322022,323784,11,1762,2,7200,1.00624290579
322039,322050,323514,11,1464,2,7200,1.0075136612
322074,322083,323778,9,1695,2,7200,1.00530973451
322139,322149,323872,10,1723,2,7200,1.00580383053
322161,322170,323548,9,1378,2,7200,1.00653120464
322189,322199,323783,10,1584,2,7200,1.00631313131
322205,322211,323669,6,1458,2,7200,1.00411522634
322221,322227,323698,6,1471,2,7200,1.00407885792
322223,322234,323848,11,1614,2,7200,1.00681536555
322239,322248,323741,9,1493,2,7200,1.00602813128
322294,322305,323844,11,1539,2,7200,1.00714749838
322325,322336,323740,11,1404,2,7200,1.00783475783
322341,322348,323862,7,1514,2,7200,1.00462351387
322379,322389,323869,10,1480,2,7200,1.00675675676
322407,322416,323997,9,1581,2,7200,1.00569259962
322422,322431,323857,9,1426,2,7200,1.00631136045
322438,322444,323921,6,1477,2,7200,1.00406228842
322562,322572,324135,10,1563,2,7200,1.00639795266
322563,322579,324170,16,1591,2,7200,1.0100565682
322632,322642,324304,10,1662,2,7200,1.00601684717
322648,322656,324238,8,1582,2,7200,1.00505689001
322709,322720,324216,11,1496,2,7200,1.00735294118
322774,322784,324537,10,1753,2,7200,1.00570450656
322796,322805,324393,9,1588,2,7200,1.0056675063
322815,322824,324392,9,1568,2,7200,1.00573979592
322917,322928,324537,11,1609,2,7200,1.00683654444
322933,322940,324605,7,1665,2,7200,1.0042042042
322994,323004,324543,10,1539,2,7200,1.0064977258
323023,323033,324574,10,1541,2,7200,1.00648929267
323024,341970,370497,18946,28527,1,86400,1.66414274196
323106,323117,324678,11,1561,2,7200,1.00704676489
323180,323191,324646,11,1455,2,7200,1.00756013746
323208,323219,324784,11,1565,2,7200,1.00702875399
323242,323251,324803,9,1552,2,7200,1.00579896907
323258,323264,324779,6,1515,2,7200,1.00396039604
323369,323379,324955,10,1576,2,7200,1.00634517766
323397,323408,324730,11,1322,2,7200,1.00832072617
323416,323425,324953,9,1528,2,7200,1.00589005236
323432,323438,324967,6,1529,2,7200,1.00392413342
323491,323499,325070,8,1571,2,7200,1.0050922979
323517,323526,325004,9,1478,2,7200,1.00608930988
323548,323559,325915,11,2356,2,7200,1.00466893039
323670,323680,325038,10,1358,2,7200,1.00736377025
323695,323706,325327,11,1621,2,7200,1.00678593461
323711,323717,325173,6,1456,2,7200,1.00412087912
323743,323751,325369,8,1618,2,7200,1.00494437577
323744,323758,325068,14,1310,2,7200,1.0106870229
323781,323790,325191,9,1401,2,7200,1.00642398287
323783,323797,325329,14,1532,2,7200,1.0091383812
323799,323806,325282,7,1476,2,7200,1.00474254743
323846,323856,325426,10,1570,2,7200,1.00636942675
323861,323868,325401,7,1533,2,7200,1.00456621005
323863,323875,325379,12,1504,2,7200,1.0079787234
323879,323885,325350,6,1465,2,7200,1.00409556314
323881,323891,325401,10,1510,2,7200,1.00662251656
323882,323896,325664,14,1768,2,7200,1.00791855204
323926,323933,325388,7,1455,2,7200,1.00481099656
324000,324010,325543,10,1533,2,7200,1.00652315721
324136,324146,325835,10,1689,2,7200,1.00592066311
324171,324181,325741,10,1560,2,7200,1.00641025641
324218,324229,325826,11,1597,2,7200,1.00688791484
324240,324250,325759,10,1509,2,7200,1.00662690524
324306,324317,325847,11,1530,2,7200,1.00718954248
324395,324403,325770,8,1367,2,7200,1.00585223116
324397,324411,326011,14,1600,2,7200,1.00875
324539,324550,326163,11,1613,2,7200,1.00681959082
324540,324555,325984,15,1429,2,7200,1.01049685094
324556,324563,325992,7,1429,2,7200,1.00489853044
324575,324586,326093,11,1507,2,7200,1.00729927007
324606,324617,326223,11,1606,2,7200,1.00684931507
324649,324659,326288,10,1629,2,7200,1.00613873542
324681,324690,326230,9,1540,2,7200,1.00584415584
324733,324741,326289,8,1548,2,7200,1.00516795866
324780,324791,326249,11,1458,2,7200,1.00754458162
324796,324802,326458,6,1656,2,7200,1.00362318841
324812,324819,326258,7,1439,2,7200,1.00486448923
324955,324966,326524,11,1558,2,7200,1.00706033376
324957,324972,326576,15,1604,2,7200,1.00935162095
324973,324979,326572,6,1593,2,7200,1.00376647834
325008,325016,326567,8,1551,2,7200,1.0051579626
325039,325051,326389,12,1338,2,7200,1.00896860987
325071,325079,326466,8,1387,2,7200,1.00576784427
325073,325087,326637,14,1550,2,7200,1.00903225806
325175,325184,326727,9,1543,2,7200,1.00583279326
325195,325204,326571,9,1367,2,7200,1.00658376006
325284,325293,326687,9,1394,2,7200,1.00645624103
325329,325339,326859,10,1520,2,7200,1.00657894737
325331,325345,326993,14,1648,2,7200,1.00849514563
325353,325362,326963,9,1601,2,7200,1.00562148657
325372,325381,326900,9,1519,2,7200,1.00592495063
325388,325394,326847,6,1453,2,7200,1.00412938747
325390,325401,326976,11,1575,2,7200,1.00698412698
325406,325413,326944,7,1531,2,7200,1.00457217505
325407,325419,326920,12,1501,2,7200,1.00799467022
325429,325438,327031,9,1593,2,7200,1.00564971751
325544,325555,327135,11,1580,2,7200,1.00696202532
325664,325676,327117,12,1441,2,7200,1.00832755031
325745,325753,327358,8,1605,2,7200,1.00498442368
325763,325770,327381,7,1611,2,7200,1.00434512725
325779,325787,327391,8,1604,2,7200,1.00498753117
325830,325839,327389,9,1550,2,7200,1.00580645161
325846,325852,327431,6,1579,2,7200,1.00379987334
325862,325868,327328,6,1460,2,7200,1.00410958904
325917,325927,327607,10,1680,2,7200,1.00595238095
325985,325996,327524,11,1528,2,7200,1.00719895288
326001,326009,327553,8,1544,2,7200,1.00518134715
326017,326023,327698,6,1675,2,7200,1.00358208955
326095,326105,327664,10,1559,2,7200,1.00641436818
326166,326175,327752,9,1577,2,7200,1.00570703868
326225,326235,327709,10,1474,2,7200,1.00678426052
326241,326247,327837,6,1590,2,7200,1.00377358491
326257,326263,327800,6,1537,2,7200,1.00390370852
326259,326271,327906,12,1635,2,7200,1.00733944954
326291,326299,327904,8,1605,2,7200,1.00498442368
326292,326307,327738,15,1431,2,7200,1.01048218029
326390,326401,327874,11,1473,2,7200,1.00746775289
326462,326470,328010,8,1540,2,7200,1.00519480519
326463,326477,328020,14,1543,2,7200,1.00907323396
326525,326536,327884,11,1348,2,7200,1.00816023739
326570,326579,328059,9,1480,2,7200,1.00608108108
326586,326592,328201,6,1609,2,7200,1.00372902424
326588,326599,328451,11,1852,2,7200,1.00593952484
326589,326604,328200,15,1596,2,7200,1.00939849624
326639,326650,328104,11,1454,2,7200,1.007565337
326691,326700,328409,9,1709,2,7200,1.00526623757
326729,326742,328178,13,1436,2,7200,1.00905292479
326849,326859,328555,10,1696,2,7200,1.00589622642
326865,326873,328458,8,1585,2,7200,1.00504731861
326903,326912,328412,9,1500,2,7200,1.006
326922,326932,328478,10,1546,2,7200,1.0064683053
326947,326956,328405,9,1449,2,7200,1.00621118012
326966,326975,328513,9,1538,2,7200,1.00585175553
326982,326988,328512,6,1524,2,7200,1.00393700787
326998,327005,328539,7,1534,2,7200,1.00456323338
327033,327043,328554,10,1511,2,7200,1.00661813369
327119,327129,328834,10,1705,2,7200,1.00586510264
327138,327146,328636,8,1490,2,7200,1.00536912752
327329,327340,328765,11,1425,2,7200,1.00771929825
327361,327370,328779,9,1409,2,7200,1.00638750887
327383,327393,328855,10,1462,2,7200,1.00683994528
327400,327407,328816,7,1409,2,7200,1.00496806246
327401,327414,328877,13,1463,2,7200,1.00888585099
327432,327443,328926,11,1483,2,7200,1.00741739717
327527,327536,329103,9,1567,2,7200,1.00574345884
327556,327564,329037,8,1473,2,7200,1.00543109301
327609,327619,329154,10,1535,2,7200,1.00651465798
327666,327675,329315,9,1640,2,7200,1.00548780488
327700,327709,329284,9,1575,2,7200,1.00571428571
327716,327724,329236,8,1512,2,7200,1.00529100529
327741,327749,329471,8,1722,2,7200,1.00464576074
327757,327763,329298,6,1535,2,7200,1.00390879479
327801,327813,329426,12,1613,2,7200,1.00743955363
327838,327849,329405,11,1556,2,7200,1.00706940874
327875,327886,329403,11,1517,2,7200,1.00725115359
327891,327898,329350,7,1452,2,7200,1.00482093664
327907,327915,329408,8,1493,2,7200,1.00535833891
327908,327923,329439,15,1516,2,7200,1.0098944591
328013,328021,329562,8,1541,2,7200,1.00519143413
328029,328035,329599,6,1564,2,7200,1.00383631714
328063,328071,329523,8,1452,2,7200,1.00550964187
328107,328116,329565,9,1449,2,7200,1.00621118012
328181,328190,329720,9,1530,2,7200,1.00588235294
328203,328212,329840,9,1628,2,7200,1.00552825553
328205,328219,329634,14,1415,2,7200,1.00989399293
328408,328418,329809,10,1391,2,7200,1.00718907261
328424,328430,330092,6,1662,2,7200,1.0036101083
328425,328436,330034,11,1598,2,7200,1.00688360451
328453,328463,330061,10,1598,2,7200,1.00625782228
328469,328476,329962,7,1486,2,7200,1.00471063257
328485,328492,330043,7,1551,2,7200,1.00451321728
328513,328524,330060,11,1536,2,7200,1.00716145833
328515,328531,329892,16,1361,2,7200,1.01175606172
328540,328552,330117,12,1565,2,7200,1.00766773163
328556,328566,330095,10,1529,2,7200,1.00654022237
328558,328573,330177,15,1604,2,7200,1.00935162095
328638,328648,330196,10,1548,2,7200,1.00645994832
328767,328778,330162,11,1384,2,7200,1.00794797688
328784,328791,330331,7,1540,2,7200,1.00454545455
328818,328828,330241,10,1413,2,7200,1.00707714084
328837,328845,330374,8,1529,2,7200,1.00523217789
328856,328866,330394,10,1528,2,7200,1.00654450262
328878,328888,330301,10,1413,2,7200,1.00707714084
328927,328938,330406,11,1468,2,7200,1.00749318801
329039,329049,330693,10,1644,2,7200,1.00608272506
329104,329115,330642,11,1527,2,7200,1.00720366732
329158,329166,330734,8,1568,2,7200,1.00510204082
329239,329248,330724,9,1476,2,7200,1.00609756098
329285,329296,330841,11,1545,2,7200,1.0071197411
329301,329310,330790,9,1480,2,7200,1.00608108108
329316,329327,330866,11,1539,2,7200,1.00714749838
329354,329362,330785,8,1423,2,7200,1.00562192551
329404,329415,331066,11,1651,2,7200,1.00666262871
329420,329427,331028,7,1601,2,7200,1.00437226733
329422,329434,330986,12,1552,2,7200,1.00773195876
329438,329445,330961,7,1516,2,7200,1.00461741425
329453,329459,330794,6,1335,2,7200,1.00449438202
329472,329483,330975,11,1492,2,7200,1.00737265416
329525,329534,330997,9,1463,2,7200,1.00615174299
329563,329574,331064,11,1490,2,7200,1.00738255034
329579,329586,331141,7,1555,2,7200,1.00450160772
329601,329611,331040,10,1429,2,7200,1.00699790063
329635,329645,331306,10,1661,2,7200,1.0060204696
329723,329732,331104,9,1372,2,7200,1.00655976676
329812,329821,331290,9,1469,2,7200,1.00612661675
329844,329853,331404,9,1551,2,7200,1.00580270793
329894,329904,331442,10,1538,2,7200,1.00650195059
329965,329975,331564,10,1589,2,7200,1.00629326621
330037,330046,331358,9,1312,2,7200,1.0068597561
330053,330059,331568,6,1509,2,7200,1.00397614314
330069,330076,331670,7,1594,2,7200,1.00439146801
330070,330083,331704,13,1621,2,7200,1.0080197409
330093,330104,331615,11,1511,2,7200,1.00727994705
330108,330116,331505,8,1389,2,7200,1.00575953924
330124,330130,331538,6,1408,2,7200,1.00426136364
330165,330174,331541,9,1367,2,7200,1.00658376006
330181,330189,331726,8,1537,2,7200,1.0052049447
330199,330208,331800,9,1592,2,7200,1.00565326633
330243,330253,331752,10,1499,2,7200,1.00667111408
330304,330313,331865,9,1552,2,7200,1.00579896907
330332,330343,331965,11,1622,2,7200,1.00678175092
330375,330386,331842,11,1456,2,7200,1.00755494505
330397,330405,331890,8,1485,2,7200,1.00538720539
330413,330421,331970,8,1549,2,7200,1.00516462234
330646,330655,332214,9,1559,2,7200,1.00577293137
330695,330706,332364,11,1658,2,7200,1.0066344994
330726,330736,332259,10,1523,2,7200,1.00656598818
330742,330748,332267,6,1519,2,7200,1.00394996708
330785,330797,332370,12,1573,2,7200,1.0076287349
330802,330808,332350,6,1542,2,7200,1.00389105058
330803,330814,332179,11,1365,2,7200,1.00805860806
330844,330853,332455,9,1602,2,7200,1.00561797753
330868,330878,332397,10,1519,2,7200,1.00658327847
330964,330973,332525,9,1552,2,7200,1.00579896907
330980,330986,332532,6,1546,2,7200,1.00388098318
330996,331003,332529,7,1526,2,7200,1.00458715596
331011,331017,332629,6,1612,2,7200,1.00372208437
331030,331040,332634,10,1594,2,7200,1.00627352572
331047,331053,332610,6,1557,2,7200,1.00385356455
331066,331076,332604,10,1528,2,7200,1.00654450262
331067,331083,332552,16,1469,2,7200,1.0108917631
331105,331115,332720,10,1605,2,7200,1.0062305296
331142,331152,332619,10,1467,2,7200,1.00681663258
331293,331302,332825,9,1523,2,7200,1.00590938936
331309,331317,333078,8,1761,2,7200,1.00454287337
331379,331386,333003,7,1617,2,7200,1.00432900433
331409,331415,333082,6,1667,2,7200,1.00359928014
331444,331454,332977,10,1523,2,7200,1.00656598818
331508,331518,332906,10,1388,2,7200,1.00720461095
331539,331550,332952,11,1402,2,7200,1.00784593438
331556,331563,333202,7,1639,2,7200,1.00427089689
331574,331581,333039,7,1458,2,7200,1.00480109739
331576,331587,333261,11,1674,2,7200,1.00657108722
331617,331627,333137,10,1510,2,7200,1.00662251656
331673,331682,333290,9,1608,2,7200,1.00559701493
331709,331715,333188,6,1473,2,7200,1.00407331976
331728,331739,333290,11,1551,2,7200,1.00709219858
331754,331763,333369,9,1606,2,7200,1.00560398506
331802,331812,333391,10,1579,2,7200,1.00633312223
331843,331854,333234,11,1380,2,7200,1.00797101449
331870,331876,333522,6,1646,2,7200,1.00364520049
331891,331902,333518,11,1616,2,7200,1.00680693069
331969,331975,333423,6,1448,2,7200,1.00414364641
331985,331992,333390,7,1398,2,7200,1.00500715308
332036,332349,332352,313,3,2,3540,31.6
332186,332193,333595,7,1402,2,7200,1.00499286733
332197,334290,344516,2093,10226,1,10200,1.20467435948
332212,337137,361785,4925,24648,1,24600,1.19981337228
332215,332221,333870,6,1649,2,7200,1.00363856883
332262,332269,333821,7,1552,2,7200,1.00451030928
332278,332285,333814,7,1529,2,7200,1.00457815566
332353,332360,333847,7,1487,2,7200,1.00470746469
332369,332375,333827,6,1452,2,7200,1.0041322314
332373,332382,332497,9,115,1,1800,1.07826086957
332385,332391,333986,6,1595,2,7200,1.00376175549
332401,332407,333926,6,1519,2,7200,1.00394996708
332457,332464,334075,7,1611,2,7200,1.00434512725
332509,332516,332588,7,72,2,1200,1.09722222222
332529,332536,334030,7,1494,2,7200,1.0046854083
332545,332552,334134,7,1582,2,7200,1.00442477876
332547,332559,334081,12,1522,2,7200,1.00788436268
332563,332569,334151,6,1582,2,7200,1.00379266751
332594,332602,333759,8,1157,2,1200,1.00691443388
332605,332611,334021,6,1410,2,7200,1.00425531915
332622,332629,334182,7,1553,2,7200,1.00450740502
332623,332636,334211,13,1575,2,7200,1.00825396825
332640,332647,334053,7,1406,2,7200,1.00497866287
332641,332652,334221,11,1569,2,7200,1.00701083493
332722,332728,334200,6,1472,2,7200,1.00407608696
332828,332835,334446,7,1611,2,7200,1.00434512725
332906,332913,334464,7,1551,2,7200,1.00451321728
332955,332961,334409,6,1448,2,7200,1.00414364641
332981,332987,334551,6,1564,2,7200,1.00383631714
333010,333017,334566,7,1549,2,7200,1.00451904454
333043,333049,334542,6,1493,2,7200,1.00401875419
333083,333090,334644,7,1554,2,7200,1.0045045045
333085,333097,334600,12,1503,2,7200,1.00798403194
333139,333147,334644,8,1497,2,7200,1.00534402138
333189,333196,334729,7,1533,2,7200,1.00456621005
333209,333216,334687,7,1471,2,7200,1.00475866757
333239,333245,334711,6,1466,2,7200,1.00409276944
333262,333268,334870,6,1602,2,7200,1.00374531835
333294,333300,334870,6,1570,2,7200,1.00382165605
333296,333307,334891,11,1584,2,7200,1.00694444444
333370,333377,334864,7,1487,2,7200,1.00470746469
333393,333401,335009,8,1608,2,7200,1.00497512438
333395,333408,334950,13,1542,2,7200,1.0084306096
333424,333431,334967,7,1536,2,7200,1.00455729167
333519,333529,335011,10,1482,2,7200,1.00674763833
333535,333541,335086,6,1545,2,7200,1.00388349515
333598,333606,335128,8,1522,2,7200,1.00525624179
333756,333763,333909,7,146,2,1200,1.04794520548
333816,333826,335464,10,1638,2,7200,1.00610500611
333833,333839,335335,6,1496,2,7200,1.00401069519
333835,333846,335468,11,1622,2,7200,1.00678175092
333850,333858,335434,8,1576,2,7200,1.00507614213
333873,333881,335426,8,1545,2,7200,1.00517799353
333906,333913,334058,7,145,2,1200,1.04827586207
333928,333937,335442,9,1505,2,7200,1.00598006645
333987,333997,335368,10,1371,2,7200,1.00729394602
334022,334033,335629,11,1596,2,7200,1.00689223058
334038,334045,335577,7,1532,2,7200,1.0045691906
334054,334067,335985,13,1918,2,7200,1.00677789364
334055,334061,334530,6,469,2,1200,1.01279317697
334077,334087,335610,10,1523,2,7200,1.00656598818
334093,334099,335677,6,1578,2,7200,1.00380228137
334137,334146,335761,9,1615,2,7200,1.00557275542
334153,334163,335704,10,1541,2,7200,1.00648929267
334185,334194,335788,9,1594,2,7200,1.00564617315
334201,334212,335692,11,1480,2,7200,1.00743243243
334220,334226,335738,6,1512,2,7200,1.00396825397
334236,334243,335712,7,1469,2,7200,1.00476514636
334413,334421,335876,8,1455,2,7200,1.00549828179
334449,334459,335885,10,1426,2,7200,1.00701262272
334465,334475,336055,10,1580,2,7200,1.00632911392
334543,334554,336134,11,1580,2,7200,1.00696202532
334559,334566,336157,7,1591,2,7200,1.00439974859
334575,334582,336072,7,1490,2,7200,1.00469798658
334603,334612,336046,9,1434,2,7200,1.00627615063
334644,334656,336301,12,1645,2,7200,1.00729483283
334646,334661,336138,15,1477,2,7200,1.01015572106
334690,334700,336145,10,1445,2,7200,1.00692041522
334712,334723,336084,11,1361,2,7200,1.00808229243
334731,334742,336340,11,1598,2,7200,1.00688360451
334838,337063,338683,2225,1620,4,3600,2.37345679012
334865,334876,336441,11,1565,2,7200,1.00702875399
334881,334887,336537,6,1650,2,7200,1.00363636364
334883,334893,336446,10,1553,2,7200,1.00643915003
334899,334905,336417,6,1512,2,7200,1.00396825397
334952,334962,336612,10,1650,2,7200,1.00606060606
334968,334979,336391,11,1412,2,7200,1.00779036827
335012,335020,336544,8,1524,2,7200,1.00524934383
335014,335026,336588,12,1562,2,7200,1.00768245839
335091,335098,336718,7,1620,2,7200,1.00432098765
335129,335140,336590,11,1450,2,7200,1.0075862069
335338,335347,336975,9,1628,2,7200,1.00552825553
335370,335379,336917,9,1538,2,7200,1.00585175553
335423,335438,336885,15,1447,2,7200,1.01036627505
335439,335445,337143,6,1698,2,7200,1.0035335689
335455,335462,336934,7,1472,2,7200,1.00475543478
335471,335483,336946,12,1463,2,7200,1.00820232399
335473,335488,337106,15,1618,2,7200,1.00927070457
335578,335590,337114,12,1524,2,7200,1.00787401575
335613,335622,337020,9,1398,2,7200,1.00643776824
335632,335641,337238,9,1597,2,7200,1.00563556669
335679,335689,337240,10,1551,2,7200,1.00644745326
335695,335704,337278,9,1574,2,7200,1.00571791614
335711,335717,337264,6,1547,2,7200,1.00387847447
335726,335732,337296,6,1564,2,7200,1.00383631714
335742,335749,337178,7,1429,2,7200,1.00489853044
335765,335772,337281,7,1509,2,7200,1.00463883366
335790,335799,337347,9,1548,2,7200,1.00581395349
335880,335888,337320,8,1432,2,7200,1.00558659218
335896,335903,337531,7,1628,2,7200,1.0042997543
335985,335996,337573,11,1577,2,7200,1.0069752695
336048,336059,337833,11,1774,2,7200,1.00620067644
336064,336071,337705,7,1634,2,7200,1.00428396573
336080,336087,337567,7,1480,2,7200,1.00472972973
336096,336102,337573,6,1471,2,7200,1.00407885792
336137,336145,337713,8,1568,2,7200,1.00510204082
336153,336159,337772,6,1613,2,7200,1.00371977681
336155,336165,337782,10,1617,2,7200,1.0061842919
336171,336177,337575,6,1398,2,7200,1.00429184549
336304,336313,337811,9,1498,2,7200,1.00600801068
336342,336352,337947,10,1595,2,7200,1.00626959248
336392,336403,338052,11,1649,2,7200,1.00667070952
336421,336429,337873,8,1444,2,7200,1.0055401662
336443,336453,337870,10,1417,2,7200,1.00705716302
336459,336465,337899,6,1434,2,7200,1.00418410042
336539,336549,338116,10,1567,2,7200,1.00638162093
336555,336561,338019,6,1458,2,7200,1.00411522634
336590,336600,338060,10,1460,2,7200,1.00684931507
336591,336607,338158,16,1551,2,7200,1.01031592521
336614,336624,338264,10,1640,2,7200,1.00609756098
336719,336730,338253,11,1523,2,7200,1.007222587
336888,336896,338367,8,1471,2,7200,1.00543847723
336920,336928,338378,8,1450,2,7200,1.00551724138
336936,336945,338462,9,1517,2,7200,1.00593276203
336952,336958,338476,6,1518,2,7200,1.00395256917
336977,336987,338533,10,1546,2,7200,1.0064683053
337021,337032,338640,11,1608,2,7200,1.00684079602
337107,337118,338649,11,1531,2,7200,1.00718484651
337124,337130,338692,6,1562,2,7200,1.00384122919
337146,337154,338800,8,1646,2,7200,1.00486026731
337181,337189,338799,8,1610,2,7200,1.0049689441
337240,337250,338739,10,1489,2,7200,1.00671591672
337242,337258,338742,16,1484,2,7200,1.01078167116
337267,337277,338798,10,1521,2,7200,1.00657462196
337284,337289,338925,5,1636,2,7200,1.00305623472
337285,337296,338984,11,1688,2,7200,1.00651658768
337301,337307,338813,6,1506,2,7200,1.00398406375
337323,337332,338788,9,1456,2,7200,1.00618131868
337348,337359,338981,11,1622,2,7200,1.00678175092
337533,337543,339163,10,1620,2,7200,1.00617283951
337572,337579,338982,7,1403,2,7200,1.00498930862
337574,337586,339096,12,1510,2,7200,1.00794701987
337591,337598,339226,7,1628,2,7200,1.0042997543
337593,337604,339360,11,1756,2,7200,1.0062642369
337708,337718,339254,10,1536,2,7200,1.00651041667
337725,337732,339215,7,1483,2,7200,1.00472016183
337773,337783,339393,10,1610,2,7200,1.00621118012
337789,337796,339513,7,1717,2,7200,1.00407687828
337813,337823,339360,10,1537,2,7200,1.00650618087
337833,337845,339425,12,1580,2,7200,1.00759493671
337875,337881,339499,6,1618,2,7200,1.00370828183
337876,337888,339354,12,1466,2,7200,1.00818553888
337903,337911,339539,8,1628,2,7200,1.00491400491
337951,337958,339453,7,1495,2,7200,1.00468227425
338022,338030,339663,8,1633,2,7200,1.00489895897
338055,338064,339606,9,1542,2,7200,1.00583657588
338071,338079,339613,8,1534,2,7200,1.00521512386
338117,338128,339649,11,1521,2,7200,1.00723208416
338162,338170,339569,8,1399,2,7200,1.00571837026
338255,338265,339728,10,1463,2,7200,1.00683526999
338272,338278,339793,6,1515,2,7200,1.00396039604
338371,338380,339904,9,1524,2,7200,1.00590551181
338386,338393,339811,7,1418,2,7200,1.00493653032
338464,338474,339936,10,1462,2,7200,1.00683994528
338480,338488,339938,8,1450,2,7200,1.00551724138
338535,338544,340085,9,1541,2,7200,1.0058403634
338581,338694,345896,113,7202,2,7200,1.01569008609
338643,338652,340207,9,1555,2,7200,1.00578778135
338659,338666,340326,7,1660,2,7200,1.00421686747
338693,338707,340214,14,1507,2,7200,1.00928998009
338744,338750,340211,6,1461,2,7200,1.00410677618
338746,338756,340293,10,1537,2,7200,1.00650618087
338790,338801,340304,11,1503,2,7200,1.00731869594
338806,338813,340513,7,1700,2,7200,1.00411764706
338808,338819,340311,11,1492,2,7200,1.00737265416
338809,338824,340322,15,1498,2,7200,1.01001335113
338825,338831,340421,6,1590,2,7200,1.00377358491
338926,338938,340501,12,1563,2,7200,1.00767754319
338984,338993,340603,9,1610,2,7200,1.00559006211
338985,339000,340596,15,1596,2,7200,1.00939849624
338992,339005,340413,13,1408,2,7200,1.00923295455
339099,339108,340673,9,1565,2,7200,1.00575079872
339167,339175,340602,8,1427,2,7200,1.00560616678
339216,339227,340731,11,1504,2,7200,1.00731382979
339232,339239,340911,7,1672,2,7200,1.00418660287
339257,339267,340828,10,1561,2,7200,1.0064061499
339357,339366,340897,9,1531,2,7200,1.00587851078
339373,339379,341039,6,1660,2,7200,1.00361445783
339374,339386,340968,12,1582,2,7200,1.00758533502
339395,339405,340968,10,1563,2,7200,1.00639795266
339428,339437,340936,9,1499,2,7200,1.00600400267
339456,339465,341017,9,1552,2,7200,1.00579896907
339499,339511,341041,12,1530,2,7200,1.00784313725
339515,339525,340965,10,1440,2,7200,1.00694444444
339540,339551,341042,11,1491,2,7200,1.00737759893
339571,339581,341064,10,1483,2,7200,1.00674308833
339608,339617,341122,9,1505,2,7200,1.00598006645
339624,339631,341149,7,1518,2,7200,1.0046113307
339652,339661,341137,9,1476,2,7200,1.00609756098
339668,339674,341219,6,1545,2,7200,1.00388349515
339730,339740,341267,10,1527,2,7200,1.00654878847
339796,339805,341329,9,1524,2,7200,1.00590551181
339811,339823,341340,12,1517,2,7200,1.00791034937
339907,339915,341395,8,1480,2,7200,1.00540540541
339938,339947,341420,9,1473,2,7200,1.00610997963
339939,339954,341509,15,1555,2,7200,1.00964630225
340087,340097,341622,10,1525,2,7200,1.00655737705
340210,340220,341811,10,1591,2,7200,1.00628535512
340226,340232,341830,6,1598,2,7200,1.00375469337
340227,340238,341663,11,1425,2,7200,1.00771929825
340295,340305,341826,10,1521,2,7200,1.00657462196
340310,340318,341971,8,1653,2,7200,1.00483968542
340326,340333,341712,7,1379,2,7200,1.00507614213
340328,340340,341856,12,1516,2,7200,1.00791556728
340330,340345,341823,15,1478,2,7200,1.0101488498
340416,340425,341925,9,1500,2,7200,1.006
340432,340438,341968,6,1530,2,7200,1.00392156863
340502,340516,341991,14,1475,2,7200,1.00949152542
340519,340530,342180,11,1650,2,7200,1.00666666667
340599,340607,342215,8,1608,2,7200,1.00497512438
340615,340621,342248,6,1627,2,7200,1.0036877689
340616,340627,342117,11,1490,2,7200,1.00738255034
340675,340685,342313,10,1628,2,7200,1.00614250614
340733,340743,342203,10,1460,2,7200,1.00684931507
340832,340840,342512,8,1672,2,7200,1.004784689
340899,340909,342570,10,1661,2,7200,1.0060204696
340915,340922,342373,7,1451,2,7200,1.00482425913
340937,340948,342593,11,1645,2,7200,1.00668693009
340969,340977,342468,8,1491,2,7200,1.00536552649
340970,340983,342454,13,1471,2,7200,1.00883752549
340977,340988,342438,11,1450,2,7200,1.0075862069
341020,341028,342725,8,1697,2,7200,1.00471420153
341042,341052,342559,10,1507,2,7200,1.00663570007
341044,341059,342683,15,1624,2,7200,1.0092364532
341051,341064,342542,13,1478,2,7200,1.00879566982
341066,341076,342625,10,1549,2,7200,1.00645577792
341125,341134,342990,9,1856,2,7200,1.00484913793
341141,341149,342647,8,1498,2,7200,1.00534045394
341157,341163,342778,6,1615,2,7200,1.00371517028
341222,341231,342753,9,1522,2,7200,1.00591327201
341269,341279,342709,10,1430,2,7200,1.00699300699
341330,341340,342781,10,1441,2,7200,1.00693962526
341346,341352,342901,6,1549,2,7200,1.00387346675
341398,341407,342927,9,1520,2,7200,1.00592105263
341423,341431,342995,8,1564,2,7200,1.00511508951
341511,341521,343066,10,1545,2,7200,1.00647249191
341625,341635,343173,10,1538,2,7200,1.00650195059
341665,341675,343251,10,1576,2,7200,1.00634517766
341714,341724,343215,10,1491,2,7200,1.00670690812
341809,344528,344529,2719,1,1,900,272.0
341813,341824,343308,11,1484,2,7200,1.00741239892
341829,341835,343285,6,1450,2,7200,1.00413793103
341830,341842,343340,12,1498,2,7200,1.00801068091
341846,341853,343247,7,1394,2,7200,1.0050215208
341862,341869,343581,7,1712,2,7200,1.00408878505
341927,341938,343449,11,1511,2,7200,1.00727994705
341970,341980,343465,10,1485,2,7200,1.00673400673
341985,341992,343622,7,1630,2,7200,1.00429447853
342001,342007,343601,6,1594,2,7200,1.00376411543
342118,342129,343667,11,1538,2,7200,1.00715214564
342183,342192,343776,9,1584,2,7200,1.00568181818
342205,342215,343809,10,1594,2,7200,1.00627352572
342221,342227,343799,6,1572,2,7200,1.00381679389
342249,342260,343755,11,1495,2,7200,1.00735785953
342316,342325,343776,9,1451,2,7200,1.00620261888
342375,342385,343941,10,1556,2,7200,1.00642673522
342439,342450,344024,11,1574,2,7200,1.00698856417
342455,342466,343954,11,1488,2,7200,1.00739247312
342471,342479,344201,8,1722,2,7200,1.00464576074
342514,342525,343957,11,1432,2,7200,1.00768156425
342543,342554,344140,11,1586,2,7200,1.00693568726
342562,342571,344146,9,1575,2,7200,1.00571428571
342577,342583,344254,6,1671,2,7200,1.00359066427
342596,342604,344064,8,1460,2,7200,1.00547945205
342627,342637,344165,10,1528,2,7200,1.00654450262
342649,342660,344113,11,1453,2,7200,1.0075705437
342683,342694,344127,11,1433,2,7200,1.00767620377
342711,342720,344261,9,1541,2,7200,1.0058403634
342727,342738,344327,11,1589,2,7200,1.00692259283
342755,342764,344233,9,1469,2,7200,1.00612661675
342780,342790,344335,10,1545,2,7200,1.00647249191
342782,342796,344391,14,1595,2,7200,1.00877742947
342902,342913,344474,11,1561,2,7200,1.00704676489
342930,342938,344398,8,1460,2,7200,1.00547945205
342992,343002,344496,10,1494,2,7200,1.00669344043
343008,343014,344543,6,1529,2,7200,1.00392413342
343028,346034,346036,3006,2,2,3540,300.8
343066,343078,344651,12,1573,2,7200,1.0076287349
343174,343184,344689,10,1505,2,7200,1.00664451827
343217,343226,344757,9,1531,2,7200,1.00587851078
343248,343259,344825,11,1566,2,7200,1.00702426564
343264,343271,344757,7,1486,2,7200,1.00471063257
343286,343297,344773,11,1476,2,7200,1.00745257453
343310,343321,344891,11,1570,2,7200,1.00700636943
343342,343352,344845,10,1493,2,7200,1.00669792364
343452,343461,344970,9,1509,2,7200,1.00596421471
343467,343477,345095,10,1618,2,7200,1.00618046972
343585,343594,345045,9,1451,2,7200,1.00620261888
343604,343612,345173,8,1561,2,7200,1.00512491992
343623,343634,345234,11,1600,2,7200,1.006875
343669,343679,345193,10,1514,2,7200,1.00660501982
343758,343767,345404,9,1637,2,7200,1.00549786194
343777,343788,345329,11,1541,2,7200,1.00713822193
343778,343793,345231,15,1438,2,7200,1.01043115438
343800,343811,345210,11,1399,2,7200,1.00786275911
343816,343824,345255,8,1431,2,7200,1.00559049616
343943,343953,345447,10,1494,2,7200,1.00669344043
343959,343965,345572,6,1607,2,7200,1.00373366521
343961,343973,345554,12,1581,2,7200,1.00759013283
344025,344035,345705,10,1670,2,7200,1.00598802395
344065,344076,345623,11,1547,2,7200,1.00711053652
344115,344125,345605,10,1480,2,7200,1.00675675676
344131,344139,345618,8,1479,2,7200,1.00540906018
344147,344155,345755,8,1600,2,7200,1.005
344149,344161,345641,12,1480,2,7200,1.00810810811
344167,344178,345701,11,1523,2,7200,1.007222587
344205,344214,345847,9,1633,2,7200,1.00551132884
344235,344245,345863,10,1618,2,7200,1.00618046972
344257,344267,345882,10,1615,2,7200,1.00619195046
344273,344279,345854,6,1575,2,7200,1.00380952381
344329,344340,345761,11,1421,2,7200,1.00774102745
344345,344351,345957,6,1606,2,7200,1.00373599004
344394,344403,345884,9,1481,2,7200,1.00607697502
344409,344416,345842,7,1426,2,7200,1.0049088359
344477,344487,345988,10,1501,2,7200,1.00666222518
344499,344508,345942,9,1434,2,7200,1.00627615063
344545,344555,346115,10,1560,2,7200,1.00641025641
344652,344663,346183,11,1520,2,7200,1.00723684211
344693,344701,346160,8,1459,2,7200,1.00548320768
344761,344769,346261,8,1492,2,7200,1.00536193029
344762,344774,346253,12,1479,2,7200,1.00811359026
344778,344784,346334,6,1550,2,7200,1.00387096774
344827,344838,346360,11,1522,2,7200,1.00722733246
344847,344857,346467,10,1610,2,7200,1.00621118012
344893,344903,346347,10,1444,2,7200,1.00692520776
344974,344983,346526,9,1543,2,7200,1.00583279326
345048,345058,346486,10,1428,2,7200,1.00700280112
345097,345107,346550,10,1443,2,7200,1.00693000693
345177,345186,346715,9,1529,2,7200,1.00588620013
345196,345205,346680,9,1475,2,7200,1.00610169492
345212,345222,346959,10,1737,2,7200,1.00575705239
345234,345242,346668,8,1426,2,7200,1.00561009818
345236,345249,346700,13,1451,2,7200,1.00895933839
345258,345268,346854,10,1586,2,7200,1.00630517024
345331,345340,346872,9,1532,2,7200,1.00587467363
345336,345908,346023,572,115,1,900,5.97391304348
345406,345417,346925,11,1508,2,7200,1.00729442971
345450,345459,346940,9,1481,2,7200,1.00607697502
345557,345567,346964,10,1397,2,7200,1.00715819613
345577,345583,347003,6,1420,2,7200,1.00422535211
345608,345617,347306,9,1689,2,7200,1.0053285968
345624,345630,347180,6,1550,2,7200,1.00387096774
345626,345637,347154,11,1517,2,7200,1.00725115359
345642,345649,347224,7,1575,2,7200,1.00444444444
345704,345710,347228,6,1518,2,7200,1.00395256917
345719,345726,347304,7,1578,2,7200,1.00443599493
345757,345763,347299,6,1536,2,7200,1.00390625
345772,345779,347223,7,1444,2,7200,1.00484764543
345846,345854,347694,8,1840,2,7200,1.00434782609
345862,345869,347315,7,1446,2,7200,1.00484094053
345864,345876,347320,12,1444,2,7200,1.00831024931
345865,345881,347471,16,1590,2,7200,1.01006289308
345885,345892,347300,7,1408,2,7200,1.00497159091
345886,345899,347432,13,1533,2,7200,1.00848010437
345945,345952,347632,7,1680,2,7200,1.00416666667
345961,345967,347494,6,1527,2,7200,1.00392927308
345992,345999,347532,7,1533,2,7200,1.00456621005
346115,346122,347634,7,1512,2,7200,1.00462962963
346162,346169,347716,7,1547,2,7200,1.00452488688
346184,346191,347647,7,1456,2,7200,1.00480769231
346254,346260,347706,6,1446,2,7200,1.00414937759
346270,346276,347735,6,1459,2,7200,1.00411240576
346337,346344,347908,7,1564,2,7200,1.00447570332
346353,346359,348003,6,1644,2,7200,1.00364963504
346369,346375,347945,6,1570,2,7200,1.00382165605
346470,346477,347945,7,1468,2,7200,1.00476839237
346489,346495,348109,6,1614,2,7200,1.00371747212
346529,346537,348089,8,1552,2,7200,1.00515463918
346551,346558,348304,7,1746,2,7200,1.0040091638
346668,346676,348153,8,1477,2,7200,1.00541638456
346684,346690,348152,6,1462,2,7200,1.00410396717
346700,346706,348214,6,1508,2,7200,1.00397877984
346716,346723,348392,7,1669,2,7200,1.00419412822
346857,346865,348314,8,1449,2,7200,1.005521049
346873,346880,348504,7,1624,2,7200,1.00431034483
346929,346935,348694,6,1759,2,7200,1.00341102899
346945,346951,348594,6,1643,2,7200,1.00365185636
346961,346968,348479,7,1511,2,7200,1.00463269358
346976,346984,348648,8,1664,2,7200,1.00480769231
347005,347011,348792,6,1781,2,7200,1.00336889388
347154,347160,348663,6,1503,2,7200,1.00399201597
347182,347189,348764,7,1575,2,7200,1.00444444444
347225,347232,349198,7,1966,2,7200,1.00356052899
347227,347239,348757,12,1518,2,7200,1.00790513834
347243,347250,348669,7,1419,2,7200,1.00493305144
347301,347308,348919,7,1611,2,7200,1.00434512725
347303,347315,348861,12,1546,2,7200,1.00776196636
347319,347325,348967,6,1642,2,7200,1.00365408039
347320,347332,348884,12,1552,2,7200,1.00773195876
347322,347337,348855,15,1518,2,7200,1.00988142292
347337,347345,348880,8,1535,2,7200,1.00521172638
347434,347442,348996,8,1554,2,7200,1.00514800515
347471,347478,349048,7,1570,2,7200,1.00445859873
347496,347502,349031,6,1529,2,7200,1.00392413342
347527,347534,349096,7,1562,2,7200,1.00448143406
347636,347643,349222,7,1579,2,7200,1.00443318556
347638,347650,349141,12,1491,2,7200,1.00804828974
347654,347661,349183,7,1522,2,7200,1.00459921156
347697,347704,349242,7,1538,2,7200,1.00455136541
347713,347721,349080,8,1359,2,7200,1.00588668138
347729,347736,349242,7,1506,2,7200,1.00464807437
347745,347751,349308,6,1557,2,7200,1.00385356455
347911,347918,349511,7,1593,2,7200,1.00439422473
347946,347952,349445,6,1493,2,7200,1.00401875419
347947,347959,349555,12,1596,2,7200,1.00751879699
348006,348013,349462,7,1449,2,7200,1.00483091787
348092,348098,349575,6,1477,2,7200,1.00406228842
348111,348118,349714,7,1596,2,7200,1.00438596491
348155,348162,349683,7,1521,2,7200,1.00460223537
348157,348168,349956,11,1788,2,7200,1.00615212528
348218,348226,349763,8,1537,2,7200,1.0052049447
348308,348314,349882,6,1568,2,7200,1.00382653061
348323,348330,349885,7,1555,2,7200,1.00450160772
348394,348401,349875,7,1474,2,7200,1.00474898236
348481,348488,349937,7,1449,2,7200,1.00483091787
348506,348513,350038,7,1525,2,7200,1.00459016393
348595,348602,350212,7,1610,2,7200,1.00434782609
348650,348657,350222,7,1565,2,7200,1.00447284345
348666,348672,350364,6,1692,2,7200,1.00354609929
348682,348689,350206,7,1517,2,7200,1.00461437047
348698,348705,350243,7,1538,2,7200,1.00455136541
348760,348767,350305,7,1538,2,7200,1.00455136541
348776,348783,350340,7,1557,2,7200,1.00449582531
348794,348801,350270,7,1469,2,7200,1.00476514636
348856,348862,350333,6,1471,2,7200,1.00407885792
348871,348878,350512,7,1634,2,7200,1.00428396573
348887,348895,350507,8,1612,2,7200,1.00496277916
348889,348902,350568,13,1666,2,7200,1.00780312125
348920,348927,350503,7,1576,2,7200,1.00444162437
348970,348977,350594,7,1617,2,7200,1.00432900433
348998,349004,350518,6,1514,2,7200,1.00396301189
349032,349038,350644,6,1606,2,7200,1.00373599004
349051,349057,350657,6,1600,2,7200,1.00375
349082,349089,350560,7,1471,2,7200,1.00475866757
349098,349106,350559,8,1453,2,7200,1.00550584997
349145,349152,350671,7,1519,2,7200,1.00460829493
349185,349191,350704,6,1513,2,7200,1.0039656312
349201,349207,350687,6,1480,2,7200,1.00405405405
349224,349231,350775,7,1544,2,7200,1.00453367876
349244,349250,350675,6,1425,2,7200,1.00421052632
349245,349257,350726,12,1469,2,7200,1.00816882233
349310,349317,350932,7,1615,2,7200,1.00433436533
349445,349452,351007,7,1555,2,7200,1.00450160772
349464,349471,351142,7,1671,2,7200,1.00418910832
349514,349521,351050,7,1529,2,7200,1.00457815566
349558,349565,351215,7,1650,2,7200,1.00424242424
349580,349587,351154,7,1567,2,7200,1.00446713465
349685,349691,351164,6,1473,2,7200,1.00407331976
349716,349722,351293,6,1571,2,7200,1.00381922342
349765,349771,351303,6,1532,2,7200,1.00391644909
349876,349882,351489,6,1607,2,7200,1.00373366521
349892,349898,351531,6,1633,2,7200,1.00367421923
349893,349904,351338,11,1434,2,7200,1.00767085077
349940,349947,351430,7,1483,2,7200,1.00472016183
349958,349964,351420,6,1456,2,7200,1.00412087912
350039,350046,351576,7,1530,2,7200,1.0045751634
350208,350215,351607,7,1392,2,7200,1.00502873563
350224,350231,351875,7,1644,2,7200,1.00425790754
350225,350238,351887,13,1649,2,7200,1.0078835658
350244,350251,351833,7,1582,2,7200,1.00442477876
350270,350353,350772,83,419,1,900,1.19809069212
350272,350279,351790,7,1511,2,7200,1.00463269358
350306,350313,351737,7,1424,2,7200,1.00491573034
350334,350342,351974,8,1632,2,7200,1.00490196078
350350,350359,351842,9,1483,2,7200,1.0060687795
350366,350376,351881,10,1505,2,7200,1.00664451827
350506,350515,352045,9,1530,2,7200,1.00588235294
350522,350529,352619,7,2090,2,7200,1.0033492823
350523,350536,352086,13,1550,2,7200,1.00838709677
350525,350541,352143,16,1602,2,7200,1.00998751561
350562,350570,352083,8,1513,2,7200,1.00528750826
350563,350577,352153,14,1576,2,7200,1.00888324873
350580,350587,352005,7,1418,2,7200,1.00493653032
350595,350606,352211,11,1605,2,7200,1.00685358255
350648,350657,352210,9,1553,2,7200,1.00579523503
350664,350670,352151,6,1481,2,7200,1.00405131668
350679,350686,352025,7,1339,2,7200,1.00522778193
350681,350692,352389,11,1697,2,7200,1.00648202711
350698,350705,352344,7,1639,2,7200,1.00427089689
350714,350720,352217,6,1497,2,7200,1.00400801603
350730,350739,352475,9,1736,2,7200,1.0051843318
350777,350783,352414,6,1631,2,7200,1.00367872471
350934,350942,352550,8,1608,2,7200,1.00497512438
351009,351015,352495,6,1480,2,7200,1.00405405405
351052,351058,352625,6,1567,2,7200,1.00382897256
351145,351151,352586,6,1435,2,7200,1.00418118467
351160,351168,353000,8,1832,2,7200,1.00436681223
351176,351183,352679,7,1496,2,7200,1.00467914439
351216,351222,352703,6,1481,2,7200,1.00405131668
351297,351303,352756,6,1453,2,7200,1.00412938747
351312,351319,352883,7,1564,2,7200,1.00447570332
351341,351348,352867,7,1519,2,7200,1.00460829493
351424,351432,352946,8,1514,2,7200,1.00528401585
351440,351447,353248,7,1801,2,7200,1.00388672959
351490,351496,352854,6,1358,2,7200,1.00441826215
351533,351540,352974,7,1434,2,7200,1.00488145049
351577,351583,353317,6,1734,2,7200,1.00346020761
351608,351616,353240,8,1624,2,7200,1.00492610837
351738,351744,353226,6,1482,2,7200,1.004048583
351792,351799,353389,7,1590,2,7200,1.00440251572
351835,351842,353521,7,1679,2,7200,1.0041691483
351850,351857,353476,7,1619,2,7200,1.00432365658
351878,351885,353468,7,1583,2,7200,1.00442198358
351894,351900,353428,6,1528,2,7200,1.00392670157
351896,351907,353520,11,1613,2,7200,1.00681959082
351976,351983,353586,7,1603,2,7200,1.00436681223
352007,352014,353564,7,1550,2,7200,1.00451612903
352026,352033,353553,7,1520,2,7200,1.00460526316
352049,352056,353641,7,1585,2,7200,1.00441640379
352086,352092,353691,6,1599,2,7200,1.00375234522
352088,352098,353558,10,1460,2,7200,1.00684931507
352145,352151,353687,6,1536,2,7200,1.00390625
352161,352168,353804,7,1636,2,7200,1.00427872861
352163,352175,353648,12,1473,2,7200,1.00814663951
352210,352216,353627,6,1411,2,7200,1.00425230333
352225,352232,353770,7,1538,2,7200,1.00455136541
352227,352240,353774,13,1534,2,7200,1.00847457627
352347,352354,353970,7,1616,2,7200,1.00433168317
352390,352396,353806,6,1410,2,7200,1.00425531915
352415,352421,353988,6,1567,2,7200,1.00382897256
352477,352483,353963,6,1480,2,7200,1.00405405405
352496,352502,354003,6,1501,2,7200,1.00399733511
352551,352558,354042,7,1484,2,7200,1.00471698113
352589,352595,354076,6,1481,2,7200,1.00405131668
352620,352626,354026,6,1400,2,7200,1.00428571429
352636,352642,354265,6,1623,2,7200,1.00369685767
352682,352688,354125,6,1437,2,7200,1.00417536534
352704,352710,354388,6,1678,2,7200,1.00357568534
352757,352763,354297,6,1534,2,7200,1.00391134289
352856,352863,354215,7,1352,2,7200,1.00517751479
352872,352879,354450,7,1571,2,7200,1.00445576066
352888,352894,354625,6,1731,2,7200,1.00346620451
352948,352955,354479,7,1524,2,7200,1.00459317585
352976,352982,354406,6,1424,2,7200,1.00421348315
353001,353008,354568,7,1560,2,7200,1.00448717949
353228,353234,354732,6,1498,2,7200,1.00400534045
353244,353250,354851,6,1601,2,7200,1.00374765771
353259,353266,354746,7,1480,2,7200,1.00472972973
353318,353324,355005,6,1681,2,7200,1.00356930399
353392,353399,354966,7,1567,2,7200,1.00446713465
353433,353439,354847,6,1408,2,7200,1.00426136364
353470,353476,355069,6,1593,2,7200,1.00376647834
353486,353493,355119,7,1626,2,7200,1.00430504305
353520,353526,354977,6,1451,2,7200,1.00413507926
353522,353533,355421,11,1888,2,7200,1.00582627119
353556,353562,355078,6,1516,2,7200,1.00395778364
353572,353578,355087,6,1509,2,7200,1.00397614314
353573,353585,355239,12,1654,2,7200,1.00725513906
353589,353595,355052,6,1457,2,7200,1.00411805079
353629,353635,355143,6,1508,2,7200,1.00397877984
353645,353651,355146,6,1495,2,7200,1.00401337793
353660,353667,355215,7,1548,2,7200,1.00452196382
353688,353696,355262,8,1566,2,7200,1.00510855683
353705,353713,355247,8,1534,2,7200,1.00521512386
353771,353777,355384,6,1607,2,7200,1.00373366521
353786,353793,355337,7,1544,2,7200,1.00453367876
353805,353811,355297,6,1486,2,7200,1.00403768506
353821,353827,355320,6,1493,2,7200,1.00401875419
353964,353970,355468,6,1498,2,7200,1.00400534045
353980,353986,355570,6,1584,2,7200,1.00378787879
353996,354003,355475,7,1472,2,7200,1.00475543478
354012,354019,355659,7,1640,2,7200,1.00426829268
354028,354034,355560,6,1526,2,7200,1.00393184797
354044,354050,355480,6,1430,2,7200,1.0041958042
354079,354086,355772,7,1686,2,7200,1.00415183867
354127,354133,355525,6,1392,2,7200,1.00431034483
354217,354224,355712,7,1488,2,7200,1.00470430108
354267,354273,355815,6,1542,2,7200,1.00389105058
354299,354305,355800,6,1495,2,7200,1.00401337793
354390,354396,355908,6,1512,2,7200,1.00396825397
354406,354412,355986,6,1574,2,7200,1.00381194409
354453,354460,356009,7,1549,2,7200,1.00451904454
354482,354488,356039,6,1551,2,7200,1.00386847195
354573,354579,356235,6,1656,2,7200,1.00362318841
354630,354636,356297,6,1661,2,7200,1.00361228176
354734,354741,356324,7,1583,2,7200,1.00442198358
354750,354756,356264,6,1508,2,7200,1.00397877984
354849,354856,356511,7,1655,2,7200,1.00422960725
354865,354871,356366,6,1495,2,7200,1.00401337793
354960,355186,355359,226,173,1,3600,2.3063583815
354968,354975,356543,7,1568,2,7200,1.00446428571
354984,354990,356463,6,1473,2,7200,1.00407331976
355009,355016,356606,7,1590,2,7200,1.00440251572
355054,355060,357042,6,1982,2,7200,1.00302724521
355073,355079,356569,6,1490,2,7200,1.00402684564
355089,355096,356620,7,1524,2,7200,1.00459317585
355091,355102,356588,11,1486,2,7200,1.00740242261
355122,355128,356575,6,1447,2,7200,1.00414651002
355144,355150,356723,6,1573,2,7200,1.00381436745
355160,355166,356682,6,1516,2,7200,1.00395778364
355216,355222,357021,6,1799,2,7200,1.00333518621
355241,355247,356848,6,1601,2,7200,1.00374765771
355257,355264,356813,7,1549,2,7200,1.00451904454
355274,355280,356916,6,1636,2,7200,1.00366748166
355299,355306,356704,7,1398,2,7200,1.00500715308
355321,355328,356945,7,1617,2,7200,1.00432900433
355340,355348,356782,8,1434,2,7200,1.00557880056
355385,355391,356727,6,1336,2,7200,1.00449101796
355423,355429,356858,6,1429,2,7200,1.00419874038
355470,355478,357170,8,1692,2,7200,1.00472813239
355486,355493,357076,7,1583,2,7200,1.00442198358
355488,355500,357052,12,1552,2,7200,1.00773195876
355526,355532,357015,6,1483,2,7200,1.004045853
355539,355545,355900,6,355,1,3600,1.01690140845
355561,355568,356965,7,1397,2,7200,1.00501073729
355577,355583,357180,6,1597,2,7200,1.00375704446
355662,355668,357150,6,1482,2,7200,1.004048583
355715,355722,357282,7,1560,2,7200,1.00448717949
355775,355781,357391,6,1610,2,7200,1.00372670807
355800,355806,357328,6,1522,2,7200,1.00394218134
355819,355825,357287,6,1462,2,7200,1.00410396717
355910,355916,357446,6,1530,2,7200,1.00392156863
355988,355995,357734,7,1739,2,7200,1.0040253019
356011,356017,357493,6,1476,2,7200,1.00406504065
356039,356046,357668,7,1622,2,7200,1.00431565968
356237,356244,357885,7,1641,2,7200,1.00426569165
356265,356272,357792,7,1520,2,7200,1.00460526316
356267,356279,357040,12,761,1,3600,1.01576872536
356300,356308,357766,8,1458,2,7200,1.00548696845
356325,356332,357941,7,1609,2,7200,1.00435052828
356367,356374,357831,7,1457,2,7200,1.00480439259
356465,356472,358016,7,1544,2,7200,1.00453367876
356516,356523,358006,7,1483,2,7200,1.00472016183
356544,356550,357980,6,1430,2,7200,1.0041958042
356569,356576,358175,7,1599,2,7200,1.00437773609
356585,356591,358088,6,1497,2,7200,1.00400801603
356601,356607,358090,6,1483,2,7200,1.004045853
356617,356623,358124,6,1501,2,7200,1.00399733511
356633,356639,358119,6,1480,2,7200,1.00405405405
356682,356690,358254,8,1564,2,7200,1.00511508951
356707,356715,358306,8,1591,2,7200,1.0050282841
356727,356733,358155,6,1422,2,7200,1.00421940928
356728,356740,358369,12,1629,2,7200,1.0073664825
356785,356792,358239,7,1447,2,7200,1.00483759502
356817,356823,358389,6,1566,2,7200,1.00383141762
356852,356858,358337,6,1479,2,7200,1.00405679513
356868,356874,358402,6,1528,2,7200,1.00392670157
356918,356924,358482,6,1558,2,7200,1.00385109114
356946,356953,358631,7,1678,2,7200,1.0041716329
356968,356974,358387,6,1413,2,7200,1.0042462845
357018,357024,358760,6,1736,2,7200,1.0034562212
357033,357040,358563,7,1523,2,7200,1.00459619173
357049,357056,358686,7,1630,2,7200,1.00429447853
357065,357072,358585,7,1513,2,7200,1.00462656973
357080,357087,358765,7,1678,2,7200,1.0041716329
357152,357159,358671,7,1512,2,7200,1.00462962963
357172,357178,358766,6,1588,2,7200,1.00377833753
357187,357198,358718,11,1520,2,7200,1.00723684211
357284,357294,358886,10,1592,2,7200,1.00628140704
357300,357306,358753,6,1447,2,7200,1.00414651002
357332,357340,358818,8,1478,2,7200,1.00541271989
357394,357402,358923,8,1521,2,7200,1.00525969757
357450,357459,359137,9,1678,2,7200,1.00536352801
357496,357504,359002,8,1498,2,7200,1.00534045394
357670,357680,359209,10,1529,2,7200,1.00654022237
357738,357746,359299,8,1553,2,7200,1.00515132003
357769,357777,359322,8,1545,2,7200,1.00517799353
357795,357805,359317,10,1512,2,7200,1.00661375661
357833,357843,359479,10,1636,2,7200,1.00611246944
357887,357897,359469,10,1572,2,7200,1.00636132316
357943,357953,359703,10,1750,2,7200,1.00571428571
357984,357993,359536,9,1543,2,7200,1.00583279326
358009,358018,359694,9,1676,2,7200,1.0053699284
358025,358032,359582,7,1550,2,7200,1.00451612903
358090,358100,359613,10,1513,2,7200,1.00660938533
358091,358107,359797,16,1690,2,7200,1.00946745562
358123,358132,359567,9,1435,2,7200,1.006271777
358139,358147,359726,8,1579,2,7200,1.00506649778
358158,358167,359728,9,1561,2,7200,1.00576553491
358177,358187,359839,10,1652,2,7200,1.00605326877
358242,358251,359709,9,1458,2,7200,1.00617283951
358257,358266,359808,9,1542,2,7200,1.00583657588
358284,358605,358721,321,116,1,3600,3.76724137931
358308,358318,359749,10,1431,2,7200,1.0069881202
358339,358350,359813,11,1463,2,7200,1.00751879699
358371,358381,359893,10,1512,2,7200,1.00661375661
358387,358400,359953,13,1553,2,7200,1.00837089504
358404,358411,360073,7,1662,2,7200,1.00421179302
358405,358418,359857,13,1439,2,7200,1.00903405142
358484,358495,359961,11,1466,2,7200,1.00750341064
358494,358610,358778,116,168,1,3600,1.69047619048
358565,358575,360142,10,1567,2,7200,1.00638162093
358588,358598,360003,10,1405,2,7200,1.00711743772
358634,358642,360152,8,1510,2,7200,1.00529801325
358672,358683,360119,11,1436,2,7200,1.00766016713
358688,358699,360173,11,1474,2,7200,1.00746268657
358720,358726,360252,6,1526,2,7200,1.00393184797
358754,358760,360323,6,1563,2,7200,1.00383877159
358770,358777,360226,7,1449,2,7200,1.00483091787
358772,358784,360434,12,1650,2,7200,1.00727272727
358773,358789,360272,16,1483,2,7200,1.01078894134
358820,358826,360472,6,1646,2,7200,1.00364520049
358889,358895,360432,6,1537,2,7200,1.00390370852
358901,358908,359243,7,335,1,3600,1.02089552239
358924,358930,360405,6,1475,2,7200,1.00406779661
358959,359253,359626,294,373,1,3600,1.78820375335
359006,359012,360508,6,1496,2,7200,1.00401069519
359141,359147,360737,6,1590,2,7200,1.00377358491
359213,359220,360709,7,1489,2,7200,1.00470114171
359302,359308,360894,6,1586,2,7200,1.00378310214
359319,359325,360937,6,1612,2,7200,1.00372208437
359335,359341,360789,6,1448,2,7200,1.00414364641
359474,359481,360874,7,1393,2,7200,1.00502512563
359491,359498,361055,7,1557,2,7200,1.00449582531
359541,359547,361266,6,1719,2,7200,1.0034904014
359572,359579,361230,7,1651,2,7200,1.00423985463
359589,359596,361160,7,1564,2,7200,1.00447570332
359616,359623,361131,7,1508,2,7200,1.00464190981
359698,359704,361069,6,1365,2,7200,1.0043956044
359714,359721,361300,7,1579,2,7200,1.00443318556
359716,359727,361343,11,1616,2,7200,1.00680693069
359735,359742,361294,7,1552,2,7200,1.00451030928
359736,359748,361313,12,1565,2,7200,1.00766773163
359749,359793,360393,44,600,1,3600,1.07333333333
359752,359758,361441,6,1683,2,7200,1.00356506239
359799,359805,361553,6,1748,2,7200,1.00343249428
359815,359822,361249,7,1427,2,7200,1.00490539594
359817,359829,361346,12,1517,2,7200,1.00791034937
359842,359848,361384,6,1536,2,7200,1.00390625
359858,359864,361313,6,1449,2,7200,1.00414078675
359895,359902,361595,7,1693,2,7200,1.00413467218
359955,359962,361616,7,1654,2,7200,1.00423216445
359971,359977,361439,6,1462,2,7200,1.00410396717
360006,360012,361539,6,1527,2,7200,1.00392927308
360075,360080,361546,5,1466,2,7200,1.0034106412
360122,360129,361693,7,1564,2,7200,1.00447570332
360144,360152,361663,8,1511,2,7200,1.00529450695
360160,360166,361672,6,1506,2,7200,1.00398406375
360176,360182,361744,6,1562,2,7200,1.00384122919
360229,360236,362130,7,1894,2,7200,1.00369588173
360254,360260,361695,6,1435,2,7200,1.00418118467
360273,360279,361845,6,1566,2,7200,1.00383141762
360325,360332,361745,7,1413,2,7200,1.00495399858
360406,360412,362011,6,1599,2,7200,1.00375234522
360433,360439,361981,6,1542,2,7200,1.00389105058
360449,360455,362087,6,1632,2,7200,1.00367647059
360475,360481,362121,6,1640,2,7200,1.00365853659
360510,360517,362033,7,1516,2,7200,1.00461741425
360712,360718,362247,6,1529,2,7200,1.00392413342
360740,360747,362408,7,1661,2,7200,1.00421432872
360790,360797,362159,7,1362,2,7200,1.00513950073
360881,360887,362303,6,1416,2,7200,1.00423728814
360896,360903,362398,7,1495,2,7200,1.00468227425
360940,360947,362484,7,1537,2,7200,1.00455432661
361058,361065,362487,7,1422,2,7200,1.00492264416
361074,361080,362536,6,1456,2,7200,1.00412087912
361133,361140,362742,7,1602,2,7200,1.00436953808
361161,361167,362972,6,1805,2,7200,1.00332409972
361232,361239,362754,7,1515,2,7200,1.00462046205
361253,361260,362806,7,1546,2,7200,1.00452781371
361269,361277,362782,8,1505,2,7200,1.00531561462
361279,361285,361398,6,113,1,3600,1.05309734513
361298,361304,362812,6,1508,2,7200,1.00397877984
361314,361321,362949,7,1628,2,7200,1.0042997543
361315,361328,362765,13,1437,2,7200,1.00904662491
361317,361333,362720,16,1387,2,7200,1.01153568854
361345,361353,362884,8,1531,2,7200,1.00522534291
361347,361360,362934,13,1574,2,7200,1.0082592122
361381,847236,1066068,485855,218832,1,540000,3.22021916356
361388,361394,363045,6,1651,2,7200,1.00363416111
361441,361448,363060,7,1612,2,7200,1.00434243176
361443,361455,363005,12,1550,2,7200,1.00774193548
361539,361545,363086,6,1541,2,7200,1.0038935756
361556,361562,363004,6,1442,2,7200,1.00416088766
361557,361569,363053,12,1484,2,7200,1.00808625337
361568,361576,361899,8,323,1,3600,1.02476780186
361598,361605,363009,7,1404,2,7200,1.00498575499
361617,361624,363146,7,1522,2,7200,1.00459921156
361664,361670,363310,6,1640,2,7200,1.00365853659
361679,361686,363201,7,1515,2,7200,1.00462046205
361695,361701,363226,6,1525,2,7200,1.00393442623
361697,361708,363296,11,1588,2,7200,1.00692695214
361747,361753,363219,6,1466,2,7200,1.00409276944
361749,361760,363400,11,1640,2,7200,1.00670731707
361848,361855,363343,7,1488,2,7200,1.00470430108
361983,361989,363422,6,1433,2,7200,1.00418702024
362011,362017,363559,6,1542,2,7200,1.00389105058
362034,362040,363631,6,1591,2,7200,1.00377121307
362087,362093,363500,6,1407,2,7200,1.00426439232
362122,362128,363709,6,1581,2,7200,1.00379506641
362136,847242,1035441,485106,188199,1,540000,3.57762262286
362138,362144,363774,6,1630,2,7200,1.0036809816
362160,362167,363631,7,1464,2,7200,1.00478142077
362174,362264,362385,90,121,1,1800,1.74380165289
362250,362257,363753,7,1496,2,7200,1.00467914439
362303,362310,363729,7,1419,2,7200,1.00493305144
362374,362395,363011,21,616,1,3600,1.03409090909
362399,362407,364037,8,1630,2,7200,1.00490797546
362415,362423,363896,8,1473,2,7200,1.00543109301
362486,362492,364172,6,1680,2,7200,1.00357142857
362487,362499,364137,12,1638,2,7200,1.00732600733
362538,362545,363998,7,1453,2,7200,1.00481761872
362698,362704,362819,6,115,1,1800,1.05217391304
362723,362729,364973,6,2244,2,7200,1.00267379679
362745,362752,364291,7,1539,2,7200,1.00454840806
362761,362769,364353,8,1584,2,7200,1.00505050505
362777,362784,364340,7,1556,2,7200,1.00449871465
362793,362799,364317,6,1518,2,7200,1.00395256917
362809,362815,364404,6,1589,2,7200,1.00377595972
362825,362832,364418,7,1586,2,7200,1.00441361917
362887,362893,364321,6,1428,2,7200,1.00420168067
362935,362941,364610,6,1669,2,7200,1.00359496705
362951,362958,364382,7,1424,2,7200,1.00491573034
362974,362980,364660,6,1680,2,7200,1.00357142857
363005,363013,364674,8,1661,2,7200,1.00481637568
363007,363020,364709,13,1689,2,7200,1.00769686205
363024,363031,364537,7,1506,2,7200,1.00464807437
363046,363052,364438,6,1386,2,7200,1.00432900433
363063,363070,364652,7,1582,2,7200,1.00442477876
363064,363077,365771,13,2694,2,7200,1.00482553823
363087,363094,364547,7,1453,2,7200,1.00481761872
363147,363153,364754,6,1601,2,7200,1.00374765771
363204,363210,364647,6,1437,2,7200,1.00417536534
363222,363230,364831,8,1601,2,7200,1.00499687695
363238,363246,364940,8,1694,2,7200,1.00472255018
363298,363304,364828,6,1524,2,7200,1.00393700787
363314,363321,364969,7,1648,2,7200,1.00424757282
363342,363349,364853,7,1504,2,7200,1.00465425532
363401,363409,365129,8,1720,2,7200,1.00465116279
363424,363430,364847,6,1417,2,7200,1.00423429781
363498,363504,364075,6,571,1,1800,1.01050788091
363502,363511,365066,9,1555,2,7200,1.00578778135
363560,363568,364992,8,1424,2,7200,1.00561797753
363630,363636,365186,6,1550,2,7200,1.00387096774
363646,363652,365162,6,1510,2,7200,1.00397350993
363711,363718,365261,7,1543,2,7200,1.00453661698
363731,363738,365314,7,1576,2,7200,1.00444162437
363753,363759,365338,6,1579,2,7200,1.00379987334
363776,363783,365354,7,1571,2,7200,1.00445576066
363899,363906,365405,7,1499,2,7200,1.00466977985
364001,364008,365648,7,1640,2,7200,1.00426829268
364040,364051,365635,11,1584,2,7200,1.00694444444
364138,364145,365686,7,1541,2,7200,1.00454250487
364173,364180,365777,7,1597,2,7200,1.00438321853
364293,364303,365872,10,1569,2,7200,1.0063734863
364319,364325,365959,6,1634,2,7200,1.00367197062
364335,364341,365986,6,1645,2,7200,1.00364741641
364351,364357,365971,6,1614,2,7200,1.00371747212
364352,364364,366040,12,1676,2,7200,1.00715990453
364384,364391,366866,7,2475,2,7200,1.00282828283
364407,364413,365891,6,1478,2,7200,1.00405953992
364423,364429,365917,6,1488,2,7200,1.00403225806
364439,364446,365861,7,1415,2,7200,1.00494699647
364541,364548,366002,7,1454,2,7200,1.00481430536
364557,364563,366058,6,1495,2,7200,1.00401337793
364614,364621,366067,7,1446,2,7200,1.00484094053
364649,364655,366152,6,1497,2,7200,1.00400801603
364665,364671,366298,6,1627,2,7200,1.0036877689
364666,364678,366232,12,1554,2,7200,1.00772200772
364682,364689,366151,7,1462,2,7200,1.0047879617
364711,364718,366323,7,1605,2,7200,1.00436137072
364758,364764,366343,6,1579,2,7200,1.00379987334
364829,364835,366362,6,1527,2,7200,1.00392927308
364830,364842,366476,12,1634,2,7200,1.00734394125
364849,364856,366268,7,1412,2,7200,1.00495750708
364865,364871,366348,6,1477,2,7200,1.00406228842
364942,364949,366494,7,1545,2,7200,1.00453074434
364970,364976,366522,6,1546,2,7200,1.00388098318
364986,364992,366559,6,1567,2,7200,1.00382897256
365001,365008,366539,7,1531,2,7200,1.00457217505
365069,365075,366549,6,1474,2,7200,1.00407055631
365129,365136,366663,7,1527,2,7200,1.00458415193
365163,365169,366704,6,1535,2,7200,1.00390879479
365188,365196,366618,8,1422,2,7200,1.00562587904
365264,365270,366745,6,1475,2,7200,1.00406779661
365313,365321,366968,8,1647,2,7200,1.00485731633
365338,365345,366921,7,1576,2,7200,1.00444162437
365357,365363,366879,6,1516,2,7200,1.00395778364
365408,365415,366799,7,1384,2,7200,1.00505780347
365635,365642,367305,7,1663,2,7200,1.00420926037
365651,365658,367140,7,1482,2,7200,1.00472334683
365689,365695,367229,6,1534,2,7200,1.00391134289
365772,365778,367403,6,1625,2,7200,1.00369230769
365788,365795,367252,7,1457,2,7200,1.00480439259
365812,365818,365868,6,50,1,1800,1.12
365829,365836,365951,7,115,1,1800,1.06086956522
365863,365869,367476,6,1607,2,7200,1.00373366521
365879,365886,367335,7,1449,2,7200,1.00483091787
365895,365902,367376,7,1474,2,7200,1.00474898236
365920,365927,367560,7,1633,2,7200,1.0042865891
365960,365967,367529,7,1562,2,7200,1.00448143406
365976,365982,367559,6,1577,2,7200,1.00380469245
365992,365999,367553,7,1554,2,7200,1.0045045045
366008,366014,367583,6,1569,2,7200,1.00382409178
366042,366048,367582,6,1534,2,7200,1.00391134289
366061,366068,367822,7,1754,2,7200,1.00399087799
366077,366083,367695,6,1612,2,7200,1.00372208437
366152,366159,367612,7,1453,2,7200,1.00481761872
366154,366166,367775,12,1609,2,7200,1.00745804848
366174,366181,366265,7,84,1,1800,1.08333333333
366234,366241,367819,7,1578,2,7200,1.00443599493
366267,366276,366389,9,113,1,1800,1.0796460177
366269,366283,367897,14,1614,2,7200,1.00867410161
366300,366306,368021,6,1715,2,7200,1.00349854227
366326,366332,367839,6,1507,2,7200,1.00398142004
366348,366354,367938,6,1584,2,7200,1.00378787879
366349,366361,367948,12,1587,2,7200,1.00756143667
366365,366373,367754,8,1381,2,7200,1.00579290369
366478,366484,368024,6,1540,2,7200,1.0038961039
366497,366503,368082,6,1579,2,7200,1.00379987334
366525,366531,368019,6,1488,2,7200,1.00403225806
366540,366547,367896,7,1349,2,7200,1.00518902891
366556,366563,368187,7,1624,2,7200,1.00431034483
366572,366578,368066,6,1488,2,7200,1.00403225806
366619,366626,368188,7,1562,2,7200,1.00448143406
366665,366672,368291,7,1619,2,7200,1.00432365658
366706,366712,368089,6,1377,2,7200,1.00435729847
366746,366753,368115,7,1362,2,7200,1.00513950073
366801,366808,368320,7,1512,2,7200,1.00462962963
366869,366875,368431,6,1556,2,7200,1.00385604113
366885,366892,368379,7,1487,2,7200,1.00470746469
366923,366930,368359,7,1429,2,7200,1.00489853044
366969,366975,368556,6,1581,2,7200,1.00379506641
367056,367062,367567,6,505,1,1800,1.01188118812
367117,367244,367539,127,295,1,1800,1.43050847458
367142,367148,368682,6,1534,2,7200,1.00391134289
367231,367237,368740,6,1503,2,7200,1.00399201597
367253,367259,368743,6,1484,2,7200,1.00404312668
367306,367313,369024,7,1711,2,7200,1.00409117475
367337,367345,368891,8,1546,2,7200,1.00517464424
367378,367384,368807,6,1423,2,7200,1.00421644413
367406,367412,368975,6,1563,2,7200,1.00383877159
367477,367484,369141,7,1657,2,7200,1.00422450211
367530,367537,369178,7,1641,2,7200,1.00426569165
367555,367562,369125,7,1563,2,7200,1.00447856686
367571,367578,369015,7,1437,2,7200,1.00487125957
367573,367584,369064,11,1480,2,7200,1.00743243243
367589,367595,369174,6,1579,2,7200,1.00379987334
367590,367602,369076,12,1474,2,7200,1.00814111262
367615,367623,369169,8,1546,2,7200,1.00517464424
367699,367705,369205,6,1500,2,7200,1.004
367756,367763,369215,7,1452,2,7200,1.00482093664
367777,367784,369331,7,1547,2,7200,1.00452488688
367821,367827,369187,6,1360,2,7200,1.00441176471
367836,367842,369216,6,1374,2,7200,1.00436681223
367852,367858,369268,6,1410,2,7200,1.00425531915
367896,367902,369267,6,1365,2,7200,1.0043956044
367897,367910,369386,13,1476,2,7200,1.00880758808
367942,367948,369382,6,1434,2,7200,1.00418410042
367958,367964,369465,6,1501,2,7200,1.00399733511
368020,368027,369606,7,1579,2,7200,1.00443318556
368022,368034,369547,12,1513,2,7200,1.00793126239
368039,368046,369423,7,1377,2,7200,1.00508351489
368068,368075,369576,7,1501,2,7200,1.00466355763
368084,368090,369724,6,1634,2,7200,1.00367197062
368100,368107,369550,7,1443,2,7200,1.00485100485
368116,368122,369729,6,1607,2,7200,1.00373366521
368189,368195,369721,6,1526,2,7200,1.00393184797
368190,368202,369856,12,1654,2,7200,1.00725513906
368293,368299,369813,6,1514,2,7200,1.00396301189
368322,368328,369916,6,1588,2,7200,1.00377833753
368335,847247,1387276,478912,540029,1,540000,1.88682644821
368362,368368,369792,6,1424,2,7200,1.00421348315
368381,368387,370158,6,1771,2,7200,1.00338791643
368434,368440,370085,6,1645,2,7200,1.00364741641
368557,368564,369979,7,1415,2,7200,1.00494699647
368683,368689,370073,6,1384,2,7200,1.00433526012
368740,368747,370390,7,1643,2,7200,1.00426049909
368756,368762,370216,6,1454,2,7200,1.00412654746
368809,368815,370308,6,1493,2,7200,1.00401875419
368892,368899,370498,7,1599,2,7200,1.00437773609
368978,368984,370527,6,1543,2,7200,1.00388852884
369019,369026,370557,7,1531,2,7200,1.00457217505
369035,369041,370565,6,1524,2,7200,1.00393700787
369066,369073,370543,7,1470,2,7200,1.00476190476
369082,369090,370678,8,1588,2,7200,1.00503778338
369126,369133,370716,7,1583,2,7200,1.00442198358
369145,369151,370560,6,1409,2,7200,1.00425833925
369170,369176,370718,6,1542,2,7200,1.00389105058
369186,369192,370828,6,1636,2,7200,1.00366748166
369188,369199,370699,11,1500,2,7200,1.00733333333
369189,369204,371245,15,2041,2,7200,1.00734933856
369205,369211,370685,6,1474,2,7200,1.00407055631
369222,369228,370739,6,1511,2,7200,1.00397088021
369224,369235,370737,11,1502,2,7200,1.00732356858
369268,369274,370815,6,1541,2,7200,1.0038935756
369269,369280,370879,11,1599,2,7200,1.00687929956
369331,369338,370896,7,1558,2,7200,1.00449293967
369384,369390,370897,6,1507,2,7200,1.00398142004
369400,369406,370899,6,1493,2,7200,1.00401875419
369425,369431,370955,6,1524,2,7200,1.00393700787
369465,369472,371168,7,1696,2,7200,1.00412735849
369469,369479,369524,10,45,1,1800,1.22222222222
369549,369557,371127,8,1570,2,7200,1.0050955414
369551,369564,371089,13,1525,2,7200,1.00852459016
369576,369582,371166,6,1584,2,7200,1.00378787879
369608,369615,371112,7,1497,2,7200,1.0046760187
369725,369732,371358,7,1626,2,7200,1.00430504305
369726,369739,371309,13,1570,2,7200,1.00828025478
369742,369749,371247,7,1498,2,7200,1.0046728972
369792,369798,371334,6,1536,2,7200,1.00390625
369814,369821,371294,7,1473,2,7200,1.00475220638
369857,369863,371491,6,1628,2,7200,1.00368550369
369867,369874,369955,7,81,1,1800,1.08641975309
369919,369926,371582,7,1656,2,7200,1.00422705314
369981,369988,371657,7,1669,2,7200,1.00419412822
370076,370083,371642,7,1559,2,7200,1.00449005773
370092,370100,371642,8,1542,2,7200,1.00518806744
370158,370165,371798,7,1633,2,7200,1.0042865891
370214,370220,371850,6,1630,2,7200,1.0036809816
370309,370315,371731,6,1416,2,7200,1.00423728814
370393,370400,372060,7,1660,2,7200,1.00421686747
370500,370512,372239,12,1727,2,7200,1.00694846555
370528,370534,372006,6,1472,2,7200,1.00407608696
370544,370550,372203,6,1653,2,7200,1.00362976407
370560,370567,372188,7,1621,2,7200,1.00431832202
370561,370574,372097,13,1523,2,7200,1.00853578464
370578,370584,372051,6,1467,2,7200,1.00408997955
370679,370685,372061,6,1376,2,7200,1.00436046512
370695,370702,372239,7,1537,2,7200,1.00455432661
370710,370717,372293,7,1576,2,7200,1.00444162437
370726,370733,372135,7,1402,2,7200,1.00499286733
370728,370739,372351,11,1612,2,7200,1.00682382134
370744,370750,373046,6,2296,2,7200,1.00261324042
370745,370757,372362,12,1605,2,7200,1.00747663551
370768,370776,388815,8,18039,1,18000,1.00044348356
370817,370824,372378,7,1554,2,7200,1.0045045045
370820,370831,388871,11,18040,1,18000,1.0006097561
370833,370840,372285,7,1445,2,7200,1.00484429066
370880,370887,372416,7,1529,2,7200,1.00457815566
370896,370902,372432,6,1530,2,7200,1.00392156863
370898,370909,372379,11,1470,2,7200,1.0074829932
370913,370921,372485,8,1564,2,7200,1.00511508951
370946,370952,371239,6,287,1,1800,1.02090592334
370957,370964,372422,7,1458,2,7200,1.00480109739
371093,371101,372846,8,1745,2,7200,1.00458452722
371100,371107,389152,7,18045,1,18000,1.00038791909
371116,371122,372451,6,1329,2,7200,1.00451467269
371131,371137,372781,6,1644,2,7200,1.00364963504
371169,371176,372578,7,1402,2,7200,1.00499286733
371170,371183,372619,13,1436,2,7200,1.00905292479
371246,371252,372987,6,1735,2,7200,1.00345821326
371262,371269,372792,7,1523,2,7200,1.00459619173
371296,371303,372930,7,1627,2,7200,1.00430239705
371312,371318,372752,6,1434,2,7200,1.00418410042
371337,371343,372885,6,1542,2,7200,1.00389105058
371362,371368,372905,6,1537,2,7200,1.00390370852
371460,371466,389487,6,18021,1,18000,1.0003329449
371492,371499,373061,7,1562,2,7200,1.00448143406
371574,371580,389608,6,18028,1,18000,1.00033281562
371581,371588,373110,7,1522,2,7200,1.00459921156
371646,371652,373261,6,1609,2,7200,1.00372902424
371647,371658,373180,11,1522,2,7200,1.00722733246
371663,371670,373230,7,1560,2,7200,1.00448717949
371731,371737,373587,6,1850,2,7200,1.00324324324
371799,371805,373329,6,1524,2,7200,1.00393700787
371852,371859,373389,7,1530,2,7200,1.0045751634
372010,372016,373524,6,1508,2,7200,1.00397877984
372053,372061,373684,8,1623,2,7200,1.00492914356
372069,372076,373486,7,1410,2,7200,1.00496453901
372071,372083,373636,12,1553,2,7200,1.00772698004
372100,372107,373684,7,1577,2,7200,1.00443880786
372137,372144,373648,7,1504,2,7200,1.00465425532
372193,372200,373677,7,1477,2,7200,1.00473933649
372209,372215,373785,6,1570,2,7200,1.00382165605
372241,372248,373758,7,1510,2,7200,1.00463576159
372242,372255,373683,13,1428,2,7200,1.00910364146
372289,372296,373878,7,1582,2,7200,1.00442477876
372305,372312,373913,7,1601,2,7200,1.00437226733
372354,372361,373859,7,1498,2,7200,1.0046728972
372370,372376,374174,6,1798,2,7200,1.00333704116
372386,372393,373923,7,1530,2,7200,1.0045751634
372388,372399,373846,11,1447,2,7200,1.00760193504
372419,372425,373930,6,1505,2,7200,1.00398671096
372435,372442,374065,7,1623,2,7200,1.00431300062
372437,372449,373889,12,1440,2,7200,1.00833333333
372453,372459,374027,6,1568,2,7200,1.00382653061
372487,372494,373971,7,1477,2,7200,1.00473933649
372580,372586,374040,6,1454,2,7200,1.00412654746
372621,372627,374193,6,1566,2,7200,1.00383141762
372752,372759,374248,7,1489,2,7200,1.00470114171
372784,372791,374213,7,1422,2,7200,1.00492264416
372800,372806,374383,6,1577,2,7200,1.00380469245
372847,372853,374424,6,1571,2,7200,1.00381922342
372887,372893,374374,6,1481,2,7200,1.00405131668
372906,372914,374570,8,1656,2,7200,1.00483091787
372932,372939,374420,7,1481,2,7200,1.00472653612
372991,373002,374553,11,1551,2,7200,1.00709219858
373047,373054,374496,7,1442,2,7200,1.00485436893
373063,373070,374554,7,1484,2,7200,1.00471698113
373110,373117,374649,7,1532,2,7200,1.0045691906
373182,373188,374633,6,1445,2,7200,1.00415224913
373231,373238,374773,7,1535,2,7200,1.00456026059
373263,373269,375222,6,1953,2,7200,1.00307219662
373330,373337,374796,7,1459,2,7200,1.00479780672
373386,373393,374875,7,1482,2,7200,1.00472334683
373488,373494,374978,6,1484,2,7200,1.00404312668
373528,373535,375030,7,1495,2,7200,1.00468227425
373590,373596,375202,6,1606,2,7200,1.00373599004
373637,373643,375194,6,1551,2,7200,1.00386847195
373653,373659,375135,6,1476,2,7200,1.00406504065
373679,373685,375341,6,1656,2,7200,1.00362318841
373695,373701,375215,6,1514,2,7200,1.00396301189
373696,373708,375267,12,1559,2,7200,1.00769724182
373698,373713,375352,15,1639,2,7200,1.0091519219
373760,373767,375453,7,1686,2,7200,1.00415183867
373788,373795,375383,7,1588,2,7200,1.00440806045
373847,373854,375405,7,1551,2,7200,1.00451321728
373863,373869,375544,6,1675,2,7200,1.00358208955
373882,373889,375364,7,1475,2,7200,1.00474576271
373898,373905,375389,7,1484,2,7200,1.00471698113
373914,373921,375365,7,1444,2,7200,1.00484764543
373930,373936,375294,6,1358,2,7200,1.00441826215
373946,373953,375531,7,1578,2,7200,1.00443599493
373976,373984,375550,8,1566,2,7200,1.00510855683
374029,374036,375438,7,1402,2,7200,1.00499286733
374045,374051,375563,6,1512,2,7200,1.00396825397
374067,374073,375624,6,1551,2,7200,1.00386847195
374175,374182,375652,7,1470,2,7200,1.00476190476
374194,374202,375736,8,1534,2,7200,1.00521512386
374213,374220,375704,7,1484,2,7200,1.00471698113
374251,374258,376076,7,1818,2,7200,1.00385038504
374376,374383,375997,7,1614,2,7200,1.00433705081
374392,374399,375933,7,1534,2,7200,1.00456323338
374424,374430,375859,6,1429,2,7200,1.00419874038
374425,374438,376007,13,1569,2,7200,1.00828553219
374496,374504,376087,8,1583,2,7200,1.00505369551
374556,374562,376019,6,1457,2,7200,1.00411805079
374557,374569,376094,12,1525,2,7200,1.00786885246
374573,374581,376215,8,1634,2,7200,1.00489596083
374635,374641,376230,6,1589,2,7200,1.00377595972
374651,374658,376240,7,1582,2,7200,1.00442477876
374775,374782,376317,7,1535,2,7200,1.00456026059
374798,374804,376447,6,1643,2,7200,1.00365185636
374875,374881,376374,6,1493,2,7200,1.00401875419
374980,374986,376528,6,1542,2,7200,1.00389105058
375033,375039,376595,6,1556,2,7200,1.00385604113
375136,375143,376743,7,1600,2,7200,1.004375
375195,375203,376840,8,1637,2,7200,1.00488698839
375211,375218,376710,7,1492,2,7200,1.00469168901
375227,375234,376615,7,1381,2,7200,1.00506879073
375229,375240,376677,11,1437,2,7200,1.00765483646
375269,375275,376764,6,1489,2,7200,1.00402955003
375298,375305,376854,7,1549,2,7200,1.00451904454
375341,375349,376847,8,1498,2,7200,1.00534045394
375357,375363,376955,6,1592,2,7200,1.00376884422
375373,375380,376834,7,1454,2,7200,1.00481430536
375375,375386,377017,11,1631,2,7200,1.00674432863
375391,375397,377016,6,1619,2,7200,1.00370599135
375392,375404,376985,12,1581,2,7200,1.00759013283
375408,375415,377009,7,1594,2,7200,1.00439146801
375436,375444,376950,8,1506,2,7200,1.00531208499
375455,375461,377123,6,1662,2,7200,1.0036101083
375532,375538,377089,6,1551,2,7200,1.00386847195
375548,375555,377038,7,1483,2,7200,1.00472016183
375564,375570,377105,6,1535,2,7200,1.00390879479
375566,375577,377277,11,1700,2,7200,1.00647058824
375625,375631,377290,6,1659,2,7200,1.00361663653
375653,375659,377128,6,1469,2,7200,1.00408441116
375706,375713,377234,7,1521,2,7200,1.00460223537
375738,375745,377266,7,1521,2,7200,1.00460223537
375803,375809,375815,6,6,1,1200,1.2
375840,375847,391076,7,15229,1,18000,1.00045964935
375860,375867,377370,7,1503,2,7200,1.00465735196
375936,375942,377429,6,1487,2,7200,1.00403496974
375998,376005,377625,7,1620,2,7200,1.00432098765
376014,376021,377506,7,1485,2,7200,1.00471380471
376030,376037,377399,7,1362,2,7200,1.00513950073
376080,376087,377516,7,1429,2,7200,1.00489853044
376096,376103,377522,7,1419,2,7200,1.00493305144
376098,376110,377588,12,1478,2,7200,1.00811907984
376160,376167,376211,7,44,1,1200,1.15909090909
376216,376223,377809,7,1586,2,7200,1.00441361917
376233,376239,377739,6,1500,2,7200,1.004
376249,376256,378022,7,1766,2,7200,1.00396375991
376321,376327,377831,6,1504,2,7200,1.0039893617
376377,376383,377983,6,1600,2,7200,1.00375
376409,376415,386614,6,10199,1,18000,1.00058829297
376448,376455,378006,7,1551,2,7200,1.00451321728
376478,376484,394500,6,18016,1,18000,1.0003330373
376516,376523,394568,7,18045,1,18000,1.00038791909
376529,376537,378122,8,1585,2,7200,1.00504731861
376543,376551,394578,8,18027,1,18000,1.00044377878
376598,376605,378130,7,1525,2,7200,1.00459016393
376617,376624,378292,7,1668,2,7200,1.00419664269
376680,376687,378329,7,1642,2,7200,1.00426309379
376711,376719,378192,8,1473,2,7200,1.00543109301
376747,376754,378225,7,1471,2,7200,1.00475866757
376766,376772,378348,6,1576,2,7200,1.0038071066
376838,376845,378464,7,1619,2,7200,1.00432365658
376854,376862,378307,8,1445,2,7200,1.00553633218
376856,376869,378462,13,1593,2,7200,1.00816070308
376858,376874,378355,16,1481,2,7200,1.01080351114
376951,376959,378365,8,1406,2,7200,1.00568990043
376968,376974,378429,6,1455,2,7200,1.00412371134
376987,376993,378517,6,1524,2,7200,1.00393700787
377010,377017,378524,7,1507,2,7200,1.00464499005
377012,377024,378463,12,1439,2,7200,1.00833912439
377028,377035,378600,7,1565,2,7200,1.00447284345
377044,377052,378584,8,1532,2,7200,1.00522193211
377091,377097,378504,6,1407,2,7200,1.00426439232
377108,377114,378620,6,1506,2,7200,1.00398406375
377123,377130,378667,7,1537,2,7200,1.00455432661
377140,377146,378876,6,1730,2,7200,1.00346820809
377236,377242,378816,6,1574,2,7200,1.00381194409
377267,377273,378829,6,1556,2,7200,1.00385604113
377284,377291,378984,7,1693,2,7200,1.00413467218
377300,377307,378800,7,1493,2,7200,1.00468854655
377374,377381,378872,7,1491,2,7200,1.00469483568
377404,377411,379038,7,1627,2,7200,1.00430239705
377436,377443,379029,7,1586,2,7200,1.00441361917
377508,377514,378997,6,1483,2,7200,1.004045853
377525,377532,379172,7,1640,2,7200,1.00426829268
377526,377538,378985,12,1447,2,7200,1.00829302004
377592,377598,379096,6,1498,2,7200,1.00400534045
377631,377638,379269,7,1631,2,7200,1.00429184549
377741,377747,379206,6,1459,2,7200,1.00411240576
377798,377805,377816,7,11,1,43200,1.63636363636
377811,377817,379368,6,1551,2,7200,1.00386847195
377836,377842,379364,6,1522,2,7200,1.00394218134
377922,392200,464228,14278,72028,1,72000,1.19822846671
377986,377994,379593,8,1599,2,7200,1.00500312695
378009,378016,379457,7,1441,2,7200,1.00485773768
378025,378031,379640,6,1609,2,7200,1.00372902424
378124,378130,379756,6,1626,2,7200,1.0036900369
378140,378147,379641,7,1494,2,7200,1.0046854083
378194,378201,379906,7,1705,2,7200,1.00410557185
378226,378232,379738,6,1506,2,7200,1.00398406375
378293,378300,379803,7,1503,2,7200,1.00465735196
378309,378316,379846,7,1530,2,7200,1.0045751634
378332,378338,379874,6,1536,2,7200,1.00390625
378351,378358,379977,7,1619,2,7200,1.00432365658
378367,378374,380001,7,1627,2,7200,1.00430239705
378369,378380,380689,11,2309,2,7200,1.00476396709
378432,378439,380072,7,1633,2,7200,1.0042865891
378463,378469,379924,6,1455,2,7200,1.00412371134
378465,378481,379897,16,1416,2,7200,1.01129943503
378481,378487,380150,6,1663,2,7200,1.00360793746
378506,378514,379912,8,1398,2,7200,1.00572246066
378523,378529,380165,6,1636,2,7200,1.00366748166
378539,378545,380153,6,1608,2,7200,1.00373134328
378587,378594,380143,7,1549,2,7200,1.00451904454
378603,378610,380164,7,1554,2,7200,1.0045045045
378622,378628,380186,6,1558,2,7200,1.00385109114
378670,378677,380209,7,1532,2,7200,1.0045691906
378803,378809,380226,6,1417,2,7200,1.00423429781
378820,378826,380322,6,1496,2,7200,1.00401069519
378833,396975,397381,18142,406,1,86400,45.684729064
378838,378844,380508,6,1664,2,7200,1.00360576923
378876,378883,380379,7,1496,2,7200,1.00467914439
378878,378890,380534,12,1644,2,7200,1.00729927007
378987,378993,380495,6,1502,2,7200,1.00399467377
378989,379000,380628,11,1628,2,7200,1.00675675676
379005,379011,380612,6,1601,2,7200,1.00374765771
379031,379038,380571,7,1533,2,7200,1.00456621005
379047,379053,380537,6,1484,2,7200,1.00404312668
379098,379105,380604,7,1499,2,7200,1.00466977985
379173,379180,380585,7,1405,2,7200,1.00498220641
379208,379214,380667,6,1453,2,7200,1.00412938747
379271,379277,380837,6,1560,2,7200,1.00384615385
379367,379373,380871,6,1498,2,7200,1.00400534045
379383,379390,380908,7,1518,2,7200,1.0046113307
379458,379464,380911,6,1447,2,7200,1.00414651002
379595,379601,381153,6,1552,2,7200,1.00386597938
379643,379650,381189,7,1539,2,7200,1.00454840806
379645,379657,381387,12,1730,2,7200,1.00693641618
379741,379748,381329,7,1581,2,7200,1.00442757748
379760,379766,381166,6,1400,2,7200,1.00428571429
379801,379807,397835,6,18028,1,18000,1.00033281562
379807,379814,381262,7,1448,2,7200,1.00483425414
379835,379842,397868,7,18026,1,18000,1.00038832797
379848,379855,381508,7,1653,2,7200,1.00423472474
379877,379883,381494,6,1611,2,7200,1.00372439479
379892,379899,397924,7,18025,1,18000,1.00038834951
379900,379907,381479,7,1572,2,7200,1.00445292621
379916,379923,381482,7,1559,2,7200,1.00449005773
379918,379930,381509,12,1579,2,7200,1.00759974668
379934,379940,381450,6,1510,2,7200,1.00397350993
379979,379986,381566,7,1580,2,7200,1.00443037975
380004,380011,381598,7,1587,2,7200,1.00441083806
380074,380081,381523,7,1442,2,7200,1.00485436893
380145,380151,381609,6,1458,2,7200,1.00411522634
380161,380168,381549,7,1381,2,7200,1.00506879073
380163,380175,381867,12,1692,2,7200,1.00709219858
380180,380187,381561,7,1374,2,7200,1.00509461426
380181,380194,381786,13,1592,2,7200,1.00816582915
380198,380205,381804,7,1599,2,7200,1.00437773609
380214,380221,381575,7,1354,2,7200,1.00516986706
380232,380238,381749,6,1511,2,7200,1.00397088021
380324,380330,381746,6,1416,2,7200,1.00423728814
380381,380387,382102,6,1715,2,7200,1.00349854227
380497,380504,382103,7,1599,2,7200,1.00437773609
380513,380520,382069,7,1549,2,7200,1.00451904454
380536,380544,382056,8,1512,2,7200,1.00529100529
380538,380550,381997,12,1447,2,7200,1.00829302004
380574,380580,382101,6,1521,2,7200,1.00394477318
380590,380596,382070,6,1474,2,7200,1.00407055631
380607,380614,382219,7,1605,2,7200,1.00436137072
380614,380624,382365,10,1741,4,28800,1.00574382539
380623,380631,382776,8,2145,2,7200,1.00372960373
380640,380646,382033,6,1387,2,7200,1.0043258832
380669,380676,382305,7,1629,2,7200,1.00429711479
380689,380697,382199,8,1502,2,7200,1.00532623169
380838,380846,382274,8,1428,2,7200,1.0056022409
380874,380880,382518,6,1638,2,7200,1.00366300366
380910,380917,382478,7,1561,2,7200,1.00448430493
380926,380932,382503,6,1571,2,7200,1.00381922342
381157,381164,382686,7,1522,2,7200,1.00459921156
381173,381180,382720,7,1540,2,7200,1.00454545455
381192,381199,382791,7,1592,2,7200,1.00439698492
381265,381271,382721,6,1450,2,7200,1.00413793103
381330,381337,382793,7,1456,2,7200,1.00480769231
381390,381397,382727,7,1330,2,7200,1.00526315789
381418,381494,383203,76,1709,4,28800,1.04447045056
381453,381460,383021,7,1561,2,7200,1.00448430493
381478,381484,383001,6,1517,2,7200,1.00395517469
381495,381520,391191,25,9671,1,18000,1.00258504808
381497,381504,383149,7,1645,2,7200,1.00425531915
381499,381511,383243,12,1732,2,7200,1.00692840647
381516,381527,383059,11,1532,2,7200,1.00718015666
381517,381532,383101,15,1569,2,7200,1.00956022945
381533,381541,383102,8,1561,2,7200,1.00512491992
381553,381559,383018,6,1459,2,7200,1.00411240576
381569,381576,383090,7,1514,2,7200,1.00462351387
381570,381583,383031,13,1448,2,7200,1.00897790055
381588,381594,383261,6,1667,2,7200,1.00359928014
381604,381610,397271,6,15661,2,43200,1.0003831173
381604,381616,383127,12,1511,2,7200,1.00794176042
381620,381627,383027,7,1400,2,7200,1.005
381686,381879,383524,193,1645,4,43200,1.11732522796
381745,382118,383526,373,1408,4,43200,1.26491477273
381750,381758,383290,8,1532,2,7200,1.00522193211
381752,381765,383384,13,1619,2,7200,1.00802964793
381786,381793,383340,7,1547,2,7200,1.00452488688
381806,381812,383382,6,1570,2,7200,1.00382165605
381872,381884,383350,12,1466,2,7200,1.00818553888
381999,382006,383473,7,1467,2,7200,1.00477164281
382034,382040,383615,6,1575,2,7200,1.00380952381
382057,382064,383586,7,1522,2,7200,1.00459921156
382073,382086,383555,13,1469,2,7200,1.00884955752
382075,382091,383716,16,1625,2,7200,1.00984615385
382105,382111,383666,6,1555,2,7200,1.0038585209
382107,382123,383659,16,1536,2,7200,1.01041666667
382108,382128,383763,20,1635,2,7200,1.0122324159
382113,396108,434916,13995,38808,10,57600,1.36062152134
382202,382208,383699,6,1491,2,7200,1.00402414487
382221,382228,383768,7,1540,2,7200,1.00454545455
382278,382284,383693,6,1409,2,7200,1.00425833925
382307,382313,384090,6,1777,2,7200,1.00337647721
382346,382377,400395,31,18018,1,18000,1.00172050172
382482,382488,384107,6,1619,2,7200,1.00370599135
382505,382512,384034,7,1522,2,7200,1.00459921156
382521,382528,383873,7,1345,2,7200,1.00520446097
382634,382737,382740,103,3,4,28800,10.6
382665,382672,392057,7,9385,2,14400,1.00074587107
382688,382694,384518,6,1824,2,7200,1.00328947368
382723,382730,384216,7,1486,2,7200,1.00471063257
382725,382742,384311,17,1569,2,7200,1.0108349267
382741,382749,384478,8,1729,2,7200,1.004626952
382777,382784,384189,7,1405,2,7200,1.00498220641
382793,382799,384291,6,1492,2,7200,1.00402144772
382795,382806,384386,11,1580,2,7200,1.00696202532
383002,383008,384503,6,1495,2,7200,1.00401337793
383021,383028,384412,7,1384,2,7200,1.00505780347
383023,383035,384619,12,1584,2,7200,1.00757575758
383039,383045,384643,6,1598,2,7200,1.00375469337
383041,383052,384525,11,1473,2,7200,1.00746775289
383064,383070,384613,6,1543,2,7200,1.00388852884
383083,396103,741724,13020,345621,16,345600,1.03767132206
383093,383101,384629,8,1528,2,7200,1.00523560209
383110,383116,384605,6,1489,2,7200,1.00402955003
383111,383123,384730,12,1607,2,7200,1.00746733043
383127,383135,384799,8,1664,2,7200,1.00480769231
383150,383157,384637,7,1480,2,7200,1.00472972973
383187,383216,383217,29,1,4,28800,3.0
383209,383229,383230,20,1,4,28800,2.1
383247,383253,384755,6,1502,2,7200,1.00399467377
383263,383270,384822,7,1552,2,7200,1.00451030928
383293,383299,384793,6,1494,2,7200,1.00401606426
383340,383346,384900,6,1554,2,7200,1.00386100386
383356,383364,384895,8,1531,2,7200,1.00522534291
383385,383391,384918,6,1527,2,7200,1.00392927308
383387,383397,385058,10,1661,2,7200,1.0060204696
383475,383481,384924,6,1443,2,7200,1.00415800416
383508,397282,418218,13774,20936,2,72000,1.65790982041
383559,383565,385175,6,1610,2,7200,1.00372670807
383588,383594,385182,6,1588,2,7200,1.00377833753
383593,396113,414419,12520,18306,10,57600,1.68392876652
383619,383626,385291,7,1665,2,7200,1.0042042042
383660,383666,385179,6,1513,2,7200,1.0039656312
383665,383673,383675,8,2,4,28800,1.0
383676,383683,385217,7,1534,2,7200,1.00456323338
383695,383702,385249,7,1547,2,7200,1.00452488688
383712,383718,385474,6,1756,2,7200,1.00341685649
383727,383742,385336,15,1594,2,7200,1.00941028858
383765,383771,385215,6,1444,2,7200,1.00415512465
383781,383788,385369,7,1581,2,7200,1.00442757748
383784,384644,384647,860,3,4,28800,86.3
383875,383882,385389,7,1507,2,7200,1.00464499005
383900,384625,384630,725,5,4,3600,73.0
384037,384044,385563,7,1519,2,7200,1.00460829493
384093,384100,385490,7,1390,2,7200,1.00503597122
384109,384115,385433,6,1318,2,7200,1.00455235205
384191,384198,385809,7,1611,2,7200,1.00434512725
384219,384225,385741,6,1516,2,7200,1.00395778364
384294,384301,385771,7,1470,2,7200,1.00476190476
384314,384321,385750,7,1429,2,7200,1.00489853044
384388,384394,385872,6,1478,2,7200,1.00405953992
384414,384420,386044,6,1624,2,7200,1.00369458128
384480,384486,385854,6,1368,2,7200,1.00438596491
384505,384512,386014,7,1502,2,7200,1.00466045273
384506,384517,387544,11,3027,1,3000,1.00363396102
384521,384531,386215,10,1684,2,7200,1.00593824228
384537,384545,386044,8,1499,2,7200,1.00533689126
384609,384615,386139,6,1524,2,7200,1.00393700787
384626,384631,386186,5,1555,2,7200,1.00321543408
384627,384638,386257,11,1619,2,7200,1.00679431748
384645,384651,386191,6,1540,2,7200,1.0038961039
384646,384658,386214,12,1556,2,7200,1.00771208226
384648,384663,385975,15,1312,2,7200,1.01143292683
384661,384669,387702,8,3033,1,3000,1.00263765249
384733,384740,386248,7,1508,2,7200,1.00464190981
384759,384766,386433,7,1667,2,7200,1.00419916017
384797,384803,386291,6,1488,2,7200,1.00403225806
384813,384819,386315,6,1496,2,7200,1.00401069519
384829,384835,386405,6,1570,2,7200,1.00382165605
384855,385192,386714,337,1522,4,28800,1.22141918528
384897,384903,386326,6,1423,2,7200,1.00421644413
384913,384921,386416,8,1495,2,7200,1.00535117057
384929,384936,386410,7,1474,2,7200,1.00474898236
384931,384943,386491,12,1548,2,7200,1.00775193798
385058,385065,386730,7,1665,2,7200,1.0042042042
385176,385183,386691,7,1508,2,7200,1.00464190981
385193,385199,387029,6,1830,2,7200,1.00327868852
385194,385205,386752,11,1547,2,7200,1.00711053652
385217,385224,386810,7,1586,2,7200,1.00441361917
385233,385239,386813,6,1574,2,7200,1.00381194409
385252,385258,386790,6,1532,2,7200,1.00391644909
385263,385348,385353,85,5,4,3600,9.0
385293,385299,386732,6,1433,2,7200,1.00418702024
385320,386428,387880,1108,1452,12,6600,1.76308539945
385341,385353,386849,12,1496,2,7200,1.00802139037
385373,385380,386954,7,1574,2,7200,1.00444726811
385392,385399,387084,7,1685,2,7200,1.00415430267
385408,385415,403425,7,18010,2,18000,1.00038867296
385437,385444,387020,7,1576,2,7200,1.00444162437
385477,385483,387002,6,1519,2,7200,1.00394996708
385493,385500,387013,7,1513,2,7200,1.00462656973
385564,385571,387133,7,1562,2,7200,1.00448143406
385742,385748,387330,6,1582,2,7200,1.00379266751
385758,385765,387291,7,1526,2,7200,1.00458715596
385774,385780,387318,6,1538,2,7200,1.00390117035
385812,385818,387290,6,1472,2,7200,1.00407608696
385855,385862,387385,7,1523,2,7200,1.00459619173
385875,385881,387558,6,1677,2,7200,1.00357781753
385940,397008,398014,11068,1006,4,172800,12.0019880716
385940,397013,397530,11073,517,4,172800,22.417794971
385941,397019,398022,11078,1003,4,172800,12.0448654038
385941,396118,396953,10177,835,16,172800,13.1880239521
385941,396124,396957,10183,833,16,259200,13.2244897959
385942,396141,396511,10199,370,16,345600,28.5648648649
385942,396129,396968,10187,839,16,259200,13.1418355185
385942,396523,397109,10581,586,16,345600,19.0563139932
385942,396964,397800,11022,836,16,345600,14.1842105263
385976,385982,387636,6,1654,2,7200,1.00362756953
386017,386023,387494,6,1471,2,7200,1.00407885792
386020,847334,920984,461314,73650,4,432000,7.26359809912
386046,386052,387579,6,1527,2,7200,1.00392927308
386047,386059,387474,12,1415,2,7200,1.00848056537
386140,386147,387790,7,1643,2,7200,1.00426049909
386187,386193,387829,6,1636,2,7200,1.00366748166
386203,386210,387772,7,1562,2,7200,1.00448143406
386219,386226,387866,7,1640,2,7200,1.00426829268
386221,386233,387847,12,1614,2,7200,1.00743494424
386250,386257,387707,7,1450,2,7200,1.00482758621
386266,386272,387836,6,1564,2,7200,1.00383631714
386294,386301,387721,7,1420,2,7200,1.00492957746
386316,386323,387860,7,1537,2,7200,1.00455432661
386332,386340,387806,8,1466,2,7200,1.00545702592
386406,386413,387915,7,1502,2,7200,1.00466045273
386423,386434,388049,11,1615,2,7200,1.00681114551
386424,386439,387993,15,1554,2,7200,1.00965250965
386440,386447,387892,7,1445,2,7200,1.00484429066
386449,386626,387077,177,451,2,1800,1.39246119734
386494,386500,388124,6,1624,2,7200,1.00369458128
386693,386700,388276,7,1576,2,7200,1.00444162437
386734,386741,388255,7,1514,2,7200,1.00462351387
386735,386748,388331,13,1583,2,7200,1.00821225521
386752,386759,386761,7,2,2,1200,1.0
386755,386766,388263,11,1497,2,7200,1.00734802939
386792,386798,388231,6,1433,2,7200,1.00418702024
386812,386818,388279,6,1461,2,7200,1.00410677618
386815,386825,386826,10,1,2,1200,1.1
386828,386834,388462,6,1628,2,7200,1.00368550369
386846,396970,437285,10124,40315,10,43200,1.25112241101
386850,386856,388309,6,1453,2,7200,1.00412938747
386958,386964,388501,6,1537,2,7200,1.00390370852
387005,387011,388689,6,1678,2,7200,1.00357568534
387021,387028,389225,7,2197,2,7200,1.00318616295
387023,387040,388349,17,1309,2,7200,1.01298701299
387039,387047,388524,8,1477,2,7200,1.00541638456
387086,387092,388633,6,1541,2,7200,1.0038935756
387136,387142,388700,6,1558,2,7200,1.00385109114
387265,387272,387659,7,387,1,18000,1.0180878553
387292,387299,388993,7,1694,2,7200,1.0041322314
387293,387306,388756,13,1450,2,7200,1.00896551724
387322,387329,388944,7,1615,2,7200,1.00433436533
387338,387344,388795,6,1451,2,7200,1.00413507926
387388,387395,389029,7,1634,2,7200,1.00428396573
387476,387482,388998,6,1516,2,7200,1.00395778364
387498,387504,389078,6,1574,2,7200,1.00381194409
387560,387567,389070,7,1503,2,7200,1.00465735196
387582,387588,389115,6,1527,2,7200,1.00392927308
387641,387647,389120,6,1473,2,7200,1.00407331976
387663,387672,388533,9,861,2,1800,1.01045296167
387684,387714,405741,30,18027,1,18000,1.00166417041
387709,387721,389326,12,1605,2,7200,1.00747663551
387726,387732,389382,6,1650,2,7200,1.00363636364
387775,387782,389370,7,1588,2,7200,1.00440806045
387791,387798,389314,7,1516,2,7200,1.00461741425
387807,387814,389416,7,1602,2,7200,1.00436953808
387829,387836,389395,7,1559,2,7200,1.00449005773
387845,387851,389304,6,1453,2,7200,1.00412938747
387861,387869,389753,8,1884,2,7200,1.0042462845
387863,387876,389353,13,1477,2,7200,1.00880162492
387880,387887,389516,7,1629,2,7200,1.00429711479
387895,387902,389348,7,1446,2,7200,1.00484094053
387918,387924,389431,6,1507,2,7200,1.00398142004
387988,387994,391978,6,3984,1,13800,1.0015060241
387996,388003,389515,7,1512,2,7200,1.00462962963
388023,388065,397788,42,9723,1,10200,1.00431965443
388049,388058,389556,9,1498,2,7200,1.00600801068
388113,397474,397476,9361,2,1,18000,936.3
388123,388129,389810,6,1681,2,7200,1.00356930399
388232,388239,389685,7,1446,2,7200,1.00484094053
388258,388265,389823,7,1558,2,7200,1.00449293967
388274,388280,389871,6,1591,2,7200,1.00377121307
388290,388296,389729,6,1433,2,7200,1.00418702024
388291,388303,389752,12,1449,2,7200,1.0082815735
388311,388317,389850,6,1533,2,7200,1.00391389432
388333,388340,389853,7,1513,2,7200,1.00462656973
388352,388358,389939,6,1581,2,7200,1.00379506641
388463,388469,390060,6,1591,2,7200,1.00377121307
388503,388509,390181,6,1672,2,7200,1.00358851675
388526,388533,390189,7,1656,2,7200,1.00422705314
388635,388641,390297,6,1656,2,7200,1.00362318841
388691,388698,390277,7,1579,2,7200,1.00443318556
388707,388713,390046,6,1333,2,7200,1.00450112528
388760,388767,390354,7,1587,2,7200,1.00441083806
388797,388804,390444,7,1640,2,7200,1.00426829268
388947,388954,390423,7,1469,2,7200,1.00476514636
388994,389000,390622,6,1622,2,7200,1.00369913687
389011,389018,390367,7,1349,2,7200,1.00518902891
389030,389036,390529,6,1493,2,7200,1.00401875419
389071,389078,390620,7,1542,2,7200,1.00453955901
389087,389094,390572,7,1478,2,7200,1.00473612991
389118,389124,390749,6,1625,2,7200,1.00369230769
389134,389140,390603,6,1463,2,7200,1.004101162
389226,389233,390652,7,1419,2,7200,1.00493305144
389307,389314,390946,7,1632,2,7200,1.00428921569
389323,389329,390844,6,1515,2,7200,1.00396039604
389339,389346,390788,7,1442,2,7200,1.00485436893
389355,389361,390928,6,1567,2,7200,1.00382897256
389357,389367,390806,10,1439,2,7200,1.00694927033
389373,389379,390787,6,1408,2,7200,1.00426136364
389389,389397,390690,8,1293,2,7200,1.00618716164
389405,389411,391049,6,1638,2,7200,1.00366300366
389421,389427,390804,6,1377,2,7200,1.00435729847
389437,389444,391024,7,1580,2,7200,1.00443037975
389515,389522,391127,7,1605,2,7200,1.00436137072
389517,389529,391060,12,1531,2,7200,1.00783801437
389558,389564,391260,6,1696,2,7200,1.00353773585
389609,389616,389671,7,55,2,1200,1.12727272727
389664,389670,389671,6,1,1,60,1.0
389688,389695,391287,7,1592,2,7200,1.00439698492
389717,396980,397513,7263,533,2,86400,14.626641651
389729,389736,391390,7,1654,2,7200,1.00423216445
389755,389762,391263,7,1501,2,7200,1.00466355763
389756,389769,391916,13,2147,2,7200,1.00605496041
389810,389817,391432,7,1615,2,7200,1.00433436533
389826,389832,391305,6,1473,2,7200,1.00407331976
389851,389858,391451,7,1593,2,7200,1.00439422473
389867,389875,391445,8,1570,2,7200,1.0050955414
389884,389890,391426,6,1536,2,7200,1.00390625
389943,389949,391488,6,1539,2,7200,1.00389863548
390049,390055,391694,6,1639,2,7200,1.00366076876
390065,390072,391640,7,1568,2,7200,1.00446428571
390185,390191,391737,6,1546,2,7200,1.00388098318
390201,390207,391762,6,1555,2,7200,1.0038585209
390270,390277,390278,7,1,1,60,1.0
390278,390285,391687,7,1402,2,7200,1.00499286733
390297,390305,391773,8,1468,2,7200,1.00544959128
390313,397234,400763,6921,3529,4,28800,2.96117880419
390356,390364,391929,8,1565,2,7200,1.00511182109
390372,390379,391959,7,1580,2,7200,1.00443037975
390425,390431,391846,6,1415,2,7200,1.00424028269
390444,390451,392101,7,1650,2,7200,1.00424242424
390531,390537,392008,6,1471,2,7200,1.00407885792
390571,390577,393082,6,2505,4,3600,1.00239520958
390575,390583,392156,8,1573,2,7200,1.00508582327
390607,390614,392317,7,1703,2,7200,1.00411039342
390623,390630,392113,7,1483,2,7200,1.00472016183
390624,390636,392172,12,1536,2,7200,1.0078125
390653,390660,392217,7,1557,2,7200,1.00449582531
390691,390697,392302,6,1605,2,7200,1.00373831776
390750,390758,392237,8,1479,2,7200,1.00540906018
390789,390796,392319,7,1523,2,7200,1.00459619173
390790,390803,392354,13,1551,2,7200,1.00838168923
390807,390814,392320,7,1506,2,7200,1.00464807437
390809,390821,392352,12,1531,2,7200,1.00783801437
390844,390851,392326,7,1475,2,7200,1.00474576271
390931,390938,392560,7,1622,2,7200,1.00431565968
390949,390957,392588,8,1631,2,7200,1.00490496628
390987,390994,390995,7,1,1,60,1.0
391025,391032,392617,7,1585,2,7200,1.00441640379
391050,391057,392576,7,1519,2,7200,1.00460829493
391067,391072,391477,5,405,2,3600,1.01234567901
391067,391078,392490,11,1412,2,7200,1.00779036827
391129,391136,392658,7,1522,2,7200,1.00459921156
391262,391268,392653,6,1385,2,7200,1.00433212996
391263,391280,392930,17,1650,2,7200,1.0103030303
391289,391296,392784,7,1488,2,7200,1.00470430108
391306,391312,392874,6,1562,2,7200,1.00384122919
391393,391399,392876,6,1477,2,7200,1.00406228842
391428,391434,392916,6,1482,2,7200,1.004048583
391444,391450,392945,6,1495,2,7200,1.00401337793
391460,391466,393025,6,1559,2,7200,1.00384862091
391462,391473,392999,11,1526,2,7200,1.00720838794
391490,391498,392958,8,1460,2,7200,1.00547945205
391556,391562,391566,6,4,2,3600,1.0
391643,391650,393181,7,1531,2,7200,1.00457217505
391688,391694,393108,6,1414,2,7200,1.00424328147
391696,391703,392084,7,381,2,3600,1.01837270341
391704,391710,393289,6,1579,2,7200,1.00379987334
391739,391746,393223,7,1477,2,7200,1.00473933649
391767,391774,393336,7,1562,2,7200,1.00448143406
391769,391780,396005,11,4225,2,5400,1.0026035503
391783,391789,393265,6,1476,2,7200,1.00406504065
391823,391830,392414,7,584,2,3600,1.01198630137
391849,391855,393494,6,1639,2,7200,1.00366076876
391917,391925,393543,8,1618,2,7200,1.00494437577
391932,391938,392094,6,156,64,1200,1.03846153846
391934,391945,393463,11,1518,2,7200,1.00724637681
391965,391972,393560,7,1588,2,7200,1.00440806045
392010,392016,393424,6,1408,2,7200,1.00426136364
392103,392110,393592,7,1482,2,7200,1.00472334683
392119,392126,393725,7,1599,2,7200,1.00437773609
392160,392167,393659,7,1492,2,7200,1.00469168901
392176,392186,393819,10,1633,2,7200,1.00612369871
392217,392229,393786,12,1557,2,7200,1.00770712909
392240,392249,393670,9,1421,2,7200,1.00633356791
392302,392314,393837,12,1523,2,7200,1.00787918582
392319,392328,393841,9,1513,2,7200,1.00594844679
392321,392336,393769,15,1433,2,7200,1.01046755059
392327,392341,393895,14,1554,2,7200,1.00900900901
392344,392351,393921,7,1570,2,7200,1.00445859873
392360,392367,393983,7,1616,2,7200,1.00433168317
392362,392373,393866,11,1493,2,7200,1.00736771601
392444,392450,392582,6,132,48,1200,1.04545454545
392492,392502,394074,10,1572,2,7200,1.00636132316
392565,392577,393988,12,1411,2,7200,1.00850460666
392582,392590,394100,8,1510,2,7200,1.00529801325
392599,392605,394107,6,1502,2,7200,1.00399467377
392618,392629,394140,11,1511,2,7200,1.00727994705
392656,392664,394250,8,1586,2,7200,1.00504413619
392672,392679,394232,7,1553,2,7200,1.00450740502
392780,392796,394435,16,1639,2,7200,1.00976205003
392876,392887,394368,11,1481,2,7200,1.00742741391
392878,392893,394237,15,1344,2,7200,1.01116071429
392918,392929,394538,11,1609,2,7200,1.00683654444
392934,392942,394474,8,1532,2,7200,1.00522193211
392950,392957,394382,7,1425,2,7200,1.0049122807
392966,392972,394379,6,1407,2,7200,1.00426439232
393001,393011,394507,10,1496,2,7200,1.00668449198
393006,393017,393541,11,524,2,3600,1.02099236641
393026,393036,394545,10,1509,2,7200,1.00662690524
393108,393120,394620,12,1500,2,7200,1.008
393182,393193,394872,11,1679,2,7200,1.00655151876
393223,393234,394813,11,1579,2,7200,1.00696643445
393251,393257,394030,6,773,1,3540,1.00776196636
393266,393277,394719,11,1442,2,7200,1.00762829404
393292,393301,394677,9,1376,2,7200,1.00654069767
393332,393338,394348,6,1010,1,900,1.00594059406
393335,393347,394905,12,1558,2,7200,1.00770218228
393425,393435,395042,10,1607,2,7200,1.00622277536
393463,393474,395012,11,1538,2,7200,1.00715214564
393495,393505,394941,10,1436,2,7200,1.0069637883
393545,393555,395006,10,1451,2,7200,1.00689179876
393561,393571,395166,10,1595,2,7200,1.00626959248
393593,393604,395177,11,1573,2,7200,1.00699300699
393658,393670,395174,12,1504,2,7200,1.0079787234
393674,393687,395218,13,1531,2,7200,1.00849118223
393730,393736,395377,6,1641,2,7200,1.00365630713
393770,393782,395344,12,1562,2,7200,1.00768245839
393789,393797,395394,8,1597,2,7200,1.00500939261
393821,393831,395527,10,1696,2,7200,1.00589622642
393840,393850,395327,10,1477,2,7200,1.0067704807
393856,393862,395363,6,1501,2,7200,1.00399733511
393864,396986,401627,3122,4641,1,6600,1.67269984917
393872,393879,395406,7,1527,2,7200,1.00458415193
393889,397391,401887,3502,4496,1,6600,1.77891459075
393897,393907,395251,10,1344,2,7200,1.00744047619
393923,393934,395473,11,1539,2,7200,1.00714749838
393985,393995,395527,10,1532,2,7200,1.00652741514
394001,394008,395446,7,1438,2,7200,1.00486787204
394076,394085,395639,9,1554,2,7200,1.00579150579
394101,394111,395657,10,1546,2,7200,1.0064683053
394118,394125,395574,7,1449,2,7200,1.00483091787
394143,394151,395691,8,1540,2,7200,1.00519480519
394234,394244,395721,10,1477,2,7200,1.0067704807
394250,394256,395830,6,1574,2,7200,1.00381194409
394251,394264,395762,13,1498,2,7200,1.00867823765
394369,394380,395948,11,1568,2,7200,1.00701530612
394385,394392,395877,7,1485,2,7200,1.00471380471
394387,394398,395873,11,1475,2,7200,1.00745762712
394427,394433,394461,6,28,64,1200,1.21428571429
394437,394447,396039,10,1592,2,7200,1.00628140704
394475,394485,396348,10,1863,2,7200,1.00536768653
394483,394493,394502,10,9,2,1740,1.9
394510,394519,396078,9,1559,2,7200,1.00577293137
394532,394538,394548,6,10,16,1740,1.6
394539,394546,394696,7,150,64,1200,1.04666666667
394542,394553,396029,11,1476,2,7200,1.00745257453
394558,394566,396102,8,1536,2,7200,1.00520833333
394575,396998,406332,2423,9334,4,10800,1.25958860081
394612,394618,394626,6,8,16,1740,1.4
394621,394631,396101,10,1470,2,7200,1.00680272109
394674,394681,394894,7,213,8,1740,1.03286384977
394680,394690,396263,10,1573,2,7200,1.00635727908
394703,397541,408741,2838,11200,12,21600,1.25339285714
394721,394732,396239,11,1507,2,7200,1.00729927007
394750,394756,395693,6,937,1,900,1.00640341515
394815,394824,396535,9,1711,2,7200,1.00526008182
394862,394868,395114,6,246,64,1200,1.0243902439
394876,394884,396414,8,1530,2,7200,1.00522875817
394905,394917,396527,12,1610,2,7200,1.00745341615
394940,396134,396528,1194,394,4,1740,4.03045685279
394943,394953,396472,10,1519,2,7200,1.00658327847
394948,394959,395992,11,1033,1,900,1.01064859632
395009,395018,396463,9,1445,2,7200,1.0062283737
395025,395031,396464,6,1433,2,7200,1.00418702024
395044,395054,396553,10,1499,2,7200,1.00667111408
395172,395179,396878,7,1699,2,7200,1.00412007063
395189,395195,396751,6,1556,2,7200,1.00385604113
395190,395202,396716,12,1514,2,7200,1.00792602378
395222,395231,397728,9,2497,2,7200,1.00360432519
395253,395262,396939,9,1677,2,7200,1.0053667263
395331,395340,396815,9,1475,2,7200,1.00610169492
395346,395355,397013,9,1658,2,7200,1.00542822678
395366,395374,396806,8,1432,2,7200,1.00558659218
395382,395388,396863,6,1475,2,7200,1.00406779661
395397,395406,396958,9,1552,2,7200,1.00579896907
395413,395419,396959,6,1540,2,7200,1.0038961039
395448,395458,396996,10,1538,2,7200,1.00650195059
395476,395485,397018,9,1533,2,7200,1.00587084149
395529,395586,397114,57,1528,2,7200,1.03730366492
395531,395591,397065,60,1474,2,7200,1.04070556309
395585,395598,397203,13,1605,2,7200,1.00809968847
395639,395651,397133,12,1482,2,7200,1.00809716599
395658,395672,397185,14,1513,2,7200,1.00925313946
395693,395702,397112,9,1410,2,7200,1.00638297872
395722,395732,397261,10,1529,2,7200,1.00654022237
395762,395773,397209,11,1436,2,7200,1.00766016713
395831,395841,397424,10,1583,2,7200,1.00631711939
395875,395885,397384,10,1499,2,7200,1.00667111408
395892,395899,397358,7,1459,2,7200,1.00479780672
395951,395961,397453,10,1492,2,7200,1.00670241287
396032,396042,397556,10,1514,2,7200,1.00660501982
396049,396058,397550,9,1492,2,7200,1.00603217158
396080,396146,397640,66,1494,2,7200,1.04417670683
396104,396151,397633,47,1482,2,7200,1.03171390013
396110,397003,403984,893,6981,4,216000,1.1279186363
396143,396158,397657,15,1499,2,7200,1.01000667111
396243,396250,397903,7,1653,2,7200,1.00423472474
396265,396275,397816,10,1541,2,7200,1.00648929267
396350,396360,397904,10,1544,2,7200,1.00647668394
396419,396425,397931,6,1506,2,7200,1.00398406375
396470,396478,397899,8,1421,2,7200,1.00562983814
396472,396483,398000,11,1517,2,7200,1.00725115359
396488,396494,397952,6,1458,2,7200,1.00411522634
396530,396538,398249,8,1711,2,7200,1.00467562829
396547,396553,398037,6,1484,2,7200,1.00404312668
396563,396569,398156,6,1587,2,7200,1.00378071834
396719,396728,398429,9,1701,2,7200,1.00529100529
396735,397024,608826,289,211802,4,345600,1.00136448192
396736,397126,493482,390,96356,4,345600,1.00404749056
396736,397121,407712,385,10591,4,345600,1.0363516193
396754,396762,398312,8,1550,2,7200,1.00516129032
396808,396818,398482,10,1664,2,7200,1.00600961538
396824,396831,398377,7,1546,2,7200,1.00452781371
396866,396875,398409,9,1534,2,7200,1.00586701434
396882,396889,398493,7,1604,2,7200,1.00436408978
396943,396952,398472,9,1520,2,7200,1.00592105263
396959,397029,398704,70,1675,2,7200,1.04179104478
396961,397034,398557,73,1523,2,7200,1.04793171372
396998,397136,426431,138,29295,4,345600,1.00471070148
396998,397131,464774,133,67643,4,345600,1.00196620493
396999,397228,434677,229,37449,4,345600,1.00611498304
397029,397046,398591,17,1545,2,7200,1.01100323625
397031,397051,398435,20,1384,2,7200,1.01445086705
397042,397057,398563,15,1506,2,7200,1.00996015936
397069,397076,398559,7,1483,2,7200,1.00472016183
397113,397148,398706,35,1558,2,7200,1.02246469833
397131,397153,398789,22,1636,2,7200,1.01344743276
397148,397159,398823,11,1664,2,7200,1.00661057692
397187,397196,398560,9,1364,2,7200,1.00659824047
397204,397214,398692,10,1478,2,7200,1.00676589986
397220,397239,398914,19,1675,2,7200,1.01134328358
397263,397273,398931,10,1658,2,7200,1.00603136309
397364,397370,398802,6,1432,2,7200,1.00418994413
397387,397398,398887,11,1489,2,7200,1.00738750839
397426,397435,398903,9,1468,2,7200,1.00613079019
397457,397465,399067,8,1602,2,7200,1.0049937578
397555,397561,398967,6,1406,2,7200,1.00426742532
397571,397577,399106,6,1529,2,7200,1.00392413342
397634,397640,399219,6,1579,2,7200,1.00379987334
397651,397657,399106,6,1449,2,7200,1.00414078675
397668,397674,399182,6,1508,2,7200,1.00397877984
397732,397738,399130,6,1392,2,7200,1.00431034483
397819,397826,399532,7,1706,2,7200,1.0041031653
397903,397910,399436,7,1526,2,7200,1.00458715596
397905,397917,399399,12,1482,2,7200,1.00809716599
397922,397928,399421,6,1493,2,7200,1.00401875419
397938,397944,399482,6,1538,2,7200,1.00390117035
397954,397960,399478,6,1518,2,7200,1.00395256917
397957,397966,415208,9,17242,1,18000,1.00052198121
398002,398008,399602,6,1594,2,7200,1.00376411543
398040,398046,399498,6,1452,2,7200,1.0041322314
398158,398164,399642,6,1478,2,7200,1.00405953992
398256,398262,399704,6,1442,2,7200,1.00416088766
398313,398319,399830,6,1511,2,7200,1.00397088021
398379,398385,399825,6,1440,2,7200,1.00416666667
398411,398418,399979,7,1561,2,7200,1.00448430493
398431,398437,400076,6,1639,2,7200,1.00366076876
398447,398453,399890,6,1437,2,7200,1.00417536534
398477,398483,400085,6,1602,2,7200,1.00374531835
398493,398499,399902,6,1403,2,7200,1.00427655025
398495,398505,399957,10,1452,2,7200,1.00688705234
398558,398565,400103,7,1538,2,7200,1.00455136541
398560,398571,400192,11,1621,2,7200,1.00678593461
398561,398576,400043,15,1467,2,7200,1.01022494888
398578,398584,400149,6,1565,2,7200,1.00383386581
398594,398601,400071,7,1470,2,7200,1.00476190476
398694,398700,400351,6,1651,2,7200,1.00363416111
398711,398717,400183,6,1466,2,7200,1.00409276944
398713,398724,400298,11,1574,2,7200,1.00698856417
398791,398797,400295,6,1498,2,7200,1.00400534045
398807,398813,400430,6,1617,2,7200,1.00371057514
398827,398833,400385,6,1552,2,7200,1.00386597938
398889,398896,400489,7,1593,2,7200,1.00439422473
398906,398912,400496,6,1584,2,7200,1.00378787879
398922,398928,400557,6,1629,2,7200,1.00368324125
398938,398944,400469,6,1525,2,7200,1.00393442623
398969,398976,400438,7,1462,2,7200,1.0047879617
399069,399075,400488,6,1413,2,7200,1.0042462845
399108,399114,400681,6,1567,2,7200,1.00382897256
399109,399121,400656,12,1535,2,7200,1.00781758958
399135,399141,400698,6,1557,2,7200,1.00385356455
399185,399191,400623,6,1432,2,7200,1.00418994413
399205,399411,399412,206,1,4,345600,20.7
399223,399229,400733,6,1504,2,7200,1.0039893617
399338,399424,402158,86,2734,4,3600,1.0314557425
399399,399405,401008,6,1603,2,7200,1.00374298191
399418,399436,400005,18,569,2,3600,1.0316344464
399425,399430,401070,5,1640,2,7200,1.00304878049
399441,399447,401046,6,1599,2,7200,1.00375234522
399480,399486,401029,6,1543,2,7200,1.00388852884
399496,399502,400949,6,1447,2,7200,1.00414651002
399513,399519,400929,6,1410,2,7200,1.00425531915
399536,399543,401128,7,1585,2,7200,1.00441640379
399605,399612,401093,7,1481,2,7200,1.00472653612
399643,399649,401345,6,1696,2,7200,1.00353773585
399706,399712,401244,6,1532,2,7200,1.00391644909
399731,399842,399844,111,2,4,3600,11.3
399765,399771,400159,6,388,2,3600,1.01546391753
399825,399831,401364,6,1533,2,7200,1.00391389432
399842,399849,401446,7,1597,2,7200,1.00438321853
399892,399899,401495,7,1596,2,7200,1.00438596491
399910,399916,401458,6,1542,2,7200,1.00389105058
399957,399964,401526,7,1562,2,7200,1.00448143406
399972,400016,745662,44,345646,4,345600,1.00012729787
399983,399989,401606,6,1617,2,7200,1.00371057514
400045,400052,401541,7,1489,2,7200,1.00470114171
400071,400077,401589,6,1512,2,7200,1.00396825397
400087,400093,401598,6,1505,2,7200,1.00398671096
400089,400100,401690,11,1590,2,7200,1.00691823899
400104,400111,401637,7,1526,2,7200,1.00458715596
400152,400158,401607,6,1449,2,7200,1.00414078675
400186,400192,401764,6,1572,2,7200,1.00381679389
400202,400208,401825,6,1617,2,7200,1.00371057514
400229,400779,402701,550,1922,2,1800,1.28616024974
400296,400303,401957,7,1654,2,7200,1.00423216445
400312,400318,401916,6,1598,2,7200,1.00375469337
400354,400361,401825,7,1464,2,7200,1.00478142077
400389,400395,401923,6,1528,2,7200,1.00392670157
400433,400440,401994,7,1554,2,7200,1.0045045045
400450,400456,401963,6,1507,2,7200,1.00398142004
400472,400478,401949,6,1471,2,7200,1.00407885792
400491,400497,402165,6,1668,2,7200,1.0035971223
400493,400503,401956,10,1453,2,7200,1.00688231246
400509,400515,401991,6,1476,2,7200,1.00406504065
400530,401109,434535,579,33426,10,57600,1.01732184527
400559,400565,402056,6,1491,2,7200,1.00402414487
400591,400774,401103,183,329,1,900,1.55623100304
400622,400628,402279,6,1651,2,7200,1.00363416111
400657,400663,402223,6,1560,2,7200,1.00384615385
400683,400689,402200,6,1511,2,7200,1.00397088021
400701,400707,402170,6,1463,2,7200,1.004101162
400704,401144,455151,440,54007,1,54000,1.00814709204
400733,400739,402222,6,1483,2,7200,1.004045853
400931,400938,402420,7,1482,2,7200,1.00472334683
400950,400956,402383,6,1427,2,7200,1.00420462509
401013,401019,402317,6,1298,2,7200,1.00462249615
401029,401036,402671,7,1635,2,7200,1.00428134557
401048,401054,402441,6,1387,2,7200,1.0043258832
401071,401077,402630,6,1553,2,7200,1.00386349002
401096,401102,402519,6,1417,2,7200,1.00423429781
401132,401138,402709,6,1571,2,7200,1.00381922342
401246,401252,402926,6,1674,2,7200,1.00358422939
401347,401353,402967,6,1614,2,7200,1.00371747212
401366,401372,402852,6,1480,2,7200,1.00405405405
401447,401454,402934,7,1480,2,7200,1.00472972973
401464,401469,402930,5,1461,2,7200,1.00342231348
401495,401501,403101,6,1600,2,7200,1.00375
401527,401533,403089,6,1556,2,7200,1.00385604113
401543,401550,403203,7,1653,2,7200,1.00423472474
401591,401597,403054,6,1457,2,7200,1.00411805079
401597,401779,411605,182,9826,2,43200,1.01852228781
401607,401614,403140,7,1526,2,7200,1.00458715596
401609,401620,403207,11,1587,2,7200,1.00693131695
401610,401627,403064,17,1437,2,7200,1.01183020181
401636,401642,403088,6,1446,2,7200,1.00414937759
401692,401698,403298,6,1600,2,7200,1.00375
401765,401772,403236,7,1464,2,7200,1.00478142077
401830,401837,403381,7,1544,2,7200,1.00453367876
401832,401848,403306,16,1458,2,7200,1.0109739369
401836,401843,402842,7,999,1,900,1.00700700701
401918,401924,403491,6,1567,2,7200,1.00382897256
401935,401941,403599,6,1658,2,7200,1.00361881785
401951,401957,403414,6,1457,2,7200,1.00411805079
401968,401974,403548,6,1574,2,7200,1.00381194409
401969,401980,403412,11,1432,2,7200,1.00768156425
401971,401985,403559,14,1574,2,7200,1.00889453621
401994,402000,403747,6,1747,2,7200,1.00343445907
401995,402007,403623,12,1616,2,7200,1.00742574257
402057,402063,403571,6,1508,2,7200,1.00397877984
402167,402173,403681,6,1508,2,7200,1.00397877984
402183,402189,403714,6,1525,2,7200,1.00393442623
402202,402208,403674,6,1466,2,7200,1.00409276944
402225,402231,403769,6,1538,2,7200,1.00390117035
402226,402238,403784,12,1546,2,7200,1.00776196636
402282,402288,403966,6,1678,2,7200,1.00357568534
402322,402328,403794,6,1466,2,7200,1.00409276944
402384,402390,403831,6,1441,2,7200,1.00416377516
402422,402428,403988,6,1560,2,7200,1.00384615385
402441,402447,404145,6,1698,2,7200,1.0035335689
402520,402526,403970,6,1444,2,7200,1.00415512465
402629,402636,404224,7,1588,2,7200,1.00440806045
402671,402677,404345,6,1668,2,7200,1.0035971223
402712,402718,404309,6,1591,2,7200,1.00377121307
402854,402860,404295,6,1435,2,7200,1.00418118467
402926,402933,404419,7,1486,2,7200,1.00471063257
402943,402949,404409,6,1460,2,7200,1.00410958904
402944,402955,404419,11,1464,2,7200,1.0075136612
402970,402976,404564,6,1588,2,7200,1.00377833753
403057,403063,404659,6,1596,2,7200,1.0037593985
403075,403081,404532,6,1451,2,7200,1.00413507926
403097,403103,404538,6,1435,2,7200,1.00418118467
403098,403110,404716,12,1606,2,7200,1.00747198007
403114,403121,404950,7,1829,2,7200,1.00382722799
403143,403149,404684,6,1535,2,7200,1.00390879479
403205,403211,404688,6,1477,2,7200,1.00406228842
403221,403227,404783,6,1556,2,7200,1.00385604113
403237,403243,404728,6,1485,2,7200,1.00404040404
403299,403305,404959,6,1654,2,7200,1.00362756953
403315,403322,404800,7,1478,2,7200,1.00473612991
403384,403390,404860,6,1470,2,7200,1.00408163265
403413,403419,405011,6,1592,2,7200,1.00376884422
403414,403427,404949,13,1522,2,7200,1.0085413929
403494,403500,405032,6,1532,2,7200,1.00391644909
403549,403555,405108,6,1553,2,7200,1.00386349002
403565,403571,405236,6,1665,2,7200,1.0036036036
403581,403587,405122,6,1535,2,7200,1.00390879479
403600,403606,405155,6,1549,2,7200,1.00387346675
403625,403631,405539,6,1908,2,7200,1.00314465409
403678,403684,405194,6,1510,2,7200,1.00397350993
403694,403700,405357,6,1657,2,7200,1.00362100181
403716,403722,405237,6,1515,2,7200,1.00396039604
403747,403754,405316,7,1562,2,7200,1.00448143406
403770,403776,405284,6,1508,2,7200,1.00397877984
403786,403792,405350,6,1558,2,7200,1.00385109114
403806,403812,405532,6,1720,2,7200,1.00348837209
403831,403838,405375,7,1537,2,7200,1.00455432661
403964,403971,405668,7,1697,2,1800,1.00412492634
403966,403977,405604,11,1627,2,7200,1.00676090965
403983,403989,405519,6,1530,2,7200,1.00392156863
403999,404005,405587,6,1582,2,7200,1.00379266751
404001,404430,427149,429,22719,4,360000,1.01888287337
404148,404154,405741,6,1587,2,7200,1.00378071834
404226,404232,405752,6,1520,2,7200,1.00394736842
404296,404302,405921,6,1619,2,7200,1.00370599135
404313,404319,405703,6,1384,2,7200,1.00433526012
404344,404351,405951,7,1600,2,7200,1.004375
404410,404416,406108,6,1692,2,7200,1.00354609929
404426,404436,405934,10,1498,2,7200,1.00667556742
404427,404441,405899,14,1458,2,7200,1.00960219479
404533,404539,405962,6,1423,2,7200,1.00421644413
404549,404555,406077,6,1522,2,7200,1.00394218134
404566,404572,406068,6,1496,2,7200,1.00401069519
404661,404667,406212,6,1545,2,7200,1.00388349515
404686,404693,406148,7,1455,2,7200,1.00481099656
404702,404708,406269,6,1561,2,7200,1.00384368994
404718,404725,406299,7,1574,2,7200,1.00444726811
404734,404741,406250,7,1509,2,7200,1.00463883366
404788,404794,406340,6,1546,2,7200,1.00388098318
404804,404810,406382,6,1572,2,7200,1.00381679389
404863,404869,406268,6,1399,2,7200,1.0042887777
404952,404959,406610,7,1651,2,7200,1.00423985463
404954,404966,406580,12,1614,2,7200,1.00743494424
404970,404977,406508,7,1531,2,7200,1.00457217505
405018,405024,406450,6,1426,2,7200,1.00420757363
405034,405040,406814,6,1774,2,7200,1.00338218715
405108,405115,406589,7,1474,2,7200,1.00474898236
405124,405130,406677,6,1547,2,7200,1.00387847447
405155,405162,406805,7,1643,2,7200,1.00426049909
405196,405202,406698,6,1496,2,7200,1.00401069519
405236,405243,406810,7,1567,2,7200,1.00446713465
405238,405251,406724,13,1473,2,7200,1.00882552614
405288,405294,406823,6,1529,2,7200,1.00392413342
405317,405323,406974,6,1651,2,7200,1.00363416111
405353,405359,406996,6,1637,2,7200,1.0036652413
405369,405375,407002,6,1627,2,7200,1.0036877689
405385,405391,406930,6,1539,2,7200,1.00389863548
405521,405528,407079,7,1551,2,7200,1.00451321728
405538,405543,407051,5,1508,2,7200,1.00331564987
405554,405560,407145,6,1585,2,7200,1.00378548896
405588,405595,407092,7,1497,2,7200,1.0046760187
405608,405614,407185,6,1571,2,7200,1.00381922342
405704,405710,407247,6,1537,2,7200,1.00390370852
405737,408753,414257,3016,5504,8,10800,1.54796511628
405745,405751,407372,6,1621,2,7200,1.00370141888
405761,405767,407209,6,1442,2,7200,1.00416088766
405900,405906,407566,6,1660,2,7200,1.00361445783
405925,405932,407662,7,1730,2,7200,1.00404624277
405942,405948,407469,6,1521,2,7200,1.00394477318
405958,405963,407506,5,1543,2,7200,1.0032404407
405973,405980,407488,7,1508,2,7200,1.00464190981
406069,406075,407421,6,1346,2,7200,1.0044576523
406085,406091,407702,6,1611,2,7200,1.00372439479
406108,406114,407593,6,1479,2,7200,1.00405679513
406151,406157,407740,6,1583,2,7200,1.00379027164
406210,406216,407671,6,1455,2,7200,1.00412371134
406251,406257,407843,6,1586,2,7200,1.00378310214
406271,406277,407919,6,1642,2,7200,1.00365408039
406272,406284,407939,12,1655,2,7200,1.00725075529
406301,406307,407797,6,1490,2,7200,1.00402684564
406341,406348,407995,7,1647,2,7200,1.00425015179
406385,406391,407927,6,1536,2,7200,1.00390625
406451,406457,407958,6,1501,2,7200,1.00399733511
406511,406517,408042,6,1525,2,7200,1.00393442623
406581,406588,408147,7,1559,2,7200,1.00449005773
406598,406604,408026,6,1422,2,7200,1.00421940928
406614,406620,408068,6,1448,2,7200,1.00414364641
406679,406685,408212,6,1527,2,7200,1.00392927308
406698,406704,408357,6,1653,2,7200,1.00362976407
406727,406733,408315,6,1582,2,7200,1.00379266751
406808,406814,408507,6,1693,2,7200,1.00354400473
406824,406830,408258,6,1428,2,7200,1.00420168067
406826,406836,408380,10,1544,2,7200,1.00647668394
406827,406842,408364,15,1522,2,7200,1.00985545335
406934,406940,408736,6,1796,2,7200,1.00334075724
406978,406984,408403,6,1419,2,7200,1.00422832981
406997,407003,408456,6,1453,2,7200,1.00412938747
407013,407019,408550,6,1531,2,7200,1.00391900718
407054,407060,408818,6,1758,2,7200,1.00341296928
407080,407086,407116,6,30,2,1800,1.2
407082,407092,408608,10,1516,2,7200,1.00659630607
407098,407104,408584,6,1480,2,7200,1.00405405405
407128,407134,409054,6,1920,2,1800,1.003125
407148,407154,408745,6,1591,2,7200,1.00377121307
407188,407194,408840,6,1646,2,7200,1.00364520049
407210,407216,408747,6,1531,2,7200,1.00391900718
407251,407257,408931,6,1674,2,7200,1.00358422939
407288,431892,432096,24604,204,64,180,121.607843137
407374,407380,408819,6,1439,2,7200,1.0041695622
407421,407427,408989,6,1562,2,7200,1.00384122919
407470,407477,409049,7,1572,2,7200,1.00445292621
407489,407496,409064,7,1568,2,7200,1.00446428571
407508,407514,409049,6,1535,2,7200,1.00390879479
407568,407575,408934,7,1359,2,7200,1.00515084621
407594,407600,409077,6,1477,2,7200,1.00406228842
407666,407672,409312,6,1640,2,7200,1.00365853659
407681,407688,409238,7,1550,2,7200,1.00451612903
407704,407710,409315,6,1605,2,7200,1.00373831776
407744,407750,409402,6,1652,2,7200,1.00363196126
407800,407807,409282,7,1475,2,7200,1.00474576271
407844,407850,409234,6,1384,2,7200,1.00433526012
407921,407928,409367,7,1439,2,7200,1.00486448923
407938,407944,409500,6,1556,2,7200,1.00385604113
407954,407961,409427,7,1466,2,7200,1.00477489768
407970,407976,409529,6,1553,2,7200,1.00386349002
407998,408004,409454,6,1450,2,7200,1.00413793103
408027,408033,409559,6,1526,2,7200,1.00393184797
408046,408052,409605,6,1553,2,7200,1.00386349002
408071,408078,409560,7,1482,2,7200,1.00472334683
408149,408156,409743,7,1587,2,7200,1.00441083806
408215,408221,409683,6,1462,2,7200,1.00410396717
408259,408265,409754,6,1489,2,7200,1.00402955003
408318,408324,409762,6,1438,2,7200,1.00417246175
408359,408365,409883,6,1518,2,7200,1.00395256917
408375,408381,409860,6,1479,2,7200,1.00405679513
408391,408398,410027,7,1629,2,7200,1.00429711479
408408,408414,409919,6,1505,2,7200,1.00398671096
408458,408464,410050,6,1586,2,7200,1.00378310214
408511,408517,409913,6,1396,2,7200,1.00429799427
408552,408559,409987,7,1428,2,7200,1.00490196078
408586,408593,410080,7,1487,2,7200,1.00470746469
408612,408619,410106,7,1487,2,7200,1.00470746469
408739,408745,410279,6,1534,2,7200,1.00391134289
408755,408761,410379,6,1618,2,7200,1.00370828183
408756,408767,410236,11,1469,2,7200,1.00748808713
408819,408826,410317,7,1491,2,7200,1.00469483568
408820,408832,410443,12,1611,2,7200,1.00744878957
408843,408849,410334,6,1485,2,7200,1.00404040404
408934,408940,410505,6,1565,2,7200,1.00383386581
408935,408947,410548,12,1601,2,7200,1.00749531543
408991,408998,410508,7,1510,2,7200,1.00463576159
409051,409057,410646,6,1589,2,7200,1.00377595972
409052,409065,410558,13,1493,2,7200,1.00870730074
409068,409076,410643,8,1567,2,7200,1.00510529675
409084,409091,410675,7,1584,2,7200,1.00441919192
409236,409242,410785,6,1543,2,7200,1.00388852884
409251,409258,411181,7,1923,2,7200,1.00364014561
409283,409289,410929,6,1640,2,7200,1.00365853659
409314,409320,410913,6,1593,2,7200,1.00376647834
409330,409336,410737,6,1401,2,7200,1.00428265525
409368,409374,410962,6,1588,2,7200,1.00377833753
409405,409412,410877,7,1465,2,7200,1.004778157
409428,409434,410926,6,1492,2,7200,1.00402144772
409456,409462,411019,6,1557,2,7200,1.00385356455
409504,409510,411045,6,1535,2,7200,1.00390879479
409529,409536,411038,7,1502,2,7200,1.00466045273
409561,409567,411161,6,1594,2,7200,1.00376411543
409563,409574,411109,11,1535,2,7200,1.00716612378
409606,409612,411170,6,1558,2,7200,1.00385109114
409688,409694,411134,6,1440,2,7200,1.00416666667
409751,409757,411194,6,1437,2,7200,1.00417536534
409768,409774,411310,6,1536,2,7200,1.00390625
409770,409780,411488,10,1708,2,7200,1.00585480094
409863,409870,411336,7,1466,2,7200,1.00477489768
409885,409891,411511,6,1620,2,7200,1.0037037037
409914,409920,411508,6,1588,2,7200,1.00377833753
409930,409937,411379,7,1442,2,7200,1.00485436893
409988,409995,411411,7,1416,2,7200,1.00494350282
410029,410035,411669,6,1634,2,7200,1.00367197062
410051,410058,411489,7,1431,2,7200,1.00489168414
410083,410090,411539,7,1449,2,7200,1.00483091787
410109,410115,411582,6,1467,2,7200,1.00408997955
410237,410242,411666,5,1424,2,7200,1.00351123596
410281,410287,411761,6,1474,2,7200,1.00407055631
410319,410325,411904,6,1579,2,7200,1.00379987334
410338,410344,411929,6,1585,2,7200,1.00378548896
410382,410389,412015,7,1626,2,7200,1.00430504305
410447,410454,412074,7,1620,2,7200,1.00432098765
410506,410513,412132,7,1619,2,7200,1.00432365658
410523,410529,412008,6,1479,2,7200,1.00405679513
410551,410557,412138,6,1581,2,7200,1.00379506641
410567,410573,412130,6,1557,2,7200,1.00385356455
410645,410651,412162,6,1511,2,7200,1.00397088021
410661,410667,412333,6,1666,2,7200,1.00360144058
410677,410683,412152,6,1469,2,7200,1.00408441116
410740,410747,412271,7,1524,2,7200,1.00459317585
410787,410793,412498,6,1705,2,7200,1.00351906158
410843,410850,413974,7,3124,1,61200,1.00224071703
410878,410884,412354,6,1470,2,7200,1.00408163265
410916,410922,412276,6,1354,2,7200,1.00443131462
410932,410939,412475,7,1536,2,7200,1.00455729167
410934,410945,412744,11,1799,2,7200,1.00611450806
410953,411616,492598,663,80982,2,172800,1.00818700452
410962,410968,412523,6,1555,2,7200,1.0038585209
411021,411027,412440,6,1413,2,7200,1.0042462845
411040,411047,412586,7,1539,2,7200,1.00454840806
411042,411054,412567,12,1513,2,7200,1.00793126239
411110,411117,412596,7,1479,2,7200,1.00473292765
411136,411142,412639,6,1497,2,7200,1.00400801603
411164,411171,412785,7,1614,2,7200,1.00433705081
411181,411187,412615,6,1428,2,7200,1.00420168067
411182,411193,412648,11,1455,2,7200,1.00756013746
411198,411204,412868,6,1664,2,7200,1.00360576923
411313,411319,412815,6,1496,2,7200,1.00401069519
411339,411345,412790,6,1445,2,7200,1.00415224913
411380,411386,413035,6,1649,2,7200,1.00363856883
411415,411421,413057,6,1636,2,7200,1.00366748166
411489,411495,413004,6,1509,2,7200,1.00397614314
411491,411503,413006,12,1503,2,7200,1.00798403194
411510,411516,413379,6,1863,2,7200,1.00322061192
411526,411532,413044,6,1512,2,7200,1.00396825397
411542,411548,413029,6,1481,2,7200,1.00405131668
411582,411588,412994,6,1406,2,7200,1.00426742532
411667,411673,413171,6,1498,2,7200,1.00400534045
411682,411689,413201,7,1512,2,7200,1.00462962963
411763,411769,413316,6,1547,2,7200,1.00387847447
411907,411914,413384,7,1470,2,7200,1.00476190476
411929,411936,413571,7,1635,2,7200,1.00428134557
412009,412016,413588,7,1572,2,7200,1.00445292621
412025,412031,413629,6,1598,2,7200,1.00375469337
412075,412081,413594,6,1513,2,7200,1.0039656312
412134,412141,413664,7,1523,2,7200,1.00459619173
412136,412148,413699,12,1551,2,7200,1.00773694391
412152,412158,413822,6,1664,2,7200,1.00360576923
412153,412164,413683,11,1519,2,7200,1.00724160632
412170,412176,413754,6,1578,2,7200,1.00380228137
412273,412279,413778,6,1499,2,7200,1.00400266845
412289,412295,413916,6,1621,2,7200,1.00370141888
412336,412342,413846,6,1504,2,7200,1.0039893617
412358,412364,413782,6,1418,2,7200,1.00423131171
412442,412448,414010,6,1562,2,7200,1.00384122919
412477,412483,413991,6,1508,2,7200,1.00397877984
412499,412505,414070,6,1565,2,7200,1.00383386581
412524,412531,414010,7,1479,2,7200,1.00473292765
412568,412574,414039,6,1465,2,7200,1.00409556314
412587,412594,414196,7,1602,2,7200,1.00436953808
412603,412609,414237,6,1628,2,7200,1.00368550369
412620,412626,414089,6,1463,2,7200,1.004101162
412642,412648,414160,6,1512,2,7200,1.00396825397
412657,412664,414115,7,1451,2,7200,1.00482425913
412747,412753,414322,6,1569,2,7200,1.00382409178
412780,412786,412813,6,27,1,3600,1.22222222222
412781,412805,412820,24,15,1,3600,2.6
412781,412792,412808,11,16,1,3600,1.6875
412789,412799,414414,10,1615,2,7200,1.00619195046
412805,412812,414365,7,1553,2,7200,1.00450740502
412821,412827,414328,6,1501,2,7200,1.00399733511
412871,412877,414421,6,1544,2,7200,1.00388601036
412994,413001,414429,7,1428,2,7200,1.00490196078
413011,413018,414558,7,1540,2,7200,1.00454545455
413012,413024,414580,12,1556,2,7200,1.00771208226
413032,413038,414511,6,1473,2,7200,1.00407331976
413048,413054,414549,6,1495,2,7200,1.00401337793
413050,413061,414630,11,1569,2,7200,1.00701083493
413065,413072,414574,7,1502,2,7200,1.00466045273
413174,413180,414687,6,1507,2,7200,1.00398142004
413203,413209,414910,6,1701,2,7200,1.00352733686
413267,413273,414272,6,999,1,900,1.00600600601
413318,413324,414843,6,1519,2,7200,1.00394996708
413381,413387,414860,6,1473,2,7200,1.00407331976
413397,413403,414915,6,1512,2,7200,1.00396825397
413401,414339,431880,938,17541,12,21600,1.05347471638
413430,414431,431745,1001,17314,12,21600,1.05781448539
413573,413579,415157,6,1578,2,7200,1.00380228137
413590,413596,415321,6,1725,2,7200,1.00347826087
413606,413612,415285,6,1673,2,7200,1.00358637179
413632,413638,415322,6,1684,2,7200,1.00356294537
413666,413672,415267,6,1595,2,7200,1.00376175549
413686,413692,415257,6,1565,2,7200,1.00383386581
413702,413708,415350,6,1642,2,7200,1.00365408039
413755,413761,415227,6,1466,2,7200,1.00409276944
413780,413787,415539,7,1752,2,7200,1.00399543379
413796,413803,415287,7,1484,2,7200,1.00471698113
413824,413831,415325,7,1494,2,7200,1.0046854083
413847,413853,415477,6,1624,2,7200,1.00369458128
413882,413932,414107,50,175,1,60,1.28571428571
413919,413925,415408,6,1483,2,7200,1.004045853
413993,413999,415625,6,1626,2,7200,1.0036900369
413994,414006,434228,12,20222,1,97200,1.00059341311
414012,414019,415597,7,1578,2,7200,1.00443599493
414014,414026,415533,12,1507,2,7200,1.00796284008
414043,414050,415576,7,1526,2,7200,1.00458715596
414071,414078,415569,7,1491,2,7200,1.00469483568
414090,414096,415590,6,1494,2,7200,1.00401606426
414118,414124,415627,6,1503,2,7200,1.00399201597
414163,414169,415768,6,1599,2,7200,1.00375234522
414197,414203,415697,6,1494,2,7200,1.00401606426
414238,414244,415811,6,1567,2,7200,1.00382897256
414325,414331,415926,6,1595,2,7200,1.00376175549
414341,414347,416044,6,1697,2,7200,1.00353565115
414366,414372,415992,6,1620,2,7200,1.0037037037
414416,414423,416086,7,1663,2,7200,1.00420926037
414433,414439,416042,6,1603,2,7200,1.00374298191
414434,414445,415960,11,1515,2,7200,1.00726072607
414513,414519,416061,6,1542,2,7200,1.00389105058
414551,414557,416085,6,1528,2,7200,1.00392670157
414568,414574,416114,6,1540,2,7200,1.0038961039
414585,414591,415969,6,1378,2,7200,1.00435413643
414587,414597,416168,10,1571,2,7200,1.00636537237
414632,414638,416113,6,1475,2,7200,1.00406779661
414689,414695,416289,6,1594,2,7200,1.00376411543
414798,414806,414961,8,155,1,150,1.05161290323
414845,414851,416400,6,1549,2,7200,1.00387346675
414864,414870,416357,6,1487,2,7200,1.00403496974
414912,414918,416327,6,1409,2,7200,1.00425833925
414928,414934,416549,6,1615,2,7200,1.00371517028
415160,415166,416601,6,1435,2,7200,1.00418118467
415229,415235,416663,6,1428,2,7200,1.00420168067
415257,415264,416778,7,1514,2,7200,1.00462351387
415274,415280,416927,6,1647,2,7200,1.00364298725
415290,415296,416922,6,1626,2,7200,1.0036900369
415291,415303,416686,12,1383,2,7200,1.00867678959
415323,415329,417038,6,1709,2,7200,1.00351082504
415325,415336,416912,11,1576,2,7200,1.00697969543
415342,415348,416859,6,1511,2,7200,1.00397088021
415359,415365,416995,6,1630,2,7200,1.0036809816
415409,415415,416973,6,1558,2,7200,1.00385109114
415479,415485,417026,6,1541,2,7200,1.0038935756
415533,415539,417090,6,1551,2,7200,1.00386847195
415549,415555,417079,6,1524,2,7200,1.00393700787
415572,415578,417102,6,1524,2,7200,1.00393700787
415588,415594,417127,6,1533,2,7200,1.00391389432
415604,415610,417139,6,1529,2,7200,1.00392413342
415606,415616,417178,10,1562,2,7200,1.00640204866
415629,415635,417184,6,1549,2,7200,1.00387346675
415630,415642,417040,12,1398,2,7200,1.00858369099
415699,415705,417373,6,1668,2,7200,1.0035971223
415771,415777,417221,6,1444,2,7200,1.00415512465
415813,415819,417368,6,1549,2,7200,1.00387346675
415929,415936,417721,7,1785,2,7200,1.00392156863
415962,415968,417532,6,1564,2,7200,1.00383631714
415978,415984,417529,6,1545,2,7200,1.00388349515
415994,416000,417581,6,1581,2,7200,1.00379506641
416045,416051,417597,6,1546,2,7200,1.00388098318
416046,416057,417356,11,1299,2,7200,1.00846805235
416063,416069,417632,6,1563,2,7200,1.00383877159
416085,416092,417648,7,1556,2,7200,1.00449871465
416087,416100,417754,13,1654,2,7200,1.00785973398
416116,416122,417694,6,1572,2,7200,1.00381679389
416118,416128,417769,10,1641,2,7200,1.00609384522
416172,416178,417610,6,1432,2,7200,1.00418994413
416290,416296,417866,6,1570,2,7200,1.00382165605
416328,416335,417812,7,1477,2,7200,1.00473933649
416360,416366,417984,6,1618,2,7200,1.00370828183
416403,416409,417946,6,1537,2,7200,1.00390370852
416552,416558,418247,6,1689,2,7200,1.00355239787
416603,416609,418116,6,1507,2,7200,1.00398142004
416665,416671,418225,6,1554,2,7200,1.00386100386
416688,416694,418281,6,1587,2,7200,1.00378071834
416782,416788,418277,6,1489,2,7200,1.00402955003
416863,416869,418323,6,1454,2,7200,1.00412654746
416915,416922,418433,7,1511,2,7200,1.00463269358
416932,416939,418457,7,1518,2,7200,1.0046113307
416933,416945,418593,12,1648,2,7200,1.0072815534
416977,416983,418559,6,1576,2,7200,1.0038071066
416996,417002,418517,6,1515,2,7200,1.00396039604
417027,417034,418527,7,1493,2,7200,1.00468854655
417044,417050,418475,6,1425,2,7200,1.00421052632
417046,417057,418577,11,1520,2,7200,1.00723684211
417080,417086,418547,6,1461,2,7200,1.00410677618
417096,417102,418731,6,1629,2,7200,1.00368324125
417112,417119,418736,7,1617,2,7200,1.00432900433
417131,417138,418600,7,1462,2,7200,1.0047879617
417147,417154,418597,7,1443,2,7200,1.00485100485
417182,417188,418815,6,1627,2,7200,1.0036877689
417198,417204,418715,6,1511,2,7200,1.00397088021
417224,417230,418792,6,1562,2,7200,1.00384122919
417357,417363,418930,6,1567,2,7200,1.00382897256
417373,417379,418967,6,1588,2,7200,1.00377833753
417374,417386,419005,12,1619,2,7200,1.00741198271
417532,417538,419069,6,1531,2,7200,1.00391900718
417533,417544,419098,11,1554,2,7200,1.00707850708
417584,417590,419201,6,1611,2,7200,1.00372439479
417600,417606,419405,6,1799,2,7200,1.00333518621
417616,417622,419227,6,1605,2,7200,1.00373831776
417634,417641,419159,7,1518,2,7200,1.0046113307
417650,417656,419100,6,1444,2,7200,1.00415512465
417695,417701,419223,6,1522,2,7200,1.00394218134
417723,417729,419364,6,1635,2,7200,1.00366972477
417757,417763,419142,6,1379,2,7200,1.00435097897
417773,417780,419287,7,1507,2,7200,1.00464499005
417814,417821,419357,7,1536,2,7200,1.00455729167
417867,417874,419348,7,1474,2,7200,1.00474898236
417948,417954,419410,6,1456,2,7200,1.00412087912
417986,417992,419597,6,1605,2,7200,1.00373831776
418119,418125,419705,6,1580,2,7200,1.00379746835
418227,418233,419772,6,1539,2,7200,1.00389863548
418249,418255,419791,6,1536,2,7200,1.00390625
418277,418283,420008,6,1725,2,7200,1.00347826087
418293,418299,419866,6,1567,2,7200,1.00382897256
418324,418331,419828,7,1497,2,7200,1.0046760187
418409,418415,418417,6,2,2,3540,1.0
418435,418441,419885,6,1444,2,7200,1.00415512465
418460,418466,420057,6,1591,2,7200,1.00377121307
418476,418482,420055,6,1573,2,7200,1.00381436745
418520,418526,420091,6,1565,2,7200,1.00383386581
418536,418542,420012,6,1470,2,7200,1.00408163265
418552,418558,420074,6,1516,2,7200,1.00395778364
418568,418574,420181,6,1607,2,7200,1.00373366521
418584,418590,420123,6,1533,2,7200,1.00391389432
418600,418607,420204,7,1597,2,7200,1.00438321853
418602,418614,419943,12,1329,2,7200,1.00902934537
418603,418619,420240,16,1621,2,7200,1.00987045034
418718,418724,420294,6,1570,2,7200,1.00382165605
418734,418740,420225,6,1485,2,7200,1.00404040404
418750,418756,420177,6,1421,2,7200,1.00422237861
418794,418800,420331,6,1531,2,7200,1.00391900718
418816,418823,420309,7,1486,2,7200,1.00471063257
418932,418938,420484,6,1546,2,7200,1.00388098318
418970,418976,420404,6,1428,2,7200,1.00420168067
419004,419010,420538,6,1528,2,7200,1.00392670157
419069,419075,420594,6,1519,2,7200,1.00394996708
419101,419107,420597,6,1490,2,7200,1.00402684564
419103,419115,420636,12,1521,2,7200,1.00788954635
419143,419150,420688,7,1538,2,7200,1.00455136541
419160,419166,420644,6,1478,2,7200,1.00405953992
419203,419209,420623,6,1414,2,7200,1.00424328147
419222,419228,420791,6,1563,2,7200,1.00383877159
419238,419244,420938,6,1694,2,7200,1.00354191263
419288,419294,420897,6,1603,2,7200,1.00374298191
419351,419357,420937,6,1580,2,7200,1.00379746835
419368,419374,420957,6,1583,2,7200,1.00379027164
419369,419380,420887,11,1507,2,7200,1.00729927007
419407,419413,420956,6,1543,2,7200,1.00388852884
419423,419430,421169,7,1739,2,7200,1.0040253019
419598,419605,421132,7,1527,2,7200,1.00458415193
419708,419714,421206,6,1492,2,7200,1.00402144772
419773,419779,421396,6,1617,2,7200,1.00371057514
419792,419798,421321,6,1523,2,7200,1.00393959291
419830,419836,421288,6,1452,2,7200,1.0041322314
419868,419875,421386,7,1511,2,7200,1.00463269358
419887,419893,421511,6,1618,2,7200,1.00370828183
419946,419952,421431,6,1479,2,7200,1.00405679513
420008,420014,421565,6,1551,2,7200,1.00386847195
420024,420030,421558,6,1528,2,7200,1.00392670157
420057,420063,421525,6,1462,2,7200,1.00410396717
420058,420070,422190,12,2120,2,7200,1.00566037736
420078,420084,421684,6,1600,2,7200,1.00375
420094,420100,421669,6,1569,2,7200,1.00382409178
420126,420132,421782,6,1650,2,7200,1.00363636364
420179,420185,421721,6,1536,2,7200,1.00390625
420195,420201,421791,6,1590,2,7200,1.00377358491
420211,420218,421736,7,1518,2,7200,1.0046113307
420227,420234,421706,7,1472,2,7200,1.00475543478
420243,420249,421904,6,1655,2,7200,1.00362537764
420296,420302,421838,6,1536,2,7200,1.00390625
420312,420319,421789,7,1470,2,7200,1.00476190476
420332,420338,421935,6,1597,2,7200,1.00375704446
420407,420413,422013,6,1600,2,7200,1.00375
420486,420492,421944,6,1452,2,7200,1.0041322314
420539,420546,422140,7,1594,2,7200,1.00439146801
420593,420599,422120,6,1521,2,7200,1.00394477318
420609,420615,422280,6,1665,2,7200,1.0036036036
420626,420632,422189,6,1557,2,7200,1.00385356455
420642,420648,422276,6,1628,2,7200,1.00368550369
420658,420665,422319,7,1654,2,7200,1.00423216445
420690,420696,422254,6,1558,2,7200,1.00385109114
420793,420799,422479,6,1680,2,7200,1.00357142857
420890,420897,422417,7,1520,2,7200,1.00460526316
420907,420913,422338,6,1425,2,7200,1.00421052632
420939,420945,422492,6,1547,2,7200,1.00387847447
420940,420952,422376,12,1424,2,7200,1.00842696629
420957,420963,422524,6,1561,2,7200,1.00384368994
420958,420970,422521,12,1551,2,7200,1.00773694391
421136,421143,422565,7,1422,2,7200,1.00492264416
421172,421178,422776,6,1598,2,7200,1.00375469337
421210,421216,422668,6,1452,2,7200,1.0041322314
421289,421296,422720,7,1424,2,7200,1.00491573034
421324,421330,422806,6,1476,2,7200,1.00406504065
421388,421394,422943,6,1549,2,7200,1.00387346675
421404,421410,423161,6,1751,2,7200,1.00342661336
421433,421439,423045,6,1606,2,7200,1.00373599004
421486,421577,424169,91,2592,4,3600,1.03510802469
421514,421520,423118,6,1598,2,7200,1.00375469337
421530,421537,423219,7,1682,2,7200,1.00416171225
421561,421568,423104,7,1536,2,7200,1.00455729167
421578,421584,423026,6,1442,2,7200,1.00416088766
421671,421677,423312,6,1635,2,7200,1.00366972477
421687,421693,423231,6,1538,2,7200,1.00390117035
421710,421716,423234,6,1518,2,7200,1.00395256917
421725,421732,423145,7,1413,2,7200,1.00495399858
421742,421748,423390,6,1642,2,7200,1.00365408039
421783,421789,423324,6,1535,2,7200,1.00390879479
421800,421807,423221,7,1414,2,7200,1.00495049505
421802,421813,423454,11,1641,2,7200,1.00670322974
421840,421846,423309,6,1463,2,7200,1.004101162
421905,421911,423567,6,1656,2,7200,1.00362318841
421937,421943,423583,6,1640,2,7200,1.00365853659
421953,421959,423582,6,1623,2,7200,1.00369685767
422016,422023,423506,7,1483,2,7200,1.00472016183
422121,422127,423638,6,1511,2,7200,1.00397088021
422143,422149,423659,6,1510,2,7200,1.00397350993
422190,422197,423815,7,1618,2,7200,1.0043263288
422192,422203,423593,11,1390,2,7200,1.00791366906
422258,422268,423795,10,1527,2,7200,1.00654878847
422281,422287,423847,6,1560,2,7200,1.00384615385
422282,422294,423842,12,1548,2,7200,1.00775193798
422321,422327,423967,6,1640,2,7200,1.00365853659
422340,422346,423800,6,1454,2,7200,1.00412654746
422378,422384,424328,6,1944,2,7200,1.00308641975
422420,422426,424195,6,1769,2,7200,1.00339174675
422436,422736,423262,300,526,2,3600,1.57034220532
422483,422489,424003,6,1514,2,7200,1.00396301189
422499,422505,424031,6,1526,2,7200,1.00393184797
422525,422531,424058,6,1527,2,7200,1.00392927308
422526,422538,424220,12,1682,2,7200,1.00713436385
422568,422574,424160,6,1586,2,7200,1.00378310214
422672,422678,424319,6,1641,2,7200,1.00365630713
422723,422729,424273,6,1544,2,7200,1.00388601036
422777,422783,424330,6,1547,2,7200,1.00387847447
422810,422816,424325,6,1509,2,7200,1.00397614314
422944,422950,424567,6,1617,2,7200,1.00371057514
423028,423034,424709,6,1675,2,7200,1.00358208955
423047,423053,424653,6,1600,2,7200,1.00375
423106,423113,424716,7,1603,2,7200,1.00436681223
423123,423129,424621,6,1492,2,7200,1.00402144772
423148,423154,424714,6,1560,2,7200,1.00384615385
423164,423170,424673,6,1503,2,7200,1.00399201597
423220,423227,424769,7,1542,2,7200,1.00453955901
423237,423243,424909,6,1666,2,7200,1.00360144058
423239,423249,424864,10,1615,2,7200,1.00619195046
423240,423255,424824,15,1569,2,7200,1.00956022945
423309,423316,424933,7,1617,2,7200,1.00432900433
423311,423322,424967,11,1645,2,7200,1.00668693009
423327,423333,424893,6,1560,2,7200,1.00384615385
423393,423399,425072,6,1673,2,7200,1.00358637179
423458,423465,425110,7,1645,2,7200,1.00425531915
423510,423516,425010,6,1494,2,7200,1.00401606426
423569,423576,425050,7,1474,2,7200,1.00474898236
423586,423592,425091,6,1499,2,7200,1.00400266845
423587,423599,425268,12,1669,2,7200,1.00718993409
423604,423610,425240,6,1630,2,7200,1.0036809816
423640,423646,425318,6,1672,2,7200,1.00358851675
423662,423668,425090,6,1422,2,7200,1.00421940928
423720,423726,424767,6,1041,1,900,1.00576368876
423798,423804,425410,6,1606,2,7200,1.00373599004
423814,423821,425426,7,1605,2,7200,1.00436137072
423816,423828,425307,12,1479,2,7200,1.00811359026
423845,423851,425366,6,1515,2,7200,1.00396039604
423862,423868,425432,6,1564,2,7200,1.00383631714
423969,423975,425437,6,1462,2,7200,1.00410396717
424007,424014,425652,7,1638,2,7200,1.00427350427
424034,424040,425481,6,1441,2,7200,1.00416377516
424060,424066,425545,6,1479,2,7200,1.00405679513
424162,424168,425767,6,1599,2,7200,1.00375234522
424197,424203,425718,6,1515,2,7200,1.00396039604
424223,424230,425914,7,1684,2,7200,1.0041567696
424275,424281,425885,6,1604,2,7200,1.00374064838
424322,424328,425928,6,1600,2,7200,1.00375
424339,424346,425856,7,1510,2,7200,1.00463576159
424340,424352,425896,12,1544,2,7200,1.00777202073
424342,424357,425850,15,1493,2,7200,1.01004688547
424570,424576,426099,6,1523,2,7200,1.00393959291
424623,424630,426148,7,1518,2,7200,1.0046113307
424655,424662,426094,7,1432,2,7200,1.00488826816
424677,424683,426331,6,1648,2,7200,1.0036407767
424712,424718,426178,6,1460,2,7200,1.00410958904
424728,424734,426251,6,1517,2,7200,1.00395517469
424729,424741,426328,12,1587,2,7200,1.00756143667
424769,424777,425802,8,1025,1,900,1.00780487805
424770,424784,426275,14,1491,2,7200,1.00938967136
424827,424833,426266,6,1433,2,7200,1.00418702024
424865,424871,426304,6,1433,2,7200,1.00418702024
424900,424905,426410,5,1505,2,7200,1.00332225914
424916,424922,426593,6,1671,2,7200,1.00359066427
424934,424941,426447,7,1506,2,7200,1.00464807437
424969,424976,426626,7,1650,2,7200,1.00424242424
425013,425019,426544,6,1525,2,7200,1.00393442623
425050,425056,426626,6,1570,2,7200,1.00382165605
425072,425078,426626,6,1548,2,7200,1.00387596899
425091,425097,426660,6,1563,2,7200,1.00383877159
425093,425104,426598,11,1494,2,7200,1.00736278447
425112,425118,426724,6,1606,2,7200,1.00373599004
425243,425249,426813,6,1564,2,7200,1.00383631714
425271,425277,426859,6,1582,2,7200,1.00379266751
425314,425320,426832,6,1512,2,7200,1.00396825397
425330,425337,426908,7,1571,2,7200,1.00445576066
425368,425374,426910,6,1536,2,7200,1.00390625
425411,425417,426795,6,1378,2,7200,1.00435413643
425430,425436,426894,6,1458,2,7200,1.00411522634
425446,425452,426854,6,1402,2,7200,1.00427960057
425447,425458,426950,11,1492,2,7200,1.00737265416
425482,425488,427040,6,1552,2,7200,1.00386597938
425545,425551,427029,6,1478,2,7200,1.00405953992
425581,432107,615438,6526,183331,18,288000,1.03559681669
425653,425659,427281,6,1622,2,7200,1.00369913687
425722,425728,427264,6,1536,2,7200,1.00390625
425769,425775,427286,6,1511,2,7200,1.00397088021
425853,425861,427429,8,1568,2,7200,1.00510204082
425869,425875,427245,6,1370,2,7200,1.00437956204
425888,425895,427431,7,1536,2,7200,1.00455729167
425904,425910,427450,6,1540,2,7200,1.0038961039
425920,425926,427372,6,1446,2,7200,1.00414937759
425936,425942,427500,6,1558,2,7200,1.00385109114
426096,426102,427641,6,1539,2,7200,1.00389863548
426111,426117,427787,6,1670,2,7200,1.00359281437
426150,426156,427705,6,1549,2,7200,1.00387346675
426181,426187,427754,6,1567,2,7200,1.00382897256
426253,426260,427764,7,1504,2,7200,1.00465425532
426270,426276,427833,6,1557,2,7200,1.00385356455
426286,426292,427714,6,1422,2,7200,1.00421940928
426306,426312,427902,6,1590,2,7200,1.00377358491
426332,426338,427963,6,1625,2,7200,1.00369230769
426334,426346,427931,12,1585,2,7200,1.00757097792
426413,426419,427919,6,1500,2,7200,1.004
426448,426455,427937,7,1482,2,7200,1.00472334683
426547,426553,428077,6,1524,2,7200,1.00393700787
426596,426602,428002,6,1400,2,7200,1.00428571429
426612,426618,428225,6,1607,2,7200,1.00373366521
426629,426635,428251,6,1616,2,7200,1.00371287129
426631,426642,428138,11,1496,2,7200,1.00735294118
426632,426647,428152,15,1505,2,7200,1.00996677741
426661,426668,428308,7,1640,2,7200,1.00426829268
426728,426734,428185,6,1451,2,7200,1.00413507926
426797,426803,428219,6,1416,2,7200,1.00423728814
426816,426822,428412,6,1590,2,7200,1.00377358491
426836,426842,428427,6,1585,2,7200,1.00378548896
426855,426861,428426,6,1565,2,7200,1.00383386581
426871,426877,428525,6,1648,2,7200,1.0036407767
426894,426900,428506,6,1606,2,7200,1.00373599004
426910,426916,428491,6,1575,2,7200,1.00380952381
426911,426922,428529,11,1607,2,7200,1.00684505289
426953,426959,428435,6,1476,2,7200,1.00406504065
427031,427037,428685,6,1648,2,7200,1.0036407767
427047,427054,428574,7,1520,2,7200,1.00460526316
427247,427253,428852,6,1599,2,7200,1.00375234522
427266,427273,428840,7,1567,2,7200,1.00446713465
427283,427289,428877,6,1588,2,7200,1.00377833753
427299,427305,428760,6,1455,2,7200,1.00412371134
427374,427380,428853,6,1473,2,7200,1.00407331976
427419,427426,428439,7,1013,1,900,1.00691016782
427431,427437,429081,6,1644,2,7200,1.00364963504
427432,427444,428978,12,1534,2,7200,1.00782268579
427455,427462,428960,7,1498,2,7200,1.0046728972
427505,427511,428955,6,1444,2,7200,1.00415512465
427642,427648,429294,6,1646,2,7200,1.00364520049
427708,427714,429218,6,1504,2,7200,1.0039893617
427724,427731,429660,7,1929,2,7200,1.00362882322
427757,427763,429391,6,1628,2,7200,1.00368550369
427773,427779,429326,6,1547,2,7200,1.00387847447
427789,427796,429215,7,1419,2,7200,1.00493305144
427835,427841,429547,6,1706,2,7200,1.00351699883
427905,427911,429559,6,1648,2,7200,1.0036407767
427921,427927,429560,6,1633,2,7200,1.00367421923
427937,427943,429590,6,1647,2,7200,1.00364298725
427938,427949,429612,11,1663,2,7200,1.00661455201
427964,427970,429596,6,1626,2,7200,1.0036900369
428006,428012,429544,6,1532,2,7200,1.00391644909
428078,428084,429677,6,1593,2,7200,1.00376647834
428141,428147,429713,6,1566,2,7200,1.00383141762
428157,428163,429687,6,1524,2,7200,1.00393700787
428188,428195,429735,7,1540,2,7200,1.00454545455
428220,428226,429702,6,1476,2,7200,1.00406504065
428236,428242,429664,6,1422,2,7200,1.00421940928
428255,428261,430002,6,1741,2,7200,1.00344629523
428310,428316,429895,6,1579,2,7200,1.00379987334
428415,428421,430033,6,1612,2,7200,1.00372208437
428432,428439,430173,7,1734,2,7200,1.00403690888
428434,428445,430081,11,1636,2,7200,1.00672371638
428450,428456,429861,6,1405,2,7200,1.00427046263
428495,428501,430164,6,1663,2,7200,1.00360793746
428512,428518,429943,6,1425,2,7200,1.00421052632
428528,428535,430073,7,1538,2,7200,1.00455136541
428544,428551,430039,7,1488,2,7200,1.00470430108
428577,428583,430163,6,1580,2,7200,1.00379746835
428687,428693,430620,6,1927,2,7200,1.00311364816
428764,428770,430321,6,1551,2,7200,1.00386847195
428840,428846,430441,6,1595,2,7200,1.00376175549
428857,428864,430347,7,1483,2,7200,1.00472016183
428858,428871,430477,13,1606,2,7200,1.00809464508
428881,428887,430450,6,1563,2,7200,1.00383877159
428959,428965,430350,6,1385,2,7200,1.00433212996
428961,428971,430595,10,1624,2,7200,1.00615763547
428981,428988,430510,7,1522,2,7200,1.00459921156
429082,429089,430678,7,1589,2,7200,1.00440528634
429216,429222,430667,6,1445,2,7200,1.00415224913
429233,429239,430587,6,1348,2,7200,1.00445103858
429296,429302,430758,6,1456,2,7200,1.00412087912
429328,429334,430849,6,1515,2,7200,1.00396039604
429393,429399,430859,6,1460,2,7200,1.00410958904
429523,429530,429532,7,2,2,3540,1.0
429546,429552,431134,6,1582,2,7200,1.00379266751
429547,429558,431120,11,1562,2,7200,1.00704225352
429564,429570,431237,6,1667,2,7200,1.00359928014
429565,429576,431005,11,1429,2,7200,1.00769769069
429591,429597,430974,6,1377,2,7200,1.00435729847
429608,429614,431031,6,1417,2,7200,1.00423429781
429624,429630,431196,6,1566,2,7200,1.00383141762
429659,429666,431114,7,1448,2,7200,1.00483425414
429675,429682,431338,7,1656,2,7200,1.00422705314
429677,429688,431322,11,1634,2,7200,1.00673194614
429693,429699,431520,6,1821,2,7200,1.00329489292
429710,429716,431396,6,1680,2,7200,1.00357142857
429726,429732,431392,6,1660,2,7200,1.00361445783
429741,429748,431209,7,1461,2,7200,1.00479123888
429863,429869,431335,6,1466,2,7200,1.00409276944
429898,429904,431474,6,1570,2,7200,1.00382165605
429942,429949,431461,7,1512,2,7200,1.00462962963
430003,430009,431544,6,1535,2,7200,1.00390879479
430034,430040,431535,6,1495,2,7200,1.00401337793
430052,430058,431577,6,1519,2,7200,1.00394996708
430075,430081,431731,6,1650,2,7200,1.00363636364
430091,430097,431593,6,1496,2,7200,1.00401069519
430167,430173,431707,6,1534,2,7200,1.00391134289
430168,430180,431734,12,1554,2,7200,1.00772200772
430184,430191,431745,7,1554,2,7200,1.0045045045
430323,430329,431908,6,1579,2,7200,1.00379987334
430349,430355,431971,6,1616,2,7200,1.00371287129
430365,430371,431878,6,1507,2,7200,1.00398142004
430443,430449,431986,6,1537,2,7200,1.00390370852
430459,430465,432082,6,1617,2,7200,1.00371057514
430479,430485,431974,6,1489,2,7200,1.00402955003
430514,430520,432255,6,1735,2,7200,1.00345821326
430588,430594,432194,6,1600,2,7200,1.00375
430604,430610,432155,6,1545,2,7200,1.00388349515
430623,430629,432231,6,1602,2,7200,1.00374531835
430670,430676,432253,6,1577,2,7200,1.00380469245
430686,430691,432148,5,1457,2,7200,1.00343170899
430760,430766,432267,6,1501,2,7200,1.00399733511
430852,430858,432531,6,1673,2,7200,1.00358637179
430868,430874,432342,6,1468,2,7200,1.00408719346
430973,430979,432694,6,1715,2,7200,1.00349854227
431008,431014,432552,6,1538,2,7200,1.00390117035
431033,431040,432531,7,1491,2,7200,1.00469483568
431114,431120,432730,6,1610,2,7200,1.00372670807
431133,431139,432725,6,1586,2,7200,1.00378310214
431135,431147,432623,12,1476,2,7200,1.0081300813
431200,431206,432766,6,1560,2,7200,1.00384615385
431216,431222,432719,6,1497,2,7200,1.00400801603
431238,431244,432713,6,1469,2,7200,1.00408441116
431321,431328,432775,7,1447,2,7200,1.00483759502
431338,431344,432789,6,1445,2,7200,1.00415224913
431339,431350,432758,11,1408,2,7200,1.0078125
431393,431399,433024,6,1625,2,7200,1.00369230769
431409,431415,432845,6,1430,2,7200,1.0041958042
431462,431468,433111,6,1643,2,7200,1.00365185636
431478,431484,432981,6,1497,2,7200,1.00400801603
431522,431529,433058,7,1529,2,7200,1.00457815566
431538,431544,433040,6,1496,2,7200,1.00401069519
431554,431560,433090,6,1530,2,7200,1.00392156863
431579,431586,433140,7,1554,2,7200,1.0045045045
431596,431602,433125,6,1523,2,7200,1.00393959291
431707,431713,433112,6,1399,2,7200,1.0042887777
431732,431738,433049,6,1311,2,7200,1.00457665904
431748,431754,433317,6,1563,2,7200,1.00383877159
431750,431761,433258,11,1497,2,7200,1.00734802939
431879,431885,433465,6,1580,2,7200,1.00379746835
431910,431917,433428,7,1511,2,7200,1.00463269358
431973,431979,433629,6,1650,2,7200,1.00363636364
431989,431995,433579,6,1584,2,7200,1.00378787879
431991,432001,433659,10,1658,2,7200,1.00603136309
432084,432090,433557,6,1467,2,7200,1.00408997955
432150,432156,433799,6,1643,2,7200,1.00365185636
432166,432172,433693,6,1521,2,7200,1.00394477318
432197,432204,433869,7,1665,2,7200,1.0042042042
432232,432238,433925,6,1687,2,7200,1.00355660937
432254,432260,433893,6,1633,2,7200,1.00367421923
432256,432267,433832,11,1565,2,7200,1.00702875399
432272,432278,433812,6,1534,2,7200,1.00391134289
432343,432349,433973,6,1624,2,7200,1.00369458128
432532,432538,433971,6,1433,2,7200,1.00418702024
432534,432545,434081,11,1536,2,7200,1.00716145833
432553,432559,434138,6,1579,2,7200,1.00379987334
432625,432631,434201,6,1570,2,7200,1.00382165605
432697,432703,434275,6,1572,2,7200,1.00381679389
432713,432720,434235,7,1515,2,7200,1.00462046205
432730,432736,434264,6,1528,2,7200,1.00392670157
432731,432743,434185,12,1442,2,7200,1.00832177531
432733,432751,434262,18,1511,2,7200,1.01191264064
432762,432768,434341,6,1573,2,7200,1.00381436745
432778,432784,434249,6,1465,2,7200,1.00409556314
432779,432790,434307,11,1517,2,7200,1.00725115359
432796,432802,434364,6,1562,2,7200,1.00384122919
432846,432852,434372,6,1520,2,7200,1.00394736842
432979,432985,434520,6,1535,2,7200,1.00390879479
433026,433032,434474,6,1442,2,7200,1.00416088766
433042,433048,434562,6,1514,2,7200,1.00396301189
433058,433065,434514,7,1449,2,7200,1.00483091787
433060,433072,434699,12,1627,2,7200,1.0073755378
433091,433097,434531,6,1434,2,7200,1.00418410042
433114,433120,434630,6,1510,2,7200,1.00397350993
433115,433127,434931,12,1804,2,7200,1.0066518847
433132,433138,434742,6,1604,2,7200,1.00374064838
433147,433154,434827,7,1673,2,7200,1.00418410042
433261,433267,434756,6,1489,2,7200,1.00402955003
433317,433323,434793,6,1470,2,7200,1.00408163265
433431,433437,434976,6,1539,2,7200,1.00389863548
433469,433475,434926,6,1451,2,7200,1.00413507926
433558,433565,435215,7,1650,2,7200,1.00424242424
433580,433587,435223,7,1636,2,7200,1.00427872861
433630,433636,435166,6,1530,2,7200,1.00392156863
433661,433668,435077,7,1409,2,7200,1.00496806246
433693,433700,435241,7,1541,2,7200,1.00454250487
433799,433806,435430,7,1624,2,7200,1.00431034483
433816,433822,435378,6,1556,2,7200,1.00385604113
433832,433838,435336,6,1498,2,7200,1.00400534045
433870,433876,435391,6,1515,2,7200,1.00396039604
433896,433902,435441,6,1539,2,7200,1.00389863548
433928,433934,435426,6,1492,2,7200,1.00402144772
433973,433979,435388,6,1409,2,7200,1.00425833925
433974,433985,435530,11,1545,2,7200,1.0071197411
434086,434092,435601,6,1509,2,7200,1.00397614314
434140,434146,435595,6,1449,2,7200,1.00414078675
434186,434193,435732,7,1539,2,7200,1.00454840806
434203,434209,435734,6,1525,2,7200,1.00393442623
434238,434244,435828,6,1584,2,7200,1.00378787879
434257,434263,435660,6,1397,2,7200,1.00429491768
434273,434279,435783,6,1504,2,7200,1.0039893617
434275,434286,435849,11,1563,2,7200,1.00703774792
434291,434297,435749,6,1452,2,7200,1.0041322314
434307,434313,435822,6,1509,2,7200,1.00397614314
434342,434348,436033,6,1685,2,7200,1.00356083086
434364,434370,436029,6,1659,2,7200,1.00361663653
434380,434387,436023,7,1636,2,7200,1.00427872861
434477,434483,435963,6,1480,2,7200,1.00405405405
434515,434522,436053,7,1531,2,7200,1.00457217505
434517,434528,436039,11,1511,2,7200,1.00727994705
434533,434540,436137,7,1597,2,7200,1.00438321853
434562,434568,436266,6,1698,2,7200,1.0035335689
434628,434634,436226,6,1592,2,7200,1.00376884422
434700,434706,436244,6,1538,2,7200,1.00390117035
434741,434747,436309,6,1562,2,7200,1.00384122919
434757,434763,436266,6,1503,2,7200,1.00399201597
434796,434802,436436,6,1634,2,7200,1.00367197062
434831,434837,436414,6,1577,2,7200,1.00380469245
434926,434933,436351,7,1418,2,7200,1.00493653032
434943,434949,436616,6,1667,2,7200,1.00359928014
434978,434984,436557,6,1573,2,7200,1.00381436745
435081,435087,437023,6,1936,2,7200,1.00309917355
435168,435174,436741,6,1567,2,7200,1.00382897256
435218,435225,436753,7,1528,2,7200,1.00458115183
435235,435241,436833,6,1592,2,7200,1.00376884422
435250,435257,436760,7,1503,2,7200,1.00465735196
435337,435343,436814,6,1471,2,7200,1.00407885792
435378,435384,436958,6,1574,2,7200,1.00381194409
435394,435400,437043,6,1643,2,7200,1.00365185636
435396,435406,436780,10,1374,2,7200,1.00727802038
435427,435433,436934,6,1501,2,7200,1.00399733511
435443,435449,436897,6,1448,2,7200,1.00414364641
435445,435455,437050,10,1595,2,7200,1.00626959248
435531,435538,437117,7,1579,2,7200,1.00443318556
435597,435603,437233,6,1630,2,7200,1.0036809816
435613,435620,437215,7,1595,2,7200,1.00438871473
435661,435667,437236,6,1569,2,7200,1.00382409178
435736,435742,437152,6,1410,2,7200,1.00425531915
435737,435749,437413,12,1664,2,7200,1.00721153846
435754,435760,437442,6,1682,2,7200,1.00356718193
435773,435779,435901,6,122,1,180,1.04918032787
435785,435792,437329,7,1537,2,7200,1.00455432661
435823,435829,437337,6,1508,2,7200,1.00397877984
435840,435846,437347,6,1501,2,7200,1.00399733511
435856,435862,437395,6,1533,2,7200,1.00391389432
435967,435973,437513,6,1540,2,7200,1.0038961039
436026,436032,437546,6,1514,2,7200,1.00396301189
436042,436048,437581,6,1533,2,7200,1.00391389432
436044,436054,437745,10,1691,2,7200,1.00591366056
436045,436060,437811,15,1751,2,7200,1.00856653341
436061,436067,437383,6,1316,2,7200,1.00455927052
436139,436145,437803,6,1658,2,7200,1.00361881785
436225,436232,438098,7,1866,2,7200,1.00375133976
436229,436239,436241,10,2,1,180,1.2
436248,436254,437707,6,1453,2,7200,1.00412938747
436267,436274,437778,7,1504,2,7200,1.00465425532
436269,436279,437652,10,1373,2,7200,1.00728332119
436309,436316,437828,7,1512,2,7200,1.00462962963
436337,436344,436346,7,2,1,180,1.0
436353,436359,437800,6,1441,2,7200,1.00416377516
436416,436422,437802,6,1380,2,7200,1.00434782609
436438,436444,438064,6,1620,2,7200,1.0037037037
436559,436566,438050,7,1484,2,7200,1.00471698113
436617,436623,438138,6,1515,2,7200,1.00396039604
436742,436748,436755,6,7,1,180,1.3
436743,436755,438346,12,1591,2,7200,1.00754242615
436760,436766,438351,6,1585,2,7200,1.00378548896
436761,436772,438294,11,1522,2,7200,1.00722733246
436781,436787,438455,6,1668,2,7200,1.0035971223
436816,436822,438392,6,1570,2,7200,1.00382165605
436835,436841,438485,6,1644,2,7200,1.00364963504
436889,436895,436918,6,23,1,180,1.26086956522
436900,436906,438480,6,1574,2,7200,1.00381194409
436935,436941,438840,6,1899,2,7200,1.00315955766
436961,436967,438612,6,1645,2,7200,1.00364741641
437027,437033,438591,6,1558,2,7200,1.00385109114
437047,437053,438587,6,1534,2,7200,1.00391134289
437063,437069,438738,6,1669,2,7200,1.00359496705
437122,437128,438909,6,1781,2,7200,1.00336889388
437154,437160,438714,6,1554,2,7200,1.00386100386
437216,437222,438639,6,1417,2,7200,1.00423429781
437235,437241,438796,6,1555,2,7200,1.0038585209
437251,437257,438747,6,1490,2,7200,1.00402684564
437330,437336,439128,6,1792,2,7200,1.00334821429
437346,437352,438789,6,1437,2,7200,1.00417536534
437363,437369,438886,6,1517,2,7200,1.00395517469
437385,437392,439067,7,1675,2,7200,1.00417910448
437402,437408,439005,6,1597,2,7200,1.00375704446
437418,437424,438825,6,1401,2,7200,1.00428265525
437444,437451,439047,7,1596,2,7200,1.00438596491
437514,437521,439001,7,1480,2,7200,1.00472972973
437547,437553,439177,6,1624,2,7200,1.00369458128
437582,437588,439113,6,1525,2,7200,1.00393442623
437655,437666,437691,11,25,1,180,1.44
437655,437661,439132,6,1471,2,7200,1.00407885792
437710,437716,439210,6,1494,2,7200,1.00401606426
437745,437751,439288,6,1537,2,7200,1.00390370852
437781,437787,439415,6,1628,2,7200,1.00368550369
437804,437810,439326,6,1516,2,7200,1.00395778364
437806,437817,439334,11,1517,2,7200,1.00725115359
437807,437822,439384,15,1562,2,7200,1.00960307298
437824,437830,439169,6,1339,2,7200,1.00448095594
437840,437846,439328,6,1482,2,7200,1.004048583
438051,438057,439592,6,1535,2,7200,1.00390879479
438067,438074,439561,7,1487,2,7200,1.00470746469
438099,438105,439559,6,1454,2,7200,1.00412654746
438140,438146,439669,6,1523,2,7200,1.00393959291
438297,438303,439776,6,1473,2,7200,1.00407331976
438348,438354,439871,6,1517,2,7200,1.00395517469
438365,438371,439837,6,1466,2,7200,1.00409276944
438394,438400,439990,6,1590,2,7200,1.00377358491
438456,438462,440030,6,1568,2,7200,1.00382653061
438481,438487,440011,6,1524,2,7200,1.00393700787
438497,438504,440178,7,1674,2,7200,1.00418160096
438591,438597,440131,6,1534,2,7200,1.00391134289
438593,438603,440079,10,1476,2,7200,1.00677506775
438617,438623,440148,6,1525,2,7200,1.00393442623
438643,438649,440138,6,1489,2,7200,1.00402955003
438717,438723,440202,6,1479,2,7200,1.00405679513
438740,438746,440243,6,1497,2,7200,1.00400801603
438756,438762,440395,6,1633,2,7200,1.00367421923
438791,438797,440309,6,1512,2,7200,1.00396825397
438807,438813,440316,6,1503,2,7200,1.00399201597
438826,438832,440348,6,1516,2,7200,1.00395778364
438842,438848,440373,6,1525,2,7200,1.00393442623
438889,438895,440450,6,1555,2,7200,1.0038585209
438911,438918,440484,7,1566,2,7200,1.00446998723
439004,439010,440528,6,1518,2,7200,1.00395256917
439006,439016,440487,10,1471,2,7200,1.00679809653
439050,439056,440687,6,1631,2,7200,1.00367872471
439069,439075,440696,6,1621,2,7200,1.00370141888
439116,439122,440652,6,1530,2,7200,1.00392156863
439132,439138,440679,6,1541,2,7200,1.0038935756
439134,439145,440565,11,1420,2,7200,1.00774647887
439172,439178,440709,6,1531,2,7200,1.00391900718
439188,439194,440597,6,1403,2,7200,1.00427655025
439214,439220,440800,6,1580,2,7200,1.00379746835
439291,439297,440785,6,1488,2,7200,1.00403225806
439329,439335,440787,6,1452,2,7200,1.0041322314
439330,439342,440977,12,1635,2,7200,1.00733944954
439346,439353,440781,7,1428,2,7200,1.00490196078
439387,439393,440932,6,1539,2,7200,1.00389863548
439416,439422,441067,6,1645,2,7200,1.00364741641
439562,439568,441109,6,1541,2,7200,1.0038935756
439563,439575,441165,12,1590,2,7200,1.00754716981
439595,439601,441164,6,1563,2,7200,1.00383877159
439669,439675,441176,6,1501,2,7200,1.00399733511
439777,439783,441331,6,1548,2,7200,1.00387596899
439839,439845,441425,6,1580,2,7200,1.00379746835
439874,439880,441320,6,1440,2,7200,1.00416666667
439991,439997,441579,6,1582,2,7200,1.00379266751
440014,440021,441686,7,1665,2,7200,1.0042042042
440034,440040,441671,6,1631,2,7200,1.00367872471
440081,440087,441606,6,1519,2,7200,1.00394996708
440135,440141,441641,6,1500,2,7200,1.004
440151,440157,441630,6,1473,2,7200,1.00407331976
440152,440163,441669,11,1506,2,7200,1.00730411687
440181,440187,441743,6,1556,2,7200,1.00385604113
440203,440210,441760,7,1550,2,7200,1.00451612903
440244,440250,441809,6,1559,2,7200,1.00384862091
440264,440270,440272,6,2,2,3540,1.0
440312,440318,443297,6,2979,2,7200,1.00201409869
440328,440335,441899,7,1564,2,7200,1.00447570332
440351,440358,441911,7,1553,2,7200,1.00450740502
440377,440383,441921,6,1538,2,7200,1.00390117035
440396,440402,441895,6,1493,2,7200,1.00401875419
440451,440458,442033,7,1575,2,7200,1.00444444444
440483,440489,441958,6,1469,2,7200,1.00408441116
440499,440505,442009,6,1504,2,7200,1.0039893617
440531,440537,442050,6,1513,2,7200,1.0039656312
440565,440571,442069,6,1498,2,7200,1.00400534045
440599,440605,442032,6,1427,2,7200,1.00420462509
440655,440661,442336,6,1675,2,7200,1.00358208955
440680,440686,442160,6,1474,2,7200,1.00407055631
440696,440702,442209,6,1507,2,7200,1.00398142004
440698,440708,442288,10,1580,2,7200,1.00632911392
440713,440720,442399,7,1679,2,7200,1.0041691483
440785,440791,442345,6,1554,2,7200,1.00386100386
440786,440797,442210,11,1413,2,7200,1.00778485492
440803,440809,442379,6,1570,2,7200,1.00382165605
440804,440816,442387,12,1571,2,7200,1.00763844685
440935,440941,442425,6,1484,2,7200,1.00404312668
440978,440984,442552,6,1568,2,7200,1.00382653061
441071,441077,442675,6,1598,2,7200,1.00375469337
441112,441118,442570,6,1452,2,7200,1.0041322314
441165,441171,442688,6,1517,2,7200,1.00395517469
441166,441177,442676,11,1499,2,7200,1.00733822548
441183,441189,442706,6,1517,2,7200,1.00395517469
441320,441327,442947,7,1620,2,7200,1.00432098765
441330,441337,441505,7,168,1,3600,1.04166666667
441336,441343,442851,7,1508,2,7200,1.00464190981
441426,441433,442880,7,1447,2,7200,1.00483759502
441582,441589,443195,7,1606,2,7200,1.00435865504
441608,441614,443006,6,1392,2,7200,1.00431034483
441633,441639,443125,6,1486,2,7200,1.00403768506
441649,441655,443271,6,1616,2,7200,1.00371287129
441671,441677,443178,6,1501,2,7200,1.00399733511
441673,441683,443263,10,1580,2,7200,1.00632911392
441684,441691,442041,7,350,1,3600,1.02
441688,441697,443434,9,1737,2,7200,1.00518134715
441747,441754,443306,7,1552,2,7200,1.00451030928
441763,441769,443350,6,1581,2,7200,1.00379506641
441813,441819,443385,6,1566,2,7200,1.00383141762
441896,441902,443332,6,1430,2,7200,1.0041958042
441912,441918,443472,6,1554,2,7200,1.00386100386
441913,441924,443467,11,1543,2,7200,1.00712896954
441929,441935,443450,6,1515,2,7200,1.00396039604
441960,441967,443556,7,1589,2,7200,1.00440528634
442010,442016,443613,6,1597,2,7200,1.00375704446
442032,442039,443563,7,1524,2,7200,1.00459317585
442034,442045,443637,11,1592,2,7200,1.00690954774
442053,442059,443566,6,1507,2,7200,1.00398142004
442072,442078,443636,6,1558,2,7200,1.00385109114
442161,442167,443661,6,1494,2,7200,1.00401606426
442211,442217,443708,6,1491,2,7200,1.00402414487
442213,442223,443967,10,1744,2,7200,1.00573394495
442290,442296,443983,6,1687,2,7200,1.00355660937
442337,442344,443940,7,1596,2,7200,1.00438596491
442354,442360,443990,6,1630,2,7200,1.0036809816
442382,442388,443882,6,1494,2,7200,1.00401606426
442396,442403,443245,7,842,1,3600,1.00831353919
442398,442409,444010,11,1601,2,7200,1.00687070581
442400,442415,443830,15,1415,2,7200,1.01060070671
442428,442434,444073,6,1639,2,7200,1.00366076876
442554,442561,444064,7,1503,2,7200,1.00465735196
442574,442580,444154,6,1574,2,7200,1.00381194409
442675,442681,444237,6,1556,2,7200,1.00385604113
442676,442688,444158,12,1470,2,7200,1.00816326531
442693,442699,444236,6,1537,2,7200,1.00390370852
442709,442715,444298,6,1583,2,7200,1.00379027164
442855,442861,444333,6,1472,2,7200,1.00407608696
442880,442886,445346,6,2460,2,7200,1.00243902439
442949,442955,444475,6,1520,2,7200,1.00394736842
443008,443014,444511,6,1497,2,7200,1.00400801603
443128,443134,444677,6,1543,2,7200,1.00388852884
443181,443187,444796,6,1609,2,7200,1.00372902424
443197,443203,444755,6,1552,2,7200,1.00386597938
443266,443272,444748,6,1476,2,7200,1.00406504065
443282,443289,444747,7,1458,2,7200,1.00480109739
443299,443305,444921,6,1616,2,7200,1.00371287129
443315,443321,444793,6,1472,2,7200,1.00407608696
443334,443341,444864,7,1523,2,7200,1.00459619173
443354,443360,444885,6,1525,2,7200,1.00393442623
443388,443395,445014,7,1619,2,7200,1.00432365658
443435,443441,444996,6,1555,2,7200,1.0038585209
443454,443460,444999,6,1539,2,7200,1.00389863548
443470,443476,445133,6,1657,2,7200,1.00362100181
443486,443492,445130,6,1638,2,7200,1.00366300366
443560,443566,445231,6,1665,2,7200,1.0036036036
443576,443582,445042,6,1460,2,7200,1.00410958904
443578,443588,445127,10,1539,2,7200,1.0064977258
443615,443621,445142,6,1521,2,7200,1.00394477318
443638,443644,445238,6,1594,2,7200,1.00376411543
443639,443650,445193,11,1543,2,7200,1.00712896954
443664,443671,445113,7,1442,2,7200,1.00485436893
443708,443714,445169,6,1455,2,7200,1.00412371134
443832,443838,445361,6,1523,2,7200,1.00393959291
443885,443891,445341,6,1450,2,7200,1.00413793103
443944,443950,445507,6,1557,2,7200,1.00385356455
443969,443975,445632,6,1657,2,7200,1.00362100181
443985,443991,445472,6,1481,2,7200,1.00405131668
444001,444007,445476,6,1469,2,7200,1.00408441116
444017,444023,445628,6,1605,2,7200,1.00373831776
444066,444072,445654,6,1582,2,7200,1.00379266751
444082,444089,445564,7,1475,2,7200,1.00474576271
444157,444163,445633,6,1470,2,7200,1.00408163265
444173,444179,445775,6,1596,2,7200,1.0037593985
444239,444245,445793,6,1548,2,7200,1.00387596899
444241,444252,445734,11,1482,2,7200,1.00742240216
444300,444306,445773,6,1467,2,7200,1.00408997955
444334,444340,445742,6,1402,2,7200,1.00427960057
444463,444469,444583,6,114,1,3600,1.05263157895
444477,444483,445893,6,1410,2,7200,1.00425531915
444511,444517,446002,6,1485,2,7200,1.00404040404
444679,444686,446252,7,1566,2,7200,1.00446998723
444748,444754,446238,6,1484,2,7200,1.00404312668
444749,444760,446260,11,1500,2,7200,1.00733333333
444753,444766,445086,13,320,1,3600,1.040625
444766,444772,446192,6,1420,2,7200,1.00422535211
444795,444801,446240,6,1439,2,7200,1.0041695622
444811,444817,446334,6,1517,2,7200,1.00395517469
444864,444870,446391,6,1521,2,7200,1.00394477318
444876,444882,445051,6,169,1,3600,1.03550295858
444886,444892,446471,6,1579,2,7200,1.00379987334
444924,444930,446458,6,1528,2,7200,1.00392670157
444999,445005,446575,6,1570,2,7200,1.00382165605
445000,445011,446487,11,1476,2,7200,1.00745257453
445016,445022,446565,6,1543,2,7200,1.00388852884
445044,445050,446596,6,1546,2,7200,1.00388098318
445116,445122,446645,6,1523,2,7200,1.00393959291
445133,445139,446721,6,1582,2,7200,1.00379266751
445134,445146,446522,12,1376,2,7200,1.00872093023
445135,445151,446651,16,1500,2,7200,1.01066666667
445152,445157,446775,5,1618,2,7200,1.00309023486
445171,445177,446580,6,1403,2,7200,1.00427655025
445196,445202,446702,6,1500,2,7200,1.004
445225,445232,445581,7,349,1,3600,1.02005730659
445233,445240,446753,7,1513,2,7200,1.00462656973
445249,445255,446860,6,1605,2,7200,1.00373831776
445343,445349,446833,6,1484,2,7200,1.00404312668
445359,445365,446939,6,1574,2,7200,1.00381194409
445375,445381,447022,6,1641,2,7200,1.00365630713
445474,445480,447069,6,1589,2,7200,1.00377595972
445490,445496,446934,6,1438,2,7200,1.00417246175
445509,445515,446988,6,1473,2,7200,1.00407331976
445565,445572,447207,7,1635,2,7200,1.00428134557
445580,445586,446203,6,617,1,3600,1.00972447326
445630,445636,447133,6,1497,2,7200,1.00400801603
445646,445653,447151,7,1498,2,7200,1.0046728972
445648,445659,447174,11,1515,2,7200,1.00726072607
445664,445670,447305,6,1635,2,7200,1.00366972477
445736,445742,447227,6,1485,2,7200,1.00404040404
445752,445758,447386,6,1628,2,7200,1.00368550369
445774,445781,447367,7,1586,2,7200,1.00441361917
445776,445787,447291,11,1504,2,7200,1.00731382979
445795,445801,447427,6,1626,2,7200,1.0036900369
445895,445901,447412,6,1511,2,7200,1.00397088021
445942,445948,446792,6,844,1,3600,1.00710900474
446006,446012,447563,6,1551,2,7200,1.00386847195
446191,446197,447624,6,1427,2,7200,1.00420462509
446241,446248,447769,7,1521,2,7200,1.00460223537
446243,446256,447786,13,1530,2,7200,1.00849673203
446260,446266,447889,6,1623,2,7200,1.00369685767
446261,446272,447819,11,1547,2,7200,1.00711053652
446336,446342,447851,6,1509,2,7200,1.00397614314
446395,446402,447942,7,1540,2,7200,1.00454545455
446461,446468,448078,7,1610,2,7200,1.00434782609
446477,446483,447926,6,1443,2,7200,1.00415800416
446494,446499,448067,5,1568,2,7200,1.00318877551
446525,446531,448207,6,1676,2,7200,1.00357995227
446569,446575,448072,6,1497,2,7200,1.00400801603
446585,446591,448063,6,1472,2,7200,1.00407608696
446586,446597,448132,11,1535,2,7200,1.00716612378
446602,446608,448242,6,1634,2,7200,1.00367197062
446649,446655,448407,6,1752,2,7200,1.00342465753
446665,446671,448296,6,1625,2,7200,1.00369230769
446705,446711,448157,6,1446,2,7200,1.00414937759
446721,446727,448280,6,1553,2,7200,1.00386349002
446756,446762,448330,6,1568,2,7200,1.00382653061
446776,446782,448306,6,1524,2,7200,1.00393700787
446838,446844,448356,6,1512,2,7200,1.00396825397
446864,446870,448467,6,1597,2,7200,1.00375704446
446938,446944,448715,6,1771,2,7200,1.00338791643
446954,446960,448427,6,1467,2,7200,1.00408997955
446991,446998,448565,7,1567,2,7200,1.00446713465
447019,447026,448643,7,1617,2,7200,1.00432900433
447070,447076,448530,6,1454,2,7200,1.00412654746
447132,447139,448659,7,1520,2,7200,1.00460526316
447151,447158,448593,7,1435,2,7200,1.00487804878
447174,447180,448726,6,1546,2,7200,1.00388098318
447209,447215,448767,6,1552,2,7200,1.00386597938
447228,447234,448720,6,1486,2,7200,1.00403768506
447293,447299,448972,6,1673,2,7200,1.00358637179
447309,447315,448810,6,1495,2,7200,1.00401337793
447367,447373,449228,6,1855,2,7200,1.00323450135
447390,447396,448842,6,1446,2,7200,1.00414937759
447412,447418,449060,6,1642,2,7200,1.00365408039
447428,447434,449165,6,1731,2,7200,1.00346620451
447565,447571,449079,6,1508,2,7200,1.00397877984
447625,447631,449244,6,1613,2,7200,1.00371977681
447770,447776,449239,6,1463,2,7200,1.004101162
447789,447796,449410,7,1614,2,7200,1.00433705081
447822,447828,449439,6,1611,2,7200,1.00372439479
447853,447860,449312,7,1452,2,7200,1.00482093664
447891,447897,449446,6,1549,2,7200,1.00387346675
447928,447934,449489,6,1555,2,7200,1.0038585209
447944,447950,449520,6,1570,2,7200,1.00382165605
447998,448004,448116,6,112,1,3600,1.05357142857
448064,448070,449577,6,1507,2,7200,1.00398142004
448080,448087,449827,7,1740,2,7200,1.00402298851
448082,448093,449566,11,1473,2,7200,1.00746775289
448083,448099,449590,16,1491,2,7200,1.01073105298
448134,448140,449648,6,1508,2,7200,1.00397877984
448159,448165,449721,6,1556,2,7200,1.00385604113
448210,448216,449932,6,1716,2,7200,1.0034965035
448244,448251,449771,7,1520,2,7200,1.00460526316
448282,448288,449845,6,1557,2,7200,1.00385356455
448286,448294,448616,8,322,1,3600,1.0248447205
448298,448305,449841,7,1536,2,7200,1.00455729167
448314,448320,449886,6,1566,2,7200,1.00383141762
448333,448339,449863,6,1524,2,7200,1.00393700787
448358,448365,449914,7,1549,2,7200,1.00451904454
448410,448416,449667,6,1251,2,7200,1.00479616307
448430,448436,449999,6,1563,2,7200,1.00383877159
448468,448474,450037,6,1563,2,7200,1.00383877159
448531,448537,450157,6,1620,2,7200,1.0037037037
448542,448549,448662,7,113,1,1800,1.06194690265
448565,448571,449962,6,1391,2,7200,1.00431344357
448594,448600,450244,6,1644,2,7200,1.00364963504
448644,448651,450223,7,1572,2,7200,1.00445292621
448661,448667,450201,6,1534,2,7200,1.00391134289
448717,448723,450250,6,1527,2,7200,1.00392927308
448734,448740,450239,6,1499,2,7200,1.00400266845
448735,448746,450332,11,1586,2,7200,1.00693568726
448770,448776,450248,6,1472,2,7200,1.00407608696
448810,448817,450377,7,1560,2,7200,1.00448717949
448845,448851,450567,6,1716,2,7200,1.0034965035
448954,448960,449078,6,118,1,1800,1.05084745763
448973,448979,450412,6,1433,2,7200,1.00418702024
449058,449064,449674,6,610,1,3600,1.00983606557
449062,449071,450530,9,1459,2,7200,1.00616860864
449081,449088,450567,7,1479,2,7200,1.00473292765
449166,449172,450687,6,1515,2,7200,1.00396039604
449232,449238,450786,6,1548,2,7200,1.00387596899
449248,449254,450706,6,1452,2,7200,1.0041322314
449249,449260,450831,11,1571,2,7200,1.00700190961
449315,449321,450801,6,1480,2,7200,1.00405405405
449412,449418,451016,6,1598,2,7200,1.00375469337
449440,449446,450951,6,1505,2,7200,1.00398671096
449456,449462,450998,6,1536,2,7200,1.00390625
449491,449497,450950,6,1453,2,7200,1.00412938747
449523,449529,451055,6,1526,2,7200,1.00393184797
449567,449574,451124,7,1550,2,7200,1.00451612903
449584,449590,451066,6,1476,2,7200,1.00406504065
449599,449605,451036,6,1431,2,7200,1.00419287212
449650,449656,451235,6,1579,2,7200,1.00379987334
449669,449675,451247,6,1572,2,7200,1.00381679389
449723,449729,451216,6,1487,2,7200,1.00403496974
449756,449762,450355,6,593,1,1800,1.01011804384
449770,449776,451380,6,1604,2,7200,1.00374064838
449829,449835,451360,6,1525,2,7200,1.00393442623
449845,449852,451448,7,1596,2,7200,1.00438596491
449847,449858,451347,11,1489,2,7200,1.00738750839
449863,449869,451346,6,1477,2,7200,1.00406228842
449889,449895,451372,6,1477,2,7200,1.00406228842
449914,449920,451576,6,1656,2,7200,1.00362318841
449933,449939,451507,6,1568,2,7200,1.00382653061
449965,449971,451465,6,1494,2,7200,1.00401606426
450000,450006,451510,6,1504,2,7200,1.0039893617
450039,450045,451763,6,1718,2,7200,1.00349243306
450160,450166,451659,6,1493,2,7200,1.00401875419
450204,450210,451730,6,1520,2,7200,1.00394736842
450226,450232,451810,6,1578,2,7200,1.00380228137
450243,450249,451811,6,1562,2,7200,1.00384122919
450244,450256,451702,12,1446,2,7200,1.00829875519
450261,450267,451853,6,1586,2,7200,1.00378310214
450262,450273,451697,11,1424,2,7200,1.0077247191
450334,450340,451956,6,1616,2,7200,1.00371287129
450379,450385,451969,6,1584,2,7200,1.00378787879
450413,450419,451818,6,1399,2,7200,1.0042887777
450531,450537,452208,6,1671,2,7200,1.00359066427
450570,450576,452242,6,1666,2,7200,1.00360144058
450571,450583,452032,12,1449,2,7200,1.0082815735
450691,450697,452266,6,1569,2,7200,1.00382409178
450708,450714,452193,6,1479,2,7200,1.00405679513
450788,450794,452296,6,1502,2,7200,1.00399467377
450804,450811,452448,7,1637,2,7200,1.00427611484
450833,450839,452337,6,1498,2,7200,1.00400534045
450952,450958,452637,6,1679,2,7200,1.00357355569
450953,450965,452442,12,1477,2,7200,1.00812457684
451000,451006,452295,6,1289,2,7200,1.00465477114
451020,451026,452521,6,1495,2,7200,1.00401337793
451035,451042,452694,7,1652,2,7200,1.00423728814
451057,451064,452475,7,1411,2,7200,1.00496102055
451074,451080,452684,6,1604,2,7200,1.00374064838
451127,451133,452711,6,1578,2,7200,1.00380228137
451220,451226,452789,6,1563,2,7200,1.00383877159
451236,451242,452873,6,1631,2,7200,1.00367872471
451252,451258,452723,6,1465,2,7200,1.00409556314
451349,451356,452908,7,1552,2,7200,1.00451030928
451351,451363,452826,12,1463,2,7200,1.00820232399
451367,451373,452837,6,1464,2,7200,1.00409836066
451384,451390,452953,6,1563,2,7200,1.00383877159
451385,451396,452893,11,1497,2,7200,1.00734802939
451450,451457,453065,7,1608,2,7200,1.00435323383
451466,451473,452839,7,1366,2,7200,1.00512445095
451510,451516,453105,6,1589,2,7200,1.00377595972
451512,451523,453063,11,1540,2,7200,1.00714285714
451577,451584,453048,7,1464,2,7200,1.00478142077
451661,451667,453215,6,1548,2,7200,1.00387596899
451699,451705,453249,6,1544,2,7200,1.00388601036
451715,451721,453312,6,1591,2,7200,1.00377121307
451731,451738,453315,7,1577,2,7200,1.00443880786
451766,451773,453508,7,1735,2,7200,1.00403458213
451812,451818,453291,6,1473,2,7200,1.00407331976
451813,451825,453436,12,1611,2,7200,1.00744878957
451830,451837,453434,7,1597,2,7200,1.00438321853
451855,451861,453595,6,1734,2,7200,1.00346020761
451957,451963,453539,6,1576,2,7200,1.0038071066
451974,451980,453510,6,1530,2,7200,1.00392156863
452017,452023,452073,6,50,1,1800,1.12
452033,452039,453372,6,1333,2,7200,1.00450112528
452181,452187,452294,6,107,1,1800,1.05607476636
452194,452201,453625,7,1424,2,7200,1.00491573034
452210,452216,453796,6,1580,2,7200,1.00379746835
452245,452251,453864,6,1613,2,7200,1.00371977681
452268,452274,453965,6,1691,2,7200,1.00354819633
452296,452304,453897,8,1593,2,7200,1.00502197112
452297,452311,453856,14,1545,2,7200,1.00906148867
452339,452345,453774,6,1429,2,7200,1.00419874038
452379,452385,452468,6,83,1,1800,1.07228915663
452444,452450,454152,6,1702,2,7200,1.00352526439
452460,452466,453945,6,1479,2,7200,1.00405679513
452476,452483,454066,7,1583,2,7200,1.00442198358
452523,452530,453982,7,1452,2,7200,1.00482093664
452611,452618,452735,7,117,1,1800,1.05982905983
452641,452647,454179,6,1532,2,7200,1.00391644909
452688,452694,454347,6,1653,2,7200,1.00362976407
452704,452711,454121,7,1410,2,7200,1.00496453901
452721,452727,454291,6,1564,2,7200,1.00383631714
452738,452745,454236,7,1491,2,7200,1.00469483568
452791,452797,454490,6,1693,2,7200,1.00354400473
452829,452835,454306,6,1471,2,7200,1.00407885792
452845,452851,454562,6,1711,2,7200,1.00350672122
452847,452857,454512,10,1655,2,7200,1.00604229607
452875,452881,454595,6,1714,2,7200,1.00350058343
452894,452901,454322,7,1421,2,7200,1.00492610837
452911,452917,454509,6,1592,2,7200,1.00376884422
452955,452961,454597,6,1636,2,7200,1.00366748166
453048,453055,454571,7,1516,2,7200,1.00461741425
453065,453071,454591,6,1520,2,7200,1.00394736842
453067,453077,454738,10,1661,2,7200,1.0060204696
453108,453114,454664,6,1550,2,7200,1.00387096774
453217,453223,454836,6,1613,2,7200,1.00371977681
453252,453258,454845,6,1587,2,7200,1.00378071834
453292,453298,456103,6,2805,2,7200,1.00213903743
453314,453320,453615,6,295,1,1800,1.02033898305
453315,453326,454918,11,1592,2,7200,1.00690954774
453316,453332,455021,16,1689,2,7200,1.00947306098
453376,453382,454903,6,1521,2,7200,1.00394477318
453410,453416,453996,6,580,1,1800,1.01034482759
453435,453441,454981,6,1540,2,7200,1.0038961039
453436,453447,454958,11,1511,2,7200,1.00727994705
453512,453518,455089,6,1571,2,7200,1.00381922342
453514,453526,455245,12,1719,2,7200,1.00698080279
453542,453548,455160,6,1612,2,7200,1.00372208437
453599,453605,455132,6,1527,2,7200,1.00392927308
453624,453631,455259,7,1628,2,7200,1.0042997543
453775,453781,455214,6,1433,2,7200,1.00418702024
453797,453803,455210,6,1407,2,7200,1.00426439232
453860,453866,455478,6,1612,2,7200,1.00372208437
453876,453882,455564,6,1682,2,7200,1.00356718193
453899,453905,455601,6,1696,2,7200,1.00353773585
453949,453955,455440,6,1485,2,7200,1.00404040404
453968,453974,455448,6,1474,2,7200,1.00407055631
453984,453990,455553,6,1563,2,7200,1.00383877159
454068,454074,455523,6,1449,2,7200,1.00414078675
454122,454129,455699,7,1570,2,7200,1.00445859873
454154,454160,455747,6,1587,2,7200,1.00378071834
454179,454185,455788,6,1603,2,7200,1.00374298191
454239,454245,455805,6,1560,2,7200,1.00384615385
454292,454300,455799,8,1499,2,7200,1.00533689126
454309,454315,455739,6,1424,2,7200,1.00421348315
454325,454331,455786,6,1455,2,7200,1.00412371134
454350,454356,455825,6,1469,2,7200,1.00408441116
454490,454496,456037,6,1541,2,7200,1.0038935756
454513,454519,456073,6,1554,2,7200,1.00386100386
454514,454526,456118,12,1592,2,7200,1.00753768844
454565,454571,456094,6,1523,2,7200,1.00393959291
454581,454587,456141,6,1554,2,7200,1.00386100386
454597,454603,456174,6,1571,2,7200,1.00381922342
454599,454610,456095,11,1485,2,7200,1.00740740741
454600,454615,456022,15,1407,2,7200,1.01066098081
454667,454673,456211,6,1538,2,7200,1.00390117035
454739,454745,456325,6,1580,2,7200,1.00379746835
454838,454844,456350,6,1506,2,7200,1.00398406375
454854,454860,456404,6,1544,2,7200,1.00388601036
454904,454910,456424,6,1514,2,7200,1.00396301189
454920,454926,456348,6,1422,2,7200,1.00421940928
454961,454967,456467,6,1500,2,7200,1.004
454983,454989,456624,6,1635,2,7200,1.00366972477
455024,455031,456567,7,1536,2,7200,1.00455729167
455090,455096,456508,6,1412,2,7200,1.00424929178
455134,455140,456615,6,1475,2,7200,1.00406779661
455162,455169,456733,7,1564,2,7200,1.00447570332
455212,455219,456699,7,1480,2,7200,1.00472972973
455214,455225,456817,11,1592,2,7200,1.00690954774
455249,455255,456845,6,1590,2,7200,1.00377358491
455265,455271,456877,6,1606,2,7200,1.00373599004
455443,455449,456924,6,1475,2,7200,1.00406779661
455459,455465,457031,6,1566,2,7200,1.00383141762
455481,455488,457056,7,1568,2,7200,1.00446428571
455525,455531,457075,6,1544,2,7200,1.00388601036
455556,455562,456967,6,1405,2,7200,1.00427046263
455572,455579,457319,7,1740,2,7200,1.00402298851
455604,455610,457116,6,1506,2,7200,1.00398406375
455700,455706,457261,6,1555,2,7200,1.0038585209
455740,455746,457229,6,1483,2,7200,1.004045853
455757,455763,457310,6,1547,2,7200,1.00387847447
455789,455795,457443,6,1648,2,7200,1.0036407767
455790,455802,457372,12,1570,2,7200,1.0076433121
455807,455813,457465,6,1652,2,7200,1.00363196126
455808,455819,457299,11,1480,2,7200,1.00743243243
455828,455834,457287,6,1453,2,7200,1.00412938747
455919,455925,455977,6,52,1,1800,1.11538461538
456026,456032,457646,6,1614,2,7200,1.00371747212
456042,456048,457632,6,1584,2,7200,1.00378787879
456077,456083,457675,6,1592,2,7200,1.00376884422
456097,456103,457626,6,1523,2,7200,1.00393959291
456098,456109,457626,11,1517,2,7200,1.00725115359
456115,456121,457725,6,1604,2,7200,1.00374064838
456131,456137,457636,6,1499,2,7200,1.00400266845
456147,456153,457726,6,1573,2,7200,1.00381436745
456175,456182,457656,7,1474,2,7200,1.00474898236
456213,456219,457766,6,1547,2,7200,1.00387847447
456315,456321,456404,6,83,1,1800,1.07228915663
456329,456335,457940,6,1605,2,7200,1.00373831776
456351,456358,457859,7,1501,2,7200,1.00466355763
456353,456365,457989,12,1624,2,7200,1.00738916256
456406,456414,458023,8,1609,2,7200,1.00497203232
456426,456432,457943,6,1511,2,7200,1.00397088021
456469,456475,458042,6,1567,2,7200,1.00382897256
456511,456517,458122,6,1605,2,7200,1.00373831776
456570,456576,458088,6,1512,2,7200,1.00396825397
456617,456623,458592,6,1969,2,7200,1.0030472321
456633,456639,458234,6,1595,2,7200,1.00376175549
456702,456708,458306,6,1598,2,7200,1.00375469337
456733,456739,458133,6,1394,2,7200,1.00430416069
456820,456826,458401,6,1575,2,7200,1.00380952381
456849,456855,458267,6,1412,2,7200,1.00424929178
456880,456886,458435,6,1549,2,7200,1.00387346675
456927,456933,458353,6,1420,2,7200,1.00422535211
456968,456974,458574,6,1600,2,7200,1.00375
457033,457039,458600,6,1561,2,7200,1.00384368994
457058,457064,458547,6,1483,2,7200,1.004045853
457078,457084,458661,6,1577,2,7200,1.00380469245
457119,457125,458728,6,1603,2,7200,1.00374298191
457230,457236,458898,6,1662,2,7200,1.0036101083
457265,457271,458849,6,1578,2,7200,1.00380228137
457291,457297,458723,6,1426,2,7200,1.00420757363
457307,457313,458786,6,1473,2,7200,1.00407331976
457323,457330,458969,7,1639,2,7200,1.00427089689
457325,457336,458912,11,1576,2,7200,1.00697969543
457375,457382,458831,7,1449,2,7200,1.00483091787
457444,457450,459005,6,1555,2,7200,1.0038585209
457444,457455,457750,11,295,1,1800,1.03728813559
457466,457472,458951,6,1479,2,7200,1.00405679513
457627,457633,459164,6,1531,2,7200,1.00391900718
457629,457640,459223,11,1583,2,7200,1.00694883133
457645,457651,459229,6,1578,2,7200,1.00380228137
457646,457657,459299,11,1642,2,7200,1.00669914738
457663,457669,459237,6,1568,2,7200,1.00382653061
457664,457675,459097,11,1422,2,7200,1.00773558368
457681,457687,459212,6,1525,2,7200,1.00393442623
457728,457734,459326,6,1592,2,7200,1.00376884422
457730,457742,459217,12,1475,2,7200,1.00813559322
457767,457773,459230,6,1457,2,7200,1.00411805079
457860,457866,459281,6,1415,2,7200,1.00424028269
457941,457947,459453,6,1506,2,7200,1.00398406375
457957,457963,459481,6,1518,2,7200,1.00395256917
457992,457998,459476,6,1478,2,7200,1.00405953992
458024,458030,459463,6,1433,2,7200,1.00418702024
458043,458049,459668,6,1619,2,7200,1.00370599135
458090,458096,459596,6,1500,2,7200,1.004
458125,458131,459675,6,1544,2,7200,1.00388601036
458143,458149,459827,6,1678,2,7200,1.00357568534
458239,458245,459864,6,1619,2,7200,1.00370599135
458268,458274,459825,6,1551,2,7200,1.00386847195
458308,458315,459776,7,1461,2,7200,1.00479123888
458356,458362,459881,6,1519,2,7200,1.00394996708
458403,458409,460001,6,1592,2,7200,1.00376884422
458438,458444,460025,6,1581,2,7200,1.00379506641
458549,458555,460185,6,1630,2,7200,1.0036809816
458577,458583,460048,6,1465,2,7200,1.00409556314
458594,458600,460170,6,1570,2,7200,1.00382165605
458610,458616,460038,6,1422,2,7200,1.00421940928
458663,458669,460350,6,1681,2,7200,1.00356930399
458725,458731,460255,6,1524,2,7200,1.00393700787
458741,458747,460361,6,1614,2,7200,1.00371747212
458788,458794,460387,6,1593,2,7200,1.00376647834
458834,458841,460275,7,1434,2,7200,1.00488145049
458850,458856,460547,6,1691,2,7200,1.00354819633
458900,458907,460568,7,1661,2,7200,1.00421432872
458917,458923,460331,6,1408,2,7200,1.00426136364
458954,458960,460485,6,1525,2,7200,1.00393442623
458971,458977,460352,6,1375,2,7200,1.00436363636
459008,459015,460569,7,1554,2,7200,1.0045045045
459101,459107,460477,6,1370,2,7200,1.00437956204
459166,459172,460779,6,1607,2,7200,1.00373366521
459213,459219,460780,6,1561,2,7200,1.00384368994
459230,459236,460488,6,1252,2,7200,1.00479233227
459231,459243,460713,12,1470,2,7200,1.00816326531
459233,459249,460669,16,1420,2,7200,1.01126760563
459239,459255,460835,16,1580,2,7200,1.01012658228
459255,459262,460712,7,1450,2,7200,1.00482758621
459284,459290,460716,6,1426,2,7200,1.00420757363
459303,459309,460782,6,1473,2,7200,1.00407331976
459328,459335,460862,7,1527,2,7200,1.00458415193
459456,459462,461030,6,1568,2,7200,1.00382653061
459472,459478,461050,6,1572,2,7200,1.00381679389
459489,459495,461055,6,1560,2,7200,1.00384615385
459490,459501,461083,11,1582,2,7200,1.00695322377
459598,459605,461174,7,1569,2,7200,1.00446144041
459669,459675,461303,6,1628,2,7200,1.00368550369
459685,459692,461282,7,1590,2,7200,1.00440251572
459776,459782,461375,6,1593,2,7200,1.00376647834
459826,459832,461325,6,1493,2,7200,1.00401875419
459842,459848,461391,6,1543,2,7200,1.00388852884
459868,459874,461381,6,1507,2,7200,1.00398142004
459884,459890,461428,6,1538,2,7200,1.00390117035
460002,460008,461573,6,1565,2,7200,1.00383386581
460027,460033,461536,6,1503,2,7200,1.00399201597
460044,460050,461685,6,1635,2,7200,1.00366972477
460060,460066,461679,6,1613,2,7200,1.00371977681
460175,460181,461797,6,1616,2,7200,1.00371287129
460191,460196,461740,5,1544,2,7200,1.00323834197
460256,460262,461676,6,1414,2,7200,1.00424328147
460279,460285,461903,6,1618,2,7200,1.00370828183
460332,460339,461843,7,1504,2,7200,1.00465425532
460352,460358,461826,6,1468,2,7200,1.00408719346
460353,460365,461978,12,1613,2,7200,1.00743955363
460370,460376,461895,6,1519,2,7200,1.00394996708
460389,460395,462056,6,1661,2,7200,1.00361228176
460478,460485,462012,7,1527,2,7200,1.00458415193
460495,460501,462022,6,1521,2,7200,1.00394477318
460496,460508,462031,12,1523,2,7200,1.00787918582
460550,460556,462118,6,1562,2,7200,1.00384122919
460573,460579,462122,6,1543,2,7200,1.00388852884
460574,460585,462155,11,1570,2,7200,1.00700636943
460670,460677,462175,7,1498,2,7200,1.0046728972
460715,460721,462224,6,1503,2,7200,1.00399201597
460716,460727,462270,11,1543,2,7200,1.00712896954
460732,460738,462127,6,1389,2,7200,1.00431965443
460782,460789,462392,7,1603,2,7200,1.00436681223
460784,460796,462285,12,1489,2,7200,1.00805910007
460785,460801,462273,16,1472,2,7200,1.01086956522
460836,460843,462326,7,1483,2,7200,1.00472016183
460865,460872,462510,7,1638,2,7200,1.00427350427
461033,461039,462571,6,1532,2,7200,1.00391644909
461053,461059,462610,6,1551,2,7200,1.00386847195
461069,461075,462641,6,1566,2,7200,1.00383141762
461086,461092,462675,6,1583,2,7200,1.00379027164
461176,461182,462739,6,1557,2,7200,1.00385356455
461284,461291,462630,7,1339,2,7200,1.00522778193
461307,461313,462900,6,1587,2,7200,1.00378071834
461327,461333,462908,6,1575,2,7200,1.00380952381
461375,461381,462804,6,1423,2,7200,1.00421644413
461391,461397,462854,6,1457,2,7200,1.00411805079
461393,461403,462922,10,1519,2,7200,1.00658327847
461431,461437,463122,6,1685,2,7200,1.00356083086
461537,461543,462883,6,1340,2,7200,1.00447761194
461575,461581,463062,6,1481,2,7200,1.00405131668
461677,461684,463299,7,1615,2,7200,1.00433436533
461694,461700,463209,6,1509,2,7200,1.00397614314
461695,461706,463259,11,1553,2,7200,1.00708306504
461742,461748,463409,6,1661,2,7200,1.00361228176
461798,461804,463347,6,1543,2,7200,1.00388852884
461830,461836,463324,6,1488,2,7200,1.00403225806
461846,461852,463421,6,1569,2,7200,1.00382409178
461899,461905,463550,6,1645,2,7200,1.00364741641
461915,461921,463481,6,1560,2,7200,1.00384615385
461981,461987,463545,6,1558,2,7200,1.00385109114
462015,462022,463449,7,1427,2,7200,1.00490539594
462032,462038,463618,6,1580,2,7200,1.00379746835
462033,462044,463729,11,1685,2,7200,1.00652818991
462059,462065,463741,6,1676,2,7200,1.00357995227
462119,462125,463639,6,1514,2,7200,1.00396301189
462135,462141,463818,6,1677,2,7200,1.00357781753
462137,462148,463713,11,1565,2,7200,1.00702875399
462159,462165,463726,6,1561,2,7200,1.00384368994
462179,462185,463636,6,1451,2,7200,1.00413507926
462226,462232,463838,6,1606,2,7200,1.00373599004
462273,462280,463854,7,1574,2,7200,1.00444726811
462275,462288,464008,13,1720,2,7200,1.00755813953
462291,462298,463774,7,1476,2,7200,1.00474254743
462329,462335,463897,6,1562,2,7200,1.00384122919
462395,462402,463967,7,1565,2,7200,1.00447284345
462513,462520,464179,7,1659,2,7200,1.00421940928
462573,462579,464136,6,1557,2,7200,1.00385356455
462614,462620,464178,6,1558,2,7200,1.00385109114
462634,462640,464258,6,1618,2,7200,1.00370828183
462651,462657,464141,6,1484,2,7200,1.00404312668
462680,462686,464157,6,1471,2,7200,1.00407885792
462739,462745,464269,6,1524,2,7200,1.00393700787
462805,462811,464342,6,1531,2,7200,1.00391900718
462858,462864,464533,6,1669,2,7200,1.00359496705
462883,462890,464305,7,1415,2,7200,1.00494699647
462903,462909,464574,6,1665,2,7200,1.0036036036
462919,462925,464360,6,1435,2,7200,1.00418118467
462935,462942,464558,7,1616,2,7200,1.00433168317
463065,463071,464687,6,1616,2,7200,1.00371287129
463125,463131,464604,6,1473,2,7200,1.00407331976
463216,463222,464779,6,1557,2,7200,1.00385356455
463263,463269,464818,6,1549,2,7200,1.00387346675
463304,463310,464757,6,1447,2,7200,1.00414651002
463326,463332,464771,6,1439,2,7200,1.0041695622
463349,463355,464787,6,1432,2,7200,1.00418994413
463415,463421,464850,6,1429,2,7200,1.00419874038
463431,463437,464920,6,1483,2,7200,1.004045853
463450,463456,464956,6,1500,2,7200,1.004
463488,463494,464933,6,1439,2,7200,1.0041695622
463551,463557,465077,6,1520,2,7200,1.00394736842
463552,463563,465113,11,1550,2,7200,1.00709677419
463628,463634,465059,6,1425,2,7200,1.00421052632
463646,463652,465167,6,1515,2,7200,1.00396039604
463647,463658,465188,11,1530,2,7200,1.00718954248
463722,463728,465330,6,1602,2,7200,1.00374531835
463738,463745,465230,7,1485,2,7200,1.00471380471
463740,463752,465342,12,1590,2,7200,1.00754716981
463757,463763,465349,6,1586,2,7200,1.00378310214
463779,463785,465271,6,1486,2,7200,1.00403768506
463827,463833,465435,6,1602,2,7200,1.00374531835
463844,463851,465418,7,1567,2,7200,1.00446713465
463863,463869,465457,6,1588,2,7200,1.00377833753
463905,463911,465466,6,1555,2,7200,1.0038585209
463975,463981,465487,6,1506,2,7200,1.00398406375
464017,464024,465611,7,1587,2,7200,1.00441083806
464144,464150,465715,6,1565,2,7200,1.00383386581
464145,464156,465676,11,1520,2,7200,1.00723684211
464163,464169,465680,6,1511,2,7200,1.00397088021
464182,464188,465797,6,1609,2,7200,1.00372902424
464184,464195,465714,11,1519,2,7200,1.00724160632
464263,464271,465686,8,1415,2,7200,1.00565371025
464273,464279,511248,6,46969,1,86400,1.00012774383
464280,464286,465687,6,1401,2,7200,1.00428265525
464311,464317,464325,6,8,2,7200,1.4
464331,464337,465973,6,1636,2,7200,1.00366748166
464347,464353,466020,6,1667,2,7200,1.00359928014
464364,464370,465872,6,1502,2,7200,1.00399467377
464396,464402,487520,6,23118,1,86400,1.00025953802
464506,464512,507131,6,42619,1,86400,1.00014078228
464539,464546,466173,7,1627,2,7200,1.00430239705
464559,464565,466000,6,1435,2,7200,1.00418118467
464578,464584,466060,6,1476,2,7200,1.00406504065
464608,464614,466111,6,1497,2,7200,1.00400801603
464621,464627,477706,6,13079,1,86400,1.00045875067
464691,464697,466105,6,1408,2,7200,1.00426136364
464700,464706,477175,6,12469,1,86400,1.00048119336
464757,464763,476120,6,11357,1,86400,1.00052830853
464761,464770,466200,9,1430,2,7200,1.00629370629
464777,464784,466179,7,1395,2,7200,1.00501792115
464794,464800,466314,6,1514,2,7200,1.00396301189
464795,464806,466386,11,1580,2,7200,1.00696202532
464821,464827,466468,6,1641,2,7200,1.00365630713
464852,464859,466520,7,1661,2,7200,1.00421432872
464922,464928,466404,6,1476,2,7200,1.00406504065
464938,464944,466451,6,1507,2,7200,1.00398142004
464957,464963,466573,6,1610,2,7200,1.00372670807
464981,464987,464988,6,1,4,288000,1.0
464992,464998,627601,6,162603,4,288000,1.00003689969
465062,465068,466596,6,1528,2,7200,1.00392670157
465072,465078,477182,6,12104,4,288000,1.0004957039
465079,465085,466566,6,1481,2,7200,1.00405131668
465114,465120,466555,6,1435,2,7200,1.00418118467
465171,465177,466840,6,1663,2,7200,1.00360793746
465191,465197,466790,6,1593,2,7200,1.00376647834
465232,465238,466827,6,1589,2,7200,1.00377595972
465272,465278,466882,6,1604,2,7200,1.00374064838
465334,465340,466904,6,1564,2,7200,1.00383631714
465351,465357,466936,6,1579,2,7200,1.00379987334
465352,465364,466953,12,1589,2,7200,1.00755191945
465421,465427,467033,6,1606,2,7200,1.00373599004
465438,465444,467107,6,1663,2,7200,1.00360793746
465460,465466,467190,6,1724,2,7200,1.00348027842
465476,465482,467066,6,1584,2,7200,1.00378787879
465492,465498,466902,6,1404,2,7200,1.00427350427
465612,465619,467174,7,1555,2,7200,1.00450160772
465679,465685,467221,6,1536,2,7200,1.00390625
465681,465692,467191,11,1499,2,7200,1.00733822548
465698,465704,467195,6,1491,2,7200,1.00402414487
465699,465710,467296,11,1586,2,7200,1.00693568726
465715,465722,467282,7,1560,2,7200,1.00448717949
465717,465729,467316,12,1587,2,7200,1.00756143667
465798,465804,467400,6,1596,2,7200,1.0037593985
465873,465879,467620,6,1741,2,7200,1.00344629523
465975,465981,467524,6,1543,2,7200,1.00388852884
466000,466007,467572,7,1565,2,7200,1.00447284345
466020,466026,467445,6,1419,2,7200,1.00422832981
466064,466070,467746,6,1676,2,7200,1.00357995227
466108,466114,467619,6,1505,2,7200,1.00398671096
466123,466130,467698,7,1568,2,7200,1.00446428571
466177,466183,467688,6,1505,2,7200,1.00398671096
466193,466199,467710,6,1511,2,7200,1.00397088021
466209,466215,467767,6,1552,2,7200,1.00386597938
466318,466325,467758,7,1433,2,7200,1.00488485694
466386,466392,467837,6,1445,2,7200,1.00415224913
466406,466412,467979,6,1567,2,7200,1.00382897256
466453,466460,467874,7,1414,2,7200,1.00495049505
466470,466476,468053,6,1577,2,7200,1.00380469245
466523,466529,467976,6,1447,2,7200,1.00414651002
466558,466564,468233,6,1669,2,7200,1.00359496705
466575,466581,468206,6,1625,2,7200,1.00369230769
466576,466588,468202,12,1614,2,7200,1.00743494424
466599,466605,468147,6,1542,2,7200,1.00389105058
466792,466798,468442,6,1644,2,7200,1.00364963504
466829,466836,468364,7,1528,2,7200,1.00458115183
466846,466852,468349,6,1497,2,7200,1.00400801603
466883,466889,468338,6,1449,2,7200,1.00414078675
466906,466912,468460,6,1548,2,7200,1.00387596899
466907,466919,468563,12,1644,2,7200,1.00729927007
466939,466946,468489,7,1543,2,7200,1.00453661698
466956,466962,468461,6,1499,2,7200,1.00400266845
467034,467041,468672,7,1631,2,7200,1.00429184549
467069,467076,468613,7,1537,2,7200,1.00455432661
467096,467102,468787,6,1685,1,86400,1.00356083086
467111,467117,468608,6,1491,2,7200,1.00402414487
467176,467182,468665,6,1483,2,7200,1.004045853
467193,467199,468833,6,1634,2,7200,1.00367197062
467194,467206,468844,12,1638,2,7200,1.00732600733
467211,467217,468997,6,1780,2,7200,1.00337078652
467227,467233,468799,6,1566,2,7200,1.00383141762
467283,467289,468802,6,1513,2,7200,1.0039656312
467299,467305,468743,6,1438,2,7200,1.00417246175
467318,467325,468980,7,1655,2,7200,1.00422960725
467403,467409,469033,6,1624,2,7200,1.00369458128
467447,467453,468915,6,1462,2,7200,1.00410396717
467526,467532,469206,6,1674,2,7200,1.00358422939
467576,467582,469227,6,1645,2,7200,1.00364741641
467621,467628,469056,7,1428,2,7200,1.00490196078
467623,467634,468997,11,1363,2,7200,1.00807043287
467635,467641,467642,6,1,1,900,1.0
467690,467696,469307,6,1611,2,7200,1.00372439479
467706,467712,469167,6,1455,2,7200,1.00412371134
467722,467728,469309,6,1581,2,7200,1.00379506641
467747,467754,469212,7,1458,2,7200,1.00480109739
467763,467769,469321,6,1552,2,7200,1.00386597938
467779,467785,469183,6,1398,2,7200,1.00429184549
467839,467846,469288,7,1442,2,7200,1.00485436893
467877,467883,469404,6,1521,2,7200,1.00394477318
467933,467939,468844,6,905,1,86400,1.00662983425
467976,467982,469651,6,1669,2,7200,1.00359496705
467992,467998,469450,6,1452,2,7200,1.0041322314
468055,468061,469616,6,1555,2,7200,1.0038585209
468147,468153,469705,6,1552,2,7200,1.00386597938
468204,468210,469757,6,1547,2,7200,1.00387847447
468219,468226,469703,7,1477,2,7200,1.00473933649
468235,468241,469790,6,1549,2,7200,1.00387346675
468341,468347,470094,6,1747,2,7200,1.00343445907
468356,468363,470090,7,1727,2,7200,1.00405327157
468373,468379,469894,6,1515,2,7200,1.00396039604
468445,468451,469905,6,1454,2,7200,1.00412654746
468461,468468,469954,7,1486,2,7200,1.00471063257
468463,468475,470013,12,1538,2,7200,1.0078023407
468491,468497,470024,6,1527,2,7200,1.00392927308
468566,468572,470118,6,1546,2,7200,1.00388098318
468585,469019,469511,434,492,36,144000,1.88211382114
468610,468616,470171,6,1555,2,7200,1.0038585209
468612,468624,470139,12,1515,2,7200,1.00792079208
468664,468670,470254,6,1584,2,7200,1.00378787879
468673,468798,492482,125,23684,1,86400,1.00527782469
468681,468687,470216,6,1529,2,7200,1.00392413342
468746,468752,470327,6,1575,2,7200,1.00380952381
468799,468805,470367,6,1562,2,7200,1.00384122919
468815,468821,470360,6,1539,2,7200,1.00389863548
468823,468855,488255,32,19400,1,86400,1.00164948454
468834,468840,470392,6,1552,2,7200,1.00386597938
468851,468861,470429,10,1568,2,7200,1.00637755102
468916,468922,470479,6,1557,2,7200,1.00385356455
468918,469048,485273,130,16225,1,86400,1.00801232666
468980,469013,555449,33,86436,1,86400,1.00038178537
468985,468991,470512,6,1521,2,7200,1.00394477318
469001,469007,470628,6,1621,2,7200,1.00370141888
469003,469025,470676,22,1651,2,7200,1.01332525742
469034,469041,470516,7,1475,2,7200,1.00474576271
469060,469066,470579,6,1513,2,7200,1.0039656312
469170,469176,470677,6,1501,2,7200,1.00399733511
469186,469192,470673,6,1481,2,7200,1.00405131668
469209,469215,470754,6,1539,2,7200,1.00389863548
469225,469231,470877,6,1646,2,7200,1.00364520049
469242,469248,470799,6,1551,2,7200,1.00386847195
469289,469295,470962,6,1667,2,7200,1.00359928014
469309,469315,470928,6,1613,2,7200,1.00371977681
469310,469322,470874,12,1552,2,7200,1.00773195876
469327,469333,470879,6,1546,2,7200,1.00388098318
469406,469412,471089,6,1677,2,7200,1.00357781753
469440,469446,472191,6,2745,1,86400,1.00218579235
469453,469459,470947,6,1488,2,7200,1.00403225806
469617,469623,471267,6,1644,2,7200,1.00364963504
469639,469645,514499,6,44854,1,86400,1.00013376733
469652,469658,471094,6,1436,2,7200,1.00417827298
469706,469712,471281,6,1569,2,7200,1.00382409178
469708,469718,471231,10,1513,2,7200,1.00660938533
469759,469765,471379,6,1614,2,7200,1.00371747212
469783,469790,470329,7,539,2,660,1.01298701299
469792,469798,471335,6,1537,2,7200,1.00390370852
469897,469903,471566,6,1663,2,7200,1.00360793746
469913,469919,471446,6,1527,2,7200,1.00392927308
469956,469963,471567,7,1604,2,7200,1.00436408978
470017,470024,471619,7,1595,2,7200,1.00438871473
470032,470039,471709,7,1670,2,7200,1.00419161677
470092,470098,471502,6,1404,2,7200,1.00427350427
470108,470114,471594,6,1480,2,7200,1.00405405405
470124,470130,471559,6,1429,2,7200,1.00419874038
470138,470423,471032,285,609,36,144000,1.46798029557
470140,470146,471668,6,1522,2,7200,1.00394218134
470172,470178,471579,6,1401,2,7200,1.00428265525
470215,470222,471760,7,1538,2,7200,1.00455136541
470256,470263,471801,7,1538,2,7200,1.00455136541
470328,470334,471862,6,1528,2,7200,1.00392670157
470340,470347,470447,7,100,2,660,1.07
470360,470366,472063,6,1697,2,7200,1.00353565115
470377,470383,472001,6,1618,2,7200,1.00370828183
470393,470399,471825,6,1426,2,7200,1.00420757363
470435,470441,472018,6,1577,2,7200,1.00380469245
470446,470460,470463,14,3,1,900,1.7
470482,470488,471935,6,1447,2,7200,1.00414651002
470517,470523,472181,6,1658,2,7200,1.00361881785
470519,470530,472025,11,1495,2,7200,1.00735785953
470586,470592,472260,6,1668,2,7200,1.0035971223
470630,470636,472171,6,1535,2,7200,1.00390879479
470678,470685,472405,7,1720,2,7200,1.00406976744
470679,470691,472175,12,1484,2,7200,1.00808625337
470681,470697,472324,16,1627,2,7200,1.0098340504
470756,470762,472381,6,1619,2,7200,1.00370599135
470801,470807,472238,6,1431,2,7200,1.00419287212
470876,470882,472468,6,1586,2,7200,1.00378310214
470892,470899,472368,7,1469,2,7200,1.00476514636
470894,470905,472429,11,1524,2,7200,1.00721784777
470932,470938,472430,6,1492,2,7200,1.00402144772
470948,470955,472537,7,1582,2,7200,1.00442477876
470964,470971,472449,7,1478,2,7200,1.00473612991
471092,471098,472601,6,1503,2,7200,1.00399201597
471108,471114,472561,6,1447,2,7200,1.00414651002
471223,471246,486637,23,15391,2,72000,1.00149437983
471233,471239,472838,6,1599,2,7200,1.00375234522
471268,471274,472712,6,1438,2,7200,1.00417246175
471285,471291,472805,6,1514,2,7200,1.00396301189
471339,471345,472833,6,1488,2,7200,1.00403225806
471383,471389,473054,6,1665,2,7200,1.0036036036
471450,471456,472940,6,1484,2,7200,1.00404312668
471503,471509,473033,6,1524,2,7200,1.00393700787
471560,471566,473089,6,1523,2,7200,1.00393959291
471576,471582,473112,6,1530,2,7200,1.00392156863
471578,471588,473098,10,1510,2,7200,1.00662251656
471594,471601,473197,7,1596,2,7200,1.00438596491
471596,471607,473200,11,1593,2,7200,1.0069052103
471615,471953,495278,338,23325,12,28800,1.0144908896
471619,471625,473202,6,1577,2,7200,1.00380469245
471669,471676,473161,7,1485,2,7200,1.00471380471
471703,471723,472288,20,565,2,660,1.03539823009
471710,471716,473247,6,1531,2,7200,1.00391900718
471761,471768,473246,7,1478,2,7200,1.00473612991
471802,471812,473192,10,1380,2,7200,1.00724637681
471828,471834,473341,6,1507,2,7200,1.00398142004
471863,471869,473313,6,1444,2,7200,1.00415512465
471879,471947,472715,68,768,8,10800,1.08854166667
471934,471941,473408,7,1467,2,7200,1.00477164281
471978,471984,651995,6,180011,4,180000,1.0000333313
472003,472010,473621,7,1611,2,7200,1.00434512725
472008,472017,652029,9,180012,4,180000,1.00004999667
472023,472029,473587,6,1558,2,7200,1.00385109114
472040,472046,473447,6,1401,2,7200,1.00428265525
472065,472071,473697,6,1626,2,7200,1.0036900369
472170,472176,473754,6,1578,2,7200,1.00380228137
472187,472193,473792,6,1599,2,7200,1.00375234522
472188,472199,473872,11,1673,2,7200,1.00657501494
472212,472219,506164,7,33945,1,86400,1.00020621594
472238,472245,473825,7,1580,2,7200,1.00443037975
472261,472267,473808,6,1541,2,7200,1.0038935756
472294,472300,472490,6,190,2,660,1.03157894737
472326,472332,473891,6,1559,2,7200,1.00384862091
472371,472377,473978,6,1601,2,7200,1.00374765771
472387,472393,473982,6,1589,2,7200,1.00377595972
472407,472413,473881,6,1468,2,7200,1.00408719346
472433,472439,473906,6,1467,2,7200,1.00408997955
472434,472446,474062,12,1616,2,7200,1.00742574257
472451,472457,473936,6,1479,2,7200,1.00405679513
472467,472473,473986,6,1513,2,7200,1.0039656312
472489,472495,472501,6,6,1,900,1.2
472540,472546,474027,6,1481,2,7200,1.00405131668
472565,472571,474022,6,1451,2,7200,1.00413507926
472603,472609,474012,6,1403,2,7200,1.00427655025
472613,472619,731838,6,259219,2,259200,1.00002314645
472711,472718,474249,7,1531,2,7200,1.00457217505
472755,472761,477181,6,4420,1,6600,1.00135746606
472796,472802,479432,6,6630,1,6600,1.00090497738
472808,472814,474489,6,1675,2,7200,1.00358208955
472833,472840,474416,7,1576,2,7200,1.00444162437
472850,472856,474365,6,1509,2,7200,1.00397614314
472943,472950,474509,7,1559,2,7200,1.00449005773
473036,473042,474558,6,1516,2,7200,1.00395778364
473055,473061,474614,6,1553,2,7200,1.00386349002
473090,473096,474715,6,1619,2,7200,1.00370599135
473106,473112,474728,6,1616,2,7200,1.00371287129
473122,473128,474714,6,1586,2,7200,1.00378310214
473163,473169,474666,6,1497,2,7200,1.00400801603
473195,473201,474932,6,1731,2,7200,1.00346620451
473197,473211,495006,14,21795,4,108000,1.00064234916
473212,473217,474874,5,1657,2,7200,1.00301750151
473212,474033,489843,821,15810,4,108000,1.05192915876
473213,473223,474845,10,1622,2,7200,1.00616522811
473215,473229,474809,14,1580,2,7200,1.00886075949
473227,474728,490851,1501,16123,4,108000,1.09309681821
473244,475468,490006,2224,14538,4,108000,1.15297840143
473250,473256,474794,6,1538,2,7200,1.00390117035
473251,473262,474879,11,1617,2,7200,1.00680272109
473314,473320,474798,6,1478,2,7200,1.00405953992
473343,473349,474810,6,1461,2,7200,1.00410677618
473412,473418,474985,6,1567,2,7200,1.00382897256
473447,473453,475070,6,1617,2,7200,1.00371057514
473590,473596,475110,6,1514,2,7200,1.00396301189
473622,473628,475240,6,1612,2,7200,1.00372208437
473699,473705,475354,6,1649,2,7200,1.00363856883
473756,473762,475269,6,1507,2,7200,1.00398142004
473794,473800,475336,6,1536,2,7200,1.00390625
473810,473816,475222,6,1406,2,7200,1.00426742532
473826,473833,475548,7,1715,2,7200,1.00408163265
473876,473883,475457,7,1574,2,7200,1.00444726811
473893,473899,475477,6,1578,2,7200,1.00380228137
473894,473906,475508,12,1602,2,7200,1.0074906367
473911,473917,475423,6,1506,2,7200,1.00398406375
473933,494509,494638,20576,129,32,180,160.503875969
473940,473946,475460,6,1514,2,7200,1.00396301189
473981,473987,475584,6,1597,2,7200,1.00375704446
473982,473993,475595,11,1602,2,7200,1.00686641698
473999,474005,475445,6,1440,2,7200,1.00416666667
474015,474021,475532,6,1511,2,7200,1.00397088021
474031,474040,475458,9,1418,2,7200,1.00634696756
474033,474046,475597,13,1551,2,7200,1.00838168923
474065,474071,475542,6,1471,2,7200,1.00407885792
474250,474256,476330,6,2074,2,7200,1.00289296046
474366,474372,475856,6,1484,2,7200,1.00404312668
474419,474426,475921,7,1495,2,7200,1.00468227425
474491,474498,475810,7,1312,2,7200,1.00533536585
474511,474517,475938,6,1421,2,7200,1.00422237861
474537,493500,493639,18963,139,14,1440,137.424460432
474559,474565,476220,6,1655,2,7200,1.00362537764
474615,474621,476155,6,1534,2,7200,1.00391134289
474669,474675,476214,6,1539,2,7200,1.00389863548
474716,474722,476271,6,1549,2,7200,1.00387346675
474718,474734,476323,16,1589,2,7200,1.01006922593
474734,474740,476382,6,1642,2,7200,1.00365408039
474797,474803,476346,6,1543,2,7200,1.00388852884
474799,474809,476381,10,1572,2,7200,1.00636132316
474816,474821,476402,5,1581,2,7200,1.00316255534
474817,474828,476307,11,1479,2,7200,1.00743745774
474846,474852,476626,6,1774,2,7200,1.00338218715
474875,474881,476386,6,1505,2,7200,1.00398671096
474891,474897,476379,6,1482,2,7200,1.004048583
474933,474939,476461,6,1522,2,7200,1.00394218134
474987,474993,476508,6,1515,2,7200,1.00396039604
475071,475078,476622,7,1544,2,7200,1.00453367876
475113,475119,476581,6,1462,2,7200,1.00410396717
475225,475231,476790,6,1559,2,7200,1.00384862091
475242,475248,476705,6,1457,2,7200,1.00411805079
475270,475276,476860,6,1584,2,7200,1.00378787879
475307,475608,475616,301,8,4,288000,30.9
475339,475345,476774,6,1429,2,7200,1.00419874038
475355,475361,477004,6,1643,2,7200,1.00365185636
475424,475430,476901,6,1471,2,7200,1.00407885792
475446,475452,476749,6,1297,2,7200,1.00462606014
475463,475475,476943,12,1468,2,7200,1.00817438692
475464,475481,477073,17,1592,2,7200,1.01067839196
475471,475487,477125,16,1638,2,7200,1.00976800977
475487,475493,477149,6,1656,2,7200,1.00362318841
475510,475516,477124,6,1608,2,7200,1.00373134328
475532,475538,477366,6,1828,2,7200,1.00328227571
475549,475554,477149,5,1595,2,7200,1.00313479624
475550,475561,477097,11,1536,2,7200,1.00716145833
475585,475591,477238,6,1647,2,7200,1.00364298725
475601,475613,477147,12,1534,2,7200,1.00782268579
475602,475619,477250,17,1631,2,7200,1.01042305334
475618,847339,1025130,371721,177791,4,345600,3.0907751236
475812,475818,477585,6,1767,2,7200,1.00339558574
475829,847405,919627,371576,72222,4,345600,6.14491429204
475830,847410,867016,371580,19606,4,345600,19.952361522
475830,847415,869706,371585,22291,4,345600,17.6697321789
475842,475848,475869,6,21,4,288000,1.28571428571
475859,475865,477324,6,1459,2,7200,1.00411240576
475924,475930,477534,6,1604,2,7200,1.00374064838
475927,475938,482564,11,6626,4,288000,1.00166012677
475940,475946,477539,6,1593,2,7200,1.00376647834
476159,476165,478026,6,1861,2,7200,1.00322407308
476213,476219,477707,6,1488,2,7200,1.00403225806
476229,476235,477765,6,1530,2,7200,1.00392156863
476273,476280,477674,7,1394,2,7200,1.0050215208
476308,476314,478005,6,1691,2,7200,1.00354819633
476325,476331,477916,6,1585,2,7200,1.00378548896
476341,476347,477853,6,1506,2,7200,1.00398406375
476358,476364,477886,6,1522,2,7200,1.00394218134
476381,476387,477890,6,1503,2,7200,1.00399201597
476382,476394,477948,12,1554,2,7200,1.00772200772
476399,476405,477955,6,1550,2,7200,1.00387096774
476401,476412,478001,11,1589,2,7200,1.00692259283
476417,476423,477969,6,1546,2,7200,1.00388098318
476464,476470,478130,6,1660,2,7200,1.00361445783
476511,476518,478024,7,1506,2,7200,1.00464807437
476583,476590,478042,7,1452,2,7200,1.00482093664
476624,476630,478294,6,1664,2,7200,1.00360576923
476640,476647,478253,7,1606,2,7200,1.00435865504
476709,476715,478221,6,1506,2,7200,1.00398406375
476750,476756,478327,6,1571,2,7200,1.00381922342
476775,476782,478360,7,1578,2,7200,1.00443599493
476792,476798,478318,6,1520,2,7200,1.00394736842
476861,476867,478429,6,1562,2,7200,1.00384122919
476905,476911,478386,6,1475,2,7200,1.00406779661
476946,476953,478496,7,1543,2,7200,1.00453661698
477006,477013,478610,7,1597,2,7200,1.00438321853
477074,477080,478671,6,1591,2,7200,1.00377121307
477100,477106,478492,6,1386,2,7200,1.00432900433
477126,477132,478674,6,1542,2,7200,1.00389105058
477127,477139,478637,12,1498,2,7200,1.00801068091
477150,477156,478675,6,1519,2,7200,1.00394996708
477151,477163,478633,12,1470,2,7200,1.00816326531
477153,477168,478748,15,1580,2,7200,1.00949367089
477241,477247,478791,6,1544,2,7200,1.00388601036
477257,477263,478869,6,1606,2,7200,1.00373599004
477326,477332,478815,6,1483,2,7200,1.004045853
477370,477376,478853,6,1477,2,7200,1.00406228842
477537,477543,479154,6,1611,2,7200,1.00372439479
477553,477559,479155,6,1596,2,7200,1.0037593985
477588,477594,479165,6,1571,2,7200,1.00381922342
477652,477659,478049,7,390,1,86400,1.01794871795
477675,477681,479175,6,1494,2,7200,1.00401606426
477710,477716,479376,6,1660,2,7200,1.00361445783
477766,477772,479492,6,1720,2,7200,1.00348837209
477856,477862,479447,6,1585,2,7200,1.00378548896
477887,477894,479404,7,1510,2,7200,1.00463576159
477904,477910,479390,6,1480,2,7200,1.00405405405
477920,477926,479428,6,1502,2,7200,1.00399467377
477951,477957,479582,6,1625,2,7200,1.00369230769
477954,477963,478053,9,90,1,86400,1.1
477967,477973,479664,6,1691,2,7200,1.00354819633
477983,477989,479493,6,1504,2,7200,1.0039893617
478002,478008,479502,6,1494,2,7200,1.00401606426
478018,478025,479403,7,1378,2,7200,1.00507982583
478035,478041,479505,6,1464,2,7200,1.00409836066
478037,478047,479592,10,1545,2,7200,1.00647249191
478053,478059,479522,6,1463,2,7200,1.004101162
478132,478138,479698,6,1560,2,7200,1.00384615385
478223,478229,479749,6,1520,2,7200,1.00394736842
478255,478261,479838,6,1577,2,7200,1.00380469245
478296,478302,479923,6,1621,2,7200,1.00370141888
478313,478334,495353,21,17019,1,86400,1.00123391504
478322,478328,479931,6,1603,2,7200,1.00374298191
478328,478340,564743,12,86403,1,86400,1.00013888407
478338,478347,479888,9,1541,2,7200,1.0058403634
478360,478367,479948,7,1581,2,7200,1.00442757748
478389,478395,479873,6,1478,2,7200,1.00405953992
478433,478439,479998,6,1559,2,7200,1.00384862091
478493,478499,480064,6,1565,2,7200,1.00383386581
478509,478515,479971,6,1456,2,7200,1.00412087912
478611,478617,480141,6,1524,2,7200,1.00393700787
478637,478643,480198,6,1555,2,7200,1.0038585209
478639,478650,480253,11,1603,2,7200,1.0068621335
478673,478680,480227,7,1547,2,7200,1.00452488688
478675,478688,480246,13,1558,2,7200,1.00834403081
478692,478698,480307,6,1609,2,7200,1.00372902424
478752,478758,480415,6,1657,2,7200,1.00362100181
478796,478802,480354,6,1552,2,7200,1.00386597938
478815,478821,480223,6,1402,2,7200,1.00427960057
478856,478862,480556,6,1694,2,7200,1.00354191263
478872,478878,480338,6,1460,2,7200,1.00410958904
479156,479162,480884,6,1722,2,7200,1.00348432056
479158,479169,480675,11,1506,2,7200,1.00730411687
479174,479180,480710,6,1530,2,7200,1.00392156863
479190,479196,480741,6,1545,2,7200,1.00388349515
479377,479383,481034,6,1651,2,7200,1.00363416111
479394,479400,481022,6,1622,2,7200,1.00369913687
479410,479416,480970,6,1554,2,7200,1.00386100386
479412,479422,481150,10,1728,2,7200,1.00578703704
479428,479434,480955,6,1521,2,7200,1.00394477318
479450,479457,481057,7,1600,2,7200,1.004375
479491,479497,480982,6,1485,2,7200,1.00404040404
479508,479514,481044,6,1530,2,7200,1.00392156863
479510,479522,481050,12,1528,2,7200,1.00785340314
479511,479527,481081,16,1554,2,7200,1.0102960103
479527,479533,481062,6,1529,2,7200,1.00392413342
479586,479592,481072,6,1480,2,7200,1.00405405405
479602,479608,481185,6,1577,2,7200,1.00380469245
479605,480895,553352,1290,72457,4,259200,1.01780366286
479639,480993,552833,1354,71840,4,172800,1.01884743875
479664,479670,481288,6,1618,2,7200,1.00370828183
479699,479705,481250,6,1545,2,7200,1.00388349515
479730,484470,511348,4740,26878,16,172800,1.17635240717
479752,479758,481450,6,1692,2,7200,1.00354609929
479839,479846,481426,7,1580,2,7200,1.00443037975
479878,479884,481336,6,1452,2,7200,1.0041322314
479894,479900,481307,6,1407,2,7200,1.00426439232
479926,479932,481354,6,1422,2,7200,1.00421940928
479942,479948,481513,6,1565,2,7200,1.00383386581
479958,479965,481520,7,1555,2,7200,1.00450160772
479975,479981,481451,6,1470,2,7200,1.00408163265
480000,480007,481645,7,1638,2,7200,1.00427350427
480066,480073,481504,7,1431,2,7200,1.00489168414
480145,480151,481700,6,1549,2,7200,1.00387346675
480201,480207,481733,6,1526,2,7200,1.00393184797
480227,480233,481958,6,1725,2,7200,1.00347826087
480229,480240,481732,11,1492,2,7200,1.00737265416
480249,480255,481784,6,1529,2,7200,1.00392413342
480265,480271,481672,6,1401,2,7200,1.00428265525
480309,480315,481773,6,1458,2,7200,1.00411522634
480340,480347,481964,7,1617,2,7200,1.00432900433
480341,495372,522117,15031,26745,16,172800,1.56201159095
480356,480363,481917,7,1554,2,7200,1.0045045045
480415,480422,482051,7,1629,2,7200,1.00429711479
480560,480566,482036,6,1470,2,7200,1.00408163265
480678,480684,482220,6,1536,2,7200,1.00390625
480712,480719,482335,7,1616,2,7200,1.00433168317
480744,480750,482200,6,1450,2,7200,1.00413793103
480890,480902,482408,12,1506,2,7200,1.00796812749
480956,480962,482662,6,1700,2,7200,1.00352941176
480972,480979,482449,7,1470,2,7200,1.00476190476
480989,480999,482630,10,1631,2,7200,1.00613120785
481024,481030,482646,6,1616,2,7200,1.00371287129
481040,481046,482540,6,1494,2,7200,1.00401606426
481045,481055,481056,10,1,1,86400,1.1
481056,481062,482609,6,1547,2,7200,1.00387847447
481058,481068,482617,10,1549,2,7200,1.00645577792
481059,481074,482602,15,1528,2,7200,1.00981675393
481077,481083,482576,6,1493,2,7200,1.00401875419
481078,481089,482608,11,1519,2,7200,1.00724160632
481081,481166,502959,85,21793,1,86400,1.00390033497
481094,481100,482553,6,1453,2,7200,1.00412938747
481153,481160,482728,7,1568,2,7200,1.00446428571
481188,481194,482792,6,1598,2,7200,1.00375469337
481253,481259,482712,6,1453,2,7200,1.00412938747
481268,495377,521411,14109,26034,16,259200,1.54194514865
481291,481297,482793,6,1496,2,7200,1.00401069519
481310,481316,482852,6,1536,2,7200,1.00390625
481339,481345,483037,6,1692,2,7200,1.00354609929
481345,495382,520479,14037,25097,16,259200,1.55930987767
481355,481361,482887,6,1526,2,7200,1.00393184797
481427,481433,482981,6,1548,2,7200,1.00387596899
481452,481459,482906,7,1447,2,7200,1.00483759502
481454,481465,483116,11,1651,2,7200,1.00666262871
481507,481513,482978,6,1465,2,7200,1.00409556314
481524,481530,483004,6,1474,2,7200,1.00407055631
481526,481537,483001,11,1464,2,7200,1.0075136612
481647,481653,483231,6,1578,2,7200,1.00380228137
481675,481682,483171,7,1489,2,7200,1.00470114171
481704,481710,483144,6,1434,2,7200,1.00418410042
481733,481739,483306,6,1567,2,7200,1.00382897256
481735,481745,483341,10,1596,2,7200,1.00626566416
481775,481782,483378,7,1596,2,7200,1.00438596491
481792,481798,483253,6,1455,2,7200,1.00412371134
481918,481925,483406,7,1481,2,7200,1.00472653612
481962,481969,483567,7,1598,2,7200,1.00438047559
481979,481985,483515,6,1530,2,7200,1.00392156863
482038,482044,483521,6,1477,2,7200,1.00406228842
482055,482061,483628,6,1567,2,7200,1.00382897256
482134,482140,483403,6,1263,2,1800,1.00475059382
482203,482209,483859,6,1650,2,7200,1.00363636364
482222,482228,483631,6,1403,2,7200,1.00427655025
482337,482344,483915,7,1571,2,7200,1.00445576066
482409,482415,483939,6,1524,2,7200,1.00393700787
482450,482456,484051,6,1595,2,7200,1.00376175549
482543,482549,484032,6,1483,2,7200,1.004045853
482560,482567,484249,7,1682,2,7200,1.00416171225
482580,482586,484138,6,1552,2,7200,1.00386597938
482591,482597,650281,6,167684,4,280800,1.00003578159
482605,482611,484235,6,1624,2,7200,1.00369458128
482622,482628,484134,6,1506,2,7200,1.00398406375
482623,482634,484268,11,1634,2,7200,1.00673194614
482625,482639,484121,14,1482,2,7200,1.00944669366
482641,482648,484182,7,1534,2,7200,1.00456323338
482657,482663,484240,6,1577,2,7200,1.00380469245
482673,482680,484201,7,1521,2,7200,1.00460223537
482714,482721,484278,7,1557,2,7200,1.00449582531
482730,482736,484441,6,1705,2,7200,1.00351906158
482795,482802,484235,7,1433,2,7200,1.00488485694
482797,482809,484607,12,1798,2,7200,1.00667408231
482853,482859,484372,6,1513,2,7200,1.0039656312
482888,482894,484493,6,1599,2,7200,1.00375234522
482908,482914,484617,6,1703,2,7200,1.00352319436
482980,482986,484512,6,1526,2,7200,1.00393184797
482981,482993,484557,12,1564,2,7200,1.00767263427
483004,483010,484611,6,1601,2,7200,1.00374765771
483005,483016,484526,11,1510,2,7200,1.00728476821
483040,483047,484442,7,1395,2,7200,1.00501792115
483118,483124,484444,6,1320,2,7200,1.00454545455
483131,483137,483148,6,11,1,180000,1.54545454545
483146,483152,484690,6,1538,2,7200,1.00390117035
483169,483175,663187,6,180012,1,180000,1.00003333111
483175,483182,484830,7,1648,2,7200,1.00424757282
483228,483234,485041,6,1807,2,7200,1.00332042059
483256,483263,484800,7,1537,2,7200,1.00455432661
483309,483315,484910,6,1595,2,7200,1.00376175549
483344,483350,484816,6,1466,2,7200,1.00409276944
483382,483388,485015,6,1627,2,7200,1.0036877689
483408,483414,484856,6,1442,2,7200,1.00416088766
483517,483523,485056,6,1533,2,7200,1.00391389432
483534,483540,485111,6,1571,2,7200,1.00381922342
483568,483575,484979,7,1404,2,7200,1.00498575499
483632,483638,485263,6,1625,2,7200,1.00369230769
483633,483645,485233,12,1588,2,7200,1.00755667506
483861,483868,485408,7,1540,2,7200,1.00454545455
483918,483924,485453,6,1529,2,7200,1.00392413342
483941,483947,485427,6,1480,2,7200,1.00405405405
484036,484042,485673,6,1631,2,7200,1.00367872471
484052,484059,485621,7,1562,2,7200,1.00448143406
484124,484130,485826,6,1696,2,7200,1.00353773585
484141,484147,485540,6,1393,2,7200,1.00430725054
484142,484154,485662,12,1508,2,7200,1.00795755968
484187,484193,485745,6,1552,2,7200,1.00386597938
484204,484211,485679,7,1468,2,7200,1.00476839237
484236,484242,485702,6,1460,2,7200,1.00410958904
484238,484249,485851,11,1602,2,7200,1.00686641698
484254,484260,485869,6,1609,2,7200,1.00372902424
484256,484266,485799,10,1533,2,7200,1.00652315721
484272,484278,485750,6,1472,2,7200,1.00407608696
484288,484294,485769,6,1475,2,7200,1.00406779661
484375,484381,485902,6,1521,2,7200,1.00394477318
484444,484451,485966,7,1515,2,7200,1.00462046205
484446,484458,486009,12,1551,2,7200,1.00773694391
484447,484463,486087,16,1624,2,7200,1.00985221675
484495,484501,486040,6,1539,2,7200,1.00389863548
484514,484520,485967,6,1447,2,7200,1.00414651002
484525,484542,490135,17,5593,2,72000,1.00303951368
484530,484536,486123,6,1587,2,7200,1.00378071834
484559,484565,486115,6,1550,2,7200,1.00387096774
484612,484619,486127,7,1508,2,7200,1.00464190981
484613,484625,486270,12,1645,2,7200,1.00729483283
484630,484636,486279,6,1643,2,7200,1.00365185636
484693,484699,486165,6,1466,2,7200,1.00409276944
484802,484808,486340,6,1532,2,7200,1.00391644909
484818,484824,486382,6,1558,2,7200,1.00385109114
484834,484840,486419,6,1579,2,7200,1.00379987334
484860,484866,486337,6,1471,2,7200,1.00407885792
484911,484917,486449,6,1532,2,7200,1.00391644909
484981,484987,486473,6,1486,2,7200,1.00403768506
485016,485023,486507,7,1484,2,7200,1.00471698113
485042,485048,486543,6,1495,2,7200,1.00401337793
485058,485064,486716,6,1652,2,7200,1.00363196126
485112,485118,486676,6,1558,2,7200,1.00385109114
485236,485242,486750,6,1508,2,7200,1.00397877984
485264,485270,486847,6,1577,2,7200,1.00380469245
485359,485443,485934,84,491,2,3540,1.17107942974
485410,485416,486899,6,1483,2,7200,1.004045853
485429,485435,487041,6,1606,2,7200,1.00373599004
485458,485464,487307,6,1843,2,7200,1.00325556158
485542,485548,487020,6,1472,2,7200,1.00407608696
485623,485629,487047,6,1418,2,7200,1.00423131171
485664,485670,487234,6,1564,2,7200,1.00383631714
485680,485687,487406,7,1719,2,7200,1.00407213496
485682,485693,487184,11,1491,2,7200,1.00737759893
485705,485711,487223,6,1512,2,7200,1.00396825397
485749,485755,487188,6,1433,2,7200,1.00418702024
485751,485763,487335,12,1572,2,7200,1.00763358779
485770,485776,487224,6,1448,2,7200,1.00414364641
485802,485808,487241,6,1433,2,7200,1.00418702024
485828,485834,487497,6,1663,2,7200,1.00360793746
485854,485860,487360,6,1500,2,7200,1.004
485873,485879,487595,6,1716,2,7200,1.0034965035
485904,485910,487394,6,1484,2,7200,1.00404312668
485934,485947,485949,13,2,1,900,1.5
485942,485960,486473,18,513,2,3540,1.0350877193
485967,485973,487630,6,1657,2,7200,1.00362100181
485969,485980,487484,11,1504,2,7200,1.00731382979
486014,486020,487506,6,1486,2,7200,1.00403768506
486043,486049,487665,6,1616,2,7200,1.00371287129
486090,486097,487681,7,1584,2,7200,1.00441919192
486116,486122,487623,6,1501,2,7200,1.00399733511
486132,486138,487735,6,1597,2,7200,1.00375704446
486134,486144,487541,10,1397,2,7200,1.00715819613
486169,486175,487620,6,1445,2,7200,1.00415224913
486234,493278,493469,7044,191,8,10800,37.8795811518
486261,493487,493488,7226,1,8,10800,722.7
486272,486278,487696,6,1418,2,7200,1.00423131171
486288,486294,487679,6,1385,2,7200,1.00433212996
486341,486347,487847,6,1500,2,7200,1.004
486343,486355,487881,12,1526,2,7200,1.00786369594
486384,486390,487937,6,1547,2,7200,1.00387847447
486423,486429,487904,6,1475,2,7200,1.00406779661
486451,486458,487992,7,1534,2,7200,1.00456323338
486471,486477,486482,6,5,1,900,1.1
486477,486483,488005,6,1522,2,7200,1.00394218134
486479,486496,489438,17,2942,1,3000,1.00577838205
486480,486490,487082,10,592,2,3540,1.01689189189
486508,486514,488058,6,1544,2,7200,1.00388601036
486546,486552,488056,6,1504,2,7200,1.0039893617
486577,486647,491801,70,5154,2,72000,1.01358168413
486677,486683,488168,6,1485,2,7200,1.00404040404
486718,486724,488157,6,1433,2,7200,1.00418702024
486753,486759,488408,6,1649,2,7200,1.00363856883
486850,486856,488368,6,1512,2,7200,1.00396825397
486883,486889,486891,6,2,1,230400,1.0
486900,486906,488725,6,1819,2,7200,1.00329851567
486980,487690,494312,710,6622,4,270000,1.10721836303
487021,487028,488501,7,1473,2,7200,1.00475220638
487041,487048,488592,7,1544,2,7200,1.00453367876
487057,487063,488608,6,1545,2,7200,1.00388349515
487081,487093,487097,12,4,1,900,1.6
487088,487108,487715,20,607,2,3540,1.03294892916
487185,487192,488774,7,1582,2,7200,1.00442477876
487202,487208,488747,6,1539,2,7200,1.00389863548
487224,487230,488824,6,1594,2,7200,1.00376411543
487226,487237,488819,11,1582,2,7200,1.00695322377
487243,487249,488810,6,1561,2,7200,1.00384368994
487244,487255,488874,11,1619,2,7200,1.00679431748
487310,487316,488908,6,1592,2,7200,1.00376884422
487339,487345,488836,6,1491,2,7200,1.00402414487
487351,487358,512247,7,24889,1,72000,1.00028124874
487352,487410,489856,58,2446,1,72000,1.02371218316
487361,487368,488958,7,1590,2,7200,1.00440251572
487397,487403,488902,6,1499,2,7200,1.00400266845
487413,487423,489051,10,1628,2,7200,1.00614250614
487488,487494,489022,6,1528,2,7200,1.00392670157
487504,487511,489002,7,1491,2,7200,1.00469483568
487521,487528,489174,7,1646,2,7200,1.0042527339
487543,487549,489077,6,1528,2,7200,1.00392670157
487597,487603,489159,6,1556,2,7200,1.00385604113
487623,487629,489156,6,1527,2,7200,1.00392927308
487624,487636,489118,12,1482,2,7200,1.00809716599
487641,487647,489262,6,1615,2,7200,1.00371517028
487667,487673,489173,6,1500,2,7200,1.004
487684,487696,489285,12,1589,2,7200,1.00755191945
487685,487703,489403,18,1700,2,7200,1.01058823529
487701,487709,489289,8,1580,2,7200,1.00506329114
487715,487726,487729,11,3,1,900,1.4
487723,487741,488383,18,642,2,3540,1.02803738318
487736,487747,489291,11,1544,2,7200,1.00712435233
487850,487858,489556,8,1698,2,7200,1.00471142521
487883,487889,489458,6,1569,2,7200,1.00382409178
487906,487912,489474,6,1562,2,7200,1.00384122919
487942,487948,489459,6,1511,2,7200,1.00397088021
487995,488001,489560,6,1559,2,7200,1.00384862091
488012,488018,489515,6,1497,2,7200,1.00400801603
488059,488065,489632,6,1567,2,7200,1.00382897256
488060,488072,489437,12,1365,2,7200,1.00879120879
488159,488167,489784,8,1617,2,7200,1.00494743352
488176,488182,489634,6,1452,2,7200,1.0041322314
488346,488382,493410,36,5028,2,72000,1.00715990453
488369,488376,490321,7,1945,2,7200,1.00359897172
488382,488389,488397,7,8,1,900,1.5
488391,488397,489024,6,627,2,3540,1.00956937799
488410,488416,489971,6,1555,2,7200,1.0038585209
488504,488510,489927,6,1417,2,7200,1.00423429781
488595,488601,490106,6,1505,2,7200,1.00398671096
488611,488617,490176,6,1559,2,7200,1.00384862091
488727,488733,490381,6,1648,2,7200,1.0036407767
488749,488755,490271,6,1516,2,7200,1.00395778364
488778,488784,490271,6,1487,2,7200,1.00403496974
488813,488819,490293,6,1474,2,7200,1.00407055631
488830,488836,490294,6,1458,2,7200,1.00411522634
488831,488842,490456,11,1614,2,7200,1.00681536555
488848,488854,490281,6,1427,2,7200,1.00420462509
488876,488882,490423,6,1541,2,7200,1.0038935756
488905,488911,490469,6,1558,2,7200,1.00385109114
488921,488927,490581,6,1654,2,7200,1.00362756953
488961,488967,490565,6,1598,2,7200,1.00375469337
489004,489011,490388,7,1377,2,7200,1.00508351489
489023,489029,489036,6,7,1,900,1.3
489025,489036,490520,11,1484,2,7200,1.00741239892
489032,489042,489669,10,627,2,3540,1.01594896332
489053,489060,490654,7,1594,2,7200,1.00439146801
489079,489085,490713,6,1628,2,7200,1.00368550369
489115,489302,517337,187,28035,2,144000,1.00667023364
489121,489126,490751,5,1625,2,7200,1.00307692308
489132,489855,542365,723,52510,4,288000,1.01376880594
489150,495590,667331,6440,171741,8,288000,1.03749832597
489159,489165,490700,6,1535,2,7200,1.00390879479
489161,489171,490782,10,1611,2,7200,1.00620732464
489177,489184,490659,7,1475,2,7200,1.00474576271
489179,489191,490764,12,1573,2,7200,1.0076287349
489263,489270,490885,7,1615,2,7200,1.00433436533
489286,489292,490894,6,1602,2,7200,1.00374531835
489302,489308,490849,6,1541,2,7200,1.0038935756
489304,489314,490772,10,1458,2,7200,1.00685871056
489407,489413,491050,6,1637,2,7200,1.0036652413
489438,489444,490960,6,1516,2,7200,1.00395778364
489461,489467,491089,6,1622,2,7200,1.00369913687
489463,489475,490960,12,1485,2,7200,1.00808080808
489479,489485,490920,6,1435,2,7200,1.00418118467
489516,489523,491022,7,1499,2,7200,1.00466977985
489557,489564,491091,7,1527,2,7200,1.00458415193
489574,489580,491113,6,1533,2,7200,1.00391389432
489635,489641,491172,6,1531,2,7200,1.00391900718
489636,489649,491167,13,1518,2,7200,1.00856389987
489667,489681,489685,14,4,1,900,1.8
489677,489696,490326,19,630,2,3540,1.03015873016
489786,489792,491303,6,1511,2,7200,1.00397088021
489932,489938,491571,6,1633,2,7200,1.00367421923
489973,489979,491517,6,1538,2,7200,1.00390117035
490108,490114,491750,6,1636,2,7200,1.00366748166
490179,490185,491777,6,1592,2,7200,1.00376884422
490273,490279,491760,6,1481,2,7200,1.00405131668
490275,490285,491877,10,1592,2,7200,1.00628140704
490292,490298,491946,6,1648,2,7200,1.0036407767
490293,490304,491925,11,1621,2,7200,1.00678593461
490310,490316,491954,6,1638,2,7200,1.00366300366
490325,490395,490402,70,7,1,900,7.7
490326,490332,491780,6,1448,2,7200,1.00414364641
490333,490339,491001,6,662,2,3540,1.00906344411
490383,490389,491810,6,1421,2,7200,1.00422237861
490399,490406,491932,7,1526,2,7200,1.00458715596
490425,490431,491959,6,1528,2,7200,1.00392670157
490448,490534,490599,86,65,1,72000,2.32307692308
490457,490463,492126,6,1663,2,7200,1.00360793746
490474,490480,492093,6,1613,2,7200,1.00371977681
490521,490527,492129,6,1602,2,7200,1.00374531835
490568,490574,492160,6,1586,2,7200,1.00378310214
490583,490590,492175,7,1585,2,7200,1.00441640379
490590,490610,490664,20,54,1,72000,1.37037037037
490658,490665,492223,7,1558,2,7200,1.00449293967
490660,490672,492155,12,1483,2,7200,1.008091706
490701,490708,492273,7,1565,2,7200,1.00447284345
490718,490724,492305,6,1581,2,7200,1.00379506641
490753,490759,492359,6,1600,2,7200,1.00375
490770,490776,492399,6,1623,2,7200,1.00369685767
490781,490863,507027,82,16164,2,72000,1.00507300173
490787,490793,492289,6,1496,2,7200,1.00401069519
490788,490799,492346,11,1547,2,7200,1.00711053652
490851,490857,492360,6,1503,2,7200,1.00399201597
490889,490895,492449,6,1554,2,7200,1.00386100386
490905,490911,492425,6,1514,2,7200,1.00396301189
490921,490927,492455,6,1528,2,7200,1.00392670157
490962,490968,492517,6,1549,2,7200,1.00387346675
490964,490975,492650,11,1675,2,7200,1.00656716418
491000,491013,491017,13,4,1,900,1.7
491011,491029,491586,18,557,2,3540,1.03231597846
491024,491036,492481,12,1445,2,7200,1.00830449827
491052,491059,492586,7,1527,2,7200,1.00458415193
491090,491097,492471,7,1374,2,7200,1.00509461426
491107,491113,492559,6,1446,2,7200,1.00414937759
491114,491120,494166,6,3046,1,72000,1.00196979645
491123,491129,492619,6,1490,2,7200,1.00402684564
491168,491175,492769,7,1594,2,7200,1.00439146801
491184,491190,492689,6,1499,2,7200,1.00400266845
491306,491312,492773,6,1461,2,7200,1.00410677618
491520,491527,493105,7,1578,2,7200,1.00443599493
491574,491585,493039,11,1454,2,7200,1.007565337
491584,491591,491597,7,6,1,900,1.3
491592,491597,492233,5,636,2,3540,1.00786163522
491669,491765,495620,96,3855,2,108000,1.02490272374
491752,491759,493315,7,1556,2,7200,1.00449871465
491768,491774,493255,6,1481,2,7200,1.00405131668
491784,491789,493264,5,1475,2,7200,1.00338983051
491785,491795,493361,10,1566,2,7200,1.00638569604
491811,491817,493266,6,1449,2,7200,1.00414078675
491880,491887,493296,7,1409,2,7200,1.00496806246
491927,491933,493541,6,1608,2,7200,1.00373134328
491943,491950,493586,7,1636,2,7200,1.00427872861
491960,491966,493505,6,1539,2,7200,1.00389863548
491962,491973,493471,11,1498,2,7200,1.00734312417
491963,491978,493522,15,1544,2,7200,1.00971502591
492021,492106,495807,85,3701,2,108000,1.02296676574
492094,492100,493648,6,1548,2,7200,1.00387596899
492129,492136,493646,7,1510,2,7200,1.00463576159
492131,492143,493647,12,1504,2,7200,1.0079787234
492156,492162,493694,6,1532,2,7200,1.00391644909
492173,492179,493602,6,1423,2,7200,1.00421644413
492189,492196,493747,7,1551,2,7200,1.00451321728
492224,492230,493885,6,1655,2,7200,1.00362537764
492231,492237,492243,6,6,1,900,1.2
492241,492247,492796,6,549,2,3540,1.01092896175
492275,492281,493814,6,1533,2,7200,1.00391389432
492292,492298,493869,6,1571,2,7200,1.00381922342
492308,492314,493813,6,1499,2,7200,1.00400266845
492345,492352,493933,7,1581,2,7200,1.00442757748
492361,492368,493908,7,1540,2,7200,1.00454545455
492363,492376,493907,13,1531,2,7200,1.00849118223
492401,492408,493904,7,1496,2,7200,1.00467914439
492427,492434,493909,7,1475,2,7200,1.00474576271
492453,492459,493979,6,1520,2,7200,1.00394736842
492455,492465,493838,10,1373,2,7200,1.00728332119
492471,492478,494005,7,1527,2,7200,1.00458415193
492487,492494,494132,7,1638,2,7200,1.00427350427
492520,492526,494045,6,1519,2,7200,1.00394996708
492561,492567,494125,6,1558,2,7200,1.00385109114
492590,492596,494274,6,1678,2,7200,1.00357568534
492612,495324,495357,2712,33,64,7200,83.1818181818
492622,492629,494259,7,1630,2,7200,1.00429447853
492651,492657,494302,6,1645,2,7200,1.00364741641
492692,492699,494179,7,1480,2,7200,1.00472972973
492769,492775,494392,6,1617,2,7200,1.00371057514
492785,492792,494341,7,1549,2,7200,1.00451904454
492794,492801,492808,7,7,1,900,1.4
492803,492809,493422,6,613,2,3540,1.00978792822
493042,493048,494596,6,1548,2,7200,1.00387596899
493107,493115,494693,8,1578,2,7200,1.00506970849
493257,493263,494803,6,1540,2,7200,1.0038961039
493273,493284,494929,11,1645,2,7200,1.00668693009
493275,493289,494894,14,1605,2,7200,1.00872274143
493297,493305,494891,8,1586,2,7200,1.00504413619
493317,493324,494938,7,1614,2,7200,1.00433705081
493364,493370,494800,6,1430,2,7200,1.0041958042
493420,493426,493433,6,7,1,900,1.3
493428,493435,494098,7,663,2,3540,1.01055806938
493473,493480,494925,7,1445,2,7200,1.00484429066
493508,493514,495038,6,1524,2,7200,1.00393700787
493524,493530,495286,6,1756,2,7200,1.00341685649
493543,493549,495089,6,1540,2,7200,1.0038961039
493592,493598,495155,6,1557,2,7200,1.00385356455
493608,493615,495298,7,1683,2,7200,1.00415923945
493637,493643,493650,6,7,1,900,1.3
493646,493657,495008,11,1351,2,7200,1.00814211695
493647,493652,493843,5,191,14,1440,1.02617801047
493662,493670,495209,8,1539,2,7200,1.00519818064
493664,493677,495189,13,1512,2,7200,1.0085978836
493696,493702,495358,6,1656,2,7200,1.00362318841
493749,493756,495440,7,1684,2,7200,1.0041567696
493814,493820,495281,6,1461,2,7200,1.00410677618
493816,493827,495418,11,1591,2,7200,1.00691389063
493839,493845,495533,6,1688,2,7200,1.00355450237
493841,493852,493859,11,7,1,900,1.8
493850,493858,494055,8,197,14,1440,1.04060913706
493871,493877,495405,6,1528,2,7200,1.00392670157
493887,493894,495410,7,1516,2,7200,1.00461741425
493907,493913,495543,6,1630,2,7200,1.0036809816
493908,493920,495552,12,1632,2,7200,1.00735294118
493925,493931,495396,6,1465,2,7200,1.00409556314
493927,493938,495552,11,1614,2,7200,1.00681536555
493943,493949,495481,6,1532,2,7200,1.00391644909
493953,495169,499949,1216,4780,2,108000,1.25439330544
493981,493988,495563,7,1575,2,7200,1.00444444444
494007,494014,495500,7,1486,2,7200,1.00471063257
494045,494051,495488,6,1437,2,7200,1.00417536534
494053,494060,494067,7,7,1,900,1.4
494062,494068,494270,6,202,14,1440,1.0297029703
494096,494104,494109,8,5,1,900,1.3
494106,494112,494739,6,627,2,3540,1.00956937799
494129,494136,495765,7,1629,2,7200,1.00429711479
494145,494153,495791,8,1638,2,7200,1.00488400488
494184,494190,495764,6,1574,2,7200,1.00381194409
494261,494268,495790,7,1522,2,7200,1.00459921156
494268,494274,494282,6,8,1,900,1.4
494277,494283,494498,6,215,14,1440,1.02790697674
494278,494288,495761,10,1473,2,7200,1.00678886626
494306,494313,495873,7,1560,2,7200,1.00448717949
494344,494350,495891,6,1541,2,7200,1.0038935756
494394,494400,495967,6,1567,2,7200,1.00382897256
494480,495364,502046,884,6682,2,72000,1.13229571984
494496,494503,494509,7,6,1,900,1.3
494505,494649,494863,144,214,14,1440,1.67289719626
494600,494606,496021,6,1415,2,7200,1.00424028269
494696,494702,496246,6,1544,2,7200,1.00388601036
494737,494743,494749,6,6,1,900,1.2
494745,494751,495512,6,761,2,3540,1.00788436268
494802,494808,496500,6,1692,2,7200,1.00354609929
494818,494824,496360,6,1536,2,7200,1.00390625
494861,494868,494874,7,6,1,900,1.3
494869,494875,495094,6,219,14,1440,1.02739726027
494894,494900,496450,6,1550,2,7200,1.00387096774
494895,494908,496433,13,1525,2,7200,1.00852459016
494927,494934,496633,7,1699,2,7200,1.00412007063
494943,494949,496538,6,1589,2,7200,1.00377595972
494945,494956,496400,11,1444,2,7200,1.00761772853
495002,495398,499054,396,3656,2,72000,1.10831509847
495011,495018,496592,7,1574,2,7200,1.00444726811
495039,495045,496702,6,1657,2,7200,1.00362100181
495092,495104,496611,12,1507,2,7200,1.00796284008
495092,495098,495106,6,8,1,900,1.4
495101,495110,495308,9,198,14,1440,1.04545454545
495156,495162,496703,6,1541,2,7200,1.0038935756
495190,495197,496794,7,1597,2,7200,1.00438321853
495210,495216,496737,6,1521,2,7200,1.00394477318
495282,495288,496695,6,1407,2,7200,1.00426439232
495298,495305,496956,7,1651,2,7200,1.00423985463
495300,495318,496757,18,1439,2,7200,1.01250868659
495307,495313,495319,6,6,1,900,1.2
495315,495387,495578,72,191,14,1440,1.37696335079
495326,495416,499434,90,4018,2,72000,1.02239920358
495363,495393,496978,30,1585,2,7200,1.01892744479
495398,495404,496835,6,1431,2,7200,1.00419287212
495414,495423,497247,9,1824,2,7200,1.00493421053
495416,495428,496972,12,1544,2,7200,1.00777202073
495432,495438,496937,6,1499,2,7200,1.00400266845
495448,495454,496870,6,1416,2,7200,1.00423728814
495484,495490,497016,6,1526,2,7200,1.00393184797
495500,495507,497165,7,1658,2,7200,1.00422195416
495502,495514,497172,12,1658,2,7200,1.00723763571
495511,495524,495529,13,5,1,900,1.8
495519,495540,496284,21,744,2,3540,1.02822580645
495534,495545,497238,11,1693,2,7200,1.006497342
495551,495557,496980,6,1423,2,7200,1.00421644413
495569,495575,496977,6,1402,2,7200,1.00427960057
495570,495581,497126,11,1545,2,7200,1.0071197411
495577,495595,495601,18,6,1,900,2.4
495763,495769,497386,6,1617,2,7200,1.00371057514
495765,495776,497428,11,1652,2,7200,1.00665859564
495781,495788,497341,7,1553,2,7200,1.00450740502
495798,495804,497265,6,1461,2,7200,1.00410677618
495799,495810,497385,11,1575,2,7200,1.00698412698
495842,523486,529008,27644,5522,24,14400,6.00615718942
495874,495880,497517,6,1637,2,7200,1.0036652413
495893,495900,497714,7,1814,2,7200,1.00385887541
495968,495975,497565,7,1590,2,7200,1.00440251572
496024,496031,497554,7,1523,2,7200,1.00459619173
496086,496295,497430,209,1135,2,36000,1.18414096916
496248,496254,497801,6,1547,2,7200,1.00387847447
496282,496952,496960,670,8,1,900,67.8
496291,497176,497906,885,730,2,3540,2.21232876712
496360,496366,497927,6,1561,2,7200,1.00384368994
496385,497277,497528,892,251,2,36000,4.55378486056
496405,496411,497895,6,1484,2,7200,1.00404312668
496436,496442,497991,6,1549,2,7200,1.00387346675
496452,496458,498038,6,1580,2,7200,1.00379746835
496503,496509,498156,6,1647,2,7200,1.00364298725
496541,496547,498171,6,1624,2,7200,1.00369458128
496593,496599,498196,6,1597,2,7200,1.00375704446
496612,496618,498263,6,1645,2,7200,1.00364741641
496635,496641,498293,6,1652,2,7200,1.00363196126
496697,496703,498265,6,1562,2,7200,1.00384122919
496713,496720,498218,7,1498,2,7200,1.0046728972
496715,496726,498245,11,1519,2,7200,1.00724160632
496737,496743,498183,6,1440,2,7200,1.00416666667
496760,496766,498284,6,1518,2,7200,1.00395256917
496795,496801,498403,6,1602,2,7200,1.00374531835
496839,496845,498456,6,1611,2,7200,1.00372439479
496871,496877,498423,6,1546,2,7200,1.00388098318
496940,496946,498409,6,1463,2,7200,1.004101162
496959,496966,498354,7,1388,2,7200,1.00504322767
496976,496982,498499,6,1517,2,7200,1.00395517469
496977,496989,498508,12,1519,2,7200,1.00789993417
496993,496999,498522,6,1523,2,7200,1.00393959291
496995,497005,498443,10,1438,2,7200,1.00695410292
497017,497023,498381,6,1358,2,7200,1.00441826215
497128,497134,498621,6,1487,2,7200,1.00403496974
497169,497181,498744,12,1563,2,7200,1.00767754319
497186,497192,498716,6,1524,2,7200,1.00393700787
497241,497248,498853,7,1605,2,7200,1.00436137072
497258,497264,498933,6,1669,2,7200,1.00359496705
497274,497283,498977,9,1694,2,7200,1.00531286895
497342,497348,498893,6,1545,2,7200,1.00388349515
497386,497392,498968,6,1576,2,7200,1.0038071066
497387,497399,499104,12,1705,2,7200,1.00703812317
497429,497435,498908,6,1473,2,7200,1.00407331976
497519,497526,499033,7,1507,2,7200,1.00464499005
497558,497564,499133,6,1569,2,7200,1.00382409178
497574,497580,499079,6,1499,2,7200,1.00400266845
497717,497723,499322,6,1599,2,7200,1.00375234522
497804,497810,499356,6,1546,2,7200,1.00388098318
497830,497923,522509,93,24586,1,86400,1.00378264053
497897,497904,499479,7,1575,2,7200,1.00444444444
497905,497917,497922,12,5,1,900,1.7
497914,498919,499798,1005,879,2,3540,2.1433447099
497929,497936,499511,7,1575,2,7200,1.00444444444
497953,498515,516475,562,17960,1,86400,1.03129175947
497992,497999,499441,7,1442,2,7200,1.00485436893
498039,498045,499528,6,1483,2,7200,1.004045853
498160,498166,499702,6,1536,2,7200,1.00390625
498177,498183,499756,6,1573,2,7200,1.00381436745
498193,498199,499913,6,1714,2,7200,1.00350058343
498209,498216,499673,7,1457,2,7200,1.00480439259
498226,498232,499593,6,1361,2,7200,1.00440852314
498248,498254,500534,6,2280,2,7200,1.00263157895
498264,498271,499843,7,1572,2,7200,1.00445292621
498266,498277,499772,11,1495,2,7200,1.00735785953
498286,498292,499870,6,1578,2,7200,1.00380228137
498302,498308,499902,6,1594,2,7200,1.00376411543
498355,498362,499921,7,1559,2,7200,1.00449005773
498384,498390,500027,6,1637,2,7200,1.0036652413
498406,498412,499851,6,1439,2,7200,1.0041695622
498423,498429,499901,6,1472,2,7200,1.00407608696
498424,498436,499837,12,1401,2,7200,1.00856531049
498444,498451,499956,7,1505,2,7200,1.00465116279
498460,498467,499959,7,1492,2,7200,1.00469168901
498502,498508,499971,6,1463,2,7200,1.004101162
498518,498524,500324,6,1800,2,7200,1.00333333333
498535,498541,500084,6,1543,2,7200,1.00388852884
498622,498628,500126,6,1498,2,7200,1.00400534045
498718,498724,500321,6,1597,2,7200,1.00375704446
498747,498753,500250,6,1497,2,7200,1.00400801603
498855,498861,500512,6,1651,2,7200,1.00363416111
498896,498902,500350,6,1448,2,7200,1.00414364641
498913,498924,500360,11,1436,2,7200,1.00766016713
498935,498942,500591,7,1649,2,7200,1.00424499697
498970,498976,500524,6,1548,2,7200,1.00387596899
498987,498993,500629,6,1636,2,7200,1.00366748166
499034,499040,500756,6,1716,2,7200,1.0034965035
499080,499086,500552,6,1466,2,7200,1.00409276944
499106,499112,500788,6,1676,2,7200,1.00357995227
499134,499140,500575,6,1435,2,7200,1.00418118467
499323,499328,500843,5,1515,2,7200,1.00330033003
499357,499363,500908,6,1545,2,7200,1.00388349515
499444,499450,501123,6,1673,2,7200,1.00358637179
499481,499487,500894,6,1407,2,7200,1.00426439232
499513,499519,501188,6,1669,2,7200,1.00359496705
499529,499536,501153,7,1617,2,7200,1.00432900433
499594,499600,501169,6,1569,2,7200,1.00382409178
499676,499682,501298,6,1616,2,7200,1.00371287129
499705,499711,501321,6,1610,2,7200,1.00372670807
499758,499764,501240,6,1476,2,7200,1.00406504065
499774,499780,501267,6,1487,2,7200,1.00403496974
499794,499800,499805,6,5,1,900,1.1
499804,499809,500614,5,805,2,3540,1.00621118012
499839,499845,501271,6,1426,2,7200,1.00420757363
499855,499861,501356,6,1495,2,7200,1.00401337793
499857,499867,501311,10,1444,2,7200,1.00692520776
499873,499879,501347,6,1468,2,7200,1.00408719346
499905,499911,501440,6,1529,2,7200,1.00392413342
499907,499918,501368,11,1450,2,7200,1.0075862069
499924,499930,501559,6,1629,2,7200,1.00368324125
499926,499937,501447,11,1510,2,7200,1.00728476821
499958,499965,501555,7,1590,2,7200,1.00440251572
499959,499972,501556,13,1584,2,7200,1.00820707071
499976,499982,501627,6,1645,2,7200,1.00364741641
500029,500035,501545,6,1510,2,7200,1.00397350993
500089,500095,501576,6,1481,2,7200,1.00405131668
500129,500136,501753,7,1617,2,7200,1.00432900433
500254,500260,501748,6,1488,2,7200,1.00403225806
500323,500329,501905,6,1576,2,7200,1.0038071066
500339,500345,502187,6,1842,2,7200,1.00325732899
500355,500361,502000,6,1639,2,7200,1.00366076876
500358,500367,525672,9,25305,1,86400,1.00035566094
500371,500378,501917,7,1539,2,7200,1.00454840806
500517,500523,502024,6,1501,2,7200,1.00399733511
500533,500539,502037,6,1498,2,7200,1.00400534045
500535,500545,502281,10,1736,2,7200,1.00576036866
500555,500561,502139,6,1578,2,7200,1.00380228137
500577,500584,502122,7,1538,2,7200,1.00455136541
500594,500600,502177,6,1577,2,7200,1.00380469245
500613,500619,500624,6,5,1,900,1.1
500621,500627,501467,6,840,2,3540,1.00714285714
500632,500638,502180,6,1542,2,7200,1.00389105058
500757,500763,502377,6,1614,2,7200,1.00371747212
500788,500794,502360,6,1566,2,7200,1.00383141762
500847,500853,502421,6,1568,2,7200,1.00382653061
500897,500903,502465,6,1562,2,7200,1.00384122919
500913,500919,502326,6,1407,2,7200,1.00426439232
501124,501131,502547,7,1416,2,7200,1.00494350282
501156,501162,502596,6,1434,2,7200,1.00418410042
501172,501179,502630,7,1451,2,7200,1.00482425913
501175,501186,504037,11,2851,1,270000,1.00385829533
501192,501198,502860,6,1662,2,7200,1.0036101083
501245,501251,502830,6,1579,2,7200,1.00379987334
501256,501263,526366,7,25103,1,86400,1.00027885113
501270,501276,502789,6,1513,2,7200,1.0039656312
501286,501292,502791,6,1499,2,7200,1.00400266845
501302,501308,502934,6,1626,2,7200,1.0036900369
501318,501325,502890,7,1565,2,7200,1.00447284345
501334,501340,502869,6,1529,2,7200,1.00392413342
501350,501356,502963,6,1607,2,7200,1.00373366521
501366,501372,502987,6,1615,2,7200,1.00371517028
501382,501388,502847,6,1459,2,7200,1.00411240576
501445,501451,503138,6,1687,2,7200,1.00355660937
501461,501467,503166,6,1699,2,7200,1.00353148911
501466,501473,501480,7,7,1,900,1.4
501475,501482,502124,7,642,2,3540,1.01090342679
501548,501554,502996,6,1442,2,7200,1.00416088766
501564,501570,503114,6,1544,2,7200,1.00388601036
501565,501576,503120,11,1544,2,7200,1.00712435233
501567,501582,503132,15,1550,2,7200,1.00967741935
501583,501589,503208,6,1619,2,7200,1.00370599135
501631,501637,503057,6,1420,2,7200,1.00422535211
501752,501758,503243,6,1485,2,7200,1.00404040404
501753,501766,503272,13,1506,2,7200,1.00863213811
501909,501915,503548,6,1633,2,7200,1.00367421923
501925,501932,503390,7,1458,2,7200,1.00480109739
502003,502009,503551,6,1542,2,7200,1.00389105058
502026,502032,503522,6,1490,2,7200,1.00402684564
502042,502048,503635,6,1587,2,7200,1.00378071834
502123,502129,502134,6,5,1,900,1.1
502126,502136,503614,10,1478,2,7200,1.00676589986
502132,502142,502832,10,690,2,3540,1.01449275362
502142,502149,503777,7,1628,2,7200,1.0042997543
502180,502186,503801,6,1615,2,7200,1.00371517028
502182,502192,503774,10,1582,2,7200,1.00632111252
502198,502204,503924,6,1720,2,7200,1.00348837209
502282,502289,504011,7,1722,2,7200,1.00406504065
502329,502336,503903,7,1567,2,7200,1.00446713465
502361,502367,503880,6,1513,2,7200,1.0039656312
502380,502386,503860,6,1474,2,7200,1.00407055631
502398,502405,520639,7,18234,1,86400,1.00038389821
502424,502430,503987,6,1557,2,7200,1.00385356455
502468,502474,503971,6,1497,2,7200,1.00400801603
502549,502555,504103,6,1548,2,7200,1.00387596899
502599,502605,504176,6,1571,2,7200,1.00381922342
502635,502642,504441,7,1799,2,7200,1.00389105058
502793,502799,504320,6,1521,2,7200,1.00394477318
502794,502806,504390,12,1584,2,7200,1.00757575758
502830,502836,502842,6,6,1,900,1.2
502832,502842,504342,10,1500,2,7200,1.00666666667
502838,502849,503390,11,541,2,3540,1.02033271719
502848,502855,504365,7,1510,2,7200,1.00463576159
502865,502871,504418,6,1547,2,7200,1.00387847447
502882,502888,504429,6,1541,2,7200,1.0038935756
502898,502904,504323,6,1419,2,7200,1.00422832981
502938,502944,504488,6,1544,2,7200,1.00388601036
502966,502972,504621,6,1649,2,7200,1.00363856883
502983,502989,504560,6,1571,2,7200,1.00381922342
502999,503005,504513,6,1508,2,7200,1.00397877984
503059,503065,504693,6,1628,2,7200,1.00368550369
503118,503124,504829,6,1705,2,7200,1.00351906158
503135,503142,504629,7,1487,2,7200,1.00470746469
503136,503148,504641,12,1493,2,7200,1.00803750837
503153,503159,504768,6,1609,2,7200,1.00372902424
503169,503175,504778,6,1603,2,7200,1.00374298191
503210,503217,504683,7,1466,2,7200,1.00477489768
503245,503251,504725,6,1474,2,7200,1.00407055631
503274,503280,504781,6,1501,2,7200,1.00399733511
503389,503395,503400,6,5,1,900,1.1
503392,503401,504947,9,1546,2,7200,1.00582147477
503398,503627,503844,229,217,2,3540,2.05529953917
503523,503529,504987,6,1458,2,7200,1.00411522634
503549,503555,505130,6,1575,2,7200,1.00380952381
503565,503571,505084,6,1513,2,7200,1.0039656312
503615,503621,505138,6,1517,2,7200,1.00395517469
503638,503644,505110,6,1466,2,7200,1.00409276944
503775,503781,505270,6,1489,2,7200,1.00402955003
503791,503797,505407,6,1610,2,7200,1.00372670807
503808,503814,505351,6,1537,2,7200,1.00390370852
503864,503870,505397,6,1527,2,7200,1.00392927308
503876,503894,504261,18,367,2,3540,1.04904632153
503881,503887,505288,6,1401,2,7200,1.00428265525
503906,503913,505435,7,1522,2,7200,1.00459921156
503925,503931,505528,6,1597,2,7200,1.00375704446
503972,503979,505532,7,1553,2,7200,1.00450740502
503989,503995,505523,6,1528,2,7200,1.00392670157
504015,504022,505491,7,1469,2,7200,1.00476514636
504050,504057,569870,7,65813,1,270000,1.00010636196
504105,504111,505705,6,1594,2,7200,1.00376411543
504179,504185,505789,6,1604,2,7200,1.00374064838
504322,504328,505882,6,1554,2,7200,1.00386100386
504338,504345,505873,7,1528,2,7200,1.00458115183
504354,504360,505889,6,1529,2,7200,1.00392413342
504370,504376,505752,6,1376,2,7200,1.00436046512
504393,504399,505802,6,1403,2,7200,1.00427655025
504419,504425,505993,6,1568,2,7200,1.00382653061
504435,504442,505966,7,1524,2,7200,1.00459317585
504452,504458,506041,6,1583,2,7200,1.00379027164
504490,504496,506081,6,1585,2,7200,1.00378548896
504516,504522,506049,6,1527,2,7200,1.00392927308
504561,504567,506250,6,1683,2,7200,1.00356506239
504624,504630,506113,6,1483,2,7200,1.004045853
504641,504647,506276,6,1629,2,7200,1.00368324125
504643,504653,506314,10,1661,2,7200,1.0060204696
504684,504690,506132,6,1442,2,7200,1.00416088766
504700,504705,506367,5,1662,2,7200,1.00300842359
504729,504735,506192,6,1457,2,7200,1.00411805079
504770,504776,506278,6,1502,2,7200,1.00399467377
504786,504792,506339,6,1547,2,7200,1.00387847447
504788,504798,506304,10,1506,2,7200,1.00664010624
504794,504963,504964,169,1,2,3540,17.0
504826,504832,506347,6,1515,2,7200,1.00396039604
504950,504956,506551,6,1595,2,7200,1.00376175549
504991,504997,506502,6,1505,2,7200,1.00398671096
505086,505093,506649,7,1556,2,7200,1.00449871465
505109,505115,506585,6,1470,2,7200,1.00408163265
505132,505138,506686,6,1548,2,7200,1.00387596899
505147,505154,506601,7,1447,2,7200,1.00483759502
505273,505279,506788,6,1509,2,7200,1.00397614314
505292,505298,506803,6,1505,2,7200,1.00398671096
505354,505360,506963,6,1603,2,7200,1.00374298191
505401,505407,506923,6,1516,2,7200,1.00395778364
505417,505424,506976,7,1552,2,7200,1.00451030928
505436,505443,507060,7,1617,2,7200,1.00432900433
505493,505499,507316,6,1817,2,7200,1.0033021464
505525,505531,507081,6,1550,2,7200,1.00387096774
505541,505547,506991,6,1444,2,7200,1.00415512465
505543,505553,507145,10,1592,2,7200,1.00628140704
505706,505712,507357,6,1645,2,7200,1.00364741641
505753,505759,507453,6,1694,2,7200,1.00354191263
505791,505797,507257,6,1460,2,7200,1.00410958904
505807,505813,507416,6,1603,2,7200,1.00374298191
505875,505881,507502,6,1621,2,7200,1.00370141888
505891,505898,507443,7,1545,2,7200,1.00453074434
505893,505905,507367,12,1462,2,7200,1.00820793434
505968,505974,507477,6,1503,2,7200,1.00399201597
505994,506000,507429,6,1429,2,7200,1.00419874038
506043,506050,507590,7,1540,2,7200,1.00454545455
506060,506066,507676,6,1610,2,7200,1.00372670807
506085,506091,507586,6,1495,2,7200,1.00401337793
506117,506123,507659,6,1536,2,7200,1.00390625
506133,506139,507636,6,1497,2,7200,1.00400801603
506195,506201,507686,6,1485,2,7200,1.00404040404
506251,506257,507737,6,1480,2,7200,1.00405405405
506277,506284,507797,7,1513,2,7200,1.00462656973
506279,506291,507793,12,1502,2,7200,1.00798934754
506304,506311,507890,7,1579,2,7200,1.00443318556
506321,506327,507949,6,1622,2,7200,1.00369913687
506340,506347,507949,7,1602,2,7200,1.00436953808
506357,506363,508018,6,1655,2,7200,1.00362537764
506373,506379,507874,6,1495,2,7200,1.00401337793
506504,506510,508034,6,1524,2,7200,1.00393700787
506554,506561,508019,7,1458,2,7200,1.00480109739
506586,506592,508111,6,1519,2,7200,1.00394996708
506605,506611,508234,6,1623,2,7200,1.00369685767
506652,506658,508051,6,1393,2,7200,1.00430725054
506687,506693,508280,6,1587,2,7200,1.00378071834
506790,506796,508281,6,1485,2,7200,1.00404040404
506806,506813,508341,7,1528,2,7200,1.00458115183
506925,506931,508450,6,1519,2,7200,1.00394996708
506965,506972,508472,7,1500,2,7200,1.00466666667
506982,506988,508582,6,1594,2,7200,1.00376411543
506998,507005,508497,7,1492,2,7200,1.00469168901
507061,507067,508652,6,1585,2,7200,1.00378548896
507084,507090,508610,6,1520,2,7200,1.00394736842
507146,507152,508697,6,1545,2,7200,1.00388349515
507260,507266,508956,6,1690,2,7200,1.00355029586
507319,507325,508766,6,1441,2,7200,1.00416377516
507360,507366,508844,6,1478,2,7200,1.00405953992
507376,507382,508901,6,1519,2,7200,1.00394996708
507417,507424,509076,7,1652,2,7200,1.00423728814
507433,507439,508903,6,1464,2,7200,1.00409836066
507450,507456,508884,6,1428,2,7200,1.00420168067
507466,507472,508986,6,1514,2,7200,1.00396301189
507483,507489,509044,6,1555,2,7200,1.0038585209
507506,507512,508979,6,1467,2,7200,1.00408997955
507587,507593,509019,6,1426,2,7200,1.00420757363
507603,507610,509242,7,1632,2,7200,1.00428921569
507638,507645,509311,7,1666,2,7200,1.00420168067
507661,507667,509122,6,1455,2,7200,1.00412371134
507677,507683,509141,6,1458,2,7200,1.00411522634
507693,507699,509245,6,1546,2,7200,1.00388098318
507740,507746,509363,6,1617,2,7200,1.00371057514
507793,507800,509433,7,1633,2,7200,1.0042865891
507809,507816,509409,7,1593,2,7200,1.00439422473
507874,507880,509457,6,1577,2,7200,1.00380469245
507893,507899,509455,6,1556,2,7200,1.00385604113
507952,507959,509605,7,1646,2,7200,1.0042527339
507954,507966,509519,12,1553,2,7200,1.00772698004
508020,508026,509559,6,1533,2,7200,1.00391389432
508021,508033,509653,12,1620,2,7200,1.00740740741
508037,508045,509520,8,1475,2,7200,1.00542372881
508054,508060,509726,6,1666,2,7200,1.00360144058
508113,508119,509526,6,1407,2,7200,1.00426439232
508235,508241,509775,6,1534,2,7200,1.00391134289
508282,508288,509804,6,1516,2,7200,1.00395778364
508283,508294,509980,11,1686,2,7200,1.00652431791
508346,508352,509806,6,1454,2,7200,1.00412654746
508453,508459,509834,6,1375,2,7200,1.00436363636
508475,508481,510105,6,1624,2,7200,1.00369458128
508501,508507,510177,6,1670,2,7200,1.00359281437
508586,508592,510187,6,1595,2,7200,1.00376175549
508594,508600,537003,6,28403,1,86400,1.00021124529
508612,508618,510091,6,1473,2,7200,1.00407331976
508656,508662,510200,6,1538,2,7200,1.00390117035
508700,508706,510275,6,1569,2,7200,1.00382409178
508768,508774,510417,6,1643,2,7200,1.00365185636
508846,508852,510595,6,1743,2,7200,1.00344234079
508887,508894,510254,7,1360,2,7200,1.00514705882
508905,508911,510532,6,1621,2,7200,1.00370141888
508906,508918,510396,12,1478,2,7200,1.00811907984
508959,508965,510737,6,1772,2,7200,1.00338600451
508981,508988,510525,7,1537,2,7200,1.00455432661
508998,509004,510527,6,1523,2,7200,1.00393959291
509020,509026,510861,6,1835,2,7200,1.00326975477
509045,509052,510619,7,1567,2,7200,1.00446713465
509077,509084,510597,7,1513,2,7200,1.00462656973
509125,509131,510675,6,1544,2,7200,1.00388601036
509144,509150,510668,6,1518,2,7200,1.00395256917
509245,509251,510793,6,1542,2,7200,1.00389105058
509247,509258,510936,11,1678,2,7200,1.00655542312
509315,509321,510797,6,1476,2,7200,1.00406504065
509366,509372,510969,6,1597,2,7200,1.00375704446
509413,509419,510984,6,1565,2,7200,1.00383386581
509435,509442,511021,7,1579,2,7200,1.00443318556
509458,509464,510992,6,1528,2,7200,1.00392670157
509460,509471,510913,11,1442,2,7200,1.00762829404
509523,509529,511003,6,1474,2,7200,1.00407055631
509524,509535,511040,11,1505,2,7200,1.0073089701
509540,509547,511027,7,1480,2,7200,1.00472972973
509563,509569,511179,6,1610,2,7200,1.00372670807
509608,509614,511242,6,1628,2,7200,1.00368550369
509655,509661,511104,6,1443,2,7200,1.00415800416
509728,509735,511225,7,1490,2,7200,1.00469798658
509776,509782,511277,6,1495,2,7200,1.00401337793
509805,509811,511426,6,1615,2,7200,1.00371517028
509821,509827,511284,6,1457,2,7200,1.00411805079
509837,509843,511249,6,1406,2,7200,1.00426742532
509984,509990,511473,6,1483,2,7200,1.004045853
510091,510098,511444,7,1346,2,7200,1.00520059435
510108,510114,511592,6,1478,2,7200,1.00405953992
510179,510186,511641,7,1455,2,7200,1.00481099656
510196,510202,511879,6,1677,2,7200,1.00357781753
510213,510220,511706,7,1486,2,7200,1.00471063257
510256,510263,511848,7,1585,2,7200,1.00441640379
510279,510285,511687,6,1402,2,7200,1.00427960057
510397,510404,511943,7,1539,2,7200,1.00454840806
510420,510426,511919,6,1493,2,7200,1.00401875419
510527,510534,512068,7,1534,2,7200,1.00456323338
510529,510542,512004,13,1462,2,7200,1.00889192886
510546,510552,512088,6,1536,2,7200,1.00390625
510597,510603,512102,6,1499,2,7200,1.00400266845
510599,510610,512078,11,1468,2,7200,1.00749318801
510621,510627,512143,6,1516,2,7200,1.00395778364
510671,510678,512259,7,1581,2,7200,1.00442757748
510688,510694,512339,6,1645,2,7200,1.00364741641
510738,510744,512198,6,1454,2,7200,1.00412654746
510794,510800,512373,6,1573,2,7200,1.00381436745
510810,510816,512289,6,1473,2,7200,1.00407331976
510863,510870,512376,7,1506,2,7200,1.00464807437
510916,510923,512452,7,1529,2,7200,1.00457815566
510939,510945,512342,6,1397,2,7200,1.00429491768
510971,510977,512519,6,1542,2,7200,1.00389105058
510987,510993,512473,6,1480,2,7200,1.00405405405
511004,511010,512674,6,1664,2,7200,1.00360576923
511005,511017,512476,12,1459,2,7200,1.00822481151
511025,511032,512503,7,1471,2,7200,1.00475866757
511042,511048,512488,6,1440,2,7200,1.00416666667
511044,511055,512529,11,1474,2,7200,1.00746268657
511106,511113,512665,7,1552,2,7200,1.00451030928
511126,511132,511135,6,3,1,180,1.0
511181,511187,512631,6,1444,2,7200,1.00415512465
511226,511232,512743,6,1511,2,7200,1.00397088021
511245,511252,512844,7,1592,2,7200,1.00439698492
511261,511268,512747,7,1479,2,7200,1.00473292765
511281,511287,512809,6,1522,2,7200,1.00394218134
511298,511304,512739,6,1435,2,7200,1.00418118467
511428,511434,512937,6,1503,2,7200,1.00399201597
511447,511454,513053,7,1599,2,7200,1.00437773609
511476,511482,513141,6,1659,2,7200,1.00361663653
511594,511600,513139,6,1539,2,7200,1.00389863548
511645,511651,513144,6,1493,2,7200,1.00401875419
511689,511695,513202,6,1507,2,7200,1.00398142004
511708,511715,513291,7,1576,2,7200,1.00444162437
511850,511856,513412,6,1556,2,7200,1.00385604113
511882,511894,513537,12,1643,2,7200,1.00730371272
511920,511927,513458,7,1531,2,7200,1.00457217505
511943,511949,513447,6,1498,2,7200,1.00400534045
512005,512011,513545,6,1534,2,7200,1.00391134289
512070,512077,513540,7,1463,2,7200,1.004784689
512087,512093,513654,6,1561,2,7200,1.00384368994
512088,512100,513742,12,1642,2,7200,1.00730816078
512105,512111,513828,6,1717,2,7200,1.00349446709
512146,512152,513655,6,1503,2,7200,1.00399201597
512200,512206,513721,6,1515,2,7200,1.00396039604
512263,512270,513890,7,1620,2,7200,1.00432098765
512291,512297,513932,6,1635,2,7200,1.00366972477
512342,512348,514023,6,1675,2,7200,1.00358208955
512343,512356,513932,13,1576,2,7200,1.00824873096
512375,512382,513831,7,1449,2,7200,1.00483091787
512377,512389,513914,12,1525,2,7200,1.00786885246
512455,512461,514010,6,1549,2,7200,1.00387346675
512477,512484,514020,7,1536,2,7200,1.00455729167
512479,512490,513961,11,1471,2,7200,1.00747790619
512496,512502,514042,6,1540,2,7200,1.0038961039
512512,512518,514161,6,1643,2,7200,1.00365185636
512528,512535,513974,7,1439,2,7200,1.00486448923
512530,512541,513927,11,1386,2,7200,1.00793650794
512632,512638,514221,6,1583,2,7200,1.00379027164
512667,512673,514335,6,1662,2,7200,1.0036101083
512683,512689,514254,6,1565,2,7200,1.00383386581
512742,512748,514183,6,1435,2,7200,1.00418118467
512758,512764,514280,6,1516,2,7200,1.00395778364
512759,512771,514323,12,1552,2,7200,1.00773195876
512809,512816,514422,7,1606,2,7200,1.00435865504
512848,512854,514318,6,1464,2,7200,1.00409836066
512937,512944,514348,7,1404,2,7200,1.00498575499
513056,513062,514727,6,1665,2,7200,1.0036036036
513143,513149,514623,6,1474,2,7200,1.00407055631
513144,513156,514710,12,1554,2,7200,1.00772200772
513161,513167,514696,6,1529,2,7200,1.00392413342
513205,513212,514673,7,1461,2,7200,1.00479123888
513293,513299,514960,6,1661,2,7200,1.00361228176
513416,513423,514951,7,1528,2,7200,1.00458115183
513451,513457,515069,6,1612,2,7200,1.00372208437
513467,513473,515105,6,1632,2,7200,1.00367647059
513540,513546,515083,6,1537,2,7200,1.00390370852
513541,513552,515165,11,1613,2,7200,1.00681959082
513558,513564,515159,6,1595,2,7200,1.00376175549
513658,513664,515226,6,1562,2,7200,1.00384122919
513659,513671,515146,12,1475,2,7200,1.00813559322
513723,513729,515379,6,1650,2,7200,1.00363636364
513742,513748,515312,6,1564,2,7200,1.00383631714
513830,513836,515296,6,1460,2,7200,1.00410958904
513831,513842,515497,11,1655,2,7200,1.00664652568
513892,513898,515431,6,1533,2,7200,1.00391389432
513918,513924,515503,6,1579,2,7200,1.00379987334
513934,513941,515464,7,1523,2,7200,1.00459619173
513936,513948,515575,12,1627,2,7200,1.0073755378
513938,513953,515371,15,1418,2,7200,1.01057827927
513963,513970,515562,7,1592,2,7200,1.00439698492
513980,513986,515586,6,1600,2,7200,1.00375
514012,514018,515701,6,1683,2,7200,1.00356506239
514029,514035,515542,6,1507,2,7200,1.00398142004
514030,514041,515558,11,1517,2,7200,1.00725115359
514047,514053,515759,6,1706,2,7200,1.00351699883
514165,514171,515769,6,1598,2,7200,1.00375469337
514184,514190,515690,6,1500,2,7200,1.004
514222,514228,515785,6,1557,2,7200,1.00385356455
514256,514262,515734,6,1472,2,7200,1.00407608696
514282,514288,515865,6,1577,2,7200,1.00380469245
514319,514326,516035,7,1709,2,7200,1.00409596255
514335,514342,515935,7,1593,2,7200,1.00439422473
514337,514349,516021,12,1672,2,7200,1.00717703349
514353,514359,515917,6,1558,2,7200,1.00385109114
514424,514431,515893,7,1462,2,7200,1.0047879617
514622,514628,516150,6,1522,2,7200,1.00394218134
514675,514682,516219,7,1537,2,7200,1.00455432661
514698,514704,516259,6,1555,2,7200,1.0038585209
514714,514720,516218,6,1498,2,7200,1.00400534045
514731,514737,516129,6,1392,2,7200,1.00431034483
514954,514960,516544,6,1584,2,7200,1.00378787879
514970,514976,516444,6,1468,2,7200,1.00408719346
515073,515079,516724,6,1645,2,7200,1.00364741641
515089,515095,516608,6,1513,2,7200,1.0039656312
515109,515115,516685,6,1570,2,7200,1.00382165605
515150,515156,516698,6,1542,2,7200,1.00389105058
515166,515172,516688,6,1516,2,7200,1.00395778364
515168,515179,516860,11,1681,2,7200,1.00654372397
515230,515236,516828,6,1592,2,7200,1.00376884422
515298,515304,516857,6,1553,2,7200,1.00386349002
515314,515321,516935,7,1614,2,7200,1.00433705081
515371,515377,516863,6,1486,2,7200,1.00403768506
515387,515393,517073,6,1680,2,7200,1.00357142857
515435,515441,516884,6,1443,2,7200,1.00415800416
515466,515472,517049,6,1577,2,7200,1.00380469245
515498,515504,516975,6,1471,2,7200,1.00407885792
515514,515520,516974,6,1454,2,7200,1.00412654746
515543,515549,517185,6,1636,2,7200,1.00366748166
515559,515566,517099,7,1533,2,7200,1.00456621005
515576,515582,517036,6,1454,2,7200,1.00412654746
515578,515589,517149,11,1560,2,7200,1.00705128205
515594,515600,517214,6,1614,2,7200,1.00371747212
515694,515700,517183,6,1483,2,7200,1.004045853
515710,515716,517213,6,1497,2,7200,1.00400801603
515738,515745,517262,7,1517,2,7200,1.00461437047
515761,515767,517310,6,1543,2,7200,1.00388852884
515777,515783,517277,6,1494,2,7200,1.00401606426
515793,515799,517553,6,1754,2,7200,1.00342075257
515868,515875,517478,7,1603,2,7200,1.00436681223
515872,515882,515883,10,1,2,3540,1.1
515897,515903,517453,6,1550,2,7200,1.00387096774
515919,515926,517471,7,1545,2,7200,1.00453074434
515939,515945,517455,6,1510,2,7200,1.00397350993
516024,516030,517529,6,1499,2,7200,1.00400266845
516040,516046,517536,6,1490,2,7200,1.00402684564
516130,516136,517618,6,1482,2,7200,1.004048583
516153,516159,517762,6,1603,2,7200,1.00374298191
516222,516229,517782,7,1553,2,7200,1.00450740502
516224,516235,517822,11,1587,2,7200,1.00693131695
516262,516268,517976,6,1708,2,7200,1.00351288056
516445,516451,518019,6,1568,2,7200,1.00382653061
516547,516553,518364,6,1811,2,7200,1.00331308669
516610,516616,518110,6,1494,2,7200,1.00401606426
516689,516696,518277,7,1581,2,7200,1.00442757748
516690,516703,518278,13,1575,2,7200,1.00825396825
516707,516713,518368,6,1655,2,7200,1.00362537764
516726,516732,518242,6,1510,2,7200,1.00397350993
516829,516835,518291,6,1456,2,7200,1.00412087912
516860,516866,518410,6,1544,2,7200,1.00388601036
516862,516873,518472,11,1599,2,7200,1.00687929956
516878,516884,518439,6,1555,2,7200,1.0038585209
516894,516900,518489,6,1589,2,7200,1.00377595972
516938,516944,518555,6,1611,2,7200,1.00372439479
516976,516982,518572,6,1590,2,7200,1.00377358491
516978,516988,518532,10,1544,2,7200,1.00647668394
517037,517043,518560,6,1517,2,7200,1.00395517469
517054,517060,518692,6,1632,2,7200,1.00367647059
517076,517082,518508,6,1426,2,7200,1.00420757363
517101,517107,518803,6,1696,2,7200,1.00353773585
517152,517158,518688,6,1530,2,7200,1.00392156863
517185,517191,518728,6,1537,2,7200,1.00390370852
517186,517198,518766,12,1568,2,7200,1.00765306122
517215,517222,518749,7,1527,2,7200,1.00458415193
517217,517228,518757,11,1529,2,7200,1.0071942446
517264,517270,518636,6,1366,2,7200,1.00439238653
517281,517287,518768,6,1481,2,7200,1.00405131668
517312,517318,518802,6,1484,2,7200,1.00404312668
517456,517462,518998,6,1536,2,7200,1.00390625
517457,517468,518996,11,1528,2,7200,1.00719895288
517473,517480,519005,7,1525,2,7200,1.00459016393
517489,517496,519043,7,1547,2,7200,1.00452488688
517533,517539,518961,6,1422,2,7200,1.00421940928
517550,517556,519294,6,1738,2,7200,1.00345224396
517566,517572,519104,6,1532,2,7200,1.00391644909
517617,517623,519091,6,1468,2,7200,1.00408719346
517762,517768,519434,6,1666,2,7200,1.00360144058
517784,517790,519229,6,1439,2,7200,1.0041695622
517825,517831,519292,6,1461,2,7200,1.00410677618
517976,517983,519551,7,1568,2,7200,1.00446428571
518023,518029,519535,6,1506,2,7200,1.00398406375
518113,518120,519603,7,1483,2,7200,1.00472016183
518245,518252,519820,7,1568,2,7200,1.00446428571
518280,518286,519817,6,1531,2,7200,1.00391900718
518282,518292,519899,10,1607,2,7200,1.00622277536
518298,518304,519973,6,1669,2,7200,1.00359496705
518366,518372,520031,6,1659,2,7200,1.00361663653
518381,518388,519940,7,1552,2,7200,1.00451030928
518413,518420,519946,7,1526,2,7200,1.00458715596
518442,518448,519921,6,1473,2,7200,1.00407331976
518474,518480,520038,6,1558,2,7200,1.00385109114
518494,518500,520136,6,1636,2,7200,1.00366748166
518510,518516,520146,6,1630,2,7200,1.0036809816
518535,518541,520076,6,1535,2,7200,1.00390879479
518557,518563,520266,6,1703,2,7200,1.00352319436
518574,518580,520165,6,1585,2,7200,1.00378548896
518575,518587,520007,12,1420,2,7200,1.00845070423
518638,518644,520090,6,1446,2,7200,1.00414937759
518692,518698,520297,6,1599,2,7200,1.00375234522
518693,518706,520240,13,1534,2,7200,1.00847457627
518731,518737,520231,6,1494,2,7200,1.00401606426
518751,518757,520345,6,1588,2,7200,1.00377833753
518768,518774,520341,6,1567,2,7200,1.00382897256
518769,518781,520381,12,1600,2,7200,1.0075
518771,518787,520292,16,1505,2,7200,1.01063122924
518805,518811,520483,6,1672,2,7200,1.00358851675
518807,518818,520451,11,1633,2,7200,1.00673606859
518962,518968,520477,6,1509,2,7200,1.00397614314
518997,519003,520494,6,1491,2,7200,1.00402414487
519013,519019,520513,6,1494,2,7200,1.00401606426
519014,519025,520634,11,1609,2,7200,1.00683654444
519046,519052,520676,6,1624,2,7200,1.00369458128
519093,519099,520566,6,1467,2,7200,1.00408997955
519109,519115,520728,6,1613,2,7200,1.00371977681
519230,519236,520558,6,1322,2,7200,1.00453857791
519295,519301,520886,6,1585,2,7200,1.00378548896
519296,519308,520848,12,1540,2,7200,1.00779220779
519437,519443,521007,6,1564,2,7200,1.00383631714
519536,519543,521221,7,1678,2,7200,1.0041716329
519553,519559,520976,6,1417,2,7200,1.00423429781
519607,519613,521194,6,1581,2,7200,1.00379506641
519821,519827,521420,6,1593,2,7200,1.00376647834
519822,519833,521305,11,1472,2,7200,1.00747282609
519900,519906,521423,6,1517,2,7200,1.00395517469
519922,519929,521535,7,1606,2,7200,1.00435865504
519942,519948,521441,6,1493,2,7200,1.00401875419
519958,519964,521436,6,1472,2,7200,1.00407608696
519978,519984,521621,6,1637,2,7200,1.0036652413
520010,520016,521561,6,1545,2,7200,1.00388349515
520032,520038,521489,6,1451,2,7200,1.00413507926
520048,520054,521568,6,1514,2,7200,1.00396301189
520080,520086,522364,6,2278,2,7200,1.00263388938
520096,520102,521632,6,1530,2,7200,1.00392156863
520137,520143,521515,6,1372,2,7200,1.00437317784
520153,520160,521905,7,1745,2,7200,1.00401146132
520170,520176,521798,6,1622,2,7200,1.00369913687
520233,520239,521597,6,1358,2,7200,1.00441826215
520249,520255,521715,6,1460,2,7200,1.00410958904
520269,520275,521818,6,1543,2,7200,1.00388852884
520294,520301,521726,7,1425,2,7200,1.0049122807
520311,520317,521836,6,1519,2,7200,1.00394996708
520343,520350,521774,7,1424,2,7200,1.00491573034
520359,520365,521823,6,1458,2,7200,1.00411522634
520385,520391,521926,6,1535,2,7200,1.00390879479
520453,520459,521986,6,1527,2,7200,1.00392927308
520478,520485,521997,7,1512,2,7200,1.00462962963
520495,520501,522098,6,1597,2,7200,1.00375704446
520497,520508,522186,11,1678,2,7200,1.00655542312
520516,520522,521966,6,1444,2,7200,1.00415512465
520560,520566,522155,6,1589,2,7200,1.00377595972
520577,520583,521878,6,1295,2,7200,1.00463320463
520636,520642,522079,6,1437,2,7200,1.00417536534
520680,520686,522314,6,1628,2,7200,1.00368550369
520731,520737,522200,6,1463,2,7200,1.004101162
520851,520858,522484,7,1626,2,7200,1.00430504305
520889,520895,522440,6,1545,2,7200,1.00388349515
520978,520984,522467,6,1483,2,7200,1.004045853
521010,521016,522599,6,1583,2,7200,1.00379027164
521197,521203,522853,6,1650,2,7200,1.00363636364
521226,521232,522778,6,1546,2,7200,1.00388098318
521306,521313,522910,7,1597,2,7200,1.00438321853
521420,521426,522874,6,1448,2,7200,1.00414364641
521437,521443,522813,6,1370,2,7200,1.00437956204
521438,521450,523149,12,1699,2,7200,1.00706297822
521455,521461,522985,6,1524,2,7200,1.00393700787
521489,521496,523023,7,1527,2,7200,1.00458415193
521518,521524,523112,6,1588,2,7200,1.00377833753
521537,521544,523060,7,1516,2,7200,1.00461741425
521563,521569,523092,6,1523,2,7200,1.00393959291
521579,521585,523124,6,1539,2,7200,1.00389863548
521599,521605,523199,6,1594,2,7200,1.00376411543
521625,521631,523299,6,1668,2,7200,1.0035971223
521641,521647,523174,6,1527,2,7200,1.00392927308
521716,521723,523165,7,1442,2,7200,1.00485436893
521733,521739,523298,6,1559,2,7200,1.00384862091
521777,521783,523270,6,1487,2,7200,1.00403496974
521800,521806,523458,6,1652,2,7200,1.00363196126
521819,521826,523475,7,1649,2,7200,1.00424499697
521835,521842,523480,7,1638,2,7200,1.00427350427
521852,521858,523443,6,1585,2,7200,1.00378548896
521881,521887,523458,6,1571,2,7200,1.00381922342
521909,521917,523457,8,1540,2,7200,1.00519480519
521929,521935,523488,6,1553,2,7200,1.00386349002
521970,521976,523472,6,1496,2,7200,1.00401069519
521989,521995,523528,6,1533,2,7200,1.00391389432
522006,522012,523567,6,1555,2,7200,1.0038585209
522081,522088,523635,7,1547,2,7200,1.00452488688
522101,522107,523573,6,1466,2,7200,1.00409276944
522157,522163,523760,6,1597,2,7200,1.00375704446
522189,522195,523706,6,1511,2,7200,1.00397088021
522205,522211,523847,6,1636,2,7200,1.00366748166
522316,522322,523932,6,1610,2,7200,1.00372670807
522366,522372,523958,6,1586,2,7200,1.00378310214
522441,522447,523956,6,1509,2,7200,1.00397614314
522467,522473,524174,6,1701,2,7200,1.00352733686
522487,522493,524030,6,1537,2,7200,1.00390370852
522601,522607,524212,6,1605,2,7200,1.00373831776
522780,522786,524240,6,1454,2,7200,1.00412654746
522815,522821,524299,6,1478,2,7200,1.00405953992
522856,522862,524370,6,1508,2,7200,1.00397877984
522876,522882,524439,6,1557,2,7200,1.00385356455
522914,522920,524422,6,1502,2,7200,1.00399467377
522985,522991,524490,6,1499,2,7200,1.00400266845
523026,523032,524547,6,1515,2,7200,1.00396039604
523063,523070,524649,7,1579,2,7200,1.00443318556
523095,523101,524684,6,1583,2,7200,1.00379027164
523112,523118,524568,6,1450,2,7200,1.00413793103
523128,523134,524635,6,1501,2,7200,1.00399733511
523151,523157,524688,6,1531,2,7200,1.00391900718
523167,523173,524865,6,1692,2,7200,1.00354609929
523184,523190,524698,6,1508,2,7200,1.00397877984
523200,523206,524923,6,1717,2,7200,1.00349446709
523273,523279,524977,6,1698,2,7200,1.0035335689
523302,523308,524927,6,1619,2,7200,1.00370599135
523303,523314,524777,11,1463,2,7200,1.00751879699
523445,523451,525010,6,1559,2,7200,1.00384862091
523462,523468,525015,6,1547,2,7200,1.00387847447
523464,523475,525122,11,1647,2,7200,1.00667880996
523465,523480,525034,15,1554,2,7200,1.00965250965
523483,523492,525060,9,1568,2,7200,1.00573979592
523484,523498,525054,14,1556,2,7200,1.00899742931
523491,523505,525112,14,1607,2,7200,1.0087118855
523508,523514,524973,6,1459,2,7200,1.00411240576
523531,523537,525064,6,1527,2,7200,1.00392927308
523569,523575,525124,6,1549,2,7200,1.00387346675
523586,523592,525095,6,1503,2,7200,1.00399201597
523636,523642,525145,6,1503,2,7200,1.00399201597
523708,523714,525280,6,1566,2,7200,1.00383141762
523762,523768,525258,6,1490,2,7200,1.00402684564
523851,523857,525340,6,1483,2,7200,1.004045853
523935,523942,525459,7,1517,2,7200,1.00461437047
523959,523965,525563,6,1598,2,7200,1.00375469337
523960,523971,525399,11,1428,2,7200,1.00770308123
524032,524039,525301,7,1262,2,7200,1.00554675119
524176,524182,525692,6,1510,2,7200,1.00397350993
524214,524220,525843,6,1623,2,7200,1.00369685767
524240,524246,525833,6,1587,2,7200,1.00378071834
524303,524309,525818,6,1509,2,7200,1.00397614314
524372,524378,525908,6,1530,2,7200,1.00392156863
524426,524433,526054,7,1621,2,7200,1.00431832202
524443,524449,525895,6,1446,2,7200,1.00414937759
524493,524499,526142,6,1643,2,7200,1.00365185636
524549,524555,526110,6,1555,2,7200,1.0038585209
524572,524578,526071,6,1493,2,7200,1.00401875419
524638,524645,526256,7,1611,2,7200,1.00434512725
524655,524661,526366,6,1705,2,7200,1.00351906158
524688,524694,526291,6,1597,2,7200,1.00375704446
524689,524701,526324,12,1623,2,7200,1.00739371534
524706,524712,526271,6,1559,2,7200,1.00384862091
524779,524785,526409,6,1624,2,7200,1.00369458128
524869,524875,526357,6,1482,2,7200,1.004048583
524925,524931,526500,6,1569,2,7200,1.00382409178
524941,524947,526471,6,1524,2,7200,1.00393700787
524973,524979,526425,6,1446,2,7200,1.00414937759
524990,524996,526436,6,1440,2,7200,1.00416666667
525013,525019,526580,6,1561,2,7200,1.00384368994
525029,525036,526654,7,1618,2,7200,1.0043263288
525046,525052,526578,6,1526,2,7200,1.00393184797
525063,525069,526579,6,1510,2,7200,1.00397350993
525064,525075,526696,11,1621,2,7200,1.00678593461
525081,525087,526653,6,1566,2,7200,1.00383141762
525098,525104,526617,6,1513,2,7200,1.0039656312
525114,525120,526728,6,1608,2,7200,1.00373134328
525131,525137,526712,6,1575,2,7200,1.00380952381
525132,525144,526566,12,1422,2,7200,1.00843881857
525149,525155,526625,6,1470,2,7200,1.00408163265
525262,525268,526866,6,1598,2,7200,1.00375469337
525282,525288,526827,6,1539,2,7200,1.00389863548
525302,525308,526840,6,1532,2,7200,1.00391644909
525343,525349,526865,6,1516,2,7200,1.00395778364
525403,525409,527094,6,1685,2,7200,1.00356083086
525462,525468,526939,6,1471,2,7200,1.00407885792
525567,525573,527263,6,1690,2,7200,1.00355029586
525694,525700,527118,6,1418,2,7200,1.00423131171
525821,525827,527345,6,1518,2,7200,1.00395256917
525837,525844,527379,7,1535,2,7200,1.00456026059
525854,525860,527494,6,1634,2,7200,1.00367197062
525898,525904,527439,6,1535,2,7200,1.00390879479
525915,525921,527514,6,1593,2,7200,1.00376647834
526057,526063,527493,6,1430,2,7200,1.0041958042
526073,526080,527579,7,1499,2,7200,1.00466977985
526112,526118,527573,6,1455,2,7200,1.00412371134
526144,526150,527639,6,1489,2,7200,1.00402955003
526255,526261,527896,6,1635,2,7200,1.00366972477
526272,526279,527842,7,1563,2,7200,1.00447856686
526292,526298,527815,6,1517,2,7200,1.00395517469
526327,526333,527760,6,1427,2,7200,1.00420462509
526359,526366,527937,7,1571,2,7200,1.00445576066
526376,526382,527948,6,1566,2,7200,1.00383141762
526411,526417,527950,6,1533,2,7200,1.00391389432
526427,526434,528008,7,1574,2,7200,1.00444726811
526444,526450,527915,6,1465,2,7200,1.00409556314
526473,526479,528022,6,1543,2,7200,1.00388852884
526505,526511,527994,6,1483,2,7200,1.004045853
526571,526577,528113,6,1536,2,7200,1.00390625
526588,526594,528229,6,1635,2,7200,1.00366972477
526589,526600,528221,11,1621,2,7200,1.00678593461
526591,526605,528230,14,1625,2,7200,1.00861538462
526620,526626,528166,6,1540,2,7200,1.0038961039
526636,526642,528089,6,1447,2,7200,1.00414651002
526656,526662,528211,6,1549,2,7200,1.00387346675
526657,526674,526676,17,2,2,3540,1.9
526658,526669,528317,11,1648,2,7200,1.00667475728
526699,526705,528279,6,1574,2,7200,1.00381194409
526716,526722,528271,6,1549,2,7200,1.00387346675
526732,526739,528196,7,1457,2,7200,1.00480439259
526830,526836,528469,6,1633,2,7200,1.00367421923
526846,526853,528405,7,1552,2,7200,1.00451030928
526870,526876,528549,6,1673,2,7200,1.00358637179
526871,526882,528555,11,1673,2,7200,1.00657501494
526940,526946,528536,6,1590,2,7200,1.00377358491
527098,527104,528594,6,1490,2,7200,1.00402684564
527121,527127,528551,6,1424,2,7200,1.00421348315
527266,527272,528750,6,1478,2,7200,1.00405953992
527348,527354,529053,6,1699,2,7200,1.00353148911
527382,527388,529035,6,1647,2,7200,1.00364298725
527442,527449,529134,7,1685,2,7200,1.00415430267
527493,527499,529109,6,1610,2,7200,1.00372670807
527509,527515,529148,6,1633,2,7200,1.00367421923
527526,527532,529135,6,1603,2,7200,1.00374298191
527573,527579,529222,6,1643,2,7200,1.00365185636
527590,527596,529090,6,1494,2,7200,1.00401606426
527643,527649,529181,6,1532,2,7200,1.00391644909
527688,527694,527868,6,174,1,3600,1.03448275862
527763,527770,529356,7,1586,2,7200,1.00441361917
527817,527824,529276,7,1452,2,7200,1.00482093664
527846,527852,529316,6,1464,2,7200,1.00409836066
527900,527906,529467,6,1561,2,7200,1.00384368994
527920,527927,529304,7,1377,2,7200,1.00508351489
527939,527946,529580,7,1634,2,7200,1.00428396573
527956,527962,529532,6,1570,2,7200,1.00382165605
527957,527969,529572,12,1603,2,7200,1.00748596382
527996,528002,529651,6,1649,2,7200,1.00363856883
528013,528019,529460,6,1441,2,7200,1.00416377516
528030,528036,529508,6,1472,2,7200,1.00407608696
528044,528050,528401,6,351,1,3600,1.01709401709
528089,528097,529524,8,1427,2,7200,1.00560616678
528115,528121,529604,6,1483,2,7200,1.004045853
528169,528175,529738,6,1563,2,7200,1.00383877159
528197,528204,529814,7,1610,2,7200,1.00434782609
528214,528220,530010,6,1790,2,7200,1.00335195531
528231,528237,529648,6,1411,2,7200,1.00425230333
528233,528244,529726,11,1482,2,7200,1.00742240216
528234,528249,529786,15,1537,2,7200,1.00975927131
528276,528282,529861,6,1579,2,7200,1.00379987334
528292,528298,529776,6,1478,2,7200,1.00405953992
528321,528327,529837,6,1510,2,7200,1.00397350993
528408,528414,529954,6,1540,2,7200,1.0038961039
528471,528477,530207,6,1730,2,7200,1.00346820809
528540,528546,530123,6,1577,2,7200,1.00380469245
528557,528563,530076,6,1513,2,7200,1.0039656312
528559,528570,529999,11,1429,2,7200,1.00769769069
528560,528576,530117,16,1541,2,7200,1.01038286827
528595,528602,530750,7,2148,2,7200,1.00325884544
528752,528758,530223,6,1465,2,7200,1.00409556314
528764,528770,529533,6,763,1,3600,1.00786369594
529037,529043,530596,6,1553,2,7200,1.00386349002
529057,529063,530629,6,1566,2,7200,1.00383141762
529092,529098,530551,6,1453,2,7200,1.00412938747
529112,529118,530626,6,1508,2,7200,1.00397877984
529135,529141,530609,6,1468,2,7200,1.00408719346
529137,529149,530620,12,1471,2,7200,1.00815771584
529154,529160,530654,6,1494,2,7200,1.00401606426
529186,529192,530705,6,1513,2,7200,1.0039656312
529224,529230,530799,6,1569,2,7200,1.00382409178
529278,529284,530788,6,1504,2,7200,1.0039893617
529307,529313,530960,6,1647,2,7200,1.00364298725
529323,529329,530864,6,1535,2,7200,1.00390879479
529359,529365,530793,6,1428,2,7200,1.00420168067
529461,529468,531303,7,1835,2,7200,1.0038147139
529478,529484,531079,6,1595,2,7200,1.00376175549
529510,529516,531001,6,1485,2,7200,1.00404040404
529527,529533,530994,6,1461,2,7200,1.00410677618
529543,529549,531044,6,1495,2,7200,1.00401337793
529575,529582,531171,7,1589,2,7200,1.00440528634
529592,529598,531161,6,1563,2,7200,1.00383877159
529608,529614,531329,6,1715,2,7200,1.00349854227
529649,529655,531095,6,1440,2,7200,1.00416666667
529665,529672,531256,7,1584,2,7200,1.00441919192
529722,529728,531401,6,1673,2,7200,1.00358637179
529741,529748,531315,7,1567,2,7200,1.00446713465
529779,529786,531266,7,1480,2,7200,1.00472972973
529796,529802,531244,6,1442,2,7200,1.00416088766
529816,529822,531393,6,1571,2,7200,1.00381922342
529839,529845,531493,6,1648,2,7200,1.0036407767
529865,529871,531476,6,1605,2,7200,1.00373831776
529955,529962,531418,7,1456,2,7200,1.00480769231
530000,530006,531687,6,1681,2,7200,1.00356930399
530001,530012,531491,11,1479,2,7200,1.00743745774
530080,530086,531585,6,1499,2,7200,1.00400266845
530118,530125,531690,7,1565,2,7200,1.00447284345
530135,530141,531680,6,1539,2,7200,1.00389863548
530210,530216,531701,6,1485,2,7200,1.00404040404
530226,530233,531830,7,1597,2,7200,1.00438321853
530554,530560,532106,6,1546,2,7200,1.00388098318
530598,530604,532142,6,1538,2,7200,1.00390117035
530615,530621,532178,6,1557,2,7200,1.00385356455
530632,530638,532118,6,1480,2,7200,1.00405405405
530633,530644,532207,11,1563,2,7200,1.00703774792
530635,530650,532256,15,1606,2,7200,1.00933997509
530657,530663,532259,6,1596,2,7200,1.0037593985
530708,530714,532206,6,1492,2,7200,1.00402144772
530752,530758,532180,6,1422,2,7200,1.00421940928
530766,530773,530889,7,116,1,3600,1.06034482759
530790,530796,532220,6,1424,2,7200,1.00421348315
530807,530813,532262,6,1449,2,7200,1.00414078675
530808,530819,532310,11,1491,2,7200,1.00737759893
530865,530871,532400,6,1529,2,7200,1.00392413342
530963,530969,532488,6,1519,2,7200,1.00394996708
530998,531004,532550,6,1546,2,7200,1.00388098318
531015,531021,532547,6,1526,2,7200,1.00393184797
531046,531052,532677,6,1625,2,7200,1.00369230769
531064,531070,531385,6,315,1,3600,1.01904761905
531082,531088,532687,6,1599,2,7200,1.00375234522
531098,531104,532714,6,1610,2,7200,1.00372670807
531164,531170,532700,6,1530,2,7200,1.00392156863
531180,531186,532758,6,1572,2,7200,1.00381679389
531248,531254,532814,6,1560,2,7200,1.00384615385
531265,531271,532751,6,1480,2,7200,1.00405405405
531281,531287,532847,6,1560,2,7200,1.00384615385
531287,531294,531467,7,173,1,3600,1.04046242775
531304,531310,532932,6,1622,2,7200,1.00369913687
531320,531326,532873,6,1547,2,7200,1.00387847447
531337,531343,533003,6,1660,2,7200,1.00361445783
531394,531400,532884,6,1484,2,7200,1.00404312668
531410,531416,532996,6,1580,2,7200,1.00379746835
531427,531433,532965,6,1532,2,7200,1.00391644909
531477,531483,533122,6,1639,2,7200,1.00366076876
531494,531500,533043,6,1543,2,7200,1.00388852884
531495,531507,533099,12,1592,2,7200,1.00753768844
531588,531594,533095,6,1501,2,7200,1.00399733511
531642,531648,532000,6,352,1,3600,1.01704545455
531684,531690,533211,6,1521,2,7200,1.00394477318
531700,531706,533169,6,1463,2,7200,1.004101162
531702,531714,533301,12,1587,2,7200,1.00756143667
531703,531719,533214,16,1495,2,7200,1.01070234114
531833,531839,533377,6,1538,2,7200,1.00390117035
531864,531870,532476,6,606,1,3600,1.0099009901
532109,532115,533627,6,1512,2,7200,1.00396825397
532126,532132,533735,6,1603,2,7200,1.00374298191
532142,532148,533620,6,1472,2,7200,1.00407608696
532180,532186,533797,6,1611,2,7200,1.00372439479
532181,532193,533723,12,1530,2,7200,1.00784313725
532210,532216,533746,6,1530,2,7200,1.00392156863
532212,532223,533753,11,1530,2,7200,1.00718954248
532228,532235,533814,7,1579,2,7200,1.00443318556
532257,532263,533845,6,1582,2,7200,1.00379266751
532273,532280,533954,7,1674,2,7200,1.00418160096
532275,532286,533860,11,1574,2,7200,1.00698856417
532313,532320,533884,7,1564,2,7200,1.00447570332
532360,532366,533143,6,777,1,3600,1.00772200772
532404,532411,533870,7,1459,2,7200,1.00479780672
532491,532497,534083,6,1586,2,7200,1.00378310214
532548,532554,534092,6,1538,2,7200,1.00390117035
532564,532570,534059,6,1489,2,7200,1.00402955003
532678,532684,534177,6,1493,2,7200,1.00401875419
532695,532701,534206,6,1505,2,7200,1.00398671096
532711,532717,534232,6,1515,2,7200,1.00396039604
532727,532734,534159,7,1425,2,7200,1.0049122807
532750,532756,534270,6,1514,2,7200,1.00396301189
532766,532773,534369,7,1596,2,7200,1.00438596491
532814,532821,534302,7,1481,2,7200,1.00472653612
532849,532856,534407,7,1551,2,7200,1.00451321728
532875,532882,534396,7,1514,2,7200,1.00462351387
532892,532898,534481,6,1583,2,7200,1.00379027164
532936,532942,534488,6,1546,2,7200,1.00388098318
532968,532974,535032,6,2058,2,7200,1.0029154519
532997,533004,534526,7,1522,2,7200,1.00459921156
533014,533020,534706,6,1686,2,7200,1.00355871886
533043,533049,534713,6,1664,2,7200,1.00360576923
533096,533102,534587,6,1485,2,7200,1.00404040404
533098,533108,534708,10,1600,2,7200,1.00625
533124,533130,534616,6,1486,2,7200,1.00403768506
533171,533178,534653,7,1475,2,7200,1.00474576271
533213,533219,534797,6,1578,2,7200,1.00380228137
533215,533226,534676,11,1450,2,7200,1.0075862069
533303,533310,534796,7,1486,2,7200,1.00471063257
533379,533385,534979,6,1594,2,7200,1.00376411543
533623,533630,535177,7,1547,2,7200,1.00452488688
533640,533646,535275,6,1629,2,7200,1.00368324125
533725,533731,535194,6,1463,2,7200,1.004101162
533741,533748,535263,7,1515,2,7200,1.00462046205
533758,533764,535381,6,1617,2,7200,1.00371057514
533760,533770,535185,10,1415,2,7200,1.00706713781
533801,533807,535321,6,1514,2,7200,1.00396301189
533817,533823,535303,6,1480,2,7200,1.00405405405
533846,533852,535423,6,1571,2,7200,1.00381922342
533863,533869,535351,6,1482,2,7200,1.004048583
533879,533885,535451,6,1566,2,7200,1.00383141762
533896,533902,535477,6,1575,2,7200,1.00380952381
533955,533961,535643,6,1682,2,7200,1.00356718193
534061,534067,535549,6,1482,2,7200,1.004048583
534084,534090,535646,6,1556,2,7200,1.00385604113
534101,534107,535779,6,1672,2,7200,1.00358851675
534163,534169,535839,6,1670,2,7200,1.00359281437
534180,534186,535891,6,1705,2,7200,1.00351906158
534208,534214,535700,6,1486,2,7200,1.00403768506
534234,534240,535840,6,1600,2,7200,1.00375
534272,534278,535871,6,1593,2,7200,1.00376647834
534303,534309,535979,6,1670,2,7200,1.00359281437
534373,534379,535924,6,1545,2,7200,1.00388349515
534397,534404,535704,7,1300,2,7200,1.00538461538
534414,534420,535945,6,1525,2,7200,1.00393442623
534421,534427,534541,6,114,1,3600,1.05263157895
534483,534489,536017,6,1528,2,7200,1.00392670157
534499,534506,536034,7,1528,2,7200,1.00458115183
534528,534535,536026,7,1491,2,7200,1.00469483568
534588,534595,536179,7,1584,2,7200,1.00441919192
534617,534623,536052,6,1429,2,7200,1.00419874038
534656,534662,536167,6,1505,2,7200,1.00398671096
534678,534685,536183,7,1498,2,7200,1.0046728972
534707,534713,536255,6,1542,2,7200,1.00389105058
534716,534723,535044,7,321,1,3600,1.02180685358
534724,534730,536196,6,1466,2,7200,1.00409276944
534725,534736,536260,11,1524,2,7200,1.00721784777
534800,534806,536410,6,1604,2,7200,1.00374064838
534802,534814,536444,12,1630,2,7200,1.00736196319
534958,534965,535083,7,118,1,1800,1.0593220339
534980,534986,536615,6,1629,2,7200,1.00368324125
535034,535040,536753,6,1713,2,7200,1.00350262697
535180,535187,536701,7,1514,2,7200,1.00462351387
535197,535203,537072,6,1869,2,7200,1.00321027287
535199,535210,536800,11,1590,2,7200,1.00691823899
535265,535271,536760,6,1489,2,7200,1.00402955003
535281,535288,536850,7,1562,2,7200,1.00448143406
535304,535310,536868,6,1558,2,7200,1.00385109114
535323,535330,536857,7,1527,2,7200,1.00458415193
535353,535359,536877,6,1518,2,7200,1.00395256917
535377,535383,535489,6,106,1,1800,1.05660377358
535382,535389,536952,7,1563,2,7200,1.00447856686
535426,535432,536923,6,1491,2,7200,1.00402414487
535455,535461,536917,6,1456,2,7200,1.00412087912
535477,535484,536874,7,1390,2,7200,1.00503597122
535490,535496,536083,6,587,1,3600,1.01022146508
535553,535559,537100,6,1541,2,7200,1.0038935756
535643,535650,537315,7,1665,2,7200,1.0042042042
535659,535665,537083,6,1418,2,7200,1.00423131171
535703,535709,537401,6,1692,2,7200,1.00354609929
535705,535716,537340,11,1624,2,7200,1.00677339901
535780,535786,537364,6,1578,2,7200,1.00380228137
535841,535847,537449,6,1602,2,7200,1.00374531835
535842,535853,537402,11,1549,2,7200,1.00710135571
535871,535878,537457,7,1579,2,7200,1.00443318556
535895,535901,537241,6,1340,2,7200,1.00447761194
535926,535933,537250,7,1317,2,7200,1.0053151101
535946,535953,537652,7,1699,2,7200,1.00412007063
535981,535988,537487,7,1499,2,7200,1.00466977985
536020,536026,537488,6,1462,2,7200,1.00410396717
536036,536043,537658,7,1615,2,7200,1.00433436533
536038,536050,537663,12,1613,2,7200,1.00743955363
536055,536061,537622,6,1561,2,7200,1.00384368994
536165,536171,536768,6,597,1,1800,1.01005025126
536168,536178,537747,10,1569,2,7200,1.0063734863
536185,536191,537876,6,1685,2,7200,1.00356083086
536186,536199,537651,13,1452,2,7200,1.00895316804
536202,536208,537705,6,1497,2,7200,1.00400801603
536256,536262,537710,6,1448,2,7200,1.00414364641
536272,536278,537863,6,1585,2,7200,1.00378548896
536414,536420,537951,6,1531,2,7200,1.00391900718
536446,536454,537922,8,1468,2,7200,1.00544959128
536616,536623,538160,7,1537,2,7200,1.00455432661
536704,536710,538216,6,1506,2,7200,1.00398406375
536756,536762,538340,6,1578,2,7200,1.00380228137
536773,536779,538238,6,1459,2,7200,1.00411240576
536802,536808,538293,6,1485,2,7200,1.00404040404
536852,536858,538333,6,1475,2,7200,1.00406779661
536869,536875,538954,6,2079,2,7200,1.00288600289
536870,536881,538440,11,1559,2,7200,1.007055805
536886,536892,538446,6,1554,2,7200,1.00386100386
536888,536898,538533,10,1635,2,7200,1.00611620795
536920,536926,538331,6,1405,2,7200,1.00427046263
536936,536942,538505,6,1563,2,7200,1.00383877159
536955,536961,538600,6,1639,2,7200,1.00366076876
537075,537081,538655,6,1574,2,7200,1.00381194409
537092,537098,538692,6,1594,2,7200,1.00376411543
537108,537114,538693,6,1579,2,7200,1.00379987334
537242,537248,538773,6,1525,2,7200,1.00393442623
537258,537265,538749,7,1484,2,7200,1.00471698113
537318,537324,538951,6,1627,2,7200,1.0036877689
537344,537350,538790,6,1440,2,7200,1.00416666667
537367,537373,538940,6,1567,2,7200,1.00382897256
537402,537408,538967,6,1559,2,7200,1.00384862091
537404,537415,539009,11,1594,2,7200,1.00690087829
537452,537458,539001,6,1543,2,7200,1.00388852884
537469,537475,538931,6,1456,2,7200,1.00412087912
537488,537494,539100,6,1606,2,7200,1.00373599004
537505,537511,539081,6,1570,2,7200,1.00382165605
537623,537629,539085,6,1456,2,7200,1.00412087912
537653,537659,539289,6,1630,2,7200,1.0036809816
537654,537667,539167,13,1500,2,7200,1.00866666667
537671,537677,539325,6,1648,2,7200,1.0036407767
537672,537683,539305,11,1622,2,7200,1.00678175092
537707,537714,539159,7,1445,2,7200,1.00484429066
537724,537730,539446,6,1716,2,7200,1.0034965035
537750,537756,539219,6,1463,2,7200,1.004101162
537865,537871,539189,6,1318,2,7200,1.00455235205
537881,537887,539577,6,1690,2,7200,1.00355029586
537926,537932,539423,6,1491,2,7200,1.00402414487
537955,537961,539512,6,1551,2,7200,1.00386847195
538162,538168,539671,6,1503,2,7200,1.00399201597
538219,538225,539908,6,1683,2,7200,1.00356506239
538242,538248,539834,6,1586,2,7200,1.00378310214
538295,538301,539802,6,1501,2,7200,1.00399733511
538333,538339,539915,6,1576,2,7200,1.0038071066
538335,538345,540019,10,1674,2,7200,1.00597371565
538351,538357,539767,6,1410,2,7200,1.00425531915
538442,538448,540065,6,1617,2,7200,1.00371057514
538454,538461,538505,7,44,1,1800,1.15909090909
538458,538467,539907,9,1440,2,7200,1.00625
538506,538515,540009,9,1494,2,7200,1.00602409639
538535,538541,540045,6,1504,2,7200,1.0039893617
538596,538602,538720,6,118,1,1800,1.05084745763
538603,538609,540293,6,1684,2,7200,1.00356294537
538657,538663,540170,6,1507,2,7200,1.00398142004
538695,538701,540305,6,1604,2,7200,1.00374064838
538696,538708,540196,12,1488,2,7200,1.00806451613
538753,538760,540350,7,1590,2,7200,1.00440251572
538776,538782,540272,6,1490,2,7200,1.00402684564
538792,538799,540301,7,1502,2,7200,1.00466045273
538819,538826,538909,7,83,1,1800,1.0843373494
538933,538939,540371,6,1432,2,7200,1.00418994413
538950,538956,540491,6,1535,2,7200,1.00390879479
538966,538972,540481,6,1509,2,7200,1.00397614314
538967,538979,540598,12,1619,2,7200,1.00741198271
538969,538985,540535,16,1550,2,7200,1.01032258065
539006,539012,540609,6,1597,2,7200,1.00375704446
539022,539028,540556,6,1528,2,7200,1.00392670157
539040,539046,539150,6,104,1,1800,1.05769230769
539086,539092,540621,6,1529,2,7200,1.00392413342
539087,539099,540535,12,1436,2,7200,1.00835654596
539104,539110,540683,6,1573,2,7200,1.00381436745
539161,539167,540593,6,1426,2,7200,1.00420757363
539178,539184,540700,6,1516,2,7200,1.00395778364
539194,539200,540839,6,1639,2,7200,1.00366076876
539220,539226,540833,6,1607,2,7200,1.00373366521
539292,539298,540780,6,1482,2,7200,1.004048583
539308,539314,540879,6,1565,2,7200,1.00383386581
539327,539333,540956,6,1623,2,7200,1.00369685767
539426,539433,541089,7,1656,2,7200,1.00422705314
539449,539455,540838,6,1383,2,7200,1.00433839479
539516,539522,541147,6,1625,2,7200,1.00369230769
539579,539585,541018,6,1433,2,7200,1.00418702024
539673,539679,541257,6,1578,2,7200,1.00380228137
539747,539753,540046,6,293,1,1800,1.0204778157
539769,539775,541303,6,1528,2,7200,1.00392670157
539804,539810,541499,6,1689,2,7200,1.00355239787
539821,539827,540394,6,567,1,1800,1.01058201058
539836,539842,541576,6,1734,2,7200,1.00346020761
539910,539916,541449,6,1533,2,7200,1.00391389432
539911,539923,541565,12,1642,2,7200,1.00730816078
539928,539934,541554,6,1620,2,7200,1.0037037037
540010,540016,541555,6,1539,2,7200,1.00389863548
540027,540033,541701,6,1668,2,7200,1.0035971223
540046,540052,541633,6,1581,2,7200,1.00379506641
540070,540076,541705,6,1629,2,7200,1.00368324125
540172,540178,541680,6,1502,2,7200,1.00399467377
540197,540203,541851,6,1648,2,7200,1.0036407767
540275,540282,541557,7,1275,2,7200,1.00549019608
540295,540302,541728,7,1426,2,7200,1.0049088359
540312,540318,541741,6,1423,2,7200,1.00421644413
540313,540324,541817,11,1493,2,7200,1.00736771601
540352,540358,541762,6,1404,2,7200,1.00427350427
540375,540381,541938,6,1557,2,7200,1.00385356455
540484,540491,542074,7,1583,2,7200,1.00442198358
540501,540507,542064,6,1557,2,7200,1.00385356455
540536,540542,541981,6,1439,2,7200,1.0041695622
540538,540549,541977,11,1428,2,7200,1.00770308123
540560,540567,542081,7,1514,2,7200,1.00462351387
540596,540602,542099,6,1497,2,7200,1.00400801603
540613,540619,542150,6,1531,2,7200,1.00391900718
540615,540627,542175,12,1548,2,7200,1.00775193798
540631,540637,542232,6,1595,2,7200,1.00376175549
540685,540691,542233,6,1542,2,7200,1.00389105058
540702,540708,542217,6,1509,2,7200,1.00397614314
540783,540790,542418,7,1628,2,7200,1.0042997543
540831,540837,542222,6,1385,2,7200,1.00433212996
540848,540854,542327,6,1473,2,7200,1.00407331976
540849,540860,542432,11,1572,2,7200,1.00699745547
540882,540888,542420,6,1532,2,7200,1.00391644909
540957,540963,542561,6,1598,2,7200,1.00375469337
541020,541026,542608,6,1582,2,7200,1.00379266751
541092,541098,542702,6,1604,2,7200,1.00374064838
541149,541155,542688,6,1533,2,7200,1.00391389432
541259,541265,543019,6,1754,2,7200,1.00342075257
541303,541309,542978,6,1669,2,7200,1.00359496705
541450,541456,543133,6,1677,2,7200,1.00357781753
541500,541506,543161,6,1655,2,7200,1.00362537764
541558,541564,543091,6,1527,2,7200,1.00392927308
541560,541572,543242,12,1670,2,7200,1.00718562874
541561,541577,543165,16,1588,2,7200,1.01007556675
541578,541584,543211,6,1627,2,7200,1.0036877689
541580,541591,543065,11,1474,2,7200,1.00746268657
541636,541642,543209,6,1567,2,7200,1.00382897256
541683,541689,543500,6,1811,2,7200,1.00331308669
541702,541708,543246,6,1538,2,7200,1.00390117035
541718,541724,543076,6,1352,2,7200,1.00443786982
541734,541740,543207,6,1467,2,7200,1.00408997955
541750,541757,543401,7,1644,2,7200,1.00425790754
541767,541773,543288,6,1515,2,7200,1.00396039604
541820,541826,543423,6,1597,2,7200,1.00375704446
541852,541858,543409,6,1551,2,7200,1.00386847195
541940,541946,543545,6,1599,2,7200,1.00375234522
541978,541984,543377,6,1393,2,7200,1.00430725054
541995,542001,543568,6,1567,2,7200,1.00382897256
542067,542073,543707,6,1634,2,7200,1.00367197062
542083,542090,543692,7,1602,2,7200,1.00436953808
542085,542097,543737,12,1640,2,7200,1.00731707317
542101,542107,543722,6,1615,2,7200,1.00371517028
542152,542158,543662,6,1504,2,7200,1.0039893617
542177,542184,543784,7,1600,2,7200,1.004375
542218,542225,543718,7,1493,2,7200,1.00468854655
542235,542241,544072,6,1831,2,7200,1.00327689787
542237,542248,543809,11,1561,2,7200,1.00704676489
542238,542253,543736,15,1483,2,7200,1.0101146325
542278,542288,542336,10,48,1,1800,1.20833333333
542331,542338,543893,7,1555,2,7200,1.00450160772
542422,542428,543865,6,1437,2,7200,1.00417536534
542424,542435,543871,11,1436,2,7200,1.00766016713
542440,542446,544016,6,1570,2,7200,1.00382165605
542564,542571,544094,7,1523,2,7200,1.00459619173
542612,542618,544039,6,1421,2,7200,1.00422237861
542674,542680,542758,6,78,1,1800,1.07692307692
542689,542695,544250,6,1555,2,7200,1.0038585209
542706,542712,544155,6,1443,2,7200,1.00415800416
542981,542987,544546,6,1559,2,7200,1.00384862091
543022,543028,544689,6,1661,2,7200,1.00361228176
543066,543072,544625,6,1553,2,7200,1.00386349002
543082,543089,544702,7,1613,2,7200,1.00433973962
543099,543105,544598,6,1493,2,7200,1.00401875419
543134,543141,544731,7,1590,2,7200,1.00440251572
543163,543170,544759,7,1589,2,7200,1.00440528634
543180,543186,544909,6,1723,2,7200,1.00348229832
543208,543215,544717,7,1502,2,7200,1.00466045273
543210,543222,544784,12,1562,2,7200,1.00768245839
543226,543232,544708,6,1476,2,7200,1.00406504065
543246,543252,544849,6,1597,2,7200,1.00375704446
543262,543269,544895,7,1626,2,7200,1.00430504305
543291,543297,544876,6,1579,2,7200,1.00379987334
543370,543376,566952,6,23576,1,86400,1.0002544961
543379,543385,544957,6,1572,2,7200,1.00381679389
543404,543410,545022,6,1612,2,7200,1.00372208437
543421,543427,544868,6,1441,2,7200,1.00416377516
543437,543443,545015,6,1572,2,7200,1.00381679389
543503,543509,545118,6,1609,2,7200,1.00372902424
543547,543553,545186,6,1633,2,7200,1.00367421923
543573,543579,545121,6,1542,2,7200,1.00389105058
543663,543670,545392,7,1722,2,7200,1.00406504065
543695,543702,545324,7,1622,2,7200,1.00431565968
543712,543718,545321,6,1603,2,7200,1.00374298191
543729,543735,545264,6,1529,2,7200,1.00392413342
543730,543742,545276,12,1534,2,7200,1.00782268579
543747,543753,545193,6,1440,2,7200,1.00416666667
543749,543759,545451,10,1692,2,7200,1.00591016548
543787,543793,545441,6,1648,2,7200,1.0036407767
543797,543803,544098,6,295,1,1800,1.02033898305
543812,543818,545489,6,1671,2,7200,1.00359066427
543869,543875,545378,6,1503,2,7200,1.00399201597
543885,543891,545472,6,1581,2,7200,1.00379506641
543901,543907,545353,6,1446,2,7200,1.00414937759
544020,544026,545544,6,1518,2,7200,1.00395256917
544040,544046,545652,6,1606,2,7200,1.00373599004
544074,544080,545723,6,1643,2,7200,1.00365185636
544094,544100,545755,6,1655,2,7200,1.00362537764
544157,544163,545660,6,1497,2,7200,1.00400801603
544254,544260,545676,6,1416,2,7200,1.00423728814
544549,544556,546055,7,1499,2,7200,1.00466977985
544599,544606,546171,7,1565,2,7200,1.00447284345
544628,544635,546207,7,1572,2,7200,1.00445292621
544691,544698,546334,7,1636,2,7200,1.00427872861
544708,544714,546220,6,1506,2,7200,1.00398406375
544724,544730,546200,6,1470,2,7200,1.00408163265
544726,544737,546365,11,1628,2,7200,1.00675675676
544742,544748,546423,6,1675,2,7200,1.00358208955
544762,544768,546299,6,1531,2,7200,1.00391900718
544785,544791,546330,6,1539,2,7200,1.00389863548
544850,544856,546396,6,1540,2,7200,1.0038961039
544870,544876,546391,6,1515,2,7200,1.00396039604
544886,544892,546541,6,1649,2,7200,1.00363856883
544902,544908,546313,6,1405,2,7200,1.00427046263
544919,544925,546494,6,1569,2,7200,1.00382409178
544960,544966,546523,6,1557,2,7200,1.00385356455
545017,545023,546726,6,1703,2,7200,1.00352319436
545034,545040,546488,6,1448,2,7200,1.00414364641
545121,545127,546778,6,1651,2,7200,1.00363416111
545122,545133,546648,11,1515,2,7200,1.00726072607
545190,545196,546831,6,1635,2,7200,1.00366972477
545206,545212,546706,6,1494,2,7200,1.00401606426
545266,545272,546922,6,1650,2,7200,1.00363636364
545282,545288,546873,6,1585,2,7200,1.00378548896
545323,545329,546819,6,1490,2,7200,1.00402684564
545324,545336,546771,12,1435,2,7200,1.00836236934
545353,545359,546987,6,1628,2,7200,1.00368550369
545382,545388,546836,6,1448,2,7200,1.00414364641
545398,545404,546890,6,1486,2,7200,1.00403768506
545445,545451,547092,6,1641,2,7200,1.00365630713
545462,545468,546958,6,1490,2,7200,1.00402684564
545478,545485,546879,7,1394,2,7200,1.0050215208
545495,545501,547064,6,1563,2,7200,1.00383877159
545547,545554,547049,7,1495,2,7200,1.00468227425
545653,545659,547036,6,1377,2,7200,1.00435729847
545669,545675,546986,6,1311,2,7200,1.00457665904
545686,545692,547262,6,1570,2,7200,1.00382165605
545726,545733,547368,7,1635,2,7200,1.00428134557
545758,545765,547362,7,1597,2,7200,1.00438321853
546057,546063,547602,6,1539,2,7200,1.00389863548
546173,546179,547517,6,1338,2,7200,1.00448430493
546202,546208,547700,6,1492,2,7200,1.00402144772
546218,546225,547795,7,1570,2,7200,1.00445859873
546235,546241,547803,6,1562,2,7200,1.00384122919
546302,546308,547913,6,1605,2,7200,1.00373831776
546319,546325,547894,6,1569,2,7200,1.00382409178
546335,546341,547861,6,1520,2,7200,1.00394736842
546337,546348,547808,11,1460,2,7200,1.00753424658
546369,546375,547899,6,1524,2,7200,1.00393700787
546395,546401,547966,6,1565,2,7200,1.00383386581
546412,546419,547967,7,1548,2,7200,1.00452196382
546429,546435,548034,6,1599,2,7200,1.00375234522
546490,546496,548118,6,1622,2,7200,1.00369913687
546506,546513,547904,7,1391,2,7200,1.00503235083
546526,546532,548245,6,1713,2,7200,1.00350262697
546543,546549,548055,6,1506,2,7200,1.00398406375
546650,546656,548246,6,1590,2,7200,1.00377358491
546710,546716,548405,6,1689,2,7200,1.00355239787
546727,546733,548201,6,1468,2,7200,1.00408719346
546774,546780,548237,6,1457,2,7200,1.00411805079
546791,546797,548318,6,1521,2,7200,1.00394477318
546823,546829,548234,6,1405,2,7200,1.00427046263
546840,546846,548331,6,1485,2,7200,1.00404040404
546842,546852,548512,10,1660,2,7200,1.00602409639
546877,546883,548521,6,1638,2,7200,1.00366300366
546894,546900,548447,6,1547,2,7200,1.00387847447
546896,546906,548317,10,1411,2,7200,1.00708717222
546925,546931,548508,6,1577,2,7200,1.00380469245
546960,546966,548494,6,1528,2,7200,1.00392670157
546990,546996,548395,6,1399,2,7200,1.0042887777
546991,547003,548634,12,1631,2,7200,1.00735744942
547039,547045,548618,6,1573,2,7200,1.00381436745
547055,547062,548580,7,1518,2,7200,1.0046113307
547072,547078,548718,6,1640,2,7200,1.00365853659
547094,547101,548646,7,1545,2,7200,1.00453074434
547265,547271,548913,6,1642,2,7200,1.00365408039
547365,547371,548925,6,1554,2,7200,1.00386100386
547382,547388,548873,6,1485,2,7200,1.00404040404
547531,547538,549115,7,1577,2,7200,1.00443880786
547604,547610,549206,6,1596,2,7200,1.0037593985
547703,547709,549130,6,1421,2,7200,1.00422237861
547797,547803,549223,6,1420,2,7200,1.00422535211
547813,547819,549280,6,1461,2,7200,1.00410677618
547814,547825,549479,11,1654,2,7200,1.00665054414
547862,547868,549362,6,1494,2,7200,1.00401606426
547897,547903,549369,6,1466,2,7200,1.00409276944
547914,547920,549490,6,1570,2,7200,1.00382165605
547915,547926,549438,11,1512,2,7200,1.00727513228
547917,547931,549476,14,1545,2,7200,1.00906148867
547968,547975,549359,7,1384,2,7200,1.00505780347
547970,547981,549378,11,1397,2,7200,1.00787401575
548038,548045,549671,7,1626,2,7200,1.00430504305
548058,548064,549584,6,1520,2,7200,1.00394736842
548121,548127,549585,6,1458,2,7200,1.00411522634
548205,548212,549833,7,1621,2,7200,1.00431832202
548237,548243,549859,6,1616,2,7200,1.00371287129
548238,548250,549810,12,1560,2,7200,1.00769230769
548255,548261,549982,6,1721,2,7200,1.00348634515
548256,548268,549785,12,1517,2,7200,1.00791034937
548319,548325,549956,6,1631,2,7200,1.00367872471
548320,548331,549860,11,1529,2,7200,1.0071942446
548337,548343,549934,6,1591,2,7200,1.00377121307
548397,548403,549955,6,1552,2,7200,1.00386597938
548413,548419,550002,6,1583,2,7200,1.00379027164
548448,548454,550036,6,1582,2,7200,1.00379266751
548495,548501,550055,6,1554,2,7200,1.00386100386
548512,548518,549991,6,1473,2,7200,1.00407331976
548513,548526,550138,13,1612,2,7200,1.00806451613
548529,548536,550165,7,1629,2,7200,1.00429711479
548583,548589,550000,6,1411,2,7200,1.00425230333
548618,548624,550160,6,1536,2,7200,1.00390625
548637,548644,550203,7,1559,2,7200,1.00449005773
548654,548660,550238,6,1578,2,7200,1.00380228137
548720,548726,550227,6,1501,2,7200,1.00399733511
548874,548881,550379,7,1498,2,7200,1.0046728972
548915,548921,550499,6,1578,2,7200,1.00380228137
548931,548938,550434,7,1496,2,7200,1.00467914439
549117,549123,550629,6,1506,2,7200,1.00398406375
549133,549140,550823,7,1683,2,7200,1.00415923945
549209,549215,550774,6,1559,2,7200,1.00384862091
549226,549232,550659,6,1427,2,7200,1.00420462509
549283,549289,550855,6,1566,2,7200,1.00383141762
549361,549368,550879,7,1511,2,7200,1.00463269358
549363,549375,550847,12,1472,2,7200,1.00815217391
549379,549386,551008,7,1622,2,7200,1.00431565968
549381,549393,550985,12,1592,2,7200,1.00753768844
549434,549442,575695,8,26253,1,86400,1.00030472708
549441,549448,551125,7,1677,2,7200,1.00417412045
549479,549486,550967,7,1481,2,7200,1.00472653612
549481,549493,551014,12,1521,2,7200,1.00788954635
549497,549504,552039,7,2535,2,7200,1.00276134122
549587,549593,551063,6,1470,2,7200,1.00408163265
549588,549600,551172,12,1572,2,7200,1.00763358779
549676,549682,551143,6,1461,2,7200,1.00410677618
549788,549794,551341,6,1547,2,7200,1.00387847447
549813,549820,551688,7,1868,2,7200,1.00374732334
549836,549842,551368,6,1526,2,7200,1.00393184797
549862,549868,551407,6,1539,2,7200,1.00389863548
549863,549874,551349,11,1475,2,7200,1.00745762712
549938,549944,551499,6,1555,2,7200,1.0038585209
549958,549964,551436,6,1472,2,7200,1.00407608696
549960,549971,551638,11,1667,2,7200,1.00659868026
549986,549992,551573,6,1581,2,7200,1.00379506641
550003,550009,551540,6,1531,2,7200,1.00391900718
550004,550016,551634,12,1618,2,7200,1.00741656366
550006,550021,551618,15,1597,2,7200,1.00939261115
550040,550047,551481,7,1434,2,7200,1.00488145049
550057,550063,551655,6,1592,2,7200,1.00376884422
550139,550145,551593,6,1448,2,7200,1.00414364641
550162,550168,551618,6,1450,2,7200,1.00413793103
550179,550185,551651,6,1466,2,7200,1.00409276944
550205,550211,551828,6,1617,2,7200,1.00371057514
550228,550234,551594,6,1360,2,7200,1.00441176471
550245,550250,551806,5,1556,2,7200,1.00321336761
550380,550386,551960,6,1574,2,7200,1.00381194409
550437,550443,552038,6,1595,2,7200,1.00376175549
550503,550509,551961,6,1452,2,7200,1.0041322314
550630,550636,552230,6,1594,2,7200,1.00376411543
550662,550668,552208,6,1540,2,7200,1.0038961039
550777,550783,552202,6,1419,2,7200,1.00422832981
550825,550831,552429,6,1598,2,7200,1.00375469337
550851,550857,552532,6,1675,2,7200,1.00358208955
550867,550873,552445,6,1572,2,7200,1.00381679389
550884,550890,552405,6,1515,2,7200,1.00396039604
550971,550977,552522,6,1545,2,7200,1.00388349515
550988,550994,552626,6,1632,2,7200,1.00367647059
551011,551017,552491,6,1474,2,7200,1.00407055631
551028,551034,552629,6,1595,2,7200,1.00376175549
551066,551073,552552,7,1479,2,7200,1.00473292765
551126,551132,552572,6,1440,2,7200,1.00416666667
551142,551148,552833,6,1685,2,7200,1.00356083086
551174,551180,552776,6,1596,2,7200,1.0037593985
551345,551351,552884,6,1533,2,7200,1.00391389432
551361,551367,552936,6,1569,2,7200,1.00382409178
551377,551383,553029,6,1646,2,7200,1.00364520049
551379,551389,551610,10,221,32,180,1.04524886878
551410,551416,553106,6,1690,2,7200,1.00355029586
551439,551445,553001,6,1556,2,7200,1.00385604113
551483,551489,552962,6,1473,2,7200,1.00407331976
551499,551506,552969,7,1463,2,7200,1.004784689
551540,551546,553074,6,1528,2,7200,1.00392670157
551575,551582,553126,7,1544,2,7200,1.00453367876
551595,551602,553192,7,1590,2,7200,1.00440251572
551597,551608,553302,11,1694,2,7200,1.00649350649
551620,551626,553042,6,1416,2,7200,1.00423728814
551621,551633,553141,12,1508,2,7200,1.00795755968
551638,551644,553235,6,1591,2,7200,1.00377121307
551640,551651,553146,11,1495,2,7200,1.00735785953
551657,551663,553224,6,1561,2,7200,1.00384368994
551659,551670,553223,11,1553,2,7200,1.00708306504
551691,551698,553304,7,1606,2,7200,1.00435865504
551809,551815,553245,6,1430,2,7200,1.0041958042
551832,551838,553428,6,1590,2,7200,1.00377358491
551963,551969,553611,6,1642,2,7200,1.00365408039
551965,551975,553468,10,1493,2,7200,1.00669792364
552040,552046,553594,6,1548,2,7200,1.00387596899
552041,552054,553500,13,1446,2,7200,1.00899031812
552204,552210,553846,6,1636,2,7200,1.00366748166
552221,552227,553690,6,1463,2,7200,1.004101162
552237,552244,553675,7,1431,2,7200,1.00489168414
552307,552314,573606,7,21292,1,86400,1.00032876198
552406,552412,553932,6,1520,2,7200,1.00394736842
552432,552438,554000,6,1562,2,7200,1.00384122919
552448,552454,554070,6,1616,2,7200,1.00371287129
552493,552499,553996,6,1497,2,7200,1.00400801603
552525,552531,554096,6,1565,2,7200,1.00383386581
552544,552550,554265,6,1715,2,7200,1.00349854227
552561,552567,554058,6,1491,2,7200,1.00402414487
552578,552584,554025,6,1441,2,7200,1.00416377516
552629,552635,554285,6,1650,2,7200,1.00363636364
552645,552651,554109,6,1458,2,7200,1.00411522634
552779,552785,554241,6,1456,2,7200,1.00412087912
552835,552842,554381,7,1539,2,7200,1.00454840806
552886,552893,554544,7,1651,2,7200,1.00423985463
552937,552943,554413,6,1470,2,7200,1.00408163265
552966,552972,554587,6,1615,2,7200,1.00371517028
552982,552988,554602,6,1614,2,7200,1.00371747212
553004,553010,554557,6,1547,2,7200,1.00387847447
553034,553040,554601,6,1561,2,7200,1.00384368994
553050,553056,554641,6,1585,2,7200,1.00378548896
553079,553085,554505,6,1420,2,7200,1.00422535211
553112,553118,554827,6,1709,2,7200,1.00351082504
553129,553135,554770,6,1635,2,7200,1.00366972477
553145,553151,554698,6,1547,2,7200,1.00387847447
553147,553158,554785,11,1627,2,7200,1.00676090965
553195,553201,554763,6,1562,2,7200,1.00384122919
553227,553233,554999,6,1766,2,7200,1.00339750849
553229,553240,554678,11,1438,2,7200,1.00764951321
553246,553252,554855,6,1603,2,7200,1.00374298191
553247,553259,554834,12,1575,2,7200,1.00761904762
553302,553308,554804,6,1496,2,7200,1.00401069519
553304,553315,554855,11,1540,2,7200,1.00714285714
553432,553438,554905,6,1467,2,7200,1.00408997955
553470,553476,555059,6,1583,2,7200,1.00379027164
553502,553508,555125,6,1617,2,7200,1.00371057514
553597,553603,555106,6,1503,2,7200,1.00399201597
553613,553619,555152,6,1533,2,7200,1.00391389432
553679,553685,555293,6,1608,2,7200,1.00373134328
553695,553701,555153,6,1452,2,7200,1.0041322314
553849,553856,555336,7,1480,2,7200,1.00472972973
553934,553940,555541,6,1601,2,7200,1.00374765771
554000,554006,555676,6,1670,2,7200,1.00359281437
554001,554013,555518,12,1505,2,7200,1.00797342193
554028,554034,555525,6,1491,2,7200,1.00402414487
554063,554069,555687,6,1618,2,7200,1.00370828183
554080,554086,555749,6,1663,2,7200,1.00360793746
554099,554105,555638,6,1533,2,7200,1.00391389432
554116,554122,555594,6,1472,2,7200,1.00407608696
554243,554249,555729,6,1480,2,7200,1.00405405405
554267,554273,556009,6,1736,2,7200,1.0034562212
554287,554293,556006,6,1713,2,7200,1.00350262697
554384,554390,555851,6,1461,2,7200,1.00410677618
554416,554422,555921,6,1499,2,7200,1.00400266845
554506,554512,556037,6,1525,2,7200,1.00393442623
554547,554553,556057,6,1504,2,7200,1.0039893617
554564,554569,556170,5,1601,2,7200,1.00312304809
554589,554596,556171,7,1575,2,7200,1.00444444444
554606,554613,556188,7,1575,2,7200,1.00444444444
554608,554619,556204,11,1585,2,7200,1.00694006309
554643,554649,556239,6,1590,2,7200,1.00377358491
554681,554687,556207,6,1520,2,7200,1.00394736842
554701,554707,556323,6,1616,2,7200,1.00371287129
554767,554773,556295,6,1522,2,7200,1.00394218134
554784,554790,556199,6,1409,2,7200,1.00425833925
554800,554806,556337,6,1531,2,7200,1.00391900718
554817,554823,556410,6,1587,2,7200,1.00378071834
554833,554839,556592,6,1753,2,7200,1.00342270394
554835,554846,556380,11,1534,2,7200,1.00717079531
554854,554860,556245,6,1385,2,7200,1.00433212996
554871,554877,556468,6,1591,2,7200,1.00377121307
554906,554913,556578,7,1665,2,7200,1.0042042042
555001,555007,556462,6,1455,2,7200,1.00412371134
555061,555067,556636,6,1569,2,7200,1.00382409178
555109,555115,556626,6,1511,2,7200,1.00397088021
555128,555134,556721,6,1587,2,7200,1.00378071834
555154,555160,556793,6,1633,2,7200,1.00367421923
555155,555166,556862,11,1696,2,7200,1.00648584906
555297,555303,556883,6,1580,2,7200,1.00379746835
555338,555344,556932,6,1588,2,7200,1.00377833753
555521,555527,557100,6,1573,2,7200,1.00381436745
555537,555544,557029,7,1485,2,7200,1.00471380471
555554,555560,557178,6,1618,2,7200,1.00370828183
555598,555604,557138,6,1534,2,7200,1.00391134289
555639,555645,557184,6,1539,2,7200,1.00389863548
555677,555684,557211,7,1527,2,7200,1.00458415193
555694,555700,557309,6,1609,2,7200,1.00372902424
555733,555739,557270,6,1531,2,7200,1.00391900718
555752,555758,557279,6,1521,2,7200,1.00394477318
555855,555861,557456,6,1595,2,7200,1.00376175549
555924,555929,557451,5,1522,2,7200,1.00328515112
556008,556014,557642,6,1628,2,7200,1.00368550369
556024,556031,557467,7,1436,2,7200,1.00487465181
556041,556047,557518,6,1471,2,7200,1.00407885792
556060,556066,557563,6,1497,2,7200,1.00400801603
556170,556176,557621,6,1445,2,7200,1.00415224913
556172,556182,557739,10,1557,2,7200,1.00642260758
556192,556199,557699,7,1500,2,7200,1.00466666667
556209,556215,557694,6,1479,2,7200,1.00405679513
556210,556221,557919,11,1698,2,7200,1.00647820966
556212,556227,557698,15,1471,2,7200,1.0101971448
556241,556247,557808,6,1561,2,7200,1.00384368994
556257,556263,557943,6,1680,2,7200,1.00357142857
556298,556305,557763,7,1458,2,7200,1.00480109739
556327,556333,557978,6,1645,2,7200,1.00364741641
556344,556350,557886,6,1536,2,7200,1.00390625
556382,556388,557861,6,1473,2,7200,1.00407331976
556413,556420,557986,7,1566,2,7200,1.00446998723
556464,556470,558001,6,1531,2,7200,1.00391900718
556480,556487,558093,7,1606,2,7200,1.00435865504
556581,556587,558061,6,1474,2,7200,1.00407055631
556598,556605,558057,7,1452,2,7200,1.00482093664
556631,556637,558230,6,1593,2,7200,1.00376647834
556647,556653,558099,6,1446,2,7200,1.00414937759
556725,556731,558420,6,1689,2,7200,1.00355239787
556795,556801,558365,6,1564,2,7200,1.00383631714
556864,556870,558475,6,1605,2,7200,1.00373831776
556887,556893,558396,6,1503,2,7200,1.00399201597
556935,556941,558477,6,1536,2,7200,1.00390625
557033,557039,558727,6,1688,2,7200,1.00355450237
557102,557108,558640,6,1532,2,7200,1.00391644909
557140,557146,558738,6,1592,2,7200,1.00376884422
557181,557187,558726,6,1539,2,7200,1.00389863548
557197,557203,558751,6,1548,2,7200,1.00387596899
557214,557220,558926,6,1706,2,7200,1.00351699883
557273,557279,558935,6,1656,2,7200,1.00362318841
557290,557296,558968,6,1672,2,7200,1.00358851675
557313,557319,558746,6,1427,2,7200,1.00420462509
557453,557459,558966,6,1507,2,7200,1.00398142004
557469,557475,559055,6,1580,2,7200,1.00379746835
557471,557482,558946,11,1464,2,7200,1.0075136612
557522,557528,559076,6,1548,2,7200,1.00387596899
557566,557572,559202,6,1630,2,7200,1.0036809816
557625,557632,559184,7,1552,2,7200,1.00451030928
557645,557651,559244,6,1593,2,7200,1.00376647834
557698,557705,559266,7,1561,2,7200,1.00448430493
557700,557712,559341,12,1629,2,7200,1.0073664825
557701,557717,559382,16,1665,2,7200,1.00960960961
557744,557750,559809,6,2059,2,7200,1.00291403594
557767,557773,559308,6,1535,2,7200,1.00390879479
557809,557815,559419,6,1604,2,7200,1.00374064838
557863,557869,559475,6,1606,2,7200,1.00373599004
557889,557895,559477,6,1582,2,7200,1.00379266751
557921,557927,559530,6,1603,2,7200,1.00374298191
557944,557950,559345,6,1395,2,7200,1.00430107527
557979,557985,559600,6,1615,2,7200,1.00371517028
557996,558002,559586,6,1584,2,7200,1.00378787879
558013,558019,559447,6,1428,2,7200,1.00420168067
558061,558067,559633,6,1566,2,7200,1.00383141762
558062,558074,559545,12,1471,2,7200,1.00815771584
558095,558101,559717,6,1616,2,7200,1.00371287129
558112,558118,559583,6,1465,2,7200,1.00409556314
558234,558240,559734,6,1494,2,7200,1.00401606426
558368,558374,559971,6,1597,2,7200,1.00375704446
558400,558406,560099,6,1693,2,7200,1.00354400473
558423,558429,559957,6,1528,2,7200,1.00392670157
558480,558486,559896,6,1410,2,7200,1.00425531915
558481,558493,560128,12,1635,2,7200,1.00733944954
558561,558567,582377,6,23810,1,86400,1.00025199496
558645,558651,560129,6,1478,2,7200,1.00405953992
558727,558733,560358,6,1625,2,7200,1.00369230769
558728,558740,560221,12,1481,2,7200,1.00810263336
558745,558751,560396,6,1645,2,7200,1.00364741641
558761,558767,560367,6,1600,2,7200,1.00375
558763,558773,560459,10,1686,2,7200,1.0059311981
558928,558934,560570,6,1636,2,7200,1.00366748166
558945,558951,560391,6,1440,2,7200,1.00416666667
558961,558968,560440,7,1472,2,7200,1.00475543478
558978,558984,560594,6,1610,2,7200,1.00372670807
558980,558991,560554,11,1563,2,7200,1.00703774792
559058,559065,560560,7,1495,2,7200,1.00468227425
559078,559084,560603,6,1519,2,7200,1.00394996708
559187,559193,560690,6,1497,2,7200,1.00400801603
559203,559209,560852,6,1643,2,7200,1.00365185636
559248,559254,560765,6,1511,2,7200,1.00397088021
559267,559273,560782,6,1509,2,7200,1.00397614314
559312,559318,560866,6,1548,2,7200,1.00387596899
559344,559350,560841,6,1491,2,7200,1.00402414487
559345,559356,560890,11,1534,2,7200,1.00717079531
559387,559393,561001,6,1608,2,7200,1.00373134328
559422,559428,561105,6,1677,2,7200,1.00357781753
559450,559456,560972,6,1516,2,7200,1.00395778364
559480,559486,561090,6,1604,2,7200,1.00374064838
559481,559494,561029,13,1535,2,7200,1.00846905537
559530,559536,561075,6,1539,2,7200,1.00389863548
559550,559556,561049,6,1493,2,7200,1.00401875419
559586,559592,561186,6,1594,2,7200,1.00376411543
559602,559609,561053,7,1444,2,7200,1.00484764543
559604,559615,561151,11,1536,2,7200,1.00716145833
559636,559642,561225,6,1583,2,7200,1.00379027164
559718,559724,561346,6,1622,2,7200,1.00369913687
559737,559744,561271,7,1527,2,7200,1.00458415193
559811,559817,561476,6,1659,2,7200,1.00361663653
559899,559905,561453,6,1548,2,7200,1.00387596899
559960,559966,561311,6,1345,2,7200,1.00446096654
559977,559983,561552,6,1569,2,7200,1.00382409178
560102,560108,561539,6,1431,2,7200,1.00419287212
560131,560137,561652,6,1515,2,7200,1.00396039604
560132,560143,561808,11,1665,2,7200,1.00660660661
560227,560233,561779,6,1546,2,7200,1.00388098318
560360,560366,561918,6,1552,2,7200,1.00386597938
560376,560382,561814,6,1432,2,7200,1.00418994413
560395,560401,561912,6,1511,2,7200,1.00397088021
560412,560418,561939,6,1521,2,7200,1.00394477318
560444,560450,562123,6,1673,2,7200,1.00358637179
560461,560467,562055,6,1588,2,7200,1.00377833753
560555,560561,562129,6,1568,2,7200,1.00382653061
560572,560578,562122,6,1544,2,7200,1.00388601036
560573,560584,562149,11,1565,2,7200,1.00702875399
560596,560602,562090,6,1488,2,7200,1.00403225806
560612,560618,562093,6,1475,2,7200,1.00406779661
560694,560700,562301,6,1601,2,7200,1.00374765771
560767,560773,562279,6,1506,2,7200,1.00398406375
560784,560790,562236,6,1446,2,7200,1.00414937759
560843,560849,562417,6,1568,2,7200,1.00382653061
560860,560866,562430,6,1564,2,7200,1.00383631714
560876,560882,562403,6,1521,2,7200,1.00394477318
560892,560899,562394,7,1495,2,7200,1.00468227425
560973,560979,562593,6,1614,2,7200,1.00371747212
561002,561008,562586,6,1578,2,7200,1.00380228137
561030,561037,562621,7,1584,2,7200,1.00441919192
561051,561057,562607,6,1550,2,7200,1.00387096774
561067,561074,562637,7,1563,2,7200,1.00447856686
561084,561090,562956,6,1866,2,7200,1.00321543408
561101,561107,562659,6,1552,2,7200,1.00386597938
561117,561124,562562,7,1438,2,7200,1.00486787204
561152,561158,562694,6,1536,2,7200,1.00390625
561188,561194,562735,6,1541,2,7200,1.0038935756
561228,561234,562939,6,1705,2,7200,1.00351906158
561272,561278,562825,6,1547,2,7200,1.00387847447
561313,561319,562803,6,1484,2,7200,1.00404312668
561348,561354,563032,6,1678,2,7200,1.00357568534
561456,561462,563256,6,1794,2,7200,1.00334448161
561478,561485,562979,7,1494,2,7200,1.0046854083
561541,561548,563189,7,1641,2,7200,1.00426569165
561558,561564,563065,6,1501,2,7200,1.00399733511
561654,561661,563269,7,1608,2,7200,1.00435323383
561782,561788,563252,6,1464,2,7200,1.00409836066
561811,561817,563223,6,1406,2,7200,1.00426742532
561828,561834,563344,6,1510,2,7200,1.00397350993
561917,561923,563525,6,1602,2,7200,1.00374531835
561918,561929,563326,11,1397,2,7200,1.00787401575
561941,561948,563458,7,1510,2,7200,1.00463576159
562060,562066,563554,6,1488,2,7200,1.00403225806
562089,562095,563524,6,1429,2,7200,1.00419874038
562106,562112,563675,6,1563,2,7200,1.00383877159
562126,562132,563592,6,1460,2,7200,1.00410958904
562128,562139,563638,11,1499,2,7200,1.00733822548
562144,562150,563662,6,1512,2,7200,1.00396825397
562160,562166,563686,6,1520,2,7200,1.00394736842
562239,562245,563818,6,1573,2,7200,1.00381436745
562283,562289,563765,6,1476,2,7200,1.00406504065
562303,562309,563901,6,1592,2,7200,1.00376884422
562387,562394,730847,7,168453,18,198000,1.00004155462
562397,562403,563959,6,1556,2,7200,1.00385604113
562413,562419,563990,6,1571,2,7200,1.00381922342
562430,562436,563878,6,1442,2,7200,1.00416088766
562446,562452,564058,6,1606,2,7200,1.00373599004
562565,562571,564046,6,1475,2,7200,1.00406779661
562587,562593,564298,6,1705,2,7200,1.00351906158
562603,562610,564200,7,1590,2,7200,1.00440251572
562620,562626,564137,6,1511,2,7200,1.00397088021
562636,562643,564147,7,1504,2,7200,1.00465425532
562638,562649,564220,11,1571,2,7200,1.00700190961
562661,562668,564169,7,1501,2,7200,1.00466355763
562697,562703,564276,6,1573,2,7200,1.00381436745
562738,562744,564281,6,1537,2,7200,1.00390370852
562807,562813,564252,6,1439,2,7200,1.0041695622
562827,562833,564357,6,1524,2,7200,1.00393700787
562940,562946,564413,6,1467,2,7200,1.00408997955
562960,562967,564481,7,1514,2,7200,1.00462351387
562980,562986,564640,6,1654,2,7200,1.00362756953
563034,563040,564488,6,1448,2,7200,1.00414364641
563070,563076,564650,6,1574,2,7200,1.00381194409
563192,563198,564751,6,1553,2,7200,1.00386349002
563227,563233,564899,6,1666,2,7200,1.00360144058
563256,563262,564733,6,1471,2,7200,1.00407885792
563257,563270,564841,13,1571,2,7200,1.00827498409
563274,563280,564853,6,1573,2,7200,1.00381436745
563328,563334,564856,6,1522,2,7200,1.00394218134
563348,563354,564843,6,1489,2,7200,1.00402955003
563460,563466,565009,6,1543,2,7200,1.00388852884
563527,563533,564909,6,1376,2,7200,1.00436046512
563528,563540,565093,12,1553,2,7200,1.00772698004
563552,563558,565494,6,1936,2,7200,1.00309917355
563594,563600,565151,6,1551,2,7200,1.00386847195
563642,563648,565311,6,1663,2,7200,1.00360793746
563664,563671,565214,7,1543,2,7200,1.00453661698
563681,563687,565192,6,1505,2,7200,1.00398671096
563698,563704,565248,6,1544,2,7200,1.00388601036
563767,563773,565222,6,1449,2,7200,1.00414078675
563820,563827,565408,7,1581,2,7200,1.00442757748
563880,563887,565349,7,1462,2,7200,1.0047879617
563903,563910,565445,7,1535,2,7200,1.00456026059
563960,563966,565501,6,1535,2,7200,1.00390879479
563992,563998,565444,6,1446,2,7200,1.00414937759
564049,564055,565753,6,1698,2,7200,1.0035335689
564065,564071,565713,6,1642,2,7200,1.00365408039
564140,564147,565770,7,1623,2,7200,1.00431300062
564157,564163,565683,6,1520,2,7200,1.00394736842
564174,564180,565636,6,1456,2,7200,1.00412087912
564202,564208,565630,6,1422,2,7200,1.00421940928
564222,564228,565825,6,1597,2,7200,1.00375704446
564254,564260,565828,6,1568,2,7200,1.00382653061
564280,564286,565811,6,1525,2,7200,1.00393442623
564297,564303,565797,6,1494,2,7200,1.00401606426
564313,564319,565786,6,1467,2,7200,1.00408997955
564361,564367,565915,6,1548,2,7200,1.00387596899
564414,564421,566063,7,1642,2,7200,1.00426309379
564484,564491,565992,7,1501,2,7200,1.00466355763
564501,564507,566002,6,1495,2,7200,1.00401337793
564643,564649,566232,6,1583,2,7200,1.00379027164
564659,564665,566208,6,1543,2,7200,1.00388852884
564735,564741,566317,6,1576,2,7200,1.0038071066
564754,564761,566272,7,1511,2,7200,1.00463269358
564842,564848,566448,6,1600,2,7200,1.00375
564859,564865,566575,6,1710,2,7200,1.00350877193
564860,564871,566430,11,1559,2,7200,1.007055805
564862,564877,566370,15,1493,2,7200,1.01004688547
564900,564906,566557,6,1651,2,7200,1.00363416111
564916,564922,566478,6,1556,2,7200,1.00385604113
565012,565018,566548,6,1530,2,7200,1.00392156863
565095,565101,566668,6,1567,2,7200,1.00382897256
565155,565161,566675,6,1514,2,7200,1.00396301189
565196,565202,566669,6,1467,2,7200,1.00408997955
565219,565225,566773,6,1548,2,7200,1.00387596899
565235,565241,566783,6,1542,2,7200,1.00389105058
565252,565258,566828,6,1570,2,7200,1.00382165605
565312,565318,566933,6,1615,2,7200,1.00371517028
565350,565356,566899,6,1543,2,7200,1.00388852884
565413,565419,566975,6,1556,2,7200,1.00385604113
565448,565454,567066,6,1612,2,7200,1.00372208437
565450,565461,567049,11,1588,2,7200,1.00692695214
565497,565503,566948,6,1445,2,7200,1.00415224913
565514,565520,567064,6,1544,2,7200,1.00388601036
565632,565639,567161,7,1522,2,7200,1.00459921156
565649,565655,567259,6,1604,2,7200,1.00374064838
565687,565694,567223,7,1529,2,7200,1.00457815566
565717,565723,567238,6,1515,2,7200,1.00396039604
565754,565761,567368,7,1607,2,7200,1.00435594275
565774,565781,567370,7,1589,2,7200,1.00440528634
565791,565797,567433,6,1636,2,7200,1.00366748166
565808,565814,567373,6,1559,2,7200,1.00384862091
565825,565831,567555,6,1724,2,7200,1.00348027842
565827,565837,567458,10,1621,2,7200,1.00616903146
565844,565850,567378,6,1528,2,7200,1.00392670157
565917,565923,567818,6,1895,2,7200,1.00316622691
565988,565995,589688,7,23693,1,86400,1.00029544591
565995,566001,567430,6,1429,2,7200,1.00419874038
566011,566018,567535,7,1517,2,7200,1.00461437047
566065,566071,567596,6,1525,2,7200,1.00393442623
566210,566216,567719,6,1503,2,7200,1.00399201597
566236,566243,567973,7,1730,2,7200,1.00404624277
566274,566281,567797,7,1516,2,7200,1.00461741425
566319,566325,567745,6,1420,2,7200,1.00422535211
566373,566379,567932,6,1553,2,7200,1.00386349002
566433,566439,567971,6,1532,2,7200,1.00391644909
566449,566455,567940,6,1485,2,7200,1.00404040404
566481,566488,567899,7,1411,2,7200,1.00496102055
566551,566557,568046,6,1489,2,7200,1.00402955003
566568,566574,568125,6,1551,2,7200,1.00386847195
566584,566590,568061,6,1471,2,7200,1.00407885792
566673,566679,568208,6,1529,2,7200,1.00392413342
566675,566686,568303,11,1617,2,7200,1.00680272109
566691,566697,568260,6,1563,2,7200,1.00383877159
566776,566783,568189,7,1406,2,7200,1.00497866287
566793,566799,568221,6,1422,2,7200,1.00421940928
566829,566835,568425,6,1590,2,7200,1.00377358491
566902,566908,568448,6,1540,2,7200,1.0038961039
566934,566940,568437,6,1497,2,7200,1.00400801603
566950,566957,568482,7,1525,2,7200,1.00459016393
566977,566983,568614,6,1631,2,7200,1.00367872471
567052,567058,568661,6,1603,2,7200,1.00374298191
567068,567074,568650,6,1576,2,7200,1.0038071066
567069,567081,568565,12,1484,2,7200,1.00808625337
567166,567172,568808,6,1636,2,7200,1.00366748166
567226,567232,568830,6,1598,2,7200,1.00375469337
567243,567249,568760,6,1511,2,7200,1.00397088021
567262,567268,568491,6,1223,2,7200,1.00490596893
567372,567379,568893,7,1514,2,7200,1.00462351387
567374,567385,568969,11,1584,2,7200,1.00694444444
567391,567397,569107,6,1710,2,7200,1.00350877193
567392,567403,568831,11,1428,2,7200,1.00770308123
567433,567439,568942,6,1503,2,7200,1.00399201597
567434,567446,569566,12,2120,2,7200,1.00566037736
567460,567467,568907,7,1440,2,7200,1.00486111111
567539,567545,569190,6,1645,2,7200,1.00364741641
567558,567565,569129,7,1564,2,7200,1.00447570332
567599,567606,569036,7,1430,2,7200,1.0048951049
567721,567727,569215,6,1488,2,7200,1.00403225806
567750,567756,569280,6,1524,2,7200,1.00393700787
567800,567807,569407,7,1600,2,7200,1.004375
567820,567826,569390,6,1564,2,7200,1.00383631714
567902,567908,569574,6,1666,2,7200,1.00360144058
567934,567940,569662,6,1722,2,7200,1.00348432056
567951,567957,569456,6,1499,2,7200,1.00400266845
567974,567981,569301,7,1320,2,7200,1.0053030303
567975,567987,569360,12,1373,2,7200,1.00873998543
568049,568054,569672,5,1618,2,7200,1.00309023486
568065,568072,569624,7,1552,2,7200,1.00451030928
568128,568134,569647,6,1513,2,7200,1.0039656312
568195,568200,569686,5,1486,2,7200,1.00336473755
568211,568218,569792,7,1574,2,7200,1.00444726811
568228,568234,569701,6,1467,2,7200,1.00408997955
568263,568269,569841,6,1572,2,7200,1.00381679389
568307,568313,569798,6,1485,2,7200,1.00404040404
568429,568435,569958,6,1523,2,7200,1.00393959291
568446,568452,570108,6,1656,2,7200,1.00362318841
568462,568468,570012,6,1544,2,7200,1.00388601036
568485,568491,570145,6,1654,2,7200,1.00362756953
568502,568509,570133,7,1624,2,7200,1.00431034483
568567,568574,570204,7,1630,2,7200,1.00429447853
568615,568621,570215,6,1594,2,7200,1.00376411543
568653,568659,570063,6,1404,2,7200,1.00427350427
568669,568676,570163,7,1487,2,7200,1.00470746469
568762,568769,570332,7,1563,2,7200,1.00447856686
568810,568816,570204,6,1388,2,7200,1.00432276657
568832,568839,570424,7,1585,2,7200,1.00441640379
568834,568846,570347,12,1501,2,7200,1.00799467022
568897,568903,570443,6,1540,2,7200,1.0038961039
568913,568919,570463,6,1544,2,7200,1.00388601036
568945,568951,570567,6,1616,2,7200,1.00371287129
568972,568978,570630,6,1652,2,7200,1.00363196126
569038,569044,570462,6,1418,2,7200,1.00423131171
569110,569116,570526,6,1410,2,7200,1.00425531915
569133,569139,570797,6,1658,2,7200,1.00361881785
569192,569199,571411,7,2212,2,7200,1.00316455696
569218,569224,570736,6,1512,2,7200,1.00396825397
569284,569290,570783,6,1493,2,7200,1.00401875419
569303,569310,570733,7,1423,2,7200,1.00491918482
569363,569370,570856,7,1486,2,7200,1.00471063257
569392,569399,570773,7,1374,2,7200,1.00509461426
569409,569415,571437,6,2022,2,7200,1.00296735905
569459,569465,570890,6,1425,2,7200,1.00421052632
569568,569574,571046,6,1472,2,7200,1.00407608696
569585,569591,571027,6,1436,2,7200,1.00417827298
569625,569631,571169,6,1538,2,7200,1.00390117035
569648,569655,571242,7,1587,2,7200,1.00441083806
569665,569672,571194,7,1522,2,7200,1.00459921156
569682,569688,571229,6,1541,2,7200,1.0038935756
569699,569705,572262,6,2557,2,7200,1.0023464998
569715,569721,571228,6,1507,2,7200,1.00398142004
569794,569800,571325,6,1525,2,7200,1.00393442623
569811,569817,571374,6,1557,2,7200,1.00385356455
569843,569849,571426,6,1577,2,7200,1.00380469245
569962,569969,571493,7,1524,2,7200,1.00459317585
570016,570022,571563,6,1541,2,7200,1.0038935756
570066,570073,571590,7,1517,2,7200,1.00461437047
570111,570117,571559,6,1442,2,7200,1.00416088766
570136,570142,571780,6,1638,2,7200,1.00366300366
570153,570159,571665,6,1506,2,7200,1.00398406375
570169,570175,571776,6,1601,2,7200,1.00374765771
570171,570182,573850,11,3668,1,14400,1.00299890949
570207,570213,571686,6,1473,2,7200,1.00407331976
570209,570220,571718,11,1498,2,7200,1.00734312417
570225,570231,571815,6,1584,2,7200,1.00378787879
570337,570343,571961,6,1618,2,7200,1.00370828183
570354,570360,571868,6,1508,2,7200,1.00397877984
570425,570431,572124,6,1693,2,7200,1.00354400473
570445,570451,571979,6,1528,2,7200,1.00392670157
570464,570470,572020,6,1550,2,7200,1.00387096774
570466,570476,572068,10,1592,2,7200,1.00628140704
570529,570535,572035,6,1500,2,7200,1.004
570571,570577,572140,6,1563,2,7200,1.00383877159
570634,570641,572195,7,1554,2,7200,1.0045045045
570737,570744,572295,7,1551,2,7200,1.00451321728
570739,570751,572369,12,1618,2,7200,1.00741656366
570774,570780,572372,6,1592,2,7200,1.00376884422
570791,570797,572412,6,1615,2,7200,1.00371517028
570807,570813,572448,6,1635,2,7200,1.00366972477
570857,570864,572218,7,1354,2,7200,1.00516986706
570892,570899,572332,7,1433,2,7200,1.00488485694
571030,571036,572542,6,1506,2,7200,1.00398406375
571050,571057,572486,7,1429,2,7200,1.00489853044
571173,571179,572686,6,1507,2,7200,1.00398142004
571196,571202,572860,6,1658,2,7200,1.00361881785
571233,571239,572752,6,1513,2,7200,1.0039656312
571234,571246,572779,12,1533,2,7200,1.00782778865
571251,571257,572833,6,1576,2,7200,1.0038071066
571329,571335,572965,6,1630,2,7200,1.0036809816
571377,571383,573109,6,1726,2,7200,1.00347624565
571415,571422,573028,7,1606,2,7200,1.00435865504
571432,571438,572868,6,1430,2,7200,1.0041958042
571449,571455,573240,6,1785,2,7200,1.00336134454
571496,571502,573036,6,1534,2,7200,1.00391134289
571562,571568,573204,6,1636,2,7200,1.00366748166
571578,571584,572980,6,1396,2,7200,1.00429799427
571594,571601,573207,7,1606,2,7200,1.00435865504
571666,571673,573330,7,1657,2,7200,1.00422450211
571689,571695,573177,6,1482,2,7200,1.004048583
571720,571727,573275,7,1548,2,7200,1.00452196382
571780,571787,573320,7,1533,2,7200,1.00456621005
571782,571794,573442,12,1648,2,7200,1.0072815534
571817,571823,573397,6,1574,2,7200,1.00381194409
571873,571879,573346,6,1467,2,7200,1.00408997955
571963,571969,573527,6,1558,2,7200,1.00385109114
571983,571989,573473,6,1484,2,7200,1.00404312668
572021,572027,573645,6,1618,2,7200,1.00370828183
572038,572045,573664,7,1619,2,7200,1.00432365658
572070,572076,573613,6,1537,2,7200,1.00390370852
572129,572135,573758,6,1623,2,7200,1.00369685767
572146,572152,573585,6,1433,2,7200,1.00418702024
572196,572202,573653,6,1451,2,7200,1.00413507926
572219,572225,573817,6,1592,2,7200,1.00376884422
572264,572270,573862,6,1592,2,7200,1.00376884422
572299,572305,573797,6,1492,2,7200,1.00402144772
572334,572340,573854,6,1514,2,7200,1.00396301189
572373,572379,573910,6,1531,2,7200,1.00391900718
572375,572386,574041,11,1655,2,7200,1.00664652568
572413,572419,574000,6,1581,2,7200,1.00379506641
572451,572457,573953,6,1496,2,7200,1.00401069519
572489,572495,574045,6,1550,2,7200,1.00387096774
572546,572552,574118,6,1566,2,7200,1.00383141762
572688,572696,574328,8,1632,2,7200,1.00490196078
572754,572760,574213,6,1453,2,7200,1.00412938747
572782,572788,574408,6,1620,2,7200,1.0037037037
572836,572842,574317,6,1475,2,7200,1.00406779661
572862,572868,574500,6,1632,2,7200,1.00367647059
572878,572885,574363,7,1478,2,7200,1.00473612991
572968,572974,574619,6,1645,2,7200,1.00364741641
572984,572990,574524,6,1534,2,7200,1.00391134289
573032,573038,574569,6,1531,2,7200,1.00391900718
573048,573055,574637,7,1582,2,7200,1.00442477876
573111,573117,574540,6,1423,2,7200,1.00421644413
573180,573185,574593,5,1408,2,7200,1.00355113636
573206,573212,574786,6,1574,2,7200,1.00381194409
573223,573229,574906,6,1677,2,7200,1.00357781753
573243,573249,574788,6,1539,2,7200,1.00389863548
573278,573284,574875,6,1591,2,7200,1.00377121307
573322,573328,574980,6,1652,2,7200,1.00363196126
573338,573345,574880,7,1535,2,7200,1.00456026059
573355,573361,575009,6,1648,2,7200,1.0036407767
573400,573406,574922,6,1516,2,7200,1.00395778364
573444,573450,574988,6,1538,2,7200,1.00390117035
573475,573482,574943,7,1461,2,7200,1.00479123888
573529,573535,575137,6,1602,2,7200,1.00374531835
573588,573594,575064,6,1470,2,7200,1.00408163265
573614,573620,575247,6,1627,2,7200,1.0036877689
573646,573653,575254,7,1601,2,7200,1.00437226733
573663,573669,575244,6,1575,2,7200,1.00380952381
573680,573686,575247,6,1561,2,7200,1.00384368994
573761,573767,575171,6,1404,2,7200,1.00427350427
573800,573806,575420,6,1614,2,7200,1.00371747212
573820,573826,575359,6,1533,2,7200,1.00391389432
573858,573864,575403,6,1539,2,7200,1.00389863548
573875,573881,575537,6,1656,2,7200,1.00362318841
573913,573919,575603,6,1684,2,7200,1.00356294537
573954,573960,575539,6,1579,2,7200,1.00379987334
574002,574008,575507,6,1499,2,7200,1.00400266845
574044,574050,575577,6,1527,2,7200,1.00392927308
574060,574066,575490,6,1424,2,7200,1.00421348315
574067,574073,615621,6,41548,1,43200,1.00014441128
574120,574126,575612,6,1486,2,7200,1.00403768506
574217,574223,575870,6,1647,2,7200,1.00364298725
574321,574327,575833,6,1506,2,7200,1.00398406375
574338,574344,575996,6,1652,2,7200,1.00363196126
574367,574373,575910,6,1537,2,7200,1.00390370852
574411,574417,575926,6,1509,2,7200,1.00397614314
574502,574508,576128,6,1620,2,7200,1.0037037037
574525,574531,576058,6,1527,2,7200,1.00392927308
574544,574551,576097,7,1546,2,7200,1.00452781371
574574,574580,576173,6,1593,2,7200,1.00376647834
574596,574602,576220,6,1618,2,7200,1.00370828183
574622,574629,576255,7,1626,2,7200,1.00430504305
574639,574645,576155,6,1510,2,7200,1.00397350993
574787,574793,576308,6,1515,2,7200,1.00396039604
574803,574810,576366,7,1556,2,7200,1.00449871465
574879,574886,576341,7,1455,2,7200,1.00481099656
574881,574892,576348,11,1456,2,7200,1.00755494505
574907,574913,576530,6,1617,2,7200,1.00371057514
574924,574930,576332,6,1402,2,7200,1.00427960057
574944,574950,576442,6,1492,2,7200,1.00402144772
574983,574989,576504,6,1515,2,7200,1.00396039604
574999,575006,576513,7,1507,2,7200,1.00464499005
575016,575022,576498,6,1476,2,7200,1.00406504065
575066,575072,576631,6,1559,2,7200,1.00384862091
575141,575147,576592,6,1445,2,7200,1.00415224913
575173,575179,576742,6,1563,2,7200,1.00383877159
575247,575254,576709,7,1455,2,7200,1.00481099656
575249,575260,576828,11,1568,2,7200,1.00701530612
575250,575266,576817,16,1551,2,7200,1.01031592521
575266,575273,576690,7,1417,2,7200,1.00494001411
575363,575369,576745,6,1376,2,7200,1.00436046512
575406,575412,576845,6,1433,2,7200,1.00418702024
575423,575429,576964,6,1535,2,7200,1.00390879479
575493,575499,577156,6,1657,2,7200,1.00362100181
575509,575516,577031,7,1515,2,7200,1.00462046205
575538,575545,576934,7,1389,2,7200,1.00503959683
575555,575561,577134,6,1573,2,7200,1.00381436745
575578,575584,577014,6,1430,2,7200,1.0041958042
575607,575613,577171,6,1558,2,7200,1.00385109114
575624,575630,577215,6,1585,2,7200,1.00378548896
575834,575840,577370,6,1530,2,7200,1.00392156863
575872,575879,577527,7,1648,2,7200,1.00424757282
575908,575914,589043,6,13129,1,86400,1.00045700358
575913,575920,577435,7,1515,2,7200,1.00462046205
575930,575936,577473,6,1537,2,7200,1.00390370852
575948,575954,598544,6,22590,1,86400,1.00026560425
575999,576005,577626,6,1621,2,7200,1.00370141888
576058,576064,577606,6,1542,2,7200,1.00389105058
576099,576105,577653,6,1548,2,7200,1.00387596899
576131,576137,577809,6,1672,2,7200,1.00358851675
576157,576164,577733,7,1569,2,7200,1.00446144041
576177,576183,577751,6,1568,2,7200,1.00382653061
576224,576230,577712,6,1482,2,7200,1.004048583
576259,576265,577879,6,1614,2,7200,1.00371747212
576310,576316,577901,6,1585,2,7200,1.00378548896
576336,576342,577760,6,1418,2,7200,1.00423131171
576353,576359,578027,6,1668,2,7200,1.0035971223
576354,576365,577881,11,1516,2,7200,1.00725593668
576371,576377,577984,6,1607,2,7200,1.00373366521
576444,576451,577943,7,1492,2,7200,1.00469168901
576501,576508,577870,7,1362,2,7200,1.00513950073
576518,576524,578372,6,1848,2,7200,1.00324675325
576519,576530,578084,11,1554,2,7200,1.00707850708
576536,576542,578093,6,1551,2,7200,1.00386847195
576595,576602,578250,7,1648,2,7200,1.00424757282
576633,576640,578241,7,1601,2,7200,1.00437226733
576694,576700,578364,6,1664,2,7200,1.00360576923
576713,576720,578224,7,1504,2,7200,1.00465425532
576742,576748,578186,6,1438,2,7200,1.00417246175
576759,576765,578326,6,1561,2,7200,1.00384368994
576818,576824,578298,6,1474,2,7200,1.00407055631
576835,576841,578343,6,1502,2,7200,1.00399467377
576851,576858,578442,7,1584,2,7200,1.00441919192
576936,576942,578476,6,1534,2,7200,1.00391134289
576966,576972,578584,6,1612,2,7200,1.00372208437
577016,577022,578616,6,1594,2,7200,1.00376411543
577032,577039,578610,7,1571,2,7200,1.00445576066
577135,577141,578614,6,1473,2,7200,1.00407331976
577158,577164,578914,6,1750,2,7200,1.00342857143
577175,577181,578751,6,1570,2,7200,1.00382165605
577217,577223,578764,6,1541,2,7200,1.0038935756
577373,577379,578957,6,1578,2,7200,1.00380228137
577436,577442,578924,6,1482,2,7200,1.004048583
577478,577484,579171,6,1687,2,7200,1.00355660937
577531,577537,579073,6,1536,2,7200,1.00390625
577609,577615,579093,6,1478,2,7200,1.00405953992
577629,577635,579709,6,2074,2,7200,1.00289296046
577654,577660,579161,6,1501,2,7200,1.00399733511
577714,577720,579270,6,1550,2,7200,1.00387096774
577737,577743,579366,6,1623,2,7200,1.00369685767
577754,577760,579280,6,1520,2,7200,1.00394736842
577770,577776,579407,6,1631,2,7200,1.00367872471
577812,577818,579343,6,1525,2,7200,1.00393442623
577871,577877,579410,6,1533,2,7200,1.00391389432
577888,577894,579478,6,1584,2,7200,1.00378787879
577889,577900,579432,11,1532,2,7200,1.00718015666
577906,577912,579393,6,1481,2,7200,1.00405131668
577947,577953,579349,6,1396,2,7200,1.00429799427
577986,577992,579523,6,1531,2,7200,1.00391900718
578030,578036,579678,6,1642,2,7200,1.00365408039
578087,578093,579601,6,1508,2,7200,1.00397877984
578104,578110,579676,6,1566,2,7200,1.00383141762
578189,578195,579630,6,1435,2,7200,1.00418118467
578227,578233,579857,6,1624,2,7200,1.00369458128
578244,578250,579865,6,1615,2,7200,1.00371517028
578260,578266,579814,6,1548,2,7200,1.00387596899
578301,578308,579754,7,1446,2,7200,1.00484094053
578328,578334,579982,6,1648,2,7200,1.0036407767
578348,578354,579911,6,1557,2,7200,1.00385356455
578368,578374,580029,6,1655,2,7200,1.00362537764
578384,578391,580051,7,1660,2,7200,1.00421686747
578445,578451,579947,6,1496,2,7200,1.00401069519
578480,578486,579990,6,1504,2,7200,1.0039893617
578588,578594,580088,6,1494,2,7200,1.00401606426
578611,578617,580180,6,1563,2,7200,1.00383877159
578628,578634,580096,6,1462,2,7200,1.00410396717
578629,578640,580195,11,1555,2,7200,1.00707395498
578752,578759,580285,7,1526,2,7200,1.00458715596
578769,578775,580228,6,1453,2,7200,1.00412938747
578916,578922,580557,6,1635,2,7200,1.00366972477
578932,578938,580536,6,1598,2,7200,1.00375469337
578961,578967,580492,6,1525,2,7200,1.00393442623
579076,579082,580598,6,1516,2,7200,1.00395778364
579096,579103,580661,7,1558,2,7200,1.00449293967
579166,579172,580673,6,1501,2,7200,1.00399733511
579182,579188,580668,6,1480,2,7200,1.00405405405
579272,579279,580750,7,1471,2,7200,1.00475866757
579289,579295,580820,6,1525,2,7200,1.00393442623
579345,579352,580848,7,1496,2,7200,1.00467914439
579362,579368,580908,6,1540,2,7200,1.0038961039
579378,579384,580956,6,1572,2,7200,1.00381679389
579395,579401,580945,6,1544,2,7200,1.00388601036
579411,579417,581030,6,1613,2,7200,1.00371977681
579413,579424,580980,11,1556,2,7200,1.00706940874
579435,579441,580957,6,1516,2,7200,1.00395778364
579479,579485,580815,6,1330,2,7200,1.0045112782
579527,579533,581048,6,1515,2,7200,1.00396039604
579606,579612,581280,6,1668,2,7200,1.0035971223
579631,579637,581083,6,1446,2,7200,1.00414937759
579679,579685,581181,6,1496,2,7200,1.00401069519
579680,579692,581224,12,1532,2,7200,1.00783289817
579712,579718,581364,6,1646,2,7200,1.00364520049
579756,579762,581285,6,1523,2,7200,1.00393959291
579816,579822,581401,6,1579,2,7200,1.00379987334
579860,579866,581417,6,1551,2,7200,1.00386847195
579877,579883,581422,6,1539,2,7200,1.00389863548
579912,579919,581473,7,1554,2,7200,1.0045045045
579951,579957,581495,6,1538,2,7200,1.00390117035
579984,579990,581470,6,1480,2,7200,1.00405405405
580001,580007,581576,6,1569,2,7200,1.00382409178
580033,580039,581646,6,1607,2,7200,1.00373366521
580053,580059,581558,6,1499,2,7200,1.00400266845
580092,580098,581603,6,1505,2,7200,1.00398671096
580109,580115,581660,6,1545,2,7200,1.00388349515
580184,580190,581692,6,1502,2,7200,1.00399467377
580201,580207,581724,6,1517,2,7200,1.00395517469
580230,580237,581764,7,1527,2,7200,1.00458415193
580287,580293,581872,6,1579,2,7200,1.00379987334
580494,580500,582028,6,1528,2,7200,1.00392670157
580538,580545,582100,7,1555,2,7200,1.00450160772
580562,580568,582072,6,1504,2,7200,1.0039893617
580600,580607,582120,7,1513,2,7200,1.00462656973
580663,580669,582293,6,1624,2,7200,1.00369458128
580680,580686,582148,6,1462,2,7200,1.00410396717
580681,580692,582140,11,1448,2,7200,1.00759668508
580754,580760,582526,6,1766,2,7200,1.00339750849
580782,580788,605029,6,24241,1,86400,1.00024751454
580816,580823,582437,7,1614,2,7200,1.00433705081
580833,580839,582394,6,1555,2,7200,1.0038585209
580850,580856,582334,6,1478,2,7200,1.00405953992
580913,580919,582618,6,1699,2,7200,1.00353148911
580948,580954,582376,6,1422,2,7200,1.00421940928
580966,580972,582590,6,1618,2,7200,1.00370828183
580967,580979,582439,12,1460,2,7200,1.00821917808
580984,580990,582452,6,1462,2,7200,1.00410396717
581031,581038,582610,7,1572,2,7200,1.00445292621
581051,581057,582511,6,1454,2,7200,1.00412654746
581087,581093,582791,6,1698,2,7200,1.0035335689
581183,581189,582645,6,1456,2,7200,1.00412087912
581227,581233,582674,6,1441,2,7200,1.00416377516
581282,581288,582741,6,1453,2,7200,1.00412938747
581298,581304,583670,6,2366,2,7200,1.00253592561
581367,581373,582876,6,1503,2,7200,1.00399201597
581406,581413,582913,7,1500,2,7200,1.00466666667
581422,581428,583100,6,1672,2,7200,1.00358851675
581438,581444,583124,6,1680,2,7200,1.00357142857
581474,581480,583143,6,1663,2,7200,1.00360793746
581476,581488,582939,12,1451,2,7200,1.00827015851
581499,581505,583173,6,1668,2,7200,1.0035971223
581561,581567,583066,6,1499,2,7200,1.00400266845
581580,581587,583164,7,1577,2,7200,1.00443880786
581607,581613,583082,6,1469,2,7200,1.00408441116
581648,581654,582984,6,1330,2,7200,1.0045112782
581664,581670,583234,6,1564,2,7200,1.00383631714
581693,581699,583198,6,1499,2,7200,1.00400266845
581729,581735,583260,6,1525,2,7200,1.00393442623
581767,581774,583310,7,1536,2,7200,1.00455729167
581875,581881,583639,6,1758,2,7200,1.00341296928
582031,582037,583656,6,1619,2,7200,1.00370599135
582075,582081,583728,6,1647,2,7200,1.00364298725
582103,582110,583740,7,1630,2,7200,1.00429447853
582123,582129,583767,6,1638,2,7200,1.00366300366
582143,582149,583657,6,1508,2,7200,1.00397877984
582160,582166,583743,6,1577,2,7200,1.00380469245
582296,582302,583808,6,1506,2,7200,1.00398406375
582321,582327,605861,6,23534,1,86400,1.00025495028
582337,582344,584023,7,1679,2,7200,1.0041691483
582379,582385,583967,6,1582,2,7200,1.00379266751
582396,582402,584028,6,1626,2,7200,1.0036900369
582437,582443,584009,6,1566,2,7200,1.00383141762
582454,582460,584027,6,1567,2,7200,1.00382897256
582456,582473,584130,17,1657,2,7200,1.01025950513
582459,582467,584200,8,1733,12,7200,1.00461627236
582464,582479,584200,15,1721,12,7200,1.00871586287
582516,582522,584020,6,1498,2,7200,1.00400534045
582533,582539,584047,6,1508,2,7200,1.00397877984
582592,582598,584132,6,1534,2,7200,1.00391134289
582613,582619,584239,6,1620,2,7200,1.0037037037
582629,582636,584193,7,1557,2,7200,1.00449582531
582637,582643,584313,6,1670,1,79200,1.00359281437
582649,582655,584103,6,1448,2,7200,1.00414364641
582675,582681,584309,6,1628,2,7200,1.00368550369
582744,582750,584302,6,1552,2,7200,1.00386597938
582795,582801,584233,6,1432,2,7200,1.00418994413
582879,582885,584594,6,1709,2,7200,1.00351082504
582915,582921,584553,6,1632,2,7200,1.00367647059
582941,582947,584564,6,1617,2,7200,1.00371057514
582985,582992,584554,7,1562,2,7200,1.00448143406
583070,583076,584579,6,1503,2,7200,1.00399201597
583087,583093,584979,6,1886,2,7200,1.00318133616
583104,583110,584644,6,1534,2,7200,1.00391134289
583126,583132,584708,6,1576,2,7200,1.0038071066
583146,583152,584681,6,1529,2,7200,1.00392413342
583168,583174,584745,6,1571,2,7200,1.00381922342
583185,583191,584787,6,1596,2,7200,1.0037593985
583202,583208,584681,6,1473,2,7200,1.00407331976
583237,583243,584727,6,1484,2,7200,1.00404312668
583263,583270,584893,7,1623,2,7200,1.00431300062
583313,583319,584883,6,1564,2,7200,1.00383631714
583641,583647,585301,6,1654,2,7200,1.00362756953
583658,583664,585214,6,1550,2,7200,1.00387096774
583659,583670,585262,11,1592,2,7200,1.00690954774
583676,583682,585338,6,1656,2,7200,1.00362318841
583731,583737,585296,6,1559,2,7200,1.00384862091
583748,583754,585274,6,1520,2,7200,1.00394736842
583749,583761,585338,12,1577,2,7200,1.00760938491
583769,583775,585322,6,1547,2,7200,1.00387847447
583810,583816,585442,6,1626,2,7200,1.0036900369
583970,583976,585544,6,1568,2,7200,1.00382653061
584011,584017,585541,6,1524,2,7200,1.00393700787
584028,584034,585657,6,1623,2,7200,1.00369685767
584030,584041,585541,11,1500,2,7200,1.00733333333
584031,584046,585617,15,1571,2,7200,1.00954805856
584038,584052,585648,14,1596,2,7200,1.00877192982
584055,584061,585622,6,1561,2,7200,1.00384368994
584106,584112,585631,6,1519,2,7200,1.00394996708
584131,584137,585766,6,1629,2,7200,1.00368324125
584133,584144,585680,11,1536,2,7200,1.00716145833
584196,584202,585665,6,1463,2,7200,1.004101162
584236,584250,586167,14,1917,12,7200,1.00730307773
584237,584243,586153,6,1910,2,7200,1.00314136126
584254,584260,585766,6,1506,2,7200,1.00398406375
584299,584324,584755,25,431,6,7200,1.05800464037
584306,584312,585664,6,1352,2,7200,1.00443786982
584322,584331,585934,9,1603,2,7200,1.00561447286
584555,584561,586102,6,1541,2,7200,1.0038935756
584557,584568,586075,11,1507,2,7200,1.00729927007
584575,584581,586077,6,1496,2,7200,1.00401069519
584591,584598,586109,7,1511,2,7200,1.00463269358
584608,584614,586167,6,1553,2,7200,1.00386349002
584646,584652,586092,6,1440,2,7200,1.00416666667
584685,584691,586175,6,1484,2,7200,1.00404312668
584686,584699,586274,13,1575,2,7200,1.00825396825
584710,584716,586222,6,1506,2,7200,1.00398406375
584729,584735,586341,6,1606,2,7200,1.00373599004
584746,584752,586242,6,1490,2,7200,1.00402684564
584790,584796,586486,6,1690,2,7200,1.00355029586
584885,584891,586381,6,1490,2,7200,1.00402684564
584901,584907,586396,6,1489,2,7200,1.00402955003
584977,584984,586472,7,1488,2,7200,1.00470430108
585196,585202,585638,6,436,6,3600,1.01376146789
585218,585224,586923,6,1699,2,7200,1.00353148911
585266,585272,586871,6,1599,2,7200,1.00375234522
585282,585288,586766,6,1478,2,7200,1.00405953992
585299,585305,586883,6,1578,2,7200,1.00380228137
585316,585322,586943,6,1621,2,7200,1.00370141888
585332,585338,586929,6,1591,2,7200,1.00377121307
585334,585345,586871,11,1526,2,7200,1.00720838794
585350,585357,586906,7,1549,2,7200,1.00451904454
585444,585450,587016,6,1566,2,7200,1.00383141762
585534,585541,586902,7,1361,2,7200,1.005143277
585551,585557,587231,6,1674,2,7200,1.00358422939
585552,585563,587193,11,1630,2,7200,1.00674846626
585619,585625,587116,6,1491,2,7200,1.00402414487
585636,585642,587170,6,1528,2,7200,1.00392670157
585637,585648,587197,11,1549,2,7200,1.00710135571
585639,585654,587136,15,1482,2,7200,1.01012145749
585659,585665,587262,6,1597,2,7200,1.00375704446
585676,585682,587233,6,1551,2,7200,1.00386847195
585678,585688,587135,10,1447,2,7200,1.00691085003
585694,585700,587308,6,1608,2,7200,1.00373134328
585769,585775,587299,6,1524,2,7200,1.00393700787
585770,585783,587231,13,1448,2,7200,1.00897790055
585937,585943,587531,6,1588,2,7200,1.00377833753
586063,586069,587627,6,1558,2,7200,1.00385109114
586080,586086,587587,6,1501,2,7200,1.00399733511
586097,586103,587538,6,1435,2,7200,1.00418118467
586114,586121,587637,7,1516,2,7200,1.00461741425
586116,586127,587777,11,1650,2,7200,1.00666666667
586154,586161,587678,7,1517,2,7200,1.00461437047
586172,586178,587667,6,1489,2,7200,1.00402955003
586188,586195,587755,7,1560,2,7200,1.00448717949
586224,586230,587871,6,1641,2,7200,1.00365630713
586231,586238,587719,7,1481,1,3600,1.00472653612
586244,586250,587812,6,1562,2,7200,1.00384122919
586276,586282,587899,6,1617,2,7200,1.00371057514
586342,586349,587939,7,1590,2,7200,1.00440251572
586384,586390,588052,6,1662,2,7200,1.0036101083
586400,586406,587984,6,1578,2,7200,1.00380228137
586454,586461,588079,7,1618,2,7200,1.0043263288
586471,586478,588022,7,1544,2,7200,1.00453367876
586770,586776,588146,6,1370,2,7200,1.00437956204
586873,586879,588353,6,1474,2,7200,1.00407055631
586874,586886,589060,12,2174,2,7200,1.00551977921
586892,586898,588452,6,1554,2,7200,1.00386100386
586909,586915,588439,6,1524,2,7200,1.00393700787
586911,586922,588523,11,1601,2,7200,1.00687070581
586928,586934,588433,6,1499,2,7200,1.00400266845
586944,586951,588429,7,1478,2,7200,1.00473612991
586946,586958,588484,12,1526,2,7200,1.00786369594
587021,587027,588525,6,1498,2,7200,1.00400534045
587117,587123,588715,6,1592,2,7200,1.00376884422
587136,587142,588679,6,1537,2,7200,1.00390370852
587137,587148,588662,11,1514,2,7200,1.0072655218
587172,587179,588765,7,1586,2,7200,1.00441361917
587192,587198,588852,6,1654,2,7200,1.00362756953
587209,587215,588801,6,1586,2,7200,1.00378310214
587232,587238,588835,6,1597,2,7200,1.00375704446
587234,587245,588881,11,1636,2,7200,1.00672371638
587235,587251,588815,16,1564,2,7200,1.01023017903
587265,587271,588794,6,1523,2,7200,1.00393959291
587300,587306,588785,6,1479,2,7200,1.00405679513
587316,587322,588924,6,1602,2,7200,1.00374531835
587533,587540,589216,7,1676,2,7200,1.00417661098
587550,587556,589160,6,1604,2,7200,1.00374064838
587589,587595,589118,6,1523,2,7200,1.00393959291
587630,587636,589275,6,1639,2,7200,1.00366076876
587646,587652,589306,6,1654,2,7200,1.00362756953
587670,587676,589172,6,1496,2,7200,1.00401069519
587686,587692,589262,6,1570,2,7200,1.00382165605
587760,587766,589338,6,1572,2,7200,1.00381679389
587780,587786,589448,6,1662,2,7200,1.0036101083
587816,587822,589338,6,1516,2,7200,1.00395778364
587873,587879,589389,6,1510,2,7200,1.00397350993
587902,587908,589432,6,1524,2,7200,1.00393700787
587943,587949,590201,6,2252,2,7200,1.0026642984
587987,587993,589535,6,1542,2,7200,1.00389105058
588025,588031,589532,6,1501,2,7200,1.00399733511
588053,588060,589692,7,1632,2,7200,1.00428921569
588082,588088,589601,6,1513,2,7200,1.0039656312
588149,588155,589680,6,1525,2,7200,1.00393442623
588358,588364,589846,6,1482,2,7200,1.004048583
588431,588438,590024,7,1586,2,7200,1.00441361917
588433,588444,590118,11,1674,2,7200,1.00657108722
588450,588456,589930,6,1474,2,7200,1.00407055631
588466,588472,590061,6,1589,2,7200,1.00377595972
588489,588495,590027,6,1532,2,7200,1.00391644909
588527,588534,590095,7,1561,2,7200,1.00448430493
588529,588540,590044,11,1504,2,7200,1.00731382979
588665,588671,590222,6,1551,2,7200,1.00386847195
588682,588688,590227,6,1539,2,7200,1.00389863548
588718,588724,590318,6,1594,2,7200,1.00376411543
588768,588774,590137,6,1363,2,7200,1.00440205429
588788,588794,590339,6,1545,2,7200,1.00388349515
588806,588812,590472,6,1660,2,7200,1.00361445783
588807,588818,590299,11,1481,2,7200,1.00742741391
588824,588830,590278,6,1448,2,7200,1.00414364641
588840,588846,590247,6,1401,2,7200,1.00428265525
588857,588864,590381,7,1517,2,7200,1.00461437047
588886,588892,590563,6,1671,2,7200,1.00359066427
588927,588933,590357,6,1424,2,7200,1.00421348315
589062,589068,590700,6,1632,2,7200,1.00367647059
589122,589128,590599,6,1471,2,7200,1.00407885792
589163,589169,590667,6,1498,2,7200,1.00400534045
589180,589186,590610,6,1424,2,7200,1.00421348315
589218,589225,590665,7,1440,2,7200,1.00486111111
589266,589272,590858,6,1586,2,7200,1.00378310214
589283,589289,590789,6,1500,2,7200,1.004
589309,589315,590739,6,1424,2,7200,1.00421348315
589338,589345,590904,7,1559,2,7200,1.00449005773
589340,589352,590844,12,1492,2,7200,1.00804289544
589392,589398,590996,6,1598,2,7200,1.00375469337
589436,589443,591022,7,1579,2,7200,1.00443318556
589453,589459,591057,6,1598,2,7200,1.00375469337
589535,589542,590886,7,1344,2,7200,1.00520833333
589537,589548,591232,11,1684,2,7200,1.00653206651
589603,589610,591301,7,1691,2,7200,1.00413956239
589685,589691,591315,6,1624,2,7200,1.00369458128
589701,589708,591162,7,1454,2,7200,1.00481430536
589849,589855,591285,6,1430,2,7200,1.0041958042
589934,589940,591543,6,1603,2,7200,1.00374298191
590025,590031,591608,6,1577,2,7200,1.00380469245
590041,590047,591721,6,1674,2,7200,1.00358422939
590057,590064,591601,7,1537,2,7200,1.00455432661
590073,590080,592209,7,2129,2,7200,1.0032879286
590100,590106,591637,6,1531,2,7200,1.00391900718
590122,590128,591588,6,1460,2,7200,1.00410958904
590139,590145,591770,6,1625,2,7200,1.00369230769
590205,590211,591786,6,1575,2,7200,1.00380952381
590226,590232,591781,6,1549,2,7200,1.00387346675
590242,590248,591706,6,1458,2,7200,1.00411522634
590259,590265,591928,6,1663,2,7200,1.00360793746
590282,590288,591946,6,1658,2,7200,1.00361881785
590302,590308,591865,6,1557,2,7200,1.00385356455
590322,590328,591807,6,1479,2,7200,1.00405679513
590342,590348,591876,6,1528,2,7200,1.00392670157
590358,590365,592210,7,1845,2,7200,1.00379403794
590385,590391,592033,6,1642,2,7200,1.00365408039
590476,590482,591921,6,1439,2,7200,1.0041695622
590566,590572,592082,6,1510,2,7200,1.00397350993
590602,590608,592177,6,1569,2,7200,1.00382409178
590618,590624,592179,6,1555,2,7200,1.0038585209
590669,590675,592455,6,1780,2,7200,1.00337078652
590670,590681,592244,11,1563,2,7200,1.00703774792
590687,590693,592277,6,1584,2,7200,1.00378787879
590741,590747,592204,6,1457,2,7200,1.00411805079
590791,590797,592277,6,1480,2,7200,1.00405405405
590847,590853,592412,6,1559,2,7200,1.00384862091
590864,590870,592477,6,1607,2,7200,1.00373366521
590887,590893,592429,6,1536,2,7200,1.00390625
590907,590913,592433,6,1520,2,7200,1.00394736842
590998,591004,592642,6,1638,2,7200,1.00366300366
591025,591031,592557,6,1526,2,7200,1.00393184797
591060,591066,592706,6,1640,2,7200,1.00365853659
591165,591172,592673,7,1501,2,7200,1.00466355763
591200,591206,591208,6,2,2,3540,1.0
591234,591241,592755,7,1514,2,7200,1.00462351387
591289,591296,592997,7,1701,2,7200,1.00411522634
591305,591311,592755,6,1444,2,7200,1.00415512465
591322,591328,592857,6,1529,2,7200,1.00392413342
591547,591553,593167,6,1614,2,7200,1.00371747212
591592,591598,593229,6,1631,2,7200,1.00367872471
591609,591615,593148,6,1533,2,7200,1.00391389432
591610,591622,593057,12,1435,2,7200,1.00836236934
591640,591646,593221,6,1575,2,7200,1.00380952381
591709,591714,593285,5,1571,2,7200,1.00318268619
591725,591731,593331,6,1600,2,7200,1.00375
591773,591779,593304,6,1525,2,7200,1.00393442623
591790,591796,593353,6,1557,2,7200,1.00385356455
591791,591802,593364,11,1562,2,7200,1.00704225352
591811,591817,593343,6,1526,2,7200,1.00393184797
591868,591874,593337,6,1463,2,7200,1.004101162
591885,591891,593351,6,1460,2,7200,1.00410958904
591923,591929,593412,6,1483,2,7200,1.004045853
591939,591946,593515,7,1569,2,7200,1.00446144041
591956,591963,593596,7,1633,2,7200,1.0042865891
592035,592041,593698,6,1657,2,7200,1.00362100181
592086,592093,593722,7,1629,2,7200,1.00429711479
592181,592187,593804,6,1617,2,7200,1.00371057514
592182,592194,593684,12,1490,2,7200,1.00805369128
592206,592212,593668,6,1456,2,7200,1.00412087912
592222,592228,593597,6,1369,2,7200,1.00438276114
592223,592234,593713,11,1479,2,7200,1.00743745774
592247,592253,593755,6,1502,2,7200,1.00399467377
592278,592285,593841,7,1556,2,7200,1.00449871465
592280,592293,593801,13,1508,2,7200,1.00862068966
592414,592420,593965,6,1545,2,7200,1.00388349515
592431,592437,593987,6,1550,2,7200,1.00387096774
592447,592453,594096,6,1643,2,7200,1.00365185636
592463,592470,593994,7,1524,2,7200,1.00459317585
592480,592486,593988,6,1502,2,7200,1.00399467377
592559,592565,594190,6,1625,2,7200,1.00369230769
592647,592653,594004,6,1351,2,7200,1.0044411547
592676,592682,594126,6,1444,2,7200,1.00415512465
592708,592714,594268,6,1554,2,7200,1.00386100386
592759,592765,594283,6,1518,2,7200,1.00395256917
592761,592772,594413,11,1641,2,7200,1.00670322974
592860,592866,594450,6,1584,2,7200,1.00378787879
593000,593006,594552,6,1546,2,7200,1.00388098318
593060,593066,594687,6,1621,2,7200,1.00370141888
593151,593157,594783,6,1626,2,7200,1.0036900369
593168,593174,595175,6,2001,2,7200,1.00299850075
593225,593232,594778,7,1546,2,7200,1.00452781371
593242,593248,594893,6,1645,2,7200,1.00364741641
593286,593292,594860,6,1568,2,7200,1.00382653061
593305,593312,594823,7,1511,2,7200,1.00463269358
593334,593340,594852,6,1512,2,7200,1.00396825397
593351,593357,594809,6,1452,2,7200,1.0041322314
593352,593363,594748,11,1385,2,7200,1.00794223827
593354,593368,594827,14,1459,2,7200,1.00959561343
593371,593377,594997,6,1620,2,7200,1.0037037037
593372,593383,594949,11,1566,2,7200,1.00702426564
593417,593423,595013,6,1590,2,7200,1.00377358491
593516,593523,595057,7,1534,2,7200,1.00456323338
593598,593604,595293,6,1689,2,7200,1.00355239787
593599,593611,595197,12,1586,2,7200,1.00756620429
593669,593675,595157,6,1482,2,7200,1.004048583
593686,593692,595146,6,1454,2,7200,1.00412654746
593703,593709,595218,6,1509,2,7200,1.00397614314
593720,593726,595349,6,1623,2,7200,1.00369685767
593736,593742,595164,6,1422,2,7200,1.00421940928
593758,593764,595354,6,1590,2,7200,1.00377358491
593803,593809,595406,6,1597,2,7200,1.00375704446
593804,593816,595436,12,1620,2,7200,1.00740740741
593843,593849,595366,6,1517,2,7200,1.00395517469
593968,593975,595514,7,1539,2,7200,1.00454840806
593989,593995,595545,6,1550,2,7200,1.00387096774
593990,594002,595521,12,1519,2,7200,1.00789993417
594008,594014,595604,6,1590,2,7200,1.00377358491
594009,594021,595539,12,1518,2,7200,1.00790513834
594099,594105,595600,6,1495,2,7200,1.00401337793
594131,594137,595572,6,1435,2,7200,1.00418118467
594193,594199,595764,6,1565,2,7200,1.00383386581
594271,594278,595965,7,1687,2,7200,1.00414937759
594288,594294,595854,6,1560,2,7200,1.00384615385
594416,594421,595820,5,1399,2,7200,1.00357398142
594453,594460,596008,7,1548,2,7200,1.00452196382
594554,594560,596024,6,1464,2,7200,1.00409836066
594690,594696,596351,6,1655,2,7200,1.00362537764
594749,594755,596366,6,1611,2,7200,1.00372439479
594782,594788,596269,6,1481,2,7200,1.00405131668
594798,594805,596289,7,1484,2,7200,1.00471698113
594815,594821,596344,6,1523,2,7200,1.00393959291
594832,594838,596286,6,1448,2,7200,1.00414364641
594834,594844,596383,10,1539,2,7200,1.0064977258
594857,594863,596386,6,1523,2,7200,1.00393959291
594874,594880,596386,6,1506,2,7200,1.00398406375
594897,594903,596450,6,1547,2,7200,1.00387847447
594951,594957,596539,6,1582,2,7200,1.00379266751
594999,595005,596512,6,1507,2,7200,1.00398142004
595016,595022,596570,6,1548,2,7200,1.00387596899
595060,595066,596671,6,1605,2,7200,1.00373831776
595149,595155,596560,6,1405,2,7200,1.00427046263
595165,595172,596668,7,1496,2,7200,1.00467914439
595167,595179,596795,12,1616,2,7200,1.00742574257
595184,595190,596772,6,1582,2,7200,1.00379266751
595200,595206,596757,6,1551,2,7200,1.00386847195
595220,595226,597053,6,1827,2,7200,1.00328407225
595296,595302,596825,6,1523,2,7200,1.00393959291
595353,595359,597006,6,1647,2,7200,1.00364298725
595369,595375,596962,6,1587,2,7200,1.00378071834
595371,595381,596843,10,1462,2,7200,1.00683994528
595409,595415,597063,6,1648,2,7200,1.0036407767
595438,595444,596964,6,1520,2,7200,1.00394736842
595442,595450,619514,8,24064,1,86400,1.00033244681
595493,595499,807909,6,212410,12,212400,1.00002824726
595512,595518,807930,6,212412,12,212400,1.00002824699
595519,595525,597139,6,1614,2,7200,1.00371747212
595535,595541,597149,6,1608,2,7200,1.00373134328
595547,595553,807981,6,212428,8,212400,1.00002824486
595551,595559,597252,8,1693,2,7200,1.00472533963
595553,595565,597117,12,1552,2,7200,1.00773195876
595576,595582,597166,6,1584,2,7200,1.00378787879
595602,595608,597272,6,1664,2,7200,1.00360576923
595618,595624,597215,6,1591,2,7200,1.00377121307
595690,847420,1452235,251730,604815,12,604800,1.41620991543
595740,847426,1452272,251686,604846,12,604800,1.41611583775
595767,595774,597435,7,1661,2,7200,1.00421432872
595822,595828,597491,6,1663,2,7200,1.00360793746
595857,595865,597315,8,1450,2,7200,1.00551724138
595968,595974,597575,6,1601,2,7200,1.00374765771
596009,596015,597569,6,1554,2,7200,1.00386100386
596026,596032,597653,6,1621,2,7200,1.00370141888
596273,596279,597796,6,1517,2,7200,1.00395517469
596289,596296,597815,7,1519,2,7200,1.00460829493
596291,596303,597640,12,1337,2,7200,1.00897531788
596348,596354,597891,6,1537,2,7200,1.00390370852
596365,596372,597911,7,1539,2,7200,1.00454840806
596367,596378,597835,11,1457,2,7200,1.00754975978
596387,596393,597950,6,1557,2,7200,1.00385356455
596388,596400,597895,12,1495,2,7200,1.00802675585
596390,596405,598012,15,1607,2,7200,1.00933416304
596452,596459,598094,7,1635,2,7200,1.00428134557
596515,596521,598051,6,1530,2,7200,1.00392156863
596542,596548,598167,6,1619,2,7200,1.00370599135
596561,596567,598073,6,1506,2,7200,1.00398406375
596578,596584,598034,6,1450,2,7200,1.00413793103
596670,596676,598385,6,1709,2,7200,1.00351082504
596672,596683,598194,11,1511,2,7200,1.00727994705
596759,596765,598477,6,1712,2,7200,1.0035046729
596776,596782,598357,6,1575,2,7200,1.00380952381
596799,596805,598321,6,1516,2,7200,1.00395778364
596829,596835,598275,6,1440,2,7200,1.00416666667
596846,596852,598444,6,1592,2,7200,1.00376884422
596964,596971,598510,7,1539,2,7200,1.00454840806
596966,596978,598787,12,1809,2,7200,1.00663349917
597008,597014,598622,6,1608,2,7200,1.00373134328
597055,597061,598570,6,1509,2,7200,1.00397614314
597071,597077,598466,6,1389,2,7200,1.00431965443
597119,597126,598608,7,1482,2,7200,1.00472334683
597142,597148,598723,6,1575,2,7200,1.00380952381
597158,597165,598704,7,1539,2,7200,1.00454840806
597175,597181,598640,6,1459,2,7200,1.00411240576
597220,597226,598684,6,1458,2,7200,1.00411522634
597255,597262,598717,7,1455,2,7200,1.00481099656
597275,597281,598779,6,1498,2,7200,1.00400534045
597317,597323,598855,6,1532,2,7200,1.00391644909
597438,597445,598965,7,1520,2,7200,1.00460526316
597493,597499,599035,6,1536,2,7200,1.00390625
597571,597577,599131,6,1554,2,7200,1.00386100386
597588,597594,599241,6,1647,2,7200,1.00364298725
597642,597648,599233,6,1585,2,7200,1.00378548896
597659,597665,599178,6,1513,2,7200,1.0039656312
597666,597672,622200,6,24528,1,86400,1.0002446184
597799,597805,599185,6,1380,2,7200,1.00434782609
597819,597826,599426,7,1600,2,7200,1.004375
597838,597845,599371,7,1526,2,7200,1.00458715596
597896,597903,599503,7,1600,2,7200,1.004375
597898,597910,599417,12,1507,2,7200,1.00796284008
597915,597921,599414,6,1493,2,7200,1.00401875419
597950,597956,599522,6,1566,2,7200,1.00383141762
598012,598019,599716,7,1697,2,7200,1.00412492634
598035,598041,599674,6,1633,2,7200,1.00367421923
598055,598061,599491,6,1430,2,7200,1.0041958042
598078,598084,599604,6,1520,2,7200,1.00394736842
598098,598104,599564,6,1460,2,7200,1.00410958904
598170,598176,599726,6,1550,2,7200,1.00387096774
598196,598202,599766,6,1564,2,7200,1.00383631714
598278,598284,599876,6,1592,2,7200,1.00376884422
598323,598329,599985,6,1656,2,7200,1.00362318841
598358,598364,599958,6,1594,2,7200,1.00376411543
598387,598393,599987,6,1594,2,7200,1.00376411543
598447,598454,599997,7,1543,2,7200,1.00453661698
598468,598474,600015,6,1541,2,7200,1.0038935756
598484,598491,599947,7,1456,2,7200,1.00480769231
598514,598520,600105,6,1585,2,7200,1.00378548896
598574,598580,600168,6,1588,2,7200,1.00377833753
598610,598616,600012,6,1396,2,7200,1.00429799427
598626,598633,600289,7,1656,2,7200,1.00422705314
598643,598650,600228,7,1578,2,7200,1.00443599493
598688,598694,600174,6,1480,2,7200,1.00405405405
598708,598714,600315,6,1601,2,7200,1.00374765771
598725,598731,600195,6,1464,2,7200,1.00409836066
598726,598737,600306,11,1569,2,7200,1.00701083493
598781,598787,600266,6,1479,2,7200,1.00405679513
598798,598804,600322,6,1518,2,7200,1.00395256917
598857,598863,600511,6,1648,2,7200,1.0036407767
598966,598973,600481,7,1508,2,7200,1.00464190981
599039,599045,600579,6,1534,2,7200,1.00391134289
599133,599139,600826,6,1687,2,7200,1.00355660937
599180,599187,600748,7,1561,2,7200,1.00448430493
599196,599203,600817,7,1614,2,7200,1.00433705081
599235,599241,601100,6,1859,2,7200,1.00322754169
599252,599258,600979,6,1721,2,7200,1.00348634515
599375,599381,600698,6,1317,2,7200,1.00455580866
599416,599422,600955,6,1533,2,7200,1.00391389432
599432,599439,600940,7,1501,2,7200,1.00466355763
599434,599445,600983,11,1538,2,7200,1.00715214564
599494,599500,601068,6,1568,2,7200,1.00382653061
599510,599517,600948,7,1431,2,7200,1.00489168414
599527,599533,601040,6,1507,2,7200,1.00398142004
599566,599572,601130,6,1558,2,7200,1.00385109114
599608,599614,601179,6,1565,2,7200,1.00383386581
599676,599682,601231,6,1549,2,7200,1.00387346675
599718,599724,601094,6,1370,2,7200,1.00437956204
599734,599741,601337,7,1596,2,7200,1.00438596491
599770,599776,601412,6,1636,2,7200,1.00366748166
599880,599886,601354,6,1468,2,7200,1.00408719346
599952,599959,601531,7,1572,2,7200,1.00445292621
599969,599975,601511,6,1536,2,7200,1.00390625
599989,599995,601483,6,1488,2,7200,1.00403225806
599990,600002,601549,12,1547,2,7200,1.00775694893
600007,600013,601567,6,1554,2,7200,1.00386100386
600024,600030,601336,6,1306,2,7200,1.0045941807
600025,600036,601678,11,1642,2,7200,1.00669914738
600106,600112,601588,6,1476,2,7200,1.00406504065
600169,600176,601759,7,1583,2,7200,1.00442198358
600185,600192,601746,7,1554,2,7200,1.0045045045
600202,600208,601750,6,1542,2,7200,1.00389105058
600228,600234,601777,6,1543,2,7200,1.00388852884
600270,600276,601783,6,1507,2,7200,1.00398142004
600290,600296,601786,6,1490,2,7200,1.00402684564
600309,600316,601879,7,1563,2,7200,1.00447856686
600327,600333,601740,6,1407,2,7200,1.00426439232
600328,600339,602012,11,1673,2,7200,1.00657501494
600483,600489,602704,6,2215,2,7200,1.00270880361
600512,600518,602160,6,1642,2,7200,1.00365408039
600581,600587,602079,6,1492,2,7200,1.00402144772
600702,600709,602367,7,1658,2,7200,1.00422195416
600750,600756,602276,6,1520,2,7200,1.00394736842
600819,600826,602298,7,1472,2,7200,1.00475543478
600836,600843,602397,7,1554,2,7200,1.0045045045
600942,600948,602591,6,1643,2,7200,1.00365185636
600959,600965,602626,6,1661,2,7200,1.00361228176
600961,600972,602584,11,1612,2,7200,1.00682382134
600980,600986,602585,6,1599,2,7200,1.00375234522
600996,601002,602673,6,1671,2,7200,1.00359066427
601044,601050,602646,6,1596,2,7200,1.0037593985
601070,601076,602483,6,1407,2,7200,1.00426439232
601096,601102,602667,6,1565,2,7200,1.00383386581
601112,601118,602680,6,1562,2,7200,1.00384122919
601132,601138,602635,6,1497,2,7200,1.00400801603
601183,601189,602686,6,1497,2,7200,1.00400801603
601235,601241,602775,6,1534,2,7200,1.00391134289
601339,601345,602891,6,1546,2,7200,1.00388098318
601340,601353,602865,13,1512,2,7200,1.0085978836
601357,601363,602813,6,1450,2,7200,1.00413793103
601416,601422,602893,6,1471,2,7200,1.00407885792
601486,601492,602933,6,1441,2,7200,1.00416377516
601514,601520,603010,6,1490,2,7200,1.00402684564
601532,601538,603078,6,1540,2,7200,1.0038961039
601552,601558,603164,6,1606,2,7200,1.00373599004
601568,601575,603203,7,1628,2,7200,1.0042997543
601592,601598,603227,6,1629,2,7200,1.00368324125
601679,601686,603142,7,1456,2,7200,1.00480769231
601742,601749,603284,7,1535,2,7200,1.00456026059
601760,601766,603313,6,1547,2,7200,1.00387847447
601761,601773,603368,12,1595,2,7200,1.00752351097
601763,601779,603252,16,1473,2,7200,1.01086218601
601780,601786,603233,6,1447,2,7200,1.00414651002
601797,601803,603371,6,1568,2,7200,1.00382653061
601798,601809,603493,11,1684,2,7200,1.00653206651
601882,601888,603451,6,1563,2,7200,1.00383877159
602012,602018,603728,6,1710,2,7200,1.00350877193
602082,602088,603521,6,1433,2,7200,1.00418702024
602163,602169,603816,6,1647,2,7200,1.00364298725
602275,602281,602283,6,2,2,3540,1.0
602281,602287,603721,6,1434,2,7200,1.00418410042
602301,602307,603725,6,1418,2,7200,1.00423131171
602370,602376,603878,6,1502,2,7200,1.00399467377
602400,602406,603958,6,1552,2,7200,1.00386597938
602487,602493,604031,6,1538,2,7200,1.00390117035
602587,602593,604230,6,1637,2,7200,1.0036652413
602589,602601,604151,12,1550,2,7200,1.00774193548
602606,602612,604175,6,1563,2,7200,1.00383877159
602629,602635,604259,6,1624,2,7200,1.00369458128
602646,602652,604436,6,1784,2,7200,1.0033632287
602648,602658,604095,10,1437,2,7200,1.00695894224
602671,602677,604248,6,1571,2,7200,1.00381922342
602689,602695,604241,6,1546,2,7200,1.00388098318
602690,602701,604319,11,1618,2,7200,1.00679851669
602692,602707,604185,15,1478,2,7200,1.0101488498
602708,602715,604294,7,1579,2,7200,1.00443318556
602777,602784,604331,7,1547,2,7200,1.00452488688
602816,602822,604367,6,1545,2,7200,1.00388349515
602867,602874,604438,7,1564,2,7200,1.00447570332
602894,602900,604566,6,1666,2,7200,1.00360144058
602895,602907,604439,12,1532,2,7200,1.00783289817
602934,602941,604397,7,1456,2,7200,1.00480769231
603013,603019,604438,6,1419,2,7200,1.00422832981
603082,603088,604716,6,1628,2,7200,1.00368550369
603145,603151,604699,6,1548,2,7200,1.00387596899
603168,603174,604839,6,1665,2,7200,1.0036036036
603207,603213,604750,6,1537,2,7200,1.00390370852
603230,603236,604621,6,1385,2,7200,1.00433212996
603247,603253,604764,6,1511,2,7200,1.00397088021
603264,603270,604801,6,1531,2,7200,1.00391900718
603287,603293,604819,6,1526,2,7200,1.00393184797
603316,603322,604938,6,1616,2,7200,1.00371287129
603372,603378,605860,6,2482,2,7200,1.00241740532
603374,603385,605058,11,1673,2,7200,1.00657501494
603453,603459,605103,6,1644,2,7200,1.00364963504
603495,603501,605113,6,1612,2,7200,1.00372208437
603524,603530,604917,6,1387,2,7200,1.0043258832
603722,603728,605317,6,1589,2,7200,1.00377595972
603738,603744,605355,6,1611,2,7200,1.00372439479
603740,603751,605269,11,1518,2,7200,1.00724637681
603819,603825,605538,6,1713,2,7200,1.00350262697
603882,603888,605433,6,1545,2,7200,1.00388349515
603961,603967,605556,6,1589,2,7200,1.00377595972
604033,604039,605708,6,1669,2,7200,1.00359496705
604099,604105,605629,6,1524,2,7200,1.00393700787
604153,604159,605710,6,1551,2,7200,1.00386847195
604177,604183,605842,6,1659,2,7200,1.00361663653
604194,604200,605716,6,1516,2,7200,1.00395778364
604232,604238,605719,6,1481,2,7200,1.00405131668
604249,604255,605730,6,1475,2,7200,1.00406779661
604250,604261,605732,11,1471,2,7200,1.00747790619
604267,604273,605711,6,1438,2,7200,1.00417246175
604296,604302,605942,6,1640,2,7200,1.00365853659
604319,604325,605804,6,1479,2,7200,1.00405679513
604335,604341,605815,6,1474,2,7200,1.00407055631
604370,604376,605949,6,1573,2,7200,1.00381436745
604398,604405,605797,7,1392,2,7200,1.00502873563
604441,604447,606109,6,1662,2,7200,1.0036101083
604443,604455,606036,12,1581,2,7200,1.00759013283
604444,604460,605858,16,1398,2,7200,1.01144492132
604451,604466,605975,15,1509,2,7200,1.00994035785
604569,604575,606167,6,1592,2,7200,1.00376884422
604623,604629,606171,6,1542,2,7200,1.00389105058
604701,604707,606274,6,1567,2,7200,1.00382897256
604718,604724,606154,6,1430,2,7200,1.0041958042
604753,604759,606265,6,1506,2,7200,1.00398406375
604770,604776,606494,6,1718,2,7200,1.00349243306
