SubmitTime,StartTime,EndTime,QueuedTime,RunTime,NodesRequested,walltime,bslowdown
323,381,2034,58,1653,8,6000,1.0350877193
385,621,2260,236,1639,8,6000,1.14399023795
620,727,2350,107,1623,8,6000,1.06592729513
723,818,2453,95,1635,8,6000,1.05810397554
815,873,2510,58,1637,8,6000,1.03543066585
877,1141,2754,264,1613,8,6000,1.16367017979
1099,1105,1106,6,1,2,7200,1.0
1142,1205,2833,63,1628,8,6000,1.0386977887
1202,1213,6635,11,5422,5,14400,1.00202877167
1213,1219,6480,6,5261,5,14400,1.00114046759
1223,1230,6428,7,5198,5,14400,1.0013466718
1234,1321,6482,87,5161,5,14400,1.01685719822
1326,1333,6210,7,4877,5,14400,1.00143530859
1337,1457,6225,120,4768,5,14400,1.02516778523
1460,1541,6810,81,5269,5,14400,1.01537293604
1486,2277,9521,791,7244,2,7200,1.10919381557
1542,1548,5963,6,4415,5,14400,1.0013590034
1553,1568,6341,15,4773,5,14400,1.00314267756
1564,1575,6829,11,5254,5,14400,1.00209364294
1574,1947,6526,373,4579,5,14400,1.08145883381
1942,2046,6466,104,4420,5,14400,1.02352941176
2045,2052,7533,7,5481,5,14400,1.00127713921
2056,2272,6691,216,4419,5,14400,1.04887983707
2270,2362,7684,92,5322,5,14400,1.01728673431
2363,2369,7181,6,4812,5,14400,1.00124688279
2373,2465,6849,92,4384,5,14400,1.02098540146
2466,2521,7313,55,4792,5,14400,1.01147746244
2517,2528,7447,11,4919,5,14400,1.00223622688
2528,2766,8393,238,5627,5,14400,1.04229607251
2763,2844,7969,81,5125,5,14400,1.01580487805
2845,2851,7948,6,5097,5,14400,1.00117716304
2856,5812,11033,2956,5221,5,14400,1.56617506225
5817,5823,11252,6,5429,5,14400,1.00110517591
5828,5975,11466,147,5491,5,14400,1.02677107995
5971,6222,12123,251,5901,5,14400,1.04253516353
6227,6236,10699,9,4463,5,14400,1.00201658078
6237,6353,11887,116,5534,5,14400,1.02096132996
6350,6439,11629,89,5190,5,14400,1.01714836224
6443,6477,11208,34,4731,5,14400,1.0071866413
6474,6491,11107,17,4616,5,14400,1.00368284229
6495,6501,11602,6,5101,5,14400,1.00117623995
6505,6537,11399,32,4862,5,14400,1.00658165364
6536,6647,11207,111,4560,5,14400,1.02434210526
6649,6703,11620,54,4917,5,14400,1.01098230628
6701,6821,11545,120,4724,5,14400,1.02540220152
6824,6841,12711,17,5870,5,14400,1.00289608177
6845,6861,11934,16,5073,5,14400,1.0031539523
6866,7193,12870,327,5677,5,14400,1.05760084552
7193,7325,11850,132,4525,5,14400,1.02917127072
7326,7460,12094,134,4634,5,14400,1.02891670263
7460,7544,13084,84,5540,5,14400,1.01516245487
7542,7696,12127,154,4431,5,14400,1.03475513428
7695,7960,12466,265,4506,5,14400,1.05881047492
7961,7980,13358,19,5378,5,14400,1.00353291186
7982,8404,13137,422,4733,5,14400,1.08916120854
8401,10712,15923,2311,5211,5,14400,1.44348493571
8734,9533,9541,799,8,1,3600,80.7
9650,9656,9780,6,124,1,3600,1.04838709677
9905,9911,10214,6,303,1,3600,1.0198019802
10433,10439,11075,6,636,1,3600,1.00943396226
10710,11044,16112,334,5068,5,14400,1.06590370955
11047,11118,16303,71,5185,5,14400,1.01369334619
11119,11219,15810,100,4591,5,14400,1.0217817469
11222,11228,16215,6,4987,5,14400,1.00120312813
11232,11263,16142,31,4879,5,14400,1.00635376102
11263,11411,16639,148,5228,5,14400,1.02830910482
11407,11477,15797,70,4320,5,14400,1.0162037037
11479,11556,16702,77,5146,5,14400,1.01496307812
11561,11614,16320,53,4706,5,14400,1.01126221844
11578,11584,15193,6,3609,1,3600,1.00166251039
11612,11631,16714,19,5083,5,14400,1.00373795003
11633,11640,17244,7,5604,5,14400,1.00124910778
11644,11862,17389,218,5527,5,14400,1.03944273566
11859,11898,17033,39,5135,5,14400,1.00759493671
11900,11945,16511,45,4566,5,14400,1.00985545335
11942,12105,16627,163,4522,5,14400,1.03604599735
12105,12136,17470,31,5334,5,14400,1.00581177353
12137,12142,17177,5,5035,5,14400,1.00099304866
12147,12478,17022,331,4544,5,14400,1.07284330986
12227,12233,12241,6,8,1,1800,1.4
12402,12408,12487,6,79,1,1800,1.07594936709
12474,12722,17344,248,4622,5,14400,1.05365642579
12584,12592,12718,8,126,1,3600,1.06349206349
12720,12729,12825,9,96,1,1800,1.09375
12720,12881,17346,161,4465,5,14400,1.03605823068
12842,12848,13155,6,307,1,3600,1.01954397394
12884,13095,17460,211,4365,5,14400,1.04833906071
13099,13148,17773,49,4625,5,14400,1.01059459459
13150,13369,18274,219,4905,5,14400,1.04464831804
13321,13327,13710,6,383,1,1800,1.01566579634
13365,15808,21728,2443,5920,5,14400,1.41266891892
13381,13720,14347,339,627,1,3600,1.54066985646
13555,15203,58899,1648,43696,2,86400,1.03771512267
15301,17297,17394,1996,97,1,3600,21.5773195876
15348,17363,17462,2015,99,1,3600,21.3535353535
15809,15823,20355,14,4532,5,14400,1.00308914387
15820,15935,20917,115,4982,5,14400,1.02308309916
15932,16123,21884,191,5761,5,14400,1.03315396633
16127,16153,21365,26,5212,5,14400,1.0049884881
16158,16227,20696,69,4469,5,14400,1.01543969568
16230,16315,20886,85,4571,5,14400,1.01859549333
16312,16333,21720,21,5387,5,14400,1.00389827362
16333,16522,21183,189,4661,5,14400,1.04054923836
16528,16640,20981,112,4341,5,14400,1.0258005068
16640,16650,22310,10,5660,5,14400,1.00176678445
16651,16713,22289,62,5576,5,14400,1.01111908178
16713,16725,21396,12,4671,5,14400,1.00256904303
16724,17035,21690,311,4655,5,14400,1.06680988185
17030,17044,21621,14,4577,5,14400,1.00305877212
17041,17189,22493,148,5304,5,14400,1.02790346908
17195,17255,22949,60,5694,5,14400,1.0105374078
17257,17356,22464,99,5108,5,14400,1.01938136257
17359,17400,22819,41,5419,5,14400,1.00756597158
17401,17407,22182,6,4775,5,14400,1.0012565445
17411,17472,22978,61,5506,5,14400,1.0110788231
17473,17482,22616,9,5134,5,14400,1.00175301909
17484,17788,22906,304,5118,5,14400,1.05939820242
17528,17535,17828,7,293,1,3600,1.02389078498
17585,17828,18121,243,293,1,3600,1.82935153584
17791,18286,23226,495,4940,5,14400,1.10020242915
18111,18118,18648,7,530,1,3600,1.01320754717
18291,18611,23461,320,4850,5,14400,1.06597938144
18395,18401,18929,6,528,1,3600,1.01136363636
18608,18935,24051,327,5116,5,14400,1.06391712275
18936,20366,25613,1430,5247,5,14400,1.27253668763
19894,20665,20744,771,79,1,1800,10.7594936709
20366,20708,25563,342,4855,5,14400,1.07044284243
20703,20897,25538,194,4641,5,14400,1.04180133592
20897,20928,25650,31,4722,5,14400,1.00656501482
20926,20992,22605,66,1613,8,6000,1.04091754495
20987,21033,21128,46,95,1,1800,1.48421052632
20998,21307,22929,309,1622,8,6000,1.19050554871
21304,21408,23009,104,1601,8,6000,1.06495940037
21407,21664,23274,257,1610,8,6000,1.15962732919
21639,22199,22570,560,371,1,1800,2.50943396226
21662,21733,23351,71,1618,8,6000,1.04388133498
21734,21896,23508,162,1612,8,6000,1.10049627792
21842,22917,25606,1075,2689,8,14400,1.39977686872
21898,22194,23804,296,1610,8,6000,1.18385093168
22195,22321,23921,126,1600,8,6000,1.07875
22318,22504,24107,186,1603,8,6000,1.11603243918
22502,22618,24269,116,1651,8,6000,1.07026044821
22615,22628,24233,13,1605,8,6000,1.00809968847
22625,22941,24558,316,1617,8,6000,1.195423624
22942,22961,24576,19,1615,8,6000,1.01176470588
22963,23021,24652,58,1631,8,6000,1.03556100552
23025,23237,24858,212,1621,8,6000,1.130783467
23240,23285,24927,45,1642,8,6000,1.02740560292
23281,23362,24972,81,1610,8,6000,1.05031055901
23363,23472,25092,109,1620,8,6000,1.06728395062
23476,23520,25122,44,1602,8,6000,1.02746566792
23517,23815,25426,298,1611,8,6000,1.18497827436
23727,24062,24107,335,45,1,1800,8.44444444444
23814,23932,25524,118,1592,8,6000,1.07412060302
23937,24120,25727,183,1607,8,6000,1.11387678905
24121,24246,25858,125,1612,8,6000,1.07754342432
24244,24282,25901,38,1619,8,6000,1.02347127857
24285,24570,26183,285,1613,8,6000,1.17668939864
24353,24359,24440,6,81,1,1800,1.07407407407
24572,24587,26206,15,1619,8,6000,1.00926497838
24592,24664,26267,72,1603,8,6000,1.04491578291
24664,24870,26486,206,1616,8,6000,1.12747524752
24869,24939,26570,70,1631,8,6000,1.04291845494
24941,24984,26610,43,1626,8,6000,1.02644526445
24982,25104,26723,122,1619,8,6000,1.0753551575
25073,25079,25319,6,240,1,1800,1.025
25105,25134,26748,29,1614,8,6000,1.01796778191
25136,25438,27060,302,1622,8,6000,1.18618988903
25443,25535,27152,92,1617,8,6000,1.05689548547
25535,25549,27170,14,1621,8,6000,1.00863664405
25546,25618,27279,72,1661,8,6000,1.0433473811
25618,25624,27251,6,1627,8,6000,1.0036877689
25628,25662,27300,34,1638,8,6000,1.02075702076
25659,25738,27363,79,1625,8,6000,1.04861538462
25742,25869,27482,127,1613,8,6000,1.07873527588
25875,25913,27519,38,1606,8,6000,1.02366127024
25916,26196,27806,280,1610,8,6000,1.17391304348
26192,26218,27832,26,1614,8,6000,1.01610904585
26213,26278,27908,65,1630,8,6000,1.03987730061
26275,26498,28100,223,1602,8,6000,1.13920099875
26500,26582,28203,82,1621,8,6000,1.05058605799
26582,26621,28257,39,1636,8,6000,1.02383863081
26623,26735,28353,112,1618,8,6000,1.06922126082
26736,26759,28371,23,1612,8,6000,1.01426799007
26757,27071,28687,314,1616,8,6000,1.19430693069
27073,27163,28774,90,1611,8,6000,1.05586592179
27166,27181,28794,15,1613,8,6000,1.00929944203
27187,27262,28890,75,1628,8,6000,1.04606879607
27259,27290,28905,31,1615,8,6000,1.01919504644
27290,27311,28947,21,1636,8,6000,1.01283618582
27311,27376,29008,65,1632,8,6000,1.03982843137
27372,27493,29121,121,1628,8,6000,1.07432432432
27495,27531,29167,36,1636,8,6000,1.02200488998
27537,27818,29423,281,1605,8,6000,1.17507788162
27823,27844,29467,21,1623,8,6000,1.01293900185
27844,27919,29534,75,1615,8,6000,1.04643962848
27916,28111,29746,195,1635,8,6000,1.11926605505
28110,28215,29830,105,1615,8,6000,1.06501547988
28212,28270,29892,58,1622,8,6000,1.03575832306
28274,28365,29979,91,1614,8,6000,1.05638166047
28366,28382,30008,16,1626,8,6000,1.0098400984
28387,28698,30306,311,1608,8,6000,1.1934079602
28704,28787,30411,83,1624,8,6000,1.05110837438
28786,28805,30431,19,1626,8,6000,1.01168511685
28807,28902,30530,95,1628,8,6000,1.05835380835
28899,28917,30539,18,1622,8,6000,1.0110974106
28920,28958,30608,38,1650,8,6000,1.02303030303
28961,29019,30652,58,1633,8,6000,1.03551745254
29023,29133,30772,110,1639,8,6000,1.06711409396
29136,29178,30803,42,1625,8,6000,1.02584615385
29177,29435,31050,258,1615,8,6000,1.15975232198
29432,29478,31094,46,1616,8,6000,1.02846534653
29474,29545,31198,71,1653,8,6000,1.04295220811
29546,29757,31397,211,1640,8,6000,1.12865853659
29761,29841,31448,80,1607,8,6000,1.04978220286
29843,29904,31530,61,1626,8,6000,1.03751537515
29904,29991,31624,87,1633,8,6000,1.05327617881
29987,30019,31640,32,1621,8,6000,1.01974090068
30018,30319,31945,301,1626,8,6000,1.18511685117
30314,30423,32031,109,1608,8,6000,1.06778606965
30427,30442,32086,15,1644,8,6000,1.00912408759
30438,30542,32174,104,1632,8,6000,1.0637254902
30541,30550,32171,9,1621,8,6000,1.00555212832
30551,30621,32245,70,1624,8,6000,1.04310344828
30623,30664,32355,41,1691,8,6000,1.02424600828
30665,30679,32328,14,1649,8,6000,1.00848999394
30676,30783,32423,107,1640,8,6000,1.06524390244
30788,30815,32428,27,1613,8,6000,1.01673899566
30820,31062,32693,242,1631,8,6000,1.14837522992
31065,31106,32729,41,1623,8,6000,1.02526186075
31107,31210,32833,103,1623,8,6000,1.06346272335
31209,31408,33046,199,1638,8,6000,1.12148962149
31414,31460,33097,46,1637,8,6000,1.02810018326
31455,31542,33169,87,1627,8,6000,1.05347264905
31537,31635,33264,98,1629,8,6000,1.06015960712
31559,32232,32274,673,42,16,14400,17.0238095238
31588,32285,46714,697,14429,16,14400,1.04830549588
31637,31653,36670,16,5017,5,14400,1.00318915687
31658,31664,36898,6,5234,5,14400,1.00114635078
31669,31957,37133,288,5176,5,14400,1.05564142195
31955,32044,37471,89,5427,5,14400,1.01639948406
32047,32054,37156,7,5102,5,14400,1.00137201098
32058,32098,37166,40,5068,5,14400,1.00789265983
32099,32105,37739,6,5634,5,14400,1.00106496273
32110,32183,36691,73,4508,5,14400,1.0161934339
32182,32190,37109,8,4919,5,14400,1.00162634682
32193,32199,37604,6,5405,5,14400,1.00111008326
32203,32256,36866,53,4610,5,14400,1.0114967462
32255,32340,36779,85,4439,5,14400,1.01914845686
32337,32346,37754,9,5408,5,14400,1.00166420118
32348,32366,36952,18,4586,5,14400,1.0039249891
32369,32375,37734,6,5359,5,14400,1.00111961187
32379,32435,37430,56,4995,5,14400,1.01121121121
32431,32443,36812,12,4369,5,14400,1.00274662394
32442,32450,37467,8,5017,5,14400,1.00159457843
32453,32704,37423,251,4719,5,14400,1.05318923501
32708,32741,38546,33,5805,5,14400,1.00568475452
32740,32747,38192,7,5445,5,14400,1.0012855831
32750,32844,37979,94,5135,5,14400,1.01830574489
32758,40428,62054,7670,21626,16,21600,1.3546656802
32843,32852,38055,9,5203,5,14400,1.00172977129
32853,33057,38459,204,5402,5,14400,1.03776379119
33058,33064,39021,6,5957,5,14400,1.0010072184
33069,33108,38514,39,5406,5,14400,1.00721420644
33110,33182,37588,72,4406,5,14400,1.0163413527
33182,33188,38321,6,5133,5,14400,1.00116890707
33193,33276,38486,83,5210,5,14400,1.01593090211
33275,36681,41091,3406,4410,5,14400,1.77233560091
33613,37991,81228,4378,43237,9,43200,1.10125586882
34508,383443,417980,348935,34537,12,57600,11.1032226308
35842,48157,50267,12315,2110,8,14400,6.836492891
36687,36703,41022,16,4319,5,14400,1.00370456124
36708,36790,41716,82,4926,5,14400,1.01664636622
36790,36824,41910,34,5086,5,14400,1.0066850177
36821,36877,41402,56,4525,5,14400,1.01237569061
36883,36909,41644,26,4735,5,14400,1.00549102429
36914,36964,41588,50,4624,5,14400,1.01081314879
36965,37121,42661,156,5540,5,14400,1.02815884477
37110,251625,539653,214515,288028,1,288000,1.74477134168
37119,37144,41947,25,4803,5,14400,1.00520508016
37150,37168,42887,18,5719,5,14400,1.00314740339
37171,37177,41719,6,4542,5,14400,1.00132100396
37181,37435,41835,254,4400,5,14400,1.05772727273
37197,253069,541103,215872,288034,1,288000,1.7494670768
37437,37443,42710,6,5267,5,14400,1.00113916841
37448,37479,42004,31,4525,5,14400,1.00685082873
37479,37485,41907,6,4422,5,14400,1.0013568521
37489,37599,43199,110,5600,5,14400,1.01964285714
37602,37616,42502,14,4886,5,14400,1.00286532951
37613,37746,43382,133,5636,5,14400,1.02359829666
37746,37752,42534,6,4782,5,14400,1.00125470514
37757,37765,42838,8,5073,5,14400,1.00157697615
37767,38066,42605,299,4539,5,14400,1.06587354043
38064,38204,43114,140,4910,5,14400,1.02851323829
38207,38333,43242,126,4909,5,14400,1.02566714198
38330,38472,43946,142,5474,5,14400,1.02594081111
38473,38498,42825,25,4327,5,14400,1.00577767506
38494,38525,43692,31,5167,5,14400,1.00599961293
38525,38558,43247,33,4689,5,14400,1.00703774792
38556,39032,44397,476,5365,5,14400,1.08872320596
39037,41035,46566,1998,5531,5,14400,1.36123666606
41038,41102,46562,64,5460,5,14400,1.01172161172
41100,41413,46920,313,5507,5,14400,1.05683675322
41251,41258,46681,7,5423,2,36600,1.00129079845
41417,41600,46067,183,4467,5,14400,1.04096709201
41601,41656,46215,55,4559,5,14400,1.01206404913
41653,41727,47073,74,5346,5,14400,1.01384212495
41725,41733,46945,8,5212,5,14400,1.00153491942
41735,41846,46391,111,4545,5,14400,1.02442244224
41848,41918,46545,70,4627,5,14400,1.01512859304
41920,41927,46453,7,4526,5,14400,1.00154661953
41930,41958,46526,28,4568,5,14400,1.0061295972
41962,42015,46866,53,4851,5,14400,1.01092558235
42013,42513,47568,500,5055,5,14400,1.09891196835
42514,42546,48413,32,5867,5,14400,1.00545423555
42545,42618,47324,73,4706,5,14400,1.0155121122
42617,42673,48146,56,5473,5,14400,1.01023204824
42678,42721,48217,43,5496,5,14400,1.00782387191
42720,42836,47772,116,4936,5,14400,1.02350081037
42833,42849,47507,16,4658,5,14400,1.00343495062
42853,42899,47397,46,4498,5,14400,1.01022676745
42895,43126,48001,231,4875,5,14400,1.04738461538
43130,43211,47808,81,4597,5,14400,1.01762018708
43212,43253,47701,41,4448,5,14400,1.0092176259
43254,43259,48788,5,5529,5,14400,1.00090432266
43264,43394,48907,130,5513,5,14400,1.02358062761
43283,46580,100594,3297,54014,2,54000,1.06103973044
43304,46585,111409,3281,64824,2,64800,1.05061397013
43398,43446,48139,48,4693,5,14400,1.01022799915
43450,43704,48106,254,4402,5,14400,1.05770104498
43705,43957,48466,252,4509,5,14400,1.05588822355
43961,44408,49721,447,5313,5,14400,1.08413325805
44411,46079,51617,1668,5538,5,14400,1.30119176598
44464,46693,46943,2229,250,2,72000,9.916
46076,46226,51234,150,5008,5,14400,1.02995207668
46229,46402,51963,173,5561,5,14400,1.03110951268
46403,46464,51132,61,4668,5,14400,1.01306769494
46465,46538,52119,73,5581,5,14400,1.01308009317
46537,46556,51531,19,4975,5,14400,1.00381909548
46558,46573,51609,15,5036,5,14400,1.00297855441
46579,46877,51880,298,5003,5,14400,1.05956426144
46591,46726,48410,135,1684,16,1800,1.08016627078
46875,46932,51438,57,4506,5,14400,1.01264980027
46927,46958,51767,31,4809,5,14400,1.00644624662
46958,47084,52222,126,5138,5,14400,1.02452316076
47081,47335,52264,254,4929,5,14400,1.05153175086
47337,47409,52091,72,4682,5,14400,1.01537804357
47387,48150,48398,763,248,2,72000,4.07661290323
47409,47519,52130,110,4611,5,14400,1.02385599653
47520,47579,49190,59,1611,8,6000,1.03662321539
47581,47783,49393,202,1610,8,6000,1.12546583851
47786,48014,49643,228,1629,8,6000,1.13996316759
48011,48117,49734,106,1617,8,6000,1.06555349412
48114,48410,50020,296,1610,8,6000,1.18385093168
48410,48421,50045,11,1624,8,6000,1.00677339901
48421,48428,50029,7,1601,8,6000,1.00437226733
48431,48477,50077,46,1600,8,6000,1.02875
48439,48445,49148,6,703,1,1800,1.00853485064
48473,48919,50526,446,1607,8,6000,1.27753578096
48759,49159,49161,400,2,1,1800,40.2
48922,49202,50871,280,1669,8,6000,1.16776512882
49198,49405,51007,207,1602,8,6000,1.12921348315
49387,49392,49394,5,2,1,1800,1.0
49403,49654,51260,251,1606,8,6000,1.15628891656
49595,49601,50222,6,621,1,600,1.00966183575
49650,49733,51347,83,1614,8,6000,1.05142503098
49732,49745,51350,13,1605,8,6000,1.00809968847
49743,50031,51636,288,1605,8,6000,1.17943925234
50030,50041,51675,11,1634,8,6000,1.00673194614
50041,50057,51680,16,1623,8,6000,1.00985828712
50062,50088,51704,26,1616,8,6000,1.01608910891
50093,50278,51892,185,1614,8,6000,1.114622057
50278,50537,52143,259,1606,8,6000,1.16127023661
50534,50883,52514,349,1631,8,6000,1.21397915389
50882,51018,52625,136,1607,8,6000,1.08462974487
51016,51246,52847,230,1601,8,6000,1.14366021237
51241,51273,52897,32,1624,8,6000,1.0197044335
51273,51360,52966,87,1606,8,6000,1.05417185554
51365,51371,52995,6,1624,8,6000,1.00369458128
51376,51449,53071,73,1622,8,6000,1.04500616523
51448,51621,53242,173,1621,8,6000,1.10672424429
51622,51648,53278,26,1630,8,6000,1.01595092025
51654,51686,53306,32,1620,8,6000,1.01975308642
51685,51692,53317,7,1625,8,6000,1.00430769231
51695,51716,53331,21,1615,8,6000,1.01300309598
51716,51778,53387,62,1609,8,6000,1.03853325047
51764,51909,51912,145,3,1,1800,14.8
51778,51891,53515,113,1624,8,6000,1.06958128079
51891,51904,53519,13,1615,8,6000,1.0080495356
51902,52103,53724,201,1621,8,6000,1.12399753239
52107,52131,53746,24,1615,8,6000,1.01486068111
52128,52155,53767,27,1612,8,6000,1.01674937965
52159,52235,53843,76,1608,8,6000,1.04726368159
52231,52526,54145,295,1619,8,6000,1.18221124151
52529,52637,54264,108,1627,8,6000,1.0663798402
52642,52859,54478,217,1619,8,6000,1.13403335392
52850,53088,53718,238,630,1,600,1.37777777778
52857,52909,54524,52,1615,8,6000,1.03219814241
52908,52977,54595,69,1618,8,6000,1.04264524104
52980,53006,54620,26,1614,8,6000,1.01610904585
53012,53083,54699,71,1616,8,6000,1.04393564356
53084,53255,54858,171,1603,8,6000,1.1066749844
53258,53290,54906,32,1616,8,6000,1.0198019802
53289,53318,54942,29,1624,8,6000,1.01785714286
53320,53328,54950,8,1622,8,6000,1.00493218249
53331,53342,54955,11,1613,8,6000,1.00681959082
53341,53398,55008,57,1610,8,6000,1.03540372671
53403,53527,55147,124,1620,8,6000,1.07654320988
53526,53534,55145,8,1611,8,6000,1.00496585971
53537,53735,55345,198,1610,8,6000,1.12298136646
53731,53757,55363,26,1606,8,6000,1.01618929016
53763,53778,55418,15,1640,8,6000,1.00914634146
53784,53855,55496,71,1641,8,6000,1.04326630104
53855,54157,55775,302,1618,8,6000,1.18665018541
54152,54277,55889,125,1612,8,6000,1.07754342432
54276,54489,56104,213,1615,8,6000,1.13188854489
54485,54710,54721,225,11,8,14400,21.4545454545
54491,54535,56145,44,1610,8,6000,1.02732919255
54532,54607,56223,75,1616,8,6000,1.04641089109
54604,54631,56271,27,1640,8,6000,1.01646341463
54635,54732,56362,97,1630,8,6000,1.05950920245
54738,54869,56488,131,1619,8,6000,1.08091414453
54871,54918,56528,47,1610,8,6000,1.02919254658
54922,54954,56575,32,1621,8,6000,1.01974090068
54954,54963,56589,9,1626,8,6000,1.00553505535
54964,54971,56600,7,1629,8,6000,1.00429711479
54975,55019,56638,44,1619,8,6000,1.02717726992
55016,55156,56795,140,1639,8,6000,1.08541793777
55160,55166,56816,6,1650,8,6000,1.00363636364
55170,55357,56994,187,1637,8,6000,1.1142333537
55355,55376,56994,21,1618,8,6000,1.0129789864
55376,55429,57068,53,1639,8,6000,1.03233679073
55427,55508,57127,81,1619,8,6000,1.05003088326
55509,55788,57412,279,1624,8,6000,1.17179802956
55786,55901,57553,115,1652,8,6000,1.0696125908
55899,56115,57740,216,1625,8,6000,1.13292307692
56114,56156,57781,42,1625,8,6000,1.02584615385
56155,56234,57854,79,1620,8,6000,1.0487654321
56238,56283,57928,45,1645,8,6000,1.0273556231
56279,56373,57978,94,1605,8,6000,1.05856697819
56371,56499,58131,128,1632,8,6000,1.07843137255
56505,56540,58168,35,1628,8,6000,1.0214987715
56536,56588,58222,52,1634,8,6000,1.03182374541
56587,56601,58245,14,1644,8,6000,1.00851581509
56598,56612,58236,14,1624,8,6000,1.00862068966
56609,56649,58278,40,1629,8,6000,1.02455494168
56650,56828,58522,178,1694,8,6000,1.10507674144
56681,56806,58332,125,1526,8,14400,1.08191349934
56825,57005,58627,180,1622,8,6000,1.11097410604
57009,57015,58652,6,1637,8,6000,1.0036652413
57020,57080,58701,60,1621,8,6000,1.03701418877
57081,57138,58798,57,1660,8,6000,1.0343373494
57143,57423,59072,280,1649,8,6000,1.16979987871
57419,57566,59201,147,1635,8,6000,1.08990825688
57563,57702,59344,139,1642,8,6000,1.08465286236
57707,57752,59371,45,1619,8,6000,1.02779493515
57748,57792,59417,44,1625,8,6000,1.02707692308
57797,57866,62613,69,4747,5,14400,1.0145354961
57870,57877,62681,7,4804,5,14400,1.00145711907
57878,407405,587425,349527,180020,1,180000,2.94160093323
57879,407427,587431,349548,180004,1,180000,2.94189018022
57879,407422,587431,349543,180009,1,180000,2.94180846513
57879,407432,587433,349553,180001,1,180000,2.9419503225
57879,407411,587424,349532,180013,1,180000,2.94170421025
57879,407416,587427,349537,180011,1,180000,2.9417535595
57880,408026,466614,350146,58588,1,180000,6.97641155185
57880,408037,459772,350157,51735,1,180000,7.76828066106
57880,408015,534053,350135,126038,1,180000,3.77801139339
57880,408032,462152,350152,54120,1,180000,7.46991869919
57880,408021,470841,350141,62820,1,180000,6.57371856097
57881,459783,522015,401902,62232,1,180000,7.45812443759
57881,408299,461527,350418,53228,1,180000,7.5833395957
57881,408304,461328,350423,53024,1,180000,7.60876207001
57881,408293,461164,350412,52871,1,180000,7.62767868964
57881,408309,467595,350428,59286,1,180000,6.91080524913
57881,57940,62611,59,4671,5,14400,1.01263112824
57882,461176,520758,403294,59582,1,180000,7.76872209728
57882,461339,521404,403457,60065,1,180000,7.71700657621
57882,461538,523583,403656,62045,1,180000,7.50585865098
57882,462163,523710,404281,61547,1,180000,7.56865484914
57882,467606,527828,409724,60222,1,180000,7.80356016074
57882,466625,528455,408743,61830,1,180000,7.61075529678
57883,470852,523317,412969,52465,1,180000,8.87132373964
57883,520770,570197,462887,49427,1,180000,10.3650636292
57892,521415,701435,463523,180020,1,180000,3.57484168426
57892,669537,849576,611645,180039,1,180000,4.39729169791
57893,679992,739623,622099,59631,1,180000,11.4324763965
57893,679984,739754,622091,59770,1,180000,11.4080809771
57893,679976,805000,622083,125024,1,180000,5.97570866394
57893,679961,859993,622068,180032,1,180000,4.45531905439
57893,679968,859986,622075,180018,1,180000,4.45562665956
57893,669545,849579,611652,180034,1,180000,4.39742493085
57894,680000,739037,622106,59037,1,180000,11.5375611904
57894,680007,734845,622113,54838,1,180000,12.3445603414
57894,680023,733504,622129,53481,1,180000,12.6327106823
57894,680031,732827,622137,52796,1,180000,12.7837904387
57894,680014,731770,622120,51756,1,180000,13.02024886
57895,737670,799113,679775,61443,1,180000,12.0635060137
57895,680046,740285,622151,60239,1,180000,11.3280432942
57895,737680,798838,679785,61158,1,180000,12.1152261356
57895,680039,732914,622144,52875,1,180000,12.7663167849
57895,758416,812590,700521,54174,1,180000,13.9309447336
57895,739053,798633,681158,59580,1,180000,12.4326619671
57896,788507,843430,730611,54923,1,180000,14.3024598074
57896,781252,836727,723356,55475,1,180000,14.0393150068
57896,795824,850435,737928,54611,1,180000,14.5124425482
57896,798849,848544,740953,49695,1,180000,15.9100110675
57896,790365,843033,732469,52668,1,180000,14.9072871573
57903,791511,884220,733608,92709,1,180000,8.91301815358
57903,955196,1135215,897293,180019,1,180000,5.98443497631
57903,799124,979129,741221,180005,1,180000,5.11778006166
57903,955201,1135247,897298,180046,1,180000,5.98371527276
57903,812602,992624,754699,180022,1,180000,5.19225983491
57904,815643,973440,757739,157797,1,180000,5.80198609606
57904,815653,875138,757749,59485,1,180000,13.7384886946
57904,815659,874937,757755,59278,1,180000,13.7830729782
57904,815664,878364,757760,62700,1,180000,13.0854864434
57904,815669,870192,757765,54523,1,180000,14.8980797095
57904,815675,868195,757771,52520,1,180000,15.4282368621
57905,859267,914039,801362,54772,1,180000,15.6308697875
57905,853226,908019,795321,54793,1,180000,15.5150110416
57905,836738,889912,778833,53174,1,180000,15.6468762929
57905,815686,868394,757781,52708,1,180000,15.3769636488
57905,815680,870691,757775,55011,1,180000,14.7749722783
57905,849595,901115,791690,51520,1,180000,16.3666537267
57906,898260,952201,840354,53941,1,180000,16.5791327562
57906,859272,913454,801366,54182,1,180000,15.7902624488
57906,887362,940173,829456,52811,1,180000,16.7061218307
57906,887373,941479,829467,54106,1,180000,16.3304069789
57906,887367,943310,829461,55943,1,180000,15.8268952326
57907,941490,990499,883583,49009,1,180000,19.0289946744
57907,955212,1007016,897305,51804,1,180000,18.3211528067
57915,964712,1024870,906797,60158,1,180000,16.0735895475
57915,964696,1041309,906781,76613,1,180000,12.8358633652
57915,955190,1020361,897275,65171,1,180000,14.7680103113
57915,964707,1036730,906792,72023,1,180000,13.5903114283
57916,964685,1018115,906769,53430,1,180000,17.9711585252
57916,964723,1018091,906807,53368,1,180000,17.9915867186
57916,964728,1017652,906812,52924,1,180000,18.1342302169
57916,964733,1015867,906817,51134,1,180000,18.7341299331
57916,964717,1026652,906801,61935,1,180000,15.6411721967
57917,975582,1027514,917665,51932,1,180000,18.670511438
57917,973451,1021978,915534,48527,1,180000,19.8664866981
57917,964756,1013340,906839,48584,1,180000,19.6653836654
57917,964744,1011644,906827,46900,1,180000,20.3353304904
57917,964690,1007253,906773,42563,1,180000,22.3042548693
57917,964739,1012405,906822,47666,1,180000,20.0245038392
57918,975593,1028338,917675,52745,1,180000,18.3983315954
57918,975620,1029595,917702,53975,1,180000,18.0023529412
57918,975614,1029096,917696,53482,1,180000,18.1589693729
57918,975587,1028275,917669,52688,1,180000,18.4170399332
57918,975598,1030715,917680,55117,1,180000,17.6496725148
57919,975630,1024027,917711,48397,1,180000,19.962146414
57919,975609,1029363,917690,53754,1,180000,18.0720318488
57919,975603,1029735,917684,54132,1,180000,17.9527081948
57919,975625,1026829,917706,51204,1,180000,18.9225451137
57943,57949,62927,6,4978,5,14400,1.00120530333
57954,57990,62900,36,4910,5,14400,1.00733197556
57985,58055,62737,70,4682,5,14400,1.01495087569
58057,58144,63174,87,5030,5,14400,1.01729622266
58140,58151,62612,11,4461,5,14400,1.00246581484
58151,58179,62738,28,4559,5,14400,1.00614169774
58182,58234,62800,52,4566,5,14400,1.01138852387
58234,58240,62876,6,4636,5,14400,1.00129421915
58244,58251,62836,7,4585,5,14400,1.00152671756
58255,58262,63211,7,4949,5,14400,1.00141442716
58266,58275,62779,9,4504,5,14400,1.0019982238
58277,58289,63015,12,4726,5,14400,1.00253914515
58287,58296,63023,9,4727,5,14400,1.001903956
58298,58343,62719,45,4376,5,14400,1.0102833638
58340,58533,63287,193,4754,5,14400,1.04059739167
58535,58542,63222,7,4680,5,14400,1.0014957265
58546,58639,63835,93,5196,5,14400,1.01789838337
58638,58663,63325,25,4662,5,14400,1.00536250536
58659,58671,63226,12,4555,5,14400,1.00263446762
58670,58713,63869,43,5156,5,14400,1.00833979829
58711,58719,63737,8,5018,5,14400,1.00159426066
58722,58809,63646,87,4837,5,14400,1.01798635518
58805,58910,63695,105,4785,5,14400,1.02194357367
58908,59084,63394,176,4310,5,14400,1.04083526682
59083,59213,64064,130,4851,5,14400,1.02679859823
59216,59223,64040,7,4817,5,14400,1.00145318663
59227,59355,63724,128,4369,5,14400,1.02929732204
59361,59384,63921,23,4537,5,14400,1.00506942914
59382,59390,63970,8,4580,5,14400,1.00174672489
59393,59429,64034,36,4605,5,14400,1.00781758958
59434,59441,63995,7,4554,5,14400,1.00153711023
59445,61912,66415,2467,4503,5,14400,1.54785698423
61713,61719,61749,6,30,2,72600,1.2
61794,61801,86470,7,24669,2,72600,1.00028375694
61908,62066,66509,158,4443,5,14400,1.03556155751
62063,62074,67253,11,5179,5,14400,1.00212396215
62073,62080,66734,7,4654,5,14400,1.00150408251
62084,62623,67573,539,4950,5,14400,1.10888888889
62629,62636,67204,7,4568,5,14400,1.0015323993
62639,62646,67003,7,4357,5,14400,1.00160661005
62650,62693,67349,43,4656,5,14400,1.00923539519
62692,62731,67133,39,4402,5,14400,1.00885960927
62733,62748,66983,15,4235,5,14400,1.00354191263
62744,62756,67519,12,4763,5,14400,1.00251942053
62755,62790,67339,35,4549,5,14400,1.00769399868
62786,62812,67415,26,4603,5,14400,1.00564849012
62807,62848,67508,41,4660,5,14400,1.00879828326
62849,62887,67789,38,4902,5,14400,1.00775193798
62890,62913,67275,23,4362,5,14400,1.00527281064
62912,62939,67730,27,4791,5,14400,1.00563556669
62943,63028,67574,85,4546,5,14400,1.01869775627
63026,63034,67854,8,4820,5,14400,1.00165975104
63036,63186,67547,150,4361,5,14400,1.03439578078
63191,63223,68057,32,4834,5,14400,1.00661977658
63222,63233,67736,11,4503,5,14400,1.0024428159
63233,63241,67726,8,4485,5,14400,1.00178372352
63244,63300,68196,56,4896,5,14400,1.0114379085
63295,63337,68132,42,4795,5,14400,1.00875912409
63337,63405,68298,68,4893,5,14400,1.01389740446
63409,63658,67931,249,4273,5,14400,1.0582728762
63656,63708,68065,52,4357,5,14400,1.01193481754
63708,63735,68845,27,5110,5,14400,1.00528375734
63739,63749,68580,10,4831,5,14400,1.00206996481
63750,63851,68209,101,4358,5,14400,1.0231757687
63850,68311,75954,4461,7643,8,14400,1.58367133325
63853,63880,68226,27,4346,5,14400,1.0062126093
63884,63933,68468,49,4535,5,14400,1.01080485116
63936,63983,68379,47,4396,5,14400,1.01069153776
63988,64007,68621,19,4614,5,14400,1.00411790204
64009,64050,68458,41,4408,5,14400,1.00930127042
64050,64056,69044,6,4988,5,14400,1.00120288693
64061,64076,68391,15,4315,5,14400,1.00347624565
64082,66426,71147,2344,4721,5,14400,1.49650497776
64980,64987,108401,7,43414,2,86400,1.00016123831
66423,66520,71377,97,4857,5,14400,1.01997117562
66526,66746,71347,220,4601,5,14400,1.04781569224
66752,66995,71386,243,4391,5,14400,1.05534046914
66999,67015,71330,16,4315,5,14400,1.00370799537
67020,67144,71795,124,4651,5,14400,1.02666093313
67143,67217,71717,74,4500,5,14400,1.01644444444
67216,67265,71700,49,4435,5,14400,1.01104847802
67268,67287,72282,19,4995,5,14400,1.0038038038
67289,67351,72356,62,5005,5,14400,1.01238761239
67351,67360,72004,9,4644,5,14400,1.0019379845
67361,67428,71734,67,4306,5,14400,1.01555968416
67424,67519,72056,95,4537,5,14400,1.02093894644
67517,67531,72264,14,4733,5,14400,1.00295795479
67528,67558,72573,30,5015,5,14400,1.00598205384
67559,67585,72269,26,4684,5,14400,1.00555081127
67580,67591,72531,11,4940,5,14400,1.00222672065
67591,67738,72376,147,4638,5,14400,1.03169469599
67735,67745,72544,10,4799,5,14400,1.00208376745
67746,67751,72638,5,4887,5,14400,1.00102312257
67756,67800,72583,44,4783,5,14400,1.00919924733
67798,67866,72464,68,4598,5,14400,1.01478903871
67870,67943,72320,73,4377,5,14400,1.01667809002
67942,68069,72565,127,4496,5,14400,1.02824733096
68066,68076,72750,10,4674,5,14400,1.00213949508
68077,68145,72565,68,4420,5,14400,1.01538461538
68149,68207,72590,58,4383,5,14400,1.01323294547
68211,68221,72522,10,4301,5,14400,1.00232504069
68220,68402,70011,182,1609,8,6000,1.11311373524
68405,68471,70096,66,1625,8,6000,1.04061538462
68467,68593,70196,126,1603,8,6000,1.07860262009
68591,68633,70250,42,1617,8,6000,1.02597402597
68632,69056,70666,424,1610,8,6000,1.26335403727
69053,70023,71628,970,1605,8,6000,1.60436137072
70027,70107,71732,80,1625,8,6000,1.04923076923
70110,70208,71813,98,1605,8,6000,1.06105919003
70203,70262,71871,59,1609,8,6000,1.03666873835
70265,70678,72282,413,1604,8,6000,1.25748129676
70675,71343,72965,668,1622,8,6000,1.41183723798
71342,71358,72961,16,1603,8,6000,1.00998128509
71363,71400,73007,37,1607,8,6000,1.02302426882
71404,71640,73263,236,1623,8,6000,1.14540973506
71641,71713,73320,72,1607,8,6000,1.04480398258
71713,71744,73369,31,1625,8,6000,1.01907692308
71744,71750,73396,6,1646,8,6000,1.00364520049
71755,71824,73469,69,1645,8,6000,1.04194528875
71827,71882,73494,55,1612,8,6000,1.0341191067
71879,72016,73634,137,1618,8,6000,1.08467243511
72013,72069,73692,56,1623,8,6000,1.03450400493
72065,72280,73876,215,1596,8,6000,1.13471177945
72280,72293,73936,13,1643,8,6000,1.00791235545
72291,72300,73963,9,1663,8,6000,1.00541190619
72302,72368,73987,66,1619,8,6000,1.04076590488
72364,72475,74085,111,1610,8,6000,1.06894409938
72477,72533,74156,56,1623,8,6000,1.03450400493
72529,72556,74211,27,1655,8,6000,1.0163141994
72560,72577,74194,17,1617,8,6000,1.01051329623
72582,72588,74255,6,1667,8,6000,1.00359928014
72593,72601,74219,8,1618,8,6000,1.00494437577
72604,72650,74291,46,1641,8,6000,1.028031688
72655,72972,74583,317,1611,8,6000,1.19677219119
72931,72938,72939,7,1,2,3540,1.0
72968,72979,74588,11,1609,8,6000,1.00683654444
72979,73018,74646,39,1628,8,6000,1.02395577396
73020,73274,74877,254,1603,8,6000,1.15845290081
73277,73331,74941,54,1610,8,6000,1.03354037267
73329,73380,74994,51,1614,8,6000,1.03159851301
73380,73407,75011,27,1604,8,6000,1.01683291771
73412,73481,75116,69,1635,8,6000,1.04220183486
73484,73506,75128,22,1622,8,6000,1.01356350185
73505,73645,75252,140,1607,8,6000,1.08711885501
73649,73704,75322,55,1618,8,6000,1.03399258344
73700,73887,75499,187,1612,8,6000,1.11600496278
73885,73947,75547,62,1600,8,6000,1.03875
73947,73974,75588,27,1614,8,6000,1.01672862454
73979,73998,75624,19,1626,8,6000,1.01168511685
73982,73989,73990,7,1,1,600,1.0
74000,74098,75706,98,1608,8,6000,1.06094527363
74102,74168,75779,66,1611,8,6000,1.04096834264
74164,74206,75817,42,1611,8,6000,1.0260707635
74206,74222,75848,16,1626,8,6000,1.0098400984
74227,74233,75870,6,1637,8,6000,1.0036652413
74238,74268,75886,30,1618,8,6000,1.01854140915
74269,74303,75917,34,1614,8,6000,1.02106567534
74300,74594,76209,294,1615,8,6000,1.18204334365
74597,74604,76229,7,1625,8,6000,1.00430769231
74608,74658,76293,50,1635,8,6000,1.03058103976
74660,74888,76488,228,1600,8,6000,1.1425
74886,74954,76571,68,1617,8,6000,1.04205318491
74958,75006,76611,48,1605,8,6000,1.02990654206
75009,75022,76639,13,1617,8,6000,1.00803957947
75020,75129,76747,109,1618,8,6000,1.0673671199
75134,75139,76765,5,1626,8,6000,1.00307503075
75144,75264,76869,120,1605,8,6000,1.07476635514
75268,75334,76940,66,1606,8,6000,1.04109589041
75330,75511,77123,181,1612,8,6000,1.11228287841
75514,75560,77157,46,1597,8,6000,1.02880400751
75556,75600,77212,44,1612,8,6000,1.02729528536
75597,75636,77268,39,1632,8,6000,1.02389705882
75639,75718,77353,79,1635,8,6000,1.04831804281
75722,75791,77411,69,1620,8,6000,1.04259259259
75794,75830,77434,36,1604,8,6000,1.02244389027
75825,75859,77468,34,1609,8,6000,1.02113113735
75856,75882,77496,26,1614,8,6000,1.01610904585
75877,75897,77523,20,1626,8,6000,1.012300123
75898,75928,77539,30,1611,8,6000,1.01862197393
75929,75966,77591,37,1625,8,6000,1.02276923077
75971,76241,77869,270,1628,8,6000,1.16584766585
76034,76221,83865,187,7644,8,14400,1.02446363161
76238,76305,77973,67,1668,8,6000,1.04016786571
76310,76499,78120,189,1621,8,6000,1.11659469463
76504,76583,78191,79,1608,8,6000,1.04912935323
76587,76622,78238,35,1616,8,6000,1.02165841584
76628,76651,78277,23,1626,8,6000,1.01414514145
76649,76759,78374,110,1615,8,6000,1.06811145511
76761,76776,78398,15,1622,8,6000,1.00924784217
76772,76880,78514,108,1634,8,6000,1.06609547124
76885,76952,78581,67,1629,8,6000,1.04112952732
76957,77135,78768,178,1633,8,6000,1.10900183711
77131,77169,78783,38,1614,8,6000,1.02354399009
77172,77225,78859,53,1634,8,6000,1.03243574051
77224,77280,78910,56,1630,8,6000,1.03435582822
77276,77364,79002,88,1638,8,6000,1.05372405372
77369,77423,79064,54,1641,8,6000,1.03290676417
77420,77446,79058,26,1612,8,6000,1.01612903226
77452,77480,79088,28,1608,8,6000,1.01741293532
77483,77509,79109,26,1600,8,6000,1.01625
77514,77535,79216,21,1681,8,6000,1.01249256395
77535,77551,79196,16,1645,8,6000,1.00972644377
77556,77603,79219,47,1616,8,6000,1.02908415842
77608,77880,79501,272,1621,8,6000,1.16779765577
77883,77890,83636,7,5746,5,14400,1.00121823877
77894,77986,83433,92,5447,5,14400,1.01689003121
77987,78132,83229,145,5097,5,14400,1.02844810673
78130,78138,83557,8,5419,5,14400,1.00147628714
78141,78203,83311,62,5108,5,14400,1.01213782302
78203,78209,83401,6,5192,5,14400,1.00115562404
78214,78250,83783,36,5533,5,14400,1.00650641605
78245,78289,82707,44,4418,5,14400,1.00995925758
78287,78295,82970,8,4675,5,14400,1.00171122995
78297,78386,83766,89,5380,5,14400,1.01654275093
78390,78410,82904,20,4494,5,14400,1.00445037828
78411,78417,82944,6,4527,5,14400,1.00132538105
78422,78525,83914,103,5389,5,14400,1.01911300798
78525,78532,83022,7,4490,5,14400,1.00155902004
78536,78593,83881,57,5288,5,14400,1.01077912254
78598,78780,83572,182,4792,5,14400,1.03797996661
78782,78789,83165,7,4376,5,14400,1.00159963437
78793,78799,83477,6,4678,5,14400,1.0012825994
78804,78872,83904,68,5032,5,14400,1.01351351351
78877,78884,84627,7,5743,5,14400,1.00121887515
78888,78922,84067,34,5145,5,14400,1.00660835763
78919,78928,84106,9,5178,5,14400,1.00173812283
78930,79013,84275,83,5262,5,14400,1.01577347016
79012,79070,84203,58,5133,5,14400,1.01129943503
79074,79080,84375,6,5295,5,14400,1.00113314448
79085,79091,84330,6,5239,5,14400,1.00114525673
79086,80001,80002,915,1,4,21600,91.6
79086,79100,79990,14,890,4,21600,1.01573033708
79086,79235,79994,149,759,4,21600,1.19631093544
79086,79240,79994,154,754,4,21600,1.20424403183
79087,80015,80020,928,5,4,21600,93.3
79096,79107,83659,11,4552,5,14400,1.00241652021
79107,79122,84112,15,4990,5,14400,1.00300601202
79117,79128,84101,11,4973,5,14400,1.0022119445
79128,79208,83724,80,4516,5,14400,1.01771479185
79211,79228,83692,17,4464,5,14400,1.00380824373
79232,79247,84108,15,4861,5,14400,1.00308578482
79243,79513,84386,270,4873,5,14400,1.0554073466
79467,81244,83353,1777,2109,4,14400,1.84257942153
79510,79519,83947,9,4428,5,14400,1.00203252033
79520,80008,84835,488,4827,5,14400,1.10109799047
79639,105146,105263,25507,117,16,14400,219.008547009
79738,103260,124871,23522,21611,16,21600,2.08842718986
80013,80032,84588,19,4556,5,14400,1.00417032485
80034,81238,87193,1204,5955,5,14400,1.20218303946
80124,88573,89405,8449,832,4,21600,11.1550480769
80125,90434,97997,10309,7563,4,21600,2.3630834325
80125,90326,92320,10201,1994,4,21600,6.11584754263
80125,90292,94878,10167,4586,4,21600,3.2169646751
80125,89434,95986,9309,6552,4,21600,2.42078754579
80125,89160,90313,9035,1153,4,21600,8.83607979185
80125,89579,93350,9454,3771,4,21600,3.50702731371
80126,92899,113304,12773,20405,4,21600,1.62597402597
80126,93258,94543,13132,1285,4,21600,11.2194552529
80126,93361,94257,13235,896,4,21600,15.7712053571
80126,92949,98379,12823,5430,4,21600,3.36151012891
81235,82720,87479,1485,4759,5,14400,1.31204034461
81416,84779,171225,3363,86446,9,86400,1.03890289892
82723,82916,88663,193,5747,5,14400,1.03358273882
82918,82957,87624,39,4667,5,14400,1.00835654596
82960,82983,87647,23,4664,5,14400,1.00493138937
82981,83034,88446,53,5412,5,14400,1.00979305248
83033,83177,87702,144,4525,5,14400,1.03182320442
83177,83240,87713,63,4473,5,14400,1.01408450704
83239,83324,88721,85,5397,5,14400,1.01574949046
83321,83366,88217,45,4851,5,14400,1.00927643785
83363,83412,88847,49,5435,5,14400,1.00901563937
83415,83445,88561,30,5116,5,14400,1.00586395622
83446,83488,88641,42,5153,5,14400,1.00815059189
83487,83569,88204,82,4635,5,14400,1.01769147789
83570,83584,88602,14,5018,5,14400,1.00278995616
83581,83648,88570,67,4922,5,14400,1.0136123527
83653,83671,88822,18,5151,5,14400,1.00349446709
83674,83704,87975,30,4271,5,14400,1.00702411613
83706,83737,88710,31,4973,5,14400,1.00623366177
83737,83777,88403,40,4626,5,14400,1.00864677907
83778,83795,89325,17,5530,5,14400,1.00307414105
83799,83892,89421,93,5529,5,14400,1.01682040152
83892,83915,89567,23,5652,5,14400,1.00406935598
83913,83926,89227,13,5301,5,14400,1.00245236748
83924,83959,88571,35,4612,5,14400,1.00758889853
83955,84079,88602,124,4523,5,14400,1.02741543224
84039,88613,103033,4574,14420,8,14400,1.31719833564
84079,84114,89276,35,5162,5,14400,1.00678031771
84110,84121,89318,11,5197,5,14400,1.00211660573
84121,84128,88552,7,4424,5,14400,1.00158227848
84132,84138,88586,6,4448,5,14400,1.00134892086
84143,84215,88659,72,4444,5,14400,1.01620162016
84215,84287,88617,72,4330,5,14400,1.01662817552
84287,84342,89051,55,4709,5,14400,1.01167976216
84339,84386,89118,47,4732,5,14400,1.00993237532
84391,84397,90281,6,5884,5,14400,1.00101971448
84402,84600,89148,198,4548,5,14400,1.04353562005
84598,84640,90009,42,5369,5,14400,1.00782268579
84639,84847,90421,208,5574,5,14400,1.03731611051
84845,87205,92938,2360,5733,5,14400,1.41165184022
87205,87491,92644,286,5153,5,14400,1.05550164952
87495,87636,92097,141,4461,5,14400,1.03160726295
87639,87659,93060,20,5401,5,14400,1.00370301796
87660,87715,92376,55,4661,5,14400,1.01180004291
87712,87725,92157,13,4432,5,14400,1.002933213
87723,87986,93716,263,5730,5,14400,1.04589877836
87990,88216,93873,226,5657,5,14400,1.0399505038
88216,88229,92908,13,4679,5,14400,1.00277837145
88227,88414,92888,187,4474,5,14400,1.04179704962
88412,88458,93333,46,4875,5,14400,1.00943589744
88454,88563,93817,109,5254,5,14400,1.02074609821
88568,88581,94131,13,5550,5,14400,1.00234234234
88578,88589,93870,11,5281,5,14400,1.00208293884
88589,88597,94099,8,5502,5,14400,1.00145401672
88600,88618,93244,18,4626,5,14400,1.00389105058
88621,88629,94351,8,5722,5,14400,1.00139811255
88632,88653,93507,21,4854,5,14400,1.0043263288
88653,88670,93661,17,4991,5,14400,1.00340613104
88674,88680,94208,6,5528,5,14400,1.0010853835
88685,88723,93240,38,4517,5,14400,1.00841266327
88727,88733,93662,6,4929,5,14400,1.00121728545
88737,88834,94147,97,5313,5,14400,1.01825710521
88830,88858,93489,28,4631,5,14400,1.00604621032
88862,89063,93877,201,4814,5,14400,1.04175321978
89067,89129,93467,62,4338,5,14400,1.0142923006
89128,89287,90918,159,1631,8,6000,1.09748620478
89292,89329,90963,37,1634,8,6000,1.02264381885
89334,89416,91038,82,1622,8,6000,1.05055487053
89416,90021,91632,605,1611,8,6000,1.37554314091
90022,90929,92545,907,1616,8,6000,1.56126237624
90925,90974,92589,49,1615,8,6000,1.03034055728
90977,91050,92681,73,1631,8,6000,1.04475781729
91049,91645,93277,596,1632,8,6000,1.36519607843
91644,92170,93780,526,1610,8,6000,1.32670807453
92167,92332,93942,165,1610,8,6000,1.10248447205
92331,92557,94185,226,1628,8,6000,1.13882063882
92557,92601,94222,44,1621,8,6000,1.02714373843
92598,92655,94284,57,1629,8,6000,1.0349907919
92660,92693,94310,33,1617,8,6000,1.02040816327
92692,92919,94547,227,1628,8,6000,1.13943488943
92918,93251,94872,333,1621,8,6000,1.20542874769
93152,93478,125128,326,31650,2,86400,1.01030015798
93256,93288,94895,32,1607,8,6000,1.01991288114
93287,93344,94972,57,1628,8,6000,1.03501228501
93349,93500,95133,151,1633,8,6000,1.09246785058
93503,93673,95300,170,1627,8,6000,1.10448678549
93678,93684,95301,6,1617,8,6000,1.00371057514
93689,93791,95424,102,1633,8,6000,1.06246172688
93791,93828,95460,37,1632,8,6000,1.02267156863
93833,93884,95534,51,1650,8,6000,1.03090909091
93885,93891,95539,6,1648,8,6000,1.0036407767
93895,93954,95584,59,1630,8,6000,1.03619631902
93957,94142,95765,185,1623,8,6000,1.11398644486
94142,94160,95792,18,1632,8,6000,1.01102941176
94163,94196,95819,33,1623,8,6000,1.02033271719
94194,94234,95856,40,1622,8,6000,1.02466091245
94236,94268,95899,32,1631,8,6000,1.01961986511
94267,94295,95954,28,1659,8,6000,1.01687763713
94298,94321,95950,23,1629,8,6000,1.01411909147
94319,94555,96194,236,1639,8,6000,1.14399023795
94555,94562,96198,7,1636,8,6000,1.00427872861
94566,94883,96537,317,1654,8,6000,1.19165659008
94884,94906,96536,22,1630,8,6000,1.01349693252
94905,94984,96616,79,1632,8,6000,1.04840686275
94987,95144,96759,157,1615,8,6000,1.09721362229
95067,95073,95081,6,8,1,3600,1.4
95141,95311,96948,170,1637,8,6000,1.10384850336
95185,95191,95319,6,128,1,3600,1.046875
95316,95322,96955,6,1633,8,6000,1.00367421923
95326,95435,97062,109,1627,8,6000,1.06699446835
95440,95472,97106,32,1634,8,6000,1.01958384333
95441,95447,95754,6,307,1,3600,1.01954397394
95471,95545,97174,74,1629,8,6000,1.04542664211
95543,95552,97200,9,1648,8,6000,1.00546116505
95554,95595,97227,41,1632,8,6000,1.02512254902
95595,95777,97406,182,1629,8,6000,1.11172498465
95780,95804,97447,24,1643,8,6000,1.01460742544
95801,95831,97469,30,1638,8,6000,1.01831501832
95832,95867,97502,35,1635,8,6000,1.02140672783
95864,95912,97588,48,1676,8,6000,1.02863961814
95915,95961,97592,46,1631,8,6000,1.0282035561
95957,95968,97581,11,1613,8,6000,1.00681959082
95968,95997,97634,29,1637,8,6000,1.01771533293
95973,95979,96619,6,640,1,3600,1.009375
95999,96205,97827,206,1622,8,6000,1.12700369914
96205,96212,97843,7,1631,8,6000,1.00429184549
96215,96548,98208,333,1660,8,6000,1.20060240964
96544,96554,98161,10,1607,8,6000,1.00622277536
96554,96627,98252,73,1625,8,6000,1.04492307692
96626,96772,98426,146,1654,8,6000,1.08827085852
96770,96959,98584,189,1625,8,6000,1.11630769231
96955,96966,98587,11,1621,8,6000,1.00678593461
96966,97073,98715,107,1642,8,6000,1.06516443362
97079,97118,98756,39,1638,8,6000,1.02380952381
97120,97185,98817,65,1632,8,6000,1.03982843137
97123,97129,97135,6,6,1,3600,1.2
97182,97212,98834,30,1622,8,6000,1.01849568434
97214,97239,98861,25,1622,8,6000,1.01541307028
97235,97418,99042,183,1624,8,6000,1.11268472906
97240,97246,97337,6,91,1,3600,1.06593406593
97419,97458,99080,39,1622,8,6000,1.02404438964
97457,97465,97755,8,290,1,3600,1.0275862069
97461,97481,99102,20,1621,8,6000,1.01233806292
97482,97514,99159,32,1645,8,6000,1.01945288754
97514,97592,99224,78,1632,8,6000,1.04779411765
97597,97603,99251,6,1648,8,6000,1.0036407767
97608,97615,99248,7,1633,8,6000,1.0042865891
97618,97645,99286,27,1641,8,6000,1.01645338208
97650,97838,99473,188,1635,8,6000,1.11498470948
97834,97855,99488,21,1633,8,6000,1.0128597673
97855,98172,99836,317,1664,8,6000,1.19050480769
98030,98036,98575,6,539,1,3600,1.01113172542
98173,98219,99864,46,1645,8,6000,1.02796352584
98215,98264,99892,49,1628,8,6000,1.0300982801
98266,98390,100030,124,1640,8,6000,1.0756097561
98390,98437,100064,47,1627,8,6000,1.02888752305
98442,98597,100226,155,1629,8,6000,1.09515039902
98596,98603,100243,7,1640,8,6000,1.00426829268
98606,98726,100372,120,1646,8,6000,1.07290400972
98651,98657,98665,6,8,1,1800,1.4
98730,98767,100424,37,1657,8,6000,1.02232951116
98771,98830,100461,59,1631,8,6000,1.0361741263
98825,98837,98916,12,79,1,1800,1.15189873418
98835,98846,100502,11,1656,8,6000,1.00664251208
98846,98872,100508,26,1636,8,6000,1.01589242054
98877,99054,100705,177,1651,8,6000,1.10720775288
98983,98989,99115,6,126,1,3600,1.04761904762
99051,99093,100725,42,1632,8,6000,1.02573529412
99093,99114,100760,21,1646,8,6000,1.0127582017
99114,99170,100814,56,1644,8,6000,1.03406326034
99147,99153,99250,6,97,1,1800,1.0618556701
99166,99235,100847,69,1612,8,6000,1.04280397022
99237,99260,99565,23,305,1,3600,1.07540983607
99239,99266,100901,27,1635,8,6000,1.01651376147
99270,99276,100919,6,1643,8,6000,1.00365185636
99281,99297,100932,16,1635,8,6000,1.00978593272
99301,99484,101142,183,1658,8,6000,1.11037394451
99486,99499,101122,13,1623,8,6000,1.00800985829
99497,99848,101477,351,1629,8,6000,1.21546961326
99744,99750,100131,6,381,1,1800,1.0157480315
99784,99790,100408,6,618,1,3600,1.00970873786
99854,99875,105243,21,5368,5,14400,1.00391207154
99875,99903,105007,28,5104,5,14400,1.00548589342
99906,99912,105352,6,5440,5,14400,1.00110294118
99917,100041,105094,124,5053,5,14400,1.0245398773
100040,100075,105306,35,5231,5,14400,1.00669088128
100071,100082,105031,11,4949,5,14400,1.00222267125
100082,100237,105835,155,5598,5,14400,1.02768846016
100236,100244,104617,8,4373,5,14400,1.00182940773
100247,100254,105051,7,4797,5,14400,1.00145924536
100258,100383,105505,125,5122,5,14400,1.02440452948
100381,100390,105007,9,4617,5,14400,1.00194931774
100392,100436,104947,44,4511,5,14400,1.00975393483
100433,100442,106279,9,5837,5,14400,1.00154188796
100444,100472,105252,28,4780,5,14400,1.00585774059
100475,100514,105788,39,5274,5,14400,1.00739476678
100517,100523,105416,6,4893,5,14400,1.00122624157
100527,100534,104992,7,4458,5,14400,1.00157021086
100538,100544,105304,6,4760,5,14400,1.0012605042
100549,100717,105651,168,4934,5,14400,1.03404945278
100713,100723,106525,10,5802,5,14400,1.00172354361
100724,100738,105875,14,5137,5,14400,1.00272532607
100735,100771,106000,36,5229,5,14400,1.00688468158
100773,100779,100785,6,6,1,1800,1.2
100776,100785,106209,9,5424,5,14400,1.00165929204
100787,100826,105989,39,5163,5,14400,1.00755374782
100829,100858,106160,29,5302,5,14400,1.0054696341
100860,100866,106730,6,5864,5,14400,1.00102319236
100871,100912,105448,41,4536,5,14400,1.00903880071
100912,100919,106263,7,5344,5,14400,1.00130988024
100923,100931,105932,8,5001,5,14400,1.00159968006
100934,100943,105660,9,4717,5,14400,1.00190799237
100945,100951,105706,6,4755,5,14400,1.00126182965
100947,103050,103093,2103,43,1,1800,49.9069767442
100956,101133,105922,177,4789,5,14400,1.03695969931
101131,101154,106127,23,4973,5,14400,1.00462497486
101152,101160,105775,8,4615,5,14400,1.00173347779
101163,101488,106637,325,5149,5,14400,1.06311905224
101228,103055,103152,1827,97,1,3600,19.8350515464
101491,101497,106153,6,4656,5,14400,1.00128865979
101502,103044,109087,1542,6043,5,14400,1.25517127255
103049,103265,108791,216,5526,5,14400,1.03908794788
103265,104629,110263,1364,5634,5,14400,1.24210152645
103279,105025,105316,1746,291,1,3600,7.0
103336,105030,105110,1694,80,1,1800,22.175
104629,104958,109514,329,4556,5,14400,1.07221246708
104957,105003,109583,46,4580,5,14400,1.01004366812
105009,105020,110226,11,5206,5,14400,1.0021129466
105020,105042,109844,22,4802,5,14400,1.00458142441
105041,105062,109714,21,4652,5,14400,1.00451418745
105062,105106,110756,44,5650,5,14400,1.00778761062
105103,105152,110054,49,4902,5,14400,1.00999592003
105103,105274,108907,171,3633,12,43200,1.0470685384
105155,105254,110449,99,5195,5,14400,1.01905678537
105258,105264,109974,6,4710,5,14400,1.00127388535
105268,105279,110366,11,5087,5,14400,1.00216237468
105279,105316,110026,37,4710,5,14400,1.00785562633
105321,105327,110022,6,4695,5,14400,1.00127795527
105331,105364,110476,33,5112,5,14400,1.00645539906
105363,105428,110582,65,5154,5,14400,1.01261156383
105425,105459,109744,34,4285,5,14400,1.00793465578
105456,105516,110882,60,5366,5,14400,1.01118151323
105518,105663,110275,145,4612,5,14400,1.03143972246
105584,106171,106706,587,535,1,3600,2.09719626168
105662,105672,111256,10,5584,5,14400,1.00179083095
105672,105717,111439,45,5722,5,14400,1.00786438308
105714,105786,111397,72,5611,5,14400,1.01283193727
105738,106177,106436,439,259,1,1800,2.69498069498
105786,105799,111062,13,5263,5,14400,1.0024700741
105797,105847,110564,50,4717,5,14400,1.0105999576
105849,105886,110319,37,4433,5,14400,1.00834649222
105890,105935,111247,45,5312,5,14400,1.00847138554
105932,105943,111241,11,5298,5,14400,1.00207625519
105942,106000,110756,58,4756,5,14400,1.01219512195
106004,106011,110605,7,4594,5,14400,1.0015237266
106015,106138,110726,123,4588,5,14400,1.02680906713
106138,106164,110719,26,4555,5,14400,1.00570801317
106170,106220,110956,50,4736,5,14400,1.01055743243
106221,106274,111402,53,5128,5,14400,1.01033541342
106273,106291,112053,18,5762,5,14400,1.00312391531
106294,106447,111099,153,4652,5,14400,1.03288907997
106318,106325,106402,7,77,1,1800,1.09090909091
106448,106537,112067,89,5530,5,14400,1.01609403255
106541,106649,112177,108,5528,5,14400,1.01953690304
106654,106741,112115,87,5374,5,14400,1.01618905843
106656,106716,106814,60,98,1,1800,1.61224489796
106737,108918,113551,2181,4633,5,14400,1.4707532916
107137,108802,117288,1665,8486,8,14400,1.19620551497
107337,107343,107703,6,360,1,1800,1.01666666667
108864,108924,108967,60,43,1,1800,2.39534883721
108920,108930,113421,10,4491,5,14400,1.00222667557
108930,109100,114107,170,5007,5,14400,1.03395246655
109105,109527,114125,422,4598,5,14400,1.09177903436
109215,109221,109303,6,82,1,1800,1.07317073171
109526,109594,114003,68,4409,5,14400,1.01542299841
109598,109725,115528,127,5803,5,14400,1.02188523178
109721,109757,115477,36,5720,5,14400,1.00629370629
109753,109857,114638,104,4781,5,14400,1.02175277139
109856,109986,114552,130,4566,5,14400,1.02847130968
109936,110047,110299,111,252,1,1800,1.44047619048
109989,110035,114639,46,4604,5,14400,1.0099913119
110031,110041,115494,10,5453,5,14400,1.00183385292
110042,110065,115873,23,5808,5,14400,1.0039600551
110063,110237,115385,174,5148,5,14400,1.0337995338
110238,110274,116131,36,5857,5,14400,1.00614649138
110279,110286,115287,7,5001,5,14400,1.00139972006
110290,110330,116029,40,5699,5,14400,1.00701877522
110331,110378,115463,47,5085,5,14400,1.00924287119
110373,110461,115371,88,4910,5,14400,1.01792260692
110466,110487,115607,21,5120,5,14400,1.0041015625
110487,110576,115397,89,4821,5,14400,1.01846090023
110580,110594,115608,14,5014,5,14400,1.00279218189
110591,110616,115696,25,5080,5,14400,1.00492125984
110612,110730,115465,118,4735,5,14400,1.02492080253
110735,110742,115407,7,4665,5,14400,1.00150053591
110746,110767,115388,21,4621,5,14400,1.00454447089
110765,110893,112535,128,1642,8,6000,1.07795371498
110899,110967,112572,68,1605,8,6000,1.04236760125
110971,111111,112717,140,1606,8,6000,1.08717310087
111115,111252,112863,137,1611,8,6000,1.08504034761
111249,111267,112869,18,1602,8,6000,1.01123595506
111270,111413,113026,143,1613,8,6000,1.08865468072
111413,111451,113059,38,1608,8,6000,1.0236318408
111455,112065,113673,610,1608,8,6000,1.37935323383
111699,383329,387680,271630,4351,12,28800,63.4293265916
112070,112126,113736,56,1610,8,6000,1.0347826087
112122,112546,114152,424,1606,8,6000,1.26400996264
112369,112442,112471,73,29,4,21600,3.51724137931
112369,112375,112431,6,56,4,21600,1.10714285714
112369,112483,112615,114,132,4,21600,1.86363636364
112370,112626,112754,256,128,4,21600,3.0
112370,112765,112795,395,30,4,21600,14.1666666667
112370,112806,112840,436,34,4,21600,13.8235294118
112370,112851,112886,481,35,4,21600,14.7428571429
112371,113034,113169,663,135,4,21600,5.91111111111
112371,113218,113246,847,28,4,21600,31.25
112371,113180,113207,809,27,4,21600,30.962962963
112371,112897,113022,526,125,4,21600,5.208
112542,112583,114190,41,1607,8,6000,1.02551337897
112584,112729,114334,145,1605,8,6000,1.09034267913
112728,112875,114487,147,1612,8,6000,1.091191067
112872,112882,114491,10,1609,8,6000,1.0062150404
112882,113041,114652,159,1611,8,6000,1.09869646182
113047,113071,114677,24,1606,8,6000,1.01494396015
113068,113316,114932,248,1616,8,6000,1.15346534653
113314,113562,115183,248,1621,8,6000,1.15299198026
113327,113335,185348,8,72013,1,72000,1.00011109105
113560,113684,115298,124,1614,8,6000,1.07682775713
113684,113748,115352,64,1604,8,6000,1.03990024938
113746,114014,115622,268,1608,8,6000,1.16666666667
114013,114137,115754,124,1617,8,6000,1.07668521954
114136,114164,115778,28,1614,8,6000,1.01734820322
114168,114201,115801,33,1600,8,6000,1.020625
114199,114346,115976,147,1630,8,6000,1.09018404908
114343,114499,116115,156,1616,8,6000,1.09653465347
114498,114505,116129,7,1624,8,6000,1.00431034483
114508,114563,116194,55,1631,8,6000,1.03372164316
114560,114650,116256,90,1606,8,6000,1.05603985056
114653,114664,116298,11,1634,8,6000,1.00673194614
114664,114688,116301,24,1613,8,6000,1.01487910725
114685,114943,116545,258,1602,8,6000,1.16104868914
114941,115194,116807,253,1613,8,6000,1.15685058896
115198,115310,116928,112,1618,8,6000,1.06922126082
115311,115365,116972,54,1607,8,6000,1.03360298693
115363,115383,117002,20,1619,8,6000,1.01235330451
115384,115397,117070,13,1673,8,6000,1.00777047221
115394,115408,117039,14,1631,8,6000,1.00858369099
115405,115418,117047,13,1629,8,6000,1.00798035605
115416,115476,117098,60,1622,8,6000,1.03699136868
115478,115505,117131,27,1626,8,6000,1.01660516605
115509,115539,117160,30,1621,8,6000,1.01850709439
115542,115620,117238,78,1618,8,6000,1.04820766378
115624,115633,117260,9,1627,8,6000,1.00553165335
115635,115708,117336,73,1628,8,6000,1.04484029484
115707,115767,117399,60,1632,8,6000,1.03676470588
115769,115790,117405,21,1615,8,6000,1.01300309598
115790,115813,117429,23,1616,8,6000,1.01423267327
115811,115987,117597,176,1610,8,6000,1.10931677019
115986,116040,117670,54,1630,8,6000,1.03312883436
116037,116127,117758,90,1631,8,6000,1.05518087063
116130,116141,117766,11,1625,8,6000,1.00676923077
116141,116149,117769,8,1620,8,6000,1.0049382716
116152,116205,117826,53,1621,8,6000,1.03269586675
116203,116268,117895,65,1627,8,6000,1.03995082975
116265,116309,117928,44,1619,8,6000,1.02717726992
116307,116316,117933,9,1617,8,6000,1.00556586271
116318,116556,118192,238,1636,8,6000,1.14547677262
116554,116819,118436,265,1617,8,6000,1.16388373531
116763,117523,117657,760,134,4,21600,6.67164179104
116763,117423,117534,660,111,4,21600,6.94594594595
116763,117417,117512,654,95,4,21600,7.88421052632
116764,117777,117961,1013,184,4,21600,6.50543478261
116764,117546,117747,782,201,4,21600,4.89054726368
116764,117758,117925,994,167,4,21600,6.95209580838
116764,117668,117841,904,173,4,21600,6.22543352601
116765,118127,118213,1362,86,4,21600,16.8372093023
116765,117937,118104,1172,167,4,21600,8.01796407186
116765,118116,118208,1351,92,4,21600,15.6847826087
116765,117973,118115,1208,142,4,21600,9.50704225352
116821,116939,118574,118,1635,8,6000,1.07217125382
116944,116984,118612,40,1628,8,6000,1.02457002457
116986,117014,118637,28,1623,8,6000,1.01725200246
117017,117051,118673,34,1622,8,6000,1.02096177559
117048,117059,118677,11,1618,8,6000,1.00679851669
117059,117081,118696,22,1615,8,6000,1.01362229102
117080,117110,118748,30,1638,8,6000,1.01831501832
117112,117143,118778,31,1635,8,6000,1.01896024465
117143,117171,118795,28,1624,8,6000,1.01724137931
117174,117250,118876,76,1626,8,6000,1.0467404674
117246,117272,118890,26,1618,8,6000,1.01606922126
117267,117347,118988,80,1641,8,6000,1.04875076173
117350,117410,119040,60,1630,8,6000,1.03680981595
117412,117441,119059,29,1618,8,6000,1.01792336218
117443,117608,119251,165,1643,8,6000,1.10042604991
117608,117681,119308,73,1627,8,6000,1.04486785495
117680,117769,119404,89,1635,8,6000,1.05443425076
117773,117784,119419,11,1635,8,6000,1.00672782875
117784,117837,119463,53,1626,8,6000,1.03259532595
117835,117852,119485,17,1633,8,6000,1.01041028781
117856,117906,119530,50,1624,8,6000,1.03078817734
117908,117944,119588,36,1644,8,6000,1.02189781022
117940,117950,119579,10,1629,8,6000,1.00613873542
117951,118201,119844,250,1643,8,6000,1.15216068168
118197,118208,119824,11,1616,8,6000,1.00680693069
118208,118224,119849,16,1625,8,6000,1.00984615385
118230,118585,120217,355,1632,8,6000,1.2175245098
118274,118449,122871,175,4422,8,14400,1.03957485301
118589,118624,120233,35,1609,8,6000,1.02175264139
118621,119432,127741,811,8309,2,72000,1.09760500662
118621,118648,120304,27,1656,8,6000,1.01630434783
118652,118684,120311,32,1627,8,6000,1.0196681008
118683,118692,120309,9,1617,8,6000,1.00556586271
118694,118707,120335,13,1628,8,6000,1.00798525799
118705,118760,120390,55,1630,8,6000,1.03374233129
118756,118790,120414,34,1624,8,6000,1.02093596059
118788,118807,120452,19,1645,8,6000,1.01155015198
118809,118889,120516,80,1627,8,6000,1.049170252
118891,118903,120534,12,1631,8,6000,1.00735744942
118902,119000,120645,98,1645,8,6000,1.05957446809
119005,119051,120692,46,1641,8,6000,1.028031688
119047,119071,120717,24,1646,8,6000,1.01458080194
119068,119262,120889,194,1627,8,6000,1.11923786109
119260,119320,125013,60,5693,5,14400,1.01053925874
119275,251609,407394,132334,155785,6,180000,1.84946560965
119322,119415,124746,93,5331,5,14400,1.01744513225
119415,119422,124589,7,5167,5,14400,1.00135475131
119426,119439,124669,13,5230,5,14400,1.00248565966
119437,119475,125078,38,5603,5,14400,1.00678208103
119478,119484,124346,6,4862,5,14400,1.00123406006
119489,119497,125163,8,5666,5,14400,1.00141193082
119500,119541,123949,41,4408,5,14400,1.00930127042
119541,119548,124434,7,4886,5,14400,1.00143266476
119546,365169,509205,245623,144036,4,144000,2.70528895554
119552,119590,124923,38,5333,5,14400,1.00712544534
119577,377435,521479,257858,144044,4,144000,2.7901335703
119590,119841,184658,251,64817,2,64800,1.00387244087
119593,119600,124248,7,4648,5,14400,1.0015060241
119604,119610,124321,6,4711,5,14400,1.00127361494
119605,119846,173889,241,54043,2,54000,1.00445941195
119615,119836,125523,221,5687,5,14400,1.03886055917
119841,119859,124245,18,4386,5,14400,1.00410396717
119862,119868,124989,6,5121,5,14400,1.00117164616
119873,119879,124642,6,4763,5,14400,1.00125971027
119883,120229,124601,346,4372,5,14400,1.0791399817
120153,287401,301436,167248,14035,2,90000,12.9164944781
120232,120238,124977,6,4739,5,14400,1.00126608989
120243,120249,124837,6,4588,5,14400,1.00130775937
120254,120315,125896,61,5581,5,14400,1.01092994087
120316,120322,125595,6,5273,5,14400,1.00113787218
120327,120333,125343,6,5010,5,14400,1.00119760479
120337,120343,125817,6,5474,5,14400,1.00109609061
120348,120354,125301,6,4947,5,14400,1.00121285628
120359,120371,125764,12,5393,5,14400,1.00222510662
120370,120379,125599,9,5220,5,14400,1.00172413793
120380,120401,124875,21,4474,5,14400,1.00469378632
120402,120425,125500,23,5075,5,14400,1.0045320197
120423,120433,125577,10,5144,5,14400,1.00194401244
120433,120463,125114,30,4651,5,14400,1.00645022576
120465,120527,125032,62,4505,5,14400,1.01376248613
120527,120535,125523,8,4988,5,14400,1.00160384924
120537,120546,125273,9,4727,5,14400,1.001903956
120548,120554,125007,6,4453,5,14400,1.00134740624
120559,120657,125704,98,5047,5,14400,1.01941747573
120652,120704,125519,52,4815,5,14400,1.01079958463
120704,120712,126166,8,5454,5,14400,1.00146681335
120715,120729,125464,14,4735,5,14400,1.00295670539
120726,120901,126353,175,5452,5,14400,1.03209831255
120900,120907,125344,7,4437,5,14400,1.00157764255
120911,121230,125936,319,4706,5,14400,1.06778580535
121193,122178,132294,985,10116,2,72000,1.09737050217
121229,123783,128969,2554,5186,5,14400,1.49247975318
122439,123789,129553,1350,5764,2,43200,1.23421235253
123007,123021,126762,14,3741,1,3600,1.00374231489
123782,123961,128356,179,4395,5,14400,1.04072810011
123957,124257,128710,300,4453,5,14400,1.06737031215
124237,377976,485989,253739,108013,4,108000,3.34915241684
124255,124264,130185,9,5921,5,14400,1.00152001351
124266,124332,129415,66,5083,5,14400,1.012984458
124338,124357,129541,19,5184,5,14400,1.00366512346
124355,381523,489559,257168,108036,4,108000,3.38039172128
124359,124446,129410,87,4964,5,14400,1.01752618856
124383,387697,494259,263314,106562,4,108000,3.47099341229
124452,124601,129773,149,5172,5,14400,1.02880897138
124607,124613,129342,6,4729,5,14400,1.00126876718
124617,124655,129431,38,4776,5,14400,1.00795644891
124659,124681,129446,22,4765,5,14400,1.00461699895
124680,124757,130119,77,5362,5,14400,1.01436031332
124754,124848,129176,94,4328,5,14400,1.02171903882
124847,124883,129992,36,5109,5,14400,1.00704638873
124889,124895,129368,6,4473,5,14400,1.00134138162
124899,124906,130454,7,5548,5,14400,1.00126171593
124910,124916,130350,6,5434,5,14400,1.001104159
124921,124934,130382,13,5448,5,14400,1.00238619677
124932,124989,130782,57,5793,5,14400,1.00983946142
124994,125000,129718,6,4718,5,14400,1.00127172531
125004,125018,129555,14,4537,5,14400,1.00308573948
125015,125025,130585,10,5560,5,14400,1.00179856115
125026,125044,130230,18,5186,5,14400,1.00347088315
125047,125089,129884,42,4795,5,14400,1.00875912409
125089,125125,129631,36,4506,5,14400,1.00798934754
125130,125174,129595,44,4421,5,14400,1.00995249943
125172,125285,129751,113,4466,5,14400,1.02530228392
125285,125313,129836,28,4523,5,14400,1.00619058147
125317,125355,130351,38,4996,5,14400,1.00760608487
125358,125364,130781,6,5417,5,14400,1.00110762415
125369,125476,130079,107,4603,5,14400,1.02324570932
125472,125513,131324,41,5811,5,14400,1.00705558424
125514,125531,131109,17,5578,5,14400,1.00304768734
125535,125541,130857,6,5316,5,14400,1.00112866817
125545,125552,130266,7,4714,5,14400,1.00148493848
125556,125588,130143,32,4555,5,14400,1.00702524698
125587,125606,130854,19,5248,5,14400,1.00362042683
125608,125615,130265,7,4650,5,14400,1.00150537634
125619,125716,130204,97,4488,5,14400,1.02161319073
125689,129684,129701,3995,17,4,600,236.0
125689,129643,129673,3954,30,4,600,132.8
125689,129713,129728,4024,15,4,600,269.266666667
125690,129740,129758,4050,18,4,600,226.0
125690,129769,129787,4079,18,4,600,227.611111111
125690,129848,129885,4158,37,4,600,113.378378378
125690,129826,129856,4136,30,4,600,138.866666667
125690,129799,129813,4109,14,4,600,294.5
125691,129944,129961,4253,17,4,600,251.176470588
125691,129896,129932,4205,36,4,600,117.805555556
125691,129867,129885,4176,18,4,600,233.0
125712,125776,131684,64,5908,5,14400,1.01083276913
125774,125829,131187,55,5358,5,14400,1.01026502426
125826,125909,130587,83,4678,5,14400,1.01774262505
125883,130016,130047,4133,31,4,600,134.322580645
125883,130005,130045,4122,40,4,600,104.05
125883,129974,130004,4091,30,4,600,137.366666667
125884,130057,130086,4173,29,4,600,144.896551724
125884,130104,130132,4220,28,4,600,151.714285714
125884,130091,130131,4207,40,4,600,106.175
125884,130098,130126,4214,28,4,600,151.5
125884,130064,130090,4180,26,4,600,161.769230769
125885,130131,130182,4246,51,4,600,84.2549019608
125885,130137,130165,4252,28,4,600,152.857142857
125885,130176,130204,4291,28,4,600,154.25
125908,125947,130491,39,4544,5,14400,1.00858274648
125934,413948,521983,288014,108035,4,108000,3.66593233674
125950,126177,130777,227,4600,5,14400,1.04934782609
126176,126365,131534,189,5169,5,14400,1.03656413233
126252,495177,603194,368925,108017,4,108000,4.41543460752
126357,495265,603274,368908,108009,4,108000,4.4155301873
126362,126772,132505,410,5733,5,14400,1.0715157858
126773,128367,133573,1594,5206,5,14400,1.30618517096
126818,129730,130930,2912,1200,6,36000,3.42666666667
127529,127753,145233,224,17480,2,46800,1.01281464531
128427,128721,134368,294,5647,5,9000,1.05206304232
128727,128981,133828,254,4847,5,9000,1.05240354859
128808,129901,130531,1093,630,2,600,2.73492063492
128985,129189,134703,204,5514,5,9000,1.03699673558
128992,129564,145294,572,15730,2,21600,1.03636363636
129192,129354,134534,162,5180,5,9000,1.03127413127
129358,129380,134151,22,4771,5,9000,1.00461119262
129379,129422,134461,43,5039,5,9000,1.00853343917
129421,129430,134099,9,4669,5,9000,1.00192760762
129432,129442,134527,10,5085,5,9000,1.00196656834
129443,129458,134836,15,5378,5,9000,1.00278914094
129454,129553,134306,99,4753,5,9000,1.02082895014
129474,174986,183325,45512,8339,16,14400,6.45772874445
129558,129572,134160,14,4588,5,9000,1.00305143854
129569,129608,134198,39,4590,5,9000,1.00849673203
129608,129785,131396,177,1611,8,6000,1.10986964618
129678,129763,135145,85,5382,2,21600,1.01579338536
129784,129907,131545,123,1638,8,6000,1.07509157509
129908,130145,131764,237,1619,8,6000,1.14638665843
130145,130154,131779,9,1625,8,6000,1.00553846154
130156,130197,131802,41,1605,8,6000,1.02554517134
130198,130216,131877,18,1661,8,6000,1.01083684527
130219,130277,131898,58,1621,8,6000,1.03578038248
130282,130288,131881,6,1593,8,6000,1.00376647834
130292,130363,131971,71,1608,8,6000,1.04415422886
130365,130394,132003,29,1609,8,6000,1.01802361715
130396,130502,132102,106,1600,8,6000,1.06625
130500,130596,132216,96,1620,8,6000,1.05925925926
130593,130795,132417,202,1622,8,6000,1.12453760789
130636,130642,130746,6,104,2,600,1.05769230769
130684,130758,130795,74,37,4,600,3.0
130684,130788,130841,104,53,4,600,2.96226415094
130684,130852,130884,168,32,4,600,6.25
130684,130865,130906,181,41,4,600,5.41463414634
130684,130873,130913,189,40,4,600,5.725
130685,130918,130944,233,26,4,600,9.96153846154
130685,130895,130942,210,47,4,600,5.46808510638
130685,130925,130954,240,29,4,600,9.27586206897
130686,130953,130981,267,28,4,600,10.5357142857
130686,130961,130986,275,25,4,600,12.0
130686,130968,130995,282,27,4,600,11.4444444444
130733,130993,131008,260,15,4,600,18.3333333333
130734,131027,131042,293,15,4,600,20.5333333333
130734,131021,131036,287,15,4,600,20.1333333333
130734,131047,131063,313,16,4,600,20.5625
130734,130999,131014,265,15,4,600,18.6666666667
130734,131035,131050,301,15,4,600,21.0666666667
130734,131006,131021,272,15,4,600,19.1333333333
130735,131054,131069,319,15,4,600,22.2666666667
130735,131062,131078,327,16,4,600,21.4375
130735,131075,131092,340,17,4,600,21.0
130735,131083,131099,348,16,4,600,22.75
130799,130806,132427,7,1621,8,6000,1.00431832202
130810,131091,131107,281,16,4,600,18.5625
130810,130940,132554,130,1614,8,6000,1.08054522924
130810,131103,131119,293,16,4,600,19.3125
130810,131111,131126,301,15,4,600,21.0666666667
130811,131119,131137,308,18,4,600,18.1111111111
130811,131141,131155,330,14,4,600,24.5714285714
130811,131149,131164,338,15,4,600,23.5333333333
130811,131134,131165,323,31,4,600,11.4193548387
130811,131126,131167,315,41,4,600,8.68292682927
130812,131166,131181,354,15,4,600,24.6
130812,131193,131213,381,20,4,600,20.05
130812,131175,131191,363,16,4,600,23.6875
130823,131303,131330,480,27,4,600,18.7777777778
130823,131265,131292,442,27,4,600,17.3703703704
130823,131224,131254,401,30,4,600,14.3666666667
130824,131337,131373,513,36,4,600,15.25
130824,131390,131423,566,33,4,600,18.1515151515
130824,131344,131372,520,28,4,600,19.5714285714
130824,131383,131410,559,27,4,600,21.7037037037
130825,131461,131488,636,27,4,600,24.5555555556
130825,131475,131502,650,27,4,600,25.0740740741
130825,131435,131463,610,28,4,600,22.7857142857
130825,131423,131450,598,27,4,600,23.1481481481
130839,131514,131543,675,29,4,600,24.275862069
130839,131500,131532,661,32,4,600,21.65625
130840,131551,131606,711,55,4,600,13.9272727273
130840,131585,131614,745,29,4,600,26.6896551724
130840,131608,131639,768,31,4,600,25.7741935484
130840,131563,131597,723,34,4,600,22.2647058824
130840,131543,131573,703,30,4,600,24.4333333333
130841,131618,131655,777,37,4,600,22.0
130841,131625,131655,784,30,4,600,27.1333333333
130841,131652,131680,811,28,4,600,29.9642857143
130842,131691,131726,849,35,4,600,25.2571428571
130856,175712,175826,44856,114,16,600,394.473684211
130856,175942,176031,45086,89,16,600,507.584269663
130856,175842,175931,44986,89,16,600,506.460674157
130856,176042,176137,45186,95,16,600,476.642105263
130857,176149,176235,45292,86,16,600,527.651162791
130857,176246,176342,45389,96,16,600,473.802083333
130857,176354,176446,45497,92,16,600,495.532608696
130857,176457,176550,45600,93,16,600,491.322580645
130857,176563,176648,45706,85,16,600,538.717647059
130858,176662,176703,45804,41,16,600,1118.17073171
130858,176717,176806,45859,89,16,600,516.269662921
130934,131182,132805,248,1623,8,6000,1.1528034504
131182,131207,132821,25,1614,8,6000,1.01548946716
131192,131200,132650,8,1450,2,43200,1.00551724138
131203,131408,133032,205,1624,8,6000,1.12623152709
131410,131558,133176,148,1618,8,6000,1.09147095179
131555,131666,133285,111,1619,8,6000,1.06856084002
131669,131699,133310,30,1611,8,6000,1.01862197393
131700,131776,133402,76,1626,8,6000,1.0467404674
131773,131790,133400,17,1610,8,6000,1.01055900621
131794,131813,133420,19,1607,8,6000,1.01182327318
131815,131890,133498,75,1608,8,6000,1.04664179104
131888,131896,133506,8,1610,8,6000,1.0049689441
131899,131909,133517,10,1608,8,6000,1.00621890547
131910,131983,133582,73,1599,8,6000,1.04565353346
131982,132014,133633,32,1619,8,6000,1.01976528721
132014,132115,133739,101,1624,8,6000,1.06219211823
132117,132228,133831,111,1603,8,6000,1.06924516532
132231,132429,134037,198,1608,8,6000,1.12313432836
132427,132438,134050,11,1612,8,6000,1.00682382134
132438,132517,134123,79,1606,8,6000,1.04919053549
132521,132565,134196,44,1631,8,6000,1.02697731453
132562,132817,134422,255,1605,8,6000,1.15887850467
132649,132655,133350,6,695,2,43200,1.00863309353
132820,132834,134462,14,1628,8,6000,1.0085995086
132831,133044,134654,213,1610,8,6000,1.13229813665
133047,133187,134799,140,1612,8,6000,1.08684863524
133192,133297,134920,105,1623,8,6000,1.06469500924
133295,133322,134941,27,1619,8,6000,1.01667696109
133327,133412,135053,85,1641,8,6000,1.05179768434
133356,133362,133734,6,372,2,43200,1.01612903226
133409,133420,135045,11,1625,8,6000,1.00676923077
133420,133433,135116,13,1683,8,6000,1.00772430184
133431,133510,135121,79,1611,8,6000,1.04903786468
133514,133520,135127,6,1607,8,6000,1.00373366521
133525,133531,135162,6,1631,8,6000,1.00367872471
133536,133585,135193,49,1608,8,6000,1.03047263682
133588,133594,135240,6,1646,8,6000,1.00364520049
133599,133645,135271,46,1626,8,6000,1.0282902829
133640,133754,135396,114,1642,8,6000,1.06942752741
133721,133747,138032,26,4285,2,43200,1.00606767795
133754,133842,135463,88,1621,8,6000,1.05428747687
133847,134049,135666,202,1617,8,6000,1.12492269635
134054,134062,135682,8,1620,8,6000,1.0049382716
134065,134110,135723,45,1613,8,6000,1.0278983261
134106,134135,135773,29,1638,8,6000,1.0177045177
134138,134171,135812,33,1641,8,6000,1.02010968921
134169,134209,135830,40,1621,8,6000,1.02467612585
134211,134217,135849,6,1632,8,6000,1.00367647059
134222,134380,135981,158,1601,8,6000,1.0986883198
134254,134538,149261,284,14723,2,21600,1.01928954697
134377,134433,136056,56,1623,8,6000,1.03450400493
134439,134473,136127,34,1654,8,6000,1.02055622733
134470,134480,136101,10,1621,8,6000,1.00616903146
134481,134545,136168,64,1623,8,6000,1.03943314849
134543,134666,136279,123,1613,8,6000,1.07625542467
134667,134810,136419,143,1609,8,6000,1.08887507769
134812,134847,136490,35,1643,8,6000,1.02130249544
134843,134933,136565,90,1632,8,6000,1.05514705882
134937,134952,136572,15,1620,8,6000,1.00925925926
134958,135057,136675,99,1618,8,6000,1.06118665019
135061,135068,136691,7,1623,8,6000,1.00431300062
135072,135129,136771,57,1642,8,6000,1.0347137637
135091,238206,383431,103115,145225,18,198000,1.7100361508
135124,135135,136762,11,1627,8,6000,1.00676090965
135135,135142,136788,7,1646,8,6000,1.0042527339
135146,135174,136809,28,1635,8,6000,1.01712538226
135171,240556,383316,105385,142760,18,198000,1.73819697394
135178,135205,136842,27,1637,8,6000,1.01649358583
135209,135252,136864,43,1612,8,6000,1.02667493797
135251,135283,136913,32,1630,8,6000,1.01963190184
135263,136783,136835,1520,52,4,10800,30.2307692308
135268,136788,136836,1520,48,4,7200,32.6666666667
135282,135409,137036,127,1627,8,6000,1.07805777505
135406,135474,137107,68,1633,8,6000,1.04164115126
135479,135678,137334,199,1656,8,6000,1.12016908213
135675,135693,137296,18,1603,8,6000,1.01122894573
135696,135735,137349,39,1614,8,6000,1.02416356877
135738,135784,137403,46,1619,8,6000,1.02841260037
135780,135824,137451,44,1627,8,6000,1.0270436386
135822,135842,137461,20,1619,8,6000,1.01235330451
135843,135860,137473,17,1613,8,6000,1.01053936764
135864,135994,137626,130,1632,8,6000,1.07965686275
135998,136069,137709,71,1640,8,6000,1.04329268293
136071,136113,137752,42,1639,8,6000,1.02562538133
136113,136140,137786,27,1646,8,6000,1.01640340219
136144,136179,137814,35,1635,8,6000,1.02140672783
136175,136290,137920,115,1630,8,6000,1.07055214724
136289,136431,138076,142,1645,8,6000,1.08632218845
136436,136502,138140,66,1638,8,6000,1.04029304029
136499,136577,138219,78,1642,8,6000,1.04750304507
136582,136588,138223,6,1635,8,6000,1.00366972477
136593,136686,138322,93,1636,8,6000,1.05684596577
136686,136703,138332,17,1629,8,6000,1.01043585021
136707,136774,138431,67,1657,8,6000,1.04043452022
136778,136800,142291,22,5491,5,9000,1.00400655618
136799,136807,142065,8,5258,5,9000,1.00152149106
136810,136822,142315,12,5493,5,9000,1.00218459858
136821,136829,142270,8,5441,5,9000,1.00147031796
136832,136848,142132,16,5284,5,9000,1.00302800908
136853,136860,141938,7,5078,5,9000,1.00137849547
136864,136870,141972,6,5102,5,9000,1.00117600941
136875,136882,141363,7,4481,5,9000,1.00156215131
136886,136926,141858,40,4932,5,9000,1.00811030008
136928,136935,142248,7,5313,5,9000,1.00131752306
136939,137047,141511,108,4464,5,9000,1.02419354839
137043,137055,141575,12,4520,5,9000,1.00265486726
137054,137119,142461,65,5342,5,9000,1.01216772744
137117,137307,142047,190,4740,5,9000,1.04008438819
137223,137229,147545,6,10316,2,21600,1.00058162078
137254,137478,137640,224,162,4,7200,2.38271604938
137304,137346,142654,42,5308,5,9000,1.00791258478
137333,137483,144387,150,6904,4,7200,1.02172653534
137346,137352,142270,6,4918,5,9000,1.00122000813
137357,137363,141758,6,4395,5,9000,1.00136518771
137368,137374,142109,6,4735,5,9000,1.00126715945
137368,137654,139808,286,2154,4,10800,1.13277623027
137379,137414,142334,35,4920,5,9000,1.00711382114
137411,137464,143303,53,5839,5,9000,1.00907689673
137463,137471,142475,8,5004,5,9000,1.00159872102
137474,137489,142463,15,4974,5,9000,1.00301568154
137485,137637,143011,152,5374,5,9000,1.02828433197
137641,137647,142660,6,5013,5,9000,1.00119688809
137652,137720,143137,68,5417,5,9000,1.01255307366
137726,137732,143304,6,5572,5,9000,1.00107681263
137736,137763,142256,27,4493,5,9000,1.00600934787
137768,137798,143064,30,5266,5,9000,1.00569692366
137800,137806,142849,6,5043,5,9000,1.001189768
137811,137826,142434,15,4608,5,9000,1.00325520833
137822,137933,142312,111,4379,5,9000,1.02534825303
137937,137944,142799,7,4855,5,9000,1.00144181256
137948,138087,143194,139,5107,5,9000,1.02721754455
138030,138093,138135,63,42,2,43200,2.5
138084,138146,142746,62,4600,5,9000,1.01347826087
138147,138154,143123,7,4969,5,9000,1.00140873415
138158,138231,142789,73,4558,5,9000,1.0160157964
138231,138237,143797,6,5560,5,9000,1.00107913669
138242,138248,143533,6,5285,5,9000,1.00113528855
138253,138334,143907,81,5573,5,9000,1.0145343621
138337,138343,142955,6,4612,5,9000,1.00130095403
138348,138355,142845,7,4490,5,9000,1.00155902004
138359,138365,143656,6,5291,5,9000,1.00113400113
138370,138443,142955,73,4512,5,9000,1.01617907801
138444,139820,144365,1376,4545,5,9000,1.30275027503
138465,138472,138518,7,46,2,43200,1.15217391304
138496,138507,143939,11,5432,1,7200,1.00202503682
138695,138702,138746,7,44,2,43200,1.15909090909
138964,138971,139012,7,41,2,43200,1.17073170732
139123,139130,146318,7,7188,1,7200,1.0009738453
139694,139701,139744,7,43,2,43200,1.16279069767
139791,139797,162743,6,22946,2,50400,1.00026148348
139817,141375,147214,1558,5839,5,9000,1.26682651139
141378,141607,142530,229,923,8,6000,1.24810400867
141611,141870,143486,259,1616,8,6000,1.16027227723
141656,142059,143057,403,998,5,3600,1.40380761523
141867,141952,143563,85,1611,8,6000,1.05276225947
141949,141985,147304,36,5319,5,9000,1.00676818951
141982,142085,147418,103,5333,5,9000,1.01931370711
142068,264768,610058,122700,345290,1,576000,1.355353471
142089,142121,147342,32,5221,5,9000,1.00612909404
142090,142145,147503,55,5358,5,9000,1.01026502426
142141,142261,143863,120,1602,8,6000,1.07490636704
142259,142282,143897,23,1615,8,6000,1.01424148607
142281,142289,143908,8,1619,8,6000,1.0049413218
142294,142324,143251,30,927,8,6000,1.03236245955
142324,142331,147719,7,5388,5,9000,1.00129918337
142327,142346,143281,19,935,8,6000,1.02032085561
142347,142446,147806,99,5360,5,9000,1.01847014925
142443,142474,147864,31,5390,5,9000,1.00575139147
142474,142480,145613,6,3133,5,9000,1.00191509735
142476,142515,143438,39,923,8,6000,1.04225352113
142517,142543,145500,26,2957,5,9000,1.0087926953
142539,142550,145814,11,3264,5,9000,1.00337009804
142548,142666,148019,118,5353,5,9000,1.02204371381
142666,142673,148010,7,5337,5,9000,1.00131159828
142677,142758,148232,81,5474,5,9000,1.01479722324
142760,142811,144418,51,1607,8,6000,1.03173615432
142814,142858,144466,44,1608,8,6000,1.02736318408
142841,142977,184612,136,41635,2,50400,1.00326648253
142858,142972,144578,114,1606,8,6000,1.07098381071
142973,142985,148204,12,5219,5,9000,1.00229929105
142984,143024,148382,40,5358,5,9000,1.00746547219
143027,143069,148407,42,5338,5,9000,1.0078681154
143068,143075,148384,7,5309,5,9000,1.00131851573
143071,143150,144766,79,1616,8,6000,1.04888613861
143146,143264,144863,118,1599,8,6000,1.07379612258
143260,143270,148625,10,5355,5,9000,1.00186741363
143271,143293,148722,22,5429,5,9000,1.00405231166
143293,143300,148402,7,5102,5,9000,1.00137201098
143305,143316,148775,11,5459,5,9000,1.00201502107
143314,143322,146441,8,3119,5,9000,1.00256492466
143325,143450,146487,125,3037,5,9000,1.04115903852
143355,143926,148718,571,4792,2,21600,1.11915692821
143453,143498,146711,45,3213,5,9000,1.01400560224
143494,143504,148890,10,5386,5,9000,1.00185666543
143506,143545,148622,39,5077,5,9000,1.00768170179
143549,143576,149008,27,5432,5,9000,1.00497054492
143579,143669,149273,90,5604,5,9000,1.01605995717
143665,143813,149091,148,5278,5,9000,1.02804092459
143814,143875,149327,61,5452,5,9000,1.01118855466
143876,143882,149342,6,5460,5,9000,1.0010989011
143879,143909,145508,30,1599,8,6000,1.01876172608
143909,143919,149574,10,5655,5,9000,1.0017683466
143920,143933,149599,13,5666,5,9000,1.00229438758
143932,144377,150051,445,5674,5,9000,1.07842791681
144373,144397,146000,24,1603,8,6000,1.01497192764
144389,145512,152793,1123,7281,4,7200,1.15423705535
144395,144430,146039,35,1609,8,6000,1.02175264139
144428,144478,146081,50,1603,8,6000,1.03119151591
144439,144601,150659,162,6058,1,7200,1.02674149884
144480,144591,149838,111,5247,5,9000,1.02115494568
144509,144596,149324,87,4728,2,21600,1.01840101523
144587,144777,150249,190,5472,5,9000,1.03472222222
144776,144875,146499,99,1624,8,6000,1.06096059113
144873,145521,147130,648,1609,8,6000,1.40273461778
144932,144938,199543,6,54605,2,54600,1.00010988005
145265,145306,145650,41,344,2,21600,1.11918604651
145521,145626,150338,105,4712,5,9000,1.02228353141
145628,145826,151231,198,5405,5,9000,1.03663274746
145830,146012,150918,182,4906,5,9000,1.03709743172
146012,146018,151238,6,5220,5,9000,1.00114942529
146023,146051,150547,28,4496,5,9000,1.00622775801
146056,146063,151204,7,5141,5,9000,1.0013616028
146067,146093,151213,26,5120,5,9000,1.005078125
146090,146146,151369,56,5223,5,9000,1.01072180739
146143,146454,150825,311,4371,5,9000,1.07115076642
146327,146511,147846,184,1335,2,7200,1.13782771536
146452,146500,151702,48,5202,5,9000,1.0092272203
146506,146517,151351,11,4834,5,9000,1.0022755482
146517,146723,152051,206,5328,5,9000,1.03866366366
146616,146622,146625,6,3,1,7200,1.0
146661,146668,147013,7,345,1,7200,1.02028985507
146720,147142,152986,422,5844,5,9000,1.07221081451
147004,147147,149681,143,2534,2,14400,1.05643251776
147145,147226,152822,81,5596,5,9000,1.01447462473
147231,147316,152602,85,5286,5,9000,1.01608021188
147290,147297,150462,7,3165,2,14400,1.00221169036
147317,147354,151801,37,4447,5,9000,1.00832021588
147360,147430,151987,70,4557,5,9000,1.0153609831
147435,147492,152653,57,5161,5,9000,1.01104437125
147489,147516,152505,27,4989,5,9000,1.00541190619
147522,147558,152460,36,4902,5,9000,1.00734394125
147554,147732,152345,178,4613,5,9000,1.03858660308
147736,147818,152207,82,4389,5,9000,1.01868307131
147821,147877,152215,56,4338,5,9000,1.01290917473
147875,148021,153078,146,5057,5,9000,1.02887087206
148025,148031,152797,6,4766,5,9000,1.00125891733
148037,148217,153681,180,5464,5,9000,1.03294289898
148218,148244,152675,26,4431,5,9000,1.00586774994
148240,148394,153989,154,5595,5,9000,1.02752457551
148400,148406,153858,6,5452,5,9000,1.00110051357
148411,148418,153431,7,5013,5,9000,1.00139636944
148423,148430,153054,7,4624,5,9000,1.00151384083
148434,148442,152785,8,4343,5,9000,1.00184204467
148446,148636,153977,190,5341,5,9000,1.03557386257
148638,148649,152955,11,4306,5,9000,1.00255457501
148639,148661,148671,22,10,1,54000,3.2
148649,148735,153236,86,4501,5,9000,1.01910686514
148686,148693,149821,7,1128,1,7200,1.00620567376
148735,148787,154118,52,5331,5,9000,1.00975426749
148789,148942,154317,153,5375,5,9000,1.02846511628
148957,149020,152278,63,3258,5,9000,1.01933701657
149021,149103,152161,82,3058,5,9000,1.02681491171
149099,149273,153944,174,4671,5,9000,1.03725112396
149269,149286,153954,17,4668,5,9000,1.00364181662
149291,149339,154041,48,4702,5,9000,1.01020842195
149345,149355,154352,10,4997,5,9000,1.00200120072
149356,149587,155025,231,5438,5,9000,1.04247885252
149590,149611,154764,21,5153,5,9000,1.00407529594
149612,149833,155523,221,5690,5,9000,1.0388400703
149835,149850,154679,15,4829,5,9000,1.00310623317
149847,150067,155791,220,5724,5,9000,1.03843466108
149906,149913,153878,7,3965,2,14400,1.00176544767
150070,150261,155398,191,5137,5,9000,1.03718123418
150262,150350,155436,88,5086,5,9000,1.01730239874
150347,150559,155663,212,5104,5,9000,1.04153605016
150560,150670,155241,110,4571,5,9000,1.02406475607
150664,151072,152392,408,1320,2,7200,1.30909090909
150677,150837,155865,160,5028,5,9000,1.03182179793
150836,150929,155917,93,4988,5,9000,1.01864474739
150932,151216,155922,284,4706,5,9000,1.06034849129
151218,151226,155708,8,4482,5,9000,1.00178491745
151230,151243,156056,13,4813,5,9000,1.00270101808
151246,151253,156514,7,5261,5,9000,1.00133054552
151258,151363,156480,105,5117,5,9000,1.02051983584
151364,151381,156684,17,5303,5,9000,1.0032057326
151386,151714,156193,328,4479,5,9000,1.07323063184
151687,152404,187207,717,34803,2,50400,1.02060167227
151715,151813,156687,98,4874,5,9000,1.02010668855
151811,152003,157298,192,5295,5,9000,1.03626062323
152002,152063,156763,61,4700,5,9000,1.0129787234
152066,152174,156716,108,4542,5,9000,1.02377807133
152173,152219,157769,46,5550,5,9000,1.00828828829
152216,152226,157008,10,4782,5,9000,1.00209117524
152227,152291,157331,64,5040,5,9000,1.0126984127
152292,152358,157000,66,4642,5,9000,1.01421800948
152356,152472,156902,116,4430,5,9000,1.02618510158
152473,152517,157262,44,4745,5,9000,1.00927291886
152516,152614,157498,98,4884,5,9000,1.02006552007
152612,152665,158485,53,5820,5,9000,1.00910652921
152666,152687,157839,21,5152,5,9000,1.00407608696
152688,152797,157835,109,5038,5,9000,1.02163556967
152794,152805,158257,11,5452,5,9000,1.00201760822
152806,152812,158240,6,5428,5,9000,1.00110537951
152817,152835,158192,18,5357,5,9000,1.0033600896
152839,152967,158526,128,5559,5,9000,1.02302572405
152967,152998,157490,31,4492,5,9000,1.00690115761
152999,153066,158420,67,5354,5,9000,1.01251400822
153063,153091,158228,28,5137,5,9000,1.00545065213
153096,153248,157837,152,4589,5,9000,1.03312268468
153245,153444,157812,199,4368,5,9000,1.04555860806
153446,153693,158643,247,4950,5,9000,1.0498989899
153690,153869,158884,179,5015,5,9000,1.03569292124
153871,153956,158385,85,4429,5,9000,1.01919169113
153956,153967,158763,11,4796,5,9000,1.00229357798
153968,153989,158680,21,4691,5,9000,1.00447665743
153990,154002,159453,12,5451,5,9000,1.00220143093
154001,154053,159452,52,5399,5,9000,1.00963141322
154055,154130,159880,75,5750,5,9000,1.01304347826
154118,155936,156404,1818,468,4,3600,4.88461538462
154118,157020,157586,2902,566,4,3600,6.12720848057
154118,157597,157611,3479,14,4,3600,249.5
154118,157510,157834,3392,324,4,3600,11.4691358025
154119,158404,158905,4285,501,4,3600,9.55289421158
154119,158276,158411,4157,135,4,3600,31.7925925926
154119,158261,158387,4142,126,4,3600,33.873015873
154119,157846,158264,3727,418,4,3600,9.91626794258
154119,157622,158095,3503,473,4,3600,8.40591966173
154119,157858,158249,3739,391,4,3600,10.5626598465
154120,158423,158842,4303,419,4,3600,11.2696897375
154130,154329,158924,199,4595,5,9000,1.04330794342
154169,158999,159091,4830,92,4,3600,53.5
154169,158854,158986,4685,132,4,3600,36.4924242424
154169,159083,159094,4914,11,4,3600,447.727272727
154169,159103,159217,4934,114,4,3600,44.2807017544
154169,158917,159072,4748,155,4,3600,31.6322580645
154170,159350,159480,5180,130,4,3600,40.8461538462
154170,159335,159495,5165,160,4,3600,33.28125
154170,159110,159220,4940,110,4,3600,45.9090909091
154170,159229,159323,5059,94,4,3600,54.8191489362
154170,159236,159279,5066,43,4,3600,118.813953488
154170,159291,159338,5121,47,4,3600,109.957446809
154214,166183,166302,11969,119,4,3600,101.579831933
154214,166314,166425,12100,111,4,3600,110.009009009
154214,166437,166447,12223,10,4,3600,1223.3
154214,166561,166636,12347,75,4,3600,165.626666667
154214,166647,166726,12433,79,4,3600,158.379746835
154214,162900,162999,8686,99,4,3600,88.7373737374
154214,166460,166550,12246,90,4,3600,137.066666667
154215,166881,166983,12666,102,4,3600,125.176470588
154215,166998,167074,12783,76,4,3600,169.197368421
154215,166799,166869,12584,70,4,3600,180.771428571
154215,166739,166792,12524,53,4,3600,237.301886792
154332,154364,158931,32,4567,5,9000,1.00700678783
154364,154692,160078,328,5386,5,9000,1.06089862607
154694,154777,159260,83,4483,5,9000,1.01851438769
154780,155041,159653,261,4612,5,9000,1.05659150043
155046,155253,160747,207,5494,5,9000,1.03767746633
155259,155411,160067,152,4656,5,9000,1.03264604811
155408,155448,161133,40,5685,5,9000,1.00703605981
155451,155535,160195,84,4660,5,9000,1.01802575107
155536,155675,160877,139,5202,5,9000,1.02672049212
155675,155719,160186,44,4467,5,9000,1.00985001119
155718,155803,160612,85,4809,5,9000,1.01767519235
155803,155877,160871,74,4994,5,9000,1.01481778134
155878,155929,161408,51,5479,5,9000,1.00930826793
155932,156068,160526,136,4458,5,9000,1.03050695379
156070,156205,161524,135,5319,5,9000,1.02538071066
156208,156416,161382,208,4966,5,9000,1.04188481675
156420,156492,161815,72,5323,5,9000,1.01352620703
156494,156526,161866,32,5340,5,9000,1.00599250936
156527,156696,162179,169,5483,5,9000,1.0308225424
156697,156703,161966,6,5263,5,9000,1.0011400342
156708,156728,161456,20,4728,5,9000,1.00423011844
156730,156776,161200,46,4424,5,9000,1.01039783002
156773,156914,162169,141,5255,5,9000,1.02683158896
156912,157013,162093,101,5080,5,9000,1.01988188976
157019,157273,162043,254,4770,5,9000,1.05324947589
157273,157310,161987,37,4677,5,9000,1.00791105409
157316,157344,161997,28,4653,5,9000,1.00601762304
157348,157503,161902,155,4399,5,9000,1.03523528075
157508,157517,162257,9,4740,5,9000,1.00189873418
157519,157781,163011,262,5230,5,9000,1.05009560229
157784,157825,163591,41,5766,5,9000,1.00711064863
157827,157853,162352,26,4499,5,9000,1.00577906201
157849,157865,163787,16,5922,5,9000,1.00270178994
157871,158107,163484,236,5377,5,9000,1.04389064534
158103,158205,163436,102,5231,5,9000,1.01949913974
158210,158240,162881,30,4641,5,9000,1.00646412411
158242,158252,162753,10,4501,5,9000,1.0022217285
158254,158269,163311,15,5042,5,9000,1.00297500992
158265,158397,162884,132,4487,5,9000,1.02941831959
158403,158432,162789,29,4357,5,9000,1.00665595593
158436,158497,164273,61,5776,5,9000,1.01056094183
158500,158538,163965,38,5427,5,9000,1.0070020269
158543,158655,163184,112,4529,5,9000,1.02472952087
158660,158692,163102,32,4410,5,9000,1.00725623583
158692,158776,163461,84,4685,5,9000,1.01792956243
158777,158896,164405,119,5509,5,9000,1.02160101652
158894,158936,164762,42,5826,5,9000,1.00720906282
158937,158943,164129,6,5186,5,9000,1.00115696105
158948,159273,164613,325,5340,5,9000,1.06086142322
158982,167085,167098,8103,13,4,3600,624.307692308
159275,159492,164378,217,4886,5,9000,1.04441260745
159335,159464,161580,129,2116,8,10800,1.06096408318
159335,161592,164334,2257,2742,8,10800,1.8231218089
159335,164346,167189,5011,2843,8,10800,2.76257474499
159335,166262,168470,6927,2208,8,10800,4.13722826087
159357,159470,159471,113,1,2,3540,11.4
159497,159507,165608,10,6101,5,9000,1.00163907556
159508,159664,164876,156,5212,5,9000,1.02993092863
159667,159892,164973,225,5081,5,9000,1.04428262153
159889,160079,165337,190,5258,5,9000,1.0361354127
160079,160090,164636,11,4546,5,9000,1.00241970963
160090,160197,165333,107,5136,5,9000,1.02083333333
160196,160207,165425,11,5218,5,9000,1.00210808739
160208,160538,165368,330,4830,5,9000,1.06832298137
160534,160625,165501,91,4876,5,9000,1.01866283839
160630,160759,165176,129,4417,5,9000,1.02920534299
160763,160883,166557,120,5674,5,9000,1.02114910116
160880,160889,166249,9,5360,5,9000,1.00167910448
160891,161145,166164,254,5019,5,9000,1.05060769078
161144,161212,166774,68,5562,5,9000,1.01222581805
161209,161394,166050,185,4656,5,9000,1.03973367698
161399,161421,166262,22,4841,5,9000,1.0045445156
161421,161468,167043,47,5575,5,9000,1.00843049327
161474,161535,166168,61,4633,5,9000,1.01316641485
161538,161827,166551,289,4724,5,9000,1.06117696867
161823,161879,167788,56,5909,5,9000,1.00947706888
161876,161913,166777,37,4864,5,9000,1.00760690789
161919,161978,167426,59,5448,5,9000,1.01082966226
161983,161999,166979,16,4980,5,9000,1.00321285141
161994,162009,166481,15,4472,5,9000,1.00335420394
162006,162055,167401,49,5346,5,9000,1.00916573139
162059,162105,167144,46,5039,5,9000,1.0091287954
162102,162182,168103,80,5921,5,9000,1.01351123121
162187,162194,167415,7,5221,5,9000,1.00134073932
162198,162269,167226,71,4957,5,9000,1.01432317934
162272,162364,167834,92,5470,5,9000,1.0168190128
162367,162765,168145,398,5380,5,9000,1.07397769517
162767,162802,168225,35,5423,5,9000,1.00645399226
162799,162893,168478,94,5585,5,9000,1.01683079678
162895,163012,167835,117,4823,5,9000,1.02425876011
163011,163023,168320,12,5297,5,9000,1.00226543326
163022,163114,168395,92,5281,5,9000,1.017420943
163117,163197,167661,80,4464,5,9000,1.01792114695
163202,163323,167941,121,4618,5,9000,1.02620181897
163329,163450,168426,121,4976,5,9000,1.02431672026
163445,163473,168325,28,4852,5,9000,1.00577081616
163478,163496,168108,18,4612,5,9000,1.0039028621
163500,163602,168730,102,5128,5,9000,1.01989079563
163605,163799,168411,194,4612,5,9000,1.0420641804
163805,163977,169751,172,5774,5,9000,1.029788708
163973,164141,169522,168,5381,5,9000,1.03122096265
164141,164285,169649,144,5364,5,9000,1.02684563758
164289,164390,169092,101,4702,5,9000,1.02148022118
164395,164417,169083,22,4666,5,9000,1.00471495928
164416,164625,169815,209,5190,5,9000,1.04026974952
164627,164648,169342,21,4694,5,9000,1.00447379634
164649,164774,169306,125,4532,5,9000,1.02758164166
164775,164889,170462,114,5573,5,9000,1.02045576889
164892,164984,169660,92,4676,5,9000,1.01967493584
164987,165188,170781,201,5593,5,9000,1.03593777937
165187,165345,170310,158,4965,5,9000,1.03182275932
165345,165352,170464,7,5112,5,9000,1.00136932707
165356,165381,169994,25,4613,5,9000,1.00541946672
165378,165437,170211,59,4774,5,9000,1.01235860913
165441,165513,170516,72,5003,5,9000,1.01439136518
165516,165620,170876,104,5256,5,9000,1.0197869102
165621,166062,170651,441,4589,5,9000,1.09609936805
166062,166176,171493,114,5317,5,9000,1.02144066203
166178,166274,171131,96,4857,5,9000,1.01976528721
166273,166493,172058,220,5565,5,9000,1.03953279425
166494,166568,172355,74,5787,5,9000,1.01278728184
166568,166575,171952,7,5377,5,9000,1.00130184118
166579,166787,172288,208,5501,5,9000,1.03781130704
166789,166806,171513,17,4707,5,9000,1.00361164223
166811,166990,171538,179,4548,5,9000,1.03935795954
166990,167055,172351,65,5296,5,9000,1.0122734139
167053,167156,172353,103,5197,5,9000,1.01981912642
167159,167201,171858,42,4657,5,9000,1.00901868155
167201,167208,171781,7,4573,5,9000,1.00153072381
167212,167238,171802,26,4564,5,9000,1.00569675723
167234,167413,171922,179,4509,5,9000,1.03969838102
167413,167427,172649,14,5222,5,9000,1.00268096515
167424,167438,172651,14,5213,5,9000,1.00268559371
167435,167674,173372,239,5698,5,9000,1.04194454194
167677,167801,172534,124,4733,5,9000,1.0261990281
167803,167845,173169,42,5324,5,9000,1.00788880541
167846,167852,173016,6,5164,5,9000,1.00116189001
167857,167954,173109,97,5155,5,9000,1.01881668283
167952,168116,172773,164,4657,5,9000,1.03521580417
168120,168130,172734,10,4604,5,9000,1.00217202433
168131,168157,173150,26,4993,5,9000,1.00520729021
168153,168236,173010,83,4774,5,9000,1.01738583997
168237,168332,172777,95,4445,5,9000,1.02137232846
168332,168339,173846,7,5507,5,9000,1.0012711095
168343,168408,174152,65,5744,5,9000,1.01131615599
168407,168424,173004,17,4580,5,9000,1.00371179039
168430,168438,173065,8,4627,5,9000,1.00172898206
168441,168483,173174,42,4691,5,9000,1.00895331486
168483,168490,173466,7,4976,5,9000,1.00140675241
168495,168502,174309,7,5807,5,9000,1.00120544171
168506,168743,174300,237,5557,5,9000,1.04264891128
168747,169095,174513,348,5418,5,9000,1.0642303433
169015,251593,287379,82578,35786,6,604800,3.30755043872
169072,251598,287484,82526,35886,6,604800,3.29967118096
169093,169104,174073,11,4969,5,9000,1.0022137251
169104,169318,175417,214,6099,5,9000,1.0350877193
169118,251604,287477,82486,35873,6,604800,3.299389513
169314,169355,174646,41,5291,5,9000,1.00774900775
169356,169534,174790,178,5256,5,9000,1.03386605784
169534,169661,174899,127,5238,5,9000,1.02424589538
169661,169671,174540,10,4869,5,9000,1.00205380982
169672,169763,174735,91,4972,5,9000,1.01830249397
169767,169828,174903,61,5075,5,9000,1.01201970443
169831,170006,174769,175,4763,5,9000,1.03674154944
170009,170223,175018,214,4795,5,9000,1.04462982273
170229,170321,174964,92,4643,5,9000,1.01981477493
170321,170476,171398,155,922,8,6000,1.16811279826
170478,170663,171671,185,1008,8,6000,1.18353174603
170667,170793,171708,126,915,8,6000,1.13770491803
170793,171148,172074,355,926,8,6000,1.38336933045
171148,171235,172158,87,923,8,6000,1.09425785482
171232,171410,172330,178,920,8,6000,1.19347826087
171410,171505,172443,95,938,8,6000,1.1012793177
171505,171550,172472,45,922,8,6000,1.04880694143
171547,171683,172609,136,926,8,6000,1.14686825054
171683,171720,172635,37,915,8,6000,1.04043715847
171716,171793,172710,77,917,8,6000,1.08396946565
171789,171870,172787,81,917,8,6000,1.08833151581
171873,171965,172878,92,913,8,6000,1.10076670318
171968,172070,172983,102,913,8,6000,1.1117196057
172073,172086,173111,13,1025,8,6000,1.01268292683
172084,172169,173097,85,928,8,6000,1.09159482759
172168,172342,173260,174,918,8,6000,1.18954248366
172346,172362,173294,16,932,8,6000,1.01716738197
172367,172374,173296,7,922,8,6000,1.00759219089
172378,172455,173371,77,916,8,6000,1.08406113537
172452,172484,173408,32,924,8,6000,1.03463203463
172484,172547,173462,63,915,8,6000,1.06885245902
172547,172622,173622,75,1000,8,6000,1.075
172620,172647,173565,27,918,8,6000,1.02941176471
172652,172664,173589,12,925,8,6000,1.01297297297
172664,172723,173650,59,927,8,6000,1.06364617044
172727,172746,173743,19,997,8,6000,1.01905717151
172748,172789,173709,41,920,8,6000,1.04456521739
172791,172798,173739,7,941,8,6000,1.00743889479
172803,172889,173804,86,915,8,6000,1.09398907104
172887,172995,173910,108,915,8,6000,1.11803278689
172991,173016,173941,25,925,8,6000,1.02702702703
173013,173028,173960,15,932,8,6000,1.0160944206
173024,173109,174029,85,920,8,6000,1.09239130435
173109,173121,174042,12,921,8,6000,1.01302931596
173120,173128,174051,8,923,8,6000,1.00866738895
173131,173162,174085,31,923,8,6000,1.03358613218
173163,173186,174101,23,915,8,6000,1.02513661202
173184,173271,174202,87,931,8,6000,1.09344790548
173268,173306,174232,38,926,8,6000,1.04103671706
173311,173318,174249,7,931,8,6000,1.00751879699
173322,173383,174312,61,929,8,6000,1.06566200215
173385,173396,174322,11,926,8,6000,1.01187904968
173396,173421,174417,25,996,8,6000,1.02510040161
173418,173474,174404,56,930,8,6000,1.06021505376
173471,173578,174612,107,1034,8,6000,1.10348162476
173576,173601,174530,25,929,8,6000,1.02691065662
173597,173634,174558,37,924,8,6000,1.04004329004
173639,173662,174575,23,913,8,6000,1.02519167579
173661,173721,174645,60,924,8,6000,1.06493506494
173724,173751,174674,27,923,8,6000,1.0292524377
173756,173763,174689,7,926,8,6000,1.00755939525
173767,173816,174734,49,918,8,6000,1.05337690632
173820,173858,174776,38,918,8,6000,1.04139433551
173862,173922,174846,60,924,8,6000,1.06493506494
173925,173953,174879,28,926,8,6000,1.03023758099
173957,173972,174897,15,925,8,6000,1.01621621622
173968,174041,174974,73,933,8,6000,1.07824222937
174042,174054,174974,12,920,8,6000,1.01304347826
174053,174068,175081,15,1013,8,6000,1.01480750247
174064,174085,175022,21,937,8,6000,1.02241195304
174085,174096,175035,11,939,8,6000,1.01171458999
174096,174113,175045,17,932,8,6000,1.01824034335
174118,174213,175139,95,926,8,6000,1.10259179266
174212,174245,175187,33,942,8,6000,1.03503184713
174244,174261,175192,17,931,8,6000,1.01825993555
174266,174312,175237,46,925,8,6000,1.04972972973
174308,174322,175256,14,934,8,6000,1.01498929336
174319,174328,175258,9,930,8,6000,1.00967741935
174330,174338,175258,8,920,8,6000,1.00869565217
174341,174420,175356,79,936,8,6000,1.0844017094
174425,174431,175365,6,934,8,6000,1.00642398287
174436,174544,175474,108,930,8,6000,1.11612903226
174541,174553,175481,12,928,8,6000,1.01293103448
174552,174570,175492,18,922,8,6000,1.01952277657
174573,174587,175597,14,1010,8,6000,1.01386138614
174585,174624,175559,39,935,8,6000,1.04171122995
174627,174657,175593,30,936,8,6000,1.03205128205
174659,174687,175616,28,929,8,6000,1.03013993541
174691,174701,175701,10,1000,8,6000,1.01
174702,174747,175688,45,941,8,6000,1.04782146652
174744,174753,175687,9,934,8,6000,1.0096359743
174755,174787,175719,32,932,8,6000,1.03433476395
174787,174793,175723,6,930,8,6000,1.0064516129
174798,174858,175810,60,952,8,6000,1.06302521008
174861,174891,175821,30,930,8,6000,1.03225806452
174893,174909,175849,16,940,8,6000,1.0170212766
174915,174922,175869,7,947,8,6000,1.00739176346
174926,174933,175867,7,934,8,6000,1.00749464668
174937,175030,175959,93,929,8,6000,1.10010764263
175031,175038,175964,7,926,8,6000,1.00755939525
175042,175048,175983,6,935,8,6000,1.0064171123
175053,175063,175999,10,936,8,6000,1.01068376068
175064,175094,176038,30,944,8,6000,1.03177966102
175096,175151,176073,55,922,8,6000,1.05965292842
175149,175199,176142,50,943,8,6000,1.05302226935
175202,175208,176153,6,945,8,6000,1.00634920635
175213,175250,176169,37,919,8,6000,1.04026115343
175255,175269,176203,14,934,8,6000,1.01498929336
175274,175281,178535,7,3254,5,9000,1.00215119852
175285,175291,178348,6,3057,5,9000,1.00196270854
175296,175302,178103,6,2801,5,9000,1.00214209211
175307,175368,178759,61,3391,5,9000,1.01798879387
175370,175376,177992,6,2616,5,9000,1.00229357798
175381,175388,178199,7,2811,5,9000,1.002490217
175392,175429,178355,37,2926,5,9000,1.01264524949
175434,175485,178178,51,2693,5,9000,1.01893798737
175487,175493,177983,6,2490,5,9000,1.00240963855
175498,175505,178788,7,3283,5,9000,1.00213219616
175509,175515,178191,6,2676,5,9000,1.00224215247
175520,175526,178374,6,2848,5,9000,1.00210674157
175531,175571,178459,40,2888,5,9000,1.01385041551
175573,175581,178272,8,2691,5,9000,1.00297287254
175584,175606,178552,22,2946,5,9000,1.00746775289
175606,175612,178363,6,2751,5,9000,1.00218102508
175617,175623,179027,6,3404,5,9000,1.0017626322
175628,175635,178656,7,3021,5,9000,1.00231711354
175639,175645,178957,6,3312,5,9000,1.0018115942
175650,175698,178895,48,3197,5,9000,1.0150140757
175703,175731,178719,28,2988,5,9000,1.0093708166
175734,175746,178857,12,3111,5,9000,1.00385728062
175745,175753,179019,8,3266,5,9000,1.00244947949
175756,175821,178553,65,2732,5,9000,1.0237920937
175819,175827,178880,8,3053,5,9000,1.0026203734
175830,175836,178746,6,2910,5,9000,1.00206185567
175841,175850,178401,9,2551,5,9000,1.00352802822
175852,175861,178374,9,2513,5,9000,1.00358137684
175864,175879,178801,15,2922,5,9000,1.00513347023
175875,175886,178733,11,2847,5,9000,1.00386371619
175886,175893,178436,7,2543,5,9000,1.00275265435
175897,175975,178870,78,2895,5,9000,1.02694300518
175980,175988,178664,8,2676,5,9000,1.00298953662
175991,175998,179309,7,3311,5,9000,1.0021141649
176002,176009,179001,7,2992,5,9000,1.00233957219
176013,176021,179215,8,3194,5,9000,1.00250469631
176024,176032,178571,8,2539,5,9000,1.00315084679
176036,176048,178574,12,2526,5,9000,1.00475059382
176047,176055,179090,8,3035,5,9000,1.00263591433
176058,176084,178609,26,2525,5,9000,1.0102970297
176089,176097,178670,8,2573,5,9000,1.00310921104
176100,176156,179405,56,3249,5,9000,1.01723607264
176153,176162,178888,9,2726,5,9000,1.00330154072
176164,176171,179114,7,2943,5,9000,1.00237852531
176175,176181,178907,6,2726,5,9000,1.00220102715
176186,176192,179138,6,2946,5,9000,1.00203665988
176197,176215,178841,18,2626,5,9000,1.00685453161
176219,176818,179696,599,2878,5,9000,1.20813064628
176824,176830,179786,6,2956,5,9000,1.00202976996
176835,176841,180011,6,3170,5,9000,1.00189274448
176846,176853,179360,7,2507,5,9000,1.00279218189
176857,177996,180946,1139,2950,5,9000,1.38610169492
177999,178006,180801,7,2795,5,9000,1.00250447227
178010,178115,181239,105,3124,5,9000,1.03361075544
178115,178190,181216,75,3026,5,9000,1.02478519498
178188,178203,181394,15,3191,5,9000,1.00470072078
178199,178211,181225,12,3014,5,9000,1.00398142004
178210,178285,180840,75,2555,5,9000,1.02935420744
178284,178360,180904,76,2544,5,9000,1.02987421384
178357,178366,181538,9,3172,5,9000,1.00283732661
178368,178376,181357,8,2981,5,9000,1.0026836632
178379,178390,181175,11,2785,5,9000,1.0039497307
178390,178398,180936,8,2538,5,9000,1.00315208826
178402,178416,180965,14,2549,5,9000,1.00549234994
178413,178448,180955,35,2507,5,9000,1.01396090945
178445,178471,181175,26,2704,5,9000,1.00961538462
178476,178546,181535,70,2989,5,9000,1.02341920375
178550,178564,181740,14,3176,5,9000,1.00440806045
178561,178571,181287,10,2716,5,9000,1.00368188513
178572,178582,181754,10,3172,5,9000,1.00315258512
178583,178589,181865,6,3276,5,9000,1.00183150183
178594,178625,181520,31,2895,5,9000,1.01070811744
178625,178667,181340,42,2673,5,9000,1.01571268238
178668,178676,181574,8,2898,5,9000,1.0027605245
178679,178686,182130,7,3444,5,9000,1.00203252033
178690,178731,181266,41,2535,5,9000,1.01617357002
178732,178744,181327,12,2583,5,9000,1.00464576074
178743,178757,181876,14,3119,5,9000,1.00448861815
178754,178771,182066,17,3295,5,9000,1.00515933232
178775,178799,181503,24,2704,5,9000,1.00887573964
178797,178814,181434,17,2620,5,9000,1.00648854962
178818,178853,181438,35,2585,5,9000,1.01353965184
178850,178868,182122,18,3254,5,9000,1.00553165335
178871,178881,182230,10,3349,5,9000,1.00298596596
178882,178891,181753,9,2862,5,9000,1.00314465409
178894,178900,182131,6,3231,5,9000,1.00185701021
178905,178912,181655,7,2743,5,9000,1.00255195042
178916,178922,182463,6,3541,5,9000,1.0016944366
178927,178969,181903,42,2934,5,9000,1.01431492843
178969,179018,181720,49,2702,5,9000,1.01813471503
178985,179372,180539,387,1167,2,21600,1.33161953728
179021,179032,181783,11,2751,5,9000,1.00399854598
179032,179038,181962,6,2924,5,9000,1.00205198358
179043,179103,181899,60,2796,5,9000,1.02145922747
179106,179125,182217,19,3092,5,9000,1.00614489004
179128,179150,182163,22,3013,5,9000,1.00730169267
179149,179226,181848,77,2622,5,9000,1.0293668955
179222,179321,181957,99,2636,5,9000,1.0375569044
179325,179418,181033,93,1615,8,6000,1.05758513932
179419,179798,181404,379,1606,8,6000,1.23599003736
179803,180290,181906,487,1616,8,6000,1.30136138614
180291,180813,182410,522,1597,8,6000,1.32686286788
180810,180852,182468,42,1616,8,6000,1.02599009901
180852,180948,182554,96,1606,8,6000,1.0597758406
180946,180958,182559,12,1601,8,6000,1.00749531543
180957,180977,182594,20,1617,8,6000,1.0123685838
180978,181045,182667,67,1622,8,6000,1.04130702836
181041,181187,182794,146,1607,8,6000,1.09085252022
181187,181228,182849,41,1621,8,6000,1.02529302899
181229,181252,182870,23,1618,8,6000,1.01421508035
181250,181277,182888,27,1611,8,6000,1.01675977654
181282,181338,182944,56,1606,8,6000,1.03486924035
181334,181368,183016,34,1648,8,6000,1.02063106796
181366,181407,183015,41,1608,8,6000,1.02549751244
181408,181417,183040,9,1623,8,6000,1.00554528651
181419,181453,183067,34,1614,8,6000,1.02106567534
181438,181446,185053,8,3607,1,3600,1.00221790962
181451,181532,183147,81,1615,8,6000,1.05015479876
181535,181547,183152,12,1605,8,6000,1.00747663551
181546,181586,183206,40,1620,8,6000,1.02469135802
181588,181668,183280,80,1612,8,6000,1.04962779156
181671,181752,183357,81,1605,8,6000,1.05046728972
181755,181766,183418,11,1652,8,6000,1.00665859564
181766,181795,183426,29,1631,8,6000,1.01778050276
181797,181876,183487,79,1611,8,6000,1.04903786468
181881,181888,183512,7,1624,8,6000,1.00431034483
181892,181916,183541,24,1625,8,6000,1.01476923077
181913,181923,183532,10,1609,8,6000,1.0062150404
181924,181974,183577,50,1603,8,6000,1.03119151591
181977,182078,183695,101,1617,8,6000,1.06246134818
182081,182142,183744,61,1602,8,6000,1.03807740325
182143,182150,183765,7,1615,8,6000,1.00433436533
182154,182229,183856,75,1627,8,6000,1.04609711125
182227,182421,184035,194,1614,8,6000,1.12019826518
182424,182476,184097,52,1621,8,6000,1.0320789636
182477,182484,184090,7,1606,8,6000,1.00435865504
182488,182566,184186,78,1620,8,6000,1.04814814815
182572,182578,184200,6,1622,8,6000,1.00369913687
182582,182606,184210,24,1604,8,6000,1.01496259352
182604,182679,184310,75,1631,8,6000,1.04598405886
182677,182806,184424,129,1618,8,6000,1.07972805933
182801,182861,184466,60,1605,8,6000,1.03738317757
182864,182882,184502,18,1620,8,6000,1.01111111111
182885,182901,184513,16,1612,8,6000,1.00992555831
182896,182956,184572,60,1616,8,6000,1.03712871287
182959,183026,184649,67,1623,8,6000,1.04128157733
183032,183038,184653,6,1615,8,6000,1.00371517028
183043,183052,184662,9,1610,8,6000,1.00559006211
183054,183080,184690,26,1610,8,6000,1.01614906832
183085,183160,184776,75,1616,8,6000,1.04641089109
183158,183166,184764,8,1598,8,6000,1.00500625782
183169,183217,184832,48,1615,8,6000,1.02972136223
183221,183292,184905,71,1613,8,6000,1.04401735896
183294,183337,184981,43,1644,8,6000,1.02615571776
183337,183349,184995,12,1646,8,6000,1.00729040097
183347,183370,184993,23,1623,8,6000,1.01417128774
183369,183430,185037,61,1607,8,6000,1.03795892968
183432,183438,185058,6,1620,8,6000,1.0037037037
183443,183499,185115,56,1616,8,6000,1.03465346535
183495,183524,185144,29,1620,8,6000,1.01790123457
183527,183544,185164,17,1620,8,6000,1.01049382716
183548,183555,185215,7,1660,8,6000,1.00421686747
183559,183590,185215,31,1625,8,6000,1.01907692308
183591,183663,185299,72,1636,8,6000,1.04400977995
183664,183671,185296,7,1625,8,6000,1.00430769231
183675,183708,185321,33,1613,8,6000,1.02045877247
183706,183756,185381,50,1625,8,6000,1.03076923077
183759,183777,185380,18,1603,8,6000,1.01122894573
183780,183868,185493,88,1625,8,6000,1.05415384615
183874,184047,185680,173,1633,8,6000,1.10593998775
184051,184102,185709,51,1607,8,6000,1.03173615432
184103,184111,185738,8,1627,8,6000,1.0049170252
184114,184198,185807,84,1609,8,6000,1.05220633934
184198,184212,185840,14,1628,8,6000,1.0085995086
184209,184222,185832,13,1610,8,6000,1.00807453416
184220,184322,185945,102,1623,8,6000,1.06284658041
184324,184436,186058,112,1622,8,6000,1.06905055487
184431,251620,683652,67189,432032,3,432000,1.1555185727
184438,184478,186098,40,1620,8,6000,1.02469135802
184480,184514,186138,34,1624,8,6000,1.02093596059
184512,184526,186158,14,1632,8,6000,1.00857843137
184523,184584,186218,61,1634,8,6000,1.03733170135
184586,184661,186283,75,1622,8,6000,1.04623921085
184659,184667,186285,8,1618,8,6000,1.00494437577
184670,184676,186308,6,1632,8,6000,1.00367647059
184681,184687,186329,6,1642,8,6000,1.00365408039
184692,184702,186320,10,1618,8,6000,1.00618046972
184703,184776,186413,73,1637,8,6000,1.04459376909
184776,184787,186432,11,1645,8,6000,1.00668693009
184787,184843,186480,56,1637,8,6000,1.03420891875
184839,184921,186567,82,1646,8,6000,1.04981773998
184922,184994,186630,72,1636,8,6000,1.04400977995
184995,185008,186639,13,1631,8,6000,1.0079705702
185006,185015,186644,9,1629,8,6000,1.00552486188
185017,185049,186688,32,1639,8,6000,1.01952410006
185027,185063,185070,36,7,1,1800,4.3
185049,185070,186696,21,1626,8,6000,1.01291512915
185070,185127,186751,57,1624,8,6000,1.03509852217
185123,185157,186784,34,1627,8,6000,1.0208973571
185157,185181,185309,24,128,1,3600,1.1875
185162,185176,190623,14,5447,5,9000,1.00257022214
185173,185226,190261,53,5035,5,9000,1.01052631579
185224,185238,185319,14,81,1,1800,1.17283950617
185226,185233,190248,7,5015,5,9000,1.00139581256
185237,185244,190496,7,5252,5,9000,1.00133282559
185248,185308,189760,60,4452,5,9000,1.01347708895
185311,185317,190126,6,4809,5,9000,1.00124766064
185322,185329,190603,7,5274,5,9000,1.00132726583
185333,185339,189712,6,4373,5,9000,1.0013720558
185344,185351,189952,7,4601,5,9000,1.00152140839
185354,185361,190839,7,5478,5,9000,1.00127783863
185361,185397,185712,36,315,1,3600,1.11428571429
185365,185392,190055,27,4663,5,9000,1.00579026378
185397,185404,190637,7,5233,5,9000,1.00133766482
185408,185415,190113,7,4698,5,9000,1.00148999574
185419,185504,189747,85,4243,5,9000,1.02003299552
185434,185510,186063,76,553,1,3600,1.13743218807
185502,185692,190590,190,4898,5,9000,1.03879134341
185552,185697,185796,145,99,1,1800,2.46464646465
185689,185719,190632,30,4913,5,9000,1.00610624873
185721,185727,191455,6,5728,5,9000,1.00104748603
185732,185750,191063,18,5313,5,9000,1.00338791643
185753,185759,190708,6,4949,5,9000,1.00121236613
185764,185819,191066,55,5247,5,9000,1.01048218029
185816,185826,190979,10,5153,5,9000,1.00194061712
185827,185844,191187,17,5343,5,9000,1.00318173311
185834,185852,186494,18,642,1,3600,1.02803738318
185849,185859,191450,10,5591,5,9000,1.0017885888
185860,185866,190321,6,4455,5,9000,1.00134680135
185870,185957,191223,87,5266,5,9000,1.01652107862
185954,186069,191070,115,5001,5,9000,1.02299540092
186068,186077,190637,9,4560,5,9000,1.00197368421
186079,186111,190741,32,4630,5,9000,1.00691144708
186110,186118,191002,8,4884,5,9000,1.00163800164
186121,186151,190912,30,4761,5,9000,1.00630119723
186153,186171,190662,18,4491,5,9000,1.00400801603
186174,186181,190892,7,4711,5,9000,1.0014858841
186185,186230,190725,45,4495,5,9000,1.01001112347
186227,186296,192078,69,5782,5,9000,1.01193358699
186294,186303,187181,9,878,1,3600,1.01025056948
186300,186310,191347,10,5037,5,9000,1.00198530872
186311,186318,191558,7,5240,5,9000,1.00133587786
186322,186328,190906,6,4578,5,9000,1.00131061599
186333,186339,190838,6,4499,5,9000,1.0013336297
186344,186351,191586,7,5235,5,9000,1.00133715377
186355,186361,190856,6,4495,5,9000,1.00133481646
186366,186372,190811,6,4439,5,9000,1.00135165578
186377,186424,191453,47,5029,5,9000,1.00934579439
186429,186436,191227,7,4791,5,9000,1.00146107284
186440,186447,191594,7,5147,5,9000,1.00136001554
186451,186493,191136,42,4643,5,9000,1.00904587551
186493,186499,191571,6,5072,5,9000,1.0011829653
186504,186579,191046,75,4467,5,9000,1.01678979181
186505,186513,186892,8,379,1,1800,1.02110817942
186577,186591,191335,14,4744,5,9000,1.00295109612
186588,186642,191410,54,4768,5,9000,1.01132550336
186640,186656,192249,16,5593,5,9000,1.00286071876
186661,186668,191124,7,4456,5,9000,1.00157091562
186672,186678,191853,6,5175,5,9000,1.00115942029
186683,186701,191894,18,5193,5,9000,1.00346620451
186704,186711,192013,7,5302,5,9000,1.00132025651
186715,186768,187466,53,698,1,3600,1.07593123209
186715,186721,192038,6,5317,5,9000,1.0011284559
186726,186733,192017,7,5284,5,9000,1.00132475397
186737,186763,192564,26,5801,5,9000,1.00448198586
186758,186796,191300,38,4504,5,9000,1.00843694494
186800,186806,191407,6,4601,5,9000,1.00130406433
186811,187472,192721,661,5249,5,9000,1.12592874833
187473,189724,194664,2251,4940,5,9000,1.45566801619
187544,189451,189458,1907,7,1,1800,191.4
188051,189456,189557,1405,101,1,3600,14.9108910891
188331,189468,189565,1137,97,1,3600,12.7216494845
189625,189632,189680,7,48,1,1800,1.14583333333
189682,189690,189981,8,291,1,3600,1.02749140893
189684,189697,189989,13,292,1,3600,1.04452054795
189725,189759,194173,34,4414,5,9000,1.00770276393
189757,189773,194320,16,4547,5,9000,1.00351880361
189778,189969,194510,191,4541,5,9000,1.04206122
189918,189991,190072,73,81,1,1800,1.9012345679
189966,190068,194500,102,4432,5,9000,1.02301444043
189967,305319,565182,115352,259863,8,540000,1.44389543721
190070,190125,194762,55,4637,5,9000,1.0118611171
190122,190138,195245,16,5107,5,9000,1.00313295477
190133,190260,196051,127,5791,5,9000,1.02193058194
190135,473359,773967,283224,300608,4,540000,1.94217053438
190257,190267,190854,10,587,1,3600,1.01703577513
190258,190274,194776,16,4502,5,9000,1.00355397601
190261,190649,191187,388,538,1,3600,1.72118959108
190279,190333,195704,54,5371,5,9000,1.01005399367
190331,190508,195620,177,5112,5,9000,1.03462441315
190507,190603,195594,96,4991,5,9000,1.01923462232
190602,190615,195286,13,4671,5,9000,1.00278312995
190612,190636,195078,24,4442,5,9000,1.00540297163
190634,190643,195739,9,5096,5,9000,1.00176609105
190645,190655,195188,10,4533,5,9000,1.00220604456
190656,190662,195109,6,4447,5,9000,1.0013492242
190667,190674,196563,7,5889,5,9000,1.00118865682
190677,190720,196324,43,5604,5,9000,1.00767309065
190718,190856,191113,138,257,1,1800,1.53696498054
190719,190737,195276,18,4539,5,9000,1.0039656312
190741,190753,195285,12,4532,5,9000,1.0026478376
190752,190823,195373,71,4550,5,9000,1.0156043956
190825,190851,196355,26,5504,5,9000,1.00472383721
190856,190863,196572,7,5709,5,9000,1.00122613417
190867,190874,196208,7,5334,5,9000,1.00131233596
190878,190904,196575,26,5671,5,9000,1.00458472932
190899,190919,195586,20,4667,5,9000,1.00428540819
190921,190928,196372,7,5444,5,9000,1.00128581925
190932,190991,196106,59,5115,5,9000,1.01153470186
190994,191015,196028,21,5013,5,9000,1.00418910832
191015,191059,196279,44,5220,5,9000,1.00842911877
191057,191075,195577,18,4502,5,9000,1.00399822301
191079,191085,195951,6,4866,5,9000,1.00123304562
191090,191096,196269,6,5173,5,9000,1.00115986855
191101,191136,195679,35,4543,5,9000,1.00770416025
191117,287390,305415,96273,18025,2,21600,6.34108183079
191133,191149,195772,16,4623,5,9000,1.00346095609
191154,191199,195852,45,4653,5,9000,1.00967117988
191204,191239,192846,35,1607,8,6000,1.02177971375
191236,191312,192914,76,1602,8,6000,1.04744069913
191309,191359,192972,50,1613,8,6000,1.03099814011
191361,191419,193027,58,1608,8,6000,1.03606965174
191424,191462,193064,38,1602,8,6000,1.02372034956
191465,191473,193066,8,1593,8,6000,1.00502197112
191476,191570,193173,94,1603,8,6000,1.05864004991
191570,191598,193220,28,1622,8,6000,1.01726263872
191602,191617,193227,15,1610,8,6000,1.00931677019
191613,191905,193518,292,1613,8,6000,1.18102913825
191902,192030,193637,128,1607,8,6000,1.07965152458
192026,192051,193659,25,1608,8,6000,1.01554726368
192048,192261,193894,213,1633,8,6000,1.13043478261
192265,192576,194187,311,1611,8,6000,1.1930477964
192575,192858,194530,283,1672,8,6000,1.16925837321
192688,192734,192812,46,78,1,1800,1.58974358974
192854,192930,194550,76,1620,8,6000,1.04691358025
192927,192985,194597,58,1612,8,6000,1.03598014888
192989,193039,194644,50,1605,8,6000,1.03115264798
193042,193076,194690,34,1614,8,6000,1.02106567534
193056,193062,193160,6,98,1,1800,1.0612244898
193073,193082,194697,9,1615,8,6000,1.00557275542
193084,193190,194811,106,1621,8,6000,1.0653917335
193188,193232,194831,44,1599,8,6000,1.02751719825
193230,193238,194848,8,1610,8,6000,1.0049689441
193241,193529,195133,288,1604,8,6000,1.17955112219
193531,193649,195260,118,1611,8,6000,1.07324643079
193655,193671,195277,16,1606,8,6000,1.0099626401
193666,193906,195517,240,1611,8,6000,1.14897579143
193671,193677,194037,6,360,1,1800,1.01666666667
193904,194185,195791,281,1606,8,6000,1.17496886675
194183,194200,195803,17,1603,8,6000,1.01060511541
194204,194512,196140,308,1628,8,6000,1.18918918919
194514,194523,196134,9,1611,8,6000,1.00558659218
194525,194542,196148,17,1606,8,6000,1.01058530511
194546,194562,196168,16,1606,8,6000,1.0099626401
194558,194608,196235,50,1627,8,6000,1.0307314075
194610,194656,196274,46,1618,8,6000,1.02843016069
194652,194702,196315,50,1613,8,6000,1.03099814011
194704,194710,196324,6,1614,8,6000,1.00371747212
194715,194774,196389,59,1615,8,6000,1.03653250774
194778,194788,196411,10,1623,8,6000,1.00616142945
194788,194823,196439,35,1616,8,6000,1.02165841584
194820,194843,196465,23,1622,8,6000,1.01418002466
194841,194860,196490,19,1630,8,6000,1.01165644172
194862,195121,196732,259,1611,8,6000,1.16076970826
195121,195144,196768,23,1624,8,6000,1.01416256158
195142,195258,196875,116,1617,8,6000,1.07173778602
195191,195197,195240,6,43,1,1800,1.13953488372
195256,195272,196893,16,1621,8,6000,1.00987045034
195267,195289,196906,22,1617,8,6000,1.01360544218
195288,195295,196916,7,1621,8,6000,1.00431832202
195299,195306,196913,7,1607,8,6000,1.00435594275
195310,195385,196999,75,1614,8,6000,1.04646840149
195383,195530,197148,147,1618,8,6000,1.09085290482
195486,195594,195676,108,82,1,1800,2.31707317073
195528,195600,197222,72,1622,8,6000,1.04438964242
195600,195632,197241,32,1609,8,6000,1.01988812927
195635,195691,197322,56,1631,8,6000,1.03433476395
195687,195752,197385,65,1633,8,6000,1.03980404164
195750,195784,197431,34,1647,8,6000,1.02064359441
195781,195802,197442,21,1640,8,6000,1.01280487805
195803,195815,197447,12,1632,8,6000,1.00735294118
195813,195963,197573,150,1610,8,6000,1.09316770186
195958,196063,197677,105,1614,8,6000,1.06505576208
196062,196119,197745,57,1626,8,6000,1.03505535055
196124,196146,197767,22,1621,8,6000,1.01357186922
196145,196153,197777,8,1624,8,6000,1.00492610837
196156,196162,197785,6,1623,8,6000,1.00369685767
196167,196179,197799,12,1620,8,6000,1.00740740741
196178,196247,197869,69,1622,8,6000,1.04254007398
196251,196280,197898,29,1618,8,6000,1.01792336218
196282,196289,197906,7,1617,8,6000,1.00432900433
196293,196299,197914,6,1615,8,6000,1.00371517028
196304,196326,197966,22,1640,8,6000,1.01341463415
196325,196336,197934,11,1598,8,6000,1.00688360451
196336,196368,197988,32,1620,8,6000,1.01975308642
196367,196402,198035,35,1633,8,6000,1.0214329455
196372,196379,196630,7,251,1,1800,1.02788844622
196399,196423,198040,24,1617,8,6000,1.01484230056
196420,196451,198100,31,1649,8,6000,1.01879927229
196452,196477,198093,25,1616,8,6000,1.01547029703
196473,196502,198118,29,1616,8,6000,1.01794554455
196504,196575,198202,71,1627,8,6000,1.04363859865
196577,196584,198209,7,1625,8,6000,1.00430769231
196588,196744,198353,156,1609,8,6000,1.09695463021
196743,196780,198395,37,1615,8,6000,1.02291021672
196785,196887,198523,102,1636,8,6000,1.06234718826
196888,196904,198535,16,1631,8,6000,1.00980993256
196910,196919,198549,9,1630,8,6000,1.00552147239
196920,196927,198538,7,1611,8,6000,1.00434512725
196931,196938,198551,7,1613,8,6000,1.00433973962
196942,197010,198632,68,1622,8,6000,1.04192355117
197015,197160,198788,145,1628,8,6000,1.08906633907
197159,197233,198865,74,1632,8,6000,1.04534313725
197232,197257,198886,25,1629,8,6000,1.01534683855
197253,197334,198957,81,1623,8,6000,1.04990757856
197336,197398,199011,62,1613,8,6000,1.03843769374
197398,197443,199091,45,1648,8,6000,1.02730582524
197440,197453,199068,13,1615,8,6000,1.0080495356
197451,197460,199087,9,1627,8,6000,1.00553165335
197462,197585,199221,123,1636,8,6000,1.07518337408
197586,197689,199316,103,1627,8,6000,1.06330669945
197689,197756,199387,67,1631,8,6000,1.04107909258
197759,233961,239455,36202,5494,5,9000,7.58937022206
198870,233966,239066,35096,5100,5,9000,7.88156862745
199810,199818,202043,8,2225,32,5340,1.00359550562
201229,201236,203679,7,2443,4,3600,1.00286532951
201700,201706,202078,6,372,4,1800,1.01612903226
202620,202627,203681,7,1054,8,1800,1.00664136622
202855,202861,203032,6,171,16,2340,1.0350877193
203024,287488,291486,84464,3998,2,21600,22.1265632816
203627,203634,204434,7,800,4,1200,1.00875
203628,203639,204873,11,1234,4,1200,1.00891410049
203628,203645,204721,17,1076,4,1200,1.01579925651
203628,203654,204418,26,764,4,1200,1.03403141361
203628,203659,203737,31,78,4,1200,1.39743589744
203629,203670,204862,41,1192,4,1200,1.03439597315
203629,203675,204410,46,735,4,1200,1.06258503401
203629,203664,203744,35,80,4,1200,1.4375
204003,234048,234495,30045,447,4,1200,68.2147651007
204003,234507,234969,30504,462,4,1200,67.025974026
204004,234980,235390,30976,410,4,1200,76.5512195122
204157,239314,240470,35157,1156,4,1200,31.4126297578
204157,235401,236639,31244,1238,4,1200,26.2374798061
204158,239320,240545,35162,1225,4,1200,29.7036734694
204332,204339,204680,7,341,256,300,1.02052785924
204788,287395,337818,82607,50423,2,50400,2.63828014993
206201,305427,520527,99226,215100,1,432000,1.46130172013
206609,359051,362682,152442,3631,4,86400,42.9834756265
206734,362693,365158,155959,2465,4,86400,64.2693711968
207707,233870,233983,26163,113,4,3600,232.530973451
208254,287494,294415,79240,6921,2,14400,12.4492125415
208484,287499,294661,79015,7162,2,14400,12.0325328121
210440,233875,237210,23435,3335,4,3600,8.02698650675
210907,233913,234206,23006,293,1,900,79.5187713311
210977,288107,288114,77130,7,1,28800,7713.7
211470,233859,238195,22389,4336,25,7200,6.16351476015
211883,236651,236658,24768,7,1,600,2477.5
211885,236656,236659,24771,3,1,600,2477.4
211886,236662,236664,24776,2,1,600,2477.8
211887,236667,236671,24780,4,1,600,2478.4
211888,236673,236675,24785,2,1,600,2478.7
211890,236679,236684,24789,5,1,600,2479.4
211891,236686,236687,24795,1,1,600,2479.6
211892,236691,236692,24799,1,1,600,2480.0
211893,236698,236700,24805,2,1,600,2480.7
211895,236703,236705,24808,2,1,600,2481.0
211896,236710,236711,24814,1,1,600,2481.5
211897,236715,236722,24818,7,1,600,2482.5
211898,236721,236723,24823,2,1,600,2482.5
211899,236727,236730,24828,3,1,600,2483.1
211901,236733,236734,24832,1,1,600,2483.3
211902,236738,236740,24836,2,1,600,2483.8
211903,236746,236748,24843,2,1,600,2484.5
211904,236751,236752,24847,1,1,600,2484.8
211906,236756,236758,24850,2,1,600,2485.2
211907,236763,236765,24856,2,1,600,2485.8
211908,236768,236772,24860,4,1,600,2486.4
211909,236775,236779,24866,4,1,600,2487.0
211911,236780,236782,24869,2,1,600,2487.1
211912,236787,236788,24875,1,1,600,2487.6
211913,236792,236793,24879,1,1,600,2488.0
211914,236799,236801,24885,2,1,600,2488.7
211915,236804,236805,24889,1,1,600,2489.0
211917,236810,236812,24893,2,1,600,2489.5
211918,236816,236817,24898,1,1,600,2489.9
211919,236823,236825,24904,2,1,600,2490.6
211920,236828,236833,24908,5,1,600,2491.3
211922,236834,236836,24912,2,1,600,2491.4
211923,236840,236841,24917,1,1,600,2491.8
211924,236847,236848,24923,1,1,600,2492.4
211925,236852,236853,24927,1,1,600,2492.8
211927,236857,236858,24930,1,1,600,2493.1
211928,239330,239346,27402,16,1,600,1713.625
211929,239336,239338,27407,2,1,600,2740.9
211930,239341,239343,27411,2,1,600,2741.3
211932,239346,239359,27414,13,1,600,2109.76923077
211933,239352,239355,27419,3,1,600,2742.2
211934,239357,239360,27423,3,1,600,2742.6
211935,239364,239366,27429,2,1,600,2743.1
211936,239369,239372,27433,3,1,600,2743.6
211938,239374,239376,27436,2,1,600,2743.8
211939,239380,239382,27441,2,1,600,2744.3
211940,239385,239386,27445,1,1,600,2744.6
211941,239392,239393,27451,1,1,600,2745.2
211943,239397,239400,27454,3,1,600,2745.7
211944,239403,239404,27459,1,1,600,2746.0
211945,239408,239410,27463,2,1,600,2746.5
211946,239413,239421,27467,8,1,600,2747.5
211948,239419,239420,27471,1,1,600,2747.2
211949,239426,239428,27477,2,1,600,2747.9
211950,239431,239433,27481,2,1,600,2748.3
211951,239437,239444,27486,7,1,600,2749.3
211953,239442,239444,27489,2,1,600,2749.1
211954,239447,239449,27493,2,1,600,2749.5
211955,239453,239456,27498,3,1,600,2750.1
211956,239460,239463,27504,3,1,600,2750.7
211958,239465,239468,27507,3,1,600,2751.0
211959,239471,239473,27512,2,1,600,2751.4
211960,239476,239478,27516,2,1,600,2751.8
211961,239482,239487,27521,5,1,600,2752.6
211962,239487,239496,27525,9,1,600,2753.4
211964,239494,239495,27530,1,1,600,2753.1
211965,239499,239501,27534,2,1,600,2753.6
211966,239505,239506,27539,1,1,600,2754.0
211967,239510,239511,27543,1,1,600,2754.4
211969,239515,239518,27546,3,1,600,2754.9
211970,239521,239523,27551,2,1,600,2755.3
211971,239528,239529,27557,1,1,600,2755.8
211972,239533,239535,27561,2,1,600,2756.3
211974,239539,239542,27565,3,1,600,2756.8
211975,239544,239546,27569,2,1,600,2757.1
211976,239550,239551,27574,1,1,600,2757.5
211978,239555,239557,27577,2,1,600,2757.9
211979,239562,239563,27583,1,1,600,2758.4
211980,239567,239570,27587,3,1,600,2759.0
211981,239573,239574,27592,1,1,600,2759.3
211983,239578,239579,27595,1,1,600,2759.6
211984,239584,239590,27600,6,1,600,2760.6
211985,239589,239591,27604,2,1,600,2760.6
211986,239596,239597,27610,1,1,600,2761.1
211988,239601,239603,27613,2,1,600,2761.5
211989,239607,239609,27618,2,1,600,2762.0
211990,239612,239615,27622,3,1,600,2762.5
211991,239617,239619,27626,2,1,600,2762.8
211992,239623,239625,27631,2,1,600,2763.3
211994,239630,239643,27636,13,1,600,2126.84615385
211995,239635,239636,27640,1,1,600,2764.1
211996,239640,239643,27644,3,1,600,2764.7
211997,239646,239647,27649,1,1,600,2765.0
211999,239651,239654,27652,3,1,600,2765.5
212000,239657,239658,27657,1,1,600,2765.8
212001,239669,239673,27668,4,1,600,2767.2
212002,239675,239676,27673,1,1,600,2767.4
212004,239680,239681,27676,1,1,600,2767.7
212005,239685,239687,27680,2,1,600,2768.2
212006,239691,239692,27685,1,1,600,2768.6
212008,239696,239698,27688,2,1,600,2769.0
212164,212171,212667,7,496,256,2400,1.01411290323
212274,288097,291217,75823,3120,1,14400,25.3022435897
213401,213407,213620,6,213,272,2400,1.02816901408
214097,214103,214312,6,209,256,1200,1.02870813397
214644,214650,214861,6,211,256,1200,1.02843601896
216128,233881,237508,17753,3627,4,3600,5.8946787979
216585,310698,375511,94113,64813,2,64800,2.45206980081
216595,310704,364730,94109,54026,2,54000,2.74192055677
216606,326042,380665,109436,54623,2,54600,3.00347838822
216618,337830,409867,121212,72037,2,72000,2.68263531241
216627,338444,410470,121817,72026,2,72000,2.69129203343
216643,338449,403274,121806,64825,2,64800,2.87899730042
219532,223160,223368,3628,208,256,1200,18.4423076923
226121,226127,226154,6,27,256,600,1.22222222222
226438,226444,226648,6,204,256,600,1.02941176471
226966,226972,226976,6,4,16,7080,1.0
227072,227078,227080,6,2,16,7080,1.0
227247,227254,227316,7,62,16,6300,1.11290322581
227427,227433,227496,6,63,16,6300,1.09523809524
227653,227659,227739,6,80,16,6300,1.075
227803,227809,228262,6,453,16,6300,1.01324503311
228588,239325,239331,10737,6,2,900,1074.3
228592,228598,228625,6,27,16,6300,1.22222222222
228633,228643,229202,10,559,16,6300,1.01788908766
229570,229576,230200,6,624,16,6300,1.00961538462
229685,233854,338427,4169,104573,48,129600,1.03986688725
230948,230954,230968,6,14,16,6300,1.42857142857
230980,230986,231608,6,622,16,6300,1.00964630225
231486,231493,231498,7,5,4,3600,1.2
231616,231623,232062,7,439,16,6300,1.0159453303
232182,232190,232867,8,677,16,86400,1.011816839
232582,232594,232595,12,1,1,900,1.3
232582,232589,232590,7,1,1,900,1.0
232583,232613,232614,30,1,1,900,3.1
232583,232600,232601,17,1,1,900,1.8
232583,232607,232608,24,1,1,900,2.5
232584,232623,232626,39,3,1,900,4.2
232584,232629,232630,45,1,1,900,4.6
232584,232634,232636,50,2,1,900,5.2
232584,232618,232619,34,1,1,900,3.5
232585,232651,232652,66,1,1,900,6.7
232585,232640,232641,55,1,1,900,5.6
232585,232645,232647,60,2,1,900,6.2
232586,232673,232674,87,1,1,900,8.8
232586,232662,232663,76,1,1,900,7.7
232586,232656,232658,70,2,1,900,7.2
232586,232668,232669,82,1,1,900,8.3
232587,232684,232685,97,1,1,900,9.8
232587,232695,232696,108,1,1,900,10.9
232587,232689,232690,102,1,1,900,10.3
232587,232679,232680,92,1,1,900,9.3
232588,232706,232707,118,1,1,900,11.9
232588,232701,232702,113,1,1,900,11.4
232588,232711,232713,123,2,1,900,12.5
232589,232733,232735,144,2,1,900,14.6
232589,232728,232729,139,1,1,900,14.0
232589,232722,232724,133,2,1,900,13.5
232589,232717,232718,128,1,1,900,12.9
232590,232747,232748,157,1,1,900,15.8
232590,232739,232740,149,1,1,900,15.0
232590,232753,232754,163,1,1,900,16.4
232591,232758,232759,167,1,1,900,16.8
232591,232763,232764,172,1,1,900,17.3
232591,232769,232770,178,1,1,900,17.9
232591,232774,232775,183,1,1,900,18.4
232592,232790,232791,198,1,1,900,19.9
232592,232779,232780,187,1,1,900,18.8
232592,232785,232786,193,1,1,900,19.4
232593,232811,232812,218,1,1,900,21.9
232593,232801,232802,208,1,1,900,20.9
232593,232795,232796,202,1,1,900,20.3
232593,232806,232807,213,1,1,900,21.4
232594,232816,232818,222,2,1,900,22.4
232594,232822,232823,228,1,1,900,22.9
232594,232827,232828,233,1,1,900,23.4
232595,232849,232850,254,1,1,900,25.5
232595,232843,232844,248,1,1,900,24.9
232595,232833,232834,238,1,1,900,23.9
232595,232838,232839,243,1,1,900,24.4
232596,232859,232860,263,1,1,900,26.4
232596,232870,232871,274,1,1,900,27.5
232596,232854,232855,258,1,1,900,25.9
232597,232889,232890,292,1,1,900,29.3
232597,232875,232876,278,1,1,900,27.9
232597,232884,232885,287,1,1,900,28.8
232598,232895,232896,297,1,1,900,29.8
232598,232905,232906,307,1,1,900,30.8
232598,232910,232912,312,2,1,900,31.4
232598,232900,232901,302,1,1,900,30.3
232599,232916,232917,317,1,1,900,31.8
232599,232921,232922,322,1,1,900,32.3
232599,232927,232928,328,1,1,900,32.9
232599,232932,232933,333,1,1,900,33.4
232600,232937,232938,337,1,1,900,33.8
232600,232948,232949,348,1,1,900,34.9
232600,232942,232944,342,2,1,900,34.4
232601,232964,232965,363,1,1,900,36.4
232601,232969,232970,368,1,1,900,36.9
232601,232953,232954,352,1,1,900,35.3
232601,232958,232959,357,1,1,900,35.8
232602,232980,232981,378,1,1,900,37.9
232602,232974,232975,372,1,1,900,37.3
232602,232985,232986,383,1,1,900,38.4
232603,233001,233002,398,1,1,900,39.9
232603,232996,232997,393,1,1,900,39.4
232603,232990,232992,387,2,1,900,38.9
232603,233006,233007,403,1,1,900,40.4
232604,233021,233022,417,1,1,900,41.8
232604,233012,233013,408,1,1,900,40.9
232604,233027,233028,423,1,1,900,42.4
232605,233037,233038,432,1,1,900,43.3
232605,233043,233044,438,1,1,900,43.9
232605,233048,233049,443,1,1,900,44.4
232605,233032,233033,427,1,1,900,42.8
232606,233053,233054,447,1,1,900,44.8
232606,233058,233060,452,2,1,900,45.4
232606,233064,233065,458,1,1,900,45.9
232606,233069,233070,463,1,1,900,46.4
232607,233080,233081,473,1,1,900,47.4
232607,233085,233086,478,1,1,900,47.9
232607,233075,233076,468,1,1,900,46.9
232608,233091,233092,483,1,1,900,48.4
232608,233107,233108,499,1,1,900,50.0
232608,233101,233102,493,1,1,900,49.4
232608,233096,233097,488,1,1,900,48.9
232609,233123,233124,514,1,1,900,51.5
232609,233117,233118,508,1,1,900,50.9
232609,233112,233113,503,1,1,900,50.4
232610,233144,233145,534,1,1,900,53.5
232610,233139,233140,529,1,1,900,53.0
232610,233133,233134,523,1,1,900,52.4
232610,233128,233129,518,1,1,900,51.9
232611,233158,233159,547,1,1,900,54.8
232611,233149,233150,538,1,1,900,53.9
232611,233169,233170,558,1,1,900,55.9
232611,233164,233165,553,1,1,900,55.4
232612,233174,233175,562,1,1,900,56.3
232612,233185,233186,573,1,1,900,57.4
232612,233179,233181,567,2,1,900,56.9
232613,233190,233191,577,1,1,900,57.8
232613,233195,233196,582,1,1,900,58.3
232613,233201,233202,588,1,1,900,58.9
232613,233206,233207,593,1,1,900,59.4
232614,233211,233212,597,1,1,900,59.8
232614,233217,233218,603,1,1,900,60.4
232614,233222,233223,608,1,1,900,60.9
232615,233227,233228,612,1,1,900,61.3
232615,233238,233239,623,1,1,900,62.4
232615,233243,233244,628,1,1,900,62.9
232615,233233,233234,618,1,1,900,61.9
232643,306403,479248,73760,172845,1,172800,1.42674072146
232726,346480,348704,113754,2224,1,172800,52.148381295
233134,233249,233257,115,8,16,86400,12.3
233961,234053,235704,92,1651,8,6000,1.05572380376
233962,234059,235699,97,1640,8,6000,1.05914634146
234055,234065,235695,10,1630,8,6000,1.00613496933
234055,234071,235702,16,1631,8,6000,1.00980993256
234066,234078,235699,12,1621,8,6000,1.00740283775
234067,234083,235720,16,1637,8,6000,1.00977397679
234078,234089,235732,11,1643,8,6000,1.00669506999
234079,234095,235720,16,1625,8,6000,1.00984615385
234090,235714,237326,1624,1612,8,6000,2.00744416873
234090,235706,237331,1616,1625,8,6000,1.99446153846
235461,239703,239711,4242,8,1,1800,425.0
235702,235719,237338,17,1619,8,6000,1.01050030883
235713,235725,237368,12,1643,8,6000,1.00730371272
235724,235737,237364,13,1627,8,6000,1.00799016595
235724,235732,237420,8,1688,8,6000,1.00473933649
235735,235743,237386,8,1643,8,6000,1.00486914181
235736,235748,237383,12,1635,8,6000,1.00733944954
235747,237346,238967,1599,1621,8,6000,1.98642813078
235747,237339,238984,1592,1645,8,6000,1.96778115502
237342,237352,238984,10,1632,8,6000,1.00612745098
237343,237376,239000,33,1624,8,6000,1.02032019704
237354,237384,239019,30,1635,8,6000,1.01834862385
237375,237396,239055,21,1659,8,6000,1.01265822785
237386,237402,239034,16,1632,8,6000,1.00980392157
237397,237431,239081,34,1650,8,6000,1.02060606061
237407,238212,239843,805,1631,8,6000,1.49356223176
237434,238979,240590,1545,1611,8,6000,1.95903165736
238714,251614,264747,12900,13133,9,172800,1.98225843296
238736,264757,506924,26021,242167,6,259200,1.10745064356
238977,238996,240603,19,1607,8,6000,1.01182327318
238987,239001,240616,14,1615,8,6000,1.00866873065
238998,239011,240622,13,1611,8,6000,1.00806952204
239009,239030,240636,21,1606,8,6000,1.01307596513
239020,239045,240648,25,1603,8,6000,1.01559575795
239041,239066,240675,25,1609,8,6000,1.01553760099
239062,239078,240693,16,1615,8,6000,1.00990712074
239073,239092,240692,19,1600,8,6000,1.011875
239086,239708,241327,622,1619,8,6000,1.38418777023
239712,240602,242206,890,1604,8,6000,1.55486284289
239873,248949,249028,9076,79,1,1800,115.886075949
240015,247877,247885,7862,8,1,3600,787.0
240040,247883,247887,7843,4,1,3600,784.7
240046,247897,247899,7851,2,1,3600,785.3
240073,247910,247913,7837,3,1,3600,784.0
240081,247924,247927,7843,3,1,3600,784.6
240087,247938,247941,7851,3,1,3600,785.4
240094,247953,247955,7859,2,1,3600,786.1
240103,247966,247969,7863,3,1,3600,786.6
240594,240615,242232,21,1617,8,6000,1.01298701299
240604,240627,242239,23,1612,8,6000,1.01426799007
240626,240649,242241,23,1592,8,6000,1.01444723618
240626,240634,242244,8,1610,8,6000,1.0049689441
240637,240660,242255,23,1595,8,6000,1.0144200627
240658,240686,242303,28,1617,8,6000,1.01731601732
240679,240704,242317,25,1613,8,6000,1.01549907006
240700,240710,242329,10,1619,8,6000,1.00617665225
240701,241340,242957,639,1617,8,6000,1.39517625232
241336,242217,243822,881,1605,8,6000,1.54890965732
242209,242243,243853,34,1610,8,6000,1.02111801242
242240,242251,243866,11,1615,8,6000,1.00681114551
242241,242258,243873,17,1615,8,6000,1.01052631579
242252,242265,243871,13,1606,8,6000,1.00809464508
242263,242272,243884,9,1612,8,6000,1.00558312655
242263,242314,243937,51,1623,8,6000,1.0314232902
242305,242329,243955,24,1626,8,6000,1.0147601476
242326,242341,243950,15,1609,8,6000,1.0093225606
242337,242969,244577,632,1608,8,6000,1.39303482587
242397,247981,248938,5584,957,1,3600,6.83490073145
242963,243833,245439,870,1606,8,6000,1.54171855542
243826,243864,245468,38,1604,8,6000,1.02369077307
243857,243878,245514,21,1636,8,6000,1.01283618582
243868,243885,245515,17,1630,8,6000,1.01042944785
243879,243891,245495,12,1604,8,6000,1.00748129676
243890,243899,245514,9,1615,8,6000,1.00557275542
243890,243948,245565,58,1617,8,6000,1.03586889301
243942,243962,245570,20,1608,8,6000,1.01243781095
243953,243969,245596,16,1627,8,6000,1.0098340504
243964,244589,246201,625,1612,8,6000,1.38771712159
244580,245451,247064,871,1613,8,6000,1.53998760074
245442,245480,247098,38,1618,8,6000,1.02348578492
245473,245507,247117,34,1610,8,6000,1.02111801242
245505,245526,247146,21,1620,8,6000,1.01296296296
245516,245531,247179,15,1648,8,6000,1.00910194175
245526,245537,247147,11,1610,8,6000,1.00683229814
245527,245577,247207,50,1630,8,6000,1.03067484663
245569,245584,247213,15,1629,8,6000,1.00920810313
245580,245607,247223,27,1616,8,6000,1.01670792079
245601,246213,247825,612,1612,8,6000,1.37965260546
245779,247866,251497,2087,3631,6,3600,1.57477278987
246207,247075,248711,868,1636,8,6000,1.53056234719
247069,247112,248739,43,1627,8,6000,1.02642901045
247101,247129,248740,28,1611,8,6000,1.017380509
247122,247157,248770,35,1613,8,6000,1.02169869808
247153,247165,248781,12,1616,8,6000,1.00742574257
247153,247191,248810,38,1619,8,6000,1.02347127857
247185,247218,248833,33,1615,8,6000,1.02043343653
247216,247226,248844,10,1618,8,6000,1.00618046972
247217,247235,248843,18,1608,8,6000,1.01119402985
247229,247836,249465,607,1629,8,6000,1.37262124002
247621,247872,251512,251,3640,4,3600,1.06895604396
247826,248724,250347,898,1623,8,6000,1.55329636476
248719,248751,250365,32,1614,8,6000,1.01982651797
248740,248756,250378,16,1622,8,6000,1.00986436498
248751,248781,250401,30,1620,8,6000,1.01851851852
248772,248793,250415,21,1622,8,6000,1.01294697904
248783,248822,250420,39,1598,8,6000,1.02440550688
248814,248844,250465,30,1621,8,6000,1.01850709439
248835,248855,250476,20,1621,8,6000,1.01233806292
248846,248862,250494,16,1632,8,6000,1.00980392157
248857,249477,251095,620,1618,8,6000,1.38318912237
249019,249038,249173,19,135,1,3600,1.14074074074
249143,249184,249260,41,76,1,3600,1.53947368421
249267,249274,249361,7,87,1,1800,1.08045977011
249406,249412,253058,6,3646,1,3600,1.00164563906
249406,288145,288369,38739,224,1,3600,173.941964286
249406,288130,288134,38724,4,1,3600,3872.8
249473,250358,251986,885,1628,8,6000,1.54361179361
250355,250377,251985,22,1608,8,6000,1.01368159204
250366,250391,252031,25,1640,8,6000,1.01524390244
250387,250413,252035,26,1622,8,6000,1.01602959309
250408,250427,252036,19,1609,8,6000,1.01180857676
250419,250433,252062,14,1629,8,6000,1.00859422959
250430,250478,252129,48,1651,8,6000,1.02907328892
250471,250488,252113,17,1625,8,6000,1.01046153846
250482,250506,252118,24,1612,8,6000,1.01488833747
250503,251108,252744,605,1636,8,6000,1.36980440098
251099,251997,253615,898,1618,8,6000,1.55500618047
251747,305299,629417,53552,324118,16,324000,1.16522377653
251991,252003,253645,12,1642,8,6000,1.00730816078
252007,252044,253686,37,1642,8,6000,1.02253349574
252039,252051,253692,12,1641,8,6000,1.00731261426
252040,252056,253685,16,1629,8,6000,1.00982197667
252051,252075,253711,24,1636,8,6000,1.01466992665
252072,252125,253745,53,1620,8,6000,1.03271604938
252124,252131,253762,7,1631,8,6000,1.00429184549
252124,252141,253791,17,1650,8,6000,1.0103030303
252135,252755,254399,620,1644,8,6000,1.37712895377
252751,253628,255243,877,1615,8,6000,1.54303405573
253623,253658,255276,35,1618,8,6000,1.021631644
253655,253697,255325,42,1628,8,6000,1.0257985258
253686,253703,255340,17,1637,8,6000,1.01038485034
253697,253710,255333,13,1623,8,6000,1.00800985829
253708,253723,255356,15,1633,8,6000,1.00918554807
253719,253756,255377,37,1621,8,6000,1.02282541641
253750,253774,255388,24,1614,8,6000,1.01486988848
253771,253803,255437,32,1634,8,6000,1.01958384333
253799,254410,255329,611,919,8,6000,1.6648531012
254405,255255,256172,850,917,8,6000,1.92693565976
255245,255289,256204,44,915,8,6000,1.04808743169
255277,255337,256274,60,937,8,6000,1.06403415155
255332,255344,256260,12,916,8,6000,1.01310043668
255333,255350,256274,17,924,8,6000,1.0183982684
255343,255357,256282,14,925,8,6000,1.01513513514
255354,255367,256363,13,996,8,6000,1.01305220884
255365,255389,256321,24,932,8,6000,1.02575107296
255386,255400,256315,14,915,8,6000,1.01530054645
255397,255449,256361,52,912,8,6000,1.05701754386
255439,256185,257104,746,919,8,6000,1.81175190424
256177,256216,257130,39,914,8,6000,1.04266958425
256208,256272,257182,64,910,8,6000,1.07032967033
256271,256286,257201,15,915,8,6000,1.01639344262
256283,256299,257222,16,923,8,6000,1.0173347779
256283,256293,257213,10,920,8,6000,1.01086956522
256294,256327,257240,33,913,8,6000,1.03614457831
256325,256334,257254,9,920,8,6000,1.0097826087
256326,256373,257283,47,910,8,6000,1.05164835165
256368,256381,257300,13,919,8,6000,1.01414581066
256378,257116,258034,738,918,8,6000,1.80392156863
257107,257141,258068,34,927,8,6000,1.03667745415
257138,257195,258117,57,922,8,6000,1.06182212581
257190,257214,258129,24,915,8,6000,1.0262295082
257211,257226,258156,15,930,8,6000,1.01612903226
257222,257235,258154,13,919,8,6000,1.01414581066
257233,257252,258241,19,989,8,6000,1.01921132457
257244,257266,258188,22,922,8,6000,1.02386117137
257265,257295,258213,30,918,8,6000,1.03267973856
257286,257312,258235,26,923,8,6000,1.02816901408
257307,258046,258957,739,911,8,6000,1.81119648738
258035,258080,258996,45,916,8,6000,1.04912663755
258077,258129,259060,52,931,8,6000,1.05585392052
258118,258141,259064,23,923,8,6000,1.02491874323
258129,258166,259079,37,913,8,6000,1.04052573932
258160,258173,259092,13,919,8,6000,1.01414581066
258171,258200,259110,29,910,8,6000,1.03186813187
258192,258226,259149,34,923,8,6000,1.03683640303
258223,258247,259169,24,922,8,6000,1.02603036876
258245,258254,259174,9,920,8,6000,1.0097826087
258245,258968,259890,723,922,8,6000,1.784164859
258963,259009,259926,46,917,8,6000,1.05016357688
259004,259073,259992,69,919,8,6000,1.07508161045
259066,259080,260002,14,922,8,6000,1.01518438178
259077,259091,260015,14,924,8,6000,1.01515151515
259088,259104,260023,16,919,8,6000,1.01741022851
259099,259122,260042,23,920,8,6000,1.025
259120,259160,260089,40,929,8,6000,1.04305705059
259151,259181,260089,30,908,8,6000,1.03303964758
259172,259188,260126,16,938,8,6000,1.0170575693
259183,259902,260913,719,1011,8,6000,1.71117705242
259901,259937,260859,36,922,8,6000,1.03904555315
259932,260004,260931,72,927,8,6000,1.07766990291
259994,260014,260933,20,919,8,6000,1.02176278564
260005,260028,260956,23,928,8,6000,1.02478448276
260016,260035,260954,19,919,8,6000,1.02067464635
260026,260054,261075,28,1021,8,6000,1.02742409403
260048,260101,261023,53,922,8,6000,1.05748373102
260099,260107,261036,8,929,8,6000,1.00861141012
260100,260138,261069,38,931,8,6000,1.04081632653
260131,260872,261797,741,925,8,6000,1.80108108108
260870,260925,261844,55,919,8,6000,1.0598476605
260922,260942,261872,20,930,8,6000,1.02150537634
260933,260949,261892,16,943,8,6000,1.01696712619
260944,260967,261902,23,935,8,6000,1.02459893048
260955,260974,261900,19,926,8,6000,1.02051835853
260966,261035,261952,69,917,8,6000,1.07524536532
261028,261048,261971,20,923,8,6000,1.02166847237
261039,261081,262005,42,924,8,6000,1.04545454545
261070,261087,262013,17,926,8,6000,1.01835853132
261081,261809,262720,728,911,8,6000,1.79912184413
261798,261855,262788,57,933,8,6000,1.06109324759
261850,261885,262816,35,931,8,6000,1.03759398496
261882,261904,262835,22,931,8,6000,1.02363050483
261892,261912,262836,20,924,8,6000,1.02164502165
261903,261918,262840,15,922,8,6000,1.01626898048
261914,261964,262902,50,938,8,6000,1.05330490405
261956,261983,262907,27,924,8,6000,1.02922077922
261977,262017,262941,40,924,8,6000,1.04329004329
262008,262024,262950,16,926,8,6000,1.01727861771
262019,262732,263650,713,918,8,6000,1.77668845316
262726,262800,263734,74,934,8,6000,1.07922912206
262798,262829,263758,31,929,8,6000,1.03336921421
262820,262847,263768,27,921,8,6000,1.02931596091
262841,262854,263785,13,931,8,6000,1.01396348013
262851,262861,263795,10,934,8,6000,1.01070663812
262852,262914,263845,62,931,8,6000,1.06659505908
262904,262920,263847,16,927,8,6000,1.01725997843
262915,262953,263881,38,928,8,6000,1.04094827586
262946,262962,263895,16,933,8,6000,1.01714898178
262957,263662,264591,705,929,8,6000,1.75888051668
263654,263747,264668,93,921,8,6000,1.1009771987
263737,263770,264700,33,930,8,6000,1.03548387097
263768,263797,264728,29,931,8,6000,1.03114930183
263768,263780,264706,12,926,8,6000,1.01295896328
263789,263806,264738,17,932,8,6000,1.01824034335
263805,263858,265479,53,1621,8,6000,1.03269586675
263847,263864,265483,17,1619,8,6000,1.01050030883
263858,263894,265498,36,1604,8,6000,1.02244389027
263889,263906,265512,17,1606,8,6000,1.01058530511
263900,264603,266223,703,1620,8,6000,1.43395061728
264597,264680,266288,83,1608,8,6000,1.05161691542
264669,264712,266323,43,1611,8,6000,1.02669149597
264701,264719,266320,18,1601,8,6000,1.01124297314
264711,264739,266347,28,1608,8,6000,1.01741293532
264732,264750,266367,18,1617,8,6000,1.01113172542
264743,265491,267104,748,1613,8,6000,1.46373217607
265482,265497,267092,15,1595,8,6000,1.00940438871
265493,265510,267113,17,1603,8,6000,1.01060511541
265503,265524,267130,21,1606,8,6000,1.01307596513
265514,266236,267837,722,1601,8,6000,1.45096814491
266232,266299,267913,67,1614,8,6000,1.041511772
266294,266333,267938,39,1605,8,6000,1.02429906542
266325,266339,267938,14,1599,8,6000,1.00875547217
266336,266359,267957,23,1598,8,6000,1.01439299124
266347,266378,267999,31,1621,8,6000,1.01912399753
266368,267104,268717,736,1613,8,6000,1.45629262244
267096,267117,268723,21,1606,8,6000,1.01307596513
267107,267124,268736,17,1612,8,6000,1.01054590571
267118,267141,268754,23,1613,8,6000,1.01425914445
267139,267849,269454,710,1605,8,6000,1.44236760125
267847,267925,269526,78,1601,8,6000,1.04871955028
267919,267950,269554,31,1604,8,6000,1.01932668329
267940,267956,269562,16,1606,8,6000,1.0099626401
267951,267968,269584,17,1616,8,6000,1.01051980198
267962,268010,269626,48,1616,8,6000,1.0297029703
268003,268728,270354,725,1626,8,6000,1.44587945879
268721,268735,270359,14,1624,8,6000,1.00862068966
268732,268748,270353,16,1605,8,6000,1.00996884735
268743,268765,270384,22,1619,8,6000,1.01358863496
268764,269466,271084,702,1618,8,6000,1.43386897404
269461,269537,271145,76,1608,8,6000,1.04726368159
269534,269566,271177,32,1611,8,6000,1.01986343886
269555,269575,271180,20,1605,8,6000,1.01246105919
269566,269596,271220,30,1624,8,6000,1.0184729064
269587,269638,271250,51,1612,8,6000,1.03163771712
269628,270365,271975,737,1610,8,6000,1.45776397516
270357,270372,272002,15,1630,8,6000,1.00920245399
270367,270379,272003,12,1624,8,6000,1.00738916256
270368,270395,272008,27,1613,8,6000,1.01673899566
270389,271095,272713,706,1618,8,6000,1.43634116193
271086,271158,272775,72,1617,8,6000,1.04452690167
271148,271188,272815,40,1627,8,6000,1.024585126
271180,271196,272801,16,1605,8,6000,1.00996884735
271190,271231,272858,41,1627,8,6000,1.02519975415
271222,271262,272871,40,1609,8,6000,1.02486016159
271253,271987,273599,734,1612,8,6000,1.45533498759
271981,272014,273632,33,1618,8,6000,1.02039555006
272013,272026,273643,13,1617,8,6000,1.00803957947
272013,272021,273652,8,1631,8,6000,1.00490496628
272024,272724,274337,700,1613,8,6000,1.43397396156
272721,272787,274412,66,1625,8,6000,1.04061538462
272783,272812,274426,29,1614,8,6000,1.01796778191
272804,272826,274440,22,1614,8,6000,1.0136307311
272815,272870,274491,55,1621,8,6000,1.03392967304
272867,272883,274504,16,1621,8,6000,1.00987045034
272878,273612,275235,734,1623,8,6000,1.45224892175
273606,273644,275263,38,1619,8,6000,1.02347127857
273637,273654,275280,17,1626,8,6000,1.01045510455
273648,273665,275317,17,1652,8,6000,1.0102905569
273659,274348,275966,689,1618,8,6000,1.42583436341
274346,274424,276062,78,1638,8,6000,1.04761904762
274418,274438,276059,20,1621,8,6000,1.01233806292
274429,274452,276090,23,1638,8,6000,1.01404151404
274450,274505,276142,55,1637,8,6000,1.0335980452
274492,274516,276147,24,1631,8,6000,1.01471489884
274513,275247,276864,734,1617,8,6000,1.45392702536
275241,275275,276895,34,1620,8,6000,1.02098765432
275272,275293,276920,21,1627,8,6000,1.01290719115
275283,275329,276940,46,1611,8,6000,1.02855369336
275324,275977,277594,653,1617,8,6000,1.40383426098
275970,276072,277708,102,1636,8,6000,1.06234718826
276063,276079,277701,16,1622,8,6000,1.00986436498
276074,276101,277733,27,1632,8,6000,1.01654411765
276095,276153,277780,58,1627,8,6000,1.0356484327
276147,276160,277767,13,1607,8,6000,1.00808960797
276157,276881,278494,724,1613,8,6000,1.44885306882
276865,276906,278536,41,1630,8,6000,1.02515337423
276896,276932,278567,36,1635,8,6000,1.02201834862
276928,276953,278580,25,1627,8,6000,1.01536570375
276949,277606,279241,657,1635,8,6000,1.40183486239
277595,277712,279330,117,1618,8,6000,1.07231149567
277708,277720,279343,12,1623,8,6000,1.00739371534
277709,277744,279350,35,1606,8,6000,1.02179327522
277740,277780,279402,40,1622,8,6000,1.02466091245
277771,277792,279427,21,1635,8,6000,1.0128440367
277782,278506,280141,724,1635,8,6000,1.44281345566
278133,287506,288084,9373,578,6,3600,17.2162629758
278191,288102,291704,9911,3602,4,3600,3.75152692948
278471,303457,303716,24986,259,4,3600,97.471042471
278500,278547,280176,47,1629,8,6000,1.02885205648
278541,278580,280200,39,1620,8,6000,1.02407407407
278573,278591,280206,18,1615,8,6000,1.01114551084
278588,279253,280873,665,1620,8,6000,1.41049382716
279245,279343,280949,98,1606,8,6000,1.06102117061
279338,279355,280974,17,1619,8,6000,1.01050030883
279348,279362,280966,14,1604,8,6000,1.00872817955
279359,279414,281027,55,1613,8,6000,1.03409795412
279411,279439,281048,28,1609,8,6000,1.01740211311
279432,280153,281773,721,1620,8,6000,1.4450617284
280150,280188,281832,38,1644,8,6000,1.02311435523
280181,280213,281884,32,1671,8,6000,1.01915020946
280203,280220,281817,17,1597,8,6000,1.0106449593
280214,280885,282489,671,1604,8,6000,1.41832917706
280880,280962,282560,82,1598,8,6000,1.05131414268
280953,280979,282591,26,1612,8,6000,1.01612903226
280974,280985,282603,11,1618,8,6000,1.00679851669
280974,281040,282666,66,1626,8,6000,1.0405904059
281036,281060,282676,24,1616,8,6000,1.01485148515
281057,281784,283413,727,1629,8,6000,1.44628606507
281775,281842,283454,67,1612,8,6000,1.04156327543
281827,281850,283449,23,1599,8,6000,1.01438398999
281848,281895,283519,47,1624,8,6000,1.0289408867
281890,282502,284124,612,1622,8,6000,1.37731196054
282495,282572,284180,77,1608,8,6000,1.04788557214
282567,282604,284206,37,1602,8,6000,1.02309612984
282598,282615,284215,17,1600,8,6000,1.010625
282609,282678,284298,69,1620,8,6000,1.04259259259
282671,282688,284316,17,1628,8,6000,1.01044226044
282682,283424,285019,742,1595,8,6000,1.46520376176
283420,283460,285071,40,1611,8,6000,1.02482929857
283452,283468,285074,16,1606,8,6000,1.0099626401
283463,283531,285140,68,1609,8,6000,1.0422622747
283525,284136,285751,611,1615,8,6000,1.37832817337
284130,284192,285801,62,1609,8,6000,1.03853325047
284182,284219,285840,37,1621,8,6000,1.02282541641
284213,284227,285848,14,1621,8,6000,1.00863664405
284224,284309,285925,85,1616,8,6000,1.0525990099
284306,284329,285956,23,1627,8,6000,1.01413644745
284317,285031,286639,714,1608,8,6000,1.44402985075
285025,285082,286713,57,1631,8,6000,1.03494788473
285077,285090,286700,13,1610,8,6000,1.00807453416
285087,285152,286766,65,1614,8,6000,1.04027261462
285149,285763,287385,614,1622,8,6000,1.37854500617
285755,285813,287431,58,1618,8,6000,1.03584672435
285806,285852,287460,46,1608,8,6000,1.02860696517
285848,285860,287462,12,1602,8,6000,1.0074906367
285849,285937,287575,88,1638,8,6000,1.05372405372
285931,285967,287577,36,1610,8,6000,1.02236024845
285963,286652,288265,689,1613,8,6000,1.42715437074
286650,286712,288345,62,1633,8,6000,1.03796693203
286702,286725,288330,23,1605,8,6000,1.01433021807
286723,286778,288406,55,1628,8,6000,1.03378378378
286774,287408,289013,634,1605,8,6000,1.39501557632
287390,287444,289059,54,1615,8,6000,1.03343653251
287442,287472,289083,30,1611,8,6000,1.01862197393
287463,287479,289083,16,1604,8,6000,1.00997506234
287473,287586,289184,113,1598,8,6000,1.07071339174
287577,287593,289211,16,1618,8,6000,1.00988875155
287587,288277,289884,690,1607,8,6000,1.42937149969
288275,288343,289968,68,1625,8,6000,1.04184615385
288337,288356,289990,19,1634,8,6000,1.01162790698
288347,288418,290047,71,1629,8,6000,1.04358502149
288409,289024,290662,615,1638,8,6000,1.37545787546
289014,289071,290685,57,1614,8,6000,1.03531598513
289066,289096,290704,30,1608,8,6000,1.01865671642
289087,289101,290710,14,1609,8,6000,1.00870105656
289098,289196,290823,98,1627,8,6000,1.0602335587
289190,289223,290857,33,1634,8,6000,1.02019583843
289211,289897,291521,686,1624,8,6000,1.4224137931
289790,303733,305049,13943,1316,4,3600,11.5949848024
289791,303941,305457,14150,1516,4,3600,10.3337730871
289892,289983,291624,91,1641,8,6000,1.05545399147
289975,290001,291609,26,1608,8,6000,1.01616915423
289996,290059,291695,63,1636,8,6000,1.03850855746
290048,290674,292297,626,1623,8,6000,1.38570548367
290662,290697,292330,35,1633,8,6000,1.0214329455
290694,290716,292385,22,1669,8,6000,1.01318154584
290705,290722,292358,17,1636,8,6000,1.01039119804
290716,290835,292462,119,1627,8,6000,1.07314074985
290829,290869,292496,40,1627,8,6000,1.024585126
290860,291532,293156,672,1624,8,6000,1.41379310345
291526,291621,293236,95,1615,8,6000,1.05882352941
291619,291636,293253,17,1617,8,6000,1.01051329623
291630,291707,293345,77,1638,8,6000,1.04700854701
291702,291715,293341,13,1626,8,6000,1.00799507995
291713,292308,293944,595,1636,8,6000,1.36369193154
291716,403285,429724,111569,26439,2,540000,5.21986459397
292307,292341,293964,34,1623,8,6000,1.02094886014
292339,292370,293993,31,1623,8,6000,1.0191004313
292370,292398,294027,28,1629,8,6000,1.01718845918
292401,292473,294090,72,1617,8,6000,1.04452690167
292474,292508,294134,34,1626,8,6000,1.0209102091
292505,293168,294824,663,1656,8,6000,1.40036231884
292669,305304,305308,12635,4,1,360,1263.9
292745,538865,539022,246120,157,1,604800,1568.6433121
293133,346912,606149,53779,259237,1,259200,1.20745109687
293171,293247,294864,76,1617,8,6000,1.04700061843
293243,293266,294900,23,1634,8,6000,1.01407588739
293264,293352,295024,88,1672,8,6000,1.05263157895
293347,293359,294978,12,1619,8,6000,1.00741198271
293358,293956,295620,598,1664,8,6000,1.359375
293577,346940,606162,53363,259222,1,259200,1.20585829906
293595,294426,296763,831,2337,2,14400,1.35558408216
293673,294678,303110,1005,8432,1,8400,1.11918880455
293673,294673,303108,1000,8435,1,8400,1.11855364552
293674,521506,529934,227832,8428,1,8400,28.0327479829
293674,521995,530399,228321,8404,1,8400,28.1681342218
293675,522006,530448,228331,8442,1,8400,28.0470267709
293675,522001,530446,228326,8445,1,8400,28.0368265246
293676,522027,530438,228351,8411,1,8400,28.1490904768
293676,522012,530450,228336,8438,1,8400,28.0604408628
293677,523328,531745,229651,8417,1,8400,28.2841867649
293677,523595,532011,229918,8416,1,8400,28.3191539924
293678,523722,532126,230044,8404,1,8400,28.3731556402
293678,527840,536249,234162,8409,1,8400,28.8465929361
293679,348715,607946,55036,259231,1,259200,1.21230485551
293679,528466,536883,234787,8417,1,8400,28.8943804206
293679,529947,538349,236268,8402,1,8400,29.1204475125
293680,530410,538814,236730,8404,1,8400,29.1687291766
293680,530449,538853,236769,8404,1,8400,29.1733698239
293681,530458,538861,236777,8403,1,8400,29.17767464
293681,531756,540160,238075,8404,1,8400,29.3287720133
293682,532022,540426,238340,8404,1,8400,29.3603046168
293682,532138,540541,238456,8403,1,8400,29.3774842318
293683,534066,542494,240383,8428,1,8400,29.5219506407
293683,536260,544664,242577,8404,1,8400,29.8644693003
293684,538360,546647,244676,8287,1,8400,30.5252805599
293684,536894,545298,243210,8404,1,8400,29.9397905759
293685,538873,546715,245188,7842,1,8400,32.2660035705
293685,538826,546877,245141,8051,1,8400,31.4485157123
293686,545314,552951,251628,7637,1,8400,33.9485400026
293686,539034,546769,245348,7735,1,8400,32.7191984486
293687,545320,552915,251633,7595,1,8400,34.1314022383
293688,546498,553537,252810,7039,1,8400,36.9156130132
293688,546492,554066,252804,7574,1,8400,34.3778716662
293689,546727,552084,253038,5357,1,8400,48.2350196005
293689,546660,552726,252971,6066,1,8400,42.7030992417
293690,546780,551772,253090,4992,1,8400,51.6991185897
293690,546888,551650,253198,4762,1,8400,54.1705165897
293691,548952,553684,255261,4732,1,8400,54.9435756551
293691,554592,559370,260901,4778,1,8400,55.6046462955
293692,559381,564197,265689,4816,1,8400,56.1679817276
293692,558288,563137,264596,4849,1,8400,55.5671272427
293693,563148,567937,269455,4789,1,8400,57.2653998747
293693,564209,569008,270516,4799,1,8400,57.3692435924
293694,568871,573686,275177,4815,1,8400,58.1499480789
293694,569020,573915,275326,4895,1,8400,57.2463738509
293695,573697,578891,280002,5194,1,8400,54.9087408548
293695,570210,575216,276515,5006,1,8400,56.2367159409
293696,575053,580170,281357,5117,1,8400,55.9847566934
293696,573927,579042,280231,5115,1,8400,55.7861192571
293697,575632,580741,281935,5109,1,8400,56.183989039
293697,575227,580342,281530,5115,1,8400,56.0400782014
293698,575639,580754,281941,5115,1,8400,56.1204301075
293698,575644,580864,281946,5220,1,8400,55.0126436782
293699,580182,585487,286483,5305,1,8400,55.0024505184
293699,575650,580956,281951,5306,1,8400,54.1381454957
293700,576126,581217,282426,5091,1,8400,56.4755450796
293700,575655,580818,281955,5163,1,8400,55.6106914585
293701,576186,581155,282485,4969,1,8400,57.8494666935
293701,576217,581355,282516,5138,1,8400,55.9855975088
293702,576707,582013,283005,5306,1,8400,54.3367885413
293702,576712,582040,283010,5328,1,8400,54.1174924925
293703,577120,582530,283417,5410,1,8400,53.3876155268
293704,577125,582608,283421,5483,1,8400,52.6908626664
293704,579075,584609,285371,5534,1,8400,52.5668594145
293705,580753,585995,287048,5242,1,8400,55.7592521938
293705,580587,585980,286882,5393,1,8400,54.1952531059
293706,580967,586086,287261,5119,1,8400,57.1166243407
293706,580766,585970,287060,5204,1,8400,56.1614142967
293706,580829,586007,287123,5178,1,8400,56.4505600618
293707,586027,591081,292320,5054,1,8400,58.8393351801
293707,581167,586176,287460,5009,1,8400,58.3887003394
293708,582024,587011,288316,4987,1,8400,58.8135151394
293708,581230,586214,287522,4984,1,8400,58.6890048154
293709,582052,587016,288343,4964,1,8400,59.086825141
293710,582542,587595,288832,5053,1,8400,58.1604987136
293710,582621,587749,288911,5128,1,8400,57.3398985959
293711,588991,594292,295280,5301,1,8400,56.7026976042
293711,587761,592969,294050,5208,1,8400,57.4612135177
293712,588999,594367,295287,5368,1,8400,56.0087555887
293712,589301,594721,295589,5420,1,8400,55.5367158672
293713,583838,589288,290125,5450,1,8400,54.2339449541
293713,584620,590041,290907,5421,1,8400,54.6629773105
293714,585499,590882,291785,5383,1,8400,55.2049043284
293715,585992,591342,292277,5350,1,8400,55.6312149533
293715,585982,591341,292267,5359,1,8400,55.5376002986
293716,586035,590977,292319,4942,1,8400,60.1499392958
293716,586098,589876,292382,3778,1,8400,78.390682901
293717,586188,588916,292471,2728,1,8400,108.210777126
293717,586227,588794,292510,2567,1,8400,114.950136346
293718,587436,589984,293718,2548,1,8400,116.273940345
293718,587448,589974,293730,2526,1,8400,117.282660333
293719,589888,592426,296169,2538,1,8400,117.693853428
293719,587607,590179,293888,2572,1,8400,115.264385692
293720,589985,592523,296265,2538,1,8400,117.731678487
293720,589997,592539,296277,2542,1,8400,117.552714398
293721,590053,592610,296332,2557,1,8400,116.890496676
293721,592551,595095,298830,2544,1,8400,118.464622642
293722,590894,593461,297172,2567,1,8400,116.766264122
293722,590191,592755,296469,2564,1,8400,116.627535101
293723,591005,593569,297282,2564,1,8400,116.944617785
293723,591093,593665,297370,2572,1,8400,116.618195956
293724,592542,595127,298818,2585,1,8400,116.596905222
293841,346368,346448,52527,80,6,604800,657.5875
293909,346373,346453,52464,80,6,604800,656.8
293954,293975,295615,21,1640,8,6000,1.01280487805
293956,346384,346463,52428,79,6,604800,664.64556962
293975,294005,295645,30,1640,8,6000,1.01829268293
294006,294038,295682,32,1644,8,6000,1.01946472019
294038,294102,295736,64,1634,8,6000,1.03916768666
294105,294146,295752,41,1606,8,6000,1.02552926526
294146,294835,296442,689,1607,8,6000,1.42874922215
294279,349380,608621,55101,259241,1,259200,1.21254739798
294390,359057,618288,64667,259231,1,259200,1.24945704796
294462,377441,636668,82979,259227,1,259200,1.32010168694
294542,377981,637194,83439,259213,1,259200,1.32189357787
294622,408315,667551,113693,259236,1,259200,1.43856948881
294694,296774,303927,2080,7153,2,14400,1.29078708234
294700,430977,688331,136277,257354,1,259200,1.52953130707
294779,464850,693966,170071,229116,1,259200,1.74229211404
294836,294876,296482,40,1606,8,6000,1.02490660025
294878,294911,296536,33,1625,8,6000,1.02030769231
294909,294990,296591,81,1601,8,6000,1.05059337914
294992,295037,296646,45,1609,8,6000,1.02796768179
295034,295626,297237,592,1611,8,6000,1.36747361887
295187,346390,353459,51203,7069,2,14400,8.24331588626
295621,295634,297238,13,1604,8,6000,1.00810473815
295632,295656,297262,24,1606,8,6000,1.01494396015
295653,295694,297302,41,1608,8,6000,1.02549751244
295695,295748,297376,53,1628,8,6000,1.03255528256
295747,295763,297395,16,1632,8,6000,1.00980392157
295768,296454,298067,686,1613,8,6000,1.42529448233
296083,346459,346895,50376,436,6,604800,116.541284404
296109,346465,346923,50356,458,6,604800,110.947598253
296210,302876,302884,6666,8,1,600,667.4
296211,302896,302897,6685,1,1,600,668.6
296213,302908,302910,6695,2,1,600,669.7
296214,302922,302923,6708,1,1,600,670.9
296215,302935,302936,6720,1,1,600,672.1
296217,302948,302949,6731,1,1,600,673.2
296218,302961,302963,6743,2,1,600,674.5
296219,302974,302976,6755,2,1,600,675.7
296220,302987,302990,6767,3,1,600,677.0
296222,303002,303010,6780,8,1,600,678.8
296223,303022,303024,6799,2,1,600,680.1
296224,303037,303038,6813,1,1,600,681.4
296225,303050,303051,6825,1,1,600,682.6
296227,303063,303064,6836,1,1,600,683.7
296228,303076,303079,6848,3,1,600,685.1
296229,303090,303092,6861,2,1,600,686.3
296231,303104,303105,6873,1,1,600,687.4
296232,303117,303123,6885,6,1,600,689.1
296233,303124,303130,6891,6,1,600,689.7
296234,303129,303132,6895,3,1,600,689.8
296236,303136,303137,6900,1,1,600,690.1
296237,303153,303154,6916,1,1,600,691.7
296238,303158,303160,6920,2,1,600,692.2
296240,303165,303166,6925,1,1,600,692.6
296241,303172,303173,6931,1,1,600,693.2
296242,303177,303179,6935,2,1,600,693.7
296243,303184,303185,6941,1,1,600,694.2
296245,303190,303192,6945,2,1,600,694.7
296246,303195,303196,6949,1,1,600,695.0
296247,303202,303203,6955,1,1,600,695.6
296248,303209,303211,6961,2,1,600,696.3
296250,303214,303215,6964,1,1,600,696.5
296251,303221,303222,6970,1,1,600,697.1
296252,303228,303234,6976,6,1,600,698.2
296254,303233,303234,6979,1,1,600,698.0
296255,303240,303242,6985,2,1,600,698.7
296256,303247,303284,6991,37,1,600,189.945945946
296257,303252,303254,6995,2,1,600,699.7
296259,303258,303260,6999,2,1,600,700.1
296260,303265,303267,7005,2,1,600,700.7
296261,303272,303274,7011,2,1,600,701.3
296263,303280,303285,7017,5,1,600,702.2
296264,303286,303288,7022,2,1,600,702.4
296265,303301,303303,7036,2,1,600,703.8
296266,303306,303309,7040,3,1,600,704.3
296268,303312,303313,7044,1,1,600,704.5
296269,303319,303320,7050,1,1,600,705.1
296270,303326,303358,7056,32,1,600,221.5
296272,303331,303337,7059,6,1,600,706.5
296273,303338,303339,7065,1,1,600,706.6
296274,303349,303350,7075,1,1,600,707.6
296275,303356,303357,7081,1,1,600,708.2
296277,303363,303364,7086,1,1,600,708.7
296278,303370,303371,7092,1,1,600,709.3
296279,303375,303377,7096,2,1,600,709.8
296280,303381,303383,7101,2,1,600,710.3
296282,303388,303399,7106,11,1,600,647.0
296283,303400,303401,7117,1,1,600,711.8
296284,303405,303411,7121,6,1,600,712.7
296286,303412,303413,7126,1,1,600,712.7
296287,303418,303420,7131,2,1,600,713.3
296288,303426,303427,7138,1,1,600,713.9
296290,303431,303432,7141,1,1,600,714.2
296291,303437,303440,7146,3,1,600,714.9
296292,303445,303447,7153,2,1,600,715.5
296293,303450,303451,7157,1,1,600,715.8
296295,303462,303463,7167,1,1,600,716.8
296296,303474,303476,7178,2,1,600,718.0
296297,303479,303480,7182,1,1,600,718.3
296299,303485,303487,7186,2,1,600,718.8
296300,303498,303499,7198,1,1,600,719.9
296301,303503,303505,7202,2,1,600,720.4
296302,303509,303512,7207,3,1,600,721.0
296304,303516,303518,7212,2,1,600,721.4
296305,303521,303523,7216,2,1,600,721.8
296306,303528,303530,7222,2,1,600,722.4
296308,303534,303535,7226,1,1,600,722.7
296309,303539,303541,7230,2,1,600,723.2
296310,303545,303547,7235,2,1,600,723.7
296311,303551,303554,7240,3,1,600,724.3
296313,303558,303559,7245,1,1,600,724.6
296314,303565,303566,7251,1,1,600,725.2
296315,303576,303578,7261,2,1,600,726.3
296317,303582,303584,7265,2,1,600,726.7
296318,303588,303590,7270,2,1,600,727.2
296319,303595,303596,7276,1,1,600,727.7
296320,303600,303603,7280,3,1,600,728.3
296322,303606,303608,7284,2,1,600,728.6
296323,303614,303615,7291,1,1,600,729.2
296324,303620,303624,7296,4,1,600,730.0
296326,303626,303627,7300,1,1,600,730.1
296327,303633,303640,7306,7,1,600,731.3
296328,303640,303641,7312,1,1,600,731.3
296329,303645,303649,7316,4,1,600,732.0
296331,303651,303653,7320,2,1,600,732.2
296332,303658,303660,7326,2,1,600,732.8
296333,303665,303666,7332,1,1,600,733.3
296335,303670,303673,7335,3,1,600,733.8
296336,303677,303678,7341,1,1,600,734.2
296337,303683,303686,7346,3,1,600,734.9
296338,303690,303691,7352,1,1,600,735.3
296450,296495,298092,45,1597,8,6000,1.02817783344
296492,296548,298149,56,1601,8,6000,1.03497813866
296544,296604,298227,60,1623,8,6000,1.03696857671
296607,296658,298270,51,1612,8,6000,1.03163771712
296660,297248,298866,588,1618,8,6000,1.36341161928
296687,349375,356010,52688,6635,2,14400,8.94091936699
296841,305175,305227,8334,52,4,600,161.269230769
296841,305072,305154,8231,82,4,600,101.37804878
296842,305245,305292,8403,47,4,600,179.787234043
297032,353471,362495,56439,9024,2,14400,7.25432180851
297242,297255,298880,13,1625,8,6000,1.008
297253,297274,298891,21,1617,8,6000,1.01298701299
297274,297313,298922,39,1609,8,6000,1.02423865755
297317,297387,298997,70,1610,8,6000,1.04347826087
297390,297407,299010,17,1603,8,6000,1.01060511541
297411,298080,299708,669,1628,8,6000,1.41093366093
297480,356021,360480,58541,4459,2,14400,14.1287284144
297505,485778,687106,188273,201328,1,259200,1.93515556703
297620,509736,690395,212116,180659,1,259200,2.17412362517
297703,510547,691710,212844,181163,1,259200,2.17487566446
297749,360491,367395,62742,6904,2,14400,10.0877752028
297778,511282,689915,213504,178633,1,259200,2.19521029149
297918,362507,367116,64589,4609,2,14400,15.0136689087
297990,364742,372171,66752,7429,2,14400,9.98532776955
298083,298104,302740,21,4636,5,9000,1.00452976704
298105,298161,303688,56,5527,5,9000,1.01013207889
298158,298168,302565,10,4397,5,9000,1.00227427792
298169,298240,302864,71,4624,5,9000,1.01535467128
298214,372182,790352,73968,418170,2,460800,1.17688499892
298232,298281,303436,49,5155,5,9000,1.00950533463
298274,298287,302784,13,4497,5,9000,1.0028908161
298285,298878,303550,593,4672,5,9000,1.12692636986
298868,298883,304124,15,5241,5,9000,1.00286204923
298880,298894,303470,14,4576,5,9000,1.00305944056
298891,298904,304316,13,5412,5,9000,1.00240206948
298902,298910,303825,8,4915,5,9000,1.0016276704
298913,298934,303371,21,4437,5,9000,1.00473292765
298924,299009,303724,85,4715,5,9000,1.01802757158
299008,299015,303716,7,4701,5,9000,1.00148904488
299019,299026,304837,7,5811,5,9000,1.00120461194
299020,299032,304128,12,5096,5,9000,1.00235478807
299031,299719,304624,688,4905,5,9000,1.14026503568
299718,301448,306511,1730,5063,5,9000,1.34169464744
300163,367129,370875,66966,3746,2,54000,18.8766684463
300241,513906,687860,213665,173954,1,259200,2.228284489
300321,515901,685667,215580,169766,1,259200,2.26986557968
300389,515906,682556,215517,166650,1,259200,2.29323132313
300483,516153,690618,215670,174465,1,259200,2.23617917634
300860,367407,378363,66547,10956,2,72000,7.07402336619
301001,516158,693127,215157,176969,1,259200,2.21578920602
301101,516970,686644,215869,169674,1,259200,2.2722573877
301198,370886,377785,69688,6899,2,72000,11.1011740832
301204,516975,682561,215771,165586,1,259200,2.3030751392
301279,520539,688332,219260,167793,1,259200,2.30672912458
301423,521490,684683,220067,163193,1,259200,2.3485075953
301444,302578,307610,1134,5032,5,9000,1.22535771065
301506,521496,679952,219990,158456,1,259200,2.38833493209
301579,521501,692184,219922,170683,1,259200,2.28848215698
301650,540438,691319,238788,150881,1,259200,2.58262471749
301812,540553,692882,238741,152329,1,259200,2.56727215435
302010,378374,388051,76364,9677,2,72000,8.89128862251
302290,388063,401585,85773,13522,2,72000,7.34321845881
302360,375522,467233,73162,91711,2,172800,1.79774509056
302365,377797,523819,75432,146022,2,172800,1.51657969347
302578,302753,308408,175,5655,5,9000,1.03094606543
302756,302796,308135,40,5339,5,9000,1.00749203971
302798,303393,307875,595,4482,5,9000,1.13275323516
302950,303695,303703,745,8,1,600,75.3
302951,303702,303703,751,1,1,600,75.2
302952,303714,303715,762,1,1,600,76.3
302954,303721,303722,767,1,1,600,76.8
302955,303726,303728,771,2,1,600,77.3
302957,303738,303740,781,2,1,600,78.3
303018,303751,303753,733,2,1,600,73.5
303020,303756,303758,736,2,1,600,73.8
303021,303768,303769,747,1,1,600,74.8
303023,303773,303775,750,2,1,600,75.2
303084,303780,303781,696,1,1,600,69.7
303085,303786,303788,701,2,1,600,70.3
303087,303791,303793,704,2,1,600,70.6
303088,303799,303800,711,1,1,600,71.2
303089,303811,303812,722,1,1,600,72.3
303151,303816,303817,665,1,1,600,66.6
303152,303823,303824,671,1,1,600,67.2
303154,303829,303831,675,2,1,600,67.7
303155,303834,303837,679,3,1,600,68.2
303156,303842,303848,686,6,1,600,69.2
303158,303854,303855,696,1,1,600,69.7
303219,303859,303860,640,1,1,600,64.1
303220,303871,303873,651,2,1,600,65.3
303222,303878,303879,656,1,1,600,65.7
303223,303883,303884,660,1,1,600,66.1
303225,303890,303892,665,2,1,600,66.7
303226,303897,303899,671,2,1,600,67.3
303227,303902,303904,675,2,1,600,67.7
303229,303909,303911,680,2,1,600,68.2
303230,303915,303916,685,1,1,600,68.6
303231,303920,303923,689,3,1,600,69.2
303233,303926,303928,693,2,1,600,69.5
303234,303934,303935,700,1,1,600,70.1
303295,303948,303950,653,2,1,600,65.5
303297,303961,303963,664,2,1,600,66.6
303298,303975,303976,677,1,1,600,67.8
303299,303987,303989,688,2,1,600,69.0
303301,304000,304003,699,3,1,600,70.2
303302,304015,304016,713,1,1,600,71.4
303303,304027,304029,724,2,1,600,72.6
303305,304040,304042,735,2,1,600,73.7
303306,304053,304054,747,1,1,600,74.8
303307,304066,304080,759,14,1,600,55.2142857143
303369,304092,304101,723,9,1,600,73.2
303370,304111,304113,741,2,1,600,74.3
303371,304125,304126,754,1,1,600,75.5
303373,304143,304148,770,5,1,600,77.5
303374,304159,304162,785,3,1,600,78.8
303375,304174,304178,799,4,1,600,80.3
303377,304191,304192,814,1,1,600,81.5
303378,304204,304205,826,1,1,600,82.7
303379,304217,304219,838,2,1,600,84.0
303381,304230,304232,849,2,1,600,85.1
303382,304243,304245,861,2,1,600,86.3
303383,304257,304258,874,1,1,600,87.5
303392,303467,308974,75,5507,5,9000,1.01361903033
303445,304269,304271,824,2,1,600,82.6
303446,304283,304285,837,2,1,600,83.9
303447,304296,304298,849,2,1,600,85.1
303449,304310,304311,861,1,1,600,86.2
303450,304323,304324,873,1,1,600,87.4
303451,304337,304339,886,2,1,600,88.8
303453,304351,304353,898,2,1,600,90.0
303454,304365,304366,911,1,1,600,91.2
303455,304378,304379,923,1,1,600,92.4
303457,304391,304393,934,2,1,600,93.6
303458,304405,304406,947,1,1,600,94.8
303465,303491,308430,26,4939,5,9000,1.00526422353
303487,303570,308126,83,4556,5,9000,1.01821773486
303519,304418,304424,899,6,1,600,90.5
303521,304436,304437,915,1,1,600,91.6
303522,304449,304450,927,1,1,600,92.8
303523,304461,304463,938,2,1,600,94.0
303525,304475,304476,950,1,1,600,95.1
303526,304492,304493,966,1,1,600,96.7
303527,304505,304506,978,1,1,600,97.9
303529,304518,304519,989,1,1,600,99.0
303530,304531,304532,1001,1,1,600,100.2
303571,303707,308138,136,4431,5,9000,1.03069284586
303591,304544,304545,953,1,1,600,95.4
303593,304557,304558,964,1,1,600,96.5
303594,304570,304572,976,2,1,600,97.8
303595,304584,304585,989,1,1,600,99.0
303597,304597,304605,1000,8,1,600,100.8
303598,304617,304618,1019,1,1,600,102.0
303599,304631,304632,1032,1,1,600,103.3
303601,304637,304643,1036,6,1,600,104.2
303602,304643,304645,1041,2,1,600,104.3
303603,304648,304651,1045,3,1,600,104.8
303605,304655,304656,1050,1,1,600,105.1
303666,304660,304661,994,1,1,600,99.5
303668,304667,304671,999,4,1,600,100.3
303669,304672,304673,1003,1,1,600,100.4
303670,304679,304681,1009,2,1,600,101.1
303672,304684,304686,1012,2,1,600,101.4
303673,304692,304693,1019,1,1,600,102.0
303674,304697,304699,1023,2,1,600,102.5
303676,304704,304707,1028,3,1,600,103.1
303677,304709,304711,1032,2,1,600,103.4
303679,304716,304717,1037,1,1,600,103.8
303680,304721,304723,1041,2,1,600,104.3
303682,304728,304730,1046,2,1,600,104.8
303707,303743,308667,36,4924,5,9000,1.00731112916
303728,303761,308599,33,4838,5,9000,1.00682100041
303743,304733,304735,990,2,1,600,99.2
303745,304741,304750,996,9,1,600,100.5
303746,304746,304749,1000,3,1,600,100.3
303747,304753,304754,1006,1,1,600,100.7
303749,304758,304773,1009,15,1,600,68.2666666667
303750,304765,304774,1015,9,1,600,102.4
303752,304770,304772,1018,2,1,600,102.0
303753,304777,304787,1024,10,1,600,103.4
303754,304784,304785,1030,1,1,600,103.1
303760,303847,308196,87,4349,5,9000,1.02000459876
303816,304790,304792,974,2,1,600,97.6
303817,304795,304797,978,2,1,600,98.0
303819,304803,304811,984,8,1,600,99.2
303820,304808,304809,988,1,1,600,98.9
303821,304815,304817,994,2,1,600,99.6
303823,304820,304821,997,1,1,600,99.8
303824,304827,304828,1003,1,1,600,100.4
303826,304832,304834,1006,2,1,600,100.8
303827,304839,304840,1012,1,1,600,101.3
303829,304844,304846,1015,2,1,600,101.7
303830,304851,304853,1021,2,1,600,102.3
303844,304136,308966,292,4830,5,9000,1.06045548654
303892,304856,304859,964,3,1,600,96.7
303893,304869,304871,976,2,1,600,97.8
303894,304874,304882,980,8,1,600,98.8
303896,304879,304894,983,15,1,600,66.5333333333
303898,304887,304888,989,1,1,600,99.0
303899,304892,304899,993,7,1,600,100.0
303900,304899,304900,999,1,1,600,100.0
303902,304906,304911,1004,5,1,600,100.9
303903,304911,304913,1008,2,1,600,101.0
303904,304919,304920,1015,1,1,600,101.6
303966,304924,304925,958,1,1,600,95.9
303967,304931,304933,964,2,1,600,96.6
303968,304936,304938,968,2,1,600,97.0
303970,304943,304946,973,3,1,600,97.6
303971,304948,304949,977,1,1,600,97.8
303973,304955,304956,982,1,1,600,98.3
303974,304960,304962,986,2,1,600,98.8
303975,304967,304970,992,3,1,600,99.5
304037,304972,304974,935,2,1,600,93.7
304038,304980,304981,942,1,1,600,94.3
304040,304985,304989,945,4,1,600,94.9
304041,304993,304994,952,1,1,600,95.3
304042,304998,305000,956,2,1,600,95.8
304104,305004,305006,900,2,1,600,90.2
304105,305011,305012,906,1,1,600,90.7
304107,305016,305018,909,2,1,600,91.1
304108,305023,305025,915,2,1,600,91.7
304137,304148,308629,11,4481,5,9000,1.00245480919
304148,304329,309644,181,5315,5,9000,1.03405456256
304169,305028,305037,859,9,1,600,86.8
304171,305035,305036,864,1,1,600,86.5
304172,305040,305042,868,2,1,600,87.0
304173,305047,305049,874,2,1,600,87.6
304235,305054,305055,819,1,1,600,82.0
304236,305059,305062,823,3,1,600,82.6
304238,305065,305066,827,1,1,600,82.8
304239,305077,305084,838,7,1,600,84.5
304240,305083,305084,843,1,1,600,84.4
304302,305090,305092,788,2,1,600,79.0
304303,305095,305097,792,2,1,600,79.4
304305,305102,305104,797,2,1,600,79.9
304306,305107,305113,801,6,1,600,80.7
304308,305115,305117,807,2,1,600,80.9
304325,304861,309882,536,5021,5,9000,1.1067516431
304369,305120,305122,751,2,1,600,75.3
304370,305127,305129,757,2,1,600,75.9
304372,305132,305133,760,1,1,600,76.1
304373,305139,305141,766,2,1,600,76.8
304374,305144,305146,770,2,1,600,77.2
304436,305151,305152,715,1,1,600,71.6
304437,305156,305157,719,1,1,600,72.0
304439,305163,305164,724,1,1,600,72.5
304440,305168,305170,728,2,1,600,73.0
304502,305180,305182,678,2,1,600,68.0
304503,305186,305188,683,2,1,600,68.5
304504,305203,305204,699,1,1,600,70.0
304506,305208,305210,702,2,1,600,70.4
304507,305214,305215,707,1,1,600,70.8
304568,305221,305223,653,2,1,600,65.5
304570,305226,305228,656,2,1,600,65.8
304571,305233,305234,662,1,1,600,66.3
304573,305238,305240,665,2,1,600,66.7
304574,305250,305253,676,3,1,600,67.9
304635,305255,305258,620,3,1,600,62.3
304637,305263,305264,626,1,1,600,62.7
304638,305268,305269,630,1,1,600,63.1
304640,305275,305277,635,2,1,600,63.7
304641,305280,305282,639,2,1,600,64.1
304702,305287,305289,585,2,1,600,58.7
304704,305292,305294,588,2,1,600,59.0
304705,306385,306392,1680,7,1,600,168.7
304707,539666,539672,234959,6,1,600,23496.5
304708,539684,539685,234976,1,1,600,23497.7
304710,539697,539698,234987,1,1,600,23498.8
304711,539710,539721,234999,11,1,600,21364.5454545
304712,539733,539734,235021,1,1,600,23502.2
304714,539745,539748,235031,3,1,600,23503.4
304715,539759,539761,235044,2,1,600,23504.6
304717,539773,539778,235056,5,1,600,23506.1
304718,539791,539792,235073,1,1,600,23507.4
304719,539804,539810,235085,6,1,600,23509.1
304781,539821,539824,235040,3,1,600,23504.3
304782,539835,539837,235053,2,1,600,23505.5
304784,539849,539851,235065,2,1,600,23506.7
304785,539863,539865,235078,2,1,600,23508.0
304787,539877,539878,235090,1,1,600,23509.1
304788,539890,539891,235102,1,1,600,23510.3
304789,539902,539904,235113,2,1,600,23511.5
304791,539916,539917,235125,1,1,600,23512.6
304792,539929,539964,235137,35,1,600,6719.2
304794,539975,539977,235181,2,1,600,23518.3
304795,539989,539990,235194,1,1,600,23519.5
304796,540002,540003,235206,1,1,600,23520.7
304798,540016,540017,235218,1,1,600,23521.9
304802,305433,306373,631,940,1,604800,1.67127659574
304847,305468,310686,621,5218,5,9000,1.11901111537
304859,540029,540030,235170,1,1,600,23517.1
304861,540042,540044,235181,2,1,600,23518.3
304862,550937,550942,246075,5,1,600,24608.0
304864,550942,550945,246078,3,1,600,24608.1
304865,550955,550956,246090,1,1,600,24609.1
304867,550962,550963,246095,1,1,600,24609.6
304868,550969,550970,246101,1,1,600,24610.2
304869,550976,550977,246107,1,1,600,24610.8
304871,550983,550986,246112,3,1,600,24611.5
304872,550990,550992,246118,2,1,600,24612.0
304874,550998,551000,246124,2,1,600,24612.6
304935,551006,551007,246071,1,1,600,24607.2
304937,551013,551015,246076,2,1,600,24607.8
304938,551020,551021,246082,1,1,600,24608.3
304940,551027,551028,246087,1,1,600,24608.8
304941,551034,551035,246093,1,1,600,24609.4
304942,551041,551043,246099,2,1,600,24610.1
304944,551048,551049,246104,1,1,600,24610.5
304945,551055,551057,246110,2,1,600,24611.2
304947,551062,551063,246115,1,1,600,24611.6
304948,551069,551070,246121,1,1,600,24612.2
304950,551076,551092,246126,16,1,600,15383.875
304951,551083,551088,246132,5,1,600,24613.7
304953,551100,551101,246147,1,1,600,24614.8
305014,551107,551108,246093,1,1,600,24609.4
305016,551114,551116,246098,2,1,600,24610.0
305017,551121,551124,246104,3,1,600,24610.7
305018,551128,551129,246110,1,1,600,24611.1
305020,551136,551142,246116,6,1,600,24612.2
305021,551142,551147,246121,5,1,600,24612.6
305023,551153,551155,246130,2,1,600,24613.2
305024,551161,551162,246137,1,1,600,24613.8
305026,551168,551170,246142,2,1,600,24614.4
305027,551175,551176,246148,1,1,600,24614.9
305028,551182,551184,246154,2,1,600,24615.6
305030,551189,551191,246159,2,1,600,24616.1
305031,551196,551199,246165,3,1,600,24616.8
305093,551202,551204,246109,2,1,600,24611.1
305094,551212,551213,246118,1,1,600,24611.9
305096,551224,551225,246128,1,1,600,24612.9
305097,551236,551237,246139,1,1,600,24614.0
305099,551249,551250,246150,1,1,600,24615.1
305100,551261,551263,246161,2,1,600,24616.3
305101,551273,551275,246172,2,1,600,24617.4
305103,551285,551286,246182,1,1,600,24618.3
305104,551292,551293,246188,1,1,600,24618.9
305106,551299,551300,246193,1,1,600,24619.4
305107,551306,551307,246199,1,1,600,24620.0
305169,551313,551319,246144,6,1,600,24615.0
305170,551319,551321,246149,2,1,600,24615.1
305172,551331,551334,246159,3,1,600,24616.2
305173,551338,551341,246165,3,1,600,24616.8
305174,551346,551347,246172,1,1,600,24617.3
305176,551353,551354,246177,1,1,600,24617.8
305177,551360,551361,246183,1,1,600,24618.4
305179,551367,551368,246188,1,1,600,24618.9
305180,551374,551375,246194,1,1,600,24619.5
305181,551381,551382,246200,1,1,600,24620.1
305183,551388,551389,246205,1,1,600,24620.6
305184,551394,551396,246210,2,1,600,24621.2
305246,551402,551403,246156,1,1,600,24615.7
305247,551409,551410,246162,1,1,600,24616.3
305249,551416,551417,246167,1,1,600,24616.8
305250,551423,551424,246173,1,1,600,24617.4
305251,551430,551431,246179,1,1,600,24618.0
305253,551437,551438,246184,1,1,600,24618.5
305254,551444,551449,246190,5,1,600,24619.5
305255,551450,551452,246195,2,1,600,24619.7
305257,551461,551462,246204,1,1,600,24620.5
305258,551468,551469,246210,1,1,600,24621.1
305320,551475,551476,246155,1,1,600,24615.6
305321,551482,551483,246161,1,1,600,24616.2
305323,551489,551490,246166,1,1,600,24616.7
305324,551496,551497,246172,1,1,600,24617.3
305325,551503,551504,246178,1,1,600,24617.9
305327,551510,551511,246183,1,1,600,24618.4
305328,551516,551528,246188,12,1,600,20516.6666667
305471,306522,311046,1051,4524,5,9000,1.23231653404
306411,551524,551525,245113,1,1,600,24511.4
306528,307622,312119,1094,4497,5,9000,1.24327329331
306648,401596,449460,94948,47864,2,72000,2.98370382751
307270,540068,576114,232798,36046,1,36000,7.4583587638
307463,540180,576205,232717,36025,1,36000,7.45987508675
307621,307886,313628,265,5742,5,9000,1.04615116684
307633,509216,512851,201583,3635,4,3600,56.4561210454
307882,308137,312580,255,4443,5,9000,1.05739365294
308143,308150,312407,7,4257,5,9000,1.00164435048
308144,308156,313574,12,5418,5,9000,1.00221483942
308156,308208,312859,52,4651,5,9000,1.01118039131
308208,308420,313848,212,5428,5,9000,1.03905674282
308418,308442,313064,24,4622,5,9000,1.00519255733
308439,308610,313603,171,4993,5,9000,1.03424794713
308606,308640,313317,34,4677,5,9000,1.00726961728
308638,308678,313644,40,4966,5,9000,1.00805477245
308681,308978,313836,297,4858,5,9000,1.06113627007
308852,345724,349358,36872,3634,8,3600,11.1463951569
308983,308990,314242,7,5252,5,9000,1.00133282559
308994,309656,313968,662,4312,5,9000,1.15352504638
309088,342078,345713,32990,3635,12,3600,10.07565337
309282,338439,342061,29157,3622,43,3600,9.04997239094
309656,309894,314847,238,4953,5,9000,1.04805168585
309899,311058,315719,1159,4661,5,9000,1.24865908603
311056,312131,317277,1075,5146,5,9000,1.2089001166
312129,312419,318431,290,6012,5,9000,1.04823685961
312411,312591,318437,180,5846,5,9000,1.03079028395
312588,312870,318231,282,5361,5,9000,1.05260212647
312859,313077,317580,218,4503,5,9000,1.04841216966
313068,313329,317881,261,4552,5,9000,1.05733743409
313256,409878,410314,96622,436,2,10800,222.610091743
313321,313586,318666,265,5080,5,9000,1.05216535433
313522,410325,410528,96803,203,2,10800,477.862068966
313582,313615,318895,33,5280,5,9000,1.00625
313603,313641,318199,38,4558,5,9000,1.00833698991
313636,313656,318233,20,4577,5,9000,1.00436967446
313647,313849,318348,202,4499,5,9000,1.04489886641
313655,346362,346373,32707,11,8,3600,2974.36363636
313845,313860,318461,15,4601,5,9000,1.00326016083
313857,313980,318603,123,4623,5,9000,1.02660609994
313972,314253,319323,281,5070,5,9000,1.05542406312
314247,314860,320342,613,5482,5,9000,1.11182050347
314851,315732,320207,881,4475,5,9000,1.19687150838
315728,317289,323065,1561,5776,5,9000,1.27025623269
317279,317591,323039,312,5448,5,9000,1.05726872247
317582,317893,323102,311,5209,5,9000,1.05970435784
317885,318210,322878,325,4668,5,9000,1.06962296487
318208,318242,322890,34,4648,5,9000,1.00731497418
318240,318248,323315,8,5067,5,9000,1.0015788435
318240,318361,322866,121,4505,5,9000,1.0268590455
318356,318442,323008,86,4566,5,9000,1.0188348664
318439,318449,324134,10,5685,5,9000,1.00175901495
318440,318474,324061,34,5587,5,9000,1.00608555575
318472,318615,323207,143,4592,5,9000,1.03114111498
318608,318678,323192,70,4514,5,9000,1.01550731059
318671,318907,323557,236,4650,5,9000,1.05075268817
318766,551663,557598,232897,5935,1,88800,40.2412805392
318901,319335,324487,434,5152,5,9000,1.08423913043
319328,320218,326031,890,5813,5,9000,1.15310510924
320213,320355,325341,142,4986,5,9000,1.02847974328
320275,417993,419217,97718,1224,12,21600,80.8349673203
320350,322878,328174,2528,5296,5,9000,1.47734138973
322868,322890,327880,22,4990,5,9000,1.00440881764
322879,322903,328519,24,5616,5,9000,1.00427350427
322901,323020,328357,119,5337,5,9000,1.0222971707
323016,323051,328242,35,5191,5,9000,1.00674243884
323048,323076,327989,28,4913,5,9000,1.00569916548
323070,323114,327842,44,4728,5,9000,1.00930626058
323112,323204,327804,92,4600,5,9000,1.02
323196,323220,328345,24,5125,5,9000,1.00468292683
323217,323327,328128,110,4801,5,9000,1.02291189336
323322,323569,328153,247,4584,5,9000,1.05388307155
323562,324073,328667,511,4594,5,9000,1.11123204179
324071,324499,326134,428,1635,8,6000,1.26177370031
324144,325353,326970,1209,1617,8,6000,1.74768089054
324500,326147,327750,1647,1603,8,6000,2.027448534
325238,342072,346351,16834,4279,25,7200,4.93409675158
326039,326983,328602,944,1619,8,6000,1.58307597282
326144,327761,329368,1617,1607,8,6000,2.00622277536
326980,327816,329417,836,1601,8,6000,1.52217364147
327763,327892,329491,129,1599,8,6000,1.08067542214
327816,328002,329614,186,1612,8,6000,1.11538461538
327889,328165,329766,276,1601,8,6000,1.17239225484
328129,328254,329875,125,1621,8,6000,1.07711289328
328161,328357,329980,196,1623,8,6000,1.12076401725
328256,328531,330153,275,1622,8,6000,1.16954377312
328361,328615,330239,254,1624,8,6000,1.15640394089
328528,328679,330294,151,1615,8,6000,1.09349845201
328612,329380,330982,768,1602,8,6000,1.47940074906
329373,329430,331034,57,1604,8,6000,1.0355361596
329426,329504,331108,78,1604,8,6000,1.04862842893
329500,329627,331251,127,1624,8,6000,1.07820197044
329615,329779,331407,164,1628,8,6000,1.10073710074
329772,329887,331505,115,1618,8,6000,1.07107540173
329877,329992,331589,115,1597,8,6000,1.07201001879
329982,330165,331780,183,1615,8,6000,1.1133126935
330160,330251,331870,91,1619,8,6000,1.05620753552
330244,330307,331924,63,1617,8,6000,1.03896103896
330297,330994,332605,697,1611,8,6000,1.43265052762
330985,331046,332648,61,1602,8,6000,1.03807740325
331038,331120,332729,82,1609,8,6000,1.05096333126
331111,331264,332878,153,1614,8,6000,1.09479553903
331258,331419,333026,161,1607,8,6000,1.10018668326
331415,331517,333123,102,1606,8,6000,1.06351183064
331509,331600,333209,91,1609,8,6000,1.05655686762
331593,331792,333420,199,1628,8,6000,1.12223587224
331782,331882,333484,100,1602,8,6000,1.06242197253
331876,331936,333533,60,1597,8,6000,1.03757044458
331929,332617,334213,688,1596,8,6000,1.43107769424
332607,332660,334265,53,1605,8,6000,1.03302180685
332649,332742,334351,93,1609,8,6000,1.0577998757
332733,332890,334490,157,1600,8,6000,1.098125
332880,333039,334666,159,1627,8,6000,1.09772587585
333037,333134,334760,97,1626,8,6000,1.05965559656
333131,333221,334831,90,1610,8,6000,1.05590062112
333215,333432,335027,217,1595,8,6000,1.13605015674
333424,333497,335098,73,1601,8,6000,1.04559650219
333487,333545,335160,58,1615,8,6000,1.03591331269
333540,334225,335831,685,1606,8,6000,1.42652552927
334218,334277,335884,59,1607,8,6000,1.03671437461
334270,334364,335977,94,1613,8,6000,1.05827650341
334355,334501,336116,146,1615,8,6000,1.09040247678
334491,334678,336288,187,1610,8,6000,1.11614906832
334668,334773,336380,105,1607,8,6000,1.06533914126
334763,334843,336516,80,1673,8,6000,1.0478182905
334837,335040,336673,203,1633,8,6000,1.12431108389
335035,335110,336710,75,1600,8,6000,1.046875
335109,335172,336782,63,1610,8,6000,1.03913043478
335162,335843,337454,681,1611,8,6000,1.42271880819
335839,335896,337522,57,1626,8,6000,1.03505535055
335892,335989,337609,97,1620,8,6000,1.05987654321
335986,336129,337746,143,1617,8,6000,1.08843537415
336122,336300,337923,178,1623,8,6000,1.10967344424
336290,336393,338027,103,1634,8,6000,1.06303549572
336384,336528,338153,144,1625,8,6000,1.08861538462
336520,336685,338283,165,1598,8,6000,1.10325406758
336677,336722,338339,45,1617,8,6000,1.02782931354
336720,336794,338427,74,1633,8,6000,1.04531537048
336793,337467,339096,674,1629,8,6000,1.41375076734
337460,337534,339146,74,1612,8,6000,1.0459057072
337523,337621,339266,98,1645,8,6000,1.05957446809
337618,337758,339393,140,1635,8,6000,1.08562691131
337754,337935,339537,181,1602,8,6000,1.11298377029
337932,338041,339673,109,1632,8,6000,1.06678921569
338037,338165,339778,128,1613,8,6000,1.07935523869
338162,338294,339900,132,1606,8,6000,1.08219178082
338288,338351,339995,63,1644,8,6000,1.03832116788
338342,338455,340093,113,1638,8,6000,1.06898656899
338436,339108,340732,672,1624,8,6000,1.41379310345
339103,339158,340792,55,1634,8,6000,1.03365973072
339156,339278,340903,122,1625,8,6000,1.07507692308
339271,339404,341026,133,1622,8,6000,1.08199753391
339397,339549,341186,152,1637,8,6000,1.09285277947
339543,339685,341307,142,1622,8,6000,1.08754623921
339679,339790,341415,111,1625,8,6000,1.06830769231
339784,339913,341527,129,1614,8,6000,1.07992565056
339910,340008,341647,98,1639,8,6000,1.05979255644
340004,340105,341744,101,1639,8,6000,1.06162294082
340098,340744,342367,646,1623,8,6000,1.39802834258
340734,340805,342443,71,1638,8,6000,1.04334554335
340797,340915,342546,118,1631,8,6000,1.07234825261
340913,341039,342673,126,1634,8,6000,1.07711138311
341028,341198,342813,170,1615,8,6000,1.10526315789
341195,341319,342958,124,1639,8,6000,1.07565588774
341310,341427,343059,117,1632,8,6000,1.07169117647
341426,341539,343166,113,1627,8,6000,1.06945298095
341530,341660,343342,130,1682,8,6000,1.07728894174
341656,341756,343404,100,1648,8,6000,1.06067961165
341750,342378,344008,628,1630,8,6000,1.38527607362
342295,506671,513888,164376,7217,4,7200,23.7762228073
342375,342455,344098,80,1643,8,6000,1.04869141814
342449,342558,344190,109,1632,8,6000,1.06678921569
342554,342684,344315,130,1631,8,6000,1.07970570202
342679,342825,344445,146,1620,8,6000,1.09012345679
342815,342970,344588,155,1618,8,6000,1.09579728059
342960,343071,348438,111,5367,5,9000,1.02068194522
343065,343178,348483,113,5305,5,9000,1.02130065975
343076,343183,348645,107,5462,5,9000,1.01958989381
343180,343353,348680,173,5327,5,9000,1.03247606533
343181,343359,348592,178,5233,5,9000,1.03401490541
343359,343415,348569,56,5154,5,9000,1.0108653473
343412,344025,348517,613,4492,5,9000,1.13646482636
343412,344019,349102,607,5083,5,9000,1.11941766673
344016,344110,349032,94,4922,5,9000,1.01909792767
344100,344202,349443,102,5241,5,9000,1.01946193475
344111,344207,348679,96,4472,5,9000,1.02146690519
344206,344332,349714,126,5382,5,9000,1.02341137124
344206,344327,348755,121,4428,5,9000,1.02732610659
344332,344457,349168,125,4711,5,9000,1.02653364466
344447,344601,349755,154,5154,5,9000,1.02987970508
344458,344606,349408,148,4802,5,9000,1.03082049146
344605,345730,350058,1125,4328,5,9000,1.25993530499
345730,346474,351239,744,4765,5,9000,1.15613850997
346470,346907,351862,437,4955,5,9000,1.08819374369
346908,346935,352608,27,5673,5,9000,1.00475938657
346940,348450,353359,1510,4909,5,9000,1.30759828886
348451,348495,353465,44,4970,5,9000,1.00885311871
348494,348529,353907,35,5378,5,9000,1.00650799554
348526,348581,353562,55,4981,5,9000,1.01104195945
348579,348603,354077,24,5474,5,9000,1.00438436244
348600,348658,354196,58,5538,5,9000,1.01047309498
348664,348692,353186,28,4494,5,9000,1.0062305296
348696,348706,353947,10,5241,5,9000,1.00190803282
348707,348767,353928,60,5161,5,9000,1.01162565394
348770,349044,353794,274,4750,5,9000,1.05768421053
349041,349114,353446,73,4332,5,9000,1.01685133887
349115,349181,353976,66,4795,5,9000,1.01376433785
349178,349370,354440,192,5070,5,9000,1.03786982249
349366,349420,354060,54,4640,5,9000,1.01163793103
349419,349454,354512,35,5058,5,9000,1.00691973112
349451,349726,354296,275,4570,5,9000,1.0601750547
349722,349766,355192,44,5426,5,9000,1.00810910431
349765,350070,355350,305,5280,5,9000,1.05776515152
350067,351251,356700,1184,5449,5,9000,1.2172875757
350919,410540,426555,59621,16015,2,21600,4.72282235404
351255,351874,356491,619,4617,5,9000,1.13406974226
351870,352620,357098,750,4478,5,9000,1.16748548459
352620,353199,358383,579,5184,5,9000,1.11168981481
353203,353372,357916,169,4544,5,9000,1.03719190141
353370,353457,357963,87,4506,5,9000,1.01930758988
353454,353478,359271,24,5793,5,9000,1.00414293112
353476,353574,358435,98,4861,5,9000,1.02016046081
353570,353807,359289,237,5482,5,9000,1.04323239694
353813,353918,358695,105,4777,5,9000,1.02198032238
353918,353940,358911,22,4971,5,9000,1.00442566888
353939,353959,358593,20,4634,5,9000,1.00431592577
353961,353988,358796,27,4808,5,9000,1.0056156406
353993,354071,359032,78,4961,5,9000,1.01572263657
354077,354089,359494,12,5405,5,9000,1.00222016651
354088,354207,358446,119,4239,5,9000,1.02807265865
354213,354308,359110,95,4802,5,9000,1.01978342357
354234,578902,578903,224668,1,1,3600,22466.9
354308,354452,359040,144,4588,5,9000,1.03138622493
354454,354523,359852,69,5329,5,9000,1.01294802027
354528,355203,360632,675,5429,5,9000,1.12433228956
355206,355362,360848,156,5486,5,9000,1.02843601896
355363,356502,361817,1139,5315,5,9000,1.21429915334
356498,356711,361427,213,4716,5,9000,1.0451653944
356717,357109,361490,392,4381,5,9000,1.08947728829
357113,357928,363075,815,5147,5,9000,1.1583446668
357929,357974,363330,45,5356,5,9000,1.00840179238
357971,358394,362921,423,4527,5,9000,1.09343936382
358398,358448,363136,50,4688,5,9000,1.01066552901
358451,358457,362990,6,4533,5,9000,1.00132362674
358462,358605,363068,143,4463,5,9000,1.03204122787
358609,358707,363576,98,4869,5,9000,1.02012733621
358703,358808,363874,105,5066,5,9000,1.02072641137
358808,358924,364584,116,5660,5,9000,1.02049469965
358923,359044,363623,121,4579,5,9000,1.02642498362
359049,359123,364703,74,5580,5,9000,1.01326164875
359122,359282,364881,160,5599,5,9000,1.02857653152
359279,359302,364547,23,5245,5,9000,1.00438512869
359300,359505,364048,205,4543,5,9000,1.04512436716
359509,359863,364478,354,4615,5,9000,1.0767063922
359863,360644,365723,781,5079,5,9000,1.15377042725
360644,360859,365529,215,4670,5,9000,1.0460385439
360863,361439,365933,576,4494,5,9000,1.12817089453
361436,361502,367167,66,5665,5,9000,1.01165048544
361499,361830,367267,331,5437,5,9000,1.0608791613
361833,362933,367627,1100,4694,5,9000,1.23434171282
362936,363003,367536,67,4533,5,9000,1.01478049857
363000,363079,367592,79,4513,5,9000,1.0175049856
363083,363090,368566,7,5476,5,9000,1.00127830533
363095,363147,368704,52,5557,5,9000,1.00935756703
363147,363341,368690,194,5349,5,9000,1.03626846139
363345,363587,368931,242,5344,5,9000,1.04528443114
363585,363635,368237,50,4602,5,9000,1.01086484137
363638,363885,369219,247,5334,5,9000,1.04630671166
363888,364061,369177,173,5116,5,9000,1.03381548084
364066,364490,369665,424,5175,5,9000,1.08193236715
364493,364558,369787,65,5229,5,9000,1.01243067508
364556,364595,368984,39,4389,5,9000,1.00888585099
364598,364715,369355,117,4640,5,9000,1.02521551724
364714,364892,370006,178,5114,5,9000,1.03480641377
364892,365540,370412,648,4872,5,9000,1.13300492611
365537,365734,370350,197,4616,5,9000,1.04267764298
365736,365944,370525,208,4581,5,9000,1.04540493342
365942,367179,371963,1237,4784,5,9000,1.25857023411
367182,367278,372604,96,5326,5,9000,1.01802478408
367276,367548,372082,272,4534,5,9000,1.05999117777
367548,367604,372579,56,4975,5,9000,1.01125628141
367601,367639,372797,38,5158,5,9000,1.00736719659
367644,368249,372809,605,4560,5,9000,1.1326754386
368248,368578,373351,330,4773,5,9000,1.06913890635
368581,368702,374631,121,5929,5,9000,1.02040816327
368707,368715,373311,8,4596,5,9000,1.00174064404
368718,368942,374177,224,5235,5,9000,1.04278892073
368948,368996,374108,48,5112,5,9000,1.00938967136
369001,369190,373642,189,4452,5,9000,1.04245283019
369189,369232,374137,43,4905,5,9000,1.00876656473
369231,369367,374210,136,4843,5,9000,1.0280817675
369367,369676,375496,309,5820,5,9000,1.05309278351
369680,369798,374963,118,5165,5,9000,1.02284607938
369795,370019,374836,224,4817,5,9000,1.04650197218
370024,370362,375489,338,5127,5,9000,1.06592549249
370358,370423,375817,65,5394,5,9000,1.0120504264
370421,370538,375765,117,5227,5,9000,1.02238377654
370536,371974,377424,1438,5450,5,9000,1.26385321101
371973,372094,376503,121,4409,5,9000,1.02744386482
372098,372590,377848,492,5258,5,9000,1.09357170027
372588,372616,377964,28,5348,5,9000,1.00523560209
372620,372808,377596,188,4788,5,9000,1.03926482874
372808,372820,377385,12,4565,5,9000,1.0026286966
372819,373322,378186,503,4864,5,9000,1.10341282895
373319,373362,378169,43,4807,5,9000,1.00894528812
373362,373655,377994,293,4339,5,9000,1.06752707997
373452,541114,713947,167662,172833,1,172800,1.97008094519
373654,374119,379163,465,5044,5,9000,1.0921887391
374123,374149,378595,26,4446,5,9000,1.00584795322
374155,374188,380271,33,6083,5,9000,1.00542495479
374187,374221,379294,34,5073,5,9000,1.00670214863
374219,374642,380031,423,5389,5,9000,1.07849322694
374646,374847,379193,201,4346,5,9000,1.04624942476
374845,374975,379436,130,4461,5,9000,1.02914144811
374970,375501,380858,531,5357,5,9000,1.09912264327
375502,375508,380080,6,4572,5,9000,1.00131233596
375513,375777,380139,264,4362,5,9000,1.06052269601
375774,375829,381512,55,5683,5,9000,1.00967798698
375826,376515,381382,689,4867,5,9000,1.14156564619
376271,558326,562409,182055,4083,25,7200,45.5885378398
376517,377397,382660,880,5263,5,9000,1.16720501615
377401,377860,379455,459,1595,8,6000,1.28777429467
377415,410482,464511,33067,54029,2,54000,1.61202317274
377825,449472,451348,71647,1876,2,14400,39.1913646055
377859,378181,379796,322,1615,8,6000,1.19938080495
378172,378198,379807,26,1609,8,6000,1.01615910503
378193,379174,380778,981,1604,8,6000,1.61159600998
378752,383334,541549,4582,158215,6,604800,1.0289605916
378846,383448,558253,4602,174805,6,604800,1.02632647808
379111,394359,472434,15248,78075,6,604800,1.19529939161
379147,419228,472435,40081,53207,6,604800,1.75330313681
379171,379206,380819,35,1613,8,6000,1.02169869808
379173,419234,472437,40061,53203,6,604800,1.75298385429
379203,379448,381057,245,1609,8,6000,1.15226848975
379453,379466,381069,13,1603,8,6000,1.00810979414
379465,379808,381433,343,1625,8,6000,1.21107692308
379809,379818,381414,9,1596,8,6000,1.00563909774
379820,380092,381690,272,1598,8,6000,1.17021276596
380091,380150,381757,59,1607,8,6000,1.03671437461
380154,380678,382281,524,1603,8,6000,1.32688708671
380674,380789,382399,115,1610,8,6000,1.07142857143
380789,380830,382494,41,1664,8,6000,1.02463942308
380832,381068,382673,236,1605,8,6000,1.14704049844
381062,381082,382693,20,1611,8,6000,1.01241464929
381073,381394,383001,321,1607,8,6000,1.19975108899
381398,381426,383047,28,1621,8,6000,1.01727328809
381430,381445,383062,15,1617,8,6000,1.00927643785
381441,381703,383310,262,1607,8,6000,1.16303671437
381692,381769,383373,77,1604,8,6000,1.04800498753
381765,382293,383915,528,1622,8,6000,1.32552404439
382286,382411,384013,125,1602,8,6000,1.07802746567
382401,382506,384119,105,1613,8,6000,1.06509609423
382495,382672,384274,177,1602,8,6000,1.11048689139
382672,382686,384301,14,1615,8,6000,1.00866873065
382683,382704,384307,21,1603,8,6000,1.01310043668
382705,383013,384622,308,1609,8,6000,1.19142324425
383017,383058,384666,41,1608,8,6000,1.02549751244
383060,383074,384691,14,1617,8,6000,1.00865800866
383071,383322,384919,251,1597,8,6000,1.15716969317
383321,383384,384989,63,1605,8,6000,1.03925233645
383384,383927,385543,543,1616,8,6000,1.33601485149
383925,384025,385626,100,1601,8,6000,1.0624609619
384030,384131,385746,101,1615,8,6000,1.06253869969
384134,384285,385908,151,1623,8,6000,1.09303758472
384291,384314,385937,23,1623,8,6000,1.01417128774
384313,384321,385936,8,1615,8,6000,1.00495356037
384324,384633,386239,309,1606,8,6000,1.19240348692
384636,384678,386301,42,1623,8,6000,1.0258780037
384678,384703,386328,25,1625,8,6000,1.01538461538
384700,384931,386553,231,1622,8,6000,1.14241676942
384929,385000,386630,71,1630,8,6000,1.04355828221
385003,385555,387172,552,1617,8,6000,1.3413729128
385554,385638,387263,84,1625,8,6000,1.05169230769
385638,385758,387379,120,1621,8,6000,1.07402837754
385763,385920,387543,157,1623,8,6000,1.09673444239
385919,385947,387608,28,1661,8,6000,1.01685731487
385941,385953,387575,12,1622,8,6000,1.00739827374
385952,386250,387857,298,1607,8,6000,1.18543870566
386254,386313,387955,59,1642,8,6000,1.0359317905
386317,386339,388018,22,1679,8,6000,1.01310303752
386338,386564,388190,226,1626,8,6000,1.13899138991
386536,562420,706236,175884,143816,18,198000,2.22297936252
386568,386641,388256,73,1615,8,6000,1.04520123839
386626,679946,828339,293320,148393,18,198000,2.97664310311
386641,387184,388801,543,1617,8,6000,1.33580705009
387183,387274,388905,91,1631,8,6000,1.05579399142
387280,387390,389010,110,1620,8,6000,1.06790123457
387395,387554,389170,159,1616,8,6000,1.09839108911
387551,387586,389284,35,1698,8,6000,1.02061248528
387584,387620,389246,36,1626,8,6000,1.0221402214
387617,387691,389331,74,1640,8,6000,1.04512195122
387691,387869,389479,178,1610,8,6000,1.11055900621
387871,387966,389610,95,1644,8,6000,1.05778588808
387966,388030,389640,64,1610,8,6000,1.0397515528
388030,388201,389826,171,1625,8,6000,1.10523076923
388197,388267,389877,70,1610,8,6000,1.04347826087
388254,449665,456855,61411,7190,2,36000,9.54116828929
388272,388813,390429,541,1616,8,6000,1.33477722772
388816,388916,390570,100,1654,8,6000,1.06045949214
388921,389022,390643,101,1621,8,6000,1.06230721777
389027,389181,390809,154,1628,8,6000,1.09459459459
389184,389258,390876,74,1618,8,6000,1.0457354759
389258,389296,390914,38,1618,8,6000,1.02348578492
389300,389342,390956,42,1614,8,6000,1.02602230483
389343,389491,391131,148,1640,8,6000,1.09024390244
389489,389621,391239,132,1618,8,6000,1.08158220025
389626,389653,391293,27,1640,8,6000,1.01646341463
389658,389837,391452,179,1615,8,6000,1.11083591331
389836,389888,391501,52,1613,8,6000,1.03223806572
389889,390442,392071,553,1629,8,6000,1.33947206875
390305,390967,391072,662,105,8,3600,7.30476190476
390443,390582,392203,139,1621,8,6000,1.08574953732
390579,390655,392289,76,1634,8,6000,1.04651162791
390653,390821,392444,168,1623,8,6000,1.10351201479
390821,390889,392518,68,1629,8,6000,1.04174340086
390884,390926,392609,42,1683,8,6000,1.02495543672
390927,391083,392706,156,1623,8,6000,1.09611829945
391084,391143,392770,59,1627,8,6000,1.03626306085
391148,391251,392887,103,1636,8,6000,1.06295843521
391253,391305,392929,52,1624,8,6000,1.03201970443
391306,391463,393092,157,1629,8,6000,1.0963781461
391464,391514,393133,50,1619,8,6000,1.03088326127
391518,392083,393693,565,1610,8,6000,1.35093167702
392087,392214,393846,127,1632,8,6000,1.07781862745
392213,392301,393922,88,1621,8,6000,1.05428747687
392297,392456,394086,159,1630,8,6000,1.09754601227
392455,392531,394151,76,1620,8,6000,1.04691358025
392529,392620,394240,91,1620,8,6000,1.05617283951
392623,392718,394347,95,1629,8,6000,1.05831798649
392718,392781,394405,63,1624,8,6000,1.03879310345
392782,392898,394514,116,1616,8,6000,1.07178217822
392897,392942,394559,45,1617,8,6000,1.02782931354
392947,393103,398550,156,5447,5,9000,1.02863961814
393105,393144,398559,39,5415,5,9000,1.00720221607
393147,393153,398426,6,5273,5,9000,1.00113787218
393158,393705,399140,547,5435,5,9000,1.10064397424
393211,542506,601836,149295,59330,1,86400,3.5163492331
393702,393858,398806,156,4948,5,9000,1.03152789006
393859,393866,398649,7,4783,5,9000,1.00146351662
393871,393934,399517,63,5583,5,9000,1.01128425578
393934,393940,398538,6,4598,5,9000,1.00130491518
393945,394098,398731,153,4633,5,9000,1.03302395856
394103,394162,399381,59,5219,5,9000,1.01130484767
394166,394172,398934,6,4762,5,9000,1.0012599748
394177,394252,398882,75,4630,5,9000,1.0161987041
394252,394364,399712,112,5348,5,9000,1.02094240838
394368,394418,398985,50,4567,5,9000,1.01094810598
394421,394526,399442,105,4916,5,9000,1.02135882832
394515,394531,399233,16,4702,5,9000,1.00340280732
394537,394571,398975,34,4404,5,9000,1.00772025431
394569,394578,399322,9,4744,5,9000,1.00189713322
394580,398438,403184,3858,4746,5,9000,1.81289506953
396953,578963,600608,182010,21645,1,21600,9.40887040887
398437,398551,404745,114,6194,5,9000,1.01840490798
398553,398562,403835,9,5273,5,9000,1.00170680827
398564,398570,403502,6,4932,5,9000,1.00121654501
398575,398662,403926,87,5264,5,9000,1.01652735562
398659,398743,404015,84,5272,5,9000,1.01593323217
398744,398818,404342,74,5524,5,9000,1.01339608979
398818,398893,404332,75,5439,5,9000,1.0137892995
398891,398946,403344,55,4398,5,9000,1.0125056844
398944,398987,404356,43,5369,5,9000,1.00800894021
398987,398996,404040,9,5044,5,9000,1.00178429818
398998,399157,403775,159,4618,5,9000,1.03443048939
399156,399246,403865,90,4619,5,9000,1.01948473696
399251,399334,404155,83,4821,5,9000,1.01721634516
399335,399393,404360,58,4967,5,9000,1.01167706865
399343,575007,661440,175664,86433,8,86400,3.03237189499
399388,399454,404050,66,4596,5,9000,1.01436031332
399452,399528,404548,76,5020,5,9000,1.01513944223
399526,399724,404429,198,4705,5,9000,1.04208289054
399726,402441,408282,2715,5841,5,9000,1.46481766821
401479,451361,458517,49882,7156,2,21600,7.97065399665
401948,456867,469352,54919,12485,2,32400,5.39879855827
402446,403196,408182,750,4986,5,9000,1.1504211793
402582,650371,650372,247789,1,1,3600,24779.0
402587,413940,427946,11353,14006,8,28800,1.81058117949
403044,426567,491410,23523,64843,2,64800,1.36276853323
403082,429736,494587,26654,64851,2,64800,1.41100368537
403097,430972,449654,27875,18682,2,64800,2.49207793598
403117,433880,438744,30763,4864,2,64800,7.32462993421
403201,403356,409034,155,5678,5,9000,1.02729834449
403358,403513,408003,155,4490,5,9000,1.03452115813
403516,403787,408291,271,4504,5,9000,1.0601687389
403523,458528,458767,55005,239,2,21600,231.146443515
403789,403848,409152,59,5304,5,9000,1.01112368024
403852,403877,408305,25,4428,5,9000,1.00564588979
403874,403938,408229,64,4291,5,9000,1.01491493824
403938,404026,409853,88,5827,5,9000,1.01510211086
404023,404052,409026,29,4974,5,9000,1.00583031765
404055,404061,409644,6,5583,5,9000,1.00107469103
404066,404167,408922,101,4755,5,9000,1.02124079916
404110,458779,459816,54669,1037,2,21600,53.7184185149
404172,404344,409367,172,5023,5,9000,1.03424248457
404340,404354,408845,14,4491,5,9000,1.0031173458
404351,404368,409404,17,5036,5,9000,1.003375695
404373,404379,409275,6,4896,5,9000,1.0012254902
404384,404440,409557,56,5117,5,9000,1.01094391245
404437,404560,408815,123,4255,5,9000,1.02890716804
404563,404756,409869,193,5113,5,9000,1.03774691962
404602,459827,460888,55225,1061,2,32400,53.0499528746
404752,408194,412756,3442,4562,5,9000,1.75449364314
405774,679953,679956,274179,3,16,604800,27418.2
408198,408241,413272,43,5031,5,9000,1.00854700855
408240,408322,413837,82,5515,5,9000,1.01486854034
408314,408327,413855,13,5528,5,9000,1.00235166425
408325,408827,413911,502,5084,5,9000,1.0987411487
408829,408856,413416,27,4560,5,9000,1.00592105263
408861,408934,413460,73,4526,5,9000,1.01612903226
408935,409039,414512,104,5473,5,9000,1.0190023753
409040,409046,414262,6,5216,5,9000,1.00115030675
409051,409164,413916,113,4752,5,9000,1.02377946128
409167,409288,413854,121,4566,5,9000,1.02650021901
409294,409379,413873,85,4494,5,9000,1.0189141077
409378,409417,413878,39,4461,5,9000,1.00874243443
409421,409570,414397,149,4827,5,9000,1.03086803398
409470,460899,550925,51429,90026,2,90000,1.57126830027
409568,409655,414505,87,4850,5,9000,1.01793814433
409653,409865,415254,212,5389,5,9000,1.03933939506
409863,409885,414568,22,4683,5,9000,1.00469784326
409884,412768,418314,2884,5546,5,9000,1.52001442481
412763,413285,418787,522,5502,5,9000,1.09487459106
413287,413428,418577,141,5149,5,9000,1.02738395805
413424,413472,418093,48,4621,5,9000,1.01038736204
413477,413849,418395,372,4546,5,9000,1.08183018038
413855,413867,418982,12,5115,5,9000,1.00234604106
413866,413873,418422,7,4549,5,9000,1.00153879974
413878,413884,418264,6,4380,5,9000,1.00136986301
413889,413895,419783,6,5888,5,9000,1.00101902174
413900,413924,419330,24,5406,5,9000,1.00443951165
413922,413930,418489,8,4559,5,9000,1.00175477078
413933,414273,418688,340,4415,5,9000,1.07701019253
414279,414409,419040,130,4631,5,9000,1.02807169078
414405,414517,419872,112,5355,5,9000,1.02091503268
414521,414527,420109,6,5582,5,9000,1.00107488355
414532,414579,419676,47,5097,5,9000,1.00922111046
414575,415267,421052,692,5785,5,9000,1.11961970614
415266,418105,422951,2839,4846,5,9000,1.58584399505
418104,418277,423812,173,5535,5,9000,1.03125564589
418282,418326,423730,44,5404,5,9000,1.00814211695
418325,418407,423510,82,5103,5,9000,1.01606897903
418410,418435,423819,25,5384,5,9000,1.00464338782
418431,418501,423097,70,4596,5,9000,1.01523063534
418505,418589,423289,84,4700,5,9000,1.01787234043
418590,418699,424178,109,5479,5,9000,1.01989414127
418695,418799,423702,104,4903,5,9000,1.02121150316
418801,418994,423463,193,4469,5,9000,1.04318639517
418990,419051,423774,61,4723,5,9000,1.0129155198
419053,419342,424094,289,4752,5,9000,1.06081649832
419347,419688,424943,341,5255,5,9000,1.0648905804
419693,419795,424272,102,4477,5,9000,1.02278311369
419799,419885,424679,86,4794,5,9000,1.01793909053
419883,420121,424967,238,4846,5,9000,1.04911267024
420125,421065,426364,940,5299,5,9000,1.17739196075
420655,427957,430955,7302,2998,8,3600,3.43562374917
421067,422963,427434,1896,4471,5,9000,1.42406620443
422961,423108,428452,147,5344,5,9000,1.02750748503
423109,423301,428030,192,4729,5,9000,1.0406005498
423298,423475,428697,177,5222,5,9000,1.03389505936
423476,423521,429468,45,5947,5,9000,1.00756684042
423519,423713,429244,194,5531,5,9000,1.03507503164
423719,423741,428954,22,5213,5,9000,1.00422021868
423740,423785,428376,45,4591,5,9000,1.0098017861
423783,423824,428490,41,4666,5,9000,1.00878696957
423826,423832,429393,6,5561,5,9000,1.00107894264
423837,424106,429505,269,5399,5,9000,1.04982404149
424110,424189,428817,79,4628,5,9000,1.01707000864
424194,424283,428660,89,4377,5,9000,1.0203335618
424289,424690,429331,401,4641,5,9000,1.08640379229
424687,424955,429254,268,4299,5,9000,1.06234007909
424960,424979,429657,19,4678,5,9000,1.00406156477
424982,426375,431511,1393,5136,5,9000,1.27122274143
426374,427446,433244,1072,5798,5,9000,1.18489134184
427442,428041,432792,599,4751,5,9000,1.12607872027
428039,428389,433522,350,5133,5,9000,1.06818624586
428385,428464,434343,79,5879,5,9000,1.01343765947
428469,428503,433716,34,5213,5,9000,1.00652215615
428502,428672,433501,170,4829,5,9000,1.03520397598
428670,428710,433271,40,4561,5,9000,1.00877000658
428712,428828,433861,116,5033,5,9000,1.02304788397
428828,428967,433464,139,4497,5,9000,1.03090949522
428965,429256,433816,291,4560,5,9000,1.06381578947
429259,429265,435033,6,5768,5,9000,1.00104022191
429270,429342,434803,72,5461,5,9000,1.01318439846
429344,429405,433976,61,4571,5,9000,1.01334500109
429407,429479,433863,72,4384,5,9000,1.01642335766
429481,429516,433979,35,4463,5,9000,1.00784225857
429514,429669,434963,155,5294,5,9000,1.02927842841
429671,430966,436492,1295,5526,5,9000,1.23434672457
430969,431522,436641,553,5119,5,9000,1.1080289119
431524,432804,438408,1280,5604,5,9000,1.2284082798
432801,433256,437946,455,4690,5,9000,1.09701492537
433252,433282,439641,30,6359,5,9000,1.00471772291
433284,433477,438647,193,5170,5,9000,1.03733075435
433473,433513,438448,40,4935,5,9000,1.00810536981
433516,433535,438539,19,5004,5,9000,1.00379696243
433538,433727,438320,189,4593,5,9000,1.04114957544
433727,433829,438567,102,4738,5,9000,1.02152807092
433832,433873,439140,41,5267,5,9000,1.00778431745
433875,433988,439000,113,5012,5,9000,1.02254588986
433980,433995,438512,15,4517,5,9000,1.00332078813
433991,434354,438857,363,4503,5,9000,1.08061292472
434355,434815,437789,460,2974,5,9000,1.15467383995
434816,434975,438294,159,3319,5,9000,1.04790599578
434973,435046,437622,73,2576,5,9000,1.02833850932
435047,436504,439350,1457,2846,5,9000,1.51194659171
436504,436654,439705,150,3051,5,9000,1.04916420846
436651,437634,440301,983,2667,5,9000,1.36857892763
437635,437801,440285,166,2484,5,9000,1.06682769726
437803,437958,441231,155,3273,5,9000,1.04735716468
437961,438307,440954,346,2647,5,9000,1.13071401587
438307,438333,441243,26,2910,5,9000,1.0089347079
438329,438420,441285,91,2865,5,9000,1.03176265271
438424,438459,440921,35,2462,5,9000,1.01421608448
438456,438524,441420,68,2896,5,9000,1.02348066298
438519,438550,441351,31,2801,5,9000,1.0110674759
438551,438580,441968,29,3388,5,9000,1.0085596222
438584,438660,441521,76,2861,5,9000,1.02656413841
438658,438756,442055,98,3299,5,9000,1.02970597151
438753,438868,442164,115,3296,5,9000,1.0348907767
438868,439011,442043,143,3032,5,9000,1.04716358839
439016,439152,442378,136,3226,5,9000,1.04215747055
439153,439361,442657,208,3296,5,9000,1.06310679612
439363,439653,442368,290,2715,5,9000,1.10681399632
439656,439717,442825,61,3108,5,9000,1.01962676963
439720,440296,443271,576,2975,5,9000,1.19361344538
440145,467248,492492,27103,25244,2,86400,2.07364126129
440299,440313,442862,14,2549,5,9000,1.00549234994
440310,440933,443450,623,2517,5,9000,1.24751688518
440938,440966,443904,28,2938,5,9000,1.00953029272
440971,441242,444072,271,2830,5,9000,1.09575971731
441243,441255,443800,12,2545,5,9000,1.0047151277
441255,441297,444174,42,2877,5,9000,1.01459854015
441297,441362,443923,65,2561,5,9000,1.02538071066
441361,441433,444753,72,3320,5,9000,1.02168674699
441435,441532,444509,97,2977,5,9000,1.03258313739
441530,441979,445197,449,3218,5,9000,1.13952765693
441980,442055,444571,75,2516,5,9000,1.02980922099
442054,442067,444583,13,2516,5,9000,1.00516693164
442065,442177,445223,112,3046,5,9000,1.03676953381
442181,442381,445015,200,2634,5,9000,1.07593014427
442380,442390,444988,10,2598,5,9000,1.0038491147
442392,442670,445905,278,3235,5,9000,1.08593508501
442675,442836,445522,161,2686,5,9000,1.05994043187
442832,442874,445810,42,2936,5,9000,1.01430517711
442875,443282,445992,407,2710,5,9000,1.15018450185
443284,443461,446455,177,2994,5,9000,1.05911823647
443462,443812,446436,350,2624,5,9000,1.13338414634
443811,443916,446754,105,2838,5,9000,1.03699788584
443916,443934,446869,18,2935,5,9000,1.00613287905
443938,444085,447233,147,3148,5,9000,1.04669631512
444085,444187,446686,102,2499,5,9000,1.04081632653
444191,444520,447439,329,2919,5,9000,1.11270983213
444517,444583,447252,66,2669,5,9000,1.02472836268
444581,444595,447740,14,3145,5,9000,1.00445151033
444592,444764,447772,172,3008,5,9000,1.05718085106
444760,445000,448148,240,3148,5,9000,1.07623888183
445001,445027,448032,26,3005,5,9000,1.00865224626
445023,445208,447771,185,2563,5,9000,1.07218103785
445212,445234,447749,22,2515,5,9000,1.00874751491
445234,445534,448667,300,3133,5,9000,1.09575486754
445538,445821,448831,283,3010,5,9000,1.09401993355
445821,445917,448679,96,2762,5,9000,1.03475742216
445916,446003,448536,87,2533,5,9000,1.03434662456
446001,446448,448998,447,2550,5,9000,1.17529411765
446451,446467,448946,16,2479,5,9000,1.00645421541
446463,446698,449374,235,2676,5,9000,1.08781763827
446694,446765,449713,71,2948,5,9000,1.02408412483
446768,446881,450003,113,3122,5,9000,1.03619474696
446883,447245,449935,362,2690,5,9000,1.13457249071
447250,447264,450394,14,3130,5,9000,1.00447284345
447262,447452,450696,190,3244,5,9000,1.05856966708
447451,447751,450648,300,2897,5,9000,1.10355540214
447755,447762,450454,7,2692,5,9000,1.00260029718
447767,447783,450533,16,2750,5,9000,1.00581818182
447788,447795,451221,7,3426,5,9000,1.00204319907
447799,448044,450560,245,2516,5,9000,1.09737678855
448041,448160,450787,119,2627,5,9000,1.04529881995
448157,448547,451693,390,3146,5,9000,1.12396694215
448545,448679,451947,134,3268,5,9000,1.04100367197
448682,448692,451370,10,2678,5,9000,1.00373412995
448693,448843,451404,150,2561,5,9000,1.05857087075
448840,448958,451538,118,2580,5,9000,1.04573643411
448956,449010,452278,54,3268,5,9000,1.01652386781
449009,449386,452707,377,3321,5,9000,1.11352002409
449387,449724,452553,337,2829,5,9000,1.11912336515
449723,449947,453198,224,3251,5,9000,1.06890187635
449943,450014,452757,71,2743,5,9000,1.02588406854
450017,450406,453948,389,3542,5,9000,1.10982495765
450405,450466,453429,61,2963,5,9000,1.02058724266
450469,450544,453252,75,2708,5,9000,1.0276957164
450543,450572,453315,29,2743,5,9000,1.01057236602
450575,450660,453536,85,2876,5,9000,1.02955493741
450659,450707,453503,48,2796,5,9000,1.01716738197
450712,450799,453856,87,3057,5,9000,1.0284592738
450797,451232,454205,435,2973,5,9000,1.14631685166
451238,451381,453981,143,2600,5,9000,1.055
451385,451416,454052,31,2636,5,9000,1.01176024279
451415,451550,456962,135,5412,5,9000,1.02494456763
451552,451705,456819,153,5114,5,9000,1.02991787251
451710,451959,456832,249,4873,5,9000,1.05109788631
451962,452290,457713,328,5423,5,9000,1.06048312742
452287,452564,457104,277,4540,5,9000,1.06101321586
452570,452719,457460,149,4741,5,9000,1.03142796878
452714,544692,568859,91978,24167,1,28800,4.80593371126
452717,452769,458250,52,5481,5,9000,1.00948731983
452770,453210,457746,440,4536,5,9000,1.09700176367
453210,453263,457937,53,4674,5,9000,1.01133932392
453263,453327,458846,64,5519,5,9000,1.01159630368
453326,453442,457998,116,4556,5,9000,1.02546093064
453442,453515,458653,73,5138,5,9000,1.01420786298
453516,453548,458274,32,4726,5,9000,1.00677105375
453548,453867,458149,319,4282,5,9000,1.07449789818
453873,453960,458754,87,4794,5,9000,1.01814768461
453957,453992,459172,35,5180,5,9000,1.00675675676
453990,454064,459756,74,5692,5,9000,1.01300070274
454063,454217,459610,154,5393,5,9000,1.02855553495
454221,456831,461972,2610,5141,5,9000,1.50768333009
456836,456844,462064,8,5220,5,9000,1.00153256705
456847,456974,462443,127,5469,5,9000,1.02322179558
456973,457117,462627,144,5510,5,9000,1.02613430127
457120,457472,462878,352,5406,5,9000,1.06511283759
457477,457724,462284,247,4560,5,9000,1.05416666667
457728,457757,463045,29,5288,5,9000,1.00548411498
457761,457948,462940,187,4992,5,9000,1.0374599359
457950,458010,462621,60,4611,5,9000,1.01301236174
458013,458161,462599,148,4438,5,9000,1.03334835511
458160,458263,463264,103,5001,5,9000,1.02059588082
458266,458287,463192,21,4905,5,9000,1.00428134557
458272,464522,584114,6250,119592,2,144000,1.0522610208
458287,458664,463371,377,4707,5,9000,1.0800934778
458665,458766,463805,101,5039,5,9000,1.02004365946
458770,458858,463396,88,4538,5,9000,1.01939180256
458854,459183,464637,329,5454,5,9000,1.06032269894
459179,459622,464684,443,5062,5,9000,1.08751481628
459619,459767,464923,148,5156,5,9000,1.02870442203
459767,461985,466578,2218,4593,5,9000,1.48290877422
461984,462076,466613,92,4537,5,9000,1.02027771655
462079,462296,467430,217,5134,5,9000,1.04226723802
462299,462454,467082,155,4628,5,9000,1.03349178911
462457,462611,467069,154,4458,5,9000,1.03454463885
462554,469363,480457,6809,11094,2,36000,1.61375518298
462614,462633,468442,19,5809,5,9000,1.00327078671
462636,462642,467686,6,5044,5,9000,1.00118953212
462647,462890,468280,243,5390,5,9000,1.04508348794
462889,462952,467558,63,4606,5,9000,1.01367781155
462952,463058,468334,106,5276,5,9000,1.02009097801
463057,463203,467630,146,4427,5,9000,1.03297944432
463204,463276,468083,72,4807,5,9000,1.01497815685
463278,463382,468512,104,5130,5,9000,1.02027290448
463384,463408,468431,24,5023,5,9000,1.0047780211
463405,463816,468391,411,4575,5,9000,1.08983606557
463814,464648,469716,834,5068,5,9000,1.16456195738
464650,464696,469758,46,5062,5,9000,1.00908731727
464693,464845,470332,152,5487,5,9000,1.02770184071
464850,464936,470912,86,5976,5,9000,1.01439089692
464935,466589,471934,1654,5345,5,9000,1.30944808232
466588,466631,471872,43,5241,5,9000,1.00820454112
466631,467080,471636,449,4556,5,9000,1.09855136084
467083,467094,471577,11,4483,5,9000,1.00245371403
467094,467442,472706,348,5264,5,9000,1.06610942249
467440,467570,472724,130,5154,5,9000,1.02522312767
467566,467643,472315,77,4672,5,9000,1.01648116438
467640,467698,472175,58,4477,5,9000,1.01295510386
467703,468095,472469,392,4374,5,9000,1.08962048468
468091,468291,472684,200,4393,5,9000,1.04552697473
468223,655361,691282,187138,35921,1,36000,6.20971019738
468290,468346,472908,56,4562,5,9000,1.01227531784
468343,468403,473482,60,5079,5,9000,1.01181334908
468359,491551,494073,23192,2522,2,32400,10.1958762887
468407,468443,473896,36,5453,5,9000,1.00660187053
468439,468454,473043,15,4589,5,9000,1.00326868599
468450,468523,473871,73,5348,5,9000,1.0136499626
468524,469727,475286,1203,5559,5,9000,1.21640582839
469393,492503,501864,23110,9361,2,43200,3.46875333832
469726,469771,474751,45,4980,5,9000,1.00903614458
469769,470343,474836,574,4493,5,9000,1.12775428444
470343,470924,475343,581,4419,5,9000,1.13147770989
470930,471589,476528,659,4939,5,9000,1.1334278194
471057,494090,494237,23033,147,2,21600,157.68707483
471421,494249,494898,22828,649,2,32400,36.1741140216
471589,471647,476216,58,4569,5,9000,1.01269424382
471653,471884,476245,231,4361,5,9000,1.05296950241
471677,494598,496079,22921,1481,2,36000,16.4767049291
471884,471946,477571,62,5625,5,9000,1.01102222222
471947,472188,477818,241,5630,5,9000,1.04280639432
472183,494911,495715,22728,804,2,32400,29.2686567164
472189,472326,476917,137,4591,5,9000,1.02984099325
472326,472480,477146,154,4666,5,9000,1.03300471496
472446,495727,496554,23281,827,2,32400,29.1511487304
472483,472697,477516,214,4819,5,9000,1.04440755343
472687,496091,501003,23404,4912,2,43200,5.76465798046
472693,474978,669366,2285,194388,6,604800,1.01175484083
472693,472717,477875,24,5158,5,9000,1.00465296627
472715,472736,478425,21,5689,5,9000,1.00369133415
472737,472919,477980,182,5061,5,9000,1.03596127248
472745,484795,688009,12050,203214,6,604800,1.05929709567
472776,506934,856587,34158,349653,6,604800,1.0976911395
472789,515879,515889,43090,10,2,88800,4310.0
472926,473346,474966,420,1620,8,6000,1.25925925926
473346,473354,474955,8,1601,8,6000,1.00499687695
473357,473495,475095,138,1600,8,6000,1.08625
473494,473908,475518,414,1610,8,6000,1.25714285714
473626,500733,501397,27107,664,2,21600,41.8237951807
473913,474848,476469,935,1621,8,6000,1.5768044417
474024,501014,507679,26990,6665,2,32400,5.04951237809
474341,501409,506992,27068,5583,2,32400,5.84828945012
474672,501876,509897,27204,8021,2,32400,4.39159705772
474846,474967,476584,121,1617,8,6000,1.07482993197
474973,475106,476711,133,1605,8,6000,1.08286604361
475020,507003,511288,31983,4285,2,32400,8.46394399067
475110,475297,476913,187,1616,8,6000,1.11571782178
475299,475356,476964,57,1608,8,6000,1.03544776119
475352,475530,477146,178,1616,8,6000,1.11014851485
475404,507580,529862,32176,22282,2,32400,2.44403554439
475531,476257,477850,726,1593,8,6000,1.45574387947
475868,507690,515353,31822,7663,2,32400,5.15268171734
476253,476480,478084,227,1604,8,6000,1.14152119701
476485,476595,478201,110,1606,8,6000,1.06849315068
476601,476722,478337,121,1615,8,6000,1.07492260062
476727,476926,478540,199,1614,8,6000,1.12329615861
476926,476932,478559,6,1627,8,6000,1.0036877689
476938,476976,478578,38,1602,8,6000,1.02372034956
476980,477157,478759,177,1602,8,6000,1.11048689139
477159,477165,478772,6,1607,8,6000,1.00373366521
477170,477583,479193,413,1610,8,6000,1.25652173913
477579,477831,479458,252,1627,8,6000,1.15488629379
477786,641997,728442,164211,86445,12,86400,2.89960090231
477831,477862,479475,31,1613,8,6000,1.01921884687
477863,477991,479602,128,1611,8,6000,1.07945375543
477989,478096,479704,107,1608,8,6000,1.06654228856
477996,480470,545297,2474,64827,2,64800,1.03816311105
478025,484801,486391,6776,1590,2,64800,5.26163522013
478095,478213,479819,118,1606,8,6000,1.07347447073
478210,478349,479971,139,1622,8,6000,1.08569667078
478347,478552,480170,205,1618,8,6000,1.12669962917
478557,478570,480175,13,1605,8,6000,1.00809968847
478568,478589,480198,21,1609,8,6000,1.01305158484
478590,478771,480367,181,1596,8,6000,1.1134085213
478769,478784,480400,15,1616,8,6000,1.00928217822
478780,479204,480815,424,1611,8,6000,1.26319056487
479210,479264,480877,54,1613,8,6000,1.03347799132
479263,479470,481128,207,1658,8,6000,1.12484921592
479472,479487,481110,15,1623,8,6000,1.00924214418
479484,479614,481221,130,1607,8,6000,1.08089607965
479610,479716,481322,106,1606,8,6000,1.06600249066
479715,479830,481455,115,1625,8,6000,1.07076923077
479831,479983,481605,152,1622,8,6000,1.09371146732
479951,509836,512998,29885,3162,2,32400,10.4512966477
479989,480182,481805,193,1623,8,6000,1.11891558842
480178,480189,481803,11,1614,8,6000,1.00681536555
480189,480210,481831,21,1621,8,6000,1.01295496607
480211,480379,482002,168,1623,8,6000,1.10351201479
480322,509908,546480,29586,36572,2,43200,1.80897954719
480379,480412,482027,33,1615,8,6000,1.02043343653
480411,480826,482457,415,1631,8,6000,1.25444512569
480832,480889,482507,57,1618,8,6000,1.03522867738
480885,481123,482745,238,1622,8,6000,1.1467324291
481127,481140,482746,13,1606,8,6000,1.00809464508
481138,481232,482876,94,1644,8,6000,1.05717761557
481233,481333,482946,100,1613,8,6000,1.06199628022
481339,481467,483078,128,1611,8,6000,1.07945375543
481446,510855,511331,29409,476,2,32400,62.7836134454
481465,481618,483239,153,1621,8,6000,1.09438618137
481623,481815,483436,192,1621,8,6000,1.11844540407
481812,481821,483443,9,1622,8,6000,1.0055487053
481823,481843,483458,20,1615,8,6000,1.01238390093
481845,482013,483642,168,1629,8,6000,1.10313075506
481862,511300,511883,29438,583,2,32400,51.4939965695
482013,482038,483665,25,1627,8,6000,1.01536570375
482035,482469,484097,434,1628,8,6000,1.26658476658
482138,511894,511898,29756,4,2,518400,2976.0
482242,511909,511911,29667,2,2,518400,2966.9
482300,511923,511925,29623,2,2,518400,2962.5
482394,511342,514788,28948,3446,2,43200,9.40046430644
482465,482518,484128,53,1610,8,6000,1.03291925466
482518,482756,484372,238,1616,8,6000,1.14727722772
482760,482767,484392,7,1625,8,6000,1.00430769231
482771,482887,484517,116,1630,8,6000,1.07116564417
482887,482958,484580,71,1622,8,6000,1.04377311961
482961,483090,484713,129,1623,8,6000,1.07948243993
483087,483250,484874,163,1624,8,6000,1.10036945813
483255,483447,485057,192,1610,8,6000,1.11925465839
483445,483454,485085,9,1631,8,6000,1.00551808706
483456,483470,485081,14,1611,8,6000,1.0086902545
483467,483654,485276,187,1622,8,6000,1.11528976572
483656,483677,485296,21,1619,8,6000,1.01297096973
483678,484108,485750,430,1642,8,6000,1.26187576127
484108,484140,485766,32,1626,8,6000,1.0196801968
484140,484384,485993,244,1609,8,6000,1.15164698571
484381,484405,486021,24,1616,8,6000,1.01485148515
484401,484529,489881,128,5352,5,9000,1.02391629297
484505,484725,484784,220,59,8,3600,4.72881355932
484528,484593,489946,65,5353,5,9000,1.01214272371
484591,484599,490349,8,5750,5,9000,1.00139130435
484602,484886,489612,284,4726,5,9000,1.06009310199
484886,485068,489808,182,4740,5,9000,1.03839662447
485064,485075,490342,11,5267,5,9000,1.00208847541
485076,485092,490023,16,4931,5,9000,1.00324477794
485087,485099,489686,12,4587,5,9000,1.00261608895
485098,485106,490727,8,5621,5,9000,1.0014232343
485109,485288,490120,179,4832,5,9000,1.03704470199
485288,485295,490428,7,5133,5,9000,1.00136372492
485299,485308,490333,9,5025,5,9000,1.00179104478
485311,485762,490164,451,4402,5,9000,1.10245343026
485761,485769,490804,8,5035,5,9000,1.00158887786
485773,485784,490625,11,4841,5,9000,1.0022722578
485784,486001,492122,217,6121,5,9000,1.03545172357
486005,486011,491307,6,5296,5,9000,1.00113293051
486016,486023,491099,7,5076,5,9000,1.00137903861
486027,486034,491679,7,5645,5,9000,1.00124003543
486039,487303,492815,1264,5512,5,9000,1.22931785196
487305,489570,495253,2265,5683,5,9000,1.39855710012
488131,545309,548942,57178,3633,1,3600,16.73850812
488894,491423,491539,2529,116,2,68400,22.8017241379
489280,558136,558315,68856,179,12,600,385.670391061
489576,489623,495643,47,6020,5,9000,1.00780730897
489629,489698,494321,69,4623,5,9000,1.01492537313
489702,489821,495256,119,5435,5,9000,1.0218951242
489818,489893,495351,75,5458,5,9000,1.01374129718
489892,489958,494608,66,4650,5,9000,1.01419354839
489955,490035,494676,80,4641,5,9000,1.0172376643
490039,490131,495158,92,5027,5,9000,1.01830117366
490133,490175,495627,42,5452,5,9000,1.00770359501
490176,490345,494850,169,4505,5,9000,1.03751387347
490343,490353,495303,10,4950,5,9000,1.00202020202
490354,490360,494856,6,4496,5,9000,1.00133451957
490365,490440,496309,75,5869,5,9000,1.01277900835
490391,511937,601984,21546,90047,2,90000,1.23927504525
490439,490637,495893,198,5256,5,9000,1.03767123288
490637,490739,496837,102,6098,5,9000,1.01672679567
490742,490817,495390,75,4573,5,9000,1.01640061229
490816,491110,495582,294,4472,5,9000,1.06574239714
491094,513900,570099,22806,56199,3,604800,1.40580793253
491108,491318,496645,210,5327,5,9000,1.0394218134
491307,655367,656854,164060,1487,1,14400,111.329522529
491317,491691,496262,374,4571,5,9000,1.08182017064
491691,492135,496703,444,4568,5,9000,1.09719789842
491806,544676,544680,52870,4,1,600,5287.4
492139,492827,498515,688,5688,5,9000,1.12095639944
492610,513010,513071,20400,61,2,300,335.426229508
492827,494333,499247,1506,4914,5,9000,1.30647130647
493993,513083,514064,19090,981,2,3600,20.4597349643
494237,509731,617738,15494,108007,4,108000,1.14345366504
494245,514076,514738,19831,662,2,3600,30.9561933535
494309,629429,643711,135120,14282,16,14400,10.4608598236
494337,494619,500209,282,5590,5,9000,1.05044722719
494619,494689,499469,70,4780,5,9000,1.01464435146
494652,511277,619307,16625,108030,4,108000,1.15389243729
494692,494863,500082,171,5219,5,9000,1.03276489749
494761,514749,515764,19988,1015,2,3600,20.6926108374
494860,494870,499510,10,4640,5,9000,1.00215517241
494871,495170,500260,299,5090,5,9000,1.05874263261
494975,514800,515474,19825,674,2,3600,30.4139465875
495173,495273,500350,100,5077,5,9000,1.01969667126
495278,495315,501047,37,5732,5,9000,1.00645498953
495320,495363,499736,43,4373,5,9000,1.00983306654
495363,495402,501008,39,5606,5,9000,1.00695683197
495405,495595,500590,190,4995,5,9000,1.03803803804
495593,495639,501230,46,5591,5,9000,1.0082275085
495621,515364,516958,19743,1594,2,3600,13.3858218319
495636,495655,501191,19,5536,5,9000,1.00343208092
495657,495904,501641,247,5737,5,9000,1.0430538609
495801,515486,516141,19685,655,2,3600,31.0534351145
495908,496274,501832,366,5558,5,9000,1.06585102555
496273,496322,501041,49,4719,5,9000,1.01038355584
496325,496657,501247,332,4590,5,9000,1.07233115468
496478,496566,498583,88,2017,2,3600,1.04362915221
496659,496714,502060,55,5346,5,9000,1.01028806584
496712,496848,502369,136,5521,5,9000,1.02463321862
496848,498527,502962,1679,4435,5,9000,1.3785794814
497635,512863,620895,15228,108032,4,108000,1.1409582346
498524,499258,503734,734,4476,5,9000,1.16398570152
498569,498595,500720,26,2125,2,3600,1.01223529412
499264,499480,504033,216,4553,5,9000,1.04744124753
499483,499522,503974,39,4452,5,9000,1.00876010782
499526,499748,504455,222,4707,5,9000,1.0471637986
499745,500093,505302,348,5209,5,9000,1.06680744865
500099,500222,506268,123,6046,5,9000,1.02034402911
500225,500272,504828,47,4556,5,9000,1.01031606673
500267,500363,506095,96,5732,5,9000,1.01674808095
500362,500602,506163,240,5561,5,9000,1.04315770545
500602,501022,506607,420,5585,5,9000,1.07520143241
501019,501053,505825,34,4772,5,9000,1.00712489522
501051,501060,505737,9,4677,5,9000,1.00192431046
501062,501204,506356,142,5152,5,9000,1.0275621118
501208,501242,505875,34,4633,5,9000,1.00733865746
501240,501259,505759,19,4500,5,9000,1.00422222222
501262,501653,507482,391,5829,5,9000,1.0670784011
501658,501844,507971,186,6127,5,9000,1.03035743431
501846,502072,506659,226,4587,5,9000,1.04926967517
502076,502380,506946,304,4566,5,9000,1.06657906264
502379,502974,507568,595,4594,5,9000,1.12951676099
502973,503745,509719,772,5974,5,9000,1.12922664881
503745,503986,509934,241,5948,5,9000,1.04051782112
503985,504045,509204,60,5159,5,9000,1.01163016088
504048,504467,510318,419,5851,5,9000,1.07161169031
504465,504841,509825,376,4984,5,9000,1.07544141252
504840,505314,511612,474,6298,5,9000,1.07526198793
505320,505749,511243,429,5494,5,9000,1.07808518384
505748,505775,511002,27,5227,5,9000,1.00516548689
505780,505836,511129,56,5293,5,9000,1.01058001134
505834,505886,510535,52,4649,5,9000,1.01118520112
505888,506106,510842,218,4736,5,9000,1.04603040541
506109,506174,511570,65,5396,5,9000,1.01204595997
506172,506279,511264,107,4985,5,9000,1.02146439318
506278,506368,511132,90,4764,5,9000,1.01889168766
506364,506618,511375,254,4757,5,9000,1.05339499685
506623,510613,516164,3990,5551,5,9000,1.71878940731
507977,511623,516456,3646,4833,5,9000,1.75439685496
510619,510625,516324,6,5699,5,9000,1.00105281628
510630,510636,515749,6,5113,5,9000,1.00117347937
510641,510647,515757,6,5110,5,9000,1.0011741683
510652,510658,515824,6,5166,5,9000,1.00116144019
510663,517945,522597,7282,4652,5,9000,2.56534823732
511620,511630,516469,10,4839,5,9000,1.00206654267
511631,511637,516820,6,5183,5,9000,1.00115763072
511642,511648,516658,6,5010,5,9000,1.00119760479
511653,511659,516417,6,4758,5,9000,1.00126103405
511664,511671,516222,7,4551,5,9000,1.00153812349
511673,511679,517502,6,5823,5,9000,1.0010303967
511684,511690,516946,6,5256,5,9000,1.00114155251
511695,511701,516691,6,4990,5,9000,1.00120240481
511706,522609,527867,10903,5258,5,9000,3.07360213009
514718,515776,515800,1058,24,2,518400,45.0833333333
514727,515811,515834,1084,23,2,518400,48.1304347826
514735,515845,515868,1110,23,2,518400,49.2608695652
517950,517958,522494,8,4536,5,9000,1.00176366843
517961,517967,522831,6,4864,5,9000,1.00123355263
517972,517978,523697,6,5719,5,9000,1.00104913446
517983,517989,522365,6,4376,5,9000,1.00137111517
517994,518001,522754,7,4753,5,9000,1.00147275405
518005,518013,523409,8,5396,5,9000,1.00148257969
518016,518023,522613,7,4590,5,9000,1.00152505447
518028,518034,523392,6,5358,5,9000,1.00111982083
518039,518045,522991,6,4946,5,9000,1.0012131015
518050,518056,522313,6,4257,5,9000,1.00140944327
518061,518067,522882,6,4815,5,9000,1.00124610592
518072,518078,522961,6,4883,5,9000,1.00122875282
518083,518089,523820,6,5731,5,9000,1.00104693771
518094,525340,530346,7246,5006,5,9000,2.44746304435
522613,522619,527501,6,4882,5,9000,1.00122900451
522624,522630,527909,6,5279,5,9000,1.0011365789
522635,522641,527764,6,5123,5,9000,1.00117118876
522646,522652,527943,6,5291,5,9000,1.00113400113
522657,529941,535614,7284,5673,5,9000,2.28397673189
522716,523835,989100,1119,465265,2,518400,1.00240508098
522722,529875,986197,7153,456322,2,518400,1.01567533452
522727,530465,989101,7738,458636,2,518400,1.01687176759
525343,525350,529843,7,4493,5,9000,1.00155797908
525355,525361,530494,6,5133,5,9000,1.00116890707
525366,525372,530451,6,5079,5,9000,1.00118133491
525377,525383,529975,6,4592,5,9000,1.00130662021
525388,525394,529980,6,4586,5,9000,1.0013083297
525399,525405,530268,6,4863,5,9000,1.00123380629
525410,525416,530291,6,4875,5,9000,1.00123076923
525421,525427,529929,6,4502,5,9000,1.001332741
525432,529066,534023,3634,4957,5,9000,1.73310470042
529068,529074,533584,6,4510,5,9000,1.00133037694
529079,529086,534468,7,5382,5,9000,1.00130063174
529090,529096,533846,6,4750,5,9000,1.00126315789
529101,529108,534370,7,5262,5,9000,1.00133029266
529112,532737,537421,3625,4684,5,9000,1.77391118702
529944,529953,534590,9,4637,5,9000,1.00194091007
529955,537246,542460,7291,5214,5,9000,2.39835059455
532738,532744,537241,6,4497,5,9000,1.00133422282
532749,532755,537174,6,4419,5,9000,1.00135777325
532760,532766,537830,6,5064,5,9000,1.00118483412
532771,532777,537567,6,4790,5,9000,1.0012526096
532782,532788,538341,6,5553,5,9000,1.00108049703
532793,532800,537478,7,4678,5,9000,1.00149636597
532805,536450,541471,3645,5021,5,9000,1.72595100578
534247,541561,721595,7314,180034,6,180000,1.0406256596
536456,536462,540828,6,4366,5,9000,1.00137425561
536467,536473,541482,6,5009,5,9000,1.00119784388
536478,536484,541417,6,4933,5,9000,1.0012162984
536489,536495,541850,6,5355,5,9000,1.00112044818
536500,536506,541087,6,4581,5,9000,1.00130975769
536511,536517,541438,6,4921,5,9000,1.00121926438
536522,540168,545043,3646,4875,5,9000,1.7478974359
537249,537255,542620,6,5365,5,9000,1.00111835974
537260,540900,546396,3640,5496,5,9000,1.66229985444
539705,551537,551538,11832,1,1,600,1183.3
539707,551544,551545,11837,1,1,600,1183.8
539709,551550,551552,11841,2,1,600,1184.3
539770,551558,551559,11788,1,1,600,1178.9
539771,551564,551566,11793,2,1,600,1179.5
539773,551572,551573,11799,1,1,600,1180.0
539774,551578,551580,11804,2,1,600,1180.6
539836,551586,551587,11750,1,1,600,1175.1
539837,551593,551594,11756,1,1,600,1175.7
539839,551600,551601,11761,1,1,600,1176.2
539840,551607,551619,11767,12,1,600,981.583333333
539902,551614,551616,11712,2,1,600,1171.4
539903,551628,551629,11725,1,1,600,1172.6
539904,551634,551636,11730,2,1,600,1173.2
539906,551642,551643,11736,1,1,600,1173.7
539907,551649,551651,11742,2,1,600,1174.4
539968,551656,551657,11688,1,1,600,1168.9
539970,551668,551669,11698,1,1,600,1169.9
539971,551675,551676,11704,1,1,600,1170.5
540033,551682,551684,11649,2,1,600,1165.1
540034,551688,551690,11654,2,1,600,1165.6
540036,551696,551697,11660,1,1,600,1166.1
540037,551703,551704,11666,1,1,600,1166.7
540038,551710,551715,11672,5,1,600,1167.7
540100,551716,551718,11616,2,1,600,1161.8
540165,540174,545514,9,5340,5,9000,1.00168539326
540176,540187,545575,11,5388,5,9000,1.00204157387
540187,540193,544691,6,4498,5,9000,1.00133392619
540198,540204,544852,6,4648,5,9000,1.0012908778
540209,543831,549201,3622,5370,5,9000,1.67448789572
540905,548183,553318,7278,5135,5,9000,2.41733203505
543827,543838,548427,11,4589,5,9000,1.00239703639
543838,543845,548401,7,4556,5,9000,1.00153643547
543850,543856,548142,6,4286,5,9000,1.00139990667
543861,543867,548171,6,4304,5,9000,1.00139405204
543872,543878,548647,6,4769,5,9000,1.00125812539
543883,543889,548952,6,5063,5,9000,1.00118506814
543894,543900,549755,6,5855,5,9000,1.00102476516
543905,547549,552094,3644,4545,5,9000,1.80176017602
546358,580876,753715,34518,172839,1,172800,1.19971187058
547552,547559,552827,7,5268,5,9000,1.00132877752
547563,547570,552754,7,5184,5,9000,1.00135030864
547575,547581,552566,6,4985,5,9000,1.00120361083
547586,547592,552265,6,4673,5,9000,1.00128397175
547597,547603,552375,6,4772,5,9000,1.00125733445
547608,551218,556209,3610,4991,5,9000,1.7233019435
548179,548189,552645,10,4456,5,9000,1.00224416517
548190,563085,567453,14895,4368,5,9000,4.41002747253
550978,551728,551729,750,1,1,600,75.1
550979,551735,551737,756,2,1,600,75.8
550981,551742,551749,761,7,1,600,76.8
550982,551748,551756,766,8,1,600,77.4
550983,551761,551762,778,1,1,600,77.9
550985,551768,551769,783,1,1,600,78.4
551046,551775,551776,729,1,1,600,73.0
551048,551782,551783,734,1,1,600,73.5
551049,551788,551802,739,14,1,600,53.7857142857
551051,551794,551796,743,2,1,600,74.5
551052,551800,551802,748,2,1,600,75.0
551053,551809,551810,756,1,1,600,75.7
551055,551821,551822,766,1,1,600,76.7
551056,551827,551828,771,1,1,600,77.2
551058,551834,551838,776,4,1,600,78.0
551059,551839,551841,780,2,1,600,78.2
551120,551846,551847,726,1,1,600,72.7
551122,551852,551854,730,2,1,600,73.2
551123,551858,551859,735,1,1,600,73.6
551125,551864,551866,739,2,1,600,74.1
551126,551872,551883,746,11,1,600,68.8181818182
551127,551877,551878,750,1,1,600,75.1
551129,551884,551885,755,1,1,600,75.6
551130,551890,551892,760,2,1,600,76.2
551131,551898,551900,767,2,1,600,76.9
551193,551903,551904,710,1,1,600,71.1
551194,551910,551911,716,1,1,600,71.7
551196,551917,551918,721,1,1,600,72.2
551197,551922,551923,725,1,1,600,72.6
551198,551929,551931,731,2,1,600,73.3
551200,551935,551937,735,2,1,600,73.7
551201,551941,551942,740,1,1,600,74.1
551202,551948,551952,746,4,1,600,75.0
551204,551955,551957,751,2,1,600,75.3
551205,551960,551961,755,1,1,600,75.6
551215,551231,556845,16,5614,5,9000,1.00285001781
551236,551243,556619,7,5376,5,9000,1.00130208333
551247,551256,555794,9,4538,5,9000,1.00198325253
551258,551267,555841,9,4574,5,9000,1.0019676432
551267,551967,551974,700,7,1,600,70.7
551268,551974,551975,706,1,1,600,70.7
551269,551280,556119,11,4839,5,9000,1.00227319694
551270,551979,551980,709,1,1,600,71.0
551271,551986,551990,715,4,1,600,71.9
551272,551993,551994,721,1,1,600,72.2
551274,551998,552000,724,2,1,600,72.6
551281,554898,559995,3617,5097,5,9000,1.70963311752
551335,552004,552006,669,2,1,600,67.1
551336,552011,552012,675,1,1,600,67.6
551338,552016,552018,678,2,1,600,68.0
551339,552024,552026,685,2,1,600,68.7
551341,552029,552030,688,1,1,600,68.9
551342,552036,552037,694,1,1,600,69.5
551343,552043,552045,700,2,1,600,70.2
551345,552048,552054,703,6,1,600,70.9
551346,552055,552057,709,2,1,600,71.1
551407,552062,552063,655,1,1,600,65.6
551409,552068,552071,659,3,1,600,66.2
551410,552073,552075,663,2,1,600,66.5
551412,552080,552082,668,2,1,600,67.0
551413,552088,552089,675,1,1,600,67.6
551414,552093,552094,679,1,1,600,68.0
551416,552100,552101,684,1,1,600,68.5
551417,552105,552116,688,11,1,600,63.5454545455
551418,552112,552114,694,2,1,600,69.6
551420,552117,552119,697,2,1,600,69.9
551481,552124,552126,643,2,1,600,64.5
551483,552130,552131,647,1,1,600,64.8
551484,552135,552136,651,1,1,600,65.2
551485,552141,552142,656,1,1,600,65.7
551487,552148,552150,661,2,1,600,66.3
551488,552153,552154,665,1,1,600,66.6
551489,552158,552160,669,2,1,600,67.1
551491,552165,552168,674,3,1,600,67.7
551492,552171,552172,679,1,1,600,68.0
551494,552176,552178,682,2,1,600,68.4
551555,552183,552185,628,2,1,600,63.0
551557,552188,552189,631,1,1,600,63.2
551558,552195,552197,637,2,1,600,63.9
551559,552200,552206,641,6,1,600,64.7
551561,552207,552208,646,1,1,600,64.7
551562,552212,552215,650,3,1,600,65.3
551563,552219,552220,656,1,1,600,65.7
551565,552224,552225,659,1,1,600,66.0
551566,552231,552238,665,7,1,600,67.2
551567,552236,552237,669,1,1,600,67.0
551629,552243,552244,614,1,1,600,61.5
551630,552248,552249,618,1,1,600,61.9
551631,552254,552258,623,4,1,600,62.7
551633,552260,552261,627,1,1,600,62.8
551634,552267,552268,633,1,1,600,63.4
551635,552272,552273,637,1,1,600,63.8
551637,552279,552280,642,1,1,600,64.3
551638,552284,552290,646,6,1,600,65.2
551640,552291,552292,651,1,1,600,65.2
551701,552296,552299,595,3,1,600,59.8
551702,552303,552304,601,1,1,600,60.2
551704,552308,552310,604,2,1,600,60.6
551705,552315,552320,610,5,1,600,61.5
551706,552321,552322,615,1,1,600,61.6
551708,552328,552329,620,1,1,600,62.1
551709,552333,552335,624,2,1,600,62.6
551710,552341,552342,631,1,1,600,63.2
551712,552346,552348,634,2,1,600,63.6
551713,552351,552353,638,2,1,600,64.0
551775,552359,552360,584,1,1,600,58.5
551776,552364,552366,588,2,1,600,59.0
551777,552372,552373,595,1,1,600,59.6
551779,552377,552379,598,2,1,600,60.0
551780,552383,552385,603,2,1,600,60.5
551781,552390,552392,609,2,1,600,61.1
551783,552395,552398,612,3,1,600,61.5
551784,552402,552403,618,1,1,600,61.9
551785,552407,552409,622,2,1,600,62.4
551847,552414,552425,567,11,1,600,52.5454545455
551848,552419,552422,571,3,1,600,57.4
551849,552426,552428,577,2,1,600,57.9
551851,552432,552443,581,11,1,600,53.8181818182
551852,552439,552440,587,1,1,600,58.8
551854,552444,552446,590,2,1,600,59.2
551855,552451,552460,596,9,1,600,60.5
551856,552458,552462,602,4,1,600,60.6
551858,552463,552464,605,1,1,600,60.6
551859,552468,552470,609,2,1,600,61.1
551860,552476,552478,616,2,1,600,61.8
551922,552481,552483,559,2,1,600,56.1
551923,552487,552488,564,1,1,600,56.5
551924,552494,552496,570,2,1,600,57.2
551926,552499,552502,573,3,1,600,57.6
551927,552506,552507,579,1,1,600,58.0
551928,552511,552512,583,1,1,600,58.4
551930,552518,552519,588,1,1,600,58.9
551931,552523,552524,592,1,1,600,59.3
551933,552530,552531,597,1,1,600,59.8
551934,552535,552542,601,7,1,600,60.8
551935,552542,552543,607,1,1,600,60.8
551937,552547,552549,610,2,1,600,61.2
551998,552553,552555,555,2,1,600,55.7
552000,552559,552561,559,2,1,600,56.1
552001,552566,552568,565,2,1,600,56.7
552002,552571,552585,569,14,1,600,41.6428571429
552004,552578,552580,574,2,1,600,57.6
552005,552583,552584,578,1,1,600,57.9
552006,552590,552591,584,1,1,600,58.5
552008,552597,552598,589,1,1,600,59.0
552009,552602,552604,593,2,1,600,59.5
552010,552607,552611,597,4,1,600,60.1
552012,552615,552617,603,2,1,600,60.5
552013,552620,552623,607,3,1,600,61.0
552075,552627,552629,552,2,1,600,55.4
552076,552633,552634,557,1,1,600,55.8
552078,552640,552642,562,2,1,600,56.4
552079,552645,552647,566,2,1,600,56.8
552080,552653,552654,573,1,1,600,57.4
552082,552658,552660,576,2,1,600,57.8
552083,552666,552667,583,1,1,600,58.4
552084,552671,552672,587,1,1,600,58.8
552086,552677,552678,591,1,1,600,59.2
552087,552684,552685,597,1,1,600,59.8
552088,552689,552691,601,2,1,600,60.3
552090,552695,552702,605,7,1,600,61.2
552151,552702,552703,551,1,1,600,55.2
552153,552707,552709,554,2,1,600,55.6
552154,552714,552716,560,2,1,600,56.2
552156,552719,552721,563,2,1,600,56.5
552157,552726,552727,569,1,1,600,57.0
552158,552731,552734,573,3,1,600,57.6
552160,552739,552740,579,1,1,600,58.0
552161,552744,552751,583,7,1,600,59.0
552162,552750,552752,588,2,1,600,59.0
552164,552755,552757,591,2,1,600,59.3
552165,552762,552764,597,2,1,600,59.9
552167,552767,552770,600,3,1,600,60.3
552168,552775,552776,607,1,1,600,60.8
552229,552780,552788,551,8,1,600,55.9
552231,552785,552788,554,3,1,600,55.7
552232,552793,552794,561,1,1,600,56.2
552234,552798,552799,564,1,1,600,56.5
552235,552803,552805,568,2,1,600,57.0
552236,552811,552813,575,2,1,600,57.7
552238,552816,552819,578,3,1,600,58.1
552239,552822,552823,583,1,1,600,58.4
552241,552827,552829,586,2,1,600,58.8
552242,552835,552837,593,2,1,600,59.5
552243,552840,552844,597,4,1,600,60.1
552245,552846,552847,601,1,1,600,60.2
552246,552853,552854,607,1,1,600,60.8
552308,552858,552859,550,1,1,600,55.1
552309,552863,552865,554,2,1,600,55.6
552310,552870,552872,560,2,1,600,56.2
552312,552875,552877,563,2,1,600,56.5
552313,552881,552883,568,2,1,600,57.0
552315,552888,552889,573,1,1,600,57.4
552316,552893,552900,577,7,1,600,58.4
552317,552899,552901,582,2,1,600,58.4
552319,552906,552907,587,1,1,600,58.8
552320,552911,552913,591,2,1,600,59.3
552321,552917,552918,596,1,1,600,59.7
552323,552924,552926,601,2,1,600,60.3
552384,552929,552931,545,2,1,600,54.7
552386,552935,552936,549,1,1,600,55.0
552387,552940,552942,553,2,1,600,55.5
552388,552948,552983,560,35,1,600,17.0
552390,552953,552961,563,8,1,600,57.1
552391,552959,552960,568,1,1,600,56.9
552393,552964,552966,571,2,1,600,57.3
552394,552969,552972,575,3,1,600,57.8
552395,552977,552978,582,1,1,600,58.3
552397,552982,552984,585,2,1,600,58.7
552398,552988,552994,590,6,1,600,59.6
552400,552993,552997,593,4,1,600,59.7
552401,553001,553004,600,3,1,600,60.3
552462,553006,553008,544,2,1,600,54.6
552464,553012,553014,548,2,1,600,55.0
552465,553017,553019,552,2,1,600,55.4
552467,553023,553024,556,1,1,600,55.7
552468,553030,553031,562,1,1,600,56.3
552469,553035,553037,566,2,1,600,56.8
552471,553041,553042,570,1,1,600,57.1
552472,553046,553048,574,2,1,600,57.6
552474,553051,553053,577,2,1,600,57.9
552475,553059,553060,584,1,1,600,58.5
552476,553064,553066,588,2,1,600,59.0
552478,553070,553071,592,1,1,600,59.3
552479,553075,553077,596,2,1,600,59.8
552541,553081,553082,540,1,1,600,54.1
552542,553088,553091,546,3,1,600,54.9
552544,553093,553095,549,2,1,600,55.1
552545,553099,553101,554,2,1,600,55.6
552546,553104,553105,558,1,1,600,55.9
552548,553110,553111,562,1,1,600,56.3
552549,553116,553119,567,3,1,600,57.0
552551,553122,553123,571,1,1,600,57.2
552552,553127,553130,575,3,1,600,57.8
552553,553133,553135,580,2,1,600,58.2
552555,553138,553139,583,1,1,600,58.4
552556,553146,553147,590,1,1,600,59.1
552558,553151,553153,593,2,1,600,59.5
552619,553157,553159,538,2,1,600,54.0
552621,553162,553164,541,2,1,600,54.3
552622,553167,553170,545,3,1,600,54.8
552624,553175,553177,551,2,1,600,55.3
552625,553180,553182,555,2,1,600,55.7
552627,553186,553187,559,1,1,600,56.0
552628,553191,553193,563,2,1,600,56.5
552630,553197,553198,567,1,1,600,56.8
552631,553204,553207,573,3,1,600,57.6
552632,553210,553211,578,1,1,600,57.9
552634,553215,553216,581,1,1,600,58.2
552635,553220,553222,585,2,1,600,58.7
552637,553226,553227,589,1,1,600,59.0
552698,553233,553234,535,1,1,600,53.6
552700,553238,553243,538,5,1,600,54.3
552701,553244,553249,543,5,1,600,54.8
552703,553249,553251,546,2,1,600,54.8
552704,553254,553256,550,2,1,600,55.2
552706,553262,553269,556,7,1,600,56.3
552707,553267,553269,560,2,1,600,56.2
552708,553273,553274,565,1,1,600,56.6
552710,553278,553281,568,3,1,600,57.1
552711,553283,553285,572,2,1,600,57.4
552713,553291,553293,578,2,1,600,58.0
552714,553296,553297,582,1,1,600,58.3
552716,553302,553305,586,3,1,600,58.9
552778,553307,553308,529,1,1,600,53.0
552779,553312,553317,533,5,1,600,53.8
552780,553320,553321,540,1,1,600,54.1
552782,553325,553327,543,2,1,600,54.5
552783,553330,553332,547,2,1,600,54.9
552785,553336,553337,551,1,1,600,55.2
552786,553341,553343,555,2,1,600,55.7
552788,553346,553349,558,3,1,600,56.1
552789,553354,553358,565,4,1,600,56.9
552791,553359,553361,568,2,1,600,57.0
552792,553365,553366,573,1,1,600,57.4
552793,553370,553371,577,1,1,600,57.8
552795,553375,553377,580,2,1,600,58.2
552856,553383,553384,527,1,1,600,52.8
552858,553388,553390,530,2,1,600,53.2
552859,553394,553395,535,1,1,600,53.6
552861,553399,553400,538,1,1,600,53.9
552862,553404,553407,542,3,1,600,54.5
552864,553410,553411,546,1,1,600,54.7
552865,553417,553418,552,1,1,600,55.3
552867,553422,553424,555,2,1,600,55.7
552868,553428,553432,560,4,1,600,56.4
552870,553433,553434,563,1,1,600,56.4
552871,553438,553440,567,2,1,600,56.9
552873,553446,553447,573,1,1,600,57.4
552874,553451,553452,577,1,1,600,57.8
552935,553456,553458,521,2,1,600,52.3
552937,553462,553464,525,2,1,600,52.7
552938,553467,553468,529,1,1,600,53.0
552940,553474,553475,534,1,1,600,53.5
552941,553479,553481,538,2,1,600,54.0
552943,553485,553489,542,4,1,600,54.6
552944,553490,553491,546,1,1,600,54.7
552946,553495,553497,549,2,1,600,55.1
552947,553502,553504,555,2,1,600,55.7
552949,553507,553509,558,2,1,600,56.0
552950,553513,553515,563,2,1,600,56.5
552952,553518,553519,566,1,1,600,56.7
552953,553524,553525,571,1,1,600,57.2
553015,553531,553533,516,2,1,600,51.8
553016,553536,553538,520,2,1,600,52.2
553018,553542,553543,524,1,1,600,52.5
553019,553547,553550,528,3,1,600,53.1
553021,553553,553554,532,1,1,600,53.3
553022,553558,553559,536,1,1,600,53.7
553023,553565,553566,542,1,1,600,54.3
553025,553570,553572,545,2,1,600,54.7
553027,553576,553577,549,1,1,600,55.0
553028,553581,553582,553,1,1,600,55.4
553030,553586,553593,556,7,1,600,56.3
553031,553592,553594,561,2,1,600,56.3
553032,553599,553600,567,1,1,600,56.8
553034,553604,553605,570,1,1,600,57.1
553095,553609,553611,514,2,1,600,51.6
553097,553615,553617,518,2,1,600,52.0
553098,553620,553622,522,2,1,600,52.4
553100,553625,553627,525,2,1,600,52.7
553101,553633,553635,532,2,1,600,53.4
553103,553638,553641,535,3,1,600,53.8
553104,553644,553645,540,1,1,600,54.1
553105,553649,553650,544,1,1,600,54.5
553107,553654,553659,547,5,1,600,55.2
553108,553660,553661,552,1,1,600,55.3
553110,553667,553668,557,1,1,600,55.8
553112,553672,553679,560,7,1,600,56.7
553113,553678,553684,565,6,1,600,57.1
553114,553683,553685,569,2,1,600,57.1
553176,553688,553690,512,2,1,600,51.4
553177,553694,553695,517,1,1,600,51.8
553179,553701,553703,522,2,1,600,52.4
553180,553707,553709,527,2,1,600,52.9
553182,553712,553713,530,1,1,600,53.1
553183,553717,553719,534,2,1,600,53.6
553185,553723,553724,538,1,1,600,53.9
553186,553728,553736,542,8,1,600,55.0
553188,553734,553735,546,1,1,600,54.7
553189,553741,553743,552,2,1,600,55.4
553191,553746,553748,555,2,1,600,55.7
553192,553752,553754,560,2,1,600,56.2
553194,553757,553759,563,2,1,600,56.5
553195,553762,553765,567,3,1,600,57.0
553257,553768,553769,511,1,1,600,51.2
553258,553773,553775,515,2,1,600,51.7
553259,553780,553786,521,6,1,600,52.7
553261,553786,553788,525,2,1,600,52.7
553263,553791,553792,528,1,1,600,52.9
553264,553796,553799,532,3,1,600,53.5
553265,553802,553805,537,3,1,600,54.0
553267,553807,553808,540,1,1,600,54.1
553268,553812,553816,544,4,1,600,54.8
553270,553820,553822,550,2,1,600,55.2
553271,553825,553827,554,2,1,600,55.6
553273,553831,553832,558,1,1,600,55.9
553334,553836,553838,502,2,1,600,50.4
553336,553842,553843,506,1,1,600,50.7
553337,553847,553848,510,1,1,600,51.1
553338,553852,553854,514,2,1,600,51.6
553340,553858,553859,518,1,1,600,51.9
553342,553865,553867,523,2,1,600,52.5
553343,553871,553872,528,1,1,600,52.9
553344,553876,553883,532,7,1,600,53.9
553346,553881,553883,535,2,1,600,53.7
553348,553887,553888,539,1,1,600,54.0
553349,553892,553893,543,1,1,600,54.4
553351,553897,553899,546,2,1,600,54.8
553352,553905,553910,553,5,1,600,55.8
553353,553911,553912,558,1,1,600,55.9
553355,553916,553917,561,1,1,600,56.2
553356,553921,553923,565,2,1,600,56.7
553418,553927,553928,509,1,1,600,51.0
553419,553932,553933,513,1,1,600,51.4
553420,553937,553939,517,2,1,600,51.9
553422,553943,553944,521,1,1,600,52.2
553423,553950,553953,527,3,1,600,53.0
553425,553955,553964,530,9,1,600,53.9
553426,553961,553962,535,1,1,600,53.6
553428,553966,553969,538,3,1,600,54.1
553429,553971,553973,542,2,1,600,54.4
553430,553977,553979,547,2,1,600,54.9
553432,553982,553985,550,3,1,600,55.3
553433,553989,553997,556,8,1,600,56.4
553434,553995,554005,561,10,1,600,57.1
553496,554000,554015,504,15,1,600,34.6
553497,554006,554007,509,1,1,600,51.0
553499,554011,554014,512,3,1,600,51.5
553500,554016,554018,516,2,1,600,51.8
553501,554022,554023,521,1,1,600,52.2
553503,554029,554032,526,3,1,600,52.9
553504,554034,554036,530,2,1,600,53.2
553506,554040,554041,534,1,1,600,53.5
553507,554045,554047,538,2,1,600,54.0
553509,554051,554052,542,1,1,600,54.3
553510,554056,554058,546,2,1,600,54.8
553512,554061,554063,549,2,1,600,55.1
553513,554069,554072,556,3,1,600,55.9
553515,554075,554078,560,3,1,600,56.3
553516,554080,554082,564,2,1,600,56.6
553578,554085,554087,507,2,1,600,50.9
553579,554091,554092,512,1,1,600,51.3
553581,554096,554098,515,2,1,600,51.7
553582,554102,554104,520,2,1,600,52.2
553583,554114,554116,531,2,1,600,53.3
553585,554120,554127,535,7,1,600,54.2
553586,554125,554132,539,7,1,600,54.6
553588,554131,554137,543,6,1,600,54.9
553589,554136,554138,547,2,1,600,54.9
553591,554141,554143,550,2,1,600,55.2
553592,554148,554150,556,2,1,600,55.8
553594,554154,554155,560,1,1,600,56.1
553595,554159,554166,564,7,1,600,57.1
553657,554165,554166,508,1,1,600,50.9
553658,554170,554171,512,1,1,600,51.3
553660,554175,554177,515,2,1,600,51.7
553661,554183,554185,522,2,1,600,52.4
553662,554189,554192,527,3,1,600,53.0
553664,554194,554196,530,2,1,600,53.2
553665,554199,554206,534,7,1,600,54.1
553667,554205,554206,538,1,1,600,53.9
553668,554210,554211,542,1,1,600,54.3
553670,554215,554217,545,2,1,600,54.7
553671,554223,554225,552,2,1,600,55.4
553673,554229,554230,556,1,1,600,55.7
553674,554234,554241,560,7,1,600,56.7
553676,554239,554241,563,2,1,600,56.5
553677,554245,554248,568,3,1,600,57.1
553739,554250,554252,511,2,1,600,51.3
553740,554256,554257,516,1,1,600,51.7
553742,554268,554270,526,2,1,600,52.8
553743,554274,554275,531,1,1,600,53.2
553745,554279,554281,534,2,1,600,53.6
553746,554284,554286,538,2,1,600,54.0
553747,554292,554293,545,1,1,600,54.6
553749,554297,554299,548,2,1,600,55.0
553750,554303,554305,553,2,1,600,55.5
553752,554308,554310,556,2,1,600,55.8
553753,554315,554318,562,3,1,600,56.5
553755,554321,554323,566,2,1,600,56.8
553756,554326,554328,570,2,1,600,57.2
553758,554332,554357,574,25,1,600,23.96
553819,554344,554347,525,3,1,600,52.8
553821,554350,554352,529,2,1,600,53.1
553822,554357,554358,535,1,1,600,53.6
553824,554364,554365,540,1,1,600,54.1
553825,554369,554371,544,2,1,600,54.6
553827,554377,554379,550,2,1,600,55.2
553828,554382,554384,554,2,1,600,55.6
553830,554388,554393,558,5,1,600,56.3
553831,554395,554397,564,2,1,600,56.6
553833,554400,554402,567,2,1,600,56.9
553834,554408,554409,574,1,1,600,57.5
553836,554413,554415,577,2,1,600,57.9
553837,554421,554422,584,1,1,600,58.5
553838,554426,554428,588,2,1,600,59.0
553840,554432,554433,592,1,1,600,59.3
553901,554439,554440,538,1,1,600,53.9
553903,554444,554446,541,2,1,600,54.3
553904,554452,554453,548,1,1,600,54.9
553906,554457,554459,551,2,1,600,55.3
553907,554463,554464,556,1,1,600,55.7
553909,554470,554471,561,1,1,600,56.2
553910,554475,554477,565,2,1,600,56.7
553911,554483,554484,572,1,1,600,57.3
553913,554488,554489,575,1,1,600,57.6
553914,554494,554495,580,1,1,600,58.1
553916,554501,554502,585,1,1,600,58.6
553917,554506,554508,589,2,1,600,59.1
553918,554512,554513,594,1,1,600,59.5
553920,554519,554520,599,1,1,600,60.0
553981,554524,554526,543,2,1,600,54.5
553983,554532,554533,549,1,1,600,55.0
553984,554537,554538,553,1,1,600,55.4
553987,554542,554544,555,2,1,600,55.7
553988,554549,554550,561,1,1,600,56.2
553989,554554,554556,565,2,1,600,56.7
553991,554562,554563,571,1,1,600,57.2
553992,554567,554568,575,1,1,600,57.6
553994,554572,554574,578,2,1,600,58.0
553995,554585,554588,590,3,1,600,59.3
553997,554600,554601,603,1,1,600,60.4
553998,554612,554614,614,2,1,600,61.6
554000,554626,554628,626,2,1,600,62.8
554061,554641,554642,580,1,1,600,58.1
554062,554654,554656,592,2,1,600,59.4
554064,554668,554674,604,6,1,600,61.0
554065,554686,554687,621,1,1,600,62.2
554067,554700,554702,633,2,1,600,63.5
554068,554714,554720,646,6,1,600,65.2
554069,554109,556136,40,2027,2,2700,1.01973359645
554070,554733,554734,663,1,1,600,66.4
554071,554746,554747,675,1,1,600,67.6
554073,554759,554760,686,1,1,600,68.7
554074,554772,554774,698,2,1,600,70.0
554075,554785,554787,710,2,1,600,71.2
554077,554799,554800,722,1,1,600,72.3
554078,554812,554813,734,1,1,600,73.5
554080,554825,554826,745,1,1,600,74.6
554081,554838,554839,757,1,1,600,75.8
554143,554851,554852,708,1,1,600,70.9
554144,554864,554866,720,2,1,600,72.2
554145,554878,554879,733,1,1,600,73.4
554147,554890,554892,743,2,1,600,74.5
554148,554910,554911,762,1,1,600,76.3
554150,554929,554931,779,2,1,600,78.1
554151,554942,554944,791,2,1,600,79.3
554153,554962,554964,809,2,1,600,81.1
554154,554976,554977,822,1,1,600,82.3
554155,554989,554991,834,2,1,600,83.6
554157,555003,555004,846,1,1,600,84.7
554158,555016,555017,858,1,1,600,85.9
554160,555029,555031,869,2,1,600,87.1
554161,555043,555044,882,1,1,600,88.3
554219,554263,556298,44,2035,2,2700,1.02162162162
554223,555057,555059,834,2,1,600,83.6
554224,555071,555073,847,2,1,600,84.9
554226,555084,555086,858,2,1,600,86.0
554227,555099,555100,872,1,1,600,87.3
554228,555112,555114,884,2,1,600,88.6
554230,555126,555127,896,1,1,600,89.7
554231,555139,555140,908,1,1,600,90.9
554233,555152,555153,919,1,1,600,92.0
554234,555165,555166,931,1,1,600,93.2
554235,555178,555180,943,2,1,600,94.5
554237,555192,555194,955,2,1,600,95.7
554238,555205,555219,967,14,1,600,70.0714285714
554240,555231,555238,991,7,1,600,99.8
554302,555250,555251,948,1,1,600,94.9
554303,555263,555264,960,1,1,600,96.1
554305,555275,555277,970,2,1,600,97.2
554306,555289,555296,983,7,1,600,99.0
554308,555308,555309,1000,1,1,600,100.1
554309,555321,555322,1012,1,1,600,101.3
554311,555334,555337,1023,3,1,600,102.6
554312,555348,555351,1036,3,1,600,103.9
554312,554339,556368,27,2029,2,2700,1.01330704781
554314,555363,555364,1049,1,1,600,105.0
554315,555376,555377,1061,1,1,600,106.2
554316,555389,555391,1073,2,1,600,107.5
554318,555403,555404,1085,1,1,600,108.6
554319,555416,555417,1097,1,1,600,109.8
554381,555430,555431,1049,1,1,600,105.0
554382,555443,555455,1061,12,1,600,89.4166666667
554384,555466,555468,1082,2,1,600,108.4
554385,555480,555481,1095,1,1,600,109.6
554386,555493,555494,1107,1,1,600,110.8
554388,555505,555507,1117,2,1,600,111.9
554389,555519,555521,1130,2,1,600,113.2
554391,555533,555535,1142,2,1,600,114.4
554392,555547,555548,1155,1,1,600,115.6
554394,555559,555561,1165,2,1,600,116.7
554395,555573,555574,1178,1,1,600,117.9
554457,555586,555587,1129,1,1,600,113.0
554458,555600,555601,1142,1,1,600,114.3
554459,555613,555619,1154,6,1,600,116.0
554461,555631,555632,1170,1,1,600,117.1
554462,555644,555645,1182,1,1,600,118.3
554464,555657,555659,1193,2,1,600,119.5
554465,555671,555672,1206,1,1,600,120.7
554467,555684,555685,1217,1,1,600,121.8
554468,555698,555700,1230,2,1,600,123.2
554470,555712,555713,1242,1,1,600,124.3
554471,555725,555726,1254,1,1,600,125.5
554473,555738,555740,1265,2,1,600,126.7
554474,555752,555753,1278,1,1,600,127.9
554536,555765,555767,1229,2,1,600,123.1
554537,555779,555781,1242,2,1,600,124.4
554538,555793,555795,1255,2,1,600,125.7
554540,555807,555808,1267,1,1,600,126.8
554541,555820,555821,1279,1,1,600,128.0
554543,555832,555834,1289,2,1,600,129.1
554544,555846,555848,1302,2,1,600,130.4
554546,555859,555861,1313,2,1,600,131.5
554547,555873,555875,1326,2,1,600,132.8
554549,555886,555888,1337,2,1,600,133.9
554550,555900,555902,1350,2,1,600,135.2
554551,555914,555917,1363,3,1,600,136.6
554553,555929,555930,1376,1,1,600,137.7
554557,554580,556697,23,2117,2,2700,1.0108644308
554614,555942,555943,1328,1,1,600,132.9
554616,555955,555964,1339,9,1,600,134.8
554617,555977,555978,1360,1,1,600,136.1
554619,555990,555991,1371,1,1,600,137.2
554620,556003,556004,1383,1,1,600,138.4
554622,556017,556019,1395,2,1,600,139.7
554623,556030,556032,1407,2,1,600,140.9
554624,556044,556045,1420,1,1,600,142.1
554686,556057,556058,1371,1,1,600,137.2
554687,556334,558380,1647,2046,2,2700,1.80498533724
554687,556070,556072,1383,2,1,600,138.5
554689,556084,556086,1395,2,1,600,139.7
554690,556097,556099,1407,2,1,600,140.9
554752,556111,556113,1359,2,1,600,136.1
554753,556125,556127,1372,2,1,600,137.4
554755,556138,556144,1383,6,1,600,138.9
554756,556148,556150,1392,2,1,600,139.4
554757,556153,556154,1396,1,1,600,139.7
554796,556463,558511,1667,2048,2,2700,1.81396484375
554819,556160,556161,1341,1,1,600,134.2
554820,556167,556168,1347,1,1,600,134.8
554822,556172,556174,1350,2,1,600,135.2
554823,556179,556181,1356,2,1,600,135.8
554824,556185,556187,1361,2,1,600,136.3
554886,556192,556193,1306,1,1,600,130.7
554887,556199,556200,1312,1,1,600,131.3
554889,556204,556205,1315,1,1,600,131.6
554890,556211,556212,1321,1,1,600,132.2
554892,556218,556219,1326,1,1,600,132.7
554894,554904,560344,10,5440,5,9000,1.00183823529
554905,554916,560004,11,5088,5,9000,1.00216194969
554916,554923,560636,7,5713,5,9000,1.00122527569
554927,554935,559843,8,4908,5,9000,1.00162999185
554938,554950,560912,12,5962,5,9000,1.0020127474
554950,554957,560043,7,5086,5,9000,1.00137632717
554953,556223,556225,1270,2,1,600,127.2
554954,556231,556232,1277,1,1,600,127.8
554956,556236,556238,1280,2,1,600,128.2
554957,556244,556245,1287,1,1,600,128.8
554961,554968,559818,7,4850,5,9000,1.00144329897
554972,554982,560159,10,5177,5,9000,1.00193162063
554983,558638,563111,3655,4473,5,9000,1.81712497205
555019,556249,556250,1230,1,1,600,123.1
555020,556256,556261,1236,5,1,600,124.1
555022,556263,556265,1241,2,1,600,124.3
555023,556268,556275,1245,7,1,600,125.2
555024,556276,556279,1252,3,1,600,125.5
555064,557086,559131,2022,2045,2,2700,1.98875305623
555086,556282,556284,1196,2,1,600,119.8
555087,556290,556293,1203,3,1,600,120.6
555089,556297,556299,1208,2,1,600,121.0
555090,556302,556305,1212,3,1,600,121.5
555091,556309,556310,1218,1,1,600,121.9
555153,556316,556318,1163,2,1,600,116.5
555154,556321,556323,1167,2,1,600,116.9
555156,556327,556328,1171,1,1,600,117.2
555157,556339,556341,1182,2,1,600,118.4
555159,558392,560369,3233,1977,2,2700,2.63530601922
555217,558524,560482,3307,1958,2,2700,2.68896833504
555218,556347,556348,1129,1,1,600,113.0
555220,556352,556353,1132,1,1,600,113.3
555221,556359,556360,1138,1,1,600,113.9
555223,556366,556367,1143,1,1,600,114.4
555284,556371,556373,1087,2,1,600,108.9
555285,556378,556380,1093,2,1,600,109.5
555287,556384,556385,1097,1,1,600,109.8
555288,556391,556393,1103,2,1,600,110.5
555289,556396,556398,1107,2,1,600,110.9
555351,556402,556405,1051,3,1,600,105.4
555352,556409,556412,1057,3,1,600,106.0
555354,556414,556416,1060,2,1,600,106.2
555355,556420,556421,1065,1,1,600,106.6
555356,556427,556428,1071,1,1,600,107.2
555406,808419,915424,253013,107005,3,604800,3.36449698612
555418,556432,556434,1014,2,1,600,101.6
555419,556438,556439,1019,1,1,600,102.0
555421,556445,556446,1024,1,1,600,102.5
555422,556450,556452,1028,2,1,600,103.0
555423,556456,556457,1033,1,1,600,103.4
555485,556468,556470,983,2,1,600,98.5
555486,556476,556478,990,2,1,600,99.2
555488,556481,556485,993,4,1,600,99.7
555489,556489,556490,1000,1,1,600,100.1
555551,556496,556498,945,2,1,600,94.7
555552,556503,556506,951,3,1,600,95.4
555553,556508,556509,955,1,1,600,95.6
555555,556515,556522,960,7,1,600,96.7
555556,556522,556523,966,1,1,600,96.7
555618,556527,556529,909,2,1,600,91.1
555619,556534,556536,915,2,1,600,91.7
555620,556540,556542,920,2,1,600,92.2
555622,556546,556561,924,15,1,600,62.6
555683,556553,556555,870,2,1,600,87.2
555685,556560,556561,875,1,1,600,87.6
555686,556567,556568,881,1,1,600,88.2
555687,556574,556575,887,1,1,600,88.8
555689,556579,556581,890,2,1,600,89.2
555750,556587,556588,837,1,1,600,83.8
555752,556592,556594,840,2,1,600,84.2
555753,556599,556600,846,1,1,600,84.7
555755,556606,556609,851,3,1,600,85.4
555756,556611,556612,855,1,1,600,85.6
555817,556619,556620,802,1,1,600,80.3
555819,556626,556627,807,1,1,600,80.8
555820,556631,556633,811,2,1,600,81.3
555822,556638,556639,816,1,1,600,81.7
555823,556644,556646,821,2,1,600,82.3
555885,556650,556651,765,1,1,600,76.6
555886,556657,556658,771,1,1,600,77.2
555887,556664,556665,777,1,1,600,77.8
555889,556669,556672,780,3,1,600,78.3
555890,556676,556677,786,1,1,600,78.7
555952,556683,556684,731,1,1,600,73.2
555953,556690,556691,737,1,1,600,73.8
555954,556695,556696,741,1,1,600,74.2
555956,556702,556705,746,3,1,600,74.9
555957,556709,556711,752,2,1,600,75.4
556019,556714,556715,695,1,1,600,69.6
556020,556720,556721,700,1,1,600,70.1
556021,556725,556727,704,2,1,600,70.6
556023,556732,556733,709,1,1,600,71.0
556024,556737,556740,713,3,1,600,71.6
556086,556743,556756,657,13,1,600,51.5384615385
556087,556750,556753,663,3,1,600,66.6
556088,556755,556759,667,4,1,600,67.1
556090,556761,556763,671,2,1,600,67.3
556151,556768,556769,617,1,1,600,61.8
556153,556773,556775,620,2,1,600,62.2
556154,556779,556780,625,1,1,600,62.6
556155,556786,556787,631,1,1,600,63.2
556157,556791,556792,634,1,1,600,63.5
556158,556796,556798,638,2,1,600,64.0
556220,556804,556805,584,1,1,600,58.5
556221,556809,556816,588,7,1,600,59.5
556223,556815,556820,592,5,1,600,59.7
556224,556820,556821,596,1,1,600,59.7
556226,556827,556829,601,2,1,600,60.3
556227,556832,556833,605,1,1,600,60.6
556228,556840,556841,612,1,1,600,61.3
556230,556845,556848,615,3,1,600,61.8
556231,556851,556852,620,1,1,600,62.1
556233,556858,556869,625,11,1,600,57.8181818182
556234,556863,556876,629,13,1,600,49.3846153846
556236,556869,556870,633,1,1,600,63.4
556297,556876,556877,579,1,1,600,58.0
556299,556881,556882,582,1,1,600,58.3
556300,556888,556891,588,3,1,600,59.1
556302,556893,556895,591,2,1,600,59.3
556303,556899,556901,596,2,1,600,59.8
556305,556906,556907,601,1,1,600,60.2
556306,556911,556913,605,2,1,600,60.7
556307,556917,556918,610,1,1,600,61.1
556309,556924,556930,615,6,1,600,62.1
556310,556929,556932,619,3,1,600,62.2
556312,556935,556936,623,1,1,600,62.4
556313,556942,556946,629,4,1,600,63.3
556375,556947,556948,572,1,1,600,57.3
556376,556952,556954,576,2,1,600,57.8
556378,556960,556961,582,1,1,600,58.3
556379,556965,556966,586,1,1,600,58.7
556381,556970,556977,589,7,1,600,59.6
556382,556976,556978,594,2,1,600,59.6
556384,556983,556986,599,3,1,600,60.2
556385,556988,557002,603,14,1,600,44.0714285714
556387,556994,556996,607,2,1,600,60.9
556388,557001,557003,613,2,1,600,61.5
556390,557006,557008,616,2,1,600,61.8
556391,557012,557013,621,1,1,600,62.2
556452,557019,557026,567,7,1,600,57.4
556454,557024,557026,570,2,1,600,57.2
556455,557030,557031,575,1,1,600,57.6
556457,557037,557039,580,2,1,600,58.2
556458,557042,557044,584,2,1,600,58.6
556460,557050,557051,590,1,1,600,59.1
556461,557055,557057,594,2,1,600,59.6
556463,557061,557062,598,1,1,600,59.9
556464,557068,557070,604,2,1,600,60.6
556465,557073,557075,608,2,1,600,61.0
556467,557079,557081,612,2,1,600,61.4
556468,557091,557093,623,2,1,600,62.5
556530,557099,557100,569,1,1,600,57.0
556531,557104,557106,573,2,1,600,57.5
556533,557111,557115,578,4,1,600,58.2
556534,557118,557119,584,1,1,600,58.5
556536,557123,557126,587,3,1,600,59.0
556537,557131,557132,594,1,1,600,59.5
556538,557136,557138,598,2,1,600,60.0
556540,557143,557144,603,1,1,600,60.4
556541,557150,557163,609,13,1,600,47.8461538462
556543,557155,557156,612,1,1,600,61.3
556544,557162,557164,618,2,1,600,62.0
556606,557169,557173,563,4,1,600,56.7
556607,557177,557181,570,4,1,600,57.4
556608,557182,557184,574,2,1,600,57.6
556610,557189,557190,579,1,1,600,58.0
556611,557195,557197,584,2,1,600,58.6
556613,557201,557202,588,1,1,600,58.9
556614,557208,557210,594,2,1,600,59.6
556616,557214,557219,598,5,1,600,60.3
556617,557220,557221,603,1,1,600,60.4
556618,557227,557231,609,4,1,600,61.3
556620,557234,557236,614,2,1,600,61.6
556621,557239,557240,618,1,1,600,61.9
556683,557246,557247,563,1,1,600,56.4
556684,557253,557255,569,2,1,600,57.1
556686,557258,557259,572,1,1,600,57.3
556687,557266,557268,579,2,1,600,58.1
556688,557273,557275,585,2,1,600,58.7
556690,557278,557279,588,1,1,600,58.9
556692,557286,557288,594,2,1,600,59.6
556693,557293,557294,600,1,1,600,60.1
556694,557298,557300,604,2,1,600,60.6
556696,557304,557307,608,3,1,600,61.1
556697,557311,557313,614,2,1,600,61.6
556699,557317,557318,618,1,1,600,61.9
556760,557323,557325,563,2,1,600,56.5
556762,557331,557332,569,1,1,600,57.0
556763,557336,557342,573,6,1,600,57.9
556765,557343,557344,578,1,1,600,57.9
556766,557350,557351,584,1,1,600,58.5
556768,557357,557358,589,1,1,600,59.0
556769,557362,557364,593,2,1,600,59.5
556771,557370,557371,599,1,1,600,60.0
556772,557375,557376,603,1,1,600,60.4
556774,557382,557383,608,1,1,600,60.9
556776,557388,557390,612,2,1,600,61.4
556777,557395,557397,618,2,1,600,62.0
556779,557400,557402,621,2,1,600,62.3
556840,557408,557409,568,1,1,600,56.9
556842,557415,557417,573,2,1,600,57.5
556843,557420,557423,577,3,1,600,58.0
556844,557427,557428,583,1,1,600,58.4
556846,557434,557437,588,3,1,600,59.1
556848,557441,557444,593,3,1,600,59.6
556849,557446,557448,597,2,1,600,59.9
556850,557454,557456,604,2,1,600,60.6
556852,557461,557462,609,1,1,600,61.0
556853,557466,557468,613,2,1,600,61.5
556855,557474,557476,619,2,1,600,62.1
556856,557479,557480,623,1,1,600,62.4
556858,557486,557488,628,2,1,600,63.0
556859,557493,557494,634,1,1,600,63.5
556920,557498,557501,578,3,1,600,58.1
556922,557506,557507,584,1,1,600,58.5
556923,557511,557513,588,2,1,600,59.0
556925,557518,557519,593,1,1,600,59.4
556926,557525,557535,599,10,1,600,60.9
556928,557530,557541,602,11,1,600,55.7272727273
556929,557537,557539,608,2,1,600,61.0
556930,557547,557549,617,2,1,600,61.9
556932,557554,557555,622,1,1,600,62.3
556933,557559,557560,626,1,1,600,62.7
556935,557566,557567,631,1,1,600,63.2
556936,557573,557575,637,2,1,600,63.9
556938,557578,557580,640,2,1,600,64.2
556999,557586,557587,587,1,1,600,58.8
557001,557593,557594,592,1,1,600,59.3
557002,557598,557600,596,2,1,600,59.8
557003,557606,557607,603,1,1,600,60.4
557005,557611,557612,606,1,1,600,60.7
557006,557618,557619,612,1,1,600,61.3
557008,557623,557629,615,6,1,600,62.1
557009,557631,557633,622,2,1,600,62.4
557011,557636,557657,625,21,1,600,30.7619047619
557012,557642,557643,630,1,1,600,63.1
557014,557649,557651,635,2,1,600,63.7
557015,557654,557656,639,2,1,600,64.1
557017,557662,557664,645,2,1,600,64.7
557046,559143,561171,2097,2028,2,2700,2.03402366864
557079,557669,557670,590,1,1,600,59.1
557080,557674,557675,594,1,1,600,59.5
557081,557680,557681,599,1,1,600,60.0
557083,557687,557688,604,1,1,600,60.5
557084,557692,557694,608,2,1,600,61.0
557086,557698,557699,612,1,1,600,61.3
557087,557705,557706,618,1,1,600,61.9
557089,557710,557712,621,2,1,600,62.3
557090,557718,557720,628,2,1,600,63.0
557092,557723,557725,631,2,1,600,63.3
557093,557729,557730,636,1,1,600,63.7
557094,557736,557737,642,1,1,600,64.3
557133,560380,562450,3247,2070,2,2700,2.56859903382
557156,557741,557744,585,3,1,600,58.8
557157,557748,557750,591,2,1,600,59.3
557159,557753,557758,594,5,1,600,59.9
557160,557761,557772,601,11,1,600,55.6363636364
557162,557766,557776,604,10,1,600,61.4
557163,557773,557774,610,1,1,600,61.1
557165,557778,557780,613,2,1,600,61.5
557166,557785,557786,619,1,1,600,62.0
557167,557792,557793,625,1,1,600,62.6
557169,557797,557800,628,3,1,600,63.1
557170,557803,557804,633,1,1,600,63.4
557172,557810,557811,638,1,1,600,63.9
557200,560493,562482,3293,1989,2,2700,2.65560583208
557233,557815,557816,582,1,1,600,58.3
557235,557822,557833,587,11,1,600,54.3636363636
557236,557827,557829,591,2,1,600,59.3
557237,557835,557836,598,1,1,600,59.9
557239,557840,557842,601,2,1,600,60.3
557240,557847,557848,607,1,1,600,60.8
557242,557852,557854,610,2,1,600,61.2
557243,557859,557860,616,1,1,600,61.7
557245,557864,557866,619,2,1,600,62.1
557246,557870,557872,624,2,1,600,62.6
557247,557876,557877,629,1,1,600,63.0
557249,557883,557884,634,1,1,600,63.5
557310,557888,557890,578,2,1,600,58.0
557312,557896,557897,584,1,1,600,58.5
557313,557901,557903,588,2,1,600,59.0
557315,557907,557908,592,1,1,600,59.3
557316,557914,557941,598,27,1,600,23.1481481481
557317,557919,557921,602,2,1,600,60.4
557319,557926,557928,607,2,1,600,60.9
557320,557932,557933,612,1,1,600,61.3
557322,557939,557941,617,2,1,600,61.9
557323,557946,557947,623,1,1,600,62.4
557324,557951,557952,627,1,1,600,62.8
557326,557958,557960,632,2,1,600,63.4
557341,561183,563197,3842,2014,2,2700,2.90764647468
557387,557963,557965,576,2,1,600,57.8
557389,557971,557972,582,1,1,600,58.3
557390,557976,557978,586,2,1,600,58.8
557392,557984,557985,592,1,1,600,59.3
557393,557989,557990,596,1,1,600,59.7
557394,557994,558000,600,6,1,600,60.6
557396,558002,558005,606,3,1,600,60.9
557396,562462,564461,5066,1999,2,2700,3.53426713357
557397,558007,558009,610,2,1,600,61.2
557399,558013,558014,614,1,1,600,61.5
557400,558020,558021,620,1,1,600,62.1
557402,558025,558027,623,2,1,600,62.5
557403,558033,558034,630,1,1,600,63.1
557465,558038,558040,573,2,1,600,57.5
557466,558043,558052,577,9,1,600,58.6
557468,558051,558052,583,1,1,600,58.4
557469,558056,558058,587,2,1,600,58.9
557471,558062,558064,591,2,1,600,59.3
557472,558069,558070,597,1,1,600,59.8
557474,558074,558076,600,2,1,600,60.2
557475,558082,558083,607,1,1,600,60.8
557476,558087,558088,611,1,1,600,61.2
557478,558093,558094,615,1,1,600,61.6
557479,558100,558102,621,2,1,600,62.3
557541,558105,558106,564,1,1,600,56.5
557542,558110,558112,568,2,1,600,57.0
557544,558118,558119,574,1,1,600,57.5
557545,558123,558125,578,2,1,600,58.0
557547,558129,558139,582,10,1,600,59.2
557548,558141,558148,593,7,1,600,60.0
557549,558147,558151,598,4,1,600,60.2
557551,558152,558155,601,3,1,600,60.4
557552,558158,558160,606,2,1,600,60.8
557554,558163,558166,609,3,1,600,61.2
557555,558169,558170,614,1,1,600,61.5
557557,558176,558178,619,2,1,600,62.1
557558,562493,564437,4935,1944,2,2700,3.53858024691
557619,558182,558183,563,1,1,600,56.4
557620,558187,558189,567,2,1,600,56.9
557621,558193,558195,572,2,1,600,57.4
557623,558198,558200,575,2,1,600,57.7
557624,558203,558205,579,2,1,600,58.1
557626,558211,558213,585,2,1,600,58.7
557627,558216,558218,589,2,1,600,59.1
557628,563209,565224,5581,2015,2,2700,3.76972704715
557629,558222,558227,593,5,1,600,59.8
557630,558227,558229,597,2,1,600,59.9
557632,558233,558235,601,2,1,600,60.3
557633,558238,558240,605,2,1,600,60.7
557695,558245,558247,550,2,1,600,55.2
557696,558251,558252,555,1,1,600,55.6
557698,558256,558258,558,2,1,600,56.0
557699,558261,558262,562,1,1,600,56.3
557701,558267,558268,566,1,1,600,56.7
557702,558272,558276,570,4,1,600,57.4
557704,564450,566446,6746,1996,2,2700,4.37975951904
557704,575576,575578,17872,2,1,600,1787.4
557705,575582,575583,17877,1,1,600,1787.8
557706,575587,575588,17881,1,1,600,1788.2
557708,575592,575594,17884,2,1,600,1788.6
557709,575598,575601,17889,3,1,600,1789.2
557711,575603,575606,17892,3,1,600,1789.5
557712,575608,575610,17896,2,1,600,1789.8
557714,576133,576140,18419,7,1,600,1842.6
557775,576152,576163,18377,11,1,600,1671.63636364
557777,580353,580360,22576,7,1,600,2258.3
557778,580372,580374,22594,2,1,600,2259.6
557780,580386,580387,22606,1,1,600,2260.7
557781,580399,580400,22618,1,1,600,2261.9
557783,580412,580413,22629,1,1,600,2263.0
557784,580425,580426,22641,1,1,600,2264.2
557786,580438,580441,22652,3,1,600,2265.5
557787,580453,580455,22666,2,1,600,2266.8
557788,580467,580468,22679,1,1,600,2268.0
557790,580480,580481,22690,1,1,600,2269.1
557791,580492,580495,22701,3,1,600,2270.4
557793,580507,580509,22714,2,1,600,2271.6
557793,564472,566499,6679,2027,2,2700,4.2950172669
557854,580521,580535,22667,14,1,600,1620.07142857
557856,580547,580548,22691,1,1,600,2269.2
557857,580561,580562,22704,1,1,600,2270.5
557859,580574,580575,22715,1,1,600,2271.6
557860,583738,583744,25878,6,1,600,2588.4
557861,583757,583758,25896,1,1,600,2589.7
557863,583771,583772,25908,1,1,600,2590.9
557864,583784,583786,25920,2,1,600,2592.2
557866,583798,583800,25932,2,1,600,2593.4
557868,565236,567251,7368,2015,2,2700,4.65657568238
557868,583811,583814,25943,3,1,600,2594.6
557869,583825,583827,25956,2,1,600,2595.8
557871,586007,586015,28136,8,1,600,2814.4
557872,586019,586023,28147,4,1,600,2815.1
557934,588807,588819,30873,12,1,600,2573.75
557936,588831,588834,30895,3,1,600,3089.8
557937,588846,588847,30909,1,1,600,3091.0
557938,588858,588860,30920,2,1,600,3092.2
557940,588873,588876,30933,3,1,600,3093.6
557941,588888,588890,30947,2,1,600,3094.9
557943,588902,588903,30959,1,1,600,3096.0
557944,588916,588918,30972,2,1,600,3097.4
557946,588928,588935,30982,7,1,600,3098.9
557947,588935,588936,30988,1,1,600,3098.9
557948,588947,588948,30999,1,1,600,3100.0
557950,588954,588956,31004,2,1,600,3100.6
557967,566457,568495,8490,2038,2,2700,5.16584887144
558012,588962,588963,30950,1,1,600,3095.1
558013,588969,588971,30956,2,1,600,3095.8
558015,588977,588980,30962,3,1,600,3096.5
558016,588984,588986,30968,2,1,600,3097.0
558017,592438,592456,34421,18,1,600,1913.27777778
558019,592468,592470,34449,2,1,600,3445.1
558021,592482,592484,34461,2,1,600,3446.3
558022,592496,592503,34474,7,1,600,3448.1
558023,592515,592516,34492,1,1,600,3449.3
558025,592528,592530,34503,2,1,600,3450.5
558026,592535,592542,34509,7,1,600,3451.6
558028,592558,592559,34530,1,1,600,3453.1
558029,592572,592573,34543,1,1,600,3454.4
558029,566511,568514,8482,2003,2,2700,5.23464802796
558091,592585,592588,34494,3,1,600,3449.7
558092,592600,592602,34508,2,1,600,3451.0
558092,567263,569288,9171,2025,2,2700,5.52888888889
558094,592614,592616,34520,2,1,600,3452.2
558095,592622,592630,34527,8,1,600,3453.5
558096,592629,592630,34533,1,1,600,3453.4
558098,592768,592775,34670,7,1,600,3467.7
558100,592787,592788,34687,1,1,600,3468.8
558101,592801,592803,34700,2,1,600,3470.2
558102,592815,592816,34713,1,1,600,3471.4
558104,592828,592829,34724,1,1,600,3472.5
558106,592841,592846,34735,5,1,600,3474.0
558107,592858,592859,34751,1,1,600,3475.2
558108,592872,592874,34764,2,1,600,3476.6
558170,592886,592887,34716,1,1,600,3471.7
558171,592898,592900,34727,2,1,600,3472.9
558173,592912,592914,34739,2,1,600,3474.1
558174,592926,592937,34752,11,1,600,3160.27272727
558176,592949,592950,34773,1,1,600,3477.4
558177,592962,592963,34785,1,1,600,3478.6
558179,592976,592977,34797,1,1,600,3479.8
558180,592983,592990,34803,7,1,600,3481.0
558182,592990,592991,34808,1,1,600,3480.9
558183,593473,593481,35290,8,1,600,3529.8
558185,593493,593496,35308,3,1,600,3531.1
558186,593508,593509,35322,1,1,600,3532.3
558200,568506,570526,10306,2020,2,2700,6.10198019802
558248,593521,593524,35273,3,1,600,3527.6
558249,593536,593538,35287,2,1,600,3528.9
558251,593551,593568,35300,17,1,600,2077.47058824
558253,593580,593581,35327,1,1,600,3532.8
558254,593587,593595,35333,8,1,600,3534.1
558256,593594,593595,35338,1,1,600,3533.9
558257,593678,593685,35421,7,1,600,3542.8
558259,593697,593698,35438,1,1,600,3543.9
558260,593710,593713,35450,3,1,600,3545.3
558261,593725,593726,35464,1,1,600,3546.5
558263,593738,593739,35475,1,1,600,3547.6
558264,593751,593753,35487,2,1,600,3548.9
558266,593764,593766,35498,2,1,600,3550.0
558267,593778,593779,35511,1,1,600,3551.2
558269,593791,593794,35522,3,1,600,3552.5
558274,568526,570562,10252,2036,2,2700,6.03536345776
558330,593808,593810,35478,2,1,600,3548.0
558332,593823,593824,35491,1,1,600,3549.2
558375,680071,743857,121696,63786,6,604800,2.90787947198
558427,569299,571321,10872,2022,2,2700,6.37685459941
558492,570575,572615,12083,2040,2,2700,6.92303921569
558573,571501,573542,12928,2041,2,2700,7.33414992651
558632,572627,574653,13995,2026,2,2700,7.90769990128
558639,558646,563327,7,4681,5,9000,1.00149540696
558650,558657,563874,7,5217,5,9000,1.0013417673
558662,558668,563481,6,4813,5,9000,1.00124662373
558673,558680,563207,7,4527,5,9000,1.00154627789
558684,558690,563301,6,4611,5,9000,1.00130123617
558692,559829,561437,1137,1608,8,6000,1.70708955224
558705,573109,575147,14404,2038,2,2700,8.06771344455
558764,573554,575607,14790,2053,2,2700,8.20409157331
559044,574665,576695,15621,2030,2,2700,8.69507389163
559327,799139,799171,239812,32,1,604800,7495.125
559684,575048,577108,15364,2060,2,2700,8.45825242718
559834,560006,561617,172,1611,8,6000,1.10676598386
559955,680096,787665,120141,107569,6,604800,2.11687382052
560010,560016,561620,6,1604,8,6000,1.00374064838
560021,560171,561786,150,1615,8,6000,1.09287925697
560167,560355,561957,188,1602,8,6000,1.11735330836
560645,560923,562538,278,1615,8,6000,1.17213622291
560925,561448,563073,523,1625,8,6000,1.32184615385
561454,561628,563230,174,1602,8,6000,1.10861423221
561631,561638,563251,7,1613,8,6000,1.00433973962
561642,561798,563415,156,1617,8,6000,1.09647495362
561798,561969,563564,171,1595,8,6000,1.10721003135
561965,562426,564041,461,1615,8,6000,1.28544891641
562047,575626,585348,13579,9722,4,14400,2.39672906809
562546,562552,564163,6,1611,8,6000,1.00372439479
563075,563123,564724,48,1601,8,6000,1.02998126171
563117,563242,564856,125,1614,8,6000,1.07744733581
563232,563264,564871,32,1607,8,6000,1.01991288114
563253,563312,564913,59,1601,8,6000,1.03685196752
563306,563339,564942,33,1603,8,6000,1.0205864005
563338,563427,565043,89,1616,8,6000,1.05507425743
563421,563576,565191,155,1615,8,6000,1.0959752322
563567,563885,565489,318,1604,8,6000,1.19825436409
563878,564053,565668,175,1615,8,6000,1.10835913313
564045,564174,565793,129,1619,8,6000,1.07967881408
564170,564735,566353,565,1618,8,6000,1.34919653894
564730,564868,566489,138,1621,8,6000,1.08513263418
564865,564882,566518,17,1636,8,6000,1.01039119804
564876,564924,566529,48,1605,8,6000,1.02990654206
564918,564954,566562,36,1608,8,6000,1.0223880597
564950,565056,566688,106,1632,8,6000,1.06495098039
565044,565194,566815,150,1621,8,6000,1.09253547193
565200,565206,566832,6,1626,8,6000,1.0036900369
565211,565501,567111,290,1610,8,6000,1.1801242236
565466,575160,648842,9694,73682,2,88800,1.13156537553
565502,565679,567304,177,1625,8,6000,1.10892307692
565679,565805,567413,126,1608,8,6000,1.07835820896
565804,566365,567996,561,1631,8,6000,1.34396076027
566364,566501,568113,137,1612,8,6000,1.08498759305
566499,566530,568138,31,1608,8,6000,1.01927860697
566531,566541,568170,10,1629,8,6000,1.00613873542
566542,566574,568184,32,1610,8,6000,1.0198757764
566574,566699,568298,125,1599,8,6000,1.07817385866
566699,566826,568447,127,1621,8,6000,1.07834669957
566824,566844,568476,20,1632,8,6000,1.01225490196
566845,567123,568739,278,1616,8,6000,1.17202970297
567126,567315,568987,189,1672,8,6000,1.11303827751
567313,567424,569033,111,1609,8,6000,1.06898694842
567428,567949,569566,521,1617,8,6000,1.32220160792
567946,568007,569617,61,1610,8,6000,1.03788819876
568009,568124,569750,115,1626,8,6000,1.07072570726
568125,568151,569774,26,1623,8,6000,1.01601971657
568156,568181,569795,25,1614,8,6000,1.01548946716
568178,568196,569815,18,1619,8,6000,1.01111797406
568199,568309,569926,110,1617,8,6000,1.06802721088
568314,568458,570086,144,1628,8,6000,1.08845208845
568459,568489,570098,30,1609,8,6000,1.01864512119
568491,568750,570384,259,1634,8,6000,1.15850673195
568751,568999,570635,248,1636,8,6000,1.15158924205
569000,569045,570688,45,1643,8,6000,1.0273889227
569043,569578,571202,535,1624,8,6000,1.32943349754
569581,569628,571243,47,1615,8,6000,1.02910216718
569634,569761,571385,127,1624,8,6000,1.07820197044
569759,569785,571415,26,1630,8,6000,1.01595092025
569772,574994,574995,5222,1,8,7200,522.3
569791,569806,571427,15,1621,8,6000,1.00925354719
569812,569827,571473,15,1646,8,6000,1.00911300122
569823,569938,571565,115,1627,8,6000,1.07068223725
569938,570097,571713,159,1616,8,6000,1.09839108911
570094,570110,571749,16,1639,8,6000,1.00976205003
570115,570396,572014,281,1618,8,6000,1.17367119901
570124,807011,807619,236887,608,128,600,390.616776316
570390,808424,915441,238034,107017,3,604800,3.22426343478
570396,570647,572259,251,1612,8,6000,1.15570719603
570432,570537,573096,105,2559,2,68400,1.04103165299
570645,570699,572318,54,1619,8,6000,1.03335392217
570698,571215,572833,517,1618,8,6000,1.3195302843
570885,571334,571490,449,156,2,64800,3.87820512821
571217,571254,572878,37,1624,8,6000,1.02278325123
571259,571397,573027,138,1630,8,6000,1.08466257669
571394,571428,573062,34,1634,8,6000,1.02080783354
571426,571439,573068,13,1629,8,6000,1.00798035605
571437,571484,573104,47,1620,8,6000,1.02901234568
571489,571577,573210,88,1633,8,6000,1.05388854868
571573,571724,573344,151,1620,8,6000,1.09320987654
571729,571760,573389,31,1629,8,6000,1.0190300798
571761,572026,573651,265,1625,8,6000,1.16307692308
572031,572271,573907,240,1636,8,6000,1.1466992665
572269,572330,573957,61,1627,8,6000,1.03749231715
572332,572846,574466,514,1620,8,6000,1.31728395062
572851,572889,574527,38,1638,8,6000,1.0231990232
572893,573039,574683,146,1644,8,6000,1.08880778589
573038,573073,574761,35,1688,8,6000,1.02073459716
573070,573080,574719,10,1639,8,6000,1.00610128127
573081,573115,574752,34,1637,8,6000,1.02076970067
573113,573221,574853,108,1632,8,6000,1.06617647059
573217,573357,574982,140,1625,8,6000,1.08615384615
573352,573401,575031,49,1630,8,6000,1.03006134969
573405,573663,575286,258,1623,8,6000,1.15896487985
573488,581368,583712,7880,2344,1,36000,4.36177474403
573665,573920,575565,255,1645,8,6000,1.15501519757
573924,573970,575604,46,1634,8,6000,1.02815177479
573966,574478,576108,512,1630,8,6000,1.31411042945
574474,574539,576162,65,1623,8,6000,1.04004929144
574537,574696,576335,159,1639,8,6000,1.09701037218
574693,574731,576371,38,1640,8,6000,1.02317073171
574735,574765,576402,30,1637,8,6000,1.01832620648
574767,574774,576409,7,1635,8,6000,1.00428134557
574778,574865,576522,87,1657,8,6000,1.05250452625
574870,575043,580434,173,5391,5,9000,1.03209052124
575047,575297,580972,250,5675,5,9000,1.04405286344
575296,575304,580869,8,5565,5,9000,1.00143755615
575307,575616,580919,309,5303,5,9000,1.05826890439
575567,575621,580670,54,5049,5,9000,1.01069518717
575619,576121,580773,502,4652,5,9000,1.1079105761
575640,593903,593905,18263,2,1,600,1826.5
575641,593917,593918,18276,1,1,600,1827.7
575643,593930,593931,18287,1,1,600,1828.8
575644,593943,593946,18299,3,1,600,1830.2
575645,593958,593971,18313,13,1,600,1409.69230769
575647,593836,593838,18189,2,1,600,1819.1
575648,593850,593851,18202,1,1,600,1820.3
576117,576174,581843,57,5669,5,9000,1.01005468337
576118,576179,580805,61,4626,5,9000,1.01318633809
576170,576347,580944,177,4597,5,9000,1.03850337176
576190,593864,593865,17674,1,1,600,1767.5
576191,593877,593878,17686,1,1,600,1768.7
576206,641545,645923,65339,4378,8,7200,15.9243947008
576337,576382,581655,45,5273,5,9000,1.00853404134
576348,576388,581128,40,4740,5,9000,1.00843881857
576379,576414,580884,35,4470,5,9000,1.00782997763
576390,576420,582060,30,5640,5,9000,1.00531914894
576412,580052,584750,3640,4698,5,9000,1.77479778629
576423,583654,588669,7231,5015,5,9000,2.44187437687
578049,645975,650188,67926,4213,25,7200,17.1229527653
580057,583671,588513,3614,4842,5,9000,1.746385791
580399,593890,593891,13491,1,1,600,1349.2
580401,593983,593995,13582,12,1,600,1132.83333333
580402,594007,594008,13605,1,1,600,1360.6
580463,594021,594027,13558,6,1,600,1356.4
580465,594039,594041,13574,2,1,600,1357.6
580466,594053,594054,13587,1,1,600,1358.8
580467,594067,594068,13600,1,1,600,1360.1
580469,594081,594082,13612,1,1,600,1361.3
580530,594095,594096,13565,1,1,600,1356.6
580532,594109,594111,13577,2,1,600,1357.9
580533,594124,594134,13591,10,1,600,1360.1
580534,594146,594147,13612,1,1,600,1361.3
580561,584127,623186,3566,39059,2,49500,1.09129778028
580596,594160,594161,13564,1,1,600,1356.5
580597,594173,594175,13576,2,1,600,1357.8
580599,594187,594189,13588,2,1,600,1359.0
580600,594201,594203,13601,2,1,600,1360.3
580674,585360,624736,4686,39376,2,49500,1.11900650142
580724,585365,625030,4641,39665,2,49500,1.11700491617
580764,587033,626044,6269,39011,2,49500,1.16069826459
580814,587443,627562,6629,40119,2,49500,1.16523343054
580896,587455,627772,6559,40317,2,49500,1.1626857157
580912,680119,687743,99207,7624,2,180000,14.0124606506
581010,591353,630680,10343,39327,2,49500,1.26299997457
581115,592642,631501,11527,38859,2,49500,1.29663655781
581236,593004,632422,11768,39418,2,49500,1.29854381247
581281,593606,633019,12325,39413,2,49500,1.31271407911
581411,594392,633948,12981,39556,2,49500,1.32816766104
581537,595110,634836,13573,39726,2,49500,1.34166540805
581583,595329,634297,13746,38968,2,49500,1.35275097516
581652,601996,640971,20344,38975,2,49500,1.5219756254
581693,602297,642030,20604,39733,2,49500,1.51856139733
581758,603207,641959,21449,38752,2,49500,1.55349401321
581814,603212,642313,21398,39101,2,49500,1.54724943096
581853,603286,643030,21433,39744,2,49500,1.53927636876
581916,603291,641499,21375,38208,2,49500,1.55943781407
581950,606995,645647,25045,38652,2,49500,1.64796129566
581984,608654,647652,26670,38998,2,49500,1.68388122468
582068,617753,655767,35685,38014,2,49500,1.93873309833
582105,617758,656920,35653,39162,2,49500,1.91039783464
582180,619162,655673,36982,36511,2,49500,2.01290022185
582228,619319,657867,37091,38548,2,49500,1.96220296773
582297,619324,658883,37027,39559,2,49500,1.93599433757
582382,620908,660556,38526,39648,2,49500,1.97170096852
582477,620913,660790,38436,39877,2,49500,1.96386388144
582570,623198,662779,40628,39581,2,49500,2.0264520856
582629,624748,663508,42119,38760,2,49500,2.08666150671
582666,625042,664350,42376,39308,2,49500,2.07805026967
582728,626056,665714,43328,39658,2,49500,2.0925412275
583654,583661,588098,7,4437,5,9000,1.00157764255
583665,583676,588381,11,4705,5,9000,1.00233793836
583676,583683,588589,7,4906,5,9000,1.0014268243
583676,583688,589225,12,5537,5,9000,1.00216723858
583687,583695,588967,8,5272,5,9000,1.00151745068
583688,583701,588883,13,5182,5,9000,1.00250868391
583699,583708,589018,9,5310,5,9000,1.00169491525
583699,583713,588605,14,4892,5,9000,1.00286181521
583710,583720,589334,10,5614,5,9000,1.00178126113
583711,583725,589195,14,5470,5,9000,1.00255941499
583722,583732,588252,10,4520,5,9000,1.00221238938
583723,587346,592508,3623,5162,5,9000,1.70185974429
583734,590960,595975,7226,5015,5,9000,2.4408773679
583786,594215,594218,10429,3,1,600,1043.2
583788,594230,594231,10442,1,1,600,1044.3
583789,594243,594244,10454,1,1,600,1045.5
583850,594256,594257,10406,1,1,600,1040.7
583852,594269,594271,10417,2,1,600,1041.9
583853,594283,594291,10430,8,1,600,1043.8
583854,594303,594304,10449,1,1,600,1045.0
586079,594310,594316,8231,6,1,600,823.7
586080,594317,594319,8237,2,1,600,823.9
587345,590966,595553,3621,4587,5,9000,1.78940483976
588847,594329,594330,5482,1,1,600,548.3
588848,594336,594337,5488,1,1,600,548.9
588909,594342,594346,5433,4,1,600,543.7
588911,594349,594362,5438,13,1,600,419.307692308
588912,594358,594359,5446,1,1,600,544.7
588914,594371,594374,5457,3,1,600,546.0
588915,594378,594380,5463,2,1,600,546.5
588947,641444,641523,52497,79,8,3600,665.518987342
588976,594385,594399,5409,14,1,600,387.357142857
588978,594411,594412,5433,1,1,600,543.4
588979,594424,594425,5445,1,1,600,544.6
588981,594437,594439,5456,2,1,600,545.8
588982,594451,594453,5469,2,1,600,547.1
588983,594466,594469,5483,3,1,600,548.6
588985,594481,594483,5496,2,1,600,549.8
588986,594495,594498,5509,3,1,600,551.2
589048,594510,594511,5462,1,1,600,546.3
590960,590973,595358,13,4385,5,9000,1.00296465222
590971,590980,595835,9,4855,5,9000,1.00185375901
590972,590986,595984,14,4998,5,9000,1.00280112045
590983,590993,595644,10,4651,5,9000,1.00215007525
590984,590999,595669,15,4670,5,9000,1.00321199143
590995,591011,595715,16,4704,5,9000,1.00340136054
590995,591017,596623,22,5606,5,9000,1.00392436675
591017,591030,596326,13,5296,5,9000,1.00245468278
591017,591024,596194,7,5170,5,9000,1.00135396518
591028,591036,595422,8,4386,5,9000,1.00182398541
591029,591042,595623,13,4581,5,9000,1.00283780834
591040,594665,600091,3625,5426,5,9000,1.66807961666
591040,598323,602800,7283,4477,5,9000,2.6267589904
592475,594522,594524,2047,2,1,600,204.9
592476,594536,594538,2060,2,1,600,206.2
592538,594550,594552,2012,2,1,600,201.4
592539,594564,594574,2025,10,1,600,203.5
592541,594586,594588,2045,2,1,600,204.7
592542,594600,594602,2058,2,1,600,206.0
592603,594615,594621,2012,6,1,600,201.8
592605,594633,594635,2028,2,1,600,203.0
592606,594647,594653,2041,6,1,600,204.7
592608,594671,594675,2063,4,1,600,206.7
592609,594687,594688,2078,1,1,600,207.9
592671,594700,594701,2029,1,1,600,203.0
592672,594714,594715,2042,1,1,600,204.3
592673,594727,594729,2054,2,1,600,205.6
592795,594734,594742,1939,8,1,600,194.7
592796,594741,594743,1945,2,1,600,194.7
592858,594754,594756,1896,2,1,600,189.8
592859,594761,594763,1902,2,1,600,190.4
592861,594768,594769,1907,1,1,600,190.8
592862,594775,594776,1913,1,1,600,191.4
592923,594782,594783,1859,1,1,600,186.0
592925,594789,594791,1864,2,1,600,186.6
592926,594796,594797,1870,1,1,600,187.1
592928,594803,594804,1875,1,1,600,187.6
592929,594810,594811,1881,1,1,600,188.2
592990,594817,594819,1827,2,1,600,182.9
592992,594824,594825,1832,1,1,600,183.3
592993,594831,594837,1838,6,1,600,184.4
592995,594838,594839,1843,1,1,600,184.4
592996,594849,594850,1853,1,1,600,185.4
592997,594856,594857,1859,1,1,600,186.0
593540,594863,594864,1323,1,1,600,132.4
593541,594870,594871,1329,1,1,600,133.0
593542,594877,594880,1335,3,1,600,133.8
593544,594884,594885,1340,1,1,600,134.1
593545,594892,594894,1347,2,1,600,134.9
593607,594900,594901,1293,1,1,600,129.4
593608,594907,594908,1299,1,1,600,130.0
593609,594914,594915,1305,1,1,600,130.6
593611,594921,594922,1310,1,1,600,131.1
593732,594928,594932,1196,4,1,600,120.0
593734,594934,594936,1200,2,1,600,120.2
593735,594944,594946,1209,2,1,600,121.1
593736,594951,594952,1215,1,1,600,121.6
593798,594958,594959,1160,1,1,600,116.1
593799,594965,594966,1166,1,1,600,116.7
593801,594972,594973,1171,1,1,600,117.2
593802,594979,594980,1177,1,1,600,117.8
593803,594985,594987,1182,2,1,600,118.4
593865,594993,594995,1128,2,1,600,113.0
593866,595000,595001,1134,1,1,600,113.5
593868,595008,595021,1140,13,1,600,88.6923076923
593869,595014,595019,1145,5,1,600,115.0
593930,595030,595032,1100,2,1,600,110.2
593932,595038,595039,1106,1,1,600,110.7
593933,595045,595046,1112,1,1,600,111.3
593935,595052,595053,1117,1,1,600,111.8
593936,595059,595061,1123,2,1,600,112.5
593937,595066,595067,1129,1,1,600,113.0
593999,595073,595074,1074,1,1,600,107.5
594000,595080,595082,1080,2,1,600,108.2
594002,595087,595090,1085,3,1,600,108.8
594063,595094,595096,1031,2,1,600,103.3
594064,595103,595105,1039,2,1,600,104.1
594066,595117,595118,1051,1,1,600,105.2
594067,595130,595142,1063,12,1,600,89.5833333333
594129,595139,595145,1010,6,1,600,101.6
594130,595155,595156,1025,1,1,600,102.6
594132,595162,595164,1030,2,1,600,103.2
594133,595169,595170,1036,1,1,600,103.7
594195,595176,595177,981,1,1,600,98.2
594196,595183,595184,987,1,1,600,98.8
594197,595190,595191,993,1,1,600,99.4
594199,595197,595198,998,1,1,600,99.9
594200,595204,595205,1004,1,1,600,100.5
594262,595211,595213,949,2,1,600,95.1
594263,595218,595219,955,1,1,600,95.6
594264,595225,595226,961,1,1,600,96.2
594266,595231,595233,965,2,1,600,96.7
594267,595239,595250,972,11,1,600,89.3636363636
594329,595246,595247,917,1,1,600,91.8
594330,595260,595261,930,1,1,600,93.1
594332,595267,595269,935,2,1,600,93.7
594333,595274,595275,941,1,1,600,94.2
594334,595281,595284,947,3,1,600,95.0
594336,595288,595289,952,1,1,600,95.3
594397,595296,595297,899,1,1,600,90.0
594399,595303,595304,904,1,1,600,90.5
594400,595310,595317,910,7,1,600,91.7
594402,595317,595318,915,1,1,600,91.6
594403,600620,600627,6217,7,1,600,622.4
594404,600640,600641,6236,1,1,600,623.7
594406,600653,600655,6247,2,1,600,624.9
594467,600667,600674,6200,7,1,600,620.7
594469,600685,600688,6216,3,1,600,621.9
594470,600700,600701,6230,1,1,600,623.1
594472,600714,600715,6242,1,1,600,624.3
594533,600727,600729,6194,2,1,600,619.6
594535,600741,600743,6206,2,1,600,620.8
594536,600755,600756,6219,1,1,600,622.0
594538,600769,600770,6231,1,1,600,623.2
594539,600782,600783,6243,1,1,600,624.4
594601,600795,600796,6194,1,1,600,619.5
594602,600807,600810,6205,3,1,600,620.8
594604,600823,600824,6219,1,1,600,622.0
594605,600836,600837,6231,1,1,600,623.2
594666,598329,602630,3663,4301,5,9000,1.85166240409
594667,600849,600850,6182,1,1,600,618.3
594668,600863,600864,6195,1,1,600,619.6
594669,600876,600878,6207,2,1,600,620.9
594671,600889,600895,6218,6,1,600,622.4
594732,600906,600908,6174,2,1,600,617.6
594734,600921,600922,6187,1,1,600,618.8
594735,600934,600935,6199,1,1,600,620.0
594736,600947,600948,6211,1,1,600,621.2
594738,600960,600962,6222,2,1,600,622.4
594799,600974,600975,6175,1,1,600,617.6
594801,600986,600988,6185,2,1,600,618.7
594802,600999,601001,6197,2,1,600,619.9
594803,601013,601015,6210,2,1,600,621.2
594805,601027,601028,6222,1,1,600,622.3
594806,601040,601046,6234,6,1,600,624.0
594808,601058,601059,6250,1,1,600,625.1
594809,601072,601074,6263,2,1,600,626.5
594810,601087,601088,6277,1,1,600,627.8
594812,601101,601102,6289,1,1,600,629.0
594873,601115,601116,6242,1,1,600,624.3
594875,601129,601131,6254,2,1,600,625.6
594876,601143,601144,6267,1,1,600,626.8
594877,601156,601157,6279,1,1,600,628.0
594879,601169,601170,6290,1,1,600,629.1
594880,601182,601185,6302,3,1,600,630.5
594881,601197,601198,6316,1,1,600,631.7
594883,601210,601211,6327,1,1,600,632.8
594884,601224,601251,6340,27,1,600,235.814814815
594886,601263,601264,6377,1,1,600,637.8
594947,601276,601278,6329,2,1,600,633.1
594948,601290,601295,6342,5,1,600,634.7
594950,601307,601309,6357,2,1,600,635.9
594951,601321,601322,6370,1,1,600,637.1
594953,601334,601337,6381,3,1,600,638.4
594954,601350,601352,6396,2,1,600,639.8
594955,601364,601366,6409,2,1,600,641.1
594957,601377,601379,6420,2,1,600,642.2
594958,601391,601392,6433,1,1,600,643.4
594959,601404,601405,6445,1,1,600,644.6
595021,601417,601418,6396,1,1,600,639.7
595022,601430,601431,6408,1,1,600,640.9
595023,601443,601444,6420,1,1,600,642.1
595025,601456,601457,6431,1,1,600,643.2
595026,601469,601471,6443,2,1,600,644.5
595027,601483,601484,6456,1,1,600,645.7
595029,601496,601497,6467,1,1,600,646.8
595030,601509,601510,6479,1,1,600,648.0
595031,601522,601523,6491,1,1,600,649.2
595093,601535,601536,6442,1,1,600,644.3
595094,601549,601551,6455,2,1,600,645.7
595096,601563,601571,6467,8,1,600,647.5
595097,601583,601585,6486,2,1,600,648.8
595098,601597,601598,6499,1,1,600,650.0
595100,601611,601612,6511,1,1,600,651.2
595101,601624,601626,6523,2,1,600,652.5
595102,601638,601643,6536,5,1,600,654.1
595104,601655,601656,6551,1,1,600,655.2
595105,601668,601669,6563,1,1,600,656.4
595167,601682,601684,6515,2,1,600,651.7
595168,601697,601699,6529,2,1,600,653.1
595169,601711,601713,6542,2,1,600,654.4
595171,601725,601726,6554,1,1,600,655.5
595172,601737,601745,6565,8,1,600,657.3
595174,601757,601763,6583,6,1,600,658.9
595235,601776,601787,6541,11,1,600,595.636363636
595237,601799,601802,6562,3,1,600,656.5
595238,601813,601815,6575,2,1,600,657.7
595240,601827,601829,6587,2,1,600,658.9
595241,601841,601843,6600,2,1,600,660.2
595242,601852,601866,6610,14,1,600,473.142857143
595244,601859,601860,6615,1,1,600,661.6
595245,601872,601873,6627,1,1,600,662.8
595246,601878,601881,6632,3,1,600,663.5
595248,601886,601887,6638,1,1,600,663.9
595309,601893,601894,6584,1,1,600,658.5
595311,601900,601901,6589,1,1,600,659.0
595312,601907,601908,6595,1,1,600,659.6
595313,601914,601915,6601,1,1,600,660.2
595315,601921,601923,6606,2,1,600,660.8
595316,601928,601930,6612,2,1,600,661.4
595317,601936,601938,6619,2,1,600,662.1
595319,601942,601945,6623,3,1,600,662.6
595320,601949,601952,6629,3,1,600,663.2
595382,601956,601962,6574,6,1,600,658.0
595383,601964,601966,6581,2,1,600,658.3
598327,598336,603881,9,5545,5,9000,1.00162308386
598327,598342,603146,15,4804,5,9000,1.003122398
598338,598348,603426,10,5078,5,9000,1.00196927924
598339,598354,603214,15,4860,5,9000,1.00308641975
598350,598369,602896,19,4527,5,9000,1.00419703998
598350,598363,603264,13,4901,5,9000,1.00265251989
598361,598375,603218,14,4843,5,9000,1.00289077018
598372,598382,603222,10,4840,5,9000,1.0020661157
598373,598388,603551,15,5163,5,9000,1.00290528762
598384,598394,602786,10,4392,5,9000,1.00227686703
598384,598400,603484,16,5084,5,9000,1.00314712825
598395,602008,606795,3613,4787,5,9000,1.75475245456
598396,605623,610954,7227,5331,5,9000,2.35565559932
600672,601975,601977,1303,2,1,600,130.5
600674,601982,601983,1308,1,1,600,130.9
600675,601989,601990,1314,1,1,600,131.5
600737,602001,602015,1264,14,1,600,91.2857142857
600738,602013,602017,1275,4,1,600,127.9
600740,602028,602030,1288,2,1,600,129.0
600741,602035,602037,1294,2,1,600,129.6
600742,602042,602043,1300,1,1,600,130.1
600804,602049,602051,1245,2,1,600,124.7
600805,602056,602058,1251,2,1,600,125.3
600807,602064,602066,1257,2,1,600,125.9
600808,602071,602073,1263,2,1,600,126.5
600809,602078,602080,1269,2,1,600,127.1
600871,602085,602086,1214,1,1,600,121.5
600872,602091,602093,1219,2,1,600,122.1
600874,602098,602100,1224,2,1,600,122.6
600875,602105,602106,1230,1,1,600,123.1
600876,602113,602115,1237,2,1,600,123.9
600938,602120,602122,1182,2,1,600,118.4
600939,602127,602129,1188,2,1,600,119.0
600941,602134,602136,1193,2,1,600,119.5
600942,602141,602153,1199,12,1,600,100.916666667
600943,602147,602157,1204,10,1,600,121.4
601005,602165,602167,1160,2,1,600,116.2
601006,602172,602173,1166,1,1,600,116.7
601008,602179,602180,1171,1,1,600,117.2
601009,602186,602187,1177,1,1,600,117.8
601010,602193,602194,1183,1,1,600,118.4
601072,602200,602201,1128,1,1,600,112.9
601073,602207,602208,1134,1,1,600,113.5
601074,602214,602215,1140,1,1,600,114.1
601076,602221,602234,1145,13,1,600,89.0769230769
601137,602228,602229,1091,1,1,600,109.2
601138,602242,602243,1104,1,1,600,110.5
601140,602249,602250,1109,1,1,600,111.0
601141,602256,602257,1115,1,1,600,111.6
601143,602263,602264,1120,1,1,600,112.1
601204,602270,602271,1066,1,1,600,106.7
601206,602277,602286,1071,9,1,600,108.0
601207,602284,602285,1077,1,1,600,107.8
601208,606162,606169,4954,7,1,600,496.1
601210,606175,606180,4965,5,1,600,497.0
601271,606182,606184,4911,2,1,600,491.3
601273,606191,606194,4918,3,1,600,492.1
601274,606199,606200,4925,1,1,600,492.6
601336,606206,606208,4870,2,1,600,487.2
601337,606213,606215,4876,2,1,600,487.8
601338,606220,606221,4882,1,1,600,488.3
601340,606227,606228,4887,1,1,600,488.8
601401,606234,606237,4833,3,1,600,483.6
601403,606241,606242,4838,1,1,600,483.9
601404,606249,606250,4845,1,1,600,484.6
601406,606256,606257,4850,1,1,600,485.1
601407,606263,606265,4856,2,1,600,485.8
601468,606270,606272,4802,2,1,600,480.4
601470,606277,606280,4807,3,1,600,481.0
601471,606285,606290,4814,5,1,600,481.9
601473,606291,606296,4818,5,1,600,482.3
601474,606301,606303,4827,2,1,600,482.9
601536,606309,606311,4773,2,1,600,477.5
601537,606316,606318,4779,2,1,600,478.1
601538,606323,606324,4785,1,1,600,478.6
601540,606330,606332,4790,2,1,600,479.2
601541,606336,606337,4795,1,1,600,479.6
601543,606344,606345,4801,1,1,600,480.2
601604,606351,606353,4747,2,1,600,474.9
601606,606358,606359,4752,1,1,600,475.3
601607,606366,606368,4759,2,1,600,476.1
601609,606373,606375,4764,2,1,600,476.6
601670,606380,606382,4710,2,1,600,471.2
601671,606387,606394,4716,7,1,600,472.3
601673,606394,606395,4721,1,1,600,472.2
601674,606406,606407,4732,1,1,600,473.3
601675,606413,606415,4738,2,1,600,474.0
601737,606420,606421,4683,1,1,600,468.4
601738,606427,606429,4689,2,1,600,469.1
601740,606434,606436,4694,2,1,600,469.6
601741,606441,606442,4700,1,1,600,470.1
601803,606448,606449,4645,1,1,600,464.6
601804,606455,606456,4651,1,1,600,465.2
601806,606462,606464,4656,2,1,600,465.8
601807,606469,606470,4662,1,1,600,466.3
601869,606476,606478,4607,2,1,600,460.9
601870,606484,606485,4614,1,1,600,461.5
601872,606491,606492,4619,1,1,600,462.0
601873,606498,606499,4625,1,1,600,462.6
601874,606505,606506,4631,1,1,600,463.2
601936,606512,606513,4576,1,1,600,457.7
601937,606524,606526,4587,2,1,600,458.9
601939,606532,606533,4593,1,1,600,459.4
601940,606539,606540,4599,1,1,600,460.0
601942,606546,606547,4604,1,1,600,460.5
601943,606552,606555,4609,3,1,600,461.2
601944,606560,606561,4616,1,1,600,461.7
601946,606567,606569,4621,2,1,600,462.3
601947,606573,606575,4626,2,1,600,462.8
601949,606581,606582,4632,1,1,600,463.3
602009,605628,611173,3619,5545,5,9000,1.6526600541
602010,606588,606589,4578,1,1,600,457.9
602012,606595,606596,4583,1,1,600,458.4
602013,606602,606611,4589,9,1,600,459.8
602015,606609,606613,4594,4,1,600,459.8
602016,606623,606625,4607,2,1,600,460.9
602017,606630,606631,4613,1,1,600,461.4
602019,606637,606638,4618,1,1,600,461.9
602080,606644,606648,4564,4,1,600,456.8
602082,606651,606653,4569,2,1,600,457.1
602083,606660,606662,4577,2,1,600,457.9
602085,606667,606668,4582,1,1,600,458.3
602086,606675,606676,4589,1,1,600,459.0
602087,606682,606683,4595,1,1,600,459.6
602089,606689,606690,4600,1,1,600,460.1
602090,606696,606700,4606,4,1,600,461.0
602092,606703,606704,4611,1,1,600,461.2
602093,606712,606724,4619,12,1,600,385.916666667
602094,606719,606721,4625,2,1,600,462.7
602156,606733,606735,4577,2,1,600,457.9
602157,606740,606749,4583,9,1,600,459.2
602159,606747,606748,4588,1,1,600,458.9
602160,606760,606761,4600,1,1,600,460.1
602162,606767,606769,4605,2,1,600,460.7
602163,606774,606776,4611,2,1,600,461.3
602164,606781,606782,4617,1,1,600,461.8
602166,606788,606789,4622,1,1,600,462.3
602167,606795,606796,4628,1,1,600,462.9
602229,606802,606804,4573,2,1,600,457.5
602230,606809,606811,4579,2,1,600,458.1
602231,606816,606818,4585,2,1,600,458.7
602233,606823,606824,4590,1,1,600,459.1
602234,606830,606831,4596,1,1,600,459.7
602235,606837,606839,4602,2,1,600,460.4
602237,606844,606857,4607,13,1,600,355.384615385
602238,606851,606853,4613,2,1,600,461.5
602240,606866,606867,4626,1,1,600,462.7
602241,606873,606874,4632,1,1,600,463.3
602302,606880,606881,4578,1,1,600,457.9
602304,606887,606894,4583,7,1,600,459.0
602305,606894,606896,4589,2,1,600,459.1
602306,606906,606907,4600,1,1,600,460.1
602308,606913,606914,4605,1,1,600,460.6
602309,606920,606921,4611,1,1,600,461.2
602310,606927,606929,4617,2,1,600,461.9
