SubmitTime,StartTime,EndTime,QueuedTime,RunTime,NodesRequested,walltime,bslowdown
91281,91296,91443,15,147,32,3600,1.10204081633
94693,94699,94700,6,1,2,3540,1.0
106710,106716,279562,6,172846,1,172800,1.00003471298
106730,106741,279550,11,172809,1,172800,1.00006365409
106751,106757,279579,6,172822,1,172800,1.0000347178
113136,113143,113194,7,51,16,28800,1.13725490196
113183,113189,113208,6,19,24,18000,1.31578947368
113206,113212,136255,6,23043,24,28800,1.00026038276
117410,117416,117514,6,98,64,610,1.0612244898
117413,117422,117510,9,88,64,610,1.10227272727
117503,117509,120667,6,3158,2,7200,1.00189993667
117504,117515,120414,11,2899,2,7200,1.00379441187
117505,117520,120651,15,3131,2,7200,1.00479080166
117507,117526,120743,19,3217,2,7200,1.00590612372
117508,117531,120851,23,3320,2,7200,1.00692771084
117510,117536,120819,26,3283,2,7200,1.00791958574
117511,117542,121127,31,3585,2,7200,1.00864714086
117512,117547,120646,35,3099,2,7200,1.0112939658
117514,117553,120680,39,3127,2,7200,1.01247201791
117515,117558,120825,43,3267,2,7200,1.01316192225
117516,117563,120708,47,3145,2,7200,1.01494435612
117518,117569,121047,51,3478,2,7200,1.01466359977
117519,117574,120717,55,3143,2,7200,1.01749920458
117521,117579,120705,58,3126,2,7200,1.0185540627
117522,117584,121040,62,3456,2,7200,1.01793981481
117524,117590,120546,66,2956,2,7200,1.02232746955
117525,117595,120699,70,3104,2,7200,1.02255154639
117526,117600,120554,74,2954,2,7200,1.02505077861
117528,117605,120842,77,3237,2,7200,1.02378745752
117529,117611,120920,82,3309,2,7200,1.02478090057
117530,117616,120531,86,2915,2,7200,1.0295025729
117532,117621,121170,89,3549,2,7200,1.02507748662
117533,117627,120762,94,3135,2,7200,1.02998405104
117535,117632,121040,97,3408,2,7200,1.02846244131
117536,117637,121079,101,3442,2,7200,1.029343405
117537,117643,120910,106,3267,2,7200,1.03244566881
117539,117649,120849,110,3200,2,7200,1.034375
117540,117654,120883,114,3229,2,7200,1.035305048
117541,117659,120731,118,3072,2,7200,1.03841145833
117543,117664,120824,121,3160,2,7200,1.03829113924
117544,117670,120697,126,3027,2,7200,1.04162537166
117545,117675,121214,130,3539,2,7200,1.03673354055
117545,117908,121665,363,3757,1,10800,1.09661964333
117547,117680,120749,133,3069,2,7200,1.04333659172
117548,117686,121035,138,3349,2,7200,1.04120633025
117550,117691,120977,141,3286,2,7200,1.04290931223
117551,117696,121088,145,3392,2,7200,1.04274764151
117552,117701,120998,149,3297,2,7200,1.04519259933
117554,117707,120788,153,3081,2,7200,1.04965920156
117556,117712,121097,156,3385,2,7200,1.04608567208
117557,117717,121221,160,3504,2,7200,1.04566210046
117559,117723,121043,164,3320,2,7200,1.04939759036
117560,117728,121053,168,3325,2,7200,1.05052631579
117561,117733,121253,172,3520,2,7200,1.04886363636
117563,117739,121037,176,3298,2,7200,1.05336567617
117564,117744,120945,180,3201,2,7200,1.05623242737
117565,117749,120945,184,3196,2,7200,1.05757196496
117567,117754,120856,187,3102,2,7200,1.06028368794
117568,117760,121051,192,3291,2,7200,1.05834092981
117569,117765,121188,196,3423,2,7200,1.0572597137
117571,117770,121359,199,3589,2,7200,1.05544719978
117572,117775,120745,203,2970,2,7200,1.06835016835
117574,117781,121045,207,3264,2,7200,1.06341911765
117575,117786,120995,211,3209,2,7200,1.06575257089
117576,117791,120759,215,2968,2,7200,1.0724393531
117578,117797,121469,219,3672,2,7200,1.05964052288
117579,117802,121013,223,3211,2,7200,1.06944876985
117580,117807,120915,227,3108,2,7200,1.07303732304
117582,117813,121060,231,3247,2,7200,1.07114259316
117583,117818,121134,235,3316,2,7200,1.07086851628
117585,117823,120668,238,2845,2,7200,1.08365553603
117586,117829,121410,243,3581,2,7200,1.06785814018
117587,117834,120987,247,3153,2,7200,1.07833809071
117589,117839,121443,250,3604,2,7200,1.06936736959
117590,117844,122383,254,4539,2,7200,1.05595946244
117592,117850,121119,258,3269,2,7200,1.07892321811
117593,117855,121285,262,3430,2,7200,1.07638483965
117594,117860,121100,266,3240,2,7200,1.08209876543
117596,117866,121129,270,3263,2,7200,1.08274593932
117598,117871,120973,273,3102,2,7200,1.08800773694
117600,117876,120877,276,3001,2,7200,1.09196934355
117601,117882,121138,281,3256,2,7200,1.0863022113
117603,117887,121367,284,3480,2,7200,1.0816091954
117604,117892,121262,288,3370,2,7200,1.08545994065
117605,117898,120908,293,3010,2,7200,1.09734219269
117607,117903,120866,296,2963,2,7200,1.09989875127
117651,121001,121080,3350,79,64,610,43.4050632911
117655,121092,121174,3437,82,64,610,42.9146341463
117914,117921,348365,7,230444,1,230400,1.00003037614
117978,117985,348386,7,230401,1,230400,1.00003038181
118079,118085,348524,6,230439,1,230400,1.00002603726
118102,118108,119920,6,1812,1,1800,1.00331125828
118105,118115,119359,10,1244,1,2700,1.00803858521
118572,118578,464179,6,345601,1,345600,1.00001736106
118597,118603,464208,6,345605,1,345600,1.00001736086
118613,118619,464264,6,345645,1,345600,1.00001735885
119103,119109,122760,6,3651,1,28800,1.00164338537
119110,119116,122762,6,3646,1,28800,1.00164563906
119364,119370,120930,6,1560,2,36000,1.00384615385
119804,119810,119904,6,94,16,610,1.06382978723
119975,119981,245518,6,125537,6,324000,1.00004779467
120076,120082,120196,6,114,16,610,1.05263157895
120077,120207,120814,130,607,16,610,1.21416803954
120145,120153,121139,8,986,1,3600,1.00811359026
120149,120160,122052,11,1892,1,3600,1.00581395349
120192,120679,121345,487,666,16,610,1.73123123123
120415,120421,123533,6,3112,2,7200,1.00192802057
120442,120448,121436,6,988,2,36000,1.00607287449
120532,120538,123769,6,3231,2,7200,1.00185701021
120547,120553,123582,6,3029,2,7200,1.00198085177
120561,120567,123516,6,2949,2,7200,1.002034588
120649,120655,124070,6,3415,2,7200,1.00175695461
120663,120669,123975,6,3306,2,7200,1.00181488203
120678,120685,123818,7,3133,2,7200,1.00223428024
120679,120690,123938,11,3248,2,7200,1.00338669951
120694,120700,123776,6,3076,2,7200,1.00195058518
120710,120716,124381,6,3665,2,7200,1.00163710778
120711,120722,124180,11,3458,2,7200,1.0031810295
120712,120727,123913,15,3186,2,7200,1.00470809793
120714,120733,124010,19,3277,2,7200,1.00579798596
120728,120739,124093,11,3354,2,7200,1.00327966607
120743,120750,124087,7,3337,2,7200,1.00209769254
120745,120755,123934,10,3179,2,7200,1.00314564328
120760,120766,123925,6,3159,2,7200,1.00189933523
120761,120772,124172,11,3400,2,7200,1.00323529412
120763,120778,124093,15,3315,2,7200,1.00452488688
120777,120784,123943,7,3159,2,7200,1.0022158911
120792,120798,123786,6,2988,2,7200,1.00200803213
120822,120828,124059,6,3231,2,7200,1.00185701021
120837,120843,123881,6,3038,2,7200,1.00197498354
120838,120849,124010,11,3161,2,7200,1.00347991142
120854,120860,124218,6,3358,2,7200,1.00178677784
120855,120866,123982,11,3116,2,7200,1.00353016688
120857,120872,123938,15,3066,2,7200,1.00489236791
120872,120878,124272,6,3394,2,7200,1.00176782557
120873,120884,124026,11,3142,2,7200,1.00350095481
120888,120894,123847,6,2953,2,7200,1.00203183204
120889,120900,124032,11,3132,2,7200,1.00351213282
120910,120916,124461,6,3545,2,7200,1.00169252468
120912,120922,124232,10,3310,2,7200,1.00302114804
120927,120933,123885,6,2952,2,7200,1.00203252033
120928,120939,124191,11,3252,2,7200,1.00338253383
120946,120952,124218,6,3266,2,7200,1.00183710961
120948,120958,124286,10,3328,2,7200,1.00300480769
120974,120981,123782,7,2801,2,7200,1.00249910746
120989,120995,124250,6,3255,2,7200,1.00184331797
120991,121007,124373,16,3366,2,7200,1.00475341652
121006,121013,124290,7,3277,2,7200,1.00213610009
121007,121051,124157,44,3106,2,7200,1.01416613007
121022,121059,124092,37,3033,2,7200,1.01219914276
121033,121134,121666,101,532,1,610,1.18984962406
121037,121064,124282,27,3218,2,7200,1.00839030454
121038,121070,124226,32,3156,2,7200,1.01013941698
121054,121077,124410,23,3333,2,7200,1.00690069007
121056,121097,124286,41,3189,2,7200,1.01285669489
121057,121103,124227,46,3124,2,7200,1.01472471191
121058,121108,123887,50,2779,2,7200,1.01799208348
121060,121113,124382,53,3269,2,7200,1.01621290915
121061,121118,124164,57,3046,2,7200,1.01871306632
121062,121124,124234,62,3110,2,7200,1.01993569132
121077,121129,124535,52,3406,2,7200,1.01526717557
121092,121141,124591,49,3450,2,7200,1.01420289855
121094,121146,124446,52,3300,2,7200,1.01575757576
121109,121151,124383,42,3232,2,7200,1.0129950495
121110,121157,124489,47,3332,2,7200,1.01410564226
121125,121162,124529,37,3367,2,7200,1.01098901099
121141,121174,124385,33,3211,2,7200,1.01027717222
121142,121179,124143,37,2964,2,7200,1.0124831309
121143,121184,124339,41,3155,2,7200,1.01299524564
121145,121189,124492,44,3303,2,7200,1.01332122313
121172,121195,124446,23,3251,2,7200,1.00707474623
121190,121201,124710,11,3509,2,7200,1.00313479624
121216,121223,124322,7,3099,2,7200,1.00225879316
121231,121237,124612,6,3375,2,7200,1.00177777778
121256,121262,124461,6,3199,2,7200,1.00187558612
121271,121278,124549,7,3271,2,7200,1.00214001834
121286,121292,124265,6,2973,2,7200,1.00201816347
121362,121370,124591,8,3221,2,7200,1.00248370071
121369,121376,122006,7,630,32,615,1.01111111111
121377,121382,124639,5,3257,2,7200,1.00153515505
121413,121419,124501,6,3082,2,7200,1.0019467878
121446,121452,124568,6,3116,2,7200,1.00192554557
121470,121476,124828,6,3352,2,7200,1.00178997613
121488,121494,121524,6,30,32,615,1.2
121529,121535,121634,6,99,32,615,1.06060606061
121550,121556,121791,6,235,16,610,1.02553191489
121560,121645,122150,85,505,32,615,1.16831683168
121859,121865,122525,6,660,16,615,1.00909090909
121903,121909,122556,6,647,16,615,1.00927357032
122000,122017,122681,17,664,32,615,1.02560240964
122004,122161,122193,157,32,32,615,5.90625
122008,122205,122316,197,111,32,615,2.77477477477
122012,122328,122826,316,498,32,615,1.63453815261
122020,122536,123200,516,664,16,615,1.77710843373
122066,122072,122661,6,589,1,610,1.01018675722
122066,122693,123493,627,800,32,1815,1.78375
122108,122844,123644,736,800,32,1815,1.92
122194,123245,123737,1051,492,32,615,3.13617886179
122384,122390,125876,6,3486,2,7200,1.0017211704
122398,122404,131453,6,9049,1,10800,1.00066305669
122639,122645,194675,6,72030,1,72000,1.00008329863
122654,122660,154539,6,31879,1,72000,1.00018821168
122780,122786,326840,6,204054,2,288000,1.00002940398
122815,122821,123401,6,580,1,610,1.01034482759
122816,122827,123454,11,627,1,610,1.01754385965
122818,122833,123232,15,399,1,610,1.03759398496
122819,122838,123198,19,360,1,610,1.05277777778
122894,122900,151703,6,28803,1,28800,1.00020831163
122898,122906,151716,8,28810,1,28800,1.00027768136
123222,850263,851416,727041,1153,256,3600,631.56461405
123225,852328,855312,729103,2984,256,3600,245.337466488
123229,855324,857494,732095,2170,256,3600,338.370967742
123513,123520,123533,7,13,4,3600,1.53846153846
123517,123527,126856,10,3329,2,7200,1.00300390508
123535,123542,126642,7,3100,2,7200,1.00225806452
123583,123590,127000,7,3410,2,7200,1.00205278592
123645,123652,123958,7,306,16,610,1.02287581699
123650,123660,123958,10,298,16,610,1.03355704698
123654,123668,123958,14,290,16,610,1.04827586207
123770,123777,126915,7,3138,2,7200,1.0022307202
123785,123792,127134,7,3342,2,7200,1.00209455416
123786,123801,126903,15,3102,2,7200,1.00483558994
123801,123810,127041,9,3231,2,7200,1.00278551532
123818,123826,127261,8,3435,2,7200,1.00232896652
123848,123857,127046,9,3189,2,7200,1.00282220132
123884,123891,127339,7,3448,2,7200,1.00203016241
123899,123906,127237,7,3331,2,7200,1.00210147103
123900,123913,127291,13,3378,2,7200,1.00384843102
123915,123925,127321,10,3396,2,7200,1.00294464075
123930,123938,127090,8,3152,2,7200,1.00253807107
123945,123956,127046,11,3090,2,7200,1.00355987055
123947,123961,127174,14,3213,2,7200,1.00435729847
123949,123966,127329,17,3363,2,7200,1.00505501041
123950,123975,127255,25,3280,2,7200,1.00762195122
123977,123984,127388,7,3404,2,7200,1.00205640423
123992,123999,127152,7,3153,2,7200,1.00222010783
124010,124019,127171,9,3152,2,7200,1.00285532995
124025,124032,127480,7,3448,2,7200,1.00203016241
124040,124049,127424,9,3375,2,7200,1.00266666667
124041,124055,127342,14,3287,2,7200,1.00425920292
124063,124073,127424,10,3351,2,7200,1.00298418383
124079,124087,127100,8,3013,2,7200,1.00265516097
124094,124103,127297,9,3194,2,7200,1.00281778334
124095,124109,127632,14,3523,2,7200,1.00397388589
124097,124119,127447,22,3328,2,7200,1.00661057692
124098,124124,127002,26,2878,2,7200,1.00903405142
124099,124401,125046,302,645,16,610,1.46821705426
124100,124846,125493,746,647,16,610,2.15301391036
124102,124872,125507,770,635,16,610,2.2125984252
124119,124132,124136,13,4,1,900,1.7
124146,124154,127629,8,3475,2,7200,1.00230215827
124161,124168,127451,7,3283,2,7200,1.00213219616
124176,124184,127403,8,3219,2,7200,1.00248524386
124177,124193,127478,16,3285,2,7200,1.00487062405
124192,124202,127175,10,2973,2,7200,1.00336360579
124193,124207,127483,14,3276,2,7200,1.00427350427
124221,124228,127485,7,3257,2,7200,1.00214921707
124222,124238,127482,16,3244,2,7200,1.00493218249
124237,124247,127343,10,3096,2,7200,1.00322997416
124239,124256,127286,17,3030,2,7200,1.00561056106
124240,124262,127192,22,2930,2,7200,1.00750853242
124241,124267,127315,26,3048,2,7200,1.00853018373
124256,124276,127334,20,3058,2,7200,1.00654022237
124271,124285,127428,14,3143,2,7200,1.00445434298
124287,124298,127631,11,3333,2,7200,1.00330033003
124289,124303,127736,14,3433,2,7200,1.00407806583
124290,124312,127601,22,3289,2,7200,1.00668896321
124291,124318,127426,27,3108,2,7200,1.00868725869
124306,124327,127474,21,3147,2,7200,1.00667302193
124324,124336,127489,12,3153,2,7200,1.00380589914
124342,124350,127539,8,3189,2,7200,1.00250862339
124375,124384,127600,9,3216,2,7200,1.00279850746
124390,124406,127705,16,3299,2,7200,1.00484995453
124391,124411,127743,20,3332,2,7200,1.00600240096
124393,124420,127658,27,3238,2,7200,1.00833848054
124394,124425,127924,31,3499,2,7200,1.00885967419
124412,124434,127912,22,3478,2,7200,1.00632547441
124448,124456,127991,8,3535,2,7200,1.00226308345
124450,124462,127786,12,3324,2,7200,1.0036101083
124465,124474,127816,9,3342,2,7200,1.0026929982
124466,124484,127591,18,3107,2,7200,1.00579336981
124490,124498,127921,8,3423,2,7200,1.00233713117
124506,124515,127762,9,3247,2,7200,1.00277178934
124507,124524,127755,17,3231,2,7200,1.00526152894
124531,124539,127703,8,3164,2,7200,1.00252844501
124546,124556,127708,10,3152,2,7200,1.00317258883
124560,124570,127583,10,3013,2,7200,1.00331895121
124577,124586,127861,9,3275,2,7200,1.0027480916
124595,124604,127758,9,3154,2,7200,1.00285351934
124596,124613,128056,17,3443,2,7200,1.00493755446
124615,124623,127682,8,3059,2,7200,1.00261523374
124641,124651,127904,10,3253,2,7200,1.00307408546
124670,124678,124682,8,4,1,900,1.2
124711,124720,127936,9,3216,2,7200,1.00279850746
124829,124836,128342,7,3506,2,7200,1.0019965773
124832,124877,125821,45,944,2,36000,1.04766949153
125151,125159,125539,8,380,16,610,1.02105263158
125175,125182,125793,7,611,2,36000,1.01145662848
125778,125791,126214,13,423,16,610,1.03073286052
125778,125785,126176,7,391,16,610,1.0179028133
125779,125796,214545,17,88749,2,216000,1.00019155145
125779,125805,126184,26,379,16,610,1.06860158311
125780,125810,126192,30,382,16,610,1.07853403141
125878,125886,128887,8,3001,2,7200,1.00266577807
126449,126458,127514,9,1056,16,1815,1.00852272727
126470,126477,127206,7,729,16,1815,1.00960219479
126506,126516,126825,10,309,14,1980,1.03236245955
126546,126555,127338,9,783,32,2415,1.01149425287
126588,127222,127250,634,28,16,610,23.6428571429
126589,127264,127298,675,34,16,610,20.8529411765
126590,127321,127354,731,33,16,610,23.1515151515
126594,127367,127398,773,31,16,610,25.935483871
126644,126651,129883,7,3232,2,7200,1.00216584158
126706,127372,128571,666,1199,16,1815,1.55546288574
126741,127412,128174,671,762,32,2415,1.88057742782
126825,126834,126840,9,6,1,900,1.5
126833,126843,127985,10,1142,14,1980,1.00875656743
126857,126865,130008,8,3143,2,7200,1.00254533885
126905,126913,130080,8,3167,2,7200,1.00252604989
126920,126929,130272,9,3343,2,7200,1.00269219264
127002,127011,130143,9,3132,2,7200,1.00287356322
127016,127026,130265,10,3239,2,7200,1.00308737265
127043,127051,130348,8,3297,2,7200,1.00242644829
127058,127066,130342,8,3276,2,7200,1.00244200244
127060,127073,129888,13,2815,2,7200,1.00461811723
127093,127100,130503,7,3403,2,7200,1.00205700852
127108,127117,130102,9,2985,2,7200,1.00301507538
127135,127144,130230,9,3086,2,7200,1.00291639663
127153,127160,130568,7,3408,2,7200,1.00205399061
127174,127181,130549,7,3368,2,7200,1.0020783848
127175,127190,130335,15,3145,2,7200,1.00476947536
127190,127197,130273,7,3076,2,7200,1.0022756827
127205,127213,130526,8,3313,2,7200,1.00241472985
127237,127246,130571,9,3325,2,7200,1.00270676692
127258,127273,130434,15,3161,2,7200,1.00474533376
127263,127278,129315,15,2037,1,14400,1.00736377025
127273,127287,130864,14,3577,2,7200,1.00391389432
127288,127296,130684,8,3388,2,7200,1.00236127509
127302,127312,130528,10,3216,2,7200,1.00310945274
127304,127326,130488,22,3162,2,7200,1.00695762176
127319,127337,130534,18,3197,2,7200,1.00563027839
127334,127346,130826,12,3480,2,7200,1.00344827586
127335,127351,130335,16,2984,2,7200,1.00536193029
127336,127357,130612,21,3255,2,7200,1.0064516129
127352,127377,130856,25,3479,2,7200,1.00718597298
127353,127382,130438,29,3056,2,7200,1.0094895288
127355,127388,130662,33,3274,2,7200,1.01007941356
127391,127400,130593,9,3193,2,7200,1.00281866583
127406,127427,130621,21,3194,2,7200,1.0065748278
127427,127434,130587,7,3153,2,7200,1.00222010783
127429,127443,130801,14,3358,2,7200,1.0041691483
127430,127449,130493,19,3044,2,7200,1.00624178712
127445,127457,130731,12,3274,2,7200,1.0036652413
127461,127470,130655,9,3185,2,7200,1.00282574568
127462,127478,130943,16,3465,2,7200,1.00461760462
127477,127487,130770,10,3283,2,7200,1.00304599452
127493,127502,130564,9,3062,2,7200,1.00293925539
127494,127508,130858,14,3350,2,7200,1.00417910448
127496,127513,130775,17,3262,2,7200,1.00521152667
127497,127522,130696,25,3174,2,7200,1.00787649653
127499,127527,130731,28,3204,2,7200,1.00873907615
127500,127533,130744,33,3211,2,7200,1.01027717222
127539,127546,130664,7,3118,2,7200,1.00224502886
127584,127593,130609,9,3016,2,7200,1.00298408488
127599,127608,130772,9,3164,2,7200,1.00284450063
127614,127623,131004,9,3381,2,7200,1.00266193434
127615,127630,130991,15,3361,2,7200,1.00446295745
127630,127637,130699,7,3062,2,7200,1.00228608752
127645,127652,130868,7,3216,2,7200,1.00217661692
127647,127662,130579,15,2917,2,7200,1.00514226945
127661,127671,130789,10,3118,2,7200,1.00320718409
127685,127693,130750,8,3057,2,7200,1.00261694472
127706,127715,131362,9,3647,2,7200,1.00246778174
127708,127725,131028,17,3303,2,7200,1.00514683621
127721,128495,128497,774,2,16,1815,77.6
127723,127732,131029,9,3297,2,7200,1.00272975432
127737,127746,131174,9,3428,2,7200,1.00262543757
127752,127763,130851,11,3088,2,7200,1.00356217617
127767,127776,130870,9,3094,2,7200,1.00290885585
127769,127785,130735,16,2950,2,7200,1.00542372881
127770,127790,131130,20,3340,2,7200,1.00598802395
127770,128000,128178,230,178,16,610,2.29213483146
127771,128197,128381,426,184,16,610,3.3152173913
127773,128206,128481,433,275,16,610,2.57454545455
127774,128395,128599,621,204,16,610,4.04411764706
127788,127798,130909,10,3111,2,7200,1.00321440051
127818,127826,130805,8,2979,2,7200,1.00268546492
127863,127871,131172,8,3301,2,7200,1.00242350803
127905,127914,130959,9,3045,2,7200,1.00295566502
127920,127931,131344,11,3413,2,7200,1.00322297099
127935,127944,130934,9,2990,2,7200,1.00301003344
127936,127949,131280,13,3331,2,7200,1.00390273191
127951,127963,130989,12,3026,2,7200,1.0039656312
127983,127991,127998,8,7,1,900,1.5
127992,128191,129498,199,1307,14,1980,1.15225707728
127993,128010,131462,17,3452,2,7200,1.00492468134
128056,128065,131436,9,3371,2,7200,1.00266983091
128343,128353,131254,10,2901,2,7200,1.00344708721
128602,128611,144122,9,15511,4,108000,1.00058023338
128640,128649,146022,9,17373,4,108000,1.00051804524
128659,128666,149012,7,20346,4,108000,1.00034404797
128669,128678,141169,9,12491,4,108000,1.00072051877
128675,128687,128692,12,5,4,108000,1.7
128888,128898,132199,10,3301,2,7200,1.00302938503
129496,129506,129512,10,6,1,900,1.6
129504,129516,130752,12,1236,14,1980,1.00970873786
129584,129593,133284,9,3691,4,108000,1.00243836359
129885,129894,133059,9,3165,2,7200,1.0028436019
129900,129908,133200,8,3292,2,7200,1.00243013366
130008,130016,133045,8,3029,2,7200,1.00264113569
130080,130090,133395,10,3305,2,7200,1.00302571861
130104,130112,133557,8,3445,2,7200,1.0023222061
130146,130156,133286,10,3130,2,7200,1.00319488818
130233,130243,133323,10,3080,2,7200,1.00324675325
130267,130275,133458,8,3183,2,7200,1.00251335218
130282,130291,133453,9,3162,2,7200,1.00284629981
130284,130300,133672,16,3372,2,7200,1.00474495848
130338,130347,133523,9,3176,2,7200,1.00283375315
130339,130357,133237,18,2880,2,7200,1.00625
130355,130366,133460,11,3094,2,7200,1.00355526826
130356,130371,133819,15,3448,2,7200,1.00435034803
130434,130444,133776,10,3332,2,7200,1.00300120048
130449,130457,133558,8,3101,2,7200,1.00257981296
130491,130499,133769,8,3270,2,7200,1.00244648318
130506,130514,133688,8,3174,2,7200,1.00252047889
130507,130524,133695,17,3171,2,7200,1.00536108483
130519,130532,130756,13,224,16,610,1.05803571429
130529,130542,133755,13,3213,2,7200,1.00404606287
130530,130548,133867,18,3319,2,7200,1.00542332028
130545,130558,133653,13,3095,2,7200,1.0042003231
130560,130571,134168,11,3597,2,7200,1.00305810398
130575,130585,134119,10,3534,2,7200,1.00282965478
130576,130593,133694,17,3101,2,7200,1.00548210255
130578,130598,134314,20,3716,2,7200,1.00538213132
130593,130606,133750,13,3144,2,7200,1.00413486005
130594,130611,133526,17,2915,2,7200,1.00583190395
130595,130616,134198,21,3582,2,7200,1.00586264657
130610,130625,133814,15,3189,2,7200,1.00470366886
130626,130635,133807,9,3172,2,7200,1.00283732661
130627,130645,133779,18,3134,2,7200,1.00574345884
130657,130666,133945,9,3279,2,7200,1.00274473925
130672,130683,134004,11,3321,2,7200,1.00331225534
130674,130688,134117,14,3429,2,7200,1.00408282298
130688,130698,134147,10,3449,2,7200,1.00289939113
130704,130715,133968,11,3253,2,7200,1.00338149401
130705,130720,133902,15,3182,2,7200,1.00471401634
130732,130742,133988,10,3246,2,7200,1.00308071473
130733,130752,133655,19,2903,2,7200,1.0065449535
130748,130761,133881,13,3120,2,7200,1.00416666667
130750,130766,133823,16,3057,2,7200,1.00523388943
130750,130771,130778,21,7,1,900,2.8
130759,130779,131947,20,1168,14,1980,1.01712328767
130765,130785,134395,20,3610,2,7200,1.0055401662
130780,130795,133983,15,3188,2,7200,1.00470514429
130781,130800,134001,19,3201,2,7200,1.00593564511
130782,130805,134334,23,3529,2,7200,1.00651742703
130797,130815,134360,18,3545,2,7200,1.00507757405
130812,130824,134004,12,3180,2,7200,1.00377358491
130813,130830,134134,17,3304,2,7200,1.00514527845
130828,130838,133969,10,3131,2,7200,1.00319386777
130852,130862,134028,10,3166,2,7200,1.0031585597
130868,130877,134015,9,3138,2,7200,1.00286806883
130869,130887,134098,18,3211,2,7200,1.0056057303
130870,130892,134228,22,3336,2,7200,1.00659472422
130872,130897,136161,25,5264,2,7200,1.00474924012
130887,130905,134182,18,3277,2,7200,1.00549282881
130910,130919,134242,9,3323,2,7200,1.00270839603
130935,130943,134062,8,3119,2,7200,1.00256492466
130949,130960,134315,11,3355,2,7200,1.00327868852
130964,130974,134335,10,3361,2,7200,1.00297530497
130991,131000,134103,9,3103,2,7200,1.00290041895
130993,131010,134259,17,3249,2,7200,1.00523237919
131008,131020,134016,12,2996,2,7200,1.00400534045
131029,131038,134128,9,3090,2,7200,1.00291262136
131043,131051,134163,8,3112,2,7200,1.00257069409
131131,131139,134079,8,2940,2,7200,1.00272108844
131173,131182,134530,9,3348,2,7200,1.00268817204
131188,131196,134468,8,3272,2,7200,1.00244498778
131255,131263,134334,8,3071,2,7200,1.00260501465
131282,131290,134487,8,3197,2,7200,1.00250234595
131345,131353,134546,8,3193,2,7200,1.00250548074
131363,131373,134862,10,3489,2,7200,1.00286615076
131438,131446,134536,8,3090,2,7200,1.00258899676
131456,131467,142369,11,10902,1,10800,1.00100898918
131462,131478,134550,16,3072,2,7200,1.00520833333
131616,133706,133946,2090,240,16,610,9.70833333333
131618,133906,134114,2288,208,16,610,12.0
131669,131677,138922,8,7245,1,7200,1.0011042098
131685,131693,138905,8,7212,1,7200,1.00110926234
131924,133306,155141,1382,21835,8,57600,1.06329287841
131945,131954,131962,9,8,1,900,1.7
131953,131963,133162,10,1199,14,1980,1.00834028357
132201,132209,135264,8,3055,2,7200,1.00261865794
132328,133507,133891,1179,384,16,21600,4.0703125
132571,132581,137904,10,5323,2,14400,1.00187863986
133046,133055,136266,9,3211,2,7200,1.00280286515
133061,133070,136576,9,3506,2,7200,1.00256702795
133160,133170,133176,10,6,1,900,1.6
133169,133180,133485,11,305,14,1980,1.03606557377
133200,133210,136262,10,3052,2,7200,1.00327653997
133239,133249,136766,10,3517,2,7200,1.00284333239
133288,133298,136437,10,3139,2,7200,1.00318572794
133323,133333,136605,10,3272,2,7200,1.00305623472
133396,133406,136777,10,3371,2,7200,1.00296647879
133453,133463,136474,10,3011,2,7200,1.00332115576
133468,133482,136765,14,3283,2,7200,1.00426439232
133470,133487,136518,17,3031,2,7200,1.00560871
133485,133496,133497,11,1,1,900,1.2
133524,133532,136649,8,3117,2,7200,1.00256657042
133539,133547,136963,8,3416,2,7200,1.00234192037
133560,133568,136878,8,3310,2,7200,1.00241691843
133561,133578,136709,17,3131,2,7200,1.00542957522
133655,133665,136896,10,3231,2,7200,1.00309501702
133656,133675,136888,19,3213,2,7200,1.0059134765
133674,133684,137033,10,3349,2,7200,1.00298596596
133689,133697,137331,8,3634,2,7200,1.00220143093
133704,133715,136964,11,3249,2,7200,1.00338565713
133705,133721,137096,16,3375,2,7200,1.00474074074
133750,133760,136858,10,3098,2,7200,1.00322788896
133765,133774,136945,9,3171,2,7200,1.00283822138
133780,133789,136788,9,2999,2,7200,1.00300100033
133782,133799,137257,17,3458,2,7200,1.0049161365
133783,133804,137082,21,3278,2,7200,1.00640634533
133810,133819,137119,9,3300,2,7200,1.00272727273
133825,133834,136939,9,3105,2,7200,1.00289855072
133827,133842,136980,15,3138,2,7200,1.00478011472
133828,133847,136906,19,3059,2,7200,1.00621118012
133867,133875,137221,8,3346,2,7200,1.00239091452
133882,133890,137132,8,3242,2,7200,1.00246761258
133903,133916,136897,13,2981,2,7200,1.0043609527
133913,133926,134069,13,143,2,10800,1.09090909091
133948,133957,136994,9,3037,2,7200,1.00296345077
133969,133977,137201,8,3224,2,7200,1.00248138958
133970,133987,137471,17,3484,2,7200,1.00487944891
133985,133996,137009,11,3013,2,7200,1.00365084633
134000,134011,137029,11,3018,2,7200,1.00364479788
134002,134016,137276,14,3260,2,7200,1.00429447853
134021,134031,137406,10,3375,2,7200,1.00296296296
134022,134039,136980,17,2941,2,7200,1.00578034682
134024,134044,137580,20,3536,2,7200,1.0056561086
134025,134049,137212,24,3163,2,7200,1.00758773316
134040,134059,137212,19,3153,2,7200,1.00602600698
134065,134074,137143,9,3069,2,7200,1.00293255132
134080,134088,137064,8,2976,2,7200,1.00268817204
134098,134106,137151,8,3045,2,7200,1.0026272578
134113,134126,137219,13,3093,2,7200,1.00420303912
134129,134139,137356,10,3217,2,7200,1.00310848617
134130,134144,137591,14,3447,2,7200,1.00406150276
134131,134149,137165,18,3016,2,7200,1.00596816976
134146,134158,137410,12,3252,2,7200,1.0036900369
134159,134169,134700,10,531,32,1215,1.01883239171
134161,134178,137537,17,3359,2,7200,1.00506103007
134176,134188,137421,12,3233,2,7200,1.00371172286
134177,134194,137415,17,3221,2,7200,1.00527786402
134192,134203,137361,11,3158,2,7200,1.00348321723
134205,134891,135359,686,468,32,1215,2.46581196581
134207,134215,137282,8,3067,2,7200,1.00260841213
134231,134239,137517,8,3278,2,7200,1.00244051251
134246,134256,137486,10,3230,2,7200,1.00309597523
134261,134270,137158,9,2888,2,7200,1.00311634349
134310,134319,137844,9,3525,2,7200,1.00255319149
134325,134332,137483,7,3151,2,7200,1.00222151698
134326,134342,137729,16,3387,2,7200,1.00472394449
134341,134352,137940,11,3588,2,7200,1.0030657748
134343,134357,137886,14,3529,2,7200,1.0039671295
134361,134371,137777,10,3406,2,7200,1.0029359953
134396,134405,134421,9,16,2,1800,1.5625
134397,134411,137706,14,3295,2,7200,1.00424886191
134462,134714,134877,252,163,16,610,2.54601226994
134465,134720,134870,255,150,16,610,2.7
134469,134476,137834,7,3358,2,7200,1.00208457415
134484,134492,137857,8,3365,2,7200,1.00237741456
134532,134541,137705,9,3164,2,7200,1.00284450063
134547,134556,137803,9,3247,2,7200,1.00277178934
134549,134566,137930,17,3364,2,7200,1.00505350773
134563,134575,137731,12,3156,2,7200,1.00380228137
134862,134871,137823,9,2952,2,7200,1.00304878049
135263,135271,138637,8,3366,2,7200,1.00237670826
135342,135373,135374,31,1,2,18000,3.2
135529,135538,135783,9,245,16,610,1.03673469388
135531,135543,135777,12,234,16,610,1.05128205128
135758,135791,136765,33,974,2,18000,1.03388090349
136166,136174,139512,8,3338,2,7200,1.0023966447
136262,136270,139469,8,3199,2,7200,1.00250078149
136277,136289,139345,12,3056,2,7200,1.00392670157
136440,136450,139384,10,2934,2,7200,1.00340831629
136474,136482,136637,8,155,2,18000,1.05161290323
136476,136492,139812,16,3320,2,7200,1.00481927711
136518,136526,139905,8,3379,2,7200,1.00236756437
136537,136545,136745,8,200,16,610,1.04
136564,136575,136827,11,252,16,610,1.04365079365
136579,136589,139841,10,3252,2,7200,1.00307503075
136590,136603,136853,13,250,1,18000,1.052
136606,136616,140250,10,3634,2,7200,1.00275178866
136651,136661,139763,10,3102,2,7200,1.00322372663
136711,136721,140119,10,3398,2,7200,1.00294290759
136767,136775,139986,8,3211,2,7200,1.00249143569
136768,136784,139692,16,2908,2,7200,1.00550206327
136776,136794,154919,18,18125,20,18000,1.00099310345
136783,136799,140085,16,3286,2,7200,1.00486914181
136798,136809,139808,11,2999,2,7200,1.0036678893
136859,136867,139984,8,3117,2,7200,1.00256657042
136879,136890,140440,11,3550,2,7200,1.00309859155
136894,136905,140080,11,3175,2,7200,1.00346456693
136909,136918,140208,9,3290,2,7200,1.00273556231
136911,136926,140059,15,3133,2,7200,1.00478774338
136913,136931,139923,18,2992,2,7200,1.00601604278
136940,136948,140042,8,3094,2,7200,1.00258564964
136955,136963,140075,8,3112,2,7200,1.00257069409
136970,136981,140245,11,3264,2,7200,1.00337009804
136971,136986,140240,15,3254,2,7200,1.00460971112
136986,136996,140041,10,3045,2,7200,1.00328407225
136987,137006,140277,19,3271,2,7200,1.00580862122
137002,137016,140493,14,3477,2,7200,1.00402645959
137017,137029,140200,12,3171,2,7200,1.00378429518
137032,137040,140300,8,3260,2,7200,1.00245398773
137047,137055,140317,8,3262,2,7200,1.00245248314
137065,137075,140361,10,3286,2,7200,1.00304321363
137083,137091,140453,8,3362,2,7200,1.00237953599
137092,137102,137105,10,3,2,18000,1.3
137097,137112,140621,15,3509,2,7200,1.00427472214
137121,137130,140540,9,3410,2,7200,1.00263929619
137136,137145,140591,9,3446,2,7200,1.00261172374
137151,137163,140208,12,3045,2,7200,1.0039408867
137153,137168,140682,15,3514,2,7200,1.00426863973
137164,137236,137452,72,216,16,610,1.33333333333
137165,137465,137668,300,203,16,610,2.47783251232
137168,137178,140376,10,3198,2,7200,1.00312695435
137169,137186,140327,17,3141,2,7200,1.00541228908
137169,137375,137378,206,3,2,18000,20.9
137202,137213,140400,11,3187,2,7200,1.00345152181
137218,137227,140601,9,3374,2,7200,1.00266745702
137219,137242,140387,23,3145,2,7200,1.00731319555
137234,137252,140516,18,3264,2,7200,1.00551470588
137235,137257,140626,22,3369,2,7200,1.00653012763
137259,137275,140655,16,3380,2,7200,1.00473372781
137277,137286,140733,9,3447,2,7200,1.00261096606
137292,137302,140611,10,3309,2,7200,1.00302206105
137331,137341,140712,10,3371,2,7200,1.00296647879
137358,137366,140705,8,3339,2,7200,1.00239592692
137373,137385,140519,12,3134,2,7200,1.00382897256
137406,137414,140598,8,3184,2,7200,1.00251256281
137421,137434,140551,13,3117,2,7200,1.00417067693
137423,137439,140391,16,2952,2,7200,1.0054200542
137424,137444,140573,20,3129,2,7200,1.00639181847
137474,137484,140712,10,3228,2,7200,1.00309789343
137489,137503,141324,14,3821,2,7200,1.00366396231
137490,137508,140752,18,3244,2,7200,1.0055487053
137505,137516,483138,11,345622,8,345600,1.00003182668
137517,137526,140745,9,3219,2,7200,1.00279589935
137538,137546,140592,8,3046,2,7200,1.00262639527
137580,137588,140817,8,3229,2,7200,1.00247754723
137595,137603,140817,8,3214,2,7200,1.00248911014
137651,137660,137767,9,107,2,18000,1.08411214953
137707,137717,140792,10,3075,2,7200,1.00325203252
137708,137725,140957,17,3232,2,7200,1.00525990099
137729,137737,140887,8,3150,2,7200,1.00253968254
137744,137752,141116,8,3364,2,7200,1.00237812128
137777,137785,140939,8,3154,2,7200,1.00253646164
137804,137813,141036,9,3223,2,7200,1.00279242941
137827,137838,141174,11,3336,2,7200,1.00329736211
137842,137854,141121,12,3267,2,7200,1.00367309458
137858,137866,141172,8,3306,2,7200,1.00241984271
137859,137876,141151,17,3275,2,7200,1.00519083969
137889,137899,141082,10,3183,2,7200,1.00314169023
137931,137939,141222,8,3283,2,7200,1.00243679561
137946,137956,141044,10,3088,2,7200,1.00323834197
138088,139785,140785,1697,1000,32,1440,2.697
138116,140245,140310,2129,65,2,18000,33.7538461538
138162,140222,140229,2060,7,2,18000,206.7
138199,140815,140818,2616,3,2,18000,261.9
138226,138234,138468,8,234,16,610,1.03418803419
138227,138483,138717,256,234,16,610,2.09401709402
138615,138732,139000,117,268,16,610,1.43656716418
138616,139015,139178,399,163,16,610,3.44785276074
138639,138649,141994,10,3345,2,7200,1.00298953662
138644,140799,142969,2155,2170,48,86400,1.9930875576
139174,139183,148884,9,9701,1,10800,1.00092773941
139177,140460,151291,1283,10831,1,10800,1.11845628289
139199,139207,139220,8,13,2,1800,1.61538461538
139347,139356,142459,9,3103,2,7200,1.00290041895
139386,139395,142724,9,3329,2,7200,1.00270351457
139470,139480,142638,10,3158,2,7200,1.00316656111
139515,139526,142990,11,3464,2,7200,1.00317551963
139660,140264,225256,604,84992,1,342000,1.0071065512
139693,139702,143085,9,3383,2,7200,1.00266036063
139765,139775,142761,10,2986,2,7200,1.00334896182
139810,139818,143127,8,3309,2,7200,1.00241764884
139826,139834,143187,8,3353,2,7200,1.00238592305
139844,139854,143156,10,3302,2,7200,1.0030284676
139907,139917,143140,10,3223,2,7200,1.00310269935
139925,139935,143053,10,3118,2,7200,1.00320718409
139985,139994,143247,9,3253,2,7200,1.00276667691
139987,140004,143350,17,3346,2,7200,1.00508069337
140044,140053,143368,9,3315,2,7200,1.00271493213
140046,140062,143485,16,3423,2,7200,1.00467426234
140060,140070,143384,10,3314,2,7200,1.00301750151
140075,140085,143202,10,3117,2,7200,1.00320821303
140090,140099,143622,9,3523,2,7200,1.00255464093
140092,140108,143214,16,3106,2,7200,1.00515132003
140122,140130,143484,8,3354,2,7200,1.00238521169
140200,140207,143499,7,3292,2,7200,1.00212636695
140216,140231,143296,15,3065,2,7200,1.00489396411
140217,140236,143254,19,3018,2,7200,1.00629555997
140241,140252,143879,11,3627,2,7200,1.00303280948
140256,140291,143371,35,3080,2,7200,1.01136363636
140258,140313,143538,55,3225,2,7200,1.01705426357
140278,140324,143740,46,3416,2,7200,1.01346604215
140302,140332,143743,30,3411,2,7200,1.00879507476
140317,140341,143619,24,3278,2,7200,1.00732153752
140332,140374,143559,42,3185,2,7200,1.01318681319
140362,140390,143539,28,3149,2,7200,1.00889171165
140377,140401,143526,24,3125,2,7200,1.00768
140393,140410,143540,17,3130,2,7200,1.0054313099
140394,140419,143685,25,3266,2,7200,1.00765462339
140409,140468,143802,59,3334,2,7200,1.01769646071
140442,140507,143658,65,3151,2,7200,1.02062837195
140445,140454,140479,9,25,1,4500,1.36
140457,140530,143662,73,3132,2,7200,1.02330779055
140493,140539,144040,46,3501,2,7200,1.01313910311
140517,140554,144198,37,3644,2,7200,1.01015367728
140532,140565,143753,33,3188,2,7200,1.01035131744
140550,140587,143769,37,3182,2,7200,1.01162790698
140565,140607,143959,42,3352,2,7200,1.01252983294
140580,140612,143787,32,3175,2,7200,1.01007874016
140595,140622,144029,27,3407,2,7200,1.00792486058
140597,140627,143619,30,2992,2,7200,1.01002673797
140612,140638,143955,26,3317,2,7200,1.0078384082
140613,140643,143741,30,3098,2,7200,1.00968366688
140615,140651,143813,36,3162,2,7200,1.01138519924
140630,140671,143928,41,3257,2,7200,1.01258827142
140631,140696,143994,65,3298,2,7200,1.01970891449
140658,140719,143989,61,3270,2,7200,1.01865443425
140682,140728,143780,46,3052,2,7200,1.01507208388
140706,140733,143830,27,3097,2,7200,1.0087181143
140721,140747,143791,26,3044,2,7200,1.0085413929
140723,140759,144006,36,3247,2,7200,1.01108715738
140737,140768,143964,31,3196,2,7200,1.00969962453
140753,140804,143988,51,3184,2,7200,1.01601758794
140754,140810,143884,56,3074,2,7200,1.01821730644
140793,140824,143974,31,3150,2,7200,1.00984126984
140818,140832,144476,14,3644,2,7200,1.00384193194
140819,140837,144203,18,3366,2,7200,1.00534759358
140889,140896,144192,7,3296,2,7200,1.00212378641
140940,140947,144167,7,3220,2,7200,1.00217391304
140958,140965,144358,7,3393,2,7200,1.00206307103
141039,141048,144300,9,3252,2,7200,1.00276752768
141054,141064,144325,10,3261,2,7200,1.003066544
141084,141092,144214,8,3122,2,7200,1.00256245996
141117,141126,144419,9,3293,2,7200,1.00273307015
141132,141140,144294,8,3154,2,7200,1.00253646164
141152,141162,144463,10,3301,2,7200,1.00302938503
141173,141183,144521,10,3338,2,7200,1.00299580587
141175,141192,144140,17,2948,2,7200,1.00576662144
141223,141232,144458,9,3226,2,7200,1.00278983261
141326,141333,144500,7,3167,2,7200,1.00221029365
141429,141438,141560,9,122,2,1800,1.0737704918
141752,141759,213786,7,72027,1,72000,1.00009718578
141954,141963,142340,9,377,14,1980,1.02387267905
141996,142004,145444,8,3440,2,7200,1.0023255814
142015,142984,143323,969,339,16,610,3.85840707965
142018,142989,143341,971,352,16,610,3.75852272727
142033,142040,142063,7,23,1,4500,1.30434782609
142294,142301,154790,7,12489,1,72000,1.00056049323
142339,142349,142354,10,5,1,900,1.5
142347,142358,143484,11,1126,14,1980,1.00976909414
142461,142468,145828,7,3360,2,7200,1.00208333333
142469,142995,142997,526,2,16,1440,52.8
142552,142560,142564,8,4,2,18000,1.2
142639,142649,145953,10,3304,2,7200,1.00302663438
142726,142734,146148,8,3414,2,7200,1.00234329233
142762,142770,146201,8,3431,2,7200,1.00233168173
142824,143000,147902,176,4902,4,18000,1.03590371277
142992,143009,146268,17,3259,2,7200,1.00521632403
143055,143062,146549,7,3487,2,7200,1.00200745627
143088,143096,146435,8,3339,2,7200,1.00239592692
143127,143138,146581,11,3443,2,7200,1.00319488818
143142,143149,146402,7,3253,2,7200,1.00215185982
143157,143166,146522,9,3356,2,7200,1.002681764
143187,143194,146465,7,3271,2,7200,1.00214001834
143205,143215,146575,10,3360,2,7200,1.00297619048
143220,143231,146508,11,3277,2,7200,1.00335672872
143247,143257,146482,10,3225,2,7200,1.00310077519
143262,143270,146373,8,3103,2,7200,1.00257815018
143298,143306,146421,8,3115,2,7200,1.0025682183
143352,143360,146385,8,3025,2,7200,1.0026446281
143370,143378,146618,8,3240,2,7200,1.0024691358
143385,143396,146557,11,3161,2,7200,1.00347991142
143387,143405,146457,18,3052,2,7200,1.00589777195
143417,143427,143428,10,1,16,1440,1.1
143452,143461,143520,9,59,16,1440,1.15254237288
143482,143492,143499,10,7,1,900,1.7
143486,143507,146659,21,3152,2,7200,1.00666243655
143488,143512,146902,24,3390,2,7200,1.00707964602
143491,143501,144849,10,1348,14,1980,1.00741839763
143502,143522,146899,20,3377,2,7200,1.00592241635
143527,143536,146771,9,3235,2,7200,1.0027820711
143542,143550,146875,8,3325,2,7200,1.00240601504
143544,143560,146881,16,3321,2,7200,1.00481782596
143545,143565,146849,20,3284,2,7200,1.00609013398
143560,143575,146820,15,3245,2,7200,1.00462249615
143621,143631,147129,10,3498,2,7200,1.00285877644
143622,143641,146962,19,3321,2,7200,1.00572116832
143637,143649,146766,12,3117,2,7200,1.00384985563
143658,143666,146916,8,3250,2,7200,1.00246153846
143672,144439,144498,767,59,16,1440,14.0
143673,143684,146954,11,3270,2,7200,1.00336391437
143687,143698,146855,11,3157,2,7200,1.00348432056
143742,143750,146910,8,3160,2,7200,1.00253164557
143743,143760,147203,17,3443,2,7200,1.00493755446
143758,143770,146891,12,3121,2,7200,1.0038449215
143760,143775,146898,15,3123,2,7200,1.00480307397
143774,143785,147087,11,3302,2,7200,1.00333131435
143790,143800,146736,10,2936,2,7200,1.00340599455
143791,143810,147094,19,3284,2,7200,1.00578562728
143806,143820,146925,14,3105,2,7200,1.00450885668
143808,143825,146972,17,3147,2,7200,1.00540197013
143822,143834,146993,12,3159,2,7200,1.00379867047
143837,143850,147105,13,3255,2,7200,1.00399385561
143879,143890,147144,11,3254,2,7200,1.00338045482
143894,143905,147041,11,3136,2,7200,1.00350765306
143930,143938,147105,8,3167,2,7200,1.00252604989
143957,143968,147198,11,3230,2,7200,1.00340557276
143973,143982,147213,9,3231,2,7200,1.00278551532
143974,143998,147347,24,3349,2,7200,1.0071663183
143975,143993,143994,18,1,2,7200,1.9
143989,144008,147699,19,3691,2,7200,1.00514765646
143991,144013,147394,22,3381,2,7200,1.00650695061
143992,144018,147093,26,3075,2,7200,1.00845528455
144007,144028,147428,21,3400,2,7200,1.00617647059
144009,144034,147309,25,3275,2,7200,1.00763358779
144030,144044,147154,14,3110,2,7200,1.00450160772
144045,144055,147327,10,3272,2,7200,1.00305623472
144141,144150,147373,9,3223,2,7200,1.00279242941
144168,144178,147388,10,3210,2,7200,1.0031152648
144192,144202,147170,10,2968,2,7200,1.00336927224
144208,144217,147465,9,3248,2,7200,1.00277093596
144209,144225,147258,16,3033,2,7200,1.00527530498
144224,144235,147471,11,3236,2,7200,1.00339925834
144294,144302,147408,8,3106,2,7200,1.00257566001
144309,144324,147670,15,3346,2,7200,1.00448296473
144310,144319,144431,9,112,2,7200,1.08035714286
144327,144335,147614,8,3279,2,7200,1.00243976822
144360,144368,147345,8,2977,2,7200,1.00268726906
144420,144429,147824,9,3395,2,7200,1.00265095729
144451,144459,144472,8,13,2,7200,1.61538461538
144460,144468,147864,8,3396,2,7200,1.0023557126
144475,144483,147803,8,3320,2,7200,1.00240963855
144490,144498,148014,8,3516,2,7200,1.00227531286
144504,144518,147815,14,3297,2,7200,1.0042462845
144522,144531,147695,9,3164,2,7200,1.00284450063
144565,144575,144580,10,5,4,600,1.5
144847,144857,144863,10,6,1,900,1.6
144858,144867,146010,9,1143,14,1980,1.00787401575
144913,144923,145545,10,622,4,600,1.01607717042
145041,145049,145071,8,22,16,1440,1.36363636364
145171,145180,152059,9,6879,9,68400,1.0013083297
145444,145454,148727,10,3273,2,7200,1.00305530095
145830,145839,149234,9,3395,2,7200,1.00265095729
145954,145962,149472,8,3510,2,7200,1.00227920228
146008,146016,146023,8,7,1,900,1.5
146016,146025,147509,9,1484,14,1980,1.00606469003
146151,146161,149427,10,3266,2,7200,1.00306184936
146203,146211,149750,8,3539,2,7200,1.00226052557
146269,146277,149633,8,3356,2,7200,1.00238379023
146374,146382,149679,8,3297,2,7200,1.00242644829
146389,146397,149636,8,3239,2,7200,1.00246989812
146404,146412,149765,8,3353,2,7200,1.00238592305
146422,146432,149620,10,3188,2,7200,1.00313676286
146437,146445,149649,8,3204,2,7200,1.0024968789
146458,146466,150031,8,3565,2,7200,1.00224403927
146473,146484,149721,11,3237,2,7200,1.00339820822
146488,146497,149650,9,3153,2,7200,1.00285442436
146509,146519,149643,10,3124,2,7200,1.00320102433
146524,146532,149843,8,3311,2,7200,1.00241618846
146551,146560,149881,9,3321,2,7200,1.0027100271
146566,146575,150136,9,3561,2,7200,1.00252737995
146581,146590,149803,9,3213,2,7200,1.00280112045
146582,146601,149989,19,3388,2,7200,1.00560802834
146618,146626,150029,8,3403,2,7200,1.00235086688
146661,146671,150177,10,3506,2,7200,1.00285225328
146739,146749,149882,10,3133,2,7200,1.00319182892
146769,146780,150010,11,3230,2,7200,1.00340557276
146784,146799,150001,15,3202,2,7200,1.00468457214
146820,146828,150171,8,3343,2,7200,1.00239306013
146851,146861,150122,10,3261,2,7200,1.003066544
146865,146876,150028,11,3152,2,7200,1.00348984772
146881,146891,150050,10,3159,2,7200,1.00316555872
146882,146896,150155,14,3259,2,7200,1.00429579626
146897,146907,150124,10,3217,2,7200,1.00310848617
146913,146923,149987,10,3064,2,7200,1.00326370757
146914,146929,150243,15,3314,2,7200,1.00452625226
146916,146939,150434,23,3495,2,7200,1.00658082976
146917,146944,150254,27,3310,2,7200,1.0081570997
146933,146954,150107,21,3153,2,7200,1.0066603235
146934,146959,150158,25,3199,2,7200,1.00781494217
146955,146969,150200,14,3231,2,7200,1.00433302383
146970,146981,150422,11,3441,2,7200,1.00319674513
146985,146996,150261,11,3265,2,7200,1.00336906585
147001,147009,150228,8,3219,2,7200,1.00248524386
147043,147051,150287,8,3236,2,7200,1.00247218789
147089,147099,150464,10,3365,2,7200,1.0029717682
147105,147116,150321,11,3205,2,7200,1.00343213729
147107,147126,150453,19,3327,2,7200,1.00571085062
147109,147131,150429,22,3298,2,7200,1.00667070952
147110,147137,150334,27,3197,2,7200,1.00844541758
147128,147525,183552,397,36027,32,36000,1.01101951314
147131,147147,150533,16,3386,2,7200,1.00472533963
147146,147156,150176,10,3020,2,7200,1.00331125828
147161,147171,150411,10,3240,2,7200,1.00308641975
147176,147185,150496,9,3311,2,7200,1.00271821202
147200,147208,150320,8,3112,2,7200,1.00257069409
147215,147223,150564,8,3341,2,7200,1.00239449267
147216,147232,150339,16,3107,2,7200,1.00514966205
147258,147268,150477,10,3209,2,7200,1.00311623559
147309,147317,150792,8,3475,2,7200,1.00230215827
147327,147335,150399,8,3064,2,7200,1.00261096606
147346,147354,150542,8,3188,2,7200,1.00250941029
147361,147369,150545,8,3176,2,7200,1.00251889169
147375,147386,150394,11,3008,2,7200,1.00365691489
147390,147406,150782,16,3376,2,7200,1.00473933649
147405,147416,150691,11,3275,2,7200,1.00335877863
147420,147431,150452,11,3021,2,7200,1.00364117842
147435,147447,150773,12,3326,2,7200,1.00360793746
147466,147475,150638,9,3163,2,7200,1.00284539994
147480,147490,150510,10,3020,2,7200,1.00331125828
147507,147515,147521,8,6,1,900,1.4
147517,147916,149228,399,1312,14,1980,1.30411585366
147614,147622,150921,8,3299,2,7200,1.00242497727
147671,147678,151095,7,3417,2,7200,1.00204858063
147698,147707,150896,9,3189,2,7200,1.00282220132
147713,147721,151106,8,3385,2,7200,1.0023633678
147803,147811,150844,8,3033,2,7200,1.00263765249
147818,147827,150883,9,3056,2,7200,1.00294502618
147833,147843,151236,10,3393,2,7200,1.00294724433
147866,147875,151391,9,3516,2,7200,1.00255972696
148014,148022,151036,8,3014,2,7200,1.00265428003
148730,148737,152027,7,3290,2,7200,1.00212765957
149226,149234,149240,8,6,1,900,1.4
149233,149243,149507,10,264,14,1980,1.03787878788
149234,149248,152390,14,3142,2,7200,1.00445576066
149427,149436,152642,9,3206,2,7200,1.00280723643
149472,149479,152734,7,3255,2,7200,1.00215053763
149620,149627,152839,7,3212,2,7200,1.00217932752
149635,149643,153059,8,3416,2,7200,1.00234192037
149650,149660,152893,10,3233,2,7200,1.00309310238
149652,149665,152769,13,3104,2,7200,1.00418814433
149653,149673,152956,20,3283,2,7200,1.00609198903
149654,149679,152948,25,3269,2,7200,1.00764759865
149681,149690,152635,9,2945,2,7200,1.00305602716
149724,149731,153166,7,3435,2,7200,1.00203784571
149751,149760,153068,9,3308,2,7200,1.00272067715
149768,149776,153004,8,3228,2,7200,1.00247831475
149805,149812,153281,7,3469,2,7200,1.00201787259
149844,149853,153190,9,3337,2,7200,1.00269703326
149883,149891,152988,8,3097,2,7200,1.00258314498
149884,149900,153095,16,3195,2,7200,1.00500782473
149987,149996,153157,9,3161,2,7200,1.00284720025
150002,150010,153306,8,3296,2,7200,1.00242718447
150004,150019,153463,15,3444,2,7200,1.0043554007
150018,150027,153190,9,3163,2,7200,1.00284539994
150035,150046,153218,11,3172,2,7200,1.00346784363
150036,150052,153305,16,3253,2,7200,1.00491853674
150037,150057,153331,20,3274,2,7200,1.00610873549
150052,150065,153453,13,3388,2,7200,1.00383707202
150109,150117,153611,8,3494,2,7200,1.00228963938
150125,150132,153296,7,3164,2,7200,1.00221238938
150126,150142,153401,16,3259,2,7200,1.00490948144
150141,150152,153345,11,3193,2,7200,1.00344503602
150156,150164,154191,8,4027,2,7200,1.00198659051
150171,150178,153392,7,3214,2,7200,1.00217797138
150173,150188,153160,15,2972,2,7200,1.00504710633
150188,150198,153860,10,3662,2,7200,1.00273074823
150189,150205,153517,16,3312,2,7200,1.00483091787
150204,150215,153466,11,3251,2,7200,1.00338357428
150228,150236,153319,8,3083,2,7200,1.00259487512
150243,150251,153578,8,3327,2,7200,1.00240456868
150258,150265,153483,7,3218,2,7200,1.00217526414
150273,150281,153657,8,3376,2,7200,1.00236966825
150288,150296,153320,8,3024,2,7200,1.00264550265
150321,150329,153700,8,3371,2,7200,1.00237318303
150323,150338,153561,15,3223,2,7200,1.00465404902
150338,150347,153751,9,3404,2,7200,1.0026439483
150353,150360,153862,7,3502,2,7200,1.0019988578
150395,150403,153689,8,3286,2,7200,1.00243457091
150410,150417,153547,7,3130,2,7200,1.00223642173
150425,150432,153974,7,3542,2,7200,1.00197628458
150426,150443,153591,17,3148,2,7200,1.00540025413
150441,150452,153737,11,3285,2,7200,1.00334855403
150443,150457,153888,14,3431,2,7200,1.00408044302
150458,150469,153852,11,3383,2,7200,1.00325155188
150460,150474,153685,14,3211,2,7200,1.00436001246
150474,150482,153795,8,3313,2,7200,1.00241472985
150489,150499,153677,10,3178,2,7200,1.0031466331
150504,150514,153975,10,3461,2,7200,1.00288933834
150519,150527,153847,8,3320,2,7200,1.00240963855
150534,150543,153638,9,3095,2,7200,1.00290791599
150549,150559,153853,10,3294,2,7200,1.00303582271
150551,150568,153760,17,3192,2,7200,1.00532581454
150565,150576,153638,11,3062,2,7200,1.00359242325
150638,150646,153956,8,3310,2,7200,1.00241691843
150692,150700,153951,8,3251,2,7200,1.0024607813
150773,150781,153955,8,3174,2,7200,1.00252047889
150788,150801,154214,13,3413,2,7200,1.00380896572
150803,150814,154210,11,3396,2,7200,1.00323910483
150846,150856,154084,10,3228,2,7200,1.00309789343
150886,150894,154064,8,3170,2,7200,1.00252365931
150901,150911,154199,10,3288,2,7200,1.00304136253
150922,150930,154174,8,3244,2,7200,1.00246609125
151036,151046,154409,10,3363,2,7200,1.00297353553
151097,151105,154511,8,3406,2,7200,1.00234879624
151111,151121,154366,10,3245,2,7200,1.0030816641
151238,151248,154330,10,3082,2,7200,1.00324464633
151392,151400,154502,8,3102,2,7200,1.0025789813
152029,152037,155623,8,3586,2,7200,1.00223089794
152390,152397,155719,7,3322,2,7200,1.00210716436
152635,152643,156046,8,3403,2,7200,1.00235086688
152649,152660,155434,11,2774,2,7200,1.00396539293
152737,152745,156054,8,3309,2,7200,1.00241764884
152770,152777,156019,7,3242,2,7200,1.00215916101
152839,152849,156337,10,3488,2,7200,1.00286697248
152896,152905,155861,9,2956,2,7200,1.00304465494
152950,152961,156508,11,3547,2,7200,1.00310121229
152965,152976,155991,11,3015,2,7200,1.00364842454
152989,152999,156364,10,3365,2,7200,1.0029717682
153005,153013,156390,8,3377,2,7200,1.00236896654
153059,153067,156567,8,3500,2,7200,1.00228571429
153074,153086,156356,12,3270,2,7200,1.00366972477
153098,153106,156208,8,3102,2,7200,1.0025789813
153158,153166,156392,8,3226,2,7200,1.00247985121
153173,153183,156543,10,3360,2,7200,1.00297619048
153175,153189,156259,14,3070,2,7200,1.00456026059
153190,153197,156422,7,3225,2,7200,1.00217054264
153204,153214,156527,10,3313,2,7200,1.00301841232
153219,153227,156648,8,3421,2,7200,1.00233849752
153282,153291,156617,9,3326,2,7200,1.0027059531
153297,153305,156590,8,3285,2,7200,1.00243531202
153312,153325,156278,13,2953,2,7200,1.00440230274
153314,153330,156674,16,3344,2,7200,1.004784689
153329,153340,156612,11,3272,2,7200,1.00336185819
153330,153345,156222,15,2877,2,7200,1.00521376434
153345,153355,156415,10,3060,2,7200,1.00326797386
153347,153364,156630,17,3266,2,7200,1.00520514391
153392,153400,156901,8,3501,2,7200,1.00228506141
153407,153418,156631,11,3213,2,7200,1.00342359166
153452,153460,156492,8,3032,2,7200,1.00263852243
153467,153477,156692,10,3215,2,7200,1.00311041991
153468,153486,156765,18,3279,2,7200,1.0054894785
153483,153496,156911,13,3415,2,7200,1.00380673499
153519,153527,156927,8,3400,2,7200,1.00235294118
153547,153556,156869,9,3313,2,7200,1.00271657108
153562,153570,157003,8,3433,2,7200,1.00233032333
153580,153589,156849,9,3260,2,7200,1.0027607362
153595,153605,156676,10,3071,2,7200,1.00325626832
153613,153623,157083,10,3460,2,7200,1.00289017341
153638,153646,157379,8,3733,2,7200,1.00214304849
153639,153655,156912,16,3257,2,7200,1.00491249616
153657,153665,157051,8,3386,2,7200,1.00236266982
153678,153686,157044,8,3358,2,7200,1.00238237046
153693,153705,156836,12,3131,2,7200,1.00383264133
153695,153710,157033,15,3323,2,7200,1.00451399338
153710,153720,156999,10,3279,2,7200,1.00304971028
153740,153748,156952,8,3204,2,7200,1.0024968789
153757,153770,156758,13,2988,2,7200,1.00435073628
153772,153783,156691,11,2908,2,7200,1.0037826685
153796,153805,157451,9,3646,2,7200,1.00246845858
153847,153858,157011,11,3153,2,7200,1.00348874088
153863,153871,157073,8,3202,2,7200,1.00249843848
153865,153879,157211,14,3332,2,7200,1.00420168067
153866,153885,157031,19,3146,2,7200,1.00603941513
153867,153890,157146,23,3256,2,7200,1.00706388206
153888,153898,157315,10,3417,2,7200,1.00292654375
153952,153962,157049,10,3087,2,7200,1.00323939099
153967,153975,157263,8,3288,2,7200,1.00243309002
153968,153983,157071,15,3088,2,7200,1.00485751295
153984,153993,157362,9,3369,2,7200,1.00267141585
153985,154002,160347,17,6345,2,7200,1.00267927502
154063,154073,157513,10,3440,2,7200,1.00290697674
154084,154093,157438,9,3345,2,7200,1.00269058296
154175,154184,157481,9,3297,2,7200,1.00272975432
154193,154203,157467,10,3264,2,7200,1.00306372549
154208,154220,157541,12,3321,2,7200,1.00361336947
154223,154234,157439,11,3205,2,7200,1.00343213729
154224,154239,157706,15,3467,2,7200,1.00432650707
154330,154338,157698,8,3360,2,7200,1.00238095238
154366,154374,157946,8,3572,2,7200,1.00223964166
154411,154420,157665,9,3245,2,7200,1.00277349769
154502,154512,157951,10,3439,2,7200,1.00290782204
154517,154526,157693,9,3167,2,7200,1.00284180613
155436,155446,158587,10,3141,2,7200,1.00318369946
155617,155627,159037,10,3410,2,7200,1.00293255132
155720,155729,158781,9,3052,2,7200,1.00294888598
155861,155871,159186,10,3315,2,7200,1.00301659125
155991,155999,159114,8,3115,2,7200,1.0025682183
156021,156030,159193,9,3163,2,7200,1.00284539994
156045,156053,159251,8,3198,2,7200,1.00250156348
156060,156071,160312,11,4241,2,7200,1.00259372789
156211,156221,159741,10,3520,2,7200,1.00284090909
156226,156234,159150,8,2916,2,7200,1.00274348422
156259,156267,159827,8,3560,2,7200,1.00224719101
156277,156286,159455,9,3169,2,7200,1.00284001262
156340,156348,159820,8,3472,2,7200,1.00230414747
156358,156368,159899,10,3531,2,7200,1.00283205891
156373,156387,159459,14,3072,2,7200,1.00455729167
156391,156399,159569,8,3170,2,7200,1.00252365931
156406,156414,159832,8,3418,2,7200,1.00234055003
156421,156432,159774,11,3342,2,7200,1.00329144225
156422,156438,159410,16,2972,2,7200,1.00538358008
156492,156500,159912,8,3412,2,7200,1.00234466589
156510,156519,159830,9,3311,2,7200,1.00271821202
156528,156536,159620,8,3084,2,7200,1.00259403372
156546,156554,159653,8,3099,2,7200,1.0025814779
156567,156576,159906,9,3330,2,7200,1.0027027027
156592,156602,159806,10,3204,2,7200,1.00312109863
156613,156622,159805,9,3183,2,7200,1.00282752121
156628,156637,159799,9,3162,2,7200,1.00284629981
156630,156647,160008,17,3361,2,7200,1.00505801845
156645,156655,160211,10,3556,2,7200,1.00281214848
156660,156668,159719,8,3051,2,7200,1.00262209112
156675,156683,159788,8,3105,2,7200,1.00257648953
156690,156698,160083,8,3385,2,7200,1.0023633678
156691,156706,160166,15,3460,2,7200,1.00433526012
156706,156715,159913,9,3198,2,7200,1.00281425891
156757,156767,159985,10,3218,2,7200,1.0031075202
156772,156784,160361,12,3577,2,7200,1.00335476656
156838,156847,160265,9,3418,2,7200,1.00263311878
156853,156861,160065,8,3204,2,7200,1.0024968789
156871,156879,160188,8,3309,2,7200,1.00241764884
156902,156911,160109,9,3198,2,7200,1.00281425891
156917,156924,160199,7,3275,2,7200,1.00213740458
156918,156935,160259,17,3324,2,7200,1.0051143201
156933,156944,160190,11,3246,2,7200,1.0033887862
156954,156963,160130,9,3167,2,7200,1.00284180613
157000,157008,160386,8,3378,2,7200,1.00236826525
157015,157024,160180,9,3156,2,7200,1.00285171103
157016,157034,160250,18,3216,2,7200,1.00559701493
157031,157042,160405,11,3363,2,7200,1.00327088909
157046,157057,160305,11,3248,2,7200,1.00338669951
157048,157062,160374,14,3312,2,7200,1.00422705314
157063,157075,160403,12,3328,2,7200,1.00360576923
157065,157080,160187,15,3107,2,7200,1.00482780818
157080,157090,160543,10,3453,2,7200,1.00289603244
157081,157100,160513,19,3413,2,7200,1.0055669499
157096,157113,160482,17,3369,2,7200,1.00504600772
157144,157153,160501,9,3348,2,7200,1.00268817204
157211,157221,160500,10,3279,2,7200,1.00304971028
157265,157275,160598,10,3323,2,7200,1.00300932892
157317,157325,160640,8,3315,2,7200,1.002413273
157362,157370,160780,8,3410,2,7200,1.00234604106
157380,157388,160639,8,3251,2,7200,1.0024607813
157444,157456,160533,12,3077,2,7200,1.0038999025
157445,157461,160641,16,3180,2,7200,1.00503144654
157461,157471,160723,10,3252,2,7200,1.00307503075
157476,157486,160493,10,3007,2,7200,1.00332557366
157491,157501,160988,10,3487,2,7200,1.00286779467
157516,157525,160632,9,3107,2,7200,1.00289668491
157541,157549,160535,8,2986,2,7200,1.00267916946
157665,157674,160809,9,3135,2,7200,1.0028708134
157695,157704,161237,9,3533,2,7200,1.00254741013
157710,157720,161127,10,3407,2,7200,1.00293513355
157712,157728,161214,16,3486,2,7200,1.00458978772
157772,160658,161061,2886,403,16,610,8.16129032258
157948,157956,161209,8,3253,2,7200,1.00245926837
157962,157973,161220,11,3247,2,7200,1.00338774253
158585,158594,161895,9,3301,2,7200,1.00272644653
158782,158790,161977,8,3187,2,7200,1.00251019768
159041,159054,162158,13,3104,2,7200,1.00418814433
159116,159128,162589,12,3461,2,7200,1.00346720601
159149,159157,162125,8,2968,2,7200,1.00269541779
159185,159193,162410,8,3217,2,7200,1.00248678893
159200,159213,162654,13,3441,2,7200,1.00377797152
159255,159265,162485,10,3220,2,7200,1.00310559006
159411,159419,162759,8,3340,2,7200,1.00239520958
159456,159467,162776,11,3309,2,7200,1.00332426715
159471,159482,162768,11,3286,2,7200,1.003347535
159569,159579,159581,10,2,2,3540,1.2
159571,159589,162661,18,3072,2,7200,1.005859375
159620,159628,162985,8,3357,2,7200,1.00238308013
159653,159661,163071,8,3410,2,7200,1.00234604106
159720,159728,163147,8,3419,2,7200,1.00233986546
159744,159752,163278,8,3526,2,7200,1.0022688599
159774,159784,162847,10,3063,2,7200,1.0032647731
159788,159799,163230,11,3431,2,7200,1.00320606237
159804,159813,163211,9,3398,2,7200,1.00264861683
159819,159827,163065,8,3238,2,7200,1.0024706609
159820,159836,163172,16,3336,2,7200,1.00479616307
159836,159846,162834,10,2988,2,7200,1.00334672021
159838,159856,163085,18,3229,2,7200,1.00557448126
159839,159861,163311,22,3450,2,7200,1.00637681159
159840,159867,163327,27,3460,2,7200,1.00780346821
159901,159909,163152,8,3243,2,7200,1.00246685168
159916,159929,163142,13,3213,2,7200,1.00404606287
159917,159934,163268,17,3334,2,7200,1.0050989802
159919,159940,163408,21,3468,2,7200,1.00605536332
159985,159995,163381,10,3386,2,7200,1.00295333727
160009,160017,163264,8,3247,2,7200,1.00246381275
160066,160074,163183,8,3109,2,7200,1.00257317465
160084,160092,163542,8,3450,2,7200,1.00231884058
160108,160116,163264,8,3148,2,7200,1.00254129606
160132,160140,163607,8,3467,2,7200,1.00230747044
160168,160176,163230,8,3054,2,7200,1.00261951539
160183,160191,163149,8,2958,2,7200,1.00270453009
160199,160209,163456,10,3247,2,7200,1.00307976594
160200,160214,163338,14,3124,2,7200,1.00448143406
160202,160219,163311,17,3092,2,7200,1.00549805951
160203,160229,163429,26,3200,2,7200,1.008125
160218,160234,163433,16,3199,2,7200,1.00500156299
160251,160260,163646,9,3386,2,7200,1.00265800354
160266,160277,163577,11,3300,2,7200,1.00333333333
160268,160282,163437,14,3155,2,7200,1.00443740095
160307,160315,163647,8,3332,2,7200,1.00240096038
160322,160334,163736,12,3402,2,7200,1.00352733686
160349,160358,163502,9,3144,2,7200,1.00286259542
160364,160372,163592,8,3220,2,7200,1.00248447205
160379,160389,163796,10,3407,2,7200,1.00293513355
160394,160403,163487,9,3084,2,7200,1.00291828794
160409,160421,163574,12,3153,2,7200,1.00380589914
160410,160427,163529,17,3102,2,7200,1.00548033527
160483,160493,163767,10,3274,2,7200,1.00305436775
160498,160507,163792,9,3285,2,7200,1.00273972603
160513,160522,163880,9,3358,2,7200,1.00268016677
160514,160531,163649,17,3118,2,7200,1.00545221296
160515,160536,163865,21,3329,2,7200,1.00630820066
160536,160547,163988,11,3441,2,7200,1.00319674513
160538,160552,163692,14,3140,2,7200,1.00445859873
160553,160565,163902,12,3337,2,7200,1.00359604435
160598,160606,163844,8,3238,2,7200,1.0024706609
160634,160643,164005,9,3362,2,7200,1.00267697799
160650,160666,163889,16,3223,2,7200,1.00496431896
160651,160671,163987,20,3316,2,7200,1.00603136309
160652,160677,163754,25,3077,2,7200,1.00812479688
160722,160732,164117,10,3385,2,7200,1.00295420975
160782,160790,164179,8,3389,2,7200,1.00236057834
160809,160819,164164,10,3345,2,7200,1.00298953662
160990,160998,164349,8,3351,2,7200,1.00238734706
161055,161075,344471,20,183396,18,288000,1.00010905363
161129,161138,164545,9,3407,2,7200,1.00264162019
161211,161219,164405,8,3186,2,7200,1.00251098556
161226,161238,164671,12,3433,2,7200,1.003495485
161227,161244,164407,17,3163,2,7200,1.00537464433
161242,161252,164759,10,3507,2,7200,1.00285143998
161263,183567,183772,22304,205,16,610,109.8
161418,183572,183778,22154,206,16,610,108.54368932
161897,161906,165303,9,3397,2,7200,1.00264939653
161978,161987,165009,9,3022,2,7200,1.00297816016
162126,162135,165487,9,3352,2,7200,1.0026849642
162159,162166,165350,7,3184,2,7200,1.00219849246
162414,162421,165523,7,3102,2,7200,1.00225660864
162487,162495,165731,8,3236,2,7200,1.00247218789
162589,162596,165898,7,3302,2,7200,1.00211992732
162656,162664,165794,8,3130,2,7200,1.00255591054
162670,162680,166175,10,3495,2,7200,1.00286123033
162761,162770,166077,9,3307,2,7200,1.00272149985
162776,162785,165997,9,3212,2,7200,1.00280199253
162790,162799,165989,9,3190,2,7200,1.00282131661
162834,162841,166017,7,3176,2,7200,1.00220403023
162849,162856,166297,7,3441,2,7200,1.00203429236
162987,162998,166324,11,3326,2,7200,1.00330727601
163066,163073,166241,7,3168,2,7200,1.00220959596
163081,163089,166415,8,3326,2,7200,1.00240529164
163096,163106,166319,10,3213,2,7200,1.00311235605
163142,163150,166338,8,3188,2,7200,1.00250941029
163157,163166,166392,9,3226,2,7200,1.00278983261
163158,163175,166387,17,3212,2,7200,1.00529265255
163160,163181,166544,21,3363,2,7200,1.00624442462
163175,163190,166614,15,3424,2,7200,1.00438084112
163189,163199,166323,10,3124,2,7200,1.00320102433
163213,163222,166187,9,2965,2,7200,1.00303541315
163232,163239,166232,7,2993,2,7200,1.00233879051
163233,163250,166496,17,3246,2,7200,1.00523721503
163266,163276,166650,10,3374,2,7200,1.00296384114
163268,163282,166461,14,3179,2,7200,1.0044039006
163283,163296,166718,13,3422,2,7200,1.00379894798
163284,163301,166641,17,3340,2,7200,1.00508982036
163311,163320,166606,9,3286,2,7200,1.00273889227
163313,163329,166637,16,3308,2,7200,1.00483675937
163328,163339,166501,11,3162,2,7200,1.00347881088
163343,163352,166608,9,3256,2,7200,1.00276412776
163382,163390,166995,8,3605,2,7200,1.00221914008
163409,163417,166905,8,3488,2,7200,1.00229357798
163430,163439,166746,9,3307,2,7200,1.00272149985
163445,163456,166845,11,3389,2,7200,1.00324579522
163446,163461,166732,15,3271,2,7200,1.00458575359
163464,163472,166693,8,3221,2,7200,1.00248370071
163488,163498,166715,10,3217,2,7200,1.00310848617
163503,163513,166393,10,2880,2,7200,1.00347222222
163530,163538,166673,8,3135,2,7200,1.00255183413
163545,163553,166669,8,3116,2,7200,1.00256739409
163575,163583,167507,8,3924,2,7200,1.00203873598
163590,163598,167004,8,3406,2,7200,1.00234879624
163604,163614,167049,10,3435,2,7200,1.00291120815
163619,163628,166889,9,3261,2,7200,1.0027598896
163647,163657,166971,10,3314,2,7200,1.00301750151
163648,163667,167110,19,3443,2,7200,1.00551844322
163663,163675,167195,12,3520,2,7200,1.00340909091
163693,163703,166984,10,3281,2,7200,1.00304785126
163739,163748,167217,9,3469,2,7200,1.00259440761
163756,163767,166667,11,2900,2,7200,1.00379310345
163771,163781,167042,10,3261,2,7200,1.003066544
163792,163801,167067,9,3266,2,7200,1.00275566442
163807,163816,167212,9,3396,2,7200,1.00265017668
163847,163855,167221,8,3366,2,7200,1.00237670826
163868,163876,167091,8,3215,2,7200,1.00248833593
163883,163893,167033,10,3140,2,7200,1.00318471338
163898,163907,167097,9,3190,2,7200,1.00282131661
163913,163921,167453,8,3532,2,7200,1.00226500566
163988,163997,167595,9,3598,2,7200,1.00250138966
163990,164007,167135,17,3128,2,7200,1.00543478261
164008,164018,167523,10,3505,2,7200,1.00285306705
164018,164425,182433,407,18008,4,18000,1.02260106619
164117,164127,167407,10,3280,2,7200,1.00304878049
164165,164173,167522,8,3349,2,7200,1.00238877277
164180,164188,167381,8,3193,2,7200,1.00250548074
164350,164361,167776,11,3415,2,7200,1.00322108346
164407,164415,167914,8,3499,2,7200,1.00228636753
164409,164430,167824,21,3394,2,7200,1.00618738951
164547,164555,168023,8,3468,2,7200,1.00230680507
164671,164681,168032,10,3351,2,7200,1.00298418383
164758,164767,167701,9,2934,2,7200,1.00306748466
165011,165021,168014,10,2993,2,7200,1.0033411293
165305,165315,168652,10,3337,2,7200,1.00299670363
165350,165358,168822,8,3464,2,7200,1.00230946882
165489,165498,168842,9,3344,2,7200,1.00269138756
165525,165535,168878,10,3343,2,7200,1.00299132516
165733,165740,169097,7,3357,2,7200,1.00208519511
165796,165804,169046,8,3242,2,7200,1.00246761258
165898,165907,169359,9,3452,2,7200,1.00260718424
165992,166001,169188,9,3187,2,7200,1.00282397239
166007,166015,169214,8,3199,2,7200,1.00250078149
166022,166032,169164,10,3132,2,7200,1.00319284802
166079,166087,169574,8,3487,2,7200,1.00229423573
166086,166096,166099,10,3,2,18000,1.3
166175,166183,169207,8,3024,2,7200,1.00264550265
166190,166200,169815,10,3615,2,7200,1.00276625173
166233,166241,169566,8,3325,2,7200,1.00240601504
166247,166257,169521,10,3264,2,7200,1.00306372549
166299,166307,169502,8,3195,2,7200,1.00250391236
166320,166330,169717,10,3387,2,7200,1.00295246531
166336,166344,169634,8,3290,2,7200,1.00243161094
166338,166354,169852,16,3498,2,7200,1.00457404231
166353,166363,169868,10,3505,2,7200,1.00285306705
166389,166399,169842,10,3443,2,7200,1.0029044438
166404,166412,169627,8,3215,2,7200,1.00248833593
166405,166420,169490,15,3070,2,7200,1.00488599349
166420,166430,169555,10,3125,2,7200,1.0032
166459,166470,169406,11,2936,2,7200,1.00374659401
166496,166505,169720,9,3215,2,7200,1.00279937792
166510,166518,169879,8,3361,2,7200,1.00238024398
166544,166552,169984,8,3432,2,7200,1.00233100233
166607,166615,169809,8,3194,2,7200,1.00250469631
166609,166625,169772,16,3147,2,7200,1.00508420718
166623,166635,170108,12,3473,2,7200,1.00345522603
166638,166649,170225,11,3576,2,7200,1.00307606264
166653,166664,169745,11,3081,2,7200,1.00357026939
166655,166673,170028,18,3355,2,7200,1.00536512668
166670,166683,170251,13,3568,2,7200,1.00364349776
166671,166688,170345,17,3657,2,7200,1.00464861909
166686,166696,169945,10,3249,2,7200,1.00307787011
166701,166711,169994,10,3283,2,7200,1.00304599452
166716,166726,169928,10,3202,2,7200,1.00312304809
166731,166741,169980,10,3239,2,7200,1.00308737265
166746,166754,170220,8,3466,2,7200,1.00230813618
166747,166763,170262,16,3499,2,7200,1.00457273507
166847,166855,170471,8,3616,2,7200,1.00221238938
166892,166902,170283,10,3381,2,7200,1.00295770482
166907,166915,170323,8,3408,2,7200,1.00234741784
166970,166980,170399,10,3419,2,7200,1.00292483182
166985,166995,170314,10,3319,2,7200,1.00301295571
167000,167009,170618,9,3609,2,7200,1.00249376559
167015,167024,170345,9,3321,2,7200,1.0027100271
167033,167041,170441,8,3400,2,7200,1.00235294118
167048,167062,170662,14,3600,2,7200,1.00388888889
167063,167073,170148,10,3075,2,7200,1.00325203252
167078,167086,170229,8,3143,2,7200,1.00254533885
167093,167101,170390,8,3289,2,7200,1.00243235026
167107,167119,170394,12,3275,2,7200,1.00366412214
167123,167139,170531,16,3392,2,7200,1.00471698113
167125,167133,167138,8,5,4,18000,1.3
167137,167149,170743,12,3594,2,7200,1.00333889816
167186,167194,185206,8,18012,4,18000,1.00044414835
167198,167206,170453,8,3247,2,7200,1.00246381275
167213,167221,170312,8,3091,2,7200,1.00258815917
167228,167238,170176,10,2938,2,7200,1.00340367597
167229,167243,170393,14,3150,2,7200,1.00444444444
167380,167389,170852,9,3463,2,7200,1.00259890269
167391,169231,198793,1840,29562,4,36000,1.06224206752
167408,167418,170706,10,3288,2,7200,1.00304136253
167456,167464,170643,8,3179,2,7200,1.00251651463
167507,167515,170861,8,3346,2,7200,1.00239091452
167522,167530,170904,8,3374,2,7200,1.00237107291
167523,167538,170732,15,3194,2,7200,1.00469630557
167595,167604,171016,9,3412,2,7200,1.00263774912
167701,167710,171107,9,3397,2,7200,1.00264939653
167777,167787,171242,10,3455,2,7200,1.00289435601
167825,167835,171217,10,3382,2,7200,1.00295683028
167915,167924,171432,9,3508,2,7200,1.00256556442
168014,168022,171327,8,3305,2,7200,1.00242057489
168029,168039,171356,10,3317,2,7200,1.00301477238
168044,168052,171053,8,3001,2,7200,1.00266577807
168653,168661,171835,8,3174,2,7200,1.00252047889
168825,168833,172131,8,3298,2,7200,1.00242571255
168843,168853,172246,10,3393,2,7200,1.00294724433
168879,168889,172148,10,3259,2,7200,1.0030684259
169047,169055,172284,8,3229,2,7200,1.00247754723
169099,169107,172256,8,3149,2,7200,1.00254048904
169166,169174,172202,8,3028,2,7200,1.00264200793
169190,169198,172537,8,3339,2,7200,1.00239592692
169208,169216,172750,8,3534,2,7200,1.00226372383
169223,169239,172260,16,3021,2,7200,1.00529625952
169362,169369,172694,7,3325,2,7200,1.00210526316
169407,169415,173002,8,3587,2,7200,1.002230276
169491,169500,172650,9,3150,2,7200,1.00285714286
169506,169515,172909,9,3394,2,7200,1.00265173836
169524,169533,172881,9,3348,2,7200,1.00268817204
169557,169565,173641,8,4076,2,7200,1.00196270854
169572,169581,172812,9,3231,2,7200,1.00278551532
169587,169595,172846,8,3251,2,7200,1.0024607813
169626,169636,172994,10,3358,2,7200,1.00297796307
169641,169655,172989,14,3334,2,7200,1.00419916017
169717,169725,173160,8,3435,2,7200,1.00232896652
169731,169740,173148,9,3408,2,7200,1.00264084507
169746,169756,173187,10,3431,2,7200,1.00291460216
169773,169782,173055,9,3273,2,7200,1.00274977085
169810,169820,173091,10,3271,2,7200,1.00305716906
169824,169833,173299,9,3466,2,7200,1.0025966532
169845,169854,173255,9,3401,2,7200,1.00264628051
169860,169873,173103,13,3230,2,7200,1.0040247678
169875,169884,173267,9,3383,2,7200,1.00266036063
169890,169899,173092,9,3193,2,7200,1.00281866583
169929,169937,173344,8,3407,2,7200,1.00234810684
169947,169955,173427,8,3472,2,7200,1.00230414747
169983,169991,173073,8,3082,2,7200,1.00259571707
169998,170006,173560,8,3554,2,7200,1.00225098481
169999,170014,173464,15,3450,2,7200,1.00434782609
170030,170038,173448,8,3410,2,7200,1.00234604106
170110,170118,173495,8,3377,2,7200,1.00236896654
170149,170158,173616,9,3458,2,7200,1.0026026605
170179,170187,173230,8,3043,2,7200,1.00262898455
170221,170231,173646,10,3415,2,7200,1.00292825769
170236,170245,173660,9,3415,2,7200,1.00263543192
170237,170254,173418,17,3164,2,7200,1.00537294564
170252,170264,173496,12,3232,2,7200,1.00371287129
170267,170279,173715,12,3436,2,7200,1.00349243306
170285,170293,173823,8,3530,2,7200,1.00226628895
170312,170320,173529,8,3209,2,7200,1.00249298847
170327,170335,173613,8,3278,2,7200,1.00244051251
170329,170345,173352,16,3007,2,7200,1.00532091786
170347,170356,173925,9,3569,2,7200,1.00252171477
170348,170366,173853,18,3487,2,7200,1.0051620304
170394,170403,173813,9,3410,2,7200,1.00263929619
170395,170412,173814,17,3402,2,7200,1.00499706055
170410,170421,173447,11,3026,2,7200,1.00363516193
170412,170427,173868,15,3441,2,7200,1.00435919791
170442,170450,174028,8,3578,2,7200,1.00223588597
170457,170465,173774,8,3309,2,7200,1.00241764884
170472,170481,173626,9,3145,2,7200,1.00286168521
170532,170540,173766,8,3226,2,7200,1.00247985121
170619,170629,174017,10,3388,2,7200,1.00295159386
170643,170651,173800,8,3149,2,7200,1.00254048904
170664,170673,174107,9,3434,2,7200,1.00262085032
170703,170713,173989,10,3276,2,7200,1.00305250305
170734,170742,174022,8,3280,2,7200,1.00243902439
170748,170757,174029,9,3272,2,7200,1.00275061125
170854,170862,174262,8,3400,2,7200,1.00235294118
170869,170878,174291,9,3413,2,7200,1.00263697627
170905,170913,174054,8,3141,2,7200,1.00254695957
171016,171024,174521,8,3497,2,7200,1.00228767515
171056,171066,174346,10,3280,2,7200,1.00304878049
171107,171115,174514,8,3399,2,7200,1.00235363342
171219,171227,174449,8,3222,2,7200,1.00248292986
171243,171251,174472,8,3221,2,7200,1.00248370071
171330,171339,174915,9,3576,2,7200,1.00251677852
171357,171365,174813,8,3448,2,7200,1.00232018561
171432,171443,175119,11,3676,2,7200,1.00299238303
171836,171844,175220,8,3376,2,7200,1.00236966825
172132,172140,175302,8,3162,2,7200,1.00253004428
172150,172158,175484,8,3326,2,7200,1.00240529164
172204,172213,175534,9,3321,2,7200,1.0027100271
172246,172255,175814,9,3559,2,7200,1.00252880022
172261,172270,175520,9,3250,2,7200,1.00276923077
172263,172279,175614,16,3335,2,7200,1.0047976012
172286,172295,175637,9,3342,2,7200,1.0026929982
172540,172549,175789,9,3240,2,7200,1.00277777778
172651,172661,175942,10,3281,2,7200,1.00304785126
172696,172704,176289,8,3585,2,7200,1.00223152022
172747,172755,176115,8,3360,2,7200,1.00238095238
172816,172825,176251,9,3426,2,7200,1.00262697023
172846,172856,176074,10,3218,2,7200,1.0031075202
172882,172889,176502,7,3613,2,7200,1.0019374481
172909,172917,176115,8,3198,2,7200,1.00250156348
172991,172999,176422,8,3423,2,7200,1.00233713117
173007,173016,176427,9,3411,2,7200,1.00263852243
173009,173024,176759,15,3735,2,7200,1.00401606426
173057,173065,176410,8,3345,2,7200,1.0023916293
173075,173083,176538,8,3455,2,7200,1.0023154848
173093,173103,176532,10,3429,2,7200,1.00291630213
173095,173111,176361,16,3250,2,7200,1.00492307692
173109,173122,176593,13,3471,2,7200,1.00374531835
173152,173162,176479,10,3317,2,7200,1.00301477238
173166,173176,176434,10,3258,2,7200,1.00306936771
173187,173198,176639,11,3441,2,7200,1.00319674513
173233,173242,176206,9,2964,2,7200,1.00303643725
173257,173265,177223,8,3958,2,7200,1.00202122284
173271,173279,176512,8,3233,2,7200,1.00247448191
173301,173310,176520,9,3210,2,7200,1.00280373832
173346,173356,176910,10,3554,2,7200,1.00281373101
173361,173374,176591,13,3217,2,7200,1.00404103202
173419,173427,177166,8,3739,2,7200,1.00213960952
173433,173445,176968,12,3523,2,7200,1.00340618791
173449,173457,176848,8,3391,2,7200,1.00235918608
173450,173467,176623,17,3156,2,7200,1.00538656527
173465,173475,176886,10,3411,2,7200,1.00293169159
173495,173503,176989,8,3486,2,7200,1.00229489386
173510,173518,176923,8,3405,2,7200,1.00234948605
173531,173539,176754,8,3215,2,7200,1.00248833593
173561,173570,176870,9,3300,2,7200,1.00272727273
173616,173624,176955,8,3331,2,7200,1.00240168118
173617,173633,177059,16,3426,2,7200,1.00467016929
173632,173644,177063,12,3419,2,7200,1.00350979819
173647,173659,177127,12,3468,2,7200,1.00346020761
173649,173664,177852,15,4188,2,7200,1.00358166189
173663,173673,177283,10,3610,2,7200,1.0027700831
173715,173724,177252,9,3528,2,7200,1.00255102041
173769,173777,176881,8,3104,2,7200,1.00257731959
173784,173796,176805,12,3009,2,7200,1.00398803589
173802,173812,177178,10,3366,2,7200,1.00297088532
173817,173827,177296,10,3469,2,7200,1.00288267512
173818,173837,177393,19,3556,2,7200,1.00534308211
173833,173846,177197,13,3351,2,7200,1.00387943897
173854,173862,177127,8,3265,2,7200,1.00245022971
173869,173878,177143,9,3265,2,7200,1.00275650842
173926,173934,177403,8,3469,2,7200,1.0023061401
173990,173999,177527,9,3528,2,7200,1.00255102041
174020,174028,177449,8,3421,2,7200,1.00233849752
174036,174048,177138,12,3090,2,7200,1.00388349515
174037,174053,177195,16,3142,2,7200,1.0050922979
174039,174058,177315,19,3257,2,7200,1.00583358919
174055,174066,177399,11,3333,2,7200,1.00330033003
174109,174117,177359,8,3242,2,7200,1.00246761258
174263,174272,177526,9,3254,2,7200,1.00276582667
174293,174303,177657,10,3354,2,7200,1.00298151461
174347,174355,177675,8,3320,2,7200,1.00240963855
174450,174458,177900,8,3442,2,7200,1.0023242301
174474,174484,177710,10,3226,2,7200,1.00309981401
174516,174524,177937,8,3413,2,7200,1.0023439789
174531,174541,177567,10,3026,2,7200,1.00330469266
174815,174825,178097,10,3272,2,7200,1.00305623472
174914,174925,178485,11,3560,2,7200,1.00308988764
175120,175130,178595,10,3465,2,7200,1.00288600289
175222,175231,178422,9,3191,2,7200,1.00282043247
175304,175312,178922,8,3610,2,7200,1.00221606648
175485,175493,178828,8,3335,2,7200,1.0023988006
175522,175530,178791,8,3261,2,7200,1.0024532352
175537,175545,178866,8,3321,2,7200,1.00240891298
175615,175625,178941,10,3316,2,7200,1.00301568154
175639,175647,178838,8,3191,2,7200,1.00250705108
175790,175800,179051,10,3251,2,7200,1.00307597662
175814,175822,179063,8,3241,2,7200,1.00246837396
175944,175952,179558,8,3606,2,7200,1.00221852468
176076,176085,179424,9,3339,2,7200,1.00269541779
176116,176124,179789,8,3665,2,7200,1.00218281037
176117,176134,179311,17,3177,2,7200,1.00535096003
176207,176217,179489,10,3272,2,7200,1.00305623472
176252,176261,179422,9,3161,2,7200,1.00284720025
176292,176300,179494,8,3194,2,7200,1.00250469631
176364,176373,179490,9,3117,2,7200,1.00288739172
176412,176420,179964,8,3544,2,7200,1.00225733634
176427,176437,179821,10,3384,2,7200,1.00295508274
176429,176445,179875,16,3430,2,7200,1.00466472303
176444,176453,179675,9,3222,2,7200,1.00279329609
176480,176490,179733,10,3243,2,7200,1.0030835646
176504,176512,179929,8,3417,2,7200,1.002341235
176519,176527,179853,8,3326,2,7200,1.00240529164
176533,176542,179907,9,3365,2,7200,1.00267459138
176535,176551,179631,16,3080,2,7200,1.00519480519
176550,176560,179650,10,3090,2,7200,1.00323624595
176592,176600,179852,8,3252,2,7200,1.0024600246
176607,176615,179858,8,3243,2,7200,1.00246685168
176625,176633,179897,8,3264,2,7200,1.00245098039
176640,176648,179990,8,3342,2,7200,1.00239377618
176754,176762,180027,8,3265,2,7200,1.00245022971
176769,176780,180121,11,3341,2,7200,1.00329242742
176806,176814,180267,8,3453,2,7200,1.00231682595
176851,176859,180323,8,3464,2,7200,1.00230946882
176873,176881,180084,8,3203,2,7200,1.00249765845
176888,176900,180236,12,3336,2,7200,1.0035971223
176889,176905,180358,16,3453,2,7200,1.0046336519
176910,176918,180344,8,3426,2,7200,1.00233508465
176925,176933,180213,8,3280,2,7200,1.00243902439
176958,176966,180288,8,3322,2,7200,1.00240818784
176973,176982,180574,9,3592,2,7200,1.00250556793
176991,177001,180065,10,3064,2,7200,1.00326370757
177060,177069,180641,9,3572,2,7200,1.00251959686
177075,177083,180092,8,3009,2,7200,1.00265869059
177130,177138,180618,8,3480,2,7200,1.00229885057
177131,177147,180449,16,3302,2,7200,1.00484554815
177146,177156,180320,10,3164,2,7200,1.00316055626
177147,177162,180549,15,3387,2,7200,1.00442869796
177168,177176,180773,8,3597,2,7200,1.00222407562
177183,177192,181103,9,3911,2,7200,1.00230120174
177198,177207,180819,9,3612,2,7200,1.00249169435
177199,177217,180697,18,3480,2,7200,1.00517241379
177223,177233,180652,10,3419,2,7200,1.00292483182
177253,177261,180700,8,3439,2,7200,1.00232625763
177283,177291,180411,8,3120,2,7200,1.00256410256
177298,177306,180567,8,3261,2,7200,1.0024532352
177316,177324,180360,8,3036,2,7200,1.00263504611
177358,177366,180961,8,3595,2,7200,1.00222531293
177394,177402,180614,8,3212,2,7200,1.00249066002
177409,177418,180471,9,3053,2,7200,1.00294792008
177411,177424,180562,13,3138,2,7200,1.00414276609
177450,177458,180773,8,3315,2,7200,1.002413273
177528,177536,180755,8,3219,2,7200,1.00248524386
177530,177546,181026,16,3480,2,7200,1.00459770115
177569,177578,181095,9,3517,2,7200,1.00255899915
177660,177668,181068,8,3400,2,7200,1.00235294118
177678,177687,180840,9,3153,2,7200,1.00285442436
177711,177719,181160,8,3441,2,7200,1.00232490555
177852,177863,181053,11,3190,2,7200,1.00344827586
177901,177909,181241,8,3332,2,7200,1.00240096038
177937,177947,181099,10,3152,2,7200,1.00317258883
178100,178111,181489,11,3378,2,7200,1.00325636471
178424,178432,181827,8,3395,2,7200,1.00235640648
178484,178492,181667,8,3175,2,7200,1.00251968504
178596,178604,181867,8,3263,2,7200,1.00245173154
178792,178801,182051,9,3250,2,7200,1.00276923077
178828,178838,181949,10,3111,2,7200,1.00321440051
178843,178856,182050,13,3194,2,7200,1.0040701315
178867,178875,182564,8,3689,2,7200,1.00216860938
178924,178932,182619,8,3687,2,7200,1.00216978573
178942,178950,182125,8,3175,2,7200,1.00251968504
179054,179063,182154,9,3091,2,7200,1.00291167907
179069,179081,182484,12,3403,2,7200,1.00352630032
179313,179321,182412,8,3091,2,7200,1.00258815917
179425,179435,182933,10,3498,2,7200,1.00285877644
179426,179444,182794,18,3350,2,7200,1.00537313433
179490,179498,182848,8,3350,2,7200,1.0023880597
179491,179508,183083,17,3575,2,7200,1.00475524476
179506,179518,183191,12,3673,2,7200,1.00326708413
179560,179569,183093,9,3524,2,7200,1.002553916
179630,179638,183233,8,3595,2,7200,1.00222531293
179651,179659,183090,8,3431,2,7200,1.00233168173
179675,179684,182935,9,3251,2,7200,1.00276837896
179736,179744,183159,8,3415,2,7200,1.00234260615
179790,179799,183153,9,3354,2,7200,1.00268336315
179823,179831,182913,8,3082,2,7200,1.00259571707
179853,179862,183431,9,3569,2,7200,1.00252171477
179854,179871,183352,17,3481,2,7200,1.00488365412
179869,179882,183219,13,3337,2,7200,1.00389571471
179884,179895,183104,11,3209,2,7200,1.00342785915
179899,179908,183002,9,3094,2,7200,1.00290885585
179914,179927,183303,13,3376,2,7200,1.0038507109
179929,179937,183289,8,3352,2,7200,1.00238663484
179965,179974,183555,9,3581,2,7200,1.00251326445
179992,180000,183386,8,3386,2,7200,1.00236266982
180028,180038,183411,10,3373,2,7200,1.00296471983
180065,180073,183654,8,3581,2,7200,1.00223401285
180086,180094,183415,8,3321,2,7200,1.00240891298
180101,180111,183474,10,3363,2,7200,1.00297353553
180122,180131,183573,9,3442,2,7200,1.00261475886
180212,180222,183272,10,3050,2,7200,1.00327868852
180236,180244,183685,8,3441,2,7200,1.00232490555
180269,180277,183432,8,3155,2,7200,1.00253565769
180290,180298,183762,8,3464,2,7200,1.00230946882
180320,180328,183850,8,3522,2,7200,1.00227143668
180335,180344,183792,9,3448,2,7200,1.00261020882
180350,180360,183872,10,3512,2,7200,1.00284738041
180365,180376,183999,11,3623,2,7200,1.00303615788
180367,180382,184017,15,3635,2,7200,1.00412654746
180412,180422,183762,10,3340,2,7200,1.00299401198
180451,180460,183811,9,3351,2,7200,1.00268576544
180472,180480,183757,8,3277,2,7200,1.00244125725
180550,180560,183805,10,3245,2,7200,1.0030816641
180565,180575,183599,10,3024,2,7200,1.00330687831
180566,180584,184157,18,3573,2,7200,1.00503778338
180583,180593,184119,10,3526,2,7200,1.00283607487
180614,180624,184061,10,3437,2,7200,1.00290951411
180628,180638,184256,10,3618,2,7200,1.00276395799
180643,180651,183826,8,3175,2,7200,1.00251968504
180658,180668,184044,10,3376,2,7200,1.00296208531
180697,180706,184154,9,3448,2,7200,1.00261020882
180712,180722,184225,10,3503,2,7200,1.00285469597
180757,180767,183946,10,3179,2,7200,1.00314564328
180776,180784,184103,8,3319,2,7200,1.00241036457
180777,180794,184359,17,3565,2,7200,1.00476858345
180819,180829,184333,10,3504,2,7200,1.00285388128
180843,180851,183889,8,3038,2,7200,1.00263331139
180961,180969,184125,8,3156,2,7200,1.00253485425
181027,181037,184257,10,3220,2,7200,1.00310559006
181054,181064,184062,10,2998,2,7200,1.00333555704
181069,181078,184545,9,3467,2,7200,1.00259590424
181096,181106,184676,10,3570,2,7200,1.00280112045
181111,181120,184718,9,3598,2,7200,1.00250138966
181113,181128,184849,15,3721,2,7200,1.00403117442
181139,182449,183526,1310,1077,3,7200,2.21634168988
181141,181181,181182,40,1,2,3540,4.1
181162,181171,184664,9,3493,2,7200,1.00257658173
181243,181253,184740,10,3487,2,7200,1.00286779467
181443,181452,276274,9,94822,1,259200,1.00009491468
181446,181461,275142,15,93681,1,259200,1.00016011785
181450,181509,277912,59,96403,1,259200,1.00061201415
181489,181499,184502,10,3003,2,7200,1.00333000333
181668,181678,184914,10,3236,2,7200,1.00309023486
181828,181836,185037,8,3201,2,7200,1.00249921899
181867,181878,185020,11,3142,2,7200,1.00350095481
181952,181960,185147,8,3187,2,7200,1.00251019768
182052,182062,185519,10,3457,2,7200,1.00289268152
182053,182072,185462,19,3390,2,7200,1.00560471976
182126,182134,185757,8,3623,2,7200,1.00220811482
182156,182164,185582,8,3418,2,7200,1.00234055003
182412,182420,185645,8,3225,2,7200,1.00248062016
182485,182495,185879,10,3384,2,7200,1.00295508274
182563,182574,185882,11,3308,2,7200,1.00332527207
182621,182631,185877,10,3246,2,7200,1.00308071473
182796,182804,186337,8,3533,2,7200,1.00226436456
182850,182858,186295,8,3437,2,7200,1.00232761129
182913,182922,186475,9,3553,2,7200,1.00253307064
182934,182943,186078,9,3135,2,7200,1.0028708134
182936,182953,186316,17,3363,2,7200,1.00505501041
183002,183012,186587,10,3575,2,7200,1.0027972028
183084,183094,186662,10,3568,2,7200,1.00280269058
183099,183109,186373,10,3264,2,7200,1.00306372549
183100,183118,186180,18,3062,2,7200,1.00587851078
183116,183126,186557,10,3431,2,7200,1.00291460216
183155,183165,186513,10,3348,2,7200,1.00298685783
183170,183178,186834,8,3656,2,7200,1.00218818381
183194,183203,186667,9,3464,2,7200,1.00259815242
183221,183229,186431,8,3202,2,7200,1.00249843848
183236,183244,186525,8,3281,2,7200,1.00243828101
183272,183281,186748,9,3467,2,7200,1.00259590424
183290,183298,186418,8,3120,2,7200,1.00256410256
183305,183313,186775,8,3462,2,7200,1.002310803
183353,183363,186553,10,3190,2,7200,1.00313479624
183386,183396,186741,10,3345,2,7200,1.00298953662
183413,183422,186824,9,3402,2,7200,1.00264550265
183430,183440,186794,10,3354,2,7200,1.00298151461
183433,183450,186590,17,3140,2,7200,1.00541401274
183448,183458,186828,10,3370,2,7200,1.00296735905
183475,183483,186729,8,3246,2,7200,1.00246457178
183557,183577,187094,20,3517,2,7200,1.00568666477
183574,183587,186923,13,3336,2,7200,1.00389688249
183603,183611,186800,8,3189,2,7200,1.00250862339
183655,183664,187270,9,3606,2,7200,1.00249584027
183688,183697,187019,9,3322,2,7200,1.00270921132
183757,183767,187162,10,3395,2,7200,1.0029455081
183772,183782,187250,10,3468,2,7200,1.00288350634
183773,183792,187127,19,3335,2,7200,1.00569715142
183792,183802,186962,10,3160,2,7200,1.00316455696
183807,183815,187206,8,3391,2,7200,1.00235918608
183822,183830,187034,8,3204,2,7200,1.0024968789
183837,183847,187196,10,3349,2,7200,1.00298596596
183852,183860,187294,8,3434,2,7200,1.00232964473
183873,183882,187483,9,3601,2,7200,1.00249930575
183891,183901,187000,10,3099,2,7200,1.00322684737
183948,183957,187239,9,3282,2,7200,1.00274223035
183999,184007,187397,8,3390,2,7200,1.00235988201
184017,184025,187493,8,3468,2,7200,1.00230680507
184044,184053,186901,9,2848,2,7200,1.00316011236
184063,184071,187505,8,3434,2,7200,1.00232964473
184064,184081,187526,17,3445,2,7200,1.00493468795
184103,184111,187343,8,3232,2,7200,1.00247524752
184121,184129,187372,8,3243,2,7200,1.00246685168
184136,184147,187207,11,3060,2,7200,1.00359477124
184154,184162,187535,8,3373,2,7200,1.00237177587
184155,184172,187514,17,3342,2,7200,1.00508677439
184228,184236,187903,8,3667,2,7200,1.00218161985
184258,184266,187743,8,3477,2,7200,1.00230083405
184259,184276,187818,17,3542,2,7200,1.00479954828
184335,184343,187617,8,3274,2,7200,1.0024434942
184359,184367,187919,8,3552,2,7200,1.00225225225
184504,184514,188100,10,3586,2,7200,1.00278862242
184546,184555,187697,9,3142,2,7200,1.00286441757
184664,184673,188145,9,3472,2,7200,1.0025921659
184679,184687,188099,8,3412,2,7200,1.00234466589
184718,184727,188130,9,3403,2,7200,1.00264472524
184742,184751,187986,9,3235,2,7200,1.0027820711
184851,184860,188019,9,3159,2,7200,1.00284900285
184914,184922,188153,8,3231,2,7200,1.00247601362
185020,185028,188376,8,3348,2,7200,1.00238948626
185035,185043,188088,8,3045,2,7200,1.0026272578
185148,185156,188412,8,3256,2,7200,1.00245700246
185463,185475,189142,12,3667,2,7200,1.00327242978
185521,185529,188764,8,3235,2,7200,1.00247295209
185584,185592,188743,8,3151,2,7200,1.00253887655
185647,185656,188989,9,3333,2,7200,1.00270027003
185759,185768,189255,9,3487,2,7200,1.0025810152
185881,185891,189371,10,3480,2,7200,1.00287356322
185882,185896,189110,14,3214,2,7200,1.00435594275
185897,185906,189381,9,3475,2,7200,1.00258992806
186081,186094,189327,13,3233,2,7200,1.0040210331
186181,186191,189916,10,3725,2,7200,1.00268456376
186296,186307,189499,11,3192,2,7200,1.00344611529
186317,186327,189538,10,3211,2,7200,1.00311429461
186338,186347,189594,9,3247,2,7200,1.00277178934
186374,186383,189559,9,3176,2,7200,1.00283375315
186420,186430,189650,10,3220,2,7200,1.00310559006
186435,186443,190066,8,3623,2,7200,1.00220811482
186477,186485,190071,8,3586,2,7200,1.00223089794
186513,186521,189992,8,3471,2,7200,1.00230481129
186528,186538,189773,10,3235,2,7200,1.00309119011
186555,186563,189830,8,3267,2,7200,1.00244872972
186570,186580,189918,10,3338,2,7200,1.00299580587
186588,186597,189907,9,3310,2,7200,1.00271903323
186603,186612,190175,9,3563,2,7200,1.00252596127
186663,186671,189931,8,3260,2,7200,1.00245398773
186678,186689,189954,11,3265,2,7200,1.00336906585
186729,186739,190201,10,3462,2,7200,1.00288850376
186744,186754,190174,10,3420,2,7200,1.00292397661
186759,186767,190076,8,3309,2,7200,1.00241764884
186777,186787,190142,10,3355,2,7200,1.00298062593
186795,186805,190100,10,3295,2,7200,1.00303490137
186810,186818,190318,8,3500,2,7200,1.00228571429
186825,186833,189969,8,3136,2,7200,1.00255102041
186840,186853,190122,13,3269,2,7200,1.0039767513
186842,186858,190368,16,3510,2,7200,1.00455840456
186902,186912,190425,10,3513,2,7200,1.00284656988
186923,186932,190234,9,3302,2,7200,1.00272562084
186962,186971,190574,9,3603,2,7200,1.0024979184
186998,187009,190559,11,3550,2,7200,1.00309859155
187022,187032,190270,10,3238,2,7200,1.00308832613
187037,187048,190435,11,3387,2,7200,1.00324771184
187095,187105,190493,10,3388,2,7200,1.00295159386
187128,187138,190421,10,3283,2,7200,1.00304599452
187164,187172,190384,8,3212,2,7200,1.00249066002
187197,187207,190420,10,3213,2,7200,1.00311235605
187213,187227,190541,14,3314,2,7200,1.00422450211
187215,187232,190545,17,3313,2,7200,1.00513130094
187239,187247,190485,8,3238,2,7200,1.0024706609
187254,187262,190807,8,3545,2,7200,1.00225669958
187269,187277,190827,8,3550,2,7200,1.00225352113
187296,187304,190962,8,3658,2,7200,1.00218698742
187344,187352,190586,8,3234,2,7200,1.00247371676
187374,187382,190975,8,3593,2,7200,1.00222655163
187398,187406,191006,8,3600,2,7200,1.00222222222
187483,187493,190844,10,3351,2,7200,1.00298418383
187498,187508,190791,10,3283,2,7200,1.00304599452
187513,187523,191017,10,3494,2,7200,1.00286204923
187514,187528,190729,14,3201,2,7200,1.00437363324
187530,187543,190530,13,2987,2,7200,1.00435219284
187545,187555,190661,10,3106,2,7200,1.00321957502
187617,187626,190901,9,3275,2,7200,1.0027480916
187695,187706,191203,11,3497,2,7200,1.00314555333
187744,187754,191266,10,3512,2,7200,1.00284738041
187819,187827,191028,8,3201,2,7200,1.00249921899
187904,187912,191217,8,3305,2,7200,1.00242057489
187922,187930,191507,8,3577,2,7200,1.00223651104
187988,187999,191227,11,3228,2,7200,1.00340768278
188021,188030,191730,9,3700,2,7200,1.00243243243
188088,188096,191684,8,3588,2,7200,1.0022296544
188103,188113,191392,10,3279,2,7200,1.00304971028
188105,188122,191353,17,3231,2,7200,1.00526152894
188132,188142,191533,10,3391,2,7200,1.0029489826
188147,188157,191713,10,3556,2,7200,1.00281214848
188164,188175,191488,11,3313,2,7200,1.00332025355
188378,188386,191734,8,3348,2,7200,1.00238948626
188414,188422,191670,8,3248,2,7200,1.00246305419
188743,188752,192216,9,3464,2,7200,1.00259815242
188764,188774,192030,10,3256,2,7200,1.00307125307
188988,188998,192435,10,3437,2,7200,1.00290951411
189114,189122,192711,8,3589,2,7200,1.00222903316
189144,189152,192522,8,3370,2,7200,1.00237388724
189256,189264,192591,8,3327,2,7200,1.00240456868
189328,189337,193126,9,3789,2,7200,1.00237529691
189373,189382,192815,9,3433,2,7200,1.00262161375
189388,189401,192518,13,3117,2,7200,1.00417067693
189500,189510,192806,10,3296,2,7200,1.00303398058
189540,189548,192835,8,3287,2,7200,1.00243383024
189562,189570,193088,8,3518,2,7200,1.00227401933
189595,189604,192819,9,3215,2,7200,1.00279937792
189652,189660,193015,8,3355,2,7200,1.00238450075
189773,189783,193338,10,3555,2,7200,1.00281293952
189830,189838,193188,8,3350,2,7200,1.0023880597
189909,189917,193011,8,3094,2,7200,1.00258564964
189924,189937,193139,13,3202,2,7200,1.00405996252
189926,189943,193290,17,3347,2,7200,1.00507917538
189941,189953,193515,12,3562,2,7200,1.00336889388
189956,189964,193193,8,3229,2,7200,1.00247754723
189970,189978,193617,8,3639,2,7200,1.00219840616
189991,190000,193377,9,3377,2,7200,1.00266508736
190023,190031,204014,8,13983,1,50400,1.00057212329
190067,190075,193559,8,3484,2,7200,1.00229621125
190082,190091,193670,9,3579,2,7200,1.0025146689
190083,190096,193448,13,3352,2,7200,1.00387828162
190101,190110,193270,9,3160,2,7200,1.00284810127
190123,190133,193300,10,3167,2,7200,1.00315756236
190144,190154,193800,10,3646,2,7200,1.00274273176
190157,190167,209984,10,19817,1,50400,1.00050461725
190177,190187,193213,10,3026,2,7200,1.00330469266
190178,190197,193604,19,3407,2,7200,1.00557675374
190203,190212,193591,9,3379,2,7200,1.00266350991
190237,190245,193769,8,3524,2,7200,1.00227014756
190270,190279,193783,9,3504,2,7200,1.00256849315
190318,190327,193940,9,3613,2,7200,1.00249100471
190369,190378,193866,9,3488,2,7200,1.00258027523
190376,190388,220688,12,30300,1,50400,1.0003960396
190384,190399,193636,15,3237,2,7200,1.0046339203
190421,190429,193737,8,3308,2,7200,1.00241837969
190422,190439,193801,17,3362,2,7200,1.00505651398
190437,190449,193680,12,3231,2,7200,1.00371402043
190439,190454,193636,15,3182,2,7200,1.00471401634
190487,190496,193884,9,3388,2,7200,1.00265643447
190502,190514,193865,12,3351,2,7200,1.00358102059
190532,190540,193910,8,3370,2,7200,1.00237388724
190547,190557,193750,10,3193,2,7200,1.00313185092
190549,190567,194079,18,3512,2,7200,1.00512528474
190564,190577,193788,13,3211,2,7200,1.004048583
190579,190589,194070,10,3481,2,7200,1.00287273772
190594,190603,194207,9,3604,2,7200,1.00249722531
190663,190671,193826,8,3155,2,7200,1.00253565769
190730,190738,193859,8,3121,2,7200,1.002563281
190793,190801,194211,8,3410,2,7200,1.00234604106
190808,190818,194383,10,3565,2,7200,1.00280504909
190829,190838,194003,9,3165,2,7200,1.0028436019
190844,190853,194323,9,3470,2,7200,1.00259365994
190902,190910,194259,8,3349,2,7200,1.00238877277
190962,190972,194147,10,3175,2,7200,1.0031496063
190977,190985,194182,8,3197,2,7200,1.00250234595
191007,191015,194392,8,3377,2,7200,1.00236896654
191022,191032,194138,10,3106,2,7200,1.00321957502
191037,191045,194309,8,3264,2,7200,1.00245098039
191203,191213,194648,10,3435,2,7200,1.00291120815
191219,191227,194378,8,3151,2,7200,1.00253887655
191234,191246,194389,12,3143,2,7200,1.00381800827
191267,191276,194763,9,3487,2,7200,1.0025810152
191354,191363,194448,9,3085,2,7200,1.00291734198
191394,191403,194697,9,3294,2,7200,1.00273224044
191487,191498,195178,11,3680,2,7200,1.00298913043
191508,191517,195263,9,3746,2,7200,1.00240256273
191536,191544,194810,8,3266,2,7200,1.00244947949
191673,191686,194806,13,3120,2,7200,1.00416666667
191688,191696,195151,8,3455,2,7200,1.0023154848
191715,191724,194808,9,3084,2,7200,1.00291828794
191730,191741,194999,11,3258,2,7200,1.00337630448
191745,191755,195088,10,3333,2,7200,1.00300030003
192033,192041,196612,8,4571,2,7200,1.00175016408
192218,192226,195383,8,3157,2,7200,1.00253405131
192438,192449,195790,11,3341,2,7200,1.00329242742
192520,192528,196218,8,3690,2,7200,1.00216802168
192535,192545,195690,10,3145,2,7200,1.00317965024
192592,192601,195720,9,3119,2,7200,1.00288554024
192713,192721,195895,8,3174,2,7200,1.00252047889
192806,192816,196170,10,3354,2,7200,1.00298151461
192822,192832,196167,10,3335,2,7200,1.00299850075
192824,192842,196071,18,3229,2,7200,1.00557448126
192839,192851,196536,12,3685,2,7200,1.00325644505
193011,193019,196390,8,3371,2,7200,1.00237318303
193025,193039,196116,14,3077,2,7200,1.00454988625
193089,193097,196490,8,3393,2,7200,1.00235779546
193125,193133,196450,8,3317,2,7200,1.00241181791
193140,193148,196461,8,3313,2,7200,1.00241472985
193189,193197,196315,8,3118,2,7200,1.00256574727
193204,193212,196347,8,3135,2,7200,1.00255183413
193218,193229,196234,11,3005,2,7200,1.00366056572
193270,193278,196509,8,3231,2,7200,1.00247601362
193291,193299,196468,8,3169,2,7200,1.00252445566
193306,193320,196645,14,3325,2,7200,1.00421052632
193339,193348,196810,9,3462,2,7200,1.00259965338
193378,193386,196473,8,3087,2,7200,1.0025915128
193451,193460,196608,9,3148,2,7200,1.00285895807
193517,193527,196876,10,3349,2,7200,1.00298596596
193560,193570,196974,10,3404,2,7200,1.00293772033
193593,193601,197024,8,3423,2,7200,1.00233713117
193608,193616,196573,8,2957,2,7200,1.00270544471
193623,193635,197060,12,3425,2,7200,1.00350364964
193638,193647,197008,9,3361,2,7200,1.00267777447
193640,193652,197004,12,3352,2,7200,1.00357995227
193673,193683,197017,10,3334,2,7200,1.00299940012
193688,193698,197298,10,3600,2,7200,1.00277777778
193739,193749,197388,10,3639,2,7200,1.00274800769
193754,193763,196955,9,3192,2,7200,1.00281954887
193769,193778,197422,9,3644,2,7200,1.00246981339
193784,193792,197409,8,3617,2,7200,1.00221177772
193799,193810,197276,11,3466,2,7200,1.00317368725
193801,193815,197202,14,3387,2,7200,1.00413345143
193816,193825,197415,9,3590,2,7200,1.00250696379
193831,193839,197191,8,3352,2,7200,1.00238663484
193861,193871,197326,10,3455,2,7200,1.00289435601
193876,193885,197415,9,3530,2,7200,1.00254957507
193877,193890,197388,13,3498,2,7200,1.00371640938
193892,193905,197160,13,3255,2,7200,1.00399385561
193911,193919,197235,8,3316,2,7200,1.00241254524
193941,193950,197144,9,3194,2,7200,1.00281778334
194005,194015,197328,10,3313,2,7200,1.00301841232
194071,194079,197453,8,3374,2,7200,1.00237107291
194086,194097,197355,11,3258,2,7200,1.00337630448
194141,194151,197262,10,3111,2,7200,1.00321440051
194156,194164,197500,8,3336,2,7200,1.00239808153
194183,194191,197792,8,3601,2,7200,1.00222160511
194210,194219,197261,9,3042,2,7200,1.00295857988
194225,194233,197329,8,3096,2,7200,1.00258397933
194261,194269,197482,8,3213,2,7200,1.00248988484
194309,194318,197587,9,3269,2,7200,1.00275313552
194324,194332,197706,8,3374,2,7200,1.00237107291
194378,194387,197735,9,3348,2,7200,1.00268817204
194394,194405,197472,11,3067,2,7200,1.00358656668
194395,194411,197868,16,3457,2,7200,1.00462829043
194397,194416,197776,19,3360,2,7200,1.0056547619
194448,194458,197539,10,3081,2,7200,1.00324569945
194650,194658,198006,8,3348,2,7200,1.00238948626
194699,194707,198326,8,3619,2,7200,1.0022105554
194766,194774,197754,8,2980,2,7200,1.00268456376
194808,194817,198252,9,3435,2,7200,1.00262008734
194810,194822,198160,12,3338,2,7200,1.00359496705
194811,194831,198260,20,3429,2,7200,1.00583260426
195002,195010,198535,8,3525,2,7200,1.00226950355
195089,195098,198698,9,3600,2,7200,1.0025
195153,195161,198415,8,3254,2,7200,1.0024585126
195180,195189,198430,9,3241,2,7200,1.0027769207
195264,195272,198313,8,3041,2,7200,1.00263071358
195385,195395,198731,10,3336,2,7200,1.00299760192
195690,195700,198937,10,3237,2,7200,1.0030892802
195720,195730,199075,10,3345,2,7200,1.00298953662
195789,195798,199299,9,3501,2,7200,1.00257069409
195895,195903,199257,8,3354,2,7200,1.00238521169
196074,196082,199557,8,3475,2,7200,1.00230215827
196119,196127,199400,8,3273,2,7200,1.00244424076
196167,196175,199989,8,3814,2,7200,1.0020975354
196182,196191,199469,9,3278,2,7200,1.00274557657
196218,196226,199729,8,3503,2,7200,1.00228375678
196233,196241,199887,8,3646,2,7200,1.00219418541
196315,196325,199667,10,3342,2,7200,1.00299222023
196348,196358,199790,10,3432,2,7200,1.00291375291
196390,196400,199893,10,3493,2,7200,1.00286286859
196451,196459,199848,8,3389,2,7200,1.00236057834
196466,196476,199552,10,3076,2,7200,1.00325097529
196481,196493,199499,12,3006,2,7200,1.00399201597
196482,196499,199451,17,2952,2,7200,1.00575880759
196498,196509,199756,11,3247,2,7200,1.00338774253
196513,196521,199676,8,3155,2,7200,1.00253565769
196537,196545,199742,8,3197,2,7200,1.00250234595
196573,196583,199997,10,3414,2,7200,1.00292911541
196609,196617,199676,8,3059,2,7200,1.00261523374
196624,196632,199899,8,3267,2,7200,1.00244872972
196648,196656,200083,8,3427,2,7200,1.00233440327
196811,196821,200121,10,3300,2,7200,1.00303030303
196877,196885,200114,8,3229,2,7200,1.00247754723
196956,196966,199987,10,3021,2,7200,1.0033101622
196977,196987,200413,10,3426,2,7200,1.00291885581
197007,197015,200303,8,3288,2,7200,1.00243309002
197022,197032,200569,10,3537,2,7200,1.00282725474
197024,197040,200352,16,3312,2,7200,1.00483091787
197039,197051,200338,12,3287,2,7200,1.00365074536
197063,197071,200317,8,3246,2,7200,1.00246457178
197144,197152,200436,8,3284,2,7200,1.00243605359
197162,197172,200623,10,3451,2,7200,1.00289771081
197192,197203,200572,11,3369,2,7200,1.00326506382
197207,197218,200973,11,3755,2,7200,1.00292942743
197235,197243,200362,8,3119,2,7200,1.00256492466
197262,197272,200845,10,3573,2,7200,1.00279876854
197263,197282,200586,19,3304,2,7200,1.00575060533
197278,197292,200809,14,3517,2,7200,1.00398066534
197300,197310,200656,10,3346,2,7200,1.00298864316
197327,197335,200354,8,3019,2,7200,1.00264988407
197342,197352,200331,10,2979,2,7200,1.00335683115
197344,197360,200475,16,3115,2,7200,1.0051364366
197358,197370,200378,12,3008,2,7200,1.0039893617
197389,197399,200710,10,3311,2,7200,1.00302023558
197390,197409,200763,19,3354,2,7200,1.00566487776
197411,197419,200772,8,3353,2,7200,1.00238592305
197426,197439,200590,13,3151,2,7200,1.00412567439
197428,197444,200697,16,3253,2,7200,1.00491853674
197429,197449,200814,20,3365,2,7200,1.0059435364
197453,197461,200725,8,3264,2,7200,1.00245098039
197471,197481,200769,10,3288,2,7200,1.00304136253
197486,197494,200896,8,3402,2,7200,1.00235155791
197501,197509,201027,8,3518,2,7200,1.00227401933
197540,197549,201117,9,3568,2,7200,1.00252242152
197585,197594,201001,9,3407,2,7200,1.00264162019
197709,197719,200966,10,3247,2,7200,1.00307976594
197737,197747,201092,10,3345,2,7200,1.00298953662
197755,197763,200804,8,3041,2,7200,1.00263071358
197779,197787,200903,8,3116,2,7200,1.00256739409
197794,197804,201376,10,3572,2,7200,1.00279955207
197870,197879,201483,9,3604,2,7200,1.00249722531
198006,198016,200972,10,2956,2,7200,1.00338294993
198142,202630,202844,4488,214,16,610,21.9719626168
198143,202859,203087,4716,228,16,610,21.6842105263
198160,198169,201664,9,3495,2,7200,1.0025751073
198254,198262,201530,8,3268,2,7200,1.00244798042
198269,198280,201529,11,3249,2,7200,1.00338565713
198315,198323,201735,8,3412,2,7200,1.00234466589
198329,198338,201663,9,3325,2,7200,1.00270676692
198417,198427,201333,10,2906,2,7200,1.00344115623
198432,198440,201679,8,3239,2,7200,1.00246989812
198535,198545,201762,10,3217,2,7200,1.00310848617
198701,198710,202272,9,3562,2,7200,1.00252667041
198732,198740,202355,8,3615,2,7200,1.00221300138
198937,198948,202179,11,3231,2,7200,1.00340451872
199076,199086,202409,10,3323,2,7200,1.00300932892
199257,199267,202660,10,3393,2,7200,1.00294724433
199300,199308,202563,8,3255,2,7200,1.0024577573
199402,199410,202924,8,3514,2,7200,1.00227660785
199454,199462,202608,8,3146,2,7200,1.00254291163
199472,199480,202761,8,3281,2,7200,1.00243828101
199499,199507,202862,8,3355,2,7200,1.00238450075
199553,199563,202981,10,3418,2,7200,1.00292568754
199568,199576,202949,8,3373,2,7200,1.00237177587
199668,199678,203085,10,3407,2,7200,1.00293513355
199683,199693,203033,10,3340,2,7200,1.00299401198
199685,199701,203101,16,3400,2,7200,1.00470588235
199730,199738,203043,8,3305,2,7200,1.00242057489
199745,199753,203084,8,3331,2,7200,1.00240168118
199760,199770,203029,10,3259,2,7200,1.0030684259
199790,199800,203165,10,3365,2,7200,1.0029717682
199848,199858,202969,10,3111,2,7200,1.00321440051
199887,199897,203078,10,3181,2,7200,1.00314366551
199902,199912,203769,10,3857,2,7200,1.00259268862
199903,199922,203206,19,3284,2,7200,1.00578562728
199988,199998,203244,10,3246,2,7200,1.00308071473
200003,200013,203256,10,3243,2,7200,1.0030835646
200004,200024,203251,20,3227,2,7200,1.00619770685
200083,200091,203484,8,3393,2,7200,1.00235779546
200116,200126,203702,10,3576,2,7200,1.00279642058
200131,200141,203270,10,3129,2,7200,1.00319590924
200303,200312,203703,9,3391,2,7200,1.00265408434
200318,200329,203730,11,3401,2,7200,1.00323434284
200333,200343,203397,10,3054,2,7200,1.00327439424
200348,200359,203324,11,2965,2,7200,1.00370994941
200364,200374,203760,10,3386,2,7200,1.00295333727
200365,200384,203763,19,3379,2,7200,1.00562296537
200367,200390,203675,23,3285,2,7200,1.00700152207
200381,200398,204132,17,3734,2,7200,1.00455275844
200415,200425,203814,10,3389,2,7200,1.00295072293
200438,200448,203987,10,3539,2,7200,1.00282565697
200477,200485,203755,8,3270,2,7200,1.00244648318
200571,200587,203998,16,3411,2,7200,1.00469070654
200587,200595,203670,8,3075,2,7200,1.00260162602
200589,200605,204059,16,3454,2,7200,1.00463231036
200604,200614,203972,10,3358,2,7200,1.00297796307
200625,200633,203865,8,3232,2,7200,1.00247524752
200658,200666,203540,8,2874,2,7200,1.0027835769
200697,200706,204016,9,3310,2,7200,1.00271903323
200712,200721,204029,9,3308,2,7200,1.00272067715
200727,200735,204330,8,3595,2,7200,1.00222531293
200764,200773,203896,9,3123,2,7200,1.00288184438
200779,200792,204006,13,3214,2,7200,1.00404480398
200780,200797,203970,17,3173,2,7200,1.00535770564
200804,200812,203981,8,3169,2,7200,1.00252445566
200820,200831,203866,11,3035,2,7200,1.00362438221
200822,200837,204153,15,3316,2,7200,1.00452352232
200846,200855,204030,9,3175,2,7200,1.00283464567
200897,200905,204382,8,3477,2,7200,1.00230083405
200912,200922,204162,10,3240,2,7200,1.00308641975
200967,200976,204393,9,3417,2,7200,1.00263388938
200982,200994,203898,12,2904,2,7200,1.0041322314
200983,200999,204436,16,3437,2,7200,1.00465522258
201002,201012,204060,10,3048,2,7200,1.0032808399
201029,201037,204320,8,3283,2,7200,1.00243679561
201093,201103,204628,10,3525,2,7200,1.00283687943
201120,201129,204383,9,3254,2,7200,1.00276582667
201332,201340,204460,8,3120,2,7200,1.00256410256
201377,201385,204644,8,3259,2,7200,1.00245474072
201486,201504,204650,18,3146,2,7200,1.00572155118
201530,201538,204842,8,3304,2,7200,1.00242130751
201531,201548,204896,17,3348,2,7200,1.0050776583
201662,201670,205122,8,3452,2,7200,1.0023174971
201677,201685,205020,8,3335,2,7200,1.0023988006
201692,201700,205001,8,3301,2,7200,1.00242350803
201734,201742,205133,8,3391,2,7200,1.00235918608
201764,201772,205115,8,3343,2,7200,1.00239306013
202181,202191,205429,10,3238,2,7200,1.00308832613
202266,202275,742314,9,540039,2,540000,1.00001666546
202275,202283,205707,8,3424,2,7200,1.0023364486
202309,202864,742885,555,540021,3,540000,1.00102773781
202356,202367,205434,11,3067,2,7200,1.00358656668
202411,202420,205713,9,3293,2,7200,1.00273307015
202565,202575,205633,10,3058,2,7200,1.00327011118
202610,202620,206180,10,3560,2,7200,1.00280898876
202661,202673,205865,12,3192,2,7200,1.0037593985
202761,202771,205935,10,3164,2,7200,1.00316055626
202864,202872,206261,8,3389,2,7200,1.00236057834
202925,202935,206258,10,3323,2,7200,1.00300932892
202952,202960,206378,8,3418,2,7200,1.00234055003
202970,202979,205895,9,2916,2,7200,1.00308641975
202985,202995,206289,10,3294,2,7200,1.00303582271
203031,203039,206613,8,3574,2,7200,1.00223838836
203046,203054,206633,8,3579,2,7200,1.00223526125
203047,203063,206159,16,3096,2,7200,1.00516795866
203077,203085,206354,8,3269,2,7200,1.00244723157
203092,203105,206390,13,3285,2,7200,1.00395738204
203094,203110,206393,16,3283,2,7200,1.00487359123
203108,203120,206395,12,3275,2,7200,1.00366412214
203166,203174,206580,8,3406,2,7200,1.00234879624
203208,203216,206323,8,3107,2,7200,1.00257483103
203244,203252,206641,8,3389,2,7200,1.00236057834
203260,203270,206997,10,3727,2,7200,1.00268312316
203261,203275,207085,14,3810,2,7200,1.00367454068
203276,203290,206811,14,3521,2,7200,1.00397614314
203324,203334,206720,10,3386,2,7200,1.00295333727
203375,203384,203572,9,188,16,610,1.04787234043
203376,203585,203797,209,212,16,610,1.9858490566
203377,203811,203998,434,187,16,610,3.32085561497
203378,204016,204241,638,225,16,610,3.83555555556
203397,203407,206884,10,3477,2,7200,1.00287604257
203485,203493,206803,8,3310,2,7200,1.00241691843
203542,203550,206759,8,3209,2,7200,1.00249298847
203672,203680,207052,8,3372,2,7200,1.00237247924
203687,203696,206988,9,3292,2,7200,1.00273390036
203702,203712,207288,10,3576,2,7200,1.00279642058
203717,203726,207051,9,3325,2,7200,1.00270676692
203733,203743,207209,10,3466,2,7200,1.00288517023
203757,203765,207337,8,3572,2,7200,1.00223964166
203773,203785,206852,12,3067,2,7200,1.00391261819
203774,203790,207118,16,3328,2,7200,1.00480769231
203775,203796,207162,21,3366,2,7200,1.00623885918
203815,203825,207045,10,3220,2,7200,1.00310559006
203866,203876,207397,10,3521,2,7200,1.00284010224
203868,203886,207235,18,3349,2,7200,1.00537473873
203898,203908,207100,10,3192,2,7200,1.00313283208
203899,203918,207610,19,3692,2,7200,1.00514626219
203949,203959,203975,10,16,1,610,1.625
203972,203981,207384,9,3403,2,7200,1.00264472524
203973,203991,207426,18,3435,2,7200,1.00524017467
203989,204001,207197,12,3196,2,7200,1.00375469337
203990,204006,207424,16,3418,2,7200,1.00468110006
204005,204022,207626,17,3604,2,7200,1.00471698113
204020,204031,207116,11,3085,2,7200,1.00356564019
204022,204036,207475,14,3439,2,7200,1.00407095086
204037,204046,207169,9,3123,2,7200,1.00288184438
204038,204056,207326,18,3270,2,7200,1.00550458716
204059,204074,207300,15,3226,2,7200,1.00464972102
204074,204083,207257,9,3174,2,7200,1.00283553875
204132,204140,207310,8,3170,2,7200,1.00252365931
204140,204150,215053,10,10903,1,10800,1.00091717876
204156,204165,207351,9,3186,2,7200,1.00282485876
204171,204184,207388,13,3204,2,7200,1.00405742821
204209,204219,204272,10,53,1,610,1.18867924528
204297,207984,252282,3687,44298,1,86400,1.08323174861
204322,204333,207524,11,3191,2,7200,1.00344719524
204337,204347,207512,10,3165,2,7200,1.00315955766
204383,204391,207654,8,3263,2,7200,1.00245173154
204384,204401,207699,17,3298,2,7200,1.00515463918
204399,204411,207587,12,3176,2,7200,1.00377833753
204435,204443,207957,8,3514,2,7200,1.00227660785
204462,204471,207670,9,3199,2,7200,1.00281337918
204629,204637,207963,8,3326,2,7200,1.00240529164
204647,204655,208233,8,3578,2,7200,1.00223588597
204662,204670,208124,8,3454,2,7200,1.00231615518
204716,204725,205143,9,418,1,610,1.02153110048
204718,204735,205143,17,408,1,610,1.04166666667
204719,204740,205143,21,403,1,610,1.05210918114
204740,204749,205125,9,376,14,1980,1.02393617021
204843,204851,208121,8,3270,2,7200,1.00244648318
204897,204908,207896,11,2988,2,7200,1.00368139224
205004,205012,208344,8,3332,2,7200,1.00240096038
205022,205030,208601,8,3571,2,7200,1.00224026883
205116,205124,208188,8,3064,2,7200,1.00261096606
205123,205134,205139,11,5,1,900,1.6
205130,205144,208692,14,3548,2,7200,1.00394588501
205135,205152,206068,17,916,14,1980,1.01855895197
205145,205162,208612,17,3450,2,7200,1.00492753623
205150,205167,205219,17,52,1,610,1.32692307692
205430,205440,208585,10,3145,2,7200,1.00317965024
205436,205450,205503,14,53,1,610,1.2641509434
205436,205455,205503,19,48,1,610,1.39583333333
205437,205461,205513,24,52,1,610,1.46153846154
205445,205469,208961,24,3492,2,7200,1.00687285223
205635,205644,208715,9,3071,2,7200,1.00293064148
205686,205695,223878,9,18183,4,36000,1.00049496783
205708,205718,209123,10,3405,2,7200,1.00293685756
205723,205731,209132,8,3401,2,7200,1.00235224934
205865,205878,206310,13,432,1,1210,1.03009259259
205865,205873,209158,8,3285,2,7200,1.00243531202
205866,205914,206423,48,509,1,1210,1.09430255403
205867,205919,206367,52,448,1,1210,1.11607142857
205868,206093,206574,225,481,1,1210,1.46777546778
205895,205903,209037,8,3134,2,7200,1.00255264837
205897,206088,220630,191,14542,4,18000,1.01313436941
205937,205947,209489,10,3542,2,7200,1.00282326369
206161,206171,209225,10,3054,2,7200,1.00327439424
206182,206190,209743,8,3553,2,7200,1.00225161835
206258,206268,209418,10,3150,2,7200,1.00317460317
206273,206284,209688,11,3404,2,7200,1.00323149236
206291,206299,209566,8,3267,2,7200,1.00244872972
206308,206396,206770,88,374,14,1980,1.23529411765
206324,206333,209653,9,3320,2,7200,1.00271084337
206355,206365,209452,10,3087,2,7200,1.00323939099
206379,206387,209615,8,3228,2,7200,1.00247831475
206395,206407,209644,12,3237,2,7200,1.00370713624
206396,206413,209817,17,3404,2,7200,1.00499412456
206398,206418,209739,20,3321,2,7200,1.00602228245
206582,206593,209742,11,3149,2,7200,1.00349317244
206615,206623,210085,8,3462,2,7200,1.002310803
206633,206641,209906,8,3265,2,7200,1.00245022971
206648,206659,209949,11,3290,2,7200,1.00334346505
206721,206732,210236,11,3504,2,7200,1.00313926941
206760,206769,209997,9,3228,2,7200,1.00278810409
206769,206779,206784,10,5,1,900,1.5
206779,206787,208040,8,1253,14,1980,1.00638467678
206805,206813,210075,8,3262,2,7200,1.00245248314
206820,206832,210342,12,3510,2,7200,1.00341880342
206853,206862,210338,9,3476,2,7200,1.00258918297
206886,206894,210583,8,3689,2,7200,1.00216860938
206989,206997,210213,8,3216,2,7200,1.00248756219
207004,207015,210265,11,3250,2,7200,1.00338461538
207047,207055,210048,8,2993,2,7200,1.00267290344
207061,207073,210156,12,3083,2,7200,1.00389231268
207063,207078,210164,15,3086,2,7200,1.00486066105
207087,207097,210518,10,3421,2,7200,1.00292312189
207102,207112,210512,10,3400,2,7200,1.00294117647
207117,207125,210589,8,3464,2,7200,1.00230946882
207119,207133,210754,14,3621,2,7200,1.00386633527
207164,207172,210324,8,3152,2,7200,1.00253807107
207179,207190,210697,11,3507,2,7200,1.00313658397
207197,207205,210722,8,3517,2,7200,1.00227466591
207212,207222,210701,10,3479,2,7200,1.00287438919
207236,207244,210948,8,3704,2,7200,1.00215982721
207257,207265,210487,8,3222,2,7200,1.00248292986
207289,208279,220580,990,12301,48,86400,1.08048126169
207290,207300,210638,10,3338,2,7200,1.00299580587
207305,207315,210501,10,3186,2,7200,1.00313873195
207320,207328,210570,8,3242,2,7200,1.00246761258
207336,207344,210619,8,3275,2,7200,1.00244274809
207337,207354,211094,17,3740,2,7200,1.00454545455
207352,207362,210586,10,3224,2,7200,1.00310173697
207383,207391,210769,8,3378,2,7200,1.00236826525
207390,207978,210378,588,2400,2,36000,1.245
207391,207406,208264,15,858,16,910,1.01748251748
207398,207416,210692,18,3276,2,7200,1.00549450549
207400,207421,210462,21,3041,2,7200,1.00690562315
207424,207432,210458,8,3026,2,7200,1.00264375413
207439,207449,210771,10,3322,2,7200,1.0030102348
207476,207486,210573,10,3087,2,7200,1.00323939099
207512,207521,210632,9,3111,2,7200,1.00289296046
207527,207535,210670,8,3135,2,7200,1.00255183413
207587,207597,210800,10,3203,2,7200,1.00312207306
207611,207619,210604,8,2985,2,7200,1.002680067
207626,207634,210960,8,3326,2,7200,1.00240529164
207653,207661,210997,8,3336,2,7200,1.00239808153
207671,207679,210959,8,3280,2,7200,1.00243902439
207701,207710,211013,9,3303,2,7200,1.00272479564
207898,207906,211332,8,3426,2,7200,1.00233508465
207958,207969,210900,11,2931,2,7200,1.00375298533
207973,207992,211328,19,3336,2,7200,1.00569544365
208071,208079,220178,8,12099,4,108000,1.00066121167
208120,208131,211678,11,3547,2,7200,1.00310121229
208135,208146,211670,11,3524,2,7200,1.00312145289
208189,208200,211326,11,3126,2,7200,1.00351887396
208235,208245,211797,10,3552,2,7200,1.00281531532
208344,208353,211794,9,3441,2,7200,1.00261551874
208462,208736,209634,274,898,16,910,1.30512249443
208587,208595,211806,8,3211,2,7200,1.00249143569
208605,208614,211935,9,3321,2,7200,1.0027100271
208620,208630,212067,10,3437,2,7200,1.00290951411
208696,208705,211896,9,3191,2,7200,1.00282043247
208717,208727,212069,10,3342,2,7200,1.00299222023
208964,208974,212237,10,3263,2,7200,1.00306466442
209037,209045,212296,8,3251,2,7200,1.0024607813
209099,209648,238470,549,28822,8,28800,1.01904794948
209125,209136,212517,11,3381,2,7200,1.0032534753
209140,209150,212467,10,3317,2,7200,1.00301477238
209158,209167,212455,9,3288,2,7200,1.00273722628
209228,209236,212542,8,3306,2,7200,1.00241984271
209418,209427,213022,9,3595,2,7200,1.00250347705
209455,209462,212594,7,3132,2,7200,1.00223499361
209491,209500,212782,9,3282,2,7200,1.00274223035
209551,209584,220015,33,10431,1,28800,1.00316364682
209554,209589,224269,35,14680,1,28800,1.00238419619
209566,209574,212729,8,3155,2,7200,1.00253565769
209618,209627,213039,9,3412,2,7200,1.00263774912
209645,209655,212975,10,3320,2,7200,1.00301204819
209660,209668,213061,8,3393,2,7200,1.00235779546
209690,209697,213472,7,3775,2,7200,1.00185430464
209742,209750,212991,8,3241,2,7200,1.00246837396
209743,209759,213237,16,3478,2,7200,1.00460034503
209759,209767,213292,8,3525,2,7200,1.00226950355
209819,209826,213010,7,3184,2,7200,1.00219849246
209908,209916,213034,8,3118,2,7200,1.00256574727
209950,209958,213258,8,3300,2,7200,1.00242424242
210000,210009,213245,9,3236,2,7200,1.00278121137
210048,210057,213272,9,3215,2,7200,1.00279937792
210075,210083,213513,8,3430,2,7200,1.00233236152
210090,210098,213585,8,3487,2,7200,1.00229423573
210157,210166,213353,9,3187,2,7200,1.00282397239
210172,210183,213620,11,3437,2,7200,1.00320046552
210213,210220,213806,7,3586,2,7200,1.00195203569
210237,210244,213461,7,3217,2,7200,1.00217594032
210267,210276,213336,9,3060,2,7200,1.00294117647
210324,210334,213566,10,3232,2,7200,1.00309405941
210339,210348,213609,9,3261,2,7200,1.0027598896
210354,210361,213906,7,3545,2,7200,1.00197461213
210460,210470,214619,10,4149,2,7200,1.00241021933
210475,210482,213986,7,3504,2,7200,1.00199771689
210490,210498,213949,8,3451,2,7200,1.00231816865
210505,210512,213894,7,3382,2,7200,1.00206978119
210520,210529,214055,9,3526,2,7200,1.00255246739
210522,210534,213778,12,3244,2,7200,1.00369913687
210534,211030,211949,496,919,16,910,1.53971708379
210535,211964,212826,1429,862,16,910,2.65777262181
210570,210578,213743,8,3165,2,7200,1.00252764613
210587,210597,213899,10,3302,2,7200,1.0030284676
210588,210607,213953,19,3346,2,7200,1.005678422
210589,210612,214058,23,3446,2,7200,1.00667440511
210591,210617,213758,26,3141,2,7200,1.00827761859
210606,210626,213919,20,3293,2,7200,1.00607348922
210621,210636,213764,15,3128,2,7200,1.00479539642
210636,210645,214014,9,3369,2,7200,1.00267141585
210651,210659,213970,8,3311,2,7200,1.00241618846
210669,210677,214008,8,3331,2,7200,1.00240168118
210693,210701,214297,8,3596,2,7200,1.0022246941
210708,210717,214039,9,3322,2,7200,1.00270921132
210709,210722,213876,13,3154,2,7200,1.00412175016
210724,210732,214209,8,3477,2,7200,1.00230083405
210755,210763,214067,8,3304,2,7200,1.00242130751
210770,210780,213977,10,3197,2,7200,1.00312793244
210785,210793,213905,8,3112,2,7200,1.00257069409
210799,210808,213956,9,3148,2,7200,1.00285895807
210902,210910,214460,8,3550,2,7200,1.00225352113
210948,210957,214431,9,3474,2,7200,1.00259067358
210963,210970,214258,7,3288,2,7200,1.00212895377
210964,210979,214450,15,3471,2,7200,1.00432152118
210997,211006,214533,9,3527,2,7200,1.00255174369
211012,211021,214306,9,3285,2,7200,1.00273972603
211094,211108,214322,14,3214,2,7200,1.00435594275
211328,211344,214682,16,3338,2,7200,1.00479328939
211343,211354,214676,11,3322,2,7200,1.00331125828
211344,211692,215133,348,3441,2,7200,1.10113339146
211671,211821,215134,150,3313,2,7200,1.04527618473
211686,211910,214922,224,3012,2,7200,1.07436918991
211794,211950,215102,156,3152,2,7200,1.04949238579
211809,211969,215928,160,3959,2,7200,1.04041424602
211811,211974,215288,163,3314,2,7200,1.04918527459
211895,211979,215023,84,3044,2,7200,1.02759526938
211934,211985,215138,51,3153,2,7200,1.01617507136
212041,212847,232664,806,19817,8,57600,1.04067215017
212068,212081,215226,13,3145,2,7200,1.00413354531
212069,212092,215627,23,3535,2,7200,1.00650636492
212239,212251,215370,12,3119,2,7200,1.00384738698
212296,212310,215507,14,3197,2,7200,1.00437910541
212457,212470,215510,13,3040,2,7200,1.00427631579
212472,212480,216071,8,3591,2,7200,1.0022277917
212520,212532,215853,12,3321,2,7200,1.00361336947
212541,212558,215783,17,3225,2,7200,1.00527131783
212596,212609,215956,13,3347,2,7200,1.00388407529
212723,212841,308013,118,95172,4,108000,1.00123986046
212729,212743,216138,14,3395,2,7200,1.00412371134
212761,212770,213267,9,497,1,1210,1.01810865191
212783,212796,216193,13,3397,2,7200,1.00382690609
212975,212983,216411,8,3428,2,7200,1.00233372229
212993,213002,216298,9,3296,2,7200,1.00273058252
213011,213018,216300,7,3282,2,7200,1.00213284583
213026,213033,216917,7,3884,2,7200,1.00180226571
213041,213050,216151,9,3101,2,7200,1.00290228958
213043,213056,216287,13,3231,2,7200,1.00402352213
213064,213071,216394,7,3323,2,7200,1.00210653024
213239,213246,216652,7,3406,2,7200,1.00205519671
213254,213261,216525,7,3264,2,7200,1.00214460784
213269,213276,216558,7,3282,2,7200,1.00213284583
213284,213291,216431,7,3140,2,7200,1.00222929936
213299,213310,216837,11,3527,2,7200,1.00311879785
213336,213345,216433,9,3088,2,7200,1.00291450777
213354,213361,216657,7,3296,2,7200,1.00212378641
213462,213472,216799,10,3327,2,7200,1.00300571085
213477,213486,216870,9,3384,2,7200,1.00265957447
213517,213524,216636,7,3112,2,7200,1.00224935733
213568,213577,216787,9,3210,2,7200,1.00280373832
213586,213593,216700,7,3107,2,7200,1.00225297715
213610,213618,216987,8,3369,2,7200,1.00237459187
213625,213634,216861,9,3227,2,7200,1.00278896808
213651,213659,214213,8,554,1,1210,1.01444043321
213743,213750,217242,7,3492,2,7200,1.0020045819
213758,213766,217040,8,3274,2,7200,1.0024434942
213773,213780,217281,7,3501,2,7200,1.00199942873
213788,213795,217074,7,3279,2,7200,1.00213479719
213808,213816,217175,8,3359,2,7200,1.00238166121
213864,213912,315473,48,101561,4,108000,1.00047262236
213875,213883,217268,8,3385,2,7200,1.0023633678
213896,213904,217120,8,3216,2,7200,1.00248756219
213912,213921,217151,9,3230,2,7200,1.00278637771
213913,213927,217213,14,3286,2,7200,1.00426049909
213914,213935,217029,21,3094,2,7200,1.00678733032
213929,213944,217338,15,3394,2,7200,1.00441956394
213951,213963,217413,12,3450,2,7200,1.00347826087
213966,213976,217456,10,3480,2,7200,1.00287356322
213967,213981,217449,14,3468,2,7200,1.00403690888
213982,213994,217280,12,3286,2,7200,1.00365185636
213984,213999,217543,15,3544,2,7200,1.00423250564
213999,214008,217400,9,3392,2,7200,1.00265330189
214014,214025,217193,11,3168,2,7200,1.00347222222
214015,214034,217153,19,3119,2,7200,1.00609169606
214039,214053,217300,14,3247,2,7200,1.00431167231
214057,214069,217201,12,3132,2,7200,1.00383141762
214059,214078,217283,19,3205,2,7200,1.00592823713
214074,214087,217347,13,3260,2,7200,1.00398773006
214211,214224,217504,13,3280,2,7200,1.00396341463
214260,214268,217824,8,3556,2,7200,1.00224971879
214296,214304,217601,8,3297,2,7200,1.00242644829
214311,214320,217662,9,3342,2,7200,1.0026929982
214326,214333,217535,7,3202,2,7200,1.00218613367
214397,214559,215075,162,516,1,1210,1.31395348837
214398,214564,215147,166,583,1,1210,1.28473413379
214401,214637,214999,236,362,1,1210,1.65193370166
214402,214642,215194,240,552,1,1210,1.4347826087
214432,214440,217955,8,3515,2,7200,1.00227596017
214450,214457,217725,7,3268,2,7200,1.00214198286
214465,214473,217669,8,3196,2,7200,1.00250312891
214535,214542,217827,7,3285,2,7200,1.00213089802
214620,214627,217983,7,3356,2,7200,1.00208581645
214677,214690,217820,13,3130,2,7200,1.00415335463
214692,214703,218040,11,3337,2,7200,1.00329637399
214747,215013,220030,266,5017,1,12600,1.05301973291
214750,215037,222160,287,7123,1,14400,1.04029201179
214922,214936,218370,14,3434,2,7200,1.00407687828
215023,215063,218411,40,3348,2,7200,1.0119474313
215105,215118,218285,13,3167,2,7200,1.00410483107
215135,215145,218632,10,3487,2,7200,1.00286779467
215137,215155,218543,18,3388,2,7200,1.00531286895
215152,215164,218509,12,3345,2,7200,1.00358744395
215228,215237,218690,9,3453,2,7200,1.00260642919
215289,215296,218534,7,3238,2,7200,1.00216182829
215371,215379,219045,8,3666,2,7200,1.00218221495
215507,215517,219024,10,3507,2,7200,1.00285143998
215522,215529,218952,7,3423,2,7200,1.00204498978
215628,215636,219006,8,3370,2,7200,1.00237388724
215786,215795,218960,9,3165,2,7200,1.0028436019
215855,215865,219333,10,3468,2,7200,1.00288350634
215928,215936,219305,8,3369,2,7200,1.00237459187
215958,215966,219187,8,3221,2,7200,1.00248370071
216070,216077,219668,7,3591,2,7200,1.00194931774
216140,216149,219494,9,3345,2,7200,1.00269058296
216155,216164,219573,9,3409,2,7200,1.0026400704
216194,216201,219663,7,3462,2,7200,1.00202195263
216288,216295,219595,7,3300,2,7200,1.00212121212
216303,216312,219737,9,3425,2,7200,1.00262773723
216305,216321,219587,16,3266,2,7200,1.00489895897
216395,216403,219501,8,3098,2,7200,1.00258231117
216411,216420,219664,9,3244,2,7200,1.00277435265
216432,216441,219726,9,3285,2,7200,1.00273972603
216433,216449,219859,16,3410,2,7200,1.00469208211
216528,216535,219738,7,3203,2,7200,1.00218545114
216558,216565,219950,7,3385,2,7200,1.00206794682
216636,216644,219955,8,3311,2,7200,1.00241618846
216654,216662,219917,8,3255,2,7200,1.0024577573
216669,216677,219924,8,3247,2,7200,1.00246381275
216701,216708,219811,7,3103,2,7200,1.00225588141
216788,216798,220163,10,3365,2,7200,1.0029717682
216803,216812,220026,9,3214,2,7200,1.00280024891
216837,216845,220224,8,3379,2,7200,1.00236756437
216861,216868,220478,7,3610,2,7200,1.00193905817
216876,216886,220113,10,3227,2,7200,1.00309885342
216919,216926,220367,7,3441,2,7200,1.00203429236
216988,216995,220246,7,3251,2,7200,1.00215318364
217030,217038,220353,8,3315,2,7200,1.002413273
217045,217054,220844,9,3790,2,7200,1.00237467018
217076,217083,220318,7,3235,2,7200,1.00216383308
217121,217128,220292,7,3164,2,7200,1.00221238938
217151,217160,220654,9,3494,2,7200,1.0025758443
217152,217168,220517,16,3349,2,7200,1.00477754554
217177,217186,220588,9,3402,2,7200,1.00264550265
217195,217202,220449,7,3247,2,7200,1.00215583616
217210,217221,220359,11,3138,2,7200,1.00350541746
217225,217232,220777,7,3545,2,7200,1.00197461213
217243,217250,220547,7,3297,2,7200,1.00212314225
217270,217277,220656,7,3379,2,7200,1.00207161882
217286,217294,220456,8,3162,2,7200,1.00253004428
217287,217303,220401,16,3098,2,7200,1.00516462234
217288,217308,220832,20,3524,2,7200,1.0056753689
217303,217317,220341,14,3024,2,7200,1.00462962963
217337,217344,220608,7,3264,2,7200,1.00214460784
217352,217361,220549,9,3188,2,7200,1.00282308657
217400,217409,220820,9,3411,2,7200,1.00263852243
217415,217424,220936,9,3512,2,7200,1.00256264237
217448,217458,220811,10,3353,2,7200,1.00298240382
217463,217473,220899,10,3426,2,7200,1.00291885581
217506,217515,220701,9,3186,2,7200,1.00282485876
217518,219202,220054,1684,852,16,910,2.9765258216
217536,217545,220902,9,3357,2,7200,1.00268096515
217551,217567,220785,16,3218,2,7200,1.00497203232
217603,217612,221135,9,3523,2,7200,1.00255464093
217663,217671,221255,8,3584,2,7200,1.00223214286
217678,217688,221131,10,3443,2,7200,1.0029044438
217726,217736,220894,10,3158,2,7200,1.00316656111
217821,217829,221106,8,3277,2,7200,1.00244125725
217837,217846,221053,9,3207,2,7200,1.00280636109
217838,217856,221226,18,3370,2,7200,1.00534124629
217957,217965,221391,8,3426,2,7200,1.00233508465
217984,217992,221390,8,3398,2,7200,1.00235432607
218035,218043,221452,8,3409,2,7200,1.00234672925
218287,218297,221673,10,3376,2,7200,1.00296208531
218372,218385,221657,13,3272,2,7200,1.00397310513
218411,218523,221778,112,3255,2,7200,1.03440860215
218512,218548,222088,36,3540,2,7200,1.01016949153
218539,218646,222018,107,3372,2,7200,1.03173190985
218554,218973,222367,419,3394,2,7200,1.12345315262
218633,219039,222262,406,3223,2,7200,1.12596959355
218690,219319,222596,629,3277,2,7200,1.19194385108
218954,219347,222750,393,3403,2,7200,1.11548633559
218969,219508,223031,539,3523,2,7200,1.15299460687
219008,219516,222754,508,3238,2,7200,1.15688696726
219025,219588,222825,563,3237,2,7200,1.17392647513
219047,219602,222947,555,3345,2,7200,1.16591928251
219189,219612,223104,423,3492,2,7200,1.12113402062
219308,219679,223039,371,3360,2,7200,1.11041666667
219335,219684,223041,349,3357,2,7200,1.10396187072
219496,219693,222807,197,3114,2,7200,1.06326268465
219511,219739,223206,228,3467,2,7200,1.06576290741
219574,219751,223281,177,3530,2,7200,1.05014164306
219589,219759,223060,170,3301,2,7200,1.05149954559
219605,219825,223269,220,3444,2,7200,1.06387921022
219665,219875,223280,210,3405,2,7200,1.06167400881
219667,219931,223101,264,3170,2,7200,1.0832807571
219681,219939,223316,258,3377,2,7200,1.07639917086
219727,219964,223357,237,3393,2,7200,1.06984969054
219742,219974,223241,232,3267,2,7200,1.07101316192
219743,220033,223576,290,3543,2,7200,1.08185153824
219813,220041,223523,228,3482,2,7200,1.06547960942
219862,220067,223158,205,3091,2,7200,1.06632157878
219919,220072,223522,153,3450,2,7200,1.04434782609
219935,220077,223535,142,3458,2,7200,1.04106419896
219953,220082,223111,129,3029,2,7200,1.04258831297
219968,220087,223419,119,3332,2,7200,1.03571428571
220028,220093,223273,65,3180,2,7200,1.02044025157
220113,220120,223408,7,3288,2,7200,1.00212895377
220165,220172,223890,7,3718,2,7200,1.00188273265
220225,220234,223612,9,3378,2,7200,1.0026642984
220249,220258,223492,9,3234,2,7200,1.00278293135
220294,220303,223727,9,3424,2,7200,1.00262850467
220295,220312,220821,17,509,1,1210,1.03339882122
220298,220317,220854,19,537,1,1210,1.03538175047
220299,220328,220820,29,492,1,1210,1.05894308943
220299,220323,220770,24,447,1,1210,1.05369127517
220321,220337,223604,16,3267,2,7200,1.00489745944
220342,220349,224322,7,3973,2,7200,1.00176189278
220357,220367,223929,10,3562,2,7200,1.00280741157
220373,220382,223786,9,3404,2,7200,1.0026439483
220375,220389,223672,14,3283,2,7200,1.00426439232
220402,220411,223667,9,3256,2,7200,1.00276412776
220450,220459,223746,9,3287,2,7200,1.00273805902
220466,220474,223491,8,3017,2,7200,1.0026516407
220481,220489,223663,8,3174,2,7200,1.00252047889
220517,220526,223696,9,3170,2,7200,1.00283911672
220550,220559,224151,9,3592,2,7200,1.00250556793
220551,220566,223838,15,3272,2,7200,1.00458435208
220588,220597,224197,9,3600,2,7200,1.0025
220609,220618,223859,9,3241,2,7200,1.0027769207
220654,220661,223874,7,3213,2,7200,1.00217864924
220669,220677,223990,8,3313,2,7200,1.00241472985
220702,220718,223992,16,3274,2,7200,1.00488698839
220778,220788,224277,10,3489,2,7200,1.00286615076
220792,220801,224176,9,3375,2,7200,1.00266666667
220813,220823,224210,10,3387,2,7200,1.00295246531
220829,220839,224333,10,3494,2,7200,1.00286204923
220843,220852,224079,9,3227,2,7200,1.00278896808
220845,220862,224051,17,3189,2,7200,1.00533082471
220896,220907,224273,11,3366,2,7200,1.00326797386
220911,220921,223978,10,3057,2,7200,1.0032711809
220913,220929,224275,16,3346,2,7200,1.00478182905
220937,220945,224016,8,3071,2,7200,1.00260501465
221055,221064,224263,9,3199,2,7200,1.00281337918
221109,221119,224538,10,3419,2,7200,1.00292483182
221114,221128,221184,14,56,1,610,1.25
221115,221134,221184,19,50,1,610,1.38
221116,221144,221198,28,54,1,610,1.51851851852
221116,221139,221198,23,59,1,610,1.38983050847
221133,221153,224596,20,3443,2,7200,1.0058088876
221148,221161,224601,13,3440,2,7200,1.00377906977
221227,221237,224605,10,3368,2,7200,1.00296912114
221257,221267,224626,10,3359,2,7200,1.00297707651
221391,221401,224560,10,3159,2,7200,1.00316555872
221393,221410,224591,17,3181,2,7200,1.00534423137
221453,221464,225006,11,3542,2,7200,1.00310559006
221531,221539,221548,8,9,4,108000,1.7
221531,221549,222360,18,811,4,108000,1.02219482121
221531,221544,222447,13,903,4,108000,1.01439645626
221532,223052,225262,1520,2210,4,108000,1.68778280543
221532,223225,225420,1693,2195,4,108000,1.77129840547
221532,223124,223696,1592,572,4,108000,3.78321678322
221532,221563,222312,31,749,4,108000,1.04138851802
221533,223378,224162,1845,784,4,108000,3.35331632653
221533,223299,224115,1766,816,4,108000,3.16421568627
221533,223289,223983,1756,694,4,108000,3.53025936599
221533,223434,223699,1901,265,4,108000,8.17358490566
221534,223507,224763,1973,1256,4,108000,2.57085987261
221534,223684,224225,2150,541,4,108000,4.9741219963
221534,223542,223986,2008,444,4,108000,5.52252252252
221534,223628,224516,2094,888,4,108000,3.35810810811
221535,223728,224134,2193,406,4,108000,6.40147783251
221535,223699,224523,2164,824,4,108000,3.62621359223
221535,223694,223988,2159,294,4,108000,8.34353741497
221535,223689,224082,2154,393,4,108000,6.48091603053
221575,222768,223661,1193,893,16,910,2.3359462486
221659,221667,225227,8,3560,2,7200,1.00224719101
221674,221682,224978,8,3296,2,7200,1.00242718447
221777,221787,225000,10,3213,2,7200,1.00311235605
222019,222029,225169,10,3140,2,7200,1.00318471338
222089,222097,225492,8,3395,2,7200,1.00235640648
222261,222269,225526,8,3257,2,7200,1.00245624808
222367,222380,225619,13,3239,2,7200,1.00401358444
222596,222604,225876,8,3272,2,7200,1.00244498778
222750,222758,226086,8,3328,2,7200,1.00240384615
222765,222778,226312,13,3534,2,7200,1.00367855122
222807,222815,226355,8,3540,2,7200,1.00225988701
222825,222833,226318,8,3485,2,7200,1.00229555237
222946,222954,226370,8,3416,2,7200,1.00234192037
223034,223042,226107,8,3065,2,7200,1.00261011419
223049,223062,226676,13,3614,2,7200,1.0035971223
223050,223068,226399,18,3331,2,7200,1.00540378265
223065,223078,226469,13,3391,2,7200,1.00383367738
223101,223111,226538,10,3427,2,7200,1.00291800409
223117,223133,226020,16,2887,2,7200,1.00554208521
223119,223138,226428,19,3290,2,7200,1.00577507599
223158,223167,226567,9,3400,2,7200,1.00264705882
223207,223215,226656,8,3441,2,7200,1.00232490555
223243,223257,226344,14,3087,2,7200,1.00453514739
223270,223279,226378,9,3099,2,7200,1.00290416263
223286,223304,226182,18,2878,2,7200,1.00625434329
223287,223310,226632,23,3322,2,7200,1.00692354004
223288,223315,226715,27,3400,2,7200,1.00794117647
223316,223324,226626,8,3302,2,7200,1.00242277408
223358,223368,226653,10,3285,2,7200,1.00304414003
223409,223418,226885,9,3467,2,7200,1.00259590424
223424,223439,226790,15,3351,2,7200,1.00447627574
223491,223499,226897,8,3398,2,7200,1.00235432607
223493,223513,226938,20,3425,2,7200,1.00583941606
223523,223532,226909,9,3377,2,7200,1.00266508736
223525,223547,227138,22,3591,2,7200,1.00612642718
223540,223557,226708,17,3151,2,7200,1.00539511266
223576,223587,226727,11,3140,2,7200,1.00350318471
223604,223613,226838,9,3225,2,7200,1.00279069767
223618,223734,223835,116,101,1,72000,2.14851485149
223619,223634,227190,15,3556,2,7200,1.00421822272
223665,223674,227282,9,3608,2,7200,1.00249445676
223680,223709,227055,29,3346,2,7200,1.00866706515
223682,223714,227224,32,3510,2,7200,1.00911680912
223697,223719,227333,22,3614,2,7200,1.00608743774
223728,223743,227070,15,3327,2,7200,1.00450856628
223746,223754,226884,8,3130,2,7200,1.00255591054
223785,223793,227249,8,3456,2,7200,1.00231481481
223826,223906,224771,80,865,16,910,1.09248554913
223828,224011,224815,183,804,16,910,1.2276119403
223829,224286,225085,457,799,16,910,1.5719649562
223840,223849,227259,9,3410,2,7200,1.00263929619
223858,223866,227024,8,3158,2,7200,1.00253324889
223877,223885,227311,8,3426,2,7200,1.00233508465
223892,224002,227201,110,3199,2,7200,1.03438574555
223911,224031,228626,120,4595,1,72000,1.02611534276
223931,224066,227638,135,3572,2,7200,1.03779395297
223977,224098,227326,121,3228,2,7200,1.03748451053
223992,224129,227717,137,3588,2,7200,1.03818283166
223993,224136,227586,143,3450,2,7200,1.04144927536
224017,224147,227352,130,3205,2,7200,1.04056162246
224051,224165,227237,114,3072,2,7200,1.037109375
224081,224176,227833,95,3657,2,7200,1.02597757725
224145,224182,227463,37,3281,2,7200,1.01127704968
224175,224190,227196,15,3006,2,7200,1.00499001996
224196,224211,227313,15,3102,2,7200,1.00483558994
224211,224225,227539,14,3314,2,7200,1.00422450211
224266,224274,227724,8,3450,2,7200,1.00231884058
224281,224295,227674,14,3379,2,7200,1.00414323764
224282,224301,227635,19,3334,2,7200,1.00569886023
224283,224336,227704,53,3368,2,7200,1.01573634204
224323,224345,227586,22,3241,2,7200,1.00678802839
224337,224530,227953,193,3423,2,7200,1.05638328951
224537,224546,227792,9,3246,2,7200,1.00277264325
224562,224571,227999,9,3428,2,7200,1.00262543757
224569,224794,225606,225,812,16,1440,1.27709359606
224592,224600,228054,8,3454,2,7200,1.00231615518
224607,224616,227739,9,3123,2,7200,1.00288184438
224608,224640,228009,32,3369,2,7200,1.00949836747
224610,224780,228090,170,3310,2,7200,1.05135951662
224628,224785,228089,157,3304,2,7200,1.04751815981
224641,224829,225420,188,591,16,1440,1.31810490694
224980,224988,228037,8,3049,2,7200,1.00262381109
225001,225008,228531,7,3523,2,7200,1.00198694295
225016,225025,228144,9,3119,2,7200,1.00288554024
225170,225178,228620,8,3442,2,7200,1.0023242301
225204,225211,226080,7,869,16,910,1.0080552359
225205,225433,226281,228,848,16,910,1.26886792453
225206,226294,227161,1088,867,16,910,2.25490196078
225207,227175,228088,1968,913,16,910,3.15553121577
225227,225234,228462,7,3228,2,7200,1.0021685254
225240,225250,408973,10,183723,1,342000,1.00005442977
225444,225620,240075,176,14455,18,14400,1.01217571774
225493,225502,228915,9,3413,2,7200,1.00263697627
225526,225533,228879,7,3346,2,7200,1.00209205021
225532,226094,241629,562,15535,18,32400,1.03617637593
225617,225630,229375,13,3745,2,7200,1.00347129506
225875,225883,229073,8,3190,2,7200,1.00250783699
226020,226029,229442,9,3413,2,7200,1.00263697627
226087,226103,229552,16,3449,2,7200,1.0046390258
226107,226117,229548,10,3431,2,7200,1.00291460216
226183,226195,229454,12,3259,2,7200,1.00368211108
226313,226321,229977,8,3656,2,7200,1.00218818381
226328,226338,229534,10,3196,2,7200,1.00312891114
226346,226355,229660,9,3305,2,7200,1.00272314675
226361,226370,229663,9,3293,2,7200,1.00273307015
226376,226388,229752,12,3364,2,7200,1.00356718193
226391,226401,229694,10,3293,2,7200,1.00303674461
226405,226415,229986,10,3571,2,7200,1.00280033604
226429,226439,229547,10,3108,2,7200,1.00321750322
226472,226480,229779,8,3299,2,7200,1.00242497727
226538,226546,229761,8,3215,2,7200,1.00248833593
226568,226575,229876,7,3301,2,7200,1.00212056952
226601,228546,229059,1945,513,16,1440,4.79142300195
226626,226634,230162,8,3528,2,7200,1.0022675737
226641,226651,230170,10,3519,2,7200,1.0028417164
226656,226664,229604,8,2940,2,7200,1.00272108844
226657,226674,229900,17,3226,2,7200,1.00526968382
226679,226687,230154,8,3467,2,7200,1.00230747044
226709,226716,230181,7,3465,2,7200,1.00202020202
226724,226734,230133,10,3399,2,7200,1.00294204178
226738,226747,230044,9,3297,2,7200,1.00272975432
226790,226798,230470,8,3672,2,7200,1.00217864924
226839,226847,229929,8,3082,2,7200,1.00259571707
226885,226893,230348,8,3455,2,7200,1.0023154848
226886,226902,230187,16,3285,2,7200,1.00487062405
226901,226912,230147,11,3235,2,7200,1.00340030912
226916,226926,230348,10,3422,2,7200,1.00292226768
226937,226946,230212,9,3266,2,7200,1.00275566442
227025,227034,230326,9,3292,2,7200,1.00273390036
227055,227063,230522,8,3459,2,7200,1.00231280717
227071,227080,230556,9,3476,2,7200,1.00258918297
227079,227090,228549,11,1459,1,3540,1.00753941056
227140,227149,230412,9,3263,2,7200,1.00275819798
227171,228102,264147,931,36045,20,36000,1.02582882508
227175,227263,227721,88,458,4,432000,1.19213973799
227190,227198,230829,8,3631,2,7200,1.00220324979
227205,227213,230439,8,3226,2,7200,1.00247985121
227206,227221,230703,15,3482,2,7200,1.00430786904
227225,227234,230510,9,3276,2,7200,1.00274725275
227240,227248,230697,8,3449,2,7200,1.0023195129
227255,227272,230867,17,3595,2,7200,1.00472878999
227270,227282,230793,12,3511,2,7200,1.00341782968
227285,227299,230516,14,3217,2,7200,1.00435188063
227313,227321,230705,8,3384,2,7200,1.00236406619
227314,227329,230745,15,3416,2,7200,1.0043911007
227329,227338,230587,9,3249,2,7200,1.0027700831
227344,227355,230724,11,3369,2,7200,1.00326506382
227359,227368,230844,9,3476,2,7200,1.00258918297
227366,227763,335808,397,108045,4,108000,1.00367439493
227366,229073,337099,1707,108026,4,108000,1.01580175143
227366,227742,227747,376,5,4,108000,38.1
227366,228640,336646,1274,108006,4,108000,1.01179564098
227367,229078,337098,1711,108020,4,108000,1.01583965932
227367,229088,337124,1721,108036,4,108000,1.01592987523
227367,229548,229556,2181,8,4,108000,218.9
227367,229083,337129,1716,108046,4,108000,1.01588212428
227368,229578,337597,2210,108019,4,108000,1.02045936363
227368,230015,338019,2647,108004,4,108000,1.02450835154
227368,229991,230001,2623,10,4,108000,263.3
227368,229766,337811,2398,108045,4,108000,1.02219445601
227369,230738,338768,3369,108030,4,108000,1.03118578173
227369,230201,338217,2832,108016,4,108000,1.02621833802
227369,230858,338903,3489,108045,4,108000,1.03229210051
227369,230930,338944,3561,108014,4,108000,1.0329679486
227370,231568,339575,4198,108007,4,108000,1.03886785116
227370,231310,339349,3940,108039,4,108000,1.03646831237
227370,231340,339355,3970,108015,4,108000,1.03675415452
227370,231091,339099,3721,108008,4,108000,1.03445115177
227370,231037,339064,3667,108027,4,108000,1.0339452174
227371,238484,346515,11113,108031,4,108000,1.10286862104
227371,238489,346516,11118,108027,4,108000,1.10291871477
227371,234272,342306,6901,108034,4,108000,1.0638780384
227371,234277,342327,6906,108050,4,108000,1.06391485423
227372,240099,348149,12727,108050,4,108000,1.11778806108
227372,240093,348102,12721,108009,4,108000,1.11777722227
227372,240088,348115,12716,108027,4,108000,1.11771131291
227372,240104,348117,12732,108013,4,108000,1.11787470027
227373,242551,350582,15178,108031,4,108000,1.14049670928
227373,242556,350606,15183,108050,4,108000,1.14051827857
227373,242545,350564,15172,108019,4,108000,1.14045677149
227373,240364,348403,12991,108039,4,108000,1.12024361573
227374,245531,353536,18157,108005,4,108000,1.16811258738
227374,245745,353780,18371,108035,4,108000,1.17004674411
227374,264166,372206,36792,108040,4,108000,1.34054054054
227374,242561,350595,15187,108034,4,108000,1.14057611493
227375,264182,372186,36807,108004,4,108000,1.3407929336
227375,264171,372217,36796,108046,4,108000,1.34055865094
227375,264176,372211,36801,108035,4,108000,1.34063960753
227376,339363,447399,111987,108036,4,108000,2.03657114295
227376,339371,447405,111995,108034,4,108000,2.03666438343
227377,346187,454208,118810,108021,4,108000,2.09987872728
227377,346042,454061,118665,108019,4,108000,2.09855673539
227377,342320,450356,114943,108036,4,108000,2.06393239291
227377,339587,447624,112210,108037,4,108000,2.03862565603
227377,342341,450372,114964,108031,4,108000,2.06417602355
227378,346528,454564,119150,108036,4,108000,2.10287311637
227378,346535,454565,119157,108030,4,108000,2.1029991669
227378,348115,456147,120737,108032,4,108000,2.11760404325
227378,348128,456160,120750,108032,4,108000,2.11772437796
227379,348165,456194,120786,108029,4,108000,2.11808866138
227379,348135,456163,120756,108028,4,108000,2.11782130559
227379,350578,458614,123199,108036,4,108000,2.14035136436
227379,348419,456452,121040,108033,4,108000,2.12039839679
227380,353550,461581,126170,108031,4,108000,2.1679055086
227380,350595,458631,123215,108036,4,108000,2.14049946314
227380,353793,461830,126413,108037,4,108000,2.17008987662
227380,350620,458651,123240,108031,4,108000,2.14078366395
227380,350609,458645,123229,108036,4,108000,2.14062904958
227381,372220,480256,144839,108036,4,108000,2.34065496686
227381,372235,480266,144854,108031,4,108000,2.34085586545
227381,372200,480236,144819,108036,4,108000,2.34046984339
227381,372228,480255,144847,108027,4,108000,2.34084071575
227382,382192,490217,154810,108025,4,108000,2.43309419116
227382,382203,490227,154821,108024,4,108000,2.43320928683
227382,382197,490228,154815,108031,4,108000,2.43306088067
227382,382345,490359,154963,108014,4,108000,2.43465661859
227382,382350,490384,154968,108034,4,108000,2.43443730677
227383,389326,497363,161943,108037,4,108000,2.49895869008
227383,389315,497344,161932,108029,4,108000,2.49896786974
227383,389321,497341,161938,108020,4,108000,2.49914830587
227462,227469,230951,7,3482,2,7200,1.00201033889
227541,227551,230942,10,3391,2,7200,1.0029489826
227587,227596,230959,9,3363,2,7200,1.00267618198
227588,227605,230892,17,3287,2,7200,1.00517188926
227601,227655,232218,54,4563,2,86400,1.01183431953
227637,227660,227673,23,13,1,86400,2.76923076923
227637,227645,230940,8,3295,2,7200,1.00242792109
227652,227686,231177,34,3491,2,7200,1.0097393297
227676,227718,230916,42,3198,2,7200,1.01313320826
227703,227731,231048,28,3317,2,7200,1.00844136268
227718,227747,231297,29,3550,2,7200,1.00816901408
227733,227755,231321,22,3566,2,7200,1.00616937745
227748,227807,231332,59,3525,2,7200,1.01673758865
227791,227847,231022,56,3175,2,7200,1.01763779528
227826,264161,473221,36335,209060,4,432000,1.17380177939
227834,228013,231524,179,3511,2,7200,1.05098262603
227955,228023,231078,68,3055,2,7200,1.02225859247
228000,228051,231327,51,3276,2,7200,1.01556776557
228015,228069,231555,54,3486,2,7200,1.01549053356
228040,228552,231943,512,3391,2,7200,1.15098790917
228055,228894,232365,839,3471,2,7200,1.24171708441
228088,228929,232443,841,3514,2,7200,1.23932840068
228089,229098,232401,1009,3303,2,7200,1.30547986679
228147,229457,232681,1310,3224,2,7200,1.40632754342
228466,229468,232956,1002,3488,2,7200,1.2872706422
228533,229564,232905,1031,3341,2,7200,1.30859024244
228620,229569,232911,949,3342,2,7200,1.28396169958
228695,252294,289802,23599,37508,1,72000,1.62917244321
228881,229583,233046,702,3463,2,7200,1.20271440947
228918,229618,233146,700,3528,2,7200,1.19841269841
229073,229679,233407,606,3728,2,7200,1.16255364807
229378,229708,232972,330,3264,2,7200,1.10110294118
229445,229793,233031,348,3238,2,7200,1.10747374923
229461,229890,233108,429,3218,2,7200,1.13331261653
229533,229914,233365,381,3451,2,7200,1.1104027818
229548,229943,233034,395,3091,2,7200,1.12779035911
229550,230000,233521,450,3521,2,7200,1.12780460097
229565,230058,233348,493,3290,2,7200,1.14984802432
229604,230161,233514,557,3353,2,7200,1.16611989263
229662,230170,233545,508,3375,2,7200,1.15051851852
229664,230178,233299,514,3121,2,7200,1.16469080423
229694,230187,233594,493,3407,2,7200,1.14470208394
229754,230206,233681,452,3475,2,7200,1.13007194245
229769,230226,233565,457,3339,2,7200,1.13686732555
229784,230341,233684,557,3343,2,7200,1.16661681125
229878,230363,233542,485,3179,2,7200,1.15256369928
229902,230426,233563,524,3137,2,7200,1.16703857188
229929,230453,233617,524,3164,2,7200,1.16561314791
229977,230484,233889,507,3405,2,7200,1.14889867841
229992,230522,233670,530,3148,2,7200,1.16836086404
230043,230532,234126,489,3594,2,7200,1.13606010017
230134,230540,233901,406,3361,2,7200,1.12079738173
230149,230569,233738,420,3169,2,7200,1.13253392237
230164,230599,234100,435,3501,2,7200,1.12425021422
230166,230713,233884,547,3171,2,7200,1.17250078839
230181,230722,234005,541,3283,2,7200,1.16478830338
230182,230727,234042,545,3315,2,7200,1.16440422323
230197,230807,234171,610,3364,2,7200,1.18133174792
230212,230843,234080,631,3237,2,7200,1.19493358048
230327,230881,234087,554,3206,2,7200,1.17280099813
230351,230966,234276,615,3310,2,7200,1.18580060423
230353,230975,234284,622,3309,2,7200,1.18797219704
230407,231192,234910,785,3718,2,7200,1.21113501883
230440,231957,235169,1517,3212,2,7200,1.47229140722
230470,232096,235398,1626,3302,2,7200,1.49242883101
230510,232378,235794,1868,3416,2,7200,1.54683840749
230525,232414,235663,1889,3249,2,7200,1.58140966451
230526,232458,235840,1932,3382,2,7200,1.5712596097
230556,232694,235971,2138,3277,2,7200,1.65242599939
230587,232917,236564,2330,3647,2,7200,1.63888127228
230700,232927,236480,2227,3553,2,7200,1.62679425837
230715,232968,236099,2253,3131,2,7200,1.71957840945
230716,232985,236324,2269,3339,2,7200,1.67954477388
230731,233045,236491,2314,3446,2,7200,1.67150319211
230746,233053,236166,2307,3113,2,7200,1.74108576935
230794,233061,236232,2267,3171,2,7200,1.71491643015
230827,233122,236560,2295,3438,2,7200,1.66753926702
230845,233159,236545,2314,3386,2,7200,1.68340224454
230869,233313,236901,2444,3588,2,7200,1.68115942029
230890,233360,236834,2470,3474,2,7200,1.71099597006
230917,233378,236818,2461,3440,2,7200,1.71540697674
230939,233420,236728,2481,3308,2,7200,1.75
230954,233528,237075,2574,3547,2,7200,1.72568367635
230955,233537,236848,2582,3311,2,7200,1.77982482634
230970,233556,236968,2586,3412,2,7200,1.75791324736
231024,233565,236835,2541,3270,2,7200,1.77706422018
231049,233577,236790,2528,3213,2,7200,1.78680361033
231079,233586,236868,2507,3282,2,7200,1.76386349787
231181,233607,237261,2426,3654,2,7200,1.66392993979
231297,233632,236898,2335,3266,2,7200,1.71494182486
231321,233683,237012,2362,3329,2,7200,1.70952237909
231332,231348,231846,16,498,2,3600,1.03212851406
231336,233694,237389,2358,3695,2,7200,1.63815967524
231337,233703,237079,2366,3376,2,7200,1.70082938389
231525,233753,236950,2228,3197,2,7200,1.69690334689
231555,233775,237092,2220,3317,2,7200,1.6692794694
231700,231859,232083,159,224,2,3600,1.70982142857
231945,233897,237365,1952,3468,2,7200,1.56286043829
232365,233906,237430,1541,3524,2,7200,1.43728717367
232401,233916,237323,1515,3407,2,7200,1.44467273261
232446,234019,237300,1573,3281,2,7200,1.47942700396
232682,234057,237340,1375,3283,2,7200,1.41882424612
232906,234094,237546,1188,3452,2,7200,1.34414831981
232921,234102,237634,1181,3532,2,7200,1.33437146093
232954,234115,237335,1161,3220,2,7200,1.36055900621
232972,234140,237440,1168,3300,2,7200,1.35393939394
233030,234183,237427,1153,3244,2,7200,1.35542540074
233045,234289,237658,1244,3369,2,7200,1.36924903532
233046,234297,237568,1251,3271,2,7200,1.38245184959
233107,234923,238282,1816,3359,2,7200,1.54063709437
233146,235182,238912,2036,3730,2,7200,1.54584450402
233154,233167,233259,13,92,8,900,1.14130434783
233264,233271,234262,7,991,8,900,1.00706357215
233300,235411,239013,2111,3602,2,7200,1.58606329817
233349,235676,239454,2327,3778,2,7200,1.6159343568
233364,235807,239220,2443,3413,2,7200,1.71579255787
233407,235854,238868,2447,3014,2,7200,1.81187790312
233516,235987,239530,2471,3543,2,7200,1.69743155518
233531,236112,239588,2581,3476,2,7200,1.74252013809
233546,236179,239698,2633,3519,2,7200,1.74822392725
233548,236245,239591,2697,3346,2,7200,1.80603705918
233563,236337,239442,2774,3105,2,7200,1.89339774557
233564,236494,240062,2930,3568,2,7200,1.82118834081
233595,236506,240028,2911,3522,2,7200,1.82651902328
233619,236558,239878,2939,3320,2,7200,1.88524096386
233670,236573,239837,2903,3264,2,7200,1.8893995098
233685,236583,239856,2898,3273,2,7200,1.88542621448
233687,236741,240317,3054,3576,2,7200,1.85402684564
233738,236804,240058,3066,3254,2,7200,1.9422249539
233883,236833,240122,2950,3289,2,7200,1.8969291578
233898,236850,240380,2952,3530,2,7200,1.83626062323
233913,236855,240253,2942,3398,2,7200,1.86580341377
234004,236863,240210,2859,3347,2,7200,1.85419778906
234044,236884,240257,2840,3373,2,7200,1.84198043285
234080,236913,240308,2833,3395,2,7200,1.83446244477
234095,236922,240311,2827,3389,2,7200,1.8341693715
234109,236964,240271,2855,3307,2,7200,1.86332022982
234124,236982,240241,2858,3259,2,7200,1.87695612151
234173,237026,240461,2853,3435,2,7200,1.83056768559
234279,237090,240556,2811,3466,2,7200,1.81102135026
234293,237099,240374,2806,3275,2,7200,1.85679389313
234907,237107,240351,2200,3244,2,7200,1.67817509248
235170,237275,240704,2105,3429,2,7200,1.61388159813
235397,237314,240862,1917,3548,2,7200,1.54030439684
235664,237338,240680,1674,3342,2,7200,1.50089766607
235795,237349,240608,1554,3259,2,7200,1.47683338447
235840,237356,240544,1516,3188,2,7200,1.47553324969
235973,237380,240929,1407,3549,2,7200,1.39644970414
236100,237402,240732,1302,3330,2,7200,1.39099099099
236167,237440,240754,1273,3314,2,7200,1.38412794206
236234,237447,240685,1213,3238,2,7200,1.37461395923
236325,237456,241008,1131,3552,2,7200,1.31841216216
236483,237560,240745,1077,3185,2,7200,1.33814756672
236498,237581,241069,1083,3488,2,7200,1.31049311927
236546,237649,240835,1103,3186,2,7200,1.34620213434
236561,237671,241255,1110,3584,2,7200,1.30970982143
236576,238295,241704,1719,3409,2,7200,1.50425344676
236728,238883,242184,2155,3301,2,7200,1.65283247501
236789,238925,242523,2136,3598,2,7200,1.59366314619
236793,255704,260129,18911,4425,2,14400,5.27367231638
236819,239027,242352,2208,3325,2,7200,1.66406015038
236835,239234,242713,2399,3479,2,7200,1.68956596723
236836,239458,242928,2622,3470,2,7200,1.75561959654
236851,239468,242647,2617,3179,2,7200,1.82321484744
236869,239544,244188,2675,4644,2,7200,1.57601205857
236899,239601,242925,2702,3324,2,7200,1.81287605295
236914,239611,243306,2697,3695,2,7200,1.7299052774
236950,239712,243215,2762,3503,2,7200,1.78846702826
236968,239850,244536,2882,4686,2,7200,1.61502347418
237013,239869,243429,2856,3560,2,7200,1.80224719101
237078,239891,243308,2813,3417,2,7200,1.82323675739
237093,240042,243329,2949,3287,2,7200,1.89717067235
237094,240071,243498,2977,3427,2,7200,1.86868981617
237261,240080,243502,2819,3422,2,7200,1.82378725891
237300,240136,243346,2836,3210,2,7200,1.88348909657
237326,240225,244059,2899,3834,2,7200,1.75612936881
237341,240255,243569,2914,3314,2,7200,1.87929993965
237342,240266,243853,2924,3587,2,7200,1.81516587678
237364,240274,243307,2910,3033,2,7200,1.95944609298
237391,240284,243746,2893,3462,2,7200,1.83564413634
237427,240321,243520,2894,3199,2,7200,1.90465770553
237442,240330,243523,2888,3193,2,7200,1.90447854682
237444,240335,243619,2891,3284,2,7200,1.88032886724
237547,240388,243902,2841,3514,2,7200,1.80848036426
237568,240397,243771,2829,3374,2,7200,1.83847065797
237634,240474,243609,2840,3135,2,7200,1.90590111643
237655,240557,244116,2902,3559,2,7200,1.81539758359
238284,240569,244004,2285,3435,2,7200,1.66521106259
238870,240621,243901,1751,3280,2,7200,1.53384146341
238913,240696,244236,1783,3540,2,7200,1.50367231638
239012,240704,244011,1692,3307,2,7200,1.51164197158
239221,240717,244267,1496,3550,2,7200,1.4214084507
239445,240759,244145,1314,3386,2,7200,1.38806851742
239460,240767,244166,1307,3399,2,7200,1.38452486025
239532,240849,244200,1317,3351,2,7200,1.39301700985
239590,240877,244296,1287,3419,2,7200,1.37642585551
239605,240942,244392,1337,3450,2,7200,1.38753623188
239698,241022,244338,1324,3316,2,7200,1.39927623643
239838,241082,244220,1244,3138,2,7200,1.39643084767
239856,241122,244529,1266,3407,2,7200,1.37158790725
239880,241268,244814,1388,3546,2,7200,1.39142695995
240029,241717,245028,1688,3311,2,7200,1.50981576563
240059,242198,245631,2139,3433,2,7200,1.62307020099
240074,242365,245722,2291,3357,2,7200,1.68245457254
240125,242536,246103,2411,3567,2,7200,1.67591813849
240213,242566,245727,2353,3161,2,7200,1.74438468839
240243,242661,246154,2418,3493,2,7200,1.69224162611
240258,242727,245724,2469,2997,2,7200,1.82382382382
240260,242938,246267,2678,3329,2,7200,1.80444577951
240275,242946,246131,2671,3185,2,7200,1.83861852433
240308,243230,246651,2922,3421,2,7200,1.85413621748
240324,243320,246744,2996,3424,2,7200,1.875
240325,243329,246744,3004,3415,2,7200,1.87964860908
240352,243334,246382,2982,3048,2,7200,1.97834645669
240376,243342,246707,2966,3365,2,7200,1.88142644874
240391,243359,246841,2968,3482,2,7200,1.85238368754
240461,243442,246652,2981,3210,2,7200,1.92866043614
240546,243512,246763,2966,3251,2,7200,1.91233466626
240561,243520,246915,2959,3395,2,7200,1.87157584683
240609,243533,246919,2924,3386,2,7200,1.86355581807
240682,243542,246806,2860,3264,2,7200,1.8762254902
240697,243583,246874,2886,3291,2,7200,1.87693710119
240713,243624,246889,2911,3265,2,7200,1.89157733538
240734,243632,247200,2898,3568,2,7200,1.81221973094
240749,243760,246820,3011,3060,2,7200,1.9839869281
240764,243784,247132,3020,3348,2,7200,1.90203106332
240837,243866,247080,3029,3214,2,7200,1.94243932794
240864,243914,247278,3050,3364,2,7200,1.9066587396
240931,243922,247366,2991,3444,2,7200,1.86846689895
241009,244018,247258,3009,3240,2,7200,1.9287037037
241070,244027,247383,2957,3356,2,7200,1.88110846246
241114,849554,1454372,608440,604818,1,604800,2.00598857838
241255,244073,247589,2818,3516,2,7200,1.80147895336
241704,244129,247335,2425,3206,2,7200,1.75639426076
241777,890179,1494999,648402,604820,1,604800,2.07205780232
241877,894345,1499147,652468,604802,1,604800,2.07881257006
242006,894350,1499153,652344,604803,1,604800,2.07860576088
242110,894381,1499183,652271,604802,1,604800,2.07848684363
242185,244158,247621,1973,3463,2,7200,1.56973722206
242355,244181,247613,1826,3432,2,7200,1.53205128205
242521,244202,247330,1681,3128,2,7200,1.53740409207
242649,244214,247540,1565,3326,2,7200,1.47053517739
242715,244234,247430,1519,3196,2,7200,1.475281602
242925,244249,247917,1324,3668,2,7200,1.36095965104
242940,244280,247418,1340,3138,2,7200,1.4270235819
243218,244310,247433,1092,3123,2,7200,1.34966378482
243306,244352,247588,1046,3236,2,7200,1.32323856613
243308,244405,247811,1097,3406,2,7200,1.32207868467
243322,244542,248042,1220,3500,2,7200,1.34857142857
243338,244551,247830,1213,3279,2,7200,1.36992985666
243353,244828,248081,1475,3253,2,7200,1.45342760529
243431,245042,248291,1611,3249,2,7200,1.49584487535
243499,245536,249048,2037,3512,2,7200,1.58001138952
243514,245644,249205,2130,3561,2,7200,1.59814658804
243529,245736,249898,2207,4162,2,7200,1.53027390678
243530,246116,249462,2586,3346,2,7200,1.77286312014
243570,246144,249632,2574,3488,2,7200,1.7379587156
243612,246169,249863,2557,3694,2,7200,1.69220357336
243627,246281,249514,2654,3233,2,7200,1.8209093721
243748,246396,249535,2648,3139,2,7200,1.8435807582
243772,246665,250064,2893,3399,2,7200,1.85113268608
243854,246673,249914,2819,3241,2,7200,1.86979327368
243903,246720,249803,2817,3083,2,7200,1.91372040221
243904,246757,250062,2853,3305,2,7200,1.86323751891
244004,246762,250034,2758,3272,2,7200,1.84290953545
244019,246776,249974,2757,3198,2,7200,1.86210131332
244058,246820,250155,2762,3335,2,7200,1.82818590705
244118,246834,250272,2716,3438,2,7200,1.78999418266
244146,246854,250159,2708,3305,2,7200,1.81936459909
244167,246887,250493,2720,3606,2,7200,1.75429839157
244188,246904,250509,2716,3605,2,7200,1.75339805825
244203,246928,250464,2725,3536,2,7200,1.77064479638
244221,246935,250283,2714,3348,2,7200,1.81063321386
244236,247093,250388,2857,3295,2,7200,1.86707132018
244269,247146,250613,2877,3467,2,7200,1.82982405538
244296,247214,250575,2918,3361,2,7200,1.86819398988
244339,247272,250595,2933,3323,2,7200,1.88263617213
244393,247292,250909,2899,3617,2,7200,1.80149294996
244530,247344,250612,2814,3268,2,7200,1.86107711138
244544,247353,250845,2809,3492,2,7200,1.80441008018
244814,247379,250820,2565,3441,2,7200,1.7454228422
245029,247396,251029,2367,3633,2,7200,1.65152766309
245632,247432,250864,1800,3432,2,7200,1.52447552448
245723,247443,251068,1720,3625,2,7200,1.47448275862
245725,247452,250725,1727,3273,2,7200,1.52765047357
245726,247553,250858,1827,3305,2,7200,1.55279878971
246104,247601,251096,1497,3495,2,7200,1.42832618026
246131,247610,251026,1479,3416,2,7200,1.43296252927
246155,247627,250890,1472,3263,2,7200,1.45111860251
246270,247635,250796,1365,3161,2,7200,1.43182537172
246382,247825,251149,1443,3324,2,7200,1.43411552347
246651,247844,251172,1193,3328,2,7200,1.35847355769
246666,247931,251185,1265,3254,2,7200,1.38875230486
246708,248056,251455,1348,3399,2,7200,1.39658723154
246744,248094,251512,1350,3418,2,7200,1.39496781744
246746,248305,251579,1559,3274,2,7200,1.47617593158
246764,249061,252387,2297,3326,2,7200,1.6906193626
246806,249218,252635,2412,3417,2,7200,1.70588235294
246821,249476,253005,2655,3529,2,7200,1.75233777274
246842,249527,252790,2685,3263,2,7200,1.82286239657
246875,249548,253222,2673,3674,2,7200,1.72754491018
246890,249646,252934,2756,3288,2,7200,1.83819951338
246917,249816,252936,2899,3120,2,7200,1.92916666667
246932,249876,253567,2944,3691,2,7200,1.79761582227
247081,249912,253048,2831,3136,2,7200,1.90274234694
247132,249929,253139,2797,3210,2,7200,1.87133956386
247202,249987,253260,2785,3273,2,7200,1.85090131378
247259,250048,253672,2789,3624,2,7200,1.76959161148
247280,250075,253339,2795,3264,2,7200,1.85631127451
247332,250083,253377,2751,3294,2,7200,1.83515482696
247347,250169,253169,2822,3000,2,7200,1.94066666667
247365,250178,253739,2813,3561,2,7200,1.7899466442
247384,250285,253593,2901,3308,2,7200,1.87696493349
247420,250297,253943,2877,3646,2,7200,1.78908392759
247435,250401,254082,2966,3681,2,7200,1.80575930454
247436,250477,253903,3041,3426,2,7200,1.88762405137
247539,250507,253614,2968,3107,2,7200,1.95526231091
247588,250523,253845,2935,3322,2,7200,1.88350391331
247589,250589,253938,3000,3349,2,7200,1.895789788
247614,250608,254131,2994,3523,2,7200,1.84984388305
247629,250624,253708,2995,3084,2,7200,1.97114137484
247813,250633,253732,2820,3099,2,7200,1.90997095837
247831,250738,254250,2907,3512,2,7200,1.82773348519
247905,331227,331264,83322,37,2,3600,2252.94594595
247919,250809,254066,2890,3257,2,7200,1.88731961928
248043,250833,254134,2790,3301,2,7200,1.84519842472
248081,250858,254054,2777,3196,2,7200,1.86889862328
248293,250871,254204,2578,3333,2,7200,1.77347734773
249048,250880,254309,1832,3429,2,7200,1.53426655001
249206,250904,254321,1698,3417,2,7200,1.49692712906
249463,250923,254290,1460,3367,2,7200,1.43362043362
249514,251042,254325,1528,3283,2,7200,1.46542796223
249535,251051,254322,1516,3271,2,7200,1.46346682972
249635,251082,254414,1447,3332,2,7200,1.43427370948
249804,251110,254704,1306,3594,2,7200,1.36338341681
249865,251162,254577,1297,3415,2,7200,1.37979502196
249901,251186,254672,1285,3486,2,7200,1.36861732645
249916,251198,254446,1282,3248,2,7200,1.3947044335
249976,251468,255019,1492,3551,2,7200,1.42016333427
250034,251526,255013,1492,3487,2,7200,1.42787496415
250064,251594,254991,1530,3397,2,7200,1.45039740948
250066,252401,255691,2335,3290,2,7200,1.70972644377
250157,252648,256102,2491,3454,2,7200,1.72119281992
250172,252804,256373,2632,3569,2,7200,1.7374614738
250272,252947,256308,2675,3361,2,7200,1.79589407914
250287,252955,256300,2668,3345,2,7200,1.7976083707
250391,253017,256679,2626,3662,2,7200,1.71709448389
250466,253061,256459,2595,3398,2,7200,1.76368452031
250493,253152,256600,2659,3448,2,7200,1.77117169374
250512,253182,256323,2670,3141,2,7200,1.85004775549
250578,253235,256589,2657,3354,2,7200,1.79218843172
250596,253272,256939,2676,3667,2,7200,1.72975184074
250614,253352,256451,2738,3099,2,7200,1.88351080994
250615,253391,256913,2776,3522,2,7200,1.78818852924
250727,253580,256880,2853,3300,2,7200,1.86454545455
250797,253606,256915,2809,3309,2,7200,1.84889694772
250821,253629,257112,2808,3483,2,7200,1.80620155039
250845,253685,256832,2840,3147,2,7200,1.90244677471
250860,253721,256998,2861,3277,2,7200,1.87305462313
250875,253745,257065,2870,3320,2,7200,1.86445783133
250890,253753,257075,2863,3322,2,7200,1.86183022276
250911,253858,257345,2947,3487,2,7200,1.84513908804
251029,253916,257168,2887,3252,2,7200,1.88776137761
251031,253952,257524,2921,3572,2,7200,1.81774916013
251070,253960,257419,2890,3459,2,7200,1.83550159005
251097,254067,257385,2970,3318,2,7200,1.89511754069
251149,254081,257509,2932,3428,2,7200,1.8553092182
251173,254095,257333,2922,3238,2,7200,1.90240889438
251188,254146,257709,2958,3563,2,7200,1.83019927028
251455,254153,257432,2698,3279,2,7200,1.82281183288
251512,254218,257592,2706,3374,2,7200,1.80201541197
251579,254263,257431,2684,3168,2,7200,1.84722222222
252388,254303,257744,1915,3441,2,7200,1.5565242662
252637,254322,257868,1685,3546,2,7200,1.47518330513
252791,254334,257709,1543,3375,2,7200,1.45718518519
252937,254343,257733,1406,3390,2,7200,1.41474926254
252938,254348,257462,1410,3114,2,7200,1.4527938343
253005,254427,257505,1422,3078,2,7200,1.46198830409
253048,254459,257860,1411,3401,2,7200,1.41487797707
253139,254590,257810,1451,3220,2,7200,1.45062111801
253169,254685,258108,1516,3423,2,7200,1.442886357
253224,254718,258243,1494,3525,2,7200,1.42382978723
253263,255005,258547,1742,3542,2,7200,1.49181253529
253339,255027,258586,1688,3559,2,7200,1.47429053105
253378,255035,258290,1657,3255,2,7200,1.50906298003
253569,256114,259610,2545,3496,2,7200,1.72797482838
253594,256313,259634,2719,3321,2,7200,1.8187292984
253615,256322,259595,2707,3273,2,7200,1.82706996639
253672,256336,259905,2664,3569,2,7200,1.74642757075
253709,256388,259879,2679,3491,2,7200,1.76740189058
253733,256465,259761,2732,3296,2,7200,1.82888349515
253748,256473,259678,2725,3205,2,7200,1.85023400936
253848,256602,259875,2754,3273,2,7200,1.84142988084
253905,256613,260158,2708,3545,2,7200,1.76389280677
253939,256694,259851,2755,3157,2,7200,1.87266392144
253954,256846,260315,2892,3469,2,7200,1.83366964543
254053,256893,260190,2840,3297,2,7200,1.86138914164
254068,256927,260493,2859,3566,2,7200,1.80173864274
254083,256936,260475,2853,3539,2,7200,1.80615993218
254132,256953,260448,2821,3495,2,7200,1.80715307582
254147,257011,260251,2864,3240,2,7200,1.88395061728
254204,257078,260526,2874,3448,2,7200,1.83352668213
254253,257089,260228,2836,3139,2,7200,1.90347244345
254292,257125,261096,2833,3971,2,7200,1.71342231176
254310,257182,260517,2872,3335,2,7200,1.86116941529
254326,257346,261074,3020,3728,2,7200,1.81008583691
254327,257359,260655,3032,3296,2,7200,1.91990291262
254328,257399,260680,3071,3281,2,7200,1.93599512344
254413,257433,260562,3020,3129,2,7200,1.96516458933
254446,257444,261009,2998,3565,2,7200,1.84095371669
254579,257452,260792,2873,3340,2,7200,1.86017964072
254673,257476,260691,2803,3215,2,7200,1.87185069984
254703,257519,260675,2816,3156,2,7200,1.89226869455
254994,257528,260845,2534,3317,2,7200,1.76394332228
255015,257538,260971,2523,3433,2,7200,1.73492572094
255030,257605,260944,2575,3339,2,7200,1.77118897874
255693,257724,260944,2031,3220,2,7200,1.63074534161
256103,257729,261077,1626,3348,2,7200,1.48566308244
256303,257746,261297,1443,3551,2,7200,1.40636440439
256318,257758,261137,1440,3379,2,7200,1.42616158627
256333,257823,261021,1490,3198,2,7200,1.46591619762
256375,257874,261280,1499,3406,2,7200,1.44010569583
256454,257882,261151,1428,3269,2,7200,1.43683083512
256469,258121,261532,1652,3411,2,7200,1.48431545001
256590,258256,261850,1666,3594,2,7200,1.46355036171
256605,258304,261586,1699,3282,2,7200,1.51767215113
256680,258560,261800,1880,3240,2,7200,1.58024691358
256832,258602,262211,1770,3609,2,7200,1.49044056525
256883,259607,263349,2724,3742,2,7200,1.72795296633
256916,259624,263275,2708,3651,2,7200,1.74171459874
256918,259647,263191,2729,3544,2,7200,1.77003386005
256939,259692,263041,2753,3349,2,7200,1.82203642878
256999,259775,263006,2776,3231,2,7200,1.85917672547
257066,259865,263849,2799,3984,2,7200,1.70256024096
257081,259889,263388,2808,3499,2,7200,1.80251500429
257114,259898,263229,2784,3331,2,7200,1.83578504953
257169,259919,263347,2750,3428,2,7200,1.80221703617
257335,260141,263461,2806,3320,2,7200,1.84518072289
257350,260170,263465,2820,3295,2,7200,1.85584218513
257387,260202,263673,2815,3471,2,7200,1.81100547393
257420,260242,263719,2822,3477,2,7200,1.81161921196
257436,260264,263657,2828,3393,2,7200,1.83348069555
257437,260329,263616,2892,3287,2,7200,1.87982963188
257464,260464,266674,3000,6210,2,7200,1.48309178744
257507,260489,264504,2982,4015,2,7200,1.74271481943
257522,260505,263920,2983,3415,2,7200,1.87349926794
257537,260531,263735,2994,3204,2,7200,1.93445692884
257594,260540,263945,2946,3405,2,7200,1.86519823789
257710,260574,263874,2864,3300,2,7200,1.86787878788
257711,260670,264063,2959,3393,2,7200,1.87208959623
257735,260688,264177,2953,3489,2,7200,1.84637431929
257750,260698,264361,2948,3663,2,7200,1.8048048048
257811,260707,264125,2896,3418,2,7200,1.84727911059
257863,260805,264081,2942,3276,2,7200,1.89804639805
257878,260860,264321,2982,3461,2,7200,1.86160069344
258108,260958,264212,2850,3254,2,7200,1.87584511371
258244,260963,264404,2719,3441,2,7200,1.79017727405
258292,260984,264339,2692,3355,2,7200,1.80238450075
258549,261023,264427,2474,3404,2,7200,1.7267920094
258588,261037,264151,2449,3114,2,7200,1.78644829801
259596,261086,264505,1490,3419,2,7200,1.4357999415
259611,261096,264368,1485,3272,2,7200,1.45385085575
259635,261110,264415,1475,3305,2,7200,1.4462934947
259677,261151,264508,1474,3357,2,7200,1.43908251415
259762,261165,264912,1403,3747,2,7200,1.37443287964
259853,261294,264577,1441,3283,2,7200,1.43892780993
259877,261312,264776,1435,3464,2,7200,1.41426096998
259892,261546,264722,1654,3176,2,7200,1.52078085642
259907,261600,264940,1693,3340,2,7200,1.50688622754
260160,261814,265311,1654,3497,2,7200,1.47297683729
260190,261864,265036,1674,3172,2,7200,1.52774274905
260230,262225,265432,1995,3207,2,7200,1.6220767072
260251,263020,266293,2769,3273,2,7200,1.84601283226
260314,263055,266335,2741,3280,2,7200,1.83567073171
260451,263205,266745,2754,3540,2,7200,1.77796610169
260478,263241,266504,2763,3263,2,7200,1.84676677904
260496,263290,266798,2794,3508,2,7200,1.79646522235
260520,263362,266734,2842,3372,2,7200,1.8428232503
260535,263371,266693,2836,3322,2,7200,1.8537025888
260563,263403,266729,2840,3326,2,7200,1.85387853277
260656,263475,266851,2819,3376,2,7200,1.83501184834
260675,263484,266941,2809,3457,2,7200,1.81255423778
260690,263633,267213,2943,3580,2,7200,1.82206703911
260705,263671,267080,2966,3409,2,7200,1.870049868
260792,263686,267177,2894,3491,2,7200,1.82898882842
260847,263731,267173,2884,3442,2,7200,1.83788495061
260944,263748,266966,2804,3218,2,7200,1.87134866377
260945,263864,267335,2919,3471,2,7200,1.84096802074
260972,263888,267306,2916,3418,2,7200,1.85313048566
261009,263935,267285,2926,3350,2,7200,1.87343283582
261024,263958,267338,2934,3380,2,7200,1.86804733728
261075,264078,267179,3003,3101,2,7200,1.9683972912
261090,264095,267554,3005,3459,2,7200,1.86874819312
261105,264139,267618,3034,3479,2,7200,1.87208968094
261138,264190,267637,3052,3447,2,7200,1.88540760081
261153,264196,267530,3043,3334,2,7200,1.91271745651
261280,264225,267605,2945,3380,2,7200,1.87130177515
261298,264335,267687,3037,3352,2,7200,1.90602625298
261534,264353,267527,2819,3174,2,7200,1.88815374921
261585,264375,267702,2790,3327,2,7200,1.83859332732
261800,264383,267654,2583,3271,2,7200,1.78966676857
261852,264419,267808,2567,3389,2,7200,1.75745057539
262212,264429,267943,2217,3514,2,7200,1.63090495162
263007,264446,267917,1439,3471,2,7200,1.41457793143
263043,264518,267817,1475,3299,2,7200,1.44710518339
263191,264527,267841,1336,3314,2,7200,1.40313820157
263231,264532,267939,1301,3407,2,7200,1.38186087467
263276,264591,267766,1315,3175,2,7200,1.41417322835
263348,264734,267959,1386,3225,2,7200,1.42976744186
263350,264789,268122,1439,3333,2,7200,1.43174317432
263389,264926,268550,1537,3624,2,7200,1.42411699779
263462,264953,268374,1491,3421,2,7200,1.43583747442
263477,265049,268312,1572,3263,2,7200,1.48176524671
263619,265323,268849,1704,3526,2,7200,1.48326715825
263659,265445,268789,1786,3344,2,7200,1.53409090909
263674,266306,269524,2632,3218,2,7200,1.81789931635
263719,266516,269855,2797,3339,2,7200,1.83767595088
263734,266687,269843,2953,3156,2,7200,1.93567807351
263850,266707,270208,2857,3501,2,7200,1.81605255641
263874,266743,270305,2869,3562,2,7200,1.80544637844
263922,266751,269915,2829,3164,2,7200,1.89412136536
263946,266759,270164,2813,3405,2,7200,1.82613803231
264065,266811,270152,2746,3341,2,7200,1.8219096079
264083,266864,270138,2781,3274,2,7200,1.84941967013
264125,266955,270251,2830,3296,2,7200,1.85861650485
264152,266980,270079,2828,3099,2,7200,1.91255243627
264177,267093,270481,2916,3388,2,7200,1.86068476978
264213,267186,270371,2973,3185,2,7200,1.93343799058
264322,267194,270184,2872,2990,2,7200,1.96053511706
264340,267199,270484,2859,3285,2,7200,1.8703196347
264361,267227,270596,2866,3369,2,7200,1.85069753636
264376,267298,270665,2922,3367,2,7200,1.86783486783
264407,267320,270746,2913,3426,2,7200,1.85026269702
264422,267349,270642,2927,3293,2,7200,1.88885514728
264437,267357,270723,2920,3366,2,7200,1.86749851456
264503,267541,271068,3038,3527,2,7200,1.86135525943
264505,267549,271210,3044,3661,2,7200,1.83146681235
264520,267567,270872,3047,3305,2,7200,1.92193645991
264577,267620,271021,3043,3401,2,7200,1.89473684211
264723,267631,270871,2908,3240,2,7200,1.8975308642
264777,267652,271068,2875,3416,2,7200,1.84162763466
264914,267668,271062,2754,3394,2,7200,1.81143193872
264941,267701,271089,2760,3388,2,7200,1.81463990555
265037,267715,270832,2678,3117,2,7200,1.85915944819
265313,267779,271236,2466,3457,2,7200,1.71333526179
265321,266348,411828,1027,145480,2,172800,1.00705938961
265431,267821,270944,2390,3123,2,7200,1.76528978546
266294,267833,271186,1539,3353,2,7200,1.45899194751
266336,267855,271180,1519,3325,2,7200,1.45684210526
266503,267930,271192,1427,3262,2,7200,1.43746167995
266675,267952,271278,1277,3326,2,7200,1.38394467829
266693,267961,271473,1268,3512,2,7200,1.36104783599
266730,267972,271270,1242,3298,2,7200,1.37659187386
266745,268136,271511,1391,3375,2,7200,1.41214814815
266760,268326,271456,1566,3130,2,7200,1.50031948882
266799,268388,271821,1589,3433,2,7200,1.46286047189
266851,268564,271750,1713,3186,2,7200,1.53766478343
266945,268802,272230,1857,3428,2,7200,1.54171528588
266969,268862,272216,1893,3354,2,7200,1.56440071556
267081,269537,273077,2456,3540,2,7200,1.69378531073
267175,269856,273269,2681,3413,2,7200,1.78552593027
267190,269869,273094,2679,3225,2,7200,1.83069767442
267191,269930,273417,2739,3487,2,7200,1.78548895899
267216,270091,273305,2875,3214,2,7200,1.89452395769
267285,270151,273263,2866,3112,2,7200,1.92095115681
267309,270165,273523,2856,3358,2,7200,1.85050625372
267337,270178,273500,2841,3322,2,7200,1.8552077062
267352,270196,273739,2844,3543,2,7200,1.80270956816
267527,270222,273567,2695,3345,2,7200,1.80568011958
267542,270264,273494,2722,3230,2,7200,1.8427244582
267557,270317,273801,2760,3484,2,7200,1.79219288175
267608,270385,273742,2777,3357,2,7200,1.8272266905
267623,270494,274022,2871,3528,2,7200,1.8137755102
267638,270502,273946,2864,3444,2,7200,1.83159117305
267654,270609,273877,2955,3268,2,7200,1.90422276622
267690,270656,274015,2966,3359,2,7200,1.88300089312
267705,270678,274001,2973,3323,2,7200,1.89467348781
267766,270736,274256,2970,3520,2,7200,1.84375
267808,270759,274053,2951,3294,2,7200,1.89587128112
267823,270846,274039,3023,3193,2,7200,1.94675853429
267841,270884,274023,3043,3139,2,7200,1.96941701179
267917,270891,274504,2974,3613,2,7200,1.82313866593
267941,270957,274298,3016,3341,2,7200,1.90272373541
267956,271034,274276,3078,3242,2,7200,1.94941394201
267971,271077,274901,3106,3824,2,7200,1.81223849372
268125,271084,274534,2959,3450,2,7200,1.85768115942
268313,271089,274501,2776,3412,2,7200,1.81359906213
268377,271102,274191,2725,3089,2,7200,1.88216251214
268552,271194,274332,2642,3138,2,7200,1.84193753983
268791,271201,274603,2410,3402,2,7200,1.70840681952
268849,271210,274456,2361,3246,2,7200,1.72735674677
269523,271223,274706,1700,3483,2,7200,1.48808498421
269844,271250,274515,1406,3265,2,7200,1.43062787136
269859,271283,274785,1424,3502,2,7200,1.40662478584
269916,271292,274530,1376,3238,2,7200,1.42495367511
270080,271468,274769,1388,3301,2,7200,1.42047864284
270138,271487,274975,1349,3488,2,7200,1.38675458716
270153,271525,274881,1372,3356,2,7200,1.40882002384
270168,271763,274984,1595,3221,2,7200,1.49518782987
270186,271835,275114,1649,3279,2,7200,1.50289722476
270210,272229,275405,2019,3176,2,7200,1.63570528967
270253,272245,275545,1992,3300,2,7200,1.60363636364
270304,273090,276264,2786,3174,2,7200,1.87775677379
270371,273107,276404,2736,3297,2,7200,1.82984531392
270483,273276,276466,2793,3190,2,7200,1.87554858934
270484,273285,276491,2801,3206,2,7200,1.87367436057
270597,273318,276575,2721,3257,2,7200,1.83543137857
270643,273431,276637,2788,3206,2,7200,1.86961946351
270667,273507,276902,2840,3395,2,7200,1.83652430044
270724,273516,277396,2792,3880,2,7200,1.71958762887
270749,273536,276723,2787,3187,2,7200,1.8744901161
270833,273580,277031,2747,3451,2,7200,1.79600115908
270866,273752,276748,2886,2996,2,7200,1.96328437917
270881,273761,277102,2880,3341,2,7200,1.86201736007
270945,273814,277184,2869,3370,2,7200,1.85133531157
271021,273891,277227,2870,3336,2,7200,1.8603117506
271063,273959,277177,2896,3218,2,7200,1.8999378496
271078,274015,277115,2937,3100,2,7200,1.94741935484
271079,274029,277262,2950,3233,2,7200,1.9124652026
271095,274038,277334,2943,3296,2,7200,1.89290048544
271179,274043,277669,2864,3626,2,7200,1.78985107557
271195,274053,277249,2858,3196,2,7200,1.8942428035
271196,274066,277390,2870,3324,2,7200,1.86341756919
271211,274204,277491,2993,3287,2,7200,1.91055673867
271238,274269,277537,3031,3268,2,7200,1.92747858017
271272,274288,277621,3016,3333,2,7200,1.90489048905
271287,274311,277852,3024,3541,2,7200,1.85399604631
271457,274346,277699,2889,3353,2,7200,1.86161646287
271475,274470,277898,2995,3428,2,7200,1.87368728121
271511,274514,278056,3003,3542,2,7200,1.84782608696
271751,274522,277913,2771,3391,2,7200,1.81716307874
271820,274530,277999,2710,3469,2,7200,1.7812049582
272218,274542,277932,2324,3390,2,7200,1.68554572271
272233,274550,277912,2317,3362,2,7200,1.68917311124
273078,274616,277851,1538,3235,2,7200,1.47542503864
273096,274719,278075,1623,3356,2,7200,1.48361144219
273174,343119,382180,69945,39061,12,172800,2.79066076137
273263,274784,277957,1521,3173,2,7200,1.47935707532
273278,274799,278318,1521,3519,2,7200,1.43222506394
273305,274894,278450,1589,3556,2,7200,1.4468503937
273420,274915,278253,1495,3338,2,7200,1.44787297783
273496,274989,278333,1493,3344,2,7200,1.44647129187
273511,274997,278185,1486,3188,2,7200,1.4661229611
273526,275129,278542,1603,3413,2,7200,1.46967477293
273568,275418,278659,1850,3241,2,7200,1.57081147794
273741,275559,279087,1818,3528,2,7200,1.51530612245
273756,276277,279546,2521,3269,2,7200,1.77118384827
273801,276288,279634,2487,3346,2,7200,1.7432755529
273880,276417,279845,2537,3428,2,7200,1.74008168028
273946,276479,279974,2533,3495,2,7200,1.72474964235
274004,276504,280019,2500,3515,2,7200,1.71123755334
274019,276588,279999,2569,3411,2,7200,1.75315156845
274034,276650,279920,2616,3270,2,7200,1.8
274036,276736,280000,2700,3264,2,7200,1.82720588235
274050,276761,280058,2711,3297,2,7200,1.82226266303
274065,276915,280311,2850,3396,2,7200,1.83922261484
274190,277044,280425,2854,3381,2,7200,1.84412895593
274257,277115,280253,2858,3138,2,7200,1.91077119184
274278,277130,280511,2852,3381,2,7200,1.84353741497
274299,277190,280797,2891,3607,2,7200,1.80149708899
274333,277199,280666,2866,3467,2,7200,1.82665128353
274457,277239,280709,2782,3470,2,7200,1.80172910663
274503,277262,280450,2759,3188,2,7200,1.86543287327
274518,277276,280497,2758,3221,2,7200,1.85625582117
274519,277347,280687,2828,3340,2,7200,1.84670658683
274535,277403,280761,2868,3358,2,7200,1.85407980941
274536,277411,280867,2875,3456,2,7200,1.83188657407
274603,277506,281188,2903,3682,2,7200,1.78843020098
274706,277550,280829,2844,3279,2,7200,1.86733760293
274770,277634,280949,2864,3315,2,7200,1.86395173454
274788,277683,280992,2895,3309,2,7200,1.87488667271
274882,277712,281153,2830,3441,2,7200,1.82243533856
274903,277864,281332,2961,3468,2,7200,1.85380622837
274976,277873,281192,2897,3319,2,7200,1.87285326906
274991,277911,281331,2920,3420,2,7200,1.85380116959
275116,277926,281241,2810,3315,2,7200,1.84766214178
275407,277931,281142,2524,3211,2,7200,1.78604796014
275547,277945,281334,2398,3389,2,7200,1.70758335792
276266,277971,281261,1705,3290,2,7200,1.51823708207
276405,278013,281375,1608,3362,2,7200,1.47828673409
276466,278069,281515,1603,3446,2,7200,1.46517701683
276492,278088,281678,1596,3590,2,7200,1.44456824513
276577,278198,281414,1621,3216,2,7200,1.50404228856
276637,278266,281640,1629,3374,2,7200,1.4828097214
276725,278331,281871,1606,3540,2,7200,1.45367231638
276749,278346,281467,1597,3121,2,7200,1.51169496956
276904,278463,281745,1559,3282,2,7200,1.47501523461
277034,278555,281717,1521,3162,2,7200,1.48102466793
277104,278672,281932,1568,3260,2,7200,1.48098159509
277119,279100,282238,1981,3138,2,7200,1.63129381772
277180,279559,282989,2379,3430,2,7200,1.69358600583
277195,279568,282821,2373,3253,2,7200,1.72948047956
277228,279647,282995,2419,3348,2,7200,1.722520908
277250,279858,283433,2608,3575,2,7200,1.72951048951
277265,279934,283331,2669,3397,2,7200,1.78569325876
277334,279954,283319,2620,3365,2,7200,1.77860326895
277389,280012,283338,2623,3326,2,7200,1.78863499699
277404,280020,283610,2616,3590,2,7200,1.7286908078
277492,280032,283578,2540,3546,2,7200,1.7163000564
277538,280071,283522,2533,3451,2,7200,1.73399014778
277623,280267,283602,2644,3335,2,7200,1.7928035982
277671,280325,283775,2654,3450,2,7200,1.76927536232
277698,280347,283839,2649,3492,2,7200,1.75859106529
277853,280438,283776,2585,3338,2,7200,1.77441581786
277854,280463,283968,2609,3505,2,7200,1.74436519258
277900,280510,283830,2610,3320,2,7200,1.78614457831
277916,280524,283831,2608,3307,2,7200,1.78863017841
277917,280679,284083,2762,3404,2,7200,1.81139835488
277932,280701,283948,2769,3247,2,7200,1.85278718817
277959,280721,284123,2762,3402,2,7200,1.81187536743
278002,280774,284142,2772,3368,2,7200,1.82304038005
278056,280810,284251,2754,3441,2,7200,1.80034873583
278074,280842,283891,2768,3049,2,7200,1.90783863562
278187,280880,284381,2693,3501,2,7200,1.76920879749
278254,280964,284064,2710,3100,2,7200,1.87419354839
278321,281006,284350,2685,3344,2,7200,1.80293062201
278336,281155,284417,2819,3262,2,7200,1.86419374617
278451,281166,284289,2715,3123,2,7200,1.86935638809
278542,281201,284386,2659,3185,2,7200,1.83485086342
278660,281210,284642,2550,3432,2,7200,1.74300699301
279074,279596,279941,522,345,2,960,2.51304347826
279088,281254,284486,2166,3232,2,7200,1.67017326733
279548,281274,284709,1726,3435,2,7200,1.50247452693
279633,281344,284659,1711,3315,2,7200,1.5161387632
279845,281352,284606,1507,3254,2,7200,1.463122311
279923,281358,284932,1435,3574,2,7200,1.40151091214
279950,279987,280333,37,346,2,960,1.10693641618
279975,281388,284859,1413,3471,2,7200,1.40708729473
279999,281428,284738,1429,3310,2,7200,1.43172205438
280001,281480,284913,1479,3433,2,7200,1.43081852607
280019,281527,284933,1508,3406,2,7200,1.4427480916
280058,281653,285258,1595,3605,2,7200,1.44244105409
280255,281691,285057,1436,3366,2,7200,1.4266191325
280313,281730,284987,1417,3257,2,7200,1.43506294136
280425,281757,285017,1332,3260,2,7200,1.40858895706
280450,281884,285258,1434,3374,2,7200,1.42501481921
280498,281946,285335,1448,3389,2,7200,1.42726467985
280513,282251,285561,1738,3310,2,7200,1.5250755287
280665,282834,286080,2169,3246,2,7200,1.66820702403
280689,283004,286410,2315,3406,2,7200,1.67968291251
280710,283012,286075,2302,3063,2,7200,1.75155076722
280762,283346,286919,2584,3573,2,7200,1.72320179121
280799,283354,286622,2555,3268,2,7200,1.78182374541
280830,283446,286804,2616,3358,2,7200,1.77903513996
280867,283536,286919,2669,3383,2,7200,1.78894472362
280906,283332,284369,2426,1037,2,2460,3.33944069431
280949,283591,286969,2642,3378,2,7200,1.78211959739
280995,283616,286856,2621,3240,2,7200,1.80895061728
281143,283624,286852,2481,3228,2,7200,1.76858736059
281158,283788,287420,2630,3632,2,7200,1.72411894273
281188,283795,287063,2607,3268,2,7200,1.79773561812
281203,283843,287034,2640,3191,2,7200,1.82732685678
281239,283851,287298,2612,3447,2,7200,1.75776037134
281261,283859,287153,2598,3294,2,7200,1.78870673953
281331,283903,287121,2572,3218,2,7200,1.79925419515
281332,283961,287400,2629,3439,2,7200,1.76446641466
281348,283981,287055,2633,3074,2,7200,1.85653871178
281375,284077,287381,2702,3304,2,7200,1.81779661017
281415,284096,287653,2681,3557,2,7200,1.7537250492
281466,284136,287585,2670,3449,2,7200,1.77413743114
281515,284155,287622,2640,3467,2,7200,1.76146524373
281640,284264,287763,2624,3499,2,7200,1.74992855101
281679,284302,287698,2623,3396,2,7200,1.77237926973
281719,284364,287699,2645,3335,2,7200,1.79310344828
281746,284381,287639,2635,3258,2,7200,1.80877839165
281871,284394,287645,2523,3251,2,7200,1.77606890188
281934,284402,287664,2468,3262,2,7200,1.75659104844
282236,284431,287713,2195,3282,2,7200,1.66879951249
282821,284499,287807,1678,3308,2,7200,1.50725513906
282990,284619,288207,1629,3588,2,7200,1.45401337793
283005,284655,287911,1650,3256,2,7200,1.50675675676
283320,284672,287971,1352,3299,2,7200,1.40982115793
283335,284723,288229,1388,3506,2,7200,1.39589275528
283350,284751,288180,1401,3429,2,7200,1.40857392826
283434,284873,288149,1439,3276,2,7200,1.43925518926
283525,284925,288435,1400,3510,2,7200,1.39886039886
283580,284945,288919,1365,3974,2,7200,1.34348263714
283604,284953,288420,1349,3467,2,7200,1.38909720219
283619,285000,288295,1381,3295,2,7200,1.4191198786
283777,285030,288342,1253,3312,2,7200,1.37832125604
283778,285070,288331,1292,3261,2,7200,1.39619748543
283833,285271,288478,1438,3207,2,7200,1.44839413782
283834,285276,288560,1442,3284,2,7200,1.43909866017
283849,285349,288540,1500,3191,2,7200,1.47007207772
283891,285575,289016,1684,3441,2,7200,1.48939261842
283949,286088,289554,2139,3466,2,7200,1.61713791114
283970,286097,289457,2127,3360,2,7200,1.63303571429
284064,286423,289639,2359,3216,2,7200,1.7335199005
284086,286636,289959,2550,3323,2,7200,1.76737887451
284125,286818,290168,2693,3350,2,7200,1.80388059701
284143,286865,290084,2722,3219,2,7200,1.84560422491
284253,286873,290301,2620,3428,2,7200,1.76429404901
284289,286933,290347,2644,3414,2,7200,1.77445811365
284353,286939,290458,2586,3519,2,7200,1.73486786019
284383,286983,290267,2600,3284,2,7200,1.79171741778
284398,287047,290318,2649,3271,2,7200,1.80984408438
284420,287069,290319,2649,3250,2,7200,1.81507692308
284487,287078,290412,2591,3334,2,7200,1.77714457109
284606,287134,290380,2528,3246,2,7200,1.77880468269
284642,287166,290317,2524,3151,2,7200,1.80101555062
284660,287311,290984,2651,3673,2,7200,1.72175333515
284712,287396,290681,2684,3285,2,7200,1.81704718417
284739,287413,290462,2674,3049,2,7200,1.87700885536
284860,287433,290736,2573,3303,2,7200,1.77898879806
284915,287598,291139,2683,3541,2,7200,1.75769556622
284934,287636,291055,2702,3419,2,7200,1.79028955835
284936,287653,291454,2717,3801,2,7200,1.71481189161
284987,287661,291083,2674,3422,2,7200,1.78141437756
285018,287669,291002,2651,3333,2,7200,1.79537953795
285057,287678,291224,2621,3546,2,7200,1.739142696
285257,287711,291221,2454,3510,2,7200,1.69914529915
285258,287719,291302,2461,3583,2,7200,1.68685459112
285337,287727,291012,2390,3285,2,7200,1.72754946728
285561,287777,291306,2216,3529,2,7200,1.62793992632
286074,287820,291167,1746,3347,2,7200,1.52166118912
286089,287925,291194,1836,3269,2,7200,1.56163964515
286411,287985,291464,1574,3479,2,7200,1.45242885887
286625,288163,291508,1538,3345,2,7200,1.45979073244
286807,288193,291504,1386,3311,2,7200,1.41860465116
286852,288220,291758,1368,3538,2,7200,1.38665912945
286867,288242,291755,1375,3513,2,7200,1.39140335895
286919,288308,291704,1389,3396,2,7200,1.40901060071
286920,288344,291850,1424,3506,2,7200,1.40616086708
286972,288356,291579,1384,3223,2,7200,1.42941358982
287035,288434,291795,1399,3361,2,7200,1.41624516513
287057,288448,291952,1391,3504,2,7200,1.39697488584
287072,288491,291997,1419,3506,2,7200,1.40473474044
287123,288553,292051,1430,3498,2,7200,1.40880503145
287153,288574,291805,1421,3231,2,7200,1.43980191891
287298,288933,292117,1635,3184,2,7200,1.51350502513
287383,289029,292453,1646,3424,2,7200,1.48072429907
287401,289471,292703,2070,3232,2,7200,1.64047029703
287422,289567,292920,2145,3353,2,7200,1.63972561885
287587,289653,293102,2066,3449,2,7200,1.59901420702
287623,289972,293278,2349,3306,2,7200,1.71052631579
287641,290098,293554,2457,3456,2,7200,1.7109375
287656,290182,293468,2526,3286,2,7200,1.76871576385
287658,290280,293759,2622,3479,2,7200,1.75366484622
287673,290315,293585,2642,3270,2,7200,1.80795107034
287700,290340,293439,2640,3099,2,7200,1.85188770571
287701,290360,294017,2659,3657,2,7200,1.72709871479
287716,290393,293638,2677,3245,2,7200,1.8249614792
287765,290425,293896,2660,3471,2,7200,1.76634975511
287804,290472,293960,2668,3488,2,7200,1.76490825688
287914,290480,293910,2566,3430,2,7200,1.74810495627
287974,290694,294133,2720,3439,2,7200,1.79092759523
288151,290750,294275,2599,3525,2,7200,1.73730496454
288181,290997,294345,2816,3348,2,7200,1.84109916368
288209,291016,294397,2807,3381,2,7200,1.83022774327
288227,291025,294609,2798,3584,2,7200,1.78069196429
288297,291069,294561,2772,3492,2,7200,1.79381443299
288333,291098,294816,2765,3718,2,7200,1.74367939753
288349,291152,294307,2803,3155,2,7200,1.88843106181
288421,291180,294637,2759,3457,2,7200,1.7980908302
288437,291207,294462,2770,3255,2,7200,1.8509984639
288479,291234,294734,2755,3500,2,7200,1.78714285714
288540,291243,294635,2703,3392,2,7200,1.796875
288562,291315,294603,2753,3288,2,7200,1.83728710462
288920,291323,294661,2403,3338,2,7200,1.71989215099
289018,291468,294692,2450,3224,2,7200,1.75992555831
289458,291476,294901,2018,3425,2,7200,1.58919708029
289555,291517,294991,1962,3474,2,7200,1.56476683938
289640,291526,294775,1886,3249,2,7200,1.58048630348
289781,290331,292568,550,2237,3,7200,1.24586499776
289787,289815,315634,28,25819,1,36000,1.00108447268
289962,291592,294959,1630,3367,2,7200,1.48411048411
290061,339112,382325,49051,43213,32,43200,2.13509823433
290086,291718,295329,1632,3611,2,7200,1.45195236777
290171,291767,295186,1596,3419,2,7200,1.46680315882
290268,291775,295259,1507,3484,2,7200,1.43254879449
290302,291808,295149,1506,3341,2,7200,1.45076324454
290317,291818,295045,1501,3227,2,7200,1.46513789898
290318,291865,295108,1547,3243,2,7200,1.47702744372
290334,291965,295266,1631,3301,2,7200,1.49409269918
290349,292011,295361,1662,3350,2,7200,1.49611940299
290382,292064,295149,1682,3085,2,7200,1.54521880065
290392,325045,361070,34653,36025,1,36000,1.96191533657
290412,292130,295445,1718,3315,2,7200,1.51825037707
290458,292467,295666,2009,3199,2,7200,1.62800875274
290473,292581,296132,2108,3551,2,7200,1.59363559561
290683,292587,295785,1904,3198,2,7200,1.59537210757
290738,292718,296199,1980,3481,2,7200,1.56880206837
290986,292935,296263,1949,3328,2,7200,1.58563701923
291004,293116,296532,2112,3416,2,7200,1.61826697892
291019,293292,296546,2273,3254,2,7200,1.69852489244
291055,293453,296727,2398,3274,2,7200,1.73243738546
291086,293481,296822,2395,3341,2,7200,1.71685124214
291141,293568,296882,2427,3314,2,7200,1.73234761617
291168,293598,296963,2430,3365,2,7200,1.72213967311
291195,293652,297049,2457,3397,2,7200,1.72328525169
291223,293772,297198,2549,3426,2,7200,1.74401634559
291238,293909,297258,2671,3349,2,7200,1.79755150791
291302,293924,297434,2622,3510,2,7200,1.74700854701
291316,293972,297352,2656,3380,2,7200,1.78579881657
291453,294030,297319,2577,3289,2,7200,1.783520827
291469,294146,297645,2677,3499,2,7200,1.76507573592
291505,294288,297554,2783,3266,2,7200,1.85211267606
291520,294320,297672,2800,3352,2,7200,1.8353221957
291581,294358,297718,2777,3360,2,7200,1.82648809524
291705,294411,297552,2706,3141,2,7200,1.86150907354
291757,294476,298004,2719,3528,2,7200,1.77069160998
291759,294575,297805,2816,3230,2,7200,1.87182662539
291795,294616,298177,2821,3561,2,7200,1.79219320416
291810,294624,297866,2814,3242,2,7200,1.86798272671
291853,294648,298262,2795,3614,2,7200,1.77338129496
291953,294656,297977,2703,3321,2,7200,1.81391147245
291998,294675,297922,2677,3247,2,7200,1.82445334155
292053,294705,297959,2652,3254,2,7200,1.81499692686
292118,294748,297871,2630,3123,2,7200,1.84213896894
292455,294788,298200,2333,3412,2,7200,1.68376318875
292707,294829,298166,2122,3337,2,7200,1.63590050944
292923,294915,298420,1992,3505,2,7200,1.56833095578
293105,294972,298377,1867,3405,2,7200,1.5483113069
293278,295004,298431,1726,3427,2,7200,1.50364750511
293440,295058,298369,1618,3311,2,7200,1.48867411658
293470,295121,298446,1651,3325,2,7200,1.49654135338
293555,295163,298751,1608,3588,2,7200,1.44816053512
293585,295168,298425,1583,3257,2,7200,1.48603008904
293640,295200,298753,1560,3553,2,7200,1.43906557838
293761,295272,298812,1511,3540,2,7200,1.42683615819
293897,295280,298780,1383,3500,2,7200,1.39514285714
293912,295343,298794,1431,3451,2,7200,1.41466241669
293961,295374,298915,1413,3541,2,7200,1.39903981926
294018,295458,298647,1440,3189,2,7200,1.45155221072
294134,295680,299318,1546,3638,2,7200,1.42495876855
294276,295798,299470,1522,3672,2,7200,1.41448801743
294309,296146,299553,1837,3407,2,7200,1.53918403287
294345,296214,299600,1869,3386,2,7200,1.55197873597
294397,296276,299660,1879,3384,2,7200,1.55526004728
294464,296545,299910,2081,3365,2,7200,1.61842496285
294564,296559,300105,1995,3546,2,7200,1.56260575296
294606,296740,300316,2134,3576,2,7200,1.59675615213
294621,296835,300044,2214,3209,2,7200,1.68993455905
294636,296895,300348,2259,3453,2,7200,1.65421372719
294638,296978,300188,2340,3210,2,7200,1.72897196262
294662,297061,300349,2399,3288,2,7200,1.72962287105
294693,297211,300565,2518,3354,2,7200,1.75074537865
294736,297271,300461,2535,3190,2,7200,1.79467084639
294776,297332,300748,2556,3416,2,7200,1.74824355972
294817,297365,300913,2548,3548,2,7200,1.71815107103
294903,297447,300828,2544,3381,2,7200,1.75244010648
294961,297565,301012,2604,3447,2,7200,1.75543951262
294992,297574,300951,2582,3377,2,7200,1.76458395025
295046,297658,300917,2612,3259,2,7200,1.80147284443
295110,297686,301145,2576,3459,2,7200,1.74472390864
295150,297731,301349,2581,3618,2,7200,1.71337755666
295151,297818,301130,2667,3312,2,7200,1.80525362319
295190,297879,301251,2689,3372,2,7200,1.79744958482
295260,297887,301123,2627,3236,2,7200,1.81180469716
295275,297935,301432,2660,3497,2,7200,1.76065198742
295330,297973,301054,2643,3081,2,7200,1.85783836417
295360,297990,301266,2630,3276,2,7200,1.80280830281
295448,298017,301623,2569,3606,2,7200,1.71242373821
295666,298180,301397,2514,3217,2,7200,1.78147342244
295785,298189,301448,2404,3259,2,7200,1.73764958576
296134,298213,301667,2079,3454,2,7200,1.60191082803
296201,298275,301663,2074,3388,2,7200,1.61216056671
296265,298382,301871,2117,3489,2,7200,1.60676411579
296532,298391,301816,1859,3425,2,7200,1.54277372263
296548,298434,301800,1886,3366,2,7200,1.56030897207
296726,298442,301770,1716,3328,2,7200,1.515625
296823,298450,301802,1627,3352,2,7200,1.48538186158
296884,298459,301846,1575,3387,2,7200,1.46501328609
296966,298660,301779,1694,3119,2,7200,1.54312279577
297052,298764,302043,1712,3279,2,7200,1.52211039951
297201,298773,303350,1572,4577,2,7200,1.3434564125
297258,298793,302274,1535,3481,2,7200,1.44096523987
297316,298809,302037,1493,3228,2,7200,1.46251548947
297352,298825,302294,1473,3469,2,7200,1.42461804555
297434,298928,302271,1494,3343,2,7200,1.44690397846
297553,299331,302592,1778,3261,2,7200,1.54523152407
297568,299484,302875,1916,3391,2,7200,1.56502506635
297647,299566,303233,1919,3667,2,7200,1.52331606218
297675,299612,303012,1937,3400,2,7200,1.56970588235
297720,299673,302995,1953,3322,2,7200,1.58789885611
297806,299924,303111,2118,3187,2,7200,1.66457483527
297867,300058,303498,2191,3440,2,7200,1.63691860465
297881,300118,303311,2237,3193,2,7200,1.70059505168
297924,300202,303935,2278,3733,2,7200,1.61023305652
297960,300331,303624,2371,3293,2,7200,1.72001214698
297984,300360,303849,2376,3489,2,7200,1.68099742046
298006,300368,303805,2362,3437,2,7200,1.68722723305
298167,300474,303861,2307,3387,2,7200,1.68113374668
298182,300578,303877,2396,3299,2,7200,1.72628069112
298200,300761,304005,2561,3244,2,7200,1.78945745993
298264,300840,304119,2576,3279,2,7200,1.78560536749
298370,300927,304367,2557,3440,2,7200,1.74331395349
298385,300935,304467,2550,3532,2,7200,1.72197055493
298422,300970,304171,2548,3201,2,7200,1.79600124961
298438,301025,304426,2587,3401,2,7200,1.76065862981
298439,301067,304272,2628,3205,2,7200,1.81996879875
298454,301137,304721,2683,3584,2,7200,1.74860491071
298648,301146,304808,2498,3662,2,7200,1.68214090661
298752,301159,304484,2407,3325,2,7200,1.72390977444
298767,301264,304494,2497,3230,2,7200,1.77306501548
298782,301280,304736,2498,3456,2,7200,1.72280092593
298797,301363,304601,2566,3238,2,7200,1.79246448425
298813,301411,304630,2598,3219,2,7200,1.80708294501
298916,301445,304948,2529,3503,2,7200,1.72195261205
299210,315647,315688,16437,41,1,610,401.902439024
299317,301462,304804,2145,3342,2,7200,1.64183123878
299473,301636,304789,2163,3153,2,7200,1.68601332065
299555,301676,305416,2121,3740,2,7200,1.56711229947
299600,301685,304866,2085,3181,2,7200,1.65545425967
299661,301784,305421,2123,3637,2,7200,1.5837228485
299912,301794,305259,1882,3465,2,7200,1.54314574315
300041,343124,343132,43083,8,2,172800,4309.1
300047,301814,305340,1767,3526,2,7200,1.50113442995
300108,301822,305087,1714,3265,2,7200,1.52496171516
300190,301830,305040,1640,3210,2,7200,1.51090342679
300234,343145,380598,42911,37453,2,172800,2.14572931407
300317,301860,305136,1543,3276,2,7200,1.471001221
300348,301885,305123,1537,3238,2,7200,1.47467572576
300363,302051,305420,1688,3369,2,7200,1.50103888394
300463,302060,305228,1597,3168,2,7200,1.50410353535
300567,302284,305647,1717,3363,2,7200,1.51055605114
300750,302292,305669,1542,3377,2,7200,1.45661830027
300829,302306,305696,1477,3390,2,7200,1.43569321534
300914,302605,306141,1691,3536,2,7200,1.4782239819
300929,302981,306565,2052,3584,2,7200,1.57254464286
300953,303008,306365,2055,3357,2,7200,1.61215370867
301014,303026,306295,2012,3269,2,7200,1.61547873968
301054,303125,306507,2071,3382,2,7200,1.61235955056
301124,303246,306663,2122,3417,2,7200,1.62101258414
301139,303324,306376,2185,3052,2,7200,1.71592398427
301154,303363,306715,2209,3352,2,7200,1.65900954654
301251,303511,307050,2260,3539,2,7200,1.63859847415
301269,303637,307051,2368,3414,2,7200,1.69361452841
301351,303819,307011,2468,3192,2,7200,1.77318295739
301400,303862,307213,2462,3351,2,7200,1.73470605789
301433,303875,307337,2442,3462,2,7200,1.70537261698
301452,303890,307221,2438,3331,2,7200,1.73191233864
301624,303948,307032,2324,3084,2,7200,1.75356679637
301664,304018,307395,2354,3377,2,7200,1.69706840391
301679,304132,307759,2453,3627,2,7200,1.67631651503
301773,304184,307197,2411,3013,2,7200,1.80019913707
301788,304285,307682,2497,3397,2,7200,1.73506034737
301804,304380,307831,2576,3451,2,7200,1.74645030426
301805,304440,307736,2635,3296,2,7200,1.7994538835
301820,304481,307701,2661,3220,2,7200,1.82639751553
301847,304497,307742,2650,3245,2,7200,1.81664098613
301872,304507,307815,2635,3308,2,7200,1.79655380895
302039,304614,308004,2575,3390,2,7200,1.75958702065
302054,304643,307856,2589,3213,2,7200,1.80578898226
302272,304734,308093,2462,3359,2,7200,1.73295623698
302288,304749,308007,2461,3258,2,7200,1.75537139349
302303,304801,308202,2498,3401,2,7200,1.73448985592
302320,302890,302968,570,78,2,600,8.30769230769
302592,304816,307979,2224,3163,2,7200,1.70312993993
302877,304824,308313,1947,3489,2,7200,1.55803955288
302995,304880,308057,1885,3177,2,7200,1.59332703809
303013,304962,308268,1949,3306,2,7200,1.58953418028
303113,305053,308564,1940,3511,2,7200,1.5525491313
303235,305100,308240,1865,3140,2,7200,1.59394904459
303311,305136,308348,1825,3212,2,7200,1.56818181818
303350,305148,308379,1798,3231,2,7200,1.55648406066
303500,305241,308877,1741,3636,2,7200,1.47882288229
303624,305273,308732,1649,3459,2,7200,1.47672737785
303807,305353,308662,1546,3309,2,7200,1.46721063765
303849,305429,308698,1580,3269,2,7200,1.48332823493
303864,305438,309040,1574,3602,2,7200,1.43697945586
303879,305443,308769,1564,3326,2,7200,1.47023451594
303937,305659,309111,1722,3452,2,7200,1.49884125145
304006,305682,308975,1676,3293,2,7200,1.5089583966
304119,305709,308948,1590,3239,2,7200,1.49089225069
304171,306154,309624,1983,3470,2,7200,1.57146974063
304272,306308,309706,2036,3398,2,7200,1.59917598587
304369,306379,309740,2010,3361,2,7200,1.59803629872
304427,306389,309932,1962,3543,2,7200,1.55376799323
304470,306519,309897,2049,3378,2,7200,1.60657193606
304485,306579,309791,2094,3212,2,7200,1.65193026152
304500,306677,310077,2177,3400,2,7200,1.64029411765
304601,306728,310507,2127,3779,2,7200,1.5628473141
304631,307024,310217,2393,3193,2,7200,1.74945192609
304723,307045,310498,2322,3453,2,7200,1.67245873154
304738,307064,310020,2326,2956,2,7200,1.78687415426
304790,307072,310410,2282,3338,2,7200,1.68364289994
304805,307210,310519,2405,3309,2,7200,1.72680568147
304820,307236,310591,2416,3355,2,7200,1.72011922504
304869,307350,310778,2481,3428,2,7200,1.72374562427
304951,307408,310776,2457,3368,2,7200,1.72951306413
305040,307578,310934,2538,3356,2,7200,1.75625744934
305089,307696,311235,2607,3539,2,7200,1.73664877084
305126,307714,311088,2588,3374,2,7200,1.76704208654
305141,307750,311013,2609,3263,2,7200,1.79957094698
305229,307758,310991,2529,3233,2,7200,1.78224559233
305260,307772,311298,2512,3526,2,7200,1.71242200794
305342,307828,311130,2486,3302,2,7200,1.75287704422
305418,307846,311107,2428,3261,2,7200,1.74455688439
305433,307869,311389,2436,3520,2,7200,1.69204545455
305434,307994,311502,2560,3508,2,7200,1.72976054732
305648,308018,311386,2370,3368,2,7200,1.70368171021
305669,308032,311349,2363,3317,2,7200,1.7123907145
305696,308037,311439,2341,3402,2,7200,1.68812463257
306143,308057,311466,1914,3409,2,7200,1.56145497213
306298,308070,311440,1772,3370,2,7200,1.52581602374
306368,308105,311323,1737,3218,2,7200,1.53977625855
306383,308215,311468,1832,3253,2,7200,1.56317245619
306507,308252,311762,1745,3510,2,7200,1.49715099715
306568,308281,311494,1713,3213,2,7200,1.53314659197
306666,308326,311790,1660,3464,2,7200,1.4792147806
306718,308361,311907,1643,3546,2,7200,1.46333897349
307007,307227,307436,220,209,2,3600,2.05263157895
307012,308394,311699,1382,3305,2,7200,1.41815431165
307033,308578,311763,1545,3185,2,7200,1.48508634223
307051,308675,312178,1624,3503,2,7200,1.46360262632
307053,308711,312355,1658,3644,2,7200,1.45499451153
307198,308746,312017,1548,3271,2,7200,1.47324977071
307214,308782,312068,1568,3286,2,7200,1.47717589775
307229,308890,312281,1661,3391,2,7200,1.48982601003
307338,308963,312209,1625,3246,2,7200,1.50061614295
307390,307449,307565,59,116,2,3600,1.50862068966
307396,308988,312692,1592,3704,2,7200,1.42980561555
307684,309053,312479,1369,3426,2,7200,1.39959136019
307703,309124,312405,1421,3281,2,7200,1.43309966474
307739,309638,312900,1899,3262,2,7200,1.58215818516
307754,309719,313268,1965,3549,2,7200,1.55367709214
307769,309754,313033,1985,3279,2,7200,1.60536749009
307815,309838,313138,2023,3300,2,7200,1.61303030303
307835,309910,313500,2075,3590,2,7200,1.57799442897
307857,309946,313619,2089,3673,2,7200,1.56874489518
307976,308026,308044,50,18,2,600,3.77777777778
307981,310033,313477,2052,3444,2,7200,1.59581881533
308006,310090,313448,2084,3358,2,7200,1.62060750447
308021,310231,313664,2210,3433,2,7200,1.64375182057
308058,310423,313750,2365,3327,2,7200,1.71085061617
308094,310513,313845,2419,3332,2,7200,1.72599039616
308203,310522,314350,2319,3828,2,7200,1.60579937304
308240,310534,313886,2294,3352,2,7200,1.68436754177
308270,310604,314099,2334,3495,2,7200,1.6678111588
308274,309804,309825,1530,21,2,600,73.8571428571
308313,310789,314107,2476,3318,2,7200,1.74623267028
308349,310797,314370,2448,3573,2,7200,1.68513853904
308379,310947,314535,2568,3588,2,7200,1.71571906355
308565,311005,314535,2440,3530,2,7200,1.69121813031
308665,311026,314212,2361,3186,2,7200,1.74105461394
308698,311103,314438,2405,3335,2,7200,1.72113943028
308735,311120,314521,2385,3401,2,7200,1.70126433402
308768,311144,314364,2376,3220,2,7200,1.73788819876
308878,311282,314626,2404,3344,2,7200,1.71889952153
308951,311311,314597,2360,3286,2,7200,1.71819841753
308975,311337,314784,2362,3447,2,7200,1.68523353641
309042,311400,314846,2358,3446,2,7200,1.68427161927
309114,311408,314761,2294,3353,2,7200,1.68416343573
309124,315701,315741,6577,40,1,610,165.425
309213,315755,315794,6542,39,1,70,168.743589744
309625,311414,314627,1789,3213,2,7200,1.55680049798
309707,311452,314901,1745,3449,2,7200,1.50594375181
309740,311460,314703,1720,3243,2,7200,1.53037311132
309792,311479,315053,1687,3574,2,7200,1.4720201455
309898,311487,314934,1589,3447,2,7200,1.46098056281
309935,311507,314925,1572,3418,2,7200,1.45991808075
310023,311515,314971,1492,3456,2,7200,1.43171296296
310074,311712,314895,1638,3183,2,7200,1.51460885957
310217,311774,314894,1557,3120,2,7200,1.49903846154
310413,311782,315184,1369,3402,2,7200,1.40241034685
310501,311802,315272,1301,3470,2,7200,1.37492795389
310517,311920,315412,1403,3492,2,7200,1.40177548683
310532,312030,315275,1498,3245,2,7200,1.46163328197
310592,312081,315354,1489,3273,2,7200,1.45493431103
310778,312191,315462,1413,3271,2,7200,1.43197798838
310780,312222,315436,1442,3214,2,7200,1.4486621033
310808,311249,311268,441,19,2,600,24.2105263158
310935,312294,315663,1359,3369,2,7200,1.40338379341
310993,312368,315976,1375,3608,2,7200,1.38109756098
311014,312418,315759,1404,3341,2,7200,1.42023346304
311092,312492,315985,1400,3493,2,7200,1.40080160321
311107,312705,315958,1598,3253,2,7200,1.49123885644
311133,312915,316399,1782,3484,2,7200,1.51148105626
311217,311364,311389,147,25,2,600,6.88
311240,313046,316579,1806,3533,2,7200,1.51118030003
311300,313281,316621,1981,3340,2,7200,1.59311377246
311325,313461,316818,2136,3357,2,7200,1.636282395
311351,313490,317020,2139,3530,2,7200,1.6059490085
311387,313514,316816,2127,3302,2,7200,1.64415505754
311403,313632,317002,2229,3370,2,7200,1.66142433234
311433,315486,315490,4053,4,4,3600,405.7
311439,313678,317049,2239,3371,2,7200,1.66419460101
311440,313764,317201,2324,3437,2,7200,1.67617107943
311469,313819,318188,2350,4369,2,7200,1.53788052186
311470,313858,317413,2388,3555,2,7200,1.67172995781
311494,313900,317432,2406,3532,2,7200,1.681200453
311509,314112,317582,2603,3470,2,7200,1.75014409222
311550,313152,313415,1602,263,2,3600,7.09125475285
311701,314119,317518,2418,3399,2,7200,1.71138570168
311762,314226,317788,2464,3562,2,7200,1.69174620999
311763,314363,317355,2600,2992,2,7200,1.86898395722
311780,337611,343096,25831,5485,48,86400,5.70938924339
311791,314378,317649,2587,3271,2,7200,1.7908896362
311896,313428,313742,1532,314,2,3600,5.87898089172
311909,314386,317770,2477,3384,2,7200,1.73197399527
312018,314452,317907,2434,3455,2,7200,1.70448625181
312070,314534,317901,2464,3367,2,7200,1.73180873181
312179,314549,318647,2370,4098,2,7200,1.57833089312
312210,314555,318505,2345,3950,2,7200,1.59367088608
312237,313755,313771,1518,16,2,600,95.875
312283,314611,317968,2328,3357,2,7200,1.69347631814
312356,314639,317942,2283,3303,2,7200,1.69118982743
312405,314647,317665,2242,3018,2,7200,1.74287607687
312480,314717,317865,2237,3148,2,7200,1.71060991105
312492,313784,313806,1292,22,2,600,59.7272727273
312693,314775,318266,2082,3491,2,7200,1.59639071899
312903,314797,318218,1894,3421,2,7200,1.55363928676
313034,314859,317886,1825,3027,2,7200,1.60290716881
313138,314908,318205,1770,3297,2,7200,1.53685168335
313268,314914,318426,1646,3512,2,7200,1.46867881549
313448,314922,318254,1474,3332,2,7200,1.44237695078
313478,314938,318401,1460,3463,2,7200,1.42159976899
313503,314948,318406,1445,3458,2,7200,1.41787160208
313621,314985,318390,1364,3405,2,7200,1.40058737151
313667,315067,318454,1400,3387,2,7200,1.41334514319
313752,315196,318576,1444,3380,2,7200,1.42721893491
313846,315285,318704,1439,3419,2,7200,1.42088329921
313888,315294,318410,1406,3116,2,7200,1.4512195122
314102,315368,318919,1266,3551,2,7200,1.35651929034
314117,315425,318681,1308,3256,2,7200,1.40171990172
314214,315449,318908,1235,3459,2,7200,1.35703960682
314351,315475,318655,1124,3180,2,7200,1.3534591195
314366,315503,318817,1137,3314,2,7200,1.34308992154
314381,315511,318837,1130,3326,2,7200,1.33974744438
314439,315677,319199,1238,3522,2,7200,1.3515048268
314521,315772,319096,1251,3324,2,7200,1.37635379061
314539,315971,319580,1432,3609,2,7200,1.39678581324
314540,315990,319364,1450,3374,2,7200,1.42975696503
314598,315999,319419,1401,3420,2,7200,1.40964912281
314629,316411,319816,1782,3405,2,7200,1.52334801762
314630,316592,319889,1962,3297,2,7200,1.59508644222
314703,316635,320129,1932,3494,2,7200,1.5529479107
314764,316830,320144,2066,3314,2,7200,1.62341581171
314785,316838,320207,2053,3369,2,7200,1.60937963787
314846,317017,320361,2171,3344,2,7200,1.64922248804
314894,317032,320219,2138,3187,2,7200,1.67085032946
314896,317062,320484,2166,3422,2,7200,1.63296317943
314911,317215,320457,2304,3242,2,7200,1.71067242443
314926,317368,320625,2442,3257,2,7200,1.74976972674
314941,317427,320900,2486,3473,2,7200,1.71580765908
314974,317446,320940,2472,3494,2,7200,1.70749856898
315053,317531,320705,2478,3174,2,7200,1.78071833648
315184,317596,320989,2412,3393,2,7200,1.71087533156
315272,317663,320825,2391,3162,2,7200,1.75616698292
315287,317679,321063,2392,3384,2,7200,1.70685579196
315354,317784,321052,2430,3268,2,7200,1.74357405141
315415,317803,321219,2388,3416,2,7200,1.69906323185
315436,317879,321143,2443,3264,2,7200,1.74846813725
315464,317899,321733,2435,3834,2,7200,1.63510693792
315627,315808,318615,181,2807,1,2700,1.06448165301
315665,317914,321079,2249,3165,2,7200,1.71058451817
315759,317923,321584,2164,3661,2,7200,1.59109532915
315960,317983,321411,2023,3428,2,7200,1.59014002334
315978,317992,321544,2014,3552,2,7200,1.5670045045
315993,318200,321496,2207,3296,2,7200,1.66959951456
316152,318625,318672,2473,47,1,70,53.6170212766
316399,318219,321418,1820,3199,2,7200,1.56892778993
316430,317956,317975,1526,19,2,3540,81.3157894737
316578,318231,322024,1653,3793,2,7200,1.43580279462
316586,318685,318741,2099,56,1,70,38.4821428571
316606,318755,318813,2149,58,1,130,38.0517241379
316624,318267,321827,1643,3560,2,7200,1.46151685393
316815,318280,321686,1465,3406,2,7200,1.4301233118
316831,318403,321911,1572,3508,2,7200,1.44811858609
317003,318414,321708,1411,3294,2,7200,1.42835458409
317021,318422,321854,1401,3432,2,7200,1.40821678322
317049,318430,321819,1381,3389,2,7200,1.40749483623
317204,318442,321853,1238,3411,2,7200,1.36294341835
317355,318467,321743,1112,3276,2,7200,1.33943833944
317413,318518,321952,1105,3434,2,7200,1.32178217822
317434,318590,321880,1156,3290,2,7200,1.35136778116
317519,318662,322273,1143,3611,2,7200,1.31653281639
317583,318670,322036,1087,3366,2,7200,1.3229352347
317653,318695,321910,1042,3215,2,7200,1.32410575428
317668,318718,322043,1050,3325,2,7200,1.31578947368
317772,318836,322168,1064,3332,2,7200,1.31932773109
317790,318850,322246,1060,3396,2,7200,1.31213191991
317867,318921,322380,1054,3459,2,7200,1.30471234461
317888,318932,322487,1044,3555,2,7200,1.29367088608
317903,319110,322459,1207,3349,2,7200,1.36040609137
317918,319212,322473,1294,3261,2,7200,1.39681079423
317942,319381,322971,1439,3590,2,7200,1.4008356546
317969,319433,322849,1464,3416,2,7200,1.42857142857
318190,319594,323129,1404,3535,2,7200,1.39717114569
318205,319829,323318,1624,3489,2,7200,1.46546288335
318221,319904,323339,1683,3435,2,7200,1.48995633188
318254,320144,323524,1890,3380,2,7200,1.55917159763
318269,320157,323480,1888,3323,2,7200,1.56816130003
318393,320221,323473,1828,3252,2,7200,1.56211562116
318408,320232,323498,1824,3266,2,7200,1.55848132272
318410,320375,323769,1965,3394,2,7200,1.57896287566
318425,320470,323822,2045,3352,2,7200,1.61008353222
318440,320496,323588,2056,3092,2,7200,1.66494178525
318455,320637,324213,2182,3576,2,7200,1.61017897092
318506,320719,324219,2213,3500,2,7200,1.63228571429
318579,320838,324282,2259,3444,2,7200,1.65592334495
318603,318828,324331,225,5503,1,14400,1.04088678902
318646,320912,324166,2266,3254,2,7200,1.69637369392
318661,320953,324535,2292,3582,2,7200,1.63986599665
318683,321002,324155,2319,3153,2,7200,1.73549000951
318705,321065,324469,2360,3404,2,7200,1.69330199765
318817,321076,324380,2259,3304,2,7200,1.68371670702
318835,321092,324460,2257,3368,2,7200,1.67013064133
318908,321156,324352,2248,3196,2,7200,1.70337922403
318923,321232,324367,2309,3135,2,7200,1.736523126
319097,321426,324921,2329,3495,2,7200,1.66638054363
319200,321433,325222,2233,3789,2,7200,1.58933755608
319330,324375,324376,5045,1,1,130,504.6
319364,321510,324999,2146,3489,2,7200,1.615075953
319420,321557,324932,2137,3375,2,7200,1.63318518519
319581,321597,324890,2016,3293,2,7200,1.61220771333
319819,321714,325007,1895,3293,2,7200,1.57546310355
319893,321724,325096,1831,3372,2,7200,1.54300118624
320130,321746,325328,1616,3582,2,7200,1.45114461195
320146,321756,325119,1610,3363,2,7200,1.47873922093
320210,321832,325082,1622,3250,2,7200,1.49907692308
320225,321840,325203,1615,3363,2,7200,1.4802259887
320360,321867,325319,1507,3452,2,7200,1.4365585168
320459,321875,325216,1416,3341,2,7200,1.42382520204
320486,321893,325019,1407,3126,2,7200,1.45009596929
320626,321923,325187,1297,3264,2,7200,1.39736519608
320706,321931,325335,1225,3404,2,7200,1.35987074031
320807,346032,454065,25225,108033,6,108000,1.23349346959
320825,321965,325131,1140,3166,2,7200,1.36007580543
320832,346037,454082,25205,108045,6,108000,1.23328242862
320842,346177,454216,25335,108039,6,108000,1.23449865326
320850,346182,454194,25332,108012,6,108000,1.23452949672
320902,322038,325472,1136,3434,2,7200,1.33080955154
320941,322049,325374,1108,3325,2,7200,1.33323308271
320990,322058,325567,1068,3509,2,7200,1.30436021659
321054,322181,325640,1127,3459,2,7200,1.32581671003
321069,322259,325627,1190,3368,2,7200,1.35332541568
321084,322287,325707,1203,3420,2,7200,1.35175438596
321145,322393,325848,1248,3455,2,7200,1.36121562952
321221,322472,325515,1251,3043,2,7200,1.41110745974
321412,322486,325984,1074,3498,2,7200,1.30703259005
321427,322501,325657,1074,3156,2,7200,1.34030418251
321497,322864,326238,1367,3374,2,7200,1.40515708358
321545,322987,326458,1442,3471,2,7200,1.41544223567
321551,321700,321701,149,1,2,3600,15.0
321585,323142,326243,1557,3101,2,7200,1.50209609803
321689,323331,326706,1642,3375,2,7200,1.48651851852
321710,323353,326679,1643,3326,2,7200,1.4939867709
321734,323489,326931,1755,3442,2,7200,1.50987797792
321750,323499,327130,1749,3631,2,7200,1.48168548609
321823,323512,326959,1689,3447,2,7200,1.48999129678
321838,323537,327170,1699,3633,2,7200,1.46765758326
321853,323600,326932,1747,3332,2,7200,1.52430972389
321854,323782,327018,1928,3236,2,7200,1.59579728059
321882,323835,327240,1953,3405,2,7200,1.57356828194
321913,324168,327514,2255,3346,2,7200,1.67393903168
321914,324179,327678,2265,3499,2,7200,1.64732780795
321954,324228,327506,2274,3278,2,7200,1.69371568029
322027,324236,327754,2209,3518,2,7200,1.62791358727
322043,324295,327793,2252,3498,2,7200,1.64379645512
322058,324366,327820,2308,3454,2,7200,1.66821077012
322170,324384,327933,2214,3549,2,7200,1.62383770076
322247,324393,327740,2146,3347,2,7200,1.64117119809
322274,324473,327670,2199,3197,2,7200,1.68783234282
322360,350486,458490,28126,108004,6,108000,1.26041628088
322369,350491,458495,28122,108004,6,108000,1.26037924521
322378,350497,458503,28119,108006,6,108000,1.26034664741
322381,324483,327949,2102,3466,2,7200,1.6064627813
322431,324945,324984,2514,39,2,1980,65.4615384615
322460,324548,327991,2088,3443,2,7200,1.60644786523
322475,324904,328224,2429,3320,2,7200,1.73162650602
322490,324934,328428,2444,3494,2,7200,1.69948483114
322851,325012,328639,2161,3627,2,7200,1.59580920871
322974,325026,328295,2052,3269,2,7200,1.62771489752
323092,324998,325004,1906,6,2,3600,191.2
323129,325031,328188,1902,3157,2,7200,1.60247070003
323319,325039,328313,1720,3274,2,7200,1.52535125229
323341,325095,328534,1754,3439,2,7200,1.51003198604
323475,325109,328387,1634,3278,2,7200,1.49847467968
323491,325132,328634,1641,3502,2,7200,1.4685893775
323507,325144,328353,1637,3209,2,7200,1.51012776566
323525,325200,328289,1675,3089,2,7200,1.54224668177
323589,325216,328531,1627,3315,2,7200,1.49079939668
323768,343108,350473,19340,7365,18,36000,3.62593346911
323771,325230,328610,1459,3380,2,7200,1.43165680473
323823,325238,328489,1415,3251,2,7200,1.43525069209
324156,325333,328598,1177,3265,2,7200,1.36049004594
324171,325342,328553,1171,3211,2,7200,1.3646838991
324214,325350,328761,1136,3411,2,7200,1.33304016417
324229,325387,328945,1158,3558,2,7200,1.32546374368
324283,325485,328818,1202,3333,2,7200,1.36063606361
324353,325528,328938,1175,3410,2,7200,1.34457478006
324368,325580,329023,1212,3443,2,7200,1.35201858844
324383,325640,329136,1257,3496,2,7200,1.35955377574
324462,325654,328802,1192,3148,2,7200,1.37865311309
324477,325670,328886,1193,3216,2,7200,1.37095771144
324537,325721,328939,1184,3218,2,7200,1.36793039155
324892,325861,329073,969,3212,2,7200,1.30168119552
324922,325997,329475,1075,3478,2,7200,1.30908568143
324937,326252,329589,1315,3337,2,7200,1.39406652682
325001,326261,329797,1260,3536,2,7200,1.35633484163
325016,326471,329936,1455,3465,2,7200,1.41991341991
325031,326693,329975,1662,3282,2,7200,1.50639853748
325083,326719,330113,1636,3394,2,7200,1.48202710666
325098,326852,330189,1754,3337,2,7200,1.525621816
325122,326944,330459,1822,3515,2,7200,1.51834992888
325137,326952,330233,1815,3281,2,7200,1.55318500457
325189,326972,330359,1783,3387,2,7200,1.52642456451
325204,327031,330193,1827,3162,2,7200,1.57779886148
325219,327143,330477,1924,3334,2,7200,1.57708458308
325234,327182,330735,1948,3553,2,7200,1.54826906839
325322,327253,330807,1931,3554,2,7200,1.54333145751
325337,327519,331035,2182,3516,2,7200,1.62059158134
325339,327527,330804,2188,3277,2,7200,1.66768385719
325375,327683,331006,2308,3323,2,7200,1.69455311466
325472,327691,330975,2219,3284,2,7200,1.67570036541
325515,327755,331211,2240,3456,2,7200,1.64814814815
325569,327767,331129,2198,3362,2,7200,1.65377751338
325624,327806,331238,2182,3432,2,7200,1.63578088578
325642,327834,331206,2192,3372,2,7200,1.65005931198
325657,327946,331275,2289,3329,2,7200,1.68759387203
325709,327962,331482,2253,3520,2,7200,1.64005681818
325849,328004,331305,2155,3301,2,7200,1.65283247501
325985,328202,331644,2217,3442,2,7200,1.64410226612
326241,328236,331552,1995,3316,2,7200,1.60162846803
326256,328302,331466,2046,3164,2,7200,1.64664981037
326460,328310,331567,1850,3257,2,7200,1.56800736874
326682,328327,331794,1645,3467,2,7200,1.47447360831
326706,328365,331610,1659,3245,2,7200,1.51124807396
326931,328400,331927,1469,3527,2,7200,1.41650127587
326932,328441,331678,1509,3237,2,7200,1.46617238184
326960,328503,331938,1543,3435,2,7200,1.44919941776
327017,328543,331694,1526,3151,2,7200,1.48429070136
327133,328551,332056,1418,3505,2,7200,1.40456490728
327172,328566,331870,1394,3304,2,7200,1.42191283293
327242,328611,332015,1369,3404,2,7200,1.40217391304
327508,328626,331914,1118,3288,2,7200,1.3400243309
327523,328649,332124,1126,3475,2,7200,1.32402877698
327672,328657,331793,985,3136,2,7200,1.31409438776
327687,328774,332209,1087,3435,2,7200,1.31644832606
327742,328815,332247,1073,3432,2,7200,1.31264568765
327757,328833,331939,1076,3106,2,7200,1.34642627173
327793,328899,332354,1106,3455,2,7200,1.32011577424
327820,328951,332305,1131,3354,2,7200,1.33720930233
327933,328959,332190,1026,3231,2,7200,1.31754874652
327951,328964,332825,1013,3861,2,7200,1.26236726237
327994,329037,332152,1043,3115,2,7200,1.33483146067
328188,329086,332340,898,3254,2,7200,1.27596803934
328225,329150,332906,925,3756,2,7200,1.24627263046
328289,329488,332945,1199,3457,2,7200,1.34683251374
328304,329602,333069,1298,3467,2,7200,1.37438707817
328319,329811,333138,1492,3327,2,7200,1.44845205891
328340,330750,330815,2410,65,1,130,38.0769230769
328353,329949,333398,1596,3449,2,7200,1.46274282401
328389,329988,333366,1599,3378,2,7200,1.47335701599
328429,330125,333216,1696,3091,2,7200,1.54868974442
328492,330203,333431,1711,3228,2,7200,1.53004956629
328532,330211,333731,1679,3520,2,7200,1.47698863636
328547,330248,333651,1701,3403,2,7200,1.49985307082
328562,330373,333668,1811,3295,2,7200,1.54962063733
328599,330473,333862,1874,3389,2,7200,1.55296547654
328614,330489,333938,1875,3449,2,7200,1.54363583647
328636,330818,334332,2182,3514,2,7200,1.62094479226
328651,330826,334041,2175,3215,2,7200,1.6765163297
328763,330989,334223,2226,3234,2,7200,1.68831168831
328803,331021,334298,2218,3277,2,7200,1.67683857186
328821,331050,334405,2229,3355,2,7200,1.66438152012
328888,331142,334303,2254,3161,2,7200,1.71306548561
328940,331220,334479,2280,3259,2,7200,1.69960110463
328941,331233,334584,2292,3351,2,7200,1.68397493286
328956,331252,334471,2296,3219,2,7200,1.71326498913
329023,331294,334675,2271,3381,2,7200,1.67169476486
329075,331318,334957,2243,3639,2,7200,1.61637812586
329139,331479,335094,2340,3615,2,7200,1.64730290456
329474,331496,334882,2022,3386,2,7200,1.59716479622
329590,331566,334870,1976,3304,2,7200,1.598062954
329800,331623,335191,1823,3568,2,7200,1.51093049327
329939,331691,335009,1752,3318,2,7200,1.52802893309
329976,331808,334923,1832,3115,2,7200,1.58812199037
330115,331814,335310,1699,3496,2,7200,1.48598398169
330192,331883,335181,1691,3298,2,7200,1.5127349909
330193,331928,335180,1735,3252,2,7200,1.53351783518
330236,331940,335277,1704,3337,2,7200,1.51063829787
330360,331951,335489,1591,3538,2,7200,1.44968908988
330458,331960,335271,1502,3311,2,7200,1.45363938387
330479,332028,335422,1549,3394,2,7200,1.45639363583
330737,332069,335351,1332,3282,2,7200,1.40585009141
330807,332166,335615,1359,3449,2,7200,1.39402725428
330808,332223,335796,1415,3573,2,7200,1.39602574867
330976,332318,335392,1342,3074,2,7200,1.4365647365
331006,332353,336016,1347,3663,2,7200,1.36773136773
331036,332367,335612,1331,3245,2,7200,1.41016949153
331130,332838,336224,1708,3386,2,7200,1.50443000591
331209,333089,336227,1880,3138,2,7200,1.59910771192
331224,333152,336787,1928,3635,2,7200,1.53039889959
331240,333230,336616,1990,3386,2,7200,1.58771411695
331276,333411,336686,2135,3275,2,7200,1.65190839695
331280,331289,331340,9,51,1,130,1.17647058824
331281,331302,331357,21,55,1,130,1.38181818182
331282,331353,331414,71,61,1,130,2.16393442623
331283,331371,331415,88,44,1,130,3.0
331306,333664,337139,2358,3475,2,7200,1.67856115108
331467,333682,337025,2215,3343,2,7200,1.66257852229
331482,333744,337064,2262,3320,2,7200,1.6813253012
331552,333876,337374,2324,3498,2,7200,1.66437964551
331568,333951,337283,2383,3332,2,7200,1.71518607443
331610,334054,337535,2444,3481,2,7200,1.70209709853
331647,334148,337434,2501,3286,2,7200,1.76110772976
331681,334236,337650,2555,3414,2,7200,1.74838898653
331696,334312,337630,2616,3318,2,7200,1.78842676311
331759,331766,331838,7,72,1,130,1.09722222222
331760,331774,331858,14,84,1,130,1.16666666667
331761,331779,331847,18,68,1,130,1.26470588235
331762,331785,331864,23,79,1,130,1.29113924051
331794,334320,337620,2526,3300,2,7200,1.76545454545
331795,334346,337950,2551,3604,2,7200,1.70782463929
331871,334419,337759,2548,3340,2,7200,1.7628742515
331917,334485,337995,2568,3510,2,7200,1.73162393162
331932,334493,338016,2561,3523,2,7200,1.72693726937
331947,334598,337885,2651,3287,2,7200,1.80651049589
331949,334689,338198,2740,3509,2,7200,1.7808492448
332015,334882,338333,2867,3451,2,7200,1.83077368879
332058,334895,338242,2837,3347,2,7200,1.84762473857
332125,334936,338107,2811,3171,2,7200,1.88647114475
332152,334971,338439,2819,3468,2,7200,1.81286043829
332192,335023,338307,2831,3284,2,7200,1.86205846529
332210,335108,338784,2898,3676,2,7200,1.78835690968
332249,335194,338417,2945,3223,2,7200,1.91374495811
332307,335199,338510,2892,3311,2,7200,1.87345212927
332341,335207,338765,2866,3558,2,7200,1.80550871276
332356,335285,338709,2929,3424,2,7200,1.85543224299
332398,332405,332406,7,1,2,3540,1.0
332623,332919,334130,296,1211,16,1210,1.24442609414
332625,334143,335339,1518,1196,16,1210,2.26923076923
332626,335351,336579,2725,1228,16,1210,3.21905537459
332627,343114,344288,10487,1174,16,1210,9.93270868825
332826,335293,338464,2467,3171,2,7200,1.7779880164
332908,335323,338926,2415,3603,2,7200,1.67027477102
332945,335364,338483,2419,3119,2,7200,1.77556909266
333003,333010,333081,7,71,1,130,1.0985915493
333004,333083,333154,79,71,1,130,2.11267605634
333005,333097,333175,92,78,1,130,2.17948717949
333006,333167,333256,161,89,1,130,2.80898876404
333069,335405,338705,2336,3300,2,7200,1.70787878788
333139,335435,338703,2296,3268,2,7200,1.70257037944
333218,335502,338715,2284,3213,2,7200,1.71086212263
333366,335626,339050,2260,3424,2,7200,1.66004672897
333400,335633,339117,2233,3484,2,7200,1.64092996556
333431,335809,339544,2378,3735,2,7200,1.63668005355
333522,333529,334060,7,531,1,1210,1.0131826742
333523,333537,334351,14,814,1,1210,1.0171990172
333524,333543,334168,19,625,1,1210,1.0304
333525,333548,334112,23,564,1,1210,1.04078014184
333652,336028,339536,2376,3508,2,7200,1.67730900798
333670,336238,339760,2568,3522,2,7200,1.72913117547
333731,336246,339650,2515,3404,2,7200,1.73883666275
333864,336630,340195,2766,3565,2,7200,1.77587657784
333937,336699,340240,2762,3541,2,7200,1.78000564812
334040,336800,340223,2760,3423,2,7200,1.80631025416
334226,337038,340663,2812,3625,2,7200,1.77572413793
334299,337078,340606,2779,3528,2,7200,1.7876984127
334314,337152,340327,2838,3175,2,7200,1.89385826772
334335,337295,340955,2960,3660,2,7200,1.8087431694
334408,337387,340855,2979,3468,2,7200,1.85899653979
334472,337448,340927,2976,3479,2,7200,1.85541822363
334487,337548,340669,3061,3121,2,7200,1.9807753925
334584,337633,341102,3049,3469,2,7200,1.87892764485
334678,337643,340906,2965,3263,2,7200,1.90867300031
334872,337664,340986,2792,3322,2,7200,1.84045755569
334887,337773,341129,2886,3356,2,7200,1.8599523242
334924,337898,341284,2974,3386,2,7200,1.87832250443
334960,337963,341335,3003,3372,2,7200,1.89056939502
335012,338008,341627,2996,3619,2,7200,1.82785299807
335097,338029,341382,2932,3353,2,7200,1.87444079928
335182,338120,341455,2938,3335,2,7200,1.88095952024
335184,338212,341558,3028,3346,2,7200,1.90496114764
335199,338255,341584,3056,3329,2,7200,1.91799339141
335275,338321,341478,3046,3157,2,7200,1.96484003801
335290,338346,341704,3056,3358,2,7200,1.91006551519
335311,338430,341793,3119,3363,2,7200,1.92744573298
335353,338453,341525,3100,3072,2,7200,2.00911458333
335394,338478,341941,3084,3463,2,7200,1.89055732024
335424,338496,341944,3072,3448,2,7200,1.8909512761
335482,344302,345136,8820,834,16,1210,11.5755395683
335483,344483,345311,9000,828,16,1210,11.8695652174
335484,345155,346019,9671,864,16,1210,12.193287037
335485,345325,346163,9840,838,16,1210,12.7422434368
335488,338523,342083,3035,3560,2,7200,1.85252808989
335613,338717,342147,3104,3430,2,7200,1.90495626822
335628,338722,342181,3094,3459,2,7200,1.89447817288
335798,338730,341958,2932,3228,2,7200,1.9083023544
336017,338735,342342,2718,3607,2,7200,1.75353479346
336225,338778,341931,2553,3153,2,7200,1.80970504282
336226,338797,342311,2571,3514,2,7200,1.73164484917
336619,338938,342099,2319,3161,2,7200,1.73362859854
336689,339062,342315,2373,3253,2,7200,1.72948047956
336787,339131,342543,2344,3412,2,7200,1.68698710434
337027,339548,342943,2521,3395,2,7200,1.74256259205
337066,339557,343062,2491,3505,2,7200,1.71069900143
337139,339663,343209,2524,3546,2,7200,1.71178793006
337285,339774,342942,2489,3168,2,7200,1.78566919192
337376,340208,343451,2832,3243,2,7200,1.87326549491
337434,340239,343418,2805,3179,2,7200,1.88235294118
337537,340254,343541,2717,3287,2,7200,1.82658959538
337622,340340,343727,2718,3387,2,7200,1.80248007086
337637,340619,343740,2982,3121,2,7200,1.95546299263
337652,340676,344180,3024,3504,2,7200,1.86301369863
337762,340683,343882,2921,3199,2,7200,1.91309784308
337887,340867,344269,2980,3402,2,7200,1.8759553204
337951,340920,344127,2969,3207,2,7200,1.92578734019
337997,340939,344506,2942,3567,2,7200,1.82478273059
338018,340969,344325,2951,3356,2,7200,1.87932061979
338109,340999,344391,2890,3392,2,7200,1.85200471698
338200,341115,344650,2915,3535,2,7200,1.82461103253
338242,341141,344692,2899,3551,2,7200,1.81638974937
338309,341297,344618,2988,3321,2,7200,1.89972899729
338333,341348,344712,3015,3364,2,7200,1.89625445898
338418,341395,344677,2977,3282,2,7200,1.90706886045
338440,341468,344723,3028,3255,2,7200,1.93026113671
338464,341492,344842,3028,3350,2,7200,1.90388059701
338485,341539,344859,3054,3320,2,7200,1.91987951807
338513,341571,344980,3058,3409,2,7200,1.89703725433
338704,341596,345121,2892,3525,2,7200,1.82042553191
338706,341640,345210,2934,3570,2,7200,1.8218487395
338721,341717,345429,2996,3712,2,7200,1.80711206897
338722,341806,345090,3084,3284,2,7200,1.93909866017
338765,341944,345059,3179,3115,2,7200,2.02054574639
338786,341954,345186,3168,3232,2,7200,1.9801980198
338926,341962,345135,3036,3173,2,7200,1.95682319571
339051,341971,345180,2920,3209,2,7200,1.90994079152
339117,342096,345573,2979,3477,2,7200,1.85677308024
339537,342112,345459,2575,3347,2,7200,1.7693456827
339553,342160,345657,2607,3497,2,7200,1.74549613955
339653,342194,345754,2541,3560,2,7200,1.71376404494
339761,342327,345615,2566,3288,2,7200,1.7804136253
340197,342332,345876,2135,3544,2,7200,1.60242663657
340225,342354,345607,2129,3253,2,7200,1.65447279434
340243,342556,346048,2313,3492,2,7200,1.66237113402
340327,342955,346396,2628,3441,2,7200,1.76373147341
340609,342960,346444,2351,3484,2,7200,1.67479908152
340664,343075,346664,2411,3589,2,7200,1.67177486765
340679,343223,346679,2544,3456,2,7200,1.73611111111
340855,343431,346941,2576,3510,2,7200,1.7339031339
340906,343464,346705,2558,3241,2,7200,1.78926257328
340928,343554,346750,2626,3196,2,7200,1.82165206508
340958,343741,347051,2783,3310,2,7200,1.84078549849
340988,343753,347402,2765,3649,2,7200,1.75774184708
341104,343895,347162,2791,3267,2,7200,1.85430058157
341131,344140,347710,3009,3570,2,7200,1.84285714286
341286,344195,347759,2909,3564,2,7200,1.81621773288
341335,344282,347705,2947,3423,2,7200,1.8609406953
341384,344338,347663,2954,3325,2,7200,1.88842105263
341457,344404,347914,2947,3510,2,7200,1.8396011396
341481,344489,347703,3008,3214,2,7200,1.93590541381
341526,344519,348182,2993,3663,2,7200,1.81708981709
341560,344632,347800,3072,3168,2,7200,1.9696969697
341584,344663,348136,3079,3473,2,7200,1.88655341204
341627,344691,348144,3064,3453,2,7200,1.88734433826
341706,344706,348403,3000,3697,2,7200,1.81146875845
341794,344725,347880,2931,3155,2,7200,1.92900158479
341934,344735,348052,2801,3317,2,7200,1.84443774495
341949,344857,347983,2908,3126,2,7200,1.93026231606
341951,344872,348386,2921,3514,2,7200,1.8312464428
341966,344994,348385,3028,3391,2,7200,1.89295193158
342085,345072,348340,2987,3268,2,7200,1.91401468788
342100,345104,348364,3004,3260,2,7200,1.92147239264
342148,345134,348374,2986,3240,2,7200,1.92160493827
342182,345148,348438,2966,3290,2,7200,1.90151975684
342313,345193,348841,2880,3648,2,7200,1.78947368421
342328,345201,348353,2873,3152,2,7200,1.91148477157
342343,345224,348250,2881,3026,2,7200,1.95208195638
342544,345442,349005,2898,3563,2,7200,1.81335952849
342943,345473,348910,2530,3437,2,7200,1.73610707012
342945,345586,349002,2641,3416,2,7200,1.7731264637
343063,345620,349151,2557,3531,2,7200,1.72415746248
343210,345629,349128,2419,3499,2,7200,1.69134038297
343420,345670,349184,2250,3514,2,7200,1.64029595902
343453,345767,349337,2314,3570,2,7200,1.64817927171
343541,345889,349736,2348,3847,2,7200,1.61034572394
343730,346061,349376,2331,3315,2,7200,1.70316742081
343745,346409,349749,2664,3340,2,7200,1.79760479042
343885,346458,350075,2573,3617,2,7200,1.71136300802
344129,346678,350226,2549,3548,2,7200,1.71843291995
344183,346692,349882,2509,3190,2,7200,1.78652037618
344268,346719,349940,2451,3221,2,7200,1.76094380627
344326,346763,350028,2437,3265,2,7200,1.74640122511
344393,346954,350379,2561,3425,2,7200,1.74773722628
344508,347064,350516,2556,3452,2,7200,1.74044032445
344621,347175,350569,2554,3394,2,7200,1.75250441956
344651,347415,351353,2764,3938,2,7200,1.70187912646
344679,347676,350997,2997,3321,2,7200,1.90243902439
344694,347715,351140,3021,3425,2,7200,1.88204379562
344712,347723,351191,3011,3468,2,7200,1.86822376009
344727,347728,351263,3001,3535,2,7200,1.84893917963
344846,347771,351072,2925,3301,2,7200,1.88609512269
344861,347814,351203,2953,3389,2,7200,1.87134848038
344982,347893,351713,2911,3820,2,7200,1.76204188482
345061,347927,351078,2866,3151,2,7200,1.90955252301
345091,347996,351320,2905,3324,2,7200,1.87394705174
345122,348065,351172,2943,3107,2,7200,1.94721596395
345137,348150,351395,3013,3245,2,7200,1.92850539291
345183,348157,351715,2974,3558,2,7200,1.83586284429
345198,348195,351557,2997,3362,2,7200,1.89143367043
345213,348264,351388,3051,3124,2,7200,1.97663252241
345432,348353,351733,2921,3380,2,7200,1.86420118343
345462,348367,351729,2905,3362,2,7200,1.86406900654
345574,348376,351839,2802,3463,2,7200,1.8091250361
345610,348388,351894,2778,3506,2,7200,1.79235596121
345625,348399,351898,2774,3499,2,7200,1.79279794227
345659,348404,351772,2745,3368,2,7200,1.81502375297
345756,348411,351728,2655,3317,2,7200,1.80042206813
345877,348424,351852,2547,3428,2,7200,1.74299883314
346050,348452,351766,2402,3314,2,7200,1.7248038624
346396,348854,352194,2458,3340,2,7200,1.73592814371
346445,348923,352182,2478,3259,2,7200,1.7603559374
346666,349016,352300,2350,3284,2,7200,1.715590743
346681,349024,352568,2343,3544,2,7200,1.66111738149
346706,349142,352507,2436,3365,2,7200,1.72392273403
346751,349164,352471,2413,3307,2,7200,1.72966434835
346942,349197,352682,2255,3485,2,7200,1.64705882353
347052,349351,352891,2299,3540,2,7200,1.64943502825
347164,349389,352997,2225,3608,2,7200,1.61668514412
347404,349749,353288,2345,3539,2,7200,1.66261655835
347664,349762,353261,2098,3499,2,7200,1.59959988568
347704,349895,353380,2191,3485,2,7200,1.62869440459
347719,349954,353438,2235,3484,2,7200,1.64150401837
347720,350041,353487,2321,3446,2,7200,1.67353453279
347760,350088,353334,2328,3246,2,7200,1.71719038817
347803,350240,354036,2437,3796,2,7200,1.64199157007
347882,350392,353693,2510,3301,2,7200,1.76037564374
347915,350529,353711,2614,3182,2,7200,1.82149591452
347985,350586,354179,2601,3593,2,7200,1.72390759811
348052,351011,354152,2959,3141,2,7200,1.94205666985
348137,351085,354456,2948,3371,2,7200,1.8745179472
348152,351092,354292,2940,3200,2,7200,1.91875
348183,351153,354314,2970,3161,2,7200,1.93957608352
348253,351185,354864,2932,3679,2,7200,1.79695569448
348341,351205,354623,2864,3418,2,7200,1.83791691047
348356,351216,354536,2860,3320,2,7200,1.86144578313
348372,351276,354716,2904,3440,2,7200,1.84418604651
348387,351333,354546,2946,3213,2,7200,1.91690009337
348388,351366,354624,2978,3258,2,7200,1.91405770411
348390,351401,355049,3011,3648,2,7200,1.82538377193
348405,351409,354568,3004,3159,2,7200,1.95093383982
348438,351571,354958,3133,3387,2,7200,1.92500738116
348843,351728,355117,2885,3389,2,7200,1.85128356447
348910,351733,355173,2823,3440,2,7200,1.82063953488
349004,351740,355175,2736,3435,2,7200,1.79650655022
349019,351748,355134,2729,3386,2,7200,1.80596574129
349131,351753,355069,2622,3316,2,7200,1.79071170084
349152,351778,355012,2626,3234,2,7200,1.81199752628
349186,351786,355160,2600,3374,2,7200,1.77059869591
349338,351852,355057,2514,3205,2,7200,1.78439937598
349377,351866,355711,2489,3845,2,7200,1.64733420026
349738,351907,355120,2169,3213,2,7200,1.67507002801
349753,351915,355432,2162,3517,2,7200,1.61472846176
349884,352195,355786,2311,3591,2,7200,1.64355332776
349942,352207,355385,2265,3178,2,7200,1.71271239773
350030,352314,355684,2284,3370,2,7200,1.67774480712
350076,352484,356077,2408,3593,2,7200,1.67019204008
350229,352519,355805,2290,3286,2,7200,1.69689592209
350380,352582,355825,2202,3243,2,7200,1.67900092507
350516,352695,356148,2179,3453,2,7200,1.63104546771
350571,352904,355866,2333,2962,2,7200,1.78764348413
350998,353010,356311,2012,3301,2,7200,1.60951226901
351075,353274,356780,2199,3506,2,7200,1.62721049629
351090,353301,356894,2211,3593,2,7200,1.61536320623
351142,353347,356950,2205,3603,2,7200,1.61199000833
351172,353394,356744,2222,3350,2,7200,1.66328358209
351194,353452,356832,2258,3380,2,7200,1.66804733728
351209,353500,356666,2291,3166,2,7200,1.72362602653
351264,353706,357202,2442,3496,2,7200,1.69851258581
351322,353723,357188,2401,3465,2,7200,1.69292929293
351355,354049,357599,2694,3550,2,7200,1.75887323944
351389,354165,357604,2776,3439,2,7200,1.80721139866
351404,354191,357726,2787,3535,2,7200,1.78840169731
351559,354305,360396,2746,6091,2,7200,1.4508290921
351714,354327,357722,2613,3395,2,7200,1.76966126657
351716,354468,357578,2752,3110,2,7200,1.88488745981
351732,354550,358147,2818,3597,2,7200,1.78343063664
351733,354560,357637,2827,3077,2,7200,1.9187520312
351748,354581,357899,2833,3318,2,7200,1.85382760699
351766,354636,357706,2870,3070,2,7200,1.9348534202
351782,354643,358082,2861,3439,2,7200,1.83192788601
351840,354730,358350,2890,3620,2,7200,1.79834254144
351855,354877,358477,3022,3600,2,7200,1.83944444444
351895,354971,358453,3076,3482,2,7200,1.88340034463
351911,355025,358316,3114,3291,2,7200,1.94621695533
352182,355064,358765,2882,3701,2,7200,1.77870845717
352197,355072,358418,2875,3346,2,7200,1.85923490735
352301,355083,358530,2782,3447,2,7200,1.80707861909
352473,355129,358602,2656,3473,2,7200,1.7647566945
352507,355136,358656,2629,3520,2,7200,1.746875
352570,355147,358486,2577,3339,2,7200,1.77178796047
352682,355173,358376,2491,3203,2,7200,1.77770839838
352892,355185,358924,2293,3739,2,7200,1.61326557903
352998,355192,358480,2194,3288,2,7200,1.66727493917
353263,355398,359096,2135,3698,2,7200,1.57733910222
353289,355445,358743,2156,3298,2,7200,1.65372953305
353335,355697,359102,2362,3405,2,7200,1.69368575624
353380,355723,358828,2343,3105,2,7200,1.75458937198
353441,355799,359013,2358,3214,2,7200,1.73366521469
353487,355818,359190,2331,3372,2,7200,1.69128113879
353694,355838,359735,2144,3897,2,7200,1.55016679497
353712,355879,359203,2167,3324,2,7200,1.6519253911
354037,356091,359516,2054,3425,2,7200,1.5997080292
354153,356162,359477,2009,3315,2,7200,1.6060331825
354180,356324,359733,2144,3409,2,7200,1.62892343796
354292,356679,360142,2387,3463,2,7200,1.6892867456
354314,356757,360222,2443,3465,2,7200,1.70505050505
354456,356793,360248,2337,3455,2,7200,1.67641099855
354538,356846,360316,2308,3470,2,7200,1.665129683
354553,356907,360726,2354,3819,2,7200,1.61639172558
354568,356964,360331,2396,3367,2,7200,1.71161271161
354624,357201,360462,2577,3261,2,7200,1.79024839006
354639,357216,360625,2577,3409,2,7200,1.7559401584
354718,357591,361262,2873,3671,2,7200,1.78262053936
354864,357613,361058,2749,3445,2,7200,1.79796806967
354894,354902,355072,8,170,1,3600,1.04705882353
354958,357621,361153,2663,3532,2,7200,1.75396375991
355013,357650,361128,2637,3478,2,7200,1.75819436458
355052,357719,361037,2667,3318,2,7200,1.80379746835
355068,357735,361309,2667,3574,2,7200,1.74622271964
355083,357743,361131,2660,3388,2,7200,1.78512396694
355116,357913,361531,2797,3618,2,7200,1.7730790492
355132,358095,361291,2963,3196,2,7200,1.92709637046
355147,358160,361443,3013,3283,2,7200,1.91775814804
355163,358329,361726,3166,3397,2,7200,1.93199882249
355179,358363,361658,3184,3295,2,7200,1.96631259484
355180,358389,361598,3209,3209,2,7200,2.0
355241,355248,355578,7,330,1,3600,1.02121212121
355386,358430,361709,3044,3279,2,7200,1.92833180848
355432,358466,362036,3034,3570,2,7200,1.84985994398
355685,358490,361556,2805,3066,2,7200,1.91487279843
355712,358498,361832,2786,3334,2,7200,1.83563287343
355788,358506,362002,2718,3496,2,7200,1.77745995423
355806,358543,361957,2737,3414,2,7200,1.80169888694
355828,358615,362115,2787,3500,2,7200,1.79628571429
355867,358670,362094,2803,3424,2,7200,1.81863317757
355931,355939,356720,8,781,1,3600,1.01024327785
356080,358756,362217,2676,3461,2,7200,1.77318694019
356150,358777,361986,2627,3209,2,7200,1.81863508881
356313,358841,362175,2528,3334,2,7200,1.75824835033
356667,358937,362471,2270,3534,2,7200,1.64233163554
356746,359026,362515,2280,3489,2,7200,1.65348237317
356782,359109,362398,2327,3289,2,7200,1.70750988142
356834,359117,362283,2283,3166,2,7200,1.72109917877
356895,359203,362494,2308,3291,2,7200,1.70130659374
356952,359216,362933,2264,3717,2,7200,1.60909335486
357190,359490,362865,2300,3375,2,7200,1.68148148148
357205,359529,362611,2324,3082,2,7200,1.75405580792
357578,359746,363411,2168,3665,2,7200,1.59154160982
357599,359753,363205,2154,3452,2,7200,1.62398609502
357614,360155,363660,2541,3505,2,7200,1.72496433666
357639,360236,363756,2597,3520,2,7200,1.73778409091
357706,360262,363684,2556,3422,2,7200,1.74693161894
357724,360329,363646,2605,3317,2,7200,1.78534820621
357739,360345,363781,2606,3436,2,7200,1.75844004657
357901,360409,363916,2508,3507,2,7200,1.71514114628
357924,357932,358037,8,105,1,3600,1.07619047619
358083,360475,363810,2392,3335,2,7200,1.71724137931
358149,360638,363872,2489,3234,2,7200,1.76963512678
358204,358212,358537,8,325,1,3600,1.02461538462
358317,360739,363903,2422,3164,2,7200,1.76548672566
358350,361050,364496,2700,3446,2,7200,1.7835171213
358378,361071,364598,2693,3527,2,7200,1.76353841792
358420,361082,364387,2662,3305,2,7200,1.80544629349
358440,358551,358725,111,174,1,3600,1.63793103448
358454,361141,364319,2687,3178,2,7200,1.84550031466
358478,361149,364528,2671,3379,2,7200,1.79047055342
358493,361166,364477,2673,3311,2,7200,1.8073089701
358495,361276,364836,2781,3560,2,7200,1.78117977528
358531,361304,364616,2773,3312,2,7200,1.83725845411
358604,361322,364884,2718,3562,2,7200,1.76305446378
358659,361456,364688,2797,3232,2,7200,1.86540841584
358744,361545,364892,2801,3347,2,7200,1.83686883777
358766,361569,365012,2803,3443,2,7200,1.81411559686
358829,361610,364867,2781,3257,2,7200,1.85385323918
358886,358893,359241,7,348,1,3600,1.02011494253
358924,361671,365155,2747,3484,2,7200,1.78846153846
358991,359251,359851,260,600,1,3600,1.43333333333
359015,361722,365383,2707,3661,2,7200,1.73941546026
359097,361739,365327,2642,3588,2,7200,1.73634336678
359112,361844,365207,2732,3363,2,7200,1.81236990782
359192,361970,365277,2778,3307,2,7200,1.84003628666
359207,361999,365575,2792,3576,2,7200,1.7807606264
359478,362016,365533,2538,3517,2,7200,1.72163775945
359518,362049,365617,2531,3568,2,7200,1.70936098655
359589,359861,360688,272,827,1,3600,1.32889963724
359735,362107,365396,2372,3289,2,7200,1.72119185163
359736,362128,365481,2392,3353,2,7200,1.71339099314
360142,362188,365394,2046,3206,2,7200,1.63817841547
360224,362230,365654,2006,3424,2,7200,1.58586448598
360249,362296,365691,2047,3395,2,7200,1.6029455081
360319,362411,365884,2092,3473,2,7200,1.60236107112
360334,362484,365846,2150,3362,2,7200,1.63950029744
360398,362508,365992,2110,3484,2,7200,1.60562571757
360465,362528,366158,2063,3630,2,7200,1.56831955923
360627,362625,365881,1998,3256,2,7200,1.61363636364
360727,362877,366182,2150,3305,2,7200,1.65052950076
361037,362946,366562,1909,3616,2,7200,1.52793141593
361059,363219,367031,2160,3812,2,7200,1.5666316894
361129,363424,366861,2295,3437,2,7200,1.66773348851
361131,363659,367059,2528,3400,2,7200,1.74352941176
361155,363674,367054,2519,3380,2,7200,1.74526627219
361265,363697,367097,2432,3400,2,7200,1.71529411765
361292,363769,367100,2477,3331,2,7200,1.74362053437
361310,363794,366921,2484,3127,2,7200,1.79437160217
361444,363823,367303,2379,3480,2,7200,1.68362068966
361532,363885,367082,2353,3197,2,7200,1.73600250235
361557,363916,367183,2359,3267,2,7200,1.72206917661
361599,363928,367291,2329,3363,2,7200,1.69253642581
361660,364332,367933,2672,3601,2,7200,1.74201610664
361709,364400,367750,2691,3350,2,7200,1.80328358209
361727,364490,367942,2763,3452,2,7200,1.80040556199
361835,364509,367951,2674,3442,2,7200,1.77687391052
361959,364541,367947,2582,3406,2,7200,1.75807398708
361986,364612,367927,2626,3315,2,7200,1.79215686275
362004,364628,367920,2624,3292,2,7200,1.79708383961
362038,364701,367901,2663,3200,2,7200,1.8321875
362096,364849,368220,2753,3371,2,7200,1.8166716108
362117,364881,368516,2764,3635,2,7200,1.76038514443
362178,364897,368275,2719,3378,2,7200,1.80491415038
362218,364905,368216,2687,3311,2,7200,1.81153729991
362285,365026,368428,2741,3402,2,7200,1.80570252792
362400,365168,368653,2768,3485,2,7200,1.79426111908
362474,365220,368746,2746,3526,2,7200,1.77878615995
362495,365289,368632,2794,3343,2,7200,1.83577624888
362516,365340,368913,2824,3573,2,7200,1.79037223622
362614,365398,368495,2784,3097,2,7200,1.8989344527
362866,365408,368867,2542,3459,2,7200,1.73489447817
362933,365416,368725,2483,3309,2,7200,1.75037775763
363208,365495,368819,2287,3324,2,7200,1.68802647413
363412,365546,369058,2134,3512,2,7200,1.6076309795
363647,365588,369022,1941,3434,2,7200,1.56523005242
363663,365630,369339,1967,3709,2,7200,1.53033162578
363684,365667,369403,1983,3736,2,7200,1.53078158458
363757,365704,368824,1947,3120,2,7200,1.62403846154
363782,365859,369539,2077,3680,2,7200,1.56440217391
363812,365894,369263,2082,3369,2,7200,1.61798753339
363873,365902,369463,2029,3561,2,7200,1.5697837686
363904,366005,369665,2101,3660,2,7200,1.57404371585
363919,366172,369501,2253,3329,2,7200,1.67677981376
364320,366195,369581,1875,3386,2,7200,1.55375073833
364387,366575,370111,2188,3536,2,7200,1.61877828054
364479,366874,370318,2395,3444,2,7200,1.69541231127
364497,366934,370422,2437,3488,2,7200,1.69868119266
364531,367044,370286,2513,3242,2,7200,1.77513880321
364601,367068,370149,2467,3081,2,7200,1.80071405388
364616,367076,370322,2460,3246,2,7200,1.75785582255
364689,367095,370604,2406,3509,2,7200,1.68566543175
364835,367111,370825,2276,3714,2,7200,1.61281637049
364869,367119,370477,2250,3358,2,7200,1.67004169148
364887,367196,370313,2309,3117,2,7200,1.74077638755
364902,367304,370607,2402,3303,2,7200,1.7272176809
365015,367315,370775,2300,3460,2,7200,1.66473988439
365155,367764,371183,2609,3419,2,7200,1.7630886224
365210,367914,371383,2704,3469,2,7200,1.77947535313
365277,367933,371273,2656,3340,2,7200,1.79520958084
365328,367941,371331,2613,3390,2,7200,1.77079646018
365386,367949,371456,2563,3507,2,7200,1.73082406615
365403,367957,371408,2554,3451,2,7200,1.74007534048
365404,367965,371595,2561,3630,2,7200,1.70550964187
365484,367970,371400,2486,3430,2,7200,1.72478134111
365533,368229,371549,2696,3320,2,7200,1.81204819277
365575,368237,371653,2662,3416,2,7200,1.77927400468
365618,368288,371633,2670,3345,2,7200,1.79820627803
365655,368441,371954,2786,3513,2,7200,1.79305436948
365691,368508,371972,2817,3464,2,7200,1.81322170901
365847,368529,371844,2682,3315,2,7200,1.80904977376
365884,368645,371963,2761,3318,2,7200,1.83212778782
365885,368666,372041,2781,3375,2,7200,1.824
365995,368738,371857,2743,3119,2,7200,1.8794485412
366159,368760,372412,2601,3652,2,7200,1.71221248631
366184,368831,372267,2647,3436,2,7200,1.77037252619
366562,368840,372112,2278,3272,2,7200,1.69621026895
366860,368880,372571,2020,3691,2,7200,1.54727716066
366921,368927,372443,2006,3516,2,7200,1.57053469852
367031,369037,372786,2006,3749,2,7200,1.53507602027
367055,369071,372347,2016,3276,2,7200,1.61538461538
367070,369276,372532,2206,3256,2,7200,1.67751842752
367085,369352,372766,2267,3414,2,7200,1.6640304628
367101,369416,373047,2315,3631,2,7200,1.63756540898
367102,369477,373002,2375,3525,2,7200,1.67375886525
367184,369514,372891,2330,3377,2,7200,1.68996150429
367294,369553,373187,2259,3634,2,7200,1.62162905889
367310,369594,373267,2284,3673,2,7200,1.62183501225
367752,369678,373184,1926,3506,2,7200,1.54934398175
367902,370124,373450,2222,3326,2,7200,1.66806975346
367920,370162,373824,2242,3662,2,7200,1.61223375205
367936,370299,373642,2363,3343,2,7200,1.70685013461
367937,370326,373637,2389,3311,2,7200,1.72153427967
367953,370334,373857,2381,3523,2,7200,1.67584445075
367954,370342,373720,2388,3378,2,7200,1.70692717584
367956,370435,373985,2479,3550,2,7200,1.69830985915
368218,370490,373812,2272,3322,2,7200,1.68392534618
368233,370616,374130,2383,3514,2,7200,1.6781445646
368273,370624,374047,2351,3423,2,7200,1.68682442302
368431,370788,374125,2357,3337,2,7200,1.70632304465
368495,370837,374295,2342,3458,2,7200,1.67727009832
368516,371196,374768,2680,3572,2,7200,1.75027995521
368635,371287,374743,2652,3456,2,7200,1.76736111111
368653,371344,375038,2691,3694,2,7200,1.72847861397
368727,371396,374828,2669,3432,2,7200,1.77768065268
368748,371414,374866,2666,3452,2,7200,1.77230590962
368821,371422,374932,2601,3510,2,7200,1.74102564103
368836,371469,374700,2633,3231,2,7200,1.81491798205
368870,371561,374996,2691,3435,2,7200,1.78340611354
368909,371609,374854,2700,3245,2,7200,1.83204930663
369025,371646,375036,2621,3390,2,7200,1.77315634218
369059,371667,374979,2608,3312,2,7200,1.78743961353
369266,371858,375057,2592,3199,2,7200,1.81025320413
369339,371871,375122,2532,3251,2,7200,1.77883728084
369403,371967,375403,2564,3436,2,7200,1.74621653085
369464,371976,375465,2512,3489,2,7200,1.71997707079
369504,371986,375356,2482,3370,2,7200,1.73649851632
369540,372054,375499,2514,3445,2,7200,1.7297532656
369583,372126,375706,2543,3580,2,7200,1.71033519553
369668,372279,375581,2611,3302,2,7200,1.79073288916
370112,372360,375676,2248,3316,2,7200,1.6779252111
370149,372426,376197,2277,3771,2,7200,1.60381861575
370289,372456,375874,2167,3418,2,7200,1.63399648917
370313,372545,375758,2232,3213,2,7200,1.69467787115
370328,372585,375924,2257,3339,2,7200,1.6759508835
370330,372780,376398,2450,3618,2,7200,1.67716970702
370424,372799,376012,2375,3213,2,7200,1.73918456271
370479,372904,376355,2425,3451,2,7200,1.70269487105
370604,373016,376234,2412,3218,2,7200,1.74953387197
370619,373060,376410,2441,3350,2,7200,1.72865671642
370778,373196,376541,2418,3345,2,7200,1.72286995516
370827,373205,376350,2378,3145,2,7200,1.75612082671
371184,373280,377011,2096,3731,2,7200,1.56177968373
371276,373463,377180,2187,3717,2,7200,1.58837772397
371331,373650,377107,2319,3457,2,7200,1.67081284351
371385,373657,377126,2272,3469,2,7200,1.65494378784
371401,373733,377191,2332,3458,2,7200,1.67437825333
371416,373826,377208,2410,3382,2,7200,1.71259609698
371459,373837,377425,2378,3588,2,7200,1.66276477146
371550,373869,377584,2319,3715,2,7200,1.62422611036
371599,373999,377356,2400,3357,2,7200,1.71492403932
371635,374059,377412,2424,3353,2,7200,1.72293468536
371654,374139,378129,2485,3990,2,7200,1.62280701754
371845,374147,377759,2302,3612,2,7200,1.6373200443
371860,374308,377735,2448,3427,2,7200,1.71432740006
371955,374713,377960,2758,3247,2,7200,1.84939944564
371971,374757,378088,2786,3331,2,7200,1.83638546983
371986,374781,378174,2795,3393,2,7200,1.82375478927
372044,374840,378381,2796,3541,2,7200,1.78960745552
372114,374867,378425,2753,3558,2,7200,1.77374929736
372269,374879,378068,2610,3189,2,7200,1.81843838194
372348,374945,378394,2597,3449,2,7200,1.75297187591
372415,374993,378207,2578,3214,2,7200,1.80211574362
372445,375010,378563,2565,3553,2,7200,1.72192513369
372534,375050,378459,2516,3409,2,7200,1.7380463479
372574,375058,378194,2484,3136,2,7200,1.79209183673
372769,375071,378425,2302,3354,2,7200,1.68634466309
372787,375136,378456,2349,3320,2,7200,1.70753012048
372894,375370,378686,2476,3316,2,7200,1.7466827503
373004,375416,378709,2412,3293,2,7200,1.73246279988
373050,375478,378768,2428,3290,2,7200,1.73799392097
373187,375512,378987,2325,3475,2,7200,1.6690647482
373189,375595,378865,2406,3270,2,7200,1.73577981651
373267,375689,379186,2422,3497,2,7200,1.6925936517
373450,375719,379244,2269,3525,2,7200,1.64368794326
373639,375771,379150,2132,3379,2,7200,1.63095590411
373654,375887,379343,2233,3456,2,7200,1.64612268519
373722,375937,379422,2215,3485,2,7200,1.63558106169
373813,376025,379467,2212,3442,2,7200,1.64264962231
373828,376210,379537,2382,3327,2,7200,1.71596032462
373859,376248,379910,2389,3662,2,7200,1.65237575096
373987,376363,379723,2376,3360,2,7200,1.70714285714
374047,376370,379478,2323,3108,2,7200,1.74742599743
374086,408986,499024,34900,90038,1,90000,1.38761411848
374127,376412,379862,2285,3450,2,7200,1.66231884058
374142,376424,379855,2282,3431,2,7200,1.66511221218
374297,376554,379977,2257,3423,2,7200,1.65936313176
374702,377024,380314,2322,3290,2,7200,1.70577507599
374744,377120,380574,2376,3454,2,7200,1.68789808917
374768,377139,380786,2371,3647,2,7200,1.65012338909
374830,377194,380621,2364,3427,2,7200,1.68981616574
374854,377204,380679,2350,3475,2,7200,1.67625899281
374869,377220,380479,2351,3259,2,7200,1.72138692851
374934,377369,380734,2435,3365,2,7200,1.72362555721
374982,377424,380863,2442,3439,2,7200,1.71009014248
374997,377439,380847,2442,3408,2,7200,1.71654929577
375037,377598,381003,2561,3405,2,7200,1.75212922173
375038,377748,381443,2710,3695,2,7200,1.73342354533
375061,377772,381137,2711,3365,2,7200,1.80564635958
375125,377973,381326,2848,3353,2,7200,1.84938860722
375358,378081,381346,2723,3265,2,7200,1.83399693721
375404,378101,381647,2697,3546,2,7200,1.76057529611
375466,378142,381638,2676,3496,2,7200,1.76544622426
375499,378187,381646,2688,3459,2,7200,1.77710320902
375581,378209,381547,2628,3338,2,7200,1.7872977831
375676,378220,381475,2544,3255,2,7200,1.78156682028
375707,378395,381720,2688,3325,2,7200,1.80842105263
375759,378408,381928,2649,3520,2,7200,1.75255681818
375876,378439,381721,2563,3282,2,7200,1.78092626447
375924,378445,381854,2521,3409,2,7200,1.73951305368
376013,378468,381710,2455,3242,2,7200,1.75724861197
376199,378476,381760,2277,3284,2,7200,1.69336175396
376236,378577,382095,2341,3518,2,7200,1.6654349062
376352,378699,382064,2347,3365,2,7200,1.69747399703
376367,378723,382275,2356,3552,2,7200,1.66328828829
376400,378782,381978,2382,3196,2,7200,1.74530663329
376416,378879,381968,2463,3089,2,7200,1.79734541923
376543,378999,382742,2456,3743,2,7200,1.6561581619
376899,382338,389302,5439,6964,24,86400,1.78101665709
377012,379163,382429,2151,3266,2,7200,1.65860379669
377109,379198,382271,2089,3073,2,7200,1.67979173446
377128,379257,382711,2129,3454,2,7200,1.61638679792
377182,379355,382756,2173,3401,2,7200,1.63892972655
377198,379435,383053,2237,3618,2,7200,1.61829740188
377213,379480,383128,2267,3648,2,7200,1.62143640351
377356,379491,382810,2135,3319,2,7200,1.64326604399
377414,379550,382705,2136,3155,2,7200,1.67702060222
377429,379737,383028,2308,3291,2,7200,1.70130659374
377584,379869,383446,2285,3577,2,7200,1.63880346659
377737,379878,383255,2141,3377,2,7200,1.63399466983
377761,379923,383346,2162,3423,2,7200,1.63160969909
377961,379990,383449,2029,3459,2,7200,1.58658571842
378068,380327,383711,2259,3384,2,7200,1.66755319149
378090,380492,384147,2402,3655,2,7200,1.65718194254
378129,380587,383992,2458,3405,2,7200,1.72187958884
378175,380611,384199,2436,3588,2,7200,1.67892976589
378196,380634,383723,2438,3089,2,7200,1.78925218517
378212,380691,384097,2479,3406,2,7200,1.72783323547
378381,380748,384045,2367,3297,2,7200,1.71792538672
378397,380799,384475,2402,3676,2,7200,1.65342763874
378428,380860,384658,2432,3798,2,7200,1.64033701948
378429,380876,384566,2447,3690,2,7200,1.66314363144
378457,381016,384267,2559,3251,2,7200,1.78714241772
378472,381152,384547,2680,3395,2,7200,1.78939617084
378566,381338,384511,2772,3173,2,7200,1.8736211787
378688,381360,384470,2672,3110,2,7200,1.85916398714
378710,381456,384939,2746,3483,2,7200,1.7884008039
378771,381488,384875,2717,3387,2,7200,1.80218482433
378866,381560,384998,2694,3438,2,7200,1.78359511344
378989,381653,384914,2664,3261,2,7200,1.81692732291
379150,381661,385212,2511,3551,2,7200,1.70712475359
379187,381667,385248,2480,3581,2,7200,1.69254398213
379245,381723,385004,2478,3281,2,7200,1.75525754343
379343,381732,385390,2389,3658,2,7200,1.65308911974
379422,381741,385375,2319,3634,2,7200,1.63813979086
379468,381773,385063,2305,3290,2,7200,1.70060790274
379484,381867,385027,2383,3160,2,7200,1.75411392405
379539,381941,385337,2402,3396,2,7200,1.70730270907
379652,389336,541764,9684,152428,4,324000,1.06353163461
379725,381981,385412,2256,3431,2,7200,1.65753424658
379856,381991,385386,2135,3395,2,7200,1.62886597938
379871,382078,385480,2207,3402,2,7200,1.64873603762
379911,382108,385465,2197,3357,2,7200,1.65445338099
379978,382285,385670,2307,3385,2,7200,1.68153618907
380314,382293,385590,1979,3297,2,7200,1.60024264483
380479,382443,385811,1964,3368,2,7200,1.58313539192
380577,382718,386316,2141,3598,2,7200,1.59505280712
380623,382726,386919,2103,4193,2,7200,1.50155020272
380681,382755,385871,2074,3116,2,7200,1.66559691913
380736,382768,386298,2032,3530,2,7200,1.57563739377
380788,382822,386164,2034,3342,2,7200,1.60861759425
380846,383042,386396,2196,3354,2,7200,1.65474060823
380865,383066,386350,2201,3284,2,7200,1.67021924482
380906,389331,390690,8425,1359,4,10800,7.19941133186
381005,383142,386653,2137,3511,2,7200,1.60865850185
381045,389341,497348,8296,108007,4,108000,1.0768098364
381051,472515,472562,91464,47,1,610,1947.04255319
381053,472576,472607,91523,31,1,610,2953.35483871
381054,472621,472660,91567,39,1,610,2348.87179487
381055,472674,472722,91619,48,1,610,1909.72916667
381062,384213,385607,3151,1394,2,1980,3.26040172166
381122,390703,498748,9581,108045,4,108000,1.08867601462
381140,383269,386868,2129,3599,2,7200,1.59155320922
381328,383359,386891,2031,3532,2,7200,1.57502831257
381349,383460,386700,2111,3240,2,7200,1.65154320988
381420,447436,555444,66016,108008,4,108000,1.61121398415
381443,447445,555495,66002,108050,4,108000,1.61084683017
381443,383468,386794,2025,3326,2,7200,1.60883944678
381456,447638,555669,66182,108031,4,108000,1.61262045154
381466,450370,558401,68904,108031,4,108000,1.63781692292
381477,383725,387319,2248,3594,2,7200,1.62548692265
381477,450385,558417,68908,108032,4,108000,1.63784804502
381493,454074,562110,72581,108036,4,108000,1.67182235551
381535,454083,562110,72548,108027,4,108000,1.67157284753
381549,454101,562134,72552,108033,4,108000,1.67157257505
381550,383739,388250,2189,4511,2,7200,1.48525825759
381558,454208,562244,72650,108036,4,108000,1.67246103151
381567,454222,562253,72655,108031,4,108000,1.67253843804
381641,384006,387532,2365,3526,2,7200,1.67073170732
381657,384058,387182,2401,3124,2,7200,1.7685659411
381657,454232,562267,72575,108035,4,108000,1.67177303652
381658,384111,387428,2453,3317,2,7200,1.73952366596
381679,454579,562609,72900,108030,4,108000,1.67481255207
381704,454586,562610,72882,108024,4,108000,1.67468340369
381711,384161,387589,2450,3428,2,7200,1.71470245041
381727,384280,387569,2553,3289,2,7200,1.77622377622
381728,384484,387800,2756,3316,2,7200,1.83112183353
381730,456161,564192,74431,108031,4,108000,1.68897816368
381762,384492,387778,2730,3286,2,7200,1.83079732197
381817,456174,564205,74357,108031,4,108000,1.68829317511
381857,384524,387904,2667,3380,2,7200,1.78905325444
381912,456183,564208,74271,108025,4,108000,1.68753529276
381930,384560,388372,2630,3812,2,7200,1.68992654774
381970,384579,388062,2609,3483,2,7200,1.74906689635
381986,384672,387893,2686,3221,2,7200,1.83390251475
382040,456208,564239,74168,108031,4,108000,1.68654367728
382060,456467,564497,74407,108030,4,108000,1.68876238082
382065,384888,388091,2823,3203,2,7200,1.88136122385
382078,458505,566540,76427,108035,4,108000,1.70742814829
382096,384927,388374,2831,3447,2,7200,1.82129387874
382115,458629,566659,76514,108030,4,108000,1.70826622235
382130,458645,566676,76515,108031,4,108000,1.70826892281
382211,458659,566691,76448,108032,4,108000,1.70764218009
382233,458668,566696,76435,108028,4,108000,1.7075480431
382249,461595,569631,79346,108036,4,108000,1.73444037173
382265,461844,569875,79579,108031,4,108000,1.73663115217
382273,384951,388570,2678,3619,2,7200,1.73998342083
382279,473235,581263,90956,108028,4,108000,1.84196689747
382289,385011,388435,2722,3424,2,7200,1.79497663551
382293,478026,586058,95733,108032,4,108000,1.88615410249
382350,480251,588281,97901,108030,4,108000,1.90623900768
382372,480270,588305,97898,108035,4,108000,1.90616929699
382385,480277,588301,97892,108024,4,108000,1.90620602829
382432,385019,388330,2587,3311,2,7200,1.78133494413
382454,480286,588311,97832,108025,4,108000,1.90564221245
382477,483152,591181,100675,108029,4,108000,1.93192568662
382621,483157,591197,100536,108040,4,108000,1.93054424287
382663,499041,499043,116378,2,1,7200,11638.0
382666,499070,499073,116404,3,1,7200,11640.7
382707,385040,388556,2333,3516,2,7200,1.66353811149
382723,385076,388416,2353,3340,2,7200,1.70449101796
382744,385225,388638,2481,3413,2,7200,1.72692645766
382759,385261,388451,2502,3190,2,7200,1.78432601881
382785,490231,490241,107446,10,4,108000,10745.6
382806,490242,490250,107436,8,4,108000,10744.4
382811,385350,388725,2539,3375,2,7200,1.7522962963
382831,490247,598277,107416,108030,4,108000,1.99431639359
382850,490256,598263,107406,108007,4,108000,1.99443554584
382855,464197,503946,81342,39749,1,234000,3.04639110418
382859,464226,500037,81367,35811,1,36000,3.27212309067
382863,464281,472480,81418,8199,1,72000,10.9302353946
382869,490270,598278,107401,108008,4,108000,1.99438004592
383031,385388,388829,2357,3441,2,7200,1.68497529788
383052,385398,388990,2346,3592,2,7200,1.65311804009
383129,385407,388882,2278,3475,2,7200,1.65553956835
383258,385425,388847,2167,3422,2,7200,1.6332554062
383347,385478,388835,2131,3357,2,7200,1.63479296991
383448,385492,388657,2044,3165,2,7200,1.6458135861
383449,385604,388836,2155,3232,2,7200,1.66676980198
383712,385683,388845,1971,3162,2,7200,1.62333965844
383728,385824,389199,2096,3375,2,7200,1.62103703704
383992,385884,389351,1892,3467,2,7200,1.545716758
384047,386177,389654,2130,3477,2,7200,1.61259706644
384099,386311,389482,2212,3171,2,7200,1.69757174393
384148,386329,389868,2181,3539,2,7200,1.61627578412
384167,385620,389235,1453,3615,2,3600,1.40193637621
384200,386364,389801,2164,3437,2,7200,1.62961885365
384267,386409,389795,2142,3386,2,7200,1.63260484347
384472,386666,390158,2194,3492,2,7200,1.6282932417
384487,386714,389893,2227,3179,2,7200,1.70053475936
384511,386807,390009,2296,3202,2,7200,1.7170518426
384548,386881,390102,2333,3221,2,7200,1.72430922074
384566,386904,390239,2338,3335,2,7200,1.70104947526
384661,386932,390332,2271,3400,2,7200,1.66794117647
384876,387195,390753,2319,3558,2,7200,1.65177065767
384916,387332,390927,2416,3595,2,7200,1.67204450626
384940,387442,390837,2502,3395,2,7200,1.73696612666
384998,387546,390807,2548,3261,2,7200,1.78135541245
385013,387583,391257,2570,3674,2,7200,1.69951007077
385029,387602,391234,2573,3632,2,7200,1.70842511013
385065,387791,391138,2726,3347,2,7200,1.81446071108
385214,387813,391313,2599,3500,2,7200,1.74257142857
385248,387906,391813,2658,3907,2,7200,1.68031737906
385339,387916,391250,2577,3334,2,7200,1.77294541092
385376,388075,391567,2699,3492,2,7200,1.77290950745
385392,388105,391352,2713,3247,2,7200,1.83554049892
385394,388263,391828,2869,3565,2,7200,1.80476858345
385412,388342,391527,2930,3185,2,7200,1.91993720565
385467,388385,391970,2918,3585,2,7200,1.81394700139
385482,388393,392595,2911,4202,2,7200,1.69276534983
385592,388429,391812,2837,3383,2,7200,1.83860478865
385624,388464,389763,2840,1299,2,3540,3.18629715166
385671,388448,391928,2777,3480,2,7200,1.79798850575
385812,388569,391804,2757,3235,2,7200,1.85224111283
385873,388584,391663,2711,3079,2,7200,1.88048067554
386164,388651,391848,2487,3197,2,7200,1.777916797
386301,388669,392057,2368,3388,2,7200,1.69893742621
386316,388739,392056,2423,3317,2,7200,1.73047934881
386353,388842,392336,2489,3494,2,7200,1.71236405266
386399,388850,392557,2451,3707,2,7200,1.66118154842
386654,388855,392250,2201,3395,2,7200,1.64830633284
386703,388863,392265,2160,3402,2,7200,1.63492063492
386796,388868,392242,2072,3374,2,7200,1.61410788382
386871,388895,392322,2024,3427,2,7200,1.59060402685
386892,389003,392505,2111,3502,2,7200,1.60279840091
386920,389212,392590,2292,3378,2,7200,1.6785079929
387182,389248,392586,2066,3338,2,7200,1.61893349311
387319,389364,392779,2045,3415,2,7200,1.59882869693
387432,389495,392998,2063,3503,2,7200,1.58892377962
387535,389668,393043,2133,3375,2,7200,1.632
387572,389777,393031,2205,3254,2,7200,1.67762753534
387590,389808,393196,2218,3388,2,7200,1.6546635183
387780,389816,393159,2036,3343,2,7200,1.60903380197
387801,389882,393212,2081,3330,2,7200,1.62492492492
387893,389906,393020,2013,3114,2,7200,1.64643545279
387908,390022,393251,2114,3229,2,7200,1.65469185506
388064,390116,393646,2052,3530,2,7200,1.58130311615
388094,390171,393321,2077,3150,2,7200,1.65936507937
388252,390253,394103,2001,3850,2,7200,1.51974025974
388332,390345,393951,2013,3606,2,7200,1.55823627288
388371,390766,394046,2395,3280,2,7200,1.73018292683
388387,390820,394260,2433,3440,2,7200,1.70726744186
388417,390850,394369,2433,3519,2,7200,1.69138959932
388436,390940,394284,2504,3344,2,7200,1.74880382775
388451,391152,394105,2701,2953,2,7200,1.91466305452
388557,391247,394902,2690,3655,2,7200,1.73597811218
388572,391263,394680,2691,3417,2,7200,1.78753292362
388639,391271,394536,2632,3265,2,7200,1.80612557427
388657,391326,394869,2669,3543,2,7200,1.75331639853
388728,391365,394713,2637,3348,2,7200,1.7876344086
388831,391540,395054,2709,3514,2,7200,1.77091633466
388847,391579,395073,2732,3494,2,7200,1.78191184888
388848,391676,395188,2828,3512,2,7200,1.80523917995
388850,391817,395004,2967,3187,2,7200,1.93096956385
388851,391824,394987,2973,3163,2,7200,1.93993044578
388882,391832,395199,2950,3367,2,7200,1.87615087615
388992,391841,395129,2849,3288,2,7200,1.86648418491
389199,391861,395466,2662,3605,2,7200,1.73841886269
389352,391941,395417,2589,3476,2,7200,1.74482163406
389484,391983,395362,2499,3379,2,7200,1.7395679195
389657,392069,395386,2412,3317,2,7200,1.72716309919
389795,392077,395463,2282,3386,2,7200,1.67395156527
389810,392255,395343,2445,3088,2,7200,1.7917746114
389871,392263,395896,2392,3633,2,7200,1.65840902835
389896,392278,395846,2382,3568,2,7200,1.66760089686
389996,392599,394087,2603,1488,2,3540,2.74932795699
390011,392335,395413,2324,3078,2,7200,1.75503573749
390103,392351,395734,2248,3383,2,7200,1.66449896542
390161,392518,395933,2357,3415,2,7200,1.69019033675
390242,392570,396234,2328,3664,2,7200,1.63537117904
390333,392606,395906,2273,3300,2,7200,1.68878787879
390753,392614,395834,1861,3220,2,7200,1.57795031056
390808,392793,396113,1985,3320,2,7200,1.59789156627
390838,393011,396154,2173,3143,2,7200,1.69137766465
390927,393033,396359,2106,3326,2,7200,1.63319302465
391126,738680,742314,347554,3634,2,3600,96.6395156852
391140,393043,396224,1903,3181,2,7200,1.59823954731
391234,393056,396304,1822,3248,2,7200,1.56096059113
391249,393173,396585,1924,3412,2,7200,1.56389214537
391265,393209,396602,1944,3393,2,7200,1.57294429708
391313,393225,396678,1912,3453,2,7200,1.55372140168
391353,393264,396913,1911,3649,2,7200,1.52370512469
391529,393334,396807,1805,3473,2,7200,1.51972358192
391569,393660,397103,2091,3443,2,7200,1.60731919837
391663,393965,397409,2302,3444,2,7200,1.66840882695
391807,394059,397539,2252,3480,2,7200,1.64712643678
391822,394100,397614,2278,3514,2,7200,1.64826408651
391823,394117,397952,2294,3835,2,7200,1.59817470665
391839,394125,397636,2286,3511,2,7200,1.65109655369
391854,394274,397742,2420,3468,2,7200,1.69780853518
391930,394298,397921,2368,3623,2,7200,1.6536019873
391970,394381,397844,2411,3463,2,7200,1.69621715276
392058,394549,398067,2491,3518,2,7200,1.70807276862
392060,394693,398136,2633,3443,2,7200,1.76474005228
392242,394727,398293,2485,3566,2,7200,1.69685922602
392257,394882,398252,2625,3370,2,7200,1.77893175074
392272,394916,397964,2644,3048,2,7200,1.86745406824
392324,395000,398464,2676,3464,2,7200,1.77251732102
392339,395017,398389,2678,3372,2,7200,1.79418742586
392507,395067,398417,2560,3350,2,7200,1.76417910448
392558,395086,398602,2528,3516,2,7200,1.71899886234
392589,395149,398463,2560,3314,2,7200,1.77248038624
392591,395201,398514,2610,3313,2,7200,1.78780561425
392606,395212,399120,2606,3908,2,7200,1.66683725691
392782,395356,398945,2574,3589,2,7200,1.71719141822
392999,395375,398919,2376,3544,2,7200,1.67042889391
393020,395399,398696,2379,3297,2,7200,1.72156505914
393035,395427,399074,2392,3647,2,7200,1.65588154648
393051,395435,399118,2384,3683,2,7200,1.64729839805
393161,395477,398908,2316,3431,2,7200,1.67502185952
393197,395485,399018,2288,3533,2,7200,1.64760826493
393216,395748,398944,2532,3196,2,7200,1.79224030038
393253,395848,399225,2595,3377,2,7200,1.76843352088
393323,395859,399332,2536,3473,2,7200,1.73020443421
393649,395910,399135,2261,3225,2,7200,1.70108527132
393954,395919,399565,1965,3646,2,7200,1.538946791
394048,395946,399342,1898,3396,2,7200,1.55889281508
394085,472495,472502,78410,7,1,900,7841.7
394104,396126,399234,2022,3108,2,7200,1.65057915058
394105,396167,399431,2062,3264,2,7200,1.63174019608
394263,396237,399877,1974,3640,2,7200,1.54230769231
394284,396247,399785,1963,3538,2,7200,1.55483323912
394369,396317,399853,1948,3536,2,7200,1.55090497738
394538,396373,400037,1835,3664,2,7200,1.50081877729
394629,806424,806461,411795,37,256,600,11130.5945946
394681,396598,399921,1917,3323,2,7200,1.5768883539
394714,396616,400015,1902,3399,2,7200,1.55957634598
394866,458519,586751,63653,128232,12,172800,1.49638935679
394869,396692,400008,1823,3316,2,7200,1.54975874548
394903,396820,400316,1917,3496,2,7200,1.5483409611
394988,396927,400440,1939,3513,2,7200,1.55194990037
395004,397117,400408,2113,3291,2,7200,1.6420540869
395056,397422,400820,2366,3398,2,7200,1.69629193643
395074,397552,400993,2478,3441,2,7200,1.72013949433
395098,447413,447423,52315,10,4,10800,5232.5
395132,397627,401023,2495,3396,2,7200,1.73468786808
395190,397649,401172,2459,3523,2,7200,1.69798467215
395205,397754,401283,2549,3529,2,7200,1.72230093511
395345,397858,401467,2513,3609,2,7200,1.69631476863
395363,397934,401512,2571,3578,2,7200,1.71855785355
395388,397965,401242,2577,3277,2,7200,1.78638999085
395416,397978,401252,2562,3274,2,7200,1.78252901649
395431,398080,401252,2649,3172,2,7200,1.83511979823
395465,398150,401348,2685,3198,2,7200,1.83958724203
395480,398265,401705,2785,3440,2,7200,1.80959302326
395578,414554,416598,18976,2044,2,3600,10.2837573386
395736,398307,401667,2571,3360,2,7200,1.76517857143
395838,398403,402008,2565,3605,2,7200,1.71151178918
395853,398430,401708,2577,3278,2,7200,1.78615009152
395898,398476,402115,2578,3639,2,7200,1.70843638362
395914,398484,402011,2570,3527,2,7200,1.72866458747
395935,398527,401994,2592,3467,2,7200,1.74762042111
396114,398615,401764,2501,3149,2,7200,1.79422038742
396154,398709,402003,2555,3294,2,7200,1.77565270188
396225,398921,402299,2696,3378,2,7200,1.7981053878
396240,398932,402216,2692,3284,2,7200,1.8197320341
396305,398959,402738,2654,3779,2,7200,1.70230219635
396361,398965,402649,2604,3684,2,7200,1.70684039088
396584,399032,402566,2448,3534,2,7200,1.69269949066
396603,399088,402246,2485,3158,2,7200,1.78689043699
396621,475545,505985,78924,30440,1,46800,3.59277266754
396680,399131,402538,2451,3407,2,7200,1.71940123276
396808,399139,402709,2331,3570,2,7200,1.65294117647
396917,399148,402720,2231,3572,2,7200,1.62458006719
397106,399239,402634,2133,3395,2,7200,1.62827687776
397411,399248,402809,1837,3561,2,7200,1.51586632968
397539,399345,402757,1806,3412,2,7200,1.52930832356
397616,399355,402675,1739,3320,2,7200,1.52379518072
397638,399444,402769,1806,3325,2,7200,1.54315789474
397742,399580,403219,1838,3639,2,7200,1.50508381423
397847,399798,403362,1951,3564,2,7200,1.54741863075
397921,399866,403380,1945,3514,2,7200,1.55350028458
397952,399889,403375,1937,3486,2,7200,1.55565117613
397968,399934,403270,1966,3336,2,7200,1.58932853717
398067,400022,403463,1955,3441,2,7200,1.56814879396
398139,400030,403094,1891,3064,2,7200,1.61716710183
398255,400052,403552,1797,3500,2,7200,1.51342857143
398296,400329,403654,2033,3325,2,7200,1.61142857143
398392,400421,403652,2029,3231,2,7200,1.62797895388
398417,400452,403719,2035,3267,2,7200,1.6228956229
398464,400833,404301,2369,3468,2,7200,1.68310265283
398465,401008,404291,2543,3283,2,7200,1.77459640573
398514,401037,404445,2523,3408,2,7200,1.74031690141
398604,401185,404771,2581,3586,2,7200,1.71974344674
398697,401255,404543,2558,3288,2,7200,1.77798053528
398911,401265,404682,2354,3417,2,7200,1.68890839918
398926,401270,404678,2344,3408,2,7200,1.68779342723
398945,401296,404722,2351,3426,2,7200,1.68622300058
398947,401361,404554,2414,3193,2,7200,1.75602881303
399021,401480,404839,2459,3359,2,7200,1.73206311402
399078,401525,405112,2447,3587,2,7200,1.68218567048
399120,401681,404803,2561,3122,2,7200,1.8203074952
399121,401718,405218,2597,3500,2,7200,1.742
399138,401726,405211,2588,3485,2,7200,1.74261119082
399226,401777,405032,2551,3255,2,7200,1.78371735791
399242,402007,405731,2765,3724,2,7200,1.74248120301
399334,402015,405548,2681,3533,2,7200,1.75884517407
399349,402023,405446,2674,3423,2,7200,1.78118609407
399433,402031,405511,2598,3480,2,7200,1.74655172414
399567,402129,405661,2562,3532,2,7200,1.72536806342
399788,402228,405649,2440,3421,2,7200,1.71324174218
399856,402259,405487,2403,3228,2,7200,1.74442379182
399878,402312,405707,2434,3395,2,7200,1.71693667158
399921,402551,406069,2630,3518,2,7200,1.74758385446
400010,402579,405983,2569,3404,2,7200,1.75470035253
400026,402647,405883,2621,3236,2,7200,1.80995055624
400041,402663,406365,2622,3702,2,7200,1.70826580227
400318,402688,406125,2370,3437,2,7200,1.68955484434
400411,402722,405925,2311,3203,2,7200,1.72151108336
400442,402732,406082,2290,3350,2,7200,1.68358208955
400822,402752,406354,1930,3602,2,7200,1.53581343698
400997,402769,406007,1772,3238,2,7200,1.54725138975
401022,402782,406657,1760,3875,2,7200,1.45419354839
401172,402824,406006,1652,3182,2,7200,1.51917033312
401244,403107,406623,1863,3516,2,7200,1.52986348123
401261,403232,406654,1971,3422,2,7200,1.57597895967
401262,403283,406628,2021,3345,2,7200,1.60418535127
401287,403375,406757,2088,3382,2,7200,1.61738616203
401350,403389,406871,2039,3482,2,7200,1.58558299828
401468,403397,406665,1929,3268,2,7200,1.59026927785
401512,403478,406697,1966,3219,2,7200,1.61074867971
401669,403565,407127,1896,3562,2,7200,1.53228523302
401707,403664,407205,1957,3541,2,7200,1.55266873764
401722,403672,407025,1950,3353,2,7200,1.58156874441
401765,403732,407265,1967,3533,2,7200,1.55675063685
401957,447421,447426,45464,5,4,18000,4546.9
401995,404305,407767,2310,3462,2,7200,1.66724436742
402010,404315,407685,2305,3370,2,7200,1.68397626113
402012,404458,408016,2446,3558,2,7200,1.6874648679
402013,404556,408011,2543,3455,2,7200,1.73603473227
402117,404567,407760,2450,3193,2,7200,1.76730347635
402219,404691,408151,2472,3460,2,7200,1.71445086705
402246,404700,408410,2454,3710,2,7200,1.66145552561
402302,404735,408188,2433,3453,2,7200,1.70460469157
402539,404783,408208,2244,3425,2,7200,1.65518248175
402567,404816,407789,2249,2973,2,7200,1.75647494114
402634,404852,408330,2218,3478,2,7200,1.63772282921
402650,405045,408424,2395,3379,2,7200,1.70878958272
402676,405126,408508,2450,3382,2,7200,1.7244234181
402710,405225,408483,2515,3258,2,7200,1.77194597913
402726,405233,408536,2507,3303,2,7200,1.75900696337
402741,405460,408716,2719,3256,2,7200,1.83507371007
402760,405500,408928,2740,3428,2,7200,1.79929988331
402775,405524,408888,2749,3364,2,7200,1.81718192628
402812,405562,409003,2750,3441,2,7200,1.79918628306
403096,405663,409108,2567,3445,2,7200,1.74513788099
403221,405675,409158,2454,3483,2,7200,1.70456503015
403271,405721,409216,2450,3495,2,7200,1.70100143062
403362,405745,408669,2383,2924,2,7200,1.81497948016
403378,405895,409366,2517,3471,2,7200,1.72515125324
403393,405938,409586,2545,3648,2,7200,1.69764254386
403466,405998,409135,2532,3137,2,7200,1.80714058017
403552,406020,409436,2468,3416,2,7200,1.7224824356
403654,406025,409621,2371,3596,2,7200,1.65934371524
403669,406082,409440,2413,3358,2,7200,1.71858248958
403721,406095,409542,2374,3447,2,7200,1.68871482449
404294,406138,409454,1844,3316,2,7200,1.55609167672
404309,406367,409593,2058,3226,2,7200,1.6379417235
404446,406379,409637,1933,3258,2,7200,1.59330877839
404545,406637,410125,2092,3488,2,7200,1.5997706422
404560,406645,410331,2085,3686,2,7200,1.56565382528
404679,406667,410233,1988,3566,2,7200,1.55748738082
404694,406675,409723,1981,3048,2,7200,1.6499343832
404722,406683,409908,1961,3225,2,7200,1.6080620155
404771,406710,409903,1939,3193,2,7200,1.60726589414
404806,406770,410089,1964,3319,2,7200,1.59174450136
404840,407037,410531,2197,3494,2,7200,1.62879221523
404906,406885,407813,1979,928,2,18000,3.13254310345
405035,407140,410674,2105,3534,2,7200,1.59564233164
405112,407219,410576,2107,3357,2,7200,1.62764372952
405214,407278,410654,2064,3376,2,7200,1.61137440758
405229,407699,411262,2470,3563,2,7200,1.69323603705
405257,407826,408768,2569,942,2,18000,3.72717622081
405448,407773,411053,2325,3280,2,7200,1.70884146341
405489,407781,411375,2292,3594,2,7200,1.63772954925
405513,407803,411002,2290,3199,2,7200,1.71584870272
405551,408025,411454,2474,3429,2,7200,1.72149314669
405652,408034,411174,2382,3140,2,7200,1.75859872611
405668,408164,411631,2496,3467,2,7200,1.71993077589
405708,408201,411681,2493,3480,2,7200,1.71637931034
405733,408221,411256,2488,3035,2,7200,1.8197693575
405882,408343,411414,2461,3071,2,7200,1.80136763269
405926,408423,412269,2497,3846,2,7200,1.64924596984
405987,408437,411700,2450,3263,2,7200,1.75084278272
406009,408497,411819,2488,3322,2,7200,1.74894641782
406010,408522,411978,2512,3456,2,7200,1.72685185185
406069,408549,412211,2480,3662,2,7200,1.6772255598
406085,408682,412235,2597,3553,2,7200,1.73093160709
406125,408729,412225,2604,3496,2,7200,1.74485125858
406357,408781,412126,2424,3345,2,7200,1.72466367713
406372,408901,412071,2529,3170,2,7200,1.79779179811
406625,408941,412198,2316,3257,2,7200,1.71108381947
406641,409016,412112,2375,3096,2,7200,1.76711886305
406657,409122,412563,2465,3441,2,7200,1.71636152281
406658,409149,412424,2491,3275,2,7200,1.76061068702
406674,409171,412505,2497,3334,2,7200,1.74895020996
406698,409230,412762,2532,3532,2,7200,1.71687429219
406757,409379,412525,2622,3146,2,7200,1.83343928798
406874,409449,412617,2575,3168,2,7200,1.81281565657
407028,409457,412642,2429,3185,2,7200,1.76263736264
407129,409468,413056,2339,3588,2,7200,1.65189520624
407207,409555,413029,2348,3474,2,7200,1.67587795049
407266,409600,412773,2334,3173,2,7200,1.73558146864
407497,490391,490397,82894,6,4,108000,8290.0
407497,490401,492193,82904,1792,4,108000,47.2633928571
407497,490409,494817,82912,4408,4,108000,19.8094373866
407497,490373,490378,82876,5,4,108000,8288.1
407498,492207,500027,84709,7820,4,108000,11.8323529412
407498,497355,500790,89857,3435,4,108000,27.1592430859
407498,497365,511281,89867,13916,4,108000,7.4578183386
407498,498762,513240,91264,14478,4,108000,7.30363309849
407498,497370,515677,89872,18307,4,108000,5.90916043044
407498,497384,516677,89886,19293,4,108000,5.65899549059
407498,494831,500166,87333,5335,4,108000,17.3698219306
407499,500041,516781,92542,16740,4,108000,6.52819593787
407499,512341,525501,104842,13160,4,108000,8.96671732523
407499,513254,526492,105755,13238,4,108000,8.98874452334
407499,515693,530651,108194,14958,4,108000,8.23318625485
407499,500179,518538,92680,18359,4,108000,6.04820523994
407499,500805,512327,93306,11522,4,108000,9.09807325117
407499,511298,521483,103799,10185,4,108000,11.1913598429
407500,526508,541629,119008,15121,4,108000,8.87037894319
407500,521497,528342,113997,6845,4,108000,17.6540540541
407500,516794,530959,109294,14165,4,108000,8.71577832686
407500,518552,531190,111052,12638,4,108000,9.78714986549
407500,525523,531226,118023,5703,4,108000,21.6948974224
407500,524816,531852,117316,7036,4,108000,17.6736782263
407500,516691,524801,109191,8110,4,108000,14.4637484587
407501,531204,535436,123703,4232,4,108000,30.2303875236
407501,528355,533990,120854,5635,4,108000,22.4470275067
407501,531241,537884,123740,6643,4,108000,19.6271262984
407501,531865,538076,124364,6211,4,108000,21.0231846724
407501,530665,539567,123164,8902,4,108000,14.8355425747
407501,530972,539999,123471,9027,4,108000,14.6779661017
407502,539581,543977,132079,4396,4,108000,31.0452684258
407502,534004,536882,126502,2878,4,108000,44.9548297429
407502,536896,551200,129394,14304,4,108000,10.0460011186
407502,537898,548080,130396,10182,4,108000,13.8065213121
407502,538090,548381,130588,10291,4,108000,13.6895345447
407502,535450,535456,127948,6,4,108000,12795.4
407502,535471,550749,127969,15278,4,108000,9.3760308941
407503,541777,549929,134274,8152,4,108000,17.4712953876
407503,541643,546262,134140,4619,4,108000,30.0409179476
407503,540013,552119,132510,12106,4,108000,11.9458119941
407503,548094,552944,140591,4850,4,108000,29.9878350515
407503,543990,553166,136487,9176,4,108000,15.8743461203
407503,546276,557630,138773,11354,4,108000,13.2223885855
407503,548396,558884,140893,10488,4,108000,14.433733791
407504,550763,560661,143259,9898,4,108000,15.4735300061
407504,549960,556036,142456,6076,4,108000,24.4456879526
407504,551218,561898,143714,10680,4,108000,14.4563670412
407504,552133,561054,144629,8921,4,108000,17.2121959422
407504,549943,549948,142439,5,4,108000,14244.4
407504,552958,559839,145454,6881,4,108000,22.1384973114
407687,409608,413485,1921,3877,2,7200,1.49548620067
407760,409634,413120,1874,3486,2,7200,1.53757888698
407776,409650,413106,1874,3456,2,7200,1.54224537037
407791,409737,412906,1946,3169,2,7200,1.61407384033
408012,409916,413002,1904,3086,2,7200,1.61697990927
408027,409924,413210,1897,3286,2,7200,1.57729762629
408153,410103,413667,1950,3564,2,7200,1.54713804714
408189,410138,413671,1949,3533,2,7200,1.55165581659
408211,410246,413866,2035,3620,2,7200,1.56215469613
408332,410345,413404,2013,3059,2,7200,1.65805818895
408411,410545,413851,2134,3306,2,7200,1.64549304295
408426,410589,414085,2163,3496,2,7200,1.61870709382
408487,410667,413713,2180,3046,2,7200,1.71569271175
408509,410687,414453,2178,3766,2,7200,1.57833244822
408539,411015,414377,2476,3362,2,7200,1.73646638905
408670,411067,414421,2397,3354,2,7200,1.71466905188
408716,411187,414541,2471,3354,2,7200,1.73673225999
408890,411270,414595,2380,3325,2,7200,1.71578947368
408930,411278,414637,2348,3359,2,7200,1.69901756475
409004,411388,414697,2384,3309,2,7200,1.72045935328
409110,411427,414684,2317,3257,2,7200,1.71139085048
409138,411467,414826,2329,3359,2,7200,1.69336111938
409160,411646,415029,2486,3383,2,7200,1.73485072421
409218,411694,414848,2476,3154,2,7200,1.78503487635
409268,472736,475525,63468,2789,1,32400,23.756543564
409367,411714,415278,2347,3564,2,7200,1.65852974186
409437,411833,415167,2396,3334,2,7200,1.71865626875
409453,411841,415227,2388,3386,2,7200,1.70525694034
409468,411991,415366,2523,3375,2,7200,1.74755555556
409541,412084,415437,2543,3353,2,7200,1.75842529078
409590,412125,415449,2535,3324,2,7200,1.76263537906
409605,412141,415177,2536,3036,2,7200,1.83530961792
409620,412212,415805,2592,3593,2,7200,1.72140272753
409639,412227,415674,2588,3447,2,7200,1.75079779518
409724,412237,415384,2513,3147,2,7200,1.79853829044
409905,412249,415751,2344,3502,2,7200,1.66933181039
409920,412282,415877,2362,3595,2,7200,1.65702364395
410091,412438,415691,2347,3253,2,7200,1.72148785736
410125,412518,415744,2393,3226,2,7200,1.74178549287
410236,412538,416142,2302,3604,2,7200,1.63873473918
410333,412577,416653,2244,4076,2,7200,1.55053974485
410534,412630,416061,2096,3431,2,7200,1.61090061207
410576,412655,416180,2079,3525,2,7200,1.58978723404
410656,412775,416245,2119,3470,2,7200,1.61066282421
410674,412788,416344,2114,3556,2,7200,1.59448818898
411004,412919,416575,1915,3656,2,7200,1.52379649891
411056,413016,416585,1960,3569,2,7200,1.54917343794
411174,413042,416271,1868,3229,2,7200,1.57850727779
411259,413069,416418,1810,3349,2,7200,1.54045983876
411275,413119,416600,1844,3481,2,7200,1.52973283539
411375,413134,416478,1759,3344,2,7200,1.52601674641
411414,413223,416820,1809,3597,2,7200,1.50291909925
411454,413417,417393,1963,3976,2,7200,1.49371227364
411634,413497,416501,1863,3004,2,7200,1.62017310253
411683,413680,417063,1997,3383,2,7200,1.59030446349
411701,413689,417054,1988,3365,2,7200,1.59078751857
411821,413725,417248,1904,3523,2,7200,1.54044848141
411980,413865,417231,1885,3366,2,7200,1.56001188354
412072,413880,417119,1808,3239,2,7200,1.55819697437
412114,414098,417545,1984,3447,2,7200,1.575572962
412129,414391,417896,2262,3505,2,7200,1.64536376605
412200,414434,417930,2234,3496,2,7200,1.63901601831
412215,414466,417650,2251,3184,2,7200,1.70697236181
412230,414608,418243,2378,3635,2,7200,1.65419532325
412246,414650,417972,2404,3322,2,7200,1.72366044551
412270,414698,417979,2428,3281,2,7200,1.74001828711
412426,414712,418190,2286,3478,2,7200,1.65727429557
412508,414840,418206,2332,3366,2,7200,1.69281045752
412527,414861,418333,2334,3472,2,7200,1.67223502304
412564,415042,419278,2478,4236,2,7200,1.58498583569
412619,415180,418698,2561,3518,2,7200,1.72797043775
412643,415190,418763,2547,3573,2,7200,1.71284634761
412762,415241,418828,2479,3587,2,7200,1.69110677446
412777,415292,418596,2515,3304,2,7200,1.76119854722
412906,415379,418687,2473,3308,2,7200,1.74758162031
413004,415397,418988,2393,3591,2,7200,1.6663881927
413031,415450,418717,2419,3267,2,7200,1.74043464953
413059,415462,418963,2403,3501,2,7200,1.68637532134
413107,415687,419223,2580,3536,2,7200,1.72963800905
413123,415704,419189,2581,3485,2,7200,1.7406025825
413211,415756,418903,2545,3147,2,7200,1.8087067048
413403,415764,419477,2361,3713,2,7200,1.63587395637
413485,415819,419101,2334,3282,2,7200,1.71115173675
413669,415890,419261,2221,3371,2,7200,1.65885493919
413684,416074,419572,2390,3498,2,7200,1.68324757004
413714,416155,419543,2441,3388,2,7200,1.72048406139
413854,416194,419540,2340,3346,2,7200,1.69934249851
413869,416258,420008,2389,3750,2,7200,1.63706666667
414086,416284,419687,2198,3403,2,7200,1.64590067587
414377,416357,419802,1980,3445,2,7200,1.57474600871
414423,416431,420066,2008,3635,2,7200,1.55240715268
414454,416491,419779,2037,3288,2,7200,1.61952554745
414542,416515,419581,1973,3066,2,7200,1.64350945858
414597,416588,420020,1991,3432,2,7200,1.58012820513
414639,416599,420220,1960,3621,2,7200,1.54128693731
414685,416612,419937,1927,3325,2,7200,1.57954887218
414700,416620,420040,1920,3420,2,7200,1.56140350877
414828,416666,420030,1838,3364,2,7200,1.54637336504
414849,416833,420036,1984,3203,2,7200,1.61941929441
415029,417067,420355,2038,3288,2,7200,1.6198296837
415169,417077,420487,1908,3410,2,7200,1.55953079179
415184,417134,420384,1950,3250,2,7200,1.6
415227,417243,420719,2016,3476,2,7200,1.57997698504
415279,417260,420508,1981,3248,2,7200,1.6099137931
415368,417405,420803,2037,3398,2,7200,1.59947027663
415386,417559,420478,2173,2919,2,7200,1.74443302501
415438,417663,420998,2225,3335,2,7200,1.66716641679
415453,417909,421343,2456,3434,2,7200,1.71520093186
415674,417943,421468,2269,3525,2,7200,1.64368794326
415692,417985,421463,2293,3478,2,7200,1.65928694652
415744,417992,421518,2248,3526,2,7200,1.63754963131
415759,418203,421481,2444,3278,2,7200,1.74557657108
415808,418220,421429,2412,3209,2,7200,1.75163602368
415878,418256,421533,2378,3277,2,7200,1.72566371681
416061,418346,421594,2285,3248,2,7200,1.70350985222
416144,418609,422018,2465,3409,2,7200,1.72308594896
416183,418701,422138,2518,3437,2,7200,1.73261565319
416244,418711,421958,2467,3247,2,7200,1.75977825685
416272,418730,422077,2458,3347,2,7200,1.73438900508
416348,418775,422127,2427,3352,2,7200,1.72404534606
416418,418841,422038,2423,3197,2,7200,1.7578980294
416480,418917,422248,2437,3331,2,7200,1.73161212849
416501,418977,422501,2476,3524,2,7200,1.70261066969
416578,419002,422474,2424,3472,2,7200,1.69815668203
416593,419113,422477,2520,3364,2,7200,1.74910820452
416609,419202,422471,2593,3269,2,7200,1.7932089324
416651,419237,422542,2586,3305,2,7200,1.78245083207
416819,419274,422570,2455,3296,2,7200,1.74484223301
417055,419291,422853,2236,3562,2,7200,1.62773722628
417070,419490,423018,2420,3528,2,7200,1.68594104308
417122,419552,423070,2430,3518,2,7200,1.69073337123
417231,419560,423005,2329,3445,2,7200,1.67605224964
417250,419585,423211,2335,3626,2,7200,1.64396028682
417393,419594,422986,2201,3392,2,7200,1.64887971698
417548,419700,423036,2152,3336,2,7200,1.64508393285
417651,419792,423178,2141,3386,2,7200,1.63230950975
417898,419815,423491,1917,3676,2,7200,1.52149075082
417932,419951,423063,2019,3112,2,7200,1.64877892031
417975,420020,423328,2045,3308,2,7200,1.61819830713
417990,420034,423536,2044,3502,2,7200,1.5836664763
418190,420044,423472,1854,3428,2,7200,1.54084014002
418209,420051,423277,1842,3226,2,7200,1.57098574086
418245,420058,423395,1813,3337,2,7200,1.5433023674
418333,420078,423666,1745,3588,2,7200,1.48634336678
418596,420233,423756,1637,3523,2,7200,1.46466080045
418688,420369,423975,1681,3606,2,7200,1.46616749861
418703,420397,423785,1694,3388,2,7200,1.5
418719,420491,423801,1772,3310,2,7200,1.53534743202
418765,420500,423855,1735,3355,2,7200,1.51713859911
418829,420521,424014,1692,3493,2,7200,1.48439736616
418905,420733,423918,1828,3185,2,7200,1.57394034537
418966,420816,424106,1850,3290,2,7200,1.5623100304
418991,421011,424171,2020,3160,2,7200,1.63924050633
419103,421357,424765,2254,3408,2,7200,1.66138497653
419191,421442,424929,2251,3487,2,7200,1.64554057929
419225,421476,424908,2251,3432,2,7200,1.65588578089
419261,421484,425135,2223,3651,2,7200,1.60887428102
419280,421495,424930,2215,3435,2,7200,1.64483260553
419477,421530,424845,2053,3315,2,7200,1.61930618401
419541,421546,424786,2005,3240,2,7200,1.61882716049
419556,421607,424945,2051,3338,2,7200,1.6144397843
419572,421971,425286,2399,3315,2,7200,1.72368024133
419587,422030,425698,2443,3668,2,7200,1.66603053435
419688,422050,425498,2362,3448,2,7200,1.68503480278
419779,422091,425248,2312,3157,2,7200,1.7323408299
419804,422140,425821,2336,3681,2,7200,1.63461016028
419938,422154,425635,2216,3481,2,7200,1.63659867854
420008,422262,425540,2254,3278,2,7200,1.68761439902
420023,422484,425931,2461,3447,2,7200,1.71395416304
420039,422493,425974,2454,3481,2,7200,1.70496983625
420041,422498,425713,2457,3215,2,7200,1.76423017107
420056,422515,425657,2459,3142,2,7200,1.78262253342
420071,422555,425933,2484,3378,2,7200,1.73534635879
420221,422583,425956,2362,3373,2,7200,1.70026682479
420358,422866,426278,2508,3412,2,7200,1.73505275498
420385,422999,426373,2614,3374,2,7200,1.7747480735
420480,423018,426207,2538,3189,2,7200,1.7958607714
420495,423033,426606,2538,3573,2,7200,1.71032745592
420510,423049,427016,2539,3967,2,7200,1.64003024956
420721,423076,426466,2355,3390,2,7200,1.69469026549
420803,423085,426446,2282,3361,2,7200,1.67896459387
420998,423191,426568,2193,3377,2,7200,1.64939295232
421345,423224,426680,1879,3456,2,7200,1.54369212963
421430,423290,426634,1860,3344,2,7200,1.55622009569
421464,423341,426941,1877,3600,2,7200,1.52138888889
421479,423409,426887,1930,3478,2,7200,1.55491661875
421494,423485,426783,1991,3298,2,7200,1.60369921164
421519,423504,426878,1985,3374,2,7200,1.58832246592
421534,423549,426716,2015,3167,2,7200,1.63624881591
421595,423680,427144,2085,3464,2,7200,1.60190531178
421959,423769,427013,1810,3244,2,7200,1.55795314427
422020,423798,426963,1778,3165,2,7200,1.56176935229
422038,423814,427146,1776,3332,2,7200,1.53301320528
422081,423869,427161,1788,3292,2,7200,1.54313487242
422127,423931,427104,1804,3173,2,7200,1.56854711629
422142,423989,427426,1847,3437,2,7200,1.53738725633
422248,424027,427583,1779,3556,2,7200,1.50028121485
422471,424119,427548,1648,3429,2,7200,1.48060659084
422487,424184,427549,1697,3365,2,7200,1.50430906389
422488,424779,428166,2291,3387,2,7200,1.67640980218
422504,424799,427989,2295,3190,2,7200,1.71943573668
422544,424858,428242,2314,3384,2,7200,1.68380614657
422572,424921,428406,2349,3485,2,7200,1.67403156385
422853,424943,428437,2090,3494,2,7200,1.59816828849
422987,424951,428557,1964,3606,2,7200,1.54464780921
423006,424959,428259,1953,3300,2,7200,1.59181818182
423022,425148,428732,2126,3584,2,7200,1.59319196429
423037,425262,428598,2225,3336,2,7200,1.66696642686
423065,425299,428800,2234,3501,2,7200,1.63810339903
423080,425511,428978,2431,3467,2,7200,1.7011825786
423181,425554,428948,2373,3394,2,7200,1.69917501473
423211,425648,428909,2437,3261,2,7200,1.747316774
423278,425669,429145,2391,3476,2,7200,1.68785960875
423330,425711,429243,2381,3532,2,7200,1.67412231031
423398,425727,429235,2329,3508,2,7200,1.66391106043
423474,425834,429161,2360,3327,2,7200,1.70934776075
423492,425944,429707,2452,3763,2,7200,1.65160775977
423538,425952,429360,2414,3408,2,7200,1.70833333333
423667,425969,429226,2302,3257,2,7200,1.70678538532
423758,425987,429698,2229,3711,2,7200,1.60064672595
423786,426220,429629,2434,3409,2,7200,1.71399237313
423804,426291,429655,2487,3364,2,7200,1.73929845422
423856,426387,431099,2531,4712,2,7200,1.53713921902
423920,426460,429601,2540,3141,2,7200,1.80865966253
423978,426480,430047,2502,3567,2,7200,1.70142977292
424015,426582,430247,2567,3665,2,7200,1.70040927694
424107,426619,429993,2512,3374,2,7200,1.74451689389
424171,426648,430021,2477,3373,2,7200,1.73436110288
424767,426693,429956,1926,3263,2,7200,1.59025436715
424788,426729,429814,1941,3085,2,7200,1.62917341977
424846,426796,430441,1950,3645,2,7200,1.53497942387
424910,426891,430054,1981,3163,2,7200,1.62630414164
424932,426900,430152,1968,3252,2,7200,1.60516605166
424934,426954,430666,2020,3712,2,7200,1.54418103448
424949,426975,430138,2026,3163,2,7200,1.64053114132
425137,427026,430628,1889,3602,2,7200,1.52443087174
425250,427034,430623,1784,3589,2,7200,1.49707439398
425287,427117,430477,1830,3360,2,7200,1.54464285714
425498,427157,430635,1659,3478,2,7200,1.47699827487
425541,427165,430543,1624,3378,2,7200,1.48075784488
425635,427175,430607,1540,3432,2,7200,1.44871794872
425657,427439,430723,1782,3284,2,7200,1.54263093788
425694,427561,430934,1867,3373,2,7200,1.553513193
425715,427570,430880,1855,3310,2,7200,1.56042296073
425821,427597,431086,1776,3489,2,7200,1.50902837489
425934,428002,431358,2068,3356,2,7200,1.61620977354
425935,428179,431571,2244,3392,2,7200,1.66155660377
425957,428255,431539,2298,3284,2,7200,1.69975639464
425975,428272,431670,2297,3398,2,7200,1.67598587404
426209,428420,431731,2211,3311,2,7200,1.66777408638
426279,428450,431755,2171,3305,2,7200,1.65688350983
426376,428570,431931,2194,3361,2,7200,1.65278191015
426449,428611,431885,2162,3274,2,7200,1.66035430666
426467,428745,432254,2278,3509,2,7200,1.64918780279
426571,428814,432284,2243,3470,2,7200,1.64639769452
426607,428923,432462,2316,3539,2,7200,1.65442215315
426635,428960,432646,2325,3686,2,7200,1.63076505697
426678,428991,432417,2313,3426,2,7200,1.67513134851
426717,429158,432710,2441,3552,2,7200,1.68721846847
426784,429175,432317,2391,3142,2,7200,1.76098026735
426879,429239,432748,2360,3509,2,7200,1.67255628384
426894,429248,432847,2354,3599,2,7200,1.65407057516
426943,429256,432614,2313,3358,2,7200,1.68880285884
426964,429374,432665,2410,3291,2,7200,1.7323002127
427013,429614,432936,2601,3322,2,7200,1.78296207104
427028,429643,433471,2615,3828,2,7200,1.68312434692
427104,429667,433217,2563,3550,2,7200,1.72197183099
427147,429711,433389,2564,3678,2,7200,1.69711799891
427149,429719,433104,2570,3385,2,7200,1.75923190547
427164,429828,432992,2664,3164,2,7200,1.8419721871
427428,429968,433315,2540,3347,2,7200,1.75888855692
427551,430006,433679,2455,3673,2,7200,1.66839096107
427552,430034,433225,2482,3191,2,7200,1.77781259793
427586,430060,433397,2474,3337,2,7200,1.74138447708
427992,430068,433745,2076,3677,2,7200,1.56459069894
428166,430151,433527,1985,3376,2,7200,1.58797393365
428242,430165,433774,1923,3609,2,7200,1.53283458022
428260,430260,433510,2000,3250,2,7200,1.61538461538
428408,430454,433779,2046,3325,2,7200,1.61533834586
428438,430490,433976,2052,3486,2,7200,1.58864027539
428557,430556,433928,1999,3372,2,7200,1.5928232503
428600,430620,433845,2020,3225,2,7200,1.62635658915
428734,430636,434042,1902,3406,2,7200,1.55842630652
428801,430644,433837,1843,3193,2,7200,1.57720012527
428913,430652,434292,1739,3640,2,7200,1.47774725275
428950,430679,434107,1729,3428,2,7200,1.50437572929
428981,430736,434145,1755,3409,2,7200,1.51481372837
429145,430894,434402,1749,3508,2,7200,1.49857468643
429163,430948,434527,1785,3579,2,7200,1.49874266555
429227,431099,434337,1872,3238,2,7200,1.57813465102
429243,431112,434588,1869,3476,2,7200,1.53768699655
429244,431371,434977,2127,3606,2,7200,1.58985024958
429363,431552,434919,2189,3367,2,7200,1.65013365013
429601,431586,434815,1985,3229,2,7200,1.61474140601
429632,431683,434951,2051,3268,2,7200,1.62760097919
429656,431745,434823,2089,3078,2,7200,1.67868745939
429699,431769,434956,2070,3187,2,7200,1.6495136492
429714,431899,435399,2185,3500,2,7200,1.62428571429
429815,431944,435544,2129,3600,2,7200,1.59138888889
429958,432268,436071,2310,3803,2,7200,1.60741519853
429995,432297,435821,2302,3524,2,7200,1.65323496027
430023,432331,435834,2308,3503,2,7200,1.658863831
430050,432430,435813,2380,3383,2,7200,1.70351758794
430065,432475,435845,2410,3370,2,7200,1.71513353116
430138,432627,436003,2489,3376,2,7200,1.73726303318
430154,432659,436111,2505,3452,2,7200,1.72566628042
430249,432679,436079,2430,3400,2,7200,1.71470588235
430445,432725,435993,2280,3268,2,7200,1.6976744186
430478,432761,436122,2283,3361,2,7200,1.67926212437
430545,432860,436245,2315,3385,2,7200,1.68389955687
430609,432951,436128,2342,3177,2,7200,1.73717343406
430625,433005,436464,2380,3459,2,7200,1.68806013299
430640,433118,436702,2478,3584,2,7200,1.69140625
430642,433230,436425,2588,3195,2,7200,1.81001564945
430666,433239,436414,2573,3175,2,7200,1.81039370079
430724,433328,436691,2604,3363,2,7200,1.77430865299
430883,433402,436765,2519,3363,2,7200,1.74903360095
430935,433410,436990,2475,3580,2,7200,1.69134078212
431087,433485,436885,2398,3400,2,7200,1.70529411765
431102,433523,436858,2421,3335,2,7200,1.72593703148
431360,433541,436865,2181,3324,2,7200,1.65613718412
431539,433692,437316,2153,3624,2,7200,1.59409492274
431573,433758,437091,2185,3333,2,7200,1.65556555656
431670,433788,437042,2118,3254,2,7200,1.65089121082
431731,433796,437281,2065,3485,2,7200,1.59253945481
431756,433850,437068,2094,3218,2,7200,1.65071472965
431886,433859,436989,1973,3130,2,7200,1.6303514377
431932,433941,437479,2009,3538,2,7200,1.56783493499
432254,433989,437259,1735,3270,2,7200,1.53058103976
432284,434055,437634,1771,3579,2,7200,1.49483095837
432318,434120,437762,1802,3642,2,7200,1.49478308622
432418,434158,437522,1740,3364,2,7200,1.51724137931
432458,434305,437907,1847,3602,2,7200,1.51277068295
432616,434349,438033,1733,3684,2,7200,1.47041259501
432646,434415,437658,1769,3243,2,7200,1.54548257786
432668,434541,437694,1873,3153,2,7200,1.59403742467
432714,434601,438312,1887,3711,2,7200,1.50848827809
432750,434828,438122,2078,3294,2,7200,1.63084395871
432847,434835,438055,1988,3220,2,7200,1.61739130435
432939,434932,438263,1993,3331,2,7200,1.59831882318
432993,434965,438197,1972,3232,2,7200,1.61014851485
433106,434973,438300,1867,3327,2,7200,1.56116621581
433219,434990,438299,1771,3309,2,7200,1.53520701118
433235,435412,438804,2177,3392,2,7200,1.64180424528
433317,435557,438895,2240,3338,2,7200,1.67106051528
433389,435827,439294,2438,3467,2,7200,1.70320161523
433405,435835,439563,2430,3728,2,7200,1.65182403433
433472,435848,439440,2376,3592,2,7200,1.66146993318
433511,435858,439159,2347,3301,2,7200,1.71099666768
433530,436006,439359,2476,3353,2,7200,1.73844318521
433679,436016,439112,2337,3096,2,7200,1.75484496124
433746,436086,439469,2340,3383,2,7200,1.69169376293
433777,436094,439426,2317,3332,2,7200,1.69537815126
433792,436125,439633,2333,3508,2,7200,1.66505131129
433838,436136,439781,2298,3645,2,7200,1.6304526749
433853,436145,439463,2292,3318,2,7200,1.69077757685
433930,436258,439626,2328,3368,2,7200,1.69121140143
433976,436426,439732,2450,3306,2,7200,1.74107683001
434043,436438,439881,2395,3443,2,7200,1.69561428986
434107,436478,439512,2371,3034,2,7200,1.78147659855
434147,436704,440143,2557,3439,2,7200,1.74353009596
434293,436715,440001,2422,3286,2,7200,1.73706634206
434339,436778,440376,2439,3598,2,7200,1.67787659811
434403,436872,440427,2469,3555,2,7200,1.69451476793
434528,436881,440360,2353,3479,2,7200,1.67634377695
434589,436898,440398,2309,3500,2,7200,1.65971428571
434818,437004,440685,2186,3681,2,7200,1.59386036403
434833,437009,440711,2176,3702,2,7200,1.58779038358
434921,437056,440340,2135,3284,2,7200,1.65012180268
434952,437081,440583,2129,3502,2,7200,1.60793832096
434967,437105,440512,2138,3407,2,7200,1.62753155269
434982,437273,440763,2291,3490,2,7200,1.6564469914
435400,437294,440759,1894,3465,2,7200,1.54660894661
435546,437331,440791,1785,3460,2,7200,1.51589595376
435813,437493,440795,1680,3302,2,7200,1.50878255603
435828,437535,440840,1707,3305,2,7200,1.51649016641
435844,437647,440807,1803,3160,2,7200,1.57056962025
435845,437671,440881,1826,3210,2,7200,1.56884735202
435994,437707,441117,1713,3410,2,7200,1.50234604106
436009,437775,441466,1766,3691,2,7200,1.47846112165
436073,437921,441402,1848,3481,2,7200,1.53088193048
436089,438046,441383,1957,3337,2,7200,1.58645489961
436113,438068,441440,1955,3372,2,7200,1.57977461447
436129,438136,441371,2007,3235,2,7200,1.62040185471
436130,438211,441807,2081,3596,2,7200,1.57869855395
436246,438277,441682,2031,3405,2,7200,1.59647577093
436416,438312,441617,1896,3305,2,7200,1.57367624811
436431,438320,441838,1889,3518,2,7200,1.5369528141
436464,438328,441564,1864,3236,2,7200,1.5760197775
436693,438817,442397,2124,3580,2,7200,1.59329608939
436708,438909,442305,2201,3396,2,7200,1.64811542992
436766,439125,442363,2359,3238,2,7200,1.72853613342
436860,439173,442566,2313,3393,2,7200,1.68169761273
436875,439306,442745,2431,3439,2,7200,1.70689153824
436891,439373,442728,2482,3355,2,7200,1.73979135618
436991,439438,442914,2447,3476,2,7200,1.70397008055
436993,439453,442743,2460,3290,2,7200,1.74772036474
437045,439478,442946,2433,3468,2,7200,1.70155709343
437069,439486,442834,2417,3348,2,7200,1.72192353644
437094,439526,442779,2432,3253,2,7200,1.74761758377
437262,439576,443090,2314,3514,2,7200,1.65850882186
437283,439639,442911,2356,3272,2,7200,1.72004889976
437317,439647,442837,2330,3190,2,7200,1.73040752351
437482,439745,443346,2263,3601,2,7200,1.6284365454
437524,439794,443383,2270,3589,2,7200,1.63248815826
437631,439894,442980,2263,3086,2,7200,1.7333117304
437659,440014,443363,2355,3349,2,7200,1.70319498358
437696,440156,443575,2460,3419,2,7200,1.71950862825
437763,440353,443840,2590,3487,2,7200,1.74275881847
437909,440374,443702,2465,3328,2,7200,1.74068509615
438035,440389,443718,2354,3329,2,7200,1.70711925503
438056,440412,443775,2356,3363,2,7200,1.70056497175
438123,440441,443824,2318,3383,2,7200,1.68519065918
438199,440525,443750,2326,3225,2,7200,1.72124031008
438266,440597,443812,2331,3215,2,7200,1.72503888025
438300,440698,444480,2398,3782,2,7200,1.634056055
438301,440724,444099,2423,3375,2,7200,1.71792592593
438316,440772,444094,2456,3322,2,7200,1.73931366647
438804,440781,444172,1977,3391,2,7200,1.58301386022
438896,440804,444228,1908,3424,2,7200,1.55724299065
439111,440813,444364,1702,3551,2,7200,1.47930160518
439161,440821,444153,1660,3332,2,7200,1.49819927971
439295,440853,444521,1558,3668,2,7200,1.42475463468
439359,440894,444462,1535,3568,2,7200,1.43021300448
439427,441131,444496,1704,3365,2,7200,1.50638930163
439442,441385,445014,1943,3629,2,7200,1.53540920364
439466,441396,444853,1930,3457,2,7200,1.55828753254
439482,441415,444823,1933,3408,2,7200,1.56719483568
439513,441453,444799,1940,3346,2,7200,1.57979677227
439565,441479,445069,1914,3590,2,7200,1.53314763231
439629,441577,444890,1948,3313,2,7200,1.58798671899
439644,441630,444993,1986,3363,2,7200,1.590544157
439733,441695,445278,1962,3583,2,7200,1.54758582194
439782,441820,444838,2038,3018,2,7200,1.67528164347
439883,441851,445240,1968,3389,2,7200,1.58070227206
440003,442318,445860,2315,3542,2,7200,1.65358554489
440146,442377,445686,2231,3309,2,7200,1.67422181928
440341,442411,445901,2070,3490,2,7200,1.59312320917
440363,442579,446326,2216,3747,2,7200,1.5914064585
440378,442741,446142,2363,3401,2,7200,1.69479564834
440399,442756,446136,2357,3380,2,7200,1.69733727811
440430,442765,446297,2335,3532,2,7200,1.66109852775
440512,442792,446061,2280,3269,2,7200,1.69746099725
440585,442847,445960,2262,3113,2,7200,1.7266302602
440686,442856,445992,2170,3136,2,7200,1.69196428571
440710,442924,446373,2214,3449,2,7200,1.64192519571
440759,442932,446460,2173,3528,2,7200,1.61592970522
440775,442960,446353,2185,3393,2,7200,1.64397288535
440793,442993,446323,2200,3330,2,7200,1.66066066066
440809,443105,446537,2296,3432,2,7200,1.668997669
440810,443360,446449,2550,3089,2,7200,1.82550987375
440841,443377,446899,2536,3522,2,7200,1.72004542873
440881,443395,446927,2514,3532,2,7200,1.71177802945
441120,443588,447162,2468,3574,2,7200,1.69054280918
441373,443715,447208,2342,3493,2,7200,1.67048382479
441388,443731,447344,2343,3613,2,7200,1.64849155826
441404,443762,447213,2358,3451,2,7200,1.68328020864
441441,443789,447267,2348,3478,2,7200,1.67510063255
441468,443825,447567,2357,3742,2,7200,1.62987707108
441563,443837,447329,2274,3492,2,7200,1.65120274914
441618,443854,447178,2236,3324,2,7200,1.67268351384
441683,444108,447196,2425,3088,2,7200,1.78529792746
441805,444117,447722,2312,3605,2,7200,1.64133148405
441839,444166,447649,2327,3483,2,7200,1.66810221074
442307,444186,447504,1879,3318,2,7200,1.56630500301
442365,444242,447737,1877,3495,2,7200,1.53705293276
442395,444379,447877,1984,3498,2,7200,1.56718124643
442566,444475,447703,1909,3228,2,7200,1.59138785626
442730,444493,447946,1763,3453,2,7200,1.51057051839
442745,444509,447490,1764,2981,2,7200,1.59174773566
442747,444534,447796,1787,3262,2,7200,1.54782342121
442781,444813,448239,2032,3426,2,7200,1.59311150029
442836,444836,448216,2000,3380,2,7200,1.59171597633
442852,444851,448430,1999,3579,2,7200,1.55853590388
442913,444866,448176,1953,3310,2,7200,1.59003021148
442928,444902,448238,1974,3336,2,7200,1.59172661871
442946,445006,448383,2060,3377,2,7200,1.61000888362
442980,445027,448324,2047,3297,2,7200,1.62086745526
443092,445082,448512,1990,3430,2,7200,1.58017492711
443347,445254,448437,1907,3183,2,7200,1.59912032674
443366,445290,448853,1924,3563,2,7200,1.53999438675
443384,445699,449199,2315,3500,2,7200,1.66142857143
443577,445874,449268,2297,3394,2,7200,1.67678255745
443702,445914,449642,2212,3728,2,7200,1.59334763948
443718,445974,449296,2256,3322,2,7200,1.6791089705
443751,446005,449458,2254,3453,2,7200,1.65276571098
443776,446073,449558,2297,3485,2,7200,1.65911047346
443813,446149,449646,2336,3497,2,7200,1.66800114384
443829,446158,449347,2329,3189,2,7200,1.73032298526
443844,446310,449985,2466,3675,2,7200,1.67102040816
444096,446336,449714,2240,3378,2,7200,1.6631142688
444111,446344,449745,2233,3401,2,7200,1.65657159659
444154,446366,449923,2212,3557,2,7200,1.62187236435
444176,446387,449619,2211,3232,2,7200,1.68409653465
444231,446463,449932,2232,3469,2,7200,1.64341308735
444365,446474,450011,2109,3537,2,7200,1.59626802375
444463,446550,449848,2087,3298,2,7200,1.63280776228
444481,446913,450181,2432,3268,2,7200,1.74418604651
444496,446940,450140,2444,3200,2,7200,1.76375
444521,447175,450547,2654,3372,2,7200,1.78706998814
444799,447192,450517,2393,3325,2,7200,1.71969924812
444824,447210,450704,2386,3494,2,7200,1.68288494562
444840,447221,450527,2381,3306,2,7200,1.72020568663
444855,447230,450602,2375,3372,2,7200,1.70432977461
444891,447281,450638,2390,3357,2,7200,1.71194518916
444992,447343,450770,2351,3427,2,7200,1.68602276043
445017,447358,450840,2341,3482,2,7200,1.67231476163
445069,447504,450816,2435,3312,2,7200,1.73520531401
445242,447517,450875,2275,3358,2,7200,1.67748659917
445279,447580,450976,2301,3396,2,7200,1.67756183746
445688,447662,450874,1974,3212,2,7200,1.61457036115
445863,447717,451191,1854,3474,2,7200,1.53367875648
445902,447735,451091,1833,3356,2,7200,1.54618593564
445960,447750,451461,1790,3711,2,7200,1.48234977095
445994,447810,451134,1816,3324,2,7200,1.54632972323
446061,447891,451326,1830,3435,2,7200,1.5327510917
446138,447960,451649,1822,3689,2,7200,1.49390078612
446153,448190,451643,2037,3453,2,7200,1.58992180712
446299,448228,451669,1929,3441,2,7200,1.56059285092
446324,448251,451769,1927,3518,2,7200,1.54775440591
446339,448259,451595,1920,3336,2,7200,1.57553956835
446354,448337,451761,1983,3424,2,7200,1.57914719626
446376,448397,451752,2021,3355,2,7200,1.60238450075
446452,448443,451552,1991,3109,2,7200,1.64039884207
446467,448452,451877,1985,3425,2,7200,1.5795620438
446537,448524,451789,1987,3265,2,7200,1.60857580398
446901,448865,452451,1964,3586,2,7200,1.54768544339
446928,449212,452633,2284,3421,2,7200,1.66764104063
447165,449282,452719,2117,3437,2,7200,1.61594413733
447180,449309,452751,2129,3442,2,7200,1.61853573504
447198,449360,452813,2162,3453,2,7200,1.62612221257
447214,449471,452687,2257,3216,2,7200,1.70180348259
447215,449571,452890,2356,3319,2,7200,1.70985236517
447267,449632,452725,2365,3093,2,7200,1.76462980925
447331,449656,453559,2325,3903,2,7200,1.59569561875
447346,449663,453172,2317,3509,2,7200,1.66030208036
447493,449727,452942,2234,3215,2,7200,1.69486780715
447508,449759,453331,2251,3572,2,7200,1.63017917133
447569,449862,453392,2293,3530,2,7200,1.64957507082
447649,449937,453441,2288,3504,2,7200,1.65296803653
447704,449947,453295,2243,3348,2,7200,1.66995221027
447723,449998,453502,2275,3504,2,7200,1.64925799087
447738,450023,453305,2285,3282,2,7200,1.69622181597
447799,450154,453642,2355,3488,2,7200,1.67517201835
447879,450196,453532,2317,3336,2,7200,1.69454436451
447949,450531,454099,2582,3568,2,7200,1.72365470852
448178,450541,453759,2363,3218,2,7200,1.734307023
448219,450563,453783,2344,3220,2,7200,1.72795031056
448241,450617,454116,2376,3499,2,7200,1.67905115747
448243,450652,453959,2409,3307,2,7200,1.72845479286
448325,450718,454041,2393,3323,2,7200,1.72013241047
448383,450785,454289,2402,3504,2,7200,1.68550228311
448432,450830,454130,2398,3300,2,7200,1.72666666667
448447,450853,454382,2406,3529,2,7200,1.68177954095
448514,450890,454288,2376,3398,2,7200,1.69923484403
448855,450895,454065,2040,3170,2,7200,1.64353312303
449201,450989,454504,1788,3515,2,7200,1.50867709815
449268,451103,454306,1835,3203,2,7200,1.57290040587
449299,451148,454584,1849,3436,2,7200,1.53812572759
449348,451206,454778,1858,3572,2,7200,1.52015677492
449461,451339,454890,1878,3551,2,7200,1.52886510842
449558,451475,454803,1917,3328,2,7200,1.57602163462
449619,451566,455075,1947,3509,2,7200,1.55485893417
449644,451609,455220,1965,3611,2,7200,1.54417058986
449659,451656,455061,1997,3405,2,7200,1.58649045521
449714,451664,455260,1950,3596,2,7200,1.54226918799
449745,451682,455052,1937,3370,2,7200,1.57477744807
449849,451766,455148,1917,3382,2,7200,1.56682436428
449925,451774,455334,1849,3560,2,7200,1.51938202247
449940,451784,455315,1844,3531,2,7200,1.52223166242
449986,451803,455213,1817,3410,2,7200,1.53284457478
450011,451891,455147,1880,3256,2,7200,1.5773955774
450142,452465,456004,2323,3539,2,7200,1.65640011303
450182,452645,456372,2463,3727,2,7200,1.66085323316
450520,452701,455850,2181,3149,2,7200,1.69260082566
450536,452734,456351,2198,3617,2,7200,1.60768592756
450551,452742,455961,2191,3219,2,7200,1.6806461634
450606,452765,456368,2159,3603,2,7200,1.59922286983
450640,452827,456429,2187,3602,2,7200,1.6071626874
450704,452904,456003,2200,3099,2,7200,1.70990642143
450772,452954,456420,2182,3466,2,7200,1.6295441431
450818,453185,456820,2367,3635,2,7200,1.65116918845
450842,453309,456671,2467,3362,2,7200,1.73378941106
450876,453319,456609,2443,3290,2,7200,1.74255319149
450877,453346,456747,2469,3401,2,7200,1.72596295207
450978,453406,456819,2428,3413,2,7200,1.71139759742
451091,453455,456955,2364,3500,2,7200,1.67542857143
451134,453516,456964,2382,3448,2,7200,1.69083526682
451192,453545,456724,2353,3179,2,7200,1.74016986474
451329,453573,457129,2244,3556,2,7200,1.63104611924
451463,453656,457012,2193,3356,2,7200,1.65345649583
451552,453772,457119,2220,3347,2,7200,1.66328054975
451595,453796,457346,2201,3550,2,7200,1.62
451643,453971,458254,2328,4283,2,7200,1.54354424469
451659,454054,457499,2395,3445,2,7200,1.69521044993
451674,454088,457654,2414,3566,2,7200,1.67694896242
451750,454093,457462,2343,3369,2,7200,1.69545859305
451766,454106,457755,2340,3649,2,7200,1.64127158126
451781,454114,457587,2333,3473,2,7200,1.67175352721
451796,454131,457361,2335,3230,2,7200,1.72291021672
451879,454146,457468,2267,3322,2,7200,1.68242022878
452454,454213,457820,1759,3607,2,7200,1.48766287774
452633,454237,457595,1604,3358,2,7200,1.47766527695
452688,454303,457863,1615,3560,2,7200,1.45365168539
452721,454308,457780,1587,3472,2,7200,1.45708525346
452737,454320,457838,1583,3518,2,7200,1.44997157476
452752,454397,458084,1645,3687,2,7200,1.44616219148
452813,454517,457832,1704,3315,2,7200,1.51402714932
452892,454598,457894,1706,3296,2,7200,1.51759708738
452941,454793,458320,1852,3527,2,7200,1.5250921463
453174,454817,458194,1643,3377,2,7200,1.48652650281
453297,454904,458422,1607,3518,2,7200,1.45679363275
453312,455065,458743,1753,3678,2,7200,1.47661772703
453334,455075,458014,1741,2939,2,7200,1.59237835999
453395,455089,458536,1694,3447,2,7200,1.49144183348
453444,455160,458562,1716,3402,2,7200,1.50440917108
453503,455169,458589,1666,3420,2,7200,1.48713450292
453534,455228,458795,1694,3567,2,7200,1.47490888702
453561,455237,458564,1676,3327,2,7200,1.50375713856
453644,455274,458708,1630,3434,2,7200,1.47466511357
453760,455329,458957,1569,3628,2,7200,1.43246968026
453785,455349,458729,1564,3380,2,7200,1.46272189349
453959,455863,459129,1904,3266,2,7200,1.58297611758
454042,455974,459595,1932,3621,2,7200,1.53355426678
454066,456016,459339,1950,3323,2,7200,1.58681913933
454100,456024,459497,1924,3473,2,7200,1.55398790671
454118,456367,459652,2249,3285,2,7200,1.68462709285
454134,456384,459894,2250,3510,2,7200,1.64102564103
454290,456393,459877,2103,3484,2,7200,1.60361653272
454292,456435,459771,2143,3336,2,7200,1.64238609113
454307,456444,459870,2137,3426,2,7200,1.62375948628
454383,456623,460192,2240,3569,2,7200,1.62762678621
454505,456685,460223,2180,3538,2,7200,1.61616732617
454585,456738,460136,2153,3398,2,7200,1.63360800471
454777,456761,460122,1984,3361,2,7200,1.5903005058
454805,456836,460151,2031,3315,2,7200,1.61266968326
454890,456841,460293,1951,3452,2,7200,1.56517960603
455055,456969,460286,1914,3317,2,7200,1.57702743443
455070,456978,460392,1908,3414,2,7200,1.55887521968
455085,457027,460561,1942,3534,2,7200,1.54951895869
455150,457133,460487,1983,3354,2,7200,1.59123434705
455151,457144,460599,1993,3455,2,7200,1.57684515195
455215,457359,460674,2144,3315,2,7200,1.6467571644
455231,457378,460956,2147,3578,2,7200,1.60005589715
455261,457476,461072,2215,3596,2,7200,1.6159621802
455316,457484,460913,2168,3429,2,7200,1.63225430155
455332,457512,460989,2180,3477,2,7200,1.62697727926
455851,457601,461197,1750,3596,2,7200,1.48665183537
455961,457610,461160,1649,3550,2,7200,1.46450704225
456005,457668,461190,1663,3522,2,7200,1.47217490062
456006,457769,461243,1763,3474,2,7200,1.50748416811
456355,457795,461317,1440,3522,2,7200,1.40885860307
456371,457834,461258,1463,3424,2,7200,1.42727803738
456386,457847,461557,1461,3710,2,7200,1.39380053908
456423,457855,461232,1432,3377,2,7200,1.42404501036
456438,457877,461372,1439,3495,2,7200,1.41173104435
456610,457908,461378,1298,3470,2,7200,1.37406340058
456671,458028,461313,1357,3285,2,7200,1.41308980213
456727,458098,461428,1371,3330,2,7200,1.41171171171
456748,458209,461581,1461,3372,2,7200,1.43327402135
456822,458270,461811,1448,3541,2,7200,1.40892403276
456823,458334,461808,1511,3474,2,7200,1.434945308
456955,458437,461983,1482,3546,2,7200,1.4179357022
456971,458510,461844,1539,3334,2,7200,1.46160767846
457013,458552,462378,1539,3826,2,7200,1.40224777836
457121,458577,461838,1456,3261,2,7200,1.44648880711
457136,458586,462215,1450,3629,2,7200,1.39955910719
457348,458604,462263,1256,3659,2,7200,1.34326318666
457365,458722,462045,1357,3323,2,7200,1.4083659344
457463,458744,462317,1281,3573,2,7200,1.35852225021
457478,458759,462135,1281,3376,2,7200,1.37944312796
457500,458810,462533,1310,3723,2,7200,1.35186677411
457589,458972,462379,1383,3407,2,7200,1.40592896977
457604,459143,462754,1539,3611,2,7200,1.42619772916
457656,459353,462951,1697,3598,2,7200,1.47165091718
457754,459512,463045,1758,3533,2,7200,1.49759411265
457782,459609,462975,1827,3366,2,7200,1.54278074866
457818,459666,462998,1848,3332,2,7200,1.55462184874
457834,459785,463482,1951,3697,2,7200,1.52772518258
457849,459882,463442,2033,3560,2,7200,1.57106741573
457864,459891,463373,2027,3482,2,7200,1.58213670304
457895,459907,463276,2012,3369,2,7200,1.59720985456
458011,460135,463696,2124,3561,2,7200,1.59646166807
458085,460152,463434,2067,3282,2,7200,1.62979890311
458196,460164,463691,1968,3527,2,7200,1.55798128721
458257,460206,463693,1949,3487,2,7200,1.55893318038
458321,460238,463621,1917,3383,2,7200,1.56665681348
458422,460300,463850,1878,3550,2,7200,1.52901408451
458539,460309,463747,1770,3438,2,7200,1.51483420593
458563,460408,463852,1845,3444,2,7200,1.53571428571
458565,460502,464111,1937,3609,2,7200,1.53671377113
458593,460576,463989,1983,3413,2,7200,1.58101377088
458709,460613,463991,1904,3378,2,7200,1.56364712848
458731,460689,464059,1958,3370,2,7200,1.58100890208
458746,460928,464148,2182,3220,2,7200,1.67763975155
458795,460969,464403,2174,3434,2,7200,1.63308095515
458958,461004,464395,2046,3391,2,7200,1.60336184017
459130,461086,464485,1956,3399,2,7200,1.57546337158
459340,461175,464521,1835,3346,2,7200,1.54841601913
459499,461204,464563,1705,3359,2,7200,1.5075915451
459596,461213,464401,1617,3188,2,7200,1.50721455458
459654,461246,464722,1592,3476,2,7200,1.4579976985
459773,461256,464424,1483,3168,2,7200,1.46811868687
459871,461271,464722,1400,3451,2,7200,1.40567951318
459886,461327,464725,1441,3398,2,7200,1.42407298411
459901,461336,464734,1435,3398,2,7200,1.42230723955
460125,461386,464842,1261,3456,2,7200,1.36487268519
460140,461395,464662,1255,3267,2,7200,1.38414447505
460155,461443,464785,1288,3342,2,7200,1.38539796529
460192,461572,464815,1380,3243,2,7200,1.42553191489
460226,461600,465095,1374,3495,2,7200,1.39313304721
460287,461821,465279,1534,3458,2,7200,1.44360902256
460303,461829,465176,1526,3347,2,7200,1.45593068419
460394,461852,465410,1458,3558,2,7200,1.40978077572
460489,461861,465132,1372,3271,2,7200,1.41944359523
460563,461998,465168,1435,3170,2,7200,1.45268138801
460600,462061,465801,1461,3740,2,7200,1.39064171123
460677,462149,465675,1472,3526,2,7200,1.41747022121
460915,462227,465623,1312,3396,2,7200,1.3863368669
460958,462276,465692,1318,3416,2,7200,1.38583138173
460992,462331,465652,1339,3321,2,7200,1.4031918097
461072,462392,466301,1320,3909,2,7200,1.33768227168
461161,462397,465675,1236,3278,2,7200,1.37705918243
461191,462547,466149,1356,3602,2,7200,1.3764575236
461193,462768,465908,1575,3140,2,7200,1.50159235669
461233,462964,466771,1731,3807,2,7200,1.45468873128
461248,462989,466126,1741,3137,2,7200,1.55498884284
461263,463013,466779,1750,3766,2,7200,1.46468401487
461315,463058,466476,1743,3418,2,7200,1.50994733762
461331,463290,466784,1959,3494,2,7200,1.56067544362
461374,463387,466932,2013,3545,2,7200,1.56784203103
461390,463448,466555,2058,3107,2,7200,1.66237528162
461429,463457,467230,2028,3773,2,7200,1.53750331301
461558,463495,467152,1937,3657,2,7200,1.5296691277
461583,463636,467336,2053,3700,2,7200,1.55486486486
461809,463704,466985,1895,3281,2,7200,1.57756781469
461824,463713,467091,1889,3378,2,7200,1.55920663114
461839,463718,467142,1879,3424,2,7200,1.54877336449
461855,463761,467320,1906,3559,2,7200,1.53554369205
461986,463863,466906,1877,3043,2,7200,1.61682550115
462048,463873,467408,1825,3535,2,7200,1.51626591231
462137,464003,467563,1866,3560,2,7200,1.52415730337
462217,464012,467421,1795,3409,2,7200,1.5265473746
462266,464073,467427,1807,3354,2,7200,1.53875968992
462318,464124,467540,1806,3416,2,7200,1.52868852459
462380,464162,467455,1782,3293,2,7200,1.54114788946
462381,464408,467733,2027,3325,2,7200,1.60962406015
462534,464417,468068,1883,3651,2,7200,1.51574910983
462755,464422,467749,1667,3327,2,7200,1.5010519988
462953,464438,467850,1485,3412,2,7200,1.43522860492
462975,464498,467922,1523,3424,2,7200,1.44480140187
463000,464535,467800,1535,3265,2,7200,1.47013782542
463046,464577,468007,1531,3430,2,7200,1.44635568513
463277,464676,468245,1399,3569,2,7200,1.39198655085
463375,464735,468397,1360,3662,2,7200,1.3713817586
463436,464741,468015,1305,3274,2,7200,1.39859499084
463452,464750,468321,1298,3571,2,7200,1.36348361803
463483,464755,468002,1272,3247,2,7200,1.39174622729
463623,464798,468463,1175,3665,2,7200,1.32060027285
463691,464830,468368,1139,3538,2,7200,1.32193329565
463707,464857,468523,1150,3666,2,7200,1.3136933988
463708,465109,468408,1401,3299,2,7200,1.42467414368
463745,465147,468671,1402,3524,2,7200,1.39784335982
463853,465182,468288,1329,3106,2,7200,1.42788151964
463854,465190,468826,1336,3636,2,7200,1.36743674367
463991,465294,468641,1303,3347,2,7200,1.3893038542
463992,465423,468778,1431,3355,2,7200,1.42652757079
464060,465637,469219,1577,3582,2,7200,1.44025683975
464112,465667,468981,1555,3314,2,7200,1.46922148461
464149,465690,469392,1541,3702,2,7200,1.41626148028
464396,465695,469028,1299,3333,2,7200,1.3897389739
464412,465706,469459,1294,3753,2,7200,1.344790834
464413,465815,469235,1402,3420,2,7200,1.40994152047
464429,465922,469286,1493,3364,2,7200,1.44381688466
464488,466140,469551,1652,3411,2,7200,1.48431545001
464522,466163,469399,1641,3236,2,7200,1.50710754017
464565,466315,469658,1750,3343,2,7200,1.52348190248
464664,466491,469886,1827,3395,2,7200,1.5381443299
464722,466569,470206,1847,3637,2,7200,1.50783612868
464724,466785,470224,2061,3439,2,7200,1.59930212271
464739,466793,470182,2054,3389,2,7200,1.60607848923
464741,466802,470218,2061,3416,2,7200,1.60333723653
464787,466920,470335,2133,3415,2,7200,1.62459736457
464818,466947,470979,2129,4032,2,7200,1.52802579365
464846,467000,470485,2154,3485,2,7200,1.61807747489
465095,467106,470328,2011,3222,2,7200,1.62414649286
465135,467155,470495,2020,3340,2,7200,1.60479041916
465169,467166,470505,1997,3339,2,7200,1.59808325846
465185,467245,470642,2060,3397,2,7200,1.60641742714
465281,467334,470784,2053,3450,2,7200,1.59507246377
465410,467350,470725,1940,3375,2,7200,1.57481481481
465624,467422,471084,1798,3662,2,7200,1.49098853086
465655,467438,470875,1783,3437,2,7200,1.51876636602
465677,467447,471014,1770,3567,2,7200,1.49621530698
465678,467469,471044,1791,3575,2,7200,1.50097902098
465694,467553,470937,1859,3384,2,7200,1.5493498818
465802,467577,470901,1775,3324,2,7200,1.53399518652
465908,467747,471287,1839,3540,2,7200,1.51949152542
466128,467762,471118,1634,3356,2,7200,1.48688915375
466150,467814,471116,1664,3302,2,7200,1.50393700787
466303,467864,471234,1561,3370,2,7200,1.46320474777
466479,467936,471972,1457,4036,2,7200,1.36100099108
466556,468017,471214,1461,3197,2,7200,1.456990929
466774,468026,471416,1252,3390,2,7200,1.36932153392
466790,468034,471594,1244,3560,2,7200,1.34943820225
466791,468082,471282,1291,3200,2,7200,1.4034375
466907,468259,471578,1352,3319,2,7200,1.40735161193
466935,468302,471609,1367,3307,2,7200,1.41336558815
466988,468335,471910,1347,3575,2,7200,1.37678321678
467093,468380,472010,1287,3630,2,7200,1.35454545455
467142,468411,471797,1269,3386,2,7200,1.3747784997
467158,468421,471795,1263,3374,2,7200,1.37433313574
467232,468476,471738,1244,3262,2,7200,1.38136112814
467322,468536,472038,1214,3502,2,7200,1.34665905197
467338,468655,471843,1317,3188,2,7200,1.41311166876
467409,468685,471891,1276,3206,2,7200,1.39800374298
467424,468793,472068,1369,3275,2,7200,1.41801526718
467440,468839,472151,1399,3312,2,7200,1.42240338164
467458,468994,472179,1536,3185,2,7200,1.48226059655
467542,469043,472124,1501,3081,2,7200,1.48717948718
467566,469233,472710,1667,3477,2,7200,1.47943629566
467735,469249,472614,1514,3365,2,7200,1.44992570579
467751,469299,472728,1548,3429,2,7200,1.45144356955
467801,469405,472727,1604,3322,2,7200,1.48284166165
467851,469413,473020,1562,3607,2,7200,1.43304685334
467922,469474,473472,1552,3998,2,7200,1.38819409705
468006,469564,472918,1558,3354,2,7200,1.46451997615
468022,469672,472965,1650,3293,2,7200,1.50106286061
468023,469900,473062,1877,3162,2,7200,1.5936116382
468069,470195,473500,2126,3305,2,7200,1.6432677761
468246,470220,473509,1974,3289,2,7200,1.60018242627
468289,470234,473666,1945,3432,2,7200,1.56672494172
468324,470243,473666,1919,3423,2,7200,1.56061933976
468370,470343,473652,1973,3309,2,7200,1.5962526443
468398,470352,473698,1954,3346,2,7200,1.58398087268
468414,470499,473924,2085,3425,2,7200,1.60875912409
468464,470508,474020,2044,3512,2,7200,1.58200455581
468526,470519,473973,1993,3454,2,7200,1.57701215981
468643,470657,474241,2014,3584,2,7200,1.56194196429
468671,470740,474223,2069,3483,2,7200,1.59402813666
468779,470798,474281,2019,3483,2,7200,1.57967269595
468829,470889,474540,2060,3651,2,7200,1.56422897836
468984,470915,474292,1931,3377,2,7200,1.57180929819
469030,470951,474457,1921,3506,2,7200,1.54791785511
469218,470994,475744,1776,4750,2,7200,1.37389473684
469237,471029,474338,1792,3309,2,7200,1.54155333938
469289,471058,474595,1769,3537,2,7200,1.50014136274
469394,471099,474428,1705,3329,2,7200,1.51216581556
469411,471131,474421,1720,3290,2,7200,1.52279635258
469461,471140,474478,1679,3338,2,7200,1.50299580587
469551,471228,474716,1677,3488,2,7200,1.4807912844
469659,471247,474387,1588,3140,2,7200,1.50573248408
469888,471296,474501,1408,3205,2,7200,1.43931357254
470184,471305,474654,1121,3349,2,7200,1.33472678411
470206,471430,474818,1224,3388,2,7200,1.36127508855
470222,471594,475220,1372,3626,2,7200,1.37837837838
470238,471608,475095,1370,3487,2,7200,1.39288786923
470331,471622,475182,1291,3560,2,7200,1.36264044944
470346,471754,475200,1408,3446,2,7200,1.40858966918
470485,471809,475013,1324,3204,2,7200,1.41323345818
470501,471819,475038,1318,3219,2,7200,1.40944392669
470517,471857,475637,1340,3780,2,7200,1.3544973545
470643,471906,475227,1263,3321,2,7200,1.3803071364
470727,471924,475188,1197,3264,2,7200,1.36672794118
470787,471986,475575,1199,3589,2,7200,1.33407634439
470877,472024,475499,1147,3475,2,7200,1.33007194245
470902,472051,475495,1149,3444,2,7200,1.33362369338
470940,472083,475372,1143,3289,2,7200,1.34752204317
470981,472138,475524,1157,3386,2,7200,1.34170112227
471016,472165,475876,1149,3711,2,7200,1.3096200485
471045,472195,475621,1150,3426,2,7200,1.33566841798
471086,472630,476065,1544,3435,2,7200,1.44949053857
471118,472727,476156,1609,3429,2,7200,1.46923301254
471119,472744,476175,1625,3431,2,7200,1.47362285048
471213,472750,476112,1537,3362,2,7200,1.45716835217
471235,472932,476288,1697,3356,2,7200,1.50566150179
471283,472979,476664,1696,3685,2,7200,1.46024423338
471298,473035,476358,1737,3323,2,7200,1.52272043334
471419,473077,476466,1658,3389,2,7200,1.48922986132
471580,473486,476749,1906,3263,2,7200,1.58412503831
471596,473513,476796,1917,3283,2,7200,1.58391714895
471614,473522,476786,1908,3264,2,7200,1.58455882353
471741,473667,477048,1926,3381,2,7200,1.56965394854
471799,473680,476839,1881,3159,2,7200,1.59544159544
471800,473685,477215,1885,3530,2,7200,1.53399433428
471844,473712,477014,1868,3302,2,7200,1.56571774682
471892,473937,477517,2045,3580,2,7200,1.57122905028
471912,473988,477403,2076,3415,2,7200,1.60790629575
471975,474032,477678,2057,3646,2,7200,1.5641799232
472013,474239,477774,2226,3535,2,7200,1.6297029703
472038,474255,477652,2217,3397,2,7200,1.65263467766
472070,474297,477284,2227,2987,2,7200,1.74556411115
472124,474306,477701,2182,3395,2,7200,1.64270986745
472153,474352,477747,2199,3395,2,7200,1.64771723122
472181,474401,478010,2220,3609,2,7200,1.61512884456
472617,474435,478016,1818,3581,2,7200,1.50767941916
472713,474444,478199,1731,3755,2,7200,1.46098535286
472731,474470,477791,1739,3321,2,7200,1.5236374586
472732,474492,477903,1760,3411,2,7200,1.51597771914
472920,474515,478145,1595,3630,2,7200,1.43939393939
472967,474556,478208,1589,3652,2,7200,1.43510405257
473023,474610,478787,1587,4177,2,7200,1.37993775437
473064,474668,478098,1604,3430,2,7200,1.46763848397
473474,474728,478312,1254,3584,2,7200,1.34988839286
473503,474832,478011,1329,3179,2,7200,1.41805599245
473518,475027,478262,1509,3235,2,7200,1.46646058733
473656,475051,478273,1395,3222,2,7200,1.43296089385
473673,475109,478640,1436,3531,2,7200,1.40668365902
473674,475196,478474,1522,3278,2,7200,1.46430750458
473699,475204,478685,1505,3481,2,7200,1.43234702672
473926,475212,478627,1286,3415,2,7200,1.37657393851
473977,475234,478618,1257,3384,2,7200,1.37145390071
474021,475243,478480,1222,3237,2,7200,1.37751004016
474226,475387,478925,1161,3538,2,7200,1.32815149802
474242,475509,479114,1267,3605,2,7200,1.35145631068
474284,475519,479330,1235,3811,2,7200,1.324061926
474300,475538,478823,1238,3285,2,7200,1.37686453577
474341,475590,478954,1249,3364,2,7200,1.37128418549
474388,475636,479267,1248,3631,2,7200,1.34370696778
474423,475651,479131,1228,3480,2,7200,1.35287356322
474439,475759,479220,1320,3461,2,7200,1.38139266108
474458,475892,479251,1434,3359,2,7200,1.42691277166
474480,476079,479619,1599,3540,2,7200,1.45169491525
474502,476127,479870,1625,3743,2,7200,1.43414373497
474544,476170,479552,1626,3382,2,7200,1.48078060319
474598,476188,479581,1590,3393,2,7200,1.46861184792
474655,476304,479821,1649,3517,2,7200,1.46886551038
474721,476372,480100,1651,3728,2,7200,1.44286480687
474818,476481,479793,1663,3312,2,7200,1.50211352657
475015,476677,479819,1662,3142,2,7200,1.5289624443
475039,476763,480315,1724,3552,2,7200,1.48536036036
475096,476799,480107,1703,3308,2,7200,1.51481257557
475181,476808,480289,1627,3481,2,7200,1.46739442689
475196,476854,480371,1658,3517,2,7200,1.47142450953
475212,477028,480334,1816,3306,2,7200,1.54930429522
475229,477062,480687,1833,3625,2,7200,1.50565517241
475230,477230,480649,2000,3419,2,7200,1.58496636443
475375,477299,480653,1924,3354,2,7200,1.57364341085
475497,477416,480655,1919,3239,2,7200,1.59246681074
475513,477531,480860,2018,3329,2,7200,1.60618804446
475529,477665,481068,2136,3403,2,7200,1.62768145754
475574,477693,481179,2119,3486,2,7200,1.60786001147
475624,477714,481127,2090,3413,2,7200,1.61236448872
475640,477764,480907,2124,3143,2,7200,1.67578746421
475747,477787,481022,2040,3235,2,7200,1.63060278207
475879,477805,481050,1926,3245,2,7200,1.59352850539
476068,477918,481259,1850,3341,2,7200,1.55372642921
476115,478035,481475,1920,3440,2,7200,1.55813953488
476157,478114,481539,1957,3425,2,7200,1.57138686131
476176,478159,481070,1983,2911,2,7200,1.68120920646
476290,478212,481535,1922,3323,2,7200,1.57839301836
476359,478222,481866,1863,3644,2,7200,1.51125137212
476467,478275,481428,1808,3153,2,7200,1.57342213765
476666,478286,481701,1620,3415,2,7200,1.47437774524
476750,478326,484679,1576,6353,2,7200,1.24807177711
476788,478489,481833,1701,3344,2,7200,1.5086722488
476804,478496,482026,1692,3530,2,7200,1.47932011331
476842,478632,482139,1790,3507,2,7200,1.51040775592
477017,478641,481856,1624,3215,2,7200,1.50513219285
477049,478654,482069,1605,3415,2,7200,1.46998535871
477218,478699,481862,1481,3163,2,7200,1.46822636737
477287,478801,481927,1514,3126,2,7200,1.48432501599
477405,478837,482328,1432,3491,2,7200,1.4101976511
477518,478939,482539,1421,3600,2,7200,1.39472222222
477651,478968,482352,1317,3384,2,7200,1.38918439716
477680,479130,483030,1450,3900,2,7200,1.37179487179
477703,479145,482738,1442,3593,2,7200,1.40133593098
477750,479235,482421,1485,3186,2,7200,1.46610169492
477776,479265,482854,1489,3589,2,7200,1.41487879632
477792,479281,482643,1489,3362,2,7200,1.44289113623
477905,479343,482689,1438,3346,2,7200,1.42976688583
478010,479566,483049,1556,3483,2,7200,1.44674131496
478011,479595,482903,1584,3308,2,7200,1.47883917775
478028,479633,482827,1605,3194,2,7200,1.50250469631
478101,479807,483208,1706,3401,2,7200,1.50161717142
478147,479834,483360,1687,3526,2,7200,1.47844583097
478199,479839,483201,1640,3362,2,7200,1.48780487805
478215,479884,483484,1669,3600,2,7200,1.46361111111
478262,480115,483606,1853,3491,2,7200,1.53079346892
478278,480123,483492,1845,3369,2,7200,1.54764024933
478313,480304,483630,1991,3326,2,7200,1.59861695731
478478,480329,483798,1851,3469,2,7200,1.53358316518
478494,480348,483590,1854,3242,2,7200,1.57186921653
478621,480385,484165,1764,3780,2,7200,1.46666666667
478637,480664,483955,2027,3291,2,7200,1.61592221209
478653,480678,484125,2025,3447,2,7200,1.58746736292
478687,480703,484108,2016,3405,2,7200,1.59207048458
478793,480873,484245,2080,3372,2,7200,1.61684460261
478825,480920,484317,2095,3397,2,7200,1.61672063586
478928,481037,484332,2109,3295,2,7200,1.64006069803
478957,481064,484611,2107,3547,2,7200,1.59402311813
479117,481085,484223,1968,3138,2,7200,1.62715105163
479133,481090,484387,1957,3297,2,7200,1.59356991204
479225,481141,484582,1916,3441,2,7200,1.5568148794
479256,481193,484519,1937,3326,2,7200,1.58238123873
479273,481274,484622,2001,3348,2,7200,1.5976702509
479335,481443,485000,2108,3557,2,7200,1.59263424234
479558,481489,484838,1931,3349,2,7200,1.57659002687
479587,481551,485204,1964,3653,2,7200,1.53764029565
479626,481560,484787,1934,3227,2,7200,1.59931825225
479799,481715,485314,1916,3599,2,7200,1.53237010281
479823,481848,485417,2025,3569,2,7200,1.56738582236
479825,481871,485500,2046,3629,2,7200,1.56379167815
479877,481880,485110,2003,3230,2,7200,1.62012383901
479982,480673,516911,691,36238,2,172800,1.01906838126
480102,481887,485143,1785,3256,2,7200,1.54821867322
480118,481942,485598,1824,3656,2,7200,1.4989059081
480293,482041,485578,1748,3537,2,7200,1.49420412779
480317,482081,485576,1764,3495,2,7200,1.50472103004
480336,482154,485557,1818,3403,2,7200,1.53423449897
480374,482342,485573,1968,3231,2,7200,1.60909935005
480653,482368,485951,1715,3583,2,7200,1.47864917667
480654,482435,485855,1781,3420,2,7200,1.52076023392
480670,482554,485638,1884,3084,2,7200,1.61089494163
480689,482656,486060,1967,3404,2,7200,1.57784958872
480862,482702,485942,1840,3240,2,7200,1.56790123457
480910,482753,486253,1843,3500,2,7200,1.52657142857
481026,482842,486067,1816,3225,2,7200,1.56310077519
481051,482868,486328,1817,3460,2,7200,1.52514450867
481072,482917,486201,1845,3284,2,7200,1.56181485993
481073,483044,486441,1971,3397,2,7200,1.58021783927
481130,483062,486462,1932,3400,2,7200,1.56823529412
481181,483215,486802,2034,3587,2,7200,1.56704767215
481262,483224,486828,1962,3604,2,7200,1.54439511654
481425,499259,499260,17834,1,1,1800,1783.5
481429,483375,486637,1946,3262,2,7200,1.59656652361
481478,483497,486763,2019,3266,2,7200,1.61818738518
481538,483506,486784,1968,3278,2,7200,1.60036607688
481555,483603,486940,2048,3337,2,7200,1.61372490261
481702,483619,487850,1917,4231,2,7200,1.45308437722
481836,483643,486602,1807,2959,2,7200,1.61067928354
481859,483812,487302,1953,3490,2,7200,1.55959885387
481875,483969,487453,2094,3484,2,7200,1.60103329506
481876,484121,487603,2245,3482,2,7200,1.64474439977
481930,484141,487221,2211,3080,2,7200,1.71785714286
482027,484178,487500,2151,3322,2,7200,1.64750150512
482073,484236,487767,2163,3531,2,7200,1.61257434155
482142,484259,487320,2117,3061,2,7200,1.69160405096
482329,484331,487666,2002,3335,2,7200,1.60029985007
482356,484346,487880,1990,3534,2,7200,1.56310130164
482423,484402,487944,1979,3542,2,7200,1.55872388481
482542,484533,488056,1991,3523,2,7200,1.56514334374
482645,484595,488046,1950,3451,2,7200,1.56505360765
482689,484626,488214,1937,3588,2,7200,1.53985507246
482740,484635,488254,1895,3619,2,7200,1.52362531086
482831,484692,488212,1861,3520,2,7200,1.52869318182
482850,484802,488225,1952,3423,2,7200,1.57026000584
482904,484852,488423,1948,3571,2,7200,1.54550546066
483031,485017,488272,1986,3255,2,7200,1.61013824885
483050,485124,488563,2074,3439,2,7200,1.60308229136
483202,485158,488753,1956,3595,2,7200,1.54408901252
483218,485217,488693,1999,3476,2,7200,1.5750863061
483364,485328,488829,1964,3501,2,7200,1.56098257641
483486,485432,488800,1946,3368,2,7200,1.57779097387
483502,485514,488932,2012,3418,2,7200,1.58864833236
483590,485570,489111,1980,3541,2,7200,1.55916407794
483606,485589,488682,1983,3093,2,7200,1.64112512124
483632,485595,489025,1963,3430,2,7200,1.572303207
483800,485604,489050,1804,3446,2,7200,1.52350551364
483957,485613,489132,1656,3519,2,7200,1.47058823529
484108,485652,488824,1544,3172,2,7200,1.4867591425
484128,485871,489824,1743,3953,2,7200,1.44093093853
484166,485956,489143,1790,3187,2,7200,1.56165673047
484224,485965,489086,1741,3121,2,7200,1.55783402756
484246,486074,489521,1828,3447,2,7200,1.530316217
484318,486083,489620,1765,3537,2,7200,1.49901046084
484334,486216,489448,1882,3232,2,7200,1.5823019802
484391,486268,489942,1877,3674,2,7200,1.51088731628
484521,486341,490138,1820,3797,2,7200,1.47932578351
484581,486456,490084,1875,3628,2,7200,1.51681367144
484614,486476,489701,1862,3225,2,7200,1.57736434109
484630,486617,490173,1987,3556,2,7200,1.55877390326
484681,486652,490026,1971,3374,2,7200,1.58417308832
484790,486776,490026,1986,3250,2,7200,1.61107692308
484841,486799,490188,1958,3389,2,7200,1.57775154913
485004,486818,489976,1814,3158,2,7200,1.57441418619
485111,486844,490233,1733,3389,2,7200,1.51136028327
485146,486955,490123,1809,3168,2,7200,1.57102272727
485206,487238,490891,2032,3653,2,7200,1.55625513277
485316,487316,490714,2000,3398,2,7200,1.58858151854
485419,487334,490843,1915,3509,2,7200,1.54573952693
485501,487466,490847,1965,3381,2,7200,1.58118899734
485559,487514,490971,1955,3457,2,7200,1.56551923633
485575,487617,491052,2042,3435,2,7200,1.59446870451
485577,487680,490854,2103,3174,2,7200,1.66257088847
485594,487781,491137,2187,3356,2,7200,1.65166865316
485610,487865,491204,2255,3339,2,7200,1.67535190177
485639,487895,491200,2256,3305,2,7200,1.682602118
485858,487959,491205,2101,3246,2,7200,1.64725816389
485942,488061,491573,2119,3512,2,7200,1.60335990888
485958,488070,491649,2112,3579,2,7200,1.59010896899
486063,488226,491551,2163,3325,2,7200,1.65052631579
486079,488235,491427,2156,3192,2,7200,1.67543859649
486203,488244,491447,2041,3203,2,7200,1.63721511083
486257,488270,491885,2013,3615,2,7200,1.55684647303
486313,499270,499391,12957,121,1,3600,108.082644628
486328,488286,491889,1958,3603,2,7200,1.54343602553
486443,488438,491861,1995,3423,2,7200,1.58282208589
486463,488577,493552,2114,4975,2,7200,1.42492462312
486605,488694,492257,2089,3563,2,7200,1.58630367668
486637,488707,492078,2070,3371,2,7200,1.61406110946
486764,488767,492242,2003,3475,2,7200,1.5764028777
486786,488813,492253,2027,3440,2,7200,1.58924418605
486805,488839,492169,2034,3330,2,7200,1.61081081081
486831,488847,492669,2016,3822,2,7200,1.52747252747
486942,488946,492337,2004,3391,2,7200,1.59097611324
487224,489040,492670,1816,3630,2,7200,1.50027548209
487303,489064,492428,1761,3364,2,7200,1.52348394768
487323,489099,492570,1776,3471,2,7200,1.51166810717
487453,489126,492352,1673,3226,2,7200,1.51859888407
487501,489147,492594,1646,3447,2,7200,1.47751668117
487604,489157,492695,1553,3538,2,7200,1.43894855851
487668,489463,492895,1795,3432,2,7200,1.52301864802
487768,489535,492924,1767,3389,2,7200,1.52139274122
487853,489634,493202,1781,3568,2,7200,1.49915919283
487883,489715,493237,1832,3522,2,7200,1.52015900057
487947,489841,493043,1894,3202,2,7200,1.59150530918
488047,489956,493607,1909,3651,2,7200,1.52287044645
488063,489991,493415,1928,3424,2,7200,1.56308411215
488214,490042,493404,1828,3362,2,7200,1.54372397383
488216,490047,493558,1831,3511,2,7200,1.52150384506
488232,490100,493709,1868,3609,2,7200,1.51759490163
488258,490135,493737,1877,3602,2,7200,1.52109938923
488274,490153,493500,1879,3347,2,7200,1.5613982671
488424,490186,493498,1762,3312,2,7200,1.53200483092
488565,490202,493575,1637,3373,2,7200,1.48532463682
488682,490261,494026,1579,3765,2,7200,1.41938911023
488698,490728,494216,2030,3488,2,7200,1.58199541284
488751,490859,493877,2108,3018,2,7200,1.6984758118
488802,490868,494163,2066,3295,2,7200,1.62701062215
488826,490873,494252,2047,3379,2,7200,1.6058005327
488843,490907,494301,2064,3394,2,7200,1.60813199764
488933,490985,494485,2052,3500,2,7200,1.58628571429
489027,491066,494468,2039,3402,2,7200,1.59935332158
489053,491151,494664,2098,3513,2,7200,1.59721036151
489087,491215,494600,2128,3385,2,7200,1.62865583456
489113,491224,494768,2111,3544,2,7200,1.59565462754
489135,491229,494726,2094,3497,2,7200,1.59879897055
489151,491439,494967,2288,3528,2,7200,1.6485260771
489450,491461,495005,2011,3544,2,7200,1.56743792325
489521,491564,495145,2043,3581,2,7200,1.57051103044
489622,491587,494853,1965,3266,2,7200,1.60165339865
489703,491666,495035,1963,3369,2,7200,1.58266547937
489828,491876,495107,2048,3231,2,7200,1.63385948623
489943,499401,499521,9458,120,1,3600,79.8166666667
489943,491900,494982,1957,3082,2,7200,1.63497728748
489978,491909,495179,1931,3270,2,7200,1.59051987768
490029,492094,495622,2065,3528,2,7200,1.58531746032
490030,492185,495639,2155,3454,2,7200,1.62391430226
490087,492256,495687,2169,3431,2,7200,1.63217720781
490125,492266,495715,2141,3449,2,7200,1.62075964048
490141,492275,495801,2134,3526,2,7200,1.60521837777
490176,492351,495556,2175,3205,2,7200,1.67862714509
490192,492364,495730,2172,3366,2,7200,1.64527629234
490235,492443,495840,2208,3397,2,7200,1.64998528113
490716,492585,496014,1869,3429,2,7200,1.54505686789
490847,492609,496160,1762,3551,2,7200,1.49619825401
490864,492684,496102,1820,3418,2,7200,1.53247513166
490865,492689,496101,1824,3412,2,7200,1.53458382181
490894,492710,496478,1816,3768,2,7200,1.48195329087
490972,492910,496422,1938,3512,2,7200,1.55182232346
491053,492940,496551,1887,3611,2,7200,1.52256992523
491140,493057,496575,1917,3518,2,7200,1.54491188175
491204,493218,496425,2014,3207,2,7200,1.62800124727
491205,493253,496816,2048,3563,2,7200,1.57479651979
491221,493419,496830,2198,3411,2,7200,1.64438581061
491430,493429,496829,1999,3400,2,7200,1.58794117647
491449,493515,497230,2066,3715,2,7200,1.55612382234
491552,493520,497140,1968,3620,2,7200,1.54364640884
491574,493567,496953,1993,3386,2,7200,1.58860011813
491653,493576,496930,1923,3354,2,7200,1.57334525939
491864,493589,496889,1725,3300,2,7200,1.52272727273
491888,493621,497047,1733,3426,2,7200,1.50583771162
491904,493723,497913,1819,4190,2,7200,1.43412887828
492081,493752,497317,1671,3565,2,7200,1.46872370266
492172,493892,497285,1720,3393,2,7200,1.50692602417
492244,494040,497507,1796,3467,2,7200,1.51802711278
492262,494178,497349,1916,3171,2,7200,1.60422579628
492263,494232,497945,1969,3713,2,7200,1.53029894964
492339,494266,498488,1927,4222,2,7200,1.45641875888
492355,494315,497633,1960,3318,2,7200,1.59071729958
492404,738659,738733,246255,74,16,1210,3328.77027027
492431,494481,497888,2050,3407,2,7200,1.60170237746
492564,738664,738733,246100,69,16,1210,3567.66666667
492573,494500,497947,1927,3447,2,7200,1.55903684363
492596,494613,498060,2017,3447,2,7200,1.58514650421
492671,494678,498208,2007,3530,2,7200,1.56855524079
492672,494740,498190,2068,3450,2,7200,1.59942028986
492698,494782,498363,2084,3581,2,7200,1.58196034627
492898,494869,498458,1971,3589,2,7200,1.54917804402
492927,494982,498157,2055,3175,2,7200,1.64724409449
493046,494995,498493,1949,3498,2,7200,1.55717552887
493205,495020,498294,1815,3274,2,7200,1.55436774588
493240,495049,498504,1809,3455,2,7200,1.52358900145
493404,495121,498326,1717,3205,2,7200,1.53572542902
493420,495159,498598,1739,3439,2,7200,1.50567025298
493502,495193,498641,1691,3448,2,7200,1.49042923434
493503,495572,499008,2069,3436,2,7200,1.60215366705
493554,495635,499045,2081,3410,2,7200,1.61026392962
493571,495654,499041,2083,3387,2,7200,1.61499852377
493587,495700,499018,2113,3318,2,7200,1.63682941531
493610,495731,499163,2121,3432,2,7200,1.61800699301
493710,495743,498907,2033,3164,2,7200,1.64254108723
493739,495815,499392,2076,3577,2,7200,1.5803746156
493878,495855,499078,1977,3223,2,7200,1.61340366119
494028,496029,499294,2001,3265,2,7200,1.61286370597
494165,496115,499605,1950,3490,2,7200,1.55873925501
494218,496122,499376,1904,3254,2,7200,1.58512599877
494254,496174,499994,1920,3820,2,7200,1.50261780105
494302,496438,499725,2136,3287,2,7200,1.64983267417
494469,496446,499825,1977,3379,2,7200,1.58508434448
494488,496492,499964,2004,3472,2,7200,1.57718894009
494601,496565,499809,1964,3244,2,7200,1.60542540074
494665,496590,499896,1925,3306,2,7200,1.58227465215
494728,496831,500423,2103,3592,2,7200,1.58546770601
494770,496843,500239,2073,3396,2,7200,1.61042402827
494855,496852,500664,1997,3812,2,7200,1.52387198321
494970,496904,500231,1934,3327,2,7200,1.58130447851
494986,496945,500577,1959,3632,2,7200,1.5393722467
495007,496967,500157,1960,3190,2,7200,1.6144200627
495036,497060,500505,2024,3445,2,7200,1.58751814224
495108,497155,500257,2047,3102,2,7200,1.65989684075
495146,497245,500485,2099,3240,2,7200,1.64783950617
495182,497300,500713,2118,3413,2,7200,1.62056841488
495559,497332,500818,1773,3486,2,7200,1.50860585198
495623,497375,500579,1752,3204,2,7200,1.5468164794
495642,497521,501142,1879,3621,2,7200,1.51891742613
495687,497647,501226,1960,3579,2,7200,1.54763900531
495719,497902,501470,2183,3568,2,7200,1.61182735426
495734,497927,501256,2193,3329,2,7200,1.6587563833
495803,497960,501450,2157,3490,2,7200,1.61805157593
495841,497967,501265,2126,3298,2,7200,1.64463311098
496017,498075,501576,2058,3501,2,7200,1.58783204799
496101,498172,501724,2071,3552,2,7200,1.5830518018
496103,498204,501663,2101,3459,2,7200,1.60740098294
496163,498222,501417,2059,3195,2,7200,1.64444444444
496425,498310,501772,1885,3462,2,7200,1.54448295783
496427,498343,501619,1916,3276,2,7200,1.58485958486
496481,498377,501871,1896,3494,2,7200,1.54264453349
496553,498472,501906,1919,3434,2,7200,1.55882352941
496576,498502,502170,1926,3668,2,7200,1.52508178844
496819,498511,502057,1692,3546,2,7200,1.47715736041
496835,498520,502035,1685,3515,2,7200,1.47937411095
496837,498611,501983,1774,3372,2,7200,1.52609727165
496890,498656,501987,1766,3331,2,7200,1.53017111978
496932,498922,502524,1990,3602,2,7200,1.55247084953
496954,499023,502433,2069,3410,2,7200,1.60674486804
497048,499032,502533,1984,3501,2,7200,1.56669522993
497142,499056,502796,1914,3740,2,7200,1.51176470588
497233,499065,502400,1832,3335,2,7200,1.54932533733
497287,499097,502665,1810,3568,2,7200,1.50728699552
497320,499183,502595,1863,3412,2,7200,1.546014068
497350,499310,502735,1960,3425,2,7200,1.57226277372
497508,499390,502816,1882,3426,2,7200,1.54932866316
497636,499410,502803,1774,3393,2,7200,1.52284114353
497891,499619,502861,1728,3242,2,7200,1.53300431832
497914,499741,503315,1827,3574,2,7200,1.5111919418
497947,499822,503288,1875,3466,2,7200,1.5409694172
497949,499839,503238,1890,3399,2,7200,1.55604589585
498063,499910,503427,1847,3517,2,7200,1.52516349161
498160,499978,503739,1818,3761,2,7200,1.48338207923
498193,500008,503485,1815,3477,2,7200,1.52200172563
498209,500172,503630,1963,3458,2,7200,1.56766917293
498297,500245,503501,1948,3256,2,7200,1.59828009828
498329,500254,503924,1925,3670,2,7200,1.52452316076
498364,500263,503645,1899,3382,2,7200,1.56150206978
498461,500270,503803,1809,3533,2,7200,1.51202943674
498490,500438,503562,1948,3124,2,7200,1.62355953905
498506,500501,504142,1995,3641,2,7200,1.54792639385
498507,500520,503930,2013,3410,2,7200,1.59032258065
498599,500592,503944,1993,3352,2,7200,1.59457040573
498642,500601,503868,1959,3267,2,7200,1.59963269054
498909,500677,503896,1768,3219,2,7200,1.54923889407
499010,500729,504152,1719,3423,2,7200,1.50219106047
499027,500832,504472,1805,3640,2,7200,1.49587912088
499042,501156,504639,2114,3483,2,7200,1.6069480333
499059,501241,504707,2182,3466,2,7200,1.6295441431
499081,501270,504612,2189,3342,2,7200,1.65499700778
499166,501279,504621,2113,3342,2,7200,1.63225613405
499297,501431,504846,2134,3415,2,7200,1.62489019034
499379,501464,504919,2085,3455,2,7200,1.60347322721
499395,501484,504637,2089,3153,2,7200,1.66254360926
499576,499583,499904,7,321,1,3600,1.02180685358
499606,501590,505234,1984,3644,2,7200,1.54445664105
499709,499919,500246,210,327,1,3600,1.64220183486
499728,501633,504956,1905,3323,2,7200,1.57327715919
499810,501678,505023,1868,3345,2,7200,1.55844544096
499829,501740,505242,1911,3502,2,7200,1.54568817818
499899,501787,505155,1888,3368,2,7200,1.56057007126
499965,501886,505518,1921,3632,2,7200,1.52890969163
499996,501919,505201,1923,3282,2,7200,1.58592321755
500160,501998,505545,1838,3547,2,7200,1.51818438117
500232,502007,505427,1775,3420,2,7200,1.51900584795
500248,502051,505363,1803,3312,2,7200,1.54438405797
500264,502071,505590,1807,3519,2,7200,1.51349815288
500425,502184,505946,1759,3762,2,7200,1.46757044125
500488,502413,505933,1925,3520,2,7200,1.546875
500507,502447,505794,1940,3347,2,7200,1.57962354347
500579,502539,505831,1960,3292,2,7200,1.59538274605
500580,502548,506041,1968,3493,2,7200,1.56341253936
500665,502610,506013,1945,3403,2,7200,1.57155451073
500716,502679,505896,1963,3217,2,7200,1.61019583463
500819,502751,506087,1932,3336,2,7200,1.57913669065
501144,502810,506166,1666,3356,2,7200,1.49642431466
501229,502819,506075,1590,3256,2,7200,1.48832923833
501257,502828,506549,1571,3721,2,7200,1.42219833378
501272,502874,506008,1602,3134,2,7200,1.51116783663
501418,503251,506507,1833,3256,2,7200,1.56296068796
501452,503302,506915,1850,3613,2,7200,1.51203985608
501471,503330,506800,1859,3470,2,7200,1.53573487032
501576,503441,506949,1865,3508,2,7200,1.53164196123
501620,503499,507054,1879,3555,2,7200,1.52855133615
501665,503515,507088,1850,3573,2,7200,1.51777218024
501727,503576,506991,1849,3415,2,7200,1.54143484627
501774,503644,507307,1870,3663,2,7200,1.51051051051
501872,503660,507331,1788,3671,2,7200,1.48706074639
501907,503753,507091,1846,3338,2,7200,1.55302576393
501986,503819,507280,1833,3461,2,7200,1.529615718
502002,503881,507141,1879,3260,2,7200,1.5763803681
502038,503909,507497,1871,3588,2,7200,1.52146042363
502060,503938,507262,1878,3324,2,7200,1.56498194946
502173,503947,507200,1774,3253,2,7200,1.54534276053
502402,503959,507539,1557,3580,2,7200,1.43491620112
502434,504157,507613,1723,3456,2,7200,1.49855324074
502528,504165,507880,1637,3715,2,7200,1.44064602961
502544,504486,507651,1942,3165,2,7200,1.61358609795
502597,504627,508038,2030,3411,2,7200,1.59513339197
502665,504635,507854,1970,3219,2,7200,1.61199130165
502737,504650,507813,1913,3163,2,7200,1.60480556434
502798,504659,508287,1861,3628,2,7200,1.51295479603
502814,504721,508142,1907,3421,2,7200,1.55743934522
502816,504859,508569,2043,3710,2,7200,1.55067385445
502863,504933,508238,2070,3305,2,7200,1.62632375189
503238,504970,508322,1732,3352,2,7200,1.51670644391
503289,505037,508404,1748,3367,2,7200,1.51915651916
503317,505169,508761,1852,3592,2,7200,1.51559020045
503428,505216,508836,1788,3620,2,7200,1.49392265193
503487,505249,508543,1762,3294,2,7200,1.53491196114
503503,505258,508511,1755,3253,2,7200,1.53950199816
503563,505378,509008,1815,3630,2,7200,1.5
503632,505441,508782,1809,3341,2,7200,1.5414546543
503647,505532,508623,1885,3091,2,7200,1.60983500485
503740,505559,508716,1819,3157,2,7200,1.57617991764
503806,505604,509067,1798,3463,2,7200,1.51920300318
503869,505807,509154,1938,3347,2,7200,1.57902599343
503897,505847,509256,1950,3409,2,7200,1.57201525374
503926,505910,509497,1984,3587,2,7200,1.55310844717
503942,505947,509122,2005,3175,2,7200,1.63149606299
503957,505959,509311,2002,3352,2,7200,1.59725536993
504145,505999,509535,1854,3536,2,7200,1.52432126697
504161,506022,509245,1861,3223,2,7200,1.57741234874
504472,506030,509761,1558,3731,2,7200,1.41758241758
504613,506056,509200,1443,3144,2,7200,1.45896946565
504629,506088,509305,1459,3217,2,7200,1.4535281318
504645,506101,509593,1456,3492,2,7200,1.41695303551
504646,506179,509497,1533,3318,2,7200,1.46202531646
504708,506521,509945,1813,3424,2,7200,1.52949766355
504849,506562,510370,1713,3808,2,7200,1.44984243697
504919,506815,510182,1896,3367,2,7200,1.56311256311
504956,506929,510453,1973,3524,2,7200,1.55987514188
505024,506963,510357,1939,3394,2,7200,1.57130229817
505156,507004,510302,1848,3298,2,7200,1.56033959976
505202,507068,510329,1866,3261,2,7200,1.57221711132
505236,507103,510378,1867,3275,2,7200,1.57007633588
505252,507111,510830,1859,3719,2,7200,1.49986555526
505365,507156,510489,1791,3333,2,7200,1.53735373537
505429,507215,510913,1786,3698,2,7200,1.4829637642
505521,507274,510639,1753,3365,2,7200,1.52095096582
505546,507294,510476,1748,3182,2,7200,1.54934003771
505592,507321,510547,1729,3226,2,7200,1.53595784253
505796,507345,510640,1549,3295,2,7200,1.47010622155
505833,507509,510977,1676,3468,2,7200,1.48327566321
505898,507553,511199,1655,3646,2,7200,1.45392210642
505935,507625,510919,1690,3294,2,7200,1.51305403764
505950,507665,510864,1715,3199,2,7200,1.53610503282
506009,507826,511202,1817,3376,2,7200,1.53821090047
506024,507867,511275,1843,3408,2,7200,1.54078638498
506043,507893,511243,1850,3350,2,7200,1.55223880597
506077,508052,511460,1975,3408,2,7200,1.57951877934
506092,508158,511615,2066,3457,2,7200,1.59762800116
506168,508253,511847,2085,3594,2,7200,1.58013355593
506510,508301,511576,1791,3275,2,7200,1.54687022901
506549,508337,511451,1788,3114,2,7200,1.57418111753
506802,508418,511642,1616,3224,2,7200,1.50124069479
506916,508524,512058,1608,3534,2,7200,1.45500848896
506950,508558,511980,1608,3422,2,7200,1.4699006429
506993,508583,512023,1590,3440,2,7200,1.46220930233
507055,508636,512059,1581,3423,2,7200,1.46187554777
507089,508731,512752,1642,4021,2,7200,1.40835613032
507104,508773,512037,1669,3264,2,7200,1.51133578431
507144,508795,512665,1651,3870,2,7200,1.42661498708
507202,508850,512251,1648,3401,2,7200,1.48456336372
507264,509022,512356,1758,3334,2,7200,1.52729454109
507282,509079,512490,1797,3411,2,7200,1.52682497801
507307,509135,512591,1828,3456,2,7200,1.52893518519
507332,509168,512521,1836,3353,2,7200,1.54756934089
507500,509213,512887,1713,3674,2,7200,1.46624931954
507540,509258,512597,1718,3339,2,7200,1.51452530698
507614,509269,512767,1655,3498,2,7200,1.47312750143
507654,509318,512939,1664,3621,2,7200,1.4595415631
507815,509327,512662,1512,3335,2,7200,1.45337331334
507852,509511,512840,1659,3329,2,7200,1.49834785221
507880,509516,513030,1636,3514,2,7200,1.4655663062
508038,509549,513129,1511,3580,2,7200,1.42206703911
508145,509605,513075,1460,3470,2,7200,1.42074927954
508240,509777,513191,1537,3414,2,7200,1.45020503808
508286,509958,513455,1672,3497,2,7200,1.47812410638
508323,510195,513719,1872,3524,2,7200,1.53121452894
508406,510315,513760,1909,3445,2,7200,1.55413642961
508513,510343,514014,1830,3671,2,7200,1.49850177063
508546,510371,514301,1825,3930,2,7200,1.46437659033
508571,510383,513818,1812,3435,2,7200,1.52751091703
508623,510393,513864,1770,3471,2,7200,1.5099394987
508718,510467,513815,1749,3348,2,7200,1.52240143369
508764,510490,513944,1726,3454,2,7200,1.4997104806
508783,510504,513953,1721,3449,2,7200,1.49898521311
508838,510561,513998,1723,3437,2,7200,1.50130928135
509009,510654,514132,1645,3478,2,7200,1.47297297297
509067,510659,514128,1592,3469,2,7200,1.4589218795
509122,510845,514559,1723,3714,2,7200,1.46392030156
509157,510877,514192,1720,3315,2,7200,1.51885369532
509203,510927,513999,1724,3072,2,7200,1.56119791667
509246,510936,514324,1690,3388,2,7200,1.49881936246
509261,510991,514544,1730,3553,2,7200,1.48691246834
509307,511213,514602,1906,3389,2,7200,1.56240778991
509323,511222,514507,1899,3285,2,7200,1.57808219178
509497,511256,514724,1759,3468,2,7200,1.50720876586
509512,511289,514693,1777,3404,2,7200,1.52203290247
509537,511465,515203,1928,3738,2,7200,1.51578384163
509593,511474,514702,1881,3228,2,7200,1.58271375465
509764,511590,514945,1826,3355,2,7200,1.54426229508
509948,511629,515266,1681,3637,2,7200,1.46219411603
510184,511656,515280,1472,3624,2,7200,1.40618101545
510304,511862,515174,1558,3312,2,7200,1.47041062802
510332,511995,515605,1663,3610,2,7200,1.46066481994
510359,512038,515477,1679,3439,2,7200,1.48822332073
510375,512050,515800,1675,3750,2,7200,1.44666666667
510390,512071,515465,1681,3394,2,7200,1.49528579847
510455,512081,515541,1626,3460,2,7200,1.46994219653
510476,512264,515696,1788,3432,2,7200,1.52097902098
510491,512369,515684,1878,3315,2,7200,1.5665158371
510547,512503,516066,1956,3563,2,7200,1.54897558237
510639,512536,516039,1897,3503,2,7200,1.54153582643
510641,512605,515839,1964,3234,2,7200,1.60729746444
510831,512614,515807,1783,3193,2,7200,1.55840901973
510866,512677,516153,1811,3476,2,7200,1.52100115075
510915,512686,516270,1771,3584,2,7200,1.494140625
510931,512766,516146,1835,3380,2,7200,1.54289940828
510977,512781,516422,1804,3641,2,7200,1.49546827795
511200,512854,516264,1654,3410,2,7200,1.48504398827
511216,512902,516194,1686,3292,2,7200,1.51215066829
511244,512953,516392,1709,3439,2,7200,1.49694678686
511278,513045,516464,1767,3419,2,7200,1.51681778298
511451,513089,516718,1638,3629,2,7200,1.45136401212
511467,513143,516593,1676,3450,2,7200,1.48579710145
511577,513205,516320,1628,3115,2,7200,1.52263242376
511617,513468,516877,1851,3409,2,7200,1.54297447932
511645,513734,517086,2089,3352,2,7200,1.62321002387
511849,513774,517208,1925,3434,2,7200,1.56057076296
511981,513829,516969,1848,3140,2,7200,1.58853503185
512024,513838,516962,1814,3124,2,7200,1.58066581306
512039,513878,517449,1839,3571,2,7200,1.51498179782
512058,513958,517397,1900,3439,2,7200,1.55248618785
512074,513966,517545,1892,3579,2,7200,1.52863928472
512252,514013,517347,1761,3334,2,7200,1.52819436113
512356,514018,517617,1662,3599,2,7200,1.46179494304
512491,514029,517354,1538,3325,2,7200,1.46255639098
512522,514144,517747,1622,3603,2,7200,1.45018040522
512593,514153,517448,1560,3295,2,7200,1.47344461305
512608,514205,517483,1597,3278,2,7200,1.48718730933
512664,514316,517521,1652,3205,2,7200,1.51544461778
512679,514338,517931,1659,3593,2,7200,1.46173114389
512753,514520,518110,1767,3590,2,7200,1.4922005571
512769,514559,518034,1790,3475,2,7200,1.51510791367
512839,514573,518101,1734,3528,2,7200,1.49149659864
512889,514616,517795,1727,3179,2,7200,1.54325259516
512941,514707,518280,1766,3573,2,7200,1.49426252449
513033,514715,518015,1682,3300,2,7200,1.5096969697
513076,514738,518309,1662,3571,2,7200,1.4654158499
513130,514959,518751,1829,3792,2,7200,1.48233122363
513191,515188,518802,1997,3614,2,7200,1.55257332595
513456,515216,518803,1760,3587,2,7200,1.49066071926
513720,515282,518665,1562,3383,2,7200,1.46172036654
513761,515294,518880,1533,3586,2,7200,1.42749581707
513816,515478,518726,1662,3248,2,7200,1.51169950739
513831,515490,518695,1659,3205,2,7200,1.51762870515
513865,515555,518865,1690,3310,2,7200,1.51057401813
513945,515620,519028,1675,3408,2,7200,1.49149061033
513960,515702,519034,1742,3332,2,7200,1.52280912365
514000,515711,519121,1711,3410,2,7200,1.50175953079
514002,515814,519525,1812,3711,2,7200,1.48827809216
514017,515823,519541,1806,3718,2,7200,1.48574502421
514131,515853,519211,1722,3358,2,7200,1.51280524122
514146,516053,519691,1907,3638,2,7200,1.5241891149
514192,516081,519855,1889,3774,2,7200,1.50052994171
514303,516160,519330,1857,3170,2,7200,1.5858044164
514324,516169,519491,1845,3322,2,7200,1.55538832029
514508,516207,519490,1699,3283,2,7200,1.51751446847
514546,516279,519465,1733,3186,2,7200,1.54394224733
514561,516288,519593,1727,3305,2,7200,1.52254160363
514604,516334,519869,1730,3535,2,7200,1.48939179632
514693,516407,519899,1714,3492,2,7200,1.49083619702
514709,516436,520195,1727,3759,2,7200,1.45943069965
514727,516478,519794,1751,3316,2,7200,1.52804583836
514947,516608,519953,1661,3345,2,7200,1.49656203288
515177,516732,520304,1555,3572,2,7200,1.43533034714
515205,516892,520476,1687,3584,2,7200,1.470703125
515269,516921,520547,1652,3626,2,7200,1.4555984556
515285,516976,520523,1691,3547,2,7200,1.47674090781
515466,516985,520442,1519,3457,2,7200,1.43939832224
515481,517100,520460,1619,3360,2,7200,1.4818452381
515543,517223,520717,1680,3494,2,7200,1.48082427018
515607,517363,521029,1756,3666,2,7200,1.47899618112
515684,517371,520775,1687,3404,2,7200,1.49559341951
515700,517412,521273,1712,3861,2,7200,1.44340844341
515802,517461,520971,1659,3510,2,7200,1.47264957265
515817,517469,520874,1652,3405,2,7200,1.48516886931
515839,517498,520872,1659,3374,2,7200,1.49170124481
516041,517536,520973,1495,3437,2,7200,1.43497235962
516069,517558,520983,1489,3425,2,7200,1.43474452555
516149,517631,521037,1482,3406,2,7200,1.43511450382
516164,517763,521274,1599,3511,2,7200,1.45542580461
516195,517810,521218,1615,3408,2,7200,1.47388497653
516266,517945,521605,1679,3660,2,7200,1.4587431694
516281,518030,521581,1749,3551,2,7200,1.49253731343
516321,518048,521310,1727,3262,2,7200,1.52942979767
516395,518115,521587,1720,3472,2,7200,1.49539170507
516423,518124,521691,1701,3567,2,7200,1.47687132044
516466,518294,522026,1828,3732,2,7200,1.48981779207
516595,518324,521697,1729,3373,2,7200,1.51260005929
516720,518679,521954,1959,3275,2,7200,1.59816793893
516879,518711,522225,1832,3514,2,7200,1.52134319863
516965,518741,522093,1776,3352,2,7200,1.52983293556
516980,518766,521875,1786,3109,2,7200,1.57446124156
517088,518817,522092,1729,3275,2,7200,1.5279389313
517211,518822,522440,1611,3618,2,7200,1.44527363184
517348,518880,522185,1532,3305,2,7200,1.46354009077
517363,518895,522159,1532,3264,2,7200,1.4693627451
517400,519042,522480,1642,3438,2,7200,1.47760325771
517449,519051,522684,1602,3633,2,7200,1.44095788604
517451,519137,522386,1686,3249,2,7200,1.5189289012
517485,519225,522700,1740,3475,2,7200,1.50071942446
517522,519345,522641,1823,3296,2,7200,1.55309466019
517546,519480,522909,1934,3429,2,7200,1.56401283173
517620,519504,522844,1884,3340,2,7200,1.56407185629
517751,519512,522903,1761,3391,2,7200,1.51931583604
517797,519540,522622,1743,3082,2,7200,1.56554185594
517932,519555,523051,1623,3496,2,7200,1.46424485126
518018,519607,523291,1589,3684,2,7200,1.43132464712
518036,519707,523200,1671,3493,2,7200,1.47838534211
518104,519809,523146,1705,3337,2,7200,1.51093796823
518119,519870,523234,1751,3364,2,7200,1.52051129608
518280,519883,523345,1603,3462,2,7200,1.46302715194
518311,519916,523095,1605,3179,2,7200,1.50487574709
518667,519968,523485,1301,3517,2,7200,1.36991754336
518698,520209,523272,1511,3063,2,7200,1.49330721515
518729,520320,523570,1591,3250,2,7200,1.48953846154
518754,520457,523883,1703,3426,2,7200,1.49708114419
518803,520474,524024,1671,3550,2,7200,1.47070422535
518805,520537,523906,1732,3369,2,7200,1.51409913921
518866,520561,523960,1695,3399,2,7200,1.4986760812
518882,520731,524304,1849,3573,2,7200,1.51749230339
519029,520789,524200,1760,3411,2,7200,1.51597771914
519044,520885,524065,1841,3180,2,7200,1.57893081761
519124,520894,524120,1770,3226,2,7200,1.54866707998
519212,520986,524681,1774,3695,2,7200,1.4801082544
519331,520994,524445,1663,3451,2,7200,1.48188930745
519466,521003,524792,1537,3789,2,7200,1.40564792821
519491,521045,524597,1554,3552,2,7200,1.4375
519506,521054,524311,1548,3257,2,7200,1.47528400368
519528,521232,524596,1704,3364,2,7200,1.50653983353
519543,521288,524840,1745,3552,2,7200,1.49127252252
519596,521293,524508,1697,3215,2,7200,1.52783825816
519694,521325,524472,1631,3147,2,7200,1.51827136956
519795,521597,525076,1802,3479,2,7200,1.51796493245
519857,521605,524982,1748,3377,2,7200,1.51761918863
519872,521619,525148,1747,3529,2,7200,1.49504108813
519903,521706,525047,1803,3341,2,7200,1.53965878479
519955,521715,524931,1760,3216,2,7200,1.54726368159
520197,521889,525597,1692,3708,2,7200,1.45631067961
520307,521968,525940,1661,3972,2,7200,1.41817724068
520399,520489,547198,90,26709,2,172800,1.00336965068
520445,522040,525499,1595,3459,2,7200,1.46111592946
520461,522105,525371,1644,3266,2,7200,1.50336803429
520476,522114,525472,1638,3358,2,7200,1.4877903514
520526,522175,525595,1649,3420,2,7200,1.48216374269
520548,522197,525626,1649,3429,2,7200,1.48089822106
520720,522239,525820,1519,3581,2,7200,1.42418318905
520775,522401,525897,1626,3496,2,7200,1.46510297483
520873,522454,526018,1581,3564,2,7200,1.4436026936
520888,522496,525418,1608,2922,2,7200,1.55030800821
520974,522637,526370,1663,3733,2,7200,1.44548620413
520976,522656,525727,1680,3071,2,7200,1.54705307717
520991,522699,525979,1708,3280,2,7200,1.52073170732
521032,522714,526093,1682,3379,2,7200,1.4977804084
521047,522859,526589,1812,3730,2,7200,1.48579088472
521219,522918,526210,1699,3292,2,7200,1.51609963548
521275,522927,526487,1652,3560,2,7200,1.46404494382
521276,523066,526627,1790,3561,2,7200,1.50266778995
521310,523111,526295,1801,3184,2,7200,1.56564070352
521583,523161,526534,1578,3373,2,7200,1.4678327898
521599,523213,526641,1614,3428,2,7200,1.47082847141
521614,523250,526654,1636,3404,2,7200,1.48061104583
521690,523286,526698,1596,3412,2,7200,1.46776084408
521706,523305,526538,1599,3233,2,7200,1.49458707083
521877,523361,526864,1484,3503,2,7200,1.42363688267
521956,523499,526790,1543,3291,2,7200,1.46885445153
522027,523584,527016,1557,3432,2,7200,1.45367132867
522092,523898,527413,1806,3515,2,7200,1.51379800853
522094,523920,527345,1826,3425,2,7200,1.53313868613
522162,523975,527255,1813,3280,2,7200,1.55274390244
522187,524037,527619,1850,3582,2,7200,1.51647124511
522227,524079,527650,1852,3571,2,7200,1.51862223467
522388,524134,527489,1746,3355,2,7200,1.52041728763
522440,524214,527780,1774,3566,2,7200,1.49747616377
522484,524320,527744,1836,3424,2,7200,1.53621495327
522621,524329,527581,1708,3252,2,7200,1.52521525215
522643,524459,527861,1816,3402,2,7200,1.53380364491
522686,524486,527837,1800,3351,2,7200,1.53715308863
522702,524522,527650,1820,3128,2,7200,1.58184143223
522846,524610,527709,1764,3099,2,7200,1.56921587609
522905,524615,527966,1710,3351,2,7200,1.5102954342
522920,524695,528071,1775,3376,2,7200,1.52577014218
523052,524806,528386,1754,3580,2,7200,1.48994413408
523098,524856,528312,1758,3456,2,7200,1.50868055556
523148,524944,528396,1796,3452,2,7200,1.52027809965
523203,524995,528566,1792,3571,2,7200,1.50182021843
523237,525061,528249,1824,3188,2,7200,1.5721455458
523274,525089,528584,1815,3495,2,7200,1.51931330472
523293,525161,528576,1868,3415,2,7200,1.54699853587
523348,525385,528982,2037,3597,2,7200,1.56630525438
523486,525431,528680,1945,3249,2,7200,1.59864573715
523572,525487,528901,1915,3414,2,7200,1.56092560047
523886,525514,528904,1628,3390,2,7200,1.4802359882
523908,525609,528850,1701,3241,2,7200,1.52483801296
523963,525618,528830,1655,3212,2,7200,1.51525529265
524025,525639,529029,1614,3390,2,7200,1.47610619469
524065,525742,529421,1677,3679,2,7200,1.45583038869
524120,525834,529512,1714,3678,2,7200,1.46601413812
524200,525911,529530,1711,3619,2,7200,1.47278253661
524307,525955,529097,1648,3142,2,7200,1.52450668364
524322,525993,529329,1671,3336,2,7200,1.50089928058
524447,526032,529282,1585,3250,2,7200,1.48769230769
524472,526107,529579,1635,3472,2,7200,1.47091013825
524509,526223,529427,1714,3204,2,7200,1.53495630462
524599,526309,529718,1710,3409,2,7200,1.50161337636
524600,526383,529850,1783,3467,2,7200,1.51427747332
524683,526500,529958,1817,3458,2,7200,1.52544823597
524795,526547,530038,1752,3491,2,7200,1.50186193068
524844,526556,529637,1712,3081,2,7200,1.55566374554
524933,526604,530144,1671,3540,2,7200,1.47203389831
524985,526642,529971,1657,3329,2,7200,1.49774707119
525050,526655,529955,1605,3300,2,7200,1.48636363636
525078,526669,530037,1591,3368,2,7200,1.4723871734
525149,526714,530071,1565,3357,2,7200,1.46619005064
525373,526805,530144,1432,3339,2,7200,1.42887091944
525419,526878,530288,1459,3410,2,7200,1.42785923754
525474,527030,530512,1556,3482,2,7200,1.44686961516
525502,527270,530786,1768,3516,2,7200,1.50284414107
525597,527360,531022,1763,3662,2,7200,1.48143091207
525598,527427,530626,1829,3199,2,7200,1.57174116912
525629,527503,530810,1874,3307,2,7200,1.5666767463
525730,527595,531080,1865,3485,2,7200,1.53515064562
525822,527633,531198,1811,3565,2,7200,1.5079943899
525899,527664,531319,1765,3655,2,7200,1.4829001368
525942,527669,531059,1727,3390,2,7200,1.50943952802
525979,527722,531080,1743,3358,2,7200,1.51905896367
526019,527758,531282,1739,3524,2,7200,1.49347332577
526096,527794,531128,1698,3334,2,7200,1.50929814037
526212,527851,531034,1639,3183,2,7200,1.51492302859
526295,527874,531361,1579,3487,2,7200,1.45282477775
526372,527979,531027,1607,3048,2,7200,1.52723097113
526488,528085,531586,1597,3501,2,7200,1.45615538418
526535,528263,532057,1728,3794,2,7200,1.45545598313
526550,528326,531637,1776,3311,2,7200,1.53639383872
526590,528401,531517,1811,3116,2,7200,1.58119383825
526630,528411,532022,1781,3611,2,7200,1.49321517585
526646,528581,531991,1935,3410,2,7200,1.56744868035
526661,528590,531945,1929,3355,2,7200,1.57496274218
526701,528599,532191,1898,3592,2,7200,1.52839643653
526793,528694,532144,1901,3450,2,7200,1.55101449275
526864,528844,532176,1980,3332,2,7200,1.59423769508
527017,528864,532299,1847,3435,2,7200,1.53770014556
527255,528915,532604,1660,3689,2,7200,1.44998644619
527348,528924,532290,1576,3366,2,7200,1.46821152704
527413,528995,532652,1582,3657,2,7200,1.43259502324
527490,529044,532322,1554,3278,2,7200,1.47406955461
527581,529110,532347,1529,3237,2,7200,1.47235094223
527622,529296,532697,1674,3401,2,7200,1.49220817407
527653,529342,532787,1689,3445,2,7200,1.49027576197
527654,529436,532474,1782,3038,2,7200,1.58657011192
527709,529445,533106,1736,3661,2,7200,1.4741873805
527747,529529,532917,1782,3388,2,7200,1.52597402597
527781,529544,532774,1763,3230,2,7200,1.54582043344
527839,529592,533229,1753,3637,2,7200,1.48199065164
527863,529652,533237,1789,3585,2,7200,1.4990237099
527967,529732,533083,1765,3351,2,7200,1.52670844524
528074,529863,533226,1789,3363,2,7200,1.53196550699
528249,529971,533478,1722,3507,2,7200,1.49101796407
528313,529977,533203,1664,3226,2,7200,1.51580905146
528388,529986,533303,1598,3317,2,7200,1.48176062707
528403,530051,533592,1648,3541,2,7200,1.46540525275
528568,530056,533246,1488,3190,2,7200,1.46645768025
528584,530084,533466,1500,3382,2,7200,1.44352454169
528585,530157,533570,1572,3413,2,7200,1.46059185467
528680,530163,533476,1483,3313,2,7200,1.44763054633
528832,530302,533867,1470,3565,2,7200,1.41234221599
528853,530527,533936,1674,3409,2,7200,1.49105309475
528903,530641,534031,1738,3390,2,7200,1.51268436578
528918,530801,534290,1883,3489,2,7200,1.53969618802
528982,530824,534042,1842,3218,2,7200,1.57240522063
529032,531037,534524,2005,3487,2,7200,1.57499283051
529099,531046,534319,1947,3273,2,7200,1.59486709441
529283,531055,534166,1772,3111,2,7200,1.56959177113
529329,531073,534398,1744,3325,2,7200,1.5245112782
529424,531097,534516,1673,3419,2,7200,1.48932436385
529439,531102,534429,1663,3327,2,7200,1.49984971446
529516,531142,534454,1626,3312,2,7200,1.49094202899
529531,531213,534794,1682,3581,2,7200,1.46970120078
529581,531296,534598,1715,3302,2,7200,1.51938219261
529639,531333,534652,1694,3319,2,7200,1.5103946972
529719,531375,534904,1656,3529,2,7200,1.46925474639
529851,531531,534876,1680,3345,2,7200,1.50224215247
529959,531600,535142,1641,3542,2,7200,1.46329757199
529960,531651,534991,1691,3340,2,7200,1.50628742515
529976,531962,535189,1986,3227,2,7200,1.61543229005
530040,532005,535346,1965,3341,2,7200,1.5881472613
530042,532037,535650,1995,3613,2,7200,1.55217270966
530073,532073,535619,2000,3546,2,7200,1.56401579244
530147,532160,535536,2013,3376,2,7200,1.59626777251
530148,532190,535552,2042,3362,2,7200,1.60737656157
530289,532206,535615,1917,3409,2,7200,1.5623349956
530511,532304,535674,1793,3370,2,7200,1.53204747774
530628,532313,535910,1685,3597,2,7200,1.46844592716
530790,532339,535597,1549,3258,2,7200,1.47544505832
530811,532361,537112,1550,4751,2,7200,1.32624710587
531026,532488,536013,1462,3525,2,7200,1.41475177305
531041,532619,536188,1578,3569,2,7200,1.44214065565
531043,532666,536151,1623,3485,2,7200,1.46571018651
531061,532711,535844,1650,3133,2,7200,1.52665177147
531083,532786,536113,1703,3327,2,7200,1.51187255786
531085,532801,536199,1716,3398,2,7200,1.50500294291
531128,532931,536233,1803,3302,2,7200,1.54603270745
531199,533098,536620,1899,3522,2,7200,1.53918228279
531282,533120,536533,1838,3413,2,7200,1.53852915324
531319,533218,536653,1899,3435,2,7200,1.55283842795
531363,533240,536593,1877,3353,2,7200,1.55979719654
531519,533249,536484,1730,3235,2,7200,1.53477588872
531589,533256,536677,1667,3421,2,7200,1.48728441976
531638,533265,536627,1627,3362,2,7200,1.48393813206
531949,533318,536475,1369,3157,2,7200,1.4336395312
531992,533480,537024,1488,3544,2,7200,1.41986455982
532023,533489,536728,1466,3239,2,7200,1.45260882989
532060,533498,536814,1438,3316,2,7200,1.43365500603
532146,533585,536839,1439,3254,2,7200,1.4422249539
532177,533608,537028,1431,3420,2,7200,1.41842105263
532193,533880,537570,1687,3690,2,7200,1.45718157182
532291,533950,537553,1659,3603,2,7200,1.46044962531
532307,534046,537509,1739,3463,2,7200,1.50216575224
532326,534057,537652,1731,3595,2,7200,1.48150208623
532348,534179,537859,1831,3680,2,7200,1.49755434783
532474,534303,537683,1829,3380,2,7200,1.54112426036
532606,534334,537834,1728,3500,2,7200,1.49371428571
532655,534414,538020,1759,3606,2,7200,1.48779811425
532698,534443,537811,1745,3368,2,7200,1.51811163895
532774,534467,537646,1693,3179,2,7200,1.53255740799
532790,534529,537982,1739,3453,2,7200,1.50362004054
532920,534538,538169,1618,3631,2,7200,1.44560727072
533085,534612,537902,1527,3290,2,7200,1.4641337386
533107,534665,537899,1558,3234,2,7200,1.4817563389
533206,534808,538373,1602,3565,2,7200,1.44936886396
533225,534889,538231,1664,3342,2,7200,1.49790544584
533241,534918,538504,1677,3586,2,7200,1.46765197992
533242,535006,538189,1764,3183,2,7200,1.55419415646
533257,535156,538794,1899,3638,2,7200,1.52199010445
533306,535204,538507,1898,3303,2,7200,1.57462912504
533466,535360,538997,1894,3637,2,7200,1.5207588672
533483,535550,539003,2067,3453,2,7200,1.59860990443
533484,535565,539132,2081,3567,2,7200,1.58340342024
533573,535609,538764,2036,3155,2,7200,1.64532488114
533595,535629,539095,2034,3466,2,7200,1.58684362377
533869,535638,538974,1769,3336,2,7200,1.53027577938
533937,535665,539169,1728,3504,2,7200,1.49315068493
534035,535689,539302,1654,3613,2,7200,1.45779130916
534050,535859,539230,1809,3371,2,7200,1.53663601305
534167,535924,539101,1757,3177,2,7200,1.55303745672
534291,536027,539494,1736,3467,2,7200,1.50072108451
534322,536127,539582,1805,3455,2,7200,1.52243125904
534401,536165,539504,1764,3339,2,7200,1.52830188679
534432,536203,539678,1771,3475,2,7200,1.50964028777
534456,536213,539539,1757,3326,2,7200,1.52826217679
534518,536248,539727,1730,3479,2,7200,1.49726933027
534534,536490,539714,1956,3224,2,7200,1.60669975186
534599,536499,539841,1900,3342,2,7200,1.56852184321
534652,536548,540076,1896,3528,2,7200,1.53741496599
534797,536607,540096,1810,3489,2,7200,1.51877328747
534877,536634,539595,1757,2961,2,7200,1.59338061466
534905,536643,540060,1738,3417,2,7200,1.50863330407
534993,536666,539978,1673,3312,2,7200,1.50513285024
535144,536692,539779,1548,3087,2,7200,1.50145772595
535193,536742,540185,1549,3443,2,7200,1.44989834447
535344,536828,540625,1484,3797,2,7200,1.39083486963
535538,536852,540018,1314,3166,2,7200,1.41503474416
535553,537038,540678,1485,3640,2,7200,1.40796703297
535596,537047,540697,1451,3650,2,7200,1.39753424658
535615,537126,540457,1511,3331,2,7200,1.45361753227
535631,537524,540548,1893,3024,2,7200,1.62599206349
535652,537566,541040,1914,3474,2,7200,1.55094991364
535677,537584,541011,1907,3427,2,7200,1.55646337905
535845,537660,541043,1815,3383,2,7200,1.53650605971
535912,537668,541068,1756,3400,2,7200,1.51647058824
536014,537699,540710,1685,3011,2,7200,1.55961474593
536113,537825,541473,1712,3648,2,7200,1.46929824561
536153,537848,541264,1695,3416,2,7200,1.49619437939
536190,537873,541188,1683,3315,2,7200,1.50769230769
536206,537911,541229,1705,3318,2,7200,1.51386377336
536234,537920,541840,1686,3920,2,7200,1.43010204082
536477,537996,541783,1519,3787,2,7200,1.4011090573
536492,538033,541052,1541,3019,2,7200,1.51043391852
536535,538183,541457,1648,3274,2,7200,1.50335980452
536594,538203,541792,1609,3589,2,7200,1.44831429368
536622,538245,541896,1623,3651,2,7200,1.44453574363
536638,538387,541757,1749,3370,2,7200,1.51899109792
536653,538518,542018,1865,3500,2,7200,1.53285714286
536678,538527,542155,1849,3628,2,7200,1.50964718853
536727,538777,542109,2050,3332,2,7200,1.61524609844
536814,538808,542497,1994,3689,2,7200,1.54052588777
536842,538989,542459,2147,3470,2,7200,1.61873198847
537025,539011,542671,1986,3660,2,7200,1.54262295082
537040,539020,542630,1980,3610,2,7200,1.54847645429
537112,539108,542565,1996,3457,2,7200,1.57737923055
537512,539118,542706,1606,3588,2,7200,1.44760312152
537555,539145,542432,1590,3287,2,7200,1.48372376027
537571,539184,542520,1613,3336,2,7200,1.48351318945
537648,539247,542791,1599,3544,2,7200,1.45118510158
537664,539316,542508,1652,3192,2,7200,1.51754385965
537686,539507,542852,1821,3345,2,7200,1.54439461883
537812,539517,542635,1705,3118,2,7200,1.54682488775
537834,539551,542829,1717,3278,2,7200,1.52379499695
537862,539596,542851,1734,3255,2,7200,1.53271889401
537899,539609,543072,1710,3463,2,7200,1.49379151025
537915,539692,543279,1777,3587,2,7200,1.49540005576
537983,539728,542839,1745,3111,2,7200,1.56091288975
538023,539740,543194,1717,3454,2,7200,1.49710480602
538172,539791,543414,1619,3623,2,7200,1.4468672371
538191,539855,543206,1664,3351,2,7200,1.4965681886
538233,539993,543455,1760,3462,2,7200,1.50837666089
538375,540032,543643,1657,3611,2,7200,1.45887565771
538505,540076,543535,1571,3459,2,7200,1.45417750795
538520,540090,543518,1570,3428,2,7200,1.45799299883
538764,540109,543579,1345,3470,2,7200,1.38760806916
538795,540198,543784,1403,3586,2,7200,1.3912437256
538976,540472,543989,1496,3517,2,7200,1.42536252488
538998,540561,544091,1563,3530,2,7200,1.44277620397
539014,540637,543955,1623,3318,2,7200,1.48915009042
539097,540691,544137,1594,3446,2,7200,1.46256529309
539113,540711,543868,1598,3157,2,7200,1.50617675008
539134,540723,544107,1589,3384,2,7200,1.46956264775
539172,541025,544624,1853,3599,2,7200,1.51486524034
539234,541056,544374,1822,3318,2,7200,1.54912597951
539302,541065,544394,1763,3329,2,7200,1.529588465
539496,541073,544634,1577,3561,2,7200,1.44285313114
539512,541081,544575,1569,3494,2,7200,1.44905552376
539540,541202,544476,1662,3274,2,7200,1.50763591936
539583,541243,544677,1660,3434,2,7200,1.4834012813
539599,541277,544482,1678,3205,2,7200,1.52355694228
539679,541471,545052,1792,3581,2,7200,1.50041887741
539716,541487,545226,1771,3739,2,7200,1.47365605777
539731,541770,545014,2039,3244,2,7200,1.62854500617
539781,541797,545359,2016,3562,2,7200,1.56597417181
539843,541806,545179,1963,3373,2,7200,1.58197450341
539981,541854,545480,1873,3626,2,7200,1.5165471594
540019,541909,545457,1890,3548,2,7200,1.53269447576
540063,542033,545507,1970,3474,2,7200,1.56706966033
540078,542123,545370,2045,3247,2,7200,1.62981213428
540097,542169,545755,2072,3586,2,7200,1.57780256553
540187,542446,545814,2259,3368,2,7200,1.67072446556
540458,542475,545816,2017,3341,2,7200,1.60371146363
540551,542511,546022,1960,3511,2,7200,1.5582455141
540625,542522,545920,1897,3398,2,7200,1.55826957034
540680,542534,545653,1854,3119,2,7200,1.59442128887
540699,542578,546129,1879,3551,2,7200,1.52914671923
540715,542644,545905,1929,3261,2,7200,1.59153633855
541013,542653,546169,1640,3516,2,7200,1.46643913538
541044,542685,546342,1641,3657,2,7200,1.44872846596
541045,542719,546424,1674,3705,2,7200,1.45182186235
541061,542805,546396,1744,3591,2,7200,1.48565859092
541076,542843,546753,1767,3910,2,7200,1.45191815857
541191,542853,546234,1662,3381,2,7200,1.49157054126
541231,542865,546362,1634,3497,2,7200,1.46725764941
541265,542871,546405,1606,3534,2,7200,1.45444255801
541459,543088,546272,1629,3184,2,7200,1.51162060302
541475,543208,546681,1733,3473,2,7200,1.49899222574
541760,543219,546810,1459,3591,2,7200,1.40629351156
541785,543293,546509,1508,3216,2,7200,1.46890547264
541800,543428,547254,1628,3826,2,7200,1.42550967067
541840,543470,546880,1630,3410,2,7200,1.4780058651
541896,543531,547061,1635,3530,2,7200,1.46317280453
542019,543549,546812,1530,3263,2,7200,1.46889365614
542113,543592,546687,1479,3095,2,7200,1.47786752827
542156,543657,546983,1501,3326,2,7200,1.45129284426
542432,543799,547202,1367,3403,2,7200,1.40170437849
542463,543882,547201,1419,3319,2,7200,1.42753841519
542500,543968,547292,1468,3324,2,7200,1.44163658243
542516,544004,547520,1488,3516,2,7200,1.42320819113
542531,544104,547539,1573,3435,2,7200,1.45793304221
542565,544120,547666,1555,3546,2,7200,1.43852227862
542633,544150,547852,1517,3702,2,7200,1.40977849811
542635,544387,547862,1752,3475,2,7200,1.50417266187
542672,544408,547618,1736,3210,2,7200,1.54080996885
542709,544491,547733,1782,3242,2,7200,1.54966070327
542792,544500,547851,1708,3351,2,7200,1.50969859743
542832,544589,547855,1757,3266,2,7200,1.53796693203
542847,544639,548193,1792,3554,2,7200,1.50422059651
542863,544647,548251,1784,3604,2,7200,1.49500554939
542864,544691,548251,1827,3560,2,7200,1.51320224719
543076,545029,548328,1953,3299,2,7200,1.59199757502
543196,545067,548485,1871,3418,2,7200,1.54739613809
543211,545193,548402,1982,3209,2,7200,1.61763789342
543279,545239,548697,1960,3458,2,7200,1.56680161943
543414,545373,548615,1959,3242,2,7200,1.60425663171
543458,545384,548973,1926,3589,2,7200,1.53663973252
543519,545474,548977,1955,3503,2,7200,1.55809306309
543538,545495,548976,1957,3481,2,7200,1.56219477162
543581,545521,548971,1940,3450,2,7200,1.56231884058
543643,545668,548904,2025,3236,2,7200,1.62577255871
543785,545769,549258,1984,3489,2,7200,1.56864431069
543868,545826,549402,1958,3576,2,7200,1.54753914989
543955,545835,549170,1880,3335,2,7200,1.56371814093
543992,545921,549187,1929,3266,2,7200,1.59063074097
544091,545933,549383,1842,3450,2,7200,1.53391304348
544110,546036,549749,1926,3713,2,7200,1.51871801778
544138,546144,549469,2006,3325,2,7200,1.60330827068
544375,546184,549664,1809,3480,2,7200,1.51982758621
544397,546248,549786,1851,3538,2,7200,1.52317693612
544477,546288,549588,1811,3300,2,7200,1.54878787879
544493,546354,549484,1861,3130,2,7200,1.5945686901
544577,546375,550047,1798,3672,2,7200,1.48965141612
544626,546411,549857,1785,3446,2,7200,1.51799187464
544642,546419,549985,1777,3566,2,7200,1.49831744251
544679,546438,549835,1759,3397,2,7200,1.5178098322
545016,546524,549905,1508,3381,2,7200,1.44602188702
545053,546697,550269,1644,3572,2,7200,1.46024636058
545180,546705,550513,1525,3808,2,7200,1.40047268908
545226,546767,550182,1541,3415,2,7200,1.45124450952
545362,546824,550157,1462,3333,2,7200,1.43864386439
545377,546832,550021,1455,3189,2,7200,1.45625587959
545461,546894,550089,1433,3195,2,7200,1.44851330203
545483,546996,550879,1513,3883,2,7200,1.38964718002
545510,547073,550808,1563,3735,2,7200,1.41847389558
545655,547208,550673,1553,3465,2,7200,1.4481962482
545757,547217,550495,1460,3278,2,7200,1.44539353264
545815,547222,550515,1407,3293,2,7200,1.4272699666
545831,547270,550261,1439,2991,2,7200,1.48110999666
545908,547306,550819,1398,3513,2,7200,1.39795046968
545923,547534,550984,1611,3450,2,7200,1.46695652174
546022,547553,550707,1531,3154,2,7200,1.48541534559
546133,547632,551232,1499,3600,2,7200,1.41638888889
546173,547680,551196,1507,3516,2,7200,1.42861205916
546235,547746,551138,1511,3392,2,7200,1.44545990566
546272,547867,550974,1595,3107,2,7200,1.51335693595
546343,547872,551168,1529,3296,2,7200,1.46389563107
546364,547880,551259,1516,3379,2,7200,1.44865344777
546395,547885,551493,1490,3608,2,7200,1.41297117517
546411,548207,551578,1796,3371,2,7200,1.53277959063
546426,548265,551689,1839,3424,2,7200,1.5370911215
546512,548270,551741,1758,3471,2,7200,1.50648228176
546685,548342,551499,1657,3157,2,7200,1.52486537852
546700,548417,551554,1717,3137,2,7200,1.54733822123
546753,548497,551634,1744,3137,2,7200,1.55594517055
546812,548628,552229,1816,3601,2,7200,1.5043043599
546827,548712,552350,1885,3638,2,7200,1.51814183617
546882,548919,552213,2037,3294,2,7200,1.61839708561
546984,548988,552481,2004,3493,2,7200,1.5737188663
547061,548993,552355,1932,3362,2,7200,1.5746579417
547203,549001,552450,1798,3449,2,7200,1.52131052479
547205,549006,552073,1801,3067,2,7200,1.58721878057
547257,549184,552664,1927,3480,2,7200,1.55373563218
547294,549202,552851,1908,3649,2,7200,1.52288298164
547528,549272,552694,1744,3422,2,7200,1.50964348334
547544,549398,552891,1854,3493,2,7200,1.53077583739
547619,549416,553034,1797,3618,2,7200,1.49668325041
547668,549483,552614,1815,3131,2,7200,1.57968700096
547736,549499,552832,1763,3333,2,7200,1.52895289529
547854,549602,552886,1748,3284,2,7200,1.53227771011
547855,549678,553277,1823,3599,2,7200,1.50652959155
547871,549763,553083,1892,3320,2,7200,1.56987951807
547872,549800,553211,1928,3411,2,7200,1.56523013779
548196,549849,553462,1653,3613,2,7200,1.45751453086
548252,549873,553258,1621,3385,2,7200,1.4788774003
548253,549919,553325,1666,3406,2,7200,1.48913681738
548330,550000,553206,1670,3206,2,7200,1.52089831566
548404,550035,553341,1631,3306,2,7200,1.49334543255
548487,550059,553766,1572,3707,2,7200,1.4240625843
548616,550105,553771,1489,3666,2,7200,1.40616475723
548699,550170,553668,1471,3498,2,7200,1.42052601487
548906,550195,553418,1289,3223,2,7200,1.39993794601
548975,550275,553598,1300,3323,2,7200,1.39121275955
548976,550285,553680,1309,3395,2,7200,1.38556701031
548992,550511,553780,1519,3269,2,7200,1.46466809422
548993,550527,553830,1534,3303,2,7200,1.46442627914
549168,550536,553746,1368,3210,2,7200,1.4261682243
549190,550688,554269,1498,3581,2,7200,1.41831890533
549261,550722,554187,1461,3465,2,7200,1.42164502165
549385,550823,554401,1438,3578,2,7200,1.40190050307
549403,550832,554531,1429,3699,2,7200,1.3863206272
549472,550894,554382,1422,3488,2,7200,1.40768348624
549487,550988,554262,1501,3274,2,7200,1.45846059866
549589,550998,554296,1409,3298,2,7200,1.42722862341
549666,551152,554407,1486,3255,2,7200,1.45652841782
549750,551182,554476,1432,3294,2,7200,1.43472981178
549787,551209,554727,1422,3518,2,7200,1.40420693576
549836,551246,554607,1410,3361,2,7200,1.4195180006
549861,551273,554307,1412,3034,2,7200,1.46539222149
549907,551507,554669,1600,3162,2,7200,1.50600885515
549987,551516,554886,1529,3370,2,7200,1.45370919881
550021,551567,554843,1546,3276,2,7200,1.47191697192
550049,551592,554980,1543,3388,2,7200,1.4554309327
550092,551648,554851,1556,3203,2,7200,1.48579456759
550157,551701,555070,1544,3369,2,7200,1.45829623034
550185,551756,555231,1571,3475,2,7200,1.45208633094
550262,552087,555799,1825,3712,2,7200,1.4916487069
550277,552228,555948,1951,3720,2,7200,1.52446236559
550497,552244,555226,1747,2982,2,7200,1.58584842388
550513,552364,555617,1851,3253,2,7200,1.56901321857
550530,552372,555645,1842,3273,2,7200,1.56278643446
550674,552465,555939,1791,3474,2,7200,1.51554404145
550709,552496,556042,1787,3546,2,7200,1.50394811055
550810,552630,556137,1820,3507,2,7200,1.51896207585
550825,552677,555812,1852,3135,2,7200,1.59074960128
550878,552708,555908,1830,3200,2,7200,1.571875
550976,552847,556109,1871,3262,2,7200,1.57357449418
550992,552866,556343,1874,3477,2,7200,1.53897037676
551139,552900,556091,1761,3191,2,7200,1.55186461924
551171,552909,556332,1738,3423,2,7200,1.50774174701
551198,553049,556291,1851,3242,2,7200,1.57094386181
551233,553097,556565,1864,3468,2,7200,1.53748558247
551261,553221,556642,1960,3421,2,7200,1.57293189126
551493,553230,556492,1737,3262,2,7200,1.53249540159
551508,553272,556351,1764,3079,2,7200,1.57291328353
551555,553291,556449,1736,3158,2,7200,1.5497150095
551580,553339,556889,1759,3550,2,7200,1.49549295775
551597,586764,694790,35167,108026,6,108000,1.32554199915
551597,562147,670155,10550,108008,6,108000,1.09767794978
551597,562124,562134,10527,10,6,108000,1053.7
551598,667918,775943,116320,108025,6,108000,2.07678778061
551598,670170,778200,118572,108030,6,108000,2.09758400444
551598,586769,694797,35171,108028,6,108000,1.32557299959
551598,598304,706338,46706,108034,6,108000,1.43232686006
551599,672275,725861,120676,53586,6,108000,3.252006121
551635,553355,556924,1720,3569,2,7200,1.48192771084
551671,553180,661193,1509,108013,4,108000,1.01397054058
551690,553434,557042,1744,3608,2,7200,1.48337028825
551716,555458,663489,3742,108031,4,108000,1.0346382057
551743,553477,556834,1734,3357,2,7200,1.51653261841
551893,555510,663535,3617,108025,4,108000,1.03348299005
551923,555684,663714,3761,108030,4,108000,1.03481440341
551998,556051,664080,4053,108029,4,108000,1.03751770358
552025,557645,665657,5620,108012,4,108000,1.05203125579
552064,558415,666446,6351,108031,4,108000,1.05878868103
552075,553613,557078,1538,3465,2,7200,1.44386724387
552200,558431,666462,6231,108031,4,108000,1.05767788875
552214,553683,556842,1469,3159,2,7200,1.46502057613
552223,558897,666923,6674,108026,4,108000,1.06178142299
552230,553694,556956,1464,3262,2,7200,1.44880441447
552350,553759,557095,1409,3336,2,7200,1.42236211031
552366,553781,557282,1415,3501,2,7200,1.40417023708
552452,553790,557067,1338,3277,2,7200,1.40830027464
552473,559853,667903,7380,108050,4,108000,1.06830171217
552483,553798,557059,1315,3261,2,7200,1.40325053665
552496,560678,668699,8182,108021,4,108000,1.07574453116
552528,561066,669084,8538,108018,4,108000,1.07904238183
552570,561912,669933,9342,108021,4,108000,1.08648318383
552603,562152,670197,9549,108045,4,108000,1.08837984173
552617,553844,557171,1227,3327,2,7200,1.36880072137
552622,562259,670289,9637,108030,4,108000,1.08920670184
552666,554202,557551,1536,3349,2,7200,1.45864437145
552694,554279,557772,1585,3493,2,7200,1.4537646722
552733,562268,670304,9535,108036,4,108000,1.08825761783
552762,562280,670312,9518,108032,4,108000,1.08810352488
552797,562623,670654,9826,108031,4,108000,1.09095537392
552834,554288,557790,1454,3502,2,7200,1.41519131925
552845,562632,670655,9787,108023,4,108000,1.0906010757
552853,554311,557763,1458,3452,2,7200,1.42236384705
552872,564205,672237,11333,108032,4,108000,1.10490410249
552888,554321,557716,1433,3395,2,7200,1.42209131075
552903,554397,557797,1494,3400,2,7200,1.43941176471
552966,564219,672251,11253,108032,4,108000,1.10416358116
552984,564226,672253,11242,108027,4,108000,1.10406657595
553036,554416,557707,1380,3291,2,7200,1.419325433
553055,564253,672284,11198,108031,4,108000,1.10365543224
553081,564511,672542,11430,108031,4,108000,1.10580296396
553086,554424,557682,1338,3258,2,7200,1.41068139963
553140,566553,674585,13413,108032,4,108000,1.12415765699
553209,554490,557849,1281,3359,2,7200,1.38136350104
553225,554547,557881,1322,3334,2,7200,1.39652069586
553262,554621,558183,1359,3562,2,7200,1.38152723189
553278,554683,557890,1405,3207,2,7200,1.43810414718
553325,554739,558029,1414,3290,2,7200,1.42978723404
553344,554858,558075,1514,3217,2,7200,1.47062480572
553377,566674,674704,13297,108030,4,108000,1.12308617976
553395,566694,674721,13299,108027,4,108000,1.12310811186
553421,554867,558370,1446,3503,2,7200,1.41278903797
553461,566705,674736,13244,108031,4,108000,1.12259444048
553465,554898,558112,1433,3214,2,7200,1.44586185439
553484,566712,674741,13228,108029,4,108000,1.12244860176
553500,569644,677676,16144,108032,4,108000,1.14943720379
553520,569890,677920,16370,108030,4,108000,1.15153198186
553547,581277,689312,27730,108035,4,108000,1.2566760772
553569,586073,694104,32504,108031,4,108000,1.30087660024
553590,588295,696326,34705,108031,4,108000,1.32125038183
553599,554994,558608,1395,3614,2,7200,1.38599889319
553633,588314,696346,34681,108032,4,108000,1.32102525178
553658,588324,696350,34666,108026,4,108000,1.32090422676
553671,555084,558081,1413,2997,2,7200,1.47147147147
553686,555240,558831,1554,3591,2,7200,1.43274853801
553745,555249,558826,1504,3577,2,7200,1.42046407604
553767,555633,558713,1866,3080,2,7200,1.60584415584
553783,555659,559094,1876,3435,2,7200,1.5461426492
553785,555815,559440,2030,3625,2,7200,1.56
553831,555826,559253,1995,3427,2,7200,1.582141815
554189,555921,559046,1732,3125,2,7200,1.55424
554263,555954,559338,1691,3384,2,7200,1.49970449173
554279,555963,559416,1684,3453,2,7200,1.48769186215
554297,556060,559682,1763,3622,2,7200,1.48674765323
554313,556105,559674,1792,3569,2,7200,1.50210142897
554384,556122,559775,1738,3653,2,7200,1.47577333698
554403,556151,559163,1748,3012,2,7200,1.58034528552
554419,556306,559886,1887,3580,2,7200,1.52709497207
554478,556346,560057,1868,3711,2,7200,1.50336836432
554533,556357,559727,1824,3370,2,7200,1.5412462908
554608,556366,559816,1758,3450,2,7200,1.50956521739
554659,742209,760224,187550,18015,1,18000,11.4107688038
554669,556462,559605,1793,3143,2,7200,1.57047406936
554728,556505,559687,1777,3182,2,7200,1.55845380264
554846,556579,559785,1733,3206,2,7200,1.54054897068
554862,556656,560068,1794,3412,2,7200,1.52579132474
554886,556848,559961,1962,3113,2,7200,1.63026019916
554979,556858,560428,1879,3570,2,7200,1.52633053221
555072,556904,560280,1832,3376,2,7200,1.54265402844
555226,556938,560540,1712,3602,2,7200,1.47529150472
555242,556969,560701,1727,3732,2,7200,1.4627545552
555620,557055,560344,1435,3289,2,7200,1.43630282761
555645,557074,560622,1429,3548,2,7200,1.4027621195
555802,557083,560581,1281,3498,2,7200,1.36620926244
555817,557091,560662,1274,3571,2,7200,1.35676281154
555909,557109,560524,1200,3415,2,7200,1.3513909224
555940,557185,560618,1245,3433,2,7200,1.3626565686
555956,557298,560957,1342,3659,2,7200,1.3667668762
556045,557565,560822,1520,3257,2,7200,1.4666871354
556092,557696,561191,1604,3495,2,7200,1.45894134478
556110,557721,561352,1611,3631,2,7200,1.44367942716
556138,557730,561122,1592,3392,2,7200,1.46933962264
556292,557777,560996,1485,3219,2,7200,1.46132339236
556333,557785,561305,1452,3520,2,7200,1.4125
556349,557804,561376,1455,3572,2,7200,1.40733482643
556365,557813,561299,1448,3486,2,7200,1.41537578887
556451,557861,561004,1410,3143,2,7200,1.448615972
556495,557896,561537,1401,3641,2,7200,1.38478439989
556566,557905,561578,1339,3673,2,7200,1.36455213722
556642,558043,561253,1401,3210,2,7200,1.43644859813
556835,558089,561539,1254,3450,2,7200,1.36347826087
556851,558097,561453,1246,3356,2,7200,1.37127532777
556891,558127,561542,1236,3415,2,7200,1.36193265007
556925,558197,562072,1272,3875,2,7200,1.32825806452
556956,558384,561799,1428,3415,2,7200,1.41815519766
557045,558622,562199,1577,3577,2,7200,1.44087223931
557061,558727,561825,1666,3098,2,7200,1.53776630084
557077,558840,562492,1763,3652,2,7200,1.48274917853
557078,558849,562232,1771,3383,2,7200,1.5234998522
557097,559060,562480,1963,3420,2,7200,1.57397660819
557174,559110,562662,1936,3552,2,7200,1.54504504505
557285,559179,562627,1894,3448,2,7200,1.54930394432
557553,559268,562670,1715,3402,2,7200,1.50411522634
557683,559353,562550,1670,3197,2,7200,1.52236471692
557708,559430,563083,1722,3653,2,7200,1.47139337531
557724,559454,562947,1730,3493,2,7200,1.49527626682
557764,559619,563001,1855,3382,2,7200,1.54849201656
557780,559689,563249,1909,3560,2,7200,1.53623595506
557796,559698,563006,1902,3308,2,7200,1.57496977025
557797,559706,563270,1909,3564,2,7200,1.53563411897
557850,559741,562989,1891,3248,2,7200,1.5822044335
557884,559790,563635,1906,3845,2,7200,1.49570871261
557900,559797,563065,1897,3268,2,7200,1.58047735618
558031,559830,563288,1799,3458,2,7200,1.52024291498
558078,559900,563264,1822,3364,2,7200,1.54161712247
558093,559976,563332,1883,3356,2,7200,1.56108462455
558115,560071,563494,1956,3423,2,7200,1.57142857143
558183,560081,563480,1898,3399,2,7200,1.55839952927
558370,560294,563556,1924,3262,2,7200,1.58982219497
558610,560358,563945,1748,3587,2,7200,1.48731530527
558714,560442,563856,1728,3414,2,7200,1.50615114236
558828,560538,564111,1710,3573,2,7200,1.47858942065
558843,560553,563888,1710,3335,2,7200,1.51274362819
559048,560595,564389,1547,3794,2,7200,1.40774907749
559098,560634,563816,1536,3182,2,7200,1.48271527341
559165,560642,564132,1477,3490,2,7200,1.42320916905
559255,560683,564081,1428,3398,2,7200,1.42024720424
559339,560713,564091,1374,3378,2,7200,1.40674955595
559417,560838,563916,1421,3078,2,7200,1.4616634178
559441,560971,564253,1530,3282,2,7200,1.46617915905
559607,561008,564461,1401,3453,2,7200,1.40573414422
559678,561018,564213,1340,3195,2,7200,1.41940532081
559694,561137,564689,1443,3552,2,7200,1.40625
559695,561205,564505,1510,3300,2,7200,1.45757575758
559729,561267,564662,1538,3395,2,7200,1.4530191458
559779,561313,564763,1534,3450,2,7200,1.44463768116
559794,561322,564878,1528,3556,2,7200,1.42969628796
559819,561366,565041,1547,3675,2,7200,1.42095238095
559891,561390,564805,1499,3415,2,7200,1.43894582723
559964,561468,565021,1504,3553,2,7200,1.42330424993
560057,561550,565083,1493,3533,2,7200,1.42258703651
560072,561559,565169,1487,3610,2,7200,1.41191135734
560280,561564,565163,1284,3599,2,7200,1.35676576827
560345,561592,564701,1247,3109,2,7200,1.40109359923
560429,561813,565340,1384,3527,2,7200,1.39240147434
560525,561838,565302,1313,3464,2,7200,1.37904157044
560540,562087,565241,1547,3154,2,7200,1.49048826886
560584,562129,565503,1545,3374,2,7200,1.45791345584
560621,562213,565531,1592,3318,2,7200,1.47980711272
560637,562246,565490,1609,3244,2,7200,1.49599260173
560665,562494,566320,1829,3826,2,7200,1.47804495557
560702,562505,565987,1803,3482,2,7200,1.5178058587
560825,562564,566263,1739,3699,2,7200,1.47012706137
560960,562641,565988,1681,3347,2,7200,1.50224081267
560997,562676,566090,1679,3414,2,7200,1.49179847686
561012,562685,566237,1673,3552,2,7200,1.47100225225
561123,562962,566543,1839,3581,2,7200,1.51354370288
561191,563005,566317,1814,3312,2,7200,1.54770531401
561253,563015,566405,1762,3390,2,7200,1.5197640118
561300,563024,566203,1724,3179,2,7200,1.54230890217
561316,563080,566308,1764,3228,2,7200,1.54646840149
561354,563097,566600,1743,3503,2,7200,1.49757350842
561379,563264,566411,1885,3147,2,7200,1.59898315856
561454,563279,566614,1825,3335,2,7200,1.54722638681
561538,563288,566672,1750,3384,2,7200,1.51713947991
561539,563302,566561,1763,3259,2,7200,1.54096348573
561555,563347,566639,1792,3292,2,7200,1.54434993925
561578,563496,567171,1918,3675,2,7200,1.5219047619
561800,563507,566856,1707,3349,2,7200,1.50970438937
561828,563570,567067,1742,3497,2,7200,1.49814126394
562073,563649,566956,1576,3307,2,7200,1.47656486241
562196,563830,567746,1634,3916,2,7200,1.41726251277
562233,563870,567377,1637,3507,2,7200,1.46678072427
562482,563900,567267,1418,3367,2,7200,1.42114642115
562498,563931,567585,1433,3654,2,7200,1.39217296114
562551,563960,567322,1409,3362,2,7200,1.41909577632
562628,564095,567497,1467,3402,2,7200,1.43121693122
562665,564105,567798,1440,3693,2,7200,1.38992688871
562681,564125,567715,1444,3590,2,7200,1.40222841226
562949,564146,567584,1197,3438,2,7200,1.34816753927
562993,564232,567386,1239,3154,2,7200,1.39283449588
563009,564267,567585,1258,3318,2,7200,1.37914406269
563010,564403,567563,1393,3160,2,7200,1.44082278481
563066,564476,568065,1410,3589,2,7200,1.3928670939
563085,564519,567818,1434,3299,2,7200,1.4346771749
563251,564676,567855,1425,3179,2,7200,1.44825416798
563267,564705,568292,1438,3587,2,7200,1.4008921104
563268,564715,568137,1447,3422,2,7200,1.42285213326
563291,564777,568303,1486,3526,2,7200,1.42144072604
563334,564819,568164,1485,3345,2,7200,1.44394618834
563483,564892,568157,1409,3265,2,7200,1.4315467075
563499,565035,568201,1536,3166,2,7200,1.48515476943
563558,565055,568513,1497,3458,2,7200,1.43290919607
563636,565097,568386,1461,3289,2,7200,1.44420796595
563816,565176,568769,1360,3593,2,7200,1.37851377679
563857,565184,568562,1327,3378,2,7200,1.39283599763
563891,565257,568753,1366,3496,2,7200,1.39073226545
563916,565315,568870,1399,3555,2,7200,1.3935302391
563947,565353,568509,1406,3156,2,7200,1.44550063371
564082,565505,568864,1423,3359,2,7200,1.4236379875
564098,565515,568874,1417,3359,2,7200,1.42185174159
564113,565545,569157,1432,3612,2,7200,1.39645625692
564135,566001,569705,1866,3704,2,7200,1.50377969762
564216,566008,569160,1792,3152,2,7200,1.56852791878
564256,566103,569376,1847,3273,2,7200,1.56431408494
564392,566217,569575,1825,3358,2,7200,1.54347826087
564463,566251,569635,1788,3384,2,7200,1.52836879433
564506,566278,569700,1772,3422,2,7200,1.51782583285
564664,566323,569594,1659,3271,2,7200,1.50718434729
564691,566332,569825,1641,3493,2,7200,1.46979673633
564707,566341,569714,1634,3373,2,7200,1.48443522087
564765,566418,569886,1653,3468,2,7200,1.47664359862
564805,566428,569623,1623,3195,2,7200,1.50798122066
564880,566562,570080,1682,3518,2,7200,1.47811256396
565022,566575,569715,1553,3140,2,7200,1.49458598726
565044,566615,569893,1571,3278,2,7200,1.47925564369
565084,566630,570138,1546,3508,2,7200,1.44070695553
565167,566652,569908,1485,3256,2,7200,1.45608108108
565182,566686,570364,1504,3678,2,7200,1.40891789016
565244,566871,570561,1627,3690,2,7200,1.44092140921
565302,566973,570190,1671,3217,2,7200,1.51942803855
565340,567082,570677,1742,3595,2,7200,1.48456189152
565493,567185,570325,1692,3140,2,7200,1.53885350318
565508,567282,570922,1774,3640,2,7200,1.48736263736
565533,567337,570948,1804,3611,2,7200,1.4995846026
565988,567393,570512,1405,3119,2,7200,1.45046489259
565989,567402,570932,1413,3530,2,7200,1.40028328612
566091,567511,570819,1420,3308,2,7200,1.4292623942
566205,567577,570972,1372,3395,2,7200,1.40412371134
566239,567598,571083,1359,3485,2,7200,1.38995695839
566264,567607,571067,1343,3460,2,7200,1.38815028902
566310,567612,570700,1302,3088,2,7200,1.42163212435
566326,567730,571214,1404,3484,2,7200,1.40298507463
566328,567758,570905,1430,3147,2,7200,1.45440101684
566407,567814,570969,1407,3155,2,7200,1.44595879556
566423,567832,571138,1409,3306,2,7200,1.42619479734
566546,567869,571066,1323,3197,2,7200,1.41382546137
566562,568079,571512,1517,3433,2,7200,1.4418875619
566602,568152,571446,1550,3294,2,7200,1.47055251973
566618,568171,571703,1553,3532,2,7200,1.43969422424
566640,568180,571604,1540,3424,2,7200,1.44976635514
566674,568214,571846,1540,3632,2,7200,1.42400881057
566858,568306,571607,1448,3301,2,7200,1.43865495304
566960,568317,571832,1357,3515,2,7200,1.38605974395
567068,568400,572176,1332,3776,2,7200,1.35275423729
567173,568525,572081,1352,3556,2,7200,1.38020247469
567268,568534,572198,1266,3664,2,7200,1.34552401747
567324,568577,572156,1253,3579,2,7200,1.35009779268
567380,568767,572167,1387,3400,2,7200,1.40794117647
567395,568784,572049,1389,3265,2,7200,1.42542113323
567497,568878,572306,1381,3428,2,7200,1.4028588098
567565,568886,572244,1321,3358,2,7200,1.39338892198
567584,568895,572206,1311,3311,2,7200,1.39595288432
567586,569171,572366,1585,3195,2,7200,1.49608763693
567602,569180,572545,1578,3365,2,7200,1.46894502229
567718,569391,572791,1673,3400,2,7200,1.49205882353
567749,569589,573105,1840,3516,2,7200,1.52332195677
567801,569609,573018,1808,3409,2,7200,1.53036080962
567820,569635,572943,1815,3308,2,7200,1.54866989117
567857,569654,572967,1797,3313,2,7200,1.54240869303
568068,569714,573001,1646,3287,2,7200,1.50076057195
568139,569723,573174,1584,3451,2,7200,1.45899739206
568158,569732,572902,1574,3170,2,7200,1.49652996845
568173,569737,573077,1564,3340,2,7200,1.46826347305
568201,569839,572876,1638,3037,2,7200,1.53934804083
568294,569903,573206,1609,3303,2,7200,1.48713290948
568310,569912,573318,1602,3406,2,7200,1.47034644745
568387,569921,573075,1534,3154,2,7200,1.48636651871
568512,570096,573699,1584,3603,2,7200,1.43963363863
568527,570155,573641,1628,3486,2,7200,1.46701090075
568564,570205,573346,1641,3141,2,7200,1.52244508118
568754,570339,573892,1585,3553,2,7200,1.44610188573
568770,570379,573915,1609,3536,2,7200,1.45503393665
568866,570528,574183,1662,3655,2,7200,1.45471956224
568882,570577,573964,1695,3387,2,7200,1.5004428698
568883,570691,573833,1808,3142,2,7200,1.57542966264
569158,570714,574010,1556,3296,2,7200,1.47208737864
569174,570834,573981,1660,3147,2,7200,1.52748649507
569378,570921,574317,1543,3396,2,7200,1.45435806832
569576,570937,574536,1361,3599,2,7200,1.37816060017
569595,570946,575033,1351,4087,2,7200,1.33056031319
569626,570961,574371,1335,3410,2,7200,1.39149560117
569641,570983,574510,1342,3527,2,7200,1.38049333711
569703,570992,574333,1289,3341,2,7200,1.38581263095
569719,571082,574653,1363,3571,2,7200,1.3816858023
569720,571087,574352,1367,3265,2,7200,1.41868300153
569722,571099,574827,1377,3728,2,7200,1.36936695279
569826,571152,574708,1326,3556,2,7200,1.37289088864
569888,571228,574666,1340,3438,2,7200,1.38976148924
569904,571458,575022,1554,3564,2,7200,1.43602693603
569919,571529,574785,1610,3256,2,7200,1.49447174447
570083,571619,574817,1536,3198,2,7200,1.48030018762
570142,571628,575135,1486,3507,2,7200,1.42372398061
570191,571717,575263,1526,3546,2,7200,1.43034404963
570327,571845,575268,1518,3423,2,7200,1.44347063979
570367,571860,575170,1493,3310,2,7200,1.45105740181
570515,572063,575157,1548,3094,2,7200,1.50032320621
570564,572096,575600,1532,3504,2,7200,1.43721461187
570679,572170,575861,1491,3691,2,7200,1.4039555676
570701,572182,575752,1481,3570,2,7200,1.41484593838
570821,572190,575750,1369,3560,2,7200,1.3845505618
570907,572213,575538,1306,3325,2,7200,1.39278195489
570923,572222,576725,1299,4503,2,7200,1.28847435043
570939,572258,575745,1319,3487,2,7200,1.37826211643
570954,572320,575739,1366,3419,2,7200,1.39953202691
570970,572379,575608,1409,3229,2,7200,1.43635800557
570986,572560,575888,1574,3328,2,7200,1.47295673077
571069,572806,576343,1737,3537,2,7200,1.49109414758
571070,572891,576083,1821,3192,2,7200,1.5704887218
571086,572915,576673,1829,3758,2,7200,1.48669505056
571138,572958,576163,1820,3205,2,7200,1.56786271451
571215,572981,576519,1766,3538,2,7200,1.49915206331
571448,573016,576234,1568,3218,2,7200,1.48725916718
571515,573031,576383,1516,3352,2,7200,1.4522673031
571605,573091,576545,1486,3454,2,7200,1.43022582513
571620,573096,576782,1476,3686,2,7200,1.40043407488
571704,573120,576771,1416,3651,2,7200,1.38783894823
571833,573187,576478,1354,3291,2,7200,1.41142509875
571848,573221,576547,1373,3326,2,7200,1.41280817799
572050,573332,576824,1282,3492,2,7200,1.36712485682
572084,573360,576655,1276,3295,2,7200,1.38725341426
572154,573656,576856,1502,3200,2,7200,1.469375
572170,573712,577030,1542,3318,2,7200,1.46473779385
572186,573847,576962,1661,3115,2,7200,1.53322632424
572201,573906,577200,1705,3294,2,7200,1.51760777171
572217,573929,577284,1712,3355,2,7200,1.51028315946
572245,573978,577219,1733,3241,2,7200,1.53471150879
572306,573995,577539,1689,3544,2,7200,1.47658013544
572368,574023,577412,1655,3389,2,7200,1.48834464444
572545,574198,577342,1653,3144,2,7200,1.52576335878
572792,574331,577962,1539,3631,2,7200,1.42385017901
572879,574347,577621,1468,3274,2,7200,1.44838118509
572904,574366,577778,1462,3412,2,7200,1.4284876905
572944,574383,577336,1439,2953,2,7200,1.48730104978
572969,574523,578180,1554,3657,2,7200,1.42493847416
573003,574549,577726,1546,3177,2,7200,1.48662259994
573019,574666,578139,1647,3473,2,7200,1.47422977253
573077,574681,578185,1604,3504,2,7200,1.45776255708
573078,574722,578164,1644,3442,2,7200,1.4776292853
573106,574799,578192,1693,3393,2,7200,1.49896846449
573174,574831,578144,1657,3313,2,7200,1.50015092062
573208,574841,578337,1633,3496,2,7200,1.46710526316
573320,575038,578490,1718,3452,2,7200,1.4976825029
573348,575046,578686,1698,3640,2,7200,1.46648351648
573433,742723,742725,169290,2,1,44100,16929.2
573644,575151,578524,1507,3373,2,7200,1.44678327898
573702,575171,578499,1469,3328,2,7200,1.44140625
573826,742765,742766,168939,1,1,44100,16894.0
573835,575183,578729,1348,3546,2,7200,1.38014664411
573894,575278,578493,1384,3215,2,7200,1.43048211509
573915,575286,578626,1371,3340,2,7200,1.41047904192
573965,575551,579051,1586,3500,2,7200,1.45314285714
573984,575615,579211,1631,3596,2,7200,1.45355951057
574012,575624,579072,1612,3448,2,7200,1.46751740139
574186,575754,579143,1568,3389,2,7200,1.46267335497
574319,575762,578934,1443,3172,2,7200,1.45491803279
574335,575771,578929,1436,3158,2,7200,1.45471817606
574353,575776,579056,1423,3280,2,7200,1.43384146341
574372,575875,579309,1503,3434,2,7200,1.43768200349
574512,575902,579112,1390,3210,2,7200,1.43302180685
574537,576098,579430,1561,3332,2,7200,1.46848739496
574654,576178,579492,1524,3314,2,7200,1.45986722993
574670,576247,579373,1577,3126,2,7200,1.50447856686
574707,576357,579823,1650,3466,2,7200,1.47605308713
574787,576398,579856,1611,3458,2,7200,1.46587622903
574818,576493,580069,1675,3576,2,7200,1.46840044743
574833,576533,579770,1700,3237,2,7200,1.52517763361
575024,576558,579845,1534,3287,2,7200,1.46668694859
575040,576567,579925,1527,3358,2,7200,1.45473496129
575138,576669,580382,1531,3713,2,7200,1.41233503905
575157,576688,580306,1531,3618,2,7200,1.42316196794
575172,576739,580039,1567,3300,2,7200,1.47484848485
575264,576783,580193,1519,3410,2,7200,1.44545454545
575279,576796,580017,1517,3221,2,7200,1.4709717479
575539,576838,580658,1299,3820,2,7200,1.34005235602
575603,576870,580218,1267,3348,2,7200,1.3784348865
575619,576976,580321,1357,3345,2,7200,1.40568011958
575742,577044,580487,1302,3443,2,7200,1.37815858263
575757,577215,580608,1458,3393,2,7200,1.42970822281
575759,577231,580801,1472,3570,2,7200,1.41232492997
575760,577298,580506,1538,3208,2,7200,1.47942643392
575861,577350,580406,1489,3056,2,7200,1.4872382199
575889,577358,580831,1469,3473,2,7200,1.4229772531
576083,577427,580657,1344,3230,2,7200,1.41609907121
576163,577553,580841,1390,3288,2,7200,1.42274939173
576234,577638,580774,1404,3136,2,7200,1.44770408163
576345,577740,580917,1395,3177,2,7200,1.43909348442
576385,577792,581114,1407,3322,2,7200,1.42354003612
576480,577976,581365,1496,3389,2,7200,1.4414281499
576520,578154,581817,1634,3663,2,7200,1.44608244608
576545,578163,581735,1618,3572,2,7200,1.4529675252
576561,578179,581441,1618,3262,2,7200,1.4960147149
576656,578194,581496,1538,3302,2,7200,1.46577831617
576674,578202,581495,1528,3293,2,7200,1.46401457637
576727,578210,581597,1483,3387,2,7200,1.43785060526
576767,578350,581658,1583,3308,2,7200,1.47853688029
576783,578504,582136,1721,3632,2,7200,1.47384361233
576827,578513,581756,1686,3243,2,7200,1.51988899167
576858,578522,581727,1664,3205,2,7200,1.51918876755
576963,578539,582121,1576,3582,2,7200,1.43997766611
577031,578640,582101,1609,3461,2,7200,1.46489453915
577202,578700,581936,1498,3236,2,7200,1.46291718171
577221,578743,582265,1522,3522,2,7200,1.43214082907
577286,578943,582413,1657,3470,2,7200,1.47752161383
577338,578952,582499,1614,3547,2,7200,1.45503242176
577354,579064,582605,1710,3541,2,7200,1.48291443095
577365,588331,592170,10966,3839,4,108000,3.85647303985
577416,579073,582453,1657,3380,2,7200,1.49023668639
577542,579086,582655,1544,3569,2,7200,1.43261417764
577625,579126,582244,1501,3118,2,7200,1.48139833226
577726,579158,582369,1432,3211,2,7200,1.44596698848
577778,579225,582436,1447,3211,2,7200,1.4506384304
577963,579323,582531,1360,3208,2,7200,1.42394014963
578140,579387,582651,1247,3264,2,7200,1.38204656863
578156,579444,582815,1288,3371,2,7200,1.38208246811
578172,579506,582741,1334,3235,2,7200,1.41236476043
578188,579784,583251,1596,3467,2,7200,1.46034035189
578190,579839,583064,1649,3225,2,7200,1.51131782946
578206,579860,583231,1654,3371,2,7200,1.49065559181
578338,579869,583132,1531,3263,2,7200,1.46920012259
578492,579939,583433,1447,3494,2,7200,1.41413852318
578508,580031,583354,1523,3323,2,7200,1.45832079446
578509,580053,583619,1544,3566,2,7200,1.43297812675
578528,580083,583956,1555,3873,2,7200,1.40149754712
578626,580205,583647,1579,3442,2,7200,1.45874491575
578688,580231,583595,1543,3364,2,7200,1.45868014269
578731,580321,583729,1590,3408,2,7200,1.46654929577
578930,580335,583899,1405,3564,2,7200,1.39421997755
578945,580397,583696,1452,3299,2,7200,1.44013337375
579053,580421,584011,1368,3590,2,7200,1.38105849582
579070,580501,584007,1431,3506,2,7200,1.40815744438
579085,580520,583951,1435,3431,2,7200,1.4182454095
579113,580622,584071,1509,3449,2,7200,1.43751812119
579147,580671,584271,1524,3600,2,7200,1.42333333333
579209,580676,584093,1467,3417,2,7200,1.42932396839
579310,580789,583942,1479,3153,2,7200,1.46907706946
579375,580815,583677,1440,2862,2,7200,1.50314465409
579430,580846,584214,1416,3368,2,7200,1.42042755344
579495,580854,584297,1359,3443,2,7200,1.39471391229
579768,580933,584169,1165,3236,2,7200,1.36001236094
579826,581129,584485,1303,3356,2,7200,1.38825983313
579848,581377,584546,1529,3169,2,7200,1.48248658883
579864,581455,584700,1591,3245,2,7200,1.49029275809
579926,581509,584790,1583,3281,2,7200,1.48247485523
580018,581518,585066,1500,3548,2,7200,1.42277339346
580040,581611,585567,1571,3956,2,7200,1.39711830131
580071,581675,585057,1604,3382,2,7200,1.47427557658
580192,581742,585036,1550,3294,2,7200,1.47055251973
580214,581751,585167,1537,3416,2,7200,1.44994145199
580309,581769,585351,1460,3582,2,7200,1.40759352317
580325,581831,585498,1506,3667,2,7200,1.41068993728
580383,581952,585180,1569,3228,2,7200,1.48605947955
580408,582116,585468,1708,3352,2,7200,1.50954653938
580488,582135,585611,1647,3476,2,7200,1.47382048331
580507,582150,585601,1643,3451,2,7200,1.47609388583
580609,582258,585523,1649,3265,2,7200,1.50505359877
580658,582279,585556,1621,3277,2,7200,1.49465974977
580660,582382,585968,1722,3586,2,7200,1.48020078081
580777,582427,585750,1650,3323,2,7200,1.49653927174
580802,582448,585914,1646,3466,2,7200,1.47489901904
580833,582468,585888,1635,3420,2,7200,1.47807017544
580848,582515,585646,1667,3131,2,7200,1.5324177579
580919,582545,585843,1626,3298,2,7200,1.49302607641
581116,582619,586103,1503,3484,2,7200,1.43140068886
581366,582665,586078,1299,3413,2,7200,1.38060357457
581440,582674,586186,1234,3512,2,7200,1.3513667426
581497,582756,586011,1259,3255,2,7200,1.38678955453
581498,582829,586139,1331,3310,2,7200,1.40211480363
581599,583078,586437,1479,3359,2,7200,1.44030961596
581661,583146,586583,1485,3437,2,7200,1.4320628455
581729,583245,586423,1516,3178,2,7200,1.47702957835
581745,583265,586874,1520,3609,2,7200,1.42116929897
581761,583369,587185,1608,3816,2,7200,1.4213836478
581819,583448,586894,1629,3446,2,7200,1.47272199652
581939,583611,586991,1672,3380,2,7200,1.49467455621
582104,583634,587222,1530,3588,2,7200,1.42642140468
582122,583661,587163,1539,3502,2,7200,1.43946316391
582138,583692,587376,1554,3684,2,7200,1.42182410423
582245,583711,587174,1466,3463,2,7200,1.42333237078
582267,583745,587001,1478,3256,2,7200,1.45393120393
582369,583914,587374,1545,3460,2,7200,1.44653179191
582415,583958,587328,1543,3370,2,7200,1.45786350148
582437,583967,587712,1530,3745,2,7200,1.4085447263
582456,583976,587299,1520,3323,2,7200,1.45741799579
582502,584021,587575,1519,3554,2,7200,1.42740574001
582530,584030,587434,1500,3404,2,7200,1.44065804935
582607,584085,587688,1478,3603,2,7200,1.4102137108
582653,584107,587255,1454,3148,2,7200,1.46188055909
582669,584185,587538,1516,3353,2,7200,1.45213241873
582743,584229,587717,1486,3488,2,7200,1.42603211009
582816,584286,587667,1470,3381,2,7200,1.4347826087
582835,598844,661093,16009,62249,2,172800,1.25717682212
583066,584310,587625,1244,3315,2,7200,1.37526395173
583134,584502,587827,1368,3325,2,7200,1.41142857143
583233,584561,588016,1328,3455,2,7200,1.38437047757
583252,584713,588313,1461,3600,2,7200,1.40583333333
583358,584805,588076,1447,3271,2,7200,1.44237236319
583435,585051,589165,1616,4114,2,7200,1.39280505591
583598,585072,588028,1474,2956,2,7200,1.49864682003
583620,585081,588235,1461,3154,2,7200,1.46322130628
583648,585180,588669,1532,3489,2,7200,1.43909429636
583679,585194,588601,1515,3407,2,7200,1.44467273261
583698,585365,588735,1667,3370,2,7200,1.49465875371
583732,585482,589110,1750,3628,2,7200,1.48235942668
583901,585513,589077,1612,3564,2,7200,1.45230078563
583945,585538,589039,1593,3501,2,7200,1.45501285347
583961,585572,588866,1611,3294,2,7200,1.48907103825
583962,585579,588717,1617,3138,2,7200,1.51529636711
584009,585616,588878,1607,3262,2,7200,1.49264255058
584024,585625,588897,1601,3272,2,7200,1.48930317848
584074,585660,588746,1586,3086,2,7200,1.51393389501
584096,585764,589228,1668,3464,2,7200,1.48152424942
584172,585860,589095,1688,3235,2,7200,1.52179289026
584216,585903,589327,1687,3424,2,7200,1.49269859813
584274,585928,589630,1654,3702,2,7200,1.44678552134
584299,585983,589221,1684,3238,2,7200,1.52007411983
584488,586027,589225,1539,3198,2,7200,1.48123827392
584547,586092,589555,1545,3463,2,7200,1.44614496102
584703,586118,589672,1415,3554,2,7200,1.39814293754
584791,586153,589634,1362,3481,2,7200,1.39126687733
585039,586200,589656,1161,3456,2,7200,1.3359375
585061,586438,589836,1377,3398,2,7200,1.40523837552
585076,586451,589758,1375,3307,2,7200,1.41578469912
585169,586599,589910,1430,3311,2,7200,1.43189368771
585185,586888,590415,1703,3527,2,7200,1.48284661185
585226,601297,774122,16071,172825,2,172800,1.09299001881
585323,601526,774367,16203,172841,2,172800,1.09374511835
585351,586908,590147,1557,3239,2,7200,1.48070392096
585469,587006,590453,1537,3447,2,7200,1.44589498114
585500,587015,590379,1515,3364,2,7200,1.45035671819
585524,587177,590610,1653,3433,2,7200,1.48150305855
585540,601762,774612,16222,172850,2,172800,1.0938501591
585559,587188,590860,1629,3672,2,7200,1.44362745098
585574,587200,590793,1626,3593,2,7200,1.45254661842
585602,587236,590501,1634,3265,2,7200,1.50045941807
585618,587269,590688,1651,3419,2,7200,1.48288973384
585646,587314,590945,1668,3631,2,7200,1.45937758193
585700,601859,774700,16159,172841,2,172800,1.09349054912
585751,587342,590697,1591,3355,2,7200,1.47421758569
585841,601949,774757,16108,172808,2,172800,1.09321327716
585846,587387,590833,1541,3446,2,7200,1.44718514219
585890,587397,590555,1507,3158,2,7200,1.47720075997
585915,587448,590795,1533,3347,2,7200,1.45802210935
585921,602079,774904,16158,172825,2,172800,1.0934934182
585970,587553,590976,1583,3423,2,7200,1.46245983056
586014,587591,590863,1577,3272,2,7200,1.48196821516
586048,602433,717521,16385,115088,2,172800,1.14236931739
586081,587639,590820,1558,3181,2,7200,1.48978308708
586106,587681,591239,1575,3558,2,7200,1.44266441821
586140,587701,591282,1561,3581,2,7200,1.43591175649
586150,602659,766102,16509,163443,2,172800,1.10100769075
586187,587726,591085,1539,3359,2,7200,1.45817207502
586424,587735,591315,1311,3580,2,7200,1.36620111732
586440,587840,591235,1400,3395,2,7200,1.41237113402
586586,588030,591612,1444,3582,2,7200,1.40312674484
586875,588044,591284,1169,3240,2,7200,1.36080246914
586897,588091,591337,1194,3246,2,7200,1.36783733826
586992,588249,591783,1257,3534,2,7200,1.35568760611
587008,588337,591803,1329,3466,2,7200,1.38343912291
587165,588615,591918,1450,3303,2,7200,1.43899485316
587181,588683,592101,1502,3418,2,7200,1.43943826799
587196,588733,592148,1537,3415,2,7200,1.45007320644
587224,588749,592041,1525,3292,2,7200,1.46324422843
587255,588760,592224,1505,3464,2,7200,1.43446882217
587302,588880,592188,1578,3308,2,7200,1.47702539299
587329,588891,592498,1562,3607,2,7200,1.43304685334
587376,588911,592353,1535,3442,2,7200,1.4459616502
587377,589054,592292,1677,3238,2,7200,1.51791229154
587436,589092,592514,1656,3422,2,7200,1.48392752776
587540,589109,592574,1569,3465,2,7200,1.45281385281
587577,589123,592314,1546,3191,2,7200,1.48448762144
587627,589180,592761,1553,3581,2,7200,1.43367774365
587670,589236,592744,1566,3508,2,7200,1.44640820981
587689,589243,592624,1554,3381,2,7200,1.45962732919
587713,589249,592702,1536,3453,2,7200,1.4448305821
587729,589341,593045,1612,3704,2,7200,1.43520518359
587827,589568,593035,1741,3467,2,7200,1.50216325353
588016,589644,592770,1628,3126,2,7200,1.52079334613
588032,589653,593182,1621,3529,2,7200,1.45933692264
588078,589670,593237,1592,3567,2,7200,1.44631342865
588236,589686,593035,1450,3349,2,7200,1.4329650642
588316,589774,593224,1458,3450,2,7200,1.42260869565
588602,589852,593141,1250,3289,2,7200,1.38005472788
588670,589924,593377,1254,3453,2,7200,1.36316246742
588720,590162,593302,1442,3140,2,7200,1.45923566879
588735,590393,593647,1658,3254,2,7200,1.50952673632
588751,590429,593673,1678,3244,2,7200,1.51726263872
588867,590466,593837,1599,3371,2,7200,1.47433995847
588882,590516,593960,1634,3444,2,7200,1.47444831591
588898,590570,593905,1672,3335,2,7200,1.50134932534
589041,590624,594126,1583,3502,2,7200,1.45202741291
589079,590702,594165,1623,3463,2,7200,1.46866878429
589097,590710,594165,1613,3455,2,7200,1.46685962373
589113,590807,594320,1694,3513,2,7200,1.48220893823
589166,590816,594528,1650,3712,2,7200,1.44450431034
589225,590832,593952,1607,3120,2,7200,1.51506410256
589226,590847,594498,1621,3651,2,7200,1.44398794851
589242,590876,594285,1634,3409,2,7200,1.47931944852
589328,590885,593983,1557,3098,2,7200,1.50258231117
589557,590961,594178,1404,3217,2,7200,1.43643145788
589631,590990,594317,1359,3327,2,7200,1.4084761046
589647,591099,594392,1452,3293,2,7200,1.44093531734
589663,591195,594735,1532,3540,2,7200,1.43276836158
589678,591200,594423,1522,3223,2,7200,1.47223084083
589762,591210,594375,1448,3165,2,7200,1.45750394945
589838,591220,594713,1382,3493,2,7200,1.39564843974
589912,591248,594333,1336,3085,2,7200,1.43306320908
590147,591257,594797,1110,3540,2,7200,1.31355932203
590381,591297,594905,916,3608,2,7200,1.25388026608
590415,591306,594734,891,3428,2,7200,1.25991831972
590455,591329,594606,874,3277,2,7200,1.26670735429
590505,591351,594644,846,3293,2,7200,1.25690859399
590557,591626,595099,1069,3473,2,7200,1.30780305212
590612,591797,595313,1185,3516,2,7200,1.33703071672
590689,591817,594948,1128,3131,2,7200,1.36026828489
590705,591933,595354,1228,3421,2,7200,1.35895936861
590794,592056,595387,1262,3331,2,7200,1.37886520564
590809,592114,595676,1305,3562,2,7200,1.36636720943
590825,592162,595490,1337,3328,2,7200,1.40174278846
590841,592184,595968,1343,3784,2,7200,1.3549154334
590863,592189,595743,1326,3554,2,7200,1.37310073157
590864,592202,595323,1338,3121,2,7200,1.4287087472
590947,592238,595920,1291,3682,2,7200,1.35062466051
590976,592307,595320,1331,3013,2,7200,1.44175240624
591086,592328,595653,1242,3325,2,7200,1.37353383459
591237,592367,595751,1130,3384,2,7200,1.33392434988
591253,592513,595787,1260,3274,2,7200,1.38485033598
591284,592528,596042,1244,3514,2,7200,1.35401252134
591285,592589,596050,1304,3461,2,7200,1.37676971973
591317,592638,595852,1321,3214,2,7200,1.41101431238
591338,592716,596202,1378,3486,2,7200,1.39529546758
591612,592758,596447,1146,3689,2,7200,1.31065329358
591785,592775,596405,990,3630,2,7200,1.27272727273
591803,592784,596351,981,3567,2,7200,1.27502102607
591920,593052,596563,1132,3511,2,7200,1.32241526631
592043,593057,596445,1014,3388,2,7200,1.29929161747
592102,593066,596472,964,3406,2,7200,1.28302994715
592151,593155,596643,1004,3488,2,7200,1.2878440367
592191,593196,596776,1005,3580,2,7200,1.28072625698
592226,593238,596509,1012,3271,2,7200,1.30938550902
592293,593249,596468,956,3219,2,7200,1.29698664181
592315,593317,597117,1002,3800,2,7200,1.26368421053
592356,593392,596626,1036,3234,2,7200,1.32034632035
592500,593663,596856,1163,3193,2,7200,1.36423426245
592516,593687,597358,1171,3671,2,7200,1.31898665214
592577,593850,597211,1273,3361,2,7200,1.37875632252
592627,593921,597235,1294,3314,2,7200,1.39046469523
592704,593967,597282,1263,3315,2,7200,1.38099547511
592745,593976,597436,1231,3460,2,7200,1.35578034682
592764,593997,597533,1233,3536,2,7200,1.34869909502
592779,594140,597463,1361,3323,2,7200,1.40956966596
593035,594179,597854,1144,3675,2,7200,1.31129251701
593036,594185,597739,1149,3554,2,7200,1.32329769274
593052,594194,597495,1142,3301,2,7200,1.34595577098
593141,594300,597706,1159,3406,2,7200,1.34028185555
593184,594330,597995,1146,3665,2,7200,1.31268758527
593225,594339,597637,1114,3298,2,7200,1.33778047301
593240,594348,597582,1108,3234,2,7200,1.34260977118
593305,594389,597804,1084,3415,2,7200,1.31742313324
593379,594406,597747,1027,3341,2,7200,1.30739299611
593649,594437,598288,788,3851,2,7200,1.20462217606
593675,594512,597952,837,3440,2,7200,1.24331395349
593731,610741,610872,17010,131,2,86400,130.847328244
593840,594543,597970,703,3427,2,7200,1.20513568719
593907,594621,597982,714,3361,2,7200,1.21243677477
593954,594658,597952,704,3294,2,7200,1.21372191864
593970,594727,598211,757,3484,2,7200,1.21727898967
593985,594748,598299,763,3551,2,7200,1.21486905097
594071,611073,612089,17002,1016,2,86400,17.7342519685
594127,594753,598079,626,3326,2,7200,1.18821407096
594167,594811,598314,644,3503,2,7200,1.18384242078
594169,594919,598085,750,3166,2,7200,1.23689197726
594184,594962,598474,778,3512,2,7200,1.2215261959
594287,595114,598511,827,3397,2,7200,1.24345010303
594318,595327,598771,1009,3444,2,7200,1.29297328688
594334,595336,598589,1002,3253,2,7200,1.30802336305
594335,595345,598646,1010,3301,2,7200,1.30596788852
594376,595368,598579,992,3211,2,7200,1.30893802554
594395,595400,598880,1005,3480,2,7200,1.28879310345
594423,595506,598794,1083,3288,2,7200,1.32937956204
594500,595669,598982,1169,3313,2,7200,1.35285239964
594531,595690,598832,1159,3142,2,7200,1.36887332909
594608,595757,599111,1149,3354,2,7200,1.34257602862
594645,595766,599576,1121,3810,2,7200,1.29422572178
594713,595803,599068,1090,3265,2,7200,1.33384379786
594735,595866,599129,1131,3263,2,7200,1.34661354582
594737,595935,599262,1198,3327,2,7200,1.3600841599
594798,595982,599158,1184,3176,2,7200,1.37279596977
594906,596057,599344,1151,3287,2,7200,1.35016732583
594950,596066,599421,1116,3355,2,7200,1.33263785395
595099,596218,599679,1119,3461,2,7200,1.32331696042
595315,596366,599676,1051,3310,2,7200,1.31752265861
595331,596419,599548,1088,3129,2,7200,1.3477149249
595332,596459,599894,1127,3435,2,7200,1.32809315866
595354,596468,599975,1114,3507,2,7200,1.31765041346
595388,596483,599620,1095,3137,2,7200,1.34905961109
595493,596492,599975,999,3483,2,7200,1.28682170543
595656,596524,599573,868,3049,2,7200,1.28468350279
595678,596579,600235,901,3656,2,7200,1.24644420131
595746,596640,600219,894,3579,2,7200,1.24979044426
595761,596656,600137,895,3481,2,7200,1.25711002585
595789,596792,600099,1003,3307,2,7200,1.30329603871
595854,596872,600239,1018,3367,2,7200,1.30234630235
595922,597132,600554,1210,3422,2,7200,1.35359438925
595969,597228,600354,1259,3126,2,7200,1.40275111964
596043,597248,600481,1205,3233,2,7200,1.37271883699
596058,597295,600534,1237,3239,2,7200,1.3819079963
596205,597373,600513,1168,3140,2,7200,1.37197452229
596355,597449,600855,1094,3406,2,7200,1.32119788608
596407,597478,600567,1071,3089,2,7200,1.34671414697
596448,597510,600680,1062,3170,2,7200,1.33501577287
596449,597547,601233,1098,3686,2,7200,1.29788388497
596472,597596,601023,1124,3427,2,7200,1.32798365918
596473,597652,601222,1179,3570,2,7200,1.33025210084
596510,597720,601299,1210,3579,2,7200,1.33808326348
596566,597754,601159,1188,3405,2,7200,1.34889867841
596628,597763,601338,1135,3575,2,7200,1.31748251748
596644,597819,601282,1175,3463,2,7200,1.33930118394
596779,597870,601231,1091,3361,2,7200,1.32460577209
596859,597966,601239,1107,3273,2,7200,1.33822181485
597119,597971,601188,852,3217,2,7200,1.26484302145
597215,597983,601341,768,3358,2,7200,1.22870756403
597237,597996,601386,759,3390,2,7200,1.22389380531
597283,598009,601598,726,3589,2,7200,1.20228475899
597362,598093,601395,731,3302,2,7200,1.22138098122
597436,598102,601546,666,3444,2,7200,1.19337979094
597467,598225,601512,758,3287,2,7200,1.23060541527
597498,598276,601936,778,3660,2,7200,1.21256830601
597535,598281,602067,746,3786,2,7200,1.1970417327
597584,598291,601387,707,3096,2,7200,1.22835917313
597640,598296,601748,656,3452,2,7200,1.19003476246
597708,598314,601842,606,3528,2,7200,1.17176870748
597742,598328,601851,586,3523,2,7200,1.16633550951
597758,598488,601782,730,3294,2,7200,1.22161505768
597805,598525,602058,720,3533,2,7200,1.20379281064
597857,598593,601802,736,3209,2,7200,1.22935493923
597953,598603,601842,650,3239,2,7200,1.20067922198
597954,598660,602046,706,3386,2,7200,1.20850561134
597973,598787,602153,814,3366,2,7200,1.24183006536
597989,598809,602269,820,3460,2,7200,1.23699421965
598004,598895,602219,891,3324,2,7200,1.26805054152
598081,598997,602343,916,3346,2,7200,1.27375971309
598097,599082,602475,985,3393,2,7200,1.29030356617
598213,599125,602419,912,3294,2,7200,1.27686703097
598290,599142,602642,852,3500,2,7200,1.24342857143
598306,599172,602963,866,3791,2,7200,1.22843576893
598321,599276,602612,955,3336,2,7200,1.28627098321
598475,599360,602398,885,3038,2,7200,1.29131007242
598512,599436,603105,924,3669,2,7200,1.25183973835
598580,599562,603113,982,3551,2,7200,1.27654181921
598596,599587,603195,991,3608,2,7200,1.27466740576
598648,599596,603063,948,3467,2,7200,1.27343524661
598773,599633,603017,860,3384,2,7200,1.25413711584
598795,599693,603449,898,3756,2,7200,1.23908413206
598833,599698,603037,865,3339,2,7200,1.25905959868
598883,599907,603125,1024,3218,2,7200,1.31821006837
598984,599988,603426,1004,3438,2,7200,1.29203025015
599069,599993,603414,924,3421,2,7200,1.27009646302
599113,600113,604640,1000,4527,2,7200,1.22089684118
599132,600152,603523,1020,3371,2,7200,1.30258083655
599160,600234,603336,1074,3102,2,7200,1.34622823985
599264,600250,603687,986,3437,2,7200,1.28687809136
599347,600260,603626,913,3366,2,7200,1.27124183007
599424,600368,603782,944,3414,2,7200,1.27650849443
599549,600495,603939,946,3444,2,7200,1.27468060395
599574,600526,603675,952,3149,2,7200,1.30231819625
599590,600549,604019,959,3470,2,7200,1.27636887608
599621,600568,603779,947,3211,2,7200,1.29492369978
599680,600584,603635,904,3051,2,7200,1.2962962963
599681,600693,604080,1012,3387,2,7200,1.29878948922
599895,600868,604299,973,3431,2,7200,1.28359078986
599975,601036,604691,1061,3655,2,7200,1.2902872777
599976,601173,604678,1197,3505,2,7200,1.34151212553
600099,601202,604595,1103,3393,2,7200,1.32508104922
600139,601235,604796,1096,3561,2,7200,1.30777871384
600222,601244,604952,1022,3708,2,7200,1.27562028047
600238,601253,604442,1015,3189,2,7200,1.31828159298
600254,601258,604464,1004,3206,2,7200,1.31316281971
600355,601314,604961,959,3647,2,7200,1.26295585413
600484,601352,604973,868,3621,2,7200,1.23971278652
600515,601361,604707,846,3346,2,7200,1.252839211
600536,601411,604892,875,3481,2,7200,1.25136455042
600555,601560,604747,1005,3187,2,7200,1.31534358331
600571,601613,604875,1042,3262,2,7200,1.31943592888
600617,601402,614474,785,13072,4,108000,1.06005201958
600681,601796,605034,1115,3238,2,7200,1.34434836319
600858,601817,605229,959,3412,2,7200,1.28106682298
601024,601864,605472,840,3608,2,7200,1.23281596452
601160,601873,605220,713,3347,2,7200,1.21302659098
601188,602060,605903,872,3843,2,7200,1.22690606297
601222,602072,605411,850,3339,2,7200,1.2545672357
601239,602168,605769,929,3601,2,7200,1.25798389336
601240,602233,605724,993,3491,2,7200,1.28444571756
601241,602283,605773,1042,3490,2,7200,1.29856733524
601285,602356,605665,1071,3309,2,7200,1.32366273799
601300,602412,605568,1112,3156,2,7200,1.35234474018
601341,602489,605899,1148,3410,2,7200,1.3366568915
601342,602628,606018,1286,3390,2,7200,1.37935103245
601389,602978,606379,1589,3401,2,7200,1.46721552485
601390,603031,606150,1641,3119,2,7200,1.52613016993
601406,603051,606443,1645,3392,2,7200,1.48496462264
601516,603077,606766,1561,3689,2,7200,1.42314990512
601547,603120,606183,1573,3063,2,7200,1.51354880836
601597,603129,606480,1532,3351,2,7200,1.4571769621
601748,603140,606489,1392,3349,2,7200,1.41564646163
601782,603209,606452,1427,3243,2,7200,1.44002466852
601804,603351,607159,1547,3808,2,7200,1.40625
601841,603428,606474,1587,3046,2,7200,1.52101116218
601843,603442,606674,1599,3232,2,7200,1.49474009901
601859,603463,607123,1604,3660,2,7200,1.43825136612
601936,603537,607152,1601,3615,2,7200,1.4428769018
602047,603640,606991,1593,3351,2,7200,1.47538048344
602062,603648,606665,1586,3017,2,7200,1.52568776931
602078,603690,606644,1612,2954,2,7200,1.54570074475
602155,603700,607297,1545,3597,2,7200,1.42952460384
602220,603793,607416,1573,3623,2,7200,1.43417057687
602269,603801,607205,1532,3404,2,7200,1.45005875441
602343,603952,607556,1609,3604,2,7200,1.44644839068
602399,604034,607261,1635,3227,2,7200,1.50666253486
602421,604094,607666,1673,3572,2,7200,1.46836506159
602476,604312,607558,1836,3246,2,7200,1.56561922366
602614,604456,607876,1842,3420,2,7200,1.53859649123
602645,604477,607901,1832,3424,2,7200,1.53504672897
602964,604610,608209,1646,3599,2,7200,1.45734926368
603017,604654,608016,1637,3362,2,7200,1.48691255205
603039,604694,608007,1655,3313,2,7200,1.49954723815
603064,604705,608106,1641,3401,2,7200,1.48250514555
603107,604720,607987,1613,3267,2,7200,1.49372513009
603122,604761,608246,1639,3485,2,7200,1.47030129125
603138,604811,608118,1673,3307,2,7200,1.50589658301
603197,604891,608276,1694,3385,2,7200,1.50044313146
603338,604908,607900,1570,2992,2,7200,1.52473262032
603415,604965,608328,1550,3363,2,7200,1.46089800773
603430,604975,608001,1545,3026,2,7200,1.51057501652
603449,604987,608280,1538,3293,2,7200,1.46705132098
603523,605048,608345,1525,3297,2,7200,1.46254170458
603628,605234,608600,1606,3366,2,7200,1.47712418301
603644,605243,608540,1599,3297,2,7200,1.48498635123
603678,605425,608522,1747,3097,2,7200,1.56409428479
603694,605486,608850,1792,3364,2,7200,1.53269916766
603780,605583,608768,1803,3185,2,7200,1.56609105181
603796,605679,609187,1883,3508,2,7200,1.53677309008
603804,892860,998517,289056,105657,12,172800,3.73579601919
603940,605739,609046,1799,3307,2,7200,1.54399758089
604020,605783,609237,1763,3454,2,7200,1.51042269832
604082,605792,609093,1710,3301,2,7200,1.51802484096
604301,605913,608947,1612,3034,2,7200,1.5313117996
604444,605921,609132,1477,3211,2,7200,1.45998131423
604463,606032,609536,1569,3504,2,7200,1.4477739726
604598,606165,609683,1567,3518,2,7200,1.4454235361
604641,606199,609754,1558,3555,2,7200,1.4382559775
604681,606393,609694,1712,3301,2,7200,1.51863071796
604697,606457,610335,1760,3878,2,7200,1.45384218669
604712,606466,610025,1754,3559,2,7200,1.49283506603
604750,606489,609890,1739,3401,2,7200,1.51132019994
604799,606497,610000,1698,3503,2,7200,1.48472737653
