SubmitTime,StartTime,EndTime,QueuedTime,RunTime,NodesRequested,walltime,bslowdown
8722,14543,14551,5821,8,1,3600,582.9
12299,14550,14558,2251,8,1,1800,225.9
12816,14561,14661,1745,100,1,3600,18.45
14659,14665,14796,6,131,1,3600,1.04580152672
14725,14731,14814,6,83,1,1800,1.07228915663
14778,14806,15101,28,295,1,3600,1.09491525424
14928,14935,15249,7,314,1,3600,1.02229299363
15053,15111,15212,58,101,1,1800,1.57425742574
15394,23941,24479,8547,538,1,3600,16.8866171004
15479,23954,24599,8475,645,1,3600,14.1395348837
15725,24489,24874,8764,385,1,1800,23.7636363636
18763,43179,76986,24416,33807,4,172800,1.72221729228
25134,26520,26527,1386,7,1,3600,139.3
25519,26537,26543,1018,6,1,1800,102.4
26633,26639,26736,6,97,1,3600,1.0618556701
26708,26746,26790,38,44,1,1800,1.86363636364
26859,26865,27157,6,292,1,3600,1.02054794521
27024,27030,27114,6,84,1,1800,1.07142857143
27438,27445,27980,7,535,1,3600,1.01308411215
27732,27738,27995,6,257,1,1800,1.0233463035
28418,28424,30022,6,1598,4,3540,1.00375469337
29278,172804,460854,143526,288050,2,288000,1.49826766186
29284,183432,471456,154148,288024,2,288000,1.53519151182
34553,94797,195634,60244,100837,2,100800,1.59743943195
34778,125713,224758,90935,99045,2,99000,1.91811802716
43838,43844,60080,6,16236,4,16200,1.00036954915
52494,173541,183415,121047,9874,8,324000,13.2591654851
53109,77003,77309,23894,306,4,86400,79.0849673203
55850,71866,72812,16016,946,5,900,17.9302325581
57931,375880,663926,317949,288046,2,288000,2.10381327982
62598,148214,293432,85616,145218,18,198000,1.58956878624
73514,73520,73522,6,2,2,3540,1.0
80037,80044,87257,7,7213,32,7200,1.00097046998
80712,87268,89773,6556,2505,32,3600,3.61716566866
81528,172734,172735,91206,1,5,180600,9120.7
81716,82937,83921,1221,984,4,10800,2.24085365854
81716,81722,84241,6,2519,4,10800,1.00238189758
81716,81728,82924,12,1196,4,10800,1.01003344482
81717,84253,85439,2536,1186,4,10800,3.13827993255
81717,83934,84937,2217,1003,4,10800,3.21036889332
81717,84949,86060,3232,1111,4,10800,3.90909090909
81717,85450,86602,3733,1152,4,10800,4.24045138889
81734,172747,172748,91013,1,5,180600,9101.4
81799,172762,172763,90963,1,5,180600,9096.4
81853,172774,172775,90921,1,5,180600,9092.2
81863,172786,172787,90923,1,5,180600,9092.4
81920,89784,90022,7864,238,32,7200,34.0420168067
81921,90286,90537,8365,251,32,7200,34.3266932271
81921,90549,90767,8628,218,32,7200,40.5779816514
81921,90033,90274,8112,241,32,7200,34.6597510373
84416,91406,93456,6990,2050,32,7200,4.40975609756
84416,90778,92706,6362,1928,32,7200,4.29979253112
84417,92718,94394,8301,1676,32,7200,5.95286396181
84494,84501,84513,7,12,14,86400,1.58333333333
84701,84708,88749,7,4041,14,86400,1.00173224449
84812,84818,88090,6,3272,14,86400,1.00183374083
85531,85538,145801,7,60263,14,129600,1.00011615751
85575,85581,145559,6,59978,14,129600,1.00010003668
85716,85722,146091,6,60369,14,129600,1.00009938876
85730,88102,148894,2372,60792,14,129600,1.03901829188
85756,88760,150733,3004,61973,14,129600,1.04847272199
85801,91412,91415,5611,3,14,129600,561.4
85822,91426,152406,5604,60980,14,129600,1.09189898327
86071,145570,225219,59499,79649,14,129600,1.74701502844
86090,145812,206653,59722,60841,14,129600,1.98160779737
86114,146102,206713,59988,60611,14,129600,1.98972133771
86628,148905,169130,62277,20225,14,86400,4.07920889988
86696,150746,170895,64050,20149,14,86400,4.17881780734
86710,152418,172721,65708,20303,14,86400,4.23636900951
86723,169141,189313,82418,20172,14,86400,5.08576244299
86735,170908,191450,84173,20542,14,86400,5.09760490702
87696,87703,87857,7,154,1,1800,1.04545454545
88498,88504,89462,6,958,1,14400,1.00626304802
88601,93467,93773,4866,306,4,86400,16.9019607843
91512,178680,346519,87168,167839,10,172800,1.51935485793
91523,178685,346349,87162,167664,10,172800,1.51986115087
95082,95089,95096,7,7,1,3600,1.4
95201,95207,95334,6,127,1,3600,1.04724409449
95458,95464,95762,6,298,1,3600,1.02013422819
95985,95992,96616,7,624,1,3600,1.01121794872
96074,119113,723921,23039,604808,3,604800,1.03809308078
96087,172799,777640,76712,604841,3,604800,1.1268300264
97135,97141,97147,6,6,1,3600,1.2
97253,97260,97353,7,93,1,3600,1.0752688172
97478,97484,97767,6,283,1,3600,1.02120141343
98046,98053,98588,7,535,1,3600,1.01308411215
98646,98653,98660,7,7,1,1800,1.4
98820,98826,98902,6,76,1,1800,1.07894736842
99129,99135,99227,6,92,1,1800,1.0652173913
99710,99716,100081,6,365,1,1800,1.01643835616
100279,103141,227801,2862,124660,4,172800,1.02295844698
100701,100707,100713,6,6,1,1800,1.2
100877,100883,100921,6,38,1,1800,1.15789473684
101152,101158,101232,6,74,1,1800,1.08108108108
101459,281958,886782,180499,604824,3,604800,1.29843227121
101481,284450,889262,182969,604812,3,604800,1.30252210604
101846,101853,102096,7,243,1,1800,1.02880658436
106592,106598,106643,6,45,1,1800,1.13333333333
106622,106628,106670,6,42,1,1800,1.14285714286
106679,106685,106739,6,54,1,1800,1.11111111111
106895,106902,106968,7,66,1,1800,1.10606060606
107020,107026,107165,6,139,1,1800,1.04316546763
107383,107389,107626,6,237,1,1800,1.0253164557
108092,108098,108102,6,4,1,3600,1.0
111647,111654,115286,7,3632,1,3600,1.00192731278
115127,169208,169228,54081,20,32,86400,2705.05
115153,115159,115188,6,29,32,10800,1.20689655172
115234,115240,115508,6,268,32,10500,1.0223880597
115566,115572,115590,6,18,32,10380,1.33333333333
115796,115802,115820,6,18,32,10140,1.33333333333
115871,115878,115895,7,17,32,9900,1.41176470588
115949,115955,125701,6,9746,32,9900,1.00061563718
117085,196157,199593,79072,3436,2,14400,24.0128055879
117341,178690,201726,61349,23036,12,86400,3.66317937142
117775,196162,199788,78387,3626,2,14400,22.6180364038
118050,196167,199847,78117,3680,2,14400,22.2274456522
118981,169239,171418,50258,2179,32,7200,24.0647085819
118981,169213,170925,50232,1712,32,7200,30.3411214953
118982,171429,173519,52447,2090,32,7200,26.0942583732
118982,170937,172744,51955,1807,32,7200,29.7520752629
119552,196173,203358,76621,7185,2,14400,11.6640222686
119825,196180,203413,76355,7233,2,14400,11.556477257
120055,196185,199296,76130,3111,2,14400,25.4712311154
120087,128569,302720,8482,174151,4,216000,1.04870485958
120108,120125,123741,17,3616,1,3600,1.00470132743
120108,120132,121094,24,962,1,3600,1.02494802495
120108,120120,122757,12,2637,1,3600,1.00455062571
120108,120114,120946,6,832,1,3600,1.00721153846
120109,120143,123760,34,3617,1,3600,1.00940005529
120109,120137,121196,28,1059,1,3600,1.02644003777
120110,120154,123683,44,3529,1,3600,1.01246812128
120110,120148,121606,38,1458,1,3600,1.02606310014
120110,120159,123777,49,3618,1,3600,1.01354339414
120111,120176,123785,65,3609,1,3600,1.01801052923
120111,120165,121052,54,887,1,3600,1.06087936866
120111,120170,122035,59,1865,1,3600,1.03163538874
120112,120181,121239,69,1058,1,3600,1.0652173913
120112,120187,121237,75,1050,1,3600,1.07142857143
120112,120192,120243,80,51,1,3600,2.56862745098
120113,120198,120278,85,80,1,3600,2.0625
120113,120208,120239,95,31,1,3600,4.06451612903
120113,120203,120340,90,137,1,3600,1.65693430657
120114,120219,120322,105,103,1,3600,2.01941747573
120114,120214,120259,100,45,1,3600,3.22222222222
120114,120225,120257,111,32,1,3600,4.46875
120115,120230,120302,115,72,1,3600,2.59722222222
120115,120247,120300,132,53,1,3600,3.49056603774
120115,120241,120268,126,27,1,3600,5.66666666667
120115,120236,120340,121,104,1,3600,2.16346153846
120116,120252,120364,136,112,1,3600,2.21428571429
120116,120263,120307,147,44,1,3600,4.34090909091
120116,120258,120303,142,45,1,3600,4.15555555556
120121,120269,123896,148,3627,1,3600,1.04080507306
120122,120280,123900,158,3620,1,3600,1.04364640884
120122,120285,123900,163,3615,1,3600,1.04508990318
120122,120274,122504,152,2230,1,3600,1.06816143498
120123,120337,123977,214,3640,1,3600,1.05879120879
120123,120296,123906,173,3610,1,3600,1.04792243767
120123,120291,121249,168,958,1,3600,1.17536534447
120124,120342,120741,218,399,1,3600,1.54636591479
120124,120353,120365,229,12,1,3600,20.0833333333
120124,120347,120383,223,36,1,3600,7.19444444444
120125,120370,123976,245,3606,1,3600,1.06794231836
120125,120358,123985,233,3627,1,3600,1.06424041908
120125,120365,124007,240,3642,1,3600,1.06589785832
120126,120308,121117,182,809,1,3600,1.22496909765
120126,120303,123925,177,3622,1,3600,1.04886802871
120126,120314,123940,188,3626,1,3600,1.05184776613
120127,120319,123954,192,3635,1,3600,1.05281980743
120127,120330,120355,203,25,1,3600,9.12
120127,120324,120501,197,177,1,3600,2.11299435028
120128,120377,120388,249,11,1,3600,23.6363636364
120412,172755,178668,52343,5913,32,14400,9.85219008963
126272,126284,126488,12,204,64,1800,1.05882352941
127371,183427,183439,56056,12,6,604800,4672.33333333
127439,183451,183462,56012,11,6,604800,5093.0
127938,127944,128326,6,382,64,1800,1.01570680628
128334,128813,317551,479,188738,4,216000,1.00253790969
128442,196191,214628,67749,18437,2,43200,4.67462168466
131115,131121,131490,6,369,64,1800,1.0162601626
131969,131975,132189,6,214,64,1800,1.02803738318
132010,173546,174322,41536,776,1,3600,54.5257731959
132010,174334,177115,42324,2781,1,3600,16.2189859763
132010,177128,178238,45118,1110,1,3600,41.6468468468
132011,184704,185609,52693,905,1,3600,59.2243093923
132011,181054,184693,49043,3639,1,3600,14.4770541358
132011,178249,179320,46238,1071,1,3600,44.172735761
132011,179331,181043,47320,1712,1,3600,28.6401869159
132012,185620,187797,53608,2177,1,3600,25.6247129077
132183,188781,189182,56598,401,1,3600,142.142144638
132183,187808,188770,55625,962,1,3600,58.8222453222
132183,189193,189229,57010,36,1,3600,1584.61111111
132184,189264,190452,57080,1188,1,3600,49.0471380471
132184,190463,190661,58279,198,1,3600,295.338383838
132184,190673,190718,58489,45,1,3600,1300.75555556
132184,189240,189253,57056,13,1,3600,4389.92307692
132184,190730,190747,58546,17,1,3600,3444.88235294
132268,190758,205173,58490,14415,1,14400,5.05757891086
132268,199652,201879,67384,2227,1,14400,31.2577458464
132269,199805,212016,67536,12211,1,14400,6.53075096225
132269,199658,212016,67389,12358,1,14400,6.45306683929
132269,199799,212016,67530,12217,1,14400,6.52754358681
132269,199791,212016,67522,12225,1,14400,6.52327198364
132270,199855,212016,67585,12161,1,14400,6.55751994079
132270,199867,212016,67597,12149,1,14400,6.56399703679
132270,201890,212016,69620,10126,1,14400,7.87537033379
132270,199862,202667,67592,2805,1,14400,25.096969697
132270,202016,212016,69746,10000,1,14400,7.9746
132271,202022,212016,69751,9994,1,14400,7.97928757254
132309,132316,132515,7,199,64,1800,1.0351758794
132672,132679,132718,7,39,64,1800,1.17948717949
132775,196151,231088,63376,34937,12,86400,2.81400807167
133008,133014,134006,6,992,64,1800,1.0060483871
133405,149207,149378,15802,171,4,3600,93.4093567251
134016,134918,136164,902,1246,64,1800,1.72391653291
134828,195646,264075,60818,68429,2,68400,1.88877522688
138150,138158,138188,8,30,64,1800,1.26666666667
138905,138911,138985,6,74,64,3600,1.08108108108
139168,139174,139571,6,397,64,3600,1.01511335013
140849,140855,141088,6,233,64,3600,1.02575107296
141868,159184,267188,17316,108004,4,108000,1.16032739528
145226,183473,560839,38247,377366,6,604800,1.10135253308
145278,236911,427589,91633,190678,6,604800,1.48056409234
145280,145285,145529,5,244,64,1800,1.02049180328
145313,240086,240099,94773,13,6,604800,7291.23076923
145556,149388,157877,3832,8489,4,43200,1.45140770409
145574,145580,146029,6,449,64,1800,1.01336302895
146780,146786,146879,6,93,64,1800,1.06451612903
147210,147216,147453,6,237,64,1800,1.0253164557
147852,147858,148094,6,236,64,1800,1.02542372881
151447,157889,159174,6442,1285,4,3600,6.01322957198
156347,156353,156572,6,219,64,1800,1.02739726027
157456,157462,157684,6,222,64,1800,1.02702702703
168204,168211,168433,7,222,64,1800,1.03153153153
181468,196196,196204,14728,8,1,3600,1473.6
185050,196201,196209,11151,8,1,1800,1115.9
196309,196315,196442,6,127,1,3600,1.04724409449
196366,196372,196452,6,80,1,1800,1.075
196572,196578,196878,6,300,1,3600,1.02
196691,196697,196787,6,90,1,1800,1.06666666667
197113,197120,197749,7,629,1,3600,1.01112877583
197289,197296,197664,7,368,1,1800,1.01902173913
198257,198263,198270,6,7,1,3600,1.3
198333,198340,198346,7,6,1,1800,1.3
198377,198384,198475,7,91,1,3600,1.07692307692
198511,198518,198561,7,43,1,1800,1.16279069767
198605,198611,198904,6,293,1,3600,1.0204778157
198801,198808,198884,7,76,1,1800,1.09210526316
199191,199197,199845,6,648,1,3600,1.00925925926
199482,199488,202004,6,2516,4,3000,1.00238473768
199513,199520,199781,7,261,1,1800,1.02681992337
199646,214293,215397,14647,1104,32,86400,14.2672101449
203466,203472,203578,6,106,1,900,1.05660377358
203651,203657,204226,6,569,8,3600,1.01054481547
203726,203734,214563,8,10829,8,10800,1.00073875704
203794,204239,206623,445,2384,8,3600,1.18666107383
204053,204060,204164,7,104,1,900,1.06730769231
204209,214575,216663,10366,2088,8,36000,5.96455938697
204694,204700,204702,6,2,2,300,1.0
205059,205066,205068,7,2,2,300,1.0
205163,205170,205171,7,1,2,300,1.0
205312,205319,205321,7,2,2,300,1.0
205421,205428,205429,7,1,2,300,1.0
207020,271582,806637,64562,535055,6,604800,1.12066423078
207046,271590,804426,64544,532836,6,604800,1.12113295648
207573,216675,222400,9102,5725,8,10800,2.58986899563
209569,215408,375492,5839,160084,30,604800,1.03647460083
209714,209721,211538,7,1817,10,1800,1.00385250413
210886,231532,240061,20646,8529,4,72000,3.42068237777
211699,211707,212991,8,1284,4,3600,1.0062305296
211721,211727,212332,6,605,10,600,1.00991735537
212036,212042,214381,6,2339,5,14400,1.0025651988
212037,212054,215053,17,2999,5,14400,1.00566855619
212037,212059,223104,22,11045,5,14400,1.00199185152
212038,212065,223554,27,11489,5,14400,1.00235007398
212039,212070,222352,31,10282,5,14400,1.00301497763
212039,212075,223329,36,11254,5,14400,1.00319886263
212040,212080,223285,40,11205,5,14400,1.0035698349
212040,212086,223078,46,10992,5,14400,1.00418486172
212041,212096,223306,55,11210,5,14400,1.00490633363
212041,212091,223258,50,11167,5,14400,1.00447747828
212042,212102,223804,60,11702,5,14400,1.00512732866
212043,212114,223092,71,10978,5,14400,1.00646748042
212043,212107,223770,64,11663,5,14400,1.00548743891
212056,214640,215340,2584,700,1,3600,4.69142857143
212056,214645,216977,2589,2332,1,3600,2.1102058319
212057,216854,217714,4797,860,1,3600,6.57790697674
212057,215352,216162,3295,810,1,3600,5.06790123457
212057,215636,216842,3579,1206,1,3600,3.96766169154
212057,215641,217120,3584,1479,1,3600,3.42325895876
212057,216174,219618,4117,3444,1,3600,2.19541231127
212058,218141,219123,6083,982,1,3600,7.19450101833
212058,217726,220367,5668,2641,1,3600,3.1461567588
212058,216990,218882,4932,1892,1,3600,3.6067653277
212058,217131,218124,5073,993,1,3600,6.10876132931
212059,218195,219342,6136,1147,1,3600,6.34960767219
212059,218206,221823,6147,3617,1,3600,2.69947470279
212059,218200,219937,6141,1737,1,3600,4.53540587219
212060,218216,220474,6156,2258,1,3600,3.7263064659
212060,218211,219173,6151,962,1,3600,7.39397089397
212211,225291,235715,13080,10424,5,14400,2.25479662318
212212,225296,235180,13084,9884,5,14400,2.32375556455
212212,225302,235823,13090,10521,5,14400,2.24417831005
212213,225307,235911,13094,10604,5,14400,2.23481705017
212214,225312,227053,13098,1741,5,14400,8.52326249282
212349,240110,308555,27761,68445,2,68400,1.4055957338
213682,213689,214281,7,592,16,600,1.01182432432
214106,218190,221807,4084,3617,4,3600,2.12911252419
215629,231100,281940,15471,50840,32,86400,1.30430763179
218378,284455,318430,66077,33975,4,144000,2.94487122884
220471,220477,220824,6,347,10,3600,1.01729106628
220919,221738,223487,819,1749,6,3600,1.46826758148
221442,284445,397164,63003,112719,4,432000,1.55893859953
224164,224171,224443,7,272,1,9000,1.02573529412
224278,224285,224443,7,158,1,12600,1.04430379747
224469,224476,233505,7,9029,1,9000,1.00077527965
224506,224512,229978,6,5466,1,12600,1.00109769484
224611,224618,225656,7,1038,1,12600,1.00674373796
224664,224671,225491,7,820,1,12600,1.00853658537
224735,224742,227855,7,3113,1,12600,1.00224863476
224855,224862,230096,7,5234,2,12600,1.00133740925
224878,224884,235999,6,11115,2,12600,1.00053981107
224945,224951,230474,6,5523,2,12600,1.00108636611
225033,225039,226004,6,965,2,12600,1.00621761658
225089,225096,225917,7,821,2,12600,1.00852618758
225711,225717,228579,6,2862,4,12600,1.00209643606
225780,225786,228703,6,2917,4,12600,1.00205690778
225862,225868,236900,6,11032,4,12600,1.00054387237
225898,225930,231521,32,5591,4,12600,1.00572348417
226102,227816,228787,1714,971,4,12600,2.76519052523
226517,226523,226524,6,1,1,12600,1.0
226960,226966,229942,6,2976,1,12600,1.00201612903
226997,227003,227072,6,69,1,12600,1.08695652174
227356,227363,228573,7,1210,1,12600,1.00578512397
228007,228591,228935,584,344,4,1800,2.6976744186
231334,233517,233519,2183,2,2,300,218.5
233852,233860,234077,8,217,2,600,1.03686635945
234304,234311,234312,7,1,2,300,1.0
236079,281964,285106,45885,3142,12,86400,15.6037555697
236374,264088,265916,27714,1828,8,5400,16.1608315098
236381,236388,236473,7,85,2,300,1.08235294118
236812,236819,237199,7,380,2,600,1.01842105263
236882,283625,284433,46743,808,16,1800,58.8502475248
237003,237009,247530,6,10521,5,14400,1.000570288
237004,237016,247969,12,10953,5,14400,1.00109559025
237005,237027,247743,22,10716,5,14400,1.00205300485
237005,237022,248149,17,11127,5,14400,1.00152781522
237442,281953,283609,44511,1656,16,5400,27.8786231884
237645,237656,248371,11,10715,5,14400,1.00102659823
237645,237651,248380,6,10729,5,14400,1.00055923199
237646,237663,248483,17,10820,5,14400,1.00157116451
237646,248513,259126,10867,10613,5,14400,2.02393291247
237647,248518,259276,10871,10758,5,14400,2.01050381112
237648,248529,258841,10881,10312,5,14400,2.05517843289
237648,248524,259465,10876,10941,5,14400,1.99405904396
237649,248540,259557,10891,11017,5,14400,1.98856312971
237649,248535,259542,10886,11007,5,14400,1.98900699555
237650,248546,259987,10896,11441,5,14400,1.95236430382
237651,257326,268281,19675,10955,5,14400,2.79598356915
237651,259812,270664,22161,10852,5,14400,3.04211205308
237652,259818,270951,22166,11133,5,14400,2.99101769514
237652,259823,270935,22171,11112,5,14400,2.99523038157
237653,259828,271273,22175,11445,5,14400,2.9375273045
237654,259834,270514,22180,10680,5,14400,3.07677902622
237654,259839,270558,22185,10719,5,14400,3.06968933669
237655,262144,272952,24489,10808,5,14400,3.26582161362
237655,261860,272745,24205,10885,5,14400,3.22370234267
237764,237770,237775,6,5,1,600,1.1
237765,237777,237780,12,3,1,600,1.5
237767,237789,237824,22,35,1,600,1.62857142857
237768,237796,237797,28,1,1,600,2.9
237769,237809,237812,40,3,1,600,4.3
237771,237823,237825,52,2,1,600,5.4
237772,237835,237836,63,1,1,600,6.4
237773,237842,237844,69,2,1,600,7.1
237775,237850,237852,75,2,1,600,7.7
237776,237856,237857,80,1,1,600,8.1
237778,237864,237866,86,2,1,600,8.8
237779,237871,237873,92,2,1,600,9.4
237780,237878,237880,98,2,1,600,10.0
237782,237885,237886,103,1,1,600,10.4
237783,237891,237893,108,2,1,600,11.0
237784,237898,237899,114,1,1,600,11.5
237786,237906,237907,120,1,1,600,12.1
237787,237913,237914,126,1,1,600,12.7
237788,237920,237921,132,1,1,600,13.3
237790,237927,237928,137,1,1,600,13.8
237791,237933,237936,142,3,1,600,14.5
237792,237941,237942,149,1,1,600,15.0
237794,237948,237949,154,1,1,600,15.5
237795,237956,237957,161,1,1,600,16.2
237796,237963,237964,167,1,1,600,16.8
237798,237970,237971,172,1,1,600,17.3
237799,237977,237978,178,1,1,600,17.9
237800,237984,237986,184,2,1,600,18.6
237802,237992,237993,190,1,1,600,19.1
237803,237998,238000,195,2,1,600,19.7
237804,238006,238007,202,1,1,600,20.3
237806,238013,238014,207,1,1,600,20.8
237807,238020,238021,213,1,1,600,21.4
237808,238026,238028,218,2,1,600,22.0
237810,238034,238042,224,8,1,600,23.2
237811,238041,238043,230,2,1,600,23.2
237813,238054,238058,241,4,1,600,24.5
237814,238061,238064,247,3,1,600,25.0
237815,238071,238073,256,2,1,600,25.8
237817,238079,238080,262,1,1,600,26.3
237818,238086,238087,268,1,1,600,26.9
237819,238093,238094,274,1,1,600,27.5
237820,238100,238102,280,2,1,600,28.2
237822,238107,238108,285,1,1,600,28.6
237823,238114,238115,291,1,1,600,29.2
237825,238122,238124,297,2,1,600,29.9
237826,238129,238130,303,1,1,600,30.4
237827,238136,238138,309,2,1,600,31.1
237829,238143,238144,314,1,1,600,31.5
237830,238150,238151,320,1,1,600,32.1
237831,238157,238158,326,1,1,600,32.7
237833,238164,238165,331,1,1,600,33.2
237834,238171,238172,337,1,1,600,33.8
237835,238178,238179,343,1,1,600,34.4
237837,238185,238187,348,2,1,600,35.0
237838,238192,238193,354,1,1,600,35.5
237839,238199,238202,360,3,1,600,36.3
237841,238206,238207,365,1,1,600,36.6
237842,238216,238217,374,1,1,600,37.5
237843,238223,238224,380,1,1,600,38.1
237845,238230,238233,385,3,1,600,38.8
237846,238237,238238,391,1,1,600,39.2
237847,238245,238247,398,2,1,600,40.0
237849,238252,238254,403,2,1,600,40.5
237850,238260,238262,410,2,1,600,41.2
237851,238266,238269,415,3,1,600,41.8
237853,238274,238275,421,1,1,600,42.2
237854,238281,238288,427,7,1,600,43.4
237855,238288,238290,433,2,1,600,43.5
237857,238300,238301,443,1,1,600,44.4
237858,238307,238319,449,12,1,600,38.4166666667
237860,238314,238315,454,1,1,600,45.5
237861,238326,238328,465,2,1,600,46.7
237862,238334,238336,472,2,1,600,47.4
237864,238341,238342,477,1,1,600,47.8
237865,238348,238351,483,3,1,600,48.6
237866,238355,238356,489,1,1,600,49.0
237868,238363,238365,495,2,1,600,49.7
237869,238370,238371,501,1,1,600,50.2
237870,238376,238383,506,7,1,600,51.3
237872,238384,238385,512,1,1,600,51.3
237873,238395,238396,522,1,1,600,52.3
237874,238401,238404,527,3,1,600,53.0
237876,238408,238410,532,2,1,600,53.4
237877,238416,238417,539,1,1,600,54.0
237878,238423,238425,545,2,1,600,54.7
237880,238431,238433,551,2,1,600,55.3
237881,238437,238440,556,3,1,600,55.9
237882,238445,238446,563,1,1,600,56.4
237884,238452,238453,568,1,1,600,56.9
237885,238459,238462,574,3,1,600,57.7
237887,238466,238467,579,1,1,600,58.0
237888,238473,238475,585,2,1,600,58.7
237889,238481,238493,592,12,1,600,50.3333333333
237891,238487,238489,596,2,1,600,59.8
237892,238501,238502,609,1,1,600,61.0
237893,238508,238509,615,1,1,600,61.6
237895,238514,238516,619,2,1,600,62.1
237896,238522,238523,626,1,1,600,62.7
237897,238529,238530,632,1,1,600,63.3
237899,238536,238538,637,2,1,600,63.9
237900,238543,238544,643,1,1,600,64.4
237901,238550,238551,649,1,1,600,65.0
237903,238557,238559,654,2,1,600,65.6
237904,238564,238565,660,1,1,600,66.1
237905,238571,238573,666,2,1,600,66.8
237907,238578,238579,671,1,1,600,67.2
237908,238585,238586,677,1,1,600,67.8
237910,238592,238593,682,1,1,600,68.3
237911,238599,238601,688,2,1,600,69.0
237912,238606,238608,694,2,1,600,69.6
237914,238613,238614,699,1,1,600,70.0
237915,238621,238630,706,9,1,600,71.5
237916,238628,238641,712,13,1,600,55.7692307692
237918,238642,238644,724,2,1,600,72.6
237919,238653,238658,734,5,1,600,73.9
237920,238659,238661,739,2,1,600,74.1
237922,238670,238671,748,1,1,600,74.9
237923,238676,238678,753,2,1,600,75.5
237985,238684,238685,699,1,1,600,70.0
237986,238691,238693,705,2,1,600,70.7
237987,238698,238699,711,1,1,600,71.2
237989,238705,238706,716,1,1,600,71.7
237990,238712,238713,722,1,1,600,72.3
237991,238719,238720,728,1,1,600,72.9
237993,238726,238727,733,1,1,600,73.4
237994,238733,238734,739,1,1,600,74.0
237996,238739,238741,743,2,1,600,74.5
237997,238747,238749,750,2,1,600,75.2
238039,262149,262204,24110,55,5,14400,439.363636364
238039,262155,262222,24116,67,5,14400,360.940298507
238040,262165,262229,24125,64,5,14400,377.953125
238040,262160,262237,24120,77,5,14400,314.246753247
238041,262171,262241,24130,70,5,14400,345.714285714
238042,262176,262260,24134,84,5,14400,288.30952381
238042,268294,268393,30252,99,5,14400,306.575757576
238043,270977,271092,32934,115,5,14400,287.382608696
238043,270678,270787,32635,109,5,14400,300.403669725
238044,270958,271087,32914,129,5,14400,256.147286822
238044,271297,271438,33253,141,5,14400,236.836879433
238045,270534,270730,32489,196,5,14400,166.760204082
238046,271344,271624,33298,280,5,14400,119.921428571
238046,270581,270740,32535,159,5,14400,205.622641509
238047,272965,273265,34918,300,5,14400,117.393333333
238047,272756,273043,34709,287,5,14400,121.93728223
238048,262216,262672,24168,456,5,14400,54.0
238048,262235,265083,24187,2848,5,14400,9.49262640449
238049,262253,265295,24204,3042,5,14400,8.95660749507
238050,262258,265550,24208,3292,5,14400,8.35358444714
238050,262244,265356,24194,3112,5,14400,8.77442159383
238051,262272,265676,24221,3404,5,14400,8.11545240893
238051,268405,271998,30354,3593,5,14400,9.44809351517
238052,270799,274533,32747,3734,5,14400,9.76995179432
238052,271112,275053,33060,3941,5,14400,9.3887338239
238053,271117,275261,33064,4144,5,14400,8.97876447876
238054,271453,275731,33399,4278,5,14400,8.80715287518
238054,270754,275352,32700,4598,5,14400,8.1117877338
238055,270759,275633,32704,4874,5,14400,7.70988920804
238055,271635,276707,33580,5072,5,14400,7.62066246057
238056,273054,278384,34998,5330,5,14400,7.56622889306
238057,273276,278907,35219,5631,5,14400,7.25448410584
238057,262684,268607,24627,5923,5,14400,5.15785919298
238058,265096,271554,27038,6458,5,14400,5.18674512233
238058,238754,238755,696,1,1,600,69.7
238059,265368,272160,27309,6792,5,14400,5.02075971731
238059,265308,272065,27249,6757,5,14400,5.03270682255
238060,265561,273535,27501,7974,5,14400,4.44883370956
238060,265688,273377,27628,7689,5,14400,4.59318506958
238060,238762,238764,702,2,1,600,70.4
238061,238769,238770,708,1,1,600,70.9
238061,272010,279748,33949,7738,5,14400,5.38730938227
238061,274545,282888,36484,8343,5,14400,5.37300731152
238062,275064,283457,37002,8393,5,14400,5.40867389491
238062,238776,238792,714,16,1,600,45.625
238063,275743,284771,37680,9028,5,14400,5.1736818786
238063,275273,283834,37210,8561,5,14400,5.3464548534
238064,275644,284976,37580,9332,5,14400,5.02700385769
238064,238783,238784,719,1,1,600,72.0
238064,275363,285015,37299,9652,5,14400,4.86438043929
238065,276720,286752,38655,10032,5,14400,4.85316985646
238065,238796,238797,731,1,1,600,73.2
238066,278396,288356,40330,9960,5,14400,5.04919678715
238066,260489,271320,22423,10831,5,14400,3.07026128705
238067,278922,278974,40855,52,5,14400,786.673076923
238067,238804,238805,737,1,1,600,73.8
238067,268619,268684,30552,65,5,14400,471.030769231
238068,272077,272137,34009,60,5,14400,567.816666667
238068,238811,238813,743,2,1,600,74.5
238068,271575,271634,33507,59,5,14400,568.915254237
238069,238818,238820,749,2,1,600,75.1
238069,272172,272241,34103,69,5,14400,495.246376812
238070,273548,273624,35478,76,5,14400,467.815789474
238070,273389,273486,35319,97,5,14400,365.113402062
238071,238825,238826,754,1,1,600,75.5
238071,279759,279854,41688,95,5,14400,439.821052632
238071,282900,283015,44829,115,5,14400,390.817391304
238072,283845,283979,45773,134,5,14400,342.589552239
238072,283469,283598,45397,129,5,14400,352.914728682
238073,283990,284136,45917,146,5,14400,315.5
238074,284330,284496,46256,166,5,14400,279.65060241
238074,284147,284315,46073,168,5,14400,275.244047619
238075,284507,284690,46432,183,5,14400,254.726775956
238126,278986,279242,40860,256,5,14400,160.609375
238126,284701,284892,46575,191,5,14400,244.848167539
238127,271646,272006,33519,360,5,14400,94.1083333333
238127,268697,268948,30570,251,5,14400,122.792828685
238128,272253,272657,34125,404,5,14400,85.4678217822
238128,272150,272685,34022,535,5,14400,64.5925233645
238129,273636,274123,35507,487,5,14400,73.909650924
238130,273498,275570,35368,2072,5,14400,18.0694980695
238130,279254,282950,41124,3696,5,14400,12.1266233766
238131,279865,283954,41734,4089,5,14400,11.2064074346
238131,282963,286911,44832,3948,5,14400,12.3556231003
238132,238832,238835,700,3,1,600,70.3
238132,284903,289513,46771,4610,5,14400,11.1455531453
238132,283966,288401,45834,4435,5,14400,11.3346110485
238133,238838,238840,705,2,1,600,70.7
238133,285026,289918,46893,4892,5,14400,10.5856500409
238134,283031,288121,44897,5090,5,14400,9.82062868369
238134,284782,290130,46648,5348,5,14400,9.72251308901
238135,283610,289846,45475,6236,5,14400,8.29233483002
238135,284987,290625,46852,5638,5,14400,9.31003902093
238135,238846,238848,711,2,1,600,71.3
238136,238854,238863,718,9,1,600,72.7
238136,268985,275467,30849,6482,5,14400,5.75917926566
238136,272020,278878,33884,6858,5,14400,5.94079906678
238137,272697,279762,34560,7065,5,14400,5.89171974522
238138,272670,279945,34532,7275,5,14400,5.74666666667
238138,238861,238862,723,1,1,600,72.4
238139,274136,281922,35997,7786,5,14400,5.62329822759
238139,275582,283526,37443,7944,5,14400,5.71336858006
238139,238873,238879,734,6,1,600,74.0
238140,275479,283504,37339,8025,5,14400,5.65283489097
238140,238880,238881,740,1,1,600,74.1
238140,278890,287160,40750,8270,5,14400,5.92744860943
238141,286765,295499,48624,8734,5,14400,6.56720861003
238142,279774,289282,41632,9508,5,14400,5.37862852335
238142,283543,292558,45401,9015,5,14400,6.0361619523
238142,238892,238893,750,1,1,600,75.1
238143,279957,290246,41814,10289,5,14400,5.06395179318
238143,238899,238900,756,1,1,600,75.7
238143,286928,296612,48785,9684,5,14400,6.03769103676
238144,238905,238907,761,2,1,600,76.3
238144,283516,293178,45372,9662,5,14400,5.69592216932
238145,281938,292692,43793,10754,5,14400,5.07225218523
238206,238913,238914,707,1,1,600,70.8
238207,238920,238921,713,1,1,600,71.4
238209,238928,238930,719,2,1,600,72.1
238210,238935,238936,725,1,1,600,72.6
238211,238943,238944,732,1,1,600,73.3
238213,238950,238951,737,1,1,600,73.8
238214,238957,238958,743,1,1,600,74.4
238215,238964,238965,749,1,1,600,75.0
238217,238971,238975,754,4,1,600,75.8
238218,238978,238979,760,1,1,600,76.1
238279,238986,238988,707,2,1,600,70.9
238281,238993,238995,712,2,1,600,71.4
238282,239001,239002,719,1,1,600,72.0
238283,239008,239009,725,1,1,600,72.6
238285,239014,239034,729,20,1,600,37.45
238286,239022,239023,736,1,1,600,73.7
238288,239035,239048,747,13,1,600,58.4615384615
238289,239047,239050,758,3,1,600,76.1
238290,239060,239066,770,6,1,600,77.6
238352,239067,239068,715,1,1,600,71.6
238353,239077,239079,724,2,1,600,72.6
238354,239085,239087,731,2,1,600,73.3
238356,239092,239093,736,1,1,600,73.7
238357,239099,239100,742,1,1,600,74.3
238358,239106,239107,748,1,1,600,74.9
238360,239113,239114,753,1,1,600,75.4
238361,239120,239121,759,1,1,600,76.0
238362,239127,239128,765,1,1,600,76.6
238364,239134,239136,770,2,1,600,77.2
238425,239142,239143,717,1,1,600,71.8
238427,239149,239150,722,1,1,600,72.3
238428,239156,239157,728,1,1,600,72.9
238429,239163,239165,734,2,1,600,73.6
238431,239170,239172,739,2,1,600,74.1
238432,239177,239182,745,5,1,600,75.0
238433,239184,239186,751,2,1,600,75.3
238435,239194,239196,759,2,1,600,76.1
238436,239201,239202,765,1,1,600,76.6
238498,239208,239210,710,2,1,600,71.2
238499,239215,239217,716,2,1,600,71.8
238500,239222,239223,722,1,1,600,72.3
238502,239229,239231,727,2,1,600,72.9
238503,239235,239238,732,3,1,600,73.5
238504,239243,239244,739,1,1,600,74.0
238506,239250,239251,744,1,1,600,74.5
238507,239257,239259,750,2,1,600,75.2
238508,239264,239265,756,1,1,600,75.7
238510,239272,239274,762,2,1,600,76.4
238571,239279,239283,708,4,1,600,71.2
238573,239286,239288,713,2,1,600,71.5
238574,239295,239297,721,2,1,600,72.3
238575,239302,239303,727,1,1,600,72.8
238577,239309,239310,732,1,1,600,73.3
238578,239315,239317,737,2,1,600,73.9
238579,239323,239324,744,1,1,600,74.5
238581,239329,239330,748,1,1,600,74.9
238582,239337,239339,755,2,1,600,75.7
238583,239343,239345,760,2,1,600,76.2
238585,239351,239352,766,1,1,600,76.7
238646,239358,239360,712,2,1,600,71.4
238648,239365,239366,717,1,1,600,71.8
238649,239372,239373,723,1,1,600,72.4
238650,239379,239381,729,2,1,600,73.1
238652,239385,239387,733,2,1,600,73.5
238653,239393,239394,740,1,1,600,74.1
238654,239399,239401,745,2,1,600,74.7
238656,239407,239408,751,1,1,600,75.2
238717,239414,239416,697,2,1,600,69.9
238719,239421,239422,702,1,1,600,70.3
238720,239428,239429,708,1,1,600,70.9
238721,239436,239437,715,1,1,600,71.6
238723,239443,239445,720,2,1,600,72.2
238724,239450,239451,726,1,1,600,72.7
238725,239457,239459,732,2,1,600,73.4
238727,239464,239465,737,1,1,600,73.8
238728,239471,239472,743,1,1,600,74.4
238729,239478,239479,749,1,1,600,75.0
238791,239485,239487,694,2,1,600,69.6
238792,239492,239494,700,2,1,600,70.2
238794,239500,239501,706,1,1,600,70.7
238795,239507,239508,712,1,1,600,71.3
238796,239514,239515,718,1,1,600,71.9
238798,239522,239529,724,7,1,600,73.1
238799,239529,239540,730,11,1,600,67.3636363636
238800,239541,239542,741,1,1,600,74.2
238802,239552,239553,750,1,1,600,75.1
238803,239558,239560,755,2,1,600,75.7
238865,239566,239567,701,1,1,600,70.2
238866,239573,239575,707,2,1,600,70.9
238867,239579,239612,712,33,1,600,22.5757575758
238869,239588,239589,719,1,1,600,72.0
238870,239602,239603,732,1,1,600,73.3
238871,239616,239622,745,6,1,600,75.1
238873,239625,239631,752,6,1,600,75.8
238874,239635,239636,761,1,1,600,76.2
238875,239643,239644,768,1,1,600,76.9
238937,239650,239654,713,4,1,600,71.7
238938,239657,239658,719,1,1,600,72.0
238940,239666,239667,726,1,1,600,72.7
238941,239673,239674,732,1,1,600,73.3
238942,239680,239688,738,8,1,600,74.6
238944,239687,239688,743,1,1,600,74.4
238945,239700,239701,755,1,1,600,75.6
238946,239705,239706,759,1,1,600,76.0
238948,239714,239715,766,1,1,600,76.7
239009,239720,239722,711,2,1,600,71.3
239010,239727,239729,717,2,1,600,71.9
239012,239735,239736,723,1,1,600,72.4
239013,239742,239743,729,1,1,600,73.0
239015,239748,239750,733,2,1,600,73.5
239016,239756,239757,740,1,1,600,74.1
239017,239763,239765,746,2,1,600,74.8
239019,239771,239772,752,1,1,600,75.3
239020,239778,239780,758,2,1,600,76.0
239021,239785,239786,764,1,1,600,76.5
239083,239793,239795,710,2,1,600,71.2
239084,239800,239802,716,2,1,600,71.8
239085,239807,239809,722,2,1,600,72.4
239087,239814,239815,727,1,1,600,72.8
239088,239821,239822,733,1,1,600,73.4
239089,239828,239829,739,1,1,600,74.0
239091,239835,239837,744,2,1,600,74.6
239152,239842,239843,690,1,1,600,69.1
239154,239849,239852,695,3,1,600,69.8
239155,239856,239858,701,2,1,600,70.3
239156,239863,239866,707,3,1,600,71.0
239158,239871,239872,713,1,1,600,71.4
239159,239878,239879,719,1,1,600,72.0
239161,239885,239886,724,1,1,600,72.5
239162,239892,239893,730,1,1,600,73.1
239163,239899,239900,736,1,1,600,73.7
239165,239906,239907,741,1,1,600,74.2
239166,239913,239915,747,2,1,600,74.9
239227,239920,239921,693,1,1,600,69.4
239229,239927,239947,698,20,1,600,35.9
239230,239934,239938,704,4,1,600,70.8
239232,239949,239951,717,2,1,600,71.9
239233,239959,239967,726,8,1,600,73.4
239234,239966,239967,732,1,1,600,73.3
239236,239979,239984,743,5,1,600,74.8
239237,239984,239986,747,2,1,600,74.9
239238,239996,239997,758,1,1,600,75.9
239240,240003,240012,763,9,1,600,77.2
239301,240010,240011,709,1,1,600,71.0
239302,240024,240030,722,6,1,600,72.8
239304,240029,240036,725,7,1,600,73.2
239305,240042,240043,737,1,1,600,73.8
239306,240049,240050,743,1,1,600,74.4
239308,240056,240057,748,1,1,600,74.9
239309,240063,240064,754,1,1,600,75.5
239311,240070,240075,759,5,1,600,76.4
239312,240116,240122,804,6,1,600,81.0
239313,240121,240124,808,3,1,600,81.1
239375,240127,240134,752,7,1,600,75.9
239376,240132,240135,756,3,1,600,75.9
239377,240140,240141,763,1,1,600,76.4
239379,240145,240146,766,1,1,600,76.7
239380,240152,240154,772,2,1,600,77.4
239381,240157,240159,776,2,1,600,77.8
239383,240165,240167,782,2,1,600,78.4
239384,240170,240172,786,2,1,600,78.8
239385,240178,240179,793,1,1,600,79.4
239387,240183,240185,796,2,1,600,79.8
239388,240190,240192,802,2,1,600,80.4
239413,250938,317396,11525,66458,1,504000,1.17341779771
239450,240196,240197,746,1,1,600,74.7
239451,240201,240202,750,1,1,600,75.1
239453,240208,240210,755,2,1,600,75.7
239454,240214,240215,760,1,1,600,76.1
239456,240219,240221,763,2,1,600,76.5
239457,240227,240230,770,3,1,600,77.3
239458,240232,240233,774,1,1,600,77.5
239460,240237,240239,777,2,1,600,77.9
239461,240245,240246,784,1,1,600,78.5
239462,240250,240251,788,1,1,600,78.9
239524,240256,240257,732,1,1,600,73.3
239525,240263,240264,738,1,1,600,73.9
239527,240268,240269,741,1,1,600,74.2
239528,240274,240278,746,4,1,600,75.0
239530,240281,240282,751,1,1,600,75.2
239531,240286,240293,755,7,1,600,76.2
239533,240292,240294,759,2,1,600,76.1
239534,240299,240306,765,7,1,600,77.2
239535,240304,240305,769,1,1,600,77.0
239537,240311,240313,774,2,1,600,77.6
239591,281969,317396,42378,35427,1,504000,2.19620628334
239598,240316,240318,718,2,1,600,72.0
239600,240323,240324,723,1,1,600,72.4
239601,240328,240330,727,2,1,600,72.9
239602,240336,240337,734,1,1,600,73.5
239604,240341,240345,737,4,1,600,74.1
239605,240347,240348,742,1,1,600,74.3
239606,240354,240356,748,2,1,600,75.0
239668,240359,240362,691,3,1,600,69.4
239669,240367,240368,698,1,1,600,69.9
239671,240372,240374,701,2,1,600,70.3
239672,240380,240390,708,10,1,600,71.8
239674,240385,240387,711,2,1,600,71.3
239675,240391,240392,716,1,1,600,71.7
239676,240398,240400,722,2,1,600,72.4
239678,240405,240406,727,1,1,600,72.8
239679,240410,240411,731,1,1,600,73.2
239681,240415,240426,734,11,1,600,67.7272727273
239742,240423,240424,681,1,1,600,68.2
239744,240428,240430,684,2,1,600,68.6
239745,240434,240435,689,1,1,600,69.0
239746,240441,240449,695,8,1,600,70.3
239748,240446,240448,698,2,1,600,70.0
239749,240454,240456,705,2,1,600,70.7
239751,240459,240460,708,1,1,600,70.9
239752,240467,240468,715,1,1,600,71.6
239754,240472,240474,718,2,1,600,72.0
239815,240480,240482,665,2,1,600,66.7
239816,240485,240487,669,2,1,600,67.1
239818,240491,240492,673,1,1,600,67.4
239819,240498,240499,679,1,1,600,68.0
239821,240503,240505,682,2,1,600,68.4
239822,240511,240512,689,1,1,600,69.0
239823,240516,240517,693,1,1,600,69.4
239825,240521,240523,696,2,1,600,69.8
239826,240529,240532,703,3,1,600,70.6
239828,240534,240536,706,2,1,600,70.8
239829,240540,240541,711,1,1,600,71.2
239891,240547,240548,656,1,1,600,65.7
239892,240552,240554,660,2,1,600,66.2
239893,240559,240560,666,1,1,600,66.7
239895,240564,240566,669,2,1,600,67.1
239896,240571,240574,675,3,1,600,67.8
239897,240577,240578,680,1,1,600,68.1
239899,240584,240585,685,1,1,600,68.6
239900,240589,240593,689,4,1,600,69.3
239902,240597,240598,695,1,1,600,69.6
239903,240602,240604,699,2,1,600,70.1
239964,240608,240609,644,1,1,600,64.5
239966,240615,240617,649,2,1,600,65.1
239967,240620,240621,653,1,1,600,65.4
239969,240628,240630,659,2,1,600,66.1
239970,240633,240635,663,2,1,600,66.5
239972,240641,240642,669,1,1,600,67.0
239973,240646,240647,673,1,1,600,67.4
239974,240653,240656,679,3,1,600,68.2
239976,240658,240661,682,3,1,600,68.5
240037,240666,240667,629,1,1,600,63.0
240039,240671,240674,632,3,1,600,63.5
240040,240679,240681,639,2,1,600,64.1
240041,240684,240685,643,1,1,600,64.4
240043,240689,240694,646,5,1,600,65.1
240044,240697,240698,653,1,1,600,65.4
240046,240702,240703,656,1,1,600,65.7
240107,240707,240709,600,2,1,600,60.2
240108,240714,240716,606,2,1,600,60.8
240110,240720,240723,610,3,1,600,61.3
240111,240725,240727,614,2,1,600,61.6
240112,240732,240734,620,2,1,600,62.2
240174,240738,240739,564,1,1,600,56.5
240175,240745,240746,570,1,1,600,57.1
240177,240750,240752,573,2,1,600,57.5
240178,240758,240759,580,1,1,600,58.1
240180,240763,240764,583,1,1,600,58.4
240181,240768,240777,587,9,1,600,59.6
240183,240775,240777,592,2,1,600,59.4
240184,240781,240782,597,1,1,600,59.8
240186,240786,240787,600,1,1,600,60.1
240187,240794,240795,607,1,1,600,60.8
240188,240799,240800,611,1,1,600,61.2
240250,240804,240806,554,2,1,600,55.6
240251,240812,240815,561,3,1,600,56.4
240253,240817,240819,564,2,1,600,56.6
240254,240822,240824,568,2,1,600,57.0
240255,240830,240832,575,2,1,600,57.7
240257,240835,240836,578,1,1,600,57.9
240258,240840,240842,582,2,1,600,58.4
240260,240848,240850,588,2,1,600,59.0
240261,240853,240854,592,1,1,600,59.3
240262,240859,240860,597,1,1,600,59.8
240264,240866,240867,602,1,1,600,60.3
240265,240871,240873,606,2,1,600,60.8
240267,240877,240878,610,1,1,600,61.1
240328,240884,240886,556,2,1,600,55.8
240329,240889,240891,560,2,1,600,56.2
240331,240895,240897,564,2,1,600,56.6
240333,240902,240904,569,2,1,600,57.1
240334,240907,240908,573,1,1,600,57.4
240335,240915,240916,580,1,1,600,58.1
240337,240920,240922,583,2,1,600,58.5
240338,240926,240927,588,1,1,600,58.9
240340,240933,240935,593,2,1,600,59.5
240341,240938,240940,597,2,1,600,59.9
240342,240946,240948,604,2,1,600,60.6
240344,240951,240953,607,2,1,600,60.9
240345,240958,240960,613,2,1,600,61.5
240407,240964,240965,557,1,1,600,55.8
240408,240971,240972,563,1,1,600,56.4
240409,240976,240978,567,2,1,600,56.9
240411,240984,240986,573,2,1,600,57.5
240412,240989,240990,577,1,1,600,57.8
240414,240994,240997,580,3,1,600,58.3
240415,241002,241003,587,1,1,600,58.8
240416,241007,241008,591,1,1,600,59.2
240418,241012,241014,594,2,1,600,59.6
240419,241020,241021,601,1,1,600,60.2
240421,241025,241026,604,1,1,600,60.5
240422,241030,241032,608,2,1,600,61.0
240484,241038,241039,554,1,1,600,55.5
240485,241043,241044,558,1,1,600,55.9
240487,241048,241050,561,2,1,600,56.3
240488,241056,241057,568,1,1,600,56.9
240489,241061,241062,572,1,1,600,57.3
240491,241066,241068,575,2,1,600,57.7
240492,241074,241075,582,1,1,600,58.3
240494,241079,241080,585,1,1,600,58.6
240495,241085,241086,590,1,1,600,59.1
240496,241092,241094,596,2,1,600,59.8
240498,241097,241099,599,2,1,600,60.1
240499,241102,241104,603,2,1,600,60.5
240501,241110,241115,609,5,1,600,61.4
240562,241115,241117,553,2,1,600,55.5
240563,241123,241124,560,1,1,600,56.1
240565,241128,241129,563,1,1,600,56.4
240566,241135,241136,569,1,1,600,57.0
240568,241140,241143,572,3,1,600,57.5
240569,241148,241158,579,10,1,600,58.9
240571,241153,241156,582,3,1,600,58.5
240572,241158,241160,586,2,1,600,58.8
240573,241166,241173,593,7,1,600,60.0
240575,241173,241174,598,1,1,600,59.9
240576,241178,241180,602,2,1,600,60.4
240577,241184,241186,607,2,1,600,60.9
240639,241191,241192,552,1,1,600,55.3
240640,241196,241198,556,2,1,600,55.8
240642,241204,241205,562,1,1,600,56.3
240643,241209,241210,566,1,1,600,56.7
240645,241215,241216,570,1,1,600,57.1
240646,241222,241223,576,1,1,600,57.7
240647,241227,241228,580,1,1,600,58.1
240649,241233,241234,584,1,1,600,58.5
240650,241240,241241,590,1,1,600,59.1
240651,241246,241247,595,1,1,600,59.6
240653,241251,241252,598,1,1,600,59.9
240654,241258,241261,604,3,1,600,60.7
240656,241263,241265,607,2,1,600,60.9
240717,241271,241272,554,1,1,600,55.5
240719,241277,241278,558,1,1,600,55.9
240720,241284,241285,564,1,1,600,56.5
240721,241289,241296,568,7,1,600,57.5
240723,241295,241296,572,1,1,600,57.3
240724,241302,241308,578,6,1,600,58.4
240726,241307,241310,581,3,1,600,58.4
240727,241315,241317,588,2,1,600,59.0
240728,241320,241322,592,2,1,600,59.4
240730,241328,241329,598,1,1,600,59.9
240731,241333,241335,602,2,1,600,60.4
240733,241341,241342,608,1,1,600,60.9
240734,241346,241347,612,1,1,600,61.3
240796,241351,241353,555,2,1,600,55.7
240797,241359,241360,562,1,1,600,56.3
240798,241364,241365,566,1,1,600,56.7
240800,241369,241371,569,2,1,600,57.1
240801,241377,241379,576,2,1,600,57.8
240803,241382,241384,579,2,1,600,58.1
240804,241388,241389,584,1,1,600,58.5
240805,241395,241396,590,1,1,600,59.1
240807,241400,241403,593,3,1,600,59.6
240808,241407,241427,599,20,1,600,30.95
240810,241413,241414,603,1,1,600,60.4
240811,241418,241420,607,2,1,600,60.9
240812,241426,241428,614,2,1,600,61.6
240874,241431,241434,557,3,1,600,56.0
240875,241438,241449,563,11,1,600,52.1818181818
240877,241445,241446,568,1,1,600,56.9
240878,241450,241452,572,2,1,600,57.4
240879,241458,241465,579,7,1,600,58.6
240881,241463,241469,582,6,1,600,58.8
240882,241471,241472,589,1,1,600,59.0
240884,241476,241480,592,4,1,600,59.6
240885,241484,241486,599,2,1,600,60.1
240886,241489,241492,603,3,1,600,60.6
240888,241495,241502,607,7,1,600,61.4
240889,241503,241504,614,1,1,600,61.5
240951,241508,241510,557,2,1,600,55.9
240952,241516,241517,564,1,1,600,56.5
240954,241521,241522,567,1,1,600,56.8
240955,241527,241534,572,7,1,600,57.9
240956,241534,241536,578,2,1,600,58.0
240958,241539,241541,581,2,1,600,58.3
240959,241545,241546,586,1,1,600,58.7
240961,241552,241553,591,1,1,600,59.2
240962,241557,241559,595,2,1,600,59.7
240963,241565,241572,602,7,1,600,60.9
240965,241570,241572,605,2,1,600,60.7
240966,241576,241577,610,1,1,600,61.1
240968,241583,241584,615,1,1,600,61.6
241029,241590,241591,561,1,1,600,56.2
241030,241596,241597,566,1,1,600,56.7
241032,241601,241604,569,3,1,600,57.2
241033,241609,241610,576,1,1,600,57.7
241035,241614,241619,579,5,1,600,58.4
241036,241620,241621,584,1,1,600,58.5
241037,241627,241628,590,1,1,600,59.1
241039,241632,241635,593,3,1,600,59.6
241040,241640,241642,600,2,1,600,60.2
241042,241645,241646,603,1,1,600,60.4
241043,241650,241652,607,2,1,600,60.9
241044,241658,241661,614,3,1,600,61.7
241046,241664,241665,618,1,1,600,61.9
241107,241669,241671,562,2,1,600,56.4
241109,241677,241679,568,2,1,600,57.0
241110,241683,241685,573,2,1,600,57.5
241111,241688,241690,577,2,1,600,57.9
241113,241696,241698,583,2,1,600,58.5
241114,241702,241703,588,1,1,600,58.9
241116,241709,241711,593,2,1,600,59.5
241117,241715,241719,598,4,1,600,60.2
241118,241727,241729,609,2,1,600,61.1
241120,241733,241734,613,1,1,600,61.4
241121,241738,241740,617,2,1,600,61.9
241123,241746,241748,623,2,1,600,62.5
241124,241751,241753,627,2,1,600,62.9
241185,241757,241758,572,1,1,600,57.3
241187,241764,241769,577,5,1,600,58.2
241188,241770,241771,582,1,1,600,58.3
241190,241777,241778,587,1,1,600,58.8
241191,241782,241783,591,1,1,600,59.2
241192,241789,241796,597,7,1,600,60.4
241194,241794,241804,600,10,1,600,61.0
241195,241802,241803,607,1,1,600,60.8
241197,241807,241809,610,2,1,600,61.2
241198,241820,241821,622,1,1,600,62.3
241199,241825,241827,626,2,1,600,62.8
241201,241833,241834,632,1,1,600,63.3
241262,241838,241840,576,2,1,600,57.8
241264,241844,241845,580,1,1,600,58.1
241265,241851,241859,586,8,1,600,59.4
241267,241856,241858,589,2,1,600,59.1
241268,241864,241866,596,2,1,600,59.8
241269,241869,241871,600,2,1,600,60.2
241271,241877,241878,606,1,1,600,60.7
241272,241882,241883,610,1,1,600,61.1
241274,241889,241897,615,8,1,600,62.3
241275,241895,241902,620,7,1,600,62.7
241276,241902,241905,626,3,1,600,62.9
241278,241907,241910,629,3,1,600,63.2
241279,241915,241916,636,1,1,600,63.7
241341,241920,241922,579,2,1,600,58.1
241343,241928,241930,585,2,1,600,58.7
241344,241933,241937,589,4,1,600,59.3
241345,241939,241940,594,1,1,600,59.5
241347,241946,241947,599,1,1,600,60.0
241348,241951,241953,603,2,1,600,60.5
241350,241959,241960,609,1,1,600,61.0
241351,241964,241968,613,4,1,600,61.7
241352,241970,241976,618,6,1,600,62.4
241354,241977,241978,623,1,1,600,62.4
241355,241982,241986,627,4,1,600,63.1
241357,241989,241990,632,1,1,600,63.3
241358,241994,242006,636,12,1,600,54.0
241419,242001,242003,582,2,1,600,58.4
241421,242007,242009,586,2,1,600,58.8
241422,242012,242014,590,2,1,600,59.2
241424,242020,242021,596,1,1,600,59.7
241425,242025,242026,600,1,1,600,60.1
241427,242033,242034,606,1,1,600,60.7
241428,242038,242040,610,2,1,600,61.2
241429,242044,242045,615,1,1,600,61.6
241431,242051,242053,620,2,1,600,62.2
241432,242057,242058,625,1,1,600,62.6
241434,242064,242065,630,1,1,600,63.1
241435,242069,242071,634,2,1,600,63.6
241497,242077,242078,580,1,1,600,58.1
241498,242082,242084,584,2,1,600,58.6
241499,242088,242094,589,6,1,600,59.5
241501,242095,242097,594,2,1,600,59.6
241502,242101,242102,599,1,1,600,60.0
241504,242106,242109,602,3,1,600,60.5
241505,242114,242115,609,1,1,600,61.0
241507,242119,242126,612,7,1,600,61.9
241508,242124,242126,616,2,1,600,61.8
241509,242132,242137,623,5,1,600,62.8
241511,242137,242139,626,2,1,600,62.8
241512,242145,242146,633,1,1,600,63.4
241574,242150,242152,576,2,1,600,57.8
241575,242158,242161,583,3,1,600,58.6
241577,242163,242164,586,1,1,600,58.7
241578,242169,242170,591,1,1,600,59.2
241579,242176,242177,597,1,1,600,59.8
241581,242181,242183,600,2,1,600,60.2
241582,242187,242188,605,1,1,600,60.6
241584,242194,242195,610,1,1,600,61.1
241585,242199,242201,614,2,1,600,61.6
241587,242207,242208,620,1,1,600,62.1
241588,242212,242214,624,2,1,600,62.6
241590,242218,242219,628,1,1,600,62.9
241591,242225,242226,634,1,1,600,63.5
241653,242230,242231,577,1,1,600,57.8
241654,242238,242241,584,3,1,600,58.7
241655,242243,242245,588,2,1,600,59.0
241657,242249,242250,592,1,1,600,59.3
241658,242256,242257,598,1,1,600,59.9
241660,242262,242263,602,1,1,600,60.3
241661,242269,242271,608,2,1,600,61.0
241663,242274,242275,611,1,1,600,61.2
241664,242280,242281,616,1,1,600,61.7
241665,242287,242288,622,1,1,600,62.3
241667,242292,242294,625,2,1,600,62.7
241668,242298,242299,630,1,1,600,63.1
241730,242305,242307,575,2,1,600,57.7
241731,242311,242313,580,2,1,600,58.2
241733,242316,242317,583,1,1,600,58.4
241734,242323,242324,589,1,1,600,59.0
241735,242328,242330,593,2,1,600,59.5
241737,242336,242337,599,1,1,600,60.0
241738,242341,242343,603,2,1,600,60.5
241740,242347,242348,607,1,1,600,60.8
241741,242354,242356,613,2,1,600,61.5
241743,242360,242361,617,1,1,600,61.8
241744,242366,242368,622,2,1,600,62.4
241745,242372,242374,627,2,1,600,62.9
241807,242379,242380,572,1,1,600,57.3
241808,242384,242386,576,2,1,600,57.8
241810,242392,242394,582,2,1,600,58.4
241811,242397,242401,586,4,1,600,59.0
241813,242402,242408,589,6,1,600,59.5
241814,242410,242414,596,4,1,600,60.0
241815,242415,242416,600,1,1,600,60.1
241817,242423,242425,606,2,1,600,60.8
241818,242428,242429,610,1,1,600,61.1
241820,242436,242437,616,1,1,600,61.7
241821,242441,242442,620,1,1,600,62.1
241883,242449,242450,566,1,1,600,56.7
241884,242454,242457,570,3,1,600,57.3
241886,242459,242461,573,2,1,600,57.5
241887,242467,242470,580,3,1,600,58.3
241888,242472,242473,584,1,1,600,58.5
241890,242480,242485,590,5,1,600,59.5
241891,242485,242488,594,3,1,600,59.7
241893,242491,242493,598,2,1,600,60.0
241894,242496,242499,602,3,1,600,60.5
241895,242504,242505,609,1,1,600,61.0
241897,242509,242511,612,2,1,600,61.4
241959,242515,242516,556,1,1,600,55.7
241960,242520,242521,560,1,1,600,56.1
241962,242528,242529,566,1,1,600,56.7
241963,242533,242535,570,2,1,600,57.2
241964,242538,242539,574,1,1,600,57.5
241966,242544,242545,578,1,1,600,57.9
241967,242549,242551,582,2,1,600,58.4
241969,242557,242558,588,1,1,600,58.9
241970,242562,242563,592,1,1,600,59.3
241971,242567,242569,596,2,1,600,59.8
241973,242573,242574,600,1,1,600,60.1
241974,242578,242579,604,1,1,600,60.5
241976,242586,242587,610,1,1,600,61.1
242037,242591,242592,554,1,1,600,55.5
242039,242596,242599,557,3,1,600,56.0
242040,242602,242603,562,1,1,600,56.3
242042,242607,242613,565,6,1,600,57.1
242043,242615,242617,572,2,1,600,57.4
242044,242621,242622,577,1,1,600,57.8
242046,242626,242628,580,2,1,600,58.2
242047,242631,242633,584,2,1,600,58.6
242049,242637,242640,588,3,1,600,59.1
242050,242644,242650,594,6,1,600,60.0
242052,242649,242658,597,9,1,600,60.6
242053,242655,242659,602,4,1,600,60.6
242055,242660,242661,605,1,1,600,60.6
242116,242668,242669,552,1,1,600,55.3
242117,242673,242675,556,2,1,600,55.8
242119,242679,242680,560,1,1,600,56.1
242120,242686,242687,566,1,1,600,56.7
242122,242692,242693,570,1,1,600,57.1
242123,242697,242699,574,2,1,600,57.6
242125,242702,242713,577,11,1,600,53.4545454545
242126,242710,242712,584,2,1,600,58.6
242127,242715,242717,588,2,1,600,59.0
242129,242720,242722,591,2,1,600,59.3
242130,242726,242727,596,1,1,600,59.7
242132,242734,242735,602,1,1,600,60.3
242133,242739,242740,606,1,1,600,60.7
242195,242744,242746,549,2,1,600,55.1
242196,242750,242753,554,3,1,600,55.7
242197,242755,242757,558,2,1,600,56.0
242199,242763,242765,564,2,1,600,56.6
242200,242769,242770,569,1,1,600,57.0
242202,242774,242775,572,1,1,600,57.3
242203,242779,242780,576,1,1,600,57.7
242205,242787,242788,582,1,1,600,58.3
242206,242792,242794,586,2,1,600,58.8
242207,242798,242799,591,1,1,600,59.2
242209,242803,242805,594,2,1,600,59.6
242210,242809,242810,599,1,1,600,60.0
242272,242816,242817,544,1,1,600,54.5
242273,242822,242824,549,2,1,600,55.1
242275,242827,242828,552,1,1,600,55.3
242276,242832,242834,556,2,1,600,55.8
242278,242840,242842,562,2,1,600,56.4
242279,242846,242847,567,1,1,600,56.8
242281,242851,242854,570,3,1,600,57.3
242282,242856,242858,574,2,1,600,57.6
242284,242862,242863,578,1,1,600,57.9
242285,242869,242875,584,6,1,600,59.0
242286,242875,242877,589,2,1,600,59.1
242288,242880,242882,592,2,1,600,59.4
242289,242886,242887,597,1,1,600,59.8
242351,242891,242892,540,1,1,600,54.1
242352,242898,242899,546,1,1,600,54.7
242354,242904,242905,550,1,1,600,55.1
242355,242909,242910,554,1,1,600,55.5
242356,242914,242916,558,2,1,600,56.0
242358,242922,242924,564,2,1,600,56.6
242359,242927,242928,568,1,1,600,56.9
242361,242932,242934,571,2,1,600,57.3
242362,242938,242939,576,1,1,600,57.7
242363,242943,242944,580,1,1,600,58.1
242365,242951,242952,586,1,1,600,58.7
242366,242956,242961,590,5,1,600,59.5
242368,242962,242963,594,1,1,600,59.5
242429,242967,242968,538,1,1,600,53.9
242431,242972,242978,541,6,1,600,54.7
242432,242985,242987,553,2,1,600,55.5
242434,242991,242992,557,1,1,600,55.8
242435,242996,242998,561,2,1,600,56.3
242436,243001,243003,565,2,1,600,56.7
242438,243007,243010,569,3,1,600,57.2
242439,243015,243016,576,1,1,600,57.7
242441,243020,243023,579,3,1,600,58.2
242442,243026,243027,584,1,1,600,58.5
242443,243031,243033,588,2,1,600,59.0
242445,243037,243039,592,2,1,600,59.4
242506,243044,243045,538,1,1,600,53.9
242508,243050,243052,542,2,1,600,54.4
242509,243055,243060,546,5,1,600,55.1
242510,243060,243069,550,9,1,600,55.9
242512,243068,243070,556,2,1,600,55.8
242513,243073,243075,560,2,1,600,56.2
242515,243079,243080,564,1,1,600,56.5
242516,243084,243085,568,1,1,600,56.9
242517,243091,243092,574,1,1,600,57.5
242519,243096,243099,577,3,1,600,58.0
242520,243102,243103,582,1,1,600,58.3
242521,243107,243108,586,1,1,600,58.7
242523,243115,243116,592,1,1,600,59.3
242584,243120,243123,536,3,1,600,53.9
242586,243126,243127,540,1,1,600,54.1
242587,243131,243133,544,2,1,600,54.6
242589,243136,243138,547,2,1,600,54.9
242590,243144,243145,554,1,1,600,55.5
242592,243149,243156,557,7,1,600,56.4
242593,243155,243156,562,1,1,600,56.3
242594,243160,243162,566,2,1,600,56.8
242596,243167,243168,571,1,1,600,57.2
242597,243172,243174,575,2,1,600,57.7
242599,243178,243179,579,1,1,600,58.0
242600,243186,243188,586,2,1,600,58.8
242601,243191,243192,590,1,1,600,59.1
242663,243196,243198,533,2,1,600,53.5
242664,243202,243204,538,2,1,600,54.0
242666,243207,243208,541,1,1,600,54.2
242667,243215,243216,548,1,1,600,54.9
242669,243220,243222,551,2,1,600,55.3
242670,243226,243227,556,1,1,600,55.7
242671,243231,243233,560,2,1,600,56.2
242673,243239,243241,566,2,1,600,56.8
242674,243244,243246,570,2,1,600,57.2
242675,243250,243251,575,1,1,600,57.6
242677,243255,243256,578,1,1,600,57.9
242678,243261,243262,583,1,1,600,58.4
242680,243268,243278,588,10,1,600,59.8
242681,243273,243274,592,1,1,600,59.3
242743,243279,243280,536,1,1,600,53.7
242744,243284,243289,540,5,1,600,54.5
242746,243290,243291,544,1,1,600,54.5
242747,243297,243298,550,1,1,600,55.1
242748,243303,243304,555,1,1,600,55.6
242750,243308,243309,558,1,1,600,55.9
242751,243313,243315,562,2,1,600,56.4
242753,243321,243323,568,2,1,600,57.0
242754,243327,243331,573,4,1,600,57.7
242755,243332,243341,577,9,1,600,58.6
242757,243338,243339,581,1,1,600,58.2
242758,243343,243344,585,1,1,600,58.6
242760,243351,243352,591,1,1,600,59.2
242821,243356,243357,535,1,1,600,53.6
242823,243362,243366,539,4,1,600,54.3
242824,243367,243368,543,1,1,600,54.4
242826,243374,243376,548,2,1,600,55.0
242827,243379,243381,552,2,1,600,55.4
242828,243385,243386,557,1,1,600,55.8
242830,243390,243391,560,1,1,600,56.1
242831,243397,243399,566,2,1,600,56.8
242833,243403,243404,570,1,1,600,57.1
242834,243408,243415,574,7,1,600,58.1
242836,243414,243415,578,1,1,600,57.9
242837,243421,243422,584,1,1,600,58.5
242838,243427,243428,589,1,1,600,59.0
242840,243432,243433,592,1,1,600,59.3
242901,243437,243439,536,2,1,600,53.8
242903,243445,243446,542,1,1,600,54.3
242904,243450,243453,546,3,1,600,54.9
242906,243456,243457,550,1,1,600,55.1
242907,243461,243462,554,1,1,600,55.5
242908,243466,243468,558,2,1,600,56.0
242910,243474,243483,564,9,1,600,57.3
242911,243479,243482,568,3,1,600,57.1
242913,243485,243487,572,2,1,600,57.4
242914,243490,243492,576,2,1,600,57.8
242915,243495,243522,580,27,1,600,22.4814814815
242917,243503,243504,586,1,1,600,58.7
242918,243508,243510,590,2,1,600,59.2
242980,243514,243516,534,2,1,600,53.6
242981,243519,243521,538,2,1,600,54.0
242983,243532,243543,549,11,1,600,50.9090909091
242984,243538,243539,554,1,1,600,55.5
242986,243543,243544,557,1,1,600,55.8
242987,243550,243553,563,3,1,600,56.6
242989,243556,243557,567,1,1,600,56.8
242990,243561,243564,571,3,1,600,57.4
242991,243569,243570,578,1,1,600,57.9
242993,243574,243575,581,1,1,600,58.2
242994,243579,243581,585,2,1,600,58.7
242996,243585,243586,589,1,1,600,59.0
243057,243590,243592,533,2,1,600,53.5
243059,243598,243599,539,1,1,600,54.0
243060,243603,243605,543,2,1,600,54.5
243062,243608,243610,546,2,1,600,54.8
243063,243614,243616,551,2,1,600,55.3
243064,243619,243620,555,1,1,600,55.6
243066,243626,243628,560,2,1,600,56.2
243067,243631,243633,564,2,1,600,56.6
243069,243637,243638,568,1,1,600,56.9
243070,243642,243643,572,1,1,600,57.3
243072,243650,243652,578,2,1,600,58.0
243073,243655,243658,582,3,1,600,58.5
243135,243660,243663,525,3,1,600,52.8
243136,243666,243668,530,2,1,600,53.2
243137,243671,243673,534,2,1,600,53.6
243139,243679,243683,540,4,1,600,54.4
243140,243684,243686,544,2,1,600,54.6
243142,243690,243692,548,2,1,600,55.0
243143,243695,243702,552,7,1,600,55.9
243145,243702,243704,557,2,1,600,55.9
243146,243708,243709,562,1,1,600,56.3
243148,243713,243715,565,2,1,600,56.7
243149,243718,243720,569,2,1,600,57.1
243150,243726,243728,576,2,1,600,57.8
243152,243732,243733,580,1,1,600,58.1
243153,243737,243740,584,3,1,600,58.7
243155,243742,243744,587,2,1,600,58.9
243216,243750,243752,534,2,1,600,53.6
243218,243755,243757,537,2,1,600,53.9
243219,243761,243762,542,1,1,600,54.3
243220,243766,243768,546,2,1,600,54.8
243222,243774,243775,552,1,1,600,55.3
243223,243779,243782,556,3,1,600,55.9
243225,243785,243786,560,1,1,600,56.1
243226,243790,243791,564,1,1,600,56.5
243228,243795,243797,567,2,1,600,56.9
243229,243803,243805,574,2,1,600,57.6
243231,243809,243810,578,1,1,600,57.9
243232,243814,243815,582,1,1,600,58.3
243234,243819,243821,585,2,1,600,58.7
243235,243825,243826,590,1,1,600,59.1
243297,243833,243835,536,2,1,600,53.8
243298,243839,243841,541,2,1,600,54.3
243299,243844,243845,545,1,1,600,54.6
243301,243849,243851,548,2,1,600,55.0
243302,243855,243856,553,1,1,600,55.4
243304,243862,243863,558,1,1,600,55.9
243305,243867,243869,562,2,1,600,56.4
243307,243873,243874,566,1,1,600,56.7
243308,243878,243880,570,2,1,600,57.2
243309,243886,243887,577,1,1,600,57.8
243311,243891,243893,580,2,1,600,58.2
243312,243897,243907,585,10,1,600,59.5
243314,243902,243904,588,2,1,600,59.0
243315,243907,243910,592,3,1,600,59.5
243377,243915,243917,538,2,1,600,54.0
243378,243920,243921,542,1,1,600,54.3
243379,243925,243928,546,3,1,600,54.9
243381,243933,243935,552,2,1,600,55.4
243382,243939,243940,557,1,1,600,55.8
243384,243944,243946,560,2,1,600,56.2
243385,243949,243951,564,2,1,600,56.6
243387,243955,243957,568,2,1,600,57.0
243388,243963,243964,575,1,1,600,57.6
243390,243968,243977,578,9,1,600,58.7
243391,243973,243975,582,2,1,600,58.4
243393,243979,243981,586,2,1,600,58.8
243394,243984,243986,590,2,1,600,59.2
243455,243992,243994,537,2,1,600,53.9
243457,243997,243999,540,2,1,600,54.2
243458,244003,244005,545,2,1,600,54.7
243460,244008,244010,548,2,1,600,55.0
243461,244016,244018,555,2,1,600,55.7
243463,244022,244023,559,1,1,600,56.0
243464,244027,244029,563,2,1,600,56.5
243465,244033,244034,568,1,1,600,56.9
243467,244040,244043,573,3,1,600,57.6
243468,244046,244047,578,1,1,600,57.9
243470,244051,244052,581,1,1,600,58.2
243471,244056,244058,585,2,1,600,58.7
243472,244064,244066,592,2,1,600,59.4
243474,244069,244071,595,2,1,600,59.7
243535,244075,244076,540,1,1,600,54.1
243537,244080,244082,543,2,1,600,54.5
243538,244086,244087,548,1,1,600,54.9
243540,244093,244095,553,2,1,600,55.5
243541,244098,244100,557,2,1,600,55.9
243542,244104,244106,562,2,1,600,56.4
243544,244109,244111,565,2,1,600,56.7
243546,244122,244128,576,6,1,600,58.2
243547,244128,244129,581,1,1,600,58.2
243548,244133,244134,585,1,1,600,58.6
243550,244139,244140,589,1,1,600,59.0
243551,244146,244147,595,1,1,600,59.6
243613,244152,244153,539,1,1,600,54.0
243614,244157,244158,543,1,1,600,54.4
243616,244162,244164,546,2,1,600,54.8
243617,244168,244170,551,2,1,600,55.3
243618,244175,244180,557,5,1,600,56.2
243620,244180,244183,560,3,1,600,56.3
243621,244186,244190,565,4,1,600,56.9
243623,244191,244192,568,1,1,600,56.9
243624,244199,244202,575,3,1,600,57.8
243626,244204,244206,578,2,1,600,58.0
243627,244210,244211,583,1,1,600,58.4
243628,244215,244217,587,2,1,600,58.9
243630,244223,244225,593,2,1,600,59.5
243691,244228,244229,537,1,1,600,53.8
243693,244234,244235,541,1,1,600,54.2
243694,244239,244243,545,4,1,600,54.9
243696,244244,244246,548,2,1,600,55.0
243697,244258,244259,561,1,1,600,56.2
243698,244263,244269,565,6,1,600,57.1
243700,244268,244271,568,3,1,600,57.1
243701,244274,244276,573,2,1,600,57.5
243703,244281,244286,578,5,1,600,58.3
243704,244287,244288,583,1,1,600,58.4
243706,244292,244294,586,2,1,600,58.8
243707,244297,244299,590,2,1,600,59.2
243709,244305,244307,596,2,1,600,59.8
243710,244311,244313,601,2,1,600,60.3
243772,244316,244318,544,2,1,600,54.6
243773,244321,244327,548,6,1,600,55.4
243774,244328,244330,554,2,1,600,55.6
243776,244334,244335,558,1,1,600,55.9
243777,244339,244341,562,2,1,600,56.4
243779,244345,244347,566,2,1,600,56.8
243780,244352,244392,572,40,1,600,15.3
243781,244358,244359,577,1,1,600,57.8
243783,244363,244364,580,1,1,600,58.1
243784,244368,244370,584,2,1,600,58.6
243786,244376,244378,590,2,1,600,59.2
243787,244382,244383,595,1,1,600,59.6
243788,244387,244388,599,1,1,600,60.0
243850,244392,244394,542,2,1,600,54.4
243851,244400,244402,549,2,1,600,55.1
243853,244405,244407,552,2,1,600,55.4
243854,244410,244414,556,4,1,600,56.0
243856,244416,244417,560,1,1,600,56.1
243857,244423,244424,566,1,1,600,56.7
243858,244428,244430,570,2,1,600,57.2
243860,244434,244435,574,1,1,600,57.5
243861,244439,244440,578,1,1,600,57.9
243863,244447,244452,584,5,1,600,58.9
243864,244452,244453,588,1,1,600,58.9
243865,244458,244461,593,3,1,600,59.6
243867,244463,244464,596,1,1,600,59.7
243928,244468,244474,540,6,1,600,54.6
243930,244476,244485,546,9,1,600,55.5
243931,244481,244482,550,1,1,600,55.1
243933,244487,244489,554,2,1,600,55.6
243934,244492,244495,558,3,1,600,56.1
243936,244497,244499,561,2,1,600,56.3
243937,244505,244506,568,1,1,600,56.9
243938,244510,244515,572,5,1,600,57.7
243940,244516,244518,576,2,1,600,57.8
243941,244521,244522,580,1,1,600,58.1
243943,244529,244531,586,2,1,600,58.8
243944,244535,244542,591,7,1,600,59.8
243945,244540,244541,595,1,1,600,59.6
243947,244545,244547,598,2,1,600,60.0
244008,244553,244555,545,2,1,600,54.7
244010,244558,244559,548,1,1,600,54.9
244012,244564,244567,552,3,1,600,55.5
244013,244569,244571,556,2,1,600,55.8
244014,244577,244578,563,1,1,600,56.4
244016,244582,244584,566,2,1,600,56.8
244017,244588,244589,571,1,1,600,57.2
244019,244593,244594,574,1,1,600,57.5
244020,244601,244603,581,2,1,600,58.3
244021,244606,244608,585,2,1,600,58.7
244023,244611,244614,588,3,1,600,59.1
244024,244617,244620,593,3,1,600,59.6
244026,244622,244624,596,2,1,600,59.8
244087,244630,244631,543,1,1,600,54.4
244089,244636,244637,547,1,1,600,54.8
244090,244641,244642,551,1,1,600,55.2
244092,244646,244648,554,2,1,600,55.6
244093,244654,244655,561,1,1,600,56.2
244094,244660,244661,566,1,1,600,56.7
244096,244665,244697,569,32,1,600,18.78125
244097,244670,244673,573,3,1,600,57.6
244099,244676,244677,577,1,1,600,57.8
244100,244684,244686,584,2,1,600,58.6
244102,244690,244691,588,1,1,600,58.9
244103,244695,244696,592,1,1,600,59.3
244105,244702,244703,597,1,1,600,59.8
244106,244707,244709,601,2,1,600,60.3
244168,244713,244714,545,1,1,600,54.6
244169,244720,244727,551,7,1,600,55.8
244171,244725,244729,554,4,1,600,55.8
244172,244731,244735,559,4,1,600,56.3
244173,244736,244738,563,2,1,600,56.5
244175,244744,244749,569,5,1,600,57.4
244176,244750,244751,574,1,1,600,57.5
244178,244755,244758,577,3,1,600,58.0
244179,244760,244762,581,2,1,600,58.3
244180,244768,244769,588,1,1,600,58.9
244182,244774,244775,592,1,1,600,59.3
244243,244779,244781,536,2,1,600,53.8
244245,244784,244786,539,2,1,600,54.1
244246,244792,244794,546,2,1,600,54.8
244248,244797,244799,549,2,1,600,55.1
244249,244803,244804,554,1,1,600,55.5
244251,244808,244810,557,2,1,600,55.9
244252,244816,244818,564,2,1,600,56.6
244253,244821,244823,568,2,1,600,57.0
244255,244827,244829,572,2,1,600,57.4
244256,244832,244834,576,2,1,600,57.8
244258,244838,244839,580,1,1,600,58.1
244259,244845,244846,586,1,1,600,58.7
244260,244850,244852,590,2,1,600,59.2
244322,244856,244858,534,2,1,600,53.6
244324,244861,244863,537,2,1,600,53.9
244325,244869,244870,544,1,1,600,54.5
244326,244874,244876,548,2,1,600,55.0
244328,244880,244881,552,1,1,600,55.3
244329,244885,244887,556,2,1,600,55.8
244331,244893,244895,562,2,1,600,56.4
244332,244899,244900,567,1,1,600,56.8
244334,244904,244905,570,1,1,600,57.1
244335,244910,244912,575,2,1,600,57.7
244336,244915,244916,579,1,1,600,58.0
244338,244922,244924,584,2,1,600,58.6
244339,244927,244928,588,1,1,600,58.9
244401,244933,244935,532,2,1,600,53.4
244402,244938,244940,536,2,1,600,53.8
244404,244946,244947,542,1,1,600,54.3
244405,244952,244953,547,1,1,600,54.8
244406,244957,244958,551,1,1,600,55.2
244408,244962,244964,554,2,1,600,55.6
244409,244970,244971,561,1,1,600,56.2
244411,244976,244977,565,1,1,600,56.6
244412,244981,244982,569,1,1,600,57.0
244413,244986,244998,573,12,1,600,48.75
244415,244992,244993,577,1,1,600,57.8
244416,245000,245002,584,2,1,600,58.6
244418,245006,245007,588,1,1,600,58.9
244479,245011,245013,532,2,1,600,53.4
244480,245016,245018,536,2,1,600,53.8
244482,245024,245026,542,2,1,600,54.4
244483,245030,245031,547,1,1,600,54.8
244485,245035,245037,550,2,1,600,55.2
244486,245040,245042,554,2,1,600,55.6
244487,245048,245051,561,3,1,600,56.4
244489,245054,245057,565,3,1,600,56.8
244490,245059,245060,569,1,1,600,57.0
244492,245065,245067,573,2,1,600,57.5
244493,245072,245074,579,2,1,600,58.1
244494,245077,245079,583,2,1,600,58.5
244496,245083,245093,587,10,1,600,59.7
244497,245088,245091,591,3,1,600,59.4
244559,245094,245095,535,1,1,600,53.6
244560,245101,245102,541,1,1,600,54.2
244562,245106,245108,544,2,1,600,54.6
244563,245112,245113,549,1,1,600,55.0
244565,245119,245122,554,3,1,600,55.7
244566,245125,245126,559,1,1,600,56.0
244567,245130,245140,563,10,1,600,57.3
244569,245135,245137,566,2,1,600,56.8
244570,245143,245144,573,1,1,600,57.4
244572,245148,245150,576,2,1,600,57.8
244573,245154,245156,581,2,1,600,58.3
244575,245159,245161,584,2,1,600,58.6
244576,245167,245169,591,2,1,600,59.3
244578,245173,245174,595,1,1,600,59.6
244639,245178,245179,539,1,1,600,54.0
244641,245183,245186,542,3,1,600,54.5
244642,245191,245192,549,1,1,600,55.0
244643,245196,245203,553,7,1,600,56.0
244645,245202,245204,557,2,1,600,55.9
244646,245207,245209,561,2,1,600,56.3
244648,245212,245214,564,2,1,600,56.6
244649,245220,245228,571,8,1,600,57.9
244649,265930,271554,21281,5624,8,72000,4.78396159317
244651,245226,245231,575,5,1,600,58.0
244652,245231,245232,579,1,1,600,58.0
244654,245236,245238,582,2,1,600,58.4
244655,245244,245246,589,2,1,600,59.1
244656,245250,245251,594,1,1,600,59.5
244691,284463,475807,39772,191344,6,604800,1.20785600803
244718,245255,245257,537,2,1,600,53.9
244719,245260,245262,541,2,1,600,54.3
244721,245266,245267,545,1,1,600,54.6
244722,245273,245274,551,1,1,600,55.2
244724,245279,245280,555,1,1,600,55.6
244725,245284,245285,559,1,1,600,56.0
244726,245289,245296,563,7,1,600,57.0
244728,245298,245299,570,1,1,600,57.1
244729,245303,245309,574,6,1,600,58.0
244731,245308,245320,577,12,1,600,49.0833333333
244732,245314,245319,582,5,1,600,58.7
244734,245319,245321,585,2,1,600,58.7
244735,245327,245329,592,2,1,600,59.4
244797,245333,245334,536,1,1,600,53.7
244798,245338,245340,540,2,1,600,54.2
244799,245347,245348,548,1,1,600,54.9
244801,245352,245353,551,1,1,600,55.2
244802,245357,245359,555,2,1,600,55.7
244804,245363,245364,559,1,1,600,56.0
244805,245368,245369,563,1,1,600,56.4
244807,245376,245379,569,3,1,600,57.2
244808,245381,245384,573,3,1,600,57.6
244810,245387,245388,577,1,1,600,57.8
244811,245392,245394,581,2,1,600,58.3
244813,245398,245399,585,1,1,600,58.6
244814,245410,245412,596,2,1,600,59.8
244816,245416,245417,600,1,1,600,60.1
244877,245421,245424,544,3,1,600,54.7
244879,245426,245428,547,2,1,600,54.9
244880,245432,245433,552,1,1,600,55.3
244882,245437,245440,555,3,1,600,55.8
244883,245445,245447,562,2,1,600,56.4
244885,245450,245451,565,1,1,600,56.6
244886,245456,245457,570,1,1,600,57.1
244888,245461,245463,573,2,1,600,57.5
244889,245467,245468,578,1,1,600,57.9
244890,245479,245481,589,2,1,600,59.1
244892,245485,245486,593,1,1,600,59.4
244893,245490,245491,597,1,1,600,59.8
244895,245495,245498,600,3,1,600,60.3
244956,245503,245504,547,1,1,600,54.8
244958,245508,245510,550,2,1,600,55.2
244959,245514,245515,555,1,1,600,55.6
244960,245519,245521,559,2,1,600,56.1
244962,245525,245526,563,1,1,600,56.4
244963,245532,245533,569,1,1,600,57.0
244965,245537,245539,572,2,1,600,57.4
244966,245543,245544,577,1,1,600,57.8
244968,245548,245550,580,2,1,600,58.2
244969,245556,245557,587,1,1,600,58.8
244971,245561,245564,590,3,1,600,59.3
244972,245567,245568,595,1,1,600,59.6
244974,245572,245574,598,2,1,600,60.0
245035,245577,245579,542,2,1,600,54.4
245037,245585,245586,548,1,1,600,54.9
245038,245590,245591,552,1,1,600,55.3
245039,245596,245602,557,6,1,600,56.3
245041,245601,245603,560,2,1,600,56.2
245042,245609,245611,567,2,1,600,56.9
245044,245614,245619,570,5,1,600,57.5
245045,245620,245630,575,10,1,600,58.5
245047,245625,245626,578,1,1,600,57.9
245048,245633,245634,585,1,1,600,58.6
245049,245638,245640,589,2,1,600,59.1
245051,245644,245645,593,1,1,600,59.4
245052,245649,245650,597,1,1,600,59.8
245114,245657,245660,543,3,1,600,54.6
245115,245663,245664,548,1,1,600,54.9
245117,245668,245669,551,1,1,600,55.2
245118,245673,245675,555,2,1,600,55.7
245120,245679,245680,559,1,1,600,56.0
245121,245686,245688,565,2,1,600,56.7
245123,245691,245693,568,2,1,600,57.0
245124,245697,245698,573,1,1,600,57.4
245125,245702,245704,577,2,1,600,57.9
245127,245710,245711,583,1,1,600,58.4
245128,245715,245717,587,2,1,600,58.9
245130,245721,245725,591,4,1,600,59.5
245131,245726,245727,595,1,1,600,59.6
245133,245731,245733,598,2,1,600,60.0
245194,245739,245741,545,2,1,600,54.7
245195,245744,245746,549,2,1,600,55.1
245197,245750,245751,553,1,1,600,55.4
245198,245755,245757,557,2,1,600,55.9
245200,245761,245762,561,1,1,600,56.2
245201,245768,245769,567,1,1,600,56.8
245203,245773,245775,570,2,1,600,57.2
245204,245779,245781,575,2,1,600,57.7
245205,245784,245785,579,1,1,600,58.0
245207,245792,245793,585,1,1,600,58.6
245208,245797,245798,589,1,1,600,59.0
245210,245803,245804,593,1,1,600,59.4
245211,245808,245809,597,1,1,600,59.8
245273,245815,245819,542,4,1,600,54.6
245274,245820,245822,546,2,1,600,54.8
245275,245826,245827,551,1,1,600,55.2
245277,245831,245834,554,3,1,600,55.7
245278,245839,245840,561,1,1,600,56.2
245280,245844,245845,564,1,1,600,56.5
245281,245849,245852,568,3,1,600,57.1
245283,245855,245856,572,1,1,600,57.3
245284,245862,245864,578,2,1,600,58.0
245285,245867,245869,582,2,1,600,58.4
245287,245873,245874,586,1,1,600,58.7
245288,245878,245880,590,2,1,600,59.2
245290,245886,245888,596,2,1,600,59.8
245291,245891,245893,600,2,1,600,60.2
245353,245897,245904,544,7,1,600,55.1
245354,245902,245907,548,5,1,600,55.3
245355,245908,245919,553,11,1,600,51.2727272727
245357,245920,245922,563,2,1,600,56.5
245358,245926,245931,568,5,1,600,57.3
245360,245931,245933,571,2,1,600,57.3
245361,245939,245942,578,3,1,600,58.1
245362,245944,245946,582,2,1,600,58.4
245364,245950,245951,586,1,1,600,58.7
245365,245955,245957,590,2,1,600,59.2
245367,245963,245965,596,2,1,600,59.8
245368,245968,245970,600,2,1,600,60.2
245369,245974,245975,605,1,1,600,60.6
245431,245979,245981,548,2,1,600,55.0
245432,245984,245986,552,2,1,600,55.4
245434,245992,245994,558,2,1,600,56.0
245435,245997,246000,562,3,1,600,56.5
245437,246003,246004,566,1,1,600,56.7
245438,246008,246009,570,1,1,600,57.1
245439,246014,246015,575,1,1,600,57.6
245441,246021,246023,580,2,1,600,58.2
245442,246026,246028,584,2,1,600,58.6
245444,246032,246035,588,3,1,600,59.1
245445,246037,246041,592,4,1,600,59.6
245447,246043,246045,596,2,1,600,59.8
245508,246050,246056,542,6,1,600,54.8
245510,246055,246057,545,2,1,600,54.7
245511,246061,246064,550,3,1,600,55.3
245513,246066,246068,553,2,1,600,55.5
245514,246074,246084,560,10,1,600,57.0
245515,246079,246081,564,2,1,600,56.6
245517,246084,246086,567,2,1,600,56.9
245518,246090,246091,572,1,1,600,57.3
245520,246097,246098,577,1,1,600,57.8
245521,246102,246103,581,1,1,600,58.2
245523,246108,246109,585,1,1,600,58.6
245524,246113,246114,589,1,1,600,59.0
245586,246120,246121,534,1,1,600,53.5
245587,246125,246127,538,2,1,600,54.0
245588,246131,246132,543,1,1,600,54.4
245590,246136,246138,546,2,1,600,54.8
245591,246144,246146,553,2,1,600,55.5
245593,246149,246151,556,2,1,600,55.8
245594,246155,246156,561,1,1,600,56.2
245596,246160,246162,564,2,1,600,56.6
245597,246166,246167,569,1,1,600,57.0
245598,246173,246175,575,2,1,600,57.7
245600,246179,246180,579,1,1,600,58.0
245601,246184,246185,583,1,1,600,58.4
245603,246190,246192,587,2,1,600,58.9
245664,246197,246199,533,2,1,600,53.5
245665,246202,246204,537,2,1,600,53.9
245667,246208,246210,541,2,1,600,54.3
245668,246213,246214,545,1,1,600,54.6
245670,246218,246220,548,2,1,600,55.0
245671,246226,246227,555,1,1,600,55.6
245673,246231,246233,558,2,1,600,56.0
245674,246236,246238,562,2,1,600,56.4
245675,246242,246243,567,1,1,600,56.8
245677,246249,246250,572,1,1,600,57.3
245678,246255,246256,577,1,1,600,57.8
245680,246260,246261,580,1,1,600,58.1
245681,246265,246269,584,4,1,600,58.8
245683,246273,246274,590,1,1,600,59.1
245744,246278,246279,534,1,1,600,53.5
245746,246283,246285,537,2,1,600,53.9
245747,246289,246290,542,1,1,600,54.3
245748,246294,246296,546,2,1,600,54.8
245750,246302,246303,552,1,1,600,55.3
245751,246307,246309,556,2,1,600,55.8
245753,246313,246324,560,11,1,600,51.9090909091
245754,246318,246319,564,1,1,600,56.5
245756,246324,246325,568,1,1,600,56.9
245757,246331,246332,574,1,1,600,57.5
245758,246336,246339,578,3,1,600,58.1
245760,246342,246343,582,1,1,600,58.3
245761,246347,246348,586,1,1,600,58.7
245763,246354,246355,591,1,1,600,59.2
245825,246359,246362,534,3,1,600,53.7
245826,246365,246366,539,1,1,600,54.0
245827,246370,246372,543,2,1,600,54.5
245829,246377,246380,548,3,1,600,55.1
245830,246383,246385,553,2,1,600,55.5
245832,246388,246390,556,2,1,600,55.8
245833,246394,246399,561,5,1,600,56.6
245835,246399,246401,564,2,1,600,56.6
245836,246406,246407,570,1,1,600,57.1
245837,246411,246414,574,3,1,600,57.7
245839,246417,246418,578,1,1,600,57.9
245840,246422,246426,582,4,1,600,58.6
245842,246430,246431,588,1,1,600,58.9
245903,246435,246437,532,2,1,600,53.4
245905,246441,246443,536,2,1,600,53.8
245906,246446,246448,540,2,1,600,54.2
245908,246452,246453,544,1,1,600,54.5
245909,246459,246461,550,2,1,600,55.2
245910,246464,246467,554,3,1,600,55.7
245912,246470,246471,558,1,1,600,55.9
245913,246475,246477,562,2,1,600,56.4
245915,246483,246484,568,1,1,600,56.9
245916,246488,246489,572,1,1,600,57.3
245917,246493,246496,576,3,1,600,57.9
245919,246499,246500,580,1,1,600,58.1
245980,246504,246507,524,3,1,600,52.7
245982,246512,246517,530,5,1,600,53.5
245983,246517,246518,534,1,1,600,53.5
245985,246523,246525,538,2,1,600,54.0
245986,246528,246529,542,1,1,600,54.3
245987,246533,246535,546,2,1,600,54.8
245989,246541,246544,552,3,1,600,55.5
245990,246546,246548,556,2,1,600,55.8
245992,246552,246553,560,1,1,600,56.1
245993,246557,246562,564,5,1,600,56.9
245994,246563,246564,569,1,1,600,57.0
245996,246570,246571,574,1,1,600,57.5
245997,246576,246587,579,11,1,600,53.6363636364
246059,246581,246589,522,8,1,600,53.0
246060,246586,246589,526,3,1,600,52.9
246062,246594,246595,532,1,1,600,53.3
246063,246599,246601,536,2,1,600,53.8
246064,246605,246606,541,1,1,600,54.2
246066,246612,246619,546,7,1,600,55.3
246067,246617,246619,550,2,1,600,55.2
246069,246623,246634,554,11,1,600,51.3636363636
246070,246628,246630,558,2,1,600,56.0
246072,246636,246639,564,3,1,600,56.7
246073,246641,246642,568,1,1,600,56.9
246074,246647,246648,573,1,1,600,57.4
246076,246652,246654,576,2,1,600,57.8
246077,246660,246662,583,2,1,600,58.5
246139,246665,246667,526,2,1,600,52.8
246141,246671,246676,530,5,1,600,53.5
246142,246676,246677,534,1,1,600,53.5
246143,246681,246683,538,2,1,600,54.0
246145,246694,246696,549,2,1,600,55.1
246146,246700,246702,554,2,1,600,55.6
246148,246705,246707,557,2,1,600,55.9
246149,246711,246713,562,2,1,600,56.4
246150,246718,246722,568,4,1,600,57.2
246152,246723,246725,571,2,1,600,57.3
246153,246729,246730,576,1,1,600,57.7
246155,246734,246736,579,2,1,600,58.1
246156,246742,246744,586,2,1,600,58.8
246158,246747,246749,589,2,1,600,59.1
246219,246753,246754,534,1,1,600,53.5
246221,246758,246759,537,1,1,600,53.8
246222,246763,246765,541,2,1,600,54.3
246224,246771,246772,547,1,1,600,54.8
246225,246777,246778,552,1,1,600,55.3
246226,246782,246785,556,3,1,600,55.9
246228,246787,246789,559,2,1,600,56.1
246229,246793,246795,564,2,1,600,56.6
246231,246800,246802,569,2,1,600,57.1
246232,246806,246807,574,1,1,600,57.5
246234,246811,246813,577,2,1,600,57.9
246235,246817,246818,582,1,1,600,58.3
246236,246822,246823,586,1,1,600,58.7
246298,246830,246831,532,1,1,600,53.3
246299,246835,246838,536,3,1,600,53.9
246301,246841,246842,540,1,1,600,54.1
246303,246846,246857,543,11,1,600,50.3636363636
246304,246852,246853,548,1,1,600,54.9
246305,246859,246861,554,2,1,600,55.6
246307,246865,246870,558,5,1,600,56.3
246308,246870,246872,562,2,1,600,56.4
246310,246876,246877,566,1,1,600,56.7
246311,246883,246884,572,1,1,600,57.3
246313,246888,246889,575,1,1,600,57.6
246314,246894,246898,580,4,1,600,58.4
246315,246899,246900,584,1,1,600,58.5
246317,246907,246908,590,1,1,600,59.1
246378,246912,246913,534,1,1,600,53.5
246380,246918,246919,538,1,1,600,53.9
246381,246923,246924,542,1,1,600,54.3
246383,246931,246932,548,1,1,600,54.9
246384,246936,246939,552,3,1,600,55.5
246385,246942,246946,557,4,1,600,56.1
246387,246947,246949,560,2,1,600,56.2
246388,246952,246954,564,2,1,600,56.6
246390,246960,246964,570,4,1,600,57.4
246391,246966,246967,575,1,1,600,57.6
246392,246971,246972,579,1,1,600,58.0
246394,246976,246980,582,4,1,600,58.6
246396,246984,246985,588,1,1,600,58.9
246397,246989,246993,592,4,1,600,59.6
246459,246995,246997,536,2,1,600,53.8
246460,247000,247001,540,1,1,600,54.1
246461,247005,247007,544,2,1,600,54.6
246463,247013,247014,550,1,1,600,55.1
246464,247018,247020,554,2,1,600,55.6
246466,247024,247025,558,1,1,600,55.9
246467,247029,247031,562,2,1,600,56.4
246468,247035,247036,567,1,1,600,56.8
246470,247042,247044,572,2,1,600,57.4
246471,247048,247049,577,1,1,600,57.8
246473,247053,247055,580,2,1,600,58.2
246474,247059,247060,585,1,1,600,58.6
246475,247064,247066,589,2,1,600,59.1
246477,247072,247074,595,2,1,600,59.7
246538,247077,247079,539,2,1,600,54.1
246540,247083,247084,543,1,1,600,54.4
246542,247088,247090,546,2,1,600,54.8
246543,247094,247095,551,1,1,600,55.2
246544,247101,247102,557,1,1,600,55.8
246546,247106,247108,560,2,1,600,56.2
246547,247112,247113,565,1,1,600,56.6
246549,247117,247119,568,2,1,600,57.0
246550,247125,247128,575,3,1,600,57.8
246552,247130,247132,578,2,1,600,58.0
246553,247136,247137,583,1,1,600,58.4
246555,247141,247142,586,1,1,600,58.7
246556,247147,247149,591,2,1,600,59.3
246618,247154,247156,536,2,1,600,53.8
246619,247160,247161,541,1,1,600,54.2
246621,247165,247170,544,5,1,600,54.9
246622,247171,247173,549,2,1,600,55.1
246624,247176,247177,552,1,1,600,55.3
246625,247184,247185,559,1,1,600,56.0
246627,247190,247191,563,1,1,600,56.4
246628,247195,247198,567,3,1,600,57.0
246630,247200,247203,570,3,1,600,57.3
246631,247208,247209,577,1,1,600,57.8
246633,247213,247216,580,3,1,600,58.3
246634,247219,247220,585,1,1,600,58.6
246635,247224,247225,589,1,1,600,59.0
246697,247232,247234,535,2,1,600,53.7
246698,247238,247239,540,1,1,600,54.1
246700,247243,247244,543,1,1,600,54.4
246701,247248,247262,547,14,1,600,40.0714285714
246703,247254,247255,551,1,1,600,55.2
246704,247262,247263,558,1,1,600,55.9
246705,247267,247270,562,3,1,600,56.5
246707,247273,247274,566,1,1,600,56.7
246708,247278,247280,570,2,1,600,57.2
246710,247286,247287,576,1,1,600,57.7
246711,247292,247293,581,1,1,600,58.2
246713,247297,247300,584,3,1,600,58.7
246714,247303,247305,589,2,1,600,59.1
246776,247308,247309,532,1,1,600,53.3
246777,247316,247317,539,1,1,600,54.0
246779,247321,247324,542,3,1,600,54.5
246780,247327,247328,547,1,1,600,54.8
246782,247332,247334,550,2,1,600,55.2
246783,247340,247344,557,4,1,600,56.1
246785,247345,247348,560,3,1,600,56.3
246786,247351,247352,565,1,1,600,56.6
246788,247357,247358,569,1,1,600,57.0
246789,247362,247364,573,2,1,600,57.5
246790,247370,247372,580,2,1,600,58.2
246792,247375,247377,583,2,1,600,58.5
246793,247381,247382,588,1,1,600,58.9
246795,247386,247388,591,2,1,600,59.3
246856,247392,247393,536,1,1,600,53.7
246858,247399,247400,541,1,1,600,54.2
246859,247404,247406,545,2,1,600,54.7
246861,247410,247412,549,2,1,600,55.1
246862,247415,247417,553,2,1,600,55.5
246863,247422,247423,559,1,1,600,56.0
246865,247427,247429,562,2,1,600,56.4
246866,247433,247435,567,2,1,600,56.9
246868,247438,247446,570,8,1,600,57.8
246869,247446,247448,577,2,1,600,57.9
246871,247451,247453,580,2,1,600,58.2
246872,247457,247462,585,5,1,600,59.0
246934,247462,247470,528,8,1,600,53.6
246935,247470,247471,535,1,1,600,53.6
246937,247476,247477,539,1,1,600,54.0
246938,247481,247489,543,8,1,600,55.1
246940,247487,247488,547,1,1,600,54.8
246941,247494,247496,553,2,1,600,55.5
246943,247500,247505,557,5,1,600,56.2
246944,247505,247506,561,1,1,600,56.2
246945,247511,247513,566,2,1,600,56.8
246947,247518,247519,571,1,1,600,57.2
246948,247524,247525,576,1,1,600,57.7
246950,247529,247531,579,2,1,600,58.1
246951,247535,247536,584,1,1,600,58.5
246953,247540,247541,587,1,1,600,58.8
247014,247547,247549,533,2,1,600,53.5
247016,247552,247560,536,8,1,600,54.4
247017,247558,247559,541,1,1,600,54.2
247019,247563,247565,544,2,1,600,54.6
247020,247571,247572,551,1,1,600,55.2
247021,247576,247579,555,3,1,600,55.8
247023,247582,247583,559,1,1,600,56.0
247025,247587,247589,562,2,1,600,56.4
247026,247595,247602,569,7,1,600,57.6
247028,247600,247602,572,2,1,600,57.4
247029,247605,247607,576,2,1,600,57.8
247030,247611,247613,581,2,1,600,58.3
247032,247616,247617,584,1,1,600,58.5
247033,247624,247625,591,1,1,600,59.2
247095,247629,247631,534,2,1,600,53.6
247096,247635,247638,539,3,1,600,54.2
247098,247640,247651,542,11,1,600,50.2727272727
247099,247648,247649,549,1,1,600,55.0
247100,247653,247655,553,2,1,600,55.5
247102,247659,247662,557,3,1,600,56.0
247103,247664,247666,561,2,1,600,56.3
247105,247672,247673,567,1,1,600,56.8
247106,247677,247679,571,2,1,600,57.3
247108,247683,247695,575,12,1,600,48.9166666667
247109,247688,247690,579,2,1,600,58.1
247110,247696,247697,586,1,1,600,58.7
247112,247701,247704,589,3,1,600,59.2
247173,247707,247709,534,2,1,600,53.6
247175,247712,247714,537,2,1,600,53.9
247176,247720,247721,544,1,1,600,54.5
247178,247725,247732,547,7,1,600,55.4
247179,247731,247732,552,1,1,600,55.3
247181,247736,247738,555,2,1,600,55.7
247182,247743,247744,561,1,1,600,56.2
247184,247748,247759,564,11,1,600,52.2727272727
247185,247754,247755,569,1,1,600,57.0
247187,247761,247763,574,2,1,600,57.6
247188,247767,247768,579,1,1,600,58.0
247189,247772,247774,583,2,1,600,58.5
247191,247778,247779,587,1,1,600,58.8
247192,247785,247787,593,2,1,600,59.5
247254,247790,247792,536,2,1,600,53.8
247255,247796,247797,541,1,1,600,54.2
247257,247801,247804,544,3,1,600,54.7
247258,247809,247810,551,1,1,600,55.2
247260,247814,247816,554,2,1,600,55.6
247261,247820,247821,559,1,1,600,56.0
247263,247825,247827,562,2,1,600,56.4
247264,247831,247832,567,1,1,600,56.8
247266,247838,247839,572,1,1,600,57.3
247267,247843,247845,576,2,1,600,57.8
247269,247849,247851,580,2,1,600,58.2
247270,247854,247858,584,4,1,600,58.8
247271,247860,247861,589,1,1,600,59.0
247333,247867,247868,534,1,1,600,53.5
247335,247872,247875,537,3,1,600,54.0
247336,247878,247879,542,1,1,600,54.3
247337,247883,247884,546,1,1,600,54.7
247339,247891,247894,552,3,1,600,55.5
247341,247896,247899,555,3,1,600,55.8
247342,247902,247904,560,2,1,600,56.2
247344,247907,247909,563,2,1,600,56.5
247345,247913,247916,568,3,1,600,57.1
247347,247920,247921,573,1,1,600,57.4
247348,247926,247927,578,1,1,600,57.9
247350,247931,247940,581,9,1,600,59.0
247351,247936,247938,585,2,1,600,58.7
247413,247944,247945,531,1,1,600,53.2
247414,247949,247951,535,2,1,600,53.7
247415,247955,247957,540,2,1,600,54.2
247417,247960,247963,543,3,1,600,54.6
247419,247968,247969,549,1,1,600,55.0
247420,247973,247975,553,2,1,600,55.5
247422,247979,247980,557,1,1,600,55.8
247423,247984,247986,561,2,1,600,56.3
247424,247992,247994,568,2,1,600,57.0
247426,247997,248000,571,3,1,600,57.4
247427,248003,248005,576,2,1,600,57.8
247429,248008,248010,579,2,1,600,58.1
247430,248014,248015,584,1,1,600,58.5
247432,248022,248040,590,18,1,600,33.7777777778
247493,248027,248029,534,2,1,600,53.6
247495,248033,248034,538,1,1,600,53.9
247496,248038,248039,542,1,1,600,54.3
247498,248044,248045,546,1,1,600,54.7
247499,248051,248052,552,1,1,600,55.3
247501,248056,248059,555,3,1,600,55.8
247502,248062,248063,560,1,1,600,56.1
247504,248067,248068,563,1,1,600,56.4
247505,248075,248076,570,1,1,600,57.1
247507,248080,248082,573,2,1,600,57.5
247508,248086,248087,578,1,1,600,57.9
247510,248091,248093,581,2,1,600,58.3
247511,248097,248098,586,1,1,600,58.7
247513,248104,248106,591,2,1,600,59.3
247574,248110,248112,536,2,1,600,53.8
247575,248115,248117,540,2,1,600,54.2
247577,248121,248127,544,6,1,600,55.0
247579,248126,248127,547,1,1,600,54.8
247580,248134,248135,554,1,1,600,55.5
247581,248139,248141,558,2,1,600,56.0
247583,248145,248147,562,2,1,600,56.4
247584,248150,248152,566,2,1,600,56.8
247586,248158,248159,572,1,1,600,57.3
247587,248164,248165,577,1,1,600,57.8
247589,248169,248171,580,2,1,600,58.2
247590,248174,248176,584,2,1,600,58.6
247592,248182,248184,590,2,1,600,59.2
247653,248188,248189,535,1,1,600,53.6
247654,248193,248200,539,7,1,600,54.6
247656,248198,248203,542,5,1,600,54.7
247657,248206,248207,549,1,1,600,55.0
247659,248211,248214,552,3,1,600,55.5
247660,248217,248219,557,2,1,600,55.9
247662,248222,248224,560,2,1,600,56.2
247663,248230,248232,567,2,1,600,56.9
247664,248235,248238,571,3,1,600,57.4
247666,248241,248243,575,2,1,600,57.7
247667,248246,248248,579,2,1,600,58.1
247669,248254,248256,585,2,1,600,58.7
247670,248260,248261,590,1,1,600,59.1
247732,248265,248266,533,1,1,600,53.4
247733,248271,248272,538,1,1,600,53.9
247735,248278,248279,543,1,1,600,54.4
247736,248284,248285,548,1,1,600,54.9
247737,248289,248297,552,8,1,600,56.0
247739,248295,248296,556,1,1,600,55.7
247740,248300,248301,560,1,1,600,56.1
247742,248309,248310,567,1,1,600,56.8
247743,248314,248319,571,5,1,600,57.6
247745,248320,248321,575,1,1,600,57.6
247746,248325,248336,579,11,1,600,53.6363636364
247748,248333,248334,585,1,1,600,58.6
247749,248338,248340,589,2,1,600,59.1
247751,248344,248345,593,1,1,600,59.4
247812,248349,248380,537,31,1,600,18.3225806452
247814,248354,248356,540,2,1,600,54.2
247815,248362,248369,547,7,1,600,55.4
247817,248368,248369,551,1,1,600,55.2
247818,248373,248374,555,1,1,600,55.6
247820,248379,248380,559,1,1,600,56.0
247821,248386,248388,565,2,1,600,56.7
247822,248392,248393,570,1,1,600,57.1
247824,248397,248400,573,3,1,600,57.6
247825,248403,248405,578,2,1,600,58.0
247827,248412,248416,585,4,1,600,58.9
247828,248417,248420,589,3,1,600,59.2
247830,248423,248424,593,1,1,600,59.4
247892,248428,248435,536,7,1,600,54.3
247893,248436,248437,543,1,1,600,54.4
247894,248441,248443,547,2,1,600,54.9
247896,248447,248448,551,1,1,600,55.2
247897,248452,248454,555,2,1,600,55.7
247899,248457,248459,558,2,1,600,56.0
247900,248465,248467,565,2,1,600,56.7
247901,248471,248472,570,1,1,600,57.1
247903,248476,248478,573,2,1,600,57.5
247904,248481,248483,577,2,1,600,57.9
247906,248489,248491,583,2,1,600,58.5
247907,248494,248497,587,3,1,600,59.0
247909,248500,248501,591,1,1,600,59.2
247910,248505,248507,595,2,1,600,59.7
247971,248552,248562,581,10,1,600,59.1
247973,248557,248559,584,2,1,600,58.6
247974,248563,248564,589,1,1,600,59.0
247976,248568,248569,592,1,1,600,59.3
247977,248574,248578,597,4,1,600,60.1
247979,248581,248583,602,2,1,600,60.4
247980,248587,248589,607,2,1,600,60.9
247982,248592,248593,610,1,1,600,61.1
247983,248598,248599,615,1,1,600,61.6
247984,248603,248606,619,3,1,600,62.2
247986,248610,248613,624,3,1,600,62.7
247987,248616,248617,629,1,1,600,63.0
247989,248621,248633,632,12,1,600,53.6666666667
248050,248627,248629,577,2,1,600,57.9
248052,248634,248636,582,2,1,600,58.4
248053,248640,248642,587,2,1,600,58.9
248055,248645,248646,590,1,1,600,59.1
248056,248651,248652,595,1,1,600,59.6
248057,248658,248683,601,25,1,600,25.04
248059,248664,248665,605,1,1,600,60.6
248060,248669,248670,609,1,1,600,61.0
248062,248675,248676,613,1,1,600,61.4
248063,248680,248681,617,1,1,600,61.8
248065,248687,248688,622,1,1,600,62.3
248066,248692,248694,626,2,1,600,62.8
248067,248698,248699,631,1,1,600,63.2
248069,248705,248707,636,2,1,600,63.8
248130,248710,248712,580,2,1,600,58.2
248132,248716,248718,584,2,1,600,58.6
248133,248721,248727,588,6,1,600,59.4
248135,248729,248734,594,5,1,600,59.9
248136,248735,248741,599,6,1,600,60.5
248137,248740,248741,603,1,1,600,60.4
248139,248745,248752,606,7,1,600,61.3
248140,248753,248755,613,2,1,600,61.5
248142,248759,248760,617,1,1,600,61.8
248143,248764,248765,621,1,1,600,62.2
248145,248769,248772,624,3,1,600,62.7
248146,248775,248778,629,3,1,600,63.2
248148,248782,248789,634,7,1,600,64.1
248209,248787,248789,578,2,1,600,58.0
248211,248793,248794,582,1,1,600,58.3
248212,248798,248804,586,6,1,600,59.2
248214,248806,248809,592,3,1,600,59.5
248215,248811,248813,596,2,1,600,59.8
248216,248817,248818,601,1,1,600,60.2
248218,248822,248823,604,1,1,600,60.5
248220,248828,248829,608,1,1,600,60.9
248221,248835,248842,614,7,1,600,62.1
248222,248841,248843,619,2,1,600,62.1
248224,248846,248848,622,2,1,600,62.4
248225,248852,248853,627,1,1,600,62.8
248227,248857,248859,630,2,1,600,63.2
248288,248865,248866,577,1,1,600,57.8
248290,248870,248872,580,2,1,600,58.2
248291,248875,248877,584,2,1,600,58.6
248293,248881,248882,588,1,1,600,58.9
248294,248886,248887,592,1,1,600,59.3
248296,248894,248896,598,2,1,600,60.0
248297,248900,248901,603,1,1,600,60.4
248299,248905,248907,606,2,1,600,60.8
248300,248910,248912,610,2,1,600,61.2
248302,248916,248920,614,4,1,600,61.8
248303,248924,248926,621,2,1,600,62.3
248304,248929,248931,625,2,1,600,62.7
248306,248935,248936,629,1,1,600,63.0
248307,248940,248942,633,2,1,600,63.5
248369,248949,248950,580,1,1,600,58.1
248370,248954,248956,584,2,1,600,58.6
248372,248959,248961,587,2,1,600,58.9
248373,248965,248966,592,1,1,600,59.3
248375,248970,248971,595,1,1,600,59.6
248376,248978,248979,602,1,1,600,60.3
248378,248984,248987,606,3,1,600,60.9
248379,248989,248990,610,1,1,600,61.1
248381,248994,248996,613,2,1,600,61.5
248382,249000,249002,618,2,1,600,62.0
248384,249007,249009,623,2,1,600,62.5
248385,249012,249014,627,2,1,600,62.9
248387,249018,249019,631,1,1,600,63.2
248449,249023,249034,574,11,1,600,53.1818181818
248450,249031,249032,581,1,1,600,58.2
248451,249036,249038,585,2,1,600,58.7
248453,249042,249043,589,1,1,600,59.0
248454,249047,249048,593,1,1,600,59.4
248456,249052,249054,596,2,1,600,59.8
248457,249060,249061,603,1,1,600,60.4
248458,249065,249067,607,2,1,600,60.9
248460,249071,249078,611,7,1,600,61.8
248462,249076,249078,614,2,1,600,61.6
248463,249082,249084,619,2,1,600,62.1
248464,249089,249091,625,2,1,600,62.7
248466,249095,249097,629,2,1,600,63.1
248527,249100,249101,573,1,1,600,57.4
248529,249108,249109,579,1,1,600,58.0
248530,249113,249115,583,2,1,600,58.5
248532,249119,249120,587,1,1,600,58.8
248533,249124,249127,591,3,1,600,59.4
248535,249132,249133,597,1,1,600,59.8
248536,249137,249138,601,1,1,600,60.2
248538,249142,249145,604,3,1,600,60.7
248599,249148,249149,549,1,1,600,55.0
248601,249153,249156,552,3,1,600,55.5
248602,249161,249162,559,1,1,600,56.0
248603,249166,249167,563,1,1,600,56.4
248605,249172,249174,567,2,1,600,56.9
248606,249177,249180,571,3,1,600,57.4
248608,249185,249186,577,1,1,600,57.8
248609,249190,249192,581,2,1,600,58.3
248611,249196,249198,585,2,1,600,58.7
248613,249201,249203,588,2,1,600,59.0
248674,249209,249210,535,1,1,600,53.6
248676,249214,249216,538,2,1,600,54.0
248677,249220,249221,543,1,1,600,54.4
248679,249225,249232,546,7,1,600,55.3
248680,249233,249237,553,4,1,600,55.7
248681,249239,249240,558,1,1,600,55.9
248683,249244,249245,561,1,1,600,56.2
248684,249250,249253,566,3,1,600,56.9
248686,249255,249256,569,1,1,600,57.0
248687,249263,249264,576,1,1,600,57.7
248689,249269,249270,580,1,1,600,58.1
248690,249274,249276,584,2,1,600,58.6
248692,249280,249281,588,1,1,600,58.9
248753,249287,249289,534,2,1,600,53.6
248755,249292,249294,537,2,1,600,53.9
248756,249298,249300,542,2,1,600,54.4
248757,249303,249305,546,2,1,600,54.8
248759,249309,249310,550,1,1,600,55.1
248761,249316,249324,555,8,1,600,56.3
248762,249322,249323,560,1,1,600,56.1
248763,249327,249328,564,1,1,600,56.5
248765,249332,249334,567,2,1,600,56.9
248766,249340,249348,574,8,1,600,58.2
248768,249346,249347,578,1,1,600,57.9
248769,249351,249352,582,1,1,600,58.3
248771,249357,249358,586,1,1,600,58.7
248772,249362,249363,590,1,1,600,59.1
248834,249370,249371,536,1,1,600,53.7
248835,249375,249381,540,6,1,600,54.6
248836,249381,249382,545,1,1,600,54.6
248838,249386,249387,548,1,1,600,54.9
248839,249392,249396,553,4,1,600,55.7
248841,249399,249400,558,1,1,600,55.9
248842,249405,249406,563,1,1,600,56.4
248844,249410,249412,566,2,1,600,56.8
248845,249416,249417,571,1,1,600,57.2
248847,249421,249422,574,1,1,600,57.5
248848,249428,249430,580,2,1,600,58.2
248850,249433,249435,583,2,1,600,58.5
248851,249439,249441,588,2,1,600,59.0
248913,249444,249446,531,2,1,600,53.3
248914,249452,249454,538,2,1,600,54.0
248915,249457,249459,542,2,1,600,54.4
248917,249463,249464,546,1,1,600,54.7
248918,249468,249470,550,2,1,600,55.2
248920,249476,249477,556,1,1,600,55.7
248921,249481,249483,560,2,1,600,56.2
248923,249486,249488,563,2,1,600,56.5
248925,249492,249495,567,3,1,600,57.0
248926,249497,249499,571,2,1,600,57.3
248927,249505,249507,578,2,1,600,58.0
248929,249511,249518,582,7,1,600,58.9
248930,249516,249519,586,3,1,600,58.9
248932,249522,249549,590,27,1,600,22.8518518519
248993,249530,249532,537,2,1,600,53.9
248995,249536,249538,541,2,1,600,54.3
248996,249541,249542,545,1,1,600,54.6
248997,249547,249551,550,4,1,600,55.4
248999,249554,249556,555,2,1,600,55.7
249000,249560,249562,560,2,1,600,56.2
249002,249565,249571,563,6,1,600,56.9
249003,249571,249572,568,1,1,600,56.9
249005,249578,249579,573,1,1,600,57.4
249006,249584,249587,578,3,1,600,58.1
249008,249589,249591,581,2,1,600,58.3
249009,249595,249598,586,3,1,600,58.9
249011,249602,249605,591,3,1,600,59.4
249072,249608,249609,536,1,1,600,53.7
249074,249613,249627,539,14,1,600,39.5
249075,249619,249621,544,2,1,600,54.6
249076,249626,249627,550,1,1,600,55.1
249078,249632,249633,554,1,1,600,55.5
249079,249637,249638,558,1,1,600,55.9
249081,249642,249652,561,10,1,600,57.1
249082,249650,249652,568,2,1,600,57.0
249084,249655,249657,571,2,1,600,57.3
249085,249661,249663,576,2,1,600,57.8
249086,249666,249667,580,1,1,600,58.1
249088,249672,249673,584,1,1,600,58.5
249089,249679,249681,590,2,1,600,59.2
249091,249685,249686,594,1,1,600,59.5
249152,249690,249692,538,2,1,600,54.0
249154,249696,249698,542,2,1,600,54.4
249155,249701,249703,546,2,1,600,54.8
249157,249709,249711,552,2,1,600,55.4
249158,249715,249716,557,1,1,600,55.8
249159,249720,249729,561,9,1,600,57.0
249161,249726,249728,565,2,1,600,56.7
249163,249731,249732,568,1,1,600,56.9
249164,249738,249740,574,2,1,600,57.6
249166,249743,249746,577,3,1,600,58.0
249167,249749,249750,582,1,1,600,58.3
249168,249756,249757,588,1,1,600,58.9
249170,249761,249768,591,7,1,600,59.8
249232,249767,249768,535,1,1,600,53.6
249233,249772,249778,539,6,1,600,54.5
249235,249785,249786,550,1,1,600,55.1
249236,249790,249792,554,2,1,600,55.6
249238,249796,249803,558,7,1,600,56.5
249239,249801,249803,562,2,1,600,56.4
249241,249807,249809,566,2,1,600,56.8
249242,249814,249821,572,7,1,600,57.9
249244,249820,249821,576,1,1,600,57.7
249245,249825,249826,580,1,1,600,58.1
249247,249832,249834,585,2,1,600,58.7
249248,249838,249847,590,9,1,600,59.9
249250,249843,249845,593,2,1,600,59.5
249251,249849,249850,598,1,1,600,59.9
249313,249856,249858,543,2,1,600,54.5
249314,249862,249864,548,2,1,600,55.0
249316,249867,249868,551,1,1,600,55.2
249317,249874,249877,557,3,1,600,56.0
249318,249880,249881,562,1,1,600,56.3
249320,249885,249887,565,2,1,600,56.7
249321,249891,249898,570,7,1,600,57.7
249322,249898,249900,576,2,1,600,57.8
249324,249903,249910,579,7,1,600,58.6
249325,249909,249912,584,3,1,600,58.7
249327,249914,249917,587,3,1,600,59.0
249389,249922,249923,533,1,1,600,53.4
249390,249927,249929,537,2,1,600,53.9
249391,249933,249934,542,1,1,600,54.3
249393,249938,249941,545,3,1,600,54.8
249394,249946,249956,552,10,1,600,56.2
249396,249951,249965,555,14,1,600,40.6428571429
249397,249957,249959,560,2,1,600,56.2
249399,249962,249964,563,2,1,600,56.5
249400,249968,249971,568,3,1,600,57.1
249401,249975,249976,574,1,1,600,57.5
249403,249981,249983,578,2,1,600,58.0
249404,249986,249987,582,1,1,600,58.3
249406,249994,249995,588,1,1,600,58.9
249407,249999,250001,592,2,1,600,59.4
249409,250005,250007,596,2,1,600,59.8
249470,250010,250012,540,2,1,600,54.2
249471,250018,250020,547,2,1,600,54.9
249473,250024,250025,551,1,1,600,55.2
249474,250029,250030,555,1,1,600,55.6
249476,250035,250036,559,1,1,600,56.0
249477,250042,250043,565,1,1,600,56.6
249479,250048,250049,569,1,1,600,57.0
249480,250053,250054,573,1,1,600,57.4
249482,250058,250060,576,2,1,600,57.8
249483,250064,250065,581,1,1,600,58.2
249485,250072,250074,587,2,1,600,58.9
249486,250077,250084,591,7,1,600,59.8
249487,250083,250084,596,1,1,600,59.7
249489,250088,250095,599,7,1,600,60.6
249550,250094,250095,544,1,1,600,54.5
249552,250101,250103,549,2,1,600,55.1
249553,250106,250111,553,5,1,600,55.8
249555,250112,250114,557,2,1,600,55.9
249556,250117,250118,561,1,1,600,56.2
249558,250125,250128,567,3,1,600,57.0
249559,250131,250132,572,1,1,600,57.3
249561,250136,250138,575,2,1,600,57.7
249562,250142,250143,580,1,1,600,58.1
249564,250149,250151,585,2,1,600,58.7
249565,250154,250156,589,2,1,600,59.1
249567,250160,250161,593,1,1,600,59.4
249568,250165,250167,597,2,1,600,59.9
249630,250173,250174,543,1,1,600,54.4
249632,250178,250185,546,7,1,600,55.3
249634,250184,250186,550,2,1,600,55.2
249635,250189,250192,554,3,1,600,55.7
249636,250195,250196,559,1,1,600,56.0
249638,250202,250203,564,1,1,600,56.5
249639,250208,250209,569,1,1,600,57.0
249641,250213,250215,572,2,1,600,57.4
249642,250219,250220,577,1,1,600,57.8
249644,250227,250229,583,2,1,600,58.5
249645,250233,250234,588,1,1,600,58.9
249647,250238,250240,591,2,1,600,59.3
249648,250244,250246,596,2,1,600,59.8
249710,250251,250253,541,2,1,600,54.3
249711,250257,250258,546,1,1,600,54.7
249713,250262,250264,549,2,1,600,55.1
249714,250268,250272,554,4,1,600,55.8
249716,250275,250276,559,1,1,600,56.0
249717,250281,250282,564,1,1,600,56.5
249719,250286,250288,567,2,1,600,56.9
249720,250292,250293,572,1,1,600,57.3
249722,250299,250305,577,6,1,600,58.3
249723,250305,250307,582,2,1,600,58.4
249724,250310,250312,586,2,1,600,58.8
249726,250316,250325,590,9,1,600,59.9
249728,250321,250328,593,7,1,600,60.0
249789,250329,250330,540,1,1,600,54.1
249791,250335,250336,544,1,1,600,54.5
249792,250340,250341,548,1,1,600,54.9
249794,250345,250354,551,9,1,600,56.0
249795,250351,250353,556,2,1,600,55.8
249797,250358,250360,561,2,1,600,56.3
249798,250364,250365,566,1,1,600,56.7
249800,250369,250378,569,9,1,600,57.8
249801,250375,250376,574,1,1,600,57.5
249803,250380,250381,577,1,1,600,57.8
249804,250388,250389,584,1,1,600,58.5
249805,250393,250398,588,5,1,600,59.3
249867,250399,250400,532,1,1,600,53.3
249868,250404,250406,536,2,1,600,53.8
249870,250409,250414,539,5,1,600,54.4
249871,250417,250424,546,7,1,600,55.3
249873,250423,250424,550,1,1,600,55.1
249874,250428,250430,554,2,1,600,55.6
249876,250434,250435,558,1,1,600,55.9
249877,250439,250441,562,2,1,600,56.4
249879,250447,250448,568,1,1,600,56.9
249880,250453,250485,573,32,1,600,18.90625
249882,250458,250460,576,2,1,600,57.8
249883,250464,250465,581,1,1,600,58.2
249885,250469,250471,584,2,1,600,58.6
249886,250475,250477,589,2,1,600,59.1
249888,250482,250484,594,2,1,600,59.6
249949,250488,250489,539,1,1,600,54.0
249951,250493,250495,542,2,1,600,54.4
249952,250499,250500,547,1,1,600,54.8
249953,250506,250509,553,3,1,600,55.6
249955,250512,250514,557,2,1,600,55.9
249956,250518,250520,562,2,1,600,56.4
249957,250523,250525,566,2,1,600,56.8
249959,250529,250530,570,1,1,600,57.1
249960,250534,250536,574,2,1,600,57.6
249962,250542,250543,580,1,1,600,58.1
249963,250548,250549,585,1,1,600,58.6
249964,250553,250560,589,7,1,600,59.6
250026,250558,250560,532,2,1,600,53.4
250027,250564,250566,537,2,1,600,53.9
250029,250569,250572,540,3,1,600,54.3
250030,250577,250580,547,3,1,600,55.0
250032,250583,250584,551,1,1,600,55.2
250033,250588,250589,555,1,1,600,55.6
250034,250594,250595,560,1,1,600,56.1
250036,250599,250601,563,2,1,600,56.5
250037,250607,250613,570,6,1,600,57.6
250039,250613,250614,574,1,1,600,57.5
250040,250618,250620,578,2,1,600,58.0
250042,250624,250629,582,5,1,600,58.7
250043,250629,250632,586,3,1,600,58.9
250044,250635,250637,591,2,1,600,59.3
250106,250642,250645,536,3,1,600,53.9
250108,250648,250658,540,10,1,600,55.0
250109,250653,250656,544,3,1,600,54.7
250110,250659,250660,549,1,1,600,55.0
250112,250664,250666,552,2,1,600,55.4
250113,250672,250674,559,2,1,600,56.1
250115,250678,250679,563,1,1,600,56.4
250116,250683,250685,567,2,1,600,56.9
250118,250689,250690,571,1,1,600,57.2
250119,250694,250697,575,3,1,600,57.8
250120,250700,250703,580,3,1,600,58.3
250122,250707,250709,585,2,1,600,58.7
250123,250713,250714,590,1,1,600,59.1
250125,250718,250721,593,3,1,600,59.6
250186,250724,250725,538,1,1,600,53.9
250188,250729,250739,541,10,1,600,55.1
250189,250737,250739,548,2,1,600,55.0
250191,250743,250744,552,1,1,600,55.3
250192,250749,250750,557,1,1,600,55.8
250193,250754,250757,561,3,1,600,56.4
250195,250760,250761,565,1,1,600,56.6
250196,250766,250767,570,1,1,600,57.1
250198,250773,250776,575,3,1,600,57.8
250199,250779,250781,580,2,1,600,58.2
250201,250785,250786,584,1,1,600,58.5
250202,250790,250791,588,1,1,600,58.9
250204,250796,250797,592,1,1,600,59.3
250265,250801,250807,536,6,1,600,54.2
250267,250809,250817,542,8,1,600,55.0
250268,250814,250816,546,2,1,600,54.8
250270,250820,250822,550,2,1,600,55.2
250271,250825,250828,554,3,1,600,55.7
250273,250831,250833,558,2,1,600,56.0
250274,250837,250838,563,1,1,600,56.4
250276,250845,250847,569,2,1,600,57.1
250277,250851,250852,574,1,1,600,57.5
250279,250856,250858,577,2,1,600,57.9
250280,250862,250863,582,1,1,600,58.3
250282,250868,250869,586,1,1,600,58.7
250283,250873,250875,590,2,1,600,59.2
250345,250882,250884,537,2,1,600,53.9
250346,250887,250891,541,4,1,600,54.5
250348,250893,250895,545,2,1,600,54.7
250349,250898,250900,549,2,1,600,55.1
250351,250904,250906,553,2,1,600,55.5
250352,250909,250911,557,2,1,600,55.9
250354,250923,250924,569,1,1,600,57.0
250355,251739,251742,1384,3,1,600,138.7
250357,251745,251755,1388,10,1,600,139.8
250358,251754,251755,1396,1,1,600,139.7
250360,251767,251768,1407,1,1,600,140.8
250361,251772,251774,1411,2,1,600,141.3
250363,251780,251781,1417,1,1,600,141.8
250424,251787,251789,1363,2,1,600,136.5
250426,251795,251797,1369,2,1,600,137.1
250427,251802,251812,1375,10,1,600,138.5
250428,251809,251810,1381,1,1,600,138.2
250430,251823,251825,1393,2,1,600,139.5
250432,251831,251833,1399,2,1,600,140.1
250433,251838,251840,1405,2,1,600,140.7
250434,251845,251847,1411,2,1,600,141.3
250436,251853,251857,1417,4,1,600,142.1
250437,251861,251862,1424,1,1,600,142.5
250439,251869,251870,1430,1,1,600,143.1
250440,251876,251877,1436,1,1,600,143.7
250442,251884,251885,1442,1,1,600,144.3
250443,251891,251892,1448,1,1,600,144.9
250505,251899,251900,1394,1,1,600,139.5
250506,251907,251908,1401,1,1,600,140.2
250508,251915,251916,1407,1,1,600,140.8
250509,251928,251930,1419,2,1,600,142.1
250511,251936,251938,1425,2,1,600,142.7
250512,251944,251945,1432,1,1,600,143.3
250514,251952,251953,1438,1,1,600,143.9
250515,251959,251960,1444,1,1,600,144.5
250517,251967,251970,1450,3,1,600,145.3
250519,251975,251976,1456,1,1,600,145.7
250520,251983,251984,1463,1,1,600,146.4
250522,251990,251991,1468,1,1,600,146.9
250523,251998,251999,1475,1,1,600,147.6
250585,252005,252006,1420,1,1,600,142.1
250586,252013,252015,1427,2,1,600,142.9
250588,252021,252023,1433,2,1,600,143.5
250589,252029,252031,1440,2,1,600,144.2
250591,252037,252039,1446,2,1,600,144.8
250592,252045,252046,1453,1,1,600,145.4
250594,252053,252059,1459,6,1,600,146.5
250595,252061,252063,1466,2,1,600,146.8
250596,252072,252073,1476,1,1,600,147.7
250598,252079,252080,1481,1,1,600,148.2
250599,252087,252094,1488,7,1,600,149.5
250601,252095,252096,1494,1,1,600,149.5
250602,252106,252108,1504,2,1,600,150.6
250604,252113,252114,1509,1,1,600,151.0
250665,252121,252124,1456,3,1,600,145.9
250667,252129,252130,1462,1,1,600,146.3
250668,252137,252138,1469,1,1,600,147.0
250670,252145,252146,1475,1,1,600,147.6
250671,252153,252154,1482,1,1,600,148.3
250673,252161,252162,1488,1,1,600,148.9
250674,252169,252172,1495,3,1,600,149.8
250676,252176,252178,1500,2,1,600,150.2
250677,252184,252186,1507,2,1,600,150.9
250679,252192,252195,1513,3,1,600,151.6
250680,252199,252201,1519,2,1,600,152.1
250682,252207,252210,1525,3,1,600,152.8
250683,252215,252217,1532,2,1,600,153.4
250685,252222,252225,1537,3,1,600,154.0
250747,252230,252231,1483,1,1,600,148.4
250748,252238,252241,1490,3,1,600,149.3
250750,252246,252248,1496,2,1,600,149.8
250751,252254,252258,1503,4,1,600,150.7
250753,252262,252264,1509,2,1,600,151.1
250754,252270,252271,1516,1,1,600,151.7
250756,252278,252279,1522,1,1,600,152.3
250757,252286,252287,1529,1,1,600,153.0
250759,252293,252295,1534,2,1,600,153.6
250761,252301,252304,1540,3,1,600,154.3
250762,252309,252310,1547,1,1,600,154.8
250764,252316,252317,1552,1,1,600,155.3
250765,252324,252325,1559,1,1,600,156.0
250827,252332,252337,1505,5,1,600,151.0
250828,252339,252344,1511,5,1,600,151.6
250830,252350,252351,1520,1,1,600,152.1
250832,252357,252358,1525,1,1,600,152.6
250833,252364,252366,1531,2,1,600,153.3
250835,252371,252372,1536,1,1,600,153.7
250836,252378,252379,1542,1,1,600,154.3
250838,252385,252386,1547,1,1,600,154.8
250839,252393,252395,1554,2,1,600,155.6
250841,252401,252404,1560,3,1,600,156.3
250843,252409,252411,1566,2,1,600,156.8
250844,252417,252418,1573,1,1,600,157.4
250846,252424,252425,1578,1,1,600,157.9
250848,252432,252434,1584,2,1,600,158.6
250900,282102,282747,31202,645,1,1800,49.3751937984
250904,250930,251611,26,681,2,1800,1.03817914831
250908,250917,251636,9,719,4,1800,1.01251738526
250909,252440,252442,1531,2,1,600,153.3
250911,252448,252449,1537,1,1,600,153.8
250913,252456,252458,1543,2,1,600,154.5
250914,252463,252464,1549,1,1,600,155.0
250916,252471,252472,1555,1,1,600,155.6
250917,252478,252507,1561,29,1,600,54.8275862069
250919,252486,252495,1567,9,1,600,157.6
250920,252508,252509,1588,1,1,600,158.9
250922,252520,252521,1598,1,1,600,159.9
250923,252528,252529,1605,1,1,600,160.6
250925,252536,252538,1611,2,1,600,161.3
250927,252544,252545,1617,1,1,600,161.8
250988,252552,252555,1564,3,1,600,156.7
251436,251648,256291,212,4643,4,72000,1.04566013353
251489,282759,282853,31270,94,1,1800,333.659574468
251568,251624,251726,56,102,2,1800,1.54901960784
251592,256304,256404,4712,100,4,1800,48.12
251771,252559,252561,788,2,1,600,79.0
251773,252567,252568,794,1,1,600,79.5
251774,252574,252575,800,1,1,600,80.1
251776,252581,252585,805,4,1,600,80.9
251837,252589,252602,752,13,1,600,58.8461538462
251839,252596,252597,757,1,1,600,75.8
251840,252610,252612,770,2,1,600,77.2
251842,252618,252621,776,3,1,600,77.9
251843,252626,252627,783,1,1,600,78.4
251845,252634,252635,789,1,1,600,79.0
251846,252642,252645,796,3,1,600,79.9
251847,252650,252652,803,2,1,600,80.5
251849,252658,252663,809,5,1,600,81.4
251910,252665,252667,755,2,1,600,75.7
251912,252675,252677,763,2,1,600,76.5
251913,252683,252685,770,2,1,600,77.2
251915,252691,252693,776,2,1,600,77.8
251916,252699,252705,783,6,1,600,78.9
251918,252707,252720,789,13,1,600,61.6923076923
251919,252717,252724,798,7,1,600,80.5
251921,252732,252733,811,1,1,600,81.2
251922,252740,252743,818,3,1,600,82.1
251924,252748,252750,824,2,1,600,82.6
251985,252756,252758,771,2,1,600,77.3
251987,252764,252773,777,9,1,600,78.6
251988,252771,252773,783,2,1,600,78.5
251990,252785,252787,795,2,1,600,79.7
251991,252791,252794,800,3,1,600,80.3
251993,252799,252800,806,1,1,600,80.7
251995,252807,252808,812,1,1,600,81.3
251996,252815,252816,819,1,1,600,82.0
251998,252823,252824,825,1,1,600,82.6
252059,252831,252833,772,2,1,600,77.4
252061,252839,252841,778,2,1,600,78.0
252062,252846,252847,784,1,1,600,78.5
252064,252854,252857,790,3,1,600,79.3
252066,252862,252864,796,2,1,600,79.8
252067,252870,252871,803,1,1,600,80.4
252069,252878,252879,809,1,1,600,81.0
252070,252885,252886,815,1,1,600,81.6
252072,252892,252895,820,3,1,600,82.3
252134,252899,252901,765,2,1,600,76.7
252135,252908,252912,773,4,1,600,77.7
252137,252916,252925,779,9,1,600,78.8
252138,252924,252926,786,2,1,600,78.8
252140,252938,252939,798,1,1,600,79.9
252142,252943,252946,801,3,1,600,80.4
252143,252952,252955,809,3,1,600,81.2
252145,252960,252961,815,1,1,600,81.6
252146,252967,252968,821,1,1,600,82.2
252208,252974,252975,766,1,1,600,76.7
252210,252982,252984,772,2,1,600,77.4
252211,252989,252991,778,2,1,600,78.0
252213,252996,252997,783,1,1,600,78.4
252214,253004,253005,790,1,1,600,79.1
252216,253011,253012,795,1,1,600,79.6
252217,253019,253021,802,2,1,600,80.4
252219,253026,253027,807,1,1,600,80.8
252220,253033,253045,813,12,1,600,68.75
252282,253040,253042,758,2,1,600,76.0
252284,253055,253060,771,5,1,600,77.6
252285,253062,253063,777,1,1,600,77.8
252287,253072,253074,785,2,1,600,78.7
252289,253079,253086,790,7,1,600,79.7
252290,253086,253087,796,1,1,600,79.7
252292,253098,253100,806,2,1,600,80.8
252293,253106,253108,813,2,1,600,81.5
252295,253114,253120,819,6,1,600,82.5
252296,253122,253123,826,1,1,600,82.7
252358,253132,253133,774,1,1,600,77.5
252360,253140,253150,780,10,1,600,79.0
252361,253148,253150,787,2,1,600,78.9
252363,253162,253165,799,3,1,600,80.2
252365,253168,253179,803,11,1,600,74.0
252366,253178,253180,812,2,1,600,81.4
252368,253192,253194,824,2,1,600,82.6
252370,253198,253200,828,2,1,600,83.0
252371,253206,253208,835,2,1,600,83.7
252373,253214,253215,841,1,1,600,84.2
252435,253222,253224,787,2,1,600,78.9
252437,253230,253232,793,2,1,600,79.5
252438,253238,253239,800,1,1,600,80.1
252440,253246,253250,806,4,1,600,81.0
252442,253254,253256,812,2,1,600,81.4
252443,253262,253263,819,1,1,600,82.0
252445,253269,253271,824,2,1,600,82.6
252446,253277,253278,831,1,1,600,83.2
252448,253285,253287,837,2,1,600,83.9
252450,253293,253294,843,1,1,600,84.4
252511,253301,253302,790,1,1,600,79.1
252513,253308,253309,795,1,1,600,79.6
252515,253315,253317,800,2,1,600,80.2
252517,253323,253325,806,2,1,600,80.8
252518,253331,253332,813,1,1,600,81.4
252520,253338,253340,818,2,1,600,82.0
252521,253346,253353,825,7,1,600,83.2
252583,253354,253356,771,2,1,600,77.3
252585,253365,253366,780,1,1,600,78.1
252586,253372,253374,786,2,1,600,78.8
252588,253380,253382,792,2,1,600,79.4
252590,253388,253390,798,2,1,600,80.0
252592,253396,253398,804,2,1,600,80.6
252593,253404,253405,811,1,1,600,81.2
252595,253411,253412,816,1,1,600,81.7
252596,253418,253420,822,2,1,600,82.4
252658,253425,253428,767,3,1,600,77.0
252660,253433,253434,773,1,1,600,77.4
252661,253440,253441,779,1,1,600,78.0
252663,253448,253450,785,2,1,600,78.7
252665,253456,253457,791,1,1,600,79.2
252666,253464,253466,798,2,1,600,80.0
252668,253472,253475,804,3,1,600,80.7
252669,253480,253481,811,1,1,600,81.2
252671,253488,253489,817,1,1,600,81.8
252733,253496,253498,763,2,1,600,76.5
252734,253503,253504,769,1,1,600,77.0
252736,253510,253511,774,1,1,600,77.5
252737,253518,253525,781,7,1,600,78.8
252739,253525,253532,786,7,1,600,79.3
252740,253537,253544,797,7,1,600,80.4
252742,253544,253546,802,2,1,600,80.4
252743,253556,253557,813,1,1,600,81.4
252805,253564,253566,759,2,1,600,76.1
252807,253572,253575,765,3,1,600,76.8
252808,253579,253580,771,1,1,600,77.2
252811,253587,253589,776,2,1,600,77.8
252812,253595,253596,783,1,1,600,78.4
252814,253603,253604,789,1,1,600,79.0
252816,253611,253612,795,1,1,600,79.6
252817,253625,253627,808,2,1,600,81.0
252819,253632,253633,813,1,1,600,81.4
252880,253639,253641,759,2,1,600,76.1
252882,253647,253648,765,1,1,600,76.6
252884,253654,253656,770,2,1,600,77.2
252885,253662,253663,777,1,1,600,77.8
252887,253670,253672,783,2,1,600,78.5
252889,253678,253680,789,2,1,600,79.1
252890,253685,253686,795,1,1,600,79.6
252892,253692,253693,800,1,1,600,80.1
252893,253699,253700,806,1,1,600,80.7
252895,253706,253708,811,2,1,600,81.3
252957,253714,253716,757,2,1,600,75.9
252958,253721,253723,763,2,1,600,76.5
252960,253729,253730,769,1,1,600,77.0
252961,253737,253747,776,10,1,600,78.6
252963,253745,253748,782,3,1,600,78.5
252964,253759,253760,795,1,1,600,79.6
252966,253767,253768,801,1,1,600,80.2
252968,253775,253776,807,1,1,600,80.8
252969,253783,253785,814,2,1,600,81.6
253031,253791,253793,760,2,1,600,76.2
253032,253799,253806,767,7,1,600,77.4
253034,253806,253808,772,2,1,600,77.4
253035,253818,253819,783,1,1,600,78.4
253037,253826,253828,789,2,1,600,79.1
253038,253834,253836,796,2,1,600,79.8
253040,253842,253846,802,4,1,600,80.6
253041,253850,253852,809,2,1,600,81.1
253043,253858,253860,815,2,1,600,81.7
253105,253866,253868,761,2,1,600,76.3
253106,253874,253877,768,3,1,600,77.1
253108,253882,253887,774,5,1,600,77.9
253110,253890,253894,780,4,1,600,78.4
253111,253899,253901,788,2,1,600,79.0
253113,253907,253908,794,1,1,600,79.5
253114,253915,253917,801,2,1,600,80.3
253116,253923,253926,807,3,1,600,81.0
253117,253931,253933,814,2,1,600,81.6
253179,253939,253940,760,1,1,600,76.1
253181,253946,253947,765,1,1,600,76.6
253182,253954,253956,772,2,1,600,77.4
253184,253962,253964,778,2,1,600,78.0
253186,253970,253971,784,1,1,600,78.5
253188,253978,253980,790,2,1,600,79.2
253190,253986,253988,796,2,1,600,79.8
253191,253994,253996,803,2,1,600,80.5
253253,254002,254003,749,1,1,600,75.0
253254,254009,254011,755,2,1,600,75.7
253256,254017,254019,761,2,1,600,76.3
253258,254025,254026,767,1,1,600,76.8
253259,254033,254035,774,2,1,600,77.6
253261,254047,254049,786,2,1,600,78.8
253263,254054,254057,791,3,1,600,79.4
253265,254062,254064,797,2,1,600,79.9
253266,254070,254071,804,1,1,600,80.5
253328,254078,254080,750,2,1,600,75.2
253330,254086,254087,756,1,1,600,75.7
253331,254094,254098,763,4,1,600,76.7
253333,254101,254104,768,3,1,600,77.1
253334,254110,254113,776,3,1,600,77.9
253336,254118,254120,782,2,1,600,78.4
253337,254126,254128,789,2,1,600,79.1
253339,254134,254145,795,11,1,600,73.2727272727
253341,254142,254156,801,14,1,600,58.2142857143
253343,254157,254159,814,2,1,600,81.6
253404,254168,254170,764,2,1,600,76.6
253406,254175,254177,769,2,1,600,77.1
253408,254183,254185,775,2,1,600,77.7
253410,254191,254192,781,1,1,600,78.2
253411,254199,254201,788,2,1,600,79.0
253413,254207,254210,794,3,1,600,79.7
253415,254215,254217,800,2,1,600,80.2
253416,254223,254235,807,12,1,600,68.25
253418,254231,254233,813,2,1,600,81.5
253420,254245,254247,825,2,1,600,82.7
253481,254253,254255,772,2,1,600,77.4
253483,254261,254263,778,2,1,600,78.0
253485,254269,254271,784,2,1,600,78.6
253486,254277,254279,791,2,1,600,79.3
253488,254285,254289,797,4,1,600,80.1
253489,254293,254295,804,2,1,600,80.6
253491,254301,254304,810,3,1,600,81.3
253493,254309,254312,816,3,1,600,81.9
253494,254317,254318,823,1,1,600,82.4
253496,254325,254326,829,1,1,600,83.0
253557,254333,254335,776,2,1,600,77.8
253560,254341,254343,781,2,1,600,78.3
253561,254349,254351,788,2,1,600,79.0
253563,254357,254363,794,6,1,600,80.0
253565,254364,254365,799,1,1,600,80.0
253566,254375,254377,809,2,1,600,81.1
253568,254383,254386,815,3,1,600,81.8
253570,254391,254393,821,2,1,600,82.3
253631,254399,254401,768,2,1,600,77.0
253633,254407,254409,774,2,1,600,77.6
253634,254414,254416,780,2,1,600,78.2
253636,254422,254424,786,2,1,600,78.8
253638,254430,254432,792,2,1,600,79.4
253639,254438,254439,799,1,1,600,80.0
253641,254446,254448,805,2,1,600,80.7
253642,254454,254456,812,2,1,600,81.4
253644,254462,254464,818,2,1,600,82.0
253706,254470,254471,764,1,1,600,76.5
253707,254477,254478,770,1,1,600,77.1
253709,254485,254487,776,2,1,600,77.8
253711,254492,254494,781,2,1,600,78.3
253712,254500,254502,788,2,1,600,79.0
253714,254508,254510,794,2,1,600,79.6
253715,254516,254517,801,1,1,600,80.2
253717,254524,254526,807,2,1,600,80.9
253718,254532,254534,814,2,1,600,81.6
253720,254540,254542,820,2,1,600,82.2
253722,254548,254549,826,1,1,600,82.7
253783,254555,254558,772,3,1,600,77.5
253785,254563,254566,778,3,1,600,78.1
253787,254571,254573,784,2,1,600,78.6
253788,254579,254580,791,1,1,600,79.2
253790,254586,254588,796,2,1,600,79.8
253791,254594,254596,803,2,1,600,80.5
253793,254602,254604,809,2,1,600,81.1
253795,254610,254612,815,2,1,600,81.7
253856,254618,254619,762,1,1,600,76.3
253858,254625,254626,767,1,1,600,76.8
253860,254633,254634,773,1,1,600,77.4
253862,254640,254641,778,1,1,600,77.9
253863,254648,254650,785,2,1,600,78.7
253865,254656,254658,791,2,1,600,79.3
253867,254664,254667,797,3,1,600,80.0
253868,254672,254675,804,3,1,600,80.7
253870,254680,254682,810,2,1,600,81.2
253932,254688,254690,756,2,1,600,75.8
253934,254696,254698,762,2,1,600,76.4
253936,254704,254705,768,1,1,600,76.9
253937,254712,254715,775,3,1,600,77.8
253939,254719,254720,780,1,1,600,78.1
253941,254727,254729,786,2,1,600,78.8
253942,254735,254737,793,2,1,600,79.5
253944,254743,254744,799,1,1,600,80.0
253946,254757,254758,811,1,1,600,81.2
253947,254764,254766,817,2,1,600,81.9
254009,254772,254774,763,2,1,600,76.5
254011,254780,254782,769,2,1,600,77.1
254012,254787,254789,775,2,1,600,77.7
254014,254795,254797,781,2,1,600,78.3
254016,254803,254804,787,1,1,600,78.8
254017,254811,254814,794,3,1,600,79.7
254019,254819,254820,800,1,1,600,80.1
254021,254833,254843,812,10,1,600,82.2
254022,254841,254842,819,1,1,600,82.0
254084,254854,254856,770,2,1,600,77.2
254086,254862,254865,776,3,1,600,77.9
254087,254870,254872,783,2,1,600,78.5
254089,254878,254887,789,9,1,600,79.8
254091,254886,254887,795,1,1,600,79.6
254093,254899,254901,806,2,1,600,80.8
254094,254905,254907,811,2,1,600,81.3
254096,254913,254915,817,2,1,600,81.9
254098,254921,254922,823,1,1,600,82.4
254160,254929,254931,769,2,1,600,77.1
254161,254937,254938,776,1,1,600,77.7
254164,254944,254946,780,2,1,600,78.2
254165,254952,254954,787,2,1,600,78.9
254167,254960,254962,793,2,1,600,79.5
254169,254968,254970,799,2,1,600,80.1
254171,254976,254978,805,2,1,600,80.7
254172,254984,254987,812,3,1,600,81.5
254234,254992,254995,758,3,1,600,76.1
254236,255000,255002,764,2,1,600,76.6
254237,255008,255009,771,1,1,600,77.2
254239,255016,255018,777,2,1,600,77.9
254241,255023,255024,782,1,1,600,78.3
254242,255031,255034,789,3,1,600,79.2
254244,255039,255041,795,2,1,600,79.7
254246,255047,255049,801,2,1,600,80.3
254247,255055,255058,808,3,1,600,81.1
254309,255063,255072,754,9,1,600,76.3
254311,255071,255073,760,2,1,600,76.2
254312,255085,255086,773,1,1,600,77.4
254314,255090,255094,776,4,1,600,78.0
254316,255098,255099,782,1,1,600,78.3
254317,255106,255108,789,2,1,600,79.1
254319,255114,255122,795,8,1,600,80.3
254321,255122,255125,801,3,1,600,80.4
254322,255134,255136,812,2,1,600,81.4
254324,255142,255143,818,1,1,600,81.9
254386,255150,255151,764,1,1,600,76.5
254387,255158,255172,771,14,1,600,56.0714285714
254389,255165,255166,776,1,1,600,77.7
254390,255179,255181,789,2,1,600,79.1
254392,255187,255188,795,1,1,600,79.6
254394,255195,255197,801,2,1,600,80.3
254396,255203,255206,807,3,1,600,81.0
254398,255211,255213,813,2,1,600,81.5
254399,255219,255226,820,7,1,600,82.7
254461,255227,255230,766,3,1,600,76.9
254463,255238,255241,775,3,1,600,77.8
254465,255246,255248,781,2,1,600,78.3
254467,255254,255261,787,7,1,600,79.4
254468,255262,255264,794,2,1,600,79.6
254470,255273,255275,803,2,1,600,80.5
254471,255281,255283,810,2,1,600,81.2
254473,255289,255292,816,3,1,600,81.9
254475,255297,255299,822,2,1,600,82.4
254537,255305,255307,768,2,1,600,77.0
254538,255313,255314,775,1,1,600,77.6
254540,255320,255321,780,1,1,600,78.1
254542,255328,255330,786,2,1,600,78.8
254543,255336,255339,793,3,1,600,79.6
254545,255344,255346,799,2,1,600,80.1
254547,255352,255377,805,25,1,600,33.2
254548,255360,255362,812,2,1,600,81.4
254551,255375,255377,824,2,1,600,82.6
254552,255389,255391,837,2,1,600,83.9
254614,255395,255397,781,2,1,600,78.3
254616,255403,255405,787,2,1,600,78.9
254617,255411,255413,794,2,1,600,79.6
254619,255419,255421,800,2,1,600,80.2
254621,255427,255428,806,1,1,600,80.7
254622,255435,255436,813,1,1,600,81.4
254624,255443,255445,819,2,1,600,82.1
254626,255451,255453,825,2,1,600,82.7
254628,255459,255461,831,2,1,600,83.3
254630,255467,255470,837,3,1,600,84.0
254692,255475,255477,783,2,1,600,78.5
254693,255483,255484,790,1,1,600,79.1
254695,255491,255493,796,2,1,600,79.8
254696,255499,255502,803,3,1,600,80.6
254698,255507,255508,809,1,1,600,81.0
254700,255514,255518,814,4,1,600,81.8
254701,255522,255527,821,5,1,600,82.6
254703,255531,255532,828,1,1,600,82.9
254705,255540,255541,835,1,1,600,83.6
254707,255547,255548,840,1,1,600,84.1
254769,255554,255556,785,2,1,600,78.7
254770,255562,255564,792,2,1,600,79.4
254772,255570,255571,798,1,1,600,79.9
254774,255578,255580,804,2,1,600,80.6
254776,255585,255587,809,2,1,600,81.1
254777,255593,255595,816,2,1,600,81.8
254779,255601,255602,822,1,1,600,82.3
254780,255609,255610,829,1,1,600,83.0
254783,255616,255618,833,2,1,600,83.5
254845,255624,255626,779,2,1,600,78.1
254846,255632,255633,786,1,1,600,78.7
254848,255640,255641,792,1,1,600,79.3
254850,255648,255650,798,2,1,600,80.0
254851,255657,255658,806,1,1,600,80.7
254853,255664,255666,811,2,1,600,81.3
254855,255672,255673,817,1,1,600,81.8
254856,255679,255681,823,2,1,600,82.5
254918,255687,255689,769,2,1,600,77.1
254920,255695,255697,775,2,1,600,77.7
254921,255703,255705,782,2,1,600,78.4
254923,255711,255714,788,3,1,600,79.1
254925,255719,255720,794,1,1,600,79.5
254926,255728,255729,802,1,1,600,80.3
254928,255735,255737,807,2,1,600,80.9
254930,255743,255745,813,2,1,600,81.5
254932,255751,255753,819,2,1,600,82.1
254994,255759,255760,765,1,1,600,76.6
254996,255766,255768,770,2,1,600,77.2
254997,255773,255774,776,1,1,600,77.7
254999,255781,255787,782,6,1,600,78.8
255001,255789,255791,788,2,1,600,79.0
255002,255799,255800,797,1,1,600,79.8
255004,255807,255809,803,2,1,600,80.5
255006,255815,255818,809,3,1,600,81.2
255007,255823,255825,816,2,1,600,81.8
255009,255831,255832,822,1,1,600,82.3
255071,255838,255840,767,2,1,600,76.9
255072,255846,255847,774,1,1,600,77.5
255074,255854,255856,780,2,1,600,78.2
255076,255862,255864,786,2,1,600,78.8
255077,255870,255872,793,2,1,600,79.5
255079,255878,255879,799,1,1,600,80.0
255080,255885,255907,805,22,1,600,37.5909090909
255082,255893,255896,811,3,1,600,81.4
255084,255908,255911,824,3,1,600,82.7
255146,255919,255924,773,5,1,600,77.8
255147,255927,255930,780,3,1,600,78.3
255149,255936,255938,787,2,1,600,78.9
255150,255944,255947,794,3,1,600,79.7
255152,255952,255954,800,2,1,600,80.2
255154,255960,255966,806,6,1,600,81.2
255155,255968,255969,813,1,1,600,81.4
255157,255978,255982,821,4,1,600,82.5
255159,255986,255988,827,2,1,600,82.9
255220,255994,255995,774,1,1,600,77.5
255223,256002,256004,779,2,1,600,78.1
255224,256011,256013,787,2,1,600,78.9
255226,256018,256019,792,1,1,600,79.3
255228,256032,256033,804,1,1,600,80.5
255229,256040,256042,811,2,1,600,81.3
255231,256048,256051,817,3,1,600,82.0
255233,256056,256058,823,2,1,600,82.5
255294,256064,256066,770,2,1,600,77.2
255296,256072,256074,776,2,1,600,77.8
255298,256079,256092,781,13,1,600,61.0769230769
255299,256087,256093,788,6,1,600,79.4
255301,256104,256106,803,2,1,600,80.5
255302,256113,256145,811,32,1,600,26.34375
255304,256120,256122,816,2,1,600,81.8
255306,256135,256137,829,2,1,600,83.1
255308,256149,256150,841,1,1,600,84.2
255370,256158,256160,788,2,1,600,79.0
255371,256166,256168,795,2,1,600,79.7
255373,256175,256178,802,3,1,600,80.5
255374,256183,256184,809,1,1,600,81.0
255376,256190,256192,814,2,1,600,81.6
255378,256198,256200,820,2,1,600,82.2
255380,256206,256208,826,2,1,600,82.8
255441,256214,256216,773,2,1,600,77.5
255443,256222,256224,779,2,1,600,78.1
255444,256229,256234,785,5,1,600,79.0
255447,256237,256245,790,8,1,600,79.8
255448,256246,256248,798,2,1,600,80.0
255450,256257,256258,807,1,1,600,80.8
255452,256264,256266,812,2,1,600,81.4
255453,268991,268993,13538,2,1,600,1354.0
255455,268996,269005,13541,9,1,600,1355.0
255456,269004,269007,13548,3,1,600,1355.1
255518,269010,269016,13492,6,1,600,1349.8
255520,269019,269020,13499,1,1,600,1350.0
255521,269024,269025,13503,1,1,600,1350.4
255523,269033,269037,13510,4,1,600,1351.4
255525,269039,269047,13514,8,1,600,1352.2
255527,269048,269049,13521,1,1,600,1352.2
255528,269053,269054,13525,1,1,600,1352.6
255530,269062,269064,13532,2,1,600,1353.4
255532,269067,269068,13535,1,1,600,1353.6
255533,269073,269077,13540,4,1,600,1354.4
255595,269081,269082,13486,1,1,600,1348.7
255597,269086,269099,13489,13,1,600,1038.61538462
255598,269092,269093,13494,1,1,600,1349.5
255600,269100,269102,13500,2,1,600,1350.2
255602,269105,269106,13503,1,1,600,1350.4
255604,269115,269118,13511,3,1,600,1351.4
255606,269121,269122,13515,1,1,600,1351.6
255608,269129,269130,13521,1,1,600,1352.2
255609,269134,269137,13525,3,1,600,1352.8
255612,269143,269166,13531,23,1,600,589.304347826
255674,269148,269149,13474,1,1,600,1347.5
255675,269153,269155,13478,2,1,600,1348.0
255677,269162,269163,13485,1,1,600,1348.6
255679,269167,269169,13488,2,1,600,1349.0
255680,269175,269177,13495,2,1,600,1349.7
255683,269184,269187,13501,3,1,600,1350.4
255684,269190,269197,13506,7,1,600,1351.3
255686,269195,269196,13509,1,1,600,1351.0
255688,269204,269205,13516,1,1,600,1351.7
255689,269209,269211,13520,2,1,600,1352.2
255751,269217,269218,13466,1,1,600,1346.7
255753,269222,269227,13469,5,1,600,1347.4
255755,269231,269243,13476,12,1,600,1124.0
255756,269237,269239,13481,2,1,600,1348.3
255758,269245,269246,13487,1,1,600,1348.8
255760,269250,269253,13490,3,1,600,1349.3
255761,269260,269262,13499,2,1,600,1350.1
255763,269266,269267,13503,1,1,600,1350.4
255765,269275,269277,13510,2,1,600,1351.2
255767,269280,269287,13513,7,1,600,1352.0
255828,269290,269291,13462,1,1,600,1346.3
255830,269295,269297,13465,2,1,600,1346.7
255832,269303,269304,13471,1,1,600,1347.2
255834,269309,269311,13475,2,1,600,1347.7
255836,269318,269319,13482,1,1,600,1348.3
255837,269323,269324,13486,1,1,600,1348.7
255839,269328,269329,13489,1,1,600,1349.0
255841,269337,269351,13496,14,1,600,965.0
255843,269343,269344,13500,1,1,600,1350.1
255905,269348,269350,13443,2,1,600,1344.5
255906,269357,269358,13451,1,1,600,1345.2
255908,269366,269371,13458,5,1,600,1346.3
255910,269372,269373,13462,1,1,600,1346.3
255911,269377,269378,13466,1,1,600,1346.7
255913,269386,269387,13473,1,1,600,1347.4
255915,269391,269393,13476,2,1,600,1347.8
255916,269401,269402,13485,1,1,600,1348.6
255918,269406,269407,13488,1,1,600,1348.9
255980,269411,269413,13431,2,1,600,1343.3
255982,269421,269422,13439,1,1,600,1344.0
255983,269426,269428,13443,2,1,600,1344.5
255985,269436,269438,13451,2,1,600,1345.3
255987,269441,269443,13454,2,1,600,1345.6
255988,269447,269448,13459,1,1,600,1346.0
255990,269455,269456,13465,1,1,600,1346.6
255992,269460,269461,13468,1,1,600,1346.9
255993,269469,269470,13476,1,1,600,1347.7
256055,269474,269475,13419,1,1,600,1342.0
256057,269483,269485,13426,2,1,600,1342.8
256059,269488,269490,13429,2,1,600,1343.1
256061,269497,269505,13436,8,1,600,1344.4
256062,269503,269505,13441,2,1,600,1344.3
256064,269512,269514,13448,2,1,600,1345.0
256066,269517,269519,13451,2,1,600,1345.3
256067,269527,269528,13460,1,1,600,1346.1
256129,269532,269535,13403,3,1,600,1340.6
256131,269538,269544,13407,6,1,600,1341.3
256132,269546,269548,13414,2,1,600,1341.6
256134,269552,269558,13418,6,1,600,1342.4
256136,269560,269561,13424,1,1,600,1342.5
256137,269565,269567,13428,2,1,600,1343.0
256199,269573,269575,13374,2,1,600,1337.6
256201,269579,269580,13378,1,1,600,1337.9
256203,269588,269590,13385,2,1,600,1338.7
256205,269593,269601,13388,8,1,600,1339.6
256206,269602,269603,13396,1,1,600,1339.7
256208,269607,269609,13399,2,1,600,1340.1
256210,269616,269617,13406,1,1,600,1340.7
256211,269621,269623,13410,2,1,600,1341.2
256213,269627,269628,13414,1,1,600,1341.5
256215,269655,269657,13440,2,1,600,1344.2
256219,285117,290549,28898,5432,5,180600,6.31995581738
256276,268959,268965,12683,6,1,600,1268.9
256278,268965,268968,12687,3,1,600,1269.0
256279,268970,268972,12691,2,1,600,1269.3
256281,268975,268978,12694,3,1,600,1269.7
256283,269635,269637,13352,2,1,600,1335.4
256284,269640,269641,13356,1,1,600,1335.7
256286,269650,269653,13364,3,1,600,1336.7
256291,285123,294302,28832,9179,5,180600,4.14108290663
256312,347055,347059,90743,4,5,180600,9074.7
256584,256591,256593,7,2,2,3540,1.0
269026,269665,269667,639,2,1,600,64.1
269027,269670,269671,643,1,1,600,64.4
269029,269678,269680,649,2,1,600,65.1
269030,269684,269685,654,1,1,600,65.5
269031,269693,269695,662,2,1,600,66.4
269033,269698,269701,665,3,1,600,66.8
269034,269708,269709,674,1,1,600,67.5
269035,269713,269716,678,3,1,600,68.1
269037,269722,269724,685,2,1,600,68.7
269038,269727,269729,689,2,1,600,69.1
269100,269737,269738,637,1,1,600,63.8
269101,269742,269743,641,1,1,600,64.2
269102,269751,269753,649,2,1,600,65.1
269104,269757,269768,653,11,1,600,60.3636363636
269105,269766,269767,661,1,1,600,66.2
269106,269771,269774,665,3,1,600,66.8
269108,269781,269783,673,2,1,600,67.5
269109,269786,269788,677,2,1,600,67.9
269111,269795,269797,684,2,1,600,68.6
269112,269801,269803,689,2,1,600,69.1
269113,269810,269811,697,1,1,600,69.8
269114,269815,269818,701,3,1,600,70.4
269176,269825,269826,649,1,1,600,65.0
269177,269830,269832,653,2,1,600,65.5
269179,269836,269839,657,3,1,600,66.0
269180,269845,269846,665,1,1,600,66.6
269181,269850,269852,669,2,1,600,67.1
269183,269856,269857,673,1,1,600,67.4
269184,269865,269866,681,1,1,600,68.2
269185,269870,269872,685,2,1,600,68.7
269187,269880,269882,693,2,1,600,69.5
269188,269885,269887,697,2,1,600,69.9
269249,269891,269892,642,1,1,600,64.3
269251,269900,269902,649,2,1,600,65.1
269253,269906,269907,653,1,1,600,65.4
269254,269915,269916,661,1,1,600,66.2
269256,269920,269925,664,5,1,600,66.9
269257,269926,269927,669,1,1,600,67.0
269258,269933,269935,675,2,1,600,67.7
269260,269939,269940,679,1,1,600,68.0
269261,269948,269949,687,1,1,600,68.8
269262,269953,269954,691,1,1,600,69.2
269264,269962,269969,698,7,1,600,70.5
269325,269967,269970,642,3,1,600,64.5
269326,269977,269978,651,1,1,600,65.2
269328,269982,269984,654,2,1,600,65.6
269329,269991,269993,662,2,1,600,66.4
269331,269997,269998,666,1,1,600,66.7
269332,270002,270003,670,1,1,600,67.1
269333,270011,270012,678,1,1,600,67.9
269335,270016,270025,681,9,1,600,69.0
269336,270025,270026,689,1,1,600,69.0
269337,270031,270032,694,1,1,600,69.5
269339,270039,270042,700,3,1,600,70.3
269400,270044,270045,644,1,1,600,64.5
269401,270052,270053,651,1,1,600,65.2
269403,270057,270060,654,3,1,600,65.7
269404,270066,270076,662,10,1,600,67.2
269405,270072,270077,667,5,1,600,67.2
269407,270081,270083,674,2,1,600,67.6
269408,270087,270088,679,1,1,600,68.0
269409,270096,270098,687,2,1,600,68.9
269411,270102,270104,691,2,1,600,69.3
269412,270110,270111,698,1,1,600,69.9
269413,270115,270117,702,2,1,600,70.4
269475,270125,270127,650,2,1,600,65.2
269476,270131,270133,655,2,1,600,65.7
269478,270136,270143,658,7,1,600,66.5
269479,270146,270150,667,4,1,600,67.1
269480,270152,270153,672,1,1,600,67.3
269482,270160,270162,678,2,1,600,68.0
269483,270166,270167,683,1,1,600,68.4
269484,270175,270177,691,2,1,600,69.3
269486,270180,270182,694,2,1,600,69.6
269487,270190,270191,703,1,1,600,70.4
269548,270195,270205,647,10,1,600,65.7
269550,270204,270206,654,2,1,600,65.6
269551,270210,270211,659,1,1,600,66.0
269553,270219,270221,666,2,1,600,66.8
269554,270224,270225,670,1,1,600,67.1
269555,270233,270235,678,2,1,600,68.0
269557,270238,270240,681,2,1,600,68.3
269558,270248,270249,690,1,1,600,69.1
269559,270253,270261,694,8,1,600,70.2
269561,270262,270263,701,1,1,600,70.2
269622,270267,270275,645,8,1,600,65.3
269624,270277,270280,653,3,1,600,65.6
269625,270282,270284,657,2,1,600,65.9
269626,270288,270289,662,1,1,600,66.3
269628,270297,270298,669,1,1,600,67.0
269629,270302,270303,673,1,1,600,67.4
269631,270311,270312,680,1,1,600,68.1
269632,270316,270318,684,2,1,600,68.6
269633,270326,270327,693,1,1,600,69.4
269635,270331,270332,696,1,1,600,69.7
269636,270337,270339,701,2,1,600,70.3
269637,270345,270348,708,3,1,600,71.1
269699,270351,270352,652,1,1,600,65.3
269700,270356,270357,656,1,1,600,65.7
269702,270364,270367,662,3,1,600,66.5
269703,270369,270371,666,2,1,600,66.8
269704,270379,270380,675,1,1,600,67.6
269706,270384,270385,678,1,1,600,67.9
269707,270393,270394,686,1,1,600,68.7
269708,270398,270401,690,3,1,600,69.3
269710,270408,270410,698,2,1,600,70.0
269711,270414,270415,703,1,1,600,70.4
269772,270419,270420,647,1,1,600,64.8
269774,270429,270430,655,1,1,600,65.6
269775,270434,270441,659,7,1,600,66.6
269776,270439,270441,663,2,1,600,66.5
269778,270449,270451,671,2,1,600,67.3
269779,270454,270456,675,2,1,600,67.7
269781,270464,270466,683,2,1,600,68.5
269782,270469,270471,687,2,1,600,68.9
269783,270479,270480,696,1,1,600,69.7
269785,270484,270486,699,2,1,600,70.1
269846,270493,270495,647,2,1,600,64.9
269847,270498,270500,651,2,1,600,65.3
269849,270507,270509,658,2,1,600,66.0
269850,270513,270514,663,1,1,600,66.4
269851,270521,270523,670,2,1,600,67.2
269853,270527,270528,674,1,1,600,67.5
269854,270540,270543,686,3,1,600,68.9
269855,270546,270547,691,1,1,600,69.2
269857,270555,270558,698,3,1,600,70.1
269858,270560,270561,702,1,1,600,70.3
269859,270569,270570,710,1,1,600,71.1
269921,270574,270575,653,1,1,600,65.4
269922,270588,270591,666,3,1,600,66.9
269924,270594,270595,670,1,1,600,67.1
269925,270603,270605,678,2,1,600,68.0
269926,270609,270610,683,1,1,600,68.4
269928,270618,270619,690,1,1,600,69.1
269929,270623,270625,694,2,1,600,69.6
269930,270633,270635,703,2,1,600,70.5
269932,270638,270640,706,2,1,600,70.8
269933,270643,270644,710,1,1,600,71.1
269934,270652,270653,718,1,1,600,71.9
269996,270657,270661,661,4,1,600,66.5
269997,270666,270668,669,2,1,600,67.1
269999,270671,270673,672,2,1,600,67.4
270000,270685,270687,685,2,1,600,68.7
270001,270690,270691,689,1,1,600,69.0
270003,270700,270701,697,1,1,600,69.8
270004,270705,270709,701,4,1,600,70.5
270006,270714,270715,708,1,1,600,70.9
270007,270719,270722,712,3,1,600,71.5
270009,270727,270730,718,3,1,600,72.1
270010,270733,270734,723,1,1,600,72.4
270072,270742,270743,670,1,1,600,67.1
270073,270747,270749,674,2,1,600,67.6
270074,270766,270767,692,1,1,600,69.3
270076,270771,270773,695,2,1,600,69.7
270077,270781,270782,704,1,1,600,70.5
270079,270786,270787,707,1,1,600,70.8
270080,270791,270792,711,1,1,600,71.2
270081,270806,270807,725,1,1,600,72.6
270083,270811,270812,728,1,1,600,72.9
270084,270820,270824,736,4,1,600,74.0
270146,270825,270827,679,2,1,600,68.1
270147,270834,270835,687,1,1,600,68.8
270149,270839,270840,690,1,1,600,69.1
270150,270848,270850,698,2,1,600,70.0
270151,270854,270855,703,1,1,600,70.4
270153,270859,270860,706,1,1,600,70.7
270154,270868,270869,714,1,1,600,71.5
270155,270873,270875,718,2,1,600,72.0
270157,270882,270883,725,1,1,600,72.6
270158,270887,270890,729,3,1,600,73.2
270160,270895,270902,735,7,1,600,74.2
270221,270900,270902,679,2,1,600,68.1
270222,270910,270913,688,3,1,600,69.1
270224,270915,270917,691,2,1,600,69.3
270225,270925,270926,700,1,1,600,70.1
270226,270930,270932,704,2,1,600,70.6
270228,270940,270942,712,2,1,600,71.4
270229,270945,270947,716,2,1,600,71.8
270230,270950,270953,720,3,1,600,72.3
270232,270965,270967,733,2,1,600,73.5
270233,270970,270972,737,2,1,600,73.9
270295,270983,270985,688,2,1,600,69.0
270296,270988,270990,692,2,1,600,69.4
270297,270998,270999,701,1,1,600,70.2
270299,271003,271004,704,1,1,600,70.5
270300,271012,271019,712,7,1,600,71.9
270301,271017,271019,716,2,1,600,71.8
270303,271026,271031,723,5,1,600,72.8
270304,271031,271034,727,3,1,600,73.0
270305,271040,271043,735,3,1,600,73.8
270307,271045,271046,738,1,1,600,73.9
270368,271054,271060,686,6,1,600,69.2
270369,271059,271060,690,1,1,600,69.1
270371,271067,271068,696,1,1,600,69.7
270372,271072,271080,700,8,1,600,70.8
270374,271081,271083,707,2,1,600,70.9
270375,271086,271088,711,2,1,600,71.3
270376,271091,271093,715,2,1,600,71.7
270378,271100,271101,722,1,1,600,72.3
270379,271105,271107,726,2,1,600,72.8
270380,271124,271128,744,4,1,600,74.8
270382,271130,271131,748,1,1,600,74.9
270443,271138,271140,695,2,1,600,69.7
270444,271144,271146,700,2,1,600,70.2
270446,271153,271155,707,2,1,600,70.9
270447,271158,271162,711,4,1,600,71.5
270448,271168,271170,720,2,1,600,72.2
270450,271173,271174,723,1,1,600,72.4
270451,271182,271184,731,2,1,600,73.3
270452,271187,271192,735,5,1,600,74.0
270454,271196,271198,742,2,1,600,74.4
270455,271201,271202,746,1,1,600,74.7
270457,271210,271212,753,2,1,600,75.5
270518,271215,271217,697,2,1,600,69.9
270519,271223,271225,704,2,1,600,70.6
270521,271228,271231,707,3,1,600,71.0
270522,271238,271239,716,1,1,600,71.7
270523,271243,271244,720,1,1,600,72.1
270525,271252,271253,727,1,1,600,72.8
270526,271257,271259,731,2,1,600,73.3
270527,271266,271268,739,2,1,600,74.1
270529,271272,271274,743,2,1,600,74.5
270530,271277,271278,747,1,1,600,74.8
270592,271285,271314,693,29,1,600,24.8965517241
270593,271291,271293,698,2,1,600,70.0
270594,271305,271306,711,1,1,600,71.2
270596,271310,271311,714,1,1,600,71.5
270597,271319,271320,722,1,1,600,72.3
270598,271327,271329,729,2,1,600,73.1
270600,271332,271335,732,3,1,600,73.5
270601,271338,271340,737,2,1,600,73.9
270602,271352,271365,750,13,1,600,58.6923076923
270664,271357,271360,693,3,1,600,69.6
270665,271365,271366,700,1,1,600,70.1
270666,271370,271383,704,13,1,600,55.1538461538
270668,271378,271379,710,1,1,600,71.1
270669,271383,271385,714,2,1,600,71.6
270670,271391,271393,721,2,1,600,72.3
270672,271401,271402,729,1,1,600,73.0
270673,271406,271407,733,1,1,600,73.4
270675,271411,271413,736,2,1,600,73.8
270676,271421,271422,745,1,1,600,74.6
270737,271426,271434,689,8,1,600,69.7
270739,271431,271433,692,2,1,600,69.4
270740,271441,271443,701,2,1,600,70.3
270741,271446,271448,705,2,1,600,70.7
270743,271460,271461,717,1,1,600,71.8
270744,271465,271468,721,3,1,600,72.4
270745,271474,271477,729,3,1,600,73.2
270747,271480,271482,733,2,1,600,73.5
270748,271485,271487,737,2,1,600,73.9
270749,271493,271496,744,3,1,600,74.7
270811,271499,271500,688,1,1,600,68.9
270812,271507,271509,695,2,1,600,69.7
270813,271512,271514,699,2,1,600,70.1
270815,271521,271522,706,1,1,600,70.7
270816,271526,271528,710,2,1,600,71.2
270817,271534,271536,717,2,1,600,71.9
270819,271540,271542,721,2,1,600,72.3
270820,271548,271551,728,3,1,600,73.1
270881,271553,271554,672,1,1,600,67.3
270883,271563,271565,680,2,1,600,68.2
270884,271568,271570,684,2,1,600,68.6
270885,280616,280623,9731,7,1,600,973.8
270887,280635,280637,9748,2,1,600,975.0
270888,280649,280651,9761,2,1,600,976.3
270889,280663,280665,9774,2,1,600,977.6
270891,280677,280679,9786,2,1,600,978.8
270892,280691,280693,9799,2,1,600,980.1
270894,280705,280707,9811,2,1,600,981.3
270955,280719,280721,9764,2,1,600,976.6
270957,280733,280735,9776,2,1,600,977.8
270958,280747,280754,9789,7,1,600,979.6
270959,280766,280767,9807,1,1,600,980.8
270961,280779,280781,9818,2,1,600,982.0
270962,280793,280795,9831,2,1,600,983.3
270963,280808,280810,9845,2,1,600,984.7
270965,280823,280824,9858,1,1,600,985.9
270966,280837,280840,9871,3,1,600,987.4
270967,280852,280861,9885,9,1,600,989.4
271029,280873,280875,9844,2,1,600,984.6
271030,280887,280896,9857,9,1,600,986.6
271032,280907,280909,9875,2,1,600,987.7
271033,280921,280923,9888,2,1,600,989.0
271034,280935,280937,9901,2,1,600,990.3
271036,280949,280951,9913,2,1,600,991.5
271037,280963,280964,9926,1,1,600,992.7
271038,280976,280978,9938,2,1,600,994.0
271040,280990,280996,9950,6,1,600,995.6
271041,281008,281010,9967,2,1,600,996.9
271103,281022,281024,9919,2,1,600,992.1
271104,281037,281038,9933,1,1,600,993.4
271105,281050,281052,9945,2,1,600,994.7
271107,281064,281065,9957,1,1,600,995.8
271108,281078,281079,9970,1,1,600,997.1
271110,281091,281094,9981,3,1,600,998.4
271111,281106,281112,9995,6,1,600,1000.1
271112,281124,281126,10012,2,1,600,1001.4
271114,281138,281140,10024,2,1,600,1002.6
271115,281152,281153,10037,1,1,600,1003.8
271116,281166,281168,10050,2,1,600,1005.2
271178,281180,281182,10002,2,1,600,1000.4
271179,281194,281195,10015,1,1,600,1001.6
271180,281207,281209,10027,2,1,600,1002.9
271182,281221,281222,10039,1,1,600,1004.0
271183,281234,281235,10051,1,1,600,1005.2
271184,281248,281249,10064,1,1,600,1006.5
271186,281262,281266,10076,4,1,600,1008.0
271187,281278,281281,10091,3,1,600,1009.4
271249,281293,281294,10044,1,1,600,1004.5
271250,281307,281318,10057,11,1,600,915.272727273
271252,281330,281343,10078,13,1,600,776.230769231
271253,281355,281356,10102,1,1,600,1010.3
271254,281368,281370,10114,2,1,600,1011.6
271256,281382,281390,10126,8,1,600,1013.4
271257,281403,281404,10146,1,1,600,1014.7
271258,281417,281418,10159,1,1,600,1016.0
271260,281431,281433,10171,2,1,600,1017.3
271261,281445,281447,10184,2,1,600,1018.6
271262,281460,281462,10198,2,1,600,1020.0
271324,281474,281475,10150,1,1,600,1015.1
271325,281488,281490,10163,2,1,600,1016.5
271326,281502,281506,10176,4,1,600,1018.0
271328,281519,281520,10191,1,1,600,1019.2
271329,281532,281534,10203,2,1,600,1020.5
271330,281547,281548,10217,1,1,600,1021.8
271331,281560,281562,10229,2,1,600,1023.1
271333,281574,281577,10241,3,1,600,1024.4
271334,281589,281591,10255,2,1,600,1025.7
271336,281603,281605,10267,2,1,600,1026.9
271397,281617,281619,10220,2,1,600,1022.2
271398,281632,281635,10234,3,1,600,1023.7
271400,281648,281650,10248,2,1,600,1025.0
271401,281662,281664,10261,2,1,600,1026.3
271402,281676,281679,10274,3,1,600,1027.7
271404,281691,281692,10287,1,1,600,1028.8
271405,281704,281706,10299,2,1,600,1030.1
271407,281718,281720,10311,2,1,600,1031.3
271408,281732,281734,10324,2,1,600,1032.6
271409,281746,281747,10337,1,1,600,1033.8
271470,281761,281763,10291,2,1,600,1029.3
271472,281776,281778,10304,2,1,600,1030.6
271473,281790,281792,10317,2,1,600,1031.9
271475,281804,281805,10329,1,1,600,1033.0
271476,281817,281819,10341,2,1,600,1034.3
271477,281831,281833,10354,2,1,600,1035.6
271478,281845,281847,10367,2,1,600,1036.9
271480,281859,281860,10379,1,1,600,1038.0
271481,281873,281876,10392,3,1,600,1039.5
271482,281888,281890,10406,2,1,600,1040.8
271544,281902,281904,10358,2,1,600,1036.0
271545,281916,281919,10371,3,1,600,1037.4
271547,281931,281932,10384,1,1,600,1038.5
271548,281945,281947,10397,2,1,600,1039.9
271549,281977,281979,10428,2,1,600,1043.0
271550,281991,281993,10441,2,1,600,1044.3
271552,282005,282007,10453,2,1,600,1045.5
271553,282019,282021,10466,2,1,600,1046.8
271554,282033,282035,10479,2,1,600,1048.1
271556,282048,282049,10492,1,1,600,1049.3
271557,282061,282063,10504,2,1,600,1050.6
271618,282075,282076,10457,1,1,600,1045.8
271620,282089,282090,10469,1,1,600,1047.0
271621,282865,282868,11244,3,1,600,1124.7
274614,347061,377821,72447,30760,6,360000,3.35523407022
279491,305545,305590,26054,45,1,1800,579.977777778
280636,282880,282882,2244,2,1,600,224.6
280698,282894,282900,2196,6,1,600,220.2
280699,282912,282917,2213,5,1,600,221.8
280700,282929,282931,2229,2,1,600,223.1
280702,282943,282945,2241,2,1,600,224.3
280703,282957,282959,2254,2,1,600,225.6
280765,282971,282973,2206,2,1,600,220.8
280766,282985,282986,2219,1,1,600,222.0
280767,282998,282999,2231,1,1,600,223.2
280769,283011,283012,2242,1,1,600,224.3
280830,283024,283025,2194,1,1,600,219.5
280831,283038,283048,2207,10,1,600,221.7
280833,283061,283062,2228,1,1,600,222.9
280834,283075,283077,2241,2,1,600,224.3
280835,283089,283091,2254,2,1,600,225.6
280897,283103,283105,2206,2,1,600,220.8
280898,283117,283119,2219,2,1,600,222.1
280900,283131,283133,2231,2,1,600,223.3
280961,283145,283147,2184,2,1,600,218.6
280962,283159,283160,2197,1,1,600,219.8
280964,283172,283174,2208,2,1,600,221.0
280965,283186,283189,2221,3,1,600,222.4
280966,283201,283203,2235,2,1,600,223.7
281028,283216,283219,2188,3,1,600,219.1
281029,283231,283234,2202,3,1,600,220.5
281030,283246,283248,2216,2,1,600,221.8
281032,283260,283271,2228,11,1,600,203.545454545
281033,283284,283285,2251,1,1,600,225.2
281095,283298,283300,2203,2,1,600,220.5
281096,283312,283314,2216,2,1,600,221.8
281097,283326,283329,2229,3,1,600,223.2
281099,283341,283348,2242,7,1,600,224.9
281100,283360,283361,2260,1,1,600,226.1
281162,283373,283375,2211,2,1,600,221.3
281163,283387,283389,2224,2,1,600,222.6
281164,283401,283403,2237,2,1,600,223.9
281166,283415,283416,2249,1,1,600,225.0
281227,283429,283431,2202,2,1,600,220.4
281228,283443,283446,2215,3,1,600,221.8
281230,283458,283461,2228,3,1,600,223.1
281231,283478,283479,2247,1,1,600,224.8
281232,283491,283493,2259,2,1,600,226.1
281294,283505,283507,2211,2,1,600,221.3
281295,283523,283524,2228,1,1,600,222.9
281296,283536,283538,2240,2,1,600,224.2
281298,283551,283554,2253,3,1,600,225.6
281359,283566,283567,2207,1,1,600,220.8
281361,283579,283580,2218,1,1,600,221.9
281362,283592,283602,2230,10,1,600,224.0
281363,283618,283623,2255,5,1,600,226.0
281425,283635,283637,2210,2,1,600,221.2
281426,283649,283662,2223,13,1,600,172.0
281428,283673,283675,2245,2,1,600,224.7
281429,283687,283688,2258,1,1,600,225.9
281490,283701,283706,2211,5,1,600,221.6
281492,283718,283720,2226,2,1,600,222.8
281493,283732,283733,2239,1,1,600,224.0
281494,283746,283748,2252,2,1,600,225.4
281496,283761,283763,2265,2,1,600,226.7
281557,283775,283777,2218,2,1,600,222.0
281559,283790,283791,2231,1,1,600,223.2
281560,283803,283812,2243,9,1,600,225.2
281561,283824,283826,2263,2,1,600,226.5
281623,283838,283848,2215,10,1,600,222.5
281624,283860,283861,2236,1,1,600,223.7
281625,283874,283875,2249,1,1,600,225.0
281627,283888,283890,2261,2,1,600,226.3
281628,283902,283911,2274,9,1,600,228.3
281689,283924,283925,2235,1,1,600,223.6
281691,283938,283948,2247,10,1,600,225.7
281692,283960,283961,2268,1,1,600,226.9
281693,283974,283980,2281,6,1,600,228.7
281755,283998,283999,2243,1,1,600,224.4
281756,284010,284013,2254,3,1,600,225.7
281757,284025,284027,2268,2,1,600,227.0
281759,284039,284040,2280,1,1,600,228.1
281760,284053,284054,2293,1,1,600,229.4
281822,284067,284069,2245,2,1,600,224.7
281823,284081,284082,2258,1,1,600,225.9
281824,284094,284095,2270,1,1,600,227.1
281826,284107,284108,2281,1,1,600,228.2
281827,284121,284123,2294,2,1,600,229.6
281888,284136,284138,2248,2,1,600,225.0
281890,284155,284162,2265,7,1,600,227.2
281891,284174,284175,2283,1,1,600,228.4
281892,284187,284193,2295,6,1,600,230.1
281954,284205,284206,2251,1,1,600,225.2
281955,284218,284219,2263,1,1,600,226.4
281956,284231,284233,2275,2,1,600,227.7
281958,284245,284253,2287,8,1,600,229.5
281959,284265,284267,2306,2,1,600,230.8
282021,284279,284282,2258,3,1,600,226.1
282022,284295,284299,2273,4,1,600,227.7
282023,284311,284312,2288,1,1,600,228.9
282085,284324,284325,2239,1,1,600,224.0
282086,284338,284340,2252,2,1,600,225.4
282087,284353,284354,2266,1,1,600,226.7
282089,284366,284368,2277,2,1,600,227.9
282090,284380,284382,2290,2,1,600,229.2
282151,284394,284395,2243,1,1,600,224.4
282879,284407,284408,1528,1,1,600,152.9
282940,284420,284421,1480,1,1,600,148.1
282941,284434,284443,1493,9,1,600,150.2
282943,285128,285134,2185,6,1,600,219.1
282944,285134,285136,2190,2,1,600,219.2
283005,285145,285148,2140,3,1,600,214.3
283007,285153,285155,2146,2,1,600,214.8
283008,285160,285163,2152,3,1,600,215.5
283009,285167,285168,2158,1,1,600,215.9
283011,285175,285176,2164,1,1,600,216.5
283072,285181,285183,2109,2,1,600,211.1
283073,285188,285191,2115,3,1,600,211.8
283075,285196,285198,2121,2,1,600,212.3
283076,285202,285204,2126,2,1,600,212.8
283138,285210,285211,2072,1,1,600,207.3
283139,285217,285223,2078,6,1,600,208.4
283140,285224,285225,2084,1,1,600,208.5
283142,285235,285238,2093,3,1,600,209.6
283143,285241,285244,2098,3,1,600,210.1
283204,285249,285251,2045,2,1,600,204.7
283206,285257,285258,2051,1,1,600,205.2
283207,285264,285265,2057,1,1,600,205.8
283208,285270,285272,2062,2,1,600,206.4
283210,285277,285279,2067,2,1,600,206.9
283271,285285,285286,2014,1,1,600,201.5
283273,285291,285292,2018,1,1,600,201.9
283274,285299,285300,2025,1,1,600,202.6
283335,285305,285307,1970,2,1,600,197.2
283337,285312,285314,1975,2,1,600,197.7
283338,285319,285321,1981,2,1,600,198.3
283339,285326,285328,1987,2,1,600,198.9
283341,285333,285336,1992,3,1,600,199.5
283402,285340,285341,1938,1,1,600,193.9
283403,285348,285352,1945,4,1,600,194.9
283405,285355,285359,1950,4,1,600,195.4
283406,285364,285365,1958,1,1,600,195.9
283467,285371,285372,1904,1,1,600,190.5
283469,285377,285379,1908,2,1,600,191.0
283470,285384,285386,1914,2,1,600,191.6
283472,285391,285398,1919,7,1,600,192.6
283473,285398,285399,1925,1,1,600,192.6
283534,285409,285410,1875,1,1,600,187.6
283536,285416,285418,1880,2,1,600,188.2
283537,285424,285426,1887,2,1,600,188.9
283538,285430,285434,1892,4,1,600,189.6
283600,285438,285439,1838,1,1,600,183.9
283601,285446,285447,1845,1,1,600,184.6
283602,285453,285454,1851,1,1,600,185.2
283604,285460,285461,1856,1,1,600,185.7
283665,285467,285468,1802,1,1,600,180.3
283667,285474,285475,1807,1,1,600,180.8
283668,285481,285482,1813,1,1,600,181.4
283670,285487,285490,1817,3,1,600,182.0
283731,285493,285496,1762,3,1,600,176.5
283732,285502,285504,1770,2,1,600,177.2
283734,285508,285510,1774,2,1,600,177.6
283735,285515,285518,1780,3,1,600,178.3
283796,285523,285525,1727,2,1,600,172.9
283798,285530,285531,1732,1,1,600,173.3
283799,285536,285539,1737,3,1,600,174.0
283800,285544,285545,1744,1,1,600,174.5
283802,285550,285552,1748,2,1,600,175.0
283863,285557,285558,1694,1,1,600,169.5
283865,285563,285565,1698,2,1,600,170.0
283866,285571,285572,1705,1,1,600,170.6
283867,285578,285580,1711,2,1,600,171.3
283929,285584,285586,1655,2,1,600,165.7
283930,285592,285593,1662,1,1,600,166.3
283931,285599,285600,1668,1,1,600,166.9
283933,285605,285607,1672,2,1,600,167.4
283994,285613,285615,1619,2,1,600,162.1
283995,285620,285621,1625,1,1,600,162.6
283997,285627,285629,1630,2,1,600,163.2
284058,285633,285635,1575,2,1,600,157.7
284060,285640,285641,1580,1,1,600,158.1
284061,285646,285651,1585,5,1,600,159.0
284062,285653,285669,1591,16,1,600,100.4375
284063,285663,285667,1600,4,1,600,160.4
284125,285679,285681,1554,2,1,600,155.6
284126,285686,285689,1560,3,1,600,156.3
284128,285693,285696,1565,3,1,600,156.8
284129,285701,285703,1572,2,1,600,157.4
284130,285707,285709,1577,2,1,600,157.9
284192,285714,285716,1522,2,1,600,152.4
284193,285721,285723,1528,2,1,600,153.0
284194,285729,285730,1535,1,1,600,153.6
284256,285736,285737,1480,1,1,600,148.1
284257,285742,285744,1485,2,1,600,148.7
284258,285749,285753,1491,4,1,600,149.5
284260,285757,285758,1497,1,1,600,149.8
284261,285765,285766,1504,1,1,600,150.5
284322,285772,285785,1450,13,1,600,112.538461538
284324,285779,285782,1455,3,1,600,145.8
284325,285794,285795,1469,1,1,600,147.0
284327,285800,285811,1473,11,1,600,134.909090909
284388,285808,285809,1420,1,1,600,142.1
284390,285821,285822,1431,1,1,600,143.2
284391,285827,285829,1436,2,1,600,143.8
284392,285835,285836,1443,1,1,600,144.4
284393,285841,285847,1448,6,1,600,145.4
284455,285848,285849,1393,1,1,600,139.4
284456,285859,285860,1403,1,1,600,140.4
284458,285873,285874,1415,1,1,600,141.6
284459,285866,285868,1407,2,1,600,140.9
285181,285880,285881,699,1,1,600,70.0
285183,285887,285888,704,1,1,600,70.5
285184,285894,285895,710,1,1,600,71.1
285185,285901,285903,716,2,1,600,71.8
285187,285907,285909,720,2,1,600,72.2
285188,285914,285917,726,3,1,600,72.9
285189,285922,285923,733,1,1,600,73.4
285191,285928,285930,737,2,1,600,73.9
285252,285935,285937,683,2,1,600,68.5
285254,285942,285948,688,6,1,600,69.4
285255,285949,285979,694,30,1,600,24.1333333333
285256,285961,285962,705,1,1,600,70.6
285258,285974,285976,716,2,1,600,71.8
285259,285988,285993,729,5,1,600,73.4
285260,285995,285997,735,2,1,600,73.7
285262,286005,286006,743,1,1,600,74.4
285263,286012,286013,749,1,1,600,75.0
285264,286019,286020,755,1,1,600,75.6
285326,286026,286027,700,1,1,600,70.1
285327,286032,286034,705,2,1,600,70.7
285329,286039,286041,710,2,1,600,71.2
285330,286047,286048,717,1,1,600,71.8
285331,286054,286056,723,2,1,600,72.5
285333,286061,286062,728,1,1,600,72.9
285334,286067,286069,733,2,1,600,73.5
285335,286074,286076,739,2,1,600,74.1
285337,286082,286083,745,1,1,600,74.6
285338,286089,286090,751,1,1,600,75.2
285399,286096,286097,697,1,1,600,69.8
285401,286103,286104,702,1,1,600,70.3
285402,286109,286111,707,2,1,600,70.9
285403,286116,286124,713,8,1,600,72.1
285405,286123,286126,718,3,1,600,72.1
285406,286136,286137,730,1,1,600,73.1
285407,286142,286144,735,2,1,600,73.7
285409,286149,286150,740,1,1,600,74.1
285410,286155,286160,745,5,1,600,75.0
285411,286163,286164,752,1,1,600,75.3
285473,286172,286173,699,1,1,600,70.0
285474,286179,286182,705,3,1,600,70.8
285476,286185,286188,709,3,1,600,71.2
285477,286195,286196,718,1,1,600,71.9
285478,286201,286203,723,2,1,600,72.5
285480,286209,286214,729,5,1,600,73.4
285481,286215,286217,734,2,1,600,73.6
285482,286226,286227,744,1,1,600,74.5
285484,286233,286234,749,1,1,600,75.0
285485,286239,286241,754,2,1,600,75.6
285547,286246,286248,699,2,1,600,70.1
285548,286254,286255,706,1,1,600,70.7
285549,286261,286262,712,1,1,600,71.3
285551,286268,286269,717,1,1,600,71.8
285552,286274,286279,722,5,1,600,72.7
285553,286281,286283,728,2,1,600,73.0
285555,286290,286292,735,2,1,600,73.7
285556,286297,286299,741,2,1,600,74.3
285557,286304,286305,747,1,1,600,74.8
285559,286311,286313,752,2,1,600,75.4
285560,286317,286319,757,2,1,600,75.9
285621,286325,286326,704,1,1,600,70.5
285623,286331,286333,708,2,1,600,71.0
285624,286339,286343,715,4,1,600,71.9
285625,286345,286347,720,2,1,600,72.2
285627,286354,286356,727,2,1,600,72.9
285628,286362,286363,734,1,1,600,73.5
285629,286368,286371,739,3,1,600,74.2
285631,286375,286376,744,1,1,600,74.5
285632,286382,286384,750,2,1,600,75.2
285633,286389,286396,756,7,1,600,76.3
285635,286396,286398,761,2,1,600,76.3
285696,286408,286413,712,5,1,600,71.7
285698,286414,286416,716,2,1,600,71.8
285699,286424,286426,725,2,1,600,72.7
285700,286432,286433,732,1,1,600,73.3
285702,286438,286440,736,2,1,600,73.8
285703,286444,286446,741,2,1,600,74.3
285704,286452,286454,748,2,1,600,75.0
285706,286459,286460,753,1,1,600,75.4
285767,286465,286467,698,2,1,600,70.0
285769,286473,286474,704,1,1,600,70.5
285770,286479,286480,709,1,1,600,71.0
285771,286486,286490,715,4,1,600,71.9
285773,286494,286495,721,1,1,600,72.2
285774,286501,286503,727,2,1,600,72.9
285775,286507,286509,732,2,1,600,73.4
285777,286514,286516,737,2,1,600,73.9
285778,286522,286523,744,1,1,600,74.5
285779,286528,286530,749,2,1,600,75.1
285841,286536,286537,695,1,1,600,69.6
285842,286542,286544,700,2,1,600,70.2
285843,286550,286551,707,1,1,600,70.8
285845,286557,286558,712,1,1,600,71.3
285846,286564,286565,718,1,1,600,71.9
285847,286571,286572,724,1,1,600,72.5
285849,286588,286589,739,1,1,600,74.0
285850,286593,286604,743,11,1,600,68.5454545455
285912,286601,286603,689,2,1,600,69.1
285913,286615,286616,702,1,1,600,70.3
285914,286622,286628,708,6,1,600,71.4
285916,286628,286630,712,2,1,600,71.4
285917,286639,286642,722,3,1,600,72.5
285918,286647,286648,729,1,1,600,73.0
285920,286653,286655,733,2,1,600,73.5
285921,286660,286661,739,1,1,600,74.0
285922,286668,286670,746,2,1,600,74.8
285924,286675,286676,751,1,1,600,75.2
285925,286682,286688,757,6,1,600,76.3
285986,286689,286690,703,1,1,600,70.4
285988,286699,286701,711,2,1,600,71.3
285989,286706,286708,717,2,1,600,71.9
285991,286712,286720,721,8,1,600,72.9
285992,286721,286733,729,12,1,600,61.75
285993,286731,286732,738,1,1,600,73.9
285995,286744,286747,749,3,1,600,75.2
286056,286749,286752,693,3,1,600,69.6
286057,286758,286760,701,2,1,600,70.3
286059,286771,286772,712,1,1,600,71.3
286060,286777,286779,717,2,1,600,71.9
286061,286784,286786,723,2,1,600,72.5
286063,286792,286793,729,1,1,600,73.0
286064,286798,286800,734,2,1,600,73.6
286065,286806,286807,741,1,1,600,74.2
286067,286813,286814,746,1,1,600,74.7
286068,286820,286825,752,5,1,600,75.7
286070,286827,286828,757,1,1,600,75.8
286131,286837,286839,706,2,1,600,70.8
286132,286843,286846,711,3,1,600,71.4
286134,286851,286852,717,1,1,600,71.8
286135,286858,286859,723,1,1,600,72.4
286136,286865,286867,729,2,1,600,73.1
286138,286871,286873,733,2,1,600,73.5
286139,286879,286881,740,2,1,600,74.2
286140,286886,286889,746,3,1,600,74.9
286142,286893,286894,751,1,1,600,75.2
286143,286901,286902,758,1,1,600,75.9
286204,286907,286909,703,2,1,600,70.5
286206,286915,286916,709,1,1,600,71.0
286207,286922,286923,715,1,1,600,71.6
286209,286934,286935,725,1,1,600,72.6
286210,286941,286942,731,1,1,600,73.2
286211,286947,286949,736,2,1,600,73.8
286213,286955,286956,742,1,1,600,74.3
286214,286962,286967,748,5,1,600,75.3
286215,286969,286970,754,1,1,600,75.5
286277,286979,286981,702,2,1,600,70.4
286278,286986,286987,708,1,1,600,70.9
286280,286993,286995,713,2,1,600,71.5
286281,287000,287003,719,3,1,600,72.2
286282,287006,287007,724,1,1,600,72.5
286284,287014,287016,730,2,1,600,73.2
286285,287021,287022,736,1,1,600,73.7
286286,287028,287029,742,1,1,600,74.3
286288,287035,287037,747,2,1,600,74.9
286289,287042,287043,753,1,1,600,75.4
286290,287049,287050,759,1,1,600,76.0
286352,287056,287057,704,1,1,600,70.5
286353,287063,287069,710,6,1,600,71.6
286354,287070,287077,716,7,1,600,72.3
286356,287081,287082,725,1,1,600,72.6
286357,287090,287091,733,1,1,600,73.4
286358,287096,287099,738,3,1,600,74.1
286360,287104,287106,744,2,1,600,74.6
286361,287111,287117,750,6,1,600,75.6
286362,287118,287120,756,2,1,600,75.8
286364,287129,287131,765,2,1,600,76.7
286425,287135,287137,710,2,1,600,71.2
286427,287143,287145,716,2,1,600,71.8
286428,287150,287152,722,2,1,600,72.4
286429,287157,287165,728,8,1,600,73.6
286431,287163,287164,732,1,1,600,73.3
286432,287176,287177,744,1,1,600,74.5
286433,287181,287184,748,3,1,600,75.1
286435,287190,287191,755,1,1,600,75.6
286436,287197,287200,761,3,1,600,76.4
286498,287204,287205,706,1,1,600,70.7
286499,287212,287214,713,2,1,600,71.5
286500,287219,287220,719,1,1,600,72.0
286502,287226,287230,724,4,1,600,72.8
286503,287233,287234,730,1,1,600,73.1
286504,287241,287242,737,1,1,600,73.8
286506,287248,287249,742,1,1,600,74.3
286507,287255,287256,748,1,1,600,74.9
286508,287262,287263,754,1,1,600,75.5
286510,287269,287272,759,3,1,600,76.2
286511,287276,287277,765,1,1,600,76.6
286572,287284,287286,712,2,1,600,71.4
286574,287291,287292,717,1,1,600,71.8
286575,287299,287300,724,1,1,600,72.5
286576,287306,287307,730,1,1,600,73.1
286578,287313,287314,735,1,1,600,73.6
286579,287319,287321,740,2,1,600,74.2
286580,287327,287329,747,2,1,600,74.9
286582,287334,287335,752,1,1,600,75.3
286583,287342,287343,759,1,1,600,76.0
286584,287348,287350,764,2,1,600,76.6
286646,287356,287357,710,1,1,600,71.1
286647,287363,287371,716,8,1,600,72.4
286649,287370,287372,721,2,1,600,72.3
286650,287383,287390,733,7,1,600,74.0
286651,287390,287391,739,1,1,600,74.0
286653,287402,287403,749,1,1,600,75.0
286654,287409,287413,755,4,1,600,75.9
286655,287416,287417,761,1,1,600,76.2
286717,287425,287426,708,1,1,600,70.9
286718,287432,287435,714,3,1,600,71.7
286719,287438,287440,719,2,1,600,72.1
286721,287447,287449,726,2,1,600,72.8
286722,287454,287455,732,1,1,600,73.3
286723,287460,287462,737,2,1,600,73.9
286725,287468,287469,743,1,1,600,74.4
286726,287475,287476,749,1,1,600,75.0
286728,287482,287484,754,2,1,600,75.6
286753,302906,304634,16153,1728,32,5400,10.3478009259
286789,287489,287490,700,1,1,600,70.1
286790,287496,287497,706,1,1,600,70.7
286792,287503,287504,711,1,1,600,71.2
286793,287510,287512,717,2,1,600,71.9
286794,287517,287518,723,1,1,600,72.4
286796,287524,287525,728,1,1,600,72.9
286797,287531,287543,734,12,1,600,62.1666666667
286798,287537,287539,739,2,1,600,74.1
286800,287551,287552,751,1,1,600,75.2
286861,287558,287560,697,2,1,600,69.9
286862,287565,287567,703,2,1,600,70.5
286864,287572,287573,708,1,1,600,70.9
286865,287579,287580,714,1,1,600,71.5
286866,287586,287587,720,1,1,600,72.1
286868,287593,287595,725,2,1,600,72.7
286869,287600,287601,731,1,1,600,73.2
286870,287607,287608,737,1,1,600,73.8
286872,287614,287615,742,1,1,600,74.3
286873,287621,287624,748,3,1,600,75.1
286924,294399,295993,7475,1594,8,5400,5.68946047679
286935,287628,287630,693,2,1,600,69.5
286936,287636,287637,700,1,1,600,70.1
286937,287643,287645,706,2,1,600,70.8
286939,287650,287651,711,1,1,600,71.2
286940,287657,287658,717,1,1,600,71.8
286941,287664,287666,723,2,1,600,72.5
286943,287671,287672,728,1,1,600,72.9
286944,287677,287679,733,2,1,600,73.5
286945,287685,287686,740,1,1,600,74.1
287007,287692,287693,685,1,1,600,68.6
287008,287699,287700,691,1,1,600,69.2
287010,287706,287708,696,2,1,600,69.8
287011,287713,287714,702,1,1,600,70.3
287012,287720,287721,708,1,1,600,70.9
287014,287727,287728,713,1,1,600,71.4
287015,287733,287735,718,2,1,600,72.0
287016,287741,287743,725,2,1,600,72.7
287018,287747,287749,729,2,1,600,73.1
287019,287754,287755,735,1,1,600,73.6
287080,287761,287762,681,1,1,600,68.2
287082,287768,287769,686,1,1,600,68.7
287083,287775,287782,692,7,1,600,69.9
287085,287782,287784,697,2,1,600,69.9
287086,287794,287795,708,1,1,600,70.9
287087,287801,287802,714,1,1,600,71.5
287089,287808,287809,719,1,1,600,72.0
287090,287815,287817,725,2,1,600,72.7
287091,287822,287823,731,1,1,600,73.2
287093,293448,294427,6355,979,16,5400,7.49131767109
287093,287829,287830,736,1,1,600,73.7
287154,287836,287838,682,2,1,600,68.4
287156,287843,287845,687,2,1,600,68.9
287157,287850,287852,693,2,1,600,69.5
287158,287858,287861,700,3,1,600,70.3
287160,287865,287866,705,1,1,600,70.6
287161,287873,287875,712,2,1,600,71.4
287162,287880,287884,718,4,1,600,72.2
287164,287887,287888,723,1,1,600,72.4
287165,287896,287900,731,4,1,600,73.5
287226,287904,287905,678,1,1,600,67.9
287228,287912,287914,684,2,1,600,68.6
287229,287919,287921,690,2,1,600,69.2
287230,287925,287927,695,2,1,600,69.7
287232,287934,287935,702,1,1,600,70.3
287233,287941,287942,708,1,1,600,70.9
287234,287948,287949,714,1,1,600,71.5
287236,287955,287956,719,1,1,600,72.0
287237,287961,287968,724,7,1,600,73.1
287239,287968,287970,729,2,1,600,73.1
287240,287980,287981,740,1,1,600,74.1
287301,287987,287989,686,2,1,600,68.8
287303,287994,288001,691,7,1,600,69.8
287304,288001,288002,697,1,1,600,69.8
287305,288013,288014,708,1,1,600,70.9
287307,288020,288021,713,1,1,600,71.4
287308,288027,288033,719,6,1,600,72.5
287309,288034,288035,725,1,1,600,72.6
287311,288045,288048,734,3,1,600,73.7
287312,288051,288053,739,2,1,600,74.1
287313,288060,288062,747,2,1,600,74.9
287375,288066,288067,691,1,1,600,69.2
287376,288075,288077,699,2,1,600,70.1
287377,288082,288083,705,1,1,600,70.6
287379,288089,288096,710,7,1,600,71.7
287380,288096,288097,716,1,1,600,71.7
287381,288108,288110,727,2,1,600,72.9
287383,288114,288122,731,8,1,600,73.9
287384,288121,288124,737,3,1,600,74.0
287385,288135,288137,750,2,1,600,75.2
287441,304645,305523,17204,878,32,5400,20.5945330296
287447,288142,288143,695,1,1,600,69.6
287448,288149,288151,701,2,1,600,70.3
287450,288155,288157,705,2,1,600,70.7
287451,288163,288165,712,2,1,600,71.4
287452,288170,288172,718,2,1,600,72.0
287454,288177,288178,723,1,1,600,72.4
287455,288184,288186,729,2,1,600,73.1
287456,288191,288192,735,1,1,600,73.6
287458,288198,288199,740,1,1,600,74.1
287519,288205,288206,686,1,1,600,68.7
287520,288212,288213,692,1,1,600,69.3
287522,288219,288221,697,2,1,600,69.9
287523,288226,288227,703,1,1,600,70.4
287524,288233,288235,709,2,1,600,71.1
287526,288240,288242,714,2,1,600,71.6
287527,288247,288248,720,1,1,600,72.1
287528,288254,288255,726,1,1,600,72.7
287530,288261,288263,731,2,1,600,73.3
287531,288268,288270,737,2,1,600,73.9
287533,288275,288276,742,1,1,600,74.3
287594,288281,288284,687,3,1,600,69.0
287595,288288,288294,693,6,1,600,69.9
287597,288296,288297,699,1,1,600,70.0
287598,288307,288308,709,1,1,600,71.0
287599,288314,288315,715,1,1,600,71.6
287601,288321,288322,720,1,1,600,72.1
287602,288328,288329,726,1,1,600,72.7
287603,288334,288336,731,2,1,600,73.3
287605,288341,288344,736,3,1,600,73.9
287666,288348,288349,682,1,1,600,68.3
287668,288356,288358,688,2,1,600,69.0
287669,288363,288364,694,1,1,600,69.5
287670,288369,288377,699,8,1,600,70.7
287672,288376,288378,704,2,1,600,70.6
287673,288389,288390,716,1,1,600,71.7
287674,288396,288397,722,1,1,600,72.3
287676,288403,288404,727,1,1,600,72.8
287677,288410,288411,733,1,1,600,73.4
287678,288416,288419,738,3,1,600,74.1
287680,288424,288426,744,2,1,600,74.6
287741,288431,288432,690,1,1,600,69.1
287743,288438,288442,695,4,1,600,69.9
287744,288446,288447,702,1,1,600,70.3
287745,288453,288455,708,2,1,600,71.0
287747,288461,288463,714,2,1,600,71.6
287748,288468,288469,720,1,1,600,72.1
287749,288475,288476,726,1,1,600,72.7
287751,288482,288484,731,2,1,600,73.3
287752,288489,288490,737,1,1,600,73.8
287753,288496,288498,743,2,1,600,74.5
287815,288503,288505,688,2,1,600,69.0
287816,288511,288513,695,2,1,600,69.7
287817,288518,288519,701,1,1,600,70.2
287819,288525,288527,706,2,1,600,70.8
287820,288532,288534,712,2,1,600,71.4
287821,288539,288540,718,1,1,600,71.9
287823,288546,288547,723,1,1,600,72.4
287824,288553,288554,729,1,1,600,73.0
287825,288560,288568,735,8,1,600,74.3
287827,288567,288569,740,2,1,600,74.2
287888,288580,288581,692,1,1,600,69.3
287890,288586,288588,696,2,1,600,69.8
287891,288594,288595,703,1,1,600,70.4
287892,288601,288608,709,7,1,600,71.6
287894,288608,288609,714,1,1,600,71.5
287895,288620,288621,725,1,1,600,72.6
287896,288627,288628,731,1,1,600,73.2
287898,288634,288641,736,7,1,600,74.3
287899,288641,288642,742,1,1,600,74.3
287900,288653,288682,753,29,1,600,26.9655172414
287962,288660,288662,698,2,1,600,70.0
287963,288674,288675,711,1,1,600,71.2
287965,288687,288688,722,1,1,600,72.3
287966,288695,288696,729,1,1,600,73.0
287967,288702,288703,735,1,1,600,73.6
287969,288709,288710,740,1,1,600,74.1
287970,288715,288717,745,2,1,600,74.7
287971,288722,288724,751,2,1,600,75.3
287973,288730,288734,757,4,1,600,76.1
287974,288737,288738,763,1,1,600,76.4
287975,288746,288748,771,2,1,600,77.3
288017,296183,296741,8166,558,30,5400,15.6344086022
288037,288753,288754,716,1,1,600,71.7
288038,288760,288761,722,1,1,600,72.3
288040,288767,288769,727,2,1,600,72.9
288041,288774,288775,733,1,1,600,73.4
288042,288780,288792,738,12,1,600,62.5
288044,288788,288789,744,1,1,600,74.5
288045,288801,288803,756,2,1,600,75.8
288047,288807,288810,760,3,1,600,76.3
288095,346973,347371,58878,398,60,5400,148.934673367
288108,288816,288817,708,1,1,600,70.9
288109,288824,288825,715,1,1,600,71.6
288111,288831,288832,720,1,1,600,72.1
288112,288838,288840,726,2,1,600,72.8
288114,288845,288846,731,1,1,600,73.2
288115,288852,288853,737,1,1,600,73.8
288116,288859,288860,743,1,1,600,74.4
288118,288866,288867,748,1,1,600,74.9
288119,288872,288879,753,7,1,600,76.0
288181,288880,288881,699,1,1,600,70.0
288182,288891,288892,709,1,1,600,71.0
288183,288898,288899,715,1,1,600,71.6
288185,288905,288907,720,2,1,600,72.2
288186,288912,288917,726,5,1,600,73.1
288187,288919,288920,732,1,1,600,73.3
288189,288928,288930,739,2,1,600,74.1
288190,288936,288939,746,3,1,600,74.9
288192,288943,288945,751,2,1,600,75.3
288193,288951,288953,758,2,1,600,76.0
288254,288959,288960,705,1,1,600,70.6
288256,288966,288973,710,7,1,600,71.7
288257,288974,288976,717,2,1,600,71.9
288259,288985,288986,726,1,1,600,72.7
288260,288993,288994,733,1,1,600,73.4
288261,289000,289001,739,1,1,600,74.0
288263,289007,289008,744,1,1,600,74.5
288264,289014,289022,750,8,1,600,75.8
288266,289021,289022,755,1,1,600,75.6
288267,289034,289035,767,1,1,600,76.8
288268,289039,289040,771,1,1,600,77.2
288330,289047,289048,717,1,1,600,71.8
288331,289054,289056,723,2,1,600,72.5
288333,289061,289065,728,4,1,600,73.2
288334,289068,289069,734,1,1,600,73.5
288335,289078,289079,743,1,1,600,74.4
288337,289085,289086,748,1,1,600,74.9
288338,289092,289093,754,1,1,600,75.5
288339,289098,289100,759,2,1,600,76.1
288341,289106,289107,765,1,1,600,76.6
288342,289113,289114,771,1,1,600,77.2
288403,289119,289121,716,2,1,600,71.8
288405,289127,289128,722,1,1,600,72.3
288406,289134,289135,728,1,1,600,72.9
288407,289141,289143,734,2,1,600,73.6
288409,289148,289149,739,1,1,600,74.0
288410,289154,289156,744,2,1,600,74.6
288412,289162,289169,750,7,1,600,75.7
288413,289169,289170,756,1,1,600,75.7
288414,289181,289182,767,1,1,600,76.8
288476,289188,289189,712,1,1,600,71.3
288477,289195,289197,718,2,1,600,72.0
288479,289203,289204,724,1,1,600,72.5
288480,289210,289211,730,1,1,600,73.1
288481,289216,289217,735,1,1,600,73.6
288483,289223,289225,740,2,1,600,74.2
288484,289231,289232,747,1,1,600,74.8
288485,289238,289245,753,7,1,600,76.0
288487,289244,289247,757,3,1,600,76.0
288488,289257,289258,769,1,1,600,77.0
288490,289264,289266,774,2,1,600,77.6
288551,289271,289272,720,1,1,600,72.1
288552,289279,289280,727,1,1,600,72.8
288554,289287,289288,733,1,1,600,73.4
288555,289295,289299,740,4,1,600,74.4
288556,289302,289311,746,9,1,600,75.5
288558,289312,289313,754,1,1,600,75.5
288559,289323,289325,764,2,1,600,76.6
288561,289331,289332,770,1,1,600,77.1
288562,289338,289339,776,1,1,600,77.7
288563,289345,289346,782,1,1,600,78.3
288625,289352,289354,727,2,1,600,72.9
288626,289358,289360,732,2,1,600,73.4
288628,289365,289367,737,2,1,600,73.9
288629,289372,289373,743,1,1,600,74.4
288630,289380,289388,750,8,1,600,75.8
288632,289387,289388,755,1,1,600,75.6
288633,289400,289414,767,14,1,600,55.7857142857
288634,289405,289407,771,2,1,600,77.3
288636,289419,289422,783,3,1,600,78.6
288697,289427,289428,730,1,1,600,73.1
288699,289434,289435,735,1,1,600,73.6
288700,289440,289442,740,2,1,600,74.2
288701,289448,289449,747,1,1,600,74.8
288703,289455,289457,752,2,1,600,75.4
288704,289462,289463,758,1,1,600,75.9
288705,289469,289470,764,1,1,600,76.5
288767,289476,289477,709,1,1,600,71.0
288768,289483,289489,715,6,1,600,72.1
288770,289490,289497,720,7,1,600,72.7
288771,289501,289502,730,1,1,600,73.1
288772,289509,289511,737,2,1,600,73.9
288774,289515,289517,741,2,1,600,74.3
288775,289522,289531,747,9,1,600,75.6
288777,289530,289531,753,1,1,600,75.4
288778,289543,289544,765,1,1,600,76.6
288779,289548,289550,769,2,1,600,77.1
288781,289556,289564,775,8,1,600,78.3
288842,289563,289564,721,1,1,600,72.2
288844,289575,289577,731,2,1,600,73.3
288845,289581,289597,736,16,1,600,47.0
288846,289589,289591,743,2,1,600,74.5
288848,289603,289605,755,2,1,600,75.7
288849,289610,289611,761,1,1,600,76.2
288850,289617,289623,767,6,1,600,77.3
288852,289624,289626,772,2,1,600,77.4
288853,289635,289638,782,3,1,600,78.5
288915,289642,289643,727,1,1,600,72.8
288916,289650,289652,734,2,1,600,73.6
288917,289657,289658,740,1,1,600,74.1
288919,289664,289665,745,1,1,600,74.6
288920,289672,289673,752,1,1,600,75.3
288922,289680,289681,758,1,1,600,75.9
288923,289687,289698,764,11,1,600,70.4545454545
288924,289694,289701,770,7,1,600,77.7
288926,289710,289711,784,1,1,600,78.5
288927,289717,289719,790,2,1,600,79.2
288988,289724,289726,736,2,1,600,73.8
288990,289731,289733,741,2,1,600,74.3
288991,289739,289740,748,1,1,600,74.9
288993,289747,289750,754,3,1,600,75.7
288994,289755,289756,761,1,1,600,76.2
288995,289762,289765,767,3,1,600,77.0
288997,289770,289771,773,1,1,600,77.4
288998,289777,289778,779,1,1,600,78.0
289060,289785,289790,725,5,1,600,73.0
289061,289792,289793,731,1,1,600,73.2
289062,289803,289804,741,1,1,600,74.2
289064,289810,289822,746,12,1,600,63.1666666667
289065,289817,289818,752,1,1,600,75.3
289066,289830,289831,764,1,1,600,76.5
289068,289838,289839,770,1,1,600,77.1
289069,289845,289847,776,2,1,600,77.8
289070,289852,289853,782,1,1,600,78.3
289072,289860,289861,788,1,1,600,78.9
289133,289868,289869,735,1,1,600,73.6
289135,289875,289876,740,1,1,600,74.1
289136,289882,289884,746,2,1,600,74.8
289137,289889,289892,752,3,1,600,75.5
289139,289896,289897,757,1,1,600,75.8
289140,289904,289905,764,1,1,600,76.5
289142,289911,289912,769,1,1,600,77.0
289143,289918,289919,775,1,1,600,77.6
289144,289926,289928,782,2,1,600,78.4
289146,289933,289934,787,1,1,600,78.8
289207,289940,289942,733,2,1,600,73.5
289209,289947,289949,738,2,1,600,74.0
289210,289955,289957,745,2,1,600,74.7
289211,289962,289964,751,2,1,600,75.3
289213,289970,289973,757,3,1,600,76.0
289214,289978,289979,764,1,1,600,76.5
289215,289986,289987,771,1,1,600,77.2
289217,289993,289995,776,2,1,600,77.8
289218,290001,290002,783,1,1,600,78.4
289220,290009,290010,789,1,1,600,79.0
289244,347382,405358,58138,57976,32,86400,2.00279425969
289281,290016,290021,735,5,1,600,74.0
289282,290024,290025,742,1,1,600,74.3
289284,290034,290036,750,2,1,600,75.2
289285,290042,290044,757,2,1,600,75.9
289286,290050,290052,764,2,1,600,76.6
289288,290058,290059,770,1,1,600,77.1
289289,290065,290067,776,2,1,600,77.8
289291,290073,290084,782,11,1,600,72.0909090909
289292,290080,290081,788,1,1,600,78.9
289353,290093,290094,740,1,1,600,74.1
289355,290100,290101,745,1,1,600,74.6
289356,290108,290110,752,2,1,600,75.4
289358,290116,290123,758,7,1,600,76.5
289359,290123,290124,764,1,1,600,76.5
289360,290136,290137,776,1,1,600,77.7
289362,290141,290143,779,2,1,600,78.1
289363,290149,290150,786,1,1,600,78.7
289364,290156,290157,792,1,1,600,79.3
289366,290163,290164,797,1,1,600,79.8
289427,290169,290171,742,2,1,600,74.4
289429,290177,290185,748,8,1,600,75.6
289430,290185,290186,755,1,1,600,75.6
289431,290196,290198,765,2,1,600,76.7
289433,290204,290205,771,1,1,600,77.2
289434,290210,290212,776,2,1,600,77.8
289436,290218,290219,782,1,1,600,78.3
289437,290225,290235,788,10,1,600,79.8
289499,290232,290235,733,3,1,600,73.6
289500,290247,290248,747,1,1,600,74.8
289501,290252,290254,751,2,1,600,75.3
289503,290260,290261,757,1,1,600,75.8
289504,290267,290268,763,1,1,600,76.4
289505,290274,290275,769,1,1,600,77.0
289507,290282,290283,775,1,1,600,77.6
289508,290289,290290,781,1,1,600,78.2
289510,290297,290303,787,6,1,600,79.3
289511,290305,290307,794,2,1,600,79.6
289572,290314,290315,742,1,1,600,74.3
289574,290321,290329,747,8,1,600,75.5
289575,290328,290329,753,1,1,600,75.4
289577,290341,290342,764,1,1,600,76.5
289578,290346,290347,768,1,1,600,76.9
289579,290354,290356,775,2,1,600,77.7
289581,290362,290363,781,1,1,600,78.2
289582,290369,290376,787,7,1,600,79.4
289584,290376,290380,792,4,1,600,79.6
289645,290388,290398,743,10,1,600,75.3
289646,290394,290396,748,2,1,600,75.0
289648,290408,290409,760,1,1,600,76.1
289649,290416,290417,767,1,1,600,76.8
289650,290424,290427,774,3,1,600,77.7
289652,290431,290433,779,2,1,600,78.1
289654,290439,290440,785,1,1,600,78.6
289655,290447,290448,792,1,1,600,79.3
289716,290454,290455,738,1,1,600,73.9
289718,290461,290466,743,5,1,600,74.8
289719,290468,290469,749,1,1,600,75.0
289721,290478,290479,757,1,1,600,75.8
289722,290486,290487,764,1,1,600,76.5
289723,290493,290494,770,1,1,600,77.1
289725,290500,290501,775,1,1,600,77.6
289726,290508,290510,782,2,1,600,78.4
289728,290516,290517,788,1,1,600,78.9
289789,290524,290525,735,1,1,600,73.6
289791,290531,290532,740,1,1,600,74.1
289792,290538,290541,746,3,1,600,74.9
289793,290545,290546,752,1,1,600,75.3
289795,290554,290556,759,2,1,600,76.1
289796,290561,290566,765,5,1,600,77.0
289798,290566,290569,768,3,1,600,77.1
289799,290572,290574,773,2,1,600,77.5
289801,290577,290580,776,3,1,600,77.9
289802,290583,290591,781,8,1,600,78.9
289863,290588,290589,725,1,1,600,72.6
289865,290596,290614,731,18,1,600,41.6111111111
289866,290601,290603,735,2,1,600,73.7
289868,290607,290614,739,7,1,600,74.6
289869,290612,290613,743,1,1,600,74.4
289870,290617,290619,747,2,1,600,74.9
289872,290625,290627,753,2,1,600,75.5
289873,290630,290633,757,3,1,600,76.0
289874,290636,290638,762,2,1,600,76.4
289936,290641,290644,705,3,1,600,70.8
289937,290649,290651,712,2,1,600,71.4
289939,290655,290656,716,1,1,600,71.7
289940,290660,290661,720,1,1,600,72.1
289941,290665,290668,724,3,1,600,72.7
289943,290671,290672,728,1,1,600,72.9
289944,290679,290680,735,1,1,600,73.6
289946,290684,290685,738,1,1,600,73.9
289947,290689,290691,742,2,1,600,74.4
289948,290695,290696,747,1,1,600,74.8
290010,290700,290702,690,2,1,600,69.2
290011,290708,290710,697,2,1,600,69.9
290013,290713,290714,700,1,1,600,70.1
290014,290719,290720,705,1,1,600,70.6
290015,290724,290726,709,2,1,600,71.1
290017,290729,290731,712,2,1,600,71.4
290018,290735,290741,717,6,1,600,72.3
290020,290743,290749,723,6,1,600,72.9
290021,290748,290749,727,1,1,600,72.8
290082,290753,290756,671,3,1,600,67.4
290084,290759,290760,675,1,1,600,67.6
290085,290764,290766,679,2,1,600,68.1
290086,290770,290771,684,1,1,600,68.5
290088,290778,290779,690,1,1,600,69.1
290089,290783,290785,694,2,1,600,69.6
290091,290789,290790,698,1,1,600,69.9
290092,290794,290795,702,1,1,600,70.3
290093,290799,290801,706,2,1,600,70.8
290155,290805,290806,650,1,1,600,65.1
290156,290812,290815,656,3,1,600,65.9
290158,290818,290819,660,1,1,600,66.1
290159,290823,290824,664,1,1,600,66.5
290160,290828,290829,668,1,1,600,66.9
290162,290834,290835,672,1,1,600,67.3
290163,290842,290844,679,2,1,600,68.1
290165,290848,290850,683,2,1,600,68.5
290166,290853,290855,687,2,1,600,68.9
290227,290858,290861,631,3,1,600,63.4
290229,290864,290870,635,6,1,600,64.1
290230,290869,290871,639,2,1,600,64.1
290232,290877,290878,645,1,1,600,64.6
290233,290882,290885,649,3,1,600,65.2
290234,290888,290895,654,7,1,600,66.1
290236,290893,290894,657,1,1,600,65.8
290237,290898,290900,661,2,1,600,66.3
290298,290906,290907,608,1,1,600,60.9
290300,290911,290913,611,2,1,600,61.3
290301,290917,290918,616,1,1,600,61.7
290303,290922,290924,619,2,1,600,62.1
290304,290928,290935,624,7,1,600,63.1
290306,290936,290938,630,2,1,600,63.2
290307,290941,290943,634,2,1,600,63.6
290308,290947,290949,639,2,1,600,64.1
290310,290952,290953,642,1,1,600,64.3
290311,290957,290959,646,2,1,600,64.8
290372,290963,290970,591,7,1,600,59.8
290374,290971,290974,597,3,1,600,60.0
290375,290976,290977,601,1,1,600,60.2
290377,290981,290983,604,2,1,600,60.6
290378,290987,290990,609,3,1,600,61.2
290379,290992,290993,613,1,1,600,61.4
290381,290997,291000,616,3,1,600,61.9
290382,291005,291007,623,2,1,600,62.5
290383,291010,291012,627,2,1,600,62.9
290445,291016,291017,571,1,1,600,57.2
290446,291021,291023,575,2,1,600,57.7
290448,291026,291028,578,2,1,600,58.0
290449,291032,291072,583,40,1,600,15.575
290450,291039,291040,589,1,1,600,59.0
290452,291044,291047,592,3,1,600,59.5
290453,291050,291051,597,1,1,600,59.8
290454,291055,291057,601,2,1,600,60.3
290456,291060,291062,604,2,1,600,60.6
290517,291068,291069,551,1,1,600,55.2
290519,291073,291077,554,4,1,600,55.8
290520,291078,291080,558,2,1,600,56.0
290521,291084,291085,563,1,1,600,56.4
290523,291091,291093,568,2,1,600,57.0
290524,291097,291099,573,2,1,600,57.5
290526,291102,291109,576,7,1,600,58.3
290527,291107,291109,580,2,1,600,58.2
290528,291113,291120,585,7,1,600,59.2
290590,291118,291119,528,1,1,600,52.9
290591,291126,291128,535,2,1,600,53.7
290593,291131,291133,538,2,1,600,54.0
290594,291137,291138,543,1,1,600,54.4
290595,291142,291143,547,1,1,600,54.8
290597,291147,291149,550,2,1,600,55.2
290598,291155,291157,557,2,1,600,55.9
290600,291161,291162,561,1,1,600,56.2
290601,291166,291167,565,1,1,600,56.6
290602,291171,291173,569,2,1,600,57.1
290604,291177,291178,573,1,1,600,57.4
290665,291182,291183,517,1,1,600,51.8
290667,291189,291192,522,3,1,600,52.5
290668,291194,291201,526,7,1,600,53.3
290669,291200,291201,531,1,1,600,53.2
290671,291205,291208,534,3,1,600,53.7
290672,291210,291213,538,3,1,600,54.1
290674,291218,291219,544,1,1,600,54.5
290675,291223,291225,548,2,1,600,55.0
290676,291229,291230,553,1,1,600,55.4
290678,291234,291235,556,1,1,600,55.7
290679,291239,291241,560,2,1,600,56.2
290681,291247,291249,566,2,1,600,56.8
290682,291253,291254,571,1,1,600,57.2
290683,291258,291260,575,2,1,600,57.7
290745,291263,291270,518,7,1,600,52.5
290746,291268,291270,522,2,1,600,52.4
290748,291274,291275,526,1,1,600,52.7
290749,291281,291283,532,2,1,600,53.4
290751,291287,291288,536,1,1,600,53.7
290752,291292,291293,540,1,1,600,54.1
290753,291297,291307,544,10,1,600,55.4
290755,291303,291304,548,1,1,600,54.9
290756,291308,291309,552,1,1,600,55.3
290758,291316,291317,558,1,1,600,55.9
290759,291321,291323,562,2,1,600,56.4
290760,291326,291328,566,2,1,600,56.8
290762,291332,291333,570,1,1,600,57.1
290763,291337,291338,574,1,1,600,57.5
290825,291345,291347,520,2,1,600,52.2
290826,291351,291352,525,1,1,600,52.6
290827,291356,291358,529,2,1,600,53.1
290829,291361,291363,532,2,1,600,53.4
290830,291367,291369,537,2,1,600,53.9
290831,291372,291373,541,1,1,600,54.2
290833,291380,291382,547,2,1,600,54.9
290834,291386,291388,552,2,1,600,55.4
290836,291391,291392,555,1,1,600,55.6
290837,291396,291398,559,2,1,600,56.1
290838,291402,291404,564,2,1,600,56.6
290840,291409,291411,569,2,1,600,57.1
290841,291415,291417,574,2,1,600,57.6
290842,291420,291422,578,2,1,600,58.0
290904,291425,291427,521,2,1,600,52.3
290905,291431,291432,526,1,1,600,52.7
290907,291436,291438,529,2,1,600,53.1
290908,291444,291445,536,1,1,600,53.7
290909,291449,291456,540,7,1,600,54.7
290911,291454,291456,543,2,1,600,54.5
290912,291460,291461,548,1,1,600,54.9
290914,291465,291467,551,2,1,600,55.3
290915,291470,291472,555,2,1,600,55.7
290916,291478,291480,562,2,1,600,56.4
290918,291484,291485,566,1,1,600,56.7
290919,291489,291491,570,2,1,600,57.2
290921,291494,291496,573,2,1,600,57.5
290982,291500,291501,518,1,1,600,51.9
290983,291507,291508,524,1,1,600,52.5
290985,291512,291514,527,2,1,600,52.9
290986,291518,291519,532,1,1,600,53.3
290988,291523,291525,535,2,1,600,53.7
290989,291529,291531,540,2,1,600,54.2
290990,291537,291539,547,2,1,600,54.9
290992,291542,291551,550,9,1,600,55.9
290993,291548,291549,555,1,1,600,55.6
290994,291553,291554,559,1,1,600,56.0
290996,291558,291559,562,1,1,600,56.3
290997,291564,291569,567,5,1,600,57.2
290999,291577,291578,578,1,1,600,57.9
291000,291582,291584,582,2,1,600,58.4
291062,291587,291589,525,2,1,600,52.7
291063,291593,291594,530,1,1,600,53.1
291064,291598,291600,534,2,1,600,53.6
291066,291611,291613,545,2,1,600,54.7
291067,291616,291618,549,2,1,600,55.1
291068,291622,291623,554,1,1,600,55.5
291070,291629,291630,559,1,1,600,56.0
291071,291635,291641,564,6,1,600,57.0
291073,291640,291641,567,1,1,600,56.8
291074,291655,291657,581,2,1,600,58.3
291075,291660,291662,585,2,1,600,58.7
291077,291669,291671,592,2,1,600,59.4
291078,291676,291683,598,7,1,600,60.5
291140,291684,291697,544,13,1,600,42.8461538462
291141,291695,291697,554,2,1,600,55.6
291142,291709,291710,567,1,1,600,56.8
291144,291714,291716,570,2,1,600,57.2
291145,291721,291726,576,5,1,600,58.1
291147,291729,291730,582,1,1,600,58.3
291148,291737,291746,589,9,1,600,59.8
291149,291745,291746,596,1,1,600,59.7
291151,291758,291759,607,1,1,600,60.8
291152,291763,291765,611,2,1,600,61.3
291154,291771,291772,617,1,1,600,61.8
291155,291779,291780,624,1,1,600,62.5
291156,291787,291823,631,36,1,600,18.5277777778
291158,291795,291796,637,1,1,600,63.8
291219,291808,291809,589,1,1,600,59.0
291221,291821,291822,600,1,1,600,60.1
291222,291834,291836,612,2,1,600,61.4
291224,291842,291845,618,3,1,600,62.1
291225,291849,291850,624,1,1,600,62.5
291226,291857,291858,631,1,1,600,63.2
291228,291865,291866,637,1,1,600,63.8
291229,291873,291875,644,2,1,600,64.6
291231,291881,291883,650,2,1,600,65.2
291232,291888,291889,656,1,1,600,65.7
291233,291896,291897,663,1,1,600,66.4
291235,291904,291906,669,2,1,600,67.1
291236,291912,291913,676,1,1,600,67.7
291238,291920,291921,682,1,1,600,68.3
291299,291928,291929,629,1,1,600,63.0
291301,291935,291936,634,1,1,600,63.5
291302,291943,291944,641,1,1,600,64.2
291303,291950,291957,647,7,1,600,65.4
291305,291957,291958,652,1,1,600,65.3
291306,291970,291971,664,1,1,600,66.5
291308,291975,291977,667,2,1,600,66.9
291309,291983,291984,674,1,1,600,67.5
291310,291990,291991,680,1,1,600,68.1
291312,291996,291998,684,2,1,600,68.6
291313,292004,292005,691,1,1,600,69.2
291314,292012,292013,698,1,1,600,69.9
291316,292019,292022,703,3,1,600,70.6
291317,292027,292029,710,2,1,600,71.2
291379,292035,292036,656,1,1,600,65.7
291380,292043,292044,663,1,1,600,66.4
291382,292051,292052,669,1,1,600,67.0
291383,292059,292060,676,1,1,600,67.7
291384,292067,292068,683,1,1,600,68.4
291386,292074,292076,688,2,1,600,69.0
291387,292082,292083,695,1,1,600,69.6
291389,292089,292090,700,1,1,600,70.1
291390,292097,292098,707,1,1,600,70.8
291392,292105,292106,713,1,1,600,71.4
291393,292112,292114,719,2,1,600,72.1
291394,292120,292121,726,1,1,600,72.7
291396,292128,292129,732,1,1,600,73.3
291457,292136,292137,679,1,1,600,68.0
291459,292143,292144,684,1,1,600,68.5
291460,292150,292156,690,6,1,600,69.6
291461,292158,292160,697,2,1,600,69.9
291463,292168,292170,705,2,1,600,70.7
291464,292175,292177,711,2,1,600,71.3
291466,292182,292188,716,6,1,600,72.2
291467,292189,292191,722,2,1,600,72.4
291468,292200,292201,732,1,1,600,73.3
291470,292207,292208,737,1,1,600,73.8
291471,292214,292216,743,2,1,600,74.5
291472,292221,292222,749,1,1,600,75.0
291474,292229,292230,755,1,1,600,75.6
291475,292237,292239,762,2,1,600,76.4
291537,292245,292247,708,2,1,600,71.0
291538,292253,292254,715,1,1,600,71.6
291539,292261,292262,722,1,1,600,72.3
291540,291571,295506,31,3935,1,21600,1.00787801779
291541,292269,292270,728,1,1,600,72.9
291542,292276,292301,734,25,1,600,30.36
291544,292284,292286,740,2,1,600,74.2
291545,292298,292299,753,1,1,600,75.4
291546,292311,292312,765,1,1,600,76.6
291548,292319,292320,771,1,1,600,77.2
291549,292327,292329,778,2,1,600,78.0
291551,292335,292337,784,2,1,600,78.6
291552,292342,292343,790,1,1,600,79.1
291579,291606,291615,27,9,2,10800,3.6
291614,292350,292352,736,2,1,600,73.8
291615,292357,292359,742,2,1,600,74.4
291617,292365,292367,748,2,1,600,75.0
291618,292372,292373,754,1,1,600,75.5
291619,292380,292382,761,2,1,600,76.3
291621,292388,292389,767,1,1,600,76.8
291622,292395,292398,773,3,1,600,77.6
291624,292403,292404,779,1,1,600,78.0
291625,292411,292413,786,2,1,600,78.8
291626,292417,292419,791,2,1,600,79.3
291628,292425,292426,797,1,1,600,79.8
291629,292433,292434,804,1,1,600,80.5
291631,292441,292443,810,2,1,600,81.2
291634,291647,293747,13,2100,2,10800,1.00619047619
291682,293454,294578,1772,1124,4,5400,2.57651245552
291692,292449,292456,757,7,1,600,76.4
291694,292456,292457,762,1,1,600,76.3
291695,292468,292470,773,2,1,600,77.5
291696,292475,292476,779,1,1,600,78.0
291698,292483,292485,785,2,1,600,78.7
291699,292491,292492,792,1,1,600,79.3
291701,292498,292499,797,1,1,600,79.8
291762,292506,292508,744,2,1,600,74.6
291763,292514,292515,751,1,1,600,75.2
291765,292521,292522,756,1,1,600,75.7
291765,296772,297625,5007,853,8,5400,6.86987104338
291766,292528,292530,762,2,1,600,76.4
291767,292533,292536,766,3,1,600,76.9
291769,292539,292541,770,2,1,600,77.2
291770,292547,292548,777,1,1,600,77.8
291772,292552,292555,780,3,1,600,78.3
291773,292560,292562,787,2,1,600,78.9
291774,292565,292567,791,2,1,600,79.3
291836,292571,292573,735,2,1,600,73.7
291837,292578,292580,741,2,1,600,74.3
291838,292583,292586,745,3,1,600,74.8
291840,292591,292599,751,8,1,600,75.9
291841,292596,292597,755,1,1,600,75.6
291842,292604,292605,762,1,1,600,76.3
291844,292609,292610,765,1,1,600,76.6
291905,292617,292618,712,1,1,600,71.3
291907,292622,292624,715,2,1,600,71.7
291908,292628,292629,720,1,1,600,72.1
291909,292636,292637,727,1,1,600,72.8
291911,292641,292643,730,2,1,600,73.2
291912,292647,292648,735,1,1,600,73.6
291914,292654,292656,740,2,1,600,74.2
291915,292659,292661,744,2,1,600,74.6
291916,292667,292668,751,1,1,600,75.2
291978,292672,292674,694,2,1,600,69.6
291979,292680,292687,701,7,1,600,70.8
291980,292685,292687,705,2,1,600,70.7
291982,292690,292692,708,2,1,600,71.0
291983,292698,292700,715,2,1,600,71.7
291985,292704,292705,719,1,1,600,72.0
291986,292711,292712,725,1,1,600,72.6
291987,292716,292718,729,2,1,600,73.1
291989,292725,292727,736,2,1,600,73.8
291990,292730,292732,740,2,1,600,74.2
292052,292736,292737,684,1,1,600,68.5
292053,292744,292745,691,1,1,600,69.2
292054,292749,292750,695,1,1,600,69.6
292056,292754,292756,698,2,1,600,70.0
292057,292762,292764,705,2,1,600,70.7
292058,292767,292770,709,3,1,600,71.2
292060,292773,292774,713,1,1,600,71.4
292061,292781,292782,720,1,1,600,72.1
292062,292786,292789,724,3,1,600,72.7
292124,292794,292796,670,2,1,600,67.2
292125,292799,292802,674,3,1,600,67.7
292127,292805,292807,678,2,1,600,68.0
292128,292813,292814,685,1,1,600,68.6
292129,292818,292820,689,2,1,600,69.1
292131,292826,292828,695,2,1,600,69.7
292132,292831,292833,699,2,1,600,70.1
292133,292837,292838,704,1,1,600,70.5
292135,292844,292846,709,2,1,600,71.1
292136,292850,292851,714,1,1,600,71.5
292198,292855,292858,657,3,1,600,66.0
292199,292863,292865,664,2,1,600,66.6
292200,292868,292870,668,2,1,600,67.0
292202,292874,292876,672,2,1,600,67.4
292203,292881,292883,678,2,1,600,68.0
292204,292886,292888,682,2,1,600,68.4
292206,292895,292896,689,1,1,600,69.0
292207,292900,292907,693,7,1,600,70.0
292208,292906,292907,698,1,1,600,69.9
292263,294445,295299,2182,854,16,5400,3.55503512881
292270,292913,292915,643,2,1,600,64.5
292271,292918,292921,647,3,1,600,65.0
292273,292926,292930,653,4,1,600,65.7
292274,292931,292933,657,2,1,600,65.9
292275,292940,292941,665,1,1,600,66.6
292277,292945,292955,668,10,1,600,67.8
292278,292953,292955,675,2,1,600,67.7
292280,292958,292962,678,4,1,600,68.2
292281,292964,292965,683,1,1,600,68.4
292342,292972,292975,630,3,1,600,63.3
292344,292977,292979,633,2,1,600,63.5
292345,292985,292992,640,7,1,600,64.7
292346,292990,292992,644,2,1,600,64.6
292348,292998,292999,650,1,1,600,65.1
292349,293003,293014,654,11,1,600,60.4545454545
292350,293012,293014,662,2,1,600,66.4
292352,293017,293022,665,5,1,600,67.0
292413,293023,293024,610,1,1,600,61.1
292415,293031,293036,616,5,1,600,62.1
292416,293036,293038,620,2,1,600,62.2
292417,293044,293046,627,2,1,600,62.9
292419,293049,293054,630,5,1,600,63.5
292420,293057,293059,637,2,1,600,63.9
292421,293062,293065,641,3,1,600,64.4
292423,293070,293071,647,1,1,600,64.8
292424,293075,293077,651,2,1,600,65.3
292425,293083,293087,658,4,1,600,66.2
292487,293088,293090,601,2,1,600,60.3
292488,293094,293095,606,1,1,600,60.7
292489,293102,293103,613,1,1,600,61.4
292491,293107,293108,616,1,1,600,61.7
292492,293112,293113,620,1,1,600,62.1
292494,293120,293121,626,1,1,600,62.7
292495,293125,293127,630,2,1,600,63.2
292496,293131,293132,635,1,1,600,63.6
292527,295345,296159,2818,814,15,5400,4.46191646192
292558,293139,293140,581,1,1,600,58.2
292559,293144,293146,585,2,1,600,58.7
292560,293150,293151,590,1,1,600,59.1
292562,293157,293159,595,2,1,600,59.7
292563,293163,293165,600,2,1,600,60.2
292565,293168,293169,603,1,1,600,60.4
292566,293176,293177,610,1,1,600,61.1
292567,293181,293185,614,4,1,600,61.8
292569,293189,293190,620,1,1,600,62.1
292570,293194,293195,624,1,1,600,62.5
292572,293201,293203,629,2,1,600,63.1
292573,293207,293209,634,2,1,600,63.6
292603,296753,296763,4150,10,15,5400,416.0
292635,293212,293214,577,2,1,600,57.9
292636,293220,293222,584,2,1,600,58.6
292637,293225,293227,588,2,1,600,59.0
292639,293234,293235,595,1,1,600,59.6
292640,293239,293240,599,1,1,600,60.0
292642,293244,293246,602,2,1,600,60.4
292643,293252,293254,609,2,1,600,61.1
292643,296759,296760,4116,1,15,5400,411.7
292644,293257,293259,613,2,1,600,61.5
292646,293263,293264,617,1,1,600,61.8
292647,293271,293272,624,1,1,600,62.5
292649,293276,293278,627,2,1,600,62.9
292650,293282,293283,632,1,1,600,63.3
292711,293289,293297,578,8,1,600,58.6
292713,293294,293296,581,2,1,600,58.3
292714,293302,293303,588,1,1,600,58.9
292716,293307,293312,591,5,1,600,59.6
292717,293315,293316,598,1,1,600,59.9
292718,293320,293325,602,5,1,600,60.7
292720,293325,293327,605,2,1,600,60.7
292721,293333,293335,612,2,1,600,61.4
292722,293339,293343,617,4,1,600,62.1
292724,293346,293347,622,1,1,600,62.3
292725,293351,293353,626,2,1,600,62.8
292727,293359,293361,632,2,1,600,63.4
292788,293364,293366,576,2,1,600,57.8
292789,293370,293371,581,1,1,600,58.2
292791,293377,293379,586,2,1,600,58.8
292792,293382,293384,590,2,1,600,59.2
292794,293390,293393,596,3,1,600,59.9
292795,293395,293397,600,2,1,600,60.2
292796,293403,293405,607,2,1,600,60.9
292798,293408,293409,610,1,1,600,61.1
292799,293416,293417,617,1,1,600,61.8
292800,293421,293423,621,2,1,600,62.3
292802,293429,293430,627,1,1,600,62.8
292803,293434,293437,631,3,1,600,63.4
292865,293439,293442,574,3,1,600,57.7
292866,293462,293463,596,1,1,600,59.7
292867,293467,293470,600,3,1,600,60.3
292869,293475,293477,606,2,1,600,60.8
292870,293483,293484,613,1,1,600,61.4
292872,293490,293530,618,40,1,600,16.45
292873,293497,293499,624,2,1,600,62.6
292874,293511,293514,637,3,1,600,64.0
292876,293526,293527,650,1,1,600,65.1
292877,293539,293540,662,1,1,600,66.3
292878,293546,293548,668,2,1,600,67.0
292880,293555,293556,675,1,1,600,67.6
292941,293563,293565,622,2,1,600,62.4
292943,293570,293571,627,1,1,600,62.8
292944,293577,293578,633,1,1,600,63.4
292945,293585,293587,640,2,1,600,64.2
292947,293592,293593,645,1,1,600,64.6
292948,293600,293602,652,2,1,600,65.4
292950,293608,293609,658,1,1,600,65.9
292951,293616,293618,665,2,1,600,66.7
292952,293624,293625,672,1,1,600,67.3
292954,293631,293633,677,2,1,600,67.9
292955,293639,293648,684,9,1,600,69.3
293017,293646,293651,629,5,1,600,63.4
293018,293660,293663,642,3,1,600,64.5
293019,293668,293669,649,1,1,600,65.0
293021,293676,293678,655,2,1,600,65.7
293022,293683,293684,661,1,1,600,66.2
293023,293690,293691,667,1,1,600,66.8
293025,293698,293699,673,1,1,600,67.4
293026,293705,293707,679,2,1,600,68.1
293028,293713,293714,685,1,1,600,68.6
293029,293720,293721,691,1,1,600,69.2
293030,293728,293729,698,1,1,600,69.9
293032,293736,293737,704,1,1,600,70.5
293033,293743,293744,710,1,1,600,71.1
293095,293751,293752,656,1,1,600,65.7
293096,293759,293763,663,4,1,600,66.7
293097,293764,293765,667,1,1,600,66.8
293099,293770,293777,671,7,1,600,67.8
293100,293778,293779,678,1,1,600,67.9
293101,293783,293784,682,1,1,600,68.3
293103,293788,293790,685,2,1,600,68.7
293104,293796,293799,692,3,1,600,69.5
293105,293801,293804,696,3,1,600,69.9
293107,293807,293814,700,7,1,600,70.7
293108,293814,293818,706,4,1,600,71.0
293110,293819,293820,709,1,1,600,71.0
293171,293827,293829,656,2,1,600,65.8
293172,293832,293834,660,2,1,600,66.2
293174,293840,293841,666,1,1,600,66.7
293175,293845,293847,670,2,1,600,67.2
293177,293853,293854,676,1,1,600,67.7
293178,293858,293860,680,2,1,600,68.2
293179,293863,293867,684,4,1,600,68.8
293181,293871,293872,690,1,1,600,69.1
293182,293876,293878,694,2,1,600,69.6
293183,293882,293883,699,1,1,600,70.0
293185,293890,293892,705,2,1,600,70.7
293186,293895,293896,709,1,1,600,71.0
293248,293900,293903,652,3,1,600,65.5
293249,293909,293910,660,1,1,600,66.1
293250,293914,293916,664,2,1,600,66.6
293253,293919,293921,666,2,1,600,66.8
293254,293927,293928,673,1,1,600,67.4
293255,293932,293934,677,2,1,600,67.9
293257,293938,293939,681,1,1,600,68.2
293258,293946,293947,688,1,1,600,68.9
293259,293951,293954,692,3,1,600,69.5
293261,293957,293958,696,1,1,600,69.7
293262,293965,293968,703,3,1,600,70.6
293264,293970,293972,706,2,1,600,70.8
293265,293978,293980,713,2,1,600,71.5
293327,293983,293985,656,2,1,600,65.8
293328,293991,293992,663,1,1,600,66.4
293329,293996,293998,667,2,1,600,66.9
293331,294004,294005,673,1,1,600,67.4
293332,294009,294011,677,2,1,600,67.9
293333,294015,294052,682,37,1,600,19.4324324324
293335,294022,294024,687,2,1,600,68.9
293336,294028,294030,692,2,1,600,69.4
293337,294033,294036,696,3,1,600,69.9
293339,294041,294042,702,1,1,600,70.3
293340,294049,294051,709,2,1,600,71.1
293342,294054,294055,712,1,1,600,71.3
293403,294062,294063,659,1,1,600,66.0
293405,294069,294070,664,1,1,600,66.5
293406,294074,294075,668,1,1,600,66.9
293407,294079,294081,672,2,1,600,67.4
293409,294088,294089,679,1,1,600,68.0
293410,294093,294094,683,1,1,600,68.4
293412,294098,294100,686,2,1,600,68.8
293413,294106,294107,693,1,1,600,69.4
293414,294111,294112,697,1,1,600,69.8
293416,294116,294119,700,3,1,600,70.3
293417,294125,294126,708,1,1,600,70.9
293418,294130,294131,712,1,1,600,71.3
293480,294135,294136,655,1,1,600,65.6
293481,294143,294144,662,1,1,600,66.3
293483,294148,294149,665,1,1,600,66.6
293484,294153,294155,669,2,1,600,67.1
293486,294160,294161,674,1,1,600,67.5
293487,294165,294167,678,2,1,600,68.0
293488,294174,294175,686,1,1,600,68.7
293490,294179,294181,689,2,1,600,69.1
293491,294185,294186,694,1,1,600,69.5
293553,294193,294195,640,2,1,600,64.2
293554,294198,294200,644,2,1,600,64.6
293555,294204,294206,649,2,1,600,65.1
293557,294212,294214,655,2,1,600,65.7
293558,294217,294224,659,7,1,600,66.6
293559,294222,294224,663,2,1,600,66.5
293621,294231,294232,610,1,1,600,61.1
293622,294236,294238,614,2,1,600,61.6
293624,294244,294246,620,2,1,600,62.2
293625,294249,294250,624,1,1,600,62.5
293626,294254,294257,628,3,1,600,63.1
293628,294262,294263,634,1,1,600,63.5
293629,294267,294269,638,2,1,600,64.0
293630,294273,294274,643,1,1,600,64.4
293632,294281,294282,649,1,1,600,65.0
293633,294286,294288,653,2,1,600,65.5
293695,294292,294293,597,1,1,600,59.8
293696,294300,294301,604,1,1,600,60.5
293697,294305,294307,608,2,1,600,61.0
293699,294310,294313,611,3,1,600,61.4
293700,294318,294319,618,1,1,600,61.9
293702,294323,294332,621,9,1,600,63.0
293703,294329,294333,626,4,1,600,63.0
293704,294334,294338,630,4,1,600,63.4
293706,294340,294342,634,2,1,600,63.6
293767,294345,294348,578,3,1,600,58.1
293769,294350,294355,581,5,1,600,58.6
293770,294359,294360,589,1,1,600,59.0
293771,294364,294366,593,2,1,600,59.5
293773,294370,294372,597,2,1,600,59.9
293774,294375,294377,601,2,1,600,60.3
293775,294380,294382,605,2,1,600,60.7
293777,294386,294387,609,1,1,600,61.0
293778,294391,294392,613,1,1,600,61.4
293840,294407,294411,567,4,1,600,57.1
293841,294423,294424,582,1,1,600,58.3
293842,294437,294438,595,1,1,600,59.6
293844,294453,294454,609,1,1,600,61.0
293845,294466,294467,621,1,1,600,62.2
293846,294480,294482,634,2,1,600,63.6
293848,294494,294496,646,2,1,600,64.8
293849,294508,294510,659,2,1,600,66.1
293850,294521,294523,671,2,1,600,67.3
293853,294535,294538,682,3,1,600,68.5
293854,294549,294552,695,3,1,600,69.8
293856,294564,294565,708,1,1,600,70.9
293857,294577,294578,720,1,1,600,72.1
293919,294589,294626,670,37,1,600,19.1081081081
293920,294595,294598,675,3,1,600,67.8
293921,294600,294603,679,3,1,600,68.2
293923,294606,294607,683,1,1,600,68.4
293924,294611,294613,687,2,1,600,68.9
293926,294619,294620,693,1,1,600,69.4
293927,294624,294626,697,2,1,600,69.9
293928,294629,294635,701,6,1,600,70.7
293930,294637,294638,707,1,1,600,70.8
293931,294642,294645,711,3,1,600,71.4
293932,294647,294649,715,2,1,600,71.7
293934,294656,294657,722,1,1,600,72.3
293935,294661,294663,726,2,1,600,72.8
293997,294666,294668,669,2,1,600,67.1
293998,294674,294676,676,2,1,600,67.8
293999,294680,294683,681,3,1,600,68.4
294001,294685,294686,684,1,1,600,68.5
294002,294690,294692,688,2,1,600,69.0
294004,294699,294700,695,1,1,600,69.6
294005,294704,294716,699,12,1,600,59.25
294006,294709,294711,703,2,1,600,70.5
294008,294715,294717,707,2,1,600,70.9
294009,294722,294724,713,2,1,600,71.5
294010,294727,294729,717,2,1,600,71.9
294012,294735,294740,723,5,1,600,72.8
294073,294741,294742,668,1,1,600,66.9
294074,294746,294748,672,2,1,600,67.4
294076,294751,294754,675,3,1,600,67.8
294077,294759,294761,682,2,1,600,68.4
294078,294764,294766,686,2,1,600,68.8
294080,294770,294775,690,5,1,600,69.5
294081,294778,294779,697,1,1,600,69.8
294083,294783,294785,700,2,1,600,70.2
294084,294789,294792,705,3,1,600,70.8
294085,294794,294796,709,2,1,600,71.1
294087,294802,294803,715,1,1,600,71.6
294088,294807,294809,719,2,1,600,72.1
294150,294812,294814,662,2,1,600,66.4
294151,294820,294822,669,2,1,600,67.1
294152,294825,294829,673,4,1,600,67.7
294154,294831,294832,677,1,1,600,67.8
294155,294839,294841,684,2,1,600,68.6
294156,294844,294846,688,2,1,600,69.0
294158,294850,294851,692,1,1,600,69.3
294159,294858,294860,699,2,1,600,70.1
294160,294863,294866,703,3,1,600,70.6
294162,294868,294871,706,3,1,600,70.9
294163,294874,294875,711,1,1,600,71.2
294165,294882,294883,717,1,1,600,71.8
294226,294887,294893,661,6,1,600,66.7
294227,294892,294894,665,2,1,600,66.7
294229,294901,294902,672,1,1,600,67.3
294230,294906,294908,676,2,1,600,67.8
294231,294911,294913,680,2,1,600,68.2
294233,294920,294921,687,1,1,600,68.8
294234,294925,294927,691,2,1,600,69.3
294235,294930,294932,695,2,1,600,69.7
294237,294936,294937,699,1,1,600,70.0
294238,294944,294945,706,1,1,600,70.7
294240,294949,294950,709,1,1,600,71.0
294241,294954,294956,713,2,1,600,71.5
294302,294959,294961,657,2,1,600,65.9
294304,294967,294969,663,2,1,600,66.5
294305,294973,294974,668,1,1,600,66.9
294306,294978,294979,672,1,1,600,67.3
294308,294983,294986,675,3,1,600,67.8
294309,294990,294999,681,9,1,600,69.0
294310,294996,295005,686,9,1,600,69.5
294312,295001,295002,689,1,1,600,69.0
294313,295006,295008,693,2,1,600,69.5
294315,295013,295015,698,2,1,600,70.0
294316,295019,295026,703,7,1,600,71.0
294317,295024,295028,707,4,1,600,71.1
294319,295032,295035,713,3,1,600,71.6
294380,295037,295039,657,2,1,600,65.9
294381,295043,295044,662,1,1,600,66.3
294383,295050,295053,667,3,1,600,67.0
294384,295055,295058,671,3,1,600,67.4
294385,295061,295062,676,1,1,600,67.7
294387,295066,295067,679,1,1,600,68.0
294388,295073,295075,685,2,1,600,68.7
294389,295079,295080,690,1,1,600,69.1
294391,295084,295085,693,1,1,600,69.4
294392,295089,295095,697,6,1,600,70.3
294394,295098,295099,704,1,1,600,70.5
294395,295103,295105,708,2,1,600,71.0
294396,295109,295110,713,1,1,600,71.4
294398,295114,295115,716,1,1,600,71.7
294459,295122,295124,663,2,1,600,66.5
294460,295127,295129,667,2,1,600,66.9
294462,295132,295134,670,2,1,600,67.2
294463,295138,295139,675,1,1,600,67.6
294525,295146,295147,621,1,1,600,62.2
294526,295151,295152,625,1,1,600,62.6
294528,295156,295158,628,2,1,600,63.0
294529,295162,295163,633,1,1,600,63.4
294530,295169,295170,639,1,1,600,64.0
294592,295174,295176,582,2,1,600,58.4
294593,295180,295181,587,1,1,600,58.8
294595,295187,295189,592,2,1,600,59.4
294596,295193,295197,597,4,1,600,60.1
294657,295198,295200,541,2,1,600,54.3
294659,295203,295205,544,2,1,600,54.6
294660,295211,295213,551,2,1,600,55.3
294662,295216,295219,554,3,1,600,55.7
294663,295221,295223,558,2,1,600,56.0
294664,295230,295231,566,1,1,600,56.7
294666,295235,295237,569,2,1,600,57.1
294667,295241,295242,574,1,1,600,57.5
294668,295249,295250,581,1,1,600,58.2
294670,295254,295256,584,2,1,600,58.6
294671,295260,295261,589,1,1,600,59.0
294672,295265,295267,593,2,1,600,59.5
294674,295273,295274,599,1,1,600,60.0
294675,295278,295279,603,1,1,600,60.4
294737,295283,295285,546,2,1,600,54.8
294738,295289,295290,551,1,1,600,55.2
294739,295297,295303,558,6,1,600,56.4
294741,295302,295304,561,2,1,600,56.3
294742,295308,295310,566,2,1,600,56.8
294744,295313,295314,569,1,1,600,57.0
294745,295326,295328,581,2,1,600,58.3
294746,295331,295334,585,3,1,600,58.8
294748,295337,295338,589,1,1,600,59.0
294749,295350,295352,601,2,1,600,60.3
294750,295355,295358,605,3,1,600,60.8
294752,295361,295363,609,2,1,600,61.1
294753,295366,295368,613,2,1,600,61.5
294815,295374,295375,559,1,1,600,56.0
294816,295379,295382,563,3,1,600,56.6
294817,295384,295386,567,2,1,600,56.9
294819,295390,295391,571,1,1,600,57.2
294820,295397,295399,577,2,1,600,57.9
294822,295402,295404,580,2,1,600,58.2
294823,295407,295409,584,2,1,600,58.6
294824,295413,295414,589,1,1,600,59.0
294826,295420,295421,594,1,1,600,59.5
294827,295425,295427,598,2,1,600,60.0
294829,295430,295432,601,2,1,600,60.3
294830,295436,295439,606,3,1,600,60.9
294891,295443,295445,552,2,1,600,55.4
294893,295449,295451,556,2,1,600,55.8
294894,295454,295455,560,1,1,600,56.1
294895,295459,295462,564,3,1,600,56.7
294897,295464,295466,567,2,1,600,56.9
294898,295473,295474,575,1,1,600,57.6
294899,295479,295480,580,1,1,600,58.1
294901,295484,295487,583,3,1,600,58.6
294902,295489,295492,587,3,1,600,59.0
294903,295497,295498,594,1,1,600,59.5
294905,295502,295503,597,1,1,600,59.8
294906,295507,295509,601,2,1,600,60.3
294907,295513,295514,606,1,1,600,60.7
294969,295520,295525,551,5,1,600,55.6
294970,295525,295539,555,14,1,600,40.6428571429
294972,295531,295533,559,2,1,600,56.1
294973,295536,295538,563,2,1,600,56.5
294974,295541,295544,567,3,1,600,57.0
294976,295549,295550,573,1,1,600,57.4
294977,295554,295556,577,2,1,600,57.9
294978,295559,295570,581,11,1,600,53.8181818182
294980,295565,295569,585,4,1,600,58.9
294981,295573,295575,592,2,1,600,59.4
294982,295578,295580,596,2,1,600,59.8
294984,295584,295585,600,1,1,600,60.1
294985,295589,295600,604,11,1,600,55.9090909091
295047,295594,295596,547,2,1,600,54.9
295048,295602,295604,554,2,1,600,55.6
295049,295608,295609,559,1,1,600,56.0
295051,295613,295614,562,1,1,600,56.3
295053,295618,295620,565,2,1,600,56.7
295054,295624,295626,570,2,1,600,57.2
295056,295632,295634,576,2,1,600,57.8
295057,295637,295638,580,1,1,600,58.1
295059,295643,295644,584,1,1,600,58.5
295060,295648,295650,588,2,1,600,59.0
295061,295653,295659,592,6,1,600,59.8
295063,295658,295660,595,2,1,600,59.7
295064,295666,295668,602,2,1,600,60.4
295125,295671,295673,546,2,1,600,54.8
295127,295676,295678,549,2,1,600,55.1
295128,295682,295683,554,1,1,600,55.5
295129,295687,295689,558,2,1,600,56.0
295131,295695,295696,564,1,1,600,56.5
295132,295700,295701,568,1,1,600,56.9
295134,295705,295707,571,2,1,600,57.3
295135,295710,295712,575,2,1,600,57.7
295136,295716,295717,580,1,1,600,58.1
295138,295721,295723,583,2,1,600,58.5
295139,295729,295731,590,2,1,600,59.2
295140,295734,295737,594,3,1,600,59.7
295142,295740,295741,598,1,1,600,59.9
295203,295745,295746,542,1,1,600,54.3
295205,295750,295772,545,22,1,600,25.7727272727
295206,295756,295759,550,3,1,600,55.3
295208,295764,295765,556,1,1,600,55.7
295209,295769,295770,560,1,1,600,56.1
295210,295774,295776,564,2,1,600,56.6
295212,295780,295781,568,1,1,600,56.9
295213,295785,295786,572,1,1,600,57.3
295214,295793,295794,579,1,1,600,58.0
295216,295798,295803,582,5,1,600,58.7
295217,295804,295805,587,1,1,600,58.8
295218,295809,295811,591,2,1,600,59.3
295220,295814,295815,594,1,1,600,59.5
295281,295819,295821,538,2,1,600,54.0
295283,295828,295834,545,6,1,600,55.1
295284,295833,295843,549,10,1,600,55.9
295285,295839,295841,554,2,1,600,55.6
295287,295844,295845,557,1,1,600,55.8
295288,295849,295851,561,2,1,600,56.3
295290,295855,295860,565,5,1,600,57.0
295291,295862,295864,571,2,1,600,57.3
295292,295868,295869,576,1,1,600,57.7
295294,295873,295875,579,2,1,600,58.1
295295,295878,295880,583,2,1,600,58.5
295296,295883,295891,587,8,1,600,59.5
295298,295889,295890,591,1,1,600,59.2
295359,295897,295899,538,2,1,600,54.0
295361,295902,295904,541,2,1,600,54.3
295362,295908,295909,546,1,1,600,54.7
295363,295913,295915,550,2,1,600,55.2
295365,295918,295920,553,2,1,600,55.5
295366,295926,295927,560,1,1,600,56.1
295367,295931,295933,564,2,1,600,56.6
295369,295937,295938,568,1,1,600,56.9
295370,295942,295945,572,3,1,600,57.5
295372,295947,295949,575,2,1,600,57.7
295373,295956,295957,583,1,1,600,58.4
295434,295961,295963,527,2,1,600,52.9
295436,295967,295968,531,1,1,600,53.2
295437,295972,295973,535,1,1,600,53.6
295439,295977,295978,538,1,1,600,53.9
295440,295985,295986,545,1,1,600,54.6
295441,295990,295992,549,2,1,600,55.1
295443,295996,295997,553,1,1,600,55.4
295444,296001,296002,557,1,1,600,55.8
295445,296006,296008,561,2,1,600,56.3
295447,296012,296013,565,1,1,600,56.6
295448,296020,296024,572,4,1,600,57.6
295449,296025,296026,576,1,1,600,57.7
295451,296030,296032,579,2,1,600,58.1
295512,296036,296037,524,1,1,600,52.5
295514,296041,296043,527,2,1,600,52.9
295515,296046,296048,531,2,1,600,53.3
295516,296051,296054,535,3,1,600,53.8
295518,296057,296058,539,1,1,600,54.0
295519,296062,296064,543,2,1,600,54.5
295521,296067,296070,546,3,1,600,54.9
295522,296073,296076,551,3,1,600,55.4
295523,296078,296080,555,2,1,600,55.7
295525,296084,296085,559,1,1,600,56.0
295526,296089,296100,563,11,1,600,52.1818181818
295527,296098,296099,571,1,1,600,57.2
295589,296103,296112,514,9,1,600,52.3
295590,296108,296111,518,3,1,600,52.1
295592,296114,296116,522,2,1,600,52.4
295593,296119,296121,526,2,1,600,52.8
295594,296124,296126,530,2,1,600,53.2
295596,296129,296131,533,2,1,600,53.5
295597,296135,296137,538,2,1,600,54.0
295598,296140,296171,542,31,1,600,18.4838709677
295600,296145,296147,545,2,1,600,54.7
295601,296151,296152,550,1,1,600,55.1
295603,296156,296158,553,2,1,600,55.5
295604,296161,296163,557,2,1,600,55.9
295606,296167,296170,561,3,1,600,56.4
295607,296777,296779,1170,2,1,600,117.2
295668,296782,296784,1114,2,1,600,111.6
295670,296788,296789,1118,1,1,600,111.9
295671,296793,296795,1122,2,1,600,112.4
295672,296798,296800,1126,2,1,600,112.8
295674,296804,296806,1130,2,1,600,113.2
295675,296809,296810,1134,1,1,600,113.5
295677,296817,296823,1140,6,1,600,114.6
295678,296822,296826,1144,4,1,600,114.8
295679,296828,296831,1149,3,1,600,115.2
295681,296833,296836,1152,3,1,600,115.5
295682,296839,296842,1157,3,1,600,116.0
295683,296844,296848,1161,4,1,600,116.5
295685,296850,296853,1165,3,1,600,116.8
295686,296855,296858,1169,3,1,600,117.2
295748,296861,296863,1113,2,1,600,111.5
295749,296866,296868,1117,2,1,600,111.9
295750,296871,296874,1121,3,1,600,112.4
295752,296877,296879,1125,2,1,600,112.7
295753,296882,296889,1129,7,1,600,113.6
295755,296887,296890,1132,3,1,600,113.5
295756,296893,296896,1137,3,1,600,114.0
295758,296898,296901,1140,3,1,600,114.3
295759,296903,296905,1144,2,1,600,114.6
295760,296909,296912,1149,3,1,600,115.2
295762,296914,296915,1152,1,1,600,115.3
295763,296919,296923,1156,4,1,600,116.0
295765,296928,296930,1163,2,1,600,116.5
295826,296933,296934,1107,1,1,600,110.8
295827,296938,296940,1111,2,1,600,111.3
295829,296944,296945,1115,1,1,600,111.6
295830,296949,296951,1119,2,1,600,112.1
295832,296954,296956,1122,2,1,600,112.4
295833,296960,296969,1127,9,1,600,113.6
295834,296965,296966,1131,1,1,600,113.2
295836,296970,296972,1134,2,1,600,113.6
295837,296975,296977,1138,2,1,600,114.0
295839,296981,296982,1142,1,1,600,114.3
295840,296986,296988,1146,2,1,600,114.8
295841,296991,296993,1150,2,1,600,115.2
295843,296997,296999,1154,2,1,600,115.6
295904,297002,297004,1098,2,1,600,110.0
295906,297007,297009,1101,2,1,600,110.3
295907,297013,297014,1106,1,1,600,110.7
295908,297018,297020,1110,2,1,600,111.2
295910,297023,297025,1113,2,1,600,111.5
295911,297029,297032,1118,3,1,600,112.1
295913,297034,297036,1121,2,1,600,112.3
295914,297043,297045,1129,2,1,600,113.1
295915,297048,297050,1133,2,1,600,113.5
295917,297054,297055,1137,1,1,600,113.8
295918,297059,297062,1141,3,1,600,114.4
295919,297064,297067,1145,3,1,600,114.8
295921,297069,297071,1148,2,1,600,115.0
295922,297075,297076,1153,1,1,600,115.4
295923,297080,297082,1157,2,1,600,115.9
295985,297085,297093,1100,8,1,600,110.8
295986,297091,297092,1105,1,1,600,110.6
295988,297096,297097,1108,1,1,600,110.9
295989,297101,297103,1112,2,1,600,111.4
295990,297107,297108,1117,1,1,600,111.8
295992,297112,297113,1120,1,1,600,112.1
295993,297117,297118,1124,1,1,600,112.5
295995,297123,297124,1128,1,1,600,112.9
295996,297128,297130,1132,2,1,600,113.4
295997,297133,297135,1136,2,1,600,113.8
295999,297138,297140,1139,2,1,600,114.1
296000,297144,297145,1144,1,1,600,114.5
296002,297152,297155,1150,3,1,600,115.3
296003,297158,297159,1155,1,1,600,115.6
296064,297163,297165,1099,2,1,600,110.1
296066,297168,297170,1102,2,1,600,110.4
296067,297174,297175,1107,1,1,600,110.8
296068,297179,297181,1111,2,1,600,111.3
296070,297184,297186,1114,2,1,600,111.6
296071,297190,297199,1119,9,1,600,112.8
296073,297195,297197,1122,2,1,600,112.4
296074,297200,297202,1126,2,1,600,112.8
296075,297206,297207,1131,1,1,600,113.2
296077,297211,297214,1134,3,1,600,113.7
296078,297216,297221,1138,5,1,600,114.3
296080,297221,297224,1141,3,1,600,114.4
296081,297227,297230,1146,3,1,600,114.9
296082,297232,297234,1150,2,1,600,115.2
296144,297237,297239,1093,2,1,600,109.5
296145,297243,297244,1098,1,1,600,109.9
296147,297248,297249,1101,1,1,600,110.2
296148,297253,297255,1105,2,1,600,110.7
296149,297259,297260,1110,1,1,600,111.1
296151,297267,297272,1116,5,1,600,112.1
296152,297273,297284,1121,11,1,600,102.909090909
296153,297278,297280,1125,2,1,600,112.7
296155,297283,297292,1128,9,1,600,113.7
296156,297288,297290,1132,2,1,600,113.4
296158,297294,297295,1136,1,1,600,113.7
296159,297299,297300,1140,1,1,600,114.1
296160,297304,297306,1144,2,1,600,114.6
296222,297310,297321,1088,11,1,600,99.9090909091
296223,297315,297316,1092,1,1,600,109.3
296224,297326,297328,1102,2,1,600,110.4
296226,297320,297322,1094,2,1,600,109.6
296828,297331,297332,503,1,1,600,50.4
296829,297336,297339,507,3,1,600,51.0
296831,297342,297352,511,10,1,600,52.1
296832,297347,297348,515,1,1,600,51.6
296833,297352,297354,519,2,1,600,52.1
296835,297357,297359,522,2,1,600,52.4
296836,297363,297369,527,6,1,600,53.3
296838,297368,297371,530,3,1,600,53.3
296839,297373,297375,534,2,1,600,53.6
296840,297383,297390,543,7,1,600,55.0
296842,297388,297390,546,2,1,600,54.8
296903,297394,297396,491,2,1,600,49.3
296904,297399,297401,495,2,1,600,49.7
296906,297404,297406,498,2,1,600,50.0
296907,297410,297411,503,1,1,600,50.4
296909,297415,297417,506,2,1,600,50.8
296910,297420,297422,510,2,1,600,51.2
296911,297426,297427,515,1,1,600,51.6
296913,297431,297468,518,37,1,600,15.0
296914,297436,297444,522,8,1,600,53.0
296915,297441,297446,526,5,1,600,53.1
296917,297447,297448,530,1,1,600,53.1
296918,297452,297453,534,1,1,600,53.5
296919,297457,297459,538,2,1,600,54.0
296921,297463,297464,542,1,1,600,54.3
296922,297468,297469,546,1,1,600,54.7
296984,297473,297475,489,2,1,600,49.1
296985,297479,297480,494,1,1,600,49.5
296986,297484,297486,498,2,1,600,50.0
296988,297493,297494,505,1,1,600,50.6
296989,297498,297500,509,2,1,600,51.1
296991,297504,297505,513,1,1,600,51.4
296992,297509,297511,517,2,1,600,51.9
296993,297514,297515,521,1,1,600,52.2
296995,297519,297522,524,3,1,600,52.7
296996,297525,297527,529,2,1,600,53.1
296997,297530,297532,533,2,1,600,53.5
296999,297535,297537,536,2,1,600,53.8
297000,297541,297547,541,6,1,600,54.7
297001,297546,297548,545,2,1,600,54.7
297063,297551,297553,488,2,1,600,49.0
297065,297557,297558,492,1,1,600,49.3
297066,297562,297563,496,1,1,600,49.7
297067,297567,297569,500,2,1,600,50.2
297069,297572,297575,503,3,1,600,50.6
297070,297578,297579,508,1,1,600,50.9
297071,297583,297584,512,1,1,600,51.3
297073,297588,297591,515,3,1,600,51.8
297074,297594,297596,520,2,1,600,52.2
297076,297599,297600,523,1,1,600,52.4
297077,297608,297610,531,2,1,600,53.3
297078,297613,297616,535,3,1,600,53.8
297080,297618,297621,538,3,1,600,54.1
297081,297624,297625,543,1,1,600,54.4
297082,297629,297631,547,2,1,600,54.9
297144,297634,297637,490,3,1,600,49.3
297145,297640,297666,495,26,1,600,20.0384615385
297147,297645,297646,498,1,1,600,49.9
297148,297650,297652,502,2,1,600,50.4
297149,297655,297658,506,3,1,600,50.9
297151,297661,297662,510,1,1,600,51.1
297152,297666,297668,514,2,1,600,51.6
297154,297671,297673,517,2,1,600,51.9
297155,297677,297679,522,2,1,600,52.4
297156,297682,297684,526,2,1,600,52.8
297158,297687,297689,529,2,1,600,53.1
297159,297693,297694,534,1,1,600,53.5
297160,297698,297700,538,2,1,600,54.0
297162,297703,297706,541,3,1,600,54.4
297223,297709,297710,486,1,1,600,48.7
297225,297718,297720,493,2,1,600,49.5
297226,297724,297725,498,1,1,600,49.9
297228,297729,297731,501,2,1,600,50.3
297229,297734,297736,505,2,1,600,50.7
297230,297739,297741,509,2,1,600,51.1
297232,297745,297746,513,1,1,600,51.4
297233,297750,297753,517,3,1,600,52.0
297235,297755,297758,520,3,1,600,52.3
297236,297761,297762,525,1,1,600,52.6
297237,297766,297768,529,2,1,600,53.1
297239,297771,297773,532,2,1,600,53.4
297240,297777,297779,537,2,1,600,53.9
297241,297782,297785,541,3,1,600,54.4
297243,297787,297789,544,2,1,600,54.6
297304,297793,297794,489,1,1,600,49.0
297306,297798,297805,492,7,1,600,49.9
297307,297803,297805,496,2,1,600,49.8
297308,297809,297810,501,1,1,600,50.2
297310,297814,297815,504,1,1,600,50.5
297311,297819,297821,508,2,1,600,51.0
297312,297825,297826,513,1,1,600,51.4
297314,297830,297831,516,1,1,600,51.7
297315,297835,297841,520,6,1,600,52.6
297317,297841,297842,524,1,1,600,52.5
297318,297846,297847,528,1,1,600,52.9
297319,297851,297853,532,2,1,600,53.4
297321,297857,297859,536,2,1,600,53.8
297322,297862,297864,540,2,1,600,54.2
297384,297872,297873,488,1,1,600,48.9
297385,297877,297879,492,2,1,600,49.4
297386,297882,297884,496,2,1,600,49.8
297388,297888,297889,500,1,1,600,50.1
297389,297893,297902,504,9,1,600,51.3
297390,297898,297900,508,2,1,600,51.0
297392,297904,297905,512,1,1,600,51.3
297393,297909,297910,516,1,1,600,51.7
297395,297914,297915,519,1,1,600,52.0
297396,297919,297921,523,2,1,600,52.5
297397,297925,297927,528,2,1,600,53.0
297399,297930,297931,531,1,1,600,53.2
297400,297935,297937,535,2,1,600,53.7
297401,297941,297943,540,2,1,600,54.2
297403,297946,297948,543,2,1,600,54.5
297464,297951,297954,487,3,1,600,49.0
297466,297957,297964,491,7,1,600,49.8
297467,297962,297963,495,1,1,600,49.6
297468,297967,297969,499,2,1,600,50.1
297470,297973,297974,503,1,1,600,50.4
297471,297978,297980,507,2,1,600,50.9
297473,297983,297985,510,2,1,600,51.2
297474,297989,297990,515,1,1,600,51.6
297475,297994,297995,519,1,1,600,52.0
297477,297999,298002,522,3,1,600,52.5
297478,298005,298006,527,1,1,600,52.8
297479,298010,298012,531,2,1,600,53.3
297481,298015,298017,534,2,1,600,53.6
297482,298024,298027,542,3,1,600,54.5
297483,298030,298031,547,1,1,600,54.8
297545,298035,298037,490,2,1,600,49.2
297546,298041,298042,495,1,1,600,49.6
297548,298046,298047,498,1,1,600,49.9
297549,298051,298053,502,2,1,600,50.4
297550,298057,298059,507,2,1,600,50.9
297552,298062,298064,510,2,1,600,51.2
297553,298068,298070,515,2,1,600,51.7
297555,298073,298075,518,2,1,600,52.0
297556,298078,298082,522,4,1,600,52.6
297557,298084,298085,527,1,1,600,52.8
297559,298089,298090,530,1,1,600,53.1
297560,298094,298096,534,2,1,600,53.6
297561,298100,298105,539,5,1,600,54.4
297563,298105,298106,542,1,1,600,54.3
297564,298110,298112,546,2,1,600,54.8
297626,298116,298117,490,1,1,600,49.1
297627,298121,298134,494,13,1,600,39.0
297628,298126,298134,498,8,1,600,50.6
297630,298132,298134,502,2,1,600,50.4
297631,298137,298138,506,1,1,600,50.7
297633,298142,298144,509,2,1,600,51.1
297634,298148,298149,514,1,1,600,51.5
297635,298153,298155,518,2,1,600,52.0
297637,298158,298160,521,2,1,600,52.3
297638,298164,298166,526,2,1,600,52.8
297640,298169,298171,529,2,1,600,53.1
297641,298177,298179,536,2,1,600,53.8
297642,298183,298185,541,2,1,600,54.3
297644,298188,298189,544,1,1,600,54.5
297705,298193,298195,488,2,1,600,49.0
297707,298199,298201,492,2,1,600,49.4
297708,298204,298206,496,2,1,600,49.8
297709,298209,298211,500,2,1,600,50.2
297711,298215,298216,504,1,1,600,50.5
297712,298220,298226,508,6,1,600,51.4
297713,298225,298227,512,2,1,600,51.4
297715,298231,298232,516,1,1,600,51.7
297716,298236,298237,520,1,1,600,52.1
297718,298241,298242,523,1,1,600,52.4
297719,298246,298248,527,2,1,600,52.9
297720,298252,298255,532,3,1,600,53.5
297722,298257,298260,535,3,1,600,53.8
297723,298262,298264,539,2,1,600,54.1
297785,298268,298269,483,1,1,600,48.4
297786,298273,298274,487,1,1,600,48.8
297787,298278,298280,491,2,1,600,49.3
297789,298284,298286,495,2,1,600,49.7
297790,298289,298290,499,1,1,600,50.0
297791,298294,298296,503,2,1,600,50.5
297793,298300,298302,507,2,1,600,50.9
297794,298305,298307,511,2,1,600,51.3
297795,298310,298312,515,2,1,600,51.7
297797,298316,298317,519,1,1,600,52.0
297798,298321,298322,523,1,1,600,52.4
297800,298330,298332,530,2,1,600,53.2
297801,298336,298338,535,2,1,600,53.7
297803,298341,298342,538,1,1,600,53.9
297804,298346,298349,542,3,1,600,54.5
297865,298351,298353,486,2,1,600,48.8
297867,298357,298361,490,4,1,600,49.4
297868,298362,298364,494,2,1,600,49.6
297870,298367,298369,497,2,1,600,49.9
297871,298373,298374,502,1,1,600,50.3
297873,298378,298379,505,1,1,600,50.6
297874,298383,298385,509,2,1,600,51.1
297875,298389,298390,514,1,1,600,51.5
297877,298394,298395,517,1,1,600,51.8
297878,298399,298401,521,2,1,600,52.3
297880,298405,298410,525,5,1,600,53.0
297881,298410,298422,529,12,1,600,45.0833333333
297882,298415,298416,533,1,1,600,53.4
297884,298421,298423,537,2,1,600,53.9
297885,298426,298428,541,2,1,600,54.3
297947,298431,298433,484,2,1,600,48.6
297948,298437,298467,489,30,1,600,17.3
297949,298442,298443,493,1,1,600,49.4
297951,298447,298449,496,2,1,600,49.8
297952,298453,298454,501,1,1,600,50.2
297953,298458,298460,505,2,1,600,50.7
297955,298463,298465,508,2,1,600,51.0
297956,298469,298471,513,2,1,600,51.5
297958,298474,298476,516,2,1,600,51.8
297959,298479,298480,520,1,1,600,52.1
297960,298488,298493,528,5,1,600,53.3
297962,298494,298495,532,1,1,600,53.3
297963,298499,298501,536,2,1,600,53.8
297964,298504,298507,540,3,1,600,54.3
298026,298510,298512,484,2,1,600,48.6
298027,298515,298517,488,2,1,600,49.0
298028,298520,298523,492,3,1,600,49.5
298030,298526,298529,496,3,1,600,49.9
298031,298531,298532,500,1,1,600,50.1
298033,298536,298538,503,2,1,600,50.5
298034,298542,298546,508,4,1,600,51.2
298035,298547,298548,512,1,1,600,51.3
298037,298552,298557,515,5,1,600,52.0
298038,298557,298560,519,3,1,600,52.2
298039,298563,298572,524,9,1,600,53.3
298041,298568,298570,527,2,1,600,52.9
298042,298573,298575,531,2,1,600,53.3
298044,298579,298584,535,5,1,600,54.0
298045,298584,298585,539,1,1,600,54.0
298107,298589,298591,482,2,1,600,48.4
298108,298595,298596,487,1,1,600,48.8
298109,298600,298603,491,3,1,600,49.4
298111,298605,298611,494,6,1,600,50.0
298112,298611,298612,499,1,1,600,50.0
298114,298616,298634,502,18,1,600,28.8888888889
298115,298621,298623,506,2,1,600,50.8
298116,298627,298628,511,1,1,600,51.2
298118,298632,298634,514,2,1,600,51.6
298119,298641,298643,522,2,1,600,52.4
298120,298647,298648,527,1,1,600,52.8
298122,298652,298655,530,3,1,600,53.3
298123,298657,298666,534,9,1,600,54.3
298124,298663,298664,539,1,1,600,54.0
298126,298668,298670,542,2,1,600,54.4
298187,298673,298675,486,2,1,600,48.8
298189,298679,298681,490,2,1,600,49.2
298190,298684,298686,494,2,1,600,49.6
298192,298689,298693,497,4,1,600,50.1
298193,298695,298707,502,12,1,600,42.8333333333
298194,298700,298703,506,3,1,600,50.9
298196,298706,298709,510,3,1,600,51.3
298197,298711,298712,514,1,1,600,51.5
298199,298716,298718,517,2,1,600,51.9
298200,298721,298723,521,2,1,600,52.3
298201,298727,298728,526,1,1,600,52.7
298203,298732,298734,529,2,1,600,53.1
298204,298737,298741,533,4,1,600,53.7
298206,298743,298745,537,2,1,600,53.9
298207,298748,298750,541,2,1,600,54.3
298268,298753,298756,485,3,1,600,48.8
298270,298759,298766,489,7,1,600,49.6
298271,298764,298765,493,1,1,600,49.4
298273,298769,298771,496,2,1,600,49.8
298274,298775,298777,501,2,1,600,50.3
298275,298780,298781,505,1,1,600,50.6
298277,298785,298787,508,2,1,600,51.0
298278,298795,298799,517,4,1,600,52.1
298279,298800,298802,521,2,1,600,52.3
298281,298805,298807,524,2,1,600,52.6
298282,298811,298812,529,1,1,600,53.0
298284,298816,298817,532,1,1,600,53.3
298285,298821,298823,536,2,1,600,53.8
298286,298827,298829,541,2,1,600,54.3
298288,298832,298833,544,1,1,600,54.5
298349,298837,298839,488,2,1,600,49.0
298351,298843,298850,492,7,1,600,49.9
298352,298848,298849,496,1,1,600,49.7
298353,298853,298855,500,2,1,600,50.2
298355,298859,298860,504,1,1,600,50.5
298356,298864,298865,508,1,1,600,50.9
298358,298869,298871,511,2,1,600,51.3
298359,298874,298876,515,2,1,600,51.7
298360,298880,298883,520,3,1,600,52.3
298362,298885,298886,523,1,1,600,52.4
298363,298890,298892,527,2,1,600,52.9
298364,298896,298897,532,1,1,600,53.3
298366,298901,298909,535,8,1,600,54.3
298367,298906,298908,539,2,1,600,54.1
298429,298912,298914,483,2,1,600,48.5
298430,298917,298918,487,1,1,600,48.8
298431,298922,298925,491,3,1,600,49.4
298433,298928,298929,495,1,1,600,49.6
298434,298933,298935,499,2,1,600,50.1
298435,298938,298940,503,2,1,600,50.5
298437,298944,298945,507,1,1,600,50.8
298438,298953,298961,515,8,1,600,52.3
298440,298958,298960,518,2,1,600,52.0
298441,298964,298965,523,1,1,600,52.4
298443,298969,298970,526,1,1,600,52.7
298444,298974,298976,530,2,1,600,53.2
298445,298979,298982,534,3,1,600,53.7
298447,298985,298987,538,2,1,600,54.0
298508,298990,298992,482,2,1,600,48.4
298510,298995,298997,485,2,1,600,48.7
298511,299001,299003,490,2,1,600,49.2
298512,299006,299008,494,2,1,600,49.6
298514,299011,299016,497,5,1,600,50.2
298515,299017,299019,502,2,1,600,50.4
298517,299022,299023,505,1,1,600,50.6
298518,299027,299029,509,2,1,600,51.1
298520,299033,299034,513,1,1,600,51.4
298521,299038,299040,517,2,1,600,51.9
298522,299043,299045,521,2,1,600,52.3
298524,299048,299050,524,2,1,600,52.6
298525,299054,299056,529,2,1,600,53.1
298526,299059,299061,533,2,1,600,53.5
298528,299064,299067,536,3,1,600,53.9
298529,299070,299072,541,2,1,600,54.3
298591,299075,299077,484,2,1,600,48.6
298592,299080,299082,488,2,1,600,49.0
298593,299086,299087,493,1,1,600,49.4
298595,299091,299095,496,4,1,600,50.0
298596,299096,299099,500,3,1,600,50.3
298598,299102,299108,504,6,1,600,51.0
298599,299110,299112,511,2,1,600,51.3
298601,299116,299117,515,1,1,600,51.6
298602,299121,299123,519,2,1,600,52.1
298603,299126,299128,523,2,1,600,52.5
298605,299132,299134,527,2,1,600,52.9
298606,299137,299139,531,2,1,600,53.3
298607,299142,299144,535,2,1,600,53.7
298609,299148,299150,539,2,1,600,54.1
298610,299153,299154,543,1,1,600,54.4
298672,299158,299161,486,3,1,600,48.9
298673,299164,299166,491,2,1,600,49.3
298674,299169,299170,495,1,1,600,49.6
298676,299174,299177,498,3,1,600,50.1
298677,299180,299190,503,10,1,600,51.3
298679,299185,299187,506,2,1,600,50.8
298680,299190,299192,510,2,1,600,51.2
298681,299196,299198,515,2,1,600,51.7
298683,299201,299206,518,5,1,600,52.3
298684,299206,299208,522,2,1,600,52.4
298686,299212,299213,526,1,1,600,52.7
298687,299217,299220,530,3,1,600,53.3
298688,299222,299224,534,2,1,600,53.6
298690,299227,299230,537,3,1,600,54.0
298751,299233,299234,482,1,1,600,48.3
298752,299238,299239,486,1,1,600,48.7
298754,299243,299250,489,7,1,600,49.6
298755,299249,299256,494,7,1,600,50.1
298757,299254,299255,497,1,1,600,49.8
298758,299263,299266,505,3,1,600,50.8
298760,299269,299270,509,1,1,600,51.0
298761,299274,299275,513,1,1,600,51.4
298762,299279,299282,517,3,1,600,52.0
298764,299285,299287,521,2,1,600,52.3
298765,299290,299292,525,2,1,600,52.7
298767,299295,299298,528,3,1,600,53.1
298768,299301,299308,533,7,1,600,54.0
298769,299306,299308,537,2,1,600,53.9
298771,299311,299314,540,3,1,600,54.3
298772,299317,299336,545,19,1,600,29.6842105263
298834,299322,299324,488,2,1,600,49.0
298835,299327,299330,492,3,1,600,49.5
298836,299332,299334,496,2,1,600,49.8
298838,299338,299340,500,2,1,600,50.2
298839,299343,299346,504,3,1,600,50.7
298840,299348,299351,508,3,1,600,51.1
298842,299354,299356,512,2,1,600,51.4
298843,299359,299360,516,1,1,600,51.7
298845,299364,299366,519,2,1,600,52.1
298846,299370,299372,524,2,1,600,52.6
298847,299375,299376,528,1,1,600,52.9
298849,299380,299385,531,5,1,600,53.6
298850,299386,299387,536,1,1,600,53.7
298912,299391,299392,479,1,1,600,48.0
298913,299396,299398,483,2,1,600,48.5
298915,299401,299407,486,6,1,600,49.2
298916,299407,299408,491,1,1,600,49.2
298917,299416,299418,499,2,1,600,50.1
298919,299422,299423,503,1,1,600,50.4
298920,299427,299429,507,2,1,600,50.9
298922,299432,299434,510,2,1,600,51.2
298923,299438,299443,515,5,1,600,52.0
298924,299443,299444,519,1,1,600,52.0
298926,299448,299456,522,8,1,600,53.0
298927,299453,299455,526,2,1,600,52.8
298928,299459,299461,531,2,1,600,53.3
298930,299464,299466,534,2,1,600,53.6
298931,299469,299472,538,3,1,600,54.1
298933,299475,299476,542,1,1,600,54.3
298994,299480,299481,486,1,1,600,48.7
298995,299485,299487,490,2,1,600,49.2
298997,299491,299493,494,2,1,600,49.6
298998,299496,299499,498,3,1,600,50.1
298999,299501,299502,502,1,1,600,50.3
299001,299506,299508,505,2,1,600,50.7
299002,299512,299514,510,2,1,600,51.2
299004,299517,299520,513,3,1,600,51.6
299005,299522,299526,517,4,1,600,52.1
299006,299528,299538,522,10,1,600,53.2
299008,299533,299535,525,2,1,600,52.7
299009,299538,299540,529,2,1,600,53.1
299011,299544,299546,533,2,1,600,53.5
299012,299549,299551,537,2,1,600,53.9
299013,299554,299558,541,4,1,600,54.5
299075,299560,299561,485,1,1,600,48.6
299076,299569,299570,493,1,1,600,49.4
299078,299574,299575,496,1,1,600,49.7
299079,299579,299581,500,2,1,600,50.2
299080,299584,299586,504,2,1,600,50.6
299082,299590,299591,508,1,1,600,50.9
299083,299595,299597,512,2,1,600,51.4
299084,299600,299602,516,2,1,600,51.8
299086,299606,299607,520,1,1,600,52.1
299087,299611,299613,524,2,1,600,52.6
299089,299616,299624,527,8,1,600,53.5
299090,299622,299624,532,2,1,600,53.4
299091,299627,299640,536,13,1,600,42.2307692308
299093,299632,299634,539,2,1,600,54.1
299094,299638,299640,544,2,1,600,54.6
299156,299643,299644,487,1,1,600,48.8
299157,299648,299650,491,2,1,600,49.3
299158,299653,299655,495,2,1,600,49.7
299160,299659,299660,499,1,1,600,50.0
299162,299664,299665,502,1,1,600,50.3
299163,299669,299671,506,2,1,600,50.8
299164,299675,299676,511,1,1,600,51.2
299166,299680,299682,514,2,1,600,51.6
299167,299685,299697,518,12,1,600,44.1666666667
299169,299691,299692,522,1,1,600,52.3
299170,299696,299699,526,3,1,600,52.9
299171,299701,299703,530,2,1,600,53.2
299173,299707,299708,534,1,1,600,53.5
299174,299712,299713,538,1,1,600,53.9
299236,299721,299724,485,3,1,600,48.8
299237,299727,299740,490,13,1,600,38.6923076923
299238,299732,299736,494,4,1,600,49.8
299240,299737,299739,497,2,1,600,49.9
299241,299743,299744,502,1,1,600,50.3
299243,299748,299750,505,2,1,600,50.7
299244,299753,299755,509,2,1,600,51.1
299245,299759,299760,514,1,1,600,51.5
299247,299764,299766,517,2,1,600,51.9
299248,299769,299772,521,3,1,600,52.4
299249,299774,299777,525,3,1,600,52.8
299251,299780,299781,529,1,1,600,53.0
299253,299785,299786,532,1,1,600,53.3
299254,299790,299793,536,3,1,600,53.9
299256,299796,299797,540,1,1,600,54.1
299317,299801,299802,484,1,1,600,48.5
299319,299806,299808,487,2,1,600,48.9
299320,299812,299814,492,2,1,600,49.4
299321,299817,299819,496,2,1,600,49.8
299323,299822,299830,499,8,1,600,50.7
299324,299827,299829,503,2,1,600,50.5
299326,299833,299834,507,1,1,600,50.8
299327,299838,299839,511,1,1,600,51.2
299328,299843,299845,515,2,1,600,51.7
299330,299849,299850,519,1,1,600,52.0
299331,299854,299856,523,2,1,600,52.5
299332,299859,299861,527,2,1,600,52.9
299334,299865,299866,531,1,1,600,53.2
299335,299870,299872,535,2,1,600,53.7
299397,299880,299882,483,2,1,600,48.5
299398,299885,299886,487,1,1,600,48.8
299400,299890,299892,490,2,1,600,49.2
299401,299896,299897,495,1,1,600,49.6
299402,299901,299903,499,2,1,600,50.1
299404,299906,299908,502,2,1,600,50.4
299405,299912,299913,507,1,1,600,50.8
299407,299917,299919,510,2,1,600,51.2
299408,299922,299923,514,1,1,600,51.5
299409,299927,299929,518,2,1,600,52.0
299411,299933,299936,522,3,1,600,52.5
299412,299938,299940,526,2,1,600,52.8
299414,299943,299946,529,3,1,600,53.2
299415,299949,299950,534,1,1,600,53.5
299416,299954,299955,538,1,1,600,53.9
299418,299959,299961,541,2,1,600,54.3
299479,299965,299967,486,2,1,600,48.8
299480,299970,299972,490,2,1,600,49.2
299482,299975,299977,493,2,1,600,49.5
299483,299981,299983,498,2,1,600,50.0
299485,299986,299987,501,1,1,600,50.2
299486,299991,299993,505,2,1,600,50.7
299487,299997,299998,510,1,1,600,51.1
299489,300002,300010,513,8,1,600,52.1
299490,300007,300009,517,2,1,600,51.9
299492,300013,300014,521,1,1,600,52.2
299493,300018,300020,525,2,1,600,52.7
299494,300023,300025,529,2,1,600,53.1
299496,300029,300040,533,11,1,600,49.4545454545
299497,300038,300039,541,1,1,600,54.2
299499,300043,300045,544,2,1,600,54.6
299560,300048,300050,488,2,1,600,49.0
299561,300054,300055,493,1,1,600,49.4
299563,300059,300060,496,1,1,600,49.7
299564,300064,300066,500,2,1,600,50.2
299566,300070,300071,504,1,1,600,50.5
299567,300075,300077,508,2,1,600,51.0
299568,300080,300082,512,2,1,600,51.4
299570,300086,300096,516,10,1,600,52.6
299571,300091,300092,520,1,1,600,52.1
299573,300096,300098,523,2,1,600,52.5
299574,300102,300142,528,40,1,600,14.2
299576,300107,300108,531,1,1,600,53.2
299577,300112,300114,535,2,1,600,53.7
299578,300118,300119,540,1,1,600,54.1
299640,300123,300124,483,1,1,600,48.4
299641,300128,300129,487,1,1,600,48.8
299643,300133,300135,490,2,1,600,49.2
299644,300139,300140,495,1,1,600,49.6
299645,300144,300145,499,1,1,600,50.0
299647,300149,300156,502,7,1,600,50.9
299648,300155,300156,507,1,1,600,50.8
299650,300160,300163,510,3,1,600,51.3
299651,300165,300167,514,2,1,600,51.6
299652,300171,300172,519,1,1,600,52.0
299654,300176,300178,522,2,1,600,52.4
299655,300181,300183,526,2,1,600,52.8
299657,300187,300188,530,1,1,600,53.1
299658,300197,300198,539,1,1,600,54.0
299659,300202,300204,543,2,1,600,54.5
299661,300207,300209,546,2,1,600,54.8
299722,300213,300214,491,1,1,600,49.2
299724,300218,300226,494,8,1,600,50.2
299725,300223,300231,498,8,1,600,50.6
299726,300229,300230,503,1,1,600,50.4
299728,300234,300235,506,1,1,600,50.7
299729,300239,300252,510,13,1,600,40.2307692308
299730,300244,300246,514,2,1,600,51.6
299732,300250,300251,518,1,1,600,51.9
299733,300255,300256,522,1,1,600,52.3
299735,300260,300262,525,2,1,600,52.7
299736,300266,300281,530,15,1,600,36.3333333333
299737,300271,300273,534,2,1,600,53.6
299799,300276,300278,477,2,1,600,47.9
299800,300282,300283,482,1,1,600,48.3
299801,300287,300289,486,2,1,600,48.8
299803,300292,300295,489,3,1,600,49.2
299804,300298,300300,494,2,1,600,49.6
299806,300303,300304,497,1,1,600,49.8
299807,300308,300310,501,2,1,600,50.3
299808,300313,300315,505,2,1,600,50.7
299810,300319,300320,509,1,1,600,51.0
299811,300324,300326,513,2,1,600,51.5
299812,300329,300332,517,3,1,600,52.0
299814,300335,300344,521,9,1,600,53.0
299815,300340,300342,525,2,1,600,52.7
299816,300345,300348,529,3,1,600,53.2
299818,300355,300357,537,2,1,600,53.9
299819,300361,300362,542,1,1,600,54.3
299820,300366,300367,546,1,1,600,54.7
299882,300371,300373,489,2,1,600,49.1
299883,300377,300378,494,1,1,600,49.5
299885,300382,300384,497,2,1,600,49.9
299886,300387,300389,501,2,1,600,50.3
299887,300393,300395,506,2,1,600,50.8
299889,300398,300400,509,2,1,600,51.1
299890,300403,300405,513,2,1,600,51.5
299892,300409,300410,517,1,1,600,51.8
299893,300414,300416,521,2,1,600,52.3
299895,300419,300421,524,2,1,600,52.6
299896,300425,300426,529,1,1,600,53.0
299897,300430,300431,533,1,1,600,53.4
299899,300435,300437,536,2,1,600,53.8
299900,300441,300442,541,1,1,600,54.2
299962,300446,300449,484,3,1,600,48.7
299963,300451,300453,488,2,1,600,49.0
299965,300457,300458,492,1,1,600,49.3
299966,300462,300465,496,3,1,600,49.9
299967,300467,300469,500,2,1,600,50.2
299969,300473,300478,504,5,1,600,50.9
299970,300478,300480,508,2,1,600,51.0
299972,300483,300485,511,2,1,600,51.3
299973,300489,300491,516,2,1,600,51.8
299974,300494,300496,520,2,1,600,52.2
299976,300499,300501,523,2,1,600,52.5
299977,300509,300511,532,2,1,600,53.4
299979,300515,300516,536,1,1,600,53.7
299980,300520,300522,540,2,1,600,54.2
299981,300525,300529,544,4,1,600,54.8
299983,300531,300532,548,1,1,600,54.9
300044,300536,300541,492,5,1,600,49.7
300046,300541,300542,495,1,1,600,49.6
300047,300546,300548,499,2,1,600,50.1
300048,300552,300553,504,1,1,600,50.5
300050,300557,300563,507,6,1,600,51.3
300051,300562,300564,511,2,1,600,51.3
300052,300568,300569,516,1,1,600,51.7
300054,300573,300575,519,2,1,600,52.1
300055,300578,300580,523,2,1,600,52.5
300057,300584,300585,527,1,1,600,52.8
300058,300589,300590,531,1,1,600,53.2
300059,300594,300596,535,2,1,600,53.7
300061,300600,300601,539,1,1,600,54.0
300062,300605,300606,543,1,1,600,54.4
300124,300610,300613,486,3,1,600,48.9
300125,300616,300627,491,11,1,600,45.6363636364
300126,300621,300623,495,2,1,600,49.7
300128,300626,300628,498,2,1,600,50.0
300129,300632,300633,503,1,1,600,50.4
300131,300637,300639,506,2,1,600,50.8
300132,300642,300644,510,2,1,600,51.2
300133,300647,300650,514,3,1,600,51.7
300135,300653,300656,518,3,1,600,52.1
300136,300658,300659,522,1,1,600,52.3
300137,300667,300669,530,2,1,600,53.2
300139,300673,300674,534,1,1,600,53.5
300140,300678,300681,538,3,1,600,54.1
300142,300683,300685,541,2,1,600,54.3
300203,300689,300691,486,2,1,600,48.8
300204,300694,300695,490,1,1,600,49.1
300206,300699,300701,493,2,1,600,49.5
300207,300705,300706,498,1,1,600,49.9
300209,300710,300712,501,2,1,600,50.3
300210,300715,300717,505,2,1,600,50.7
300211,300721,300723,510,2,1,600,51.2
300213,300726,300727,513,1,1,600,51.4
300214,300731,300734,517,3,1,600,52.0
300216,300736,300739,520,3,1,600,52.3
300217,300742,300743,525,1,1,600,52.6
300219,300747,300753,528,6,1,600,53.4
300220,300752,300759,532,7,1,600,53.9
300221,300758,300760,537,2,1,600,53.9
300223,300763,300768,540,5,1,600,54.5
300284,300768,300770,484,2,1,600,48.6
300286,300774,300775,488,1,1,600,48.9
300287,300779,300781,492,2,1,600,49.4
300288,300784,300786,496,2,1,600,49.8
300290,300790,300791,500,1,1,600,50.1
300291,300795,300800,504,5,1,600,50.9
300293,300800,300802,507,2,1,600,50.9
300294,300806,300808,512,2,1,600,51.4
300295,300811,300813,516,2,1,600,51.8
300297,300821,300822,524,1,1,600,52.5
300298,300826,300829,528,3,1,600,53.1
300300,300831,300833,531,2,1,600,53.3
300301,300837,300838,536,1,1,600,53.7
300302,300842,300843,540,1,1,600,54.1
300304,300847,300850,543,3,1,600,54.6
300305,300852,300854,547,2,1,600,54.9
300367,300858,300861,491,3,1,600,49.4
300368,300863,300865,495,2,1,600,49.7
300369,300868,300881,499,13,1,600,39.3846153846
300371,300874,300900,503,26,1,600,20.3461538462
300372,300879,300880,507,1,1,600,50.8
300373,300884,300886,511,2,1,600,51.3
300375,300890,300892,515,2,1,600,51.7
300376,300895,300910,519,15,1,600,35.6
300378,300900,300902,522,2,1,600,52.4
300379,300906,300913,527,7,1,600,53.4
300380,300911,300913,531,2,1,600,53.3
300382,300916,300919,534,3,1,600,53.7
300383,300921,300923,538,2,1,600,54.0
300385,300927,300933,542,6,1,600,54.8
300446,300932,300934,486,2,1,600,48.8
300447,300937,300944,490,7,1,600,49.7
300449,300943,300945,494,2,1,600,49.6
300450,300948,300949,498,1,1,600,49.9
300452,300953,300955,501,2,1,600,50.3
300453,300959,300960,506,1,1,600,50.7
300455,300964,300965,509,1,1,600,51.0
300456,300974,300975,518,1,1,600,51.9
300457,300979,300980,522,1,1,600,52.3
300459,300984,300987,525,3,1,600,52.8
300460,300989,300991,529,2,1,600,53.1
300461,300995,300998,534,3,1,600,53.7
300463,301000,301004,537,4,1,600,54.1
300464,301005,301007,541,2,1,600,54.3
300466,301011,301012,545,1,1,600,54.6
300527,301016,301018,489,2,1,600,49.1
300528,301021,301023,493,2,1,600,49.5
300530,301027,301029,497,2,1,600,49.9
300531,301032,301033,501,1,1,600,50.2
300531,305561,305867,5030,306,1,3600,17.4379084967
300532,301037,301039,505,2,1,600,50.7
300534,301043,301045,509,2,1,600,51.1
300535,301048,301052,513,4,1,600,51.7
300537,301053,301055,516,2,1,600,51.8
300538,301059,301060,521,1,1,600,52.2
300539,301064,301078,525,14,1,600,38.5
300541,301069,301072,528,3,1,600,53.1
300542,301074,301076,532,2,1,600,53.4
300543,301080,301081,537,1,1,600,53.8
300605,301085,301087,480,2,1,600,48.2
300606,301090,301092,484,2,1,600,48.6
300608,301096,301097,488,1,1,600,48.9
300609,301101,301102,492,1,1,600,49.3
300611,301106,301109,495,3,1,600,49.8
300612,301112,301113,500,1,1,600,50.1
300613,301117,301119,504,2,1,600,50.6
300615,301122,301124,507,2,1,600,50.9
300616,301132,301141,516,9,1,600,52.5
300618,301137,301140,519,3,1,600,52.2
300619,301142,301144,523,2,1,600,52.5
300620,301148,301150,528,2,1,600,53.0
300622,301153,301160,531,7,1,600,53.8
300623,301158,301160,535,2,1,600,53.7
300624,301164,301165,540,1,1,600,54.1
300686,301169,301171,483,2,1,600,48.5
300687,301174,301177,487,3,1,600,49.0
300689,301180,301181,491,1,1,600,49.2
300690,301185,301186,495,1,1,600,49.6
300691,301190,301191,499,1,1,600,50.0
300693,301195,301197,502,2,1,600,50.4
300694,301201,301202,507,1,1,600,50.8
300695,301206,301207,511,1,1,600,51.2
300697,301211,301213,514,2,1,600,51.6
300698,301217,301221,519,4,1,600,52.3
300700,301222,301224,522,2,1,600,52.4
300701,301227,301229,526,2,1,600,52.8
300703,301233,301235,530,2,1,600,53.2
300704,301238,301240,534,2,1,600,53.6
300705,301243,301246,538,3,1,600,54.1
300707,301249,301250,542,1,1,600,54.3
300768,301254,301256,486,2,1,600,48.8
300769,301259,301261,490,2,1,600,49.2
300771,301265,301271,494,6,1,600,50.0
300772,301270,301273,498,3,1,600,50.1
300774,301275,301282,501,7,1,600,50.8
300775,301281,301289,506,8,1,600,51.4
300776,301291,301293,515,2,1,600,51.7
300778,301296,301298,518,2,1,600,52.0
300779,301301,301303,522,2,1,600,52.4
300780,301307,301310,527,3,1,600,53.0
300782,301312,301313,530,1,1,600,53.1
300783,301317,301319,534,2,1,600,53.6
300785,301323,301325,538,2,1,600,54.0
300786,301328,301329,542,1,1,600,54.3
300787,301333,301336,546,3,1,600,54.9
300849,301338,301340,489,2,1,600,49.1
300850,301344,301346,494,2,1,600,49.6
300852,301349,301352,497,3,1,600,50.0
300853,301354,301363,501,9,1,600,51.0
300854,301360,301361,506,1,1,600,50.7
300856,301365,301366,509,1,1,600,51.0
300857,301370,301372,513,2,1,600,51.5
300858,301376,301377,518,1,1,600,51.9
300860,301381,301387,521,6,1,600,52.7
300861,301386,301388,525,2,1,600,52.7
300862,301391,301393,529,2,1,600,53.1
300864,301397,301399,533,2,1,600,53.5
300865,301402,301403,537,1,1,600,53.8
300867,301407,301410,540,3,1,600,54.3
300928,301413,301415,485,2,1,600,48.7
300929,301418,301420,489,2,1,600,49.1
300931,301423,301426,492,3,1,600,49.5
300932,301429,301430,497,1,1,600,49.8
300934,301434,301435,500,1,1,600,50.1
300935,301443,301451,508,8,1,600,51.6
300937,301449,301450,512,1,1,600,51.3
300938,301454,301455,516,1,1,600,51.7
300939,301459,301461,520,2,1,600,52.2
300941,301465,301467,524,2,1,600,52.6
300942,301470,301471,528,1,1,600,52.9
300944,301475,301477,531,2,1,600,53.3
300945,301481,301482,536,1,1,600,53.7
300946,301486,301488,540,2,1,600,54.2
301008,301491,301497,483,6,1,600,48.9
301009,301496,301499,487,3,1,600,49.0
301010,301502,301504,492,2,1,600,49.4
301012,301507,301509,495,2,1,600,49.7
301013,301513,301514,500,1,1,600,50.1
301015,301518,301519,503,1,1,600,50.4
301016,301523,301527,507,4,1,600,51.1
301017,301528,301530,511,2,1,600,51.3
301019,301534,301535,515,1,1,600,51.6
301020,301539,301542,519,3,1,600,52.2
301021,301544,301546,523,2,1,600,52.5
301023,301550,301554,527,4,1,600,53.1
301024,301555,301556,531,1,1,600,53.2
301026,301560,301562,534,2,1,600,53.6
301027,301566,301567,539,1,1,600,54.0
301029,301571,301572,542,1,1,600,54.3
301090,301576,301577,486,1,1,600,48.7
301091,301582,301583,491,1,1,600,49.2
301093,301587,301594,494,7,1,600,50.1
301094,301592,301600,498,8,1,600,50.6
301095,301601,301603,506,2,1,600,50.8
301097,301607,301609,510,2,1,600,51.2
301098,301612,301614,514,2,1,600,51.6
301100,301617,301619,517,2,1,600,51.9
301101,301623,301624,522,1,1,600,52.3
301102,301628,301630,526,2,1,600,52.8
301104,301633,301636,529,3,1,600,53.2
301105,301639,301640,534,1,1,600,53.5
301106,301644,301645,538,1,1,600,53.9
301108,301649,301654,541,5,1,600,54.6
301109,301655,301656,546,1,1,600,54.7
301120,305567,306093,4447,526,1,3600,9.45437262357
301171,301660,301661,489,1,1,600,49.0
301172,301665,301667,493,2,1,600,49.5
301173,301670,301672,497,2,1,600,49.9
301175,301676,301678,501,2,1,600,50.3
301176,301681,301683,505,2,1,600,50.7
301177,301686,301699,509,13,1,600,40.1538461538
301179,301692,301693,513,1,1,600,51.4
301180,301697,301698,517,1,1,600,51.8
301182,301702,301704,520,2,1,600,52.2
301183,301708,301709,525,1,1,600,52.6
301184,301713,301715,529,2,1,600,53.1
301186,301718,301720,532,2,1,600,53.4
301187,301724,301725,537,1,1,600,53.8
301188,301729,301730,541,1,1,600,54.2
301250,301734,301735,484,1,1,600,48.5
301251,301739,301749,488,10,1,600,49.8
301253,301745,301747,492,2,1,600,49.4
301254,301754,301761,500,7,1,600,50.7
301255,301759,301763,504,4,1,600,50.8
301257,301765,301766,508,1,1,600,50.9
301258,301770,301772,512,2,1,600,51.4
301259,301775,301782,516,7,1,600,52.3
301261,301781,301782,520,1,1,600,52.1
301262,301786,301787,524,1,1,600,52.5
301264,301791,301795,527,4,1,600,53.1
301265,301796,301798,531,2,1,600,53.3
301266,301802,301803,536,1,1,600,53.7
301268,301807,301808,539,1,1,600,54.0
301269,301812,301815,543,3,1,600,54.6
301331,301818,301820,487,2,1,600,48.9
301332,301823,301828,491,5,1,600,49.6
301334,301828,301830,494,2,1,600,49.6
301335,301833,301835,498,2,1,600,50.0
301336,301839,301840,503,1,1,600,50.4
301338,301844,301846,506,2,1,600,50.8
301339,301849,301851,510,2,1,600,51.2
301340,301855,301857,515,2,1,600,51.7
301342,301860,301862,518,2,1,600,52.0
301343,301865,301867,522,2,1,600,52.4
301345,301871,301873,526,2,1,600,52.8
301346,301876,301877,530,1,1,600,53.1
301347,301881,301883,534,2,1,600,53.6
301349,301886,301889,537,3,1,600,54.0
301410,301892,301894,482,2,1,600,48.4
301412,301897,301899,485,2,1,600,48.7
301413,301907,301909,494,2,1,600,49.6
301414,301912,301916,498,4,1,600,50.2
301416,301917,301919,501,2,1,600,50.3
301417,301923,301924,506,1,1,600,50.7
301419,301928,301930,509,2,1,600,51.1
301420,301933,301935,513,2,1,600,51.5
301421,301939,301940,518,1,1,600,51.9
301423,301944,301946,521,2,1,600,52.3
301424,301949,301951,525,2,1,600,52.7
301425,301954,301956,529,2,1,600,53.1
301427,301960,301962,533,2,1,600,53.5
301428,301965,301967,537,2,1,600,53.9
301430,301970,301982,540,12,1,600,46.0
301491,301976,301977,485,1,1,600,48.6
301492,301981,301983,489,2,1,600,49.1
301494,301986,301989,492,3,1,600,49.5
301495,301992,301994,497,2,1,600,49.9
301496,301997,301998,501,1,1,600,50.2
301498,302002,302005,504,3,1,600,50.7
301499,302008,302009,509,1,1,600,51.0
301501,302013,302015,512,2,1,600,51.4
301503,302018,302020,515,2,1,600,51.7
301504,302024,302025,520,1,1,600,52.1
301505,302029,302032,524,3,1,600,52.7
301507,302034,302036,527,2,1,600,52.9
301508,302039,302041,531,2,1,600,53.3
301509,302045,302047,536,2,1,600,53.8
301511,302050,302052,539,2,1,600,54.1
301572,302060,302061,488,1,1,600,48.9
301574,302065,302066,491,1,1,600,49.2
301575,302070,302073,495,3,1,600,49.8
301577,302075,302077,498,2,1,600,50.0
301578,302081,302082,503,1,1,600,50.4
301579,302086,302089,507,3,1,600,51.0
301581,302091,302093,510,2,1,600,51.2
301582,302097,302098,515,1,1,600,51.6
301583,302102,302107,519,5,1,600,52.4
301585,302107,302116,522,9,1,600,53.1
301586,302113,302124,527,11,1,600,48.9090909091
301588,302118,302120,530,2,1,600,53.2
301589,302123,302126,534,3,1,600,53.7
301590,302129,302130,539,1,1,600,54.0
301592,302134,302136,542,2,1,600,54.4
301653,302139,302141,486,2,1,600,48.8
301655,302145,302146,490,1,1,600,49.1
301656,302150,302152,494,2,1,600,49.6
301657,302156,302157,499,1,1,600,50.0
301659,302161,302163,502,2,1,600,50.4
301660,302166,302168,506,2,1,600,50.8
301662,302172,302173,510,1,1,600,51.1
301663,302177,302179,514,2,1,600,51.6
301664,302182,302186,518,4,1,600,52.2
301666,302188,302189,522,1,1,600,52.3
301667,302193,302194,526,1,1,600,52.7
301668,302198,302200,530,2,1,600,53.2
301670,302204,302206,534,2,1,600,53.6
301671,302213,302214,542,1,1,600,54.3
301672,302218,302220,546,2,1,600,54.8
301734,302224,302232,490,8,1,600,49.8
301735,302229,302233,494,4,1,600,49.8
301737,302234,302236,497,2,1,600,49.9
301738,302239,302241,501,2,1,600,50.3
301739,302245,302247,506,2,1,600,50.8
301741,302250,302253,509,3,1,600,51.2
301742,302255,302261,513,6,1,600,51.9
301743,302261,302262,518,1,1,600,51.9
301745,302266,302267,521,1,1,600,52.2
301746,302271,302274,525,3,1,600,52.8
301748,302277,302278,529,1,1,600,53.0
301749,302282,302283,533,1,1,600,53.4
301750,302287,302289,537,2,1,600,53.9
301812,302293,302294,481,1,1,600,48.2
301814,302298,302299,484,1,1,600,48.5
301815,302303,302306,488,3,1,600,49.1
301816,302309,302310,493,1,1,600,49.4
301818,302314,302316,496,2,1,600,49.8
301819,302319,302320,500,1,1,600,50.1
301821,302324,302326,503,2,1,600,50.5
301822,302330,302331,508,1,1,600,50.9
301823,302335,302336,512,1,1,600,51.3
301825,302340,302343,515,3,1,600,51.8
301826,302346,302347,520,1,1,600,52.1
301828,302351,302353,523,2,1,600,52.5
301829,302356,302359,527,3,1,600,53.0
301830,302362,302363,532,1,1,600,53.3
301832,302372,302375,540,3,1,600,54.3
301893,302377,302379,484,2,1,600,48.6
301894,302382,302384,488,2,1,600,49.0
301896,302387,302389,491,2,1,600,49.3
301897,302393,302394,496,1,1,600,49.7
301899,302398,302405,499,7,1,600,50.6
301900,302403,302405,503,2,1,600,50.5
301901,302409,302411,508,2,1,600,51.0
301903,302414,302416,511,2,1,600,51.3
301904,302420,302423,516,3,1,600,51.9
301905,302425,302427,520,2,1,600,52.2
301907,302430,302432,523,2,1,600,52.5
301908,302435,302471,527,36,1,600,15.6388888889
301910,302441,302442,531,1,1,600,53.2
301911,302446,302458,535,12,1,600,45.5833333333
301913,302451,302454,538,3,1,600,54.1
301974,302457,302462,483,5,1,600,48.8
301975,302462,302467,487,5,1,600,49.2
301977,302467,302479,490,12,1,600,41.8333333333
301978,302473,302474,495,1,1,600,49.6
301980,302478,302480,498,2,1,600,50.0
301981,302483,302485,502,2,1,600,50.4
301982,302489,302496,507,7,1,600,51.4
301984,302494,302495,510,1,1,600,51.1
301985,302499,302501,514,2,1,600,51.6
301986,302505,302507,519,2,1,600,52.1
301988,302510,302511,522,1,1,600,52.3
301989,302515,302517,526,2,1,600,52.8
301990,302531,302533,541,2,1,600,54.3
301992,302537,302538,545,1,1,600,54.6
301993,302542,302543,549,1,1,600,55.0
301995,302547,302549,552,2,1,600,55.4
302056,302553,302555,497,2,1,600,49.9
302057,302558,302562,501,4,1,600,50.5
302059,302563,302565,504,2,1,600,50.6
302060,302568,302570,508,2,1,600,51.0
302061,302574,302576,513,2,1,600,51.5
302063,302579,302581,516,2,1,600,51.8
302064,302584,302586,520,2,1,600,52.2
302066,302590,302592,524,2,1,600,52.6
302067,302595,302598,528,3,1,600,53.1
302068,302600,302602,532,2,1,600,53.4
302070,302606,302607,536,1,1,600,53.7
302071,302611,302615,540,4,1,600,54.4
302073,302616,302618,543,2,1,600,54.5
302074,302622,302624,548,2,1,600,55.0
302135,302627,302629,492,2,1,600,49.4
302137,302632,302634,495,2,1,600,49.7
302138,302638,302642,500,4,1,600,50.4
302139,302643,302644,504,1,1,600,50.5
302141,302648,302650,507,2,1,600,50.9
302142,302653,302656,511,3,1,600,51.4
302144,302659,302660,515,1,1,600,51.6
302145,302664,302669,519,5,1,600,52.4
302146,302669,302674,523,5,1,600,52.8
302148,302675,302677,527,2,1,600,52.9
302149,302680,302681,531,1,1,600,53.2
302150,302685,302687,535,2,1,600,53.7
302472,302691,309926,219,7235,2,7200,1.03026952315
302474,302697,309931,223,7234,2,7200,1.03082665192
302475,302702,309932,227,7230,2,7200,1.03139695712
302476,302707,309938,231,7231,2,7200,1.03194578896
302478,302712,309943,234,7231,2,7200,1.03236066934
302479,302718,309927,239,7209,2,7200,1.03315300319
302480,302723,309952,243,7229,2,7200,1.03361460783
302482,302728,309964,246,7236,2,7200,1.03399668325
302483,302734,309961,251,7227,2,7200,1.03473087035
302484,302739,309951,255,7212,2,7200,1.0353577371
302485,302744,309953,259,7209,2,7200,1.03592731308
302487,302753,309979,266,7226,2,7200,1.03681151398
302488,302758,309979,270,7221,2,7200,1.03739094308
302489,302763,309976,274,7213,2,7200,1.03798696797
302491,302769,310000,278,7231,2,7200,1.03844558152
302492,302774,309979,282,7205,2,7200,1.03913948647
302493,302779,309995,286,7216,2,7200,1.03963414634
302495,302785,310019,290,7234,2,7200,1.04008847111
302496,302790,309999,294,7209,2,7200,1.04078235539
302497,302795,310015,298,7220,2,7200,1.04127423823
302499,302800,310017,301,7217,2,7200,1.0417070805
302500,302806,310052,306,7246,2,7200,1.04223019597
302501,302811,310024,310,7213,2,7200,1.04297795647
302503,302816,310044,313,7228,2,7200,1.04330381848
302504,302822,310033,318,7211,2,7200,1.04409929275
302505,302827,310045,322,7218,2,7200,1.04461069548
302507,302832,310055,325,7223,2,7200,1.04499515437
302508,302838,310054,330,7216,2,7200,1.04573170732
302509,302843,310055,334,7212,2,7200,1.04631170272
302511,302848,310060,337,7212,2,7200,1.0467276761
302512,302854,310068,342,7214,2,7200,1.04740781813
302513,302859,310072,346,7213,2,7200,1.04796894496
302514,302864,310091,350,7227,2,7200,1.04842950048
302516,302871,310095,355,7224,2,7200,1.04914174972
302517,302877,310082,360,7205,2,7200,1.04996530187
302519,302882,310099,363,7217,2,7200,1.05029790772
302520,302887,310090,367,7203,2,7200,1.05095099264
302522,302893,310097,371,7204,2,7200,1.05149916713
302523,302898,310106,375,7208,2,7200,1.05202552719
302525,302912,310121,387,7209,2,7200,1.05368289638
304207,305572,305651,1365,79,1,1800,18.2784810127
304841,347393,347547,42552,154,5,180600,277.311688312
305005,347398,385795,42393,38397,5,604800,2.10407063052
305117,347404,347557,42287,153,5,180600,277.385620915
305175,347409,394692,42234,47283,5,604800,1.89321743544
305348,347388,460436,42040,113048,8,604800,1.3718774326
305713,347559,347714,41846,155,5,604800,270.974193548
305740,347569,416458,41829,68889,5,604800,1.60719418194
305854,305861,305943,7,82,1,1800,1.08536585366
305890,305897,305993,7,96,1,1800,1.07291666667
306096,306102,306743,6,641,1,3600,1.00936037441
306495,306502,306871,7,369,1,1800,1.0189701897
306600,306607,306850,7,243,1,1800,1.02880658436
307263,307270,310876,7,3606,1,3600,1.0019412091
307502,307508,307514,6,6,1,1800,1.2
307677,307684,307723,7,39,1,1800,1.17948717949
307955,307961,308036,6,75,1,1800,1.08
308650,308658,308913,8,255,1,1800,1.03137254902
310985,310992,311086,7,94,1,3600,1.07446808511
311210,311216,311502,6,286,1,3600,1.02097902098
311783,311790,312311,7,521,1,3600,1.01343570058
312415,312422,316682,7,4260,25,7200,1.00164319249
317496,317503,768640,7,451137,1,504000,1.00001551635
317685,347690,556582,30005,208892,1,252000,1.14363881815
317787,347697,430606,29910,82909,1,504000,1.36075697451
318189,347704,717945,29515,370241,1,504000,1.07971834562
318294,347712,601852,29418,254140,1,504000,1.11575509562
323548,323554,323555,6,1,1,10,1.0
323927,323933,324589,6,656,8,5400,1.00914634146
324000,324007,324696,7,689,8,5400,1.01015965167
324475,324482,325098,7,616,8,5400,1.01136363636
324634,324640,325261,6,621,8,5400,1.00966183575
324733,324740,325435,7,695,8,5400,1.01007194245
324881,324888,326328,7,1440,5,5400,1.00486111111
325325,325332,325711,7,379,16,5400,1.01846965699
325825,325832,340263,7,14431,2,14400,1.00048506687
325827,325839,340244,12,14405,2,14400,1.00083304408
325828,325844,340290,16,14446,2,14400,1.00110757303
325830,325850,340257,20,14407,2,14400,1.00138821406
325831,325855,340258,24,14403,2,14400,1.00166631952
325833,325861,340294,28,14433,2,14400,1.00193999861
325834,325868,340314,34,14446,2,14400,1.00235359269
325835,325873,340292,38,14419,2,14400,1.00263541161
325837,325879,340283,42,14404,2,14400,1.00291585671
325838,325884,340294,46,14410,2,14400,1.00319222762
325840,325889,340300,49,14411,2,14400,1.00340018042
325841,325895,340312,54,14417,2,14400,1.00374557814
325843,325900,340303,57,14403,2,14400,1.00395750885
325844,325906,340315,62,14409,2,14400,1.00430286626
325846,325911,340323,65,14412,2,14400,1.00451013045
325847,325916,340330,69,14414,2,14400,1.00478701263
325849,325922,340343,73,14421,2,14400,1.00506206227
325850,325927,340352,77,14425,2,14400,1.00533795494
325852,325933,340368,81,14435,2,14400,1.00561136127
325853,325942,340370,89,14428,2,14400,1.00616856113
325855,325947,340392,92,14445,2,14400,1.00636898581
325856,325953,340398,97,14445,2,14400,1.00671512634
325858,325958,340396,100,14438,2,14400,1.00692616706
325859,325963,340403,104,14440,2,14400,1.00720221607
325861,325969,340409,108,14440,2,14400,1.00747922438
325862,325976,340392,114,14416,2,14400,1.00790788013
325864,325981,340419,117,14438,2,14400,1.00810361546
325865,325987,340433,122,14446,2,14400,1.00844524436
325867,325992,340426,125,14434,2,14400,1.00866010808
325868,325998,340416,130,14418,2,14400,1.00901650714
325870,326003,340418,133,14415,2,14400,1.00922650017
325871,326009,340444,138,14435,2,14400,1.00956009699
325873,326014,340445,141,14431,2,14400,1.00977063267
325874,326020,340441,146,14421,2,14400,1.01012412454
325876,326025,340465,149,14440,2,14400,1.01031855956
325877,326030,340444,153,14414,2,14400,1.01061468017
325879,326036,340460,157,14424,2,14400,1.01088463672
325880,326041,340487,161,14446,2,14400,1.01114495362
325881,326047,340467,166,14420,2,14400,1.01151178918
325883,326052,340480,169,14428,2,14400,1.01171333518
327691,327699,332068,8,4369,1,4320,1.00183108263
327696,327706,332059,10,4353,1,4320,1.00229726625
327700,327711,332081,11,4370,1,4320,1.00251716247
332098,332105,332106,7,1,2,3540,1.0
343313,343319,343329,6,10,2,3540,1.6
343612,343619,343699,7,80,1,600,1.0875
343613,343626,343712,13,86,1,600,1.1511627907
343615,343631,343691,16,60,1,600,1.26666666667
343616,343636,343687,20,51,1,600,1.39215686275
343618,343642,343714,24,72,1,600,1.33333333333
343620,343647,343693,27,46,1,600,1.58695652174
343621,343654,343732,33,78,1,600,1.42307692308
343623,343660,343728,37,68,1,600,1.54411764706
343625,343665,343726,40,61,1,600,1.65573770492
343626,343671,343732,45,61,1,600,1.73770491803
343628,343676,343749,48,73,1,600,1.65753424658
343629,343681,343756,52,75,1,600,1.69333333333
343631,343687,343744,56,57,1,600,1.98245614035
343633,343693,343767,60,74,1,600,1.81081081081
343634,343698,343758,64,60,1,600,2.06666666667
343636,343703,343770,67,67,1,600,2.0
343637,343709,343776,72,67,1,600,2.07462686567
343639,343714,343764,75,50,1,600,2.5
343641,343719,343779,78,60,1,600,2.3
343642,343725,343779,83,54,1,600,2.53703703704
343644,343730,343830,86,100,1,600,1.86
343646,343735,343806,89,71,1,600,2.25352112676
343647,343741,343807,94,66,1,600,2.42424242424
343649,343748,343814,99,66,1,600,2.5
343650,343754,343832,104,78,1,600,2.33333333333
343653,343759,343818,106,59,1,600,2.79661016949
343655,343764,343830,109,66,1,600,2.65151515152
343657,343770,343844,113,74,1,600,2.52702702703
343658,343775,343846,117,71,1,600,2.64788732394
343660,343780,343857,120,77,1,600,2.55844155844
343662,343786,343847,124,61,1,600,3.03278688525
343663,343791,343882,128,91,1,600,2.40659340659
343665,343796,343886,131,90,1,600,2.45555555556
343667,343802,343893,135,91,1,600,2.48351648352
343669,343807,343870,138,63,1,600,3.19047619048
343670,343813,343917,143,104,1,600,2.375
343672,343818,343910,146,92,1,600,2.58695652174
343674,343823,343886,149,63,1,600,3.36507936508
343675,343829,343898,154,69,1,600,3.23188405797
343677,343834,343891,157,57,1,600,3.75438596491
343679,343840,343973,161,133,1,600,2.21052631579
343680,343846,343919,166,73,1,600,3.27397260274
343682,343851,343896,169,45,1,600,4.75555555556
343684,343857,343927,173,70,1,600,3.47142857143
343685,343862,343939,177,77,1,600,3.2987012987
343687,343868,343944,181,76,1,600,3.38157894737
343689,343873,343961,184,88,1,600,3.09090909091
343690,343879,343934,189,55,1,600,4.43636363636
343692,343884,343986,192,102,1,600,2.88235294118
343694,343890,343947,196,57,1,600,4.43859649123
343695,343895,343969,200,74,1,600,3.7027027027
343697,343901,343954,204,53,1,600,4.84905660377
343699,343906,343975,207,69,1,600,4.0
343700,343912,343983,212,71,1,600,3.98591549296
343702,343918,344020,216,102,1,600,3.11764705882
343704,343923,343994,219,71,1,600,4.08450704225
343705,343929,343981,224,52,1,600,5.30769230769
343707,343934,343994,227,60,1,600,4.78333333333
343709,343940,344024,231,84,1,600,3.75
343710,343945,344003,235,58,1,600,5.05172413793
343712,343951,344032,239,81,1,600,3.95061728395
343714,343957,344036,243,79,1,600,4.07594936709
343715,343962,344058,247,96,1,600,3.57291666667
343717,344184,344240,467,56,1,600,9.33928571429
343719,344189,344249,470,60,1,600,8.83333333333
343720,344194,344286,474,92,1,600,6.15217391304
343722,344200,344257,478,57,1,600,9.38596491228
343724,344205,344275,481,70,1,600,7.87142857143
343725,344211,344260,486,49,1,600,10.9183673469
343727,344216,344300,489,84,1,600,6.82142857143
343729,344221,344294,492,73,1,600,7.7397260274
343730,344227,344290,497,63,1,600,8.88888888889
343732,344232,344332,500,100,1,600,6.0
343734,344238,344296,504,58,1,600,9.68965517241
343735,344243,344316,508,73,1,600,7.95890410959
343737,344248,344305,511,57,1,600,9.9649122807
343739,344254,344326,515,72,1,600,8.15277777778
343740,344259,344361,519,102,1,600,6.08823529412
343742,343972,344037,230,65,1,600,4.53846153846
343743,343978,344045,235,67,1,600,4.50746268657
343745,343983,344031,238,48,1,600,5.95833333333
343747,343989,344075,242,86,1,600,3.81395348837
343749,343994,344075,245,81,1,600,4.02469135802
343750,344000,344066,250,66,1,600,4.78787878788
343752,344005,344072,253,67,1,600,4.77611940299
343753,344010,344057,257,47,1,600,6.46808510638
343755,344016,344080,261,64,1,600,5.078125
343757,344021,344072,264,51,1,600,6.17647058824
343758,344027,344096,269,69,1,600,4.89855072464
343760,344032,344092,272,60,1,600,5.53333333333
343762,344038,344099,276,61,1,600,5.52459016393
343763,344043,344110,280,67,1,600,5.17910447761
343765,344048,344115,283,67,1,600,5.22388059701
343767,344054,344102,287,48,1,600,6.97916666667
343768,344059,344142,291,83,1,600,4.50602409639
343770,344065,344164,295,99,1,600,3.9797979798
343771,344070,344151,299,81,1,600,4.69135802469
343773,344075,344167,302,92,1,600,4.28260869565
343775,344081,344151,306,70,1,600,5.37142857143
343776,344086,344158,310,72,1,600,5.30555555556
343778,344091,344160,313,69,1,600,5.53623188406
343780,344097,344166,317,69,1,600,5.59420289855
343781,344102,344178,321,76,1,600,5.22368421053
343783,344108,344164,325,56,1,600,6.80357142857
343784,344113,344178,329,65,1,600,6.06153846154
343786,344119,344171,333,52,1,600,7.40384615385
343788,344124,344199,336,75,1,600,5.48
343789,344129,344224,340,95,1,600,4.57894736842
343791,344135,344199,344,64,1,600,6.375
343793,344140,344221,347,81,1,600,5.28395061728
343794,344146,344220,352,74,1,600,5.75675675676
343796,344151,344241,355,90,1,600,4.94444444444
343797,344157,344235,360,78,1,600,5.61538461538
343799,344162,344212,363,50,1,600,8.26
343801,344168,344249,367,81,1,600,5.53086419753
343802,344173,344240,371,67,1,600,6.53731343284
343805,344265,344332,460,67,1,600,7.86567164179
343807,344270,344354,463,84,1,600,6.5119047619
343808,344275,344339,467,64,1,600,8.296875
343810,344281,344368,471,87,1,600,6.41379310345
343812,344286,344437,474,151,1,600,4.13907284768
343813,344291,344357,478,66,1,600,8.24242424242
343815,344297,344356,482,59,1,600,9.16949152542
343877,344302,344386,425,84,1,600,6.05952380952
343879,344307,344407,428,100,1,600,5.28
343880,344313,344397,433,84,1,600,6.15476190476
343882,344318,344379,436,61,1,600,8.14754098361
343884,344324,344390,440,66,1,600,7.66666666667
343885,344329,344399,444,70,1,600,7.34285714286
343887,344335,344402,448,67,1,600,7.68656716418
343889,344340,344408,451,68,1,600,7.63235294118
343890,344345,344398,455,53,1,600,9.58490566038
343892,344351,344459,459,108,1,600,5.25
343894,344356,344405,462,49,1,600,10.4285714286
343895,344362,344408,467,46,1,600,11.152173913
343897,344367,344450,470,83,1,600,6.66265060241
343899,344372,344458,473,86,1,600,6.5
343900,344378,344452,478,74,1,600,7.45945945946
345448,345454,346074,6,620,1,600,1.00967741935
345450,345461,346092,11,631,1,600,1.01743264659
345453,345466,346097,13,631,1,600,1.0206022187
345455,345471,346112,16,641,1,600,1.02496099844
345456,345478,346096,22,618,1,600,1.0355987055
345458,345483,346090,25,607,1,600,1.04118616145
345460,345489,346107,29,618,1,600,1.04692556634
345462,345494,346104,32,610,1,600,1.05245901639
345463,345499,346111,36,612,1,600,1.05882352941
345465,345505,346115,40,610,1,600,1.06557377049
345467,345510,346147,43,637,1,600,1.06750392465
345469,345515,346152,46,637,1,600,1.07221350078
345470,345521,346164,51,643,1,600,1.07931570762
345472,345526,346148,54,622,1,600,1.08681672026
345474,345533,346150,59,617,1,600,1.09562398703
345476,345538,346161,62,623,1,600,1.09951845907
345477,345544,346178,67,634,1,600,1.10567823344
345479,345549,346161,70,612,1,600,1.11437908497
345480,345555,346191,75,636,1,600,1.1179245283
345482,345560,346170,78,610,1,600,1.12786885246
345484,345565,346197,81,632,1,600,1.12816455696
345485,345571,346176,86,605,1,600,1.14214876033
345487,345576,346207,89,631,1,600,1.1410459588
345489,345581,346223,92,642,1,600,1.14330218069
345490,345587,346198,97,611,1,600,1.15875613748
345492,345592,346230,100,638,1,600,1.15673981191
345494,345597,346211,103,614,1,600,1.167752443
345495,345603,346215,108,612,1,600,1.17647058824
345497,345608,346240,111,632,1,600,1.17563291139
345498,345614,346245,116,631,1,600,1.18383518225
345500,345619,346257,119,638,1,600,1.18652037618
345502,345624,346256,122,632,1,600,1.19303797468
345503,345630,346256,127,626,1,600,1.20287539936
345505,345635,346266,130,631,1,600,1.206022187
345506,345640,346248,134,608,1,600,1.22039473684
345508,345646,346277,138,631,1,600,1.21870047544
345509,345651,346262,142,611,1,600,1.23240589198
345511,345657,346283,146,626,1,600,1.23322683706
345513,345662,346301,149,639,1,600,1.23317683881
345514,345668,346293,154,625,1,600,1.2464
345516,345673,346282,157,609,1,600,1.25779967159
345517,345679,346309,162,630,1,600,1.25714285714
345519,345684,346298,165,614,1,600,1.26872964169
345521,345689,346310,168,621,1,600,1.27053140097
345522,345695,346310,173,615,1,600,1.28130081301
345524,345700,346319,176,619,1,600,1.28432956381
345525,345706,346320,181,614,1,600,1.29478827362
345527,345711,346322,184,611,1,600,1.30114566285
345529,345717,346326,188,609,1,600,1.30870279146
345530,345723,346325,193,602,1,600,1.32059800664
345532,345728,346369,196,641,1,600,1.30577223089
345533,345734,346375,201,641,1,600,1.3135725429
345535,345739,346373,204,634,1,600,1.32176656151
345537,346087,346704,550,617,1,600,1.89141004862
345538,346103,346720,565,617,1,600,1.91572123177
345540,346110,346722,570,612,1,600,1.93137254902
345541,346115,346727,574,612,1,600,1.93790849673
345543,346121,346726,578,605,1,600,1.95537190083
345546,346128,346742,582,614,1,600,1.94788273616
345547,346133,346737,586,604,1,600,1.9701986755
345549,346139,346779,590,640,1,600,1.921875
345550,346144,346786,594,642,1,600,1.92523364486
345552,346149,346790,597,641,1,600,1.93135725429
345554,346159,346777,605,618,1,600,1.97896440129
345555,346166,346782,611,616,1,600,1.99188311688
345557,346171,346778,614,607,1,600,2.01153212521
345558,346176,346780,618,604,1,600,2.02317880795
345560,346184,346794,624,610,1,600,2.02295081967
345562,346189,346791,627,602,1,600,2.0415282392
345563,346195,346835,632,640,1,600,1.9875
345565,346200,346845,635,645,1,600,1.98449612403
345566,346207,346853,641,646,1,600,1.99226006192
345568,346212,346821,644,609,1,600,2.05747126437
345570,346217,346851,647,634,1,600,2.02050473186
345571,346225,346827,654,602,1,600,2.08637873754
345573,346230,346837,657,607,1,600,2.0823723229
345574,346236,346873,662,637,1,600,2.03924646782
345576,346241,346886,665,645,1,600,2.03100775194
345577,346248,346853,671,605,1,600,2.10909090909
345579,346253,346860,674,607,1,600,2.11037891269
345581,346258,346890,677,632,1,600,2.07120253165
345582,346265,346870,683,605,1,600,2.12892561983
345584,346271,346875,687,604,1,600,2.13741721854
345585,346276,346878,691,602,1,600,2.14784053156
345587,346283,346886,696,603,1,600,2.15422885572
345588,346288,346931,700,643,1,600,2.08864696734
345590,346294,346931,704,637,1,600,2.10518053375
345591,346299,346941,708,642,1,600,2.10280373832
345593,346304,346937,711,633,1,600,2.12322274882
345595,346311,346952,716,641,1,600,2.11700468019
345596,346316,346958,720,642,1,600,2.1214953271
345598,346321,346923,723,602,1,600,2.20099667774
345599,346327,346958,728,631,1,600,2.15372424723
345601,346332,346973,731,641,1,600,2.14040561622
345603,346339,346976,736,637,1,600,2.15541601256
345604,346345,346984,741,639,1,600,2.15962441315
345606,346350,346985,744,635,1,600,2.17165354331
345607,346355,346986,748,631,1,600,2.1854199683
345609,346361,346994,752,633,1,600,2.18799368088
345610,346366,346997,756,631,1,600,2.19809825674
345612,346371,346997,759,626,1,600,2.2124600639
345717,345747,346738,30,991,2,14400,1.03027245207
345718,345753,346738,35,985,2,14400,1.03553299492
345719,345758,346738,39,980,2,14400,1.03979591837
345720,345763,346738,43,975,2,14400,1.0441025641
345722,345768,346738,46,970,2,14400,1.04742268041
345723,345774,346738,51,964,2,14400,1.05290456432
345724,345779,346738,55,959,2,14400,1.05735140772
345726,345784,346738,58,954,2,14400,1.0607966457
345727,345790,346738,63,948,2,14400,1.0664556962
345729,345796,346738,67,942,2,14400,1.07112526539
345730,345802,346738,72,936,2,14400,1.07692307692
345731,345807,346738,76,931,2,14400,1.08163265306
345733,345812,346738,79,926,2,14400,1.08531317495
345734,345817,346738,83,921,2,14400,1.0901194354
345735,345823,346738,88,915,2,14400,1.09617486339
345737,345828,346738,91,910,2,14400,1.1
345738,345833,346738,95,905,2,14400,1.10497237569
345739,345839,346738,100,899,2,14400,1.11123470523
345741,345844,346738,103,894,2,14400,1.11521252796
345742,345850,346738,108,888,2,14400,1.12162162162
345743,345856,346741,113,885,2,14400,1.12768361582
345745,345861,346742,116,881,2,14400,1.13166855846
345746,345866,346742,120,876,2,14400,1.13698630137
345747,345872,346742,125,870,2,14400,1.14367816092
345749,345877,346742,128,865,2,14400,1.14797687861
345750,345882,346742,132,860,2,14400,1.15348837209
345751,345888,346742,137,854,2,14400,1.16042154567
345753,345893,346742,140,849,2,14400,1.16489988221
345754,345898,346742,144,844,2,14400,1.17061611374
345756,345903,346742,147,839,2,14400,1.17520858164
345757,345909,346742,152,833,2,14400,1.1824729892
345759,345914,346742,155,828,2,14400,1.18719806763
345760,345919,346742,159,823,2,14400,1.19319562576
345761,345925,346742,164,817,2,14400,1.20073439412
345763,345930,346742,167,812,2,14400,1.20566502463
345764,345935,346742,171,807,2,14400,1.21189591078
345766,345941,346742,175,801,2,14400,1.21847690387
345767,345946,346742,179,796,2,14400,1.22487437186
345768,345951,346742,183,791,2,14400,1.23135271808
345770,345956,346742,186,786,2,14400,1.23664122137
346094,346376,347000,282,624,1,600,1.45192307692
346096,346382,347000,286,618,1,600,1.46278317152
346098,346389,346999,291,610,1,600,1.47704918033
346160,346394,347006,234,612,1,600,1.38235294118
346162,346399,347003,237,604,1,600,1.39238410596
346164,347066,347681,902,615,1,600,2.46666666667
346166,347072,347678,906,606,1,600,2.49504950495
346167,347079,347696,912,617,1,600,2.47811993517
346169,347084,347704,915,620,1,600,2.47580645161
346171,347089,347693,918,604,1,600,2.51986754967
346173,347095,347705,922,610,1,600,2.51147540984
346174,347100,347706,926,606,1,600,2.52805280528
346176,347718,348334,1542,616,1,600,3.50324675325
346178,347724,348335,1546,611,1,600,3.53027823241
346180,347729,348336,1549,607,1,600,3.55189456343
346181,347736,348350,1555,614,1,600,3.5325732899
346183,347742,348352,1559,610,1,600,3.55573770492
346185,347747,348351,1562,604,1,600,3.58609271523
346187,347753,348395,1566,642,1,600,3.43925233645
346188,347758,348369,1570,611,1,600,3.56955810147
346250,348345,348964,2095,619,1,600,4.3844911147
346252,348352,348965,2100,613,1,600,4.42577487765
346254,348358,348966,2104,608,1,600,4.46052631579
346255,348364,348980,2109,616,1,600,4.4237012987
346257,348370,348982,2113,612,1,600,4.45261437908
346259,348375,348981,2116,606,1,600,4.49174917492
346261,348382,348999,2121,617,1,600,4.4376012966
346262,348406,349025,2144,619,1,600,4.46365105008
346264,348976,349594,2712,618,1,600,5.38834951456
346266,348983,349595,2717,612,1,600,5.43954248366
346267,348988,349596,2721,608,1,600,5.47532894737
346269,348995,349610,2726,615,1,600,5.4325203252
346271,349000,349612,2729,612,1,600,5.4591503268
346273,349005,349611,2732,606,1,600,5.50825082508
346274,349013,349629,2739,616,1,600,5.44642857143
346276,349037,349655,2761,618,1,600,5.46763754045
346338,349606,350224,3268,618,1,600,6.28802588997
346339,349613,350225,3274,612,1,600,6.34967320261
346341,349618,350226,3277,608,1,600,6.38980263158
346343,349625,350240,3282,615,1,600,6.33658536585
346345,349630,350242,3285,612,1,600,6.36764705882
346346,349635,350241,3289,606,1,600,6.42739273927
346348,349643,350259,3295,616,1,600,6.34902597403
346350,349667,350285,3317,618,1,600,6.36731391586
346352,350627,351237,4275,610,1,600,8.00819672131
346353,350632,351242,4279,610,1,600,8.01475409836
346355,350638,351249,4283,611,1,600,8.00981996727
346357,350643,351253,4286,610,1,600,8.0262295082
346358,351248,351867,4890,619,1,600,8.89983844911
346360,351256,351872,4896,616,1,600,8.94805194805
346422,351263,351879,4841,616,1,600,8.85876623377
346423,351270,351883,4847,613,1,600,8.90701468189
346425,351878,352497,5453,619,1,600,9.80936995153
346727,351885,352502,5158,617,1,600,9.35980551053
346729,351898,352509,5169,611,1,600,9.45990180033
346731,351903,352513,5172,610,1,600,9.47868852459
346733,352514,353127,5781,613,1,600,10.4306688418
346735,352519,353132,5784,613,1,600,10.4355628059
346797,352526,353139,5729,613,1,600,10.3458401305
346798,352531,353143,5733,612,1,600,10.3676470588
346800,353138,353757,6338,619,1,600,11.239095315
346802,353145,353762,6343,617,1,600,11.2803889789
346804,353152,353769,6348,617,1,600,11.2884927066
346805,353159,353773,6354,614,1,600,11.348534202
346807,353769,354387,6962,618,1,600,12.2653721683
346809,353775,354392,6966,617,1,600,12.2901134522
346823,346830,350005,7,3175,2,14400,1.00220472441
346824,346837,350003,13,3166,2,14400,1.00410612761
346826,346842,349685,16,2843,2,14400,1.0056278579
346827,346848,347314,21,466,2,14400,1.04506437768
346828,346853,350023,25,3170,2,14400,1.00788643533
346830,346858,349820,28,2962,2,14400,1.00945307225
346831,346865,349545,34,2680,2,14400,1.01268656716
346833,346871,349875,38,3004,2,14400,1.01264980027
346834,346876,349663,42,2787,2,14400,1.01506996771
346835,346881,347327,46,446,2,14400,1.10313901345
346837,346887,347342,50,455,2,14400,1.10989010989
346838,346892,349915,54,3023,2,14400,1.01786304995
346839,346897,350013,58,3116,2,14400,1.01861360719
346841,346903,349977,62,3074,2,14400,1.0201691607
346842,346908,349906,66,2998,2,14400,1.02201467645
346844,346913,349931,69,3018,2,14400,1.02286282306
346845,346918,350188,73,3270,2,14400,1.02232415902
346846,346924,349971,78,3047,2,14400,1.02559894979
346848,346929,350163,81,3234,2,14400,1.02504638219
346849,346934,349158,85,2224,2,14400,1.03821942446
346851,346940,350261,89,3321,2,14400,1.02679915688
346852,346945,347407,93,462,2,14400,1.2012987013
346854,346950,350081,96,3131,2,14400,1.03066113063
346855,346955,349926,100,2971,2,14400,1.03365870077
346856,346961,347837,105,876,2,14400,1.1198630137
346858,346966,350052,108,3086,2,14400,1.03499675956
346859,346979,350181,120,3202,2,14400,1.03747657714
346861,346984,350185,123,3201,2,14400,1.03842549203
346862,346990,350114,128,3124,2,14400,1.0409731114
346863,346995,350096,132,3101,2,14400,1.0425669139
346865,347000,350159,135,3159,2,14400,1.04273504274
346866,347006,350096,140,3090,2,14400,1.04530744337
346868,347011,350094,143,3083,2,14400,1.0463833928
346869,347016,349729,147,2713,2,14400,1.05418356063
346870,347021,349970,151,2949,2,14400,1.0512037979
346872,347027,349972,155,2945,2,14400,1.05263157895
346873,347032,350063,159,3031,2,14400,1.05245793468
346874,353783,354346,6909,563,1,600,13.2717584369
346875,353795,354316,6920,521,1,600,14.2821497121
346875,347037,350244,162,3207,2,14400,1.05051449953
346876,347043,347506,167,463,2,14400,1.36069114471
346877,354327,354879,7450,552,1,600,14.4963768116
346877,347048,350285,171,3237,2,14400,1.05282669138
346879,354358,354814,7479,456,1,600,17.4013157895
346880,354398,355008,7518,610,1,600,13.3245901639
346882,354405,355009,7523,604,1,600,13.4552980132
346883,354827,355281,7944,454,1,600,18.4977973568
346885,354891,355413,8006,522,1,600,16.337164751
346887,355021,355507,8134,486,1,600,17.7366255144
346888,355026,355574,8138,548,1,600,15.8503649635
346890,355293,355840,8403,547,1,600,16.3619744059
346891,355425,355971,8534,546,1,600,16.63003663
346893,355519,356079,8626,560,1,600,16.4035714286
346895,355586,356042,8691,456,1,600,20.0592105263
346896,355852,356318,8956,466,1,600,20.2188841202
346898,355982,356489,9084,507,1,600,18.9171597633
346899,356053,356554,9154,501,1,600,19.2714570858
346901,356091,356489,9190,398,1,600,24.0904522613
346902,356330,356756,9428,426,1,600,23.1314553991
346964,356501,357017,9537,516,1,600,19.4825581395
346965,356506,357115,9541,609,1,600,16.6666666667
346967,356566,357044,9599,478,1,600,21.0815899582
346969,356768,357240,9799,472,1,600,21.7605932203
346970,357028,357507,10058,479,1,600,21.9979123173
346972,357056,357609,10084,553,1,600,19.2350813743
346973,357128,357642,10155,514,1,600,20.7568093385
346975,357252,357831,10277,579,1,600,18.7495682211
347036,357520,358041,10484,521,1,600,21.122840691
347038,357621,358160,10583,539,1,600,20.6345083488
347040,357654,358179,10614,525,1,600,21.2171428571
347041,357842,358371,10801,529,1,600,21.4177693762
347043,358052,358608,11009,556,1,600,20.8003597122
347045,358173,358631,11128,458,1,600,25.2969432314
347046,358191,358640,11145,449,1,600,25.8218262806
347048,358384,358936,11336,552,1,600,21.5362318841
347049,358620,358989,11571,369,1,600,32.3577235772
347051,358642,359018,11591,376,1,600,31.8271276596
347052,358657,359124,11605,467,1,600,25.8501070664
347054,358951,359458,11897,507,1,600,24.4654832347
347055,359002,359595,11947,593,1,600,21.1467116358
347262,362919,365388,15657,2469,1,3600,7.34143377886
347272,363016,364440,15744,1424,1,3600,12.0561797753
347315,347326,347648,11,322,2,14400,1.03416149068
347330,347339,349564,9,2225,2,14400,1.00404494382
347344,347355,349371,11,2016,2,14400,1.00545634921
347408,347419,350647,11,3228,2,14400,1.00340768278
347508,347518,350688,10,3170,2,14400,1.00315457413
347649,347660,350865,11,3205,2,14400,1.00343213729
347720,359030,359583,11310,553,1,600,21.452079566
347722,359136,359666,11414,530,1,600,22.5358490566
347723,359470,359991,11747,521,1,600,23.547024952
347725,359679,360286,11954,607,1,600,20.6935749588
347727,360003,360541,12276,538,1,600,23.8178438662
347729,360298,360754,12569,456,1,600,28.5635964912
347731,360554,361125,12823,571,1,600,23.4570928196
347839,347850,350992,11,3142,2,14400,1.00350095481
347877,366357,367043,18480,686,1,43200,27.9387755102
348395,360765,361193,12370,428,1,600,29.9018691589
348397,361137,361577,12740,440,1,600,29.9545454545
348399,361204,361779,12805,575,1,600,23.2695652174
348401,361589,362029,13188,440,1,600,30.9727272727
348402,361791,362264,13389,473,1,600,29.3065539112
348404,362047,362512,13643,465,1,600,30.3397849462
348406,362276,362908,13870,632,1,600,22.9462025316
348408,362523,363004,14115,481,1,600,30.3451143451
348549,350621,656307,2072,305686,10,604800,1.00677819724
348608,360042,366538,11434,6496,5,180600,2.76016009852
348625,360048,366335,11423,6287,5,180600,2.81692381104
349010,364450,364946,15440,496,1,600,32.1290322581
349012,364957,365441,15945,484,1,600,33.944214876
349014,365398,365947,16384,549,1,600,30.8433515483
349015,365452,365980,16437,528,1,600,32.1306818182
349017,365959,366492,16942,533,1,600,32.7861163227
349018,365991,366506,16973,515,1,600,33.9572815534
349020,366347,366736,17327,389,1,600,45.5424164524
349082,366352,366832,17270,480,1,600,36.9791666667
349161,349170,349627,9,457,2,14400,1.01969365427
349371,349382,349838,11,456,2,14400,1.02412280702
349546,349558,352337,12,2779,2,14400,1.00431810004
349567,349576,352495,9,2919,2,14400,1.00308324769
349624,366363,366855,16739,492,1,600,35.0223577236
349626,366368,366944,16742,576,1,600,30.0659722222
349628,366504,367007,16876,503,1,600,34.550695825
349629,366517,367040,16888,523,1,600,33.2906309751
349630,349648,352411,18,2763,2,14400,1.00651465798
349631,366549,366931,16918,382,1,600,45.2879581152
349633,366555,367000,16922,445,1,600,39.0269662921
349666,349676,352737,10,3061,2,14400,1.00326690624
349687,349703,352770,16,3067,2,14400,1.00521682426
349694,366561,367084,16867,523,1,600,33.2504780115
349696,366566,367011,16870,445,1,600,38.9101123596
349729,349741,352710,12,2969,2,14400,1.0040417649
349822,349833,352767,11,2934,2,14400,1.00374914792
349840,349851,351507,11,1656,2,14400,1.00664251208
349876,349893,352735,17,2842,2,14400,1.00598170303
349909,349917,352758,8,2841,2,14400,1.00281590989
349924,349930,353154,6,3224,2,14400,1.00186104218
349939,349945,352596,6,2651,2,14400,1.00226329687
349940,349951,353184,11,3233,2,14400,1.00340241262
349973,349982,353019,9,3037,2,14400,1.00296345077
349975,349989,352804,14,2815,2,14400,1.00497335702
349976,349994,352957,18,2963,2,14400,1.00607492406
349991,350000,352854,9,2854,2,14400,1.00315346882
350006,350019,352970,13,2951,2,14400,1.00440528634
350007,350024,353053,17,3029,2,14400,1.00561241334
350022,350031,353069,9,3038,2,14400,1.00296247531
350037,350044,353296,7,3252,2,14400,1.00215252153
350055,350064,353153,9,3089,2,14400,1.00291356426
350069,350077,353144,8,3067,2,14400,1.00260841213
350084,350093,353017,9,2924,2,14400,1.00307797538
350099,350106,352921,7,2815,2,14400,1.00248667851
350101,350113,353229,12,3116,2,14400,1.00385109114
350102,350118,352885,16,2767,2,14400,1.00578243585
350117,350131,353252,14,3121,2,14400,1.00448574175
350159,350171,353278,12,3107,2,14400,1.00386224654
350174,350180,353019,6,2839,2,14400,1.00211342022
350189,350196,353296,7,3100,2,14400,1.00225806452
350190,350203,353355,13,3152,2,14400,1.00412436548
350192,350208,353391,16,3183,2,14400,1.00502670437
350238,366571,367049,16333,478,1,600,35.1694560669
350240,366747,367250,16507,503,1,600,33.8170974155
350241,366844,367391,16603,547,1,600,31.352833638
350246,350257,353553,11,3296,2,14400,1.00333737864
350264,350273,353249,9,2976,2,14400,1.00302419355
350288,350297,353468,9,3171,2,14400,1.00283822138
350303,366868,367300,16565,432,1,600,39.3449074074
350305,366943,367457,16638,514,1,600,33.3696498054
350307,366956,367508,16649,552,1,600,31.1612318841
350308,367019,367450,16711,431,1,600,39.7726218097
350310,367012,367436,16702,424,1,600,40.391509434
350648,350660,353465,12,2805,2,14400,1.00427807487
350690,350701,353767,11,3066,2,14400,1.00358773646
350867,350877,353654,10,2777,2,14400,1.00360100828
350994,351004,354070,10,3066,2,14400,1.0032615786
351272,367027,367629,15755,602,1,600,27.1710963455
351274,367053,367613,15779,560,1,600,29.1767857143
351276,367061,367407,15785,346,1,600,46.6213872832
351277,367066,367497,15789,431,1,600,37.6334106729
351509,351519,354656,10,3137,2,14400,1.00318775901
351880,367096,367712,15216,616,1,600,25.7012987013
351882,367262,367833,15380,571,1,600,27.9352014011
351943,367311,367893,15368,582,1,600,27.4054982818
351945,367403,367883,15458,480,1,600,33.2041666667
352340,352349,355542,9,3193,2,14400,1.00281866583
352412,352423,355617,11,3194,2,14400,1.00344395742
352496,352507,355591,11,3084,2,14400,1.00356679637
352547,367418,367957,14871,539,1,600,28.5899814471
352549,367448,367875,14899,427,1,600,35.8922716628
352550,367461,367967,14911,506,1,600,30.4683794466
352552,367469,367982,14917,513,1,600,30.0779727096
352598,352608,355694,10,3086,2,14400,1.0032404407
352713,352722,355833,9,3111,2,14400,1.00289296046
352737,352747,355986,10,3239,2,14400,1.00308737265
352751,352759,355814,8,3055,2,14400,1.00261865794
352766,352773,355589,7,2816,2,14400,1.00248579545
352781,352788,355889,7,3101,2,14400,1.00225733634
352782,352795,355951,13,3156,2,14400,1.00411913815
352807,352816,355861,9,3045,2,14400,1.00295566502
352855,352866,355922,11,3056,2,14400,1.00359947644
352888,352897,356050,9,3153,2,14400,1.00285442436
352897,375722,380058,22825,4336,1,4320,6.26406826568
352904,375824,380168,22920,4344,1,4320,6.27624309392
352923,375829,380175,22906,4346,1,4320,6.27059364933
352924,352933,355751,9,2818,2,14400,1.00319375444
352960,352969,355717,9,2748,2,14400,1.00327510917
352975,352982,355780,7,2798,2,14400,1.00250178699
353020,353029,355997,9,2968,2,14400,1.00303234501
353022,353041,355895,19,2854,2,14400,1.00665732306
353023,353036,356062,13,3026,2,14400,1.00429610046
353056,353066,355853,10,2787,2,14400,1.00358808755
353071,353081,356098,10,3017,2,14400,1.00331455088
353146,353164,356063,18,2899,2,14400,1.0062090376
353154,367509,367985,14355,476,1,600,31.1575630252
353156,367520,368055,14364,535,1,600,27.8485981308
353158,367625,368034,14467,409,1,600,36.3716381418
353159,367641,368236,14482,595,1,600,25.3394957983
353161,353171,356133,10,2962,2,14400,1.00337609723
353163,353176,356257,13,3081,2,14400,1.00421940928
353186,353197,356400,11,3203,2,14400,1.00343428036
353232,353242,356188,10,2946,2,14400,1.00339443313
353253,353261,356473,8,3212,2,14400,1.00249066002
353254,353268,356226,14,2958,2,14400,1.00473292765
353278,353290,356328,12,3038,2,14400,1.00394996708
353296,353308,356500,12,3192,2,14400,1.0037593985
353298,353313,356517,15,3204,2,14400,1.00468164794
353358,353367,356591,9,3224,2,14400,1.00279156328
353394,353403,356399,9,2996,2,14400,1.00300400534
353467,353483,356445,16,2962,2,14400,1.00540175557
353481,353490,356371,9,2881,2,14400,1.00312391531
353554,353565,356837,11,3272,2,14400,1.00336185819
353650,353666,356423,16,2757,2,14400,1.0058034095
353769,353788,356807,19,3019,2,14400,1.00629347466
353822,367724,368282,13902,558,1,600,25.9139784946
353824,367845,368422,14021,577,1,600,25.2998266898
353825,367887,368471,14062,584,1,600,25.0787671233
353827,367895,368399,14068,504,1,600,28.9126984127
354071,354082,357244,11,3162,2,14400,1.00347881088
354369,367904,368373,13535,469,1,600,29.8592750533
354371,367968,368453,13597,485,1,600,29.0350515464
354432,367980,368512,13548,532,1,600,26.4661654135
354434,367995,368455,13561,460,1,600,30.4804347826
354659,354668,357803,9,3135,2,14400,1.0028708134
354856,368001,368437,13145,436,1,600,31.1490825688
354918,368046,368438,13128,392,1,600,34.4897959184
355040,368067,368712,13027,645,1,600,21.1968992248
355042,368249,368814,13207,565,1,600,24.3752212389
355344,368294,368901,12950,607,1,600,22.334431631
355466,368384,368927,12918,543,1,600,24.7900552486
355528,368410,368870,12882,460,1,600,29.0043478261
355544,355554,358434,10,2880,2,14400,1.00347222222
355590,368434,369032,12844,598,1,600,22.4782608696
355592,355600,358689,8,3089,2,14400,1.0025898349
355593,355607,358799,14,3192,2,14400,1.00438596491
355617,355628,358820,11,3192,2,14400,1.00344611529
355696,355706,358746,10,3040,2,14400,1.00328947368
355719,355729,358796,10,3067,2,14400,1.00326051516
355752,355764,358845,12,3081,2,14400,1.00389483934
355782,355793,358964,11,3171,2,14400,1.00346893724
355815,355826,358761,11,2935,2,14400,1.00374787053
355833,355845,358506,12,2661,2,14400,1.00450958286
355854,355865,358911,11,3046,2,14400,1.0036112935
355869,355881,358840,12,2959,2,14400,1.00405542413
355890,355901,358932,11,3031,2,14400,1.00362916529
355892,368449,368888,12557,439,1,600,29.6036446469
355905,355912,358843,7,2931,2,14400,1.00238826339
355923,355934,358965,11,3031,2,14400,1.00362916529
355952,355964,359231,12,3267,2,14400,1.00367309458
355989,355998,358922,9,2924,2,14400,1.00307797538
356004,356011,359140,7,3129,2,14400,1.00223713647
356014,368456,369040,12442,584,1,600,22.3047945205
356052,356063,358906,11,2843,2,14400,1.0038691523
356067,356074,359183,7,3109,2,14400,1.00225152782
356068,356081,359133,13,3052,2,14400,1.00425950197
356076,368464,369027,12388,563,1,600,23.0035523979
356101,356111,359228,10,3117,2,14400,1.00320821303
356134,356144,359252,10,3108,2,14400,1.00321750322
356138,368471,369075,12333,604,1,600,21.4188741722
356192,356201,359285,9,3084,2,14400,1.00291828794
356228,356239,359490,11,3251,2,14400,1.00338357428
356261,356270,359284,9,3014,2,14400,1.00298606503
356330,356340,359442,10,3102,2,14400,1.00322372663
356372,356384,359158,12,2774,2,14400,1.0043258832
356380,368483,369035,12103,552,1,600,22.9257246377
356403,356411,359398,8,2987,2,14400,1.00267827251
356404,356417,359225,13,2808,2,14400,1.00462962963
356425,356435,359528,10,3093,2,14400,1.00323310702
356446,356457,359392,11,2935,2,14400,1.00374787053
356476,356485,359302,9,2817,2,14400,1.00319488818
356502,368524,369034,12022,510,1,600,24.5725490196
356503,356513,359290,10,2777,2,14400,1.00360100828
356504,368724,369272,12220,548,1,600,23.299270073
356518,356530,359513,12,2983,2,14400,1.00402279584
356565,368826,369381,12261,555,1,600,23.0918918919
356593,356603,359607,10,3004,2,14400,1.00332889481
356807,368881,369378,12074,497,1,600,25.2937625755
356810,356819,359920,9,3101,2,14400,1.00290228958
356840,356849,360024,9,3175,2,14400,1.00283464567
357050,368899,369392,11849,493,1,600,25.0344827586
357051,368913,369385,11862,472,1,600,26.1313559322
357173,368938,369544,11765,606,1,600,20.4141914191
357247,357259,360329,12,3070,2,14400,1.00390879479
357295,369039,369527,11744,488,1,600,25.0655737705
357538,369046,369480,11508,434,1,600,27.5161290323
357660,369051,369587,11391,536,1,600,22.2518656716
357661,369057,369550,11396,493,1,600,24.1156186613
357806,357815,360549,9,2734,2,14400,1.00329188003
357843,369064,369620,11221,556,1,600,21.1816546763
357885,375747,375754,17862,7,1,1800,1786.9
358085,369086,369635,11001,549,1,600,21.0382513661
358108,360053,902368,1945,542315,8,576000,1.00358647649
358207,369284,369743,11077,459,1,600,25.1328976035
358209,369389,369824,11180,435,1,600,26.7011494253
358390,369396,369791,11006,395,1,600,28.8632911392
358436,358446,361718,10,3272,2,14400,1.00305623472
358508,358518,361707,10,3189,2,14400,1.00313577924
358632,369402,369895,10770,493,1,600,22.845841785
358691,358703,361870,12,3167,2,14400,1.00378907483
358694,369410,369846,10716,436,1,600,25.5779816514
358695,369491,369874,10796,383,1,600,29.1879895561
358748,358758,361783,10,3025,2,14400,1.00330578512
358763,358774,361921,11,3147,2,14400,1.00349539244
358799,358808,361934,9,3126,2,14400,1.00287907869
358801,358815,361801,14,2986,2,14400,1.00468854655
358822,358832,362024,10,3192,2,14400,1.00313283208
358843,358852,361856,9,3004,2,14400,1.00299600533
358858,358864,361798,6,2934,2,14400,1.00204498978
358859,358871,362032,12,3161,2,14400,1.003796267
358907,358918,362032,11,3114,2,14400,1.00353243417
358922,358928,362014,6,3086,2,14400,1.00194426442
358937,358944,362034,7,3090,2,14400,1.00226537217
358938,358956,362265,18,3309,2,14400,1.00543970988
358966,358976,361552,10,2576,2,14400,1.00388198758
358967,358983,362290,16,3307,2,14400,1.00483822195
358997,369538,369989,10541,451,1,600,24.3725055432
358999,369555,370054,10556,499,1,600,22.1543086172
359060,369562,370051,10502,489,1,600,22.4764826176
359136,359145,361951,9,2806,2,14400,1.00320741269
359151,359158,361968,7,2810,2,14400,1.0024911032
359166,359173,362049,7,2876,2,14400,1.00243393602
359182,369598,370217,10416,619,1,600,17.8271405493
359183,359195,362225,12,3030,2,14400,1.00396039604
359226,359236,362115,10,2879,2,14400,1.00347342827
359241,359248,362089,7,2841,2,14400,1.00246392115
359242,359255,362287,13,3032,2,14400,1.00428759894
359257,359263,362106,6,2843,2,14400,1.00211044671
359287,359295,362020,8,2725,2,14400,1.00293577982
359288,359303,362458,15,3155,2,14400,1.00475435816
359304,359311,362205,7,2894,2,14400,1.00241879751
359305,359318,362475,13,3157,2,14400,1.00411783339
359396,359404,362544,8,3140,2,14400,1.0025477707
359410,359418,362460,8,3042,2,14400,1.00262984878
359443,359454,362556,11,3102,2,14400,1.00354609929
359484,369632,370182,10148,550,1,600,19.4509090909
359491,359502,362540,11,3038,2,14400,1.00362080316
359516,359525,362709,9,3184,2,14400,1.00282663317
359530,359540,362788,10,3248,2,14400,1.00307881773
359606,369647,370060,10041,413,1,600,25.3123486683
359607,369755,370284,10148,529,1,600,20.1833648393
359609,359619,362544,10,2925,2,14400,1.00341880342
359729,369807,370250,10078,443,1,600,23.7494356659
359923,359932,363138,9,3206,2,14400,1.00280723643
360025,360036,363059,11,3023,2,14400,1.00363876943
360031,369835,370378,9804,543,1,600,19.0552486188
360332,360340,363275,8,2935,2,14400,1.00272572402
360334,369857,370424,9523,567,1,600,17.7954144621
360552,360562,363412,10,2850,2,14400,1.00350877193
360576,369885,370453,9309,568,1,600,17.389084507
360817,369906,370421,9089,515,1,600,18.6485436893
361180,370001,370564,8821,563,1,600,16.6678507993
361241,370063,370632,8822,569,1,600,16.5043936731
361555,361565,364748,10,3183,2,14400,1.00314169023
361604,370070,370614,8466,544,1,600,16.5625
361708,361719,364567,11,2848,2,14400,1.00386235955
361723,361730,364946,7,3216,2,14400,1.00217661692
361786,361799,364782,13,2983,2,14400,1.00435802883
361786,370077,370572,8291,495,1,600,17.7494949495
361802,361810,364698,8,2888,2,14400,1.0027700831
361803,361817,364597,14,2780,2,14400,1.00503597122
361857,361868,364800,11,2932,2,14400,1.00375170532
361873,361882,364773,9,2891,2,14400,1.00311310965
361924,361933,364881,9,2948,2,14400,1.00305291723
361939,361945,365024,6,3079,2,14400,1.00194868464
361954,361963,365004,9,3041,2,14400,1.00295955278
361969,361980,364898,11,2918,2,14400,1.00376970528
362017,362026,365091,9,3065,2,14400,1.00293637847
362033,362040,365083,7,3043,2,14400,1.00230036149
362034,362052,365028,18,2976,2,14400,1.0060483871
362035,362058,365133,23,3075,2,14400,1.0074796748
362037,362063,365367,26,3304,2,14400,1.00786924939
362052,362070,364915,18,2845,2,14400,1.00632688928
362054,362075,365116,21,3041,2,14400,1.00690562315
362088,370194,370665,8106,471,1,600,18.2101910828
362090,362101,364881,11,2780,2,14400,1.00395683453
362108,362119,365407,11,3288,2,14400,1.00334549878
362123,362130,364872,7,2742,2,14400,1.00255288111
362207,362217,365292,10,3075,2,14400,1.00325203252
362228,362237,365274,9,3037,2,14400,1.00296345077
362267,362282,365016,15,2734,2,14400,1.00548646672
362272,370229,370770,7957,541,1,600,15.707948244
362288,362299,365293,11,2994,2,14400,1.0036740147
362303,362310,365298,7,2988,2,14400,1.00234270415
362460,362470,365516,10,3046,2,14400,1.00328299409
362475,362481,365349,6,2868,2,14400,1.00209205021
362477,362489,365484,12,2995,2,14400,1.0040066778
362544,362553,365600,9,3047,2,14400,1.00295372498
362545,362560,365525,15,2965,2,14400,1.00505902192
362560,362567,365728,7,3161,2,14400,1.00221448909
362561,362573,365579,12,3006,2,14400,1.00399201597
362574,370261,370845,7687,584,1,600,14.1626712329
362712,362722,365904,10,3182,2,14400,1.00314267756
362937,370296,370693,7359,397,1,600,19.5365239295
363059,370389,370890,7330,501,1,600,15.630738523
364984,370433,370932,5449,499,1,600,11.9198396794
365467,370440,370879,4973,439,1,600,12.3280182232
365911,375764,375807,9853,43,1,1800,230.139534884
366009,370466,371064,4457,598,1,600,8.45317725753
366011,370576,371148,4565,572,1,600,8.98076923077
366554,370584,371196,4030,612,1,600,7.58496732026
366555,370625,371250,4070,625,1,600,7.512
366797,370644,371088,3847,444,1,600,9.66441441441
366859,370676,371126,3817,450,1,600,9.48222222222
366920,370705,371286,3785,581,1,600,7.51462994836
366982,370782,371406,3800,624,1,600,7.08974358974
366984,370858,371093,3874,235,1,600,17.485106383
367035,370891,371197,3856,306,1,600,13.6013071895
367037,370901,371325,3864,424,1,600,10.1132075472
367038,370944,371368,3906,424,1,600,10.2122641509
367099,371075,371423,3976,348,1,600,12.4252873563
367101,371100,371474,3999,374,1,600,11.692513369
367102,371106,371440,4004,334,1,600,12.9880239521
367284,371139,371546,3855,407,1,600,10.4717444717
367345,371160,371535,3815,375,1,600,11.1733333333
367407,371208,371606,3801,398,1,600,10.5502512563
367468,371214,371674,3746,460,1,600,9.14347826087
367470,371262,371672,3792,410,1,600,10.2487804878
367471,371297,371579,3826,282,1,600,14.5673758865
367473,371336,371642,3863,306,1,600,13.6241830065
367534,371379,371832,3845,453,1,600,9.48785871965
367536,371418,371740,3882,322,1,600,13.0559006211
367657,371435,371775,3778,340,1,600,12.1117647059
367658,371452,371933,3794,481,1,600,8.88773388773
367720,371486,371897,3766,411,1,600,10.1630170316
367842,371546,371996,3704,450,1,600,9.23111111111
367903,371557,371858,3654,301,1,600,13.1395348837
367905,371590,372005,3685,415,1,600,9.87951807229
367906,371618,371962,3712,344,1,600,11.7906976744
367967,371653,371997,3686,344,1,600,11.7151162791
368029,371683,372052,3654,369,1,600,10.9024390244
368030,371690,372210,3660,520,1,600,8.03846153846
368032,371752,372213,3720,461,1,600,9.0694143167
368093,371786,372177,3693,391,1,600,10.4450127877
368095,371848,372207,3753,359,1,600,11.4540389972
368276,371869,372335,3593,466,1,600,8.71030042918
368338,371908,372344,3570,436,1,600,9.1880733945
368399,371944,372276,3545,332,1,600,11.6777108434
368461,371973,372401,3512,428,1,600,9.20560747664
368462,372008,372326,3546,318,1,600,12.1509433962
368464,372014,372353,3550,339,1,600,11.4719764012
368465,372021,372439,3556,418,1,600,9.50717703349
368467,372063,372391,3596,328,1,600,11.9634146341
368468,372189,372718,3721,529,1,600,8.03402646503
368529,372218,372592,3689,374,1,600,10.8636363636
368531,372226,372540,3695,314,1,600,12.7675159236
368772,372231,372733,3459,502,1,600,7.89043824701
368834,372287,372723,3453,436,1,600,8.91972477064
368895,372338,372764,3443,426,1,600,9.08215962441
368897,372347,372796,3450,449,1,600,8.68374164811
368958,372356,372756,3398,400,1,600,9.495
368960,372366,372771,3406,405,1,600,9.40987654321
369082,372403,372742,3321,339,1,600,10.796460177
369083,372413,372882,3330,469,1,600,8.10021321962
369085,372452,372832,3367,380,1,600,9.86052631579
369086,372552,372969,3466,417,1,600,9.31175059952
369087,372603,372971,3516,368,1,600,10.5543478261
369089,372731,373051,3642,320,1,600,12.38125
369331,372739,373122,3408,383,1,600,9.89817232376
369392,372745,373182,3353,437,1,600,8.67276887872
369394,372754,373104,3360,350,1,600,10.6
369395,372768,373083,3373,315,1,600,11.7079365079
369457,372775,373123,3318,348,1,600,10.5344827586
369518,372783,373159,3265,376,1,600,9.6835106383
369580,372808,373168,3228,360,1,600,9.96666666667
369581,372844,373289,3263,445,1,600,8.33258426966
369582,372895,373327,3313,432,1,600,8.66898148148
369644,372981,373420,3337,439,1,600,8.6013667426
369645,372988,373330,3343,342,1,600,10.7748538012
369647,373063,373487,3416,424,1,600,9.05660377358
369768,373095,373511,3327,416,1,600,8.99759615385
369830,373116,373600,3286,484,1,600,7.78925619835
369831,373134,373516,3303,382,1,600,9.64659685864
369893,373141,373542,3248,401,1,600,9.09975062344
369894,373171,373555,3277,384,1,600,9.53385416667
369956,373179,373528,3223,349,1,600,10.2349570201
370017,373194,373687,3177,493,1,600,7.44421906694
370079,373302,373700,3223,398,1,600,9.09798994975
370080,373339,373793,3259,454,1,600,8.17841409692
370081,373345,373718,3264,373,1,600,9.75067024129
370203,373432,373946,3229,514,1,600,7.28210116732
370264,373498,373969,3234,471,1,600,7.86624203822
370266,373523,374000,3257,477,1,600,7.82809224319
370327,373531,373796,3204,265,1,600,13.0905660377
370389,373539,374074,3150,535,1,600,6.88785046729
370450,373554,373919,3104,365,1,600,9.50410958904
370452,373567,374128,3115,561,1,600,6.55258467023
370513,373611,374047,3098,436,1,600,8.10550458716
370575,373699,374037,3124,338,1,600,10.2426035503
370636,373714,374162,3078,448,1,600,7.87053571429
370638,373730,374153,3092,423,1,600,8.30969267139
370639,373805,374301,3166,496,1,600,7.38306451613
370700,373814,374189,3114,375,1,600,9.304
370702,373931,374444,3229,513,1,600,7.29434697856
370823,373958,374311,3135,353,1,600,9.88101983003
370885,373982,374360,3097,378,1,600,9.19312169312
370886,374011,374402,3125,391,1,600,8.99232736573
370948,374048,374445,3100,397,1,600,8.80856423174
370949,374058,374491,3109,433,1,600,8.18013856813
371071,374085,374613,3014,528,1,600,6.70833333333
371133,374139,374552,3006,413,1,600,8.2784503632
371134,374164,374666,3030,502,1,600,7.03585657371
371136,374174,374618,3038,444,1,600,7.84234234234
371197,374200,374647,3003,447,1,600,7.71812080537
371259,374314,374699,3055,385,1,600,8.93506493506
371260,374323,374803,3063,480,1,600,7.38125
371262,374371,374721,3109,350,1,600,9.88285714286
371323,374414,374827,3091,413,1,600,8.48426150121
371385,374456,374826,3071,370,1,600,9.3
371387,374463,374910,3076,447,1,600,7.88143176734
371448,374503,374902,3055,399,1,600,8.65664160401
371450,374563,374997,3113,434,1,600,8.17281105991
371451,374624,375051,3173,427,1,600,8.43091334895
371513,374632,374993,3119,361,1,600,9.63988919668
371574,374659,375223,3085,564,1,600,6.46985815603
371576,374677,375050,3101,373,1,600,9.31367292225
371637,374710,375134,3073,424,1,600,8.24764150943
371639,374733,375283,3094,550,1,600,6.62545454545
371701,374814,375220,3113,406,1,600,8.66748768473
371702,374838,375156,3136,318,1,600,10.8616352201
371704,374845,375225,3141,380,1,600,9.26578947368
371765,374913,375350,3148,437,1,600,8.20366132723
371827,374921,375252,3094,331,1,600,10.3474320242
371889,375004,375456,3115,452,1,600,7.89159292035
371890,375012,375496,3122,484,1,600,7.45041322314
371952,375062,375517,3110,455,1,600,7.83516483516
371953,375069,375610,3116,541,1,600,6.75970425139
372015,375145,375570,3130,425,1,600,8.36470588235
372017,375167,375612,3150,445,1,600,8.07865168539
372018,375232,375693,3214,461,1,600,7.97180043384
372019,375239,375724,3220,485,1,600,7.63917525773
372081,375245,375500,3164,255,1,600,13.4078431373
372203,375265,375682,3062,417,1,600,8.34292565947
372264,375295,375671,3031,376,1,600,9.06117021277
372266,375361,375807,3095,446,1,600,7.93946188341
372268,375468,375892,3200,424,1,600,8.54716981132
372323,376043,404500,3720,28457,10,604800,1.13072354781
372329,375504,375803,3175,299,1,600,11.618729097
372331,375509,375869,3178,360,1,600,9.82777777778
372368,376086,403955,3718,27869,10,604800,1.13340988195
372385,375919,376073,3534,154,5,180600,23.9480519481
372393,375515,376067,3122,552,1,600,6.65579710145
372394,375520,375923,3126,403,1,600,8.75682382134
372395,375973,376124,3578,151,5,180600,24.6953642384
372396,375526,375907,3130,381,1,600,9.21522309711
372397,375531,375835,3134,304,1,600,11.3092105263
372404,375817,375950,3413,133,1,3600,26.6616541353
372459,375536,376027,3077,491,1,600,7.26680244399
372460,375542,375968,3082,426,1,600,8.23474178404
372582,375547,376011,2965,464,1,600,7.3900862069
372644,375553,376031,2909,478,1,600,7.08577405858
372766,375559,375896,2793,337,1,600,9.28783382789
372767,375564,375932,2797,368,1,600,8.60054347826
372769,375570,375954,2801,384,1,600,8.29427083333
372771,375575,375981,2804,406,1,600,7.90640394089
372772,375581,375903,2809,322,1,600,9.72360248447
372774,375586,376031,2812,445,1,600,7.3191011236
372835,375592,376118,2757,526,1,600,6.24144486692
372837,375597,375882,2760,285,1,600,10.6842105263
372838,375603,376085,2765,482,1,600,6.73651452282
372900,375609,376043,2709,434,1,600,7.24193548387
373022,375614,376046,2592,432,1,600,7.0
373023,375620,375987,2597,367,1,600,8.07629427793
373085,375625,375962,2540,337,1,600,8.53709198813
373147,375631,376046,2484,415,1,600,6.98554216867
373148,375636,375960,2488,324,1,600,8.67901234568
373150,375642,376057,2492,415,1,600,7.00481927711
373151,375648,376115,2497,467,1,600,6.34689507495
373213,375653,376151,2440,498,1,600,5.89959839357
373215,375659,376126,2444,467,1,600,6.23340471092
373216,375665,376031,2449,366,1,600,7.6912568306
373338,375678,376026,2340,348,1,600,7.72413793103
373339,375683,376214,2344,531,1,600,5.4143126177
373341,375688,376156,2347,468,1,600,6.01495726496
373462,375694,376112,2232,418,1,600,6.33971291866
373525,375699,376062,2174,363,1,600,6.98898071625
373526,375704,376062,2178,358,1,600,7.08379888268
373528,375712,376093,2184,381,1,600,6.73228346457
373589,375717,375944,2128,227,1,600,10.3744493392
375922,375934,376012,12,78,1,1800,1.15384615385
376062,376069,376150,7,81,1,1800,1.08641975309
376081,376093,376404,12,311,1,3600,1.038585209
376202,376227,376713,25,486,16,5400,1.05144032922
376249,376414,376512,165,98,1,1800,2.68367346939
376633,376640,377284,7,644,1,3600,1.01086956522
376808,376814,377065,6,251,1,1800,1.02390438247
376992,376998,377626,6,628,8,1200,1.00955414013
377003,377009,377392,6,383,1,1800,1.01566579634
377812,377819,377825,7,6,1,3600,1.3
377931,377938,378039,7,101,1,3600,1.06930693069
378045,378052,378058,7,6,1,1800,1.3
378165,378172,378463,7,291,1,3600,1.02405498282
378224,378231,378274,7,43,1,1800,1.16279069767
378513,378520,378598,7,78,1,1800,1.08974358974
378556,378562,378957,6,395,16,900,1.01518987342
378761,378768,379308,7,540,1,3600,1.01296296296
378762,378969,379367,207,398,16,900,1.52010050251
379230,379236,379496,6,260,1,1800,1.02307692308
384926,384934,388129,8,3195,2,14400,1.00250391236
384928,384941,388028,13,3087,2,14400,1.00421120829
384929,384946,388006,17,3060,2,14400,1.00555555556
384931,384951,387813,20,2862,2,14400,1.0069881202
384932,384957,388127,25,3170,2,14400,1.00788643533
384933,384962,388196,29,3234,2,14400,1.00896722325
384935,384967,387823,32,2856,2,14400,1.01120448179
384936,384974,387942,38,2968,2,14400,1.0128032345
384938,384979,388311,41,3332,2,14400,1.01230492197
384939,384984,387876,45,2892,2,14400,1.01556016598
384940,384990,388064,50,3074,2,14400,1.01626545218
384942,384995,387071,53,2076,2,14400,1.02552986513
384943,385000,388128,57,3128,2,14400,1.01822250639
384945,385005,387982,60,2977,2,14400,1.02015451797
384946,385011,388068,65,3057,2,14400,1.02126267583
384947,385016,387894,69,2878,2,14400,1.02397498263
384949,385021,388105,72,3084,2,14400,1.0233463035
384950,385027,388394,77,3367,2,14400,1.02286902287
384952,385032,388046,80,3014,2,14400,1.02654280027
384953,385037,387976,84,2939,2,14400,1.02858115005
384954,385043,388440,89,3397,2,14400,1.02619958787
384956,385048,385947,92,899,2,14400,1.10233592881
384957,385053,388271,96,3218,2,14400,1.02983219391
384959,385059,388169,100,3110,2,14400,1.03215434084
384960,385064,385595,104,531,2,14400,1.19585687382
384961,385069,387972,108,2903,2,14400,1.03720289356
384963,385075,388112,112,3037,2,14400,1.03687849852
384964,385080,388091,116,3011,2,14400,1.03852540684
384966,385085,387939,119,2854,2,14400,1.04169586545
384967,385090,388261,123,3171,2,14400,1.03878902554
384969,385103,385563,134,460,2,14400,1.29130434783
384970,385108,388038,138,2930,2,14400,1.04709897611
384971,385113,388257,142,3144,2,14400,1.0451653944
384973,385119,388363,146,3244,2,14400,1.04500616523
384974,385128,385581,154,453,2,14400,1.33995584989
384976,385133,388128,157,2995,2,14400,1.05242070117
384977,385138,388398,161,3260,2,14400,1.04938650307
384979,385144,388255,165,3111,2,14400,1.05303760849
384980,385149,388374,169,3225,2,14400,1.05240310078
384981,385154,388217,173,3063,2,14400,1.0564805746
385565,385571,388659,6,3088,2,14400,1.00194300518
385583,385589,386993,6,1404,2,14400,1.00427350427
385597,385603,386942,6,1339,2,14400,1.00448095594
385826,385833,645051,7,259218,1,259200,1.0000270043
385833,385840,645058,7,259218,1,259200,1.0000270043
385840,385846,408582,6,22736,1,259200,1.00026389866
385949,385956,386419,7,463,2,14400,1.0151187905
386422,386429,389318,7,2889,2,14400,1.00242298373
386943,386949,387440,6,491,2,14400,1.01221995927
386994,387000,389981,6,2981,2,14400,1.0020127474
387072,387079,388476,7,1397,2,14400,1.00501073729
387442,387448,390438,6,2990,2,14400,1.00200668896
387815,387821,390692,6,2871,2,14400,1.00208986416
387830,387836,388284,6,448,2,14400,1.01339285714
387878,387884,390356,6,2472,2,14400,1.00242718447
387896,387902,390982,6,3080,2,14400,1.00194805195
387941,387948,391016,7,3068,2,14400,1.00228161669
387956,387963,391023,7,3060,2,14400,1.0022875817
387974,387980,390765,6,2785,2,14400,1.00215439856
387989,387995,391124,6,3129,2,14400,1.00191754554
387990,388002,391036,12,3034,2,14400,1.00395517469
388008,388014,390835,6,2821,2,14400,1.00212690535
388029,388035,391285,6,3250,2,14400,1.00184615385
388044,388050,390842,6,2792,2,14400,1.00214899713
388058,388066,391004,8,2938,2,14400,1.00272294078
388073,388079,391297,6,3218,2,14400,1.00186451212
388075,388085,388537,10,452,2,14400,1.02212389381
388092,388098,391238,6,3140,2,14400,1.00191082803
388107,388113,390954,6,2841,2,14400,1.00211193242
388122,388128,391260,6,3132,2,14400,1.00191570881
388137,388143,391185,6,3042,2,14400,1.00197238659
388138,388149,391408,11,3259,2,14400,1.00337526849
388140,388154,391070,14,2916,2,14400,1.00480109739
388141,388160,391201,19,3041,2,14400,1.00624794476
388171,388177,391380,6,3203,2,14400,1.00187324383
388198,388204,391512,6,3308,2,14400,1.00181378476
388219,388225,391517,6,3292,2,14400,1.00182260024
388258,388264,391275,6,3011,2,14400,1.00199269346
388259,388271,391600,12,3329,2,14400,1.00360468609
388274,388280,391387,6,3107,2,14400,1.00193112327
388276,388288,391339,12,3051,2,14400,1.00393313668
388291,388297,391070,6,2773,2,14400,1.0021637216
388311,388318,391522,7,3204,2,14400,1.00218476904
388366,388372,391722,6,3350,2,14400,1.00179104478
388381,388387,391312,6,2925,2,14400,1.00205128205
388395,388402,391302,7,2900,2,14400,1.0024137931
388411,388418,391509,7,3091,2,14400,1.00226463928
388441,388448,391708,7,3260,2,14400,1.00214723926
388477,388484,391438,7,2954,2,14400,1.00236966825
388538,388544,391731,6,3187,2,14400,1.00188264826
388662,388670,391964,8,3294,2,14400,1.00242865817
389320,389327,392457,7,3130,2,14400,1.00223642173
389982,389989,393216,7,3227,2,14400,1.0021691974
390358,390364,393379,6,3015,2,14400,1.00199004975
390439,390446,393577,7,3131,2,14400,1.00223570744
390695,390701,393936,6,3235,2,14400,1.00185471406
390767,390774,393871,7,3097,2,14400,1.00226025186
390836,390844,394277,8,3433,2,14400,1.00233032333
390851,390857,393924,6,3067,2,14400,1.0019563091
390956,390963,393837,7,2874,2,14400,1.00243562978
390984,390990,393997,6,3007,2,14400,1.0019953442
391005,391012,394015,7,3003,2,14400,1.00233100233
391019,391026,393928,7,2902,2,14400,1.00241212957
391034,391041,394382,7,3341,2,14400,1.00209518108
391049,391055,394332,6,3277,2,14400,1.00183094294
391073,391079,394183,6,3104,2,14400,1.00193298969
391075,391086,394158,11,3072,2,14400,1.00358072917
391126,391132,394371,6,3239,2,14400,1.00185242359
391186,391192,394184,6,2992,2,14400,1.00200534759
391204,391210,394055,6,2845,2,14400,1.00210896309
391240,391247,394411,7,3164,2,14400,1.00221238938
391261,391267,394390,6,3123,2,14400,1.00192122959
391275,391281,394300,6,3019,2,14400,1.00198741305
391290,391297,394165,7,2868,2,14400,1.00244072524
391305,391311,394296,6,2985,2,14400,1.00201005025
391306,391318,394571,12,3253,2,14400,1.00368890255
391321,391328,394765,7,3437,2,14400,1.00203665988
391342,391350,394596,8,3246,2,14400,1.00246457178
391381,391387,394220,6,2833,2,14400,1.00211789622
391396,391403,394174,7,2771,2,14400,1.00252616384
391411,391417,394185,6,2768,2,14400,1.00216763006
391441,391453,394346,12,2893,2,14400,1.00414794331
391511,391517,394922,6,3405,2,14400,1.00176211454
391526,391533,394471,7,2938,2,14400,1.00238257318
391527,391539,394392,12,2853,2,14400,1.00420609884
391528,391545,394435,17,2890,2,14400,1.00588235294
391601,391607,394499,6,2892,2,14400,1.0020746888
391709,391715,394648,6,2933,2,14400,1.00204568701
391724,391730,394884,6,3154,2,14400,1.00190234623
391739,391746,394802,7,3056,2,14400,1.00229057592
391965,391971,395150,6,3179,2,14400,1.00188738597
392459,392466,395462,7,2996,2,14400,1.0023364486
393218,393225,396087,7,2862,2,14400,1.00244584207
393380,393386,396218,6,2832,2,14400,1.00211864407
393579,393586,396426,7,2840,2,14400,1.00246478873
393838,393844,397063,6,3219,2,14400,1.0018639329
393874,393880,397007,6,3127,2,14400,1.00191877199
393925,393932,396748,7,2816,2,14400,1.00248579545
393940,393946,396592,6,2646,2,14400,1.0022675737
393941,393953,396731,12,2778,2,14400,1.00431965443
393998,394005,397049,7,3044,2,14400,1.00229960578
394016,394025,397071,9,3046,2,14400,1.00295469468
394058,394064,396742,6,2678,2,14400,1.00224047797
394160,394167,397378,7,3211,2,14400,1.00218000623
394176,394183,397136,7,2953,2,14400,1.00237047071
394177,394190,396911,13,2721,2,14400,1.00477765527
394193,394200,397020,7,2820,2,14400,1.0024822695
394194,394207,397289,13,3082,2,14400,1.00421804023
394196,394212,397036,16,2824,2,14400,1.00566572238
394222,394230,397450,8,3220,2,14400,1.00248447205
394279,394286,397289,7,3003,2,14400,1.00233100233
394297,394309,397266,12,2957,2,14400,1.00405816706
394312,394319,397029,7,2710,2,14400,1.00258302583
394333,394339,397654,6,3315,2,14400,1.00180995475
394348,394354,397197,6,2843,2,14400,1.00211044671
394372,394378,397649,6,3271,2,14400,1.00183430144
394387,394393,397147,6,2754,2,14400,1.00217864924
394402,394409,397539,7,3130,2,14400,1.00223642173
394403,394415,397588,12,3173,2,14400,1.00378190986
394418,394425,397056,7,2631,2,14400,1.00266058533
394436,394443,397523,7,3080,2,14400,1.00227272727
394472,394479,397750,7,3271,2,14400,1.00214001834
394502,394509,397463,7,2954,2,14400,1.00236966825
394571,394578,397847,7,3269,2,14400,1.00214132762
394598,394606,395362,8,756,2,14400,1.01058201058
394650,394657,397489,7,2832,2,14400,1.00247175141
394767,394773,397421,6,2648,2,14400,1.00226586103
394803,394809,398064,6,3255,2,14400,1.00184331797
394885,394891,397834,6,2943,2,14400,1.00203873598
394924,394931,398041,7,3110,2,14400,1.00225080386
395153,395160,398423,7,3263,2,14400,1.00214526509
395364,395371,398184,7,2813,2,14400,1.0024884465
395463,395469,398492,6,3023,2,14400,1.00198478333
396089,396096,398859,7,2763,2,14400,1.0025334781
396219,396226,399149,7,2923,2,14400,1.00239479986
396426,396434,399474,8,3040,2,14400,1.00263157895
396595,396601,399545,6,2944,2,14400,1.00203804348
396734,396740,399820,6,3080,2,14400,1.00194805195
396749,396754,399750,5,2996,2,14400,1.00166889186
396750,396762,399810,12,3048,2,14400,1.00393700787
396913,396919,399818,6,2899,2,14400,1.0020696792
397009,397016,400024,7,3008,2,14400,1.00232712766
397024,397031,399799,7,2768,2,14400,1.00252890173
397039,397046,399896,7,2850,2,14400,1.00245614035
397040,397053,400154,13,3101,2,14400,1.00419219607
397055,397062,399983,7,2921,2,14400,1.00239643958
397071,397077,400170,6,3093,2,14400,1.00193986421
397072,397085,399866,13,2781,2,14400,1.00467457749
397074,397090,400159,16,3069,2,14400,1.00521342457
397137,397143,400203,6,3060,2,14400,1.00196078431
397152,397158,399950,6,2792,2,14400,1.00214899713
397200,397207,400062,7,2855,2,14400,1.00245183888
397266,397273,400312,7,3039,2,14400,1.00230338927
397290,397297,400189,7,2892,2,14400,1.00242047026
397292,397304,400180,12,2876,2,14400,1.00417246175
397300,405370,409615,8070,4245,25,7200,2.90106007067
397379,397386,400429,7,3043,2,14400,1.00230036149
397424,397431,400273,7,2842,2,14400,1.00246305419
397451,397457,400529,6,3072,2,14400,1.001953125
397466,397472,400425,6,2953,2,14400,1.00203183204
397490,397496,400461,6,2965,2,14400,1.00202360877
397523,397530,400379,7,2849,2,14400,1.00245700246
397541,397548,400631,7,3083,2,14400,1.00227051573
397589,397597,400589,8,2992,2,14400,1.00267379679
397649,397657,400647,8,2990,2,14400,1.00267558528
397664,397670,400556,6,2886,2,14400,1.00207900208
397752,397759,400785,7,3026,2,14400,1.00231328486
397836,397842,400919,6,3077,2,14400,1.00194995125
397851,397858,401084,7,3226,2,14400,1.00216986981
398044,398050,400842,6,2792,2,14400,1.00214899713
398065,398071,401276,6,3205,2,14400,1.00187207488
398186,398193,401415,7,3222,2,14400,1.00217256363
398427,398433,401464,6,3031,2,14400,1.0019795447
398492,398500,401268,8,2768,2,14400,1.00289017341
398860,398866,401684,6,2818,2,14400,1.00212916962
398912,403968,427666,5056,23698,8,468000,1.21335133767
399152,399158,402207,6,3049,2,14400,1.00196785831
399477,399484,402269,7,2785,2,14400,1.00251346499
399546,399553,402798,7,3245,2,14400,1.00215716487
399751,399757,402813,6,3056,2,14400,1.00196335079
399802,399808,402835,6,3027,2,14400,1.00198216056
399817,399823,402643,6,2820,2,14400,1.00212765957
399832,399839,402755,7,2916,2,14400,1.0024005487
399833,399845,403073,12,3228,2,14400,1.00371747212
399870,399876,403009,6,3133,2,14400,1.00191509735
399897,399904,402532,7,2628,2,14400,1.00266362253
399951,399959,403148,8,3189,2,14400,1.00250862339
399984,399991,403107,7,3116,2,14400,1.00224646983
400026,400032,402967,6,2935,2,14400,1.00204429302
400065,400071,403190,6,3119,2,14400,1.00192369349
400155,400161,402777,6,2616,2,14400,1.00229357798
400170,400176,403146,6,2970,2,14400,1.00202020202
400171,400183,403186,12,3003,2,14400,1.003996004
400187,400194,403317,7,3123,2,14400,1.00224143452
400202,400209,403354,7,3145,2,14400,1.00222575517
400216,400222,403216,6,2994,2,14400,1.00200400802
400274,400280,403378,6,3098,2,14400,1.00193673338
400315,400321,403261,6,2940,2,14400,1.00204081633
400382,400388,403098,6,2710,2,14400,1.00221402214
400427,400433,403277,6,2844,2,14400,1.00210970464
400441,400448,403813,7,3365,2,14400,1.00208023774
400462,400470,403657,8,3187,2,14400,1.00251019768
400532,400538,403472,6,2934,2,14400,1.00204498978
400559,400566,403620,7,3054,2,14400,1.00229207597
400592,400599,403613,7,3014,2,14400,1.00232249502
400634,400640,403606,6,2966,2,14400,1.0020229265
400649,400656,403971,7,3315,2,14400,1.00211161388
400788,400794,403931,6,3137,2,14400,1.0019126554
400845,400852,403846,7,2994,2,14400,1.00233800935
400920,400926,404106,6,3180,2,14400,1.00188679245
401086,401092,404114,6,3022,2,14400,1.00198544011
401270,401276,404158,6,2882,2,14400,1.00208188758
401284,401290,404184,6,2894,2,14400,1.00207325501
401417,401423,404809,6,3386,2,14400,1.00177200236
401465,401472,404254,7,2782,2,14400,1.00251617541
401685,401692,404753,7,3061,2,14400,1.00228683437
402209,402216,405440,7,3224,2,14400,1.00217121588
402272,402279,405379,7,3100,2,14400,1.00225806452
402534,402540,405266,6,2726,2,14400,1.00220102715
402645,402652,405565,7,2913,2,14400,1.00240302094
402757,402763,405767,6,3004,2,14400,1.00199733688
402778,402785,405756,7,2971,2,14400,1.00235610905
402799,402806,405724,7,2918,2,14400,1.00239890336
402814,402821,405616,7,2795,2,14400,1.00250447227
402838,402845,406011,7,3166,2,14400,1.00221099179
402970,402977,405984,7,3007,2,14400,1.00232790156
403012,403019,406189,7,3170,2,14400,1.00220820189
403076,403082,406066,6,2984,2,14400,1.00201072386
403077,403113,403175,36,62,5,604800,1.58064516129
403100,403106,406156,6,3050,2,14400,1.00196721311
403115,403121,406147,6,3026,2,14400,1.0019828156
403146,403202,592783,56,189581,5,604800,1.00029538825
403148,403154,406022,6,2868,2,14400,1.00209205021
403162,404087,740040,925,335953,5,604800,1.00275336133
403162,403169,406141,7,2972,2,14400,1.00235531629
403186,403192,406510,6,3318,2,14400,1.00180831826
403201,403208,406248,7,3040,2,14400,1.00230263158
403219,403225,406145,6,2920,2,14400,1.00205479452
403261,403268,406318,7,3050,2,14400,1.00229508197
403279,403285,406237,6,2952,2,14400,1.00203252033
403318,403324,406209,6,2885,2,14400,1.0020797227
403358,403364,406435,6,3071,2,14400,1.00195376099
403378,403386,406049,8,2663,2,14400,1.00300413068
403475,403481,406487,6,3006,2,14400,1.00199600798
403608,403615,406389,7,2774,2,14400,1.00252343187
403623,403629,406525,6,2896,2,14400,1.0020718232
403624,403636,406907,12,3271,2,14400,1.00366860287
403660,403667,406784,7,3117,2,14400,1.00224574912
403814,403821,406797,7,2976,2,14400,1.00235215054
403847,403854,406686,7,2832,2,14400,1.00247175141
403931,403938,407084,7,3146,2,14400,1.00222504768
403973,403980,407052,7,3072,2,14400,1.00227864583
404109,404115,407397,6,3282,2,14400,1.00182815356
404124,404130,406839,6,2709,2,14400,1.00221483942
404160,404167,407248,7,3081,2,14400,1.00227198961
404187,404193,407165,6,2972,2,14400,1.00201884253
404256,404262,407458,6,3196,2,14400,1.00187734668
404754,404760,408012,6,3252,2,14400,1.00184501845
404811,404817,407953,6,3136,2,14400,1.00191326531
405269,405277,407964,8,2687,2,14400,1.0029772981
405380,405386,408441,6,3055,2,14400,1.00196399345
405443,405450,408340,7,2890,2,14400,1.00242214533
405566,405573,408650,7,3077,2,14400,1.00227494313
405617,405625,408626,8,3001,2,14400,1.00266577807
405726,405732,408623,6,2891,2,14400,1.00207540643
405759,405766,408255,7,2489,2,14400,1.00281237445
405774,405780,408725,6,2945,2,14400,1.00203735144
405985,405992,408946,7,2954,2,14400,1.00236966825
406012,406018,409177,6,3159,2,14400,1.00189933523
406026,406032,408591,6,2559,2,14400,1.00234466589
406050,406057,409268,7,3211,2,14400,1.00218000623
406068,406075,409159,7,3084,2,14400,1.00226977951
406143,406150,409351,7,3201,2,14400,1.00218681662
406159,406166,408972,7,2806,2,14400,1.00249465431
406160,406172,409248,12,3076,2,14400,1.00390117035
406161,406178,409352,17,3174,2,14400,1.00535601764
406191,406198,409392,7,3194,2,14400,1.00219160927
406209,406215,409386,6,3171,2,14400,1.00189214759
406239,406246,409147,7,2901,2,14400,1.00241296105
406254,406261,409576,7,3315,2,14400,1.00211161388
406320,406328,409464,8,3136,2,14400,1.00255102041
406390,406395,409218,5,2823,2,14400,1.00177116543
406438,406445,409363,7,2918,2,14400,1.00239890336
406489,406495,409401,6,2906,2,14400,1.00206469374
406513,406519,409544,6,3025,2,14400,1.00198347107
406528,406534,409557,6,3023,2,14400,1.00198478333
406570,465208,547990,58638,82782,32,86400,1.70834239327
406688,406694,409786,6,3092,2,14400,1.00194049159
406785,406790,409990,5,3200,2,14400,1.0015625
406799,406806,409835,7,3029,2,14400,1.00231099373
406842,406849,408165,7,1316,2,14400,1.00531914894
406902,406908,409930,6,3022,2,14400,1.00198544011
407053,407059,410128,6,3069,2,14400,1.00195503421
407085,407093,410152,8,3059,2,14400,1.00261523374
407167,407178,410361,11,3183,2,14400,1.00345585925
407248,407254,410493,6,3239,2,14400,1.00185242359
407399,407406,410721,7,3315,2,14400,1.00211161388
407459,407467,410297,8,2830,2,14400,1.00282685512
407707,407714,407716,7,2,1,300,1.0
407738,407744,407754,6,10,1,300,1.6
407894,407901,407911,7,10,1,300,1.7
407954,407960,411028,6,3068,2,14400,1.00195567145
407969,407975,410965,6,2990,2,14400,1.00200668896
408014,408020,411000,6,2980,2,14400,1.00201342282
408167,408173,411467,6,3294,2,14400,1.00182149362
408258,408264,411090,6,2826,2,14400,1.00212314225
408342,408349,411245,7,2896,2,14400,1.00241712707
408444,408451,411635,7,3184,2,14400,1.00219849246
408593,408599,411649,6,3050,2,14400,1.00196721311
408626,408632,411384,6,2752,2,14400,1.00218023256
408641,408647,411955,6,3308,2,14400,1.00181378476
408656,408662,411810,6,3148,2,14400,1.00190597205
408725,408732,411965,7,3233,2,14400,1.00216517167
408873,408879,408892,6,13,1,300,1.46153846154
408948,408955,411919,7,2964,2,14400,1.00236167341
408972,408980,412106,8,3126,2,14400,1.00255918106
409147,409154,412051,7,2897,2,14400,1.00241629272
409162,409168,411994,6,2826,2,14400,1.00212314225
409180,409186,411955,6,2769,2,14400,1.00216684724
409219,409226,412163,7,2937,2,14400,1.00238338441
409249,409257,412153,8,2896,2,14400,1.00276243094
409271,409278,412242,7,2964,2,14400,1.00236167341
409308,409315,409326,7,11,1,300,1.63636363636
409352,409359,412670,7,3311,2,14400,1.0021141649
409353,409366,411771,13,2405,2,14400,1.00540540541
409369,409374,412357,5,2983,2,14400,1.00167616493
409386,409393,412601,7,3208,2,14400,1.00218204489
409402,409408,412101,6,2693,2,14400,1.00222799851
409403,409415,412017,12,2602,2,14400,1.00461183705
409466,409472,412472,6,3000,2,14400,1.002
409545,409551,412272,6,2721,2,14400,1.00220507166
409559,409566,412571,7,3005,2,14400,1.00232945092
409577,409584,412508,7,2924,2,14400,1.00239398085
409788,409796,412785,8,2989,2,14400,1.00267648043
409837,409843,412967,6,3124,2,14400,1.0019206146
409930,409936,413236,6,3300,2,14400,1.00181818182
409993,409999,413040,6,3041,2,14400,1.00197303519
410129,410136,413234,7,3098,2,14400,1.00225952227
410153,410160,413163,7,3003,2,14400,1.00233100233
410297,410304,413310,7,3006,2,14400,1.00232867598
410363,410370,413371,7,3001,2,14400,1.00233255581
410496,410503,413541,7,3038,2,14400,1.00230414747
410722,410728,413666,6,2938,2,14400,1.00204220558
410966,410973,414104,7,3131,2,14400,1.00223570744
411002,411008,414084,6,3076,2,14400,1.00195058518
411029,411037,414204,8,3167,2,14400,1.00252604989
411093,411099,414215,6,3116,2,14400,1.00192554557
411246,411252,414523,6,3271,2,14400,1.00183430144
411385,411391,414394,6,3003,2,14400,1.001998002
411469,411476,414589,7,3113,2,14400,1.00224863476
411635,411641,414642,6,3001,2,14400,1.00199933356
411650,411656,414514,6,2858,2,14400,1.00209937019
411774,411780,414806,6,3026,2,14400,1.0019828156
411810,411817,414699,7,2882,2,14400,1.00242886884
411922,411929,414937,7,3008,2,14400,1.00232712766
411958,411965,415173,7,3208,2,14400,1.00218204489
411959,411972,414873,13,2901,2,14400,1.00448121337
411974,411981,415081,7,3100,2,14400,1.00225806452
411980,411987,511667,7,99680,10,604800,1.00007022472
411995,412002,414924,7,2922,2,14400,1.00239561944
412019,412025,414852,6,2827,2,14400,1.00212239123
412021,427689,528315,15668,100626,10,604800,1.15570528492
412052,412058,415011,6,2953,2,14400,1.00203183204
412104,412111,415097,7,2986,2,14400,1.00234427328
412118,412126,414974,8,2848,2,14400,1.00280898876
412155,412161,415343,6,3182,2,14400,1.00188560654
412170,412177,415158,7,2981,2,14400,1.0023482053
412245,412251,415253,6,3002,2,14400,1.00199866755
412275,412281,415233,6,2952,2,14400,1.00203252033
412360,412367,415470,7,3103,2,14400,1.00225588141
412475,412481,415579,6,3098,2,14400,1.00193673338
412511,412517,415679,6,3162,2,14400,1.00189753321
412574,412580,415595,6,3015,2,14400,1.00199004975
412604,412610,415557,6,2947,2,14400,1.00203596878
412673,412679,415704,6,3025,2,14400,1.00198347107
412788,412795,416103,7,3308,2,14400,1.00211608222
412969,412976,416124,7,3148,2,14400,1.00222363405
413041,413048,416163,7,3115,2,14400,1.00224719101
413165,413171,416292,6,3121,2,14400,1.00192246075
413238,413244,416442,6,3198,2,14400,1.00187617261
413239,413251,416207,12,2956,2,14400,1.00405953992
413311,413317,416445,6,3128,2,14400,1.00191815857
413371,413377,416141,6,2764,2,14400,1.002170767
413543,413550,416690,7,3140,2,14400,1.00222929936
413667,413673,416781,6,3108,2,14400,1.00193050193
414086,414093,417149,7,3056,2,14400,1.00229057592
414107,414114,417334,7,3220,2,14400,1.00217391304
414206,414213,417027,7,2814,2,14400,1.00248756219
414221,414227,417410,6,3183,2,14400,1.00188501414
414392,414399,417474,7,3075,2,14400,1.00227642276
414516,414522,417466,6,2944,2,14400,1.00203804348
414531,414537,417454,6,2917,2,14400,1.00205690778
414591,414597,417815,6,3218,2,14400,1.00186451212
414645,414652,417605,7,2953,2,14400,1.00237047071
414699,414706,418132,7,3426,2,14400,1.00204319907
414807,414815,417776,8,2961,2,14400,1.00270178994
414853,414859,418047,6,3188,2,14400,1.00188205772
414877,414884,417978,7,3094,2,14400,1.00226244344
414925,414932,418078,7,3146,2,14400,1.00222504768
414940,414947,417965,7,3018,2,14400,1.00231941683
414976,414983,417941,7,2958,2,14400,1.00236646383
415012,415018,418119,6,3101,2,14400,1.00193485972
415084,415091,418437,7,3346,2,14400,1.00209205021
415099,415105,418311,6,3206,2,14400,1.00187149095
415159,415167,417989,8,2822,2,14400,1.00283486889
415174,415181,418490,7,3309,2,14400,1.00211544273
415234,415240,418404,6,3164,2,14400,1.00189633375
415255,415261,418358,6,3097,2,14400,1.00193735873
415345,415353,418362,8,3009,2,14400,1.00265869059
415472,415478,418350,6,2872,2,14400,1.00208913649
415560,415567,418643,7,3076,2,14400,1.0022756827
415580,415587,418401,7,2814,2,14400,1.00248756219
415595,415601,418917,6,3316,2,14400,1.00180940893
415683,415689,418725,6,3036,2,14400,1.00197628458
415707,415713,418444,6,2731,2,14400,1.00219699744
416105,416114,419267,9,3153,2,14400,1.00285442436
416126,416133,419270,7,3137,2,14400,1.0022314313
416144,416150,419076,6,2926,2,14400,1.002050581
416165,416172,419360,7,3188,2,14400,1.002195734
416210,416216,419212,6,2996,2,14400,1.00200267023
416294,416300,419430,6,3130,2,14400,1.00191693291
416445,416452,419456,7,3004,2,14400,1.00233022636
416446,416459,419586,13,3127,2,14400,1.0041573393
416674,416681,487283,7,70602,5,604800,1.00009914733
416691,416698,419670,7,2972,2,14400,1.00235531629
416781,416789,419727,8,2938,2,14400,1.00272294078
417028,417035,419972,7,2937,2,14400,1.00238338441
417152,417159,419743,7,2584,2,14400,1.00270897833
417333,417339,419962,6,2623,2,14400,1.00228745711
417411,417417,420476,6,3059,2,14400,1.0019614253
417456,417464,420530,8,3066,2,14400,1.00260926288
417471,417477,420649,6,3172,2,14400,1.00189155107
417486,417492,420314,6,2822,2,14400,1.00212615167
417606,417614,420704,8,3090,2,14400,1.00258899676
417778,417784,420666,6,2882,2,14400,1.00208188758
417817,417823,420983,6,3160,2,14400,1.00189873418
417944,417952,420853,8,2901,2,14400,1.00275766977
417968,417974,421011,6,3037,2,14400,1.00197563385
417983,417989,421176,6,3187,2,14400,1.00188264826
417997,418004,420959,7,2955,2,14400,1.00236886633
418049,418055,421186,6,3131,2,14400,1.00191632066
418078,418085,421169,7,3084,2,14400,1.00226977951
418121,418128,420853,7,2725,2,14400,1.00256880734
418135,418142,421565,7,3423,2,14400,1.00204498978
418313,418319,421191,6,2872,2,14400,1.00208913649
418352,418359,421182,7,2823,2,14400,1.0024796316
418367,418374,421615,7,3241,2,14400,1.00215982721
418369,418381,421243,12,2862,2,14400,1.00419287212
418402,418408,421591,6,3183,2,14400,1.00188501414
418417,418423,421505,6,3082,2,14400,1.0019467878
418438,418444,421277,6,2833,2,14400,1.00211789622
418453,418459,421724,6,3265,2,14400,1.00183767228
418492,418499,421681,7,3182,2,14400,1.00219987429
418507,418514,418515,7,1,2,3540,1.0
418646,418653,421867,7,3214,2,14400,1.00217797138
418727,418733,422179,6,3446,2,14400,1.00174114916
418920,418927,422227,7,3300,2,14400,1.00212121212
419077,419082,421654,5,2572,2,14400,1.00194401244
419212,419219,422292,7,3073,2,14400,1.00227790433
419269,419277,422231,8,2954,2,14400,1.00270819228
419284,419290,422444,6,3154,2,14400,1.00190234623
419362,419368,422244,6,2876,2,14400,1.00208623088
419431,419438,422296,7,2858,2,14400,1.00244926522
419459,419465,422436,6,2971,2,14400,1.00201952205
419588,419599,422505,11,2906,2,14400,1.00378527185
419673,419680,422584,7,2904,2,14400,1.00241046832
419727,419733,422890,6,3157,2,14400,1.00190053849
419745,419752,422617,7,2865,2,14400,1.00244328098
419965,419972,423205,7,3233,2,14400,1.00216517167
419980,419986,423015,6,3029,2,14400,1.00198085177
420318,420325,423542,7,3217,2,14400,1.00217594032
420477,420484,423527,7,3043,2,14400,1.00230036149
420531,420537,423747,6,3210,2,14400,1.00186915888
420649,420656,423908,7,3252,2,14400,1.00215252153
420666,420673,423511,7,2838,2,14400,1.00246652572
420705,420713,423898,8,3185,2,14400,1.00251177394
420853,420859,423628,6,2769,2,14400,1.00216684724
420855,420866,423777,11,2911,2,14400,1.00377877018
420960,420966,423950,6,2984,2,14400,1.00201072386
420984,420990,424144,6,3154,2,14400,1.00190234623
421011,421017,423927,6,2910,2,14400,1.00206185567
421171,421178,424196,7,3018,2,14400,1.00231941683
421187,421194,424462,7,3268,2,14400,1.00214198286
421188,421200,423988,12,2788,2,14400,1.00430416069
421190,421206,424211,16,3005,2,14400,1.00532445923
421205,421213,424205,8,2992,2,14400,1.00267379679
421244,421251,424219,7,2968,2,14400,1.00235849057
421280,421287,424463,7,3176,2,14400,1.00220403023
421507,421513,424562,6,3049,2,14400,1.00196785831
421567,421573,424587,6,3014,2,14400,1.00199071002
421594,421600,424447,6,2847,2,14400,1.00210748156
421618,421625,424713,7,3088,2,14400,1.00226683938
421657,421664,424713,7,3049,2,14400,1.0022958347
421684,421691,425057,7,3366,2,14400,1.00207961973
421726,421733,424514,7,2781,2,14400,1.00251708019
421868,421878,424811,10,2933,2,14400,1.00340947835
422179,422186,425187,7,3001,2,14400,1.00233255581
422230,422236,425202,6,2966,2,14400,1.0020229265
422245,422251,425376,6,3125,2,14400,1.00192
422246,422257,425197,11,2940,2,14400,1.0037414966
422291,422299,424999,8,2700,2,14400,1.00296296296
422306,422312,425694,6,3382,2,14400,1.00177409817
422439,422445,425581,6,3136,2,14400,1.00191326531
422454,422460,425458,6,2998,2,14400,1.00200133422
422508,422514,425529,6,3015,2,14400,1.00199004975
422586,422593,425654,7,3061,2,14400,1.00228683437
422619,422626,425678,7,3052,2,14400,1.00229357798
422890,422898,425725,8,2827,2,14400,1.00282985497
423017,423024,425887,7,2863,2,14400,1.00244498778
423207,423213,426413,6,3200,2,14400,1.001875
423514,423520,426563,6,3043,2,14400,1.00197173842
423529,423535,426622,6,3087,2,14400,1.0019436346
423544,423550,426439,6,2889,2,14400,1.0020768432
423631,423638,426629,7,2991,2,14400,1.0023403544
423749,423755,426493,6,2738,2,14400,1.00219138057
423779,423785,426726,6,2941,2,14400,1.00204012241
423899,423905,426808,6,2903,2,14400,1.00206682742
423914,423921,426886,7,2965,2,14400,1.0023608769
423929,423936,426800,7,2864,2,14400,1.00244413408
423953,423960,426607,7,2647,2,14400,1.00264450321
423989,423996,426913,7,2917,2,14400,1.00239972575
424146,424153,427186,7,3033,2,14400,1.00230794593
424197,424203,427180,6,2977,2,14400,1.0020154518
424212,424219,427035,7,2816,2,14400,1.00248579545
424213,424225,427360,12,3135,2,14400,1.0038277512
424228,424234,427655,6,3421,2,14400,1.00175387314
424448,424454,427420,6,2966,2,14400,1.0020229265
424463,424469,427196,6,2727,2,14400,1.00220022002
424465,424475,427373,10,2898,2,14400,1.00345065562
424516,424522,427361,6,2839,2,14400,1.00211342022
424564,424570,427690,6,3120,2,14400,1.00192307692
424588,424594,427502,6,2908,2,14400,1.00206327373
424715,424721,427732,6,3011,2,14400,1.00199269346
424716,424729,427940,13,3211,2,14400,1.004048583
424808,424815,427721,7,2906,2,14400,1.00240880936
425000,425008,427900,8,2892,2,14400,1.00276625173
425055,425062,428106,7,3044,2,14400,1.00229960578
425190,425196,428197,6,3001,2,14400,1.00199933356
425205,425211,428397,6,3186,2,14400,1.00188323917
425206,425217,427897,11,2680,2,14400,1.00410447761
425378,425385,428506,7,3121,2,14400,1.00224287087
425459,425467,428279,8,2812,2,14400,1.00284495021
425532,425539,428705,7,3166,2,14400,1.00221099179
425583,425590,428601,7,3011,2,14400,1.00232480903
425655,425662,428622,7,2960,2,14400,1.00236486486
425679,425686,429112,7,3426,2,14400,1.00204319907
425694,425701,428757,7,3056,2,14400,1.00229057592
425727,425734,428832,7,3098,2,14400,1.00225952227
425890,425896,428950,6,3054,2,14400,1.00196463654
426412,426419,429535,7,3116,2,14400,1.00224646983
426442,426448,429166,6,2718,2,14400,1.00220750552
426493,426499,429832,6,3333,2,14400,1.00180018002
426565,426571,429586,6,3015,2,14400,1.00199004975
426610,426617,429707,7,3090,2,14400,1.00226537217
426625,426632,429871,7,3239,2,14400,1.00216116085
426640,426646,429777,6,3131,2,14400,1.00191632066
426727,426734,429782,7,3048,2,14400,1.00229658793
426803,426809,429869,6,3060,2,14400,1.00196078431
426817,426824,429697,7,2873,2,14400,1.00243647755
426887,426893,430017,6,3124,2,14400,1.0019206146
426914,426920,429926,6,3006,2,14400,1.00199600798
427037,427044,430110,7,3066,2,14400,1.00228310502
427182,427189,430522,7,3333,2,14400,1.00210021002
427197,427204,430213,7,3009,2,14400,1.00232635427
427199,427210,430486,11,3276,2,14400,1.00335775336
427362,427368,430534,6,3166,2,14400,1.00189513582
427363,427375,430311,12,2936,2,14400,1.00408719346
427378,427385,430318,7,2933,2,14400,1.00238663484
427424,427431,430616,7,3185,2,14400,1.0021978022
427505,427512,430647,7,3135,2,14400,1.00223285486
427656,427662,430658,6,2996,2,14400,1.00200267023
427664,427670,428591,6,921,1,3600,1.00651465798
427667,427676,429333,9,1657,1,3600,1.00543150272
427669,427682,428629,13,947,1,3600,1.01372756072
427671,427749,429125,78,1376,1,3600,1.05668604651
427673,427755,428654,82,899,1,3600,1.09121245829
427675,427913,428960,238,1047,1,3600,1.22731614136
427677,427918,429100,241,1182,1,3600,1.20389170897
427679,428212,429594,533,1382,1,3600,1.38567293777
427681,428217,430435,536,2218,1,3600,1.24165915239
427683,428294,429467,611,1173,1,3600,1.52088661552
427685,428299,429244,614,945,1,3600,1.64973544974
427687,428415,429340,728,925,1,3600,1.78702702703
427689,428420,428934,731,514,1,3600,2.42217898833
427691,428603,429460,912,857,1,3600,2.06417736289
427692,427698,430643,6,2945,2,14400,1.00203735144
427693,428616,429663,923,1047,1,3600,1.88156638013
427695,428635,430280,940,1645,1,3600,1.57142857143
427697,428641,429835,944,1194,1,3600,1.79061976549
427699,428647,429561,948,914,1,3600,2.03719912473
427701,428666,429584,965,918,1,3600,2.05119825708
427702,428719,430406,1017,1687,1,3600,1.60284528749
427704,428725,430116,1021,1391,1,3600,1.73400431344
427706,428773,430405,1067,1632,1,3600,1.65379901961
427708,428778,429610,1070,832,1,3600,2.28605769231
427710,428848,429581,1138,733,1,3600,2.55252387449
427712,428853,430063,1141,1210,1,3600,1.94297520661
427714,428945,430257,1231,1312,1,3600,1.93826219512
427715,428968,430311,1253,1343,1,3600,1.93298585257
427717,428973,430168,1256,1195,1,3600,2.0510460251
427719,428980,429772,1261,792,1,3600,2.59217171717
427721,429112,430400,1391,1288,1,3600,2.0799689441
427722,427728,430809,6,3081,2,14400,1.00194741967
427723,429136,430004,1413,868,1,3600,2.62788018433
427725,429182,430368,1457,1186,1,3600,2.22849915683
427727,429187,430255,1460,1068,1,3600,2.3670411985
427728,429256,430469,1528,1213,1,3600,2.25968672712
427730,429344,430438,1614,1094,1,3600,2.47531992687
427732,429352,430545,1620,1193,1,3600,2.35792120704
427734,429471,430854,1737,1383,1,3600,2.25596529284
427736,429479,430758,1743,1279,1,3600,2.36278342455
427737,427743,430790,6,3047,2,14400,1.00196914998
427738,429550,430595,1812,1045,1,3600,2.73397129187
427740,429555,430807,1815,1252,1,3600,2.44968051118
427742,429572,430676,1830,1104,1,3600,2.65760869565
427744,429600,431141,1856,1541,1,3600,2.20441271901
427745,429605,430662,1860,1057,1,3600,2.75969725639
427747,429611,431084,1864,1473,1,3600,2.26544467074
427749,429617,430705,1868,1088,1,3600,2.71691176471
427751,429624,430659,1873,1035,1,3600,2.80966183575
427753,429674,430453,1921,779,1,3600,3.46598202824
427755,429712,430751,1957,1039,1,3600,2.88354186718
427756,429717,430625,1961,908,1,3600,3.15969162996
427758,429783,430647,2025,864,1,3600,3.34375
427760,429797,430848,2037,1051,1,3600,2.93815413892
427762,429803,430695,2041,892,1,3600,3.28811659193
427764,429847,431935,2083,2088,1,3600,1.99760536398
427765,429853,430813,2088,960,1,3600,3.175
427767,429858,430880,2091,1022,1,3600,3.04598825832
427769,429884,430919,2115,1035,1,3600,3.04347826087
427771,429889,430884,2118,995,1,3600,3.12864321608
427773,429894,431548,2121,1654,1,3600,2.2823458283
427774,429900,431207,2126,1307,1,3600,2.62662586075
427776,429940,430955,2164,1015,1,3600,3.13201970443
427778,429945,431456,2167,1511,1,3600,2.43414956982
427780,430016,431155,2236,1139,1,3600,2.96312554873
427782,430030,430903,2248,873,1,3600,3.57502863688
427784,430036,431014,2252,978,1,3600,3.30265848671
427786,430075,431176,2289,1101,1,3600,3.07901907357
427788,430124,431215,2336,1091,1,3600,3.14115490376
427790,430129,431192,2339,1063,1,3600,3.20037629351
427792,430136,431101,2344,965,1,3600,3.42901554404
427794,430179,431465,2385,1286,1,3600,2.85458786936
427796,430228,430999,2432,771,1,3600,4.15434500649
427797,430233,431216,2436,983,1,3600,3.47812817904
427799,430266,431117,2467,851,1,3600,3.89894242068
427897,427903,430986,6,3083,2,14400,1.00194615634
427912,427924,430889,12,2965,2,14400,1.00404721754
427942,427948,431201,6,3253,2,14400,1.00184445128
428108,428114,431139,6,3025,2,14400,1.00198347107
428198,428205,431403,7,3198,2,14400,1.00218886804
428280,428287,431021,7,2734,2,14400,1.00256035113
428400,428407,431200,7,2793,2,14400,1.00250626566
428509,428516,431495,7,2979,2,14400,1.00234978181
428602,428609,431519,7,2910,2,14400,1.00240549828
428623,428629,431575,6,2946,2,14400,1.00203665988
428707,428713,431340,6,2627,2,14400,1.00228397411
428759,428766,431826,7,3060,2,14400,1.0022875817
428834,428841,431693,7,2852,2,14400,1.00245441795
428951,428961,432238,10,3277,2,14400,1.00305157156
429114,429126,432454,12,3328,2,14400,1.00360576923
429168,429175,432242,7,3067,2,14400,1.00228236061
429536,429543,432437,7,2894,2,14400,1.00241879751
429587,429593,432564,6,2971,2,14400,1.00201952205
429698,429705,432835,7,3130,2,14400,1.00223642173
429713,429723,432921,10,3198,2,14400,1.00312695435
429780,429790,432875,10,3085,2,14400,1.00324149109
429794,429809,432798,15,2989,2,14400,1.0050184008
429834,429841,432975,7,3134,2,14400,1.00223356733
429870,429877,433049,7,3172,2,14400,1.00220680958
429885,429906,432497,21,2591,2,14400,1.00810497877
429927,429933,430385,6,452,2,14400,1.01327433628
430017,430024,433095,7,3071,2,14400,1.00227938782
430111,430117,433263,6,3146,2,14400,1.00190718373
430213,430221,433277,8,3056,2,14400,1.00261780105
430313,430319,433292,6,2973,2,14400,1.00201816347
430328,430335,433432,7,3097,2,14400,1.00226025186
430388,430395,433280,7,2885,2,14400,1.00242634315
430488,430494,433410,6,2916,2,14400,1.00205761317
430524,430531,433856,7,3325,2,14400,1.00210526316
430539,430546,433550,7,3004,2,14400,1.00233022636
430617,430623,433969,6,3346,2,14400,1.00179318589
430644,430651,433323,7,2672,2,14400,1.00261976048
430659,430667,433433,8,2766,2,14400,1.0028922632
430661,430674,433557,13,2883,2,14400,1.00450919181
430791,430798,433693,7,2895,2,14400,1.002417962
430812,430818,433492,6,2674,2,14400,1.00224382947
430890,430896,433840,6,2944,2,14400,1.00203804348
430990,430996,433922,6,2926,2,14400,1.002050581
431023,431030,434115,7,3085,2,14400,1.00226904376
431140,431146,434329,6,3183,2,14400,1.00188501414
431201,431207,434142,6,2935,2,14400,1.00204429302
431202,431215,434186,13,2971,2,14400,1.0043756311
431341,431347,434166,6,2819,2,14400,1.00212841433
431404,431410,434557,6,3147,2,14400,1.00190657769
431498,431504,434483,6,2979,2,14400,1.00201409869
431522,431528,434581,6,3053,2,14400,1.00196528005
431576,431583,434652,7,3069,2,14400,1.00228087325
431693,431700,434533,7,2833,2,14400,1.00247087893
431826,431832,434934,6,3102,2,14400,1.00193423598
432239,432246,435274,7,3028,2,14400,1.00231175694
432254,432260,435536,6,3276,2,14400,1.00183150183
432438,432444,435301,6,2857,2,14400,1.00210010501
432456,432463,435549,7,3086,2,14400,1.00226830849
432498,432504,435411,6,2907,2,14400,1.00206398349
432567,432574,435701,7,3127,2,14400,1.00223856732
432799,432805,436097,6,3292,2,14400,1.00182260024
432838,432844,435752,6,2908,2,14400,1.00206327373
432877,432883,435944,6,3061,2,14400,1.00196014374
432923,432929,435931,6,3002,2,14400,1.00199866755
432977,432983,436138,6,3155,2,14400,1.00190174326
433052,433058,435974,6,2916,2,14400,1.00205761317
433097,433103,436196,6,3093,2,14400,1.00193986421
433266,433273,436254,7,2981,2,14400,1.0023482053
433281,433288,435972,7,2684,2,14400,1.00260804769
433282,433295,436142,13,2847,2,14400,1.00456621005
433297,433304,436229,7,2925,2,14400,1.00239316239
433325,433331,436492,6,3161,2,14400,1.0018981335
433412,433418,436608,6,3190,2,14400,1.00188087774
433433,433439,436663,6,3224,2,14400,1.00186104218
433435,433446,436514,11,3068,2,14400,1.00358539765
433495,433502,436583,7,3081,2,14400,1.00227198961
433552,433558,436587,6,3029,2,14400,1.00198085177
433567,433574,436601,7,3027,2,14400,1.00231252065
433697,433703,436786,6,3083,2,14400,1.00194615634
433841,433848,437022,7,3174,2,14400,1.00220541903
433857,433863,436976,6,3113,2,14400,1.00192740122
433923,433930,437003,7,3073,2,14400,1.00227790433
433971,433978,436977,7,2999,2,14400,1.00233411137
434116,434122,437124,6,3002,2,14400,1.00199866755
434143,434150,437247,7,3097,2,14400,1.00226025186
434167,434173,437342,6,3169,2,14400,1.00189334175
434188,434195,437304,7,3109,2,14400,1.00225152782
434330,434336,437349,6,3013,2,14400,1.00199137073
434484,434491,437575,7,3084,2,14400,1.00226977951
434535,434542,437505,7,2963,2,14400,1.00236247047
434559,434565,437373,6,2808,2,14400,1.00213675214
434583,434589,437577,6,2988,2,14400,1.00200803213
434653,434659,437549,6,2890,2,14400,1.00207612457
434936,434943,437897,7,2954,2,14400,1.00236966825
435277,435284,438222,7,2938,2,14400,1.00238257318
435304,435310,438610,6,3300,2,14400,1.00181818182
435412,435419,438425,7,3006,2,14400,1.00232867598
435539,435546,438392,7,2846,2,14400,1.00245959241
435554,435560,438607,6,3047,2,14400,1.00196914998
435705,435711,438792,6,3081,2,14400,1.00194741967
435753,435760,438842,7,3082,2,14400,1.00227125243
435934,435941,438982,7,3041,2,14400,1.00230187438
435948,435955,438849,7,2894,2,14400,1.00241879751
435972,435979,438929,7,2950,2,14400,1.00237288136
435987,435994,438766,7,2772,2,14400,1.00252525253
436099,436106,438925,7,2819,2,14400,1.00248315005
436141,436147,439108,6,2961,2,14400,1.00202634245
436156,436162,439167,6,3005,2,14400,1.00199667221
436198,436205,439460,7,3255,2,14400,1.00215053763
436231,436237,439186,6,2949,2,14400,1.002034588
436255,436261,439145,6,2884,2,14400,1.00208044383
436493,436499,439401,6,2902,2,14400,1.00206753963
436514,436520,439577,6,3057,2,14400,1.00196270854
436584,436590,439591,6,3001,2,14400,1.00199933356
436599,436606,439758,7,3152,2,14400,1.00222081218
436614,436619,439681,5,3062,2,14400,1.00163291966
436615,436626,439907,11,3281,2,14400,1.00335263639
436666,436673,439446,7,2773,2,14400,1.00252434187
436787,436793,439519,6,2726,2,14400,1.00220102715
436977,436984,440073,7,3089,2,14400,1.00226610554
436978,436991,440116,13,3125,2,14400,1.00416
437006,437013,439723,7,2710,2,14400,1.00258302583
437023,437030,440200,7,3170,2,14400,1.00220820189
437126,437133,440166,7,3033,2,14400,1.00230794593
437250,437257,440257,7,3000,2,14400,1.00233333333
437304,437311,440308,7,2997,2,14400,1.002335669
437343,437349,440756,6,3407,2,14400,1.00176108013
437358,437364,440071,6,2707,2,14400,1.0022164758
437376,437383,440422,7,3039,2,14400,1.00230338927
437506,437513,440459,7,2946,2,14400,1.00237610319
437551,437557,440851,6,3294,2,14400,1.00182149362
437579,437585,440378,6,2793,2,14400,1.00214822771
437580,437591,440673,11,3082,2,14400,1.00356911097
437665,438125,455574,460,17449,11,28800,1.02636254227
437900,437906,440724,6,2818,2,14400,1.00212916962
438223,438229,441234,6,3005,2,14400,1.00199667221
438350,455604,460189,17254,4585,8,10800,4.76314067612
438395,438401,441363,6,2962,2,14400,1.00202565834
438428,438434,441338,6,2904,2,14400,1.0020661157
438609,438615,441631,6,3016,2,14400,1.00198938992
438624,438630,441781,6,3151,2,14400,1.00190415741
438769,438776,441724,7,2948,2,14400,1.00237449118
438793,438799,441870,6,3071,2,14400,1.00195376099
438844,438850,441847,6,2997,2,14400,1.002002002
438859,438865,442087,6,3222,2,14400,1.00186219739
438925,438931,442035,6,3104,2,14400,1.00193298969
438940,438946,442015,6,3069,2,14400,1.00195503421
438982,438989,442284,7,3295,2,14400,1.00212443096
439109,439116,442061,7,2945,2,14400,1.00237691002
439148,439154,442005,6,2851,2,14400,1.00210452473
439169,439176,442450,7,3274,2,14400,1.00213805742
439187,439194,442475,7,3281,2,14400,1.00213349589
439402,439408,442531,6,3123,2,14400,1.00192122959
439447,439454,442595,7,3141,2,14400,1.00222858962
439462,439469,442557,7,3088,2,14400,1.00226683938
439522,439528,442569,6,3041,2,14400,1.00197303519
439579,439585,442891,6,3306,2,14400,1.00181488203
439594,439600,442503,6,2903,2,14400,1.00206682742
439682,439689,442820,7,3131,2,14400,1.00223570744
439724,439730,442754,6,3024,2,14400,1.00198412698
439760,439766,442575,6,2809,2,14400,1.00213599146
439908,439914,442889,6,2975,2,14400,1.00201680672
440074,440080,443301,6,3221,2,14400,1.00186277554
440076,440087,443418,11,3331,2,14400,1.00330231162
440118,440124,443108,6,2984,2,14400,1.00201072386
440139,455586,455592,15447,6,8,432000,1545.3
440167,440175,442955,8,2780,2,14400,1.00287769784
440202,440208,443369,6,3161,2,14400,1.0018981335
440259,440266,443388,7,3122,2,14400,1.00224215247
440310,440316,443538,6,3222,2,14400,1.00186219739
440379,440387,443352,8,2965,2,14400,1.00269814503
440425,440431,443405,6,2974,2,14400,1.00201748487
440461,440467,443481,6,3014,2,14400,1.00199071002
440675,440682,443729,7,3047,2,14400,1.00229734165
440693,440700,440706,7,6,1,3600,1.3
440727,440733,443801,6,3068,2,14400,1.00195567145
440757,440763,440940,6,177,2,14400,1.03389830508
440810,440817,440942,7,125,1,3600,1.056
440853,440859,444016,6,3157,2,14400,1.00190053849
440941,440952,443892,11,2940,2,14400,1.0037414966
441064,441071,441372,7,301,1,3600,1.02325581395
441237,441244,444639,7,3395,2,14400,1.00206185567
441339,441346,444547,7,3201,2,14400,1.00218681662
441366,441372,444502,6,3130,2,14400,1.00191693291
441592,441598,442223,6,625,1,3600,1.0096
441631,441638,445058,7,3420,2,14400,1.00204678363
441725,441732,444605,7,2873,2,14400,1.00243647755
441782,441790,444928,8,3138,2,14400,1.00254939452
441849,441856,444939,7,3083,2,14400,1.00227051573
441873,441879,445085,6,3206,2,14400,1.00187149095
442005,442013,445087,8,3074,2,14400,1.00260247235
442020,442026,445236,6,3210,2,14400,1.00186915888
442035,442042,445063,7,3021,2,14400,1.00231711354
442062,442068,445112,6,3044,2,14400,1.00197109067
442089,442095,445210,6,3115,2,14400,1.00192616372
442285,442292,445412,7,3120,2,14400,1.00224358974
442451,442458,445516,7,3058,2,14400,1.00228907783
442478,442484,445554,6,3070,2,14400,1.00195439739
442505,442511,445478,6,2967,2,14400,1.00202224469
442532,442539,445726,7,3187,2,14400,1.00219642297
442559,442566,445605,7,3039,2,14400,1.00230338927
442574,442581,445575,7,2994,2,14400,1.00233800935
442589,442596,445836,7,3240,2,14400,1.00216049383
442604,442611,445741,7,3130,2,14400,1.00223642173
442736,442768,446374,32,3606,1,3600,1.00887409872
442755,442762,445492,7,2730,2,14400,1.00256410256
442822,442829,445755,7,2926,2,14400,1.0023923445
442891,442898,446099,7,3201,2,14400,1.00218681662
442892,442904,445881,12,2977,2,14400,1.00403090359
442959,442965,445635,6,2670,2,14400,1.00224719101
443110,443116,445904,6,2788,2,14400,1.00215208034
443303,443310,446226,7,2916,2,14400,1.0024005487
443354,443361,446375,7,3014,2,14400,1.00232249502
443372,443379,446807,7,3428,2,14400,1.002042007
443390,443396,446751,6,3355,2,14400,1.00178837556
443408,443414,446571,6,3157,2,14400,1.00190053849
443423,443429,446566,6,3137,2,14400,1.0019126554
443483,443489,446483,6,2994,2,14400,1.00200400802
443540,443548,446602,8,3054,2,14400,1.00261951539
443732,443738,446678,6,2940,2,14400,1.00204081633
443803,443809,446905,6,3096,2,14400,1.0019379845
443895,443901,446930,6,3029,2,14400,1.00198085177
444018,444026,447111,8,3085,2,14400,1.00259319287
444279,444286,444293,7,7,1,1800,1.4
444453,444460,444536,7,76,1,1800,1.09210526316
444505,444513,447355,8,2842,2,14400,1.00281491907
444552,444559,447751,7,3192,2,14400,1.00219298246
444606,444613,447642,7,3029,2,14400,1.00231099373
444642,444648,447574,6,2926,2,14400,1.002050581
444764,444770,444868,6,98,1,1800,1.0612244898
444929,444936,447846,7,2910,2,14400,1.00240549828
444944,444951,448112,7,3161,2,14400,1.00221448909
445059,445066,448103,7,3037,2,14400,1.00230490616
445074,445081,448261,7,3180,2,14400,1.00220125786
445089,445095,448069,6,2974,2,14400,1.00201748487
445090,445102,448419,12,3317,2,14400,1.00361772686
445114,445120,447987,6,2867,2,14400,1.00209277991
445210,445216,448441,6,3225,2,14400,1.00186046512
445237,445244,448263,7,3019,2,14400,1.00231864856
445354,445360,445736,6,376,1,1800,1.01595744681
445416,445422,448392,6,2970,2,14400,1.00202020202
445479,445485,448321,6,2836,2,14400,1.00211565585
445494,445500,448582,6,3082,2,14400,1.0019467878
445518,445524,448816,6,3292,2,14400,1.00182260024
445557,445563,448574,6,3011,2,14400,1.00199269346
445578,445585,448904,7,3319,2,14400,1.002109069
445608,445616,448747,8,3131,2,14400,1.00255509422
445636,445642,448791,6,3149,2,14400,1.00190536678
445729,445735,448839,6,3104,2,14400,1.00193298969
445745,445752,448441,7,2689,2,14400,1.00260319821
445760,445766,448660,6,2894,2,14400,1.00207325501
445839,445845,448800,6,2955,2,14400,1.00203045685
445884,445890,449047,6,3157,2,14400,1.00190053849
445905,445911,449068,6,3157,2,14400,1.00190053849
446101,446108,448893,7,2785,2,14400,1.00251346499
446228,446235,449476,7,3241,2,14400,1.00215982721
446366,446372,446379,6,7,1,1800,1.3
446376,446384,449284,8,2900,2,14400,1.00275862069
446483,446489,446584,6,95,1,3600,1.06315789474
446485,446496,449547,11,3051,2,14400,1.00360537529
446541,446549,446591,8,42,1,1800,1.19047619048
446569,446576,449566,7,2990,2,14400,1.00234113712
446584,446590,449523,6,2933,2,14400,1.00204568701
446605,446613,449721,8,3108,2,14400,1.00257400257
446681,446687,449702,6,3015,2,14400,1.00199004975
446711,446717,447005,6,288,1,3600,1.02083333333
446753,446760,449811,7,3051,2,14400,1.00229432973
446810,446817,449547,7,2730,2,14400,1.00256410256
446823,446829,446907,6,78,1,1800,1.07692307692
446907,446917,450043,10,3126,2,14400,1.00319897633
446931,446938,449873,7,2935,2,14400,1.00238500852
447112,447119,450510,7,3391,2,14400,1.00206428782
447282,447288,447818,6,530,1,3600,1.01132075472
447357,447363,450349,6,2986,2,14400,1.00200937709
447527,447534,447787,7,253,1,1800,1.02766798419
447577,447583,450374,6,2791,2,14400,1.00214976711
447643,447649,450431,6,2782,2,14400,1.00215672178
447752,447759,450855,7,3096,2,14400,1.00226098191
447849,447855,448290,6,435,2,14400,1.01379310345
447987,447995,451050,8,3055,2,14400,1.00261865794
448072,448078,451158,6,3080,2,14400,1.00194805195
448105,448111,451006,6,2895,2,14400,1.00207253886
448120,448127,451213,7,3086,2,14400,1.00226830849
448262,448268,451213,6,2945,2,14400,1.00203735144
448277,448283,451244,6,2961,2,14400,1.00202634245
448292,448298,451217,6,2919,2,14400,1.00205549846
448322,448329,451421,7,3092,2,14400,1.00226390686
448395,448402,451473,7,3071,2,14400,1.00227938782
448422,448429,451490,7,3061,2,14400,1.00228683437
448443,448449,451334,6,2885,2,14400,1.0020797227
448444,448456,451561,12,3105,2,14400,1.0038647343
448574,448580,451714,6,3134,2,14400,1.00191448628
448589,448595,451555,6,2960,2,14400,1.00202702703
448662,448668,451843,6,3175,2,14400,1.00188976378
448749,448755,452006,6,3251,2,14400,1.00184558597
448791,448797,451825,6,3028,2,14400,1.00198150594
448806,448813,451798,7,2985,2,14400,1.00234505863
448821,448827,452031,6,3204,2,14400,1.00187265918
448842,448848,451774,6,2926,2,14400,1.002050581
448894,448900,452079,6,3179,2,14400,1.00188738597
448909,448915,451787,6,2872,2,14400,1.00208913649
449048,449054,452210,6,3156,2,14400,1.00190114068
449069,449075,452213,6,3138,2,14400,1.00191204589
449286,449292,452635,6,3343,2,14400,1.00179479509
449479,449485,452767,6,3282,2,14400,1.00182815356
449525,449531,452624,6,3093,2,14400,1.00193986421
449549,449555,452719,6,3164,2,14400,1.00189633375
449550,449561,452589,11,3028,2,14400,1.0036327609
449568,449574,452401,6,2827,2,14400,1.00212239123
449704,449710,452745,6,3035,2,14400,1.00197693575
449722,449728,452656,6,2928,2,14400,1.00204918033
449812,449819,452878,7,3059,2,14400,1.00228832952
449876,449883,452884,7,3001,2,14400,1.00233255581
450045,450052,453108,7,3056,2,14400,1.00229057592
450350,450357,453459,7,3102,2,14400,1.00225660864
450377,450384,453119,7,2735,2,14400,1.00255941499
450434,450440,453462,6,3022,2,14400,1.00198544011
450513,450519,453500,6,2981,2,14400,1.0020127474
450856,450863,453982,7,3119,2,14400,1.00224430907
451007,451013,453905,6,2892,2,14400,1.0020746888
451052,451060,454163,8,3103,2,14400,1.00257815018
451158,451164,454248,6,3084,2,14400,1.00194552529
451216,451223,454433,7,3210,2,14400,1.00218068536
451217,451230,454638,13,3408,2,14400,1.00381455399
451232,451238,454360,6,3122,2,14400,1.00192184497
451247,451253,454215,6,2962,2,14400,1.00202565834
451334,451341,454535,7,3194,2,14400,1.00219160927
451422,451428,454212,6,2784,2,14400,1.00215517241
451476,451482,454598,6,3116,2,14400,1.00192554557
451491,451498,454597,7,3099,2,14400,1.00225879316
451558,451564,454334,6,2770,2,14400,1.00216606498
451572,451579,454647,7,3068,2,14400,1.00228161669
451718,451724,454699,6,2975,2,14400,1.00201680672
451775,451781,454975,6,3194,2,14400,1.00187852223
451790,451796,454537,6,2741,2,14400,1.00218898212
451805,451812,454470,7,2658,2,14400,1.00263355907
451826,451833,454837,7,3004,2,14400,1.00233022636
451844,451850,455138,6,3288,2,14400,1.00182481752
452007,452013,455102,6,3089,2,14400,1.00194237617
452034,452041,455330,7,3289,2,14400,1.00212830648
452082,452089,454892,7,2803,2,14400,1.0024973243
452213,452220,455113,7,2893,2,14400,1.0024196336
452227,452234,455470,7,3236,2,14400,1.0021631644
452402,452408,455682,6,3274,2,14400,1.00183262065
452592,452600,455463,8,2863,2,14400,1.00279427174
452625,452633,455796,8,3163,2,14400,1.00252924439
452640,452646,455639,6,2993,2,14400,1.00200467758
452658,452664,455693,6,3029,2,14400,1.00198085177
452722,452729,455968,7,3239,2,14400,1.00216116085
452746,452753,455650,7,2897,2,14400,1.00241629272
452770,452777,455932,7,3155,2,14400,1.00221870048
452882,452888,456113,6,3225,2,14400,1.00186046512
452883,452895,455839,12,2944,2,14400,1.00407608696
453110,453117,456142,7,3025,2,14400,1.00231404959
453125,453131,456365,6,3234,2,14400,1.00185528757
453460,453466,456516,6,3050,2,14400,1.00196721311
453475,453481,456473,6,2992,2,14400,1.00200534759
453502,453508,456632,6,3124,2,14400,1.0019206146
453906,453912,456918,6,3006,2,14400,1.00199600798
453985,453992,456867,7,2875,2,14400,1.00243478261
454166,454173,457259,7,3086,2,14400,1.00226830849
454214,454220,457385,6,3165,2,14400,1.0018957346
454229,454235,457183,6,2948,2,14400,1.00203527815
454250,454256,457390,6,3134,2,14400,1.00191448628
454337,454345,457279,8,2934,2,14400,1.00272665303
454362,454368,457390,6,3022,2,14400,1.00198544011
454434,454441,457576,7,3135,2,14400,1.00223285486
454473,454480,457655,7,3175,2,14400,1.00220472441
454537,454543,456383,6,1840,2,14400,1.00326086957
454552,454559,457702,7,3143,2,14400,1.00222717149
454600,454607,457849,7,3242,2,14400,1.00215916101
454602,454614,457613,12,2999,2,14400,1.00400133378
454641,454648,457600,7,2952,2,14400,1.00237127371
454656,454662,457605,6,2943,2,14400,1.00203873598
454701,454708,457801,7,3093,2,14400,1.00226317491
454840,454846,457703,6,2857,2,14400,1.00210010501
454894,454901,457930,7,3029,2,14400,1.00231099373
454975,454982,458138,7,3156,2,14400,1.00221799747
455105,455112,458506,7,3394,2,14400,1.00206246317
455120,455127,458175,7,3048,2,14400,1.00229658793
455141,455148,458122,7,2974,2,14400,1.00235373235
455331,455337,458595,6,3258,2,14400,1.00184162063
455464,455470,458569,6,3099,2,14400,1.00193610842
455479,455486,458403,7,2917,2,14400,1.00239972575
455642,455648,458765,6,3117,2,14400,1.00192492782
455657,455663,459049,6,3386,2,14400,1.00177200236
455684,455691,458855,7,3164,2,14400,1.00221238938
455699,455705,459070,6,3365,2,14400,1.00178306092
455798,455806,458895,8,3089,2,14400,1.0025898349
455841,455847,458985,6,3138,2,14400,1.00191204589
455934,455940,456387,6,447,2,14400,1.01342281879
455970,455976,458791,6,2815,2,14400,1.00213143872
456115,456122,459344,7,3222,2,14400,1.00217256363
456145,456152,459104,7,2952,2,14400,1.00237127371
456368,456376,459842,8,3466,2,14400,1.00230813618
456383,456390,459219,7,2829,2,14400,1.00247437257
456398,456404,459093,6,2689,2,14400,1.00223131276
456477,456483,459420,6,2937,2,14400,1.00204290092
456516,456522,459827,6,3305,2,14400,1.00181543116
456634,456640,459854,6,3214,2,14400,1.00186683261
456869,456876,459846,7,2970,2,14400,1.00235690236
456920,456926,460070,6,3144,2,14400,1.00190839695
457185,457192,460212,7,3020,2,14400,1.00231788079
457261,457268,460242,7,2974,2,14400,1.00235373235
457282,457288,460692,6,3404,2,14400,1.0017626322
457387,457395,460243,8,2848,2,14400,1.00280898876
457403,457410,460450,7,3040,2,14400,1.00230263158
457404,457416,460290,12,2874,2,14400,1.00417536534
457579,457586,460535,7,2949,2,14400,1.002373686
457603,457609,460714,6,3105,2,14400,1.00193236715
457618,457624,460441,6,2817,2,14400,1.00212992545
457620,457630,460549,10,2919,2,14400,1.00342583076
457656,457662,460894,6,3232,2,14400,1.00185643564
457704,457711,460817,7,3106,2,14400,1.00225370251
457706,457718,460919,12,3201,2,14400,1.00374882849
457802,457808,460822,6,3014,2,14400,1.00199071002
457850,457857,461132,7,3275,2,14400,1.00213740458
457932,457939,460978,7,3039,2,14400,1.00230338927
458125,458132,461155,7,3023,2,14400,1.00231558055
458140,458147,461087,7,2940,2,14400,1.00238095238
458176,458182,460906,6,2724,2,14400,1.00220264317
458406,458412,461448,6,3036,2,14400,1.00197628458
458508,458515,461357,7,2842,2,14400,1.00246305419
458571,458577,461279,6,2702,2,14400,1.00222057735
458598,458606,461609,8,3003,2,14400,1.00266400266
458767,458774,461662,7,2888,2,14400,1.00242382271
458791,458798,461712,7,2914,2,14400,1.00240219629
458858,458864,461665,6,2801,2,14400,1.00214209211
458897,458903,461890,6,2987,2,14400,1.00200870439
458987,458993,462238,6,3245,2,14400,1.00184899846
459051,459058,461920,7,2862,2,14400,1.00244584207
459072,459079,462207,7,3128,2,14400,1.00223785166
459093,459099,462275,6,3176,2,14400,1.00188916877
459108,459114,462331,6,3217,2,14400,1.0018650917
459219,459227,462453,8,3226,2,14400,1.00247985121
459346,459353,462412,7,3059,2,14400,1.00228832952
459422,459429,462250,7,2821,2,14400,1.00248138958
459829,459836,463059,7,3223,2,14400,1.00217188954
459844,459850,462436,6,2586,2,14400,1.00232018561
459859,459865,462806,6,2941,2,14400,1.00204012241
459860,459871,462958,11,3087,2,14400,1.00356333009
460072,460079,463367,7,3288,2,14400,1.00212895377
460213,460219,463051,6,2832,2,14400,1.00211864407
460244,460250,463363,6,3113,2,14400,1.00192740122
460245,460257,463523,12,3266,2,14400,1.00367421923
460290,460297,463067,7,2770,2,14400,1.00252707581
460444,460451,463366,7,2915,2,14400,1.00240137221
460459,460466,463409,7,2943,2,14400,1.00237852531
460538,460544,463533,6,2989,2,14400,1.00200736032
460553,460559,463627,6,3068,2,14400,1.00195567145
460694,460701,463609,7,2908,2,14400,1.00240715268
460716,460722,463217,6,2495,2,14400,1.00240480962
460818,460824,463996,6,3172,2,14400,1.00189155107
460833,460840,463791,7,2951,2,14400,1.00237207726
460896,460903,463759,7,2856,2,14400,1.00245098039
460911,460917,463814,6,2897,2,14400,1.00207110804
460926,460933,463854,7,2921,2,14400,1.00239643958
460980,460987,463996,7,3009,2,14400,1.00232635427
461088,461096,464142,8,3046,2,14400,1.00262639527
461134,461141,464129,7,2988,2,14400,1.00234270415
461158,461164,464266,6,3102,2,14400,1.00193423598
461294,461300,464439,6,3139,2,14400,1.00191143676
461357,461365,464308,8,2943,2,14400,1.00271831464
461451,461457,464306,6,2849,2,14400,1.00210600211
461611,461618,464839,7,3221,2,14400,1.00217323812
461663,461669,464534,6,2865,2,14400,1.00209424084
461677,461684,464478,7,2794,2,14400,1.00250536865
461714,461721,464918,7,3197,2,14400,1.00218955271
461892,461899,462354,7,455,2,14400,1.01538461538
461922,461929,465096,7,3167,2,14400,1.00221029365
462209,462215,465003,6,2788,2,14400,1.00215208034
462239,462245,465196,6,2951,2,14400,1.00203320908
462254,462260,465497,6,3237,2,14400,1.00185356812
462278,462284,465556,6,3272,2,14400,1.00183374083
462332,462339,465459,7,3120,2,14400,1.00224358974
462356,462363,465347,7,2984,2,14400,1.0023458445
462413,462419,465654,6,3235,2,14400,1.00185471406
462437,462444,465393,7,2949,2,14400,1.002373686
462455,462462,465410,7,2948,2,14400,1.00237449118
462809,462816,465746,7,2930,2,14400,1.0023890785
462959,462967,465552,8,2585,2,14400,1.00309477756
463053,463059,466014,6,2955,2,14400,1.00203045685
463068,463074,466408,6,3334,2,14400,1.00179964007
463070,463081,465817,11,2736,2,14400,1.00402046784
463217,463224,466163,7,2939,2,14400,1.0023817625
463366,463372,466688,6,3316,2,14400,1.00180940893
463381,463387,466391,6,3004,2,14400,1.00199733688
463382,463394,463861,12,467,2,14400,1.02569593148
463412,463420,466398,8,2978,2,14400,1.00268636669
463524,463531,466605,7,3074,2,14400,1.00227716331
463539,463546,466543,7,2997,2,14400,1.002335669
463612,463619,466822,7,3203,2,14400,1.00218545114
463630,463636,466578,6,2942,2,14400,1.00203942896
463759,463766,466636,7,2870,2,14400,1.00243902439
463792,463800,466920,8,3120,2,14400,1.00256410256
463817,463824,466914,7,3090,2,14400,1.00226537217
463856,463863,466704,7,2841,2,14400,1.00246392115
463870,463878,467012,8,3134,2,14400,1.00255264837
464309,464316,479436,7,15120,6,360000,1.00046296296
465523,465530,503451,7,37921,4,216000,1.00018459429
465561,465567,509515,6,43948,4,216000,1.00013652498
467642,467649,554083,7,86434,12,86400,1.00008098665
468333,468339,468348,6,9,16,324000,1.5
468852,468858,475989,6,7131,11,28800,1.00084139672
469695,469701,476386,6,6685,12,129600,1.00089753179
471012,471019,471123,7,104,2,1800,1.06730769231
471377,475819,799838,4442,324019,16,324000,1.01370907262
472423,472430,472536,7,106,4,1800,1.06603773585
472431,472549,472696,118,147,8,1800,1.80272108844
472436,476399,476525,3963,126,16,3600,32.4523809524
473284,473290,473421,6,131,8,1800,1.04580152672
473288,476537,476683,3249,146,16,1800,23.2534246575
473308,476694,476850,3386,156,16,1800,22.7051282051
479524,479530,521417,6,41887,1,360000,1.00014324253
481649,481656,482956,7,1300,16,14400,1.00538461538
484841,484847,676825,6,191978,1,504000,1.00003125358
485516,485522,489184,6,3662,24,28800,1.00163844894
485701,485707,489321,6,3614,1,3600,1.00166021029
488899,489196,492059,297,2863,8,10800,1.10373733846
492759,492766,496866,7,4100,8,14400,1.00170731707
492823,492830,493855,7,1025,8,7200,1.00682926829
494966,494972,497835,6,2863,8,10800,1.00209570381
504918,504924,504926,6,2,2,3540,1.0
507899,507905,508003,6,98,1,1800,1.0612244898
507901,507912,508009,11,97,1,1800,1.11340206186
507902,507917,508014,15,97,1,1800,1.15463917526
507938,507944,508043,6,99,2,1800,1.06060606061
507939,507950,508044,11,94,2,1800,1.1170212766
508026,508033,508155,7,122,16,1800,1.05737704918
508077,508084,508240,7,156,16,1800,1.04487179487
508078,508167,508308,89,141,16,1800,1.63120567376
508543,508549,508694,6,145,16,1800,1.04137931034
508863,508870,508969,7,99,1,1800,1.07070707071
508864,508881,508975,17,94,1,1800,1.18085106383
508870,508876,508995,6,119,2,1800,1.05042016807
508871,508899,509000,28,101,2,1800,1.27722772277
508876,508888,508989,12,101,4,1800,1.11881188119
508877,508894,509006,17,112,4,1800,1.15178571429
509053,509059,509204,6,145,4,1800,1.04137931034
509054,509066,509168,12,102,4,1800,1.11764705882
509061,509072,509209,11,137,8,1800,1.0802919708
509062,509077,509203,15,126,8,1800,1.11904761905
509600,509607,509734,7,127,8,1800,1.05511811024
509601,509614,509731,13,117,8,1800,1.11111111111
511585,511591,582186,6,70595,5,604800,1.00008499185
511749,511755,617818,6,106063,8,604800,1.00005657015
511818,511825,552135,7,40310,10,604800,1.00017365418
511834,511841,535211,7,23370,10,604800,1.00029952931
511889,511896,583276,7,71380,8,604800,1.00009806669
512660,559263,559395,46603,132,32,1800,354.053030303
512661,559406,559558,46745,152,32,1800,308.532894737
512662,559570,559716,46908,146,32,1800,322.287671233
512667,799850,800013,287183,163,64,1800,1762.85889571
512669,800024,800181,287355,157,64,1800,1831.2866242
512669,800192,800347,287523,155,64,1800,1855.98709677
512801,559730,559895,46929,165,32,1800,285.418181818
512803,559907,560075,47104,168,32,1800,281.380952381
512804,560087,560251,47283,164,32,1800,289.31097561
512807,800360,800505,287553,145,64,1800,1984.12413793
512809,800517,800660,287708,143,64,1800,2012.94405594
512810,800671,800839,287861,168,64,1800,1714.45833333
514404,514410,517458,6,3048,2,14400,1.00196850394
514405,514417,517421,12,3004,2,14400,1.00399467377
514407,514422,517508,15,3086,2,14400,1.00486066105
514408,514427,517591,19,3164,2,14400,1.00600505689
514409,514433,517645,24,3212,2,14400,1.00747198007
514411,514439,517642,28,3203,2,14400,1.00874180456
514412,514445,517487,33,3042,2,14400,1.01084812623
514414,514450,517497,36,3047,2,14400,1.0118148999
514415,514455,517575,40,3120,2,14400,1.01282051282
514416,514461,517347,45,2886,2,14400,1.01559251559
514418,514466,517616,48,3150,2,14400,1.01523809524
514419,514471,517928,52,3457,2,14400,1.01504194388
514421,514477,517538,56,3061,2,14400,1.01829467494
514422,514482,517363,60,2881,2,14400,1.02082610205
514423,514487,517685,64,3198,2,14400,1.02001250782
514425,514493,517668,68,3175,2,14400,1.02141732283
514426,514498,517553,72,3055,2,14400,1.02356792144
514428,514503,517555,75,3052,2,14400,1.0245740498
514429,514509,517654,80,3145,2,14400,1.02543720191
514430,514514,517623,84,3109,2,14400,1.02701833387
514432,514519,517678,87,3159,2,14400,1.02754036087
514433,514524,517739,91,3215,2,14400,1.02830482115
514435,514532,517715,97,3183,2,14400,1.03047439522
514436,514537,517550,101,3013,2,14400,1.03352140724
514437,514542,517644,105,3102,2,14400,1.03384912959
514439,514548,517713,109,3165,2,14400,1.03443917852
514440,514553,517434,113,2881,2,14400,1.03922249219
514441,514558,517255,117,2697,2,14400,1.04338153504
514443,514563,517320,120,2757,2,14400,1.04352557127
514444,514569,517745,125,3176,2,14400,1.03935768262
514446,514574,517421,128,2847,2,14400,1.0449596066
514447,514579,517641,132,3062,2,14400,1.04310907903
514448,514585,517841,137,3256,2,14400,1.04207616708
514450,514590,517647,140,3057,2,14400,1.04579653255
514451,514595,517675,144,3080,2,14400,1.04675324675
514452,514601,517593,149,2992,2,14400,1.04979946524
514454,514606,517532,152,2926,2,14400,1.05194805195
514455,514611,517979,156,3368,2,14400,1.04631828979
514457,514617,517557,160,2940,2,14400,1.05442176871
514458,514622,517701,164,3079,2,14400,1.05326404677
514783,528327,528330,13544,3,8,10800,1354.7
517259,517266,520085,7,2819,2,14400,1.00248315005
517322,517328,520302,6,2974,2,14400,1.00201748487
517349,517356,520606,7,3250,2,14400,1.00215384615
517364,517370,520423,6,3053,2,14400,1.00196528005
517422,517428,520402,6,2974,2,14400,1.00201748487
517423,517435,520463,12,3028,2,14400,1.00396301189
517438,517444,520363,6,2919,2,14400,1.00205549846
517459,517465,520154,6,2689,2,14400,1.00223131276
517489,517496,520514,7,3018,2,14400,1.00231941683
517504,517511,520387,7,2876,2,14400,1.00243393602
517519,517525,517539,6,14,2,14400,1.42857142857
517534,517540,520512,6,2972,2,14400,1.00201884253
517550,517556,520606,6,3050,2,14400,1.00196721311
517551,517562,520411,11,2849,2,14400,1.00386100386
517552,517568,520910,16,3342,2,14400,1.00478755236
517568,517574,520785,6,3211,2,14400,1.00186857677
517569,517581,520595,12,3014,2,14400,1.00398142004
517571,517586,520787,15,3201,2,14400,1.00468603561
517586,517593,520290,7,2697,2,14400,1.00259547646
517601,517608,520648,7,3040,2,14400,1.00230263158
517602,517614,520680,12,3066,2,14400,1.00391389432
517617,517624,520995,7,3371,2,14400,1.00207653515
517632,517638,520485,6,2847,2,14400,1.00210748156
517648,517654,521023,6,3369,2,14400,1.0017809439
517650,517661,520901,11,3240,2,14400,1.00339506173
517651,517666,520417,15,2751,2,14400,1.0054525627
517654,517672,520693,18,3021,2,14400,1.00595829196
517655,517677,520788,22,3111,2,14400,1.00707168113
517670,517684,520542,14,2858,2,14400,1.00489853044
517672,517689,520996,17,3307,2,14400,1.00514061083
517687,517696,520886,9,3190,2,14400,1.00282131661
517688,517701,520575,13,2874,2,14400,1.00452331246
517690,517706,520784,16,3078,2,14400,1.00519818064
517705,517712,520854,7,3142,2,14400,1.00222788033
517720,517726,520836,6,3110,2,14400,1.00192926045
517721,517732,520703,11,2971,2,14400,1.00370245709
517742,517749,520835,7,3086,2,14400,1.00226830849
517757,517763,520694,6,2931,2,14400,1.00204708291
517842,517849,520732,7,2883,2,14400,1.00242802636
517930,517936,520986,6,3050,2,14400,1.00196721311
517981,517987,520562,6,2575,2,14400,1.00233009709
520084,520091,523272,7,3181,2,14400,1.00220056586
520157,520163,523073,6,2910,2,14400,1.00206185567
520292,520298,523321,6,3023,2,14400,1.00198478333
520307,520313,523274,6,2961,2,14400,1.00202634245
520364,520372,523071,8,2699,2,14400,1.00296406076
520388,520395,523634,7,3239,2,14400,1.00216116085
520403,520409,523434,6,3025,2,14400,1.00198347107
520419,520431,523405,12,2974,2,14400,1.00403496974
520420,520438,523398,18,2960,2,14400,1.00608108108
520435,520444,523438,9,2994,2,14400,1.00300601202
520466,520472,523432,6,2960,2,14400,1.00202702703
520487,520493,523658,6,3165,2,14400,1.0018957346
520514,520527,523584,13,3057,2,14400,1.00425253517
520529,520535,523612,6,3077,2,14400,1.00194995125
520544,520550,523624,6,3074,2,14400,1.00195185426
520565,520571,523731,6,3160,2,14400,1.00189873418
520580,520586,523582,6,2996,2,14400,1.00200267023
520598,520605,523721,7,3116,2,14400,1.00224646983
520613,520619,523725,6,3106,2,14400,1.00193174501
520615,520626,523851,11,3225,2,14400,1.00341085271
520651,520657,523723,6,3066,2,14400,1.00195694716
520681,520687,523746,6,3059,2,14400,1.0019614253
520696,520703,523845,7,3142,2,14400,1.00222788033
520697,520710,523988,13,3278,2,14400,1.00396583282
520712,520719,523900,7,3181,2,14400,1.00220056586
520733,520740,523811,7,3071,2,14400,1.00227938782
520786,520793,523845,7,3052,2,14400,1.00229357798
520787,520799,523834,12,3035,2,14400,1.0039538715
520802,520808,523647,6,2839,2,14400,1.00211342022
520804,520815,523573,11,2758,2,14400,1.00398839739
520837,520843,523883,6,3040,2,14400,1.00197368421
520839,520849,523865,10,3016,2,14400,1.00331564987
520856,520864,523962,8,3098,2,14400,1.00258231117
520887,520893,523941,6,3048,2,14400,1.00196850394
520902,520908,524058,6,3150,2,14400,1.0019047619
520917,520924,523763,7,2839,2,14400,1.00246565692
520989,520995,523928,6,2933,2,14400,1.00204568701
521004,521012,524131,8,3119,2,14400,1.00256492466
521006,521018,523835,12,2817,2,14400,1.00425985091
521024,521030,524021,6,2991,2,14400,1.00200601805
523073,523079,526049,6,2970,2,14400,1.00202020202
523074,523086,526374,12,3288,2,14400,1.00364963504
523274,523280,526340,6,3060,2,14400,1.00196078431
523275,523287,526286,12,2999,2,14400,1.00400133378
523324,523330,523782,6,452,2,14400,1.01327433628
523399,523406,526264,7,2858,2,14400,1.00244926522
523414,523421,526462,7,3041,2,14400,1.00230187438
523433,523440,526337,7,2897,2,14400,1.00241629272
523448,523454,526415,6,2961,2,14400,1.00202634245
523450,523460,526298,10,2838,2,14400,1.00352360817
523573,523580,526392,7,2812,2,14400,1.00248933144
523589,523595,526622,6,3027,2,14400,1.00198216056
523590,523601,526527,11,2926,2,14400,1.0037593985
523614,523621,526445,7,2824,2,14400,1.00247875354
523629,523637,526553,8,2916,2,14400,1.00274348422
523645,523652,526775,7,3123,2,14400,1.00224143452
523660,523667,526659,7,2992,2,14400,1.00233957219
523661,523674,526824,13,3150,2,14400,1.00412698413
523677,523736,530714,59,6978,1,360000,1.00845514474
523721,523727,526738,6,3011,2,14400,1.00199269346
523737,523743,526868,6,3125,2,14400,1.00192
523738,523750,526842,12,3092,2,14400,1.00388098318
523739,523755,526718,16,2963,2,14400,1.0053999325
523754,523762,526687,8,2925,2,14400,1.00273504274
523769,523776,526528,7,2752,2,14400,1.00254360465
523784,523791,526921,7,3130,2,14400,1.00223642173
523812,523819,527042,7,3223,2,14400,1.00217188954
523836,523844,527189,8,3345,2,14400,1.0023916293
523838,523849,526688,11,2839,2,14400,1.00387460373
523853,523861,527136,8,3275,2,14400,1.00244274809
523855,523868,526902,13,3034,2,14400,1.00428477258
523856,523873,526777,17,2904,2,14400,1.00585399449
523871,523880,526660,9,2780,2,14400,1.00323741007
523886,523893,526681,7,2788,2,14400,1.0025107604
523901,523909,526780,8,2871,2,14400,1.00278648555
523929,523936,527182,7,3246,2,14400,1.00215650031
523943,523950,527001,7,3051,2,14400,1.00229432973
523965,523972,526953,7,2981,2,14400,1.0023482053
523989,523995,526918,6,2923,2,14400,1.0020526856
524022,524028,527165,6,3137,2,14400,1.0019126554
524058,524066,526859,8,2793,2,14400,1.00286430362
524131,524137,527125,6,2988,2,14400,1.00200803213
526052,526058,528968,6,2910,2,14400,1.00206185567
526266,526272,529194,6,2922,2,14400,1.00205338809
526287,526294,529234,7,2940,2,14400,1.00238095238
526302,526308,529212,6,2904,2,14400,1.0020661157
526338,526345,529272,7,2927,2,14400,1.00239152716
526353,526359,529479,6,3120,2,14400,1.00192307692
526377,526383,529411,6,3028,2,14400,1.00198150594
526395,526401,529767,6,3366,2,14400,1.00178253119
526416,526424,529443,8,3019,2,14400,1.00264988407
526447,526456,529601,9,3145,2,14400,1.00286168521
526465,526471,529735,6,3264,2,14400,1.00183823529
526528,526536,529465,8,2929,2,14400,1.00273130761
526530,526541,529499,11,2958,2,14400,1.00371872887
526554,526560,529755,6,3195,2,14400,1.00187793427
526624,526630,529600,6,2970,2,14400,1.00202020202
526660,526667,529691,7,3024,2,14400,1.00231481481
526662,526674,529620,12,2946,2,14400,1.00407331976
526683,526689,529648,6,2959,2,14400,1.00202771206
526699,526705,529581,6,2876,2,14400,1.00208623088
526700,526712,529674,12,2962,2,14400,1.00405131668
526721,526728,529926,7,3198,2,14400,1.00218886804
526739,526746,529672,7,2926,2,14400,1.0023923445
526779,526785,529879,6,3094,2,14400,1.00193923723
526780,526792,529684,12,2892,2,14400,1.00414937759
526795,526802,529660,7,2858,2,14400,1.00244926522
526826,526833,529870,7,3037,2,14400,1.00230490616
526844,526850,530065,6,3215,2,14400,1.00186625194
526862,526868,530017,6,3149,2,14400,1.00190536678
526877,526883,530198,6,3315,2,14400,1.00180995475
526904,526911,529946,7,3035,2,14400,1.00230642504
526919,526925,529902,6,2977,2,14400,1.0020154518
526934,526940,530037,6,3097,2,14400,1.00193735873
526955,526961,527417,6,456,2,14400,1.01315789474
527004,527011,529799,7,2788,2,14400,1.0025107604
527043,527050,529944,7,2894,2,14400,1.00241879751
527102,528332,528339,1230,7,1,3600,123.7
527128,527134,529839,6,2705,2,14400,1.0022181146
527143,527150,530367,7,3217,2,14400,1.00217594032
527167,527174,530066,7,2892,2,14400,1.00242047026
527186,527193,529977,7,2784,2,14400,1.00251436782
527200,527207,529989,7,2782,2,14400,1.00251617541
527418,527425,530433,7,3008,2,14400,1.00232712766
528443,528449,528575,6,126,1,3600,1.04761904762
528695,528701,529002,6,301,1,3600,1.01993355482
528970,528977,532069,7,3092,2,14400,1.00226390686
529196,529207,532142,11,2935,2,14400,1.00374787053
529214,529220,532120,6,2900,2,14400,1.00206896552
529222,529229,529860,7,631,1,3600,1.01109350238
529235,529241,532429,6,3188,2,14400,1.00188205772
529275,529282,532647,7,3365,2,14400,1.00208023774
529413,529420,532384,7,2964,2,14400,1.00236167341
529444,529451,532776,7,3325,2,14400,1.00210526316
529468,529474,532370,6,2896,2,14400,1.0020718232
529483,529489,532786,6,3297,2,14400,1.00181983621
529501,529508,532377,7,2869,2,14400,1.00243987452
529582,529589,532300,7,2711,2,14400,1.00258207304
529600,529608,532854,8,3246,2,14400,1.00246457178
529615,529622,532454,7,2832,2,14400,1.00247175141
529631,529637,532503,6,2866,2,14400,1.00209351012
529649,529656,532853,7,3197,2,14400,1.00218955271
529664,529670,532753,6,3083,2,14400,1.00194615634
529679,529686,532829,7,3143,2,14400,1.00222717149
529680,529693,532444,13,2751,2,14400,1.00472555434
529696,529702,532622,6,2920,2,14400,1.00205479452
529697,529710,532696,13,2986,2,14400,1.00435365037
529736,529742,532644,6,2902,2,14400,1.00206753963
529757,529764,532560,7,2796,2,14400,1.00250357654
529772,529779,532994,7,3215,2,14400,1.00217729393
529800,529807,532906,7,3099,2,14400,1.00225879316
529842,529848,533121,6,3273,2,14400,1.00183318057
529872,529878,532866,6,2988,2,14400,1.00200803213
529887,529894,533261,7,3367,2,14400,1.00207900208
529905,529911,532983,6,3072,2,14400,1.001953125
529929,529935,533002,6,3067,2,14400,1.0019563091
529944,529951,533284,7,3333,2,14400,1.00210021002
529959,529966,532902,7,2936,2,14400,1.00238419619
529977,529985,533156,8,3171,2,14400,1.00252286345
529992,529999,533231,7,3232,2,14400,1.00216584158
530020,530026,533179,6,3153,2,14400,1.00190294957
530038,530044,532987,6,2943,2,14400,1.00203873598
530068,530074,532994,6,2920,2,14400,1.00205479452
530069,530080,532941,11,2861,2,14400,1.00384480951
530200,530206,533144,6,2938,2,14400,1.00204220558
530369,530375,533559,6,3184,2,14400,1.00188442211
530382,530389,530395,7,6,1,3600,1.3
530436,530442,533467,6,3025,2,14400,1.00198347107
530494,530501,530595,7,94,1,3600,1.07446808511
530641,530648,530655,7,7,1,1800,1.4
530715,530721,531003,6,282,1,3600,1.02127659574
530811,530818,530894,7,76,1,1800,1.09210526316
531103,531111,531208,8,97,1,3600,1.0824742268
531119,531126,531220,7,94,1,1800,1.07446808511
531285,531292,531913,7,621,1,3600,1.01127214171
531325,531331,531674,6,343,1,3600,1.01749271137
531743,531749,532128,6,379,1,1800,1.01583113456
531951,531958,532482,7,524,1,3600,1.01335877863
532071,532077,535128,6,3051,2,14400,1.00196656834
532122,532129,535147,7,3018,2,14400,1.00231941683
532144,532150,534952,6,2802,2,14400,1.00214132762
532300,532308,535139,8,2831,2,14400,1.00282585659
532373,532379,535663,6,3284,2,14400,1.00182704019
532388,532395,535586,7,3191,2,14400,1.0021936697
532390,532401,535276,11,2875,2,14400,1.00382608696
532432,532440,535356,8,2916,2,14400,1.00274348422
532447,532453,535602,6,3149,2,14400,1.00190536678
532462,532468,535239,6,2771,2,14400,1.00216528329
532504,532511,534879,7,2368,2,14400,1.00295608108
532561,532568,535438,7,2870,2,14400,1.00243902439
532625,532631,535526,6,2895,2,14400,1.00207253886
532646,532652,535579,6,2927,2,14400,1.00204988042
532661,532667,535393,6,2726,2,14400,1.00220102715
532697,532704,535879,7,3175,2,14400,1.00220472441
532755,532762,535743,7,2981,2,14400,1.0023482053
532770,532777,532782,7,5,1,1800,1.2
532778,532786,535907,8,3121,2,14400,1.002563281
532793,532800,535800,7,3000,2,14400,1.00233333333
532830,532836,536266,6,3430,2,14400,1.00174927114
532854,532861,536069,7,3208,2,14400,1.00218204489
532856,532867,536117,11,3250,2,14400,1.00338461538
532871,532877,535526,6,2649,2,14400,1.00226500566
532904,532916,533209,12,293,1,36000,1.0409556314
532904,532911,535945,7,3034,2,14400,1.00230718523
532919,532927,535832,8,2905,2,14400,1.00275387263
532943,532950,535994,7,3044,2,14400,1.00229960578
532946,532956,533004,10,48,1,1800,1.20833333333
532983,532989,536071,6,3082,2,14400,1.0019467878
532998,533005,535965,7,2960,2,14400,1.00236486486
533000,533014,536152,14,3138,2,14400,1.00446144041
533001,533019,536223,18,3204,2,14400,1.00561797753
533016,533026,535971,10,2945,2,14400,1.00339558574
533122,533129,535995,7,2866,2,14400,1.00244242847
533146,533152,536366,6,3214,2,14400,1.00186683261
533161,533168,535949,7,2781,2,14400,1.00251708019
533182,533188,536076,6,2888,2,14400,1.00207756233
533225,533231,533731,6,500,1,36000,1.012
533233,533241,536129,8,2888,2,14400,1.0027700831
533237,533574,533653,337,79,1,1800,5.26582278481
533264,533270,535998,6,2728,2,14400,1.00219941349
533285,533291,536299,6,3008,2,14400,1.00199468085
533469,533476,536597,7,3121,2,14400,1.00224287087
533560,533567,536320,7,2753,2,14400,1.00254268071
534267,534274,534517,7,243,1,1800,1.02880658436
534882,534889,538310,7,3421,2,14400,1.00204618533
534954,534961,537996,7,3035,2,14400,1.00230642504
535129,535136,538140,7,3004,2,14400,1.00233022636
535145,535151,538165,6,3014,2,14400,1.00199071002
535159,535166,538200,7,3034,2,14400,1.00230718523
535241,535247,537981,6,2734,2,14400,1.00219458669
535277,535283,538353,6,3070,2,14400,1.00195439739
535359,535366,538516,7,3150,2,14400,1.00222222222
535395,535401,538443,6,3042,2,14400,1.00197238659
535441,535447,538629,6,3182,2,14400,1.00188560654
535529,535536,538342,7,2806,2,14400,1.00249465431
535530,535543,538456,13,2913,2,14400,1.00446275318
535582,535588,538578,6,2990,2,14400,1.00200668896
535597,535603,538746,6,3143,2,14400,1.00190900414
535611,535618,538449,7,2831,2,14400,1.00247262451
535666,535672,538704,6,3032,2,14400,1.00197889182
535744,535751,538903,7,3152,2,14400,1.00222081218
535802,535808,538993,6,3185,2,14400,1.00188383046
535835,535841,538686,6,2845,2,14400,1.00210896309
535880,535887,538975,7,3088,2,14400,1.00226683938
535907,535914,539216,7,3302,2,14400,1.00211992732
535947,535953,538921,6,2968,2,14400,1.00202156334
535962,535969,539061,7,3092,2,14400,1.00226390686
535977,535983,538955,6,2972,2,14400,1.00201884253
535978,535990,539106,12,3116,2,14400,1.00385109114
535997,536004,539160,7,3156,2,14400,1.00221799747
535998,536011,538809,13,2798,2,14400,1.00464617584
536013,536020,539278,7,3258,2,14400,1.0021485574
536071,536079,539209,8,3130,2,14400,1.00255591054
536086,536093,539235,7,3142,2,14400,1.00222788033
536088,536099,538777,11,2678,2,14400,1.00410754294
536115,536122,539178,7,3056,2,14400,1.00229057592
536130,536136,539101,6,2965,2,14400,1.00202360877
536154,536161,539278,7,3117,2,14400,1.00224574912
536224,536231,539110,7,2879,2,14400,1.00243139979
536267,536273,539298,6,3025,2,14400,1.00198347107
536300,536307,539562,7,3255,2,14400,1.00215053763
536321,536328,539546,7,3218,2,14400,1.00217526414
536366,536372,539600,6,3228,2,14400,1.00185873606
536599,536606,539357,7,2751,2,14400,1.00254452926
537981,537989,540805,8,2816,2,14400,1.00284090909
537999,538006,541068,7,3062,2,14400,1.00228608752
538141,538147,541118,6,2971,2,14400,1.00201952205
538166,538173,541399,7,3226,2,14400,1.00216986981
538202,538209,541265,7,3056,2,14400,1.00229057592
538314,538321,541447,7,3126,2,14400,1.00223928343
538344,538350,541300,6,2950,2,14400,1.00203389831
538359,538366,541248,7,2882,2,14400,1.00242886884
538444,538451,541544,7,3093,2,14400,1.00226317491
538459,538466,541504,7,3038,2,14400,1.00230414747
538461,538473,541741,12,3268,2,14400,1.00367197062
538518,538525,541537,7,3012,2,14400,1.00232403718
538579,538586,541552,7,2966,2,14400,1.00236008092
538630,538636,541677,6,3041,2,14400,1.00197303519
538676,538683,538726,7,43,1,1800,1.16279069767
538687,538699,542101,12,3402,2,14400,1.00352733686
538706,538712,541863,6,3151,2,14400,1.00190415741
538748,538754,541891,6,3137,2,14400,1.0019126554
538778,538784,541682,6,2898,2,14400,1.00207039337
538811,538818,542033,7,3215,2,14400,1.00217729393
538905,538912,541670,7,2758,2,14400,1.00253807107
538923,538929,541759,6,2830,2,14400,1.00212014134
538956,538963,541917,7,2954,2,14400,1.00236966825
538975,538982,539060,7,78,1,1800,1.08974358974
538977,538989,542080,12,3091,2,14400,1.00388223876
538995,539001,542031,6,3030,2,14400,1.00198019802
539065,539072,542197,7,3125,2,14400,1.00224
539104,539110,541705,6,2595,2,14400,1.00231213873
539119,539126,542067,7,2941,2,14400,1.00238014281
539121,539132,542047,11,2915,2,14400,1.00377358491
539160,539167,542006,7,2839,2,14400,1.00246565692
539181,539189,542342,8,3153,2,14400,1.0025372661
539212,539219,542105,7,2886,2,14400,1.00242550243
539227,539233,542439,6,3206,2,14400,1.00187149095
539242,539248,542015,6,2767,2,14400,1.00216841344
539281,539288,542339,7,3051,2,14400,1.00229432973
539283,539295,542027,12,2732,2,14400,1.00439238653
539301,539307,542197,6,2890,2,14400,1.00207612457
539359,539366,542485,7,3119,2,14400,1.00224430907
539546,539552,542586,6,3034,2,14400,1.00197758734
539561,539568,542280,7,2712,2,14400,1.00258112094
539603,539610,542617,7,3007,2,14400,1.00232790156
539696,539704,539943,8,239,1,1800,1.03347280335
540758,552147,552156,11389,9,10,360000,1139.8
540808,540814,543860,6,3046,2,14400,1.00196979645
541070,541078,544470,8,3392,2,14400,1.00235849057
541119,541125,544356,6,3231,2,14400,1.00185701021
541248,541254,544216,6,2962,2,14400,1.00202565834
541266,541273,544281,7,3008,2,14400,1.00232712766
541303,541309,544251,6,2942,2,14400,1.00203942896
541402,541409,544144,7,2735,2,14400,1.00255941499
541448,541455,544828,7,3373,2,14400,1.00207530388
541505,541512,544732,7,3220,2,14400,1.00217391304
541538,541545,544335,7,2790,2,14400,1.00250896057
541553,541560,544569,7,3009,2,14400,1.00232635427
541555,541566,544563,11,2997,2,14400,1.003670337
541673,541680,544911,7,3231,2,14400,1.00216651192
541688,541694,544614,6,2920,2,14400,1.00205479452
541689,541701,544863,12,3162,2,14400,1.00379506641
541707,541713,545154,6,3441,2,14400,1.00174367916
541744,541750,544698,6,2948,2,14400,1.00203527815
541762,541769,544625,7,2856,2,14400,1.00245098039
541864,541870,545059,6,3189,2,14400,1.00188146754
541895,541901,545009,6,3108,2,14400,1.00193050193
541919,541925,544877,6,2952,2,14400,1.00203252033
542007,542013,544834,6,2821,2,14400,1.00212690535
542022,542029,544848,7,2819,2,14400,1.00248315005
542037,542043,544873,6,2830,2,14400,1.00212014134
542039,542050,544810,11,2760,2,14400,1.00398550725
542040,542055,545585,15,3530,2,14400,1.00424929178
542055,542062,545062,7,3000,2,14400,1.00233333333
542070,542076,544879,6,2803,2,14400,1.00214056368
542085,542091,545272,6,3181,2,14400,1.00188619931
542104,542110,545307,6,3197,2,14400,1.00187675946
542118,542126,545238,8,3112,2,14400,1.00257069409
542200,542208,545412,8,3204,2,14400,1.0024968789
542202,542215,545253,13,3038,2,14400,1.00427913101
542284,542290,545404,6,3114,2,14400,1.00192678227
542341,542348,545238,7,2890,2,14400,1.00242214533
542356,542362,545416,6,3054,2,14400,1.00196463654
542440,542447,545301,7,2854,2,14400,1.00245269797
542486,542492,545289,6,2797,2,14400,1.00214515552
542589,542596,545169,7,2573,2,14400,1.00272055966
542619,542625,545746,6,3121,2,14400,1.00192246075
543863,543870,546972,7,3102,2,14400,1.00225660864
544147,544154,547095,7,2941,2,14400,1.00238014281
544216,544224,547132,8,2908,2,14400,1.00275103164
544253,544259,546997,6,2738,2,14400,1.00219138057
544283,544289,547137,6,2848,2,14400,1.00210674157
544337,544343,547096,6,2753,2,14400,1.00217944061
544358,544365,547439,7,3074,2,14400,1.00227716331
544473,544479,547257,6,2778,2,14400,1.00215982721
544564,544571,547695,7,3124,2,14400,1.00224071703
544579,544585,547585,6,3000,2,14400,1.002
544615,544621,547327,6,2706,2,14400,1.0022172949
544630,544636,547463,6,2827,2,14400,1.00212239123
544700,544706,547623,6,2917,2,14400,1.00205690778
544733,544739,547546,6,2807,2,14400,1.00213751336
544811,544819,548005,8,3186,2,14400,1.00251098556
544830,544836,547970,6,3134,2,14400,1.00191448628
544844,544852,547796,8,2944,2,14400,1.0027173913
544859,544867,547972,8,3105,2,14400,1.00257648953
544874,544881,547544,7,2663,2,14400,1.00262861434
544876,544889,547682,13,2793,2,14400,1.00465449338
544891,544897,548222,6,3325,2,14400,1.00180451128
544893,544905,547885,12,2980,2,14400,1.00402684564
544914,544920,547981,6,3061,2,14400,1.00196014374
545010,545017,548183,7,3166,2,14400,1.00221099179
545062,545068,548255,6,3187,2,14400,1.00188264826
545063,545075,548030,12,2955,2,14400,1.00406091371
545157,545163,548244,6,3081,2,14400,1.00194741967
545172,545179,548079,7,2900,2,14400,1.0024137931
545239,545246,548519,7,3273,2,14400,1.00213871066
545240,545253,548195,13,2942,2,14400,1.00441876275
545255,545263,548358,8,3095,2,14400,1.00258481422
545273,545280,548524,7,3244,2,14400,1.00215782984
545291,545297,548158,6,2861,2,14400,1.00209716882
545306,545312,548478,6,3166,2,14400,1.00189513582
545321,545327,548131,6,2804,2,14400,1.00213980029
545406,545412,548145,6,2733,2,14400,1.00219538968
545421,545428,548335,7,2907,2,14400,1.00240798074
545423,545434,548225,11,2791,2,14400,1.0039412397
545586,545592,546908,6,1316,2,14400,1.00455927052
545747,545754,548714,7,2960,2,14400,1.00236486486
546912,546918,549887,6,2969,2,14400,1.00202088245
546972,546980,550072,8,3092,2,14400,1.00258732212
546999,547006,550149,7,3143,2,14400,1.00222717149
547096,547103,550059,7,2956,2,14400,1.00236806495
547097,547110,549637,13,2527,2,14400,1.00514444005
547134,547140,550079,6,2939,2,14400,1.00204151072
547149,547155,550415,6,3260,2,14400,1.0018404908
547257,547264,550161,7,2897,2,14400,1.00241629272
547330,547336,547790,6,454,2,14400,1.01321585903
547439,547446,550556,7,3110,2,14400,1.00225080386
547466,547472,550748,6,3276,2,14400,1.00183150183
547545,547552,550347,7,2795,2,14400,1.00250447227
547560,547567,550608,7,3041,2,14400,1.00230187438
547587,547593,550781,6,3188,2,14400,1.00188205772
547626,547632,550755,6,3123,2,14400,1.00192122959
547684,547691,550948,7,3257,2,14400,1.00214921707
547699,547705,550614,6,2909,2,14400,1.00206256446
547791,547798,550782,7,2984,2,14400,1.0023458445
547806,547812,551081,6,3269,2,14400,1.00183542368
547888,547895,550883,7,2988,2,14400,1.00234270415
547955,548003,559250,48,11247,32,86400,1.00426780475
547973,547979,551067,6,3088,2,14400,1.00194300518
547974,547987,551165,13,3178,2,14400,1.00409062303
547989,547996,550899,7,2903,2,14400,1.00241129866
548008,548014,551091,6,3077,2,14400,1.00194995125
548032,548038,551146,6,3108,2,14400,1.00193050193
548080,548086,551149,6,3063,2,14400,1.00195886386
548135,548142,551276,7,3134,2,14400,1.00223356733
548150,548157,551308,7,3151,2,14400,1.00222151698
548165,548171,551302,6,3131,2,14400,1.00191632066
548186,548193,551414,7,3221,2,14400,1.00217323812
548201,548207,551224,6,3017,2,14400,1.00198873053
548226,548233,551334,7,3101,2,14400,1.00225733634
548227,548240,551048,13,2808,2,14400,1.00462962963
548245,548252,551250,7,2998,2,14400,1.00233488993
548260,548267,551334,7,3067,2,14400,1.00228236061
548339,548346,551399,7,3053,2,14400,1.00229282673
548360,548366,551526,6,3160,2,14400,1.00189873418
548481,548487,551755,6,3268,2,14400,1.00183598531
548520,548527,551381,7,2854,2,14400,1.00245269797
548535,548542,551661,7,3119,2,14400,1.00224430907
548717,548724,551656,7,2932,2,14400,1.00238744884
549638,549650,552701,12,3051,2,14400,1.00393313668
549889,549895,552997,6,3102,2,14400,1.00193423598
550061,550068,552994,7,2926,2,14400,1.0023923445
550076,550083,553156,7,3073,2,14400,1.00227790433
550091,550098,553011,7,2913,2,14400,1.00240302094
550151,550158,553086,7,2928,2,14400,1.00239071038
550166,550173,553460,7,3287,2,14400,1.00212960146
550351,550357,553210,6,2853,2,14400,1.00210304942
550417,550424,553253,7,2829,2,14400,1.00247437257
550556,550562,553758,6,3196,2,14400,1.00187734668
550611,550620,553667,9,3047,2,14400,1.00295372498
550626,550632,553431,6,2799,2,14400,1.00214362272
550750,550756,554109,6,3353,2,14400,1.00178944229
550765,550771,554014,6,3243,2,14400,1.00185013876
550783,550789,553785,6,2996,2,14400,1.00200267023
550784,550796,554106,12,3310,2,14400,1.00362537764
550886,550892,553888,6,2996,2,14400,1.00200267023
550901,550907,553988,6,3081,2,14400,1.00194741967
550949,550955,553977,6,3022,2,14400,1.00198544011
551049,551055,554228,6,3173,2,14400,1.00189095493
551070,551077,554231,7,3154,2,14400,1.00221940393
551085,551091,554189,6,3098,2,14400,1.00193673338
551100,551106,554034,6,2928,2,14400,1.00204918033
551148,551155,554053,7,2898,2,14400,1.00241545894
551164,551170,554071,6,2901,2,14400,1.00206825233
551179,551185,553916,6,2731,2,14400,1.00219699744
551227,551233,554425,6,3192,2,14400,1.00187969925
551251,551258,554507,7,3249,2,14400,1.00215450908
551279,551286,554287,7,3001,2,14400,1.00233255581
551303,551309,554346,6,3037,2,14400,1.00197563385
551318,551324,554190,6,2866,2,14400,1.00209351012
551336,551342,554512,6,3170,2,14400,1.00189274448
551337,551349,554460,12,3111,2,14400,1.00385728062
551383,551391,554286,8,2895,2,14400,1.00276338515
551401,551408,554712,7,3304,2,14400,1.00211864407
551416,551423,554491,7,3068,2,14400,1.00228161669
551529,551536,554607,7,3071,2,14400,1.00227938782
551659,551665,554351,6,2686,2,14400,1.00223380491
551674,551680,555000,6,3320,2,14400,1.00180722892
551756,551762,554738,6,2976,2,14400,1.00201612903
552704,552711,555807,7,3096,2,14400,1.00226098191
552997,553005,556403,8,3398,2,14400,1.00235432607
552999,553010,556000,11,2990,2,14400,1.00367892977
553014,553020,555984,6,2964,2,14400,1.0020242915
553086,553093,555860,7,2767,2,14400,1.00252981568
553103,554095,743587,992,189492,10,360000,1.0052350495
553159,553165,556420,6,3255,2,14400,1.00184331797
553211,553218,556208,7,2990,2,14400,1.00234113712
553256,553262,555933,6,2671,2,14400,1.00224634968
553434,553441,556776,7,3335,2,14400,1.00209895052
553462,553468,556433,6,2965,2,14400,1.00202360877
553670,553677,556847,7,3170,2,14400,1.00220820189
553761,553768,556827,7,3059,2,14400,1.00228832952
553788,553794,557133,6,3339,2,14400,1.00179694519
553891,553897,557074,6,3177,2,14400,1.00188857413
553918,553925,554803,7,878,2,14400,1.00797266515
553979,553985,557007,6,3022,2,14400,1.00198544011
553994,554001,556864,7,2863,2,14400,1.00244498778
554015,554021,557058,6,3037,2,14400,1.00197563385
554036,554043,556933,7,2890,2,14400,1.00242214533
554054,554061,556910,7,2849,2,14400,1.00245700246
554072,554079,557205,7,3126,2,14400,1.00223928343
554109,554115,557248,6,3133,2,14400,1.00191509735
554124,554131,557222,7,3091,2,14400,1.00226463928
554190,554197,557391,7,3194,2,14400,1.00219160927
554192,554204,557296,12,3092,2,14400,1.00388098318
554232,554240,557139,8,2899,2,14400,1.00275957227
554233,554247,557340,14,3093,2,14400,1.00452634982
554288,554294,557412,6,3118,2,14400,1.00192431046
554289,554301,557433,12,3132,2,14400,1.00383141762
554347,554353,557483,6,3130,2,14400,1.00191693291
554362,554369,557278,7,2909,2,14400,1.0024063252
554428,554435,557523,7,3088,2,14400,1.00226683938
554462,554468,557581,6,3113,2,14400,1.00192740122
554492,554499,557738,7,3239,2,14400,1.00216116085
554510,554516,557614,6,3098,2,14400,1.00193673338
554525,554531,557555,6,3024,2,14400,1.00198412698
554610,554616,557935,6,3319,2,14400,1.00180777343
554712,554720,557699,8,2979,2,14400,1.00268546492
554740,554746,557538,6,2792,2,14400,1.00214899713
554800,554806,557952,6,3146,2,14400,1.00190718373
555000,555006,558130,6,3124,2,14400,1.0019206146
555424,556434,772470,1010,216036,4,216000,1.00467514673
555742,559854,775876,4112,216022,4,216000,1.01903509828
555807,555814,558545,7,2731,2,14400,1.00256316368
555861,555867,558816,6,2949,2,14400,1.002034588
555937,555943,559040,6,3097,2,14400,1.00193735873
555985,555991,559035,6,3044,2,14400,1.00197109067
556000,556007,558766,7,2759,2,14400,1.00253715114
556209,556216,559167,7,2951,2,14400,1.00237207726
556405,556411,559454,6,3043,2,14400,1.00197173842
556423,556439,559461,16,3022,2,14400,1.00529450695
556438,556446,559434,8,2988,2,14400,1.00267737617
556776,556783,559714,7,2931,2,14400,1.00238826339
556825,556832,559842,7,3010,2,14400,1.0023255814
556849,556856,559880,7,3024,2,14400,1.00231481481
556867,556873,559902,6,3029,2,14400,1.00198085177
556913,556920,560278,7,3358,2,14400,1.00208457415
556934,556940,559983,6,3043,2,14400,1.00197173842
557009,557016,560311,7,3295,2,14400,1.00212443096
557061,557068,559975,7,2907,2,14400,1.00240798074
557076,557082,559920,6,2838,2,14400,1.0021141649
557136,557144,560217,8,3073,2,14400,1.00260331923
557151,557157,560018,6,2861,2,14400,1.00209716882
557206,557213,560010,7,2797,2,14400,1.00250268144
557224,557230,560340,6,3110,2,14400,1.00192926045
557251,557257,559927,6,2670,2,14400,1.00224719101
557281,557288,560247,7,2959,2,14400,1.00236566408
557299,557306,560482,7,3176,2,14400,1.00220403023
557342,557348,560156,6,2808,2,14400,1.00213675214
557393,557399,560672,6,3273,2,14400,1.00183318057
557414,557421,560301,7,2880,2,14400,1.00243055556
557436,557442,560447,6,3005,2,14400,1.00199667221
557484,557490,560569,6,3079,2,14400,1.00194868464
557523,557529,560570,6,3041,2,14400,1.00197303519
557541,557547,560529,6,2982,2,14400,1.00201207243
557556,557562,560322,6,2760,2,14400,1.00217391304
557583,557591,560510,8,2919,2,14400,1.00274066461
557617,557623,560356,6,2733,2,14400,1.00219538968
557702,557709,560993,7,3284,2,14400,1.00213154689
557741,557747,560509,6,2762,2,14400,1.00217233888
557938,557945,560581,7,2636,2,14400,1.00265553869
557953,557960,560844,7,2884,2,14400,1.00242718447
558131,558139,560991,8,2852,2,14400,1.00280504909
558545,558552,561220,7,2668,2,14400,1.00262368816
558769,558776,561625,7,2849,2,14400,1.00245700246
558818,558824,561733,6,2909,2,14400,1.00206256446
559035,559041,562329,6,3288,2,14400,1.00182481752
559050,559056,562109,6,3053,2,14400,1.00196528005
559168,559174,562258,6,3084,2,14400,1.00194552529
559437,559443,562330,6,2887,2,14400,1.00207828195
559455,559462,562288,7,2826,2,14400,1.00247699929
559470,559477,562814,7,3337,2,14400,1.00209769254
559591,559914,626247,323,66333,3,360000,1.0048693712
559717,559723,562836,6,3113,2,14400,1.00192740122
559844,562799,566110,2955,3311,2,14400,1.89247961341
559883,562822,565923,2939,3101,2,14400,1.94775878749
559904,562829,565970,2925,3141,2,14400,1.93123209169
559922,562846,566112,2924,3266,2,14400,1.89528475199
559937,562853,565809,2916,2956,2,14400,1.98646820027
559977,562919,565961,2942,3042,2,14400,1.9671268902
559992,562985,565808,2993,2823,2,14400,2.06021962451
560013,563052,566188,3039,3136,2,14400,1.96906887755
560028,563118,566112,3090,2994,2,14400,2.03206412826
560158,563184,565976,3026,2792,2,14400,2.08381088825
560218,563251,566324,3033,3073,2,14400,1.98698340384
560248,563317,566238,3069,2921,2,14400,2.0506675796
560279,563384,566376,3105,2992,2,14400,2.03776737968
560304,563448,566484,3144,3036,2,14400,2.03557312253
560319,563514,566472,3195,2958,2,14400,2.08012170385
560334,563536,566541,3202,3005,2,14400,2.06555740433
560349,563602,566633,3253,3031,2,14400,2.07324315407
560364,563608,566280,3244,2672,2,14400,2.21407185629
560448,563675,566673,3227,2998,2,14400,2.07638425617
560484,563680,566572,3196,2892,2,14400,2.1051175657
560512,563746,566531,3234,2785,2,14400,2.16122082585
560513,563752,566778,3239,3026,2,14400,2.07038995373
560531,563818,566842,3287,3024,2,14400,2.08697089947
560571,563824,566988,3253,3164,2,14400,2.0281289507
560572,563891,567057,3319,3166,2,14400,2.04832596336
560587,563896,567267,3309,3371,2,14400,1.9816078315
560675,563962,566798,3287,2836,2,14400,2.15902679831
560847,563968,566828,3121,2860,2,14400,2.09125874126
560976,560983,705201,7,144218,6,604800,1.00004853763
560992,564034,567050,3042,3016,2,14400,2.00862068966
561007,564040,567075,3033,3035,2,14400,1.99934102142
561186,561192,561195,6,3,1,18000,1.0
561222,564106,567081,2884,2975,2,14400,1.96941176471
561626,564112,566856,2486,2744,2,14400,1.90597667638
561735,564130,567137,2395,3007,2,14400,1.79647489192
562109,564136,567087,2027,2951,2,14400,1.68688580142
562260,564203,567116,1943,2913,2,14400,1.66700995537
562288,564208,567464,1920,3256,2,14400,1.58968058968
562330,564275,567378,1945,3103,2,14400,1.62681276184
562332,564280,567517,1948,3237,2,14400,1.60179178251
562815,564347,567113,1532,2766,2,14400,1.55386840202
562839,564352,567242,1513,2890,2,14400,1.52352941176
564423,565831,583851,1408,18020,1,18000,1.07813540511
565812,565819,568964,7,3145,2,14400,1.00222575517
565813,565826,568820,13,2994,2,14400,1.00434201737
565925,565931,569073,6,3142,2,14400,1.00190961171
565964,565971,568881,7,2910,2,14400,1.00240549828
565979,565986,569125,7,3139,2,14400,1.00223000956
565981,565993,569173,12,3180,2,14400,1.00377358491
566111,566118,569224,7,3106,2,14400,1.00225370251
566126,566134,569069,8,2935,2,14400,1.00272572402
566128,566139,569327,11,3188,2,14400,1.00345043915
566188,566194,569207,6,3013,2,14400,1.00199137073
566240,566246,569314,6,3068,2,14400,1.00195567145
566282,566288,569513,6,3225,2,14400,1.00186046512
566327,566333,569402,6,3069,2,14400,1.00195503421
566379,566385,569595,6,3210,2,14400,1.00186915888
566475,566481,569514,6,3033,2,14400,1.00197823937
566490,566496,569367,6,2871,2,14400,1.00208986416
566533,566540,569741,7,3201,2,14400,1.00218681662
566548,566554,569966,6,3412,2,14400,1.00175849941
566575,566582,569709,7,3127,2,14400,1.00223856732
566635,566648,569454,13,2806,2,14400,1.00463292944
566674,566682,569435,8,2753,2,14400,1.00290592081
566780,566787,569937,7,3150,2,14400,1.00222222222
566799,566805,569799,6,2994,2,14400,1.00200400802
566829,566836,569850,7,3014,2,14400,1.00232249502
566844,566850,569906,6,3056,2,14400,1.00196335079
566859,566866,569898,7,3032,2,14400,1.00230870712
566989,566996,569777,7,2781,2,14400,1.00251708019
567053,567060,570217,7,3157,2,14400,1.0022172949
567068,567074,570208,6,3134,2,14400,1.00191448628
567083,567089,570239,6,3150,2,14400,1.0019047619
567085,567096,570370,11,3274,2,14400,1.00335980452
567099,567107,570088,8,2981,2,14400,1.0026836632
567115,567121,570246,6,3125,2,14400,1.00192
567130,567136,570098,6,2962,2,14400,1.00202565834
567144,567152,570410,8,3258,2,14400,1.00245549417
567244,567251,570183,7,2932,2,14400,1.00238744884
567269,567275,570066,6,2791,2,14400,1.00214976711
567381,567388,570176,7,2788,2,14400,1.0025107604
567465,567472,570732,7,3260,2,14400,1.00214723926
567520,567526,570339,6,2813,2,14400,1.00213295414
568822,568828,572034,6,3206,2,14400,1.00187149095
568882,568894,571925,12,3031,2,14400,1.00395908941
568967,568973,571978,6,3005,2,14400,1.00199667221
569070,569077,572095,7,3018,2,14400,1.00231941683
569085,569091,572325,6,3234,2,14400,1.00185528757
569127,569134,572218,7,3084,2,14400,1.00226977951
569175,569183,571793,8,2610,2,14400,1.0030651341
569209,569216,572128,7,2912,2,14400,1.00240384615
569227,569234,572437,7,3203,2,14400,1.00218545114
569314,569321,572347,7,3026,2,14400,1.00231328486
569329,569337,572331,8,2994,2,14400,1.00267201069
569369,569376,572499,7,3123,2,14400,1.00224143452
569405,569411,572623,6,3212,2,14400,1.00186799502
569435,569442,572225,7,2783,2,14400,1.00251527129
569456,569463,572156,7,2693,2,14400,1.0025993316
569514,569521,572456,7,2935,2,14400,1.00238500852
569515,569528,572609,13,3081,2,14400,1.00421940928
569597,569605,572500,8,2895,2,14400,1.00276338515
569709,569716,572767,7,3051,2,14400,1.00229432973
569743,569750,572833,7,3083,2,14400,1.00227051573
569779,569786,573005,7,3219,2,14400,1.00217458838
569800,569807,572774,7,2967,2,14400,1.00235928547
569851,569859,572718,8,2859,2,14400,1.00279818118
569900,569906,572728,6,2822,2,14400,1.00212615167
569915,569922,572609,7,2687,2,14400,1.00260513584
569939,569946,572791,7,2845,2,14400,1.00246045694
569969,569975,573117,6,3142,2,14400,1.00190961171
570069,570076,573121,7,3045,2,14400,1.00229885057
570090,570096,573237,6,3141,2,14400,1.00191021968
570105,570111,573246,6,3135,2,14400,1.0019138756
570177,570184,573153,7,2969,2,14400,1.00235769619
570192,570198,573045,6,2847,2,14400,1.00210748156
570210,570216,573306,6,3090,2,14400,1.00194174757
570225,570231,573329,6,3098,2,14400,1.00193673338
570240,570246,573319,6,3073,2,14400,1.00195248942
570256,570264,573266,8,3002,2,14400,1.00266489007
570341,570347,573252,6,2905,2,14400,1.00206540448
570371,570379,573177,8,2798,2,14400,1.00285918513
570412,570419,573478,7,3059,2,14400,1.00228832952
570709,800850,815051,230141,14201,64,21600,17.2059714105
570736,570742,573815,6,3073,2,14400,1.00195248942
570928,583288,585721,12360,2433,8,7200,6.08014796547
571793,571800,574855,7,3055,2,14400,1.0022913257
571926,571933,574914,7,2981,2,14400,1.0023482053
571980,571988,575163,8,3175,2,14400,1.00251968504
572038,572045,575245,7,3200,2,14400,1.0021875
572095,572101,575166,6,3065,2,14400,1.00195758564
572128,572134,575354,6,3220,2,14400,1.00186335404
572159,572171,575232,12,3061,2,14400,1.00392028749
572219,572226,575446,7,3220,2,14400,1.00217391304
572234,572240,575097,6,2857,2,14400,1.00210010501
572327,572335,575038,8,2703,2,14400,1.00295967444
572343,572349,575555,6,3206,2,14400,1.00187149095
572358,572365,575669,7,3304,2,14400,1.00211864407
572423,675764,680075,103341,4311,25,7200,24.9714683368
572439,572447,575436,8,2989,2,14400,1.00267648043
572457,572464,575904,7,3440,2,14400,1.00203488372
572500,572506,575508,6,3002,2,14400,1.00199866755
572501,572513,575542,12,3029,2,14400,1.00396170353
572611,572617,575557,6,2940,2,14400,1.00204081633
572612,572623,575629,11,3006,2,14400,1.00365934797
572627,572634,575661,7,3027,2,14400,1.00231252065
572718,572725,576018,7,3293,2,14400,1.00212572123
572733,572740,575756,7,3016,2,14400,1.00232095491
572769,572776,575789,7,3013,2,14400,1.00232326585
572784,572791,575925,7,3134,2,14400,1.00223356733
572799,572806,575709,7,2903,2,14400,1.00241129866
572835,572844,575911,9,3067,2,14400,1.00293446365
573008,573014,576155,6,3141,2,14400,1.00191021968
573047,573054,576103,7,3049,2,14400,1.0022958347
573120,573126,576217,6,3091,2,14400,1.00194111938
573135,573142,576194,7,3052,2,14400,1.00229357798
573156,573162,576113,6,2951,2,14400,1.00203320908
573177,573185,576299,8,3114,2,14400,1.00256904303
573238,573245,576517,7,3272,2,14400,1.0021393643
573253,573259,576536,6,3277,2,14400,1.00183094294
573254,573266,576340,12,3074,2,14400,1.00390370852
573269,573276,576323,7,3047,2,14400,1.00229734165
573309,573316,576463,7,3147,2,14400,1.00222434064
573324,573330,576205,6,2875,2,14400,1.00208695652
573339,573346,576248,7,2902,2,14400,1.00241212957
573481,573487,576548,6,3061,2,14400,1.00196014374
573817,573823,577173,6,3350,2,14400,1.00179104478
574856,574863,575310,7,447,2,14400,1.01565995526
574916,574923,578186,7,3263,2,14400,1.00214526509
575040,575048,578147,8,3099,2,14400,1.0025814779
575098,575105,578289,7,3184,2,14400,1.00219849246
575164,575171,578180,7,3009,2,14400,1.00232635427
575179,575185,577993,6,2808,2,14400,1.00213675214
575234,575241,578327,7,3086,2,14400,1.00226830849
575249,575256,577819,7,2563,2,14400,1.0027311744
575312,575318,578405,6,3087,2,14400,1.0019436346
575358,575365,578534,7,3169,2,14400,1.00220889871
575439,575446,578421,7,2975,2,14400,1.00235294118
575454,575460,578318,6,2858,2,14400,1.00209937019
575508,575515,578513,7,2998,2,14400,1.00233488993
575545,575551,578729,6,3178,2,14400,1.00188797986
575560,575567,578511,7,2944,2,14400,1.00237771739
575561,575574,578511,13,2937,2,14400,1.00442628533
575631,575638,578681,7,3043,2,14400,1.00230036149
575662,575668,578665,6,2997,2,14400,1.002002002
575677,575683,579042,6,3359,2,14400,1.00178624591
575710,575717,578787,7,3070,2,14400,1.00228013029
575758,575765,579052,7,3287,2,14400,1.00212960146
575792,575799,578872,7,3073,2,14400,1.00227790433
575907,575914,578982,7,3068,2,14400,1.00228161669
575921,575927,579169,6,3242,2,14400,1.00185070944
575936,575942,579151,6,3209,2,14400,1.00186974135
576021,576028,579124,7,3096,2,14400,1.00226098191
576106,576113,579031,7,2918,2,14400,1.00239890336
576121,576127,578784,6,2657,2,14400,1.00225818592
576157,576163,579202,6,3039,2,14400,1.00197433366
576197,576203,579080,6,2877,2,14400,1.00208550574
576212,576219,579326,7,3107,2,14400,1.00225297715
576227,576234,579412,7,3178,2,14400,1.00220264317
576251,576257,579214,6,2957,2,14400,1.00202908353
576302,576310,579305,8,2995,2,14400,1.00267111853
576323,576330,579279,7,2949,2,14400,1.002373686
576342,576349,579548,7,3199,2,14400,1.00218818381
576466,576472,579576,6,3104,2,14400,1.00193298969
576520,576527,579512,7,2985,2,14400,1.00234505863
576538,576545,579532,7,2987,2,14400,1.00234348845
576553,576560,579607,7,3047,2,14400,1.00229734165
576799,578526,794549,1727,216023,4,216000,1.0079945191
577176,577183,580288,7,3105,2,14400,1.00225442834
577823,577830,580906,7,3076,2,14400,1.0022756827
577995,578001,581074,6,3073,2,14400,1.00195248942
578149,578155,581159,6,3004,2,14400,1.00199733688
578182,578189,581364,7,3175,2,14400,1.00220472441
578197,578203,581270,6,3067,2,14400,1.0019563091
578291,578303,581154,12,2851,2,14400,1.00420904946
578321,578328,581305,7,2977,2,14400,1.00235136043
578336,578342,581212,6,2870,2,14400,1.00209059233
578406,578413,581244,7,2831,2,14400,1.00247262451
578424,578430,581338,6,2908,2,14400,1.00206327373
578512,578519,581650,7,3131,2,14400,1.00223570744
578513,578531,581577,18,3046,2,14400,1.00590938936
578528,578537,581982,9,3445,2,14400,1.00261248186
578543,578550,581701,7,3151,2,14400,1.00222151698
578667,578673,581723,6,3050,2,14400,1.00196721311
578682,578692,581789,10,3097,2,14400,1.00322893122
578731,578737,581758,6,3021,2,14400,1.00198609732
578786,578792,581526,6,2734,2,14400,1.00219458669
578800,578807,581687,7,2880,2,14400,1.00243055556
578873,578880,581716,7,2836,2,14400,1.00246826516
578985,578991,582057,6,3066,2,14400,1.00195694716
579034,579041,582225,7,3184,2,14400,1.00219849246
579049,579055,582193,6,3138,2,14400,1.00191204589
579064,579070,582126,6,3056,2,14400,1.00196335079
579082,579089,582158,7,3069,2,14400,1.00228087325
579127,579134,582156,7,3022,2,14400,1.00231634679
579155,579162,581700,7,2538,2,14400,1.00275807723
579170,579176,582165,6,2989,2,14400,1.00200736032
579203,579210,582439,7,3229,2,14400,1.00216785382
579218,579224,582209,6,2985,2,14400,1.00201005025
579281,579288,582560,7,3272,2,14400,1.0021393643
579305,579313,582354,8,3041,2,14400,1.00263071358
579327,579333,582690,6,3357,2,14400,1.0017873101
579414,579420,582527,6,3107,2,14400,1.00193112327
579514,579520,582525,6,3005,2,14400,1.00199667221
579532,579539,582447,7,2908,2,14400,1.00240715268
579550,579557,582593,7,3036,2,14400,1.00230566535
579578,579584,582570,6,2986,2,14400,1.00200937709
579608,579614,582563,6,2949,2,14400,1.002034588
580288,580294,583384,6,3090,2,14400,1.00194174757
580908,580915,584109,7,3194,2,14400,1.00219160927
581077,581083,584124,6,3041,2,14400,1.00197303519
581156,581163,584138,7,2975,2,14400,1.00235294118
581170,581177,584414,7,3237,2,14400,1.00216249614
581213,581220,584057,7,2837,2,14400,1.00246739514
581246,581253,584120,7,2867,2,14400,1.00244157656
581273,581281,584090,8,2809,2,14400,1.00284798861
581307,581314,584411,7,3097,2,14400,1.00226025186
581340,581346,584589,6,3243,2,14400,1.00185013876
581367,581374,584472,7,3098,2,14400,1.00225952227
581525,581531,584743,6,3212,2,14400,1.00186799502
581579,581586,584536,7,2950,2,14400,1.00237288136
581652,581659,584648,7,2989,2,14400,1.00234192037
581688,581695,584446,7,2751,2,14400,1.00254452926
581703,581709,584838,6,3129,2,14400,1.00191754554
581704,581716,584855,12,3139,2,14400,1.00382287353
581719,581726,584575,7,2849,2,14400,1.00245700246
581734,581741,584768,7,3027,2,14400,1.00231252065
581759,581765,584537,6,2772,2,14400,1.00216450216
581792,581799,584696,7,2897,2,14400,1.00241629272
581982,581988,584971,6,2983,2,14400,1.00201139792
582058,582065,585158,7,3093,2,14400,1.00226317491
582128,582135,585051,7,2916,2,14400,1.0024005487
582158,582164,585292,6,3128,2,14400,1.00191815857
582160,582172,585236,12,3064,2,14400,1.00391644909
582175,582181,585051,6,2870,2,14400,1.00209059233
582196,582203,585153,7,2950,2,14400,1.00237288136
582211,582217,585131,6,2914,2,14400,1.00205902539
582226,582233,585135,7,2902,2,14400,1.00241212957
582356,582363,585513,7,3150,2,14400,1.00222222222
582441,582448,585901,7,3453,2,14400,1.0020272227
582456,582463,585508,7,3045,2,14400,1.00229885057
582526,582533,585439,7,2906,2,14400,1.00240880936
582541,582547,585529,6,2982,2,14400,1.00201207243
582562,582568,585468,6,2900,2,14400,1.00206896552
582577,582583,585641,6,3058,2,14400,1.00196206671
582578,582589,585630,11,3041,2,14400,1.00361723117
582597,582604,585420,7,2816,2,14400,1.00248579545
582690,582697,585677,7,2980,2,14400,1.00234899329
583386,583393,586394,7,3001,2,14400,1.00233255581
584059,584066,587373,7,3307,2,14400,1.0021167221
584093,584100,587353,7,3253,2,14400,1.00215185982
584111,584117,587304,6,3187,2,14400,1.00188264826
584126,584133,587312,7,3179,2,14400,1.0022019503
584127,584139,587138,12,2999,2,14400,1.00400133378
584142,584148,587334,6,3186,2,14400,1.00188323917
584414,584420,587460,6,3040,2,14400,1.00197368421
584416,584427,587355,11,2928,2,14400,1.0037568306
584449,584456,587543,7,3087,2,14400,1.0022675737
584473,584480,587243,7,2763,2,14400,1.0025334781
584537,584544,587489,7,2945,2,14400,1.00237691002
584538,584551,587747,13,3196,2,14400,1.00406758448
584578,584584,587741,6,3157,2,14400,1.00190053849
584593,584600,587526,7,2926,2,14400,1.0023923445
584650,584658,587802,8,3144,2,14400,1.00254452926
584699,584706,587827,7,3121,2,14400,1.00224287087
584744,584751,587812,7,3061,2,14400,1.00228683437
584750,584758,606361,8,21603,2,21600,1.00037031894
584768,584775,587903,7,3128,2,14400,1.00223785166
584841,584847,587910,6,3063,2,14400,1.00195886386
584856,584862,587974,6,3112,2,14400,1.00192802057
584974,584980,587929,6,2949,2,14400,1.002034588
585053,585060,588303,7,3243,2,14400,1.00215849522
585055,585067,588328,12,3261,2,14400,1.00367985281
585133,585141,587809,8,2668,2,14400,1.00299850075
585149,585156,588230,7,3074,2,14400,1.00227716331
585164,585171,588145,7,2974,2,14400,1.00235373235
585165,585177,588144,12,2967,2,14400,1.00404448938
585238,585245,588186,7,2941,2,14400,1.00238014281
585296,585302,588332,6,3030,2,14400,1.00198019802
585423,585429,588553,6,3124,2,14400,1.0019206146
585441,585448,588406,7,2958,2,14400,1.00236646383
585471,585478,588430,7,2952,2,14400,1.00237127371
585511,585517,588502,6,2985,2,14400,1.00201005025
585526,585532,588562,6,3030,2,14400,1.00198019802
585541,585547,588716,6,3169,2,14400,1.00189334175
585632,585639,588753,7,3114,2,14400,1.00224791265
585647,585654,588725,7,3071,2,14400,1.00227938782
585680,585687,588878,7,3191,2,14400,1.0021936697
585904,585910,589011,6,3101,2,14400,1.00193485972
586397,586403,589297,6,2894,2,14400,1.00207325501
587140,587146,589955,6,2809,2,14400,1.00213599146
587246,587253,590317,7,3064,2,14400,1.0022845953
587307,587314,590371,7,3057,2,14400,1.00228982663
587322,587329,590510,7,3181,2,14400,1.00220056586
587337,587343,590417,6,3074,2,14400,1.00195185426
587355,587362,590457,7,3095,2,14400,1.00226171244
587356,587369,590365,13,2996,2,14400,1.00433911883
587376,587382,590189,6,2807,2,14400,1.00213751336
587461,587468,590461,7,2993,2,14400,1.00233879051
587491,587497,590496,6,2999,2,14400,1.00200066689
587527,587534,590395,7,2861,2,14400,1.00244669696
587545,587551,590324,6,2773,2,14400,1.0021637216
587742,587749,590778,7,3029,2,14400,1.00231099373
587757,587764,590620,7,2856,2,14400,1.00245098039
587802,587809,590999,7,3190,2,14400,1.00219435737
587817,587823,590870,6,3047,2,14400,1.00196914998
587819,587829,591182,10,3353,2,14400,1.00298240382
587834,587842,590896,8,3054,2,14400,1.00261951539
587904,587911,590965,7,3054,2,14400,1.00229207597
587919,587926,591173,7,3247,2,14400,1.00215583616
587934,587940,590877,6,2937,2,14400,1.00204290092
587976,587983,591253,7,3270,2,14400,1.00214067278
588146,588153,591034,7,2881,2,14400,1.00242971191
588147,588160,591105,13,2945,2,14400,1.00441426146
588187,588194,591174,7,2980,2,14400,1.00234899329
588232,588238,591466,6,3228,2,14400,1.00185873606
588244,588251,588252,7,1,1,2110,1.0
588305,588312,591274,7,2962,2,14400,1.00236326806
588329,588335,591293,6,2958,2,14400,1.00202839757
588343,588350,588351,7,1,1,2110,1.0
588344,588357,591608,13,3251,2,14400,1.00399876961
588407,588414,591321,7,2907,2,14400,1.00240798074
588432,588438,591344,6,2906,2,14400,1.00206469374
588501,588508,591719,7,3211,2,14400,1.00218000623
588555,588562,591882,7,3320,2,14400,1.00210843373
588570,588578,591549,8,2971,2,14400,1.00269269606
588719,588726,591996,7,3270,2,14400,1.00214067278
588734,588741,591842,7,3101,2,14400,1.00225733634
588755,588761,591705,6,2944,2,14400,1.00203804348
588879,588886,592042,7,3156,2,14400,1.00221799747
589012,589018,592413,6,3395,2,14400,1.00176730486
589299,589305,592192,6,2887,2,14400,1.00207828195
589955,589962,592755,7,2793,2,14400,1.00250626566
590191,590197,593253,6,3056,2,14400,1.00196335079
590321,590328,593003,7,2675,2,14400,1.00261682243
590336,590343,593177,7,2834,2,14400,1.00247000706
590366,590372,593471,6,3099,2,14400,1.00193610842
590381,590388,593574,7,3186,2,14400,1.00219711237
590396,590403,593512,7,3109,2,14400,1.00225152782
590418,590424,593564,6,3140,2,14400,1.00191082803
590419,590430,590438,11,8,1,2110,1.9
590457,590463,593307,6,2844,2,14400,1.00210970464
590472,590479,593501,7,3022,2,14400,1.00231634679
590499,590506,593641,7,3135,2,14400,1.00223285486
590514,590521,593725,7,3204,2,14400,1.00218476904
590623,590630,593617,7,2987,2,14400,1.00234348845
590780,590786,593586,6,2800,2,14400,1.00214285714
590871,590878,593575,7,2697,2,14400,1.00259547646
590886,590893,593453,7,2560,2,14400,1.002734375
590901,590907,594025,6,3118,2,14400,1.00192431046
590968,590974,593863,6,2889,2,14400,1.0020768432
591001,591007,594117,6,3110,2,14400,1.00192926045
591037,591043,594361,6,3318,2,14400,1.00180831826
591107,591113,593759,6,2646,2,14400,1.0022675737
591177,591183,594145,6,2962,2,14400,1.00202565834
591178,591190,594301,12,3111,2,14400,1.00385728062
591194,591200,594151,6,2951,2,14400,1.00203320908
591254,591262,594426,8,3164,2,14400,1.00252844501
591276,591282,594212,6,2930,2,14400,1.00204778157
591294,591300,594225,6,2925,2,14400,1.00205128205
591312,591319,591320,7,1,2,3540,1.0
591324,591330,594380,6,3050,2,14400,1.00196721311
591345,591352,594385,7,3033,2,14400,1.00230794593
591409,591416,591425,7,9,1,2110,1.6
591410,591423,591432,13,9,1,2110,2.2
591411,591428,591438,17,10,1,2110,2.7
591466,591472,594361,6,2889,2,14400,1.0020768432
591551,591557,594797,6,3240,2,14400,1.00185185185
591611,591618,594754,7,3136,2,14400,1.00223214286
591708,591714,594929,6,3215,2,14400,1.00186625194
591723,591731,594873,8,3142,2,14400,1.00254614895
591845,591852,595133,7,3281,2,14400,1.00213349589
591884,591891,594970,7,3079,2,14400,1.00227346541
591999,592006,595286,7,3280,2,14400,1.00213414634
592044,592050,594946,6,2896,2,14400,1.0020718232
592193,592200,595395,7,3195,2,14400,1.00219092332
592416,592424,595657,8,3233,2,14400,1.00247448191
592533,592803,652386,270,59583,5,604800,1.00453149388
592561,593524,653614,963,60090,5,604800,1.01602596106
592582,592588,592614,6,26,1,2110,1.23076923077
592582,593588,663869,1006,70281,5,604800,1.01431396821
592632,618621,642051,25989,23430,10,604800,2.10921895006
592647,642063,682601,49416,40538,10,604800,2.21900439094
592699,653625,693708,60926,40083,10,604800,2.51999600828
592719,656326,679600,63607,23274,10,604800,3.73296382229
592752,592758,595943,6,3185,2,14400,1.00188383046
592851,605569,673516,12718,67947,5,604800,1.18717529839
592875,639135,680304,46260,41169,5,604800,2.12366100707
593006,593013,595707,7,2694,2,14400,1.00259836674
593179,593186,596288,7,3102,2,14400,1.00225660864
593254,593260,596211,6,2951,2,14400,1.00203320908
593309,593315,596130,6,2815,2,14400,1.00213143872
593457,593463,596537,6,3074,2,14400,1.00195185426
593472,593478,596222,6,2744,2,14400,1.00218658892
593502,593509,596452,7,2943,2,14400,1.00237852531
593517,593529,596297,12,2768,2,14400,1.00433526012
593566,593573,596506,7,2933,2,14400,1.00238663484
593582,593595,596914,13,3319,2,14400,1.00391684242
593583,593600,596764,17,3164,2,14400,1.00537294564
593598,593607,596522,9,2915,2,14400,1.00308747856
593619,593627,596497,8,2870,2,14400,1.00278745645
593644,593651,596453,7,2802,2,14400,1.00249821556
593728,593735,596583,7,2848,2,14400,1.00245786517
593762,593768,596635,6,2867,2,14400,1.00209277991
593865,593872,596723,7,2851,2,14400,1.00245527885
594028,594034,596821,6,2787,2,14400,1.00215285253
594028,594042,729013,14,134971,1,504000,1.00010372599
594119,594126,597310,7,3184,2,14400,1.00219849246
594147,594154,597160,7,3006,2,14400,1.00232867598
594162,594169,597198,7,3029,2,14400,1.00231099373
594214,594220,597272,6,3052,2,14400,1.00196592398
594229,594236,597238,7,3002,2,14400,1.00233177881
594304,594311,597413,7,3102,2,14400,1.00225660864
594362,594372,597472,10,3100,2,14400,1.00322580645
594363,594378,597681,15,3303,2,14400,1.00454132607
594381,594389,597543,8,3154,2,14400,1.00253646164
594396,594403,597201,7,2798,2,14400,1.00250178699
594427,594434,597203,7,2769,2,14400,1.00252798844
594757,594764,597771,7,3007,2,14400,1.00232790156
594799,594806,597745,7,2939,2,14400,1.0023817625
594875,594881,597976,6,3095,2,14400,1.00193861066
594932,594938,597953,6,3015,2,14400,1.00199004975
594947,594954,598002,7,3048,2,14400,1.00229658793
594971,594978,598099,7,3121,2,14400,1.00224287087
595135,595141,597965,6,2824,2,14400,1.00212464589
595289,595296,598320,7,3024,2,14400,1.00231481481
595398,595405,598078,7,2673,2,14400,1.0026187804
595658,595664,598719,6,3055,2,14400,1.00196399345
595709,595715,598886,6,3171,2,14400,1.00189214759
595945,595952,598922,7,2970,2,14400,1.00235690236
596133,596139,599503,6,3364,2,14400,1.00178359096
596211,596217,599081,6,2864,2,14400,1.00209497207
596226,596232,599074,6,2842,2,14400,1.0021111893
596289,596297,599548,8,3251,2,14400,1.0024607813
596304,596310,599396,6,3086,2,14400,1.00194426442
596389,597214,639123,825,41909,4,54000,1.01968550908
596453,596459,599626,6,3167,2,14400,1.00189453742
596468,596474,599222,6,2748,2,14400,1.00218340611
596498,596504,599550,6,3046,2,14400,1.00196979645
596513,596520,599564,7,3044,2,14400,1.00229960578
596528,596535,599496,7,2961,2,14400,1.00236406619
596543,596549,599566,6,3017,2,14400,1.00198873053
596586,596592,599650,6,3058,2,14400,1.00196206671
596637,596643,599369,6,2726,2,14400,1.00220102715
596725,596732,600081,7,3349,2,14400,1.00209017617
596767,596773,599955,6,3182,2,14400,1.00188560654
596822,596828,599598,6,2770,2,14400,1.00216606498
596915,596922,599813,7,2891,2,14400,1.00242130751
597161,597168,600455,7,3287,2,14400,1.00212960146
597200,597207,600437,7,3230,2,14400,1.00216718266
597216,597224,600217,8,2993,2,14400,1.00267290344
597218,597229,600244,11,3015,2,14400,1.00364842454
597239,597246,600190,7,2944,2,14400,1.00237771739
597272,597280,600448,8,3168,2,14400,1.00252525253
597312,597319,600115,7,2796,2,14400,1.00250357654
597414,597422,600684,8,3262,2,14400,1.00245248314
597475,597481,600140,6,2659,2,14400,1.0022564874
597545,597551,600654,6,3103,2,14400,1.00193361263
597684,597691,600431,7,2740,2,14400,1.00255474453
597747,597754,600748,7,2994,2,14400,1.00233800935
597772,597778,600573,6,2795,2,14400,1.00214669052
597953,597960,600891,7,2931,2,14400,1.00238826339
597968,597974,601127,6,3153,2,14400,1.00190294957
597983,597989,601082,6,3093,2,14400,1.00193986421
598004,598012,600963,8,2951,2,14400,1.00271094544
598080,598087,601180,7,3093,2,14400,1.00226317491
598101,598107,601393,6,3286,2,14400,1.00182592818
598322,598329,601179,7,2850,2,14400,1.00245614035
598721,598729,601902,8,3173,2,14400,1.00252127324
598888,598895,602261,7,3366,2,14400,1.00207961973
598925,598931,602146,6,3215,2,14400,1.00186625194
599076,599083,601883,7,2800,2,14400,1.0025
599091,599098,602202,7,3104,2,14400,1.00225515464
599225,599231,602282,6,3051,2,14400,1.00196656834
599251,601194,804702,1943,203508,6,604800,1.00954753621
599370,599376,602448,6,3072,2,14400,1.001953125
599397,599404,602402,7,2998,2,14400,1.00233488993
599430,599437,843799,7,244362,1,604800,1.00002864603
599497,599503,602567,6,3064,2,14400,1.00195822454
599512,599518,602617,6,3099,2,14400,1.00193610842
599551,599558,602628,7,3070,2,14400,1.00228013029
599553,599566,602664,13,3098,2,14400,1.00419625565
599568,599574,602557,6,2983,2,14400,1.00201139792
599570,599581,602740,11,3159,2,14400,1.00348211459
599600,599607,602298,7,2691,2,14400,1.00260126347
599627,599633,602602,6,2969,2,14400,1.00202088245
599648,599654,602689,6,3035,2,14400,1.00197693575
599815,599827,603199,12,3372,2,14400,1.00355871886
599957,599964,603021,7,3057,2,14400,1.00228982663
600082,600088,603402,6,3314,2,14400,1.00181050091
600118,600124,603394,6,3270,2,14400,1.00183486239
600142,600148,603107,6,2959,2,14400,1.00202771206
600191,600197,603062,6,2865,2,14400,1.00209424084
600218,600224,603074,6,2850,2,14400,1.00210526316
600245,600251,603157,6,2906,2,14400,1.00206469374
600433,600439,603664,6,3225,2,14400,1.00186046512
600448,600454,603617,6,3163,2,14400,1.00189693329
600463,600470,603437,7,2967,2,14400,1.00235928547
600464,600477,603720,13,3243,2,14400,1.00400863398
600573,600579,603701,6,3122,2,14400,1.00192184497
600655,600662,603758,7,3096,2,14400,1.00226098191
600685,600692,603635,7,2943,2,14400,1.00237852531
600749,600756,603769,7,3013,2,14400,1.00232326585
600894,600901,603867,7,2966,2,14400,1.00236008092
600964,600971,603967,7,2996,2,14400,1.0023364486
601085,601092,604055,7,2963,2,14400,1.00236247047
601130,601137,604006,7,2869,2,14400,1.00243987452
601182,601199,604230,17,3031,2,14400,1.00560871
601183,601204,604109,21,2905,2,14400,1.00722891566
601395,601402,604519,7,3117,2,14400,1.00224574912
601884,601892,604955,8,3063,2,14400,1.00261181848
601903,601909,604767,6,2858,2,14400,1.00209937019
602147,602154,605258,7,3104,2,14400,1.00225515464
602174,602181,602191,7,10,2,3540,1.7
602205,602212,604916,7,2704,2,14400,1.0025887574
602262,602269,605465,7,3196,2,14400,1.0021902378
602284,602290,605306,6,3016,2,14400,1.00198938992
602302,602308,605557,6,3249,2,14400,1.00184672207
602405,602411,605563,6,3152,2,14400,1.0019035533
602450,602457,605644,7,3187,2,14400,1.00219642297
602559,602566,605594,7,3028,2,14400,1.00231175694
602574,602581,605785,7,3204,2,14400,1.00218476904
602604,602611,605644,7,3033,2,14400,1.00230794593
602619,602626,605845,7,3219,2,14400,1.00217458838
602634,602640,605757,6,3117,2,14400,1.00192492782
602664,602670,605492,6,2822,2,14400,1.00212615167
602691,602698,605547,7,2849,2,14400,1.00245700246
602743,602749,605903,6,3154,2,14400,1.00190234623
603024,603032,606010,8,2978,2,14400,1.00268636669
603064,603070,606200,6,3130,2,14400,1.00191693291
603079,603085,606377,6,3292,2,14400,1.00182260024
603111,603118,606306,7,3188,2,14400,1.002195734
603160,603166,606291,6,3125,2,14400,1.00192
603199,603207,606289,8,3082,2,14400,1.00259571707
603397,603403,606216,6,2813,2,14400,1.00213295414
603412,603419,606335,7,2916,2,14400,1.0024005487
603439,603446,606599,7,3153,2,14400,1.00222010783
603609,603649,603826,40,177,2,3540,1.22598870056
603618,603624,606443,6,2819,2,14400,1.00212841433
603636,603642,606783,6,3141,2,14400,1.00191021968
603666,603673,606664,7,2991,2,14400,1.0023403544
603703,603709,606559,6,2850,2,14400,1.00210526316
603721,603727,606660,6,2933,2,14400,1.00204568701
603760,603767,606695,7,2928,2,14400,1.00239071038
603775,603781,606658,6,2877,2,14400,1.00208550574
603869,603875,606708,6,2833,2,14400,1.00211789622
603969,603976,607140,7,3164,2,14400,1.00221238938
604008,604014,607000,6,2986,2,14400,1.00200937709
604057,604064,607213,7,3149,2,14400,1.00222292791
604111,604117,607277,6,3160,2,14400,1.00189873418
604229,617829,618609,13600,780,8,3540,18.4358974359
604233,604240,607258,7,3018,2,14400,1.00231941683
604517,604524,607308,7,2784,2,14400,1.00251436782
604768,604777,607847,9,3070,2,14400,1.00293159609
